ID,insum,outsum,diff
100000001,730,463,267
100000002,1877,654,1223
100000003,10239,2079,8160
100000004,1944,750,1194
100000005,2142,2266,-124
100000006,290,89,201
100000007,993,377,616
100000008,207,672,-465
100000009,381,173,208
100000010,15,39,-24
100000011,324,65,259
100000012,29,811,-782
100000013,19,162,-143
100000014,496,387,109
100000015,1287,1032,255
100000016,1107,1546,-439
100000017,858,1122,-264
100000018,1344,532,812
100000019,5951,1621,4330
100000020,2038,3821,-1783
100000021,8547,2065,6482
100000022,1714,794,920
100000023,7901,903,6998
100000025,3939,473,3466
100000028,2239,825,1414
100000029,260,197,63
100000030,912,56,856
100000031,6825,5539,1286
100000032,3074,3180,-106
100000033,702,1883,-1181
100000034,948,239,709
100000035,1598,668,930
100000036,3405,935,2470
100000037,340,408,-68
100000038,1120,791,329
100000039,777,184,593
100000040,228,142,86
100000041,581,345,236
100000042,457,362,95
100000043,507,266,241
100000044,452,792,-340
100000045,396,1638,-1242
100000046,740,1511,-771
100000047,488,1056,-568
100000048,1089,766,323
100000049,1793,2940,-1147
100000051,383,1330,-947
100000053,16,7,9
100000054,105,28,77
100000055,402,272,130
100000056,173,487,-314
100000057,1510,686,824
100000058,1026,1652,-626
100000059,1,147,-146
100000060,267,350,-83
100000061,1274,500,774
100000062,1322,452,870
100000063,348,246,102
100000064,669,380,289
100000065,266,1382,-1116
100000066,133,1134,-1001
100000067,545,866,-321
100000068,587,1870,-1283
100000069,232,1921,-1689
100000072,397,1508,-1111
100000073,1211,1582,-371
100000075,431,386,45
100000076,1998,1583,415
100000077,671,99,572
100000078,149,23,126
100000079,46,29,17
100000080,11,6,5
100000081,36,35,1
100000102,2612,1159,1453
100000103,3939,627,3312
100000104,5862,1201,4661
100000105,5150,574,4576
100000106,3089,1211,1878
100000107,594,290,304
100000108,1243,1080,163
100000109,3889,1117,2772
100000116,1452,480,972
100000117,25,61,-36
100000118,1111,668,443
100000119,555,663,-108
100000121,194,686,-492
100000122,889,852,37
100000123,4412,4239,173
100000124,9783,5247,4536
100000125,3793,707,3086
100000126,669,215,454
100000127,1733,323,1410
100000128,1214,1064,150
100000129,676,362,314
100000130,405,537,-132
100000131,5805,2747,3058
100000132,2520,1622,898
100000133,12963,3216,9747
100000135,402,538,-136
100000139,176,221,-45
100000140,242,291,-49
100000142,296,443,-147
100000143,823,810,13
100000144,4459,1130,3329
100000147,853,1737,-884
100000150,16,470,-454
100000151,530,367,163
100000153,308,261,47
100000154,102,76,26
100000155,3,11,-8
100000156,49,107,-58
100000157,80,162,-82
100000158,69,105,-36
100000159,281,438,-157
100000165,1286,671,615
100000169,803,278,525
100000174,2532,405,2127
100000179,72,519,-447
100000180,3974,1338,2636
100000181,198,417,-219
100000188,90,429,-339
100000189,1030,362,668
100000190,384,354,30
100000191,446,402,44
100000192,146,46,100
100000193,86,168,-82
100000330,2829,480,2349
100000355,130,540,-410
100000362,5060,3873,1187
100000363,2037,3244,-1207
100000364,437,145,292
100000365,3083,4647,-1564
100000366,4804,2470,2334
100000367,2567,3124,-557
100000368,2252,2005,247
100000369,1064,1224,-160
100000370,171,289,-118
100000376,102,96,6
100000379,2654,1083,1571
100000380,3719,1358,2361
100000384,6821,2114,4707
100000385,7036,2947,4089
100000386,11094,2476,8618
100000387,9126,3160,5966
100000388,16505,3262,13243
100000389,14885,3367,11518
100000390,15895,2485,13410
100000391,9366,3338,6028
100000392,3483,1200,2283
100000393,1390,1153,237
100000394,6906,2718,4188
100000395,3525,802,2723
100000396,4908,1602,3306
100000397,2563,1464,1099
100000398,11484,8194,3290
100900002,1,65,-64
100900003,204,127,77
100900004,60,1175,-1115
100900005,110,4,106
100900006,9,260,-251
100900007,640,4,636
100900008,4,597,-593
100900009,35,39,-4
100900010,52,200,-148
100900011,40,415,-375
100900012,1,344,-343
100900013,731,6,725
100900014,1,4,-3
100900015,135,124,11
100900016,1,52,-51
100900017,623,60,563
100900018,0,16,-16
100900019,26,90,-64
100900020,191,2,189
100900021,730,1,729
100900022,1,14,-13
100900023,0,47,-47
100900024,1005,2,1003
100900025,11,29,-18
100900026,28,204,-176
100900027,704,2434,-1730
100900028,72,179,-107
100900029,92,14,78
100900030,2,15,-13
100900031,275,103,172
100900032,168,0,168
100900033,215,79,136
100900034,346,0,346
100900035,1143,0,1143
100900036,35,1,34
100900037,48,415,-367
100900038,26,21,5
100900039,367,612,-245
100900040,180,1233,-1053
100900041,200,1182,-982
100900042,437,174,263
100900043,0,29,-29
100900044,3423,380,3043
100900045,31,1,30
100900046,1157,17,1140
100900047,952,144,808
100900048,38,15,23
100900049,31,302,-271
100900050,9,14,-5
100900051,54,25,29
100900052,132,17,115
100900053,172,37,135
100900054,7,115,-108
100900055,205,330,-125
100900056,62,302,-240
100900057,603,542,61
100900058,136,19,117
100900059,29,1,28
100900060,50,11,39
100900061,295,271,24
100900062,2,86,-84
100900063,118,392,-274
100900064,625,15,610
100900065,55,49,6
100900066,18,31,-13
100900067,1,9,-8
100900068,94,163,-69
100900069,400,8,392
100900070,93,1,92
100900071,673,274,399
100900072,2,67,-65
100900073,76,626,-550
100900074,0,6,-6
100900075,3337,285,3052
100900076,29,35,-6
100900077,6,162,-156
100900078,50,244,-194
100900079,2,32,-30
100900080,11,212,-201
100900081,12,110,-98
100900082,25,870,-845
100900083,1,57,-56
100900085,3,89,-86
100900086,105,1281,-1176
100900088,15,957,-942
100900089,0,42,-42
100900090,110,501,-391
100900091,2,26,-24
100900092,158,144,14
100900093,72,294,-222
100900094,67,957,-890
100900095,1,33,-32
100900096,23,126,-103
100900097,1,9,-8
100900098,1,19,-18
100900099,20,634,-614
100900100,10,242,-232
100900101,425,34,391
100900102,198,35,163
100900103,9,8,1
100900104,7,172,-165
100900105,10,64,-54
100900106,76,1,75
100900107,2030,512,1518
100900108,0,7,-7
100900109,19,17,2
100900110,4,49,-45
100900111,81,149,-68
100900112,1,3,-2
100900113,6,12,-6
100900114,1,19,-18
100900115,1,25,-24
100900116,733,619,114
100900117,220,571,-351
100900118,135,66,69
100900119,1,12,-11
100900120,1,30,-29
100900121,302,447,-145
100900122,139,159,-20
100900123,66,87,-21
100900124,3,7,-4
100900125,22,117,-95
100900126,78,272,-194
100900127,0,4,-4
100900128,93,154,-61
100900129,1,116,-115
100900131,47,99,-52
100900133,15,54,-39
100900134,0,4,-4
100900135,0,153,-153
100900137,255,212,43
100900138,336,240,96
100900139,0,6,-6
100900140,3,959,-956
100900141,2,295,-293
100900142,0,5,-5
100900143,1159,276,883
100900144,9,4,5
100900145,43,108,-65
100900146,6,17,-11
100900147,18,209,-191
100900148,28,1277,-1249
100900149,25,78,-53
100900150,4,25,-21
100900151,109,619,-510
100900152,88,5,83
100900153,11,178,-167
100900154,8,10,-2
100900155,5,9,-4
100900156,25,3,22
100900157,3,119,-116
100900158,1165,381,784
100900159,0,6,-6
100900160,10,17,-7
100900161,164,2,162
100900162,3,188,-185
100900163,118,204,-86
100900164,8,24,-16
100900165,29,44,-15
100900166,49,4,45
100900167,25,130,-105
100900168,17,109,-92
100900169,232,1508,-1276
100900170,16,9,7
100900171,28,940,-912
100900172,0,8,-8
100900173,10,695,-685
100900174,233,99,134
100900176,1418,54,1364
100900177,1197,211,986
100900178,187,195,-8
100900179,96,33,63
100900180,0,0,0
100900181,80,44,36
100900182,23,23,0
100900184,0,172,-172
100900186,1114,580,534
100900187,5,228,-223
100900188,67,29,38
100900189,824,150,674
100900191,1337,843,494
100900192,233,179,54
100900195,88,209,-121
100900197,14,153,-139
100900198,19,210,-191
100900199,11,13,-2
100900200,674,380,294
100900201,58,989,-931
100900202,6,0,6
100900203,0,52,-52
100900204,1506,194,1312
100900205,106,375,-269
100900206,48,39,9
100900207,183,84,99
100900210,67,1036,-969
100900211,274,104,170
100900213,19,18,1
100900214,1507,39,1468
100900215,1,33,-32
101000001,5698,2233,3465
101000002,3840,2670,1170
101000003,867,2139,-1272
101000004,11955,7271,4684
101000005,6943,5077,1866
101000006,10467,6658,3809
101000007,2839,2944,-105
101000008,3757,2738,1019
101000009,1462,2538,-1076
101000010,699,1741,-1042
101000011,2425,784,1641
101000012,2235,490,1745
101000013,495,719,-224
101000014,558,675,-117
101000015,779,854,-75
101000016,388,356,32
101000017,515,502,13
101000018,4389,2724,1665
101000020,4495,1224,3271
101000021,1187,288,899
101000022,735,85,650
101000023,2032,813,1219
101000025,101,312,-211
101000026,469,34,435
101000027,1927,1573,354
101000028,80,51,29
101000029,27,769,-742
101000030,860,69,791
101000031,433,457,-24
101000032,5359,2124,3235
101000033,2422,1640,782
101000034,2709,1128,1581
101000035,1333,386,947
101000036,1495,296,1199
101000037,5348,912,4436
101000039,4172,826,3346
101000040,5283,2081,3202
101000041,14989,2949,12040
101000042,1008,484,524
101000043,12363,2299,10064
101000045,1384,324,1060
101000046,2048,829,1219
101000047,1182,1153,29
101000048,850,820,30
101000049,864,695,169
101000050,3415,2393,1022
101000051,5160,1138,4022
101000052,1695,526,1169
101000053,1041,1523,-482
101000054,2201,2228,-27
101000055,1957,781,1176
101000056,60,45,15
101000057,3673,510,3163
101000058,2452,566,1886
101000059,4353,1369,2984
101000060,2243,190,2053
101000061,1448,554,894
101000062,1380,281,1099
101000063,353,223,130
101000064,976,265,711
101000065,133,256,-123
101000066,326,140,186
101000067,609,275,334
101000068,243,149,94
101000069,269,91,178
101000070,1968,854,1114
101000071,2145,678,1467
101000072,1175,3003,-1828
101000073,691,417,274
101000074,5524,2591,2933
101000075,7690,3197,4493
101000077,1149,1005,144
101000078,1275,1792,-517
101000079,391,524,-133
101000080,619,555,64
101000081,1090,997,93
101000082,3942,2545,1397
101000083,1512,1387,125
101000084,1389,1246,143
101000085,1717,927,790
101000086,1207,1076,131
101000087,1011,1413,-402
101000088,832,942,-110
101000089,839,1280,-441
101000090,2960,1597,1363
101000091,362,1879,-1517
101000092,940,1230,-290
101000093,1536,879,657
101000094,533,1257,-724
101000095,221,994,-773
101000096,229,748,-519
101000097,543,263,280
101000098,547,616,-69
101000099,1294,1052,242
101000100,1174,511,663
101000101,374,368,6
101000102,927,362,565
101000103,982,506,476
101000104,241,346,-105
101000105,1010,157,853
101000106,753,497,256
101000107,98,257,-159
101000108,1595,462,1133
101000109,112,44,68
101000110,27,908,-881
101000111,74,185,-111
101000113,121,704,-583
101000114,2693,1203,1490
101000115,148,219,-71
101000116,134,222,-88
101000117,247,298,-51
101000119,185,22,163
101000120,189,9,180
101000121,70,15,55
101000122,85,57,28
101000123,27,43,-16
101000124,248,232,16
101000125,112,414,-302
101000128,1228,453,775
101000130,322,250,72
101000131,541,784,-243
101000132,350,1839,-1489
101000135,49,11,38
101000136,295,105,190
101000137,20,144,-124
101000141,2835,1476,1359
101000147,618,519,99
101000148,3471,41,3430
101000149,83,15,68
101000150,24,1302,-1278
101000151,85,65,20
101000152,349,342,7
101000153,542,530,12
101000154,114,2318,-2204
101000155,160,145,15
101000156,24,207,-183
101000157,50,38,12
101000160,31,57,-26
101000163,114,71,43
101000164,535,314,221
101000165,224,300,-76
101000166,312,543,-231
101000168,636,358,278
101000252,1065,621,444
101000254,542,40,502
101000258,27,16,11
101000261,116,153,-37
101000262,759,918,-159
101000263,192,1381,-1189
101000265,35,627,-592
101000266,227,199,28
101000269,112,8,104
101000290,2074,2512,-438
101000293,15,108,-93
101000294,454,471,-17
101000295,113,567,-454
101000301,833,181,652
101000304,2049,2138,-89
101000305,2388,1807,581
101900001,9,97,-88
101900002,0,31,-31
101900003,71,87,-16
101900004,6,37,-31
101900005,6507,840,5667
101900006,904,22,882
101900007,371,39,332
101900008,97,234,-137
101900009,52,436,-384
101900010,1145,359,786
101900011,379,1299,-920
101900012,124,360,-236
101900013,1540,128,1412
101900017,19,125,-106
101900018,2255,265,1990
101900019,146,114,32
101900020,366,132,234
101900021,0,28,-28
101900022,69,1650,-1581
101900023,101,240,-139
102000001,2073,4027,-1954
102000002,3267,1415,1852
102000003,4387,4355,32
102000004,11877,2523,9354
102000005,1428,2066,-638
102000006,2071,1558,513
102000007,1481,4433,-2952
102000008,8336,1914,6422
102000009,6546,7244,-698
102000010,7973,3684,4289
102000011,2397,2197,200
102000012,3695,3914,-219
102000018,4396,2655,1741
102000019,3295,1366,1929
102000026,237,391,-154
102000029,566,195,371
102000030,81,261,-180
102000031,30,253,-223
102000032,259,409,-150
102000033,174,488,-314
102000034,677,440,237
102000035,1103,537,566
102000036,15,230,-215
102000037,172,106,66
102000038,104,52,52
102000039,116,37,79
102000040,474,90,384
102000041,192,183,9
102000042,168,72,96
102000043,233,218,15
102000044,200,503,-303
102000045,709,1116,-407
102000046,813,474,339
102000047,672,1245,-573
102000048,169,683,-514
102000049,783,512,271
102000050,1045,1118,-73
102000051,320,564,-244
102000052,1170,1026,144
102000053,624,915,-291
102000054,216,785,-569
102000055,714,1025,-311
102000056,633,1657,-1024
102000057,1540,695,845
102000058,1182,2197,-1015
102000059,1258,1391,-133
102000060,1034,1173,-139
102000061,1045,2819,-1774
102000062,793,1461,-668
102000063,1125,1535,-410
102000064,383,568,-185
102000065,35,116,-81
102000066,1899,1171,728
102000067,3385,2926,459
102000068,9290,2516,6774
102000069,30,1861,-1831
102000070,2571,75,2496
102000071,7364,9912,-2548
102000072,3273,4615,-1342
102000073,1521,1052,469
102000074,927,985,-58
102000075,145,257,-112
102000076,245,533,-288
102000077,278,1300,-1022
102000078,769,1147,-378
102000079,114,319,-205
102000080,237,196,41
102000081,288,856,-568
102000082,692,391,301
102000083,213,720,-507
102000084,138,479,-341
102000085,1658,1362,296
102000086,1100,2042,-942
102000087,598,2138,-1540
102000088,203,312,-109
102000089,860,643,217
102000090,385,1235,-850
102000091,1394,486,908
102000092,530,804,-274
102000093,659,504,155
102000094,1398,445,953
102000095,1070,1322,-252
102000096,1685,761,924
102000097,1724,1360,364
102000098,625,1024,-399
102000099,1062,444,618
102000100,1265,611,654
102000101,1655,301,1354
102000102,528,1606,-1078
102000103,1411,335,1076
102000104,1210,317,893
102000105,140,886,-746
102000106,655,978,-323
102000107,562,621,-59
102000108,482,339,143
102000109,253,661,-408
102000110,379,1933,-1554
102000111,9,366,-357
102000112,149,63,86
102000113,13,38,-25
102000114,1124,384,740
102000115,195,159,36
102000116,534,274,260
102000117,270,506,-236
102000118,2011,916,1095
102000119,2712,479,2233
102000120,104,466,-362
102000121,1083,534,549
102000122,439,682,-243
102000123,1592,1269,323
102000124,1241,875,366
102000125,1224,880,344
102000126,599,707,-108
102000127,1096,717,379
102000128,460,1257,-797
102000129,1213,902,311
102000130,285,810,-525
102000131,2783,716,2067
102000132,996,681,315
102000133,1087,2799,-1712
102000134,437,759,-322
102000135,1219,763,456
102000136,1224,377,847
102000137,1706,891,815
102000138,421,511,-90
102000139,197,455,-258
102000140,479,252,227
102000141,564,582,-18
102000142,134,463,-329
102000143,78,538,-460
102000144,74,585,-511
102000145,233,565,-332
102000146,294,318,-24
102000147,337,465,-128
102000148,151,191,-40
102000149,94,815,-721
102000150,145,260,-115
102000151,84,420,-336
102000152,70,160,-90
102000153,792,283,509
102000154,396,691,-295
102000155,78,281,-203
102000156,372,35,337
102000157,86,151,-65
102000158,208,144,64
102000159,2117,255,1862
102000161,5415,1424,3991
102000162,230,133,97
102000163,121,486,-365
102000164,1386,799,587
102000165,231,141,90
102000166,19,89,-70
102000167,215,190,25
102000168,180,81,99
102000169,49,367,-318
102000170,880,113,767
102000171,108,53,55
102000172,40,173,-133
102000173,217,154,63
102000174,29,70,-41
102000175,115,182,-67
102000176,27,41,-14
102000178,148,675,-527
102000179,173,221,-48
102000180,427,637,-210
102000181,380,808,-428
102000182,351,732,-381
102000183,1095,2192,-1097
102000184,959,1093,-134
102000185,1385,2057,-672
102000186,689,2402,-1713
102000187,690,2282,-1592
102000188,713,1655,-942
102000189,3789,1155,2634
102000190,794,2485,-1691
102000191,1445,624,821
102000192,666,1159,-493
102000193,40,237,-197
102000194,58,187,-129
102000195,257,732,-475
102000196,105,740,-635
102000197,316,715,-399
102000198,159,1161,-1002
102000199,449,535,-86
102000200,252,1529,-1277
102000201,438,678,-240
102000202,1,193,-192
102000203,147,374,-227
102000204,179,1107,-928
102000205,604,782,-178
102000206,450,945,-495
102000207,569,545,24
102000208,234,679,-445
102000209,19,51,-32
102000210,147,631,-484
102000211,220,606,-386
102000212,110,13,97
102000213,0,488,-488
102000214,120,16,104
102000215,7,730,-723
102000216,16,30,-14
102000217,7,313,-306
102000218,127,46,81
102000219,350,493,-143
102000225,725,757,-32
102000226,8478,667,7811
102000227,91,4,87
102000228,0,93,-93
102000229,18,35,-17
102000230,250,743,-493
102000231,174,433,-259
102000232,7,130,-123
102000233,420,735,-315
102000234,88,1783,-1695
102000236,449,58,391
102000237,355,215,140
102000238,153,347,-194
102000240,734,532,202
102000241,314,99,215
102000243,9,44,-35
102000245,4,66,-62
102000246,4,18,-14
102000247,226,912,-686
102000248,85,343,-258
102000249,80,209,-129
102000250,15,483,-468
102000254,32,600,-568
102000266,92,250,-158
102000271,19,0,19
102000286,446,312,134
102000297,1654,967,687
102000299,0,0,0
102000301,0,0,0
102000302,0,0,0
102000303,0,0,0
102000305,0,0,0
102000307,0,1,-1
102000308,0,0,0
102900001,1210,957,253
102900002,439,29,410
102900003,30,311,-281
102900005,235,383,-148
102900006,420,249,171
102900007,716,37,679
102900008,204,110,94
102900009,576,113,463
102900010,647,485,162
102900011,2947,332,2615
102900012,281,49,232
102900013,16,63,-47
102900015,974,251,723
102900016,67,166,-99
102900017,103,666,-563
102900018,5,134,-129
102900019,343,559,-216
102900020,74,51,23
102900021,6,126,-120
102900022,315,66,249
102900023,12,40,-28
102900024,43,80,-37
102900025,277,88,189
102900026,667,1306,-639
102900027,36,79,-43
102900028,108,370,-262
102900029,100,96,4
102900030,396,190,206
102900031,78,174,-96
102900032,24,159,-135
102900033,105,223,-118
102900034,173,142,31
102900035,52,513,-461
102900036,130,660,-530
102900037,186,878,-692
102900038,377,749,-372
102900039,24,395,-371
102900040,174,242,-68
102900041,42,208,-166
102900042,171,336,-165
102900043,91,291,-200
102900044,605,2257,-1652
102900045,77,606,-529
102900046,73,384,-311
102900047,38,781,-743
102900048,442,941,-499
102900049,76,458,-382
102900050,242,435,-193
102900051,146,223,-77
102900052,45,26,19
102900053,348,1033,-685
102900054,1088,968,120
102900055,71,168,-97
102900056,144,643,-499
102900057,1,41,-40
102900058,340,64,276
102900059,12,51,-39
102900060,96,479,-383
102900061,56,573,-517
102900062,81,1719,-1638
102900063,500,427,73
102900064,206,519,-313
102900065,1927,934,993
102900066,293,38,255
102900068,63,102,-39
102900070,209,789,-580
102900072,16,30,-14
102900073,104,5,99
102900074,183,164,19
102900075,15,33,-18
102900076,285,70,215
102900077,31,34,-3
102900078,49,77,-28
102900079,278,14,264
102900080,326,37,289
102900081,67,282,-215
102900082,6,329,-323
102900083,301,5,296
102900084,5,17,-12
102900085,124,66,58
102900086,5,35,-30
102900087,49,133,-84
102900088,18,60,-42
102900089,315,167,148
102900090,2,464,-462
102900091,74,2,72
102900092,162,1105,-943
102900093,194,186,8
102900094,0,55,-55
102900095,74,4,70
102900096,15,6,9
102900097,4,179,-175
103000001,2179,2697,-518
103000002,1906,2122,-216
103000003,3584,2749,835
103000004,1059,738,321
103000005,2061,2164,-103
103000006,430,1147,-717
103000007,396,896,-500
103000008,948,1144,-196
103000009,728,1080,-352
103000010,74,129,-55
103000011,2063,1108,955
103000012,1025,1141,-116
103000013,7889,1892,5997
103000014,1424,1598,-174
103000015,2937,854,2083
103000016,584,904,-320
103000017,121,447,-326
103000018,1089,421,668
103000019,154,233,-79
103000020,1797,1393,404
103000021,1266,1388,-122
103000022,989,1289,-300
103000023,378,1281,-903
103000024,122,132,-10
103000025,100,394,-294
103000026,2117,152,1965
103000027,308,369,-61
103000028,989,302,687
103000029,658,212,446
103000030,2676,691,1985
103000031,1863,1185,678
103000032,2120,1742,378
103000033,2622,2527,95
103000034,2120,1010,1110
103000035,503,969,-466
103000036,498,483,15
103000037,861,495,366
103000038,645,813,-168
103000039,302,485,-183
103000040,187,1473,-1286
103000041,1343,3208,-1865
103000042,607,810,-203
103000043,264,1410,-1146
103000044,149,354,-205
103000046,203,324,-121
103000047,316,856,-540
103000048,101,114,-13
103000049,74,231,-157
103000050,515,865,-350
103000051,225,577,-352
103000052,555,535,20
103000053,131,416,-285
103000054,1725,1134,591
103000055,1283,1827,-544
103000056,422,2554,-2132
103000057,369,371,-2
103000058,384,1140,-756
103000059,292,837,-545
103000060,589,904,-315
103000061,233,802,-569
103000062,999,848,151
103000063,566,694,-128
103000064,76,331,-255
103000065,4,402,-398
103000066,79,9,70
103000069,166,375,-209
103000070,639,1319,-680
103000071,626,374,252
103000072,107,1186,-1079
103000073,413,148,265
103000074,391,91,300
103000075,71,1243,-1172
103000076,197,202,-5
103000077,16,507,-491
103000078,1119,342,777
103000079,1653,468,1185
103000080,1142,228,914
103000081,611,701,-90
103000082,338,178,160
103000083,81,486,-405
103000084,68,4,64
103000085,1,86,-85
103000086,510,317,193
103000087,145,573,-428
103000088,257,385,-128
103000089,174,278,-104
103000090,1428,1164,264
103000091,484,462,22
103000092,242,329,-87
103000093,319,668,-349
103000094,122,148,-26
103000095,27,543,-516
103000096,770,134,636
103000097,37,882,-845
103000098,1102,200,902
103000099,403,728,-325
103000100,70,1074,-1004
103000101,489,180,309
103000102,126,843,-717
103000103,428,266,162
103000104,34,234,-200
103000105,51,94,-43
103000106,4,106,-102
103000107,260,67,193
103000108,512,564,-52
103000109,414,334,80
103000110,358,414,-56
103000111,681,472,209
103000112,327,300,27
103000113,716,645,71
103000114,775,368,407
103000115,403,537,-134
103000116,419,565,-146
103000117,130,566,-436
103000118,1330,1150,180
103000119,2351,701,1650
103000120,76,90,-14
103000121,155,527,-372
103000122,211,213,-2
103000125,6,658,-652
103000126,295,9,286
103000127,0,361,-361
103000128,92,2,90
103000129,2,173,-171
103000130,28,25,3
103000131,301,82,219
103000132,60,154,-94
103000133,7,300,-293
103000134,818,627,191
103000135,1226,257,969
103000136,905,321,584
103000137,674,579,95
103000138,960,576,384
103000139,1,53,-52
103000140,124,29,95
103000141,26,103,-77
103000142,142,91,51
103000143,25,224,-199
103000144,104,114,-10
103000145,31,47,-16
103000150,75,78,-3
103000152,198,271,-73
103000153,134,152,-18
103000156,1,684,-683
103000157,206,0,206
103000159,132,105,27
103000162,57,26,31
103000163,0,12,-12
103000164,10,17,-7
103000165,193,504,-311
103000166,112,188,-76
103000167,148,125,23
103000168,25,156,-131
103000169,175,440,-265
103000170,475,501,-26
103000171,45,83,-38
103000172,306,1208,-902
103000173,156,711,-555
103000174,118,301,-183
103000175,133,535,-402
103000176,788,222,566
103000177,825,392,433
103000178,496,291,205
103000179,90,23,67
103000183,31,48,-17
103000185,36,84,-48
103000186,38,165,-127
103000187,159,823,-664
103000188,4,77,-73
103000189,813,1080,-267
103000191,754,820,-66
103000292,3256,934,2322
103000293,1879,941,938
103000295,90,92,-2
103000296,200,2,198
103000297,144,8,136
103000504,38,18,20
103000505,10,5,5
103000506,0,226,-226
103000507,74,1,73
103000508,67,51,16
103000509,236,610,-374
103900001,4,402,-398
103900002,2070,196,1874
103900003,2333,99,2234
103900004,26,0,26
103900005,1,353,-352
103900006,3,2,1
103900007,10,16,-6
103900008,55,2,53
103900009,146,305,-159
103900010,98,268,-170
103900011,82,288,-206
103900012,3,11,-8
103900013,22,104,-82
103900014,35,31,4
103900015,21,10,11
103900016,229,333,-104
103900017,10,107,-97
103900018,589,145,444
103900019,34,127,-93
103900020,132,268,-136
103900021,1038,29,1009
103900022,745,560,185
103900023,80,0,80
103900024,95,815,-720
103900025,6,59,-53
103900026,6,0,6
103900027,316,321,-5
103900028,14,201,-187
103900029,605,72,533
103900030,142,24,118
103900031,11,5,6
103900032,36,22,14
103900033,72,13,59
103900034,14,325,-311
103900035,37,69,-32
103900036,50,26,24
103900037,80,26,54
103900038,43,82,-39
103900039,25,584,-559
103900040,1,231,-230
103900041,15,40,-25
103900042,16,529,-513
103900043,43,114,-71
103900044,328,143,185
103900045,136,172,-36
103900047,14,48,-34
103900048,37,8,29
103900049,203,1455,-1252
103900050,0,77,-77
103900051,0,22,-22
103900052,106,669,-563
103900053,38,1254,-1216
103900054,48,728,-680
103900055,338,242,96
103900056,13,39,-26
103900057,12,355,-343
103900058,56,1037,-981
103900059,0,7,-7
103900060,13,249,-236
103900061,78,56,22
103900062,94,40,54
103900063,2,0,2
103900064,37,0,37
103900065,952,397,555
103900066,61,11,50
103900067,68,9,59
103900068,1,0,1
103900069,71,2,69
103900070,111,294,-183
103900071,47,241,-194
103900072,2,385,-383
103900073,24,15,9
103900074,39,85,-46
103900075,40,100,-60
103900076,153,968,-815
103900077,76,45,31
103900078,51,153,-102
103900079,120,405,-285
103900080,5,17,-12
103900081,39,3,36
103900082,3,121,-118
103900083,2671,440,2231
103900084,69,157,-88
103900085,67,92,-25
103900086,224,344,-120
103900087,29,102,-73
103900088,346,185,161
103900089,40,203,-163
103900090,2,247,-245
103900091,817,278,539
103900092,263,534,-271
103900093,98,592,-494
103900094,4,172,-168
103900095,168,165,3
103900096,10,482,-472
103900097,4,590,-586
103900098,132,82,50
103900099,21,412,-391
103900100,129,406,-277
103900101,57,1000,-943
103900102,0,45,-45
103900104,2,33,-31
103900105,47,181,-134
103900106,0,17,-17
103900107,58,217,-159
103900108,16,487,-471
103900109,26,99,-73
103900110,225,45,180
103900111,21,982,-961
103900112,22,58,-36
103900113,136,194,-58
103900114,516,328,188
103900115,290,86,204
103900116,7336,1210,6126
103900117,277,130,147
103900119,25,28,-3
103900120,10,126,-116
103900122,47,400,-353
103900123,1567,452,1115
103900124,13,28,-15
103900125,33,104,-71
103900126,237,630,-393
103900127,101,926,-825
103900128,33,262,-229
103900131,31,134,-103
103900133,757,11,746
103900134,0,2,-2
103900135,2,8,-6
103900137,0,45,-45
103900138,16,565,-549
103900139,173,843,-670
103900140,2,19,-17
103900141,274,101,173
103900142,60,212,-152
103900143,37,5,32
103900144,0,63,-63
103900145,101,424,-323
103900146,176,468,-292
103900147,257,94,163
103900148,72,199,-127
103900149,103,919,-816
103900150,9365,1995,7370
103900151,35,182,-147
103900152,213,1013,-800
103900153,9,0,9
103900154,1458,683,775
103900155,5,231,-226
103900156,10,205,-195
103900157,11,308,-297
103900158,16,270,-254
103900159,17,57,-40
103900160,21,18,3
103900161,48,259,-211
103900162,47,397,-350
103900163,4,414,-410
103900164,129,39,90
103900167,11,56,-45
103900168,54,114,-60
103900169,20,33,-13
103900170,0,109,-109
103900171,1,86,-85
103900172,5,25,-20
103900173,2,5,-3
103900174,70,69,1
103900175,24,27,-3
103900176,11,18,-7
103900177,5,53,-48
103900178,32,99,-67
103900179,12,256,-244
103900180,2,149,-147
103900181,47,33,14
103900182,42,7,35
103900184,681,42,639
103900185,246,100,146
103900187,79,41,38
103900188,21,14,7
103900189,89,3,86
103900190,40,30,10
103900191,11,58,-47
103900192,37,93,-56
103900193,207,157,50
103900194,35,443,-408
103900195,2,21,-19
103900196,12,15,-3
103900197,15,32,-17
103900198,11,64,-53
103900199,54,123,-69
103900200,126,196,-70
103900201,93,259,-166
103900202,7,60,-53
103900203,23,17,6
103900204,2,166,-164
103900207,1,152,-151
103900208,22,2,20
103900209,2,130,-128
103900210,8,35,-27
103900211,353,708,-355
103900212,41,567,-526
103900213,145,328,-183
103900214,190,62,128
103900215,747,227,520
103900216,6,1144,-1138
103900217,373,29,344
103900218,0,221,-221
103900219,50,347,-297
103900233,124,7,117
103900235,37,34,3
103900236,21,0,21
103900242,1,7,-6
103900243,2,3,-1
103900244,39,411,-372
103900245,49,302,-253
103900246,52,54,-2
103900247,24,107,-83
103900248,0,6,-6
103900249,1,40,-39
103900250,17,15,2
103900251,1,17,-16
103900253,16,22,-6
103900254,1,9,-8
103900255,9,6,3
103900256,17,10,7
103900257,6,55,-49
103900258,22,1,21
103900259,54,3,51
103900261,5,0,5
103900262,9,0,9
103900263,43,13,30
103900264,59,8,51
103900265,29,12,17
103900266,0,36,-36
103900267,0,31,-31
104000001,2054,2409,-355
104000002,1339,2688,-1349
104000003,2631,2348,283
104000004,3756,2723,1033
104000005,894,2008,-1114
104000006,2599,3177,-578
104000007,4234,3858,376
104000008,274,546,-272
104000009,93,202,-109
104000010,128,206,-78
104000011,996,594,402
104000012,109,644,-535
104000013,113,114,-1
104000014,272,897,-625
104000015,175,168,7
104000016,560,551,9
104000018,486,156,330
104000019,345,97,248
104000020,204,1041,-837
104000021,282,931,-649
104000022,83,401,-318
104000023,400,331,69
104000024,158,468,-310
104000026,32,312,-280
104000027,233,519,-286
104000028,233,297,-64
104000029,397,722,-325
104000030,169,314,-145
104000031,661,293,368
104000032,203,488,-285
104000033,390,428,-38
104000034,332,542,-210
104000035,525,549,-24
104000036,435,841,-406
104000037,271,376,-105
104000038,237,258,-21
104000039,182,532,-350
104000040,572,657,-85
104000041,591,354,237
104000042,209,461,-252
104000043,247,476,-229
104000044,202,922,-720
104000045,791,1448,-657
104000046,1696,1862,-166
104000047,749,1601,-852
104000048,1294,2579,-1285
104000049,345,312,33
104000050,191,614,-423
104000051,82,824,-742
104000052,958,1669,-711
104000053,729,684,45
104000054,451,827,-376
104000055,4392,3730,662
104000056,1679,227,1452
104000057,81,710,-629
104000058,561,741,-180
104000059,365,1308,-943
104000060,538,1223,-685
104000061,962,1534,-572
104000062,194,168,26
104000064,710,308,402
104000065,92,362,-270
104000069,1742,461,1281
104000070,44,348,-304
104000071,122,499,-377
104000072,605,208,397
104000075,46,338,-292
104000076,345,121,224
104000082,2229,2449,-220
104000083,753,187,566
104000084,140,571,-431
104000085,183,268,-85
104000086,133,480,-347
104000087,542,1009,-467
104000090,586,2079,-1493
104000092,607,3545,-2938
104000094,738,2604,-1866
104000095,1380,1581,-201
104000096,859,504,355
104000097,1159,1391,-232
104000098,978,1797,-819
104000100,964,801,163
104000101,876,2644,-1768
104000106,114,562,-448
104000107,622,587,35
104000108,322,718,-396
104000109,218,38,180
104000110,852,995,-143
104000111,7167,1730,5437
104000112,3381,685,2696
104000116,5,1541,-1536
104000117,65,1211,-1146
104000118,294,317,-23
104000119,402,288,114
104000120,176,1323,-1147
104000121,197,758,-561
104000122,431,758,-327
104000123,1181,1671,-490
104000124,2337,3259,-922
104000125,6646,2808,3838
104000126,315,570,-255
104000127,1816,5074,-3258
104000128,938,531,407
104000129,69,5,64
104000130,3,197,-194
104000131,1210,789,421
104000132,782,1040,-258
104000133,998,934,64
104000134,1006,1467,-461
104000135,509,1047,-538
104000136,1185,2147,-962
104000137,2245,303,1942
104000138,1725,460,1265
104000139,12425,3419,9006
104000141,1701,2143,-442
104000142,578,1272,-694
104000143,451,1022,-571
104000144,61,227,-166
104000145,387,231,156
104000146,506,717,-211
104000147,127,452,-325
104000148,196,184,12
104000149,166,534,-368
104000150,634,408,226
104000151,417,932,-515
104000152,565,1156,-591
104000153,259,425,-166
104000154,1289,1025,264
104000155,311,439,-128
104000157,1151,2047,-896
104000158,327,247,80
104000159,425,341,84
104000160,1614,1439,175
104000161,243,158,85
104000162,46,126,-80
104000165,1340,1132,208
104000167,443,586,-143
104000168,462,6,456
104000169,43,44,-1
104000170,1193,291,902
104000248,156,840,-684
104000251,62,419,-357
104000272,0,0,0
104000273,0,0,0
104000274,0,0,0
104000275,0,0,0
104000279,794,661,133
104000290,57,442,-385
104000291,480,1144,-664
104000293,527,824,-297
104000294,11,0,11
104000295,387,903,-516
104000296,255,928,-673
104000297,918,1555,-637
104000298,2303,965,1338
104000299,582,1429,-847
104900001,60,486,-426
104900002,25,82,-57
104900003,32,524,-492
104900004,74,457,-383
104900005,109,141,-32
104900006,124,78,46
104900007,167,265,-98
104900009,83,644,-561
104900010,18,18,0
104900011,6,3,3
104900012,82,3,79
104900013,75,0,75
104900014,5135,377,4758
104900015,83,3,80
104900016,113,456,-343
104900017,46,164,-118
104900018,0,325,-325
104900019,301,1058,-757
104900020,24,395,-371
104900021,6,457,-451
104900022,14,177,-163
104900023,3,231,-228
104900024,32,140,-108
104900025,65,388,-323
104900026,3,206,-203
104900027,217,221,-4
104900028,65,137,-72
104900029,80,139,-59
104900030,276,220,56
104900031,215,245,-30
104900032,24,186,-162
104900033,59,236,-177
104900034,219,82,137
104900035,148,84,64
104900036,101,69,32
104900037,78,384,-306
104900038,832,423,409
104900039,1335,180,1155
104900040,162,63,99
104900041,106,181,-75
104900042,127,532,-405
104900043,5,42,-37
104900044,243,286,-43
104900045,296,51,245
104900046,60,156,-96
104900047,183,153,30
104900048,143,103,40
104900049,7,6,1
104900050,97,113,-16
104900051,129,54,75
104900052,34,0,34
104900053,318,68,250
104900054,174,46,128
104900055,30,0,30
104900056,114,15,99
104900057,45,1,44
104900058,1184,144,1040
104900059,16,41,-25
104900060,1,371,-370
104900061,232,826,-594
104900063,0,131,-131
104900064,2,116,-114
104900065,1,90,-89
104900066,1,278,-277
104900067,0,256,-256
104900068,10,295,-285
104900070,93,402,-309
104900071,4,1040,-1036
104900072,31,266,-235
104900073,15,374,-359
104900074,34,246,-212
104900075,23,77,-54
104900076,50,485,-435
104900077,1528,79,1449
104900078,122,968,-846
104900079,130,183,-53
104900080,28,669,-641
104900082,8,349,-341
104900085,0,240,-240
104900087,357,7,350
104900089,103,0,103
104900090,415,468,-53
104900091,558,1462,-904
104900093,199,680,-481
104900097,4289,1326,2963
104900098,63,44,19
104900099,157,436,-279
104900100,816,271,545
104900102,22,285,-263
104900103,490,170,320
104900104,4780,1197,3583
104900106,14,177,-163
104900107,38,454,-416
104900108,11,436,-425
104900109,73,301,-228
104900110,4,62,-58
104900111,115,70,45
104900112,171,1258,-1087
104900113,413,608,-195
104900114,174,1046,-872
104900115,314,710,-396
104900116,98,421,-323
104900118,6,64,-58
104900119,2,40,-38
104900120,46,77,-31
104900121,0,156,-156
104900122,0,150,-150
104900123,13,3,10
104900124,23,0,23
104900125,479,6,473
104900126,81,49,32
104900127,16,19,-3
104900128,72,199,-127
104900129,3947,1009,2938
105000001,2314,2011,303
105000002,1807,1960,-153
105000003,2441,4299,-1858
105000004,472,1294,-822
105000005,641,1420,-779
105000006,869,1599,-730
105000007,711,1195,-484
105000008,814,1517,-703
105000009,1093,2625,-1532
105000010,3363,2984,379
105000011,1943,2046,-103
105000012,4989,3884,1105
105000013,567,870,-303
105000014,1332,1943,-611
105000015,8978,7213,1765
105000016,4135,2300,1835
105000017,1661,1208,453
105000018,1503,1027,476
105000019,1795,1112,683
105000020,219,345,-126
105000021,279,159,120
105000022,132,25,107
105000023,411,283,128
105000028,44,181,-137
105000029,270,911,-641
105000030,4475,4254,221
105000033,1008,2484,-1476
105000034,144,536,-392
105000037,688,632,56
105000038,2017,1205,812
105000039,4180,2403,1777
105000040,794,692,102
105000041,955,1666,-711
105000042,3692,1168,2524
105000043,2966,2997,-31
105000044,349,461,-112
105000045,457,1379,-922
105000046,474,420,54
105000047,434,1685,-1251
105000048,399,187,212
105000049,241,938,-697
105000050,286,396,-110
105000051,216,514,-298
105000052,364,1036,-672
105000053,98,180,-82
105000054,178,1147,-969
105000055,356,530,-174
105000056,815,3141,-2326
105000057,1087,1320,-233
105000058,1375,1780,-405
105000059,576,565,11
105000060,443,731,-288
105000061,343,459,-116
105000062,683,1207,-524
105000063,309,792,-483
105000064,729,796,-67
105000065,268,1230,-962
105000066,962,2735,-1773
105000067,787,597,190
105000068,443,1162,-719
105000069,3183,666,2517
105000070,972,885,87
105000071,180,438,-258
105000072,520,824,-304
105000073,741,582,159
105000074,899,1145,-246
105000075,423,921,-498
105000076,1204,1259,-55
105000077,1898,834,1064
105000078,1439,1163,276
105000079,1892,1792,100
105000080,2121,1311,810
105000081,1153,741,412
105000082,490,517,-27
105000083,1267,975,292
105000084,450,1354,-904
105000085,1209,1144,65
105000086,547,955,-408
105000087,2603,1953,650
105000088,1975,1474,501
105000089,4470,2873,1597
105000090,1314,1079,235
105000091,2361,2102,259
105000092,744,1324,-580
105000093,373,218,155
105000094,259,246,13
105000095,90,476,-386
105000096,1077,743,334
105000097,1150,667,483
105000098,547,516,31
105000099,717,1049,-332
105000100,1210,1224,-14
105000101,1813,2570,-757
105000102,3508,1687,1821
105000103,2319,2484,-165
105000104,1603,1141,462
105000105,1039,2034,-995
105000106,1134,2039,-905
105000107,750,1313,-563
105000108,898,2242,-1344
105000109,1221,2117,-896
105000110,502,1098,-596
105000111,407,551,-144
105000112,940,1034,-94
105000113,416,531,-115
105000114,4262,1054,3208
105000115,251,626,-375
105000116,437,612,-175
105000117,660,1622,-962
105000118,235,472,-237
105000119,536,1705,-1169
105000120,551,832,-281
105000121,818,1471,-653
105000122,210,445,-235
105000123,1015,1896,-881
105000124,1198,1213,-15
105000125,565,2075,-1510
105000126,1622,2555,-933
105000127,1959,2231,-272
105000128,636,1583,-947
105000129,587,379,208
105000130,134,899,-765
105000131,634,377,257
105000132,583,460,123
105000133,292,1353,-1061
105000134,388,521,-133
105000135,341,765,-424
105000136,29,130,-101
105000137,244,330,-86
105000138,43,176,-133
105000139,1015,1159,-144
105000140,132,491,-359
105000141,173,780,-607
105000142,80,572,-492
105000143,226,678,-452
105000144,187,726,-539
105000145,370,596,-226
105000146,465,712,-247
105000147,339,393,-54
105000148,1081,604,477
105000149,1861,1680,181
105000150,2620,1407,1213
105000151,296,402,-106
105000152,127,720,-593
105000153,423,431,-8
105000154,883,1022,-139
105000155,234,637,-403
105000156,1116,943,173
105000157,1301,2441,-1140
105000158,1928,900,1028
105000159,327,1662,-1335
105000160,1155,628,527
105000161,579,2414,-1835
105000162,467,1259,-792
105000163,1365,1559,-194
105000164,235,415,-180
105000165,1945,3375,-1430
105000166,9537,357,9180
105000167,3654,1177,2477
105000168,189,1051,-862
105000169,264,564,-300
105000170,85,1303,-1218
105000171,1024,375,649
105000172,35,66,-31
105000173,35,14,21
105000174,23,38,-15
105000175,132,169,-37
105000176,122,82,40
105000177,77,146,-69
105000178,107,934,-827
105000179,116,130,-14
105000180,80,91,-11
105000181,69,593,-524
105000182,23,52,-29
105000183,3394,1355,2039
105000184,1699,1041,658
105000185,1951,742,1209
105000186,495,1187,-692
105000187,638,319,319
105000188,304,119,185
105000189,152,700,-548
105000190,162,457,-295
105000191,245,498,-253
105000192,104,94,10
105000193,68,178,-110
105000194,152,135,17
105000195,239,1530,-1291
105000196,24,72,-48
105000197,230,990,-760
105000198,508,363,145
105000199,244,213,31
105000200,105,257,-152
105000201,88,43,45
105000203,1,329,-328
105000204,37,133,-96
105000205,88,282,-194
105000207,1260,343,917
105000208,354,387,-33
105000209,182,448,-266
105000212,944,1910,-966
105000213,226,193,33
105000214,59,273,-214
105000215,137,354,-217
105000216,71,521,-450
105000217,188,480,-292
105000218,600,1109,-509
105000221,124,389,-265
105000222,59,52,7
105000223,155,226,-71
105000226,21,481,-460
105000227,29,302,-273
105000228,187,871,-684
105000229,48,204,-156
105000231,116,226,-110
105000233,587,612,-25
105000234,601,1443,-842
105000235,250,478,-228
105000237,460,44,416
105000243,14,298,-284
105000248,53,71,-18
105000262,218,2367,-2149
105000269,111,213,-102
105000270,230,108,122
105000271,0,333,-333
105000282,129,47,82
105000287,319,206,113
105000288,364,492,-128
105000289,913,839,74
105000290,7,5,2
105000402,6528,2287,4241
105000426,295,481,-186
105000438,711,544,167
105000446,15970,5679,10291
105000447,9370,3131,6239
105000454,130,667,-537
105000455,225,222,3
105000474,13,0,13
105000477,229,413,-184
105000478,1238,2029,-791
105000479,75,196,-121
105000480,1656,1879,-223
105000481,2067,2006,61
105000482,4903,2937,1966
105000483,1021,1167,-146
105000484,2733,2780,-47
105000485,1081,1387,-306
105000486,3685,2366,1319
105000488,2992,3149,-157
105000489,560,834,-274
105000549,13,132,-119
105000550,457,1328,-871
105000551,32,119,-87
105000552,3470,2170,1300
105900001,2,980,-978
105900002,1928,351,1577
105900003,1,100,-99
105900004,568,140,428
105900005,6,253,-247
105900006,13,50,-37
105900007,106,12,94
105900008,50,970,-920
105900009,16,17,-1
105900011,176,63,113
105900012,377,185,192
105900013,1,22,-21
105900014,11,131,-120
105900015,300,371,-71
105900016,223,1133,-910
105900017,594,69,525
105900018,236,328,-92
105900019,56,730,-674
105900020,18,59,-41
105900021,35,467,-432
105900022,264,403,-139
105900023,3,197,-194
105900024,15,280,-265
105900025,55,72,-17
105900026,204,34,170
105900027,6044,6500,-456
105900028,48,167,-119
105900029,2277,480,1797
105900030,222,361,-139
105900031,440,197,243
105900032,43,142,-99
105900033,86,149,-63
105900034,126,279,-153
105900035,265,237,28
105900036,36,138,-102
105900037,52,94,-42
105900038,120,278,-158
105900039,56,164,-108
105900040,53,110,-57
105900041,165,510,-345
105900042,15,118,-103
105900043,2127,106,2021
105900044,1,197,-196
105900045,3,793,-790
105900046,5,185,-180
105900047,24,17,7
105900048,46,478,-432
105900050,5374,881,4493
105900051,3,1478,-1475
105900052,277,161,116
105900053,4524,1226,3298
105900054,338,362,-24
105900056,1137,230,907
105900057,23,208,-185
105900058,8,50,-42
105900059,2,61,-59
106000001,4507,1348,3159
106000002,3499,4378,-879
106000003,2670,2390,280
106000004,2388,2585,-197
106000005,2332,5208,-2876
106000006,6461,5582,879
106000007,342,556,-214
106000008,574,311,263
106000009,378,342,36
106000010,540,596,-56
106000011,576,1118,-542
106000012,672,1953,-1281
106000013,1453,2136,-683
106000014,2456,2220,236
106000015,1057,1196,-139
106000016,1158,2999,-1841
106000017,597,752,-155
106000018,523,741,-218
106000019,283,446,-163
106000020,242,616,-374
106000021,200,540,-340
106000022,273,388,-115
106000023,459,396,63
106000024,629,1019,-390
106000025,91,156,-65
106000026,222,310,-88
106000027,716,1321,-605
106000028,457,883,-426
106000029,860,1798,-938
106000030,1150,330,820
106000034,206,652,-446
106000035,661,1086,-425
106000036,397,398,-1
106000037,1733,1734,-1
106000038,616,78,538
106000039,242,40,202
106000040,172,749,-577
106000041,767,272,495
106000043,499,110,389
106000046,258,37,221
106000047,27,318,-291
106000049,362,163,199
106000050,295,1000,-705
106000051,348,355,-7
106000052,53,805,-752
106000053,182,107,75
106000054,361,541,-180
106000055,648,972,-324
106000056,263,566,-303
106000057,201,203,-2
106000058,122,251,-129
106000059,140,240,-100
106000060,539,590,-51
106000061,219,418,-199
106000062,124,632,-508
106000063,420,482,-62
106000064,27,521,-494
106000065,242,210,32
106000066,65,472,-407
106000067,213,117,96
106000068,38,700,-662
106000069,115,111,4
106000070,304,923,-619
106000071,583,342,241
106000072,5306,1464,3842
106000073,1943,2054,-111
106000074,223,631,-408
106000075,223,1095,-872
106000076,1230,1869,-639
106000077,3434,1470,1964
106000078,634,1125,-491
106000079,521,1263,-742
106000080,945,943,2
106000081,525,1208,-683
106000082,2396,1143,1253
106000083,357,1335,-978
106000084,1044,765,279
106000085,1691,1129,562
106000086,609,706,-97
106000087,863,696,167
106000088,345,833,-488
106000089,726,530,196
106000090,227,683,-456
106000091,231,796,-565
106000092,426,263,163
106000093,220,77,143
106000094,111,341,-230
106000095,385,1371,-986
106000096,462,892,-430
106000097,514,1721,-1207
106000098,359,1097,-738
106000099,170,1110,-940
106000100,1190,363,827
106000101,2565,326,2239
106000102,368,640,-272
106000103,206,660,-454
106000104,740,431,309
106000105,359,1112,-753
106000106,326,454,-128
106000107,67,537,-470
106000108,139,350,-211
106000109,64,445,-381
106000110,80,333,-253
106000111,87,703,-616
106000112,85,413,-328
106000113,1062,760,302
106000114,462,467,-5
106000115,171,570,-399
106000116,109,253,-144
106000117,965,915,50
106000118,1008,1144,-136
106000119,3028,1450,1578
106000120,698,821,-123
106000121,100,182,-82
106000122,40,388,-348
106000123,126,359,-233
106000124,25,486,-461
106000125,17,484,-467
106000126,84,239,-155
106000127,404,1032,-628
106000128,358,353,5
106000129,380,913,-533
106000130,449,466,-17
106000131,95,797,-702
106000132,875,134,741
106000133,4503,1078,3425
106000134,939,1622,-683
106000135,215,923,-708
106000136,498,501,-3
106000137,69,1918,-1849
106000138,512,61,451
106000139,32,160,-128
106000140,18,156,-138
106000141,23,158,-135
106000142,52,96,-44
106000143,22,168,-146
106000144,20,95,-75
106000145,123,493,-370
106000146,148,248,-100
106000147,382,572,-190
106000148,677,974,-297
106000149,370,527,-157
106000150,418,1751,-1333
106000151,5483,882,4601
106000152,1982,1250,732
106000153,79,1384,-1305
106000154,1845,247,1598
106000155,83,203,-120
106000156,523,445,78
106000157,632,2312,-1680
106000158,3442,779,2663
106000159,5308,1782,3526
106000160,210,1937,-1727
106000161,1521,671,850
106000162,147,795,-648
106000163,188,724,-536
106000164,169,450,-281
106000165,179,926,-747
106000166,403,385,18
106000167,259,1912,-1653
106000168,186,323,-137
106000169,121,1063,-942
106000170,310,316,-6
106000171,79,1136,-1057
106000172,2561,949,1612
106000173,904,3129,-2225
106000174,1051,278,773
106000175,327,1103,-776
106000176,862,701,161
106000177,609,2771,-2162
106000178,2976,1428,1548
106000179,1241,2540,-1299
106000180,848,2174,-1326
106000181,382,2442,-2060
106000182,481,808,-327
106000183,541,1317,-776
106000184,736,1362,-626
106000185,483,1170,-687
106000186,938,222,716
106000187,244,870,-626
106000188,0,1,-1
106000189,2,50,-48
106000190,14,3,11
106000191,581,196,385
106000192,1,29,-28
106000193,278,200,78
106000194,155,377,-222
106000195,966,112,854
106000196,282,471,-189
106000197,230,321,-91
106000198,116,400,-284
106000199,991,485,506
106000200,488,177,311
106000201,472,1037,-565
106000202,8320,667,7653
106000203,238,141,97
106000204,19,6,13
106000205,18,134,-116
106000206,35,13,22
106000207,52,1040,-988
106000208,517,94,423
106000209,1142,279,863
106000210,282,1668,-1386
106000211,343,1812,-1469
106000212,487,185,302
106000213,748,1377,-629
106000214,2838,460,2378
106000215,161,544,-383
106000216,254,379,-125
106000217,218,497,-279
106000218,393,359,34
106000219,105,285,-180
106000220,388,294,94
106000221,90,362,-272
106000222,18,168,-150
106000223,56,163,-107
106000224,125,499,-374
106000225,38,55,-17
106000226,120,433,-313
106000228,42,138,-96
106000229,67,918,-851
106000231,396,132,264
106000232,71,524,-453
106000233,301,123,178
106000234,24,272,-248
106000235,377,84,293
106000236,171,57,114
106000237,0,9,-9
106000238,3,11,-8
106000239,10,105,-95
106000240,85,2,83
106000241,15,745,-730
106000242,146,19,127
106000249,52,96,-44
106000250,48,548,-500
106000251,34,31,3
106000252,31,153,-122
106000253,9,35,-26
106000254,47,92,-45
106000255,6,90,-84
106000256,71,151,-80
106000257,78,418,-340
106000258,203,12,191
106000259,1,29,-28
106000260,7,8,-1
106000261,0,51,-51
106000262,57,23,34
106000263,4,70,-66
106000264,204,7,197
106000265,4,151,-147
106000266,81,10,71
106000267,8,104,-96
106000268,453,18,435
106000269,59,61,-2
106000270,121,414,-293
106000271,23,213,-190
106000272,58,63,-5
106000273,3,248,-245
106000274,193,60,133
106000275,96,144,-48
106000276,168,90,78
106000277,131,154,-23
106000278,164,45,119
106000279,9,91,-82
106000280,28,164,-136
106000281,61,89,-28
106000282,48,71,-23
106000283,71,96,-25
106000284,34,136,-102
106000285,77,126,-49
106000286,54,186,-132
106000287,98,109,-11
106000288,74,167,-93
106000289,67,99,-32
106000290,41,123,-82
106000291,53,96,-43
106000292,55,161,-106
106000293,69,80,-11
106000294,118,140,-22
106000295,43,54,-11
106000296,62,126,-64
106000297,65,215,-150
106000298,166,98,68
106000299,46,186,-140
106000300,58,108,-50
106000301,47,113,-66
106000303,9,66,-57
106000304,51,42,9
106000305,24,28,-4
106000306,45,90,-45
106000307,39,16,23
106000308,29,230,-201
106000309,13,85,-72
106000310,171,785,-614
106000311,221,150,71
106000312,75,214,-139
106000313,90,217,-127
106000318,181,206,-25
106000319,392,50,342
106000320,3,50,-47
106000321,310,55,255
106000322,79,287,-208
106000324,7,196,-189
106000325,924,1029,-105
106000326,859,2272,-1413
106000327,66,190,-124
106000328,6,109,-103
106000329,36,330,-294
106000330,39,52,-13
106000428,42,170,-128
106000429,59,505,-446
106000430,316,1540,-1224
106000431,959,281,678
106000432,1459,2842,-1383
106000433,1317,730,587
106000434,2648,886,1762
106000435,2273,2722,-449
106000436,10,355,-345
106000437,221,45,176
106000438,273,111,162
106000439,52,747,-695
106000440,187,511,-324
106000441,2,0,2
106000442,112,6,106
106000443,57,753,-696
106000450,3,270,-267
106000451,30,25,5
106000454,2,101,-99
106000455,25,189,-164
106000456,118,24,94
106000457,5,1537,-1532
106000458,175,145,30
106000459,30,442,-412
106000460,442,26,416
106000461,27,2490,-2463
106000462,0,10,-10
106000463,0,38,-38
106000464,3,609,-606
106000465,163,0,163
106000466,3,1049,-1046
106000467,516,584,-68
106000468,46,187,-141
106000469,227,4,223
106000470,228,1274,-1046
106000471,33,814,-781
106000472,57,7,50
106000473,15,19,-4
106000474,225,762,-537
106000475,154,122,32
106000476,147,111,36
106000477,7,62,-55
106900001,0,16,-16
106900002,2,679,-677
106900003,260,988,-728
106900004,0,97,-97
106900006,0,18,-18
106900007,0,14,-14
106900008,130,357,-227
106900009,200,507,-307
106900010,131,407,-276
106900012,2328,1743,585
106900013,469,64,405
106900014,22,1,21
106900015,29,2,27
106900016,102,5,97
106900017,5,0,5
106900018,1,1,0
106900019,26,0,26
106900020,3259,743,2516
106900021,14,17,-3
106900022,278,0,278
106900023,12,328,-316
106900024,619,18,601
106900025,64,699,-635
106900026,7,1071,-1064
106900027,260,2,258
107000001,1874,1630,244
107000002,3156,4102,-946
107000003,3609,4727,-1118
107000004,5664,7049,-1385
107000005,1850,3691,-1841
107000006,3706,8078,-4372
107000007,5132,5908,-776
107000008,21887,13300,8587
107000009,4772,4675,97
107000010,12776,15227,-2451
107000011,1309,1430,-121
107000012,4798,4477,321
107000013,26,171,-145
107000014,12,262,-250
107000015,301,925,-624
107000016,354,1380,-1026
107000017,6672,1099,5573
107000018,46,346,-300
107000020,4669,443,4226
107000021,2156,1145,1011
107000022,1868,2024,-156
107000023,2167,358,1809
107000024,607,2607,-2000
107000025,119,476,-357
107000026,139,1007,-868
107000027,1045,1129,-84
107000028,1464,2047,-583
107000029,1722,2016,-294
107000030,3576,3925,-349
107000031,2358,2410,-52
107000032,316,1029,-713
107000033,4281,6937,-2656
107000034,6059,2413,3646
107000035,303,156,147
107000036,281,1060,-779
107000037,56,765,-709
107000038,195,337,-142
107000039,554,570,-16
107000040,181,419,-238
107000041,1382,675,707
107000042,713,1954,-1241
107000043,3489,1016,2473
107000044,769,436,333
107000045,37,316,-279
107000046,485,405,80
107000047,332,876,-544
107000048,476,416,60
107000049,484,734,-250
107000050,747,468,279
107000051,483,298,185
107000052,1050,657,393
107000053,278,121,157
107000054,78,277,-199
107000055,92,93,-1
107000056,510,989,-479
107000057,1794,191,1603
107000058,1566,1939,-373
107000059,2743,3249,-506
107000060,3305,5249,-1944
107000061,6085,4484,1601
107000062,2370,2979,-609
107000063,3946,7156,-3210
107000064,2166,2109,57
107000065,3533,6615,-3082
107000066,1987,2357,-370
107000067,698,1018,-320
107000068,1818,723,1095
107000069,452,375,77
107000070,334,25,309
107000071,1318,13,1305
107000072,32,4631,-4599
107000073,288,133,155
107000074,143,1149,-1006
107000075,989,289,700
107000076,824,2103,-1279
107000077,1829,557,1272
107000078,1715,3941,-2226
107000079,1521,495,1026
107000080,1221,3908,-2687
107000081,816,455,361
107000082,512,3396,-2884
107000083,835,281,554
107000084,540,3161,-2621
107000085,2767,3150,-383
107000086,4023,3238,785
107000087,2276,2250,26
107000088,2801,3616,-815
107000089,1149,1791,-642
107000090,943,1269,-326
107000091,811,1145,-334
107000092,663,1332,-669
107000093,687,819,-132
107000094,826,1673,-847
107000095,342,472,-130
107000096,600,1139,-539
107000097,307,144,163
107000098,409,527,-118
107000099,432,309,123
107000100,369,255,114
107000101,68,144,-76
107000102,288,290,-2
107000103,288,110,178
107000104,241,338,-97
107000105,283,115,168
107000106,166,337,-171
107000107,353,175,178
107000108,110,908,-798
107000109,280,195,85
107000110,81,676,-595
107000111,100,34,66
107000112,19,472,-453
107000113,251,98,153
107000114,93,798,-705
107000115,236,73,163
107000116,72,1138,-1066
107000117,72,175,-103
107000118,180,300,-120
107000119,1881,1033,848
107000120,2219,471,1748
107000121,426,757,-331
107000122,944,1130,-186
107000123,192,755,-563
107000124,350,1012,-662
107000125,359,715,-356
107000126,423,1113,-690
107000127,11,399,-388
107000129,87,156,-69
107000130,136,245,-109
107000131,374,422,-48
107000132,420,382,38
107000133,869,177,692
107000134,329,0,329
107000135,3,252,-249
107000136,639,4,635
107000137,10,426,-416
107000138,306,17,289
107000139,13,330,-317
107000140,989,47,942
107000141,79,948,-869
107000142,175,46,129
107000143,39,1148,-1109
107000144,262,344,-82
107000145,152,725,-573
107000146,151,328,-177
107000147,3141,739,2402
107000150,1086,2662,-1576
107000151,52,55,-3
107000152,512,601,-89
107000153,358,336,22
107000154,144,73,71
107000155,520,41,479
107000156,1072,69,1003
107000157,48,3268,-3220
107000158,262,12,250
107000159,43,1470,-1427
107000160,381,112,269
107000161,77,2572,-2495
107000162,112,290,-178
107000163,22,2,20
107000164,118,0,118
107000165,388,5,383
107000166,66,1797,-1731
107000167,282,302,-20
107000168,502,271,231
107000169,986,1240,-254
107000170,923,505,418
107000171,607,3764,-3157
107000172,451,643,-192
107000173,749,1562,-813
107000174,1110,2927,-1817
107000175,13560,2040,11520
107000176,0,0,0
107000177,2,0,2
107000178,6,88,-82
107000179,215,3805,-3590
107000180,702,422,280
107000181,329,1703,-1374
107000182,963,1145,-182
107000183,108,1297,-1189
107000184,391,868,-477
107000185,422,1755,-1333
107000186,746,361,385
107000187,1069,1406,-337
107000188,469,421,48
107000189,313,977,-664
107000190,401,894,-493
107000191,458,916,-458
107000192,1200,1183,17
107000193,365,411,-46
107000194,1006,1013,-7
107000197,392,255,137
107000198,251,852,-601
107000199,643,1015,-372
107000200,1118,610,508
107000201,254,261,-7
107000202,152,534,-382
107000203,752,606,146
107000204,881,743,138
107000205,3557,1523,2034
107000206,1039,1139,-100
107000207,836,1160,-324
107000208,1906,407,1499
107000209,2899,557,2342
107000210,1751,317,1434
107000211,9,21,-12
107000212,20,254,-234
107000213,24,27,-3
107000214,11,176,-165
107000215,318,566,-248
107000216,148,583,-435
107000217,57,184,-127
107000219,57,192,-135
107000220,83,413,-330
107000222,292,902,-610
107000224,292,49,243
107000225,178,1095,-917
107000226,216,76,140
107000227,125,674,-549
107000228,114,160,-46
107000229,201,143,58
107000230,1034,552,482
107000231,920,438,482
107000232,37,38,-1
107000233,722,295,427
107000234,0,21,-21
107000235,49,9,40
107000236,24,821,-797
107000237,8,2,6
107000238,70,1,69
107000239,6472,462,6010
107000240,50,1431,-1381
107000241,174,36,138
107000242,843,65,778
107000243,0,48,-48
107000244,4,81,-77
107000246,5,1493,-1488
107000249,4,1170,-1166
107000251,4,353,-349
107000252,8,1607,-1599
107000255,785,89,696
107000257,3,675,-672
107000258,0,165,-165
107000259,4,308,-304
107000260,205,1,204
107000262,6,1111,-1105
107000263,105,1,104
107000266,4,7,-3
107000267,51,255,-204
107000268,180,271,-91
107000269,172,39,133
107000270,1,11,-10
107000271,5,1327,-1322
107000272,13,277,-264
107000273,1,304,-303
107000274,2664,308,2356
107000275,155,895,-740
107000280,303,19,284
107000281,21,1277,-1256
107000282,23,2087,-2064
107000290,0,49,-49
107000291,6,13,-7
107000292,1,48,-47
107000293,100,10,90
107000294,0,51,-51
107000295,49,1,48
107000296,1,23,-22
107000444,177,7,170
107000496,0,37,-37
107000497,1447,3974,-2527
107000500,347,358,-11
107000501,78,214,-136
107000502,225,487,-262
107000505,594,803,-209
107000506,1,25,-24
107000508,6,799,-793
107000509,214,836,-622
107000510,11,18,-7
107000514,26,260,-234
107000515,22,414,-392
107000516,135,199,-64
107000518,561,476,85
107000519,4418,1172,3246
107000520,32,9,23
107900001,20,291,-271
107900002,19,1,18
107900003,179,11,168
107900004,29,1,28
107900005,305,2,303
107900006,108,0,108
107900007,138,13,125
107900008,18,50,-32
107900009,119,6,113
107900010,9,0,9
107900012,177,11,166
107900013,239,98,141
107900014,11,4,7
107900015,320,2,318
107900016,667,111,556
107900017,15,0,15
107900018,26,41,-15
107900019,5,116,-111
107900020,95,13,82
107900021,15,190,-175
107900023,1,2,-1
107900024,0,29,-29
107900025,229,450,-221
107900026,13,155,-142
107900027,47,97,-50
107900028,32,127,-95
107900030,125,6,119
107900031,59,307,-248
107900032,1,5,-4
107900033,10,2,8
107900034,173,6,167
107900035,447,9,438
107900036,47,1,46
107900037,0,66,-66
107900038,186,126,60
107900039,4,81,-77
107900040,55,62,-7
107900041,1,1,0
107900043,35,140,-105
107900044,11,3,8
107900045,34,34,0
107900046,53,53,0
107900047,10,93,-83
107900048,69,5,64
107900049,321,1652,-1331
107900050,88,450,-362
107900051,75,75,0
107900052,19,10,9
107900053,8,90,-82
107900055,548,212,336
107900056,76,18,58
107900057,3,0,3
107900058,21,1012,-991
107900060,10,42,-32
107900061,16,6,10
107900063,135,92,43
107900064,276,28,248
107900065,70,7,63
107900066,4,8,-4
107900067,0,0,0
107900068,120,351,-231
107900069,19,634,-615
107900070,47,15,32
107900071,9,1313,-1304
107900072,38,296,-258
107900073,58,153,-95
107900074,1107,105,1002
107900076,83,91,-8
107900077,17,0,17
107900078,240,17,223
107900079,5,5,0
107900080,133,186,-53
107900081,5,142,-137
107900082,17,24,-7
107900083,179,86,93
107900084,65,102,-37
107900086,27,77,-50
107900087,443,63,380
107900088,10,17,-7
107900089,371,1239,-868
107900090,399,992,-593
107900091,154,624,-470
107900092,2411,519,1892
107900093,33,70,-37
107900095,3249,1074,2175
107900097,10,68,-58
107900098,42,113,-71
107900100,1261,556,705
107900101,1382,127,1255
107900102,13,9,4
107900103,37,190,-153
107900104,132,3,129
107900105,0,577,-577
107900106,7,1960,-1953
107900107,2111,212,1899
107900108,341,95,246
107900109,392,0,392
107900110,6,101,-95
107900111,9,1590,-1581
107900112,109,242,-133
107900113,54,112,-58
107900114,47,291,-244
107900115,6,68,-62
107900116,41,265,-224
107900117,228,492,-264
107900118,73,155,-82
107900119,32,161,-129
107900120,45,18,27
107900121,1,154,-153
107900122,1,73,-72
107900123,1,15,-14
107900124,13,71,-58
107900125,19,224,-205
107900126,3,12,-9
107900127,716,102,614
107900128,133,44,89
107900129,26,28,-2
107900130,25,25,0
107900131,326,24,302
107900132,90,531,-441
107900133,0,88,-88
107900134,17,19,-2
107900135,3,223,-220
107900136,56,35,21
107900137,90,91,-1
107900138,23,24,-1
107900139,6,31,-25
107900140,117,88,29
107900141,42,12,30
107900142,51,1356,-1305
107900143,44,50,-6
107900144,5,174,-169
107900145,16,150,-134
107900146,24,128,-104
107900147,28,16,12
107900148,87,249,-162
107900149,2134,154,1980
107900150,73,942,-869
107900151,2,125,-123
107900152,27,417,-390
107900153,129,177,-48
107900154,15,10,5
107900155,26,41,-15
107900156,8,457,-449
107900157,36,81,-45
107900158,243,6,237
107900159,27,1325,-1298
107900160,37,240,-203
107900161,8,336,-328
107900162,0,324,-324
107900163,91,27,64
107900164,4,10,-6
107900165,53,61,-8
107900166,4,338,-334
107900167,18,6,12
107900168,4,42,-38
107900169,5,158,-153
107900171,6,2172,-2166
107900172,0,461,-461
107900173,6,281,-275
107900174,25,7,18
107900175,18,15,3
107900176,12,41,-29
107900177,1,414,-413
107900178,0,295,-295
107900179,11,147,-136
107900180,1210,154,1056
107900181,416,467,-51
107900182,4,1944,-1940
107900183,23,506,-483
107900184,44,311,-267
107900185,35,2,33
107900186,9,31,-22
107900187,0,142,-142
107900188,880,88,792
107900189,4,122,-118
107900190,95,54,41
107900191,41,180,-139
107900193,8,30,-22
107900194,216,3,213
107900195,5182,577,4605
107900196,25,75,-50
107900197,497,69,428
107900199,6,1304,-1298
107900201,62,158,-96
107900203,28,99,-71
107900204,279,260,19
107900205,169,544,-375
107900206,340,162,178
107900207,2,702,-700
107900208,7,1016,-1009
107900209,381,98,283
107900210,79,161,-82
107900213,646,511,135
107900214,4,167,-163
107900215,182,348,-166
107900216,77,73,4
107900217,24,69,-45
107900218,19,1816,-1797
107900219,3,174,-171
107900220,231,145,86
107900221,213,213,0
107900223,53,677,-624
107900224,194,315,-121
107900225,5,1021,-1016
107900226,22,164,-142
107900227,92,589,-497
107900228,12,163,-151
107900229,3,451,-448
107900230,6,226,-220
107900231,6,222,-216
107900232,28,302,-274
107900233,1,189,-188
107900234,36,203,-167
107900235,35,123,-88
107900236,26,138,-112
107900237,142,654,-512
107900238,9,113,-104
107900239,1442,405,1037
107900240,8,234,-226
107900241,12,142,-130
107900242,8,467,-459
107900243,2,55,-53
107900244,104,3,101
107900245,140,22,118
107900246,90,8,82
107900248,91,725,-634
107900249,197,5,192
107900250,1,742,-741
107900251,47,1174,-1127
107900252,362,7,355
107900253,53,4,49
107900254,67,461,-394
107900255,455,91,364
107900256,1931,664,1267
107900257,73,75,-2
107900258,54,228,-174
107900259,119,722,-603
107900261,9,824,-815
107900262,20,140,-120
107900264,138,2,136
107900265,41,234,-193
107900267,44,20,24
107900268,42,6,36
107900269,0,2,-2
107900270,0,0,0
107900271,2,9,-7
107900272,166,6,160
107900273,30,74,-44
107900274,23,0,23
107900275,7,1,6
107900276,1,72,-71
107900277,4,224,-220
107900278,141,416,-275
107900279,151,85,66
107900280,2525,1322,1203
107900281,4037,955,3082
107900282,37,172,-135
107900283,1711,477,1234
107900284,176,1054,-878
107900285,39,173,-134
107900286,136,67,69
107900287,88,152,-64
107900290,1,35,-34
107900291,250,25,225
107900292,79,299,-220
107900293,29,622,-593
107900295,18,190,-172
107900297,4,404,-400
107900298,752,987,-235
107900299,4619,1534,3085
107900300,27,204,-177
107900301,429,239,190
107900302,63,16,47
107900303,40,319,-279
107900304,137,790,-653
107900305,150,12,138
107900306,14,8,6
107900307,59,321,-262
107900308,161,39,122
107900309,8,0,8
107900310,0,0,0
107900311,127,67,60
107900312,0,0,0
107900313,2,41,-39
107900314,0,43,-43
107900315,0,69,-69
107900316,11,0,11
107900317,26,3,23
107900318,1,135,-134
107900319,4,388,-384
107900320,1,176,-175
107900321,50,10,40
107900322,5,228,-223
107900323,9,165,-156
107900324,88,0,88
107900325,41,0,41
107900326,113,472,-359
107900327,0,0,0
107900328,0,0,0
107900329,0,0,0
107900330,6,747,-741
107900331,91,32,59
107900332,82,33,49
107900333,26,13,13
107900334,11,337,-326
107900335,51,73,-22
107900336,12,35,-23
107900337,1653,404,1249
107900338,0,172,-172
107900339,2,49,-47
107900340,0,77,-77
107900341,12,0,12
107900342,42,144,-102
107900343,26,0,26
107900344,2,117,-115
107900345,50,15,35
107900346,42,2,40
107900347,13,3,10
107900348,0,2,-2
107900349,23,2,21
107900350,32,366,-334
108000001,2116,2638,-522
108000002,2606,3909,-1303
108000003,2850,1556,1294
108000004,19503,18751,752
108000005,4361,2782,1579
108000006,5797,6992,-1195
108000007,3737,3308,429
108000008,5529,6928,-1399
108000009,2325,2788,-463
108000010,2936,6014,-3078
108000011,9703,7245,2458
108000012,20576,18076,2500
108000014,526,537,-11
108000015,346,313,33
108000016,203,751,-548
108000017,561,397,164
108000018,983,412,571
108000019,1449,480,969
108000020,958,405,553
108000021,519,1908,-1389
108000022,547,1777,-1230
108000023,881,183,698
108000024,125,843,-718
108000025,136,240,-104
108000026,227,770,-543
108000027,290,555,-265
108000028,161,318,-157
108000029,194,697,-503
108000030,341,235,106
108000031,256,681,-425
108000032,641,508,133
108000033,439,1549,-1110
108000034,1027,408,619
108000035,909,3080,-2171
108000036,300,1656,-1356
108000037,1177,332,845
108000038,1387,413,974
108000039,440,3355,-2915
108000040,957,570,387
108000041,640,3747,-3107
108000042,72,280,-208
108000043,106,365,-259
108000044,171,191,-20
108000045,146,777,-631
108000046,786,282,504
108000047,419,1380,-961
108000048,116,528,-412
108000049,327,190,137
108000050,99,590,-491
108000051,138,73,65
108000052,331,970,-639
108000053,194,122,72
108000054,593,1180,-587
108000055,750,331,419
108000056,934,1215,-281
108000057,479,736,-257
108000058,1998,2197,-199
108000059,4273,2146,2127
108000060,112,348,-236
108000061,176,330,-154
108000062,354,451,-97
108000063,298,952,-654
108000064,80,256,-176
108000065,385,918,-533
108000066,1587,700,887
108000067,1310,445,865
108000068,464,333,131
108000069,175,1358,-1183
108000070,993,588,405
108000071,509,2420,-1911
108000072,1020,928,92
108000073,1600,2476,-876
108000074,270,320,-50
108000075,356,987,-631
108000076,460,362,98
108000077,757,1081,-324
108000078,1399,1161,238
108000079,1068,2309,-1241
108000080,518,516,2
108000081,505,3229,-2724
108000082,1108,2042,-934
108000083,1458,572,886
108000084,403,1643,-1240
108000085,354,294,60
108000086,1047,1158,-111
108000087,188,1235,-1047
108000088,97,4,93
108000089,241,390,-149
108000090,234,103,131
108000091,74,650,-576
108000092,61,71,-10
108000093,94,1053,-959
108000094,427,101,326
108000095,136,586,-450
108000096,119,192,-73
108000097,84,770,-686
108000098,652,1636,-984
108000099,129,99,30
108000100,21,194,-173
108000101,868,862,6
108000102,1043,1595,-552
108000106,700,1,699
108000107,1,807,-806
108000108,424,50,374
108000109,8,965,-957
108000110,78,230,-152
108000111,142,844,-702
108000112,47,63,-16
108000113,587,444,143
108000115,573,430,143
108000117,835,352,483
108000118,111,116,-5
108000119,761,596,165
108000120,92,539,-447
108000121,165,642,-477
108000122,238,312,-74
108000123,457,413,44
108000124,222,653,-431
108000125,134,492,-358
108000126,76,772,-696
108000127,183,459,-276
108000128,270,1046,-776
108000129,174,1815,-1641
108000130,161,416,-255
108000131,536,172,364
108000132,1610,1489,121
108000133,486,365,121
108000134,778,882,-104
108000135,497,292,205
108000136,901,1218,-317
108000137,172,487,-315
108000138,197,1186,-989
108000139,113,499,-386
108000140,19,24,-5
108000141,15,212,-197
108000142,56,134,-78
108000143,34,32,2
108000144,18,16,2
108000145,18,25,-7
108000146,22,11,11
108000147,55,50,5
108000148,28,8,20
108000149,33,27,6
108000150,18,4,14
108000151,26,10,16
108000152,56,633,-577
108000153,138,112,26
108000154,29,7,22
108000155,13,5,8
108000156,378,119,259
108000157,127,366,-239
108000158,72,380,-308
108000159,798,137,661
108000160,6307,756,5551
108000161,6016,1480,4536
108000165,2,94,-92
108000172,0,171,-171
108000173,3603,1247,2356
108000175,97,75,22
108000178,447,414,33
108000179,192,552,-360
108000181,26,29,-3
108000182,137,11,126
108000183,35,16,19
108000184,1452,1264,188
108000185,75,759,-684
108000186,35,45,-10
108000187,29,915,-886
108000188,188,359,-171
108000189,443,600,-157
108000190,33,99,-66
108000192,68,791,-723
108000193,698,59,639
108000194,33,9,24
108000195,2,1496,-1494
108000196,95,91,4
108000198,331,416,-85
108000199,0,114,-114
108000200,175,970,-795
108000202,0,152,-152
108000203,36,1169,-1133
108000204,28,16,12
108000205,552,650,-98
108000339,1853,254,1599
108000364,199,151,48
108000365,46,485,-439
108000367,116,513,-397
108000368,16,42,-26
108000369,1389,71,1318
108000371,1,663,-662
108000372,367,0,367
108000373,76,155,-79
108000376,53,20,33
108000377,206,372,-166
108000378,9571,7078,2493
108000379,35,145,-110
108000381,15,9,6
108000382,35,0,35
108000383,0,39,-39
108900001,139,1323,-1184
108900002,215,67,148
108900003,338,1262,-924
108900004,67,134,-67
108900005,35,106,-71
108900006,285,229,56
108900007,85,161,-76
108900008,49,164,-115
108900009,20,137,-117
108900010,83,208,-125
108900011,195,380,-185
108900012,141,603,-462
108900013,95,305,-210
108900014,1,74,-73
108900015,0,17,-17
108900016,0,239,-239
108900017,127,167,-40
108900018,76,706,-630
108900019,37,1520,-1483
108900020,32,338,-306
108900021,71,386,-315
108900022,39,7,32
108900023,1,47,-46
108900024,10,197,-187
108900025,40,137,-97
108900026,16,83,-67
108900027,1,166,-165
108900028,51,599,-548
108900029,47,243,-196
108900030,0,103,-103
108900031,35,733,-698
108900032,3,304,-301
108900033,0,153,-153
108900034,2,324,-322
108900035,207,2210,-2003
108900036,166,518,-352
108900037,20,559,-539
108900038,1,543,-542
108900039,2,715,-713
108900040,2,166,-164
108900041,7009,1999,5010
108900042,4,269,-265
108900043,49,596,-547
108900044,4,890,-886
108900045,14,774,-760
108900046,58,1488,-1430
108900047,0,79,-79
108900048,76,1355,-1279
108900049,6534,737,5797
108900050,1,383,-382
108900051,0,321,-321
108900052,16,495,-479
108900053,99,112,-13
108900054,35,263,-228
108900055,85,611,-526
108900056,1,210,-209
108900057,1,276,-275
108900058,13,712,-699
108900059,132,12,120
108900060,52,86,-34
108900061,24,25,-1
108900062,1,421,-420
108900063,6,629,-623
108900064,57,57,0
108900065,6,427,-421
108900066,123,102,21
108900067,58,259,-201
108900068,0,156,-156
108900069,15,153,-138
108900070,38,224,-186
108900071,37,66,-29
108900072,3225,276,2949
108900073,1,73,-72
108900074,57,545,-488
108900075,63,97,-34
108900076,107,60,47
108900077,138,186,-48
108900078,10,321,-311
108900079,905,260,645
108900080,22,320,-298
108900081,54,317,-263
108900082,17,144,-127
108900083,20,149,-129
108900084,365,136,229
108900085,2286,198,2088
108900086,41,444,-403
108900087,123,297,-174
108900088,607,232,375
108900089,13,85,-72
108900090,23,655,-632
108900091,159,183,-24
108900092,261,217,44
108900093,54,45,9
108900094,181,78,103
108900095,66,775,-709
108900096,552,49,503
108900097,245,294,-49
108900098,4069,360,3709
108900099,190,493,-303
108900100,26,171,-145
108900101,86,41,45
108900102,211,457,-246
108900103,12,60,-48
108900104,214,297,-83
108900105,3,512,-509
108900106,130,664,-534
108900108,130,62,68
108900109,9,23,-14
108900110,78,702,-624
108900111,184,829,-645
108900112,76,25,51
108900113,24,17,7
108900114,2,5,-3
108900115,60,47,13
108900116,25,22,3
108900117,58,30,28
108900118,245,3,242
108900119,115,28,87
108900120,64,103,-39
108900121,296,50,246
108900122,45,37,8
108900123,73,40,33
108900124,172,73,99
108900125,110,2,108
108900126,42,6,36
108900127,73,34,39
108900128,34,12,22
108900129,347,58,289
108900130,93,1,92
108900131,155,1,154
108900132,192,85,107
108900133,127,35,92
108900134,83,274,-191
108900135,56,6,50
108900136,7,0,7
108900137,47,0,47
108900138,226,54,172
108900139,211,56,155
108900140,93,312,-219
108900141,82,19,63
108900142,44,1,43
108900143,11,0,11
108900144,19,0,19
108900145,54,1,53
108900146,28,0,28
108900147,81,0,81
108900148,108,47,61
108900149,606,378,228
108900150,106,3,103
108900151,44,1,43
108900152,24,37,-13
108900153,75,644,-569
108900154,2813,417,2396
108900155,117,94,23
108900156,38,12,26
108900157,5,835,-830
108900158,76,34,42
108900159,16,355,-339
108900160,5,310,-305
108900161,0,581,-581
108900162,31,0,31
108900163,12,144,-132
108900164,40,76,-36
108900165,290,66,224
108900167,1868,2023,-155
108900168,12270,1874,10396
108900169,28,151,-123
108900171,11372,1424,9948
108900172,117,41,76
108900173,252,445,-193
108900174,259,484,-225
108900176,105,721,-616
108900177,11747,2400,9347
108900178,6801,1680,5121
108900179,331,708,-377
108900180,73,128,-55
108900182,13,136,-123
108900183,191,274,-83
108900184,270,154,116
108900185,52,348,-296
108900186,74,438,-364
108900187,147,47,100
108900188,224,47,177
108900189,260,175,85
108900190,27,3802,-3775
108900191,113,18,95
108900192,78,421,-343
108900193,304,47,257
108900194,21,436,-415
108900195,40,402,-362
108900196,33,822,-789
108900198,3,709,-706
108900199,140,333,-193
108900200,222,335,-113
108900201,303,1270,-967
108900203,225,10,215
108900204,225,5,220
108900205,144,5,139
108900206,154,10,144
108900207,117,30,87
108900208,33,401,-368
108900209,178,749,-571
108900210,169,282,-113
108900211,91,264,-173
108900212,798,652,146
108900215,105,722,-617
108900216,411,58,353
108900217,29,0,29
108900218,103,7,96
108900219,65,3,62
108900220,49,14,35
108900221,23,53,-30
108900222,79,11,68
108900223,9,55,-46
108900224,32,95,-63
108900225,1,162,-161
108900226,105,1,104
108900227,79,87,-8
108900230,534,404,130
108900231,66,306,-240
108900232,4,546,-542
108900233,221,34,187
108900234,197,78,119
108900235,163,826,-663
108900236,20,473,-453
108900237,47,328,-281
108900240,57,111,-54
108900241,22,13,9
108900245,5,626,-621
108900249,66,9,57
108900250,123,125,-2
108900257,69,836,-767
108900258,9,349,-340
108900259,16,95,-79
108900260,2,123,-121
108900261,107,154,-47
108900262,334,100,234
108900263,48,379,-331
108900264,344,346,-2
108900265,1985,280,1705
108900266,1494,275,1219
108900267,3,53,-50
108900268,1,3,-2
108900269,25,10,15
108900270,29,2,27
108900271,3,3,0
108900272,75,5,70
108900273,1071,366,705
108900274,16,65,-49
109000001,2578,841,1737
109000002,3195,1283,1912
109000003,1834,526,1308
109000004,476,3168,-2692
109000005,1411,695,716
109000006,630,2355,-1725
109000007,760,599,161
109000008,380,2302,-1922
109000009,2826,928,1898
109000010,1322,4421,-3099
109000011,1819,1346,473
109000012,1629,4667,-3038
109000013,2221,1622,599
109000014,1490,4471,-2981
109000015,2754,3190,-436
109000016,11270,4888,6382
109000017,1511,1051,460
109000018,623,3855,-3232
109000019,1680,904,776
109000020,1050,2553,-1503
109000023,176,12,164
109000024,3,139,-136
109000025,343,318,25
109000026,831,301,530
109000027,68,219,-151
109000028,64,133,-69
109000029,168,91,77
109000030,124,729,-605
109000031,104,75,29
109000032,60,600,-540
109000033,204,96,108
109000034,19,19,0
109000035,9,32,-23
109000036,118,428,-310
109000037,185,681,-496
109000038,547,281,266
109000039,571,386,185
109000040,6805,3230,3575
109000041,6797,1142,5655
109000042,1003,1072,-69
109000044,227,73,154
109000045,53,471,-418
109000046,161,78,83
109000047,50,569,-519
109000048,805,134,671
109000049,202,670,-468
109000050,266,202,64
109000051,294,396,-102
109000052,364,2135,-1771
109000053,107,76,31
109000054,471,854,-383
109000055,138,187,-49
109000056,255,731,-476
109000057,307,207,100
109000058,820,284,536
109000059,498,888,-390
109000060,565,179,386
109000061,2000,537,1463
109000062,120,200,-80
109000063,158,264,-106
109000064,148,202,-54
109000065,55,563,-508
109000066,228,201,27
109000067,24,483,-459
109000068,189,4,185
109000069,442,18,424
109000070,11,918,-907
109000071,354,105,249
109000072,34,396,-362
109000073,35,87,-52
109000074,15,279,-264
109000075,98,526,-428
109000076,40,113,-73
109000077,380,312,68
109000078,23,79,-56
109000079,89,279,-190
109000080,48,153,-105
109000081,45,721,-676
109000082,209,410,-201
109000083,128,979,-851
109000088,139,546,-407
109000089,212,32,180
109000090,186,596,-410
109000091,173,87,86
109000092,399,720,-321
109000093,153,138,15
109000094,182,1,181
109000095,83,968,-885
109000096,340,125,215
109000097,75,101,-26
109000098,36,44,-8
109000099,582,362,220
109000100,105,549,-444
109000101,829,924,-95
109000102,189,1003,-814
109000103,250,757,-507
109000104,824,667,157
109000105,297,1947,-1650
109000106,1275,663,612
109000107,490,2484,-1994
109000108,1017,563,454
109000109,384,2465,-2081
109000110,1139,408,731
109000111,982,3008,-2026
109000112,251,158,93
109000113,112,196,-84
109000114,115,314,-199
109000115,965,47,918
109000116,4,258,-254
109000117,98,114,-16
109000118,7,406,-399
109000119,470,357,113
109000120,127,1558,-1431
109000121,163,62,101
109000122,68,1621,-1553
109000123,9,98,-89
109000124,237,366,-129
109000125,394,362,32
109000126,230,1265,-1035
109000127,361,140,221
109000128,324,3177,-2853
109000129,1169,393,776
109000130,606,3524,-2918
109000131,611,240,371
109000132,659,2111,-1452
109000133,254,1128,-874
109000134,609,1660,-1051
109000135,961,1362,-401
109000136,165,554,-389
109000137,180,346,-166
109000138,297,700,-403
109000139,341,431,-90
109000140,81,643,-562
109000141,180,462,-282
109000142,99,590,-491
109000143,49,41,8
109000145,55,101,-46
109000146,16,89,-73
109000148,5125,1081,4044
109000149,22,28,-6
109000150,45,157,-112
109000155,311,535,-224
109000156,1200,1128,72
109000158,147,317,-170
109000159,123,775,-652
109000160,510,382,128
109000161,205,1811,-1606
109000162,1328,1236,92
109000163,648,2072,-1424
109000164,806,3029,-2223
109000165,854,797,57
109000166,336,174,162
109000167,64,1169,-1105
109000170,38,71,-33
109000171,38,50,-12
109000172,33,45,-12
109000173,6,49,-43
109000174,54,61,-7
109000175,15,129,-114
109000176,119,293,-174
109000177,17,184,-167
109000178,119,87,32
109000179,9219,2353,6866
109000180,6648,3092,3556
109000181,1,48,-47
109000182,28,55,-27
109000183,17,71,-54
109000184,8,21,-13
109000185,23,88,-65
109000188,504,3233,-2729
109000189,1828,954,874
109000190,374,607,-233
109000191,185,784,-599
109000192,140,353,-213
109000193,99,552,-453
109000194,54,141,-87
109000195,62,552,-490
109000196,129,122,7
109000197,121,663,-542
109000198,153,61,92
109000199,68,690,-622
109000206,148,25,123
109000207,69,35,34
109000208,111,52,59
109000209,118,70,48
109000210,159,554,-395
109000211,67,220,-153
109000214,206,721,-515
109000215,69,80,-11
109000216,126,110,16
109000217,144,72,72
109000218,112,84,28
109000221,207,1370,-1163
109000222,457,81,376
109000223,153,224,-71
109000224,40,474,-434
109000225,29,60,-31
109000226,22,370,-348
109000227,649,1960,-1311
109000228,1,359,-358
109000231,2,620,-618
109000232,122,587,-465
109000236,153,1018,-865
109000241,1281,2005,-724
109000242,1085,1338,-253
109000293,11,37,-26
109000361,52,290,-238
109000364,165,717,-552
109000396,9,1141,-1132
109000397,250,5,245
109000399,121,612,-491
109000400,24,271,-247
109000403,62,296,-234
109000406,125,7,118
109000407,148,329,-181
109000408,0,472,-472
109000410,582,207,375
109000411,27,16,11
109900001,42,0,42
109900002,340,13,327
109900003,62,0,62
109900004,570,270,300
109900005,41,28,13
109900006,210,249,-39
109900007,313,1067,-754
109900008,0,31,-31
109900009,63,1316,-1253
109900010,206,13,193
109900011,33,26,7
109900012,135,150,-15
109900013,236,95,141
109900014,130,36,94
109900015,299,99,200
109900016,72,49,23
109900017,75,84,-9
109900018,147,163,-16
109900019,83,80,3
109900020,6,9,-3
109900021,5,9,-4
109900022,56,399,-343
109900023,5,5,0
109900024,6,2,4
109900025,0,97,-97
109900026,8,197,-189
109900027,44,12,32
109900028,3070,335,2735
109900029,1,659,-658
109900030,9,1,8
109900031,0,128,-128
109900032,5,308,-303
109900033,3,667,-664
109900034,3,0,3
109900035,11,44,-33
109900036,9,111,-102
109900037,20,650,-630
109900038,48,257,-209
109900039,0,0,0
109900040,7,817,-810
109900041,30,576,-546
109900042,13,545,-532
109900044,52,354,-302
109900045,43,43,0
109900046,16,52,-36
109900047,344,361,-17
109900048,2,75,-73
109900049,2,24,-22
109900050,1,387,-386
109900051,1,53,-52
109900052,39,302,-263
109900053,4,630,-626
109900054,298,127,171
109900055,29,333,-304
109900056,16,65,-49
109900057,5,352,-347
109900058,0,101,-101
109900059,212,84,128
109900060,212,172,40
109900061,79,325,-246
109900062,1,309,-308
109900063,3,408,-405
109900064,236,287,-51
109900065,95,132,-37
109900066,222,1186,-964
109900067,0,674,-674
109900068,22,2,20
109900069,1,40,-39
109900070,69,320,-251
109900071,1,43,-42
109900072,18,186,-168
109900073,121,929,-808
109900074,3,68,-65
109900075,1,20,-19
109900076,12,352,-340
109900077,29,47,-18
109900078,105,338,-233
109900080,114,427,-313
109900081,12,96,-84
109900082,26,661,-635
109900083,22,46,-24
109900084,26,122,-96
109900085,140,1405,-1265
109900086,90,177,-87
109900087,250,407,-157
109900089,312,91,221
109900090,485,1428,-943
109900091,101,47,54
109900092,615,19,596
109900093,379,112,267
109900094,27,73,-46
109900095,170,231,-61
109900096,8,2,6
109900097,80,0,80
109900098,122,15,107
109900099,39,0,39
109900100,15,0,15
109900101,132,7,125
109900102,215,31,184
109900103,12,41,-29
109900104,148,1378,-1230
109900105,262,27,235
109900106,211,61,150
109900107,253,83,170
109900108,57,1323,-1266
109900109,20,296,-276
109900110,36,577,-541
109900111,313,1383,-1070
109900112,526,1136,-610
109900113,373,231,142
109900114,790,379,411
109900115,111,71,40
109900117,348,104,244
109900118,230,467,-237
109900119,700,360,340
109900120,39,3,36
109900121,292,159,133
109900122,220,2,218
109900123,5,253,-248
109900124,25,878,-853
109900125,2,288,-286
109900126,80,212,-132
109900128,85,36,49
109900130,13823,1177,12646
109900131,51,153,-102
109900132,49,239,-190
109900133,28,520,-492
109900134,39,42,-3
109900135,354,24,330
109900136,58,150,-92
109900137,47,460,-413
109900138,119,512,-393
109900140,112,457,-345
109900141,107,218,-111
109900142,426,273,153
109900145,3,106,-103
109900146,312,25,287
109900148,37,72,-35
109900149,36,52,-16
109900150,1,84,-83
109900151,0,70,-70
109900152,1,13,-12
109900153,0,31,-31
109900154,4,0,4
109900155,12,8,4
109900157,33,320,-287
109900158,58,119,-61
109900159,78,14,64
109900160,76,40,36
109900161,105,58,47
109900162,79,105,-26
109900163,753,266,487
109900164,61,196,-135
109900165,102,7,95
109900166,1,272,-271
109900167,81,749,-668
109900168,88,650,-562
109900169,64,121,-57
109900170,226,504,-278
109900171,62,84,-22
109900172,62,197,-135
109900173,5129,940,4189
109900174,33,200,-167
109900175,17,71,-54
109900176,47,250,-203
109900177,29,362,-333
109900178,3,127,-124
109900179,9,23,-14
109900180,3,9,-6
110000001,715,670,45
110000002,493,453,40
110000003,1456,649,807
110000004,541,502,39
110000005,672,1410,-738
110000006,687,413,274
110000007,105,207,-102
110000008,5,42,-37
110000009,21,59,-38
110000010,18,63,-45
110000011,29,116,-87
110000012,745,466,279
110000013,19,364,-345
110000014,710,429,281
110000015,482,609,-127
110000016,336,1098,-762
110000017,5308,300,5008
110000018,4855,553,4302
110000019,6,234,-228
110000020,598,290,308
110000021,904,411,493
110000022,895,167,728
110000023,6,202,-196
110000024,677,459,218
110000025,114,3,111
110000026,6,682,-676
110000027,583,347,236
110000028,642,685,-43
110000029,455,1095,-640
110000030,169,417,-248
110000031,161,761,-600
110000032,510,437,73
110000033,109,144,-35
110000034,150,949,-799
110000035,275,1166,-891
110000036,430,933,-503
110000037,99,1179,-1080
110000038,183,678,-495
110000039,588,1688,-1100
110000040,247,679,-432
110000041,148,889,-741
110000042,77,471,-394
110000043,562,201,361
110000044,130,170,-40
110000045,937,74,863
110000046,1,13,-12
110000047,5,10,-5
110000048,6,10,-4
110000049,7,5,2
110000050,6,12,-6
110000051,13,7,6
110000052,10,42,-32
110000053,33,9,24
110000054,153,421,-268
110000055,326,32,294
110000056,296,53,243
110000057,339,963,-624
110000058,608,776,-168
110000059,573,751,-178
110000060,492,946,-454
110000061,1021,975,46
110000062,887,870,17
110000063,18,83,-65
110000064,70,161,-91
110000065,27,89,-62
110000066,37,49,-12
110000067,63,354,-291
110000068,74,582,-508
110000069,94,102,-8
110000071,54,166,-112
110000073,0,25,-25
110000075,4,120,-116
110000076,328,276,52
110000077,583,964,-381
110000078,23,91,-68
110000080,201,810,-609
110000081,10,289,-279
110000082,7,230,-223
110000083,169,700,-531
110000084,547,420,127
110000085,3390,1614,1776
110000086,1640,856,784
110000087,8,75,-67
110000088,19,230,-211
110000089,215,183,32
110000090,64,299,-235
110000091,2049,307,1742
110000092,20,111,-91
110000093,38,5,33
110000094,423,293,130
110000095,123,497,-374
110000096,4771,1939,2832
110000097,946,1030,-84
110000098,1618,540,1078
110000099,957,1671,-714
110000100,279,1007,-728
110000101,5,772,-767
110000102,23,29,-6
110000104,88,62,26
110000105,33,368,-335
110000106,289,186,103
110000107,420,481,-61
110000108,104,49,55
110000109,336,335,1
110000110,6254,2844,3410
110000111,10761,1980,8781
110000112,1213,297,916
110000113,882,824,58
110000114,53,275,-222
110000115,164,288,-124
110000116,21,32,-11
110000117,113,725,-612
110000118,293,290,3
110000119,124,532,-408
110000120,230,230,0
110000121,48,311,-263
110000122,284,588,-304
110000123,331,394,-63
110000124,5,1011,-1006
110000125,697,6,691
110000126,202,10,192
110000127,469,39,430
110000128,25,2163,-2138
110000129,2,600,-598
110000130,96,127,-31
110000131,145,399,-254
110000132,4,976,-972
110000133,50,302,-252
110000134,39,334,-295
110000135,187,55,132
110000136,35,367,-332
110000137,309,878,-569
110000138,361,1115,-754
110000139,607,1835,-1228
110000140,656,357,299
110000143,694,370,324
110000144,4917,1055,3862
110000145,1235,895,340
110000146,3352,1140,2212
110000147,220,803,-583
110000148,426,499,-73
110000151,1113,527,586
110000152,904,267,637
110000153,40,81,-41
110000154,59,15,44
110000155,2639,2114,525
110000156,755,1267,-512
110000157,1998,1719,279
110000160,255,451,-196
110000161,88,580,-492
110000166,179,168,11
110000167,468,511,-43
110000168,647,339,308
110000169,344,295,49
110000170,97,65,32
110000171,422,133,289
110000172,133,1081,-948
110000173,1220,1690,-470
110000174,97,1607,-1510
110000175,234,91,143
110000176,64,258,-194
110000177,136,753,-617
110000178,671,968,-297
110000179,1642,372,1270
110000180,89,342,-253
110000181,212,481,-269
110000182,436,319,117
110000183,15626,5133,10493
110000184,649,1969,-1320
110000185,1669,730,939
110000186,867,685,182
110000191,319,527,-208
110000192,169,3,166
110000193,453,7,446
110000194,9,1554,-1545
110000195,142,537,-395
110000196,151,605,-454
110000197,23,294,-271
110000198,111,106,5
110000199,28,130,-102
110000200,1769,770,999
110000201,709,537,172
110000202,793,372,421
110000203,622,904,-282
110000204,6,379,-373
110000205,25,78,-53
110000206,568,1948,-1380
110000207,474,323,151
110000208,237,134,103
110000209,94,943,-849
110000210,513,676,-163
110000211,980,805,175
110000212,221,860,-639
110000213,37,64,-27
110000214,77,111,-34
110000215,103,738,-635
110000216,36,812,-776
110000217,126,288,-162
110000218,98,604,-506
110000219,162,88,74
110000220,22,629,-607
110000221,172,105,67
110000222,29,437,-408
110000223,5,96,-91
110000224,97,12,85
110000225,158,580,-422
110000226,145,66,79
110000227,649,409,240
110000228,354,654,-300
110000229,1,271,-270
110000230,645,507,138
110000231,103,189,-86
110000232,130,219,-89
110000233,161,338,-177
110000234,835,458,377
110000235,986,1129,-143
110000236,315,1148,-833
110000237,2003,1150,853
110000238,846,1435,-589
110000239,1045,1589,-544
110000240,2,140,-138
110000242,0,4,-4
110000243,42,228,-186
110000244,128,402,-274
110000245,28,389,-361
110000246,447,843,-396
110000247,2170,4431,-2261
110000248,3531,1506,2025
110000249,78,9,69
110000250,34,283,-249
110000251,123,557,-434
110000252,199,379,-180
110000253,869,437,432
110000254,762,1614,-852
110000255,231,1384,-1153
110000256,335,198,137
110000257,789,453,336
110000258,4,650,-646
110000259,39,25,14
110000260,10,555,-545
110000263,751,70,681
110000264,177,753,-576
110000265,979,1723,-744
110000266,2253,1944,309
110000267,19,260,-241
110000268,213,679,-466
110000269,3,100,-97
110000270,39,2,37
110000271,2651,346,2305
110000272,781,986,-205
110000273,3677,1444,2233
110000274,224,890,-666
110000275,3660,550,3110
110000276,166,224,-58
110000277,110,485,-375
110000278,209,947,-738
110000279,588,837,-249
110000280,192,564,-372
110000281,10,200,-190
110000282,307,63,244
110000283,41,57,-16
110000284,39,34,5
110000285,2,199,-197
110000286,18,4,14
110000287,36,1,35
110000288,1,115,-114
110000289,419,1367,-948
110000290,1580,634,946
110000291,7366,1524,5842
110000292,1099,3626,-2527
110000293,412,1389,-977
110000294,436,939,-503
110000295,134,1140,-1006
110000296,224,454,-230
110000297,2963,307,2656
110000298,279,431,-152
110000299,879,46,833
110000301,212,13,199
110000302,138,1637,-1499
110000303,366,9,357
110000304,58,343,-285
110000305,591,12,579
110000306,86,2349,-2263
110000307,622,5,617
110000308,325,7,318
110000309,12,1876,-1864
110000310,330,69,261
110000311,19,1097,-1078
110000312,517,42,475
110000313,4712,1813,2899
110000314,1,228,-227
110000315,4000,2032,1968
110000316,491,1330,-839
110000317,754,359,395
110000318,1,79,-78
110000319,5,17,-12
110000320,32,58,-26
110000321,7,66,-59
110000322,113,700,-587
110000323,265,327,-62
110000324,5282,1258,4024
110000325,2278,2175,103
110000327,652,313,339
110000328,217,576,-359
110000333,709,531,178
110000334,687,1573,-886
110000335,1223,596,627
110000336,398,1483,-1085
110000337,817,564,253
110000338,137,354,-217
110000339,81,281,-200
110000340,104,220,-116
110000341,199,647,-448
110000342,660,6,654
110000343,0,14,-14
110000344,142,239,-97
110000345,192,106,86
110000346,2408,1266,1142
110000347,1038,850,188
110000348,3,28,-25
110000349,10,28,-18
110000350,39,2,37
110000351,461,993,-532
110000352,333,1988,-1655
110000353,3289,966,2323
110000354,741,2237,-1496
110000355,65,82,-17
110000356,555,9,546
110000357,252,23,229
110000361,4,121,-117
110000362,34,288,-254
110000363,197,187,10
110000364,141,399,-258
110000365,131,0,131
110000366,2,109,-107
110000367,361,406,-45
110000368,1,101,-100
110000369,35,2,33
110000373,4,382,-378
110000374,47,9,38
110000375,154,967,-813
110000376,57,95,-38
110000377,38,357,-319
110000378,31,355,-324
110000379,4205,1198,3007
110000380,23,18,5
110000383,1,821,-820
110000384,3255,608,2647
110000385,0,226,-226
110000387,48,5,43
110000388,28,214,-186
110000389,378,4,374
110000391,259,559,-300
110000396,62,195,-133
110000397,52,254,-202
110000398,0,47,-47
110000399,149,2,147
110000587,41,49,-8
110000589,88,170,-82
110000640,90,109,-19
110000652,11,231,-220
110000653,122,477,-355
110000654,7,29,-22
110000656,5,847,-842
110000674,19,13,6
110000675,18,4,14
110000676,22,24,-2
110000679,610,412,198
110000682,105,102,3
110000683,626,543,83
110000684,3,108,-105
110000685,8,4,4
110000686,2,47,-45
110000687,36,3,33
110000688,84,446,-362
110000689,9,107,-98
110000692,79,356,-277
110000693,144,240,-96
110000694,2,112,-110
110000695,113,821,-708
110000696,152,209,-57
110900001,175,13,162
110900002,587,317,270
110900003,162,1386,-1224
110900004,128,331,-203
110900005,5850,1260,4590
110900006,9,14,-5
110900007,28,4,24
110900008,8,32,-24
110900009,269,20,249
110900010,6,129,-123
110900011,4,93,-89
110900012,8,171,-163
110900013,572,164,408
110900014,99,7,92
110900015,837,243,594
110900016,10,238,-228
110900017,159,80,79
110900018,349,54,295
110900019,41,20,21
110900020,110,657,-547
110900021,47,877,-830
110900022,53,653,-600
110900023,91,638,-547
110900024,26,702,-676
110900025,7,62,-55
110900027,19,382,-363
110900028,42,254,-212
110900029,62,713,-651
110900030,11,470,-459
110900031,3,175,-172
110900032,1,125,-124
110900033,34,366,-332
110900035,31,378,-347
110900036,41,33,8
110900037,32,11,21
110900038,1760,225,1535
110900039,13,298,-285
110900040,166,46,120
110900041,15,251,-236
110900042,44,39,5
110900043,1,266,-265
110900044,234,15,219
110900045,36,944,-908
110900046,116,455,-339
110900047,940,107,833
110900049,63,31,32
110900050,5,0,5
110900051,23,229,-206
110900052,1,286,-285
110900053,48,68,-20
110900054,21,401,-380
110900055,6,0,6
110900056,77,125,-48
110900057,2,270,-268
110900058,81,292,-211
110900059,521,1061,-540
110900060,231,93,138
110900061,28,33,-5
110900062,44,389,-345
110900063,22,170,-148
110900064,5,0,5
110900065,386,70,316
110900066,6,103,-97
110900067,599,519,80
110900068,206,393,-187
110900069,1,24,-23
110900070,80,50,30
110900071,281,401,-120
110900073,0,15,-15
110900074,201,60,141
110900075,166,84,82
110900077,213,427,-214
110900078,6,150,-144
110900079,2368,478,1890
110900080,48,45,3
110900081,0,150,-150
110900082,50,283,-233
110900083,65,65,0
110900084,16,296,-280
110900085,28,449,-421
110900086,36,159,-123
110900087,106,72,34
110900088,0,0,0
110900090,23,20,3
110900091,1,80,-79
110900093,310,46,264
110900095,30,79,-49
110900097,11,28,-17
110900098,21,99,-78
110900099,73,731,-658
110900100,0,23,-23
110900102,8,23,-15
110900105,839,533,306
110900108,3,148,-145
110900111,268,124,144
110900112,383,4,379
110900113,669,52,617
110900115,10,131,-121
110900116,342,3212,-2870
110900118,163,1003,-840
110900119,7583,301,7282
110900120,8,158,-150
110900121,75,4,71
110900122,213,186,27
110900125,180,248,-68
110900127,577,587,-10
110900128,138,139,-1
110900129,270,194,76
110900130,1056,179,877
110900131,83,51,32
110900132,114,19,95
110900133,85,380,-295
110900135,145,702,-557
110900136,135,9,126
110900137,141,0,141
110900138,876,443,433
110900139,12,39,-27
110900140,94,3,91
110900141,6,49,-43
110900142,49,272,-223
110900143,102,82,20
110900144,5,758,-753
110900145,84,14,70
110900146,611,47,564
110900147,166,237,-71
110900148,2,335,-333
110900149,1,120,-119
110900150,39,26,13
110900151,2,81,-79
110900152,17,461,-444
110900153,43,14,29
111000001,147,147,0
111000002,353,553,-200
111000003,514,468,46
111000004,406,1211,-805
111000005,789,728,61
111000006,826,1605,-779
111000007,4360,1595,2765
111000008,3595,3732,-137
111000009,250,894,-644
111000010,562,258,304
111000011,387,680,-293
111000012,340,291,49
111000013,355,996,-641
111000014,640,522,118
111000017,132,630,-498
111000018,172,453,-281
111000020,2510,2479,31
111000021,97,172,-75
111000023,94,167,-73
111000025,8978,1907,7071
111000029,45,158,-113
111000030,29,120,-91
111000031,2299,791,1508
111000032,635,212,423
111000033,337,143,194
111000034,354,159,195
111000037,3781,1511,2270
111000038,3516,2732,784
111000039,1299,2680,-1381
111000040,1779,2929,-1150
111000041,1927,1911,16
111000042,7832,3257,4575
111000043,1884,1372,512
111000044,1103,561,542
111000045,1345,1558,-213
111000046,980,1187,-207
111000047,1449,1903,-454
111000049,320,646,-326
111000050,2032,1916,116
111000051,456,1284,-828
111000052,611,1552,-941
111000053,397,1214,-817
111000054,270,1157,-887
111000055,1077,2334,-1257
111000056,85,858,-773
111000057,52,1025,-973
111000058,94,143,-49
111000059,242,328,-86
111000060,2525,965,1560
111000061,354,411,-57
111000062,561,294,267
111000063,1695,775,920
111000064,350,597,-247
111000065,778,862,-84
111000066,185,222,-37
111000067,424,843,-419
111000068,346,717,-371
111000069,1972,2465,-493
111000070,2557,1294,1263
111000071,264,1004,-740
111000072,428,266,162
111000073,133,387,-254
111000074,1329,1272,57
111000075,462,796,-334
111000076,243,864,-621
111000077,1061,1251,-190
111000078,1731,1184,547
111000079,1249,831,418
111000080,341,692,-351
111000081,2848,5115,-2267
111000082,550,806,-256
111000084,476,591,-115
111000085,660,1865,-1205
111000086,3779,1371,2408
111000087,669,1005,-336
111000088,7683,1956,5727
111000089,489,965,-476
111000090,1249,1698,-449
111000091,669,993,-324
111000092,904,1428,-524
111000093,524,786,-262
111000094,1475,875,600
111000095,831,1639,-808
111000096,3444,5945,-2501
111000097,6993,1078,5915
111000098,400,1665,-1265
111000099,370,3125,-2755
111000100,239,2872,-2633
111000101,360,1055,-695
111000102,83,1151,-1068
111000104,181,239,-58
111000107,26,1039,-1013
111000109,249,230,19
111000110,1333,618,715
111000111,840,481,359
111000112,975,286,689
111000113,651,488,163
111000114,1102,1317,-215
111000115,9789,1026,8763
111000116,1018,861,157
111000117,430,958,-528
111000118,1718,1172,546
111000119,854,2070,-1216
111000120,271,622,-351
111000121,187,553,-366
111000122,429,1407,-978
111000123,768,4488,-3720
111000124,410,4602,-4192
111000125,161,2652,-2491
111000126,70,1117,-1047
111000127,379,203,176
111000128,792,341,451
111000129,1355,441,914
111000130,1063,787,276
111000131,724,627,97
111000132,458,364,94
111000133,73,177,-104
111000134,124,189,-65
111000135,23,147,-124
111000136,183,298,-115
111000138,4,15,-11
111000140,0,0,0
111000141,162,298,-136
111000142,34,103,-69
111000143,2,84,-82
111000144,8,106,-98
111000145,119,4,115
111000146,12,3,9
111000147,256,10,246
111000148,222,134,88
111000149,5,15,-10
111000150,3,4,-1
111000151,1,13,-12
111000153,584,622,-38
111000154,822,248,574
111000155,55,186,-131
111000156,325,305,20
111000157,125,441,-316
111000158,939,583,356
111000159,3026,655,2371
111000160,187,444,-257
111000161,10,269,-259
111000162,8,221,-213
111000163,290,998,-708
111000164,941,3093,-2152
111000165,1579,504,1075
111000166,1867,455,1412
111000167,193,642,-449
111000168,211,523,-312
111000169,265,630,-365
111000170,523,441,82
111000171,392,1283,-891
111000172,63,570,-507
111000173,131,1264,-1133
111000174,79,783,-704
111000175,49,312,-263
111000176,174,195,-21
111000177,94,278,-184
111000178,447,318,129
111000179,46,186,-140
111000180,121,288,-167
111000181,414,322,92
111000182,113,165,-52
111000183,281,357,-76
111000184,232,263,-31
111000185,310,486,-176
111000186,234,361,-127
111000187,89,374,-285
111000188,93,514,-421
111000189,1933,615,1318
111000190,175,744,-569
111000191,137,594,-457
111000192,156,734,-578
111000193,309,459,-150
111000194,13,501,-488
111000195,61,607,-546
111000196,19,336,-317
111000197,137,236,-99
111000198,180,121,59
111000199,61,160,-99
111000200,72,313,-241
111000201,252,219,33
111000202,148,183,-35
111000203,129,165,-36
111000204,160,289,-129
111000213,139,434,-295
111000214,1290,1745,-455
111000215,643,1408,-765
111000217,690,932,-242
111000218,743,952,-209
111000219,425,186,239
111000220,3846,1102,2744
111000221,646,292,354
111000224,0,186,-186
111000225,143,32,111
111000226,159,1,158
111000227,41,1,40
111000228,12,182,-170
111000229,15,306,-291
111000230,237,724,-487
111000231,473,1674,-1201
111000232,210,1016,-806
111000233,248,892,-644
111000234,56,247,-191
111000239,201,303,-102
111000240,33,107,-74
111000241,28,630,-602
111000242,94,61,33
111000243,54,1145,-1091
111000244,166,85,81
111000245,400,745,-345
111000246,150,740,-590
111000247,88,1476,-1388
111000248,286,432,-146
111000249,346,1067,-721
111000250,28,250,-222
111000251,32,193,-161
111000253,0,6,-6
111000255,6,5,1
111000257,5,21,-16
111000260,67,1400,-1333
111000261,448,66,382
111000271,14,336,-322
111000273,7930,1578,6352
111000274,1224,2178,-954
111000275,79,87,-8
111000276,239,3158,-2919
111000277,159,642,-483
111000278,480,274,206
111000291,392,2588,-2196
111000298,283,252,31
111000299,523,88,435
111000300,86,682,-596
111000302,174,69,105
111000303,55,313,-258
111000312,76,65,11
111000315,0,55,-55
111000320,296,822,-526
111000321,211,60,151
111000322,128,640,-512
111000323,57,14,43
111000324,368,362,6
111000325,9,86,-77
111000326,58,427,-369
111000327,347,622,-275
111000328,152,420,-268
111000329,1,23,-22
111000330,5,7,-2
111000331,2,18,-16
111000332,490,1271,-781
111000334,433,1957,-1524
111000335,228,150,78
111000337,280,469,-189
111000338,21,157,-136
111000339,139,863,-724
111000340,59,1140,-1081
111000341,475,236,239
111000342,76,278,-202
111000344,649,718,-69
111000345,288,35,253
111000346,4,100,-96
111000347,31,4,27
111000350,83,133,-50
111000351,78,262,-184
111000352,99,101,-2
111000353,93,277,-184
111000354,397,125,272
111000355,537,793,-256
111000358,103,2382,-2279
111000360,104,1405,-1301
111000361,81,556,-475
111000546,177,837,-660
111000547,183,821,-638
111000548,63,216,-153
111000549,121,582,-461
111000550,75,313,-238
111000551,608,132,476
111000552,444,58,386
111000907,92,14,78
111000908,5,1,4
111000916,445,268,177
111000917,39,429,-390
111000918,87,1452,-1365
111000920,145,10,135
111000921,1,308,-307
111000922,134,385,-251
111000924,21,1375,-1354
111000925,1188,1602,-414
111000926,935,2592,-1657
111000927,3174,2837,337
111000928,6473,3735,2738
111000929,690,759,-69
111000930,588,2788,-2200
111000931,1337,1627,-290
111000932,4346,2662,1684
111000933,2937,1564,1373
111000934,2727,3089,-362
111000935,672,970,-298
111000936,555,2354,-1799
111000937,438,1015,-577
111000938,1651,2646,-995
111000939,151,36,115
111000940,164,223,-59
111000941,143,779,-636
111000943,158,300,-142
111000944,44,783,-739
111000945,36,2991,-2955
111001109,246,140,106
111001110,118,804,-686
111001111,7,5,2
111001112,84,26,58
111001113,13,87,-74
111001114,1213,26,1187
111001115,30,310,-280
111001116,6536,1249,5287
111001117,724,614,110
111001120,88,326,-238
111001121,103,480,-377
111001122,16,490,-474
111001123,4,25,-21
111900001,1,184,-183
111900002,9,1094,-1085
111900003,3,559,-556
111900004,17,257,-240
111900006,3,9,-6
111900007,66,1,65
111900008,48,1,47
111900009,55,288,-233
111900010,256,744,-488
111900012,105,109,-4
111900013,1,84,-83
111900014,9938,1772,8166
111900015,0,97,-97
111900016,0,237,-237
111900017,0,219,-219
111900018,73,2,71
111900019,2,88,-86
111900020,3,51,-48
111900021,9,78,-69
111900022,7,63,-56
111900023,162,51,111
111900024,0,88,-88
111900025,0,70,-70
111900026,1,144,-143
111900027,7,212,-205
111900028,3,566,-563
111900029,10,129,-119
111900030,68,485,-417
111900031,20,110,-90
111900032,8,467,-459
111900033,11,124,-113
111900034,181,495,-314
111900035,9,290,-281
111900036,4,461,-457
111900038,318,686,-368
111900039,28,515,-487
111900040,4,880,-876
111900042,47,70,-23
111900043,2,617,-615
111900044,242,323,-81
111900046,55,305,-250
111900048,86,1226,-1140
111900049,49,393,-344
111900050,39,15,24
111900051,2,372,-370
111900052,470,831,-361
111900053,1640,370,1270
111900054,64,0,64
111900055,35,866,-831
111900056,183,82,101
111900057,28,21,7
111900058,136,1097,-961
111900059,2506,189,2317
111900060,162,0,162
111900061,19,445,-426
111900062,9,25,-16
111900063,99,261,-162
111900064,156,374,-218
111900065,30,39,-9
111900066,94,129,-35
111900067,3,422,-419
111900068,19,25,-6
111900069,43,10,33
111900070,64,213,-149
111900071,3,345,-342
111900072,21,14,7
111900073,231,58,173
111900074,8,265,-257
111900075,23,7,16
111900076,35,30,5
111900077,19,2,17
111900078,130,7,123
111900079,9,2,7
111900080,287,73,214
111900081,930,93,837
111900082,53,4,49
111900083,24,6,18
111900084,37,4,33
111900085,20,33,-13
111900086,30,5,25
111900087,25,0,25
111900088,168,3,165
111900089,41,6,35
111900090,56,16,40
111900091,83,2,81
111900092,18,0,18
111900093,164,2,162
111900094,21,0,21
111900095,106,13,93
111900096,53,0,53
111900097,18,0,18
111900098,93,1,92
111900099,13,0,13
111900100,66,3,63
111900101,54,4,50
111900102,220,1078,-858
111900103,74,23,51
111900104,67,73,-6
111900105,286,222,64
111900106,2314,75,2239
111900107,48,120,-72
111900108,86,51,35
111900109,465,115,350
111900110,4282,223,4059
111900111,26,236,-210
111900112,1006,978,28
111900113,311,47,264
111900114,201,127,74
111900115,7,39,-32
111900118,125,23,102
111900119,152,31,121
111900122,50,35,15
111900123,9,4,5
111900124,44,138,-94
111900125,137,7,130
111900126,95,4,91
111900127,2,842,-840
111900128,8,701,-693
111900129,73,5,68
111900130,179,9,170
111900131,99,3,96
111900132,19,1771,-1752
111900133,1,475,-474
111900134,27,510,-483
111900135,0,4,-4
111900136,59,104,-45
111900137,33,42,-9
111900138,8,79,-71
111900139,8,202,-194
111900140,30,8,22
111900141,14,6,8
111900142,27,8,19
111900143,7,237,-230
111900144,0,209,-209
111900145,2,940,-938
111900146,7,450,-443
111900147,202,735,-533
111900148,29,1302,-1273
111900149,5,622,-617
111900150,7,311,-304
111900151,3,29,-26
111900152,105,45,60
111900153,2233,218,2015
111900154,6,107,-101
111900155,56,26,30
111900156,21,24,-3
111900157,20,4,16
111900158,243,10,233
111900159,78,6,72
111900160,77,0,77
111900161,36,26,10
111900162,144,91,53
111900163,35,210,-175
111900164,47,14,33
111901113,110,391,-281
111901114,126,571,-445
111901115,23,0,23
111901116,18,2,16
111901117,8,10,-2
111901118,139,94,45
111901119,1686,108,1578
111901120,80,295,-215
111901121,183,466,-283
111901122,18,778,-760
111901123,62,603,-541
111901124,65,0,65
111901125,102,164,-62
111901126,43,20,23
111901127,1129,251,878
111901128,11,134,-123
111901129,3,218,-215
111901130,32,356,-324
111901131,1,235,-234
111901132,58,8,50
111901133,15,1,14
111901134,47,2,45
111901135,4,4,0
111901136,22,17,5
111901137,0,16,-16
111901138,48,61,-13
111901139,8,98,-90
111901140,4,234,-230
111901141,8,337,-329
111901142,2,200,-198
111901143,0,135,-135
111901144,7,27,-20
112000001,1145,805,340
112000002,747,2871,-2124
112000003,471,744,-273
112000004,594,1956,-1362
112000005,1525,1425,100
112000006,1400,2354,-954
112000007,1416,1220,196
112000008,1887,2907,-1020
112000009,4321,3995,326
112000010,1782,2304,-522
112000011,1983,2683,-700
112000012,8148,2106,6042
112000013,8296,3949,4347
112000014,3083,903,2180
112000015,3304,2821,483
112000016,6474,1100,5374
112000017,2899,1681,1218
112000024,2240,846,1394
112000026,5473,6291,-818
112000027,532,448,84
112000028,1702,2030,-328
112000029,319,461,-142
112000030,211,159,52
112000031,1906,2582,-676
112000032,807,87,720
112000033,3118,897,2221
112000034,305,69,236
112000035,159,351,-192
112000036,1170,791,379
112000037,1825,1137,688
112000038,978,1065,-87
112000039,11,78,-67
112000040,170,380,-210
112000041,474,674,-200
112000042,1182,304,878
112000050,422,1574,-1152
112000051,610,759,-149
112000054,1620,2843,-1223
112000057,778,393,385
112000058,446,531,-85
112000059,1190,561,629
112000061,7116,1620,5496
112000062,3832,649,3183
112000063,2322,726,1596
112000064,6287,6609,-322
112000065,3057,3316,-259
112000066,3090,844,2246
112000067,823,846,-23
112000068,1727,1049,678
112000069,777,3268,-2491
112000070,1578,520,1058
112000071,653,3859,-3206
112000072,840,839,1
112000073,1283,1930,-647
112000074,779,858,-79
112000075,777,966,-189
112000076,3562,3139,423
112000077,311,907,-596
112000078,900,846,54
112000079,1213,1716,-503
112000080,438,1218,-780
112000081,973,2139,-1166
112000082,824,665,159
112000083,413,1791,-1378
112000084,821,786,35
112000085,893,1550,-657
112000086,1102,1859,-757
112000087,177,597,-420
112000088,257,884,-627
112000089,204,477,-273
112000090,173,569,-396
112000091,643,1567,-924
112000092,1034,994,40
112000093,1428,1372,56
112000094,299,865,-566
112000095,470,862,-392
112000096,314,744,-430
112000097,493,450,43
112000098,766,1995,-1229
112000099,420,618,-198
112000100,901,963,-62
112000101,297,1292,-995
112000102,479,530,-51
112000103,215,1837,-1622
112000105,244,2526,-2282
112000106,552,358,194
112000107,6,208,-202
112000108,152,1844,-1692
112000109,36,67,-31
112000110,849,380,469
112000111,1866,5917,-4051
112000112,7138,547,6591
112000113,1233,2860,-1627
112000114,2926,965,1961
112000115,163,664,-501
112000116,535,1199,-664
112000117,479,800,-321
112000118,858,1002,-144
112000119,387,1260,-873
112000120,108,441,-333
112000121,56,878,-822
112000122,129,182,-53
112000123,253,115,138
112000124,177,82,95
112000125,56,136,-80
112000126,107,890,-783
112000127,3807,1224,2583
112000128,1733,530,1203
112000129,63,102,-39
112000130,66,65,1
112000131,15,456,-441
112000132,39,362,-323
112000133,147,407,-260
112000134,430,449,-19
112000135,1058,621,437
112000136,1247,1500,-253
112000137,2675,1374,1301
112000138,4365,1529,2836
112000139,731,223,508
112000140,983,1179,-196
112000141,309,192,117
112000142,109,1151,-1042
112000143,437,188,249
112000144,218,1966,-1748
112000145,1409,777,632
112000146,556,2592,-2036
112000147,1206,1723,-517
112000148,1562,2433,-871
112000149,146,871,-725
112000150,60,809,-749
112000151,218,919,-701
112000152,133,389,-256
112000153,161,322,-161
112000154,100,183,-83
112000155,96,50,46
112000157,653,487,166
112000158,183,791,-608
112000159,202,414,-212
112000167,141,49,92
112000169,372,282,90
112000173,413,324,89
112000175,203,415,-212
112000176,6571,2015,4556
112000177,254,95,159
112000178,53,715,-662
112000179,109,206,-97
112000180,189,282,-93
112000181,1025,2349,-1324
112000182,458,2810,-2352
112000183,42,56,-14
112000184,132,894,-762
112000185,204,754,-550
112000187,3493,3176,317
112000195,79,14,65
112000196,159,2,157
112000197,78,83,-5
112000198,26,518,-492
112000199,91,1107,-1016
112000202,145,0,145
112000216,52,228,-176
112000230,44,10,34
112000231,6,569,-563
112000256,17,127,-110
112000313,132,267,-135
112000314,21,10,11
112000337,168,750,-582
112000352,208,173,35
112000392,2517,1150,1367
112000398,622,696,-74
112000399,2499,1593,906
112000400,1935,4785,-2850
112000401,2775,3413,-638
112000402,1215,1814,-599
112000403,2505,1725,780
112000404,195,678,-483
112000405,1270,2354,-1084
112000406,3664,3848,-184
112000407,3761,6019,-2258
112000408,9793,8200,1593
112000409,1726,5609,-3883
112000410,241,109,132
112000411,6597,1098,5499
112000412,1103,347,756
112000413,12495,2126,10369
112000414,30,93,-63
112000415,91,38,53
112000416,1377,1194,183
112000417,140,67,73
112000421,17,186,-169
112000422,228,663,-435
112000424,2891,1376,1515
112000425,288,1223,-935
112000426,79,292,-213
112000427,1,18,-17
112000428,93,490,-397
112000429,1774,3098,-1324
112000430,1900,3172,-1272
112000431,30,75,-45
112000432,572,2547,-1975
112000433,721,694,27
112000437,19,368,-349
112900001,37,0,37
112900002,137,1554,-1417
112900003,14,316,-302
112900004,22,584,-562
112900005,71,336,-265
112900006,3,654,-651
112900007,28,331,-303
112900008,5,8,-3
112900009,473,107,366
112900010,156,1015,-859
112900011,343,338,5
112900012,0,53,-53
112900013,2,196,-194
112900014,1,380,-379
112900015,412,1243,-831
112900016,1,417,-416
112900017,30,238,-208
112900018,1,474,-473
112900019,72,159,-87
112900020,569,1925,-1356
112900021,1,309,-308
112900022,7,109,-102
112900023,4,331,-327
112900024,11,271,-260
112900025,66,287,-221
112900026,9,373,-364
112900027,7,1630,-1623
112900028,21,162,-141
112900029,16,893,-877
112900030,220,247,-27
112900031,15,737,-722
112900032,97,281,-184
112900034,3,92,-89
112900035,6,562,-556
112900036,32,188,-156
112900037,213,94,119
112900038,322,143,179
112900039,13,412,-399
112900040,8,420,-412
112900041,1708,850,858
112900042,45,536,-491
112900043,11,73,-62
112900044,663,429,234
112900045,587,406,181
112900046,262,86,176
112900047,25,20,5
112900049,44,89,-45
112900050,57,779,-722
112900051,317,959,-642
112900052,13,1361,-1348
112900053,324,115,209
112900054,289,21,268
112900055,169,9,160
112900056,252,110,142
112900057,9,983,-974
112900058,288,146,142
112900059,105,138,-33
112900060,19,331,-312
112900061,63,200,-137
112900062,41,188,-147
112900063,52,2,50
112900064,199,152,47
112900065,31,10,21
112900066,150,65,85
112900067,761,154,607
112900068,49,17,32
112900069,3146,403,2743
112900071,12,0,12
112900072,210,727,-517
112900073,316,29,287
112900074,50,102,-52
112900075,2825,397,2428
112900076,47,9,38
112900078,134,246,-112
112900079,195,7,188
112900080,30,0,30
112900081,17,113,-96
112900082,275,5,270
112900083,24,50,-26
112900084,88,59,29
112900085,0,6,-6
112900086,2,0,2
112900087,296,82,214
112900088,27,6,21
112900089,465,8,457
112900090,10,20,-10
112900091,52,1,51
112900092,166,125,41
112900093,966,13,953
112900094,23,1,22
112900095,18,1,17
112900096,225,109,116
112900097,23,570,-547
112900098,142,0,142
112900099,355,6,349
112900100,6,4,2
112900101,126,1,125
112900102,126,5,121
112900103,57,0,57
112900104,8,0,8
112900105,1,0,1
112900106,225,96,129
112900107,4,2,2
112900108,75,0,75
112900109,22,0,22
112900110,366,8,358
112900111,202,2,200
112900112,113,0,113
112900113,0,17,-17
112900114,21,70,-49
112900115,285,3,282
112900116,12,52,-40
112900117,87,127,-40
112900118,17,73,-56
112900119,71,1,70
112900120,753,231,522
112900121,352,225,127
112900122,10,215,-205
112900123,145,11,134
112900124,3,209,-206
112900125,110,387,-277
112900126,155,338,-183
112900127,147,31,116
112900128,643,803,-160
112900129,6,1198,-1192
112900130,96,80,16
112900131,46,226,-180
112900132,70,404,-334
112900133,26,1575,-1549
112900134,1,323,-322
112900135,46,14,32
112900136,1,53,-52
112900137,3,892,-889
112900138,10,618,-608
112900139,219,1843,-1624
112900140,2,101,-99
112900141,304,43,261
112900142,100,71,29
112900143,38,827,-789
112900144,1,375,-374
112900145,32,614,-582
112900146,12,1920,-1908
112900147,10,3181,-3171
112900148,16,0,16
112900149,176,368,-192
112900151,20,30,-10
112900152,6249,1450,4799
112900153,1678,954,724
112900154,2,95,-93
112900155,84,11,73
112900156,112,2310,-2198
112900157,47,0,47
112900158,13,35,-22
112900159,113,31,82
112900160,40,272,-232
112900161,25,37,-12
112900162,45,8,37
112900163,108,26,82
112900164,21,90,-69
112900165,71,41,30
112900166,10,48,-38
112900167,16,19,-3
112900168,2,2,0
112900169,6,2,4
112900170,35,89,-54
112900172,70,3,67
112900173,358,97,261
112900174,196,33,163
112900175,171,69,102
112900176,2,9,-7
112900177,113,22,91
112900178,431,1047,-616
112900179,26,651,-625
112900180,900,3331,-2431
112900181,294,2,292
112900182,30,1943,-1913
112900183,104,192,-88
112900184,420,314,106
112900185,488,357,131
112900186,2423,640,1783
112900187,66,261,-195
112900188,911,334,577
112900189,59,27,32
112900190,5,37,-32
112900192,439,224,215
112900193,1171,248,923
112900194,29,93,-64
112900195,429,12,417
112900196,183,595,-412
112900197,158,541,-383
112900199,176,809,-633
112900200,208,413,-205
112900201,33,82,-49
112900202,115,1324,-1209
112900203,91,387,-296
112900204,885,388,497
112900205,0,6,-6
112900206,4,69,-65
112900207,1,0,1
112900208,68,74,-6
112900209,346,512,-166
112900210,0,14,-14
112900211,63,112,-49
112900212,0,58,-58
112900213,3,8,-5
112900214,19,5,14
112900215,2,300,-298
112900216,22,37,-15
112900217,2,70,-68
112900218,33,16,17
112900219,9,18,-9
112900220,3,0,3
112900221,20,116,-96
112900222,0,16,-16
112900223,409,5,404
112900224,154,1033,-879
112900225,200,672,-472
112900226,395,342,53
112900227,168,1818,-1650
112900228,29,21,8
112900229,49,78,-29
112900230,10678,3368,7310
112900232,181,169,12
112900233,22,242,-220
112900234,8,84,-76
112900235,36,18,18
112900236,61,12,49
112900237,42,444,-402
112900238,3,46,-43
113000001,4683,5015,-332
113000002,3773,3944,-171
113000003,1962,1859,103
113000004,2200,2412,-212
113000005,1284,1193,91
113000006,975,1458,-483
113000007,1301,1450,-149
113000008,1382,2035,-653
113000009,610,939,-329
113000010,834,2016,-1182
113000011,680,2162,-1482
113000012,951,728,223
113000013,1007,453,554
113000014,2010,1591,419
113000015,803,231,572
113000016,308,317,-9
113000017,97,282,-185
113000018,131,26,105
113000019,75,316,-241
113000020,38,13,25
113000021,832,593,239
113000022,407,1375,-968
113000025,53,298,-245
113000026,143,402,-259
113000027,846,428,418
113000028,1247,462,785
113000029,890,590,300
113000030,539,638,-99
113000031,368,230,138
113000032,277,235,42
113000033,478,331,147
113000034,610,370,240
113000035,26,33,-7
113000036,19,75,-56
113000037,73,36,37
113000038,15,70,-55
113000039,114,554,-440
113000040,64,85,-21
113000042,871,795,76
113000051,648,1711,-1063
113000052,2535,1310,1225
113000053,248,740,-492
113000054,182,906,-724
113000055,724,1182,-458
113000056,507,1932,-1425
113000058,789,969,-180
113000059,1185,885,300
113000060,88,640,-552
113000061,519,920,-401
113000062,1463,200,1263
113000063,88,341,-253
113000064,33,461,-428
113000065,120,1503,-1383
113000066,336,86,250
113000067,1062,1220,-158
113000068,238,2654,-2416
113000069,359,1795,-1436
113000070,1000,818,182
113000071,226,958,-732
113000072,332,468,-136
113000073,684,1808,-1124
113000074,961,327,634
113000075,2119,458,1661
113000076,1315,1678,-363
113000077,2191,404,1787
113000078,1631,1803,-172
113000079,1223,606,617
113000080,926,502,424
113000081,1085,917,168
113000082,1535,867,668
113000083,682,835,-153
113000084,1607,1180,427
113000085,1001,634,367
113000086,1094,1145,-51
113000087,1216,885,331
113000088,2249,1196,1053
113000089,843,1471,-628
113000090,237,319,-82
113000091,973,297,676
113000094,750,147,603
113000095,237,1405,-1168
113000096,122,1351,-1229
113000097,729,373,356
113000098,70,33,37
113000099,937,241,696
113000100,124,513,-389
113000101,352,689,-337
113000102,379,225,154
113000103,2784,725,2059
113000104,276,2349,-2073
113000105,748,472,276
113000106,439,739,-300
113000107,512,821,-309
113000108,793,1757,-964
113000109,471,2964,-2493
113000110,1585,383,1202
113000111,97,469,-372
113000112,196,321,-125
113000113,2649,276,2373
113000114,425,1239,-814
113000116,975,223,752
113000117,989,234,755
113000118,198,407,-209
113000119,175,550,-375
113000120,47,270,-223
113000121,727,1047,-320
113000124,153,184,-31
113000125,15,485,-470
113000127,4401,698,3703
113000128,474,500,-26
113000129,718,1315,-597
113000133,5395,1065,4330
113000134,9,529,-520
113000135,2987,2446,541
113000137,3593,1516,2077
113000139,520,170,350
113000140,224,325,-101
113000141,551,119,432
113000142,1204,897,307
113000143,323,169,154
113000144,458,659,-201
113000145,45,179,-134
113000146,117,99,18
113000147,133,212,-79
113000148,96,214,-118
113000149,70,181,-111
113000150,421,506,-85
113000151,155,87,68
113000152,35,213,-178
113000153,2024,597,1427
113000154,899,1297,-398
113000155,254,469,-215
113000156,157,442,-285
113000157,256,911,-655
113000158,429,171,258
113000159,818,396,422
113000160,554,1380,-826
113000161,291,854,-563
113000162,589,422,167
113000163,79,45,34
113000164,10,106,-96
113000166,53,45,8
113000167,18,273,-255
113000168,40,296,-256
113000169,131,40,91
113000170,80,56,24
113000171,96,91,5
113000172,197,72,125
113000173,35,8,27
113000174,107,648,-541
113000175,300,109,191
113000176,343,107,236
113000177,100,493,-393
113000178,169,502,-333
113000179,225,135,90
113000180,424,1347,-923
113000181,675,1187,-512
113000182,170,331,-161
113000183,192,673,-481
113000184,14,156,-142
113000189,594,635,-41
113000190,1931,488,1443
113000192,2871,1323,1548
113000193,5508,822,4686
113000194,2006,1204,802
113000195,2714,531,2183
113000196,46,123,-77
113000197,1339,878,461
113000198,27,325,-298
113000199,1330,456,874
113000201,242,198,44
113000202,3769,1953,1816
113000203,501,141,360
113000204,1964,1346,618
113000205,19,36,-17
113000206,8,38,-30
113000207,74,31,43
113000208,49,48,1
113000209,17,22,-5
113000210,13,27,-14
113000211,319,116,203
113000212,296,35,261
113000213,24,80,-56
113000214,54,230,-176
113000234,141,1842,-1701
113000410,26,108,-82
113000411,4054,4425,-371
113000412,12213,1983,10230
113000413,4953,2000,2953
113000414,14939,11325,3614
113000415,3480,2518,962
113000416,12627,3620,9007
113000417,5091,2979,2112
113000418,4562,2593,1969
113000419,2744,1748,996
113000420,4847,3544,1303
113000421,4194,4653,-459
113000422,21702,7361,14341
113000423,3153,3314,-161
113000424,5475,6064,-589
113000425,6,57,-51
113000428,77,9,68
113000430,6,17,-11
113000432,901,105,796
113000433,145,1324,-1179
113000434,9,492,-483
113000435,13,1136,-1123
113000436,35,1746,-1711
113000437,269,17,252
113000438,112,12,100
113000439,9,204,-195
113000440,39,41,-2
113000441,101,232,-131
113000442,77,385,-308
113000443,44,377,-333
113000444,53,374,-321
113000445,31,144,-113
113000446,14,63,-49
113000448,103,165,-62
113000449,315,642,-327
113000450,752,2068,-1316
113000451,1374,118,1256
113000452,375,298,77
113000453,69,242,-173
113000454,1000,15,985
113000455,1,114,-113
113000456,4666,1921,2745
113000468,3458,499,2959
113000469,329,171,158
113000470,721,100,621
113000471,13,305,-292
113000472,94,359,-265
113000474,191,725,-534
113000475,1282,2180,-898
113000476,929,2251,-1322
113000477,1810,2394,-584
113000478,3559,7008,-3449
113000479,56,318,-262
113000480,127,86,41
113000481,0,0,0
113000482,0,0,0
113000483,0,0,0
113000485,0,0,0
113000486,0,0,0
113000487,0,0,0
113000488,0,0,0
113000489,0,0,0
113000490,0,0,0
113000491,0,0,0
113000492,0,0,0
113000493,0,0,0
113000495,111,187,-76
113000496,36,66,-30
113000497,0,0,0
113000498,0,0,0
113000499,0,0,0
113000500,0,5,-5
113900001,0,112,-112
113900002,2,154,-152
113900003,1,102,-101
113900004,2,28,-26
113900005,1,22,-21
113900006,0,20,-20
113900007,20,3,17
113900008,56,0,56
113900009,272,0,272
113900010,102,1,101
113900011,5,3,2
113900012,6,1,5
113900013,532,4,528
113900014,379,0,379
113900015,1,78,-77
113900016,18,0,18
113900017,5,75,-70
113900018,542,84,458
113900019,20,54,-34
113900020,66,1,65
113900022,2,0,2
113900023,1,0,1
113900024,37,135,-98
113900025,512,27,485
113900026,20,1,19
113900027,0,84,-84
113900028,15,541,-526
113900029,23,305,-282
113900030,57,7,50
113900031,2,0,2
113900032,5,0,5
113900033,28,108,-80
113900035,17,0,17
113900036,6,116,-110
113900037,52,680,-628
113900038,42,41,1
113900039,66,6,60
113900040,1,7,-6
113900041,1,2,-1
113900042,19,69,-50
113900043,173,112,61
113900044,120,53,67
113900045,23,2,21
113900046,266,925,-659
113900047,35,196,-161
113900048,374,47,327
113900049,1010,145,865
113900050,126,436,-310
113900051,140,562,-422
113900052,220,145,75
113900053,569,141,428
113900054,4,3,1
113900055,106,782,-676
113900056,47,199,-152
113900057,13,125,-112
113900058,24,300,-276
113900059,115,389,-274
113900060,111,385,-274
113900061,1128,93,1035
113900062,53,8,45
113900063,93,169,-76
113900064,19,199,-180
113900065,317,19,298
113900066,106,556,-450
113900067,56,574,-518
113900068,311,369,-58
113900069,121,12,109
113900070,255,552,-297
113900071,22,88,-66
113900072,43,223,-180
113900073,84,378,-294
113900074,27,639,-612
113900075,750,853,-103
113900076,181,7,174
113900077,35,322,-287
113900078,67,75,-8
113900079,1,66,-65
113900080,349,156,193
113900081,34,320,-286
113900082,92,232,-140
113900083,118,923,-805
113900084,198,83,115
113900085,16,444,-428
113900086,13,11,2
113900087,49,284,-235
113900088,31,53,-22
113900089,318,36,282
113900090,332,397,-65
113900091,12,33,-21
113900092,36,66,-30
113900093,53,383,-330
113900094,175,567,-392
113900095,103,78,25
113900096,116,48,68
113900097,5,121,-116
113900098,393,48,345
113900099,1,77,-76
113900100,0,3,-3
113900101,3,45,-42
113900102,39,48,-9
113900103,189,263,-74
113900104,83,121,-38
113900105,24,382,-358
113900106,2,130,-128
113900107,0,29,-29
113900108,220,182,38
113900109,443,115,328
113900110,31,8,23
113900111,63,126,-63
113900112,53,80,-27
113900113,466,370,96
113900114,1,120,-119
113900115,1,88,-87
113900116,80,130,-50
113900117,74,6,68
113900118,190,224,-34
113900119,318,225,93
113900120,37,63,-26
113900121,32,94,-62
113900122,262,1062,-800
113900123,283,148,135
113900124,0,44,-44
113900125,1758,194,1564
113900126,103,30,73
113900127,152,369,-217
113900128,81,51,30
113900129,1,135,-134
113900130,3,8,-5
113900131,50,82,-32
113900132,42,46,-4
113900133,10,21,-11
113900135,114,487,-373
113900136,60,72,-12
113900137,245,148,97
113900138,70,120,-50
113900139,595,69,526
113900140,694,174,520
113900141,185,685,-500
113900142,92,84,8
113900143,13,22,-9
113900144,525,129,396
113900145,134,233,-99
113900146,73,69,4
113900148,115,187,-72
113900149,116,40,76
113900150,1573,514,1059
113900151,130,223,-93
113900152,19,62,-43
113900153,492,475,17
113900154,2,114,-112
113900155,239,64,175
113900156,219,828,-609
113900157,30,286,-256
113900158,642,140,502
113900159,15,252,-237
113900160,442,882,-440
113900161,32,95,-63
113900162,1012,505,507
113900163,260,177,83
113900164,117,44,73
113900165,591,1203,-612
113900166,371,125,246
113900167,247,29,218
113900168,128,138,-10
113900169,203,526,-323
113900171,98,48,50
113900172,4,269,-265
113900173,52,831,-779
113900174,330,897,-567
113900175,267,97,170
113900176,173,989,-816
113900177,186,244,-58
113900178,289,164,125
113900179,21,850,-829
113900180,109,156,-47
113900181,517,190,327
113900182,443,1165,-722
113900183,39,113,-74
113900184,20,667,-647
113900185,119,119,0
113900186,37,58,-21
113900187,26,156,-130
113900188,39,208,-169
113900189,236,62,174
113900190,410,110,300
113900191,135,313,-178
113900192,7,341,-334
113900193,25,316,-291
113900194,2255,1082,1173
113900195,243,550,-307
113900196,1,171,-170
113900197,3,418,-415
113900198,13,133,-120
113900199,206,823,-617
113900200,7,348,-341
113900201,2,396,-394
113900202,54,283,-229
113900203,1,274,-273
113900204,46,800,-754
113900205,4,122,-118
113900206,2,147,-145
113900207,0,75,-75
113900208,0,63,-63
113900209,0,109,-109
113900210,596,530,66
113900211,158,34,124
113900212,101,676,-575
113900214,492,359,133
113900215,31,159,-128
113900216,91,1550,-1459
113900217,36,420,-384
113900218,82,34,48
113900219,117,647,-530
113900220,108,65,43
113900221,329,140,189
113900222,300,348,-48
113900223,33,1239,-1206
113900224,125,66,59
113900225,1133,309,824
113900226,278,154,124
113900227,296,164,132
113900228,455,309,146
113900229,34,638,-604
113900230,6514,1284,5230
113900231,112,329,-217
113900232,52,135,-83
113900233,49,51,-2
113900234,165,345,-180
113900235,31,24,7
113900236,77,493,-416
113900237,71,14,57
113900238,146,246,-100
113900239,81,53,28
113900240,5,70,-65
113900241,153,80,73
113900242,28,159,-131
113900243,154,397,-243
113900244,689,145,544
113900245,1637,292,1345
113900246,16,7,9
113900247,150,163,-13
113900248,5579,1033,4546
113900249,1564,245,1319
113900250,63,74,-11
113900251,317,209,108
113900252,374,17,357
113900253,397,27,370
113900254,321,89,232
113900255,255,18,237
113900256,159,20,139
113900257,36,821,-785
113900258,14,746,-732
113900259,259,311,-52
113900260,100,9,91
113900261,14,156,-142
113900262,90,934,-844
113900263,68,598,-530
113900264,1,713,-712
113900265,140,303,-163
113900266,22,378,-356
113900267,93,531,-438
113900268,175,274,-99
113900269,52,133,-81
113900270,236,365,-129
113900271,518,1733,-1215
113900273,10,1,9
113900274,19,5,14
113900275,17,43,-26
113900276,5,376,-371
113900277,43,1,42
113900278,439,184,255
113900279,97,114,-17
113900280,1276,873,403
113900281,264,995,-731
113900282,994,537,457
113900283,296,456,-160
113900284,567,109,458
113900285,76,24,52
113900286,76,179,-103
113900287,15,150,-135
113900288,0,69,-69
113900289,1835,60,1775
113900290,555,69,486
113900291,217,273,-56
113900292,5,13,-8
113900293,3,215,-212
113900294,278,15,263
113900295,415,234,181
113900296,3016,366,2650
113900297,574,16,558
113900298,7,1875,-1868
113900299,10,125,-115
113900300,8482,2505,5977
113900301,1197,350,847
113900302,2965,598,2367
113900303,678,163,515
113900304,0,171,-171
113900305,51,2,49
113900306,15,0,15
113900307,18,0,18
113900308,76,126,-50
113900309,1,981,-980
113900310,0,19,-19
113900311,11,1,10
113900312,66,86,-20
113900313,16,2,14
114000001,1310,4202,-2892
114000002,109,619,-510
114000003,57,443,-386
114000004,211,447,-236
114000005,188,309,-121
114000006,4020,2269,1751
114000007,707,1675,-968
114000008,1403,1031,372
114000009,255,192,63
114000011,2121,4099,-1978
114000012,1348,3307,-1959
114000013,1108,2545,-1437
114000014,351,462,-111
114000015,847,586,261
114000016,205,475,-270
114000017,76,252,-176
114000018,481,126,355
114000026,795,2001,-1206
114000027,1380,2318,-938
114000028,1780,2064,-284
114000038,115,203,-88
114000039,42,108,-66
114000040,69,221,-152
114000042,34,202,-168
114000043,22,254,-232
114000044,75,97,-22
114000045,29,105,-76
114000046,2781,5255,-2474
114000047,8,106,-98
114000048,68,88,-20
114000049,1449,1052,397
114000050,1564,1136,428
114000051,3639,1380,2259
114000052,3000,1223,1777
114000053,38,568,-530
114000054,60,1837,-1777
114000055,226,27,199
114000056,1895,661,1234
114000057,10537,2630,7907
114000058,682,598,84
114000059,372,164,208
114000060,460,891,-431
114000061,3511,1217,2294
114000062,2800,632,2168
114000063,3744,1917,1827
114000064,10692,2797,7895
114000065,2061,2244,-183
114000066,240,841,-601
114000067,26,336,-310
114000068,472,403,69
114000069,998,544,454
114000070,2544,1304,1240
114000071,438,834,-396
114000072,176,540,-364
114000073,18,197,-179
114000074,6,19,-13
114000075,28,186,-158
114000076,11,300,-289
114000077,11,91,-80
114000078,172,1880,-1708
114000079,33,31,2
114000080,114,128,-14
114000081,34,104,-70
114000082,41,763,-722
114000083,19,455,-436
114000084,96,76,20
114000085,185,1078,-893
114000086,135,732,-597
114000087,21,330,-309
114000088,36,104,-68
114000089,1731,570,1161
114000090,561,482,79
114000091,1757,407,1350
114000092,954,292,662
114000093,709,653,56
114000094,271,335,-64
114000095,68,80,-12
114000096,71,678,-607
114000097,72,1349,-1277
114000098,190,60,130
114000099,237,1166,-929
114000100,565,967,-402
114000101,241,1650,-1409
114000102,159,378,-219
114000103,114,626,-512
114000104,8,332,-324
114000105,21,51,-30
114000106,1102,418,684
114000107,111,160,-49
114000108,2308,1482,826
114000109,252,409,-157
114000110,404,1876,-1472
114000111,772,567,205
114000112,155,1657,-1502
114000113,368,323,45
114000114,1209,1701,-492
114000115,904,593,311
114000116,284,801,-517
114000117,1225,363,862
114000118,1047,309,738
114000119,781,217,564
114000120,527,1272,-745
114000121,279,667,-388
114000122,235,273,-38
114000123,914,299,615
114000124,351,364,-13
114000125,750,2183,-1433
114000126,1290,203,1087
114000127,86,212,-126
114000128,622,712,-90
114000130,244,572,-328
114000131,95,77,18
114000132,559,908,-349
114000133,1283,1609,-326
114000134,44,288,-244
114000138,40,231,-191
114000139,286,122,164
114000144,571,309,262
114000145,93,282,-189
114000146,82,371,-289
114000147,863,832,31
114000148,2344,1207,1137
114000149,300,191,109
114000150,886,552,334
114000151,767,709,58
114000152,87,15,72
114000153,967,1099,-132
114000154,659,543,116
114000155,1512,1376,136
114000156,652,393,259
114000157,184,762,-578
114000158,2759,745,2014
114000159,259,391,-132
114000160,185,184,1
114000161,1521,1025,496
114000162,767,790,-23
114000163,8,216,-208
114000165,165,146,19
114000166,695,227,468
114000167,4993,1203,3790
114000168,1034,713,321
114000169,1880,579,1301
114000170,1521,593,928
114000171,625,1158,-533
114000174,207,486,-279
114000176,581,372,209
114000177,2645,1013,1632
114000178,53,61,-8
114000179,1245,628,617
114000180,408,672,-264
114000181,1822,2003,-181
114000182,5627,2337,3290
114000183,1251,1093,158
114000184,8395,1795,6600
114000185,857,955,-98
114000189,459,57,402
114000190,1294,153,1141
114000191,24,41,-17
114000192,365,1844,-1479
114000193,1239,4241,-3002
114000194,1207,1583,-376
114000195,36,12,24
114000196,9,407,-398
114000197,537,27,510
114000198,1304,458,846
114000199,2150,1166,984
114000200,555,2969,-2414
114000201,114,1376,-1262
114000202,897,1036,-139
114000203,376,1111,-735
114000204,130,502,-372
114000205,237,2252,-2015
114000206,403,1358,-955
114000207,680,2962,-2282
114000208,461,4320,-3859
114000209,659,3949,-3290
114000210,398,1964,-1566
114000211,892,1832,-940
114000212,554,921,-367
114000213,955,720,235
114000214,79,257,-178
114000215,93,68,25
114000216,967,500,467
114000217,115,505,-390
114000218,97,439,-342
114000219,521,358,163
114000220,9,1415,-1406
114000221,317,137,180
114000222,200,1387,-1187
114000223,320,74,246
114000224,131,775,-644
114000225,160,619,-459
114000226,55,260,-205
114000227,481,529,-48
114000228,541,1056,-515
114000229,541,1378,-837
114000230,1302,1728,-426
114000231,678,1349,-671
114000232,348,108,240
114000233,1334,100,1234
114000234,794,1276,-482
114000235,579,1896,-1317
114000236,3,572,-569
114000237,68,1559,-1491
114000238,88,200,-112
114000239,170,1835,-1665
114000240,621,756,-135
114000241,279,1239,-960
114000242,931,1074,-143
114000243,1259,756,503
114000244,891,388,503
114000245,296,673,-377
114000246,120,35,85
114000247,1083,813,270
114000248,552,569,-17
114000249,407,560,-153
114000250,311,581,-270
114000251,208,391,-183
114000252,43,169,-126
114000253,30,303,-273
114000254,12,149,-137
114000255,533,171,362
114000256,2373,551,1822
114000257,622,2439,-1817
114000258,106,614,-508
114000259,90,369,-279
114000260,0,34,-34
114000261,30,26,4
114000262,45,204,-159
114000263,9,3,6
114000264,389,988,-599
114000265,0,10,-10
114000267,0,1366,-1366
114000268,6,2661,-2655
114000270,83,1,82
114000271,307,135,172
114000283,588,500,88
114000285,58,397,-339
114000288,38,409,-371
114000289,801,96,705
114000293,96,486,-390
114000294,154,254,-100
114000395,913,61,852
114000396,248,296,-48
114000402,190,370,-180
114000403,180,739,-559
114000405,84,759,-675
114000423,130,656,-526
114000424,206,272,-66
114000425,245,886,-641
114000426,235,608,-373
114000427,23,90,-67
114000428,248,60,188
114000429,10,271,-261
114000432,31,175,-144
114000434,7,125,-118
114000435,9,206,-197
114900001,263,1746,-1483
114900002,519,100,419
114900003,291,2780,-2489
114900004,158,280,-122
114900005,233,1222,-989
114900006,32,31,1
114900007,89,2,87
114900008,54,35,19
114900010,3155,1548,1607
114900011,81,103,-22
114900013,88,78,10
114900015,48,175,-127
114900018,719,41,678
114900020,60,39,21
114900021,74,104,-30
114900022,0,785,-785
114900024,112,160,-48
114900025,202,261,-59
114900026,28,65,-37
114900027,147,280,-133
114900029,13,13,0
114900030,122,239,-117
114900031,85,42,43
114900032,114,34,80
114900033,1647,255,1392
114900034,40,312,-272
114900035,164,292,-128
114900036,164,1467,-1303
114900037,44,271,-227
114900038,145,1321,-1176
114900039,390,906,-516
114900040,26,251,-225
114900041,242,825,-583
114900042,366,1116,-750
114900043,853,345,508
114900044,60,18,42
114900045,68,332,-264
114900046,42,180,-138
114900047,196,1006,-810
114900048,48,250,-202
114900049,14,298,-284
114900050,13,740,-727
114900051,37,743,-706
114900052,140,249,-109
114900053,133,235,-102
114900054,89,153,-64
114900057,202,1,201
114900058,1,95,-94
114900059,29,33,-4
114900060,1461,435,1026
114900061,112,271,-159
114900062,204,307,-103
114900063,41,332,-291
114900064,651,998,-347
114900065,189,649,-460
114900067,20,424,-404
114900068,67,235,-168
114900069,266,207,59
114900070,187,784,-597
114900072,5,266,-261
114900073,0,233,-233
114900074,129,1188,-1059
114900075,131,4,127
114900076,6,460,-454
114900080,3893,486,3407
114900082,4689,1386,3303
114900083,583,746,-163
114900084,66,72,-6
114900090,153,126,27
114900091,92,230,-138
114900095,452,119,333
114900096,494,673,-179
114900097,34,1,33
114900098,2,264,-262
114900099,46,0,46
115000001,10545,7559,2986
115000002,2564,3049,-485
115000003,4064,5346,-1282
115000004,2232,4138,-1906
115000005,1367,3407,-2040
115000006,483,1375,-892
115000007,33,179,-146
115000008,403,385,18
115000009,129,294,-165
115000010,192,130,62
115000013,119,134,-15
115000015,81,139,-58
115000016,211,193,18
115000019,23,402,-379
115000020,159,294,-135
115000021,254,391,-137
115000022,527,410,117
115000023,269,354,-85
115000024,1365,592,773
115000025,815,392,423
115000026,133,406,-273
115000027,147,283,-136
115000028,158,721,-563
115000029,337,159,178
115000030,318,917,-599
115000031,644,346,298
115000032,4,244,-240
115000033,113,13,100
115000034,147,1179,-1032
115000035,960,40,920
115000036,1,439,-438
115000037,263,3,260
115000038,33,205,-172
115000039,3168,1864,1304
115000040,8299,3104,5195
115000041,974,2200,-1226
115000042,1164,721,443
115000043,3024,2726,298
115000044,3665,5311,-1646
115000045,1946,2939,-993
115000046,1252,2610,-1358
115000047,1273,2063,-790
115000048,1159,3489,-2330
115000049,1471,3464,-1993
115000050,2583,2083,500
115000051,2329,1680,649
115000052,3779,2218,1561
115000053,1390,1378,12
115000054,948,1558,-610
115000055,82,374,-292
115000056,157,279,-122
115000057,331,567,-236
115000058,162,124,38
115000059,140,262,-122
115000061,148,87,61
115000062,116,309,-193
115000063,157,285,-128
115000064,245,181,64
115000065,2,240,-238
115000067,221,26,195
115000069,26,305,-279
115000070,55,801,-746
115000071,72,9,63
115000072,23,78,-55
115000073,1334,30,1304
115000075,40,77,-37
115000076,3576,4089,-513
115000077,1171,4911,-3740
115000078,537,2402,-1865
115000079,847,2958,-2111
115000080,1478,3354,-1876
115000081,447,1032,-585
115000082,2757,2859,-102
115000083,1647,4113,-2466
115000084,1025,1248,-223
115000085,492,1308,-816
115000086,496,1315,-819
115000087,511,1718,-1207
115000088,1558,712,846
115000089,1652,1704,-52
115000090,912,757,155
115000091,263,1605,-1342
115000092,319,354,-35
115000093,400,0,400
115000094,9988,4790,5198
115000095,7803,4846,2957
115000096,492,2675,-2183
115000097,378,882,-504
115000098,514,976,-462
115000099,1396,4319,-2923
115000100,617,651,-34
115000101,344,2017,-1673
115000102,329,192,137
115000103,431,1059,-628
115000105,70,185,-115
115000106,233,215,18
115000107,157,730,-573
115000108,4868,3322,1546
115000109,6729,2505,4224
115000110,1283,848,435
115000111,840,1777,-937
115000112,783,533,250
115000113,1181,971,210
115000114,2201,939,1262
115000116,3400,1396,2004
115000117,4541,1767,2774
115000118,2016,1451,565
115000119,1925,1857,68
115000120,428,697,-269
115000121,2080,978,1102
115000122,5610,971,4639
115000123,2788,1199,1589
115000124,716,616,100
115000125,457,605,-148
115000126,139,404,-265
115000127,330,232,98
115000128,1319,957,362
115000129,210,170,40
115000130,285,1446,-1161
115000131,335,263,72
115000132,197,618,-421
115000133,458,471,-13
115000134,351,253,98
115000135,148,346,-198
115000136,127,215,-88
115000137,76,200,-124
115000138,103,221,-118
115000139,178,290,-112
115000140,110,230,-120
115000141,103,428,-325
115000142,68,451,-383
115000143,317,552,-235
115000144,255,86,169
115000145,172,675,-503
115000146,202,245,-43
115000147,357,648,-291
115000148,366,1733,-1367
115000149,271,218,53
115000150,566,1635,-1069
115000151,482,577,-95
115000152,480,2207,-1727
115000153,428,581,-153
115000154,396,408,-12
115000155,403,1527,-1124
115000156,871,652,219
115000157,1139,980,159
115000158,737,362,375
115000159,716,426,290
115000160,790,558,232
115000161,547,662,-115
115000162,658,441,217
115000163,702,596,106
115000164,584,579,5
115000165,445,352,93
115000167,76,49,27
115000168,663,254,409
115000169,842,388,454
115000170,74,138,-64
115000171,204,155,49
115000172,2266,686,1580
115000173,230,278,-48
115000174,33,213,-180
115000175,44,78,-34
115000176,219,41,178
115000177,258,85,173
115000178,6,383,-377
115000179,26,18,8
115000180,63,1031,-968
115000181,219,169,50
115000182,416,420,-4
115000183,139,1428,-1289
115000186,450,322,128
115000187,153,650,-497
115000188,465,509,-44
115000189,308,488,-180
115000190,748,484,264
115000191,302,459,-157
115000194,182,144,38
115000195,290,203,87
115000196,66,142,-76
115000197,110,555,-445
115000198,120,299,-179
115000199,159,441,-282
115000200,181,128,53
115000201,99,487,-388
115000206,176,114,62
115000207,34,474,-440
115000208,744,890,-146
115000209,395,256,139
115000210,79,108,-29
115000211,205,262,-57
115000212,1623,357,1266
115000218,81,70,11
115000219,9,78,-69
115000224,79,60,19
115000225,53,51,2
115000229,361,159,202
115000230,80,568,-488
115000231,252,3232,-2980
115000232,740,368,372
115000233,98,249,-151
115000234,13,284,-271
115000241,34,395,-361
115000242,47,368,-321
115000243,28,301,-273
115000244,2,106,-104
115000246,25,10,15
115000247,40,8,32
115000248,11,6,5
115000249,25,14,11
115000250,132,67,65
115000251,47,175,-128
115000252,23,184,-161
115000253,6,180,-174
115000258,92,193,-101
115000259,353,189,164
115000261,1,19,-18
115000262,20,16,4
115000263,9,44,-35
115000264,10,36,-26
115000267,25,77,-52
115000268,66,140,-74
115000269,73,57,16
115000270,4,29,-25
115000272,34,187,-153
115000273,188,33,155
115000274,154,381,-227
115000280,3410,85,3325
115000281,922,175,747
115000282,1410,518,892
115000284,326,79,247
115000296,422,3,419
115000297,133,46,87
115000298,30,116,-86
115000300,35,289,-254
115000302,145,283,-138
115000303,259,157,102
115000304,427,134,293
115000305,44,1557,-1513
115000306,70,653,-583
115000307,40,251,-211
115000308,34,14,20
115000310,573,1571,-998
115000311,362,1623,-1261
115000313,98,1061,-963
115000314,185,65,120
115000315,1470,202,1268
115000316,18,65,-47
115000317,186,831,-645
115000318,718,282,436
115000319,46,362,-316
115000320,5,168,-163
115000321,372,6,366
115000322,32,276,-244
115000449,521,96,425
115000557,11,407,-396
115000558,195,60,135
115000587,260,508,-248
115000588,2405,4573,-2168
115000589,2559,2651,-92
115000590,1008,1850,-842
115000591,1507,744,763
115000592,828,1566,-738
115000593,1304,467,837
115000594,1082,1232,-150
115000609,53,102,-49
115000617,2352,1301,1051
115000624,74,44,30
115000633,391,2020,-1629
115000634,2865,903,1962
115000635,253,155,98
115000638,1608,789,819
115000641,94,127,-33
115000642,383,250,133
115000643,106,462,-356
115000644,152,509,-357
115000646,752,1072,-320
115000647,150,563,-413
115000648,890,2054,-1164
115000893,4155,973,3182
115000894,67,1253,-1186
115000895,208,980,-772
115000896,729,344,385
115000897,429,80,349
115000898,1121,190,931
115000899,832,971,-139
115000900,140,319,-179
115000901,53,95,-42
115000912,145,67,78
115000913,3,45,-42
115000915,13,0,13
115000916,52,47,5
115000917,0,3,-3
115000918,64,245,-181
115000919,13,3,10
115000920,17,58,-41
115000921,1666,111,1555
115000922,824,463,361
115000923,401,776,-375
115000925,25,79,-54
115000927,5,35,-30
115000933,190,98,92
115900001,23,100,-77
115900002,84,249,-165
115900003,58,229,-171
115900004,1,81,-80
115900005,82,3,79
115900006,78,469,-391
115900008,4,22,-18
115900009,43,334,-291
115900010,149,339,-190
115900011,267,396,-129
115900012,33,96,-63
115900013,435,243,192
115900014,67,216,-149
115900015,25,149,-124
115900016,82,40,42
115900017,2,0,2
115900018,143,133,10
115900019,1582,46,1536
115900020,8,0,8
115900021,2602,277,2325
115900022,1653,14,1639
115900023,9,1,8
115900025,73,144,-71
115900026,1071,466,605
115900027,0,556,-556
115900028,759,82,677
115900029,15,668,-653
115900030,21,9,12
115900031,436,104,332
115900032,471,906,-435
115900033,1,59,-58
115900034,5,857,-852
115900035,26,153,-127
115900036,149,316,-167
115900037,16,713,-697
115900038,8,7,1
115900039,58,349,-291
115900041,285,275,10
115900042,9,8,1
115900043,17,133,-116
115900044,201,239,-38
115900046,133,330,-197
115900047,57,38,19
115900049,82,233,-151
115900051,1,92,-91
115900052,11,359,-348
115900053,68,376,-308
115900054,42,68,-26
115900055,19,191,-172
115900056,93,577,-484
115900057,7,4,3
115900058,18,94,-76
115900060,42,197,-155
115900061,72,4,68
115900062,22,390,-368
115900063,39,17,22
115900064,182,288,-106
115900065,17,153,-136
115900066,159,280,-121
115900067,8,971,-963
115900068,4725,117,4608
115900069,64,237,-173
115900070,65,341,-276
115900071,0,773,-773
115900072,104,330,-226
115900073,30,23,7
115900074,5,440,-435
115900075,14,432,-418
115900076,3,116,-113
115900077,7,427,-420
115900078,35,203,-168
115900079,54,12,42
115900080,461,182,279
115900081,7,110,-103
115900082,189,143,46
115900084,120,65,55
115900085,33,35,-2
115900086,2043,439,1604
115900088,17,29,-12
115900089,96,917,-821
115900090,98,20,78
115900091,2,24,-22
115900092,24,292,-268
115900093,3,50,-47
115900094,1,523,-522
115900096,0,28,-28
115900097,11,785,-774
115900098,90,645,-555
115900099,22,92,-70
115900100,8,814,-806
115900101,66,594,-528
115900102,7,151,-144
115900103,163,349,-186
115900104,26,246,-220
115900105,46,1027,-981
115900106,22,43,-21
115900107,21,276,-255
115900108,24,48,-24
115900109,34,601,-567
115900110,0,12,-12
115900111,2,88,-86
115900112,32,1335,-1303
115900113,13,14,-1
115900114,0,194,-194
115900115,39,148,-109
115900116,107,1400,-1293
115900117,23,18,5
115900118,2,507,-505
115900119,42,81,-39
115900120,17,555,-538
115900121,56,305,-249
115900124,152,387,-235
115900125,154,25,129
115900126,481,83,398
115900127,522,49,473
115900128,3,55,-52
115900129,620,23,597
115900130,27,157,-130
115900131,239,18,221
115900132,186,5,181
115900134,119,10,109
115900135,567,437,130
115900137,20,0,20
115900139,251,155,96
115900140,136,11,125
115900141,38,152,-114
115900142,42,50,-8
115900143,87,272,-185
115900144,42,303,-261
115900146,6,233,-227
115900147,208,255,-47
115900148,4,4,0
115900149,30,30,0
115900150,12,78,-66
115900151,9,39,-30
115900152,30,503,-473
115900153,41,270,-229
115900154,642,343,299
115900155,0,95,-95
115900156,515,749,-234
115900157,47,468,-421
115900158,33,7,26
115900159,57,317,-260
115900160,8,16,-8
115900161,11,217,-206
115900163,92,193,-101
115900164,137,34,103
115900165,0,107,-107
115900166,128,253,-125
115900168,20,202,-182
115900171,56,473,-417
115900172,30,163,-133
115900173,117,195,-78
115900174,280,292,-12
115900175,76,198,-122
115900178,10,977,-967
115900179,79,21,58
115900180,30,427,-397
115900181,58,326,-268
115900182,186,405,-219
115900183,338,78,260
115900184,2060,40,2020
115900187,4,78,-74
115900189,0,119,-119
115900190,758,451,307
115900191,38,755,-717
115900192,9,59,-50
115900193,125,73,52
115900194,321,33,288
115900195,558,1054,-496
115900198,184,242,-58
115900199,112,280,-168
115900200,285,355,-70
115900201,370,252,118
115900202,2,12,-10
115900203,5,1,4
115900204,0,0,0
115900205,25,2,23
115900206,53,155,-102
115900207,18,24,-6
115900208,30,405,-375
115900209,1,186,-185
115900210,1,231,-230
115900211,1,305,-304
115900212,46,300,-254
115900213,19,17,2
115900214,110,248,-138
115900215,18,23,-5
115900216,4,76,-72
115900217,1,86,-85
115900218,2,60,-58
115900219,21,23,-2
115900220,34,11,23
115900221,26,13,13
115900222,23,7,16
115900223,6,75,-69
115900224,1960,269,1691
115900225,103,37,66
115900226,21,27,-6
115900227,3,45,-42
115900228,2,49,-47
115900229,3,49,-46
115900230,70,80,-10
115900231,72,0,72
115900232,26,1,25
115900233,44,7,37
115900234,24,14,10
115900235,2,31,-29
115900236,24,11,13
115900237,5,35,-30
115900238,25,25,0
115900239,9,34,-25
115900240,18,66,-48
115900241,101,112,-11
115900242,132,166,-34
115900243,13,11,2
115900244,15,11,4
115900245,0,32,-32
115900246,16,4,12
115900247,8,0,8
115900248,9,3,6
115900249,0,25,-25
115900250,2,25,-23
115900251,0,5,-5
115900252,1,5,-4
115900253,4,19,-15
115900254,14,26,-12
115900255,3,7,-4
115900256,14,11,3
115900257,1,2,-1
115900258,0,1,-1
115900259,1,1,0
115900260,22,0,22
115900261,14,4,10
115900262,2,1,1
115900263,6,2,4
115900264,28,7,21
115900265,4,2,2
115900266,6,2,4
115900267,1,8,-7
115900268,4,17,-13
115900269,172,531,-359
115900270,132,841,-709
116000001,22544,5269,17275
116000002,4547,5012,-465
116000003,1683,1868,-185
116000004,1309,1840,-531
116000005,3023,3122,-99
116000006,1478,1165,313
116000007,4720,4517,203
116000008,4417,1334,3083
116000009,2036,3020,-984
116000010,1310,918,392
116000011,631,1942,-1311
116000012,707,596,111
116000013,20186,4887,15299
116000014,24853,6230,18623
116000015,653,897,-244
116000016,10694,2128,8566
116000017,27,468,-441
116000018,947,488,459
116000019,897,267,630
116000020,504,1601,-1097
116000021,267,176,91
116000022,242,586,-344
116000023,524,504,20
116000024,751,2102,-1351
116000025,549,456,93
116000026,1975,2876,-901
116000027,449,627,-178
116000028,287,500,-213
116000029,1182,612,570
116000030,389,304,85
116000031,165,244,-79
116000032,157,316,-159
116000033,149,338,-189
116000034,560,611,-51
116000035,188,646,-458
116000036,2712,814,1898
116000037,956,652,304
116000038,569,374,195
116000039,795,460,335
116000040,1022,469,553
116000041,474,906,-432
116000042,462,376,86
116000043,139,499,-360
116000044,4,47,-43
116000045,1263,1171,92
116000046,1422,1002,420
116000047,1870,1917,-47
116000048,1975,1727,248
116000049,744,1926,-1182
116000050,1171,1491,-320
116000051,2526,1768,758
116000052,3013,3832,-819
116000053,1187,962,225
116000054,578,2977,-2399
116000055,260,1721,-1461
116000056,478,1017,-539
116000057,3511,2599,912
116000058,3318,2227,1091
116000059,3001,3568,-567
116000060,3734,1030,2704
116000061,258,782,-524
116000062,604,302,302
116000063,474,1037,-563
116000066,116,338,-222
116000067,245,626,-381
116000068,129,160,-31
116000069,251,501,-250
116000078,222,995,-773
116000080,988,1122,-134
116000082,12,178,-166
116000083,832,344,488
116000084,2513,4046,-1533
116000085,1638,1111,527
116000086,2111,1365,746
116000087,836,986,-150
116000088,863,1706,-843
116000089,108,106,2
116000090,96,160,-64
116000091,247,83,164
116000093,1612,931,681
116000094,363,896,-533
116000095,425,782,-357
116000096,506,1569,-1063
116000097,421,1050,-629
116000098,42,5491,-5449
116000099,12008,508,11500
116000100,89,17,72
116000101,285,2029,-1744
116000102,226,1587,-1361
116000103,270,242,28
116000104,162,2146,-1984
116000105,542,250,292
116000106,568,1391,-823
116000107,2300,536,1764
116000108,480,210,270
116000111,43,22,21
116000113,145,45,100
116000114,52,162,-110
116000115,98,49,49
116000116,165,790,-625
116000117,988,2008,-1020
116000118,779,1869,-1090
116000119,1624,1649,-25
116000120,2746,6021,-3275
116000121,502,419,83
116000122,1496,3061,-1565
116000123,404,372,32
116000124,297,1428,-1131
116000125,1211,513,698
116000126,350,1829,-1479
116000127,964,1968,-1004
116000128,946,705,241
116000129,570,180,390
116000130,211,237,-26
116000133,387,1018,-631
116000134,1161,3509,-2348
116000135,1146,1358,-212
116000136,896,2836,-1940
116000137,593,541,52
116000138,1888,477,1411
116000139,1932,2716,-784
116000140,66,254,-188
116000141,419,1294,-875
116000142,4645,4698,-53
116000143,2074,1525,549
116000144,1066,3628,-2562
116000145,1326,1555,-229
116000146,233,520,-287
116000147,194,151,43
116000148,262,386,-124
116000149,342,551,-209
116000151,432,1160,-728
116000153,55,449,-394
116000155,158,221,-63
116000156,2093,1602,491
116000157,28,19,9
116000158,173,441,-268
116000159,7,7,0
116000160,5,195,-190
116000161,5,143,-138
116000162,85,39,46
116000163,10,11,-1
116000164,0,15,-15
116000177,656,127,529
116000194,58,632,-574
116000195,1348,709,639
116000196,12,6,6
116000197,2,6,-4
116000198,2465,1100,1365
116000200,809,181,628
116000201,524,672,-148
116000202,3,375,-372
116000203,3,111,-108
116000204,15,46,-31
116000205,0,173,-173
116000206,5,123,-118
116000207,15,30,-15
116000233,135,1138,-1003
116000287,70,683,-613
116000288,70,395,-325
116000292,60,238,-178
116000296,6,225,-219
116000297,19,10,9
116000304,78,7,71
116000305,2,329,-327
116000346,141,278,-137
116000352,62,98,-36
116000354,39,14,25
116000357,13,14,-1
116000358,138,29,109
116000361,135,1,134
116000372,10698,2135,8563
116000381,36,0,36
116000388,1,63,-62
116000389,454,556,-102
116000445,187,961,-774
116000446,139,1247,-1108
116000447,16,476,-460
116000448,567,292,275
116000563,1092,672,420
116000565,110,551,-441
116000568,50,154,-104
116000579,22,161,-139
116000584,4,16,-12
116000585,14,11,3
116000586,291,90,201
116000587,198,454,-256
116000589,16,115,-99
116000590,67,52,15
116000591,112,361,-249
116000592,16,232,-216
116000593,1,36,-35
116000594,231,913,-682
116000595,379,237,142
116000596,33,10,23
116000597,85,51,34
116000598,6,298,-292
116000602,121,279,-158
116000605,255,213,42
116000606,32,95,-63
116000607,13,69,-56
116000609,180,635,-455
116000611,47,744,-697
116000612,517,1811,-1294
116000613,216,368,-152
116000614,434,1055,-621
116000615,54,115,-61
116000616,26,208,-182
116000617,27,100,-73
116000618,1,229,-228
116000619,7,69,-62
116000620,55,74,-19
116000621,12,56,-44
116000622,19,104,-85
116000624,67,83,-16
116000628,4,173,-169
116000629,1,209,-208
116000630,38,1,37
116000631,6,1,5
116000632,76,323,-247
116000633,0,333,-333
116000634,37,2,35
116900001,139,145,-6
116900002,303,4,299
116900003,34,122,-88
116900004,19,31,-12
116900005,117,60,57
116900006,157,169,-12
116900007,144,216,-72
116900008,171,617,-446
116900009,21,1,20
116900010,5,2361,-2356
116900011,9,57,-48
116900012,81,254,-173
116900013,10,368,-358
116900014,42,529,-487
116900015,121,86,35
116900016,63,0,63
116900017,3,862,-859
116900018,37,32,5
116900019,1,530,-529
116900020,1505,262,1243
116900023,34,10,24
116900024,193,110,83
116900025,354,1408,-1054
116900026,309,1021,-712
116900027,22,33,-11
116900028,2,219,-217
116900029,12,13,-1
116900031,0,14,-14
116900032,1,507,-506
116900033,3,8,-5
116900034,15,86,-71
116900035,110,227,-117
116900036,2,128,-126
116900038,5,1,4
116900041,57,31,26
116900042,1220,275,945
116900043,5,82,-77
116900045,197,57,140
116900047,94,41,53
116900049,63,299,-236
116900050,59,467,-408
116900051,23,371,-348
116900052,97,69,28
116900055,0,4,-4
116900057,10,409,-399
116900058,21,489,-468
116900059,0,308,-308
116900060,128,337,-209
116900062,1,4,-3
116900064,55,1325,-1270
116900065,8,84,-76
116900067,83,166,-83
116900068,81,551,-470
116900070,0,2,-2
116900072,11,648,-637
116900073,9,284,-275
116900074,6,76,-70
116900076,12,30,-18
116900077,19,310,-291
116900078,268,201,67
116900079,11,501,-490
116900080,19,39,-20
116900081,312,1811,-1499
116900082,305,1277,-972
116900083,40,87,-47
116900084,175,82,93
116900085,20,190,-170
116900086,30,268,-238
116900088,483,70,413
116900090,159,71,88
116900091,102,98,4
116900092,74,1057,-983
116900093,2309,1887,422
116900094,9487,2219,7268
116900095,249,199,50
116900096,107,100,7
116900097,4912,1535,3377
116900098,1151,195,956
116900099,578,404,174
116900100,392,16,376
116900101,337,995,-658
116900103,3,0,3
116900104,34,78,-44
116900105,261,40,221
116900106,776,546,230
116900107,5844,1206,4638
116900110,9,0,9
116900111,113,1761,-1648
116900112,103,1253,-1150
116900113,4176,709,3467
116900116,145,254,-109
116900117,24,105,-81
116900118,1401,441,960
116900120,109,169,-60
116900121,52,65,-13
116900122,357,1329,-972
116900123,85,1273,-1188
116900124,134,953,-819
116900125,122,303,-181
116900126,354,548,-194
116900128,2,69,-67
116900129,5,490,-485
116900130,1362,1750,-388
116900131,68,193,-125
116900132,11,84,-73
116900133,15,127,-112
116900134,132,270,-138
116900136,189,175,14
116900137,226,241,-15
116900138,143,303,-160
116900139,96,491,-395
116900140,140,177,-37
116900141,370,451,-81
116900142,7,12,-5
116900143,246,999,-753
116900144,18,48,-30
116900145,93,457,-364
116900147,579,291,288
116900148,8,38,-30
116900149,32,133,-101
116900150,8,5,3
116900151,56,11,45
116900153,35,60,-25
116900154,696,213,483
116900155,53,44,9
116900157,160,272,-112
116900158,84,92,-8
116900159,20,233,-213
116900160,540,226,314
116900161,12675,3709,8966
116900162,4,228,-224
116900163,61,195,-134
116900164,70,36,34
116900165,111,87,24
116900166,9,102,-93
116900167,166,83,83
116900168,97,143,-46
116900169,641,181,460
116900170,160,244,-84
116900171,31,325,-294
116900172,219,108,111
116900173,74,77,-3
116900174,12,21,-9
116900175,153,134,19
116900178,13,258,-245
116900179,73,87,-14
116900180,49,39,10
116900182,535,217,318
116900183,98,72,26
116900185,3,23,-20
116900186,45,528,-483
116900187,22,15,7
116900188,117,20,97
116900189,15,0,15
116900191,241,404,-163
116900192,195,235,-40
116900194,37,370,-333
116900195,17,7,10
116900196,19,180,-161
116900197,36,2,34
116900198,446,148,298
116900200,14,60,-46
116900201,59,3,56
116900202,197,71,126
116900203,95,0,95
116900204,46,48,-2
116900206,1,39,-38
116900207,31,37,-6
116900208,7,250,-243
116900209,16,208,-192
116900210,279,198,81
116900211,174,20,154
116900212,22,89,-67
116900213,171,304,-133
116900214,56,159,-103
116900215,40,103,-63
116900216,135,493,-358
116900218,22,379,-357
116900219,911,454,457
116900220,59,227,-168
116900221,50,288,-238
116900222,361,361,0
116900223,100,247,-147
116900226,23,110,-87
116900227,114,77,37
116900228,158,356,-198
116900230,42,532,-490
116900231,12,678,-666
116900232,8,657,-649
116900233,80,87,-7
116900234,8,1,7
116900235,107,554,-447
116900238,1519,448,1071
116900239,9,773,-764
116900240,8148,2379,5769
116900241,54,318,-264
116900242,602,220,382
116900243,2,223,-221
116900245,30,21,9
116900246,36,15,21
116900247,212,16,196
116900248,56,32,24
116900249,171,213,-42
116900250,114,67,47
116900251,591,238,353
116900252,28,1342,-1314
116900253,29,102,-73
116900254,2,106,-104
116900255,111,33,78
116900256,238,139,99
116900257,10,918,-908
116900258,5,444,-439
116900259,51,4,47
116900260,0,227,-227
116900261,20,1,19
116900262,57,158,-101
116900263,0,4,-4
116900264,0,6,-6
116900265,13,0,13
116900266,6,71,-65
116900267,0,3,-3
116900268,13,22,-9
116900269,259,559,-300
116900271,3647,78,3569
116900272,566,760,-194
116900273,320,36,284
116900274,23,97,-74
116900275,79,256,-177
116900276,453,35,418
116900277,915,17,898
116900278,3,22,-19
116900279,1,30,-29
116900280,9,50,-41
116900281,11002,2070,8932
116900282,2,168,-166
116900283,16,170,-154
116900284,45,305,-260
116900285,384,230,154
116900286,293,4,289
116900287,4,128,-124
116900288,25,164,-139
116900289,4,51,-47
116900290,0,66,-66
116900291,2,16,-14
116900292,0,12,-12
116900293,15,105,-90
116900294,32,152,-120
116900295,88,56,32
116900296,13,54,-41
116900297,2,43,-41
116900298,36,21,15
116900299,28,65,-37
116900300,30,282,-252
116900301,45,28,17
116900302,2148,250,1898
116900303,522,36,486
116900304,1,122,-121
116900305,5,41,-36
116900306,43,161,-118
117000001,1307,1363,-56
117000002,1563,4940,-3377
117000003,6291,2790,3501
117000004,5119,5526,-407
117000005,1007,1479,-472
117000006,1000,4615,-3615
117000007,2015,1229,786
117000008,1307,4774,-3467
117000009,4106,1735,2371
117000010,2947,4880,-1933
117000011,1239,2313,-1074
117000012,1160,2129,-969
117000013,826,1527,-701
117000014,784,2856,-2072
117000015,3556,1424,2132
117000016,514,50,464
117000017,401,240,161
117000018,202,426,-224
117000019,280,2,278
117000020,832,1005,-173
117000021,4582,429,4153
117000022,574,68,506
117000023,584,105,479
117000024,521,89,432
117000025,1018,910,108
117000026,2833,638,2195
117000027,4296,557,3739
117000028,4273,453,3820
117000030,449,204,245
117000032,2232,1834,398
117000033,1548,1580,-32
117000034,175,148,27
117000036,177,168,9
117000038,188,331,-143
117000039,37,172,-135
117000040,109,1834,-1725
117000041,441,143,298
117000044,18,1425,-1407
117000045,217,58,159
117000046,423,896,-473
117000047,662,558,104
117000048,2274,1716,558
117000049,149,689,-540
117000050,124,3531,-3407
117000051,1486,222,1264
117000052,7,874,-867
117000053,117,79,38
117000054,1448,6,1442
117000055,24,4826,-4802
117000056,443,10,433
117000057,728,2487,-1759
117000060,493,2561,-2068
117000061,1204,803,401
117000062,175,643,-468
117000063,1217,680,537
117000064,1016,1129,-113
117000066,1593,1085,508
117000067,99,349,-250
117000074,226,151,75
117000076,71,35,36
117000077,105,115,-10
117000078,105,721,-616
117000079,208,167,41
117000080,5,461,-456
117000081,645,113,532
117000082,23,67,-44
117000083,71,1,70
117000084,356,3,353
117000085,157,609,-452
117000086,1639,824,815
117000087,116,547,-431
117000088,191,200,-9
117000089,1230,400,830
117000090,260,1974,-1714
117000091,437,373,64
117000092,324,2373,-2049
117000093,662,795,-133
117000094,643,3246,-2603
117000095,1969,881,1088
117000096,661,3276,-2615
117000097,924,1264,-340
117000098,3296,7399,-4103
117000099,1970,899,1071
117000100,151,144,7
117000101,181,1700,-1519
117000102,1065,587,478
117000103,907,2479,-1572
117000104,1005,583,422
117000105,887,2592,-1705
117000106,786,962,-176
117000107,466,3082,-2616
117000108,980,904,76
117000109,2109,3875,-1766
117000110,1248,835,413
117000111,4062,5978,-1916
117000112,2389,2403,-14
117000113,102,539,-437
117000114,135,183,-48
117000115,46,260,-214
117000116,79,337,-258
117000117,1909,626,1283
117000118,360,162,198
117000119,250,57,193
117000120,699,103,596
117000121,519,392,127
117000122,754,961,-207
117000123,2179,47,2132
117000124,1551,57,1494
117000125,629,88,541
117000126,66,76,-10
117000127,254,567,-313
117000128,612,789,-177
117000129,583,54,529
117000130,135,0,135
117000131,0,24,-24
117000132,1270,7,1263
117000133,580,216,364
117000134,2,79,-77
117000135,9,31,-22
117000136,0,81,-81
117000137,70,55,15
117000138,1,834,-833
117000140,481,2215,-1734
117000141,1254,543,711
117000181,1504,460,1044
117000182,161,209,-48
117000195,257,1795,-1538
117000196,115,55,60
117000225,109,4,105
117000226,5,123,-118
117000276,86,4,82
117000277,1,614,-613
117000310,2684,2718,-34
117000315,24,594,-570
117000320,38,0,38
117000906,92,13,79
117000907,10,516,-506
117000908,111,16,95
117000909,96,38,58
117000910,201,162,39
117000911,96,243,-147
117000915,10,835,-825
117000916,10,8,2
117000917,595,13,582
117000918,18,32,-14
117000919,40,192,-152
117000920,8,2184,-2176
117000921,4,2631,-2627
117000922,37,168,-131
117000924,427,679,-252
117000926,1865,104,1761
117000927,3825,392,3433
117000928,0,359,-359
117000929,85,631,-546
117000930,35,23,12
117000931,1804,40,1764
117900002,156,421,-265
117900003,1249,333,916
117900005,12,6,6
117900006,0,58,-58
117900007,83,216,-133
117900008,1,40,-39
117900010,178,201,-23
117900011,25,13,12
117900012,41,271,-230
117900013,2,472,-470
117900014,237,388,-151
117900015,12,227,-215
117900016,1817,498,1319
117900017,282,596,-314
117900018,360,20,340
117900019,308,758,-450
117900020,83,241,-158
117900021,14,148,-134
117900022,9,16,-7
117900023,955,77,878
117900024,61,181,-120
117900025,18,9,9
117900026,247,626,-379
117900028,31,5,26
117900029,140,1396,-1256
117900030,205,178,27
117900031,114,72,42
117900032,492,344,148
117900033,193,1333,-1140
117900034,29,40,-11
117900035,78,47,31
117900036,151,1098,-947
117900037,47,195,-148
117900038,38,717,-679
117900039,5,126,-121
117900040,104,843,-739
117900041,6,46,-40
117900042,6226,566,5660
117900043,33,59,-26
117900044,503,2237,-1734
117900045,138,79,59
117900048,147,356,-209
117900049,83,921,-838
117900050,3,33,-30
117900051,41,15,26
117900052,109,327,-218
117900053,676,831,-155
117900054,1,5,-4
117900055,132,115,17
117900056,811,6,805
117900057,939,1479,-540
117900058,1390,215,1175
117900059,305,73,232
117900060,688,7216,-6528
117900061,12,194,-182
117900063,161,306,-145
117900065,851,1444,-593
117900066,9,25,-16
117900067,282,541,-259
117900069,477,752,-275
117900070,252,7,245
117900071,43,144,-101
117900073,203,662,-459
117900074,103,12,91
117900075,63,99,-36
117900076,6,45,-39
117900077,147,189,-42
117900078,195,399,-204
117900080,150,68,82
117900081,656,574,82
117900082,206,187,19
117900083,235,1031,-796
117900086,90,62,28
117900087,92,87,5
117900088,3124,2217,907
117900089,1237,352,885
117900090,209,1240,-1031
117900091,181,165,16
117900092,17,59,-42
117900093,37,105,-68
117900094,13,7,6
117900095,109,846,-737
117900096,50,275,-225
117900097,288,57,231
117900098,13,1,12
117900099,65,772,-707
117900100,90,1,89
117900101,355,947,-592
117900102,36,59,-23
117900103,9,0,9
117900104,8,255,-247
117900105,151,292,-141
117900106,73,52,21
117900107,16,0,16
117900109,244,334,-90
117900110,34,0,34
117900111,125,4,121
117900112,36,22,14
117900113,5217,1831,3386
117900114,3,0,3
117900115,412,40,372
117900116,913,1013,-100
117900117,338,533,-195
117900118,11,0,11
117900119,46,398,-352
117900120,126,169,-43
117900121,61,50,11
117900122,1327,1574,-247
117900123,618,962,-344
117900124,813,797,16
117900125,1284,784,500
117900126,314,696,-382
117900127,322,810,-488
117900128,237,1268,-1031
117900129,15,0,15
117900130,872,495,377
117900131,0,174,-174
117900132,23,130,-107
117900133,3,172,-169
117900134,61,237,-176
117900135,10,321,-311
117900136,0,80,-80
117900137,74,505,-431
117900138,0,82,-82
117900139,26,168,-142
117900140,7234,263,6971
117900141,309,279,30
117900142,37,8,29
117900144,52,89,-37
117900145,60,3,57
117900146,149,81,68
117900147,22,57,-35
117900148,3723,1039,2684
117900149,33,227,-194
117900150,31,189,-158
117900151,20,206,-186
117900152,100,99,1
117900153,5,148,-143
117900154,264,954,-690
117900156,875,743,132
117900157,47,517,-470
117900158,162,100,62
117900160,441,366,75
117900161,3308,3231,77
117900162,134,482,-348
117900163,79,7,72
117900165,0,1,-1
117900166,80,309,-229
117900168,54,177,-123
117900169,1,137,-136
117900170,2,28,-26
117900171,1,18,-17
117900172,13,56,-43
117900173,199,56,143
117900174,18,86,-68
117900175,3,39,-36
117900176,7,81,-74
117900177,17,77,-60
117900178,143,47,96
117900180,301,31,270
117900181,231,175,56
117900182,1,32,-31
117900183,31,192,-161
117900184,3,75,-72
117900185,28,38,-10
117900186,10,27,-17
117900187,12,10,2
117900188,250,33,217
117900189,51,12,39
117900190,8,1,7
117900191,35,0,35
117900192,89,0,89
117900193,20,69,-49
117900194,2,5,-3
117900195,26,23,3
117900196,13,17,-4
117900207,114,78,36
117900208,41,39,2
117900209,133,136,-3
117900210,165,179,-14
117900211,12,302,-290
117900212,85,138,-53
117900213,5,14,-9
117900214,4,59,-55
117900216,1,17,-16
117900217,90,100,-10
117900218,128,133,-5
117900219,3,50,-47
117900220,62,48,14
117900221,49,2,47
118000001,786,417,369
118000002,1497,2188,-691
118000003,1533,1070,463
118000004,2770,2185,585
118000005,6923,1824,5099
118000006,10520,7701,2819
118000007,7936,2062,5874
118000008,6038,3016,3022
118000009,2266,3539,-1273
118000010,4831,4752,79
118000011,723,3672,-2949
118000012,1114,3712,-2598
118000013,4170,3456,714
118000014,2610,3701,-1091
118000016,263,635,-372
118000017,188,380,-192
118000018,310,963,-653
118000019,2026,1305,721
118000020,1245,1359,-114
118000021,689,1782,-1093
118000022,2109,556,1553
118000023,1219,225,994
118000024,2116,662,1454
118000025,1308,707,601
118000027,19918,4663,15255
118000029,1406,659,747
118000032,1968,1606,362
118000033,3497,2284,1213
118000034,6237,2123,4114
118000035,1669,1544,125
118000036,1288,1085,203
118000037,626,1045,-419
118000038,104,151,-47
118000039,83,478,-395
118000040,1893,2802,-909
118000041,2020,1670,350
118000045,1063,122,941
118000046,2173,587,1586
118000047,2234,635,1599
118000048,5088,1153,3935
118000051,2929,755,2174
118000052,1808,539,1269
118000053,459,612,-153
118000054,2383,1409,974
118000055,1500,1359,141
118000056,278,285,-7
118000057,326,341,-15
118000058,4214,1511,2703
118000059,2130,872,1258
118000060,582,924,-342
118000061,675,1379,-704
118000062,447,224,223
118000063,338,450,-112
118000064,1078,1240,-162
118000065,6930,1532,5398
118000066,785,914,-129
118000067,1762,889,873
118000068,2443,3120,-677
118000069,4189,1474,2715
118000070,10241,1761,8480
118000071,4875,4828,47
118000072,2339,1002,1337
118000073,3596,522,3074
118000074,299,404,-105
118000075,910,346,564
118000076,1129,1056,73
118000077,1470,1091,379
118000078,1949,1960,-11
118000079,316,387,-71
118000080,1103,778,325
118000081,1370,1028,342
118000082,339,742,-403
118000083,2913,1127,1786
118000084,3077,1544,1533
118000086,143,550,-407
118000087,7470,2670,4800
118000088,1936,1718,218
118000089,4893,2403,2490
118000090,2594,2446,148
118000091,2090,1514,576
118000092,1405,326,1079
118000093,128,691,-563
118000096,483,526,-43
118000097,556,522,34
118000098,188,245,-57
118000099,392,1262,-870
118000101,644,384,260
118000102,343,1921,-1578
118000107,4619,524,4095
118000108,608,1095,-487
118000110,1,24,-23
118000111,6,731,-725
118000112,167,1,166
118000113,5,1458,-1453
118000114,177,4,173
118000115,38,7,31
118000116,23,1,22
118000117,1180,983,197
118000118,787,606,181
118000119,918,1076,-158
118000120,1630,1781,-151
118000121,59,500,-441
118000122,1018,191,827
118000123,66,313,-247
118000125,1989,1522,467
118000126,684,1452,-768
118000127,1929,605,1324
118000128,991,1262,-271
118000129,526,249,277
118000130,3311,5111,-1800
118000131,330,1143,-813
118000132,1822,1438,384
118000133,369,474,-105
118000135,435,366,69
118000136,123,631,-508
118000137,585,77,508
118000138,253,1094,-841
118000139,117,109,8
118000140,2256,3300,-1044
118000141,1607,2176,-569
118000142,1150,2624,-1474
118000143,1314,932,382
118000144,2036,1313,723
118000145,1850,3835,-1985
118000146,1089,1916,-827
118000147,562,2251,-1689
118000148,235,1396,-1161
118000149,577,1276,-699
118000150,259,179,80
118000151,247,522,-275
118000153,658,1393,-735
118000154,718,1813,-1095
118000155,678,1467,-789
118000156,2826,2266,560
118000157,412,317,95
118000158,150,628,-478
118000159,34,64,-30
118000160,288,533,-245
118000161,376,1412,-1036
118000162,1004,918,86
118000163,398,827,-429
118000164,2434,1498,936
118000168,2179,252,1927
118000169,1136,2168,-1032
118000170,4405,8373,-3968
118000171,169,736,-567
118000172,108,335,-227
118000173,721,1238,-517
118000175,223,400,-177
118000176,207,469,-262
118000177,161,633,-472
118000178,58,52,6
118000179,1899,612,1287
118000180,856,944,-88
118000181,726,486,240
118000182,211,360,-149
118000183,186,202,-16
118000184,320,1266,-946
118000185,1142,811,331
118000186,653,939,-286
118000187,626,1148,-522
118000188,427,208,219
118000189,322,1114,-792
118000190,6,15,-9
118000191,29,37,-8
118000192,50,99,-49
118000193,45,242,-197
118000194,1985,1176,809
118000195,1539,486,1053
118000196,677,120,557
118000197,204,97,107
118000198,528,298,230
118000199,534,249,285
118000200,74,296,-222
118000201,547,306,241
118000202,20,48,-28
118000203,1933,357,1576
118000204,168,176,-8
118000205,358,258,100
118000206,130,237,-107
118000207,0,142,-142
118000208,1139,1740,-601
118000209,1595,2185,-590
118000210,36,52,-16
118000211,20,27,-7
118000213,1029,786,243
118000214,614,282,332
118000215,224,434,-210
118000216,1406,4579,-3173
118000217,41,152,-111
118000218,49,119,-70
118000219,542,422,120
118000220,1,18,-17
118000221,67,276,-209
118000222,82,11,71
118000223,14,36,-22
118000224,283,165,118
118000225,125,1167,-1042
118000226,545,104,441
118000227,1121,319,802
118000228,176,151,25
118000229,369,37,332
118000230,33,332,-299
118000231,81,273,-192
118000232,610,1321,-711
118000233,572,1071,-499
118000234,184,488,-304
118000236,414,608,-194
118000237,35,932,-897
118000238,77,384,-307
118000239,225,360,-135
118000240,661,93,568
118000241,78,380,-302
118000242,314,894,-580
118000243,81,272,-191
118000244,20,179,-159
118000246,0,8,-8
118000255,35,206,-171
118000256,62,189,-127
118000259,7,56,-49
118000260,109,119,-10
118000261,16,168,-152
118000263,113,284,-171
118000266,106,594,-488
118000267,0,92,-92
118000268,246,3,243
118000270,33,79,-46
118000271,87,321,-234
118000272,67,52,15
118000273,91,101,-10
118000274,97,449,-352
118000276,205,371,-166
118000295,2,66,-64
118000298,165,438,-273
118000299,53,239,-186
118000301,0,82,-82
118000302,45,131,-86
118000311,111,153,-42
118000312,92,264,-172
118000313,44,229,-185
118000314,68,98,-30
118000315,25,73,-48
118000316,350,747,-397
118000325,15,113,-98
118000326,37,58,-21
118000331,14,88,-74
118000332,21,77,-56
118000333,15,98,-83
118000335,79,0,79
118000336,2,519,-517
118000407,25,75,-50
118000457,11,12,-1
118000465,4406,2453,1953
118000480,10,223,-213
118000489,12,111,-99
118000490,40,464,-424
118000492,133,198,-65
118000510,89,17,72
118000514,149,427,-278
118000515,617,412,205
118000517,444,229,215
118000524,860,126,734
118000525,1119,1243,-124
118000530,5,171,-166
118000531,119,361,-242
118000532,169,373,-204
118000533,331,170,161
118000534,535,485,50
118000535,93,98,-5
118000536,1278,421,857
118000537,18,51,-33
118000538,23,139,-116
118000539,31,94,-63
118000540,207,393,-186
118000541,73,138,-65
118000542,64,181,-117
118000543,194,225,-31
118000546,13,29,-16
118000560,4496,723,3773
118000562,9,455,-446
118000563,2163,1611,552
118000576,94,264,-170
118000577,142,114,28
118000578,128,105,23
118000579,778,984,-206
118000595,110,74,36
118000596,0,85,-85
118000597,64,151,-87
118000598,1,0,1
118000599,18,37,-19
118000600,1,40,-39
118000601,16,0,16
118000602,0,35,-35
118000603,0,32,-32
118900001,1556,715,841
118900002,1457,691,766
118900003,104,35,69
118900004,32,117,-85
118900005,31,1,30
118900006,50,3,47
118900007,7,5,2
118900008,1363,55,1308
118900009,26,10,16
118900010,43,5,38
118900011,109,8,101
118900012,370,253,117
118900013,698,31,667
118900015,117,18,99
118900016,5,16,-11
118900017,95,119,-24
118900018,1455,17,1438
118900019,64,12,52
118900020,127,107,20
118900021,99,447,-348
118900022,90,188,-98
118900023,30,130,-100
118900024,22,240,-218
118900025,29,17,12
118900026,35,130,-95
118900027,380,226,154
118900028,62,258,-196
118900029,129,602,-473
118900030,92,74,18
118900031,69,162,-93
118900032,69,249,-180
118900033,246,937,-691
118900034,67,15,52
118900035,73,404,-331
118900036,591,757,-166
118900037,225,357,-132
118900038,244,421,-177
118900039,191,328,-137
118900040,147,215,-68
118900041,141,200,-59
118900042,156,94,62
118900045,137,181,-44
118900046,774,101,673
118900047,1044,213,831
118900048,98,200,-102
118900049,58,53,5
118900050,16,188,-172
118900051,25,50,-25
118900052,129,293,-164
118900053,41,98,-57
118900054,48,64,-16
118900055,20,180,-160
118900056,18,106,-88
118900057,316,308,8
118900058,246,545,-299
118900059,11,69,-58
118900060,34,102,-68
118900062,88,276,-188
118900064,781,335,446
118900065,26,181,-155
118900066,36,133,-97
118900067,8607,2129,6478
118900068,4,153,-149
118900069,205,315,-110
118900071,18,57,-39
118900072,297,458,-161
118900073,45,92,-47
118900074,44,146,-102
118900075,34,109,-75
118900076,196,83,113
118900077,213,234,-21
118900078,57,2,55
118900079,46,229,-183
118900080,15,87,-72
118900081,23,29,-6
118900082,373,199,174
118900083,8,29,-21
118900084,18,17,1
118900085,633,1234,-601
118900086,13,33,-20
118900087,6,126,-120
118900088,0,25,-25
118900089,27,22,5
118900090,421,639,-218
118900091,223,93,130
118900092,72,100,-28
118900093,106,9,97
118900096,31,14,17
118900097,136,1032,-896
118900099,39,362,-323
118900100,112,288,-176
118900101,41,928,-887
118900102,12,63,-51
118900103,20,53,-33
118900104,52,249,-197
118900105,169,121,48
118900107,210,103,107
118900108,60,105,-45
118900109,1244,103,1141
118900110,2017,341,1676
118900111,203,869,-666
118900112,14,100,-86
118900113,68,913,-845
118900114,19,155,-136
118900115,60,354,-294
118900116,55,203,-148
118900117,59,181,-122
118900118,110,662,-552
118900119,51,343,-292
118900120,68,324,-256
118900121,9,377,-368
118900122,8,546,-538
118900123,84,259,-175
118900124,28,213,-185
118900126,9,303,-294
118900129,175,161,14
118900130,32,88,-56
118900131,85,368,-283
118900132,349,161,188
118900133,21,72,-51
118900135,115,298,-183
118900136,175,1082,-907
118900137,1,17,-16
118900139,50,711,-661
118900140,334,1141,-807
118900141,31,423,-392
118900144,87,896,-809
118900145,61,211,-150
118900146,159,1014,-855
118900147,87,74,13
118900148,24,85,-61
118900150,111,308,-197
118900152,376,1286,-910
118900157,92,116,-24
118900158,47,129,-82
118900159,1,327,-326
118900161,83,5,78
118900163,306,124,182
118900164,4,192,-188
118900165,22,484,-462
118900166,28,2,26
118900167,34,280,-246
118900168,2,50,-48
118900169,98,584,-486
118900170,54,149,-95
118900171,9,31,-22
118900174,33,44,-11
118900175,169,486,-317
118900176,71,226,-155
118900177,19,84,-65
118900178,15,137,-122
118900179,1,67,-66
118900181,47,62,-15
118900182,112,35,77
118900183,8,63,-55
118900184,230,34,196
118900185,51,129,-78
118900186,76,100,-24
118900187,146,330,-184
118900188,209,370,-161
118900189,27,466,-439
118900190,15,1002,-987
118900191,72,59,13
118900192,66,44,22
118900193,102,15,87
118900195,517,1343,-826
118900196,23,298,-275
118900197,83,150,-67
118900198,6,107,-101
118900199,13,81,-68
118900200,10,4,6
118900201,12,12,0
118900202,12,72,-60
118900203,2,89,-87
118900204,2,77,-75
118900205,5,25,-20
118900206,4,50,-46
119000001,1004,1417,-413
119000002,3213,3569,-356
119000003,1309,1947,-638
119000004,1577,1462,115
119000005,1470,1654,-184
119000006,1427,1497,-70
119000007,2564,3299,-735
119000008,1707,2746,-1039
119000009,4205,2774,1431
119000010,10489,4461,6028
119000011,7651,2223,5428
119000012,7607,3426,4181
119000013,2785,1395,1390
119000014,3005,4372,-1367
119000019,201,234,-33
119000020,1077,1520,-443
119000021,2379,2438,-59
119000022,5151,1519,3632
119000023,274,166,108
119000024,2911,6202,-3291
119000025,16649,1565,15084
119000026,324,245,79
119000027,936,453,483
119000028,2255,1640,615
119000029,187,304,-117
119000030,357,1355,-998
119000031,569,796,-227
119000032,2703,2718,-15
119000033,2207,2031,176
119000034,1033,1199,-166
119000035,22,449,-427
119000036,825,1491,-666
119000037,995,2908,-1913
119000038,95,1469,-1374
119000039,158,427,-269
119000040,996,426,570
119000041,988,1153,-165
119000048,4711,4968,-257
119000049,990,4330,-3340
119000050,1744,2744,-1000
119000051,2159,1147,1012
119000052,2404,3652,-1248
119000053,1812,1340,472
119000054,2499,4852,-2353
119000055,2327,4650,-2323
119000056,1682,2358,-676
119000057,1489,3321,-1832
119000058,1729,2941,-1212
119000059,863,1883,-1020
119000060,868,861,7
119000061,797,996,-199
119000062,1103,1501,-398
119000063,251,267,-16
119000064,1250,1802,-552
119000065,2439,4808,-2369
119000066,1902,1057,845
119000067,1866,3282,-1416
119000068,1029,1250,-221
119000069,1147,3308,-2161
119000070,1434,1415,19
119000071,531,1039,-508
119000072,8924,4779,4145
119000073,7305,6243,1062
119000074,661,4637,-3976
119000075,716,2833,-2117
119000076,809,995,-186
119000077,1162,677,485
119000078,362,353,9
119000079,58,858,-800
119000080,157,311,-154
119000081,337,502,-165
119000082,998,319,679
119000083,336,369,-33
119000084,286,757,-471
119000085,746,434,312
119000086,277,515,-238
119000087,1933,1323,610
119000088,278,328,-50
119000089,59,162,-103
119000090,134,222,-88
119000091,153,377,-224
119000092,847,235,612
119000093,4738,4673,65
119000094,1866,5965,-4099
119000095,1085,3820,-2735
119000097,3054,2207,847
119000098,634,1537,-903
119000099,2167,2227,-60
119000100,2093,2477,-384
119000101,4118,2909,1209
119000102,982,755,227
119000103,2072,614,1458
119000104,3868,1796,2072
119000105,632,911,-279
119000106,195,2671,-2476
119000107,305,538,-233
119000108,256,1748,-1492
119000109,210,467,-257
119000110,1102,563,539
119000111,136,663,-527
119000112,276,171,105
119000113,5344,372,4972
119000114,661,520,141
119000115,191,132,59
119000116,135,88,47
119000117,89,365,-276
119000118,0,1,-1
119000123,2842,748,2094
119000124,354,256,98
119000125,1559,1565,-6
119000126,216,1257,-1041
119000127,203,1248,-1045
119000128,82,15,67
119000131,577,1424,-847
119000132,0,2,-2
119000133,2,3,-1
119000134,3567,566,3001
119000135,43,275,-232
119000136,72,415,-343
119000137,90,846,-756
119000138,187,659,-472
119000139,119,477,-358
119000140,99,350,-251
119000284,1764,3224,-1460
119000285,3139,2657,482
119000286,8264,5580,2684
119000287,1395,2661,-1266
119000288,1713,2242,-529
119000289,2579,5280,-2701
119000290,141,598,-457
119000291,2,374,-372
119000293,33,167,-134
119000294,20,41,-21
119000295,2638,743,1895
119000296,90,158,-68
119000302,5119,1827,3292
119000303,46,193,-147
119000314,1874,5978,-4104
119000315,5,913,-908
119000316,29,124,-95
119000317,25,684,-659
119900001,180,781,-601
119900002,57,365,-308
119900003,61,1868,-1807
119900004,453,389,64
119900005,38,210,-172
119900006,176,441,-265
119900007,627,75,552
119900008,30,31,-1
119900009,474,721,-247
119900010,3691,1668,2023
119900011,8,45,-37
119900012,13,42,-29
119900013,1488,733,755
119900014,1032,327,705
119900015,52,24,28
119900016,19,155,-136
119900017,15,29,-14
119900018,1456,256,1200
119900019,22,14,8
119900020,92,200,-108
119900021,85,70,15
119900022,129,273,-144
119900023,1016,567,449
119900025,74,39,35
119900026,1325,62,1263
119900027,9,19,-10
119900028,196,22,174
119900029,0,12,-12
119900030,571,488,83
119900031,22,290,-268
119900033,3449,145,3304
119900034,112,172,-60
119900037,66,41,25
119900038,34,127,-93
119900039,28,8,20
119900040,78,14,64
119900041,49,73,-24
119900042,95,193,-98
119900043,44,215,-171
119900044,156,318,-162
119900046,54,132,-78
119900047,131,81,50
119900048,5,46,-41
119900049,33,10,23
119900050,66,48,18
119900051,305,15,290
119900052,16,99,-83
119900053,51,272,-221
119900054,28,8,20
119900055,500,295,205
119900057,59,125,-66
119900058,71,2,69
119900059,182,79,103
119900060,102,9,93
119900061,90,13,77
119900062,20,37,-17
119900063,13,66,-53
119900064,132,38,94
119900065,116,9,107
119900066,0,1,-1
119900067,45,49,-4
119900068,108,1,107
119900069,29,18,11
119900070,408,14,394
119900071,267,10,257
119900072,113,608,-495
119900073,2471,450,2021
119900074,35,21,14
119900075,8191,2240,5951
119900076,305,752,-447
119900077,273,1824,-1551
119900078,175,1006,-831
119900079,48,491,-443
119900080,198,309,-111
119900081,6,93,-87
119900082,519,311,208
119900083,412,119,293
119900084,697,149,548
119900085,167,69,98
119900086,67,824,-757
119900087,303,200,103
119900088,41,98,-57
119900089,20,757,-737
119900090,197,98,99
119900091,34,1588,-1554
119900092,17,673,-656
119900093,740,103,637
119900094,17,237,-220
119900095,187,79,108
119900096,48,160,-112
119900097,544,208,336
119900098,27,47,-20
119900099,47,425,-378
119900100,3639,2821,818
119900101,308,1317,-1009
119900102,16,437,-421
119900103,24,648,-624
119900104,33,346,-313
119900105,1853,1858,-5
119900106,11,387,-376
119900107,421,4928,-4507
119900108,2570,881,1689
119900109,32,403,-371
119900110,478,1069,-591
119900111,56,556,-500
119900112,3886,566,3320
119900113,75,648,-573
119900114,147,2351,-2204
119900115,80,1695,-1615
119900116,202,252,-50
119900117,145,1425,-1280
119900118,19,1623,-1604
119900119,72,321,-249
119900120,666,983,-317
119900121,129,1885,-1756
119900122,183,472,-289
119900123,204,327,-123
119900124,66,1516,-1450
119900125,49,587,-538
119900126,8014,322,7692
119900127,3869,1226,2643
119900128,249,1024,-775
119900129,93,1254,-1161
119900130,48,419,-371
119900131,31,545,-514
119900132,7,559,-552
119900133,33,39,-6
119900134,2868,325,2543
119900135,2,682,-680
119900136,216,751,-535
119900138,502,840,-338
119900139,12,112,-100
119900140,1,176,-175
119900141,145,408,-263
119900142,10,14,-4
119900143,3,237,-234
119900144,2974,315,2659
119900145,71,346,-275
119900146,164,137,27
119900147,0,136,-136
119900148,61,73,-12
119900149,2316,3533,-1217
119900150,189,316,-127
119900151,1788,919,869
119900152,57,678,-621
119900153,74,65,9
119900154,3,348,-345
119900155,16,40,-24
119900156,5,5,0
119900157,22,453,-431
119900158,50,70,-20
119900159,10,2610,-2600
119900160,29,416,-387
119900161,125,499,-374
119900162,693,674,19
119900163,131,86,45
119900164,0,0,0
119900165,80,371,-291
119900166,51,28,23
119900167,51,188,-137
119900168,342,460,-118
119900169,197,179,18
119900170,142,184,-42
119900171,594,704,-110
119900172,106,12,94
119900173,3,798,-795
119900174,2,385,-383
119900175,581,809,-228
119900177,20,367,-347
119900178,6,278,-272
119900179,43,205,-162
119900180,580,738,-158
119900181,28,30,-2
119900182,6,876,-870
119900183,110,1287,-1177
119900184,4635,665,3970
119900185,20,81,-61
119900186,40,260,-220
119900187,6,851,-845
119900188,27,556,-529
119900189,387,264,123
119900190,64,116,-52
119900191,295,88,207
119900192,37,302,-265
119900193,91,228,-137
119900194,6,46,-40
119900195,14,403,-389
119900196,2952,699,2253
119900197,177,138,39
119900198,107,645,-538
119900199,172,17,155
119900200,336,680,-344
119900201,601,338,263
119900202,222,108,114
119900203,130,300,-170
119900204,148,579,-431
119900205,194,853,-659
119900206,49,130,-81
119900208,113,159,-46
119900209,267,646,-379
119900210,10,51,-41
119900211,113,15,98
119900212,96,345,-249
119900213,3,82,-79
119900214,15,169,-154
119900215,38,154,-116
119900216,11,149,-138
119900217,5,101,-96
119900218,24,92,-68
119900219,5,163,-158
119900220,3,231,-228
119900221,23,670,-647
119900222,7,480,-473
119900223,19,195,-176
119900224,14,51,-37
119900225,1934,66,1868
119900226,1405,1354,51
119900227,2198,540,1658
119900228,64,511,-447
119900229,313,638,-325
119900230,1575,880,695
119900231,53,257,-204
119900232,171,36,135
119900233,16,2,14
119900234,59,177,-118
119900235,6,13,-7
119900236,17,317,-300
119900237,56,770,-714
119900238,2,113,-111
119900240,45,200,-155
119900241,94,342,-248
119900242,2221,1119,1102
119900244,978,2736,-1758
119900245,48,153,-105
119900246,309,257,52
119900247,26,40,-14
119900248,31,68,-37
119900249,152,60,92
119900253,5925,423,5502
119900254,46,221,-175
119900255,88,727,-639
119900256,153,2029,-1876
119900257,13,3,10
119900258,27,17,10
119900259,5,364,-359
119900260,39,3,36
119900261,162,245,-83
119900262,0,423,-423
119900263,1139,526,613
119900264,38,443,-405
119900265,216,660,-444
119900266,105,475,-370
119900267,99,553,-454
119900268,153,385,-232
119900269,307,2331,-2024
119900271,17,100,-83
119900272,92,42,50
119900275,65,12,53
119900276,14,1,13
119900277,1,2,-1
119900278,260,33,227
119900279,139,202,-63
119900280,1251,318,933
119900281,0,66,-66
119900282,82,29,53
119900283,3,491,-488
119900284,40,353,-313
119900285,35,65,-30
119900286,7,48,-41
119900288,3,56,-53
119900289,0,62,-62
119900290,1,61,-60
119900291,1,35,-34
119900292,15,4,11
119900293,4,45,-41
119900294,16,74,-58
119900295,4,47,-43
119900296,6,308,-302
119900297,0,22,-22
119900298,2,5,-3
119900299,23,405,-382
119900300,170,288,-118
119900301,116,20,96
119900302,61,50,11
119900303,170,318,-148
119900304,82,9,73
119900305,18,116,-98
119900306,12,1,11
119900307,35,221,-186
119900308,1,15,-14
119900309,24,34,-10
119900310,229,454,-225
119900311,21,282,-261
119900312,41,120,-79
119900313,142,534,-392
119900314,58,282,-224
119900315,554,4244,-3690
119900318,11,17,-6
119900319,9,576,-567
119900320,109,955,-846
119900321,23,0,23
120000001,10439,9521,918
120000002,2541,4201,-1660
120000003,4742,2459,2283
120000004,3545,3288,257
120000005,6071,2784,3287
120000006,1211,1613,-402
120000007,4441,2709,1732
120000008,1301,1749,-448
120000009,6633,1332,5301
120000010,1852,4435,-2583
120000011,1365,2904,-1539
120000012,1977,4108,-2131
120000013,2380,3830,-1450
120000014,574,2232,-1658
120000015,3255,2016,1239
120000016,3573,2662,911
120000017,2803,1990,813
120000018,6285,7549,-1264
120000019,740,1079,-339
120000020,3436,2575,861
120000021,1925,1924,1
120000022,3604,3644,-40
120000023,870,2003,-1133
120000024,1524,2712,-1188
120000025,1917,2756,-839
120000026,699,2182,-1483
120000027,1292,1975,-683
120000028,857,446,411
120000029,6964,632,6332
120000030,865,969,-104
120000031,2629,9282,-6653
120000032,13726,4576,9150
120000033,2800,2281,519
120000034,1138,3169,-2031
120000035,1405,3299,-1894
120000036,2356,4709,-2353
120000037,530,1013,-483
120000038,15021,3781,11240
120000039,573,1266,-693
120000040,173,178,-5
120000041,718,2904,-2186
120000042,1755,6960,-5205
120000043,5211,3974,1237
120000044,3064,1432,1632
120000045,3133,1226,1907
120000046,1617,2216,-599
120000047,3009,3225,-216
120000048,11837,4175,7662
120000049,2834,3391,-557
120000050,3184,5690,-2506
120000051,5198,4848,350
120000052,20130,2967,17163
120000053,862,5626,-4764
120000054,1639,8874,-7235
120000055,1071,6173,-5102
120000056,3718,7081,-3363
120000057,1638,1283,355
120000058,416,207,209
120000059,158,1328,-1170
120000061,94,968,-874
120000062,356,353,3
120000063,2270,4345,-2075
120000064,270,2282,-2012
120000065,561,2530,-1969
120000066,112,987,-875
120000067,40,1142,-1102
120000068,143,1584,-1441
120000069,500,2021,-1521
120000070,23,1317,-1294
120000071,141,197,-56
120000072,230,629,-399
120000073,239,179,60
120000074,97,211,-114
120000075,251,276,-25
120000076,955,397,558
120000077,997,437,560
120000078,3528,705,2823
120000079,74,137,-63
120000080,48,120,-72
120000081,153,114,39
120000082,134,131,3
120000083,43,206,-163
120000084,498,797,-299
120000085,439,462,-23
120000086,227,952,-725
120000087,146,1704,-1558
120000088,652,1915,-1263
120000089,919,712,207
120000090,313,568,-255
120000091,542,1058,-516
120000092,878,668,210
120000093,211,690,-479
120000094,145,502,-357
120000095,865,925,-60
120000096,220,1717,-1497
120000098,662,1431,-769
120000099,265,1007,-742
120000100,588,1418,-830
120000101,369,653,-284
120000102,375,531,-156
120000103,863,448,415
120000104,1152,257,895
120000105,1380,293,1087
120000106,1259,339,920
120000107,1333,442,891
120000108,468,138,330
120000109,713,59,654
120000110,74,1224,-1150
120000111,101,1921,-1820
120000112,689,5934,-5245
120000113,473,4419,-3946
120000114,601,3610,-3009
120000115,341,3064,-2723
120000116,703,2699,-1996
120000117,1576,2200,-624
120000118,27,35,-8
120000119,42,50,-8
120000120,57,36,21
120000121,51,43,8
120000122,310,295,15
120000123,8854,3042,5812
120000124,324,617,-293
120000125,291,792,-501
120000126,181,707,-526
120000127,1550,703,847
120000128,3343,1986,1357
120000129,390,354,36
120000130,813,828,-15
120000131,202,483,-281
120000134,354,1960,-1606
120000135,132,311,-179
120000137,123,3263,-3140
120000138,238,697,-459
120000139,127,1509,-1382
120000140,262,865,-603
120000141,115,795,-680
120000142,156,857,-701
120000143,3,161,-158
120000144,29,1,28
120000145,128,0,128
120000146,2836,840,1996
120000149,448,1337,-889
120000150,7641,13158,-5517
120000151,428,606,-178
120000152,294,408,-114
120000153,157,1143,-986
120000154,477,410,67
120000155,116,212,-96
120000156,2154,539,1615
120000157,947,1046,-99
120000158,650,1222,-572
120000159,2173,2903,-730
120000160,2281,1431,850
120000161,1093,3550,-2457
120000162,66,267,-201
120000163,243,1923,-1680
120000164,217,675,-458
120000165,226,1244,-1018
120000166,518,796,-278
120000167,44,40,4
120000168,25,126,-101
120000169,203,317,-114
120000170,205,172,33
120000171,59,62,-3
120000172,14,23,-9
120000173,4141,195,3946
120000174,407,8,399
120000175,706,15,691
120000176,421,87,334
120000177,2975,717,2258
120000178,309,5,304
120000179,1146,37,1109
120000180,1667,106,1561
120000181,251,156,95
120000182,170,90,80
120000183,16,327,-311
120000184,166,2724,-2558
120000186,52,85,-33
120000187,75,39,36
120000188,310,52,258
120000190,2131,15,2116
120000191,2799,24,2775
120000192,3265,11,3254
120000193,1314,5,1309
120000195,223,8,215
120000196,724,76,648
120000197,191,213,-22
120000198,112,239,-127
120000199,35,2,33
120000200,49,0,49
120000201,8,10,-2
120000202,0,104,-104
120000203,12,654,-642
120000207,2,168,-166
120000208,8,422,-414
120000209,4,150,-146
120000210,226,127,99
120000211,51,1,50
120000212,62,2,60
120000213,49,638,-589
120000214,6,643,-637
120000215,4,244,-240
120000216,44,7,37
120000217,1170,2071,-901
120000218,336,1914,-1578
120000219,23,1293,-1270
120000220,13,4224,-4211
120000225,675,0,675
120000226,183,4,179
120000227,702,33,669
120000228,11984,2445,9539
120000230,149,19,130
120000231,469,3431,-2962
120000233,138,21,117
120000235,119,1018,-899
120000236,665,4,661
120000237,11,3549,-3538
120000238,3,216,-213
120000241,1236,3465,-2229
120000412,2494,25,2469
120000413,95,612,-517
120000414,32,2,30
120000415,2,297,-295
120000416,61,6,55
120000417,3,168,-165
120000418,45,11,34
120000419,11,730,-719
120000420,78,33,45
120000421,21597,7658,13939
120000422,261,392,-131
120000423,0,51,-51
120000424,26,285,-259
120000436,108,368,-260
120000437,189,249,-60
120000438,6346,466,5880
120000439,148,250,-102
120000443,102,2,100
120000444,623,747,-124
120000445,1525,1493,32
120000446,1263,447,816
120000447,99,10,89
120000449,54,21,33
120000450,6,575,-569
120000451,111,291,-180
120000452,67,0,67
120000453,4,816,-812
120000454,73,24,49
120000455,93,85,8
120000456,4387,2947,1440
120000457,2436,1489,947
120000458,558,854,-296
120000459,46,91,-45
120000665,1985,203,1782
120000668,95,175,-80
120000669,84,547,-463
120000670,355,458,-103
120000671,492,294,198
120000672,84,640,-556
120900001,35,39,-4
120900002,224,335,-111
120900003,194,34,160
120900004,27,25,2
120900005,26,2461,-2435
120900006,133,237,-104
120900007,85,225,-140
120900008,111,1701,-1590
120900009,120,37,83
120900010,227,43,184
120900011,401,93,308
120900012,1529,703,826
120900013,225,40,185
120900014,7,1179,-1172
120900015,345,82,263
120900016,332,57,275
120900017,4378,141,4237
120900018,39,756,-717
120900019,387,110,277
120900020,709,650,59
120900021,372,41,331
120900022,23,493,-470
120900023,64,36,28
120900024,1709,606,1103
120900025,2953,933,2020
120900026,82,248,-166
120900027,841,191,650
120900028,131,33,98
120900029,123,220,-97
120900030,716,552,164
120900031,100,30,70
120900032,368,170,198
120900033,493,31,462
120900034,23,1930,-1907
120900035,29,319,-290
120900037,45,8,37
120900038,26,114,-88
120900039,105,33,72
120900040,134,2,132
120900041,146,39,107
120900042,121,99,22
120900043,20,5,15
120900044,9,658,-649
120900045,148,272,-124
120900046,235,5,230
120900047,72,31,41
120900048,37,19,18
120900049,144,0,144
120900050,5502,1006,4496
120900051,131,146,-15
120900052,224,1,223
120900053,101,98,3
120900054,1537,1072,465
120900055,104,1,103
120900056,206,1,205
120900057,51,27,24
120900058,176,0,176
120900059,39,1,38
120900060,41,52,-11
120900061,218,462,-244
120900062,76,2,74
120900063,192,2,190
120900064,177,2,175
120900065,158,20,138
120900066,119,376,-257
120900067,135,28,107
120900068,79,0,79
120900069,67,105,-38
120900071,16,14,2
120900072,258,4,254
120900073,225,411,-186
120900074,232,7,225
120900076,117,1,116
120900077,6092,443,5649
120900078,398,1070,-672
120900079,231,119,112
120900080,232,3508,-3276
120900081,354,1207,-853
120900082,643,256,387
120900083,12,1,11
120900084,103,188,-85
120900085,156,91,65
120900086,207,189,18
120900087,257,77,180
120900088,167,177,-10
120900089,7079,1405,5674
120900090,66,277,-211
120900091,351,280,71
120900092,939,999,-60
120900093,6319,388,5931
120900094,635,376,259
120900095,205,37,168
120900096,26,152,-126
120900097,656,1683,-1027
120900098,347,314,33
120900099,79,129,-50
120900100,54,537,-483
120900101,563,535,28
120900102,20,185,-165
120900103,41,168,-127
120900104,91,76,15
120900105,33,1245,-1212
120900106,1698,966,732
120900107,576,320,256
120900108,6,1465,-1459
120900109,16,1125,-1109
120900110,6,1216,-1210
120900111,126,498,-372
120900112,9,2257,-2248
120900113,5,1522,-1517
120900114,24,323,-299
120900115,133,173,-40
120900116,111,908,-797
120900117,4,881,-877
120900118,3,1434,-1431
120900119,5166,5587,-421
120900120,67,1127,-1060
120900121,87,643,-556
120900122,142,971,-829
120900123,2,822,-820
120900124,4,1027,-1023
120900125,8,1654,-1646
120900126,1541,1066,475
120900127,4,834,-830
120900128,1109,1162,-53
120900129,59,636,-577
120900130,4,406,-402
120900131,27,58,-31
120900132,384,641,-257
120900133,258,1726,-1468
120900134,278,745,-467
120900135,6,1011,-1005
120900136,16,28,-12
120900137,100,174,-74
120900138,17,367,-350
120900139,5,1223,-1218
120900140,3,98,-95
120900141,81,137,-56
120900142,21,1323,-1302
120900143,4,1469,-1465
120900144,0,387,-387
120900145,125,1273,-1148
120900146,1,1687,-1686
120900147,1,444,-443
120900148,78,158,-80
120900149,0,568,-568
120900150,29,845,-816
120900151,4,1081,-1077
120900152,0,101,-101
120900153,9,107,-98
120900154,2,423,-421
120900155,104,1662,-1558
120900156,24,651,-627
120900157,22,308,-286
120900158,20,746,-726
120900159,19,495,-476
120900160,31,479,-448
120900161,17,1879,-1862
120900162,17,1447,-1430
120900163,10,133,-123
120900164,0,1,-1
120900165,0,6,-6
120900166,46,94,-48
120900167,145,99,46
120900169,34,791,-757
120900170,3666,1416,2250
120900171,1805,475,1330
120900172,2521,134,2387
120900173,0,80,-80
120900174,6,148,-142
120900175,279,278,1
120900176,9,283,-274
120900177,3,438,-435
120900178,0,229,-229
120900179,832,600,232
120900180,156,94,62
120900181,49,76,-27
120900182,25,751,-726
120900183,633,151,482
120900184,225,79,146
120900185,2,515,-513
120900186,0,716,-716
120900187,273,690,-417
120900188,69,24,45
120900189,136,358,-222
120900190,13,28,-15
120900191,5,40,-35
120900192,19961,2491,17470
120900194,13,57,-44
120900195,127,468,-341
120900196,716,61,655
120900197,436,40,396
120900198,214,953,-739
120900199,253,2022,-1769
120900200,191,119,72
120900201,996,250,746
120900202,3,366,-363
120900203,10,52,-42
120900204,434,621,-187
120900205,86,140,-54
120900206,15,7,8
121000001,1252,1352,-100
121000002,2186,1227,959
121000003,5508,2480,3028
121000004,3211,3289,-78
121000005,2744,3054,-310
121000006,3545,1356,2189
121000007,3842,3200,642
121000008,5632,2793,2839
121000009,10832,6016,4816
121000010,12499,4232,8267
121000011,17118,11727,5391
121000012,23029,7987,15042
121000013,6380,7114,-734
121000014,8101,6457,1644
121000015,4987,6259,-1272
121000016,5219,3781,1438
121000017,2103,4097,-1994
121000018,2406,2090,316
121000019,23575,8417,15158
121000020,14700,8331,6369
121000021,3350,3411,-61
121000022,1769,1609,160
121000023,5366,3438,1928
121000024,3040,3219,-179
121000025,656,813,-157
121000026,272,98,174
121000027,1611,1117,494
121000028,829,458,371
121000029,1003,870,133
121000030,515,468,47
121000031,523,654,-131
121000032,242,86,156
121000034,325,160,165
121000035,137,68,69
121000036,1050,853,197
121000037,535,647,-112
121000038,695,467,228
121000039,389,319,70
121000041,415,531,-116
121000042,265,315,-50
121000043,897,617,280
121000044,2358,783,1575
121000045,384,407,-23
121000046,382,991,-609
121000047,22,112,-90
121000049,2180,737,1443
121000050,302,1152,-850
121000051,542,441,101
121000052,310,592,-282
121000053,377,55,322
121000054,48,242,-194
121000055,2108,1029,1079
121000056,1110,1136,-26
121000057,176,496,-320
121000058,419,102,317
121000059,2306,1031,1275
121000060,435,748,-313
121000061,85,206,-121
121000062,120,222,-102
121000063,686,458,228
121000064,404,345,59
121000065,464,411,53
121000066,488,326,162
121000067,1407,342,1065
121000068,567,428,139
121000069,1177,244,933
121000070,2316,1521,795
121000071,1040,917,123
121000072,1754,839,915
121000073,948,801,147
121000074,131,119,12
121000075,141,40,101
121000076,1887,302,1585
121000077,245,75,170
121000078,117,104,13
121000080,3596,668,2928
121000081,3178,1988,1190
121000082,174,293,-119
121000083,340,98,242
121000084,327,118,209
121000085,445,643,-198
121000086,195,1037,-842
121000087,82,266,-184
121000088,386,780,-394
121000089,768,311,457
121000090,438,373,65
121000091,2291,725,1566
121000092,119,116,3
121000093,150,226,-76
121000094,549,507,42
121000095,298,577,-279
121000096,2720,2483,237
121000097,2039,1772,267
121000098,263,1550,-1287
121000099,289,987,-698
121000100,378,697,-319
121000101,106,316,-210
121000102,97,532,-435
121000103,101,454,-353
121000104,78,241,-163
121000105,261,336,-75
121000106,206,450,-244
121000107,2326,4588,-2262
121000109,1905,1307,598
121000110,407,535,-128
121000114,2941,2852,89
121000115,816,939,-123
121000116,584,892,-308
121000117,1390,295,1095
121000118,1094,280,814
121000119,263,299,-36
121000120,205,613,-408
121000121,583,1098,-515
121000123,1505,737,768
121000126,97,275,-178
121000127,202,120,82
121000128,341,606,-265
121000129,407,470,-63
121000130,370,1325,-955
121000131,3021,1082,1939
121000132,1519,1179,340
121000135,655,599,56
121000136,1344,572,772
121000137,582,174,408
121000138,920,854,66
121000139,621,208,413
121000141,257,81,176
121000142,1162,541,621
121000143,144,19,125
121000144,1408,941,467
121000145,350,1360,-1010
121000146,973,872,101
121000147,540,503,37
121000148,654,1170,-516
121000149,1526,1168,358
121000152,497,733,-236
121000153,1778,730,1048
121000154,818,694,124
121000155,1054,1135,-81
121000156,417,944,-527
121000157,1910,2441,-531
121000158,407,639,-232
121000159,195,680,-485
121000160,272,834,-562
121000161,70,418,-348
121000162,22,488,-466
121000165,2511,1600,911
121000166,39,377,-338
121000168,180,299,-119
121000169,49,192,-143
121000170,217,88,129
121000171,32,210,-178
121000172,440,431,9
121000173,1442,771,671
121000174,280,484,-204
121000175,492,665,-173
121000176,322,257,65
121000177,1051,708,343
121000178,86,70,16
121000179,72,88,-16
121000181,276,404,-128
121000182,51,152,-101
121000183,37,74,-37
121000184,29,111,-82
121000185,34,160,-126
121000186,177,280,-103
121000187,175,380,-205
121000188,68,359,-291
121000192,577,394,183
121000193,702,447,255
121000194,3291,2516,775
121000195,516,1222,-706
121000196,606,172,434
121000197,252,996,-744
121000198,172,45,127
121000199,126,593,-467
121000200,285,93,192
121000201,6,280,-274
121000202,82,9,73
121000203,551,3178,-2627
121000204,1355,616,739
121000205,163,378,-215
121000206,134,45,89
121000207,1141,562,579
121000208,9,496,-487
121000209,87,508,-421
121000210,223,758,-535
121000211,111,122,-11
121000212,324,1029,-705
121000213,11751,2929,8822
121000214,970,1590,-620
121000215,1611,888,723
121000216,463,445,18
121000217,5044,2426,2618
121000218,492,2045,-1553
121000219,1342,344,998
121000220,409,75,334
121000221,175,207,-32
121000222,2919,2585,334
121000223,490,323,167
121000224,331,157,174
121000225,1188,1081,107
121000226,2171,700,1471
121000227,3,270,-267
121000228,14,1125,-1111
121000229,98,586,-488
121000230,106,2328,-2222
121000231,348,33,315
121000232,446,194,252
121000233,461,346,115
121000234,6,32,-26
121000235,41,78,-37
121000236,7,45,-38
121000237,23,17,6
121000238,2,114,-112
121000239,33,10,23
121000240,15,224,-209
121000241,98,12,86
121000242,16,140,-124
121000243,331,37,294
121000244,0,68,-68
121000245,12,9,3
121000246,0,63,-63
121000247,13,4,9
121000248,583,592,-9
121000249,62,281,-219
121000250,218,105,113
121000251,10,676,-666
121000252,47,34,13
121000253,104,648,-544
121000254,255,297,-42
121000255,188,195,-7
121000256,296,180,116
121000257,55,83,-28
121000258,106,79,27
121000259,13,26,-13
121000260,43,119,-76
121000261,23,60,-37
121000262,1416,575,841
121000263,379,531,-152
121000271,232,1734,-1502
121000273,49,11,38
121000274,3,74,-71
121000275,5,19,-14
121000276,1,26,-25
121000278,21,91,-70
121000279,41,12,29
121000280,32,61,-29
121000289,161,26,135
121000290,1249,737,512
121000294,47,263,-216
121000297,1176,653,523
121000299,104,264,-160
121000300,895,701,194
121000302,120,740,-620
121000303,486,377,109
121000304,409,64,345
121000305,105,77,28
121000306,68,161,-93
121000308,171,493,-322
121000309,471,873,-402
121000310,89,507,-418
121000311,55,998,-943
121000312,341,197,144
121000313,805,804,1
121000314,147,90,57
121000315,49,70,-21
121000530,752,1704,-952
121000531,1014,1783,-769
121000532,5969,4807,1162
121000533,2603,2438,165
121000918,18,294,-276
121000919,12,84,-72
121000938,463,181,282
121000939,667,146,521
121000956,421,1725,-1304
121000957,5,7,-2
121000958,101,57,44
121000959,221,1205,-984
121000960,1132,2680,-1548
121000961,129,50,79
121000962,315,755,-440
121000973,1,337,-336
121000976,4,162,-158
121000979,227,52,175
121000981,350,54,296
121000982,170,285,-115
121000983,226,542,-316
121000984,23,40,-17
121000985,306,952,-646
121000986,47,405,-358
121000987,266,2083,-1817
121000988,293,135,158
121001302,498,133,365
121001308,4,6,-2
121001309,114,90,24
121001313,54,468,-414
121001314,4799,4989,-190
121001315,5038,1737,3301
121900001,59,202,-143
121900002,38,24,14
121900003,312,5,307
121900004,135,502,-367
121900005,11,6,5
121900006,90,8,82
121900007,2548,2598,-50
121900008,3726,105,3621
121900009,558,14,544
121900010,195,2,193
121900011,342,376,-34
121900012,2,0,2
121900013,798,13,785
121900014,1209,511,698
121900015,96,179,-83
121900016,4,25,-21
121900017,283,519,-236
121900018,238,4,234
121900019,194,270,-76
121900020,14,0,14
121900021,462,11,451
121900022,135,199,-64
121900023,81,496,-415
121900024,522,60,462
121900025,562,324,238
121900026,274,44,230
121900027,237,104,133
121900028,241,8,233
121900029,150,234,-84
121900030,546,501,45
121900031,1123,3905,-2782
121900032,99,79,20
121900033,127,121,6
121900034,147,92,55
121900035,2912,1739,1173
121900036,55,425,-370
121900037,88,682,-594
121900038,27,144,-117
121900039,507,26,481
121900040,18,96,-78
121900041,119,128,-9
121900042,273,137,136
121900043,0,0,0
121900044,338,36,302
121900046,266,194,72
121900047,157,33,124
121900048,22,222,-200
121900050,15,32,-17
121900051,80,169,-89
121900052,47,55,-8
121900053,250,228,22
121900054,513,897,-384
121900055,2,12,-10
121900058,80,350,-270
121900059,283,86,197
121900060,133,326,-193
121900061,94,139,-45
121900062,62,65,-3
121900063,777,272,505
121900064,182,923,-741
121900066,21,36,-15
121900067,9,18,-9
121900069,248,144,104
121900070,216,121,95
121900071,107,352,-245
121900072,32,206,-174
121900073,176,197,-21
121900074,640,460,180
121900075,449,225,224
121900076,257,638,-381
121900077,3,56,-53
121900078,31,67,-36
121900079,0,1,-1
121900080,589,534,55
121900082,13,144,-131
121900084,5,248,-243
121900085,0,23,-23
121900086,1,57,-56
121900087,275,120,155
121900088,3205,2100,1105
121900089,74,443,-369
121900090,11,200,-189
121900091,13,148,-135
121900092,52,142,-90
121900093,82,69,13
121900094,9,7,2
121900095,167,103,64
121900096,1929,431,1498
121900097,181,124,57
121900098,1,6,-5
121900099,75,100,-25
121900100,171,147,24
121900101,73,134,-61
121900102,3,107,-104
121900103,477,183,294
121900104,793,249,544
121900105,69,72,-3
121900106,3,1,2
121900107,18,36,-18
121900108,0,18,-18
121900109,434,135,299
121900110,167,1739,-1572
121900111,992,99,893
121900112,170,110,60
121900113,42,208,-166
121900114,4,27,-23
121900115,128,310,-182
121900117,284,22,262
121900118,2587,338,2249
121900119,77,146,-69
121900120,20,1633,-1613
121900121,629,112,517
121900122,8,29,-21
121900123,268,504,-236
121900124,120,202,-82
121900125,1069,1261,-192
121900127,14,106,-92
121900128,54,192,-138
121900129,1424,75,1349
121900130,107,202,-95
121900131,167,95,72
121900132,43,201,-158
121900133,46,186,-140
121900134,14,125,-111
121900135,2770,258,2512
121900136,83,448,-365
121900137,35,320,-285
121900138,213,316,-103
121900139,355,424,-69
121900140,32,161,-129
121900141,39,27,12
121900142,46,137,-91
121900143,10,139,-129
121900144,220,340,-120
121900145,155,209,-54
121900146,697,844,-147
121900147,41,223,-182
121900148,136,216,-80
121900149,419,830,-411
121900150,93,167,-74
121900151,52,185,-133
121900152,65,139,-74
121900153,90,451,-361
121900154,15,130,-115
121900155,1,87,-86
121900156,214,134,80
121900157,1,478,-477
121900158,88,104,-16
121900159,0,190,-190
121900160,77,202,-125
121900161,632,327,305
121900162,157,130,27
121900163,55,883,-828
121900164,408,215,193
121900165,215,276,-61
121900166,50,180,-130
121900167,166,85,81
121900168,307,132,175
121900169,5,333,-328
121900170,17,230,-213
121900171,522,671,-149
121900172,227,333,-106
121900173,948,219,729
121900174,12,28,-16
121900175,76,166,-90
121900176,451,2008,-1557
121900177,127,32,95
121900179,223,137,86
121900180,7487,2562,4925
121900182,537,351,186
121900183,470,593,-123
121900184,39,631,-592
121900186,9,410,-401
121900187,23,125,-102
121900188,602,346,256
121900189,21,111,-90
121900190,160,508,-348
121900191,101,155,-54
121900192,488,530,-42
121900194,4,178,-174
121900195,103,106,-3
121900196,780,1101,-321
121900197,355,2345,-1990
121900198,1185,971,214
121900199,2,22,-20
121900200,62,176,-114
121900201,1185,451,734
121900202,134,410,-276
121900203,345,785,-440
121900204,1429,877,552
121900205,76,309,-233
121900206,3,5,-2
121900207,179,31,148
121900208,149,321,-172
121900209,32,24,8
121900210,915,1233,-318
121900211,9,171,-162
121900212,114,160,-46
121900213,45,102,-57
121900214,2,457,-455
121900215,39,78,-39
121900216,30,98,-68
121900217,248,91,157
121900218,298,466,-168
121900219,331,54,277
121900220,137,14,123
121900221,219,836,-617
121900222,57,230,-173
121900223,123,85,38
121900224,54,89,-35
121900225,68,63,5
121900226,248,2038,-1790
121900227,100,382,-282
121900228,200,259,-59
121900229,184,215,-31
121900230,95,71,24
121900231,705,317,388
121900232,356,429,-73
121900233,329,290,39
121900234,244,400,-156
121900235,260,250,10
121900236,329,148,181
121900237,217,172,45
121900238,123,274,-151
121900239,85,48,37
121900240,178,151,27
121900241,44,98,-54
121900242,0,0,0
121900243,0,0,0
121900244,3,0,3
121900245,221,204,17
121900246,1260,485,775
121900247,331,250,81
121900248,1399,809,590
121900250,476,286,190
121900251,309,22,287
121900252,952,145,807
121900253,119,866,-747
121900254,733,256,477
121900255,129,86,43
121900258,2751,2114,637
121900259,307,476,-169
121900260,48,287,-239
121900261,88,355,-267
121900262,329,721,-392
121900263,122,309,-187
121900264,2888,1472,1416
121900265,145,422,-277
121900266,158,183,-25
121900267,23,13,10
121900269,145,306,-161
121900270,11,156,-145
121900271,24,196,-172
121900273,441,1325,-884
121900274,162,232,-70
121900276,377,94,283
121900277,276,1689,-1413
121900278,106,1028,-922
121900279,152,312,-160
121900280,186,345,-159
121900281,838,70,768
121900284,104,5,99
121900286,74,198,-124
121900287,20,18,2
121900290,234,268,-34
121900291,441,538,-97
121900292,122,86,36
121900293,983,3314,-2331
121900294,280,7,273
121900295,59,313,-254
121900296,202,23,179
121900298,439,434,5
121900299,0,0,0
121900300,3,0,3
121900301,24,0,24
121900302,3,77,-74
121900303,171,609,-438
121900304,1,0,1
121900305,0,3,-3
121900306,28,0,28
121900307,17,35,-18
121900308,7,431,-424
121900309,14,340,-326
121900310,14,513,-499
121900311,165,11,154
121900312,82,6,76
121900313,121,22,99
121900314,2,90,-88
121900315,1,0,1
121900316,0,12,-12
121900317,3,0,3
121900318,0,10,-10
121900319,8,14,-6
121900320,69,69,0
121900321,4,1,3
121900322,3,37,-34
121900323,11,10,1
121900324,0,33,-33
121900325,3,0,3
121900326,3,17,-14
121900327,1,61,-60
121900328,0,18,-18
121900329,4,218,-214
121900330,2,51,-49
121900331,284,25,259
121900332,38,22,16
122000001,3096,3048,48
122000002,6263,1223,5040
122000003,2453,1404,1049
122000004,3170,1034,2136
122000005,2982,972,2010
122000006,2340,489,1851
122000007,1127,1042,85
122000008,7862,3774,4088
122000009,685,215,470
122000010,2417,2271,146
122000011,3992,823,3169
122000012,1214,970,244
122000013,2052,1180,872
122000014,1690,1843,-153
122000015,1445,948,497
122000016,381,816,-435
122000017,1127,1116,11
122000018,1271,1159,112
122000019,816,1702,-886
122000020,179,176,3
122000021,667,378,289
122000022,1464,1654,-190
122000023,457,3058,-2601
122000024,1268,863,405
122000025,2396,970,1426
122000026,2458,738,1720
122000027,625,4357,-3732
122000028,774,399,375
122000029,446,270,176
122000030,448,86,362
122000031,121,188,-67
122000032,1487,2986,-1499
122000033,794,700,94
122000034,500,573,-73
122000035,407,669,-262
122000036,390,637,-247
122000037,370,266,104
122000038,309,428,-119
122000039,691,486,205
122000040,429,253,176
122000041,415,504,-89
122000042,210,368,-158
122000043,158,88,70
122000044,195,133,62
122000045,1318,566,752
122000046,659,1219,-560
122000047,248,134,114
122000048,3082,3563,-481
122000049,5621,2375,3246
122000050,1618,611,1007
122000051,345,362,-17
122000052,469,210,259
122000053,92,483,-391
122000054,2300,1801,499
122000055,2170,2314,-144
122000056,4874,2896,1978
122000057,3901,2254,1647
122000058,4437,1061,3376
122000059,3970,1222,2748
122000060,1109,464,645
122000061,615,175,440
122000062,1202,276,926
122000063,1114,370,744
122000064,3570,3136,434
122000065,5673,3187,2486
122000066,1331,1183,148
122000067,1326,1503,-177
122000068,1009,1307,-298
122000069,567,870,-303
122000070,545,3371,-2826
122000071,995,2032,-1037
122000072,332,299,33
122000073,433,420,13
122000074,2171,1324,847
122000075,420,1263,-843
122000076,1661,1050,611
122000077,1271,599,672
122000078,3190,1552,1638
122000079,1391,720,671
122000080,869,376,493
122000081,163,223,-60
122000082,1345,794,551
122000083,1501,4208,-2707
122000084,955,787,168
122000085,235,2188,-1953
122000086,2314,3737,-1423
122000087,567,160,407
122000088,591,259,332
122000089,8268,3174,5094
122000090,344,345,-1
122000091,372,84,288
122000092,197,29,168
122000093,1593,1018,575
122000094,8197,1536,6661
122000095,4759,1814,2945
122000096,3476,1103,2373
122000098,3576,1372,2204
122000099,2704,649,2055
122000100,2104,737,1367
122000101,287,1026,-739
122000102,1689,1256,433
122000103,1669,1578,91
122000104,308,186,122
122000105,320,263,57
122000106,699,499,200
122000107,850,491,359
122000108,289,936,-647
122000109,222,305,-83
122000110,332,571,-239
122000111,2860,1177,1683
122000112,600,1249,-649
122000113,482,676,-194
122000114,3451,1504,1947
122000115,1835,1278,557
122000116,452,508,-56
122000117,1028,337,691
122000118,369,563,-194
122000119,3508,1522,1986
122000120,4576,2535,2041
122000121,5529,2465,3064
122000122,708,1388,-680
122000123,2882,1320,1562
122000124,1525,399,1126
122000125,555,658,-103
122000126,917,793,124
122000127,2112,853,1259
122000128,648,1096,-448
122000129,339,553,-214
122000130,2639,471,2168
122000131,2609,601,2008
122000132,1302,566,736
122000133,1200,2508,-1308
122000134,380,482,-102
122000135,590,973,-383
122000136,389,223,166
122000137,881,671,210
122000139,1687,2994,-1307
122000140,1184,503,681
122000141,6916,1038,5878
122000142,621,634,-13
122000143,714,172,542
122000144,2609,947,1662
122000145,2978,758,2220
122000146,1347,1039,308
122000147,1150,334,816
122000148,2969,1331,1638
122000149,2126,1058,1068
122000150,1412,783,629
122000151,305,343,-38
122000152,646,366,280
122000153,439,310,129
122000154,378,184,194
122000155,1670,1841,-171
122000156,2890,1728,1162
122000157,2521,1179,1342
122000158,401,618,-217
122000159,1585,1586,-1
122000160,8150,811,7339
122000161,1754,690,1064
122000162,2420,1439,981
122000163,366,62,304
122000164,30,68,-38
122000165,780,790,-10
122000166,934,1035,-101
122000167,228,231,-3
122000168,249,469,-220
122000169,657,196,461
122000170,280,302,-22
122000171,53,85,-32
122000172,1454,1457,-3
122000173,1653,2175,-522
122000174,1886,706,1180
122000175,1318,333,985
122000176,368,655,-287
122000177,1685,1184,501
122000178,3511,2272,1239
122000179,2471,2405,66
122000180,2135,896,1239
122000181,2244,2331,-87
122000182,3388,865,2523
122000183,2104,839,1265
122000184,3957,1598,2359
122000185,1678,1086,592
122000186,743,762,-19
122000187,1677,1370,307
122000188,526,252,274
122000189,340,286,54
122000190,1120,876,244
122000191,1184,442,742
122000192,1018,342,676
122000193,306,795,-489
122000194,538,181,357
122000195,130,464,-334
122000196,967,679,288
122000197,535,761,-226
122000198,606,1020,-414
122000199,343,273,70
122000200,1317,525,792
122000201,1316,1504,-188
122000202,1330,1120,210
122000203,2842,1532,1310
122000204,1504,1958,-454
122000205,1381,1072,309
122000206,2258,1152,1106
122000207,1176,1485,-309
122000208,2048,1618,430
122000209,2654,337,2317
122000210,1615,2389,-774
122000211,1289,1489,-200
122000212,542,441,101
122000213,1063,1086,-23
122000214,1782,1531,251
122000215,2089,1306,783
122000217,2138,1598,540
122000218,617,62,555
122000219,1956,1188,768
122000220,419,871,-452
122000221,150,449,-299
122000222,701,59,642
122000223,1088,500,588
122000225,604,314,290
122000226,1156,2146,-990
122000227,237,1855,-1618
122000228,276,500,-224
122000229,11,369,-358
122000230,56,936,-880
122000231,231,803,-572
122000232,631,584,47
122000233,4,103,-99
122000234,120,235,-115
122000235,387,262,125
122000236,345,197,148
122000237,72,75,-3
122000238,98,170,-72
122000239,466,115,351
122000240,927,378,549
122000241,238,242,-4
122000242,488,57,431
122000243,65,21,44
122000244,10,339,-329
122000245,14,102,-88
122000246,4,57,-53
122000247,534,418,116
122000248,1153,2401,-1248
122000249,245,539,-294
122000250,1484,450,1034
122000251,332,279,53
122000252,779,121,658
122000253,31,327,-296
122000254,124,86,38
122000255,662,2533,-1871
122000256,424,1841,-1417
122000257,109,496,-387
122000258,93,225,-132
122000259,14,918,-904
122000260,8,166,-158
122000261,5,157,-152
122000262,0,61,-61
122000263,125,150,-25
122000264,528,467,61
122000265,1967,822,1145
122000266,4664,574,4090
122000267,60,124,-64
122000268,142,436,-294
122000269,611,325,286
122000270,676,137,539
122000271,250,1319,-1069
122000272,297,1261,-964
122000273,262,530,-268
122000274,95,203,-108
122000275,25,155,-130
122000276,337,725,-388
122000277,558,1509,-951
122000278,579,1220,-641
122000279,194,713,-519
122000280,626,964,-338
122000281,662,751,-89
122000282,119,231,-112
122000283,205,91,114
122000284,72,79,-7
122000285,393,109,284
122000286,78,176,-98
122000287,634,1502,-868
122000288,257,227,30
122000291,733,468,265
122000293,335,414,-79
122000294,92,134,-42
122000295,1190,160,1030
122000296,58,548,-490
122000297,3877,1909,1968
122000299,429,511,-82
122000300,774,555,219
122000301,18143,2552,15591
122000302,998,576,422
122000303,5305,1404,3901
122000304,58,198,-140
122000305,681,324,357
122000306,17,869,-852
122000307,267,110,157
122000309,67,67,0
122000310,7,20,-13
122000311,54,44,10
122000312,46,42,4
122000313,9,50,-41
122000314,84,203,-119
122000315,169,17,152
122000316,333,268,65
122000317,654,217,437
122000318,369,449,-80
122000319,378,681,-303
122000320,313,2887,-2574
122000321,118,324,-206
122000322,2715,1912,803
122000323,1696,1335,361
122000324,1436,1194,242
122000325,1039,964,75
122000326,14,178,-164
122000327,224,396,-172
122000328,1492,1269,223
122000330,2228,667,1561
122000332,189,365,-176
122000333,5,214,-209
122000337,660,2614,-1954
122000338,358,579,-221
122000340,381,246,135
122000342,2482,1192,1290
122000343,320,655,-335
122000344,19,43,-24
122000345,27,55,-28
122000346,371,714,-343
122000348,597,947,-350
122000349,136,470,-334
122000351,48,265,-217
122000352,321,78,243
122000353,33,136,-103
122000355,87,172,-85
122000356,2025,890,1135
122000357,34,25,9
122000358,0,95,-95
122000359,0,50,-50
122000360,0,80,-80
122000362,15,80,-65
122000364,108,527,-419
122000365,0,24,-24
122000366,7,7,0
122000368,456,1023,-567
122000370,32,84,-52
122000371,4,0,4
122000372,3,2,1
122000381,45,416,-371
122000382,64,301,-237
122000384,4766,2254,2512
122000385,18,0,18
122000386,631,816,-185
122000387,423,667,-244
122000388,1593,340,1253
122000389,202,945,-743
122000390,365,227,138
122000391,294,95,199
122000392,207,261,-54
122000393,14,222,-208
122000394,277,372,-95
122000395,153,214,-61
122000396,248,128,120
122000397,44,97,-53
122000398,8,39,-31
122000399,51,110,-59
122000400,181,269,-88
122000401,77,124,-47
122000402,221,73,148
122000403,312,1537,-1225
122000404,96,396,-300
122000408,837,1221,-384
122000503,14,75,-61
122000524,245,129,116
122000544,50,1911,-1861
122000616,1007,5,1002
122000640,33,280,-247
122000641,38,568,-530
122000642,706,1715,-1009
122000643,8,91,-83
122000644,197,29,168
122000645,92,238,-146
122000651,2079,716,1363
122000664,96,34,62
122000665,1128,563,565
122000666,553,1112,-559
122000673,17,414,-397
122000674,62,41,21
122000675,892,1195,-303
122000686,247,1774,-1527
122000687,564,395,169
122000688,120,1069,-949
122000689,303,766,-463
122000690,527,839,-312
122000691,263,3229,-2966
122000692,741,415,326
122000693,494,2511,-2017
122000695,142,698,-556
122000696,131,505,-374
122000698,132,1544,-1412
122000699,174,172,2
122000701,964,416,548
122000702,412,2520,-2108
122000703,183,48,135
122000717,185,54,131
122000718,327,350,-23
122000719,43,55,-12
122000720,61,350,-289
122900001,11,1,10
122900002,1098,1934,-836
122900003,293,40,253
122900004,1010,27,983
122900005,48,92,-44
122900006,552,460,92
122900007,109,12,97
122900008,649,88,561
122900009,1159,272,887
122900010,224,157,67
122900012,320,408,-88
122900014,155,350,-195
122900015,3043,399,2644
122900016,43,391,-348
122900017,592,1053,-461
122900018,208,13,195
122900019,25,212,-187
122900020,364,565,-201
122900021,44,792,-748
122900022,372,1158,-786
122900023,221,394,-173
122900024,141,88,53
122900025,24,196,-172
122900026,175,376,-201
122900027,99,804,-705
122900028,132,173,-41
122900029,5788,1982,3806
122900030,1537,600,937
122900031,124,113,11
122900032,140,227,-87
122900033,158,246,-88
122900034,4221,3642,579
122900035,6,13,-7
122900036,12,125,-113
122900037,343,133,210
122900038,152,1664,-1512
122900039,108,361,-253
122900040,199,484,-285
122900041,158,308,-150
122900042,113,343,-230
122900043,331,194,137
122900044,118,324,-206
122900045,44,122,-78
122900046,75,132,-57
122900047,237,105,132
122900048,37,127,-90
122900049,1817,139,1678
122900051,111,113,-2
122900052,25,116,-91
122900053,21,20,1
122900055,333,129,204
122900057,309,13,296
122900061,501,130,371
122900062,295,382,-87
122900063,106,567,-461
122900064,1105,874,231
122900065,252,152,100
122900066,316,261,55
122900067,2104,974,1130
122900068,209,525,-316
122900069,149,1141,-992
122900070,257,31,226
122900071,83,501,-418
122900072,9,644,-635
122900073,37,331,-294
122900074,145,882,-737
122900075,1,75,-74
122900076,4,238,-234
122900077,1,255,-254
122900078,50,184,-134
122900080,50,21,29
122900081,164,154,10
122900082,597,247,350
122900083,153,89,64
122900084,3,230,-227
122900086,2,31,-29
122900087,103,805,-702
122900088,104,52,52
122900089,6,299,-293
122900090,16,764,-748
122900091,63,0,63
122900092,1,275,-274
122900093,1,448,-447
122900094,6,327,-321
122900095,92,6,86
122900096,54,307,-253
122900097,51,9,42
122900098,58,144,-86
122900099,4,2,2
122900100,377,231,146
122900101,744,180,564
122900102,20,13,7
122900103,12,4,8
122900104,14,5,9
122900105,5,3,2
122900106,4,111,-107
122900107,3,189,-186
122900108,2,133,-131
123000001,2340,415,1925
123000002,7608,2584,5024
123000003,4185,2691,1494
123000004,3996,5171,-1175
123000005,2367,2385,-18
123000006,3390,3894,-504
123000007,2995,2174,821
123000008,2966,4256,-1290
123000009,4877,3360,1517
123000010,4510,4965,-455
123000011,3129,1017,2112
123000012,1250,2973,-1723
123000013,3430,958,2472
123000014,1536,4387,-2851
123000015,6392,794,5598
123000016,8551,2988,5563
123000017,3787,1431,2356
123000018,62,106,-44
123000019,111,605,-494
123000020,55,162,-107
123000021,83,172,-89
123000022,526,809,-283
123000023,1222,1197,25
123000024,949,534,415
123000025,24,120,-96
123000026,4,99,-95
123000027,263,506,-243
123000028,601,613,-12
123000029,560,683,-123
123000030,153,1084,-931
123000031,172,592,-420
123000032,249,394,-145
123000033,147,47,100
123000034,593,565,28
123000035,271,301,-30
123000036,283,533,-250
123000037,209,560,-351
123000038,105,246,-141
123000039,644,867,-223
123000040,1374,462,912
123000041,1127,527,600
123000042,848,532,316
123000043,4794,4386,408
123000044,8201,2400,5801
123000045,14533,1838,12695
123000046,1135,734,401
123000047,3444,1123,2321
123000048,113,265,-152
123000049,9924,4379,5545
123000050,713,1133,-420
123000051,62,107,-45
123000052,615,2391,-1776
123000053,2689,2930,-241
123000054,1233,1251,-18
123000055,1592,1297,295
123000056,1188,1944,-756
123000057,23165,5661,17504
123000058,646,660,-14
123000059,418,549,-131
123000060,759,452,307
123000061,103,890,-787
123000063,945,683,262
123000064,978,214,764
123000065,9897,4022,5875
123000066,1342,931,411
123000067,346,743,-397
123000068,3598,3774,-176
123000069,12296,4212,8084
123000070,411,969,-558
123000071,668,1474,-806
123000072,1149,2063,-914
123000073,718,846,-128
123000074,961,2604,-1643
123000075,391,830,-439
123000076,446,1560,-1114
123000077,2105,4918,-2813
123000078,1001,1889,-888
123000079,877,2586,-1709
123000080,2047,3526,-1479
123000081,275,957,-682
123000082,441,1535,-1094
123000083,986,92,894
123000084,319,773,-454
123000085,114,170,-56
123000086,144,578,-434
123000087,83,733,-650
123000088,868,1714,-846
123000089,324,1460,-1136
123000090,1167,1519,-352
123000091,1716,1451,265
123000092,1310,1292,18
123000094,397,313,84
123000095,386,741,-355
123000096,314,562,-248
123000097,311,1286,-975
123000098,396,587,-191
123000099,434,852,-418
123000100,646,603,43
123000101,720,419,301
123000102,636,633,3
123000104,384,297,87
123000105,648,695,-47
123000106,655,338,317
123000107,639,579,60
123000108,1186,1531,-345
123000111,496,261,235
123000112,494,705,-211
123000113,502,2459,-1957
123000114,462,388,74
123000115,158,290,-132
123000116,18,143,-125
123000117,1595,2830,-1235
123000118,422,1310,-888
123000119,247,1501,-1254
123000120,490,1245,-755
123000121,405,704,-299
123000122,330,299,31
123000123,424,619,-195
123000124,797,616,181
123000125,1276,681,595
123000126,2366,1867,499
123000127,1838,1005,833
123000128,306,522,-216
123000129,357,215,142
123000130,350,80,270
123000131,666,535,131
123000132,388,640,-252
123000133,573,415,158
123000134,667,193,474
123000135,1286,1380,-94
123000136,212,1962,-1750
123000137,134,560,-426
123000138,89,587,-498
123000139,308,87,221
123000140,188,907,-719
123000141,880,83,797
123000142,936,1254,-318
123000143,1213,2954,-1741
123000144,24,22,2
123000145,258,208,50
123000146,131,114,17
123000147,92,156,-64
123000149,284,299,-15
123000150,346,222,124
123000151,282,480,-198
123000152,42,403,-361
123000153,186,512,-326
123000154,2332,1536,796
123000155,2820,810,2010
123000156,39,85,-46
123000157,505,939,-434
123000158,958,567,391
123000159,3047,1718,1329
123000160,705,458,247
123000161,1165,850,315
123000162,491,1379,-888
123000163,216,75,141
123000164,812,267,545
123000165,322,2520,-2198
123000166,35,193,-158
123000167,100,346,-246
123000168,222,476,-254
123000169,416,129,287
123000170,46,465,-419
123000171,200,81,119
123000172,334,901,-567
123000173,705,156,549
123000174,830,191,639
123000175,1269,1745,-476
123000176,851,131,720
123000177,413,1598,-1185
123000178,618,104,514
123000179,47,1022,-975
123000180,1185,266,919
123000181,377,1758,-1381
123000182,139,644,-505
123000183,111,181,-70
123000184,87,1017,-930
123000185,301,482,-181
123000186,10,856,-846
123000187,316,4,312
123000188,117,1,116
123000189,126,286,-160
123000190,38,73,-35
123000192,24,531,-507
123000193,32,813,-781
123000194,605,300,305
123000195,265,11,254
123000196,197,1,196
123000197,24,116,-92
123000198,8,229,-221
123000199,3,521,-518
123000200,189,8,181
123000201,545,19,526
123000202,17,1793,-1776
123000203,509,46,463
123000204,81,1529,-1448
123000205,329,2621,-2292
123000206,1194,114,1080
123000207,124,1194,-1070
123000208,203,77,126
123000209,1100,248,852
123000210,398,1958,-1560
123000211,720,3948,-3228
123000212,1559,409,1150
123000213,309,52,257
123000215,153,146,7
123000216,244,883,-639
123000217,203,20,183
123000218,137,412,-275
123000219,1363,21,1342
123000220,496,84,412
123000221,185,254,-69
123000222,260,994,-734
123000223,139,829,-690
123000224,280,722,-442
123000225,349,97,252
123000226,158,559,-401
123000227,75,559,-484
123000228,222,78,144
123000229,1521,2180,-659
123000232,90,710,-620
123000233,526,188,338
123000234,133,886,-753
123000235,382,373,9
123000236,143,1278,-1135
123000237,159,65,94
123000238,70,953,-883
123000239,511,2686,-2175
123000240,38,263,-225
123000241,1147,159,988
123000242,68,249,-181
123000243,389,1187,-798
123000244,809,472,337
123000245,80,163,-83
123000249,535,683,-148
123000252,740,163,577
123000253,610,417,193
123000254,472,1377,-905
123000255,728,831,-103
123000256,21,294,-273
123000257,4448,3155,1293
123000258,1030,1612,-582
123000259,156,513,-357
123000260,338,930,-592
123000261,78,417,-339
123000262,146,300,-154
123000263,269,127,142
123000264,228,67,161
123000265,53,161,-108
123000266,447,823,-376
123000267,264,292,-28
123000268,15,79,-64
123000269,17,57,-40
123000270,25,46,-21
123000271,27,93,-66
123000272,815,205,610
123000273,151,531,-380
123000274,867,375,492
123000275,347,1408,-1061
123000278,4151,2650,1501
123000279,41,100,-59
123000280,229,393,-164
123000281,164,82,82
123000282,108,296,-188
123000283,91,42,49
123000284,37,171,-134
123000286,326,345,-19
123000287,559,273,286
123000288,838,605,233
123000289,455,672,-217
123000291,423,1031,-608
123000294,181,255,-74
123000295,742,1321,-579
123000296,169,710,-541
123000297,117,649,-532
123000298,161,601,-440
123000299,7,284,-277
123000300,500,723,-223
123000301,70,175,-105
123000302,139,275,-136
123000303,40,208,-168
123000305,1144,918,226
123000306,47,395,-348
123000309,41,66,-25
123000310,57,19,38
123000311,1,188,-187
123000312,642,1218,-576
123000313,161,247,-86
123000315,222,558,-336
123000316,1821,44,1777
123000317,296,78,218
123000318,29,333,-304
123000329,13,30,-17
123000337,138,290,-152
123000338,568,100,468
123000339,78,305,-227
123000340,190,607,-417
123000342,10,7,3
123000343,51,3,48
123000344,1315,536,779
123000345,408,724,-316
123000346,137,83,54
123000352,2925,945,1980
123000353,35,146,-111
123000354,106,2,104
123000355,1,453,-452
123000356,108,14,94
123000357,2,437,-435
123000359,7,383,-376
123000360,171,9,162
123000361,742,387,355
123000362,192,168,24
123000363,77,337,-260
123000364,447,276,171
123000365,23,267,-244
123000366,291,1438,-1147
123000367,231,1162,-931
123000370,25,423,-398
123000371,387,14,373
123000372,164,8,156
123000373,7,576,-569
123000374,7,284,-277
123000375,254,12,242
123000376,517,531,-14
123000377,323,19,304
123000378,13,623,-610
123000379,4,306,-302
123000380,78,260,-182
123000381,142,48,94
123000382,1794,41,1753
123000383,345,726,-381
123000384,487,129,358
123000385,543,780,-237
123000436,58,840,-782
123000507,121,392,-271
123000508,155,397,-242
123000517,304,31,273
123000518,69,266,-197
123000519,122,72,50
123000520,75,296,-221
123000521,263,92,171
123000522,229,799,-570
123000541,1,1,0
123000542,0,61,-61
123000565,174,23,151
123000566,52,1107,-1055
123000567,120,347,-227
123000573,34,1205,-1171
123000574,330,84,246
123000575,1037,1549,-512
123000576,688,2571,-1883
123000577,90,511,-421
123000578,764,108,656
123000579,6845,2754,4091
123000580,49,22,27
123000582,275,30,245
123000583,8,726,-718
123000584,73,230,-157
123000585,0,161,-161
123000586,44,0,44
123000596,106,167,-61
123000597,60,72,-12
123000602,8,3,5
123000603,253,808,-555
123000604,315,1393,-1078
123000605,530,92,438
123000606,0,210,-210
123000609,18,443,-425
123000610,80,92,-12
123000613,43,144,-101
123000614,244,57,187
123000615,50,240,-190
123000616,284,77,207
123000617,52,871,-819
123000618,41,996,-955
123000619,545,27,518
123000620,10,793,-783
123000622,337,25,312
123000624,109,53,56
123000630,459,376,83
123000631,181,2291,-2110
123000632,1164,1560,-396
123000633,0,191,-191
123000634,47,47,0
123000635,312,105,207
123000636,7,732,-725
123000637,111,152,-41
123000638,297,98,199
123000639,1361,2004,-643
123000640,43,1325,-1282
123900001,1777,87,1690
123900002,14,918,-904
123900003,448,897,-449
123900005,189,127,62
123900006,182,28,154
124000001,1544,115,1429
124000002,117,2119,-2002
124000003,376,131,245
124000004,39,884,-845
124000005,596,228,368
124000006,290,1951,-1661
124000007,665,142,523
124000008,18,532,-514
124000009,192,359,-167
124000010,99,650,-551
124000011,620,370,250
124000012,370,1088,-718
124000017,47,83,-36
124000018,69,155,-86
124000019,25,109,-84
124000020,62,300,-238
124000021,83,68,15
124000022,178,344,-166
124000023,848,1300,-452
124000024,1129,767,362
124000025,856,1150,-294
124000026,1322,1123,199
124000027,5935,3168,2767
124000028,3664,3966,-302
124000030,4295,1212,3083
124000031,694,925,-231
124000032,6640,1407,5233
124000033,139,170,-31
124000034,2548,778,1770
124000035,20,74,-54
124000036,76,207,-131
124000037,424,349,75
124000038,80,30,50
124000039,1550,251,1299
124000040,796,477,319
124000041,242,43,199
124000042,57,381,-324
124000043,189,69,120
124000044,36,318,-282
124000045,329,597,-268
124000046,160,797,-637
124000047,695,1017,-322
124000048,542,2357,-1815
124000049,773,778,-5
124000050,567,3151,-2584
124000051,375,607,-232
124000052,400,2048,-1648
124000053,509,820,-311
124000054,711,1005,-294
124000055,1113,1269,-156
124000056,4877,1691,3186
124000057,631,425,206
124000058,367,1787,-1420
124000059,374,553,-179
124000060,1185,1063,122
124000061,1418,2460,-1042
124000062,6569,1896,4673
124000063,1496,1865,-369
124000064,3070,2371,699
124000065,13,137,-124
124000066,181,71,110
124000067,27,472,-445
124000068,8,30,-22
124000069,56,17,39
124000070,21,211,-190
124000071,118,108,10
124000072,167,781,-614
124000073,544,81,463
124000074,146,1259,-1113
124000075,101,26,75
124000076,10,353,-343
124000077,1993,689,1304
124000078,3396,429,2967
124000079,862,1078,-216
124000080,278,209,69
124000081,195,951,-756
124000082,8,128,-120
124000083,21,203,-182
124000084,83,136,-53
124000085,142,34,108
124000086,60,125,-65
124000087,115,77,38
124000088,260,361,-101
124000089,532,684,-152
124000090,32,488,-456
124000091,274,78,196
124000092,37,702,-665
124000093,125,85,40
124000094,382,366,16
124000095,46,86,-40
124000096,70,356,-286
124000097,37,81,-44
124000098,58,117,-59
124000099,77,89,-12
124000100,75,176,-101
124000101,28,124,-96
124000102,80,90,-10
124000103,35,92,-57
124000104,63,101,-38
124000105,28,57,-29
124000106,121,133,-12
124000107,9,112,-103
124000108,77,45,32
124000109,77,86,-9
124000110,87,100,-13
124000111,213,172,41
124000112,399,848,-449
124000113,44,53,-9
124000114,168,813,-645
124000115,236,893,-657
124000116,72,83,-11
124000117,79,88,-9
124000118,20,63,-43
124000119,1035,773,262
124000120,504,547,-43
124000121,1675,457,1218
124000122,653,1200,-547
124000123,992,413,579
124000124,601,978,-377
124000125,397,418,-21
124000126,367,602,-235
124000127,557,361,196
124000128,505,1200,-695
124000129,1613,1298,315
124000130,863,659,204
124000131,933,515,418
124000132,918,816,102
124000133,561,893,-332
124000134,880,933,-53
124000135,1549,1443,106
124000136,1168,1203,-35
124000137,1275,519,756
124000138,2198,1191,1007
124000139,412,22,390
124000140,36,482,-446
124000141,37,9,28
124000142,29,123,-94
124000143,11,10,1
124000144,13,59,-46
124000145,57,36,21
124000146,29,203,-174
124000148,77,37,40
124000149,1000,352,648
124000150,489,638,-149
124000151,343,115,228
124000152,581,1104,-523
124000153,827,367,460
124000154,816,803,13
124000155,967,497,470
124000156,1137,902,235
124000169,223,358,-135
124000170,828,493,335
124000171,155,218,-63
124000172,471,745,-274
124000173,273,328,-55
124000174,200,1030,-830
124000175,10,188,-178
124000176,14,9,5
124000177,28,46,-18
124000178,35,37,-2
124000190,65,27,38
124000191,178,38,140
124000192,2523,343,2180
124000193,615,1456,-841
124000194,422,682,-260
124000195,223,462,-239
124000196,1086,1459,-373
124000197,58,58,0
124000198,23,40,-17
124000201,275,1230,-955
124000202,463,133,330
124000203,94,1294,-1200
124000204,264,578,-314
124000205,44,918,-874
124000206,177,428,-251
124000207,1,76,-75
124000209,211,824,-613
124000210,170,235,-65
124000211,185,3,182
124000212,8,826,-818
124000213,113,512,-399
124000214,156,964,-808
124000215,93,6,87
124000216,5,806,-801
124000329,51,2942,-2891
124000338,44,1614,-1570
124000339,321,119,202
124000341,427,56,371
124000344,47,30,17
124000357,767,1552,-785
124000358,759,1010,-251
124000359,1014,488,526
124000360,516,388,128
124000361,1346,780,566
124000362,1824,2222,-398
124000363,423,658,-235
124000364,715,1535,-820
124000365,641,1497,-856
124000366,2332,1192,1140
124000367,98,770,-672
124000368,150,153,-3
124000369,73,76,-3
124000370,70,670,-600
124000402,14,7,7
124000403,33,19,14
124000404,6,166,-160
124000405,1249,689,560
124000406,1138,951,187
124000407,2,26,-24
124000411,5,519,-514
124000412,135,15,120
124000413,252,54,198
124000414,19,166,-147
124000415,44,218,-174
124000416,70,385,-315
124000417,70,129,-59
124000418,48,167,-119
124000419,43,216,-173
124000420,35,83,-48
124000421,10,312,-302
124000422,34,12,22
124000423,101,53,48
124000424,1,189,-188
124000425,10,15,-5
124000426,2,62,-60
124000427,12,8,4
124000428,14,32,-18
124000429,20,53,-33
124000430,475,1124,-649
124000431,286,1167,-881
124000432,108,1014,-906
124000439,3,8,-5
124000442,9,239,-230
124000443,0,10,-10
124000445,111,167,-56
124000446,1703,59,1644
124900001,217,227,-10
124900002,125,633,-508
124900003,424,404,20
124900004,232,322,-90
124900005,232,284,-52
124900006,259,257,2
124900008,1104,332,772
124900009,168,289,-121
124900010,83,35,48
124900011,264,138,126
124900012,449,94,355
124900013,214,96,118
124900014,102,108,-6
124900015,161,250,-89
124900016,35,41,-6
124900017,1201,294,907
124900018,19,2,17
124900019,242,21,221
124900020,71,77,-6
124900021,140,52,88
124900022,27,2,25
124900024,141,11,130
124900026,61,9,52
124900027,72,149,-77
124900028,1076,183,893
124900029,8,300,-292
124900030,5,226,-221
124900031,85,590,-505
124900032,262,165,97
124900033,45,614,-569
124900034,26,161,-135
124900035,132,589,-457
124900036,0,52,-52
124900037,114,384,-270
124900038,343,414,-71
124900039,1,33,-32
124900040,27,113,-86
124900041,157,1321,-1164
124900042,15,2,13
124900043,299,1313,-1014
124900044,33,1,32
124900045,730,679,51
124900046,2954,288,2666
124900047,100,261,-161
124900048,93,182,-89
124900050,126,337,-211
124900052,129,826,-697
124900053,67,418,-351
124900054,3531,354,3177
124900055,0,117,-117
124900057,7,99,-92
124900060,48,264,-216
124900061,45,11,34
124900062,45,8,37
124900066,0,15,-15
124900067,2,184,-182
124900068,302,397,-95
124900069,188,115,73
124900070,75,35,40
124900072,44,12,32
124900074,122,487,-365
124900075,90,162,-72
124900076,37,259,-222
124900077,37,99,-62
124900078,64,5,59
124900079,1036,52,984
124900080,144,820,-676
124900081,345,165,180
124900082,233,977,-744
124900083,125,539,-414
124900084,2739,112,2627
124900085,1525,217,1308
124900086,89,557,-468
124900087,506,63,443
124900088,715,113,602
124900089,1879,28,1851
124900090,173,221,-48
124900091,259,785,-526
124900092,169,635,-466
124900093,168,247,-79
124900094,152,303,-151
124900095,65,424,-359
124900096,673,210,463
124900097,170,67,103
124900098,160,518,-358
124900099,1142,343,799
124900100,217,39,178
124900101,24,466,-442
124900102,119,9,110
124900103,71,324,-253
124900104,36,294,-258
124900105,49,208,-159
124900106,302,43,259
124900107,52,14,38
124900108,107,27,80
124900109,36,96,-60
124900110,121,408,-287
124900111,3,56,-53
124900112,87,1383,-1296
124900113,3,4,-1
124900114,4,2,2
124900115,5,3,2
124900116,6,13,-7
124900117,6,8,-2
124900118,3,4,-1
124900119,2,3,-1
124900120,0,25,-25
124900121,6,3,3
124900122,4,7,-3
124900123,6,0,6
124900124,7,2,5
129000186,109,58,51
204000001,20,3,17
204000002,3,4,-1
204000003,93,2,91
204000004,23,0,23
204000005,369,280,89
204000006,943,929,14
204000008,974,341,633
204000011,8,84,-76
204000012,36,84,-48
204000013,1,25,-24
204000019,416,546,-130
204000020,473,779,-306
204000021,2166,779,1387
204000022,383,562,-179
204000023,336,1448,-1112
204000031,70,21,49
204000032,475,44,431
204000034,30,394,-364
204000035,6,2,4
204000036,7,24,-17
204000037,1,19,-18
204000038,0,7,-7
204000039,3,96,-93
204000040,4,57,-53
204000041,5,59,-54
204000042,24,20,4
204000043,19,13,6
204000044,8,12,-4
204000045,21,5,16
204000046,19,9,10
204000057,3,69,-66
204000062,5,22,-17
204000068,21,125,-104
204000069,12,130,-118
204000070,24,163,-139
204000080,8,45,-37
204000085,1380,2361,-981
204000086,2817,2408,409
204000087,41,20,21
204000088,9,106,-97
204000090,8,465,-457
204000093,221,61,160
204000096,463,662,-199
204000097,203,17,186
204000099,842,1147,-305
204000100,774,1029,-255
204000105,2095,1933,162
204000110,804,1603,-799
204000111,296,955,-659
204000112,1100,1102,-2
204000113,494,971,-477
204000114,550,525,25
204000115,437,375,62
204000116,1901,540,1361
204000119,1608,1447,161
204000132,321,171,150
204000133,399,196,203
204000134,231,167,64
204000135,272,85,187
204000136,183,171,12
204000138,177,299,-122
204000140,105,66,39
204000141,86,40,46
204000144,1,16,-15
204000145,524,36,488
204000146,26,514,-488
204000147,13,142,-129
204000148,412,16,396
204000154,6,2,4
204000155,4,10,-6
204000177,125,46,79
204000179,12,3,9
204000180,2,39,-37
204000222,3,31,-28
204000235,5,21,-16
204000236,68,353,-285
204000238,49,21,28
204000240,322,83,239
204000263,71,314,-243
204000308,180,11,169
204000317,4,80,-76
204000322,2,46,-44
204000323,23,7,16
204000328,210,43,167
204000329,71,110,-39
204000330,219,27,192
204000331,26,137,-111
204010341,11,233,-222
205000001,1295,1355,-60
205000013,8,106,-98
205000014,9,147,-138
205000015,29,393,-364
205000016,20,253,-233
205000017,42,99,-57
205000022,314,592,-278
205000025,1570,963,607
205000029,164,7,157
205000045,43,183,-140
205000047,70,614,-544
205000048,142,1032,-890
205000049,102,844,-742
205000050,1140,310,830
205000059,1,274,-273
205000060,0,57,-57
205000061,0,21,-21
205000062,0,27,-27
205000063,15,117,-102
205000064,12,147,-135
205000065,59,879,-820
205000066,71,912,-841
205000067,69,1251,-1182
205000069,204,27,177
205000082,155,220,-65
205000110,47,212,-165
205000111,146,276,-130
205000112,86,165,-79
205000113,257,250,7
205000121,149,47,102
205000123,98,230,-132
205000126,402,112,290
205000127,422,173,249
205000128,426,79,347
205000129,368,115,253
205000130,218,28,190
205000131,269,12,257
205000132,350,0,350
205000133,187,0,187
205000134,92,0,92
205000137,149,139,10
205000138,348,338,10
205000139,24,96,-72
205000144,64,44,20
205000145,513,115,398
205000151,144,26,118
205000152,108,16,92
205000153,108,34,74
205000154,38,54,-16
205000155,55,11,44
205000207,12,187,-175
205000233,2,1,1
205000234,0,0,0
205000243,0,0,0
205000244,0,2,-2
205000245,13,314,-301
205000249,0,38,-38
205000250,0,2,-2
205000251,76,514,-438
205000264,5,126,-121
206000027,7,1,6
206000028,4,0,4
206000043,16,148,-132
206000053,4,18,-14
206000054,6,47,-41
206000055,1,57,-56
206000075,5,9,-4
206000076,18,9,9
206000077,33,6,27
206000078,5,4,1
206000079,27,1,26
206000082,405,29,376
206000100,69,769,-700
206000103,10,18,-8
206000104,9,22,-13
206000105,16,31,-15
206000106,6,36,-30
206000108,635,33,602
206000125,57,0,57
206000157,126,936,-810
206000170,2,344,-342
206000171,5,309,-304
206000172,6,1329,-1323
206000173,3,474,-471
206000174,6,203,-197
206000175,1,302,-301
206000176,14,510,-496
206000177,1,320,-319
206000178,2,259,-257
206000179,11,148,-137
206000180,28,319,-291
206000181,11,435,-424
206000182,23,468,-445
206000183,26,1492,-1466
206000184,4,659,-655
206000185,4,532,-528
206000186,108,2093,-1985
206000223,4,391,-387
206000226,13,4,9
206000227,31,1,30
206000237,39,680,-641
206000238,68,798,-730
206000239,626,3268,-2642
206000240,1,48,-47
206000241,3,158,-155
206000242,10,742,-732
206000243,13,577,-564
206000244,72,1265,-1193
206000245,287,44,243
206000246,66,8,58
206000247,82,6,76
206000248,183,13,170
206000252,58,17,41
206000258,14,65,-51
206000315,33,4,29
206000317,283,68,215
206000318,144,33,111
206000319,490,56,434
206000320,46,23,23
206000321,69,9,60
206000322,145,15,130
206000323,103,7,96
206000324,70,8,62
206000325,139,14,125
206000326,85,6,79
206000327,91,9,82
206000328,33,4,29
206000329,100,5,95
206000330,34,5,29
206000331,62,11,51
206000332,13,7,6
206000333,217,4,213
206000334,128,1,127
206000335,0,26,-26
206000361,5,328,-323
206000392,7,60,-53
206000405,113,3,110
206000441,11,8,3
206000498,25,2,23
206000515,145,22,123
206000530,75,37,38
206000531,153,85,68
206000532,2638,75,2563
206000535,479,2649,-2170
206000536,26,314,-288
206000537,19,237,-218
206000613,1339,140,1199
207000001,109,384,-275
207000002,55,301,-246
207000003,85,228,-143
207000007,485,255,230
207000008,42,12,30
207000009,82,51,31
207000010,448,730,-282
207000012,239,242,-3
207000015,277,2080,-1803
207000019,153,107,46
207000021,600,193,407
207000022,62,125,-63
207000023,107,81,26
207000024,1,15,-14
207000025,10,54,-44
207000026,80,63,17
207000027,22,91,-69
207000028,40,291,-251
207000029,295,430,-135
207000033,256,230,26
207000034,229,48,181
207000039,190,124,66
207000040,143,122,21
207000041,67,48,19
207000042,207,76,131
207000043,174,186,-12
207000051,84,450,-366
207000052,22,250,-228
207000053,450,659,-209
207000054,24,132,-108
207000055,27,188,-161
207000056,232,528,-296
207000057,140,374,-234
207000058,73,464,-391
207000059,37,851,-814
207000060,12,265,-253
207000061,86,160,-74
207000062,98,37,61
207000063,115,159,-44
207000064,417,294,123
207000065,339,266,73
207000066,78,211,-133
207000067,36,161,-125
207000068,77,52,25
207000069,596,458,138
207000082,41,434,-393
207000083,70,520,-450
207000084,127,206,-79
207000085,146,12,134
207000086,93,6,87
207000106,14,34,-20
207000107,28,19,9
207000108,34,13,21
207000109,21,17,4
207000110,38,44,-6
207000111,65,55,10
207000112,144,187,-43
207000114,14,38,-24
207000115,10,90,-80
207000116,16,270,-254
207000117,8,111,-103
207000118,4,111,-107
207000119,18,147,-129
207000123,162,27,135
207000124,97,21,76
207000125,48,26,22
207000126,81,38,43
207000134,29,290,-261
207000135,33,300,-267
207000148,51,147,-96
207000149,74,37,37
207000152,112,388,-276
207000153,1293,982,311
207000154,365,134,231
207000159,51,408,-357
207000160,79,698,-619
207000238,0,55,-55
207000242,3,184,-181
207000248,18,17,1
207000249,107,60,47
207000250,705,55,650
207000251,79,53,26
207000252,67,87,-20
207000278,40,95,-55
207000279,14,313,-299
207000280,214,65,149
207000281,46,1588,-1542
207000282,154,36,118
207000283,141,193,-52
207000284,104,64,40
207000285,163,42,121
207000291,10,118,-108
207000304,93,69,24
207000306,76,462,-386
207000310,35,86,-51
207000353,130,2,128
207000356,8,24,-16
207000357,17,9,8
207000358,10,12,-2
207000415,7,219,-212
207000417,16,0,16
207000437,0,3,-3
207000439,1411,287,1124
207000446,123,4,119
207000460,7,7,0
207000466,178,180,-2
207000467,30,93,-63
207000468,7,425,-418
207000476,7,104,-97
207000477,239,149,90
207000523,0,15,-15
207000524,7,0,7
207000527,61,166,-105
207000530,123,7,116
207000531,123,8,115
207000532,49,20,29
207000534,697,47,650
207000535,35,189,-154
207000537,22,146,-124
207000540,11,201,-190
207000541,3,295,-292
207000548,6,371,-365
207000549,129,8,121
207000561,59,71,-12
207000562,32,182,-150
207000567,144,350,-206
207000568,40,129,-89
207000569,127,1663,-1536
207000584,522,145,377
207000585,96,162,-66
207000616,0,250,-250
207000617,64,0,64
207900008,93,285,-192
208000001,399,658,-259
208000002,347,491,-144
208000003,619,479,140
208000004,1047,638,409
208000005,10,19,-9
208000019,541,1039,-498
208000020,157,424,-267
208000021,90,643,-553
208000022,593,832,-239
208000028,1451,1105,346
208000033,330,710,-380
208000034,1243,1817,-574
208000040,134,198,-64
208000041,1518,596,922
208000042,813,594,219
208000047,68,479,-411
208000064,3173,1603,1570
208000066,1526,982,544
208000070,188,482,-294
208000071,303,857,-554
208000072,368,1252,-884
208000080,109,335,-226
208000081,135,192,-57
208000082,168,404,-236
208000083,92,520,-428
208000084,28,25,3
208000085,783,579,204
208000086,443,866,-423
208000087,371,717,-346
208000089,645,736,-91
208000090,379,1249,-870
208000093,165,116,49
208000094,287,612,-325
208000095,526,394,132
208000104,820,943,-123
208000105,587,1118,-531
208000114,56,238,-182
208000115,427,405,22
208000116,203,1035,-832
208000117,131,126,5
208000118,33,104,-71
208000155,540,971,-431
208000158,1754,2494,-740
208000186,3689,1910,1779
208000204,435,1013,-578
208000205,755,1477,-722
208000282,3846,1315,2531
209000004,113,220,-107
209000005,25,27,-2
209000006,384,114,270
209000007,297,269,28
209000010,524,154,370
209000011,133,204,-71
209000012,197,232,-35
209000013,180,809,-629
209000014,772,2278,-1506
209000025,142,34,108
209000026,436,99,337
209000027,253,1305,-1052
209000028,334,1231,-897
209000029,684,1135,-451
209000030,503,2203,-1700
209000031,4902,3218,1684
209000034,144,135,9
209000035,55,134,-79
209000036,66,87,-21
209000037,82,156,-74
209000038,49,145,-96
209000039,27,119,-92
209000040,342,512,-170
209000041,131,374,-243
209000042,184,384,-200
209000043,800,620,180
209000044,174,544,-370
209000045,944,493,451
209000046,191,487,-296
209000047,229,163,66
209000048,406,260,146
209000049,69,159,-90
209000050,155,220,-65
209000051,196,358,-162
209000052,107,368,-261
209000062,29,214,-185
209000063,20,136,-116
209000064,14,158,-144
209000065,18,33,-15
209000066,23,24,-1
209000067,24,66,-42
209000080,37,176,-139
209000082,69,35,34
209000091,29,77,-48
209000093,97,27,70
209000094,262,157,105
209000110,40,48,-8
209000111,543,976,-433
209000112,539,445,94
209000113,1173,413,760
209000114,279,269,10
209000115,62,186,-124
209000116,684,618,66
209000118,18,44,-26
209000119,50,6,44
209000121,116,860,-744
209000135,56,66,-10
209000142,729,765,-36
209000143,105,101,4
209000144,69,93,-24
209000229,149,186,-37
209000240,29,488,-459
209000259,111,121,-10
209000260,90,1173,-1083
209000261,10,814,-804
209000262,1,724,-723
209000263,0,130,-130
209000264,0,72,-72
209000265,824,4,820
209000266,70,6,64
209000267,691,10,681
209000268,718,63,655
210000037,60,27,33
210000047,37,49,-12
210000048,50,39,11
210000049,55,21,34
210000052,31,180,-149
210000053,14,132,-118
210000054,75,104,-29
210000070,63,8,55
210000071,37,0,37
210000072,9,0,9
210000073,0,45,-45
210000074,1,197,-196
210000075,2,63,-61
210000076,7,181,-174
210000077,33,30,3
210000078,42,19,23
210000079,87,16,71
210000080,135,74,61
210000081,123,6,117
210000082,40,2,38
210000083,60,0,60
210000084,24,0,24
210000085,0,90,-90
210000086,5,186,-181
210000099,36,322,-286
210000100,41,266,-225
210000101,62,298,-236
210000105,73,259,-186
210000159,0,110,-110
210000163,187,198,-11
210000164,415,96,319
210000168,187,27,160
210000187,0,11,-11
210000188,0,20,-20
210000214,14,0,14
210000219,25,71,-46
210000220,36,119,-83
210000232,1,25,-24
210000233,17,59,-42
210000234,20,179,-159
210000235,30,178,-148
210000245,2,34,-32
210000246,33,1,32
210000258,15,164,-149
210000259,335,25,310
210000282,89,313,-224
210000285,0,109,-109
210000286,12,212,-200
210000295,78,164,-86
210000296,46,48,-2
210000320,128,193,-65
210000321,41,117,-76
210000338,78,118,-40
210000339,764,817,-53
210000340,170,258,-88
210000341,175,218,-43
210000342,158,185,-27
210000343,126,201,-75
210000344,241,120,121
210000345,149,187,-38
210000346,112,101,11
210000347,188,39,149
210000348,138,31,107
210000349,114,24,90
210000350,58,76,-18
210000351,88,116,-28
210000352,62,107,-45
210000353,25,119,-94
210000354,38,110,-72
210000355,52,119,-67
210000356,90,93,-3
210000357,68,53,15
210000358,443,125,318
210000359,109,68,41
210000360,153,105,48
210000361,144,197,-53
210000362,158,192,-34
210000363,1049,150,899
210000364,111,145,-34
210000365,100,64,36
210000366,92,50,42
210000367,68,31,37
210000368,165,36,129
210000369,22,46,-24
210000370,82,70,12
210000372,41,25,16
210000373,90,5,85
210000374,33,28,5
210000375,19,91,-72
210000376,45,121,-76
210000404,140,186,-46
210000439,30,52,-22
210000472,104,3,101
210000482,76,67,9
210000564,781,183,598
210000568,708,6,702
211000092,10,83,-73
211000094,103,3,100
211000169,136,16,120
211000172,5,207,-202
211000209,0,27,-27
211000275,6,39,-33
211000276,48,47,1
211000279,6,66,-60
211000281,54,52,2
211507980,0,29,-29
211977296,6,1,5
212000003,91,47,44
212000004,71,20,51
212000005,18,33,-15
212000006,21,107,-86
212000008,105,224,-119
212000009,9,150,-141
212000012,56,84,-28
212000013,14,61,-47
212000014,230,218,12
212000015,152,288,-136
212000016,420,622,-202
212000027,521,575,-54
212000028,248,473,-225
212000029,145,308,-163
212000030,16,38,-22
212000031,32,77,-45
212000048,20,81,-61
212000049,17,63,-46
212000050,24,12,12
212000051,134,286,-152
212000052,114,483,-369
212000053,303,644,-341
212000054,121,177,-56
212000055,168,370,-202
212000056,11,49,-38
212000057,15,51,-36
212000058,264,52,212
212000070,88,373,-285
212000077,106,796,-690
212000099,179,316,-137
212000108,167,185,-18
212000111,114,176,-62
212000120,125,135,-10
212000138,74,25,49
212000156,6,145,-139
212000158,10,10,0
212000159,218,66,152
212000160,359,233,126
212000161,41,12,29
212000310,35,18,17
212000311,7,72,-65
212000374,14,11,3
213000001,23,907,-884
213000005,401,101,300
213000006,1303,113,1190
213000007,66,8,58
213000009,572,205,367
213000010,182,161,21
213000011,203,90,113
213000012,90,546,-456
213000014,36,3,33
213000015,129,1,128
213000016,187,0,187
213000017,10,1,9
213000018,3,282,-279
213000019,1,188,-187
213000020,80,352,-272
213000021,7,106,-99
213000023,233,233,0
213000033,244,750,-506
213000034,426,365,61
213000035,118,124,-6
213000045,106,274,-168
213000046,122,225,-103
213000047,485,678,-193
213000056,38,41,-3
213000069,28,1,27
213000073,0,25,-25
213000074,199,606,-407
213000075,534,23,511
213000085,3,39,-36
213000086,15,292,-277
213000091,85,8,77
213000092,28,21,7
213000099,124,951,-827
213000100,1367,211,1156
213000101,143,182,-39
213000102,157,475,-318
213000103,743,934,-191
213000104,46,627,-581
213000105,2,66,-64
213000106,23,203,-180
213000107,95,790,-695
213000108,16,679,-663
213000109,5,250,-245
213000110,5,77,-72
213000111,13,60,-47
213000112,186,129,57
213000115,26,4,22
213000116,112,857,-745
213000117,5,1070,-1065
213000118,211,310,-99
213000119,68,1036,-968
213000120,83,974,-891
213000122,267,1496,-1229
213000123,898,2392,-1494
213000124,106,2292,-2186
213000125,111,16,95
213000126,126,108,18
213000127,214,141,73
213000128,970,658,312
213000129,670,318,352
213000130,309,164,145
213000132,179,128,51
213000133,196,90,106
213000134,499,44,455
213000136,316,9,307
213000137,450,55,395
213000139,328,8,320
213000147,11,4,7
213000148,40,5,35
213000149,22,2,20
213000150,0,80,-80
213000151,1,75,-74
213000152,0,91,-91
213000153,1,36,-35
213000154,12,179,-167
213000155,40,443,-403
213000156,75,712,-637
213000157,613,719,-106
213000158,329,1041,-712
213000159,389,682,-293
213000163,354,133,221
213000165,790,168,622
213000171,1,201,-200
213000172,3,494,-491
213000173,4,395,-391
213000174,3,535,-532
213000175,10,401,-391
213000176,41,27,14
213000177,49,6,43
213000178,52,2,50
213000179,138,2,136
213000180,82,0,82
213000184,77,534,-457
213000188,509,64,445
213000189,216,51,165
213000190,775,913,-138
213000191,124,720,-596
213000192,112,832,-720
213000193,1264,254,1010
213000194,1,29,-28
213000195,16,449,-433
213000196,138,944,-806
213000197,284,250,34
213000198,53,2,51
213000200,123,1093,-970
213000201,84,47,37
213000202,10,841,-831
213000203,3268,337,2931
213000204,384,36,348
213000205,223,57,166
213000206,212,35,177
213000207,38,2,36
213000208,76,5,71
213000209,78,1,77
213000210,239,2,237
213000211,7,6,1
213000212,17,26,-9
213000213,7,36,-29
213000218,158,1083,-925
213000219,407,23,384
213000220,393,32,361
213000223,212,80,132
213000224,70,19,51
213000225,36,5,31
213000226,25,3,22
213000227,441,146,295
213000228,115,52,63
213000229,975,14,961
213000230,172,30,142
213000232,52,303,-251
213000233,2,26,-24
213000234,0,24,-24
213000293,9,40,-31
213000294,85,4,81
213000295,3,86,-83
213000296,72,18,54
213000297,8,81,-73
213000298,14,112,-98
213000299,48,26,22
213000300,9,0,9
213000303,5,32,-27
213000304,0,8,-8
213000305,4,11,-7
213000306,60,40,20
213000307,272,105,167
213000308,90,334,-244
213000309,114,46,68
213000310,268,150,118
213000311,286,586,-300
213000315,57,145,-88
213000316,73,54,19
213000322,53,173,-120
213000323,19,89,-70
213000324,54,269,-215
213000325,14,216,-202
213000326,44,122,-78
213000327,44,225,-181
213000328,30,160,-130
213000329,49,162,-113
213000340,91,1146,-1055
213000341,201,99,102
213000347,1020,161,859
213000348,35,194,-159
213000349,104,36,68
213000350,187,1730,-1543
213000366,24,355,-331
213000367,91,24,67
213000379,220,254,-34
213000386,18,216,-198
213000406,86,439,-353
213000417,789,375,414
213000425,77,76,1
213000426,38,91,-53
213000427,30,433,-403
213000428,28,323,-295
213000429,67,8,59
213000430,86,1502,-1416
213000431,68,3,65
213000432,1,11,-10
213000433,13,180,-167
213000434,45,141,-96
213000435,63,103,-40
213000436,7,67,-60
213000437,2,100,-98
213000438,98,235,-137
213000439,67,6,61
213000440,2,262,-260
213000441,0,1,-1
213000442,3,83,-80
213000443,516,315,201
213000444,14,121,-107
213000445,0,135,-135
213000446,0,10,-10
213000447,4,52,-48
213000448,3,56,-53
213000449,159,4,155
213000450,20,52,-32
213000451,116,84,32
213000452,9,18,-9
213000453,31,418,-387
213000455,627,2,625
213000456,4,365,-361
213000481,14,3,11
213000484,64,0,64
213000489,656,20,636
213900002,0,78,-78
213900003,182,42,140
213900013,2,250,-248
213900015,0,9,-9
213900016,10,14,-4
213900020,15,365,-350
213900030,2,99,-97
213900032,150,65,85
213900033,39,33,6
213900034,191,115,76
213900035,140,1002,-862
213900036,48,398,-350
213900037,31,534,-503
213900038,184,291,-107
213900039,1,156,-155
213900041,0,71,-71
213900042,203,94,109
213900043,80,212,-132
213900244,7,0,7
213900245,0,31,-31
218000003,42,23,19
218000004,36,10,26
218000005,23,54,-31
218000006,51,20,31
218000007,3,8,-5
218000012,266,137,129
218000013,26,111,-85
218000014,434,414,20
218000019,1046,441,605
218000020,276,308,-32
218000021,38,163,-125
218000022,10,89,-79
218000023,3,68,-65
218000024,8,37,-29
218000025,15,51,-36
218000026,27,87,-60
218000027,8,22,-14
218000028,14,9,5
218000029,6,4,2
218000030,32,47,-15
218000031,3,64,-61
218000032,3,57,-54
218000040,10,1,9
218000046,27,229,-202
218000047,5,312,-307
218000048,90,340,-250
218000049,133,211,-78
218000050,428,434,-6
218000051,90,497,-407
218000052,3,165,-162
218000053,21,14,7
218000054,66,57,9
218000055,4,23,-19
218000056,14,65,-51
218000057,5,69,-64
218000064,2,25,-23
218000065,23,57,-34
218000066,9,66,-57
218000067,31,95,-64
218000068,81,118,-37
218000069,71,215,-144
218000070,84,373,-289
218000071,152,273,-121
218000072,373,290,83
218000078,500,1390,-890
218000079,43,69,-26
218000080,46,104,-58
218000081,270,363,-93
218000082,23,181,-158
218000083,14,76,-62
218000084,52,273,-221
218000085,131,639,-508
218000086,32,277,-245
218000087,181,346,-165
218000090,8,75,-67
218000091,617,400,217
218000092,35,131,-96
218000093,56,103,-47
218000094,412,847,-435
218000099,344,426,-82
218000100,184,282,-98
218000101,89,206,-117
218000102,165,400,-235
218000103,77,183,-106
218000104,36,53,-17
218000105,38,8,30
218000106,19,15,4
218000107,37,119,-82
218000108,19,73,-54
218000112,69,15,54
218000117,47,89,-42
218000134,576,992,-416
218000135,16,106,-90
218000136,172,69,103
218000137,99,158,-59
218000138,28,108,-80
218000139,120,324,-204
218000140,151,178,-27
218000141,41,105,-64
218000142,122,310,-188
218000143,43,260,-217
218000144,24,69,-45
218000145,167,505,-338
218000146,58,165,-107
218000151,15,28,-13
218000152,59,72,-13
218000153,1,3,-2
218000154,4,1,3
218000155,20,3,17
218000156,39,25,14
218000157,14,29,-15
218000158,2,13,-11
218000159,4,1,3
218000160,3,3,0
218000161,20,7,13
218000162,12,13,-1
218000163,6,2,4
218000164,11,20,-9
218000165,37,66,-29
218000170,1,32,-31
218000171,43,22,21
218000172,15,15,0
218000173,91,22,69
218000174,8,11,-3
218000176,87,11,76
218000177,301,133,168
218000178,92,117,-25
218000179,69,68,1
218000180,39,20,19
218000181,121,30,91
218000187,3,17,-14
218000188,34,41,-7
218000189,19,81,-62
218000190,7,39,-32
218000191,63,105,-42
218000192,131,682,-551
218000193,334,648,-314
218000194,40,610,-570
218000195,111,125,-14
218000196,226,331,-105
218000197,198,558,-360
218000198,15,133,-118
218000199,44,41,3
218000200,69,57,12
218000201,9,9,0
218000202,122,128,-6
218000207,2,58,-56
218000208,30,53,-23
218000211,20,9,11
218000212,5,12,-7
218000213,150,99,51
218000214,6,27,-21
218000215,91,156,-65
218000217,2,123,-121
218000218,347,84,263
218000219,33,21,12
218000220,140,313,-173
218000221,627,216,411
218000222,20,26,-6
218000223,30,172,-142
218000224,4,49,-45
218000225,178,15,163
218000226,57,51,6
218000230,0,3,-3
218000232,42,80,-38
218000239,56,1,55
218000240,14,5,9
218000241,21,1,20
218000242,45,2,43
218000243,24,3,21
218000244,7,1,6
218000245,3,0,3
218000246,0,1,-1
218000247,0,0,0
218000248,1,41,-40
218000249,0,3,-3
218000250,1,26,-25
218000251,0,18,-18
218000252,5,29,-24
218000253,3,15,-12
218000254,0,12,-12
218000255,1,13,-12
218000256,3,47,-44
218000267,729,1276,-547
218000268,31,71,-40
218000269,8,13,-5
218000270,19,57,-38
218000271,36,81,-45
218000273,11,7,4
218000274,22,3,19
218000275,16,30,-14
218000276,10,67,-57
218000278,5,31,-26
218000279,10,36,-26
218000280,26,15,11
218000281,40,18,22
218000282,292,146,146
218000284,91,4,87
218000301,71,131,-60
218000302,121,47,74
218000303,40,50,-10
218000316,543,1206,-663
218000317,513,1373,-860
218000318,298,1071,-773
218000319,546,1747,-1201
218000320,497,796,-299
218000338,73,32,41
218000345,62,65,-3
218000346,37,169,-132
218000459,94,472,-378
218000490,16,84,-68
218000501,41,49,-8
218000502,49,97,-48
218000503,36,11,25
218000504,62,13,49
218000505,26,138,-112
218000506,36,176,-140
218000508,29,3,26
218000510,129,9,120
218000520,143,124,19
218000521,1,92,-91
218000522,0,151,-151
218000523,73,1,72
218000524,52,140,-88
218000525,156,7,149
218000526,65,100,-35
218000529,22,245,-223
218000530,7,6,1
218000531,6,48,-42
218000532,4,27,-23
218000534,43,7,36
218000537,9,44,-35
218000538,114,169,-55
218000540,323,91,232
218000543,69,39,30
218000544,39,134,-95
218000545,18,79,-61
218000546,36,141,-105
218000547,65,105,-40
218000548,106,215,-109
218000549,304,92,212
218000550,291,676,-385
218000551,276,266,10
218000552,699,16,683
218000553,17,87,-70
218000554,9,34,-25
218000555,6,45,-39
218000556,81,526,-445
218000557,131,105,26
218000558,53,0,53
218000559,0,17,-17
218000560,0,14,-14
218000561,7,1,6
218000562,12,227,-215
218000563,58,28,30
218000564,4,158,-154
218000565,316,26,290
218000566,1163,26,1137
218000567,6,79,-73
218000568,10,1,9
218000569,4,61,-57
218000570,188,7,181
218000571,3,79,-76
218000572,45,3,42
218000573,16,43,-27
218000574,114,73,41
218000575,144,1,143
218000576,0,47,-47
218000577,21,0,21
218000578,2,84,-82
218000579,74,0,74
218000581,1,103,-102
218000582,11,1,10
218000583,4,0,4
218000584,0,29,-29
218000585,7,3,4
218000586,2,34,-32
218000587,0,2,-2
218000588,0,6,-6
218000589,0,0,0
218000590,1,0,1
218000591,4,8,-4
218000592,0,0,0
218000593,0,0,0
218000594,1,0,1
218000595,0,0,0
218000596,0,0,0
218000597,0,0,0
218000598,0,0,0
218000599,0,0,0
218000600,1,0,1
218000601,0,0,0
218000602,0,2,-2
218000603,0,6,-6
218000604,6,1,5
218000605,0,21,-21
218000606,19,0,19
218000607,8,32,-24
218000608,42,14,28
218000609,1,43,-42
218000610,38,2,36
218000611,4,5,-1
218000612,0,13,-13
218000613,26,5,21
218000614,1,39,-38
218000615,46,1,45
218000616,2,164,-162
218000617,3,2,1
218000618,0,30,-30
218000619,13,26,-13
218000620,3,39,-36
218000621,0,2,-2
218000622,0,5,-5
218000623,2,1,1
218000624,2,13,-11
218000625,2,0,2
218000626,0,7,-7
218000628,69,35,34
218000631,12,18,-6
218000632,0,62,-62
218000633,55,1,54
218000634,2,13,-11
218000635,3,16,-13
218000636,542,1842,-1300
218000637,773,651,122
218000638,80,38,42
218000639,26,314,-288
218000640,105,49,56
218000641,36,596,-560
218000652,211,161,50
218000653,188,63,125
218000663,2,91,-89
218000675,44,36,8
218000676,0,50,-50
218000677,1,31,-30
218000680,93,516,-423
218000681,193,72,121
218000691,60,434,-374
218000693,37,66,-29
218000703,10,93,-83
218000718,1405,372,1033
218000719,1700,34,1666
218000720,1,37,-36
218000721,26,15,11
218000725,10,14,-4
218001214,11,23,-12
218001329,47,63,-16
218001330,111,47,64
218001359,0,0,0
218001360,0,0,0
218001361,0,0,0
218001362,0,0,0
219000001,39,58,-19
219000002,38,101,-63
219000003,54,25,29
219000004,30,19,11
219000017,105,13,92
219000020,68,14,54
219000022,92,2,90
219000023,49,4,45
219000029,0,124,-124
219000034,14,12,2
219000039,12,67,-55
219000040,22,16,6
219000041,77,34,43
219000051,1,67,-66
219000052,0,45,-45
219000053,1,237,-236
219000054,418,414,4
219000055,40,0,40
219000056,10,0,10
219000057,29,0,29
219000062,5,235,-230
219000063,28,9,19
219000064,1,43,-42
219000110,278,40,238
219000111,105,32,73
219000112,157,44,113
219000113,110,29,81
219000114,305,36,269
219000116,60,36,24
219000117,145,69,76
219000118,70,50,20
219000123,246,106,140
219000124,77,77,0
219000125,9,22,-13
219000126,53,75,-22
219000127,0,2,-2
219000128,18,112,-94
219000129,34,171,-137
219000130,1135,739,396
219000131,991,727,264
219000133,79,25,54
219000134,5,23,-18
219000135,33,76,-43
219000136,83,164,-81
219000138,59,24,35
219000139,19,80,-61
219000140,21,0,21
219000141,10,121,-111
219000142,21,110,-89
219000143,11,113,-102
219000145,13,59,-46
219000146,10,92,-82
219000147,1,81,-80
219000148,4,62,-58
219000149,38,259,-221
219000150,4,175,-171
219000151,3,140,-137
219000157,83,174,-91
219000158,130,254,-124
219000161,152,10,142
219000163,1641,365,1276
219000166,50,172,-122
219000167,74,258,-184
219000168,303,49,254
219000174,203,103,100
219000175,36,0,36
219000176,41,2,39
219000177,6,1,5
219000178,9,1,8
219000179,8,1,7
219000180,46,30,16
219000182,52,4,48
219000183,22,76,-54
219000184,30,3,27
219000185,1,182,-181
219000186,11,73,-62
219000187,11,186,-175
219000189,171,133,38
219000190,167,170,-3
219000191,1869,780,1089
219000192,151,119,32
219000193,662,123,539
219000195,1,64,-63
219000196,3,108,-105
219000198,22,173,-151
219000199,105,215,-110
219000200,25,220,-195
219000201,80,277,-197
219000203,10,114,-104
219000204,125,190,-65
219000205,37,232,-195
219000207,194,270,-76
219000209,18,99,-81
219000210,27,147,-120
219000213,13,282,-269
219000239,161,265,-104
219000240,182,358,-176
219000241,126,354,-228
219000242,64,252,-188
219000243,64,308,-244
219000244,15,112,-97
219000245,48,29,19
219000246,15,16,-1
219000247,50,33,17
219000248,457,195,262
219000249,113,47,66
219000250,176,110,66
219000251,420,130,290
219000252,142,117,25
219000253,161,40,121
219000255,48,65,-17
219000256,78,38,40
219000257,40,1,39
219000262,87,305,-218
219000263,44,249,-205
219000267,2,165,-163
219000268,0,4,-4
219000269,5,0,5
219000270,4,0,4
219000271,50,1,49
219000278,0,14,-14
219000279,0,0,0
219000283,0,10,-10
219000295,21,109,-88
219000296,72,684,-612
219000297,18,222,-204
219000298,12,247,-235
219000299,298,44,254
219000300,30,402,-372
219000301,146,334,-188
219000302,24,227,-203
219000307,21,64,-43
219000308,33,31,2
219000311,82,57,25
219000312,294,25,269
219000313,141,18,123
219000314,107,721,-614
219000315,96,30,66
219000316,240,31,209
219000317,52,17,35
219000320,0,58,-58
219000321,0,15,-15
219000323,4,107,-103
219000325,0,58,-58
219000326,40,157,-117
219000327,37,42,-5
219000328,20,61,-41
219000329,294,71,223
219000330,44,32,12
219000331,26,23,3
219000332,43,69,-26
219000333,6,5,1
219000335,48,2,46
219000337,19,0,19
219000338,45,1,44
219000344,36,85,-49
219000345,72,168,-96
219000346,31,239,-208
219000348,65,180,-115
219000349,36,306,-270
219000350,55,86,-31
219000351,2,3,-1
219000352,243,73,170
219000353,115,45,70
219000354,95,131,-36
219000355,75,37,38
219000356,1791,337,1454
219000363,266,16,250
219000364,83,20,63
219000365,75,8,67
219000366,298,134,164
219000368,372,333,39
219000370,1082,179,903
219000371,10,22,-12
219000382,3,26,-23
219000383,804,643,161
219000385,779,477,302
219000386,1169,1298,-129
219000387,0,2,-2
219000390,5,1,4
219000391,1,0,1
219000397,45,96,-51
219000398,71,43,28
219000401,6,87,-81
219000402,16,100,-84
219000403,44,198,-154
219000404,12,82,-70
219000407,2,31,-29
219000409,12,46,-34
219000410,38,12,26
219000411,34,12,22
219000446,231,412,-181
219000447,2,15,-13
219000448,9,14,-5
219000452,69,41,28
219000453,44,69,-25
219000454,278,186,92
219000556,108,63,45
219000558,102,298,-196
219000590,21,202,-181
219000591,20,45,-25
219000592,102,439,-337
219000595,1,36,-35
219000635,46,21,25
219000636,8,106,-98
219000657,41,9,32
219000658,16,58,-42
219000673,0,2,-2
219000676,7,1,6
219000679,15,16,-1
219000684,52,5,47
219000685,2,123,-121
219000686,1,0,1
219000688,0,116,-116
219000689,79,152,-73
219000690,240,23,217
219000691,49,98,-49
219000692,151,16,135
219000693,0,36,-36
219000694,30,0,30
219000695,14,5,9
219000698,15,6,9
219000699,1,16,-15
219000727,5,235,-230
219000728,229,1,228
219000770,21,0,21
219000771,0,24,-24
219001150,3,14,-11
219001151,0,2,-2
219001166,4,4,0
219001167,2,60,-58
220000001,8,39,-31
220000002,1,190,-189
220000003,345,306,39
220000004,783,652,131
220000005,1863,1683,180
220000006,108,824,-716
220000007,210,779,-569
220000008,260,1130,-870
220000009,166,635,-469
220000010,150,125,25
220000011,603,2340,-1737
220000012,229,310,-81
220000014,30,65,-35
220000015,13,151,-138
220000017,61,467,-406
220000018,6067,843,5224
220000019,71,271,-200
220000020,272,197,75
220000021,334,138,196
220000022,256,542,-286
220000023,180,173,7
220000024,1795,273,1522
220000025,1255,413,842
220000026,124,184,-60
220000027,15,86,-71
220000028,27,42,-15
220000029,79,163,-84
220000030,144,92,52
220000031,145,272,-127
220000064,14,1264,-1250
221000046,3,0,3
221000047,0,3,-3
221000048,0,0,0
221000049,0,8,-8
221000050,7,0,7
221000055,44,46,-2
221000057,35,10,25
221000068,284,127,157
221000069,306,68,238
221000070,169,24,145
221000071,30,22,8
221000072,112,27,85
221000073,207,100,107
221000074,5,30,-25
221000075,65,9,56
221000076,12,46,-34
221000077,43,75,-32
221000081,33,7,26
221000082,36,5,31
221000083,80,4,76
221000084,13,7,6
221000085,16,71,-55
221000086,15,122,-107
221000087,4,191,-187
221000088,27,174,-147
221000089,43,224,-181
221000090,118,485,-367
221000098,130,21,109
221000099,143,14,129
221000100,50,12,38
221000101,209,9,200
221000102,150,17,133
221000109,5,76,-71
221000110,6,127,-121
221000111,18,169,-151
221000112,10,142,-132
221000113,26,182,-156
221000114,19,189,-170
221000120,19,48,-29
221000121,2,27,-25
221000122,17,21,-4
221000123,2,4,-2
221000124,7,341,-334
221000155,87,9,78
221000156,40,21,19
221000175,0,2,-2
221000176,4,1,3
221000182,16,1,15
221000241,499,213,286
221000242,239,262,-23
221000243,340,96,244
221000244,222,312,-90
221000245,26,123,-97
221000246,14,171,-157
221000247,15,151,-136
221000248,27,105,-78
221000267,59,969,-910
221000325,99,46,53
221000331,0,89,-89
221000338,5,18,-13
221000378,95,18,77
221000381,50,37,13
222000282,9,2,7
222000296,0,25,-25
222000568,259,9,250
222000569,83,23,60
222000570,100,7,93
222000571,126,11,115
222000577,7,265,-258
222000578,17,213,-196
222000579,31,136,-105
222000580,157,1164,-1007
222000599,2,148,-146
222000600,2,275,-273
222000601,12,969,-957
222000603,30,11,19
222000604,24,36,-12
222000605,14,12,2
222000606,0,11,-11
222000607,0,6,-6
222000608,3,9,-6
222000609,33,345,-312
222000616,83,35,48
222000617,5,13,-8
222000618,1,0,1
222000620,114,2,112
222000621,82,8,74
222000623,414,4,410
222000624,228,5,223
222000625,268,72,196
222000636,40,4,36
222000686,18,12,6
222000687,41,18,23
222001066,269,2,267
222001067,5,11,-6
222001068,13,57,-44
222001069,7,69,-62
222001082,3,82,-79
222001083,7,98,-91
222001084,0,25,-25
222001085,1,203,-202
222001111,12,254,-242
222001112,16,35,-19
222001313,20,5,15
222001314,2,196,-194
222001464,36,55,-19
222001465,13,138,-125
222001484,65,63,2
222001485,9,90,-81
222001494,142,112,30
222001495,116,494,-378
222001496,83,64,19
222001497,51,756,-705
222001502,36,151,-115
222001503,42,42,0
222001504,34,340,-306
222001505,191,12,179
222001506,55,237,-182
222001507,231,36,195
222001510,181,30,151
222001511,33,619,-586
222001514,623,99,524
222001515,268,770,-502
222001518,99,50,49
222001519,37,509,-472
222001527,151,64,87
222001528,70,251,-181
222001529,166,35,131
222001530,51,308,-257
222001533,137,539,-402
222001534,124,60,64
222001535,38,139,-101
222001536,71,468,-397
222001537,139,16,123
222001538,72,633,-561
222001563,222,106,116
222001564,38,1115,-1077
222001568,417,111,306
222001576,0,4,-4
222001579,0,4,-4
222001583,9,344,-335
222001584,38,13,25
222001596,670,2089,-1419
222001597,1922,362,1560
222001626,1,294,-293
222001650,94,105,-11
222001651,130,125,5
222001914,210,69,141
222001915,72,310,-238
222900004,582,198,384
222900009,560,925,-365
222900019,163,224,-61
222900024,2,31,-29
222900025,0,46,-46
225000001,274,70,204
225000002,251,89,162
225000003,198,77,121
225000004,122,199,-77
225000005,10,77,-67
225000006,0,110,-110
225000007,3393,1103,2290
225000010,153,13,140
225000011,415,671,-256
225000012,95,399,-304
225000013,113,174,-61
225000014,577,61,516
225000015,86,244,-158
225000021,682,120,562
225000027,290,469,-179
225000032,516,129,387
225000042,66,713,-647
225000049,9,56,-47
225000050,36,8,28
225000053,2,161,-159
225000058,384,141,243
225000067,126,188,-62
225000068,87,609,-522
225000069,158,604,-446
225000070,51,600,-549
225000071,16,361,-345
225000075,19,815,-796
225000076,56,172,-116
225000078,42,18,24
225000085,15,83,-68
225000086,90,37,53
225000087,118,13,105
225000088,13,134,-121
225000089,411,505,-94
225000090,22,305,-283
225000091,65,265,-200
225000092,13,105,-92
225000093,127,410,-283
225000094,14,535,-521
225000095,269,602,-333
225000096,135,400,-265
225000098,242,86,156
225000099,141,69,72
225000100,112,82,30
225000104,45,391,-346
225000110,9,517,-508
225000111,197,1235,-1038
225000112,280,1069,-789
225000113,100,626,-526
225000114,39,358,-319
225000115,2819,569,2250
225000116,1015,68,947
225000117,855,283,572
225000118,696,220,476
225000119,99,61,38
225000120,622,63,559
225000121,153,26,127
225000123,855,5,850
225000125,190,321,-131
225000126,827,169,658
225000127,1001,427,574
225000128,249,306,-57
225000132,203,21,182
225000133,233,32,201
225000134,475,82,393
225000135,48,10,38
225000136,99,11,88
225000137,95,42,53
225000138,196,25,171
225000143,84,144,-60
225000144,1,355,-354
225000145,27,39,-12
225000146,37,128,-91
225000147,5,429,-424
225000148,7,322,-315
225000149,73,561,-488
225000151,30,318,-288
225000155,227,334,-107
225000156,115,656,-541
225000157,101,386,-285
225000158,42,413,-371
225000171,3,199,-196
225000180,48,31,17
225000181,2,47,-45
225000182,29,5,24
225000185,8,270,-262
225000187,59,427,-368
225000191,61,1,60
225000194,0,6,-6
225000208,1,57,-56
225000209,12,11,1
225000210,1,178,-177
225000217,0,9,-9
225000218,7,1,6
225000223,0,24,-24
225000224,55,0,55
225000225,0,5,-5
225000226,52,1,51
225000227,36,63,-27
225000228,6,4,2
225000229,1,79,-78
225000230,13,0,13
225000231,0,88,-88
225000232,45,0,45
225000241,37,0,37
225000242,0,29,-29
225000249,37,47,-10
225000250,65,1157,-1092
225000251,232,25,207
225000254,0,3,-3
225000256,1,7,-6
225000257,0,12,-12
226000042,416,333,83
226000043,84,322,-238
226000044,162,681,-519
226000045,53,540,-487
226000046,390,39,351
226000047,227,55,172
226000048,240,47,193
226000049,189,103,86
226000070,1,41,-40
226000071,1,88,-87
226000072,0,13,-13
226000073,0,8,-8
226000074,0,14,-14
226000084,0,61,-61
226000085,1,6,-5
226000086,0,6,-6
226000087,0,32,-32
226000088,62,29,33
226000090,172,49,123
226000091,12,1,11
226000092,2,0,2
226000093,7,0,7
226000094,15,1,14
226000095,14,3,11
226000105,5,0,5
226000106,1,0,1
226000107,2,0,2
226000108,8,0,8
226000109,31,0,31
226000124,91,56,35
226000134,279,359,-80
226000135,685,434,251
226000136,180,323,-143
226000137,11,407,-396
226000138,5,254,-249
226000139,0,15,-15
226000156,53,11,42
226000157,99,11,88
226000163,128,63,65
226000202,2,562,-560
226000231,124,4,120
226000232,52,5,47
227000033,248,33,215
227000036,122,14,108
227000037,86,16,70
227000038,106,29,77
227000084,0,49,-49
227000085,0,48,-48
227000088,19,4,15
227000089,120,2,118
227000090,37,0,37
227000091,9,0,9
227000092,18,1,17
227000093,33,0,33
227000094,3,0,3
227000130,25,79,-54
227000131,5,328,-323
227000132,23,332,-309
227000133,12,280,-268
227000134,11,464,-453
227000152,0,2,-2
227000153,0,44,-44
227000154,0,17,-17
227000155,0,24,-24
227000156,0,18,-18
227000165,7,38,-31
227000196,122,445,-323
227000199,69,894,-825
227000230,42,593,-551
227000232,155,11,144
227000242,82,567,-485
227000243,400,76,324
227000245,17,384,-367
227000246,107,581,-474
227000247,165,41,124
227000248,32,13,19
227000249,20,255,-235
227000250,185,87,98
227000251,138,234,-96
227000252,35,442,-407
227000253,32,16,16
227000262,265,27,238
227000266,335,20,315
227000267,31,2391,-2360
227000282,3,308,-305
227000284,170,14,156
227000286,4,163,-159
227000291,21,746,-725
227000296,557,300,257
227000484,194,20,174
227000485,27,798,-771
227000655,54,16,38
227000656,627,19,608
227000657,12,12,0
227000704,54,11,43
229000265,2,15,-13
229000266,1,1,0
229000267,2,1,1
229000268,12,1,11
229000269,57,1,56
229000274,0,14,-14
229000275,0,16,-16
229000276,0,16,-16
229000277,0,5,-5
229000278,1,4,-3
229000295,10,26,-16
229000296,54,6,48
229000297,10,33,-23
229000298,15,176,-161
229000320,4,5,-1
229000321,67,17,50
229000412,16,104,-88
229000414,20,46,-26
229000415,13,0,13
229000416,0,0,0
229000417,2,10,-8
229000419,134,236,-102
229000440,220,79,141
229000442,10,8,2
229000443,0,3,-3
229000444,2,42,-40
229000445,8,6,2
229000446,51,17,34
229000491,4,43,-39
229000492,17,204,-187
229000493,4,163,-159
229000494,35,7,28
229000495,115,19,96
229000496,21,12,9
229000507,1,49,-48
229000508,2,42,-40
229000509,0,56,-56
229000510,0,30,-30
229000511,2,85,-83
229000512,0,48,-48
229000513,0,3,-3
229000514,3,5,-2
229000517,2,12,-10
229000518,6,62,-56
229000519,2,16,-14
229000520,9,59,-50
229000521,19,32,-13
229000522,0,13,-13
229000523,6,14,-8
229000524,1,19,-18
229000527,5,1,4
229000528,0,0,0
229000529,3,0,3
229000530,67,10,57
229000531,20,13,7
229000532,36,0,36
229000533,118,2,116
229000534,88,0,88
229000564,39,0,39
229000565,7,0,7
229000566,0,31,-31
229000567,0,105,-105
229000582,143,2,141
229000583,4,2,2
229000584,0,45,-45
229000585,1,64,-63
229000718,0,0,0
229000719,0,4,-4
229000720,1,27,-26
229000721,0,20,-20
229000722,0,46,-46
229000723,0,32,-32
229000724,0,2,-2
229000725,0,11,-11
229000738,1,0,1
229000739,2,0,2
229000740,2,0,2
229000741,5,0,5
229000742,2,0,2
229000743,19,0,19
229000744,1,0,1
229000745,1,0,1
229000746,24,0,24
229000847,2,1,1
229000848,12,0,12
229000849,61,1,60
229000851,11,0,11
229000854,0,75,-75
229000856,8,214,-206
229000857,0,81,-81
229000858,1,167,-166
229000919,6,70,-64
229000930,5,156,-151
229000937,49,22,27
229000966,37,33,4
229000981,23,37,-14
229000985,10,47,-37
229000986,2,3,-1
229000987,0,3,-3
229000988,1,20,-19
229000989,0,18,-18
229000990,0,9,-9
229000991,1,1,0
229000992,3,4,-1
229000993,183,30,153
229000998,22,61,-39
229000999,52,37,15
229001034,0,39,-39
229001035,1,1,0
229001036,3,68,-65
229001037,37,2,35
229001038,0,3,-3
229001039,1,0,1
229001040,0,106,-106
229001041,55,0,55
229001042,7,27,-20
229001047,5,74,-69
229001050,16,8,8
229001168,0,9,-9
229001200,5,3,2
229001338,8,35,-27
229001394,247,1,246
229001422,88,41,47
229001423,36,106,-70
229001431,44,36,8
229001432,37,77,-40
229001444,95,51,44
229001445,36,230,-194
229001479,4,4,0
229001503,112,95,17
229001504,72,210,-138
229001505,48,53,-5
229001506,44,169,-125
229001509,64,2,62
229001510,0,78,-78
229001545,57,12,45
229001546,3,90,-87
229001553,30,14,16
229001554,17,134,-117
229001630,71,13,58
229001631,27,37,-10
229001635,0,5,-5
229001636,0,0,0
229001658,1,64,-63
229001659,77,1,76
229001660,0,2,-2
229001661,0,29,-29
229001662,4,0,4
229001663,0,30,-30
229002584,171,169,2
229002831,207,123,84
229002841,4,24,-20
229002842,53,18,35
229002843,26,18,8
229002844,19,55,-36
229002845,4,85,-81
229002846,4,15,-11
229002847,41,10,31
229002848,10,10,0
229002849,0,74,-74
229002850,1,1,0
229002851,21,97,-76
229002852,42,36,6
229002853,33,24,9
229002854,18,40,-22
229002855,0,40,-40
229002856,11,25,-14
229002857,0,66,-66
229002858,2,6,-4
229002859,13,40,-27
229002860,24,67,-43
229002861,20,21,-1
229002862,12,35,-23
229002863,5,18,-13
229002864,16,48,-32
229002865,4,5,-1
229002866,12,23,-11
229002867,4,33,-29
229002868,8,8,0
229002869,6,150,-144
229002870,15,10,5
235000066,349,36,313
235000067,136,90,46
235000072,20,58,-38
235000073,111,267,-156
235000074,22,92,-70
235000080,14,99,-85
235000081,62,196,-134
235000082,57,65,-8
235000083,96,91,5
235000084,12,61,-49
235000085,87,49,38
235000089,18,28,-10
235000092,6,112,-106
235000093,1,1,0
235000097,4,7,-3
235000098,14,14,0
235000099,18,29,-11
235000116,39,13,26
235000117,575,6,569
235000133,16,232,-216
235000134,7,92,-85
235000206,9,0,9
235000207,1,0,1
235000208,4,0,4
235000209,32,14,18
235000210,6,1,5
235000212,0,15,-15
235000213,0,10,-10
235000220,1,5,-4
235000221,22,6,16
235000238,3,30,-27
235000239,0,3,-3
235000242,168,192,-24
235000245,1121,174,947
235000246,8,49,-41
235000284,5,120,-115
235000295,103,5,98
235000305,47,13,34
235000306,32,5,27
235000307,7,2,5
235000308,7,2,5
235000309,16,0,16
235000310,44,0,44
235000311,32,3,29
235000322,0,32,-32
235000323,0,70,-70
235000324,0,26,-26
235000325,0,7,-7
235000326,8,309,-301
235000351,8,61,-53
235000352,15,55,-40
235000353,1,35,-34
235000354,1,46,-45
235000355,17,57,-40
235000356,24,23,1
235000357,5,14,-9
235000358,30,19,11
235000359,2,10,-8
235000360,92,8,84
235000361,37,4,33
235000381,18,354,-336
235000382,96,47,49
235000390,10,1,9
235000391,70,21,49
235000392,54,118,-64
235000393,75,109,-34
235000395,42,30,12
235000396,166,33,133
235000400,155,33,122
235000401,15,309,-294
235000405,97,392,-295
235000406,43,322,-279
235000407,57,178,-121
235000409,195,193,2
235000410,52,183,-131
235000411,11,88,-77
235000485,0,14,-14
235000486,1,0,1
235000549,27,112,-85
235000550,35,260,-225
235000599,57,94,-37
235000600,6,12,-6
235000601,16,46,-30
235000602,46,112,-66
235000614,0,3,-3
235000648,2,18,-16
235000649,7,1,6
235000685,2,6,-4
235000815,5,24,-19
235000834,0,5,-5
235000855,15,68,-53
235000862,26,310,-284
235000891,0,13,-13
235000892,13,8,5
235000901,70,115,-45
235000907,4,11,-7
235001010,14,66,-52
235001029,766,381,385
235001030,381,159,222
235001078,89,68,21
235001079,68,141,-73
235001147,53,52,1
235001166,9,66,-57
235001167,19,88,-69
235001169,19,319,-300
235001188,1,6,-5
235001189,1,2,-1
235001197,62,9,53
235001200,24,24,0
235001208,58,13,45
235001209,13,24,-11
235001210,28,188,-160
235001239,0,32,-32
235001244,1,3,-2
235016267,0,18,-18
241900007,30,0,30
277101746,0,4,-4
277102712,39,23,16
277103813,0,0,0
277103814,0,0,0
277103898,0,4,-4
990011530,1,266,-265
990014944,2,638,-636
990015176,19,4,15
990015618,0,84,-84
990016032,2,426,-424
990032570,2,124,-122
990070001,45,1,44
990070103,0,1,-1
990070601,0,77,-77
990070751,181,1,180
990070766,1,1001,-1000
990071180,377,269,108
990071343,9,1,8
990071387,0,10,-10
990071823,319,2,317
990072600,2,759,-757
990072964,4,749,-745
990073285,0,1,-1
990074393,2,1462,-1460
990074870,394,4,390
990075106,224,2,222
990075746,168,2,166
990076437,315,2,313
990076458,2,1592,-1590
997000007,83,2,81
997000041,1,155,-154
997000058,20,0,20
997000062,6,0,6
997000069,0,11,-11
997000070,0,77,-77
997000100,3,0,3
997000141,5,1119,-1114
997000198,0,328,-328
998000475,1,15,-14
998000736,0,373,-373
998000965,0,11,-11
998001031,0,69,-69
998001700,0,16,-16
998001899,0,2,-2
998001900,4,1,3
998003073,1067,2,1065
998101900,0,0,0
998102850,1,112,-111
998501927,426,364,62
998501929,113,23,90
998501930,66,0,66
998501931,46,9,37
998501932,3,1,2
998501933,21,0,21
998501937,9,1,8
998501944,1,1,0
998501970,28,5,23
998501971,0,65,-65
998501972,397,3,394
998501973,0,96,-96
998501974,1,298,-297
998501975,150,37,113
998501976,19,2,17
998501977,2,17,-15
998501978,9,0,9
998501979,0,10,-10
998501980,158,2,156
998501981,14,4,10
998501982,0,159,-159
998502006,0,0,0
998502024,0,0,0
998502032,0,3,-3
998502062,25,3,22
998502063,0,0,0
998502173,7,0,7
998502269,0,2,-2
998601159,1,393,-392
998601292,0,24,-24
999033574,1,127,-126
999800001,18,2,16
999800002,0,4,-4
999800003,3,1,2
999800004,0,8,-8
999800005,1,8,-7
