ID,insum,outsum,diff
100000001,233,255,-22
100000002,88,96,-8
100000003,721,304,417
100000004,93,32,61
100000005,150,388,-238
100000006,3,1,2
100000007,4,2,2
100000008,3,67,-64
100000009,0,0,0
100000010,0,0,0
100000011,0,0,0
100000012,1,123,-122
100000013,0,34,-34
100000014,11,54,-43
100000015,9,8,1
100000016,90,214,-124
100000017,41,204,-163
100000018,143,104,39
100000019,854,347,507
100000020,28,20,8
100000021,823,209,614
100000022,70,69,1
100000023,667,90,577
100000025,889,309,580
100000028,392,321,71
100000029,57,68,-11
100000030,0,0,0
100000031,541,299,242
100000032,587,481,106
100000033,92,448,-356
100000034,479,362,117
100000035,59,65,-6
100000036,151,227,-76
100000037,2,0,2
100000038,5,2,3
100000039,12,3,9
100000040,6,0,6
100000041,0,2,-2
100000042,5,3,2
100000043,0,0,0
100000044,35,154,-119
100000045,61,248,-187
100000046,39,249,-210
100000047,36,295,-259
100000048,156,362,-206
100000049,287,688,-401
100000051,70,316,-246
100000053,3,0,3
100000054,5,2,3
100000055,82,135,-53
100000056,0,0,0
100000057,8,0,8
100000058,203,431,-228
100000059,2,30,-28
100000060,21,95,-74
100000061,113,130,-17
100000062,87,57,30
100000063,50,63,-13
100000064,78,111,-33
100000065,79,315,-236
100000066,49,219,-170
100000067,37,202,-165
100000068,113,270,-157
100000069,65,314,-249
100000072,48,132,-84
100000073,353,703,-350
100000075,93,184,-91
100000076,71,222,-151
100000077,0,0,0
100000078,0,0,0
100000079,0,0,0
100000080,0,0,0
100000081,0,0,0
100000102,78,144,-66
100000103,521,124,397
100000104,545,170,375
100000105,744,108,636
100000106,112,106,6
100000107,41,40,1
100000108,244,409,-165
100000109,1560,575,985
100000116,319,178,141
100000117,0,0,0
100000118,757,991,-234
100000119,50,406,-356
100000121,0,0,0
100000122,27,180,-153
100000123,730,845,-115
100000124,3046,1393,1653
100000125,503,34,469
100000126,52,30,22
100000127,113,17,96
100000128,211,224,-13
100000129,35,139,-104
100000130,0,0,0
100000131,1904,781,1123
100000132,448,96,352
100000133,5319,1660,3659
100000135,9,0,9
100000139,0,0,0
100000140,133,180,-47
100000142,0,0,0
100000143,230,432,-202
100000144,685,230,455
100000147,60,171,-111
100000150,0,72,-72
100000151,0,12,-12
100000153,0,0,0
100000154,6,97,-91
100000155,0,0,0
100000156,0,0,0
100000157,0,0,0
100000158,0,0,0
100000159,23,58,-35
100000165,277,172,105
100000169,0,0,0
100000174,16,15,1
100000179,0,0,0
100000180,1,42,-41
100000181,1,52,-51
100000188,2,4,-2
100000189,0,0,0
100000190,238,74,164
100000191,65,41,24
100000192,0,0,0
100000193,0,0,0
100000330,297,96,201
100000355,42,175,-133
100000362,1179,976,203
100000363,129,205,-76
100000364,32,44,-12
100000365,1550,1245,305
100000366,2750,1399,1351
100000367,825,1040,-215
100000368,739,746,-7
100000369,2,14,-12
100000370,3,25,-22
100000376,5,10,-5
100000379,220,164,56
100000380,411,587,-176
100000384,2193,908,1285
100000385,1293,985,308
100000386,1803,842,961
100000387,1840,832,1008
100000388,6055,1601,4454
100000389,4499,1027,3472
100000390,5647,1432,4215
100000391,3211,775,2436
100000392,1438,437,1001
100000393,323,241,82
100000394,1938,1360,578
100000395,888,302,586
100000396,1288,838,450
100000397,903,311,592
100000398,5546,3702,1844
100900002,0,0,0
100900003,0,0,0
100900004,4,153,-149
100900005,0,0,0
100900006,0,0,0
100900007,0,0,0
100900008,0,101,-101
100900009,0,0,0
100900010,0,0,0
100900011,0,0,0
100900012,0,40,-40
100900013,0,0,0
100900014,0,0,0
100900015,0,0,0
100900016,0,0,0
100900017,0,0,0
100900018,0,0,0
100900019,0,0,0
100900020,0,0,0
100900021,0,0,0
100900022,0,0,0
100900023,0,0,0
100900024,0,0,0
100900025,0,0,0
100900026,0,0,0
100900027,0,0,0
100900028,0,0,0
100900029,0,0,0
100900030,0,0,0
100900031,0,0,0
100900032,0,0,0
100900033,0,1,-1
100900034,0,0,0
100900035,0,0,0
100900036,0,0,0
100900037,0,0,0
100900038,0,0,0
100900039,14,62,-48
100900040,0,204,-204
100900041,0,80,-80
100900042,0,0,0
100900043,0,0,0
100900044,0,0,0
100900045,0,0,0
100900046,0,0,0
100900047,0,0,0
100900048,0,0,0
100900049,0,0,0
100900050,0,0,0
100900051,0,0,0
100900052,0,0,0
100900053,0,0,0
100900054,0,0,0
100900055,0,0,0
100900056,0,0,0
100900057,0,0,0
100900058,0,0,0
100900059,0,0,0
100900060,0,0,0
100900061,0,0,0
100900062,0,0,0
100900063,0,0,0
100900064,0,0,0
100900065,0,0,0
100900066,0,0,0
100900067,0,0,0
100900068,0,0,0
100900069,0,0,0
100900070,0,0,0
100900071,0,0,0
100900072,0,0,0
100900073,0,0,0
100900074,0,0,0
100900075,262,9,253
100900076,0,0,0
100900077,0,0,0
100900078,0,0,0
100900079,0,0,0
100900080,0,0,0
100900081,0,0,0
100900082,0,0,0
100900083,0,0,0
100900085,0,0,0
100900086,0,0,0
100900088,0,0,0
100900089,0,0,0
100900090,0,0,0
100900091,0,0,0
100900092,0,0,0
100900093,0,0,0
100900094,0,0,0
100900095,0,0,0
100900096,0,0,0
100900097,0,0,0
100900098,0,0,0
100900099,1,12,-11
100900100,0,0,0
100900101,0,0,0
100900102,0,0,0
100900103,0,0,0
100900104,0,2,-2
100900105,0,0,0
100900106,0,0,0
100900107,0,0,0
100900108,0,0,0
100900109,0,0,0
100900110,0,0,0
100900111,0,1,-1
100900112,0,0,0
100900113,0,0,0
100900114,0,0,0
100900115,0,0,0
100900116,0,0,0
100900117,0,0,0
100900118,0,0,0
100900119,0,0,0
100900120,0,0,0
100900121,0,0,0
100900122,12,7,5
100900123,0,0,0
100900124,0,0,0
100900125,0,0,0
100900126,0,0,0
100900127,0,0,0
100900128,1,5,-4
100900129,0,0,0
100900131,0,0,0
100900133,0,0,0
100900134,0,0,0
100900135,0,0,0
100900137,1,0,1
100900138,0,0,0
100900139,0,0,0
100900140,0,32,-32
100900141,0,0,0
100900142,0,0,0
100900143,4,0,4
100900144,0,0,0
100900145,0,0,0
100900146,0,0,0
100900147,0,0,0
100900148,1,99,-98
100900149,0,0,0
100900150,0,0,0
100900151,0,29,-29
100900152,0,0,0
100900153,0,0,0
100900154,0,0,0
100900155,0,0,0
100900156,0,0,0
100900157,0,0,0
100900158,76,17,59
100900159,0,0,0
100900160,0,0,0
100900161,0,0,0
100900162,0,0,0
100900163,4,4,0
100900164,0,0,0
100900165,0,0,0
100900166,0,0,0
100900167,0,0,0
100900168,0,0,0
100900169,21,173,-152
100900170,0,0,0
100900171,0,102,-102
100900172,0,0,0
100900173,0,55,-55
100900174,0,0,0
100900176,0,0,0
100900177,0,0,0
100900178,0,0,0
100900179,0,0,0
100900180,0,0,0
100900181,0,0,0
100900182,0,0,0
100900184,0,0,0
100900186,0,0,0
100900187,0,0,0
100900188,0,0,0
100900189,0,0,0
100900191,0,0,0
100900192,0,0,0
100900195,0,0,0
100900197,0,0,0
100900198,0,0,0
100900199,0,0,0
100900200,34,23,11
100900201,9,90,-81
100900202,0,0,0
100900203,0,0,0
100900204,0,0,0
100900205,0,0,0
100900206,0,0,0
100900207,0,0,0
100900210,5,55,-50
100900211,0,0,0
100900213,0,0,0
100900214,123,6,117
100900215,0,0,0
100900217,0,0,0
101000001,656,196,460
101000002,917,353,564
101000003,143,56,87
101000004,3286,338,2948
101000005,1065,404,661
101000006,1665,985,680
101000007,1883,1004,879
101000008,907,443,464
101000009,133,412,-279
101000010,100,156,-56
101000011,531,38,493
101000012,0,0,0
101000013,175,69,106
101000014,51,29,22
101000015,179,162,17
101000016,9,13,-4
101000017,119,114,5
101000018,553,607,-54
101000020,802,180,622
101000021,43,14,29
101000022,591,101,490
101000023,491,459,32
101000025,0,0,0
101000026,26,4,22
101000027,490,196,294
101000028,174,90,84
101000029,5,85,-80
101000030,197,15,182
101000031,45,2,43
101000032,443,413,30
101000033,764,381,383
101000034,536,310,226
101000035,291,48,243
101000036,262,116,146
101000037,469,74,395
101000039,444,218,226
101000040,1364,337,1027
101000041,745,138,607
101000042,19,99,-80
101000043,2115,465,1650
101000045,163,39,124
101000046,373,187,186
101000047,104,83,21
101000048,95,76,19
101000049,46,120,-74
101000050,274,97,177
101000051,1159,162,997
101000052,376,63,313
101000053,107,96,11
101000054,405,133,272
101000055,410,93,317
101000056,18,8,10
101000057,1280,167,1113
101000058,332,38,294
101000059,166,29,137
101000060,384,89,295
101000061,34,34,0
101000062,1190,115,1075
101000063,5,18,-13
101000064,418,104,314
101000065,10,20,-10
101000066,7,12,-5
101000067,204,165,39
101000068,65,54,11
101000069,144,34,110
101000070,837,494,343
101000071,818,183,635
101000072,476,429,47
101000073,79,46,33
101000074,2077,476,1601
101000075,4867,1090,3777
101000077,213,208,5
101000078,198,94,104
101000079,133,208,-75
101000080,565,332,233
101000081,170,163,7
101000082,580,273,307
101000083,135,101,34
101000084,341,272,69
101000085,79,10,69
101000086,551,318,233
101000087,257,263,-6
101000088,38,23,15
101000089,28,45,-17
101000090,704,280,424
101000091,44,142,-98
101000092,285,114,171
101000093,169,35,134
101000094,204,364,-160
101000095,75,261,-186
101000096,10,40,-30
101000097,36,81,-45
101000098,10,33,-23
101000099,292,132,160
101000100,246,174,72
101000101,3,29,-26
101000102,182,69,113
101000103,132,81,51
101000104,41,55,-14
101000105,0,0,0
101000106,42,33,9
101000107,13,37,-24
101000108,3,0,3
101000109,4,5,-1
101000110,0,4,-4
101000111,42,39,3
101000113,0,2,-2
101000114,637,282,355
101000115,2,11,-9
101000116,1,9,-8
101000117,2,16,-14
101000119,35,6,29
101000120,70,5,65
101000121,41,5,36
101000122,17,23,-6
101000123,15,13,2
101000124,313,190,123
101000125,59,167,-108
101000128,167,89,78
101000130,223,66,157
101000131,56,38,18
101000132,91,402,-311
101000135,70,7,63
101000136,132,61,71
101000137,6,30,-24
101000141,238,134,104
101000147,204,178,26
101000148,239,2,237
101000149,4,0,4
101000150,0,4,-4
101000151,4,15,-11
101000152,38,58,-20
101000153,48,34,14
101000154,12,229,-217
101000155,34,46,-12
101000156,8,79,-71
101000157,0,0,0
101000160,0,9,-9
101000163,0,0,0
101000164,58,108,-50
101000165,125,78,47
101000166,14,18,-4
101000168,49,57,-8
101000252,77,152,-75
101000254,348,17,331
101000258,0,0,0
101000261,0,0,0
101000262,38,102,-64
101000263,9,15,-6
101000265,20,112,-92
101000266,79,62,17
101000269,208,30,178
101000290,160,31,129
101000293,1,16,-15
101000294,161,99,62
101000295,14,63,-49
101000301,160,34,126
101000304,701,1026,-325
101000305,409,461,-52
101900001,0,2,-2
101900002,0,1,-1
101900003,1,5,-4
101900004,0,0,0
101900005,447,42,405
101900006,0,0,0
101900007,0,0,0
101900008,0,0,0
101900009,0,0,0
101900010,0,0,0
101900011,0,0,0
101900012,0,0,0
101900013,56,0,56
101900017,0,0,0
101900018,0,0,0
101900019,0,0,0
101900020,0,1,-1
101900021,0,0,0
101900022,0,0,0
101900023,0,1,-1
102000001,342,631,-289
102000002,184,158,26
102000003,1516,880,636
102000004,1303,318,985
102000005,431,565,-134
102000006,270,210,60
102000007,635,1040,-405
102000008,916,254,662
102000009,1367,1440,-73
102000010,1495,744,751
102000011,703,671,32
102000012,502,533,-31
102000018,321,46,275
102000019,45,39,6
102000026,0,0,0
102000029,0,0,0
102000030,10,28,-18
102000031,0,0,0
102000032,13,42,-29
102000033,3,10,-7
102000034,66,36,30
102000035,0,0,0
102000036,0,0,0
102000037,14,4,10
102000038,1,4,-3
102000039,0,0,0
102000040,15,7,8
102000041,0,0,0
102000042,0,0,0
102000043,16,12,4
102000044,0,0,0
102000045,66,64,2
102000046,61,13,48
102000047,28,118,-90
102000048,8,28,-20
102000049,29,22,7
102000050,48,127,-79
102000051,27,32,-5
102000052,88,122,-34
102000053,51,47,4
102000054,56,182,-126
102000055,186,215,-29
102000056,46,166,-120
102000057,146,62,84
102000058,235,270,-35
102000059,224,386,-162
102000060,51,67,-16
102000061,201,627,-426
102000062,55,89,-34
102000063,262,326,-64
102000064,92,143,-51
102000065,17,39,-22
102000066,397,313,84
102000067,550,576,-26
102000068,929,429,500
102000069,0,0,0
102000070,287,15,272
102000071,1682,2085,-403
102000072,897,1517,-620
102000073,12,203,-191
102000074,49,287,-238
102000075,4,86,-82
102000076,14,229,-215
102000077,33,432,-399
102000078,74,585,-511
102000079,16,96,-80
102000080,55,93,-38
102000081,57,303,-246
102000082,116,110,6
102000083,40,169,-129
102000084,0,0,0
102000085,143,185,-42
102000086,73,80,-7
102000087,114,302,-188
102000088,16,8,8
102000089,0,0,0
102000090,108,148,-40
102000091,426,117,309
102000092,234,145,89
102000093,57,157,-100
102000094,0,0,0
102000095,135,587,-452
102000096,0,0,0
102000097,709,657,52
102000098,20,68,-48
102000099,261,110,151
102000100,25,15,10
102000101,118,30,88
102000102,74,8,66
102000103,225,50,175
102000104,151,62,89
102000105,27,127,-100
102000106,25,175,-150
102000107,0,0,0
102000108,67,104,-37
102000109,0,0,0
102000110,0,0,0
102000111,0,0,0
102000112,17,26,-9
102000113,0,0,0
102000114,0,0,0
102000115,45,20,25
102000116,5,22,-17
102000117,13,107,-94
102000118,48,184,-136
102000119,582,85,497
102000120,9,6,3
102000121,48,97,-49
102000122,25,7,18
102000123,130,86,44
102000124,121,17,104
102000125,70,47,23
102000126,43,26,17
102000127,107,46,61
102000128,58,56,2
102000129,59,66,-7
102000130,37,52,-15
102000131,85,43,42
102000132,36,45,-9
102000133,150,537,-387
102000134,57,83,-26
102000135,0,0,0
102000136,29,22,7
102000137,59,32,27
102000138,0,0,0
102000139,0,0,0
102000140,15,17,-2
102000141,13,23,-10
102000142,4,20,-16
102000143,14,32,-18
102000144,8,51,-43
102000145,8,27,-19
102000146,0,0,0
102000147,13,29,-16
102000148,0,0,0
102000149,7,2,5
102000150,0,3,-3
102000151,0,0,0
102000152,0,0,0
102000153,0,0,0
102000154,15,25,-10
102000155,19,17,2
102000156,48,11,37
102000157,3,11,-8
102000158,23,9,14
102000159,151,9,142
102000161,933,235,698
102000162,49,45,4
102000163,0,0,0
102000164,1,0,1
102000165,116,46,70
102000166,4,21,-17
102000167,44,123,-79
102000168,44,37,7
102000169,50,86,-36
102000170,385,90,295
102000171,17,33,-16
102000172,10,43,-33
102000173,71,37,34
102000174,12,27,-15
102000175,1,1,0
102000176,1,0,1
102000178,47,106,-59
102000179,5,40,-35
102000180,44,107,-63
102000181,8,149,-141
102000182,67,184,-117
102000183,150,285,-135
102000184,157,448,-291
102000185,69,220,-151
102000186,124,662,-538
102000187,100,570,-470
102000188,18,218,-200
102000189,1068,218,850
102000190,170,366,-196
102000191,208,37,171
102000192,175,277,-102
102000193,0,0,0
102000194,0,0,0
102000195,12,54,-42
102000196,0,0,0
102000197,11,64,-53
102000198,0,0,0
102000199,13,50,-37
102000200,0,0,0
102000201,31,59,-28
102000202,0,0,0
102000203,26,92,-66
102000204,7,14,-7
102000205,14,18,-4
102000206,97,152,-55
102000207,6,8,-2
102000208,18,110,-92
102000209,1,7,-6
102000210,0,182,-182
102000211,7,96,-89
102000212,0,0,0
102000213,0,49,-49
102000214,0,0,0
102000215,2,86,-84
102000216,0,0,0
102000217,0,42,-42
102000218,0,0,0
102000219,37,40,-3
102000225,0,0,0
102000226,27,9,18
102000227,0,0,0
102000228,0,14,-14
102000229,6,12,-6
102000230,17,68,-51
102000231,17,14,3
102000232,0,0,0
102000233,29,29,0
102000234,0,0,0
102000236,9,1,8
102000237,10,11,-1
102000238,3,7,-4
102000240,178,344,-166
102000241,32,13,19
102000243,0,0,0
102000245,13,30,-17
102000246,0,0,0
102000247,39,136,-97
102000248,42,112,-70
102000249,13,48,-35
102000250,4,122,-118
102000254,0,0,0
102000266,0,5,-5
102000271,0,0,0
102000286,0,0,0
102000297,42,19,23
102000299,0,0,0
102000301,0,0,0
102000302,0,0,0
102000303,0,0,0
102000304,0,0,0
102000305,0,0,0
102000306,0,0,0
102000307,0,5,-5
102000308,0,6,-6
102900001,0,0,0
102900002,0,0,0
102900003,0,30,-30
102900005,0,0,0
102900006,0,0,0
102900007,0,0,0
102900008,0,0,0
102900009,0,0,0
102900010,0,0,0
102900011,0,0,0
102900012,0,0,0
102900013,0,0,0
102900015,0,0,0
102900016,0,0,0
102900017,0,0,0
102900018,0,0,0
102900019,0,0,0
102900020,0,0,0
102900021,0,0,0
102900022,24,7,17
102900023,0,0,0
102900024,0,0,0
102900025,0,0,0
102900026,0,0,0
102900027,0,0,0
102900028,0,0,0
102900029,0,0,0
102900030,0,0,0
102900031,0,0,0
102900032,0,17,-17
102900033,0,0,0
102900034,0,0,0
102900035,1,45,-44
102900036,0,0,0
102900037,0,0,0
102900038,0,0,0
102900039,0,0,0
102900040,0,0,0
102900041,0,0,0
102900042,0,0,0
102900043,0,0,0
102900044,0,0,0
102900045,0,0,0
102900046,0,0,0
102900047,0,0,0
102900048,0,0,0
102900049,0,0,0
102900050,0,0,0
102900051,0,0,0
102900052,0,0,0
102900053,0,0,0
102900054,0,0,0
102900055,0,0,0
102900056,0,0,0
102900057,0,0,0
102900058,0,0,0
102900059,0,0,0
102900060,0,0,0
102900061,0,0,0
102900062,0,0,0
102900063,0,0,0
102900064,0,0,0
102900065,0,0,0
102900066,0,0,0
102900068,0,0,0
102900070,4,50,-46
102900072,1,9,-8
102900073,5,0,5
102900074,0,0,0
102900075,0,0,0
102900076,0,0,0
102900077,0,0,0
102900078,0,0,0
102900079,0,0,0
102900080,0,0,0
102900081,0,0,0
102900082,0,0,0
102900083,0,0,0
102900084,0,0,0
102900085,0,0,0
102900086,0,0,0
102900087,0,0,0
102900088,0,0,0
102900089,0,0,0
102900090,0,98,-98
102900091,2,0,2
102900092,15,190,-175
102900093,0,0,0
102900094,0,0,0
102900095,0,0,0
102900096,2,1,1
102900097,4,17,-13
103000001,647,597,50
103000002,234,392,-158
103000003,700,546,154
103000004,182,182,0
103000005,111,126,-15
103000006,41,90,-49
103000007,19,59,-40
103000008,117,301,-184
103000009,25,13,12
103000010,3,7,-4
103000011,359,308,51
103000012,152,104,48
103000013,2536,585,1951
103000014,22,60,-38
103000015,703,267,436
103000016,49,24,25
103000017,0,0,0
103000018,0,0,0
103000019,0,0,0
103000020,231,486,-255
103000021,40,21,19
103000022,200,388,-188
103000023,13,32,-19
103000024,0,0,0
103000025,0,0,0
103000026,0,0,0
103000027,0,0,0
103000028,0,0,0
103000029,32,5,27
103000030,941,157,784
103000031,92,69,23
103000032,399,405,-6
103000033,182,69,113
103000034,779,340,439
103000035,131,109,22
103000036,84,54,30
103000037,275,182,93
103000038,109,78,31
103000039,29,114,-85
103000040,20,76,-56
103000041,365,815,-450
103000042,198,244,-46
103000043,13,89,-76
103000044,17,11,6
103000046,68,30,38
103000047,5,3,2
103000048,5,12,-7
103000049,1,0,1
103000050,14,21,-7
103000051,18,26,-8
103000052,27,7,20
103000053,9,23,-14
103000054,466,157,309
103000055,80,65,15
103000056,79,232,-153
103000057,66,65,1
103000058,71,169,-98
103000059,35,81,-46
103000060,251,282,-31
103000061,39,42,-3
103000062,183,203,-20
103000063,66,72,-6
103000064,68,110,-42
103000065,0,0,0
103000066,1,2,-1
103000069,3,2,1
103000070,60,308,-248
103000071,64,23,41
103000072,27,282,-255
103000073,0,0,0
103000074,0,0,0
103000075,40,299,-259
103000076,2,0,2
103000077,11,125,-114
103000078,7,1,6
103000079,253,45,208
103000080,7,3,4
103000081,56,130,-74
103000082,0,0,0
103000083,7,109,-102
103000084,0,0,0
103000085,0,14,-14
103000086,25,26,-1
103000087,23,124,-101
103000088,74,87,-13
103000089,8,16,-8
103000090,285,199,86
103000091,75,77,-2
103000092,10,7,3
103000093,44,153,-109
103000094,6,13,-7
103000095,3,85,-82
103000096,13,4,9
103000097,11,123,-112
103000098,0,0,0
103000099,18,107,-89
103000100,11,273,-262
103000101,0,0,0
103000102,15,247,-232
103000103,0,28,-28
103000104,5,59,-54
103000105,0,10,-10
103000106,0,68,-68
103000107,9,13,-4
103000108,49,86,-37
103000109,85,64,21
103000110,181,78,103
103000111,172,75,97
103000112,9,24,-15
103000113,57,164,-107
103000114,11,32,-21
103000115,32,63,-31
103000116,27,52,-25
103000117,9,65,-56
103000118,191,315,-124
103000119,700,211,489
103000120,10,35,-25
103000121,38,91,-53
103000122,8,12,-4
103000125,0,0,0
103000126,0,0,0
103000127,0,0,0
103000128,1,0,1
103000129,0,0,0
103000130,0,0,0
103000131,0,0,0
103000132,4,4,0
103000133,0,0,0
103000134,127,75,52
103000135,247,32,215
103000136,147,99,48
103000137,120,100,20
103000138,253,88,165
103000139,1,17,-16
103000140,0,0,0
103000141,5,14,-9
103000142,0,0,0
103000143,3,67,-64
103000144,0,0,0
103000145,0,0,0
103000150,4,2,2
103000152,41,51,-10
103000153,5,15,-10
103000156,0,0,0
103000157,4,0,4
103000159,6,47,-41
103000162,0,0,0
103000163,0,0,0
103000164,0,0,0
103000165,0,2,-2
103000166,0,0,0
103000167,6,11,-5
103000168,13,25,-12
103000169,0,0,0
103000170,98,80,18
103000171,0,0,0
103000172,3,73,-70
103000173,31,176,-145
103000174,9,8,1
103000175,99,348,-249
103000176,41,9,32
103000177,294,123,171
103000178,219,148,71
103000179,3,0,3
103000183,0,16,-16
103000185,0,20,-20
103000186,0,0,0
103000187,44,185,-141
103000188,0,38,-38
103000189,113,368,-255
103000191,41,69,-28
103000292,401,13,388
103000293,0,0,0
103000295,0,0,0
103000296,0,0,0
103000297,0,0,0
103000504,0,0,0
103000505,0,0,0
103000506,0,0,0
103000507,7,0,7
103000508,5,8,-3
103000509,29,148,-119
103900001,0,0,0
103900002,0,0,0
103900003,0,6,-6
103900004,0,0,0
103900005,0,0,0
103900006,0,0,0
103900007,0,0,0
103900008,0,0,0
103900009,2,71,-69
103900010,6,52,-46
103900011,7,67,-60
103900012,0,0,0
103900013,2,16,-14
103900014,0,0,0
103900015,0,0,0
103900016,26,54,-28
103900017,2,22,-20
103900018,79,6,73
103900019,0,0,0
103900020,0,0,0
103900021,0,0,0
103900022,1,74,-73
103900023,0,0,0
103900024,0,0,0
103900025,0,0,0
103900026,0,0,0
103900027,0,0,0
103900028,1,37,-36
103900029,8,22,-14
103900030,0,0,0
103900031,0,0,0
103900032,0,0,0
103900033,0,0,0
103900034,0,37,-37
103900035,0,2,-2
103900036,0,0,0
103900037,0,0,0
103900038,0,0,0
103900039,3,123,-120
103900040,0,5,-5
103900041,0,0,0
103900042,3,156,-153
103900043,0,0,0
103900044,0,0,0
103900045,0,0,0
103900047,1,14,-13
103900048,0,0,0
103900049,0,0,0
103900050,0,24,-24
103900051,0,10,-10
103900052,1,41,-40
103900053,3,148,-145
103900054,0,1,-1
103900055,10,7,3
103900056,0,5,-5
103900057,0,10,-10
103900058,3,97,-94
103900059,0,0,0
103900060,0,0,0
103900061,0,0,0
103900062,3,11,-8
103900063,0,0,0
103900064,0,0,0
103900065,113,42,71
103900066,0,0,0
103900067,0,0,0
103900068,0,0,0
103900069,0,0,0
103900070,0,0,0
103900071,4,24,-20
103900072,1,73,-72
103900073,0,0,0
103900074,0,0,0
103900075,0,0,0
103900076,5,28,-23
103900077,0,0,0
103900078,0,0,0
103900079,0,0,0
103900080,0,0,0
103900081,0,0,0
103900082,0,0,0
103900083,0,0,0
103900084,0,0,0
103900085,1,0,1
103900086,0,0,0
103900087,0,0,0
103900088,0,0,0
103900089,0,1,-1
103900090,0,0,0
103900091,0,0,0
103900092,3,30,-27
103900093,1,17,-16
103900094,0,1,-1
103900095,4,7,-3
103900096,0,13,-13
103900097,0,2,-2
103900098,8,3,5
103900099,0,6,-6
103900100,7,47,-40
103900101,0,5,-5
103900102,0,0,0
103900104,0,0,0
103900105,10,6,4
103900106,0,0,0
103900107,0,0,0
103900108,9,160,-151
103900109,0,0,0
103900110,13,10,3
103900111,1,137,-136
103900112,0,0,0
103900113,7,2,5
103900114,22,18,4
103900115,23,5,18
103900116,358,8,350
103900117,57,18,39
103900119,0,0,0
103900120,0,0,0
103900122,0,119,-119
103900123,33,35,-2
103900124,1,26,-25
103900125,2,6,-4
103900126,0,0,0
103900127,3,91,-88
103900128,0,48,-48
103900131,0,17,-17
103900133,0,0,0
103900134,0,0,0
103900135,0,0,0
103900137,0,0,0
103900138,0,0,0
103900139,0,44,-44
103900140,0,0,0
103900141,0,0,0
103900142,0,0,0
103900143,0,0,0
103900144,0,0,0
103900145,0,0,0
103900146,0,0,0
103900147,10,10,0
103900148,5,54,-49
103900149,0,0,0
103900150,1,82,-81
103900151,0,0,0
103900152,0,22,-22
103900153,0,0,0
103900154,99,12,87
103900155,0,0,0
103900156,0,0,0
103900157,0,0,0
103900158,0,0,0
103900159,0,0,0
103900160,0,0,0
103900161,0,0,0
103900162,19,23,-4
103900163,0,1,-1
103900164,0,0,0
103900167,0,0,0
103900168,0,0,0
103900169,0,0,0
103900170,0,0,0
103900171,0,0,0
103900172,0,0,0
103900173,0,0,0
103900174,0,0,0
103900175,0,0,0
103900176,0,0,0
103900177,0,1,-1
103900178,0,0,0
103900179,0,1,-1
103900180,0,3,-3
103900181,0,0,0
103900182,0,0,0
103900184,0,0,0
103900185,0,0,0
103900187,3,1,2
103900188,3,0,3
103900189,10,1,9
103900190,0,0,0
103900191,0,0,0
103900192,0,0,0
103900193,0,0,0
103900194,0,0,0
103900195,0,0,0
103900196,0,0,0
103900197,0,0,0
103900198,0,0,0
103900199,4,4,0
103900200,0,3,-3
103900201,3,5,-2
103900202,0,0,0
103900203,0,1,-1
103900204,0,0,0
103900207,0,0,0
103900208,0,0,0
103900209,0,0,0
103900210,2,3,-1
103900211,1,4,-3
103900212,0,92,-92
103900213,36,186,-150
103900214,29,14,15
103900215,724,131,593
103900216,1,119,-118
103900217,0,0,0
103900218,0,0,0
103900219,0,0,0
103900233,0,0,0
103900235,0,0,0
103900236,0,0,0
103900242,0,0,0
103900243,0,0,0
103900244,0,0,0
103900245,0,0,0
103900246,2,0,2
103900247,0,0,0
103900248,0,0,0
103900249,0,0,0
103900250,0,0,0
103900251,0,0,0
103900253,0,0,0
103900254,0,0,0
103900255,0,0,0
103900256,0,0,0
103900257,0,0,0
103900258,0,0,0
103900259,0,0,0
103900261,0,0,0
103900262,0,0,0
103900263,0,0,0
103900264,0,0,0
103900265,0,0,0
103900266,0,0,0
103900267,0,10,-10
103900268,0,0,0
103900269,0,1,-1
103900270,0,0,0
104000001,489,451,38
104000002,481,746,-265
104000003,578,609,-31
104000004,1502,711,791
104000005,103,383,-280
104000006,537,950,-413
104000007,990,946,44
104000008,271,436,-165
104000009,13,61,-48
104000010,0,0,0
104000011,365,390,-25
104000012,40,281,-241
104000013,0,0,0
104000014,81,456,-375
104000015,0,0,0
104000016,81,221,-140
104000018,55,10,45
104000019,30,3,27
104000020,0,7,-7
104000021,15,23,-8
104000022,6,6,0
104000023,71,51,20
104000024,7,15,-8
104000026,2,3,-1
104000027,81,273,-192
104000028,66,33,33
104000029,109,387,-278
104000030,23,38,-15
104000031,12,6,6
104000032,25,264,-239
104000033,8,14,-6
104000034,69,305,-236
104000035,17,17,0
104000036,12,30,-18
104000037,51,212,-161
104000038,76,75,1
104000039,5,31,-26
104000040,26,28,-2
104000041,77,35,42
104000042,30,77,-47
104000043,65,64,1
104000044,70,144,-74
104000045,89,181,-92
104000046,166,179,-13
104000047,20,34,-14
104000048,63,97,-34
104000049,11,23,-12
104000050,0,30,-30
104000051,26,255,-229
104000052,190,523,-333
104000053,142,158,-16
104000054,43,136,-93
104000055,836,346,490
104000056,48,16,32
104000057,13,188,-175
104000058,205,207,-2
104000059,27,362,-335
104000060,82,261,-179
104000061,102,169,-67
104000062,0,0,0
104000064,74,22,52
104000065,2,31,-29
104000069,288,64,224
104000070,1,4,-3
104000071,30,96,-66
104000072,0,0,0
104000075,0,0,0
104000076,0,0,0
104000082,377,688,-311
104000083,82,39,43
104000084,20,134,-114
104000085,8,33,-25
104000086,71,92,-21
104000087,27,55,-28
104000090,48,359,-311
104000092,63,632,-569
104000094,59,400,-341
104000095,448,499,-51
104000096,0,79,-79
104000097,0,0,0
104000098,0,0,0
104000100,0,0,0
104000101,160,240,-80
104000106,4,35,-31
104000107,83,204,-121
104000108,60,91,-31
104000109,0,0,0
104000110,153,117,36
104000111,213,210,3
104000112,278,52,226
104000116,2,674,-672
104000117,6,261,-255
104000118,15,37,-22
104000119,8,50,-42
104000120,7,228,-221
104000121,11,72,-61
104000122,73,138,-65
104000123,153,187,-34
104000124,527,419,108
104000125,995,265,730
104000126,40,117,-77
104000127,479,878,-399
104000128,45,117,-72
104000129,28,8,20
104000130,4,99,-95
104000131,808,403,405
104000132,415,580,-165
104000133,312,207,105
104000134,218,166,52
104000135,116,129,-13
104000136,428,331,97
104000137,978,93,885
104000138,616,112,504
104000139,3169,562,2607
104000141,287,467,-180
104000142,110,392,-282
104000143,117,447,-330
104000144,0,0,0
104000145,0,0,0
104000146,202,550,-348
104000147,75,187,-112
104000148,0,0,0
104000149,43,239,-196
104000150,0,0,0
104000151,146,356,-210
104000152,61,545,-484
104000153,0,0,0
104000154,402,345,57
104000155,0,0,0
104000157,185,396,-211
104000158,99,49,50
104000159,94,48,46
104000160,581,192,389
104000161,0,0,0
104000162,0,0,0
104000165,0,0,0
104000167,24,89,-65
104000168,0,0,0
104000169,0,0,0
104000170,359,85,274
104000248,0,131,-131
104000251,19,100,-81
104000272,9,0,9
104000273,16,3,13
104000274,2,3,-1
104000275,9,1,8
104000279,177,77,100
104000290,25,110,-85
104000291,83,133,-50
104000293,15,28,-13
104000294,0,0,0
104000295,84,334,-250
104000296,51,110,-59
104000297,389,524,-135
104000298,425,149,276
104000299,106,382,-276
104900001,0,0,0
104900002,0,0,0
104900003,0,0,0
104900004,0,0,0
104900005,2,8,-6
104900006,0,0,0
104900007,2,12,-10
104900009,0,0,0
104900010,0,0,0
104900011,0,0,0
104900012,0,0,0
104900013,0,0,0
104900014,0,0,0
104900015,0,0,0
104900016,0,0,0
104900017,0,0,0
104900018,0,0,0
104900019,0,0,0
104900020,0,0,0
104900021,0,0,0
104900022,1,10,-9
104900023,0,0,0
104900024,0,2,-2
104900025,0,0,0
104900026,0,0,0
104900027,0,0,0
104900028,1,2,-1
104900029,0,0,0
104900030,0,0,0
104900031,5,1,4
104900032,0,0,0
104900033,0,0,0
104900034,0,0,0
104900035,0,0,0
104900036,0,0,0
104900037,0,0,0
104900038,0,0,0
104900039,0,0,0
104900040,0,0,0
104900041,0,0,0
104900042,0,0,0
104900043,0,0,0
104900044,0,0,0
104900045,0,0,0
104900046,0,0,0
104900047,0,0,0
104900048,0,0,0
104900049,0,0,0
104900050,0,0,0
104900051,0,0,0
104900052,0,0,0
104900053,0,0,0
104900054,0,0,0
104900055,0,0,0
104900056,0,0,0
104900057,0,0,0
104900058,0,0,0
104900059,0,0,0
104900060,0,2,-2
104900061,0,0,0
104900063,0,0,0
104900064,0,0,0
104900065,0,1,-1
104900066,0,0,0
104900067,0,1,-1
104900068,0,0,0
104900070,0,0,0
104900071,0,148,-148
104900072,0,0,0
104900073,0,0,0
104900074,0,0,0
104900075,0,0,0
104900076,0,0,0
104900077,0,0,0
104900078,0,0,0
104900079,0,0,0
104900080,0,0,0
104900082,0,0,0
104900085,0,0,0
104900087,0,0,0
104900089,0,0,0
104900090,0,0,0
104900091,0,0,0
104900093,0,0,0
104900097,0,0,0
104900098,0,0,0
104900099,0,0,0
104900100,0,0,0
104900102,0,0,0
104900103,0,0,0
104900104,0,0,0
104900106,0,0,0
104900107,0,0,0
104900108,0,0,0
104900109,0,0,0
104900110,0,0,0
104900111,0,0,0
104900112,0,0,0
104900113,11,15,-4
104900114,0,0,0
104900115,3,29,-26
104900116,0,0,0
104900118,0,0,0
104900119,0,0,0
104900120,0,0,0
104900121,0,0,0
104900122,0,0,0
104900123,0,0,0
104900124,0,0,0
104900125,1,1,0
104900126,0,0,0
104900127,0,0,0
104900128,0,0,0
104900129,0,0,0
105000001,471,585,-114
105000002,175,439,-264
105000003,328,662,-334
105000004,90,279,-189
105000005,129,310,-181
105000006,67,194,-127
105000007,43,206,-163
105000008,43,379,-336
105000009,158,313,-155
105000010,916,1247,-331
105000011,263,248,15
105000012,1499,2018,-519
105000013,215,192,23
105000014,210,174,36
105000015,1395,544,851
105000016,1709,610,1099
105000017,295,229,66
105000018,81,196,-115
105000019,23,10,13
105000020,15,105,-90
105000021,11,7,4
105000022,0,0,0
105000023,0,0,0
105000028,9,27,-18
105000029,79,168,-89
105000030,1262,1829,-567
105000033,382,1296,-914
105000034,0,2,-2
105000037,41,58,-17
105000038,80,97,-17
105000039,1553,1780,-227
105000040,25,58,-33
105000041,219,1097,-878
105000042,191,71,120
105000043,1100,2042,-942
105000044,23,26,-3
105000045,78,625,-547
105000046,39,17,22
105000047,135,771,-636
105000048,3,5,-2
105000049,103,329,-226
105000050,0,0,0
105000051,94,188,-94
105000052,5,73,-68
105000053,37,85,-48
105000054,8,103,-95
105000055,10,81,-71
105000056,22,291,-269
105000057,125,280,-155
105000058,170,272,-102
105000059,27,71,-44
105000060,50,233,-183
105000061,12,39,-27
105000062,178,378,-200
105000063,49,219,-170
105000064,33,84,-51
105000065,57,277,-220
105000066,136,481,-345
105000067,88,63,25
105000068,143,167,-24
105000069,304,132,172
105000070,48,80,-32
105000071,0,0,0
105000072,0,0,0
105000073,37,3,34
105000074,180,327,-147
105000075,106,197,-91
105000076,324,322,2
105000077,671,203,468
105000078,204,157,47
105000079,520,824,-304
105000080,86,61,25
105000081,255,240,15
105000082,30,85,-55
105000083,23,34,-11
105000084,101,320,-219
105000085,72,59,13
105000086,119,238,-119
105000087,693,586,107
105000088,39,12,27
105000089,1240,1327,-87
105000090,420,566,-146
105000091,935,1167,-232
105000092,181,422,-241
105000093,7,56,-49
105000094,17,8,9
105000095,1,73,-72
105000096,7,2,5
105000097,107,145,-38
105000098,0,0,0
105000099,76,217,-141
105000100,204,185,19
105000101,188,384,-196
105000102,323,278,45
105000103,127,447,-320
105000104,147,191,-44
105000105,32,375,-343
105000106,187,446,-259
105000107,76,54,22
105000108,166,95,71
105000109,154,422,-268
105000110,38,32,6
105000111,23,55,-32
105000112,235,48,187
105000113,13,47,-34
105000114,0,0,0
105000115,13,37,-24
105000116,2,15,-13
105000117,71,204,-133
105000118,4,10,-6
105000119,111,282,-171
105000120,4,4,0
105000121,168,271,-103
105000122,12,138,-126
105000123,153,291,-138
105000124,104,230,-126
105000125,71,455,-384
105000126,207,531,-324
105000127,169,373,-204
105000128,32,348,-316
105000129,53,79,-26
105000130,0,1,-1
105000131,112,104,8
105000132,0,0,0
105000133,106,467,-361
105000134,0,0,0
105000135,56,228,-172
105000136,6,37,-31
105000137,37,56,-19
105000138,14,42,-28
105000139,179,300,-121
105000140,0,0,0
105000141,33,157,-124
105000142,0,0,0
105000143,43,230,-187
105000144,72,301,-229
105000145,0,0,0
105000146,113,336,-223
105000147,0,0,0
105000148,0,0,0
105000149,0,0,0
105000150,509,472,37
105000151,16,26,-10
105000152,7,210,-203
105000153,37,41,-4
105000154,25,255,-230
105000155,8,56,-48
105000156,54,241,-187
105000157,111,586,-475
105000158,106,113,-7
105000159,37,440,-403
105000160,44,63,-19
105000161,83,591,-508
105000162,18,64,-46
105000163,159,252,-93
105000164,106,53,53
105000165,96,177,-81
105000166,1904,47,1857
105000167,314,272,42
105000168,10,308,-298
105000169,68,229,-161
105000170,0,0,0
105000171,107,23,84
105000172,0,0,0
105000173,0,0,0
105000174,0,0,0
105000175,3,55,-52
105000176,8,17,-9
105000177,1,30,-29
105000178,0,0,0
105000179,16,31,-15
105000180,3,33,-30
105000181,0,0,0
105000182,7,14,-7
105000183,22,3,19
105000184,545,467,78
105000185,225,153,72
105000186,78,697,-619
105000187,80,50,30
105000188,5,25,-20
105000189,26,345,-319
105000190,0,0,0
105000191,114,286,-172
105000192,16,65,-49
105000193,33,80,-47
105000194,58,45,13
105000195,39,310,-271
105000196,6,33,-27
105000197,31,169,-138
105000198,195,95,100
105000199,49,45,4
105000200,3,54,-51
105000201,5,12,-7
105000203,1,34,-33
105000204,35,28,7
105000205,13,22,-9
105000207,290,150,140
105000208,0,0,0
105000209,58,219,-161
105000212,111,267,-156
105000213,0,0,0
105000214,0,0,0
105000215,4,76,-72
105000216,60,269,-209
105000217,32,204,-172
105000218,23,202,-179
105000221,9,43,-34
105000222,1,5,-4
105000223,13,29,-16
105000226,0,0,0
105000227,0,0,0
105000228,8,104,-96
105000229,0,0,0
105000231,0,0,0
105000233,60,24,36
105000234,234,941,-707
105000235,8,27,-19
105000237,0,0,0
105000243,0,2,-2
105000248,49,45,4
105000262,21,281,-260
105000269,6,17,-11
105000270,10,35,-25
105000271,0,23,-23
105000282,7,9,-2
105000287,5,2,3
105000288,17,74,-57
105000289,111,242,-131
105000290,0,0,0
105000402,600,243,357
105000426,48,47,1
105000438,143,127,16
105000446,2352,1327,1025
105000447,2606,839,1767
105000454,3,21,-18
105000455,0,0,0
105000474,0,0,0
105000477,0,1,-1
105000478,100,155,-55
105000479,7,27,-20
105000480,267,439,-172
105000481,480,518,-38
105000482,1528,1240,288
105000483,311,485,-174
105000484,485,1068,-583
105000485,653,738,-85
105000486,996,1045,-49
105000488,842,1060,-218
105000489,47,106,-59
105000549,0,0,0
105000550,95,422,-327
105000551,0,0,0
105000552,1733,801,932
105900001,0,0,0
105900002,3,17,-14
105900003,0,12,-12
105900004,81,18,63
105900005,1,50,-49
105900006,0,0,0
105900007,0,0,0
105900008,3,169,-166
105900009,0,0,0
105900011,0,0,0
105900012,0,0,0
105900013,0,0,0
105900014,0,0,0
105900015,3,31,-28
105900016,0,0,0
105900017,0,0,0
105900018,10,24,-14
105900019,0,0,0
105900020,0,9,-9
105900021,0,0,0
105900022,8,19,-11
105900023,0,0,0
105900024,0,0,0
105900025,0,0,0
105900026,11,0,11
105900027,0,0,0
105900028,0,41,-41
105900029,7,42,-35
105900030,18,30,-12
105900031,33,36,-3
105900032,7,17,-10
105900033,5,28,-23
105900034,6,51,-45
105900035,10,40,-30
105900036,1,27,-26
105900037,12,6,6
105900038,9,31,-22
105900039,0,11,-11
105900040,2,13,-11
105900041,7,16,-9
105900042,6,20,-14
105900043,40,0,40
105900044,0,20,-20
105900045,0,79,-79
105900046,0,24,-24
105900047,0,9,-9
105900048,0,71,-71
105900050,0,0,0
105900051,0,0,0
105900052,0,0,0
105900053,436,9,427
105900054,14,38,-24
105900056,0,0,0
105900057,0,0,0
105900058,0,0,0
105900059,0,0,0
106000001,449,190,259
106000002,895,1370,-475
106000003,599,397,202
106000004,826,809,17
106000005,507,636,-129
106000006,1990,1796,194
106000007,99,72,27
106000008,150,178,-28
106000009,52,44,8
106000010,181,256,-75
106000011,88,88,0
106000012,212,633,-421
106000013,199,219,-20
106000014,604,623,-19
106000015,80,154,-74
106000016,405,837,-432
106000017,217,117,100
106000018,273,426,-153
106000019,28,48,-20
106000020,45,175,-130
106000021,37,66,-29
106000022,71,206,-135
106000023,49,24,25
106000024,132,407,-275
106000025,30,42,-12
106000026,119,158,-39
106000027,51,91,-40
106000028,215,416,-201
106000029,408,851,-443
106000030,103,66,37
106000034,186,281,-95
106000035,68,125,-57
106000036,67,143,-76
106000037,388,498,-110
106000038,0,0,0
106000039,0,0,0
106000040,36,281,-245
106000041,101,84,17
106000043,0,0,0
106000046,0,0,0
106000047,4,64,-60
106000049,26,2,24
106000050,73,532,-459
106000051,4,13,-9
106000052,35,397,-362
106000053,0,0,0
106000054,130,283,-153
106000055,0,0,0
106000056,109,350,-241
106000057,0,0,0
106000058,35,160,-125
106000059,3,2,1
106000060,192,345,-153
106000061,1,7,-6
106000062,59,388,-329
106000063,1,6,-5
106000064,24,256,-232
106000065,2,12,-10
106000066,25,133,-108
106000067,4,4,0
106000068,8,239,-231
106000069,19,6,13
106000070,66,315,-249
106000071,21,19,2
106000072,1034,458,576
106000073,406,340,66
106000074,56,186,-130
106000075,45,289,-244
106000076,152,479,-327
106000077,503,401,102
106000078,124,379,-255
106000079,72,355,-283
106000080,200,341,-141
106000081,35,260,-225
106000082,584,390,194
106000083,26,339,-313
106000084,108,351,-243
106000085,109,296,-187
106000086,68,230,-162
106000087,56,174,-118
106000088,7,269,-262
106000089,72,197,-125
106000090,0,298,-298
106000091,107,230,-123
106000092,0,28,-28
106000093,0,0,0
106000094,9,145,-136
106000095,23,291,-268
106000096,18,220,-202
106000097,42,443,-401
106000098,4,356,-352
106000099,4,484,-480
106000100,31,26,5
106000101,6,32,-26
106000102,2,237,-235
106000103,17,67,-50
106000104,147,89,58
106000105,41,136,-95
106000106,46,81,-35
106000107,0,85,-85
106000108,20,79,-59
106000109,7,64,-57
106000110,24,43,-19
106000111,19,117,-98
106000112,25,42,-17
106000113,113,111,2
106000114,76,81,-5
106000115,21,76,-55
106000116,43,34,9
106000117,193,302,-109
106000118,89,114,-25
106000119,728,402,326
106000120,54,38,16
106000121,5,2,3
106000122,2,48,-46
106000123,6,7,-1
106000124,3,73,-70
106000125,2,67,-65
106000126,3,7,-4
106000127,14,105,-91
106000128,3,6,-3
106000129,64,165,-101
106000130,0,0,0
106000131,13,130,-117
106000132,0,0,0
106000133,1278,211,1067
106000134,0,0,0
106000135,42,276,-234
106000136,0,0,0
106000137,31,698,-667
106000138,0,0,0
106000139,0,0,0
106000140,5,80,-75
106000141,5,84,-79
106000142,0,0,0
106000143,8,84,-76
106000144,0,0,0
106000145,24,195,-171
106000146,0,0,0
106000147,61,106,-45
106000148,50,207,-157
106000149,71,84,-13
106000150,41,373,-332
106000151,1032,163,869
106000152,148,112,36
106000153,4,180,-176
106000154,126,20,106
106000155,0,7,-7
106000156,62,80,-18
106000157,102,576,-474
106000158,663,141,522
106000159,1244,380,864
106000160,33,232,-199
106000161,366,191,175
106000162,6,80,-74
106000163,33,185,-152
106000164,15,59,-44
106000165,23,250,-227
106000166,62,98,-36
106000167,47,593,-546
106000168,14,70,-56
106000169,19,322,-303
106000170,48,63,-15
106000171,11,298,-287
106000172,366,316,50
106000173,96,874,-778
106000174,26,85,-59
106000175,54,402,-348
106000176,65,55,10
106000177,133,853,-720
106000178,204,121,83
106000179,194,716,-522
106000180,176,713,-537
106000181,50,762,-712
106000182,63,224,-161
106000183,51,352,-301
106000184,119,296,-177
106000185,98,263,-165
106000186,111,37,74
106000187,14,219,-205
106000188,0,1,-1
106000189,0,0,0
106000190,0,0,0
106000191,29,67,-38
106000192,0,17,-17
106000193,32,29,3
106000194,16,91,-75
106000195,21,12,9
106000196,1,76,-75
106000197,33,57,-24
106000198,13,99,-86
106000199,151,68,83
106000200,195,47,148
106000201,51,70,-19
106000202,2245,108,2137
106000203,8,86,-78
106000204,0,0,0
106000205,23,87,-64
106000206,0,0,0
106000207,26,517,-491
106000208,18,1,17
106000209,17,34,-17
106000210,53,562,-509
106000211,145,679,-534
106000212,7,2,5
106000213,79,335,-256
106000214,223,40,183
106000215,12,56,-44
106000216,16,58,-42
106000217,16,41,-25
106000218,43,38,5
106000219,8,18,-10
106000220,39,45,-6
106000221,21,126,-105
106000222,0,0,0
106000223,0,0,0
106000224,24,121,-97
106000225,0,0,0
106000226,25,196,-171
106000228,6,120,-114
106000229,11,349,-338
106000231,9,2,7
106000232,2,195,-193
106000233,2,2,0
106000234,4,103,-99
106000235,2,2,0
106000236,6,18,-12
106000237,0,1,-1
106000238,0,0,0
106000239,0,10,-10
106000240,0,0,0
106000241,8,315,-307
106000242,5,0,5
106000249,0,0,0
106000250,8,99,-91
106000251,0,0,0
106000252,2,32,-30
106000253,0,0,0
106000254,19,17,2
106000255,0,0,0
106000256,18,29,-11
106000257,14,116,-102
106000258,0,0,0
106000259,0,13,-13
106000260,0,0,0
106000261,1,29,-28
106000262,0,0,0
106000263,0,15,-15
106000264,0,0,0
106000265,4,41,-37
106000266,0,0,0
106000267,2,35,-33
106000268,0,0,0
106000269,13,18,-5
106000270,24,208,-184
106000271,0,1,-1
106000272,3,12,-9
106000273,0,1,-1
106000274,21,4,17
106000275,1,0,1
106000276,4,5,-1
106000277,4,2,2
106000278,12,9,3
106000279,1,12,-11
106000280,0,30,-30
106000281,5,5,0
106000282,11,15,-4
106000283,10,7,3
106000284,5,18,-13
106000285,6,11,-5
106000286,5,27,-22
106000287,5,12,-7
106000288,10,17,-7
106000289,0,9,-9
106000290,6,26,-20
106000291,1,5,-4
106000292,9,18,-9
106000293,1,6,-5
106000294,11,21,-10
106000295,17,6,11
106000296,7,19,-12
106000297,19,15,4
106000298,16,8,8
106000299,7,10,-3
106000300,2,8,-6
106000301,2,22,-20
106000303,0,0,0
106000304,2,4,-2
106000305,0,0,0
106000306,11,13,-2
106000307,0,0,0
106000308,1,29,-28
106000309,1,6,-5
106000310,21,111,-90
106000311,39,14,25
106000312,9,55,-46
106000313,10,23,-13
106000318,29,58,-29
106000319,47,0,47
106000320,0,1,-1
106000321,4,2,2
106000322,21,105,-84
106000324,0,9,-9
106000325,97,74,23
106000326,283,741,-458
106000327,0,0,0
106000328,0,0,0
106000329,5,39,-34
106000330,0,33,-33
106000428,22,61,-39
106000429,24,105,-81
106000430,93,367,-274
106000431,53,76,-23
106000432,349,838,-489
106000433,202,145,57
106000434,198,94,104
106000435,780,978,-198
106000436,5,171,-166
106000437,0,0,0
106000438,0,0,0
106000439,29,174,-145
106000440,31,60,-29
106000441,0,0,0
106000442,0,0,0
106000443,1,36,-35
106000450,0,100,-100
106000451,0,0,0
106000454,1,7,-6
106000455,2,51,-49
106000456,0,0,0
106000457,10,562,-552
106000458,0,0,0
106000459,9,204,-195
106000460,0,0,0
106000461,11,844,-833
106000462,0,5,-5
106000463,0,0,0
106000464,5,217,-212
106000465,0,0,0
106000466,4,303,-299
106000467,194,218,-24
106000468,2,4,-2
106000469,0,0,0
106000470,67,256,-189
106000471,4,243,-239
106000472,0,0,0
106000473,5,9,-4
106000474,113,307,-194
106000475,11,30,-19
106000476,46,24,22
106000477,10,43,-33
106900001,0,0,0
106900002,0,0,0
106900003,0,0,0
106900004,0,4,-4
106900006,0,0,0
106900007,0,0,0
106900008,0,0,0
106900009,0,0,0
106900010,0,0,0
106900012,0,0,0
106900013,0,0,0
106900014,0,0,0
106900015,0,0,0
106900016,0,0,0
106900017,0,0,0
106900018,0,0,0
106900019,0,0,0
106900020,0,0,0
106900021,0,0,0
106900022,0,0,0
106900023,0,0,0
106900024,0,0,0
106900025,0,0,0
106900026,0,0,0
106900027,0,0,0
107000001,406,518,-112
107000002,1262,2093,-831
107000003,719,980,-261
107000004,2515,3349,-834
107000005,228,617,-389
107000006,1264,3167,-1903
107000007,764,866,-102
107000008,10452,7344,3108
107000009,501,587,-86
107000010,7287,5318,1969
107000011,464,516,-52
107000012,1065,1120,-55
107000013,23,149,-126
107000014,9,171,-162
107000015,79,625,-546
107000016,121,659,-538
107000017,825,230,595
107000018,4,141,-137
107000020,222,74,148
107000021,512,466,46
107000022,115,791,-676
107000023,454,161,293
107000024,108,1220,-1112
107000025,48,115,-67
107000026,31,395,-364
107000027,340,179,161
107000028,215,480,-265
107000029,278,209,69
107000030,412,1033,-621
107000031,202,352,-150
107000032,10,49,-39
107000033,914,1517,-603
107000034,2425,787,1638
107000035,19,16,3
107000036,43,225,-182
107000037,3,35,-32
107000038,97,157,-60
107000039,0,0,0
107000040,64,154,-90
107000041,222,105,117
107000042,166,445,-279
107000043,403,138,265
107000044,180,182,-2
107000045,4,101,-97
107000046,68,62,6
107000047,59,238,-179
107000048,29,73,-44
107000049,41,243,-202
107000050,50,90,-40
107000051,91,87,4
107000052,139,83,56
107000053,10,8,2
107000054,12,112,-100
107000055,23,7,16
107000056,80,299,-219
107000057,122,27,95
107000058,0,0,0
107000059,383,1132,-749
107000060,41,79,-38
107000061,1352,1673,-321
107000062,36,69,-33
107000063,835,2292,-1457
107000064,49,62,-13
107000065,888,2299,-1411
107000066,25,74,-49
107000067,27,62,-35
107000068,0,0,0
107000069,0,0,0
107000070,0,0,0
107000071,0,0,0
107000072,9,1682,-1673
107000073,0,0,0
107000074,45,537,-492
107000075,0,0,0
107000076,296,1214,-918
107000077,0,0,0
107000078,299,1745,-1446
107000079,0,0,0
107000080,286,1417,-1131
107000081,16,1,15
107000082,125,1246,-1121
107000083,6,15,-9
107000084,148,1113,-965
107000085,433,559,-126
107000086,459,764,-305
107000087,324,436,-112
107000088,335,801,-466
107000089,131,160,-29
107000090,236,396,-160
107000091,87,157,-70
107000092,273,395,-122
107000093,57,175,-118
107000094,168,406,-238
107000095,0,0,0
107000096,240,522,-282
107000097,0,0,0
107000098,94,214,-120
107000099,0,0,0
107000100,78,98,-20
107000101,0,0,0
107000102,132,103,29
107000103,0,0,0
107000104,70,159,-89
107000105,8,1,7
107000106,34,117,-83
107000107,6,1,5
107000108,39,414,-375
107000109,0,0,0
107000110,13,242,-229
107000111,0,0,0
107000112,6,172,-166
107000113,0,0,0
107000114,27,277,-250
107000115,0,0,0
107000116,15,441,-426
107000117,0,0,0
107000118,21,126,-105
107000119,159,38,121
107000120,674,332,342
107000121,30,12,18
107000122,198,449,-251
107000123,16,11,5
107000124,49,376,-327
107000125,44,23,21
107000126,109,602,-493
107000127,15,274,-259
107000129,22,100,-78
107000130,0,0,0
107000131,196,202,-6
107000132,0,0,0
107000133,7,17,-10
107000134,4,0,4
107000135,0,13,-13
107000136,9,0,9
107000137,0,17,-17
107000138,18,1,17
107000139,1,44,-43
107000140,76,0,76
107000141,13,91,-78
107000142,22,3,19
107000143,2,101,-99
107000144,17,10,7
107000145,16,41,-25
107000146,7,1,6
107000147,333,29,304
107000150,21,19,2
107000151,6,5,1
107000152,3,57,-54
107000153,37,52,-15
107000154,4,7,-3
107000155,29,1,28
107000156,81,1,80
107000157,3,432,-429
107000158,13,1,12
107000159,0,159,-159
107000160,25,1,24
107000161,3,189,-186
107000162,9,23,-14
107000163,0,0,0
107000164,0,0,0
107000165,0,0,0
107000166,8,422,-414
107000167,13,29,-16
107000168,59,17,42
107000169,128,556,-428
107000170,60,24,36
107000171,79,1353,-1274
107000172,28,25,3
107000173,118,424,-306
107000174,133,299,-166
107000175,2658,457,2201
107000176,0,0,0
107000177,0,0,0
107000178,0,0,0
107000179,74,1324,-1250
107000180,0,0,0
107000181,57,573,-516
107000182,10,133,-123
107000183,42,398,-356
107000184,18,96,-78
107000185,28,534,-506
107000186,0,0,0
107000187,121,151,-30
107000188,80,81,-1
107000189,12,91,-79
107000190,36,178,-142
107000191,1,6,-5
107000192,163,249,-86
107000193,2,4,-2
107000194,155,195,-40
107000197,0,0,0
107000198,44,366,-322
107000199,265,358,-93
107000200,0,0,0
107000201,108,122,-14
107000202,0,0,0
107000203,152,250,-98
107000204,23,6,17
107000205,1252,707,545
107000206,0,0,0
107000207,16,19,-3
107000208,60,15,45
107000209,84,8,76
107000210,243,52,191
107000211,0,0,0
107000212,0,80,-80
107000213,0,0,0
107000214,0,20,-20
107000215,11,22,-11
107000216,2,55,-53
107000217,1,6,-5
107000219,1,9,-8
107000220,2,24,-22
107000222,59,246,-187
107000224,0,0,0
107000225,41,191,-150
107000226,0,0,0
107000227,13,145,-132
107000228,15,13,2
107000229,17,9,8
107000230,330,149,181
107000231,15,32,-17
107000232,0,0,0
107000233,23,35,-12
107000234,0,0,0
107000235,0,1,-1
107000236,21,365,-344
107000237,0,0,0
107000238,0,3,-3
107000239,285,13,272
107000240,3,327,-324
107000241,48,15,33
107000242,234,47,187
107000243,0,16,-16
107000244,0,122,-122
107000246,3,579,-576
107000249,0,280,-280
107000251,0,105,-105
107000252,3,455,-452
107000255,94,27,67
107000257,0,44,-44
107000258,0,13,-13
107000259,0,23,-23
107000260,0,0,0
107000262,1,86,-85
107000263,0,0,0
107000266,0,0,0
107000267,6,21,-15
107000268,9,19,-10
107000269,0,0,0
107000270,0,1,-1
107000271,2,202,-200
107000272,1,59,-58
107000273,0,40,-40
107000274,92,59,33
107000275,7,105,-98
107000280,23,4,19
107000281,0,150,-150
107000282,1,347,-346
107000290,0,19,-19
107000291,0,0,0
107000292,0,20,-20
107000293,0,0,0
107000294,0,26,-26
107000295,0,0,0
107000296,0,0,0
107000444,25,1,24
107000496,0,0,0
107000497,205,1448,-1243
107000500,0,0,0
107000501,0,0,0
107000502,0,0,0
107000505,128,327,-199
107000506,0,3,-3
107000508,0,265,-265
107000509,24,25,-1
107000510,0,0,0
107000514,0,22,-22
107000515,1,40,-39
107000516,0,1,-1
107000518,0,0,0
107000519,745,694,51
107000520,0,0,0
107900001,0,10,-10
107900002,0,0,0
107900003,5,0,5
107900004,2,0,2
107900005,28,2,26
107900006,0,0,0
107900007,2,0,2
107900008,18,3,15
107900009,0,0,0
107900010,0,0,0
107900012,18,0,18
107900013,23,4,19
107900014,0,3,-3
107900015,42,2,40
107900016,12,4,8
107900017,0,0,0
107900018,1,4,-3
107900019,0,9,-9
107900020,0,0,0
107900021,2,35,-33
107900023,0,0,0
107900024,0,0,0
107900025,14,24,-10
107900026,1,20,-19
107900027,0,0,0
107900028,0,28,-28
107900030,7,0,7
107900031,4,58,-54
107900032,0,0,0
107900033,0,0,0
107900034,28,0,28
107900035,34,0,34
107900036,0,0,0
107900037,0,0,0
107900038,21,5,16
107900039,0,17,-17
107900040,0,0,0
107900041,0,0,0
107900043,1,33,-32
107900044,0,0,0
107900045,8,1,7
107900046,5,3,2
107900047,0,0,0
107900048,0,0,0
107900049,39,35,4
107900050,45,64,-19
107900051,10,9,1
107900052,0,0,0
107900053,1,18,-17
107900055,19,22,-3
107900056,0,1,-1
107900057,0,0,0
107900058,4,147,-143
107900060,0,0,0
107900061,0,0,0
107900063,7,19,-12
107900064,11,0,11
107900065,1,1,0
107900066,0,0,0
107900067,0,0,0
107900068,6,14,-8
107900069,0,6,-6
107900070,0,0,0
107900071,1,226,-225
107900072,0,25,-25
107900073,0,0,0
107900074,0,0,0
107900076,5,12,-7
107900077,0,0,0
107900078,17,0,17
107900079,2,1,1
107900080,5,7,-2
107900081,0,0,0
107900082,0,0,0
107900083,5,18,-13
107900084,2,9,-7
107900086,3,15,-12
107900087,91,1,90
107900088,0,0,0
107900089,27,80,-53
107900090,29,40,-11
107900091,15,93,-78
107900092,437,86,351
107900093,0,0,0
107900095,208,78,130
107900097,0,7,-7
107900098,3,10,-7
107900100,213,62,151
107900101,232,41,191
107900102,0,0,0
107900103,3,23,-20
107900104,0,0,0
107900105,0,217,-217
107900106,1,342,-341
107900107,338,28,310
107900108,5,4,1
107900109,0,0,0
107900110,0,10,-10
107900111,1,280,-279
107900112,17,33,-16
107900113,0,0,0
107900114,2,53,-51
107900115,0,0,0
107900116,1,42,-41
107900117,16,38,-22
107900118,11,37,-26
107900119,0,7,-7
107900120,0,0,0
107900121,0,3,-3
107900122,0,7,-7
107900123,0,7,-7
107900124,0,5,-5
107900125,1,26,-25
107900126,0,20,-20
107900127,134,10,124
107900128,1,0,1
107900129,1,4,-3
107900130,0,0,0
107900131,14,5,9
107900132,11,86,-75
107900133,0,11,-11
107900134,0,0,0
107900135,0,48,-48
107900136,12,3,9
107900137,2,3,-1
107900138,2,2,0
107900139,0,0,0
107900140,15,17,-2
107900141,4,1,3
107900142,18,209,-191
107900143,4,2,2
107900144,0,33,-33
107900145,1,10,-9
107900146,0,7,-7
107900147,1,1,0
107900148,50,28,22
107900149,474,26,448
107900150,6,138,-132
107900151,0,36,-36
107900152,3,46,-43
107900153,9,6,3
107900154,2,0,2
107900155,0,0,0
107900156,0,4,-4
107900157,4,19,-15
107900158,29,1,28
107900159,18,271,-253
107900160,2,58,-56
107900161,0,84,-84
107900162,1,62,-61
107900163,0,0,0
107900164,1,13,-12
107900165,11,0,11
107900166,0,90,-90
107900167,0,0,0
107900168,0,7,-7
107900169,0,45,-45
107900171,1,459,-458
107900172,0,124,-124
107900173,0,78,-78
107900174,3,0,3
107900175,0,0,0
107900176,0,6,-6
107900177,0,52,-52
107900178,0,59,-59
107900179,0,36,-36
107900180,106,8,98
107900181,122,75,47
107900182,0,432,-432
107900183,1,127,-126
107900184,0,3,-3
107900185,0,0,0
107900186,2,3,-1
107900187,0,77,-77
107900188,79,12,67
107900189,1,31,-30
107900190,11,6,5
107900191,3,34,-31
107900193,0,13,-13
107900194,11,0,11
107900195,648,46,602
107900196,0,0,0
107900197,37,4,33
107900199,1,189,-188
107900201,9,26,-17
107900203,1,17,-16
107900204,89,66,23
107900205,24,163,-139
107900206,15,8,7
107900207,0,217,-217
107900208,0,165,-165
107900209,68,45,23
107900210,8,21,-13
107900213,58,122,-64
107900214,0,33,-33
107900215,44,143,-99
107900216,2,7,-5
107900217,0,0,0
107900218,2,180,-178
107900219,3,34,-31
107900220,25,16,9
107900221,41,72,-31
107900223,0,0,0
107900224,20,77,-57
107900225,1,90,-89
107900226,0,27,-27
107900227,13,110,-97
107900228,0,34,-34
107900229,1,88,-87
107900230,0,31,-31
107900231,0,0,0
107900232,1,67,-66
107900233,1,13,-12
107900234,11,90,-79
107900235,19,39,-20
107900236,3,35,-32
107900237,29,154,-125
107900238,0,0,0
107900239,197,125,72
107900240,1,32,-31
107900241,1,25,-24
107900242,0,94,-94
107900243,0,3,-3
107900244,0,0,0
107900245,1,1,0
107900246,0,0,0
107900248,17,193,-176
107900249,0,0,0
107900250,0,118,-118
107900251,5,274,-269
107900252,0,0,0
107900253,0,0,0
107900254,3,19,-16
107900255,32,1,31
107900256,30,85,-55
107900257,2,3,-1
107900258,0,42,-42
107900259,0,15,-15
107900261,0,138,-138
107900262,0,0,0
107900264,0,0,0
107900265,0,20,-20
107900267,4,1,3
107900268,0,0,0
107900269,0,0,0
107900270,0,0,0
107900271,0,0,0
107900272,0,0,0
107900273,0,27,-27
107900274,0,0,0
107900275,0,0,0
107900276,1,35,-34
107900277,0,63,-63
107900278,1,51,-50
107900279,15,5,10
107900280,0,106,-106
107900281,449,111,338
107900282,4,23,-19
107900283,50,22,28
107900284,12,250,-238
107900285,1,15,-14
107900286,14,12,2
107900287,4,13,-9
107900290,0,18,-18
107900291,25,1,24
107900292,16,35,-19
107900293,3,61,-58
107900295,2,29,-27
107900297,2,94,-92
107900298,78,100,-22
107900299,666,95,571
107900300,3,50,-47
107900301,10,46,-36
107900302,8,0,8
107900303,1,60,-59
107900304,8,157,-149
107900305,5,0,5
107900306,0,0,0
107900307,8,85,-77
107900308,16,2,14
107900309,0,0,0
107900310,0,0,0
107900311,1,4,-3
107900312,0,0,0
107900313,0,14,-14
107900314,0,10,-10
107900315,0,7,-7
107900316,0,0,0
107900317,4,0,4
107900318,0,15,-15
107900319,1,77,-76
107900320,0,60,-60
107900321,1,0,1
107900322,0,49,-49
107900323,0,16,-16
107900324,2,0,2
107900325,2,0,2
107900326,3,126,-123
107900327,1,0,1
107900328,0,0,0
107900329,0,0,0
107900330,1,151,-150
107900331,3,2,1
107900332,3,5,-2
107900333,4,4,0
107900334,2,68,-66
107900335,17,12,5
107900336,2,3,-1
107900337,217,24,193
107900338,0,82,-82
107900339,0,19,-19
107900340,0,11,-11
107900341,0,0,0
107900342,4,21,-17
107900343,0,0,0
107900344,0,26,-26
107900345,0,3,-3
107900346,0,0,0
107900347,0,0,0
107900348,0,0,0
107900349,0,0,0
107900350,15,54,-39
108000001,519,561,-42
108000002,1446,2169,-723
108000003,470,366,104
108000004,8755,8111,644
108000005,386,430,-44
108000006,1414,3297,-1883
108000007,430,540,-110
108000008,1641,3012,-1371
108000009,232,635,-403
108000010,753,2804,-2051
108000011,1612,1097,515
108000012,8309,7323,986
108000014,12,80,-68
108000015,10,50,-40
108000016,60,435,-375
108000017,2,39,-37
108000018,8,48,-40
108000019,7,74,-67
108000020,0,0,0
108000021,141,1025,-884
108000022,126,669,-543
108000023,0,0,0
108000024,9,271,-262
108000025,10,94,-84
108000026,16,238,-222
108000027,17,287,-270
108000028,19,156,-137
108000029,16,389,-373
108000030,4,64,-60
108000031,33,357,-324
108000032,0,0,0
108000033,138,639,-501
108000034,0,0,0
108000035,249,1370,-1121
108000036,86,721,-635
108000037,137,21,116
108000038,78,12,66
108000039,103,1159,-1056
108000040,26,16,10
108000041,238,1390,-1152
108000042,1,88,-87
108000043,15,209,-194
108000044,4,61,-57
108000045,33,619,-586
108000046,0,0,0
108000047,123,651,-528
108000048,67,375,-308
108000049,25,26,-1
108000050,11,189,-178
108000051,16,8,8
108000052,143,246,-103
108000053,46,16,30
108000054,73,258,-185
108000055,36,22,14
108000056,256,482,-226
108000057,14,68,-54
108000058,16,259,-243
108000059,1207,576,631
108000060,0,20,-20
108000061,73,136,-63
108000062,27,20,7
108000063,38,217,-179
108000064,0,0,0
108000065,60,204,-144
108000066,325,89,236
108000067,51,53,-2
108000068,0,0,0
108000069,56,651,-595
108000070,0,0,0
108000071,111,977,-866
108000072,0,0,0
108000073,289,851,-562
108000074,0,0,0
108000075,40,315,-275
108000076,0,0,0
108000077,152,472,-320
108000078,30,69,-39
108000079,539,923,-384
108000080,6,23,-17
108000081,160,1252,-1092
108000082,249,706,-457
108000083,31,10,21
108000084,48,490,-442
108000085,4,3,1
108000086,185,291,-106
108000087,1,38,-37
108000088,0,0,0
108000089,27,53,-26
108000090,7,1,6
108000091,19,307,-288
108000092,0,5,-5
108000093,51,378,-327
108000094,0,0,0
108000095,85,308,-223
108000096,0,0,0
108000097,36,320,-284
108000098,53,132,-79
108000099,0,0,0
108000100,0,0,0
108000101,0,1,-1
108000102,93,207,-114
108000106,0,0,0
108000107,0,302,-302
108000108,0,0,0
108000109,2,392,-390
108000110,25,79,-54
108000111,77,482,-405
108000112,0,0,0
108000113,32,10,22
108000115,86,77,9
108000117,84,80,4
108000118,14,84,-70
108000119,56,163,-107
108000120,7,85,-78
108000121,8,263,-255
108000122,12,77,-65
108000123,4,0,4
108000124,24,387,-363
108000125,2,0,2
108000126,14,333,-319
108000127,2,1,1
108000128,29,458,-429
108000129,25,915,-890
108000130,0,1,-1
108000131,3,8,-5
108000132,292,402,-110
108000133,11,7,4
108000134,136,622,-486
108000135,24,2,22
108000136,196,903,-707
108000137,5,5,0
108000138,32,137,-105
108000139,1,17,-16
108000140,28,9,19
108000141,10,84,-74
108000142,35,131,-96
108000143,9,65,-56
108000144,9,5,4
108000145,3,135,-132
108000146,9,6,3
108000147,1,111,-110
108000148,5,7,-2
108000149,5,37,-32
108000150,5,2,3
108000151,1,0,1
108000152,21,98,-77
108000153,5,4,1
108000154,8,18,-10
108000155,3,3,0
108000156,157,7,150
108000157,10,12,-2
108000158,30,62,-32
108000159,34,1,33
108000160,732,166,566
108000161,675,195,480
108000165,0,3,-3
108000172,0,0,0
108000173,455,22,433
108000175,0,36,-36
108000178,121,202,-81
108000179,0,0,0
108000181,1,5,-4
108000182,11,1,10
108000183,5,26,-21
108000184,139,179,-40
108000185,5,220,-215
108000186,5,12,-7
108000187,2,152,-150
108000188,7,35,-28
108000189,16,36,-20
108000190,7,83,-76
108000192,21,207,-186
108000193,178,7,171
108000194,0,1,-1
108000195,2,893,-891
108000196,2,37,-35
108000198,72,113,-41
108000199,0,72,-72
108000200,18,100,-82
108000202,2,145,-143
108000203,4,306,-302
108000204,11,4,7
108000205,117,80,37
108000339,73,22,51
108000364,2,13,-11
108000365,0,41,-41
108000367,6,42,-36
108000368,1,20,-19
108000369,507,30,477
108000371,4,288,-284
108000372,0,0,0
108000373,0,0,0
108000376,20,5,15
108000377,29,7,22
108000378,1821,966,855
108000379,2,49,-47
108000381,0,0,0
108000382,0,1,-1
108000383,0,26,-26
108900001,14,43,-29
108900002,6,5,1
108900003,44,142,-98
108900004,136,39,97
108900005,2,24,-22
108900006,56,43,13
108900007,6,24,-18
108900008,3,19,-16
108900009,1,16,-15
108900010,7,18,-11
108900011,8,49,-41
108900012,11,116,-105
108900013,4,35,-31
108900014,0,14,-14
108900015,0,0,0
108900016,0,33,-33
108900017,0,15,-15
108900018,4,91,-87
108900019,0,198,-198
108900020,1,53,-52
108900021,7,34,-27
108900022,0,6,-6
108900023,0,8,-8
108900024,0,10,-10
108900025,0,0,0
108900026,3,14,-11
108900027,0,15,-15
108900028,1,101,-100
108900029,2,31,-29
108900030,0,32,-32
108900031,1,126,-125
108900032,2,29,-27
108900033,0,12,-12
108900034,0,28,-28
108900035,5,357,-352
108900036,31,40,-9
108900037,1,69,-68
108900038,1,72,-71
108900039,0,34,-34
108900040,0,32,-32
108900041,568,65,503
108900042,0,45,-45
108900043,4,33,-29
108900044,1,123,-122
108900045,4,85,-81
108900046,5,114,-109
108900047,0,16,-16
108900048,3,80,-77
108900049,422,35,387
108900050,0,40,-40
108900051,0,46,-46
108900052,1,54,-53
108900053,4,8,-4
108900054,0,12,-12
108900055,9,47,-38
108900056,0,48,-48
108900057,0,65,-65
108900058,0,125,-125
108900059,12,2,10
108900060,0,0,0
108900061,3,0,3
108900062,0,98,-98
108900063,1,51,-50
108900064,1,5,-4
108900065,2,31,-29
108900066,0,0,0
108900067,0,58,-58
108900068,0,10,-10
108900069,0,6,-6
108900070,2,12,-10
108900071,0,0,0
108900072,8,0,8
108900073,0,7,-7
108900074,0,48,-48
108900075,3,5,-2
108900076,0,0,0
108900077,2,6,-4
108900078,0,19,-19
108900079,15,15,0
108900080,0,0,0
108900081,3,45,-42
108900082,0,9,-9
108900083,0,0,0
108900084,39,12,27
108900085,206,12,194
108900086,0,10,-10
108900087,8,3,5
108900088,0,0,0
108900089,0,0,0
108900090,1,28,-27
108900091,12,3,9
108900092,0,2,-2
108900093,0,0,0
108900094,10,4,6
108900095,1,28,-27
108900096,33,2,31
108900097,1,96,-95
108900098,18,2,16
108900099,0,78,-78
108900100,3,11,-8
108900101,0,0,0
108900102,2,10,-8
108900103,0,0,0
108900104,36,28,8
108900105,0,0,0
108900106,0,108,-108
108900108,0,0,0
108900109,0,0,0
108900110,2,96,-94
108900111,0,146,-146
108900112,0,0,0
108900113,1,0,1
108900114,0,0,0
108900115,0,0,0
108900116,0,0,0
108900117,0,0,0
108900118,0,0,0
108900119,0,0,0
108900120,0,0,0
108900121,0,0,0
108900122,0,0,0
108900123,0,0,0
108900124,4,2,2
108900125,0,0,0
108900126,1,0,1
108900127,0,0,0
108900128,0,0,0
108900129,0,0,0
108900130,0,0,0
108900131,0,0,0
108900132,0,0,0
108900133,0,0,0
108900134,0,0,0
108900135,0,0,0
108900136,0,0,0
108900137,1,0,1
108900138,0,0,0
108900139,0,0,0
108900140,0,0,0
108900141,0,0,0
108900142,0,0,0
108900143,0,0,0
108900144,1,0,1
108900145,0,0,0
108900146,0,0,0
108900147,6,0,6
108900148,0,0,0
108900149,54,27,27
108900150,0,0,0
108900151,0,1,-1
108900152,8,10,-2
108900153,0,41,-41
108900154,13,13,0
108900155,0,10,-10
108900156,0,0,0
108900157,0,54,-54
108900158,0,1,-1
108900159,0,29,-29
108900160,1,29,-28
108900161,1,69,-68
108900162,0,0,0
108900163,0,0,0
108900164,1,15,-14
108900165,11,5,6
108900167,105,33,72
108900168,882,51,831
108900169,4,11,-7
108900171,468,206,262
108900172,0,0,0
108900173,11,17,-6
108900174,0,0,0
108900176,5,100,-95
108900177,1051,134,917
108900178,301,43,258
108900179,0,4,-4
108900180,0,0,0
108900182,0,2,-2
108900183,6,22,-16
108900184,0,4,-4
108900185,4,57,-53
108900186,1,41,-40
108900187,0,0,0
108900188,0,0,0
108900189,0,0,0
108900190,0,420,-420
108900191,0,0,0
108900192,5,38,-33
108900193,0,0,0
108900194,2,70,-68
108900195,2,34,-32
108900196,2,84,-82
108900198,0,98,-98
108900199,9,65,-56
108900200,67,79,-12
108900201,12,154,-142
108900203,2,0,2
108900204,5,1,4
108900205,2,0,2
108900206,0,0,0
108900207,0,0,0
108900208,2,54,-52
108900209,24,106,-82
108900210,4,16,-12
108900211,1,7,-6
108900212,28,30,-2
108900215,6,70,-64
108900216,0,8,-8
108900217,0,0,0
108900218,0,0,0
108900219,0,0,0
108900220,0,0,0
108900221,0,5,-5
108900222,0,0,0
108900223,0,4,-4
108900224,1,4,-3
108900225,0,19,-19
108900226,0,0,0
108900227,0,2,-2
108900230,12,15,-3
108900231,8,33,-25
108900232,0,48,-48
108900233,0,0,0
108900234,0,0,0
108900235,5,46,-41
108900236,1,32,-31
108900237,4,27,-23
108900240,0,10,-10
108900241,0,2,-2
108900245,0,0,0
108900249,0,0,0
108900250,0,7,-7
108900257,0,74,-74
108900258,6,8,-2
108900259,1,1,0
108900260,0,16,-16
108900261,1,3,-2
108900262,2,3,-1
108900263,0,0,0
108900264,0,0,0
108900265,0,0,0
108900266,0,0,0
108900267,0,0,0
108900268,0,0,0
108900269,0,0,0
108900270,0,0,0
108900271,0,0,0
108900272,0,0,0
108900273,0,0,0
108900274,15,12,3
108900275,0,0,0
108900276,0,2,-2
109000001,584,137,447
109000002,3957,614,3343
109000003,429,155,274
109000004,329,1690,-1361
109000005,217,166,51
109000006,336,1287,-951
109000007,156,150,6
109000008,226,1134,-908
109000009,609,306,303
109000010,684,2477,-1793
109000011,381,279,102
109000012,699,2244,-1545
109000013,495,234,261
109000014,582,2288,-1706
109000015,534,473,61
109000016,5104,2679,2425
109000017,246,298,-52
109000018,446,2326,-1880
109000019,296,274,22
109000020,538,1274,-736
109000023,0,0,0
109000024,2,18,-16
109000025,144,44,100
109000026,111,69,42
109000027,12,53,-41
109000028,4,30,-26
109000029,50,38,12
109000030,12,234,-222
109000031,0,0,0
109000032,7,199,-192
109000033,0,0,0
109000034,2,3,-1
109000035,0,0,0
109000036,19,150,-131
109000037,30,52,-22
109000038,332,195,137
109000039,71,40,31
109000040,607,107,500
109000041,3323,335,2988
109000042,119,268,-149
109000044,0,8,-8
109000045,22,299,-277
109000046,0,3,-3
109000047,16,346,-330
109000048,2,2,0
109000049,83,502,-419
109000050,0,2,-2
109000051,122,258,-136
109000052,49,441,-392
109000053,0,1,-1
109000054,7,140,-133
109000055,11,36,-25
109000056,27,89,-62
109000057,29,22,7
109000058,121,25,96
109000059,22,192,-170
109000060,33,5,28
109000061,357,57,300
109000062,16,6,10
109000063,51,56,-5
109000064,7,3,4
109000065,12,80,-68
109000066,15,0,15
109000067,6,90,-84
109000068,0,0,0
109000069,0,0,0
109000070,1,319,-318
109000071,129,15,114
109000072,9,80,-71
109000073,14,23,-9
109000074,3,41,-38
109000075,48,431,-383
109000076,3,26,-23
109000077,52,52,0
109000078,0,12,-12
109000079,7,65,-58
109000080,1,30,-29
109000081,3,122,-119
109000082,14,87,-73
109000083,8,239,-231
109000088,13,90,-77
109000089,12,4,8
109000090,24,119,-95
109000091,58,11,47
109000092,84,263,-179
109000093,24,18,6
109000094,12,0,12
109000095,7,173,-166
109000096,36,6,30
109000097,5,28,-23
109000098,0,0,0
109000099,52,63,-11
109000100,13,201,-188
109000101,68,129,-61
109000102,25,508,-483
109000103,23,175,-152
109000104,105,76,29
109000105,63,911,-848
109000106,188,82,106
109000107,55,826,-771
109000108,77,63,14
109000109,130,789,-659
109000110,120,83,37
109000111,226,905,-679
109000112,23,53,-30
109000113,37,99,-62
109000114,1,31,-30
109000115,39,0,39
109000116,2,109,-107
109000117,3,10,-7
109000118,1,148,-147
109000119,23,25,-2
109000120,20,630,-610
109000121,8,8,0
109000122,17,892,-875
109000123,3,21,-18
109000124,64,102,-38
109000125,61,103,-42
109000126,72,1070,-998
109000127,43,51,-8
109000128,63,1318,-1255
109000129,21,21,0
109000130,179,1608,-1429
109000131,57,42,15
109000132,283,875,-592
109000133,54,426,-372
109000134,131,893,-762
109000135,148,684,-536
109000136,5,17,-12
109000137,30,72,-42
109000138,11,21,-10
109000139,37,74,-37
109000140,2,20,-18
109000141,31,181,-150
109000142,11,82,-71
109000143,2,11,-9
109000145,23,8,15
109000146,2,4,-2
109000148,1162,161,1001
109000149,18,29,-11
109000150,0,1,-1
109000155,44,137,-93
109000156,273,214,59
109000158,12,95,-83
109000159,11,156,-145
109000160,78,119,-41
109000161,21,381,-360
109000162,198,357,-159
109000163,44,283,-239
109000164,118,666,-548
109000165,84,159,-75
109000166,55,77,-22
109000167,15,189,-174
109000170,0,0,0
109000171,0,0,0
109000172,0,0,0
109000173,0,1,-1
109000174,0,0,0
109000175,0,0,0
109000176,6,157,-151
109000177,0,0,0
109000178,25,49,-24
109000179,1194,253,941
109000180,1240,458,782
109000181,8,16,-8
109000182,7,18,-11
109000183,3,9,-6
109000184,7,4,3
109000185,0,12,-12
109000188,3,138,-135
109000189,153,206,-53
109000190,68,273,-205
109000191,0,0,0
109000192,1,18,-17
109000193,22,144,-122
109000194,3,7,-4
109000195,3,101,-98
109000196,2,6,-4
109000197,24,119,-95
109000198,0,6,-6
109000199,15,144,-129
109000206,17,14,3
109000207,12,13,-1
109000208,29,14,15
109000209,4,15,-11
109000210,28,83,-55
109000211,4,7,-3
109000214,7,76,-69
109000215,0,3,-3
109000216,9,17,-8
109000217,30,26,4
109000218,8,23,-15
109000221,20,217,-197
109000222,23,2,21
109000223,30,61,-31
109000224,4,23,-19
109000225,2,9,-7
109000226,3,55,-52
109000227,42,264,-222
109000228,0,170,-170
109000231,0,168,-168
109000232,10,122,-112
109000236,42,499,-457
109000241,165,454,-289
109000242,56,165,-109
109000293,0,0,0
109000361,10,37,-27
109000364,12,137,-125
109000396,2,234,-232
109000397,42,1,41
109000399,50,116,-66
109000400,2,122,-120
109000403,6,21,-15
109000406,17,3,14
109000407,18,21,-3
109000408,1,121,-120
109000410,203,96,107
109000411,0,0,0
109900001,0,12,-12
109900002,0,0,0
109900003,0,0,0
109900004,40,28,12
109900005,0,1,-1
109900006,0,15,-15
109900007,0,211,-211
109900008,0,4,-4
109900009,6,247,-241
109900010,0,0,0
109900011,6,1,5
109900012,10,14,-4
109900013,23,9,14
109900014,7,6,1
109900015,21,10,11
109900016,6,16,-10
109900017,6,3,3
109900018,5,30,-25
109900019,7,9,-2
109900020,0,0,0
109900021,0,0,0
109900022,0,33,-33
109900023,0,0,0
109900024,0,0,0
109900025,0,2,-2
109900026,0,12,-12
109900027,1,0,1
109900028,190,26,164
109900029,0,60,-60
109900030,0,0,0
109900031,0,17,-17
109900032,2,40,-38
109900033,0,1,-1
109900034,0,1,-1
109900035,0,2,-2
109900036,1,21,-20
109900037,4,102,-98
109900038,0,0,0
109900039,0,0,0
109900040,1,148,-147
109900041,2,53,-51
109900042,0,95,-95
109900044,0,23,-23
109900045,0,7,-7
109900046,0,0,0
109900047,14,37,-23
109900048,0,31,-31
109900049,0,8,-8
109900050,0,54,-54
109900051,0,3,-3
109900052,1,43,-42
109900053,2,81,-79
109900054,0,0,0
109900055,3,61,-58
109900056,0,0,0
109900057,2,21,-19
109900058,0,11,-11
109900059,0,0,0
109900060,0,0,0
109900061,12,79,-67
109900062,0,33,-33
109900063,0,20,-20
109900064,8,3,5
109900065,9,31,-22
109900066,30,160,-130
109900067,2,85,-83
109900068,0,0,0
109900069,2,7,-5
109900070,28,55,-27
109900071,0,6,-6
109900072,2,37,-35
109900073,2,42,-40
109900074,1,26,-25
109900075,0,0,0
109900076,0,29,-29
109900077,6,24,-18
109900078,7,59,-52
109900080,4,32,-28
109900081,0,1,-1
109900082,4,44,-40
109900083,1,7,-6
109900084,0,17,-17
109900085,1,85,-84
109900086,0,0,0
109900087,11,49,-38
109900089,0,0,0
109900090,16,31,-15
109900091,0,0,0
109900092,0,0,0
109900093,0,0,0
109900094,1,13,-12
109900095,0,2,-2
109900096,0,0,0
109900097,0,0,0
109900098,0,0,0
109900099,0,0,0
109900100,0,2,-2
109900101,0,0,0
109900102,0,0,0
109900103,0,4,-4
109900104,0,347,-347
109900105,0,0,0
109900106,0,0,0
109900107,0,0,0
109900108,6,227,-221
109900109,0,45,-45
109900110,2,24,-22
109900111,3,46,-43
109900112,10,70,-60
109900113,0,0,0
109900114,0,2,-2
109900115,0,0,0
109900117,0,0,0
109900118,18,85,-67
109900119,51,50,1
109900120,0,0,0
109900121,21,11,10
109900122,0,0,0
109900123,0,17,-17
109900124,2,60,-58
109900125,0,17,-17
109900126,0,11,-11
109900128,0,0,0
109900130,202,9,193
109900131,0,0,0
109900132,0,0,0
109900133,0,0,0
109900134,0,0,0
109900135,27,2,25
109900136,6,19,-13
109900137,0,0,0
109900138,0,0,0
109900140,4,76,-72
109900141,5,11,-6
109900142,48,24,24
109900145,0,7,-7
109900146,4,3,1
109900148,2,23,-21
109900149,3,11,-8
109900150,0,15,-15
109900151,0,6,-6
109900152,0,4,-4
109900153,0,8,-8
109900154,1,0,1
109900155,0,0,0
109900157,2,33,-31
109900158,8,24,-16
109900159,7,4,3
109900160,3,3,0
109900161,3,4,-1
109900162,16,2,14
109900163,15,3,12
109900164,10,48,-38
109900165,5,0,5
109900166,0,15,-15
109900167,9,120,-111
109900168,4,109,-105
109900169,4,50,-46
109900170,20,15,5
109900171,6,17,-11
109900172,13,16,-3
109900173,625,68,557
109900174,8,11,-3
109900175,7,53,-46
109900176,23,73,-50
109900177,8,133,-125
109900178,0,21,-21
109900179,0,0,0
109900180,0,0,0
110000001,178,259,-81
110000002,65,54,11
110000003,987,385,602
110000004,182,113,69
110000005,450,206,244
110000006,83,151,-68
110000007,4,12,-8
110000008,0,29,-29
110000009,0,0,0
110000010,0,28,-28
110000011,0,14,-14
110000012,269,182,87
110000013,4,61,-57
110000014,222,52,170
110000015,20,36,-16
110000016,91,120,-29
110000017,182,26,156
110000018,962,74,888
110000019,1,59,-58
110000020,92,66,26
110000021,26,21,5
110000022,63,11,52
110000023,1,61,-60
110000024,248,161,87
110000025,2,2,0
110000026,2,135,-133
110000027,87,53,34
110000028,53,43,10
110000029,91,355,-264
110000030,9,21,-12
110000031,54,241,-187
110000032,17,21,-4
110000033,12,9,3
110000034,80,389,-309
110000035,25,196,-171
110000036,88,193,-105
110000037,6,137,-131
110000038,61,138,-77
110000039,101,144,-43
110000040,48,105,-57
110000041,0,0,0
110000042,7,99,-92
110000043,0,0,0
110000044,4,16,-12
110000045,0,0,0
110000046,1,4,-3
110000047,0,0,0
110000048,0,2,-2
110000049,0,0,0
110000050,0,1,-1
110000051,0,0,0
110000052,0,0,0
110000053,0,0,0
110000054,11,83,-72
110000055,0,0,0
110000056,0,0,0
110000057,96,406,-310
110000058,70,72,-2
110000059,166,358,-192
110000060,79,99,-20
110000061,424,538,-114
110000062,207,141,66
110000063,5,31,-26
110000064,0,1,-1
110000065,9,26,-17
110000066,6,18,-12
110000067,1,3,-2
110000068,0,0,0
110000069,12,41,-29
110000071,5,54,-49
110000073,1,6,-5
110000075,0,64,-64
110000076,22,11,11
110000077,42,21,21
110000078,0,20,-20
110000080,82,276,-194
110000081,6,76,-70
110000082,4,69,-65
110000083,83,249,-166
110000084,50,79,-29
110000085,1472,505,967
110000086,90,230,-140
110000087,0,26,-26
110000088,1,113,-112
110000089,2,23,-21
110000090,10,68,-58
110000091,478,125,353
110000092,3,12,-9
110000093,32,0,32
110000094,107,208,-101
110000095,9,99,-90
110000096,997,493,504
110000097,226,197,29
110000098,111,79,32
110000099,153,478,-325
110000100,5,147,-142
110000101,2,124,-122
110000102,13,7,6
110000104,17,6,11
110000105,5,37,-32
110000106,26,16,10
110000107,36,38,-2
110000108,34,0,34
110000109,26,150,-124
110000110,627,233,394
110000111,2868,723,2145
110000112,206,61,145
110000113,111,116,-5
110000114,4,61,-57
110000115,13,50,-37
110000116,3,4,-1
110000117,7,228,-221
110000118,36,66,-30
110000119,21,207,-186
110000120,30,37,-7
110000121,7,91,-84
110000122,55,208,-153
110000123,29,62,-33
110000124,1,386,-385
110000125,0,0,0
110000126,0,0,0
110000127,0,0,0
110000128,11,805,-794
110000129,0,270,-270
110000130,0,0,0
110000131,53,164,-111
110000132,1,352,-351
110000133,23,81,-58
110000134,8,78,-70
110000135,0,0,0
110000136,7,118,-111
110000137,6,79,-73
110000138,31,258,-227
110000139,19,214,-195
110000140,0,0,0
110000143,59,40,19
110000144,1067,300,767
110000145,259,138,121
110000146,520,147,373
110000147,37,306,-269
110000148,0,0,0
110000151,60,24,36
110000152,41,119,-78
110000153,5,20,-15
110000154,0,0,0
110000155,470,828,-358
110000156,187,469,-282
110000157,542,552,-10
110000160,66,97,-31
110000161,57,125,-68
110000166,15,3,12
110000167,82,90,-8
110000168,141,51,90
110000169,47,36,11
110000170,1,3,-2
110000171,9,8,1
110000172,17,433,-416
110000173,230,482,-252
110000174,19,431,-412
110000175,0,0,0
110000176,0,0,0
110000177,0,34,-34
110000178,515,203,312
110000179,366,121,245
110000180,18,76,-58
110000181,38,139,-101
110000182,127,64,63
110000183,1254,671,583
110000184,55,153,-98
110000185,219,331,-112
110000186,156,163,-7
110000191,2,139,-137
110000192,27,0,27
110000193,9,0,9
110000194,3,504,-501
110000195,3,38,-35
110000196,20,103,-83
110000197,1,30,-29
110000198,3,5,-2
110000199,12,43,-31
110000200,109,247,-138
110000201,54,78,-24
110000202,146,100,46
110000203,43,368,-325
110000204,0,96,-96
110000205,1,14,-13
110000206,32,532,-500
110000207,29,85,-56
110000208,9,14,-5
110000209,51,313,-262
110000210,0,0,0
110000211,0,0,0
110000212,29,112,-83
110000213,6,18,-12
110000214,5,9,-4
110000215,12,250,-238
110000216,10,257,-247
110000217,5,30,-25
110000218,11,239,-228
110000219,11,6,5
110000220,9,184,-175
110000221,8,10,-2
110000222,7,118,-111
110000223,2,3,-1
110000224,2,1,1
110000225,26,164,-138
110000226,8,3,5
110000227,94,110,-16
110000228,10,1,9
110000229,0,100,-100
110000230,62,95,-33
110000231,11,32,-21
110000232,14,139,-125
110000233,2,43,-41
110000234,9,93,-84
110000235,51,200,-149
110000236,150,541,-391
110000237,369,444,-75
110000238,57,237,-180
110000239,144,454,-310
110000240,0,80,-80
110000242,0,46,-46
110000243,13,62,-49
110000244,4,138,-134
110000245,4,143,-139
110000246,42,172,-130
110000247,223,1061,-838
110000248,18,390,-372
110000249,0,0,0
110000250,5,44,-39
110000251,6,112,-106
110000252,11,127,-116
110000253,43,59,-16
110000254,168,600,-432
110000255,20,485,-465
110000256,11,18,-7
110000257,65,247,-182
110000258,1,72,-71
110000259,5,6,-1
110000260,12,83,-71
110000263,100,24,76
110000264,19,132,-113
110000265,395,359,36
110000266,484,483,1
110000267,3,99,-96
110000268,2,44,-42
110000269,1,41,-40
110000270,0,0,0
110000271,25,23,2
110000272,116,386,-270
110000273,435,442,-7
110000274,34,197,-163
110000275,727,132,595
110000276,35,105,-70
110000277,21,80,-59
110000278,50,271,-221
110000279,5,139,-134
110000280,4,110,-106
110000281,7,55,-48
110000282,10,12,-2
110000283,0,9,-9
110000284,11,9,2
110000285,1,111,-110
110000286,0,0,0
110000287,0,0,0
110000288,0,23,-23
110000289,33,334,-301
110000290,453,266,187
110000291,1587,412,1175
110000292,403,485,-82
110000293,21,355,-334
110000294,66,263,-197
110000295,6,278,-272
110000296,20,208,-188
110000297,489,180,309
110000298,47,167,-120
110000299,0,0,0
110000301,0,0,0
110000302,16,427,-411
110000303,0,0,0
110000304,12,117,-105
110000305,12,0,12
110000306,29,948,-919
110000307,10,0,10
110000308,9,9,0
110000309,5,686,-681
110000310,18,19,-1
110000311,0,408,-408
110000312,22,5,17
110000313,405,762,-357
110000314,0,103,-103
110000315,796,511,285
110000316,202,580,-378
110000317,201,153,48
110000318,0,33,-33
110000319,0,0,0
110000320,5,35,-30
110000321,2,1,1
110000322,14,76,-62
110000323,24,119,-95
110000324,2040,852,1188
110000325,8,53,-45
110000327,0,48,-48
110000328,89,373,-284
110000333,6,2,4
110000334,90,553,-463
110000335,57,107,-50
110000336,68,556,-488
110000337,44,69,-25
110000338,5,46,-41
110000339,13,53,-40
110000340,1,67,-66
110000341,44,318,-274
110000342,0,0,0
110000343,0,18,-18
110000344,7,42,-35
110000345,3,0,3
110000346,535,404,131
110000347,183,31,152
110000348,2,8,-6
110000349,0,3,-3
110000350,0,0,0
110000351,61,265,-204
110000352,54,826,-772
110000353,665,290,375
110000354,116,694,-578
110000355,0,29,-29
110000356,0,0,0
110000357,34,9,25
110000361,1,26,-25
110000362,0,0,0
110000363,10,14,-4
110000364,4,66,-62
110000365,0,0,0
110000366,0,52,-52
110000367,66,150,-84
110000368,0,32,-32
110000369,0,0,0
110000373,3,100,-97
110000374,0,0,0
110000375,8,291,-283
110000376,10,37,-27
110000377,0,0,0
110000378,7,168,-161
110000379,733,316,417
110000380,3,3,0
110000383,0,158,-158
110000384,1,30,-29
110000385,1,131,-130
110000387,0,7,-7
110000388,12,110,-98
110000389,0,0,0
110000391,0,118,-118
110000396,6,59,-53
110000397,5,8,-3
110000398,2,1,1
110000399,0,2,-2
110000587,1,5,-4
110000589,1,3,-2
110000640,18,20,-2
110000652,2,19,-17
110000653,20,209,-189
110000654,0,12,-12
110000656,0,183,-183
110000674,4,5,-1
110000675,0,5,-5
110000676,0,28,-28
110000679,322,178,144
110000682,0,0,0
110000683,28,23,5
110000684,0,37,-37
110000685,0,0,0
110000686,0,8,-8
110000687,0,0,0
110000688,13,11,2
110000689,0,28,-28
110000692,16,38,-22
110000693,13,85,-72
110000694,0,153,-153
110000695,63,370,-307
110000696,1,1,0
110900001,0,5,-5
110900002,1,22,-21
110900003,1,221,-220
110900004,0,68,-68
110900005,383,21,362
110900006,0,0,0
110900007,0,0,0
110900008,1,1,0
110900009,0,0,0
110900010,0,20,-20
110900011,0,14,-14
110900012,0,21,-21
110900013,0,0,0
110900014,0,0,0
110900015,0,0,0
110900016,0,30,-30
110900017,0,0,0
110900018,0,0,0
110900019,0,0,0
110900020,0,115,-115
110900021,6,147,-141
110900022,3,67,-64
110900023,6,87,-81
110900024,0,135,-135
110900025,2,18,-16
110900027,1,16,-15
110900028,0,14,-14
110900029,15,114,-99
110900030,0,29,-29
110900031,0,38,-38
110900032,0,14,-14
110900033,5,63,-58
110900035,0,56,-56
110900036,0,2,-2
110900037,0,1,-1
110900038,43,3,40
110900039,1,33,-32
110900040,6,5,1
110900041,0,57,-57
110900042,0,0,0
110900043,0,38,-38
110900044,0,0,0
110900045,4,155,-151
110900046,27,85,-58
110900047,0,0,0
110900049,0,1,-1
110900050,0,0,0
110900051,3,20,-17
110900052,0,40,-40
110900053,0,0,0
110900054,1,52,-51
110900055,0,0,0
110900056,11,11,0
110900057,0,42,-42
110900058,0,0,0
110900059,38,136,-98
110900060,9,0,9
110900061,2,4,-2
110900062,0,0,0
110900063,0,11,-11
110900064,0,0,0
110900065,18,2,16
110900066,0,18,-18
110900067,0,0,0
110900068,13,28,-15
110900069,0,5,-5
110900070,4,2,2
110900071,0,0,0
110900073,0,5,-5
110900074,0,13,-13
110900075,5,3,2
110900077,5,0,5
110900078,0,37,-37
110900079,100,11,89
110900080,0,0,0
110900081,0,28,-28
110900082,0,0,0
110900083,0,0,0
110900084,0,86,-86
110900085,4,110,-106
110900086,0,0,0
110900087,0,0,0
110900088,0,0,0
110900090,0,0,0
110900091,0,0,0
110900093,0,0,0
110900095,1,7,-6
110900097,0,0,0
110900098,0,18,-18
110900099,8,74,-66
110900100,0,4,-4
110900102,0,11,-11
110900105,95,33,62
110900108,2,11,-9
110900111,14,11,3
110900112,0,0,0
110900113,0,0,0
110900115,0,0,0
110900116,12,573,-561
110900118,2,23,-21
110900119,1029,21,1008
110900120,0,37,-37
110900121,0,0,0
110900122,0,1,-1
110900125,0,6,-6
110900127,52,173,-121
110900128,4,4,0
110900129,0,0,0
110900130,38,6,32
110900131,0,0,0
110900132,2,2,0
110900133,1,41,-40
110900135,3,76,-73
110900136,0,0,0
110900137,0,0,0
110900138,2,116,-114
110900139,0,7,-7
110900140,0,0,0
110900141,0,11,-11
110900142,7,32,-25
110900143,0,0,0
110900144,0,236,-236
110900145,7,1,6
110900146,22,1,21
110900147,63,84,-21
110900148,0,116,-116
110900149,0,10,-10
110900150,0,2,-2
110900151,2,22,-20
110900152,2,60,-58
110900153,0,0,0
111000001,216,53,163
111000002,222,250,-28
111000003,88,122,-34
111000004,202,550,-348
111000005,129,182,-53
111000006,407,780,-373
111000007,699,504,195
111000008,1751,901,850
111000009,274,524,-250
111000010,203,112,91
111000011,622,495,127
111000012,278,127,151
111000013,159,604,-445
111000014,149,120,29
111000017,45,222,-177
111000018,66,129,-63
111000020,821,1180,-359
111000021,0,0,0
111000023,0,0,0
111000025,1710,518,1192
111000029,8,32,-24
111000030,17,25,-8
111000031,92,25,67
111000032,29,20,9
111000033,0,0,0
111000034,64,168,-104
111000037,584,300,284
111000038,299,536,-237
111000039,122,420,-298
111000040,203,532,-329
111000041,139,268,-129
111000042,1647,456,1191
111000043,0,0,0
111000044,0,0,0
111000045,23,40,-17
111000046,15,23,-8
111000047,114,157,-43
111000049,56,261,-205
111000050,535,891,-356
111000051,132,560,-428
111000052,238,538,-300
111000053,125,448,-323
111000054,106,458,-352
111000055,275,860,-585
111000056,44,214,-170
111000057,17,226,-209
111000058,17,54,-37
111000059,28,76,-48
111000060,102,97,5
111000061,67,84,-17
111000062,27,83,-56
111000063,103,124,-21
111000064,34,80,-46
111000065,65,106,-41
111000066,51,83,-32
111000067,61,245,-184
111000068,33,276,-243
111000069,539,678,-139
111000070,780,468,312
111000071,44,354,-310
111000072,0,0,0
111000073,0,0,0
111000074,0,0,0
111000075,0,0,0
111000076,0,0,0
111000077,87,151,-64
111000078,459,519,-60
111000079,245,214,31
111000080,73,200,-127
111000081,834,571,263
111000082,129,233,-104
111000084,115,181,-66
111000085,117,131,-14
111000086,104,134,-30
111000087,77,147,-70
111000088,158,191,-33
111000089,132,245,-113
111000090,439,436,3
111000091,176,254,-78
111000092,184,428,-244
111000093,49,203,-154
111000094,189,265,-76
111000095,45,410,-365
111000096,432,2038,-1606
111000097,2434,245,2189
111000098,123,509,-386
111000099,77,1079,-1002
111000100,69,989,-920
111000101,100,350,-250
111000102,24,392,-368
111000104,0,0,0
111000107,13,276,-263
111000109,0,0,0
111000110,33,4,29
111000111,41,8,33
111000112,39,4,35
111000113,17,6,11
111000114,34,29,5
111000115,1714,175,1539
111000116,97,106,-9
111000117,70,213,-143
111000118,226,165,61
111000119,155,310,-155
111000120,40,130,-90
111000121,22,126,-104
111000122,106,393,-287
111000123,93,1025,-932
111000124,71,1115,-1044
111000125,28,699,-671
111000126,16,366,-350
111000127,0,0,0
111000128,0,0,0
111000129,0,0,0
111000130,32,81,-49
111000131,45,61,-16
111000132,0,0,0
111000133,14,22,-8
111000134,5,14,-9
111000135,3,44,-41
111000136,13,31,-18
111000138,0,1,-1
111000140,1,3,-2
111000141,33,169,-136
111000142,8,59,-51
111000143,0,38,-38
111000144,1,53,-52
111000145,0,0,0
111000146,0,0,0
111000147,0,0,0
111000148,10,42,-32
111000149,2,24,-22
111000150,0,1,-1
111000151,0,8,-8
111000153,65,132,-67
111000154,26,72,-46
111000155,9,70,-61
111000156,0,0,0
111000157,0,0,0
111000158,0,0,0
111000159,0,0,0
111000160,0,0,0
111000161,0,0,0
111000162,3,38,-35
111000163,68,258,-190
111000164,325,696,-371
111000165,339,162,177
111000166,213,91,122
111000167,49,161,-112
111000168,23,65,-42
111000169,13,59,-46
111000170,45,75,-30
111000171,37,152,-115
111000172,12,104,-92
111000173,32,298,-266
111000174,4,172,-168
111000175,8,84,-76
111000176,4,57,-53
111000177,23,62,-39
111000178,52,105,-53
111000179,8,70,-62
111000180,38,68,-30
111000181,41,48,-7
111000182,7,33,-26
111000183,22,43,-21
111000184,14,32,-18
111000185,28,195,-167
111000186,18,122,-104
111000187,6,153,-147
111000188,10,145,-135
111000189,402,172,230
111000190,53,186,-133
111000191,42,188,-146
111000192,61,281,-220
111000193,115,172,-57
111000194,3,142,-139
111000195,13,122,-109
111000196,2,100,-98
111000197,0,0,0
111000198,0,0,0
111000199,0,0,0
111000200,0,0,0
111000201,0,0,0
111000202,0,0,0
111000203,0,0,0
111000204,0,0,0
111000213,1,19,-18
111000214,113,292,-179
111000215,83,303,-220
111000217,87,192,-105
111000218,113,210,-97
111000219,89,170,-81
111000220,31,248,-217
111000221,0,1,-1
111000224,2,113,-111
111000225,10,11,-1
111000226,0,0,0
111000227,0,0,0
111000228,6,62,-56
111000229,17,97,-80
111000230,1,7,-6
111000231,0,14,-14
111000232,79,362,-283
111000233,64,341,-277
111000234,8,86,-78
111000239,63,91,-28
111000240,0,0,0
111000241,5,197,-192
111000242,0,0,0
111000243,16,523,-507
111000244,0,0,0
111000245,1,6,-5
111000246,0,22,-22
111000247,37,549,-512
111000248,9,19,-10
111000249,113,336,-223
111000250,4,39,-35
111000251,4,29,-25
111000253,0,0,0
111000255,0,0,0
111000257,0,0,0
111000260,31,513,-482
111000261,14,2,12
111000271,5,91,-86
111000273,1177,190,987
111000274,259,495,-236
111000275,0,0,0
111000276,57,619,-562
111000277,25,94,-69
111000278,65,43,22
111000291,18,158,-140
111000298,11,14,-3
111000299,0,0,0
111000300,5,91,-86
111000302,22,5,17
111000303,9,49,-40
111000312,10,1,9
111000315,0,76,-76
111000320,37,115,-78
111000321,13,11,2
111000322,7,58,-51
111000323,2,4,-2
111000324,0,0,0
111000325,1,27,-26
111000326,13,91,-78
111000327,33,87,-54
111000328,32,97,-65
111000329,6,23,-17
111000330,0,0,0
111000331,0,0,0
111000332,56,203,-147
111000334,70,583,-513
111000335,53,54,-1
111000337,59,302,-243
111000338,1,50,-49
111000339,27,247,-220
111000340,2,275,-273
111000341,89,59,30
111000342,13,115,-102
111000344,108,120,-12
111000345,1,1,0
111000346,7,43,-36
111000347,4,0,4
111000350,5,1,4
111000351,23,50,-27
111000352,9,0,9
111000353,10,40,-30
111000354,5,0,5
111000355,31,124,-93
111000358,7,599,-592
111000360,4,350,-346
111000361,6,125,-119
111000546,57,414,-357
111000547,6,100,-94
111000548,41,111,-70
111000549,13,43,-30
111000550,17,121,-104
111000551,111,15,96
111000552,8,0,8
111000907,0,4,-4
111000908,0,0,0
111000916,107,136,-29
111000917,6,141,-135
111000918,8,383,-375
111000920,0,0,0
111000921,1,142,-141
111000922,43,174,-131
111000924,4,439,-435
111000925,147,409,-262
111000926,386,1353,-967
111000927,1125,897,228
111000928,3792,1678,2114
111000929,135,192,-57
111000930,228,1251,-1023
111000931,273,397,-124
111000932,1679,1255,424
111000933,373,211,162
111000934,956,1450,-494
111000935,88,196,-108
111000936,199,947,-748
111000937,122,94,28
111000938,369,1313,-944
111000939,0,0,0
111000940,27,63,-36
111000941,0,87,-87
111000943,19,68,-49
111000944,3,94,-91
111000945,5,1266,-1261
111001109,4,2,2
111001110,63,450,-387
111001111,2,2,0
111001112,18,0,18
111001113,4,73,-69
111001114,0,0,0
111001115,7,141,-134
111001116,555,84,471
111001117,439,351,88
111001120,10,81,-71
111001121,22,94,-72
111001122,17,147,-130
111001123,0,0,0
111900001,0,12,-12
111900002,0,48,-48
111900003,0,26,-26
111900004,5,11,-6
111900006,0,0,0
111900007,0,0,0
111900008,0,0,0
111900009,0,10,-10
111900010,54,56,-2
111900012,23,9,14
111900013,0,6,-6
111900014,787,87,700
111900015,0,16,-16
111900016,1,40,-39
111900017,0,32,-32
111900018,0,0,0
111900019,0,2,-2
111900020,0,5,-5
111900021,0,11,-11
111900022,3,4,-1
111900023,18,3,15
111900024,0,26,-26
111900025,0,4,-4
111900026,0,14,-14
111900027,0,11,-11
111900028,0,120,-120
111900029,0,5,-5
111900030,0,0,0
111900031,0,88,-88
111900032,0,116,-116
111900033,0,1,-1
111900034,0,0,0
111900035,0,42,-42
111900036,0,76,-76
111900038,0,0,0
111900039,2,69,-67
111900040,1,132,-131
111900042,5,6,-1
111900043,1,78,-77
111900044,0,0,0
111900046,16,47,-31
111900048,3,271,-268
111900049,1,54,-53
111900050,0,0,0
111900051,1,48,-47
111900052,63,97,-34
111900053,0,0,0
111900054,1,0,1
111900055,4,148,-144
111900056,0,0,0
111900057,0,5,-5
111900058,8,271,-263
111900059,0,0,0
111900060,4,0,4
111900061,1,52,-51
111900062,0,0,0
111900063,3,22,-19
111900064,42,40,2
111900065,0,0,0
111900066,0,0,0
111900067,0,48,-48
111900068,0,0,0
111900069,0,0,0
111900070,0,0,0
111900071,0,29,-29
111900072,0,0,0
111900073,3,1,2
111900074,0,5,-5
111900075,0,0,0
111900076,0,0,0
111900077,0,0,0
111900078,0,0,0
111900079,0,0,0
111900080,0,0,0
111900081,0,0,0
111900082,1,0,1
111900083,0,0,0
111900084,0,0,0
111900085,0,0,0
111900086,0,0,0
111900087,0,0,0
111900088,2,0,2
111900089,0,0,0
111900090,0,0,0
111900091,0,0,0
111900092,0,0,0
111900093,1,0,1
111900094,0,0,0
111900095,0,0,0
111900096,2,0,2
111900097,0,0,0
111900098,0,0,0
111900099,0,0,0
111900100,0,0,0
111900101,0,0,0
111900102,1,116,-115
111900103,0,0,0
111900104,0,0,0
111900105,0,0,0
111900106,102,1,101
111900107,0,0,0
111900108,2,2,0
111900109,3,1,2
111900110,258,9,249
111900111,0,21,-21
111900112,0,0,0
111900113,0,0,0
111900114,4,1,3
111900115,0,0,0
111900118,0,0,0
111900119,0,0,0
111900122,0,0,0
111900123,0,0,0
111900124,2,4,-2
111900125,0,0,0
111900126,0,0,0
111900127,0,0,0
111900128,0,0,0
111900129,0,0,0
111900130,0,0,0
111900131,0,0,0
111900132,0,0,0
111900133,0,0,0
111900134,5,46,-41
111900135,0,0,0
111900136,0,0,0
111900137,1,2,-1
111900138,1,16,-15
111900139,1,34,-33
111900140,0,0,0
111900141,0,0,0
111900142,0,0,0
111900143,0,22,-22
111900144,1,26,-25
111900145,2,108,-106
111900146,2,33,-31
111900147,6,57,-51
111900148,2,63,-61
111900149,1,29,-28
111900150,0,9,-9
111900151,0,5,-5
111900152,9,0,9
111900153,7,0,7
111900154,0,0,0
111900155,0,0,0
111900156,0,0,0
111900157,0,0,0
111900158,0,0,0
111900159,0,0,0
111900160,0,0,0
111900161,0,0,0
111900162,0,0,0
111900163,0,0,0
111900164,0,0,0
111901113,0,23,-23
111901114,0,4,-4
111901115,0,0,0
111901116,0,0,0
111901117,0,0,0
111901118,0,0,0
111901119,0,0,0
111901120,0,0,0
111901121,14,22,-8
111901122,0,74,-74
111901123,3,72,-69
111901124,0,0,0
111901125,0,0,0
111901126,0,0,0
111901127,0,0,0
111901128,0,0,0
111901129,0,0,0
111901130,0,1,-1
111901131,0,32,-32
111901132,0,0,0
111901133,0,0,0
111901134,0,0,0
111901135,0,0,0
111901136,0,0,0
111901137,0,0,0
111901138,0,0,0
111901139,0,0,0
111901140,0,0,0
111901141,0,0,0
111901142,0,0,0
111901143,0,0,0
111901144,0,0,0
111901145,0,0,0
112000001,230,211,19
112000002,366,1090,-724
112000003,142,246,-104
112000004,139,745,-606
112000005,346,318,28
112000006,454,890,-436
112000007,153,195,-42
112000008,243,543,-300
112000009,883,1114,-231
112000010,206,335,-129
112000011,444,965,-521
112000012,441,448,-7
112000013,3029,1272,1757
112000014,154,100,54
112000015,627,815,-188
112000016,175,165,10
112000017,282,579,-297
112000024,634,258,376
112000026,1432,2252,-820
112000027,6,27,-21
112000028,473,918,-445
112000029,27,36,-9
112000030,87,61,26
112000031,364,367,-3
112000032,469,32,437
112000033,627,82,545
112000034,113,13,100
112000035,37,86,-49
112000036,90,67,23
112000037,55,249,-194
112000038,98,127,-29
112000039,0,0,0
112000040,15,62,-47
112000041,19,60,-41
112000042,150,115,35
112000050,0,0,0
112000051,14,48,-34
112000054,630,457,173
112000057,137,98,39
112000058,130,96,34
112000059,2,0,2
112000061,2005,625,1380
112000062,1053,74,979
112000063,113,87,26
112000064,2183,2187,-4
112000065,771,920,-149
112000066,1,3,-2
112000067,188,228,-40
112000068,0,1,-1
112000069,101,1356,-1255
112000070,73,27,46
112000071,105,1399,-1294
112000072,71,40,31
112000073,148,483,-335
112000074,12,95,-83
112000075,14,82,-68
112000076,338,483,-145
112000077,64,273,-209
112000078,53,206,-153
112000079,182,542,-360
112000080,42,281,-239
112000081,469,629,-160
112000082,35,26,9
112000083,175,463,-288
112000084,40,20,20
112000085,120,428,-308
112000086,38,59,-21
112000087,25,204,-179
112000088,11,27,-16
112000089,16,155,-139
112000090,10,16,-6
112000091,104,655,-551
112000092,89,87,2
112000093,351,614,-263
112000094,27,101,-74
112000095,87,350,-263
112000096,15,90,-75
112000097,6,19,-13
112000098,148,626,-478
112000099,16,8,8
112000100,44,36,8
112000101,92,425,-333
112000102,32,19,13
112000103,94,663,-569
112000105,77,879,-802
112000106,25,24,1
112000107,0,0,0
112000108,18,217,-199
112000109,0,0,0
112000110,70,28,42
112000111,358,2568,-2210
112000112,136,13,123
112000113,403,1345,-942
112000114,31,27,4
112000115,9,122,-113
112000116,3,134,-131
112000117,7,100,-93
112000118,102,336,-234
112000119,83,348,-265
112000120,17,156,-139
112000121,0,0,0
112000122,0,0,0
112000123,0,0,0
112000124,0,0,0
112000125,0,0,0
112000126,0,0,0
112000127,419,92,327
112000128,234,76,158
112000129,7,32,-25
112000130,4,12,-8
112000131,0,134,-134
112000132,16,162,-146
112000133,0,92,-92
112000134,34,184,-150
112000135,31,10,21
112000136,163,410,-247
112000137,36,21,15
112000138,227,536,-309
112000139,0,0,0
112000140,118,335,-217
112000141,0,0,0
112000142,36,351,-315
112000143,0,0,0
112000144,33,672,-639
112000145,0,0,0
112000146,137,1003,-866
112000147,0,0,0
112000148,135,799,-664
112000149,0,0,0
112000150,8,111,-103
112000151,0,0,0
112000152,29,68,-39
112000153,0,12,-12
112000154,16,19,-3
112000155,21,13,8
112000157,73,86,-13
112000158,4,53,-49
112000159,28,97,-69
112000167,9,0,9
112000169,16,41,-25
112000173,4,67,-63
112000175,9,43,-34
112000176,1649,710,939
112000177,1,5,-4
112000178,2,8,-6
112000179,3,10,-7
112000180,24,88,-64
112000181,157,741,-584
112000182,42,307,-265
112000183,0,0,0
112000184,0,0,0
112000185,29,90,-61
112000187,453,779,-326
112000195,0,0,0
112000196,0,0,0
112000197,0,0,0
112000198,0,9,-9
112000199,65,31,34
112000202,0,0,0
112000216,11,16,-5
112000230,0,0,0
112000231,0,6,-6
112000256,0,0,0
112000313,9,15,-6
112000314,2,0,2
112000337,15,224,-209
112000352,9,12,-3
112000392,338,195,143
112000398,57,72,-15
112000399,13,55,-42
112000400,355,1140,-785
112000401,1566,847,719
112000402,138,225,-87
112000403,27,92,-65
112000404,50,63,-13
112000405,55,206,-151
112000406,835,1198,-363
112000407,410,494,-84
112000408,2841,2250,591
112000409,358,1586,-1228
112000410,0,0,0
112000411,364,27,337
112000412,134,38,96
112000413,147,12,135
112000414,7,21,-14
112000415,0,0,0
112000416,130,88,42
112000417,0,0,0
112000421,3,27,-24
112000422,18,54,-36
112000424,309,233,76
112000425,89,432,-343
112000426,4,67,-63
112000427,0,2,-2
112000428,0,23,-23
112000429,363,792,-429
112000430,529,1100,-571
112000431,0,0,0
112000432,110,961,-851
112000433,131,53,78
112000437,1,44,-43
112900001,0,0,0
112900002,0,0,0
112900003,3,34,-31
112900004,0,67,-67
112900005,1,29,-28
112900006,0,123,-123
112900007,0,0,0
112900008,0,0,0
112900009,0,0,0
112900010,1,109,-108
112900011,27,10,17
112900012,0,20,-20
112900013,0,0,0
112900014,0,11,-11
112900015,78,413,-335
112900016,0,50,-50
112900017,0,0,0
112900018,0,91,-91
112900019,4,5,-1
112900020,179,638,-459
112900021,1,67,-66
112900022,0,0,0
112900023,1,29,-28
112900024,4,30,-26
112900025,0,0,0
112900026,0,37,-37
112900027,0,0,0
112900028,3,25,-22
112900029,0,0,0
112900030,32,51,-19
112900031,0,0,0
112900032,7,23,-16
112900034,0,0,0
112900035,0,0,0
112900036,16,9,7
112900037,0,0,0
112900038,0,23,-23
112900039,0,0,0
112900040,0,6,-6
112900041,217,102,115
112900042,1,38,-37
112900043,0,8,-8
112900044,39,58,-19
112900045,0,0,0
112900046,23,3,20
112900047,1,2,-1
112900049,0,9,-9
112900050,18,174,-156
112900051,85,192,-107
112900052,0,183,-183
112900053,13,76,-63
112900054,1,0,1
112900055,0,0,0
112900056,0,0,0
112900057,2,173,-171
112900058,14,0,14
112900059,0,9,-9
112900060,0,35,-35
112900061,3,10,-7
112900062,3,20,-17
112900063,0,0,0
112900064,12,10,2
112900065,0,0,0
112900066,5,1,4
112900067,77,12,65
112900068,0,0,0
112900069,199,7,192
112900071,0,0,0
112900072,7,17,-10
112900073,4,0,4
112900074,0,0,0
112900075,0,3,-3
112900076,0,0,0
112900078,0,0,0
112900079,0,0,0
112900080,0,0,0
112900081,1,4,-3
112900082,6,0,6
112900083,0,1,-1
112900084,0,0,0
112900085,0,0,0
112900086,0,1,-1
112900087,4,4,0
112900088,0,0,0
112900089,16,7,9
112900090,1,0,1
112900091,0,0,0
112900092,0,0,0
112900093,0,0,0
112900094,0,0,0
112900095,0,0,0
112900096,6,2,4
112900097,1,36,-35
112900098,0,0,0
112900099,1,0,1
112900100,0,0,0
112900101,0,0,0
112900102,0,0,0
112900103,0,0,0
112900104,0,0,0
112900105,0,0,0
112900106,8,12,-4
112900107,0,0,0
112900108,0,0,0
112900109,0,0,0
112900110,0,0,0
112900111,0,0,0
112900112,0,0,0
112900113,0,1,-1
112900114,1,2,-1
112900115,8,0,8
112900116,0,3,-3
112900117,1,4,-3
112900118,1,7,-6
112900119,0,0,0
112900120,124,39,85
112900121,6,8,-2
112900122,5,25,-20
112900123,0,0,0
112900124,0,24,-24
112900125,0,9,-9
112900126,12,40,-28
112900127,0,0,0
112900128,70,238,-168
112900129,1,379,-378
112900130,0,0,0
112900131,11,74,-63
112900132,6,101,-95
112900133,2,218,-216
112900134,1,126,-125
112900135,0,0,0
112900136,0,10,-10
112900137,0,133,-133
112900138,0,221,-221
112900139,43,377,-334
112900140,0,23,-23
112900141,17,10,7
112900142,0,0,0
112900143,23,189,-166
112900144,0,51,-51
112900145,14,170,-156
112900146,0,131,-131
112900147,0,963,-963
112900148,2,0,2
112900149,5,42,-37
112900151,0,0,0
112900152,582,127,455
112900153,18,3,15
112900154,0,0,0
112900155,0,0,0
112900156,0,146,-146
112900157,9,2,7
112900158,0,0,0
112900159,0,7,-7
112900160,1,29,-28
112900161,0,0,0
112900162,3,2,1
112900163,0,0,0
112900164,0,0,0
112900165,2,7,-5
112900166,0,0,0
112900167,0,0,0
112900168,0,0,0
112900169,0,0,0
112900170,0,0,0
112900172,0,0,0
112900173,8,10,-2
112900174,0,0,0
112900175,0,0,0
112900176,0,0,0
112900177,0,0,0
112900178,0,0,0
112900179,4,86,-82
112900180,3,408,-405
112900181,0,0,0
112900182,0,34,-34
112900183,1,1,0
112900184,51,99,-48
112900185,1,15,-14
112900186,263,101,162
112900187,0,0,0
112900188,354,79,275
112900189,0,2,-2
112900190,0,2,-2
112900192,36,22,14
112900193,96,37,59
112900194,0,8,-8
112900195,26,5,21
112900196,68,257,-189
112900197,36,212,-176
112900199,0,0,0
112900200,0,0,0
112900201,0,0,0
112900202,2,126,-124
112900203,0,0,0
112900204,45,14,31
112900205,0,4,-4
112900206,0,1,-1
112900207,0,0,0
112900208,1,10,-9
112900209,39,106,-67
112900210,0,13,-13
112900211,0,0,0
112900212,0,0,0
112900213,0,0,0
112900214,1,0,1
112900215,1,39,-38
112900216,3,4,-1
112900217,0,25,-25
112900218,0,0,0
112900219,0,0,0
112900220,0,0,0
112900221,0,0,0
112900222,0,0,0
112900223,54,1,53
112900224,1,167,-166
112900225,3,174,-171
112900226,21,0,21
112900227,3,431,-428
112900228,0,2,-2
112900229,0,0,0
112900230,2103,341,1762
112900232,12,13,-1
112900233,1,52,-51
112900234,0,1,-1
112900235,0,0,0
112900236,1,2,-1
112900237,1,72,-71
112900238,0,3,-3
112900239,66,43,23
113000001,1300,1201,99
113000002,539,226,313
113000003,731,420,311
113000004,635,214,421
113000005,204,250,-46
113000006,109,125,-16
113000007,288,361,-73
113000008,248,168,80
113000009,282,298,-16
113000010,182,166,16
113000011,157,628,-471
113000012,197,110,87
113000013,264,173,91
113000014,157,416,-259
113000015,30,61,-31
113000016,59,201,-142
113000017,15,137,-122
113000018,13,4,9
113000019,16,218,-202
113000020,0,0,0
113000021,69,308,-239
113000022,79,681,-602
113000025,19,79,-60
113000026,16,67,-51
113000027,31,83,-52
113000028,156,141,15
113000029,0,0,0
113000030,378,309,69
113000031,242,152,90
113000032,0,0,0
113000033,0,0,0
113000034,335,203,132
113000035,20,22,-2
113000036,0,0,0
113000037,54,19,35
113000038,0,0,0
113000039,17,70,-53
113000040,20,22,-2
113000042,156,69,87
113000051,108,198,-90
113000052,576,133,443
113000053,36,118,-82
113000054,21,65,-44
113000055,71,147,-76
113000056,74,325,-251
113000058,162,259,-97
113000059,0,0,0
113000060,12,110,-98
113000061,104,126,-22
113000062,74,3,71
113000063,0,0,0
113000064,0,0,0
113000065,37,478,-441
113000066,32,34,-2
113000067,66,79,-13
113000068,80,768,-688
113000069,63,501,-438
113000070,48,43,5
113000071,49,300,-251
113000072,26,36,-10
113000073,171,502,-331
113000074,84,73,11
113000075,130,109,21
113000076,372,586,-214
113000077,0,0,0
113000078,236,606,-370
113000079,316,207,109
113000080,4,5,-1
113000081,0,0,0
113000082,422,218,204
113000083,0,0,0
113000084,394,296,98
113000085,47,57,-10
113000086,165,339,-174
113000087,72,34,38
113000088,708,352,356
113000089,24,68,-44
113000090,3,64,-61
113000091,381,116,265
113000094,34,6,28
113000095,67,616,-549
113000096,87,409,-322
113000097,31,16,15
113000098,0,0,0
113000099,85,22,63
113000100,60,181,-121
113000101,110,122,-12
113000102,3,23,-20
113000103,533,417,116
113000104,25,181,-156
113000105,23,26,-3
113000106,62,314,-252
113000107,55,68,-13
113000108,221,560,-339
113000109,93,209,-116
113000110,3,0,3
113000111,25,68,-43
113000112,0,0,0
113000113,0,0,0
113000114,128,206,-78
113000116,96,29,67
113000117,77,30,47
113000118,1,19,-18
113000119,5,76,-71
113000120,0,6,-6
113000121,72,148,-76
113000124,0,0,0
113000125,0,0,0
113000127,970,140,830
113000128,2,0,2
113000129,569,299,270
113000133,1861,378,1483
113000134,11,205,-194
113000135,31,69,-38
113000137,0,0,0
113000139,0,0,0
113000140,172,225,-53
113000141,0,0,0
113000142,248,309,-61
113000143,0,0,0
113000144,97,94,3
113000145,0,0,0
113000146,20,56,-36
113000147,37,53,-16
113000148,0,0,0
113000149,0,0,0
113000150,128,86,42
113000151,93,39,54
113000152,0,0,0
113000153,412,54,358
113000154,137,192,-55
113000155,60,74,-14
113000156,51,77,-26
113000157,60,172,-112
113000158,198,60,138
113000159,270,145,125
113000160,122,246,-124
113000161,9,34,-25
113000162,225,123,102
113000163,0,0,0
113000164,5,63,-58
113000166,0,0,0
113000167,17,191,-174
113000168,32,261,-229
113000169,0,0,0
113000170,0,0,0
113000171,68,96,-28
113000172,0,0,0
113000173,0,0,0
113000174,34,438,-404
113000175,0,0,0
113000176,0,0,0
113000177,27,398,-371
113000178,45,355,-310
113000179,0,0,0
113000180,63,246,-183
113000181,140,423,-283
113000182,50,36,14
113000183,95,298,-203
113000184,5,73,-68
113000189,58,92,-34
113000190,178,26,152
113000192,630,389,241
113000193,495,164,331
113000194,324,320,4
113000195,157,92,65
113000196,10,26,-16
113000197,93,84,9
113000198,8,68,-60
113000199,22,15,7
113000201,14,67,-53
113000202,675,156,519
113000203,0,0,0
113000204,279,369,-90
113000205,11,16,-5
113000206,0,0,0
113000207,18,14,4
113000208,0,0,0
113000209,5,13,-8
113000210,0,0,0
113000211,23,11,12
113000212,24,1,23
113000213,2,25,-23
113000214,12,68,-56
113000234,47,421,-374
113000410,12,11,1
113000411,774,1195,-421
113000412,3510,700,2810
113000413,1545,671,874
113000414,3786,939,2847
113000415,1114,1238,-124
113000416,4166,1603,2563
113000417,1120,1062,58
113000418,936,873,63
113000419,611,597,14
113000420,1872,1016,856
113000421,677,475,202
113000422,7653,1079,6574
113000423,1944,880,1064
113000424,2018,1047,971
113000425,8,48,-40
113000428,60,61,-1
113000430,17,49,-32
113000432,37,24,13
113000433,37,392,-355
113000434,13,260,-247
113000435,6,396,-390
113000436,10,503,-493
113000437,0,0,0
113000438,0,0,0
113000439,1,59,-58
113000440,0,0,0
113000441,0,0,0
113000442,18,130,-112
113000443,0,0,0
113000444,9,112,-103
113000445,0,0,0
113000446,1,38,-37
113000448,49,49,0
113000449,0,0,0
113000450,35,15,20
113000451,267,19,248
113000452,0,0,0
113000453,17,90,-73
113000454,0,0,0
113000455,4,53,-49
113000456,270,215,55
113000468,148,16,132
113000469,39,21,18
113000470,0,0,0
113000471,0,0,0
113000472,30,56,-26
113000474,37,189,-152
113000475,321,539,-218
113000476,158,765,-607
113000477,483,894,-411
113000478,839,1385,-546
113000479,4,154,-150
113000480,5,12,-7
113000481,0,0,0
113000482,0,0,0
113000483,0,0,0
113000484,0,0,0
113000485,0,0,0
113000486,0,0,0
113000487,0,0,0
113000488,0,0,0
113000489,0,0,0
113000490,0,0,0
113000491,0,0,0
113000492,0,0,0
113000493,0,0,0
113000495,11,73,-62
113000496,0,0,0
113000500,0,7,-7
113900001,0,0,0
113900002,0,0,0
113900003,0,0,0
113900004,0,0,0
113900005,0,0,0
113900006,0,0,0
113900007,0,0,0
113900008,0,0,0
113900009,0,0,0
113900010,0,0,0
113900011,0,0,0
113900012,0,0,0
113900013,0,0,0
113900014,0,0,0
113900015,0,5,-5
113900016,0,0,0
113900017,0,0,0
113900018,32,1,31
113900019,0,1,-1
113900020,0,0,0
113900022,0,0,0
113900023,0,0,0
113900024,1,10,-9
113900025,0,0,0
113900026,0,0,0
113900027,0,0,0
113900028,0,0,0
113900029,0,25,-25
113900030,0,0,0
113900031,0,0,0
113900032,0,0,0
113900033,0,3,-3
113900035,0,0,0
113900036,0,0,0
113900037,0,0,0
113900038,4,0,4
113900039,0,0,0
113900040,0,0,0
113900041,0,0,0
113900042,3,2,1
113900043,4,7,-3
113900044,0,0,0
113900045,0,0,0
113900046,36,83,-47
113900047,0,0,0
113900048,88,10,78
113900049,67,2,65
113900050,26,27,-1
113900051,5,42,-37
113900052,0,0,0
113900053,0,0,0
113900054,0,0,0
113900055,3,81,-78
113900056,0,0,0
113900057,2,12,-10
113900058,4,16,-12
113900059,1,38,-37
113900060,0,0,0
113900061,0,0,0
113900062,0,0,0
113900063,0,0,0
113900064,1,12,-11
113900065,0,0,0
113900066,4,49,-45
113900067,0,0,0
113900068,0,0,0
113900069,0,0,0
113900070,12,78,-66
113900071,0,0,0
113900072,3,25,-22
113900073,1,42,-41
113900074,0,0,0
113900075,0,0,0
113900076,0,0,0
113900077,1,34,-33
113900078,0,0,0
113900079,0,4,-4
113900080,0,0,0
113900081,1,31,-30
113900082,2,43,-41
113900083,0,0,0
113900084,0,0,0
113900085,3,67,-64
113900086,0,0,0
113900087,0,0,0
113900088,0,0,0
113900089,0,0,0
113900090,0,0,0
113900091,0,0,0
113900092,0,7,-7
113900093,0,44,-44
113900094,0,0,0
113900095,0,0,0
113900096,0,0,0
113900097,0,18,-18
113900098,0,0,0
113900099,0,0,0
113900100,0,0,0
113900101,1,5,-4
113900102,0,5,-5
113900103,0,0,0
113900104,0,0,0
113900105,1,42,-41
113900106,0,0,0
113900107,0,0,0
113900108,2,21,-19
113900109,5,5,0
113900110,0,0,0
113900111,0,0,0
113900112,4,9,-5
113900113,14,3,11
113900114,0,0,0
113900115,0,0,0
113900116,0,25,-25
113900117,2,1,1
113900118,0,0,0
113900119,0,0,0
113900120,0,0,0
113900121,0,0,0
113900122,0,0,0
113900123,6,3,3
113900124,0,0,0
113900125,2,20,-18
113900126,7,1,6
113900127,5,8,-3
113900128,0,0,0
113900129,0,0,0
113900130,0,0,0
113900131,2,5,-3
113900132,0,0,0
113900133,2,4,-2
113900135,13,95,-82
113900136,2,2,0
113900137,5,4,1
113900138,0,0,0
113900139,118,6,112
113900140,0,0,0
113900141,2,38,-36
113900142,3,8,-5
113900143,3,3,0
113900144,1,2,-1
113900145,6,6,0
113900146,5,3,2
113900148,2,9,-7
113900149,0,0,0
113900150,236,92,144
113900151,1,7,-6
113900152,0,2,-2
113900153,76,41,35
113900154,0,0,0
113900155,37,17,20
113900156,26,149,-123
113900157,0,10,-10
113900158,92,15,77
113900159,0,0,0
113900160,58,191,-133
113900161,1,7,-6
113900162,104,53,51
113900163,16,18,-2
113900164,0,0,0
113900165,171,89,82
113900166,2,6,-4
113900167,0,0,0
113900168,13,15,-2
113900169,19,92,-73
113900171,0,0,0
113900172,2,49,-47
113900173,5,68,-63
113900174,36,207,-171
113900175,0,0,0
113900176,38,210,-172
113900177,8,20,-12
113900178,0,0,0
113900179,0,106,-106
113900180,8,16,-8
113900181,0,0,0
113900182,60,232,-172
113900183,5,4,1
113900184,5,115,-110
113900185,6,13,-7
113900186,0,7,-7
113900187,2,16,-14
113900188,2,16,-14
113900189,0,0,0
113900190,85,35,50
113900191,25,16,9
113900192,0,0,0
113900193,1,43,-42
113900194,161,74,87
113900195,41,106,-65
113900196,1,9,-8
113900197,0,50,-50
113900198,0,35,-35
113900199,21,75,-54
113900200,1,20,-19
113900201,0,52,-52
113900202,6,27,-21
113900203,0,34,-34
113900204,3,90,-87
113900205,4,9,-5
113900206,0,13,-13
113900207,1,19,-18
113900208,0,3,-3
113900209,0,25,-25
113900210,85,118,-33
113900211,32,0,32
113900212,0,108,-108
113900214,66,45,21
113900215,0,44,-44
113900216,0,88,-88
113900217,0,0,0
113900218,0,0,0
113900219,13,41,-28
113900220,0,0,0
113900221,0,0,0
113900222,0,7,-7
113900223,2,178,-176
113900224,21,6,15
113900225,0,0,0
113900226,1,0,1
113900227,0,1,-1
113900228,21,8,13
113900229,1,22,-21
113900230,199,37,162
113900231,10,24,-14
113900232,4,14,-10
113900233,0,6,-6
113900234,1,13,-12
113900235,0,0,0
113900236,0,0,0
113900237,0,0,0
113900238,3,8,-5
113900239,0,2,-2
113900240,0,2,-2
113900241,17,7,10
113900242,6,14,-8
113900243,7,42,-35
113900244,94,13,81
113900245,169,12,157
113900246,0,0,0
113900247,0,0,0
113900248,347,26,321
113900249,0,0,0
113900250,0,0,0
113900251,5,30,-25
113900252,0,0,0
113900253,0,0,0
113900254,0,0,0
113900255,0,0,0
113900256,0,0,0
113900257,14,119,-105
113900258,0,82,-82
113900259,1,44,-43
113900260,0,6,-6
113900261,0,29,-29
113900262,0,130,-130
113900263,6,53,-47
113900264,1,124,-123
113900265,22,52,-30
113900266,6,74,-68
113900267,8,43,-35
113900268,2,3,-1
113900269,8,31,-23
113900270,21,82,-61
113900271,36,351,-315
113900273,0,0,0
113900274,0,0,0
113900275,2,6,-4
113900276,2,44,-42
113900277,0,0,0
113900278,12,10,2
113900279,3,15,-12
113900280,71,41,30
113900281,12,77,-65
113900282,47,8,39
113900283,0,0,0
113900284,0,8,-8
113900285,0,5,-5
113900286,0,0,0
113900287,0,6,-6
113900288,0,19,-19
113900289,146,0,146
113900290,82,9,73
113900291,22,46,-24
113900292,0,0,0
113900293,0,40,-40
113900294,0,0,0
113900295,28,6,22
113900296,14,2,12
113900297,3,3,0
113900298,0,404,-404
113900299,0,0,0
113900300,399,10,389
113900301,0,0,0
113900302,0,9,-9
113900303,37,4,33
113900304,2,67,-65
113900305,0,0,0
113900306,0,0,0
113900307,0,0,0
113900308,5,9,-4
113900309,1,137,-136
113900310,0,0,0
113900311,0,0,0
113900312,0,1,-1
113900313,0,0,0
114000001,356,839,-483
114000002,0,3,-3
114000003,2,13,-11
114000004,19,52,-33
114000005,6,6,0
114000006,552,600,-48
114000007,100,421,-321
114000008,257,329,-72
114000009,10,6,4
114000011,659,926,-267
114000012,236,864,-628
114000013,193,695,-502
114000014,127,200,-73
114000015,82,120,-38
114000016,18,153,-135
114000017,25,19,6
114000018,94,16,78
114000026,132,558,-426
114000027,231,530,-299
114000028,352,590,-238
114000038,8,7,1
114000039,25,55,-30
114000040,21,32,-11
114000042,37,68,-31
114000043,2,32,-30
114000044,7,16,-9
114000045,2,41,-39
114000046,391,1414,-1023
114000047,0,8,-8
114000048,4,11,-7
114000049,52,86,-34
114000050,49,92,-43
114000051,206,201,5
114000052,181,88,93
114000053,1,30,-29
114000054,0,78,-78
114000055,9,9,0
114000056,249,260,-11
114000057,2364,704,1660
114000058,78,32,46
114000059,48,50,-2
114000060,84,335,-251
114000061,219,40,179
114000062,83,35,48
114000063,787,871,-84
114000064,2490,660,1830
114000065,446,853,-407
114000066,40,196,-156
114000067,0,0,0
114000068,50,22,28
114000069,54,36,18
114000070,115,25,90
114000071,25,100,-75
114000072,14,54,-40
114000073,0,0,0
114000074,4,9,-5
114000075,0,0,0
114000076,0,0,0
114000077,0,0,0
114000078,9,142,-133
114000079,9,14,-5
114000080,2,2,0
114000081,0,0,0
114000082,13,201,-188
114000083,21,114,-93
114000084,4,6,-2
114000085,16,229,-213
114000086,21,224,-203
114000087,4,60,-56
114000088,0,0,0
114000089,139,98,41
114000090,55,52,3
114000091,167,67,100
114000092,98,86,12
114000093,50,181,-131
114000094,29,80,-51
114000095,0,0,0
114000096,10,157,-147
114000097,4,190,-186
114000098,0,0,0
114000099,11,156,-145
114000100,14,85,-71
114000101,42,332,-290
114000102,0,0,0
114000103,7,59,-52
114000104,0,26,-26
114000105,6,11,-5
114000106,132,40,92
114000107,21,25,-4
114000108,770,466,304
114000109,0,0,0
114000110,72,533,-461
114000111,0,0,0
114000112,66,583,-517
114000113,0,0,0
114000114,252,619,-367
114000115,0,0,0
114000116,55,23,32
114000117,60,19,41
114000118,98,19,79
114000119,66,10,56
114000120,165,345,-180
114000121,96,201,-105
114000122,94,90,4
114000123,19,7,12
114000124,4,6,-2
114000125,259,658,-399
114000126,8,5,3
114000127,5,54,-49
114000128,34,85,-51
114000130,0,0,0
114000131,0,0,0
114000132,216,261,-45
114000133,243,336,-93
114000134,10,47,-37
114000138,24,45,-21
114000139,0,4,-4
114000144,26,11,15
114000145,5,38,-33
114000146,2,44,-42
114000147,22,23,-1
114000148,52,10,42
114000149,9,23,-14
114000150,302,190,112
114000151,16,6,10
114000152,7,18,-11
114000153,266,268,-2
114000154,128,159,-31
114000155,85,134,-49
114000156,15,75,-60
114000157,25,143,-118
114000158,462,121,341
114000159,44,29,15
114000160,21,30,-9
114000161,63,15,48
114000162,4,7,-3
114000163,3,21,-18
114000165,0,8,-8
114000166,92,16,76
114000167,829,456,373
114000168,218,326,-108
114000169,221,118,103
114000170,72,104,-32
114000171,73,85,-12
114000174,92,218,-126
114000176,155,200,-45
114000177,661,331,330
114000178,0,0,0
114000179,74,7,67
114000180,122,325,-203
114000181,216,377,-161
114000182,1611,846,765
114000183,360,324,36
114000184,226,788,-562
114000185,67,42,25
114000189,0,0,0
114000190,2,0,2
114000191,0,0,0
114000192,125,662,-537
114000193,316,1453,-1137
114000194,312,496,-184
114000195,0,0,0
114000196,2,117,-115
114000197,0,16,-16
114000198,276,126,150
114000199,366,178,188
114000200,56,813,-757
114000201,18,361,-343
114000202,198,237,-39
114000203,72,287,-215
114000204,21,110,-89
114000205,13,536,-523
114000206,64,494,-430
114000207,197,1037,-840
114000208,81,1237,-1156
114000209,160,1412,-1252
114000210,86,739,-653
114000211,37,211,-174
114000212,93,212,-119
114000213,266,97,169
114000214,4,39,-35
114000215,0,35,-35
114000216,75,0,75
114000217,1,99,-98
114000218,8,64,-56
114000219,63,148,-85
114000220,4,670,-666
114000221,57,36,21
114000222,25,498,-473
114000223,0,0,0
114000224,27,245,-218
114000225,33,224,-191
114000226,4,140,-136
114000227,84,117,-33
114000228,39,156,-117
114000229,96,412,-316
114000230,107,185,-78
114000231,169,449,-280
114000232,10,42,-32
114000233,76,33,43
114000234,77,107,-30
114000235,159,550,-391
114000236,3,433,-430
114000237,18,425,-407
114000238,1,9,-8
114000239,9,508,-499
114000240,157,280,-123
114000241,50,505,-455
114000242,260,367,-107
114000243,158,127,31
114000244,0,0,0
114000245,78,367,-289
114000246,84,22,62
114000247,60,113,-53
114000248,88,97,-9
114000249,44,84,-40
114000250,75,199,-124
114000251,25,129,-104
114000252,11,22,-11
114000253,0,0,0
114000254,2,20,-18
114000255,116,43,73
114000256,39,21,18
114000257,130,919,-789
114000258,20,114,-94
114000259,14,133,-119
114000260,0,60,-60
114000261,21,0,21
114000262,8,51,-43
114000263,0,0,0
114000264,19,81,-62
114000265,0,4,-4
114000267,3,542,-539
114000268,1,872,-871
114000270,0,0,0
114000271,57,21,36
114000283,69,93,-24
114000285,30,138,-108
114000288,5,190,-185
114000289,111,31,80
114000293,23,148,-125
114000294,13,12,1
114000395,55,1,54
114000396,0,21,-21
114000402,17,51,-34
114000403,21,53,-32
114000405,21,257,-236
114000423,6,219,-213
114000424,36,72,-36
114000425,34,243,-209
114000426,0,0,0
114000427,11,69,-58
114000428,0,0,0
114000429,8,74,-66
114000432,2,20,-18
114000434,8,39,-31
114000435,0,55,-55
114000436,1344,552,792
114000437,4,27,-23
114900001,0,0,0
114900002,0,0,0
114900003,0,0,0
114900004,0,0,0
114900005,0,0,0
114900006,0,0,0
114900007,0,0,0
114900008,0,0,0
114900010,7,0,7
114900011,0,0,0
114900013,0,0,0
114900015,0,0,0
114900018,0,0,0
114900020,0,0,0
114900022,0,38,-38
114900024,0,0,0
114900025,0,0,0
114900026,0,0,0
114900027,0,0,0
114900029,0,0,0
114900030,0,0,0
114900031,0,0,0
114900032,0,0,0
114900033,0,0,0
114900034,2,45,-43
114900035,2,19,-17
114900036,19,165,-146
114900037,5,21,-16
114900038,12,158,-146
114900039,27,145,-118
114900040,1,8,-7
114900041,21,123,-102
114900042,26,192,-166
114900043,54,22,32
114900044,0,0,0
114900046,2,11,-9
114900047,6,98,-92
114900048,1,20,-19
114900049,1,37,-36
114900050,2,64,-62
114900051,2,73,-71
114900052,6,22,-16
114900053,6,28,-22
114900054,1,28,-27
114900057,0,0,0
114900058,0,33,-33
114900059,0,0,0
114900060,52,14,38
114900061,7,25,-18
114900062,10,13,-3
114900063,5,35,-30
114900064,23,157,-134
114900065,7,132,-125
114900067,0,50,-50
114900068,6,33,-27
114900069,18,9,9
114900070,0,0,0
114900072,0,39,-39
114900073,0,40,-40
114900074,0,0,0
114900075,0,0,0
114900076,0,67,-67
114900080,0,1,-1
114900082,1,151,-150
114900083,0,61,-61
114900090,0,0,0
114900091,3,11,-8
114900095,52,26,26
114900096,20,34,-14
114900097,0,0,0
114900098,0,0,0
114900099,0,0,0
115000001,2833,3083,-250
115000002,526,272,254
115000003,1009,2204,-1195
115000004,358,423,-65
115000005,510,1653,-1143
115000006,101,204,-103
115000007,0,0,0
115000008,32,59,-27
115000009,8,21,-13
115000010,0,0,0
115000013,28,58,-30
115000015,40,111,-71
115000016,132,97,35
115000019,0,61,-61
115000020,0,0,0
115000021,44,157,-113
115000022,200,144,56
115000023,38,53,-15
115000024,313,159,154
115000025,30,62,-32
115000026,36,134,-98
115000027,17,32,-15
115000028,24,248,-224
115000029,19,26,-7
115000030,51,352,-301
115000031,164,45,119
115000032,5,84,-79
115000033,0,0,0
115000034,3,396,-393
115000035,0,0,0
115000036,3,182,-179
115000037,0,0,0
115000038,0,0,0
115000039,266,264,2
115000040,940,427,513
115000041,91,317,-226
115000042,67,109,-42
115000043,214,832,-618
115000044,1399,1763,-364
115000045,356,1064,-708
115000046,68,427,-359
115000047,187,305,-118
115000048,399,1729,-1330
115000049,425,1305,-880
115000050,457,244,213
115000051,622,188,434
115000052,1441,808,633
115000053,286,233,53
115000054,198,352,-154
115000055,15,228,-213
115000056,1,18,-17
115000057,24,153,-129
115000058,1,35,-34
115000059,1,83,-82
115000061,0,0,0
115000062,3,91,-88
115000063,12,117,-105
115000064,0,0,0
115000065,1,73,-72
115000067,0,0,0
115000069,0,106,-106
115000070,3,116,-113
115000071,0,0,0
115000072,28,3,25
115000073,187,2,185
115000075,1,6,-5
115000076,638,682,-44
115000077,146,957,-811
115000078,75,542,-467
115000079,123,666,-543
115000080,162,849,-687
115000081,48,196,-148
115000082,329,776,-447
115000083,330,916,-586
115000084,0,0,0
115000085,67,330,-263
115000086,0,0,0
115000087,117,428,-311
115000088,0,0,0
115000089,601,697,-96
115000090,26,22,4
115000091,72,451,-379
115000092,14,112,-98
115000093,0,0,0
115000094,1592,794,798
115000095,1232,1334,-102
115000096,49,574,-525
115000097,29,279,-250
115000098,47,359,-312
115000099,75,813,-738
115000100,15,44,-29
115000101,109,774,-665
115000102,34,27,7
115000103,102,347,-245
115000105,0,2,-2
115000106,30,26,4
115000107,24,276,-252
115000108,1318,1408,-90
115000109,320,168,152
115000110,513,197,316
115000111,128,384,-256
115000112,125,189,-64
115000113,129,220,-91
115000114,432,249,183
115000116,652,286,366
115000117,269,255,14
115000118,256,365,-109
115000119,272,286,-14
115000120,128,289,-161
115000121,664,233,431
115000122,758,242,516
115000123,429,262,167
115000124,141,139,2
115000125,34,122,-88
115000126,22,92,-70
115000127,45,51,-6
115000128,126,138,-12
115000129,3,31,-28
115000130,12,228,-216
115000131,13,63,-50
115000132,6,97,-91
115000133,11,92,-81
115000134,10,58,-48
115000135,5,63,-58
115000136,0,0,0
115000137,9,103,-94
115000138,0,0,0
115000139,40,178,-138
115000140,0,0,0
115000141,16,186,-170
115000142,11,179,-168
115000143,0,0,0
115000144,8,5,3
115000145,21,232,-211
115000146,0,0,0
115000147,22,182,-160
115000148,93,404,-311
115000149,54,38,16
115000150,144,346,-202
115000151,35,47,-12
115000152,102,554,-452
115000153,46,44,2
115000154,33,25,8
115000155,93,359,-266
115000156,42,28,14
115000157,173,263,-90
115000158,23,34,-11
115000159,26,37,-11
115000160,135,51,84
115000161,60,104,-44
115000162,1,1,0
115000163,267,228,39
115000164,178,182,-4
115000165,0,0,0
115000167,0,0,0
115000168,0,0,0
115000169,173,195,-22
115000170,27,92,-65
115000171,0,0,0
115000172,285,137,148
115000173,0,0,0
115000174,0,0,0
115000175,7,47,-40
115000176,0,0,0
115000177,2,34,-32
115000178,1,70,-69
115000179,0,0,0
115000180,17,240,-223
115000181,0,0,0
115000182,0,0,0
115000183,23,360,-337
115000186,42,66,-24
115000187,19,250,-231
115000188,101,95,6
115000189,51,160,-109
115000190,96,47,49
115000191,42,101,-59
115000194,64,69,-5
115000195,0,0,0
115000196,0,0,0
115000197,2,92,-90
115000198,0,0,0
115000199,13,91,-78
115000200,0,0,0
115000201,23,186,-163
115000206,0,0,0
115000207,7,156,-149
115000208,111,329,-218
115000209,74,35,39
115000210,9,11,-2
115000211,81,90,-9
115000212,295,146,149
115000224,0,0,0
115000225,0,0,0
115000229,0,0,0
115000230,0,0,0
115000231,84,902,-818
115000232,23,110,-87
115000233,14,174,-160
115000234,0,0,0
115000241,0,0,0
115000242,0,0,0
115000243,0,0,0
115000244,0,0,0
115000246,0,0,0
115000247,0,0,0
115000248,0,0,0
115000249,0,0,0
115000250,6,7,-1
115000251,0,0,0
115000252,0,0,0
115000253,0,0,0
115000258,0,0,0
115000259,0,0,0
115000261,0,0,0
115000262,0,0,0
115000263,0,0,0
115000264,0,0,0
115000267,0,0,0
115000268,0,11,-11
115000269,0,0,0
115000270,0,0,0
115000272,0,0,0
115000273,0,0,0
115000280,0,0,0
115000281,140,27,113
115000282,169,36,133
115000284,141,76,65
115000296,0,0,0
115000297,0,0,0
115000298,18,18,0
115000300,1,72,-71
115000302,0,0,0
115000303,0,0,0
115000304,0,0,0
115000305,4,273,-269
115000306,12,173,-161
115000307,2,89,-87
115000308,8,2,6
115000309,0,0,0
115000310,115,397,-282
115000311,0,0,0
115000313,43,181,-138
115000314,0,0,0
115000315,353,153,200
115000316,0,0,0
115000317,19,225,-206
115000318,80,33,47
115000319,7,129,-122
115000320,5,44,-39
115000321,107,5,102
115000322,6,117,-111
115000449,0,0,0
115000557,0,10,-10
115000558,0,0,0
115000587,26,29,-3
115000588,1199,2317,-1118
115000589,789,457,332
115000590,197,868,-671
115000591,66,96,-30
115000592,152,784,-632
115000593,120,62,58
115000594,306,673,-367
115000609,0,0,0
115000617,245,97,148
115000624,1,4,-3
115000633,40,789,-749
115000634,816,173,643
115000635,35,9,26
115000638,0,0,0
115000641,0,0,0
115000642,32,24,8
115000643,9,128,-119
115000644,15,118,-103
115000646,201,278,-77
115000647,18,186,-168
115000648,49,506,-457
115000893,462,138,324
115000894,28,703,-675
115000895,88,631,-543
115000896,114,39,75
115000897,99,1,98
115000898,149,22,127
115000899,221,172,49
115000900,55,26,29
115000901,33,25,8
115000912,21,9,12
115000913,1,19,-18
115000915,0,0,0
115000916,1,0,1
115000917,0,0,0
115000918,0,0,0
115000919,0,0,0
115000920,1,3,-2
115000921,211,4,207
115000922,51,67,-16
115000923,80,447,-367
115000925,13,27,-14
115000927,0,0,0
115000933,47,38,9
115000934,0,0,0
115000935,0,0,0
115900001,0,0,0
115900002,0,0,0
115900003,0,0,0
115900004,0,0,0
115900005,0,0,0
115900006,0,0,0
115900008,0,0,0
115900009,0,0,0
115900010,0,0,0
115900011,4,21,-17
115900012,0,0,0
115900013,0,0,0
115900014,9,10,-1
115900015,0,0,0
115900016,0,0,0
115900017,0,0,0
115900018,12,1,11
115900019,0,0,0
115900020,0,0,0
115900021,107,5,102
115900022,0,0,0
115900023,0,0,0
115900025,0,0,0
115900026,2,2,0
115900027,0,21,-21
115900028,34,3,31
115900029,0,72,-72
115900030,0,0,0
115900031,0,0,0
115900032,0,1,-1
115900033,0,1,-1
115900034,0,54,-54
115900035,0,0,0
115900036,4,2,2
115900037,2,47,-45
115900038,0,0,0
115900039,0,0,0
115900041,5,1,4
115900042,0,0,0
115900043,0,0,0
115900044,0,0,0
115900046,3,25,-22
115900047,0,0,0
115900049,2,4,-2
115900051,0,24,-24
115900052,0,34,-34
115900053,0,3,-3
115900054,0,14,-14
115900055,1,16,-15
115900056,1,0,1
115900057,0,0,0
115900058,3,7,-4
115900060,0,0,0
115900061,0,0,0
115900062,2,81,-79
115900063,12,2,10
115900064,0,0,0
115900065,0,0,0
115900066,20,11,9
115900067,0,161,-161
115900068,410,1,409
115900069,0,0,0
115900070,1,2,-1
115900071,0,34,-34
115900072,11,12,-1
115900073,0,0,0
115900074,1,61,-60
115900075,0,20,-20
115900076,0,0,0
115900077,0,70,-70
115900078,2,9,-7
115900079,0,0,0
115900080,0,0,0
115900081,1,21,-20
115900082,4,1,3
115900084,0,0,0
115900085,0,16,-16
115900086,132,12,120
115900088,0,6,-6
115900089,1,102,-101
115900090,0,0,0
115900091,0,3,-3
115900092,0,14,-14
115900093,0,5,-5
115900094,2,43,-41
115900096,1,1,0
115900097,1,49,-48
115900098,3,33,-30
115900099,0,1,-1
115900100,0,90,-90
115900101,1,33,-32
115900102,0,0,0
115900103,1,14,-13
115900104,0,0,0
115900105,0,0,0
115900106,0,6,-6
115900107,0,0,0
115900108,0,0,0
115900109,8,58,-50
115900110,0,0,0
115900111,1,18,-17
115900112,4,86,-82
115900113,0,0,0
115900114,0,36,-36
115900115,0,2,-2
115900116,7,103,-96
115900117,0,0,0
115900118,0,90,-90
115900119,4,5,-1
115900120,1,20,-19
115900121,16,49,-33
115900124,18,51,-33
115900125,8,1,7
115900126,65,11,54
115900127,35,1,34
115900128,0,0,0
115900129,55,6,49
115900130,0,2,-2
115900131,10,1,9
115900132,10,0,10
115900134,13,2,11
115900135,4,0,4
115900137,0,0,0
115900139,5,0,5
115900140,0,0,0
115900141,0,1,-1
115900142,0,0,0
115900143,1,18,-17
115900144,1,17,-16
115900146,0,0,0
115900147,0,0,0
115900148,0,1,-1
115900149,0,3,-3
115900150,0,0,0
115900151,0,12,-12
115900152,1,80,-79
115900153,4,61,-57
115900154,87,57,30
115900155,0,0,0
115900156,92,170,-78
115900157,4,86,-82
115900158,0,0,0
115900159,5,62,-57
115900160,0,0,0
115900161,2,36,-34
115900163,13,25,-12
115900164,0,0,0
115900165,0,9,-9
115900166,0,0,0
115900168,0,6,-6
115900171,6,57,-51
115900172,2,49,-47
115900173,0,0,0
115900174,35,44,-9
115900175,4,7,-3
115900178,2,117,-115
115900179,0,0,0
115900180,0,0,0
115900181,5,17,-12
115900182,3,25,-22
115900183,2,1,1
115900184,0,0,0
115900187,0,0,0
115900189,0,11,-11
115900190,0,41,-41
115900191,8,54,-46
115900192,0,8,-8
115900193,3,11,-8
115900194,41,1,40
115900195,55,57,-2
115900198,0,2,-2
115900199,25,44,-19
115900200,48,58,-10
115900201,14,28,-14
115900202,0,0,0
115900203,0,0,0
115900204,0,0,0
115900205,3,2,1
115900206,1,6,-5
115900207,0,0,0
115900208,0,0,0
115900209,0,31,-31
115900210,0,19,-19
115900211,1,22,-21
115900212,1,6,-5
115900213,0,0,0
115900214,0,30,-30
115900215,0,0,0
115900216,0,43,-43
115900217,0,21,-21
115900218,0,14,-14
115900219,0,0,0
115900220,0,0,0
115900221,0,0,0
115900222,0,0,0
115900223,0,0,0
115900224,0,0,0
115900225,0,0,0
115900226,0,0,0
115900227,0,0,0
115900228,0,0,0
115900229,0,0,0
115900230,0,0,0
115900231,0,1,-1
115900232,0,0,0
115900233,0,0,0
115900234,0,0,0
115900235,0,0,0
115900236,0,5,-5
115900237,0,24,-24
115900238,0,5,-5
115900239,0,10,-10
115900240,1,25,-24
115900241,0,3,-3
115900242,1,2,-1
115900243,0,0,0
115900244,0,2,-2
115900245,2,2,0
115900246,0,0,0
115900247,0,0,0
115900248,0,0,0
115900249,0,0,0
115900250,0,0,0
115900251,0,0,0
115900252,0,0,0
115900253,0,0,0
115900254,0,0,0
115900255,0,0,0
115900256,0,0,0
115900257,0,0,0
115900258,0,0,0
115900259,0,0,0
115900260,0,0,0
115900261,0,0,0
115900262,0,0,0
115900263,0,0,0
115900264,0,0,0
115900265,0,0,0
115900266,0,0,0
115900267,0,0,0
115900268,0,0,0
115900269,3,15,-12
115900270,0,0,0
115900271,0,0,0
115900272,0,0,0
115900273,0,0,0
115900274,1,0,1
115900275,0,5,-5
115900276,0,12,-12
115900277,0,22,-22
115900278,0,21,-21
115900279,0,19,-19
115900280,0,14,-14
115900281,1,10,-9
116000001,8324,1297,7027
116000002,1023,382,641
116000003,643,686,-43
116000004,660,175,485
116000005,509,913,-404
116000006,283,198,85
116000007,937,1255,-318
116000008,557,485,72
116000009,395,705,-310
116000010,191,80,111
116000011,148,232,-84
116000012,144,130,14
116000013,6974,1247,5727
116000014,796,148,648
116000015,92,291,-199
116000016,542,94,448
116000017,17,160,-143
116000018,52,48,4
116000019,49,91,-42
116000020,34,101,-67
116000021,11,81,-70
116000022,11,37,-26
116000023,28,46,-18
116000024,57,192,-135
116000025,33,53,-20
116000026,162,609,-447
116000027,30,117,-87
116000028,0,0,0
116000029,331,141,190
116000030,0,0,0
116000031,54,53,1
116000032,16,132,-116
116000033,3,135,-132
116000034,17,174,-157
116000035,51,254,-203
116000036,109,64,45
116000037,0,0,0
116000038,0,0,0
116000039,151,54,97
116000040,0,0,0
116000041,33,130,-97
116000042,0,0,0
116000043,12,170,-158
116000044,0,0,0
116000045,1,2,-1
116000046,289,400,-111
116000047,390,546,-156
116000048,60,64,-4
116000049,36,160,-124
116000050,265,487,-222
116000051,93,139,-46
116000052,414,872,-458
116000053,0,0,0
116000054,112,697,-585
116000055,115,380,-265
116000056,0,0,0
116000057,1334,535,799
116000058,768,247,521
116000059,270,133,137
116000060,814,122,692
116000061,104,83,21
116000062,64,77,-13
116000063,74,142,-68
116000066,0,0,0
116000067,86,149,-63
116000068,0,0,0
116000069,137,123,14
116000078,0,0,0
116000080,330,372,-42
116000082,1,44,-43
116000083,112,66,46
116000084,80,436,-356
116000085,270,88,182
116000086,84,232,-148
116000087,174,89,85
116000088,143,312,-169
116000089,3,6,-3
116000090,0,0,0
116000091,2,3,-1
116000093,80,47,33
116000094,27,298,-271
116000095,54,74,-20
116000096,44,282,-238
116000097,56,151,-95
116000098,16,505,-489
116000099,1215,47,1168
116000100,8,0,8
116000101,15,47,-32
116000102,14,262,-248
116000103,9,50,-41
116000104,4,236,-232
116000105,26,51,-25
116000106,21,254,-233
116000107,41,126,-85
116000108,2,47,-45
116000111,0,0,0
116000113,0,0,0
116000114,2,15,-13
116000115,0,0,0
116000116,12,48,-36
116000117,25,74,-49
116000118,101,593,-492
116000119,7,62,-55
116000120,419,1528,-1109
116000121,0,0,0
116000122,318,1315,-997
116000123,0,0,0
116000124,89,766,-677
116000125,18,4,14
116000126,45,872,-827
116000127,237,624,-387
116000128,18,11,7
116000129,7,16,-9
116000130,3,8,-5
116000133,181,374,-193
116000134,123,1164,-1041
116000135,147,195,-48
116000136,162,903,-741
116000137,52,110,-58
116000138,419,99,320
116000139,189,615,-426
116000140,20,114,-94
116000141,36,194,-158
116000142,929,1302,-373
116000143,576,123,453
116000144,255,1202,-947
116000145,326,276,50
116000146,25,71,-46
116000147,51,12,39
116000148,5,46,-41
116000149,4,56,-52
116000151,98,378,-280
116000153,0,0,0
116000155,0,0,0
116000156,76,303,-227
116000157,0,0,0
116000158,34,174,-140
116000159,0,0,0
116000160,0,36,-36
116000161,4,10,-6
116000162,124,6,118
116000163,4,2,2
116000164,1,13,-12
116000177,3,26,-23
116000194,2,218,-216
116000195,75,101,-26
116000196,0,0,0
116000197,0,0,0
116000198,101,116,-15
116000200,0,0,0
116000201,76,139,-63
116000202,0,1,-1
116000203,0,7,-7
116000204,0,4,-4
116000205,0,21,-21
116000206,0,14,-14
116000207,0,5,-5
116000233,1,53,-52
116000287,15,240,-225
116000288,0,0,0
116000292,0,24,-24
116000296,0,0,0
116000297,0,0,0
116000304,0,0,0
116000305,0,0,0
116000346,7,35,-28
116000352,3,12,-9
116000354,2,4,-2
116000357,0,3,-3
116000358,0,0,0
116000361,0,0,0
116000372,2323,601,1722
116000381,0,0,0
116000388,1,10,-9
116000389,23,34,-11
116000445,32,421,-389
116000446,0,0,0
116000447,1,217,-216
116000448,0,0,0
116000563,0,0,0
116000565,25,65,-40
116000568,4,9,-5
116000579,2,27,-25
116000584,6,1,5
116000585,0,2,-2
116000586,70,20,50
116000587,0,82,-82
116000589,2,26,-24
116000590,0,0,0
116000591,0,0,0
116000592,0,0,0
116000593,1,10,-9
116000594,17,142,-125
116000595,13,51,-38
116000596,4,4,0
116000597,0,0,0
116000598,5,47,-42
116000602,0,19,-19
116000605,1,16,-15
116000606,0,0,0
116000607,1,9,-8
116000609,3,100,-97
116000611,12,275,-263
116000612,127,278,-151
116000613,0,0,0
116000614,114,393,-279
116000615,0,115,-115
116000616,4,45,-41
116000617,4,51,-47
116000618,0,71,-71
116000619,0,5,-5
116000620,0,0,0
116000621,0,0,0
116000622,0,0,0
116000624,0,1,-1
116000627,1,9,-8
116000628,0,0,0
116000629,1,3,-2
116000630,0,0,0
116000631,0,0,0
116000632,0,0,0
116000633,0,0,0
116000634,0,0,0
116000635,105,107,-2
116900001,0,0,0
116900002,0,0,0
116900003,0,2,-2
116900004,0,0,0
116900005,0,9,-9
116900006,0,0,0
116900007,0,0,0
116900008,0,144,-144
116900009,0,0,0
116900010,0,282,-282
116900011,0,2,-2
116900012,0,0,0
116900013,0,62,-62
116900014,0,0,0
116900015,0,0,0
116900016,0,0,0
116900017,0,110,-110
116900018,0,0,0
116900019,2,50,-48
116900020,30,7,23
116900023,0,0,0
116900024,0,0,0
116900025,0,92,-92
116900026,1,96,-95
116900027,0,0,0
116900028,0,13,-13
116900029,0,0,0
116900031,0,0,0
116900032,2,33,-31
116900033,0,0,0
116900034,1,4,-3
116900035,3,25,-22
116900036,0,6,-6
116900038,0,0,0
116900041,0,0,0
116900042,119,30,89
116900043,0,5,-5
116900045,0,0,0
116900047,0,0,0
116900049,4,34,-30
116900050,4,19,-15
116900051,0,0,0
116900052,0,0,0
116900055,0,0,0
116900057,1,52,-51
116900058,0,15,-15
116900059,0,0,0
116900060,5,37,-32
116900062,0,0,0
116900064,6,216,-210
116900065,0,5,-5
116900067,0,0,0
116900068,5,74,-69
116900070,0,0,0
116900072,1,79,-78
116900073,0,9,-9
116900074,0,0,0
116900076,0,0,0
116900077,0,20,-20
116900078,29,19,10
116900079,0,22,-22
116900080,0,0,0
116900081,6,99,-93
116900082,13,93,-80
116900083,0,0,0
116900084,3,3,0
116900085,0,21,-21
116900086,0,25,-25
116900088,0,0,0
116900090,0,0,0
116900091,1,12,-11
116900092,2,62,-60
116900093,5,0,5
116900094,308,19,289
116900095,0,37,-37
116900096,0,7,-7
116900097,2,2,0
116900098,58,5,53
116900099,20,20,0
116900100,0,0,0
116900101,17,75,-58
116900103,0,0,0
116900104,3,10,-7
116900105,0,0,0
116900106,0,39,-39
116900107,4,5,-1
116900110,3,0,3
116900111,1,76,-75
116900112,1,41,-40
116900113,151,7,144
116900116,0,0,0
116900117,0,12,-12
116900118,6,287,-281
116900120,0,0,0
116900121,0,0,0
116900122,7,275,-268
116900123,4,185,-181
116900124,1,50,-49
116900125,2,25,-23
116900126,9,67,-58
116900128,0,12,-12
116900129,0,70,-70
116900130,178,250,-72
116900131,3,51,-48
116900132,1,19,-18
116900133,3,20,-17
116900134,3,35,-32
116900136,3,6,-3
116900137,6,9,-3
116900138,7,24,-17
116900139,4,54,-50
116900140,1,18,-17
116900141,13,22,-9
116900142,1,3,-2
116900143,1,18,-17
116900144,0,2,-2
116900145,2,14,-12
116900147,4,9,-5
116900148,1,2,-1
116900149,0,0,0
116900150,0,0,0
116900151,0,0,0
116900153,0,0,0
116900154,2,10,-8
116900155,1,7,-6
116900157,0,0,0
116900158,0,2,-2
116900159,1,50,-49
116900160,0,0,0
116900161,892,196,696
116900162,0,0,0
116900163,0,0,0
116900164,0,1,-1
116900165,0,0,0
116900166,0,0,0
116900167,0,0,0
116900168,3,6,-3
116900169,0,0,0
116900170,0,0,0
116900171,0,0,0
116900172,0,0,0
116900173,1,5,-4
116900174,0,0,0
116900175,0,0,0
116900178,0,0,0
116900179,0,0,0
116900180,0,2,-2
116900182,0,0,0
116900183,0,0,0
116900185,0,0,0
116900186,0,0,0
116900187,0,0,0
116900188,1,2,-1
116900189,0,0,0
116900191,0,0,0
116900192,0,0,0
116900194,0,0,0
116900195,0,0,0
116900196,0,0,0
116900197,0,0,0
116900198,17,5,12
116900200,0,0,0
116900201,0,0,0
116900202,0,0,0
116900203,0,0,0
116900204,2,9,-7
116900206,0,0,0
116900207,1,1,0
116900208,0,0,0
116900209,0,0,0
116900210,0,14,-14
116900211,0,0,0
116900212,0,1,-1
116900213,0,0,0
116900214,4,13,-9
116900215,0,0,0
116900216,2,11,-9
116900218,2,77,-75
116900219,87,44,43
116900220,0,0,0
116900221,2,23,-21
116900222,0,0,0
116900223,0,0,0
116900226,1,8,-7
116900227,3,3,0
116900228,2,34,-32
116900230,1,16,-15
116900231,2,20,-18
116900232,0,20,-20
116900233,0,0,0
116900234,0,0,0
116900235,12,161,-149
116900238,36,18,18
116900239,0,12,-12
116900240,268,58,210
116900241,0,0,0
116900242,35,21,14
116900243,0,7,-7
116900245,0,0,0
116900246,1,0,1
116900247,0,0,0
116900248,5,0,5
116900249,0,1,-1
116900250,3,14,-11
116900251,0,0,0
116900252,0,42,-42
116900253,0,0,0
116900254,0,0,0
116900255,4,2,2
116900256,9,4,5
116900257,0,159,-159
116900258,0,81,-81
116900259,0,0,0
116900260,0,22,-22
116900261,0,1,-1
116900262,0,37,-37
116900263,0,0,0
116900264,0,0,0
116900265,0,0,0
116900266,0,7,-7
116900267,0,0,0
116900268,0,3,-3
116900269,0,24,-24
116900271,0,0,0
116900272,13,51,-38
116900273,1,2,-1
116900274,0,0,0
116900275,0,0,0
116900276,0,0,0
116900277,0,0,0
116900278,0,0,0
116900279,0,0,0
116900280,0,0,0
116900281,169,52,117
116900282,0,13,-13
116900283,0,5,-5
116900284,0,18,-18
116900285,0,0,0
116900286,0,0,0
116900287,0,0,0
116900288,0,0,0
116900289,0,0,0
116900290,0,0,0
116900291,0,0,0
116900292,0,1,-1
116900293,0,2,-2
116900294,1,13,-12
116900295,0,0,0
116900296,0,0,0
116900297,0,0,0
116900298,0,0,0
116900299,0,0,0
116900300,0,0,0
116900301,0,0,0
116900302,0,7,-7
116900303,0,10,-10
116900304,0,30,-30
116900305,0,0,0
116900306,0,0,0
117000001,158,134,24
117000002,436,1340,-904
117000003,386,127,259
117000004,1247,1653,-406
117000005,60,45,15
117000006,226,1624,-1398
117000007,130,16,114
117000008,290,1629,-1339
117000009,1,4,-3
117000010,643,1749,-1106
117000011,0,1,-1
117000012,297,891,-594
117000013,0,0,0
117000014,149,911,-762
117000015,0,0,0
117000016,9,19,-10
117000017,25,23,2
117000018,5,127,-122
117000019,0,0,0
117000020,151,319,-168
117000021,622,80,542
117000022,25,13,12
117000023,16,83,-67
117000024,55,87,-32
117000025,173,250,-77
117000026,51,27,24
117000027,432,742,-310
117000028,0,0,0
117000030,26,75,-49
117000031,0,0,0
117000032,200,315,-115
117000033,337,278,59
117000034,24,83,-59
117000035,0,0,0
117000036,40,50,-10
117000037,0,0,0
117000038,3,87,-84
117000039,11,16,-5
117000040,22,462,-440
117000041,0,0,0
117000044,9,360,-351
117000045,0,0,0
117000046,89,285,-196
117000047,0,1,-1
117000048,488,282,206
117000049,16,45,-29
117000050,10,799,-789
117000051,97,26,71
117000052,1,46,-45
117000053,6,6,0
117000054,47,0,47
117000055,10,1302,-1292
117000056,20,1,19
117000057,110,544,-434
117000060,48,221,-173
117000061,1,12,-11
117000062,20,77,-57
117000063,0,0,0
117000064,85,254,-169
117000066,285,128,157
117000067,3,45,-42
117000074,0,0,0
117000076,0,0,0
117000077,20,14,6
117000078,10,102,-92
117000079,2,14,-12
117000080,2,218,-216
117000081,8,5,3
117000082,4,39,-35
117000083,0,0,0
117000084,0,0,0
117000085,17,129,-112
117000086,14,144,-130
117000087,33,213,-180
117000088,0,0,0
117000089,28,20,8
117000090,56,792,-736
117000091,9,8,1
117000092,59,752,-693
117000093,15,15,0
117000094,157,1016,-859
117000095,13,28,-15
117000096,151,1461,-1310
117000097,24,54,-30
117000098,478,1871,-1393
117000099,22,36,-14
117000100,5,28,-23
117000101,31,235,-204
117000102,0,0,0
117000103,482,772,-290
117000104,0,0,0
117000105,168,785,-617
117000106,0,0,0
117000107,154,1029,-875
117000108,0,0,0
117000109,641,1208,-567
117000110,0,0,0
117000111,371,442,-71
117000112,145,205,-60
117000113,11,61,-50
117000114,0,0,0
117000115,4,30,-26
117000116,0,16,-16
117000117,56,27,29
117000118,11,20,-9
117000119,1,0,1
117000120,0,1,-1
117000121,0,4,-4
117000122,0,0,0
117000123,0,0,0
117000124,0,0,0
117000125,6,6,0
117000126,0,0,0
117000127,1,8,-7
117000128,14,24,-10
117000129,0,0,0
117000130,0,0,0
117000131,0,16,-16
117000132,67,9,58
117000133,0,74,-74
117000134,2,37,-35
117000135,2,21,-19
117000136,0,13,-13
117000137,0,0,0
117000138,0,234,-234
117000140,113,626,-513
117000141,0,0,0
117000181,104,28,76
117000182,0,0,0
117000195,16,167,-151
117000196,0,0,0
117000225,0,0,0
117000226,2,4,-2
117000276,0,0,0
117000277,0,59,-59
117000310,504,754,-250
117000315,0,0,0
117000320,0,0,0
117000906,0,0,0
117000907,0,132,-132
117000908,3,1,2
117000909,7,5,2
117000910,75,43,32
117000911,24,20,4
117000915,0,116,-116
117000916,0,0,0
117000917,0,0,0
117000918,0,0,0
117000919,0,14,-14
117000920,2,920,-918
117000921,3,345,-342
117000922,0,0,0
117000924,37,7,30
117000926,299,23,276
117000927,15,50,-35
117000928,0,124,-124
117000929,9,91,-82
117000930,8,0,8
117000931,53,15,38
117900002,20,55,-35
117900003,51,18,33
117900005,1,1,0
117900006,0,7,-7
117900007,2,32,-30
117900008,0,5,-5
117900010,0,32,-32
117900011,0,0,0
117900012,0,27,-27
117900013,0,40,-40
117900014,1,46,-45
117900015,0,32,-32
117900016,84,16,68
117900017,1,53,-52
117900018,16,4,12
117900019,0,71,-71
117900020,2,10,-8
117900021,1,18,-17
117900022,1,1,0
117900023,11,3,8
117900024,1,32,-31
117900025,1,0,1
117900026,1,24,-23
117900028,0,0,0
117900029,1,67,-66
117900030,4,18,-14
117900031,0,0,0
117900032,6,16,-10
117900033,0,50,-50
117900034,0,0,0
117900035,11,2,9
117900036,1,51,-50
117900037,0,0,0
117900038,1,56,-55
117900039,0,28,-28
117900040,18,71,-53
117900041,2,17,-15
117900042,41,4,37
117900043,6,15,-9
117900044,1,21,-20
117900045,0,0,0
117900048,14,48,-34
117900049,0,69,-69
117900050,0,0,0
117900051,0,0,0
117900052,0,0,0
117900053,49,106,-57
117900054,0,0,0
117900055,0,0,0
117900056,0,0,0
117900057,20,150,-130
117900058,0,0,0
117900059,0,0,0
117900060,22,660,-638
117900061,0,0,0
117900063,1,21,-20
117900065,46,95,-49
117900066,0,0,0
117900067,2,34,-32
117900069,5,53,-48
117900070,0,0,0
117900071,0,0,0
117900073,12,44,-32
117900074,0,0,0
117900075,0,0,0
117900076,1,12,-11
117900077,0,0,0
117900078,17,42,-25
117900080,0,0,0
117900081,31,34,-3
117900082,13,22,-9
117900083,2,73,-71
117900086,0,0,0
117900087,0,0,0
117900088,142,88,54
117900089,47,11,36
117900090,5,117,-112
117900091,33,7,26
117900092,0,0,0
117900093,0,0,0
117900094,0,0,0
117900095,1,87,-86
117900096,0,0,0
117900097,0,0,0
117900098,0,0,0
117900099,2,72,-70
117900100,0,0,0
117900101,41,50,-9
117900102,0,0,0
117900103,0,0,0
117900104,0,11,-11
117900105,2,15,-13
117900106,0,0,0
117900107,0,0,0
117900109,7,47,-40
117900110,0,0,0
117900111,0,0,0
117900112,0,0,0
117900113,0,6,-6
117900114,0,0,0
117900115,2,2,0
117900116,27,51,-24
117900117,17,50,-33
117900118,0,0,0
117900119,0,103,-103
117900120,0,10,-10
117900121,0,7,-7
117900122,37,28,9
117900123,29,100,-71
117900124,29,61,-32
117900125,189,118,71
117900126,23,45,-22
117900127,9,54,-45
117900128,1,74,-73
117900129,0,0,0
117900130,0,49,-49
117900131,1,13,-12
117900132,0,23,-23
117900133,0,37,-37
117900134,3,57,-54
117900135,0,45,-45
117900136,0,14,-14
117900137,2,69,-67
117900138,1,3,-2
117900139,0,4,-4
117900140,1,2,-1
117900141,5,33,-28
117900142,0,0,0
117900144,0,0,0
117900145,0,1,-1
117900146,0,0,0
117900147,0,0,0
117900148,100,116,-16
117900149,2,11,-9
117900150,1,22,-21
117900151,0,28,-28
117900152,0,5,-5
117900153,1,19,-18
117900154,1,47,-46
117900156,20,21,-1
117900157,1,20,-19
117900158,0,0,0
117900160,39,36,3
117900161,207,192,15
117900162,1,29,-28
117900163,2,0,2
117900165,0,0,0
117900166,1,7,-6
117900168,2,38,-36
117900169,0,20,-20
117900170,0,7,-7
117900171,0,1,-1
117900172,6,4,2
117900173,36,6,30
117900174,1,6,-5
117900175,0,5,-5
117900176,0,0,0
117900177,0,0,0
117900178,0,0,0
117900180,0,0,0
117900181,0,0,0
117900182,0,0,0
117900183,0,0,0
117900184,0,0,0
117900185,0,0,0
117900186,0,0,0
117900187,0,0,0
117900188,0,0,0
117900189,0,0,0
117900190,0,0,0
117900191,0,0,0
117900192,2,2,0
117900193,1,19,-18
117900194,0,0,0
117900195,0,0,0
117900196,0,0,0
117900207,0,0,0
117900208,0,1,-1
117900209,0,6,-6
117900210,0,0,0
117900211,0,0,0
117900212,6,18,-12
117900213,0,0,0
117900214,0,0,0
117900215,0,0,0
117900216,0,0,0
117900217,1,16,-15
117900218,0,0,0
117900219,0,6,-6
117900220,0,0,0
117900222,8,33,-25
117900223,0,2,-2
118000001,60,76,-16
118000002,217,402,-185
118000003,122,230,-108
118000004,356,318,38
118000005,882,615,267
118000006,2015,1177,838
118000007,801,337,464
118000008,585,498,87
118000009,392,581,-189
118000010,334,640,-306
118000011,104,539,-435
118000012,152,542,-390
118000013,613,595,18
118000014,159,628,-469
118000016,39,85,-46
118000017,0,0,0
118000018,34,124,-90
118000019,994,253,741
118000020,430,310,120
118000021,230,495,-265
118000022,244,45,199
118000023,100,138,-38
118000024,164,185,-21
118000027,3762,735,3027
118000029,112,33,79
118000032,56,65,-9
118000033,180,181,-1
118000034,1203,382,821
118000035,91,501,-410
118000036,50,277,-227
118000037,113,300,-187
118000038,0,0,0
118000039,16,36,-20
118000040,76,500,-424
118000041,254,438,-184
118000045,6,5,1
118000046,110,27,83
118000047,94,39,55
118000048,226,129,97
118000051,46,14,32
118000052,56,30,26
118000053,19,7,12
118000054,369,67,302
118000055,256,49,207
118000056,7,2,5
118000057,8,17,-9
118000058,42,36,6
118000059,43,35,8
118000060,12,33,-21
118000061,31,39,-8
118000062,15,5,10
118000063,9,19,-10
118000064,26,33,-7
118000065,286,62,224
118000066,21,18,3
118000067,194,128,66
118000068,141,243,-102
118000069,212,73,139
118000070,748,68,680
118000071,473,280,193
118000072,218,139,79
118000073,131,18,113
118000074,10,32,-22
118000075,68,36,32
118000076,152,175,-23
118000077,339,252,87
118000078,134,107,27
118000079,30,113,-83
118000080,302,261,41
118000081,78,100,-22
118000082,6,35,-29
118000083,86,44,42
118000084,272,131,141
118000086,20,94,-74
118000087,2521,617,1904
118000088,119,159,-40
118000089,841,1147,-306
118000090,1663,469,1194
118000091,1105,730,375
118000092,140,36,104
118000093,21,42,-21
118000096,6,41,-35
118000097,15,36,-21
118000098,1,10,-9
118000099,63,171,-108
118000101,89,107,-18
118000102,15,142,-127
118000107,698,80,618
118000108,8,46,-38
118000110,0,3,-3
118000111,3,277,-274
118000112,0,0,0
118000113,2,485,-483
118000114,0,0,0
118000115,0,0,0
118000116,0,0,0
118000117,273,245,28
118000118,22,28,-6
118000119,23,54,-31
118000120,384,580,-196
118000121,1,60,-59
118000122,82,10,72
118000123,4,61,-57
118000125,293,319,-26
118000126,8,43,-35
118000127,16,31,-15
118000128,148,362,-214
118000129,110,90,20
118000130,1095,1533,-438
118000131,167,542,-375
118000132,94,65,29
118000133,43,70,-27
118000135,0,0,0
118000136,6,87,-81
118000137,89,18,71
118000138,3,68,-65
118000139,22,20,2
118000140,692,401,291
118000141,137,124,13
118000142,231,538,-307
118000143,29,52,-23
118000144,59,54,5
118000145,376,719,-343
118000146,194,321,-127
118000147,208,446,-238
118000148,50,238,-188
118000149,33,175,-142
118000150,3,2,1
118000151,3,16,-13
118000153,11,81,-70
118000154,13,92,-79
118000155,21,78,-57
118000156,423,419,4
118000157,23,16,7
118000158,5,69,-64
118000159,0,0,0
118000160,0,0,0
118000161,46,246,-200
118000162,27,62,-35
118000163,13,40,-27
118000164,146,79,67
118000168,7,24,-17
118000169,311,636,-325
118000170,396,685,-289
118000171,0,0,0
118000172,0,0,0
118000173,67,175,-108
118000175,12,24,-12
118000176,13,34,-21
118000177,3,15,-12
118000178,3,12,-9
118000179,0,0,0
118000180,0,0,0
118000181,242,137,105
118000182,66,89,-23
118000183,66,107,-41
118000184,0,0,0
118000185,485,182,303
118000186,229,228,1
118000187,104,194,-90
118000188,17,59,-42
118000189,10,113,-103
118000190,0,3,-3
118000191,0,8,-8
118000192,17,48,-31
118000193,11,39,-28
118000194,326,60,266
118000195,8,3,5
118000196,0,0,0
118000197,36,21,15
118000198,16,6,10
118000199,178,73,105
118000200,0,0,0
118000201,16,4,12
118000202,0,0,0
118000203,104,29,75
118000204,64,53,11
118000205,35,23,12
118000206,5,0,5
118000207,0,4,-4
118000208,82,77,5
118000209,201,513,-312
118000210,0,0,0
118000211,0,0,0
118000213,3,13,-10
118000214,157,41,116
118000215,62,142,-80
118000216,0,0,0
118000217,3,7,-4
118000218,0,4,-4
118000219,2,12,-10
118000220,0,0,0
118000221,5,32,-27
118000222,59,4,55
118000223,0,0,0
118000224,4,5,-1
118000225,1,297,-296
118000226,0,0,0
118000227,82,21,61
118000228,100,40,60
118000229,0,0,0
118000230,3,27,-24
118000231,1,18,-17
118000232,64,207,-143
118000233,33,39,-6
118000234,6,14,-8
118000236,10,56,-46
118000237,0,0,0
118000238,7,59,-52
118000239,1,8,-7
118000240,68,7,61
118000241,1,16,-15
118000242,13,151,-138
118000243,2,22,-20
118000244,0,30,-30
118000246,0,2,-2
118000255,1,15,-14
118000256,0,14,-14
118000259,0,3,-3
118000260,0,0,0
118000261,0,8,-8
118000263,2,22,-20
118000266,6,33,-27
118000267,0,37,-37
118000268,0,3,-3
118000270,0,0,0
118000271,2,29,-27
118000272,0,0,0
118000273,1,18,-17
118000274,13,80,-67
118000276,5,12,-7
118000295,0,12,-12
118000298,29,183,-154
118000299,33,73,-40
118000301,0,13,-13
118000302,2,9,-7
118000311,8,23,-15
118000312,3,46,-43
118000313,1,17,-16
118000314,0,12,-12
118000315,1,6,-5
118000316,10,76,-66
118000325,0,9,-9
118000326,0,0,0
118000331,0,6,-6
118000332,0,8,-8
118000333,0,2,-2
118000335,0,0,0
118000336,0,141,-141
118000407,0,0,0
118000457,1,24,-23
118000465,783,461,322
118000480,1,12,-11
118000489,4,1,3
118000490,27,196,-169
118000492,5,10,-5
118000510,3,6,-3
118000514,20,129,-109
118000515,3,25,-22
118000517,102,44,58
118000524,814,200,614
118000525,206,335,-129
118000530,0,0,0
118000531,0,1,-1
118000532,55,85,-30
118000533,109,113,-4
118000534,49,134,-85
118000535,2,10,-8
118000536,37,47,-10
118000537,11,35,-24
118000538,3,40,-37
118000539,0,0,0
118000540,25,107,-82
118000541,4,63,-59
118000542,0,0,0
118000543,0,0,0
118000546,5,24,-19
118000560,496,85,411
118000562,0,0,0
118000563,124,57,67
118000576,1,38,-37
118000577,26,15,11
118000578,11,20,-9
118000579,74,164,-90
118000595,0,0,0
118000596,0,13,-13
118000597,4,6,-2
118000598,0,0,0
118000599,0,0,0
118000600,0,18,-18
118000601,0,0,0
118000602,0,7,-7
118000603,0,43,-43
118900001,0,0,0
118900002,0,19,-19
118900003,0,0,0
118900004,0,0,0
118900005,0,0,0
118900006,0,0,0
118900007,1,0,1
118900008,0,0,0
118900009,0,0,0
118900010,0,0,0
118900011,2,0,2
118900012,6,4,2
118900013,0,0,0
118900015,3,0,3
118900016,0,3,-3
118900017,0,0,0
118900018,0,0,0
118900019,9,0,9
118900020,0,0,0
118900021,0,0,0
118900022,6,5,1
118900023,0,0,0
118900024,0,0,0
118900025,0,0,0
118900026,1,12,-11
118900027,0,0,0
118900028,0,0,0
118900029,0,0,0
118900030,0,0,0
118900031,11,8,3
118900032,0,0,0
118900033,0,0,0
118900034,0,0,0
118900035,14,25,-11
118900036,20,76,-56
118900037,0,0,0
118900038,4,41,-37
118900039,0,0,0
118900040,7,8,-1
118900041,0,0,0
118900042,1,8,-7
118900045,9,13,-4
118900046,35,3,32
118900047,78,11,67
118900048,0,0,0
118900049,0,0,0
118900050,0,50,-50
118900051,0,0,0
118900052,0,0,0
118900053,0,0,0
118900054,1,5,-4
118900055,5,24,-19
118900056,0,0,0
118900057,2,34,-32
118900058,0,0,0
118900059,0,0,0
118900060,0,18,-18
118900062,0,0,0
118900064,0,0,0
118900065,0,0,0
118900066,0,0,0
118900067,24,2,22
118900068,0,0,0
118900069,7,26,-19
118900071,0,0,0
118900072,0,0,0
118900073,0,9,-9
118900074,0,0,0
118900075,0,0,0
118900076,0,0,0
118900077,0,3,-3
118900078,0,0,0
118900079,0,0,0
118900080,0,0,0
118900081,0,0,0
118900082,0,9,-9
118900083,0,3,-3
118900084,0,0,0
118900085,7,65,-58
118900086,0,0,0
118900087,0,8,-8
118900088,0,1,-1
118900089,0,0,0
118900090,10,13,-3
118900091,0,0,0
118900092,6,19,-13
118900093,0,0,0
118900096,0,0,0
118900097,5,76,-71
118900099,0,29,-29
118900100,0,0,0
118900101,0,90,-90
118900102,1,9,-8
118900103,3,7,-4
118900104,0,7,-7
118900105,15,17,-2
118900107,11,9,2
118900108,1,6,-5
118900110,0,0,0
118900111,0,0,0
118900112,0,0,0
118900113,0,0,0
118900114,0,0,0
118900115,0,0,0
118900116,5,57,-52
118900117,3,35,-32
118900118,11,71,-60
118900119,3,70,-67
118900120,4,46,-42
118900121,0,0,0
118900122,0,18,-18
118900123,22,63,-41
118900124,0,0,0
118900126,1,20,-19
118900129,1,31,-30
118900130,0,0,0
118900131,9,67,-58
118900132,5,14,-9
118900133,0,0,0
118900135,1,26,-25
118900136,21,150,-129
118900137,0,0,0
118900139,0,0,0
118900140,15,160,-145
118900141,0,0,0
118900144,2,173,-171
118900145,0,0,0
118900146,14,123,-109
118900147,0,0,0
118900148,0,0,0
118900150,0,0,0
118900152,17,105,-88
118900157,0,0,0
118900158,0,0,0
118900159,0,0,0
118900161,0,0,0
118900163,0,0,0
118900164,0,0,0
118900165,1,33,-32
118900166,5,0,5
118900167,1,17,-16
118900168,0,6,-6
118900169,9,56,-47
118900170,3,20,-17
118900171,0,2,-2
118900174,2,19,-17
118900175,4,29,-25
118900176,0,16,-16
118900177,2,5,-3
118900178,0,3,-3
118900179,0,8,-8
118900181,2,6,-4
118900182,0,5,-5
118900183,1,6,-5
118900184,0,4,-4
118900185,1,8,-7
118900186,4,23,-19
118900187,0,0,0
118900188,0,0,0
118900189,0,19,-19
118900190,0,0,0
118900191,0,0,0
118900192,0,0,0
118900193,0,0,0
118900195,0,0,0
118900196,4,31,-27
118900197,0,0,0
118900198,2,14,-12
118900199,4,5,-1
118900200,0,2,-2
118900201,0,2,-2
118900202,2,7,-5
118900203,0,17,-17
118900204,1,10,-9
118900205,0,2,-2
118900206,1,9,-8
119000001,87,51,36
119000002,181,324,-143
119000003,66,420,-354
119000004,114,252,-138
119000005,170,175,-5
119000006,104,145,-41
119000007,216,313,-97
119000008,290,946,-656
119000009,420,508,-88
119000010,2153,1442,711
119000011,1216,464,752
119000012,1615,996,619
119000013,565,332,233
119000014,500,1080,-580
119000019,6,38,-32
119000020,132,199,-67
119000021,311,260,51
119000022,98,162,-64
119000023,0,0,0
119000024,255,393,-138
119000025,2669,246,2423
119000026,0,6,-6
119000027,59,86,-27
119000028,220,273,-53
119000029,0,5,-5
119000030,73,206,-133
119000031,154,202,-48
119000032,263,311,-48
119000033,520,389,131
119000034,173,291,-118
119000035,5,166,-161
119000036,128,287,-159
119000037,96,589,-493
119000038,43,284,-241
119000039,16,51,-35
119000040,469,65,404
119000041,693,144,549
119000048,1562,652,910
119000049,139,676,-537
119000050,91,99,-8
119000051,97,83,14
119000052,85,135,-50
119000053,147,88,59
119000054,146,799,-653
119000055,296,588,-292
119000056,197,399,-202
119000057,110,528,-418
119000058,129,457,-328
119000059,32,47,-15
119000060,90,205,-115
119000061,21,19,2
119000062,190,358,-168
119000063,52,65,-13
119000064,42,68,-26
119000065,45,215,-170
119000066,231,171,60
119000067,74,122,-48
119000068,151,283,-132
119000069,36,137,-101
119000070,251,271,-20
119000071,0,0,0
119000072,714,349,365
119000073,671,744,-73
119000074,60,569,-509
119000075,137,1164,-1027
119000076,0,0,0
119000077,0,0,0
119000078,0,0,0
119000079,0,0,0
119000080,0,0,0
119000081,0,0,0
119000082,0,0,0
119000083,0,0,0
119000084,1,4,-3
119000085,0,0,0
119000086,0,0,0
119000087,48,48,0
119000088,0,0,0
119000089,0,0,0
119000090,0,0,0
119000091,9,13,-4
119000092,0,0,0
119000093,578,507,71
119000094,312,854,-542
119000095,112,421,-309
119000097,608,274,334
119000098,115,256,-141
119000099,261,473,-212
119000100,361,467,-106
119000101,787,682,105
119000102,23,36,-13
119000103,78,4,74
119000104,783,871,-88
119000105,0,0,0
119000106,34,765,-731
119000107,0,0,0
119000108,78,772,-694
119000109,0,4,-4
119000110,77,136,-59
119000111,2,21,-19
119000112,29,23,6
119000113,279,15,264
119000114,0,5,-5
119000115,49,26,23
119000116,0,0,0
119000117,9,16,-7
119000118,1,1,0
119000123,60,18,42
119000124,0,0,0
119000125,0,0,0
119000126,0,0,0
119000127,107,391,-284
119000128,39,4,35
119000131,103,584,-481
119000132,16,2,14
119000133,0,0,0
119000134,0,0,0
119000135,0,0,0
119000136,13,61,-48
119000137,0,0,0
119000138,8,82,-74
119000139,0,0,0
119000140,9,50,-41
119000284,501,1249,-748
119000285,1018,1151,-133
119000286,1417,1328,89
119000287,217,744,-527
119000288,216,546,-330
119000289,332,1093,-761
119000290,8,20,-12
119000291,5,115,-110
119000293,33,71,-38
119000294,0,0,0
119000295,555,79,476
119000296,0,0,0
119000302,1076,116,960
119000303,0,0,0
119000314,323,557,-234
119000315,0,2,-2
119000316,0,22,-22
119000317,0,0,0
119900001,5,43,-38
119900002,0,0,0
119900003,2,74,-72
119900004,0,0,0
119900005,0,0,0
119900006,3,28,-25
119900007,0,1,-1
119900008,0,0,0
119900009,0,38,-38
119900010,14,108,-94
119900011,0,0,0
119900012,0,0,0
119900013,109,79,30
119900014,18,12,6
119900015,0,0,0
119900016,0,0,0
119900017,0,0,0
119900018,0,0,0
119900019,0,0,0
119900020,0,0,0
119900021,0,2,-2
119900022,0,0,0
119900023,0,0,0
119900025,0,0,0
119900026,0,0,0
119900027,0,0,0
119900028,0,0,0
119900029,0,0,0
119900030,0,4,-4
119900031,0,0,0
119900033,178,0,178
119900034,0,0,0
119900037,0,0,0
119900038,0,0,0
119900039,0,0,0
119900040,0,0,0
119900041,0,0,0
119900042,0,0,0
119900043,0,0,0
119900044,0,0,0
119900046,0,1,-1
119900047,0,0,0
119900048,0,3,-3
119900049,0,0,0
119900050,0,0,0
119900051,0,0,0
119900052,0,0,0
119900053,0,0,0
119900054,0,0,0
119900055,8,12,-4
119900057,0,0,0
119900058,0,0,0
119900059,0,2,-2
119900060,0,0,0
119900062,0,0,0
119900063,0,1,-1
119900064,0,0,0
119900065,0,0,0
119900066,0,0,0
119900067,0,0,0
119900068,0,0,0
119900069,0,0,0
119900070,4,0,4
119900071,0,0,0
119900073,0,23,-23
119900074,0,0,0
119900075,480,145,335
119900076,0,34,-34
119900077,0,141,-141
119900078,0,1,-1
119900079,0,0,0
119900080,1,202,-201
119900081,0,13,-13
119900082,0,4,-4
119900083,0,0,0
119900084,2,5,-3
119900085,32,4,28
119900086,2,32,-30
119900087,4,6,-2
119900088,12,8,4
119900089,0,190,-190
119900090,28,14,14
119900091,2,207,-205
119900092,1,144,-143
119900093,28,11,17
119900094,6,46,-40
119900095,0,1,-1
119900096,3,12,-9
119900097,62,28,34
119900098,0,1,-1
119900099,1,28,-27
119900100,500,227,273
119900101,44,191,-147
119900102,0,27,-27
119900103,2,44,-42
119900104,2,28,-26
119900105,106,442,-336
119900106,2,25,-23
119900107,17,294,-277
119900108,356,174,182
119900109,1,14,-13
119900110,12,156,-144
119900111,0,0,0
119900112,196,29,167
119900113,0,0,0
119900114,4,374,-370
119900115,0,0,0
119900116,1,16,-15
119900117,36,182,-146
119900118,0,0,0
119900119,0,13,-13
119900120,57,62,-5
119900121,3,66,-63
119900122,0,0,0
119900123,1,9,-8
119900124,0,50,-50
119900125,0,0,0
119900126,640,17,623
119900127,0,0,0
119900128,4,38,-34
119900129,0,26,-26
119900130,0,0,0
119900131,0,15,-15
119900132,0,0,0
119900133,0,4,-4
119900134,91,5,86
119900135,0,0,0
119900136,0,0,0
119900138,0,0,0
119900139,0,7,-7
119900140,0,2,-2
119900141,0,0,0
119900142,0,0,0
119900143,0,7,-7
119900144,0,0,0
119900145,0,21,-21
119900146,2,3,-1
119900147,0,0,0
119900148,0,0,0
119900149,4,24,-20
119900150,14,17,-3
119900151,44,43,1
119900152,0,0,0
119900153,0,0,0
119900154,0,95,-95
119900155,0,8,-8
119900156,0,1,-1
119900157,0,0,0
119900158,0,0,0
119900159,3,402,-399
119900160,0,4,-4
119900161,0,0,0
119900162,0,0,0
119900163,7,4,3
119900164,0,0,0
119900165,0,0,0
119900166,0,0,0
119900167,1,0,1
119900168,0,0,0
119900169,10,5,5
119900170,5,5,0
119900171,14,28,-14
119900172,0,0,0
119900173,1,93,-92
119900174,0,0,0
119900175,0,0,0
119900177,1,41,-40
119900178,0,1,-1
119900179,0,0,0
119900180,0,0,0
119900181,0,0,0
119900182,0,53,-53
119900183,4,163,-159
119900184,25,5,20
119900185,0,0,0
119900186,0,0,0
119900187,1,64,-63
119900188,0,23,-23
119900189,5,2,3
119900190,0,0,0
119900191,0,0,0
119900192,0,33,-33
119900193,0,0,0
119900194,0,0,0
119900195,0,12,-12
119900196,0,0,0
119900197,0,0,0
119900198,1,73,-72
119900199,0,0,0
119900200,0,0,0
119900201,27,20,7
119900202,0,0,0
119900203,0,0,0
119900204,0,0,0
119900205,0,0,0
119900206,0,0,0
119900208,0,0,0
119900209,2,12,-10
119900210,0,0,0
119900211,0,0,0
119900212,0,36,-36
119900213,1,3,-2
119900214,0,19,-19
119900215,2,23,-21
119900216,0,34,-34
119900217,0,18,-18
119900218,0,15,-15
119900219,0,6,-6
119900220,0,3,-3
119900221,0,0,0
119900222,0,0,0
119900223,0,0,0
119900224,0,0,0
119900225,0,0,0
119900226,0,0,0
119900227,296,32,264
119900228,0,18,-18
119900229,0,0,0
119900230,36,10,26
119900231,0,0,0
119900232,0,0,0
119900233,0,0,0
119900234,0,2,-2
119900235,0,2,-2
119900236,0,0,0
119900237,0,0,0
119900238,0,19,-19
119900240,2,37,-35
119900241,10,67,-57
119900242,0,32,-32
119900244,0,0,0
119900245,0,7,-7
119900246,0,0,0
119900247,0,0,0
119900248,0,0,0
119900249,0,0,0
119900253,0,0,0
119900254,0,0,0
119900255,4,133,-129
119900256,0,93,-93
119900257,0,0,0
119900258,0,0,0
119900259,0,11,-11
119900260,0,0,0
119900261,0,0,0
119900262,0,70,-70
119900263,65,56,9
119900264,0,0,0
119900265,0,0,0
119900266,0,0,0
119900267,1,19,-18
119900268,0,23,-23
119900269,6,176,-170
119900271,0,0,0
119900272,0,0,0
119900275,0,4,-4
119900276,0,0,0
119900277,0,0,0
119900278,13,1,12
119900279,5,2,3
119900280,63,21,42
119900281,0,17,-17
119900282,0,0,0
119900283,0,0,0
119900284,12,116,-104
119900285,26,23,3
119900286,2,1,1
119900288,0,14,-14
119900289,0,23,-23
119900290,0,3,-3
119900291,0,2,-2
119900292,6,3,3
119900293,0,5,-5
119900294,0,9,-9
119900295,0,3,-3
119900296,0,49,-49
119900297,0,7,-7
119900298,0,27,-27
119900299,0,0,0
119900300,0,0,0
119900301,0,0,0
119900302,0,3,-3
119900303,1,14,-13
119900304,0,0,0
119900305,0,0,0
119900306,0,0,0
119900307,0,0,0
119900308,0,0,0
119900309,0,0,0
119900310,12,15,-3
119900311,0,0,0
119900312,0,0,0
119900313,3,12,-9
119900314,0,0,0
119900315,1,302,-301
119900318,0,0,0
119900319,0,42,-42
119900320,0,118,-118
119900321,0,0,0
119900322,0,0,0
119900323,0,0,0
119900324,0,0,0
119900325,0,5,-5
120000001,1146,459,687
120000002,358,790,-432
120000003,594,544,50
120000004,550,765,-215
120000005,2584,952,1632
120000006,314,461,-147
120000007,789,867,-78
120000008,228,594,-366
120000009,1706,398,1308
120000010,243,1220,-977
120000011,172,885,-713
120000012,477,1448,-971
120000013,312,986,-674
120000014,77,519,-442
120000015,397,715,-318
120000016,320,67,253
120000017,59,66,-7
120000018,442,394,48
120000019,83,106,-23
120000020,349,315,34
120000021,303,332,-29
120000022,1367,467,900
120000023,181,222,-41
120000024,275,412,-137
120000025,246,470,-224
120000026,63,508,-445
120000027,295,609,-314
120000028,126,389,-263
120000029,436,132,304
120000030,6,61,-55
120000031,289,376,-87
120000032,2546,370,2176
120000033,151,333,-182
120000034,79,637,-558
120000035,144,232,-88
120000036,126,394,-268
120000037,7,30,-23
120000038,1846,325,1521
120000039,46,126,-80
120000040,3,38,-35
120000041,27,364,-337
120000042,88,1130,-1042
120000043,212,454,-242
120000044,304,210,94
120000045,355,169,186
120000046,182,219,-37
120000047,297,386,-89
120000048,2126,400,1726
120000049,310,619,-309
120000050,281,740,-459
120000051,1178,1087,91
120000052,4670,270,4400
120000053,90,792,-702
120000054,176,2101,-1925
120000055,150,1413,-1263
120000056,186,1534,-1348
120000057,71,407,-336
120000058,13,36,-23
120000059,1,19,-18
120000061,26,330,-304
120000062,16,90,-74
120000063,611,1437,-826
120000064,42,706,-664
120000065,47,579,-532
120000066,35,112,-77
120000067,13,153,-140
120000068,22,469,-447
120000069,90,670,-580
120000070,2,245,-243
120000071,47,40,7
120000072,89,215,-126
120000073,47,40,7
120000074,8,23,-15
120000075,22,71,-49
120000076,75,141,-66
120000077,127,131,-4
120000078,546,150,396
120000079,0,0,0
120000080,0,0,0
120000081,0,0,0
120000082,0,0,0
120000083,0,0,0
120000084,78,71,7
120000085,50,72,-22
120000086,15,119,-104
120000087,9,334,-325
120000088,40,98,-58
120000089,0,0,0
120000090,0,0,0
120000091,0,0,0
120000092,0,0,0
120000093,0,0,0
120000094,0,0,0
120000095,73,83,-10
120000096,17,228,-211
120000098,54,149,-95
120000099,18,93,-75
120000100,61,138,-77
120000101,27,82,-55
120000102,26,47,-21
120000103,54,55,-1
120000104,99,26,73
120000105,92,19,73
120000106,68,31,37
120000107,91,36,55
120000108,30,18,12
120000109,114,8,106
120000110,25,332,-307
120000111,27,506,-479
120000112,115,1805,-1690
120000113,83,1136,-1053
120000114,91,971,-880
120000115,67,851,-784
120000116,101,791,-690
120000117,484,708,-224
120000118,0,0,0
120000119,0,0,0
120000120,0,0,0
120000121,0,0,0
120000122,0,0,0
120000123,330,96,234
120000124,8,22,-14
120000125,25,122,-97
120000126,10,65,-55
120000127,50,74,-24
120000128,142,191,-49
120000129,7,7,0
120000130,0,0,0
120000131,14,89,-75
120000134,0,0,0
120000135,2,57,-55
120000137,0,0,0
120000138,4,39,-35
120000139,0,0,0
120000140,10,76,-66
120000141,0,0,0
120000142,3,40,-37
120000143,0,1,-1
120000144,1,0,1
120000145,0,0,0
120000146,306,95,211
120000149,36,124,-88
120000150,19,145,-126
120000151,0,0,0
120000152,0,0,0
120000153,38,280,-242
120000154,81,238,-157
120000155,0,0,0
120000156,0,0,0
120000157,0,0,0
120000158,126,444,-318
120000159,394,1305,-911
120000160,442,145,297
120000161,112,740,-628
120000162,6,32,-26
120000163,39,496,-457
120000164,35,248,-213
120000165,10,408,-398
120000166,41,235,-194
120000167,4,10,-6
120000168,1,16,-15
120000169,65,46,19
120000170,103,34,69
120000171,56,20,36
120000172,6,7,-1
120000173,230,13,217
120000174,31,2,29
120000175,45,1,44
120000176,6,28,-22
120000177,159,269,-110
120000178,4,1,3
120000179,31,7,24
120000180,107,43,64
120000181,21,36,-15
120000182,5,18,-13
120000183,0,67,-67
120000184,13,1384,-1371
120000186,0,6,-6
120000187,0,7,-7
120000188,1,11,-10
120000190,0,0,0
120000191,0,0,0
120000192,0,0,0
120000193,0,0,0
120000195,0,0,0
120000196,0,0,0
120000197,0,0,0
120000198,0,16,-16
120000199,0,0,0
120000200,0,0,0
120000201,0,0,0
120000202,0,19,-19
120000203,1,67,-66
120000207,0,0,0
120000208,0,0,0
120000209,0,0,0
120000210,0,0,0
120000211,0,0,0
120000212,0,0,0
120000213,0,0,0
120000214,0,0,0
120000215,0,0,0
120000216,0,0,0
120000217,76,205,-129
120000218,44,289,-245
120000219,6,155,-149
120000220,3,613,-610
120000225,0,1,-1
120000226,0,0,0
120000227,0,0,0
120000228,1354,275,1079
120000230,0,0,0
120000231,0,0,0
120000233,0,3,-3
120000235,77,410,-333
120000236,0,0,0
120000237,1,442,-441
120000238,0,46,-46
120000241,0,0,0
120000412,0,0,0
120000413,0,0,0
120000414,0,0,0
120000415,0,0,0
120000416,0,0,0
120000417,0,0,0
120000418,0,0,0
120000419,0,0,0
120000420,0,0,0
120000421,5081,3016,2065
120000422,76,76,0
120000423,0,16,-16
120000424,1,39,-38
120000436,17,29,-12
120000437,52,41,11
120000438,1444,84,1360
120000439,16,80,-64
120000443,0,0,0
120000444,25,268,-243
120000445,55,37,18
120000446,93,14,79
120000447,0,0,0
120000449,0,0,0
120000450,0,0,0
120000451,11,25,-14
120000452,0,1,-1
120000453,0,414,-414
120000454,0,0,0
120000455,3,11,-8
120000456,495,462,33
120000457,203,138,65
120000458,186,240,-54
120000459,0,0,0
120000665,122,8,114
120000668,13,70,-57
120000669,0,0,0
120000670,36,31,5
120000671,128,101,27
120000672,17,198,-181
120900001,0,0,0
120900002,0,0,0
120900003,0,0,0
120900004,0,1,-1
120900005,0,0,0
120900006,0,0,0
120900007,14,21,-7
120900008,0,12,-12
120900009,0,0,0
120900010,0,3,-3
120900011,0,0,0
120900012,25,21,4
120900013,0,0,0
120900014,0,0,0
120900015,0,0,0
120900016,0,0,0
120900017,247,9,238
120900018,0,1,-1
120900019,5,0,5
120900020,10,12,-2
120900021,0,0,0
120900022,0,0,0
120900023,0,0,0
120900024,67,50,17
120900025,1,1,0
120900026,0,0,0
120900027,0,0,0
120900028,0,0,0
120900029,0,0,0
120900030,11,7,4
120900031,0,0,0
120900032,0,0,0
120900033,0,0,0
120900034,0,0,0
120900035,0,0,0
120900037,6,0,6
120900038,0,0,0
120900039,0,0,0
120900040,0,0,0
120900041,0,0,0
120900042,0,0,0
120900043,0,0,0
120900044,0,0,0
120900045,0,0,0
120900046,9,0,9
120900047,0,0,0
120900048,0,0,0
120900049,0,0,0
120900050,0,0,0
120900051,0,0,0
120900052,0,0,0
120900053,0,0,0
120900054,0,0,0
120900055,1,0,1
120900056,0,0,0
120900057,0,0,0
120900058,0,0,0
120900059,0,0,0
120900060,0,0,0
120900061,0,0,0
120900062,0,0,0
120900063,0,0,0
120900064,0,0,0
120900065,0,0,0
120900066,0,67,-67
120900067,0,0,0
120900068,0,0,0
120900069,0,0,0
120900071,0,0,0
120900072,0,0,0
120900073,0,1,-1
120900074,0,0,0
120900076,0,0,0
120900077,0,2,-2
120900078,0,178,-178
120900079,0,3,-3
120900080,2,231,-229
120900081,0,0,0
120900082,0,36,-36
120900083,0,0,0
120900084,0,0,0
120900085,0,0,0
120900086,5,8,-3
120900087,0,0,0
120900088,0,0,0
120900089,465,43,422
120900090,0,3,-3
120900091,0,0,0
120900092,22,74,-52
120900093,0,0,0
120900094,28,36,-8
120900095,0,0,0
120900096,0,0,0
120900097,27,146,-119
120900098,0,0,0
120900099,2,11,-9
120900100,1,7,-6
120900101,0,1,-1
120900102,0,0,0
120900103,0,2,-2
120900104,0,1,-1
120900105,0,4,-4
120900106,172,91,81
120900107,62,15,47
120900108,0,8,-8
120900109,2,140,-138
120900110,0,0,0
120900111,2,16,-14
120900112,0,18,-18
120900113,3,189,-186
120900114,1,38,-37
120900115,38,32,6
120900116,1,25,-24
120900117,0,13,-13
120900118,1,203,-202
120900119,0,0,0
120900120,5,124,-119
120900121,34,66,-32
120900122,0,21,-21
120900123,0,10,-10
120900124,0,155,-155
120900125,1,141,-140
120900126,106,116,-10
120900127,0,14,-14
120900128,150,181,-31
120900129,15,104,-89
120900130,1,141,-140
120900131,0,0,0
120900132,0,0,0
120900133,17,185,-168
120900134,23,100,-77
120900135,1,196,-195
120900136,0,0,0
120900137,0,0,0
120900138,2,35,-33
120900139,2,222,-220
120900140,0,1,-1
120900141,0,0,0
120900142,2,226,-224
120900143,3,227,-224
120900144,1,63,-62
120900145,3,253,-250
120900146,0,197,-197
120900147,0,7,-7
120900148,1,0,1
120900149,0,90,-90
120900150,1,106,-105
120900151,0,131,-131
120900152,0,8,-8
120900153,0,2,-2
120900154,0,69,-69
120900155,15,251,-236
120900156,0,125,-125
120900157,0,14,-14
120900158,1,183,-182
120900159,0,13,-13
120900160,1,142,-141
120900161,0,108,-108
120900162,0,122,-122
120900163,0,2,-2
120900164,0,0,0
120900165,0,0,0
120900166,2,4,-2
120900167,6,2,4
120900169,2,101,-99
120900170,69,29,40
120900171,112,25,87
120900172,0,0,0
120900173,0,16,-16
120900174,1,23,-22
120900175,0,0,0
120900176,1,7,-6
120900177,0,4,-4
120900178,0,11,-11
120900179,71,32,39
120900180,0,0,0
120900181,0,0,0
120900182,0,0,0
120900183,0,0,0
120900184,0,0,0
120900185,0,9,-9
120900186,1,142,-141
120900187,1,10,-9
120900188,0,0,0
120900189,0,0,0
120900190,0,0,0
120900191,0,2,-2
120900192,707,45,662
120900194,0,0,0
120900195,6,46,-40
120900196,0,0,0
120900197,0,0,0
120900198,18,130,-112
120900199,8,135,-127
120900200,0,0,0
120900201,54,18,36
120900202,0,52,-52
120900203,0,0,0
120900204,102,114,-12
120900205,0,0,0
120900206,0,0,0
121000001,316,573,-257
121000002,364,221,143
121000003,2925,933,1992
121000004,613,422,191
121000005,938,852,86
121000006,831,424,407
121000007,1320,1522,-202
121000008,1180,615,565
121000009,4138,2026,2112
121000010,3116,815,2301
121000011,8168,2489,5679
121000012,6227,1414,4813
121000013,3267,2463,804
121000014,3200,1893,1307
121000015,1597,2453,-856
121000016,2732,2063,669
121000017,358,812,-454
121000018,691,526,165
121000019,4594,1493,3101
121000020,4331,1528,2803
121000021,678,1010,-332
121000022,516,567,-51
121000023,1179,939,240
121000024,695,1298,-603
121000025,142,72,70
121000026,42,22,20
121000027,790,195,595
121000028,117,97,20
121000029,26,69,-43
121000030,25,45,-20
121000031,37,135,-98
121000032,61,29,32
121000034,0,0,0
121000035,16,35,-19
121000036,44,83,-39
121000037,106,141,-35
121000038,149,175,-26
121000039,10,63,-53
121000041,14,40,-26
121000042,0,0,0
121000043,44,31,13
121000044,214,90,124
121000045,15,60,-45
121000046,22,64,-42
121000047,3,20,-17
121000049,250,177,73
121000050,72,511,-439
121000051,55,45,10
121000052,37,197,-160
121000053,0,0,0
121000054,6,104,-98
121000055,521,269,252
121000056,234,211,23
121000057,30,74,-44
121000058,92,50,42
121000059,118,68,50
121000060,99,71,28
121000061,4,36,-32
121000062,26,17,9
121000063,85,222,-137
121000064,35,48,-13
121000065,30,78,-48
121000066,26,120,-94
121000067,95,65,30
121000068,0,1,-1
121000069,0,0,0
121000070,141,183,-42
121000071,105,211,-106
121000072,300,66,234
121000073,242,252,-10
121000074,33,53,-20
121000075,26,26,0
121000076,57,32,25
121000077,0,0,0
121000078,9,46,-37
121000080,432,161,271
121000081,308,380,-72
121000082,84,111,-27
121000083,0,0,0
121000084,49,51,-2
121000085,255,164,91
121000086,0,0,0
121000087,0,0,0
121000088,151,234,-83
121000089,0,0,0
121000090,61,161,-100
121000091,748,594,154
121000092,46,13,33
121000093,20,47,-27
121000094,100,55,45
121000095,0,0,0
121000096,1438,959,479
121000097,706,569,137
121000098,118,340,-222
121000099,101,322,-221
121000100,50,245,-195
121000101,0,0,0
121000102,33,132,-99
121000103,0,0,0
121000104,11,79,-68
121000105,27,127,-100
121000106,0,0,0
121000107,766,1026,-260
121000109,554,598,-44
121000110,70,96,-26
121000114,859,1193,-334
121000115,308,381,-73
121000116,164,368,-204
121000117,19,1,18
121000118,63,5,58
121000119,8,11,-3
121000120,0,0,0
121000121,0,0,0
121000123,0,0,0
121000126,12,27,-15
121000127,2,15,-13
121000128,55,241,-186
121000129,71,186,-115
121000130,115,290,-175
121000131,223,238,-15
121000132,250,157,93
121000135,26,23,3
121000136,231,67,164
121000137,43,2,41
121000138,70,98,-28
121000139,113,59,54
121000141,18,41,-23
121000142,132,111,21
121000143,0,0,0
121000144,51,40,11
121000145,46,183,-137
121000146,104,151,-47
121000147,93,126,-33
121000148,76,131,-55
121000149,256,364,-108
121000152,40,56,-16
121000153,449,100,349
121000154,226,38,188
121000155,298,191,107
121000156,165,234,-69
121000157,237,91,146
121000158,54,93,-39
121000159,23,132,-109
121000160,28,117,-89
121000161,1,8,-7
121000162,0,5,-5
121000165,0,0,0
121000166,19,33,-14
121000168,26,79,-53
121000169,8,129,-121
121000170,71,17,54
121000171,41,99,-58
121000172,94,169,-75
121000173,295,175,120
121000174,55,157,-102
121000175,92,114,-22
121000176,239,81,158
121000177,48,111,-63
121000178,18,23,-5
121000179,7,19,-12
121000181,63,78,-15
121000182,91,24,67
121000183,6,2,4
121000184,7,7,0
121000185,0,0,0
121000186,10,120,-110
121000187,3,4,-1
121000188,0,1,-1
121000192,112,79,33
121000193,62,97,-35
121000194,1490,763,727
121000195,84,311,-227
121000196,1,2,-1
121000197,40,244,-204
121000198,21,59,-38
121000199,16,380,-364
121000200,91,37,54
121000201,0,75,-75
121000202,11,3,8
121000203,6,213,-207
121000204,74,13,61
121000205,44,308,-264
121000206,24,63,-39
121000207,107,149,-42
121000208,1,144,-143
121000209,17,376,-359
121000210,75,312,-237
121000211,14,57,-43
121000212,113,307,-194
121000213,293,280,13
121000214,123,208,-85
121000215,296,205,91
121000216,56,136,-80
121000217,798,236,562
121000218,122,916,-794
121000219,181,89,92
121000220,154,88,66
121000221,34,17,17
121000222,696,1232,-536
121000223,26,165,-139
121000224,0,0,0
121000225,141,168,-27
121000226,103,92,11
121000227,1,86,-85
121000228,11,685,-674
121000229,3,398,-395
121000230,42,1457,-1415
121000231,0,0,0
121000232,0,0,0
121000233,9,35,-26
121000234,0,0,0
121000235,0,0,0
121000236,0,0,0
121000237,0,0,0
121000238,0,0,0
121000239,0,0,0
121000240,0,0,0
121000241,6,1,5
121000242,0,0,0
121000243,3,1,2
121000244,0,0,0
121000245,0,0,0
121000246,0,0,0
121000247,0,0,0
121000248,4,9,-5
121000249,20,99,-79
121000250,23,39,-16
121000251,11,267,-256
121000252,10,12,-2
121000253,52,408,-356
121000254,88,57,31
121000255,33,47,-14
121000256,17,21,-4
121000257,21,27,-6
121000258,22,5,17
121000259,6,14,-8
121000260,11,64,-53
121000261,8,6,2
121000262,392,259,133
121000263,103,181,-78
121000271,137,314,-177
121000273,9,11,-2
121000274,0,1,-1
121000275,4,18,-14
121000276,0,0,0
121000278,0,0,0
121000279,12,24,-12
121000280,0,1,-1
121000289,2,0,2
121000290,221,168,53
121000294,7,52,-45
121000297,91,86,5
121000299,7,115,-108
121000300,171,161,10
121000302,55,78,-23
121000303,175,80,95
121000304,0,0,0
121000305,0,0,0
121000306,0,0,0
121000308,58,100,-42
121000309,180,205,-25
121000310,19,202,-183
121000311,22,348,-326
121000312,0,0,0
121000313,213,169,44
121000314,68,38,30
121000315,52,34,18
121000530,109,370,-261
121000531,141,354,-213
121000532,1171,420,751
121000533,868,444,424
121000918,1,77,-76
121000919,0,0,0
121000938,103,41,62
121000939,92,19,73
121000956,96,423,-327
121000957,7,85,-78
121000958,4,120,-116
121000959,63,371,-308
121000960,100,677,-577
121000961,8,0,8
121000962,0,0,0
121000973,0,78,-78
121000976,0,0,0
121000979,0,0,0
121000981,8,0,8
121000982,0,0,0
121000983,44,197,-153
121000984,0,10,-10
121000985,48,164,-116
121000986,4,80,-76
121000987,71,886,-815
121000988,116,19,97
121001302,103,67,36
121001308,3,10,-7
121001309,8,9,-1
121001313,8,110,-102
121001314,4177,1926,2251
121001315,1586,998,588
121900001,0,0,0
121900002,0,6,-6
121900003,0,0,0
121900004,0,0,0
121900005,0,1,-1
121900006,0,0,0
121900007,0,0,0
121900008,0,0,0
121900009,0,0,0
121900010,0,0,0
121900011,0,0,0
121900012,0,0,0
121900013,0,0,0
121900014,0,0,0
121900015,0,0,0
121900016,0,0,0
121900017,0,0,0
121900018,0,0,0
121900019,0,0,0
121900020,0,0,0
121900021,0,0,0
121900022,0,0,0
121900023,0,0,0
121900024,0,0,0
121900025,0,0,0
121900026,0,0,0
121900027,0,0,0
121900028,0,0,0
121900029,0,0,0
121900030,0,0,0
121900031,0,0,0
121900032,0,0,0
121900033,0,0,0
121900034,0,0,0
121900035,0,0,0
121900036,0,0,0
121900037,0,0,0
121900038,0,0,0
121900039,0,0,0
121900040,0,0,0
121900041,0,0,0
121900042,0,0,0
121900043,0,0,0
121900044,0,0,0
121900046,0,0,0
121900047,0,0,0
121900048,0,0,0
121900050,0,0,0
121900051,0,0,0
121900052,0,0,0
121900053,28,56,-28
121900054,0,0,0
121900055,0,0,0
121900058,0,0,0
121900059,0,0,0
121900060,0,0,0
121900061,0,0,0
121900062,0,0,0
121900063,0,0,0
121900064,0,0,0
121900066,0,0,0
121900067,0,0,0
121900069,0,0,0
121900070,0,0,0
121900071,0,0,0
121900072,0,0,0
121900073,0,0,0
121900074,0,0,0
121900075,0,0,0
121900076,0,0,0
121900077,0,0,0
121900078,0,0,0
121900079,0,0,0
121900080,0,0,0
121900082,0,0,0
121900084,0,0,0
121900085,0,0,0
121900086,0,0,0
121900087,0,0,0
121900088,0,0,0
121900089,0,0,0
121900090,0,0,0
121900091,0,0,0
121900092,0,0,0
121900093,0,0,0
121900094,0,0,0
121900095,0,0,0
121900096,0,0,0
121900097,0,0,0
121900098,0,0,0
121900099,0,0,0
121900100,0,0,0
121900101,0,0,0
121900102,0,0,0
121900103,0,0,0
121900104,0,0,0
121900105,0,0,0
121900106,0,0,0
121900107,0,0,0
121900108,0,0,0
121900109,0,0,0
121900110,0,0,0
121900111,0,0,0
121900112,0,0,0
121900113,0,0,0
121900114,0,0,0
121900117,0,0,0
121900118,0,0,0
121900119,0,0,0
121900120,0,0,0
121900121,0,0,0
121900122,0,0,0
121900123,0,0,0
121900124,0,0,0
121900125,0,0,0
121900127,0,0,0
121900128,0,0,0
121900129,0,0,0
121900130,0,0,0
121900131,0,0,0
121900132,0,0,0
121900133,0,0,0
121900134,0,0,0
121900135,0,0,0
121900136,0,0,0
121900137,0,0,0
121900138,0,0,0
121900139,0,0,0
121900140,0,0,0
121900141,0,0,0
121900142,0,0,0
121900143,0,0,0
121900144,2,0,2
121900145,0,0,0
121900146,0,0,0
121900147,0,0,0
121900148,0,0,0
121900149,0,0,0
121900150,0,2,-2
121900151,0,0,0
121900152,0,0,0
121900153,0,0,0
121900154,0,0,0
121900155,0,0,0
121900156,1,0,1
121900157,0,0,0
121900158,0,0,0
121900159,0,0,0
121900160,0,0,0
121900161,0,0,0
121900162,7,1,6
121900163,0,1,-1
121900164,0,0,0
121900165,0,0,0
121900166,0,0,0
121900167,0,0,0
121900168,0,0,0
121900169,1,44,-43
121900170,0,0,0
121900171,0,0,0
121900172,0,0,0
121900173,0,0,0
121900174,0,0,0
121900175,0,0,0
121900176,20,147,-127
121900177,0,0,0
121900178,0,0,0
121900179,0,0,0
121900180,15,2,13
121900182,0,0,0
121900183,0,0,0
121900184,0,0,0
121900186,0,0,0
121900187,0,2,-2
121900188,0,0,0
121900189,0,0,0
121900190,0,0,0
121900191,0,0,0
121900192,0,0,0
121900193,0,0,0
121900194,0,0,0
121900195,0,0,0
121900196,0,0,0
121900197,11,63,-52
121900198,0,0,0
121900199,0,0,0
121900200,0,0,0
121900201,0,0,0
121900202,0,2,-2
121900203,0,0,0
121900204,0,0,0
121900205,0,0,0
121900206,0,0,0
121900207,0,0,0
121900208,0,0,0
121900209,0,0,0
121900210,0,0,0
121900211,0,0,0
121900212,0,0,0
121900213,0,0,0
121900214,0,0,0
121900215,0,0,0
121900216,0,0,0
121900217,0,0,0
121900218,0,0,0
121900220,0,0,0
121900221,0,0,0
121900222,0,0,0
121900223,0,0,0
121900224,0,0,0
121900225,0,0,0
121900226,0,0,0
121900227,0,0,0
121900228,0,0,0
121900230,0,0,0
121900231,0,0,0
121900232,0,0,0
121900233,0,0,0
121900234,0,0,0
121900235,0,0,0
121900236,0,0,0
121900237,0,0,0
121900238,0,0,0
121900239,0,0,0
121900240,0,0,0
121900241,0,0,0
121900242,0,0,0
121900243,0,0,0
121900244,0,0,0
121900245,0,0,0
121900246,0,0,0
121900247,0,0,0
121900248,0,0,0
121900250,0,0,0
121900251,0,0,0
121900252,0,0,0
121900253,0,0,0
121900254,0,0,0
121900255,0,0,0
121900258,0,0,0
121900259,0,0,0
121900260,0,0,0
121900261,0,0,0
121900262,0,0,0
121900263,0,0,0
121900264,0,0,0
121900265,0,0,0
121900266,0,0,0
121900267,0,0,0
121900269,0,0,0
121900270,0,0,0
121900271,0,0,0
121900273,0,0,0
121900274,0,0,0
121900277,0,0,0
121900278,0,0,0
121900279,0,0,0
121900280,0,0,0
121900281,0,0,0
121900284,0,0,0
121900286,0,22,-22
121900287,1,2,-1
121900290,0,0,0
121900291,13,21,-8
121900292,0,0,0
121900293,17,276,-259
121900294,0,0,0
121900295,0,0,0
121900296,0,0,0
121900298,0,0,0
121900299,0,0,0
121900300,0,0,0
121900301,0,0,0
121900302,0,0,0
121900303,0,0,0
121900304,0,0,0
121900305,0,0,0
121900306,0,0,0
121900307,0,0,0
121900308,3,26,-23
121900309,0,29,-29
121900310,1,77,-76
121900311,0,0,0
121900312,0,0,0
121900313,0,0,0
121900314,0,0,0
121900315,0,0,0
121900316,0,0,0
121900317,0,0,0
121900318,0,0,0
121900319,0,0,0
121900320,0,0,0
121900321,0,0,0
121900322,0,0,0
121900323,0,0,0
121900324,0,0,0
121900325,0,0,0
121900326,0,0,0
121900327,0,0,0
121900328,0,0,0
121900329,0,0,0
121900330,0,0,0
121900331,0,0,0
121900332,0,0,0
121900333,0,0,0
122000001,677,839,-162
122000002,846,338,508
122000003,496,369,127
122000004,534,195,339
122000005,269,117,152
122000006,130,79,51
122000007,99,125,-26
122000008,703,464,239
122000009,158,30,128
122000010,348,268,80
122000011,280,127,153
122000012,142,200,-58
122000013,183,202,-19
122000014,218,207,11
122000015,134,83,51
122000016,92,154,-62
122000017,285,268,17
122000018,316,480,-164
122000019,157,619,-462
122000020,47,21,26
122000021,212,93,119
122000022,209,61,148
122000023,87,74,13
122000024,97,103,-6
122000025,87,185,-98
122000026,59,24,35
122000027,259,507,-248
122000028,0,0,0
122000029,0,0,0
122000030,128,34,94
122000031,0,0,0
122000032,94,64,30
122000033,41,80,-39
122000034,182,182,0
122000035,210,206,4
122000036,62,205,-143
122000037,104,61,43
122000038,59,76,-17
122000039,140,157,-17
122000040,92,99,-7
122000041,1,2,-1
122000042,0,1,-1
122000043,0,0,0
122000044,0,0,0
122000045,45,27,18
122000046,40,56,-16
122000047,101,63,38
122000048,721,423,298
122000049,1450,744,706
122000050,223,213,10
122000051,0,0,0
122000052,7,12,-5
122000053,11,124,-113
122000054,400,326,74
122000055,471,609,-138
122000056,723,678,45
122000057,1311,894,417
122000058,682,644,38
122000059,792,577,215
122000060,231,153,78
122000061,91,48,43
122000062,304,74,230
122000063,86,116,-30
122000064,759,832,-73
122000065,1032,835,197
122000066,289,365,-76
122000067,237,381,-144
122000068,198,193,5
122000069,387,196,191
122000070,28,41,-13
122000071,54,54,0
122000072,118,57,61
122000073,75,120,-45
122000074,11,1,10
122000075,6,6,0
122000076,139,122,17
122000077,170,244,-74
122000078,365,583,-218
122000079,243,260,-17
122000080,62,83,-21
122000081,13,19,-6
122000082,0,0,0
122000083,274,326,-52
122000084,215,252,-37
122000085,100,337,-237
122000086,374,568,-194
122000087,14,12,2
122000088,79,104,-25
122000089,878,415,463
122000090,14,52,-38
122000091,17,10,7
122000092,7,1,6
122000093,194,536,-342
122000094,1245,275,970
122000095,950,338,612
122000096,212,41,171
122000098,1167,740,427
122000099,62,172,-110
122000100,86,59,27
122000101,14,56,-42
122000102,439,263,176
122000103,202,191,11
122000104,43,29,14
122000105,16,25,-9
122000106,103,73,30
122000107,25,40,-15
122000108,76,138,-62
122000109,3,15,-12
122000110,44,149,-105
122000111,441,160,281
122000112,43,92,-49
122000113,48,84,-36
122000114,579,982,-403
122000115,668,402,266
122000116,179,89,90
122000117,166,19,147
122000118,75,40,35
122000119,575,527,48
122000120,561,803,-242
122000121,624,402,222
122000122,210,283,-73
122000123,417,90,327
122000124,120,59,61
122000125,405,210,195
122000126,120,179,-59
122000127,300,350,-50
122000128,77,190,-113
122000129,56,30,26
122000130,88,22,66
122000131,91,19,72
122000132,335,138,197
122000133,147,622,-475
122000134,166,117,49
122000135,80,400,-320
122000136,6,23,-17
122000137,31,35,-4
122000139,247,340,-93
122000140,239,78,161
122000141,1206,205,1001
122000142,52,353,-301
122000143,37,24,13
122000144,46,58,-12
122000145,96,145,-49
122000146,0,0,0
122000147,36,15,21
122000148,1028,403,625
122000149,435,115,320
122000150,102,103,-1
122000151,78,124,-46
122000152,67,76,-9
122000153,0,0,0
122000154,0,0,0
122000155,213,177,36
122000156,1407,1012,395
122000157,603,641,-38
122000158,19,113,-94
122000159,35,71,-36
122000160,281,71,210
122000161,88,34,54
122000162,144,52,92
122000163,0,0,0
122000164,0,0,0
122000165,107,83,24
122000166,34,49,-15
122000167,59,107,-48
122000168,1,4,-3
122000169,113,85,28
122000170,50,129,-79
122000171,19,58,-39
122000172,307,372,-65
122000173,279,522,-243
122000174,403,373,30
122000175,349,136,213
122000176,2,7,-5
122000177,348,631,-283
122000178,151,38,113
122000179,399,320,79
122000180,225,509,-284
122000181,549,1355,-806
122000182,292,61,231
122000183,381,21,360
122000184,3854,778,3076
122000185,718,609,109
122000186,128,129,-1
122000187,77,181,-104
122000188,97,53,44
122000189,0,0,0
122000190,20,213,-193
122000191,98,55,43
122000192,98,6,92
122000193,5,3,2
122000194,57,24,33
122000195,0,3,-3
122000196,27,50,-23
122000197,28,36,-8
122000198,111,105,6
122000199,42,27,15
122000200,128,31,97
122000201,900,1240,-340
122000202,519,587,-68
122000203,699,539,160
122000204,222,674,-452
122000205,183,429,-246
122000206,139,44,95
122000207,88,101,-13
122000208,64,146,-82
122000209,53,10,43
122000210,189,776,-587
122000211,156,491,-335
122000212,125,101,24
122000213,161,171,-10
122000214,186,256,-70
122000215,217,245,-28
122000217,451,693,-242
122000218,0,0,0
122000219,541,524,17
122000220,92,376,-284
122000221,36,53,-17
122000222,104,9,95
122000223,140,233,-93
122000225,178,60,118
122000226,141,719,-578
122000227,48,427,-379
122000228,50,249,-199
122000229,7,178,-171
122000230,18,304,-286
122000231,17,255,-238
122000232,26,303,-277
122000233,0,0,0
122000234,4,15,-11
122000235,15,21,-6
122000236,45,29,16
122000237,18,18,0
122000238,25,5,20
122000239,6,6,0
122000240,27,29,-2
122000241,5,0,5
122000242,10,5,5
122000243,0,0,0
122000244,5,113,-108
122000245,3,31,-28
122000246,0,5,-5
122000247,111,127,-16
122000248,231,488,-257
122000249,18,29,-11
122000250,84,20,64
122000251,89,148,-59
122000252,19,5,14
122000253,2,119,-117
122000254,8,6,2
122000255,61,36,25
122000256,166,1051,-885
122000257,31,228,-197
122000258,20,38,-18
122000259,3,273,-270
122000260,0,58,-58
122000261,0,12,-12
122000262,0,67,-67
122000263,6,79,-73
122000264,0,0,0
122000265,0,0,0
122000266,0,0,0
122000267,0,0,0
122000268,0,0,0
122000269,0,0,0
122000270,0,0,0
122000271,3,22,-19
122000272,5,28,-23
122000273,5,31,-26
122000274,8,9,-1
122000275,1,5,-4
122000276,30,91,-61
122000277,122,228,-106
122000278,80,78,2
122000279,44,277,-233
122000280,262,388,-126
122000281,117,302,-185
122000282,16,38,-22
122000283,195,21,174
122000284,27,31,-4
122000285,160,89,71
122000286,45,139,-94
122000287,15,3,12
122000288,20,0,20
122000291,144,38,106
122000293,41,25,16
122000294,0,0,0
122000295,2,1,1
122000296,4,91,-87
122000297,380,172,208
122000299,21,42,-21
122000300,80,195,-115
122000301,2410,253,2157
122000302,68,35,33
122000303,2172,591,1581
122000304,2,42,-40
122000305,194,49,145
122000306,13,379,-366
122000307,63,52,11
122000309,17,159,-142
122000310,2,5,-3
122000311,17,23,-6
122000312,4,2,2
122000313,2,8,-6
122000314,12,41,-29
122000315,5,1,4
122000316,22,6,16
122000317,36,1,35
122000318,4,24,-20
122000319,49,186,-137
122000320,56,876,-820
122000321,25,308,-283
122000322,520,142,378
122000323,291,141,150
122000324,197,203,-6
122000325,39,135,-96
122000326,0,0,0
122000327,26,107,-81
122000328,216,403,-187
122000330,113,24,89
122000332,22,107,-85
122000333,1,132,-131
122000337,117,982,-865
122000338,63,194,-131
122000340,44,67,-23
122000342,508,364,144
122000343,39,370,-331
122000344,0,0,0
122000345,2,7,-5
122000346,36,36,0
122000348,49,124,-75
122000349,2,213,-211
122000351,0,9,-9
122000352,40,10,30
122000353,2,88,-86
122000355,0,5,-5
122000356,808,373,435
122000357,0,0,0
122000358,0,0,0
122000359,0,0,0
122000360,0,0,0
122000362,3,45,-42
122000364,6,123,-117
122000365,0,0,0
122000366,2,1,1
122000368,87,166,-79
122000370,0,31,-31
122000371,0,0,0
122000372,0,0,0
122000381,6,90,-84
122000382,5,46,-41
122000384,595,407,188
122000385,0,0,0
122000386,6,64,-58
122000387,26,83,-57
122000388,86,25,61
122000389,69,299,-230
122000390,18,61,-43
122000391,0,0,0
122000392,22,51,-29
122000393,2,14,-12
122000394,7,78,-71
122000395,16,58,-42
122000396,19,35,-16
122000397,6,38,-32
122000398,0,0,0
122000399,2,7,-5
122000400,0,0,0
122000401,27,54,-27
122000402,0,0,0
122000403,133,1026,-893
122000404,13,10,3
122000408,195,291,-96
122000503,0,0,0
122000524,1,0,1
122000544,0,0,0
122000616,598,5,593
122000640,0,6,-6
122000641,0,16,-16
122000642,3,40,-37
122000643,0,0,0
122000644,73,36,37
122000645,67,153,-86
122000651,130,162,-32
122000664,28,20,8
122000665,436,274,162
122000666,69,136,-67
122000673,22,185,-163
122000674,77,21,56
122000675,191,430,-239
122000686,0,0,0
122000687,34,167,-133
122000688,0,0,0
122000689,94,433,-339
122000690,112,582,-470
122000691,0,0,0
122000692,138,293,-155
122000693,0,0,0
122000695,54,241,-187
122000696,2,8,-6
122000698,32,486,-454
122000699,31,2,29
122000701,128,157,-29
122000702,0,0,0
122000703,0,0,0
122000717,116,22,94
122000718,12,13,-1
122000719,0,2,-2
122000720,4,7,-3
122000724,25,16,9
122900001,0,0,0
122900002,0,0,0
122900003,0,0,0
122900004,0,0,0
122900005,0,0,0
122900006,0,0,0
122900007,0,0,0
122900008,0,0,0
122900009,0,0,0
122900010,0,0,0
122900012,0,0,0
122900014,0,0,0
122900015,0,0,0
122900016,0,0,0
122900017,0,0,0
122900018,0,0,0
122900019,1,21,-20
122900020,0,0,0
122900021,0,0,0
122900022,6,72,-66
122900023,7,24,-17
122900024,4,3,1
122900025,0,0,0
122900026,0,0,0
122900027,1,48,-47
122900028,0,0,0
122900029,0,0,0
122900030,204,14,190
122900031,0,0,0
122900032,8,19,-11
122900033,0,0,0
122900034,0,0,0
122900035,0,0,0
122900036,0,0,0
122900037,0,2,-2
122900038,0,36,-36
122900039,0,0,0
122900040,0,0,0
122900041,0,0,0
122900042,0,0,0
122900043,0,0,0
122900044,0,0,0
122900045,0,0,0
122900046,0,0,0
122900047,0,0,0
122900048,0,0,0
122900049,0,0,0
122900051,1,2,-1
122900052,0,5,-5
122900053,0,0,0
122900055,0,0,0
122900057,0,0,0
122900061,0,0,0
122900062,24,5,19
122900063,0,0,0
122900064,0,0,0
122900065,6,10,-4
122900066,15,14,1
122900067,0,0,0
122900068,0,0,0
122900069,5,11,-6
122900070,4,0,4
122900071,3,25,-22
122900072,4,70,-66
122900073,0,0,0
122900074,0,0,0
122900075,0,9,-9
122900076,0,9,-9
122900077,0,56,-56
122900078,0,78,-78
122900080,0,0,0
122900081,0,0,0
122900082,0,0,0
122900083,0,0,0
122900084,0,0,0
122900086,0,0,0
122900087,0,4,-4
122900088,0,0,0
122900089,0,0,0
122900090,0,44,-44
122900091,0,0,0
122900092,0,0,0
122900093,0,0,0
122900094,0,0,0
122900095,0,0,0
122900096,0,0,0
122900097,0,0,0
122900098,0,0,0
122900099,0,0,0
122900100,0,0,0
122900101,0,0,0
122900102,0,0,0
122900103,0,0,0
122900104,0,0,0
122900105,0,0,0
122900106,0,0,0
122900107,0,0,0
122900108,0,0,0
123000001,485,190,295
123000002,2191,664,1527
123000003,797,652,145
123000004,1541,1931,-390
123000005,254,372,-118
123000006,1186,1500,-314
123000007,290,331,-41
123000008,869,2322,-1453
123000009,873,657,216
123000010,2367,2847,-480
123000011,407,204,203
123000012,483,1643,-1160
123000013,486,128,358
123000014,942,2131,-1189
123000015,964,211,753
123000016,2975,1547,1428
123000017,334,119,215
123000018,3,39,-36
123000019,0,28,-28
123000020,1,2,-1
123000021,0,3,-3
123000022,8,8,0
123000023,120,95,25
123000024,43,53,-10
123000025,0,6,-6
123000026,1,19,-18
123000027,5,65,-60
123000028,18,2,16
123000029,77,75,2
123000030,3,350,-347
123000031,5,15,-10
123000032,6,12,-6
123000033,3,1,2
123000034,39,53,-14
123000035,18,12,6
123000036,29,18,11
123000037,74,146,-72
123000038,22,76,-54
123000039,255,175,80
123000040,449,206,243
123000041,73,30,43
123000042,130,247,-117
123000043,296,224,72
123000044,1399,786,613
123000045,3505,717,2788
123000046,17,24,-7
123000047,784,353,431
123000048,0,0,0
123000049,1052,199,853
123000050,140,112,28
123000051,2,11,-9
123000052,104,256,-152
123000053,891,466,425
123000054,371,221,150
123000055,179,148,31
123000056,354,740,-386
123000057,5024,1329,3695
123000058,60,81,-21
123000059,37,59,-22
123000060,117,66,51
123000061,27,76,-49
123000063,120,196,-76
123000064,119,70,49
123000065,2077,1007,1070
123000066,349,228,121
123000067,37,102,-65
123000068,1196,1286,-90
123000069,4589,1470,3119
123000070,26,66,-40
123000071,36,60,-24
123000072,321,536,-215
123000073,28,39,-11
123000074,245,641,-396
123000075,22,65,-43
123000076,93,331,-238
123000077,808,1055,-247
123000078,25,60,-35
123000079,35,71,-36
123000080,426,858,-432
123000081,29,84,-55
123000082,96,206,-110
123000083,54,11,43
123000084,38,247,-209
123000085,0,24,-24
123000086,8,44,-36
123000087,6,61,-55
123000088,116,315,-199
123000089,7,23,-16
123000090,374,630,-256
123000091,11,9,2
123000092,241,426,-185
123000094,20,38,-18
123000095,3,14,-11
123000096,8,10,-2
123000097,46,356,-310
123000098,5,13,-8
123000099,92,252,-160
123000100,145,114,31
123000101,1,0,1
123000102,54,104,-50
123000104,35,85,-50
123000105,186,181,5
123000106,38,102,-64
123000107,99,181,-82
123000108,234,406,-172
123000111,12,11,1
123000112,26,48,-22
123000113,109,586,-477
123000114,8,9,-1
123000115,11,67,-56
123000116,6,44,-38
123000117,200,627,-427
123000118,92,280,-188
123000119,27,253,-226
123000120,92,174,-82
123000121,46,51,-5
123000122,111,121,-10
123000123,49,57,-8
123000124,160,247,-87
123000125,81,18,63
123000126,39,91,-52
123000127,1208,545,663
123000128,99,167,-68
123000129,0,0,0
123000130,0,0,0
123000131,16,135,-119
123000132,97,231,-134
123000133,69,170,-101
123000134,140,63,77
123000135,103,152,-49
123000136,62,635,-573
123000137,25,159,-134
123000138,18,218,-200
123000139,0,0,0
123000140,43,301,-258
123000141,0,0,0
123000142,275,353,-78
123000143,340,1124,-784
123000144,7,9,-2
123000145,27,28,-1
123000146,1,29,-28
123000147,1,16,-15
123000149,0,0,0
123000150,0,0,0
123000151,61,50,11
123000152,22,112,-90
123000153,13,46,-33
123000154,391,172,219
123000155,543,150,393
123000156,19,31,-12
123000157,131,257,-126
123000158,0,0,0
123000159,341,223,118
123000160,89,22,67
123000161,241,20,221
123000162,50,41,9
123000163,1,5,-4
123000164,0,0,0
123000165,53,543,-490
123000166,5,53,-48
123000167,3,106,-103
123000168,45,127,-82
123000169,0,0,0
123000170,0,138,-138
123000171,0,32,-32
123000172,43,289,-246
123000173,0,0,0
123000174,0,0,0
123000175,311,693,-382
123000176,0,0,0
123000177,86,345,-259
123000178,0,0,0
123000179,5,240,-235
123000180,197,13,184
123000181,76,603,-527
123000182,9,128,-119
123000183,31,13,18
123000184,20,279,-259
123000185,0,0,0
123000186,4,445,-441
123000187,0,1,-1
123000188,0,1,-1
123000189,7,56,-49
123000190,1,13,-12
123000192,2,152,-150
123000193,6,166,-160
123000194,107,77,30
123000195,0,0,0
123000196,5,7,-2
123000197,0,55,-55
123000198,3,67,-64
123000199,3,201,-198
123000200,0,0,0
123000201,0,0,0
123000202,7,663,-656
123000203,0,0,0
123000204,14,566,-552
123000205,93,761,-668
123000206,113,2,111
123000207,16,327,-311
123000208,9,1,8
123000209,80,9,71
123000210,120,463,-343
123000211,161,1001,-840
123000212,0,0,0
123000213,0,0,0
123000215,177,51,126
123000216,0,0,0
123000217,0,0,0
123000218,41,68,-27
123000219,0,0,0
123000220,0,0,0
123000221,0,0,0
123000222,16,28,-12
123000223,1,24,-23
123000224,22,54,-32
123000225,4,27,-23
123000226,4,221,-217
123000227,9,161,-152
123000228,9,21,-12
123000229,279,740,-461
123000232,42,241,-199
123000233,0,0,0
123000234,39,387,-348
123000235,0,0,0
123000236,36,442,-406
123000237,0,0,0
123000238,16,332,-316
123000239,120,1004,-884
123000240,11,74,-63
123000241,0,0,0
123000242,13,64,-51
123000243,249,463,-214
123000244,269,333,-64
123000245,15,130,-115
123000249,717,346,371
123000252,0,0,0
123000253,0,0,0
123000254,22,330,-308
123000255,59,100,-41
123000256,16,119,-103
123000257,861,822,39
123000258,164,509,-345
123000259,29,95,-66
123000260,57,247,-190
123000261,16,123,-107
123000262,19,107,-88
123000263,17,11,6
123000264,13,2,11
123000265,26,51,-25
123000266,109,188,-79
123000267,0,0,0
123000268,3,17,-14
123000269,0,0,0
123000270,0,0,0
123000271,27,33,-6
123000272,0,0,0
123000273,0,0,0
123000274,0,0,0
123000275,73,526,-453
123000278,696,538,158
123000279,0,0,0
123000280,7,94,-87
123000281,0,0,0
123000282,14,94,-80
123000283,0,0,0
123000284,1,54,-53
123000286,94,37,57
123000287,59,38,21
123000288,0,0,0
123000289,0,0,0
123000291,104,462,-358
123000294,27,60,-33
123000295,131,46,85
123000296,30,10,20
123000297,2,8,-6
123000298,13,36,-23
123000299,0,0,0
123000300,48,97,-49
123000301,4,58,-54
123000302,0,18,-18
123000303,2,8,-6
123000305,324,302,22
123000306,1,145,-144
123000309,15,30,-15
123000310,0,0,0
123000311,0,130,-130
123000312,140,285,-145
123000313,0,0,0
123000315,0,26,-26
123000316,0,0,0
123000317,0,0,0
123000318,4,48,-44
123000329,180,45,135
123000337,0,54,-54
123000338,23,6,17
123000339,1,344,-343
123000340,5,16,-11
123000342,0,1,-1
123000343,0,0,0
123000344,164,121,43
123000345,65,156,-91
123000346,0,0,0
123000352,652,397,255
123000353,11,49,-38
123000354,6,5,1
123000355,2,126,-124
123000356,3,1,2
123000357,0,104,-104
123000359,0,71,-71
123000360,0,0,0
123000361,137,82,55
123000362,14,70,-56
123000363,3,152,-149
123000364,17,15,2
123000365,20,94,-74
123000366,83,229,-146
123000367,55,316,-261
123000370,4,141,-137
123000371,0,0,0
123000372,2,0,2
123000373,1,199,-198
123000374,2,82,-80
123000375,3,0,3
123000376,31,52,-21
123000377,0,0,0
123000378,1,208,-207
123000379,2,85,-83
123000380,2,84,-82
123000381,6,1,5
123000382,33,3,30
123000383,34,237,-203
123000384,36,6,30
123000385,53,316,-263
123000436,40,316,-276
123000507,29,23,6
123000508,34,121,-87
123000517,149,20,129
123000518,12,68,-56
123000519,79,65,14
123000520,10,61,-51
123000521,83,63,20
123000522,43,163,-120
123000541,0,0,0
123000542,0,10,-10
123000565,18,3,15
123000566,15,325,-310
123000567,43,86,-43
123000573,25,637,-612
123000574,0,0,0
123000575,76,689,-613
123000576,30,1062,-1032
123000577,35,321,-286
123000578,0,0,0
123000579,359,118,241
123000580,48,0,48
123000582,0,0,0
123000583,5,304,-299
123000584,0,0,0
123000585,1,49,-48
123000586,0,1,-1
123000596,17,44,-27
123000597,0,0,0
123000602,0,0,0
123000603,33,177,-144
123000604,14,551,-537
123000605,392,89,303
123000606,3,954,-951
123000609,15,194,-179
123000610,4,3,1
123000613,103,130,-27
123000614,0,0,0
123000615,90,174,-84
123000616,0,0,0
123000617,42,520,-478
123000618,33,387,-354
123000619,0,0,0
123000620,42,321,-279
123000622,0,0,0
123000624,0,0,0
123000630,44,47,-3
123000631,39,789,-750
123000632,210,409,-199
123000633,0,58,-58
123000634,0,0,0
123000635,56,73,-17
123000636,5,208,-203
123000637,0,0,0
123000638,0,0,0
123000639,0,0,0
123000640,0,530,-530
123900001,81,4,77
123900002,0,0,0
123900003,0,0,0
123900005,0,0,0
123900006,0,0,0
124000001,210,0,210
124000002,82,749,-667
124000003,28,2,26
124000004,20,349,-329
124000005,12,1,11
124000006,138,797,-659
124000007,24,3,21
124000008,6,182,-176
124000009,7,5,2
124000010,54,276,-222
124000011,22,4,18
124000012,76,464,-388
124000017,0,0,0
124000018,62,53,9
124000019,0,0,0
124000020,17,112,-95
124000021,0,0,0
124000022,56,140,-84
124000023,191,133,58
124000024,254,224,30
124000025,112,78,34
124000026,370,224,146
124000027,978,245,733
124000028,1181,1506,-325
124000030,965,484,481
124000031,39,1,38
124000032,2012,439,1573
124000033,19,1,18
124000034,792,250,542
124000035,2,2,0
124000036,13,102,-89
124000037,2,2,0
124000038,7,4,3
124000039,179,68,111
124000040,168,302,-134
124000041,59,5,54
124000042,23,250,-227
124000043,9,11,-2
124000044,7,179,-172
124000045,0,0,0
124000046,49,455,-406
124000047,0,0,0
124000048,150,1023,-873
124000049,0,0,0
124000050,139,1200,-1061
124000051,0,0,0
124000052,138,681,-543
124000053,0,0,0
124000054,255,365,-110
124000055,0,0,0
124000056,1303,822,481
124000057,0,0,0
124000058,162,760,-598
124000059,21,44,-23
124000060,407,368,39
124000061,24,68,-44
124000062,2979,769,2210
124000063,568,749,-181
124000064,690,853,-163
124000065,2,26,-24
124000066,0,0,0
124000067,0,0,0
124000068,2,8,-6
124000069,0,0,0
124000070,13,178,-165
124000071,0,0,0
124000072,32,145,-113
124000073,0,0,0
124000074,46,320,-274
124000075,0,0,0
124000076,8,147,-139
124000077,390,154,236
124000078,33,5,28
124000079,438,283,155
124000080,0,0,0
124000081,25,340,-315
124000082,0,0,0
124000083,7,68,-61
124000084,0,0,0
124000085,8,16,-8
124000086,0,0,0
124000087,0,0,0
124000088,4,17,-13
124000089,0,0,0
124000090,21,173,-152
124000091,0,0,0
124000092,7,233,-226
124000093,0,0,0
124000094,4,72,-68
124000095,0,0,0
124000096,22,67,-45
124000097,0,0,0
124000098,18,70,-52
124000099,0,0,0
124000100,0,56,-56
124000101,2,4,-2
124000102,16,88,-72
124000103,3,4,-1
124000104,20,93,-73
124000105,3,3,0
124000106,21,88,-67
124000107,2,12,-10
124000108,14,28,-14
124000109,0,0,0
124000110,14,35,-21
124000111,7,28,-21
124000112,30,117,-87
124000113,0,0,0
124000114,19,82,-63
124000115,68,100,-32
124000116,0,0,0
124000117,39,39,0
124000118,1,6,-5
124000119,81,200,-119
124000120,6,40,-34
124000121,135,12,123
124000122,384,354,30
124000123,135,66,69
124000124,105,315,-210
124000125,49,80,-31
124000126,127,220,-93
124000127,81,76,5
124000128,181,564,-383
124000129,198,335,-137
124000130,347,262,85
124000131,136,112,24
124000132,491,387,104
124000133,36,72,-36
124000134,141,270,-129
124000135,120,98,22
124000136,232,416,-184
124000137,89,52,37
124000138,253,355,-102
124000139,0,0,0
124000140,10,184,-174
124000141,0,0,0
124000142,0,66,-66
124000143,0,0,0
124000144,15,24,-9
124000145,0,0,0
124000146,2,68,-66
124000148,0,0,0
124000149,9,1,8
124000150,102,249,-147
124000151,17,8,9
124000152,139,329,-190
124000153,15,12,3
124000154,91,384,-293
124000155,20,23,-3
124000156,359,392,-33
124000169,7,9,-2
124000170,152,156,-4
124000171,2,12,-10
124000172,41,181,-140
124000173,9,26,-17
124000174,35,270,-235
124000175,9,89,-80
124000176,0,0,0
124000177,16,35,-19
124000178,0,0,0
124000190,0,0,0
124000191,53,12,41
124000192,23,7,16
124000193,103,625,-522
124000194,86,285,-199
124000195,26,78,-52
124000196,273,695,-422
124000197,26,13,13
124000198,2,1,1
124000201,7,411,-404
124000202,0,21,-21
124000203,14,487,-473
124000204,3,96,-93
124000205,7,349,-342
124000206,6,96,-90
124000207,0,72,-72
124000209,31,319,-288
124000210,4,134,-130
124000211,0,0,0
124000212,1,292,-291
124000213,4,258,-254
124000214,4,190,-186
124000215,0,0,0
124000216,0,282,-282
124000329,41,1039,-998
124000338,32,591,-559
124000339,4,1,3
124000341,23,0,23
124000344,31,25,6
124000357,57,49,8
124000358,86,51,35
124000359,64,34,30
124000360,26,18,8
124000361,38,20,18
124000362,504,977,-473
124000363,104,431,-327
124000364,224,867,-643
124000365,423,1227,-804
124000366,1196,925,271
124000367,47,322,-275
124000368,5,3,2
124000369,3,5,-2
124000370,23,255,-232
124000402,0,0,0
124000403,0,0,0
124000404,3,48,-45
124000405,212,106,106
124000406,323,465,-142
124000407,1,6,-5
124000411,1,111,-110
124000412,0,0,0
124000413,0,0,0
124000414,8,25,-17
124000415,8,80,-72
124000416,21,150,-129
124000417,2,24,-22
124000418,12,22,-10
124000419,1,85,-84
124000420,0,16,-16
124000421,8,139,-131
124000422,1,3,-2
124000423,4,11,-7
124000424,1,43,-42
124000425,0,0,0
124000426,1,22,-21
124000427,0,0,0
124000428,2,18,-16
124000429,1,190,-189
124000430,58,127,-69
124000431,21,131,-110
124000432,48,138,-90
124000439,0,0,0
124000442,18,88,-70
124000443,3,10,-7
124000445,0,0,0
124000446,411,11,400
124900001,0,0,0
124900002,0,0,0
124900003,0,0,0
124900004,0,0,0
124900005,0,0,0
124900006,0,0,0
124900008,0,0,0
124900009,0,0,0
124900010,0,0,0
124900011,0,0,0
124900012,0,0,0
124900013,0,0,0
124900014,0,0,0
124900015,0,0,0
124900016,0,0,0
124900017,0,0,0
124900018,0,0,0
124900020,0,0,0
124900021,0,0,0
124900022,0,0,0
124900024,0,0,0
124900026,0,1,-1
124900027,0,0,0
124900028,0,0,0
124900029,0,0,0
124900030,0,0,0
124900031,0,0,0
124900032,0,0,0
124900033,0,0,0
124900034,0,0,0
124900035,0,0,0
124900036,0,0,0
124900037,0,5,-5
124900038,4,1,3
124900039,0,0,0
124900040,0,0,0
124900041,2,36,-34
124900042,0,0,0
124900043,25,67,-42
124900044,0,0,0
124900045,42,34,8
124900046,76,8,68
124900047,4,10,-6
124900048,4,4,0
124900050,10,23,-13
124900052,6,38,-32
124900053,1,86,-85
124900054,353,40,313
124900055,0,18,-18
124900057,1,9,-8
124900060,15,33,-18
124900061,0,0,0
124900062,0,0,0
124900066,1,13,-12
124900067,0,34,-34
124900068,0,0,0
124900070,0,0,0
124900072,0,0,0
124900074,0,0,0
124900075,0,0,0
124900076,0,0,0
124900077,0,0,0
124900078,1,0,1
124900079,4,1,3
124900080,9,55,-46
124900081,0,0,0
124900082,0,7,-7
124900083,7,37,-30
124900084,0,0,0
124900085,0,0,0
124900086,0,0,0
124900087,0,0,0
124900088,0,0,0
124900089,63,2,61
124900090,0,0,0
124900091,0,0,0
124900092,0,0,0
124900093,0,0,0
124900094,0,0,0
124900095,0,0,0
124900096,0,0,0
124900097,0,0,0
124900098,0,0,0
124900099,0,0,0
124900100,0,0,0
124900101,0,0,0
124900102,0,0,0
124900103,1,8,-7
124900104,0,2,-2
124900105,2,4,-2
124900106,0,0,0
124900107,0,0,0
124900108,1,0,1
124900109,2,16,-14
124900110,4,115,-111
124900111,0,8,-8
124900112,5,66,-61
124900113,0,7,-7
124900114,1,1,0
124900115,0,0,0
124900116,0,3,-3
124900117,0,0,0
124900118,0,0,0
124900119,0,0,0
124900120,1,57,-56
124900121,0,0,0
124900122,120,25,95
124900123,0,0,0
124900124,13,7,6
129000186,0,0,0
204000001,0,0,0
204000002,0,0,0
204000003,0,0,0
204000004,0,0,0
204000005,0,0,0
204000006,0,0,0
204000011,34,81,-47
204000012,9,153,-144
204000013,1,36,-35
204000019,166,159,7
204000020,87,127,-40
204000021,217,138,79
204000022,38,120,-82
204000023,286,925,-639
204000031,0,0,0
204000032,0,0,0
204000034,93,477,-384
204000035,9,4,5
204000036,12,18,-6
204000037,0,12,-12
204000038,4,7,-3
204000039,6,53,-47
204000040,10,31,-21
204000041,7,47,-40
204000042,0,0,0
204000043,0,0,0
204000044,0,0,0
204000045,0,0,0
204000046,0,0,0
204000057,7,65,-58
204000062,8,19,-11
204000068,51,133,-82
204000069,5,62,-57
204000070,0,0,0
204000080,24,57,-33
204000085,460,717,-257
204000086,1460,1096,364
204000087,52,195,-143
204000088,43,96,-53
204000090,63,476,-413
204000093,0,0,0
204000096,15,16,-1
204000097,0,0,0
204000099,42,42,0
204000100,18,25,-7
204000105,720,795,-75
204000110,454,988,-534
204000111,197,510,-313
204000112,189,623,-434
204000113,110,516,-406
204000114,44,55,-11
204000115,51,52,-1
204000116,157,81,76
204000119,20,20,0
204000132,0,0,0
204000133,0,1,-1
204000134,0,0,0
204000135,0,0,0
204000136,0,0,0
204000138,0,0,0
204000140,0,0,0
204000141,0,0,0
204000144,0,0,0
204000145,0,0,0
204000146,79,340,-261
204000147,25,117,-92
204000148,0,0,0
204000154,0,0,0
204000155,11,10,1
204000177,0,0,0
204000179,0,0,0
204000180,2,84,-82
204000222,2,12,-10
204000235,38,22,16
204000236,20,316,-296
204000238,0,0,0
204000240,46,58,-12
204000263,201,714,-513
204000268,0,0,0
204000308,0,0,0
204000317,38,56,-18
204000322,14,20,-6
204000323,0,0,0
204000328,0,0,0
204000329,71,139,-68
204000330,0,0,0
204000331,98,145,-47
204010341,0,0,0
205000001,1092,567,525
205000013,1,99,-98
205000014,8,142,-134
205000015,15,270,-255
205000016,15,170,-155
205000017,68,52,16
205000022,231,469,-238
205000025,1419,832,587
205000029,44,46,-2
205000045,15,157,-142
205000046,22,373,-351
205000047,58,448,-390
205000048,90,717,-627
205000049,69,575,-506
205000050,748,288,460
205000059,0,321,-321
205000060,0,27,-27
205000061,0,11,-11
205000062,0,14,-14
205000063,2,31,-29
205000064,22,104,-82
205000065,37,465,-428
205000066,18,721,-703
205000067,17,1139,-1122
205000069,406,378,28
205000082,0,0,0
205000110,21,205,-184
205000111,87,235,-148
205000112,0,0,0
205000113,169,163,6
205000121,0,0,0
205000123,160,156,4
205000126,0,0,0
205000127,0,0,0
205000128,0,0,0
205000129,0,0,0
205000130,0,0,0
205000131,0,0,0
205000132,0,0,0
205000133,0,0,0
205000134,0,0,0
205000137,69,82,-13
205000138,129,192,-63
205000139,14,45,-31
205000144,0,0,0
205000145,0,0,0
205000151,0,0,0
205000152,0,0,0
205000153,0,0,0
205000154,0,0,0
205000155,0,0,0
205000207,306,210,96
205000233,0,0,0
205000234,0,0,0
205000243,0,0,0
205000244,0,1,-1
205000245,27,236,-209
205000249,0,28,-28
205000250,0,0,0
205000264,3,72,-69
206000027,0,0,0
206000028,0,0,0
206000043,20,123,-103
206000053,17,36,-19
206000054,20,46,-26
206000055,23,59,-36
206000075,8,12,-4
206000076,15,50,-35
206000077,23,31,-8
206000078,24,15,9
206000079,39,17,22
206000082,0,0,0
206000100,74,822,-748
206000103,18,30,-12
206000104,23,37,-14
206000105,19,28,-9
206000106,28,96,-68
206000108,647,147,500
206000125,0,0,0
206000157,325,933,-608
206000170,3,421,-418
206000171,10,326,-316
206000172,14,890,-876
206000173,2,254,-252
206000174,9,223,-214
206000175,1,305,-304
206000176,30,449,-419
206000177,3,284,-281
206000178,6,245,-239
206000179,6,162,-156
206000180,38,246,-208
206000181,15,304,-289
206000182,43,319,-276
206000183,61,756,-695
206000184,10,418,-408
206000185,35,396,-361
206000186,107,1107,-1000
206000223,12,279,-267
206000226,0,0,0
206000227,0,0,0
206000237,16,334,-318
206000238,73,440,-367
206000239,733,1141,-408
206000240,3,75,-72
206000241,2,326,-324
206000242,26,442,-416
206000243,7,389,-382
206000244,99,899,-800
206000245,61,5,56
206000246,5,0,5
206000247,26,2,24
206000248,29,4,25
206000252,26,63,-37
206000258,16,76,-60
206000315,35,9,26
206000317,84,21,63
206000318,20,9,11
206000319,96,20,76
206000320,17,7,10
206000321,19,2,17
206000322,0,0,0
206000323,0,0,0
206000324,0,0,0
206000325,0,0,0
206000326,0,0,0
206000327,4,1,3
206000328,18,0,18
206000329,6,0,6
206000330,2,3,-1
206000331,4,1,3
206000332,3,0,3
206000333,14,1,13
206000334,11,0,11
206000335,0,41,-41
206000361,18,358,-340
206000392,3,86,-83
206000405,28,0,28
206000441,0,0,0
206000498,9,5,4
206000515,442,54,388
206000530,0,0,0
206000531,0,0,0
206000532,0,0,0
206000535,178,481,-303
206000536,10,100,-90
206000537,15,73,-58
206000613,0,0,0
207000001,112,480,-368
207000002,39,341,-302
207000003,62,271,-209
207000007,71,4,67
207000008,3,7,-4
207000009,10,6,4
207000010,199,266,-67
207000012,0,0,0
207000015,263,769,-506
207000019,76,34,42
207000021,48,40,8
207000022,9,19,-10
207000023,16,10,6
207000024,0,3,-3
207000025,0,13,-13
207000026,58,141,-83
207000027,14,163,-149
207000028,33,298,-265
207000029,187,537,-350
207000033,42,77,-35
207000034,26,10,16
207000039,0,0,0
207000040,0,0,0
207000041,0,0,0
207000042,0,0,0
207000043,0,0,0
207000051,29,389,-360
207000052,4,256,-252
207000053,478,813,-335
207000054,8,88,-80
207000055,58,196,-138
207000056,156,430,-274
207000057,130,313,-183
207000058,54,478,-424
207000059,41,768,-727
207000060,41,189,-148
207000061,18,29,-11
207000062,32,30,2
207000063,39,86,-47
207000064,192,106,86
207000065,69,101,-32
207000066,27,86,-59
207000067,18,52,-34
207000068,35,21,14
207000069,312,133,179
207000082,2,15,-13
207000083,30,181,-151
207000084,13,5,8
207000085,22,0,22
207000086,11,4,7
207000106,0,0,0
207000107,0,0,0
207000108,0,0,0
207000109,0,0,0
207000110,0,0,0
207000111,0,0,0
207000112,0,0,0
207000114,3,23,-20
207000115,11,114,-103
207000116,15,246,-231
207000117,4,140,-136
207000118,1,164,-163
207000119,15,183,-168
207000123,0,0,0
207000124,0,0,0
207000125,0,0,0
207000126,0,0,0
207000134,2,30,-28
207000135,2,27,-25
207000148,0,0,0
207000149,19,44,-25
207000152,110,404,-294
207000153,1932,973,959
207000154,98,48,50
207000159,35,244,-209
207000160,89,510,-421
207000238,1,37,-36
207000242,1,109,-108
207000248,16,15,1
207000249,75,67,8
207000250,220,52,168
207000251,48,64,-16
207000252,16,123,-107
207000278,0,0,0
207000279,36,216,-180
207000280,7,3,4
207000281,44,522,-478
207000282,2,1,1
207000283,21,74,-53
207000284,5,10,-5
207000285,0,0,0
207000291,13,136,-123
207000304,26,18,8
207000306,29,448,-419
207000310,0,0,0
207000353,0,0,0
207000356,10,15,-5
207000357,0,0,0
207000358,0,0,0
207000415,3,118,-115
207000417,0,0,0
207000418,26,74,-48
207000438,0,3,-3
207000439,334,135,199
207000446,0,0,0
207000460,0,5,-5
207000466,99,260,-161
207000467,0,0,0
207000468,20,401,-381
207000476,7,6,1
207000477,3,23,-20
207000478,4,9,-5
207000523,0,9,-9
207000524,4,19,-15
207000527,18,55,-37
207000530,0,0,0
207000531,0,0,0
207000532,0,0,0
207000534,0,0,0
207000535,33,169,-136
207000537,16,91,-75
207000540,1,150,-149
207000541,1,191,-190
207000548,2,248,-246
207000549,0,0,0
207000561,0,0,0
207000562,24,96,-72
207000567,197,289,-92
207000568,7,25,-18
207000569,6,414,-408
207000584,210,98,112
207000585,0,0,0
207000616,4,235,-231
207000617,0,0,0
207900008,6,56,-50
208000001,45,72,-27
208000002,19,47,-28
208000003,63,49,14
208000004,85,83,2
208000005,3,42,-39
208000019,0,0,0
208000020,0,0,0
208000021,30,191,-161
208000022,215,285,-70
208000028,86,48,38
208000033,132,260,-128
208000034,281,528,-247
208000040,0,0,0
208000041,0,0,0
208000042,0,0,0
208000047,17,181,-164
208000064,0,0,0
208000066,0,0,0
208000070,0,0,0
208000071,0,0,0
208000072,0,0,0
208000080,17,27,-10
208000081,6,27,-21
208000082,40,139,-99
208000083,50,280,-230
208000084,0,0,0
208000085,293,338,-45
208000086,198,550,-352
208000087,72,449,-377
208000089,253,271,-18
208000090,208,503,-295
208000093,13,57,-44
208000094,145,261,-116
208000095,379,218,161
208000104,0,0,0
208000105,0,0,0
208000114,0,0,0
208000115,49,176,-127
208000116,0,0,0
208000117,0,0,0
208000118,0,0,0
208000155,191,483,-292
208000158,973,1218,-245
208000186,0,0,0
208000204,119,401,-282
208000205,300,614,-314
208000282,2010,542,1468
209000004,53,43,10
209000005,10,18,-8
209000006,147,129,18
209000007,110,93,17
209000010,133,99,34
209000011,40,104,-64
209000012,64,239,-175
209000013,69,539,-470
209000014,192,1220,-1028
209000025,54,41,13
209000026,217,37,180
209000027,84,957,-873
209000028,126,1105,-979
209000029,194,780,-586
209000030,145,1413,-1268
209000031,3564,1998,1566
209000034,103,290,-187
209000035,49,172,-123
209000036,57,88,-31
209000037,82,165,-83
209000038,69,160,-91
209000039,45,96,-51
209000040,106,448,-342
209000041,156,390,-234
209000042,177,329,-152
209000043,204,289,-85
209000044,272,314,-42
209000045,35,128,-93
209000046,31,162,-131
209000047,34,76,-42
209000048,22,90,-68
209000049,51,134,-83
209000050,105,192,-87
209000051,86,261,-175
209000052,47,241,-194
209000062,3,87,-84
209000063,9,66,-57
209000064,5,117,-112
209000065,0,0,0
209000066,0,0,0
209000067,0,0,0
209000080,16,100,-84
209000082,0,0,0
209000091,8,44,-36
209000093,34,35,-1
209000094,230,95,135
209000110,0,0,0
209000111,159,661,-502
209000112,153,188,-35
209000113,236,213,23
209000114,135,123,12
209000115,61,145,-84
209000116,1171,354,817
209000118,0,0,0
209000119,34,15,19
209000121,87,433,-346
209000135,0,0,0
209000142,592,393,199
209000143,12,58,-46
209000144,9,13,-4
209000229,10,88,-78
209000240,18,257,-239
209000259,66,137,-71
209000260,16,755,-739
209000261,2,275,-273
209000262,3,177,-174
209000263,0,44,-44
209000264,0,24,-24
209000265,0,0,0
209000266,0,0,0
209000267,0,0,0
209000268,0,0,0
210000037,0,0,0
210000047,0,0,0
210000048,0,0,0
210000049,0,0,0
210000052,3,99,-96
210000053,5,47,-42
210000054,40,42,-2
210000070,0,0,0
210000071,0,0,0
210000072,0,0,0
210000073,0,31,-31
210000074,0,64,-64
210000075,1,35,-34
210000076,3,85,-82
210000077,6,34,-28
210000078,22,29,-7
210000079,0,0,0
210000080,0,0,0
210000081,0,0,0
210000082,0,0,0
210000083,0,0,0
210000084,0,0,0
210000085,0,45,-45
210000086,4,82,-78
210000099,16,179,-163
210000100,18,170,-152
210000101,47,167,-120
210000105,27,56,-29
210000159,2,62,-60
210000163,143,115,28
210000164,0,0,0
210000168,0,0,0
210000187,0,13,-13
210000188,0,19,-19
210000214,0,0,0
210000219,0,0,0
210000220,0,0,0
210000232,5,23,-18
210000233,4,33,-29
210000234,2,61,-59
210000235,9,84,-75
210000245,0,25,-25
210000246,0,2,-2
210000258,5,86,-81
210000259,0,0,0
210000282,24,170,-146
210000285,0,25,-25
210000286,4,105,-101
210000290,0,0,0
210000295,12,50,-38
210000296,6,27,-21
210000320,0,0,0
210000321,0,0,0
210000338,18,79,-61
210000339,424,423,1
210000340,84,124,-40
210000341,53,121,-68
210000342,81,94,-13
210000343,46,130,-84
210000344,78,62,16
210000345,62,47,15
210000346,7,32,-25
210000347,13,11,2
210000348,23,6,17
210000349,10,12,-2
210000350,51,59,-8
210000351,84,84,0
210000352,0,1,-1
210000353,1,1,0
210000354,0,0,0
210000355,0,0,0
210000356,0,0,0
210000357,0,0,0
210000358,0,0,0
210000359,0,0,0
210000360,0,0,0
210000361,0,0,0
210000362,0,0,0
210000363,0,0,0
210000364,0,0,0
210000365,0,0,0
210000366,0,0,0
210000367,0,0,0
210000368,0,0,0
210000369,0,0,0
210000370,0,0,0
210000372,0,0,0
210000373,0,0,0
210000374,0,0,0
210000375,0,0,0
210000376,0,0,0
210000404,85,95,-10
210000439,0,0,0
210000472,0,0,0
210000482,0,0,0
210000564,0,0,0
210000567,0,2,-2
210000568,0,0,0
211000092,0,0,0
211000094,0,0,0
211000169,0,0,0
211000172,0,0,0
211000209,0,0,0
211000226,0,0,0
211000270,6,3,3
211000275,0,0,0
211000276,0,0,0
211000279,0,0,0
211000281,0,0,0
211507980,0,0,0
211977296,0,0,0
212000003,0,0,0
212000004,0,9,-9
212000005,6,26,-20
212000006,11,63,-52
212000008,65,227,-162
212000009,10,135,-125
212000012,30,55,-25
212000013,14,50,-36
212000014,185,137,48
212000015,161,175,-14
212000016,336,423,-87
212000027,20,17,3
212000028,8,8,0
212000029,4,3,1
212000030,1,2,-1
212000031,0,5,-5
212000048,20,97,-77
212000049,13,29,-16
212000050,16,12,4
212000051,71,141,-70
212000052,98,263,-165
212000053,234,430,-196
212000054,10,19,-9
212000055,6,13,-7
212000056,0,0,0
212000057,0,0,0
212000058,0,0,0
212000070,37,159,-122
212000077,64,531,-467
212000099,15,24,-9
212000108,0,0,0
212000111,0,0,0
212000120,46,100,-54
212000138,17,19,-2
212000156,23,69,-46
212000158,0,3,-3
212000159,10,8,2
212000160,38,45,-7
212000161,0,0,0
212000310,8,43,-35
212000311,0,0,0
212000374,10,15,-5
213000001,8,259,-251
213000005,11,3,8
213000006,21,4,17
213000007,0,0,0
213000009,0,0,0
213000010,0,0,0
213000011,0,0,0
213000012,37,198,-161
213000014,0,0,0
213000015,0,0,0
213000016,0,0,0
213000017,0,0,0
213000018,1,96,-95
213000019,0,85,-85
213000020,34,100,-66
213000021,0,63,-63
213000023,0,0,0
213000033,50,301,-251
213000034,0,0,0
213000035,0,0,0
213000045,34,43,-9
213000046,25,25,0
213000047,154,104,50
213000056,0,0,0
213000069,0,0,0
213000073,0,1,-1
213000074,36,238,-202
213000075,0,0,0
213000076,0,0,0
213000085,0,38,-38
213000086,7,214,-207
213000091,0,0,0
213000092,0,0,0
213000099,72,270,-198
213000100,0,0,0
213000101,4,64,-60
213000102,2,214,-212
213000103,40,239,-199
213000104,41,135,-94
213000105,0,25,-25
213000106,7,144,-137
213000107,51,351,-300
213000108,4,296,-292
213000109,1,130,-129
213000110,2,18,-16
213000111,8,12,-4
213000112,91,51,40
213000115,0,0,0
213000116,14,170,-156
213000117,3,275,-272
213000118,62,96,-34
213000119,22,517,-495
213000120,37,432,-395
213000122,136,349,-213
213000123,424,479,-55
213000124,35,598,-563
213000125,0,0,0
213000126,2,14,-12
213000127,39,35,4
213000128,251,172,79
213000129,0,0,0
213000130,0,0,0
213000132,0,0,0
213000133,0,0,0
213000134,0,0,0
213000136,0,0,0
213000137,0,0,0
213000139,0,0,0
213000147,0,0,0
213000148,0,0,0
213000149,0,0,0
213000150,0,44,-44
213000151,1,43,-42
213000152,0,38,-38
213000153,1,17,-16
213000154,11,103,-92
213000155,21,189,-168
213000156,17,236,-219
213000157,222,309,-87
213000158,44,360,-316
213000159,0,0,0
213000163,0,0,0
213000165,0,0,0
213000171,0,91,-91
213000172,0,121,-121
213000173,1,130,-129
213000174,0,153,-153
213000175,3,98,-95
213000176,0,0,0
213000177,0,0,0
213000178,0,0,0
213000179,0,0,0
213000180,0,0,0
213000184,25,126,-101
213000188,0,0,0
213000189,0,0,0
213000190,14,399,-385
213000191,9,312,-303
213000192,21,292,-271
213000193,1233,104,1129
213000194,0,16,-16
213000195,6,211,-205
213000196,36,524,-488
213000197,0,0,0
213000198,0,0,0
213000200,58,546,-488
213000201,40,25,15
213000202,5,495,-490
213000203,0,0,0
213000204,0,0,0
213000205,0,0,0
213000206,0,0,0
213000207,0,0,0
213000208,0,0,0
213000209,0,0,0
213000210,0,0,0
213000211,0,6,-6
213000212,0,13,-13
213000213,2,20,-18
213000218,43,411,-368
213000219,0,0,0
213000220,0,0,0
213000223,0,0,0
213000224,0,0,0
213000225,0,0,0
213000226,0,0,0
213000227,0,0,0
213000228,0,0,0
213000229,0,0,0
213000230,0,0,0
213000232,9,169,-160
213000233,3,11,-8
213000234,1,35,-34
213000293,1,30,-29
213000294,0,0,0
213000295,6,34,-28
213000296,0,0,0
213000297,3,34,-31
213000298,18,35,-17
213000299,0,0,0
213000300,0,0,0
213000303,4,27,-23
213000304,1,1,0
213000305,0,0,0
213000306,15,9,6
213000307,0,0,0
213000308,18,127,-109
213000309,0,0,0
213000310,0,0,0
213000311,118,209,-91
213000315,15,60,-45
213000316,0,0,0
213000322,9,34,-25
213000323,0,0,0
213000324,2,29,-27
213000325,0,0,0
213000326,15,21,-6
213000327,0,0,0
213000328,4,24,-20
213000329,0,0,0
213000340,79,727,-648
213000341,0,0,0
213000347,0,0,0
213000348,1,51,-50
213000349,0,6,-6
213000350,48,606,-558
213000366,11,160,-149
213000367,0,0,0
213000379,16,36,-20
213000386,3,104,-101
213000406,42,217,-175
213000417,33,20,13
213000425,0,0,0
213000426,0,0,0
213000427,5,51,-46
213000428,0,79,-79
213000429,0,0,0
213000430,1,89,-88
213000431,29,0,29
213000432,0,1,-1
213000433,0,18,-18
213000434,0,0,0
213000435,0,0,0
213000436,0,0,0
213000437,0,0,0
213000438,0,0,0
213000439,0,2,-2
213000440,1,46,-45
213000441,0,0,0
213000442,0,8,-8
213000443,0,33,-33
213000444,11,30,-19
213000445,0,20,-20
213000446,0,0,0
213000447,2,2,0
213000448,0,0,0
213000449,0,0,0
213000450,0,0,0
213000451,0,0,0
213000452,0,0,0
213000453,6,110,-104
213000455,0,1,-1
213000456,1,32,-31
213000481,0,0,0
213000484,0,0,0
213000489,0,0,0
213900002,0,15,-15
213900003,6,11,-5
213900013,1,121,-120
213900015,0,18,-18
213900016,0,9,-9
213900020,3,109,-106
213900030,0,29,-29
213900032,0,0,0
213900033,0,0,0
213900034,0,0,0
213900035,18,244,-226
213900036,32,68,-36
213900037,5,143,-138
213900038,0,0,0
213900039,0,92,-92
213900041,0,41,-41
213900042,0,0,0
213900043,0,0,0
213900244,0,0,0
213900245,0,33,-33
218000003,5,7,-2
218000004,8,17,-9
218000005,0,0,0
218000006,8,54,-46
218000007,1,9,-8
218000012,169,35,134
218000013,29,125,-96
218000014,289,267,22
218000019,954,411,543
218000020,282,313,-31
218000021,26,110,-84
218000022,6,59,-53
218000023,2,55,-53
218000024,0,22,-22
218000025,7,57,-50
218000026,16,104,-88
218000027,1,27,-26
218000028,2,11,-9
218000029,3,9,-6
218000030,18,58,-40
218000031,3,80,-77
218000032,2,50,-48
218000040,0,1,-1
218000046,24,186,-162
218000047,6,217,-211
218000048,33,343,-310
218000049,55,179,-124
218000050,176,378,-202
218000051,28,433,-405
218000052,0,51,-51
218000053,2,23,-21
218000054,4,34,-30
218000055,2,18,-16
218000056,20,45,-25
218000057,2,17,-15
218000064,0,0,0
218000065,1,0,1
218000066,0,2,-2
218000067,4,87,-83
218000068,28,101,-73
218000069,47,235,-188
218000070,52,303,-251
218000071,148,226,-78
218000072,428,280,148
218000078,335,724,-389
218000079,19,72,-53
218000080,57,119,-62
218000081,148,127,21
218000082,13,82,-69
218000083,8,65,-57
218000084,69,173,-104
218000085,166,393,-227
218000086,25,146,-121
218000087,116,197,-81
218000090,19,75,-56
218000091,289,229,60
218000092,34,194,-160
218000093,75,83,-8
218000094,254,639,-385
218000099,297,289,8
218000100,107,202,-95
218000101,39,117,-78
218000102,69,159,-90
218000103,20,105,-85
218000104,11,34,-23
218000105,8,10,-2
218000106,4,17,-13
218000107,21,112,-91
218000108,1,85,-84
218000112,31,11,20
218000117,0,0,0
218000134,222,375,-153
218000135,15,41,-26
218000136,64,38,26
218000137,54,136,-82
218000138,5,45,-40
218000139,43,177,-134
218000140,41,75,-34
218000141,6,13,-7
218000142,52,164,-112
218000143,9,140,-131
218000144,3,62,-59
218000145,82,209,-127
218000146,39,154,-115
218000151,4,21,-17
218000152,19,40,-21
218000153,8,25,-17
218000154,6,12,-6
218000155,24,9,15
218000156,104,63,41
218000157,17,57,-40
218000158,1,17,-16
218000159,25,7,18
218000160,9,7,2
218000161,45,13,32
218000162,67,32,35
218000163,12,4,8
218000164,77,16,61
218000165,105,95,10
218000170,0,3,-3
218000171,8,2,6
218000172,0,1,-1
218000173,2,1,1
218000174,0,1,-1
218000176,10,2,8
218000177,21,4,17
218000178,0,2,-2
218000179,2,0,2
218000180,0,0,0
218000181,0,0,0
218000187,1,12,-11
218000188,2,27,-25
218000189,9,43,-34
218000190,3,29,-26
218000191,46,89,-43
218000192,71,400,-329
218000193,428,437,-9
218000194,33,471,-438
218000195,119,130,-11
218000196,180,225,-45
218000197,98,253,-155
218000198,3,76,-73
218000199,11,15,-4
218000200,11,17,-6
218000201,1,6,-5
218000202,105,54,51
218000207,3,45,-42
218000208,13,38,-25
218000211,7,49,-42
218000212,3,12,-9
218000213,85,57,28
218000214,2,20,-18
218000215,31,194,-163
218000217,1,135,-134
218000218,544,147,397
218000219,1,15,-14
218000220,70,181,-111
218000221,73,70,3
218000222,15,22,-7
218000223,94,101,-7
218000224,1,31,-30
218000225,149,29,120
218000226,37,53,-16
218000230,0,0,0
218000232,63,26,37
218000239,0,0,0
218000240,0,0,0
218000241,0,0,0
218000242,0,0,0
218000243,0,0,0
218000244,0,0,0
218000245,0,0,0
218000246,0,0,0
218000247,0,0,0
218000248,0,27,-27
218000249,0,0,0
218000250,0,6,-6
218000251,1,6,-5
218000252,0,18,-18
218000253,0,2,-2
218000254,0,2,-2
218000255,1,4,-3
218000256,2,26,-24
218000267,331,558,-227
218000268,2,38,-36
218000269,6,22,-16
218000270,13,96,-83
218000271,36,130,-94
218000273,0,0,0
218000274,0,0,0
218000275,26,39,-13
218000276,13,98,-85
218000278,26,25,1
218000279,18,54,-36
218000280,7,12,-5
218000281,2,14,-12
218000282,79,40,39
218000284,0,0,0
218000301,19,101,-82
218000302,41,21,20
218000303,4,31,-27
218000316,450,407,43
218000317,259,494,-235
218000318,115,413,-298
218000319,344,962,-618
218000320,245,578,-333
218000338,6,8,-2
218000345,23,43,-20
218000346,0,0,0
218000459,71,489,-418
218000490,11,32,-21
218000501,4,1,3
218000502,6,100,-94
218000503,11,0,11
218000504,23,5,18
218000505,8,136,-128
218000506,62,116,-54
218000508,0,0,0
218000510,71,7,64
218000520,50,94,-44
218000521,0,3,-3
218000522,1,77,-76
218000523,0,0,0
218000524,7,31,-24
218000525,6,10,-4
218000526,6,35,-29
218000529,4,28,-24
218000530,12,12,0
218000531,0,0,0
218000532,3,31,-28
218000534,0,0,0
218000537,0,0,0
218000538,76,70,6
218000540,328,135,193
218000543,68,32,36
218000544,55,163,-108
218000545,17,37,-20
218000546,14,89,-75
218000547,35,61,-26
218000548,71,127,-56
218000549,65,42,23
218000550,123,387,-264
218000551,124,128,-4
218000552,37,15,22
218000553,3,23,-20
218000554,7,16,-9
218000555,6,23,-17
218000556,73,328,-255
218000557,112,74,38
218000558,0,0,0
218000559,0,5,-5
218000560,0,1,-1
218000561,0,0,0
218000562,13,106,-93
218000563,8,16,-8
218000564,6,50,-44
218000565,3,15,-12
218000566,9,9,0
218000567,0,12,-12
218000568,0,0,0
218000569,2,26,-24
218000570,1,3,-2
218000571,0,22,-22
218000572,0,0,0
218000573,2,17,-15
218000574,0,10,-10
218000575,0,0,0
218000576,0,18,-18
218000577,0,0,0
218000578,0,26,-26
218000579,33,0,33
218000581,2,38,-36
218000582,0,0,0
218000583,2,0,2
218000584,0,8,-8
218000585,2,2,0
218000586,2,30,-28
218000587,0,1,-1
218000588,0,0,0
218000589,0,0,0
218000590,0,0,0
218000591,0,21,-21
218000592,0,0,0
218000593,0,1,-1
218000594,0,1,-1
218000595,0,0,0
218000596,0,0,0
218000597,0,0,0
218000598,0,0,0
218000599,0,0,0
218000600,0,0,0
218000601,0,0,0
218000602,0,0,0
218000603,0,2,-2
218000604,2,0,2
218000605,0,4,-4
218000606,2,0,2
218000607,5,15,-10
218000608,0,2,-2
218000609,2,9,-7
218000610,0,1,-1
218000611,0,1,-1
218000612,1,11,-10
218000613,1,0,1
218000614,0,15,-15
218000615,1,1,0
218000616,1,81,-80
218000617,1,0,1
218000618,0,5,-5
218000619,0,0,0
218000620,2,11,-9
218000621,0,0,0
218000622,0,2,-2
218000623,0,0,0
218000624,1,7,-6
218000625,0,0,0
218000626,0,6,-6
218000628,12,4,8
218000631,0,0,0
218000632,1,20,-19
218000633,0,0,0
218000634,0,15,-15
218000635,2,2,0
218000636,391,833,-442
218000637,260,255,5
218000638,0,0,0
218000639,18,273,-255
218000640,0,0,0
218000641,13,286,-273
218000652,106,216,-110
218000653,137,91,46
218000663,0,18,-18
218000675,1,8,-7
218000676,1,38,-37
218000677,7,6,1
218000680,19,105,-86
218000681,0,0,0
218000691,18,103,-85
218000693,0,0,0
218000703,4,105,-101
218000718,80,134,-54
218000719,9,18,-9
218000720,3,12,-9
218000721,1,3,-2
218000725,2,19,-17
218001214,2,14,-12
218001329,0,0,0
218001330,10,13,-3
218001351,0,0,0
218001352,0,1,-1
218001353,0,0,0
218001354,0,2,-2
219000001,15,46,-31
219000002,25,73,-48
219000003,164,27,137
219000004,239,114,125
219000017,39,19,20
219000020,29,7,22
219000022,22,1,21
219000023,16,1,15
219000029,3,76,-73
219000034,0,0,0
219000039,10,30,-20
219000040,7,25,-18
219000041,45,49,-4
219000051,0,110,-110
219000052,0,38,-38
219000053,1,151,-150
219000054,148,235,-87
219000055,41,0,41
219000056,1,2,-1
219000057,26,0,26
219000062,1,153,-152
219000063,32,16,16
219000064,1,24,-23
219000110,27,10,17
219000111,53,20,33
219000112,82,28,54
219000113,55,20,35
219000114,98,3,95
219000116,43,32,11
219000117,135,158,-23
219000118,45,169,-124
219000123,157,65,92
219000124,25,47,-22
219000125,4,22,-18
219000126,18,50,-32
219000127,0,13,-13
219000128,21,138,-117
219000129,29,155,-126
219000130,1529,588,941
219000131,1414,1169,245
219000133,16,89,-73
219000134,18,26,-8
219000135,164,91,73
219000136,270,225,45
219000138,6,24,-18
219000139,4,64,-60
219000140,0,0,0
219000141,5,114,-109
219000142,5,72,-67
219000143,12,66,-54
219000145,2,13,-11
219000146,7,53,-46
219000147,0,55,-55
219000148,0,57,-57
219000149,25,189,-164
219000150,4,130,-126
219000151,2,107,-105
219000157,72,93,-21
219000158,82,208,-126
219000161,148,43,105
219000163,979,169,810
219000166,45,112,-67
219000167,49,238,-189
219000168,121,20,101
219000174,0,0,0
219000175,0,0,0
219000176,0,0,0
219000177,0,0,0
219000178,0,0,0
219000179,0,0,0
219000180,9,29,-20
219000182,0,0,0
219000183,1,37,-36
219000184,0,0,0
219000185,0,133,-133
219000186,0,19,-19
219000187,2,123,-121
219000189,117,151,-34
219000190,162,159,3
219000191,1351,517,834
219000192,190,396,-206
219000193,451,268,183
219000195,3,48,-45
219000196,11,63,-52
219000198,16,119,-103
219000199,38,117,-79
219000200,18,122,-104
219000201,42,138,-96
219000203,10,107,-97
219000204,26,113,-87
219000205,20,197,-177
219000207,65,174,-109
219000209,16,73,-57
219000210,11,60,-49
219000213,12,158,-146
219000239,48,66,-18
219000240,42,137,-95
219000241,26,124,-98
219000242,27,102,-75
219000243,26,201,-175
219000244,8,50,-42
219000245,7,20,-13
219000246,0,0,0
219000247,0,0,0
219000248,0,0,0
219000249,0,0,0
219000250,0,0,0
219000251,0,0,0
219000252,0,0,0
219000253,0,0,0
219000255,0,0,0
219000256,0,0,0
219000257,0,0,0
219000262,46,296,-250
219000263,48,190,-142
219000267,1,94,-93
219000268,2,12,-10
219000269,0,0,0
219000270,0,0,0
219000271,107,5,102
219000278,2,5,-3
219000279,0,9,-9
219000283,1,7,-6
219000295,26,80,-54
219000296,52,375,-323
219000297,6,149,-143
219000298,15,213,-198
219000299,0,0,0
219000300,14,362,-348
219000301,66,294,-228
219000302,11,168,-157
219000307,13,72,-59
219000308,49,62,-13
219000311,0,0,0
219000312,0,0,0
219000313,0,0,0
219000314,87,416,-329
219000315,0,0,0
219000316,0,0,0
219000317,0,0,0
219000320,0,40,-40
219000321,1,19,-18
219000323,3,43,-40
219000325,1,42,-41
219000326,60,148,-88
219000327,45,32,13
219000328,12,27,-15
219000329,400,159,241
219000330,16,58,-42
219000331,14,41,-27
219000332,0,0,0
219000333,0,0,0
219000335,0,0,0
219000337,0,0,0
219000338,0,0,0
219000344,39,95,-56
219000345,52,181,-129
219000346,32,137,-105
219000348,57,112,-55
219000349,23,160,-137
219000350,25,92,-67
219000351,1,5,-4
219000352,58,35,23
219000353,48,60,-12
219000354,86,140,-54
219000355,19,12,7
219000356,991,408,583
219000363,233,68,165
219000364,97,59,38
219000365,116,17,99
219000366,496,176,320
219000368,209,88,121
219000370,354,148,206
219000371,3,13,-10
219000382,2,29,-27
219000383,579,431,148
219000385,554,352,202
219000386,695,767,-72
219000387,0,2,-2
219000390,0,0,0
219000391,0,0,0
219000397,91,98,-7
219000398,77,39,38
219000401,0,43,-43
219000402,4,27,-23
219000403,13,51,-38
219000404,5,25,-20
219000407,3,18,-15
219000409,0,0,0
219000410,0,0,0
219000411,0,0,0
219000446,177,312,-135
219000447,2,25,-23
219000448,0,0,0
219000452,0,0,0
219000453,27,55,-28
219000454,124,71,53
219000556,0,0,0
219000558,44,168,-124
219000590,12,82,-70
219000591,0,0,0
219000592,60,373,-313
219000595,1,15,-14
219000635,0,0,0
219000636,15,87,-72
219000657,11,8,3
219000658,11,43,-32
219000673,0,17,-17
219000676,0,2,-2
219000679,14,40,-26
219000684,9,0,9
219000685,0,68,-68
219000686,0,1,-1
219000688,0,188,-188
219000689,56,80,-24
219000690,0,0,0
219000691,26,29,-3
219000692,0,29,-29
219000693,0,24,-24
219000694,0,0,0
219000695,0,0,0
219000698,0,0,0
219000699,0,3,-3
219000727,2,114,-112
219000728,38,1,37
219000770,0,0,0
219000771,0,16,-16
219000788,8,9,-1
219001150,2,3,-1
219001151,1,5,-4
219001166,0,0,0
219001167,3,27,-24
220000001,4,20,-16
220000002,7,105,-98
220000003,164,210,-46
220000004,191,319,-128
220000005,759,828,-69
220000006,71,416,-345
220000007,179,565,-386
220000008,123,677,-554
220000009,209,374,-165
220000010,23,46,-23
220000011,162,129,33
220000012,3,12,-9
220000014,2,31,-29
220000015,0,0,0
220000017,6,146,-140
220000018,1078,150,928
220000019,18,116,-98
220000020,61,193,-132
220000021,180,134,46
220000022,253,454,-201
220000023,103,151,-48
220000024,929,309,620
220000025,437,312,125
220000026,149,91,58
220000027,3,50,-47
220000028,12,65,-53
220000029,42,81,-39
220000030,20,57,-37
220000031,36,126,-90
220000064,0,0,0
221000046,1,0,1
221000047,0,0,0
221000048,0,1,-1
221000049,0,11,-11
221000050,1,0,1
221000055,27,58,-31
221000057,12,2,10
221000068,77,21,56
221000069,53,7,46
221000070,46,5,41
221000071,2,0,2
221000072,23,2,21
221000073,15,41,-26
221000074,0,18,-18
221000075,6,33,-27
221000076,21,55,-34
221000077,16,105,-89
221000081,5,1,4
221000082,5,3,2
221000083,4,0,4
221000084,0,2,-2
221000085,11,57,-46
221000086,16,154,-138
221000087,2,145,-143
221000088,27,126,-99
221000089,29,148,-119
221000090,238,256,-18
221000098,12,4,8
221000099,11,3,8
221000100,7,0,7
221000101,48,1,47
221000102,19,3,16
221000109,5,98,-93
221000110,3,149,-146
221000111,14,138,-124
221000112,5,100,-95
221000113,25,143,-118
221000114,15,167,-152
221000120,0,16,-16
221000121,0,0,0
221000122,0,0,0
221000123,0,0,0
221000124,0,99,-99
221000155,0,0,0
221000156,0,0,0
221000175,0,0,0
221000176,0,0,0
221000182,3,1,2
221000241,333,80,253
221000242,389,241,148
221000243,133,25,108
221000244,84,228,-144
221000245,10,64,-54
221000246,25,135,-110
221000247,8,63,-55
221000248,20,107,-87
221000267,5,192,-187
221000325,3,22,-19
221000331,0,16,-16
221000338,0,0,0
221000378,0,0,0
221000381,4,13,-9
222000282,0,0,0
222000296,0,0,0
222000568,0,0,0
222000569,0,0,0
222000570,0,0,0
222000571,0,0,0
222000577,1,89,-88
222000578,4,63,-59
222000579,10,16,-6
222000580,28,193,-165
222000599,0,32,-32
222000600,0,36,-36
222000601,1,104,-103
222000603,6,1,5
222000604,0,0,0
222000605,0,2,-2
222000606,0,0,0
222000607,0,0,0
222000608,1,3,-2
222000609,2,34,-32
222000616,0,0,0
222000617,0,0,0
222000618,0,0,0
222000620,0,0,0
222000621,0,0,0
222000623,0,0,0
222000624,0,0,0
222000625,0,14,-14
222000636,0,0,0
222000686,0,0,0
222000687,0,0,0
222001066,0,0,0
222001067,0,0,0
222001068,0,0,0
222001069,0,0,0
222001082,0,24,-24
222001083,1,21,-20
222001084,0,11,-11
222001085,0,59,-59
222001111,1,96,-95
222001112,0,0,0
222001313,0,0,0
222001314,0,10,-10
222001464,0,0,0
222001465,0,11,-11
222001484,0,0,0
222001485,3,8,-5
222001494,0,0,0
222001495,2,26,-24
222001496,0,0,0
222001497,2,35,-33
222001502,17,129,-112
222001503,0,0,0
222001504,7,207,-200
222001505,0,0,0
222001506,12,140,-128
222001507,0,0,0
222001510,0,0,0
222001511,12,217,-205
222001514,0,0,0
222001515,86,346,-260
222001518,0,0,0
222001519,28,237,-209
222001527,0,0,0
222001528,31,93,-62
222001529,0,0,0
222001530,16,121,-105
222001533,84,453,-369
222001534,0,0,0
222001535,0,0,0
222001536,1,0,1
222001537,0,0,0
222001538,37,248,-211
222001563,0,0,0
222001564,26,569,-543
222001568,1,38,-37
222001576,0,0,0
222001579,0,2,-2
222001583,0,38,-38
222001584,0,0,0
222001596,31,506,-475
222001597,0,0,0
222001626,0,27,-27
222001650,1,28,-27
222001651,0,1,-1
222001914,0,0,0
222001915,4,83,-79
222900004,0,0,0
222900009,0,2,-2
222900019,0,0,0
222900024,0,0,0
222900025,0,7,-7
225000001,13,2,11
225000002,20,10,10
225000003,19,5,14
225000004,27,22,5
225000005,1,2,-1
225000006,1,78,-77
225000007,2233,437,1796
225000010,77,1,76
225000011,0,0,0
225000012,0,0,0
225000013,0,0,0
225000014,0,0,0
225000015,59,127,-68
225000021,0,0,0
225000027,100,308,-208
225000032,0,0,0
225000042,26,472,-446
225000049,25,55,-30
225000050,23,3,20
225000053,4,70,-66
225000058,0,0,0
225000067,57,181,-124
225000068,38,411,-373
225000069,81,375,-294
225000070,50,361,-311
225000071,7,224,-217
225000075,21,448,-427
225000076,44,77,-33
225000078,0,0,0
225000085,0,0,0
225000086,0,0,0
225000087,0,0,0
225000088,6,77,-71
225000089,544,312,232
225000090,7,201,-194
225000091,18,136,-118
225000092,17,44,-27
225000093,42,365,-323
225000094,9,370,-361
225000095,158,466,-308
225000096,63,286,-223
225000098,18,8,10
225000099,8,4,4
225000100,8,2,6
225000104,13,249,-236
225000110,8,272,-264
225000111,67,700,-633
225000112,55,569,-514
225000113,21,306,-285
225000114,39,214,-175
225000115,1763,239,1524
225000116,0,0,0
225000117,0,0,0
225000118,0,0,0
225000119,0,0,0
225000120,0,0,0
225000121,0,0,0
225000123,0,0,0
225000125,14,28,-14
225000126,167,10,157
225000127,311,28,283
225000128,36,16,20
225000132,70,26,44
225000133,68,27,41
225000134,171,18,153
225000135,23,4,19
225000136,49,5,44
225000137,27,14,13
225000138,128,7,121
225000143,34,80,-46
225000144,5,230,-225
225000145,0,0,0
225000146,2,77,-75
225000147,4,240,-236
225000148,1,148,-147
225000149,68,243,-175
225000151,48,127,-79
225000155,107,169,-62
225000156,49,250,-201
225000157,54,179,-125
225000158,20,248,-228
225000171,1,118,-117
225000180,21,2,19
225000181,1,24,-23
225000182,0,0,0
225000185,5,157,-152
225000187,21,264,-243
225000191,0,2,-2
225000194,0,10,-10
225000208,0,36,-36
225000209,0,0,0
225000210,5,72,-67
225000217,0,21,-21
225000218,0,0,0
225000223,1,23,-22
225000224,0,0,0
225000225,0,2,-2
225000226,0,0,0
225000227,47,37,10
225000228,0,0,0
225000229,1,45,-44
225000230,0,0,0
225000231,0,62,-62
225000232,0,0,0
225000241,0,0,0
225000242,0,33,-33
225000249,0,0,0
225000250,46,451,-405
225000251,111,11,100
225000254,0,0,0
225000256,0,1,-1
225000257,0,2,-2
226000042,110,222,-112
226000043,11,149,-138
226000044,46,497,-451
226000045,32,327,-295
226000046,88,22,66
226000047,66,20,46
226000048,132,12,120
226000049,78,28,50
226000070,0,65,-65
226000071,0,31,-31
226000072,0,9,-9
226000073,0,2,-2
226000074,0,1,-1
226000084,1,32,-31
226000085,0,4,-4
226000086,0,1,-1
226000087,1,11,-10
226000088,2,11,-9
226000090,2,1,1
226000091,1,1,0
226000092,0,1,-1
226000093,5,1,4
226000094,0,0,0
226000095,3,2,1
226000105,1,0,1
226000106,3,0,3
226000107,0,0,0
226000108,2,0,2
226000109,12,1,11
226000124,93,24,69
226000134,226,163,63
226000135,393,215,178
226000136,63,79,-16
226000137,5,257,-252
226000138,6,163,-157
226000139,1,14,-13
226000156,15,0,15
226000157,53,0,53
226000163,12,31,-19
226000202,7,191,-184
226000231,27,0,27
226000232,3,0,3
227000033,0,0,0
227000036,0,0,0
227000037,0,0,0
227000038,0,0,0
227000084,3,20,-17
227000085,0,31,-31
227000088,0,0,0
227000089,0,0,0
227000090,0,0,0
227000091,0,0,0
227000092,0,0,0
227000093,0,0,0
227000094,0,1,-1
227000130,17,64,-47
227000131,10,195,-185
227000132,5,186,-181
227000133,2,218,-216
227000134,10,226,-216
227000152,0,4,-4
227000153,0,34,-34
227000154,0,20,-20
227000155,0,17,-17
227000156,0,9,-9
227000165,0,38,-38
227000196,49,167,-118
227000199,3,324,-321
227000230,23,258,-235
227000232,0,0,0
227000242,64,350,-286
227000243,0,0,0
227000245,23,304,-281
227000246,33,317,-284
227000247,0,0,0
227000248,0,0,0
227000249,16,187,-171
227000250,0,1,-1
227000251,55,183,-128
227000252,12,314,-302
227000253,0,0,0
227000262,0,0,0
227000266,0,0,0
227000267,21,1306,-1285
227000282,30,100,-70
227000284,0,0,0
227000286,25,45,-20
227000291,42,334,-292
227000296,0,0,0
227000484,0,0,0
227000485,29,403,-374
227000655,0,0,0
227000656,0,0,0
227000657,0,0,0
227000704,0,0,0
229000265,0,0,0
229000266,0,0,0
229000267,0,0,0
229000268,0,0,0
229000269,0,0,0
229000274,1,12,-11
229000275,4,4,0
229000276,0,4,-4
229000277,1,0,1
229000278,0,11,-11
229000295,15,11,4
229000296,2,4,-2
229000297,8,20,-12
229000298,28,47,-19
229000320,0,0,0
229000321,0,0,0
229000412,7,42,-35
229000414,1,35,-34
229000415,0,0,0
229000416,2,1,1
229000417,1,6,-5
229000419,46,139,-93
229000440,0,0,0
229000442,0,0,0
229000443,0,0,0
229000444,1,21,-20
229000445,0,0,0
229000446,0,0,0
229000491,3,36,-33
229000492,19,104,-85
229000493,3,98,-95
229000494,35,31,4
229000495,154,138,16
229000496,20,117,-97
229000507,0,53,-53
229000508,3,28,-25
229000509,1,78,-77
229000510,7,43,-36
229000511,6,45,-39
229000512,1,33,-32
229000513,0,10,-10
229000514,0,4,-4
229000517,1,12,-11
229000518,7,33,-26
229000519,0,12,-12
229000520,8,37,-29
229000521,44,52,-8
229000522,2,26,-24
229000523,9,30,-21
229000524,6,28,-22
229000527,4,12,-8
229000528,0,8,-8
229000529,18,2,16
229000530,75,28,47
229000531,14,36,-22
229000532,24,24,0
229000533,247,114,133
229000534,89,34,55
229000564,63,29,34
229000565,20,6,14
229000566,0,34,-34
229000567,0,117,-117
229000582,264,19,245
229000583,8,15,-7
229000584,2,41,-39
229000585,6,53,-47
229000718,0,1,-1
229000719,0,0,0
229000720,0,31,-31
229000721,0,20,-20
229000722,0,26,-26
229000723,0,12,-12
229000724,0,5,-5
229000725,0,13,-13
229000738,10,3,7
229000739,1,0,1
229000740,6,1,5
229000741,49,4,45
229000742,26,1,25
229000743,48,0,48
229000744,2,1,1
229000745,6,0,6
229000746,97,1,96
229000847,37,3,34
229000848,21,0,21
229000849,296,2,294
229000851,11,0,11
229000854,0,48,-48
229000856,0,95,-95
229000857,0,34,-34
229000858,0,86,-86
229000919,10,122,-112
229000930,0,130,-130
229000937,329,59,270
229000966,102,32,70
229000981,13,28,-15
229000985,3,18,-15
229000986,0,2,-2
229000987,0,0,0
229000988,0,0,0
229000989,0,0,0
229000990,0,0,0
229000991,0,0,0
229000992,0,0,0
229000993,0,0,0
229000998,26,15,11
229000999,0,0,0
229001034,3,23,-20
229001035,0,0,0
229001036,5,24,-19
229001037,0,0,0
229001038,0,1,-1
229001039,0,0,0
229001040,1,106,-105
229001041,0,0,0
229001042,0,0,0
229001047,4,20,-16
229001050,0,0,0
229001168,0,16,-16
229001200,0,0,0
229001338,0,22,-22
229001394,284,4,280
229001422,349,60,289
229001423,20,131,-111
229001431,173,74,99
229001432,23,48,-25
229001444,0,0,0
229001445,5,110,-105
229001479,14,14,0
229001503,334,93,241
229001504,49,97,-48
229001505,337,73,264
229001506,39,113,-74
229001509,0,0,0
229001510,2,17,-15
229001545,76,22,54
229001546,8,100,-92
229001553,49,17,32
229001554,6,97,-91
229001630,0,0,0
229001631,20,22,-2
229001635,0,3,-3
229001636,0,0,0
229001658,2,52,-50
229001659,227,12,215
229001660,0,0,0
229001661,0,17,-17
229001662,40,0,40
229001663,0,13,-13
229002584,0,0,0
229002831,58,40,18
229002841,2,4,-2
229002842,0,0,0
229002843,0,0,0
229002844,6,27,-21
229002845,0,58,-58
229002846,0,0,0
229002847,0,3,-3
229002848,0,0,0
229002849,0,20,-20
229002850,0,0,0
229002851,4,37,-33
229002852,0,0,0
229002853,0,0,0
229002854,1,20,-19
229002855,7,6,1
229002856,0,0,0
229002857,0,18,-18
229002858,0,0,0
229002859,3,6,-3
229002860,0,0,0
229002861,0,0,0
229002862,2,18,-16
229002863,1,15,-14
229002864,0,0,0
229002865,0,0,0
229002866,0,0,0
229002867,0,15,-15
229002868,0,0,0
229002869,3,59,-56
229002870,0,0,0
235000066,0,0,0
235000067,0,0,0
235000072,24,89,-65
235000073,50,244,-194
235000074,29,71,-42
235000080,3,55,-52
235000081,24,146,-122
235000082,0,0,0
235000083,0,0,0
235000084,0,0,0
235000085,0,0,0
235000089,0,0,0
235000092,7,160,-153
235000093,3,5,-2
235000097,0,0,0
235000098,0,0,0
235000099,0,0,0
235000116,0,0,0
235000117,0,0,0
235000133,8,168,-160
235000134,1,87,-86
235000206,0,0,0
235000207,0,0,0
235000208,0,0,0
235000209,0,0,0
235000210,0,0,0
235000212,1,15,-14
235000213,2,4,-2
235000220,0,3,-3
235000221,16,13,3
235000238,0,0,0
235000239,0,0,0
235000242,19,9,10
235000245,573,233,340
235000246,0,65,-65
235000284,0,37,-37
235000295,0,0,0
235000305,0,0,0
235000306,0,0,0
235000307,0,0,0
235000308,0,0,0
235000309,0,0,0
235000310,0,0,0
235000311,0,3,-3
235000322,0,10,-10
235000323,0,18,-18
235000324,0,4,-4
235000325,0,8,-8
235000326,1,124,-123
235000351,0,21,-21
235000352,4,30,-26
235000353,0,22,-22
235000354,0,29,-29
235000355,0,59,-59
235000356,0,0,0
235000357,0,0,0
235000358,0,0,0
235000359,0,0,0
235000360,0,0,0
235000361,0,0,0
235000381,28,195,-167
235000382,0,0,0
235000390,0,0,0
235000391,0,0,0
235000392,0,0,0
235000393,0,0,0
235000395,0,0,0
235000396,0,0,0
235000400,0,0,0
235000401,13,139,-126
235000405,64,314,-250
235000406,16,204,-188
235000407,38,89,-51
235000409,94,107,-13
235000410,21,175,-154
235000411,0,75,-75
235000485,0,24,-24
235000486,0,0,0
235000549,0,0,0
235000550,84,158,-74
235000599,72,94,-22
235000600,9,3,6
235000601,0,0,0
235000602,0,0,0
235000614,0,1,-1
235000648,1,69,-68
235000649,0,0,0
235000685,0,3,-3
235000815,0,26,-26
235000834,0,0,0
235000855,0,0,0
235000862,23,111,-88
235000891,0,6,-6
235000892,0,5,-5
235000901,76,105,-29
235000907,6,2,4
235001010,0,0,0
235001029,489,303,186
235001030,0,0,0
235001078,0,0,0
235001079,22,85,-63
235001147,0,0,0
235001166,0,0,0
235001167,10,53,-43
235001169,2,155,-153
235001188,0,7,-7
235001189,0,0,0
235001197,4,8,-4
235001200,26,37,-11
235001207,0,0,0
235001208,0,0,0
235001209,2,11,-9
235001210,11,129,-118
235001215,13,39,-26
235001239,0,61,-61
235001244,0,0,0
235016267,0,12,-12
241900007,18,3,15
277101746,0,46,-46
277102712,0,1,-1
277103813,1,0,1
277103898,0,7,-7
277104249,0,4,-4
277104250,0,0,0
277104251,0,5,-5
277104252,0,0,0
990011530,0,178,-178
990014944,0,334,-334
990015176,0,0,0
990015618,0,72,-72
990016032,0,170,-170
990032570,0,69,-69
990070001,0,1,-1
990070103,0,0,0
990070601,0,22,-22
990070751,0,0,0
990070766,2,175,-173
990071180,0,82,-82
990071343,0,0,0
990071387,0,3,-3
990071823,0,0,0
990072600,3,332,-329
990072964,0,295,-295
990073285,0,1,-1
990074393,1,359,-358
990074870,0,2,-2
990075106,17,33,-16
990075746,2,0,2
990076437,0,2,-2
990076458,2,641,-639
997000007,0,0,0
997000041,0,89,-89
997000058,0,2,-2
997000062,0,1,-1
997000069,0,1,-1
997000070,0,51,-51
997000100,0,0,0
997000141,0,1,-1
997000198,0,2,-2
998000475,0,7,-7
998000736,1,93,-92
998000965,0,0,0
998001031,0,34,-34
998001700,0,18,-18
998001899,0,1,-1
998001900,7,1,6
998003073,0,0,0
998101900,0,0,0
998102850,0,7,-7
998501927,0,208,-208
998501929,14,0,14
998501930,12,0,12
998501931,1,2,-1
998501932,26,1,25
998501933,0,0,0
998501937,0,1,-1
998501944,0,0,0
998501950,0,0,0
998501970,9,5,4
998501971,0,106,-106
998501973,0,34,-34
998501974,1,154,-153
998501975,0,0,0
998501976,81,57,24
998501977,0,22,-22
998501978,0,0,0
998501979,0,36,-36
998501980,0,0,0
998501981,0,1,-1
998501982,0,125,-125
998501983,0,0,0
998502006,0,0,0
998502024,0,3,-3
998502032,0,1,-1
998502062,2,1,1
998502063,0,0,0
998502173,0,0,0
998502269,0,2,-2
998601159,0,65,-65
998601292,0,6,-6
999033574,1,224,-223
999800001,0,0,0
999800002,0,1,-1
999800003,0,6,-6
999800004,1,17,-16
999800005,0,15,-15
