ID,insum,outsum,diff
100000001,825,1380,-555
100000002,5552,833,4719
100000003,6581,3617,2964
100000004,1939,1614,325
100000005,2725,5100,-2375
100000006,1183,136,1047
100000007,4595,708,3887
100000008,203,670,-467
100000009,842,229,613
100000010,47,49,-2
100000011,896,81,815
100000012,198,1207,-1009
100000013,19,270,-251
100000014,502,354,148
100000015,3160,2898,262
100000016,1339,2059,-720
100000017,1234,1169,65
100000018,2170,731,1439
100000019,8143,2867,5276
100000020,2678,8360,-5682
100000021,7619,4112,3507
100000022,4577,2099,2478
100000023,10359,2082,8277
100000025,4769,1261,3508
100000028,4281,1494,2787
100000029,681,320,361
100000030,798,124,674
100000031,14339,10604,3735
100000032,4241,5955,-1714
100000033,1711,3928,-2217
100000034,1568,658,910
100000035,3558,1359,2199
100000036,3861,1528,2333
100000037,663,679,-16
100000038,2122,1277,845
100000039,1286,224,1062
100000040,384,176,208
100000041,1427,427,1000
100000042,1391,454,937
100000043,1429,568,861
100000044,532,1073,-541
100000045,730,1829,-1099
100000046,887,1772,-885
100000047,559,1000,-441
100000048,968,813,155
100000049,2323,3026,-703
100000051,824,1417,-593
100000053,202,6,196
100000054,512,51,461
100000055,1200,247,953
100000056,606,762,-156
100000057,2110,1019,1091
100000058,1020,1575,-555
100000059,5,128,-123
100000060,585,556,29
100000061,2897,715,2182
100000062,2493,671,1822
100000063,871,350,521
100000064,2358,626,1732
100000065,742,1290,-548
100000066,318,1046,-728
100000067,641,1103,-462
100000068,786,2088,-1302
100000069,473,2222,-1749
100000072,668,1052,-384
100000073,2266,1892,374
100000075,970,387,583
100000076,4437,4712,-275
100000077,1444,245,1199
100000078,137,78,59
100000079,65,100,-35
100000080,49,54,-5
100000081,205,80,125
100000102,9852,1955,7897
100000103,7744,1465,6279
100000104,6699,3162,3537
100000105,5760,1677,4083
100000106,4879,2473,2406
100000107,1361,889,472
100000108,2375,1474,901
100000109,8406,1902,6504
100000116,2185,1127,1058
100000117,136,62,74
100000118,2661,1243,1418
100000119,1189,619,570
100000121,367,671,-304
100000122,4410,1482,2928
100000123,5150,9566,-4416
100000124,6856,14064,-7208
100000125,3751,1360,2391
100000126,2396,407,1989
100000127,5500,527,4973
100000128,1708,1906,-198
100000129,965,625,340
100000130,374,733,-359
100000131,3442,5019,-1577
100000132,1760,3538,-1778
100000133,7531,4179,3352
100000135,682,897,-215
100000139,568,219,349
100000140,518,271,247
100000142,492,804,-312
100000143,2554,1049,1505
100000144,5967,1215,4752
100000147,1579,3709,-2130
100000150,97,604,-507
100000151,1213,1458,-245
100000153,1499,500,999
100000154,724,163,561
100000155,50,111,-61
100000156,349,169,180
100000157,52,97,-45
100000158,267,110,157
100000159,1752,632,1120
100000165,1691,1161,530
100000169,1614,603,1011
100000174,3395,688,2707
100000179,256,653,-397
100000180,1851,1334,517
100000181,357,319,38
100000188,135,478,-343
100000189,1188,365,823
100000190,1152,596,556
100000191,832,504,328
100000192,161,188,-27
100000193,225,205,20
100000330,3085,1076,2009
100000355,409,717,-308
100000362,7428,4328,3100
100000363,3791,5917,-2126
100000364,677,168,509
100000365,4973,5843,-870
100000366,7284,3863,3421
100000367,5739,4991,748
100000368,3324,2232,1092
100000369,1532,2211,-679
100000370,248,767,-519
100000376,233,201,32
100000379,9564,2264,7300
100000380,13527,3896,9631
100000384,11145,6778,4367
100000385,9585,5531,4054
100000386,15683,8981,6702
100000387,14379,6741,7638
100000388,12470,10434,2036
100000389,12601,9056,3545
100000390,13104,7242,5862
100000391,8545,9701,-1156
100000392,8501,3314,5187
100000393,4129,4145,-16
100000394,13987,7388,6599
100000395,7953,2920,5033
100000396,10215,3463,6752
100000397,6589,3457,3132
100000398,14478,10563,3915
100000413,49,34,15
100900002,40,53,-13
100900003,304,145,159
100900004,27,837,-810
100900005,206,25,181
100900006,28,226,-198
100900007,600,15,585
100900008,5,516,-511
100900009,94,72,22
100900010,52,118,-66
100900011,145,395,-250
100900012,2,345,-343
100900013,635,8,627
100900014,1,6,-5
100900015,169,207,-38
100900016,1,47,-46
100900017,1024,114,910
100900018,3,25,-22
100900019,24,138,-114
100900020,503,6,497
100900021,466,0,466
100900022,11,10,1
100900023,0,28,-28
100900024,1323,9,1314
100900025,14,15,-1
100900026,113,174,-61
100900027,514,3381,-2867
100900028,198,198,0
100900029,109,31,78
100900030,32,36,-4
100900031,690,112,578
100900032,264,2,262
100900033,315,226,89
100900034,515,5,510
100900035,1113,1,1112
100900036,25,2,23
100900037,51,328,-277
100900038,397,23,374
100900039,369,716,-347
100900040,268,1001,-733
100900041,935,1272,-337
100900042,1098,372,726
100900043,0,24,-24
100900044,4533,721,3812
100900045,234,0,234
100900046,1235,17,1218
100900047,776,165,611
100900048,215,33,182
100900049,71,282,-211
100900050,0,57,-57
100900051,80,55,25
100900052,330,36,294
100900053,389,37,352
100900054,28,159,-131
100900055,357,715,-358
100900056,224,380,-156
100900057,866,2006,-1140
100900058,535,51,484
100900059,136,5,131
100900060,136,13,123
100900061,401,446,-45
100900062,2,95,-93
100900063,200,655,-455
100900064,782,15,767
100900065,222,166,56
100900066,111,196,-85
100900067,3,13,-10
100900068,88,101,-13
100900069,3193,13,3180
100900070,245,4,241
100900071,757,431,326
100900072,5,88,-83
100900073,112,616,-504
100900074,0,15,-15
100900075,2364,539,1825
100900076,33,98,-65
100900077,20,143,-123
100900078,128,871,-743
100900079,11,47,-36
100900080,32,181,-149
100900081,70,276,-206
100900082,105,900,-795
100900083,7,75,-68
100900085,19,104,-85
100900086,363,2048,-1685
100900088,122,1076,-954
100900089,2,59,-57
100900090,202,441,-239
100900091,1,31,-30
100900092,317,294,23
100900093,227,353,-126
100900094,112,932,-820
100900095,2,35,-33
100900096,44,88,-44
100900097,1,9,-8
100900098,26,15,11
100900099,63,868,-805
100900100,17,470,-453
100900101,536,73,463
100900102,42,67,-25
100900103,18,11,7
100900104,18,299,-281
100900105,21,285,-264
100900106,68,15,53
100900107,2671,852,1819
100900108,4,10,-6
100900109,7,20,-13
100900110,10,68,-58
100900111,62,266,-204
100900112,0,6,-6
100900113,25,25,0
100900114,47,37,10
100900115,9,48,-39
100900116,848,1716,-868
100900117,315,709,-394
100900118,12,63,-51
100900119,21,39,-18
100900120,2,18,-16
100900121,279,877,-598
100900122,188,282,-94
100900123,75,117,-42
100900124,16,6,10
100900125,15,109,-94
100900126,100,206,-106
100900127,3,19,-16
100900128,162,217,-55
100900129,0,153,-153
100900131,108,307,-199
100900133,63,38,25
100900134,3,8,-5
100900135,1,149,-148
100900137,451,238,213
100900138,631,499,132
100900139,7,10,-3
100900140,14,1126,-1112
100900141,3,457,-454
100900142,5,27,-22
100900143,1258,490,768
100900144,12,11,1
100900145,49,181,-132
100900146,5,65,-60
100900147,31,270,-239
100900148,47,1479,-1432
100900149,14,142,-128
100900150,2,41,-39
100900151,165,698,-533
100900152,60,12,48
100900153,4,206,-202
100900154,15,25,-10
100900155,8,10,-2
100900156,18,1,17
100900157,4,159,-155
100900159,1,48,-47
100900160,37,18,19
100900161,94,1,93
100900162,24,242,-218
100900163,210,267,-57
100900164,103,31,72
100900165,37,83,-46
100900166,27,2,25
100900167,14,122,-108
100900168,52,155,-103
100900169,218,1137,-919
100900170,22,11,11
100900171,30,720,-690
100900172,0,19,-19
100900173,8,787,-779
100900174,641,63,578
100900176,2256,303,1953
100900177,1206,670,536
100900178,656,135,521
100900179,110,119,-9
100900180,1,3,-2
100900181,69,16,53
100900182,30,17,13
100900184,15,180,-165
100900186,1127,976,151
100900187,8,157,-149
100900188,71,33,38
100900189,1046,287,759
100900191,1818,1382,436
100900192,426,331,95
100900195,293,129,164
100900197,57,206,-149
100900198,23,578,-555
100900199,31,34,-3
100900200,703,522,181
100900201,70,798,-728
100900202,70,0,70
100900203,0,131,-131
100900204,348,280,68
100900205,235,435,-200
100900206,138,61,77
100900207,202,152,50
100900210,116,1054,-938
100900211,487,231,256
100900213,67,60,7
100900214,1331,217,1114
100900215,35,45,-10
100900217,363,97,266
101000001,5724,2539,3185
101000002,5757,6611,-854
101000003,1430,3460,-2030
101000004,12622,14177,-1555
101000005,3242,8434,-5192
101000006,12193,14421,-2228
101000007,3952,4686,-734
101000008,8944,5095,3849
101000009,2902,2933,-31
101000010,1464,2235,-771
101000011,3441,1048,2393
101000012,2775,761,2014
101000013,760,1561,-801
101000014,1139,1112,27
101000015,1648,1068,580
101000016,1861,664,1197
101000017,1567,908,659
101000018,11440,3377,8063
101000020,9358,1157,8201
101000021,4278,539,3739
101000022,493,58,435
101000023,3676,1169,2507
101000025,372,547,-175
101000026,636,42,594
101000027,4758,2263,2495
101000028,2440,244,2196
101000029,216,1071,-855
101000030,1935,115,1820
101000031,886,255,631
101000032,10473,3539,6934
101000033,6143,3697,2446
101000034,8205,2135,6070
101000035,2861,653,2208
101000036,4536,847,3689
101000037,9055,2199,6856
101000039,5852,3489,2363
101000040,7266,5029,2237
101000041,17170,7838,9332
101000042,1874,1289,585
101000043,11754,6399,5355
101000045,2683,918,1765
101000046,3978,829,3149
101000047,2518,1874,644
101000048,1412,1172,240
101000049,1648,1417,231
101000050,2529,1426,1103
101000051,3304,2358,946
101000052,3345,956,2389
101000053,1818,1764,54
101000054,2043,1360,683
101000055,2147,2487,-340
101000056,153,222,-69
101000057,4410,1328,3082
101000058,4039,1621,2418
101000059,8743,2023,6720
101000060,3032,893,2139
101000061,1773,1981,-208
101000062,1633,1305,328
101000063,1486,1202,284
101000064,2757,1011,1746
101000065,691,507,184
101000066,869,518,351
101000067,1522,685,837
101000068,695,460,235
101000069,751,87,664
101000070,2168,1277,891
101000071,3500,1396,2104
101000072,1614,5144,-3530
101000073,853,751,102
101000074,6565,4352,2213
101000075,7114,3351,3763
101000077,1549,1338,211
101000078,1272,2469,-1197
101000079,650,546,104
101000080,853,417,436
101000081,1626,2154,-528
101000082,4774,3802,972
101000083,2516,2639,-123
101000084,1864,1374,490
101000085,2349,1538,811
101000086,1607,1463,144
101000087,1261,1780,-519
101000088,1218,1299,-81
101000089,1118,2289,-1171
101000090,3441,2059,1382
101000091,424,1731,-1307
101000092,770,1555,-785
101000093,2278,1173,1105
101000094,770,1915,-1145
101000095,360,984,-624
101000096,388,941,-553
101000097,1191,418,773
101000098,1027,756,271
101000099,1529,2134,-605
101000100,1526,956,570
101000101,773,394,379
101000102,3064,497,2567
101000103,1422,523,899
101000104,701,747,-46
101000105,2385,431,1954
101000106,1611,603,1008
101000107,251,522,-271
101000108,2279,546,1733
101000109,372,82,290
101000110,63,1075,-1012
101000111,127,230,-103
101000113,343,1058,-715
101000114,7379,3126,4253
101000115,117,116,1
101000116,241,188,53
101000117,810,352,458
101000119,307,100,207
101000120,565,67,498
101000121,204,60,144
101000122,292,89,203
101000123,119,96,23
101000124,320,234,86
101000125,356,840,-484
101000128,2059,323,1736
101000130,289,316,-27
101000131,956,937,19
101000132,558,2784,-2226
101000135,183,54,129
101000136,663,119,544
101000137,41,512,-471
101000141,4591,4289,302
101000147,1570,807,763
101000148,2702,42,2660
101000149,209,154,55
101000150,115,1782,-1667
101000151,181,78,103
101000152,471,481,-10
101000153,808,692,116
101000154,319,2464,-2145
101000155,243,236,7
101000156,38,369,-331
101000157,148,48,100
101000160,174,50,124
101000163,331,152,179
101000164,724,763,-39
101000165,285,476,-191
101000166,330,458,-128
101000168,1043,509,534
101000252,1993,1296,697
101000254,714,50,664
101000258,20,17,3
101000261,95,39,56
101000262,3868,1722,2146
101000263,487,923,-436
101000265,131,955,-824
101000266,696,472,224
101000269,294,16,278
101000290,3834,5142,-1308
101000293,19,101,-82
101000294,835,505,330
101000295,244,846,-602
101000301,1530,531,999
101000304,6181,3961,2220
101000305,5235,3016,2219
101000328,187,537,-350
101900001,18,111,-93
101900002,2,19,-17
101900003,338,148,190
101900004,10,90,-80
101900005,8106,2127,5979
101900006,1457,102,1355
101900007,1026,100,926
101900008,401,452,-51
101900009,143,738,-595
101900010,1517,887,630
101900011,584,2499,-1915
101900012,151,720,-569
101900013,1651,151,1500
101900017,55,319,-264
101900018,2472,391,2081
101900019,463,206,257
101900020,73,96,-23
101900021,2,88,-86
101900022,153,1845,-1692
101900023,199,398,-199
101900026,163,58,105
101900027,22,120,-98
102000001,9983,6156,3827
102000002,6171,2401,3770
102000003,5164,10527,-5363
102000004,11016,5182,5834
102000005,3317,4270,-953
102000006,4174,4008,166
102000007,2382,8480,-6098
102000008,7977,4149,3828
102000009,7190,11177,-3987
102000010,7347,8125,-778
102000011,5089,3398,1691
102000012,6816,6687,129
102000018,5359,4376,983
102000019,4424,3670,754
102000026,483,2261,-1778
102000029,554,287,267
102000030,177,575,-398
102000031,148,355,-207
102000032,583,710,-127
102000033,364,787,-423
102000034,673,1126,-453
102000035,1418,1104,314
102000036,16,1069,-1053
102000037,277,219,58
102000038,773,234,539
102000039,1158,165,993
102000040,1085,201,884
102000041,449,769,-320
102000042,592,353,239
102000043,657,263,394
102000044,2473,1097,1376
102000045,1433,2141,-708
102000046,2143,1094,1049
102000047,793,2384,-1591
102000048,417,1643,-1226
102000049,2766,1452,1314
102000050,2377,1843,534
102000051,729,1180,-451
102000052,2207,1311,896
102000053,2651,1267,1384
102000054,667,1218,-551
102000055,1139,1717,-578
102000056,776,2723,-1947
102000057,1478,909,569
102000058,1384,3160,-1776
102000059,2579,2181,398
102000060,2059,1476,583
102000061,1666,3577,-1911
102000062,1575,2013,-438
102000063,1828,2644,-816
102000064,988,1289,-301
102000065,59,229,-170
102000066,1516,3368,-1852
102000067,3722,5429,-1707
102000068,19263,6133,13130
102000069,90,2864,-2774
102000070,2451,95,2356
102000071,13846,14902,-1056
102000072,4700,8904,-4204
102000073,1444,1257,187
102000074,776,1310,-534
102000075,283,436,-153
102000076,243,1003,-760
102000077,489,1768,-1279
102000078,886,1362,-476
102000079,155,342,-187
102000080,281,368,-87
102000081,505,1073,-568
102000082,1202,387,815
102000083,644,574,70
102000084,208,557,-349
102000085,2368,1974,394
102000086,1487,1745,-258
102000087,1466,2279,-813
102000088,304,417,-113
102000089,1581,596,985
102000090,512,1385,-873
102000091,2509,747,1762
102000092,476,1272,-796
102000093,1160,1164,-4
102000094,1355,833,522
102000095,1347,1415,-68
102000096,798,1075,-277
102000097,1261,1112,149
102000098,809,1070,-261
102000099,1399,920,479
102000100,1143,1514,-371
102000101,1877,1049,828
102000102,489,5820,-5331
102000103,2328,708,1620
102000104,1819,575,1244
102000105,432,1417,-985
102000106,979,1610,-631
102000107,1334,910,424
102000108,807,630,177
102000109,1033,941,92
102000110,943,2610,-1667
102000111,10,623,-613
102000112,177,124,53
102000113,17,43,-26
102000114,1893,559,1334
102000115,360,360,0
102000116,1374,472,902
102000117,619,809,-190
102000118,3797,1634,2163
102000119,4579,1082,3497
102000120,301,816,-515
102000121,1218,679,539
102000122,611,1307,-696
102000123,1949,1429,520
102000124,1491,1590,-99
102000125,951,1535,-584
102000126,818,925,-107
102000127,1363,1009,354
102000128,796,1527,-731
102000129,1410,1281,129
102000130,686,897,-211
102000131,2071,856,1215
102000132,787,852,-65
102000133,1619,3168,-1549
102000134,901,1317,-416
102000135,1550,2370,-820
102000136,1687,1230,457
102000137,1179,1166,13
102000138,277,568,-291
102000139,135,494,-359
102000140,506,344,162
102000141,245,701,-456
102000142,363,526,-163
102000143,174,752,-578
102000144,306,615,-309
102000145,416,625,-209
102000146,478,487,-9
102000147,454,574,-120
102000148,355,611,-256
102000149,251,966,-715
102000150,296,646,-350
102000151,249,603,-354
102000152,196,344,-148
102000153,1356,663,693
102000154,840,1029,-189
102000155,166,431,-265
102000156,1138,133,1005
102000157,368,272,96
102000158,1152,948,204
102000159,2069,746,1323
102000161,5510,3166,2344
102000162,257,143,114
102000163,177,728,-551
102000164,1528,1278,250
102000165,471,147,324
102000166,58,207,-149
102000167,407,279,128
102000168,380,169,211
102000169,159,1114,-955
102000170,1004,230,774
102000171,389,114,275
102000172,387,563,-176
102000173,1026,449,577
102000174,60,81,-21
102000175,186,276,-90
102000176,69,109,-40
102000178,415,825,-410
102000179,525,332,193
102000180,905,867,38
102000181,700,804,-104
102000182,615,923,-308
102000183,1746,2656,-910
102000184,2108,1201,907
102000185,2732,1972,760
102000186,1215,2674,-1459
102000187,871,2538,-1667
102000188,1009,2092,-1083
102000189,3663,1266,2397
102000190,754,3567,-2813
102000191,1590,971,619
102000192,1482,1921,-439
102000193,96,217,-121
102000194,169,223,-54
102000195,1100,874,226
102000196,235,803,-568
102000197,661,731,-70
102000198,198,1256,-1058
102000199,809,503,306
102000200,428,1547,-1119
102000201,757,763,-6
102000202,16,169,-153
102000203,483,556,-73
102000204,602,1856,-1254
102000205,1674,1004,670
102000206,1386,1106,280
102000207,2241,658,1583
102000208,898,988,-90
102000209,87,75,12
102000210,402,819,-417
102000211,821,679,142
102000212,253,17,236
102000213,6,525,-519
102000214,263,32,231
102000215,4,783,-779
102000216,64,101,-37
102000217,12,250,-238
102000218,215,254,-39
102000219,718,447,271
102000225,967,1187,-220
102000226,2203,1001,1202
102000227,501,4,497
102000228,1,160,-159
102000229,64,47,17
102000230,341,854,-513
102000231,348,841,-493
102000232,37,677,-640
102000233,583,1656,-1073
102000234,179,1430,-1251
102000236,243,150,93
102000237,1504,249,1255
102000238,279,608,-329
102000240,1036,739,297
102000241,240,191,49
102000243,7,216,-209
102000245,28,177,-149
102000246,47,56,-9
102000247,1508,1983,-475
102000248,985,1464,-479
102000249,161,237,-76
102000250,55,648,-593
102000254,101,629,-528
102000266,64,227,-163
102000271,90,1,89
102000286,657,770,-113
102000297,2846,1905,941
102000301,0,1,-1
102000303,0,0,0
102000305,0,0,0
102000307,0,9,-9
102900001,1462,1629,-167
102900002,453,48,405
102900003,33,341,-308
102900005,316,587,-271
102900006,659,388,271
102900007,476,37,439
102900008,253,133,120
102900009,560,244,316
102900010,936,575,361
102900011,2633,638,1995
102900012,614,146,468
102900013,21,105,-84
102900015,1029,629,400
102900016,74,171,-97
102900017,164,872,-708
102900018,44,183,-139
102900019,876,872,4
102900020,175,48,127
102900021,16,186,-170
102900022,728,144,584
102900023,21,71,-50
102900024,46,59,-13
102900025,456,206,250
102900026,1075,1736,-661
102900027,80,116,-36
102900028,169,1003,-834
102900029,248,297,-49
102900030,569,377,192
102900031,158,212,-54
102900032,75,171,-96
102900033,194,363,-169
102900034,525,171,354
102900035,187,565,-378
102900036,301,857,-556
102900037,278,1008,-730
102900038,697,957,-260
102900039,65,538,-473
102900040,153,333,-180
102900041,99,300,-201
102900042,182,651,-469
102900043,139,454,-315
102900044,730,2696,-1966
102900045,160,815,-655
102900046,126,440,-314
102900047,153,933,-780
102900048,809,951,-142
102900049,126,473,-347
102900050,332,503,-171
102900051,215,398,-183
102900053,440,1186,-746
102900054,1136,1142,-6
102900055,110,256,-146
102900056,207,691,-484
102900057,4,57,-53
102900058,399,92,307
102900059,21,89,-68
102900060,127,719,-592
102900061,138,803,-665
102900062,220,1942,-1722
102900063,1311,672,639
102900064,194,933,-739
102900065,2602,441,2161
102900066,414,95,319
102900068,210,110,100
102900070,335,894,-559
102900072,38,74,-36
102900073,238,29,209
102900075,81,71,10
102900076,379,143,236
102900077,67,33,34
102900078,67,245,-178
102900079,449,9,440
102900080,401,52,349
102900081,104,376,-272
102900082,13,326,-313
102900083,616,12,604
102900084,14,41,-27
102900085,265,118,147
102900086,13,77,-64
102900087,179,156,23
102900088,117,46,71
102900089,454,178,276
102900090,3,658,-655
102900091,239,4,235
102900092,323,1613,-1290
102900094,17,130,-113
102900095,299,2,297
102900096,59,34,25
102900097,24,229,-205
103000001,3157,4319,-1162
103000002,4594,3623,971
103000003,6756,4290,2466
103000004,1270,1023,247
103000005,3421,5320,-1899
103000006,981,2204,-1223
103000007,665,1203,-538
103000008,1926,1470,456
103000009,1906,1419,487
103000010,354,351,3
103000011,2011,1636,375
103000012,1308,2270,-962
103000013,8172,2834,5338
103000014,1857,4038,-2181
103000015,4084,1107,2977
103000016,868,1928,-1060
103000017,251,597,-346
103000018,1721,651,1070
103000019,299,346,-47
103000020,3781,2090,1691
103000021,3125,1914,1211
103000022,1340,1641,-301
103000023,904,2497,-1593
103000024,177,299,-122
103000025,118,781,-663
103000026,2234,251,1983
103000027,390,777,-387
103000028,758,564,194
103000029,395,301,94
103000030,2445,1008,1437
103000031,2299,3527,-1228
103000032,2418,2486,-68
103000033,3331,4069,-738
103000034,2016,1350,666
103000035,496,2250,-1754
103000036,672,729,-57
103000037,762,585,177
103000038,611,1694,-1083
103000039,371,739,-368
103000040,508,2143,-1635
103000041,2180,3821,-1641
103000042,1109,1118,-9
103000043,559,1926,-1367
103000044,160,333,-173
103000046,291,937,-646
103000047,975,1009,-34
103000048,258,277,-19
103000049,122,335,-213
103000050,1285,1179,106
103000051,664,841,-177
103000052,1153,701,452
103000053,241,898,-657
103000054,3266,1791,1475
103000055,2122,2902,-780
103000056,819,2921,-2102
103000057,431,438,-7
103000058,621,1346,-725
103000059,428,1291,-863
103000060,1145,1293,-148
103000061,504,1393,-889
103000062,1513,1226,287
103000063,879,1145,-266
103000064,223,497,-274
103000065,2,481,-479
103000066,240,11,229
103000069,356,539,-183
103000070,1400,1846,-446
103000071,1499,537,962
103000072,130,1318,-1188
103000073,989,174,815
103000074,861,122,739
103000075,173,1167,-994
103000076,402,449,-47
103000077,103,612,-509
103000078,3026,930,2096
103000079,2281,1076,1205
103000080,1727,562,1165
103000081,852,1431,-579
103000082,792,322,470
103000083,164,552,-388
103000084,202,12,190
103000085,1,210,-209
103000086,1930,738,1192
103000087,453,797,-344
103000088,910,484,426
103000089,570,890,-320
103000090,2582,1059,1523
103000091,587,578,9
103000092,602,329,273
103000093,435,716,-281
103000094,210,130,80
103000095,92,621,-529
103000096,961,220,741
103000097,115,976,-861
103000098,1327,305,1022
103000099,544,839,-295
103000100,126,1381,-1255
103000101,1040,196,844
103000102,135,980,-845
103000103,812,414,398
103000104,121,147,-26
103000105,160,169,-9
103000106,59,100,-41
103000107,285,99,186
103000108,1206,769,437
103000109,897,548,349
103000110,713,515,198
103000111,1350,549,801
103000112,875,291,584
103000113,2056,1139,917
103000114,4353,488,3865
103000115,461,762,-301
103000116,537,757,-220
103000117,362,802,-440
103000118,2921,1320,1601
103000119,2659,819,1840
103000120,158,119,39
103000121,586,1114,-528
103000122,908,667,241
103000125,8,554,-546
103000126,635,16,619
103000127,0,308,-308
103000128,152,3,149
103000129,1,178,-177
103000130,39,37,2
103000131,213,142,71
103000132,106,157,-51
103000133,8,169,-161
103000134,1041,1356,-315
103000135,1286,428,858
103000136,1457,729,728
103000137,1446,831,615
103000138,1588,1282,306
103000139,19,101,-82
103000140,362,48,314
103000141,67,186,-119
103000142,169,127,42
103000143,236,316,-80
103000144,288,179,109
103000145,51,24,27
103000150,163,96,67
103000152,926,402,524
103000153,829,273,556
103000156,5,656,-651
103000157,420,8,412
103000159,174,85,89
103000162,256,48,208
103000163,27,57,-30
103000164,80,32,48
103000165,325,634,-309
103000166,315,351,-36
103000167,614,128,486
103000168,144,218,-74
103000169,280,698,-418
103000170,726,763,-37
103000171,80,88,-8
103000172,397,491,-94
103000173,527,1318,-791
103000174,201,538,-337
103000175,190,640,-450
103000176,1636,683,953
103000177,1176,536,640
103000178,384,479,-95
103000179,209,47,162
103000183,160,25,135
103000185,89,120,-31
103000186,120,231,-111
103000187,614,1069,-455
103000188,11,71,-60
103000189,3077,1338,1739
103000191,597,680,-83
103000292,3893,1780,2113
103000293,1893,2126,-233
103000295,130,149,-19
103000296,461,1,460
103000297,24,11,13
103000504,92,30,62
103000505,25,24,1
103000506,2,335,-333
103000507,273,2,271
103000508,100,55,45
103000509,342,838,-496
103900001,11,554,-543
103900002,2812,234,2578
103900003,3124,120,3004
103900004,132,1,131
103900005,0,309,-309
103900006,0,0,0
103900007,51,12,39
103900008,80,0,80
103900009,376,408,-32
103900010,194,412,-218
103900011,223,281,-58
103900012,10,21,-11
103900013,43,111,-68
103900014,49,63,-14
103900015,44,18,26
103900016,425,377,48
103900017,35,98,-63
103900018,959,338,621
103900019,78,385,-307
103900020,264,548,-284
103900021,1057,87,970
103900022,1525,799,726
103900023,104,2,102
103900024,165,831,-666
103900025,8,67,-59
103900026,70,2,68
103900027,820,513,307
103900028,23,267,-244
103900029,1357,236,1121
103900030,885,39,846
103900031,14,0,14
103900032,98,82,16
103900033,454,11,443
103900034,36,540,-504
103900035,58,70,-12
103900036,101,41,60
103900037,141,50,91
103900038,90,228,-138
103900039,55,624,-569
103900040,16,302,-286
103900041,60,41,19
103900042,36,600,-564
103900043,156,196,-40
103900044,390,509,-119
103900045,301,328,-27
103900047,56,30,26
103900048,72,24,48
103900049,352,2174,-1822
103900050,6,89,-83
103900051,1,34,-33
103900052,268,831,-563
103900053,211,1797,-1586
103900054,116,762,-646
103900055,635,327,308
103900056,50,62,-12
103900057,49,313,-264
103900058,226,1073,-847
103900059,0,7,-7
103900060,43,352,-309
103900061,162,70,92
103900062,406,160,246
103900063,3,0,3
103900064,103,2,101
103900065,968,643,325
103900066,141,11,130
103900067,146,6,140
103900068,5,1,4
103900069,194,27,167
103900070,202,486,-284
103900071,15,276,-261
103900072,9,397,-388
103900073,56,43,13
103900074,72,142,-70
103900075,172,152,20
103900076,383,1221,-838
103900077,77,124,-47
103900078,214,233,-19
103900079,166,307,-141
103900080,16,51,-35
103900081,281,22,259
103900082,21,109,-88
103900083,2369,1631,738
103900084,99,218,-119
103900085,144,199,-55
103900086,733,467,266
103900088,451,476,-25
103900089,46,348,-302
103900090,6,348,-342
103900091,1108,364,744
103900092,1790,829,961
103900093,120,395,-275
103900094,8,126,-118
103900095,1628,223,1405
103900096,35,310,-275
103900097,6,665,-659
103900098,205,157,48
103900099,66,302,-236
103900100,216,598,-382
103900101,104,1453,-1349
103900102,1,43,-42
103900104,2,48,-46
103900105,153,306,-153
103900106,0,31,-31
103900107,96,391,-295
103900108,53,578,-525
103900109,69,142,-73
103900110,290,75,215
103900111,100,1128,-1028
103900112,18,48,-30
103900113,198,357,-159
103900114,827,548,279
103900115,276,407,-131
103900116,10787,3508,7279
103900117,231,206,25
103900119,22,87,-65
103900120,92,199,-107
103900122,65,480,-415
103900123,3150,837,2313
103900124,58,731,-673
103900125,144,125,19
103900126,551,944,-393
103900127,186,1150,-964
103900128,75,259,-184
103900131,39,200,-161
103900133,1217,55,1162
103900134,2,2,0
103900135,62,16,46
103900137,1,66,-65
103900138,115,593,-478
103900139,647,2122,-1475
103900140,46,158,-112
103900141,387,125,262
103900142,266,562,-296
103900143,52,8,44
103900144,1,195,-194
103900145,193,544,-351
103900146,368,650,-282
103900147,433,137,296
103900148,285,289,-4
103900149,359,1350,-991
103900150,12066,5176,6890
103900151,38,232,-194
103900152,434,808,-374
103900153,26,0,26
103900154,1971,3498,-1527
103900155,27,439,-412
103900156,34,316,-282
103900157,34,554,-520
103900158,94,348,-254
103900159,148,134,14
103900160,76,34,42
103900161,111,351,-240
103900162,73,432,-359
103900163,5,661,-656
103900167,44,98,-54
103900168,148,194,-46
103900169,50,47,3
103900170,2,142,-140
103900171,0,113,-113
103900172,13,78,-65
103900173,11,17,-6
103900174,153,79,74
103900175,100,64,36
103900176,10,29,-19
103900177,7,83,-76
103900178,55,210,-155
103900179,55,458,-403
103900180,22,231,-209
103900181,82,107,-25
103900182,39,41,-2
103900184,986,80,906
103900185,624,276,348
103900187,189,74,115
103900188,83,18,65
103900189,117,6,111
103900190,84,91,-7
103900191,51,56,-5
103900192,20,105,-85
103900193,245,251,-6
103900194,141,451,-310
103900195,7,59,-52
103900196,18,35,-17
103900197,15,38,-23
103900198,14,72,-58
103900199,308,111,197
103900200,162,196,-34
103900201,121,279,-158
103900202,13,78,-65
103900203,59,34,25
103900204,2,199,-197
103900207,0,248,-248
103900208,88,0,88
103900209,21,106,-85
103900210,78,32,46
103900211,542,975,-433
103900212,98,691,-593
103900213,379,409,-30
103900214,1031,220,811
103900215,966,426,540
103900216,15,631,-616
103900217,670,119,551
103900218,1,598,-597
103900219,225,651,-426
103900233,224,11,213
103900235,118,59,59
103900236,118,9,109
103900242,26,74,-48
103900243,13,46,-33
103900244,132,737,-605
103900245,142,367,-225
103900246,146,63,83
103900247,88,176,-88
103900248,32,120,-88
103900249,61,70,-9
103900250,107,78,29
103900251,13,66,-53
103900253,69,125,-56
103900254,33,56,-23
103900255,122,33,89
103900256,115,76,39
103900257,337,408,-71
103900258,189,7,182
103900259,160,8,152
103900261,23,11,12
103900262,86,15,71
103900263,154,264,-110
103900264,146,109,37
103900265,140,52,88
103900266,2,105,-103
103900267,21,73,-52
103900268,18,224,-206
103900269,181,60,121
103900270,40,230,-190
103900271,61,273,-212
103900272,129,132,-3
103900273,35,166,-131
103900274,83,18,65
103900275,61,20,41
103900276,8,281,-273
103900277,9,233,-224
103900278,11,123,-112
103900279,2,31,-29
103900280,9,382,-373
104000001,2958,3274,-316
104000002,2386,5025,-2639
104000003,3014,3595,-581
104000004,4351,4620,-269
104000005,2036,2938,-902
104000006,3440,5096,-1656
104000007,5735,6351,-616
104000008,464,596,-132
104000009,225,157,68
104000010,187,336,-149
104000011,1189,507,682
104000012,210,552,-342
104000013,227,258,-31
104000014,296,1088,-792
104000015,313,281,32
104000016,741,706,35
104000018,831,222,609
104000019,696,219,477
104000020,304,1075,-771
104000021,477,800,-323
104000022,165,401,-236
104000023,580,543,37
104000024,408,611,-203
104000026,91,514,-423
104000027,556,662,-106
104000028,555,413,142
104000029,561,823,-262
104000030,330,395,-65
104000031,1138,446,692
104000032,241,472,-231
104000033,677,590,87
104000034,351,472,-121
104000035,944,619,325
104000036,852,880,-28
104000037,340,425,-85
104000038,356,515,-159
104000039,237,517,-280
104000040,789,657,132
104000041,726,584,142
104000042,352,621,-269
104000043,455,632,-177
104000044,329,1107,-778
104000045,1652,1845,-193
104000046,2163,2554,-391
104000047,1056,1890,-834
104000048,1423,2483,-1060
104000049,643,561,82
104000050,230,1021,-791
104000051,196,1180,-984
104000052,1827,2242,-415
104000053,1115,1166,-51
104000054,479,624,-145
104000055,6765,3688,3077
104000056,2633,525,2108
104000057,335,864,-529
104000058,1030,1203,-173
104000059,980,2134,-1154
104000060,1437,1752,-315
104000061,2075,1837,238
104000062,604,581,23
104000064,927,633,294
104000065,396,600,-204
104000069,2732,1571,1161
104000070,116,743,-627
104000071,420,823,-403
104000072,951,732,219
104000075,104,612,-508
104000076,826,88,738
104000082,3868,4010,-142
104000083,1199,382,817
104000084,216,751,-535
104000085,496,408,88
104000086,257,663,-406
104000087,587,2067,-1480
104000090,968,2626,-1658
104000092,1153,4422,-3269
104000094,1331,3129,-1798
104000095,2432,2376,56
104000096,1868,762,1106
104000097,2092,1859,233
104000098,2067,2165,-98
104000100,2170,992,1178
104000101,1666,5042,-3376
104000106,356,1110,-754
104000107,773,854,-81
104000108,470,1006,-536
104000109,504,115,389
104000110,1368,1565,-197
104000111,7374,2957,4417
104000112,2989,857,2132
104000116,7,2115,-2108
104000117,168,1822,-1654
104000118,512,417,95
104000119,609,452,157
104000120,246,1591,-1345
104000121,293,1227,-934
104000122,655,1078,-423
104000123,1726,1963,-237
104000124,1735,4225,-2490
104000125,8120,4916,3204
104000126,300,620,-320
104000127,2372,5168,-2796
104000128,1130,656,474
104000129,754,47,707
104000130,26,716,-690
104000131,2141,662,1479
104000132,1469,919,550
104000133,1764,1380,384
104000134,1117,2544,-1427
104000135,505,2096,-1591
104000136,990,4667,-3677
104000137,1681,506,1175
104000138,1728,1034,694
104000139,10937,4603,6334
104000141,1276,2706,-1430
104000142,981,1277,-296
104000143,842,920,-78
104000144,138,407,-269
104000145,655,315,340
104000146,587,1079,-492
104000147,204,601,-397
104000148,318,223,95
104000149,217,508,-291
104000150,1160,665,495
104000151,460,793,-333
104000152,730,883,-153
104000153,603,650,-47
104000154,1507,1071,436
104000155,453,699,-246
104000157,1326,2532,-1206
104000158,577,596,-19
104000159,1198,677,521
104000160,2159,2652,-493
104000161,361,257,104
104000162,53,157,-104
104000165,2187,1677,510
104000167,686,1056,-370
104000168,815,6,809
104000169,111,99,12
104000170,747,614,133
104000248,580,1530,-950
104000251,102,391,-289
104000272,0,0,0
104000273,0,0,0
104000274,0,0,0
104000275,0,0,0
104000279,885,648,237
104000290,93,489,-396
104000291,1109,2319,-1210
104000293,1557,948,609
104000294,23,0,23
104000295,753,1262,-509
104000296,397,1305,-908
104000297,1121,2433,-1312
104000298,2992,1468,1524
104000299,1325,2793,-1468
104000302,107,181,-74
104000303,155,169,-14
104900001,148,664,-516
104900002,72,239,-167
104900003,50,470,-420
104900004,123,556,-433
104900005,313,264,49
104900006,290,119,171
104900007,250,369,-119
104900009,133,640,-507
104900010,74,53,21
104900011,31,11,20
104900012,257,33,224
104900013,156,21,135
104900014,4927,391,4536
104900015,185,19,166
104900016,185,437,-252
104900017,229,259,-30
104900018,10,285,-275
104900019,612,2929,-2317
104900020,70,443,-373
104900021,3,377,-374
104900022,53,173,-120
104900023,7,216,-209
104900024,19,183,-164
104900025,132,785,-653
104900026,2,187,-185
104900027,502,410,92
104900028,14,128,-114
104900029,27,167,-140
104900030,549,287,262
104900031,148,266,-118
104900032,50,259,-209
104900033,156,278,-122
104900034,359,148,211
104900035,331,171,160
104900036,184,101,83
104900037,125,535,-410
104900038,854,914,-60
104900039,1066,254,812
104900040,335,153,182
104900041,298,283,15
104900042,138,584,-446
104900043,24,114,-90
104900044,434,306,128
104900045,499,81,418
104900046,179,203,-24
104900047,290,202,88
104900048,278,135,143
104900049,25,49,-24
104900050,242,154,88
104900051,285,75,210
104900052,27,0,27
104900053,445,100,345
104900054,183,128,55
104900055,106,1,105
104900056,159,18,141
104900057,45,2,43
104900058,1485,200,1285
104900059,206,56,150
104900060,0,470,-470
104900061,380,858,-478
104900063,1,292,-291
104900064,0,212,-212
104900065,1,212,-211
104900066,3,320,-317
104900067,3,397,-394
104900068,13,352,-339
104900070,168,332,-164
104900071,9,1237,-1228
104900072,58,294,-236
104900073,74,521,-447
104900074,63,318,-255
104900075,67,172,-105
104900076,71,456,-385
104900077,2531,191,2340
104900078,217,830,-613
104900079,175,589,-414
104900080,81,714,-633
104900082,7,489,-482
104900085,9,330,-321
104900087,487,3,484
104900089,124,0,124
104900090,815,656,159
104900091,587,1094,-507
104900093,300,883,-583
104900097,4243,1810,2433
104900098,114,78,36
104900099,1317,1215,102
104900100,1444,378,1066
104900102,29,439,-410
104900103,543,184,359
104900104,4872,1821,3051
104900106,90,180,-90
104900107,123,522,-399
104900108,33,684,-651
104900109,122,761,-639
104900110,5,55,-50
104900111,186,166,20
104900112,297,1478,-1181
104900113,696,604,92
104900114,339,860,-521
104900115,729,850,-121
104900116,263,371,-108
104900118,38,140,-102
104900119,3,49,-46
104900120,152,152,0
104900121,1,152,-151
104900122,2,138,-136
104900123,49,8,41
104900124,40,0,40
104900125,549,9,540
104900126,112,96,16
104900127,42,88,-46
104900128,106,137,-31
104900129,3971,2728,1243
105000001,3563,2345,1218
105000002,4023,2422,1601
105000003,5813,5233,580
105000004,804,2096,-1292
105000005,951,1841,-890
105000006,2213,2691,-478
105000007,2154,2282,-128
105000008,2843,3922,-1079
105000009,2452,4037,-1585
105000010,5348,4402,946
105000011,2633,3401,-768
105000012,5469,4569,900
105000013,1144,1763,-619
105000014,2024,3077,-1053
105000015,9747,11265,-1518
105000016,5680,3037,2643
105000017,3585,1335,2250
105000018,2585,2125,460
105000019,2895,1485,1410
105000020,518,655,-137
105000021,672,213,459
105000022,390,70,320
105000023,590,289,301
105000028,96,253,-157
105000029,555,1571,-1016
105000030,6184,5568,616
105000031,6,48,-42
105000033,1713,3171,-1458
105000034,427,971,-544
105000037,930,865,65
105000038,1893,2038,-145
105000039,3597,2784,813
105000040,1062,1252,-190
105000041,770,1837,-1067
105000042,2730,1762,968
105000043,2230,2630,-400
105000044,461,466,-5
105000045,356,1266,-910
105000046,912,520,392
105000047,554,1904,-1350
105000048,868,353,515
105000049,369,1190,-821
105000050,786,644,142
105000051,393,1031,-638
105000052,834,1527,-693
105000053,194,266,-72
105000054,516,1548,-1032
105000055,1261,550,711
105000056,1415,4313,-2898
105000057,1720,1518,202
105000058,2569,2254,315
105000059,822,898,-76
105000060,895,1219,-324
105000061,717,874,-157
105000062,1330,1761,-431
105000063,541,1178,-637
105000064,1879,1019,860
105000065,806,1422,-616
105000066,1896,3141,-1245
105000067,2022,869,1153
105000068,1388,1468,-80
105000069,6344,1872,4472
105000070,1721,1217,504
105000071,1062,1150,-88
105000072,2103,3235,-1132
105000073,1624,1004,620
105000074,1715,1299,416
105000075,1231,1060,171
105000076,2570,1477,1093
105000077,3139,1300,1839
105000078,2758,1776,982
105000079,3373,2577,796
105000080,2937,1459,1478
105000081,3688,1164,2524
105000082,1959,956,1003
105000083,3439,1475,1964
105000084,1520,1606,-86
105000085,2233,1579,654
105000086,941,1771,-830
105000087,4658,2759,1899
105000088,2347,2602,-255
105000089,3595,3020,575
105000090,1482,1204,278
105000091,2198,2424,-226
105000092,1181,1683,-502
105000093,696,320,376
105000094,366,389,-23
105000095,148,716,-568
105000096,1734,1157,577
105000097,1842,1214,628
105000098,2232,729,1503
105000099,2694,1265,1429
105000100,1226,2037,-811
105000101,2964,3306,-342
105000102,2583,2388,195
105000103,2359,3687,-1328
105000104,2674,1785,889
105000105,1465,3675,-2210
105000106,1935,2610,-675
105000107,1489,1666,-177
105000108,1427,3111,-1684
105000109,1670,2871,-1201
105000110,738,1631,-893
105000111,848,1154,-306
105000112,1561,1481,80
105000113,597,1023,-426
105000114,7227,1805,5422
105000115,572,1369,-797
105000116,1080,802,278
105000117,1437,2260,-823
105000118,519,609,-90
105000119,775,2261,-1486
105000120,1111,925,186
105000121,1370,2387,-1017
105000122,504,756,-252
105000123,1693,2438,-745
105000124,2470,1440,1030
105000125,1331,3415,-2084
105000126,2758,3568,-810
105000127,2917,3371,-454
105000128,1175,2137,-962
105000129,1555,577,978
105000130,300,2934,-2634
105000131,1132,850,282
105000132,1131,841,290
105000133,672,1945,-1273
105000134,1149,926,223
105000135,744,1267,-523
105000136,213,643,-430
105000137,477,327,150
105000138,331,628,-297
105000139,1529,1553,-24
105000140,334,721,-387
105000141,332,1223,-891
105000142,230,761,-531
105000143,339,1354,-1015
105000144,515,1309,-794
105000145,923,723,200
105000146,886,1501,-615
105000147,783,673,110
105000148,1651,1144,507
105000149,2933,2953,-20
105000150,2779,2576,203
105000151,660,564,96
105000152,221,1046,-825
105000153,934,824,110
105000154,1303,1705,-402
105000155,443,958,-515
105000156,1332,1541,-209
105000157,1284,3537,-2253
105000158,2903,1096,1807
105000159,389,2335,-1946
105000160,2604,955,1649
105000161,1388,2806,-1418
105000162,1065,2379,-1314
105000163,3357,2043,1314
105000164,284,486,-202
105000165,3724,7535,-3811
105000166,12325,728,11597
105000167,5959,2253,3706
105000168,427,1550,-1123
105000169,660,563,97
105000170,229,2582,-2353
105000171,1500,607,893
105000172,257,100,157
105000173,141,55,86
105000174,82,54,28
105000175,70,176,-106
105000176,280,179,101
105000177,345,188,157
105000178,158,1336,-1178
105000179,437,193,244
105000180,127,170,-43
105000181,85,772,-687
105000182,60,79,-19
105000183,4555,3105,1450
105000184,1470,1437,33
105000185,1268,1013,255
105000186,701,1258,-557
105000187,932,338,594
105000188,850,166,684
105000189,587,778,-191
105000190,657,503,154
105000191,650,596,54
105000192,505,124,381
105000193,363,186,177
105000194,601,131,470
105000195,378,1603,-1225
105000196,112,263,-151
105000197,336,1017,-681
105000198,745,457,288
105000199,782,928,-146
105000200,211,297,-86
105000201,271,51,220
105000203,30,497,-467
105000204,93,133,-40
105000205,132,392,-260
105000207,636,298,338
105000208,330,633,-303
105000209,333,417,-84
105000211,185,21,164
105000212,1557,2521,-964
105000213,273,311,-38
105000214,186,423,-237
105000215,301,504,-203
105000216,138,448,-310
105000217,202,451,-249
105000218,1064,1642,-578
105000221,308,463,-155
105000222,566,82,484
105000223,356,282,74
105000226,85,653,-568
105000227,47,361,-314
105000228,590,1569,-979
105000229,228,465,-237
105000231,357,519,-162
105000233,957,865,92
105000234,846,1988,-1142
105000235,608,859,-251
105000237,958,125,833
105000243,39,102,-63
105000248,188,65,123
105000262,386,2766,-2380
105000269,173,278,-105
105000270,453,119,334
105000271,1,373,-372
105000282,426,86,340
105000287,398,266,132
105000288,526,889,-363
105000289,4415,1708,2707
105000290,14,2,12
105000402,6756,3284,3472
105000426,732,712,20
105000438,3551,1158,2393
105000440,24,37,-13
105000446,20552,8001,12551
105000447,10232,4735,5497
105000454,383,1434,-1051
105000455,338,376,-38
105000474,22,1,21
105000477,427,638,-211
105000478,2325,3706,-1381
105000479,377,217,160
105000480,6283,4009,2274
105000481,4329,3554,775
105000482,8049,5912,2137
105000483,1854,2222,-368
105000484,4324,4092,232
105000485,2135,2621,-486
105000486,6743,4447,2296
105000488,9185,6460,2725
105000489,1415,1248,167
105000549,120,219,-99
105000550,984,1964,-980
105000551,72,157,-85
105000552,5715,3013,2702
105000555,2093,1061,1032
105000556,82,87,-5
105000557,50,413,-363
105900001,7,1652,-1645
105900002,2606,761,1845
105900003,14,140,-126
105900004,370,144,226
105900005,13,393,-380
105900006,8,103,-95
105900007,199,37,162
105900008,90,1287,-1197
105900009,17,27,-10
105900011,310,89,221
105900012,542,208,334
105900013,1,26,-25
105900014,12,93,-81
105900015,185,627,-442
105900016,397,934,-537
105900017,1115,57,1058
105900018,256,540,-284
105900019,58,472,-414
105900020,76,79,-3
105900021,22,291,-269
105900022,273,506,-233
105900023,4,119,-115
105900024,7,147,-140
105900025,206,68,138
105900026,491,79,412
105900027,6788,5255,1533
105900028,387,198,189
105900029,3025,562,2463
105900030,437,380,57
105900031,719,231,488
105900032,103,209,-106
105900033,254,208,46
105900034,230,374,-144
105900035,225,319,-94
105900036,70,294,-224
105900037,80,83,-3
105900038,219,604,-385
105900039,138,302,-164
105900040,76,96,-20
105900041,288,815,-527
105900042,94,198,-104
105900043,3762,84,3678
105900044,8,352,-344
105900045,5,1020,-1015
105900046,6,322,-316
105900047,25,52,-27
105900048,129,764,-635
105900050,2976,989,1987
105900051,8,1873,-1865
105900052,602,117,485
105900053,6644,3430,3214
105900054,359,527,-168
105900056,1378,414,964
105900057,28,192,-164
105900058,13,81,-68
105900059,0,33,-33
106000001,4893,2872,2021
106000002,3466,7114,-3648
106000003,4058,4912,-854
106000004,3352,4748,-1396
106000005,3434,7637,-4203
106000006,8319,7958,361
106000007,582,781,-199
106000008,578,478,100
106000009,603,481,122
106000010,629,832,-203
106000011,1156,1485,-329
106000012,1151,2317,-1166
106000013,2083,2519,-436
106000014,2668,2793,-125
106000015,1701,1640,61
106000016,1647,3645,-1998
106000017,860,1017,-157
106000018,841,644,197
106000019,487,722,-235
106000020,364,608,-244
106000021,306,716,-410
106000022,458,401,57
106000023,665,561,104
106000024,858,1118,-260
106000025,136,264,-128
106000026,163,503,-340
106000027,1179,1894,-715
106000028,865,930,-65
106000029,1088,1817,-729
106000030,988,439,549
106000034,261,947,-686
106000035,1430,2201,-771
106000036,528,550,-22
106000037,2666,2318,348
106000038,593,154,439
106000039,275,148,127
106000040,272,1158,-886
106000041,1297,505,792
106000043,966,221,745
106000046,545,89,456
106000047,100,541,-441
106000049,1166,345,821
106000050,558,1407,-849
106000051,1014,617,397
106000052,150,1035,-885
106000053,224,199,25
106000054,447,693,-246
106000055,1064,1607,-543
106000056,386,612,-226
106000057,296,363,-67
106000058,199,354,-155
106000059,277,395,-118
106000060,853,983,-130
106000061,251,765,-514
106000062,216,881,-665
106000063,641,942,-301
106000064,37,564,-527
106000065,416,352,64
106000066,197,606,-409
106000067,562,163,399
106000068,61,1026,-965
106000069,265,163,102
106000070,448,1251,-803
106000071,1058,413,645
106000072,7504,2547,4957
106000073,2643,4139,-1496
106000074,806,1153,-347
106000075,462,1826,-1364
106000076,1960,2549,-589
106000077,4897,1870,3027
106000078,1114,1457,-343
106000079,756,1399,-643
106000080,1376,1154,222
106000081,694,1595,-901
106000082,2942,1374,1568
106000083,372,1919,-1547
106000084,1642,1048,594
106000085,2228,1916,312
106000086,797,1130,-333
106000087,1202,920,282
106000088,482,1129,-647
106000089,1349,638,711
106000090,339,882,-543
106000091,385,1226,-841
106000092,921,333,588
106000093,361,170,191
106000094,168,612,-444
106000095,633,1651,-1018
106000096,1129,1103,26
106000097,1106,1811,-705
106000098,823,1554,-731
106000099,249,1218,-969
106000100,1102,335,767
106000101,1003,409,594
106000102,195,840,-645
106000103,336,983,-647
106000104,1000,730,270
106000105,564,1290,-726
106000106,524,673,-149
106000107,186,759,-573
106000108,341,555,-214
106000109,141,744,-603
106000110,225,416,-191
106000111,218,945,-727
106000112,237,648,-411
106000113,1994,1044,950
106000114,781,677,104
106000115,369,969,-600
106000116,225,435,-210
106000117,1191,1164,27
106000118,1415,1783,-368
106000119,3002,1803,1199
106000120,999,1338,-339
106000121,297,300,-3
106000122,175,510,-335
106000123,477,404,73
106000124,86,546,-460
106000125,73,460,-387
106000126,249,304,-55
106000127,938,1396,-458
106000128,969,534,435
106000129,810,989,-179
106000130,871,688,183
106000131,260,1243,-983
106000132,1648,255,1393
106000133,5903,1961,3942
106000134,1149,1957,-808
106000135,310,1533,-1223
106000136,856,979,-123
106000137,99,2272,-2173
106000138,1302,137,1165
106000139,56,187,-131
106000140,80,150,-70
106000141,176,128,48
106000142,93,115,-22
106000143,30,143,-113
106000144,29,127,-98
106000145,255,438,-183
106000146,346,345,1
106000147,636,835,-199
106000148,905,1316,-411
106000149,512,712,-200
106000150,798,2991,-2193
106000151,7436,1011,6425
106000152,1800,3023,-1223
106000153,167,2318,-2151
106000154,2318,422,1896
106000155,100,404,-304
106000156,721,472,249
106000157,764,2760,-1996
106000158,5106,1165,3941
106000159,7144,2273,4871
106000160,392,4183,-3791
106000161,2008,784,1224
106000162,279,1366,-1087
106000163,498,938,-440
106000164,414,490,-76
106000165,249,1081,-832
106000166,1780,391,1389
106000167,604,2068,-1464
106000168,393,358,35
106000169,195,1176,-981
106000170,898,323,575
106000171,196,1725,-1529
106000172,4766,1615,3151
106000173,1871,4383,-2512
106000174,1344,486,858
106000175,481,1569,-1088
106000176,1945,1136,809
106000177,1047,3564,-2517
106000178,3971,2571,1400
106000179,1513,3328,-1815
106000180,1070,2179,-1109
106000181,648,2591,-1943
106000182,1137,1210,-73
106000183,1026,1586,-560
106000184,1291,1469,-178
106000185,826,1147,-321
106000186,1346,166,1180
106000187,312,1342,-1030
106000188,0,2,-2
106000189,5,85,-80
106000190,14,1,13
106000191,785,248,537
106000192,5,45,-40
106000193,539,242,297
106000194,219,469,-250
106000195,529,109,420
106000196,217,475,-258
106000197,477,509,-32
106000198,132,418,-286
106000199,1144,872,272
106000200,686,265,421
106000201,752,2914,-2162
106000202,10188,1017,9171
106000203,185,319,-134
106000204,82,6,76
106000205,40,186,-146
106000206,150,24,126
106000207,88,1322,-1234
106000208,1255,183,1072
106000209,1482,468,1014
106000210,320,2114,-1794
106000211,578,2044,-1466
106000212,1071,438,633
106000213,978,1994,-1016
106000214,3295,767,2528
106000215,531,848,-317
106000216,482,551,-69
106000217,437,817,-380
106000218,645,562,83
106000219,175,434,-259
106000220,461,413,48
106000221,151,407,-256
106000222,69,228,-159
106000223,173,266,-93
106000224,254,428,-174
106000225,170,128,42
106000226,241,452,-211
106000228,68,175,-107
106000229,146,1146,-1000
106000231,1117,340,777
106000232,105,588,-483
106000233,677,225,452
106000234,151,276,-125
106000235,863,231,632
106000236,300,87,213
106000237,51,19,32
106000238,55,16,39
106000239,4,181,-177
106000240,59,2,57
106000241,11,1200,-1189
106000242,366,28,338
106000249,102,137,-35
106000250,106,665,-559
106000251,87,69,18
106000252,45,150,-105
106000253,48,132,-84
106000254,55,87,-32
106000255,21,200,-179
106000256,111,115,-4
106000257,269,356,-87
106000258,320,37,283
106000259,6,32,-26
106000260,21,7,14
106000261,12,42,-30
106000262,87,18,69
106000263,13,77,-64
106000264,199,16,183
106000265,6,207,-201
106000266,212,29,183
106000267,5,132,-127
106000268,796,47,749
106000269,85,116,-31
106000270,297,702,-405
106000271,76,267,-191
106000272,200,77,123
106000273,53,310,-257
106000274,314,54,260
106000275,272,364,-92
106000276,167,67,100
106000277,222,242,-20
106000278,291,40,251
106000279,33,115,-82
106000280,79,290,-211
106000281,120,154,-34
106000282,87,96,-9
106000283,138,174,-36
106000284,84,141,-57
106000285,153,194,-41
106000286,76,180,-104
106000287,124,166,-42
106000288,140,253,-113
106000289,75,131,-56
106000290,107,163,-56
106000291,96,175,-79
106000292,116,197,-81
106000293,190,117,73
106000294,175,215,-40
106000295,58,68,-10
106000296,82,168,-86
106000297,89,354,-265
106000298,240,103,137
106000299,86,306,-220
106000300,97,173,-76
106000301,101,169,-68
106000303,24,161,-137
106000304,46,50,-4
106000305,44,97,-53
106000306,47,102,-55
106000307,35,29,6
106000308,20,271,-251
106000309,15,95,-80
106000310,353,930,-577
106000311,360,221,139
106000312,111,365,-254
106000313,204,334,-130
106000318,276,367,-91
106000319,1251,242,1009
106000320,9,59,-50
106000321,659,108,551
106000322,150,261,-111
106000324,13,254,-241
106000325,1866,1244,622
106000326,1252,2853,-1601
106000327,126,239,-113
106000328,13,151,-138
106000329,238,506,-268
106000330,34,103,-69
106000428,76,297,-221
106000429,227,820,-593
106000430,503,1937,-1434
106000431,2230,619,1611
106000432,2632,4590,-1958
106000433,2762,1702,1060
106000434,3815,1775,2040
106000435,2806,4440,-1634
106000436,20,473,-453
106000437,384,32,352
106000438,376,168,208
106000439,39,604,-565
106000440,319,669,-350
106000441,1,1,0
106000442,420,10,410
106000443,134,724,-590
106000450,3,296,-293
106000451,41,55,-14
106000454,8,288,-280
106000455,16,234,-218
106000456,297,46,251
106000457,19,1387,-1368
106000458,572,381,191
106000459,278,638,-360
106000460,1036,89,947
106000461,111,2158,-2047
106000462,1,24,-23
106000463,8,83,-75
106000464,7,762,-755
106000465,438,3,435
106000466,2,958,-956
106000467,836,939,-103
106000468,87,382,-295
106000469,561,5,556
106000470,368,2208,-1840
106000471,42,1033,-991
106000472,229,25,204
106000473,24,35,-11
106000474,544,1058,-514
106000475,414,285,129
106000476,295,246,49
106000477,64,243,-179
106000480,0,397,-397
106900001,0,26,-26
106900002,8,853,-845
106900003,369,1258,-889
106900004,0,121,-121
106900006,0,24,-24
106900007,0,25,-25
106900008,273,415,-142
106900009,307,655,-348
106900010,251,484,-233
106900012,3388,2246,1142
106900013,579,151,428
106900014,34,5,29
106900015,16,0,16
106900016,332,11,321
106900017,5,0,5
106900018,1,0,1
106900019,21,2,19
106900020,4060,1599,2461
106900021,146,134,12
106900022,545,4,541
106900023,57,356,-299
106900024,545,46,499
106900025,91,945,-854
106900026,7,1064,-1057
106900027,912,12,900
107000001,4561,3252,1309
107000002,5427,7188,-1761
107000003,5602,7288,-1686
107000004,7115,8852,-1737
107000005,3894,6254,-2360
107000006,5804,9808,-4004
107000007,5437,11959,-6522
107000008,19426,15147,4279
107000009,6773,8320,-1547
107000010,14540,16182,-1642
107000011,1494,2078,-584
107000012,6060,5910,150
107000013,68,229,-161
107000014,61,461,-400
107000015,703,1160,-457
107000016,861,1540,-679
107000017,3768,1334,2434
107000018,26,349,-323
107000020,2088,583,1505
107000021,1440,975,465
107000022,1214,1580,-366
107000023,2355,507,1848
107000024,624,2410,-1786
107000025,227,668,-441
107000026,262,844,-582
107000027,1628,1661,-33
107000028,1516,2637,-1121
107000029,3193,3044,149
107000030,4090,4877,-787
107000031,4593,2791,1802
107000032,529,1482,-953
107000033,5964,6658,-694
107000034,7517,3306,4211
107000035,640,307,333
107000036,647,2418,-1771
107000037,102,1066,-964
107000038,517,335,182
107000039,1357,1065,292
107000040,232,397,-165
107000041,2397,972,1425
107000042,902,2376,-1474
107000043,4487,1350,3137
107000044,963,403,560
107000045,235,427,-192
107000046,835,552,283
107000047,711,1095,-384
107000048,953,459,494
107000049,779,1140,-361
107000050,1159,795,364
107000051,1054,552,502
107000052,1853,1317,536
107000053,454,350,104
107000054,72,542,-470
107000055,472,288,184
107000056,724,1206,-482
107000057,3784,373,3411
107000058,2758,2993,-235
107000059,3426,5160,-1734
107000060,4736,7144,-2408
107000061,8253,5779,2474
107000062,4226,4254,-28
107000063,5664,8857,-3193
107000064,5013,3001,2012
107000065,5343,8022,-2679
107000066,2061,3197,-1136
107000067,1266,1432,-166
107000068,2290,824,1466
107000069,1310,810,500
107000070,874,15,859
107000071,2579,67,2512
107000072,64,5211,-5147
107000073,656,305,351
107000074,159,1416,-1257
107000075,1669,570,1099
107000076,1192,2259,-1067
107000077,3615,1412,2203
107000078,2736,4210,-1474
107000079,2821,1032,1789
107000080,1550,4075,-2525
107000081,1540,780,760
107000082,703,3329,-2626
107000083,1370,474,896
107000084,570,3051,-2481
107000085,3889,4649,-760
107000086,4815,5423,-608
107000087,4928,3263,1665
107000088,5118,6211,-1093
107000089,1954,2945,-991
107000090,1557,2174,-617
107000091,1555,1394,161
107000092,1085,1976,-891
107000093,1716,1238,478
107000094,2060,2194,-134
107000095,820,1128,-308
107000096,923,1454,-531
107000097,861,586,275
107000098,642,1423,-781
107000099,659,481,178
107000100,401,472,-71
107000101,109,338,-229
107000102,512,588,-76
107000103,524,273,251
107000104,351,735,-384
107000105,493,183,310
107000106,299,602,-303
107000107,696,285,411
107000108,327,1321,-994
107000109,704,302,402
107000110,123,975,-852
107000111,320,57,263
107000112,39,724,-685
107000113,562,192,370
107000114,142,1288,-1146
107000115,581,170,411
107000116,161,1634,-1473
107000117,137,613,-476
107000118,218,476,-258
107000119,3221,1814,1407
107000120,5435,592,4843
107000121,751,1129,-378
107000122,1368,1255,113
107000123,371,1479,-1108
107000124,691,1340,-649
107000125,880,1557,-677
107000126,1032,1252,-220
107000129,312,1710,-1398
107000130,629,330,299
107000131,557,1237,-680
107000132,639,392,247
107000133,834,108,726
107000134,329,0,329
107000135,21,357,-336
107000136,838,8,830
107000137,15,547,-532
107000138,415,37,378
107000139,23,601,-578
107000140,2043,131,1912
107000141,167,1259,-1092
107000142,642,113,529
107000143,86,1346,-1260
107000144,628,599,29
107000145,213,946,-733
107000146,199,415,-216
107000147,6426,1799,4627
107000150,1214,3052,-1838
107000151,45,117,-72
107000152,1177,1217,-40
107000153,757,665,92
107000154,287,195,92
107000155,906,18,888
107000156,1116,23,1093
107000157,36,2835,-2799
107000158,702,36,666
107000159,54,2256,-2202
107000160,842,144,698
107000161,99,2589,-2490
107000162,278,479,-201
107000163,165,2,163
107000164,619,0,619
107000165,773,3,770
107000166,68,2067,-1999
107000167,675,427,248
107000168,1077,539,538
107000169,1557,1220,337
107000170,2048,945,1103
107000171,622,3285,-2663
107000172,1142,1590,-448
107000173,883,1861,-978
107000174,1058,5275,-4217
107000175,12656,2616,10040
107000176,1,0,1
107000177,2,0,2
107000178,18,76,-58
107000179,350,3943,-3593
107000180,1137,431,706
107000181,435,2009,-1574
107000182,1872,1223,649
107000183,120,1347,-1227
107000184,1103,1049,54
107000185,421,1653,-1232
107000186,1101,432,669
107000187,1331,2062,-731
107000188,728,808,-80
107000189,349,1640,-1291
107000190,763,1244,-481
107000191,1097,2140,-1043
107000192,1969,1584,385
107000193,514,576,-62
107000194,1833,1279,554
107000197,922,299,623
107000198,306,1116,-810
107000199,836,1251,-415
107000200,1930,976,954
107000201,537,310,227
107000202,429,672,-243
107000203,1297,708,589
107000204,2148,746,1402
107000205,2569,1411,1158
107000206,1162,1624,-462
107000207,1384,1673,-289
107000208,1756,608,1148
107000209,2923,1478,1445
107000210,1058,806,252
107000211,18,54,-36
107000212,20,623,-603
107000213,13,35,-22
107000214,21,334,-313
107000215,427,719,-292
107000216,409,627,-218
107000217,131,188,-57
107000219,120,141,-21
107000220,202,363,-161
107000222,414,1186,-772
107000224,353,88,265
107000225,285,795,-510
107000226,272,108,164
107000227,137,579,-442
107000228,110,261,-151
107000229,869,285,584
107000230,1962,876,1086
107000231,2266,1439,827
107000232,150,198,-48
107000233,1619,994,625
107000234,3,57,-54
107000235,63,9,54
107000236,25,568,-543
107000237,24,0,24
107000238,19,2,17
107000239,7474,926,6548
107000240,160,1728,-1568
107000243,0,99,-99
107000244,2,83,-81
107000246,2,1699,-1697
107000249,7,1739,-1732
107000251,1,393,-392
107000252,7,1692,-1685
107000255,1317,141,1176
107000257,3,780,-777
107000258,1,219,-218
107000259,8,297,-289
107000260,594,6,588
107000262,8,1012,-1004
107000263,267,3,264
107000266,19,8,11
107000267,85,245,-160
107000268,188,226,-38
107000269,584,52,532
107000270,2,9,-7
107000271,15,1066,-1051
107000272,11,249,-238
107000273,0,279,-279
107000274,1835,256,1579
107000275,137,898,-761
107000280,639,41,598
107000281,107,1741,-1634
107000282,20,1551,-1531
107000290,1,39,-38
107000291,35,35,0
107000292,2,52,-50
107000293,159,3,156
107000294,1,40,-39
107000295,54,2,52
107000296,0,37,-37
107000444,342,6,336
107000496,1,39,-38
107000497,1529,3990,-2461
107000500,462,545,-83
107000501,116,265,-149
107000502,710,569,141
107000505,1140,1285,-145
107000506,0,11,-11
107000508,6,908,-902
107000509,320,1067,-747
107000510,19,28,-9
107000514,100,483,-383
107000515,22,415,-393
107000516,267,312,-45
107000518,1354,1242,112
107000519,6033,1506,4527
107000520,151,25,126
107000521,763,748,15
107000522,904,1358,-454
107900001,42,237,-195
107900002,44,6,38
107900003,317,13,304
107900004,13,0,13
107900005,992,5,987
107900006,211,2,209
107900007,338,39,299
107900008,105,43,62
107900009,148,7,141
107900010,25,3,22
107900012,268,25,243
107900013,293,80,213
107900014,15,5,10
107900015,781,5,776
107900016,566,108,458
107900017,17,1,16
107900018,76,163,-87
107900019,13,73,-60
107900020,74,12,62
107900021,85,212,-127
107900023,6,9,-3
107900024,0,50,-50
107900025,241,443,-202
107900026,61,184,-123
107900027,90,50,40
107900028,68,137,-69
107900030,328,21,307
107900031,55,329,-274
107900032,12,4,8
107900033,15,15,0
107900034,509,14,495
107900035,1003,44,959
107900036,55,6,49
107900037,0,49,-49
107900038,183,203,-20
107900039,30,109,-79
107900040,46,44,2
107900041,0,1,-1
107900043,43,405,-362
107900044,2,2,0
107900045,94,20,74
107900046,173,165,8
107900047,32,85,-53
107900048,158,2,156
107900049,467,933,-466
107900050,133,609,-476
107900051,110,129,-19
107900052,53,17,36
107900053,37,175,-138
107900055,577,288,289
107900056,97,42,55
107900057,4,0,4
107900058,69,1189,-1120
107900060,29,80,-51
107900061,24,10,14
107900063,86,178,-92
107900064,447,89,358
107900065,153,19,134
107900066,13,15,-2
107900067,2,1,1
107900068,348,288,60
107900069,63,2379,-2316
107900070,108,70,38
107900071,50,1401,-1351
107900072,91,318,-227
107900073,88,282,-194
107900074,1073,192,881
107900076,167,71,96
107900077,29,0,29
107900079,11,30,-19
107900080,304,323,-19
107900081,30,156,-126
107900082,35,16,19
107900083,508,176,332
107900084,162,121,41
107900086,63,176,-113
107900087,651,124,527
107900088,26,34,-8
107900089,461,1266,-805
107900090,751,2762,-2011
107900091,286,596,-310
107900093,108,96,12
107900095,4406,2214,2192
107900097,28,60,-32
107900098,53,165,-112
107900100,1407,1287,120
107900101,1603,202,1401
107900102,26,6,20
107900103,82,216,-134
107900104,203,3,200
107900105,1,902,-901
107900106,5,1951,-1946
107900107,1414,458,956
107900108,548,168,380
107900109,1292,26,1266
107900110,31,167,-136
107900111,12,1558,-1546
107900112,146,404,-258
107900113,215,233,-18
107900114,158,320,-162
107900115,1,41,-40
107900116,155,394,-239
107900117,409,650,-241
107900118,105,212,-107
107900119,141,200,-59
107900120,22,35,-13
107900121,4,191,-187
107900122,2,58,-56
107900123,5,44,-39
107900124,64,44,20
107900125,43,283,-240
107900126,8,48,-40
107900127,460,301,159
107900128,148,95,53
107900129,58,66,-8
107900130,72,39,33
107900131,669,242,427
107900132,176,693,-517
107900133,2,123,-121
107900134,25,47,-22
107900135,2,222,-220
107900136,31,28,3
107900137,108,127,-19
107900138,36,41,-5
107900139,42,86,-44
107900141,47,55,-8
107900142,93,1690,-1597
107900143,70,36,34
107900144,10,234,-224
107900145,9,118,-109
107900146,39,250,-211
107900147,45,37,8
107900148,203,234,-31
107900149,2566,299,2267
107900150,146,1491,-1345
107900151,19,135,-116
107900152,13,328,-315
107900153,289,386,-97
107900154,55,38,17
107900155,72,66,6
107900156,4,546,-542
107900157,64,130,-66
107900158,810,11,799
107900159,30,1751,-1721
107900160,136,241,-105
107900161,9,335,-326
107900162,2,63,-61
107900163,58,18,40
107900164,6,53,-47
107900165,27,100,-73
107900166,38,357,-319
107900167,14,6,8
107900168,20,53,-33
107900169,6,221,-215
107900171,20,3194,-3174
107900172,4,439,-435
107900173,26,306,-280
107900174,121,7,114
107900175,32,21,11
107900176,29,60,-31
107900177,0,63,-63
107900178,0,301,-301
107900179,15,182,-167
107900180,1458,551,907
107900181,366,701,-335
107900182,5,2251,-2246
107900183,43,545,-502
107900184,138,261,-123
107900185,103,6,97
107900186,29,69,-40
107900187,0,158,-158
107900188,1127,170,957
107900189,28,152,-124
107900190,164,108,56
107900191,51,203,-152
107900193,23,53,-30
107900194,231,8,223
107900195,6101,754,5347
107900196,64,110,-46
107900197,1250,348,902
107900199,8,1491,-1483
107900201,141,200,-59
107900203,74,106,-32
107900204,323,293,30
107900206,856,204,652
107900207,1,716,-715
107900208,8,1257,-1249
107900209,524,185,339
107900210,134,206,-72
107900213,461,456,5
107900214,7,247,-240
107900215,225,379,-154
107900216,162,147,15
107900217,27,95,-68
107900218,23,2019,-1996
107900219,47,175,-128
107900220,215,277,-62
107900221,301,340,-39
107900223,115,827,-712
107900224,180,411,-231
107900225,7,1301,-1294
107900226,121,213,-92
107900227,160,628,-468
107900228,14,110,-96
107900229,4,435,-431
107900230,17,192,-175
107900231,16,293,-277
107900232,65,327,-262
107900233,7,199,-192
107900234,100,221,-121
107900235,30,70,-40
107900236,89,98,-9
107900237,165,504,-339
107900238,30,229,-199
107900239,1813,604,1209
107900240,28,212,-184
107900241,11,113,-102
107900242,27,554,-527
107900243,1,82,-81
107900244,390,2,388
107900245,763,102,661
107900246,233,16,217
107900248,190,775,-585
107900249,636,19,617
107900250,4,892,-888
107900251,97,2108,-2011
107900252,1123,10,1113
107900253,254,5,249
107900254,86,240,-154
107900255,399,72,327
107900256,822,581,241
107900257,139,87,52
107900258,81,474,-393
107900259,136,1960,-1824
107900261,1,589,-588
107900262,44,234,-190
107900264,281,5,276
107900265,95,265,-170
107900267,195,25,170
107900268,84,21,63
107900269,1,7,-6
107900270,1,0,1
107900271,4,22,-18
107900272,158,16,142
107900273,30,128,-98
107900274,38,0,38
107900275,29,0,29
107900276,4,92,-88
107900277,0,349,-349
107900278,238,470,-232
107900279,197,131,66
107900280,2316,2619,-303
107900281,6032,2538,3494
107900282,160,390,-230
107900283,2068,566,1502
107900284,372,1058,-686
107900285,78,192,-114
107900286,159,152,7
107900287,168,227,-59
107900290,0,93,-93
107900291,572,19,553
107900292,116,396,-280
107900293,99,896,-797
107900295,56,155,-99
107900297,2,322,-320
107900298,973,1221,-248
107900299,5756,2689,3067
107900301,638,668,-30
107900302,93,52,41
107900303,131,445,-314
107900304,161,735,-574
107900305,293,26,267
107900306,27,15,12
107900307,55,373,-318
107900308,216,91,125
107900309,197,2,195
107900310,257,1,256
107900311,2,108,-106
107900312,80,1,79
107900313,0,122,-122
107900314,0,51,-51
107900315,1,55,-54
107900316,60,1,59
107900317,159,12,147
107900318,6,183,-177
107900319,5,366,-361
107900320,4,281,-277
107900321,154,1,153
107900322,4,219,-215
107900323,9,254,-245
107900324,226,1,225
107900325,147,1,146
107900326,253,495,-242
107900327,8,51,-43
107900328,133,1,132
107900329,259,61,198
107900330,10,815,-805
107900331,206,53,153
107900332,177,41,136
107900333,45,22,23
107900334,15,353,-338
107900335,50,100,-50
107900336,29,49,-20
107900337,2001,920,1081
107900338,2,194,-192
107900339,6,45,-39
107900340,0,85,-85
107900341,43,0,43
107900342,85,185,-100
107900343,79,1,78
107900344,6,233,-227
107900345,211,65,146
107900346,31,1,30
107900347,61,8,53
107900348,5,5,0
107900349,34,8,26
107900350,46,362,-316
107900351,12,437,-425
107900352,2,109,-107
107900353,19,6,13
107900354,19,104,-85
108000001,3350,5334,-1984
108000002,3350,4609,-1259
108000003,4164,3328,836
108000004,22913,22899,14
108000005,8097,5905,2192
108000006,10314,10452,-138
108000007,5822,4993,829
108000008,7995,8920,-925
108000009,4603,5214,-611
108000010,5053,6968,-1915
108000011,12267,14127,-1860
108000012,23676,24258,-582
108000014,1267,887,380
108000015,726,429,297
108000016,344,976,-632
108000017,943,442,501
108000018,1832,752,1080
108000019,2172,1159,1013
108000020,1557,634,923
108000021,538,2492,-1954
108000022,727,2135,-1408
108000023,1274,262,1012
108000024,261,958,-697
108000025,279,365,-86
108000026,729,838,-109
108000027,792,991,-199
108000028,588,366,222
108000029,584,1440,-856
108000030,686,272,414
108000031,333,747,-414
108000032,1463,811,652
108000033,865,1922,-1057
108000034,1838,529,1309
108000035,1084,3614,-2530
108000036,472,2164,-1692
108000037,1701,428,1273
108000038,2479,515,1964
108000039,572,3893,-3321
108000040,2115,975,1140
108000041,836,3973,-3137
108000042,262,363,-101
108000043,233,351,-118
108000044,367,238,129
108000045,380,773,-393
108000046,1308,338,970
108000047,531,1489,-958
108000048,206,469,-263
108000049,556,292,264
108000050,181,913,-732
108000051,317,131,186
108000052,368,982,-614
108000053,330,196,134
108000054,724,1523,-799
108000055,1414,481,933
108000056,1523,1604,-81
108000057,841,1144,-303
108000058,2672,4353,-1681
108000059,5434,3062,2372
108000060,280,808,-528
108000061,391,824,-433
108000062,680,648,32
108000063,432,788,-356
108000064,203,397,-194
108000065,826,845,-19
108000066,2557,1133,1424
108000067,2208,649,1559
108000068,744,458,286
108000069,354,1504,-1150
108000070,1830,820,1010
108000071,955,2192,-1237
108000072,1675,1257,418
108000073,1796,2383,-587
108000074,451,438,13
108000075,447,1148,-701
108000076,861,686,175
108000077,972,971,1
108000078,2052,2140,-88
108000079,1284,2446,-1162
108000080,1076,671,405
108000081,631,3429,-2798
108000082,1432,2691,-1259
108000083,2234,1102,1132
108000084,503,1880,-1377
108000085,698,557,141
108000086,1050,1099,-49
108000087,168,2257,-2089
108000088,1285,286,999
108000089,557,402,155
108000091,440,958,-518
108000092,189,131,58
108000093,265,1323,-1058
108000094,882,179,703
108000095,224,786,-562
108000096,286,291,-5
108000097,244,859,-615
108000098,1480,2052,-572
108000099,1191,457,734
108000100,111,684,-573
108000101,1194,1689,-495
108000102,2122,3821,-1699
108000106,942,2,940
108000107,1,966,-965
108000108,749,66,683
108000109,12,1210,-1198
108000110,132,465,-333
108000111,257,1196,-939
108000112,63,236,-173
108000113,788,387,401
108000115,509,648,-139
108000117,996,490,506
108000118,1046,2028,-982
108000119,940,709,231
108000120,190,1092,-902
108000121,269,979,-710
108000122,647,544,103
108000123,688,374,314
108000124,303,771,-468
108000125,303,465,-162
108000126,165,763,-598
108000127,587,515,72
108000128,652,887,-235
108000129,277,1712,-1435
108000130,358,396,-38
108000131,1331,653,678
108000132,2362,1917,445
108000133,941,788,153
108000134,713,767,-54
108000135,1425,560,865
108000136,1391,1397,-6
108000137,399,594,-195
108000138,307,1525,-1218
108000139,359,540,-181
108000140,79,36,43
108000141,63,176,-113
108000142,76,192,-116
108000143,38,936,-898
108000144,399,114,285
108000145,42,97,-55
108000146,547,95,452
108000147,25,100,-75
108000148,586,123,463
108000149,28,64,-36
108000150,37,10,27
108000151,405,125,280
108000152,171,1118,-947
108000153,434,240,194
108000154,75,35,40
108000155,33,36,-3
108000156,1087,826,261
108000157,159,939,-780
108000158,134,790,-656
108000159,1048,299,749
108000160,7520,1295,6225
108000161,5922,2594,3328
108000165,8,187,-179
108000172,5,318,-313
108000173,3857,2081,1776
108000175,509,124,385
108000178,536,467,69
108000179,296,861,-565
108000181,82,54,28
108000182,450,148,302
108000183,87,563,-476
108000184,1844,2543,-699
108000185,348,888,-540
108000186,337,769,-432
108000187,112,1198,-1086
108000188,467,287,180
108000189,4527,7598,-3071
108000190,51,144,-93
108000192,177,851,-674
108000193,1234,30,1204
108000194,49,34,15
108000195,2,2059,-2057
108000196,196,223,-27
108000198,1001,516,485
108000199,1,267,-266
108000200,263,932,-669
108000203,168,1421,-1253
108000204,124,30,94
108000205,479,822,-343
108000339,2025,498,1527
108000364,445,1137,-692
108000365,85,452,-367
108000367,295,461,-166
108000368,11,80,-69
108000369,2473,272,2201
108000371,17,873,-856
108000372,571,8,563
108000373,208,266,-58
108000376,76,22,54
108000377,432,499,-67
108000378,11514,12970,-1456
108000379,31,337,-306
108000381,58,4,54
108000382,252,1,251
108000383,0,220,-220
108900001,135,1574,-1439
108900002,264,78,186
108900003,388,1476,-1088
108900004,2048,507,1541
108900007,231,230,1
108900008,85,172,-87
108900009,119,139,-20
108900010,175,192,-17
108900011,338,432,-94
108900012,286,568,-282
108900013,172,305,-133
108900014,4,105,-101
108900015,0,43,-43
108900016,1,322,-321
108900017,254,234,20
108900018,105,727,-622
108900019,30,1777,-1747
108900020,60,356,-296
108900021,84,391,-307
108900022,126,3,123
108900023,16,13,3
108900024,22,165,-143
108900025,92,145,-53
108900026,27,152,-125
108900027,0,106,-106
108900028,80,482,-402
108900029,75,312,-237
108900030,0,133,-133
108900031,62,568,-506
108900032,17,372,-355
108900033,0,94,-94
108900034,0,379,-379
108900035,352,1887,-1535
108900038,1,560,-559
108900039,4,806,-802
108900040,4,162,-158
108900041,7298,3731,3567
108900042,23,492,-469
108900043,90,596,-506
108900044,6,916,-910
108900045,56,797,-741
108900046,89,1450,-1361
108900047,1,151,-150
108900048,144,1360,-1216
108900049,8087,1272,6815
108900050,5,343,-338
108900051,2,389,-387
108900052,18,322,-304
108900053,151,221,-70
108900054,81,304,-223
108900055,79,604,-525
108900056,2,228,-226
108900057,0,246,-246
108900058,19,550,-531
108900059,404,62,342
108900060,93,181,-88
108900061,82,55,27
108900062,8,468,-460
108900063,7,404,-397
108900064,155,108,47
108900065,16,465,-449
108900066,278,146,132
108900067,17,310,-293
108900068,8,299,-291
108900069,39,156,-117
108900070,29,242,-213
108900071,112,65,47
108900072,3301,540,2761
108900073,44,818,-774
108900074,145,744,-599
108900075,70,63,7
108900076,247,100,147
108900077,165,816,-651
108900078,32,250,-218
108900079,1017,384,633
108900080,46,894,-848
108900081,69,384,-315
108900082,42,149,-107
108900083,20,253,-233
108900085,3713,238,3475
108900086,117,418,-301
108900087,125,304,-179
108900088,1178,358,820
108900089,27,154,-127
108900090,28,523,-495
108900091,157,158,-1
108900092,445,315,130
108900093,89,86,3
108900094,241,152,89
108900095,101,790,-689
108900096,502,33,469
108900097,509,250,259
108900098,4418,668,3750
108900099,291,361,-70
108900100,56,208,-152
108900101,225,122,103
108900102,156,1029,-873
108900103,100,126,-26
108900105,4,1140,-1136
108900106,338,702,-364
108900108,410,57,353
108900109,386,63,323
108900110,188,603,-415
108900111,409,876,-467
108900113,61,66,-5
108900114,48,33,15
108900115,88,113,-25
108900116,58,15,43
108900117,161,19,142
108900118,479,18,461
108900119,223,58,165
108900120,230,231,-1
108900121,381,84,297
108900122,102,52,50
108900123,122,83,39
108900124,406,214,192
108900125,303,1,302
108900126,120,23,97
108900127,158,42,116
108900128,111,25,86
108900129,770,146,624
108900130,225,1,224
108900131,443,6,437
108900132,384,93,291
108900133,203,87,116
108900134,249,290,-41
108900135,113,13,100
108900136,26,1,25
108900137,137,3,134
108900138,660,36,624
108900140,253,307,-54
108900141,265,10,255
108900142,98,3,95
108900143,41,1,40
108900144,80,1,79
108900145,126,12,114
108900146,80,0,80
108900147,205,0,205
108900148,59,33,26
108900150,237,1,236
108900151,187,4,183
108900152,113,20,93
108900153,106,683,-577
108900154,5014,584,4430
108900156,79,18,61
108900157,19,736,-717
108900158,272,71,201
108900159,7,379,-372
108900160,4,359,-355
108900161,9,702,-693
108900162,86,1,85
108900163,12,253,-241
108900164,63,99,-36
108900168,13167,2771,10396
108900169,59,176,-117
108900171,11081,2992,8089
108900172,212,62,150
108900173,231,510,-279
108900174,786,744,42
108900176,190,1003,-813
108900177,11427,4495,6932
108900178,7477,3360,4117
108900180,196,270,-74
108900183,275,275,0
108900184,492,161,331
108900185,110,400,-290
108900186,23,435,-412
108900189,492,128,364
108900190,64,4945,-4881
108900192,145,310,-165
108900195,95,445,-350
108900196,22,759,-737
108900199,252,423,-171
108900200,799,459,340
108900201,490,1895,-1405
108900203,551,94,457
108900204,390,25,365
108900205,264,46,218
108900206,412,39,373
108900207,218,61,157
108900208,30,545,-515
108900209,333,838,-505
108900210,177,290,-113
108900211,252,438,-186
108900212,1068,1266,-198
108900215,106,870,-764
108900216,731,226,505
108900217,124,0,124
108900218,83,13,70
108900221,82,173,-91
108900224,14,171,-157
108900225,1,277,-276
108900227,172,256,-84
108900230,602,434,168
108900232,3,506,-503
108900233,414,84,330
108900234,219,119,100
108900235,386,807,-421
108900236,28,449,-421
108900240,111,108,3
108900241,46,36,10
108900245,9,1357,-1348
108900250,298,152,146
108900258,18,367,-349
108900259,33,117,-84
108900260,21,162,-141
108900261,225,260,-35
108900262,278,205,73
108900263,56,317,-261
108900264,612,404,208
108900265,2004,405,1599
108900266,2150,526,1624
108900267,11,76,-65
108900268,36,10,26
108900269,57,16,41
108900270,67,11,56
108900271,52,13,39
108900272,188,6,182
108900273,1307,841,466
108900274,51,100,-49
109000001,6049,1777,4272
109000002,3367,2309,1058
109000003,3033,887,2146
109000004,645,3881,-3236
109000005,3733,1218,2515
109000006,1171,3225,-2054
109000007,1562,1083,479
109000008,634,2656,-2022
109000009,4635,1939,2696
109000010,1912,5999,-4087
109000011,3983,2628,1355
109000012,2790,5957,-3167
109000013,3814,3617,197
109000014,2199,5561,-3362
109000015,4036,8222,-4186
109000016,15031,6557,8474
109000017,2653,1986,667
109000018,1384,5639,-4255
109000019,4389,1999,2390
109000020,1982,3036,-1054
109000023,297,28,269
109000024,8,274,-266
109000025,514,775,-261
109000026,1477,548,929
109000027,116,461,-345
109000028,167,106,61
109000029,160,330,-170
109000030,72,836,-764
109000031,334,174,160
109000032,191,665,-474
109000033,626,184,442
109000034,68,49,19
109000035,16,129,-113
109000036,94,436,-342
109000037,235,1291,-1056
109000038,600,486,114
109000039,1147,671,476
109000040,8249,8119,130
109000041,6548,1584,4964
109000042,1656,1524,132
109000044,637,106,531
109000045,208,677,-469
109000046,344,106,238
109000047,108,640,-532
109000048,1276,160,1116
109000049,689,658,31
109000050,407,272,135
109000051,480,391,89
109000052,515,2451,-1936
109000053,186,150,36
109000054,222,1153,-931
109000055,335,323,12
109000056,319,823,-504
109000057,887,401,486
109000058,1075,322,753
109000059,1039,1399,-360
109000060,691,365,326
109000061,2197,1097,1100
109000062,145,323,-178
109000063,264,353,-89
109000064,190,232,-42
109000065,115,468,-353
109000066,364,191,173
109000067,59,453,-394
109000068,1943,10,1933
109000069,1052,40,1012
109000070,12,1414,-1402
109000071,440,112,328
109000072,106,467,-361
109000073,66,167,-101
109000074,44,315,-271
109000075,116,576,-460
109000076,165,274,-109
109000077,578,357,221
109000078,87,265,-178
109000079,191,299,-108
109000080,160,221,-61
109000081,117,840,-723
109000082,686,392,294
109000083,330,1227,-897
109000088,187,654,-467
109000089,287,75,212
109000090,204,582,-378
109000091,266,160,106
109000092,514,768,-254
109000093,212,198,14
109000094,441,4,437
109000095,183,702,-519
109000096,649,338,311
109000097,98,243,-145
109000098,87,172,-85
109000099,870,524,346
109000100,244,871,-627
109000101,1446,1304,142
109000102,379,1181,-802
109000103,433,938,-505
109000104,1432,952,480
109000105,631,1859,-1228
109000106,2034,1029,1005
109000107,653,2895,-2242
109000108,2010,821,1189
109000109,467,2820,-2353
109000110,1899,691,1208
109000111,1519,3027,-1508
109000112,533,254,279
109000113,505,247,258
109000114,158,555,-397
109000115,1886,189,1697
109000116,20,286,-266
109000117,216,152,64
109000118,28,406,-378
109000119,978,742,236
109000120,224,1562,-1338
109000121,306,149,157
109000122,137,1242,-1105
109000123,44,138,-94
109000124,702,552,150
109000125,1095,632,463
109000126,663,1162,-499
109000127,781,305,476
109000128,660,3018,-2358
109000129,2029,775,1254
109000130,678,3983,-3305
109000131,1011,643,368
109000132,802,2984,-2182
109000133,548,1442,-894
109000134,1003,2095,-1092
109000135,1567,1862,-295
109000136,433,437,-4
109000137,358,541,-183
109000138,585,561,24
109000139,500,628,-128
109000140,262,666,-404
109000141,550,590,-40
109000142,140,844,-704
109000143,100,139,-39
109000145,122,440,-318
109000146,158,148,10
109000148,5825,2363,3462
109000149,85,82,3
109000150,328,269,59
109000155,718,862,-144
109000156,2118,1196,922
109000158,120,329,-209
109000159,168,896,-728
109000160,1342,339,1003
109000161,448,1960,-1512
109000162,2106,1165,941
109000163,1148,2702,-1554
109000164,1406,3784,-2378
109000165,1228,980,248
109000166,629,215,414
109000167,124,1327,-1203
109000170,66,120,-54
109000171,62,72,-10
109000172,68,116,-48
109000173,36,97,-61
109000174,53,73,-20
109000175,55,186,-131
109000176,351,370,-19
109000177,38,219,-181
109000178,739,783,-44
109000179,11198,5166,6032
109000180,7658,4292,3366
109000181,15,62,-47
109000182,88,95,-7
109000183,53,66,-13
109000184,47,51,-4
109000185,38,164,-126
109000188,1181,3657,-2476
109000189,4780,1465,3315
109000190,762,757,5
109000191,375,864,-489
109000192,402,370,32
109000193,196,657,-461
109000194,227,171,56
109000195,115,671,-556
109000196,336,174,162
109000197,153,718,-565
109000198,292,106,186
109000199,104,796,-692
109000206,324,69,255
109000207,112,46,66
109000208,126,108,18
109000209,178,261,-83
109000210,273,951,-678
109000211,559,730,-171
109000214,519,770,-251
109000215,246,103,143
109000216,430,193,237
109000217,249,159,90
109000218,461,202,259
109000221,532,1529,-997
109000222,1005,340,665
109000223,310,317,-7
109000224,50,320,-270
109000225,74,77,-3
109000226,47,479,-432
109000227,1037,1950,-913
109000228,1,570,-569
109000231,1,474,-473
109000232,331,544,-213
109000236,272,1013,-741
109000241,2411,2866,-455
109000242,1855,2368,-513
109000293,31,93,-62
109000361,172,377,-205
109000364,208,900,-692
109000396,3,960,-957
109000397,507,7,500
109000399,213,924,-711
109000400,106,467,-361
109000403,85,658,-573
109000406,820,15,805
109000407,345,329,16
109000408,4,1523,-1519
109000410,1226,339,887
109000411,165,80,85
109900001,103,0,103
109900002,743,14,729
109900003,220,0,220
109900004,744,283,461
109900005,20,9,11
109900006,314,395,-81
109900007,690,1162,-472
109900008,4,59,-55
109900009,134,962,-828
109900010,505,23,482
109900011,176,51,125
109900012,242,254,-12
109900013,436,156,280
109900014,417,53,364
109900015,555,234,321
109900016,126,37,89
109900017,193,200,-7
109900018,220,117,103
109900019,193,63,130
109900020,33,55,-22
109900021,35,35,0
109900022,87,476,-389
109900023,5,8,-3
109900024,22,1,21
109900025,8,88,-80
109900026,3,252,-249
109900027,40,53,-13
109900028,3260,882,2378
109900029,8,692,-684
109900030,52,7,45
109900031,2,70,-68
109900032,12,389,-377
109900033,8,971,-963
109900034,42,14,28
109900035,10,12,-2
109900036,10,159,-149
109900037,31,671,-640
109900038,49,427,-378
109900039,16,2,14
109900040,22,913,-891
109900041,70,623,-553
109900042,19,445,-426
109900044,139,404,-265
109900045,179,59,120
109900046,153,169,-16
109900047,513,520,-7
109900048,1,139,-138
109900049,12,47,-35
109900050,4,367,-363
109900051,1,76,-75
109900052,75,395,-320
109900053,5,658,-653
109900054,638,239,399
109900055,34,340,-306
109900056,22,328,-306
109900057,7,343,-336
109900058,0,137,-137
109900059,531,141,390
109900060,433,214,219
109900061,118,375,-257
109900062,0,385,-385
109900063,4,567,-563
109900064,493,391,102
109900065,184,142,42
109900066,344,1442,-1098
109900067,1,563,-562
109900068,44,6,38
109900069,3,88,-85
109900070,62,453,-391
109900071,1,50,-49
109900072,13,240,-227
109900073,309,1068,-759
109900074,14,72,-58
109900075,37,34,3
109900076,61,735,-674
109900077,52,69,-17
109900078,106,355,-249
109900080,214,543,-329
109900081,29,170,-141
109900082,41,630,-589
109900083,13,62,-49
109900084,98,229,-131
109900085,284,1637,-1353
109900086,172,480,-308
109900087,382,577,-195
109900089,783,146,637
109900090,680,1993,-1313
109900091,374,104,270
109900092,524,25,499
109900093,715,141,574
109900094,104,165,-61
109900095,135,365,-230
109900096,26,6,20
109900097,79,2,77
109900098,428,44,384
109900099,169,0,169
109900100,56,1,55
109900101,461,19,442
109900102,412,15,397
109900103,29,61,-32
109900104,396,1378,-982
109900105,519,32,487
109900106,332,77,255
109900107,358,91,267
109900108,78,567,-489
109900109,28,234,-206
109900110,100,722,-622
109900111,364,2051,-1687
109900112,441,1346,-905
109900113,829,520,309
109900114,780,440,340
109900115,95,110,-15
109900117,855,189,666
109900118,259,710,-451
109900119,818,412,406
109900120,69,18,51
109900121,579,400,179
109900122,379,3,376
109900123,17,285,-268
109900124,35,901,-866
109900125,6,257,-251
109900126,231,268,-37
109900128,229,91,138
109900130,17372,2158,15214
109900131,70,282,-212
109900132,50,309,-259
109900133,84,515,-431
109900134,67,107,-40
109900135,538,99,439
109900136,65,213,-148
109900137,122,614,-492
109900140,242,551,-309
109900142,1166,465,701
109900145,8,348,-340
109900146,687,46,641
109900148,42,107,-65
109900149,30,100,-70
109900150,11,71,-60
109900151,6,42,-36
109900152,2,16,-14
109900153,0,38,-38
109900154,47,0,47
109900155,49,26,23
109900157,66,333,-267
109900158,63,168,-105
109900159,176,28,148
109900160,164,81,83
109900161,236,69,167
109900162,162,111,51
109900163,1050,502,548
109900164,45,364,-319
109900165,320,11,309
109900166,2,178,-176
109900167,233,824,-591
109900168,305,899,-594
109900169,171,264,-93
109900170,487,1087,-600
109900171,173,106,67
109900172,182,247,-65
109900173,6472,2657,3815
109900174,34,197,-163
109900175,69,60,9
109900176,98,286,-188
109900177,30,433,-403
109900178,7,111,-104
109900179,12,28,-16
109900180,7,12,-5
110000001,1272,801,471
110000002,977,818,159
110000003,1267,888,379
110000004,780,821,-41
110000005,921,2090,-1169
110000006,1014,529,485
110000007,227,234,-7
110000008,30,74,-44
110000009,73,73,0
110000010,44,97,-53
110000011,59,183,-124
110000012,1282,774,508
110000013,53,713,-660
110000014,889,596,293
110000015,382,856,-474
110000016,358,1686,-1328
110000017,4705,342,4363
110000018,5001,689,4312
110000019,17,243,-226
110000020,836,327,509
110000021,1613,606,1007
110000022,1163,215,948
110000023,14,339,-325
110000024,873,596,277
110000025,220,5,215
110000026,6,897,-891
110000027,1038,533,505
110000028,1076,989,87
110000029,603,1564,-961
110000030,235,510,-275
110000031,301,971,-670
110000032,954,600,354
110000033,350,75,275
110000034,397,963,-566
110000035,760,1329,-569
110000036,771,890,-119
110000037,237,827,-590
110000038,247,827,-580
110000039,905,3417,-2512
110000040,448,544,-96
110000041,303,1630,-1327
110000042,132,299,-167
110000043,621,427,194
110000044,83,79,4
110000045,460,125,335
110000046,9,16,-7
110000047,45,29,16
110000048,12,24,-12
110000049,149,10,139
110000050,29,19,10
110000051,122,13,109
110000052,45,50,-5
110000053,464,9,455
110000054,217,356,-139
110000055,639,51,588
110000056,402,65,337
110000057,439,1361,-922
110000058,1303,841,462
110000059,1053,651,402
110000060,1029,1189,-160
110000061,1099,1174,-75
110000062,822,1089,-267
110000063,45,153,-108
110000064,127,192,-65
110000065,96,113,-17
110000066,133,70,63
110000067,130,517,-387
110000068,297,781,-484
110000069,228,129,99
110000071,107,187,-80
110000073,2,32,-30
110000075,10,152,-142
110000076,356,414,-58
110000077,622,1558,-936
110000078,27,77,-50
110000080,373,957,-584
110000081,47,469,-422
110000082,43,507,-464
110000083,309,873,-564
110000084,1120,832,288
110000085,3317,2109,1208
110000086,1509,2078,-569
110000087,9,105,-96
110000088,63,386,-323
110000089,266,241,25
110000090,151,512,-361
110000091,2844,476,2368
110000092,22,148,-126
110000093,66,12,54
110000094,771,328,443
110000095,218,816,-598
110000096,4883,2352,2531
110000097,1262,1567,-305
110000098,2315,883,1432
110000099,1110,2256,-1146
110000100,807,1219,-412
110000101,46,650,-604
110000102,61,80,-19
110000104,314,129,185
110000105,104,370,-266
110000106,708,463,245
110000107,539,586,-47
110000108,272,69,203
110000109,283,467,-184
110000110,5386,5632,-246
110000111,10531,3217,7314
110000112,1974,1130,844
110000113,923,2894,-1971
110000114,173,738,-565
110000115,304,430,-126
110000116,53,61,-8
110000117,150,729,-579
110000118,394,373,21
110000119,247,506,-259
110000120,334,336,-2
110000121,140,475,-335
110000122,457,893,-436
110000123,658,757,-99
110000124,1,1160,-1159
110000125,1136,5,1131
110000126,293,35,258
110000127,1295,53,1242
110000128,60,1791,-1731
110000129,9,1023,-1014
110000130,405,246,159
110000131,92,701,-609
110000132,2,1050,-1048
110000133,78,533,-455
110000134,50,475,-425
110000135,218,32,186
110000136,118,468,-350
110000137,711,927,-216
110000138,745,1251,-506
110000139,840,2240,-1400
110000140,1578,785,793
110000143,1085,572,513
110000144,5977,1913,4064
110000145,1470,1128,342
110000146,1910,933,977
110000147,532,1017,-485
110000148,567,461,106
110000151,1967,880,1087
110000152,1590,553,1037
110000153,76,209,-133
110000154,2,25,-23
110000155,1637,4001,-2364
110000156,1206,2574,-1368
110000157,1550,2251,-701
110000160,412,532,-120
110000161,164,694,-530
110000166,431,135,296
110000167,951,783,168
110000168,1017,578,439
110000169,811,455,356
110000170,139,103,36
110000171,667,227,440
110000172,225,1221,-996
110000173,1705,1837,-132
110000174,207,2119,-1912
110000175,456,129,327
110000176,102,404,-302
110000177,193,1099,-906
110000178,628,1253,-625
110000179,2233,514,1719
110000180,133,496,-363
110000181,410,582,-172
110000182,391,380,11
110000183,18573,8237,10336
110000184,1960,3007,-1047
110000185,954,773,181
110000186,935,1058,-123
110000191,584,363,221
110000192,413,6,407
110000193,728,5,723
110000194,9,1805,-1796
110000195,444,541,-97
110000196,318,695,-377
110000197,124,287,-163
110000198,192,103,89
110000199,94,150,-56
110000200,1644,623,1021
110000201,1066,926,140
110000202,1325,569,756
110000203,931,1262,-331
110000204,1,462,-461
110000205,121,58,63
110000206,892,2248,-1356
110000207,701,378,323
110000208,155,176,-21
110000209,179,1137,-958
110000210,865,1020,-155
110000211,877,1190,-313
110000212,646,1384,-738
110000213,211,131,80
110000214,188,172,16
110000215,167,863,-696
110000216,104,961,-857
110000217,264,297,-33
110000218,189,707,-518
110000219,283,161,122
110000220,59,574,-515
110000221,334,152,182
110000222,47,470,-423
110000223,7,193,-186
110000224,136,16,120
110000225,278,812,-534
110000226,234,99,135
110000227,1019,830,189
110000228,610,388,222
110000229,3,407,-404
110000230,658,828,-170
110000231,183,284,-101
110000232,223,216,7
110000233,196,354,-158
110000234,606,534,72
110000235,1944,1297,647
110000236,618,1173,-555
110000237,2156,1503,653
110000238,1351,1942,-591
110000239,2401,1630,771
110000240,0,137,-137
110000242,0,18,-18
110000243,84,193,-109
110000244,200,693,-493
110000245,55,752,-697
110000246,923,922,1
110000247,1710,7790,-6080
110000248,3273,2836,437
110000249,139,24,115
110000250,56,358,-302
110000251,295,888,-593
110000252,228,332,-104
110000253,1510,835,675
110000254,906,2178,-1272
110000255,304,1603,-1299
110000256,689,289,400
110000257,1055,535,520
110000258,4,638,-634
110000259,108,28,80
110000260,18,503,-485
110000263,772,180,592
110000264,299,815,-516
110000265,1407,2384,-977
110000266,2081,3067,-986
110000267,14,323,-309
110000268,359,711,-352
110000269,4,120,-116
110000270,61,5,56
110000271,3415,393,3022
110000272,1431,1250,181
110000273,3907,1643,2264
110000274,215,1451,-1236
110000275,4211,632,3579
110000276,280,381,-101
110000277,262,546,-284
110000278,286,1314,-1028
110000279,928,820,108
110000280,406,477,-71
110000281,45,277,-232
110000282,418,73,345
110000283,82,148,-66
110000284,88,88,0
110000285,3,340,-337
110000286,37,0,37
110000287,56,1,55
110000288,3,75,-72
110000289,789,1921,-1132
110000290,1658,785,873
110000291,9840,1960,7880
110000292,1647,5666,-4019
110000293,703,1247,-544
110000294,867,1265,-398
110000295,115,1450,-1335
110000296,315,363,-48
110000297,3531,471,3060
110000298,450,1019,-569
110000299,815,94,721
110000301,343,54,289
110000302,474,2132,-1658
110000303,577,5,572
110000304,256,471,-215
110000305,1166,22,1144
110000306,167,2468,-2301
110000307,1670,6,1664
110000308,612,5,607
110000309,11,1707,-1696
110000310,680,126,554
110000311,19,1245,-1226
110000312,1000,124,876
110000313,4197,4826,-629
110000314,8,547,-539
110000315,4324,2421,1903
110000316,757,1635,-878
110000317,883,456,427
110000318,8,198,-190
110000319,29,20,9
110000320,77,99,-22
110000321,18,47,-29
110000322,298,673,-375
110000323,395,308,87
110000324,6732,1468,5264
110000325,3067,3291,-224
110000327,590,374,216
110000328,211,611,-400
110000333,1124,833,291
110000334,966,1896,-930
110000335,913,698,215
110000336,793,1451,-658
110000337,1911,771,1140
110000338,398,283,115
110000339,348,328,20
110000340,48,236,-188
110000341,698,645,53
110000342,570,6,564
110000343,1,18,-17
110000344,282,280,2
110000345,362,126,236
110000346,3018,1998,1020
110000347,1389,953,436
110000348,49,42,7
110000349,17,33,-16
110000350,47,7,40
110000351,982,1167,-185
110000352,580,2171,-1591
110000353,4795,1052,3743
110000354,1584,3430,-1846
110000355,112,135,-23
110000356,1138,17,1121
110000357,464,15,449
110000361,15,167,-152
110000362,70,62,8
110000363,333,190,143
110000364,168,662,-494
110000365,221,3,218
110000366,2,143,-141
110000367,329,288,41
110000368,1,102,-101
110000369,39,1,38
110000373,4,405,-401
110000374,92,7,85
110000375,312,1218,-906
110000376,40,83,-43
110000377,119,718,-599
110000378,27,440,-413
110000379,5109,1623,3486
110000380,98,17,81
110000383,0,1364,-1364
110000384,3074,1021,2053
110000385,0,228,-228
110000387,137,7,130
110000388,44,372,-328
110000389,850,7,843
110000391,547,530,17
110000396,129,174,-45
110000397,161,274,-113
110000398,5,55,-50
110000399,254,2,252
110000587,95,73,22
110000589,228,230,-2
110000640,206,168,38
110000652,49,143,-94
110000653,343,676,-333
110000654,58,69,-11
110000656,0,868,-868
110000674,60,10,50
110000675,19,20,-1
110000676,22,57,-35
110000679,849,1493,-644
110000682,144,326,-182
110000683,650,836,-186
110000684,7,77,-70
110000685,22,6,16
110000686,9,19,-10
110000687,37,2,35
110000688,116,949,-833
110000689,63,116,-53
110000692,333,299,34
110000693,527,277,250
110000694,2,244,-242
110000695,260,1063,-803
110000696,184,186,-2
110900001,442,12,430
110900002,707,773,-66
110900003,699,1437,-738
110900004,336,297,39
110900005,5784,2258,3526
110900006,48,22,26
110900007,139,31,108
110900008,21,104,-83
110900009,446,132,314
110900010,12,124,-112
110900011,19,177,-158
110900012,30,115,-85
110900013,973,225,748
110900014,176,10,166
110900015,1535,728,807
110900016,49,245,-196
110900017,427,70,357
110900018,491,92,399
110900019,147,27,120
110900020,106,666,-560
110900021,93,843,-750
110900022,114,594,-480
110900023,90,942,-852
110900024,36,760,-724
110900025,19,64,-45
110900027,53,368,-315
110900028,58,229,-171
110900029,39,659,-620
110900030,36,481,-445
110900031,2,190,-188
110900032,1,133,-132
110900033,55,432,-377
110900035,37,823,-786
110900036,167,18,149
110900037,72,50,22
110900038,2149,306,1843
110900039,15,343,-328
110900040,273,66,207
110900041,19,259,-240
110900042,134,96,38
110900043,3,234,-231
110900044,312,22,290
110900045,73,833,-760
110900046,155,473,-318
110900047,1107,319,788
110900049,66,84,-18
110900050,11,6,5
110900051,83,271,-188
110900052,2,295,-293
110900053,120,81,39
110900054,19,387,-368
110900055,41,2,39
110900056,85,162,-77
110900057,9,310,-301
110900058,241,434,-193
110900059,825,1138,-313
110900060,589,186,403
110900061,36,81,-45
110900062,180,491,-311
110900063,50,244,-194
110900064,16,1,15
110900065,608,213,395
110900066,7,140,-133
110900067,899,929,-30
110900068,297,332,-35
110900069,7,52,-45
110900070,188,67,121
110900071,438,575,-137
110900073,2,44,-42
110900074,305,137,168
110900075,399,110,289
110900077,754,698,56
110900078,39,184,-145
110900079,3674,1269,2405
110900080,92,83,9
110900081,5,119,-114
110900082,127,352,-225
110900083,143,68,75
110900084,49,199,-150
110900085,63,583,-520
110900086,61,306,-245
110900087,358,104,254
110900088,16,2,14
110900090,42,44,-2
110900091,2,105,-103
110900093,343,117,226
110900095,74,51,23
110900097,20,27,-7
110900098,63,193,-130
110900099,52,879,-827
110900100,0,30,-30
110900102,75,43,32
110900105,934,629,305
110900108,13,175,-162
110900111,409,240,169
110900112,791,5,786
110900113,632,70,562
110900115,30,177,-147
110900116,626,3178,-2552
110900118,158,3092,-2934
110900119,7668,610,7058
110900120,16,271,-255
110900121,134,2,132
110900122,441,194,247
110900125,351,399,-48
110900127,1113,1389,-276
110900128,575,593,-18
110900129,444,797,-353
110900130,1736,704,1032
110900131,211,41,170
110900132,317,54,263
110900133,71,391,-320
110900135,135,727,-592
110900136,391,24,367
110900139,55,1,54
110900140,0,0,0
110900141,703,130,573
110900142,92,379,-287
110900143,164,186,-22
110900144,7,960,-953
110900145,137,30,107
110900146,390,135,255
110900147,286,329,-43
110900148,5,378,-373
110900149,0,147,-147
110900150,49,21,28
110900151,2,126,-124
110900152,27,434,-407
110900153,177,53,124
111000001,886,789,97
111000002,1288,1165,123
111000003,1959,1804,155
111000004,1384,1791,-407
111000005,2119,1816,303
111000006,1435,2224,-789
111000007,8099,5413,2686
111000008,6244,5247,997
111000009,554,1235,-681
111000010,1013,368,645
111000011,511,1422,-911
111000012,913,544,369
111000013,511,1842,-1331
111000014,1461,956,505
111000017,150,788,-638
111000018,354,492,-138
111000020,3319,3374,-55
111000021,127,229,-102
111000023,132,256,-124
111000025,10611,4214,6397
111000029,94,140,-46
111000030,37,124,-87
111000031,2432,1520,912
111000032,807,360,447
111000033,430,340,90
111000034,762,332,430
111000037,4326,2239,2087
111000038,4814,3533,1281
111000039,2693,3834,-1141
111000040,2220,4254,-2034
111000041,1863,2514,-651
111000042,8559,3464,5095
111000043,3174,3349,-175
111000044,1700,1345,355
111000045,2574,2807,-233
111000046,2029,1932,97
111000047,3239,4600,-1361
111000049,562,830,-268
111000050,2919,2274,645
111000051,558,1615,-1057
111000052,780,2373,-1593
111000053,635,1596,-961
111000054,396,1704,-1308
111000055,1328,2880,-1552
111000056,176,931,-755
111000057,100,977,-877
111000058,360,188,172
111000059,401,385,16
111000060,3758,1215,2543
111000061,593,452,141
111000062,956,328,628
111000063,2297,1309,988
111000064,563,828,-265
111000065,1163,1202,-39
111000066,609,492,117
111000067,588,869,-281
111000068,470,1333,-863
111000069,2106,2741,-635
111000070,3480,1663,1817
111000071,373,1156,-783
111000072,1138,583,555
111000073,416,1240,-824
111000074,1772,2160,-388
111000075,1085,1219,-134
111000076,560,1223,-663
111000077,1348,1495,-147
111000078,3031,1515,1516
111000079,1690,1244,446
111000080,592,1098,-506
111000081,3154,4777,-1623
111000082,710,994,-284
111000084,957,815,142
111000085,1474,2392,-918
111000086,5368,2072,3296
111000087,926,1260,-334
111000088,11057,2676,8381
111000089,920,1073,-153
111000090,1373,1682,-309
111000091,874,851,23
111000092,1529,1313,216
111000093,699,1176,-477
111000094,2621,1257,1364
111000095,964,3013,-2049
111000096,3159,9035,-5876
111000097,8592,1556,7036
111000098,881,1930,-1049
111000099,541,3260,-2719
111000100,407,2897,-2490
111000101,550,1163,-613
111000102,236,1184,-948
111000104,527,326,201
111000107,133,1194,-1061
111000109,512,342,170
111000110,1821,1011,810
111000111,2023,625,1398
111000112,1901,626,1275
111000113,1063,1564,-501
111000114,2826,4127,-1301
111000115,10260,1654,8606
111000116,1160,1477,-317
111000117,728,1249,-521
111000118,1906,1365,541
111000119,1079,2122,-1043
111000120,446,861,-415
111000121,311,917,-606
111000122,806,1400,-594
111000123,1218,4557,-3339
111000124,676,4540,-3864
111000125,343,2512,-2169
111000126,127,1465,-1338
111000127,970,261,709
111000128,1670,516,1154
111000129,2818,640,2178
111000130,1784,882,902
111000131,1530,707,823
111000132,1128,747,381
111000133,145,174,-29
111000134,169,175,-6
111000135,57,209,-152
111000136,394,495,-101
111000138,8,22,-14
111000140,5,14,-9
111000141,273,437,-164
111000142,22,176,-154
111000143,4,126,-122
111000144,44,263,-219
111000145,1538,12,1526
111000146,75,12,63
111000147,240,57,183
111000148,236,115,121
111000149,5,42,-37
111000150,18,19,-1
111000151,11,56,-45
111000153,751,875,-124
111000154,1204,278,926
111000155,169,263,-94
111000156,650,811,-161
111000157,211,1092,-881
111000158,1143,951,192
111000159,4075,1053,3022
111000160,358,527,-169
111000161,15,390,-375
111000162,53,275,-222
111000163,672,1166,-494
111000164,1283,4300,-3017
111000165,1915,654,1261
111000166,2140,520,1620
111000167,231,776,-545
111000168,367,723,-356
111000169,449,766,-317
111000170,613,626,-13
111000171,602,1346,-744
111000172,190,1136,-946
111000173,463,2379,-1916
111000174,239,1068,-829
111000175,83,425,-342
111000176,256,221,35
111000177,278,478,-200
111000178,1266,464,802
111000179,186,382,-196
111000180,213,531,-318
111000181,911,466,445
111000182,192,348,-156
111000183,325,583,-258
111000184,425,463,-38
111000185,435,689,-254
111000186,318,435,-117
111000187,165,440,-275
111000188,179,674,-495
111000189,2128,825,1303
111000190,250,645,-395
111000191,155,602,-447
111000192,308,846,-538
111000193,706,521,185
111000194,76,636,-560
111000195,163,671,-508
111000196,61,449,-388
111000197,363,251,112
111000198,496,179,317
111000199,199,204,-5
111000200,310,475,-165
111000201,540,354,186
111000202,278,323,-45
111000203,291,294,-3
111000204,608,965,-357
111000213,297,586,-289
111000214,1862,2992,-1130
111000215,1312,2276,-964
111000217,1604,1660,-56
111000218,1353,1542,-189
111000219,702,360,342
111000220,3880,748,3132
111000221,1779,204,1575
111000224,127,852,-725
111000225,462,311,151
111000226,354,6,348
111000227,83,11,72
111000228,21,305,-284
111000229,49,755,-706
111000230,389,820,-431
111000231,1043,1818,-775
111000232,472,983,-511
111000233,682,1094,-412
111000234,124,331,-207
111000239,187,352,-165
111000240,46,250,-204
111000241,45,657,-612
111000242,168,141,27
111000243,135,1113,-978
111000244,348,146,202
111000245,1098,832,266
111000246,403,833,-430
111000247,205,1344,-1139
111000248,597,684,-87
111000249,504,1134,-630
111000250,41,169,-128
111000251,38,167,-129
111000253,18,14,4
111000255,42,8,34
111000257,33,15,18
111000260,93,1491,-1398
111000261,1169,129,1040
111000271,71,456,-385
111000273,11062,2606,8456
111000274,1617,2485,-868
111000275,134,129,5
111000276,353,2973,-2620
111000277,252,559,-307
111000278,703,343,360
111000291,886,6669,-5783
111000298,671,425,246
111000299,875,186,689
111000300,123,884,-761
111000302,269,120,149
111000303,98,408,-310
111000312,94,91,3
111000315,92,703,-611
111000320,473,951,-478
111000321,355,94,261
111000322,368,693,-325
111000323,175,30,145
111000324,389,334,55
111000325,38,110,-72
111000326,228,511,-283
111000327,493,1004,-511
111000328,264,699,-435
111000329,0,39,-39
111000330,53,51,2
111000331,10,9,1
111000332,803,2624,-1821
111000334,433,2648,-2215
111000335,726,280,446
111000337,943,522,421
111000338,35,159,-124
111000339,525,835,-310
111000340,136,1197,-1061
111000341,1211,690,521
111000342,409,558,-149
111000344,1061,1002,59
111000345,268,75,193
111000346,35,150,-115
111000347,162,2,160
111000350,197,222,-25
111000351,88,315,-227
111000352,167,176,-9
111000353,110,324,-214
111000354,504,279,225
111000355,322,842,-520
111000358,134,2674,-2540
111000360,175,1286,-1111
111000361,122,637,-515
111000546,545,967,-422
111000547,287,1359,-1072
111000548,123,291,-168
111000549,315,749,-434
111000550,142,678,-536
111000551,861,286,575
111000552,2642,174,2468
111000907,704,83,621
111000908,35,1,34
111000916,1409,391,1018
111000917,57,519,-462
111000918,190,1635,-1445
111000920,527,34,493
111000921,3,675,-672
111000922,359,460,-101
111000924,48,1639,-1591
111000925,2400,2962,-562
111000926,1151,3911,-2760
111000927,3440,6488,-3048
111000928,7587,6389,1198
111000929,1011,1538,-527
111000930,1028,3808,-2780
111000931,2131,2781,-650
111000932,5611,3567,2044
111000933,4644,2586,2058
111000934,3561,4080,-519
111000935,1885,1317,568
111000936,1554,3410,-1856
111000937,1143,1722,-579
111000938,2800,3640,-840
111000939,399,70,329
111000940,339,261,78
111000941,317,1106,-789
111000943,362,391,-29
111000944,207,820,-613
111000945,92,3113,-3021
111001109,688,321,367
111001110,272,834,-562
111001111,42,4,38
111001112,342,3,339
111001113,31,261,-230
111001114,2298,183,2115
111001115,194,475,-281
111001116,8155,4494,3661
111001117,881,2009,-1128
111001120,176,663,-487
111001121,191,533,-342
111001122,224,1027,-803
111001123,223,287,-64
111001124,159,426,-267
111001125,4,51,-47
111001126,0,0,0
111001127,3,241,-238
111900001,11,384,-373
111900002,6,1298,-1292
111900003,4,475,-471
111900004,39,208,-169
111900006,4,25,-21
111900007,59,1,58
111900008,137,1,136
111900009,99,0,99
111900010,327,788,-461
111900012,85,199,-114
111900013,5,112,-107
111900014,10043,2997,7046
111900015,1,72,-71
111900016,2,173,-171
111900017,0,159,-159
111900018,195,4,191
111900019,3,88,-85
111900020,5,56,-51
111900021,30,129,-99
111900022,9,92,-83
111900023,155,68,87
111900024,10,63,-53
111900025,0,46,-46
111900026,0,122,-122
111900027,11,220,-209
111900028,0,531,-531
111900029,2,133,-131
111900030,70,642,-572
111900031,0,16,-16
111900032,2,505,-503
111900033,6,110,-104
111900034,412,1151,-739
111900035,42,278,-236
111900036,1,504,-503
111900038,362,1074,-712
111900039,48,603,-555
111900040,7,838,-831
111900042,43,190,-147
111900043,2,608,-606
111900044,396,525,-129
111900046,74,332,-258
111900048,159,1213,-1054
111900049,47,431,-384
111900050,117,17,100
111900051,5,371,-366
111900052,539,794,-255
111900053,2010,1070,940
111900054,108,7,101
111900055,25,926,-901
111900056,461,241,220
111900057,73,75,-2
111900058,263,1029,-766
111900059,5401,577,4824
111900060,296,3,293
111900061,13,438,-425
111900062,23,59,-36
111900063,332,354,-22
111900064,206,435,-229
111900065,56,30,26
111900066,104,243,-139
111900067,2,484,-482
111900068,54,92,-38
111900069,55,14,41
111900070,111,147,-36
111900071,1,470,-469
111900072,38,25,13
111900073,594,107,487
111900074,16,313,-297
111900075,68,3,65
111900076,108,51,57
111900077,32,3,29
111900078,147,12,135
111900079,38,22,16
111900080,289,239,50
111900082,124,23,101
111900083,91,9,82
111900084,51,2,49
111900085,31,117,-86
111900086,32,4,28
111900087,50,2,48
111900088,387,6,381
111900089,58,5,53
111900090,91,32,59
111900091,155,3,152
111900092,60,2,58
111900093,266,3,263
111900094,223,1,222
111900095,157,25,132
111900096,99,1,98
111900097,29,0,29
111900098,129,3,126
111900099,67,0,67
111900100,88,2,86
111900101,84,26,58
111900102,270,905,-635
111900103,86,65,21
111900104,203,74,129
111900105,473,161,312
111900106,1979,69,1910
111900110,3619,520,3099
111900111,120,272,-152
111900112,1313,2057,-744
111900113,432,114,318
111900118,321,81,240
111900119,286,135,151
111900122,80,37,43
111900123,18,38,-20
111900124,20,101,-81
111900125,434,29,405
111900126,219,2,217
111900127,9,904,-895
111900128,2,797,-795
111900129,206,6,200
111900130,376,29,347
111900131,426,2,424
111900132,44,1945,-1901
111900133,3,593,-590
111900134,14,463,-449
111900135,15,21,-6
111900136,72,186,-114
111900137,70,63,7
111900138,14,90,-76
111900139,16,156,-140
111900140,85,36,49
111900141,70,9,61
111900142,82,44,38
111900143,41,290,-249
111900144,0,174,-174
111900145,2,774,-772
111900146,6,454,-448
111900147,208,677,-469
111900148,41,1183,-1142
111900149,8,504,-496
111900150,16,211,-195
111900151,4,44,-40
111900152,92,70,22
111900153,2256,389,1867
111900154,4,303,-299
111900155,63,82,-19
111900156,25,62,-37
111900157,67,13,54
111900158,443,23,420
111900159,282,8,274
111900160,253,0,253
111900161,127,5,122
111900162,160,217,-57
111900163,39,431,-392
111900164,159,79,80
111901113,368,356,12
111901114,221,582,-361
111901115,109,0,109
111901116,38,1,37
111901117,19,38,-19
111901118,231,267,-36
111901119,2055,185,1870
111901121,236,637,-401
111901122,9,799,-790
111901123,110,567,-457
111901124,132,2,130
111901125,375,429,-54
111901127,1473,390,1083
111901128,11,201,-190
111901129,13,293,-280
111901130,12,498,-486
111901131,4,324,-320
111901132,112,6,106
111901133,51,4,47
111901134,61,3,58
111901135,22,5,17
111901136,1,26,-25
111901138,140,66,74
111901139,27,72,-45
111901140,11,282,-271
111901141,19,661,-642
111901142,7,297,-290
111901143,3,160,-157
111901144,48,68,-20
111901145,308,434,-126
111901146,511,48,463
111901147,1867,220,1647
111901148,12,62,-50
111901149,30,4,26
111901150,164,0,164
112000001,2188,1657,531
112000002,1138,3557,-2419
112000003,1285,1683,-398
112000004,951,2474,-1523
112000005,2836,2976,-140
112000006,2571,3695,-1124
112000007,2684,2006,678
112000008,3358,5835,-2477
112000009,5575,6254,-679
112000010,3723,4231,-508
112000011,2808,3627,-819
112000012,6572,3643,2929
112000013,7149,4201,2948
112000014,3986,1004,2982
112000015,4066,3853,213
112000016,7739,1164,6575
112000017,3514,1866,1648
112000024,3228,1113,2115
112000026,6281,7744,-1463
112000027,1517,766,751
112000028,3195,2441,754
112000029,477,998,-521
112000030,301,177,124
112000031,2391,5295,-2904
112000032,583,82,501
112000033,2557,1544,1013
112000034,389,60,329
112000035,117,351,-234
112000036,1378,845,533
112000037,1525,844,681
112000038,1586,1126,460
112000039,103,130,-27
112000040,155,298,-143
112000041,887,668,219
112000042,1990,404,1586
112000050,1287,2175,-888
112000051,1271,1520,-249
112000054,3232,4317,-1085
112000057,640,623,17
112000058,491,784,-293
112000059,734,1290,-556
112000061,5964,2959,3005
112000062,2251,1069,1182
112000063,2542,2184,358
112000064,6005,8917,-2912
112000065,2946,3992,-1046
112000066,4807,1840,2967
112000067,1039,1009,30
112000068,4306,2756,1550
112000069,1080,2792,-1712
112000070,2322,1286,1036
112000071,1237,3832,-2595
112000072,2018,1427,591
112000073,3265,2532,733
112000074,2875,1366,1509
112000075,1852,1705,147
112000076,4297,3572,725
112000077,537,933,-396
112000078,1747,839,908
112000079,1436,1750,-314
112000080,825,1121,-296
112000081,1929,2856,-927
112000082,1815,1021,794
112000083,649,1984,-1335
112000084,1418,1135,283
112000085,1457,1816,-359
112000086,2186,2366,-180
112000087,332,642,-310
112000088,483,1029,-546
112000089,380,423,-43
112000090,271,493,-222
112000091,867,1634,-767
112000092,1572,1086,486
112000093,2068,1495,573
112000094,666,1240,-574
112000095,859,1175,-316
112000096,864,1974,-1110
112000097,1285,718,567
112000098,1212,2222,-1010
112000099,891,1238,-347
112000100,1608,1301,307
112000101,708,1195,-487
112000102,987,1010,-23
112000103,428,1501,-1073
112000105,891,3276,-2385
112000106,1546,815,731
112000107,115,253,-138
112000108,370,2770,-2400
112000109,241,192,49
112000110,1972,854,1118
112000111,1516,4841,-3325
112000112,3243,951,2292
112000113,1113,2507,-1394
112000114,2582,1556,1026
112000115,459,776,-317
112000116,562,1557,-995
112000117,1444,1134,310
112000118,1410,1150,260
112000119,722,1321,-599
112000120,93,570,-477
112000121,154,898,-744
112000122,264,204,60
112000123,617,175,442
112000124,304,109,195
112000125,242,200,42
112000126,192,1202,-1010
112000127,2738,2457,281
112000128,1127,1076,51
112000129,143,175,-32
112000130,169,90,79
112000131,80,759,-679
112000132,154,375,-221
112000133,462,592,-130
112000134,514,507,7
112000135,989,919,70
112000136,1369,1665,-296
112000137,1419,2151,-732
112000138,1942,1601,341
112000139,1653,548,1105
112000140,1303,1566,-263
112000141,958,389,569
112000142,238,1244,-1006
112000143,1113,365,748
112000144,373,2434,-2061
112000145,2199,930,1269
112000146,852,3325,-2473
112000147,2239,2179,60
112000148,2166,3596,-1430
112000149,412,1429,-1017
112000150,229,905,-676
112000151,510,995,-485
112000152,307,688,-381
112000153,398,489,-91
112000154,106,228,-122
112000155,425,165,260
112000157,1864,772,1092
112000158,332,1296,-964
112000159,404,311,93
112000167,555,64,491
112000169,1623,694,929
112000173,573,253,320
112000175,466,685,-219
112000176,5066,2989,2077
112000177,821,169,652
112000178,95,870,-775
112000179,269,200,69
112000180,449,774,-325
112000181,1578,2626,-1048
112000182,1019,2627,-1608
112000183,47,64,-17
112000184,390,1064,-674
112000185,512,824,-312
112000187,3872,2722,1150
112000195,221,16,205
112000196,205,3,202
112000197,142,119,23
112000198,29,399,-370
112000199,1923,1333,590
112000202,348,1,347
112000216,74,314,-240
112000230,81,7,74
112000231,0,397,-397
112000256,72,221,-149
112000313,246,241,5
112000314,52,18,34
112000337,293,788,-495
112000352,521,465,56
112000392,2462,2272,190
112000398,1390,1040,350
112000399,13038,3614,9424
112000400,2378,6061,-3683
112000401,3929,4840,-911
112000402,2901,3062,-161
112000403,6611,3615,2996
112000404,699,808,-109
112000405,1908,3581,-1673
112000406,5178,5101,77
112000407,5958,8296,-2338
112000408,10646,10989,-343
112000409,2501,8504,-6003
112000410,591,258,333
112000411,7893,1431,6462
112000412,1735,719,1016
112000413,14246,4906,9340
112000414,95,263,-168
112000415,179,77,102
112000416,2439,1874,565
112000417,292,102,190
112000421,53,268,-215
112000422,408,1010,-602
112000424,5072,3690,1382
112000425,497,2276,-1779
112000426,319,681,-362
112000427,4,19,-15
112000428,180,737,-557
112000429,4156,5369,-1213
112000430,6236,5041,1195
112000431,84,152,-68
112000432,769,3383,-2614
112000433,719,1491,-772
112000437,65,342,-277
112900001,65,0,65
112900002,284,1630,-1346
112900003,37,552,-515
112900004,45,380,-335
112900005,159,348,-189
112900006,4,653,-649
112900007,27,336,-309
112900008,0,76,-76
112900009,452,104,348
112900010,314,1094,-780
112900011,454,472,-18
112900012,1,59,-58
112900013,5,225,-220
112900014,4,391,-387
112900015,443,1336,-893
112900016,6,371,-365
112900017,41,386,-345
112900018,6,481,-475
112900019,98,265,-167
112900020,579,2082,-1503
112900021,2,347,-345
112900022,12,91,-79
112900023,0,300,-300
112900024,26,307,-281
112900025,133,516,-383
112900026,1,444,-443
112900027,4,1709,-1705
112900028,25,191,-166
112900029,7,1117,-1110
112900030,352,257,95
112900031,4,740,-736
112900032,168,421,-253
112900034,1,100,-99
112900035,12,657,-645
112900036,35,226,-191
112900037,425,182,243
112900038,680,206,474
112900039,32,445,-413
112900040,5,456,-451
112900041,2530,1473,1057
112900042,34,674,-640
112900043,50,60,-10
112900044,1160,591,569
112900045,506,381,125
112900046,349,106,243
112900047,17,35,-18
112900049,164,102,62
112900050,134,851,-717
112900051,261,1069,-808
112900052,11,1798,-1787
112900053,543,151,392
112900054,385,53,332
112900055,221,36,185
112900056,523,247,276
112900057,36,1086,-1050
112900058,314,362,-48
112900059,172,195,-23
112900060,19,453,-434
112900061,78,190,-112
112900062,81,194,-113
112900063,180,19,161
112900064,190,350,-160
112900065,54,25,29
112900066,153,161,-8
112900067,796,208,588
112900068,32,48,-16
112900069,3625,788,2837
112900071,31,2,29
112900072,575,1651,-1076
112900073,388,99,289
112900074,105,243,-138
112900075,3262,987,2275
112900076,170,11,159
112900078,356,381,-25
112900079,210,35,175
112900080,32,2,30
112900081,66,150,-84
112900082,552,25,527
112900083,120,68,52
112900084,240,94,146
112900086,32,2,30
112900087,655,124,531
112900088,95,31,64
112900089,703,19,684
112900090,20,13,7
112900091,193,4,189
112900092,201,287,-86
112900093,1383,30,1353
112900095,36,0,36
112900096,318,131,187
112900097,56,612,-556
112900098,115,1,114
112900099,678,11,667
112900100,55,1,54
112900101,229,3,226
112900102,108,7,101
112900103,202,1,201
112900104,96,5,91
112900105,10,0,10
112900106,454,111,343
112900107,1,1,0
112900108,148,1,147
112900109,101,1,100
112900110,883,5,878
112900111,658,3,655
112900112,317,2,315
112900113,0,22,-22
112900114,118,30,88
112900115,899,0,899
112900116,108,54,54
112900117,193,131,62
112900118,32,163,-131
112900119,180,2,178
112900120,1076,374,702
112900121,516,276,240
112900122,14,270,-256
112900123,205,18,187
112900124,15,188,-173
112900125,70,594,-524
112900126,200,318,-118
112900127,431,91,340
112900128,615,1172,-557
112900129,5,1360,-1355
112900130,239,85,154
112900131,54,451,-397
112900132,94,603,-509
112900133,30,1661,-1631
112900134,2,353,-351
112900135,69,50,19
112900137,2,1026,-1024
112900138,3,725,-722
112900139,338,1480,-1142
112900141,967,40,927
112900142,81,200,-119
112900143,59,843,-784
112900144,4,688,-684
112900145,56,594,-538
112900146,15,2451,-2436
112900147,10,3159,-3149
112900148,89,0,89
112900149,241,852,-611
112900151,22,82,-60
112900152,6553,1345,5208
112900153,2576,2166,410
112900154,2,201,-199
112900155,262,67,195
112900156,311,2189,-1878
112900157,335,358,-23
112900158,58,13,45
112900159,194,70,124
112900160,54,433,-379
112900161,131,31,100
112900162,44,22,22
112900163,189,50,139
112900164,64,173,-109
112900165,168,62,106
112900166,96,54,42
112900167,1,53,-52
112900168,1,2,-1
112900169,7,14,-7
112900170,64,157,-93
112900172,99,24,75
112900173,335,204,131
112900174,331,48,283
112900175,203,202,1
112900176,13,25,-12
112900177,254,36,218
112900178,855,2876,-2021
112900179,56,736,-680
112900180,2180,2500,-320
112900181,488,13,475
112900182,54,1883,-1829
112900183,230,381,-151
112900184,917,554,363
112900185,381,623,-242
112900186,1933,1136,797
112900187,123,573,-450
112900188,885,431,454
112900189,6,40,-34
112900190,68,62,6
112900192,605,755,-150
112900193,1376,538,838
112900194,89,227,-138
112900195,1733,51,1682
112900196,329,859,-530
112900197,190,569,-379
112900199,422,907,-485
112900200,600,435,165
112900201,62,160,-98
112900202,340,1208,-868
112900203,173,484,-311
112900204,1254,674,580
112900205,4,14,-10
112900206,11,85,-74
112900207,13,1,12
112900208,99,298,-199
112900209,670,556,114
112900210,0,38,-38
112900211,123,45,78
112900212,0,150,-150
112900213,42,25,17
112900214,63,7,56
112900215,5,318,-313
112900216,42,98,-56
112900217,1,67,-66
112900218,21,37,-16
112900219,49,24,25
112900220,4,0,4
112900221,15,201,-186
112900222,0,41,-41
112900223,1106,17,1089
112900224,233,1094,-861
112900225,360,809,-449
112900226,266,417,-151
112900227,350,1728,-1378
112900228,35,74,-39
112900229,147,78,69
112900230,10818,5028,5790
112900232,227,265,-38
112900233,111,262,-151
112900234,3,216,-213
112900235,90,35,55
112900236,247,11,236
112900237,118,690,-572
112900238,3,54,-51
112900239,1179,453,726
112900240,9,228,-219
112900241,27,378,-351
112900242,11,536,-525
112900243,13,360,-347
112900244,2,172,-170
112900245,3,72,-69
112900246,3,17,-14
112900247,149,40,109
112900248,17,2,15
112900249,42,2,40
112900250,72,44,28
112900251,65,23,42
112900252,49,36,13
112900253,46,10,36
112900254,10,8,2
112900255,0,34,-34
112900256,2,34,-32
112900257,9,35,-26
112900258,12,34,-22
113000001,7685,13108,-5423
113000002,5360,6501,-1141
113000003,2874,5519,-2645
113000004,2946,5056,-2110
113000005,3140,2203,937
113000006,2365,3311,-946
113000007,3000,2386,614
113000008,3294,3774,-480
113000009,1580,1789,-209
113000010,1463,3020,-1557
113000011,1241,1803,-562
113000012,1718,1693,25
113000013,1750,1005,745
113000014,1912,1661,251
113000015,643,256,387
113000016,700,707,-7
113000017,46,351,-305
113000018,633,83,550
113000019,85,258,-173
113000020,164,49,115
113000021,5067,1036,4031
113000022,1080,1840,-760
113000025,128,461,-333
113000026,730,557,173
113000027,4197,500,3697
113000028,1927,431,1496
113000029,1286,1056,230
113000030,780,989,-209
113000031,439,528,-89
113000032,412,541,-129
113000033,423,673,-250
113000034,663,574,89
113000035,37,54,-17
113000036,25,88,-63
113000037,90,74,16
113000038,19,94,-75
113000039,97,1475,-1378
113000040,117,157,-40
113000042,1764,976,788
113000051,1099,3933,-2834
113000052,3531,2409,1122
113000053,611,1050,-439
113000054,543,1605,-1062
113000055,1636,1568,68
113000056,1183,2007,-824
113000058,1140,993,147
113000059,1731,992,739
113000060,242,741,-499
113000061,1377,1479,-102
113000062,2305,346,1959
113000063,97,654,-557
113000064,22,662,-640
113000065,215,1708,-1493
113000066,787,231,556
113000067,1969,2022,-53
113000068,517,2978,-2461
113000069,764,2260,-1496
113000070,2473,1458,1015
113000071,423,1174,-751
113000072,775,813,-38
113000073,1093,2353,-1260
113000074,1253,891,362
113000075,4055,1157,2898
113000076,2581,2837,-256
113000077,1956,956,1000
113000078,1548,3632,-2084
113000079,1294,1242,52
113000080,1187,1038,149
113000081,1038,1379,-341
113000082,1723,1050,673
113000083,773,1342,-569
113000084,2575,1634,941
113000085,962,1053,-91
113000086,1820,1977,-157
113000087,1283,1417,-134
113000088,4411,2167,2244
113000089,1429,2346,-917
113000090,572,1055,-483
113000091,898,613,285
113000094,2283,337,1946
113000095,618,1695,-1077
113000096,402,1330,-928
113000097,1738,593,1145
113000098,154,67,87
113000099,2402,518,1884
113000100,288,736,-448
113000101,779,964,-185
113000102,1023,636,387
113000103,4452,817,3635
113000104,739,6016,-5277
113000105,1084,797,287
113000106,571,744,-173
113000107,1345,1740,-395
113000108,1672,2333,-661
113000109,1262,10479,-9217
113000110,2237,848,1389
113000111,469,2109,-1640
113000112,583,764,-181
113000113,2392,871,1521
113000114,510,3140,-2630
113000116,961,357,604
113000117,1248,195,1053
113000118,376,762,-386
113000119,404,455,-51
113000120,100,415,-315
113000121,844,1194,-350
113000124,370,193,177
113000125,95,996,-901
113000127,5179,738,4441
113000128,553,873,-320
113000129,774,1571,-797
113000133,6225,2267,3958
113000134,14,2497,-2483
113000135,4785,5855,-1070
113000137,2616,4071,-1455
113000139,468,232,236
113000140,168,439,-271
113000141,402,238,164
113000142,761,1462,-701
113000143,327,273,54
113000144,467,1054,-587
113000145,97,235,-138
113000146,158,142,16
113000147,238,270,-32
113000148,162,180,-18
113000149,109,217,-108
113000150,747,720,27
113000151,113,160,-47
113000152,61,239,-178
113000153,2113,780,1333
113000154,861,2230,-1369
113000155,403,726,-323
113000156,183,659,-476
113000157,328,1290,-962
113000158,798,350,448
113000159,802,1047,-245
113000160,779,1674,-895
113000161,239,662,-423
113000162,683,686,-3
113000163,126,115,11
113000164,46,139,-93
113000166,189,115,74
113000167,54,280,-226
113000168,69,221,-152
113000169,179,113,66
113000170,182,153,29
113000171,55,141,-86
113000172,371,182,189
113000173,45,29,16
113000174,155,823,-668
113000175,507,265,242
113000176,685,347,338
113000177,233,785,-552
113000178,257,590,-333
113000179,435,300,135
113000180,1183,2658,-1475
113000181,1634,1409,225
113000182,339,876,-537
113000183,345,835,-490
113000184,56,156,-100
113000189,756,1212,-456
113000190,1562,802,760
113000192,4408,1754,2654
113000193,11023,1545,9478
113000194,5753,1375,4378
113000195,6113,846,5267
113000196,547,193,354
113000197,3977,1338,2639
113000198,57,445,-388
113000199,1815,544,1271
113000201,2972,238,2734
113000202,6517,7167,-650
113000203,1143,521,622
113000204,3468,1755,1713
113000205,66,51,15
113000206,11,27,-16
113000207,129,34,95
113000208,40,31,9
113000209,47,40,7
113000210,7,36,-29
113000211,858,403,455
113000212,671,52,619
113000213,63,480,-417
113000214,331,731,-400
113000234,192,1882,-1690
113000410,248,282,-34
113000411,3777,7549,-3772
113000412,14474,4313,10161
113000413,6549,4408,2141
113000414,11520,17014,-5494
113000415,3782,5445,-1663
113000416,12712,7028,5684
113000417,4798,5903,-1105
113000418,5005,4525,480
113000419,2289,2889,-600
113000420,5147,6876,-1729
113000421,5720,9241,-3521
113000422,19665,16535,3130
113000423,4273,6377,-2104
113000424,6188,17490,-11302
113000425,46,243,-197
113000428,124,31,93
113000430,47,45,2
113000432,3062,220,2842
113000433,178,1322,-1144
113000434,44,301,-257
113000435,54,1033,-979
113000436,86,1889,-1803
113000437,751,32,719
113000438,272,22,250
113000439,71,269,-198
113000440,164,46,118
113000441,242,585,-343
113000442,230,356,-126
113000443,215,743,-528
113000444,237,430,-193
113000445,158,348,-190
113000446,55,159,-104
113000448,658,401,257
113000449,723,2417,-1694
113000450,2134,11639,-9505
113000451,3775,482,3293
113000452,924,1380,-456
113000453,171,471,-300
113000454,5372,58,5314
113000455,166,200,-34
113000456,5349,3628,1721
113000468,4793,409,4384
113000469,1202,263,939
113000470,1211,181,1030
113000471,34,1213,-1179
113000472,159,514,-355
113000474,467,1184,-717
113000475,2070,3489,-1419
113000476,1331,2659,-1328
113000477,3073,2916,157
113000478,5822,9898,-4076
113000479,64,374,-310
113000484,0,0,0
113000485,3,0,3
113000486,3,0,3
113000487,0,2,-2
113000488,2,0,2
113000489,0,5,-5
113000490,0,0,0
113000491,1,2,-1
113000492,0,3,-3
113000493,0,0,0
113000495,347,392,-45
113000496,206,328,-122
113900001,10,534,-524
113900002,3,441,-438
113900003,3,384,-381
113900004,6,133,-127
113900005,13,112,-99
113900006,4,118,-114
113900007,864,0,864
113900008,906,3,903
113900009,1806,8,1798
113900010,1125,13,1112
113900011,152,5,147
113900012,35,4,31
113900013,2634,50,2584
113900014,808,40,768
113900015,3,46,-43
113900016,35,0,35
113900017,4,70,-66
113900018,590,188,402
113900019,86,53,33
113900020,156,0,156
113900022,33,1,32
113900023,32,1,31
113900024,60,120,-60
113900025,472,25,447
113900026,50,0,50
113900027,7,146,-139
113900028,20,682,-662
113900029,69,365,-296
113900030,235,3,232
113900031,15,1,14
113900032,27,0,27
113900033,141,133,8
113900035,67,0,67
113900036,28,198,-170
113900037,115,782,-667
113900038,168,317,-149
113900039,152,14,138
113900040,2,15,-13
113900041,9,1,8
113900042,135,78,57
113900043,316,178,138
113900044,309,239,70
113900045,123,1,122
113900046,319,823,-504
113900047,61,243,-182
113900048,342,81,261
113900049,1158,549,609
113900050,222,637,-415
113900051,450,596,-146
113900052,170,196,-26
113900053,715,609,106
113900054,46,4,42
113900055,198,642,-444
113900056,101,311,-210
113900057,16,228,-212
113900058,105,378,-273
113900059,479,446,33
113900060,143,294,-151
113900061,1106,207,899
113900062,158,11,147
113900063,137,220,-83
113900064,19,221,-202
113900065,657,30,627
113900066,355,633,-278
113900067,114,483,-369
113900068,587,573,14
113900069,137,78,59
113900070,249,524,-275
113900071,131,156,-25
113900072,88,247,-159
113900073,543,642,-99
113900074,87,514,-427
113900075,1540,1548,-8
113900076,160,20,140
113900077,47,286,-239
113900078,88,136,-48
113900079,0,62,-62
113900080,556,280,276
113900081,72,326,-254
113900082,203,466,-263
113900083,219,929,-710
113900084,497,142,355
113900085,50,363,-313
113900086,42,30,12
113900087,55,224,-169
113900088,59,117,-58
113900089,570,74,496
113900090,1039,509,530
113900091,32,55,-23
113900092,72,155,-83
113900093,173,1374,-1201
113900094,410,576,-166
113900095,285,145,140
113900096,280,74,206
113900097,15,228,-213
113900098,818,129,689
113900099,1,176,-175
113900100,0,1,-1
113900101,46,106,-60
113900102,260,156,104
113900103,605,269,336
113900104,188,236,-48
113900105,79,578,-499
113900106,0,156,-156
113900107,0,44,-44
113900108,457,267,190
113900109,594,234,360
113900110,61,23,38
113900111,134,121,13
113900112,158,99,59
113900113,1050,697,353
113900114,2,235,-233
113900115,1,148,-147
113900116,151,180,-29
113900117,259,61,198
113900118,372,383,-11
113900119,455,636,-181
113900120,118,42,76
113900121,53,121,-68
113900122,474,2388,-1914
113900123,680,351,329
113900124,4,93,-89
113900125,2500,216,2284
113900126,215,106,109
113900127,296,913,-617
113900128,208,86,122
113900129,31,169,-138
113900130,3,15,-12
113900131,207,117,90
113900132,153,77,76
113900133,13,53,-40
113900135,604,897,-293
113900136,142,105,37
113900137,622,416,206
113900138,128,240,-112
113900139,773,133,640
113900140,421,377,44
113900141,580,907,-327
113900142,163,111,52
113900143,16,30,-14
113900144,416,275,141
113900145,645,338,307
113900146,127,91,36
113900148,368,426,-58
113900149,229,122,107
113900150,1234,892,342
113900151,404,376,28
113900152,25,64,-39
113900153,647,811,-164
113900154,7,186,-179
113900155,242,169,73
113900156,388,813,-425
113900157,31,404,-373
113900158,504,360,144
113900159,43,355,-312
113900160,654,1001,-347
113900161,122,374,-252
113900162,610,686,-76
113900163,432,429,3
113900164,376,86,290
113900165,1025,721,304
113900166,260,172,88
113900167,320,41,279
113900168,208,129,79
113900169,304,530,-226
113900171,177,71,106
113900172,10,264,-254
113900173,84,1195,-1111
113900174,666,893,-227
113900175,426,186,240
113900176,281,883,-602
113900177,558,270,288
113900178,535,156,379
113900179,30,1022,-992
113900180,252,131,121
113900181,1094,151,943
113900182,880,1265,-385
113900183,145,122,23
113900184,21,929,-908
113900185,346,120,226
113900186,36,62,-26
113900187,66,184,-118
113900188,78,218,-140
113900189,367,158,209
113900190,548,182,366
113900191,183,344,-161
113900192,9,535,-526
113900193,31,405,-374
113900194,3359,1677,1682
113900195,472,705,-233
113900196,9,130,-121
113900197,4,438,-434
113900198,34,176,-142
113900199,243,1091,-848
113900200,15,350,-335
113900201,2,339,-337
113900202,69,557,-488
113900203,2,199,-197
113900204,55,884,-829
113900205,4,274,-270
113900206,1,234,-233
113900207,4,81,-77
113900208,0,66,-66
113900209,0,82,-82
113900210,981,975,6
113900211,244,145,99
113900212,206,807,-601
113900214,638,637,1
113900215,121,204,-83
113900216,81,1438,-1357
113900217,39,366,-327
113900218,182,46,136
113900219,179,716,-537
113900220,364,183,181
113900221,546,179,367
113900222,477,616,-139
113900223,159,1428,-1269
113900224,198,120,78
113900225,905,288,617
113900226,409,215,194
113900227,523,339,184
113900228,410,648,-238
113900229,95,928,-833
113900230,6447,4317,2130
113900231,241,372,-131
113900232,74,130,-56
113900233,95,78,17
113900234,537,901,-364
113900235,81,40,41
113900236,134,611,-477
113900237,232,17,215
113900238,451,753,-302
113900239,312,131,181
113900240,10,160,-150
113900241,160,92,68
113900242,74,247,-173
113900243,197,720,-523
113900244,694,308,386
113900245,1940,355,1585
113900246,32,18,14
113900247,228,427,-199
113900248,4668,2422,2246
113900249,1836,520,1316
113900250,96,247,-151
113900251,659,356,303
113900252,635,21,614
113900253,858,54,804
113900254,844,175,669
113900255,446,33,413
113900256,560,50,510
113900257,41,1157,-1116
113900258,25,806,-781
113900259,580,358,222
113900260,182,49,133
113900261,24,126,-102
113900262,148,1000,-852
113900263,224,859,-635
113900264,11,756,-745
113900265,242,364,-122
113900266,36,334,-298
113900267,176,725,-549
113900268,411,505,-94
113900269,109,215,-106
113900270,490,584,-94
113900271,716,1674,-958
113900273,83,8,75
113900274,89,32,57
113900275,53,90,-37
113900276,6,356,-350
113900277,170,7,163
113900278,281,272,9
113900279,111,146,-35
113900280,1645,632,1013
113900281,762,1760,-998
113900282,1060,689,371
113900283,546,621,-75
113900284,947,308,639
113900285,181,26,155
113900286,13,152,-139
113900287,51,89,-38
113900288,1,131,-130
113900289,1785,156,1629
113900290,591,214,377
113900291,146,256,-110
113900292,13,27,-14
113900293,2,395,-393
113900294,574,35,539
113900295,567,631,-64
113900296,3452,472,2980
113900297,1846,43,1803
113900298,28,2128,-2100
113900299,56,314,-258
113900300,8443,4604,3839
113900301,1678,612,1066
113900302,3568,1470,2098
113900303,832,348,484
113900304,1,209,-208
113900305,118,0,118
113900306,34,1,33
113900307,100,0,100
113900308,97,175,-78
113900309,3,1523,-1520
113900310,1,34,-33
113900311,11,0,11
113900312,274,218,56
113900313,20,23,-3
113900314,5,52,-47
113900315,39,11,28
114000001,1372,5628,-4256
114000002,274,784,-510
114000003,234,1577,-1343
114000004,335,489,-154
114000005,211,344,-133
114000006,3632,3227,405
114000007,837,1997,-1160
114000008,2233,1802,431
114000009,845,320,525
114000011,3280,5591,-2311
114000012,2683,4634,-1951
114000013,2067,3444,-1377
114000014,605,943,-338
114000015,1756,870,886
114000016,241,572,-331
114000017,240,375,-135
114000018,845,76,769
114000026,1634,2412,-778
114000027,3217,3219,-2
114000028,3179,3768,-589
114000038,281,165,116
114000039,268,468,-200
114000040,146,275,-129
114000042,295,325,-30
114000043,462,380,82
114000044,300,308,-8
114000045,86,125,-39
114000046,3881,7463,-3582
114000047,53,98,-45
114000048,279,216,63
114000049,2081,2055,26
114000050,2260,2867,-607
114000051,3931,2530,1401
114000052,4276,1690,2586
114000053,113,695,-582
114000054,181,1978,-1797
114000055,390,52,338
114000056,1657,785,872
114000057,15691,3309,12382
114000058,771,1695,-924
114000059,401,386,15
114000060,1129,1097,32
114000061,6111,2875,3236
114000062,3390,1546,1844
114000063,4388,2288,2100
114000064,8358,4790,3568
114000065,2597,3428,-831
114000066,533,1066,-533
114000067,38,903,-865
114000068,500,813,-313
114000069,1591,711,880
114000070,3308,2371,937
114000071,1001,629,372
114000072,443,765,-322
114000073,25,148,-123
114000074,49,25,24
114000075,62,259,-197
114000076,33,254,-221
114000077,7,102,-95
114000078,312,1061,-749
114000079,164,37,127
114000080,114,141,-27
114000081,101,112,-11
114000082,74,858,-784
114000083,101,365,-264
114000084,331,132,199
114000085,158,1227,-1069
114000086,323,936,-613
114000087,98,301,-203
114000088,38,111,-73
114000089,2829,762,2067
114000090,1098,960,138
114000091,2932,991,1941
114000092,1575,546,1029
114000093,1218,950,268
114000094,635,727,-92
114000095,344,137,207
114000096,170,633,-463
114000097,260,1068,-808
114000098,566,101,465
114000099,529,1509,-980
114000100,1266,1200,66
114000101,499,1298,-799
114000102,549,516,33
114000103,150,844,-694
114000104,11,643,-632
114000105,145,78,67
114000106,2156,1018,1138
114000107,326,141,185
114000108,7193,2133,5060
114000109,502,1574,-1072
114000110,691,2992,-2301
114000111,1534,875,659
114000112,578,4492,-3914
114000113,1601,478,1123
114000114,1395,3095,-1700
114000115,2876,1124,1752
114000116,782,1739,-957
114000117,2778,563,2215
114000118,2522,583,1939
114000119,1903,551,1352
114000120,902,1216,-314
114000121,601,846,-245
114000122,502,415,87
114000123,1771,411,1360
114000124,1867,439,1428
114000125,1084,2692,-1608
114000126,1501,314,1187
114000127,186,246,-60
114000128,1179,677,502
114000130,640,797,-157
114000131,282,85,197
114000132,748,1021,-273
114000133,1216,2175,-959
114000134,64,190,-126
114000138,90,235,-145
114000139,598,265,333
114000144,945,609,336
114000145,97,230,-133
114000146,128,501,-373
114000147,1420,2051,-631
114000148,3680,2473,1207
114000149,463,356,107
114000150,3017,1916,1101
114000151,4486,2023,2463
114000152,259,51,208
114000153,2116,2947,-831
114000154,1683,1499,184
114000155,1785,3380,-1595
114000156,1854,733,1121
114000157,628,1615,-987
114000158,3615,1021,2594
114000159,277,567,-290
114000160,124,282,-158
114000161,3110,3065,45
114000162,1364,2475,-1111
114000163,18,163,-145
114000165,753,299,454
114000166,1143,371,772
114000167,7790,1774,6016
114000168,1104,814,290
114000169,3214,1228,1986
114000170,1800,1387,413
114000171,1088,3701,-2613
114000174,365,583,-218
114000176,1174,538,636
114000177,3284,1060,2224
114000178,67,119,-52
114000179,1897,1379,518
114000180,763,924,-161
114000181,2150,4393,-2243
114000182,9377,3415,5962
114000183,1320,1543,-223
114000184,10506,1941,8565
114000185,1418,1310,108
114000189,735,123,612
114000190,2322,296,2026
114000191,44,52,-8
114000192,454,2609,-2155
114000193,883,4196,-3313
114000194,1718,1651,67
114000195,156,19,137
114000196,3,547,-544
114000197,1101,136,965
114000198,1885,565,1320
114000199,3157,1829,1328
114000200,831,3069,-2238
114000201,448,1571,-1123
114000202,1786,1202,584
114000203,778,1390,-612
114000204,147,801,-654
114000205,276,2643,-2367
114000206,711,1875,-1164
114000207,1037,3159,-2122
114000208,638,4936,-4298
114000209,858,4801,-3943
114000210,534,2564,-2030
114000211,1357,2259,-902
114000212,996,1228,-232
114000213,1906,1010,896
114000214,172,322,-150
114000215,215,98,117
114000216,1853,711,1142
114000217,217,599,-382
114000218,186,393,-207
114000219,1429,272,1157
114000220,33,2355,-2322
114000221,762,234,528
114000222,245,2070,-1825
114000223,516,144,372
114000224,131,1289,-1158
114000225,269,755,-486
114000226,103,331,-228
114000227,1028,694,334
114000228,1134,1419,-285
114000229,1347,1945,-598
114000230,2060,2013,47
114000231,1211,1905,-694
114000232,716,182,534
114000233,2519,161,2358
114000234,1543,1420,123
114000235,1348,2389,-1041
114000236,2,832,-830
114000237,140,1378,-1238
114000238,173,377,-204
114000239,268,1955,-1687
114000240,777,863,-86
114000241,376,1880,-1504
114000242,1195,1681,-486
114000243,2286,1143,1143
114000244,1069,465,604
114000245,480,974,-494
114000246,292,55,237
114000247,1026,936,90
114000248,1337,926,411
114000249,708,837,-129
114000250,665,821,-156
114000251,364,563,-199
114000252,120,175,-55
114000253,69,519,-450
114000254,20,101,-81
114000255,1519,367,1152
114000256,3492,1670,1822
114000257,1238,2574,-1336
114000258,325,476,-151
114000259,91,372,-281
114000260,0,39,-39
114000261,57,62,-5
114000262,104,238,-134
114000263,26,2,24
114000264,1017,773,244
114000265,0,3,-3
114000267,6,2553,-2547
114000268,5,2287,-2282
114000270,197,21,176
114000271,811,112,699
114000283,1023,517,506
114000285,51,436,-385
114000288,103,491,-388
114000289,1681,400,1281
114000293,195,696,-501
114000294,198,370,-172
114000395,2247,59,2188
114000396,484,551,-67
114000402,552,582,-30
114000403,435,921,-486
114000405,120,785,-665
114000423,310,663,-353
114000424,315,251,64
114000425,521,696,-175
114000426,366,1072,-706
114000427,95,142,-47
114000428,378,178,200
114000429,26,332,-306
114000432,180,225,-45
114000434,42,111,-69
114000435,1,270,-269
114900001,540,2157,-1617
114900002,549,103,446
114900003,520,3108,-2588
114900004,299,398,-99
114900005,528,1361,-833
114900006,74,57,17
114900007,210,15,195
114900008,173,133,40
114900010,3516,2789,727
114900011,177,189,-12
114900013,246,196,50
114900018,1357,94,1263
114900020,324,83,241
114900022,13,1794,-1781
114900025,419,391,28
114900026,121,126,-5
114900029,192,58,134
114900030,323,365,-42
114900031,422,68,354
114900032,304,54,250
114900034,100,256,-156
114900035,214,491,-277
114900036,422,1280,-858
114900039,505,842,-337
114900040,113,491,-378
114900041,595,721,-126
114900042,826,962,-136
114900044,167,22,145
114900047,303,1871,-1568
114900048,80,661,-581
114900049,33,610,-577
114900050,65,1065,-1000
114900051,15,660,-645
114900052,67,269,-202
114900053,104,391,-287
114900054,36,194,-158
114900057,235,19,216
114900058,0,124,-124
114900059,66,54,12
114900063,85,307,-222
114900064,1197,851,346
114900065,405,863,-458
114900067,47,489,-442
114900068,116,555,-439
114900069,300,298,2
114900070,525,965,-440
114900072,10,325,-315
114900073,6,317,-311
114900074,611,1403,-792
114900075,182,10,172
114900076,12,408,-396
114900080,4621,598,4023
114900082,5854,2212,3642
114900083,1530,1305,225
114900090,377,397,-20
114900091,216,316,-100
114900097,119,3,116
114900098,3,336,-333
114900099,287,6,281
115000001,13293,8670,4623
115000002,5836,5480,356
115000003,6916,6402,514
115000004,5270,7551,-2281
115000005,2887,4516,-1629
115000006,1656,2615,-959
115000007,240,292,-52
115000008,846,816,30
115000009,300,701,-401
115000010,670,221,449
115000013,177,349,-172
115000015,115,763,-648
115000016,83,252,-169
115000019,51,658,-607
115000020,277,645,-368
115000021,292,739,-447
115000022,576,486,90
115000023,462,678,-216
115000024,1626,711,915
115000025,1050,832,218
115000026,150,521,-371
115000027,292,311,-19
115000028,192,1032,-840
115000029,772,201,571
115000030,606,1285,-679
115000031,1424,301,1123
115000032,35,449,-414
115000033,230,39,191
115000034,171,1348,-1177
115000035,1262,60,1202
115000036,0,493,-493
115000037,699,12,687
115000038,48,363,-315
115000039,5315,3728,1587
115000040,9375,5764,3611
115000041,2177,3974,-1797
115000042,1179,1144,35
115000043,4383,3145,1238
115000044,4306,6533,-2227
115000045,3917,3680,237
115000046,2513,4060,-1547
115000047,2007,3019,-1012
115000048,1822,4108,-2286
115000049,1889,5236,-3347
115000050,4221,2930,1291
115000051,3193,3542,-349
115000052,5411,3043,2368
115000053,1914,2142,-228
115000054,955,2154,-1199
115000055,238,731,-493
115000056,357,413,-56
115000057,833,594,239
115000058,279,183,96
115000059,190,98,92
115000061,388,159,229
115000062,379,471,-92
115000063,313,514,-201
115000064,294,238,56
115000065,263,524,-261
115000067,329,68,261
115000069,80,485,-405
115000070,25,1224,-1199
115000071,199,16,183
115000072,12,77,-65
115000073,2253,71,2182
115000075,146,131,15
115000076,6989,5069,1920
115000077,2198,4682,-2484
115000078,1232,2691,-1459
115000079,1472,3378,-1906
115000080,2892,4150,-1258
115000081,540,1320,-780
115000082,4314,4868,-554
115000083,2456,4057,-1601
115000084,2116,1933,183
115000085,938,1358,-420
115000086,1215,1672,-457
115000087,659,2101,-1442
115000088,2486,977,1509
115000089,2181,1947,234
115000090,1100,1397,-297
115000091,597,1764,-1167
115000092,406,495,-89
115000093,759,10,749
115000094,13067,6997,6070
115000095,10017,6425,3592
115000096,781,3110,-2329
115000097,854,1215,-361
115000098,969,1144,-175
115000099,2549,5420,-2871
115000100,1124,877,247
115000101,569,2175,-1606
115000102,613,342,271
115000103,462,1112,-650
115000105,74,310,-236
115000106,552,418,134
115000107,168,894,-726
115000108,5733,3473,2260
115000109,8372,4604,3768
115000110,1776,1549,227
115000111,820,2516,-1696
115000112,782,810,-28
115000113,707,1241,-534
115000114,1990,1060,930
115000116,5322,2532,2790
115000117,5265,3440,1825
115000118,2600,2304,296
115000119,2533,2858,-325
115000120,846,1520,-674
115000121,1947,1219,728
115000122,4232,2951,1281
115000123,2099,2286,-187
115000124,1347,1397,-50
115000125,601,813,-212
115000126,350,314,36
115000127,753,154,599
115000128,1427,1121,306
115000129,540,479,61
115000130,443,1341,-898
115000131,948,499,449
115000132,182,764,-582
115000133,711,528,183
115000134,358,325,33
115000135,463,341,122
115000136,431,318,113
115000137,248,227,21
115000138,282,409,-127
115000139,390,258,132
115000140,342,334,8
115000141,211,367,-156
115000142,225,398,-173
115000143,660,892,-232
115000144,645,186,459
115000145,523,566,-43
115000146,819,418,401
115000147,1276,681,595
115000148,462,2271,-1809
115000149,1036,380,656
115000150,883,1858,-975
115000151,1192,718,474
115000152,889,2618,-1729
115000153,1630,808,822
115000154,1030,509,521
115000155,987,1817,-830
115000156,3011,884,2127
115000157,1638,1299,339
115000158,939,477,462
115000159,1917,555,1362
115000160,836,361,475
115000161,213,819,-606
115000162,1072,1031,41
115000163,970,792,178
115000164,1002,775,227
115000165,600,578,22
115000167,456,151,305
115000168,1786,495,1291
115000169,1577,416,1161
115000170,381,177,204
115000171,749,306,443
115000172,2454,808,1646
115000173,783,695,88
115000174,280,379,-99
115000175,407,117,290
115000176,250,51,199
115000177,178,60,118
115000178,44,399,-355
115000179,38,28,10
115000180,142,1080,-938
115000181,776,231,545
115000182,753,589,164
115000183,287,1448,-1161
115000186,912,364,548
115000187,215,1325,-1110
115000188,539,927,-388
115000189,422,674,-252
115000190,1234,746,488
115000191,329,701,-372
115000194,331,225,106
115000195,412,501,-89
115000196,138,218,-80
115000197,262,517,-255
115000198,232,344,-112
115000199,327,371,-44
115000200,384,232,152
115000201,336,589,-253
115000206,440,135,305
115000207,143,426,-283
115000208,743,1037,-294
115000209,631,357,274
115000210,135,193,-58
115000211,275,294,-19
115000212,3322,320,3002
115000224,487,131,356
115000225,54,77,-23
115000229,317,274,43
115000230,104,626,-522
115000231,399,3496,-3097
115000232,1769,533,1236
115000233,410,252,158
115000234,28,345,-317
115000241,61,422,-361
115000242,87,440,-353
115000243,62,318,-256
115000244,5,108,-103
115000246,89,31,58
115000247,91,34,57
115000248,48,29,19
115000249,57,33,24
115000250,859,63,796
115000251,255,237,18
115000252,87,307,-220
115000253,22,579,-557
115000258,302,409,-107
115000259,433,180,253
115000261,18,68,-50
115000262,26,47,-21
115000263,11,95,-84
115000264,15,97,-82
115000267,86,137,-51
115000268,40,187,-147
115000269,145,96,49
115000270,40,25,15
115000272,86,214,-128
115000273,357,35,322
115000280,3032,191,2841
115000281,806,598,208
115000282,1522,565,957
115000284,417,175,242
115000296,1126,13,1113
115000297,532,105,427
115000298,268,388,-120
115000300,233,256,-23
115000302,608,264,344
115000303,816,203,613
115000304,847,169,678
115000305,164,1483,-1319
115000306,234,856,-622
115000307,128,365,-237
115000308,119,28,91
115000309,12,39,-27
115000310,1052,1387,-335
115000311,916,2192,-1276
115000313,212,1231,-1019
115000314,540,209,331
115000315,1778,797,981
115000316,65,93,-28
115000317,200,820,-620
115000318,987,468,519
115000319,134,539,-405
115000320,25,362,-337
115000321,795,10,785
115000322,57,438,-381
115000449,252,287,-35
115000557,2,1363,-1361
115000558,810,79,731
115000587,712,516,196
115000588,4451,5654,-1203
115000589,5101,4440,661
115000590,1730,2312,-582
115000591,2166,1323,843
115000592,1225,2652,-1427
115000593,2218,1129,1089
115000594,1073,3535,-2462
115000609,242,335,-93
115000617,2492,4081,-1589
115000624,235,150,85
115000633,477,2937,-2460
115000634,4061,1134,2927
115000635,729,201,528
115000638,1971,1128,843
115000641,127,194,-67
115000642,471,391,80
115000643,113,823,-710
115000644,181,547,-366
115000646,1070,1719,-649
115000647,233,729,-496
115000648,1786,2572,-786
115000893,5343,2484,2859
115000894,146,1777,-1631
115000895,876,1419,-543
115000896,3164,607,2557
115000897,731,178,553
115000898,1076,379,697
115000899,1431,2432,-1001
115000900,148,783,-635
115000901,138,276,-138
115000912,438,171,267
115000913,2,38,-36
115000915,49,1,48
115000916,65,1,64
115000917,0,11,-11
115000918,106,394,-288
115000919,41,4,37
115000920,215,90,125
115000921,1496,374,1122
115000922,3693,1242,2451
115000923,1273,1648,-375
115000925,119,139,-20
115000927,94,71,23
115000933,1222,388,834
115000934,134,192,-58
115000935,102,128,-26
115000936,88,907,-819
115000937,2212,320,1892
115000938,409,346,63
115000939,576,335,241
115000940,29,26,3
115000941,37,24,13
115000942,302,140,162
115000943,258,26,232
115000944,58,17,41
115900001,95,99,-4
115900002,147,225,-78
115900003,148,173,-25
115900004,5,100,-95
115900005,207,2,205
115900006,183,812,-629
115900008,50,25,25
115900009,67,533,-466
115900010,269,257,12
115900011,435,418,17
115900012,172,162,10
115900013,502,279,223
115900014,119,233,-114
115900015,90,171,-81
115900016,74,66,8
115900017,3,4,-1
115900018,182,124,58
115900019,217,42,175
115900020,23,0,23
115900021,2507,222,2285
115900022,4678,14,4664
115900023,44,7,37
115900025,73,321,-248
115900026,1068,461,607
115900027,2,578,-576
115900028,812,96,716
115900029,27,678,-651
115900030,103,24,79
115900031,739,316,423
115900032,522,1113,-591
115900033,4,51,-47
115900034,38,731,-693
115900035,140,27,113
115900036,544,745,-201
115900037,40,673,-633
115900038,113,8,105
115900039,251,627,-376
115900041,625,612,13
115900042,54,19,35
115900043,81,177,-96
115900044,447,340,107
115900046,193,428,-235
115900047,130,132,-2
115900049,179,314,-135
115900051,4,117,-113
115900052,17,323,-306
115900053,157,337,-180
115900054,213,89,124
115900055,23,191,-168
115900056,219,536,-317
115900057,134,8,126
115900058,41,79,-38
115900060,82,178,-96
115900061,296,0,296
115900062,26,434,-408
115900063,45,22,23
115900064,174,556,-382
115900065,130,169,-39
115900066,278,251,27
115900067,17,1109,-1092
115900068,4826,921,3905
115900069,53,303,-250
115900070,215,314,-99
115900071,0,779,-779
115900072,73,269,-196
115900073,36,75,-39
115900074,2,554,-552
115900075,24,355,-331
115900076,3,95,-92
115900077,18,466,-448
115900078,58,190,-132
115900079,210,11,199
115900080,634,377,257
115900081,16,106,-90
115900082,189,199,-10
115900084,370,55,315
115900085,110,102,8
115900086,2295,612,1683
115900088,37,94,-57
115900089,285,1016,-731
115900090,291,18,273
115900091,12,62,-50
115900092,32,334,-302
115900093,9,38,-29
115900094,1,621,-620
115900096,7,14,-7
115900097,5,673,-668
115900098,160,764,-604
115900099,66,91,-25
115900100,14,686,-672
115900101,158,653,-495
115900102,42,100,-58
115900103,316,422,-106
115900104,74,217,-143
115900105,197,1041,-844
115900106,86,32,54
115900107,87,243,-156
115900108,67,51,16
115900109,44,574,-530
115900110,0,36,-36
115900111,0,109,-109
115900112,47,1385,-1338
115900113,36,41,-5
115900114,4,185,-181
115900115,73,236,-163
115900116,74,1268,-1194
115900117,57,25,32
115900118,7,475,-468
115900119,333,136,197
115900120,31,531,-500
115900121,144,413,-269
115900124,206,771,-565
115900125,308,44,264
115900126,602,83,519
115900127,696,52,644
115900128,14,104,-90
115900129,779,51,728
115900130,37,350,-313
115900131,358,36,322
115900132,480,29,451
115900134,327,4,323
115900135,817,1079,-262
115900137,38,9,29
115900139,81,78,3
115900140,174,42,132
115900141,8,71,-63
115900142,25,28,-3
115900143,234,429,-195
115900144,109,358,-249
115900146,7,239,-232
115900147,410,276,134
115900148,38,14,24
115900149,53,38,15
115900150,72,97,-25
115900151,20,108,-88
115900152,159,622,-463
115900153,170,363,-193
115900154,1078,405,673
115900155,1,116,-115
115900156,726,981,-255
115900157,147,660,-513
115900158,60,19,41
115900159,99,479,-380
115900160,11,14,-3
115900161,65,271,-206
115900163,174,146,28
115900164,535,96,439
115900166,280,360,-80
115900168,143,212,-69
115900171,260,635,-375
115900172,97,172,-75
115900173,306,190,116
115900174,573,252,321
115900175,117,293,-176
115900178,13,1096,-1083
115900179,192,36,156
115900180,58,516,-458
115900181,137,444,-307
115900182,312,535,-223
115900183,143,47,96
115900184,2329,21,2308
115900187,11,178,-167
115900189,0,200,-200
115900190,502,1743,-1241
115900191,55,695,-640
115900192,11,130,-119
115900193,124,127,-3
115900194,547,55,492
115900195,694,1892,-1198
115900198,221,456,-235
115900199,211,376,-165
115900200,363,424,-61
115900201,412,336,76
115900202,1,16,-15
115900203,2,6,-4
115900204,0,4,-4
115900205,139,24,115
115900206,162,192,-30
115900207,34,51,-17
115900208,139,551,-412
115900209,10,164,-154
115900210,4,181,-177
115900211,9,356,-347
115900212,173,292,-119
115900213,174,105,69
115900214,422,400,22
115900215,50,144,-94
115900216,2,103,-101
115900217,2,66,-64
115900218,4,61,-57
115900219,78,7,71
115900220,105,27,78
115900221,67,15,52
115900222,50,18,32
115900223,12,224,-212
115900224,2648,1015,1633
115900225,95,33,62
115900226,21,44,-23
115900227,5,47,-42
115900228,6,72,-66
115900229,22,97,-75
115900230,53,171,-118
115900231,173,3,170
115900232,117,2,115
115900233,116,3,113
115900234,60,49,11
115900235,30,40,-10
115900236,79,11,68
115900237,23,33,-10
115900238,16,28,-12
115900239,8,57,-49
115900240,11,86,-75
115900241,181,156,25
115900242,578,578,0
115900243,15,8,7
115900244,12,15,-3
115900245,48,13,35
115900246,19,8,11
115900247,14,21,-7
115900248,15,6,9
115900249,17,8,9
115900250,7,14,-7
115900251,3,1,2
115900252,3,3,0
115900253,7,15,-8
115900254,27,26,1
115900255,10,29,-19
115900256,28,40,-12
115900257,7,2,5
115900258,0,3,-3
115900259,9,6,3
115900260,16,1,15
115900261,5,6,-1
115900262,3,3,0
115900263,10,4,6
115900264,11,9,2
115900265,4,10,-6
115900266,6,9,-3
115900267,11,12,-1
115900268,12,1,11
115900269,368,569,-201
115900270,365,1197,-832
115900271,64,0,64
115900272,47,1,46
115900273,6,19,-13
115900274,1,20,-19
115900275,2,39,-37
115900276,0,61,-61
115900277,0,171,-171
115900278,30,208,-178
115900279,9,235,-226
115900280,22,296,-274
115900281,1221,248,973
115900282,32,18,14
115900283,19,15,4
115900284,8,24,-16
116000001,18116,10820,7296
116000002,5718,13576,-7858
116000003,1940,3246,-1306
116000004,4483,4216,267
116000005,7325,5025,2300
116000006,6203,1952,4251
116000007,4185,5440,-1255
116000008,4023,2320,1703
116000009,2474,3816,-1342
116000010,2282,1307,975
116000011,1174,2797,-1623
116000012,867,1071,-204
116000013,30565,7287,23278
116000014,29263,19110,10153
116000015,680,2111,-1431
116000016,12078,5740,6338
116000017,38,1137,-1099
116000018,825,726,99
116000019,1331,520,811
116000020,736,1687,-951
116000021,790,547,243
116000022,406,773,-367
116000023,1971,1294,677
116000024,1020,1952,-932
116000025,2059,909,1150
116000026,2616,3111,-495
116000027,921,891,30
116000028,617,1026,-409
116000029,1435,832,603
116000030,982,697,285
116000031,181,344,-163
116000032,732,350,382
116000033,568,783,-215
116000034,1265,1506,-241
116000035,903,935,-32
116000036,3083,830,2253
116000037,1393,1109,284
116000038,1443,683,760
116000039,1083,304,779
116000040,3267,340,2927
116000041,516,634,-118
116000042,814,339,475
116000043,105,635,-530
116000044,37,242,-205
116000045,3165,1723,1442
116000046,1938,1772,166
116000047,3631,3761,-130
116000048,3407,2263,1144
116000049,1194,3042,-1848
116000050,1612,2212,-600
116000051,5591,2686,2905
116000052,5483,5262,221
116000053,2399,1678,721
116000054,1037,2947,-1910
116000055,634,1827,-1193
116000056,896,1993,-1097
116000057,4615,2750,1865
116000058,4308,2651,1657
116000059,3048,8076,-5028
116000060,3211,1225,1986
116000061,1825,1872,-47
116000062,1935,297,1638
116000063,1649,1979,-330
116000066,410,1072,-662
116000067,309,1233,-924
116000068,568,518,50
116000069,452,584,-132
116000078,456,1256,-800
116000080,2027,1405,622
116000082,4,96,-92
116000083,1638,551,1087
116000084,2960,5838,-2878
116000085,2387,2116,271
116000086,3728,2237,1491
116000087,1758,1941,-183
116000088,1134,1684,-550
116000089,330,193,137
116000090,324,252,72
116000091,250,278,-28
116000093,859,1117,-258
116000094,807,897,-90
116000095,700,1382,-682
116000096,986,1871,-885
116000097,878,1499,-621
116000098,576,7514,-6938
116000099,17298,607,16691
116000100,193,12,181
116000101,732,2186,-1454
116000102,396,2456,-2060
116000103,430,391,39
116000104,178,2985,-2807
116000105,1303,255,1048
116000106,622,2378,-1756
116000107,2290,648,1642
116000108,946,277,669
116000111,264,31,233
116000113,85,82,3
116000114,34,155,-121
116000115,222,116,106
116000116,297,538,-241
116000117,1813,3667,-1854
116000118,1633,2345,-712
116000119,2502,3318,-816
116000120,3424,6352,-2928
116000121,793,807,-14
116000122,1866,2623,-757
116000123,769,736,33
116000124,465,1232,-767
116000125,2299,922,1377
116000126,320,1948,-1628
116000127,1297,2154,-857
116000128,1627,1182,445
116000129,995,262,733
116000130,558,490,68
116000133,823,1817,-994
116000134,2230,3637,-1407
116000135,2152,2082,70
116000136,1612,3392,-1780
116000137,1189,1030,159
116000138,898,693,205
116000139,2431,2887,-456
116000140,279,403,-124
116000141,468,1344,-876
116000142,5832,5564,268
116000143,2665,2751,-86
116000144,1564,4371,-2807
116000145,1807,2312,-505
116000146,405,541,-136
116000147,891,158,733
116000148,839,666,173
116000149,701,778,-77
116000151,1348,1387,-39
116000153,163,1236,-1073
116000155,559,414,145
116000156,923,1348,-425
116000157,81,56,25
116000158,612,504,108
116000159,21,16,5
116000160,14,159,-145
116000161,7,160,-153
116000162,57,125,-68
116000163,32,16,16
116000164,3,35,-32
116000177,730,180,550
116000194,168,561,-393
116000195,3335,1066,2269
116000196,6,19,-13
116000197,4,56,-52
116000198,6206,1907,4299
116000200,1249,568,681
116000201,933,1027,-94
116000202,13,507,-494
116000203,4,162,-158
116000204,18,87,-69
116000205,2,222,-220
116000206,1,132,-131
116000207,3,29,-26
116000233,267,1256,-989
116000287,157,782,-625
116000288,187,412,-225
116000292,86,167,-81
116000296,32,367,-335
116000297,95,33,62
116000304,47,55,-8
116000305,17,71,-54
116000346,218,186,32
116000352,313,47,266
116000354,337,26,311
116000357,20,21,-1
116000358,194,51,143
116000361,1092,5,1087
116000372,18173,5695,12478
116000381,93,6,87
116000388,3,49,-46
116000389,1114,817,297
116000445,352,913,-561
116000446,500,1799,-1299
116000447,21,609,-588
116000448,892,578,314
116000563,1131,1133,-2
116000565,121,452,-331
116000568,58,318,-260
116000579,48,175,-127
116000583,184,187,-3
116000584,70,17,53
116000585,31,20,11
116000586,301,108,193
116000587,668,791,-123
116000589,46,106,-60
116000590,60,95,-35
116000591,146,461,-315
116000592,8,165,-157
116000593,0,118,-118
116000594,523,646,-123
116000595,993,241,752
116000596,125,11,114
116000597,254,83,171
116000598,15,251,-236
116000605,481,244,237
116000606,99,311,-212
116000607,1,66,-65
116000609,298,1134,-836
116000611,122,802,-680
116000612,780,2768,-1988
116000613,520,535,-15
116000614,718,1105,-387
116000615,2,294,-292
116000616,99,194,-95
116000617,109,116,-7
116000618,0,318,-318
116000619,22,72,-50
116000620,72,83,-11
116000621,49,140,-91
116000622,37,228,-191
116000624,202,102,100
116000627,67,231,-164
116000628,70,1589,-1519
116000629,50,844,-794
116000630,446,73,373
116000631,127,87,40
116000632,490,277,213
116000633,180,644,-464
116000634,368,366,2
116000635,6250,2235,4015
116000636,4339,1554,2785
116000637,327,123,204
116000638,104,907,-803
116000639,99,7,92
116000640,12,20,-8
116000641,76,186,-110
116000643,2,198,-196
116000644,29,1129,-1100
116000645,22,51,-29
116900001,256,169,87
116900002,417,6,411
116900003,24,97,-73
116900004,43,42,1
116900005,197,70,127
116900006,277,173,104
116900007,187,236,-49
116900008,333,563,-230
116900009,33,5,28
116900010,8,2981,-2973
116900011,19,86,-67
116900012,123,263,-140
116900013,5,229,-224
116900014,105,430,-325
116900016,175,2,173
116900017,8,1183,-1175
116900018,79,72,7
116900019,26,576,-550
116900020,2779,945,1834
116900023,135,22,113
116900025,909,1540,-631
116900026,252,1144,-892
116900027,38,109,-71
116900028,5,234,-229
116900029,4,49,-45
116900031,13,12,1
116900032,5,697,-692
116900033,12,42,-30
116900034,6,110,-104
116900035,187,421,-234
116900036,3,145,-142
116900038,61,27,34
116900041,56,38,18
116900042,1101,281,820
116900043,29,159,-130
116900047,191,118,73
116900049,32,497,-465
116900050,129,876,-747
116900051,102,445,-343
116900052,459,85,374
116900055,3,6,-3
116900057,18,505,-487
116900058,38,863,-825
116900059,4,306,-302
116900060,420,273,147
116900062,3,12,-9
116900064,76,1496,-1420
116900065,33,286,-253
116900067,104,256,-152
116900068,141,423,-282
116900070,4,13,-9
116900072,26,617,-591
116900073,10,431,-421
116900074,9,70,-61
116900076,13,55,-42
116900077,8,253,-245
116900078,315,195,120
116900079,51,674,-623
116900080,4,14,-10
116900081,411,2570,-2159
116900082,348,1084,-736
116900083,71,127,-56
116900084,705,81,624
116900085,21,169,-148
116900086,60,383,-323
116900088,468,94,374
116900090,159,104,55
116900091,240,142,98
116900092,95,1409,-1314
116900093,1869,4341,-2472
116900094,8061,6324,1737
116900095,954,327,627
116900096,153,382,-229
116900097,7861,2865,4996
116900098,1339,285,1054
116900099,786,801,-15
116900100,847,23,824
116900101,252,964,-712
116900103,1,3,-2
116900104,52,103,-51
116900105,380,80,300
116900106,1348,555,793
116900107,7009,2521,4488
116900110,15,2,13
116900111,459,1771,-1312
116900112,262,2022,-1760
116900113,5853,2029,3824
116900116,305,438,-133
116900117,54,132,-78
116900118,1332,1117,215
116900120,252,197,55
116900121,59,60,-1
116900122,579,1152,-573
116900123,154,1240,-1086
116900124,165,1867,-1702
116900125,323,520,-197
116900126,448,885,-437
116900128,0,58,-58
116900129,10,426,-416
116900130,1530,4397,-2867
116900131,85,247,-162
116900132,71,86,-15
116900133,100,95,5
116900134,437,291,146
116900136,230,285,-55
116900137,722,259,463
116900138,142,362,-220
116900139,92,627,-535
116900140,128,215,-87
116900141,707,414,293
116900142,0,108,-108
116900143,317,543,-226
116900144,20,97,-77
116900145,256,453,-197
116900147,1467,400,1067
116900148,2,26,-24
116900149,33,293,-260
116900150,9,8,1
116900151,66,25,41
116900153,84,96,-12
116900154,899,459,440
116900155,106,66,40
116900157,484,504,-20
116900158,603,198,405
116900159,51,506,-455
116900160,1480,492,988
116900161,14428,8176,6252
116900162,53,213,-160
116900163,136,228,-92
116900164,108,52,56
116900165,306,200,106
116900166,16,139,-123
116900167,435,81,354
116900168,391,118,273
116900169,2323,453,1870
116900170,266,496,-230
116900171,37,313,-276
116900172,458,261,197
116900173,188,109,79
116900174,31,50,-19
116900175,612,183,429
116900178,30,292,-262
116900179,129,261,-132
116900180,220,46,174
116900182,417,345,72
116900183,136,118,18
116900185,29,44,-15
116900186,102,488,-386
116900187,50,41,9
116900188,164,29,135
116900189,79,0,79
116900191,485,684,-199
116900192,244,321,-77
116900194,89,995,-906
116900195,55,7,48
116900196,37,174,-137
116900197,92,7,85
116900198,321,243,78
116900200,48,49,-1
116900201,69,7,62
116900202,182,77,105
116900203,125,4,121
116900204,71,104,-33
116900206,9,39,-30
116900207,47,45,2
116900208,23,246,-223
116900209,38,245,-207
116900210,509,351,158
116900211,272,15,257
116900212,62,181,-119
116900213,181,401,-220
116900214,163,125,38
116900215,37,120,-83
116900216,552,291,261
116900218,9,509,-500
116900219,1195,472,723
116900220,91,322,-231
116900221,58,442,-384
116900222,508,431,77
116900223,130,274,-144
116900226,55,89,-34
116900227,165,144,21
116900228,460,412,48
116900230,81,1358,-1277
116900233,603,258,345
116900234,3,7,-4
116900235,236,358,-122
116900238,1821,661,1160
116900239,33,1036,-1003
116900240,11739,5111,6628
116900241,63,290,-227
116900242,2685,774,1911
116900243,2,85,-83
116900245,25,20,5
116900246,121,17,104
116900247,498,18,480
116900248,108,53,55
116900249,356,214,142
116900250,325,70,255
116900251,819,447,372
116900252,83,1957,-1874
116900254,25,135,-110
116900255,100,60,40
116900256,254,140,114
116900257,33,844,-811
116900258,3,435,-432
116900259,120,16,104
116900260,0,217,-217
116900261,53,3,50
116900262,176,229,-53
116900263,0,25,-25
116900264,57,65,-8
116900265,47,0,47
116900266,21,169,-148
116900267,2,2,0
116900268,243,5,238
116900269,607,977,-370
116900271,1400,204,1196
116900272,830,1019,-189
116900273,1099,72,1027
116900274,191,149,42
116900275,133,205,-72
116900276,1484,123,1361
116900277,1017,26,991
116900278,3,24,-21
116900279,0,39,-39
116900280,22,57,-35
116900281,13435,4432,9003
116900282,7,241,-234
116900283,16,269,-253
116900284,23,310,-287
116900285,705,928,-223
116900286,284,15,269
116900287,6,157,-151
116900288,41,263,-222
116900289,16,51,-35
116900290,0,54,-54
116900291,6,21,-15
116900292,0,8,-8
116900293,35,104,-69
116900294,36,225,-189
116900295,863,47,816
116900296,186,59,127
116900297,21,142,-121
116900298,247,55,192
116900299,194,60,134
116900300,6,143,-137
116900301,149,178,-29
116900302,206,121,85
116900303,1302,143,1159
116900304,0,253,-253
116900305,79,190,-111
116900306,199,285,-86
116900307,105,0,105
116900308,4,381,-377
116900309,46,178,-132
116900310,6,79,-73
117000001,2908,3014,-106
117000002,3934,7998,-4064
117000003,14907,4342,10565
117000004,7510,9922,-2412
117000005,2862,2517,345
117000006,1982,8324,-6342
117000007,5377,2113,3264
117000008,2079,9556,-7477
117000009,6823,2772,4051
117000010,4288,8827,-4539
117000011,2520,3133,-613
117000012,1934,3098,-1164
117000013,3042,1952,1090
117000014,2721,4412,-1691
117000015,5678,1887,3791
117000016,2461,74,2387
117000017,1583,241,1342
117000018,483,540,-57
117000019,833,17,816
117000020,861,2038,-1177
117000021,4423,1574,2849
117000022,1618,66,1552
117000023,2138,404,1734
117000024,1658,124,1534
117000025,5444,627,4817
117000026,12457,1192,11265
117000027,3710,2358,1352
117000028,6269,1687,4582
117000030,1524,1108,416
117000031,701,422,279
117000032,4779,2162,2617
117000033,1801,1791,10
117000034,720,798,-78
117000035,515,449,66
117000036,800,816,-16
117000037,508,404,104
117000038,523,1094,-571
117000039,576,487,89
117000040,198,1551,-1353
117000041,838,222,616
117000044,56,1997,-1941
117000045,1071,119,952
117000046,893,1103,-210
117000047,1378,918,460
117000048,4080,3257,823
117000049,149,875,-726
117000050,245,4093,-3848
117000051,2559,250,2309
117000052,47,803,-756
117000053,415,62,353
117000054,1800,8,1792
117000055,206,5348,-5142
117000056,613,36,577
117000057,889,3474,-2585
117000060,522,2894,-2372
117000061,3012,1870,1142
117000062,337,932,-595
117000063,2822,1235,1587
117000064,1421,1737,-316
117000066,1445,1170,275
117000067,350,514,-164
117000074,266,422,-156
117000076,110,104,6
117000077,249,176,73
117000078,191,1232,-1041
117000079,560,349,211
117000080,2,620,-618
117000081,1983,140,1843
117000082,65,97,-32
117000083,236,9,227
117000084,754,1,753
117000085,284,786,-502
117000086,1539,997,542
117000087,122,802,-680
117000088,442,485,-43
117000089,1645,504,1141
117000090,344,2488,-2144
117000091,740,543,197
117000092,506,2658,-2152
117000093,1254,1015,239
117000094,1519,4366,-2847
117000095,3676,1344,2332
117000096,684,4131,-3447
117000097,1286,1811,-525
117000098,3513,8124,-4611
117000099,3082,1581,1501
117000100,186,259,-73
117000101,341,2109,-1768
117000102,1539,1032,507
117000103,1062,2737,-1675
117000104,1340,870,470
117000105,1076,2508,-1432
117000106,1232,1305,-73
117000107,622,2888,-2266
117000108,1536,1302,234
117000109,3161,3796,-635
117000110,1596,1158,438
117000111,5423,9064,-3641
117000112,3652,3779,-127
117000113,158,468,-310
117000114,176,278,-102
117000115,90,243,-153
117000116,120,344,-224
117000117,3125,870,2255
117000118,739,275,464
117000119,981,210,771
117000120,1132,654,478
117000121,207,2084,-1877
117000122,1005,2479,-1474
117000123,4367,38,4329
117000124,1420,68,1352
117000125,1836,94,1742
117000126,193,55,138
117000127,485,567,-82
117000128,806,1068,-262
117000129,2984,819,2165
117000130,184,1,183
117000131,1,206,-205
117000132,3067,39,3028
117000133,1141,124,1017
117000134,0,76,-76
117000135,11,26,-15
117000136,5,50,-45
117000137,110,85,25
117000138,3,947,-944
117000140,604,2360,-1756
117000141,1660,965,695
117000181,1224,446,778
117000182,513,439,74
117000195,264,1830,-1566
117000196,271,114,157
117000225,560,10,550
117000226,16,406,-390
117000276,303,18,285
117000277,2,768,-766
117000310,4157,5511,-1354
117000315,80,3302,-3222
117000320,233,2,231
117000906,258,5,253
117000907,18,679,-661
117000909,220,55,165
117000910,227,172,55
117000911,123,310,-187
117000915,8,1113,-1105
117000916,25,18,7
117000917,941,43,898
117000918,79,140,-61
117000919,6,220,-214
117000920,3,2360,-2357
117000921,7,2592,-2585
117000922,93,254,-161
117000924,1638,1700,-62
117000926,1463,112,1351
117000927,2263,811,1452
117000928,1,314,-313
117000929,227,1243,-1016
117000930,233,44,189
117000931,545,199,346
117900002,575,607,-32
117900003,905,628,277
117900005,18,317,-299
117900006,0,39,-39
117900007,319,226,93
117900008,0,56,-56
117900010,1115,182,933
117900011,84,32,52
117900012,75,246,-171
117900013,1,551,-550
117900014,2529,338,2191
117900015,42,324,-282
117900016,2989,876,2113
117900017,1899,794,1105
117900018,538,84,454
117900019,607,769,-162
117900020,121,571,-450
117900021,42,137,-95
117900023,884,1289,-405
117900024,105,159,-54
117900025,54,15,39
117900026,475,700,-225
117900028,355,21,334
117900029,237,1732,-1495
117900030,538,314,224
117900031,1088,194,894
117900032,1261,748,513
117900033,235,1585,-1350
117900034,150,121,29
117900035,219,100,119
117900036,242,1024,-782
117900037,105,166,-61
117900038,41,608,-567
117900039,8,109,-101
117900040,94,889,-795
117900041,2,68,-66
117900042,8310,983,7327
117900043,59,67,-8
117900044,17,7666,-7649
117900045,313,268,45
117900048,223,370,-147
117900049,190,1305,-1115
117900050,9,85,-76
117900051,156,8,148
117900052,116,530,-414
117900053,1568,815,753
117900054,8,25,-17
117900055,231,868,-637
117900056,577,54,523
117900057,1654,2247,-593
117900058,331,24,307
117900059,1494,91,1403
117900060,1918,8431,-6513
117900061,41,755,-714
117900063,569,434,135
117900065,1033,1745,-712
117900066,16,77,-61
117900067,434,461,-27
117900069,1132,760,372
117900070,734,11,723
117900071,402,276,126
117900073,540,720,-180
117900074,892,46,846
117900075,191,154,37
117900076,36,111,-75
117900077,331,232,99
117900078,281,977,-696
117900080,722,114,608
117900081,723,736,-13
117900082,376,473,-97
117900083,466,1096,-630
117900086,238,74,164
117900087,117,60,57
117900088,3712,3852,-140
117900089,1959,679,1280
117900090,1298,1231,67
117900091,430,262,168
117900092,136,47,89
117900093,123,96,27
117900094,33,15,18
117900095,1258,1114,144
117900096,82,414,-332
117900097,141,94,47
117900098,22,9,13
117900099,315,595,-280
117900100,160,2,158
117900101,877,2009,-1132
117900102,47,100,-53
117900103,46,3,43
117900104,38,197,-159
117900105,169,433,-264
117900106,89,90,-1
117900107,30,0,30
117900109,544,483,61
117900110,69,1,68
117900111,387,29,358
117900112,52,17,35
117900113,10536,3490,7046
117900114,16,0,16
117900115,406,81,325
117900116,1276,1862,-586
117900117,464,597,-133
117900118,57,0,57
117900119,126,358,-232
117900120,124,336,-212
117900121,173,23,150
117900122,2372,3368,-996
117900123,1334,997,337
117900124,990,942,48
117900125,1776,1888,-112
117900126,404,1116,-712
117900127,771,1033,-262
117900128,467,1395,-928
117900129,57,0,57
117900130,1098,578,520
117900131,0,156,-156
117900132,16,167,-151
117900133,8,221,-213
117900134,52,301,-249
117900135,23,252,-229
117900136,1,53,-52
117900137,33,383,-350
117900138,0,71,-71
117900139,99,139,-40
117900140,9206,836,8370
117900141,979,401,578
117900142,301,48,253
117900144,312,185,127
117900145,33,84,-51
117900146,1154,140,1014
117900147,75,96,-21
117900148,6207,1619,4588
117900149,78,200,-122
117900150,27,100,-73
117900151,120,203,-83
117900152,238,187,51
117900153,49,171,-122
117900154,889,1421,-532
117900156,1193,1775,-582
117900157,150,675,-525
117900158,187,116,71
117900160,842,575,267
117900161,3148,3871,-723
117900162,500,840,-340
117900163,559,46,513
117900165,1,29,-28
117900166,194,582,-388
117900168,24,237,-213
117900169,1,185,-184
117900170,2,45,-43
117900171,0,11,-11
117900172,13,45,-32
117900173,174,114,60
117900174,24,95,-71
117900175,4,80,-76
117900176,24,128,-104
117900177,7,90,-83
117900178,111,47,64
117900180,433,61,372
117900181,309,310,-1
117900182,9,35,-26
117900183,59,263,-204
117900184,6,52,-46
117900185,34,76,-42
117900186,30,33,-3
117900187,15,28,-13
117900188,253,50,203
117900189,96,33,63
117900190,21,9,12
117900191,113,1,112
117900192,236,0,236
117900193,9,95,-86
117900194,15,9,6
117900195,8,58,-50
117900196,16,24,-8
117900207,261,130,131
117900208,57,64,-7
117900209,249,400,-151
117900210,188,323,-135
117900211,13,368,-355
117900212,103,242,-139
117900213,23,30,-7
117900214,8,59,-51
117900215,16,82,-66
117900216,77,27,50
117900217,287,205,82
117900218,427,493,-66
117900219,25,94,-69
117900220,506,203,303
117900222,225,531,-306
117900223,308,521,-213
118000001,1413,1326,87
118000002,2179,4097,-1918
118000003,10819,3866,6953
118000004,11135,3611,7524
118000005,7050,8064,-1014
118000006,8777,15917,-7140
118000007,14514,3797,10717
118000008,12037,5362,6675
118000009,4134,4413,-279
118000010,4303,5451,-1148
118000011,1387,3952,-2565
118000012,2625,4531,-1906
118000013,5856,5012,844
118000014,2994,6128,-3134
118000016,279,594,-315
118000017,414,704,-290
118000018,446,625,-179
118000019,3166,2131,1035
118000020,1779,2642,-863
118000021,1946,3443,-1497
118000022,3006,1313,1693
118000023,1841,552,1289
118000024,1836,1512,324
118000027,22352,15921,6431
118000029,1383,1222,161
118000032,1890,7268,-5378
118000033,4172,6190,-2018
118000034,7351,2949,4402
118000035,2251,3448,-1197
118000036,4107,1607,2500
118000037,1685,1608,77
118000038,218,175,43
118000039,212,971,-759
118000040,2730,3372,-642
118000041,4401,2665,1736
118000045,1591,159,1432
118000046,5388,829,4559
118000047,7595,888,6707
118000048,10566,2190,8376
118000051,5548,1150,4398
118000052,4779,746,4033
118000053,3190,1277,1913
118000054,3520,6054,-2534
118000055,2806,6526,-3720
118000056,328,679,-351
118000057,200,1351,-1151
118000058,11307,2006,9301
118000059,9369,1165,8204
118000060,2413,1100,1313
118000061,1016,2422,-1406
118000062,857,746,111
118000063,925,695,230
118000064,2063,1758,305
118000065,9331,4478,4853
118000066,2198,2284,-86
118000067,2262,1162,1100
118000068,4350,6848,-2498
118000069,6967,2020,4947
118000070,11284,3154,8130
118000071,5550,13085,-7535
118000072,6429,1476,4953
118000073,5645,773,4872
118000074,1048,1296,-248
118000075,1070,483,587
118000076,3796,2310,1486
118000077,2880,1962,918
118000078,4779,2875,1904
118000079,474,629,-155
118000080,2620,1356,1264
118000081,4555,1566,2989
118000082,574,1660,-1086
118000083,3585,2242,1343
118000084,5046,2896,2150
118000086,635,882,-247
118000087,10550,3965,6585
118000088,3699,3750,-51
118000089,6117,3867,2250
118000090,3259,5397,-2138
118000091,2920,4914,-1994
118000092,2208,961,1247
118000093,189,1219,-1030
118000096,1131,1092,39
118000097,1899,1285,614
118000098,519,295,224
118000099,522,1124,-602
118000101,1236,655,581
118000102,586,2624,-2038
118000107,5849,915,4934
118000108,1215,4499,-3284
118000110,2,50,-48
118000111,5,1185,-1180
118000112,742,8,734
118000113,11,1789,-1778
118000114,562,18,544
118000115,23,82,-59
118000116,152,0,152
118000117,3288,1263,2025
118000118,3438,991,2447
118000119,1931,1705,226
118000120,2768,1682,1086
118000121,154,787,-633
118000122,2760,408,2352
118000123,113,380,-267
118000125,4266,1537,2729
118000126,2999,2436,563
118000127,4646,1208,3438
118000128,1725,1710,15
118000129,2840,898,1942
118000130,4484,6779,-2295
118000131,1763,2139,-376
118000132,3340,2692,648
118000133,3802,956,2846
118000135,1304,649,655
118000136,241,890,-649
118000137,3138,195,2943
118000138,685,1211,-526
118000139,736,195,541
118000140,3697,6476,-2779
118000141,2566,3522,-956
118000142,2396,3512,-1116
118000143,2198,2014,184
118000144,2668,1650,1018
118000145,2196,3821,-1625
118000146,1262,1693,-431
118000147,1133,2653,-1520
118000148,705,2768,-2063
118000149,1224,2065,-841
118000150,431,653,-222
118000151,340,778,-438
118000153,1486,2121,-635
118000154,1577,2686,-1109
118000155,1259,2360,-1101
118000156,4311,3855,456
118000157,814,916,-102
118000158,255,861,-606
118000159,42,130,-88
118000160,557,709,-152
118000161,596,1111,-515
118000162,1306,1416,-110
118000163,1065,1368,-303
118000164,4374,2455,1919
118000168,2716,647,2069
118000169,1956,2549,-593
118000170,5620,10148,-4528
118000171,493,1153,-660
118000172,131,540,-409
118000173,1379,1789,-410
118000175,330,495,-165
118000176,326,623,-297
118000177,243,737,-494
118000178,251,67,184
118000179,2393,1686,707
118000180,1146,1380,-234
118000181,1296,364,932
118000182,344,397,-53
118000183,303,523,-220
118000184,750,1800,-1050
118000185,1148,1244,-96
118000186,803,1162,-359
118000187,1580,1189,391
118000188,1805,350,1455
118000189,640,1553,-913
118000190,24,10,14
118000191,45,63,-18
118000192,238,299,-61
118000193,233,841,-608
118000194,5327,2247,3080
118000195,2451,1225,1226
118000196,1734,243,1491
118000197,818,182,636
118000198,1334,944,390
118000199,3035,693,2342
118000200,122,359,-237
118000201,1414,832,582
118000202,139,78,61
118000203,3202,629,2573
118000204,560,634,-74
118000205,545,709,-164
118000206,377,324,53
118000207,0,171,-171
118000208,1689,2694,-1005
118000209,2222,3188,-966
118000210,39,65,-26
118000211,60,71,-11
118000213,3288,1604,1684
118000214,1461,1504,-43
118000215,379,878,-499
118000216,2459,8641,-6182
118000217,23,243,-220
118000218,82,172,-90
118000219,1099,911,188
118000220,2,63,-61
118000221,192,561,-369
118000222,123,28,95
118000223,46,70,-24
118000224,697,142,555
118000225,262,1690,-1428
118000226,3436,251,3185
118000227,1549,638,911
118000228,189,290,-101
118000229,836,101,735
118000230,243,394,-151
118000231,117,274,-157
118000232,945,1482,-537
118000233,1098,1362,-264
118000234,464,388,76
118000236,616,489,127
118000237,114,839,-725
118000238,471,394,77
118000239,416,548,-132
118000240,789,198,591
118000241,279,481,-202
118000242,511,1084,-573
118000243,301,314,-13
118000244,32,186,-154
118000246,0,14,-14
118000255,206,505,-299
118000256,187,557,-370
118000259,8,103,-95
118000260,412,225,187
118000261,30,179,-149
118000263,131,339,-208
118000266,166,628,-462
118000267,0,79,-79
118000268,1701,4,1697
118000270,87,72,15
118000271,339,631,-292
118000272,128,62,66
118000273,150,139,11
118000274,191,536,-345
118000276,377,538,-161
118000295,11,169,-158
118000298,120,659,-539
118000299,114,322,-208
118000301,1,149,-148
118000302,137,182,-45
118000311,431,170,261
118000312,377,307,70
118000313,39,251,-212
118000314,72,104,-32
118000315,18,147,-129
118000316,914,1052,-138
118000325,50,79,-29
118000326,22,58,-36
118000331,13,65,-52
118000332,19,37,-18
118000333,75,95,-20
118000335,215,2,213
118000336,2,549,-547
118000407,173,191,-18
118000457,23,83,-60
118000465,4181,7251,-3070
118000480,53,258,-205
118000489,108,737,-629
118000490,123,1025,-902
118000492,203,389,-186
118000510,165,31,134
118000514,404,710,-306
118000515,1538,1380,158
118000517,792,583,209
118000524,1315,299,1016
118000525,1221,1172,49
118000530,20,154,-134
118000531,263,473,-210
118000532,304,406,-102
118000533,873,209,664
118000534,1140,524,616
118000535,398,231,167
118000536,1048,2112,-1064
118000537,132,124,8
118000538,100,221,-121
118000539,32,236,-204
118000540,650,240,410
118000541,644,117,527
118000542,347,227,120
118000543,754,281,473
118000546,38,33,5
118000553,0,0,0
118000557,0,0,0
118000560,4906,2429,2477
118000562,43,830,-787
118000563,4225,2429,1796
118000576,286,451,-165
118000577,422,247,175
118000578,398,271,127
118000579,1370,2041,-671
118000583,0,0,0
118000595,266,160,106
118000596,0,165,-165
118000597,211,259,-48
118000598,3,1,2
118000599,36,94,-58
118000600,4,15,-11
118000601,3,0,3
118000602,3,25,-22
118000603,0,130,-130
118000605,58,845,-787
118000606,22,45,-23
118900001,1778,1865,-87
118900002,1762,1331,431
118900003,232,58,174
118900004,75,63,12
118900005,108,6,102
118900006,171,1,170
118900007,9,8,1
118900008,1797,74,1723
118900009,36,32,4
118900010,77,6,71
118900011,221,50,171
118900012,592,303,289
118900013,1023,98,925
118900015,229,97,132
118900016,8,28,-20
118900017,296,264,32
118900018,1749,26,1723
118900019,62,12,50
118900020,376,167,209
118900021,303,533,-230
118900022,147,131,16
118900023,388,191,197
118900024,120,274,-154
118900025,106,45,61
118900026,58,112,-54
118900027,988,528,460
118900028,225,287,-62
118900029,388,729,-341
118900030,313,214,99
118900031,162,166,-4
118900032,327,259,68
118900033,1532,1008,524
118900034,301,30,271
118900035,194,384,-190
118900036,1178,1256,-78
118900037,925,367,558
118900038,413,441,-28
118900039,574,402,172
118900040,172,380,-208
118900041,838,463,375
118900042,220,225,-5
118900045,449,355,94
118900046,1127,489,638
118900047,1413,525,888
118900048,1269,279,990
118900049,123,78,45
118900050,42,296,-254
118900051,330,114,216
118900052,672,359,313
118900053,43,147,-104
118900054,168,227,-59
118900055,51,250,-199
118900056,338,395,-57
118900057,778,538,240
118900058,904,509,395
118900059,41,190,-149
118900060,99,369,-270
118900062,233,313,-80
118900064,909,1212,-303
118900065,54,410,-356
118900066,145,176,-31
118900067,7844,4490,3354
118900068,7,1270,-1263
118900069,561,596,-35
118900071,8,101,-93
118900072,735,719,16
118900073,132,252,-120
118900074,163,378,-215
118900075,75,146,-71
118900076,753,89,664
118900077,223,283,-60
118900078,57,18,39
118900079,133,379,-246
118900080,17,143,-126
118900081,86,46,40
118900082,827,298,529
118900083,31,26,5
118900084,18,37,-19
118900085,723,1488,-765
118900086,23,99,-76
118900087,27,296,-269
118900088,0,13,-13
118900089,99,17,82
118900090,439,725,-286
118900091,198,397,-199
118900092,110,128,-18
118900093,311,18,293
118900096,155,187,-32
118900097,193,1039,-846
118900099,59,498,-439
118900100,164,350,-186
118900101,35,490,-455
118900102,84,112,-28
118900103,35,151,-116
118900104,36,62,-26
118900105,243,214,29
118900107,224,255,-31
118900108,146,172,-26
118900110,2346,1213,1133
118900111,611,872,-261
118900112,142,207,-65
118900113,151,990,-839
118900114,42,114,-72
118900115,118,506,-388
118900116,146,252,-106
118900117,118,208,-90
118900118,347,842,-495
118900119,153,381,-228
118900120,153,497,-344
118900121,25,345,-320
118900122,14,1237,-1223
118900123,154,327,-173
118900124,143,321,-178
118900126,38,463,-425
118900129,471,270,201
118900130,189,191,-2
118900131,133,512,-379
118900132,948,241,707
118900133,39,150,-111
118900135,230,281,-51
118900136,244,1090,-846
118900137,6,29,-23
118900139,349,1042,-693
118900140,547,1028,-481
118900141,68,372,-304
118900144,334,813,-479
118900145,33,291,-258
118900146,363,1312,-949
118900147,688,235,453
118900148,66,94,-28
118900150,207,973,-766
118900152,587,1356,-769
118900157,276,316,-40
118900158,95,159,-64
118900159,2,271,-269
118900161,247,6,241
118900163,345,99,246
118900164,5,143,-138
118900165,70,437,-367
118900166,25,4,21
118900167,123,227,-104
118900168,12,88,-76
118900169,132,776,-644
118900170,179,173,6
118900171,18,52,-34
118900174,74,113,-39
118900175,382,629,-247
118900176,185,319,-134
118900177,55,102,-47
118900178,63,270,-207
118900179,1,16,-15
118900181,143,207,-64
118900182,154,76,78
118900183,66,142,-76
118900184,272,98,174
118900185,120,209,-89
118900186,98,138,-40
118900187,348,423,-75
118900188,383,409,-26
118900189,40,956,-916
118900190,22,916,-894
118900191,224,67,157
118900192,233,24,209
118900193,479,9,470
118900195,412,1579,-1167
118900196,29,308,-279
118900197,157,138,19
118900198,16,89,-73
118900199,64,136,-72
118900200,37,25,12
118900201,69,52,17
118900202,24,128,-104
118900203,6,82,-76
118900204,32,37,-5
118900205,8,16,-8
118900206,2,25,-23
119000001,1784,2100,-316
119000002,3491,4169,-678
119000003,2338,2543,-205
119000004,4141,2744,1397
119000005,5216,3844,1372
119000006,3185,2926,259
119000007,5557,5225,332
119000008,3469,3167,302
119000009,5536,5277,259
119000010,11630,5321,6309
119000011,8480,3631,4849
119000012,6070,4386,1684
119000013,2903,2012,891
119000014,4004,5427,-1423
119000019,430,338,92
119000020,2943,2543,400
119000021,4707,3909,798
119000022,5895,4575,1320
119000023,773,431,342
119000024,4146,12519,-8373
119000025,22681,1988,20693
119000026,353,453,-100
119000027,938,636,302
119000028,3714,2585,1129
119000029,182,418,-236
119000030,761,2122,-1361
119000031,1137,1048,89
119000032,2682,3491,-809
119000033,2879,3109,-230
119000034,1424,1596,-172
119000035,27,526,-499
119000036,1788,1837,-49
119000037,1368,3277,-1909
119000038,178,1838,-1660
119000039,362,491,-129
119000040,2298,931,1367
119000041,1809,2308,-499
119000048,4856,5620,-764
119000049,2831,5223,-2392
119000050,2786,4452,-1666
119000051,3312,1683,1629
119000052,3641,5366,-1725
119000053,2255,1647,608
119000054,3426,6628,-3202
119000055,3694,5324,-1630
119000056,2275,3071,-796
119000057,1582,4283,-2701
119000058,2633,3715,-1082
119000059,1607,3149,-1542
119000060,1999,1446,553
119000061,1309,1387,-78
119000062,1347,1912,-565
119000063,616,719,-103
119000064,3143,2782,361
119000065,2470,4439,-1969
119000066,2664,1629,1035
119000067,2647,4488,-1841
119000068,1867,1753,114
119000069,2012,4806,-2794
119000070,2580,1864,716
119000071,751,1519,-768
119000072,11326,5653,5673
119000073,7156,9160,-2004
119000074,1479,6107,-4628
119000075,1770,4202,-2432
119000076,531,1314,-783
119000077,910,761,149
119000078,474,440,34
119000079,166,1081,-915
119000080,385,444,-59
119000081,399,476,-77
119000082,1058,448,610
119000083,659,510,149
119000084,432,777,-345
119000085,903,497,406
119000086,253,571,-318
119000087,2619,1487,1132
119000088,351,365,-14
119000089,96,315,-219
119000090,178,273,-95
119000091,180,470,-290
119000092,802,334,468
119000093,6159,5517,642
119000094,2998,11691,-8693
119000095,1709,4990,-3281
119000097,5233,2644,2589
119000098,1073,2920,-1847
119000099,3050,3486,-436
119000100,3941,3110,831
119000101,3924,2623,1301
119000102,1012,1126,-114
119000103,1914,601,1313
119000104,4975,2339,2636
119000105,1308,1878,-570
119000106,393,3365,-2972
119000107,814,672,142
119000108,473,1994,-1521
119000109,192,408,-216
119000110,699,330,369
119000111,64,670,-606
119000112,258,92,166
119000113,2741,338,2403
119000114,1081,1408,-327
119000115,196,465,-269
119000116,284,199,85
119000117,185,445,-260
119000118,2,6,-4
119000123,9174,845,8329
119000124,766,307,459
119000125,3082,1505,1577
119000126,1014,1524,-510
119000127,599,1360,-761
119000128,20,8,12
119000131,1023,1491,-468
119000132,5,11,-6
119000133,4,18,-14
119000134,6165,1028,5137
119000135,156,286,-130
119000136,215,323,-108
119000137,164,772,-608
119000138,351,575,-224
119000139,247,484,-237
119000140,210,452,-242
119000284,1720,5059,-3339
119000285,3797,3597,200
119000286,9344,8556,788
119000287,2169,3878,-1709
119000288,3621,2404,1217
119000289,5550,6392,-842
119000290,209,1133,-924
119000291,11,619,-608
119000293,139,302,-163
119000294,47,48,-1
119000295,4708,970,3738
119000296,182,206,-24
119000297,0,0,0
119000299,0,0,0
119000302,6301,2198,4103
119000303,82,324,-242
119000304,0,0,0
119000310,0,0,0
119000314,1832,10641,-8809
119000315,2,941,-939
119000316,111,195,-84
119000317,88,727,-639
119900001,298,1577,-1279
119900002,240,474,-234
119900003,73,1682,-1609
119900004,450,919,-469
119900005,223,217,6
119900006,237,458,-221
119900007,1000,168,832
119900008,70,30,40
119900009,667,818,-151
119900010,1293,1124,169
119900011,26,83,-57
119900012,37,78,-41
119900013,2137,922,1215
119900014,681,283,398
119900015,105,38,67
119900016,25,210,-185
119900017,27,80,-53
119900018,2488,805,1683
119900019,52,2,50
119900020,150,203,-53
119900021,158,86,72
119900022,173,482,-309
119900023,1687,1375,312
119900025,150,34,116
119900026,1607,134,1473
119900027,26,48,-22
119900028,249,118,131
119900029,2,4,-2
119900030,634,765,-131
119900031,67,376,-309
119900033,2192,270,1922
119900034,345,217,128
119900037,253,72,181
119900038,66,341,-275
119900039,54,7,47
119900040,116,16,100
119900041,97,28,69
119900042,101,246,-145
119900043,83,305,-222
119900044,398,697,-299
119900046,92,115,-23
119900047,270,59,211
119900048,138,90,48
119900049,114,10,104
119900050,97,96,1
119900051,987,11,976
119900052,35,56,-21
119900053,199,349,-150
119900054,146,8,138
119900055,1383,551,832
119900057,163,119,44
119900058,314,2,312
119900059,267,70,197
119900060,264,13,251
119900061,208,11,197
119900062,33,24,9
119900063,19,44,-25
119900065,277,10,267
119900067,126,29,97
119900068,367,2,365
119900069,91,13,78
119900070,891,17,874
119900071,588,13,575
119900073,2754,765,1989
119900074,77,32,45
119900075,9400,3254,6146
119900076,505,771,-266
119900077,731,2014,-1283
119900078,570,1528,-958
119900079,762,502,260
119900080,533,607,-74
119900081,472,198,274
119900082,1172,454,718
119900083,364,181,183
119900084,1428,315,1113
119900085,290,107,183
119900086,450,1754,-1304
119900087,1717,422,1295
119900088,73,71,2
119900089,27,830,-803
119900090,229,104,125
119900091,77,2152,-2075
119900092,24,607,-583
119900093,1273,223,1050
119900094,63,329,-266
119900095,271,120,151
119900096,49,109,-60
119900097,922,231,691
119900098,50,89,-39
119900099,28,386,-358
119900100,4438,2969,1469
119900101,245,1628,-1383
119900102,32,573,-541
119900103,35,934,-899
119900104,32,367,-335
119900105,959,1504,-545
119900106,30,355,-325
119900107,594,6267,-5673
119900108,3230,1054,2176
119900109,64,564,-500
119900110,652,1559,-907
119900111,66,547,-481
119900112,5440,914,4526
119900113,108,630,-522
119900114,251,3344,-3093
119900115,206,1948,-1742
119900116,147,569,-422
119900117,284,1696,-1412
119900118,41,1858,-1817
119900119,277,446,-169
119900120,721,1122,-401
119900121,340,2541,-2201
119900122,693,630,63
119900123,295,544,-249
119900124,204,1839,-1635
119900125,55,674,-619
119900126,9355,554,8801
119900127,3978,1587,2391
119900128,499,1597,-1098
119900129,239,1643,-1404
119900130,44,654,-610
119900131,37,612,-575
119900132,0,626,-626
119900133,17,57,-40
119900134,4099,434,3665
119900135,4,845,-841
119900136,216,912,-696
119900138,466,1212,-746
119900139,53,116,-63
119900140,1,333,-332
119900141,237,939,-702
119900142,1,24,-23
119900143,25,356,-331
119900144,4464,423,4041
119900145,181,399,-218
119900146,182,243,-61
119900147,9,246,-237
119900148,152,89,63
119900149,3595,3931,-336
119900150,340,269,71
119900151,3716,1352,2364
119900152,90,783,-693
119900153,129,133,-4
119900154,50,1376,-1326
119900155,52,54,-2
119900156,16,4,12
119900157,92,435,-343
119900158,144,100,44
119900159,9,2758,-2749
119900160,26,284,-258
119900161,258,547,-289
119900162,1000,1112,-112
119900163,163,202,-39
119900164,0,3,-3
119900165,160,443,-283
119900166,57,62,-5
119900167,226,166,60
119900168,760,719,41
119900169,207,655,-448
119900170,239,246,-7
119900171,867,754,113
119900172,183,24,159
119900173,11,867,-856
119900174,7,356,-349
119900175,1049,1068,-19
119900177,52,355,-303
119900178,16,316,-300
119900179,132,403,-271
119900180,1201,1114,87
119900181,85,114,-29
119900182,5,867,-862
119900183,202,1475,-1273
119900184,4779,899,3880
119900185,50,208,-158
119900186,187,882,-695
119900187,11,1002,-991
119900188,72,418,-346
119900189,517,361,156
119900190,77,249,-172
119900191,441,179,262
119900192,58,348,-290
119900193,287,324,-37
119900194,18,74,-56
119900195,17,290,-273
119900196,2163,537,1626
119900197,213,138,75
119900198,88,596,-508
119900199,179,31,148
119900200,589,948,-359
119900201,404,230,174
119900202,288,258,30
119900203,196,491,-295
119900204,253,432,-179
119900205,568,1125,-557
119900206,123,266,-143
119900208,203,243,-40
119900209,672,1320,-648
119900210,18,70,-52
119900211,154,30,124
119900212,190,547,-357
119900213,9,52,-43
119900214,23,131,-108
119900215,53,110,-57
119900216,22,123,-101
119900217,17,98,-81
119900218,26,136,-110
119900219,7,191,-184
119900220,5,236,-231
119900221,28,629,-601
119900222,16,473,-457
119900223,14,153,-139
119900224,19,36,-17
119900225,1971,72,1899
119900226,1171,1973,-802
119900227,1572,653,919
119900228,48,409,-361
119900229,390,912,-522
119900230,2202,945,1257
119900231,209,411,-202
119900232,234,116,118
119900233,40,10,30
119900234,35,64,-29
119900235,73,67,6
119900236,23,386,-363
119900237,55,868,-813
119900238,4,158,-154
119900240,96,234,-138
119900241,198,325,-127
119900242,2786,4029,-1243
119900244,1382,1725,-343
119900245,179,246,-67
119900246,370,574,-204
119900247,30,121,-91
119900248,96,93,3
119900249,194,119,75
119900253,6922,593,6329
119900254,86,646,-560
119900255,76,683,-607
119900256,453,1720,-1267
119900257,69,3,66
119900258,66,54,12
119900259,9,293,-284
119900260,77,5,72
119900261,211,300,-89
119900262,4,541,-537
119900263,1606,556,1050
119900264,51,465,-414
119900265,460,624,-164
119900266,246,571,-325
119900267,292,657,-365
119900268,177,386,-209
119900269,988,2269,-1281
119900271,39,148,-109
119900272,385,82,303
119900275,120,20,100
119900276,38,1,37
119900277,6,5,1
119900278,426,108,318
119900279,220,444,-224
119900280,1766,277,1489
119900281,0,176,-176
119900282,70,53,17
119900283,10,533,-523
119900284,138,265,-127
119900285,20,67,-47
119900286,4,24,-20
119900288,2,41,-39
119900289,0,59,-59
119900290,1,77,-76
119900291,0,52,-52
119900292,38,32,6
119900293,42,137,-95
119900294,13,130,-117
119900295,25,81,-56
119900296,24,333,-309
119900297,0,19,-19
119900298,8,2,6
119900299,41,377,-336
119900300,156,285,-129
119900301,316,14,302
119900302,222,69,153
119900303,232,357,-125
119900304,136,61,75
119900305,14,130,-116
119900306,26,3,23
119900307,35,199,-164
119900308,10,37,-27
119900309,37,96,-59
119900310,431,442,-11
119900311,51,248,-197
119900312,125,107,18
119900313,317,512,-195
119900314,131,419,-288
119900315,1272,3816,-2544
119900318,19,27,-8
119900319,5,557,-552
119900320,141,946,-805
119900321,69,4,65
120000001,15539,20419,-4880
120000002,2917,5002,-2085
120000003,4657,2698,1959
120000004,3778,3533,245
120000005,6850,2939,3911
120000006,1920,2155,-235
120000007,5464,3916,1548
120000008,1390,2144,-754
120000009,6819,1332,5487
120000010,1972,4557,-2585
120000011,1454,3580,-2126
120000012,1730,4485,-2755
120000013,2823,4247,-1424
120000014,851,2728,-1877
120000015,3770,2615,1155
120000016,4839,4814,25
120000017,3317,3793,-476
120000018,7353,13807,-6454
120000019,1187,1870,-683
120000020,4618,4225,393
120000021,2854,3446,-592
120000022,3767,5378,-1611
120000023,1188,2766,-1578
120000024,2055,3255,-1200
120000025,2780,3590,-810
120000026,1735,3268,-1533
120000027,1801,2991,-1190
120000028,1573,740,833
120000029,5987,958,5029
120000030,624,1650,-1026
120000031,3153,14838,-11685
120000032,16221,5606,10615
120000033,5326,3481,1845
120000034,2327,3924,-1597
120000035,2481,4408,-1927
120000036,3761,7292,-3531
120000037,889,2133,-1244
120000038,15937,4661,11276
120000039,661,1322,-661
120000040,185,261,-76
120000041,1736,2693,-957
120000042,2424,5110,-2686
120000043,6353,4210,2143
120000044,5078,2073,3005
120000045,5130,1526,3604
120000046,2636,3509,-873
120000047,3051,5763,-2712
120000048,12706,5672,7034
120000049,8154,4361,3793
120000050,8421,8125,296
120000051,4895,8722,-3827
120000052,21502,4227,17275
120000053,1660,6219,-4559
120000054,1670,9360,-7690
120000055,1820,8090,-6270
120000056,4335,6353,-2018
120000057,3413,1014,2399
120000058,2819,402,2417
120000059,78,1670,-1592
120000061,237,964,-727
120000062,296,543,-247
120000063,2992,4226,-1234
120000064,259,2182,-1923
120000065,713,2731,-2018
120000066,241,647,-406
120000067,51,721,-670
120000068,247,1646,-1399
120000069,1028,2510,-1482
120000070,124,1681,-1557
120000071,420,366,54
120000072,623,838,-215
120000073,663,158,505
120000074,130,95,35
120000075,480,367,113
120000076,1843,580,1263
120000077,1816,789,1027
120000078,5391,1235,4156
120000079,448,1108,-660
120000080,293,571,-278
120000081,467,397,70
120000082,274,403,-129
120000083,320,785,-465
120000084,638,787,-149
120000085,437,626,-189
120000086,467,1076,-609
120000087,294,1859,-1565
120000088,872,2253,-1381
120000089,1091,984,107
120000090,718,868,-150
120000091,896,1646,-750
120000092,1367,979,388
120000093,348,856,-508
120000094,154,847,-693
120000095,1152,987,165
120000096,306,1970,-1664
120000098,943,1791,-848
120000099,525,1106,-581
120000100,789,1369,-580
120000101,518,724,-206
120000102,567,903,-336
120000103,1601,837,764
120000104,1921,562,1359
120000105,3177,821,2356
120000106,2068,706,1362
120000107,3544,860,2684
120000108,987,163,824
120000109,1258,93,1165
120000110,138,1546,-1408
120000111,175,2145,-1970
120000112,1078,6298,-5220
120000113,774,4627,-3853
120000114,1083,5052,-3969
120000115,529,4437,-3908
120000116,859,3403,-2544
120000117,2342,2412,-70
120000118,94,28,66
120000119,73,139,-66
120000120,52,67,-15
120000121,37,149,-112
120000122,529,560,-31
120000123,9605,7182,2423
120000124,425,886,-461
120000125,535,1560,-1025
120000126,615,1325,-710
120000127,4283,1438,2845
120000128,10260,4016,6244
120000129,478,553,-75
120000130,1114,1159,-45
120000131,341,797,-456
120000134,465,2090,-1625
120000135,452,510,-58
120000137,292,3714,-3422
120000138,723,733,-10
120000139,224,1711,-1487
120000140,667,1112,-445
120000141,234,746,-512
120000142,451,844,-393
120000143,2,155,-153
120000144,86,1,85
120000145,362,1,361
120000146,5298,1726,3572
120000149,743,1663,-920
120000150,7637,13210,-5573
120000151,580,895,-315
120000152,376,411,-35
120000153,217,1578,-1361
120000154,734,732,2
120000155,150,441,-291
120000156,3093,1188,1905
120000157,1177,940,237
120000158,947,1865,-918
120000159,2377,3535,-1158
120000160,2704,2135,569
120000161,2590,5244,-2654
120000162,357,462,-105
120000163,676,2475,-1799
120000164,422,680,-258
120000165,518,1626,-1108
120000166,1223,936,287
120000167,98,67,31
120000168,11,193,-182
120000169,224,555,-331
120000170,355,284,71
120000171,60,146,-86
120000172,94,71,23
120000173,6096,418,5678
120000174,1288,54,1234
120000175,2411,31,2380
120000176,1226,69,1157
120000177,2703,492,2211
120000178,272,27,245
120000179,1088,107,981
120000180,713,160,553
120000181,169,436,-267
120000182,212,163,49
120000183,29,201,-172
120000184,230,1072,-842
120000186,290,117,173
120000187,267,71,196
120000188,1284,194,1090
120000190,2849,35,2814
120000191,2999,32,2967
120000192,1604,35,1569
120000193,649,85,564
120000195,66,3,63
120000196,260,142,118
120000197,110,429,-319
120000198,173,219,-46
120000199,102,4,98
120000200,112,6,106
120000201,16,18,-2
120000202,4,72,-68
120000203,36,481,-445
120000207,2,109,-107
120000208,19,413,-394
120000209,4,160,-156
120000210,222,83,139
120000211,80,3,77
120000212,91,2,89
120000213,87,544,-457
120000214,4,529,-525
120000215,6,199,-193
120000216,58,19,39
120000217,1029,1697,-668
120000218,301,1411,-1110
120000219,9,855,-846
120000220,19,3160,-3141
120000225,1137,0,1137
120000226,311,5,306
120000227,704,48,656
120000228,8729,3334,5395
120000230,424,12,412
120000231,1186,3982,-2796
120000233,221,48,173
120000235,196,1236,-1040
120000236,1009,4,1005
120000237,3,3413,-3410
120000238,4,297,-293
120000241,1464,5819,-4355
120000412,2853,28,2825
120000413,361,684,-323
120000414,90,4,86
120000415,4,394,-390
120000416,113,12,101
120000417,6,178,-172
120000418,167,36,131
120000419,15,781,-766
120000420,99,44,55
120000421,20523,8290,12233
120000422,312,1066,-754
120000423,2,72,-70
120000424,161,233,-72
120000436,163,726,-563
120000437,251,266,-15
120000438,7622,1038,6584
120000439,158,462,-304
120000443,228,0,228
120000444,1203,1116,87
120000445,2378,2156,222
120000446,1793,517,1276
120000447,157,13,144
120000449,79,24,55
120000450,13,508,-495
120000451,118,433,-315
120000452,36,0,36
120000453,2,865,-863
120000454,231,59,172
120000455,98,112,-14
120000456,4356,5111,-755
120000457,1606,1375,231
120000458,798,1037,-239
120000459,72,150,-78
120000665,3481,274,3207
120000668,187,446,-259
120000669,65,664,-599
120000670,357,518,-161
120000671,1703,725,978
120000672,186,638,-452
120900001,54,70,-16
120900002,1309,540,769
120900003,528,59,469
120900004,24,109,-85
120900005,88,2854,-2766
120900006,318,271,47
120900007,155,278,-123
120900008,224,1756,-1532
120900009,1155,104,1051
120900010,407,79,328
120900011,694,199,495
120900012,1786,1092,694
120900013,270,75,195
120900014,7,1172,-1165
120900015,704,117,587
120900016,752,69,683
120900017,6087,149,5938
120900018,116,811,-695
120900019,708,232,476
120900020,1202,1301,-99
120900021,621,155,466
120900022,41,682,-641
120900023,187,48,139
120900024,2059,566,1493
120900025,2787,1667,1120
120900026,284,307,-23
120900027,1346,139,1207
120900028,307,66,241
120900029,231,323,-92
120900030,1368,769,599
120900031,255,72,183
120900032,732,197,535
120900033,969,55,914
120900034,42,3424,-3382
120900035,71,121,-50
120900037,249,12,237
120900038,65,203,-138
120900039,96,31,65
120900040,223,3,220
120900041,176,59,117
120900042,369,96,273
120900043,39,28,11
120900044,8,751,-743
120900045,168,197,-29
120900046,302,8,294
120900047,149,67,82
120900048,114,32,82
120900049,282,0,282
120900050,6455,1903,4552
120900051,269,189,80
120900052,481,9,472
120900053,217,154,63
120900054,1907,1431,476
120900055,317,5,312
120900056,470,23,447
120900057,138,24,114
120900058,398,2,396
120900059,69,2,67
120900060,121,56,65
120900061,287,696,-409
120900062,145,0,145
120900063,479,3,476
120900064,396,1,395
120900065,352,8,344
120900066,220,432,-212
120900067,252,56,196
120900068,166,0,166
120900069,158,149,9
120900071,16,0,16
120900072,566,6,560
120900073,355,365,-10
120900074,517,30,487
120900076,223,0,223
120900077,6291,376,5915
120900078,585,1169,-584
120900079,529,160,369
120900080,474,3374,-2900
120900081,1036,1581,-545
120900082,907,368,539
120900083,99,4,95
120900084,283,380,-97
120900085,180,230,-50
120900086,235,343,-108
120900087,437,220,217
120900088,321,398,-77
120900089,7128,2326,4802
120900090,144,396,-252
120900091,798,650,148
120900092,1419,1122,297
120900093,6629,429,6200
120900094,651,320,331
120900095,674,56,618
120900096,61,378,-317
120900097,828,1627,-799
120900098,393,253,140
120900099,100,93,7
120900100,70,668,-598
120900101,779,505,274
120900102,19,286,-267
120900103,54,248,-194
120900104,12,62,-50
120900105,52,1255,-1203
120900106,1899,958,941
120900107,425,171,254
120900108,6,1502,-1496
120900109,58,1181,-1123
120900110,34,2029,-1995
120900111,190,581,-391
120900112,9,2461,-2452
120900113,49,1495,-1446
120900114,46,296,-250
120900115,187,321,-134
120900116,348,1010,-662
120900117,4,1028,-1024
120900118,26,1425,-1399
120900119,4181,10500,-6319
120900120,69,1146,-1077
120900121,90,612,-522
120900122,366,1067,-701
120900123,5,841,-836
120900124,4,1070,-1066
120900125,8,1874,-1866
120900126,1814,1259,555
120900127,7,913,-906
120900128,1373,1813,-440
120900129,78,521,-443
120900130,9,550,-541
120900131,37,96,-59
120900132,661,600,61
120900133,288,1877,-1589
120900134,854,630,224
120900135,11,1105,-1094
120900136,31,62,-31
120900137,273,173,100
120900138,15,305,-290
120900139,11,1174,-1163
120900140,2,83,-81
120900141,214,223,-9
120900142,25,1556,-1531
120900143,5,1356,-1351
120900144,1,284,-283
120900145,146,1275,-1129
120900146,2,1555,-1553
120900147,5,558,-553
120900148,135,292,-157
120900149,2,664,-662
120900150,31,967,-936
120900151,1,1019,-1018
120900152,0,48,-48
120900153,22,85,-63
120900154,0,524,-524
120900155,166,1632,-1466
120900156,67,532,-465
120900157,51,349,-298
120900158,59,813,-754
120900159,259,477,-218
120900160,52,762,-710
120900161,44,842,-798
120900162,31,820,-789
120900163,33,434,-401
120900164,0,1,-1
120900165,7,16,-9
120900166,404,212,192
120900167,633,129,504
120900169,67,933,-866
120900170,4561,2596,1965
120900171,1292,589,703
120900172,2522,389,2133
120900173,0,110,-110
120900174,22,154,-132
120900175,407,410,-3
120900176,18,455,-437
120900177,5,1086,-1081
120900178,0,437,-437
120900179,1172,684,488
120900180,170,98,72
120900181,90,99,-9
120900182,35,1509,-1474
120900183,459,418,41
120900184,169,109,60
120900185,12,636,-624
120900186,1,748,-747
120900187,500,1391,-891
120900188,141,19,122
120900189,336,1038,-702
120900190,37,23,14
120900191,5,58,-53
120900192,21757,5693,16064
120900194,56,117,-61
120900195,115,279,-164
120900196,1434,97,1337
120900197,557,135,422
120900198,263,876,-613
120900199,349,374,-25
120900200,121,166,-45
120900201,878,151,727
120900202,5,292,-287
120900203,29,120,-91
120900204,214,534,-320
120900205,94,153,-59
120900206,8,41,-33
120900207,90,2032,-1942
121000001,2123,1730,393
121000002,8821,4559,4262
121000003,6207,3158,3049
121000004,5097,16175,-11078
121000005,3848,4953,-1105
121000006,6421,3279,3142
121000007,6328,4221,2107
121000008,16716,7280,9436
121000009,11719,10308,1411
121000010,19688,14455,5233
121000011,13073,22078,-9005
121000012,24762,20533,4229
121000013,8106,13450,-5344
121000014,10859,14344,-3485
121000015,10682,11978,-1296
121000016,8195,9849,-1654
121000017,3177,5552,-2375
121000018,3083,2952,131
121000019,26877,16595,10282
121000020,16910,18172,-1262
121000021,4483,4859,-376
121000022,2794,3009,-215
121000023,5646,5088,558
121000024,4861,5964,-1103
121000025,1267,2601,-1334
121000026,623,296,327
121000027,2660,1386,1274
121000028,1509,682,827
121000029,1771,1163,608
121000030,1007,546,461
121000031,1396,1063,333
121000032,408,119,289
121000034,2164,308,1856
121000035,867,142,725
121000036,2924,1624,1300
121000037,1555,934,621
121000038,1535,1230,305
121000039,1375,830,545
121000041,813,778,35
121000042,493,514,-21
121000043,1570,1199,371
121000044,4196,1199,2997
121000045,545,418,127
121000046,733,1316,-583
121000047,129,122,7
121000049,3365,976,2389
121000050,591,1802,-1211
121000051,1537,451,1086
121000052,638,1040,-402
121000053,1022,182,840
121000054,81,533,-452
121000055,2596,1864,732
121000056,1449,1598,-149
121000057,365,823,-458
121000058,517,152,365
121000059,3857,2593,1264
121000060,735,1470,-735
121000061,958,222,736
121000062,291,351,-60
121000063,1386,955,431
121000064,1422,1540,-118
121000065,1167,574,593
121000066,1224,646,578
121000067,1960,437,1523
121000068,1130,539,591
121000069,1774,652,1122
121000070,3984,1752,2232
121000071,2244,2114,130
121000072,2818,1109,1709
121000073,4528,1144,3384
121000074,238,240,-2
121000075,123,194,-71
121000076,2386,571,1815
121000077,369,273,96
121000078,222,197,25
121000080,3517,974,2543
121000081,4739,7177,-2438
121000082,251,366,-115
121000083,550,213,337
121000084,398,180,218
121000085,393,926,-533
121000086,222,1098,-876
121000087,117,364,-247
121000088,621,1056,-435
121000089,662,519,143
121000090,1058,556,502
121000091,2632,1489,1143
121000092,196,161,35
121000093,142,339,-197
121000094,465,1047,-582
121000095,525,658,-133
121000096,3244,3857,-613
121000097,1771,2874,-1103
121000098,732,1892,-1160
121000099,847,1323,-476
121000100,1098,908,190
121000101,459,381,78
121000102,219,443,-224
121000103,219,396,-177
121000104,340,257,83
121000105,443,295,148
121000106,288,551,-263
121000107,4346,5611,-1265
121000109,2404,1671,733
121000110,438,1381,-943
121000114,5274,3034,2240
121000115,1707,1295,412
121000116,543,1500,-957
121000117,1384,465,919
121000118,2171,429,1742
121000119,560,683,-123
121000120,413,756,-343
121000121,832,1412,-580
121000123,2254,775,1479
121000127,402,216,186
121000128,1012,694,318
121000129,911,684,227
121000130,649,1569,-920
121000131,2688,2155,533
121000132,1817,1982,-165
121000135,359,414,-55
121000136,1878,528,1350
121000137,480,325,155
121000138,1496,1277,219
121000139,848,107,741
121000141,679,203,476
121000142,1571,1083,488
121000143,122,36,86
121000144,1096,2763,-1667
121000145,1086,1943,-857
121000146,2635,1536,1099
121000147,1748,995,753
121000148,1839,1677,162
121000149,4836,2027,2809
121000152,1006,1624,-618
121000153,3011,1682,1329
121000154,1330,2446,-1116
121000155,2505,2314,191
121000156,584,2114,-1530
121000157,1744,4019,-2275
121000158,530,1423,-893
121000159,288,1161,-873
121000160,431,964,-533
121000161,276,459,-183
121000162,81,279,-198
121000165,2637,2249,388
121000166,35,1208,-1173
121000168,1070,661,409
121000169,135,205,-70
121000170,640,620,20
121000171,67,248,-181
121000172,1094,786,308
121000173,1801,1436,365
121000174,401,569,-168
121000175,1524,562,962
121000176,649,327,322
121000177,2701,1081,1620
121000178,181,53,128
121000179,203,61,142
121000181,444,894,-450
121000182,146,202,-56
121000183,62,73,-11
121000184,222,50,172
121000185,81,197,-116
121000186,277,472,-195
121000187,220,347,-127
121000188,307,354,-47
121000192,1171,698,473
121000193,1156,853,303
121000194,4295,3550,745
121000195,979,1590,-611
121000196,2487,397,2090
121000197,687,1131,-444
121000198,1292,197,1095
121000199,491,695,-204
121000200,1655,145,1510
121000201,28,308,-280
121000202,4267,173,4094
121000203,1185,2738,-1553
121000204,3793,937,2856
121000205,587,489,98
121000206,439,63,376
121000207,3120,689,2431
121000208,33,588,-555
121000209,376,617,-241
121000210,408,956,-548
121000211,541,243,298
121000212,455,1447,-992
121000213,13873,4862,9011
121000214,1264,6152,-4888
121000215,2289,1369,920
121000216,1302,1501,-199
121000217,10618,6032,4586
121000218,1173,2912,-1739
121000219,4788,749,4039
121000220,603,59,544
121000221,257,540,-283
121000222,4628,3328,1300
121000223,1641,369,1272
121000224,990,162,828
121000225,5202,1710,3492
121000226,15866,1878,13988
121000227,11,494,-483
121000228,56,1041,-985
121000229,472,749,-277
121000230,115,2619,-2504
121000231,1038,58,980
121000232,681,539,142
121000233,1178,423,755
121000234,34,54,-20
121000235,88,45,43
121000236,12,84,-72
121000237,40,21,19
121000238,4,114,-110
121000239,55,6,49
121000240,11,521,-510
121000241,111,23,88
121000242,70,287,-217
121000243,404,128,276
121000244,14,69,-55
121000245,83,18,65
121000246,1,142,-141
121000247,98,3,95
121000248,1248,1055,193
121000249,236,406,-170
121000250,1154,243,911
121000251,37,838,-801
121000252,170,120,50
121000253,1013,787,226
121000254,1909,526,1383
121000255,622,238,384
121000256,1057,248,809
121000257,141,118,23
121000258,441,91,350
121000259,177,54,123
121000260,520,226,294
121000261,517,78,439
121000262,1554,2081,-527
121000263,368,601,-233
121000271,565,2954,-2389
121000273,454,17,437
121000274,74,81,-7
121000275,8,40,-32
121000276,5,40,-35
121000278,318,115,203
121000279,175,28,147
121000280,380,70,310
121000289,359,31,328
121000290,2273,1012,1261
121000294,138,245,-107
121000297,1644,2252,-608
121000299,902,334,568
121000300,1014,709,305
121000302,119,1766,-1647
121000303,873,862,11
121000304,734,86,648
121000305,206,87,119
121000306,232,174,58
121000308,320,950,-630
121000309,852,990,-138
121000310,331,588,-257
121000311,121,1372,-1251
121000312,490,471,19
121000313,732,1165,-433
121000314,167,189,-22
121000315,118,271,-153
121000530,2063,2294,-231
121000531,1828,2296,-468
121000532,8444,7608,836
121000533,3494,4687,-1193
121000918,91,289,-198
121000919,86,79,7
121000938,313,692,-379
121000939,361,715,-354
121000956,1084,2453,-1369
121000957,7,16,-9
121000958,801,69,732
121000959,1032,1311,-279
121000960,3648,2896,752
121000961,233,150,83
121000962,547,2148,-1601
121000973,1,191,-190
121000976,26,266,-240
121000979,414,130,284
121000981,411,289,122
121000982,411,396,15
121000983,844,662,182
121000984,197,83,114
121000985,741,1367,-626
121000986,536,628,-92
121000987,407,2376,-1969
121000988,1293,229,1064
121001302,662,298,364
121001308,94,13,81
121001309,298,104,194
121001311,0,0,0
121001313,276,444,-168
121001314,4652,5983,-1331
121001315,6646,4220,2426
121001326,567,650,-83
121900001,112,272,-160
121900002,233,28,205
121900003,577,31,546
121900004,402,446,-44
121900005,27,5,22
121900006,130,32,98
121900007,3506,3802,-296
121900008,2062,332,1730
121900009,745,16,729
121900010,274,7,267
121900011,296,478,-182
121900012,31,0,31
121900013,2667,87,2580
121900014,2111,614,1497
121900015,283,242,41
121900016,5,59,-54
121900017,653,737,-84
121900018,435,9,426
121900019,494,382,112
121900020,88,2,86
121900021,1859,23,1836
121900022,320,314,6
121900023,125,480,-355
121900024,536,129,407
121900025,781,515,266
121900026,596,71,525
121900027,380,102,278
121900028,473,55,418
121900029,131,246,-115
121900030,957,1472,-515
121900031,2438,14132,-11694
121900032,100,106,-6
121900033,255,260,-5
121900034,1054,103,951
121900035,3554,3822,-268
121900036,159,527,-368
121900037,183,755,-572
121900038,34,215,-181
121900039,695,73,622
121900040,35,97,-62
121900041,108,214,-106
121900042,417,185,232
121900043,4,15,-11
121900044,346,107,239
121900046,321,298,23
121900047,282,93,189
121900048,32,148,-116
121900050,25,34,-9
121900051,245,201,44
121900052,170,42,128
121900053,571,826,-255
121900054,1195,1168,27
121900055,12,22,-10
121900058,732,331,401
121900059,596,222,374
121900060,209,524,-315
121900061,273,201,72
121900062,171,137,34
121900063,2373,364,2009
121900064,367,998,-631
121900066,57,23,34
121900067,58,57,1
121900069,215,193,22
121900070,694,139,555
121900071,289,343,-54
121900072,62,274,-212
121900073,384,286,98
121900074,767,1498,-731
121900075,1973,507,1466
121900076,1389,763,626
121900078,89,33,56
121900079,2,1,1
121900080,1197,524,673
121900082,61,147,-86
121900084,8,221,-213
121900086,33,35,-2
121900087,234,149,85
121900088,2302,4792,-2490
121900089,321,591,-270
121900090,14,161,-147
121900091,51,216,-165
121900092,73,113,-40
121900093,87,124,-37
121900094,35,23,12
121900095,290,175,115
121900096,2224,852,1372
121900097,912,208,704
121900098,6,0,6
121900099,263,57,206
121900100,209,383,-174
121900101,229,156,73
121900102,14,163,-149
121900103,1089,226,863
121900104,1508,570,938
121900105,399,266,133
121900106,5,5,0
121900107,61,26,35
121900108,2,58,-56
121900109,673,231,442
121900110,442,1691,-1249
121900111,1181,146,1035
121900112,243,170,73
121900113,198,1126,-928
121900114,41,153,-112
121900117,342,54,288
121900118,3852,864,2988
121900119,163,171,-8
121900120,68,2724,-2656
121900121,962,79,883
121900122,25,76,-51
121900123,313,775,-462
121900124,93,137,-44
121900125,1292,1804,-512
121900127,16,102,-86
121900128,138,133,5
121900129,887,225,662
121900130,344,368,-24
121900131,424,54,370
121900132,85,138,-53
121900133,128,538,-410
121900134,64,179,-115
121900135,2899,309,2590
121900136,382,703,-321
121900137,76,508,-432
121900138,241,314,-73
121900139,700,840,-140
121900140,112,214,-102
121900141,104,29,75
121900142,156,194,-38
121900143,11,321,-310
121900144,254,385,-131
121900145,220,279,-59
121900146,1147,1005,142
121900147,79,291,-212
121900148,329,404,-75
121900149,812,1042,-230
121900150,84,234,-150
121900151,99,365,-266
121900152,168,186,-18
121900153,93,572,-479
121900154,23,317,-294
121900155,6,126,-120
121900156,204,95,109
121900157,4,694,-690
121900158,88,81,7
121900159,3,393,-390
121900160,100,370,-270
121900161,673,557,116
121900162,171,176,-5
121900163,312,858,-546
121900164,609,274,335
121900165,300,259,41
121900166,254,217,37
121900167,232,152,80
121900168,330,249,81
121900169,6,415,-409
121900170,1,356,-355
121900171,678,810,-132
121900172,649,414,235
121900173,1576,343,1233
121900174,37,61,-24
121900175,844,145,699
121900176,884,2434,-1550
121900177,212,93,119
121900178,157,112,45
121900179,684,170,514
121900180,7629,5413,2216
121900182,2245,304,1941
121900183,660,1062,-402
121900184,74,756,-682
121900186,13,428,-415
121900187,30,172,-142
121900188,763,1070,-307
121900189,43,106,-63
121900190,920,781,139
121900191,113,424,-311
121900192,612,1154,-542
121900193,142,273,-131
121900194,14,197,-183
121900195,111,91,20
121900196,1805,2076,-271
121900197,718,3025,-2307
121900198,1474,2788,-1314
121900199,6,44,-38
121900200,482,327,155
121900201,1375,703,672
121900202,310,826,-516
121900203,259,1749,-1490
121900204,1496,2883,-1387
121900205,39,127,-88
121900206,18,22,-4
121900207,253,60,193
121900208,341,367,-26
121900209,66,41,25
121900210,3027,2006,1021
121900211,601,1701,-1100
121900212,189,159,30
121900213,162,158,4
121900214,18,994,-976
121900215,66,115,-49
121900216,268,137,131
121900217,309,129,180
121900218,338,878,-540
121900220,174,12,162
121900221,464,940,-476
121900222,245,219,26
121900223,388,107,281
121900224,130,89,41
121900225,706,131,575
121900226,335,953,-618
121900227,221,658,-437
121900228,380,732,-352
121900230,246,269,-23
121900231,681,1425,-744
121900232,747,682,65
121900233,340,278,62
121900234,671,568,103
121900235,595,336,259
121900236,419,233,186
121900237,326,279,47
121900238,250,395,-145
121900239,218,45,173
121900240,176,162,14
121900241,52,69,-17
121900242,5,0,5
121900243,9,1,8
121900244,22,0,22
121900245,269,125,144
121900246,4109,714,3395
121900248,1886,1731,155
121900250,274,418,-144
121900251,379,57,322
121900252,669,203,466
121900253,258,1486,-1228
121900254,822,393,429
121900255,323,145,178
121900258,4087,3077,1010
121900259,476,986,-510
121900260,79,258,-179
121900261,258,1184,-926
121900262,595,2430,-1835
121900263,192,699,-507
121900264,2996,2965,31
121900265,393,470,-77
121900266,274,281,-7
121900267,93,52,41
121900269,246,714,-468
121900270,37,282,-245
121900271,41,227,-186
121900273,1356,3713,-2357
121900274,394,290,104
121900277,703,1584,-881
121900278,430,1049,-619
121900279,198,212,-14
121900280,737,417,320
121900281,1012,306,706
121900284,92,17,75
121900286,177,189,-12
121900287,18,31,-13
121900288,7,4,3
121900290,389,461,-72
121900291,700,1055,-355
121900292,791,300,491
121900293,1464,4861,-3397
121900294,319,2,317
121900295,126,437,-311
121900296,178,114,64
121900298,1005,891,114
121900299,0,1,-1
121900300,11,0,11
121900301,93,0,93
121900302,0,32,-32
121900303,1324,582,742
121900304,19,15,4
121900305,2,7,-5
121900306,101,0,101
121900307,29,8,21
121900308,27,318,-291
121900309,31,297,-266
121900310,40,590,-550
121900311,417,24,393
121900312,265,21,244
121900313,674,33,641
121900314,3,80,-77
121900315,23,0,23
121900316,1,43,-42
121900317,12,4,8
121900318,2,18,-16
121900319,35,257,-222
121900320,79,137,-58
121900321,14,5,9
121900322,8,36,-28
121900323,37,22,15
121900324,24,156,-132
121900325,7,5,2
121900326,0,18,-18
121900327,1,39,-38
121900328,0,11,-11
121900329,0,82,-82
121900330,0,25,-25
121900331,18,2,16
121900332,124,67,57
121900333,46,5,41
121900334,412,131,281
122000001,3295,6508,-3213
122000002,7656,2598,5058
122000003,2764,2874,-110
122000004,4352,2353,1999
122000005,4549,1919,2630
122000006,4609,1105,3504
122000007,2623,2998,-375
122000008,8570,8845,-275
122000009,843,600,243
122000010,3037,6141,-3104
122000011,4715,2224,2491
122000012,2413,1912,501
122000013,6415,2443,3972
122000014,2980,4986,-2006
122000015,2715,1660,1055
122000016,1092,1226,-134
122000017,1674,1631,43
122000018,2132,1422,710
122000019,1505,2188,-683
122000020,221,355,-134
122000021,1033,554,479
122000022,2617,2640,-23
122000023,1069,5799,-4730
122000024,1894,1706,188
122000025,4888,2176,2712
122000026,2240,1416,824
122000027,842,10088,-9246
122000028,1093,685,408
122000029,980,540,440
122000030,464,220,244
122000031,446,553,-107
122000032,3703,6168,-2465
122000033,2409,1521,888
122000034,2212,1003,1209
122000035,576,1943,-1367
122000036,1137,819,318
122000037,433,445,-12
122000038,469,447,22
122000039,947,889,58
122000040,475,1642,-1167
122000041,1153,747,406
122000042,925,656,269
122000043,216,270,-54
122000044,247,415,-168
122000045,2958,752,2206
122000046,1692,2238,-546
122000047,598,355,243
122000048,5790,8203,-2413
122000049,9279,3484,5795
122000050,3915,1069,2846
122000051,1045,448,597
122000052,1261,436,825
122000053,395,865,-470
122000054,4436,2878,1558
122000055,6062,3869,2193
122000056,7495,7104,391
122000057,5224,5396,-172
122000058,7020,1646,5374
122000059,5447,2714,2733
122000060,1214,1020,194
122000061,879,699,180
122000062,2547,384,2163
122000063,2465,1076,1389
122000064,8291,3652,4639
122000065,11294,3981,7313
122000066,1451,734,717
122000067,6483,1782,4701
122000068,2477,3315,-838
122000069,2030,1319,711
122000070,1287,11145,-9858
122000071,1754,4054,-2300
122000072,779,659,120
122000073,852,868,-16
122000074,5035,2579,2456
122000075,891,3758,-2867
122000076,2958,1766,1192
122000077,2336,888,1448
122000078,3780,3681,99
122000079,3076,1438,1638
122000080,2387,597,1790
122000081,543,584,-41
122000082,1381,1038,343
122000083,2053,6331,-4278
122000084,2011,1357,654
122000085,469,5543,-5074
122000086,3589,11319,-7730
122000087,672,293,379
122000088,351,480,-129
122000089,14132,7878,6254
122000090,611,840,-229
122000091,1196,107,1089
122000092,712,25,687
122000093,5824,1288,4536
122000094,16169,2901,13268
122000095,5507,4666,841
122000096,3066,3486,-420
122000098,4872,2226,2646
122000099,8150,994,7156
122000100,2323,1449,874
122000101,404,2780,-2376
122000102,2692,1470,1222
122000103,3687,1905,1782
122000104,510,265,245
122000105,660,391,269
122000106,764,807,-43
122000107,1608,918,690
122000108,574,1030,-456
122000109,523,748,-225
122000110,570,646,-76
122000111,4487,1551,2936
122000112,1376,2318,-942
122000113,1267,1013,254
122000114,10852,2836,8016
122000115,2385,5136,-2751
122000116,679,760,-81
122000117,1896,604,1292
122000118,694,1018,-324
122000119,4029,2884,1145
122000120,2904,5108,-2204
122000121,3724,3736,-12
122000122,1104,2111,-1007
122000123,2973,2733,240
122000124,1607,802,805
122000125,812,924,-112
122000126,925,1420,-495
122000127,2036,1518,518
122000128,1085,1289,-204
122000129,763,2320,-1557
122000130,4467,1557,2910
122000131,1799,1883,-84
122000132,1062,730,332
122000133,1254,2094,-840
122000134,1049,957,92
122000135,943,1137,-194
122000136,1030,741,289
122000137,1743,980,763
122000139,4548,6775,-2227
122000140,4061,882,3179
122000141,6984,1688,5296
122000142,1283,1133,150
122000143,764,532,232
122000144,2855,1952,903
122000145,4589,1036,3553
122000146,1377,1429,-52
122000147,2197,831,1366
122000148,4874,1697,3177
122000149,2520,2212,308
122000150,2193,1592,601
122000151,403,629,-226
122000152,676,600,76
122000153,740,481,259
122000154,575,309,266
122000155,2083,4151,-2068
122000156,1927,2733,-806
122000157,3194,1532,1662
122000158,851,756,95
122000159,2002,2448,-446
122000160,5095,2961,2134
122000161,1341,1438,-97
122000162,2736,2670,66
122000163,316,111,205
122000164,44,54,-10
122000165,1245,1020,225
122000166,2273,2325,-52
122000167,276,270,6
122000168,363,897,-534
122000169,1063,270,793
122000170,401,406,-5
122000171,53,81,-28
122000172,1915,2850,-935
122000173,1822,3446,-1624
122000174,4952,1425,3527
122000175,2087,548,1539
122000176,505,1059,-554
122000177,2863,2154,709
122000178,5061,8145,-3084
122000179,2788,4565,-1777
122000180,2757,2243,514
122000181,3566,5217,-1651
122000182,3168,2574,594
122000183,2963,2466,497
122000184,2958,2832,126
122000185,1538,1778,-240
122000186,1083,1083,0
122000187,4997,1815,3182
122000188,842,385,457
122000189,437,769,-332
122000190,2881,1763,1118
122000191,2286,1332,954
122000192,1794,595,1199
122000193,694,814,-120
122000194,1829,358,1471
122000195,691,588,103
122000196,1283,785,498
122000197,663,797,-134
122000198,1301,1029,272
122000199,1027,682,345
122000200,2877,1743,1134
122000201,1825,2128,-303
122000202,1709,1553,156
122000203,3984,1985,1999
122000204,2363,2989,-626
122000205,1945,3027,-1082
122000206,4014,1290,2724
122000207,2664,1934,730
122000208,6926,2249,4677
122000209,7018,729,6289
122000210,4694,2780,1914
122000211,4438,1425,3013
122000212,1786,823,963
122000213,2198,2157,41
122000214,3676,3392,284
122000215,3163,2238,925
122000217,4495,1908,2587
122000218,1860,216,1644
122000219,2464,1543,921
122000220,539,945,-406
122000221,184,1003,-819
122000222,905,267,638
122000223,2088,590,1498
122000225,1592,390,1202
122000226,2486,3361,-875
122000227,710,6684,-5974
122000228,626,517,109
122000229,43,735,-692
122000230,73,902,-829
122000231,374,1112,-738
122000232,906,1540,-634
122000233,4,181,-177
122000234,411,323,88
122000235,1018,296,722
122000236,1174,280,894
122000237,120,102,18
122000238,325,496,-171
122000239,600,215,385
122000240,1737,601,1136
122000241,1856,644,1212
122000242,860,160,700
122000243,409,143,266
122000244,88,821,-733
122000245,130,536,-406
122000246,452,336,116
122000247,877,1322,-445
122000248,2378,3455,-1077
122000249,1141,1405,-264
122000250,2613,2086,527
122000251,292,752,-460
122000252,673,162,511
122000253,53,431,-378
122000254,298,137,161
122000255,1076,2493,-1417
122000256,834,2588,-1754
122000257,264,1350,-1086
122000258,205,212,-7
122000259,18,940,-922
122000260,8,125,-117
122000261,15,379,-364
122000262,1,96,-95
122000263,315,183,132
122000264,2716,819,1897
122000265,6307,1341,4966
122000266,13882,1026,12856
122000267,117,131,-14
122000268,328,569,-241
122000269,2313,438,1875
122000270,4362,222,4140
122000271,1185,1542,-357
122000272,494,1550,-1056
122000273,737,738,-1
122000274,385,333,52
122000275,84,381,-297
122000276,825,840,-15
122000277,1540,2158,-618
122000278,1766,1355,411
122000279,286,666,-380
122000280,1498,1044,454
122000281,1337,1150,187
122000282,198,270,-72
122000283,500,96,404
122000284,209,120,89
122000285,626,160,466
122000286,184,292,-108
122000287,550,534,16
122000288,1373,1604,-231
122000291,2085,1157,928
122000293,637,372,265
122000294,220,349,-129
122000295,2609,699,1910
122000296,106,988,-882
122000297,3315,4398,-1083
122000299,1563,722,841
122000300,842,956,-114
122000301,15991,3188,12803
122000302,1429,2051,-622
122000303,6951,1945,5006
122000304,62,115,-53
122000305,1210,472,738
122000306,39,1304,-1265
122000307,215,215,0
122000309,212,95,117
122000310,74,114,-40
122000311,461,303,158
122000312,295,142,153
122000313,103,87,16
122000314,233,381,-148
122000315,366,21,345
122000316,995,327,668
122000317,1500,416,1084
122000318,391,907,-516
122000319,5747,1809,3938
122000320,405,2213,-1808
122000321,298,432,-134
122000322,3437,6554,-3117
122000323,2392,3987,-1595
122000324,2363,2740,-377
122000325,1368,2290,-922
122000326,89,197,-108
122000327,760,1058,-298
122000328,2716,1088,1628
122000330,3434,953,2481
122000332,308,489,-181
122000333,13,214,-201
122000337,1157,2824,-1667
122000338,498,542,-44
122000340,1008,517,491
122000342,4628,1640,2988
122000343,659,2391,-1732
122000344,61,38,23
122000345,19,53,-34
122000346,347,950,-603
122000348,791,1028,-237
122000349,137,911,-774
122000351,208,375,-167
122000352,458,201,257
122000353,122,179,-57
122000355,232,260,-28
122000356,5635,1112,4523
122000357,56,24,32
122000358,1,82,-81
122000359,0,47,-47
122000360,0,63,-63
122000362,14,148,-134
122000364,112,564,-452
122000365,4,62,-58
122000366,15,9,6
122000368,891,953,-62
122000370,23,77,-54
122000371,21,0,21
122000372,19,2,17
122000381,59,597,-538
122000382,105,362,-257
122000384,9838,3927,5911
122000385,52,0,52
122000386,2774,1626,1148
122000387,2844,699,2145
122000388,8804,1296,7508
122000389,524,827,-303
122000390,1464,381,1083
122000391,814,188,626
122000392,238,264,-26
122000393,88,234,-146
122000394,745,427,318
122000395,262,279,-17
122000396,606,210,396
122000397,106,179,-73
122000398,85,154,-69
122000399,201,87,114
122000400,456,594,-138
122000401,281,150,131
122000402,351,231,120
122000403,663,1708,-1045
122000404,164,538,-374
122000408,1330,2469,-1139
122000503,16,339,-323
122000524,201,117,84
122000544,144,8859,-8715
122000614,517,708,-191
122000616,403,4,399
122000640,54,206,-152
122000641,88,602,-514
122000642,1583,1568,15
122000643,45,245,-200
122000644,266,43,223
122000645,111,567,-456
122000651,5358,1157,4201
122000664,455,71,384
122000665,1382,722,660
122000666,939,1814,-875
122000673,81,608,-527
122000674,188,65,123
122000675,2516,2382,134
122000686,686,1992,-1306
122000687,4568,531,4037
122000688,229,1263,-1034
122000689,1128,940,188
122000690,1453,889,564
122000691,517,4076,-3559
122000692,1697,471,1226
122000693,656,2811,-2155
122000695,366,845,-479
122000696,382,454,-72
122000698,402,1467,-1065
122000699,225,39,186
122000701,1758,629,1129
122000702,749,3193,-2444
122000703,282,177,105
122000717,375,109,266
122000718,1249,2244,-995
122000719,328,101,227
122000720,494,460,34
122000724,374,555,-181
122900001,43,17,26
122900002,1691,4303,-2612
122900003,600,53,547
122900004,1305,55,1250
122900005,122,77,45
122900006,1038,535,503
122900007,1650,1241,409
122900008,857,62,795
122900009,1435,786,649
122900010,264,247,17
122900012,245,381,-136
122900014,218,422,-204
122900015,3472,792,2680
122900016,275,403,-128
122900017,3017,1708,1309
122900018,610,30,580
122900019,5,217,-212
122900020,178,263,-85
122900021,1064,1142,-78
122900022,700,1260,-560
122900023,344,266,78
122900024,174,148,26
122900025,10,238,-228
122900026,253,418,-165
122900027,141,1716,-1575
122900028,201,223,-22
122900029,7139,5123,2016
122900030,2138,638,1500
122900031,828,374,454
122900032,161,429,-268
122900033,300,175,125
122900034,5971,13129,-7158
122900035,151,43,108
122900036,86,544,-458
122900037,1036,162,874
122900038,739,6175,-5436
122900039,110,689,-579
122900040,787,439,348
122900041,303,241,62
122900042,254,366,-112
122900043,1169,299,870
122900044,174,567,-393
122900045,173,134,39
122900046,131,110,21
122900047,1050,328,722
122900048,51,525,-474
122900049,2424,191,2233
122900051,161,167,-6
122900052,120,160,-40
122900053,36,24,12
122900055,582,197,385
122900057,656,58,598
122900061,584,277,307
122900062,515,663,-148
122900063,261,496,-235
122900064,1948,1390,558
122900065,996,199,797
122900066,702,350,352
122900067,2353,1182,1171
122900069,333,1928,-1595
122900070,399,64,335
122900071,421,2661,-2240
122900073,5,103,-98
122900074,821,1018,-197
122900076,8,328,-320
122900077,7,341,-334
122900078,136,181,-45
122900080,384,46,338
122900081,893,221,672
122900082,1220,320,900
122900083,238,187,51
122900084,38,455,-417
122900086,202,2081,-1879
122900087,202,510,-308
122900088,82,155,-73
122900089,28,516,-488
122900090,34,1911,-1877
122900091,255,1,254
122900092,1,224,-223
122900093,2,484,-482
122900094,6,410,-404
122900095,205,7,198
122900096,413,537,-124
122900097,52,38,14
122900098,176,304,-128
122900099,57,7,50
122900100,609,463,146
122900101,1916,525,1391
122900102,14,20,-6
122900103,160,15,145
122900104,70,5,65
122900105,10,8,2
122900106,40,110,-70
122900107,4,235,-231
122900108,25,813,-788
122900109,257,265,-8
123000001,3515,649,2866
123000002,9673,4940,4733
123000003,6099,6395,-296
123000004,4701,7600,-2899
123000005,3943,5753,-1810
123000006,4420,4710,-290
123000007,5161,4867,294
123000008,4400,5960,-1560
123000009,8280,4778,3502
123000010,5720,5375,345
123000011,12672,1435,11237
123000012,3202,4002,-800
123000013,7108,1371,5737
123000014,2962,6232,-3270
123000015,7152,1370,5782
123000016,9829,5595,4234
123000017,4461,2108,2353
123000018,60,196,-136
123000019,252,467,-215
123000020,134,179,-45
123000021,63,303,-240
123000022,681,2897,-2216
123000023,2159,2031,128
123000024,2742,930,1812
123000025,487,208,279
123000026,23,170,-147
123000027,425,363,62
123000028,1503,263,1240
123000029,1556,542,1014
123000030,786,857,-71
123000031,190,490,-300
123000032,396,523,-127
123000033,732,109,623
123000034,1572,1262,310
123000035,378,633,-255
123000036,345,1392,-1047
123000037,296,403,-107
123000038,161,378,-217
123000039,793,1694,-901
123000040,1888,459,1429
123000041,2579,1213,1366
123000042,2437,768,1669
123000043,6151,10753,-4602
123000044,9116,3174,5942
123000045,15888,3712,12176
123000046,1659,1941,-282
123000047,3960,2220,1740
123000048,107,669,-562
123000049,10953,10039,914
123000050,1437,2192,-755
123000051,167,367,-200
123000052,964,4969,-4005
123000053,2799,5314,-2515
123000054,1989,2017,-28
123000055,1318,2523,-1205
123000056,2246,2897,-651
123000057,26450,9844,16606
123000058,1100,1450,-350
123000059,578,723,-145
123000060,1130,493,637
123000061,236,1261,-1025
123000063,1102,1365,-263
123000064,1312,377,935
123000065,12117,6326,5791
123000066,1483,1656,-173
123000067,1089,896,193
123000068,5159,5834,-675
123000069,9282,6026,3256
123000070,384,1353,-969
123000071,1012,1834,-822
123000072,1184,2407,-1223
123000073,1633,1465,168
123000074,1739,3219,-1480
123000075,667,1706,-1039
123000076,931,1642,-711
123000077,3335,5283,-1948
123000078,1732,3057,-1325
123000079,1768,3333,-1565
123000080,3125,3722,-597
123000081,256,1048,-792
123000082,545,1887,-1342
123000083,1456,305,1151
123000084,943,1439,-496
123000085,261,176,85
123000086,541,479,62
123000087,521,655,-134
123000088,1789,1644,145
123000089,688,2664,-1976
123000090,1982,1986,-4
123000091,2551,2784,-233
123000092,1679,2193,-514
123000094,929,489,440
123000095,585,1193,-608
123000096,854,730,124
123000097,698,1600,-902
123000098,829,1001,-172
123000099,775,1385,-610
123000100,713,990,-277
123000101,821,960,-139
123000102,960,1004,-44
123000104,550,703,-153
123000105,893,892,1
123000106,733,769,-36
123000107,614,1004,-390
123000108,1023,2504,-1481
123000111,1087,556,531
123000112,1179,983,196
123000113,919,2955,-2036
123000114,916,1124,-208
123000115,370,569,-199
123000116,42,313,-271
123000117,2390,3877,-1487
123000118,646,1525,-879
123000119,376,1760,-1384
123000120,707,1597,-890
123000121,837,918,-81
123000122,700,335,365
123000123,744,919,-175
123000124,872,691,181
123000125,1989,2018,-29
123000126,3151,4679,-1528
123000127,1897,1369,528
123000128,569,710,-141
123000129,751,404,347
123000130,745,147,598
123000131,1248,1148,100
123000132,649,1006,-357
123000133,646,681,-35
123000134,759,437,322
123000135,2481,2114,367
123000136,304,1786,-1482
123000137,158,580,-422
123000138,213,716,-503
123000139,906,321,585
123000140,179,1178,-999
123000141,1265,196,1069
123000142,1631,1675,-44
123000143,2977,4194,-1217
123000144,64,34,30
123000145,401,145,256
123000146,139,149,-10
123000147,177,202,-25
123000149,598,627,-29
123000150,644,436,208
123000151,511,769,-258
123000152,126,593,-467
123000153,323,1056,-733
123000154,3133,3958,-825
123000155,3650,1455,2195
123000156,88,216,-128
123000157,941,1336,-395
123000158,1037,1541,-504
123000159,7588,3430,4158
123000160,1409,1141,268
123000161,2098,1923,175
123000162,1065,2451,-1386
123000163,505,97,408
123000164,1695,363,1332
123000165,383,2707,-2324
123000166,53,256,-203
123000167,201,478,-277
123000168,261,520,-259
123000169,987,195,792
123000170,187,616,-429
123000171,750,107,643
123000172,297,1060,-763
123000173,948,347,601
123000174,1415,563,852
123000175,1170,1950,-780
123000176,1102,356,746
123000177,383,1388,-1005
123000178,1292,245,1047
123000179,71,1100,-1029
123000180,1847,506,1341
123000181,582,2473,-1891
123000182,309,732,-423
123000183,303,798,-495
123000184,98,1134,-1036
123000185,552,792,-240
123000186,7,1027,-1020
123000187,556,15,541
123000188,393,7,386
123000189,209,316,-107
123000190,80,90,-10
123000192,18,536,-518
123000193,59,1060,-1001
123000194,798,563,235
123000195,328,18,310
123000196,368,20,348
123000197,108,178,-70
123000198,28,291,-263
123000199,8,836,-828
123000200,515,17,498
123000201,910,38,872
123000202,20,1615,-1595
123000203,959,78,881
123000204,105,1739,-1634
123000205,622,2822,-2200
123000206,1918,270,1648
123000207,195,1358,-1163
123000208,889,160,729
123000209,2663,569,2094
123000210,584,2439,-1855
123000211,725,3847,-3122
123000212,3412,578,2834
123000213,801,81,720
123000215,354,243,111
123000216,292,992,-700
123000217,268,59,209
123000218,154,811,-657
123000219,1584,106,1478
123000220,828,162,666
123000221,229,183,46
123000222,610,687,-77
123000223,215,887,-672
123000224,622,1096,-474
123000225,350,135,215
123000226,94,407,-313
123000227,155,494,-339
123000228,262,107,155
123000229,2341,2994,-653
123000232,115,953,-838
123000233,1024,258,766
123000234,280,1046,-766
123000235,869,558,311
123000236,305,1375,-1070
123000237,423,117,306
123000238,118,1040,-922
123000239,805,2779,-1974
123000240,96,613,-517
123000241,1915,200,1715
123000242,145,201,-56
123000243,1071,1303,-232
123000244,1339,935,404
123000245,156,248,-92
123000249,817,1643,-826
123000252,1450,331,1119
123000253,1199,657,542
123000254,781,1582,-801
123000255,1368,1137,231
123000256,54,369,-315
123000257,5207,4043,1164
123000258,1427,1838,-411
123000259,397,610,-213
123000260,587,836,-249
123000261,190,261,-71
123000262,159,411,-252
123000263,486,157,329
123000264,249,92,157
123000265,71,293,-222
123000266,663,1249,-586
123000267,511,496,15
123000268,59,122,-63
123000269,38,58,-20
123000270,54,97,-43
123000271,202,94,108
123000272,1310,493,817
123000273,484,781,-297
123000274,1834,804,1030
123000275,423,1571,-1148
123000278,5347,4266,1081
123000279,150,219,-69
123000280,688,634,54
123000281,662,167,495
123000282,305,480,-175
123000283,130,80,50
123000284,82,173,-91
123000286,538,443,95
123000287,869,405,464
123000288,2552,986,1566
123000289,998,1488,-490
123000291,524,1147,-623
123000294,537,491,46
123000295,1288,1248,40
123000296,472,383,89
123000297,763,1774,-1011
123000298,782,1164,-382
123000299,87,524,-437
123000300,1328,1353,-25
123000301,238,381,-143
123000302,121,401,-280
123000303,387,125,262
123000305,1982,1494,488
123000306,175,354,-179
123000309,67,84,-17
123000310,130,54,76
123000311,0,183,-183
123000312,1708,1505,203
123000313,600,684,-84
123000315,53,533,-480
123000316,4315,414,3901
123000317,368,90,278
123000318,71,432,-361
123000329,36,29,7
123000337,588,390,198
123000338,922,109,813
123000339,220,416,-196
123000340,246,821,-575
123000342,26,319,-293
123000343,288,7,281
123000344,1615,789,826
123000345,466,998,-532
123000346,602,125,477
123000352,3196,1169,2027
123000353,33,302,-269
123000354,514,4,510
123000355,0,833,-833
123000356,316,9,307
123000357,0,426,-426
123000359,6,274,-268
123000360,214,174,40
123000361,939,420,519
123000362,406,153,253
123000363,106,232,-126
123000364,1051,720,331
123000365,22,536,-514
123000366,439,2740,-2301
123000367,483,2144,-1661
123000370,73,478,-405
123000371,444,39,405
123000372,353,23,330
123000373,23,680,-657
123000374,5,356,-351
123000375,257,27,230
123000376,1560,1039,521
123000377,357,18,339
123000378,26,520,-494
123000379,0,332,-332
123000380,151,469,-318
123000381,408,43,365
123000382,1646,119,1527
123000383,450,1658,-1208
123000384,1109,126,983
123000385,863,1124,-261
123000436,160,1631,-1471
123000507,296,1079,-783
123000508,222,971,-749
123000517,427,54,373
123000518,55,520,-465
123000519,190,119,71
123000520,113,372,-259
123000521,473,202,271
123000522,236,795,-559
123000541,3,6,-3
123000542,0,53,-53
123000565,689,53,636
123000566,231,1301,-1070
123000567,168,462,-294
123000573,47,1469,-1422
123000574,706,97,609
123000575,1698,1671,27
123000576,857,3645,-2788
123000577,203,1389,-1186
123000578,1389,85,1304
123000579,6579,7082,-503
123000580,123,31,92
123000582,643,38,605
123000583,24,684,-660
123000584,307,480,-173
123000585,2,245,-243
123000586,109,2,107
123000596,227,240,-13
123000597,109,294,-185
123000602,47,8,39
123000603,602,1377,-775
123000604,724,1821,-1097
123000605,1720,27,1693
123000606,0,508,-508
123000609,28,611,-583
123000610,271,187,84
123000613,65,426,-361
123000614,214,73,141
123000615,92,452,-360
123000616,549,74,475
123000617,206,747,-541
123000618,123,986,-863
123000619,902,67,835
123000620,34,855,-821
123000622,301,18,283
123000624,167,143,24
123000630,1031,614,417
123000631,450,3839,-3389
123000632,2101,1928,173
123000633,0,765,-765
123000634,260,183,77
123000635,468,172,296
123000636,45,1388,-1343
123000637,267,76,191
123000638,854,159,695
123000639,1430,4696,-3266
123000640,32,1489,-1457
123000648,606,85,521
123000649,81,1033,-952
123900001,2085,113,1972
123900002,42,1889,-1847
123900003,544,1081,-537
123900005,504,156,348
123900006,864,79,785
124000001,2466,164,2302
124000002,170,2851,-2681
124000003,774,216,558
124000004,80,978,-898
124000005,1247,687,560
124000006,359,1891,-1532
124000007,885,131,754
124000008,42,1043,-1001
124000009,760,429,331
124000010,225,1031,-806
124000011,2208,434,1774
124000012,791,993,-202
124000017,245,205,40
124000018,154,151,3
124000019,167,156,11
124000020,49,301,-252
124000021,276,82,194
124000022,122,381,-259
124000023,2748,2015,733
124000024,1552,1023,529
124000025,1541,2382,-841
124000026,1578,1520,58
124000027,5531,6296,-765
124000028,3625,5744,-2119
124000030,4119,1765,2354
124000031,1747,3366,-1619
124000032,9046,1768,7278
124000033,1279,1123,156
124000034,3604,1813,1791
124000035,391,172,219
124000036,292,989,-697
124000037,507,1185,-678
124000038,85,154,-69
124000039,1319,510,809
124000040,773,1153,-380
124000041,437,190,247
124000042,85,579,-494
124000043,210,241,-31
124000044,86,489,-403
124000045,795,906,-111
124000046,395,1392,-997
124000047,1615,1412,203
124000048,1156,2882,-1726
124000049,1953,1087,866
124000050,910,3456,-2546
124000051,988,898,90
124000052,795,1794,-999
124000053,681,1822,-1141
124000054,1108,1019,89
124000055,1599,2767,-1168
124000056,6018,2131,3887
124000057,1085,707,378
124000058,643,2154,-1511
124000059,671,1150,-479
124000060,1448,1389,59
124000061,1943,5612,-3669
124000062,11267,2790,8477
124000063,1961,3221,-1260
124000064,4460,2783,1677
124000065,679,532,147
124000066,584,112,472
124000067,198,302,-104
124000068,103,164,-61
124000069,616,366,250
124000070,189,679,-490
124000071,528,163,365
124000072,396,723,-327
124000073,1227,200,1027
124000074,303,1074,-771
124000075,287,77,210
124000076,14,349,-335
124000077,3131,1009,2122
124000078,3161,1738,1423
124000079,802,1513,-711
124000080,419,232,187
124000081,243,1224,-981
124000082,88,242,-154
124000083,100,440,-340
124000084,118,572,-454
124000085,128,104,24
124000086,123,198,-75
124000087,183,199,-16
124000088,318,630,-312
124000089,942,485,457
124000090,235,558,-323
124000091,1454,243,1211
124000092,436,1100,-664
124000093,133,153,-20
124000094,169,720,-551
124000095,81,111,-30
124000096,153,408,-255
124000097,152,243,-91
124000098,50,220,-170
124000099,318,147,171
124000100,115,192,-77
124000101,111,134,-23
124000102,180,168,12
124000103,98,126,-28
124000104,242,184,58
124000105,88,133,-45
124000106,364,181,183
124000107,24,178,-154
124000108,108,83,25
124000109,153,103,50
124000110,333,259,74
124000111,379,204,175
124000112,754,1281,-527
124000113,73,137,-64
124000114,309,881,-572
124000115,696,1182,-486
124000116,146,203,-57
124000117,178,183,-5
124000118,71,112,-41
124000119,3378,907,2471
124000120,1940,931,1009
124000121,4292,1287,3005
124000122,881,1854,-973
124000123,1216,724,492
124000124,968,1644,-676
124000125,465,610,-145
124000126,538,914,-376
124000127,1079,625,454
124000128,920,1399,-479
124000129,2449,1829,620
124000130,1247,927,320
124000131,1737,662,1075
124000132,1624,1072,552
124000133,1292,1243,49
124000134,1005,1332,-327
124000135,2080,2291,-211
124000136,1297,1564,-267
124000137,2083,908,1175
124000138,2488,1689,799
124000139,1705,130,1575
124000140,140,1006,-866
124000141,855,51,804
124000142,74,1023,-949
124000143,121,23,98
124000144,12,261,-249
124000145,115,47,68
124000146,35,159,-124
124000148,29,135,-106
124000149,1282,527,755
124000150,454,810,-356
124000151,946,539,407
124000152,1247,2111,-864
124000153,755,976,-221
124000154,518,1335,-817
124000155,1483,1337,146
124000156,2462,1511,951
124000169,470,1163,-693
124000170,1487,661,826
124000171,568,578,-10
124000172,785,867,-82
124000173,649,498,151
124000174,591,1155,-564
124000175,9,173,-164
124000176,59,21,38
124000177,6,41,-35
124000178,52,53,-1
124000185,50,13,37
124000186,8,166,-158
124000187,7,344,-337
124000188,59,16,43
124000190,350,59,291
124000191,2253,222,2031
124000192,4002,550,3452
124000193,929,1257,-328
124000194,570,725,-155
124000195,312,844,-532
124000196,2089,1795,294
124000197,71,114,-43
124000198,32,62,-30
124000201,311,1532,-1221
124000202,704,266,438
124000203,249,1719,-1470
124000204,605,900,-295
124000205,59,988,-929
124000206,472,593,-121
124000207,0,63,-63
124000209,469,1020,-551
124000210,416,292,124
124000211,509,8,501
124000212,1,774,-773
124000213,298,692,-394
124000214,300,969,-669
124000215,446,22,424
124000216,3,818,-815
124000329,138,3587,-3449
124000338,121,1731,-1610
124000339,707,130,577
124000341,1301,63,1238
124000344,189,139,50
124000357,1223,4413,-3190
124000358,937,2488,-1551
124000359,1247,1160,87
124000360,768,959,-191
124000361,2710,1185,1525
124000362,2253,2551,-298
124000363,363,552,-189
124000364,828,1143,-315
124000365,999,1328,-329
124000366,3228,1051,2177
124000367,223,1036,-813
124000368,625,483,142
124000369,321,236,85
124000370,124,920,-796
124000402,21,15,6
124000403,104,14,90
124000404,13,174,-161
124000405,1233,1043,190
124000406,1431,1138,293
124000407,5,57,-52
124000411,12,543,-531
124000412,524,12,512
124000413,1320,59,1261
124000414,104,156,-52
124000415,58,313,-255
124000416,232,515,-283
124000417,121,182,-61
124000418,135,242,-107
124000419,94,279,-185
124000420,72,147,-75
124000421,51,508,-457
124000422,49,39,10
124000423,236,65,171
124000424,17,238,-221
124000425,145,39,106
124000426,10,345,-335
124000427,162,14,148
124000428,109,73,36
124000429,50,61,-11
124000430,953,949,4
124000431,530,1045,-515
124000432,241,1586,-1345
124000439,4,27,-23
124000443,0,6,-6
124000445,616,1622,-1006
124000446,4727,256,4471
124000447,44,276,-232
124000448,61,31,30
124000449,118,9,109
124000450,9,631,-622
124000451,1,357,-356
124900001,473,426,47
124900002,207,608,-401
124900003,1118,799,319
124900004,587,515,72
124900005,364,310,54
124900006,610,584,26
124900008,1651,681,970
124900009,137,362,-225
124900010,137,117,20
124900011,535,378,157
124900012,511,175,336
124900013,603,200,403
124900014,302,160,142
124900015,277,345,-68
124900016,91,100,-9
124900017,815,1158,-343
124900018,61,7,54
124900020,79,88,-9
124900021,201,61,140
124900022,77,22,55
124900024,260,57,203
124900026,428,24,404
124900027,145,399,-254
124900028,925,174,751
124900029,17,616,-599
124900030,10,236,-226
124900031,50,457,-407
124900032,286,306,-20
124900033,109,516,-407
124900034,3,131,-128
124900035,277,670,-393
124900036,0,53,-53
124900037,247,568,-321
124900038,305,584,-279
124900039,3,39,-36
124900040,165,131,34
124900041,339,1902,-1563
124900042,124,1,123
124900043,612,1678,-1066
124900044,192,6,186
124900045,826,1299,-473
124900047,157,314,-157
124900048,179,308,-129
124900050,234,501,-267
124900052,193,431,-238
124900053,103,452,-349
124900054,4763,603,4160
124900055,1,171,-170
124900057,11,111,-100
124900060,73,373,-300
124900061,53,4,49
124900062,116,12,104
124900066,0,25,-25
124900067,4,330,-326
124900068,233,511,-278
124900070,41,54,-13
124900072,96,51,45
124900075,273,306,-33
124900076,34,1064,-1030
124900077,34,182,-148
124900078,99,14,85
124900079,1446,281,1165
124900080,345,1186,-841
124900081,1015,357,658
124900082,457,1627,-1170
124900083,318,787,-469
124900085,1298,372,926
124900086,93,1312,-1219
124900087,777,98,679
124900088,718,124,594
124900089,2159,47,2112
124900090,265,289,-24
124900091,426,778,-352
124900092,376,634,-258
124900093,331,274,57
124900094,393,390,3
124900095,111,526,-415
124900096,762,311,451
124900097,290,108,182
124900098,149,623,-474
124900099,790,604,186
124900100,284,131,153
124900101,96,286,-190
124900102,225,69,156
124900103,239,521,-282
124900104,84,403,-319
124900105,130,222,-92
124900106,425,95,330
124900107,86,26,60
124900108,294,105,189
124900111,0,116,-116
124900112,110,945,-835
124900113,165,322,-157
124900114,347,194,153
124900115,73,50,23
124900116,161,141,20
124900117,1266,158,1108
124900118,233,313,-80
124900119,465,223,242
124900120,59,610,-551
124900121,165,390,-225
124900122,870,354,516
124900123,553,122,431
124900124,193,394,-201
204000001,118,18,100
204000002,107,41,66
204000003,69,3,66
204000004,5,1,4
204000005,886,1028,-142
204000006,1625,3654,-2029
204000011,11,87,-76
204000012,84,197,-113
204000019,664,801,-137
204000020,857,1163,-306
204000021,3041,1393,1648
204000022,569,777,-208
204000023,628,1685,-1057
204000031,209,30,179
204000032,908,70,838
204000034,40,318,-278
204000035,10,5,5
204000036,12,24,-12
204000037,7,34,-27
204000038,3,41,-38
204000039,4,54,-50
204000040,15,41,-26
204000041,12,28,-16
204000042,98,23,75
204000043,71,2,69
204000044,35,1,34
204000045,110,9,101
204000046,13,3,10
204000057,6,35,-29
204000062,46,206,-160
204000068,128,385,-257
204000069,37,463,-426
204000070,115,197,-82
204000080,43,93,-50
204000085,2086,2783,-697
204000086,4949,3765,1184
204000087,64,27,37
204000088,4,152,-148
204000090,92,597,-505
204000093,280,204,76
204000096,1382,1605,-223
204000097,400,205,195
204000099,1145,2625,-1480
204000100,1333,2619,-1286
204000105,2828,2483,345
204000110,1181,2054,-873
204000111,783,1338,-555
204000112,1364,1280,84
204000113,737,1421,-684
204000114,1101,898,203
204000115,894,534,360
204000116,894,843,51
204000119,2505,4157,-1652
204000132,602,429,173
204000133,856,589,267
204000134,258,263,-5
204000135,885,247,638
204000136,649,440,209
204000138,497,606,-109
204000140,296,211,85
204000141,240,131,109
204000144,15,38,-23
204000145,651,46,605
204000146,18,531,-513
204000147,195,351,-156
204000148,727,86,641
204000154,12,0,12
204000155,2,19,-17
204000177,112,136,-24
204000179,33,20,13
204000180,2,58,-56
204000222,3,4,-1
204000235,14,27,-13
204000236,100,409,-309
204000238,9,70,-61
204000240,574,81,493
204000263,980,2092,-1112
204000268,1646,1465,181
204000308,373,60,313
204000317,15,123,-108
204000322,8,92,-84
204000323,43,42,1
204000328,251,214,37
204000329,122,330,-208
204000330,378,286,92
204000331,159,258,-99
205000001,1337,2422,-1085
205000013,22,111,-89
205000014,32,111,-79
205000015,58,275,-217
205000016,32,261,-229
205000017,43,122,-79
205000022,527,1056,-529
205000025,2317,1555,762
205000029,409,7,402
205000045,383,391,-8
205000046,115,920,-805
205000047,68,701,-633
205000048,398,1874,-1476
205000049,202,1291,-1089
205000050,2084,481,1603
205000059,0,331,-331
205000060,1,152,-151
205000061,5,51,-46
205000062,11,55,-44
205000063,34,231,-197
205000064,20,256,-236
205000065,69,833,-764
205000066,137,1106,-969
205000067,41,1501,-1460
205000069,214,29,185
205000082,168,910,-742
205000110,106,351,-245
205000111,228,486,-258
205000112,186,251,-65
205000113,228,431,-203
205000121,376,283,93
205000123,54,294,-240
205000126,549,531,18
205000127,915,750,165
205000128,887,521,366
205000129,1029,420,609
205000130,1724,186,1538
205000131,1622,65,1557
205000132,2567,13,2554
205000133,2393,11,2382
205000134,854,1,853
205000137,93,171,-78
205000138,270,435,-165
205000139,51,178,-127
205000144,105,136,-31
205000145,355,552,-197
205000151,203,174,29
205000152,200,136,64
205000153,247,231,16
205000154,88,214,-126
205000155,269,58,211
205000207,7,261,-254
205000233,89,0,89
205000234,0,2,-2
205000243,0,1,-1
205000244,0,4,-4
205000245,40,433,-393
205000249,0,67,-67
205000250,5,0,5
205000264,13,124,-111
206000027,8,10,-2
206000028,7,1,6
206000043,9,179,-170
206000053,1,20,-19
206000054,10,43,-33
206000055,1,17,-16
206000075,8,10,-2
206000076,36,20,16
206000077,20,16,4
206000078,20,14,6
206000079,13,7,6
206000082,835,43,792
206000100,143,1095,-952
206000103,14,24,-10
206000104,28,25,3
206000105,12,24,-12
206000106,22,51,-29
206000125,53,0,53
206000157,110,900,-790
206000170,0,269,-269
206000171,0,290,-290
206000172,8,1118,-1110
206000173,2,410,-408
206000174,5,127,-122
206000175,5,226,-221
206000176,28,363,-335
206000177,2,236,-234
206000178,14,188,-174
206000179,15,102,-87
206000180,27,290,-263
206000181,3,436,-433
206000182,21,341,-320
206000183,20,1312,-1292
206000184,10,553,-543
206000185,13,398,-385
206000186,162,2077,-1915
206000223,22,259,-237
206000226,12,1,11
206000227,27,4,23
206000237,31,538,-507
206000238,44,893,-849
206000239,713,2863,-2150
206000240,4,56,-52
206000241,2,228,-226
206000242,18,469,-451
206000243,12,371,-359
206000244,106,1109,-1003
206000245,544,72,472
206000246,115,12,103
206000247,129,19,110
206000248,707,33,674
206000252,136,42,94
206000258,38,42,-4
206000315,60,11,49
206000317,722,127,595
206000318,414,97,317
206000319,884,179,705
206000320,81,80,1
206000321,104,20,84
206000322,330,19,311
206000323,104,17,87
206000324,113,8,105
206000325,288,24,264
206000326,447,15,432
206000327,791,18,773
206000328,140,3,137
206000329,197,7,190
206000330,46,6,40
206000331,98,3,95
206000332,37,15,22
206000333,398,1,397
206000334,315,3,312
206000335,0,31,-31
206000361,8,333,-325
206000392,2,33,-31
206000405,188,6,182
206000441,37,28,9
206000498,98,5,93
206000515,173,37,136
206000530,144,89,55
206000531,431,223,208
206000532,4371,337,4034
206000535,445,4083,-3638
206000536,34,320,-286
206000537,16,216,-200
206000613,2039,367,1672
206000784,776,44,732
207000001,291,737,-446
207000002,162,415,-253
207000003,225,256,-31
207000007,925,376,549
207000008,69,15,54
207000009,118,32,86
207000010,657,793,-136
207000012,345,365,-20
207000015,459,2293,-1834
207000019,452,119,333
207000021,880,269,611
207000022,199,185,14
207000023,227,93,134
207000024,11,30,-19
207000025,45,123,-78
207000026,215,66,149
207000027,48,115,-67
207000028,87,275,-188
207000029,362,630,-268
207000033,433,520,-87
207000034,398,132,266
207000039,355,233,122
207000040,272,223,49
207000041,84,62,22
207000042,394,119,275
207000043,375,252,123
207000051,168,340,-172
207000052,40,260,-220
207000053,587,998,-411
207000054,103,249,-146
207000055,210,270,-60
207000056,448,628,-180
207000057,187,421,-234
207000058,209,660,-451
207000059,128,1230,-1102
207000060,127,422,-295
207000061,340,441,-101
207000062,307,46,261
207000063,323,152,171
207000064,539,217,322
207000065,334,311,23
207000066,249,294,-45
207000067,106,241,-135
207000068,203,119,84
207000069,914,581,333
207000082,15,439,-424
207000083,133,504,-371
207000084,273,357,-84
207000085,197,19,178
207000086,211,6,205
207000106,30,63,-33
207000107,47,32,15
207000108,61,23,38
207000109,101,34,67
207000110,44,131,-87
207000111,62,87,-25
207000112,533,697,-164
207000114,21,71,-50
207000115,18,112,-94
207000116,18,450,-432
207000117,14,142,-128
207000118,3,114,-111
207000119,63,127,-64
207000123,217,38,179
207000124,100,37,63
207000125,87,61,26
207000126,71,96,-25
207000134,66,236,-170
207000135,33,418,-385
207000148,66,303,-237
207000149,106,64,42
207000152,258,522,-264
207000153,1315,1682,-367
207000154,627,227,400
207000159,120,332,-212
207000160,228,815,-587
207000238,0,206,-206
207000242,2,313,-311
207000248,47,35,12
207000249,258,59,199
207000250,1672,128,1544
207000251,172,106,66
207000252,90,107,-17
207000278,107,118,-11
207000279,18,316,-298
207000280,435,80,355
207000281,113,1783,-1670
207000282,308,96,212
207000283,234,501,-267
207000284,90,199,-109
207000285,252,68,184
207000291,16,141,-125
207000304,261,97,164
207000306,99,648,-549
207000310,78,127,-49
207000353,379,5,374
207000356,24,41,-17
207000357,64,24,40
207000358,20,12,8
207000415,7,324,-317
207000417,34,8,26
207000418,140,262,-122
207000438,0,3,-3
207000439,1268,788,480
207000446,165,9,156
207000460,13,16,-3
207000466,276,176,100
207000467,309,206,103
207000468,66,610,-544
207000476,7,124,-117
207000477,573,167,406
207000478,2,59,-57
207000523,1,38,-37
207000524,78,0,78
207000527,122,285,-163
207000530,354,7,347
207000531,338,15,323
207000532,92,24,68
207000534,979,85,894
207000535,73,462,-389
207000537,43,173,-130
207000540,12,390,-378
207000541,1,507,-506
207000548,15,482,-467
207000549,338,11,327
207000561,186,158,28
207000562,73,401,-328
207000567,223,399,-176
207000568,114,154,-40
207000569,446,1454,-1008
207000584,543,375,168
207000585,135,361,-226
207000587,121,26,95
207000616,0,254,-254
207000617,171,0,171
207000624,108,45,63
207000631,4,81,-77
207900008,158,228,-70
208000001,744,1644,-900
208000002,818,952,-134
208000003,1915,1181,734
208000004,2503,1639,864
208000005,30,18,12
208000019,633,1430,-797
208000020,217,740,-523
208000021,276,831,-555
208000022,1078,985,93
208000028,1997,1501,496
208000033,627,1235,-608
208000034,1878,3375,-1497
208000037,650,54,596
208000040,107,210,-103
208000041,1035,780,255
208000042,1457,832,625
208000047,198,728,-530
208000064,3705,2879,826
208000066,2416,3163,-747
208000070,490,593,-103
208000071,663,1426,-763
208000072,477,2082,-1605
208000080,329,816,-487
208000081,491,362,129
208000082,413,487,-74
208000083,240,600,-360
208000084,138,26,112
208000085,2244,940,1304
208000086,974,1301,-327
208000087,580,1122,-542
208000089,1328,1234,94
208000090,1120,1793,-673
208000093,170,247,-77
208000094,734,1032,-298
208000095,1128,629,499
208000104,1216,1910,-694
208000105,835,1957,-1122
208000114,164,393,-229
208000115,740,565,175
208000116,725,1485,-760
208000117,119,234,-115
208000118,130,179,-49
208000155,1168,1303,-135
208000158,2343,5075,-2732
208000186,4211,5860,-1649
208000204,829,1833,-1004
208000205,1509,2216,-707
208000282,6124,3438,2686
209000004,289,427,-138
209000005,61,84,-23
209000006,946,269,677
209000007,830,459,371
209000010,1064,254,810
209000011,420,408,12
209000012,194,405,-211
209000013,283,861,-578
209000014,998,2071,-1073
209000025,522,97,425
209000026,1040,206,834
209000027,635,1668,-1033
209000028,630,1442,-812
209000029,2177,1365,812
209000030,1633,2707,-1074
209000031,6246,3957,2289
209000034,286,472,-186
209000035,211,323,-112
209000036,422,240,182
209000037,263,466,-203
209000038,155,366,-211
209000039,103,281,-178
209000040,454,771,-317
209000041,230,638,-408
209000042,268,623,-355
209000043,986,1146,-160
209000044,284,1089,-805
209000045,1946,496,1450
209000046,678,614,64
209000047,767,287,480
209000048,1088,304,784
209000049,99,232,-133
209000050,227,331,-104
209000051,448,707,-259
209000052,312,639,-327
209000062,42,268,-226
209000063,69,234,-165
209000064,38,263,-225
209000065,71,79,-8
209000066,100,97,3
209000067,120,193,-73
209000080,47,460,-413
209000082,104,81,23
209000091,66,160,-94
209000093,122,39,83
209000094,298,253,45
209000110,84,209,-125
209000111,564,2910,-2346
209000112,1139,1153,-14
209000113,4898,1081,3817
209000114,658,758,-100
209000115,182,278,-96
209000116,1296,1069,227
209000118,177,96,81
209000119,141,20,121
209000121,245,1211,-966
209000135,124,275,-151
209000142,1275,3496,-2221
209000143,445,224,221
209000144,267,160,107
209000229,292,260,32
209000240,77,712,-635
209000259,189,227,-38
209000260,84,1451,-1367
209000261,9,811,-802
209000262,4,760,-756
209000263,1,230,-229
209000264,0,139,-139
209000265,460,77,383
209000266,89,5,84
209000267,691,10,681
209000268,812,50,762
210000037,100,49,51
210000047,102,59,43
210000048,109,70,39
210000049,111,52,59
210000052,53,189,-136
210000053,37,114,-77
210000054,96,159,-63
210000070,124,3,121
210000071,75,0,75
210000072,43,0,43
210000073,1,74,-73
210000074,1,212,-211
210000075,0,109,-109
210000076,8,208,-200
210000077,185,57,128
210000078,110,63,47
210000079,214,33,181
210000080,626,98,528
210000081,331,10,321
210000082,322,2,320
210000083,195,2,193
210000084,64,0,64
210000085,0,169,-169
210000086,9,249,-240
210000099,58,534,-476
210000100,88,480,-392
210000101,111,516,-405
210000105,65,534,-469
210000159,1,326,-325
210000163,274,399,-125
210000164,557,293,264
210000168,323,45,278
210000187,0,17,-17
210000188,0,53,-53
210000214,55,0,55
210000219,30,102,-72
210000220,105,104,1
210000232,5,28,-23
210000233,33,114,-81
210000234,36,283,-247
210000235,49,274,-225
210000245,1,44,-43
210000246,46,1,45
210000258,21,179,-158
210000259,416,56,360
210000282,96,448,-352
210000285,2,171,-169
210000286,18,223,-205
210000290,3,28,-25
210000295,78,400,-322
210000296,143,138,5
210000320,206,147,59
210000321,101,150,-49
210000338,311,122,189
210000339,651,1830,-1179
210000340,213,763,-550
210000341,284,499,-215
210000342,272,431,-159
210000343,419,340,79
210000344,1025,257,768
210000345,337,491,-154
210000346,187,237,-50
210000347,573,72,501
210000348,415,22,393
210000349,425,25,400
210000350,133,97,36
210000351,139,173,-34
210000352,67,174,-107
210000353,53,228,-175
210000354,94,229,-135
210000355,102,230,-128
210000356,230,106,124
210000357,173,86,87
210000358,823,222,601
210000359,392,136,256
210000360,336,180,156
210000361,278,211,67
210000362,324,321,3
210000363,1237,327,910
210000364,219,254,-35
210000365,245,118,127
210000366,181,125,56
210000367,141,68,73
210000368,241,58,183
210000369,118,33,85
210000370,171,90,81
210000372,164,68,96
210000373,255,34,221
210000374,137,22,115
210000375,51,196,-145
210000376,236,332,-96
210000404,108,313,-205
210000439,57,104,-47
210000472,312,12,300
210000482,149,125,24
210000564,739,407,332
210000567,1,36,-35
210000568,1113,6,1107
211000092,36,83,-47
211000094,13,19,-6
211000169,437,23,414
211000172,25,456,-431
211000209,1,34,-33
211000226,36,53,-17
211000270,23,22,1
211000275,25,38,-13
211000276,146,48,98
211000279,29,53,-24
211000281,44,66,-22
211000302,21,151,-130
211507980,3,69,-66
211977296,108,8,100
212000003,402,178,224
212000004,325,36,289
212000005,66,61,5
212000006,118,158,-40
212000008,223,291,-68
212000009,40,290,-250
212000012,91,109,-18
212000013,28,82,-54
212000014,377,187,190
212000015,372,388,-16
212000016,592,714,-122
212000027,507,968,-461
212000028,300,896,-596
212000029,224,632,-408
212000030,42,61,-19
212000031,62,124,-62
212000048,97,177,-80
212000049,16,156,-140
212000050,18,12,6
212000051,199,341,-142
212000052,186,499,-313
212000053,357,789,-432
212000054,177,244,-67
212000055,164,512,-348
212000056,14,119,-105
212000057,15,87,-72
212000058,794,65,729
212000070,126,455,-329
212000077,173,1165,-992
212000099,268,534,-266
212000108,474,471,3
212000111,279,265,14
212000120,315,185,130
212000138,379,45,334
212000156,10,227,-217
212000158,6,15,-9
212000159,329,79,250
212000160,430,558,-128
212000161,102,32,70
212000310,38,25,13
212000311,15,171,-156
212000374,43,13,30
213000001,46,678,-632
213000005,551,242,309
213000006,1434,312,1122
213000007,325,31,294
213000009,866,644,222
213000010,199,396,-197
213000011,409,203,206
213000012,204,502,-298
213000014,79,7,72
213000015,258,9,249
213000016,462,5,457
213000017,86,0,86
213000018,2,290,-288
213000019,1,236,-235
213000020,122,549,-427
213000021,11,156,-145
213000023,338,318,20
213000033,339,1737,-1398
213000034,788,547,241
213000035,158,631,-473
213000045,133,376,-243
213000046,281,324,-43
213000047,759,1363,-604
213000056,113,169,-56
213000069,332,7,325
213000073,2,24,-22
213000074,139,834,-695
213000075,796,8,788
213000076,65,4,61
213000085,11,45,-34
213000086,27,303,-276
213000091,131,17,114
213000092,47,28,19
213000099,289,1379,-1090
213000100,1768,454,1314
213000101,287,192,95
213000102,363,410,-47
213000103,1183,1139,44
213000104,68,594,-526
213000105,2,171,-169
213000106,35,283,-248
213000107,182,1084,-902
213000108,33,825,-792
213000109,13,375,-362
213000110,5,145,-140
213000111,22,91,-69
213000112,238,180,58
213000115,63,5,58
213000116,85,1226,-1141
213000117,9,1762,-1753
213000118,436,485,-49
213000119,98,1619,-1521
213000120,144,1450,-1306
213000122,559,1201,-642
213000123,1047,2339,-1292
213000124,134,1799,-1665
213000125,171,18,153
213000126,99,131,-32
213000127,232,174,58
213000128,983,1219,-236
213000129,633,945,-312
213000130,418,527,-109
213000132,248,183,65
213000133,428,185,243
213000134,1230,38,1192
213000136,432,39,393
213000137,662,166,496
213000139,816,72,744
213000147,212,5,207
213000148,113,8,105
213000149,367,9,358
213000150,0,128,-128
213000151,5,138,-133
213000152,5,106,-101
213000153,2,64,-62
213000154,32,426,-394
213000155,17,537,-520
213000156,98,1314,-1216
213000157,1423,638,785
213000158,403,1148,-745
213000159,435,1207,-772
213000163,493,118,375
213000165,630,366,264
213000171,0,132,-132
213000172,0,398,-398
213000173,3,242,-239
213000174,3,194,-191
213000175,15,108,-93
213000176,22,51,-29
213000177,45,4,41
213000178,76,3,73
213000179,138,2,136
213000180,102,3,99
213000184,118,887,-769
213000188,338,116,222
213000189,336,46,290
213000190,1021,1587,-566
213000191,273,881,-608
213000192,250,987,-737
213000193,3465,254,3211
213000194,6,46,-40
213000195,24,722,-698
213000196,366,1450,-1084
213000197,361,1708,-1347
213000198,116,3,113
213000200,146,1536,-1390
213000201,123,68,55
213000202,30,1551,-1521
213000203,5504,990,4514
213000204,766,210,556
213000205,216,292,-76
213000206,670,236,434
213000207,345,46,299
213000208,332,3,329
213000209,320,5,315
213000210,1477,17,1460
213000211,123,24,99
213000212,134,10,124
213000213,80,31,49
213000218,444,1228,-784
213000219,721,26,695
213000220,801,14,787
213000223,510,349,161
213000224,110,104,6
213000225,124,19,105
213000226,86,12,74
213000227,1109,479,630
213000228,350,254,96
213000229,585,59,526
213000230,638,109,529
213000232,132,1118,-986
213000233,11,42,-31
213000234,3,54,-51
213000293,51,68,-17
213000294,375,77,298
213000295,56,89,-33
213000296,71,43,28
213000297,9,201,-192
213000298,17,164,-147
213000299,64,75,-11
213000300,34,7,27
213000303,8,29,-21
213000304,2,7,-5
213000305,2,13,-11
213000306,322,53,269
213000307,1307,122,1185
213000308,145,387,-242
213000309,238,87,151
213000310,218,173,45
213000311,376,1111,-735
213000315,127,194,-67
213000316,156,96,60
213000322,117,153,-36
213000323,61,137,-76
213000324,43,26,17
213000325,15,89,-74
213000326,10,19,-9
213000327,7,33,-26
213000328,17,189,-172
213000329,58,42,16
213000340,195,1496,-1301
213000341,421,192,229
213000346,285,272,13
213000347,1298,465,833
213000348,13,147,-134
213000349,22,11,11
213000350,386,2160,-1774
213000366,84,593,-509
213000367,226,90,136
213000379,148,122,26
213000386,10,330,-320
213000406,110,657,-547
213000417,1782,631,1151
213000425,152,55,97
213000426,97,162,-65
213000427,64,467,-403
213000428,31,263,-232
213000429,12,10,2
213000430,139,1148,-1009
213000431,46,3,43
213000432,0,31,-31
213000433,24,238,-214
213000434,99,169,-70
213000435,70,147,-77
213000436,14,118,-104
213000437,0,8,-8
213000438,107,77,30
213000439,89,37,52
213000440,10,416,-406
213000441,1,0,1
213000442,3,29,-26
213000443,518,842,-324
213000444,48,51,-3
213000445,3,170,-167
213000446,2,34,-32
213000447,8,137,-129
213000448,2,125,-123
213000449,230,2,228
213000450,35,73,-38
213000451,264,107,157
213000452,30,39,-9
213000453,61,487,-426
213000455,625,24,601
213000456,0,314,-314
213000481,26,17,9
213000482,48,9,39
213000489,682,259,423
213000491,1,268,-267
213000492,1338,5,1333
213000493,1,358,-357
213000494,161,218,-57
213000495,0,162,-162
213000496,292,342,-50
213000497,85,453,-368
213000498,107,322,-215
213000499,160,709,-549
213000500,313,102,211
213000501,103,35,68
213000502,583,109,474
213000503,2,115,-113
213000504,17,342,-325
213000505,13,24,-11
213000506,0,11,-11
213000507,5,183,-178
213900244,27,0,27
213900245,0,37,-37
218000003,96,30,66
218000004,51,39,12
218000005,143,84,59
218000006,122,56,66
218000007,16,32,-16
218000012,619,344,275
218000013,132,201,-69
218000014,590,527,63
218000019,882,1004,-122
218000020,313,1040,-727
218000021,30,89,-59
218000022,27,50,-23
218000023,4,54,-50
218000024,1,39,-38
218000025,9,38,-29
218000026,11,82,-71
218000027,8,13,-5
218000028,6,6,0
218000029,6,5,1
218000030,21,55,-34
218000031,8,57,-49
218000032,6,36,-30
218000040,10,5,5
218000046,87,140,-53
218000047,62,245,-183
218000048,80,274,-194
218000049,118,264,-146
218000050,431,435,-4
218000051,97,464,-367
218000052,0,217,-217
218000053,11,15,-4
218000054,26,53,-27
218000055,10,22,-12
218000056,19,20,-1
218000057,7,32,-25
218000064,3,19,-16
218000065,101,140,-39
218000066,12,131,-119
218000067,39,141,-102
218000068,151,125,26
218000069,177,251,-74
218000070,146,477,-331
218000071,253,372,-119
218000072,326,312,14
218000078,1120,1899,-779
218000079,73,86,-13
218000080,77,130,-53
218000081,354,436,-82
218000082,40,223,-183
218000083,66,81,-15
218000084,133,239,-106
218000085,139,629,-490
218000086,66,260,-194
218000087,168,312,-144
218000090,14,152,-138
218000091,1281,890,391
218000092,100,242,-142
218000093,151,126,25
218000094,755,959,-204
218000099,452,827,-375
218000100,302,409,-107
218000101,349,205,144
218000102,418,407,11
218000103,91,275,-184
218000104,158,66,92
218000105,83,32,51
218000106,22,17,5
218000107,75,144,-69
218000108,14,61,-47
218000112,165,14,151
218000117,57,114,-57
218000134,741,1482,-741
218000135,119,248,-129
218000136,342,107,235
218000137,317,147,170
218000138,47,108,-61
218000139,232,429,-197
218000140,411,334,77
218000141,120,73,47
218000142,233,244,-11
218000143,175,290,-115
218000144,177,109,68
218000145,395,526,-131
218000146,42,244,-202
218000151,56,50,6
218000152,166,79,87
218000153,0,0,0
218000154,0,2,-2
218000155,1,0,1
218000156,4,5,-1
218000157,5,1,4
218000158,2,0,2
218000159,1,1,0
218000160,0,9,-9
218000161,7,3,4
218000162,16,3,13
218000163,1,3,-2
218000164,17,4,13
218000165,31,26,5
218000170,4,66,-62
218000171,102,15,87
218000172,59,24,35
218000173,85,27,58
218000174,92,19,73
218000176,194,67,127
218000177,317,263,54
218000178,141,264,-123
218000179,81,161,-80
218000180,80,61,19
218000181,226,118,108
218000187,5,12,-7
218000188,61,86,-25
218000189,26,71,-45
218000190,15,32,-17
218000191,121,87,34
218000192,200,376,-176
218000193,468,587,-119
218000194,164,542,-378
218000195,154,118,36
218000196,355,435,-80
218000197,273,446,-173
218000198,32,250,-218
218000199,76,37,39
218000200,119,67,52
218000201,42,14,28
218000202,381,418,-37
218000207,20,226,-206
218000208,96,107,-11
218000211,93,25,68
218000212,1,9,-8
218000213,207,170,37
218000214,14,35,-21
218000215,56,118,-62
218000217,7,300,-293
218000218,284,167,117
218000219,267,56,211
218000220,546,391,155
218000221,4454,342,4112
218000222,114,52,62
218000223,59,343,-284
218000224,18,117,-99
218000225,244,23,221
218000226,144,94,50
218000230,0,0,0
218000232,72,228,-156
218000239,266,15,251
218000240,29,4,25
218000241,59,1,58
218000242,142,0,142
218000243,135,5,130
218000244,132,9,123
218000245,38,6,32
218000246,2,0,2
218000247,2,1,1
218000248,0,35,-35
218000249,3,1,2
218000250,8,22,-14
218000251,2,37,-35
218000252,3,36,-33
218000253,7,25,-18
218000254,1,19,-18
218000255,2,22,-20
218000256,11,122,-111
218000267,1316,1623,-307
218000268,41,90,-49
218000269,10,25,-15
218000270,75,111,-36
218000271,80,121,-41
218000273,21,22,-1
218000274,20,11,9
218000275,17,54,-37
218000276,14,67,-53
218000278,67,29,38
218000279,49,97,-48
218000280,36,55,-19
218000281,29,27,2
218000282,874,599,275
218000284,220,47,173
218000301,131,137,-6
218000302,131,46,85
218000303,137,120,17
218000316,864,2128,-1264
218000317,1063,2184,-1121
218000318,458,1616,-1158
218000319,1441,2534,-1093
218000320,1144,1332,-188
218000338,233,23,210
218000345,255,57,198
218000346,240,326,-86
218000459,70,519,-449
218000490,187,60,127
218000501,125,93,32
218000502,44,179,-135
218000503,137,53,84
218000504,244,34,210
218000505,87,298,-211
218000506,48,385,-337
218000508,0,13,-13
218000510,296,11,285
218000520,141,181,-40
218000521,13,107,-94
218000522,0,170,-170
218000523,336,19,317
218000524,40,282,-242
218000525,174,30,144
218000526,49,149,-100
218000529,44,441,-397
218000530,3,2,1
218000531,15,47,-32
218000532,75,35,40
218000534,167,47,120
218000537,47,113,-66
218000538,158,162,-4
218000540,472,100,372
218000543,233,62,171
218000544,134,185,-51
218000545,92,71,21
218000546,64,186,-122
218000547,125,161,-36
218000548,156,321,-165
218000549,407,314,93
218000550,366,603,-237
218000551,286,791,-505
218000552,594,44,550
218000553,141,123,18
218000554,90,33,57
218000555,58,51,7
218000556,212,607,-395
218000557,278,306,-28
218000558,180,1,179
218000559,0,22,-22
218000560,0,32,-32
218000561,24,0,24
218000562,57,269,-212
218000563,304,31,273
218000564,26,101,-75
218000565,264,36,228
218000566,466,57,409
218000567,5,76,-71
218000568,21,13,8
218000569,21,186,-165
218000570,167,25,142
218000571,0,115,-115
218000572,205,9,196
218000573,28,187,-159
218000574,193,89,104
218000575,241,0,241
218000576,1,83,-82
218000577,535,2,533
218000578,1,81,-80
218000579,54,66,-12
218000581,8,84,-76
218000582,117,10,107
218000583,12,1,11
218000584,1,29,-28
218000585,60,3,57
218000586,13,51,-38
218000587,14,1,13
218000588,0,6,-6
218000589,0,2,-2
218000590,2,1,1
218000591,1,4,-3
218000592,1,1,0
218000593,10,4,6
218000594,2,0,2
218000596,0,0,0
218000597,1,0,1
218000598,0,0,0
218000599,1,0,1
218000600,13,1,12
218000601,0,0,0
218000602,0,8,-8
218000603,0,3,-3
218000604,25,0,25
218000605,0,51,-51
218000606,197,0,197
218000607,5,64,-59
218000608,118,45,73
218000609,4,65,-61
218000610,253,0,253
218000611,101,2,99
218000612,6,49,-43
218000613,51,0,51
218000614,6,53,-47
218000615,281,3,278
218000616,9,131,-122
218000617,53,2,51
218000618,1,31,-30
218000619,48,55,-7
218000620,1,11,-10
218000621,0,13,-13
218000622,0,27,-27
218000623,63,1,62
218000624,11,30,-19
218000625,10,4,6
218000626,0,9,-9
218000628,136,59,77
218000631,98,52,46
218000632,1,84,-83
218000633,105,1,104
218000634,28,39,-11
218000635,29,13,16
218000636,974,2457,-1483
218000637,753,1134,-381
218000638,115,130,-15
218000639,17,234,-217
218000640,232,64,168
218000641,91,494,-403
218000652,98,165,-67
218000653,231,103,128
218000663,19,252,-233
218000675,94,46,48
218000676,2,27,-25
218000677,4,7,-3
218000680,254,874,-620
218000681,535,327,208
218000691,150,548,-398
218000693,182,294,-112
218000703,13,102,-89
218000718,936,921,15
218000719,1408,397,1011
218000720,22,183,-161
218000721,147,35,112
218000725,8,5,3
218001147,7,556,-549
218001214,26,56,-30
218001258,116,8,108
218001329,230,236,-6
218001330,246,195,51
218001351,62,18,44
218001352,29,33,-4
218001353,25,15,10
218001354,15,35,-20
218001355,45,707,-662
218001356,214,10,204
218001357,60,558,-498
218001358,174,12,162
218001361,151,43,108
218001362,1,489,-488
219000001,39,124,-85
219000002,83,113,-30
219000003,47,40,7
219000004,79,65,14
219000017,759,47,712
219000020,150,53,97
219000022,183,3,180
219000023,155,3,152
219000029,0,144,-144
219000034,125,42,83
219000039,71,76,-5
219000040,106,41,65
219000041,224,77,147
219000051,0,13,-13
219000052,0,20,-20
219000053,1,175,-174
219000054,22,206,-184
219000055,176,7,169
219000056,102,2,100
219000057,242,0,242
219000062,35,95,-60
219000063,201,26,175
219000064,2,153,-151
219000110,359,80,279
219000111,149,32,117
219000112,274,93,181
219000113,191,85,106
219000114,330,143,187
219000116,97,49,48
219000117,114,101,13
219000118,194,79,115
219000123,431,190,241
219000124,158,120,38
219000125,19,29,-10
219000126,129,147,-18
219000127,1,16,-15
219000128,4,117,-113
219000129,33,266,-233
219000130,1105,1119,-14
219000131,1267,1204,63
219000133,94,87,7
219000134,25,33,-8
219000135,78,59,19
219000136,163,261,-98
219000138,92,26,66
219000139,20,72,-52
219000140,63,2,61
219000141,9,147,-138
219000142,24,215,-191
219000143,36,204,-168
219000145,42,118,-76
219000146,4,81,-77
219000147,9,64,-55
219000148,8,79,-71
219000149,22,165,-143
219000150,5,166,-161
219000151,3,90,-87
219000157,348,230,118
219000158,245,423,-178
219000161,286,19,267
219000163,2159,735,1424
219000166,235,167,68
219000167,115,362,-247
219000168,455,219,236
219000174,549,136,413
219000175,70,7,63
219000176,54,12,42
219000177,31,6,25
219000178,49,4,45
219000179,18,8,10
219000180,41,43,-2
219000182,132,23,109
219000183,76,41,35
219000184,117,19,98
219000185,0,88,-88
219000186,47,96,-49
219000187,25,187,-162
219000189,183,228,-45
219000190,260,461,-201
219000191,2415,1877,538
219000192,254,224,30
219000193,411,230,181
219000195,0,91,-91
219000196,11,214,-203
219000198,41,228,-187
219000199,149,481,-332
219000200,69,384,-315
219000201,154,385,-231
219000203,78,240,-162
219000204,241,287,-46
219000205,108,253,-145
219000207,389,470,-81
219000209,43,165,-122
219000210,428,243,185
219000213,42,263,-221
219000239,273,422,-149
219000240,370,540,-170
219000241,149,469,-320
219000242,97,322,-225
219000243,167,504,-337
219000244,51,139,-88
219000245,98,85,13
219000246,119,50,69
219000247,76,38,38
219000248,756,381,375
219000249,184,119,65
219000250,282,119,163
219000251,639,264,375
219000252,392,188,204
219000253,396,86,310
219000255,135,205,-70
219000256,216,118,98
219000257,374,8,366
219000262,115,307,-192
219000263,57,404,-347
219000267,5,259,-254
219000268,11,10,1
219000269,17,20,-3
219000270,18,1,17
219000271,243,21,222
219000278,1,26,-25
219000279,2,8,-6
219000283,0,35,-35
219000295,19,158,-139
219000296,120,758,-638
219000297,20,277,-257
219000298,14,338,-324
219000299,571,168,403
219000300,40,459,-419
219000301,383,613,-230
219000302,50,311,-261
219000307,59,89,-30
219000308,56,42,14
219000311,258,67,191
219000312,660,130,530
219000313,334,86,248
219000314,73,859,-786
219000315,276,79,197
219000316,493,112,381
219000317,118,17,101
219000320,0,94,-94
219000321,1,18,-17
219000323,19,111,-92
219000325,2,40,-38
219000326,79,175,-96
219000327,105,59,46
219000328,74,85,-11
219000329,377,227,150
219000330,41,41,0
219000331,83,44,39
219000332,69,130,-61
219000333,11,6,5
219000335,121,3,118
219000337,21,0,21
219000338,268,4,264
219000344,62,109,-47
219000345,63,141,-78
219000346,66,269,-203
219000348,186,218,-32
219000349,80,328,-248
219000350,103,177,-74
219000351,19,6,13
219000352,273,84,189
219000353,134,85,49
219000354,112,259,-147
219000355,174,87,87
219000356,2794,1347,1447
219000363,371,92,279
219000364,123,42,81
219000365,182,37,145
219000366,388,608,-220
219000368,665,556,109
219000370,1744,475,1269
219000371,21,44,-23
219000382,23,30,-7
219000383,1215,1254,-39
219000385,746,752,-6
219000386,1259,2233,-974
219000387,6,7,-1
219000390,29,20,9
219000391,24,0,24
219000397,121,139,-18
219000398,94,53,41
219000401,19,178,-159
219000402,35,163,-128
219000403,195,345,-150
219000404,19,158,-139
219000407,4,61,-57
219000409,55,112,-57
219000410,102,64,38
219000411,62,24,38
219000446,289,827,-538
219000447,1,44,-43
219000448,7,48,-41
219000452,235,108,127
219000453,190,195,-5
219000454,496,331,165
219000556,402,115,287
219000558,246,371,-125
219000590,52,261,-209
219000591,74,97,-23
219000592,220,571,-351
219000595,0,43,-43
219000635,197,127,70
219000636,33,206,-173
219000657,25,24,1
219000658,42,62,-20
219000673,0,17,-17
219000676,99,6,93
219000679,150,7,143
219000684,122,3,119
219000685,0,0,0
219000686,0,9,-9
219000688,0,129,-129
219000689,20,387,-367
219000690,300,47,253
219000691,72,302,-230
219000692,161,47,114
219000693,0,31,-31
219000694,11,3,8
219000695,16,21,-5
219000698,123,0,123
219000699,0,28,-28
219000727,17,368,-351
219000728,185,3,182
219000770,76,2,74
219000771,4,38,-34
219000788,580,321,259
219001150,2,38,-36
219001151,153,76,77
219001166,79,25,54
219001167,3,151,-148
219001178,72,1,71
220000001,170,97,73
220000002,37,304,-267
220000003,854,451,403
220000004,1504,857,647
220000005,2173,1943,230
220000006,326,1348,-1022
220000007,452,878,-426
220000008,473,1673,-1200
220000009,376,867,-491
220000010,477,299,178
220000011,1383,5517,-4134
220000012,132,888,-756
220000014,141,71,70
220000015,243,240,3
220000017,45,593,-548
220000018,9444,4984,4460
220000019,191,403,-212
220000020,725,389,336
220000021,669,312,357
220000022,750,723,27
220000023,333,299,34
220000024,2474,547,1927
220000025,1575,1154,421
220000026,378,267,111
220000027,47,178,-131
220000028,80,66,14
220000029,230,406,-176
220000030,219,166,53
220000031,523,609,-86
220000064,28,1280,-1252
221000046,11,0,11
221000047,0,4,-4
221000048,1,7,-6
221000049,1,15,-14
221000050,16,0,16
221000055,93,63,30
221000057,81,19,62
221000068,311,205,106
221000069,383,81,302
221000070,202,33,169
221000071,113,13,100
221000072,353,27,326
221000073,217,65,152
221000074,4,26,-22
221000075,21,23,-2
221000076,17,66,-49
221000077,48,155,-107
221000081,37,5,32
221000082,76,16,60
221000083,54,12,42
221000084,17,8,9
221000085,23,97,-74
221000086,30,195,-165
221000087,7,255,-248
221000088,17,275,-258
221000089,39,375,-336
221000090,180,751,-571
221000098,134,23,111
221000099,178,27,151
221000100,103,9,94
221000101,298,32,266
221000102,187,16,171
221000109,10,100,-90
221000110,8,133,-125
221000111,37,368,-331
221000112,7,248,-241
221000113,17,257,-240
221000114,12,257,-245
221000120,36,39,-3
221000121,3,40,-37
221000122,107,39,68
221000123,36,41,-5
221000124,99,352,-253
221000155,95,33,62
221000156,132,52,80
221000175,2,18,-16
221000176,0,3,-3
221000182,72,12,60
221000241,852,324,528
221000242,252,632,-380
221000243,979,169,810
221000244,342,741,-399
221000245,292,151,141
221000246,87,427,-340
221000247,174,156,18
221000248,337,332,5
221000267,111,1166,-1055
221000325,95,75,20
221000331,40,142,-102
221000338,125,43,82
221000378,270,32,238
221000381,107,123,-16
222000282,22,1,21
222000296,12,31,-19
222000568,429,15,414
222000569,227,45,182
222000570,163,16,147
222000571,477,8,469
222000577,14,317,-303
222000578,30,300,-270
222000579,21,194,-173
222000580,137,1154,-1017
222000599,1,164,-163
222000600,4,427,-423
222000601,9,1257,-1248
222000603,31,29,2
222000604,23,52,-29
222000605,44,35,9
222000606,2,7,-5
222000607,12,4,8
222000608,44,15,29
222000609,70,431,-361
222000616,251,72,179
222000617,38,18,20
222000618,20,7,13
222000620,87,7,80
222000621,98,9,89
222000623,644,5,639
222000624,378,6,372
222000625,455,33,422
222000636,124,6,118
222000686,69,13,56
222000687,77,43,34
222001066,295,1,294
222001067,19,2,17
222001068,31,26,5
222001069,40,39,1
222001082,28,55,-27
222001083,22,53,-31
222001084,0,57,-57
222001085,1,143,-142
222001111,35,228,-193
222001112,142,57,85
222001313,113,3,110
222001314,14,130,-116
222001464,188,71,117
222001465,79,318,-239
222001484,152,66,86
222001485,54,83,-29
222001494,361,234,127
222001495,160,583,-423
222001496,308,99,209
222001497,177,773,-596
222001502,14,102,-88
222001503,111,101,10
222001504,22,322,-300
222001505,317,31,286
222001506,28,273,-245
222001507,349,28,321
222001510,493,33,460
222001511,40,479,-439
222001514,568,179,389
222001515,294,933,-639
222001518,205,81,124
222001519,53,384,-331
222001527,361,72,289
222001528,76,191,-115
222001529,183,50,133
222001530,29,291,-262
222001533,123,447,-324
222001534,271,119,152
222001535,248,318,-70
222001536,118,470,-352
222001537,351,39,312
222001538,59,685,-626
222001563,463,130,333
222001564,40,967,-927
222001568,392,123,269
222001576,5,7,-2
222001579,0,9,-9
222001583,24,273,-249
222001584,137,36,101
222001596,675,1967,-1292
222001597,1604,289,1315
222001626,1,249,-248
222001650,59,96,-37
222001651,104,203,-99
222001914,203,88,115
222001915,84,287,-203
222001968,533,316,217
222001969,567,1211,-644
222001970,252,424,-172
222001971,33,25,8
222001972,0,25,-25
225000001,806,355,451
225000002,850,328,522
225000003,638,220,418
225000004,391,540,-149
225000005,49,145,-96
225000006,1,230,-229
225000007,4845,1967,2878
225000010,469,10,459
225000011,693,2173,-1480
225000012,237,1004,-767
225000013,362,269,93
225000014,2594,132,2462
225000015,172,358,-186
225000021,1148,482,666
225000027,397,966,-569
225000032,916,295,621
225000042,136,1317,-1181
225000049,78,138,-60
225000050,81,29,52
225000053,14,473,-459
225000058,1234,191,1043
225000067,269,277,-8
225000068,184,705,-521
225000069,272,861,-589
225000070,90,831,-741
225000071,52,458,-406
225000075,54,2030,-1976
225000076,149,173,-24
225000078,250,146,104
225000085,51,182,-131
225000086,875,83,792
225000087,406,54,352
225000088,18,303,-285
225000089,460,1386,-926
225000090,28,627,-599
225000091,193,389,-196
225000092,53,94,-41
225000093,290,632,-342
225000094,26,681,-655
225000095,499,763,-264
225000096,443,791,-348
225000098,894,383,511
225000099,450,242,208
225000100,322,248,74
225000104,161,744,-583
225000110,25,879,-854
225000111,457,1944,-1487
225000112,1057,1671,-614
225000113,323,961,-638
225000114,157,527,-370
225000115,4091,934,3157
225000116,1585,344,1241
225000117,1501,616,885
225000118,1204,582,622
225000119,244,206,38
225000120,700,130,570
225000121,360,40,320
225000123,2599,35,2564
225000125,720,541,179
225000126,2343,398,1945
225000127,1658,1709,-51
225000128,647,1167,-520
225000132,296,56,240
225000133,391,49,342
225000134,679,194,485
225000135,73,9,64
225000136,220,45,175
225000137,191,156,35
225000138,676,94,582
225000143,180,367,-187
225000144,4,559,-555
225000145,87,108,-21
225000146,74,218,-144
225000147,26,538,-512
225000148,8,427,-419
225000149,88,885,-797
225000151,35,473,-438
225000155,492,838,-346
225000156,710,1448,-738
225000157,477,628,-151
225000158,201,531,-330
225000171,2,223,-221
225000180,67,1,66
225000181,0,140,-140
225000182,131,14,117
225000185,17,685,-668
225000187,89,711,-622
225000191,157,3,154
225000194,2,29,-27
225000208,4,79,-75
225000209,130,54,76
225000210,6,508,-502
225000217,0,41,-41
225000218,13,2,11
225000223,6,132,-126
225000224,392,0,392
225000225,2,213,-211
225000226,401,2,399
225000227,77,220,-143
225000228,18,8,10
225000229,0,175,-175
225000230,31,1,30
225000231,1,166,-165
225000232,86,0,86
225000241,159,2,157
225000242,5,68,-63
225000249,16,1,15
225000250,50,1596,-1546
225000251,455,52,403
226000042,729,725,4
226000043,144,412,-268
226000044,484,1040,-556
226000045,161,667,-506
226000046,743,163,580
226000047,685,161,524
226000048,593,149,444
226000049,553,329,224
226000070,0,138,-138
226000071,0,135,-135
226000072,0,16,-16
226000073,0,31,-31
226000074,2,14,-12
226000084,7,94,-87
226000085,7,13,-6
226000086,0,22,-22
226000087,4,14,-10
226000088,62,26,36
226000090,476,105,371
226000091,5,15,-10
226000092,0,3,-3
226000093,70,4,66
226000094,71,3,68
226000095,61,2,59
226000105,19,2,17
226000106,45,1,44
226000107,35,0,35
226000108,76,0,76
226000109,103,0,103
226000124,326,107,219
226000134,576,724,-148
226000135,1160,1095,65
226000136,409,761,-352
226000137,7,869,-862
226000138,33,664,-631
226000139,3,25,-22
226000156,149,8,141
226000157,127,12,115
226000163,155,43,112
226000202,15,875,-860
226000231,420,19,401
226000232,111,22,89
227000033,312,192,120
227000036,305,93,212
227000037,216,59,157
227000038,306,77,229
227000049,0,31,-31
227000050,0,69,-69
227000055,104,2,102
227000056,252,2,250
227000084,2,63,-61
227000085,3,47,-44
227000088,228,6,222
227000089,218,3,215
227000090,188,0,188
227000091,22,6,16
227000093,305,1,304
227000094,42,0,42
227000130,48,89,-41
227000131,27,310,-283
227000132,21,291,-270
227000133,17,245,-228
227000134,23,517,-494
227000152,0,0,0
227000153,0,61,-61
227000155,0,24,-24
227000156,0,8,-8
227000165,6,34,-28
227000196,300,504,-204
227000199,312,1055,-743
227000230,16,1224,-1208
227000232,479,47,432
227000242,43,617,-574
227000243,609,154,455
227000245,23,551,-528
227000246,91,648,-557
227000247,389,198,191
227000248,582,77,505
227000249,59,351,-292
227000250,1028,342,686
227000251,264,461,-197
227000252,18,468,-450
227000253,84,37,47
227000262,335,67,268
227000266,1083,20,1063
227000267,79,3994,-3915
227000282,6,439,-433
227000284,442,37,405
227000286,1,118,-117
227000287,12,157,-145
227000291,10,938,-928
227000484,557,18,539
227000485,24,1475,-1451
227000655,96,29,67
227000656,787,46,741
227000657,41,46,-5
227000661,765,50,715
227000680,516,61,455
229000265,37,97,-60
229000296,13,29,-16
229000297,2,69,-67
229000298,14,375,-361
229000320,14,8,6
229000321,28,5,23
229000412,47,58,-11
229000414,13,113,-100
229000415,17,0,17
229000416,3,5,-2
229000417,11,24,-13
229000419,145,524,-379
229000440,325,109,216
229000442,14,1,13
229000443,1,3,-2
229000444,21,31,-10
229000445,75,23,52
229000446,75,21,54
229000491,0,18,-18
229000492,8,110,-102
229000493,0,71,-71
229000494,15,2,13
229000495,42,3,39
229000496,33,2,31
229000507,0,26,-26
229000508,0,9,-9
229000509,0,15,-15
229000510,0,18,-18
229000511,0,21,-21
229000512,0,16,-16
229000513,0,7,-7
229000514,0,1,-1
229000517,1,1,0
229000518,9,37,-28
229000519,1,18,-17
229000520,9,24,-15
229000521,8,25,-17
229000522,0,7,-7
229000523,2,5,-3
229000524,1,2,-1
229000527,2,0,2
229000528,0,1,-1
229000529,7,0,7
229000530,56,0,56
229000531,16,1,15
229000532,21,0,21
229000533,58,0,58
229000534,34,1,33
229000564,14,4,10
229000565,6,0,6
229000566,0,1,-1
229000567,0,7,-7
229000582,78,3,75
229000583,15,0,15
229000584,0,9,-9
229000585,0,27,-27
229000718,0,0,0
229000719,0,1,-1
229000720,0,3,-3
229000721,0,4,-4
229000722,0,4,-4
229000723,0,9,-9
229000724,0,2,-2
229000725,0,1,-1
229000738,1,0,1
229000739,0,0,0
229000740,0,0,0
229000741,7,0,7
229000742,2,0,2
229000743,22,0,22
229000744,6,0,6
229000745,2,0,2
229000746,24,1,23
229000847,49,3,46
229000848,18,0,18
229000849,136,6,130
229000851,56,0,56
229000854,1,28,-27
229000856,4,161,-157
229000857,0,47,-47
229000858,0,111,-111
229000919,38,132,-94
229000930,3,303,-300
229000937,74,16,58
229000966,64,37,27
229000981,25,121,-96
229000985,8,75,-67
229000986,5,13,-8
229000987,1,3,-2
229000988,8,11,-3
229000989,20,21,-1
229000990,0,0,0
229000991,0,1,-1
229000992,11,12,-1
229000993,287,25,262
229000998,12,132,-120
229000999,96,25,71
229001034,0,19,-19
229001035,22,1,21
229001037,70,9,61
229001042,9,61,-52
229001047,7,99,-92
229001050,48,99,-51
229001168,0,3,-3
229001200,5,2,3
229001338,6,28,-22
229001394,280,8,272
229001422,93,31,62
229001423,55,194,-139
229001431,38,68,-30
229001432,51,134,-83
229001444,140,71,69
229001445,51,292,-241
229001479,5,2,3
229001503,255,88,167
229001504,130,392,-262
229001505,110,49,61
229001506,76,366,-290
229001509,60,56,4
229001545,76,11,65
229001546,10,107,-97
229001553,56,14,42
229001554,28,99,-71
229001559,3,13,-10
229001560,2,30,-28
229001630,121,8,113
229001631,3,57,-54
229001635,0,12,-12
229001636,3,3,0
229001658,2,168,-166
229001659,71,7,64
229001660,3,0,3
229001661,14,27,-13
229001662,94,0,94
229001663,0,23,-23
229002584,273,207,66
229002831,406,225,181
229002841,12,20,-8
229002842,22,22,0
229002843,108,50,58
229002844,131,63,68
229002845,27,68,-41
229002846,54,17,37
229002847,54,18,36
229002848,10,28,-18
229002849,3,59,-56
229002850,2,0,2
229002851,111,110,1
229002852,156,19,137
229002853,199,22,177
229002854,147,50,97
229002855,21,11,10
229002856,43,28,15
229002857,5,35,-30
229002858,14,22,-8
229002859,227,26,201
229002860,171,23,148
229002861,60,21,39
229002862,50,43,7
229002863,46,27,19
229002864,22,50,-28
229002865,12,22,-10
229002866,16,23,-7
229002867,2,30,-28
229002868,38,15,23
229002869,52,182,-130
229002870,33,8,25
235000066,540,127,413
235000067,136,203,-67
235000072,43,69,-26
235000073,73,382,-309
235000074,28,92,-64
235000080,49,137,-88
235000081,86,136,-50
235000082,157,154,3
235000083,128,173,-45
235000084,76,45,31
235000085,71,67,4
235000089,24,56,-32
235000092,24,247,-223
235000093,4,3,1
235000097,16,15,1
235000098,53,24,29
235000099,53,28,25
235000116,76,44,32
235000117,1133,20,1113
235000133,7,442,-435
235000134,6,143,-137
235000206,7,3,4
235000207,2,6,-4
235000208,9,1,8
235000209,2,0,2
235000210,17,0,17
235000212,2,28,-26
235000213,0,11,-11
235000220,0,7,-7
235000221,163,10,153
235000238,60,50,10
235000239,4,9,-5
235000242,400,443,-43
235000245,1100,190,910
235000246,46,77,-31
235000284,4,156,-152
235000295,125,29,96
235000305,299,46,253
235000306,98,23,75
235000307,9,5,4
235000308,33,13,20
235000309,81,0,81
235000310,117,0,117
235000311,413,14,399
235000322,0,29,-29
235000323,0,52,-52
235000324,0,28,-28
235000325,3,10,-7
235000326,8,277,-269
235000351,3,134,-131
235000352,24,70,-46
235000353,5,32,-27
235000354,12,48,-36
235000355,9,66,-57
235000356,96,2,94
235000357,25,3,22
235000358,57,17,40
235000359,11,8,3
235000360,81,12,69
235000361,89,4,85
235000381,64,381,-317
235000382,100,60,40
235000390,15,4,11
235000391,69,26,43
235000392,104,211,-107
235000393,77,124,-47
235000395,58,53,5
235000396,247,138,109
235000400,474,168,306
235000401,304,206,98
235000405,142,275,-133
235000406,47,305,-258
235000407,112,94,18
235000409,196,199,-3
235000410,34,325,-291
235000411,1,75,-74
235000485,1,5,-4
235000486,8,0,8
235000549,32,114,-82
235000550,74,234,-160
235000599,75,93,-18
235000600,17,17,0
235000601,15,42,-27
235000602,107,151,-44
235000614,2,3,-1
235000648,0,18,-18
235000649,63,4,59
235000685,1,5,-4
235000815,22,23,-1
235000834,0,7,-7
235000855,56,73,-17
235000862,60,245,-185
235000891,0,4,-4
235000892,65,23,42
235000901,72,124,-52
235000907,6,15,-9
235001010,30,61,-31
235001029,606,443,163
235001030,337,265,72
235001078,75,128,-53
235001079,101,123,-22
235001147,22,127,-105
235001166,30,81,-51
235001167,25,88,-63
235001169,35,367,-332
235001188,10,14,-4
235001189,4,2,2
235001197,42,37,5
235001200,44,37,7
235001207,272,86,186
235001210,95,374,-279
235001215,69,310,-241
235001239,1,73,-72
235001244,0,5,-5
235016267,0,32,-32
277101746,0,2,-2
277102712,3,0,3
277103813,2,0,2
277103814,0,0,0
277103898,0,1,-1
277104249,1,4,-3
277104250,0,18,-18
277104251,0,22,-22
277104252,0,6,-6
990011530,0,311,-311
990014944,1,575,-574
990015176,118,7,111
990015618,0,42,-42
990016032,3,601,-598
990032570,1,83,-82
990070001,202,75,127
990070103,0,2,-2
990070601,0,46,-46
990070751,431,2,429
990070766,3,865,-862
990071180,977,334,643
990071343,120,3,117
990071387,0,23,-23
990071823,693,5,688
990072600,6,954,-948
990072964,0,573,-573
990073285,0,3,-3
990074393,4,1381,-1377
990074870,1077,5,1072
990075106,1038,7,1031
990075746,514,4,510
990076437,1001,8,993
990076458,3,1419,-1416
997000007,359,7,352
997000041,0,131,-131
997000058,42,2,40
997000062,196,2,194
997000069,0,5,-5
997000070,0,149,-149
997000100,30,0,30
997000141,7,1206,-1199
997000198,507,900,-393
998000475,0,25,-25
998000736,3,326,-323
998000965,0,26,-26
998001031,0,63,-63
998001700,0,40,-40
998001899,0,1,-1
998001900,5,5,0
998003073,967,9,958
998101900,0,0,0
998102850,1,108,-107
998501927,973,618,355
998501929,112,6,106
998501930,53,1,52
998501931,129,2,127
998501932,12,2,10
998501933,79,3,76
998501937,26,3,23
998501944,0,0,0
998501950,0,1,-1
998501970,53,3,50
998501971,0,71,-71
998501973,0,58,-58
998501974,2,334,-332
998501975,708,3,705
998501976,221,0,221
998501977,0,30,-30
998501978,57,0,57
998501979,0,12,-12
998501980,286,4,282
998501981,28,8,20
998501982,1,128,-127
998501983,0,7,-7
998502006,0,0,0
998502024,0,9,-9
998502032,0,1,-1
998502062,24,2,22
998502063,0,0,0
998502173,28,0,28
998502269,0,2,-2
998502546,4,210,-206
998502578,4,4,0
998502599,220,913,-693
998502621,0,3,-3
998601159,1,204,-203
998601292,0,24,-24
999033574,4,1509,-1505
999800001,57,3,54
999800002,0,2,-2
999800003,19,6,13
999800004,0,2,-2
999800005,0,22,-22
