ID,insum,outsum,diff
100000001,0,0,0
100000002,1339,2116,-777
100000003,2122,2835,-713
100000004,199,748,-549
100000005,1143,1610,-467
100000006,62,54,8
100000007,304,290,14
100000008,3,19,-16
100000009,31,137,-106
100000010,0,47,-47
100000011,41,42,-1
100000012,27,46,-19
100000013,1,8,-7
100000014,4,7,-3
100000015,385,740,-355
100000016,52,172,-120
100000017,33,64,-31
100000018,135,159,-24
100000019,366,840,-474
100000020,240,1013,-773
100000021,266,166,100
100000022,192,794,-602
100000023,504,491,13
100000025,136,711,-575
100000028,304,489,-185
100000029,1,39,-38
100000030,80,2,78
100000031,505,2069,-1564
100000032,223,1099,-876
100000033,105,976,-871
100000034,14,202,-188
100000035,167,431,-264
100000036,148,277,-129
100000037,306,120,186
100000038,847,440,407
100000039,50,23,27
100000040,13,80,-67
100000041,287,122,165
100000042,198,53,145
100000043,112,86,26
100000044,21,18,3
100000045,20,76,-56
100000046,161,56,105
100000047,16,23,-7
100000048,52,145,-93
100000049,254,221,33
100000051,200,74,126
100000053,22,1,21
100000054,59,5,54
100000055,52,28,24
100000056,82,80,2
100000057,395,122,273
100000058,50,121,-71
100000059,3,61,-58
100000060,102,234,-132
100000061,389,202,187
100000062,275,172,103
100000063,214,139,75
100000064,270,176,94
100000065,90,72,18
100000066,90,47,43
100000067,74,122,-48
100000068,63,172,-109
100000069,33,156,-123
100000072,12,44,-32
100000073,181,213,-32
100000075,148,49,99
100000076,461,1538,-1077
100000077,80,184,-104
100000078,7,103,-96
100000079,11,45,-34
100000080,1,37,-36
100000081,1,21,-20
100000102,869,1683,-814
100000103,404,374,30
100000104,303,269,34
100000105,126,285,-159
100000106,299,1487,-1188
100000107,37,456,-419
100000108,59,65,-6
100000109,544,279,265
100000116,356,454,-98
100000117,1,84,-83
100000118,1294,450,844
100000119,401,376,25
100000121,27,195,-168
100000122,135,476,-341
100000123,1702,2011,-309
100000124,725,1150,-425
100000125,381,1692,-1311
100000126,138,249,-111
100000127,328,348,-20
100000128,35,419,-384
100000129,27,114,-87
100000130,343,321,22
100000131,117,232,-115
100000132,122,1210,-1088
100000133,579,266,313
100000135,118,218,-100
100000139,149,197,-48
100000140,0,0,0
100000142,152,94,58
100000143,54,70,-16
100000144,523,14,509
100000147,613,3476,-2863
100000150,22,127,-105
100000151,117,780,-663
100000153,0,77,-77
100000154,0,94,-94
100000155,0,23,-23
100000156,39,69,-30
100000157,463,76,387
100000158,16,82,-66
100000159,31,278,-247
100000165,474,198,276
100000169,2,108,-106
100000174,42,110,-68
100000179,2,456,-454
100000180,48,61,-13
100000181,5,56,-51
100000188,8,42,-34
100000189,253,108,145
100000190,107,478,-371
100000191,14,158,-144
100000192,4,95,-91
100000193,35,45,-10
100000330,205,402,-197
100000355,18,53,-35
100000362,874,465,409
100000363,2372,3135,-763
100000364,229,70,159
100000365,4412,4019,393
100000366,855,676,179
100000367,2897,3374,-477
100000368,99,52,47
100000369,145,1212,-1067
100000370,21,491,-470
100000376,27,198,-171
100000379,339,1518,-1179
100000380,1728,2589,-861
100000384,1678,2633,-955
100000385,314,2171,-1857
100000386,1044,2002,-958
100000387,751,3864,-3113
100000388,1342,1338,4
100000389,1634,3148,-1514
100000390,796,784,12
100000391,1796,3959,-2163
100000392,323,595,-272
100000393,209,1833,-1624
100000394,787,1134,-347
100000395,383,1099,-716
100000396,734,482,252
100000397,488,1537,-1049
100000398,6226,2036,4190
100000413,0,0,0
100900002,0,0,0
100900003,23,55,-32
100900004,0,0,0
100900005,0,0,0
100900006,0,0,0
100900007,0,0,0
100900008,0,0,0
100900009,0,0,0
100900010,0,0,0
100900011,0,0,0
100900012,0,0,0
100900013,0,0,0
100900014,0,0,0
100900015,0,0,0
100900016,0,0,0
100900017,20,5,15
100900018,0,0,0
100900019,0,0,0
100900020,0,0,0
100900021,15,1,14
100900022,0,0,0
100900023,0,0,0
100900024,0,0,0
100900025,0,0,0
100900026,0,0,0
100900027,9,157,-148
100900028,3,3,0
100900029,0,0,0
100900030,0,0,0
100900031,140,29,111
100900032,48,0,48
100900033,0,0,0
100900034,0,0,0
100900035,0,0,0
100900036,0,0,0
100900037,0,0,0
100900038,0,1,-1
100900039,72,0,72
100900040,90,0,90
100900041,70,0,70
100900042,34,83,-49
100900043,0,1,-1
100900044,36,0,36
100900045,0,0,0
100900046,65,0,65
100900047,76,8,68
100900048,0,0,0
100900049,0,0,0
100900050,0,0,0
100900051,0,0,0
100900052,1,0,1
100900053,0,0,0
100900054,0,0,0
100900055,0,0,0
100900056,0,0,0
100900057,55,3,52
100900058,0,0,0
100900059,0,0,0
100900060,0,0,0
100900061,0,0,0
100900062,0,0,0
100900063,5,121,-116
100900064,28,1,27
100900065,0,0,0
100900066,3,0,3
100900067,0,0,0
100900068,0,0,0
100900069,0,0,0
100900070,0,0,0
100900071,0,0,0
100900072,0,0,0
100900073,0,0,0
100900074,0,0,0
100900075,1,0,1
100900076,0,0,0
100900077,0,1,-1
100900078,3,0,3
100900079,0,0,0
100900080,0,0,0
100900081,0,0,0
100900082,0,0,0
100900083,0,0,0
100900085,0,0,0
100900086,0,0,0
100900088,0,0,0
100900089,0,0,0
100900090,0,4,-4
100900091,0,1,-1
100900092,20,0,20
100900093,0,0,0
100900094,0,0,0
100900095,0,0,0
100900096,6,7,-1
100900097,0,0,0
100900098,0,0,0
100900099,0,0,0
100900100,0,0,0
100900101,0,0,0
100900102,0,0,0
100900103,0,0,0
100900104,0,0,0
100900105,0,0,0
100900106,0,0,0
100900107,0,0,0
100900108,0,0,0
100900109,0,0,0
100900110,8,2,6
100900111,0,0,0
100900112,0,0,0
100900113,0,0,0
100900114,0,0,0
100900115,0,0,0
100900116,12,1,11
100900117,0,0,0
100900118,0,0,0
100900119,0,0,0
100900120,0,0,0
100900121,7,0,7
100900122,0,0,0
100900123,0,0,0
100900124,0,0,0
100900125,0,0,0
100900126,0,0,0
100900127,0,0,0
100900128,0,0,0
100900129,0,0,0
100900131,0,0,0
100900133,0,0,0
100900134,0,0,0
100900135,0,0,0
100900137,0,0,0
100900138,0,0,0
100900139,0,0,0
100900140,0,0,0
100900141,0,0,0
100900142,0,0,0
100900143,0,0,0
100900144,0,0,0
100900145,0,0,0
100900146,0,0,0
100900147,0,0,0
100900148,0,0,0
100900149,0,0,0
100900150,0,0,0
100900151,0,0,0
100900152,0,0,0
100900153,0,0,0
100900154,1,0,1
100900155,0,0,0
100900156,0,0,0
100900157,0,0,0
100900159,0,0,0
100900160,0,0,0
100900161,0,0,0
100900162,0,0,0
100900163,0,0,0
100900164,0,0,0
100900165,0,0,0
100900166,0,0,0
100900167,0,0,0
100900168,0,0,0
100900169,0,0,0
100900170,0,0,0
100900171,0,0,0
100900172,0,0,0
100900173,0,0,0
100900174,0,0,0
100900176,0,0,0
100900177,0,0,0
100900178,29,0,29
100900179,0,0,0
100900180,0,0,0
100900181,0,0,0
100900182,2,0,2
100900184,0,6,-6
100900186,0,0,0
100900187,0,0,0
100900188,0,0,0
100900189,0,0,0
100900191,0,0,0
100900192,0,0,0
100900195,4,0,4
100900197,116,97,19
100900198,0,0,0
100900199,1,0,1
100900200,0,0,0
100900201,0,0,0
100900202,1,0,1
100900203,0,0,0
100900204,2,0,2
100900205,0,0,0
100900206,0,0,0
100900207,0,0,0
100900210,0,0,0
100900211,0,0,0
100900213,0,0,0
100900214,0,0,0
100900215,0,0,0
100900217,0,0,0
101000001,393,635,-242
101000002,118,507,-389
101000003,51,347,-296
101000004,2447,3986,-1539
101000005,1885,2822,-937
101000006,2469,3312,-843
101000007,519,2195,-1676
101000008,1005,2298,-1293
101000009,918,246,672
101000010,125,254,-129
101000011,71,147,-76
101000012,11,39,-28
101000013,199,299,-100
101000014,216,476,-260
101000015,486,541,-55
101000016,30,284,-254
101000017,58,164,-106
101000018,474,597,-123
101000020,781,188,593
101000021,55,250,-195
101000022,0,0,0
101000023,131,281,-150
101000025,93,144,-51
101000026,43,5,38
101000027,774,1439,-665
101000028,258,130,128
101000029,16,539,-523
101000030,42,45,-3
101000031,68,633,-565
101000032,1032,1981,-949
101000033,208,1201,-993
101000034,168,1067,-899
101000035,43,69,-26
101000036,277,480,-203
101000037,312,1238,-926
101000039,258,712,-454
101000040,344,1211,-867
101000041,1598,3128,-1530
101000042,12,395,-383
101000043,907,1943,-1036
101000045,78,281,-203
101000046,694,1092,-398
101000047,662,1420,-758
101000048,94,187,-93
101000049,31,324,-293
101000050,100,785,-685
101000051,75,1267,-1192
101000052,349,1118,-769
101000053,121,372,-251
101000054,257,131,126
101000055,406,1161,-755
101000056,22,102,-80
101000057,144,329,-185
101000058,335,1308,-973
101000059,737,1952,-1215
101000060,45,80,-35
101000061,152,1762,-1610
101000062,55,96,-41
101000063,179,1080,-901
101000064,121,304,-183
101000065,40,662,-622
101000066,101,663,-562
101000067,82,86,-4
101000068,189,395,-206
101000069,122,39,83
101000070,191,100,91
101000071,545,683,-138
101000072,1920,958,962
101000073,740,690,50
101000074,2536,1631,905
101000075,3675,868,2807
101000077,1659,425,1234
101000078,854,605,249
101000079,1084,499,585
101000080,412,61,351
101000081,674,613,61
101000082,982,580,402
101000083,1128,788,340
101000084,186,155,31
101000085,1090,688,402
101000086,68,124,-56
101000087,90,92,-2
101000088,477,526,-49
101000089,294,678,-384
101000090,259,149,110
101000091,159,157,2
101000092,682,218,464
101000093,505,278,227
101000094,63,48,15
101000095,22,82,-60
101000096,290,213,77
101000097,50,59,-9
101000098,60,214,-154
101000099,304,546,-242
101000100,197,519,-322
101000101,186,221,-35
101000102,65,220,-155
101000103,245,156,89
101000104,14,230,-216
101000105,16,79,-63
101000106,0,72,-72
101000107,24,25,-1
101000108,152,47,105
101000109,41,24,17
101000110,3,44,-41
101000111,16,20,-4
101000113,38,208,-170
101000114,707,1070,-363
101000115,0,0,0
101000116,0,0,0
101000117,0,0,0
101000119,3,27,-24
101000120,2,19,-17
101000121,0,11,-11
101000122,1,15,-14
101000123,5,10,-5
101000124,586,93,493
101000125,60,45,15
101000128,27,87,-60
101000130,485,71,414
101000131,363,284,79
101000132,29,118,-89
101000135,0,12,-12
101000136,11,18,-7
101000137,5,286,-281
101000141,349,2728,-2379
101000147,165,38,127
101000148,74,0,74
101000149,0,0,0
101000150,35,87,-52
101000151,11,4,7
101000152,66,13,53
101000153,171,18,153
101000154,151,101,50
101000155,1,2,-1
101000156,1,0,1
101000157,3,3,0
101000160,0,0,0
101000163,58,238,-180
101000164,54,24,30
101000165,151,90,61
101000166,126,255,-129
101000168,13,3,10
101000252,838,173,665
101000254,0,0,0
101000258,297,1,296
101000261,440,28,412
101000262,281,1871,-1590
101000263,43,639,-596
101000265,3,190,-187
101000266,54,45,9
101000269,0,0,0
101000290,53,1240,-1187
101000293,0,0,0
101000294,150,120,30
101000295,71,98,-27
101000301,26,262,-236
101000304,534,1357,-823
101000305,977,712,265
101000328,6,399,-393
101900001,0,0,0
101900002,0,0,0
101900003,0,0,0
101900004,0,0,0
101900005,0,0,0
101900006,0,0,0
101900007,0,0,0
101900008,0,0,0
101900009,0,0,0
101900010,0,0,0
101900011,0,0,0
101900012,0,0,0
101900013,0,0,0
101900017,0,0,0
101900018,5,0,5
101900019,0,0,0
101900020,3,0,3
101900021,0,0,0
101900022,6,3,3
101900023,0,0,0
101900026,0,0,0
101900027,0,0,0
102000001,695,1882,-1187
102000002,663,242,421
102000003,323,1576,-1253
102000004,329,1210,-881
102000005,128,1287,-1159
102000006,184,1070,-886
102000007,188,1529,-1341
102000008,1013,814,199
102000009,1958,2590,-632
102000010,737,1006,-269
102000011,1281,1963,-682
102000012,1280,1173,107
102000018,359,433,-74
102000019,56,280,-224
102000026,6,91,-85
102000029,128,20,108
102000030,12,58,-46
102000031,1,45,-44
102000032,92,74,18
102000033,128,119,9
102000034,16,22,-6
102000035,68,68,0
102000036,13,85,-72
102000037,4,18,-14
102000038,29,17,12
102000039,4,25,-21
102000040,46,35,11
102000041,3,91,-88
102000042,1,113,-112
102000043,1,34,-33
102000044,90,259,-169
102000045,77,293,-216
102000046,191,171,20
102000047,126,184,-58
102000048,59,117,-58
102000049,236,164,72
102000050,192,365,-173
102000051,53,128,-75
102000052,371,263,108
102000053,380,479,-99
102000054,109,124,-15
102000055,147,28,119
102000056,412,55,357
102000057,195,78,117
102000058,74,58,16
102000059,82,44,38
102000060,407,455,-48
102000061,169,139,30
102000062,578,422,156
102000063,44,303,-259
102000064,284,405,-121
102000065,11,41,-30
102000066,244,166,78
102000067,341,1415,-1074
102000068,1077,764,313
102000069,20,362,-342
102000070,431,8,423
102000071,2458,3490,-1032
102000072,687,610,77
102000073,88,43,45
102000074,166,22,144
102000075,92,75,17
102000076,46,37,9
102000077,551,181,370
102000078,447,21,426
102000079,48,20,28
102000080,85,33,52
102000081,36,145,-109
102000082,64,66,-2
102000083,48,47,1
102000084,293,80,213
102000085,308,102,206
102000086,512,191,321
102000087,77,256,-179
102000088,144,50,94
102000089,307,113,194
102000090,157,330,-173
102000091,682,248,434
102000092,120,131,-11
102000093,116,228,-112
102000094,194,49,145
102000095,92,193,-101
102000096,462,135,327
102000097,188,145,43
102000098,117,177,-60
102000099,269,138,131
102000100,46,210,-164
102000101,48,209,-161
102000102,71,277,-206
102000103,31,261,-230
102000104,63,123,-60
102000105,76,133,-57
102000106,129,58,71
102000107,460,46,414
102000108,180,31,149
102000109,82,53,29
102000110,503,153,350
102000111,0,18,-18
102000112,32,32,0
102000113,0,17,-17
102000114,88,99,-11
102000115,17,40,-23
102000116,40,182,-142
102000117,2,51,-49
102000118,168,675,-507
102000119,131,137,-6
102000120,45,150,-105
102000121,77,108,-31
102000122,34,252,-218
102000123,58,75,-17
102000124,114,231,-117
102000125,51,58,-7
102000126,82,182,-100
102000127,95,40,55
102000128,45,237,-192
102000129,128,94,34
102000130,154,356,-202
102000131,160,168,-8
102000132,32,261,-229
102000133,971,257,714
102000134,186,154,32
102000135,36,179,-143
102000136,21,64,-43
102000137,24,21,3
102000138,45,13,32
102000139,25,64,-39
102000140,3,9,-6
102000141,14,46,-32
102000142,62,16,46
102000143,40,23,17
102000144,112,23,89
102000145,44,17,27
102000146,121,20,101
102000147,30,11,19
102000148,10,106,-96
102000149,43,49,-6
102000150,125,7,118
102000151,33,67,-34
102000152,35,55,-20
102000153,193,124,69
102000154,78,81,-3
102000155,47,53,-6
102000156,11,24,-13
102000157,0,80,-80
102000158,8,112,-104
102000159,44,36,8
102000161,28,311,-283
102000162,6,11,-5
102000163,4,200,-196
102000164,144,291,-147
102000165,0,0,0
102000166,1,27,-26
102000167,0,0,0
102000168,9,19,-10
102000169,11,124,-113
102000170,0,0,0
102000171,0,0,0
102000172,0,50,-50
102000173,73,91,-18
102000174,8,3,5
102000175,85,3,82
102000176,11,7,4
102000178,15,41,-26
102000179,95,62,33
102000180,167,40,127
102000181,277,83,194
102000182,195,93,102
102000183,545,137,408
102000184,208,55,153
102000185,911,101,810
102000186,281,100,181
102000187,135,86,49
102000188,358,321,37
102000189,254,42,212
102000190,183,559,-376
102000191,212,113,99
102000192,59,229,-170
102000193,9,11,-2
102000194,9,47,-38
102000195,87,25,62
102000196,68,51,17
102000197,149,13,136
102000198,51,67,-16
102000199,239,15,224
102000200,77,157,-80
102000201,157,26,131
102000202,0,11,-11
102000203,31,8,23
102000204,99,85,14
102000205,220,96,124
102000206,56,43,13
102000207,115,137,-22
102000208,3,102,-99
102000209,22,5,17
102000210,53,0,53
102000211,14,1,13
102000212,218,12,206
102000213,0,0,0
102000214,144,3,141
102000215,0,0,0
102000216,24,52,-28
102000217,0,2,-2
102000218,39,39,0
102000219,1,13,-12
102000225,233,236,-3
102000226,0,0,0
102000227,53,5,48
102000228,0,0,0
102000229,9,6,3
102000230,48,138,-90
102000231,55,149,-94
102000232,0,123,-123
102000233,68,121,-53
102000234,14,387,-373
102000236,32,2,30
102000237,74,18,56
102000238,4,3,1
102000240,1,1,0
102000241,16,0,16
102000243,1,20,-19
102000245,0,0,0
102000246,7,42,-35
102000247,17,199,-182
102000248,118,308,-190
102000249,22,15,7
102000250,24,51,-27
102000254,49,56,-7
102000266,3,10,-7
102000271,9,0,9
102000286,35,105,-70
102000297,135,135,0
102000299,0,0,0
102000301,0,0,0
102000303,0,0,0
102000305,0,0,0
102000307,0,0,0
102900001,78,7,71
102900002,40,2,38
102900003,0,0,0
102900005,72,2,70
102900006,61,2,59
102900007,121,2,119
102900008,33,2,31
102900009,34,0,34
102900010,77,0,77
102900011,0,0,0
102900012,0,0,0
102900013,0,0,0
102900015,0,0,0
102900016,0,0,0
102900017,0,0,0
102900018,0,0,0
102900019,0,0,0
102900020,0,0,0
102900021,0,0,0
102900022,0,0,0
102900023,0,0,0
102900024,0,0,0
102900025,0,0,0
102900026,5,135,-130
102900027,0,0,0
102900028,1,43,-42
102900029,0,0,0
102900030,0,24,-24
102900031,37,11,26
102900032,0,0,0
102900033,0,0,0
102900034,94,0,94
102900035,0,0,0
102900036,111,18,93
102900037,27,8,19
102900038,24,8,16
102900039,0,0,0
102900040,0,0,0
102900041,0,0,0
102900042,0,0,0
102900043,0,0,0
102900044,0,0,0
102900045,0,0,0
102900046,0,0,0
102900047,0,0,0
102900048,0,0,0
102900049,0,0,0
102900050,0,0,0
102900051,0,0,0
102900053,0,0,0
102900054,0,0,0
102900055,0,0,0
102900056,0,0,0
102900057,0,0,0
102900058,0,0,0
102900059,0,0,0
102900060,2,10,-8
102900061,14,11,3
102900062,55,14,41
102900063,61,3,58
102900064,0,87,-87
102900065,36,0,36
102900066,17,0,17
102900068,0,0,0
102900070,0,0,0
102900072,0,0,0
102900073,0,0,0
102900075,0,0,0
102900076,0,0,0
102900077,0,0,0
102900078,0,0,0
102900079,43,0,43
102900080,37,4,33
102900081,0,0,0
102900082,0,0,0
102900083,0,0,0
102900084,0,0,0
102900085,0,0,0
102900086,0,0,0
102900087,0,0,0
102900088,0,0,0
102900089,0,0,0
102900090,0,0,0
102900091,0,0,0
102900092,0,0,0
102900094,0,0,0
102900095,5,0,5
102900096,0,0,0
102900097,0,0,0
103000001,2009,1235,774
103000002,1219,1258,-39
103000003,1148,1213,-65
103000004,161,331,-170
103000005,1021,1092,-71
103000006,512,612,-100
103000007,314,239,75
103000008,122,54,68
103000009,384,469,-85
103000010,105,12,93
103000011,308,612,-304
103000012,484,757,-273
103000013,344,464,-120
103000014,673,1519,-846
103000015,130,35,95
103000016,257,399,-142
103000017,84,194,-110
103000018,166,180,-14
103000019,189,153,36
103000020,353,462,-109
103000021,1904,1761,143
103000022,121,227,-106
103000023,463,1510,-1047
103000024,14,47,-33
103000025,12,312,-300
103000026,77,52,25
103000027,48,262,-214
103000028,207,225,-18
103000029,55,40,15
103000030,274,449,-175
103000031,300,869,-569
103000032,637,425,212
103000033,2426,2153,273
103000034,461,363,98
103000035,153,513,-360
103000036,107,137,-30
103000037,155,125,30
103000038,191,566,-375
103000039,117,88,29
103000040,124,318,-194
103000041,522,429,93
103000042,567,80,487
103000043,379,266,113
103000044,35,15,20
103000046,21,19,2
103000047,65,126,-61
103000048,7,26,-19
103000049,5,63,-58
103000050,41,8,33
103000051,16,58,-42
103000052,25,9,16
103000053,7,25,-18
103000054,902,97,805
103000055,1009,471,538
103000056,262,222,40
103000057,537,110,427
103000058,218,69,149
103000059,224,259,-35
103000060,255,76,179
103000061,265,255,10
103000062,132,35,97
103000063,351,355,-4
103000064,38,15,23
103000065,2,18,-16
103000066,49,0,49
103000069,91,38,53
103000070,73,35,38
103000071,180,161,19
103000072,37,85,-48
103000073,344,41,303
103000074,191,15,176
103000075,8,72,-64
103000076,40,242,-202
103000077,1,44,-43
103000078,159,252,-93
103000079,98,250,-152
103000080,351,143,208
103000081,73,410,-337
103000082,296,23,273
103000083,8,61,-53
103000084,3,1,2
103000085,0,19,-19
103000086,384,195,189
103000087,38,394,-356
103000088,172,156,16
103000089,94,281,-187
103000090,2820,1917,903
103000091,629,594,35
103000092,314,117,197
103000093,97,114,-17
103000094,117,75,42
103000095,3,66,-63
103000096,241,9,232
103000097,2,66,-64
103000098,402,34,368
103000099,23,59,-36
103000100,67,127,-60
103000101,449,46,403
103000102,11,63,-52
103000103,309,23,286
103000104,73,37,36
103000105,136,11,125
103000106,4,32,-28
103000107,85,16,69
103000108,665,941,-276
103000109,139,464,-325
103000110,415,539,-124
103000111,133,166,-33
103000112,102,181,-79
103000113,46,432,-386
103000114,524,322,202
103000115,583,455,128
103000116,521,162,359
103000117,387,153,234
103000118,42,77,-35
103000119,37,61,-24
103000120,3,4,-1
103000121,40,47,-7
103000122,654,875,-221
103000125,0,38,-38
103000126,251,0,251
103000127,0,40,-40
103000128,28,0,28
103000129,1,39,-38
103000130,25,12,13
103000131,34,80,-46
103000132,12,19,-7
103000133,1,25,-24
103000134,86,75,11
103000135,126,67,59
103000136,86,29,57
103000137,54,226,-172
103000138,102,276,-174
103000139,0,27,-27
103000140,21,5,16
103000141,1,35,-34
103000142,49,18,31
103000143,21,10,11
103000144,65,18,47
103000145,4,28,-24
103000150,24,19,5
103000152,65,156,-91
103000153,95,223,-128
103000156,0,44,-44
103000157,46,0,46
103000159,86,40,46
103000162,9,3,6
103000163,1,8,-7
103000164,3,2,1
103000165,24,73,-49
103000166,77,238,-161
103000167,136,45,91
103000168,80,59,21
103000169,99,151,-52
103000170,726,214,512
103000171,1,11,-10
103000172,372,123,249
103000173,7,2,5
103000174,579,188,391
103000175,55,31,24
103000176,179,184,-5
103000177,35,23,12
103000178,27,15,12
103000179,44,3,41
103000183,73,0,73
103000185,72,5,67
103000186,117,51,66
103000187,6,3,3
103000188,1,47,-46
103000189,209,275,-66
103000191,107,136,-29
103000292,37,153,-116
103000293,42,639,-597
103000295,44,25,19
103000296,21,0,21
103000297,0,2,-2
103000504,5,0,5
103000505,0,4,-4
103000506,0,18,-18
103000507,99,0,99
103000508,52,47,5
103000509,103,102,1
103900001,0,0,0
103900002,0,0,0
103900003,76,14,62
103900004,1,0,1
103900005,0,0,0
103900006,0,0,0
103900007,0,0,0
103900008,0,0,0
103900009,89,11,78
103900010,54,0,54
103900011,0,0,0
103900012,0,0,0
103900013,0,0,0
103900014,0,0,0
103900015,20,0,20
103900016,0,0,0
103900017,0,0,0
103900018,0,0,0
103900019,4,57,-53
103900020,0,0,0
103900021,19,0,19
103900022,80,3,77
103900023,36,0,36
103900024,0,6,-6
103900025,0,1,-1
103900026,0,0,0
103900027,28,1,27
103900028,6,26,-20
103900029,145,1,144
103900030,34,14,20
103900031,0,0,0
103900032,7,1,6
103900033,1,2,-1
103900034,0,0,0
103900035,0,0,0
103900036,13,2,11
103900037,0,4,-4
103900038,3,29,-26
103900039,0,1,-1
103900040,0,0,0
103900041,0,0,0
103900042,0,0,0
103900043,0,0,0
103900044,1,69,-68
103900045,17,2,15
103900047,0,0,0
103900048,0,0,0
103900049,0,0,0
103900050,0,0,0
103900051,0,0,0
103900052,0,0,0
103900053,2,0,2
103900054,0,0,0
103900055,0,0,0
103900056,0,0,0
103900057,19,0,19
103900058,0,0,0
103900059,0,0,0
103900060,38,2,36
103900061,39,0,39
103900062,0,0,0
103900063,0,0,0
103900064,13,0,13
103900065,17,3,14
103900066,22,2,20
103900067,9,0,9
103900068,0,0,0
103900069,1,0,1
103900070,4,7,-3
103900071,0,0,0
103900072,0,0,0
103900073,3,26,-23
103900074,23,0,23
103900075,15,0,15
103900076,0,0,0
103900077,3,5,-2
103900078,4,5,-1
103900079,0,0,0
103900080,0,0,0
103900081,0,0,0
103900082,0,0,0
103900083,24,131,-107
103900084,0,0,0
103900085,0,0,0
103900086,9,11,-2
103900088,7,6,1
103900089,0,7,-7
103900090,0,0,0
103900091,0,0,0
103900092,0,0,0
103900093,38,2,36
103900094,0,0,0
103900095,0,0,0
103900096,26,0,26
103900097,0,0,0
103900098,0,0,0
103900099,7,0,7
103900100,0,0,0
103900101,0,0,0
103900102,0,0,0
103900104,0,0,0
103900105,0,0,0
103900106,0,0,0
103900107,34,0,34
103900108,7,7,0
103900109,22,0,22
103900110,0,0,0
103900111,0,0,0
103900112,0,0,0
103900113,0,0,0
103900114,0,0,0
103900115,0,0,0
103900116,3,11,-8
103900117,2,1,1
103900119,0,60,-60
103900120,2,0,2
103900122,0,0,0
103900123,0,0,0
103900124,0,0,0
103900125,0,0,0
103900126,24,1,23
103900127,0,2,-2
103900128,0,0,0
103900131,0,0,0
103900133,49,0,49
103900134,0,0,0
103900135,0,0,0
103900137,0,0,0
103900138,0,0,0
103900139,4,97,-93
103900140,0,0,0
103900141,5,2,3
103900142,31,0,31
103900143,0,0,0
103900144,0,0,0
103900145,1,17,-16
103900146,38,0,38
103900147,0,0,0
103900148,0,0,0
103900149,14,1,13
103900150,123,25,98
103900151,0,0,0
103900152,195,3,192
103900153,0,0,0
103900154,0,2,-2
103900155,1,0,1
103900156,0,0,0
103900157,6,0,6
103900158,28,0,28
103900159,0,0,0
103900160,0,0,0
103900161,1,11,-10
103900162,0,0,0
103900163,0,0,0
103900167,0,2,-2
103900168,1,0,1
103900169,0,1,-1
103900170,0,0,0
103900171,0,0,0
103900172,0,0,0
103900173,3,0,3
103900174,50,0,50
103900175,0,28,-28
103900176,0,0,0
103900177,0,0,0
103900178,0,0,0
103900179,0,0,0
103900180,0,0,0
103900181,0,0,0
103900182,0,0,0
103900184,0,0,0
103900185,0,0,0
103900187,0,0,0
103900188,5,0,5
103900189,6,0,6
103900190,1,0,1
103900191,0,0,0
103900192,0,0,0
103900193,0,0,0
103900194,0,0,0
103900195,0,0,0
103900196,0,0,0
103900197,0,0,0
103900198,0,0,0
103900199,0,0,0
103900200,0,0,0
103900201,0,0,0
103900202,0,0,0
103900203,0,0,0
103900204,0,0,0
103900207,0,0,0
103900208,10,0,10
103900209,0,0,0
103900210,0,0,0
103900211,28,0,28
103900212,0,0,0
103900213,0,0,0
103900214,129,169,-40
103900215,0,0,0
103900216,0,0,0
103900217,33,0,33
103900218,0,0,0
103900219,0,0,0
103900233,0,0,0
103900235,0,0,0
103900236,0,0,0
103900242,0,0,0
103900243,0,0,0
103900244,4,0,4
103900245,0,0,0
103900246,0,2,-2
103900247,0,0,0
103900248,0,0,0
103900249,0,0,0
103900250,0,0,0
103900251,0,0,0
103900253,0,0,0
103900254,0,0,0
103900255,0,0,0
103900256,0,0,0
103900257,0,0,0
103900258,0,0,0
103900259,0,0,0
103900261,0,0,0
103900262,0,0,0
103900263,0,0,0
103900264,0,0,0
103900265,0,0,0
103900266,0,2,-2
103900267,0,0,0
103900268,0,0,0
103900269,0,0,0
103900270,0,0,0
103900271,0,0,0
103900272,0,0,0
103900273,0,0,0
103900274,0,0,0
103900275,0,0,0
103900276,0,0,0
103900277,0,0,0
103900278,0,0,0
103900279,0,0,0
103900280,0,0,0
104000001,796,718,78
104000002,952,1340,-388
104000003,1070,1000,70
104000004,1178,1217,-39
104000005,828,1191,-363
104000006,1098,639,459
104000007,2585,1482,1103
104000008,44,36,8
104000009,507,220,287
104000010,69,153,-84
104000011,32,15,17
104000012,12,37,-25
104000013,106,181,-75
104000014,87,27,60
104000015,189,51,138
104000016,4,26,-22
104000018,393,81,312
104000019,719,156,563
104000020,54,168,-114
104000021,101,217,-116
104000022,59,161,-102
104000023,482,100,382
104000024,12,23,-11
104000026,33,1,32
104000027,13,15,-2
104000028,459,154,305
104000029,23,15,8
104000030,474,389,85
104000031,602,49,553
104000032,42,29,13
104000033,428,40,388
104000034,64,17,47
104000035,659,67,592
104000036,519,214,305
104000037,17,21,-4
104000038,388,164,224
104000039,267,212,55
104000040,79,231,-152
104000041,213,87,126
104000042,194,176,18
104000043,36,92,-56
104000044,84,81,3
104000045,294,70,224
104000046,303,172,131
104000047,138,395,-257
104000048,475,696,-221
104000049,274,125,149
104000050,67,198,-131
104000051,4,32,-28
104000052,496,552,-56
104000053,426,93,333
104000054,202,28,174
104000055,1068,243,825
104000056,244,5,239
104000057,0,0,0
104000058,529,386,143
104000059,236,448,-212
104000060,273,330,-57
104000061,289,129,160
104000062,84,5,79
104000064,150,42,108
104000065,3,47,-44
104000069,254,525,-271
104000070,27,125,-98
104000071,0,0,0
104000072,100,23,77
104000075,0,0,0
104000076,0,0,0
104000082,392,788,-396
104000083,206,35,171
104000084,22,157,-135
104000085,234,39,195
104000086,143,61,82
104000087,54,116,-62
104000090,46,87,-41
104000092,88,114,-26
104000094,146,98,48
104000095,315,508,-193
104000096,757,2,755
104000097,769,72,697
104000098,1282,81,1201
104000100,1056,92,964
104000101,446,515,-69
104000106,31,126,-95
104000107,401,91,310
104000108,60,11,49
104000109,36,16,20
104000110,64,213,-149
104000111,274,370,-96
104000112,44,17,27
104000116,0,89,-89
104000117,150,61,89
104000118,279,67,212
104000119,78,71,7
104000120,72,77,-5
104000121,45,116,-71
104000122,375,255,120
104000123,231,328,-97
104000124,214,706,-492
104000125,178,466,-288
104000126,242,257,-15
104000127,419,691,-272
104000128,495,63,432
104000129,53,4,49
104000130,1,71,-70
104000131,5,1,4
104000132,1,3,-2
104000133,275,189,86
104000134,241,723,-482
104000135,75,850,-775
104000136,384,1387,-1003
104000137,622,290,332
104000138,101,76,25
104000139,1056,1311,-255
104000141,291,315,-24
104000142,210,75,135
104000143,140,26,114
104000144,42,69,-27
104000145,129,56,73
104000146,24,72,-48
104000147,20,60,-40
104000148,116,81,35
104000149,2,15,-13
104000150,328,114,214
104000151,23,29,-6
104000152,106,119,-13
104000153,358,216,142
104000154,146,238,-92
104000155,205,364,-159
104000157,437,294,143
104000158,28,176,-148
104000159,220,101,119
104000160,941,1217,-276
104000161,16,30,-14
104000162,12,44,-32
104000165,366,126,240
104000167,274,672,-398
104000168,269,1,268
104000169,102,6,96
104000170,1,8,-7
104000248,0,75,-75
104000251,0,0,0
104000272,0,0,0
104000273,0,0,0
104000274,0,0,0
104000275,0,0,0
104000279,182,570,-388
104000290,1,41,-40
104000291,380,298,82
104000293,369,359,10
104000294,0,0,0
104000295,290,783,-493
104000296,123,185,-62
104000297,219,1261,-1042
104000298,367,219,148
104000299,441,650,-209
104900001,0,0,0
104900002,0,0,0
104900003,0,0,0
104900004,0,0,0
104900005,0,0,0
104900006,0,0,0
104900007,0,0,0
104900009,0,0,0
104900010,0,0,0
104900011,0,0,0
104900012,0,0,0
104900013,0,0,0
104900014,0,0,0
104900015,0,0,0
104900016,0,0,0
104900017,0,0,0
104900018,0,0,0
104900019,0,0,0
104900020,0,0,0
104900021,0,0,0
104900022,6,0,6
104900023,0,0,0
104900024,0,0,0
104900025,0,0,0
104900026,0,0,0
104900027,0,0,0
104900028,0,0,0
104900029,0,0,0
104900030,0,0,0
104900031,0,0,0
104900032,0,0,0
104900033,0,0,0
104900034,0,0,0
104900035,0,0,0
104900036,1,0,1
104900037,0,0,0
104900038,0,0,0
104900039,0,0,0
104900040,3,0,3
104900041,0,0,0
104900042,0,0,0
104900043,0,0,0
104900044,100,2,98
104900045,0,0,0
104900046,0,0,0
104900047,71,1,70
104900048,35,0,35
104900049,0,0,0
104900050,0,0,0
104900051,1,2,-1
104900052,0,0,0
104900053,28,2,26
104900054,6,0,6
104900055,0,0,0
104900056,22,0,22
104900057,1,0,1
104900058,14,0,14
104900059,46,3,43
104900060,0,0,0
104900061,0,0,0
104900063,0,0,0
104900064,0,0,0
104900065,0,0,0
104900066,0,0,0
104900067,0,0,0
104900068,0,0,0
104900070,0,0,0
104900071,0,0,0
104900072,0,0,0
104900073,0,0,0
104900074,0,0,0
104900075,0,0,0
104900076,0,0,0
104900077,0,0,0
104900078,0,0,0
104900079,0,0,0
104900080,0,0,0
104900082,0,0,0
104900085,0,0,0
104900087,66,0,66
104900089,0,0,0
104900090,0,0,0
104900091,0,0,0
104900093,0,0,0
104900097,0,0,0
104900098,0,0,0
104900099,0,0,0
104900100,0,0,0
104900102,0,0,0
104900103,0,0,0
104900104,0,0,0
104900106,0,0,0
104900107,0,0,0
104900108,0,0,0
104900109,0,0,0
104900110,0,0,0
104900111,0,0,0
104900112,0,0,0
104900113,0,0,0
104900114,0,0,0
104900115,0,0,0
104900116,0,0,0
104900118,0,0,0
104900119,0,0,0
104900120,0,0,0
104900121,0,0,0
104900122,0,0,0
104900123,0,0,0
104900124,0,0,0
104900125,32,1,31
104900126,0,0,0
104900127,0,0,0
104900128,27,0,27
104900129,0,0,0
105000001,861,440,421
105000002,590,556,34
105000003,837,1236,-399
105000004,340,510,-170
105000005,214,589,-375
105000006,468,1087,-619
105000007,250,804,-554
105000008,306,1473,-1167
105000009,1741,1315,426
105000010,940,531,409
105000011,1008,1717,-709
105000012,456,571,-115
105000013,413,444,-31
105000014,1803,1049,754
105000015,3342,5442,-2100
105000016,1021,785,236
105000017,974,627,347
105000018,1031,493,538
105000019,816,880,-64
105000020,21,128,-107
105000021,90,6,84
105000022,34,25,9
105000023,174,109,65
105000028,5,152,-147
105000029,49,271,-222
105000030,1524,1059,465
105000031,0,1,-1
105000033,403,418,-15
105000034,59,293,-234
105000037,114,4,110
105000038,317,503,-186
105000039,126,274,-148
105000040,219,470,-251
105000041,35,230,-195
105000042,751,491,260
105000043,163,115,48
105000044,145,185,-40
105000045,98,78,20
105000046,297,62,235
105000047,120,139,-19
105000048,552,251,301
105000049,139,80,59
105000050,445,191,254
105000051,84,59,25
105000052,136,233,-97
105000053,111,15,96
105000054,245,230,15
105000055,248,36,212
105000056,538,335,203
105000057,904,104,800
105000058,481,356,125
105000059,538,190,348
105000060,287,95,192
105000061,503,123,380
105000062,244,85,159
105000063,32,58,-26
105000064,682,138,544
105000065,54,47,7
105000066,218,129,89
105000067,747,315,432
105000068,46,131,-85
105000069,487,438,49
105000070,320,408,-88
105000071,172,873,-701
105000072,745,1185,-440
105000073,391,318,73
105000074,31,118,-87
105000075,83,206,-123
105000076,488,221,267
105000077,927,193,734
105000078,341,539,-198
105000079,123,181,-58
105000080,1009,945,64
105000081,172,95,77
105000082,327,741,-414
105000083,1564,1055,509
105000084,117,142,-25
105000085,2228,1191,1037
105000086,176,131,45
105000087,120,157,-37
105000088,940,1007,-67
105000089,447,465,-18
105000090,146,109,37
105000091,180,85,95
105000092,179,120,59
105000093,98,100,-2
105000094,192,47,145
105000095,20,131,-111
105000096,479,588,-109
105000097,141,60,81
105000098,451,438,13
105000099,104,52,52
105000100,371,257,114
105000101,868,357,511
105000102,489,285,204
105000103,488,367,121
105000104,555,114,441
105000105,449,352,97
105000106,449,204,245
105000107,449,133,316
105000108,508,175,333
105000109,567,207,360
105000110,343,74,269
105000111,288,122,166
105000112,410,159,251
105000113,178,313,-135
105000114,641,712,-71
105000115,152,636,-484
105000116,446,147,299
105000117,129,99,30
105000118,183,105,78
105000119,105,90,15
105000120,648,196,452
105000121,185,59,126
105000122,199,134,65
105000123,196,126,70
105000124,811,137,674
105000125,428,307,121
105000126,699,256,443
105000127,1006,228,778
105000128,107,194,-87
105000129,199,86,113
105000130,35,1698,-1663
105000131,44,35,9
105000132,428,493,-65
105000133,39,50,-11
105000134,441,126,315
105000135,31,30,1
105000136,0,0,0
105000137,222,20,202
105000138,0,0,0
105000139,141,95,46
105000140,392,77,315
105000141,150,67,83
105000142,235,88,147
105000143,100,128,-28
105000144,93,96,-3
105000145,270,179,91
105000146,0,0,0
105000147,353,89,264
105000148,340,96,244
105000149,831,591,240
105000150,30,10,20
105000151,200,48,152
105000152,86,92,-6
105000153,269,63,206
105000154,124,67,57
105000155,102,104,-2
105000156,43,94,-51
105000157,317,144,173
105000158,622,132,490
105000159,115,84,31
105000160,782,180,602
105000161,148,130,18
105000162,179,578,-399
105000163,303,162,141
105000164,13,83,-70
105000165,89,1920,-1831
105000166,182,261,-79
105000167,250,778,-528
105000168,69,164,-95
105000169,149,19,130
105000170,49,408,-359
105000171,394,40,354
105000172,35,0,35
105000173,91,22,69
105000174,9,12,-3
105000175,0,0,0
105000176,156,16,140
105000177,160,29,131
105000178,61,44,17
105000179,190,2,188
105000180,0,0,0
105000181,27,25,2
105000182,0,0,0
105000183,462,1281,-819
105000184,12,5,7
105000185,153,282,-129
105000186,5,2,3
105000187,157,123,34
105000188,31,93,-62
105000189,1,26,-25
105000190,100,95,5
105000191,21,13,8
105000192,186,19,167
105000193,24,5,19
105000194,176,18,158
105000195,19,66,-47
105000196,51,140,-89
105000197,1,93,-92
105000198,29,26,3
105000199,18,176,-158
105000200,64,114,-50
105000201,11,1,10
105000203,21,159,-138
105000204,13,52,-39
105000205,45,131,-86
105000207,0,0,0
105000208,72,124,-52
105000209,0,0,0
105000211,18,0,18
105000212,294,118,176
105000213,33,19,14
105000214,76,18,58
105000215,74,45,29
105000216,25,2,23
105000217,0,0,0
105000218,826,166,660
105000221,80,43,37
105000222,119,12,107
105000223,56,13,43
105000226,35,39,-4
105000227,14,31,-17
105000228,26,416,-390
105000229,137,319,-182
105000231,170,59,111
105000233,246,285,-39
105000234,216,232,-16
105000235,183,196,-13
105000237,262,15,247
105000243,33,13,20
105000248,9,13,-4
105000262,158,26,132
105000269,24,23,1
105000270,216,1,215
105000271,0,15,-15
105000282,8,12,-4
105000287,81,10,71
105000288,161,108,53
105000289,593,798,-205
105000290,5,61,-56
105000402,223,774,-551
105000426,46,194,-148
105000438,490,560,-70
105000440,3,0,3
105000446,1604,2693,-1089
105000447,1505,307,1198
105000454,0,1,-1
105000455,63,41,22
105000474,14,16,-2
105000477,152,86,66
105000478,654,2280,-1626
105000479,31,36,-5
105000480,1888,2736,-848
105000481,1249,891,358
105000482,630,1422,-792
105000483,333,775,-442
105000484,498,1118,-620
105000485,1055,1261,-206
105000486,587,1332,-745
105000488,685,1243,-558
105000489,551,203,348
105000549,5,10,-5
105000550,0,0,0
105000551,13,9,4
105000552,509,286,223
105000555,529,577,-48
105000556,3,6,-3
105000557,3,17,-14
105900001,0,81,-81
105900002,88,17,71
105900003,0,0,0
105900004,0,0,0
105900005,0,0,0
105900006,3,1,2
105900007,1,0,1
105900008,0,0,0
105900009,0,2,-2
105900011,1,3,-2
105900012,0,4,-4
105900013,0,0,0
105900014,0,0,0
105900015,0,0,0
105900016,14,2,12
105900017,0,0,0
105900018,0,0,0
105900019,0,3,-3
105900020,0,0,0
105900021,1,31,-30
105900022,0,0,0
105900023,1,7,-6
105900024,0,4,-4
105900025,1,0,1
105900026,0,0,0
105900027,507,51,456
105900028,6,0,6
105900029,310,46,264
105900030,13,30,-17
105900031,0,0,0
105900032,0,0,0
105900033,0,0,0
105900034,0,0,0
105900035,0,0,0
105900036,0,0,0
105900037,0,0,0
105900038,0,0,0
105900039,0,0,0
105900040,0,0,0
105900041,0,0,0
105900042,0,0,0
105900043,49,0,49
105900044,0,0,0
105900045,0,0,0
105900046,0,0,0
105900047,0,0,0
105900048,51,20,31
105900050,18,81,-63
105900051,1,56,-55
105900052,6,2,4
105900053,0,0,0
105900054,0,0,0
105900056,27,6,21
105900057,4,1,3
105900058,0,0,0
105900059,0,0,0
106000001,951,702,249
106000002,72,511,-439
106000003,1068,1608,-540
106000004,340,1816,-1476
106000005,1908,2262,-354
106000006,980,1043,-63
106000007,389,142,247
106000008,38,68,-30
106000009,338,220,118
106000010,31,80,-49
106000011,754,384,370
106000012,101,154,-53
106000013,1121,719,402
106000014,242,229,13
106000015,1221,518,703
106000016,176,227,-51
106000017,735,153,582
106000018,50,125,-75
106000019,216,152,64
106000020,27,43,-16
106000021,426,164,262
106000022,53,30,23
106000023,727,152,575
106000024,74,48,26
106000025,197,260,-63
106000026,1,42,-41
106000027,1545,665,880
106000028,3,19,-16
106000029,39,25,14
106000030,0,0,0
106000034,0,0,0
106000035,331,594,-263
106000036,0,0,0
106000037,177,41,136
106000038,10,7,3
106000039,1,14,-13
106000040,4,43,-39
106000041,378,81,297
106000043,154,25,129
106000046,101,8,93
106000047,0,0,0
106000049,511,18,493
106000050,28,110,-82
106000051,447,225,222
106000052,0,0,0
106000053,302,32,270
106000054,0,0,0
106000055,410,21,389
106000056,0,0,0
106000057,183,42,141
106000058,0,0,0
106000059,179,113,66
106000060,0,0,0
106000061,78,378,-300
106000062,0,0,0
106000063,470,483,-13
106000064,0,0,0
106000065,361,60,301
106000066,30,42,-12
106000067,342,59,283
106000068,33,6,27
106000069,170,16,154
106000070,62,11,51
106000071,364,128,236
106000072,391,675,-284
106000073,485,1289,-804
106000074,260,444,-184
106000075,117,276,-159
106000076,511,279,232
106000077,672,259,413
106000078,611,127,484
106000079,536,83,453
106000080,781,87,694
106000081,373,155,218
106000082,598,66,532
106000083,270,242,28
106000084,627,129,498
106000085,305,246,59
106000086,321,130,191
106000087,197,137,60
106000088,172,154,18
106000089,527,32,495
106000090,308,241,67
106000091,86,78,8
106000092,215,118,97
106000093,381,26,355
106000094,0,0,0
106000095,406,93,313
106000096,678,72,606
106000097,374,71,303
106000098,607,61,546
106000099,74,51,23
106000100,656,55,601
106000101,479,21,458
106000102,3,79,-76
106000103,27,133,-106
106000104,480,78,402
106000105,49,113,-64
106000106,475,65,410
106000107,43,88,-45
106000108,312,35,277
106000109,12,73,-61
106000110,185,22,163
106000111,61,86,-25
106000112,144,136,8
106000113,61,260,-199
106000114,268,172,96
106000115,112,167,-55
106000116,218,133,85
106000117,38,43,-5
106000118,561,302,259
106000119,11,108,-97
106000120,296,363,-67
106000121,125,67,58
106000122,112,80,32
106000123,246,23,223
106000124,134,33,101
106000125,38,56,-18
106000126,290,21,269
106000127,199,117,82
106000128,266,55,211
106000129,197,135,62
106000130,554,79,475
106000131,18,245,-227
106000132,282,17,265
106000133,92,434,-342
106000134,190,1243,-1053
106000135,3,112,-109
106000136,472,488,-16
106000137,2,95,-93
106000138,925,19,906
106000139,53,32,21
106000140,0,0,0
106000141,0,0,0
106000142,58,4,54
106000143,0,0,0
106000144,55,21,34
106000145,0,0,0
106000146,296,67,229
106000147,205,94,111
106000148,102,217,-115
106000149,492,100,392
106000150,248,634,-386
106000151,649,188,461
106000152,458,678,-220
106000153,15,391,-376
106000154,279,67,212
106000155,23,91,-68
106000156,517,45,472
106000157,101,452,-351
106000158,384,401,-17
106000159,260,556,-296
106000160,189,917,-728
106000161,144,65,79
106000162,182,347,-165
106000163,50,53,-3
106000164,356,44,312
106000165,49,62,-13
106000166,382,14,368
106000167,108,186,-78
106000168,267,54,213
106000169,77,110,-33
106000170,273,31,242
106000171,65,353,-288
106000172,661,88,573
106000173,498,508,-10
106000174,610,5,605
106000175,65,7,58
106000176,670,166,504
106000177,101,109,-8
106000178,961,140,821
106000179,67,37,30
106000180,151,223,-72
106000181,313,290,23
106000182,831,85,746
106000183,717,55,662
106000184,375,71,304
106000185,359,151,208
106000186,94,8,86
106000187,11,181,-170
106000188,0,0,0
106000189,0,26,-26
106000190,0,3,-3
106000191,133,3,130
106000192,0,0,0
106000193,18,35,-17
106000194,5,19,-14
106000195,14,27,-13
106000196,9,62,-53
106000197,114,31,83
106000198,12,19,-7
106000199,124,134,-10
106000200,28,91,-63
106000201,33,1094,-1061
106000202,174,98,76
106000203,0,0,0
106000204,10,0,10
106000205,0,0,0
106000206,14,1,13
106000207,0,7,-7
106000208,760,11,749
106000209,913,106,807
106000210,24,11,13
106000211,2,35,-33
106000212,668,110,558
106000213,6,39,-33
106000214,552,94,458
106000215,77,152,-75
106000216,373,52,321
106000217,12,122,-110
106000218,242,27,215
106000219,27,133,-106
106000220,304,27,277
106000221,49,46,3
106000222,45,18,27
106000223,179,44,135
106000224,43,64,-21
106000225,25,69,-44
106000226,23,110,-87
106000228,0,0,0
106000229,0,0,0
106000231,385,4,381
106000232,0,0,0
106000233,128,6,122
106000234,0,0,0
106000235,24,16,8
106000236,0,0,0
106000237,0,0,0
106000238,1,11,-10
106000239,0,0,0
106000240,2,0,2
106000241,0,52,-52
106000242,88,3,85
106000249,72,8,64
106000250,18,138,-120
106000251,6,0,6
106000252,0,0,0
106000253,18,0,18
106000254,0,0,0
106000255,22,3,19
106000256,0,0,0
106000257,5,51,-46
106000258,6,2,4
106000259,0,0,0
106000260,7,0,7
106000261,0,0,0
106000262,2,1,1
106000263,0,0,0
106000264,57,0,57
106000265,0,0,0
106000266,62,0,62
106000267,0,0,0
106000268,102,0,102
106000269,0,0,0
106000270,11,9,2
106000271,2,21,-19
106000272,0,0,0
106000273,0,14,-14
106000274,0,0,0
106000275,2,3,-1
106000276,0,0,0
106000277,3,8,-5
106000278,0,0,0
106000279,0,0,0
106000280,0,0,0
106000281,0,0,0
106000282,0,0,0
106000283,0,0,0
106000284,0,0,0
106000285,0,0,0
106000286,0,0,0
106000287,0,0,0
106000288,0,0,0
106000289,0,0,0
106000290,0,0,0
106000291,0,0,0
106000292,0,0,0
106000293,0,0,0
106000294,0,0,0
106000295,0,0,0
106000296,0,0,0
106000297,0,0,0
106000298,0,0,0
106000299,0,0,0
106000300,0,0,0
106000301,0,0,0
106000303,0,1,-1
106000304,0,0,0
106000305,1,0,1
106000306,0,0,0
106000307,37,0,37
106000308,0,0,0
106000309,0,0,0
106000310,113,50,63
106000311,73,7,66
106000312,24,40,-16
106000313,34,3,31
106000318,0,0,0
106000319,382,69,313
106000320,0,39,-39
106000321,11,153,-142
106000322,137,42,95
106000324,5,28,-23
106000325,1388,366,1022
106000326,94,224,-130
106000327,124,17,107
106000328,6,1,5
106000329,1,5,-4
106000330,20,28,-8
106000428,38,122,-84
106000429,16,190,-174
106000430,14,263,-249
106000431,975,162,813
106000432,48,386,-338
106000433,1209,640,569
106000434,2034,643,1391
106000435,59,402,-343
106000436,0,40,-40
106000437,130,26,104
106000438,34,158,-124
106000439,0,41,-41
106000440,59,159,-100
106000441,0,0,0
106000442,5,1,4
106000443,268,335,-67
106000450,0,0,0
106000451,32,24,8
106000454,0,0,0
106000455,0,0,0
106000456,16,13,3
106000457,0,0,0
106000458,530,104,426
106000459,0,0,0
106000460,472,3,469
106000461,0,0,0
106000462,0,0,0
106000463,0,10,-10
106000464,0,0,0
106000465,352,0,352
106000466,0,0,0
106000467,0,19,-19
106000468,52,66,-14
106000469,134,0,134
106000470,2,36,-34
106000471,0,0,0
106000472,34,3,31
106000473,0,0,0
106000474,35,82,-47
106000475,153,103,50
106000476,84,232,-148
106000477,0,0,0
106000480,0,0,0
106900001,0,0,0
106900002,0,0,0
106900003,0,0,0
106900004,0,0,0
106900006,0,0,0
106900007,0,0,0
106900008,0,0,0
106900009,0,0,0
106900010,0,0,0
106900012,0,0,0
106900013,0,0,0
106900014,0,0,0
106900015,0,0,0
106900016,0,0,0
106900017,0,0,0
106900018,0,0,0
106900019,30,0,30
106900020,0,0,0
106900021,11,0,11
106900022,0,0,0
106900023,0,0,0
106900024,0,0,0
106900025,0,0,0
106900026,0,0,0
106900027,196,0,196
107000001,1424,2501,-1077
107000002,463,717,-254
107000003,3634,3747,-113
107000004,1046,623,423
107000005,3152,2408,744
107000006,1221,485,736
107000007,2027,2591,-564
107000008,1140,856,284
107000009,5056,5530,-474
107000010,1889,864,1025
107000011,63,128,-65
107000012,504,196,308
107000013,0,0,0
107000014,0,0,0
107000015,0,0,0
107000016,0,0,0
107000017,137,126,11
107000018,0,34,-34
107000020,119,296,-177
107000021,134,64,70
107000022,236,328,-92
107000023,521,69,452
107000024,145,489,-344
107000025,140,51,89
107000026,119,141,-22
107000027,434,130,304
107000028,396,237,159
107000029,1252,750,502
107000030,680,558,122
107000031,1409,608,801
107000032,38,345,-307
107000033,757,910,-153
107000034,316,186,130
107000035,101,135,-34
107000036,94,342,-248
107000037,47,419,-372
107000038,50,62,-12
107000039,285,467,-182
107000040,91,25,66
107000041,431,326,105
107000042,82,791,-709
107000043,302,208,94
107000044,97,116,-19
107000045,24,94,-70
107000046,311,151,160
107000047,163,225,-62
107000048,256,222,34
107000049,108,250,-142
107000050,355,257,98
107000051,215,325,-110
107000052,277,414,-137
107000053,256,177,79
107000054,27,141,-114
107000055,135,76,59
107000056,307,576,-269
107000057,541,242,299
107000058,1462,1617,-155
107000059,147,315,-168
107000060,3027,2880,147
107000061,747,615,132
107000062,2697,1287,1410
107000063,564,606,-42
107000064,2210,1515,695
107000065,460,604,-144
107000066,1216,1575,-359
107000067,343,322,21
107000068,256,402,-146
107000069,384,583,-199
107000070,336,1,335
107000071,1217,15,1202
107000072,0,107,-107
107000073,289,103,186
107000074,23,59,-36
107000075,1241,49,1192
107000076,23,142,-119
107000077,1269,133,1136
107000078,33,118,-85
107000079,1217,208,1009
107000080,75,127,-52
107000081,1182,272,910
107000082,246,220,26
107000083,627,284,343
107000084,93,244,-151
107000085,1053,983,70
107000086,526,691,-165
107000087,736,794,-58
107000088,382,596,-214
107000089,479,548,-69
107000090,162,199,-37
107000091,646,189,457
107000092,141,193,-52
107000093,394,533,-139
107000094,161,204,-43
107000095,683,381,302
107000096,41,110,-69
107000097,388,176,212
107000098,71,142,-71
107000099,396,262,134
107000100,55,131,-76
107000101,95,188,-93
107000102,176,237,-61
107000103,344,98,246
107000104,68,119,-51
107000105,424,75,349
107000106,15,26,-11
107000107,361,133,228
107000108,67,84,-17
107000109,334,48,286
107000110,0,0,0
107000111,262,13,249
107000112,0,0,0
107000113,474,38,436
107000114,0,0,0
107000115,436,97,339
107000116,0,0,0
107000117,65,322,-257
107000118,0,0,0
107000119,278,669,-391
107000120,0,0,0
107000121,487,151,336
107000122,242,143,99
107000123,325,185,140
107000124,177,92,85
107000125,485,113,372
107000126,249,108,141
107000129,42,97,-55
107000130,321,98,223
107000131,72,53,19
107000132,169,73,96
107000133,113,1,112
107000134,124,0,124
107000135,0,57,-57
107000136,264,0,264
107000137,0,79,-79
107000138,11,0,11
107000139,0,76,-76
107000140,297,4,293
107000141,9,58,-49
107000142,53,13,40
107000143,2,85,-83
107000144,104,147,-43
107000145,3,75,-72
107000146,1,40,-39
107000147,318,222,96
107000150,194,866,-672
107000151,10,8,2
107000152,135,574,-439
107000153,7,36,-29
107000154,0,69,-69
107000155,296,11,285
107000156,412,5,407
107000157,0,124,-124
107000158,230,0,230
107000159,14,87,-73
107000160,712,52,660
107000161,13,132,-119
107000162,79,167,-88
107000163,61,0,61
107000164,284,0,284
107000165,473,28,445
107000166,3,68,-65
107000167,236,31,205
107000168,457,57,400
107000169,34,167,-133
107000170,858,195,663
107000171,60,113,-53
107000172,317,444,-127
107000173,89,44,45
107000174,270,1248,-978
107000175,480,140,340
107000176,3,0,3
107000177,0,0,0
107000178,11,2,9
107000179,64,172,-108
107000180,1033,83,950
107000181,96,58,38
107000182,1178,64,1114
107000183,62,28,34
107000184,606,80,526
107000185,113,83,30
107000186,374,50,324
107000187,304,338,-34
107000188,63,61,2
107000189,319,135,184
107000190,179,81,98
107000191,367,377,-10
107000192,316,43,273
107000193,114,169,-55
107000194,114,97,17
107000197,428,36,392
107000198,79,45,34
107000199,186,86,100
107000200,77,207,-130
107000201,119,113,6
107000202,35,164,-129
107000203,67,304,-237
107000204,102,1145,-1043
107000205,178,72,106
107000206,76,705,-629
107000207,125,219,-94
107000208,69,113,-44
107000209,97,116,-19
107000210,20,132,-112
107000211,0,19,-19
107000212,0,4,-4
107000213,0,2,-2
107000214,0,21,-21
107000215,140,35,105
107000216,68,104,-36
107000217,10,4,6
107000219,0,56,-56
107000220,11,6,5
107000222,15,38,-23
107000224,145,9,136
107000225,62,54,8
107000226,145,28,117
107000227,7,28,-21
107000228,4,30,-26
107000229,57,18,39
107000230,92,130,-38
107000231,270,392,-122
107000232,22,7,15
107000233,19,190,-171
107000234,0,63,-63
107000235,99,2,97
107000236,0,0,0
107000237,27,0,27
107000238,44,1,43
107000239,375,165,210
107000240,1,22,-21
107000243,0,70,-70
107000244,13,0,13
107000246,0,42,-42
107000249,1,42,-41
107000251,0,3,-3
107000252,0,71,-71
107000255,28,3,25
107000257,1,132,-131
107000258,0,26,-26
107000259,0,13,-13
107000260,723,4,719
107000262,0,37,-37
107000263,318,1,317
107000266,2,3,-1
107000267,0,7,-7
107000268,30,7,23
107000269,2,0,2
107000270,67,35,32
107000271,0,0,0
107000272,57,0,57
107000273,0,34,-34
107000274,114,32,82
107000275,2,39,-37
107000280,473,10,463
107000281,4,95,-91
107000282,2,187,-185
107000290,0,0,0
107000291,1,3,-2
107000292,0,1,-1
107000293,0,0,0
107000294,0,7,-7
107000295,15,0,15
107000296,0,6,-6
107000444,91,2,89
107000496,0,4,-4
107000497,145,154,-9
107000500,120,70,50
107000501,7,58,-51
107000502,94,48,46
107000505,45,242,-197
107000506,0,1,-1
107000508,1,62,-61
107000509,11,202,-191
107000510,5,3,2
107000514,13,90,-77
107000515,1,26,-25
107000516,311,48,263
107000518,525,352,173
107000519,94,15,79
107000520,25,2,23
107000521,154,35,119
107000522,256,155,101
107900001,3,0,3
107900002,0,1,-1
107900003,14,0,14
107900004,7,0,7
107900005,482,1,481
107900006,30,4,26
107900007,86,0,86
107900008,24,0,24
107900009,1,0,1
107900010,0,0,0
107900012,51,0,51
107900013,28,1,27
107900014,3,0,3
107900015,275,0,275
107900016,36,17,19
107900017,2,0,2
107900018,1,35,-34
107900019,3,0,3
107900020,0,0,0
107900021,1,0,1
107900023,0,0,0
107900024,0,0,0
107900025,26,33,-7
107900026,3,0,3
107900027,0,0,0
107900028,3,1,2
107900030,47,0,47
107900031,31,1,30
107900032,12,0,12
107900033,0,1,-1
107900034,47,2,45
107900035,251,0,251
107900036,9,3,6
107900037,0,0,0
107900038,1,35,-34
107900039,1,0,1
107900040,0,0,0
107900041,0,0,0
107900043,7,1,6
107900044,1,0,1
107900045,32,26,6
107900046,47,14,33
107900047,0,0,0
107900048,36,0,36
107900049,10,45,-35
107900050,0,6,-6
107900051,3,0,3
107900052,0,0,0
107900053,1,1,0
107900055,45,7,38
107900056,0,21,-21
107900057,0,0,0
107900058,0,22,-22
107900060,0,0,0
107900061,0,0,0
107900063,2,30,-28
107900064,61,39,22
107900065,102,0,102
107900066,0,0,0
107900067,0,0,0
107900068,21,102,-81
107900069,0,456,-456
107900070,6,15,-9
107900071,2,15,-13
107900072,57,3,54
107900073,0,0,0
107900074,0,0,0
107900076,32,0,32
107900077,1,0,1
107900079,4,2,2
107900080,1,35,-34
107900081,0,0,0
107900082,0,0,0
107900083,38,42,-4
107900084,1,12,-11
107900086,0,38,-38
107900087,5,8,-3
107900088,5,0,5
107900089,16,51,-35
107900090,4,89,-85
107900091,45,34,11
107900093,0,0,0
107900095,200,184,16
107900097,9,3,6
107900098,32,9,23
107900100,37,369,-332
107900101,22,4,18
107900102,1,0,1
107900103,1,12,-11
107900104,0,0,0
107900105,0,15,-15
107900106,0,77,-77
107900107,0,0,0
107900108,2,1,1
107900109,531,6,525
107900110,39,0,39
107900111,0,117,-117
107900112,4,42,-38
107900113,0,0,0
107900114,66,12,54
107900115,0,0,0
107900116,38,29,9
107900117,37,46,-9
107900118,0,6,-6
107900119,17,32,-15
107900120,2,0,2
107900121,0,0,0
107900122,0,0,0
107900123,3,2,1
107900124,0,0,0
107900125,0,8,-8
107900126,0,5,-5
107900127,0,0,0
107900128,3,12,-9
107900129,1,0,1
107900130,0,0,0
107900131,1,13,-12
107900132,1,26,-25
107900133,0,0,0
107900134,2,1,1
107900135,0,0,0
107900136,0,0,0
107900137,26,13,13
107900138,0,0,0
107900139,0,0,0
107900141,6,0,6
107900142,0,29,-29
107900143,2,2,0
107900144,0,13,-13
107900145,0,0,0
107900146,3,27,-24
107900147,2,0,2
107900148,3,1,2
107900149,38,3,35
107900150,0,14,-14
107900151,0,0,0
107900152,0,0,0
107900153,2,63,-61
107900154,1,8,-7
107900155,1,0,1
107900156,0,0,0
107900157,4,11,-7
107900158,137,2,135
107900159,1,30,-29
107900160,60,2,58
107900161,1,3,-2
107900162,0,0,0
107900163,0,0,0
107900164,1,0,1
107900165,8,44,-36
107900166,0,6,-6
107900167,0,0,0
107900168,0,2,-2
107900169,0,1,-1
107900171,1,31,-30
107900172,5,0,5
107900173,0,2,-2
107900174,0,0,0
107900175,0,0,0
107900176,0,0,0
107900177,0,0,0
107900178,0,5,-5
107900179,0,0,0
107900180,11,160,-149
107900181,0,0,0
107900182,1,20,-19
107900183,0,2,-2
107900184,0,0,0
107900185,0,0,0
107900186,2,0,2
107900187,0,6,-6
107900188,222,59,163
107900189,0,0,0
107900190,2,28,-26
107900191,0,0,0
107900193,0,0,0
107900194,0,0,0
107900195,85,9,76
107900196,0,0,0
107900197,3,11,-8
107900199,0,0,0
107900201,0,0,0
107900203,1,0,1
107900204,0,0,0
107900206,8,104,-96
107900207,0,15,-15
107900208,0,30,-30
107900209,0,0,0
107900210,0,0,0
107900213,0,0,0
107900214,0,28,-28
107900215,5,27,-22
107900216,0,0,0
107900217,0,0,0
107900218,0,0,0
107900219,0,0,0
107900220,0,0,0
107900221,1,2,-1
107900223,0,0,0
107900224,43,29,14
107900225,0,0,0
107900226,0,0,0
107900227,6,3,3
107900228,1,2,-1
107900229,0,0,0
107900230,2,2,0
107900231,0,0,0
107900232,7,0,7
107900233,0,0,0
107900234,0,0,0
107900235,0,4,-4
107900236,0,0,0
107900237,0,0,0
107900238,0,0,0
107900239,14,33,-19
107900240,5,1,4
107900241,0,0,0
107900242,1,4,-3
107900243,0,0,0
107900244,0,0,0
107900245,122,16,106
107900246,66,16,50
107900248,118,0,118
107900249,77,12,65
107900250,0,17,-17
107900251,0,49,-49
107900252,72,3,69
107900253,46,1,45
107900254,1,8,-7
107900255,10,5,5
107900256,22,1,21
107900257,35,3,32
107900258,6,5,1
107900259,4,336,-332
107900261,0,31,-31
107900262,0,0,0
107900264,56,1,55
107900265,7,36,-29
107900267,53,1,52
107900268,0,0,0
107900269,0,0,0
107900270,0,0,0
107900271,0,0,0
107900272,3,0,3
107900273,17,0,17
107900274,34,0,34
107900275,1,0,1
107900276,0,0,0
107900277,0,0,0
107900278,82,0,82
107900279,0,0,0
107900280,364,59,305
107900281,122,718,-596
107900282,5,136,-131
107900283,200,37,163
107900284,234,43,191
107900285,23,1,22
107900286,0,1,-1
107900287,85,27,58
107900290,0,0,0
107900291,39,0,39
107900292,89,16,73
107900293,19,78,-59
107900295,2,1,1
107900297,0,3,-3
107900298,54,134,-80
107900299,152,280,-128
107900301,29,98,-69
107900302,7,2,5
107900303,121,9,112
107900304,47,0,47
107900305,59,2,57
107900306,0,0,0
107900307,0,0,0
107900308,43,5,38
107900309,0,0,0
107900310,0,0,0
107900311,0,0,0
107900312,0,0,0
107900313,0,0,0
107900314,0,0,0
107900315,0,0,0
107900316,0,0,0
107900317,1,0,1
107900318,0,0,0
107900319,0,0,0
107900320,1,2,-1
107900321,9,0,9
107900322,1,4,-3
107900323,1,3,-2
107900324,32,0,32
107900325,30,0,30
107900326,65,13,52
107900327,0,0,0
107900328,0,0,0
107900329,0,0,0
107900330,0,4,-4
107900331,93,13,80
107900332,146,0,146
107900333,27,4,23
107900334,0,1,-1
107900335,0,1,-1
107900336,1,5,-4
107900337,92,187,-95
107900338,0,1,-1
107900339,0,0,0
107900340,0,0,0
107900341,1,0,1
107900342,46,4,42
107900343,2,0,2
107900344,0,12,-12
107900345,29,8,21
107900346,1,0,1
107900347,12,0,12
107900348,0,0,0
107900349,31,0,31
107900350,0,27,-27
107900351,0,1,-1
107900352,0,9,-9
107900353,1,0,1
107900354,0,56,-56
108000001,2085,1023,1062
108000002,80,160,-80
108000003,1889,981,908
108000004,1053,2546,-1493
108000005,5083,2201,2882
108000006,712,1030,-318
108000007,3394,1451,1943
108000008,789,676,113
108000009,2699,1629,1070
108000010,555,689,-134
108000011,8013,3941,4072
108000012,2284,1697,587
108000014,166,288,-122
108000015,466,57,409
108000016,5,16,-11
108000017,550,81,469
108000018,1150,88,1062
108000019,263,97,166
108000020,548,177,371
108000021,34,20,14
108000022,115,228,-113
108000023,680,38,642
108000024,166,66,100
108000025,181,5,176
108000026,369,45,324
108000027,235,10,225
108000028,394,77,317
108000029,197,4,193
108000030,239,36,203
108000031,81,30,51
108000032,998,119,879
108000033,48,131,-83
108000034,1200,97,1103
108000035,76,348,-272
108000036,25,80,-55
108000037,965,76,889
108000038,1709,96,1613
108000039,54,91,-37
108000040,892,190,702
108000041,49,165,-116
108000042,298,34,264
108000043,17,14,3
108000044,676,19,657
108000045,21,3,18
108000046,1018,79,939
108000047,65,159,-94
108000048,0,0,0
108000049,487,83,404
108000050,4,22,-18
108000051,204,55,149
108000052,31,34,-3
108000053,253,76,177
108000054,97,245,-148
108000055,502,180,322
108000056,197,181,16
108000057,267,613,-346
108000058,839,1420,-581
108000059,346,647,-301
108000060,125,236,-111
108000061,123,106,17
108000062,356,138,218
108000063,210,140,70
108000064,154,149,5
108000065,282,137,145
108000066,564,92,472
108000067,856,114,742
108000068,468,147,321
108000069,34,339,-305
108000070,1528,125,1403
108000071,131,355,-224
108000072,1186,174,1012
108000073,253,250,3
108000074,420,187,233
108000075,141,117,24
108000076,1076,115,961
108000077,136,105,31
108000078,1338,273,1065
108000079,113,317,-204
108000080,977,261,716
108000081,112,325,-213
108000082,185,186,-1
108000083,774,331,443
108000084,37,73,-36
108000085,398,155,243
108000086,99,30,69
108000087,110,1083,-973
108000088,318,27,291
108000089,43,55,-12
108000091,18,105,-87
108000092,251,12,239
108000093,28,104,-76
108000094,689,11,678
108000095,23,40,-17
108000096,455,47,408
108000097,31,39,-8
108000098,964,279,685
108000099,246,118,128
108000100,228,196,32
108000101,560,394,166
108000102,644,1186,-542
108000106,272,1,271
108000107,0,61,-61
108000108,254,8,246
108000109,1,138,-137
108000110,186,32,154
108000111,17,149,-132
108000112,3,118,-115
108000113,138,104,34
108000115,91,50,41
108000117,231,28,203
108000118,132,420,-288
108000119,263,39,224
108000120,70,222,-152
108000121,69,32,37
108000122,393,77,316
108000123,303,35,268
108000124,67,15,52
108000125,324,46,278
108000126,99,28,71
108000127,286,76,210
108000128,245,21,224
108000129,64,31,33
108000130,183,72,111
108000131,299,44,255
108000132,95,81,14
108000133,956,86,870
108000134,136,25,111
108000135,737,111,626
108000136,30,51,-21
108000137,259,50,209
108000138,65,219,-154
108000139,339,93,246
108000140,393,3,390
108000141,3,29,-26
108000142,6,19,-13
108000143,14,22,-8
108000144,690,30,660
108000145,33,24,9
108000146,667,7,660
108000147,13,9,4
108000148,270,18,252
108000149,0,1,-1
108000150,41,27,14
108000151,0,33,-33
108000152,47,5,42
108000153,272,12,260
108000154,28,2,26
108000155,36,30,6
108000156,226,40,186
108000157,13,547,-534
108000158,29,161,-132
108000159,143,39,104
108000160,824,523,301
108000161,565,724,-159
108000165,2,74,-72
108000172,0,58,-58
108000173,648,492,156
108000175,282,23,259
108000178,162,202,-40
108000179,100,476,-376
108000181,17,4,13
108000182,89,12,77
108000183,0,23,-23
108000184,100,995,-895
108000185,0,3,-3
108000186,51,0,51
108000187,1,23,-22
108000188,148,0,148
108000189,213,3286,-3073
108000190,0,0,0
108000192,115,98,17
108000193,4,156,-152
108000194,15,0,15
108000195,0,4,-4
108000196,119,22,97
108000198,199,49,150
108000199,0,0,0
108000200,171,0,171
108000203,0,20,-20
108000204,35,14,21
108000205,31,7,24
108000339,514,323,191
108000364,66,146,-80
108000365,33,26,7
108000367,36,9,27
108000368,0,0,0
108000369,72,12,60
108000371,0,117,-117
108000372,249,3,246
108000373,70,21,49
108000376,62,9,53
108000377,356,120,236
108000378,5583,5063,520
108000379,0,0,0
108000381,87,5,82
108000382,63,0,63
108000383,0,23,-23
108900001,1,22,-21
108900002,39,5,34
108900003,0,20,-20
108900004,331,119,212
108900007,97,102,-5
108900008,53,42,11
108900009,53,48,5
108900010,92,44,48
108900011,406,31,375
108900012,153,63,90
108900013,107,34,73
108900014,1,5,-4
108900015,0,0,0
108900016,0,0,0
108900017,26,28,-2
108900018,19,40,-21
108900019,2,14,-12
108900020,36,9,27
108900021,19,61,-42
108900022,36,0,36
108900023,1,2,-1
108900024,2,11,-9
108900025,63,2,61
108900026,0,0,0
108900027,0,6,-6
108900028,2,36,-34
108900029,0,17,-17
108900030,0,0,0
108900031,26,21,5
108900032,0,0,0
108900033,0,17,-17
108900034,0,11,-11
108900035,43,80,-37
108900038,0,17,-17
108900039,0,8,-8
108900040,3,13,-10
108900041,733,628,105
108900042,1,20,-19
108900043,0,0,0
108900044,0,29,-29
108900045,43,73,-30
108900046,0,55,-55
108900047,0,6,-6
108900048,19,15,4
108900049,70,234,-164
108900050,3,57,-54
108900051,0,5,-5
108900052,0,8,-8
108900053,6,33,-27
108900054,0,0,0
108900055,2,14,-12
108900056,0,14,-14
108900057,0,23,-23
108900058,2,20,-18
108900059,102,24,78
108900060,5,47,-42
108900061,0,1,-1
108900062,0,6,-6
108900063,1,4,-3
108900064,5,11,-6
108900065,1,9,-8
108900066,128,6,122
108900067,0,11,-11
108900068,0,12,-12
108900069,62,5,57
108900070,14,4,10
108900071,33,4,29
108900072,152,63,89
108900073,2,5,-3
108900074,50,9,41
108900075,32,7,25
108900076,144,19,125
108900077,5,20,-15
108900078,25,11,14
108900079,77,7,70
108900080,21,64,-43
108900081,4,30,-26
108900082,21,9,12
108900083,0,27,-27
108900085,68,2,66
108900086,6,14,-8
108900087,29,31,-2
108900088,152,34,118
108900089,0,29,-29
108900090,44,10,34
108900091,6,12,-6
108900092,100,33,67
108900093,6,17,-11
108900094,49,12,37
108900095,1,18,-17
108900096,16,0,16
108900097,21,3,18
108900098,281,214,67
108900099,76,13,63
108900100,31,19,12
108900101,27,29,-2
108900102,0,228,-228
108900103,22,17,5
108900105,0,550,-550
108900106,103,22,81
108900108,34,1,33
108900109,99,4,95
108900110,45,26,19
108900111,154,31,123
108900113,6,21,-15
108900114,29,1,28
108900115,35,1,34
108900116,6,0,6
108900117,53,1,52
108900118,116,5,111
108900119,182,5,177
108900120,78,33,45
108900121,39,4,35
108900122,43,2,41
108900123,35,3,32
108900124,40,6,34
108900125,116,1,115
108900126,31,6,25
108900127,81,7,74
108900128,125,10,115
108900129,92,2,90
108900130,71,1,70
108900131,235,9,226
108900132,75,0,75
108900133,92,2,90
108900134,301,6,295
108900135,118,1,117
108900136,26,9,17
108900137,67,2,65
108900138,244,5,239
108900140,289,8,281
108900141,197,1,196
108900142,12,2,10
108900143,5,0,5
108900144,50,0,50
108900145,65,9,56
108900146,9,0,9
108900147,154,1,153
108900148,4,1,3
108900150,19,0,19
108900151,4,0,4
108900152,83,0,83
108900153,169,19,150
108900154,1442,116,1326
108900156,59,0,59
108900157,0,13,-13
108900158,100,0,100
108900159,0,25,-25
108900160,0,33,-33
108900161,0,14,-14
108900162,8,0,8
108900163,0,145,-145
108900164,32,7,25
108900168,525,583,-58
108900169,2,14,-12
108900171,119,894,-775
108900172,50,7,43
108900173,16,25,-9
108900174,435,41,394
108900176,16,2,14
108900177,177,611,-434
108900178,257,780,-523
108900180,12,62,-50
108900183,23,27,-4
108900184,121,13,108
108900185,2,58,-56
108900186,18,47,-29
108900189,68,6,62
108900190,0,44,-44
108900192,3,44,-41
108900195,13,16,-3
108900196,4,9,-5
108900199,48,44,4
108900200,141,94,47
108900201,22,136,-114
108900203,174,19,155
108900204,90,1,89
108900205,112,6,106
108900206,30,2,28
108900207,35,31,4
108900208,0,23,-23
108900209,12,30,-18
108900210,0,1,-1
108900211,1,22,-21
108900212,5,123,-118
108900215,0,4,-4
108900216,49,35,14
108900217,1,0,1
108900218,7,1,6
108900221,0,0,0
108900224,0,0,0
108900225,0,0,0
108900227,35,57,-22
108900230,16,12,4
108900232,0,17,-17
108900233,123,3,120
108900234,57,7,50
108900235,0,0,0
108900236,0,0,0
108900240,7,6,1
108900241,0,2,-2
108900245,1,94,-93
108900250,29,0,29
108900258,7,6,1
108900259,0,0,0
108900260,0,0,0
108900261,3,7,-4
108900262,7,0,7
108900263,4,15,-11
108900264,4,5,-1
108900265,28,107,-79
108900266,29,239,-210
108900267,0,68,-68
108900268,19,1,18
108900269,5,1,4
108900270,9,0,9
108900271,0,1,-1
108900272,48,4,44
108900273,18,103,-85
108900274,0,0,0
109000001,598,1894,-1296
109000002,0,185,-185
109000003,1056,197,859
109000004,1,99,-98
109000005,1020,271,749
109000006,1,82,-81
109000007,899,295,604
109000008,8,55,-47
109000009,1462,514,948
109000010,3,136,-133
109000011,1909,670,1239
109000012,35,190,-155
109000013,2655,1359,1296
109000014,67,225,-158
109000015,2403,3600,-1197
109000016,109,208,-99
109000017,1594,335,1259
109000018,30,212,-182
109000019,1208,654,554
109000020,10,37,-27
109000023,50,7,43
109000024,0,30,-30
109000025,58,120,-62
109000026,291,211,80
109000027,14,105,-91
109000028,81,12,69
109000029,24,83,-59
109000030,0,0,0
109000031,229,21,208
109000032,0,4,-4
109000033,200,32,168
109000034,0,0,0
109000035,2,0,2
109000036,10,72,-62
109000037,67,713,-646
109000038,63,51,12
109000039,157,354,-197
109000040,259,3028,-2769
109000041,161,644,-483
109000042,141,325,-184
109000044,191,6,185
109000045,22,0,22
109000046,128,5,123
109000047,2,3,-1
109000048,270,19,251
109000049,16,3,13
109000050,117,56,61
109000051,9,43,-34
109000052,85,76,9
109000053,272,47,225
109000054,11,27,-16
109000055,7,80,-73
109000056,49,8,41
109000057,49,219,-170
109000058,80,15,65
109000059,1,271,-270
109000060,122,105,17
109000061,14,1033,-1019
109000062,53,99,-46
109000063,8,16,-8
109000064,105,36,69
109000065,0,15,-15
109000066,88,4,84
109000067,0,39,-39
109000068,178,26,152
109000069,133,2,131
109000070,0,7,-7
109000071,83,24,59
109000072,35,279,-244
109000073,15,49,-34
109000074,8,127,-119
109000075,73,1,72
109000076,23,117,-94
109000077,45,95,-50
109000078,23,50,-27
109000079,32,30,2
109000080,85,5,80
109000081,31,60,-29
109000082,268,9,259
109000083,89,65,24
109000088,71,45,26
109000089,184,11,173
109000090,98,37,61
109000091,185,20,165
109000092,132,154,-22
109000093,165,38,127
109000094,311,2,309
109000095,5,51,-46
109000096,476,24,452
109000097,0,38,-38
109000098,55,36,19
109000099,315,9,306
109000100,28,91,-63
109000101,816,175,641
109000102,122,50,72
109000103,186,124,62
109000104,1085,138,947
109000105,55,125,-70
109000106,728,144,584
109000107,80,127,-47
109000108,881,206,675
109000109,85,71,14
109000110,444,314,130
109000111,144,181,-37
109000112,17,31,-14
109000113,117,20,97
109000114,138,135,3
109000115,260,21,239
109000116,1,83,-82
109000117,95,1,94
109000118,0,82,-82
109000119,708,1,707
109000120,30,44,-14
109000121,334,2,332
109000122,4,37,-33
109000123,6,14,-8
109000124,286,70,216
109000125,601,42,559
109000126,28,18,10
109000127,707,53,654
109000128,30,23,7
109000129,1062,94,968
109000130,18,49,-31
109000131,429,258,171
109000132,84,144,-60
109000133,18,75,-57
109000134,37,63,-26
109000135,36,43,-7
109000136,151,123,28
109000137,307,52,255
109000138,143,68,75
109000139,207,25,182
109000140,82,87,-5
109000141,114,45,69
109000142,3,46,-43
109000143,17,13,4
109000145,20,103,-83
109000146,58,180,-122
109000148,0,0,0
109000149,3,131,-128
109000150,45,120,-75
109000155,167,302,-135
109000156,206,19,187
109000158,8,195,-187
109000159,5,137,-132
109000160,419,75,344
109000161,231,156,75
109000162,565,140,425
109000163,534,96,438
109000164,750,464,286
109000165,463,232,231
109000166,370,42,328
109000167,113,85,28
109000170,4,9,-5
109000171,24,7,17
109000172,0,1,-1
109000173,0,8,-8
109000174,7,1,6
109000175,48,14,34
109000176,129,69,60
109000177,5,9,-4
109000178,178,48,130
109000179,390,665,-275
109000180,678,252,426
109000181,16,22,-6
109000182,45,22,23
109000183,18,5,13
109000184,35,63,-28
109000185,20,20,0
109000188,156,190,-34
109000189,480,54,426
109000190,77,85,-8
109000191,175,107,68
109000192,191,31,160
109000193,68,12,56
109000194,47,4,43
109000195,8,10,-2
109000196,76,9,67
109000197,87,8,79
109000198,154,4,150
109000199,23,11,12
109000206,77,6,71
109000207,49,5,44
109000208,79,51,28
109000209,30,19,11
109000210,1,9,-8
109000211,215,204,11
109000214,157,164,-7
109000215,90,13,77
109000216,133,127,6
109000217,1,2,-1
109000218,5,10,-5
109000221,11,84,-73
109000222,314,53,261
109000223,84,115,-31
109000224,140,22,118
109000225,58,21,37
109000226,71,49,22
109000227,479,93,386
109000228,0,0,0
109000231,1,29,-28
109000232,280,22,258
109000236,3,9,-6
109000241,554,204,350
109000242,372,117,255
109000293,8,29,-21
109000361,57,24,33
109000364,12,13,-1
109000396,0,48,-48
109000397,396,0,396
109000399,61,117,-56
109000400,43,42,1
109000403,0,501,-501
109000406,80,0,80
109000407,26,59,-33
109000408,0,29,-29
109000410,0,0,0
109000411,117,6,111
109900001,20,0,20
109900002,195,0,195
109900003,131,0,131
109900004,40,2,38
109900005,2,0,2
109900006,168,14,154
109900007,223,1,222
109900008,0,0,0
109900009,0,3,-3
109900010,0,0,0
109900011,1,38,-37
109900012,8,7,1
109900013,47,20,27
109900014,17,2,15
109900015,26,5,21
109900016,24,1,23
109900017,39,19,20
109900018,2,1,1
109900019,3,0,3
109900020,27,1,26
109900021,1,0,1
109900022,121,4,117
109900023,8,0,8
109900024,0,0,0
109900025,1,1,0
109900026,0,20,-20
109900027,15,0,15
109900028,22,144,-122
109900029,0,0,0
109900030,0,1,-1
109900031,0,11,-11
109900032,0,0,0
109900033,0,13,-13
109900034,0,1,-1
109900035,2,7,-5
109900036,0,0,0
109900037,0,0,0
109900038,0,1,-1
109900039,22,11,11
109900040,0,0,0
109900041,3,3,0
109900042,0,0,0
109900044,16,1,15
109900045,21,6,15
109900046,29,7,22
109900047,3,36,-33
109900048,1,1,0
109900049,0,1,-1
109900050,0,1,-1
109900051,0,4,-4
109900052,1,2,-1
109900053,0,6,-6
109900054,290,5,285
109900055,29,10,19
109900056,0,0,0
109900057,0,2,-2
109900058,0,0,0
109900059,388,5,383
109900060,132,5,127
109900061,2,2,0
109900062,0,0,0
109900063,0,27,-27
109900064,92,19,73
109900065,2,13,-11
109900066,0,18,-18
109900067,0,0,0
109900068,43,4,39
109900069,0,0,0
109900070,8,11,-3
109900071,1,1,0
109900072,1,13,-12
109900073,95,3,92
109900074,0,8,-8
109900075,0,0,0
109900076,1,5,-4
109900077,1,49,-48
109900078,2,16,-14
109900080,10,9,1
109900081,0,12,-12
109900082,0,8,-8
109900083,0,1,-1
109900084,0,0,0
109900085,2,54,-52
109900086,5,102,-97
109900087,12,11,1
109900089,44,1,43
109900090,37,62,-25
109900091,147,3,144
109900092,0,0,0
109900093,45,0,45
109900094,0,0,0
109900095,3,17,-14
109900096,9,0,9
109900097,45,1,44
109900098,92,2,90
109900099,197,0,197
109900100,0,0,0
109900101,254,0,254
109900102,0,0,0
109900103,6,0,6
109900104,354,22,332
109900105,0,0,0
109900106,0,0,0
109900107,0,0,0
109900108,0,0,0
109900109,0,0,0
109900110,2,0,2
109900111,21,6,15
109900112,4,5,-1
109900113,211,74,137
109900114,88,41,47
109900115,14,8,6
109900117,360,10,350
109900118,12,10,2
109900119,24,23,1
109900120,8,9,-1
109900121,20,2,18
109900122,172,0,172
109900123,0,0,0
109900124,0,1,-1
109900125,0,14,-14
109900126,73,1,72
109900128,105,2,103
109900130,207,330,-123
109900131,0,10,-10
109900132,0,10,-10
109900133,9,12,-3
109900134,0,0,0
109900135,0,0,0
109900136,0,0,0
109900137,20,5,15
109900140,11,4,7
109900142,187,3,184
109900145,0,73,-73
109900146,3,2,1
109900148,22,22,0
109900149,1,5,-4
109900150,0,4,-4
109900151,0,2,-2
109900152,0,2,-2
109900153,0,17,-17
109900154,2,5,-3
109900155,6,0,6
109900157,3,28,-25
109900158,0,4,-4
109900159,31,8,23
109900160,9,4,5
109900161,64,8,56
109900162,41,8,33
109900163,94,44,50
109900164,36,97,-61
109900165,30,0,30
109900166,6,44,-38
109900167,12,55,-43
109900168,52,42,10
109900169,0,0,0
109900170,5,193,-188
109900171,23,15,8
109900172,13,33,-20
109900173,58,220,-162
109900174,1,4,-3
109900175,0,0,0
109900176,0,0,0
109900177,0,0,0
109900178,0,0,0
109900179,0,0,0
109900180,11,0,11
110000001,85,107,-22
110000002,253,646,-393
110000003,110,199,-89
110000004,367,612,-245
110000005,204,765,-561
110000006,82,350,-268
110000007,25,6,19
110000008,21,7,14
110000009,0,12,-12
110000010,20,16,4
110000011,0,8,-8
110000012,70,97,-27
110000013,23,198,-175
110000014,190,74,116
110000015,45,203,-158
110000016,208,560,-352
110000017,890,243,647
110000018,157,85,72
110000019,15,6,9
110000020,107,20,87
110000021,36,49,-13
110000022,156,9,147
110000023,2,19,-17
110000024,36,42,-6
110000025,366,0,366
110000026,9,69,-60
110000027,102,239,-137
110000028,443,158,285
110000029,19,108,-89
110000030,78,215,-137
110000031,27,37,-10
110000032,246,128,118
110000033,28,24,4
110000034,112,166,-54
110000035,103,145,-42
110000036,235,209,26
110000037,21,139,-118
110000038,64,158,-94
110000039,364,1022,-658
110000040,91,63,28
110000041,215,916,-701
110000042,42,105,-63
110000043,229,165,64
110000044,4,23,-19
110000045,8,59,-51
110000046,0,9,-9
110000047,0,24,-24
110000048,3,1,2
110000049,2,7,-5
110000050,1,7,-6
110000051,0,9,-9
110000052,44,49,-5
110000053,2,6,-4
110000054,39,58,-19
110000055,33,70,-37
110000056,53,54,-1
110000057,72,50,22
110000058,288,256,32
110000059,46,104,-58
110000060,669,309,360
110000061,117,149,-32
110000062,606,239,367
110000063,57,40,17
110000064,33,2,31
110000065,45,41,4
110000066,18,5,13
110000067,43,8,35
110000068,25,17,8
110000069,171,10,161
110000071,172,1,171
110000073,1,0,1
110000075,9,2,7
110000076,127,54,73
110000077,66,121,-55
110000078,65,0,65
110000080,38,88,-50
110000081,16,50,-34
110000082,4,121,-117
110000083,82,115,-33
110000084,402,525,-123
110000085,583,275,308
110000086,437,647,-210
110000087,15,11,4
110000088,19,22,-3
110000089,66,13,53
110000090,5,4,1
110000091,29,18,11
110000092,0,0,0
110000093,35,13,22
110000094,189,21,168
110000095,60,234,-174
110000096,248,295,-47
110000097,370,592,-222
110000098,641,168,473
110000099,233,216,17
110000100,314,8,306
110000101,0,15,-15
110000102,25,3,22
110000104,137,54,83
110000105,32,49,-17
110000106,78,195,-117
110000107,17,71,-54
110000108,43,96,-53
110000109,3,18,-15
110000110,1023,1291,-268
110000111,868,972,-104
110000112,76,138,-62
110000113,30,380,-350
110000114,45,208,-163
110000115,128,49,79
110000116,34,6,28
110000117,98,37,61
110000118,172,11,161
110000119,61,21,40
110000120,115,41,74
110000121,18,80,-62
110000122,99,131,-32
110000123,318,288,30
110000124,0,172,-172
110000125,265,0,265
110000126,58,0,58
110000127,300,2,298
110000128,0,93,-93
110000129,0,19,-19
110000130,154,26,128
110000131,13,25,-12
110000132,1,62,-61
110000133,1,72,-71
110000134,0,33,-33
110000135,93,1,92
110000136,2,11,-9
110000137,307,10,297
110000138,75,47,28
110000139,538,29,509
110000140,551,107,444
110000143,160,58,102
110000144,981,332,649
110000145,321,159,162
110000146,464,117,347
110000147,10,288,-278
110000148,162,16,146
110000151,106,159,-53
110000152,96,619,-523
110000153,0,0,0
110000154,0,0,0
110000155,378,358,20
110000156,75,290,-215
110000157,114,403,-289
110000160,198,66,132
110000161,38,60,-22
110000166,212,6,206
110000167,557,243,314
110000168,336,237,99
110000169,301,122,179
110000170,31,42,-11
110000171,221,23,198
110000172,51,113,-62
110000173,177,215,-38
110000174,33,36,-3
110000175,247,16,231
110000176,43,294,-251
110000177,51,378,-327
110000178,163,770,-607
110000179,225,115,110
110000180,29,73,-44
110000181,127,58,69
110000182,83,10,73
110000183,1871,2330,-459
110000184,99,993,-894
110000185,95,182,-87
110000186,51,149,-98
110000191,676,89,587
110000192,234,1,233
110000193,585,6,579
110000194,2,84,-82
110000195,205,3,202
110000196,162,9,153
110000197,19,14,5
110000198,24,4,20
110000199,10,24,-14
110000200,223,38,185
110000201,207,371,-164
110000202,425,173,252
110000203,46,31,15
110000204,1,12,-11
110000205,120,3,117
110000206,49,40,9
110000207,606,13,593
110000208,20,81,-61
110000209,5,54,-49
110000210,835,117,718
110000211,435,162,273
110000212,116,392,-276
110000213,70,7,63
110000214,32,16,16
110000215,1,47,-46
110000216,10,67,-57
110000217,233,14,219
110000218,26,35,-9
110000219,108,15,93
110000220,0,15,-15
110000221,192,3,189
110000222,15,54,-39
110000223,7,6,1
110000224,0,0,0
110000225,46,117,-71
110000226,38,11,27
110000227,6,124,-118
110000228,68,17,51
110000229,0,10,-10
110000230,236,196,40
110000231,93,46,47
110000232,42,49,-7
110000233,102,60,42
110000234,124,132,-8
110000235,259,250,9
110000236,0,0,0
110000237,283,101,182
110000238,450,200,250
110000239,313,115,198
110000240,0,0,0
110000242,0,0,0
110000243,65,1,64
110000244,3,25,-22
110000245,3,70,-67
110000246,259,71,188
110000247,149,287,-138
110000248,133,144,-11
110000249,35,0,35
110000250,1,22,-21
110000251,41,87,-46
110000252,120,10,110
110000253,398,105,293
110000254,142,57,85
110000255,22,34,-12
110000256,115,67,48
110000257,74,5,69
110000258,1,43,-42
110000259,24,1,23
110000260,21,43,-22
110000263,113,11,102
110000264,216,117,99
110000265,754,332,422
110000266,460,429,31
110000267,0,0,0
110000268,26,2,24
110000269,0,0,0
110000270,23,1,22
110000271,240,4,236
110000272,194,147,47
110000273,111,206,-95
110000274,78,495,-417
110000275,124,38,86
110000276,77,167,-90
110000277,131,25,106
110000278,106,137,-31
110000279,474,86,388
110000280,241,62,179
110000281,45,9,36
110000282,8,0,8
110000283,1,14,-13
110000284,1,0,1
110000285,0,10,-10
110000286,2,0,2
110000287,18,0,18
110000288,0,0,0
110000289,133,993,-860
110000290,62,85,-23
110000291,257,197,60
110000292,236,1416,-1180
110000293,279,133,146
110000294,624,251,373
110000295,18,76,-58
110000296,289,45,244
110000297,491,8,483
110000298,4,27,-23
110000299,17,9,8
110000301,279,4,275
110000302,92,76,16
110000303,235,2,233
110000304,10,13,-3
110000305,480,2,478
110000306,0,64,-64
110000307,446,0,446
110000308,262,1,261
110000309,0,87,-87
110000310,361,14,347
110000311,1,87,-86
110000312,174,8,166
110000313,376,86,290
110000314,0,35,-35
110000315,286,410,-124
110000316,14,186,-172
110000317,8,13,-5
110000318,0,15,-15
110000319,0,4,-4
110000320,0,1,-1
110000321,5,10,-5
110000322,23,46,-23
110000323,169,85,84
110000324,166,37,129
110000325,943,940,3
110000327,168,18,150
110000328,2,19,-17
110000333,251,340,-89
110000334,23,93,-70
110000335,85,95,-10
110000336,32,59,-27
110000337,807,78,729
110000338,144,61,83
110000339,187,21,166
110000340,0,9,-9
110000341,187,4,183
110000342,9,0,9
110000343,0,0,0
110000344,0,8,-8
110000345,24,25,-1
110000346,947,394,553
110000347,819,225,594
110000348,1,7,-6
110000349,7,0,7
110000350,26,0,26
110000351,457,151,306
110000352,152,421,-269
110000353,946,126,820
110000354,147,798,-651
110000355,4,0,4
110000356,141,2,139
110000357,203,1,202
110000361,0,0,0
110000362,0,0,0
110000363,180,22,158
110000364,89,81,8
110000365,39,0,39
110000366,1,15,-14
110000367,45,19,26
110000368,0,5,-5
110000369,35,0,35
110000373,0,39,-39
110000374,1,14,-13
110000375,35,101,-66
110000376,23,34,-11
110000377,11,171,-160
110000378,1,81,-80
110000379,762,994,-232
110000380,130,5,125
110000383,0,51,-51
110000384,241,11,230
110000385,0,6,-6
110000387,20,0,20
110000388,6,36,-30
110000389,470,1,469
110000391,333,29,304
110000396,46,30,16
110000397,52,12,40
110000398,0,6,-6
110000399,60,0,60
110000587,70,1,69
110000589,75,12,63
110000640,86,10,76
110000652,0,28,-28
110000653,28,25,3
110000654,0,0,0
110000656,0,0,0
110000674,0,0,0
110000675,0,0,0
110000676,0,0,0
110000679,37,24,13
110000682,53,62,-9
110000683,104,107,-3
110000684,0,0,0
110000685,0,2,-2
110000686,0,0,0
110000687,1,0,1
110000688,2,131,-129
110000689,22,2,20
110000692,2,25,-23
110000693,1,89,-88
110000694,0,1,-1
110000695,3,25,-22
110000696,40,12,28
110900001,18,0,18
110900002,26,0,26
110900003,262,6,256
110900004,118,1,117
110900005,0,0,0
110900006,18,0,18
110900007,18,7,11
110900008,0,0,0
110900009,2,99,-97
110900010,0,0,0
110900011,0,0,0
110900012,0,0,0
110900013,188,12,176
110900014,6,0,6
110900015,21,216,-195
110900016,0,0,0
110900017,107,1,106
110900018,13,1,12
110900019,2,0,2
110900020,0,0,0
110900021,0,2,-2
110900022,0,0,0
110900023,0,35,-35
110900024,0,0,0
110900025,0,0,0
110900027,0,0,0
110900028,0,0,0
110900029,0,0,0
110900030,0,0,0
110900031,0,0,0
110900032,0,0,0
110900033,0,2,-2
110900035,0,0,0
110900036,26,1,25
110900037,9,0,9
110900038,0,0,0
110900039,0,0,0
110900040,41,1,40
110900041,0,0,0
110900042,0,0,0
110900043,0,0,0
110900044,0,0,0
110900045,0,0,0
110900046,0,0,0
110900047,0,0,0
110900049,18,8,10
110900050,2,0,2
110900051,0,0,0
110900052,0,0,0
110900053,0,0,0
110900054,0,6,-6
110900055,2,0,2
110900056,0,0,0
110900057,0,0,0
110900058,0,0,0
110900059,2,2,0
110900060,23,1,22
110900061,0,0,0
110900062,0,0,0
110900063,0,8,-8
110900064,5,0,5
110900065,13,28,-15
110900066,0,11,-11
110900067,0,0,0
110900068,0,0,0
110900069,0,1,-1
110900070,0,0,0
110900071,0,0,0
110900073,0,2,-2
110900074,87,1,86
110900075,36,0,36
110900077,111,34,77
110900078,0,0,0
110900079,221,219,2
110900080,53,4,49
110900081,0,0,0
110900082,26,23,3
110900083,1,2,-1
110900084,0,0,0
110900085,1,12,-11
110900086,0,20,-20
110900087,39,17,22
110900088,1,0,1
110900090,0,0,0
110900091,0,0,0
110900093,2,0,2
110900095,2,4,-2
110900097,2,1,1
110900098,0,2,-2
110900099,4,36,-32
110900100,0,2,-2
110900102,11,11,0
110900105,21,5,16
110900108,6,1,5
110900111,3,2,1
110900112,161,3,158
110900113,7,0,7
110900115,0,2,-2
110900116,174,62,112
110900118,2,255,-253
110900119,56,1,55
110900120,0,0,0
110900121,3,0,3
110900122,21,2,19
110900125,86,75,11
110900127,0,0,0
110900128,26,41,-15
110900129,2,99,-97
110900130,5,111,-106
110900131,17,3,14
110900132,47,2,45
110900133,1,0,1
110900135,1,2,-1
110900136,13,0,13
110900138,0,0,0
110900139,0,0,0
110900140,0,0,0
110900141,17,9,8
110900142,0,0,0
110900143,47,5,42
110900144,0,0,0
110900145,18,10,8
110900146,54,22,32
110900147,0,0,0
110900148,0,0,0
110900149,0,0,0
110900150,2,14,-12
110900151,0,16,-16
110900152,4,11,-7
110900153,66,0,66
111000001,375,269,106
111000002,78,4,74
111000003,682,423,259
111000004,1,12,-11
111000005,441,653,-212
111000006,33,17,16
111000007,1054,1202,-148
111000008,93,70,23
111000009,33,108,-75
111000010,405,253,152
111000011,12,321,-309
111000012,74,172,-98
111000013,59,419,-360
111000014,497,166,331
111000017,0,67,-67
111000018,3,10,-7
111000020,34,140,-106
111000021,61,33,28
111000023,13,45,-32
111000025,218,282,-64
111000029,11,3,8
111000030,5,1,4
111000031,835,269,566
111000032,295,75,220
111000033,61,35,26
111000034,6,73,-67
111000037,203,413,-210
111000038,453,328,125
111000039,426,406,20
111000040,327,317,10
111000041,100,161,-61
111000042,231,646,-415
111000043,795,907,-112
111000044,604,87,517
111000045,1202,579,623
111000046,643,394,249
111000047,988,1802,-814
111000049,12,12,0
111000050,124,60,64
111000051,62,55,7
111000052,57,49,8
111000053,62,29,33
111000054,43,47,-4
111000055,213,195,18
111000056,41,30,11
111000057,21,27,-6
111000058,223,22,201
111000059,151,42,109
111000060,2249,248,2001
111000061,260,60,200
111000062,529,58,471
111000063,598,256,342
111000064,465,145,320
111000065,784,161,623
111000066,285,46,239
111000067,141,53,88
111000068,68,23,45
111000069,134,133,1
111000070,106,58,48
111000071,6,33,-27
111000072,508,264,244
111000073,141,466,-325
111000074,767,427,340
111000075,245,66,179
111000076,529,117,412
111000077,611,190,421
111000078,371,117,254
111000079,238,74,164
111000080,131,103,28
111000081,255,916,-661
111000082,232,76,156
111000084,174,231,-57
111000085,348,417,-69
111000086,425,309,116
111000087,515,167,348
111000088,490,340,150
111000089,263,181,82
111000090,164,197,-33
111000091,191,85,106
111000092,610,247,363
111000093,258,249,9
111000094,491,223,268
111000095,249,716,-467
111000096,383,2358,-1975
111000097,111,154,-43
111000098,63,96,-33
111000099,58,202,-144
111000100,43,118,-75
111000101,57,125,-68
111000102,2,49,-47
111000104,248,30,218
111000107,0,39,-39
111000109,216,12,204
111000110,307,105,202
111000111,1325,51,1274
111000112,878,37,841
111000113,351,744,-393
111000114,274,960,-686
111000115,990,202,788
111000116,210,63,147
111000117,84,92,-8
111000118,202,53,149
111000119,483,54,429
111000120,181,106,75
111000121,109,102,7
111000122,128,147,-19
111000123,260,311,-51
111000124,110,315,-205
111000125,47,97,-50
111000126,31,54,-23
111000127,379,9,370
111000128,939,27,912
111000129,1229,105,1124
111000130,1518,145,1373
111000131,1252,71,1181
111000132,811,395,416
111000133,68,4,64
111000134,44,15,29
111000135,3,62,-59
111000136,301,66,235
111000138,0,2,-2
111000140,0,0,0
111000141,21,10,11
111000142,0,5,-5
111000143,0,1,-1
111000144,0,27,-27
111000145,53,24,29
111000146,68,0,68
111000147,45,1,44
111000148,23,6,17
111000149,0,60,-60
111000150,1,1,0
111000151,3,11,-8
111000153,107,34,73
111000154,32,36,-4
111000155,85,20,65
111000156,204,91,113
111000157,27,155,-128
111000158,354,314,40
111000159,596,394,202
111000160,198,24,174
111000161,0,93,-93
111000162,0,7,-7
111000163,40,45,-5
111000164,19,254,-235
111000165,111,43,68
111000166,35,12,23
111000167,3,21,-18
111000168,71,32,39
111000169,96,17,79
111000170,54,42,12
111000171,106,15,91
111000172,63,86,-23
111000173,96,187,-91
111000174,36,9,27
111000175,30,25,5
111000176,155,37,118
111000177,337,70,267
111000178,684,109,575
111000179,266,24,242
111000180,75,106,-31
111000181,299,56,243
111000182,54,12,42
111000183,82,47,35
111000184,206,22,184
111000185,92,29,63
111000186,53,4,49
111000187,77,13,64
111000188,150,43,107
111000189,29,50,-21
111000190,16,6,10
111000191,9,16,-7
111000192,34,27,7
111000193,39,6,33
111000194,2,7,-5
111000195,6,46,-40
111000196,1,22,-21
111000197,266,10,256
111000198,204,2,202
111000199,110,30,80
111000200,367,174,193
111000201,239,35,204
111000202,184,27,157
111000203,209,33,176
111000204,93,398,-305
111000213,120,131,-11
111000214,337,122,215
111000215,294,141,153
111000217,688,99,589
111000218,487,184,303
111000219,80,16,64
111000220,286,7,279
111000221,70,7,63
111000224,0,13,-13
111000225,336,326,10
111000226,27,1,26
111000227,1,2,-1
111000228,0,364,-364
111000229,4,494,-490
111000230,31,39,-8
111000231,282,60,222
111000232,253,126,127
111000233,297,43,254
111000234,23,96,-73
111000239,0,0,0
111000240,8,63,-55
111000241,0,0,0
111000242,19,25,-6
111000243,0,0,0
111000244,266,21,245
111000245,312,47,265
111000246,187,40,147
111000247,172,78,94
111000248,340,50,290
111000249,164,32,132
111000250,39,8,31
111000251,74,31,43
111000253,0,1,-1
111000255,10,1,9
111000257,23,1,22
111000260,0,40,-40
111000261,374,4,370
111000271,0,29,-29
111000273,383,352,31
111000274,400,345,55
111000275,29,2,27
111000276,47,173,-126
111000277,73,39,34
111000278,164,21,143
111000291,462,3274,-2812
111000298,132,77,55
111000299,79,22,57
111000300,16,35,-19
111000302,98,35,63
111000303,130,12,118
111000312,26,8,18
111000315,0,12,-12
111000320,82,66,16
111000321,262,50,212
111000322,122,55,67
111000323,94,17,77
111000324,98,46,52
111000325,0,15,-15
111000326,51,37,14
111000327,151,107,44
111000328,110,99,11
111000329,0,29,-29
111000330,12,3,9
111000331,10,4,6
111000332,164,117,47
111000334,26,90,-64
111000335,271,5,266
111000337,479,11,468
111000338,8,3,5
111000339,162,1,161
111000340,2,56,-54
111000341,474,83,391
111000342,0,17,-17
111000344,445,94,351
111000345,11,2,9
111000346,0,3,-3
111000347,68,0,68
111000350,33,120,-87
111000351,6,127,-121
111000352,52,9,43
111000353,4,64,-60
111000354,90,30,60
111000355,21,53,-32
111000358,42,54,-12
111000360,78,8,70
111000361,22,4,18
111000546,64,1,63
111000547,146,37,109
111000548,2,4,-2
111000549,41,5,36
111000550,1,45,-44
111000551,18,23,-5
111000552,40,3,37
111000907,407,4,403
111000908,8,0,8
111000916,421,4,417
111000917,0,2,-2
111000918,30,34,-4
111000920,89,2,87
111000921,0,15,-15
111000922,93,0,93
111000924,1,79,-78
111000925,1947,618,1329
111000926,465,281,184
111000927,1088,1368,-280
111000928,564,445,119
111000929,1115,203,912
111000930,214,467,-253
111000931,1141,404,737
111000932,614,527,87
111000933,1637,990,647
111000934,331,392,-61
111000935,942,234,708
111000936,236,280,-44
111000937,548,415,133
111000938,351,262,89
111000939,377,3,374
111000940,238,17,221
111000941,117,26,91
111000943,280,60,220
111000944,55,30,25
111000945,203,3,200
111001109,156,140,16
111001110,47,1,46
111001111,7,7,0
111001112,163,10,153
111001113,0,25,-25
111001114,70,35,35
111001115,0,0,0
111001116,340,1698,-1358
111001117,25,93,-68
111001120,17,19,-2
111001121,3,15,-12
111001122,39,24,15
111001123,115,35,80
111001124,24,15,9
111001125,0,226,-226
111001126,3,2,1
111900001,0,0,0
111900002,0,12,-12
111900003,0,18,-18
111900004,0,11,-11
111900006,0,0,0
111900007,0,0,0
111900008,0,0,0
111900009,24,4,20
111900010,2,2,0
111900012,2,0,2
111900013,0,10,-10
111900014,253,1146,-893
111900015,0,7,-7
111900016,0,4,-4
111900017,0,1,-1
111900018,32,0,32
111900019,0,13,-13
111900020,0,2,-2
111900021,1,2,-1
111900022,0,2,-2
111900023,54,11,43
111900024,16,3,13
111900025,0,5,-5
111900026,0,6,-6
111900027,0,0,0
111900028,0,0,0
111900029,0,0,0
111900030,0,0,0
111900031,2,0,2
111900032,0,0,0
111900033,0,0,0
111900034,0,0,0
111900035,0,0,0
111900036,0,0,0
111900038,0,0,0
111900039,0,0,0
111900040,0,0,0
111900042,0,0,0
111900043,0,0,0
111900044,0,0,0
111900046,0,0,0
111900048,106,49,57
111900049,0,0,0
111900050,0,0,0
111900051,1,9,-8
111900052,0,0,0
111900053,45,424,-379
111900054,0,0,0
111900055,3,29,-26
111900056,10,41,-31
111900057,51,7,44
111900058,234,2,232
111900059,55,89,-34
111900060,0,0,0
111900061,1,12,-11
111900062,38,10,28
111900063,118,1,117
111900064,4,26,-22
111900065,51,3,48
111900066,1,0,1
111900067,0,0,0
111900068,10,20,-10
111900069,13,2,11
111900070,35,0,35
111900071,0,0,0
111900072,30,8,22
111900073,55,13,42
111900074,0,0,0
111900075,46,1,45
111900076,7,2,5
111900077,38,1,37
111900078,39,0,39
111900079,49,5,44
111900080,0,0,0
111900082,171,18,153
111900083,24,0,24
111900084,66,3,63
111900085,0,0,0
111900086,160,6,154
111900087,36,0,36
111900088,92,1,91
111900089,63,1,62
111900090,0,0,0
111900091,352,2,350
111900092,83,0,83
111900093,100,0,100
111900094,52,0,52
111900095,0,0,0
111900096,200,0,200
111900097,43,0,43
111900098,68,1,67
111900099,17,0,17
111900100,0,0,0
111900101,1,0,1
111900102,50,0,50
111900103,0,0,0
111900104,0,0,0
111900105,5,4,1
111900106,51,15,36
111900110,0,0,0
111900111,27,4,23
111900112,0,0,0
111900113,23,8,15
111900118,47,8,39
111900119,0,4,-4
111900122,9,7,2
111900123,0,2,-2
111900124,1,5,-4
111900125,19,3,16
111900126,17,0,17
111900127,0,0,0
111900128,0,0,0
111900129,36,1,35
111900130,7,2,5
111900131,39,0,39
111900132,0,0,0
111900133,0,0,0
111900134,0,0,0
111900135,0,0,0
111900136,0,0,0
111900137,18,0,18
111900138,0,15,-15
111900139,0,13,-13
111900140,13,18,-5
111900141,54,1,53
111900142,24,0,24
111900143,6,0,6
111900144,0,0,0
111900145,0,0,0
111900146,0,0,0
111900147,0,0,0
111900148,0,0,0
111900149,0,0,0
111900150,0,0,0
111900151,0,0,0
111900152,0,0,0
111900153,0,0,0
111900154,0,0,0
111900155,0,0,0
111900156,0,0,0
111900157,0,0,0
111900158,0,0,0
111900159,0,0,0
111900160,0,0,0
111900161,0,0,0
111900162,0,0,0
111900163,0,0,0
111900164,0,0,0
111901113,102,0,102
111901114,33,0,33
111901115,0,0,0
111901116,0,0,0
111901117,0,0,0
111901118,0,0,0
111901119,0,0,0
111901121,0,0,0
111901122,0,0,0
111901123,34,0,34
111901124,0,0,0
111901125,206,61,145
111901127,0,0,0
111901128,0,0,0
111901129,0,0,0
111901130,0,0,0
111901131,0,93,-93
111901132,0,0,0
111901133,0,0,0
111901134,0,0,0
111901135,0,0,0
111901136,0,0,0
111901137,0,0,0
111901138,0,0,0
111901139,0,0,0
111901140,0,0,0
111901141,0,0,0
111901142,0,0,0
111901143,0,0,0
111901144,0,0,0
111901145,2,0,2
111901146,0,0,0
111901147,3,0,3
111901148,0,0,0
111901149,0,0,0
112000001,1351,674,677
112000002,129,192,-63
112000003,657,319,338
112000004,73,90,-17
112000005,2520,1649,871
112000006,116,68,48
112000007,1988,1403,585
112000008,1403,2197,-794
112000009,1803,535,1268
112000010,800,2307,-1507
112000011,521,320,201
112000012,1864,4089,-2225
112000013,700,505,195
112000014,168,2688,-2520
112000015,156,648,-492
112000016,386,1056,-670
112000017,67,409,-342
112000024,65,67,-2
112000026,338,323,15
112000027,309,484,-175
112000028,304,77,227
112000029,110,306,-196
112000030,4,1,3
112000031,224,1547,-1323
112000032,3,0,3
112000033,304,1225,-921
112000034,10,1,9
112000035,0,20,-20
112000036,21,491,-470
112000037,19,91,-72
112000038,129,371,-242
112000039,51,33,18
112000040,9,39,-30
112000041,58,160,-102
112000042,349,49,300
112000050,595,669,-74
112000051,633,739,-106
112000054,270,505,-235
112000057,5,26,-21
112000058,32,181,-149
112000059,75,252,-177
112000061,455,237,218
112000062,160,351,-191
112000063,268,312,-44
112000064,541,380,161
112000065,314,148,166
112000066,667,676,-9
112000067,82,41,41
112000068,1075,930,145
112000069,28,170,-142
112000070,225,243,-18
112000071,126,89,37
112000072,803,151,652
112000073,90,143,-53
112000074,455,192,263
112000075,663,327,336
112000076,708,263,445
112000077,693,133,560
112000078,698,136,562
112000079,966,335,631
112000080,186,165,21
112000081,169,467,-298
112000082,497,328,169
112000083,241,275,-34
112000084,475,304,171
112000085,664,199,465
112000086,1302,404,898
112000087,194,67,127
112000088,357,133,224
112000089,65,66,-1
112000090,42,72,-30
112000091,155,64,91
112000092,863,65,798
112000093,192,58,134
112000094,451,58,393
112000095,285,47,238
112000096,517,115,402
112000097,998,153,845
112000098,20,23,-3
112000099,192,919,-727
112000100,911,86,825
112000101,20,44,-24
112000102,492,76,416
112000103,55,53,2
112000105,38,28,10
112000106,1063,62,1001
112000107,28,12,16
112000108,147,224,-77
112000109,134,21,113
112000110,549,97,452
112000111,102,254,-152
112000112,708,42,666
112000113,82,77,5
112000114,572,131,441
112000115,147,18,129
112000116,26,26,0
112000117,14,44,-30
112000118,134,94,40
112000119,54,123,-69
112000120,3,7,-4
112000121,90,40,50
112000122,195,30,165
112000123,377,27,350
112000124,179,12,167
112000125,97,25,72
112000126,191,118,73
112000127,577,719,-142
112000128,60,420,-360
112000129,78,9,69
112000130,11,8,3
112000131,27,2,25
112000132,2,13,-11
112000133,224,66,158
112000134,141,30,111
112000135,380,67,313
112000136,133,120,13
112000137,483,264,219
112000138,214,186,28
112000139,76,182,-106
112000140,37,81,-44
112000141,242,86,156
112000142,24,49,-25
112000143,655,49,606
112000144,32,74,-42
112000145,1290,86,1204
112000146,119,102,17
112000147,878,320,558
112000148,205,113,92
112000149,179,31,148
112000150,1,14,-13
112000151,134,27,107
112000152,40,7,33
112000153,22,16,6
112000154,58,0,58
112000155,32,16,16
112000157,43,221,-178
112000158,103,15,88
112000159,102,33,69
112000167,6,0,6
112000169,57,456,-399
112000173,166,1,165
112000175,74,46,28
112000176,475,258,217
112000177,40,8,32
112000178,19,29,-10
112000179,65,3,62
112000180,26,6,20
112000181,220,65,155
112000182,761,71,690
112000183,38,33,5
112000184,174,10,164
112000185,18,32,-14
112000187,710,210,500
112000195,85,2,83
112000196,11,0,11
112000197,9,9,0
112000198,1,2,-1
112000199,4,80,-76
112000202,171,2,169
112000216,35,42,-7
112000230,23,0,23
112000231,0,3,-3
112000256,33,38,-5
112000313,12,7,5
112000314,0,3,-3
112000337,6,117,-111
112000352,0,9,-9
112000392,680,704,-24
112000398,521,215,306
112000399,268,2076,-1808
112000400,256,457,-201
112000401,470,401,69
112000402,1459,2742,-1283
112000403,318,2034,-1716
112000404,188,624,-436
112000405,1507,1311,196
112000406,733,404,329
112000407,2969,1957,1012
112000408,1120,688,432
112000409,320,660,-340
112000410,0,0,0
112000411,185,33,152
112000412,0,0,0
112000413,77,317,-240
112000414,49,2,47
112000415,3,2,1
112000416,1206,399,807
112000417,107,37,70
112000421,12,3,9
112000422,50,29,21
112000424,78,491,-413
112000425,20,22,-2
112000426,36,25,11
112000427,0,0,0
112000428,28,31,-3
112000429,611,645,-34
112000430,785,1297,-512
112000431,32,36,-4
112000432,73,22,51
112000433,107,184,-77
112000437,38,67,-29
112900001,18,0,18
112900002,104,0,104
112900003,18,0,18
112900004,10,0,10
112900005,33,0,33
112900006,0,0,0
112900007,62,2,60
112900008,0,0,0
112900009,16,0,16
112900010,17,0,17
112900011,0,0,0
112900012,0,0,0
112900013,0,2,-2
112900014,0,0,0
112900015,2,10,-8
112900016,0,0,0
112900017,0,1,-1
112900018,0,0,0
112900019,0,0,0
112900020,23,29,-6
112900021,0,0,0
112900022,0,0,0
112900023,0,0,0
112900024,0,0,0
112900025,0,4,-4
112900026,0,0,0
112900027,0,0,0
112900028,0,0,0
112900029,32,12,20
112900030,0,0,0
112900031,1,0,1
112900032,0,0,0
112900034,2,1,1
112900035,0,0,0
112900036,0,0,0
112900037,0,0,0
112900038,42,0,42
112900039,0,0,0
112900040,0,0,0
112900041,3,19,-16
112900042,0,0,0
112900043,1,0,1
112900044,0,0,0
112900045,0,0,0
112900046,0,0,0
112900047,0,0,0
112900049,0,0,0
112900050,9,0,9
112900051,0,0,0
112900052,0,0,0
112900053,0,0,0
112900054,7,0,7
112900055,0,0,0
112900056,0,0,0
112900057,0,0,0
112900058,4,4,0
112900059,0,0,0
112900060,0,0,0
112900061,0,0,0
112900062,0,0,0
112900063,0,0,0
112900064,0,0,0
112900065,0,0,0
112900066,20,10,10
112900067,0,0,0
112900068,0,0,0
112900069,7,0,7
112900071,0,0,0
112900072,1,31,-30
112900073,48,3,45
112900074,0,0,0
112900075,15,0,15
112900076,0,0,0
112900078,0,0,0
112900079,0,0,0
112900080,0,0,0
112900081,4,5,-1
112900082,30,2,28
112900083,7,8,-1
112900084,0,0,0
112900086,0,0,0
112900087,35,1,34
112900088,27,0,27
112900089,144,2,142
112900090,1,2,-1
112900091,0,0,0
112900092,4,0,4
112900093,0,0,0
112900095,0,0,0
112900096,37,0,37
112900097,0,2,-2
112900098,3,0,3
112900099,152,3,149
112900100,4,0,4
112900101,0,0,0
112900102,0,0,0
112900103,0,0,0
112900104,0,0,0
112900105,0,0,0
112900106,8,0,8
112900107,2,0,2
112900108,0,0,0
112900109,11,0,11
112900110,0,0,0
112900111,0,0,0
112900112,0,0,0
112900113,0,0,0
112900114,0,0,0
112900115,382,1,381
112900116,7,0,7
112900117,0,0,0
112900118,0,0,0
112900119,0,0,0
112900120,0,0,0
112900121,0,0,0
112900122,0,0,0
112900123,0,0,0
112900124,0,0,0
112900125,0,0,0
112900126,5,1,4
112900127,0,0,0
112900128,0,0,0
112900129,0,8,-8
112900130,0,0,0
112900131,0,0,0
112900132,0,0,0
112900133,0,33,-33
112900134,0,15,-15
112900135,0,0,0
112900137,0,9,-9
112900138,0,2,-2
112900139,0,0,0
112900141,83,0,83
112900142,0,0,0
112900143,0,0,0
112900144,0,0,0
112900145,0,0,0
112900146,0,0,0
112900147,0,0,0
112900148,0,0,0
112900149,0,0,0
112900151,0,0,0
112900152,121,0,121
112900153,0,126,-126
112900154,0,0,0
112900155,21,0,21
112900156,25,0,25
112900157,112,1,111
112900158,0,0,0
112900159,0,0,0
112900160,0,0,0
112900161,0,0,0
112900162,0,0,0
112900163,0,0,0
112900164,0,0,0
112900165,0,0,0
112900166,0,0,0
112900167,0,0,0
112900168,0,0,0
112900169,0,0,0
112900170,0,0,0
112900172,0,0,0
112900173,0,0,0
112900174,0,0,0
112900175,0,0,0
112900176,0,0,0
112900177,0,0,0
112900178,0,0,0
112900179,1,24,-23
112900180,163,20,143
112900181,0,0,0
112900182,0,0,0
112900183,0,0,0
112900184,24,22,2
112900185,0,4,-4
112900186,38,52,-14
112900187,0,0,0
112900188,26,28,-2
112900189,0,0,0
112900190,0,0,0
112900192,48,36,12
112900193,46,8,38
112900194,0,0,0
112900195,40,0,40
112900196,29,5,24
112900197,2,12,-10
112900199,45,0,45
112900200,13,0,13
112900201,19,0,19
112900202,1,9,-8
112900203,0,0,0
112900204,7,8,-1
112900205,5,1,4
112900206,0,0,0
112900207,1,0,1
112900208,0,2,-2
112900209,0,0,0
112900210,0,0,0
112900211,0,0,0
112900212,0,0,0
112900213,0,0,0
112900214,0,0,0
112900215,0,0,0
112900216,0,0,0
112900217,0,0,0
112900218,17,0,17
112900219,14,0,14
112900220,0,0,0
112900221,17,2,15
112900222,0,1,-1
112900223,164,0,164
112900224,29,0,29
112900225,0,0,0
112900226,0,0,0
112900227,205,2,203
112900228,7,0,7
112900229,0,0,0
112900230,130,94,36
112900232,1,3,-2
112900233,0,0,0
112900234,0,0,0
112900235,0,0,0
112900236,0,0,0
112900237,33,1,32
112900238,0,0,0
112900239,0,0,0
112900240,0,0,0
112900241,0,0,0
112900242,0,0,0
112900243,0,0,0
112900244,0,0,0
112900245,0,0,0
112900246,0,0,0
112900247,2,0,2
112900248,0,0,0
112900249,6,0,6
112900250,0,0,0
112900251,0,0,0
112900252,0,1,-1
112900253,0,0,0
112900254,0,0,0
112900255,0,0,0
112900256,0,0,0
112900257,0,0,0
112900258,0,0,0
113000001,1071,1135,-64
113000002,1192,1513,-321
113000003,302,680,-378
113000004,302,629,-327
113000005,254,300,-46
113000006,159,548,-389
113000007,395,271,124
113000008,218,448,-230
113000009,255,213,42
113000010,339,227,112
113000011,175,120,55
113000012,423,50,373
113000013,69,92,-23
113000014,127,274,-147
113000015,34,55,-21
113000016,44,27,17
113000017,1,17,-16
113000018,31,0,31
113000019,0,0,0
113000020,243,25,218
113000021,449,86,363
113000022,168,243,-75
113000025,1,11,-10
113000026,137,210,-73
113000027,77,208,-131
113000028,6,119,-113
113000029,263,236,27
113000030,0,0,0
113000031,0,0,0
113000032,25,105,-80
113000033,123,137,-14
113000034,0,0,0
113000035,0,0,0
113000036,4,51,-47
113000037,0,0,0
113000038,9,14,-5
113000039,1,19,-18
113000040,3,0,3
113000042,151,209,-58
113000051,286,855,-569
113000052,196,93,103
113000053,75,63,12
113000054,26,352,-326
113000055,540,120,420
113000056,388,155,233
113000058,94,247,-153
113000059,368,109,259
113000060,77,155,-78
113000061,143,165,-22
113000062,126,54,72
113000063,106,39,67
113000064,39,53,-14
113000065,107,89,18
113000066,380,54,326
113000067,629,42,587
113000068,164,123,41
113000069,120,181,-61
113000070,567,67,500
113000071,83,69,14
113000072,184,58,126
113000073,101,204,-103
113000074,197,70,127
113000075,423,130,293
113000076,138,589,-451
113000077,179,268,-89
113000078,100,254,-154
113000079,30,94,-64
113000080,74,99,-25
113000081,194,192,2
113000082,118,57,61
113000083,236,336,-100
113000084,336,207,129
113000085,333,187,146
113000086,262,250,12
113000087,289,520,-231
113000088,195,189,6
113000089,289,877,-588
113000090,13,158,-145
113000091,46,3,43
113000094,387,73,314
113000095,74,15,59
113000096,20,24,-4
113000097,172,17,155
113000098,30,28,2
113000099,248,44,204
113000100,59,23,36
113000101,13,1,12
113000102,80,55,25
113000103,528,120,408
113000104,454,826,-372
113000105,306,87,219
113000106,111,39,72
113000107,438,374,64
113000108,415,298,117
113000109,80,301,-221
113000110,325,264,61
113000111,17,169,-152
113000112,69,160,-91
113000113,489,245,244
113000114,2,146,-144
113000116,48,38,10
113000117,77,108,-31
113000118,6,251,-245
113000119,89,141,-52
113000120,38,340,-302
113000121,39,50,-11
113000124,127,48,79
113000125,0,289,-289
113000127,173,13,160
113000128,66,201,-135
113000129,0,0,0
113000133,299,3,296
113000134,2,392,-390
113000135,1415,1541,-126
113000137,374,759,-385
113000139,140,33,107
113000140,0,0,0
113000141,66,46,20
113000142,63,97,-34
113000143,68,140,-72
113000144,6,40,-34
113000145,74,14,60
113000146,0,0,0
113000147,0,0,0
113000148,90,36,54
113000149,70,91,-21
113000150,0,3,-3
113000151,0,0,0
113000152,4,64,-60
113000153,128,87,41
113000154,47,307,-260
113000155,95,215,-120
113000156,34,67,-33
113000157,80,90,-10
113000158,96,8,88
113000159,252,6,246
113000160,117,115,2
113000161,118,78,40
113000162,0,0,0
113000163,19,15,4
113000164,0,0,0
113000166,114,10,104
113000167,0,0,0
113000168,0,0,0
113000169,124,2,122
113000170,62,27,35
113000171,0,0,0
113000172,149,22,127
113000173,73,2,71
113000174,0,1,-1
113000175,188,19,169
113000176,242,11,231
113000177,0,0,0
113000178,0,0,0
113000179,138,15,123
113000180,350,669,-319
113000181,532,398,134
113000182,16,16,0
113000183,27,173,-146
113000184,0,0,0
113000189,6,84,-78
113000190,89,80,9
113000192,190,787,-597
113000193,530,652,-122
113000194,116,422,-306
113000195,202,588,-386
113000196,120,105,15
113000197,328,616,-288
113000198,6,97,-91
113000199,260,64,196
113000201,19,34,-15
113000202,693,90,603
113000203,15,9,6
113000204,116,672,-556
113000205,0,0,0
113000206,1,8,-7
113000207,0,0,0
113000208,1,31,-30
113000209,0,0,0
113000210,0,16,-16
113000211,110,8,102
113000212,14,7,7
113000213,13,34,-21
113000214,1,2,-1
113000234,5,55,-50
113000410,1,56,-55
113000411,584,889,-305
113000412,705,444,261
113000413,631,786,-155
113000414,759,3140,-2381
113000415,241,412,-171
113000416,533,409,124
113000417,138,290,-152
113000418,1062,1173,-111
113000419,325,539,-214
113000420,951,1361,-410
113000421,1565,2619,-1054
113000422,1813,2198,-385
113000423,428,1435,-1007
113000424,596,2651,-2055
113000425,3,43,-40
113000428,0,0,0
113000430,0,0,0
113000432,630,28,602
113000433,13,110,-97
113000434,0,0,0
113000435,0,2,-2
113000436,0,24,-24
113000437,403,2,401
113000438,25,0,25
113000439,0,0,0
113000440,31,4,27
113000441,65,11,54
113000442,0,0,0
113000443,38,4,34
113000444,0,0,0
113000445,16,14,2
113000446,0,0,0
113000448,0,0,0
113000449,6,436,-430
113000450,7,493,-486
113000451,4,0,4
113000452,34,95,-61
113000453,0,0,0
113000454,44,37,7
113000455,0,0,0
113000456,47,34,13
113000468,144,25,119
113000469,24,20,4
113000470,107,49,58
113000471,0,112,-112
113000472,8,15,-7
113000474,588,514,74
113000475,365,440,-75
113000476,452,803,-351
113000477,1591,671,920
113000478,958,1164,-206
113000479,6,16,-10
113000485,0,0,0
113000486,0,0,0
113000487,0,0,0
113000488,0,0,0
113000489,0,0,0
113000490,0,0,0
113000491,0,0,0
113000492,0,0,0
113000493,0,0,0
113000495,0,0,0
113000496,7,26,-19
113000497,0,0,0
113000499,0,0,0
113900001,0,0,0
113900002,0,0,0
113900003,0,0,0
113900004,0,0,0
113900005,0,0,0
113900006,0,0,0
113900007,0,0,0
113900008,0,0,0
113900009,0,0,0
113900010,0,0,0
113900011,0,0,0
113900012,0,0,0
113900013,0,0,0
113900014,153,1,152
113900015,0,0,0
113900016,1,0,1
113900017,0,0,0
113900018,0,0,0
113900019,0,0,0
113900020,36,1,35
113900022,1,0,1
113900023,0,0,0
113900024,0,0,0
113900025,26,5,21
113900026,0,0,0
113900027,2,0,2
113900028,0,0,0
113900029,0,0,0
113900030,34,0,34
113900031,7,0,7
113900032,0,0,0
113900033,0,0,0
113900035,0,0,0
113900036,0,0,0
113900037,0,0,0
113900038,0,0,0
113900039,50,2,48
113900040,0,2,-2
113900041,0,0,0
113900042,0,0,0
113900043,0,0,0
113900044,1,18,-17
113900045,0,0,0
113900046,0,0,0
113900047,0,0,0
113900048,0,0,0
113900049,0,0,0
113900050,7,10,-3
113900051,0,0,0
113900052,0,0,0
113900053,54,82,-28
113900054,0,0,0
113900055,0,0,0
113900056,0,0,0
113900057,0,0,0
113900058,0,0,0
113900059,0,0,0
113900060,0,2,-2
113900061,0,13,-13
113900062,0,0,0
113900063,0,0,0
113900064,0,0,0
113900065,158,3,155
113900066,0,0,0
113900067,3,0,3
113900068,65,93,-28
113900069,0,0,0
113900070,0,0,0
113900071,0,0,0
113900072,0,0,0
113900073,61,78,-17
113900074,25,14,11
113900075,92,219,-127
113900076,0,0,0
113900077,0,0,0
113900078,0,0,0
113900079,0,0,0
113900080,5,1,4
113900081,0,0,0
113900082,0,0,0
113900083,2,8,-6
113900084,10,2,8
113900085,0,0,0
113900086,0,0,0
113900087,0,0,0
113900088,0,0,0
113900089,93,3,90
113900090,4,2,2
113900091,0,0,0
113900092,0,0,0
113900093,0,0,0
113900094,7,4,3
113900095,2,8,-6
113900096,0,0,0
113900097,0,0,0
113900098,194,12,182
113900099,0,0,0
113900100,0,0,0
113900101,0,0,0
113900102,0,0,0
113900103,6,11,-5
113900104,30,35,-5
113900105,1,0,1
113900106,0,0,0
113900107,0,0,0
113900108,0,0,0
113900109,0,0,0
113900110,0,0,0
113900111,0,0,0
113900112,5,0,5
113900113,12,16,-4
113900114,0,0,0
113900115,0,0,0
113900116,0,0,0
113900117,0,0,0
113900118,0,1,-1
113900119,18,42,-24
113900120,0,0,0
113900121,0,0,0
113900122,13,742,-729
113900123,4,1,3
113900124,0,0,0
113900125,14,0,14
113900126,0,0,0
113900127,0,0,0
113900128,0,0,0
113900129,2,39,-37
113900130,0,0,0
113900131,0,0,0
113900132,0,0,0
113900133,0,0,0
113900135,0,0,0
113900136,0,0,0
113900137,1,0,1
113900138,0,0,0
113900139,0,0,0
113900140,23,13,10
113900141,0,0,0
113900142,0,0,0
113900143,0,0,0
113900144,13,9,4
113900145,0,0,0
113900146,0,0,0
113900148,0,0,0
113900149,0,0,0
113900150,57,58,-1
113900151,0,0,0
113900152,0,5,-5
113900153,0,0,0
113900154,0,0,0
113900155,0,0,0
113900156,0,0,0
113900157,0,4,-4
113900158,0,0,0
113900159,0,0,0
113900160,0,0,0
113900161,0,0,0
113900162,1,28,-27
113900163,0,0,0
113900164,1,0,1
113900165,0,0,0
113900166,2,0,2
113900167,0,0,0
113900168,0,0,0
113900169,0,0,0
113900171,0,0,0
113900172,0,0,0
113900173,1,18,-17
113900174,0,0,0
113900175,12,1,11
113900176,0,0,0
113900177,1,1,0
113900178,7,1,6
113900179,0,25,-25
113900180,4,0,4
113900181,41,0,41
113900182,0,0,0
113900183,0,0,0
113900184,1,58,-57
113900185,1,0,1
113900186,0,0,0
113900187,0,2,-2
113900188,0,0,0
113900189,0,0,0
113900190,0,0,0
113900191,0,0,0
113900192,0,0,0
113900193,2,14,-12
113900194,34,4,30
113900195,0,0,0
113900196,0,0,0
113900197,0,5,-5
113900198,0,0,0
113900199,1,9,-8
113900200,0,0,0
113900201,0,18,-18
113900202,0,0,0
113900203,0,12,-12
113900204,0,2,-2
113900205,0,0,0
113900206,0,0,0
113900207,0,0,0
113900208,0,0,0
113900209,0,0,0
113900210,0,0,0
113900211,0,0,0
113900212,112,3,109
113900214,3,7,-4
113900215,168,0,168
113900216,0,0,0
113900217,0,0,0
113900218,0,0,0
113900219,0,0,0
113900220,0,0,0
113900221,1,6,-5
113900222,0,0,0
113900223,0,0,0
113900224,0,0,0
113900225,3,2,1
113900226,3,2,1
113900227,3,0,3
113900228,0,0,0
113900229,1,10,-9
113900230,71,6,65
113900231,0,0,0
113900232,0,0,0
113900233,0,0,0
113900234,0,0,0
113900235,0,0,0
113900236,68,1,67
113900237,0,0,0
113900238,2,42,-40
113900239,0,0,0
113900240,0,0,0
113900241,0,0,0
113900242,0,0,0
113900243,4,0,4
113900244,4,6,-2
113900245,7,1,6
113900246,0,2,-2
113900247,28,88,-60
113900248,0,0,0
113900249,3,67,-64
113900250,3,32,-29
113900251,190,3,187
113900252,108,1,107
113900253,57,0,57
113900254,106,3,103
113900255,192,4,188
113900256,120,1,119
113900257,0,25,-25
113900258,0,24,-24
113900259,78,5,73
113900260,153,0,153
113900261,4,3,1
113900262,52,21,31
113900263,0,6,-6
113900264,0,0,0
113900265,1,0,1
113900266,4,0,4
113900267,0,0,0
113900268,0,30,-30
113900269,0,0,0
113900270,0,0,0
113900271,0,0,0
113900273,0,1,-1
113900274,8,2,6
113900275,0,0,0
113900276,1,21,-20
113900277,49,1,48
113900278,0,0,0
113900279,0,0,0
113900280,4,3,1
113900281,6,77,-71
113900282,0,0,0
113900283,0,0,0
113900284,238,74,164
113900285,4,0,4
113900286,0,0,0
113900287,0,0,0
113900288,0,0,0
113900289,0,0,0
113900290,0,0,0
113900291,0,0,0
113900292,0,0,0
113900293,0,0,0
113900294,167,1,166
113900295,19,54,-35
113900296,75,19,56
113900297,147,0,147
113900298,0,0,0
113900299,2,0,2
113900300,250,3,247
113900301,36,0,36
113900302,58,2,56
113900303,0,0,0
113900304,0,0,0
113900305,36,0,36
113900306,23,0,23
113900307,0,0,0
113900308,0,0,0
113900309,0,1,-1
113900310,0,0,0
113900311,9,0,9
113900312,0,0,0
113900313,0,0,0
114000001,295,297,-2
114000002,48,92,-44
114000003,18,15,3
114000004,51,33,18
114000005,58,3,55
114000006,200,242,-42
114000007,163,91,72
114000008,132,189,-57
114000009,119,88,31
114000011,1223,279,944
114000012,1434,168,1266
114000013,728,261,467
114000014,36,11,25
114000015,155,13,142
114000016,4,33,-29
114000017,7,132,-125
114000018,2,3,-1
114000026,815,246,569
114000027,1122,598,524
114000028,536,1070,-534
114000038,19,0,19
114000039,0,0,0
114000040,80,89,-9
114000042,0,36,-36
114000043,97,31,66
114000044,49,16,33
114000045,26,13,13
114000046,307,443,-136
114000047,14,44,-30
114000048,21,22,-1
114000049,398,315,83
114000050,197,282,-85
114000051,553,695,-142
114000052,510,712,-202
114000053,92,106,-14
114000054,36,214,-178
114000055,18,0,18
114000056,0,37,-37
114000057,552,492,60
114000058,1,21,-20
114000059,0,30,-30
114000060,30,123,-93
114000061,571,892,-321
114000062,97,370,-273
114000063,119,121,-2
114000064,206,337,-131
114000065,193,316,-123
114000066,216,355,-139
114000067,22,104,-82
114000068,43,48,-5
114000069,112,39,73
114000070,785,535,250
114000071,45,39,6
114000072,88,25,63
114000073,32,23,9
114000074,1,2,-1
114000075,35,4,31
114000076,16,5,11
114000077,0,1,-1
114000078,14,11,3
114000079,5,1,4
114000080,5,39,-34
114000081,11,53,-42
114000082,12,70,-58
114000083,0,0,0
114000084,66,24,42
114000085,10,8,2
114000086,9,15,-6
114000087,0,0,0
114000088,22,11,11
114000089,68,15,53
114000090,223,282,-59
114000091,173,227,-54
114000092,62,25,37
114000093,252,103,149
114000094,186,204,-18
114000095,26,141,-115
114000096,31,27,4
114000097,62,63,-1
114000098,234,42,192
114000099,222,56,166
114000100,1187,89,1098
114000101,124,55,69
114000102,143,76,67
114000103,39,63,-24
114000104,2,17,-15
114000105,27,7,20
114000106,131,232,-101
114000107,112,18,94
114000108,20,40,-20
114000109,406,578,-172
114000110,7,9,-2
114000111,665,271,394
114000112,0,22,-22
114000113,545,85,460
114000114,11,11,0
114000115,797,198,599
114000116,662,1417,-755
114000117,1667,147,1520
114000118,1517,127,1390
114000119,1456,163,1293
114000120,220,170,50
114000121,0,0,0
114000122,94,27,67
114000123,683,79,604
114000124,375,60,315
114000125,200,286,-86
114000126,552,58,494
114000127,100,14,86
114000128,375,48,327
114000130,144,249,-105
114000131,50,11,39
114000132,53,49,4
114000133,67,51,16
114000134,0,0,0
114000138,0,0,0
114000139,129,146,-17
114000144,213,168,45
114000145,0,0,0
114000146,0,0,0
114000147,677,964,-287
114000148,133,449,-316
114000149,26,65,-39
114000150,3,12,-9
114000151,75,752,-677
114000152,4,0,4
114000153,61,314,-253
114000154,63,47,16
114000155,349,648,-299
114000156,304,407,-103
114000157,46,315,-269
114000158,81,45,36
114000159,14,33,-19
114000160,2,57,-55
114000161,237,623,-386
114000162,666,880,-214
114000163,0,0,0
114000165,99,191,-92
114000166,102,56,46
114000167,647,260,387
114000168,22,2,20
114000169,268,403,-135
114000170,519,235,284
114000171,441,2725,-2284
114000174,2,2,0
114000176,12,0,12
114000177,10,4,6
114000178,70,22,48
114000179,456,311,145
114000180,14,5,9
114000181,306,1523,-1217
114000182,262,244,18
114000183,123,35,88
114000184,118,61,57
114000185,647,460,187
114000189,733,76,657
114000190,1941,395,1546
114000191,43,111,-68
114000192,0,0,0
114000193,0,0,0
114000194,680,300,380
114000195,120,30,90
114000196,0,0,0
114000197,1083,11,1072
114000198,0,0,0
114000199,2,34,-32
114000200,113,59,54
114000201,31,74,-43
114000202,520,227,293
114000203,254,220,34
114000204,0,0,0
114000205,33,131,-98
114000206,38,215,-177
114000207,44,128,-84
114000208,37,37,0
114000209,7,66,-59
114000210,7,127,-120
114000211,1170,446,724
114000212,335,395,-60
114000213,1167,332,835
114000214,14,0,14
114000215,42,0,42
114000216,395,95,300
114000217,265,63,202
114000218,63,3,60
114000219,416,40,376
114000220,0,0,0
114000221,364,21,343
114000222,13,71,-58
114000223,471,42,429
114000224,11,77,-66
114000225,61,21,40
114000226,131,17,114
114000227,664,240,424
114000228,602,118,484
114000229,427,234,193
114000230,1165,216,949
114000231,433,325,108
114000232,610,99,511
114000233,1094,11,1083
114000234,730,384,346
114000235,482,375,107
114000236,0,0,0
114000237,82,131,-49
114000238,28,260,-232
114000239,30,171,-141
114000240,368,400,-32
114000241,97,136,-39
114000242,233,91,142
114000243,900,557,343
114000244,249,99,150
114000245,44,100,-56
114000246,0,0,0
114000247,320,188,132
114000248,812,441,371
114000249,646,158,488
114000250,231,15,216
114000251,185,5,180
114000252,0,18,-18
114000253,0,10,-10
114000254,0,0,0
114000255,19,108,-89
114000256,68,159,-91
114000257,36,162,-126
114000258,55,59,-4
114000259,0,1,-1
114000260,0,0,0
114000261,20,6,14
114000262,0,0,0
114000263,7,3,4
114000264,144,43,101
114000265,0,0,0
114000267,4,335,-331
114000268,0,0,0
114000270,98,4,94
114000271,81,39,42
114000283,514,59,455
114000285,0,0,0
114000288,11,2,9
114000289,183,27,156
114000293,94,17,77
114000294,35,151,-116
114000395,410,7,403
114000396,163,65,98
114000402,369,126,243
114000403,206,55,151
114000405,65,33,32
114000423,142,45,97
114000424,193,100,93
114000425,408,107,301
114000426,148,478,-330
114000427,59,8,51
114000428,48,39,9
114000429,22,3,19
114000432,71,7,64
114000434,0,15,-15
114000435,0,0,0
114900001,167,52,115
114900002,55,2,53
114900003,143,45,98
114900004,29,20,9
114900005,49,63,-14
114900006,3,4,-1
114900007,13,0,13
114900008,47,6,41
114900010,0,0,0
114900011,57,27,30
114900013,44,3,41
114900015,4,37,-33
114900018,30,0,30
114900020,3,5,-2
114900022,11,13,-2
114900024,26,0,26
114900025,85,16,69
114900026,30,2,28
114900027,48,16,32
114900029,12,1,11
114900030,54,6,48
114900031,59,0,59
114900032,86,2,84
114900033,21,100,-79
114900034,0,0,0
114900035,2,22,-20
114900036,59,29,30
114900037,0,0,0
114900038,0,0,0
114900039,0,0,0
114900040,0,0,0
114900041,0,0,0
114900042,0,0,0
114900043,0,0,0
114900044,3,2,1
114900046,0,0,0
114900047,0,0,0
114900048,0,0,0
114900049,0,0,0
114900050,0,0,0
114900051,0,0,0
114900052,0,0,0
114900053,0,0,0
114900054,0,0,0
114900057,4,3,1
114900058,0,0,0
114900059,1,7,-6
114900060,2,14,-12
114900061,0,0,0
114900062,2,1,1
114900063,0,0,0
114900064,0,0,0
114900065,0,0,0
114900067,0,0,0
114900068,0,0,0
114900069,0,0,0
114900070,106,25,81
114900072,0,0,0
114900073,0,0,0
114900074,181,5,176
114900075,25,1,24
114900076,1,0,1
114900080,88,17,71
114900082,364,3,361
114900083,0,0,0
114900090,41,34,7
114900091,0,0,0
114900095,0,0,0
114900096,3,0,3
114900097,5,0,5
114900098,0,0,0
114900099,14,0,14
115000001,469,603,-134
115000002,1581,2656,-1075
115000003,495,270,225
115000004,1811,2564,-753
115000005,92,122,-30
115000006,373,729,-356
115000007,92,194,-102
115000008,225,101,124
115000009,234,209,25
115000010,76,122,-46
115000013,0,0,0
115000015,0,0,0
115000016,12,248,-236
115000019,50,113,-63
115000020,18,130,-112
115000021,0,40,-40
115000022,1,34,-33
115000023,255,303,-48
115000024,1,17,-16
115000025,393,173,220
115000026,0,0,0
115000027,194,49,145
115000028,0,0,0
115000029,471,7,464
115000030,0,20,-20
115000031,330,20,310
115000032,0,0,0
115000033,70,9,61
115000034,0,0,0
115000035,302,4,298
115000036,0,0,0
115000037,178,4,174
115000038,31,269,-238
115000039,784,853,-69
115000040,821,628,193
115000041,416,1299,-883
115000042,214,72,142
115000043,1122,797,325
115000044,769,216,553
115000045,388,119,269
115000046,1452,747,705
115000047,1323,411,912
115000048,404,194,210
115000049,253,373,-120
115000050,1516,400,1116
115000051,738,1879,-1141
115000052,204,464,-260
115000053,797,1796,-999
115000054,174,178,-4
115000055,0,112,-112
115000056,75,64,11
115000057,48,223,-175
115000058,32,117,-85
115000059,5,178,-173
115000061,51,51,0
115000062,19,4,15
115000063,2,6,-4
115000064,101,6,95
115000065,0,1,-1
115000067,43,3,40
115000069,2,1,1
115000070,0,41,-41
115000071,32,8,24
115000072,0,0,0
115000073,421,60,361
115000075,32,24,8
115000076,519,381,138
115000077,536,320,216
115000078,460,205,255
115000079,343,259,84
115000080,1203,299,904
115000081,25,20,5
115000082,1528,1327,201
115000083,536,172,364
115000084,1596,174,1422
115000085,183,208,-25
115000086,599,159,440
115000087,120,336,-216
115000088,741,302,439
115000089,128,77,51
115000090,237,158,79
115000091,266,149,117
115000092,342,220,122
115000093,257,1,256
115000094,1629,2905,-1276
115000095,852,2004,-1152
115000096,295,219,76
115000097,548,499,49
115000098,639,68,571
115000099,1037,408,629
115000100,812,171,641
115000101,34,44,-10
115000102,319,144,175
115000103,161,100,61
115000105,27,19,8
115000106,257,188,69
115000107,16,28,-12
115000108,308,221,87
115000109,1095,1627,-532
115000110,555,568,-13
115000111,86,533,-447
115000112,139,109,30
115000113,156,253,-97
115000114,174,103,71
115000116,355,301,54
115000117,401,245,156
115000118,267,582,-315
115000119,376,188,188
115000120,119,845,-726
115000121,210,117,93
115000122,263,192,71
115000123,143,1173,-1030
115000124,139,167,-28
115000125,105,369,-264
115000126,57,206,-149
115000127,127,7,120
115000128,56,289,-233
115000129,51,61,-10
115000130,146,52,94
115000131,186,28,158
115000132,134,35,99
115000133,138,36,102
115000134,75,15,60
115000135,33,8,25
115000136,29,76,-47
115000137,0,1,-1
115000138,183,40,143
115000139,12,2,10
115000140,238,44,194
115000141,22,11,11
115000142,24,6,18
115000143,657,246,411
115000144,142,5,137
115000145,39,6,33
115000146,194,88,106
115000147,91,40,51
115000148,87,168,-81
115000149,90,136,-46
115000150,95,79,16
115000151,325,118,207
115000152,164,104,60
115000153,437,123,314
115000154,279,70,209
115000155,111,72,39
115000156,121,337,-216
115000157,38,74,-36
115000158,14,95,-81
115000159,43,70,-27
115000160,120,46,74
115000161,29,173,-144
115000162,422,397,25
115000163,74,82,-8
115000164,26,92,-66
115000165,170,334,-164
115000167,127,23,104
115000168,118,157,-39
115000169,3,4,-1
115000170,1,0,1
115000171,86,186,-100
115000172,11,25,-14
115000173,32,114,-82
115000174,21,155,-134
115000175,1,3,-2
115000176,7,51,-44
115000177,0,7,-7
115000178,0,2,-2
115000179,2,26,-24
115000180,1,13,-12
115000181,296,17,279
115000182,428,31,397
115000183,3,19,-16
115000186,198,10,188
115000187,33,17,16
115000188,317,94,223
115000189,44,12,32
115000190,198,64,134
115000191,3,15,-12
115000194,0,0,0
115000195,57,26,31
115000196,77,18,59
115000197,73,74,-1
115000198,257,7,250
115000199,37,51,-14
115000200,111,9,102
115000201,17,16,1
115000206,295,2,293
115000207,0,0,0
115000208,39,14,25
115000209,339,71,268
115000210,60,15,45
115000211,48,13,35
115000212,129,9,120
115000224,36,4,32
115000225,31,12,19
115000229,15,9,6
115000230,8,15,-7
115000231,217,104,113
115000232,1005,89,916
115000233,5,14,-9
115000234,2,13,-11
115000241,16,10,6
115000242,81,6,75
115000243,7,13,-6
115000244,19,12,7
115000246,1,1,0
115000247,0,0,0
115000248,6,0,6
115000249,1,0,1
115000250,60,3,57
115000251,46,3,43
115000252,6,24,-18
115000253,2,63,-61
115000258,112,11,101
115000259,18,1,17
115000261,22,2,20
115000262,1,10,-9
115000263,0,35,-35
115000264,0,9,-9
115000267,17,12,5
115000268,0,0,0
115000269,24,2,22
115000270,25,26,-1
115000272,3,4,-1
115000273,113,1,112
115000280,62,416,-354
115000281,0,0,0
115000282,79,397,-318
115000284,14,37,-23
115000296,92,0,92
115000297,19,309,-290
115000298,0,0,0
115000300,94,4,90
115000302,199,53,146
115000303,280,7,273
115000304,231,19,212
115000305,7,8,-1
115000306,13,17,-4
115000307,21,12,9
115000308,0,1,-1
115000309,2,8,-6
115000310,322,98,224
115000311,688,292,396
115000313,3,13,-10
115000314,85,66,19
115000315,5,37,-32
115000316,9,11,-2
115000317,29,28,1
115000318,425,28,397
115000319,0,12,-12
115000320,0,27,-27
115000321,71,32,39
115000322,0,9,-9
115000449,4,33,-29
115000557,0,0,0
115000558,62,24,38
115000587,148,108,40
115000588,70,94,-24
115000589,1308,954,354
115000590,22,30,-8
115000591,301,247,54
115000592,8,32,-24
115000593,609,319,290
115000594,11,54,-43
115000609,63,107,-44
115000617,11,353,-342
115000624,39,2,37
115000633,216,204,12
115000634,1297,209,1088
115000635,242,42,200
115000638,3,57,-54
115000641,7,7,0
115000642,132,3,129
115000643,0,0,0
115000644,1,0,1
115000646,148,296,-148
115000647,30,49,-19
115000648,847,67,780
115000893,710,404,306
115000894,0,7,-7
115000895,0,0,0
115000896,286,193,93
115000897,76,14,62
115000898,81,103,-22
115000899,4,45,-41
115000900,0,98,-98
115000901,0,0,0
115000912,114,34,80
115000913,0,1,-1
115000915,10,0,10
115000916,0,0,0
115000917,0,26,-26
115000918,3,166,-163
115000919,0,3,-3
115000920,0,0,0
115000921,0,0,0
115000922,70,244,-174
115000923,0,17,-17
115000925,10,3,7
115000927,1,4,-3
115000933,1,11,-10
115000934,8,10,-2
115000935,25,0,25
115000936,0,212,-212
115000937,50,62,-12
115000938,18,26,-8
115000939,8,38,-30
115000940,0,21,-21
115000941,0,9,-9
115000942,0,82,-82
115000943,0,0,0
115000944,0,0,0
115900001,71,0,71
115900002,1,1,0
115900003,21,5,16
115900004,0,0,0
115900005,14,0,14
115900006,1,6,-5
115900008,8,0,8
115900009,8,0,8
115900010,158,11,147
115900011,33,13,20
115900012,42,0,42
115900013,114,11,103
115900014,12,2,10
115900015,15,0,15
115900016,13,1,12
115900017,0,1,-1
115900018,21,3,18
115900019,0,1,-1
115900020,47,21,26
115900021,20,1,19
115900022,48,1,47
115900023,0,0,0
115900025,1,8,-7
115900026,120,0,120
115900027,0,0,0
115900028,6,9,-3
115900029,0,4,-4
115900030,0,0,0
115900031,2,14,-12
115900032,27,45,-18
115900033,0,0,0
115900034,0,24,-24
115900035,0,0,0
115900036,2,131,-129
115900037,0,1,-1
115900038,0,0,0
115900039,36,1,35
115900041,2,60,-58
115900042,2,0,2
115900043,3,1,2
115900044,32,65,-33
115900046,149,11,138
115900047,0,21,-21
115900049,21,6,15
115900051,0,0,0
115900052,0,0,0
115900053,60,3,57
115900054,104,0,104
115900055,0,0,0
115900056,3,5,-2
115900057,2,0,2
115900058,0,0,0
115900060,0,1,-1
115900061,22,0,22
115900062,3,7,-4
115900063,0,0,0
115900064,0,26,-26
115900065,23,3,20
115900066,0,1,-1
115900067,0,8,-8
115900068,0,0,0
115900069,0,6,-6
115900070,22,1,21
115900071,0,0,0
115900072,0,16,-16
115900073,6,38,-32
115900074,0,0,0
115900075,2,1,1
115900076,0,2,-2
115900077,0,0,0
115900078,1,3,-2
115900079,141,0,141
115900080,13,1,12
115900081,18,10,8
115900082,13,16,-3
115900084,73,0,73
115900085,2,0,2
115900086,186,11,175
115900088,0,0,0
115900089,211,7,204
115900090,43,0,43
115900091,0,0,0
115900092,0,0,0
115900093,0,0,0
115900094,0,0,0
115900096,0,0,0
115900097,0,0,0
115900098,1,6,-5
115900099,1,3,-2
115900100,0,14,-14
115900101,0,0,0
115900102,0,0,0
115900103,1,0,1
115900104,42,2,40
115900105,55,8,47
115900106,0,0,0
115900107,57,8,49
115900108,0,0,0
115900109,0,106,-106
115900110,0,0,0
115900111,0,0,0
115900112,0,128,-128
115900113,0,0,0
115900114,0,0,0
115900115,0,0,0
115900116,4,82,-78
115900117,0,0,0
115900118,0,0,0
115900119,0,0,0
115900120,0,7,-7
115900121,7,6,1
115900124,26,143,-117
115900125,38,1,37
115900126,115,2,113
115900127,192,0,192
115900128,0,1,-1
115900129,52,1,51
115900130,0,5,-5
115900131,81,0,81
115900132,169,0,169
115900134,78,1,77
115900135,67,60,7
115900137,0,1,-1
115900139,0,0,0
115900140,55,2,53
115900141,0,0,0
115900142,0,0,0
115900143,0,0,0
115900144,0,0,0
115900146,18,5,13
115900147,56,94,-38
115900148,6,3,3
115900149,11,0,11
115900150,14,0,14
115900151,2,4,-2
115900152,14,17,-3
115900153,34,4,30
115900154,12,50,-38
115900155,0,0,0
115900156,41,77,-36
115900157,43,19,24
115900158,0,0,0
115900159,40,2,38
115900160,0,0,0
115900161,0,5,-5
115900163,53,0,53
115900164,163,0,163
115900166,13,1,12
115900168,0,0,0
115900171,1,21,-20
115900172,0,1,-1
115900173,42,30,12
115900174,3,12,-9
115900175,56,3,53
115900178,1,8,-7
115900179,48,0,48
115900180,0,2,-2
115900181,63,5,58
115900182,170,5,165
115900183,0,0,0
115900184,43,0,43
115900187,0,5,-5
115900189,0,15,-15
115900190,0,38,-38
115900191,0,25,-25
115900192,0,12,-12
115900193,22,10,12
115900194,123,2,121
115900195,13,343,-330
115900198,9,27,-18
115900199,9,11,-2
115900200,27,3,24
115900201,78,46,32
115900202,0,19,-19
115900203,12,0,12
115900204,0,0,0
115900205,2,0,2
115900206,0,0,0
115900207,0,0,0
115900208,15,22,-7
115900209,3,8,-5
115900210,0,22,-22
115900211,0,12,-12
115900212,0,0,0
115900213,9,27,-18
115900214,165,15,150
115900215,0,23,-23
115900216,0,0,0
115900217,0,0,0
115900218,0,0,0
115900219,17,0,17
115900220,43,0,43
115900221,23,0,23
115900222,47,8,39
115900223,0,67,-67
115900224,30,236,-206
115900225,13,14,-1
115900226,0,5,-5
115900227,0,3,-3
115900228,0,1,-1
115900229,0,6,-6
115900230,2,30,-28
115900231,0,0,0
115900232,0,0,0
115900233,0,0,0
115900234,0,0,0
115900235,0,0,0
115900236,0,0,0
115900237,0,0,0
115900238,0,0,0
115900239,0,0,0
115900240,0,0,0
115900241,0,0,0
115900242,37,54,-17
115900243,0,0,0
115900244,1,0,1
115900245,34,2,32
115900246,1,0,1
115900247,0,0,0
115900248,0,0,0
115900249,0,0,0
115900250,1,11,-10
115900251,1,0,1
115900252,2,0,2
115900253,5,1,4
115900254,0,11,-11
115900255,0,7,-7
115900256,0,0,0
115900257,0,0,0
115900258,0,0,0
115900259,0,0,0
115900260,0,0,0
115900261,0,0,0
115900262,0,0,0
115900263,0,0,0
115900264,0,0,0
115900265,0,0,0
115900266,0,0,0
115900267,0,0,0
115900268,0,0,0
115900269,0,0,0
115900270,19,3,16
115900271,35,0,35
115900272,3,3,0
115900273,0,3,-3
115900274,0,0,0
115900275,0,0,0
115900276,0,0,0
115900277,0,1,-1
115900278,0,0,0
115900279,0,0,0
115900280,22,8,14
115900281,0,0,0
115900282,0,4,-4
115900283,13,1,12
115900284,0,0,0
116000001,715,486,229
116000002,2902,8781,-5879
116000003,172,277,-105
116000004,907,3350,-2443
116000005,102,539,-437
116000006,277,727,-450
116000007,540,849,-309
116000008,1140,630,510
116000009,189,902,-713
116000010,955,620,335
116000011,373,608,-235
116000012,880,274,606
116000013,980,1079,-99
116000014,1503,7065,-5562
116000015,48,175,-127
116000016,577,3047,-2470
116000017,6,276,-270
116000018,83,69,14
116000019,380,48,332
116000020,280,86,194
116000021,222,82,140
116000022,114,105,9
116000023,193,211,-18
116000024,206,40,166
116000025,178,206,-28
116000026,536,210,326
116000027,335,361,-26
116000028,590,1623,-1033
116000029,138,177,-39
116000030,343,904,-561
116000031,0,0,0
116000032,141,5,136
116000033,542,219,323
116000034,1497,886,611
116000035,157,131,26
116000036,52,86,-34
116000037,51,189,-138
116000038,131,293,-162
116000039,46,31,15
116000040,168,346,-178
116000041,26,60,-34
116000042,541,396,145
116000043,84,142,-58
116000044,1,2,-1
116000045,2450,2075,375
116000046,479,469,10
116000047,544,925,-381
116000048,4011,1292,2719
116000049,2068,1129,939
116000050,639,315,324
116000051,3005,1029,1976
116000052,990,466,524
116000053,2938,593,2345
116000054,461,382,79
116000055,368,195,173
116000056,1569,1624,-55
116000057,478,78,400
116000058,418,663,-245
116000059,815,4584,-3769
116000060,163,323,-160
116000061,81,749,-668
116000062,99,79,20
116000063,185,839,-654
116000066,52,828,-776
116000067,28,37,-9
116000068,60,180,-120
116000069,71,47,24
116000078,176,571,-395
116000080,412,106,306
116000082,2,27,-25
116000083,460,126,334
116000084,323,860,-537
116000085,491,284,207
116000086,187,213,-26
116000087,983,726,257
116000088,175,129,46
116000089,25,7,18
116000090,39,23,16
116000091,12,21,-9
116000093,155,68,87
116000094,118,72,46
116000095,358,37,321
116000096,374,474,-100
116000097,250,44,206
116000098,39,2222,-2183
116000099,657,53,604
116000100,60,4,56
116000101,206,18,188
116000102,65,134,-69
116000103,229,33,196
116000104,146,93,53
116000105,628,5,623
116000106,260,25,235
116000107,827,8,819
116000108,0,28,-28
116000111,39,36,3
116000113,34,4,30
116000114,1,28,-27
116000115,150,15,135
116000116,8,64,-56
116000117,897,351,546
116000118,458,101,357
116000119,1507,550,957
116000120,398,230,168
116000121,364,178,186
116000122,64,35,29
116000123,984,82,902
116000124,46,68,-22
116000125,1246,88,1158
116000126,22,39,-17
116000127,133,27,106
116000128,986,118,868
116000129,254,10,244
116000130,153,81,72
116000133,285,35,250
116000134,418,132,286
116000135,1034,304,730
116000136,459,496,-37
116000137,401,205,196
116000138,181,105,76
116000139,1417,2247,-830
116000140,37,168,-131
116000141,92,43,49
116000142,1196,1763,-567
116000143,968,1043,-75
116000144,918,746,172
116000145,2000,487,1513
116000146,178,27,151
116000147,89,128,-39
116000148,136,258,-122
116000149,154,102,52
116000151,227,235,-8
116000153,81,600,-519
116000155,244,458,-214
116000156,89,44,45
116000157,63,2,61
116000158,243,20,223
116000159,13,3,10
116000160,2,10,-8
116000161,5,51,-46
116000162,1,86,-85
116000163,2,0,2
116000164,0,0,0
116000177,13,4,9
116000194,28,40,-12
116000195,398,73,325
116000196,0,0,0
116000197,0,0,0
116000198,1198,874,324
116000200,61,327,-266
116000201,157,71,86
116000202,21,38,-17
116000203,0,17,-17
116000204,0,1,-1
116000205,0,18,-18
116000206,0,1,-1
116000207,2,2,0
116000233,0,0,0
116000287,13,30,-17
116000288,127,74,53
116000292,0,0,0
116000296,7,19,-12
116000297,15,0,15
116000304,23,2,21
116000305,2,19,-17
116000346,0,0,0
116000352,0,0,0
116000354,0,0,0
116000357,0,0,0
116000358,1,1,0
116000361,9,0,9
116000372,1711,3347,-1636
116000381,17,0,17
116000388,0,1,-1
116000389,64,8,56
116000445,44,14,30
116000446,446,41,405
116000447,0,33,-33
116000448,180,60,120
116000563,282,1268,-986
116000565,9,49,-40
116000568,5,77,-72
116000579,1,17,-16
116000583,0,0,0
116000584,12,0,12
116000585,18,10,8
116000586,10,15,-5
116000587,513,170,343
116000589,22,6,16
116000590,35,1,34
116000591,198,28,170
116000592,33,44,-11
116000593,0,0,0
116000594,153,43,110
116000595,95,11,84
116000596,84,0,84
116000597,199,75,124
116000598,19,15,4
116000605,9,5,4
116000606,22,83,-61
116000607,0,0,0
116000609,16,226,-210
116000611,12,11,1
116000612,1286,1676,-390
116000613,415,126,289
116000614,46,32,14
116000615,0,0,0
116000616,53,5,48
116000617,91,2,89
116000618,1,8,-7
116000619,4,24,-20
116000620,178,43,135
116000621,68,77,-9
116000622,152,68,84
116000624,63,20,43
116000627,73,8,65
116000628,41,28,13
116000629,10,21,-11
116000630,424,0,424
116000631,136,0,136
116000632,292,0,292
116000633,52,37,15
116000634,56,4,52
116000635,1680,1595,85
116000636,240,657,-417
116000637,74,0,74
116000638,37,25,12
116000640,44,4,40
116000641,0,0,0
116000644,0,0,0
116900001,25,3,22
116900002,29,0,29
116900003,0,0,0
116900004,83,23,60
116900005,44,1,43
116900006,12,23,-11
116900007,18,0,18
116900008,44,14,30
116900009,20,1,19
116900010,0,49,-49
116900011,0,0,0
116900012,28,6,22
116900013,0,24,-24
116900014,2,0,2
116900015,118,0,118
116900016,58,2,56
116900017,0,53,-53
116900018,0,0,0
116900019,0,0,0
116900020,33,73,-40
116900023,0,0,0
116900024,184,1,183
116900025,239,19,220
116900026,0,44,-44
116900027,0,0,0
116900028,0,0,0
116900029,0,8,-8
116900031,0,0,0
116900032,3,14,-11
116900033,0,0,0
116900034,0,0,0
116900035,1,3,-2
116900036,0,8,-8
116900038,0,0,0
116900041,1,0,1
116900042,0,0,0
116900043,11,13,-2
116900047,0,22,-22
116900049,0,0,0
116900050,29,12,17
116900051,13,0,13
116900052,9,4,5
116900055,0,3,-3
116900057,0,0,0
116900058,1,10,-9
116900059,0,0,0
116900060,22,72,-50
116900062,0,6,-6
116900064,0,0,0
116900065,1,2,-1
116900067,4,0,4
116900068,81,25,56
116900070,0,0,0
116900072,0,0,0
116900073,0,0,0
116900074,0,0,0
116900076,1,2,-1
116900077,0,1,-1
116900078,0,0,0
116900079,2,22,-20
116900080,0,0,0
116900081,9,25,-16
116900082,2,67,-65
116900083,0,0,0
116900084,2,1,1
116900085,2,1,1
116900086,0,55,-55
116900088,30,0,30
116900090,0,1,-1
116900091,5,1,4
116900092,8,2,6
116900093,64,87,-23
116900094,544,696,-152
116900095,9,0,9
116900096,49,1,48
116900097,173,477,-304
116900098,21,5,16
116900099,1,59,-58
116900100,287,9,278
116900101,6,3,3
116900103,9,0,9
116900104,0,92,-92
116900105,52,14,38
116900106,776,9,767
116900107,582,816,-234
116900110,0,0,0
116900111,358,70,288
116900112,67,52,15
116900113,105,636,-531
116900116,0,20,-20
116900117,1,13,-12
116900118,72,24,48
116900120,65,4,61
116900121,64,7,57
116900122,261,32,229
116900123,46,25,21
116900124,11,11,0
116900125,43,0,43
116900126,2,162,-160
116900128,0,0,0
116900129,0,0,0
116900130,6,303,-297
116900131,0,0,0
116900132,0,0,0
116900133,0,0,0
116900134,0,0,0
116900136,0,0,0
116900137,0,0,0
116900138,0,0,0
116900139,0,0,0
116900140,0,0,0
116900141,0,0,0
116900142,0,0,0
116900143,0,0,0
116900144,0,0,0
116900145,0,0,0
116900147,0,0,0
116900148,0,0,0
116900149,0,10,-10
116900150,0,0,0
116900151,0,0,0
116900153,1,1,0
116900154,4,5,-1
116900155,0,0,0
116900157,48,2,46
116900158,5,1,4
116900159,0,11,-11
116900160,202,162,40
116900161,270,26,244
116900162,1,2,-1
116900163,44,2,42
116900164,1,0,1
116900165,138,46,92
116900166,6,0,6
116900167,44,3,41
116900168,102,4,98
116900169,5,25,-20
116900170,214,48,166
116900171,1,0,1
116900172,5,23,-18
116900173,20,0,20
116900174,0,5,-5
116900175,0,9,-9
116900178,0,2,-2
116900179,1,45,-44
116900180,3,1,2
116900182,53,8,45
116900183,37,15,22
116900185,28,3,25
116900186,1,0,1
116900187,15,3,12
116900188,30,2,28
116900189,0,0,0
116900191,15,2,13
116900192,122,20,102
116900194,2,196,-194
116900195,2,0,2
116900196,0,3,-3
116900197,26,0,26
116900198,1,21,-20
116900200,0,0,0
116900201,9,0,9
116900202,1,0,1
116900203,6,0,6
116900204,0,10,-10
116900206,0,0,0
116900207,2,0,2
116900208,2,1,1
116900209,10,2,8
116900210,11,7,4
116900211,14,2,12
116900212,0,0,0
116900213,55,13,42
116900214,0,0,0
116900215,0,13,-13
116900216,1,1,0
116900218,0,1,-1
116900219,137,3,134
116900220,0,6,-6
116900221,0,0,0
116900222,223,96,127
116900223,30,10,20
116900226,41,0,41
116900227,44,0,44
116900228,73,2,71
116900230,1,28,-27
116900231,1,22,-21
116900232,0,6,-6
116900233,95,5,90
116900234,5,0,5
116900235,0,0,0
116900238,93,4,89
116900239,0,67,-67
116900240,931,69,862
116900241,0,3,-3
116900242,70,159,-89
116900243,0,0,0
116900245,13,3,10
116900246,4,0,4
116900247,151,6,145
116900248,3,0,3
116900249,72,5,67
116900250,55,6,49
116900251,6,47,-41
116900252,59,12,47
116900253,1,0,1
116900254,0,2,-2
116900255,0,0,0
116900256,0,0,0
116900257,0,0,0
116900258,0,0,0
116900259,4,1,3
116900260,0,0,0
116900261,21,15,6
116900262,30,4,26
116900263,0,0,0
116900264,22,2,20
116900265,0,0,0
116900266,0,0,0
116900267,0,0,0
116900268,0,0,0
116900269,254,123,131
116900271,0,0,0
116900272,68,18,50
116900273,1,0,1
116900274,64,0,64
116900275,3,0,3
116900276,144,94,50
116900277,14,0,14
116900278,0,0,0
116900279,0,0,0
116900280,0,0,0
116900281,364,898,-534
116900282,0,4,-4
116900283,1,1,0
116900284,0,3,-3
116900285,3,7,-4
116900286,3,0,3
116900287,0,0,0
116900288,33,1,32
116900289,2,0,2
116900290,1,0,1
116900291,0,0,0
116900292,0,0,0
116900293,0,0,0
116900294,0,0,0
116900295,0,0,0
116900296,0,0,0
116900297,0,0,0
116900298,0,0,0
116900299,0,0,0
116900300,0,0,0
116900301,0,0,0
116900302,0,0,0
116900303,33,0,33
116900304,0,0,0
116900305,0,0,0
116900306,164,22,142
116900307,0,0,0
116900308,0,0,0
116900309,0,0,0
117000001,2524,1663,861
117000002,1457,716,741
117000003,3677,1390,2287
117000004,1515,1145,370
117000005,2616,827,1789
117000006,455,535,-80
117000007,3224,633,2591
117000008,235,670,-435
117000009,1888,542,1346
117000010,488,691,-203
117000011,1286,366,920
117000012,708,212,496
117000013,1367,273,1094
117000014,521,934,-413
117000015,564,981,-417
117000016,61,106,-45
117000017,113,117,-4
117000018,8,400,-392
117000019,8,38,-30
117000020,211,868,-657
117000021,1020,451,569
117000022,135,176,-41
117000023,86,473,-387
117000024,32,158,-126
117000025,5,199,-194
117000026,1348,1432,-84
117000027,200,206,-6
117000028,277,288,-11
117000030,202,218,-16
117000031,379,168,211
117000032,716,770,-54
117000033,526,262,264
117000034,408,174,234
117000035,488,110,378
117000036,164,141,23
117000037,315,90,225
117000038,375,329,46
117000039,152,146,6
117000040,6,161,-155
117000041,732,19,713
117000044,1,83,-82
117000045,254,99,155
117000046,192,193,-1
117000047,508,252,256
117000048,184,129,55
117000049,12,174,-162
117000050,64,253,-189
117000051,1368,8,1360
117000052,22,80,-58
117000053,294,1,293
117000054,1278,4,1274
117000055,0,168,-168
117000056,352,44,308
117000057,115,188,-73
117000060,148,68,80
117000061,1697,641,1056
117000062,69,53,16
117000063,1467,389,1078
117000064,791,165,626
117000066,46,129,-83
117000067,165,342,-177
117000074,4,93,-89
117000076,7,4,3
117000077,31,15,16
117000078,144,15,129
117000079,46,3,43
117000080,0,0,0
117000081,182,35,147
117000082,2,4,-2
117000083,21,0,21
117000084,18,0,18
117000085,119,84,35
117000086,195,79,116
117000087,0,159,-159
117000088,243,89,154
117000089,1277,107,1170
117000090,63,182,-119
117000091,927,37,890
117000092,75,158,-83
117000093,1457,101,1356
117000094,166,193,-27
117000095,2909,112,2797
117000096,178,272,-94
117000097,1951,203,1748
117000098,383,368,15
117000099,3156,304,2852
117000100,59,38,21
117000101,75,42,33
117000102,1853,166,1687
117000103,111,184,-73
117000104,1385,199,1186
117000105,72,135,-63
117000106,1769,167,1602
117000107,145,134,11
117000108,1712,753,959
117000109,424,223,201
117000110,1964,1429,535
117000111,2013,1906,107
117000112,1365,783,582
117000113,38,34,4
117000114,86,72,14
117000115,7,6,1
117000116,60,36,24
117000117,230,117,113
117000118,60,48,12
117000119,9,125,-116
117000120,7,117,-110
117000121,1,284,-283
117000122,27,341,-314
117000123,195,128,67
117000124,1,23,-22
117000125,7,42,-35
117000126,7,12,-5
117000127,5,17,-12
117000128,20,2,18
117000129,186,583,-397
117000130,26,0,26
117000131,0,0,0
117000132,1844,16,1828
117000133,1672,6,1666
117000134,0,0,0
117000135,0,0,0
117000136,0,0,0
117000137,186,125,61
117000138,0,0,0
117000140,49,121,-72
117000141,1763,228,1535
117000181,36,9,27
117000182,463,424,39
117000195,0,42,-42
117000196,122,127,-5
117000225,20,18,2
117000226,0,24,-24
117000276,222,1,221
117000277,0,17,-17
117000310,193,1449,-1256
117000315,16,230,-214
117000320,30,0,30
117000906,257,16,241
117000907,1,31,-30
117000909,40,135,-95
117000910,156,33,123
117000911,23,51,-28
117000915,13,71,-58
117000916,2,0,2
117000917,1011,16,995
117000918,97,197,-100
117000919,1,9,-8
117000920,0,139,-139
117000921,0,28,-28
117000922,10,5,5
117000924,115,313,-198
117000926,223,59,164
117000927,143,373,-230
117000928,0,0,0
117000929,56,28,28
117000930,4,0,4
117000931,57,70,-13
117900002,42,440,-398
117900003,0,0,0
117900005,0,12,-12
117900006,0,2,-2
117900007,64,13,51
117900008,0,0,0
117900010,62,18,44
117900011,0,42,-42
117900012,11,8,3
117900013,0,8,-8
117900014,171,13,158
117900015,0,21,-21
117900016,111,379,-268
117900017,257,17,240
117900018,87,16,71
117900019,249,23,226
117900020,7,43,-36
117900021,2,1,1
117900022,0,0,0
117900023,96,0,96
117900024,28,0,28
117900025,0,0,0
117900026,205,12,193
117900028,0,3,-3
117900029,126,42,84
117900030,33,155,-122
117900031,28,29,-1
117900032,200,68,132
117900033,262,39,223
117900034,0,0,0
117900035,76,7,69
117900036,147,20,127
117900037,55,5,50
117900038,0,0,0
117900039,0,0,0
117900040,0,0,0
117900041,0,0,0
117900042,223,66,157
117900043,0,0,0
117900044,0,1229,-1229
117900045,125,35,90
117900048,180,22,158
117900049,58,36,22
117900050,0,98,-98
117900051,6,0,6
117900052,0,0,0
117900053,364,53,311
117900054,0,13,-13
117900055,80,64,16
117900056,4,22,-18
117900057,128,235,-107
117900058,0,0,0
117900059,0,0,0
117900060,726,376,350
117900061,4,107,-103
117900063,86,33,53
117900065,75,62,13
117900066,0,27,-27
117900067,360,23,337
117900069,241,19,222
117900070,16,76,-60
117900071,164,66,98
117900073,273,8,265
117900074,4,72,-68
117900075,61,17,44
117900076,0,0,0
117900077,83,0,83
117900078,126,129,-3
117900080,57,29,28
117900081,46,28,18
117900082,186,95,91
117900083,254,10,244
117900086,83,15,68
117900087,4,12,-8
117900088,175,47,128
117900089,652,71,581
117900090,172,40,132
117900091,185,8,177
117900092,11,11,0
117900093,40,0,40
117900094,56,16,40
117900095,103,42,61
117900096,63,38,25
117900097,7,0,7
117900098,40,1,39
117900099,63,199,-136
117900100,178,0,178
117900101,299,642,-343
117900102,13,15,-2
117900103,17,0,17
117900104,0,78,-78
117900105,59,3,56
117900106,22,15,7
117900107,50,0,50
117900109,353,234,119
117900110,71,2,69
117900111,315,3,312
117900112,27,0,27
117900113,210,62,148
117900114,33,0,33
117900115,14,10,4
117900116,222,120,102
117900117,124,37,87
117900118,59,0,59
117900119,184,2,182
117900120,283,1,282
117900121,58,0,58
117900122,88,884,-796
117900123,181,40,141
117900124,75,84,-9
117900125,259,161,98
117900126,35,35,0
117900127,119,10,109
117900128,157,41,116
117900129,74,1,73
117900130,212,5,207
117900131,0,0,0
117900132,0,0,0
117900133,0,0,0
117900134,0,0,0
117900135,0,0,0
117900136,0,0,0
117900137,0,0,0
117900138,0,0,0
117900139,6,17,-11
117900140,933,175,758
117900141,10,89,-79
117900142,4,112,-108
117900144,0,51,-51
117900145,0,35,-35
117900146,4,67,-63
117900147,41,16,25
117900148,282,618,-336
117900149,17,5,12
117900150,2,12,-10
117900151,32,5,27
117900152,0,0,0
117900153,5,60,-55
117900154,122,68,54
117900156,149,37,112
117900157,54,45,9
117900158,33,1,32
117900160,217,79,138
117900161,118,49,69
117900162,187,94,93
117900163,11,45,-34
117900165,0,1,-1
117900166,0,22,-22
117900168,73,0,73
117900169,0,3,-3
117900170,0,0,0
117900171,0,0,0
117900172,0,0,0
117900173,3,4,-1
117900174,0,13,-13
117900175,0,0,0
117900176,1,2,-1
117900177,0,0,0
117900178,14,0,14
117900180,2,6,-4
117900181,2,303,-301
117900182,2,36,-34
117900183,14,76,-62
117900184,7,2,5
117900185,62,0,62
117900186,49,0,49
117900187,30,0,30
117900188,42,1,41
117900189,16,2,14
117900190,7,0,7
117900191,13,0,13
117900192,40,0,40
117900193,63,16,47
117900194,0,3,-3
117900195,29,0,29
117900196,23,1,22
117900207,24,17,7
117900208,3,4,-1
117900209,79,1,78
117900210,0,0,0
117900211,0,0,0
117900212,246,34,212
117900213,37,1,36
117900214,0,0,0
117900215,0,0,0
117900216,0,0,0
117900217,0,0,0
117900218,0,0,0
117900219,0,0,0
117900220,0,36,-36
117900222,5,10,-5
117900223,14,125,-111
118000001,241,805,-564
118000002,81,344,-263
118000003,1523,2818,-1295
118000004,441,408,33
118000005,993,1569,-576
118000006,1041,1695,-654
118000007,2740,4985,-2245
118000008,2237,1922,315
118000009,502,1046,-544
118000010,909,963,-54
118000011,462,179,283
118000012,298,165,133
118000013,291,322,-31
118000014,301,279,22
118000016,90,14,76
118000017,689,643,46
118000018,134,34,100
118000019,406,732,-326
118000020,48,636,-588
118000021,87,858,-771
118000022,560,356,204
118000023,225,203,22
118000024,379,419,-40
118000027,2895,4134,-1239
118000029,150,606,-456
118000032,163,1043,-880
118000033,1336,1791,-455
118000034,931,1106,-175
118000035,214,604,-390
118000036,159,375,-216
118000037,159,347,-188
118000038,88,216,-128
118000039,39,28,11
118000040,411,458,-47
118000041,300,397,-97
118000045,52,221,-169
118000046,29,1036,-1007
118000047,20,375,-355
118000048,351,1376,-1025
118000051,214,812,-598
118000052,198,659,-461
118000053,205,494,-289
118000054,535,459,76
118000055,178,508,-330
118000056,14,167,-153
118000057,43,137,-94
118000058,308,363,-55
118000059,155,847,-692
118000060,237,238,-1
118000061,210,202,8
118000062,85,27,58
118000063,71,552,-481
118000064,182,787,-605
118000065,726,239,487
118000066,265,1500,-1235
118000067,96,711,-615
118000068,233,2149,-1916
118000069,286,550,-264
118000070,578,1244,-666
118000071,351,1944,-1593
118000072,332,2781,-2449
118000073,118,992,-874
118000074,60,372,-312
118000075,158,294,-136
118000076,2781,5254,-2473
118000077,589,585,4
118000078,964,1123,-159
118000079,49,160,-111
118000080,87,266,-179
118000081,817,695,122
118000082,100,779,-679
118000083,250,912,-662
118000084,264,186,78
118000086,7,83,-76
118000087,1144,1434,-290
118000088,229,992,-763
118000089,738,803,-65
118000090,101,1211,-1110
118000091,169,1202,-1033
118000092,162,66,96
118000093,33,544,-511
118000096,39,240,-201
118000097,136,148,-12
118000098,58,277,-219
118000099,0,0,0
118000101,592,165,427
118000102,287,160,127
118000107,26,7,19
118000108,52,306,-254
118000110,0,0,0
118000111,0,0,0
118000112,165,0,165
118000113,0,0,0
118000114,239,11,228
118000115,0,17,-17
118000116,4,2,2
118000117,236,207,29
118000118,445,522,-77
118000119,412,583,-171
118000120,355,210,145
118000121,11,110,-99
118000122,53,47,6
118000123,50,162,-112
118000125,16,237,-221
118000126,99,357,-258
118000127,380,552,-172
118000128,14,471,-457
118000129,138,275,-137
118000130,438,990,-552
118000131,81,149,-68
118000132,1502,1416,86
118000133,377,214,163
118000135,169,302,-133
118000136,21,223,-202
118000137,58,66,-8
118000138,18,72,-54
118000139,108,7,101
118000140,900,4208,-3308
118000141,2199,1386,813
118000142,752,828,-76
118000143,2276,1423,853
118000144,274,160,114
118000145,633,190,443
118000146,791,76,715
118000147,675,200,475
118000148,77,568,-491
118000149,300,94,206
118000150,619,161,458
118000151,408,44,364
118000153,1944,1044,900
118000154,858,579,279
118000155,2041,1040,1001
118000156,404,890,-486
118000157,240,90,150
118000158,52,141,-89
118000159,59,66,-7
118000160,488,97,391
118000161,130,96,34
118000162,309,316,-7
118000163,672,799,-127
118000164,963,831,132
118000168,97,0,97
118000169,193,371,-178
118000170,846,893,-47
118000171,121,94,27
118000172,36,64,-28
118000173,470,303,167
118000175,188,195,-7
118000176,338,389,-51
118000177,255,441,-186
118000178,2,24,-22
118000179,543,700,-157
118000180,449,277,172
118000181,126,26,100
118000182,80,105,-25
118000183,81,73,8
118000184,762,279,483
118000185,122,421,-299
118000186,63,330,-267
118000187,762,136,626
118000188,75,5,70
118000189,27,13,14
118000190,2,3,-1
118000191,3,6,-3
118000192,2,88,-86
118000193,0,203,-203
118000194,539,941,-402
118000195,48,714,-666
118000196,6,76,-70
118000197,79,317,-238
118000198,330,801,-471
118000199,438,678,-240
118000200,0,0,0
118000201,58,230,-172
118000202,0,0,0
118000203,24,145,-121
118000204,1,34,-33
118000205,35,27,8
118000206,316,82,234
118000207,0,49,-49
118000208,525,711,-186
118000209,965,209,756
118000210,70,11,59
118000211,59,14,45
118000213,87,567,-480
118000214,93,30,63
118000215,94,5,89
118000216,463,3,460
118000217,0,20,-20
118000218,20,2,18
118000219,95,40,55
118000220,9,48,-39
118000221,27,290,-263
118000222,16,1,15
118000223,66,10,56
118000224,47,8,39
118000225,0,0,0
118000226,132,13,119
118000227,29,108,-79
118000228,0,0,0
118000229,0,0,0
118000230,0,0,0
118000231,0,0,0
118000232,0,0,0
118000233,439,140,299
118000234,0,0,0
118000236,112,1,111
118000237,0,0,0
118000238,208,1,207
118000239,331,138,193
118000240,37,9,28
118000241,32,11,21
118000242,0,0,0
118000243,0,0,0
118000244,4,18,-14
118000246,0,0,0
118000255,49,227,-178
118000256,50,144,-94
118000259,0,1,-1
118000260,55,0,55
118000261,0,1,-1
118000263,18,26,-8
118000266,38,23,15
118000267,0,0,0
118000268,79,3,76
118000270,0,0,0
118000271,67,54,13
118000272,18,0,18
118000273,0,0,0
118000274,0,0,0
118000276,106,15,91
118000295,0,0,0
118000298,0,2,-2
118000299,0,0,0
118000301,0,0,0
118000302,12,2,10
118000311,174,15,159
118000312,0,0,0
118000313,9,8,1
118000314,5,3,2
118000315,0,2,-2
118000316,13,8,5
118000325,126,2,124
118000326,9,14,-5
118000331,181,1,180
118000332,48,0,48
118000333,94,4,90
118000335,121,4,117
118000336,0,0,0
118000407,114,9,105
118000457,0,0,0
118000465,151,264,-113
118000480,2,1,1
118000489,2,196,-194
118000490,2,38,-36
118000492,243,40,203
118000510,0,0,0
118000514,11,9,2
118000515,39,137,-98
118000517,116,41,75
118000524,8,31,-23
118000525,4,4,0
118000530,7,30,-23
118000531,183,114,69
118000532,0,0,0
118000533,0,0,0
118000534,0,0,0
118000535,74,22,52
118000536,0,1,-1
118000537,0,2,-2
118000538,0,15,-15
118000539,20,122,-102
118000540,6,1,5
118000541,16,0,16
118000542,37,29,8
118000543,38,10,28
118000546,0,1,-1
118000553,0,0,0
118000557,0,0,0
118000560,0,0,0
118000562,0,0,0
118000563,595,727,-132
118000576,128,39,89
118000577,37,128,-91
118000578,70,19,51
118000579,69,234,-165
118000583,0,0,0
118000595,102,72,30
118000596,0,0,0
118000597,37,88,-51
118000598,2,0,2
118000599,251,6,245
118000600,0,0,0
118000601,0,0,0
118000602,10,2,8
118000603,0,1,-1
118000605,3,6,-3
118900001,0,0,0
118900002,59,0,59
118900003,60,0,60
118900004,1,0,1
118900005,0,0,0
118900006,0,0,0
118900007,0,0,0
118900008,158,0,158
118900009,0,0,0
118900010,0,0,0
118900011,0,0,0
118900012,96,48,48
118900013,0,0,0
118900015,0,0,0
118900016,0,0,0
118900017,0,0,0
118900018,0,0,0
118900019,0,0,0
118900020,0,0,0
118900021,4,9,-5
118900022,9,1,8
118900023,0,0,0
118900024,0,0,0
118900025,0,0,0
118900026,4,0,4
118900027,0,0,0
118900028,53,17,36
118900029,0,0,0
118900030,0,0,0
118900031,3,1,2
118900032,0,0,0
118900033,0,0,0
118900034,0,0,0
118900035,13,0,13
118900036,140,31,109
118900037,0,0,0
118900038,83,2,81
118900039,0,0,0
118900040,59,8,51
118900041,0,0,0
118900042,3,5,-2
118900045,1,11,-10
118900046,4,6,-2
118900047,5,13,-8
118900048,0,0,0
118900049,0,0,0
118900050,0,0,0
118900051,5,19,-14
118900052,0,0,0
118900053,0,0,0
118900054,16,2,14
118900055,0,0,0
118900056,0,6,-6
118900057,101,38,63
118900058,0,0,0
118900059,0,0,0
118900060,36,2,34
118900062,0,0,0
118900064,0,0,0
118900065,0,0,0
118900066,0,0,0
118900067,22,101,-79
118900068,0,0,0
118900069,2,0,2
118900071,0,0,0
118900072,0,0,0
118900073,0,0,0
118900074,0,0,0
118900075,0,0,0
118900076,0,0,0
118900077,0,0,0
118900078,0,0,0
118900079,0,0,0
118900080,0,0,0
118900081,0,0,0
118900082,3,0,3
118900083,0,0,0
118900084,0,0,0
118900085,0,0,0
118900086,0,0,0
118900087,0,0,0
118900088,0,0,0
118900089,0,0,0
118900090,0,0,0
118900091,0,0,0
118900092,0,0,0
118900093,0,0,0
118900096,0,5,-5
118900097,15,40,-25
118900099,1,6,-5
118900100,0,0,0
118900101,0,0,0
118900102,0,0,0
118900103,0,0,0
118900104,7,0,7
118900105,0,0,0
118900107,0,0,0
118900108,0,0,0
118900110,30,1,29
118900111,0,0,0
118900112,0,0,0
118900113,0,0,0
118900114,0,0,0
118900115,3,17,-14
118900116,2,0,2
118900117,19,18,1
118900118,2,0,2
118900119,16,1,15
118900120,0,3,-3
118900121,0,0,0
118900122,0,0,0
118900123,53,5,48
118900124,0,0,0
118900126,0,0,0
118900129,0,0,0
118900130,0,0,0
118900131,62,0,62
118900132,0,0,0
118900133,0,0,0
118900135,0,0,0
118900136,151,25,126
118900137,0,0,0
118900139,0,0,0
118900140,121,26,95
118900141,0,0,0
118900144,40,13,27
118900145,0,0,0
118900146,10,23,-13
118900147,0,0,0
118900148,0,0,0
118900150,0,0,0
118900152,0,0,0
118900157,0,0,0
118900158,0,0,0
118900159,0,0,0
118900161,0,0,0
118900163,0,0,0
118900164,0,0,0
118900165,0,0,0
118900166,0,0,0
118900167,0,0,0
118900168,0,0,0
118900169,0,0,0
118900170,0,0,0
118900171,0,0,0
118900174,0,0,0
118900175,57,22,35
118900176,25,28,-3
118900177,0,0,0
118900178,0,0,0
118900179,0,0,0
118900181,38,2,36
118900182,0,0,0
118900183,0,0,0
118900184,0,0,0
118900185,19,0,19
118900186,2,6,-4
118900187,9,6,3
118900188,18,1,17
118900189,0,0,0
118900190,0,0,0
118900191,0,0,0
118900192,0,0,0
118900193,0,0,0
118900195,47,0,47
118900196,0,0,0
118900197,0,0,0
118900198,0,0,0
118900199,0,0,0
118900200,0,0,0
118900201,0,0,0
118900202,0,0,0
118900203,0,0,0
118900204,0,0,0
118900205,0,0,0
118900206,0,0,0
119000001,980,638,342
119000002,1732,649,1083
119000003,773,266,507
119000004,499,1069,-570
119000005,922,1202,-280
119000006,909,489,420
119000007,1392,1662,-270
119000008,322,379,-57
119000009,793,2076,-1283
119000010,867,1035,-168
119000011,871,797,74
119000012,549,937,-388
119000013,2276,1057,1219
119000014,644,1247,-603
119000019,21,16,5
119000020,469,715,-246
119000021,859,1179,-320
119000022,65,299,-234
119000023,56,148,-92
119000024,315,6561,-6246
119000025,1188,377,811
119000026,17,132,-115
119000027,21,219,-198
119000028,1146,312,834
119000029,8,94,-86
119000030,215,515,-300
119000031,226,390,-164
119000032,130,491,-361
119000033,1047,585,462
119000034,357,239,118
119000035,1,48,-47
119000036,998,162,836
119000037,447,338,109
119000038,18,103,-85
119000039,279,178,101
119000040,87,376,-289
119000041,214,610,-396
119000048,1504,485,1019
119000049,529,238,291
119000050,265,458,-193
119000051,303,174,129
119000052,325,380,-55
119000053,479,382,97
119000054,1161,489,672
119000055,2646,437,2209
119000056,1616,427,1189
119000057,629,417,212
119000058,459,350,109
119000059,612,293,319
119000060,415,94,321
119000061,123,246,-123
119000062,127,139,-12
119000063,284,197,87
119000064,124,132,-8
119000065,144,287,-143
119000066,527,448,79
119000067,506,347,159
119000068,595,175,420
119000069,420,235,185
119000070,593,202,391
119000071,11,119,-108
119000072,572,289,283
119000073,797,1959,-1162
119000074,1214,374,840
119000075,1119,718,401
119000076,13,226,-213
119000077,138,114,24
119000078,73,13,60
119000079,19,131,-112
119000080,188,22,166
119000081,94,59,35
119000082,113,14,99
119000083,76,40,36
119000084,103,73,30
119000085,100,20,80
119000086,63,27,36
119000087,336,119,217
119000088,83,1,82
119000089,4,8,-4
119000090,39,61,-22
119000091,30,41,-11
119000092,140,94,46
119000093,851,617,234
119000094,1195,1135,60
119000095,711,463,248
119000097,589,408,181
119000098,331,1976,-1645
119000099,1034,263,771
119000100,1607,794,813
119000101,691,551,140
119000102,24,151,-127
119000103,397,186,211
119000104,120,24,96
119000105,174,491,-317
119000106,73,61,12
119000107,470,250,220
119000108,128,105,23
119000109,10,35,-25
119000110,0,0,0
119000111,1,6,-5
119000112,0,0,0
119000113,85,3,82
119000114,15,107,-92
119000115,20,60,-40
119000116,5,51,-46
119000117,12,56,-44
119000118,0,0,0
119000123,226,599,-373
119000124,229,41,188
119000125,1494,182,1312
119000126,714,212,502
119000127,85,32,53
119000128,0,0,0
119000131,349,24,325
119000132,0,0,0
119000133,1,4,-3
119000134,239,440,-201
119000135,28,5,23
119000136,0,0,0
119000137,12,2,10
119000138,0,0,0
119000139,8,2,6
119000140,0,0,0
119000284,218,468,-250
119000285,238,198,40
119000286,920,705,215
119000287,483,353,130
119000288,342,174,168
119000289,205,454,-249
119000290,174,222,-48
119000291,0,39,-39
119000293,109,147,-38
119000294,51,20,31
119000295,100,122,-22
119000296,69,13,56
119000302,1125,862,263
119000303,4,17,-13
119000304,0,0,0
119000310,0,0,0
119000314,235,2308,-2073
119000315,0,4,-4
119000316,0,0,0
119000317,9,4,5
119900001,29,172,-143
119900002,46,26,20
119900003,0,12,-12
119900004,0,0,0
119900005,0,0,0
119900006,27,19,8
119900007,7,0,7
119900008,0,0,0
119900009,52,46,6
119900010,151,196,-45
119900011,0,0,0
119900012,0,0,0
119900013,149,169,-20
119900014,102,67,35
119900015,0,0,0
119900016,0,0,0
119900017,6,3,3
119900018,82,168,-86
119900019,0,0,0
119900020,0,0,0
119900021,0,0,0
119900022,14,121,-107
119900023,78,532,-454
119900025,0,0,0
119900026,0,0,0
119900027,1,9,-8
119900028,25,24,1
119900029,0,0,0
119900030,0,0,0
119900031,1,195,-194
119900033,211,90,121
119900034,0,0,0
119900037,65,0,65
119900038,5,18,-13
119900039,0,0,0
119900040,109,4,105
119900041,0,0,0
119900042,0,0,0
119900043,53,2,51
119900044,13,92,-79
119900046,0,0,0
119900047,0,0,0
119900048,26,2,24
119900049,60,0,60
119900050,20,28,-8
119900051,263,5,258
119900052,0,0,0
119900053,0,0,0
119900054,122,1,121
119900055,238,44,194
119900057,0,0,0
119900058,0,0,0
119900059,3,11,-8
119900060,51,11,40
119900061,53,1,52
119900062,3,1,2
119900063,0,0,0
119900065,79,0,79
119900066,0,0,0
119900067,0,0,0
119900068,11,0,11
119900069,23,2,21
119900070,237,0,237
119900071,115,1,114
119900073,52,0,52
119900074,0,0,0
119900075,355,403,-48
119900076,1,0,1
119900077,196,26,170
119900078,131,6,125
119900079,61,1,60
119900080,204,76,128
119900081,103,29,74
119900082,912,161,751
119900083,115,108,7
119900084,0,0,0
119900085,0,0,0
119900086,44,7,37
119900087,0,0,0
119900088,0,0,0
119900089,0,25,-25
119900090,0,0,0
119900091,1,6,-5
119900092,0,0,0
119900093,0,0,0
119900094,0,0,0
119900095,0,0,0
119900096,0,0,0
119900097,15,0,15
119900098,0,0,0
119900099,0,0,0
119900100,50,104,-54
119900101,1,112,-111
119900102,0,0,0
119900103,0,0,0
119900104,0,0,0
119900105,19,13,6
119900106,0,0,0
119900107,0,0,0
119900108,349,95,254
119900109,0,0,0
119900110,26,12,14
119900111,18,1,17
119900112,0,0,0
119900113,2,2,0
119900114,29,35,-6
119900115,19,8,11
119900116,0,9,-9
119900117,14,17,-3
119900118,36,18,18
119900119,1,2,-1
119900120,19,6,13
119900121,1,3,-2
119900122,1,0,1
119900123,3,1,2
119900124,0,14,-14
119900125,0,0,0
119900126,140,26,114
119900127,32,0,32
119900128,0,2,-2
119900129,2,0,2
119900130,0,0,0
119900131,1,2,-1
119900132,1,0,1
119900133,0,0,0
119900134,12,0,12
119900135,0,0,0
119900136,0,0,0
119900138,0,0,0
119900139,0,0,0
119900140,1,15,-14
119900141,0,0,0
119900142,0,0,0
119900143,8,23,-15
119900144,0,0,0
119900145,0,0,0
119900146,0,0,0
119900147,0,0,0
119900148,9,0,9
119900149,2,591,-589
119900150,0,0,0
119900151,145,53,92
119900152,0,0,0
119900153,6,2,4
119900154,3,13,-10
119900155,0,0,0
119900156,25,6,19
119900157,0,0,0
119900158,19,19,0
119900159,2,34,-32
119900160,0,0,0
119900161,29,8,21
119900162,90,22,68
119900163,0,0,0
119900164,0,0,0
119900165,0,0,0
119900166,27,17,10
119900167,0,0,0
119900168,116,8,108
119900169,0,0,0
119900170,0,0,0
119900171,18,1,17
119900172,6,28,-22
119900173,0,4,-4
119900174,0,0,0
119900175,160,9,151
119900177,1,5,-4
119900178,0,0,0
119900179,26,186,-160
119900180,149,5,144
119900181,2,17,-15
119900182,0,18,-18
119900183,28,37,-9
119900184,37,43,-6
119900185,2,78,-76
119900186,0,0,0
119900187,6,5,1
119900188,90,68,22
119900189,0,0,0
119900190,0,0,0
119900191,2,4,-2
119900192,2,28,-26
119900193,75,10,65
119900194,2,4,-2
119900195,0,3,-3
119900196,0,0,0
119900197,0,0,0
119900198,1,6,-5
119900199,24,0,24
119900200,0,0,0
119900201,5,1,4
119900202,0,8,-8
119900203,0,0,0
119900204,11,9,2
119900205,245,14,231
119900206,0,0,0
119900208,0,0,0
119900209,54,92,-38
119900210,0,0,0
119900211,0,0,0
119900212,371,20,351
119900213,0,0,0
119900214,0,0,0
119900215,0,0,0
119900216,0,0,0
119900217,0,0,0
119900218,0,0,0
119900219,0,0,0
119900220,0,0,0
119900221,0,0,0
119900222,0,0,0
119900223,0,0,0
119900224,0,0,0
119900225,0,0,0
119900226,7,116,-109
119900227,25,14,11
119900228,0,1,-1
119900229,0,0,0
119900230,2,1,1
119900231,24,16,8
119900232,0,0,0
119900233,8,0,8
119900234,0,0,0
119900235,0,0,0
119900236,1,0,1
119900237,4,1,3
119900238,0,0,0
119900240,0,0,0
119900241,0,0,0
119900242,71,7,64
119900244,39,84,-45
119900245,0,0,0
119900246,0,0,0
119900247,0,22,-22
119900248,0,0,0
119900249,1,0,1
119900253,111,107,4
119900254,3,259,-256
119900255,0,5,-5
119900256,143,35,108
119900257,0,0,0
119900258,5,0,5
119900259,0,0,0
119900260,0,0,0
119900261,81,21,60
119900262,0,3,-3
119900263,336,24,312
119900264,0,0,0
119900265,0,0,0
119900266,0,0,0
119900267,0,16,-16
119900268,9,4,5
119900269,48,0,48
119900271,0,0,0
119900272,4,2,2
119900275,28,0,28
119900276,40,0,40
119900277,0,19,-19
119900278,0,0,0
119900279,0,0,0
119900280,57,13,44
119900281,0,0,0
119900282,0,0,0
119900283,0,10,-10
119900284,173,97,76
119900285,0,0,0
119900286,0,0,0
119900288,9,13,-4
119900289,0,0,0
119900290,0,0,0
119900291,0,0,0
119900292,18,6,12
119900293,1,0,1
119900294,0,1,-1
119900295,89,2,87
119900296,82,16,66
119900297,0,2,-2
119900298,2,1,1
119900299,0,0,0
119900300,5,0,5
119900301,0,0,0
119900302,0,0,0
119900303,0,0,0
119900304,0,0,0
119900305,0,0,0
119900306,0,0,0
119900307,0,0,0
119900308,0,0,0
119900309,2,46,-44
119900310,17,9,8
119900311,0,0,0
119900312,57,4,53
119900313,2,0,2
119900314,0,0,0
119900315,265,58,207
119900318,0,0,0
119900319,24,5,19
119900320,72,13,59
119900321,37,14,23
120000001,4279,12158,-7879
120000002,671,502,169
120000003,500,512,-12
120000004,855,707,148
120000005,906,618,288
120000006,316,331,-15
120000007,902,489,413
120000008,314,349,-35
120000009,353,272,81
120000010,635,359,276
120000011,179,202,-23
120000012,306,382,-76
120000013,1049,547,502
120000014,338,441,-103
120000015,1311,770,541
120000016,2751,1715,1036
120000017,1659,1578,81
120000018,1938,5693,-3755
120000019,323,551,-228
120000020,1489,1192,297
120000021,733,1431,-698
120000022,3204,3333,-129
120000023,707,836,-129
120000024,662,778,-116
120000025,1930,595,1335
120000026,1264,1673,-409
120000027,1831,1771,60
120000028,408,164,244
120000029,193,475,-282
120000030,7,204,-197
120000031,397,1099,-702
120000032,1318,932,386
120000033,1082,213,869
120000034,1322,199,1123
120000035,1186,217,969
120000036,1397,1870,-473
120000037,548,1459,-911
120000038,1074,2098,-1024
120000039,16,136,-120
120000040,13,91,-78
120000041,53,145,-92
120000042,396,392,4
120000043,1817,628,1189
120000044,3313,638,2675
120000045,3241,231,3010
120000046,1831,1312,519
120000047,216,2323,-2107
120000048,2083,1691,392
120000049,1460,649,811
120000050,1019,1016,3
120000051,841,1400,-559
120000052,1088,757,331
120000053,620,581,39
120000054,387,591,-204
120000055,787,645,142
120000056,1863,994,869
120000057,807,246,561
120000058,202,346,-144
120000059,224,1030,-806
120000061,1,162,-161
120000062,98,62,36
120000063,238,267,-29
120000064,156,205,-49
120000065,248,184,64
120000066,87,71,16
120000067,1,101,-100
120000068,37,179,-142
120000069,278,156,122
120000070,71,176,-105
120000071,293,20,273
120000072,601,102,499
120000073,390,27,363
120000074,58,5,53
120000075,658,49,609
120000076,1325,93,1232
120000077,881,152,729
120000078,471,204,267
120000079,374,122,252
120000080,85,76,9
120000081,251,59,192
120000082,184,216,-32
120000083,16,974,-958
120000084,61,52,9
120000085,102,19,83
120000086,53,37,16
120000087,56,50,6
120000088,344,255,89
120000089,1109,178,931
120000090,307,136,171
120000091,545,215,330
120000092,496,149,347
120000093,354,144,210
120000094,169,357,-188
120000095,295,79,216
120000096,88,121,-33
120000098,337,93,244
120000099,83,94,-11
120000100,299,126,173
120000101,193,100,93
120000102,367,819,-452
120000103,748,564,184
120000104,1732,182,1550
120000105,2313,104,2209
120000106,2178,92,2086
120000107,3506,87,3419
120000108,1238,16,1222
120000109,824,15,809
120000110,1,140,-139
120000111,5,127,-122
120000112,17,276,-259
120000113,43,204,-161
120000114,67,200,-133
120000115,45,203,-158
120000116,62,261,-199
120000117,287,151,136
120000118,2,21,-19
120000119,6,69,-63
120000120,35,96,-61
120000121,20,33,-13
120000122,83,363,-280
120000123,509,3474,-2965
120000124,230,186,44
120000125,327,91,236
120000126,141,210,-69
120000127,136,206,-70
120000128,394,793,-399
120000129,81,53,28
120000130,459,180,279
120000131,135,173,-38
120000134,53,19,34
120000135,38,254,-216
120000137,42,21,21
120000138,199,52,147
120000139,98,17,81
120000140,163,9,154
120000141,236,25,211
120000142,376,95,281
120000143,0,3,-3
120000144,53,0,53
120000145,52,0,52
120000146,441,685,-244
120000149,137,176,-39
120000150,211,3471,-3260
120000151,190,90,100
120000152,353,67,286
120000153,44,46,-2
120000154,97,99,-2
120000155,70,89,-19
120000156,120,407,-287
120000157,434,128,306
120000158,95,75,20
120000159,550,695,-145
120000160,969,791,178
120000161,679,782,-103
120000162,11,175,-164
120000163,274,112,162
120000164,180,55,125
120000165,183,43,140
120000166,836,49,787
120000167,0,0,0
120000168,0,0,0
120000169,0,0,0
120000170,0,0,0
120000171,0,0,0
120000172,0,0,0
120000173,36,0,36
120000174,3,0,3
120000175,3,0,3
120000176,0,5,-5
120000177,49,8,41
120000178,0,0,0
120000179,0,0,0
120000180,8,1,7
120000181,4,78,-74
120000182,2,85,-83
120000183,0,103,-103
120000184,27,353,-326
120000186,0,58,-58
120000187,5,21,-16
120000188,4,54,-50
120000190,14,101,-87
120000191,30,52,-22
120000192,14,40,-26
120000193,25,27,-2
120000195,2,0,2
120000196,15,2,13
120000197,0,7,-7
120000198,21,0,21
120000199,0,0,0
120000200,0,0,0
120000201,0,0,0
120000202,0,0,0
120000203,0,0,0
120000207,0,0,0
120000208,0,0,0
120000209,0,0,0
120000210,0,0,0
120000211,0,0,0
120000212,0,0,0
120000213,0,0,0
120000214,0,0,0
120000215,0,0,0
120000216,0,0,0
120000217,0,0,0
120000218,0,0,0
120000219,0,0,0
120000220,0,0,0
120000225,818,3,815
120000226,122,2,120
120000227,236,4,232
120000228,0,0,0
120000230,58,5,53
120000231,212,19,193
120000233,286,1,285
120000235,0,54,-54
120000236,625,1,624
120000237,0,35,-35
120000238,0,0,0
120000241,690,1419,-729
120000412,89,1,88
120000413,101,24,77
120000414,130,0,130
120000415,0,7,-7
120000416,38,0,38
120000417,0,2,-2
120000418,121,2,119
120000419,0,1,-1
120000420,37,51,-14
120000421,1562,1140,422
120000422,3,302,-299
120000423,0,0,0
120000424,0,0,0
120000436,57,655,-598
120000437,3,6,-3
120000438,166,80,86
120000439,180,237,-57
120000443,114,0,114
120000444,949,71,878
120000445,689,563,126
120000446,122,32,90
120000447,251,2,249
120000449,99,0,99
120000450,0,7,-7
120000451,39,55,-16
120000452,301,27,274
120000453,0,0,0
120000454,60,7,53
120000455,13,37,-24
120000456,53,587,-534
120000457,152,109,43
120000458,170,88,82
120000459,68,21,47
120000665,6,105,-99
120000668,7,239,-232
120000669,95,97,-2
120000670,7,172,-165
120000671,421,186,235
120000672,7,120,-113
120900001,39,1,38
120900002,1,9,-8
120900003,0,0,0
120900004,0,30,-30
120900005,17,46,-29
120900006,230,18,212
120900007,2,3,-1
120900008,120,60,60
120900009,0,0,0
120900010,183,29,154
120900011,0,0,0
120900012,4,318,-314
120900013,85,8,77
120900014,4,10,-6
120900015,435,9,426
120900016,588,3,585
120900017,133,4,129
120900018,46,14,32
120900019,113,129,-16
120900020,60,174,-114
120900021,288,5,283
120900022,2,6,-4
120900023,349,3,346
120900024,359,21,338
120900025,129,55,74
120900026,4,21,-17
120900027,0,0,0
120900028,410,73,337
120900029,0,0,0
120900030,544,59,485
120900031,245,7,238
120900032,742,32,710
120900033,504,15,489
120900034,1,696,-695
120900035,16,0,16
120900037,95,5,90
120900038,0,0,0
120900039,0,0,0
120900040,104,0,104
120900041,1,2,-1
120900042,214,21,193
120900043,28,1,27
120900044,1,142,-141
120900045,6,3,3
120900046,307,3,304
120900047,0,0,0
120900048,0,0,0
120900049,190,0,190
120900050,127,499,-372
120900051,140,50,90
120900052,215,0,215
120900053,142,9,133
120900054,178,7,171
120900055,276,0,276
120900056,0,0,0
120900057,0,0,0
120900058,422,2,420
120900059,86,0,86
120900060,36,11,25
120900061,21,3,18
120900062,166,1,165
120900063,0,0,0
120900064,229,0,229
120900065,240,0,240
120900066,265,16,249
120900067,86,9,77
120900068,106,0,106
120900069,0,0,0
120900071,27,8,19
120900072,0,0,0
120900073,0,0,0
120900074,154,13,141
120900076,140,0,140
120900077,502,264,238
120900078,555,81,474
120900079,153,2,151
120900080,104,10,94
120900081,556,96,460
120900082,164,20,144
120900083,98,0,98
120900084,68,134,-66
120900085,0,0,0
120900086,4,212,-208
120900087,245,37,208
120900088,10,135,-125
120900089,263,1350,-1087
120900090,48,5,43
120900091,71,241,-170
120900092,10,16,-6
120900093,0,0,0
120900094,11,34,-23
120900095,0,0,0
120900096,0,4,-4
120900097,34,18,16
120900098,0,0,0
120900099,1,2,-1
120900100,0,0,0
120900101,0,0,0
120900102,0,0,0
120900103,18,14,4
120900104,3,0,3
120900105,0,0,0
120900106,86,34,52
120900107,31,2,29
120900108,0,0,0
120900109,18,29,-11
120900110,0,0,0
120900111,6,4,2
120900112,0,0,0
120900113,4,36,-32
120900114,0,8,-8
120900115,40,73,-33
120900116,53,13,40
120900117,0,0,0
120900118,5,34,-29
120900119,591,281,310
120900120,2,20,-18
120900121,0,10,-10
120900122,89,11,78
120900123,0,0,0
120900124,0,32,-32
120900125,0,25,-25
120900126,37,17,20
120900127,0,0,0
120900128,34,14,20
120900129,52,15,37
120900130,9,20,-11
120900131,0,0,0
120900132,529,18,511
120900133,0,22,-22
120900134,7,9,-2
120900135,24,22,2
120900136,0,0,0
120900137,120,17,103
120900138,0,8,-8
120900139,0,31,-31
120900140,0,0,0
120900141,66,16,50
120900142,0,20,-20
120900143,0,16,-16
120900144,0,8,-8
120900145,15,19,-4
120900146,0,26,-26
120900147,0,0,0
120900148,34,24,10
120900149,0,6,-6
120900150,0,21,-21
120900151,0,9,-9
120900152,0,0,0
120900153,0,0,0
120900154,0,3,-3
120900155,8,7,1
120900156,48,10,38
120900157,0,0,0
120900158,0,2,-2
120900159,0,0,0
120900160,2,8,-6
120900161,0,0,0
120900162,0,0,0
120900163,0,0,0
120900164,0,0,0
120900165,0,0,0
120900166,0,0,0
120900167,0,0,0
120900169,0,0,0
120900170,28,995,-967
120900171,62,10,52
120900172,0,0,0
120900173,0,4,-4
120900174,0,0,0
120900175,44,0,44
120900176,3,131,-128
120900177,0,504,-504
120900178,0,179,-179
120900179,24,6,18
120900180,4,0,4
120900181,0,0,0
120900182,0,0,0
120900183,31,13,18
120900184,0,0,0
120900185,0,0,0
120900186,0,19,-19
120900187,122,63,59
120900188,6,1,5
120900189,0,0,0
120900190,66,10,56
120900191,0,0,0
120900192,552,2008,-1456
120900194,17,0,17
120900195,0,12,-12
120900196,0,0,0
120900197,318,18,300
120900198,2,35,-33
120900199,38,71,-33
120900200,1,0,1
120900201,76,6,70
120900202,0,17,-17
120900203,15,5,10
120900204,7,12,-5
120900205,3,0,3
120900206,5,1,4
120900207,1,37,-36
121000001,146,477,-331
121000002,280,866,-586
121000003,237,912,-675
121000004,320,1026,-706
121000005,1341,2672,-1331
121000006,597,1172,-575
121000007,187,1349,-1162
121000008,596,1226,-630
121000009,743,2728,-1985
121000010,800,1146,-346
121000011,1212,3100,-1888
121000012,1900,1278,622
121000013,1572,3337,-1765
121000014,2021,1277,744
121000015,2221,3742,-1521
121000016,771,479,292
121000017,369,1687,-1318
121000018,755,963,-208
121000019,1635,2298,-663
121000020,3374,6148,-2774
121000021,231,250,-19
121000022,368,1931,-1563
121000023,525,210,315
121000024,1174,1460,-286
121000025,42,258,-216
121000026,64,131,-67
121000027,121,516,-395
121000028,50,158,-108
121000029,51,119,-68
121000030,0,0,0
121000031,30,176,-146
121000032,0,0,0
121000034,19,43,-24
121000035,0,16,-16
121000036,121,257,-136
121000037,105,411,-306
121000038,574,545,29
121000039,82,33,49
121000041,81,216,-135
121000042,5,218,-213
121000043,307,348,-41
121000044,24,215,-191
121000045,46,203,-157
121000046,0,0,0
121000047,4,38,-34
121000049,425,297,128
121000050,55,1494,-1439
121000051,191,87,104
121000052,84,840,-756
121000053,21,43,-22
121000054,0,24,-24
121000055,228,599,-371
121000056,698,502,196
121000057,1,11,-10
121000058,45,61,-16
121000059,259,1016,-757
121000060,428,639,-211
121000061,1,379,-378
121000062,193,209,-16
121000063,103,603,-500
121000064,139,564,-425
121000065,45,119,-74
121000066,22,24,-2
121000067,70,38,32
121000068,89,560,-471
121000069,11,540,-529
121000070,242,228,14
121000071,272,910,-638
121000072,89,43,46
121000073,99,437,-338
121000074,2,30,-28
121000075,1,3,-2
121000076,13,27,-14
121000077,11,72,-61
121000078,7,48,-41
121000080,120,103,17
121000081,385,1305,-920
121000082,1,12,-11
121000083,18,73,-55
121000084,0,0,0
121000085,27,12,15
121000086,11,234,-223
121000087,3,176,-173
121000088,143,66,77
121000089,3,242,-239
121000090,45,63,-18
121000091,407,854,-447
121000092,19,33,-14
121000093,36,105,-69
121000094,57,142,-85
121000095,14,173,-159
121000096,537,187,350
121000097,108,616,-508
121000098,120,140,-20
121000099,131,141,-10
121000100,188,158,30
121000101,51,92,-41
121000102,8,4,4
121000103,19,68,-49
121000104,5,3,2
121000105,2,4,-2
121000106,30,92,-62
121000107,675,1452,-777
121000109,318,1002,-684
121000110,20,587,-567
121000114,756,1357,-601
121000115,143,88,55
121000116,61,125,-64
121000117,145,24,121
121000118,162,39,123
121000119,23,31,-8
121000120,101,398,-297
121000121,58,84,-26
121000123,64,77,-13
121000127,1,22,-21
121000128,207,60,147
121000129,93,61,32
121000130,87,187,-100
121000131,25,161,-136
121000132,51,264,-213
121000135,92,119,-27
121000136,245,536,-291
121000137,53,95,-42
121000138,133,1019,-886
121000139,0,0,0
121000141,35,8,27
121000142,17,71,-54
121000143,4,19,-15
121000144,535,617,-82
121000145,142,157,-15
121000146,172,79,93
121000147,80,29,51
121000148,79,104,-25
121000149,459,508,-49
121000152,112,73,39
121000153,113,64,49
121000154,208,64,144
121000155,220,283,-63
121000156,79,161,-82
121000157,204,262,-58
121000158,454,256,198
121000159,225,114,111
121000160,175,67,108
121000161,119,204,-85
121000162,95,59,36
121000165,637,1743,-1106
121000166,23,259,-236
121000168,38,72,-34
121000169,0,16,-16
121000170,84,2,82
121000171,7,39,-32
121000172,153,279,-126
121000173,531,535,-4
121000174,256,441,-185
121000175,385,106,279
121000176,118,166,-48
121000177,149,60,89
121000178,95,38,57
121000179,7,24,-17
121000181,118,67,51
121000182,162,267,-105
121000183,18,166,-148
121000184,13,321,-308
121000185,4,670,-666
121000186,111,741,-630
121000187,125,105,20
121000188,28,61,-33
121000192,145,43,102
121000193,35,44,-9
121000194,427,938,-511
121000195,246,529,-283
121000196,51,114,-63
121000197,42,73,-31
121000198,37,156,-119
121000199,21,56,-35
121000200,115,112,3
121000201,1,67,-66
121000202,51,0,51
121000203,5,54,-49
121000204,578,25,553
121000205,106,109,-3
121000206,119,137,-18
121000207,460,255,205
121000208,0,96,-96
121000209,332,15,317
121000210,332,113,219
121000211,15,0,15
121000212,43,112,-69
121000213,331,378,-47
121000214,192,829,-637
121000215,272,95,177
121000216,121,366,-245
121000217,871,1355,-484
121000218,46,352,-306
121000219,248,278,-30
121000220,28,0,28
121000221,14,66,-52
121000222,444,762,-318
121000223,0,0,0
121000224,183,102,81
121000225,65,801,-736
121000226,186,794,-608
121000227,9,100,-91
121000228,15,51,-36
121000229,18,32,-14
121000230,13,135,-122
121000231,566,2,564
121000232,74,33,41
121000233,150,77,73
121000234,6,48,-42
121000235,0,23,-23
121000236,0,13,-13
121000237,6,4,2
121000238,2,17,-15
121000239,14,0,14
121000240,0,18,-18
121000241,45,0,45
121000242,3,33,-30
121000243,55,4,51
121000244,0,3,-3
121000245,17,0,17
121000246,0,9,-9
121000247,12,1,11
121000248,77,51,26
121000249,1,54,-53
121000250,99,274,-175
121000251,1,25,-24
121000252,2,63,-61
121000253,60,104,-44
121000254,358,74,284
121000255,8,51,-43
121000256,31,182,-151
121000257,0,25,-25
121000258,50,150,-100
121000259,17,13,4
121000260,7,40,-33
121000261,4,198,-194
121000262,116,70,46
121000263,308,56,252
121000271,59,977,-918
121000273,4,0,4
121000274,9,42,-33
121000275,0,0,0
121000276,0,29,-29
121000278,12,6,6
121000279,1,11,-10
121000280,3,29,-26
121000289,72,4,68
121000290,99,460,-361
121000294,97,4,93
121000297,188,302,-114
121000299,38,223,-185
121000300,72,84,-12
121000302,4,302,-298
121000303,23,24,-1
121000304,383,105,278
121000305,48,71,-23
121000306,86,157,-71
121000308,0,0,0
121000309,0,1,-1
121000310,0,1,-1
121000311,0,1,-1
121000312,70,100,-30
121000313,0,2,-2
121000314,0,3,-3
121000315,0,4,-4
121000530,447,335,112
121000531,650,349,301
121000532,1401,1525,-124
121000533,2290,1409,881
121000918,0,0,0
121000919,9,136,-127
121000938,3,2,1
121000939,9,76,-67
121000956,516,206,310
121000957,0,0,0
121000958,12,8,4
121000959,137,40,97
121000960,238,209,29
121000961,129,1,128
121000962,30,68,-38
121000963,0,0,0
121000973,0,0,0
121000976,0,0,0
121000979,0,0,0
121000981,52,19,33
121000982,320,55,265
121000983,60,1,59
121000984,1,6,-5
121000985,150,97,53
121000986,63,64,-1
121000987,37,86,-49
121000988,173,40,133
121001302,23,8,15
121001308,0,52,-52
121001309,1,115,-114
121001313,0,0,0
121001314,584,229,355
121001315,1576,123,1453
121001326,0,6,-6
121900001,53,390,-337
121900002,1,0,1
121900003,1,0,1
121900004,0,0,0
121900005,0,0,0
121900006,1,0,1
121900007,263,0,263
121900008,1,0,1
121900009,0,0,0
121900010,0,0,0
121900011,13,0,13
121900012,7,0,7
121900013,36,0,36
121900014,0,0,0
121900015,203,0,203
121900016,0,0,0
121900017,0,0,0
121900018,0,0,0
121900019,0,0,0
121900020,1,0,1
121900021,70,1,69
121900022,0,0,0
121900023,0,0,0
121900024,0,0,0
121900025,0,0,0
121900026,0,0,0
121900027,0,0,0
121900028,0,0,0
121900029,0,0,0
121900030,0,0,0
121900031,5,46,-41
121900032,0,0,0
121900033,0,0,0
121900034,0,0,0
121900035,0,0,0
121900036,0,0,0
121900037,0,0,0
121900038,0,0,0
121900039,0,0,0
121900040,0,0,0
121900041,0,0,0
121900042,0,0,0
121900043,0,0,0
121900044,0,0,0
121900046,0,0,0
121900047,0,0,0
121900048,0,0,0
121900050,0,0,0
121900051,0,0,0
121900052,0,0,0
121900053,11,11,0
121900054,0,0,0
121900055,0,0,0
121900058,0,0,0
121900059,0,0,0
121900060,0,0,0
121900061,0,0,0
121900062,0,0,0
121900063,10,5,5
121900064,0,0,0
121900066,0,0,0
121900067,0,0,0
121900069,0,0,0
121900070,2,0,2
121900071,0,0,0
121900072,0,0,0
121900073,0,0,0
121900074,8,0,8
121900075,3,6,-3
121900076,0,0,0
121900077,0,0,0
121900078,0,0,0
121900079,0,0,0
121900080,0,0,0
121900082,0,0,0
121900084,0,0,0
121900085,0,0,0
121900086,0,0,0
121900087,0,0,0
121900088,0,0,0
121900089,0,0,0
121900090,0,0,0
121900091,0,0,0
121900092,0,0,0
121900093,0,0,0
121900094,0,0,0
121900095,0,0,0
121900096,0,0,0
121900097,0,0,0
121900098,0,0,0
121900099,0,0,0
121900100,0,0,0
121900101,0,0,0
121900102,0,0,0
121900103,0,0,0
121900104,81,37,44
121900105,0,0,0
121900106,0,0,0
121900107,0,0,0
121900108,0,0,0
121900109,0,0,0
121900110,0,0,0
121900111,0,0,0
121900112,0,0,0
121900113,0,0,0
121900117,0,0,0
121900118,0,0,0
121900119,0,0,0
121900120,0,0,0
121900121,0,0,0
121900122,0,0,0
121900123,0,0,0
121900124,7,0,7
121900125,5,1,4
121900127,0,0,0
121900128,0,0,0
121900129,0,0,0
121900130,0,0,0
121900131,2,0,2
121900132,0,0,0
121900133,0,0,0
121900134,0,0,0
121900135,214,51,163
121900136,0,0,0
121900137,0,0,0
121900138,0,0,0
121900139,0,0,0
121900140,0,0,0
121900141,2,0,2
121900142,0,0,0
121900143,0,0,0
121900144,0,0,0
121900145,0,0,0
121900146,1,0,1
121900147,0,0,0
121900148,0,0,0
121900149,0,0,0
121900150,0,0,0
121900151,0,0,0
121900152,0,0,0
121900153,0,0,0
121900154,0,0,0
121900155,0,0,0
121900156,0,0,0
121900157,0,1,-1
121900158,0,0,0
121900159,0,0,0
121900160,0,0,0
121900161,0,0,0
121900162,0,0,0
121900163,0,0,0
121900164,0,0,0
121900165,0,0,0
121900166,0,0,0
121900167,0,0,0
121900168,0,0,0
121900169,0,0,0
121900170,0,0,0
121900171,0,0,0
121900172,0,0,0
121900173,0,0,0
121900174,0,0,0
121900175,0,0,0
121900176,0,0,0
121900177,0,0,0
121900178,0,0,0
121900179,0,0,0
121900180,146,672,-526
121900182,0,0,0
121900183,0,0,0
121900184,0,0,0
121900186,0,0,0
121900187,0,0,0
121900188,0,0,0
121900189,0,0,0
121900190,1,0,1
121900191,0,0,0
121900192,0,0,0
121900193,0,0,0
121900194,0,0,0
121900195,0,0,0
121900196,0,0,0
121900197,0,0,0
121900198,302,1,301
121900199,0,0,0
121900200,0,0,0
121900201,0,0,0
121900202,0,0,0
121900203,0,0,0
121900204,0,0,0
121900205,0,0,0
121900206,0,0,0
121900207,0,0,0
121900208,0,0,0
121900209,0,0,0
121900210,0,0,0
121900211,0,0,0
121900212,0,0,0
121900213,0,0,0
121900214,0,0,0
121900215,0,0,0
121900216,0,0,0
121900217,0,0,0
121900218,0,0,0
121900220,0,0,0
121900221,0,0,0
121900222,0,0,0
121900223,0,0,0
121900224,0,0,0
121900225,0,0,0
121900226,0,0,0
121900227,0,0,0
121900228,0,0,0
121900230,0,1,-1
121900231,0,7,-7
121900232,0,0,0
121900233,0,0,0
121900234,0,0,0
121900235,0,0,0
121900236,0,0,0
121900237,0,0,0
121900238,0,0,0
121900239,0,0,0
121900240,0,0,0
121900241,0,0,0
121900242,0,0,0
121900245,0,0,0
121900246,45,6,39
121900247,0,0,0
121900248,0,0,0
121900250,0,0,0
121900251,0,0,0
121900252,0,0,0
121900253,7,101,-94
121900254,0,0,0
121900255,0,0,0
121900258,568,314,254
121900259,0,0,0
121900260,0,0,0
121900261,0,0,0
121900262,0,0,0
121900263,0,0,0
121900264,0,0,0
121900265,0,0,0
121900266,0,0,0
121900267,0,0,0
121900269,0,0,0
121900270,0,0,0
121900271,0,0,0
121900273,19,16,3
121900274,44,8,36
121900277,0,0,0
121900278,0,0,0
121900279,0,0,0
121900280,0,0,0
121900281,0,0,0
121900284,0,0,0
121900286,35,1,34
121900287,8,1,7
121900288,0,0,0
121900290,0,0,0
121900291,0,0,0
121900292,0,25,-25
121900293,0,0,0
121900294,0,0,0
121900295,0,0,0
121900296,0,0,0
121900298,0,4,-4
121900299,0,0,0
121900300,5,0,5
121900301,5,0,5
121900302,0,0,0
121900303,0,0,0
121900304,0,0,0
121900305,0,0,0
121900306,0,0,0
121900307,20,0,20
121900308,0,0,0
121900309,0,0,0
121900310,0,0,0
121900311,58,0,58
121900312,27,0,27
121900313,30,0,30
121900314,0,0,0
121900315,0,0,0
121900316,0,0,0
121900317,0,0,0
121900318,0,0,0
121900319,0,0,0
121900320,0,0,0
121900321,0,0,0
121900322,0,0,0
121900323,0,0,0
121900324,0,0,0
121900325,0,0,0
121900326,0,0,0
121900327,0,0,0
121900328,0,0,0
121900329,0,0,0
121900330,0,0,0
121900331,1,0,1
121900332,0,0,0
121900333,0,0,0
121900334,0,0,0
122000001,324,678,-354
122000002,322,261,61
122000003,347,544,-197
122000004,304,411,-107
122000005,939,2357,-1418
122000006,168,722,-554
122000007,219,807,-588
122000008,513,1029,-516
122000009,108,185,-77
122000010,1360,1168,192
122000011,289,475,-186
122000012,139,416,-277
122000013,195,842,-647
122000014,532,867,-335
122000015,269,516,-247
122000016,104,440,-336
122000017,282,724,-442
122000018,347,660,-313
122000019,119,679,-560
122000020,26,47,-21
122000021,20,125,-105
122000022,100,110,-10
122000023,91,77,14
122000024,426,449,-23
122000025,148,486,-338
122000026,364,348,16
122000027,94,323,-229
122000028,119,335,-216
122000029,72,115,-43
122000030,53,9,44
122000031,10,581,-571
122000032,134,240,-106
122000033,92,173,-81
122000034,12,98,-86
122000035,3,70,-67
122000036,85,92,-7
122000037,15,69,-54
122000038,60,217,-157
122000039,47,45,2
122000040,18,15,3
122000041,265,1026,-761
122000042,233,587,-354
122000043,46,104,-58
122000044,49,104,-55
122000045,147,86,61
122000046,201,166,35
122000047,7,22,-15
122000048,786,1870,-1084
122000049,1793,1165,628
122000050,216,305,-89
122000051,163,723,-560
122000052,111,481,-370
122000053,126,1434,-1308
122000054,395,610,-215
122000055,2208,2387,-179
122000056,732,1103,-371
122000057,922,1060,-138
122000058,413,534,-121
122000059,540,975,-435
122000060,68,75,-7
122000061,18,48,-30
122000062,232,52,180
122000063,57,373,-316
122000064,1321,2106,-785
122000065,1182,1184,-2
122000066,106,174,-68
122000067,665,1858,-1193
122000068,153,1607,-1454
122000069,70,113,-43
122000070,622,331,291
122000071,158,302,-144
122000072,1,102,-101
122000073,26,154,-128
122000074,327,538,-211
122000075,131,530,-399
122000076,223,251,-28
122000077,145,328,-183
122000078,481,396,85
122000079,111,442,-331
122000080,80,262,-182
122000081,2,155,-153
122000082,133,259,-126
122000083,60,272,-212
122000084,56,98,-42
122000085,5,119,-114
122000086,706,2374,-1668
122000087,193,158,35
122000088,37,11,26
122000089,662,728,-66
122000090,74,177,-103
122000091,55,46,9
122000092,6,10,-4
122000093,896,2034,-1138
122000094,1288,1177,111
122000095,545,1576,-1031
122000096,119,955,-836
122000098,1126,3305,-2179
122000099,131,385,-254
122000100,143,73,70
122000101,32,78,-46
122000102,29,156,-127
122000103,64,112,-48
122000104,40,74,-34
122000105,38,101,-63
122000106,95,192,-97
122000107,126,235,-109
122000108,7,9,-2
122000109,68,156,-88
122000110,64,73,-9
122000111,330,208,122
122000112,88,170,-82
122000113,129,93,36
122000114,273,2016,-1743
122000115,467,1488,-1021
122000116,29,190,-161
122000117,173,33,140
122000118,162,43,119
122000119,135,118,17
122000120,59,145,-86
122000121,205,396,-191
122000122,87,321,-234
122000123,163,336,-173
122000124,51,222,-171
122000125,73,181,-108
122000126,18,155,-137
122000127,40,195,-155
122000128,95,90,5
122000129,46,190,-144
122000130,330,303,27
122000131,65,85,-20
122000132,4,0,4
122000133,77,62,15
122000134,73,218,-145
122000135,139,107,32
122000136,53,105,-52
122000137,176,287,-111
122000139,164,493,-329
122000140,57,345,-288
122000141,249,265,-16
122000142,33,426,-393
122000143,41,85,-44
122000144,118,45,73
122000145,134,39,95
122000146,107,301,-194
122000147,106,159,-53
122000148,94,113,-19
122000149,213,82,131
122000150,183,81,102
122000151,0,1,-1
122000152,9,0,9
122000153,70,127,-57
122000154,47,81,-34
122000155,265,158,107
122000156,1155,1451,-296
122000157,233,654,-421
122000158,62,60,2
122000159,223,202,21
122000160,281,190,91
122000161,181,141,40
122000162,98,185,-87
122000163,13,2,11
122000164,4,1,3
122000165,57,444,-387
122000166,126,132,-6
122000167,1,1,0
122000168,26,727,-701
122000169,30,30,0
122000170,39,241,-202
122000171,0,0,0
122000172,275,772,-497
122000173,161,776,-615
122000174,376,1192,-816
122000175,108,31,77
122000176,141,949,-808
122000177,591,1775,-1184
122000178,522,281,241
122000179,245,1235,-990
122000180,386,1348,-962
122000181,362,1395,-1033
122000182,146,239,-93
122000183,45,57,-12
122000184,847,944,-97
122000185,432,642,-210
122000186,132,348,-216
122000187,377,202,175
122000188,0,0,0
122000189,72,54,18
122000190,264,347,-83
122000191,107,131,-24
122000192,67,41,26
122000193,63,269,-206
122000194,60,40,20
122000195,29,291,-262
122000196,57,93,-36
122000197,29,46,-17
122000198,36,344,-308
122000199,86,44,42
122000200,143,98,45
122000201,461,677,-216
122000202,177,496,-319
122000203,309,201,108
122000204,312,363,-51
122000205,66,187,-121
122000206,529,683,-154
122000207,231,663,-432
122000208,445,345,100
122000209,353,92,261
122000210,188,260,-72
122000211,51,182,-131
122000212,143,91,52
122000213,78,238,-160
122000214,301,741,-440
122000215,1308,573,735
122000217,240,366,-126
122000218,111,74,37
122000219,100,177,-77
122000220,62,234,-172
122000221,28,242,-214
122000222,39,17,22
122000223,94,139,-45
122000225,68,79,-11
122000226,41,337,-296
122000227,29,126,-97
122000228,30,76,-46
122000229,0,158,-158
122000230,2,46,-44
122000231,27,107,-80
122000232,87,118,-31
122000233,0,6,-6
122000234,138,41,97
122000235,78,24,54
122000236,154,3,151
122000237,4,6,-2
122000238,29,86,-57
122000239,77,62,15
122000240,184,67,117
122000241,171,64,107
122000242,31,3,28
122000243,8,5,3
122000244,21,60,-39
122000245,4,0,4
122000246,71,117,-46
122000247,109,18,91
122000248,83,107,-24
122000249,149,143,6
122000250,97,146,-49
122000251,0,0,0
122000252,12,5,7
122000253,0,0,0
122000254,26,26,0
122000255,49,198,-149
122000256,3,47,-44
122000257,1,8,-7
122000258,31,144,-113
122000259,0,88,-88
122000260,10,104,-94
122000261,3,48,-45
122000262,0,1,-1
122000263,27,0,27
122000264,322,38,284
122000265,401,128,273
122000266,648,85,563
122000267,1,9,-8
122000268,63,2,61
122000269,47,25,22
122000270,5,8,-3
122000271,0,0,0
122000272,0,0,0
122000273,24,1,23
122000274,1,4,-3
122000275,0,21,-21
122000276,140,166,-26
122000277,183,465,-282
122000278,268,59,209
122000279,21,14,7
122000280,101,23,78
122000281,62,43,19
122000282,12,281,-269
122000283,2,12,-10
122000284,4,15,-11
122000285,0,0,0
122000286,0,0,0
122000287,762,324,438
122000288,98,41,57
122000291,789,354,435
122000293,17,63,-46
122000294,28,141,-113
122000295,290,35,255
122000296,53,372,-319
122000297,613,1610,-997
122000299,157,53,104
122000300,24,33,-9
122000301,357,872,-515
122000302,150,740,-590
122000303,327,40,287
122000304,0,29,-29
122000305,563,111,452
122000306,30,144,-114
122000307,12,31,-19
122000309,0,1,-1
122000310,0,24,-24
122000311,18,22,-4
122000312,38,53,-15
122000313,10,84,-74
122000314,121,219,-98
122000315,68,2,66
122000316,359,57,302
122000317,409,57,352
122000318,147,348,-201
122000319,8,133,-125
122000320,11,69,-58
122000321,24,53,-29
122000322,441,330,111
122000323,163,217,-54
122000324,280,711,-431
122000325,187,316,-129
122000326,4,0,4
122000327,36,186,-150
122000328,75,168,-93
122000330,238,555,-317
122000332,13,101,-88
122000333,2,19,-17
122000337,83,114,-31
122000338,20,8,12
122000340,14,95,-81
122000342,88,174,-86
122000343,16,35,-19
122000344,29,0,29
122000345,49,24,25
122000346,5,5,0
122000348,134,89,45
122000349,1,20,-19
122000351,26,54,-28
122000352,24,11,13
122000353,0,0,0
122000355,42,436,-394
122000356,36,108,-72
122000357,18,5,13
122000358,0,0,0
122000359,0,0,0
122000360,0,0,0
122000362,0,1,-1
122000364,55,18,37
122000365,0,2,-2
122000366,5,0,5
122000368,31,64,-33
122000370,2,0,2
122000371,0,0,0
122000372,0,0,0
122000381,21,79,-58
122000382,1,10,-9
122000384,221,469,-248
122000385,22,0,22
122000386,22,481,-459
122000387,62,174,-112
122000388,65,460,-395
122000389,33,45,-12
122000390,33,199,-166
122000391,2,87,-85
122000392,44,21,23
122000393,0,29,-29
122000394,52,31,21
122000395,30,10,20
122000396,25,9,16
122000397,0,0,0
122000398,4,94,-90
122000399,53,23,30
122000400,9,80,-71
122000401,43,6,37
122000402,69,44,25
122000403,7,4,3
122000404,106,20,86
122000408,155,280,-125
122000503,0,6,-6
122000524,1,0,1
122000544,19,33,-14
122000616,0,0,0
122000640,3,24,-21
122000641,9,44,-35
122000642,245,104,141
122000643,12,136,-124
122000644,0,0,0
122000645,1,9,-8
122000651,118,596,-478
122000664,40,16,24
122000665,96,190,-94
122000666,35,170,-135
122000673,2,49,-47
122000674,77,80,-3
122000675,696,326,370
122000686,112,98,14
122000687,395,61,334
122000688,201,81,120
122000689,222,25,197
122000690,852,33,819
122000691,449,93,356
122000692,130,19,111
122000693,80,143,-63
122000695,4,0,4
122000696,125,22,103
122000698,1,1,0
122000699,80,27,53
122000701,155,72,83
122000702,148,261,-113
122000703,10,20,-10
122000712,0,0,0
122000717,0,31,-31
122000718,12,406,-394
122000719,1,31,-30
122000720,150,31,119
122000724,50,3,47
122900001,0,0,0
122900002,63,319,-256
122900003,15,0,15
122900004,0,0,0
122900005,0,0,0
122900006,0,0,0
122900007,0,0,0
122900008,0,0,0
122900009,0,0,0
122900010,9,2,7
122900012,4,24,-20
122900014,0,0,0
122900015,163,25,138
122900016,0,0,0
122900017,0,0,0
122900018,0,0,0
122900019,0,0,0
122900020,0,0,0
122900021,0,0,0
122900022,0,0,0
122900023,0,0,0
122900024,0,0,0
122900025,0,0,0
122900026,0,0,0
122900027,0,86,-86
122900028,0,0,0
122900029,2,2,0
122900030,0,0,0
122900031,1,19,-18
122900032,0,0,0
122900033,6,49,-43
122900034,34,98,-64
122900035,5,0,5
122900036,0,0,0
122900037,0,0,0
122900038,16,86,-70
122900039,1,7,-6
122900040,5,7,-2
122900041,15,43,-28
122900042,3,22,-19
122900043,10,37,-27
122900044,2,30,-28
122900045,2,44,-42
122900046,7,24,-17
122900047,0,0,0
122900048,0,0,0
122900049,0,0,0
122900051,0,0,0
122900052,35,1,34
122900053,0,8,-8
122900055,2,0,2
122900057,0,0,0
122900061,0,0,0
122900062,0,0,0
122900063,0,0,0
122900064,0,0,0
122900065,0,0,0
122900066,0,0,0
122900067,2,0,2
122900068,0,0,0
122900069,0,0,0
122900070,102,4,98
122900071,0,0,0
122900072,6,0,6
122900073,0,0,0
122900074,247,0,247
122900075,0,0,0
122900076,0,0,0
122900077,0,0,0
122900078,68,0,68
122900080,0,0,0
122900081,9,0,9
122900082,234,0,234
122900083,0,0,0
122900084,0,0,0
122900086,0,0,0
122900087,72,0,72
122900088,1,3,-2
122900089,2,0,2
122900090,0,0,0
122900091,0,0,0
122900092,0,0,0
122900093,0,0,0
122900094,0,0,0
122900095,0,0,0
122900096,19,0,19
122900097,0,0,0
122900098,0,0,0
122900099,0,0,0
122900100,0,0,0
122900101,0,0,0
122900102,0,0,0
122900103,0,0,0
122900104,0,0,0
122900105,0,0,0
122900106,0,0,0
122900107,0,0,0
122900108,0,0,0
123000001,384,165,219
123000002,496,2306,-1810
123000003,1128,1097,31
123000004,835,972,-137
123000005,1095,823,272
123000006,703,1002,-299
123000007,786,574,212
123000008,331,402,-71
123000009,1583,1429,154
123000010,428,400,28
123000011,754,839,-85
123000012,48,87,-39
123000013,800,337,463
123000014,27,283,-256
123000015,907,488,419
123000016,69,177,-108
123000017,3399,1632,1767
123000018,117,59,58
123000019,112,2,110
123000020,133,2,131
123000021,87,72,15
123000022,682,175,507
123000023,1312,1071,241
123000024,542,364,178
123000025,22,72,-50
123000026,0,60,-60
123000027,3,188,-185
123000028,244,1928,-1684
123000029,5,246,-241
123000030,5,28,-23
123000031,257,55,202
123000032,388,84,304
123000033,40,50,-10
123000034,363,365,-2
123000035,38,199,-161
123000036,61,518,-457
123000037,3,18,-15
123000038,10,115,-105
123000039,241,899,-658
123000040,21,16,5
123000041,124,535,-411
123000042,40,66,-26
123000043,645,3151,-2506
123000044,656,463,193
123000045,159,121,38
123000046,88,319,-231
123000047,212,76,136
123000048,4,788,-784
123000049,2704,2111,593
123000050,355,365,-10
123000051,3,30,-27
123000052,191,503,-312
123000053,876,828,48
123000054,242,1024,-782
123000055,1302,1901,-599
123000056,99,338,-239
123000057,459,709,-250
123000058,64,174,-110
123000059,30,95,-65
123000060,152,90,62
123000061,13,94,-81
123000063,139,139,0
123000064,187,40,147
123000065,417,459,-42
123000066,107,140,-33
123000067,270,206,64
123000068,395,290,105
123000069,944,235,709
123000070,75,65,10
123000071,392,232,160
123000072,54,33,21
123000073,566,216,350
123000074,196,14,182
123000075,158,407,-249
123000076,75,131,-56
123000077,431,193,238
123000078,773,432,341
123000079,849,428,421
123000080,382,82,300
123000081,6,6,0
123000082,51,134,-83
123000083,192,36,156
123000084,135,18,117
123000085,139,25,114
123000086,163,75,88
123000087,67,73,-6
123000088,488,99,389
123000089,274,242,32
123000090,0,0,0
123000091,336,189,147
123000092,0,0,0
123000094,102,13,89
123000095,187,165,22
123000096,179,74,105
123000097,209,68,141
123000098,147,68,79
123000099,168,109,59
123000100,51,417,-366
123000101,103,26,77
123000102,372,522,-150
123000104,127,99,28
123000105,7,13,-6
123000106,55,119,-64
123000107,0,3,-3
123000108,176,42,134
123000111,167,49,118
123000112,202,95,107
123000113,128,52,76
123000114,97,163,-66
123000115,35,88,-53
123000116,4,42,-38
123000117,475,316,159
123000118,113,113,0
123000119,34,81,-47
123000120,89,142,-53
123000121,147,232,-85
123000122,0,0,0
123000123,267,133,134
123000124,0,0,0
123000125,392,419,-27
123000126,358,1250,-892
123000127,50,132,-82
123000128,0,0,0
123000129,307,34,273
123000130,313,7,306
123000131,477,163,314
123000132,0,0,0
123000133,0,0,0
123000134,40,27,13
123000135,312,177,135
123000136,0,0,0
123000137,0,1,-1
123000138,0,0,0
123000139,208,27,181
123000140,0,0,0
123000141,72,33,39
123000142,111,45,66
123000143,80,163,-83
123000144,0,0,0
123000145,8,202,-194
123000146,17,90,-73
123000147,2,35,-33
123000149,71,125,-54
123000150,8,16,-8
123000151,34,183,-149
123000152,1,26,-25
123000153,16,280,-264
123000154,180,432,-252
123000155,167,308,-141
123000156,1,3,-2
123000157,45,55,-10
123000158,133,189,-56
123000159,408,1356,-948
123000160,261,423,-162
123000161,395,179,216
123000162,419,529,-110
123000163,362,44,318
123000164,842,28,814
123000165,54,239,-185
123000166,0,20,-20
123000167,34,15,19
123000168,64,14,50
123000169,283,51,232
123000170,16,0,16
123000171,236,3,233
123000172,1,21,-20
123000173,230,42,188
123000174,206,62,144
123000175,46,34,12
123000176,211,31,180
123000177,56,60,-4
123000178,283,37,246
123000179,0,74,-74
123000180,523,150,373
123000181,77,161,-84
123000182,82,52,30
123000183,94,63,31
123000184,38,35,3
123000185,337,202,135
123000186,0,0,0
123000187,330,6,324
123000188,127,0,127
123000189,115,80,35
123000190,62,32,30
123000192,0,44,-44
123000193,1,141,-140
123000194,26,44,-18
123000195,152,6,146
123000196,234,1,233
123000197,27,10,17
123000198,2,98,-96
123000199,0,54,-54
123000200,377,7,370
123000201,567,6,561
123000202,1,60,-59
123000203,578,24,554
123000204,2,88,-86
123000205,31,162,-131
123000206,1329,119,1210
123000207,6,88,-82
123000208,321,27,294
123000209,897,100,797
123000210,28,189,-161
123000211,74,335,-261
123000212,1962,98,1864
123000213,162,18,144
123000215,41,153,-112
123000216,44,277,-233
123000217,96,1,95
123000218,4,26,-22
123000219,158,67,91
123000220,163,19,144
123000221,30,10,20
123000222,92,112,-20
123000223,236,73,163
123000224,131,55,76
123000225,118,6,112
123000226,76,1,75
123000227,23,3,20
123000228,102,21,81
123000229,110,89,21
123000232,2,20,-18
123000233,250,24,226
123000234,6,9,-3
123000235,177,42,135
123000236,18,38,-20
123000237,213,14,199
123000238,0,5,-5
123000239,65,91,-26
123000240,4,202,-198
123000241,93,71,22
123000242,13,67,-54
123000243,62,126,-64
123000244,108,47,61
123000245,0,0,0
123000249,0,0,0
123000252,278,66,212
123000253,357,223,134
123000254,94,117,-23
123000255,118,163,-45
123000256,0,0,0
123000257,294,213,81
123000258,266,93,173
123000259,100,134,-34
123000260,302,91,211
123000261,100,57,43
123000262,1,10,-9
123000263,114,34,80
123000264,84,9,75
123000265,2,7,-5
123000266,91,111,-20
123000267,66,84,-18
123000268,4,12,-8
123000269,26,67,-41
123000270,34,54,-20
123000271,16,10,6
123000272,263,59,204
123000273,111,580,-469
123000274,472,283,189
123000275,37,60,-23
123000278,215,550,-335
123000279,28,27,1
123000280,75,46,29
123000281,87,44,43
123000282,42,177,-135
123000283,79,30,49
123000284,3,28,-25
123000286,60,247,-187
123000287,115,146,-31
123000288,229,385,-156
123000289,39,373,-334
123000291,23,26,-3
123000294,73,378,-305
123000295,259,905,-646
123000296,613,811,-198
123000297,160,91,69
123000298,147,24,123
123000299,33,156,-123
123000300,387,146,241
123000301,61,53,8
123000302,176,20,156
123000303,12,503,-491
123000305,97,254,-157
123000306,34,3,31
123000309,22,14,8
123000310,20,1,19
123000311,0,0,0
123000312,124,135,-11
123000313,204,122,82
123000315,300,30,270
123000316,401,37,364
123000317,48,45,3
123000318,0,37,-37
123000329,0,11,-11
123000337,159,112,47
123000338,266,176,90
123000339,37,2,35
123000340,10,62,-52
123000342,0,13,-13
123000343,17,0,17
123000344,160,55,105
123000345,98,98,0
123000346,368,32,336
123000352,64,82,-18
123000353,17,11,6
123000354,444,7,437
123000355,0,107,-107
123000356,95,0,95
123000357,0,2,-2
123000359,0,1,-1
123000360,69,85,-16
123000361,106,13,93
123000362,86,3,83
123000363,16,0,16
123000364,89,89,0
123000365,0,27,-27
123000366,48,304,-256
123000367,17,145,-128
123000370,0,2,-2
123000371,114,2,112
123000372,38,10,28
123000373,0,14,-14
123000374,0,0,0
123000375,236,23,213
123000376,317,360,-43
123000377,185,0,185
123000378,1,3,-2
123000379,0,27,-27
123000380,0,0,0
123000381,2,38,-36
123000382,107,45,62
123000383,0,0,0
123000384,107,24,83
123000385,0,0,0
123000436,13,417,-404
123000507,13,87,-74
123000508,92,916,-824
123000517,30,1,29
123000518,3,81,-78
123000519,17,4,13
123000520,17,74,-57
123000521,36,27,9
123000522,46,77,-31
123000541,28,1,27
123000542,0,0,0
123000565,271,11,260
123000566,109,87,22
123000567,44,58,-14
123000573,0,6,-6
123000574,244,4,240
123000575,448,4,444
123000576,73,1,72
123000577,0,0,0
123000578,139,10,129
123000579,453,1729,-1276
123000580,55,34,21
123000582,120,1,119
123000583,20,2,18
123000584,84,72,12
123000585,0,0,0
123000586,41,1,40
123000596,44,34,10
123000597,105,130,-25
123000602,26,3,23
123000603,370,30,340
123000604,152,52,100
123000605,155,58,97
123000606,0,0,0
123000609,14,48,-34
123000610,14,41,-27
123000613,7,16,-9
123000614,177,22,155
123000615,0,6,-6
123000616,218,25,193
123000617,0,0,0
123000618,0,0,0
123000619,60,4,56
123000620,0,0,0
123000622,64,3,61
123000624,30,36,-6
123000630,757,167,590
123000631,96,70,26
123000632,186,34,152
123000633,1,43,-42
123000634,10,76,-66
123000635,0,0,0
123000636,23,93,-70
123000637,18,1,17
123000638,89,96,-7
123000639,306,1277,-971
123000640,11,0,11
123000648,105,26,79
123000649,1,27,-26
123900001,0,0,0
123900002,0,0,0
123900003,0,0,0
123900005,0,0,0
123900006,0,0,0
124000001,533,112,421
124000002,2,229,-227
124000003,504,53,451
124000004,0,74,-74
124000005,463,294,169
124000006,0,35,-35
124000007,34,25,9
124000008,2,7,-5
124000009,433,22,411
124000010,19,22,-3
124000011,314,79,235
124000012,3,39,-36
124000017,49,24,25
124000018,0,0,0
124000019,101,37,64
124000020,0,0,0
124000021,44,18,26
124000022,0,0,0
124000023,388,887,-499
124000024,213,107,106
124000025,389,611,-222
124000026,311,745,-434
124000027,2395,1050,1345
124000028,73,3046,-2973
124000030,572,100,472
124000031,393,1983,-1590
124000032,0,34,-34
124000033,264,359,-95
124000034,26,101,-75
124000035,85,17,68
124000036,0,30,-30
124000037,42,181,-139
124000038,2,6,-4
124000039,71,17,54
124000040,38,68,-30
124000041,190,10,180
124000042,6,28,-22
124000043,52,13,39
124000044,3,19,-16
124000045,338,63,275
124000046,0,0,0
124000047,345,72,273
124000048,0,0,0
124000049,791,106,685
124000050,0,0,0
124000051,436,91,345
124000052,0,0,0
124000053,322,530,-208
124000054,0,0,0
124000055,746,694,52
124000056,17,4,13
124000057,586,173,413
124000058,12,10,2
124000059,454,592,-138
124000060,48,12,36
124000061,478,1389,-911
124000062,149,82,67
124000063,224,34,190
124000064,196,69,127
124000065,0,0,0
124000066,7,11,-4
124000067,7,21,-14
124000068,0,0,0
124000069,166,16,150
124000070,0,0,0
124000071,55,13,42
124000072,0,0,0
124000073,264,8,256
124000074,0,0,0
124000075,207,50,157
124000076,0,0,0
124000077,23,44,-21
124000078,288,270,18
124000079,4,59,-55
124000080,129,61,68
124000081,0,0,0
124000082,23,72,-49
124000083,0,0,0
124000084,1,200,-199
124000085,3,1,2
124000086,26,139,-113
124000087,22,68,-46
124000088,33,48,-15
124000089,185,2,183
124000090,14,11,3
124000091,168,5,163
124000092,92,91,1
124000093,30,42,-12
124000094,19,86,-67
124000095,43,19,24
124000096,3,33,-30
124000097,63,9,54
124000098,116,6,110
124000099,50,7,43
124000100,4,32,-28
124000101,116,37,79
124000102,40,19,21
124000103,161,59,102
124000104,42,8,34
124000105,180,33,147
124000106,60,15,45
124000107,16,227,-211
124000108,8,5,3
124000109,43,19,24
124000110,71,9,62
124000111,83,29,54
124000112,190,151,39
124000113,44,15,29
124000114,99,126,-27
124000115,141,207,-66
124000116,29,36,-7
124000117,8,37,-29
124000118,16,4,12
124000119,194,65,129
124000120,192,78,114
124000121,501,155,346
124000122,38,140,-102
124000123,344,79,265
124000124,200,136,64
124000125,182,85,97
124000126,100,78,22
124000127,610,49,561
124000128,205,89,116
124000129,750,476,274
124000130,145,16,129
124000131,327,277,50
124000132,209,36,173
124000133,414,274,140
124000134,161,221,-60
124000135,408,525,-117
124000136,50,164,-114
124000137,178,231,-53
124000138,55,108,-53
124000139,100,0,100
124000140,9,129,-120
124000141,141,0,141
124000142,2,28,-26
124000143,3,0,3
124000144,1,9,-8
124000145,36,14,22
124000146,4,6,-2
124000148,2,8,-6
124000149,224,88,136
124000150,36,34,2
124000151,165,114,51
124000152,42,67,-25
124000153,175,362,-187
124000154,7,44,-37
124000155,294,108,186
124000156,53,44,9
124000169,19,131,-112
124000170,67,63,4
124000171,49,113,-64
124000172,90,39,51
124000173,143,42,101
124000174,127,84,43
124000175,0,0,0
124000176,3,52,-49
124000177,0,0,0
124000178,3,70,-67
124000190,0,13,-13
124000191,3,44,-41
124000192,296,215,81
124000193,6,138,-132
124000194,41,15,26
124000195,168,195,-27
124000196,113,66,47
124000197,65,16,49
124000198,66,7,59
124000201,7,0,7
124000202,177,19,158
124000203,26,0,26
124000204,444,27,417
124000205,62,0,62
124000206,659,150,509
124000207,0,0,0
124000209,121,4,117
124000210,410,117,293
124000211,383,3,380
124000212,0,0,0
124000213,40,0,40
124000214,235,12,223
124000215,296,26,270
124000216,0,0,0
124000329,0,36,-36
124000338,6,146,-140
124000339,505,8,497
124000341,377,2,375
124000344,37,10,27
124000357,791,927,-136
124000358,610,873,-263
124000359,799,236,563
124000360,304,218,86
124000361,1035,641,394
124000362,254,299,-45
124000363,0,0,0
124000364,0,1,-1
124000365,10,65,-55
124000366,4,145,-141
124000367,9,10,-1
124000368,85,165,-80
124000369,20,47,-27
124000370,2,66,-64
124000402,1,2,-1
124000403,56,5,51
124000404,1,5,-4
124000405,558,98,460
124000406,119,110,9
124000407,0,12,-12
124000411,0,35,-35
124000412,94,0,94
124000413,1,20,-19
124000414,173,45,128
124000415,19,36,-17
124000416,77,63,14
124000417,77,66,11
124000418,198,29,169
124000419,68,18,50
124000420,92,23,69
124000421,57,26,31
124000422,2,30,-28
124000423,34,15,19
124000424,1,9,-8
124000425,18,1,17
124000426,0,4,-4
124000427,85,0,85
124000428,0,18,-18
124000429,36,14,22
124000430,67,107,-40
124000431,27,47,-20
124000432,77,269,-192
124000439,0,0,0
124000443,0,0,0
124000445,3,348,-345
124000446,4,26,-22
124000447,1,42,-41
124900001,0,0,0
124900002,0,0,0
124900003,0,0,0
124900004,0,0,0
124900005,0,0,0
124900006,0,0,0
124900008,0,0,0
124900009,0,0,0
124900010,0,0,0
124900011,0,0,0
124900012,0,0,0
124900013,0,0,0
124900014,0,0,0
124900015,5,45,-40
124900016,13,14,-1
124900017,5,23,-18
124900018,2,0,2
124900020,14,0,14
124900021,69,9,60
124900022,7,0,7
124900024,75,0,75
124900026,3,0,3
124900027,0,0,0
124900028,0,0,0
124900029,0,0,0
124900030,0,0,0
124900031,0,0,0
124900032,0,0,0
124900033,0,0,0
124900034,0,0,0
124900035,0,0,0
124900036,0,0,0
124900037,0,0,0
124900038,0,0,0
124900039,0,0,0
124900040,0,0,0
124900041,0,0,0
124900042,0,0,0
124900043,0,0,0
124900044,0,0,0
124900045,0,0,0
124900047,0,0,0
124900048,0,0,0
124900050,0,0,0
124900052,0,0,0
124900053,0,0,0
124900054,0,0,0
124900055,0,0,0
124900057,0,0,0
124900060,0,0,0
124900061,9,0,9
124900062,1,1,0
124900066,0,0,0
124900067,0,0,0
124900068,0,0,0
124900070,0,0,0
124900072,0,0,0
124900075,0,0,0
124900076,0,0,0
124900077,0,0,0
124900078,0,0,0
124900079,0,0,0
124900080,0,0,0
124900081,0,0,0
124900082,0,0,0
124900083,0,0,0
124900085,0,0,0
124900086,0,0,0
124900087,0,0,0
124900088,0,0,0
124900089,0,0,0
124900090,22,0,22
124900091,0,0,0
124900092,0,0,0
124900093,23,1,22
124900094,48,1,47
124900095,3,23,-20
124900096,30,1,29
124900097,55,11,44
124900098,0,0,0
124900099,0,0,0
124900100,62,1,61
124900101,2,0,2
124900102,51,0,51
124900103,0,0,0
124900104,0,0,0
124900105,0,0,0
124900106,37,0,37
124900107,14,0,14
124900108,0,0,0
124900111,0,0,0
124900112,0,0,0
124900113,0,0,0
124900114,0,0,0
124900115,0,0,0
124900116,43,28,15
124900117,0,0,0
124900118,0,58,-58
124900119,0,0,0
124900120,0,0,0
124900121,0,0,0
124900122,0,0,0
124900123,0,0,0
124900124,0,0,0
204000001,41,10,31
204000002,5,25,-20
204000003,4,1,3
204000004,4,0,4
204000005,355,386,-31
204000006,1060,1223,-163
204000011,0,0,0
204000012,0,0,0
204000019,848,222,626
204000020,403,267,136
204000021,367,333,34
204000022,674,258,416
204000023,0,0,0
204000031,23,6,17
204000032,96,1,95
204000034,4,2,2
204000035,0,0,0
204000036,0,0,0
204000037,0,0,0
204000038,0,0,0
204000039,0,0,0
204000040,0,0,0
204000041,0,0,0
204000042,1,2,-1
204000043,7,14,-7
204000044,27,0,27
204000045,4,4,0
204000046,0,1,-1
204000057,0,0,0
204000062,0,0,0
204000068,0,0,0
204000069,0,0,0
204000070,49,53,-4
204000080,0,0,0
204000085,0,0,0
204000086,0,0,0
204000087,24,3,21
204000088,0,0,0
204000090,27,18,9
204000093,626,25,601
204000096,724,293,431
204000097,114,11,103
204000099,1253,1491,-238
204000100,1116,691,425
204000105,0,0,0
204000110,0,0,0
204000111,0,0,0
204000112,0,0,0
204000113,0,0,0
204000114,344,543,-199
204000115,191,127,64
204000116,144,272,-128
204000119,1485,584,901
204000132,530,222,308
204000133,724,35,689
204000134,148,26,122
204000135,584,25,559
204000136,302,87,215
204000138,75,505,-430
204000140,124,148,-24
204000141,152,29,123
204000144,0,9,-9
204000145,79,6,73
204000146,0,0,0
204000147,2,0,2
204000148,68,5,63
204000154,0,1,-1
204000155,0,0,0
204000177,74,4,70
204000179,15,2,13
204000180,0,1,-1
204000222,0,0,0
204000235,0,0,0
204000236,4,3,1
204000238,11,4,7
204000240,69,0,69
204000263,0,0,0
204000268,562,172,390
204000308,17,3,14
204000317,0,0,0
204000322,0,0,0
204000323,15,0,15
204000328,242,5,237
204000329,8,23,-15
204000330,66,7,59
204000331,2,9,-7
205000001,0,0,0
205000013,0,0,0
205000014,0,0,0
205000015,0,0,0
205000016,0,0,0
205000017,0,0,0
205000022,0,0,0
205000025,0,0,0
205000029,101,30,71
205000045,0,0,0
205000046,0,0,0
205000047,0,0,0
205000048,0,0,0
205000049,0,0,0
205000050,0,0,0
205000059,0,0,0
205000060,0,0,0
205000061,0,0,0
205000062,0,0,0
205000063,0,0,0
205000064,0,0,0
205000065,0,0,0
205000066,0,0,0
205000067,0,0,0
205000069,91,38,53
205000082,96,93,3
205000110,0,0,0
205000111,0,0,0
205000112,75,110,-35
205000113,0,0,0
205000121,112,35,77
205000123,0,0,0
205000126,607,83,524
205000127,563,45,518
205000128,357,22,335
205000129,497,31,466
205000130,231,21,210
205000131,28,1,27
205000132,55,7,48
205000133,14,0,14
205000134,149,0,149
205000137,0,0,0
205000138,0,0,0
205000139,0,0,0
205000144,20,68,-48
205000145,158,32,126
205000151,33,34,-1
205000152,42,12,30
205000153,102,13,89
205000154,38,22,16
205000155,81,6,75
205000207,0,0,0
205000233,9,0,9
205000234,0,0,0
205000243,0,0,0
205000244,0,0,0
205000245,0,0,0
205000249,0,0,0
205000250,4,1,3
205000264,0,0,0
206000027,17,23,-6
206000028,7,3,4
206000043,2,40,-38
206000053,0,0,0
206000054,0,0,0
206000055,0,0,0
206000075,2,7,-5
206000076,12,1,11
206000077,1,1,0
206000078,1,0,1
206000079,0,1,-1
206000082,105,19,86
206000100,0,192,-192
206000103,0,0,0
206000104,0,0,0
206000105,0,0,0
206000106,0,0,0
206000125,133,0,133
206000157,0,0,0
206000170,0,0,0
206000171,0,15,-15
206000172,1,9,-8
206000173,0,9,-9
206000174,4,3,1
206000175,0,3,-3
206000176,0,9,-9
206000177,0,5,-5
206000178,0,20,-20
206000179,0,6,-6
206000180,7,7,0
206000181,0,7,-7
206000182,7,25,-18
206000183,15,60,-45
206000184,0,1,-1
206000185,0,3,-3
206000186,0,24,-24
206000223,0,2,-2
206000226,26,0,26
206000227,3,2,1
206000237,1,28,-27
206000238,0,19,-19
206000239,9,116,-107
206000240,0,0,0
206000241,1,90,-89
206000242,0,1,-1
206000243,0,1,-1
206000244,0,2,-2
206000245,430,19,411
206000246,148,28,120
206000247,140,14,126
206000248,150,10,140
206000252,2,13,-11
206000258,0,0,0
206000315,8,1,7
206000317,337,52,285
206000318,181,11,170
206000319,627,12,615
206000320,168,7,161
206000321,197,5,192
206000322,149,1,148
206000323,64,8,56
206000324,98,1,97
206000325,62,2,60
206000326,57,9,48
206000327,16,48,-32
206000328,33,4,29
206000329,239,0,239
206000330,15,0,15
206000331,130,0,130
206000332,22,0,22
206000333,397,0,397
206000334,135,0,135
206000335,0,0,0
206000361,0,0,0
206000392,0,0,0
206000405,81,0,81
206000441,21,35,-14
206000498,2,0,2
206000515,32,5,27
206000530,112,73,39
206000531,97,91,6
206000532,234,75,159
206000535,1,121,-120
206000536,0,20,-20
206000537,0,12,-12
206000613,409,34,375
206000784,210,51,159
207000001,0,0,0
207000002,0,0,0
207000003,0,0,0
207000007,968,185,783
207000008,115,4,111
207000009,28,8,20
207000010,40,207,-167
207000012,323,77,246
207000015,39,206,-167
207000019,180,45,135
207000021,166,192,-26
207000022,166,105,61
207000023,93,24,69
207000024,1,5,-4
207000025,4,20,-16
207000026,0,0,0
207000027,0,0,0
207000028,0,0,0
207000029,0,0,0
207000033,177,217,-40
207000034,137,32,105
207000039,426,56,370
207000040,305,14,291
207000041,64,6,58
207000042,194,5,189
207000043,171,126,45
207000051,0,0,0
207000052,0,0,0
207000053,0,0,0
207000054,0,0,0
207000055,0,0,0
207000056,0,0,0
207000057,0,0,0
207000058,0,0,0
207000059,0,0,0
207000060,0,0,0
207000061,65,1050,-985
207000062,306,22,284
207000063,291,27,264
207000064,265,49,216
207000065,166,45,121
207000066,312,76,236
207000067,63,27,36
207000068,87,5,82
207000069,389,139,250
207000082,1,100,-99
207000083,24,153,-129
207000084,338,94,244
207000085,148,35,113
207000086,314,2,312
207000106,37,6,31
207000107,116,2,114
207000108,83,0,83
207000109,39,13,26
207000110,59,10,49
207000111,52,35,17
207000112,62,159,-97
207000114,0,0,0
207000115,0,0,0
207000116,0,0,0
207000117,0,0,0
207000118,0,0,0
207000119,0,0,0
207000123,112,0,112
207000124,80,9,71
207000125,29,2,27
207000126,27,1,26
207000134,143,97,46
207000135,14,330,-316
207000148,77,102,-25
207000149,0,0,0
207000152,0,0,0
207000153,0,0,0
207000154,179,78,101
207000159,0,0,0
207000160,0,0,0
207000238,0,0,0
207000242,0,0,0
207000248,0,0,0
207000249,0,0,0
207000250,0,0,0
207000251,0,0,0
207000252,0,0,0
207000278,73,69,4
207000279,0,0,0
207000280,699,48,651
207000281,21,92,-71
207000282,2,190,-188
207000283,2,10,-8
207000284,15,393,-378
207000285,4,38,-34
207000291,0,0,0
207000304,68,12,56
207000306,0,0,0
207000310,84,45,39
207000353,27,1,26
207000356,0,0,0
207000357,1,80,-79
207000358,0,8,-8
207000415,0,0,0
207000417,3,3,0
207000418,61,22,39
207000438,0,0,0
207000439,268,95,173
207000446,46,5,41
207000460,50,1,49
207000466,0,0,0
207000467,130,25,105
207000468,0,0,0
207000476,10,4,6
207000477,192,14,178
207000478,0,0,0
207000523,0,0,0
207000524,11,0,11
207000527,120,45,75
207000530,211,2,209
207000531,115,3,112
207000532,9,3,6
207000534,79,49,30
207000535,0,0,0
207000537,0,0,0
207000540,0,0,0
207000541,0,0,0
207000548,0,0,0
207000549,32,1,31
207000561,124,33,91
207000562,0,0,0
207000567,0,0,0
207000568,25,2,23
207000569,186,12,174
207000584,0,0,0
207000585,3,13,-10
207000587,210,0,210
207000616,0,0,0
207000617,84,0,84
207000624,8,3,5
207000631,0,12,-12
207900008,333,61,272
208000001,311,474,-163
208000002,336,472,-136
208000003,533,485,48
208000004,403,273,130
208000005,0,0,0
208000019,554,200,354
208000020,173,102,71
208000021,27,62,-35
208000022,155,61,94
208000028,109,691,-582
208000033,70,45,25
208000034,94,290,-196
208000037,72,0,72
208000040,81,61,20
208000041,88,241,-153
208000042,279,250,29
208000047,0,0,0
208000064,844,870,-26
208000066,570,1090,-520
208000070,154,235,-81
208000071,334,125,209
208000072,342,281,61
208000080,171,191,-20
208000081,162,31,131
208000082,3,1,2
208000083,5,2,3
208000084,16,41,-25
208000085,20,3,17
208000086,16,13,3
208000087,35,125,-90
208000089,0,0,0
208000090,0,0,0
208000093,0,0,0
208000094,50,112,-62
208000095,185,56,129
208000104,1036,230,806
208000105,440,356,84
208000114,67,509,-442
208000115,171,366,-195
208000116,335,774,-439
208000117,13,63,-50
208000118,71,131,-60
208000155,53,89,-36
208000158,46,171,-125
208000186,515,882,-367
208000204,48,111,-63
208000205,85,112,-27
208000282,40,76,-36
209000004,116,70,46
209000005,31,36,-5
209000006,354,66,288
209000007,146,170,-24
209000010,0,0,0
209000011,0,0,0
209000012,0,0,0
209000013,0,0,0
209000014,0,0,0
209000025,160,21,139
209000026,455,31,424
209000027,0,0,0
209000028,0,0,0
209000029,0,0,0
209000030,0,0,0
209000031,0,0,0
209000034,95,214,-119
209000035,189,231,-42
209000036,433,49,384
209000037,382,101,281
209000038,245,42,203
209000039,127,59,68
209000040,178,25,153
209000041,57,21,36
209000042,62,37,25
209000043,112,103,9
209000044,159,130,29
209000045,383,69,314
209000046,234,77,157
209000047,276,18,258
209000048,946,192,754
209000049,0,0,0
209000050,0,0,0
209000051,0,0,0
209000052,0,0,0
209000062,0,0,0
209000063,0,0,0
209000064,0,0,0
209000065,149,27,122
209000066,104,22,82
209000067,107,31,76
209000080,0,0,0
209000082,17,6,11
209000091,0,0,0
209000093,0,0,0
209000094,0,0,0
209000110,15,93,-78
209000111,163,485,-322
209000112,509,108,401
209000113,402,87,315
209000114,207,138,69
209000115,0,0,0
209000116,0,0,0
209000118,1,64,-63
209000119,0,0,0
209000121,0,0,0
209000135,21,28,-7
209000142,342,244,98
209000143,0,0,0
209000144,18,101,-83
209000229,239,15,224
209000240,0,0,0
209000259,0,0,0
209000260,0,0,0
209000261,0,0,0
209000262,0,0,0
209000263,0,0,0
209000264,0,0,0
209000265,114,0,114
209000266,29,0,29
209000267,630,0,630
209000268,469,45,424
210000037,119,0,119
210000047,31,10,21
210000048,18,8,10
210000049,23,1,22
210000052,0,0,0
210000053,0,0,0
210000054,0,0,0
210000070,109,3,106
210000071,123,0,123
210000072,31,2,29
210000073,0,0,0
210000074,0,0,0
210000075,0,0,0
210000076,0,0,0
210000077,0,0,0
210000078,0,0,0
210000079,29,3,26
210000080,21,62,-41
210000081,35,1,34
210000082,3,0,3
210000083,30,0,30
210000084,119,0,119
210000085,0,0,0
210000086,0,0,0
210000099,0,0,0
210000100,0,0,0
210000101,0,0,0
210000105,0,0,0
210000159,0,0,0
210000163,0,0,0
210000164,122,67,55
210000168,65,12,53
210000187,0,0,0
210000188,0,0,0
210000214,3,0,3
210000219,39,25,14
210000220,77,35,42
210000232,0,0,0
210000233,0,0,0
210000234,0,0,0
210000235,0,0,0
210000245,0,0,0
210000246,37,35,2
210000258,0,0,0
210000259,124,15,109
210000282,0,0,0
210000285,0,0,0
210000286,0,0,0
210000290,0,0,0
210000295,0,0,0
210000296,0,0,0
210000320,130,6,124
210000321,69,15,54
210000338,0,0,0
210000339,0,0,0
210000340,0,0,0
210000341,0,0,0
210000342,0,0,0
210000343,0,0,0
210000344,0,0,0
210000345,0,0,0
210000346,0,0,0
210000347,0,0,0
210000348,0,0,0
210000349,0,0,0
210000350,0,0,0
210000351,0,0,0
210000352,38,8,30
210000353,42,5,37
210000354,40,8,32
210000355,9,60,-51
210000356,5,73,-68
210000357,22,58,-36
210000358,76,101,-25
210000359,16,79,-63
210000360,95,40,55
210000361,85,65,20
210000362,168,50,118
210000363,296,121,175
210000364,136,57,79
210000365,130,15,115
210000366,209,19,190
210000367,21,1,20
210000368,87,16,71
210000369,24,19,5
210000370,32,15,17
210000372,1,10,-9
210000373,1,32,-31
210000374,35,7,28
210000375,16,12,4
210000376,40,41,-1
210000404,0,0,0
210000439,71,9,62
210000472,27,7,20
210000482,39,32,7
210000564,173,79,94
210000567,0,27,-27
210000568,188,0,188
211000092,30,6,24
211000094,1,0,1
211000169,74,0,74
211000172,3,58,-55
211000209,0,0,0
211000226,21,2,19
211000270,4,14,-10
211000275,1,30,-29
211000276,90,4,86
211000279,0,9,-9
211000281,20,12,8
211000302,0,0,0
211507980,0,32,-32
211977296,0,4,-4
212000003,197,17,180
212000004,0,0,0
212000005,0,0,0
212000006,0,0,0
212000008,0,0,0
212000009,0,0,0
212000012,0,0,0
212000013,0,0,0
212000014,0,0,0
212000015,0,0,0
212000016,0,0,0
212000027,584,84,500
212000028,171,166,5
212000029,97,223,-126
212000030,39,28,11
212000031,15,15,0
212000048,0,0,0
212000049,0,0,0
212000050,0,0,0
212000051,0,0,0
212000052,0,0,0
212000053,0,0,0
212000054,313,23,290
212000055,334,48,286
212000056,3,26,-23
212000057,5,21,-16
212000058,29,6,23
212000070,0,0,0
212000077,0,0,0
212000099,281,88,193
212000108,222,82,140
212000111,341,23,318
212000120,0,0,0
212000138,0,0,0
212000156,0,0,0
212000158,0,25,-25
212000159,490,23,467
212000160,655,100,555
212000161,139,69,70
212000310,0,0,0
212000311,13,38,-25
212000374,0,0,0
213000001,1,202,-201
213000005,151,25,126
213000006,241,42,199
213000007,34,6,28
213000009,88,139,-51
213000010,415,45,370
213000011,99,27,72
213000012,0,0,0
213000014,71,14,57
213000015,174,12,162
213000016,163,0,163
213000017,70,0,70
213000018,0,2,-2
213000019,0,8,-8
213000020,12,8,4
213000021,0,13,-13
213000023,585,113,472
213000033,28,152,-124
213000034,335,83,252
213000035,154,202,-48
213000045,34,89,-55
213000046,11,7,4
213000047,81,614,-533
213000056,98,3,95
213000069,15,0,15
213000073,0,0,0
213000074,2,30,-28
213000075,373,1,372
213000076,19,0,19
213000085,0,0,0
213000086,0,0,0
213000091,116,1,115
213000092,6,0,6
213000099,0,154,-154
213000100,512,207,305
213000101,243,85,158
213000102,209,68,141
213000103,259,115,144
213000104,6,49,-43
213000105,1,43,-42
213000106,4,6,-2
213000107,43,10,33
213000108,2,39,-37
213000109,0,18,-18
213000110,2,23,-21
213000111,0,13,-13
213000112,2,60,-58
213000115,30,1,29
213000116,1,111,-110
213000117,0,71,-71
213000118,482,209,273
213000119,0,10,-10
213000120,0,6,-6
213000122,3,38,-35
213000123,8,75,-67
213000124,5,44,-39
213000125,99,41,58
213000126,0,6,-6
213000127,4,20,-16
213000128,9,132,-123
213000129,103,686,-583
213000130,529,362,167
213000132,236,132,104
213000133,694,40,654
213000134,857,3,854
213000136,433,14,419
213000137,328,10,318
213000139,99,2,97
213000147,36,1,35
213000148,3,6,-3
213000149,1,0,1
213000150,0,0,0
213000151,0,0,0
213000152,0,0,0
213000153,0,0,0
213000154,0,0,0
213000155,0,0,0
213000156,0,0,0
213000157,0,0,0
213000158,17,85,-68
213000159,756,69,687
213000163,571,102,469
213000165,305,57,248
213000171,0,0,0
213000172,0,0,0
213000173,0,0,0
213000174,0,0,0
213000175,0,0,0
213000176,88,41,47
213000177,110,5,105
213000178,237,2,235
213000179,131,0,131
213000180,115,0,115
213000184,4,50,-46
213000188,190,18,172
213000189,351,16,335
213000190,190,13,177
213000191,348,2,346
213000192,162,1,161
213000193,0,0,0
213000194,0,0,0
213000195,0,0,0
213000196,0,0,0
213000197,484,239,245
213000198,7,0,7
213000200,51,25,26
213000201,0,33,-33
213000202,1,27,-26
213000203,802,324,478
213000204,564,6,558
213000205,242,11,231
213000206,428,2,426
213000207,3,2,1
213000208,1,0,1
213000209,33,0,33
213000210,48,0,48
213000211,0,0,0
213000212,0,0,0
213000213,0,0,0
213000218,256,360,-104
213000219,183,48,135
213000220,210,13,197
213000223,72,82,-10
213000224,3,16,-13
213000225,7,4,3
213000226,83,6,77
213000227,686,48,638
213000228,289,26,263
213000229,11,1,10
213000230,212,4,208
213000232,2,248,-246
213000233,0,0,0
213000234,0,0,0
213000293,0,0,0
213000294,53,2,51
213000295,0,1,-1
213000296,40,10,30
213000297,0,0,0
213000298,0,0,0
213000299,30,24,6
213000300,0,13,-13
213000303,0,0,0
213000304,0,0,0
213000305,2,13,-11
213000306,0,0,0
213000307,10,18,-8
213000308,0,0,0
213000309,67,10,57
213000310,65,45,20
213000311,4,142,-138
213000315,0,0,0
213000316,138,15,123
213000322,37,2,35
213000323,45,4,41
213000324,44,1,43
213000325,8,1,7
213000326,28,10,18
213000327,2,2,0
213000328,0,26,-26
213000329,28,0,28
213000340,0,7,-7
213000341,352,64,288
213000346,48,152,-104
213000347,84,168,-84
213000348,0,2,-2
213000349,0,0,0
213000350,32,97,-65
213000366,0,49,-49
213000367,249,38,211
213000379,2,4,-2
213000386,0,18,-18
213000406,0,21,-21
213000417,707,113,594
213000425,28,3,25
213000426,44,3,41
213000427,41,39,2
213000428,31,14,17
213000429,0,0,0
213000430,7,8,-1
213000431,0,1,-1
213000432,0,261,-261
213000433,0,16,-16
213000434,7,16,-9
213000435,29,1,28
213000436,2,5,-3
213000437,0,1,-1
213000438,55,0,55
213000439,1,18,-17
213000440,0,32,-32
213000441,0,1,-1
213000442,0,4,-4
213000443,328,182,146
213000444,5,2,3
213000445,0,39,-39
213000446,4,93,-89
213000447,0,24,-24
213000448,1,13,-12
213000449,370,3,367
213000450,0,0,0
213000451,5,1,4
213000452,0,0,0
213000453,0,0,0
213000455,16,1,15
213000456,0,3,-3
213000481,8,1,7
213000482,11,0,11
213000489,19,11,8
213000491,0,0,0
213000492,38,4,34
213000493,0,0,0
213000494,140,28,112
213000495,0,1,-1
213000496,484,58,426
213000497,0,11,-11
213000498,0,6,-6
213000499,20,12,8
213000500,226,10,216
213000501,63,6,57
213000502,59,14,45
213000503,0,5,-5
213000504,0,1,-1
213000505,5,0,5
213000506,0,0,0
213000507,0,6,-6
213900244,23,0,23
213900245,0,0,0
218000003,0,0,0
218000004,0,0,0
218000005,10,42,-32
218000006,25,7,18
218000007,0,5,-5
218000012,11,40,-29
218000013,9,76,-67
218000014,33,76,-43
218000019,100,17,83
218000020,111,20,91
218000021,0,0,0
218000022,0,0,0
218000023,0,0,0
218000024,0,0,0
218000025,0,0,0
218000026,0,0,0
218000027,0,0,0
218000028,0,0,0
218000029,0,0,0
218000030,0,0,0
218000031,0,0,0
218000032,0,0,0
218000040,3,1,2
218000046,21,22,-1
218000047,2,25,-23
218000048,61,18,43
218000049,38,40,-2
218000050,140,53,87
218000051,14,78,-64
218000052,0,22,-22
218000053,0,1,-1
218000054,17,7,10
218000055,0,2,-2
218000056,3,8,-5
218000057,0,19,-19
218000064,1,2,-1
218000065,85,10,75
218000066,1,14,-13
218000067,22,48,-26
218000068,20,2,18
218000069,56,5,51
218000070,34,22,12
218000071,71,21,50
218000072,73,42,31
218000078,46,39,7
218000079,158,32,126
218000080,115,25,90
218000081,369,39,330
218000082,95,29,66
218000083,0,0,0
218000084,0,0,0
218000085,0,0,0
218000086,0,0,0
218000087,0,0,0
218000090,1,32,-31
218000091,466,233,233
218000092,83,36,47
218000093,15,9,6
218000094,0,0,0
218000099,89,148,-59
218000100,33,119,-86
218000101,72,49,23
218000102,160,21,139
218000103,4,5,-1
218000104,25,3,22
218000105,0,0,0
218000106,0,0,0
218000107,0,0,0
218000108,0,0,0
218000112,0,0,0
218000117,3,54,-51
218000134,29,64,-35
218000135,0,13,-13
218000136,38,11,27
218000137,6,5,1
218000138,0,0,0
218000139,71,0,71
218000140,208,103,105
218000141,22,6,16
218000142,104,21,83
218000143,35,93,-58
218000144,4,42,-38
218000145,143,65,78
218000146,50,59,-9
218000151,0,14,-14
218000152,73,31,42
218000153,0,5,-5
218000154,3,0,3
218000155,36,1,35
218000156,93,3,90
218000157,29,1,28
218000158,5,2,3
218000159,1,0,1
218000160,4,1,3
218000161,57,2,55
218000162,71,1,70
218000163,30,0,30
218000164,66,0,66
218000165,109,16,93
218000170,0,30,-30
218000171,6,3,3
218000172,1,1,0
218000173,2,1,1
218000174,2,1,1
218000176,174,10,164
218000177,256,59,197
218000178,126,29,97
218000179,188,3,185
218000180,34,0,34
218000181,216,1,215
218000187,0,0,0
218000188,0,0,0
218000189,0,0,0
218000190,0,0,0
218000191,0,0,0
218000192,0,0,0
218000193,0,0,0
218000194,0,0,0
218000195,54,43,11
218000196,256,29,227
218000197,355,32,323
218000198,70,64,6
218000199,9,3,6
218000200,19,11,8
218000201,3,0,3
218000202,0,0,0
218000207,0,0,0
218000208,0,0,0
218000211,2,4,-2
218000212,0,0,0
218000213,83,83,0
218000214,1,18,-17
218000215,4,5,-1
218000217,0,9,-9
218000218,78,151,-73
218000219,1,38,-37
218000220,28,122,-94
218000221,155,173,-18
218000222,1,38,-37
218000223,16,275,-259
218000224,5,147,-142
218000225,111,32,79
218000226,150,11,139
218000230,0,0,0
218000232,0,3,-3
218000239,29,0,29
218000240,1,0,1
218000241,0,0,0
218000242,3,0,3
218000243,16,0,16
218000244,1,0,1
218000245,1,4,-3
218000246,0,1,-1
218000247,0,0,0
218000248,0,1,-1
218000249,0,0,0
218000250,1,0,1
218000251,0,0,0
218000252,0,0,0
218000253,0,1,-1
218000254,0,1,-1
218000255,0,0,0
218000256,1,7,-6
218000267,0,0,0
218000268,0,0,0
218000269,0,0,0
218000270,0,0,0
218000271,0,0,0
218000273,25,8,17
218000274,26,0,26
218000275,19,21,-2
218000276,7,21,-14
218000278,1,2,-1
218000279,18,4,14
218000280,0,4,-4
218000281,0,6,-6
218000282,70,296,-226
218000284,27,10,17
218000301,0,0,0
218000302,37,19,18
218000303,0,0,0
218000316,716,287,429
218000317,985,252,733
218000318,747,79,668
218000319,15,12,3
218000320,0,0,0
218000338,2,18,-16
218000345,0,0,0
218000346,43,55,-12
218000459,18,19,-1
218000490,0,0,0
218000501,71,27,44
218000502,0,0,0
218000503,53,2,51
218000504,104,2,102
218000505,0,0,0
218000506,0,0,0
218000508,0,0,0
218000510,40,19,21
218000520,129,89,40
218000521,0,3,-3
218000522,1,6,-5
218000523,36,16,20
218000524,0,69,-69
218000525,31,3,28
218000526,1,51,-50
218000529,1,9,-8
218000530,10,1,9
218000531,14,0,14
218000532,0,0,0
218000534,143,15,128
218000537,9,27,-18
218000538,31,63,-32
218000540,0,0,0
218000543,16,10,6
218000544,0,0,0
218000545,22,7,15
218000546,0,0,0
218000547,9,32,-23
218000548,0,0,0
218000549,283,26,257
218000550,3,85,-82
218000551,0,77,-77
218000552,132,22,110
218000553,0,0,0
218000554,0,0,0
218000555,32,31,1
218000556,7,2,5
218000557,96,55,41
218000558,32,0,32
218000559,0,58,-58
218000560,0,8,-8
218000561,7,0,7
218000562,0,67,-67
218000563,108,1,107
218000564,0,36,-36
218000565,24,1,23
218000566,33,1,32
218000567,0,41,-41
218000568,0,1,-1
218000569,0,46,-46
218000570,7,0,7
218000571,0,40,-40
218000572,24,0,24
218000573,0,38,-38
218000574,4,18,-14
218000575,67,0,67
218000576,0,63,-63
218000577,6,0,6
218000578,0,35,-35
218000579,0,0,0
218000581,0,0,0
218000582,22,0,22
218000583,0,0,0
218000584,0,0,0
218000585,47,0,47
218000586,30,2,28
218000587,0,0,0
218000588,0,0,0
218000589,0,0,0
218000590,1,0,1
218000591,0,0,0
218000592,0,0,0
218000593,0,0,0
218000594,0,0,0
218000597,0,3,-3
218000598,0,0,0
218000599,0,14,-14
218000600,0,0,0
218000601,0,5,-5
218000602,0,0,0
218000603,0,3,-3
218000604,3,1,2
218000605,0,30,-30
218000606,24,0,24
218000607,0,16,-16
218000608,16,0,16
218000609,0,0,0
218000610,28,0,28
218000611,19,0,19
218000612,0,0,0
218000613,22,0,22
218000614,0,1,-1
218000615,17,0,17
218000616,1,14,-13
218000617,4,0,4
218000618,0,0,0
218000619,8,2,6
218000620,0,1,-1
218000621,0,0,0
218000622,0,15,-15
218000623,18,0,18
218000624,0,17,-17
218000625,0,0,0
218000626,0,16,-16
218000628,83,34,49
218000631,26,12,14
218000632,0,26,-26
218000633,2,0,2
218000634,0,0,0
218000635,0,3,-3
218000636,38,21,17
218000637,392,51,341
218000638,311,27,284
218000639,4,26,-22
218000640,213,2,211
218000641,21,41,-20
218000652,17,21,-4
218000653,170,13,157
218000663,0,3,-3
218000675,1,31,-30
218000676,0,0,0
218000677,3,1,2
218000680,35,16,19
218000681,211,13,198
218000691,25,13,12
218000693,208,10,198
218000703,0,0,0
218000718,0,39,-39
218000719,6,30,-24
218000720,0,14,-14
218000721,2,2,0
218000725,0,0,0
218001147,0,0,0
218001214,0,0,0
218001258,265,0,265
218001329,53,41,12
218001330,2,4,-2
218001351,7,20,-13
218001352,1,1,0
218001353,2,1,1
218001354,1,4,-3
218001355,0,0,0
218001356,272,22,250
218001357,0,0,0
218001358,198,1,197
218001361,552,26,526
218001362,0,0,0
219000001,0,0,0
219000002,0,0,0
219000003,16,32,-16
219000004,12,20,-8
219000017,13,61,-48
219000020,116,9,107
219000022,79,0,79
219000023,34,1,33
219000029,0,0,0
219000034,21,30,-9
219000039,0,0,0
219000040,0,31,-31
219000041,124,62,62
219000051,0,0,0
219000052,0,0,0
219000053,0,0,0
219000054,0,0,0
219000055,181,0,181
219000056,0,0,0
219000057,16,0,16
219000062,0,0,0
219000063,54,2,52
219000064,0,0,0
219000110,153,81,72
219000111,69,40,29
219000112,140,11,129
219000113,92,8,84
219000114,56,20,36
219000116,36,17,19
219000117,105,9,96
219000118,11,36,-25
219000123,109,0,109
219000124,1,0,1
219000125,0,0,0
219000126,0,0,0
219000127,0,0,0
219000128,0,0,0
219000129,0,0,0
219000130,0,0,0
219000131,537,805,-268
219000133,12,32,-20
219000134,7,30,-23
219000135,9,10,-1
219000136,23,66,-43
219000138,83,1,82
219000139,10,0,10
219000140,41,2,39
219000141,8,0,8
219000142,10,0,10
219000143,0,0,0
219000145,5,2,3
219000146,0,0,0
219000147,0,0,0
219000148,0,0,0
219000149,0,0,0
219000150,0,0,0
219000151,0,0,0
219000157,182,58,124
219000158,52,40,12
219000161,42,6,36
219000163,150,222,-72
219000166,47,20,27
219000167,18,21,-3
219000168,108,64,44
219000174,230,33,197
219000175,68,28,40
219000176,80,4,76
219000177,20,0,20
219000178,144,0,144
219000179,6,31,-25
219000180,7,1,6
219000182,56,0,56
219000183,38,10,28
219000184,25,3,22
219000185,0,0,0
219000186,87,3,84
219000187,17,1,16
219000189,0,0,0
219000190,0,0,0
219000191,0,0,0
219000192,170,178,-8
219000193,0,0,0
219000195,0,0,0
219000196,0,0,0
219000198,0,0,0
219000199,0,0,0
219000200,0,0,0
219000201,0,0,0
219000203,0,0,0
219000204,0,0,0
219000205,0,0,0
219000207,0,0,0
219000209,0,0,0
219000210,0,0,0
219000213,0,0,0
219000239,0,0,0
219000240,0,0,0
219000241,0,0,0
219000242,0,0,0
219000243,0,0,0
219000244,0,0,0
219000245,0,0,0
219000246,8,12,-4
219000247,144,60,84
219000248,313,208,105
219000249,68,75,-7
219000250,111,43,68
219000251,185,49,136
219000252,276,95,181
219000253,100,31,69
219000255,88,57,31
219000256,155,47,108
219000257,111,0,111
219000262,0,0,0
219000263,0,0,0
219000267,0,0,0
219000268,0,0,0
219000269,2,0,2
219000270,49,0,49
219000271,123,1,122
219000278,0,0,0
219000279,0,0,0
219000283,0,0,0
219000295,0,0,0
219000296,0,0,0
219000297,0,0,0
219000298,0,0,0
219000299,170,6,164
219000300,0,0,0
219000301,0,0,0
219000302,0,0,0
219000307,0,0,0
219000308,5,8,-3
219000311,121,18,103
219000312,242,46,196
219000313,249,8,241
219000314,0,0,0
219000315,227,3,224
219000316,272,31,241
219000317,19,16,3
219000320,0,0,0
219000321,0,0,0
219000323,0,0,0
219000325,0,0,0
219000326,0,0,0
219000327,0,0,0
219000328,0,0,0
219000329,87,86,1
219000330,6,26,-20
219000331,19,26,-7
219000332,60,49,11
219000333,42,0,42
219000335,22,0,22
219000337,6,0,6
219000338,27,0,27
219000344,0,0,0
219000345,0,0,0
219000346,0,0,0
219000348,0,0,0
219000349,0,0,0
219000350,0,0,0
219000351,0,0,0
219000352,34,52,-18
219000353,111,43,68
219000354,123,72,51
219000355,72,36,36
219000356,279,622,-343
219000363,66,30,36
219000364,165,32,133
219000365,148,26,122
219000366,97,231,-134
219000368,89,455,-366
219000370,247,548,-301
219000371,0,0,0
219000382,1,10,-9
219000383,0,0,0
219000385,0,0,0
219000386,0,0,0
219000387,0,0,0
219000390,7,2,5
219000391,2,0,2
219000397,0,0,0
219000398,30,5,25
219000401,0,0,0
219000402,0,0,0
219000403,0,0,0
219000404,0,0,0
219000407,0,0,0
219000409,71,47,24
219000410,36,6,30
219000411,34,2,32
219000446,0,0,0
219000447,0,0,0
219000448,2,5,-3
219000452,18,17,1
219000453,0,0,0
219000454,107,287,-180
219000556,143,18,125
219000558,0,0,0
219000590,0,0,0
219000591,29,27,2
219000592,0,0,0
219000595,0,0,0
219000635,124,13,111
219000636,0,0,0
219000657,9,2,7
219000658,0,0,0
219000673,0,0,0
219000676,1,0,1
219000679,18,0,18
219000684,75,2,73
219000685,0,0,0
219000686,0,1,-1
219000688,0,0,0
219000689,0,0,0
219000690,105,9,96
219000691,24,0,24
219000692,28,5,23
219000693,0,0,0
219000694,0,0,0
219000695,50,0,50
219000698,1,0,1
219000699,0,0,0
219000727,0,0,0
219000728,43,0,43
219000770,1,0,1
219000771,0,0,0
219000788,0,0,0
219001150,0,10,-10
219001151,0,0,0
219001166,21,9,12
219001167,0,0,0
219001178,59,2,57
220000001,2,11,-9
220000002,0,31,-31
220000003,0,0,0
220000004,0,0,0
220000005,0,0,0
220000006,0,0,0
220000007,0,0,0
220000008,0,0,0
220000009,19,74,-55
220000010,3,12,-9
220000011,2,217,-215
220000012,4,42,-38
220000014,0,0,0
220000015,14,196,-182
220000017,40,56,-16
220000018,647,149,498
220000019,244,397,-153
220000020,78,27,51
220000021,206,61,145
220000022,344,69,275
220000023,49,45,4
220000024,248,199,49
220000025,254,687,-433
220000026,32,484,-452
220000027,21,52,-31
220000028,38,47,-9
220000029,0,0,0
220000030,0,0,0
220000031,107,164,-57
220000064,0,0,0
221000046,1,0,1
221000047,0,0,0
221000048,0,0,0
221000049,0,0,0
221000050,5,0,5
221000055,5,2,3
221000057,81,2,79
221000068,181,105,76
221000069,144,92,52
221000070,189,13,176
221000071,118,8,110
221000072,236,16,220
221000073,161,12,149
221000074,0,0,0
221000075,0,0,0
221000076,0,0,0
221000077,0,0,0
221000081,2,3,-1
221000082,28,1,27
221000083,8,4,4
221000084,4,0,4
221000085,5,0,5
221000086,0,0,0
221000087,0,0,0
221000088,0,0,0
221000089,0,0,0
221000090,0,0,0
221000098,67,6,61
221000099,221,4,217
221000100,189,1,188
221000101,186,4,182
221000102,141,1,140
221000109,0,0,0
221000110,0,0,0
221000111,0,0,0
221000112,0,0,0
221000113,0,0,0
221000114,0,0,0
221000120,34,5,29
221000121,0,24,-24
221000122,19,15,4
221000123,3,61,-58
221000124,36,23,13
221000155,71,0,71
221000156,31,7,24
221000175,12,1,11
221000176,0,34,-34
221000182,31,2,29
221000241,360,308,52
221000242,0,0,0
221000243,366,104,262
221000244,0,0,0
221000245,90,35,55
221000246,0,0,0
221000247,216,32,184
221000248,0,0,0
221000267,6,180,-174
221000325,43,27,16
221000331,1,7,-6
221000338,2,47,-45
221000378,235,9,226
221000381,10,6,4
222000282,0,13,-13
222000296,0,12,-12
222000568,306,8,298
222000569,71,78,-7
222000570,77,13,64
222000571,405,3,402
222000577,0,9,-9
222000578,0,52,-52
222000579,0,31,-31
222000580,5,232,-227
222000599,0,19,-19
222000600,0,31,-31
222000601,0,79,-79
222000603,2,4,-2
222000604,1,7,-6
222000605,0,33,-33
222000606,0,3,-3
222000607,0,37,-37
222000608,1,1,0
222000609,20,10,10
222000616,227,1,226
222000617,2,2,0
222000618,0,0,0
222000620,0,0,0
222000621,11,0,11
222000623,220,1,219
222000624,248,1,247
222000625,309,2,307
222000636,68,0,68
222000686,2,2,0
222000687,2,0,2
222001066,69,1,68
222001067,38,0,38
222001068,85,1,84
222001069,12,4,8
222001082,6,2,4
222001083,4,14,-10
222001084,0,2,-2
222001085,0,21,-21
222001111,12,41,-29
222001112,95,3,92
222001313,1,0,1
222001314,0,22,-22
222001464,114,6,108
222001465,16,13,3
222001484,59,20,39
222001485,1,1,0
222001494,420,48,372
222001495,5,21,-16
222001496,322,21,301
222001497,33,63,-30
222001502,0,0,0
222001503,24,2,22
222001504,0,0,0
222001505,228,12,216
222001506,0,0,0
222001507,33,5,28
222001510,391,3,388
222001511,0,0,0
222001514,213,54,159
222001515,0,0,0
222001518,197,40,157
222001519,0,0,0
222001527,24,31,-7
222001528,0,0,0
222001529,211,9,202
222001530,0,0,0
222001533,0,0,0
222001534,272,3,269
222001535,109,13,96
222001536,5,25,-20
222001537,74,10,64
222001538,0,0,0
222001563,634,5,629
222001564,0,0,0
222001568,76,6,70
222001576,0,4,-4
222001579,0,1,-1
222001583,3,14,-11
222001584,37,0,37
222001596,61,64,-3
222001597,443,84,359
222001626,0,16,-16
222001650,0,15,-15
222001651,40,44,-4
222001914,96,34,62
222001915,0,0,0
222001968,207,32,175
222001969,71,91,-20
222001970,56,43,13
222001971,76,2,74
222001972,2,1,1
225000001,242,62,180
225000002,389,79,310
225000003,367,24,343
225000004,248,29,219
225000005,14,20,-6
225000006,0,0,0
225000007,0,0,0
225000010,59,3,56
225000011,76,720,-644
225000012,109,518,-409
225000013,58,39,19
225000014,394,66,328
225000015,6,7,-1
225000021,164,53,111
225000027,0,0,0
225000032,177,34,143
225000042,1,0,1
225000049,0,0,0
225000050,28,1,27
225000053,0,0,0
225000058,305,72,233
225000067,0,0,0
225000068,0,0,0
225000069,0,0,0
225000070,0,0,0
225000071,0,0,0
225000075,1,0,1
225000076,0,0,0
225000078,8,11,-3
225000085,53,20,33
225000086,128,6,122
225000087,40,3,37
225000088,0,0,0
225000089,0,0,0
225000090,0,0,0
225000091,0,0,0
225000092,0,0,0
225000093,0,0,0
225000094,0,0,0
225000095,0,0,0
225000096,0,0,0
225000098,224,85,139
225000099,423,58,365
225000100,406,69,337
225000104,0,2,-2
225000110,0,0,0
225000111,5,1,4
225000112,6,6,0
225000113,5,4,1
225000114,0,10,-10
225000115,14,15,-1
225000116,218,60,158
225000117,403,266,137
225000118,667,153,514
225000119,56,12,44
225000120,209,14,195
225000121,70,13,57
225000123,899,14,885
225000125,298,83,215
225000126,620,108,512
225000127,533,906,-373
225000128,257,657,-400
225000132,286,21,265
225000133,143,14,129
225000134,259,101,158
225000135,69,4,65
225000136,145,0,145
225000137,220,22,198
225000138,517,24,493
225000143,0,0,0
225000144,0,0,0
225000145,3,26,-23
225000146,0,0,0
225000147,0,0,0
225000148,0,0,0
225000149,0,0,0
225000151,0,0,0
225000155,0,0,0
225000156,2,8,-6
225000157,1,3,-2
225000158,0,0,0
225000171,0,0,0
225000180,10,0,10
225000181,0,0,0
225000182,11,7,4
225000185,0,0,0
225000187,1,4,-3
225000191,2,0,2
225000194,0,0,0
225000208,0,0,0
225000209,63,0,63
225000210,0,0,0
225000217,0,0,0
225000218,8,0,8
225000223,0,0,0
225000224,6,0,6
225000225,0,0,0
225000226,189,0,189
225000227,0,0,0
225000228,2,21,-19
225000229,0,0,0
225000230,2,0,2
225000231,0,0,0
225000232,57,0,57
225000241,67,0,67
225000242,0,0,0
225000249,29,0,29
225000250,0,0,0
225000251,303,10,293
226000042,0,0,0
226000043,0,0,0
226000044,0,0,0
226000045,0,0,0
226000046,329,19,310
226000047,159,19,140
226000048,213,26,187
226000049,181,66,115
226000070,0,0,0
226000071,0,0,0
226000072,0,0,0
226000073,0,0,0
226000074,0,0,0
226000084,0,0,0
226000085,0,0,0
226000086,0,0,0
226000087,0,0,0
226000088,0,0,0
226000090,13,34,-21
226000091,0,11,-11
226000092,0,0,0
226000093,0,0,0
226000094,6,0,6
226000095,3,22,-19
226000105,7,3,4
226000106,19,0,19
226000107,8,1,7
226000108,9,0,9
226000109,32,0,32
226000124,55,27,28
226000134,176,210,-34
226000135,558,222,336
226000136,150,158,-8
226000137,0,0,0
226000138,0,0,0
226000139,0,0,0
226000156,109,2,107
226000157,86,1,85
226000163,0,0,0
226000202,0,0,0
226000231,204,3,201
226000232,1,1,0
227000033,343,25,318
227000036,513,10,503
227000037,413,13,400
227000038,23,5,18
227000049,0,0,0
227000050,0,0,0
227000055,24,1,23
227000056,0,0,0
227000084,0,0,0
227000085,0,0,0
227000088,19,1,18
227000089,4,0,4
227000090,27,4,23
227000091,37,7,30
227000093,32,0,32
227000094,0,0,0
227000130,0,0,0
227000131,0,0,0
227000132,0,0,0
227000133,0,0,0
227000134,0,0,0
227000152,0,0,0
227000153,0,0,0
227000155,0,0,0
227000156,0,0,0
227000165,0,0,0
227000196,159,2,157
227000199,243,24,219
227000230,0,0,0
227000232,234,18,216
227000242,0,0,0
227000243,270,16,254
227000245,0,0,0
227000246,0,0,0
227000247,462,35,427
227000248,59,26,33
227000249,0,0,0
227000250,227,180,47
227000251,0,0,0
227000252,0,0,0
227000253,256,19,237
227000262,603,10,593
227000266,577,4,573
227000267,0,0,0
227000282,0,0,0
227000284,253,37,216
227000286,0,0,0
227000287,0,0,0
227000291,0,0,0
227000484,225,3,222
227000485,0,0,0
227000655,101,0,101
227000656,284,12,272
227000657,17,9,8
227000661,146,44,102
227000680,39,100,-61
229000265,13,5,8
229000296,1,4,-3
229000297,2,22,-20
229000298,2,46,-44
229000320,1,0,1
229000321,1,1,0
229000412,0,8,-8
229000414,17,10,7
229000415,4,0,4
229000416,0,1,-1
229000417,0,0,0
229000419,21,33,-12
229000440,111,2,109
229000442,2,0,2
229000443,1,0,1
229000444,0,1,-1
229000445,17,0,17
229000446,7,0,7
229000491,0,0,0
229000492,0,0,0
229000493,0,0,0
229000494,29,0,29
229000495,58,2,56
229000496,105,1,104
229000507,0,0,0
229000508,0,0,0
229000509,0,0,0
229000510,0,0,0
229000511,0,0,0
229000512,0,0,0
229000513,0,0,0
229000514,0,0,0
229000517,0,0,0
229000518,0,0,0
229000519,0,0,0
229000520,0,0,0
229000521,46,1,45
229000522,1,0,1
229000523,1,2,-1
229000524,2,0,2
229000527,0,1,-1
229000528,1,0,1
229000529,30,0,30
229000530,62,0,62
229000531,17,0,17
229000532,10,0,10
229000533,19,0,19
229000534,8,2,6
229000564,27,0,27
229000565,8,0,8
229000566,0,0,0
229000567,0,0,0
229000582,27,4,23
229000583,0,5,-5
229000584,0,0,0
229000585,0,0,0
229000718,0,0,0
229000719,0,0,0
229000720,0,0,0
229000721,0,0,0
229000722,0,0,0
229000723,0,0,0
229000724,0,0,0
229000725,0,0,0
229000738,0,0,0
229000739,0,0,0
229000740,0,0,0
229000741,33,0,33
229000742,0,0,0
229000743,4,0,4
229000744,0,0,0
229000745,0,0,0
229000746,2,0,2
229000847,29,1,28
229000848,49,0,49
229000849,64,0,64
229000851,118,0,118
229000854,0,0,0
229000856,0,0,0
229000857,0,0,0
229000858,0,0,0
229000919,0,0,0
229000930,0,0,0
229000937,80,1,79
229000966,29,3,26
229000981,0,0,0
229000985,1,1,0
229000986,0,0,0
229000987,0,0,0
229000988,0,0,0
229000989,0,0,0
229000990,0,0,0
229000991,0,0,0
229000992,15,0,15
229000993,38,21,17
229000998,1,0,1
229000999,7,1,6
229001034,0,2,-2
229001035,0,0,0
229001037,2,0,2
229001042,1,3,-2
229001047,1,10,-9
229001050,15,2,13
229001168,0,0,0
229001200,22,0,22
229001338,1,0,1
229001394,73,2,71
229001422,126,1,125
229001423,0,0,0
229001431,16,18,-2
229001432,0,0,0
229001444,32,5,27
229001445,18,8,10
229001479,12,1,11
229001503,77,7,70
229001504,0,0,0
229001505,42,1,41
229001506,0,0,0
229001509,1,0,1
229001545,12,1,11
229001546,0,0,0
229001553,41,0,41
229001554,0,0,0
229001559,1,1,0
229001560,0,3,-3
229001630,45,0,45
229001631,0,12,-12
229001635,0,4,-4
229001636,0,0,0
229001658,0,0,0
229001659,22,1,21
229001660,0,0,0
229001661,0,12,-12
229001662,4,0,4
229001663,0,0,0
229002584,29,25,4
229002831,23,28,-5
229002841,0,5,-5
229002842,4,1,3
229002843,4,2,2
229002844,0,20,-20
229002845,0,7,-7
229002846,0,0,0
229002847,0,0,0
229002848,24,4,20
229002849,1,3,-2
229002850,1,0,1
229002851,2,20,-18
229002852,57,1,56
229002853,22,1,21
229002854,0,7,-7
229002855,0,2,-2
229002856,1,1,0
229002857,0,0,0
229002858,5,0,5
229002859,0,0,0
229002860,1,1,0
229002861,17,0,17
229002862,0,1,-1
229002863,0,5,-5
229002864,10,48,-38
229002865,0,0,0
229002866,31,7,24
229002867,0,3,-3
229002868,2,0,2
229002869,1,4,-3
229002870,2,0,2
235000066,39,4,35
235000067,35,27,8
235000072,0,0,0
235000073,0,0,0
235000074,0,0,0
235000080,0,0,0
235000081,0,0,0
235000082,77,0,77
235000083,47,2,45
235000084,20,5,15
235000085,116,9,107
235000089,5,16,-11
235000092,0,0,0
235000093,0,0,0
235000097,0,1,-1
235000098,29,1,28
235000099,2,22,-20
235000116,10,12,-2
235000117,217,7,210
235000133,0,0,0
235000134,0,0,0
235000206,7,3,4
235000207,0,1,-1
235000208,0,0,0
235000209,12,1,11
235000210,13,0,13
235000212,0,0,0
235000213,0,0,0
235000220,0,0,0
235000221,0,0,0
235000238,2,191,-189
235000239,0,22,-22
235000242,137,656,-519
235000245,0,0,0
235000246,0,0,0
235000284,0,0,0
235000295,16,0,16
235000305,111,0,111
235000306,72,0,72
235000307,0,1,-1
235000308,10,0,10
235000309,39,0,39
235000310,28,0,28
235000311,22,0,22
235000322,0,0,0
235000323,0,0,0
235000324,0,0,0
235000325,0,1,-1
235000326,0,0,0
235000351,0,0,0
235000352,0,0,0
235000353,0,0,0
235000354,0,0,0
235000355,0,1,-1
235000356,30,0,30
235000357,14,0,14
235000358,19,0,19
235000359,1,1,0
235000360,2,0,2
235000361,29,0,29
235000381,0,0,0
235000382,69,1,68
235000390,3,0,3
235000391,129,0,129
235000392,140,29,111
235000393,111,37,74
235000395,88,6,82
235000396,295,6,289
235000400,8,3,5
235000401,0,0,0
235000405,0,0,0
235000406,0,0,0
235000407,0,0,0
235000409,0,0,0
235000410,0,0,0
235000411,0,0,0
235000485,0,0,0
235000486,1,0,1
235000549,28,16,12
235000550,0,0,0
235000599,0,0,0
235000600,0,0,0
235000601,24,1,23
235000602,86,13,73
235000614,0,0,0
235000648,0,0,0
235000649,5,0,5
235000685,0,0,0
235000815,0,0,0
235000834,0,0,0
235000855,9,7,2
235000862,0,0,0
235000891,0,0,0
235000892,0,0,0
235000901,0,0,0
235000907,0,0,0
235001010,11,25,-14
235001029,0,0,0
235001030,196,16,180
235001078,95,25,70
235001079,0,0,0
235001147,7,8,-1
235001166,3,47,-44
235001167,0,0,0
235001169,1,0,1
235001188,0,0,0
235001189,3,5,-2
235001197,0,0,0
235001200,0,0,0
235001207,133,3,130
235001210,0,0,0
235001215,0,0,0
235001239,0,0,0
235001244,0,1,-1
235016267,0,0,0
277101746,0,1,-1
277102712,1,0,1
277103813,0,0,0
277103814,0,0,0
277103898,0,0,0
277104249,0,0,0
277104250,0,13,-13
277104251,0,0,0
277104252,0,7,-7
990011530,0,0,0
990014944,0,9,-9
990015176,16,0,16
990015618,2,1,1
990016032,0,0,0
990032570,0,8,-8
990070001,39,2,37
990070103,0,0,0
990070601,0,23,-23
990070751,654,2,652
990070766,0,0,0
990071180,559,0,559
990071343,4,0,4
990071387,0,0,0
990071823,108,21,87
990072600,0,25,-25
990072964,0,4,-4
990073285,0,0,0
990074393,0,128,-128
990074870,622,7,615
990075106,178,1,177
990075746,450,17,433
990076437,1068,0,1068
990076458,0,0,0
997000007,89,6,83
997000041,0,34,-34
997000058,38,0,38
997000062,57,18,39
997000069,0,0,0
997000070,0,0,0
997000100,70,0,70
997000141,0,0,0
997000198,0,0,0
998000475,0,2,-2
998000736,0,8,-8
998000965,0,8,-8
998001031,0,3,-3
998001700,0,0,0
998001899,0,0,0
998001900,12,70,-58
998003073,477,35,442
998101900,0,9,-9
998102850,0,0,0
998501927,192,6,186
998501929,120,8,112
998501930,40,0,40
998501931,36,3,33
998501932,1,1,0
998501933,96,1,95
998501937,5,0,5
998501944,0,0,0
998501950,0,0,0
998501970,39,1,38
998501971,0,39,-39
998501973,0,0,0
998501974,0,22,-22
998501975,146,0,146
998501976,77,0,77
998501977,0,0,0
998501978,3,0,3
998501979,0,0,0
998501980,38,0,38
998501981,65,0,65
998501982,0,0,0
998501983,0,0,0
998502024,0,4,-4
998502032,0,1,-1
998502062,3,0,3
998502063,0,0,0
998502173,8,0,8
998502269,0,0,0
998502546,0,24,-24
998502578,0,0,0
998502599,0,0,0
998601159,0,4,-4
998601292,0,0,0
999033574,0,3,-3
999800001,7,0,7
999800002,0,0,0
999800003,0,0,0
999800004,0,2,-2
999800005,0,0,0
