ID,insum,outsum,diff
100000001,383,218,165
100000002,1348,2693,-1345
100000003,1805,2495,-690
100000004,118,807,-689
100000005,1648,1666,-18
100000006,240,234,6
100000007,763,720,43
100000008,33,241,-208
100000009,97,472,-375
100000010,12,76,-64
100000011,86,38,48
100000012,56,112,-56
100000013,1,67,-66
100000014,21,267,-246
100000015,433,791,-358
100000016,43,777,-734
100000017,67,1022,-955
100000018,275,198,77
100000019,830,1064,-234
100000020,409,1906,-1497
100000021,1943,638,1305
100000022,210,1082,-872
100000023,1379,594,785
100000025,126,591,-465
100000028,253,740,-487
100000029,7,278,-271
100000030,38,7,31
100000031,842,3150,-2308
100000032,587,1936,-1349
100000033,501,1587,-1086
100000034,23,571,-548
100000035,256,544,-288
100000036,169,624,-455
100000037,370,199,171
100000038,1492,555,937
100000039,170,136,34
100000040,173,95,78
100000041,752,320,432
100000042,449,232,217
100000043,266,210,56
100000044,40,82,-42
100000045,86,149,-63
100000046,139,177,-38
100000047,41,137,-96
100000048,64,93,-29
100000049,522,417,105
100000051,198,155,43
100000053,39,0,39
100000054,85,11,74
100000055,325,172,153
100000056,130,220,-90
100000057,1050,184,866
100000058,351,239,112
100000059,28,80,-52
100000060,326,161,165
100000061,1114,349,765
100000062,631,390,241
100000063,492,214,278
100000064,696,237,459
100000065,140,294,-154
100000066,80,228,-148
100000067,143,180,-37
100000068,138,510,-372
100000069,119,513,-394
100000072,96,189,-93
100000073,529,361,168
100000075,353,59,294
100000076,544,2482,-1938
100000077,41,306,-265
100000078,2,20,-18
100000079,2,85,-83
100000080,5,63,-58
100000081,3,36,-33
100000102,940,2253,-1313
100000103,638,1291,-653
100000104,1400,1135,265
100000105,623,417,206
100000106,315,1472,-1157
100000107,53,490,-437
100000108,76,187,-111
100000109,149,407,-258
100000116,115,208,-93
100000117,2,41,-39
100000118,249,347,-98
100000119,669,448,221
100000121,67,266,-199
100000122,217,669,-452
100000123,601,945,-344
100000124,779,1247,-468
100000125,3024,1894,1130
100000126,254,280,-26
100000127,494,416,78
100000128,102,1388,-1286
100000129,136,571,-435
100000130,482,96,386
100000131,324,608,-284
100000132,352,968,-616
100000133,609,255,354
100000135,408,593,-185
100000139,75,386,-311
100000140,49,56,-7
100000142,413,196,217
100000143,304,117,187
100000144,705,234,471
100000147,606,2580,-1974
100000150,71,238,-167
100000151,68,707,-639
100000153,11,154,-143
100000154,3,222,-219
100000155,0,29,-29
100000156,17,89,-72
100000157,91,197,-106
100000158,98,161,-63
100000159,86,813,-727
100000165,454,168,286
100000169,5,575,-570
100000174,155,379,-224
100000179,13,299,-286
100000180,228,425,-197
100000181,87,107,-20
100000188,32,52,-20
100000189,263,115,148
100000190,176,552,-376
100000191,333,228,105
100000192,8,102,-94
100000193,171,81,90
100000330,205,418,-213
100000355,89,238,-149
100000362,929,415,514
100000363,3275,3366,-91
100000364,74,175,-101
100000365,3348,4122,-774
100000366,876,391,485
100000367,2767,3233,-466
100000368,596,394,202
100000369,156,1103,-947
100000370,126,766,-640
100000376,15,268,-253
100000379,195,1253,-1058
100000380,1142,3017,-1875
100000384,2159,2988,-829
100000385,435,1770,-1335
100000386,640,2401,-1761
100000387,1017,2901,-1884
100000388,875,1822,-947
100000389,1492,2586,-1094
100000390,1061,1153,-92
100000391,1328,3506,-2178
100000392,287,824,-537
100000393,299,1786,-1487
100000394,650,1844,-1194
100000395,324,1686,-1362
100000396,505,893,-388
100000397,611,2875,-2264
100000398,3333,1745,1588
100000413,0,7,-7
100900002,0,0,0
100900003,286,228,58
100900004,4,117,-113
100900005,141,1,140
100900006,22,6,16
100900007,58,0,58
100900008,0,78,-78
100900009,7,12,-5
100900010,36,3,33
100900011,103,95,8
100900012,0,31,-31
100900013,558,14,544
100900014,0,0,0
100900015,14,10,4
100900016,0,29,-29
100900017,598,19,579
100900018,0,4,-4
100900019,1,11,-10
100900020,185,1,184
100900021,243,0,243
100900022,3,8,-5
100900023,0,4,-4
100900024,161,2,159
100900025,2,1,1
100900026,116,29,87
100900027,140,1217,-1077
100900028,48,112,-64
100900029,56,3,53
100900030,0,31,-31
100900031,585,27,558
100900032,216,1,215
100900033,36,96,-60
100900034,915,5,910
100900035,92,0,92
100900036,2,5,-3
100900037,115,21,94
100900038,9,4,5
100900039,155,87,68
100900040,546,169,377
100900041,500,19,481
100900042,47,2215,-2168
100900043,1,15,-14
100900044,385,308,77
100900045,0,2,-2
100900046,541,8,533
100900047,361,60,301
100900048,74,1,73
100900049,7,29,-22
100900050,0,3,-3
100900051,4,27,-23
100900052,98,5,93
100900053,361,1,360
100900054,0,26,-26
100900055,100,559,-459
100900056,2,31,-29
100900057,749,96,653
100900058,168,28,140
100900059,84,1,83
100900060,207,5,202
100900061,26,121,-95
100900062,1,1,0
100900063,116,447,-331
100900064,229,7,222
100900065,24,103,-79
100900066,91,16,75
100900067,2,1,1
100900068,67,72,-5
100900069,44,1,43
100900070,366,5,361
100900071,85,15,70
100900072,2,14,-12
100900073,51,121,-70
100900074,2,0,2
100900075,382,29,353
100900076,0,8,-8
100900077,45,5,40
100900078,21,75,-54
100900079,0,3,-3
100900080,67,44,23
100900081,8,78,-70
100900082,141,35,106
100900083,1,2,-1
100900085,0,118,-118
100900086,6,217,-211
100900088,100,86,14
100900089,0,45,-45
100900090,8,184,-176
100900091,2,1,1
100900092,27,106,-79
100900093,215,209,6
100900094,89,24,65
100900095,0,18,-18
100900096,15,29,-14
100900097,1,1,0
100900098,14,1,13
100900099,0,83,-83
100900100,1,32,-31
100900101,94,7,87
100900102,2,47,-45
100900103,0,0,0
100900104,1,42,-41
100900105,1,40,-39
100900106,8,1,7
100900107,496,246,250
100900108,0,4,-4
100900109,21,16,5
100900110,4,15,-11
100900111,3,30,-27
100900112,0,5,-5
100900113,18,27,-9
100900114,8,19,-11
100900115,15,3,12
100900116,296,149,147
100900117,75,727,-652
100900118,4,18,-14
100900119,3,13,-10
100900120,16,0,16
100900121,170,140,30
100900122,25,18,7
100900123,121,4,117
100900124,5,10,-5
100900125,2,0,2
100900126,197,0,197
100900127,5,0,5
100900128,25,78,-53
100900129,2,168,-166
100900131,3,15,-12
100900133,34,1,33
100900134,5,2,3
100900135,0,113,-113
100900137,34,15,19
100900138,68,83,-15
100900139,2,5,-3
100900140,0,26,-26
100900141,0,173,-173
100900142,0,9,-9
100900143,123,84,39
100900144,2,6,-4
100900145,7,36,-29
100900146,6,13,-7
100900147,5,556,-551
100900148,15,81,-66
100900149,1,231,-230
100900150,0,40,-40
100900151,15,138,-123
100900152,11,0,11
100900153,0,195,-195
100900154,5,34,-29
100900155,12,9,3
100900156,2,0,2
100900157,1,104,-103
100900159,0,5,-5
100900160,6,1,5
100900161,2,1,1
100900162,8,48,-40
100900163,19,7,12
100900164,44,0,44
100900165,59,33,26
100900166,1,2,-1
100900167,9,12,-3
100900168,2,13,-11
100900169,10,167,-157
100900170,9,0,9
100900171,0,174,-174
100900172,1,112,-111
100900173,0,26,-26
100900174,3,17,-14
100900176,328,40,288
100900177,92,69,23
100900178,88,99,-11
100900179,61,57,4
100900180,0,1,-1
100900181,4,6,-2
100900182,1,1,0
100900184,6,33,-27
100900186,141,62,79
100900187,29,50,-21
100900188,58,1,57
100900189,771,158,613
100900191,88,465,-377
100900192,28,86,-58
100900195,34,74,-40
100900197,26,48,-22
100900198,13,6,7
100900199,9,4,5
100900200,362,50,312
100900201,5,212,-207
100900202,3,0,3
100900203,0,22,-22
100900204,7,77,-70
100900205,39,433,-394
100900206,67,74,-7
100900207,120,25,95
100900210,10,47,-37
100900211,58,66,-8
100900213,41,9,32
100900214,41,21,20
100900215,9,1,8
100900217,44,42,2
101000001,722,1159,-437
101000002,1971,2319,-348
101000003,68,441,-373
101000004,3030,6660,-3630
101000006,2258,5430,-3172
101000007,554,2080,-1526
101000008,858,1187,-329
101000009,1109,276,833
101000010,379,247,132
101000011,309,152,157
101000012,131,185,-54
101000013,239,570,-331
101000014,174,172,2
101000015,1411,526,885
101000016,77,304,-227
101000017,176,197,-21
101000018,738,1480,-742
101000020,596,325,271
101000021,190,175,15
101000022,13,49,-36
101000023,354,385,-31
101000025,175,348,-173
101000026,188,19,169
101000027,679,1454,-775
101000028,443,200,243
101000029,5,377,-372
101000030,188,117,71
101000031,24,454,-430
101000032,949,2114,-1165
101000033,341,1691,-1350
101000034,163,1342,-1179
101000035,76,185,-109
101000036,139,878,-739
101000037,439,1636,-1197
101000039,636,968,-332
101000040,877,1931,-1054
101000041,813,2981,-2168
101000042,13,477,-464
101000043,1269,2303,-1034
101000045,107,416,-309
101000046,256,895,-639
101000047,436,1714,-1278
101000048,135,195,-60
101000049,135,483,-348
101000050,121,719,-598
101000051,226,874,-648
101000052,595,776,-181
101000053,164,432,-268
101000054,357,201,156
101000055,510,779,-269
101000056,3,88,-85
101000057,250,1068,-818
101000058,202,685,-483
101000059,646,1474,-828
101000060,644,378,266
101000061,81,1214,-1133
101000062,85,281,-196
101000063,78,702,-624
101000064,99,494,-395
101000065,62,378,-316
101000066,124,801,-677
101000067,137,290,-153
101000068,107,194,-87
101000069,92,12,80
101000070,155,260,-105
101000071,1431,643,788
101000072,200,821,-621
101000073,170,964,-794
101000074,729,1506,-777
101000075,944,769,175
101000077,859,872,-13
101000078,410,440,-30
101000079,495,665,-170
101000080,501,248,253
101000081,731,779,-48
101000082,919,795,124
101000083,1572,953,619
101000084,457,160,297
101000085,864,564,300
101000086,429,362,67
101000087,334,366,-32
101000088,832,472,360
101000089,408,607,-199
101000090,585,314,271
101000091,183,197,-14
101000092,1152,429,723
101000093,569,233,336
101000094,285,204,81
101000095,216,288,-72
101000096,346,161,185
101000097,166,193,-27
101000098,196,310,-114
101000099,214,512,-298
101000100,502,809,-307
101000101,87,301,-214
101000102,157,486,-329
101000103,181,401,-220
101000104,119,490,-371
101000105,208,345,-137
101000106,109,1448,-1339
101000107,126,161,-35
101000108,167,38,129
101000109,291,57,234
101000110,10,82,-72
101000111,34,34,0
101000113,34,433,-399
101000114,763,2199,-1436
101000115,10,1,9
101000116,3,1,2
101000117,178,10,168
101000119,21,61,-40
101000120,6,55,-49
101000121,17,40,-23
101000122,26,75,-49
101000123,17,39,-22
101000124,454,291,163
101000125,55,130,-75
101000128,60,402,-342
101000130,82,63,19
101000131,689,155,534
101000132,280,154,126
101000135,1,33,-32
101000136,24,45,-21
101000137,2,208,-206
101000141,272,2292,-2020
101000147,648,130,518
101000148,304,2,302
101000149,8,17,-9
101000150,56,111,-55
101000151,205,23,182
101000152,126,143,-17
101000153,113,60,53
101000154,377,244,133
101000155,353,78,275
101000156,17,149,-132
101000157,9,21,-12
101000160,0,2,-2
101000163,20,423,-403
101000164,132,75,57
101000165,110,229,-119
101000166,52,118,-66
101000168,594,171,423
101000252,1513,339,1174
101000254,8,19,-11
101000258,41,1,40
101000261,80,52,28
101000262,437,2509,-2072
101000263,138,572,-434
101000265,7,250,-243
101000266,113,141,-28
101000269,11,7,4
101000290,49,1457,-1408
101000293,0,2,-2
101000294,127,120,7
101000295,98,112,-14
101000301,99,499,-400
101000304,748,1184,-436
101000305,1182,499,683
101000328,33,697,-664
101900001,2,51,-49
101900002,0,2,-2
101900003,13,17,-4
101900004,0,16,-16
101900005,491,1657,-1166
101900006,469,25,444
101900007,82,75,7
101900008,12,101,-89
101900009,6,189,-183
101900010,140,303,-163
101900011,65,470,-405
101900012,78,33,45
101900013,73,29,44
101900017,3,50,-47
101900018,255,144,111
101900019,27,31,-4
101900020,47,12,35
101900021,2,19,-17
101900022,97,138,-41
101900023,79,50,29
101900026,18,38,-20
101900027,9,59,-50
102000001,1417,2739,-1322
102000002,1265,483,782
102000003,754,2818,-2064
102000004,1003,1249,-246
102000005,379,1829,-1450
102000006,224,591,-367
102000007,419,2250,-1831
102000008,1784,684,1100
102000009,3479,3717,-238
102000010,1544,939,605
102000011,2237,2199,38
102000012,1882,1308,574
102000018,1206,1394,-188
102000019,827,674,153
102000026,162,232,-70
102000029,94,57,37
102000030,79,209,-130
102000031,29,49,-20
102000032,340,146,194
102000033,220,121,99
102000034,158,61,97
102000035,296,156,140
102000036,4,92,-88
102000037,33,18,15
102000038,21,40,-19
102000039,14,36,-22
102000040,104,85,19
102000041,10,257,-247
102000042,21,196,-175
102000043,12,148,-136
102000044,144,428,-284
102000045,212,504,-292
102000046,675,291,384
102000047,334,250,84
102000048,235,182,53
102000049,432,288,144
102000050,311,698,-387
102000051,107,167,-60
102000052,439,598,-159
102000053,424,541,-117
102000054,425,264,161
102000055,321,99,222
102000056,671,109,562
102000057,657,207,450
102000058,275,272,3
102000059,351,328,23
102000060,489,678,-189
102000061,719,621,98
102000062,1310,484,826
102000063,425,645,-220
102000064,310,441,-131
102000065,12,120,-108
102000066,432,243,189
102000067,1199,2050,-851
102000068,2574,1255,1319
102000069,17,842,-825
102000070,1000,28,972
102000071,3096,5498,-2402
102000072,989,1416,-427
102000073,169,222,-53
102000074,241,180,61
102000075,35,66,-31
102000076,151,51,100
102000077,352,107,245
102000078,692,45,647
102000079,47,16,31
102000080,185,54,131
102000081,49,341,-292
102000082,215,260,-45
102000083,316,70,246
102000084,542,67,475
102000085,609,204,405
102000086,932,301,631
102000087,208,430,-222
102000088,265,86,179
102000089,796,122,674
102000090,141,523,-382
102000091,573,283,290
102000092,83,289,-206
102000093,388,394,-6
102000094,164,98,66
102000095,290,367,-77
102000096,173,124,49
102000097,213,135,78
102000098,89,84,5
102000099,363,355,8
102000100,57,262,-205
102000101,70,259,-189
102000102,86,354,-268
102000103,980,301,679
102000104,222,189,33
102000105,109,165,-56
102000106,385,95,290
102000107,1072,104,968
102000108,211,110,101
102000109,186,171,15
102000110,641,277,364
102000111,6,199,-193
102000112,40,80,-40
102000113,1,16,-15
102000114,406,216,190
102000115,111,149,-38
102000116,161,436,-275
102000117,25,281,-256
102000118,428,1195,-767
102000119,321,694,-373
102000120,118,241,-123
102000121,411,125,286
102000122,251,477,-226
102000123,419,256,163
102000124,436,494,-58
102000125,197,155,42
102000126,179,259,-80
102000127,518,152,366
102000128,293,293,0
102000129,504,189,315
102000130,206,322,-116
102000131,402,343,59
102000132,176,427,-251
102000133,1886,442,1444
102000134,618,321,297
102000135,139,340,-201
102000136,278,206,72
102000137,173,129,44
102000138,90,31,59
102000139,89,89,0
102000140,49,105,-56
102000141,20,374,-354
102000142,128,350,-222
102000143,130,86,44
102000144,184,40,144
102000145,180,108,72
102000146,132,66,66
102000147,163,193,-30
102000148,61,114,-53
102000149,144,61,83
102000150,362,12,350
102000151,66,24,42
102000152,192,95,97
102000153,386,206,180
102000154,85,176,-91
102000155,20,228,-208
102000156,125,54,71
102000157,27,173,-146
102000158,91,370,-279
102000159,387,488,-101
102000161,833,913,-80
102000162,60,62,-2
102000163,40,183,-143
102000164,132,331,-199
102000165,82,40,42
102000166,10,61,-51
102000167,56,69,-13
102000168,33,57,-24
102000169,15,324,-309
102000170,200,35,165
102000171,2,55,-53
102000172,0,158,-158
102000173,199,193,6
102000174,55,40,15
102000175,80,19,61
102000176,4,35,-31
102000178,72,323,-251
102000179,230,136,94
102000180,542,164,378
102000181,668,113,555
102000182,356,121,235
102000183,995,353,642
102000184,831,246,585
102000185,1496,230,1266
102000186,700,408,292
102000187,368,220,148
102000188,722,420,302
102000189,749,118,631
102000190,216,939,-723
102000191,293,166,127
102000192,495,563,-68
102000193,40,43,-3
102000194,32,82,-50
102000195,383,160,223
102000196,145,135,10
102000197,727,80,647
102000198,96,111,-15
102000199,697,65,632
102000200,104,147,-43
102000201,839,174,665
102000202,1,21,-20
102000203,172,62,110
102000204,321,124,197
102000205,567,124,443
102000206,137,96,41
102000207,340,196,144
102000208,166,208,-42
102000209,15,22,-7
102000210,295,41,254
102000211,412,37,375
102000212,356,22,334
102000213,0,66,-66
102000214,414,6,408
102000215,9,68,-59
102000216,129,75,54
102000217,1,26,-25
102000218,107,107,0
102000219,50,26,24
102000225,127,361,-234
102000226,89,146,-57
102000227,57,0,57
102000228,0,14,-14
102000229,33,75,-42
102000230,136,159,-23
102000231,181,219,-38
102000232,28,142,-114
102000233,357,99,258
102000234,37,510,-473
102000236,84,15,69
102000237,295,73,222
102000238,83,135,-52
102000240,69,237,-168
102000241,98,11,87
102000243,0,23,-23
102000245,6,29,-23
102000246,16,72,-56
102000247,77,196,-119
102000248,259,425,-166
102000249,83,33,50
102000250,27,66,-39
102000254,263,42,221
102000266,1,50,-49
102000271,21,0,21
102000286,143,162,-19
102000297,530,239,291
102000299,0,0,0
102000301,0,0,0
102000305,0,0,0
102000307,0,1,-1
102900001,544,119,425
102900002,157,9,148
102900003,40,33,7
102900005,157,74,83
102900006,177,38,139
102900007,298,5,293
102900008,113,11,102
102900009,86,81,5
102900010,125,491,-366
102900011,320,75,245
102900012,161,23,138
102900013,19,5,14
102900015,377,150,227
102900016,83,6,77
102900017,138,49,89
102900018,30,16,14
102900019,119,125,-6
102900020,78,5,73
102900021,28,3,25
102900022,18,6,12
102900023,6,3,3
102900024,23,14,9
102900025,20,15,5
102900026,105,887,-782
102900027,57,12,45
102900028,36,479,-443
102900029,13,86,-73
102900030,97,149,-52
102900031,104,19,85
102900032,46,7,39
102900033,41,80,-39
102900034,378,13,365
102900035,76,77,-1
102900036,171,76,95
102900037,36,61,-25
102900038,94,50,44
102900039,56,246,-190
102900040,35,70,-35
102900041,32,32,0
102900042,40,39,1
102900043,132,15,117
102900044,165,388,-223
102900045,67,122,-55
102900046,166,41,125
102900047,52,95,-43
102900048,149,58,91
102900049,35,69,-34
102900050,32,81,-49
102900051,54,85,-31
102900053,81,73,8
102900054,27,289,-262
102900055,21,199,-178
102900056,18,54,-36
102900057,7,32,-25
102900058,149,29,120
102900059,3,4,-1
102900060,9,68,-59
102900061,83,76,7
102900062,132,137,-5
102900063,995,71,924
102900064,4,202,-198
102900065,285,38,247
102900066,112,4,108
102900068,0,55,-55
102900070,126,111,15
102900072,2,10,-8
102900073,10,0,10
102900075,2,19,-17
102900076,6,10,-4
102900077,0,2,-2
102900078,6,2,4
102900079,57,1,56
102900080,233,3,230
102900081,4,50,-46
102900082,17,20,-3
102900083,43,0,43
102900084,0,1,-1
102900085,38,9,29
102900086,0,1,-1
102900087,90,37,53
102900088,12,15,-3
102900089,107,18,89
102900090,0,13,-13
102900091,157,0,157
102900092,231,60,171
102900094,0,25,-25
102900095,42,0,42
102900096,18,1,17
102900097,0,15,-15
103000001,1211,1115,96
103000002,1617,1576,41
103000003,1396,1145,251
103000004,444,209,235
103000005,722,1702,-980
103000006,503,788,-285
103000007,191,148,43
103000008,577,304,273
103000009,807,533,274
103000010,155,27,128
103000011,641,311,330
103000012,632,695,-63
103000013,1132,656,476
103000014,703,1293,-590
103000015,595,307,288
103000016,254,649,-395
103000017,100,460,-360
103000018,197,120,77
103000019,158,296,-138
103000020,790,718,72
103000021,1392,2082,-690
103000022,289,649,-360
103000023,567,1231,-664
103000024,36,63,-27
103000025,37,645,-608
103000026,144,65,79
103000027,46,445,-399
103000028,164,138,26
103000029,62,99,-37
103000030,689,727,-38
103000031,461,1336,-875
103000032,1025,401,624
103000033,2340,1849,491
103000034,533,364,169
103000035,97,589,-492
103000036,88,138,-50
103000037,329,208,121
103000038,187,435,-248
103000039,207,135,72
103000040,480,329,151
103000041,834,663,171
103000042,611,80,531
103000043,462,233,229
103000044,184,38,146
103000046,78,186,-108
103000047,355,78,277
103000048,123,64,59
103000049,30,53,-23
103000050,442,51,391
103000051,363,149,214
103000052,335,94,241
103000053,141,76,65
103000054,732,124,608
103000055,966,429,537
103000056,378,411,-33
103000057,923,74,849
103000058,395,101,294
103000059,460,288,172
103000060,322,115,207
103000061,309,374,-65
103000062,262,48,214
103000063,604,372,232
103000064,68,35,33
103000065,1,88,-87
103000066,116,3,113
103000069,113,82,31
103000070,312,95,217
103000071,681,343,338
103000072,128,162,-34
103000073,487,26,461
103000074,550,41,509
103000075,41,173,-132
103000076,146,372,-226
103000077,7,152,-145
103000078,358,394,-36
103000079,163,379,-216
103000080,202,175,27
103000081,161,733,-572
103000082,257,95,162
103000083,41,93,-52
103000084,55,2,53
103000085,0,46,-46
103000086,314,270,44
103000087,63,447,-384
103000088,141,288,-147
103000089,120,490,-370
103000090,2465,975,1490
103000091,625,397,228
103000092,144,87,57
103000093,116,197,-81
103000094,146,63,83
103000095,46,157,-111
103000096,281,5,276
103000097,19,302,-283
103000098,245,6,239
103000099,42,181,-139
103000100,123,146,-23
103000101,855,41,814
103000102,90,74,16
103000103,445,41,404
103000104,117,34,83
103000105,100,29,71
103000106,2,101,-99
103000107,123,54,69
103000108,845,647,198
103000109,222,499,-277
103000110,293,609,-316
103000111,183,222,-39
103000112,93,152,-59
103000113,122,475,-353
103000114,771,313,458
103000115,635,486,149
103000116,672,223,449
103000117,392,240,152
103000118,153,169,-16
103000119,402,162,240
103000120,10,149,-139
103000121,22,102,-80
103000122,388,767,-379
103000125,5,33,-28
103000126,323,1,322
103000127,1,70,-69
103000128,125,0,125
103000129,0,78,-78
103000130,42,6,36
103000131,32,49,-17
103000132,28,41,-13
103000133,15,149,-134
103000134,108,463,-355
103000135,187,192,-5
103000136,126,156,-30
103000137,149,394,-245
103000138,241,378,-137
103000139,0,17,-17
103000140,29,16,13
103000141,11,23,-12
103000142,21,35,-14
103000143,38,62,-24
103000144,177,18,159
103000145,7,70,-63
103000150,42,13,29
103000152,44,166,-122
103000153,88,171,-83
103000156,3,61,-58
103000157,223,1,222
103000159,76,9,67
103000162,8,7,1
103000163,3,28,-25
103000164,15,25,-10
103000165,22,74,-52
103000166,195,290,-95
103000167,104,78,26
103000168,86,51,35
103000169,195,373,-178
103000170,1043,136,907
103000171,3,20,-17
103000172,538,37,501
103000173,403,98,305
103000174,256,169,87
103000175,182,61,121
103000176,342,475,-133
103000177,130,178,-48
103000178,43,113,-70
103000179,37,6,31
103000183,219,0,219
103000185,85,43,42
103000186,184,46,138
103000187,668,63,605
103000188,11,45,-34
103000189,337,335,2
103000191,138,117,21
103000292,305,749,-444
103000293,207,1410,-1203
103000295,44,33,11
103000296,33,0,33
103000297,1,0,1
103000504,41,7,34
103000505,0,9,-9
103000506,0,74,-74
103000507,64,2,62
103000508,46,23,23
103000509,156,188,-32
103900001,0,19,-19
103900002,193,17,176
103900003,241,100,141
103900004,44,0,44
103900005,1,58,-57
103900006,9,0,9
103900007,140,0,140
103900008,6,0,6
103900009,164,33,131
103900010,178,34,144
103900011,188,14,174
103900012,3,61,-58
103900013,25,12,13
103900014,58,2,56
103900015,34,5,29
103900016,29,13,16
103900017,18,17,1
103900018,68,10,58
103900019,6,253,-247
103900020,96,220,-124
103900021,86,26,60
103900022,312,105,207
103900023,191,0,191
103900024,9,59,-50
103900025,1,5,-4
103900026,0,0,0
103900027,120,47,73
103900028,25,111,-86
103900029,682,81,601
103900030,175,59,116
103900031,23,0,23
103900032,96,99,-3
103900033,16,22,-6
103900034,28,12,16
103900035,6,29,-23
103900036,18,44,-26
103900037,26,15,11
103900038,16,145,-129
103900039,120,48,72
103900040,1,70,-69
103900041,60,16,44
103900042,116,65,51
103900043,314,12,302
103900044,18,178,-160
103900045,181,127,54
103900047,83,5,78
103900048,3,13,-10
103900049,44,350,-306
103900050,8,110,-102
103900051,2,43,-41
103900052,132,123,9
103900053,224,43,181
103900054,75,22,53
103900055,194,98,96
103900056,3,3,0
103900057,47,13,34
103900058,289,59,230
103900059,1,11,-10
103900060,81,19,62
103900061,141,11,130
103900062,224,97,127
103900063,5,0,5
103900064,106,1,105
103900065,96,91,5
103900066,175,36,139
103900067,166,6,160
103900068,0,0,0
103900069,46,2,44
103900070,36,65,-29
103900071,5,34,-29
103900072,8,66,-58
103900073,33,12,21
103900074,44,2,42
103900075,158,36,122
103900076,467,130,337
103900077,5,63,-58
103900078,78,30,48
103900079,27,16,11
103900080,1,11,-10
103900081,7,12,-5
103900082,33,42,-9
103900083,417,894,-477
103900084,6,29,-23
103900085,8,40,-32
103900086,609,78,531
103900088,87,210,-123
103900089,8,86,-78
103900090,2,26,-24
103900091,244,47,197
103900092,385,128,257
103900093,13,80,-67
103900094,7,17,-10
103900095,43,94,-51
103900096,46,12,34
103900097,1,65,-64
103900098,104,46,58
103900099,122,7,115
103900100,180,14,166
103900101,42,206,-164
103900102,3,3,0
103900104,0,4,-4
103900105,4,5,-1
103900106,1,38,-37
103900107,148,54,94
103900108,31,47,-16
103900109,90,13,77
103900110,94,15,79
103900111,117,75,42
103900112,5,21,-16
103900113,30,52,-22
103900114,170,61,109
103900115,48,81,-33
103900116,369,787,-418
103900117,51,5,46
103900119,27,156,-129
103900120,34,27,7
103900122,150,51,99
103900123,115,301,-186
103900124,8,41,-33
103900125,90,29,61
103900126,361,24,337
103900127,55,43,12
103900128,93,7,86
103900131,12,24,-12
103900133,471,4,467
103900134,0,0,0
103900135,0,0,0
103900137,0,3,-3
103900138,113,24,89
103900139,97,1596,-1499
103900140,3,240,-237
103900141,62,25,37
103900142,304,26,278
103900143,111,0,111
103900144,2,5,-3
103900145,73,38,35
103900146,178,45,133
103900147,235,26,209
103900148,171,34,137
103900149,217,38,179
103900150,1090,2227,-1137
103900151,0,11,-11
103900152,533,24,509
103900153,8,4,4
103900154,52,1004,-952
103900155,3,43,-40
103900156,13,13,0
103900157,57,6,51
103900158,141,3,138
103900159,182,0,182
103900160,6,14,-8
103900161,24,74,-50
103900162,26,12,14
103900163,0,65,-65
103900167,2,84,-82
103900168,20,15,5
103900169,15,29,-14
103900170,0,10,-10
103900171,1,1,0
103900172,0,0,0
103900173,11,0,11
103900174,154,5,149
103900175,0,93,-93
103900176,2,9,-7
103900177,1,1,0
103900178,45,1,44
103900179,24,3,21
103900180,0,1,-1
103900181,11,8,3
103900182,0,4,-4
103900184,28,5,23
103900185,5,259,-254
103900187,16,43,-27
103900188,42,28,14
103900189,81,2,79
103900190,60,6,54
103900191,10,15,-5
103900192,41,44,-3
103900193,6,7,-1
103900194,9,5,4
103900195,1,52,-51
103900196,30,16,14
103900197,1,1,0
103900198,1,2,-1
103900199,110,15,95
103900200,141,8,133
103900201,26,2,24
103900202,0,3,-3
103900203,34,24,10
103900204,3,12,-9
103900207,0,16,-16
103900208,60,0,60
103900209,9,6,3
103900210,22,7,15
103900211,340,41,299
103900212,21,19,2
103900213,3,64,-61
103900214,68,166,-98
103900215,47,105,-58
103900216,8,45,-37
103900217,137,22,115
103900218,1,112,-111
103900219,201,20,181
103900233,40,4,36
103900235,22,25,-3
103900236,5,10,-5
103900242,0,0,0
103900243,0,1,-1
103900244,31,25,6
103900245,65,4,61
103900246,0,11,-11
103900247,1,13,-12
103900248,0,9,-9
103900249,0,100,-100
103900250,2,4,-2
103900251,0,11,-11
103900253,0,1,-1
103900254,0,2,-2
103900255,0,2,-2
103900256,6,22,-16
103900257,40,51,-11
103900258,0,0,0
103900259,1,0,1
103900261,1,6,-5
103900262,6,0,6
103900263,11,1,10
103900264,10,0,10
103900265,1,0,1
103900266,1,57,-56
103900267,0,12,-12
103900268,12,11,1
103900269,81,7,74
103900270,36,26,10
103900271,37,10,27
103900272,14,2,12
103900273,13,0,13
103900274,40,0,40
103900275,36,2,34
103900276,0,0,0
103900277,0,2,-2
103900278,2,3,-1
103900279,1,27,-26
103900280,1,0,1
104000001,1354,767,587
104000002,1061,1079,-18
104000003,1083,752,331
104000004,1610,928,682
104000005,1011,866,145
104000006,1522,1050,472
104000007,2661,1999,662
104000008,152,103,49
104000009,291,121,170
104000010,100,205,-105
104000011,151,101,50
104000012,90,93,-3
104000013,125,260,-135
104000014,98,126,-28
104000015,190,88,102
104000016,121,113,8
104000018,549,82,467
104000019,440,103,337
104000020,21,130,-109
104000021,176,120,56
104000022,117,201,-84
104000023,903,228,675
104000024,144,85,59
104000026,37,41,-4
104000027,172,56,116
104000028,385,206,179
104000029,163,115,48
104000030,323,242,81
104000031,764,115,649
104000032,79,123,-44
104000033,575,135,440
104000034,186,93,93
104000035,660,86,574
104000036,627,196,431
104000037,91,91,0
104000038,273,196,77
104000039,173,61,112
104000040,27,226,-199
104000041,381,159,222
104000042,239,120,119
104000043,116,70,46
104000044,153,177,-24
104000045,306,174,132
104000046,214,341,-127
104000047,207,355,-148
104000048,450,435,15
104000049,301,202,99
104000050,103,358,-255
104000051,46,173,-127
104000052,966,689,277
104000053,715,237,478
104000054,252,47,205
104000055,1171,695,476
104000056,459,110,349
104000057,260,107,153
104000058,607,489,118
104000059,333,497,-164
104000060,745,695,50
104000061,491,494,-3
104000062,305,40,265
104000064,357,113,244
104000065,31,250,-219
104000069,228,810,-582
104000070,21,307,-286
104000071,103,46,57
104000072,386,98,288
104000075,0,71,-71
104000076,238,41,197
104000082,956,1470,-514
104000083,226,60,166
104000084,59,188,-129
104000085,200,76,124
104000086,198,233,-35
104000087,98,367,-269
104000090,429,208,221
104000092,789,312,477
104000094,265,277,-12
104000095,1338,599,739
104000096,1149,13,1136
104000097,1274,131,1143
104000098,2165,162,2003
104000100,1598,211,1387
104000101,630,546,84
104000106,22,340,-318
104000107,416,166,250
104000108,108,98,10
104000109,146,47,99
104000110,325,638,-313
104000111,714,1346,-632
104000112,199,236,-37
104000116,1,273,-272
104000117,221,129,92
104000118,790,68,722
104000119,458,130,328
104000120,283,112,171
104000121,115,207,-92
104000122,385,297,88
104000123,399,300,99
104000124,171,471,-300
104000125,624,1694,-1070
104000126,276,310,-34
104000127,879,816,63
104000128,345,104,241
104000129,182,12,170
104000130,2,257,-255
104000131,153,239,-86
104000132,316,237,79
104000133,732,469,263
104000134,551,950,-399
104000135,168,574,-406
104000136,339,1039,-700
104000137,937,176,761
104000138,723,328,395
104000139,990,971,19
104000141,262,337,-75
104000142,345,218,127
104000143,427,108,319
104000144,68,123,-55
104000145,171,79,92
104000146,74,169,-95
104000147,62,131,-69
104000148,199,71,128
104000149,83,54,29
104000150,611,227,384
104000151,165,142,23
104000152,219,165,54
104000153,537,296,241
104000154,317,202,115
104000155,234,579,-345
104000157,732,456,276
104000158,48,191,-143
104000159,348,142,206
104000160,1106,1430,-324
104000161,72,66,6
104000162,64,37,27
104000165,408,297,111
104000167,397,1018,-621
104000168,580,6,574
104000169,174,36,138
104000170,88,122,-34
104000248,243,252,-9
104000251,6,55,-49
104000272,0,0,0
104000273,0,0,0
104000274,0,0,0
104000275,0,0,0
104000279,321,334,-13
104000290,16,461,-445
104000291,435,556,-121
104000293,515,400,115
104000294,47,1,46
104000295,604,756,-152
104000296,217,206,11
104000297,677,1382,-705
104000298,945,392,553
104000299,456,367,89
104000302,29,56,-27
104000303,104,48,56
104900001,30,33,-3
104900002,14,125,-111
104900003,27,67,-40
104900004,13,33,-20
104900005,179,47,132
104900006,248,16,232
104900007,213,77,136
104900009,51,74,-23
104900010,43,0,43
104900011,1,0,1
104900012,54,1,53
104900013,21,1,20
104900014,477,74,403
104900015,38,1,37
104900016,88,41,47
104900017,30,55,-25
104900018,1,32,-31
104900019,60,2638,-2578
104900020,44,64,-20
104900021,0,2,-2
104900022,2,72,-70
104900023,1,16,-15
104900024,7,64,-57
104900025,28,32,-4
104900026,0,14,-14
104900027,470,169,301
104900028,3,32,-29
104900029,9,25,-16
104900030,227,110,117
104900031,15,72,-57
104900032,12,12,0
104900033,118,42,76
104900034,172,90,82
104900035,197,143,54
104900036,375,24,351
104900037,98,46,52
104900038,25,600,-575
104900039,91,741,-650
104900040,437,22,415
104900041,146,31,115
104900042,112,42,70
104900043,27,235,-208
104900044,680,31,649
104900045,136,48,88
104900046,333,24,309
104900047,257,22,235
104900048,385,29,356
104900049,117,35,82
104900050,348,13,335
104900051,217,41,176
104900052,190,1,189
104900053,264,24,240
104900054,164,19,145
104900055,266,0,266
104900056,203,11,192
104900057,38,0,38
104900058,161,6,155
104900059,64,17,47
104900060,0,48,-48
104900061,30,42,-12
104900063,6,28,-22
104900064,0,50,-50
104900065,4,69,-65
104900066,0,9,-9
104900067,0,35,-35
104900068,6,20,-14
104900070,14,31,-17
104900071,0,36,-36
104900072,5,40,-35
104900073,54,12,42
104900074,9,14,-5
104900075,5,4,1
104900076,42,6,36
104900077,41,44,-3
104900078,32,32,0
104900079,16,362,-346
104900080,34,72,-38
104900082,0,56,-56
104900085,1,69,-68
104900087,150,1,149
104900089,482,1,481
104900090,730,289,441
104900091,104,124,-20
104900093,36,36,0
104900097,395,1139,-744
104900098,63,2,61
104900099,26,237,-211
104900100,157,37,120
104900102,42,34,8
104900103,46,9,37
104900104,584,874,-290
104900106,41,33,8
104900107,7,48,-41
104900108,0,28,-28
104900109,34,66,-32
104900110,5,42,-37
104900111,97,3,94
104900112,212,66,146
104900113,298,30,268
104900114,254,92,162
104900115,331,36,295
104900116,239,30,209
104900118,0,16,-16
104900119,0,12,-12
104900120,19,330,-311
104900121,0,10,-10
104900122,1,7,-6
104900123,188,37,151
104900124,86,0,86
104900125,214,2,212
104900126,6,14,-8
104900127,1,7,-6
104900128,56,25,31
104900129,299,1371,-1072
105000001,1462,529,933
105000002,974,740,234
105000003,1177,1539,-362
105000004,566,357,209
105000005,838,520,318
105000006,565,928,-363
105000007,646,1074,-428
105000008,283,1250,-967
105000009,2118,1815,303
105000010,1078,567,511
105000011,1716,1594,122
105000012,917,804,113
105000013,539,567,-28
105000014,1666,1518,148
105000015,3705,6595,-2890
105000016,533,590,-57
105000017,879,607,272
105000018,418,582,-164
105000019,503,426,77
105000020,44,250,-206
105000021,167,103,64
105000022,38,32,6
105000023,361,110,251
105000028,19,35,-16
105000029,290,595,-305
105000030,1500,967,533
105000031,2,4,-2
105000033,488,574,-86
105000034,21,546,-525
105000037,273,61,212
105000038,423,633,-210
105000039,291,319,-28
105000040,366,470,-104
105000041,106,203,-97
105000042,904,585,319
105000043,367,327,40
105000044,350,108,242
105000045,97,124,-27
105000046,660,74,586
105000047,202,165,37
105000048,696,149,547
105000049,96,129,-33
105000050,657,228,429
105000051,93,164,-71
105000052,285,403,-118
105000053,64,59,5
105000054,234,337,-103
105000055,366,119,247
105000056,1048,864,184
105000057,820,228,592
105000058,586,430,156
105000059,706,328,378
105000060,308,194,114
105000061,924,255,669
105000062,271,237,34
105000063,106,180,-74
105000064,1609,287,1322
105000065,306,151,155
105000066,451,322,129
105000067,1016,415,601
105000068,164,353,-189
105000069,660,1468,-808
105000070,229,622,-393
105000071,106,1197,-1091
105000072,726,2652,-1926
105000073,651,429,222
105000074,218,193,25
105000075,210,252,-42
105000076,652,386,266
105000077,750,228,522
105000078,355,387,-32
105000079,451,1019,-568
105000080,1089,1072,17
105000081,613,555,58
105000082,438,972,-534
105000083,1204,1587,-383
105000084,230,471,-241
105000085,1615,1174,441
105000086,332,320,12
105000087,440,625,-185
105000088,1147,1388,-241
105000089,863,361,502
105000090,147,124,23
105000091,233,203,30
105000092,213,194,19
105000093,117,224,-107
105000094,93,91,2
105000095,82,240,-158
105000096,592,1030,-438
105000097,170,260,-90
105000098,831,843,-12
105000099,343,405,-62
105000100,1147,359,788
105000101,1111,499,612
105000102,848,503,345
105000103,572,476,96
105000104,1033,324,709
105000105,592,331,261
105000106,862,315,547
105000107,906,221,685
105000108,1006,310,696
105000109,1429,291,1138
105000110,560,99,461
105000111,979,186,793
105000112,477,169,308
105000113,423,401,22
105000114,549,717,-168
105000115,158,1071,-913
105000116,774,261,513
105000117,329,246,83
105000118,504,163,341
105000119,296,296,0
105000120,1101,264,837
105000121,569,344,225
105000122,337,199,138
105000123,255,247,8
105000124,1092,199,893
105000125,544,400,144
105000126,1091,533,558
105000127,1534,494,1040
105000128,328,812,-484
105000129,743,140,603
105000130,75,2259,-2184
105000131,216,90,126
105000132,761,515,246
105000133,118,168,-50
105000134,1022,182,840
105000135,111,92,19
105000136,12,26,-14
105000137,412,31,381
105000138,51,23,28
105000139,431,100,331
105000140,470,87,383
105000141,206,67,139
105000142,186,167,19
105000143,84,139,-55
105000144,220,168,52
105000145,532,172,360
105000146,139,118,21
105000147,476,108,368
105000148,435,385,50
105000149,1790,775,1015
105000150,446,279,167
105000151,502,236,266
105000152,143,218,-75
105000153,579,164,415
105000154,246,210,36
105000155,352,210,142
105000156,81,220,-139
105000157,362,312,50
105000158,1251,310,941
105000159,157,250,-93
105000160,2178,335,1843
105000161,350,246,104
105000162,391,1567,-1176
105000163,402,291,111
105000164,36,93,-57
105000165,266,4962,-4696
105000166,1333,939,394
105000167,641,1364,-723
105000168,201,121,80
105000169,510,83,427
105000170,253,555,-302
105000171,569,76,493
105000172,228,3,225
105000173,473,3,470
105000174,96,23,73
105000175,59,33,26
105000176,345,40,305
105000177,290,166,124
105000178,198,110,88
105000179,926,24,902
105000180,178,10,168
105000181,117,104,13
105000182,40,22,18
105000183,980,1324,-344
105000184,85,131,-46
105000185,146,743,-597
105000186,161,296,-135
105000187,315,136,179
105000188,110,112,-2
105000189,49,271,-222
105000190,162,129,33
105000191,80,160,-80
105000192,184,55,129
105000193,70,31,39
105000194,505,13,492
105000195,112,153,-41
105000196,54,211,-157
105000197,117,182,-65
105000198,88,57,31
105000199,52,494,-442
105000200,54,277,-223
105000201,70,14,56
105000203,2,74,-72
105000204,43,41,2
105000205,33,55,-22
105000207,34,14,20
105000208,69,225,-156
105000209,31,30,1
105000211,325,1,324
105000212,503,302,201
105000213,32,66,-34
105000214,81,49,32
105000215,109,63,46
105000216,82,42,40
105000217,94,35,59
105000218,1558,270,1288
105000221,131,82,49
105000222,130,25,105
105000223,248,65,183
105000226,39,66,-27
105000227,66,40,26
105000228,17,715,-698
105000229,106,296,-190
105000231,180,53,127
105000233,580,317,263
105000234,211,446,-235
105000235,363,251,112
105000237,794,45,749
105000243,67,14,53
105000248,12,25,-13
105000262,158,99,59
105000269,56,40,16
105000270,491,16,475
105000271,0,66,-66
105000282,11,22,-11
105000287,82,38,44
105000288,589,267,322
105000289,494,978,-484
105000290,7,11,-4
105000402,601,1579,-978
105000426,113,145,-32
105000438,634,714,-80
105000440,29,3,26
105000446,2130,1771,359
105000447,1166,699,467
105000454,348,78,270
105000455,87,53,34
105000474,80,1,79
105000477,568,258,310
105000478,1457,2868,-1411
105000479,84,53,31
105000480,2545,3550,-1005
105000481,2319,1609,710
105000482,1014,1479,-465
105000483,681,1016,-335
105000484,643,787,-144
105000485,543,1373,-830
105000486,591,663,-72
105000488,1216,1187,29
105000489,888,285,603
105000549,134,30,104
105000550,105,265,-160
105000551,10,58,-48
105000552,624,383,241
105000555,342,739,-397
105000556,34,22,12
105000557,29,66,-37
105900001,8,806,-798
105900002,317,557,-240
105900003,1,64,-63
105900004,35,15,20
105900005,1,56,-55
105900006,25,19,6
105900007,5,24,-19
105900008,43,76,-33
105900009,63,6,57
105900011,77,18,59
105900012,149,34,115
105900013,2,9,-7
105900014,7,11,-4
105900015,33,71,-38
105900016,247,94,153
105900017,1084,13,1071
105900018,52,65,-13
105900019,23,40,-17
105900020,42,25,17
105900021,11,113,-102
105900022,55,89,-34
105900023,9,34,-25
105900024,21,38,-17
105900025,206,2,204
105900026,85,3,82
105900027,2418,922,1496
105900028,101,44,57
105900029,609,118,491
105900030,64,88,-24
105900031,201,31,170
105900032,36,12,24
105900033,16,24,-8
105900034,86,41,45
105900035,69,30,39
105900036,47,15,32
105900037,63,3,60
105900038,61,85,-24
105900039,54,15,39
105900040,40,15,25
105900041,61,39,22
105900042,18,41,-23
105900043,276,29,247
105900044,2,74,-72
105900045,0,277,-277
105900046,2,24,-22
105900047,6,11,-5
105900048,61,74,-13
105900050,167,530,-363
105900051,10,251,-241
105900052,234,7,227
105900053,732,1951,-1219
105900054,63,56,7
105900056,168,224,-56
105900057,5,61,-56
105900058,15,10,5
105900059,1,50,-49
106000001,1092,940,152
106000002,358,1138,-780
106000003,1548,1817,-269
106000004,993,1380,-387
106000005,2567,1949,618
106000006,1946,982,964
106000007,381,71,310
106000008,140,130,10
106000009,313,62,251
106000010,148,263,-115
106000011,1074,340,734
106000012,378,220,158
106000013,1248,708,540
106000014,569,405,164
106000015,1618,478,1140
106000016,592,565,27
106000017,765,334,431
106000018,206,271,-65
106000019,422,174,248
106000020,100,125,-25
106000021,362,129,233
106000022,162,112,50
106000023,716,136,580
106000024,253,237,16
106000025,190,191,-1
106000026,59,65,-6
106000027,1745,598,1147
106000028,256,151,105
106000029,330,291,39
106000030,40,178,-138
106000034,24,117,-93
106000035,642,988,-346
106000036,37,252,-215
106000037,259,353,-94
106000038,9,61,-52
106000039,30,73,-43
106000040,46,833,-787
106000041,407,217,190
106000043,216,98,118
106000046,79,35,44
106000047,36,272,-236
106000049,900,38,862
106000050,33,164,-131
106000051,583,297,286
106000052,5,7,-2
106000053,404,77,327
106000054,10,5,5
106000055,487,177,310
106000056,9,3,6
106000057,439,79,360
106000058,3,2,1
106000059,375,142,233
106000060,22,62,-40
106000061,104,428,-324
106000062,70,83,-13
106000063,509,460,49
106000064,0,3,-3
106000065,435,112,323
106000066,62,17,45
106000067,318,37,281
106000068,44,22,22
106000069,334,21,313
106000070,151,42,109
106000071,519,106,413
106000072,874,518,356
106000073,700,2963,-2263
106000074,311,378,-67
106000075,267,432,-165
106000076,545,401,144
106000077,898,274,624
106000078,737,195,542
106000079,550,196,354
106000080,800,201,599
106000081,624,274,350
106000082,736,298,438
106000083,177,404,-227
106000084,456,304,152
106000085,631,340,291
106000086,225,98,127
106000087,343,205,138
106000088,249,142,107
106000089,775,119,656
106000090,203,197,6
106000091,224,354,-130
106000092,403,141,262
106000093,415,40,375
106000094,32,138,-106
106000095,799,335,464
106000096,1292,128,1164
106000097,947,392,555
106000098,760,92,668
106000099,59,171,-112
106000100,969,95,874
106000101,491,66,425
106000102,43,173,-130
106000103,199,181,18
106000104,926,202,724
106000105,297,197,100
106000106,685,81,604
106000107,43,132,-89
106000108,404,103,301
106000109,53,70,-17
106000110,348,47,301
106000111,85,90,-5
106000112,192,524,-332
106000113,152,241,-89
106000114,198,542,-344
106000115,154,304,-150
106000116,161,72,89
106000117,394,184,210
106000118,628,675,-47
106000119,311,198,113
106000120,489,816,-327
106000121,203,62,141
106000122,186,104,82
106000123,678,44,634
106000124,93,64,29
106000125,25,129,-104
106000126,357,36,321
106000127,801,282,519
106000128,739,69,670
106000129,423,207,216
106000130,858,123,735
106000131,60,342,-282
106000132,352,66,286
106000133,896,891,5
106000134,170,1730,-1560
106000135,106,364,-258
106000136,629,1026,-397
106000137,76,478,-402
106000138,1397,41,1356
106000139,101,83,18
106000140,3,3,0
106000141,19,2,17
106000142,240,72,168
106000143,0,9,-9
106000144,34,58,-24
106000145,84,31,53
106000146,422,34,388
106000147,416,254,162
106000148,461,350,111
106000149,530,213,317
106000150,520,1078,-558
106000151,1321,402,919
106000152,450,946,-496
106000153,22,745,-723
106000154,575,88,487
106000155,148,224,-76
106000156,716,47,669
106000157,320,678,-358
106000158,606,323,283
106000159,859,1124,-265
106000160,318,1669,-1351
106000161,406,83,323
106000162,401,886,-485
106000163,226,77,149
106000164,372,29,343
106000165,120,168,-48
106000166,609,45,564
106000167,214,218,-4
106000168,447,64,383
106000169,87,88,-1
106000170,522,58,464
106000171,116,324,-208
106000172,1225,386,839
106000173,491,606,-115
106000174,958,95,863
106000175,113,112,1
106000176,1318,262,1056
106000177,518,378,140
106000178,1862,443,1419
106000179,366,298,68
106000180,451,231,220
106000181,1120,593,527
106000182,1319,124,1195
106000183,1165,114,1051
106000184,623,206,417
106000185,726,665,61
106000186,102,10,92
106000187,7,421,-414
106000188,0,0,0
106000189,13,8,5
106000190,38,0,38
106000191,319,28,291
106000192,0,1,-1
106000193,41,113,-72
106000194,12,76,-64
106000195,39,23,16
106000196,30,73,-43
106000197,400,62,338
106000198,124,32,92
106000199,359,692,-333
106000200,100,123,-23
106000201,114,3685,-3571
106000202,800,269,531
106000203,5,50,-45
106000204,29,1,28
106000205,5,47,-42
106000206,54,9,45
106000207,11,121,-110
106000208,1104,49,1055
106000209,1623,138,1485
106000210,132,235,-103
106000211,146,514,-368
106000212,1016,185,831
106000213,96,694,-598
106000214,606,123,483
106000215,286,204,82
106000216,557,74,483
106000217,101,270,-169
106000218,319,62,257
106000219,119,194,-75
106000220,476,97,379
106000221,133,23,110
106000222,57,45,12
106000223,233,40,193
106000224,84,36,48
106000225,48,89,-41
106000226,39,56,-17
106000228,3,7,-4
106000229,66,155,-89
106000231,826,33,793
106000232,46,74,-28
106000233,361,44,317
106000234,12,124,-112
106000235,96,84,12
106000236,30,142,-112
106000237,0,115,-115
106000238,19,9,10
106000239,0,38,-38
106000240,11,1,10
106000241,3,371,-368
106000242,141,27,114
106000249,129,59,70
106000250,12,232,-220
106000251,59,5,54
106000252,5,1,4
106000253,75,14,61
106000254,28,4,24
106000255,45,56,-11
106000256,2,10,-8
106000257,22,72,-50
106000258,8,21,-13
106000259,3,23,-20
106000260,4,1,3
106000261,1,7,-6
106000262,76,3,73
106000263,19,12,7
106000264,61,4,57
106000265,11,22,-11
106000266,85,26,59
106000267,0,27,-27
106000268,103,5,98
106000269,8,5,3
106000270,45,60,-15
106000271,21,23,-2
106000272,22,5,17
106000273,8,73,-65
106000274,79,3,76
106000275,98,60,38
106000276,5,7,-2
106000277,61,87,-26
106000278,27,0,27
106000279,16,2,14
106000280,111,11,100
106000281,42,32,10
106000282,45,21,24
106000283,27,3,24
106000284,75,14,61
106000285,12,30,-18
106000286,49,18,31
106000287,35,25,10
106000288,89,13,76
106000289,26,43,-17
106000290,61,9,52
106000291,83,23,60
106000292,9,8,1
106000293,51,10,41
106000294,34,6,28
106000295,32,19,13
106000296,5,4,1
106000297,5,57,-52
106000298,31,34,-3
106000299,12,17,-5
106000300,24,19,5
106000301,6,39,-33
106000303,28,10,18
106000304,16,0,16
106000305,61,32,29
106000306,8,9,-1
106000307,133,10,123
106000308,2,19,-17
106000309,6,23,-17
106000310,173,134,39
106000311,331,45,286
106000312,99,22,77
106000313,120,49,71
106000318,4,135,-131
106000319,554,203,351
106000320,1,99,-98
106000321,21,227,-206
106000322,145,41,104
106000324,51,102,-51
106000325,1434,316,1118
106000326,342,455,-113
106000327,210,19,191
106000328,14,13,1
106000329,23,76,-53
106000330,12,50,-38
106000428,66,120,-54
106000429,94,232,-138
106000430,225,507,-282
106000431,1747,209,1538
106000432,473,673,-200
106000433,1477,749,728
106000434,2447,687,1760
106000435,701,664,37
106000436,3,61,-58
106000437,424,46,378
106000438,100,240,-140
106000439,5,354,-349
106000440,124,194,-70
106000441,0,0,0
106000442,166,3,163
106000443,181,82,99
106000450,0,56,-56
106000451,38,89,-51
106000454,0,44,-44
106000455,0,70,-70
106000456,52,3,49
106000457,7,119,-112
106000458,845,619,226
106000459,88,111,-23
106000460,1449,29,1420
106000461,103,147,-44
106000462,0,23,-23
106000463,1,133,-132
106000464,0,129,-129
106000465,659,0,659
106000466,0,125,-125
106000467,44,222,-178
106000468,98,67,31
106000469,727,4,723
106000470,76,756,-680
106000471,3,149,-146
106000472,140,3,137
106000473,4,19,-15
106000474,341,235,106
106000475,415,171,244
106000476,151,151,0
106000477,19,43,-24
106000480,0,158,-158
106900001,0,0,0
106900002,0,68,-68
106900003,29,354,-325
106900004,0,2,-2
106900006,0,8,-8
106900007,0,0,0
106900008,279,17,262
106900009,305,78,227
106900010,162,74,88
106900012,351,1654,-1303
106900013,348,137,211
106900014,44,11,33
106900015,13,0,13
106900016,332,7,325
106900017,1,0,1
106900018,23,0,23
106900019,164,2,162
106900020,624,923,-299
106900021,145,68,77
106900022,1245,10,1235
106900023,27,63,-36
106900024,396,31,365
106900025,3,109,-106
106900026,0,74,-74
106900027,694,1,693
107000001,1700,2242,-542
107000002,660,623,37
107000003,4395,4326,69
107000004,1641,769,872
107000005,5079,3274,1805
107000006,1293,744,549
107000007,2703,2852,-149
107000008,1672,948,724
107000009,5132,3442,1690
107000010,2385,1624,761
107000011,346,317,29
107000012,869,521,348
107000013,25,11,14
107000014,37,12,25
107000015,195,119,76
107000016,306,115,191
107000017,441,371,70
107000018,3,285,-282
107000020,460,339,121
107000021,416,173,243
107000022,527,469,58
107000023,681,101,580
107000024,509,637,-128
107000025,156,90,66
107000026,250,223,27
107000027,796,232,564
107000028,688,332,356
107000029,2355,1526,829
107000030,1025,786,239
107000031,2751,1093,1658
107000032,103,331,-228
107000033,749,1242,-493
107000034,1095,317,778
107000035,115,102,13
107000036,223,595,-372
107000037,44,362,-318
107000038,87,77,10
107000039,434,405,29
107000040,121,59,62
107000041,443,182,261
107000042,142,937,-795
107000043,514,227,287
107000044,76,121,-45
107000045,49,102,-53
107000046,338,78,260
107000047,208,244,-36
107000048,311,104,207
107000049,188,263,-75
107000050,329,158,171
107000051,130,169,-39
107000052,459,1007,-548
107000053,192,304,-112
107000054,14,104,-90
107000055,219,134,85
107000056,341,262,79
107000057,577,86,491
107000058,1579,1194,385
107000059,683,1106,-423
107000060,3789,2637,1152
107000061,1614,833,781
107000062,4296,1315,2981
107000063,1236,994,242
107000064,3224,1847,1377
107000065,1008,1195,-187
107000066,715,1340,-625
107000067,578,392,186
107000068,291,321,-30
107000069,495,342,153
107000070,631,13,618
107000071,2213,23,2190
107000072,4,526,-522
107000073,669,373,296
107000074,43,171,-128
107000075,1266,84,1182
107000076,106,346,-240
107000077,1871,229,1642
107000078,227,427,-200
107000079,1855,324,1531
107000080,144,490,-346
107000081,2751,366,2385
107000082,250,245,5
107000083,949,467,482
107000084,116,153,-37
107000085,1176,1141,35
107000086,1069,714,355
107000087,1465,916,549
107000088,843,841,2
107000089,788,845,-57
107000090,377,246,131
107000091,954,432,522
107000092,266,261,5
107000093,868,463,405
107000094,310,206,104
107000095,922,416,506
107000096,263,308,-45
107000097,1332,162,1170
107000098,174,291,-117
107000099,281,150,131
107000100,100,146,-46
107000101,80,156,-76
107000102,152,152,0
107000103,277,154,123
107000104,85,160,-75
107000105,331,119,212
107000106,45,86,-41
107000107,688,136,552
107000108,97,119,-22
107000109,733,62,671
107000110,11,153,-142
107000111,376,11,365
107000112,6,131,-125
107000113,839,25,814
107000114,16,365,-349
107000115,581,326,255
107000116,27,287,-260
107000117,67,1054,-987
107000118,24,42,-18
107000119,461,1341,-880
107000120,680,418,262
107000121,557,206,351
107000122,278,293,-15
107000123,400,168,232
107000124,317,157,160
107000125,759,97,662
107000126,891,181,710
107000129,165,203,-38
107000130,695,241,454
107000131,211,560,-349
107000132,389,140,249
107000133,231,16,215
107000134,106,0,106
107000135,1,178,-177
107000136,268,2,266
107000137,3,105,-102
107000138,13,5,8
107000139,1,153,-152
107000140,672,27,645
107000141,76,223,-147
107000142,294,32,262
107000143,9,267,-258
107000144,228,332,-104
107000145,32,121,-89
107000146,154,191,-37
107000147,1779,304,1475
107000150,88,2316,-2228
107000151,2,7,-5
107000152,195,1840,-1645
107000153,22,74,-52
107000154,2,106,-104
107000155,656,1,655
107000156,672,3,669
107000157,1,189,-188
107000158,859,2,857
107000159,4,186,-182
107000160,1150,41,1109
107000161,7,242,-235
107000162,95,324,-229
107000163,78,1,77
107000164,734,0,734
107000165,1096,18,1078
107000166,4,91,-87
107000167,512,107,405
107000168,580,183,397
107000169,110,171,-61
107000170,2431,247,2184
107000171,127,208,-81
107000172,939,1202,-263
107000173,151,127,24
107000174,683,3603,-2920
107000175,1114,194,920
107000176,0,0,0
107000177,3,0,3
107000178,75,0,75
107000179,193,474,-281
107000180,1394,74,1320
107000181,200,201,-1
107000182,1550,178,1372
107000183,93,220,-127
107000184,960,213,747
107000185,170,296,-126
107000186,458,105,353
107000187,595,380,215
107000188,311,157,154
107000189,484,238,246
107000190,494,202,292
107000191,628,244,384
107000192,824,124,700
107000193,200,170,30
107000194,357,93,264
107000197,586,69,517
107000198,163,336,-173
107000199,156,172,-16
107000200,469,267,202
107000201,78,97,-19
107000202,150,255,-105
107000203,160,334,-174
107000204,121,809,-688
107000205,226,111,115
107000206,93,431,-338
107000207,178,196,-18
107000208,90,171,-81
107000209,287,272,15
107000210,81,108,-27
107000211,22,6,16
107000212,52,49,3
107000213,1,2,-1
107000214,2,20,-18
107000215,341,37,304
107000216,184,80,104
107000217,74,35,39
107000219,47,104,-57
107000220,38,32,6
107000222,47,115,-68
107000224,257,66,191
107000225,63,107,-44
107000226,317,35,282
107000227,34,67,-33
107000228,14,146,-132
107000229,27,73,-46
107000230,296,170,126
107000231,181,464,-283
107000232,39,4,35
107000233,45,338,-293
107000234,1,21,-20
107000235,43,4,39
107000236,0,80,-80
107000237,87,0,87
107000238,16,1,15
107000239,910,229,681
107000240,43,102,-59
107000243,1,64,-63
107000244,2,11,-9
107000246,2,161,-159
107000249,1,384,-383
107000251,0,18,-18
107000252,0,100,-100
107000255,51,74,-23
107000257,0,351,-351
107000258,0,100,-100
107000259,0,35,-35
107000260,921,4,917
107000262,3,89,-86
107000263,320,1,319
107000266,16,3,13
107000267,10,22,-12
107000268,84,19,65
107000269,1,2,-1
107000270,365,109,256
107000271,0,0,0
107000272,196,0,196
107000273,3,79,-76
107000274,140,11,129
107000275,13,310,-297
107000280,973,5,968
107000281,11,77,-66
107000282,1,219,-218
107000290,15,5,10
107000291,15,12,3
107000292,0,21,-21
107000293,5,1,4
107000294,0,64,-64
107000295,15,1,14
107000296,0,19,-19
107000444,161,1,160
107000496,1,8,-7
107000497,420,513,-93
107000500,231,118,113
107000501,19,74,-55
107000502,103,127,-24
107000505,149,264,-115
107000506,0,1,-1
107000508,0,40,-40
107000509,46,286,-240
107000510,11,8,3
107000514,57,258,-201
107000515,6,42,-36
107000516,424,132,292
107000518,988,1322,-334
107000519,351,151,200
107000520,87,11,76
107000521,701,86,615
107000522,1027,491,536
107900001,45,18,27
107900002,16,0,16
107900003,285,8,277
107900004,3,0,3
107900005,1673,12,1661
107900006,59,3,56
107900007,232,9,223
107900008,31,1,30
107900009,66,6,60
107900010,36,3,33
107900012,252,84,168
107900013,97,3,94
107900014,90,0,90
107900015,1246,18,1228
107900016,71,28,43
107900017,42,0,42
107900018,27,322,-295
107900019,5,4,1
107900020,1,34,-33
107900021,117,9,108
107900023,4,0,4
107900024,1,6,-5
107900025,74,41,33
107900026,37,4,33
107900027,13,160,-147
107900028,192,8,184
107900030,204,0,204
107900031,84,23,61
107900032,28,1,27
107900033,33,12,21
107900034,98,8,90
107900035,1176,22,1154
107900036,14,16,-2
107900037,1,6,-5
107900038,18,157,-139
107900039,19,2,17
107900040,13,125,-112
107900041,0,2,-2
107900043,40,27,13
107900044,3,5,-2
107900045,55,31,24
107900046,326,96,230
107900047,58,5,53
107900048,240,16,224
107900049,97,388,-291
107900050,13,39,-26
107900051,22,7,15
107900052,0,83,-83
107900053,72,32,40
107900055,96,30,66
107900056,29,74,-45
107900057,1,0,1
107900058,29,90,-61
107900060,1,15,-14
107900061,0,11,-11
107900063,33,34,-1
107900064,59,327,-268
107900065,433,4,429
107900066,19,0,19
107900067,0,0,0
107900068,21,284,-263
107900069,8,2116,-2108
107900070,162,127,35
107900071,14,87,-73
107900072,89,33,56
107900073,74,12,62
107900074,78,173,-95
107900076,101,13,88
107900077,103,1,102
107900079,29,10,19
107900080,12,188,-176
107900081,5,31,-26
107900082,6,8,-2
107900083,229,99,130
107900084,102,59,43
107900086,6,132,-126
107900087,70,12,58
107900088,25,1,24
107900089,64,158,-94
107900090,63,915,-852
107900091,48,52,-4
107900093,55,10,45
107900095,349,588,-239
107900097,9,9,0
107900098,84,107,-23
107900100,145,724,-579
107900101,95,23,72
107900102,51,0,51
107900103,5,31,-26
107900104,271,1,270
107900105,0,27,-27
107900106,0,87,-87
107900107,172,114,58
107900108,17,8,9
107900109,1455,17,1438
107900110,58,4,54
107900111,0,91,-91
107900112,48,323,-275
107900113,168,3,165
107900114,302,43,259
107900115,0,3,-3
107900116,148,30,118
107900117,103,80,23
107900118,1,40,-39
107900119,37,74,-37
107900120,6,1,5
107900121,2,28,-26
107900122,0,10,-10
107900123,1,39,-38
107900124,3,26,-23
107900125,4,11,-7
107900126,11,1,10
107900127,149,50,99
107900128,40,14,26
107900129,115,18,97
107900130,129,4,125
107900131,10,46,-36
107900132,4,56,-52
107900133,1,17,-16
107900134,4,7,-3
107900135,0,13,-13
107900136,2,10,-8
107900137,2,13,-11
107900138,100,7,93
107900139,91,6,85
107900141,12,5,7
107900142,12,102,-90
107900143,7,2,5
107900144,0,27,-27
107900145,3,9,-6
107900146,4,19,-15
107900147,3,9,-6
107900148,64,46,18
107900149,159,12,147
107900150,1,75,-74
107900151,41,44,-3
107900152,0,21,-21
107900153,23,81,-58
107900154,21,1,20
107900155,38,5,33
107900156,0,22,-22
107900157,3,31,-28
107900158,769,46,723
107900159,0,113,-113
107900160,59,54,5
107900161,28,39,-11
107900162,0,8,-8
107900163,3,17,-14
107900164,9,1,8
107900165,5,102,-97
107900166,11,19,-8
107900167,1,62,-61
107900168,21,1,20
107900169,0,59,-59
107900171,0,73,-73
107900172,8,35,-27
107900173,116,18,98
107900174,50,3,47
107900175,1,36,-35
107900176,43,2,41
107900177,0,28,-28
107900178,0,14,-14
107900179,2,10,-8
107900180,48,652,-604
107900181,42,106,-64
107900182,0,124,-124
107900183,41,36,5
107900184,48,18,30
107900185,25,5,20
107900186,9,7,2
107900187,0,51,-51
107900188,130,38,92
107900189,0,9,-9
107900190,24,72,-48
107900191,27,15,12
107900193,2,32,-30
107900194,64,10,54
107900195,175,53,122
107900196,43,3,40
107900197,62,68,-6
107900199,0,200,-200
107900201,24,19,5
107900203,17,10,7
107900204,48,43,5
107900206,32,321,-289
107900207,0,82,-82
107900208,0,87,-87
107900209,46,18,28
107900210,24,6,18
107900213,43,55,-12
107900214,0,27,-27
107900215,42,117,-75
107900216,0,9,-9
107900217,44,5,39
107900218,0,144,-144
107900219,1,10,-9
107900220,6,31,-25
107900221,7,21,-14
107900223,56,47,9
107900224,10,148,-138
107900225,1,41,-40
107900226,2,37,-35
107900227,38,49,-11
107900228,20,31,-11
107900229,0,32,-32
107900230,29,12,17
107900231,21,29,-8
107900232,140,5,135
107900233,0,24,-24
107900234,178,18,160
107900235,5,27,-22
107900236,263,24,239
107900237,13,80,-67
107900238,3,9,-6
107900239,76,197,-121
107900240,9,5,4
107900241,0,30,-30
107900242,8,34,-26
107900243,0,2,-2
107900244,275,11,264
107900245,539,16,523
107900246,112,31,81
107900248,191,11,180
107900249,720,54,666
107900250,0,81,-81
107900251,0,88,-88
107900252,346,45,301
107900253,134,6,128
107900254,11,58,-47
107900255,39,17,22
107900256,68,123,-55
107900257,114,57,57
107900258,77,15,62
107900259,23,1668,-1645
107900261,0,55,-55
107900262,18,9,9
107900264,279,16,263
107900265,44,40,4
107900267,284,0,284
107900268,1,0,1
107900269,0,1,-1
107900270,0,4,-4
107900271,0,23,-23
107900272,24,31,-7
107900273,24,56,-32
107900274,67,1,66
107900275,7,7,0
107900276,0,31,-31
107900277,0,7,-7
107900278,214,60,154
107900279,23,16,7
107900280,597,171,426
107900281,331,3856,-3525
107900282,21,612,-591
107900283,208,378,-170
107900284,367,139,228
107900285,70,28,42
107900286,6,4,2
107900287,302,45,257
107900290,2,304,-302
107900291,246,3,243
107900292,35,31,4
107900293,29,91,-62
107900295,17,8,9
107900297,2,98,-96
107900298,185,208,-23
107900299,1049,1685,-636
107900301,205,270,-65
107900302,39,9,30
107900303,280,127,153
107900304,236,18,218
107900305,169,2,167
107900306,0,14,-14
107900307,7,84,-77
107900308,172,18,154
107900309,7,0,7
107900310,5,0,5
107900311,193,227,-34
107900312,42,0,42
107900313,0,45,-45
107900314,0,64,-64
107900315,1,45,-44
107900316,31,0,31
107900317,56,1,55
107900318,0,130,-130
107900319,0,21,-21
107900320,0,31,-31
107900321,70,0,70
107900322,0,18,-18
107900323,2,46,-44
107900324,23,0,23
107900325,156,0,156
107900326,370,38,332
107900327,0,35,-35
107900328,0,0,0
107900329,6,18,-12
107900330,8,29,-21
107900331,358,0,358
107900332,421,4,417
107900333,76,8,68
107900334,4,24,-20
107900335,26,2,24
107900336,36,10,26
107900337,237,584,-347
107900338,5,92,-87
107900339,0,0,0
107900340,0,122,-122
107900341,13,0,13
107900342,151,48,103
107900343,66,1,65
107900344,0,16,-16
107900345,20,12,8
107900346,0,0,0
107900347,0,0,0
107900348,0,0,0
107900349,46,2,44
107900350,2,46,-44
107900351,8,9,-1
107900352,3,4,-1
107900353,11,0,11
107900354,2,121,-119
108000001,2637,1566,1071
108000002,518,719,-201
108000003,1695,787,908
108000004,3895,3927,-32
108000005,5094,2193,2901
108000006,1338,1181,157
108000007,3370,1633,1737
108000008,1069,1074,-5
108000009,3197,1827,1370
108000010,1011,1271,-260
108000011,8100,4561,3539
108000012,3198,3179,19
108000014,249,821,-572
108000015,457,150,307
108000016,66,278,-212
108000017,715,177,538
108000018,1011,271,740
108000019,378,216,162
108000020,498,165,333
108000021,99,332,-233
108000022,131,349,-218
108000023,788,118,670
108000024,225,179,46
108000025,314,49,265
108000026,629,81,548
108000027,601,123,478
108000028,776,94,682
108000029,331,176,155
108000030,265,98,167
108000031,76,112,-36
108000032,1626,269,1357
108000033,194,205,-11
108000034,1406,162,1244
108000035,265,385,-120
108000036,118,263,-145
108000037,1485,80,1405
108000038,2262,81,2181
108000039,143,424,-281
108000040,1441,273,1168
108000041,145,479,-334
108000042,408,35,373
108000043,36,49,-13
108000044,583,33,550
108000045,26,79,-53
108000046,1301,77,1224
108000047,179,178,1
108000048,63,86,-23
108000049,659,92,567
108000050,42,111,-69
108000051,232,153,79
108000052,65,162,-97
108000053,184,110,74
108000054,105,274,-169
108000055,568,165,403
108000056,201,400,-199
108000057,503,677,-174
108000058,723,2075,-1352
108000059,764,463,301
108000060,180,450,-270
108000061,169,144,25
108000062,648,176,472
108000063,291,153,138
108000064,280,160,120
108000065,315,185,130
108000066,600,246,354
108000067,1434,367,1067
108000068,664,164,500
108000069,145,213,-68
108000070,1826,189,1637
108000071,238,382,-144
108000072,912,260,652
108000073,340,357,-17
108000074,730,163,567
108000075,94,201,-107
108000076,665,146,519
108000077,273,197,76
108000078,1799,296,1503
108000079,185,292,-107
108000080,1489,144,1345
108000081,186,369,-183
108000082,195,330,-135
108000083,1158,311,847
108000084,128,217,-89
108000085,727,194,533
108000086,123,125,-2
108000087,74,1303,-1229
108000088,599,123,476
108000089,94,150,-56
108000091,33,252,-219
108000092,406,15,391
108000093,153,212,-59
108000094,782,36,746
108000095,52,115,-63
108000096,431,53,378
108000097,50,146,-96
108000098,1510,525,985
108000099,656,81,575
108000100,159,307,-148
108000101,908,496,412
108000102,904,2087,-1183
108000106,432,1,431
108000107,0,360,-360
108000108,473,64,409
108000109,3,242,-239
108000110,317,65,252
108000111,157,205,-48
108000112,8,67,-59
108000113,156,82,74
108000115,123,102,21
108000117,219,153,66
108000118,107,993,-886
108000119,243,106,137
108000120,103,614,-511
108000121,218,140,78
108000122,700,186,514
108000123,315,66,249
108000124,162,114,48
108000125,417,62,355
108000126,155,69,86
108000127,416,74,342
108000128,579,35,544
108000129,156,98,58
108000130,312,61,251
108000131,530,89,441
108000132,130,205,-75
108000133,966,88,878
108000134,145,41,104
108000135,1067,244,823
108000136,95,66,29
108000137,402,84,318
108000138,262,150,112
108000139,429,100,329
108000140,400,7,393
108000141,10,10,0
108000142,9,16,-7
108000143,9,77,-68
108000144,623,11,612
108000145,43,8,35
108000146,760,19,741
108000147,3,4,-1
108000148,572,36,536
108000149,18,5,13
108000150,39,1,38
108000151,24,16,8
108000152,29,57,-28
108000153,659,49,610
108000154,22,4,18
108000155,96,18,78
108000156,289,93,196
108000157,83,1419,-1336
108000158,15,445,-430
108000159,101,85,16
108000160,701,800,-99
108000161,583,2080,-1497
108000165,5,199,-194
108000172,9,101,-92
108000173,240,972,-732
108000175,673,46,627
108000178,154,117,37
108000179,35,574,-539
108000181,81,1,80
108000182,77,11,66
108000183,1,83,-82
108000184,182,1862,-1680
108000185,125,71,54
108000186,451,39,412
108000187,41,100,-59
108000188,673,40,633
108000189,320,8312,-7992
108000190,2,18,-16
108000192,153,76,77
108000193,105,15,90
108000194,10,3,7
108000195,1,181,-180
108000196,105,92,13
108000198,403,51,352
108000199,0,46,-46
108000200,767,34,733
108000203,69,84,-15
108000204,245,68,177
108000205,66,93,-27
108000339,300,200,100
108000364,60,171,-111
108000365,10,86,-76
108000367,26,62,-36
108000368,10,12,-2
108000369,153,87,66
108000371,4,441,-437
108000372,495,6,489
108000373,179,74,105
108000376,114,6,108
108000377,563,58,505
108000378,5510,7145,-1635
108000379,1,53,-52
108000381,127,9,118
108000382,21,1,20
108000383,0,90,-90
108900001,15,99,-84
108900002,133,19,114
108900003,49,205,-156
108900004,194,257,-63
108900007,239,56,183
108900008,148,28,120
108900009,43,60,-17
108900010,345,28,317
108900011,763,70,693
108900012,426,116,310
108900013,83,107,-24
108900014,19,27,-8
108900015,0,179,-179
108900016,0,77,-77
108900017,31,116,-85
108900018,92,124,-32
108900019,5,93,-88
108900020,11,45,-34
108900021,26,40,-14
108900022,53,4,49
108900023,8,44,-36
108900024,18,34,-16
108900025,189,17,172
108900026,28,7,21
108900027,0,35,-35
108900028,104,62,42
108900029,21,33,-12
108900030,0,6,-6
108900031,30,31,-1
108900032,0,26,-26
108900033,1,38,-37
108900034,0,33,-33
108900035,60,277,-217
108900038,0,43,-43
108900039,0,42,-42
108900040,2,36,-34
108900041,1418,1308,110
108900042,1,241,-240
108900043,14,169,-155
108900044,0,90,-90
108900045,73,78,-5
108900046,6,101,-95
108900047,0,85,-85
108900048,10,132,-122
108900049,409,1055,-646
108900050,1,93,-92
108900051,1,46,-45
108900052,2,40,-38
108900053,17,175,-158
108900054,19,29,-10
108900055,10,67,-57
108900056,1,38,-37
108900057,0,61,-61
108900058,8,78,-70
108900059,473,36,437
108900060,17,55,-38
108900061,7,8,-1
108900062,1,67,-66
108900063,12,64,-52
108900064,238,3,235
108900065,9,74,-65
108900066,219,24,195
108900067,2,56,-54
108900068,23,47,-24
108900069,32,12,20
108900070,2,23,-21
108900071,89,25,64
108900072,584,147,437
108900073,19,33,-14
108900074,293,53,240
108900075,0,9,-9
108900076,418,9,409
108900077,62,104,-42
108900078,56,23,33
108900079,105,56,49
108900080,2,519,-517
108900081,27,71,-44
108900082,37,37,0
108900083,4,121,-117
108900085,370,48,322
108900086,147,41,106
108900087,53,47,6
108900088,250,91,159
108900089,3,36,-33
108900090,59,42,17
108900091,66,17,49
108900092,191,80,111
108900093,36,10,26
108900094,102,38,64
108900095,13,55,-42
108900096,87,0,87
108900097,102,72,30
108900098,418,524,-106
108900099,173,38,135
108900100,53,33,20
108900101,114,75,39
108900102,3,831,-828
108900103,264,78,186
108900105,4,1444,-1440
108900106,255,44,211
108900108,172,9,163
108900109,581,11,570
108900110,42,57,-15
108900111,135,83,52
108900113,54,29,25
108900114,127,6,121
108900115,128,49,79
108900116,36,1,35
108900117,242,5,237
108900118,460,24,436
108900119,318,5,313
108900120,325,120,205
108900121,151,41,110
108900122,198,16,182
108900123,294,33,261
108900124,492,40,452
108900125,615,0,615
108900126,77,26,51
108900127,238,59,179
108900128,165,14,151
108900129,725,34,691
108900130,239,0,239
108900131,496,4,492
108900132,334,10,324
108900133,210,5,205
108900134,576,19,557
108900135,330,4,326
108900136,2,0,2
108900137,173,0,173
108900138,464,11,453
108900140,443,19,424
108900141,394,16,378
108900142,38,1,37
108900143,75,0,75
108900144,101,0,101
108900145,222,12,210
108900146,59,0,59
108900147,216,0,216
108900148,22,3,19
108900150,131,15,116
108900151,32,5,27
108900152,48,4,44
108900153,91,50,41
108900154,3273,257,3016
108900156,74,1,73
108900157,4,64,-60
108900158,322,6,316
108900159,7,67,-60
108900160,4,56,-52
108900161,10,81,-71
108900162,143,9,134
108900163,10,355,-345
108900164,19,5,14
108900168,1651,1145,506
108900169,30,43,-13
108900171,854,2204,-1350
108900172,72,14,58
108900173,46,67,-21
108900174,863,82,781
108900176,31,58,-27
108900177,1149,4556,-3407
108900178,824,2717,-1893
108900180,68,112,-44
108900183,45,36,9
108900184,260,104,156
108900185,23,78,-55
108900186,9,124,-115
108900189,131,7,124
108900190,3,321,-318
108900192,30,50,-20
108900195,50,27,23
108900196,7,64,-57
108900199,70,116,-46
108900200,468,165,303
108900201,80,247,-167
108900203,265,35,230
108900204,241,4,237
108900205,162,30,132
108900206,249,39,210
108900207,154,116,38
108900208,11,63,-52
108900209,111,134,-23
108900210,103,31,72
108900211,65,233,-168
108900212,49,673,-624
108900215,31,106,-75
108900216,115,203,-88
108900217,25,0,25
108900218,21,6,15
108900221,35,35,0
108900224,115,30,85
108900225,1,106,-105
108900227,99,87,12
108900230,52,45,7
108900232,2,79,-77
108900233,261,61,200
108900234,95,67,28
108900235,54,158,-104
108900236,8,125,-117
108900240,52,19,33
108900241,68,37,31
108900245,5,851,-846
108900250,173,20,153
108900258,0,31,-31
108900259,1,22,-21
108900260,3,6,-3
108900261,6,11,-5
108900262,76,10,66
108900263,22,9,13
108900264,16,28,-12
108900265,121,239,-118
108900266,64,521,-457
108900267,10,177,-167
108900268,1,6,-5
108900269,29,24,5
108900270,75,5,70
108900271,38,0,38
108900272,181,0,181
108900273,77,293,-216
108900274,20,14,6
109000001,1955,2107,-152
109000002,330,979,-649
109000003,1948,240,1708
109000004,300,675,-375
109000005,1414,234,1180
109000006,269,406,-137
109000007,1499,209,1290
109000008,309,379,-70
109000009,2424,290,2134
109000010,186,697,-511
109000011,3406,950,2456
109000012,603,776,-173
109000013,3616,2775,841
109000014,602,430,172
109000015,2168,6851,-4683
109000016,1011,586,425
109000017,2718,454,2264
109000018,403,594,-191
109000019,1760,522,1238
109000020,468,488,-20
109000023,105,2,103
109000024,7,132,-125
109000025,91,379,-288
109000026,203,105,98
109000027,58,321,-263
109000028,53,41,12
109000029,47,181,-134
109000030,7,71,-64
109000031,423,61,362
109000032,5,86,-81
109000033,441,86,355
109000034,8,12,-4
109000035,0,9,-9
109000036,73,234,-161
109000037,227,2230,-2003
109000038,136,131,5
109000039,634,443,191
109000040,1132,10714,-9582
109000041,529,1659,-1130
109000042,312,1123,-811
109000044,317,10,307
109000045,32,17,15
109000046,373,5,368
109000047,27,22,5
109000048,209,67,142
109000049,29,17,12
109000050,193,100,93
109000051,16,15,1
109000052,248,220,28
109000053,212,24,188
109000054,23,136,-113
109000055,112,61,51
109000056,84,102,-18
109000057,556,189,367
109000058,113,64,49
109000059,22,574,-552
109000060,77,389,-312
109000061,168,896,-728
109000062,55,220,-165
109000063,120,22,98
109000064,437,23,414
109000065,100,31,69
109000066,305,59,246
109000067,32,50,-18
109000068,249,0,249
109000069,294,4,290
109000070,1,311,-310
109000071,111,36,75
109000072,53,119,-66
109000073,17,70,-53
109000074,11,99,-88
109000075,32,17,15
109000076,94,155,-61
109000077,111,84,27
109000078,75,91,-16
109000079,56,107,-51
109000080,149,48,101
109000081,76,149,-73
109000082,605,76,529
109000083,158,167,-9
109000088,99,82,17
109000089,394,25,369
109000090,49,110,-61
109000091,453,35,418
109000092,82,102,-20
109000093,345,53,292
109000094,720,2,718
109000095,94,152,-58
109000096,695,46,649
109000097,16,58,-42
109000098,32,88,-56
109000099,558,73,485
109000100,213,292,-79
109000101,1108,289,819
109000102,227,185,42
109000103,427,101,326
109000104,1745,135,1610
109000105,248,190,58
109000106,1164,130,1034
109000107,266,275,-9
109000108,1621,208,1413
109000109,196,176,20
109000110,897,243,654
109000111,314,341,-27
109000112,92,60,32
109000113,137,43,94
109000114,84,75,9
109000115,376,23,353
109000116,3,129,-126
109000117,175,12,163
109000118,17,77,-60
109000119,1521,39,1482
109000120,199,191,8
109000121,621,12,609
109000122,122,144,-22
109000123,33,54,-21
109000124,599,81,518
109000125,645,130,515
109000126,261,105,156
109000127,993,56,937
109000128,380,218,162
109000129,2622,170,2452
109000130,223,270,-47
109000131,485,465,20
109000132,147,424,-277
109000133,47,349,-302
109000134,166,374,-208
109000135,279,350,-71
109000136,85,102,-17
109000137,161,131,30
109000138,192,73,119
109000139,338,124,214
109000140,83,52,31
109000141,191,134,57
109000142,63,143,-80
109000143,39,25,14
109000145,49,75,-26
109000146,26,14,12
109000148,549,472,77
109000149,8,45,-37
109000150,20,66,-46
109000155,598,466,132
109000156,490,91,399
109000158,18,100,-82
109000159,51,129,-78
109000160,996,75,921
109000161,331,254,77
109000162,1255,185,1070
109000163,940,317,623
109000164,825,657,168
109000165,1094,248,846
109000166,631,50,581
109000167,36,76,-40
109000170,17,17,0
109000171,38,9,29
109000172,0,20,-20
109000173,8,110,-102
109000174,157,10,147
109000175,14,29,-15
109000176,245,64,181
109000177,14,25,-11
109000178,737,55,682
109000179,1110,3889,-2779
109000180,1113,1346,-233
109000181,34,8,26
109000182,31,15,16
109000183,42,2,40
109000184,49,9,40
109000185,18,1,17
109000188,181,340,-159
109000189,1819,254,1565
109000190,394,209,185
109000191,170,147,23
109000192,438,33,405
109000193,230,24,206
109000194,172,11,161
109000195,189,35,154
109000196,130,15,115
109000197,103,48,55
109000198,205,16,189
109000199,46,36,10
109000206,72,7,65
109000207,120,5,115
109000208,72,68,4
109000209,146,31,115
109000210,56,83,-27
109000211,1027,135,892
109000214,152,131,21
109000215,57,45,12
109000216,203,274,-71
109000217,20,103,-83
109000218,116,95,21
109000221,61,173,-112
109000222,283,38,245
109000223,331,223,108
109000224,61,32,29
109000225,184,13,171
109000226,42,46,-4
109000227,1433,132,1301
109000228,0,114,-114
109000231,0,26,-26
109000232,465,43,422
109000236,89,230,-141
109000241,910,290,620
109000242,799,225,574
109000293,60,26,34
109000361,146,44,102
109000364,18,100,-82
109000396,1,144,-143
109000397,560,0,560
109000399,94,113,-19
109000400,106,108,-2
109000403,0,547,-547
109000406,577,76,501
109000407,70,27,43
109000408,0,2,-2
109000410,411,84,327
109000411,116,15,101
109900001,56,0,56
109900002,452,6,446
109900003,528,1,527
109900004,48,27,21
109900005,15,0,15
109900006,413,30,383
109900007,976,61,915
109900008,0,9,-9
109900009,32,90,-58
109900010,402,3,399
109900011,53,11,42
109900012,217,70,147
109900013,274,45,229
109900014,173,17,156
109900015,76,9,67
109900016,48,8,40
109900017,235,66,169
109900018,94,4,90
109900019,62,8,54
109900020,31,4,27
109900021,12,2,10
109900022,79,46,33
109900023,33,7,26
109900024,10,0,10
109900025,0,17,-17
109900026,0,66,-66
109900027,22,4,18
109900028,257,1566,-1309
109900029,0,38,-38
109900030,11,4,7
109900031,2,210,-208
109900032,24,101,-77
109900033,0,157,-157
109900034,4,27,-23
109900035,12,51,-39
109900036,1,11,-10
109900037,6,86,-80
109900038,60,43,17
109900039,1,0,1
109900040,10,98,-88
109900041,22,56,-34
109900042,15,162,-147
109900044,22,36,-14
109900045,89,42,47
109900046,213,29,184
109900047,95,72,23
109900048,0,29,-29
109900049,10,30,-20
109900050,0,21,-21
109900051,1,16,-15
109900052,17,32,-15
109900053,0,37,-37
109900054,999,30,969
109900055,122,74,48
109900056,3,85,-82
109900057,0,26,-26
109900058,0,25,-25
109900059,1177,40,1137
109900060,639,26,613
109900061,17,43,-26
109900062,0,52,-52
109900063,6,166,-160
109900064,408,32,376
109900065,48,45,3
109900066,68,135,-67
109900067,0,60,-60
109900068,62,5,57
109900069,5,2,3
109900070,12,49,-37
109900071,1,3,-2
109900072,0,27,-27
109900073,378,65,313
109900074,1,5,-4
109900075,5,4,1
109900076,15,59,-44
109900077,11,45,-34
109900078,53,38,15
109900080,67,45,22
109900081,1,75,-74
109900082,50,55,-5
109900083,1,10,-9
109900084,5,30,-25
109900085,34,76,-42
109900086,53,596,-543
109900087,44,95,-51
109900089,358,29,329
109900090,171,141,30
109900091,513,13,500
109900092,117,27,90
109900093,873,50,823
109900094,9,13,-4
109900095,37,57,-20
109900096,59,0,59
109900097,94,0,94
109900098,617,13,604
109900099,351,0,351
109900100,38,0,38
109900101,971,8,963
109900102,194,4,190
109900103,1,35,-34
109900104,916,100,816
109900105,476,16,460
109900106,201,25,176
109900107,359,14,345
109900108,30,43,-13
109900109,25,22,3
109900110,14,62,-48
109900111,43,84,-41
109900112,93,109,-16
109900113,685,182,503
109900114,111,597,-486
109900115,103,37,66
109900117,1090,38,1052
109900118,85,43,42
109900119,45,75,-30
109900120,37,19,18
109900121,75,35,40
109900122,651,1,650
109900123,7,26,-19
109900124,4,49,-45
109900125,0,48,-48
109900126,322,5,317
109900128,270,7,263
109900130,1132,1950,-818
109900131,15,31,-16
109900132,6,35,-29
109900133,73,67,6
109900134,34,17,17
109900135,89,22,67
109900136,7,27,-20
109900137,122,45,77
109900140,54,11,43
109900142,1517,73,1444
109900145,0,321,-321
109900146,60,23,37
109900148,4,23,-19
109900149,23,12,11
109900150,4,4,0
109900151,3,5,-2
109900152,0,15,-15
109900153,0,6,-6
109900154,5,0,5
109900155,2,25,-23
109900157,43,24,19
109900158,24,7,17
109900159,42,4,38
109900160,49,18,31
109900161,268,13,255
109900162,231,18,213
109900163,143,38,105
109900164,67,117,-50
109900165,85,1,84
109900166,0,16,-16
109900167,100,99,1
109900168,96,143,-47
109900169,158,52,106
109900170,76,772,-696
109900171,194,79,115
109900172,96,146,-50
109900173,466,1249,-783
109900174,1,25,-24
109900175,16,15,1
109900176,41,12,29
109900177,4,8,-4
109900178,0,69,-69
109900179,5,23,-18
109900180,5,1,4
110000001,181,109,72
110000002,420,285,135
110000003,184,312,-128
110000004,287,303,-16
110000005,216,1474,-1258
110000006,115,223,-108
110000007,58,36,22
110000008,14,124,-110
110000009,8,4,4
110000010,22,58,-36
110000011,11,22,-11
110000012,251,142,109
110000013,29,348,-319
110000014,449,231,218
110000015,71,322,-251
110000016,148,861,-713
110000017,1229,128,1101
110000018,876,199,677
110000019,13,17,-4
110000020,112,84,28
110000021,91,76,15
110000022,518,27,491
110000023,1,18,-17
110000024,177,154,23
110000025,680,1,679
110000026,6,52,-46
110000027,188,238,-50
110000028,477,110,367
110000029,147,320,-173
110000030,268,220,48
110000031,137,143,-6
110000032,597,81,516
110000033,29,80,-51
110000034,599,160,439
110000035,213,562,-349
110000036,945,167,778
110000037,61,272,-211
110000038,127,485,-358
110000039,438,3417,-2979
110000040,132,153,-21
110000041,287,2205,-1918
110000042,59,126,-67
110000043,579,224,355
110000044,12,59,-47
110000045,61,66,-5
110000046,1,34,-33
110000047,16,28,-12
110000048,1,82,-81
110000049,6,1,5
110000050,1,111,-110
110000051,2,2,0
110000052,19,43,-24
110000053,1,3,-2
110000054,42,115,-73
110000055,55,33,22
110000056,59,34,25
110000057,111,415,-304
110000058,270,177,93
110000059,214,254,-40
110000060,686,264,422
110000061,172,306,-134
110000062,432,267,165
110000063,33,141,-108
110000064,38,10,28
110000065,124,121,3
110000066,37,11,26
110000067,24,27,-3
110000068,165,27,138
110000069,593,3,590
110000071,398,7,391
110000073,22,3,19
110000075,20,12,8
110000076,288,257,31
110000077,130,655,-525
110000078,51,16,35
110000080,65,110,-45
110000081,28,42,-14
110000082,9,108,-99
110000083,75,152,-77
110000084,751,481,270
110000085,592,395,197
110000086,290,933,-643
110000087,25,2,23
110000088,159,75,84
110000089,187,25,162
110000090,84,83,1
110000091,207,58,149
110000092,8,32,-24
110000093,41,4,37
110000094,152,42,110
110000095,77,469,-392
110000096,556,1513,-957
110000097,328,954,-626
110000098,841,142,699
110000099,525,784,-259
110000100,1361,64,1297
110000101,142,66,76
110000102,63,43,20
110000104,208,123,85
110000105,76,149,-73
110000106,144,294,-150
110000107,68,150,-82
110000108,91,88,3
110000109,70,87,-17
110000110,782,1431,-649
110000111,1205,1625,-420
110000112,119,353,-234
110000113,36,1600,-1564
110000114,262,425,-163
110000115,464,73,391
110000116,43,34,9
110000117,288,40,248
110000118,559,59,500
110000119,450,78,372
110000120,219,23,196
110000121,38,253,-215
110000122,127,216,-89
110000123,291,166,125
110000124,0,289,-289
110000125,275,0,275
110000126,90,5,85
110000127,442,12,430
110000128,7,228,-221
110000129,0,135,-135
110000130,212,62,150
110000131,81,124,-43
110000132,0,181,-181
110000133,6,100,-94
110000134,22,174,-152
110000135,129,4,125
110000136,39,78,-39
110000137,500,78,422
110000138,460,139,321
110000139,731,105,626
110000140,387,288,99
110000143,167,132,35
110000144,644,644,0
110000145,551,438,113
110000146,414,191,223
110000147,129,459,-330
110000148,506,62,444
110000151,188,403,-215
110000152,202,232,-30
110000153,273,22,251
110000154,13,31,-18
110000155,138,735,-597
110000156,310,464,-154
110000157,272,1032,-760
110000160,97,103,-6
110000161,66,102,-36
110000166,590,36,554
110000167,1164,341,823
110000168,296,329,-33
110000169,374,184,190
110000170,113,59,54
110000171,250,65,185
110000172,150,187,-37
110000173,236,182,54
110000174,29,119,-90
110000175,1245,43,1202
110000176,4,542,-538
110000177,96,1092,-996
110000178,370,1749,-1379
110000179,557,130,427
110000180,211,120,91
110000181,751,162,589
110000182,107,43,64
110000183,2646,3869,-1223
110000184,160,1879,-1719
110000185,129,324,-195
110000186,172,537,-365
110000191,954,148,806
110000192,550,10,540
110000193,1057,5,1052
110000194,6,122,-116
110000195,415,19,396
110000196,428,40,388
110000197,53,10,43
110000198,10,4,6
110000199,37,58,-21
110000200,236,110,126
110000201,543,587,-44
110000202,637,163,474
110000203,72,110,-38
110000204,8,69,-61
110000205,297,19,278
110000206,112,231,-119
110000207,1101,47,1054
110000208,42,178,-136
110000209,27,112,-85
110000210,1248,259,989
110000211,671,256,415
110000212,282,833,-551
110000213,208,10,198
110000214,335,15,320
110000215,17,63,-46
110000216,39,45,-6
110000217,296,7,289
110000218,73,17,56
110000219,238,14,224
110000220,5,23,-18
110000221,396,5,391
110000222,50,71,-21
110000223,6,45,-39
110000224,0,1,-1
110000225,101,199,-98
110000226,247,14,233
110000227,112,257,-145
110000228,247,8,239
110000229,0,76,-76
110000230,267,211,56
110000231,112,165,-53
110000232,60,63,-3
110000233,47,102,-55
110000234,242,96,146
110000235,428,272,156
110000236,182,93,89
110000237,1067,404,663
110000238,498,239,259
110000239,1187,255,932
110000240,0,6,-6
110000242,0,4,-4
110000243,86,58,28
110000244,26,73,-47
110000245,5,164,-159
110000246,695,84,611
110000247,423,517,-94
110000248,665,192,473
110000249,102,4,98
110000250,6,52,-46
110000251,215,60,155
110000252,430,57,373
110000253,1303,78,1225
110000254,569,157,412
110000255,92,151,-59
110000256,361,39,322
110000257,83,44,39
110000258,1,29,-28
110000259,161,2,159
110000260,86,14,72
110000263,385,21,364
110000264,377,58,319
110000265,770,583,187
110000266,474,602,-128
110000267,20,9,11
110000268,132,30,102
110000269,2,5,-3
110000270,78,1,77
110000271,537,43,494
110000272,360,394,-34
110000273,402,365,37
110000274,92,1575,-1483
110000275,367,222,145
110000276,127,321,-194
110000277,276,92,184
110000278,180,244,-64
110000279,635,172,463
110000280,559,72,487
110000281,62,20,42
110000282,59,6,53
110000283,20,28,-8
110000284,2,7,-5
110000285,1,67,-66
110000286,0,0,0
110000287,56,0,56
110000288,1,13,-12
110000289,189,1687,-1498
110000290,246,457,-211
110000291,845,364,481
110000292,228,4440,-4212
110000293,352,159,193
110000294,1262,1238,24
110000295,61,171,-110
110000296,457,123,334
110000297,1731,41,1690
110000298,35,159,-124
110000299,101,25,76
110000301,306,10,296
110000302,383,273,110
110000303,446,3,443
110000304,189,61,128
110000305,1382,12,1370
110000306,293,152,141
110000307,1725,5,1720
110000308,273,28,245
110000309,0,94,-94
110000310,641,13,628
110000311,1,112,-111
110000312,437,54,383
110000313,1055,441,614
110000314,0,64,-64
110000315,558,900,-342
110000316,148,422,-274
110000317,119,180,-61
110000318,0,22,-22
110000319,22,11,11
110000320,8,34,-26
110000321,55,25,30
110000322,56,119,-63
110000323,607,51,556
110000324,620,441,179
110000325,972,3152,-2180
110000327,139,103,36
110000328,49,131,-82
110000333,622,714,-92
110000334,123,296,-173
110000335,532,153,379
110000336,152,230,-78
110000337,1230,165,1065
110000338,259,78,181
110000339,490,29,461
110000340,20,41,-21
110000341,356,104,252
110000342,9,0,9
110000343,0,0,0
110000344,35,71,-36
110000345,27,116,-89
110000346,587,708,-121
110000347,771,332,439
110000348,38,15,23
110000349,16,9,7
110000350,47,0,47
110000351,1100,195,905
110000352,267,1043,-776
110000353,1308,165,1143
110000354,317,2170,-1853
110000355,246,14,232
110000356,172,2,170
110000357,468,1,467
110000361,6,13,-7
110000362,143,3,140
110000363,471,8,463
110000364,232,86,146
110000365,37,0,37
110000366,0,105,-105
110000367,214,44,170
110000368,0,48,-48
110000369,34,0,34
110000373,0,92,-92
110000374,34,26,8
110000375,64,351,-287
110000376,6,16,-10
110000377,61,237,-176
110000378,0,231,-231
110000379,986,2024,-1038
110000380,51,10,41
110000383,0,181,-181
110000384,435,63,372
110000385,0,25,-25
110000387,80,1,79
110000388,14,64,-50
110000389,264,2,262
110000391,699,119,580
110000396,165,23,142
110000397,99,7,92
110000398,2,2,0
110000399,50,1,49
110000587,118,79,39
110000589,172,18,154
110000640,63,16,47
110000652,1,93,-92
110000653,150,155,-5
110000654,0,140,-140
110000656,0,89,-89
110000674,30,16,14
110000675,1,15,-14
110000676,0,12,-12
110000679,90,440,-350
110000682,74,82,-8
110000683,157,115,42
110000684,0,18,-18
110000685,2,45,-43
110000686,0,29,-29
110000687,18,2,16
110000688,32,990,-958
110000689,28,10,18
110000692,11,48,-37
110000693,8,142,-134
110000694,0,17,-17
110000695,14,161,-147
110000696,36,17,19
110900001,215,1,214
110900002,195,54,141
110900003,1032,70,962
110900004,423,13,410
110900005,626,2518,-1892
110900006,56,36,20
110900007,189,90,99
110900008,6,6,0
110900009,217,277,-60
110900010,1,16,-15
110900011,3,5,-2
110900012,6,54,-48
110900013,787,59,728
110900014,221,1,220
110900015,96,371,-275
110900016,39,153,-114
110900017,431,8,423
110900018,352,23,329
110900019,354,2,352
110900020,198,27,171
110900021,87,86,1
110900022,45,77,-32
110900023,14,146,-132
110900024,43,24,19
110900025,0,1,-1
110900027,10,22,-12
110900028,1,23,-22
110900029,4,51,-47
110900030,4,39,-35
110900031,3,43,-40
110900032,0,16,-16
110900033,25,64,-39
110900035,23,294,-271
110900036,76,1,75
110900037,57,0,57
110900038,126,48,78
110900039,0,105,-105
110900040,90,5,85
110900041,1,8,-7
110900042,54,27,27
110900043,0,1,-1
110900044,29,5,24
110900045,87,103,-16
110900046,3,11,-8
110900047,42,245,-203
110900049,73,61,12
110900050,18,0,18
110900051,5,60,-55
110900052,0,74,-74
110900053,101,4,97
110900054,16,24,-8
110900055,2,0,2
110900056,25,55,-30
110900057,0,94,-94
110900058,259,18,241
110900059,158,147,11
110900060,273,10,263
110900061,8,16,-8
110900062,125,41,84
110900063,1,44,-43
110900064,9,0,9
110900065,57,59,-2
110900066,35,25,10
110900067,53,487,-434
110900068,88,19,69
110900069,16,7,9
110900070,82,9,73
110900071,76,773,-697
110900073,0,1,-1
110900074,537,36,501
110900075,467,20,447
110900077,1090,59,1031
110900078,100,7,93
110900079,574,284,290
110900080,173,19,154
110900081,16,6,10
110900082,208,25,183
110900083,71,36,35
110900084,103,13,90
110900085,39,39,0
110900086,19,125,-106
110900087,320,20,300
110900088,4,1,3
110900090,6,69,-63
110900091,1,5,-4
110900093,133,34,99
110900095,25,0,25
110900097,13,1,12
110900098,8,11,-3
110900099,25,88,-63
110900100,0,9,-9
110900102,32,34,-2
110900105,124,51,73
110900108,20,12,8
110900111,94,29,65
110900112,433,1,432
110900113,94,27,67
110900115,0,4,-4
110900116,1003,305,698
110900118,26,3117,-3091
110900119,893,76,817
110900120,74,13,61
110900121,30,0,30
110900122,237,59,178
110900125,147,448,-301
110900127,53,394,-341
110900128,74,190,-116
110900129,42,409,-367
110900130,98,220,-122
110900131,127,10,117
110900132,439,8,431
110900133,50,34,16
110900135,36,33,3
110900136,293,2,291
110900138,0,0,0
110900139,26,0,26
110900140,1,0,1
110900141,163,62,101
110900142,25,23,2
110900143,209,30,179
110900144,0,40,-40
110900145,83,94,-11
110900146,94,149,-55
110900147,5,24,-19
110900148,0,14,-14
110900149,0,4,-4
110900150,6,11,-5
110900151,5,30,-25
110900152,20,30,-10
110900153,177,13,164
111000001,623,320,303
111000002,553,435,118
111000003,1795,657,1138
111000004,341,673,-332
111000005,937,811,126
111000006,571,1195,-624
111000007,1917,2247,-330
111000008,1800,1863,-63
111000009,218,316,-98
111000010,878,249,629
111000011,83,486,-403
111000012,187,343,-156
111000013,210,593,-383
111000014,1185,221,964
111000017,31,380,-349
111000018,53,185,-132
111000020,167,438,-271
111000021,9,30,-21
111000023,77,44,33
111000025,1173,1378,-205
111000029,104,20,84
111000030,6,19,-13
111000031,867,297,570
111000032,403,112,291
111000033,101,49,52
111000034,152,72,80
111000037,386,166,220
111000038,566,321,245
111000039,499,413,86
111000040,649,326,323
111000041,135,141,-6
111000042,978,1008,-30
111000043,1023,2218,-1195
111000044,1084,177,907
111000045,1039,555,484
111000046,1284,655,629
111000047,1888,3624,-1736
111000049,79,126,-47
111000050,248,100,148
111000051,192,200,-8
111000052,163,288,-125
111000053,55,206,-151
111000054,139,179,-40
111000055,405,474,-69
111000056,106,266,-160
111000057,65,184,-119
111000058,511,37,474
111000059,453,136,317
111000060,3026,346,2680
111000061,629,88,541
111000062,829,183,646
111000063,801,494,307
111000064,987,217,770
111000065,989,336,653
111000066,504,109,395
111000067,745,141,604
111000068,459,138,321
111000069,410,432,-22
111000070,314,221,93
111000071,90,108,-18
111000072,948,348,600
111000073,150,1078,-928
111000074,864,508,356
111000075,361,154,207
111000076,488,236,252
111000077,480,296,184
111000078,783,186,597
111000079,471,132,339
111000080,367,162,205
111000081,946,3074,-2128
111000082,776,156,620
111000084,391,172,219
111000085,524,540,-16
111000086,853,255,598
111000087,425,167,258
111000088,1541,1824,-283
111000089,408,358,50
111000090,299,352,-53
111000091,283,184,99
111000092,1070,309,761
111000093,699,381,318
111000094,786,388,398
111000095,436,1284,-848
111000096,419,3996,-3577
111000097,1157,378,779
111000098,103,239,-136
111000099,213,501,-288
111000100,227,380,-153
111000101,196,289,-93
111000102,57,91,-34
111000104,835,36,799
111000107,37,142,-105
111000109,761,63,698
111000110,769,264,505
111000111,2773,60,2713
111000112,1664,59,1605
111000113,668,1732,-1064
111000114,606,2725,-2119
111000115,1494,357,1137
111000116,431,278,153
111000117,173,252,-79
111000118,443,281,162
111000119,1091,284,807
111000120,686,290,396
111000121,231,225,6
111000122,142,245,-103
111000123,453,598,-145
111000124,147,611,-464
111000125,159,252,-93
111000126,67,147,-80
111000127,781,38,743
111000128,1943,62,1881
111000129,2361,93,2268
111000130,2038,117,1921
111000131,2162,164,1998
111000132,1537,1131,406
111000133,78,14,64
111000134,77,22,55
111000135,52,89,-37
111000136,382,79,303
111000138,18,13,5
111000140,0,26,-26
111000141,20,165,-145
111000142,1,82,-81
111000143,5,104,-99
111000144,1,178,-177
111000145,25,4,21
111000146,124,5,119
111000147,38,9,29
111000148,73,44,29
111000149,1,151,-150
111000150,76,5,71
111000151,1,26,-25
111000153,122,82,40
111000154,131,108,23
111000155,108,59,49
111000156,294,95,199
111000157,110,175,-65
111000158,440,385,55
111000159,1050,258,792
111000160,344,121,223
111000161,0,222,-222
111000162,5,32,-27
111000163,435,394,41
111000164,250,1049,-799
111000165,262,79,183
111000166,105,56,49
111000167,62,133,-71
111000168,53,113,-60
111000169,167,83,84
111000170,117,90,27
111000171,138,131,7
111000172,98,244,-146
111000173,131,455,-324
111000174,260,69,191
111000175,46,42,4
111000176,396,29,367
111000177,890,159,731
111000178,1864,149,1715
111000179,344,49,295
111000180,200,171,29
111000181,1523,73,1450
111000182,221,62,159
111000183,124,70,54
111000184,217,67,150
111000185,85,65,20
111000186,126,71,55
111000187,112,59,53
111000188,278,55,223
111000189,82,159,-77
111000190,58,73,-15
111000191,102,34,68
111000192,52,73,-21
111000193,124,33,91
111000194,35,27,8
111000195,20,74,-54
111000196,35,46,-11
111000197,495,19,476
111000198,298,13,285
111000199,372,90,282
111000200,422,197,225
111000201,616,36,580
111000202,328,19,309
111000203,462,76,386
111000204,164,1025,-861
111000213,146,144,2
111000214,537,238,299
111000215,646,299,347
111000217,1240,171,1069
111000218,1117,272,845
111000219,257,205,52
111000220,394,332,62
111000221,86,30,56
111000224,14,72,-58
111000225,351,375,-24
111000226,14,4,10
111000227,32,3,29
111000228,3,621,-618
111000229,9,1437,-1428
111000230,49,67,-18
111000231,505,77,428
111000232,454,161,293
111000233,1340,156,1184
111000234,125,203,-78
111000239,54,33,21
111000240,20,245,-225
111000241,34,60,-26
111000242,150,34,116
111000243,108,87,21
111000244,692,60,632
111000245,298,79,219
111000246,531,63,468
111000247,349,85,264
111000248,362,45,317
111000249,423,61,362
111000250,43,30,13
111000251,21,51,-30
111000253,23,19,4
111000255,56,12,44
111000257,34,4,30
111000260,7,330,-323
111000261,1061,32,1029
111000271,7,85,-78
111000273,965,413,552
111000274,832,1273,-441
111000275,38,6,32
111000276,104,287,-183
111000277,181,83,98
111000278,140,66,74
111000291,1065,7027,-5962
111000298,260,51,209
111000299,341,56,285
111000300,26,106,-80
111000302,293,57,236
111000303,88,26,62
111000312,16,4,12
111000315,1,107,-106
111000320,82,77,5
111000321,296,62,234
111000322,274,77,197
111000323,400,32,368
111000324,185,47,138
111000325,15,19,-4
111000326,145,142,3
111000327,157,115,42
111000328,526,355,171
111000329,0,24,-24
111000330,32,3,29
111000331,7,7,0
111000332,549,462,87
111000334,118,252,-134
111000335,934,43,891
111000337,1249,80,1169
111000338,36,21,15
111000339,685,46,639
111000340,36,147,-111
111000341,1257,525,732
111000342,14,352,-338
111000344,846,207,639
111000345,42,85,-43
111000346,5,86,-81
111000347,79,3,76
111000350,59,55,4
111000351,65,168,-103
111000352,142,20,122
111000353,64,88,-24
111000354,271,43,228
111000355,216,115,101
111000358,103,217,-114
111000360,65,165,-100
111000361,179,79,100
111000546,419,87,332
111000547,321,94,227
111000548,39,29,10
111000549,140,48,92
111000550,16,356,-340
111000551,105,33,72
111000552,147,54,93
111000907,799,14,785
111000908,30,1,29
111000916,1948,39,1909
111000917,60,154,-94
111000918,57,133,-76
111000920,546,15,531
111000921,0,42,-42
111000922,490,34,456
111000924,11,106,-95
111000925,3241,1113,2128
111000926,784,710,74
111000927,1616,2138,-522
111000928,1678,572,1106
111000929,1551,397,1154
111000930,494,553,-59
111000931,1271,670,601
111000932,1387,553,834
111000933,2027,1635,392
111000934,490,557,-67
111000935,1685,450,1235
111000936,308,514,-206
111000937,1142,536,606
111000938,501,429,72
111000939,568,2,566
111000940,969,11,958
111000941,279,33,246
111000943,682,52,630
111000944,67,50,17
111000945,97,219,-122
111001109,177,502,-325
111001110,57,79,-22
111001111,123,8,115
111001112,111,5,106
111001113,0,120,-120
111001114,164,47,117
111001115,9,207,-198
111001116,548,3774,-3226
111001117,86,1197,-1111
111001120,80,52,28
111001121,44,67,-23
111001122,194,56,138
111001123,450,59,391
111001124,144,75,69
111001125,9,460,-451
111001126,6,0,6
111001127,1,9,-8
111001128,1341,238,1103
111900001,4,9,-5
111900002,0,18,-18
111900003,0,14,-14
111900004,1,6,-5
111900006,9,43,-34
111900007,226,0,226
111900008,372,0,372
111900009,268,0,268
111900010,7,75,-68
111900012,27,19,8
111900013,15,4,11
111900014,732,4137,-3405
111900015,0,36,-36
111900016,0,11,-11
111900017,0,35,-35
111900018,125,1,124
111900019,0,96,-96
111900020,2,24,-22
111900021,6,1,5
111900022,6,0,6
111900023,87,6,81
111900024,143,4,139
111900025,0,23,-23
111900026,0,15,-15
111900027,0,7,-7
111900028,1,51,-50
111900029,0,7,-7
111900030,5,143,-138
111900031,9,10,-1
111900032,0,41,-41
111900033,2,2,0
111900034,12,145,-133
111900035,32,113,-81
111900036,0,41,-41
111900038,39,106,-67
111900039,9,64,-55
111900040,0,86,-86
111900042,1,24,-23
111900043,0,31,-31
111900044,19,14,5
111900046,3,12,-9
111900048,297,100,197
111900049,2,64,-62
111900050,124,5,119
111900051,1,39,-38
111900052,79,59,20
111900053,258,1657,-1399
111900054,263,0,263
111900055,2,70,-68
111900056,41,204,-163
111900057,64,8,56
111900058,524,131,393
111900059,428,514,-86
111900060,168,0,168
111900061,1,29,-28
111900062,40,42,-2
111900063,193,34,159
111900064,12,59,-47
111900065,159,9,150
111900066,112,69,43
111900067,1,48,-47
111900068,16,47,-31
111900069,36,3,33
111900070,154,5,149
111900071,0,16,-16
111900072,22,19,3
111900073,802,79,723
111900074,0,27,-27
111900075,31,1,30
111900076,264,47,217
111900077,29,0,29
111900078,332,19,313
111900079,7,46,-39
111900080,57,57,0
111900082,116,41,75
111900083,153,31,122
111900084,66,17,49
111900085,24,26,-2
111900086,74,7,67
111900087,116,0,116
111900088,717,13,704
111900089,82,0,82
111900090,30,36,-6
111900091,555,2,553
111900092,167,0,167
111900093,586,11,575
111900094,91,0,91
111900095,337,12,325
111900096,263,0,263
111900097,107,0,107
111900098,284,6,278
111900099,36,0,36
111900100,87,1,86
111900101,219,2,217
111900102,677,82,595
111900103,47,33,14
111900104,77,12,65
111900105,93,126,-33
111900106,41,2,39
111900110,414,88,326
111900111,197,6,191
111900112,87,2974,-2887
111900113,175,30,145
111900118,309,12,297
111900119,80,44,36
111900122,14,35,-21
111900123,1,2,-1
111900124,15,19,-4
111900125,240,84,156
111900126,291,0,291
111900127,1,81,-80
111900128,2,86,-84
111900129,229,41,188
111900130,54,41,13
111900131,464,2,462
111900132,6,130,-124
111900133,0,70,-70
111900134,0,31,-31
111900135,0,6,-6
111900136,4,49,-45
111900137,7,6,1
111900138,4,20,-16
111900139,14,42,-28
111900140,131,5,126
111900141,70,0,70
111900142,34,2,32
111900143,33,24,9
111900144,0,12,-12
111900145,0,31,-31
111900146,0,16,-16
111900147,10,84,-74
111900148,0,90,-90
111900149,7,46,-39
111900150,1,16,-15
111900151,0,5,-5
111900152,30,28,2
111900153,206,603,-397
111900154,18,535,-517
111900155,29,84,-55
111900156,69,62,7
111900157,198,14,184
111900158,486,49,437
111900159,395,45,350
111900160,274,1,273
111900161,323,1,322
111900162,39,180,-141
111900163,6,32,-26
111900164,59,25,34
111901113,664,36,628
111901114,179,79,100
111901115,116,6,110
111901116,31,1,30
111901117,4,52,-48
111901118,9,244,-235
111901119,128,4,124
111901121,8,30,-22
111901122,0,60,-60
111901123,343,38,305
111901124,341,1,340
111901125,827,111,716
111901127,103,659,-556
111901128,1,18,-17
111901129,0,10,-10
111901130,0,11,-11
111901131,0,187,-187
111901132,112,49,63
111901133,103,1,102
111901134,158,1,157
111901135,39,0,39
111901136,3,12,-9
111901138,5,9,-4
111901139,2,16,-14
111901140,11,14,-3
111901141,0,16,-16
111901142,1,27,-26
111901143,0,29,-29
111901144,41,14,27
111901145,43,170,-127
111901146,3,0,3
111901147,71,326,-255
111901148,2,77,-75
111901149,20,3,17
111901150,19,0,19
111901151,37,0,37
112000001,2241,664,1577
112000002,614,1525,-911
112000003,2506,420,2086
112000004,513,222,291
112000005,2814,2701,113
112000006,341,261,80
112000007,3342,2182,1160
112000008,1826,2632,-806
112000009,1246,621,625
112000010,1643,2316,-673
112000011,684,476,208
112000012,1922,2617,-695
112000013,1063,911,152
112000014,514,2009,-1495
112000015,937,1473,-536
112000016,964,2112,-1148
112000017,302,1491,-1189
112000024,164,148,16
112000026,1118,959,159
112000027,463,269,194
112000028,373,406,-33
112000029,246,430,-184
112000030,100,13,87
112000031,439,1638,-1199
112000032,106,8,98
112000033,593,1623,-1030
112000034,138,8,130
112000035,48,272,-224
112000036,86,573,-487
112000037,335,445,-110
112000038,318,406,-88
112000039,66,15,51
112000040,23,56,-33
112000041,24,117,-93
112000042,204,47,157
112000050,677,349,328
112000051,552,875,-323
112000054,581,394,187
112000057,205,65,140
112000058,138,131,7
112000059,231,246,-15
112000061,950,318,632
112000062,200,392,-192
112000063,158,819,-661
112000064,1208,960,248
112000065,433,497,-64
112000066,1136,791,345
112000067,164,143,21
112000068,1506,1000,506
112000069,172,473,-301
112000070,549,396,153
112000071,367,522,-155
112000072,1625,440,1185
112000073,297,583,-286
112000074,423,393,30
112000075,787,549,238
112000076,1104,748,356
112000077,585,275,310
112000078,1203,287,916
112000079,884,592,292
112000080,490,320,170
112000081,430,320,110
112000082,651,251,400
112000083,365,556,-191
112000084,801,214,587
112000085,968,462,506
112000086,1388,370,1018
112000087,657,128,529
112000088,598,226,372
112000089,145,308,-163
112000090,161,150,11
112000091,215,139,76
112000092,1567,189,1378
112000093,753,238,515
112000094,570,271,299
112000095,616,144,472
112000096,660,249,411
112000097,1552,244,1308
112000098,115,170,-55
112000099,438,1392,-954
112000100,1871,212,1659
112000101,269,137,132
112000102,1476,203,1273
112000103,174,193,-19
112000105,281,190,91
112000106,2483,142,2341
112000107,268,39,229
112000108,692,257,435
112000109,437,34,403
112000110,1500,260,1240
112000111,270,863,-593
112000112,1247,136,1111
112000113,411,292,119
112000114,1440,269,1171
112000115,259,60,199
112000116,456,162,294
112000117,360,198,162
112000118,236,240,-4
112000119,125,209,-84
112000120,35,97,-62
112000121,57,91,-34
112000122,329,21,308
112000123,593,17,576
112000124,405,14,391
112000125,162,96,66
112000126,556,134,422
112000127,812,1095,-283
112000128,228,265,-37
112000129,68,14,54
112000130,181,39,142
112000131,27,28,-1
112000132,103,45,58
112000133,332,37,295
112000134,244,91,153
112000135,742,219,523
112000136,369,478,-109
112000137,869,507,362
112000138,537,492,45
112000139,192,225,-33
112000140,86,237,-151
112000141,580,107,473
112000142,84,167,-83
112000143,889,55,834
112000144,99,240,-141
112000145,2097,169,1928
112000146,237,393,-156
112000147,2200,652,1548
112000148,345,452,-107
112000149,325,223,102
112000150,253,105,148
112000151,213,89,124
112000152,503,64,439
112000153,51,67,-16
112000154,80,139,-59
112000155,64,38,26
112000157,116,297,-181
112000158,164,53,111
112000159,655,59,596
112000167,53,90,-37
112000169,63,494,-431
112000173,833,58,775
112000175,219,79,140
112000176,470,424,46
112000177,752,197,555
112000178,44,80,-36
112000179,227,23,204
112000180,435,116,319
112000181,470,280,190
112000182,1449,260,1189
112000183,7,2,5
112000184,399,78,321
112000185,629,75,554
112000187,1712,1021,691
112000195,54,4,50
112000196,42,0,42
112000197,27,97,-70
112000198,22,41,-19
112000199,206,187,19
112000202,381,0,381
112000216,14,38,-24
112000230,87,4,83
112000231,5,33,-28
112000256,36,123,-87
112000313,18,21,-3
112000314,17,29,-12
112000337,50,216,-166
112000352,36,73,-37
112000392,703,212,491
112000398,1070,196,874
112000399,343,2291,-1948
112000400,309,406,-97
112000401,531,555,-24
112000402,2133,2361,-228
112000403,511,2970,-2459
112000404,852,585,267
112000405,2127,2414,-287
112000406,922,740,182
112000407,5174,4473,701
112000408,2070,843,1227
112000409,645,795,-150
112000410,43,172,-129
112000411,1214,964,250
112000412,206,107,99
112000413,1127,3949,-2822
112000414,100,23,77
112000415,91,1,90
112000416,2443,386,2057
112000417,151,35,116
112000421,85,15,70
112000422,121,90,31
112000424,369,1325,-956
112000425,172,131,41
112000426,185,482,-297
112000427,0,30,-30
112000428,217,116,101
112000429,794,794,0
112000430,1168,1175,-7
112000431,50,56,-6
112000432,191,148,43
112000433,191,147,44
112000437,8,55,-47
112900001,47,1,46
112900002,558,91,467
112900003,58,41,17
112900004,57,74,-17
112900005,156,12,144
112900006,11,40,-29
112900007,41,9,32
112900008,1,37,-36
112900009,249,114,135
112900010,268,80,188
112900011,8,10,-2
112900012,0,10,-10
112900013,2,51,-49
112900014,1,35,-34
112900015,5,134,-129
112900016,9,44,-35
112900017,23,40,-17
112900018,95,69,26
112900019,3,43,-40
112900020,127,179,-52
112900021,1,96,-95
112900022,2,20,-18
112900023,0,20,-20
112900024,3,63,-60
112900025,31,28,3
112900026,9,22,-13
112900027,0,103,-103
112900028,4,36,-32
112900029,6,23,-17
112900030,37,9,28
112900031,0,21,-21
112900032,63,30,33
112900034,1,4,-3
112900035,0,17,-17
112900036,8,19,-11
112900037,11,103,-92
112900038,558,39,519
112900039,2,30,-28
112900040,0,79,-79
112900041,51,434,-383
112900042,101,53,48
112900043,20,13,7
112900044,36,85,-49
112900045,39,13,26
112900046,17,6,11
112900047,1,3,-2
112900049,222,3,219
112900050,5,138,-133
112900051,37,90,-53
112900052,8,143,-135
112900053,20,63,-43
112900054,38,39,-1
112900055,16,2,14
112900056,121,130,-9
112900057,7,87,-80
112900058,135,147,-12
112900059,42,53,-11
112900060,14,15,-1
112900061,35,26,9
112900062,22,16,6
112900063,6,7,-1
112900064,26,5,21
112900065,2,5,-3
112900066,140,236,-96
112900067,139,11,128
112900068,25,40,-15
112900069,278,462,-184
112900071,23,15,8
112900072,14,2048,-2034
112900073,207,137,70
112900074,27,258,-231
112900075,192,597,-405
112900076,4,31,-27
112900078,156,477,-321
112900079,148,3,145
112900080,74,9,65
112900081,64,218,-154
112900082,407,11,396
112900083,72,98,-26
112900084,115,119,-4
112900086,74,1,73
112900087,762,33,729
112900088,88,2,86
112900089,535,7,528
112900090,47,48,-1
112900091,210,6,204
112900092,32,350,-318
112900093,824,18,806
112900095,85,0,85
112900096,371,87,284
112900097,17,41,-24
112900098,16,0,16
112900099,805,6,799
112900100,61,1,60
112900101,317,4,313
112900102,55,9,46
112900103,169,7,162
112900104,267,0,267
112900105,12,1,11
112900106,138,41,97
112900107,8,0,8
112900108,0,0,0
112900109,118,2,116
112900110,1215,6,1209
112900111,563,2,561
112900112,230,0,230
112900113,0,1,-1
112900114,305,3,302
112900115,1773,1,1772
112900116,76,11,65
112900117,16,9,7
112900118,1,2,-1
112900119,67,0,67
112900120,140,103,37
112900121,63,4,59
112900122,0,3,-3
112900123,109,11,98
112900124,0,8,-8
112900125,22,44,-22
112900126,19,44,-25
112900127,216,29,187
112900128,35,52,-17
112900129,1,150,-149
112900130,81,20,61
112900131,2,56,-54
112900132,20,67,-47
112900133,1,181,-180
112900134,0,36,-36
112900135,38,5,33
112900137,0,118,-118
112900138,0,33,-33
112900139,10,208,-198
112900141,520,4,516
112900142,12,84,-72
112900143,1,312,-311
112900144,0,144,-144
112900145,1,116,-115
112900146,0,31,-31
112900147,0,177,-177
112900148,8,2,6
112900149,56,111,-55
112900151,0,5,-5
112900152,1047,113,934
112900153,65,980,-915
112900154,1,13,-12
112900155,59,17,42
112900156,213,166,47
112900157,405,51,354
112900158,33,1,32
112900159,81,130,-49
112900160,7,30,-23
112900161,38,10,28
112900162,1,9,-8
112900163,5,47,-42
112900164,9,44,-35
112900165,11,21,-10
112900166,2,24,-22
112900167,1,33,-32
112900168,5,0,5
112900169,1,4,-3
112900170,196,6,190
112900172,20,35,-15
112900173,64,9,55
112900174,121,21,100
112900175,28,32,-4
112900176,10,67,-57
112900177,285,26,259
112900178,168,1516,-1348
112900179,5,141,-136
112900180,769,527,242
112900181,611,14,597
112900182,16,140,-124
112900183,27,76,-49
112900184,67,102,-35
112900185,19,70,-51
112900186,307,239,68
112900187,15,241,-226
112900188,227,525,-298
112900189,0,1,-1
112900190,0,0,0
112900192,176,135,41
112900193,291,62,229
112900194,49,1,48
112900195,256,18,238
112900196,121,62,59
112900197,9,94,-85
112900199,328,58,270
112900200,248,10,238
112900201,174,12,162
112900202,238,133,105
112900203,169,28,141
112900204,44,52,-8
112900205,5,2,3
112900206,3,10,-7
112900207,86,0,86
112900208,44,95,-51
112900209,30,80,-50
112900210,0,6,-6
112900211,8,1,7
112900212,0,4,-4
112900213,62,0,62
112900214,1,3,-2
112900215,15,11,4
112900216,7,19,-12
112900217,0,2,-2
112900218,31,7,24
112900219,90,2,88
112900220,1,0,1
112900221,13,23,-10
112900222,0,10,-10
112900223,350,5,345
112900224,538,56,482
112900225,346,41,305
112900226,21,64,-43
112900227,565,132,433
112900228,89,49,40
112900229,301,8,293
112900230,2226,979,1247
112900232,131,175,-44
112900233,23,19,4
112900234,59,1,58
112900235,20,8,12
112900236,548,1,547
112900237,256,290,-34
112900238,16,0,16
112900239,82,460,-378
112900240,2,0,2
112900241,2,22,-20
112900242,2,7,-5
112900243,1,30,-29
112900244,1,3,-2
112900245,0,7,-7
112900246,2,6,-4
112900247,67,10,57
112900248,9,0,9
112900249,10,7,3
112900250,35,5,30
112900251,66,0,66
112900252,121,3,118
112900253,55,0,55
112900254,15,3,12
112900255,8,28,-20
112900256,9,27,-18
112900257,22,6,16
112900258,11,5,6
113000001,2035,1831,204
113000002,1896,1567,329
113000003,557,552,5
113000004,668,852,-184
113000005,515,376,139
113000006,506,484,22
113000007,885,393,492
113000008,760,387,373
113000009,560,230,330
113000010,696,339,357
113000011,270,428,-158
113000012,511,213,298
113000013,252,292,-40
113000014,268,434,-166
113000015,49,135,-86
113000016,68,287,-219
113000017,25,83,-58
113000018,225,30,195
113000019,33,52,-19
113000020,148,21,127
113000021,892,168,724
113000022,492,664,-172
113000025,33,87,-54
113000026,357,214,143
113000027,378,299,79
113000028,138,120,18
113000029,216,305,-89
113000030,63,130,-67
113000031,62,99,-37
113000032,63,81,-18
113000033,186,86,100
113000034,44,28,16
113000035,4,0,4
113000036,18,13,5
113000037,20,16,4
113000038,4,16,-12
113000039,23,90,-67
113000040,29,21,8
113000042,213,197,16
113000051,365,1054,-689
113000052,662,139,523
113000053,208,105,103
113000054,200,324,-124
113000055,798,150,648
113000056,865,240,625
113000058,161,287,-126
113000059,596,91,505
113000060,130,272,-142
113000061,345,349,-4
113000062,137,142,-5
113000063,240,23,217
113000064,160,52,108
113000065,164,187,-23
113000066,662,52,610
113000067,1600,179,1421
113000068,242,189,53
113000069,199,143,56
113000070,1843,227,1616
113000071,220,125,95
113000072,600,97,503
113000073,119,224,-105
113000074,381,193,188
113000075,926,255,671
113000076,123,788,-665
113000077,264,307,-43
113000078,212,417,-205
113000079,133,181,-48
113000080,210,288,-78
113000081,340,307,33
113000082,250,150,100
113000083,310,283,27
113000084,528,203,325
113000085,624,199,425
113000086,256,267,-11
113000087,561,488,73
113000088,310,278,32
113000089,392,626,-234
113000090,33,282,-249
113000091,63,74,-11
113000094,677,87,590
113000095,117,93,24
113000096,33,161,-128
113000097,444,133,311
113000098,46,10,36
113000099,407,104,303
113000100,52,121,-69
113000101,74,113,-39
113000102,356,165,191
113000103,1558,217,1341
113000104,363,1148,-785
113000105,465,179,286
113000106,315,76,239
113000107,642,385,257
113000108,520,344,176
113000109,166,511,-345
113000110,1569,333,1236
113000111,131,210,-79
113000112,406,197,209
113000113,654,203,451
113000114,91,310,-219
113000116,130,75,55
113000117,190,84,106
113000118,37,216,-179
113000119,121,212,-91
113000120,26,253,-227
113000121,168,236,-68
113000124,183,49,134
113000125,12,590,-578
113000127,493,55,438
113000128,474,105,369
113000129,122,186,-64
113000133,674,61,613
113000134,4,661,-657
113000135,1913,1964,-51
113000137,395,1473,-1078
113000139,74,46,28
113000140,24,20,4
113000141,37,39,-2
113000142,82,77,5
113000143,98,42,56
113000144,80,65,15
113000145,52,31,21
113000146,24,5,19
113000147,48,5,43
113000148,141,44,97
113000149,59,51,8
113000150,182,86,96
113000151,8,6,2
113000152,13,87,-74
113000153,219,87,132
113000154,121,628,-507
113000155,125,310,-185
113000156,33,66,-33
113000157,77,80,-3
113000158,118,34,84
113000159,341,40,301
113000160,146,103,43
113000161,123,85,38
113000162,242,19,223
113000163,36,2,34
113000164,19,6,13
113000166,222,20,202
113000167,46,48,-2
113000168,81,46,35
113000169,130,3,127
113000170,60,20,40
113000171,18,30,-12
113000172,151,8,143
113000173,48,6,42
113000174,60,43,17
113000175,289,21,268
113000176,408,28,380
113000177,100,63,37
113000178,35,55,-20
113000179,210,24,186
113000180,530,990,-460
113000181,1192,614,578
113000182,27,130,-103
113000183,251,319,-68
113000184,1,16,-15
113000189,56,177,-121
113000190,114,56,58
113000192,370,1304,-934
113000193,757,912,-155
113000194,339,686,-347
113000195,735,602,133
113000196,411,65,346
113000197,627,909,-282
113000198,26,106,-80
113000199,490,147,343
113000201,172,135,37
113000202,1990,507,1483
113000203,32,136,-104
113000204,228,1459,-1231
113000205,2,1,1
113000206,16,6,10
113000207,35,3,32
113000208,14,20,-6
113000209,3,6,-3
113000210,0,30,-30
113000211,20,34,-14
113000212,24,6,18
113000213,1,46,-45
113000214,66,82,-16
113000234,87,150,-63
113000410,31,101,-70
113000411,520,792,-272
113000412,1872,551,1321
113000413,629,849,-220
113000414,1316,5052,-3736
113000415,620,494,126
113000416,869,557,312
113000417,315,402,-87
113000418,2157,1696,461
113000419,508,546,-38
113000420,1352,2140,-788
113000421,2036,3259,-1223
113000422,3457,3708,-251
113000423,386,1508,-1122
113000424,581,3536,-2955
113000425,0,20,-20
113000428,1,0,1
113000430,1,30,-29
113000432,1764,82,1682
113000433,132,248,-116
113000434,5,63,-58
113000435,8,53,-45
113000436,36,407,-371
113000437,780,28,752
113000438,159,11,148
113000439,18,16,2
113000440,103,11,92
113000441,132,137,-5
113000442,101,10,91
113000443,369,44,325
113000444,166,4,162
113000445,85,11,74
113000446,20,28,-8
113000448,78,114,-36
113000449,40,710,-670
113000450,146,1706,-1560
113000451,887,182,705
113000452,21,309,-288
113000453,24,195,-171
113000454,66,95,-29
113000455,4,213,-209
113000456,368,591,-223
113000468,422,66,356
113000469,39,91,-52
113000470,171,3,168
113000471,3,153,-150
113000472,38,47,-9
113000474,910,304,606
113000475,460,502,-42
113000476,1126,925,201
113000477,2539,798,1741
113000478,1443,1305,138
113000479,43,49,-6
113000485,0,0,0
113000486,0,0,0
113000487,0,0,0
113000488,0,0,0
113000489,0,0,0
113000490,0,0,0
113000491,0,0,0
113000492,0,0,0
113000495,57,30,27
113000496,74,76,-2
113000497,0,8,-8
113000499,0,0,0
113900001,2,200,-198
113900002,1,18,-17
113900003,0,14,-14
113900004,1,48,-47
113900005,2,137,-135
113900006,4,123,-119
113900007,0,0,0
113900008,0,0,0
113900009,0,0,0
113900010,0,0,0
113900011,0,0,0
113900012,100,0,100
113900013,8,0,8
113900014,239,1,238
113900015,1,7,-6
113900016,14,0,14
113900017,0,13,-13
113900018,22,122,-100
113900019,111,5,106
113900020,157,1,156
113900022,30,1,29
113900023,22,0,22
113900024,33,3,30
113900025,63,7,56
113900026,20,0,20
113900027,18,18,0
113900028,4,128,-124
113900029,29,31,-2
113900030,349,6,343
113900031,37,1,36
113900032,5,0,5
113900033,14,4,10
113900035,36,1,35
113900036,8,7,1
113900037,104,188,-84
113900038,19,55,-36
113900039,136,8,128
113900040,6,5,1
113900041,23,0,23
113900042,23,2,21
113900043,67,14,53
113900044,26,109,-83
113900045,32,0,32
113900046,48,219,-171
113900047,92,7,85
113900048,12,41,-29
113900049,92,202,-110
113900050,40,53,-13
113900051,68,35,33
113900052,8,12,-4
113900053,133,416,-283
113900054,7,1,6
113900055,15,110,-95
113900056,25,3,22
113900057,2,12,-10
113900058,37,4,33
113900059,70,16,54
113900060,34,47,-13
113900061,155,40,115
113900062,27,0,27
113900063,8,4,4
113900064,2,12,-10
113900065,436,16,420
113900066,223,19,204
113900067,119,11,108
113900068,232,377,-145
113900069,6,5,1
113900070,25,75,-50
113900071,65,5,60
113900072,1,12,-11
113900073,188,131,57
113900074,98,33,65
113900075,201,729,-528
113900076,43,3,40
113900077,33,35,-2
113900078,5,16,-11
113900079,0,12,-12
113900080,181,49,132
113900081,15,12,3
113900082,59,63,-4
113900083,224,41,183
113900084,59,15,44
113900085,0,44,-44
113900086,34,3,31
113900087,14,47,-33
113900088,63,100,-37
113900089,135,5,130
113900090,93,92,1
113900091,0,1,-1
113900092,1,11,-10
113900093,1,334,-333
113900094,272,86,186
113900095,94,17,77
113900096,108,21,87
113900097,12,42,-30
113900098,323,39,284
113900099,0,2,-2
113900100,0,2,-2
113900101,3,29,-26
113900102,12,25,-13
113900103,69,109,-40
113900104,16,43,-27
113900105,108,16,92
113900106,0,1,-1
113900107,0,0,0
113900108,16,25,-9
113900109,11,38,-27
113900110,9,2,7
113900111,79,21,58
113900112,84,2,82
113900113,355,70,285
113900114,0,2,-2
113900115,0,4,-4
113900116,2,14,-12
113900117,20,1,19
113900118,39,272,-233
113900119,41,107,-66
113900120,40,7,33
113900121,59,24,35
113900122,76,1823,-1747
113900123,138,16,122
113900124,0,17,-17
113900125,199,28,171
113900126,1,20,-19
113900127,70,219,-149
113900128,69,8,61
113900129,4,24,-20
113900130,1,9,-8
113900131,85,12,73
113900132,10,12,-2
113900133,3,20,-17
113900135,120,82,38
113900136,13,1,12
113900137,99,90,9
113900138,15,26,-11
113900139,33,47,-14
113900140,35,96,-61
113900141,234,95,139
113900142,44,0,44
113900143,1,21,-20
113900144,38,24,14
113900145,54,5,49
113900146,82,15,67
113900148,15,33,-18
113900149,49,86,-37
113900150,253,46,207
113900151,236,20,216
113900152,0,38,-38
113900153,44,45,-1
113900154,0,29,-29
113900155,10,36,-26
113900156,56,78,-22
113900157,5,194,-189
113900158,43,36,7
113900159,0,70,-70
113900160,66,46,20
113900161,48,50,-2
113900162,39,76,-37
113900163,136,51,85
113900164,209,10,199
113900165,90,77,13
113900166,6,19,-13
113900167,191,18,173
113900168,6,6,0
113900169,30,69,-39
113900171,148,26,122
113900172,0,7,-7
113900173,1,81,-80
113900174,61,130,-69
113900175,40,55,-15
113900176,41,59,-18
113900177,46,20,26
113900178,64,51,13
113900179,7,140,-133
113900180,22,10,12
113900181,386,55,331
113900182,114,49,65
113900183,32,12,20
113900184,1,121,-120
113900185,9,7,2
113900186,1,1,0
113900187,5,8,-3
113900188,18,20,-2
113900189,139,48,91
113900190,94,19,75
113900191,6,19,-13
113900192,1,117,-116
113900193,0,36,-36
113900194,386,71,315
113900195,55,80,-25
113900196,0,21,-21
113900197,1,24,-23
113900198,0,58,-58
113900199,5,39,-34
113900200,0,17,-17
113900201,0,40,-40
113900202,1,16,-15
113900203,0,21,-21
113900204,7,33,-26
113900205,1,3,-2
113900206,0,21,-21
113900207,0,10,-10
113900208,0,1,-1
113900209,0,1,-1
113900210,85,80,5
113900211,60,7,53
113900212,236,140,96
113900214,58,53,5
113900215,163,12,151
113900216,36,82,-46
113900217,64,55,9
113900218,27,77,-50
113900219,70,103,-33
113900220,26,58,-32
113900221,42,179,-137
113900222,10,197,-187
113900223,109,55,54
113900224,11,16,-5
113900225,103,27,76
113900226,60,12,48
113900227,75,34,41
113900228,56,133,-77
113900229,22,246,-224
113900230,320,612,-292
113900231,8,10,-2
113900232,12,7,5
113900233,18,19,-1
113900234,57,126,-69
113900235,44,4,40
113900236,233,20,213
113900237,59,13,46
113900238,60,129,-69
113900239,5,26,-21
113900240,1,38,-37
113900241,4,25,-21
113900242,2,33,-31
113900243,2,49,-47
113900244,46,45,1
113900245,116,47,69
113900246,1,19,-18
113900247,18,203,-185
113900248,447,497,-50
113900249,56,199,-143
113900250,18,95,-77
113900251,545,38,507
113900252,375,5,370
113900253,165,6,159
113900254,157,15,142
113900255,501,21,480
113900256,240,20,220
113900257,5,114,-109
113900258,7,150,-143
113900259,281,35,246
113900260,120,2,118
113900261,15,8,7
113900262,127,76,51
113900263,1,42,-41
113900264,0,76,-76
113900265,44,66,-22
113900266,28,51,-23
113900267,21,125,-104
113900268,22,57,-35
113900269,17,35,-18
113900270,89,70,19
113900271,82,71,11
113900273,3,0,3
113900274,37,5,32
113900275,0,6,-6
113900276,3,43,-40
113900277,111,6,105
113900278,19,29,-10
113900279,5,3,2
113900280,177,131,46
113900281,72,407,-335
113900282,64,65,-1
113900283,148,177,-29
113900284,569,88,481
113900285,42,11,31
113900286,34,13,21
113900287,30,4,26
113900288,1,69,-68
113900289,107,74,33
113900290,60,155,-95
113900291,11,37,-26
113900292,5,0,5
113900293,7,72,-65
113900294,389,15,374
113900295,120,45,75
113900296,456,145,311
113900297,804,9,795
113900298,8,114,-106
113900299,67,58,9
113900300,1055,1892,-837
113900301,95,266,-171
113900302,692,256,436
113900303,62,357,-295
113900304,0,38,-38
113900305,142,0,142
113900306,38,2,36
113900307,15,0,15
113900308,1,3,-2
113900309,1,218,-217
113900310,0,5,-5
113900311,9,1,8
113900312,5,49,-44
113900313,1,0,1
113900314,0,0,0
113900315,155,0,155
114000001,407,486,-79
114000002,183,121,62
114000003,178,168,10
114000004,384,60,324
114000005,320,95,225
114000006,345,253,92
114000007,380,367,13
114000008,547,509,38
114000009,917,77,840
114000011,1422,629,793
114000012,2415,509,1906
114000013,1262,359,903
114000014,272,96,176
114000015,1222,78,1144
114000016,225,23,202
114000017,64,589,-525
114000018,74,12,62
114000026,2054,360,1694
114000027,2655,928,1727
114000028,1040,1569,-529
114000038,255,34,221
114000039,141,24,117
114000040,118,228,-110
114000042,57,76,-19
114000043,59,110,-51
114000044,379,17,362
114000045,12,8,4
114000046,484,1074,-590
114000047,3,61,-58
114000048,78,60,18
114000049,1015,511,504
114000050,997,363,634
114000051,1466,894,572
114000052,1526,1242,284
114000053,13,386,-373
114000054,96,304,-208
114000055,141,12,129
114000056,34,186,-152
114000057,1185,685,500
114000058,7,248,-241
114000059,2,352,-350
114000060,141,185,-44
114000061,704,803,-99
114000062,98,420,-322
114000063,349,329,20
114000064,597,1424,-827
114000065,412,590,-178
114000066,338,353,-15
114000067,5,550,-545
114000068,113,278,-165
114000069,485,78,407
114000070,848,670,178
114000071,588,71,517
114000072,485,50,435
114000073,25,32,-7
114000074,56,23,33
114000075,66,11,55
114000076,19,6,13
114000077,2,3,-1
114000078,182,99,83
114000079,300,34,266
114000080,45,36,9
114000081,40,28,12
114000082,20,91,-71
114000083,28,13,15
114000084,113,56,57
114000085,8,44,-36
114000086,188,39,149
114000087,184,16,168
114000088,74,26,48
114000089,248,86,162
114000090,458,279,179
114000091,420,326,94
114000092,202,103,99
114000093,664,91,573
114000094,249,114,135
114000095,184,143,41
114000096,42,77,-35
114000097,49,164,-115
114000098,682,112,570
114000099,476,114,362
114000100,1547,170,1377
114000101,154,162,-8
114000102,766,109,657
114000103,85,125,-40
114000104,0,29,-29
114000105,193,38,155
114000106,247,1232,-985
114000107,293,79,214
114000108,380,327,53
114000109,616,1689,-1073
114000110,404,264,140
114000111,1435,728,707
114000112,128,486,-358
114000113,1590,107,1483
114000114,153,296,-143
114000115,1761,275,1486
114000116,599,2653,-2054
114000117,2821,234,2587
114000118,2488,150,2338
114000119,2032,251,1781
114000120,579,417,162
114000121,149,146,3
114000122,243,117,126
114000123,1455,164,1291
114000124,804,140,664
114000125,591,543,48
114000126,970,118,852
114000127,74,77,-3
114000128,625,102,523
114000130,284,380,-96
114000131,288,5,283
114000132,326,76,250
114000133,280,163,117
114000134,23,2,21
114000138,3,5,-2
114000139,177,87,90
114000144,364,226,138
114000145,7,1,6
114000146,37,26,11
114000147,470,1352,-882
114000148,372,786,-414
114000149,116,141,-25
114000150,117,209,-92
114000151,291,2610,-2319
114000152,22,6,16
114000153,249,494,-245
114000154,185,145,40
114000155,505,1828,-1323
114000156,432,255,177
114000157,198,573,-375
114000158,273,214,59
114000159,108,103,5
114000160,32,125,-93
114000161,432,619,-187
114000162,558,880,-322
114000163,0,6,-6
114000165,161,88,73
114000166,104,143,-39
114000167,972,636,336
114000168,230,42,188
114000169,363,445,-82
114000170,552,363,189
114000171,740,5743,-5003
114000174,90,48,42
114000176,127,105,22
114000177,337,164,173
114000178,34,21,13
114000179,537,479,58
114000180,158,136,22
114000181,691,2735,-2044
114000182,367,821,-454
114000183,262,278,-16
114000184,999,251,748
114000185,776,515,261
114000189,1223,83,1140
114000190,2302,252,2050
114000191,92,279,-187
114000192,63,260,-197
114000193,123,408,-285
114000194,989,519,470
114000195,230,124,106
114000196,5,40,-35
114000197,1698,17,1681
114000198,242,199,43
114000199,427,843,-416
114000200,289,426,-137
114000201,142,277,-135
114000202,531,357,174
114000203,710,445,265
114000204,37,108,-71
114000205,189,441,-252
114000206,268,480,-212
114000207,164,285,-121
114000208,282,294,-12
114000209,165,425,-260
114000210,140,276,-136
114000211,1382,517,865
114000212,803,619,184
114000213,1826,279,1547
114000214,70,10,60
114000215,53,5,48
114000216,1025,322,703
114000217,307,117,190
114000218,226,77,149
114000219,1059,81,978
114000220,18,190,-172
114000221,1063,71,992
114000222,101,241,-140
114000223,452,57,395
114000224,17,143,-126
114000225,205,125,80
114000226,248,70,178
114000227,945,299,646
114000228,784,187,597
114000229,1295,646,649
114000230,1196,328,868
114000231,852,697,155
114000232,966,90,876
114000233,1613,30,1583
114000234,975,324,651
114000235,1157,601,556
114000236,0,123,-123
114000237,65,266,-201
114000238,66,183,-117
114000239,64,298,-234
114000240,528,671,-143
114000241,292,323,-31
114000242,502,293,209
114000243,1387,777,610
114000244,304,190,114
114000245,338,620,-282
114000246,46,29,17
114000247,360,307,53
114000248,1088,417,671
114000249,730,213,517
114000250,567,118,449
114000251,137,68,69
114000252,29,22,7
114000253,49,21,28
114000254,24,2,22
114000255,123,76,47
114000256,96,292,-196
114000257,294,401,-107
114000258,225,88,137
114000259,95,138,-43
114000260,0,0,0
114000261,53,24,29
114000262,226,32,194
114000263,6,0,6
114000264,1027,96,931
114000265,0,0,0
114000267,4,1278,-1274
114000268,2,445,-443
114000270,175,16,159
114000271,152,143,9
114000283,1253,109,1144
114000285,8,107,-99
114000288,68,118,-50
114000289,1521,45,1476
114000293,233,105,128
114000294,143,171,-28
114000395,909,20,889
114000396,280,128,152
114000402,530,122,408
114000403,360,105,255
114000405,192,144,48
114000423,363,107,256
114000424,473,106,367
114000425,959,111,848
114000426,331,582,-251
114000427,47,3,44
114000428,91,34,57
114000429,13,41,-28
114000432,74,26,48
114000434,7,14,-7
114000435,0,49,-49
114900001,419,102,317
114900002,130,20,110
114900003,350,111,239
114900004,74,204,-130
114900005,207,126,81
114900006,44,45,-1
114900007,55,3,52
114900008,312,14,298
114900010,251,748,-497
114900011,307,64,243
114900013,241,28,213
114900018,901,16,885
114900020,12,33,-21
114900022,9,257,-248
114900025,360,25,335
114900026,76,33,43
114900029,231,17,214
114900030,288,49,239
114900031,425,9,416
114900032,527,4,523
114900034,11,14,-3
114900035,17,99,-82
114900036,69,55,14
114900039,500,74,426
114900040,114,14,100
114900041,780,34,746
114900042,753,35,718
114900044,91,39,52
114900047,18,2000,-1982
114900048,2,32,-30
114900049,7,43,-36
114900050,24,55,-31
114900051,8,52,-44
114900052,14,56,-42
114900053,9,81,-72
114900054,9,9,0
114900057,33,9,24
114900058,0,34,-34
114900059,91,18,73
114900063,48,4,44
114900064,1383,60,1323
114900065,255,435,-180
114900067,6,24,-18
114900068,5,29,-24
114900069,89,20,69
114900070,384,36,348
114900072,0,22,-22
114900073,0,20,-20
114900074,809,34,775
114900075,162,1,161
114900076,1,11,-10
114900080,159,59,100
114900082,836,1116,-280
114900083,37,191,-154
114900090,479,57,422
114900091,74,61,13
114900097,139,1,138
114900098,0,32,-32
114900099,146,18,128
115000001,1605,1008,597
115000002,1888,3661,-1773
115000003,1569,731,838
115000004,2476,3307,-831
115000005,679,840,-161
115000006,824,648,176
115000007,108,103,5
115000008,187,238,-51
115000009,148,86,62
115000010,144,90,54
115000013,12,76,-64
115000015,3,124,-121
115000016,25,72,-47
115000019,6,351,-345
115000020,20,486,-466
115000021,107,183,-76
115000022,75,92,-17
115000023,204,291,-87
115000024,185,85,100
115000025,546,240,306
115000026,149,44,105
115000027,219,126,93
115000028,63,94,-31
115000029,648,33,615
115000030,210,130,80
115000031,433,46,387
115000032,3,50,-47
115000033,86,6,80
115000034,35,206,-171
115000035,386,71,315
115000036,0,51,-51
115000037,322,29,293
115000038,51,79,-28
115000039,1218,1903,-685
115000040,1352,1240,112
115000041,593,2344,-1751
115000042,200,246,-46
115000043,1804,1146,658
115000044,1230,1020,210
115000045,1188,417,771
115000046,2409,1078,1331
115000047,1665,704,961
115000048,1078,772,306
115000049,862,1023,-161
115000050,1877,832,1045
115000051,871,2403,-1532
115000052,628,834,-206
115000053,1400,1785,-385
115000054,417,439,-22
115000055,116,473,-357
115000056,137,147,-10
115000057,319,736,-417
115000058,36,256,-220
115000059,106,315,-209
115000061,119,175,-56
115000062,187,373,-186
115000063,282,159,123
115000064,92,51,41
115000065,64,334,-270
115000067,193,12,181
115000069,69,120,-51
115000070,43,512,-469
115000071,59,22,37
115000072,3,22,-19
115000073,815,49,766
115000075,27,67,-40
115000076,847,595,252
115000077,1001,497,504
115000078,832,227,605
115000079,745,429,316
115000080,2090,547,1543
115000081,110,216,-106
115000082,2822,2122,700
115000083,1191,452,739
115000084,2227,349,1878
115000085,676,248,428
115000086,553,240,313
115000087,269,719,-450
115000088,1035,307,728
115000089,721,502,219
115000090,223,431,-208
115000091,168,316,-148
115000092,807,384,423
115000093,584,1,583
115000094,2149,4769,-2620
115000095,1456,3729,-2273
115000096,681,300,381
115000097,1321,901,420
115000098,1048,208,840
115000099,1446,500,946
115000100,1332,250,1082
115000101,287,312,-25
115000102,410,101,309
115000103,220,238,-18
115000105,73,54,19
115000106,532,221,311
115000107,77,113,-36
115000108,851,626,225
115000109,1433,3692,-2259
115000110,571,1252,-681
115000111,120,303,-183
115000112,271,259,12
115000113,183,174,9
115000114,245,77,168
115000116,568,658,-90
115000117,639,619,20
115000118,675,752,-77
115000119,541,740,-199
115000120,279,693,-414
115000121,223,262,-39
115000122,324,633,-309
115000123,286,665,-379
115000124,331,511,-180
115000125,168,496,-328
115000126,53,254,-201
115000127,193,128,65
115000128,61,376,-315
115000129,123,364,-241
115000130,154,138,16
115000131,431,119,312
115000132,260,83,177
115000133,510,39,471
115000134,242,41,201
115000135,104,55,49
115000136,109,77,32
115000137,47,56,-9
115000138,155,75,80
115000139,71,39,32
115000140,289,59,230
115000141,103,63,40
115000142,97,24,73
115000143,546,162,384
115000144,255,48,207
115000145,126,57,69
115000146,232,115,117
115000147,158,124,34
115000148,136,285,-149
115000149,363,91,272
115000150,187,120,67
115000151,713,140,573
115000152,294,169,125
115000153,719,149,570
115000154,559,130,429
115000155,337,206,131
115000156,243,410,-167
115000157,159,209,-50
115000158,24,108,-84
115000159,169,165,4
115000160,129,119,10
115000161,110,285,-175
115000162,214,575,-361
115000163,111,153,-42
115000164,200,221,-21
115000165,113,232,-119
115000167,20,14,6
115000168,311,161,150
115000169,94,428,-334
115000170,38,105,-67
115000171,118,207,-89
115000172,275,346,-71
115000173,154,534,-380
115000174,39,205,-166
115000175,76,85,-9
115000176,9,109,-100
115000177,9,123,-114
115000178,4,98,-94
115000179,12,88,-76
115000180,60,133,-73
115000181,438,49,389
115000182,705,109,596
115000183,330,172,158
115000186,269,27,242
115000187,188,92,96
115000188,211,167,44
115000189,196,218,-22
115000190,310,198,112
115000191,84,333,-249
115000194,65,29,36
115000195,41,30,11
115000196,178,12,166
115000197,138,89,49
115000198,378,21,357
115000199,404,85,319
115000200,269,46,223
115000201,158,113,45
115000206,333,3,330
115000207,126,38,88
115000208,66,243,-177
115000209,300,211,89
115000210,73,63,10
115000211,78,116,-38
115000212,405,162,243
115000224,124,5,119
115000225,90,8,82
115000229,81,65,16
115000230,18,84,-66
115000231,263,354,-91
115000232,1857,144,1713
115000233,70,43,27
115000234,28,72,-44
115000241,43,76,-33
115000242,64,12,52
115000243,36,29,7
115000244,24,37,-13
115000246,24,19,5
115000247,8,1,7
115000248,42,1,41
115000249,8,5,3
115000250,153,5,148
115000251,201,5,196
115000252,75,79,-4
115000253,3,208,-205
115000258,169,29,140
115000259,30,4,26
115000261,31,3,28
115000262,0,15,-15
115000263,4,13,-9
115000264,4,0,4
115000267,18,15,3
115000268,17,32,-15
115000269,63,26,37
115000270,0,27,-27
115000272,53,26,27
115000273,252,7,245
115000280,232,317,-85
115000281,35,982,-947
115000282,237,736,-499
115000284,71,116,-45
115000296,266,3,263
115000297,30,366,-336
115000298,9,464,-455
115000300,38,81,-43
115000302,305,27,278
115000303,672,9,663
115000304,623,39,584
115000305,60,69,-9
115000306,223,35,188
115000307,136,45,91
115000308,2,5,-3
115000309,1,12,-11
115000310,1167,226,941
115000311,929,443,486
115000313,58,99,-41
115000314,268,97,171
115000315,149,440,-291
115000316,24,82,-58
115000317,61,167,-106
115000318,574,146,428
115000319,66,43,23
115000320,1,241,-240
115000321,190,21,169
115000322,32,80,-48
115000449,39,96,-57
115000557,2,1546,-1544
115000558,83,30,53
115000587,495,112,383
115000588,873,1052,-179
115000589,2314,1093,1221
115000590,281,526,-245
115000591,767,368,399
115000592,346,544,-198
115000593,1020,262,758
115000594,184,919,-735
115000609,154,150,4
115000617,234,1455,-1221
115000624,270,22,248
115000633,172,629,-457
115000634,1433,321,1112
115000635,311,66,245
115000638,105,213,-108
115000641,10,107,-97
115000642,129,83,46
115000643,44,122,-78
115000644,68,108,-40
115000646,254,347,-93
115000647,79,168,-89
115000648,1548,238,1310
115000893,636,329,307
115000894,80,350,-270
115000895,124,296,-172
115000896,417,180,237
115000897,118,75,43
115000898,115,128,-13
115000899,72,464,-392
115000900,8,91,-83
115000901,19,145,-126
115000912,177,76,101
115000913,3,5,-2
115000915,2,0,2
115000916,0,0,0
115000917,0,37,-37
115000918,8,473,-465
115000919,0,37,-37
115000920,3,24,-21
115000921,69,29,40
115000922,181,351,-170
115000923,33,529,-496
115000925,96,69,27
115000927,25,48,-23
115000933,6,197,-191
115000934,27,101,-74
115000935,62,24,38
115000936,44,521,-477
115000937,169,83,86
115000938,6,35,-29
115000939,6,47,-41
115000940,10,20,-10
115000941,0,29,-29
115000942,0,42,-42
115000943,0,34,-34
115000944,0,3,-3
115900001,265,2,263
115900002,22,38,-16
115900003,142,11,131
115900004,2,8,-6
115900005,301,6,295
115900006,44,53,-9
115900008,141,1,140
115900009,13,14,-1
115900010,361,16,345
115900011,162,41,121
115900012,156,16,140
115900013,291,18,273
115900014,54,27,27
115900015,171,3,168
115900016,40,14,26
115900017,51,23,28
115900018,73,8,65
115900019,1,4,-3
115900020,104,1,103
115900021,232,157,75
115900022,185,0,185
115900023,5,7,-2
115900025,7,19,-12
115900026,251,33,218
115900027,0,45,-45
115900028,120,11,109
115900029,2,46,-44
115900030,38,22,16
115900031,17,86,-69
115900032,79,107,-28
115900033,0,4,-4
115900034,6,61,-55
115900035,16,16,0
115900036,2,888,-886
115900037,2,67,-65
115900038,22,2,20
115900039,36,35,1
115900041,53,426,-373
115900042,18,1,17
115900043,49,15,34
115900044,31,287,-256
115900046,421,64,357
115900047,97,119,-22
115900049,109,50,59
115900051,0,17,-17
115900052,2,90,-88
115900053,177,7,170
115900054,388,23,365
115900055,12,44,-32
115900056,42,17,25
115900057,10,24,-14
115900058,4,26,-22
115900060,15,16,-1
115900061,214,1,213
115900062,15,28,-13
115900063,17,1,16
115900064,112,66,46
115900065,100,16,84
115900066,38,24,14
115900067,36,59,-23
115900068,802,1249,-447
115900069,36,53,-17
115900070,127,15,112
115900071,0,49,-49
115900072,8,65,-57
115900073,198,85,113
115900074,0,90,-90
115900075,13,27,-14
115900076,1,17,-16
115900077,5,32,-27
115900078,27,22,5
115900079,221,2,219
115900080,66,14,52
115900081,17,15,2
115900082,51,14,37
115900084,577,3,574
115900085,2,10,-8
115900086,331,57,274
115900088,0,60,-60
115900089,322,80,242
115900090,474,0,474
115900091,1,4,-3
115900092,25,22,3
115900093,0,2,-2
115900094,7,74,-67
115900096,2,4,-2
115900097,1,129,-128
115900098,233,70,163
115900099,26,15,11
115900100,1,131,-130
115900101,107,54,53
115900102,50,18,32
115900103,205,29,176
115900104,92,13,79
115900105,264,66,198
115900106,107,1,106
115900107,106,16,90
115900108,103,0,103
115900109,5,183,-178
115900110,18,0,18
115900111,2,25,-23
115900112,37,152,-115
115900113,44,1,43
115900114,0,30,-30
115900115,62,42,20
115900116,20,85,-65
115900117,80,0,80
115900118,30,97,-67
115900119,103,19,84
115900120,29,31,-2
115900121,153,8,145
115900124,54,441,-387
115900125,302,25,277
115900126,653,6,647
115900127,497,5,492
115900128,0,87,-87
115900129,216,9,207
115900130,1,260,-259
115900131,309,11,298
115900132,348,1,347
115900134,209,5,204
115900135,217,235,-18
115900137,19,1,18
115900139,15,39,-24
115900140,412,5,407
115900141,0,22,-22
115900142,3,12,-9
115900143,182,63,119
115900144,154,39,115
115900146,6,24,-18
115900147,45,234,-189
115900148,10,13,-3
115900149,77,2,75
115900150,99,1,98
115900151,45,21,24
115900152,21,49,-28
115900153,107,35,72
115900154,62,122,-60
115900155,0,8,-8
115900156,210,232,-22
115900157,187,186,1
115900158,9,3,6
115900159,215,58,157
115900160,0,6,-6
115900161,17,39,-22
115900163,194,12,182
115900164,528,13,515
115900166,49,10,39
115900168,290,29,261
115900171,45,47,-2
115900172,1,23,-22
115900173,39,12,27
115900174,63,46,17
115900175,117,23,94
115900178,34,122,-88
115900179,258,7,251
115900180,42,50,-8
115900181,185,30,155
115900182,451,21,430
115900183,0,74,-74
115900184,88,1,87
115900187,2,170,-168
115900189,0,50,-50
115900190,43,240,-197
115900191,3,56,-53
115900192,0,64,-64
115900193,18,17,1
115900194,592,11,581
115900195,75,1489,-1414
115900198,103,118,-15
115900199,148,9,139
115900200,89,16,73
115900201,85,179,-94
115900202,1,125,-124
115900203,2,3,-1
115900204,0,45,-45
115900205,6,1,5
115900206,390,16,374
115900207,33,3,30
115900208,92,8,84
115900209,7,50,-43
115900210,1,90,-89
115900211,10,19,-9
115900212,132,15,117
115900213,41,177,-136
115900214,388,14,374
115900215,6,103,-97
115900216,0,49,-49
115900217,11,4,7
115900218,0,3,-3
115900219,139,0,139
115900220,318,3,315
115900221,181,3,178
115900222,73,9,64
115900223,1,241,-240
115900224,143,1280,-1137
115900225,23,18,5
115900226,3,25,-22
115900227,0,10,-10
115900228,1,0,1
115900229,3,3,0
115900230,12,6,6
115900231,52,1,51
115900232,44,1,43
115900233,79,0,79
115900234,16,18,-2
115900235,2,10,-8
115900236,2,0,2
115900237,14,9,5
115900238,8,6,2
115900239,3,10,-7
115900240,3,11,-8
115900241,226,4,222
115900242,193,223,-30
115900243,4,6,-2
115900244,0,2,-2
115900245,91,4,87
115900246,2,0,2
115900247,3,0,3
115900248,1,0,1
115900249,4,2,2
115900250,10,0,10
115900251,0,0,0
115900252,2,0,2
115900253,18,0,18
115900254,4,8,-4
115900255,2,15,-13
115900256,4,102,-98
115900257,1,1,0
115900258,0,0,0
115900259,0,0,0
115900260,5,1,4
115900261,3,1,2
115900262,9,0,9
115900263,1,0,1
115900264,1,0,1
115900265,0,0,0
115900266,25,13,12
115900267,0,1,-1
115900268,0,0,0
115900269,737,31,706
115900270,288,41,247
115900271,219,0,219
115900272,25,0,25
115900273,4,27,-23
115900274,1,0,1
115900275,0,1,-1
115900276,0,0,0
115900277,0,11,-11
115900278,82,27,55
115900279,22,144,-122
115900280,6,432,-426
115900281,88,222,-134
115900282,2,86,-84
115900283,81,3,78
115900284,1,0,1
116000001,2165,742,1423
116000002,2204,8989,-6785
116000003,421,452,-31
116000004,2143,3813,-1670
116000005,411,1272,-861
116000006,1262,2066,-804
116000007,810,968,-158
116000008,2308,1077,1231
116000009,385,958,-573
116000010,1811,784,1027
116000011,315,476,-161
116000012,1364,567,797
116000013,2154,1346,808
116000014,5595,11857,-6262
116000015,31,417,-386
116000016,1568,3013,-1445
116000017,10,241,-231
116000018,77,84,-7
116000019,623,166,457
116000020,224,237,-13
116000021,421,132,289
116000022,246,118,128
116000023,513,363,150
116000024,425,192,233
116000025,355,257,98
116000026,501,899,-398
116000027,165,297,-132
116000028,326,588,-262
116000029,163,160,3
116000030,361,363,-2
116000031,13,10,3
116000032,130,24,106
116000033,528,114,414
116000034,558,372,186
116000035,160,73,87
116000036,74,326,-252
116000037,118,193,-75
116000038,49,156,-107
116000039,175,236,-61
116000040,223,333,-110
116000041,31,236,-205
116000042,449,260,189
116000043,48,144,-96
116000044,2,37,-35
116000045,717,538,179
116000046,315,491,-176
116000047,858,1077,-219
116000048,1596,559,1037
116000049,1072,1063,9
116000050,732,487,245
116000051,1768,872,896
116000052,1332,1155,177
116000053,1647,247,1400
116000054,463,786,-323
116000055,502,332,170
116000056,1267,531,736
116000057,1033,244,789
116000058,1162,1319,-157
116000059,896,2980,-2084
116000060,827,559,268
116000061,128,972,-844
116000062,361,305,56
116000063,252,1058,-806
116000066,136,374,-238
116000067,112,235,-123
116000068,58,213,-155
116000069,151,100,51
116000078,280,562,-282
116000080,758,256,502
116000082,6,9,-3
116000083,1276,194,1082
116000084,447,786,-339
116000085,987,1122,-135
116000086,254,285,-31
116000087,2202,1211,991
116000088,442,327,115
116000089,106,31,75
116000090,159,92,67
116000091,103,476,-373
116000093,459,101,358
116000094,585,144,441
116000095,582,106,476
116000096,770,1123,-353
116000097,442,224,218
116000098,65,5133,-5068
116000099,2254,417,1837
116000100,150,3,147
116000101,980,71,909
116000102,222,232,-10
116000103,210,141,69
116000104,145,221,-76
116000105,882,62,820
116000106,382,334,48
116000107,1487,167,1320
116000108,6,233,-227
116000111,76,6,70
116000113,41,8,33
116000114,15,32,-17
116000115,208,19,189
116000116,148,92,56
116000117,934,559,375
116000118,755,343,412
116000119,2632,708,1924
116000120,1141,878,263
116000121,890,213,677
116000122,422,272,150
116000123,1487,124,1363
116000124,316,173,143
116000125,2222,141,2081
116000126,121,212,-91
116000127,368,231,137
116000128,1656,215,1441
116000129,839,64,775
116000130,473,346,127
116000133,1335,147,1188
116000134,748,378,370
116000135,2012,502,1510
116000136,431,585,-154
116000137,779,243,536
116000138,367,135,232
116000139,1147,2181,-1034
116000140,271,268,3
116000141,305,264,41
116000142,2523,1380,1143
116000143,1658,1278,380
116000144,1680,823,857
116000145,2111,577,1534
116000146,642,74,568
116000147,116,132,-16
116000148,445,401,44
116000149,295,260,35
116000151,525,231,294
116000153,89,240,-151
116000155,107,256,-149
116000156,317,216,101
116000157,55,5,50
116000158,290,45,245
116000159,4,5,-1
116000160,53,13,40
116000161,1,32,-31
116000162,13,79,-66
116000163,21,6,15
116000164,6,8,-2
116000177,50,133,-83
116000194,23,114,-91
116000195,1018,163,855
116000196,26,2,24
116000197,5,30,-25
116000198,779,512,267
116000200,240,486,-246
116000201,405,165,240
116000202,17,71,-54
116000203,1,3,-2
116000204,0,5,-5
116000205,0,25,-25
116000206,0,60,-60
116000207,6,42,-36
116000233,65,81,-16
116000287,176,80,96
116000288,244,120,124
116000292,71,20,51
116000296,16,66,-50
116000297,105,1,104
116000304,282,4,278
116000305,16,6,10
116000346,178,25,153
116000352,80,9,71
116000354,14,2,12
116000357,1,5,-4
116000358,215,136,79
116000361,34,0,34
116000372,1503,3595,-2092
116000381,178,0,178
116000388,2,14,-12
116000389,462,75,387
116000445,794,85,709
116000446,627,58,569
116000447,3,260,-257
116000448,244,39,205
116000563,305,559,-254
116000565,136,111,25
116000568,22,305,-283
116000579,8,153,-145
116000583,44,18,26
116000584,14,0,14
116000585,15,39,-24
116000586,10,49,-39
116000587,263,109,154
116000589,30,20,10
116000590,119,19,100
116000591,221,64,157
116000592,10,28,-18
116000593,0,15,-15
116000594,791,113,678
116000595,483,19,464
116000596,134,1,133
116000597,331,117,214
116000598,16,104,-88
116000605,51,31,20
116000606,38,164,-126
116000607,0,5,-5
116000609,13,792,-779
116000611,159,75,84
116000612,1076,1665,-589
116000613,615,235,380
116000614,351,140,211
116000615,0,0,0
116000616,31,14,17
116000617,82,1,81
116000618,9,10,-1
116000619,7,86,-79
116000620,273,77,196
116000621,101,49,52
116000622,92,71,21
116000624,78,43,35
116000627,357,24,333
116000628,63,67,-4
116000629,12,89,-77
116000630,523,3,520
116000631,184,15,169
116000632,1453,41,1412
116000633,283,62,221
116000634,546,6,540
116000635,1102,854,248
116000636,338,844,-506
116000637,695,9,686
116000638,120,153,-33
116000639,50,1,49
116000640,33,10,23
116000641,6,8,-2
116000643,0,12,-12
116000644,34,26,8
116000645,41,11,30
116900001,44,34,10
116900002,119,1,118
116900003,75,2,73
116900004,28,60,-32
116900005,222,11,211
116900006,80,94,-14
116900007,28,23,5
116900008,557,47,510
116900009,3,10,-7
116900010,0,172,-172
116900011,1,13,-12
116900012,69,57,12
116900013,4,22,-18
116900014,164,40,124
116900016,236,2,234
116900017,1,178,-177
116900018,56,30,26
116900019,0,47,-47
116900020,272,1347,-1075
116900023,23,9,14
116900025,1133,245,888
116900026,20,216,-196
116900027,66,19,47
116900028,0,12,-12
116900029,0,125,-125
116900031,0,0,0
116900032,0,81,-81
116900033,32,1,31
116900034,11,9,2
116900035,78,53,25
116900036,0,29,-29
116900038,20,3,17
116900041,56,4,52
116900042,38,46,-8
116900043,37,31,6
116900047,6,162,-156
116900049,7,35,-28
116900050,22,42,-20
116900051,295,4,291
116900052,84,23,61
116900055,0,4,-4
116900057,23,28,-5
116900058,5,63,-58
116900059,0,8,-8
116900060,76,56,20
116900062,2,28,-26
116900064,38,44,-6
116900065,4,36,-32
116900067,72,8,64
116900068,77,60,17
116900070,19,0,19
116900072,7,47,-40
116900073,1,33,-32
116900074,4,5,-1
116900076,10,19,-9
116900077,2,41,-39
116900078,63,28,35
116900079,15,57,-42
116900080,1,3,-2
116900081,55,145,-90
116900082,62,458,-396
116900083,5,1,4
116900084,23,15,8
116900085,1,37,-36
116900086,19,350,-331
116900088,53,1,52
116900090,12,4,8
116900091,285,5,280
116900092,28,115,-87
116900093,646,625,21
116900094,1495,3000,-1505
116900095,167,13,154
116900096,213,216,-3
116900097,576,2011,-1435
116900098,153,66,87
116900099,81,613,-532
116900100,793,46,747
116900101,73,135,-62
116900103,0,0,0
116900104,15,1173,-1158
116900105,290,140,150
116900106,2337,19,2318
116900107,620,2438,-1818
116900110,0,0,0
116900111,491,166,325
116900112,198,198,0
116900113,399,1394,-995
116900116,24,132,-108
116900117,124,23,101
116900118,297,623,-326
116900120,349,51,298
116900121,163,12,151
116900122,920,129,791
116900123,233,136,97
116900124,35,110,-75
116900125,325,68,257
116900126,25,337,-312
116900128,0,7,-7
116900129,0,65,-65
116900130,154,2762,-2608
116900131,18,122,-104
116900132,47,40,7
116900133,108,32,76
116900134,145,132,13
116900136,77,25,52
116900137,56,52,4
116900138,75,18,57
116900139,40,55,-15
116900140,77,34,43
116900141,261,61,200
116900142,0,16,-16
116900143,206,40,166
116900144,24,0,24
116900145,20,17,3
116900147,76,207,-131
116900148,0,1,-1
116900149,42,155,-113
116900150,14,0,14
116900151,49,22,27
116900153,113,47,66
116900154,66,204,-138
116900155,23,17,6
116900157,901,28,873
116900158,119,185,-66
116900159,18,181,-163
116900160,341,209,132
116900161,1089,5446,-4357
116900162,14,23,-9
116900163,272,11,261
116900164,104,42,62
116900165,313,94,219
116900166,118,31,87
116900167,446,5,441
116900168,317,13,304
116900169,55,203,-148
116900170,284,127,157
116900171,43,71,-28
116900172,68,309,-241
116900173,404,9,395
116900174,41,73,-32
116900175,112,183,-71
116900178,29,57,-28
116900179,27,285,-258
116900180,61,1,60
116900182,315,79,236
116900183,161,22,139
116900185,29,19,10
116900186,140,77,63
116900187,37,45,-8
116900188,91,8,83
116900189,23,0,23
116900191,93,72,21
116900192,232,60,172
116900194,53,498,-445
116900195,54,3,51
116900196,7,39,-32
116900197,107,4,103
116900198,14,355,-341
116900200,104,1,103
116900201,330,3,327
116900202,37,14,23
116900203,133,2,131
116900204,55,135,-80
116900206,8,2,6
116900207,8,7,1
116900208,2,30,-28
116900209,29,19,10
116900210,84,45,39
116900211,156,1,155
116900212,85,2,83
116900213,76,14,62
116900214,197,32,165
116900215,31,4,27
116900216,72,39,33
116900218,0,74,-74
116900219,205,96,109
116900220,60,86,-26
116900221,126,171,-45
116900222,174,78,96
116900223,32,41,-9
116900226,116,7,109
116900227,203,14,189
116900228,279,13,266
116900230,85,138,-53
116900233,768,54,714
116900234,5,2,3
116900235,26,45,-19
116900238,256,55,201
116900239,36,1041,-1005
116900240,2938,2761,177
116900241,95,21,74
116900242,298,685,-387
116900243,0,6,-6
116900245,24,30,-6
116900246,67,16,51
116900247,754,16,738
116900248,56,3,53
116900249,360,27,333
116900250,253,9,244
116900251,104,530,-426
116900252,73,141,-68
116900254,24,66,-42
116900255,100,106,-6
116900256,408,74,334
116900257,23,70,-47
116900258,0,17,-17
116900259,173,4,169
116900260,1,13,-12
116900261,52,0,52
116900262,91,34,57
116900263,0,0,0
116900264,70,56,14
116900265,98,0,98
116900266,9,2,7
116900267,0,0,0
116900268,0,95,-95
116900269,215,335,-120
116900271,206,291,-85
116900272,127,138,-11
116900273,17,39,-22
116900274,95,4,91
116900275,152,29,123
116900276,97,146,-49
116900277,78,9,69
116900278,0,0,0
116900279,1,8,-7
116900280,10,5,5
116900281,1177,3469,-2292
116900282,0,17,-17
116900283,1,23,-22
116900284,12,71,-59
116900285,10,181,-171
116900286,34,1,33
116900287,22,5,17
116900288,133,29,104
116900289,25,1,24
116900290,7,2,5
116900291,41,14,27
116900292,0,25,-25
116900293,63,7,56
116900294,3,41,-38
116900295,106,285,-179
116900296,33,42,-9
116900297,2,25,-23
116900298,3,132,-129
116900299,4,675,-671
116900300,5,497,-492
116900301,39,69,-30
116900302,3,60,-57
116900303,61,49,12
116900304,0,70,-70
116900305,0,13,-13
116900306,225,84,141
116900307,175,0,175
116900308,0,34,-34
116900309,244,13,231
116900310,33,29,4
117000001,1551,1487,64
117000002,1237,1549,-312
117000003,3486,1350,2136
117000004,1430,1746,-316
117000005,2388,680,1708
117000006,627,1010,-383
117000007,3839,730,3109
117000008,706,1112,-406
117000009,2396,807,1589
117000010,589,728,-139
117000011,1972,433,1539
117000012,1111,469,642
117000013,1674,442,1232
117000014,1034,1546,-512
117000015,1749,883,866
117000016,132,234,-102
117000017,46,217,-171
117000018,32,591,-559
117000019,34,66,-32
117000020,234,1482,-1248
117000021,829,537,292
117000022,114,302,-188
117000023,25,362,-337
117000024,48,193,-145
117000025,180,1503,-1323
117000026,780,1578,-798
117000027,350,881,-531
117000028,243,359,-116
117000030,126,217,-91
117000031,194,140,54
117000032,798,923,-125
117000033,776,372,404
117000034,128,146,-18
117000035,162,105,57
117000036,272,224,48
117000037,234,101,133
117000038,129,327,-198
117000039,108,134,-26
117000040,61,239,-178
117000041,1016,28,988
117000044,1,236,-235
117000045,468,118,350
117000046,195,493,-298
117000047,553,476,77
117000048,769,510,259
117000049,8,151,-143
117000050,142,533,-391
117000051,2034,35,1999
117000052,41,65,-24
117000053,827,6,821
117000054,1092,2,1090
117000055,12,564,-552
117000056,581,25,556
117000057,174,568,-394
117000060,288,576,-288
117000061,1889,758,1131
117000062,162,328,-166
117000063,853,460,393
117000064,331,226,105
117000066,175,227,-52
117000067,72,315,-243
117000074,4,55,-51
117000076,0,7,-7
117000077,52,15,37
117000078,140,169,-29
117000079,87,64,23
117000080,1,296,-295
117000081,218,42,176
117000082,44,59,-15
117000083,33,11,22
117000084,89,2,87
117000085,222,294,-72
117000086,208,133,75
117000087,65,190,-125
117000088,254,40,214
117000089,2020,108,1912
117000090,351,284,67
117000091,1057,53,1004
117000092,303,372,-69
117000093,1673,87,1586
117000094,409,496,-87
117000095,2185,101,2084
117000096,349,579,-230
117000097,1394,289,1105
117000098,837,1078,-241
117000099,3610,442,3168
117000100,193,150,43
117000101,76,235,-159
117000102,1670,159,1511
117000103,153,453,-300
117000104,1573,186,1387
117000105,210,432,-222
117000106,1561,133,1428
117000107,266,489,-223
117000108,1858,532,1326
117000109,414,801,-387
117000110,1161,1089,72
117000111,2283,2161,122
117000112,2225,730,1495
117000113,22,44,-22
117000114,319,51,268
117000115,45,21,24
117000116,178,68,110
117000117,897,745,152
117000118,254,351,-97
117000119,66,367,-301
117000120,14,347,-333
117000121,1,322,-321
117000122,471,632,-161
117000123,348,53,295
117000124,27,39,-12
117000125,27,332,-305
117000126,6,12,-6
117000127,40,221,-181
117000128,42,152,-110
117000129,105,611,-506
117000130,123,0,123
117000131,1,24,-23
117000132,2448,18,2430
117000133,2540,18,2522
117000134,0,0,0
117000135,0,33,-33
117000136,0,15,-15
117000137,247,41,206
117000138,0,0,0
117000140,153,367,-214
117000141,1750,144,1606
117000181,136,65,71
117000182,622,846,-224
117000195,21,187,-166
117000196,338,136,202
117000225,2,41,-39
117000226,0,82,-82
117000276,370,7,363
117000277,0,90,-90
117000310,554,1948,-1394
117000315,48,300,-252
117000320,62,1,61
117000906,602,22,580
117000907,0,70,-70
117000909,57,41,16
117000910,198,86,112
117000911,18,42,-24
117000915,0,125,-125
117000916,59,0,59
117000917,914,19,895
117000918,111,42,69
117000919,0,8,-8
117000920,0,351,-351
117000921,0,220,-220
117000922,16,17,-1
117000924,768,523,245
117000926,237,110,127
117000927,115,247,-132
117000928,0,45,-45
117000929,381,118,263
117000930,313,5,308
117000931,88,84,4
117900002,32,444,-412
117900003,15,8,7
117900005,1,67,-66
117900006,0,40,-40
117900007,83,42,41
117900008,0,6,-6
117900010,272,90,182
117900011,0,133,-133
117900012,10,39,-29
117900013,0,57,-57
117900014,505,271,234
117900015,3,95,-92
117900016,204,537,-333
117900017,502,352,150
117900018,126,222,-96
117900019,572,109,463
117900020,33,80,-47
117900021,24,49,-25
117900023,744,26,718
117900024,38,39,-1
117900025,5,2,3
117900026,345,72,273
117900028,21,1,20
117900029,160,97,63
117900030,153,220,-67
117900031,136,76,60
117900032,622,242,380
117900033,326,103,223
117900034,36,2,34
117900035,124,34,90
117900036,210,105,105
117900037,150,14,136
117900038,16,26,-10
117900039,0,5,-5
117900040,54,39,15
117900041,0,26,-26
117900042,895,183,712
117900043,0,20,-20
117900044,3,2747,-2744
117900045,108,44,64
117900048,234,61,173
117900049,306,314,-8
117900050,8,70,-62
117900051,10,1,9
117900052,39,534,-495
117900053,1411,88,1323
117900054,0,8,-8
117900055,210,76,134
117900056,7,19,-12
117900057,451,236,215
117900058,3,50,-47
117900059,33,75,-42
117900060,1839,601,1238
117900061,3,182,-179
117900063,395,97,298
117900065,79,292,-213
117900066,5,98,-93
117900067,569,52,517
117900069,538,60,478
117900070,32,171,-139
117900071,136,70,66
117900073,500,18,482
117900074,28,67,-39
117900075,112,64,48
117900076,1,60,-59
117900077,435,10,425
117900078,365,221,144
117900080,88,61,27
117900081,84,78,6
117900082,445,145,300
117900083,523,247,276
117900086,167,41,126
117900087,155,20,135
117900088,278,289,-11
117900089,1689,338,1351
117900090,309,210,99
117900091,230,18,212
117900092,112,27,85
117900093,125,7,118
117900094,33,77,-44
117900095,310,327,-17
117900096,123,128,-5
117900097,144,12,132
117900098,72,9,63
117900099,184,1592,-1408
117900100,395,1,394
117900101,604,1943,-1339
117900102,75,11,64
117900103,61,1,60
117900104,4,1021,-1017
117900105,39,48,-9
117900106,112,19,93
117900107,49,0,49
117900109,868,558,310
117900110,159,0,159
117900111,664,53,611
117900112,44,2,42
117900113,426,1743,-1317
117900114,26,0,26
117900115,33,83,-50
117900116,317,225,92
117900117,651,149,502
117900118,115,0,115
117900119,235,8,227
117900120,343,8,335
117900121,81,7,74
117900122,177,3318,-3141
117900123,442,200,242
117900124,38,181,-143
117900125,994,393,601
117900126,36,171,-135
117900127,324,67,257
117900128,259,127,132
117900129,32,1,31
117900130,498,123,375
117900131,0,16,-16
117900132,4,5,-1
117900133,10,15,-5
117900134,28,24,4
117900135,3,50,-47
117900136,0,3,-3
117900137,0,40,-40
117900138,0,5,-5
117900139,30,23,7
117900140,4273,303,3970
117900141,28,125,-97
117900142,39,249,-210
117900144,10,71,-61
117900145,1,70,-69
117900146,264,209,55
117900147,77,37,40
117900148,1034,1562,-528
117900149,42,34,8
117900150,78,10,68
117900151,26,94,-68
117900152,25,50,-25
117900153,15,140,-125
117900154,362,268,94
117900156,250,170,80
117900157,106,126,-20
117900158,430,16,414
117900160,500,391,109
117900161,343,328,15
117900162,506,201,305
117900163,25,455,-430
117900165,0,0,0
117900166,2,67,-65
117900168,67,50,17
117900169,0,12,-12
117900170,1,21,-20
117900171,2,8,-6
117900172,21,4,17
117900173,15,11,4
117900174,0,5,-5
117900175,0,3,-3
117900176,8,27,-19
117900177,1,5,-4
117900178,26,10,16
117900180,82,28,54
117900181,12,446,-434
117900182,0,65,-65
117900183,126,100,26
117900184,45,25,20
117900185,87,0,87
117900186,51,5,46
117900187,18,6,12
117900188,73,4,69
117900189,28,9,19
117900190,54,1,53
117900191,43,0,43
117900192,114,5,109
117900193,165,172,-7
117900194,5,1,4
117900195,9,24,-15
117900196,26,7,19
117900207,9,49,-40
117900208,6,18,-12
117900209,104,18,86
117900210,19,16,3
117900211,1,12,-11
117900212,93,47,46
117900213,17,0,17
117900214,3,6,-3
117900215,6,51,-45
117900216,14,23,-9
117900217,44,25,19
117900218,32,61,-29
117900219,0,36,-36
117900220,21,46,-25
117900222,68,34,34
117900223,48,204,-156
118000001,310,806,-496
118000002,217,651,-434
118000003,1101,1924,-823
118000004,816,1027,-211
118000005,1342,1285,57
118000006,645,1450,-805
118000007,2349,4413,-2064
118000008,581,2464,-1883
118000009,793,1703,-910
118000010,1255,1847,-592
118000011,1124,365,759
118000012,385,395,-10
118000013,845,719,126
118000014,715,540,175
118000016,139,170,-31
118000017,381,240,141
118000018,144,140,4
118000019,638,1116,-478
118000020,227,984,-757
118000021,190,1284,-1094
118000022,516,248,268
118000023,201,140,61
118000024,333,346,-13
118000027,3555,3301,254
118000029,288,528,-240
118000032,81,772,-691
118000033,906,1946,-1040
118000034,1106,1185,-79
118000035,987,993,-6
118000036,393,448,-55
118000037,374,553,-179
118000038,243,30,213
118000039,66,40,26
118000040,884,647,237
118000041,1247,758,489
118000045,50,132,-82
118000046,222,479,-257
118000047,185,722,-537
118000048,437,1140,-703
118000051,542,1426,-884
118000052,188,742,-554
118000053,96,447,-351
118000054,1160,452,708
118000055,649,706,-57
118000056,52,282,-230
118000057,48,191,-143
118000058,609,1877,-1268
118000059,388,1504,-1116
118000060,520,226,294
118000061,608,593,15
118000062,279,81,198
118000063,125,683,-558
118000064,240,614,-374
118000065,925,522,403
118000066,647,1482,-835
118000067,209,256,-47
118000068,275,4742,-4467
118000069,462,539,-77
118000070,1569,1203,366
118000071,1214,4607,-3393
118000072,326,1841,-1515
118000073,235,1160,-925
118000074,179,467,-288
118000075,307,459,-152
118000076,866,3016,-2150
118000077,511,605,-94
118000078,1058,1137,-79
118000079,37,182,-145
118000080,242,261,-19
118000081,725,665,60
118000082,122,579,-457
118000083,514,619,-105
118000084,484,853,-369
118000086,166,244,-78
118000087,1807,1222,585
118000088,640,584,56
118000089,1594,1701,-107
118000090,558,1486,-928
118000091,488,1959,-1471
118000092,284,241,43
118000093,70,423,-353
118000096,396,267,129
118000097,260,202,58
118000098,153,73,80
118000099,406,76,330
118000101,880,112,768
118000102,221,254,-33
118000107,466,139,327
118000108,173,2548,-2375
118000110,1,3,-2
118000111,0,38,-38
118000112,1116,0,1116
118000113,2,58,-56
118000114,561,3,558
118000115,0,4,-4
118000116,23,13,10
118000117,321,424,-103
118000118,605,629,-24
118000119,639,643,-4
118000120,444,440,4
118000121,4,157,-153
118000122,169,82,87
118000123,84,74,10
118000125,530,684,-154
118000126,290,1137,-847
118000127,387,526,-139
118000128,175,1110,-935
118000129,533,330,203
118000130,720,1621,-901
118000131,202,459,-257
118000132,1656,1441,215
118000133,906,432,474
118000135,284,425,-141
118000136,49,185,-136
118000137,230,80,150
118000138,202,145,57
118000139,234,66,168
118000140,1583,4931,-3348
118000141,2055,1098,957
118000142,1565,758,807
118000143,1967,911,1056
118000144,403,213,190
118000145,559,414,145
118000146,746,160,586
118000147,524,351,173
118000148,544,911,-367
118000149,431,182,249
118000150,562,163,399
118000151,578,114,464
118000153,1247,419,828
118000154,1059,581,478
118000155,1561,576,985
118000156,1002,1437,-435
118000157,335,119,216
118000158,129,337,-208
118000159,57,81,-24
118000160,460,125,335
118000161,351,129,222
118000162,673,406,267
118000163,642,559,83
118000164,1284,811,473
118000168,177,395,-218
118000169,391,413,-22
118000170,1094,1105,-11
118000171,181,174,7
118000172,62,80,-18
118000173,483,761,-278
118000175,63,65,-2
118000176,173,191,-18
118000177,137,243,-106
118000178,2,26,-24
118000179,410,330,80
118000180,425,197,228
118000181,299,69,230
118000182,90,57,33
118000183,120,120,0
118000184,829,262,567
118000185,266,732,-466
118000186,123,621,-498
118000187,1160,146,1014
118000188,677,16,661
118000189,553,37,516
118000190,4,10,-6
118000191,3,4,-1
118000192,6,59,-53
118000193,4,180,-176
118000194,706,488,218
118000195,72,719,-647
118000196,15,81,-66
118000197,47,260,-213
118000198,165,1072,-907
118000199,134,586,-452
118000200,8,162,-154
118000201,43,288,-245
118000202,6,70,-64
118000203,120,684,-564
118000204,24,278,-254
118000205,28,63,-35
118000206,119,103,16
118000207,0,28,-28
118000208,794,763,31
118000209,1396,397,999
118000210,128,18,110
118000211,61,32,29
118000213,121,1205,-1084
118000214,81,249,-168
118000215,339,36,303
118000216,2825,687,2138
118000217,2,42,-40
118000218,27,7,20
118000219,127,87,40
118000220,7,10,-3
118000221,251,336,-85
118000222,60,0,60
118000223,67,30,37
118000224,42,27,15
118000225,72,205,-133
118000226,778,43,735
118000227,168,264,-96
118000228,6,119,-113
118000229,11,68,-57
118000230,61,106,-45
118000231,17,146,-129
118000232,451,135,316
118000233,909,239,670
118000234,350,48,302
118000236,185,105,80
118000237,96,89,7
118000238,191,36,155
118000239,198,233,-35
118000240,40,91,-51
118000241,145,50,95
118000242,206,17,189
118000243,111,101,10
118000244,14,17,-3
118000246,0,11,-11
118000255,21,126,-105
118000256,53,85,-32
118000259,1,49,-48
118000260,179,8,171
118000261,24,5,19
118000263,45,49,-4
118000266,67,70,-3
118000267,0,41,-41
118000268,57,1,56
118000270,66,6,60
118000271,272,77,195
118000272,17,0,17
118000273,139,14,125
118000274,23,49,-26
118000276,272,62,210
118000295,21,51,-30
118000298,16,51,-35
118000299,9,36,-27
118000301,0,47,-47
118000302,28,6,22
118000311,784,13,771
118000312,215,32,183
118000313,16,15,1
118000314,128,5,123
118000315,17,3,14
118000316,722,116,606
118000325,64,3,61
118000326,27,18,9
118000331,39,5,34
118000332,12,3,9
118000333,23,18,5
118000335,415,7,408
118000336,0,67,-67
118000407,227,36,191
118000457,2,21,-19
118000465,275,1055,-780
118000480,15,14,1
118000489,1,229,-228
118000490,5,112,-107
118000492,556,31,525
118000510,4,4,0
118000514,36,122,-86
118000515,283,588,-305
118000517,77,93,-16
118000524,138,146,-8
118000525,110,257,-147
118000530,20,55,-35
118000531,314,102,212
118000532,50,136,-86
118000533,90,43,47
118000534,380,147,233
118000535,263,21,242
118000536,24,133,-109
118000537,22,10,12
118000538,9,14,-5
118000539,5,45,-40
118000540,83,32,51
118000541,47,35,12
118000542,46,71,-25
118000543,69,54,15
118000546,48,11,37
118000553,0,0,0
118000560,260,872,-612
118000562,39,25,14
118000563,859,425,434
118000576,80,20,60
118000577,115,102,13
118000578,54,21,33
118000579,253,750,-497
118000583,0,0,0
118000595,166,38,128
118000596,0,41,-41
118000597,125,56,69
118000598,2,0,2
118000599,241,8,233
118000600,0,3,-3
118000601,5,0,5
118000602,0,6,-6
118000603,0,3,-3
118000605,54,21,33
118000606,6,4,2
118900001,201,277,-76
118900002,311,374,-63
118900003,304,20,284
118900004,59,8,51
118900005,28,3,25
118900006,48,0,48
118900007,0,0,0
118900008,515,9,506
118900009,37,74,-37
118900010,35,9,26
118900011,66,12,54
118900012,139,67,72
118900013,145,185,-40
118900015,221,8,213
118900016,1,3,-2
118900017,1,41,-40
118900018,431,16,415
118900019,0,0,0
118900020,2,27,-25
118900021,80,209,-129
118900022,87,10,77
118900023,6,33,-27
118900024,32,34,-2
118900025,8,33,-25
118900026,30,11,19
118900027,193,62,131
118900028,99,67,32
118900029,130,63,67
118900030,638,12,626
118900031,43,7,36
118900032,70,19,51
118900033,206,183,23
118900034,100,26,74
118900035,34,29,5
118900036,866,151,715
118900037,102,211,-109
118900038,415,26,389
118900039,399,45,354
118900040,158,41,117
118900041,267,77,190
118900042,89,47,42
118900045,90,113,-23
118900046,310,247,63
118900047,136,214,-78
118900048,17,165,-148
118900049,3,14,-11
118900050,44,10,34
118900051,39,40,-1
118900052,55,148,-93
118900053,0,15,-15
118900054,106,7,99
118900055,88,10,78
118900056,42,41,1
118900057,362,233,129
118900058,175,108,67
118900059,1,25,-24
118900060,99,49,50
118900062,43,25,18
118900064,73,290,-217
118900065,7,37,-30
118900066,47,49,-2
118900067,1077,2338,-1261
118900068,1,133,-132
118900069,473,27,446
118900071,0,3,-3
118900072,172,136,36
118900073,198,26,172
118900074,16,4,12
118900075,44,1,43
118900076,150,17,133
118900077,170,84,86
118900078,12,2,10
118900079,31,7,24
118900080,18,10,8
118900081,11,37,-26
118900082,905,85,820
118900083,19,0,19
118900084,0,3,-3
118900085,233,195,38
118900086,19,26,-7
118900087,61,395,-334
118900088,0,1,-1
118900089,3,6,-3
118900090,122,46,76
118900091,73,58,15
118900092,127,2,125
118900093,12,2,10
118900096,61,33,28
118900097,78,96,-18
118900099,6,26,-20
118900100,15,17,-2
118900101,80,37,43
118900102,23,7,16
118900103,3,35,-32
118900104,58,20,38
118900105,15,9,6
118900107,14,22,-8
118900108,5,19,-14
118900110,283,525,-242
118900111,139,89,50
118900112,127,50,77
118900113,23,49,-26
118900114,0,17,-17
118900115,18,146,-128
118900116,125,40,85
118900117,53,61,-8
118900118,150,40,110
118900119,70,67,3
118900120,6,92,-86
118900121,8,127,-119
118900122,2,342,-340
118900123,29,40,-11
118900124,39,47,-8
118900126,6,111,-105
118900129,182,40,142
118900130,3,28,-25
118900131,150,51,99
118900132,193,89,104
118900133,4,26,-22
118900135,80,77,3
118900136,191,92,99
118900137,3,22,-19
118900139,103,54,49
118900140,358,161,197
118900141,31,12,19
118900144,102,97,5
118900145,1,44,-43
118900146,70,110,-40
118900147,12,112,-100
118900148,21,11,10
118900150,47,185,-138
118900152,259,182,77
118900157,10,77,-67
118900158,118,7,111
118900159,0,30,-30
118900161,15,10,5
118900163,29,21,8
118900164,0,5,-5
118900165,19,44,-25
118900166,7,0,7
118900167,24,35,-11
118900168,0,24,-24
118900169,47,90,-43
118900170,198,1,197
118900171,20,2,18
118900174,6,1,5
118900175,416,157,259
118900176,66,75,-9
118900177,84,12,72
118900178,22,14,8
118900179,1,0,1
118900181,34,1,33
118900182,10,8,2
118900183,24,32,-8
118900184,77,13,64
118900185,88,17,71
118900186,53,31,22
118900187,102,126,-24
118900188,83,125,-42
118900189,10,383,-373
118900190,14,34,-20
118900191,239,11,228
118900192,286,4,282
118900193,824,2,822
118900195,73,97,-24
118900196,5,38,-33
118900197,265,3,262
118900198,26,1,25
118900199,88,2,86
118900200,23,8,15
118900201,6,6,0
118900202,5,19,-14
118900203,3,1,2
118900204,2,25,-23
118900205,0,8,-8
118900206,0,1,-1
119000001,1026,720,306
119000002,2093,1268,825
119000003,2226,298,1928
119000004,1574,980,594
119000005,1234,1363,-129
119000006,2672,950,1722
119000007,2393,2047,346
119000008,820,604,216
119000009,1388,3372,-1984
119000010,1779,2177,-398
119000011,1461,1158,303
119000012,562,1496,-934
119000013,2145,1212,933
119000014,702,1242,-540
119000019,95,64,31
119000020,1477,1055,422
119000021,3012,2119,893
119000022,540,1576,-1036
119000023,138,152,-14
119000024,775,9883,-9108
119000025,1227,418,809
119000026,20,376,-356
119000027,54,237,-183
119000028,884,291,593
119000029,14,103,-89
119000030,365,479,-114
119000031,583,304,279
119000032,364,766,-402
119000033,1020,595,425
119000034,635,205,430
119000035,8,45,-37
119000036,1551,238,1313
119000037,849,342,507
119000038,114,291,-177
119000039,471,197,274
119000040,466,559,-93
119000041,375,882,-507
119000048,1167,744,423
119000049,1248,617,631
119000050,531,571,-40
119000051,1203,387,816
119000052,847,924,-77
119000053,1164,554,610
119000054,1938,461,1477
119000055,3089,830,2259
119000056,2354,713,1641
119000057,898,324,574
119000058,500,378,122
119000059,417,301,116
119000060,968,241,727
119000061,266,152,114
119000062,475,303,172
119000063,270,277,-7
119000064,169,328,-159
119000065,617,907,-290
119000066,1075,522,553
119000067,764,385,379
119000068,1026,253,773
119000069,904,304,600
119000070,1874,333,1541
119000071,97,109,-12
119000072,1347,877,470
119000073,1983,3783,-1800
119000074,949,500,449
119000075,2894,734,2160
119000076,76,168,-92
119000077,445,147,298
119000078,229,64,165
119000079,116,136,-20
119000080,436,52,384
119000081,179,71,108
119000082,411,85,326
119000083,348,163,185
119000084,211,135,76
119000085,215,68,147
119000086,209,157,52
119000087,272,100,172
119000088,185,25,160
119000089,61,40,21
119000090,70,54,16
119000091,51,159,-108
119000092,61,84,-23
119000093,1418,912,506
119000094,2443,1819,624
119000095,1181,1235,-54
119000097,571,394,177
119000098,627,2506,-1879
119000099,771,373,398
119000100,2775,1401,1374
119000101,1429,859,570
119000102,80,900,-820
119000103,391,264,127
119000104,399,163,236
119000105,504,1274,-770
119000106,156,199,-43
119000107,931,252,679
119000108,243,254,-11
119000109,75,137,-62
119000110,30,47,-17
119000111,17,279,-262
119000112,41,21,20
119000113,207,37,170
119000114,315,579,-264
119000115,67,89,-22
119000116,35,99,-64
119000117,41,188,-147
119000118,2,1,1
119000123,478,1410,-932
119000124,767,95,672
119000125,2902,294,2608
119000126,1383,342,1041
119000127,590,88,502
119000128,38,6,32
119000131,701,78,623
119000132,0,1,-1
119000133,0,3,-3
119000134,465,243,222
119000135,161,99,62
119000136,202,15,187
119000137,225,60,165
119000138,550,49,501
119000139,39,30,9
119000140,73,54,19
119000284,439,1014,-575
119000285,653,403,250
119000286,1331,1022,309
119000287,754,624,130
119000288,961,311,650
119000289,511,852,-341
119000290,97,153,-56
119000291,17,140,-123
119000293,79,158,-79
119000294,35,21,14
119000295,478,103,375
119000296,331,41,290
119000302,787,762,25
119000303,50,40,10
119000304,0,0,0
119000314,739,7716,-6977
119000315,0,27,-27
119000316,93,10,83
119000317,80,77,3
119900001,71,461,-390
119900002,83,54,29
119900003,1,103,-102
119900004,19,1168,-1149
119900005,169,20,149
119900006,29,174,-145
119900007,199,145,54
119900008,11,22,-11
119900009,171,90,81
119900010,233,167,66
119900011,15,134,-119
119900012,4,84,-80
119900013,799,582,217
119900014,210,44,166
119900015,193,7,186
119900016,20,11,9
119900017,31,15,16
119900018,417,877,-460
119900019,21,0,21
119900020,40,31,9
119900021,57,15,42
119900022,37,535,-498
119900023,155,1424,-1269
119900025,225,2,223
119900026,154,59,95
119900027,1,8,-7
119900028,93,126,-33
119900029,1,2,-1
119900030,248,67,181
119900031,40,501,-461
119900033,238,148,90
119900034,407,14,393
119900037,190,2,188
119900038,6,162,-156
119900039,80,19,61
119900040,104,16,88
119900041,97,1,96
119900042,10,45,-35
119900043,52,47,5
119900044,62,496,-434
119900046,110,13,97
119900047,136,131,5
119900048,296,1,295
119900049,103,0,103
119900050,20,97,-77
119900051,1044,5,1039
119900052,64,12,52
119900053,127,35,92
119900054,163,8,155
119900055,871,148,723
119900057,289,43,246
119900058,228,6,222
119900059,5,2,3
119900060,315,9,306
119900061,386,6,380
119900062,109,1,108
119900063,1,29,-28
119900065,254,2,252
119900067,53,3,50
119900068,510,2,508
119900069,70,7,63
119900070,497,3,494
119900071,581,16,565
119900073,321,48,273
119900074,8,50,-42
119900075,678,952,-274
119900076,574,78,496
119900077,961,93,868
119900078,444,190,254
119900079,375,67,308
119900080,244,104,140
119900081,811,14,797
119900082,1306,109,1197
119900083,146,42,104
119900084,141,25,116
119900085,4,3,1
119900086,309,114,195
119900087,75,71,4
119900088,14,5,9
119900089,13,63,-50
119900090,4,1,3
119900091,6,144,-138
119900092,19,146,-127
119900093,300,75,225
119900094,3,37,-34
119900095,68,42,26
119900096,38,19,19
119900097,19,123,-104
119900098,26,3,23
119900099,1,25,-24
119900100,328,1218,-890
119900101,37,285,-248
119900102,5,20,-15
119900103,19,28,-9
119900104,31,37,-6
119900105,277,561,-284
119900106,0,50,-50
119900107,18,521,-503
119900108,1167,258,909
119900109,7,88,-81
119900110,235,75,160
119900111,114,39,75
119900112,454,358,96
119900113,6,59,-53
119900114,152,132,20
119900115,362,109,253
119900116,22,159,-137
119900117,81,119,-38
119900118,76,106,-30
119900119,106,33,73
119900120,169,135,34
119900121,304,111,193
119900122,5,31,-26
119900123,24,89,-65
119900124,96,113,-17
119900125,4,49,-45
119900126,720,104,616
119900127,212,124,88
119900128,245,105,140
119900129,126,33,93
119900130,2,37,-35
119900131,12,34,-22
119900132,0,14,-14
119900133,28,8,20
119900134,185,28,157
119900135,1,28,-27
119900136,10,47,-37
119900138,24,53,-29
119900139,2,28,-26
119900140,0,16,-16
119900141,18,353,-335
119900142,1,18,-17
119900143,16,37,-21
119900144,458,63,395
119900145,4,33,-29
119900146,23,29,-6
119900147,0,78,-78
119900148,274,9,265
119900149,159,2782,-2623
119900150,73,21,52
119900151,526,390,136
119900152,68,35,33
119900153,176,15,161
119900154,24,57,-33
119900155,10,12,-2
119900156,0,3,-3
119900157,140,60,80
119900158,138,25,113
119900159,0,145,-145
119900160,27,14,13
119900161,85,24,61
119900162,570,316,254
119900163,17,18,-1
119900164,0,0,0
119900165,90,19,71
119900166,58,13,45
119900167,0,4,-4
119900168,612,133,479
119900169,4,144,-140
119900170,61,44,17
119900171,153,150,3
119900172,14,7,7
119900173,4,27,-23
119900174,0,6,-6
119900175,1196,93,1103
119900177,2,23,-21
119900178,0,32,-32
119900179,71,780,-709
119900180,608,172,436
119900181,4,15,-11
119900182,0,33,-33
119900183,35,153,-118
119900184,237,72,165
119900185,27,157,-130
119900186,4,823,-819
119900187,1,90,-89
119900188,81,71,10
119900189,27,61,-34
119900190,27,185,-158
119900191,43,84,-41
119900192,6,64,-58
119900193,395,53,342
119900194,25,12,13
119900195,2,59,-57
119900196,83,34,49
119900197,220,43,177
119900198,59,38,21
119900199,86,1,85
119900200,449,139,310
119900201,50,40,10
119900202,3,49,-46
119900203,64,279,-215
119900204,37,63,-26
119900205,612,55,557
119900206,224,35,189
119900208,54,25,29
119900209,304,677,-373
119900210,85,9,76
119900211,26,3,23
119900212,350,134,216
119900213,4,49,-45
119900214,70,7,63
119900215,23,5,18
119900216,22,2,20
119900217,2,8,-6
119900218,22,10,12
119900219,4,8,-4
119900220,1,20,-19
119900221,12,36,-24
119900222,8,44,-36
119900223,0,10,-10
119900224,2,4,-2
119900225,152,19,133
119900226,76,998,-922
119900227,123,77,46
119900228,10,114,-104
119900229,18,96,-78
119900230,289,84,205
119900231,249,28,221
119900232,120,19,101
119900233,111,5,106
119900234,6,40,-34
119900235,4,10,-6
119900236,13,19,-6
119900237,17,116,-99
119900238,0,5,-5
119900240,49,14,35
119900241,78,46,32
119900242,541,352,189
119900244,180,266,-86
119900245,55,57,-2
119900246,51,151,-100
119900247,9,9,0
119900248,7,178,-171
119900249,192,29,163
119900253,331,239,92
119900254,63,632,-569
119900255,53,221,-168
119900256,700,141,559
119900257,130,18,112
119900258,96,6,90
119900259,10,11,-1
119900260,232,7,225
119900261,245,39,206
119900262,0,42,-42
119900263,565,54,511
119900264,111,34,77
119900265,409,31,378
119900266,201,12,189
119900267,42,48,-6
119900268,87,10,77
119900269,500,163,337
119900271,12,12,0
119900272,31,38,-7
119900275,129,25,104
119900276,82,2,80
119900277,19,1,18
119900278,122,45,77
119900279,34,123,-89
119900280,133,12,121
119900281,0,103,-103
119900282,15,53,-38
119900283,4,22,-18
119900284,21,45,-24
119900285,0,80,-80
119900286,0,7,-7
119900288,0,1,-1
119900289,2,1,1
119900290,2,0,2
119900291,1,2,-1
119900292,11,59,-48
119900293,23,34,-11
119900294,19,87,-68
119900295,13,50,-37
119900296,48,54,-6
119900297,0,17,-17
119900298,0,3,-3
119900299,16,48,-32
119900300,187,53,134
119900301,22,88,-66
119900302,3,12,-9
119900303,243,31,212
119900304,134,3,131
119900305,0,19,-19
119900306,1,2,-1
119900307,37,8,29
119900308,0,8,-8
119900309,12,105,-93
119900310,52,32,20
119900311,137,11,126
119900312,64,4,60
119900313,21,56,-35
119900314,143,114,29
119900315,1334,423,911
119900318,32,58,-26
119900319,1,64,-63
119900320,213,114,99
119900321,134,5,129
120000001,4114,14712,-10598
120000002,1442,956,486
120000003,1066,466,600
120000004,1239,476,763
120000005,1129,470,659
120000006,656,349,307
120000007,1239,1864,-625
120000008,483,366,117
120000009,819,364,455
120000010,1057,856,201
120000011,556,401,155
120000012,894,685,209
120000013,2279,1463,816
120000014,484,637,-153
120000015,1430,683,747
120000016,2204,1321,883
120000017,2278,1907,371
120000018,1926,10055,-8129
120000019,671,565,106
120000020,1086,1449,-363
120000021,925,658,267
120000022,2158,2791,-633
120000023,920,843,77
120000024,848,875,-27
120000025,2000,669,1331
120000026,2696,1040,1656
120000027,1667,1370,297
120000028,366,453,-87
120000029,439,522,-83
120000030,110,382,-272
120000031,838,2252,-1414
120000032,1916,997,919
120000033,1930,413,1517
120000034,2287,332,1955
120000035,1826,479,1347
120000036,1675,1915,-240
120000037,384,1019,-635
120000038,1251,977,274
120000039,188,438,-250
120000040,16,400,-384
120000041,317,464,-147
120000042,1283,614,669
120000043,3000,512,2488
120000044,4291,827,3464
120000045,5696,435,5261
120000046,3984,2737,1247
120000047,174,3322,-3148
120000048,3299,1562,1737
120000049,2408,1068,1340
120000050,1780,1470,310
120000051,1213,1752,-539
120000052,3160,606,2554
120000053,651,1198,-547
120000054,554,1580,-1026
120000055,631,1229,-598
120000056,1985,1242,743
120000057,1904,355,1549
120000058,740,501,239
120000059,14,1354,-1340
120000061,55,225,-170
120000062,105,102,3
120000063,344,579,-235
120000064,177,402,-225
120000065,194,395,-201
120000066,102,135,-33
120000067,18,120,-102
120000068,109,172,-63
120000069,367,172,195
120000070,111,207,-96
120000071,797,28,769
120000072,905,189,716
120000073,811,17,794
120000074,40,44,-4
120000075,974,61,913
120000076,1893,126,1767
120000077,1804,193,1611
120000078,1265,328,937
120000079,374,236,138
120000080,135,116,19
120000081,340,84,256
120000082,512,164,348
120000083,61,626,-565
120000084,124,138,-14
120000085,76,62,14
120000086,126,157,-31
120000087,140,135,5
120000088,370,394,-24
120000089,460,107,353
120000090,330,132,198
120000091,892,222,670
120000092,576,131,445
120000093,644,173,471
120000094,211,198,13
120000095,223,131,92
120000096,231,164,67
120000098,377,157,220
120000099,91,209,-118
120000100,303,230,73
120000101,437,108,329
120000102,401,713,-312
120000103,867,375,492
120000104,1857,132,1725
120000105,1958,88,1870
120000106,2449,99,2350
120000107,4414,131,4283
120000108,1360,57,1303
120000109,932,33,899
120000110,11,334,-323
120000111,71,304,-233
120000112,167,756,-589
120000113,106,628,-522
120000114,109,448,-339
120000115,112,402,-290
120000116,126,452,-326
120000117,243,345,-102
120000118,88,31,57
120000119,6,26,-20
120000120,67,54,13
120000121,18,16,2
120000122,89,214,-125
120000123,1084,6596,-5512
120000124,233,450,-217
120000125,459,201,258
120000126,118,437,-319
120000127,391,252,139
120000128,906,1318,-412
120000129,107,125,-18
120000130,344,196,148
120000131,322,218,104
120000134,83,117,-34
120000135,630,322,308
120000137,208,90,118
120000138,1126,62,1064
120000139,180,128,52
120000140,972,57,915
120000141,222,144,78
120000142,635,145,490
120000143,0,33,-33
120000144,106,5,101
120000145,439,0,439
120000146,501,633,-132
120000149,217,199,18
120000150,655,6961,-6306
120000151,375,119,256
120000152,806,91,715
120000153,331,99,232
120000154,225,326,-101
120000155,110,157,-47
120000156,200,1016,-816
120000157,612,101,511
120000158,540,119,421
120000159,953,624,329
120000160,1122,1114,8
120000161,2285,1332,953
120000162,151,208,-57
120000163,631,136,495
120000164,544,41,503
120000165,706,131,575
120000166,1626,125,1501
120000167,30,51,-21
120000168,1,177,-176
120000169,3,367,-364
120000170,7,248,-241
120000171,2,71,-69
120000172,2,134,-132
120000173,32,98,-66
120000174,6,35,-29
120000175,14,46,-32
120000176,29,39,-10
120000177,205,79,126
120000178,19,16,3
120000179,14,7,7
120000180,32,11,21
120000181,1,216,-215
120000182,14,212,-198
120000183,0,137,-137
120000184,48,253,-205
120000186,11,252,-241
120000187,3,51,-48
120000188,9,45,-36
120000190,41,34,7
120000191,67,29,38
120000192,49,6,43
120000193,54,3,51
120000195,14,0,14
120000196,59,3,56
120000197,7,19,-12
120000198,262,5,257
120000199,202,2,200
120000200,191,0,191
120000201,70,97,-27
120000202,0,22,-22
120000203,60,29,31
120000207,1,17,-16
120000208,1,50,-49
120000209,2,13,-11
120000210,24,19,5
120000211,177,1,176
120000212,205,0,205
120000213,175,50,125
120000214,0,33,-33
120000215,0,12,-12
120000216,100,14,86
120000217,136,186,-50
120000218,24,169,-145
120000219,0,154,-154
120000220,1,434,-433
120000225,2096,3,2093
120000226,488,2,486
120000227,671,56,615
120000228,3062,2337,725
120000230,253,23,230
120000231,1165,230,935
120000233,407,8,399
120000235,98,118,-20
120000236,989,1,988
120000237,1,152,-151
120000238,0,95,-95
120000241,897,1980,-1083
120000412,181,4,177
120000413,286,72,214
120000414,203,1,202
120000415,0,25,-25
120000416,61,0,61
120000417,1,38,-37
120000418,325,5,320
120000419,0,33,-33
120000420,91,27,64
120000421,3359,2059,1300
120000422,43,1334,-1291
120000423,0,32,-32
120000424,52,7,45
120000436,52,1014,-962
120000437,22,33,-11
120000438,832,117,715
120000439,142,383,-241
120000443,183,0,183
120000444,1430,163,1267
120000445,1311,646,665
120000446,383,161,222
120000447,430,1,429
120000449,143,0,143
120000450,4,23,-19
120000451,108,36,72
120000452,16,0,16
120000453,0,6,-6
120000454,57,60,-3
120000455,73,15,58
120000456,486,2177,-1691
120000457,180,194,-14
120000458,150,127,23
120000459,103,39,64
120000665,67,137,-70
120000668,47,320,-273
120000669,124,80,44
120000670,38,294,-256
120000671,1017,455,562
120000672,37,131,-94
120900001,193,8,185
120900002,21,86,-65
120900003,35,2,33
120900004,4,67,-63
120900005,62,170,-108
120900006,421,45,376
120900007,16,20,-4
120900008,385,182,203
120900009,122,9,113
120900010,569,113,456
120900011,12,87,-75
120900012,28,773,-745
120900013,302,63,239
120900014,0,109,-109
120900015,841,43,798
120900016,1206,42,1164
120900017,454,37,417
120900018,134,97,37
120900019,259,205,54
120900020,263,323,-60
120900021,478,35,443
120900022,7,70,-63
120900023,484,13,471
120900024,530,165,365
120900025,522,304,218
120900026,22,36,-14
120900027,110,20,90
120900028,567,100,467
120900029,8,783,-775
120900030,1526,174,1352
120900031,397,59,338
120900032,1339,95,1244
120900033,969,34,935
120900034,8,1829,-1821
120900035,17,5,12
120900037,321,0,321
120900038,48,558,-510
120900039,182,26,156
120900040,370,1,369
120900041,7,14,-7
120900042,373,16,357
120900043,94,13,81
120900044,18,221,-203
120900045,56,26,30
120900046,682,0,682
120900047,143,220,-77
120900048,89,8,81
120900049,582,0,582
120900050,518,2051,-1533
120900051,270,57,213
120900052,1007,1,1006
120900053,300,28,272
120900054,289,80,209
120900055,657,1,656
120900056,647,17,630
120900057,157,16,141
120900058,786,1,785
120900059,78,2,76
120900060,62,3,59
120900061,117,34,83
120900062,296,0,296
120900063,787,7,780
120900064,783,0,783
120900065,807,1,806
120900066,449,66,383
120900067,157,43,114
120900068,372,0,372
120900069,394,15,379
120900071,13,0,13
120900072,883,5,878
120900073,817,24,793
120900074,1164,41,1123
120900076,422,0,422
120900077,517,129,388
120900078,769,122,647
120900079,1103,41,1062
120900080,1049,234,815
120900081,1382,257,1125
120900082,220,156,64
120900083,184,25,159
120900084,339,306,33
120900085,13,38,-25
120900086,19,434,-415
120900087,346,75,271
120900088,64,597,-533
120900089,607,2911,-2304
120900090,168,24,144
120900091,177,526,-349
120900092,19,128,-109
120900093,685,54,631
120900094,55,30,25
120900095,110,2,108
120900096,18,56,-38
120900097,190,227,-37
120900098,68,38,30
120900099,13,7,6
120900100,5,40,-35
120900101,22,70,-48
120900102,41,21,20
120900103,28,38,-10
120900104,3,4,-1
120900105,2,155,-153
120900106,200,63,137
120900107,99,30,69
120900108,2,146,-144
120900109,9,77,-68
120900110,4,52,-48
120900111,44,49,-5
120900112,0,118,-118
120900113,8,95,-87
120900114,24,44,-20
120900115,67,154,-87
120900116,544,77,467
120900117,0,99,-99
120900118,12,96,-84
120900119,2091,1131,960
120900120,9,116,-107
120900121,18,135,-117
120900122,772,88,684
120900123,0,90,-90
120900124,0,118,-118
120900125,1,98,-97
120900126,137,168,-31
120900127,1,114,-113
120900128,93,320,-227
120900129,3,90,-87
120900130,10,82,-72
120900131,25,34,-9
120900132,895,65,830
120900133,18,151,-133
120900134,41,137,-96
120900135,5,221,-216
120900136,19,38,-19
120900137,304,16,288
120900138,1,122,-121
120900139,0,144,-144
120900140,2,59,-57
120900141,145,43,102
120900142,1,99,-98
120900143,0,143,-143
120900144,0,47,-47
120900145,45,263,-218
120900146,1,139,-138
120900147,0,2,-2
120900148,41,12,29
120900149,0,72,-72
120900150,42,66,-24
120900151,0,41,-41
120900152,2,2,0
120900153,11,0,11
120900154,0,44,-44
120900155,118,113,5
120900156,99,59,40
120900157,0,0,0
120900158,26,105,-79
120900159,0,16,-16
120900160,2,122,-120
120900161,3,190,-187
120900162,10,202,-192
120900163,10,150,-140
120900164,0,33,-33
120900165,0,55,-55
120900166,4,242,-238
120900167,49,17,32
120900169,43,34,9
120900170,147,3257,-3110
120900171,146,63,83
120900172,34,307,-273
120900173,0,18,-18
120900174,0,10,-10
120900175,50,21,29
120900176,2,208,-206
120900177,1,909,-908
120900178,0,385,-385
120900179,55,42,13
120900180,22,85,-63
120900181,2,7,-5
120900182,7,24,-17
120900183,200,27,173
120900184,57,35,22
120900185,69,469,-400
120900186,0,65,-65
120900187,348,182,166
120900188,261,33,228
120900189,13,2011,-1998
120900190,125,2,123
120900191,68,0,68
120900192,2930,8492,-5562
120900194,70,24,46
120900195,45,34,11
120900196,129,5,124
120900197,688,20,668
120900198,32,253,-221
120900199,154,201,-47
120900200,22,41,-19
120900201,174,31,143
120900202,0,25,-25
120900203,30,8,22
120900204,40,59,-19
120900205,21,10,11
120900206,35,6,29
120900207,9,179,-170
121000001,418,461,-43
121000002,657,993,-336
121000003,2023,1086,937
121000004,669,1664,-995
121000005,1493,1990,-497
121000006,924,1398,-474
121000007,1145,2061,-916
121000008,1595,1976,-381
121000009,2459,3200,-741
121000010,2080,1884,196
121000011,2309,2930,-621
121000012,4097,1986,2111
121000013,2753,2695,58
121000014,2246,1637,609
121000015,2315,3470,-1155
121000016,1463,978,485
121000017,989,1271,-282
121000018,1299,788,511
121000019,2846,3944,-1098
121000020,4420,6765,-2345
121000021,599,534,65
121000022,973,1692,-719
121000023,963,372,591
121000024,1889,2366,-477
121000025,117,453,-336
121000026,89,77,12
121000027,814,636,178
121000028,254,427,-173
121000029,240,293,-53
121000030,171,249,-78
121000031,162,226,-64
121000032,52,114,-62
121000034,62,154,-92
121000035,35,136,-101
121000036,517,485,32
121000037,217,700,-483
121000038,170,377,-207
121000039,46,123,-77
121000041,120,354,-234
121000042,105,238,-133
121000043,167,475,-308
121000044,396,366,30
121000045,214,254,-40
121000046,273,289,-16
121000047,16,85,-69
121000049,477,421,56
121000050,70,989,-919
121000051,308,115,193
121000052,130,828,-698
121000053,105,128,-23
121000054,27,180,-153
121000055,358,810,-452
121000056,397,770,-373
121000057,50,163,-113
121000058,99,40,59
121000059,2180,492,1688
121000060,565,603,-38
121000061,10,402,-392
121000062,18,192,-174
121000063,538,721,-183
121000064,455,364,91
121000065,111,236,-125
121000066,174,240,-66
121000067,231,205,26
121000068,157,379,-222
121000069,72,932,-860
121000070,294,360,-66
121000071,648,851,-203
121000072,246,149,97
121000073,402,470,-68
121000074,36,129,-93
121000075,2,29,-27
121000076,151,68,83
121000077,46,83,-37
121000078,14,175,-161
121000080,404,223,181
121000081,811,1692,-881
121000082,86,90,-4
121000083,60,39,21
121000084,72,184,-112
121000085,109,118,-9
121000086,310,239,71
121000087,19,105,-86
121000088,234,124,110
121000089,77,198,-121
121000090,110,231,-121
121000091,388,441,-53
121000092,112,23,89
121000093,113,66,47
121000094,152,259,-107
121000095,115,472,-357
121000096,2301,521,1780
121000097,192,712,-520
121000098,166,225,-59
121000099,344,212,132
121000100,617,95,522
121000101,134,42,92
121000102,192,23,169
121000103,70,69,1
121000104,178,22,156
121000105,112,26,86
121000106,54,93,-39
121000107,847,1153,-306
121000109,417,692,-275
121000110,96,323,-227
121000114,1224,853,371
121000115,439,195,244
121000116,142,140,2
121000117,187,75,112
121000118,814,55,759
121000119,198,152,46
121000120,186,363,-177
121000121,297,2172,-1875
121000123,227,152,75
121000127,38,96,-58
121000128,606,120,486
121000129,598,104,494
121000130,208,1017,-809
121000131,483,460,23
121000132,144,720,-576
121000135,65,170,-105
121000136,286,924,-638
121000137,151,217,-66
121000138,198,2352,-2154
121000139,37,370,-333
121000141,180,40,140
121000142,172,355,-183
121000143,4,7,-3
121000144,153,575,-422
121000145,250,304,-54
121000146,373,655,-282
121000147,593,243,350
121000148,255,213,42
121000149,984,888,96
121000152,153,140,13
121000153,808,219,589
121000154,637,224,413
121000155,1390,343,1047
121000156,179,316,-137
121000157,277,385,-108
121000158,166,148,18
121000159,125,155,-30
121000160,221,111,110
121000161,120,179,-59
121000162,98,42,56
121000165,391,1157,-766
121000166,17,290,-273
121000168,181,307,-126
121000169,24,153,-129
121000170,138,26,112
121000171,100,95,5
121000172,440,281,159
121000173,798,657,141
121000174,393,386,7
121000175,726,207,519
121000176,177,214,-37
121000177,341,314,27
121000178,86,34,52
121000179,76,33,43
121000181,54,188,-134
121000182,135,452,-317
121000183,15,241,-226
121000184,16,211,-195
121000185,20,354,-334
121000186,133,475,-342
121000187,196,37,159
121000188,95,15,80
121000192,282,237,45
121000193,344,107,237
121000194,718,778,-60
121000195,188,491,-303
121000196,220,125,95
121000197,73,162,-89
121000198,37,129,-92
121000199,89,109,-20
121000200,316,73,243
121000201,2,128,-126
121000202,345,37,308
121000203,264,553,-289
121000204,1812,312,1500
121000205,141,152,-11
121000206,34,84,-50
121000207,1289,642,647
121000208,0,212,-212
121000209,664,51,613
121000210,451,198,253
121000211,187,30,157
121000212,261,263,-2
121000213,5347,1452,3895
121000214,328,842,-514
121000215,459,519,-60
121000216,219,292,-73
121000217,1597,2165,-568
121000218,289,694,-405
121000219,603,240,363
121000220,176,44,132
121000221,211,321,-110
121000222,2377,1958,419
121000223,123,382,-259
121000224,67,192,-125
121000225,209,3111,-2902
121000226,541,1291,-750
121000227,10,140,-130
121000228,10,174,-164
121000229,149,180,-31
121000230,64,620,-556
121000231,960,34,926
121000232,181,81,100
121000233,398,162,236
121000234,1,29,-28
121000235,29,81,-52
121000236,1,25,-24
121000237,8,17,-9
121000238,0,18,-18
121000239,52,2,50
121000240,1,55,-54
121000241,35,0,35
121000242,4,88,-84
121000243,92,20,72
121000244,0,19,-19
121000245,8,8,0
121000246,0,40,-40
121000247,96,1,95
121000248,140,205,-65
121000249,22,121,-99
121000250,402,450,-48
121000251,4,246,-242
121000252,64,29,35
121000253,179,322,-143
121000254,684,264,420
121000255,30,378,-348
121000256,165,256,-91
121000257,4,161,-157
121000258,8,163,-155
121000259,7,109,-102
121000260,3,68,-65
121000261,24,235,-211
121000262,499,235,264
121000263,219,229,-10
121000271,356,634,-278
121000273,22,9,13
121000274,7,115,-108
121000275,3,6,-3
121000276,4,71,-67
121000278,55,15,40
121000279,30,28,2
121000280,8,61,-53
121000289,221,34,187
121000290,385,606,-221
121000294,124,26,98
121000297,134,497,-363
121000299,74,784,-710
121000300,555,270,285
121000302,6,520,-514
121000303,211,127,84
121000304,263,29,234
121000305,158,37,121
121000306,118,56,62
121000308,36,55,-19
121000309,66,144,-78
121000310,25,46,-21
121000311,31,84,-53
121000312,153,129,24
121000313,93,71,22
121000314,4,21,-17
121000315,1,49,-48
121000530,1053,859,194
121000531,1042,761,281
121000532,2557,3153,-596
121000533,1902,1281,621
121000918,7,70,-63
121000919,42,45,-3
121000938,15,47,-32
121000939,21,110,-89
121000956,1008,642,366
121000957,13,18,-5
121000958,6,63,-57
121000959,664,261,403
121000960,899,426,473
121000961,171,9,162
121000962,136,94,42
121000963,0,0,0
121000973,0,141,-141
121000976,0,8,-8
121000979,87,108,-21
121000981,262,21,241
121000982,398,213,185
121000983,316,54,262
121000984,3,18,-15
121000985,653,341,312
121000986,443,40,403
121000987,96,219,-123
121000988,744,41,703
121001302,49,52,-3
121001308,0,14,-14
121001309,9,343,-334
121001313,124,85,39
121001314,593,950,-357
121001315,2520,1942,578
121001326,219,157,62
121900001,63,249,-186
121900002,17,0,17
121900003,87,13,74
121900004,9,182,-173
121900005,7,0,7
121900006,39,4,35
121900007,1456,622,834
121900008,26,29,-3
121900009,504,78,426
121900010,29,1,28
121900011,163,69,94
121900012,11,0,11
121900013,37,14,23
121900014,665,101,564
121900015,178,62,116
121900016,8,2,6
121900017,112,286,-174
121900018,132,4,128
121900019,175,50,125
121900020,21,6,15
121900021,534,3,531
121900022,48,70,-22
121900023,43,254,-211
121900024,66,67,-1
121900025,220,78,142
121900026,126,12,114
121900027,124,61,63
121900028,86,0,86
121900029,17,273,-256
121900030,139,153,-14
121900031,313,2727,-2414
121900032,46,6,40
121900033,76,76,0
121900034,157,51,106
121900035,1337,588,749
121900036,39,336,-297
121900037,60,479,-419
121900038,14,15,-1
121900039,122,1,121
121900040,23,15,8
121900041,54,187,-133
121900042,207,71,136
121900043,1,1,0
121900044,12,28,-16
121900046,40,67,-27
121900047,24,63,-39
121900048,14,14,0
121900050,24,1,23
121900051,89,212,-123
121900052,31,31,0
121900053,191,127,64
121900054,136,322,-186
121900055,0,11,-11
121900058,112,33,79
121900059,61,47,14
121900060,61,138,-77
121900061,50,1386,-1336
121900062,55,45,10
121900063,837,165,672
121900064,144,229,-85
121900066,21,27,-6
121900067,17,2,15
121900069,89,44,45
121900070,35,120,-85
121900071,352,87,265
121900072,32,10,22
121900073,25,132,-107
121900074,156,234,-78
121900075,121,282,-161
121900076,214,294,-80
121900078,27,46,-19
121900079,0,0,0
121900080,215,96,119
121900082,33,22,11
121900084,25,4,21
121900086,20,13,7
121900087,18,38,-20
121900088,327,539,-212
121900089,104,83,21
121900090,3,1,2
121900091,15,10,5
121900092,49,55,-6
121900093,28,25,3
121900094,2,6,-4
121900095,145,102,43
121900096,368,213,155
121900097,158,68,90
121900098,1,0,1
121900099,128,37,91
121900100,5,63,-58
121900101,58,31,27
121900102,0,12,-12
121900103,137,154,-17
121900104,831,126,705
121900105,65,51,14
121900106,0,2,-2
121900107,32,15,17
121900108,0,0,0
121900109,101,30,71
121900110,344,73,271
121900111,70,65,5
121900112,33,37,-4
121900113,18,88,-70
121900114,4,4,0
121900117,3,14,-11
121900118,400,48,352
121900119,99,5,94
121900120,3,113,-110
121900121,23,1,22
121900122,9,18,-9
121900123,104,125,-21
121900124,34,39,-5
121900125,549,220,329
121900127,1,110,-109
121900128,13,7,6
121900129,80,60,20
121900130,26,685,-659
121900131,50,12,38
121900132,18,12,6
121900133,3,252,-249
121900134,4,84,-80
121900135,4304,379,3925
121900136,66,35,31
121900137,2,94,-92
121900138,33,58,-25
121900139,232,1635,-1403
121900140,9,3,6
121900141,40,8,32
121900142,29,9,20
121900143,1,50,-49
121900144,40,133,-93
121900145,27,47,-20
121900146,37,42,-5
121900147,7,77,-70
121900148,33,46,-13
121900149,28,34,-6
121900150,11,24,-13
121900151,2,62,-60
121900152,6,7,-1
121900153,5,73,-68
121900154,0,69,-69
121900155,0,33,-33
121900156,21,13,8
121900157,0,13,-13
121900158,9,13,-4
121900159,0,19,-19
121900160,4,39,-35
121900161,21,111,-90
121900162,31,11,20
121900163,200,117,83
121900164,35,64,-29
121900165,36,30,6
121900166,150,41,109
121900167,67,0,67
121900168,27,3,24
121900169,0,0,0
121900170,7,20,-13
121900171,344,160,184
121900172,198,70,128
121900173,122,105,17
121900174,29,8,21
121900175,9,122,-113
121900176,176,439,-263
121900177,20,19,1
121900178,8,8,0
121900179,76,95,-19
121900180,547,3315,-2768
121900182,232,185,47
121900183,68,1302,-1234
121900184,49,885,-836
121900186,13,226,-213
121900187,3,37,-34
121900188,675,77,598
121900189,2,8,-6
121900190,54,237,-183
121900191,6,171,-165
121900192,84,893,-809
121900193,1,57,-56
121900194,1,87,-86
121900195,0,16,-16
121900196,88,480,-392
121900197,89,329,-240
121900198,3649,472,3177
121900199,0,23,-23
121900200,0,42,-42
121900201,124,241,-117
121900202,11,231,-220
121900203,19,303,-284
121900204,279,331,-52
121900205,12,29,-17
121900206,4,43,-39
121900207,20,16,4
121900208,44,206,-162
121900209,6,15,-9
121900210,544,332,212
121900211,222,110,112
121900212,12,40,-28
121900213,112,25,87
121900214,0,222,-222
121900215,8,79,-71
121900216,8,124,-116
121900217,47,65,-18
121900218,107,150,-43
121900220,37,2,35
121900221,172,123,49
121900222,83,26,57
121900223,19,43,-24
121900224,21,23,-2
121900225,23,102,-79
121900226,45,3,42
121900227,78,262,-184
121900228,26,33,-7
121900230,24,97,-73
121900231,26,149,-123
121900232,44,115,-71
121900233,30,57,-27
121900234,32,54,-22
121900235,225,41,184
121900236,78,17,61
121900237,38,93,-55
121900238,32,72,-40
121900239,37,9,28
121900240,49,25,24
121900241,4,7,-3
121900242,0,0,0
121900243,0,0,0
121900244,1,0,1
121900245,54,21,33
121900246,1879,142,1737
121900248,203,215,-12
121900250,34,192,-158
121900251,158,41,117
121900252,68,58,10
121900253,22,466,-444
121900254,33,52,-19
121900255,185,18,167
121900258,2098,693,1405
121900259,31,155,-124
121900260,41,4,37
121900261,38,192,-154
121900262,78,157,-79
121900263,31,42,-11
121900264,189,142,47
121900265,97,19,78
121900266,239,27,212
121900267,26,15,11
121900269,79,254,-175
121900270,22,77,-55
121900271,2,399,-397
121900273,172,927,-755
121900274,193,89,104
121900277,80,200,-120
121900278,23,333,-310
121900279,45,68,-23
121900280,18,180,-162
121900281,51,97,-46
121900284,19,0,19
121900286,69,19,50
121900287,4,4,0
121900288,0,1,-1
121900290,12,160,-148
121900291,169,252,-83
121900292,48,67,-19
121900293,312,1296,-984
121900294,66,1,65
121900295,27,20,7
121900296,72,101,-29
121900298,58,343,-285
121900299,0,57,-57
121900300,23,52,-29
121900301,43,0,43
121900302,2,60,-58
121900303,42,89,-47
121900304,1,4,-3
121900305,2,3,-1
121900306,216,0,216
121900307,114,6,108
121900308,9,36,-27
121900309,1,27,-26
121900310,6,91,-85
121900311,267,2,265
121900312,156,7,149
121900313,180,2,178
121900314,1,3,-2
121900315,7,0,7
121900316,0,4,-4
121900317,9,20,-11
121900318,0,12,-12
121900319,29,86,-57
121900320,34,13,21
121900321,3,1,2
121900322,0,2,-2
121900323,18,30,-12
121900324,0,3,-3
121900325,3,1,2
121900326,3,18,-15
121900327,0,11,-11
121900328,0,2,-2
121900329,0,18,-18
121900330,0,37,-37
121900331,8,48,-40
121900332,27,11,16
121900333,26,1,25
121900334,13,15,-2
122000001,494,936,-442
122000002,963,245,718
122000003,309,617,-308
122000004,306,390,-84
122000005,1574,1360,214
122000006,209,482,-273
122000007,159,513,-354
122000008,332,860,-528
122000009,71,94,-23
122000010,876,958,-82
122000011,844,496,348
122000012,262,543,-281
122000013,190,658,-468
122000014,1689,560,1129
122000015,353,343,10
122000016,161,262,-101
122000017,372,682,-310
122000018,593,825,-232
122000019,267,935,-668
122000020,86,113,-27
122000021,59,115,-56
122000022,276,483,-207
122000023,178,497,-319
122000024,184,631,-447
122000025,274,629,-355
122000026,267,338,-71
122000027,185,283,-98
122000028,424,247,177
122000029,88,215,-127
122000030,105,27,78
122000031,50,318,-268
122000032,816,712,104
122000033,120,527,-407
122000034,96,318,-222
122000035,47,197,-150
122000036,117,149,-32
122000037,230,100,130
122000038,125,150,-25
122000039,278,178,100
122000040,139,59,80
122000041,216,635,-419
122000042,241,503,-262
122000043,82,68,14
122000044,33,60,-27
122000045,428,267,161
122000046,216,285,-69
122000047,71,59,12
122000048,946,1601,-655
122000049,2142,1206,936
122000050,245,354,-109
122000051,50,423,-373
122000052,167,422,-255
122000053,133,1056,-923
122000054,1046,772,274
122000055,1127,1827,-700
122000056,1167,1131,36
122000057,882,1521,-639
122000058,309,782,-473
122000059,293,928,-635
122000060,188,290,-102
122000061,116,179,-63
122000062,354,102,252
122000063,144,500,-356
122000064,1353,2443,-1090
122000065,1211,1259,-48
122000066,98,230,-132
122000067,517,1064,-547
122000068,646,764,-118
122000069,404,378,26
122000070,235,560,-325
122000071,1426,516,910
122000072,118,223,-105
122000073,20,332,-312
122000074,775,579,196
122000075,363,273,90
122000076,1227,437,790
122000077,272,803,-531
122000078,323,903,-580
122000079,157,777,-620
122000080,169,183,-14
122000081,33,169,-136
122000082,128,487,-359
122000083,1358,470,888
122000084,1191,394,797
122000085,70,292,-222
122000086,925,2906,-1981
122000087,184,143,41
122000088,55,177,-122
122000089,1711,1340,371
122000090,72,438,-366
122000091,68,180,-112
122000092,61,48,13
122000093,670,1592,-922
122000094,2517,1270,1247
122000095,414,1378,-964
122000096,248,804,-556
122000098,1281,2242,-961
122000099,196,782,-586
122000100,388,160,228
122000101,70,178,-108
122000102,728,369,359
122000103,400,650,-250
122000104,320,160,160
122000105,103,196,-93
122000106,173,563,-390
122000107,577,271,306
122000108,179,349,-170
122000109,97,114,-17
122000110,142,321,-179
122000111,764,484,280
122000112,454,696,-242
122000113,238,146,92
122000114,430,1531,-1101
122000115,750,1046,-296
122000116,61,201,-140
122000117,205,192,13
122000118,346,72,274
122000119,484,395,89
122000120,236,475,-239
122000121,343,569,-226
122000122,90,296,-206
122000123,348,608,-260
122000124,190,152,38
122000125,85,207,-122
122000126,82,205,-123
122000127,110,109,1
122000128,177,139,38
122000129,126,748,-622
122000130,828,286,542
122000131,373,152,221
122000132,127,117,10
122000133,304,218,86
122000134,418,564,-146
122000135,257,179,78
122000136,213,205,8
122000137,677,189,488
122000139,294,831,-537
122000140,68,315,-247
122000141,1790,561,1229
122000142,45,724,-679
122000143,164,234,-70
122000144,673,252,421
122000145,277,207,70
122000146,116,876,-760
122000147,96,246,-150
122000148,180,347,-167
122000149,534,159,375
122000150,703,290,413
122000151,16,92,-76
122000152,85,52,33
122000153,114,59,55
122000154,54,103,-49
122000155,431,668,-237
122000156,1828,1537,291
122000157,384,2032,-1648
122000158,113,226,-113
122000159,501,406,95
122000160,742,304,438
122000161,450,264,186
122000162,210,424,-214
122000163,124,45,79
122000164,7,76,-69
122000165,215,669,-454
122000166,213,1001,-788
122000167,106,181,-75
122000168,88,965,-877
122000169,215,46,169
122000170,111,139,-28
122000171,8,42,-34
122000172,822,576,246
122000173,779,1038,-259
122000174,333,1241,-908
122000175,235,135,100
122000176,107,1484,-1377
122000177,478,819,-341
122000178,1484,1126,358
122000179,990,1438,-448
122000180,291,555,-264
122000181,270,765,-495
122000182,363,379,-16
122000183,575,309,266
122000184,1260,1060,200
122000185,315,825,-510
122000186,170,297,-127
122000187,797,314,483
122000188,104,74,30
122000189,74,80,-6
122000190,417,685,-268
122000191,218,241,-23
122000192,521,165,356
122000193,199,367,-168
122000194,226,84,142
122000195,61,481,-420
122000196,427,156,271
122000197,202,347,-145
122000198,149,714,-565
122000199,175,89,86
122000200,337,240,97
122000201,362,1483,-1121
122000202,313,1205,-892
122000203,816,410,406
122000204,397,437,-40
122000205,177,248,-71
122000206,1446,451,995
122000207,1124,768,356
122000208,899,514,385
122000209,741,119,622
122000210,570,549,21
122000211,427,569,-142
122000212,284,336,-52
122000213,246,660,-414
122000214,778,768,10
122000215,1182,1003,179
122000217,548,575,-27
122000218,256,53,203
122000219,597,220,377
122000220,101,313,-212
122000221,66,338,-272
122000222,193,57,136
122000223,174,264,-90
122000225,253,169,84
122000226,626,628,-2
122000227,32,387,-355
122000228,67,93,-26
122000229,28,208,-180
122000230,12,190,-178
122000231,93,275,-182
122000232,142,290,-148
122000233,0,66,-66
122000234,319,69,250
122000235,250,68,182
122000236,715,40,675
122000237,47,35,12
122000238,49,294,-245
122000239,239,87,152
122000240,526,139,387
122000241,864,117,747
122000242,155,13,142
122000243,127,39,88
122000244,45,108,-63
122000245,67,48,19
122000246,244,132,112
122000247,138,195,-57
122000248,462,429,33
122000249,654,439,215
122000250,701,405,296
122000251,14,40,-26
122000252,94,42,52
122000253,11,29,-18
122000254,119,33,86
122000255,212,477,-265
122000256,145,349,-204
122000257,196,301,-105
122000258,102,212,-110
122000259,12,242,-230
122000260,7,271,-264
122000261,17,158,-141
122000262,0,45,-45
122000263,32,108,-76
122000264,738,143,595
122000265,1080,319,761
122000266,1676,247,1429
122000267,11,88,-77
122000268,36,46,-10
122000269,441,110,331
122000270,166,71,95
122000271,70,336,-266
122000272,87,76,11
122000273,115,113,2
122000274,78,199,-121
122000275,23,41,-18
122000276,706,290,416
122000277,400,1121,-721
122000278,855,120,735
122000279,91,104,-13
122000280,220,125,95
122000281,316,109,207
122000282,29,676,-647
122000283,20,133,-113
122000284,37,38,-1
122000285,239,46,193
122000286,19,124,-105
122000287,805,1312,-507
122000288,169,181,-12
122000291,1003,306,697
122000293,60,62,-2
122000294,43,214,-171
122000295,804,138,666
122000296,44,670,-626
122000297,920,2933,-2013
122000299,247,128,119
122000300,87,260,-173
122000301,3186,2538,648
122000302,148,1466,-1318
122000303,705,392,313
122000304,14,159,-145
122000305,961,335,626
122000306,48,212,-164
122000307,43,55,-12
122000309,25,88,-63
122000310,11,103,-92
122000311,53,76,-23
122000312,77,164,-87
122000313,18,154,-136
122000314,125,271,-146
122000315,107,13,94
122000316,688,170,518
122000317,1465,162,1303
122000318,107,498,-391
122000319,98,209,-111
122000320,119,270,-151
122000321,43,37,6
122000322,546,556,-10
122000323,203,529,-326
122000324,495,1067,-572
122000325,353,577,-224
122000326,91,83,8
122000327,123,282,-159
122000328,289,159,130
122000330,852,510,342
122000332,124,489,-365
122000333,38,54,-16
122000337,531,236,295
122000338,245,49,196
122000340,53,629,-576
122000342,729,388,341
122000343,357,183,174
122000344,63,8,55
122000345,10,31,-21
122000346,61,30,31
122000348,212,300,-88
122000349,37,88,-51
122000351,96,132,-36
122000352,159,45,114
122000353,9,17,-8
122000355,68,241,-173
122000356,141,415,-274
122000357,52,6,46
122000358,0,4,-4
122000359,0,9,-9
122000360,0,0,0
122000362,1,12,-11
122000364,152,97,55
122000365,0,15,-15
122000366,33,3,30
122000368,214,116,98
122000370,6,11,-5
122000371,40,0,40
122000372,1,1,0
122000381,95,138,-43
122000382,7,141,-134
122000384,494,492,2
122000385,35,0,35
122000386,81,556,-475
122000387,95,430,-335
122000388,459,356,103
122000389,105,204,-99
122000390,106,175,-69
122000391,22,650,-628
122000392,61,61,0
122000393,5,457,-452
122000394,281,127,154
122000395,59,79,-20
122000396,173,10,163
122000397,21,52,-31
122000398,2,143,-141
122000399,77,55,22
122000400,8,259,-251
122000401,26,18,8
122000402,308,53,255
122000403,128,175,-47
122000404,164,84,80
122000408,174,547,-373
122000503,7,37,-30
122000524,54,82,-28
122000544,51,960,-909
122000614,65,68,-3
122000616,53,0,53
122000640,109,29,80
122000641,63,124,-61
122000642,894,258,636
122000643,31,139,-108
122000644,73,25,48
122000645,13,90,-77
122000651,173,576,-403
122000664,62,16,46
122000665,289,140,149
122000666,102,228,-126
122000673,28,89,-61
122000674,351,119,232
122000675,1462,413,1049
122000686,289,475,-186
122000687,1196,126,1070
122000688,243,192,51
122000689,721,93,628
122000690,2119,81,2038
122000691,793,306,487
122000692,847,46,801
122000693,163,474,-311
122000695,288,113,175
122000696,322,28,294
122000698,133,102,31
122000699,251,23,228
122000701,1047,134,913
122000702,237,627,-390
122000703,41,31,10
122000712,0,0,0
122000717,13,104,-91
122000718,109,1714,-1605
122000719,21,30,-9
122000720,567,39,528
122000724,49,60,-11
122900001,18,11,7
122900002,254,3272,-3018
122900003,196,8,188
122900004,2035,91,1944
122900005,17,151,-134
122900006,87,1046,-959
122900007,38,57,-19
122900008,131,269,-138
122900009,113,42,71
122900010,97,35,62
122900012,122,180,-58
122900014,30,23,7
122900015,752,230,522
122900016,33,36,-3
122900017,153,372,-219
122900018,43,6,37
122900019,11,162,-151
122900020,47,526,-479
122900021,22,163,-141
122900022,617,533,84
122900023,220,57,163
122900024,106,66,40
122900025,1,55,-54
122900026,1,23,-22
122900027,7,427,-420
122900028,46,17,29
122900029,2040,859,1181
122900030,278,21,257
122900031,26,199,-173
122900032,135,109,26
122900033,129,82,47
122900034,1203,1556,-353
122900035,44,32,12
122900036,26,13,13
122900037,169,56,113
122900038,15,1015,-1000
122900039,7,152,-145
122900040,199,310,-111
122900041,28,243,-215
122900042,50,44,6
122900043,119,96,23
122900044,37,153,-116
122900045,21,66,-45
122900046,55,251,-196
122900047,60,17,43
122900048,10,147,-137
122900049,1202,30,1172
122900051,6,124,-118
122900052,133,65,68
122900053,4,24,-20
122900055,62,17,45
122900057,123,7,116
122900061,228,6,222
122900062,177,423,-246
122900063,107,45,62
122900064,558,302,256
122900065,116,110,6
122900066,171,73,98
122900067,206,156,50
122900069,143,663,-520
122900070,270,25,245
122900071,29,66,-37
122900073,25,44,-19
122900074,917,91,826
122900075,0,49,-49
122900076,2,77,-75
122900077,0,9,-9
122900078,141,4,137
122900080,0,14,-14
122900081,100,108,-8
122900082,833,45,788
122900083,12,27,-15
122900084,2,69,-67
122900086,1,20,-19
122900087,252,423,-171
122900088,8,162,-154
122900089,6,239,-233
122900090,0,116,-116
122900091,248,1,247
122900092,0,39,-39
122900093,0,11,-11
122900094,0,50,-50
122900095,118,3,115
122900096,499,105,394
122900097,44,40,4
122900098,3,37,-34
122900099,133,28,105
122900100,8,435,-427
122900101,84,69,15
122900102,61,40,21
122900103,258,1,257
122900104,152,2,150
122900105,4,4,0
122900106,0,5,-5
122900107,0,10,-10
122900108,4,40,-36
122900109,145,41,104
123000001,378,348,30
123000002,1435,3793,-2358
123000003,1921,1720,201
123000004,1402,2015,-613
123000005,1893,1096,797
123000006,1115,973,142
123000007,1606,1278,328
123000008,903,1513,-610
123000009,2103,1891,212
123000010,1635,1909,-274
123000011,832,651,181
123000012,219,1024,-805
123000013,2144,461,1683
123000014,243,1366,-1123
123000015,1421,707,714
123000016,1318,1465,-147
123000017,3740,1681,2059
123000018,143,39,104
123000019,402,16,386
123000020,335,23,312
123000021,255,200,55
123000022,728,1106,-378
123000023,1692,1207,485
123000024,862,457,405
123000025,301,56,245
123000026,30,111,-81
123000027,23,522,-499
123000028,79,2964,-2885
123000029,120,1314,-1194
123000030,164,66,98
123000031,394,116,278
123000032,566,127,439
123000033,161,45,116
123000034,539,445,94
123000035,110,293,-183
123000036,97,490,-393
123000037,63,95,-32
123000038,28,238,-210
123000039,312,1044,-732
123000040,296,115,181
123000041,224,464,-240
123000042,216,317,-101
123000043,660,4671,-4011
123000044,1854,928,926
123000045,1518,621,897
123000046,72,391,-319
123000047,202,430,-228
123000048,28,1047,-1019
123000049,2239,3989,-1750
123000050,838,630,208
123000051,42,98,-56
123000052,312,922,-610
123000053,951,979,-28
123000054,907,952,-45
123000055,1246,2147,-901
123000056,434,289,145
123000057,1677,1930,-253
123000058,264,745,-481
123000059,66,199,-133
123000060,627,253,374
123000061,113,234,-121
123000063,542,359,183
123000064,793,79,714
123000065,1408,1040,368
123000066,110,230,-120
123000067,311,184,127
123000068,639,595,44
123000069,1193,486,707
123000070,77,177,-100
123000071,981,270,711
123000072,447,290,157
123000073,1037,297,740
123000074,453,546,-93
123000075,136,684,-548
123000076,326,143,183
123000077,841,529,312
123000078,1272,428,844
123000079,1091,464,627
123000080,1152,289,863
123000081,71,124,-53
123000082,74,305,-231
123000083,546,82,464
123000084,410,249,161
123000085,404,39,365
123000086,547,35,512
123000087,256,113,143
123000088,584,248,336
123000089,506,348,158
123000090,613,326,287
123000091,783,541,242
123000092,416,444,-28
123000094,277,54,223
123000095,552,150,402
123000096,461,128,333
123000097,357,96,261
123000098,509,127,382
123000099,294,133,161
123000100,173,458,-285
123000101,220,118,102
123000102,316,628,-312
123000104,144,188,-44
123000105,173,70,103
123000106,294,127,167
123000107,105,63,42
123000108,231,343,-112
123000111,564,68,496
123000112,606,80,526
123000113,211,160,51
123000114,107,218,-111
123000115,114,212,-98
123000116,70,49,21
123000117,1018,502,516
123000118,240,147,93
123000119,161,109,52
123000120,74,162,-88
123000121,361,242,119
123000122,127,124,3
123000123,256,197,59
123000124,207,113,94
123000125,578,427,151
123000126,759,2679,-1920
123000127,264,174,90
123000128,125,117,8
123000129,766,26,740
123000130,600,24,576
123000131,877,381,496
123000132,172,231,-59
123000133,99,64,35
123000134,155,15,140
123000135,995,163,832
123000136,82,147,-65
123000137,38,97,-59
123000138,47,88,-41
123000139,395,44,351
123000140,18,99,-81
123000141,188,26,162
123000142,696,474,222
123000143,420,755,-335
123000144,1,13,-12
123000145,90,481,-391
123000146,9,238,-229
123000147,23,230,-207
123000149,172,185,-13
123000150,32,109,-77
123000151,115,321,-206
123000152,14,93,-79
123000153,35,489,-454
123000154,638,1285,-647
123000155,734,961,-227
123000156,4,23,-19
123000157,267,399,-132
123000158,167,360,-193
123000159,931,2138,-1207
123000160,485,745,-260
123000161,659,621,38
123000162,724,1035,-311
123000163,416,97,319
123000164,1403,46,1357
123000165,104,361,-257
123000166,9,15,-6
123000167,73,47,26
123000168,193,76,117
123000169,542,24,518
123000170,70,7,63
123000171,818,10,808
123000172,20,146,-126
123000173,305,106,199
123000174,398,220,178
123000175,71,287,-216
123000176,456,132,324
123000177,111,245,-134
123000178,538,76,462
123000179,6,262,-256
123000180,829,181,648
123000181,30,301,-271
123000183,85,254,-169
123000184,17,161,-144
123000186,1,157,-156
123000187,433,15,418
123000188,304,4,300
123000189,760,64,696
123000190,47,177,-130
123000192,1,106,-105
123000193,7,150,-143
123000194,170,141,29
123000195,271,11,260
123000196,317,6,311
123000197,41,28,13
123000198,17,396,-379
123000199,2,302,-300
123000200,475,3,472
123000201,893,12,881
123000202,4,163,-159
123000203,826,12,814
123000204,35,267,-232
123000205,84,297,-213
123000206,2071,154,1917
123000207,41,357,-316
123000208,584,42,542
123000209,1402,225,1177
123000210,58,464,-406
123000211,138,533,-395
123000212,2805,176,2629
123000213,343,36,307
123000215,87,127,-40
123000216,78,636,-558
123000217,136,17,119
123000218,70,168,-98
123000219,272,70,202
123000220,239,58,181
123000221,76,31,45
123000222,141,125,16
123000223,366,109,257
123000224,291,126,165
123000225,177,25,152
123000226,115,80,35
123000227,48,42,6
123000228,241,11,230
123000229,304,218,86
123000232,27,91,-64
123000233,549,35,514
123000234,142,149,-7
123000235,652,140,512
123000236,93,226,-133
123000237,359,60,299
123000238,16,60,-44
123000239,157,213,-56
123000240,35,407,-372
123000241,100,17,83
123000242,39,75,-36
123000243,433,449,-16
123000244,401,229,172
123000245,0,49,-49
123000249,197,270,-73
123000252,439,71,368
123000253,949,242,707
123000254,366,197,169
123000255,357,315,42
123000256,6,54,-48
123000257,574,413,161
123000258,648,307,341
123000259,374,337,37
123000260,426,45,381
123000261,192,46,146
123000262,28,27,1
123000263,340,13,327
123000264,161,36,125
123000265,7,20,-13
123000266,244,211,33
123000267,518,103,415
123000268,16,7,9
123000269,23,47,-24
123000270,25,53,-28
123000271,22,26,-4
123000272,373,141,232
123000273,177,746,-569
123000274,809,398,411
123000275,107,290,-183
123000278,694,1426,-732
123000279,144,33,111
123000280,159,114,45
123000281,115,24,91
123000282,20,126,-106
123000283,230,25,205
123000284,17,19,-2
123000286,59,180,-121
123000287,103,111,-8
123000288,339,651,-312
123000289,69,848,-779
123000291,27,280,-253
123000294,170,192,-22
123000295,495,1204,-709
123000296,565,715,-150
123000297,501,170,331
123000298,880,172,708
123000299,110,143,-33
123000300,919,413,506
123000301,72,191,-119
123000302,192,36,156
123000303,37,603,-566
123000305,227,317,-90
123000306,169,10,159
123000309,9,35,-26
123000310,88,11,77
123000311,0,43,-43
123000312,623,310,313
123000313,743,525,218
123000315,261,46,215
123000316,792,253,539
123000317,128,120,8
123000318,20,99,-79
123000329,4,7,-3
123000337,145,733,-588
123000338,79,270,-191
123000339,296,32,264
123000340,32,109,-77
123000342,3,25,-22
123000343,110,3,107
123000344,257,33,224
123000345,68,100,-32
123000346,504,32,472
123000352,332,308,24
123000353,65,15,50
123000354,352,0,352
123000355,1,664,-663
123000356,217,1,216
123000357,0,35,-35
123000359,2,17,-15
123000360,88,87,1
123000361,409,89,320
123000362,156,27,129
123000363,117,49,68
123000364,204,174,30
123000365,9,138,-129
123000366,138,964,-826
123000367,184,230,-46
123000370,9,26,-17
123000371,479,18,461
123000372,198,4,194
123000373,0,39,-39
123000374,1,10,-9
123000375,303,32,271
123000376,583,358,225
123000377,401,1,400
123000378,1,68,-67
123000379,0,118,-118
123000380,0,83,-83
123000381,59,130,-71
123000382,451,100,351
123000383,23,246,-223
123000384,546,145,401
123000385,25,74,-49
123000436,30,566,-536
123000507,65,114,-49
123000508,106,1101,-995
123000517,64,4,60
123000518,23,36,-13
123000519,56,29,27
123000520,29,42,-13
123000521,239,52,187
123000522,49,76,-27
123000541,10,8,2
123000542,0,0,0
123000565,797,27,770
123000566,268,208,60
123000567,115,100,15
123000573,3,56,-53
123000574,614,57,557
123000575,1640,64,1576
123000576,466,231,235
123000577,7,123,-116
123000578,232,85,147
123000579,613,2795,-2182
123000580,81,43,38
123000582,399,7,392
123000583,9,116,-107
123000584,139,132,7
123000585,0,8,-8
123000586,114,11,103
123000596,49,23,26
123000597,64,71,-7
123000602,53,20,33
123000603,893,482,411
123000604,456,168,288
123000605,222,3,219
123000606,0,16,-16
123000609,22,150,-128
123000610,32,52,-20
123000613,50,33,17
123000614,208,25,183
123000615,31,95,-64
123000616,623,19,604
123000617,47,65,-18
123000618,21,182,-161
123000619,268,22,246
123000620,4,111,-107
123000622,289,4,285
123000624,235,28,207
123000630,1521,240,1281
123000631,58,301,-243
123000632,350,181,169
123000633,30,183,-153
123000634,15,223,-208
123000635,8,45,-37
123000636,200,453,-253
123000637,152,9,143
123000638,420,170,250
123000639,685,3632,-2947
123000640,23,150,-127
123000648,341,11,330
123000649,11,113,-102
123000650,486,325,161
123000651,99,112,-13
123900001,669,28,641
123900002,21,505,-484
123900003,33,126,-93
123900005,156,143,13
123900006,221,29,192
124000001,1315,180,1135
124000002,7,320,-313
124000003,887,71,816
124000004,13,77,-64
124000005,836,818,18
124000006,32,120,-88
124000007,468,81,387
124000008,40,179,-139
124000009,787,211,576
124000010,100,195,-95
124000011,601,151,450
124000012,56,263,-207
124000017,165,55,110
124000018,7,17,-10
124000019,135,22,113
124000020,5,14,-9
124000021,93,48,45
124000022,21,14,7
124000023,684,756,-72
124000024,523,172,351
124000025,669,862,-193
124000026,764,752,12
124000027,1994,1352,642
124000028,934,2963,-2029
124000030,735,218,517
124000031,644,5159,-4515
124000032,710,285,425
124000033,583,794,-211
124000034,122,283,-161
124000035,224,70,154
124000036,28,150,-122
124000037,95,283,-188
124000038,0,12,-12
124000039,119,65,54
124000040,61,231,-170
124000041,450,14,436
124000042,120,43,77
124000043,108,30,78
124000044,25,25,0
124000045,818,94,724
124000046,69,210,-141
124000047,1458,134,1324
124000048,363,210,153
124000049,1417,155,1262
124000050,327,452,-125
124000051,1184,158,1026
124000052,296,259,37
124000053,375,1205,-830
124000054,298,121,177
124000055,577,2264,-1687
124000056,638,216,422
124000057,1134,281,853
124000058,200,323,-123
124000059,572,524,48
124000060,157,376,-219
124000061,645,3285,-2640
124000062,941,506,435
124000063,660,323,337
124000064,633,382,251
124000065,39,30,9
124000066,130,69,61
124000067,100,73,27
124000068,6,68,-62
124000069,408,69,339
124000070,76,58,18
124000071,74,46,28
124000072,31,29,2
124000073,464,47,417
124000074,64,106,-42
124000075,386,41,345
124000076,0,0,0
124000077,77,383,-306
124000078,490,473,17
124000079,50,366,-316
124000080,482,32,450
124000081,58,107,-49
124000082,55,128,-73
124000083,1,27,-26
124000084,25,665,-640
124000085,14,8,6
124000086,12,207,-195
124000087,26,163,-137
124000088,55,118,-63
124000089,364,26,338
124000090,126,84,42
124000091,394,24,370
124000092,138,309,-171
124000093,122,61,61
124000094,17,145,-128
124000095,124,26,98
124000096,63,49,14
124000097,131,55,76
124000098,201,63,138
124000099,135,38,97
124000100,39,182,-143
124000101,94,90,4
124000102,54,13,41
124000103,133,71,62
124000104,38,48,-10
124000105,97,42,55
124000106,26,33,-7
124000107,19,182,-163
124000108,18,10,8
124000109,210,48,162
124000110,89,24,65
124000111,132,83,49
124000112,586,178,408
124000113,92,125,-33
124000114,214,216,-2
124000115,99,306,-207
124000116,81,166,-85
124000117,23,22,1
124000118,7,60,-53
124000119,401,181,220
124000120,314,101,213
124000121,521,263,258
124000122,239,677,-438
124000123,269,150,119
124000124,214,178,36
124000125,217,78,139
124000126,121,90,31
124000127,718,115,603
124000128,340,181,159
124000129,738,394,344
124000130,151,123,28
124000131,474,286,188
124000132,173,192,-19
124000133,695,407,288
124000134,302,174,128
124000135,907,886,21
124000136,142,315,-173
124000137,298,380,-82
124000138,162,304,-142
124000139,339,79,260
124000140,14,288,-274
124000141,952,27,925
124000142,13,156,-143
124000143,57,10,47
124000144,2,51,-49
124000145,113,8,105
124000146,19,29,-10
124000148,2,31,-29
124000149,585,117,468
124000150,134,276,-142
124000151,751,211,540
124000152,221,301,-80
124000153,522,436,86
124000154,249,210,39
124000155,412,261,151
124000156,263,258,5
124000169,64,177,-113
124000170,170,184,-14
124000171,127,148,-21
124000172,152,159,-7
124000173,432,123,309
124000174,371,161,210
124000175,0,0,0
124000176,35,18,17
124000177,0,0,0
124000178,25,32,-7
124000185,24,1,23
124000186,21,11,10
124000187,1,5,-4
124000188,116,5,111
124000190,14,69,-55
124000191,45,280,-235
124000192,415,357,58
124000193,37,847,-810
124000194,108,76,32
124000195,352,185,167
124000196,247,265,-18
124000197,62,12,50
124000198,28,30,-2
124000201,14,287,-273
124000202,416,19,397
124000203,404,77,327
124000204,1145,11,1134
124000205,102,37,65
124000206,1052,84,968
124000207,0,40,-40
124000209,91,22,69
124000210,846,179,667
124000211,794,0,794
124000212,0,28,-28
124000213,370,63,307
124000214,535,43,492
124000215,451,24,427
124000216,10,260,-250
124000329,8,313,-305
124000338,15,272,-257
124000339,1657,10,1647
124000341,1706,20,1686
124000344,49,1,48
124000357,630,1554,-924
124000358,518,1165,-647
124000359,882,396,486
124000360,1029,316,713
124000361,1275,879,396
124000362,509,1395,-886
124000363,219,101,118
124000364,226,197,29
124000365,306,411,-105
124000366,1105,333,772
124000367,24,186,-162
124000368,263,898,-635
124000369,39,40,-1
124000370,8,375,-367
124000402,18,0,18
124000403,136,41,95
124000404,11,24,-13
124000405,466,137,329
124000406,253,96,157
124000407,1,13,-12
124000411,2,77,-75
124000412,327,2,325
124000413,50,81,-31
124000414,132,33,99
124000415,24,51,-27
124000416,59,53,6
124000417,184,48,136
124000418,273,32,241
124000419,86,37,49
124000420,92,17,75
124000421,59,57,2
124000422,17,20,-3
124000423,81,9,72
124000424,6,11,-5
124000425,77,4,73
124000426,1,42,-41
124000427,143,1,142
124000428,2,156,-154
124000429,101,24,77
124000430,415,160,255
124000431,249,72,177
124000432,202,610,-408
124000439,4,21,-17
124000443,0,0,0
124000445,45,1743,-1698
124000446,388,315,73
124000447,10,181,-171
124000448,196,4,192
124000449,315,3,312
124000450,1,43,-42
124000451,0,9,-9
124900001,536,63,473
124900002,70,46,24
124900003,575,122,453
124900004,429,95,334
124900005,77,39,38
124900006,542,113,429
124900008,187,122,65
124900009,25,177,-152
124900010,112,21,91
124900011,377,128,249
124900012,148,22,126
124900013,287,26,261
124900014,122,43,79
124900015,38,221,-183
124900016,56,80,-24
124900017,111,1800,-1689
124900018,46,1,45
124900020,103,14,89
124900021,231,27,204
124900022,45,2,43
124900024,242,0,242
124900026,11,2,9
124900027,60,76,-16
124900028,139,14,125
124900029,35,226,-191
124900030,0,8,-8
124900031,2,37,-35
124900032,95,48,47
124900033,14,27,-13
124900034,5,41,-36
124900035,31,40,-9
124900036,0,54,-54
124900037,23,46,-23
124900039,0,86,-86
124900040,21,21,0
124900042,7,0,7
124900043,197,119,78
124900044,44,2,42
124900045,81,179,-98
124900047,77,83,-6
124900048,142,2,140
124900050,124,10,114
124900052,29,55,-26
124900053,78,111,-33
124900054,239,116,123
124900055,0,15,-15
124900057,0,0,0
124900060,116,114,2
124900061,44,0,44
124900062,125,2,123
124900066,0,0,0
124900067,0,0,0
124900068,54,290,-236
124900070,1,4,-3
124900072,108,9,99
124900075,146,37,109
124900076,45,518,-473
124900077,14,21,-7
124900078,19,1,18
124900079,52,39,13
124900080,180,92,88
124900081,706,68,638
124900082,230,224,6
124900083,194,117,77
124900085,552,268,284
124900086,8,290,-282
124900087,256,28,228
124900088,56,77,-21
124900089,88,2,86
124900090,407,50,357
124900091,103,47,56
124900092,71,26,45
124900093,351,27,324
124900094,439,23,416
124900095,99,359,-260
124900096,99,36,63
124900097,305,9,296
124900098,49,72,-23
124900099,62,103,-41
124900100,244,5,239
124900101,204,8,196
124900102,292,0,292
124900103,17,28,-11
124900104,10,37,-27
124900105,30,13,17
124900106,158,18,140
124900107,154,2,152
124900108,51,47,4
124900111,0,0,0
124900112,120,108,12
124900113,0,42,-42
124900114,3,30,-27
124900115,1,3,-2
124900116,190,233,-43
124900117,41,105,-64
124900118,8,581,-573
124900119,195,127,68
124900120,6,21,-15
124900121,16,243,-227
124900122,92,12,80
124900123,58,28,30
124900124,15,34,-19
204000001,254,11,243
204000002,15,9,6
204000003,15,18,-3
204000004,14,2,12
204000005,272,175,97
204000006,816,819,-3
204000011,0,0,0
204000012,5,3,2
204000019,948,270,678
204000020,747,192,555
204000021,482,547,-65
204000022,910,326,584
204000023,135,322,-187
204000031,14,3,11
204000032,85,12,73
204000034,58,14,44
204000035,1,9,-8
204000036,1,4,-3
204000037,1,20,-19
204000038,0,7,-7
204000039,3,16,-13
204000040,2,2,0
204000041,3,2,1
204000042,21,7,14
204000043,20,6,14
204000044,43,1,42
204000045,12,6,6
204000046,9,5,4
204000057,1,37,-36
204000062,4,39,-35
204000068,0,13,-13
204000069,1,38,-37
204000070,97,17,80
204000080,15,15,0
204000085,345,205,140
204000086,594,496,98
204000087,16,8,8
204000088,0,0,0
204000090,112,16,96
204000093,384,17,367
204000096,715,266,449
204000097,308,6,302
204000099,687,1189,-502
204000100,1122,429,693
204000105,400,123,277
204000110,108,311,-203
204000111,159,264,-105
204000112,68,153,-85
204000113,99,245,-146
204000114,623,917,-294
204000115,612,183,429
204000116,316,124,192
204000119,1849,610,1239
204000132,493,373,120
204000133,565,64,501
204000134,190,23,167
204000135,440,14,426
204000136,394,59,335
204000138,220,522,-302
204000140,246,65,181
204000141,131,32,99
204000144,0,33,-33
204000145,184,17,167
204000146,4,7,-3
204000147,7,18,-11
204000148,43,19,24
204000154,1,6,-5
204000155,0,23,-23
204000177,57,47,10
204000179,20,4,16
204000180,0,9,-9
204000222,2,31,-29
204000235,8,23,-15
204000236,9,20,-11
204000238,32,6,26
204000240,96,12,84
204000263,136,185,-49
204000268,437,168,269
204000308,11,2,9
204000317,3,27,-24
204000322,19,38,-19
204000323,2,13,-11
204000328,187,19,168
204000329,33,27,6
204000330,117,11,106
204000331,87,11,76
205000001,197,317,-120
205000013,0,17,-17
205000014,5,4,1
205000015,3,11,-8
205000016,5,16,-11
205000017,13,4,9
205000022,75,161,-86
205000025,308,119,189
205000029,485,5,480
205000045,91,54,37
205000046,25,32,-7
205000047,9,17,-8
205000048,113,44,69
205000049,85,33,52
205000050,78,9,69
205000059,0,22,-22
205000060,0,54,-54
205000061,1,106,-105
205000062,1,66,-65
205000063,3,212,-209
205000064,4,56,-52
205000065,43,191,-148
205000066,42,104,-62
205000067,44,121,-77
205000069,110,12,98
205000082,67,61,6
205000110,21,11,10
205000111,22,14,8
205000112,58,88,-30
205000113,26,16,10
205000121,94,68,26
205000123,13,9,4
205000126,457,73,384
205000127,476,39,437
205000128,226,50,176
205000129,437,56,381
205000130,109,18,91
205000131,25,18,7
205000132,54,9,45
205000133,63,0,63
205000134,220,0,220
205000137,20,7,13
205000138,14,19,-5
205000139,1,16,-15
205000144,45,37,8
205000145,136,39,97
205000151,96,26,70
205000152,52,11,41
205000153,141,30,111
205000154,25,55,-30
205000155,73,18,55
205000207,0,0,0
205000233,29,0,29
205000234,0,0,0
205000243,0,1,-1
205000244,0,0,0
205000245,0,14,-14
205000249,0,20,-20
205000250,1,0,1
205000264,0,7,-7
206000027,3,9,-6
206000028,3,9,-6
206000043,0,14,-14
206000053,0,1,-1
206000054,0,5,-5
206000055,0,1,-1
206000075,2,14,-12
206000076,4,4,0
206000077,19,1,18
206000078,22,1,21
206000079,34,1,33
206000082,274,64,210
206000100,5,152,-147
206000103,0,0,0
206000104,0,0,0
206000105,0,0,0
206000106,0,0,0
206000125,180,0,180
206000157,0,32,-32
206000170,0,74,-74
206000171,0,99,-99
206000172,12,49,-37
206000173,0,24,-24
206000174,4,11,-7
206000175,1,12,-11
206000176,13,23,-10
206000177,0,20,-20
206000178,0,145,-145
206000179,1,18,-17
206000180,9,24,-15
206000181,1,42,-41
206000182,2,25,-23
206000183,9,60,-51
206000184,0,20,-20
206000185,1,14,-13
206000186,8,92,-84
206000223,0,101,-101
206000226,20,1,19
206000227,10,2,8
206000237,4,50,-46
206000238,19,109,-90
206000239,77,411,-334
206000240,0,0,0
206000241,0,48,-48
206000242,0,28,-28
206000243,1,28,-27
206000244,11,41,-30
206000245,2029,25,2004
206000246,511,0,511
206000247,683,0,683
206000248,737,1,736
206000252,25,42,-17
206000258,0,0,0
206000315,5,1,4
206000317,529,158,371
206000318,697,41,656
206000319,2549,32,2517
206000320,890,28,862
206000321,891,6,885
206000322,1187,6,1181
206000323,439,0,439
206000324,441,2,439
206000325,207,13,194
206000326,263,7,256
206000327,19,3,16
206000328,238,2,236
206000329,653,3,650
206000330,216,2,214
206000331,420,0,420
206000332,80,0,80
206000333,1352,0,1352
206000334,839,0,839
206000335,0,6,-6
206000361,0,11,-11
206000392,1,1,0
206000405,204,1,203
206000441,39,31,8
206000498,17,5,12
206000515,43,20,23
206000530,457,43,414
206000531,232,184,48
206000532,693,151,542
206000535,29,840,-811
206000536,3,60,-57
206000537,3,68,-65
206000613,781,209,572
206000784,332,22,310
207000001,29,126,-97
207000002,17,160,-143
207000003,29,119,-90
207000007,1609,117,1492
207000008,254,1,253
207000009,79,2,77
207000010,58,132,-74
207000012,410,59,351
207000015,49,307,-258
207000019,347,35,312
207000021,264,133,131
207000022,145,80,65
207000023,246,26,220
207000024,2,5,-3
207000025,19,35,-16
207000026,0,0,0
207000027,0,0,0
207000028,1,27,-26
207000029,8,51,-43
207000033,125,190,-65
207000034,155,30,125
207000039,541,32,509
207000040,734,18,716
207000041,82,5,77
207000042,225,20,205
207000043,121,96,25
207000051,0,3,-3
207000052,0,1,-1
207000053,102,193,-91
207000054,10,41,-31
207000055,41,18,23
207000056,80,132,-52
207000057,32,46,-14
207000058,71,116,-45
207000059,43,139,-96
207000060,7,197,-190
207000061,93,1175,-1082
207000062,713,38,675
207000063,524,18,506
207000064,292,19,273
207000065,272,68,204
207000066,523,84,439
207000067,64,14,50
207000068,83,31,52
207000069,496,138,358
207000082,3,128,-125
207000083,39,105,-66
207000084,444,90,354
207000085,282,32,250
207000086,457,6,451
207000106,69,5,64
207000107,74,1,73
207000108,93,0,93
207000109,41,1,40
207000110,14,12,2
207000111,49,15,34
207000112,34,200,-166
207000114,0,0,0
207000115,0,0,0
207000116,0,0,0
207000117,0,0,0
207000118,0,0,0
207000119,0,0,0
207000123,197,2,195
207000124,97,5,92
207000125,24,3,21
207000126,87,8,79
207000134,195,53,142
207000135,56,127,-71
207000148,160,104,56
207000149,0,0,0
207000152,11,124,-113
207000153,22,331,-309
207000154,216,82,134
207000159,3,10,-7
207000160,4,17,-13
207000238,0,0,0
207000242,0,0,0
207000248,0,0,0
207000249,0,0,0
207000250,0,0,0
207000251,0,0,0
207000252,0,0,0
207000278,143,97,46
207000279,0,15,-15
207000280,1170,17,1153
207000281,35,191,-156
207000282,15,487,-472
207000283,21,80,-59
207000284,7,1167,-1160
207000285,44,81,-37
207000291,0,0,0
207000304,32,27,5
207000306,11,197,-186
207000310,121,64,57
207000353,69,3,66
207000356,0,7,-7
207000357,0,15,-15
207000358,1,13,-12
207000415,0,0,0
207000417,19,5,14
207000418,53,37,16
207000438,0,0,0
207000439,191,65,126
207000446,64,12,52
207000460,96,11,85
207000466,0,1,-1
207000467,526,22,504
207000468,13,23,-10
207000476,2,33,-31
207000477,249,21,228
207000478,0,4,-4
207000523,0,0,0
207000524,23,0,23
207000527,270,48,222
207000530,162,1,161
207000531,134,2,132
207000532,7,22,-15
207000534,116,7,109
207000535,0,0,0
207000537,0,0,0
207000540,0,0,0
207000541,0,0,0
207000548,0,0,0
207000549,90,2,88
207000561,95,52,43
207000562,0,0,0
207000567,9,86,-77
207000568,326,33,293
207000569,721,102,619
207000584,0,0,0
207000585,5,43,-38
207000587,335,1,334
207000616,0,16,-16
207000617,238,1,237
207000624,5,17,-12
207000631,3,15,-12
207900008,513,14,499
208000001,354,461,-107
208000002,501,492,9
208000003,508,321,187
208000004,641,354,287
208000005,0,0,0
208000019,799,310,489
208000020,125,135,-10
208000021,164,125,39
208000022,361,353,8
208000028,434,673,-239
208000033,144,175,-31
208000034,351,519,-168
208000037,169,9,160
208000040,104,42,62
208000041,397,320,77
208000042,776,278,498
208000047,43,55,-12
208000064,1153,817,336
208000066,738,508,230
208000070,628,293,335
208000071,561,96,465
208000072,761,196,565
208000080,174,226,-52
208000081,342,52,290
208000082,137,42,95
208000083,93,100,-7
208000084,6,77,-71
208000085,213,91,122
208000086,318,197,121
208000087,195,355,-160
208000089,577,119,458
208000090,399,168,231
208000093,4,30,-26
208000094,103,134,-31
208000095,460,239,221
208000104,944,219,725
208000105,450,293,157
208000114,18,214,-196
208000115,275,206,69
208000116,869,820,49
208000117,6,74,-68
208000118,62,221,-159
208000155,281,433,-152
208000158,792,1109,-317
208000186,400,879,-479
208000204,381,533,-152
208000205,823,337,486
208000282,417,367,50
209000004,420,115,305
209000005,40,11,29
209000006,364,122,242
209000007,228,295,-67
209000010,0,0,0
209000011,0,0,0
209000012,9,24,-15
209000013,27,12,15
209000014,19,50,-31
209000025,550,50,500
209000026,1224,142,1082
209000027,13,32,-19
209000028,22,32,-10
209000029,58,20,38
209000030,99,59,40
209000031,423,146,277
209000034,237,134,103
209000035,218,204,14
209000036,410,54,356
209000037,500,147,353
209000038,313,50,263
209000039,139,67,72
209000040,279,151,128
209000041,134,137,-3
209000042,233,147,86
209000043,478,254,224
209000044,280,332,-52
209000045,308,73,235
209000046,312,109,203
209000047,232,74,158
209000048,367,287,80
209000049,15,26,-11
209000050,123,38,85
209000051,131,31,100
209000052,23,31,-8
209000062,1,0,1
209000063,1,0,1
209000064,0,1,-1
209000065,211,8,203
209000066,218,19,199
209000067,216,27,189
209000080,1,13,-12
209000082,92,28,64
209000091,0,0,0
209000093,1,0,1
209000094,0,0,0
209000110,57,99,-42
209000111,375,1687,-1312
209000112,1124,356,768
209000113,1850,422,1428
209000114,1025,329,696
209000115,19,28,-9
209000116,86,77,9
209000118,1,72,-71
209000119,0,0,0
209000121,3,25,-22
209000135,87,51,36
209000142,484,1538,-1054
209000143,0,0,0
209000144,45,160,-115
209000229,144,38,106
209000240,0,5,-5
209000259,14,11,3
209000260,15,86,-71
209000261,3,66,-63
209000262,0,56,-56
209000263,0,61,-61
209000264,0,43,-43
209000265,212,0,212
209000266,65,0,65
209000267,699,2,697
209000268,265,54,211
210000037,203,61,142
210000047,41,6,35
210000048,81,37,44
210000049,53,0,53
210000052,25,5,20
210000053,2,5,-3
210000054,5,39,-34
210000070,160,12,148
210000071,136,1,135
210000072,26,0,26
210000073,0,0,0
210000074,0,1,-1
210000075,0,0,0
210000076,0,16,-16
210000077,0,29,-29
210000078,1,58,-57
210000079,13,12,1
210000080,39,102,-63
210000081,29,10,19
210000082,38,0,38
210000083,16,0,16
210000084,85,1,84
210000085,0,5,-5
210000086,0,3,-3
210000099,2,11,-9
210000100,5,11,-6
210000101,3,12,-9
210000105,0,52,-52
210000159,0,3,-3
210000163,3,30,-27
210000164,145,117,28
210000168,194,27,167
210000187,0,0,0
210000188,0,0,0
210000214,30,0,30
210000219,113,49,64
210000220,142,7,135
210000232,0,1,-1
210000233,2,3,-1
210000234,9,7,2
210000235,11,0,11
210000245,0,0,0
210000246,20,5,15
210000258,0,9,-9
210000259,156,22,134
210000282,0,13,-13
210000285,0,5,-5
210000286,1,8,-7
210000290,2,19,-17
210000295,9,45,-36
210000296,19,6,13
210000320,209,9,200
210000321,135,5,130
210000338,9,13,-4
210000339,9,90,-81
210000340,2,36,-34
210000341,47,26,21
210000342,58,12,46
210000343,40,55,-15
210000344,41,37,4
210000345,21,74,-53
210000346,11,46,-35
210000347,6,46,-40
210000348,25,33,-8
210000349,9,23,-14
210000350,63,11,52
210000351,88,20,68
210000352,34,18,16
210000353,39,23,16
210000354,38,41,-3
210000355,11,82,-71
210000356,36,97,-61
210000357,21,117,-96
210000358,192,145,47
210000359,82,139,-57
210000360,183,237,-54
210000361,143,64,79
210000362,254,44,210
210000363,324,107,217
210000364,155,55,100
210000365,152,12,140
210000366,255,37,218
210000367,59,20,39
210000368,114,19,95
210000369,43,19,24
210000370,149,52,97
210000372,6,16,-10
210000373,4,14,-10
210000374,55,34,21
210000375,3,21,-18
210000376,11,101,-90
210000404,5,7,-2
210000439,12,6,6
210000472,27,0,27
210000482,137,56,81
210000564,148,111,37
210000567,1,73,-72
210000568,230,0,230
211000092,41,19,22
211000094,44,4,40
211000169,244,1,243
211000172,9,171,-162
211000209,0,16,-16
211000226,13,12,1
211000270,51,2,49
211000275,34,9,25
211000276,131,16,115
211000279,28,12,16
211000281,132,10,122
211000302,22,20,2
211507980,0,25,-25
211977296,33,4,29
212000003,212,38,174
212000004,0,32,-32
212000005,3,45,-42
212000006,13,123,-110
212000008,51,102,-51
212000009,23,63,-40
212000012,20,33,-13
212000013,3,19,-16
212000014,82,35,47
212000015,112,57,55
212000016,146,144,2
212000027,463,115,348
212000028,234,123,111
212000029,210,110,100
212000030,27,8,19
212000031,46,32,14
212000048,2,119,-117
212000049,1,95,-94
212000050,4,11,-7
212000051,177,32,145
212000052,123,65,58
212000053,90,102,-12
212000054,478,32,446
212000055,388,55,333
212000056,25,25,0
212000057,5,27,-22
212000058,88,30,58
212000070,85,46,39
212000077,48,118,-70
212000099,353,54,299
212000108,278,136,142
212000111,344,45,299
212000120,51,104,-53
212000138,54,8,46
212000156,3,46,-43
212000158,2,41,-39
212000159,455,61,394
212000160,515,25,490
212000161,97,12,85
212000310,15,6,9
212000311,12,45,-33
212000374,0,12,-12
213000001,15,188,-173
213000005,406,17,389
213000006,399,59,340
213000007,47,13,34
213000009,167,86,81
213000010,232,56,176
213000011,203,26,177
213000012,84,133,-49
213000014,39,9,30
213000015,169,23,146
213000016,162,0,162
213000017,43,0,43
213000018,0,15,-15
213000019,0,27,-27
213000020,76,68,8
213000021,1,34,-33
213000023,286,145,141
213000033,159,514,-355
213000034,284,91,193
213000035,148,241,-93
213000045,101,146,-45
213000046,44,46,-2
213000047,148,525,-377
213000056,112,0,112
213000069,36,3,33
213000073,1,28,-27
213000074,80,245,-165
213000075,493,0,493
213000076,5,0,5
213000085,1,0,1
213000086,0,9,-9
213000091,217,8,209
213000092,11,12,-1
213000099,108,518,-410
213000100,527,145,382
213000101,446,72,374
213000102,484,89,395
213000103,319,196,123
213000104,24,122,-98
213000105,32,664,-632
213000106,25,74,-49
213000107,95,187,-92
213000108,37,148,-111
213000109,2,128,-126
213000110,5,80,-75
213000111,0,133,-133
213000112,14,224,-210
213000115,32,3,29
213000116,37,221,-184
213000117,2,181,-179
213000118,798,260,538
213000119,21,173,-152
213000120,14,89,-75
213000122,40,196,-156
213000123,37,295,-258
213000124,80,366,-286
213000125,166,31,135
213000126,24,46,-22
213000127,5,92,-87
213000128,68,296,-228
213000129,180,1033,-853
213000130,858,380,478
213000132,790,101,689
213000133,667,38,629
213000134,853,3,850
213000136,454,29,425
213000137,421,42,379
213000139,238,10,228
213000147,5,9,-4
213000148,23,20,3
213000149,5,1,4
213000150,1,191,-190
213000151,0,96,-96
213000152,0,169,-169
213000153,2,139,-137
213000154,57,198,-141
213000155,20,113,-93
213000156,117,218,-101
213000157,812,179,633
213000158,287,232,55
213000159,501,157,344
213000163,1583,119,1464
213000165,468,120,348
213000171,0,3,-3
213000172,0,10,-10
213000173,0,5,-5
213000174,0,6,-6
213000175,124,68,56
213000176,39,23,16
213000177,89,3,86
213000178,182,0,182
213000179,242,0,242
213000180,241,0,241
213000184,44,161,-117
213000188,387,44,343
213000189,621,26,595
213000190,448,62,386
213000191,565,92,473
213000192,230,24,206
213000193,206,86,120
213000194,2,208,-206
213000195,40,234,-194
213000196,220,537,-317
213000197,445,395,50
213000198,6,1,5
213000200,107,211,-104
213000201,7,64,-57
213000202,9,241,-232
213000203,900,178,722
213000204,863,19,844
213000205,323,10,313
213000206,440,7,433
213000207,18,0,18
213000208,7,2,5
213000209,37,3,34
213000210,54,0,54
213000211,0,27,-27
213000212,1,51,-50
213000213,3,95,-92
213000218,218,278,-60
213000219,843,11,832
213000220,728,8,720
213000223,194,58,136
213000224,2,61,-59
213000225,51,14,37
213000226,28,7,21
213000227,913,98,815
213000228,547,27,520
213000229,115,20,95
213000230,489,4,485
213000232,47,931,-884
213000233,6,88,-82
213000234,0,8,-8
213000293,5,163,-158
213000294,48,9,39
213000295,5,150,-145
213000296,128,28,100
213000297,2,24,-22
213000298,3,23,-20
213000299,12,12,0
213000300,2,10,-8
213000303,1,9,-8
213000304,0,6,-6
213000305,1,35,-34
213000306,9,23,-14
213000307,88,88,0
213000308,18,33,-15
213000309,127,1,126
213000310,118,94,24
213000311,58,309,-251
213000315,31,13,18
213000316,227,39,188
213000322,139,20,119
213000323,105,57,48
213000324,66,41,25
213000325,52,108,-56
213000326,12,49,-37
213000327,91,93,-2
213000328,132,34,98
213000329,97,68,29
213000340,25,130,-105
213000341,954,43,911
213000346,71,242,-171
213000347,133,265,-132
213000348,0,86,-86
213000349,2,27,-25
213000350,122,328,-206
213000366,31,111,-80
213000367,315,15,300
213000379,28,90,-62
213000386,10,145,-135
213000406,121,208,-87
213000417,1034,227,807
213000425,414,144,270
213000426,343,159,184
213000427,40,81,-41
213000428,36,59,-23
213000429,3,4,-1
213000430,52,120,-68
213000431,11,3,8
213000432,1,202,-201
213000433,29,40,-11
213000434,97,25,72
213000435,142,78,64
213000436,47,24,23
213000437,59,42,17
213000438,115,64,51
213000439,22,7,15
213000440,124,117,7
213000441,1,2,-1
213000442,127,116,11
213000443,246,270,-24
213000444,55,72,-17
213000445,0,68,-68
213000446,12,252,-240
213000447,2,56,-54
213000448,34,41,-7
213000449,701,3,698
213000450,19,10,9
213000451,250,4,246
213000452,2,13,-11
213000453,0,57,-57
213000455,53,14,39
213000456,0,71,-71
213000481,5,1,4
213000482,17,0,17
213000489,55,15,40
213000491,10,317,-307
213000492,46,1,45
213000493,1,266,-265
213000494,306,47,259
213000495,0,9,-9
213000496,365,115,250
213000497,41,281,-240
213000498,44,186,-142
213000499,72,207,-135
213000500,449,16,433
213000501,152,10,142
213000502,60,20,40
213000503,0,28,-28
213000504,10,57,-47
213000505,56,25,31
213000506,0,1,-1
213000507,1,35,-34
213900244,71,0,71
213900245,0,1,-1
218000003,51,12,39
218000004,36,24,12
218000005,10,49,-39
218000006,23,20,3
218000007,6,32,-26
218000012,26,171,-145
218000013,76,46,30
218000014,53,41,12
218000019,175,132,43
218000020,158,279,-121
218000040,5,2,3
218000046,107,88,19
218000047,43,65,-22
218000048,99,67,32
218000049,14,98,-84
218000050,183,66,117
218000051,85,104,-19
218000052,0,21,-21
218000053,0,6,-6
218000054,5,17,-12
218000055,4,16,-12
218000056,21,28,-7
218000057,1,22,-21
218000064,1,5,-4
218000065,36,4,32
218000066,14,43,-29
218000067,94,44,50
218000068,128,13,115
218000069,280,26,254
218000070,237,135,102
218000071,148,104,44
218000072,103,77,26
218000078,601,234,367
218000079,254,12,242
218000080,102,8,94
218000081,523,23,500
218000082,194,20,174
218000083,24,4,20
218000084,53,34,19
218000085,23,33,-10
218000086,8,9,-1
218000087,45,18,27
218000090,24,153,-129
218000091,910,274,636
218000092,93,103,-10
218000093,59,22,37
218000094,276,131,145
218000099,78,47,31
218000100,106,53,53
218000101,94,44,50
218000102,118,61,57
218000103,31,17,14
218000104,26,4,22
218000105,23,4,19
218000106,36,8,28
218000107,77,23,54
218000108,2,28,-26
218000112,23,1,22
218000117,66,52,14
218000134,196,154,42
218000135,0,107,-107
218000136,80,119,-39
218000137,77,33,44
218000138,18,34,-16
218000139,93,136,-43
218000140,331,132,199
218000141,21,32,-11
218000142,104,61,43
218000143,33,134,-101
218000144,7,125,-118
218000145,364,111,253
218000146,77,15,62
218000151,1,15,-14
218000152,37,19,18
218000170,0,45,-45
218000171,25,5,20
218000172,2,2,0
218000173,3,11,-8
218000174,9,7,2
218000176,180,8,172
218000177,326,25,301
218000178,87,15,72
218000179,134,19,115
218000180,70,28,42
218000181,227,35,192
218000187,8,6,2
218000188,9,9,0
218000189,3,40,-37
218000190,0,3,-3
218000191,85,15,70
218000192,62,37,25
218000193,96,26,70
218000194,98,33,65
218000195,159,39,120
218000196,254,69,185
218000197,463,68,395
218000198,96,40,56
218000199,24,14,10
218000200,38,3,35
218000201,3,3,0
218000202,16,200,-184
218000207,27,6,21
218000208,23,39,-16
218000211,9,1,8
218000213,228,95,133
218000214,1,43,-42
218000215,96,58,38
218000217,2,50,-48
218000218,258,68,190
218000219,0,13,-13
218000220,52,241,-189
218000221,573,228,345
218000222,0,70,-70
218000223,6,227,-221
218000224,2,93,-91
218000225,62,6,56
218000226,126,10,116
218000232,37,44,-7
218000239,72,10,62
218000240,1,1,0
218000241,4,0,4
218000242,0,0,0
218000243,3,0,3
218000244,21,0,21
218000245,5,3,2
218000246,0,3,-3
218000247,1,0,1
218000248,1,21,-20
218000249,0,4,-4
218000250,3,9,-6
218000251,0,14,-14
218000252,0,10,-10
218000253,0,7,-7
218000254,0,3,-3
218000255,0,5,-5
218000256,7,19,-12
218000267,267,419,-152
218000268,0,20,-20
218000269,1,5,-4
218000270,35,5,30
218000271,2,19,-17
218000273,32,8,24
218000274,27,1,26
218000275,56,57,-1
218000276,16,8,8
218000278,3,25,-22
218000279,55,27,28
218000280,1,11,-10
218000281,2,5,-3
218000282,295,523,-228
218000284,26,4,22
218000301,4,27,-23
218000302,9,12,-3
218000303,1,53,-52
218000316,1073,368,705
218000317,1875,213,1662
218000318,1125,151,974
218000319,557,248,309
218000320,280,126,154
218000338,29,44,-15
218000345,112,59,53
218000346,80,81,-1
218000459,15,91,-76
218000490,3,33,-30
218000501,82,17,65
218000502,35,5,30
218000503,119,12,107
218000504,66,6,60
218000505,11,51,-40
218000506,5,97,-92
218000508,0,0,0
218000510,86,1,85
218000520,83,79,4
218000521,4,6,-2
218000522,3,291,-288
218000523,58,6,52
218000524,1,127,-126
218000525,8,14,-6
218000526,0,113,-113
218000529,30,30,0
218000531,11,20,-9
218000532,75,19,56
218000534,378,32,346
218000537,6,91,-85
218000538,25,118,-93
218000540,37,60,-23
218000543,127,26,101
218000544,5,13,-8
218000545,131,36,95
218000546,0,11,-11
218000547,119,65,54
218000548,59,80,-21
218000549,498,71,427
218000550,32,112,-80
218000551,41,201,-160
218000552,353,55,298
218000553,47,33,14
218000554,2,10,-8
218000555,51,57,-6
218000556,80,36,44
218000557,595,231,364
218000558,15,2,13
218000559,0,29,-29
218000560,0,5,-5
218000561,0,0,0
218000562,0,60,-60
218000563,74,17,57
218000564,0,57,-57
218000565,75,23,52
218000566,22,10,12
218000567,2,102,-100
218000568,1,0,1
218000569,0,118,-118
218000570,42,0,42
218000571,0,95,-95
218000572,20,1,19
218000573,0,140,-140
218000574,24,13,11
218000575,89,0,89
218000576,0,64,-64
218000577,19,1,18
218000578,1,61,-60
218000579,1,4,-3
218000581,2,12,-10
218000582,67,0,67
218000583,13,3,10
218000584,0,19,-19
218000585,40,2,38
218000586,2,11,-9
218000587,0,0,0
218000588,0,10,-10
218000589,2,49,-47
218000590,8,0,8
218000591,1,140,-139
218000592,1,23,-22
218000593,14,110,-96
218000594,0,17,-17
218000597,0,26,-26
218000598,0,32,-32
218000599,1,156,-155
218000600,1,23,-22
218000601,1,46,-45
218000602,0,7,-7
218000603,0,13,-13
218000604,56,7,49
218000605,0,413,-413
218000606,298,3,295
218000607,2,106,-104
218000608,14,5,9
218000609,2,33,-31
218000610,83,0,83
218000611,1,0,1
218000612,0,14,-14
218000613,24,0,24
218000614,29,24,5
218000615,110,0,110
218000616,6,153,-147
218000617,4,0,4
218000618,0,22,-22
218000619,57,0,57
218000620,3,24,-21
218000621,0,0,0
218000622,0,61,-61
218000623,2,0,2
218000624,0,49,-49
218000625,5,5,0
218000626,0,32,-32
218000628,189,76,113
218000631,150,17,133
218000632,0,135,-135
218000633,23,1,22
218000634,0,0,0
218000635,3,5,-2
218000636,308,186,122
218000637,796,94,702
218000638,396,15,381
218000639,29,24,5
218000640,476,7,469
218000641,124,27,97
218000652,25,28,-3
218000653,179,19,160
218000663,1,14,-13
218000675,6,21,-15
218000680,77,125,-48
218000681,633,46,587
218000691,173,93,80
218000693,713,61,652
218000718,12,67,-55
218000719,11,86,-75
218000720,0,101,-101
218000721,2,3,-1
218001147,0,32,-32
218001214,12,12,0
218001258,543,13,530
218001329,155,137,18
218001330,21,85,-64
218001351,2,11,-9
218001352,12,16,-4
218001353,4,5,-1
218001354,26,38,-12
218001355,4,17,-13
218001356,767,59,708
218001357,1,30,-29
218001358,520,3,517
218001361,934,67,867
218001362,1,22,-21
219000001,0,0,0
219000002,0,0,0
219000003,23,11,12
219000004,15,74,-59
219000017,48,19,29
219000020,165,30,135
219000022,218,0,218
219000023,24,4,20
219000029,0,0,0
219000034,42,53,-11
219000039,0,0,0
219000040,15,23,-8
219000041,108,16,92
219000051,0,0,0
219000052,0,0,0
219000053,0,0,0
219000054,0,0,0
219000055,250,0,250
219000056,0,0,0
219000057,55,0,55
219000062,7,12,-5
219000063,161,3,158
219000064,0,14,-14
219000110,165,249,-84
219000111,73,45,28
219000112,182,13,169
219000113,210,24,186
219000114,112,26,86
219000116,85,50,35
219000117,52,19,33
219000118,30,29,1
219000123,77,3,74
219000124,2,0,2
219000125,0,0,0
219000126,0,0,0
219000127,0,0,0
219000128,3,7,-4
219000129,1,6,-5
219000130,45,55,-10
219000131,569,608,-39
219000133,12,68,-56
219000134,6,30,-24
219000135,3,19,-16
219000136,35,150,-115
219000138,78,0,78
219000139,31,1,30
219000140,162,2,160
219000141,74,0,74
219000142,1,2,-1
219000143,0,1,-1
219000145,2,0,2
219000146,0,0,0
219000147,0,0,0
219000148,0,0,0
219000149,0,0,0
219000150,0,0,0
219000151,0,0,0
219000157,210,72,138
219000158,138,32,106
219000161,163,4,159
219000163,570,165,405
219000166,115,86,29
219000167,21,39,-18
219000168,232,29,203
219000174,479,69,410
219000175,114,6,108
219000176,163,6,157
219000177,93,4,89
219000178,72,0,72
219000179,45,37,8
219000180,61,0,61
219000182,47,1,46
219000183,56,4,52
219000184,54,2,52
219000185,0,0,0
219000186,61,4,57
219000187,20,15,5
219000189,2,10,-8
219000190,0,4,-4
219000191,21,153,-132
219000192,276,159,117
219000193,2,2,0
219000195,0,0,0
219000196,0,0,0
219000198,0,0,0
219000199,0,2,-2
219000200,1,1,0
219000201,0,3,-3
219000203,0,0,0
219000204,4,22,-18
219000205,2,24,-22
219000207,7,25,-18
219000209,0,0,0
219000210,0,0,0
219000213,1,46,-45
219000239,66,86,-20
219000240,52,125,-73
219000241,64,43,21
219000242,18,80,-62
219000243,70,178,-108
219000244,5,170,-165
219000245,5,70,-65
219000246,73,24,49
219000247,251,35,216
219000248,379,357,22
219000249,184,131,53
219000250,207,36,171
219000251,299,90,209
219000252,238,68,170
219000253,196,7,189
219000255,134,128,6
219000256,247,12,235
219000257,92,0,92
219000262,2,19,-17
219000263,5,28,-23
219000267,0,0,0
219000268,0,0,0
219000269,0,1,-1
219000270,6,0,6
219000271,239,4,235
219000278,0,0,0
219000279,0,0,0
219000283,0,0,0
219000295,5,47,-42
219000296,7,44,-37
219000297,0,3,-3
219000298,0,3,-3
219000299,177,37,140
219000300,6,3,3
219000301,6,13,-7
219000302,3,14,-11
219000307,0,0,0
219000308,56,18,38
219000311,105,23,82
219000312,214,54,160
219000313,251,55,196
219000314,8,1,7
219000315,195,4,191
219000316,316,17,299
219000317,75,8,67
219000320,0,0,0
219000321,0,0,0
219000323,0,0,0
219000325,0,0,0
219000326,0,5,-5
219000327,0,0,0
219000328,0,0,0
219000329,229,107,122
219000330,3,1,2
219000331,18,6,12
219000332,136,27,109
219000333,31,4,27
219000335,97,0,97
219000337,2,0,2
219000338,36,0,36
219000344,0,0,0
219000345,0,0,0
219000346,0,0,0
219000348,2,11,-9
219000349,5,35,-30
219000350,0,1,-1
219000351,0,0,0
219000352,25,38,-13
219000353,95,47,48
219000354,464,35,429
219000355,118,44,74
219000356,192,521,-329
219000363,79,29,50
219000364,139,23,116
219000365,50,3,47
219000366,140,552,-412
219000368,132,229,-97
219000370,419,326,93
219000371,0,0,0
219000382,3,2,1
219000383,44,170,-126
219000385,54,146,-92
219000386,59,323,-264
219000387,0,5,-5
219000390,0,0,0
219000391,1,0,1
219000397,0,0,0
219000398,25,21,4
219000401,14,21,-7
219000402,3,11,-8
219000403,46,37,9
219000404,19,21,-2
219000407,9,6,3
219000409,24,17,7
219000410,124,3,121
219000411,84,0,84
219000446,3,36,-33
219000447,0,0,0
219000448,1,7,-6
219000452,82,76,6
219000453,6,78,-72
219000454,164,198,-34
219000556,417,17,400
219000558,26,44,-18
219000590,18,80,-62
219000591,176,23,153
219000592,1,29,-28
219000595,0,0,0
219000635,66,48,18
219000636,1,0,1
219000657,7,4,3
219000658,0,0,0
219000673,0,0,0
219000676,1,0,1
219000679,6,0,6
219000684,117,1,116
219000685,0,3,-3
219000686,0,1,-1
219000688,1,1,0
219000689,2,91,-89
219000690,88,3,85
219000691,22,26,-4
219000692,83,2,81
219000693,0,0,0
219000694,12,0,12
219000695,118,10,108
219000698,4,0,4
219000699,0,0,0
219000727,0,0,0
219000728,77,0,77
219000770,15,2,13
219000771,0,0,0
219000788,48,144,-96
219001150,0,91,-91
219001151,0,0,0
219001166,18,24,-6
219001167,2,13,-11
219001178,85,0,85
220000001,9,65,-56
220000002,0,45,-45
220000003,17,17,0
220000004,67,67,0
220000005,148,220,-72
220000006,46,78,-32
220000007,118,57,61
220000008,63,148,-85
220000009,44,72,-28
220000010,45,35,10
220000011,193,1806,-1613
220000012,15,211,-196
220000014,61,42,19
220000015,71,314,-243
220000017,18,142,-124
220000018,3894,666,3228
220000019,71,306,-235
220000020,264,108,156
220000021,604,117,487
220000022,736,126,610
220000023,185,58,127
220000024,503,314,189
220000025,330,993,-663
220000026,196,363,-167
220000027,12,151,-139
220000028,18,198,-180
220000029,2,23,-21
220000030,8,37,-29
220000031,486,341,145
220000064,44,513,-469
221000046,0,0,0
221000047,0,0,0
221000048,0,1,-1
221000049,0,4,-4
221000050,1,0,1
221000055,22,71,-49
221000057,152,2,150
221000068,250,114,136
221000069,229,18,211
221000070,155,4,151
221000071,84,1,83
221000072,165,1,164
221000073,183,15,168
221000074,1,1,0
221000075,1,16,-15
221000076,2,11,-9
221000077,9,11,-2
221000081,12,0,12
221000082,53,8,45
221000083,13,0,13
221000084,2,2,0
221000085,5,103,-98
221000086,3,167,-164
221000087,0,94,-94
221000088,2,54,-52
221000089,6,84,-78
221000090,26,120,-94
221000098,139,13,126
221000099,154,4,150
221000100,158,1,157
221000101,169,2,167
221000102,100,7,93
221000109,1,12,-11
221000110,0,7,-7
221000111,1,21,-20
221000112,0,18,-18
221000113,0,18,-18
221000114,0,32,-32
221000120,4,51,-47
221000121,0,25,-25
221000122,14,45,-31
221000123,4,40,-36
221000124,5,129,-124
221000155,47,5,42
221000156,86,30,56
221000175,8,2,6
221000176,0,9,-9
221000182,51,0,51
221000241,324,291,33
221000242,21,97,-76
221000243,315,131,184
221000244,37,268,-231
221000245,106,23,83
221000246,6,211,-205
221000247,195,58,137
221000248,94,121,-27
221000267,45,161,-116
221000325,24,70,-46
221000331,0,57,-57
221000338,2,29,-27
221000378,325,33,292
221000381,12,43,-31
222000282,1,0,1
222000296,0,12,-12
222000568,228,15,213
222000569,65,15,50
222000570,102,6,96
222000571,312,10,302
222000577,1,57,-56
222000578,2,76,-74
222000579,25,39,-14
222000580,16,638,-622
222000599,0,40,-40
222000600,0,42,-42
222000601,0,138,-138
222000603,8,25,-17
222000604,0,46,-46
222000605,0,106,-106
222000606,1,21,-20
222000607,0,6,-6
222000608,1,8,-7
222000609,27,20,7
222000616,553,7,546
222000617,1,5,-4
222000618,0,0,0
222000620,5,6,-1
222000621,6,6,0
222000623,302,1,301
222000624,294,1,293
222000625,797,6,791
222000636,18,10,8
222000686,10,49,-39
222000687,16,13,3
222001066,286,0,286
222001067,62,1,61
222001068,205,6,199
222001069,204,5,199
222001082,36,21,15
222001083,53,9,44
222001084,1,30,-29
222001085,1,157,-156
222001111,77,9,68
222001112,291,32,259
222001313,4,4,0
222001314,1,21,-20
222001464,452,12,440
222001465,37,37,0
222001484,238,34,204
222001485,4,21,-17
222001494,784,124,660
222001495,87,37,50
222001496,428,21,407
222001497,43,172,-129
222001502,0,1,-1
222001503,181,12,169
222001504,2,12,-10
222001505,309,8,301
222001506,0,15,-15
222001507,153,5,148
222001510,647,13,634
222001511,10,73,-63
222001514,687,28,659
222001515,6,90,-84
222001518,490,27,463
222001519,2,29,-27
222001527,77,11,66
222001528,1,15,-14
222001529,291,30,261
222001530,0,34,-34
222001533,5,21,-16
222001534,571,31,540
222001535,422,71,351
222001536,4,131,-127
222001537,311,6,305
222001538,0,87,-87
222001563,992,29,963
222001564,4,71,-67
222001568,62,18,44
222001576,1,1,0
222001579,1,11,-10
222001583,6,26,-20
222001584,259,2,257
222001596,104,182,-78
222001597,1002,58,944
222001626,0,26,-26
222001650,3,17,-14
222001651,29,161,-132
222001914,357,22,335
222001915,6,29,-23
222001968,474,81,393
222001969,64,209,-145
222001970,55,177,-122
222001971,66,3,63
222001972,15,1,14
225000001,347,63,284
225000002,407,49,358
225000003,771,31,740
225000004,459,61,398
225000005,26,15,11
225000006,0,0,0
225000007,101,334,-233
225000010,168,16,152
225000011,117,867,-750
225000012,200,542,-342
225000013,51,35,16
225000014,372,28,344
225000015,38,61,-23
225000021,378,73,305
225000027,54,60,-6
225000032,470,40,430
225000042,26,99,-73
225000049,4,6,-2
225000050,108,5,103
225000053,0,0,0
225000058,410,76,334
225000067,20,7,13
225000068,10,10,0
225000069,5,49,-44
225000070,10,58,-48
225000071,2,46,-44
225000075,14,321,-307
225000076,0,0,0
225000078,41,24,17
225000085,82,17,65
225000086,254,13,241
225000087,63,7,56
225000088,2,9,-7
225000089,0,0,0
225000090,0,0,0
225000091,0,0,0
225000092,2,20,-18
225000093,28,20,8
225000094,0,7,-7
225000095,32,28,4
225000096,3,21,-18
225000098,684,61,623
225000099,362,31,331
225000100,544,87,457
225000104,79,106,-27
225000110,3,43,-40
225000111,132,94,38
225000112,129,251,-122
225000113,26,275,-249
225000114,17,159,-142
225000115,475,290,185
225000116,173,52,121
225000117,304,194,110
225000118,581,178,403
225000119,263,33,230
225000120,389,17,372
225000121,114,6,108
225000123,490,13,477
225000125,539,144,395
225000126,435,124,311
225000127,339,1643,-1304
225000128,405,968,-563
225000132,397,4,393
225000133,219,9,210
225000134,459,101,358
225000135,94,7,87
225000136,331,9,322
225000137,323,21,302
225000138,367,88,279
225000143,0,1,-1
225000144,0,0,0
225000145,65,19,46
225000146,0,0,0
225000147,0,0,0
225000148,0,0,0
225000149,0,0,0
225000151,0,0,0
225000155,9,13,-4
225000156,45,422,-377
225000157,174,116,58
225000158,5,5,0
225000171,0,28,-28
225000180,6,0,6
225000181,0,2,-2
225000182,8,16,-8
225000185,2,78,-76
225000187,20,43,-23
225000191,26,0,26
225000194,0,6,-6
225000208,0,4,-4
225000209,57,2,55
225000210,0,0,0
225000217,0,1,-1
225000218,10,0,10
225000223,2,127,-125
225000224,7,3,4
225000225,1,184,-183
225000226,59,7,52
225000227,4,43,-39
225000228,1,6,-5
225000229,0,10,-10
225000230,0,0,0
225000231,0,20,-20
225000232,156,0,156
225000241,42,1,41
225000242,0,6,-6
225000249,3,0,3
225000250,0,0,0
225000251,467,38,429
226000042,0,4,-4
226000043,2,13,-11
226000044,5,10,-5
226000045,4,14,-10
226000046,833,52,781
226000047,477,67,410
226000048,369,77,292
226000049,396,157,239
226000070,0,0,0
226000071,0,0,0
226000072,0,0,0
226000073,0,0,0
226000074,0,0,0
226000084,0,0,0
226000085,0,1,-1
226000086,0,0,0
226000087,0,0,0
226000088,0,0,0
226000090,18,59,-41
226000091,0,11,-11
226000092,14,28,-14
226000093,3,45,-42
226000094,1,11,-10
226000095,41,6,35
226000105,4,0,4
226000106,3,0,3
226000107,8,0,8
226000108,2,0,2
226000109,127,0,127
226000124,205,84,121
226000134,948,214,734
226000135,1655,200,1455
226000136,549,131,418
226000137,0,1,-1
226000138,0,0,0
226000139,0,0,0
226000156,311,1,310
226000157,156,0,156
226000163,0,3,-3
226000202,0,0,0
226000231,770,1,769
226000232,84,0,84
227000033,382,7,375
227000036,715,17,698
227000037,597,8,589
227000038,150,24,126
227000049,0,0,0
227000050,0,0,0
227000055,41,0,41
227000056,8,0,8
227000084,0,0,0
227000085,0,0,0
227000088,31,0,31
227000089,29,0,29
227000090,32,0,32
227000091,67,1,66
227000093,79,0,79
227000094,4,0,4
227000130,0,0,0
227000131,0,0,0
227000132,0,0,0
227000133,0,0,0
227000134,0,0,0
227000152,0,0,0
227000153,0,0,0
227000155,0,0,0
227000156,0,0,0
227000165,0,0,0
227000196,445,33,412
227000199,460,25,435
227000230,0,51,-51
227000232,664,19,645
227000242,0,0,0
227000243,390,17,373
227000245,0,1,-1
227000246,3,5,-2
227000247,449,10,439
227000248,166,52,114
227000249,1,5,-4
227000250,364,203,161
227000251,10,38,-28
227000252,3,13,-10
227000253,276,51,225
227000262,593,8,585
227000266,1641,13,1628
227000267,0,97,-97
227000282,0,1,-1
227000284,594,23,571
227000286,0,0,0
227000287,0,1,-1
227000291,0,2,-2
227000484,163,5,158
227000485,0,10,-10
227000655,285,6,279
227000656,493,10,483
227000657,171,13,158
227000661,195,17,178
227000680,86,163,-77
229000265,54,11,43
229000296,0,3,-3
229000297,0,39,-39
229000298,2,168,-166
229000320,14,0,14
229000321,4,1,3
229000412,4,6,-2
229000414,5,16,-11
229000415,3,14,-11
229000416,25,7,18
229000417,0,4,-4
229000419,124,112,12
229000440,114,29,85
229000442,2,2,0
229000443,23,0,23
229000444,0,54,-54
229000445,56,2,54
229000446,21,7,14
229000847,69,1,68
229000848,145,0,145
229000849,199,4,195
229000851,150,0,150
229000854,0,0,0
229000856,0,0,0
229000857,0,0,0
229000858,0,0,0
229000919,0,0,0
229000930,0,0,0
229000937,91,20,71
229000966,25,18,7
229000981,0,0,0
229000985,3,3,0
229000986,0,0,0
229000987,0,0,0
229000988,0,0,0
229000989,5,4,1
229000990,0,3,-3
229000991,0,6,-6
229000992,35,13,22
229000993,145,13,132
229000998,11,25,-14
229000999,91,7,84
229001034,0,8,-8
229001035,2,0,2
229001037,53,1,52
229001042,5,1,4
229001047,0,34,-34
229001050,88,18,70
229001200,22,0,22
229001338,4,2,2
229001394,182,16,166
229001422,175,4,171
229001423,0,0,0
229001431,17,12,5
229001432,0,0,0
229001444,123,3,120
229001445,66,36,30
229001503,275,31,244
229001504,0,0,0
229001505,93,7,86
229001506,0,0,0
229001509,59,1,58
229001545,66,25,41
229001546,0,0,0
229001553,58,14,44
229001554,0,0,0
229001559,0,3,-3
229001560,3,27,-24
229001630,65,2,63
229001631,1,35,-34
229001635,0,7,-7
229001636,0,0,0
229001658,0,0,0
229001659,72,3,69
229001660,1,0,1
229001661,0,8,-8
229001662,41,0,41
229001663,0,0,0
229002584,110,126,-16
229002831,62,44,18
229002841,5,10,-5
229002842,6,9,-3
229002843,20,6,14
229002844,8,81,-73
229002845,0,52,-52
229002846,3,7,-4
229002847,0,4,-4
229002848,9,9,0
229002849,0,68,-68
229002850,0,9,-9
229002851,16,95,-79
229002852,46,32,14
229002853,37,0,37
229002854,14,10,4
229002855,0,4,-4
229002856,30,14,16
229002857,43,22,21
229002858,35,2,33
229002859,9,3,6
229002860,24,5,19
229002861,36,42,-6
229002862,1,16,-15
229002863,0,22,-22
229002864,32,8,24
229002865,0,13,-13
229002866,19,10,9
229002867,0,22,-22
229002868,2,2,0
229002869,0,58,-58
229002870,36,6,30
235000066,112,23,89
235000067,31,34,-3
235000072,0,0,0
235000073,0,0,0
235000074,0,0,0
235000080,0,0,0
235000081,0,0,0
235000082,391,21,370
235000083,180,40,140
235000084,48,26,22
235000085,161,14,147
235000089,5,29,-24
235000092,0,0,0
235000093,0,0,0
235000097,0,0,0
235000098,72,6,66
235000099,1,9,-8
235000116,14,15,-1
235000117,376,10,366
235000133,0,0,0
235000134,0,0,0
235000206,0,0,0
235000207,0,0,0
235000208,0,1,-1
235000209,2,2,0
235000210,7,2,5
235000212,0,0,0
235000213,0,0,0
235000220,0,0,0
235000221,0,0,0
235000238,8,244,-236
235000239,0,12,-12
235000242,157,967,-810
235000245,0,0,0
235000246,0,1,-1
235000284,0,45,-45
235000295,33,2,31
235000305,208,4,204
235000306,353,3,350
235000307,6,2,4
235000308,3,0,3
235000309,64,0,64
235000310,24,1,23
235000311,21,4,17
235000322,0,8,-8
235000323,1,12,-11
235000324,1,7,-6
235000325,0,11,-11
235000326,2,61,-59
235000351,14,70,-56
235000352,21,38,-17
235000353,10,28,-18
235000354,0,7,-7
235000355,9,45,-36
235000356,38,0,38
235000357,23,3,20
235000358,27,2,25
235000359,1,4,-3
235000360,27,2,25
235000361,58,3,55
235000381,0,0,0
235000382,121,23,98
235000390,0,1,-1
235000391,159,5,154
235000392,103,89,14
235000393,107,85,22
235000395,70,12,58
235000396,341,26,315
235000400,53,73,-20
235000401,0,0,0
235000405,0,0,0
235000406,0,0,0
235000407,0,0,0
235000409,0,0,0
235000410,0,0,0
235000411,0,0,0
235000485,0,0,0
235000486,4,0,4
235000549,64,91,-27
235000550,0,0,0
235000599,0,0,0
235000600,0,0,0
235000601,35,5,30
235000602,86,18,68
235000614,0,0,0
235000648,0,0,0
235000649,2,2,0
235000685,0,0,0
235000815,7,27,-20
235000834,0,8,-8
235000855,22,27,-5
235000862,0,0,0
235000891,0,0,0
235000892,4,0,4
235000901,0,0,0
235000907,0,0,0
235001010,43,24,19
235001029,0,0,0
235001030,160,35,125
235001078,147,37,110
235001079,0,0,0
235001147,14,19,-5
235001166,1,27,-26
235001167,0,0,0
235001169,20,96,-76
235001188,0,0,0
235001189,0,3,-3
235001197,0,0,0
235001200,0,0,0
235001207,355,35,320
235001210,0,0,0
235001215,0,0,0
235001239,0,0,0
235001244,0,1,-1
235016267,0,34,-34
277102712,0,0,0
277103813,0,0,0
277103814,0,0,0
277104249,0,1,-1
277104250,0,5,-5
277104251,0,2,-2
277104252,0,0,0
990011530,0,54,-54
990014944,0,54,-54
990015176,20,10,10
990015618,0,14,-14
990016032,0,46,-46
990032570,4,30,-26
990070001,67,2,65
990070103,0,0,0
990070601,0,9,-9
990070751,1315,2,1313
990070766,0,41,-41
990071180,291,23,268
990071343,2,0,2
990071387,0,0,0
990071823,195,2,193
990072600,3,491,-488
990072964,0,61,-61
990073285,0,3,-3
990074393,0,170,-170
990074870,1008,5,1003
990075106,193,2,191
990075746,566,14,552
990076437,2802,4,2798
990076458,0,283,-283
997000007,125,7,118
997000041,0,108,-108
997000058,54,0,54
997000062,36,0,36
997000069,0,9,-9
997000070,0,13,-13
997000100,32,0,32
997000141,0,0,0
997000198,0,10,-10
998000475,0,0,0
998000736,0,49,-49
998000965,0,31,-31
998001031,0,23,-23
998001700,1,9,-8
998001899,0,0,0
998001900,4,8,-4
998003073,1217,52,1165
998101900,0,0,0
998102850,2,103,-101
998501927,169,118,51
998501929,61,1,60
998501930,66,3,63
998501931,75,3,72
998501932,3,1,2
998501933,29,1,28
998501937,72,23,49
998501944,0,0,0
998501950,0,1,-1
998501970,92,11,81
998501971,0,19,-19
998501973,0,3,-3
998501974,1,118,-117
998501975,136,0,136
998501976,128,11,117
998501977,0,25,-25
998501978,5,0,5
998501979,0,1,-1
998501980,23,0,23
998501981,32,1,31
998501982,0,24,-24
998501983,0,1,-1
998502006,0,0,0
998502024,0,9,-9
998502032,0,0,0
998502062,5,2,3
998502063,0,0,0
998502173,15,1,14
998502269,0,0,0
998502546,0,65,-65
998502578,0,0,0
998502599,4,242,-238
998502621,0,0,0
998601159,0,13,-13
998601292,0,5,-5
999033574,2,377,-375
999800001,22,2,20
999800002,0,1,-1
999800003,6,3,3
999800004,0,4,-4
999800005,0,0,0
