ID,insum,outsum,diff
100000001,1426,484,942
100000002,3891,6651,-2760
100000003,4086,4918,-832
100000004,308,1480,-1172
100000005,3291,3203,88
100000006,523,490,33
100000007,2455,1411,1044
100000008,43,344,-301
100000009,343,942,-599
100000010,35,903,-868
100000011,426,125,301
100000012,35,264,-229
100000013,5,112,-107
100000014,49,1211,-1162
100000015,938,1778,-840
100000016,266,2441,-2175
100000017,139,3220,-3081
100000018,533,542,-9
100000019,1996,2130,-134
100000020,1111,5510,-4399
100000021,4861,1444,3417
100000022,589,4246,-3657
100000023,4085,1617,2468
100000025,442,1544,-1102
100000028,304,2370,-2066
100000029,23,893,-870
100000030,37,28,9
100000031,2044,7191,-5147
100000032,1688,4376,-2688
100000033,1026,3012,-1986
100000034,102,1379,-1277
100000035,476,1186,-710
100000036,406,1724,-1318
100000037,774,340,434
100000038,2707,732,1975
100000039,176,191,-15
100000040,745,199,546
100000041,1651,910,741
100000042,1441,209,1232
100000043,627,91,536
100000044,41,167,-126
100000045,125,378,-253
100000046,183,307,-124
100000047,126,124,2
100000048,124,486,-362
100000049,833,629,204
100000051,517,410,107
100000053,58,17,41
100000054,239,20,219
100000055,493,254,239
100000056,200,352,-152
100000057,1999,314,1685
100000058,810,423,387
100000059,49,287,-238
100000060,831,308,523
100000061,2304,441,1863
100000062,1612,844,768
100000063,1170,410,760
100000064,1715,378,1337
100000065,267,394,-127
100000066,143,376,-233
100000067,164,677,-513
100000068,221,1169,-948
100000069,249,796,-547
100000072,75,240,-165
100000073,795,567,228
100000075,627,89,538
100000076,1314,8062,-6748
100000077,80,597,-517
100000078,1,62,-61
100000079,19,100,-81
100000080,2,35,-33
100000081,17,47,-30
100000102,2108,5230,-3122
100000103,1059,5916,-4857
100000104,2760,2347,413
100000105,1060,1732,-672
100000106,504,3450,-2946
100000107,93,1304,-1211
100000108,205,984,-779
100000109,341,1490,-1149
100000116,189,478,-289
100000117,45,149,-104
100000118,410,1209,-799
100000119,694,940,-246
100000121,113,516,-403
100000122,488,2201,-1713
100000123,667,1611,-944
100000124,1640,1915,-275
100000125,6689,1926,4763
100000126,360,691,-331
100000127,1002,734,268
100000128,424,3069,-2645
100000129,271,833,-562
100000130,1075,161,914
100000131,592,714,-122
100000132,958,1079,-121
100000133,813,465,348
100000135,498,926,-428
100000139,90,413,-323
100000140,122,117,5
100000142,625,427,198
100000143,859,269,590
100000144,874,211,663
100000147,1358,4885,-3527
100000150,120,373,-253
100000151,237,1639,-1402
100000153,35,462,-427
100000154,10,715,-705
100000155,0,60,-60
100000156,33,134,-101
100000157,145,167,-22
100000158,209,142,67
100000159,55,1019,-964
100000165,626,417,209
100000169,44,2778,-2734
100000174,344,1465,-1121
100000179,61,606,-545
100000180,770,1114,-344
100000181,310,191,119
100000188,27,47,-20
100000189,824,408,416
100000190,383,1255,-872
100000191,709,456,253
100000192,8,227,-219
100000193,330,200,130
100000330,528,955,-427
100000355,200,310,-110
100000362,1293,667,626
100000363,6352,6605,-253
100000364,36,188,-152
100000365,4604,7172,-2568
100000366,1200,701,499
100000367,4785,5088,-303
100000368,1349,1343,6
100000369,502,2122,-1620
100000370,99,896,-797
100000376,35,519,-484
100000379,605,3726,-3121
100000380,2502,7138,-4636
100000384,4893,5876,-983
100000385,936,4056,-3120
100000386,1087,7071,-5984
100000387,2715,7502,-4787
100000388,1344,3795,-2451
100000389,4254,6359,-2105
100000390,2248,2250,-2
100000391,1960,6443,-4483
100000392,343,1649,-1306
100000393,596,3505,-2909
100000394,1015,3724,-2709
100000395,641,3574,-2933
100000396,615,1429,-814
100000397,1091,5726,-4635
100000398,4265,2815,1450
100000413,0,3,-3
100900002,30,5,25
100900003,619,362,257
100900004,3,234,-231
100900005,178,29,149
100900006,32,6,26
100900007,297,0,297
100900008,0,155,-155
100900009,66,20,46
100900010,21,3,18
100900011,211,126,85
100900012,1,14,-13
100900013,1082,4,1078
100900014,0,2,-2
100900015,40,54,-14
100900016,1,6,-5
100900017,1214,34,1180
100900018,0,21,-21
100900019,73,65,8
100900020,439,3,436
100900021,426,1,425
100900022,1,6,-5
100900023,0,53,-53
100900024,427,13,414
100900025,12,1,11
100900026,129,53,76
100900027,309,2635,-2326
100900028,91,267,-176
100900029,28,2,26
100900030,0,98,-98
100900031,1226,23,1203
100900032,427,0,427
100900033,68,471,-403
100900034,1943,0,1943
100900035,176,0,176
100900036,23,0,23
100900037,155,43,112
100900038,21,40,-19
100900039,253,74,179
100900040,737,346,391
100900041,1852,102,1750
100900042,359,3272,-2913
100900043,0,15,-15
100900044,774,894,-120
100900045,16,0,16
100900046,1210,5,1205
100900047,421,120,301
100900048,69,2,67
100900049,50,18,32
100900050,0,11,-11
100900051,5,169,-164
100900052,277,3,274
100900053,715,16,699
100900054,5,16,-11
100900055,383,1358,-975
100900056,30,45,-15
100900057,1578,307,1271
100900058,129,22,107
100900059,249,0,249
100900060,193,3,190
100900061,80,165,-85
100900062,2,1,1
100900063,364,1177,-813
100900064,496,4,492
100900065,63,182,-119
100900066,113,46,67
100900067,12,0,12
100900068,167,293,-126
100900069,89,1,88
100900070,867,1,866
100900071,153,60,93
100900072,5,10,-5
100900073,140,114,26
100900074,0,20,-20
100900075,970,36,934
100900076,2,11,-9
100900077,107,12,95
100900078,84,243,-159
100900079,1,4,-3
100900080,179,42,137
100900081,9,89,-80
100900082,206,99,107
100900083,35,4,31
100900085,10,353,-343
100900086,9,293,-284
100900088,174,57,117
100900089,0,7,-7
100900090,75,859,-784
100900091,2,8,-6
100900092,65,177,-112
100900093,368,674,-306
100900094,200,43,157
100900095,5,19,-14
100900096,26,121,-95
100900097,2,0,2
100900098,7,19,-12
100900099,0,181,-181
100900100,0,156,-156
100900101,183,31,152
100900102,2,54,-52
100900103,2,2,0
100900104,2,54,-52
100900105,1,355,-354
100900106,8,1,7
100900107,1329,468,861
100900108,2,25,-23
100900109,6,39,-33
100900110,8,14,-6
100900111,22,168,-146
100900112,3,20,-17
100900113,7,33,-26
100900114,11,24,-13
100900115,14,34,-20
100900116,698,306,392
100900117,162,1107,-945
100900118,14,56,-42
100900119,6,79,-73
100900120,44,5,39
100900121,554,308,246
100900122,16,56,-40
100900123,203,11,192
100900124,0,5,-5
100900125,5,18,-13
100900126,745,175,570
100900127,1,0,1
100900128,36,274,-238
100900129,0,193,-193
100900131,14,63,-49
100900133,107,14,93
100900134,17,0,17
100900135,1,268,-267
100900137,253,142,111
100900138,364,236,128
100900139,1,34,-33
100900140,0,83,-83
100900141,2,356,-354
100900142,1,5,-4
100900143,141,452,-311
100900144,3,3,0
100900145,23,405,-382
100900146,0,19,-19
100900147,2,1616,-1614
100900148,36,77,-41
100900149,5,630,-625
100900150,0,91,-91
100900151,27,173,-146
100900152,47,0,47
100900153,0,205,-205
100900154,0,141,-141
100900155,13,0,13
100900156,2,0,2
100900157,5,386,-381
100900159,7,30,-23
100900160,32,0,32
100900161,8,0,8
100900162,7,182,-175
100900163,32,51,-19
100900164,236,9,227
100900165,14,8,6
100900166,0,1,-1
100900167,6,19,-13
100900168,6,80,-74
100900169,31,510,-479
100900170,11,2,9
100900171,4,301,-297
100900172,1,98,-97
100900173,0,69,-69
100900174,26,17,9
100900176,960,218,742
100900177,220,111,109
100900178,146,217,-71
100900179,179,214,-35
100900180,6,2,4
100900181,10,30,-20
100900182,19,11,8
100900184,100,85,15
100900186,305,258,47
100900187,67,43,24
100900188,23,15,8
100900189,1928,317,1611
100900191,179,1057,-878
100900192,47,211,-164
100900195,75,235,-160
100900197,74,40,34
100900198,26,11,15
100900199,4,1,3
100900200,427,112,315
100900201,14,517,-503
100900202,38,0,38
100900203,0,29,-29
100900204,56,137,-81
100900205,78,482,-404
100900206,227,318,-91
100900207,337,82,255
100900210,20,70,-50
100900211,325,103,222
100900213,33,22,11
100900214,133,155,-22
100900215,52,6,46
100900217,14,47,-33
101000001,1787,2030,-243
101000002,6376,8078,-1702
101000003,225,926,-701
101000004,5436,6530,-1094
101000005,4464,6455,-1991
101000006,5443,9312,-3869
101000007,2444,4366,-1922
101000008,1364,1902,-538
101000009,2301,531,1770
101000010,1050,557,493
101000011,716,257,459
101000012,170,425,-255
101000013,304,1039,-735
101000014,274,294,-20
101000015,2733,1230,1503
101000016,227,554,-327
101000017,234,365,-131
101000018,1083,5597,-4514
101000020,848,1096,-248
101000021,374,649,-275
101000022,61,475,-414
101000023,727,697,30
101000025,269,571,-302
101000026,494,47,447
101000027,1504,2965,-1461
101000028,612,229,383
101000029,19,973,-954
101000030,462,107,355
101000031,43,529,-486
101000032,1821,3960,-2139
101000033,733,4541,-3808
101000034,235,2515,-2280
101000035,377,430,-53
101000036,323,2148,-1825
101000037,612,3701,-3089
101000039,1328,3111,-1783
101000040,2288,6809,-4521
101000041,1432,5474,-4042
101000042,37,776,-739
101000043,2514,5802,-3288
101000045,176,634,-458
101000046,719,1819,-1100
101000047,739,3705,-2966
101000048,368,246,122
101000049,512,1562,-1050
101000050,224,1342,-1118
101000051,522,1678,-1156
101000052,1253,1454,-201
101000053,219,960,-741
101000054,1292,575,717
101000055,1263,1207,56
101000056,4,97,-93
101000057,389,3394,-3005
101000058,504,1997,-1493
101000059,2379,3581,-1202
101000060,2154,871,1283
101000061,150,2280,-2130
101000062,110,988,-878
101000063,123,1358,-1235
101000064,125,1574,-1449
101000065,68,899,-831
101000066,260,1053,-793
101000067,161,579,-418
101000068,60,323,-263
101000069,69,33,36
101000070,256,522,-266
101000071,2872,1137,1735
101000072,391,1877,-1486
101000073,339,750,-411
101000074,1278,2245,-967
101000075,1147,1902,-755
101000077,1344,1430,-86
101000078,525,589,-64
101000079,703,707,-4
101000080,757,442,315
101000081,1051,1075,-24
101000082,1089,1045,44
101000083,2614,1687,927
101000084,830,379,451
101000085,1313,713,600
101000086,628,539,89
101000087,429,526,-97
101000088,1740,785,955
101000089,959,1300,-341
101000090,936,477,459
101000091,370,354,16
101000092,2181,323,1858
101000093,1586,248,1338
101000094,547,416,131
101000095,535,455,80
101000096,744,186,558
101000097,332,607,-275
101000098,246,590,-344
101000099,331,881,-550
101000100,719,1012,-293
101000101,134,761,-627
101000102,332,971,-639
101000103,306,691,-385
101000104,133,580,-447
101000105,239,466,-227
101000106,101,1634,-1533
101000107,265,442,-177
101000108,353,77,276
101000109,936,151,785
101000110,42,115,-73
101000111,15,166,-151
101000113,64,837,-773
101000114,1157,4884,-3727
101000115,5,8,-3
101000116,8,1,7
101000117,821,156,665
101000119,12,121,-109
101000120,37,123,-86
101000121,21,54,-33
101000122,47,110,-63
101000123,31,105,-74
101000124,408,400,8
101000125,94,66,28
101000128,235,1728,-1493
101000130,120,171,-51
101000131,1743,255,1488
101000132,624,273,351
101000135,2,25,-23
101000136,42,92,-50
101000137,3,403,-400
101000141,540,4207,-3667
101000147,1269,203,1066
101000148,941,21,920
101000149,10,38,-28
101000150,162,95,67
101000151,468,31,437
101000152,360,308,52
101000153,180,97,83
101000154,798,348,450
101000155,638,178,460
101000156,29,689,-660
101000157,10,159,-149
101000160,2,13,-11
101000163,31,506,-475
101000164,272,78,194
101000165,212,455,-243
101000166,123,259,-136
101000168,1222,213,1009
101000252,2527,538,1989
101000254,47,78,-31
101000258,80,5,75
101000261,42,66,-24
101000262,1274,5145,-3871
101000263,217,1173,-956
101000265,60,508,-448
101000266,267,178,89
101000269,16,50,-34
101000290,138,3269,-3131
101000293,4,14,-10
101000294,343,317,26
101000295,279,127,152
101000301,193,570,-377
101000304,1848,3242,-1394
101000305,2020,1185,835
101000328,78,1121,-1043
101900001,25,50,-25
101900002,0,9,-9
101900003,36,88,-52
101900004,0,146,-146
101900005,859,4285,-3426
101900006,1193,68,1125
101900007,229,239,-10
101900008,40,251,-211
101900009,11,444,-433
101900010,344,433,-89
101900011,60,1435,-1375
101900012,277,97,180
101900013,250,69,181
101900017,11,68,-57
101900018,902,390,512
101900019,33,114,-81
101900020,80,54,26
101900021,0,34,-34
101900022,143,750,-607
101900023,153,80,73
101900026,124,12,112
101900027,16,102,-86
102000001,3549,6527,-2978
102000002,2189,2552,-363
102000003,1483,4557,-3074
102000004,3899,2852,1047
102000005,1232,3455,-2223
102000006,574,932,-358
102000007,1464,3845,-2381
102000008,4538,1382,3156
102000009,7254,7759,-505
102000010,3139,1982,1157
102000011,4424,4234,190
102000012,3480,2057,1423
102000018,2549,3171,-622
102000019,2395,1971,424
102000026,495,368,127
102000029,248,270,-22
102000030,91,371,-280
102000031,120,63,57
102000032,790,316,474
102000033,665,225,440
102000034,310,200,110
102000035,586,397,189
102000036,42,137,-95
102000037,153,22,131
102000038,159,139,20
102000039,74,65,9
102000040,185,140,45
102000041,28,287,-259
102000042,46,203,-157
102000043,54,307,-253
102000044,358,870,-512
102000045,717,529,188
102000046,1643,518,1125
102000047,1326,498,828
102000048,748,419,329
102000049,905,691,214
102000050,1414,819,595
102000051,150,290,-140
102000052,1362,709,653
102000053,791,759,32
102000054,823,869,-46
102000055,984,112,872
102000056,1562,229,1333
102000057,1704,498,1206
102000058,557,626,-69
102000059,621,698,-77
102000060,586,766,-180
102000061,1722,1107,615
102000062,2239,679,1560
102000063,794,1169,-375
102000064,465,557,-92
102000065,21,89,-68
102000066,583,311,272
102000067,5111,4302,809
102000068,7509,3165,4344
102000069,82,2113,-2031
102000070,1847,34,1813
102000071,5291,11379,-6088
102000072,2180,3344,-1164
102000073,445,262,183
102000074,663,474,189
102000075,209,87,122
102000076,511,89,422
102000077,771,236,535
102000078,1529,139,1390
102000079,192,44,148
102000080,260,98,162
102000081,264,437,-173
102000082,703,226,477
102000083,1014,154,860
102000084,959,94,865
102000085,1164,378,786
102000086,1617,465,1152
102000087,421,723,-302
102000088,453,225,228
102000089,1785,179,1606
102000090,269,1249,-980
102000091,960,741,219
102000092,256,571,-315
102000093,616,529,87
102000094,474,231,243
102000095,449,812,-363
102000096,403,311,92
102000097,546,202,344
102000098,231,232,-1
102000099,558,395,163
102000100,149,365,-216
102000101,207,239,-32
102000102,116,1163,-1047
102000103,3011,427,2584
102000104,337,345,-8
102000105,293,290,3
102000106,862,251,611
102000107,2151,82,2069
102000108,533,416,117
102000109,752,539,213
102000110,1403,280,1123
102000111,36,785,-749
102000112,113,161,-48
102000113,12,44,-32
102000114,1082,368,714
102000115,231,379,-148
102000116,193,614,-421
102000117,66,836,-770
102000118,750,2200,-1450
102000119,424,902,-478
102000120,244,382,-138
102000121,1384,175,1209
102000122,530,554,-24
102000123,812,553,259
102000124,1264,861,403
102000125,396,441,-45
102000126,413,527,-114
102000127,1319,427,892
102000128,692,675,17
102000129,1329,437,892
102000130,525,767,-242
102000131,577,670,-93
102000132,339,762,-423
102000133,4272,1548,2724
102000134,1616,531,1085
102000135,366,640,-274
102000136,459,400,59
102000137,284,229,55
102000138,312,103,209
102000139,45,195,-150
102000140,106,140,-34
102000141,133,339,-206
102000142,255,125,130
102000143,332,81,251
102000144,436,67,369
102000145,361,152,209
102000146,499,80,419
102000147,571,282,289
102000148,123,336,-213
102000149,423,96,327
102000150,1021,57,964
102000151,135,68,67
102000152,387,95,292
102000153,671,293,378
102000154,88,173,-85
102000155,35,259,-224
102000156,222,101,121
102000157,18,402,-384
102000158,392,489,-97
102000159,917,1131,-214
102000161,2075,2201,-126
102000162,73,223,-150
102000163,118,288,-170
102000164,478,674,-196
102000165,211,214,-3
102000166,26,176,-150
102000167,176,160,16
102000168,189,176,13
102000169,107,624,-517
102000170,618,150,468
102000171,84,53,31
102000172,2,420,-418
102000173,466,325,141
102000174,189,70,119
102000175,88,49,39
102000176,28,25,3
102000178,198,406,-208
102000179,419,220,199
102000180,896,197,699
102000181,1325,265,1060
102000182,710,494,216
102000183,1984,569,1415
102000184,2082,411,1671
102000185,2767,284,2483
102000186,1885,519,1366
102000187,1021,396,625
102000188,1296,1035,261
102000189,1121,150,971
102000190,511,1815,-1304
102000191,703,260,443
102000192,1937,1598,339
102000193,69,127,-58
102000194,57,270,-213
102000195,772,343,429
102000196,285,220,65
102000197,1438,118,1320
102000198,287,253,34
102000199,1567,100,1467
102000200,316,281,35
102000201,2108,402,1706
102000202,9,201,-192
102000203,724,98,626
102000204,1145,560,585
102000205,1449,1027,422
102000206,668,502,166
102000207,708,688,20
102000208,333,805,-472
102000209,96,97,-1
102000210,906,377,529
102000211,1013,154,859
102000212,614,3,611
102000213,17,213,-196
102000214,704,3,701
102000215,9,127,-118
102000216,248,161,87
102000217,11,36,-25
102000218,247,257,-10
102000219,113,56,57
102000225,236,1023,-787
102000226,97,292,-195
102000227,169,13,156
102000228,0,122,-122
102000229,140,18,122
102000230,380,215,165
102000231,405,273,132
102000232,67,188,-121
102000233,1101,248,853
102000234,83,1023,-940
102000236,279,19,260
102000237,1036,375,661
102000238,384,239,145
102000240,346,771,-425
102000241,122,57,65
102000243,3,36,-33
102000245,7,76,-69
102000246,4,48,-44
102000247,153,345,-192
102000248,181,846,-665
102000249,95,46,49
102000250,96,134,-38
102000254,671,88,583
102000266,7,172,-165
102000271,35,0,35
102000286,265,215,50
102000297,2307,585,1722
102000301,0,1,-1
102000303,0,7,-7
102000307,0,1,-1
102900001,1130,232,898
102900002,256,41,215
102900003,155,26,129
102900005,567,140,427
102900006,549,39,510
102900007,734,5,729
102900008,266,13,253
102900009,135,347,-212
102900010,213,796,-583
102900011,791,467,324
102900012,433,94,339
102900013,76,32,44
102900015,686,371,315
102900016,256,8,248
102900017,288,72,216
102900018,67,51,16
102900019,569,389,180
102900020,186,12,174
102900021,55,11,44
102900022,43,17,26
102900023,6,7,-1
102900024,27,38,-11
102900025,53,2,51
102900026,269,2162,-1893
102900027,68,44,24
102900028,289,990,-701
102900029,43,365,-322
102900030,394,393,1
102900031,267,71,196
102900032,185,18,167
102900033,113,61,52
102900034,822,33,789
102900035,189,69,120
102900036,297,75,222
102900037,169,193,-24
102900038,178,160,18
102900039,26,837,-811
102900040,242,286,-44
102900041,127,71,56
102900042,381,104,277
102900043,445,116,329
102900044,534,586,-52
102900045,275,159,116
102900046,174,61,113
102900047,183,640,-457
102900048,438,129,309
102900049,43,130,-87
102900050,108,498,-390
102900051,102,262,-160
102900052,27,43,-16
102900053,153,406,-253
102900054,158,1235,-1077
102900055,140,461,-321
102900056,126,154,-28
102900057,1,112,-111
102900058,308,75,233
102900059,24,14,10
102900060,81,364,-283
102900061,224,387,-163
102900062,236,220,16
102900063,2079,207,1872
102900064,50,300,-250
102900065,414,167,247
102900066,260,3,257
102900068,38,128,-90
102900070,276,189,87
102900072,3,84,-81
102900073,29,2,27
102900075,0,46,-46
102900076,26,66,-40
102900077,22,2,20
102900078,34,26,8
102900079,260,3,257
102900080,478,16,462
102900081,15,44,-29
102900082,6,43,-37
102900083,53,4,49
102900084,1,11,-10
102900085,64,35,29
102900086,17,24,-7
102900087,276,42,234
102900088,52,20,32
102900089,180,146,34
102900090,0,147,-147
102900091,520,1,519
102900092,1011,51,960
102900093,204,154,50
102900094,2,33,-31
102900095,26,1,25
102900096,146,4,142
102900097,255,117,138
102900098,11,1,10
103000001,2119,2057,62
103000002,2550,2498,52
103000003,2711,1776,935
103000004,750,386,364
103000005,1188,3720,-2532
103000006,1502,1617,-115
103000007,369,241,128
103000008,921,635,286
103000009,2847,1193,1654
103000010,128,40,88
103000011,1252,404,848
103000012,1158,1249,-91
103000013,1909,1314,595
103000014,914,2438,-1524
103000015,1238,724,514
103000016,362,1754,-1392
103000017,198,1087,-889
103000018,491,163,328
103000019,269,698,-429
103000020,1034,1016,18
103000021,2144,3050,-906
103000022,524,959,-435
103000023,842,2216,-1374
103000024,75,56,19
103000025,133,1382,-1249
103000026,240,101,139
103000027,146,526,-380
103000028,79,126,-47
103000029,56,242,-186
103000030,1834,907,927
103000031,628,2484,-1856
103000032,1369,922,447
103000033,3880,2689,1191
103000034,1038,639,399
103000035,84,660,-576
103000036,204,165,39
103000037,449,277,172
103000038,388,684,-296
103000039,808,222,586
103000040,865,294,571
103000041,2767,891,1876
103000042,2099,124,1975
103000043,1040,349,691
103000044,216,45,171
103000046,210,468,-258
103000047,804,239,565
103000048,186,175,11
103000049,94,63,31
103000050,972,62,910
103000051,895,344,551
103000052,846,134,712
103000053,319,277,42
103000054,1507,163,1344
103000055,1753,669,1084
103000056,720,592,128
103000057,1609,68,1541
103000058,999,208,791
103000059,1026,288,738
103000060,597,136,461
103000061,1096,565,531
103000062,642,73,569
103000063,1378,320,1058
103000064,125,49,76
103000065,7,150,-143
103000066,221,6,215
103000069,357,262,95
103000070,570,153,417
103000071,1967,545,1422
103000072,149,348,-199
103000073,1376,78,1298
103000074,1132,74,1058
103000075,68,400,-332
103000076,376,1139,-763
103000077,3,250,-247
103000078,641,1412,-771
103000079,531,730,-199
103000080,295,338,-43
103000081,244,804,-560
103000082,647,136,511
103000083,163,237,-74
103000084,104,4,100
103000085,0,87,-87
103000086,302,426,-124
103000087,205,634,-429
103000088,123,270,-147
103000089,313,732,-419
103000090,3433,890,2543
103000091,891,436,455
103000092,390,181,209
103000093,358,503,-145
103000094,396,103,293
103000095,105,305,-200
103000096,567,18,549
103000097,10,553,-543
103000098,627,66,561
103000099,66,740,-674
103000100,173,352,-179
103000101,1660,87,1573
103000102,91,178,-87
103000103,787,80,707
103000104,271,54,217
103000105,338,43,295
103000106,6,126,-120
103000107,330,72,258
103000108,1551,1593,-42
103000109,552,801,-249
103000110,364,826,-462
103000111,363,577,-214
103000112,239,522,-283
103000113,532,1358,-826
103000114,1688,1025,663
103000115,952,799,153
103000116,831,224,607
103000117,431,368,63
103000118,285,202,83
103000119,954,298,656
103000120,39,213,-174
103000121,41,168,-127
103000122,434,881,-447
103000125,11,16,-5
103000126,1145,1,1144
103000127,0,51,-51
103000128,248,0,248
103000129,1,43,-42
103000130,69,66,3
103000131,27,93,-66
103000132,29,41,-12
103000133,38,18,20
103000134,159,1244,-1085
103000135,559,156,403
103000136,372,349,23
103000137,288,369,-81
103000138,335,494,-159
103000139,0,29,-29
103000140,68,9,59
103000141,5,115,-110
103000142,111,53,58
103000143,40,78,-38
103000144,207,32,175
103000145,7,27,-20
103000150,57,12,45
103000152,167,311,-144
103000153,199,191,8
103000156,4,41,-37
103000157,430,0,430
103000159,282,115,167
103000162,27,11,16
103000163,16,19,-3
103000164,2,5,-3
103000165,36,88,-52
103000166,324,733,-409
103000167,158,196,-38
103000168,180,92,88
103000169,269,1085,-816
103000170,2097,230,1867
103000171,23,80,-57
103000172,1033,54,979
103000173,1555,162,1393
103000174,625,192,433
103000175,334,78,256
103000176,786,1245,-459
103000177,152,732,-580
103000178,39,206,-167
103000179,99,15,84
103000183,616,1,615
103000185,265,81,184
103000186,480,44,436
103000187,1957,52,1905
103000188,6,64,-58
103000189,704,616,88
103000191,400,228,172
103000292,335,2201,-1866
103000293,328,3868,-3540
103000295,37,135,-98
103000296,66,0,66
103000297,1,24,-23
103000504,62,9,53
103000505,1,11,-10
103000506,3,84,-81
103000507,211,7,204
103000508,76,54,22
103000509,226,473,-247
103900001,18,28,-10
103900002,369,58,311
103900003,814,245,569
103900004,167,2,165
103900005,0,66,-66
103900006,4,4,0
103900007,257,1,256
103900008,11,0,11
103900009,393,66,327
103900010,225,67,158
103900011,1055,55,1000
103900012,12,103,-91
103900013,59,6,53
103900014,256,26,230
103900015,105,7,98
103900016,235,99,136
103900017,113,45,68
103900018,177,7,170
103900019,10,461,-451
103900020,292,346,-54
103900021,164,166,-2
103900022,473,491,-18
103900023,312,3,309
103900024,194,122,72
103900025,11,14,-3
103900026,0,0,0
103900027,210,179,31
103900028,57,389,-332
103900029,1339,103,1236
103900030,223,45,178
103900031,117,3,114
103900032,79,160,-81
103900033,203,19,184
103900034,84,15,69
103900035,72,89,-17
103900036,24,62,-38
103900037,195,54,141
103900038,76,210,-134
103900039,300,53,247
103900040,6,124,-118
103900041,157,8,149
103900042,202,26,176
103900043,486,15,471
103900044,4,530,-526
103900045,410,223,187
103900047,212,11,201
103900048,2,19,-17
103900049,48,727,-679
103900050,14,167,-153
103900051,0,79,-79
103900052,280,246,34
103900053,545,96,449
103900054,271,65,206
103900055,565,89,476
103900056,172,16,156
103900057,184,60,124
103900058,577,141,436
103900059,0,76,-76
103900060,71,24,47
103900061,249,3,246
103900062,1338,286,1052
103900063,1,0,1
103900064,275,0,275
103900065,116,198,-82
103900066,379,37,342
103900067,352,23,329
103900068,0,2,-2
103900069,116,3,113
103900070,131,111,20
103900071,9,27,-18
103900072,51,91,-40
103900073,140,60,80
103900074,162,13,149
103900075,322,16,306
103900076,793,143,650
103900077,28,143,-115
103900078,442,71,371
103900079,18,65,-47
103900080,4,14,-10
103900081,4,19,-15
103900082,84,125,-41
103900083,1087,2248,-1161
103900084,3,78,-75
103900085,43,47,-4
103900086,2141,174,1967
103900088,236,316,-80
103900089,66,92,-26
103900090,10,22,-12
103900091,510,44,466
103900092,805,373,432
103900093,75,216,-141
103900094,3,42,-39
103900095,129,301,-172
103900096,229,31,198
103900097,25,88,-63
103900098,339,95,244
103900099,427,16,411
103900100,484,33,451
103900101,492,597,-105
103900102,2,42,-40
103900104,0,3,-3
103900105,13,34,-21
103900106,2,536,-534
103900107,350,9,341
103900108,51,54,-3
103900109,335,3,332
103900110,493,24,469
103900111,511,98,413
103900112,24,21,3
103900113,9,60,-51
103900114,491,175,316
103900115,141,132,9
103900116,893,2818,-1925
103900117,24,9,15
103900119,11,253,-242
103900120,98,22,76
103900122,191,33,158
103900123,205,804,-599
103900124,6,91,-85
103900125,187,21,166
103900126,723,58,665
103900127,149,99,50
103900128,229,25,204
103900131,37,41,-4
103900133,797,13,784
103900134,1,18,-17
103900135,1,0,1
103900137,1,11,-10
103900138,278,6,272
103900139,103,4507,-4404
103900140,3,495,-492
103900141,100,12,88
103900142,888,34,854
103900143,246,3,243
103900144,0,42,-42
103900145,71,156,-85
103900146,301,150,151
103900147,598,81,517
103900148,744,144,600
103900149,394,125,269
103900150,2475,6359,-3884
103900151,2,86,-84
103900152,1325,116,1209
103900153,14,9,5
103900154,126,2616,-2490
103900155,10,31,-21
103900156,30,7,23
103900157,321,9,312
103900158,572,3,569
103900159,537,2,535
103900160,28,17,11
103900161,26,72,-46
103900162,34,22,12
103900163,20,205,-185
103900167,0,132,-132
103900168,50,14,36
103900169,6,30,-24
103900170,0,13,-13
103900171,2,8,-6
103900172,2,0,2
103900173,13,15,-2
103900174,495,22,473
103900175,26,122,-96
103900176,2,10,-8
103900177,6,3,3
103900178,98,2,96
103900179,53,11,42
103900180,4,15,-11
103900181,8,43,-35
103900182,6,12,-6
103900184,119,39,80
103900185,11,1346,-1335
103900187,4,171,-167
103900188,175,123,52
103900189,145,6,139
103900190,168,7,161
103900191,12,29,-17
103900192,47,17,30
103900193,28,28,0
103900194,119,59,60
103900195,0,159,-159
103900196,60,38,22
103900197,3,28,-25
103900198,3,12,-9
103900199,137,68,69
103900200,266,26,240
103900201,74,17,57
103900202,6,24,-18
103900203,58,82,-24
103900204,1,15,-14
103900207,0,31,-31
103900208,205,1,204
103900209,0,40,-40
103900210,37,16,21
103900211,1032,113,919
103900212,165,65,100
103900213,4,203,-199
103900214,120,456,-336
103900215,48,368,-320
103900216,0,66,-66
103900217,471,69,402
103900218,2,485,-483
103900219,382,81,301
103900233,48,8,40
103900235,25,60,-35
103900236,18,3,15
103900242,3,12,-9
103900243,0,1,-1
103900244,96,23,73
103900245,255,60,195
103900246,14,75,-61
103900247,11,24,-13
103900248,0,34,-34
103900249,0,49,-49
103900250,18,11,7
103900251,1,3,-2
103900253,3,64,-61
103900254,0,15,-15
103900255,1,36,-35
103900256,15,8,7
103900257,99,140,-41
103900258,20,5,15
103900259,5,13,-8
103900261,74,1,73
103900262,54,1,53
103900263,24,91,-67
103900264,20,0,20
103900265,9,2,7
103900266,0,77,-77
103900267,7,51,-44
103900268,61,6,55
103900269,255,4,251
103900270,46,26,20
103900271,98,12,86
103900272,60,20,40
103900273,131,3,128
103900274,332,9,323
103900275,426,4,422
103900276,17,6,11
103900277,15,1,14
103900278,7,9,-2
103900279,6,83,-77
103900280,3,15,-12
104000001,3247,1491,1756
104000002,2122,1342,780
104000003,2012,1220,792
104000004,2637,1381,1256
104000005,2347,1334,1013
104000006,2667,1632,1035
104000007,4361,2930,1431
104000008,183,139,44
104000009,279,146,133
104000010,199,484,-285
104000011,182,140,42
104000012,138,133,5
104000013,352,552,-200
104000014,294,127,167
104000015,570,107,463
104000016,221,74,147
104000018,937,215,722
104000019,878,328,550
104000020,61,171,-110
104000021,411,136,275
104000022,447,373,74
104000023,1825,315,1510
104000024,187,152,35
104000026,49,147,-98
104000027,293,143,150
104000028,682,349,333
104000029,371,217,154
104000030,714,326,388
104000031,1664,65,1599
104000032,148,113,35
104000033,1079,196,883
104000034,209,81,128
104000035,1457,232,1225
104000036,1327,298,1029
104000037,136,135,1
104000038,455,293,162
104000039,223,95,128
104000040,67,633,-566
104000041,677,340,337
104000042,133,123,10
104000043,108,208,-100
104000044,273,684,-411
104000045,688,371,317
104000046,538,544,-6
104000047,632,410,222
104000048,973,379,594
104000049,942,368,574
104000050,78,445,-367
104000051,323,426,-103
104000052,1882,1501,381
104000053,1288,231,1057
104000054,744,126,618
104000055,1751,1322,429
104000056,518,83,435
104000057,239,134,105
104000058,1194,655,539
104000059,770,905,-135
104000060,1294,999,295
104000061,1071,612,459
104000062,332,73,259
104000064,518,203,315
104000065,32,403,-371
104000069,332,1735,-1403
104000070,44,659,-615
104000071,181,142,39
104000072,713,103,610
104000075,17,349,-332
104000076,854,39,815
104000082,1840,3090,-1250
104000083,623,140,483
104000084,92,171,-79
104000085,572,154,418
104000086,346,177,169
104000087,355,1537,-1182
104000090,1426,306,1120
104000092,1808,388,1420
104000094,768,432,336
104000095,3055,1092,1963
104000096,3335,31,3304
104000097,3132,262,2870
104000098,4692,282,4410
104000100,3025,567,2458
104000101,1757,1038,719
104000106,30,446,-416
104000107,414,197,217
104000108,267,149,118
104000109,349,113,236
104000110,692,1348,-656
104000111,2032,4968,-2936
104000112,432,304,128
104000116,0,303,-303
104000117,421,157,264
104000118,2334,85,2249
104000119,1348,232,1116
104000120,436,190,246
104000121,315,171,144
104000122,671,296,375
104000123,753,479,274
104000124,239,881,-642
104000125,1299,5800,-4501
104000126,461,445,16
104000127,1460,1002,458
104000128,585,91,494
104000129,471,21,450
104000130,1,396,-395
104000131,186,525,-339
104000132,354,851,-497
104000133,1625,743,882
104000134,858,1600,-742
104000135,398,1172,-774
104000136,548,2375,-1827
104000137,1500,381,1119
104000138,967,356,611
104000139,1973,1992,-19
104000141,673,366,307
104000142,759,241,518
104000143,818,182,636
104000144,169,273,-104
104000145,321,114,207
104000146,102,332,-230
104000147,106,291,-185
104000148,609,122,487
104000149,118,90,28
104000150,1263,224,1039
104000151,392,110,282
104000152,664,126,538
104000153,1071,421,650
104000154,536,136,400
104000155,518,811,-293
104000157,1117,692,425
104000158,85,278,-193
104000159,813,286,527
104000160,1798,2577,-779
104000161,115,83,32
104000162,107,59,48
104000165,751,664,87
104000167,649,1802,-1153
104000168,1422,2,1420
104000169,310,22,288
104000170,131,214,-83
104000248,431,436,-5
104000251,63,94,-31
104000272,0,0,0
104000273,0,0,0
104000274,0,0,0
104000275,0,0,0
104000279,568,287,281
104000290,39,255,-216
104000291,309,948,-639
104000293,1346,1072,274
104000294,258,0,258
104000295,855,680,175
104000296,792,474,318
104000297,1006,1570,-564
104000298,1544,503,1041
104000299,1093,546,547
104900001,93,87,6
104900002,33,336,-303
104900003,46,100,-54
104900004,96,43,53
104900005,1019,183,836
104900006,1119,62,1057
104900007,974,28,946
104900009,164,83,81
104900010,165,4,161
104900011,1,2,-1
104900012,204,29,175
104900013,36,25,11
104900014,890,170,720
104900015,76,0,76
104900016,141,50,91
104900017,102,87,15
104900018,0,20,-20
104900019,102,6355,-6253
104900020,39,176,-137
104900021,0,13,-13
104900022,5,131,-126
104900023,2,28,-26
104900024,27,209,-182
104900025,70,143,-73
104900026,0,36,-36
104900027,1070,293,777
104900028,25,109,-84
104900029,3,7,-4
104900030,499,122,377
104900031,18,167,-149
104900032,8,37,-29
104900033,356,84,272
104900034,485,173,312
104900035,682,328,354
104900036,503,32,471
104900037,220,67,153
104900038,48,2433,-2385
104900039,125,857,-732
104900040,695,19,676
104900041,508,43,465
104900042,237,131,106
104900043,86,598,-512
104900044,1152,75,1077
104900045,273,21,252
104900046,973,64,909
104900047,587,54,533
104900048,736,43,693
104900049,108,38,70
104900050,1040,61,979
104900051,360,9,351
104900052,420,2,418
104900053,608,56,552
104900054,387,58,329
104900055,504,1,503
104900056,586,36,550
104900057,133,3,130
104900058,549,53,496
104900059,219,22,197
104900060,3,176,-173
104900061,156,68,88
104900063,0,124,-124
104900064,1,63,-62
104900065,4,278,-274
104900066,0,22,-22
104900067,4,417,-413
104900068,53,175,-122
104900070,32,117,-85
104900071,1,166,-165
104900072,36,79,-43
104900073,213,52,161
104900074,103,63,40
104900075,78,14,64
104900076,172,76,96
104900077,261,77,184
104900078,197,62,135
104900079,57,1561,-1504
104900080,209,143,66
104900082,7,133,-126
104900085,3,79,-76
104900087,371,3,368
104900089,825,7,818
104900090,1590,677,913
104900091,307,226,81
104900093,136,134,2
104900097,809,3484,-2675
104900098,244,39,205
104900099,22,586,-564
104900100,257,98,159
104900102,58,65,-7
104900103,233,38,195
104900104,1025,1191,-166
104900106,249,81,168
104900107,33,96,-63
104900108,9,82,-73
104900109,135,210,-75
104900110,17,6,11
104900111,128,23,105
104900112,299,129,170
104900113,1200,82,1118
104900114,933,279,654
104900115,1299,100,1199
104900116,822,53,769
104900118,13,14,-1
104900119,0,35,-35
104900120,20,1292,-1272
104900121,0,21,-21
104900122,0,27,-27
104900123,413,28,385
104900124,260,12,248
104900125,419,1,418
104900126,34,7,27
104900127,33,9,24
104900128,158,77,81
104900129,566,3179,-2613
105000001,2724,816,1908
105000002,2000,1185,815
105000003,2038,2941,-903
105000004,1522,664,858
105000005,2117,1153,964
105000006,1226,1828,-602
105000007,1801,2232,-431
105000008,574,2949,-2375
105000009,3823,3704,119
105000010,1955,527,1428
105000011,2867,3446,-579
105000012,1339,1249,90
105000013,1219,1106,113
105000014,4342,3183,1159
105000015,6501,13106,-6605
105000016,563,491,72
105000017,1345,962,383
105000018,473,1522,-1049
105000019,927,803,124
105000020,36,528,-492
105000021,259,102,157
105000022,62,106,-44
105000023,823,101,722
105000028,13,36,-23
105000029,605,865,-260
105000030,1964,1252,712
105000033,875,539,336
105000034,103,1556,-1453
105000037,665,88,577
105000038,861,1207,-346
105000039,471,609,-138
105000040,773,1075,-302
105000041,198,350,-152
105000042,1338,795,543
105000043,566,308,258
105000044,768,231,537
105000045,187,155,32
105000046,958,179,779
105000047,449,211,238
105000048,1178,283,895
105000049,181,354,-173
105000050,1023,351,672
105000051,206,235,-29
105000052,762,947,-185
105000053,55,68,-13
105000054,494,493,1
105000055,843,278,565
105000056,2586,1412,1174
105000057,1879,592,1287
105000058,1253,700,553
105000059,1873,615,1258
105000060,626,289,337
105000061,2566,346,2220
105000062,649,391,258
105000063,263,151,112
105000064,3488,678,2810
105000065,461,315,146
105000066,834,810,24
105000067,2142,853,1289
105000068,280,571,-291
105000069,879,3932,-3053
105000070,478,1157,-679
105000071,210,2573,-2363
105000072,1304,8951,-7647
105000073,1543,751,792
105000074,304,322,-18
105000075,579,328,251
105000076,1094,626,468
105000077,1759,581,1178
105000078,617,805,-188
105000079,608,1515,-907
105000080,1713,1621,92
105000081,700,813,-113
105000082,543,1141,-598
105000083,1604,1579,25
105000084,412,662,-250
105000085,2473,1705,768
105000086,719,596,123
105000087,1507,1388,119
105000088,2108,3381,-1273
105000089,1466,847,619
105000090,277,292,-15
105000091,418,431,-13
105000092,371,326,45
105000093,254,340,-86
105000094,245,125,120
105000095,236,538,-302
105000096,1306,1933,-627
105000097,374,414,-40
105000098,1701,1311,390
105000099,452,722,-270
105000100,2634,818,1816
105000101,2700,665,2035
105000102,2479,763,1716
105000103,1165,915,250
105000104,3055,1412,1643
105000105,1458,1226,232
105000106,2373,466,1907
105000107,2200,604,1596
105000108,2498,530,1968
105000109,3819,461,3358
105000110,1083,192,891
105000111,2408,298,2110
105000112,1003,367,636
105000113,726,706,20
105000114,914,1218,-304
105000115,259,2505,-2246
105000116,1536,628,908
105000117,924,367,557
105000118,1570,266,1304
105000119,730,267,463
105000120,2635,380,2255
105000121,1141,308,833
105000122,548,619,-71
105000123,511,307,204
105000124,2691,478,2213
105000125,1478,701,777
105000126,2633,1023,1610
105000127,3478,765,2713
105000128,896,1021,-125
105000129,1817,478,1339
105000130,88,4280,-4192
105000131,262,109,153
105000132,2148,1130,1018
105000133,337,457,-120
105000134,2106,249,1857
105000135,250,215,35
105000136,55,65,-10
105000137,825,160,665
105000138,121,77,44
105000139,818,296,522
105000140,825,232,593
105000141,587,167,420
105000142,438,435,3
105000143,277,194,83
105000144,423,269,154
105000145,821,172,649
105000146,478,275,203
105000147,783,245,538
105000148,845,501,344
105000149,4235,1032,3203
105000150,1424,296,1128
105000151,1322,264,1058
105000152,266,417,-151
105000153,1877,250,1627
105000154,903,337,566
105000155,1096,300,796
105000156,283,322,-39
105000157,682,462,220
105000158,3930,475,3455
105000159,331,399,-68
105000160,5110,559,4551
105000161,723,500,223
105000162,714,4216,-3502
105000163,668,525,143
105000164,125,237,-112
105000165,844,13340,-12496
105000166,2625,2692,-67
105000167,1166,4788,-3622
105000168,353,293,60
105000169,1165,103,1062
105000170,869,812,57
105000171,1179,141,1038
105000172,615,4,611
105000173,1135,10,1125
105000174,216,20,196
105000175,430,19,411
105000176,1207,56,1151
105000177,682,366,316
105000178,636,64,572
105000179,2331,79,2252
105000180,866,33,833
105000181,359,106,253
105000182,125,54,71
105000183,1687,3194,-1507
105000184,191,362,-171
105000185,324,840,-516
105000186,378,536,-158
105000187,776,244,532
105000188,106,148,-42
105000189,70,279,-209
105000190,198,221,-23
105000191,278,203,75
105000192,402,25,377
105000193,115,46,69
105000194,726,55,671
105000195,381,294,87
105000196,62,236,-174
105000197,88,293,-205
105000198,118,78,40
105000199,37,395,-358
105000200,140,621,-481
105000201,109,65,44
105000203,30,65,-35
105000204,88,47,41
105000205,114,41,73
105000207,134,48,86
105000208,113,259,-146
105000209,232,70,162
105000212,1244,311,933
105000213,42,53,-11
105000214,123,115,8
105000215,251,158,93
105000216,256,57,199
105000217,299,75,224
105000218,2986,709,2277
105000221,116,164,-48
105000222,624,128,496
105000223,751,138,613
105000226,263,93,170
105000227,88,64,24
105000228,40,1417,-1377
105000229,295,674,-379
105000231,406,129,277
105000233,1359,834,525
105000234,216,498,-282
105000235,705,434,271
105000237,2014,75,1939
105000243,77,17,60
105000248,50,59,-9
105000262,703,215,488
105000269,98,108,-10
105000270,840,14,826
105000271,0,175,-175
105000282,46,44,2
105000287,160,79,81
105000288,1388,583,805
105000289,352,855,-503
105000290,54,6,48
105000402,1187,4242,-3055
105000426,136,288,-152
105000438,612,698,-86
105000446,3790,2279,1511
105000447,1122,816,306
105000454,756,81,675
105000455,146,59,87
105000474,119,0,119
105000477,1584,382,1202
105000478,2676,5307,-2631
105000479,89,92,-3
105000480,3227,5050,-1823
105000481,4143,3591,552
105000482,1402,1586,-184
105000483,1957,2404,-447
105000484,886,1062,-176
105000485,802,2638,-1836
105000486,1047,1548,-501
105000488,1543,1037,506
105000489,2104,730,1374
105000549,270,159,111
105000550,392,420,-28
105000551,7,57,-50
105000552,1544,638,906
105000555,450,1505,-1055
105900001,8,1828,-1820
105900002,493,1756,-1263
105900003,6,131,-125
105900004,227,31,196
105900005,2,315,-313
105900006,1,43,-42
105900007,55,25,30
105900008,170,144,26
105900009,75,25,50
105900011,231,15,216
105900012,595,68,527
105900013,2,17,-15
105900014,0,48,-48
105900015,101,188,-87
105900016,1011,206,805
105900017,2705,21,2684
105900018,69,115,-46
105900019,82,103,-21
105900020,73,19,54
105900021,74,75,-1
105900022,242,110,132
105900023,30,39,-9
105900024,3,233,-230
105900025,522,4,518
105900026,115,3,112
105900027,7060,3608,3452
105900028,214,390,-176
105900029,1449,179,1270
105900030,241,176,65
105900031,625,88,537
105900032,168,58,110
105900033,108,137,-29
105900034,587,123,464
105900035,755,258,497
105900036,99,46,53
105900037,227,7,220
105900038,122,219,-97
105900039,110,57,53
105900040,220,59,161
105900041,206,56,150
105900042,156,194,-38
105900043,546,69,477
105900044,1,439,-438
105900045,3,1977,-1974
105900046,0,96,-96
105900047,28,30,-2
105900048,101,282,-181
105900050,895,2588,-1693
105900051,22,707,-685
105900052,1203,127,1076
105900053,2072,5164,-3092
105900054,99,174,-75
105900056,390,709,-319
105900057,7,61,-54
105900058,4,7,-3
105900059,0,225,-225
106000001,1893,2415,-522
106000002,614,1805,-1191
106000003,3702,4211,-509
106000004,1073,1750,-677
106000005,4733,2578,2155
106000006,3343,1110,2233
106000007,550,193,357
106000008,221,192,29
106000009,475,148,327
106000010,210,296,-86
106000011,2287,714,1573
106000012,786,503,283
106000013,1710,1080,630
106000014,920,708,212
106000015,2619,639,1980
106000016,1114,765,349
106000017,1136,432,704
106000018,517,387,130
106000019,523,267,256
106000020,283,161,122
106000021,608,253,355
106000022,287,140,147
106000023,1001,208,793
106000024,415,224,191
106000025,238,204,34
106000026,92,106,-14
106000027,2617,1008,1609
106000028,857,256,601
106000029,705,542,163
106000030,167,446,-279
106000034,117,248,-131
106000035,1127,1091,36
106000036,59,344,-285
106000037,764,569,195
106000038,37,286,-249
106000039,25,296,-271
106000040,54,541,-487
106000041,685,375,310
106000043,228,174,54
106000046,302,22,280
106000047,37,268,-231
106000049,1468,74,1394
106000050,208,329,-121
106000051,1372,670,702
106000052,57,117,-60
106000053,706,89,617
106000054,131,81,50
106000055,1214,265,949
106000056,149,123,26
106000057,721,61,660
106000058,97,45,52
106000059,546,200,346
106000060,142,161,-19
106000061,169,765,-596
106000062,90,131,-41
106000063,1430,1038,392
106000064,6,87,-81
106000065,576,166,410
106000066,123,248,-125
106000067,758,65,693
106000068,154,190,-36
106000069,771,49,722
106000070,476,134,342
106000071,1053,109,944
106000072,1892,1026,866
106000073,1377,7371,-5994
106000074,672,494,178
106000075,485,928,-443
106000076,979,1135,-156
106000077,1385,349,1036
106000078,1655,218,1437
106000079,1159,357,802
106000080,1305,209,1096
106000081,1367,386,981
106000082,1361,321,1040
106000083,668,657,11
106000084,739,276,463
106000085,1123,624,499
106000086,420,317,103
106000087,715,214,501
106000088,348,289,59
106000089,1049,144,905
106000090,497,274,223
106000091,217,382,-165
106000092,930,178,752
106000093,935,35,900
106000094,87,141,-54
106000095,1354,352,1002
106000096,2027,227,1800
106000097,1812,468,1344
106000098,1559,316,1243
106000099,135,224,-89
106000100,2379,173,2206
106000101,1207,102,1105
106000102,67,283,-216
106000103,193,313,-120
106000104,1564,280,1284
106000105,341,358,-17
106000106,1455,138,1317
106000107,221,156,65
106000108,711,85,626
106000109,162,70,92
106000110,573,150,423
106000111,182,120,62
106000112,332,1182,-850
106000113,426,267,159
106000114,525,1180,-655
106000115,244,232,12
106000116,461,115,346
106000117,636,244,392
106000118,1732,1270,462
106000119,707,232,475
106000120,1141,2044,-903
106000121,609,125,484
106000122,594,98,496
106000123,1414,39,1375
106000124,366,52,314
106000125,77,123,-46
106000126,736,60,676
106000127,2434,449,1985
106000128,1978,152,1826
106000129,888,243,645
106000130,1953,103,1850
106000131,124,789,-665
106000132,704,54,650
106000133,968,2141,-1173
106000134,686,4762,-4076
106000135,107,355,-248
106000136,1352,2509,-1157
106000137,60,448,-388
106000138,4227,63,4164
106000139,126,45,81
106000140,99,28,71
106000141,151,45,106
106000142,203,45,158
106000143,30,46,-16
106000144,36,67,-31
106000145,754,98,656
106000146,1057,74,983
106000147,482,247,235
106000148,390,444,-54
106000149,1107,232,875
106000150,1253,2739,-1486
106000151,2734,500,2234
106000152,676,2557,-1881
106000153,112,1406,-1294
106000154,863,59,804
106000155,277,344,-67
106000156,2290,124,2166
106000157,509,1708,-1199
106000158,995,453,542
106000159,2133,2602,-469
106000160,897,5448,-4551
106000161,602,115,487
106000162,577,2072,-1495
106000163,371,95,276
106000164,1034,191,843
106000165,168,256,-88
106000166,1869,147,1722
106000167,500,373,127
106000168,1425,89,1336
106000169,299,198,101
106000170,1453,64,1389
106000171,258,508,-250
106000172,3082,742,2340
106000173,1034,1467,-433
106000174,1816,203,1613
106000175,285,242,43
106000176,3737,402,3335
106000177,1395,729,666
106000178,3981,713,3268
106000179,831,525,306
106000180,1460,374,1086
106000181,3545,1011,2534
106000182,2838,292,2546
106000183,2739,171,2568
106000184,1859,353,1506
106000185,2675,1913,762
106000186,328,30,298
106000187,66,2041,-1975
106000188,0,0,0
106000189,8,29,-21
106000190,70,2,68
106000191,422,50,372
106000192,0,3,-3
106000193,227,307,-80
106000194,77,297,-220
106000195,176,101,75
106000196,49,413,-364
106000197,916,213,703
106000198,252,127,125
106000199,381,2198,-1817
106000200,273,201,72
106000201,435,11098,-10663
106000202,2392,808,1584
106000203,9,147,-138
106000204,120,17,103
106000205,7,141,-134
106000206,136,11,125
106000207,13,276,-263
106000208,2573,37,2536
106000209,3432,165,3267
106000210,509,311,198
106000211,165,667,-502
106000212,2364,302,2062
106000213,201,822,-621
106000214,1236,213,1023
106000215,400,378,22
106000216,1045,222,823
106000217,134,244,-110
106000218,363,96,267
106000219,185,128,57
106000220,784,122,662
106000221,425,56,369
106000222,272,59,213
106000223,583,29,554
106000224,298,58,240
106000225,100,152,-52
106000226,99,66,33
106000228,52,57,-5
106000229,127,329,-202
106000231,2004,83,1921
106000232,146,178,-32
106000233,1064,180,884
106000234,123,573,-450
106000235,327,475,-148
106000236,96,159,-63
106000237,2,13,-11
106000238,5,37,-32
106000239,2,153,-151
106000240,18,3,15
106000241,1,447,-446
106000242,307,19,288
106000249,182,44,138
106000250,40,1061,-1021
106000251,221,17,204
106000252,43,98,-55
106000253,149,46,103
106000254,185,14,171
106000255,140,198,-58
106000256,86,16,70
106000257,100,143,-43
106000258,61,43,18
106000259,20,165,-145
106000260,52,17,35
106000261,11,49,-38
106000262,32,1,31
106000263,61,54,7
106000264,161,3,158
106000265,24,56,-32
106000266,183,29,154
106000267,8,56,-48
106000268,177,10,167
106000269,33,21,12
106000270,178,142,36
106000271,58,39,19
106000272,78,21,57
106000273,36,89,-53
106000274,118,6,112
106000275,264,51,213
106000276,23,5,18
106000277,95,118,-23
106000278,74,1,73
106000279,14,10,4
106000280,149,14,135
106000281,113,21,92
106000282,99,49,50
106000283,135,20,115
106000284,381,18,363
106000285,116,89,27
106000286,148,42,106
106000287,56,16,40
106000288,154,38,116
106000289,119,41,78
106000290,183,45,138
106000291,143,51,92
106000292,222,33,189
106000293,157,87,70
106000294,99,14,85
106000295,42,103,-61
106000296,18,25,-7
106000297,45,98,-53
106000298,24,149,-125
106000299,58,37,21
106000300,81,49,32
106000301,23,99,-76
106000303,106,27,79
106000304,101,7,94
106000305,173,8,165
106000306,28,20,8
106000307,307,11,296
106000308,48,60,-12
106000309,7,10,-3
106000310,359,90,269
106000311,608,130,478
106000312,385,64,321
106000313,510,73,437
106000318,34,417,-383
106000319,2171,606,1565
106000320,5,136,-131
106000321,234,332,-98
106000322,505,46,459
106000324,155,60,95
106000325,2353,308,2045
106000326,649,521,128
106000327,584,53,531
106000328,15,51,-36
106000329,26,117,-91
106000330,12,63,-51
106000428,95,194,-99
106000429,141,130,11
106000430,252,718,-466
106000431,3405,322,3083
106000432,478,1145,-667
106000433,2918,909,2009
106000434,4369,813,3556
106000435,690,1026,-336
106000436,7,112,-105
106000437,1356,63,1293
106000438,318,757,-439
106000439,80,873,-793
106000440,182,225,-43
106000441,8,0,8
106000442,555,13,542
106000443,527,140,387
106000450,4,119,-115
106000451,55,291,-236
106000454,4,179,-175
106000455,2,94,-92
106000456,224,36,188
106000457,33,163,-130
106000458,2132,75,2057
106000459,1064,56,1008
106000460,3395,12,3383
106000461,608,216,392
106000462,0,89,-89
106000463,2,8,-6
106000464,2,300,-298
106000465,1345,10,1335
106000466,2,219,-217
106000467,112,238,-126
106000468,337,125,212
106000469,106,10,96
106000470,141,2831,-2690
106000471,2,147,-145
106000472,630,6,624
106000473,28,3,25
106000474,254,311,-57
106000475,626,169,457
106000476,111,391,-280
106000477,99,67,32
106000480,0,1524,-1524
106900001,0,5,-5
106900002,0,126,-126
106900003,54,581,-527
106900004,3,9,-6
106900006,0,3,-3
106900007,0,4,-4
106900008,976,45,931
106900009,655,86,569
106900010,634,149,485
106900012,586,4192,-3606
106900013,1024,249,775
106900014,187,2,185
106900015,54,0,54
106900016,734,56,678
106900017,15,0,15
106900018,39,0,39
106900019,422,1,421
106900020,811,3432,-2621
106900021,510,163,347
106900022,2472,16,2456
106900023,131,52,79
106900024,850,41,809
106900025,8,176,-168
106900026,0,82,-82
106900027,2154,2,2152
107000001,2792,3118,-326
107000002,1078,1307,-229
107000003,9539,6995,2544
107000004,1975,1074,901
107000005,11500,5821,5679
107000006,2027,884,1143
107000007,5383,6068,-685
107000008,2265,1593,672
107000009,9886,5572,4314
107000010,3542,2437,1105
107000011,391,343,48
107000012,1243,840,403
107000013,126,53,73
107000014,148,62,86
107000015,516,256,260
107000016,1196,273,923
107000017,442,713,-271
107000018,5,575,-570
107000020,530,562,-32
107000021,845,240,605
107000022,1152,1431,-279
107000023,1599,142,1457
107000024,845,1371,-526
107000025,370,143,227
107000026,295,243,52
107000027,2315,309,2006
107000028,1170,314,856
107000029,4712,2560,2152
107000030,1762,1035,727
107000031,6226,2263,3963
107000032,226,584,-358
107000033,1448,3434,-1986
107000034,2120,683,1437
107000035,384,138,246
107000036,404,1219,-815
107000037,163,417,-254
107000038,219,85,134
107000039,936,509,427
107000040,361,119,242
107000041,663,311,352
107000042,382,2299,-1917
107000043,860,433,427
107000044,199,142,57
107000045,26,101,-75
107000046,775,206,569
107000047,325,282,43
107000048,426,118,308
107000049,374,279,95
107000050,592,327,265
107000051,204,288,-84
107000052,606,2652,-2046
107000053,273,628,-355
107000054,13,87,-74
107000055,387,115,272
107000056,453,343,110
107000057,910,76,834
107000058,2122,1770,352
107000059,1566,1599,-33
107000060,7048,3279,3769
107000061,2855,1204,1651
107000062,9358,2145,7213
107000063,2713,1507,1206
107000064,7091,3910,3181
107000065,1440,2105,-665
107000066,1405,3045,-1640
107000067,1787,771,1016
107000068,771,629,142
107000069,1439,787,652
107000070,1039,3,1036
107000071,6170,30,6140
107000072,3,532,-529
107000073,1837,1118,719
107000074,37,259,-222
107000075,2398,118,2280
107000076,130,507,-377
107000077,3283,360,2923
107000078,496,434,62
107000079,4018,573,3445
107000080,291,655,-364
107000081,5837,530,5307
107000082,364,418,-54
107000083,1783,1552,231
107000084,134,430,-296
107000085,2369,1914,455
107000086,2133,1193,940
107000087,3145,1915,1230
107000088,1960,1714,246
107000089,1549,2015,-466
107000090,1077,576,501
107000091,2365,593,1772
107000092,735,448,287
107000093,1791,976,815
107000094,720,501,219
107000095,2110,755,1355
107000096,687,418,269
107000097,2809,367,2442
107000098,381,348,33
107000099,634,398,236
107000100,249,189,60
107000101,136,202,-66
107000102,191,158,33
107000103,585,172,413
107000104,167,270,-103
107000105,638,228,410
107000106,126,108,18
107000107,1214,199,1015
107000108,227,270,-43
107000109,2121,182,1939
107000110,49,224,-175
107000111,1321,26,1295
107000112,17,216,-199
107000113,2064,57,2007
107000114,52,257,-205
107000115,1276,1174,102
107000116,56,218,-162
107000117,231,4857,-4626
107000118,56,55,1
107000119,1080,2055,-975
107000120,655,1470,-815
107000121,1050,292,758
107000122,583,478,105
107000123,871,347,524
107000124,844,172,672
107000125,1858,298,1560
107000126,2346,175,2171
107000129,460,263,197
107000130,1247,196,1051
107000131,328,240,88
107000132,910,170,740
107000133,274,86,188
107000134,241,0,241
107000135,1,224,-223
107000136,465,4,461
107000137,1,239,-238
107000138,114,10,104
107000139,2,313,-311
107000140,1935,44,1891
107000141,64,461,-397
107000142,645,48,597
107000143,17,890,-873
107000144,490,814,-324
107000145,54,356,-302
107000146,234,391,-157
107000147,2735,437,2298
107000150,109,5098,-4989
107000151,2,28,-26
107000152,422,3998,-3576
107000153,41,82,-41
107000154,10,78,-68
107000155,1276,3,1273
107000156,1596,2,1594
107000157,10,280,-270
107000158,1801,11,1790
107000159,9,227,-218
107000160,2797,213,2584
107000161,64,239,-175
107000162,387,991,-604
107000163,542,4,538
107000164,1524,0,1524
107000165,2314,5,2309
107000166,25,142,-117
107000167,1513,316,1197
107000168,1386,553,833
107000169,180,193,-13
107000170,5556,524,5032
107000171,386,334,52
107000172,1981,2787,-806
107000173,222,217,5
107000174,1302,8365,-7063
107000175,2134,311,1823
107000176,0,0,0
107000177,2,0,2
107000178,327,4,323
107000179,438,620,-182
107000180,2404,114,2290
107000181,421,288,133
107000182,2658,295,2363
107000183,249,229,20
107000184,2134,287,1847
107000185,332,388,-56
107000186,957,125,832
107000187,1409,588,821
107000188,676,164,512
107000189,1304,352,952
107000190,1123,256,867
107000191,987,392,595
107000192,1712,186,1526
107000193,293,290,3
107000194,358,191,167
107000197,992,113,879
107000198,420,272,148
107000199,496,480,16
107000200,828,725,103
107000201,244,173,71
107000202,312,368,-56
107000203,401,758,-357
107000204,447,1391,-944
107000205,472,201,271
107000206,163,698,-535
107000207,263,457,-194
107000208,220,353,-133
107000209,272,359,-87
107000210,53,98,-45
107000211,7,23,-16
107000212,6,55,-49
107000213,3,5,-2
107000214,40,33,7
107000215,768,81,687
107000216,632,76,556
107000217,344,70,274
107000219,81,237,-156
107000220,49,92,-43
107000222,220,166,54
107000224,455,87,368
107000225,140,119,21
107000226,1031,152,879
107000227,174,78,96
107000228,99,694,-595
107000229,57,194,-137
107000230,645,392,253
107000231,276,741,-465
107000232,143,12,131
107000233,106,309,-203
107000234,9,71,-62
107000235,27,36,-9
107000236,2,547,-545
107000237,111,0,111
107000238,38,2,36
107000239,1226,475,751
107000240,59,155,-96
107000243,0,35,-35
107000244,4,45,-41
107000246,1,207,-206
107000249,1,317,-316
107000251,1,72,-71
107000252,0,135,-135
107000255,219,249,-30
107000257,1,667,-666
107000258,2,211,-209
107000259,3,51,-48
107000260,2356,9,2347
107000262,1,158,-157
107000263,788,6,782
107000266,29,20,9
107000267,10,32,-22
107000268,127,28,99
107000269,30,8,22
107000270,663,111,552
107000271,2,0,2
107000272,316,0,316
107000273,2,395,-393
107000274,527,98,429
107000275,10,631,-621
107000280,2407,35,2372
107000281,60,241,-181
107000282,3,288,-285
107000290,2,30,-28
107000291,8,6,2
107000292,0,96,-96
107000293,19,6,13
107000294,0,196,-196
107000295,30,0,30
107000296,1,37,-36
107000444,287,1,286
107000496,32,5,27
107000497,567,810,-243
107000500,466,140,326
107000501,46,168,-122
107000502,241,225,16
107000505,258,345,-87
107000506,1,3,-2
107000508,0,100,-100
107000509,81,771,-690
107000510,73,26,47
107000514,35,463,-428
107000515,14,50,-36
107000516,645,362,283
107000518,2253,4658,-2405
107000519,562,328,234
107000520,227,33,194
107000521,1744,108,1636
107000522,2620,311,2309
107900001,132,14,118
107900002,43,0,43
107900003,1180,10,1170
107900004,74,0,74
107900005,5711,42,5669
107900006,267,25,242
107900007,459,56,403
107900008,16,6,10
107900009,74,2,72
107900010,104,0,104
107900012,328,35,293
107900013,188,9,179
107900014,311,12,299
107900015,3566,65,3501
107900016,149,27,122
107900017,94,1,93
107900018,58,552,-494
107900019,6,6,0
107900020,17,13,4
107900021,260,13,247
107900023,12,7,5
107900024,0,6,-6
107900025,231,55,176
107900026,124,8,116
107900027,0,44,-44
107900028,367,8,359
107900030,293,24,269
107900031,159,81,78
107900032,190,3,187
107900033,40,24,16
107900034,319,15,304
107900035,2845,217,2628
107900036,31,28,3
107900037,0,7,-7
107900038,12,434,-422
107900039,58,24,34
107900040,2,337,-335
107900041,6,3,3
107900043,102,45,57
107900044,8,8,0
107900045,146,46,100
107900046,464,611,-147
107900047,74,7,67
107900048,430,25,405
107900049,197,1436,-1239
107900050,22,79,-57
107900051,56,39,17
107900052,18,95,-77
107900053,229,27,202
107900055,293,104,189
107900056,91,188,-97
107900057,1,0,1
107900058,48,182,-134
107900060,7,27,-20
107900061,2,10,-8
107900063,47,53,-6
107900064,125,1140,-1015
107900065,947,14,933
107900066,52,3,49
107900067,8,0,8
107900068,181,770,-589
107900069,5,4473,-4468
107900070,217,192,25
107900071,15,189,-174
107900072,238,18,220
107900073,130,16,114
107900074,116,469,-353
107900076,167,6,161
107900077,135,1,134
107900078,91,19,72
107900079,8,72,-64
107900080,105,693,-588
107900081,25,18,7
107900082,3,18,-15
107900083,561,124,437
107900084,217,150,67
107900086,9,474,-465
107900087,166,20,146
107900088,95,7,88
107900089,166,386,-220
107900090,216,2591,-2375
107900091,52,42,10
107900092,533,77,456
107900093,20,26,-6
107900095,766,866,-100
107900097,30,38,-8
107900098,221,201,20
107900100,151,1701,-1550
107900101,233,10,223
107900102,46,0,46
107900103,97,97,0
107900104,199,2,197
107900105,0,75,-75
107900106,1,156,-155
107900107,367,273,94
107900108,101,8,93
107900109,3274,120,3154
107900110,129,5,124
107900111,0,103,-103
107900112,33,575,-542
107900113,374,19,355
107900114,281,46,235
107900115,0,4,-4
107900116,313,49,264
107900117,185,133,52
107900118,29,46,-17
107900119,144,329,-185
107900120,91,4,87
107900121,0,113,-113
107900122,0,38,-38
107900123,30,139,-109
107900124,1,31,-30
107900125,62,76,-14
107900126,30,18,12
107900127,410,209,201
107900128,18,40,-22
107900129,275,2,273
107900130,269,5,264
107900131,25,63,-38
107900132,2,127,-125
107900133,0,21,-21
107900134,14,33,-19
107900135,4,25,-21
107900136,3,44,-41
107900137,31,45,-14
107900138,197,5,192
107900139,204,25,179
107900141,15,32,-17
107900142,29,325,-296
107900143,25,33,-8
107900144,0,11,-11
107900145,1,24,-23
107900146,23,47,-24
107900147,61,6,55
107900148,115,71,44
107900149,328,11,317
107900150,2,149,-147
107900151,11,17,-6
107900152,1,37,-36
107900153,64,117,-53
107900154,81,10,71
107900155,220,32,188
107900156,0,30,-30
107900157,33,33,0
107900158,2776,202,2574
107900159,13,279,-266
107900160,161,16,145
107900161,115,16,99
107900162,0,32,-32
107900163,52,26,26
107900164,78,6,72
107900165,19,463,-444
107900166,45,50,-5
107900167,25,44,-19
107900168,147,5,142
107900169,2,596,-594
107900171,6,238,-232
107900172,0,71,-71
107900173,39,25,14
107900174,201,0,201
107900175,5,47,-42
107900176,95,15,80
107900177,0,62,-62
107900178,0,47,-47
107900179,49,35,14
107900180,173,1512,-1339
107900181,129,171,-42
107900182,51,184,-133
107900183,106,30,76
107900184,262,90,172
107900185,160,3,157
107900186,56,15,41
107900187,0,37,-37
107900188,417,39,378
107900189,39,23,16
107900190,7,90,-83
107900191,56,66,-10
107900193,1,87,-86
107900194,170,11,159
107900195,831,146,685
107900196,94,11,83
107900197,88,79,9
107900199,0,275,-275
107900201,61,32,29
107900203,24,4,20
107900204,48,73,-25
107900205,201,139,62
107900206,195,750,-555
107900207,0,97,-97
107900208,0,108,-108
107900209,142,44,98
107900210,30,37,-7
107900213,305,130,175
107900214,8,65,-57
107900215,85,242,-157
107900216,3,15,-12
107900217,20,26,-6
107900218,8,333,-325
107900219,109,16,93
107900220,11,79,-68
107900221,36,70,-34
107900223,134,64,70
107900224,76,338,-262
107900225,0,145,-145
107900226,13,24,-11
107900227,45,89,-44
107900228,99,39,60
107900229,9,26,-17
107900230,57,6,51
107900231,19,45,-26
107900232,390,14,376
107900233,3,27,-24
107900234,581,32,549
107900235,10,43,-33
107900236,719,29,690
107900237,22,88,-66
107900238,67,10,57
107900239,131,534,-403
107900240,55,13,42
107900241,2,15,-13
107900242,14,40,-26
107900243,0,18,-18
107900244,267,1,266
107900245,1522,42,1480
107900246,277,26,251
107900248,524,63,461
107900249,1576,233,1343
107900250,0,112,-112
107900251,2,283,-281
107900252,920,64,856
107900253,258,20,238
107900254,47,170,-123
107900255,74,15,59
107900256,331,645,-314
107900257,541,202,339
107900258,65,33,32
107900259,20,5494,-5474
107900261,0,92,-92
107900262,34,27,7
107900264,597,43,554
107900265,92,27,65
107900267,600,2,598
107900268,7,0,7
107900269,0,1,-1
107900270,0,3,-3
107900271,0,54,-54
107900272,11,26,-15
107900273,52,7,45
107900274,201,0,201
107900275,56,1,55
107900276,0,14,-14
107900277,0,17,-17
107900278,574,41,533
107900279,10,20,-10
107900280,1786,863,923
107900281,754,11779,-11025
107900282,23,1283,-1260
107900283,292,951,-659
107900284,964,324,640
107900285,248,28,220
107900286,6,40,-34
107900287,871,65,806
107900290,2,1115,-1113
107900291,371,4,367
107900292,144,42,102
107900293,88,77,11
107900295,38,19,19
107900297,1,230,-229
107900298,387,332,55
107900299,1199,3204,-2005
107900300,34,285,-251
107900301,970,509,461
107900302,147,15,132
107900303,733,117,616
107900304,990,85,905
107900305,528,2,526
107900306,0,66,-66
107900307,2,93,-91
107900308,221,72,149
107900309,13,0,13
107900310,21,0,21
107900311,152,199,-47
107900312,12,0,12
107900313,0,104,-104
107900314,1,161,-160
107900315,0,55,-55
107900316,32,0,32
107900317,83,2,81
107900318,1,222,-221
107900319,2,18,-16
107900320,0,49,-49
107900321,361,2,359
107900322,0,16,-16
107900323,1,53,-52
107900324,92,0,92
107900325,335,1,334
107900326,1303,84,1219
107900327,1,65,-64
107900328,5,0,5
107900329,2,181,-179
107900330,14,53,-39
107900331,954,14,940
107900332,862,2,860
107900333,140,12,128
107900334,3,12,-9
107900335,18,29,-11
107900336,22,33,-11
107900337,247,1564,-1317
107900338,0,44,-44
107900339,0,3,-3
107900340,0,146,-146
107900341,53,0,53
107900342,99,15,84
107900343,56,0,56
107900344,16,17,-1
107900345,65,30,35
107900346,5,0,5
107900347,3,0,3
107900348,1,0,1
107900349,19,6,13
107900350,2,91,-89
107900351,5,15,-10
107900352,0,40,-40
107900353,38,7,31
107900354,3,72,-69
108000001,5208,2871,2337
108000002,974,999,-25
108000003,2571,1394,1177
108000004,6027,5950,77
108000005,7427,3313,4114
108000006,2101,1680,421
108000007,5752,2462,3290
108000008,1532,1895,-363
108000009,6864,3278,3586
108000010,1505,1669,-164
108000011,13454,8660,4794
108000012,5045,5473,-428
108000014,292,1375,-1083
108000015,923,174,749
108000016,219,393,-174
108000017,1343,188,1155
108000018,1950,482,1468
108000019,832,300,532
108000020,1186,246,940
108000021,171,674,-503
108000022,388,342,46
108000023,2341,284,2057
108000024,514,88,426
108000025,762,137,625
108000026,1014,120,894
108000027,1173,113,1060
108000028,675,110,565
108000029,1023,154,869
108000030,488,107,381
108000031,230,361,-131
108000032,3563,491,3072
108000033,441,288,153
108000034,2058,483,1575
108000035,455,710,-255
108000036,284,325,-41
108000037,3626,184,3442
108000038,5306,221,5085
108000039,258,484,-226
108000040,3171,960,2211
108000041,191,723,-532
108000042,807,60,747
108000043,156,135,21
108000044,910,65,845
108000045,121,104,17
108000046,3120,125,2995
108000047,223,289,-66
108000048,74,140,-66
108000049,938,108,830
108000050,74,111,-37
108000051,332,285,47
108000052,132,178,-46
108000053,538,273,265
108000054,240,381,-141
108000055,1246,276,970
108000056,318,501,-183
108000057,778,1049,-271
108000058,1569,5709,-4140
108000059,1126,656,470
108000060,230,306,-76
108000061,62,112,-50
108000062,1820,379,1441
108000063,406,227,179
108000064,436,210,226
108000065,500,237,263
108000066,1917,958,959
108000067,3253,790,2463
108000068,1239,247,992
108000069,108,355,-247
108000070,2876,280,2596
108000071,320,425,-105
108000072,1551,322,1229
108000073,289,345,-56
108000074,1018,288,730
108000075,189,139,50
108000076,1198,260,938
108000077,252,250,2
108000078,4062,583,3479
108000079,346,330,16
108000080,3073,345,2728
108000081,350,427,-77
108000082,331,441,-110
108000083,2830,485,2345
108000084,182,501,-319
108000085,1874,366,1508
108000086,222,251,-29
108000087,218,2945,-2727
108000088,403,3,400
108000089,359,362,-3
108000090,1049,67,982
108000091,203,312,-109
108000092,734,100,634
108000093,344,214,130
108000094,1836,160,1676
108000095,248,194,54
108000096,1223,185,1038
108000097,218,290,-72
108000098,3642,873,2769
108000099,319,50,269
108000100,72,175,-103
108000101,1574,979,595
108000102,1082,2485,-1403
108000106,1132,0,1132
108000107,1,269,-268
108000108,932,102,830
108000109,0,219,-219
108000110,919,230,689
108000111,288,391,-103
108000112,35,153,-118
108000113,176,121,55
108000115,188,161,27
108000117,287,230,57
108000118,16,317,-301
108000119,487,133,354
108000120,278,1121,-843
108000121,306,174,132
108000122,1492,273,1219
108000123,1073,298,775
108000124,518,325,193
108000125,1172,116,1056
108000126,448,144,304
108000127,1075,260,815
108000128,1104,88,1016
108000129,256,257,-1
108000130,856,221,635
108000131,961,80,881
108000132,197,205,-8
108000133,1587,134,1453
108000134,415,133,282
108000135,1904,770,1134
108000136,276,254,22
108000137,610,94,516
108000138,493,305,188
108000139,740,121,619
108000140,1010,8,1002
108000141,33,17,16
108000142,29,20,9
108000143,34,3,31
108000144,159,8,151
108000145,71,1,70
108000146,196,3,193
108000147,42,4,38
108000148,228,2,226
108000149,20,7,13
108000150,62,1,61
108000151,1,2,-1
108000152,71,87,-16
108000153,2065,125,1940
108000154,12,0,12
108000155,167,14,153
108000156,162,95,67
108000157,185,3295,-3110
108000158,47,1129,-1082
108000159,96,132,-36
108000160,1177,1963,-786
108000161,873,6061,-5188
108000165,3,700,-697
108000172,1,295,-294
108000173,314,2232,-1918
108000175,1338,97,1241
108000178,198,90,108
108000179,67,695,-628
108000181,86,3,83
108000182,61,3,58
108000183,3,0,3
108000184,229,4434,-4205
108000185,569,72,497
108000186,616,76,540
108000187,237,150,87
108000188,1914,81,1833
108000189,258,2190,-1932
108000190,13,44,-31
108000192,216,90,126
108000193,250,19,231
108000194,13,7,6
108000195,3,470,-467
108000196,148,423,-275
108000198,626,33,593
108000199,1,242,-241
108000200,1487,80,1407
108000203,505,133,372
108000204,431,104,327
108000205,34,170,-136
108000339,468,234,234
108000364,79,99,-20
108000365,63,149,-86
108000367,41,110,-69
108000368,6,64,-58
108000369,335,76,259
108000371,1,305,-304
108000372,1026,6,1020
108000373,208,47,161
108000376,343,17,326
108000377,1584,104,1480
108000378,8879,14382,-5503
108000379,54,164,-110
108000381,315,23,292
108000382,59,0,59
108000383,0,198,-198
108900001,5,146,-141
108900002,150,19,131
108900003,87,217,-130
108900004,1,497,-496
108900005,42,317,-275
108900006,944,150,794
108900007,503,79,424
108900008,279,36,243
108900009,194,155,39
108900010,694,91,603
108900011,1278,92,1186
108900012,698,141,557
108900013,134,154,-20
108900014,19,97,-78
108900015,0,73,-73
108900016,0,81,-81
108900017,131,304,-173
108900018,130,170,-40
108900019,38,114,-76
108900020,88,41,47
108900021,104,44,60
108900022,118,11,107
108900023,5,79,-74
108900024,56,13,43
108900025,553,16,537
108900026,9,21,-12
108900027,0,30,-30
108900028,157,36,121
108900029,82,163,-81
108900030,1,16,-15
108900031,113,31,82
108900032,3,55,-52
108900033,0,44,-44
108900034,0,32,-32
108900035,266,274,-8
108900036,135,139,-4
108900037,39,64,-25
108900038,0,95,-95
108900039,0,79,-79
108900040,13,19,-6
108900041,2604,2960,-356
108900042,3,283,-280
108900043,29,411,-382
108900044,0,77,-77
108900045,84,57,27
108900046,11,76,-65
108900047,0,103,-103
108900048,88,170,-82
108900049,577,3488,-2911
108900050,1,35,-34
108900051,0,32,-32
108900052,12,67,-55
108900053,98,646,-548
108900054,31,69,-38
108900055,12,170,-158
108900056,2,40,-38
108900057,0,33,-33
108900058,22,88,-66
108900059,1867,46,1821
108900060,127,80,47
108900061,12,10,2
108900062,2,47,-45
108900063,39,50,-11
108900064,617,9,608
108900065,15,77,-62
108900066,682,33,649
108900067,7,52,-45
108900068,21,27,-6
108900069,192,33,159
108900070,16,29,-13
108900071,321,28,293
108900072,1282,134,1148
108900073,27,116,-89
108900074,582,28,554
108900075,11,13,-2
108900076,743,20,723
108900077,44,162,-118
108900078,91,24,67
108900079,136,53,83
108900080,2,1170,-1168
108900081,24,57,-33
108900082,83,18,65
108900083,3,218,-215
108900084,136,44,92
108900085,634,43,591
108900086,376,45,331
108900087,51,62,-11
108900088,334,391,-57
108900089,13,62,-49
108900090,68,79,-11
108900091,90,20,70
108900092,387,313,74
108900093,91,45,46
108900094,366,38,328
108900095,7,63,-56
108900096,169,13,156
108900097,311,45,266
108900098,628,1504,-876
108900099,472,66,406
108900100,46,21,25
108900101,366,728,-362
108900102,8,1827,-1819
108900103,440,149,291
108900104,49,115,-66
108900105,11,3663,-3652
108900106,629,63,566
108900108,365,8,357
108900109,1913,66,1847
108900110,145,79,66
108900111,549,82,467
108900112,541,9,532
108900113,81,57,24
108900114,461,44,417
108900115,274,183,91
108900116,102,2,100
108900117,550,12,538
108900118,1408,24,1384
108900119,883,28,855
108900120,826,199,627
108900121,314,62,252
108900122,417,15,402
108900123,472,77,395
108900124,1294,142,1152
108900125,1554,5,1549
108900126,279,98,181
108900127,375,37,338
108900128,340,31,309
108900129,2129,113,2016
108900130,1271,13,1258
108900131,889,32,857
108900132,850,30,820
108900133,533,14,519
108900134,1168,71,1097
108900135,688,5,683
108900136,23,3,20
108900137,427,4,423
108900138,1220,63,1157
108900139,1261,33,1228
108900140,1324,40,1284
108900141,962,8,954
108900142,47,26,21
108900143,215,2,213
108900144,232,4,228
108900145,517,18,499
108900146,160,0,160
108900147,691,1,690
108900148,36,3,33
108900149,259,88,171
108900150,197,2,195
108900151,71,27,44
108900152,194,6,188
108900153,271,54,217
108900154,8150,218,7932
108900155,358,45,313
108900156,251,3,248
108900157,17,102,-85
108900158,947,23,924
108900159,187,68,119
108900160,34,73,-39
108900161,300,164,136
108900162,393,9,384
108900163,4,416,-412
108900164,47,26,21
108900165,45,30,15
108900167,383,18694,-18311
108900168,2245,1880,365
108900169,43,57,-14
108900171,1930,4354,-2424
108900172,165,64,101
108900173,32,180,-148
108900174,1203,232,971
108900176,32,123,-91
108900177,1501,12002,-10501
108900178,989,6767,-5778
108900179,278,1863,-1585
108900180,100,122,-22
108900182,71,454,-383
108900183,212,52,160
108900184,319,73,246
108900185,39,168,-129
108900186,30,174,-144
108900187,1525,30,1495
108900188,1504,39,1465
108900189,490,72,418
108900190,19,557,-538
108900191,87,274,-187
108900192,32,92,-60
108900193,13,11,2
108900194,5,65,-60
108900195,84,46,38
108900196,8,86,-78
108900198,3,144,-141
108900199,173,204,-31
108900200,901,414,487
108900201,236,605,-369
108900203,546,119,427
108900204,611,5,606
108900205,351,18,333
108900206,776,100,676
108900207,442,504,-62
108900208,5,132,-127
108900209,96,189,-93
108900210,107,69,38
108900211,125,679,-554
108900212,87,2106,-2019
108900215,55,132,-77
108900216,112,511,-399
108900217,121,3,118
108900218,40,9,31
108900219,14,3,11
108900220,41,9,32
108900221,26,52,-26
108900222,211,3,208
108900223,1,80,-79
108900224,21,57,-36
108900225,0,118,-118
108900226,16,0,16
108900227,190,286,-96
108900230,41,118,-77
108900231,8,76,-68
108900232,1,72,-71
108900233,387,158,229
108900234,364,226,138
108900235,103,198,-95
108900236,40,190,-150
108900237,18,49,-31
108900240,145,22,123
108900241,110,19,91
108900245,8,2536,-2528
108900249,67,8,59
108900250,229,44,185
108900257,338,88,250
108900258,6,32,-26
108900259,1,23,-22
108900260,12,9,3
108900261,26,39,-13
108900262,71,58,13
108900263,5,149,-144
108900264,105,153,-48
108900265,276,398,-122
108900266,126,2237,-2111
108900267,0,578,-578
108900268,39,24,15
108900269,257,15,242
108900270,272,10,262
108900271,135,4,131
108900272,568,8,560
108900273,177,437,-260
108900274,91,25,66
109000001,4588,5445,-857
109000002,676,4058,-3382
109000003,4397,379,4018
109000004,915,1665,-750
109000005,2125,305,1820
109000006,1016,701,315
109000007,3273,463,2810
109000008,1281,783,498
109000009,4602,697,3905
109000010,853,1278,-425
109000011,8009,1618,6391
109000012,1355,1555,-200
109000013,7418,6544,874
109000014,1382,926,456
109000015,4068,17122,-13054
109000016,2396,1009,1387
109000017,4764,951,3813
109000018,941,1118,-177
109000019,3556,1066,2490
109000020,1407,960,447
109000023,161,11,150
109000024,3,133,-130
109000025,130,713,-583
109000026,404,278,126
109000027,79,442,-363
109000028,101,14,87
109000029,22,433,-411
109000030,68,249,-181
109000031,680,82,598
109000032,84,239,-155
109000033,878,165,713
109000034,48,39,9
109000035,50,22,28
109000036,39,191,-152
109000037,481,4429,-3948
109000038,172,107,65
109000039,1268,662,606
109000040,2347,22173,-19826
109000041,696,4013,-3317
109000042,649,2320,-1671
109000044,731,13,718
109000045,200,106,94
109000046,772,20,752
109000047,108,205,-97
109000048,357,176,181
109000049,192,298,-106
109000050,288,216,72
109000051,163,72,91
109000052,361,362,-1
109000053,690,46,644
109000054,38,276,-238
109000055,652,553,99
109000056,186,178,8
109000057,1851,444,1407
109000058,119,47,72
109000059,51,831,-780
109000060,107,396,-289
109000061,196,2558,-2362
109000062,133,351,-218
109000063,176,59,117
109000064,849,77,772
109000065,555,95,460
109000066,750,42,708
109000067,171,56,115
109000068,528,15,513
109000069,485,20,465
109000070,2,822,-820
109000071,427,70,357
109000072,65,129,-64
109000073,79,48,31
109000074,15,91,-76
109000075,67,121,-54
109000076,75,285,-210
109000077,213,90,123
109000078,229,144,85
109000079,105,33,72
109000080,398,61,337
109000081,203,217,-14
109000082,1262,77,1185
109000083,343,181,162
109000088,262,109,153
109000089,506,146,360
109000090,102,139,-37
109000091,932,97,835
109000092,130,70,60
109000093,559,58,501
109000094,1753,8,1745
109000095,240,126,114
109000096,1737,113,1624
109000097,54,31,23
109000098,49,97,-48
109000099,1125,129,996
109000100,587,246,341
109000101,2552,157,2395
109000102,771,217,554
109000103,1203,260,943
109000104,4216,116,4100
109000105,620,316,304
109000106,2743,229,2514
109000107,497,468,29
109000108,3624,350,3274
109000109,454,429,25
109000110,1665,369,1296
109000111,550,894,-344
109000112,232,62,170
109000113,351,254,97
109000114,84,250,-166
109000115,603,12,591
109000116,5,231,-226
109000117,409,25,384
109000118,20,154,-134
109000119,3353,69,3284
109000120,821,161,660
109000121,1184,12,1172
109000122,419,182,237
109000123,44,13,31
109000124,1611,160,1451
109000125,1297,161,1136
109000126,484,236,248
109000127,2083,83,2000
109000128,591,234,357
109000129,5345,239,5106
109000130,246,342,-96
109000131,1128,762,366
109000132,254,476,-222
109000133,183,278,-95
109000134,369,378,-9
109000135,322,420,-98
109000136,170,165,5
109000137,358,174,184
109000138,283,82,201
109000139,826,186,640
109000140,110,128,-18
109000141,659,220,439
109000142,104,262,-158
109000143,155,100,55
109000145,110,197,-87
109000146,15,18,-3
109000148,1173,2507,-1334
109000149,18,61,-43
109000150,28,104,-76
109000155,1495,908,587
109000156,666,151,515
109000158,45,156,-111
109000159,118,242,-124
109000160,2409,79,2330
109000161,943,526,417
109000162,2881,175,2706
109000163,1964,502,1462
109000164,1940,967,973
109000165,2072,305,1767
109000166,1910,69,1841
109000167,118,169,-51
109000170,35,10,25
109000171,176,13,163
109000172,9,37,-28
109000173,5,231,-226
109000174,529,28,501
109000175,22,30,-8
109000176,647,116,531
109000177,21,37,-16
109000178,1670,96,1574
109000179,1741,9290,-7549
109000180,2145,4593,-2448
109000181,45,2,43
109000182,34,6,28
109000183,131,4,127
109000184,109,4,105
109000185,13,16,-3
109000188,331,965,-634
109000189,4697,1000,3697
109000190,1110,251,859
109000191,291,462,-171
109000192,1155,54,1101
109000193,328,43,285
109000194,531,26,505
109000195,379,45,334
109000196,330,29,301
109000197,275,124,151
109000198,369,40,329
109000199,273,113,160
109000206,164,13,151
109000207,341,6,335
109000208,135,113,22
109000209,307,45,262
109000210,142,179,-37
109000211,2817,203,2614
109000214,315,111,204
109000215,136,17,119
109000216,382,440,-58
109000217,88,72,16
109000218,266,255,11
109000221,132,206,-74
109000222,717,71,646
109000223,872,465,407
109000224,197,46,151
109000225,403,18,385
109000226,128,72,56
109000227,3122,248,2874
109000228,0,302,-302
109000231,1,49,-48
109000232,1500,108,1392
109000236,265,213,52
109000241,1902,338,1564
109000242,1589,280,1309
109000293,104,110,-6
109000361,58,109,-51
109000364,50,277,-227
109000396,4,141,-137
109000397,1048,31,1017
109000399,108,199,-91
109000400,118,70,48
109000403,7,1633,-1626
109000406,1575,1,1574
109000407,147,96,51
109000408,1,183,-182
109000410,1015,139,876
109000411,402,47,355
109900001,258,2,256
109900002,1291,9,1282
109900003,1269,7,1262
109900004,149,63,86
109900005,28,2,26
109900006,1166,52,1114
109900007,2598,111,2487
109900008,0,3,-3
109900009,63,192,-129
109900010,1109,9,1100
109900011,16,21,-5
109900012,551,144,407
109900013,731,97,634
109900014,207,44,163
109900015,165,13,152
109900016,89,4,85
109900017,311,73,238
109900018,165,13,152
109900019,135,39,96
109900020,48,21,27
109900021,68,7,61
109900022,91,48,43
109900023,5,2,3
109900024,18,0,18
109900025,5,29,-24
109900026,0,41,-41
109900027,54,21,33
109900028,353,4341,-3988
109900029,0,132,-132
109900030,61,0,61
109900031,0,711,-711
109900032,10,85,-75
109900033,1,198,-197
109900034,7,0,7
109900035,261,239,22
109900036,21,87,-66
109900037,5,183,-178
109900038,58,68,-10
109900039,2,0,2
109900040,16,141,-125
109900041,40,104,-64
109900042,12,149,-137
109900044,34,149,-115
109900045,94,7,87
109900046,99,27,72
109900047,80,111,-31
109900048,1,34,-33
109900049,43,12,31
109900050,0,11,-11
109900051,0,2,-2
109900052,83,97,-14
109900053,2,47,-45
109900054,2135,79,2056
109900055,273,84,189
109900056,102,147,-45
109900057,0,44,-44
109900058,0,23,-23
109900059,2346,35,2311
109900060,1340,49,1291
109900061,46,55,-9
109900062,0,64,-64
109900063,16,363,-347
109900064,1025,57,968
109900065,31,65,-34
109900066,39,177,-138
109900067,2,74,-72
109900068,161,0,161
109900069,3,20,-17
109900070,37,16,21
109900071,0,9,-9
109900072,22,22,0
109900073,943,160,783
109900074,2,10,-8
109900075,21,71,-50
109900076,26,44,-18
109900077,6,22,-16
109900078,45,34,11
109900080,98,58,40
109900081,2,104,-102
109900082,66,49,17
109900083,5,15,-10
109900084,46,146,-100
109900085,49,137,-88
109900086,91,1468,-1377
109900087,30,185,-155
109900089,994,110,884
109900090,93,265,-172
109900091,792,64,728
109900092,250,21,229
109900093,1720,107,1613
109900094,83,37,46
109900095,45,50,-5
109900096,162,4,158
109900097,257,1,256
109900098,925,15,910
109900099,832,1,831
109900100,195,1,194
109900101,1481,5,1476
109900102,694,7,687
109900103,47,92,-45
109900104,2318,102,2216
109900105,979,16,963
109900106,608,11,597
109900107,828,25,803
109900108,147,72,75
109900109,21,34,-13
109900110,23,72,-49
109900111,62,217,-155
109900112,94,149,-55
109900113,1036,428,608
109900114,252,1237,-985
109900115,182,56,126
109900117,2706,60,2646
109900118,89,124,-35
109900119,78,191,-113
109900120,60,34,26
109900121,184,89,95
109900122,1421,5,1416
109900123,16,25,-9
109900124,12,87,-75
109900125,0,27,-27
109900126,718,7,711
109900128,516,27,489
109900130,1741,4743,-3002
109900131,2,47,-45
109900132,15,27,-12
109900133,67,88,-21
109900134,17,65,-48
109900135,142,14,128
109900136,24,54,-30
109900137,340,78,262
109900140,173,65,108
109900142,4113,127,3986
109900145,9,806,-797
109900146,75,37,38
109900148,12,31,-19
109900149,10,12,-2
109900150,0,4,-4
109900151,1,3,-2
109900152,0,3,-3
109900153,0,28,-28
109900154,4,0,4
109900155,61,39,22
109900157,25,93,-68
109900158,26,20,6
109900159,62,13,49
109900160,212,26,186
109900161,574,23,551
109900162,253,27,226
109900163,228,52,176
109900164,47,80,-33
109900165,312,2,310
109900166,0,152,-152
109900167,214,285,-71
109900168,91,279,-188
109900169,375,108,267
109900170,298,1794,-1496
109900171,710,78,632
109900172,519,582,-63
109900173,927,3142,-2215
109900174,29,88,-59
109900175,141,142,-1
109900176,163,58,105
109900177,19,70,-51
109900178,1,65,-64
109900179,2,9,-7
109900180,1,11,-10
110000001,434,214,220
110000002,667,429,238
110000003,564,414,150
110000004,241,353,-112
110000005,217,2894,-2677
110000006,289,223,66
110000007,75,31,44
110000008,25,455,-430
110000009,57,12,45
110000010,79,163,-84
110000011,57,25,32
110000012,299,85,214
110000013,46,743,-697
110000014,483,393,90
110000015,125,581,-456
110000016,293,1739,-1446
110000017,1898,142,1756
110000018,1661,346,1315
110000019,32,26,6
110000020,855,491,364
110000021,115,133,-18
110000022,2222,95,2127
110000023,6,49,-43
110000024,358,70,288
110000025,2255,2,2253
110000026,4,135,-131
110000027,534,1207,-673
110000028,1431,246,1185
110000029,360,233,127
110000030,506,407,99
110000031,201,207,-6
110000032,1422,90,1332
110000033,103,171,-68
110000034,1478,342,1136
110000035,482,295,187
110000036,2166,329,1837
110000037,197,119,78
110000038,436,1131,-695
110000039,1125,10124,-8999
110000040,274,297,-23
110000041,315,3625,-3310
110000042,48,412,-364
110000043,742,365,377
110000044,15,273,-258
110000045,82,64,18
110000046,2,132,-130
110000047,1,42,-41
110000048,1,109,-108
110000049,5,4,1
110000050,4,102,-98
110000051,6,34,-28
110000052,44,27,17
110000053,14,11,3
110000054,38,335,-297
110000055,100,86,14
110000056,46,63,-17
110000057,199,173,26
110000058,787,234,553
110000059,561,350,211
110000060,1511,637,874
110000061,299,289,10
110000062,521,469,52
110000063,73,505,-432
110000064,74,19,55
110000065,165,297,-132
110000066,129,11,118
110000067,48,50,-2
110000068,480,35,445
110000069,1256,9,1247
110000071,1540,7,1533
110000073,87,2,85
110000075,52,57,-5
110000076,612,917,-305
110000077,189,2179,-1990
110000078,175,7,168
110000080,151,266,-115
110000081,24,280,-256
110000082,18,289,-271
110000083,238,198,40
110000084,1787,882,905
110000085,506,530,-24
110000086,600,2245,-1645
110000087,43,37,6
110000088,172,167,5
110000089,608,32,576
110000090,137,273,-136
110000091,463,133,330
110000092,22,35,-13
110000093,51,25,26
110000094,407,83,324
110000095,102,677,-575
110000096,799,3232,-2433
110000097,720,1834,-1114
110000098,1832,408,1424
110000099,1404,1410,-6
110000100,3101,83,3018
110000101,335,88,247
110000102,71,34,37
110000104,385,165,220
110000105,20,210,-190
110000106,425,499,-74
110000107,120,138,-18
110000108,102,203,-101
110000109,179,156,23
110000110,1224,3174,-1950
110000111,2248,2690,-442
110000112,147,915,-768
110000113,56,4051,-3995
110000114,978,1037,-59
110000115,1158,126,1032
110000116,110,55,55
110000117,949,130,819
110000118,1209,105,1104
110000119,1045,96,949
110000120,497,81,416
110000121,123,625,-502
110000122,229,142,87
110000123,647,208,439
110000124,0,359,-359
110000125,838,2,836
110000126,208,50,158
110000127,1092,36,1056
110000128,15,417,-402
110000129,0,147,-147
110000130,233,155,78
110000131,45,63,-18
110000132,0,167,-167
110000133,14,383,-369
110000134,44,362,-318
110000135,250,23,227
110000136,69,93,-24
110000137,979,131,848
110000138,1422,224,1198
110000139,2098,212,1886
110000140,639,521,118
110000143,442,322,120
110000144,1396,1335,61
110000145,1734,1035,699
110000146,986,508,478
110000147,237,866,-629
110000148,989,163,826
110000151,526,961,-435
110000152,219,433,-214
110000153,909,36,873
110000154,45,83,-38
110000155,524,994,-470
110000156,731,666,65
110000157,698,2040,-1342
110000160,265,174,91
110000161,162,118,44
110000166,1605,67,1538
110000167,2601,832,1769
110000168,540,1168,-628
110000169,867,311,556
110000170,238,134,104
110000171,580,79,501
110000172,349,324,25
110000173,372,373,-1
110000174,126,166,-40
110000175,1938,148,1790
110000176,49,1259,-1210
110000177,248,2683,-2435
110000178,333,4678,-4345
110000179,719,372,347
110000180,673,250,423
110000181,1863,252,1611
110000182,295,78,217
110000183,3740,8913,-5173
110000184,181,4333,-4152
110000185,375,703,-328
110000186,416,1743,-1327
110000191,1808,59,1749
110000192,1433,27,1406
110000193,2096,2,2094
110000194,2,461,-459
110000195,778,68,710
110000196,1050,91,959
110000197,169,34,135
110000198,35,15,20
110000199,87,153,-66
110000200,494,681,-187
110000201,1254,1635,-381
110000202,1250,385,865
110000203,253,240,13
110000204,3,93,-90
110000205,603,38,565
110000206,323,274,49
110000207,2454,130,2324
110000208,165,384,-219
110000209,20,150,-130
110000210,1802,359,1443
110000211,1079,364,715
110000212,682,1874,-1192
110000213,612,23,589
110000214,748,35,713
110000215,150,72,78
110000216,240,85,155
110000217,867,60,807
110000218,433,77,356
110000219,654,28,626
110000220,32,41,-9
110000221,795,19,776
110000222,71,75,-4
110000223,41,76,-35
110000224,2,9,-7
110000225,189,556,-367
110000226,513,14,499
110000227,626,774,-148
110000228,345,39,306
110000229,0,70,-70
110000230,789,371,418
110000231,384,817,-433
110000232,127,118,9
110000233,126,450,-324
110000234,333,257,76
110000235,665,852,-187
110000236,840,295,545
110000237,2947,1169,1778
110000238,955,544,411
110000239,2149,490,1659
110000240,1,25,-24
110000242,0,17,-17
110000243,350,68,282
110000244,102,109,-7
110000245,23,181,-158
110000246,2068,378,1690
110000247,1117,1589,-472
110000248,1075,545,530
110000249,257,10,247
110000250,6,66,-60
110000251,517,123,394
110000252,929,54,875
110000253,2943,235,2708
110000254,1180,348,832
110000255,212,356,-144
110000256,685,135,550
110000257,250,143,107
110000258,4,220,-216
110000259,685,18,667
110000260,135,58,77
110000263,967,44,923
110000264,1122,134,988
110000265,1463,1289,174
110000266,911,1323,-412
110000267,54,28,26
110000268,261,131,130
110000269,6,38,-32
110000270,155,0,155
110000271,1177,156,1021
110000272,788,713,75
110000273,954,458,496
110000274,252,4844,-4592
110000275,1227,796,431
110000276,268,1359,-1091
110000277,489,491,-2
110000278,487,416,71
110000279,1054,315,739
110000280,1037,191,846
110000281,128,91,37
110000282,114,13,101
110000283,28,68,-40
110000284,3,10,-7
110000285,0,129,-129
110000286,24,1,23
110000287,168,1,167
110000288,0,46,-46
110000289,328,3479,-3151
110000290,173,1136,-963
110000291,2036,726,1310
110000292,623,11400,-10777
110000293,624,245,379
110000294,2207,3018,-811
110000295,193,399,-206
110000296,1189,210,979
110000297,3729,163,3566
110000298,58,256,-198
110000299,136,27,109
110000301,430,23,407
110000302,857,1017,-160
110000303,1035,31,1004
110000304,494,267,227
110000305,1938,42,1896
110000306,677,457,220
110000307,4452,20,4432
110000308,933,19,914
110000309,7,531,-524
110000310,1436,33,1403
110000311,3,292,-289
110000312,699,51,648
110000313,3261,1193,2068
110000314,2,100,-98
110000315,1120,852,268
110000316,356,681,-325
110000317,167,461,-294
110000318,2,37,-35
110000319,8,8,0
110000320,17,12,5
110000321,56,90,-34
110000322,203,179,24
110000323,1254,102,1152
110000324,1664,1044,620
110000325,1443,6309,-4866
110000327,430,128,302
110000328,38,237,-199
110000333,1530,2233,-703
110000334,340,639,-299
110000335,792,254,538
110000336,367,477,-110
110000337,2596,392,2204
110000338,573,96,477
110000339,908,92,816
110000340,51,74,-23
110000341,836,192,644
110000342,74,4,70
110000343,0,5,-5
110000344,29,535,-506
110000345,103,685,-582
110000346,1082,1800,-718
110000347,1267,352,915
110000348,34,11,23
110000349,18,2,16
110000350,146,4,142
110000351,2200,272,1928
110000352,503,2211,-1708
110000353,2247,350,1897
110000354,835,5454,-4619
110000355,441,46,395
110000356,258,16,242
110000357,1208,6,1202
110000361,236,6,230
110000362,381,30,351
110000363,1172,61,1111
110000364,610,124,486
110000365,125,0,125
110000366,0,84,-84
110000367,792,116,676
110000368,1,38,-37
110000369,90,10,80
110000373,2,524,-522
110000374,98,43,55
110000375,142,1043,-901
110000376,12,29,-17
110000377,76,210,-134
110000378,19,438,-419
110000379,1128,3449,-2321
110000380,246,2,244
110000383,0,497,-497
110000384,1117,143,974
110000385,0,63,-63
110000387,420,0,420
110000388,101,99,2
110000389,804,4,800
110000391,1553,310,1243
110000396,485,55,430
110000397,81,34,47
110000398,11,11,0
110000399,251,3,248
110000587,393,226,167
110000589,353,43,310
110000640,221,5,216
110000652,27,208,-181
110000653,416,167,249
110000654,0,169,-169
110000656,0,124,-124
110000674,89,1,88
110000675,5,9,-4
110000676,0,21,-21
110000679,76,1116,-1040
110000682,154,196,-42
110000683,248,140,108
110000684,0,33,-33
110000685,2,24,-22
110000686,2,182,-180
110000687,8,1,7
110000688,69,1513,-1444
110000689,47,5,42
110000692,12,59,-47
110000693,12,278,-266
110000694,0,80,-80
110000695,81,310,-229
110000696,56,6,50
110900001,464,40,424
110900002,395,69,326
110900003,3098,136,2962
110900004,1051,21,1030
110900005,907,8301,-7394
110900006,142,129,13
110900007,556,325,231
110900008,1,8,-7
110900009,312,1318,-1006
110900010,0,6,-6
110900011,2,24,-22
110900012,4,25,-21
110900013,1616,72,1544
110900014,474,16,458
110900015,177,502,-325
110900016,149,49,100
110900017,1014,21,993
110900018,624,25,599
110900019,928,21,907
110900020,469,42,427
110900021,158,165,-7
110900022,52,53,-1
110900023,48,103,-55
110900024,244,86,158
110900025,5,23,-18
110900027,30,24,6
110900028,7,32,-25
110900029,25,60,-35
110900030,33,55,-22
110900031,5,78,-73
110900032,0,33,-33
110900033,2,99,-97
110900035,33,506,-473
110900036,240,5,235
110900037,270,3,267
110900038,215,219,-4
110900039,0,210,-210
110900040,435,2,433
110900041,3,25,-22
110900042,158,82,76
110900043,0,17,-17
110900044,105,17,88
110900045,253,142,111
110900046,5,69,-64
110900047,98,920,-822
110900049,298,54,244
110900050,104,1,103
110900051,42,38,4
110900052,2,200,-198
110900053,442,14,428
110900054,20,197,-177
110900055,24,0,24
110900056,14,66,-52
110900057,1,58,-57
110900058,650,64,586
110900059,240,164,76
110900060,337,50,287
110900061,1,13,-12
110900062,315,98,217
110900063,28,40,-12
110900064,12,0,12
110900065,31,41,-10
110900066,7,31,-24
110900067,96,826,-730
110900068,220,56,164
110900069,9,5,4
110900070,101,25,76
110900071,107,2247,-2140
110900073,0,2,-2
110900074,1237,100,1137
110900075,1026,60,966
110900077,2738,333,2405
110900078,439,20,419
110900079,691,533,158
110900080,301,43,258
110900081,19,9,10
110900082,313,48,265
110900083,160,8,152
110900084,313,13,300
110900085,9,67,-58
110900086,70,271,-201
110900087,625,88,537
110900088,11,0,11
110900090,81,208,-127
110900091,0,11,-11
110900093,395,70,325
110900095,72,7,65
110900097,101,3,98
110900098,28,19,9
110900099,21,67,-46
110900100,0,2,-2
110900102,107,29,78
110900105,403,26,377
110900108,29,14,15
110900111,631,43,588
110900112,640,2,638
110900113,310,140,170
110900115,2,17,-15
110900116,2921,524,2397
110900118,51,5502,-5451
110900119,1058,67,991
110900120,318,63,255
110900121,63,1,62
110900122,584,127,457
110900125,409,1609,-1200
110900127,182,1078,-896
110900128,32,137,-105
110900129,95,1131,-1036
110900130,159,189,-30
110900131,581,197,384
110900132,867,33,834
110900133,70,265,-195
110900135,41,70,-29
110900136,545,18,527
110900137,1,1,0
110900138,112,237,-125
110900139,0,34,-34
110900140,2,0,2
110900141,17,98,-81
110900142,52,32,20
110900143,607,24,583
110900144,1,102,-101
110900145,329,161,168
110900146,78,609,-531
110900147,65,278,-213
110900148,1,91,-90
110900149,5,11,-6
110900150,39,10,29
110900151,0,61,-61
110900152,33,15,18
110900153,262,14,248
111000001,1563,677,886
111000002,534,367,167
111000003,3504,1388,2116
111000004,724,772,-48
111000005,1208,1775,-567
111000006,644,1916,-1272
111000007,3751,7090,-3339
111000008,2736,4853,-2117
111000009,311,739,-428
111000010,2063,508,1555
111000011,145,659,-514
111000012,493,479,14
111000013,566,953,-387
111000014,2799,399,2400
111000017,15,663,-648
111000018,59,259,-200
111000020,213,641,-428
111000021,10,54,-44
111000023,88,157,-69
111000025,1909,4769,-2860
111000029,75,48,27
111000030,39,38,1
111000031,1399,441,958
111000032,560,220,340
111000033,363,38,325
111000034,92,112,-20
111000037,676,261,415
111000038,1197,963,234
111000039,1569,743,826
111000040,1240,553,687
111000041,217,296,-79
111000042,1250,1971,-721
111000043,1728,7468,-5740
111000044,2213,394,1819
111000045,4269,957,3312
111000046,3419,917,2502
111000047,2992,7657,-4665
111000049,248,217,31
111000050,772,327,445
111000051,482,377,105
111000052,461,869,-408
111000053,225,249,-24
111000054,236,445,-209
111000055,636,788,-152
111000056,239,222,17
111000057,183,149,34
111000058,1407,44,1363
111000059,932,364,568
111000060,7325,1066,6259
111000061,1251,259,992
111000062,1336,476,860
111000063,1330,1263,67
111000064,1366,303,1063
111000065,1590,361,1229
111000066,1236,189,1047
111000067,2069,211,1858
111000068,1274,175,1099
111000069,1154,1195,-41
111000070,495,261,234
111000071,181,132,49
111000072,1948,841,1107
111000073,155,1791,-1636
111000074,1701,986,715
111000075,830,181,649
111000076,1033,324,709
111000077,1045,472,573
111000078,1583,273,1310
111000079,929,510,419
111000080,776,336,440
111000081,1179,7820,-6641
111000082,1204,150,1054
111000084,957,255,702
111000085,1110,684,426
111000086,1519,683,836
111000087,669,261,408
111000088,2383,5847,-3464
111000089,839,432,407
111000090,359,508,-149
111000091,636,178,458
111000092,2819,547,2272
111000093,1427,1095,332
111000094,1902,1063,839
111000095,1309,3123,-1814
111000096,692,8827,-8135
111000097,1525,480,1045
111000098,128,354,-226
111000099,347,668,-321
111000100,482,501,-19
111000101,233,261,-28
111000102,363,133,230
111000104,1566,70,1496
111000107,109,149,-40
111000109,1395,160,1235
111000110,1705,367,1338
111000111,5856,89,5767
111000112,3471,213,3258
111000113,701,3572,-2871
111000114,966,7773,-6807
111000115,2073,581,1492
111000116,648,443,205
111000117,208,506,-298
111000118,757,574,183
111000119,2336,333,2003
111000120,910,607,303
111000121,323,784,-461
111000122,333,394,-61
111000123,810,686,124
111000124,240,937,-697
111000125,267,568,-301
111000126,119,317,-198
111000127,2167,101,2066
111000128,4714,190,4524
111000129,5020,162,4858
111000130,4821,196,4625
111000131,4275,266,4009
111000132,3246,2888,358
111000133,152,19,133
111000134,121,11,110
111000135,125,117,8
111000136,371,161,210
111000138,131,6,125
111000140,5,1,4
111000141,123,298,-175
111000142,1,57,-56
111000143,18,151,-133
111000144,0,216,-216
111000145,24,2,22
111000146,228,0,228
111000147,96,9,87
111000148,134,71,63
111000149,3,27,-24
111000150,198,2,196
111000151,3,46,-43
111000153,293,182,111
111000154,363,81,282
111000155,213,45,168
111000156,659,194,465
111000157,353,330,23
111000158,1482,438,1044
111000159,2147,529,1618
111000160,666,83,583
111000161,2,202,-200
111000162,6,51,-45
111000163,1169,668,501
111000164,283,2310,-2027
111000165,556,114,442
111000166,259,61,198
111000167,50,171,-121
111000168,141,152,-11
111000169,390,135,255
111000170,227,122,105
111000171,317,226,91
111000172,186,201,-15
111000173,332,327,5
111000174,593,107,486
111000175,35,211,-176
111000176,1354,45,1309
111000177,2515,97,2418
111000178,3062,105,2957
111000179,550,23,527
111000180,273,150,123
111000181,2786,102,2684
111000182,293,94,199
111000183,265,336,-71
111000184,413,102,311
111000185,231,147,84
111000186,217,417,-200
111000187,290,82,208
111000188,473,152,321
111000189,175,144,31
111000190,196,91,105
111000191,236,137,99
111000192,125,210,-85
111000193,170,89,81
111000194,78,78,0
111000195,98,73,25
111000196,84,47,37
111000197,1347,41,1306
111000198,821,35,786
111000199,700,473,227
111000200,1250,836,414
111000201,1496,45,1451
111000202,758,68,690
111000203,544,280,264
111000204,206,2238,-2032
111000213,338,147,191
111000214,1097,447,650
111000215,1179,457,722
111000217,2677,296,2381
111000218,2880,458,2422
111000219,240,67,173
111000220,542,517,25
111000221,160,63,97
111000224,14,101,-87
111000225,432,293,139
111000226,152,1,151
111000227,15,0,15
111000228,2,883,-881
111000229,30,2081,-2051
111000230,134,63,71
111000231,888,153,735
111000232,1132,744,388
111000233,3172,280,2892
111000234,332,552,-220
111000239,66,31,35
111000240,83,742,-659
111000241,75,117,-42
111000242,448,47,401
111000243,309,244,65
111000244,1885,193,1692
111000245,512,256,256
111000246,878,71,807
111000247,939,223,716
111000248,823,71,752
111000249,465,125,340
111000250,75,24,51
111000251,120,41,79
111000253,22,9,13
111000255,70,2,68
111000257,67,9,58
111000260,51,410,-359
111000261,2861,45,2816
111000271,47,151,-104
111000273,1957,737,1220
111000274,1179,3308,-2129
111000275,191,10,181
111000276,112,397,-285
111000277,229,111,118
111000278,320,130,190
111000291,1504,19193,-17689
111000298,573,139,434
111000299,1044,70,974
111000300,66,218,-152
111000302,538,33,505
111000303,118,78,40
111000312,108,16,92
111000315,1,38,-37
111000320,294,128,166
111000321,663,142,521
111000322,920,99,821
111000323,521,46,475
111000324,154,53,101
111000325,25,35,-10
111000326,199,119,80
111000327,298,167,131
111000328,485,521,-36
111000329,2,13,-11
111000330,334,9,325
111000331,103,0,103
111000332,335,411,-76
111000334,106,443,-337
111000335,1969,222,1747
111000337,3410,135,3275
111000338,237,43,194
111000339,1431,72,1359
111000340,75,455,-380
111000341,2798,2091,707
111000342,30,228,-198
111000344,1493,327,1166
111000345,92,62,30
111000346,34,106,-72
111000347,311,7,304
111000350,161,78,83
111000351,153,323,-170
111000352,209,29,180
111000353,148,123,25
111000354,708,74,634
111000355,372,222,150
111000358,131,306,-175
111000360,201,107,94
111000361,290,101,189
111000546,1875,204,1671
111000547,910,213,697
111000548,320,157,163
111000549,373,52,321
111000550,8,1781,-1773
111000551,149,23,126
111000552,517,122,395
111000907,3433,37,3396
111000908,77,1,76
111000916,4814,167,4647
111000917,59,228,-169
111000918,166,199,-33
111000920,1874,8,1866
111000921,0,39,-39
111000922,1895,66,1829
111000924,30,151,-121
111000925,6196,2536,3660
111000926,1151,1025,126
111000927,1860,5443,-3583
111000928,2837,1272,1565
111000929,2093,536,1557
111000930,1407,1371,36
111000931,2190,765,1425
111000932,1410,693,717
111000933,2601,3067,-466
111000934,732,768,-36
111000935,3913,1189,2724
111000936,1056,657,399
111000937,1669,1273,396
111000938,730,503,227
111000939,1552,11,1541
111000940,2099,29,2070
111000941,766,101,665
111000943,994,66,928
111000944,210,133,77
111000945,340,390,-50
111001109,707,1357,-650
111001110,133,185,-52
111001111,334,3,331
111001112,109,7,102
111001113,0,235,-235
111001114,628,77,551
111001115,9,612,-603
111001116,1701,8846,-7145
111001117,269,4266,-3997
111001120,106,120,-14
111001121,110,49,61
111001122,394,56,338
111001123,677,62,615
111001124,168,45,123
111001125,1,506,-505
111900001,92,8,84
111900002,251,82,169
111900003,12,104,-92
111900004,5,30,-25
111900006,107,196,-89
111900007,644,1,643
111900008,805,1,804
111900009,751,10,741
111900010,59,114,-55
111900012,52,21,31
111900013,98,6,92
111900014,1008,9607,-8599
111900015,1,8,-7
111900016,0,30,-30
111900017,0,5,-5
111900018,228,1,227
111900019,7,92,-85
111900020,0,10,-10
111900021,5,19,-14
111900022,1,19,-18
111900023,33,21,12
111900024,28,148,-120
111900025,0,16,-16
111900026,0,28,-28
111900027,0,30,-30
111900028,0,41,-41
111900029,5,12,-7
111900030,13,135,-122
111900031,25,10,15
111900032,11,71,-60
111900033,8,6,2
111900034,15,98,-83
111900035,111,449,-338
111900036,0,46,-46
111900038,25,128,-103
111900039,14,89,-75
111900040,5,131,-126
111900042,4,10,-6
111900043,1,88,-87
111900044,25,73,-48
111900046,8,57,-49
111900048,792,116,676
111900049,2,60,-58
111900050,330,6,324
111900051,1,65,-64
111900052,88,45,43
111900053,329,3705,-3376
111900054,618,2,616
111900055,2,55,-53
111900056,106,378,-272
111900057,259,0,259
111900058,1600,351,1249
111900059,799,1098,-299
111900060,340,4,336
111900061,0,38,-38
111900062,79,118,-39
111900063,548,32,516
111900064,8,40,-32
111900065,341,13,328
111900066,167,112,55
111900067,1,60,-59
111900068,31,129,-98
111900069,83,15,68
111900070,356,47,309
111900071,1,46,-45
111900072,36,77,-41
111900073,2004,254,1750
111900074,0,63,-63
111900075,70,10,60
111900076,767,102,665
111900077,52,1,51
111900078,850,95,755
111900079,18,74,-56
111900080,127,57,70
111900082,360,71,289
111900083,558,87,471
111900084,272,26,246
111900085,25,46,-21
111900086,247,23,224
111900087,196,3,193
111900088,1465,49,1416
111900089,165,3,162
111900090,46,161,-115
111900091,1439,17,1422
111900092,291,0,291
111900093,955,61,894
111900094,209,3,206
111900095,788,49,739
111900096,333,9,324
111900097,147,0,147
111900098,869,31,838
111900099,97,0,97
111900100,264,6,258
111900101,620,9,611
111900102,1460,112,1348
111900103,54,88,-34
111900104,109,7,102
111900105,128,286,-158
111900106,170,18,152
111900110,1051,113,938
111900111,510,14,496
111900112,153,7800,-7647
111900113,225,63,162
111900118,962,82,880
111900119,232,118,114
111900122,20,26,-6
111900123,11,16,-5
111900124,31,17,14
111900125,1117,88,1029
111900126,1276,2,1274
111900127,0,106,-106
111900128,12,132,-120
111900129,581,1,580
111900130,195,64,131
111900131,1086,2,1084
111900132,14,231,-217
111900133,6,81,-75
111900134,3,87,-84
111900135,2,16,-14
111900136,17,72,-55
111900137,30,15,15
111900138,17,40,-23
111900139,12,14,-2
111900140,182,23,159
111900141,141,1,140
111900142,87,3,84
111900143,101,68,33
111900144,1,31,-30
111900145,5,123,-118
111900146,1,85,-84
111900147,27,137,-110
111900148,11,187,-176
111900149,3,87,-84
111900150,8,39,-31
111900151,0,15,-15
111900152,63,38,25
111900153,224,502,-278
111900154,16,1157,-1141
111900155,61,267,-206
111900156,41,25,16
111900157,158,24,134
111900158,870,64,806
111900159,986,120,866
111900160,661,7,654
111900161,667,4,663
111900162,114,665,-551
111900163,5,46,-41
111900164,232,50,182
111901113,1869,73,1796
111901114,526,789,-263
111901115,492,2,490
111901116,109,3,106
111901117,16,144,-128
111901118,20,1027,-1007
111901119,169,8,161
111901121,10,42,-32
111901122,7,71,-64
111901123,863,45,818
111901124,604,11,593
111901125,2039,188,1851
111901127,836,2702,-1866
111901128,5,21,-16
111901129,0,42,-42
111901130,7,82,-75
111901131,0,86,-86
111901132,94,35,59
111901133,238,3,235
111901134,478,1,477
111901135,67,1,66
111901136,79,8,71
111901137,0,13,-13
111901138,7,7,0
111901139,5,14,-9
111901140,3,23,-20
111901141,5,50,-45
111901142,0,33,-33
111901143,0,41,-41
111901144,20,36,-16
111901145,30,392,-362
111901146,60,2,58
111901147,14,89,-75
111901148,1,14,-13
112000001,3355,696,2659
112000002,949,1970,-1021
112000003,6006,788,5218
112000004,1582,234,1348
112000005,4905,4651,254
112000006,671,355,316
112000007,5669,3567,2102
112000008,4319,4340,-21
112000009,2583,718,1865
112000010,4391,4798,-407
112000011,1368,730,638
112000012,3365,4165,-800
112000013,1011,1381,-370
112000014,636,3000,-2364
112000015,980,2607,-1627
112000016,1806,2848,-1042
112000017,345,3647,-3302
112000024,361,156,205
112000026,1728,825,903
112000027,789,468,321
112000028,374,610,-236
112000029,840,729,111
112000030,122,20,102
112000031,946,3536,-2590
112000032,72,4,68
112000033,1428,3823,-2395
112000034,79,22,57
112000035,27,536,-509
112000036,103,1049,-946
112000037,461,861,-400
112000038,789,940,-151
112000039,152,29,123
112000040,22,108,-86
112000041,176,194,-18
112000042,498,77,421
112000050,1236,580,656
112000051,1232,2272,-1040
112000054,1051,1016,35
112000057,560,66,494
112000058,144,123,21
112000059,504,321,183
112000061,1797,342,1455
112000062,353,981,-628
112000063,210,3285,-3075
112000064,1515,1399,116
112000065,542,617,-75
112000066,2803,1001,1802
112000067,328,252,76
112000068,3111,1775,1336
112000069,343,1016,-673
112000070,1280,637,643
112000071,977,1081,-104
112000072,4094,567,3527
112000073,1078,1668,-590
112000074,1115,889,226
112000075,1505,1379,126
112000076,2693,1524,1169
112000077,1464,360,1104
112000078,2712,481,2231
112000079,2391,1039,1352
112000080,1228,447,781
112000081,681,814,-133
112000082,1508,232,1276
112000083,1076,485,591
112000084,1419,236,1183
112000085,1870,227,1643
112000086,3025,433,2592
112000087,1183,97,1086
112000088,1228,136,1092
112000089,358,184,174
112000090,166,122,44
112000091,527,235,292
112000092,3144,484,2660
112000093,1403,291,1112
112000094,753,275,478
112000095,979,199,780
112000096,1073,311,762
112000097,4491,385,4106
112000098,315,263,52
112000099,1016,2403,-1387
112000100,3502,384,3118
112000101,613,219,394
112000102,2828,252,2576
112000103,545,255,290
112000105,489,328,161
112000106,4285,223,4062
112000107,213,76,137
112000108,1694,476,1218
112000109,727,49,678
112000110,3582,520,3062
112000111,483,861,-378
112000112,2412,175,2237
112000113,778,629,149
112000114,3772,488,3284
112000115,369,133,236
112000116,880,270,610
112000117,1433,414,1019
112000118,434,353,81
112000119,394,254,140
112000120,48,69,-21
112000121,429,157,272
112000122,927,56,871
112000123,1457,36,1421
112000124,889,41,848
112000125,522,267,255
112000126,1453,153,1300
112000127,1865,1645,220
112000128,614,512,102
112000129,139,31,108
112000130,668,54,614
112000131,49,67,-18
112000132,358,46,312
112000133,905,67,838
112000134,710,181,529
112000135,1710,604,1106
112000136,937,1288,-351
112000137,2213,1229,984
112000138,1239,412,827
112000139,487,495,-8
112000140,95,290,-195
112000141,1472,220,1252
112000142,166,229,-63
112000143,2156,107,2049
112000144,297,507,-210
112000145,3919,302,3617
112000146,623,446,177
112000147,3253,1119,2134
112000148,618,446,172
112000149,772,285,487
112000150,1033,178,855
112000151,336,101,235
112000152,1295,157,1138
112000153,154,88,66
112000154,199,819,-620
112000155,96,59,37
112000157,249,761,-512
112000158,360,92,268
112000159,2095,171,1924
112000167,396,252,144
112000169,142,1092,-950
112000173,2001,148,1853
112000175,946,162,784
112000176,512,859,-347
112000177,1751,484,1267
112000178,35,119,-84
112000179,484,132,352
112000180,551,79,472
112000181,736,306,430
112000182,3129,216,2913
112000183,45,4,41
112000184,620,201,419
112000185,1902,105,1797
112000187,3795,2366,1429
112000195,357,15,342
112000196,142,0,142
112000197,66,56,10
112000198,23,108,-85
112000199,400,291,109
112000202,1541,5,1536
112000216,45,115,-70
112000230,331,3,328
112000231,3,38,-35
112000256,90,388,-298
112000313,62,20,42
112000314,58,86,-28
112000337,316,533,-217
112000352,118,200,-82
112000392,1618,386,1232
112000398,2685,473,2212
112000399,965,5296,-4331
112000400,698,655,43
112000401,743,744,-1
112000402,4176,3874,302
112000403,1214,7180,-5966
112000404,2026,1066,960
112000405,4140,2216,1924
112000406,1675,768,907
112000407,10106,6734,3372
112000408,3096,1013,2083
112000409,1001,877,124
112000410,169,172,-3
112000411,1000,1665,-665
112000412,176,124,52
112000413,2358,7624,-5266
112000414,267,45,222
112000415,170,7,163
112000416,5299,621,4678
112000417,306,55,251
112000421,163,40,123
112000422,306,106,200
112000424,814,4208,-3394
112000425,437,290,147
112000426,598,403,195
112000427,0,4,-4
112000428,476,173,303
112000429,1668,1163,505
112000430,2148,2759,-611
112000431,273,128,145
112000432,618,451,167
112000433,147,224,-77
112000437,72,50,22
112900001,54,4,50
112900002,1261,147,1114
112900003,88,43,45
112900004,89,91,-2
112900005,438,23,415
112900006,19,82,-63
112900007,56,17,39
112900008,0,40,-40
112900009,520,235,285
112900010,567,183,384
112900011,28,75,-47
112900012,0,6,-6
112900013,2,151,-149
112900014,14,22,-8
112900015,23,161,-138
112900016,2,86,-84
112900017,26,71,-45
112900018,5,71,-66
112900019,3,61,-58
112900020,178,272,-94
112900021,5,59,-54
112900022,12,30,-18
112900023,1,45,-44
112900024,4,31,-27
112900025,48,56,-8
112900026,1,30,-29
112900027,3,148,-145
112900028,58,31,27
112900029,15,79,-64
112900030,84,14,70
112900031,0,137,-137
112900032,194,74,120
112900034,0,12,-12
112900035,0,37,-37
112900036,8,37,-29
112900037,171,190,-19
112900038,1183,30,1153
112900039,5,143,-138
112900040,3,222,-219
112900041,265,793,-528
112900042,100,59,41
112900043,55,29,26
112900044,108,60,48
112900045,68,75,-7
112900046,34,33,1
112900047,7,7,0
112900049,832,27,805
112900050,12,170,-158
112900051,93,115,-22
112900052,5,197,-192
112900053,73,73,0
112900054,63,75,-12
112900055,37,5,32
112900056,156,116,40
112900057,55,131,-76
112900058,264,544,-280
112900059,117,116,1
112900060,56,37,19
112900061,28,52,-24
112900062,62,14,48
112900063,9,34,-25
112900064,10,14,-4
112900065,25,27,-2
112900066,213,409,-196
112900067,172,15,157
112900068,24,82,-58
112900069,603,1487,-884
112900071,30,35,-5
112900072,22,7032,-7010
112900073,502,334,168
112900074,158,480,-322
112900075,378,2219,-1841
112900076,4,28,-24
112900078,183,807,-624
112900079,195,30,165
112900080,369,4,365
112900081,40,617,-577
112900082,717,16,701
112900083,265,198,67
112900084,521,466,55
112900086,266,2,264
112900087,2503,196,2307
112900088,524,20,504
112900089,1086,17,1069
112900090,155,99,56
112900091,596,12,584
112900092,25,859,-834
112900093,1259,24,1235
112900095,267,0,267
112900096,905,202,703
112900097,59,56,3
112900098,89,0,89
112900099,2016,18,1998
112900100,168,3,165
112900101,484,2,482
112900102,114,65,49
112900103,442,6,436
112900104,343,1,342
112900105,86,0,86
112900106,737,89,648
112900107,22,2,20
112900108,1,3,-2
112900109,314,1,313
112900110,2355,10,2345
112900111,1107,5,1102
112900112,456,0,456
112900113,0,2,-2
112900114,675,8,667
112900115,3392,7,3385
112900116,163,10,153
112900117,79,8,71
112900118,0,18,-18
112900119,491,9,482
112900120,241,165,76
112900121,53,42,11
112900122,1,28,-27
112900123,202,41,161
112900124,2,4,-2
112900125,5,156,-151
112900126,26,43,-17
112900127,760,38,722
112900128,32,175,-143
112900129,0,256,-256
112900130,217,22,195
112900131,1,99,-98
112900132,56,285,-229
112900133,4,668,-664
112900134,0,139,-139
112900135,96,25,71
112900137,0,200,-200
112900138,0,86,-86
112900139,29,281,-252
112900141,998,7,991
112900142,23,326,-303
112900143,5,190,-185
112900144,4,800,-796
112900145,4,140,-136
112900146,1,114,-113
112900147,1,243,-242
112900148,21,1,20
112900149,252,188,64
112900151,2,12,-10
112900152,1835,124,1711
112900153,275,5177,-4902
112900154,0,34,-34
112900155,114,11,103
112900156,1219,184,1035
112900157,870,16,854
112900158,90,0,90
112900159,160,404,-244
112900160,13,84,-71
112900161,195,9,186
112900162,5,16,-11
112900163,5,68,-63
112900164,18,133,-115
112900165,11,7,4
112900166,32,53,-21
112900167,2,90,-88
112900168,2,0,2
112900169,1,3,-2
112900170,225,5,220
112900172,15,42,-27
112900173,76,34,42
112900174,259,34,225
112900175,112,232,-120
112900176,25,103,-78
112900177,321,57,264
112900178,328,3728,-3400
112900179,24,187,-163
112900180,2294,539,1755
112900181,1508,14,1494
112900182,61,242,-181
112900183,16,138,-122
112900184,125,183,-58
112900185,26,224,-198
112900186,555,536,19
112900187,21,228,-207
112900188,450,1596,-1146
112900189,19,0,19
112900190,3,0,3
112900192,400,296,104
112900193,712,141,571
112900194,140,1,139
112900195,696,39,657
112900196,262,119,143
112900197,55,216,-161
112900199,1017,110,907
112900200,561,47,514
112900201,203,168,35
112900202,764,277,487
112900203,436,76,360
112900204,237,160,77
112900205,18,0,18
112900206,40,7,33
112900207,4,0,4
112900208,48,867,-819
112900209,51,68,-17
112900210,0,6,-6
112900211,87,3,84
112900212,3,9,-6
112900213,59,12,47
112900214,9,5,4
112900215,9,18,-9
112900216,19,12,7
112900217,0,19,-19
112900218,113,3,110
112900219,176,0,176
112900220,1,0,1
112900221,30,41,-11
112900222,0,145,-145
112900223,1067,22,1045
112900224,1522,89,1433
112900225,989,93,896
112900226,70,104,-34
112900227,1668,472,1196
112900228,107,23,84
112900229,653,14,639
112900230,5445,2123,3322
112900232,294,358,-64
112900233,90,33,57
112900234,97,0,97
112900235,0,1,-1
112900236,1321,10,1311
112900237,1038,156,882
112900238,17,0,17
112900239,272,600,-328
112900240,0,1,-1
112900241,0,2,-2
112900242,1,6,-5
112900243,1,4,-3
112900244,0,3,-3
112900245,0,0,0
112900246,0,0,0
112900247,3,0,3
112900248,0,0,0
112900249,3,0,3
112900250,11,0,11
112900251,33,0,33
112900252,34,2,32
112900253,23,0,23
112900254,7,3,4
112900255,0,4,-4
112900256,0,6,-6
112900257,0,2,-2
113000001,5192,3540,1652
113000002,6627,2682,3945
113000003,1648,1190,458
113000004,2646,1088,1558
113000005,2073,1111,962
113000006,2086,947,1139
113000007,2768,820,1948
113000008,2623,1059,1564
113000009,1552,452,1100
113000010,1976,629,1347
113000011,859,580,279
113000012,1387,762,625
113000013,466,348,118
113000014,770,936,-166
113000015,46,125,-79
113000016,301,388,-87
113000017,70,271,-201
113000018,638,23,615
113000019,114,64,50
113000020,133,10,123
113000021,2636,607,2029
113000022,1070,2322,-1252
113000025,46,143,-97
113000026,811,516,295
113000027,721,649,72
113000028,520,759,-239
113000029,498,537,-39
113000030,89,473,-384
113000031,156,238,-82
113000032,116,76,40
113000033,167,113,54
113000034,114,57,57
113000035,23,3,20
113000036,6,31,-25
113000037,28,13,15
113000038,11,45,-34
113000039,8,156,-148
113000040,77,25,52
113000042,873,471,402
113000051,2023,2705,-682
113000052,2251,239,2012
113000053,796,296,500
113000054,994,885,109
113000055,2624,242,2382
113000056,2624,606,2018
113000058,395,695,-300
113000059,978,197,781
113000060,375,538,-163
113000061,665,727,-62
113000062,333,217,116
113000063,480,31,449
113000064,170,200,-30
113000065,123,241,-118
113000066,1455,83,1372
113000067,4270,230,4040
113000068,447,262,185
113000069,617,247,370
113000070,3602,335,3267
113000071,704,261,443
113000072,1909,223,1686
113000073,428,636,-208
113000074,943,554,389
113000075,1939,610,1329
113000076,330,1588,-1258
113000077,487,402,85
113000078,203,926,-723
113000079,363,422,-59
113000080,481,451,30
113000081,995,904,91
113000082,758,245,513
113000083,569,650,-81
113000084,1021,620,401
113000085,1137,468,669
113000086,611,911,-300
113000087,1215,1113,102
113000088,1062,988,74
113000089,665,1165,-500
113000090,35,796,-761
113000091,138,188,-50
113000094,1829,175,1654
113000095,150,249,-99
113000096,90,377,-287
113000097,1241,275,966
113000098,41,33,8
113000099,1138,377,761
113000100,84,206,-122
113000101,98,355,-257
113000102,751,335,416
113000103,2798,284,2514
113000104,712,2333,-1621
113000105,1287,359,928
113000106,654,168,486
113000107,1549,692,857
113000108,1155,414,741
113000109,315,865,-550
113000110,5978,577,5401
113000111,327,456,-129
113000112,1452,233,1219
113000113,1964,235,1729
113000114,160,596,-436
113000116,253,171,82
113000117,287,111,176
113000118,41,743,-702
113000119,309,222,87
113000120,59,375,-316
113000121,292,383,-91
113000124,247,79,168
113000125,3,1405,-1402
113000127,766,89,677
113000128,1444,176,1268
113000129,182,914,-732
113000133,1446,239,1207
113000134,1,2036,-2035
113000135,4320,3965,355
113000137,666,2375,-1709
113000139,209,78,131
113000140,48,39,9
113000141,65,38,27
113000142,109,147,-38
113000143,367,88,279
113000144,132,94,38
113000145,131,59,72
113000146,107,11,96
113000147,292,30,262
113000148,376,29,347
113000149,171,184,-13
113000150,329,146,183
113000151,11,22,-11
113000152,80,287,-207
113000153,679,175,504
113000154,306,1922,-1616
113000155,330,865,-535
113000156,126,109,17
113000157,116,136,-20
113000158,625,79,546
113000159,1063,128,935
113000160,391,187,204
113000161,287,67,220
113000162,956,59,897
113000163,54,13,41
113000164,40,70,-30
113000166,455,14,441
113000167,65,24,41
113000168,74,31,43
113000169,297,15,282
113000170,73,25,48
113000171,24,39,-15
113000172,458,12,446
113000173,141,24,117
113000174,121,76,45
113000175,838,29,809
113000176,877,36,841
113000177,132,52,80
113000178,101,106,-5
113000179,368,24,344
113000180,1056,1384,-328
113000181,1991,877,1114
113000182,74,558,-484
113000183,146,719,-573
113000184,21,73,-52
113000189,217,184,33
113000190,205,78,127
113000192,436,2930,-2494
113000193,1220,2412,-1192
113000194,882,2048,-1166
113000195,1270,1833,-563
113000196,751,97,654
113000197,1384,2818,-1434
113000198,116,372,-256
113000199,2335,182,2153
113000201,1078,379,699
113000202,8292,1948,6344
113000203,173,703,-530
113000204,441,3022,-2581
113000205,11,19,-8
113000206,11,12,-1
113000207,113,21,92
113000208,44,16,28
113000209,15,7,8
113000210,19,24,-5
113000211,45,81,-36
113000212,22,19,3
113000213,20,89,-69
113000214,221,207,14
113000234,160,223,-63
113000410,12,168,-156
113000411,680,857,-177
113000412,4471,674,3797
113000413,737,1240,-503
113000414,3005,12151,-9146
113000415,1693,750,943
113000416,1509,1164,345
113000417,527,768,-241
113000418,3843,2515,1328
113000419,1258,991,267
113000420,2359,4554,-2195
113000421,3701,5505,-1804
113000422,5436,7784,-2348
113000423,897,2678,-1781
113000424,992,8137,-7145
113000425,6,155,-149
113000428,27,0,27
113000430,0,49,-49
113000432,3688,179,3509
113000433,50,511,-461
113000434,3,84,-81
113000435,14,97,-83
113000436,7,535,-528
113000437,2160,62,2098
113000438,897,12,885
113000439,39,20,19
113000440,218,13,205
113000441,338,178,160
113000442,392,16,376
113000443,641,61,580
113000444,960,23,937
113000445,89,68,21
113000446,45,178,-133
113000448,347,554,-207
113000449,117,1459,-1342
113000450,608,4739,-4131
113000451,2856,740,2116
113000452,50,878,-828
113000453,13,573,-560
113000454,179,184,-5
113000455,4,668,-664
113000456,649,1297,-648
113000468,526,101,425
113000469,95,137,-42
113000470,263,12,251
113000471,2,434,-432
113000472,43,134,-91
113000474,1691,675,1016
113000475,1130,489,641
113000476,3731,1711,2020
113000477,4571,1454,3117
113000478,2022,1744,278
113000479,134,116,18
113000483,0,0,0
113000484,0,0,0
113000485,0,0,0
113000486,0,0,0
113000487,0,0,0
113000488,0,0,0
113000489,0,0,0
113000490,0,0,0
113000491,0,0,0
113000492,0,0,0
113000493,0,0,0
113000495,331,75,256
113000496,163,135,28
113000497,0,0,0
113000499,0,0,0
113900001,9,1946,-1937
113900002,24,107,-83
113900003,1,154,-153
113900004,3,260,-257
113900005,3,572,-569
113900006,0,52,-52
113900007,40,314,-274
113900008,33,1,32
113900009,96,0,96
113900010,55,0,55
113900011,546,1,545
113900012,126,5,121
113900013,114,3,111
113900014,895,7,888
113900015,0,5,-5
113900016,8,0,8
113900017,9,18,-9
113900018,33,167,-134
113900019,357,4,353
113900020,435,1,434
113900022,113,2,111
113900023,74,0,74
113900024,23,9,14
113900025,202,22,180
113900026,132,0,132
113900027,2,10,-8
113900028,6,172,-166
113900029,121,20,101
113900030,989,1,988
113900031,35,7,28
113900032,55,1,54
113900033,67,28,39
113900035,69,0,69
113900036,37,19,18
113900037,120,700,-580
113900038,26,163,-137
113900039,491,6,485
113900040,4,8,-4
113900041,33,5,28
113900042,103,9,94
113900043,108,18,90
113900044,18,179,-161
113900045,85,4,81
113900046,98,304,-206
113900047,296,28,268
113900048,130,56,74
113900049,91,543,-452
113900050,150,105,45
113900051,273,64,209
113900052,45,25,20
113900053,176,999,-823
113900054,13,1,12
113900055,53,184,-131
113900056,81,7,74
113900057,6,16,-10
113900058,71,10,61
113900059,297,90,207
113900060,55,361,-306
113900061,326,39,287
113900062,81,53,28
113900063,174,29,145
113900064,8,21,-13
113900065,735,16,719
113900066,1130,67,1063
113900067,575,125,450
113900068,299,1107,-808
113900069,38,59,-21
113900070,53,114,-61
113900071,212,8,204
113900072,11,18,-7
113900073,851,123,728
113900074,577,342,235
113900075,379,2534,-2155
113900076,158,2,156
113900077,34,30,4
113900078,54,9,45
113900079,0,11,-11
113900080,478,72,406
113900081,160,54,106
113900082,232,246,-14
113900083,997,83,914
113900084,158,32,126
113900085,6,82,-76
113900086,105,34,71
113900087,72,89,-17
113900088,101,95,6
113900089,534,16,518
113900090,311,125,186
113900091,4,19,-15
113900092,42,98,-56
113900093,24,1770,-1746
113900094,1062,181,881
113900095,147,69,78
113900096,396,97,299
113900097,27,63,-36
113900098,1058,325,733
113900099,0,21,-21
113900100,0,0,0
113900101,19,71,-52
113900102,22,64,-42
113900103,155,497,-342
113900104,86,122,-36
113900105,507,10,497
113900106,1,17,-16
113900107,0,0,0
113900108,48,183,-135
113900109,114,256,-142
113900110,29,13,16
113900111,326,44,282
113900112,281,22,259
113900113,1181,193,988
113900114,0,12,-12
113900115,0,5,-5
113900116,4,205,-201
113900117,2,8,-6
113900118,73,1298,-1225
113900119,22,176,-154
113900120,116,11,105
113900121,211,38,173
113900122,109,5121,-5012
113900123,477,39,438
113900124,0,46,-46
113900125,442,56,386
113900126,45,31,14
113900127,332,627,-295
113900128,382,15,367
113900129,0,65,-65
113900130,0,4,-4
113900131,262,1,261
113900132,30,40,-10
113900133,5,25,-20
113900135,337,113,224
113900136,44,16,28
113900137,327,110,217
113900138,8,196,-188
113900139,305,441,-136
113900140,22,79,-57
113900141,918,147,771
113900142,75,32,43
113900143,1,86,-85
113900144,27,32,-5
113900145,353,62,291
113900146,292,49,243
113900148,11,97,-86
113900149,123,237,-114
113900150,347,118,229
113900151,451,94,357
113900152,73,23,50
113900153,69,90,-21
113900154,0,64,-64
113900155,32,141,-109
113900156,179,157,22
113900157,58,375,-317
113900158,95,109,-14
113900159,1,178,-177
113900160,254,284,-30
113900161,208,175,33
113900162,51,116,-65
113900163,429,41,388
113900164,418,42,376
113900165,336,145,191
113900166,31,35,-4
113900167,584,19,565
113900168,63,26,37
113900169,120,188,-68
113900171,355,23,332
113900172,9,45,-36
113900173,9,162,-153
113900174,255,261,-6
113900175,184,94,90
113900176,142,130,12
113900177,99,72,27
113900178,216,85,131
113900179,8,105,-97
113900180,80,21,59
113900181,1322,113,1209
113900182,457,187,270
113900183,91,10,81
113900184,26,113,-87
113900185,43,23,20
113900186,1,11,-10
113900187,16,47,-31
113900188,3,13,-10
113900189,297,119,178
113900190,70,25,45
113900191,10,19,-9
113900192,5,926,-921
113900193,4,52,-48
113900194,492,205,287
113900195,120,138,-18
113900196,0,28,-28
113900197,3,29,-26
113900198,3,237,-234
113900199,14,101,-87
113900200,4,26,-22
113900201,0,58,-58
113900202,13,9,4
113900203,0,29,-29
113900204,7,93,-86
113900205,2,10,-8
113900206,2,76,-74
113900207,3,64,-61
113900208,0,10,-10
113900209,0,8,-8
113900210,374,682,-308
113900211,186,10,176
113900212,460,146,314
113900214,96,91,5
113900215,106,72,34
113900216,167,157,10
113900217,147,89,58
113900218,93,21,72
113900219,37,219,-182
113900220,225,204,21
113900221,135,852,-717
113900222,40,728,-688
113900223,436,112,324
113900224,32,34,-2
113900225,555,59,496
113900226,206,120,86
113900227,129,180,-51
113900228,114,422,-308
113900229,21,986,-965
113900230,1098,2889,-1791
113900231,93,36,57
113900232,92,6,86
113900233,203,16,187
113900234,375,395,-20
113900235,149,12,137
113900236,522,71,451
113900237,200,3,197
113900238,52,276,-224
113900239,49,76,-27
113900240,0,57,-57
113900241,34,59,-25
113900242,23,99,-76
113900243,8,85,-77
113900244,69,84,-15
113900245,183,115,68
113900246,3,35,-32
113900247,28,571,-543
113900248,1268,2080,-812
113900249,183,672,-489
113900250,53,604,-551
113900251,1327,31,1296
113900252,998,10,988
113900253,733,19,714
113900254,404,104,300
113900255,1367,7,1360
113900256,823,8,815
113900257,16,203,-187
113900258,22,138,-116
113900259,799,74,725
113900260,355,54,301
113900261,84,29,55
113900262,252,127,125
113900263,2,60,-58
113900264,0,87,-87
113900265,101,482,-381
113900266,23,118,-95
113900267,50,306,-256
113900268,51,759,-708
113900269,73,211,-138
113900270,116,206,-90
113900271,390,212,178
113900273,10,2,8
113900274,74,46,28
113900275,0,65,-65
113900276,2,60,-58
113900277,366,1,365
113900278,97,56,41
113900279,22,27,-5
113900280,427,290,137
113900281,74,698,-624
113900282,97,184,-87
113900283,389,294,95
113900284,1500,85,1415
113900285,81,13,68
113900286,8,13,-5
113900287,198,14,184
113900288,1,78,-77
113900289,158,131,27
113900290,327,955,-628
113900291,31,39,-8
113900292,1,14,-13
113900293,1,106,-105
113900294,1161,11,1150
113900295,386,91,295
113900296,698,134,564
113900297,2302,33,2269
113900298,49,673,-624
113900299,147,11,136
113900300,2603,4839,-2236
113900301,218,951,-733
113900302,1514,1122,392
113900303,63,1642,-1579
113900304,0,124,-124
113900305,281,0,281
113900306,206,1,205
113900307,31,0,31
113900308,11,18,-7
113900309,2,174,-172
113900310,2,3,-1
113900311,34,1,33
113900312,42,104,-62
113900313,0,2,-2
114000001,786,592,194
114000002,563,149,414
114000003,207,126,81
114000004,1133,169,964
114000005,997,144,853
114000006,1435,564,871
114000007,1256,525,731
114000008,2437,1221,1216
114000009,1988,241,1747
114000011,3089,1097,1992
114000012,5118,915,4203
114000013,3158,792,2366
114000014,1056,61,995
114000015,3144,190,2954
114000016,706,37,669
114000017,87,1579,-1492
114000018,49,12,37
114000026,4881,522,4359
114000027,6852,2105,4747
114000028,1723,3467,-1744
114000038,588,97,491
114000039,50,14,36
114000040,217,656,-439
114000042,208,86,122
114000043,22,44,-22
114000044,745,10,735
114000045,27,8,19
114000046,1683,2500,-817
114000047,5,148,-143
114000048,248,13,235
114000049,2940,937,2003
114000050,2447,763,1684
114000051,3793,1309,2484
114000052,3709,2698,1011
114000053,18,507,-489
114000054,308,616,-308
114000055,667,43,624
114000056,82,534,-452
114000057,2404,1126,1278
114000058,34,982,-948
114000059,24,1884,-1860
114000060,670,672,-2
114000061,1587,2292,-705
114000062,271,690,-419
114000063,837,776,61
114000064,1114,4457,-3343
114000065,721,1077,-356
114000066,952,717,235
114000067,47,1965,-1918
114000068,278,1013,-735
114000069,1296,265,1031
114000070,1860,846,1014
114000071,1203,248,955
114000072,2032,232,1800
114000073,32,13,19
114000074,203,2,201
114000075,109,28,81
114000076,71,28,43
114000077,2,6,-4
114000078,868,349,519
114000079,675,60,615
114000080,80,77,3
114000081,110,86,24
114000082,134,132,2
114000083,63,29,34
114000084,397,96,301
114000085,62,132,-70
114000086,304,176,128
114000087,487,18,469
114000088,68,47,21
114000089,311,169,142
114000090,737,800,-63
114000091,999,679,320
114000092,800,317,483
114000093,1966,397,1569
114000094,748,360,388
114000095,294,320,-26
114000096,59,106,-47
114000097,75,120,-45
114000098,1235,108,1127
114000099,1638,97,1541
114000100,2701,265,2436
114000101,529,182,347
114000102,1625,159,1466
114000103,212,89,123
114000104,10,47,-37
114000105,596,166,430
114000106,586,3803,-3217
114000107,736,264,472
114000108,525,309,216
114000109,901,3586,-2685
114000110,738,349,389
114000111,3936,2056,1880
114000112,552,537,15
114000113,1800,269,1531
114000114,303,362,-59
114000115,2461,429,2032
114000116,1032,6374,-5342
114000117,5983,611,5372
114000118,6050,281,5769
114000119,5072,370,4702
114000120,905,469,436
114000121,388,264,124
114000122,479,215,264
114000123,4029,229,3800
114000124,3003,241,2762
114000125,1229,923,306
114000126,2899,328,2571
114000127,229,86,143
114000128,1137,152,985
114000130,744,345,399
114000131,737,79,658
114000132,1082,160,922
114000133,794,477,317
114000134,149,12,137
114000138,10,29,-19
114000139,623,334,289
114000144,768,323,445
114000145,52,21,31
114000146,101,12,89
114000147,779,2539,-1760
114000148,483,2086,-1603
114000149,248,194,54
114000150,257,350,-93
114000151,284,2610,-2326
114000152,72,33,39
114000153,495,1478,-983
114000154,763,268,495
114000155,741,4719,-3978
114000156,729,577,152
114000157,501,1802,-1301
114000158,451,345,106
114000159,225,201,24
114000160,70,137,-67
114000161,788,1076,-288
114000162,1230,1746,-516
114000163,21,18,3
114000165,400,272,128
114000166,258,194,64
114000167,1841,1525,316
114000168,523,113,410
114000169,871,738,133
114000170,1014,479,535
114000171,1601,17015,-15414
114000174,81,440,-359
114000176,118,252,-134
114000177,389,258,131
114000178,193,44,149
114000179,779,958,-179
114000180,200,176,24
114000181,1067,8789,-7722
114000182,608,1841,-1233
114000183,611,312,299
114000184,1583,263,1320
114000185,1479,656,823
114000189,2895,114,2781
114000190,5144,389,4755
114000191,238,932,-694
114000192,62,297,-235
114000193,136,422,-286
114000194,2145,595,1550
114000195,713,734,-21
114000196,0,86,-86
114000197,3240,18,3222
114000198,643,239,404
114000199,872,1094,-222
114000200,557,568,-11
114000201,254,455,-201
114000202,1020,491,529
114000203,858,397,461
114000204,284,196,88
114000205,424,1486,-1062
114000206,915,584,331
114000207,327,394,-67
114000208,547,514,33
114000209,266,774,-508
114000210,152,352,-200
114000211,2203,788,1415
114000212,1367,1151,216
114000213,3096,373,2723
114000214,335,28,307
114000215,210,69,141
114000216,3085,406,2679
114000217,734,176,558
114000218,785,100,685
114000219,2696,94,2602
114000220,82,289,-207
114000221,1940,121,1819
114000222,191,284,-93
114000223,1371,140,1231
114000224,27,276,-249
114000225,647,194,453
114000226,268,117,151
114000227,1252,490,762
114000228,1332,294,1038
114000229,2671,627,2044
114000230,1987,463,1524
114000231,1035,891,144
114000232,1649,163,1486
114000233,3462,91,3371
114000234,1545,460,1085
114000235,2375,784,1591
114000236,2,173,-171
114000237,98,330,-232
114000238,145,435,-290
114000239,167,430,-263
114000240,1116,1658,-542
114000241,414,452,-38
114000242,820,532,288
114000243,3511,1116,2395
114000244,658,185,473
114000245,470,1210,-740
114000246,139,98,41
114000247,739,325,414
114000248,2994,602,2392
114000249,839,209,630
114000250,1205,140,1065
114000251,506,135,371
114000252,67,19,48
114000253,70,28,42
114000254,59,4,55
114000255,460,172,288
114000256,335,593,-258
114000257,564,758,-194
114000258,1173,201,972
114000259,311,255,56
114000260,0,28,-28
114000261,106,15,91
114000262,607,85,522
114000263,12,0,12
114000264,3002,184,2818
114000265,0,1,-1
114000267,3,2768,-2765
114000268,6,409,-403
114000270,478,31,447
114000271,230,38,192
114000283,3207,265,2942
114000285,35,88,-53
114000288,233,232,1
114000289,3502,163,3339
114000293,559,339,220
114000294,280,476,-196
114000395,2464,17,2447
114000396,673,269,404
114000402,1504,118,1386
114000403,552,104,448
114000405,601,126,475
114000423,1124,84,1040
114000424,834,138,696
114000425,2151,66,2085
114000426,345,973,-628
114000427,149,38,111
114000428,53,90,-37
114000429,27,74,-47
114000432,211,10,201
114000434,26,11,15
114000435,2,18,-16
114900001,1136,177,959
114900002,297,203,94
114900003,1126,198,928
114900004,206,691,-485
114900005,468,129,339
114900006,119,146,-27
114900007,239,3,236
114900008,561,99,462
114900010,822,2420,-1598
114900011,649,88,561
114900013,565,30,535
114900015,32,1045,-1013
114900018,1172,31,1141
114900020,145,76,69
114900022,30,615,-585
114900024,184,129,55
114900025,868,75,793
114900026,142,103,39
114900027,162,69,93
114900029,29,6,23
114900030,390,146,244
114900031,1071,14,1057
114900032,1062,3,1059
114900033,245,2688,-2443
114900034,11,20,-9
114900035,42,148,-106
114900036,222,104,118
114900037,128,37,91
114900038,312,197,115
114900039,1150,115,1035
114900040,178,9,169
114900041,2257,150,2107
114900042,2363,139,2224
114900043,261,59,202
114900044,206,37,169
114900046,14,12,2
114900047,121,6423,-6302
114900048,13,36,-23
114900049,19,47,-28
114900050,24,103,-79
114900051,44,123,-79
114900052,8,324,-316
114900053,53,235,-182
114900054,55,16,39
114900057,180,18,162
114900058,0,14,-14
114900059,194,70,124
114900060,98,432,-334
114900061,90,25,65
114900062,98,123,-25
114900063,211,12,199
114900064,2923,69,2854
114900065,274,991,-717
114900067,32,112,-80
114900068,30,86,-56
114900069,201,21,180
114900070,780,79,701
114900072,1,83,-82
114900073,0,29,-29
114900074,1919,90,1829
114900075,295,4,291
114900076,0,126,-126
114900080,357,74,283
114900082,1106,2251,-1145
114900083,183,318,-135
114900090,1218,103,1115
114900091,52,102,-50
114900095,151,26,125
114900096,53,211,-158
114900097,304,0,304
114900098,1,46,-45
114900099,339,8,331
115000001,3774,1443,2331
115000002,4702,7387,-2685
115000003,2989,1090,1899
115000004,5610,6393,-783
115000005,1566,1933,-367
115000006,1817,1034,783
115000007,483,216,267
115000008,398,350,48
115000009,411,291,120
115000010,250,288,-38
115000013,33,178,-145
115000015,48,335,-287
115000016,39,189,-150
115000019,14,631,-617
115000020,58,1328,-1270
115000021,115,342,-227
115000022,157,153,4
115000023,365,585,-220
115000024,248,156,92
115000025,961,455,506
115000026,206,116,90
115000027,410,205,205
115000028,202,176,26
115000029,1222,37,1185
115000030,569,342,227
115000031,632,85,547
115000032,16,153,-137
115000033,212,7,205
115000034,61,1448,-1387
115000035,694,210,484
115000036,0,194,-194
115000037,915,103,812
115000038,92,115,-23
115000039,2631,5221,-2590
115000040,3011,2760,251
115000041,1679,4592,-2913
115000042,539,507,32
115000043,3689,2380,1309
115000044,2673,2649,24
115000045,3071,600,2471
115000046,4403,2045,2358
115000047,3580,1219,2361
115000048,3716,1869,1847
115000049,1391,2642,-1251
115000050,3148,800,2348
115000051,1763,6681,-4918
115000052,1322,881,441
115000053,3484,3526,-42
115000054,782,512,270
115000055,211,815,-604
115000056,138,330,-192
115000057,438,1142,-704
115000058,43,604,-561
115000059,68,284,-216
115000061,136,219,-83
115000062,338,507,-169
115000063,964,266,698
115000064,271,60,211
115000065,172,664,-492
115000067,279,19,260
115000069,93,263,-170
115000070,31,980,-949
115000071,94,30,64
115000072,13,29,-16
115000073,1475,134,1341
115000075,143,76,67
115000076,1833,919,914
115000077,2648,796,1852
115000078,2834,399,2435
115000079,2455,704,1751
115000080,5727,681,5046
115000081,156,288,-132
115000082,7036,5035,2001
115000083,3106,531,2575
115000084,4466,444,4022
115000085,2018,400,1618
115000086,1628,314,1314
115000087,407,1960,-1553
115000088,1294,366,928
115000089,1207,600,607
115000090,444,827,-383
115000091,373,231,142
115000092,1027,1484,-457
115000093,1511,1,1510
115000094,3699,11554,-7855
115000095,2712,9975,-7263
115000096,1453,471,982
115000097,3232,2385,847
115000098,3026,330,2696
115000099,3248,853,2395
115000100,2400,374,2026
115000101,885,476,409
115000102,773,148,625
115000103,333,319,14
115000105,140,49,91
115000106,1308,665,643
115000107,205,186,19
115000108,1440,1098,342
115000109,2426,6644,-4218
115000110,873,2722,-1849
115000111,224,387,-163
115000112,457,289,168
115000113,256,273,-17
115000114,524,186,338
115000116,1606,1230,376
115000117,1039,2078,-1039
115000118,1591,1504,87
115000119,1379,2194,-815
115000120,694,724,-30
115000121,289,403,-114
115000122,363,1327,-964
115000123,371,921,-550
115000124,770,1076,-306
115000125,328,668,-340
115000126,102,332,-230
115000127,395,113,282
115000128,345,902,-557
115000129,131,1161,-1030
115000130,454,308,146
115000131,1129,331,798
115000132,819,381,438
115000133,1720,292,1428
115000134,548,124,424
115000135,215,125,90
115000136,270,233,37
115000137,99,84,15
115000138,595,355,240
115000139,207,59,148
115000140,615,109,506
115000141,259,70,189
115000142,283,43,240
115000143,1219,418,801
115000144,639,59,580
115000145,275,98,177
115000146,609,279,330
115000147,329,179,150
115000148,215,384,-169
115000149,975,268,707
115000150,529,237,292
115000151,2053,205,1848
115000152,559,351,208
115000153,2311,210,2101
115000154,1457,145,1312
115000155,1000,647,353
115000156,904,426,478
115000157,230,417,-187
115000158,112,197,-85
115000159,517,183,334
115000160,340,199,141
115000161,128,543,-415
115000162,419,1474,-1055
115000163,440,338,102
115000164,295,252,43
115000165,132,398,-266
115000167,116,37,79
115000168,532,309,223
115000169,208,520,-312
115000170,19,164,-145
115000171,275,272,3
115000172,553,597,-44
115000173,326,1639,-1313
115000174,44,483,-439
115000175,135,161,-26
115000176,60,129,-69
115000177,26,207,-181
115000178,12,172,-160
115000179,31,166,-135
115000180,108,128,-20
115000181,1436,162,1274
115000182,1644,157,1487
115000183,697,273,424
115000186,530,117,413
115000187,233,191,42
115000188,455,234,221
115000189,471,408,63
115000190,538,585,-47
115000191,192,873,-681
115000194,174,41,133
115000195,154,43,111
115000196,535,43,492
115000197,515,65,450
115000198,890,94,796
115000199,1202,70,1132
115000200,795,51,744
115000201,492,114,378
115000206,690,13,677
115000207,1056,176,880
115000208,268,325,-57
115000209,915,619,296
115000210,335,150,185
115000211,231,153,78
115000212,897,190,707
115000224,313,12,301
115000225,111,71,40
115000229,100,48,52
115000230,84,180,-96
115000231,549,360,189
115000232,4617,406,4211
115000233,148,61,87
115000234,35,181,-146
115000241,137,59,78
115000242,283,33,250
115000243,242,52,190
115000244,2,93,-91
115000246,83,23,60
115000247,18,39,-21
115000248,51,11,40
115000249,12,6,6
115000250,300,12,288
115000251,527,43,484
115000252,225,231,-6
115000253,1,517,-516
115000258,458,39,419
115000259,169,17,152
115000261,42,7,35
115000262,15,19,-4
115000263,4,24,-20
115000264,4,32,-28
115000267,31,19,12
115000268,38,31,7
115000269,78,3,75
115000270,28,7,21
115000272,102,29,73
115000273,1031,14,1017
115000280,903,393,510
115000281,228,942,-714
115000282,585,2071,-1486
115000284,87,348,-261
115000296,353,3,350
115000297,57,280,-223
115000298,109,632,-523
115000300,298,52,246
115000302,896,80,816
115000303,1765,62,1703
115000304,1676,147,1529
115000305,140,199,-59
115000306,447,161,286
115000307,384,226,158
115000308,7,31,-24
115000309,30,361,-331
115000310,3459,192,3267
115000311,1748,475,1273
115000313,124,138,-14
115000314,699,356,343
115000315,328,1293,-965
115000316,109,163,-54
115000317,273,230,43
115000318,1454,394,1060
115000319,214,85,129
115000320,9,677,-668
115000321,479,17,462
115000322,91,98,-7
115000449,53,244,-191
115000557,7,4225,-4218
115000558,110,102,8
115000587,1389,137,1252
115000588,1416,1596,-180
115000589,5736,2174,3562
115000590,834,945,-111
115000591,1957,663,1294
115000592,638,1096,-458
115000593,2014,459,1555
115000594,314,1853,-1539
115000609,314,467,-153
115000617,410,3536,-3126
115000624,429,6,423
115000633,399,1147,-748
115000634,2773,655,2118
115000635,686,111,575
115000638,157,245,-88
115000641,36,450,-414
115000642,479,87,392
115000643,186,153,33
115000644,155,164,-9
115000646,496,946,-450
115000647,162,299,-137
115000648,4827,436,4391
115000893,1277,775,502
115000894,161,479,-318
115000895,336,606,-270
115000896,838,301,537
115000897,361,55,306
115000898,319,203,116
115000899,165,1288,-1123
115000900,40,222,-182
115000901,54,184,-130
115000912,513,98,415
115000913,0,2,-2
115000915,9,0,9
115000916,5,0,5
115000917,0,39,-39
115000918,29,976,-947
115000919,0,54,-54
115000920,2,42,-40
115000921,232,85,147
115000922,205,571,-366
115000923,28,1287,-1259
115000925,213,186,27
115000927,53,189,-136
115000933,43,293,-250
115000934,54,134,-80
115000935,146,13,133
115000936,65,1481,-1416
115000937,390,288,102
115000938,9,120,-111
115000939,8,105,-97
115000940,0,51,-51
115000941,0,41,-41
115000942,6,99,-93
115000943,12,113,-101
115000944,4,5,-1
115900001,362,4,358
115900002,48,48,0
115900003,303,50,253
115900004,0,20,-20
115900005,483,20,463
115900006,100,126,-26
115900008,304,7,297
115900009,44,95,-51
115900010,1084,63,1021
115900011,462,66,396
115900012,548,5,543
115900013,648,65,583
115900014,152,42,110
115900015,360,12,348
115900016,90,20,70
115900017,259,55,204
115900018,137,13,124
115900019,38,11,27
115900020,396,0,396
115900021,403,326,77
115900022,499,3,496
115900023,29,9,20
115900025,12,147,-135
115900026,659,31,628
115900027,0,87,-87
115900028,74,8,66
115900029,19,82,-63
115900030,86,52,34
115900031,97,302,-205
115900032,270,451,-181
115900033,0,43,-43
115900034,6,90,-84
115900035,119,23,96
115900036,21,4425,-4404
115900037,11,86,-75
115900038,37,7,30
115900039,295,66,229
115900041,107,1549,-1442
115900042,96,1,95
115900043,164,72,92
115900044,134,1174,-1040
115900046,1327,62,1265
115900047,34,212,-178
115900049,290,96,194
115900051,1,9,-8
115900052,24,44,-20
115900053,653,65,588
115900054,663,4,659
115900055,22,27,-5
115900056,385,45,340
115900057,8,21,-13
115900058,6,16,-10
115900060,49,41,8
115900061,676,0,676
115900062,100,47,53
115900063,21,0,21
115900064,117,250,-133
115900065,248,28,220
115900066,49,33,16
115900067,15,28,-13
115900068,888,2339,-1451
115900069,15,129,-114
115900070,455,20,435
115900071,0,72,-72
115900072,9,62,-53
115900073,234,154,80
115900074,2,51,-49
115900075,68,90,-22
115900076,0,16,-16
115900077,1,64,-63
115900078,49,390,-341
115900079,624,6,618
115900080,79,73,6
115900081,12,31,-19
115900082,136,197,-61
115900084,1117,7,1110
115900085,49,57,-8
115900086,686,102,584
115900088,4,115,-111
115900089,1072,139,933
115900090,1220,2,1218
115900091,9,10,-1
115900092,48,31,17
115900093,1,9,-8
115900094,5,42,-37
115900096,3,12,-9
115900097,3,48,-45
115900098,472,118,354
115900099,188,150,38
115900100,8,104,-96
115900101,390,92,298
115900102,184,22,162
115900103,277,46,231
115900104,119,33,86
115900105,411,103,308
115900106,238,1,237
115900107,168,20,148
115900108,268,0,268
115900109,17,119,-102
115900110,34,0,34
115900111,2,10,-8
115900112,35,310,-275
115900113,74,10,64
115900114,2,26,-24
115900115,149,84,65
115900116,46,356,-310
115900117,228,2,226
115900118,2,47,-45
115900119,289,94,195
115900120,15,129,-114
115900121,404,53,351
115900124,159,1139,-980
115900125,573,84,489
115900126,1422,41,1381
115900127,1581,46,1535
115900128,0,125,-125
115900129,651,9,642
115900130,1,323,-322
115900131,780,55,725
115900132,966,11,955
115900134,652,7,645
115900135,297,385,-88
115900137,9,16,-7
115900139,25,91,-66
115900140,721,36,685
115900141,2,70,-68
115900142,0,33,-33
115900143,350,50,300
115900144,481,89,392
115900146,36,31,5
115900147,152,523,-371
115900148,9,22,-13
115900149,417,8,409
115900150,260,7,253
115900151,190,59,131
115900152,348,59,289
115900153,118,28,90
115900154,126,222,-96
115900155,0,15,-15
115900156,713,440,273
115900157,582,387,195
115900158,5,3,2
115900159,583,90,493
115900160,0,7,-7
115900161,22,30,-8
115900163,399,33,366
115900164,1695,24,1671
115900166,70,51,19
115900168,659,57,602
115900171,164,110,54
115900172,23,43,-20
115900173,337,124,213
115900174,67,113,-46
115900175,389,55,334
115900178,31,95,-64
115900179,657,1,656
115900180,46,44,2
115900181,447,65,382
115900182,1244,88,1156
115900183,20,151,-131
115900184,321,4,317
115900187,6,206,-200
115900189,1,112,-111
115900190,247,931,-684
115900191,11,89,-78
115900192,42,173,-131
115900193,135,168,-33
115900194,1206,39,1167
115900195,311,4432,-4121
115900198,321,265,56
115900199,459,30,429
115900200,276,80,196
115900201,188,272,-84
115900202,4,449,-445
115900203,0,0,0
115900204,0,6,-6
115900205,13,6,7
115900206,874,64,810
115900207,125,8,117
115900208,217,38,179
115900209,12,136,-124
115900210,1,207,-206
115900211,0,68,-68
115900212,368,70,298
115900213,89,315,-226
115900214,1426,92,1334
115900215,19,311,-292
115900216,1,15,-14
115900217,1,23,-22
115900218,2,3,-1
115900219,345,11,334
115900220,538,6,532
115900221,203,8,195
115900222,98,65,33
115900223,2,587,-585
115900224,427,3260,-2833
115900225,47,90,-43
115900226,22,16,6
115900227,15,24,-9
115900228,5,34,-29
115900229,0,10,-10
115900230,65,45,20
115900231,265,3,262
115900232,103,1,102
115900233,265,2,263
115900234,78,9,69
115900235,26,20,6
115900236,18,171,-153
115900237,28,52,-24
115900238,28,16,12
115900239,2,23,-21
115900240,10,22,-12
115900241,591,37,554
115900242,307,715,-408
115900243,3,5,-2
115900244,29,0,29
115900245,241,14,227
115900246,2,1,1
115900247,4,0,4
115900248,3,2,1
115900249,2,5,-3
115900250,51,2,49
115900251,16,0,16
115900252,26,1,25
115900253,56,5,51
115900254,11,32,-21
115900255,1,27,-26
115900256,40,98,-58
115900257,0,10,-10
115900258,0,9,-9
115900259,18,2,16
115900260,1,5,-4
115900261,2,1,1
115900262,0,0,0
115900263,13,3,10
115900264,41,0,41
115900265,0,0,0
115900266,10,4,6
115900267,0,11,-11
115900268,1,48,-47
115900269,1985,138,1847
115900270,391,71,320
115900271,671,0,671
115900272,108,1,107
115900273,15,55,-40
115900274,0,0,0
115900275,0,0,0
115900276,0,7,-7
115900277,1,14,-13
115900278,79,60,19
115900279,40,251,-211
115900280,9,955,-946
115900281,160,411,-251
115900282,0,77,-77
115900283,66,3,63
115900284,30,0,30
116000001,3843,1170,2673
116000002,5616,21547,-15931
116000003,789,833,-44
116000004,5984,8348,-2364
116000005,733,2210,-1477
116000006,3031,5442,-2411
116000007,1147,1142,5
116000008,6891,2478,4413
116000009,662,726,-64
116000010,4220,1496,2724
116000011,647,572,75
116000012,2581,869,1712
116000013,3211,1897,1314
116000014,9179,30001,-20822
116000015,104,2629,-2525
116000016,3295,8076,-4781
116000017,60,614,-554
116000018,391,224,167
116000019,2266,153,2113
116000020,377,658,-281
116000021,1630,139,1491
116000022,883,195,688
116000023,2816,1549,1267
116000024,723,616,107
116000025,1119,624,495
116000026,1169,2922,-1753
116000027,593,897,-304
116000028,424,930,-506
116000029,245,173,72
116000030,815,555,260
116000031,37,66,-29
116000032,341,66,275
116000033,953,228,725
116000034,413,710,-297
116000035,528,202,326
116000036,196,1482,-1286
116000037,124,444,-320
116000038,46,719,-673
116000039,137,692,-555
116000040,368,788,-420
116000041,90,358,-268
116000042,1238,759,479
116000043,212,285,-73
116000044,11,51,-40
116000045,797,1164,-367
116000046,697,895,-198
116000047,1887,2516,-629
116000048,2652,1115,1537
116000049,1775,1625,150
116000050,1171,866,305
116000051,2542,2001,541
116000052,2714,1785,929
116000053,2751,555,2196
116000054,1036,1801,-765
116000055,883,1053,-170
116000056,1901,922,979
116000057,1846,889,957
116000058,3560,2531,1029
116000059,2209,4311,-2102
116000060,2052,1150,902
116000061,310,1610,-1300
116000062,812,236,576
116000063,659,2381,-1722
116000066,545,742,-197
116000067,282,288,-6
116000068,242,185,57
116000069,339,145,194
116000078,698,861,-163
116000080,1479,316,1163
116000082,6,13,-7
116000083,2691,279,2412
116000084,1145,1145,0
116000085,1604,2687,-1083
116000086,680,323,357
116000087,3827,1790,2037
116000088,1750,634,1116
116000089,278,125,153
116000090,356,152,204
116000091,186,1521,-1335
116000093,950,221,729
116000094,1513,200,1313
116000095,1148,236,912
116000096,3053,4097,-1044
116000097,1171,313,858
116000098,141,16860,-16719
116000099,4662,763,3899
116000100,586,27,559
116000101,2913,248,2665
116000102,283,284,-1
116000103,694,453,241
116000104,314,547,-233
116000105,2475,122,2353
116000106,712,1290,-578
116000107,4337,459,3878
116000108,10,515,-505
116000111,221,51,170
116000113,136,25,111
116000114,21,51,-30
116000115,459,131,328
116000116,276,94,182
116000117,1998,944,1054
116000118,2449,535,1914
116000119,4903,1143,3760
116000120,2490,1365,1125
116000121,1667,269,1398
116000122,702,361,341
116000123,2561,276,2285
116000124,837,243,594
116000125,4628,263,4365
116000126,625,343,282
116000127,889,439,450
116000128,3386,494,2892
116000129,2397,68,2329
116000130,1309,725,584
116000133,3501,381,3120
116000134,1691,500,1191
116000135,4624,852,3772
116000136,955,902,53
116000137,1578,624,954
116000138,743,392,351
116000139,2212,2807,-595
116000140,320,353,-33
116000141,1181,342,839
116000142,3310,1814,1496
116000143,2738,1580,1158
116000144,2669,1581,1088
116000145,4875,777,4098
116000146,1553,99,1454
116000147,434,232,202
116000148,1656,1313,343
116000149,729,359,370
116000151,957,695,262
116000153,124,434,-310
116000155,193,435,-242
116000156,1211,443,768
116000157,92,4,88
116000158,566,86,480
116000159,35,11,24
116000160,95,23,72
116000161,16,81,-65
116000162,33,428,-395
116000163,95,7,88
116000164,44,6,38
116000177,81,497,-416
116000194,89,234,-145
116000195,2655,679,1976
116000196,82,4,78
116000197,88,102,-14
116000198,2051,811,1240
116000200,582,1199,-617
116000201,486,273,213
116000202,21,128,-107
116000203,1,12,-11
116000204,0,3,-3
116000205,0,49,-49
116000206,0,129,-129
116000207,23,61,-38
116000233,63,169,-106
116000287,519,83,436
116000288,681,228,453
116000292,235,86,149
116000296,22,63,-41
116000297,237,10,227
116000304,622,31,591
116000305,28,65,-37
116000346,586,149,437
116000352,147,117,30
116000354,144,71,73
116000357,8,27,-19
116000358,704,315,389
116000361,41,1,40
116000372,2597,10136,-7539
116000381,342,3,339
116000388,4,27,-23
116000389,1006,104,902
116000445,2370,215,2155
116000446,1206,65,1141
116000447,38,714,-676
116000448,540,55,485
116000563,472,752,-280
116000565,162,176,-14
116000568,45,860,-815
116000579,37,250,-213
116000584,49,5,44
116000585,158,32,126
116000586,39,110,-71
116000587,418,110,308
116000589,45,32,13
116000590,170,33,137
116000591,405,57,348
116000592,3,6,-3
116000593,0,7,-7
116000594,2114,98,2016
116000595,1323,50,1273
116000596,517,7,510
116000597,1069,429,640
116000598,55,124,-69
116000602,13,506,-493
116000605,104,33,71
116000606,133,678,-545
116000607,0,22,-22
116000609,39,2035,-1996
116000611,441,155,286
116000612,2588,2373,215
116000613,1195,287,908
116000614,764,121,643
116000615,2,377,-375
116000616,191,41,150
116000617,336,8,328
116000618,3,19,-16
116000619,27,165,-138
116000620,664,176,488
116000621,135,53,82
116000622,204,54,150
116000624,161,112,49
116000627,317,28,289
116000628,378,195,183
116000629,149,102,47
116000630,2177,54,2123
116000631,1847,98,1749
116000632,3031,14,3017
116000633,748,99,649
116000634,1551,47,1504
116000635,1671,2274,-603
116000636,304,1162,-858
116000637,1555,20,1535
116000638,185,156,29
116000640,1,122,-121
116000641,8,35,-27
116000644,161,35,126
116900001,203,54,149
116900002,269,1,268
116900003,156,6,150
116900004,60,215,-155
116900005,654,16,638
116900006,74,211,-137
116900007,111,142,-31
116900008,1494,104,1390
116900009,18,47,-29
116900010,0,193,-193
116900011,8,11,-3
116900012,143,204,-61
116900013,5,26,-21
116900014,378,65,313
116900015,1385,55,1330
116900016,467,5,462
116900017,1,194,-193
116900018,163,110,53
116900019,0,68,-68
116900020,299,3448,-3149
116900023,35,10,25
116900024,1864,22,1842
116900025,2364,330,2034
116900026,20,203,-183
116900027,175,22,153
116900028,0,8,-8
116900029,2,386,-384
116900031,0,0,0
116900032,0,48,-48
116900033,68,9,59
116900034,2,13,-11
116900035,304,57,247
116900036,27,88,-61
116900038,8,3,5
116900041,224,7,217
116900042,128,135,-7
116900043,32,29,3
116900047,13,692,-679
116900049,28,116,-88
116900050,49,106,-57
116900051,799,43,756
116900052,254,96,158
116900055,0,39,-39
116900057,31,75,-44
116900058,5,153,-148
116900059,8,15,-7
116900060,77,224,-147
116900062,4,6,-2
116900064,63,83,-20
116900065,2,76,-74
116900067,149,3,146
116900068,150,84,66
116900070,44,1,43
116900072,51,48,3
116900073,24,40,-16
116900074,3,13,-10
116900076,36,63,-27
116900077,5,29,-24
116900078,71,31,40
116900079,122,78,44
116900080,3,11,-8
116900081,120,321,-201
116900082,92,1133,-1041
116900083,3,7,-4
116900084,38,15,23
116900085,2,35,-33
116900086,21,157,-136
116900088,256,5,251
116900090,9,4,5
116900091,1047,11,1036
116900092,96,180,-84
116900093,2280,1370,910
116900094,3712,8236,-4524
116900095,604,156,448
116900096,64,502,-438
116900097,948,6280,-5332
116900098,447,263,184
116900099,98,432,-334
116900100,2259,180,2079
116900101,174,569,-395
116900103,3,0,3
116900104,4,167,-163
116900105,836,345,491
116900106,5895,45,5850
116900107,863,4667,-3804
116900110,48,0,48
116900111,1190,286,904
116900112,430,243,187
116900113,865,4434,-3569
116900116,25,467,-442
116900117,399,155,244
116900118,720,1252,-532
116900120,840,74,766
116900121,601,43,558
116900122,2749,179,2570
116900123,1177,206,971
116900124,135,187,-52
116900125,1006,115,891
116900126,167,1318,-1151
116900128,13,19,-6
116900129,2,221,-219
116900130,873,7756,-6883
116900131,42,385,-343
116900132,170,117,53
116900133,473,125,348
116900134,364,134,230
116900136,255,119,136
116900137,305,64,241
116900138,114,21,93
116900139,37,81,-44
116900140,129,22,107
116900141,212,64,148
116900142,3,54,-51
116900143,303,71,232
116900144,123,6,117
116900145,84,90,-6
116900147,127,1235,-1108
116900148,0,11,-11
116900149,54,187,-133
116900150,3,0,3
116900151,46,27,19
116900153,198,179,19
116900154,262,718,-456
116900155,68,73,-5
116900157,1869,67,1802
116900158,209,392,-183
116900159,117,542,-425
116900160,1262,651,611
116900161,2538,15251,-12713
116900162,64,97,-33
116900163,559,51,508
116900164,167,39,128
116900165,979,381,598
116900166,186,147,39
116900167,962,26,936
116900168,996,14,982
116900169,125,921,-796
116900170,782,299,483
116900171,52,97,-45
116900172,137,888,-751
116900173,801,7,794
116900174,34,356,-322
116900175,659,390,269
116900178,79,44,35
116900179,74,692,-618
116900180,142,2,140
116900182,952,161,791
116900183,312,172,140
116900185,97,9,88
116900186,202,33,169
116900187,77,97,-20
116900188,233,4,229
116900189,80,2,78
116900191,104,100,4
116900192,684,182,502
116900194,107,2021,-1914
116900195,38,4,34
116900196,21,24,-3
116900197,265,12,253
116900198,21,1321,-1300
116900200,267,3,264
116900201,727,4,723
116900202,60,27,33
116900203,295,2,293
116900204,22,376,-354
116900206,78,3,75
116900207,10,28,-18
116900208,34,22,12
116900209,34,21,13
116900210,441,214,227
116900211,263,12,251
116900212,208,4,204
116900213,240,91,149
116900214,643,252,391
116900215,39,29,10
116900216,353,73,280
116900218,10,101,-91
116900219,342,62,280
116900220,143,171,-28
116900221,242,282,-40
116900222,373,188,185
116900223,27,49,-22
116900226,384,13,371
116900227,571,14,557
116900228,650,70,580
116900230,68,51,17
116900231,188,98,90
116900232,30,113,-83
116900233,582,108,474
116900234,22,1,21
116900235,107,147,-40
116900238,337,62,275
116900239,14,1803,-1789
116900240,2654,5037,-2383
116900241,41,38,3
116900242,391,1627,-1236
116900243,0,17,-17
116900245,73,55,18
116900246,64,8,56
116900247,1623,43,1580
116900248,115,12,103
116900249,1282,162,1120
116900250,718,78,640
116900251,247,2032,-1785
116900252,593,286,307
116900253,191,67,124
116900254,105,149,-44
116900255,206,256,-50
116900256,1038,281,757
116900257,65,182,-117
116900258,3,19,-16
116900259,470,40,430
116900260,1,10,-9
116900261,62,1,61
116900262,93,85,8
116900263,0,1,-1
116900264,55,196,-141
116900265,363,0,363
116900266,49,4,45
116900267,23,0,23
116900268,6,454,-448
116900269,417,1230,-813
116900271,362,1272,-910
116900272,367,275,92
116900273,46,190,-144
116900274,195,29,166
116900275,452,76,376
116900276,303,604,-301
116900277,154,143,11
116900278,3,4,-1
116900279,17,4,13
116900280,132,1,131
116900281,2375,10629,-8254
116900282,1,25,-24
116900283,1,15,-14
116900284,1,79,-78
116900285,55,941,-886
116900286,64,3,61
116900287,1,9,-8
116900288,247,26,221
116900289,56,1,55
116900290,22,2,20
116900291,37,17,20
116900292,0,32,-32
116900293,164,10,154
116900294,0,50,-50
116900295,372,297,75
116900296,92,175,-83
116900297,0,72,-72
116900298,64,124,-60
116900299,1,137,-136
116900300,1,95,-94
116900301,25,437,-412
116900302,19,101,-82
116900303,157,190,-33
116900304,1,265,-264
116900305,4,63,-59
116900306,560,29,531
116900307,81,0,81
116900308,0,31,-31
116900309,789,50,739
117000001,3654,5025,-1371
117000002,1714,3080,-1366
117000003,6633,2470,4163
117000004,2043,3500,-1457
117000005,5307,1893,3414
117000006,1137,1660,-523
117000007,10700,1290,9410
117000008,1254,1925,-671
117000009,6068,1721,4347
117000010,1036,1359,-323
117000011,5774,1188,4586
117000012,2261,963,1298
117000013,3814,1135,2679
117000014,2159,2548,-389
117000015,3957,2167,1790
117000016,297,380,-83
117000017,67,398,-331
117000018,133,1269,-1136
117000019,73,148,-75
117000020,402,3195,-2793
117000021,1594,1272,322
117000022,87,498,-411
117000023,64,1016,-952
117000024,182,729,-547
117000025,260,3158,-2898
117000026,2042,3599,-1557
117000027,830,2375,-1545
117000028,539,1429,-890
117000030,334,423,-89
117000031,801,255,546
117000032,1706,1541,165
117000033,1774,878,896
117000034,313,215,98
117000035,462,303,159
117000036,513,339,174
117000037,512,226,286
117000038,310,423,-113
117000039,279,286,-7
117000040,43,492,-449
117000041,2157,93,2064
117000044,7,243,-236
117000045,1760,630,1130
117000046,295,969,-674
117000047,1215,930,285
117000048,1199,506,693
117000049,40,372,-332
117000050,1149,1436,-287
117000051,3777,81,3696
117000052,170,133,37
117000053,2242,17,2225
117000054,2462,12,2450
117000055,2,458,-456
117000056,800,49,751
117000057,457,848,-391
117000060,507,727,-220
117000061,3206,2085,1121
117000062,216,649,-433
117000063,1795,706,1089
117000064,615,459,156
117000066,232,543,-311
117000067,112,539,-427
117000074,4,177,-173
117000076,73,24,49
117000077,265,92,173
117000078,83,530,-447
117000079,347,191,156
117000080,1,336,-335
117000081,672,87,585
117000082,31,146,-115
117000083,99,27,72
117000084,165,0,165
117000085,739,1025,-286
117000086,658,421,237
117000087,151,464,-313
117000088,691,136,555
117000089,4314,149,4165
117000090,502,328,174
117000091,2412,99,2313
117000092,505,378,127
117000093,3441,179,3262
117000094,845,583,262
117000095,5071,257,4814
117000096,779,567,212
117000097,4017,641,3376
117000098,1498,1185,313
117000099,7126,641,6485
117000100,341,283,58
117000101,117,362,-245
117000102,2988,389,2599
117000103,341,596,-255
117000104,3107,364,2743
117000105,448,575,-127
117000106,3035,240,2795
117000107,522,898,-376
117000108,4180,736,3444
117000109,614,1055,-441
117000110,2014,2717,-703
117000111,4692,3485,1207
117000112,5690,958,4732
117000113,88,74,14
117000114,506,191,315
117000115,56,23,33
117000116,299,157,142
117000117,1571,958,613
117000118,619,626,-7
117000119,131,727,-596
117000120,19,717,-698
117000121,24,1012,-988
117000122,1227,1919,-692
117000123,2060,67,1993
117000124,30,208,-178
117000125,78,464,-386
117000126,36,45,-9
117000127,71,545,-474
117000128,67,1039,-972
117000129,196,1289,-1093
117000130,388,1,387
117000131,0,143,-143
117000132,8683,51,8632
117000133,6526,99,6427
117000134,1,145,-144
117000135,0,145,-145
117000136,0,37,-37
117000137,348,126,222
117000138,0,754,-754
117000140,314,560,-246
117000141,2574,273,2301
117000181,288,130,158
117000182,2787,2669,118
117000195,100,263,-163
117000196,553,234,319
117000225,58,412,-354
117000226,7,258,-251
117000276,874,71,803
117000277,1,128,-127
117000310,1032,3682,-2650
117000315,229,1015,-786
117000320,134,0,134
117000906,1228,40,1188
117000907,6,129,-123
117000909,161,93,68
117000910,272,84,188
117000911,27,109,-82
117000915,1,120,-119
117000916,280,7,273
117000917,2059,89,1970
117000918,401,86,315
117000919,3,38,-35
117000920,1,905,-904
117000921,2,338,-336
117000922,26,47,-21
117000924,1957,1035,922
117000926,525,344,181
117000927,296,562,-266
117000928,0,107,-107
117000929,1136,113,1023
117000930,1580,10,1570
117000931,123,54,69
117900002,53,1042,-989
117900003,56,94,-38
117900005,2,318,-316
117900006,0,27,-27
117900007,329,70,259
117900008,0,27,-27
117900010,538,35,503
117900011,5,716,-711
117900012,137,100,37
117900013,1,320,-319
117900014,1164,58,1106
117900015,33,84,-51
117900016,827,1490,-663
117900017,1410,330,1080
117900018,623,563,60
117900019,1561,210,1351
117900020,53,175,-122
117900021,52,199,-147
117900022,31,1,30
117900023,3079,139,2940
117900024,134,256,-122
117900025,21,0,21
117900026,930,308,622
117900028,142,5,137
117900029,597,282,315
117900030,316,545,-229
117900031,559,445,114
117900032,1265,655,610
117900033,823,287,536
117900034,119,61,58
117900035,425,355,70
117900036,522,221,301
117900037,348,50,298
117900038,37,68,-31
117900039,0,18,-18
117900040,248,73,175
117900041,0,18,-18
117900042,2047,670,1377
117900043,0,15,-15
117900044,72,5846,-5774
117900045,586,91,495
117900048,518,103,415
117900049,559,466,93
117900050,3,583,-580
117900051,32,27,5
117900052,171,881,-710
117900053,3114,114,3000
117900054,0,7,-7
117900055,1530,418,1112
117900056,42,193,-151
117900057,1216,571,645
117900058,13,136,-123
117900059,158,221,-63
117900060,4607,1328,3279
117900061,10,511,-501
117900063,935,145,790
117900065,214,655,-441
117900066,3,171,-168
117900067,1595,143,1452
117900069,1763,121,1642
117900070,30,498,-468
117900071,421,99,322
117900073,1717,57,1660
117900074,13,617,-604
117900075,309,136,173
117900076,13,108,-95
117900077,1478,48,1430
117900078,599,451,148
117900080,324,45,279
117900081,141,133,8
117900082,1290,266,1024
117900083,1557,520,1037
117900086,374,84,290
117900087,265,11,254
117900088,498,650,-152
117900089,4011,389,3622
117900090,1260,759,501
117900091,226,28,198
117900092,418,43,375
117900093,248,47,201
117900094,99,48,51
117900095,1046,968,78
117900096,364,296,68
117900097,276,37,239
117900098,168,11,157
117900099,530,721,-191
117900100,1534,3,1531
117900101,1389,3416,-2027
117900102,134,21,113
117900103,166,19,147
117900104,4,436,-432
117900105,40,139,-99
117900106,110,24,86
117900107,176,1,175
117900109,2606,763,1843
117900110,666,2,664
117900111,2489,309,2180
117900112,182,3,179
117900113,970,3501,-2531
117900114,160,0,160
117900115,15,269,-254
117900116,520,291,229
117900117,1635,186,1449
117900118,595,0,595
117900119,570,8,562
117900120,1317,12,1305
117900121,120,15,105
117900122,1132,8786,-7654
117900123,1178,775,403
117900124,286,430,-144
117900125,1945,739,1206
117900126,100,154,-54
117900127,1029,165,864
117900128,735,284,451
117900129,365,2,363
117900130,1377,422,955
117900131,3,61,-58
117900132,3,24,-21
117900133,16,14,2
117900134,56,77,-21
117900135,34,38,-4
117900136,0,2,-2
117900137,48,191,-143
117900138,0,4,-4
117900139,100,85,15
117900140,5319,828,4491
117900141,26,318,-292
117900142,29,581,-552
117900144,23,836,-813
117900145,3,467,-464
117900146,122,582,-460
117900147,180,130,50
117900148,2648,4327,-1679
117900149,65,67,-2
117900150,166,61,105
117900151,71,166,-95
117900152,25,87,-62
117900153,23,272,-249
117900154,881,414,467
117900156,211,256,-45
117900157,108,241,-133
117900158,563,57,506
117900160,1566,688,878
117900161,664,446,218
117900162,1125,244,881
117900163,28,1020,-992
117900165,0,2,-2
117900166,6,182,-176
117900168,86,123,-37
117900169,6,48,-42
117900170,1,16,-15
117900171,12,8,4
117900172,8,3,5
117900173,33,35,-2
117900174,12,13,-1
117900175,8,8,0
117900176,34,17,17
117900177,14,11,3
117900178,40,9,31
117900180,218,10,208
117900181,62,820,-758
117900182,1,106,-105
117900183,343,175,168
117900184,74,38,36
117900185,70,20,50
117900186,158,36,122
117900187,21,6,15
117900188,181,28,153
117900189,81,9,72
117900190,7,0,7
117900191,100,0,100
117900192,331,1,330
117900193,14,14,0
117900194,4,0,4
117900195,57,140,-83
117900196,39,10,29
117900207,65,121,-56
117900208,35,21,14
117900209,254,88,166
117900210,171,56,115
117900211,3,73,-70
117900212,239,109,130
117900213,110,1,109
117900214,25,8,17
117900215,76,27,49
117900216,30,65,-35
117900217,69,173,-104
117900218,102,213,-111
117900219,4,220,-216
117900220,14,295,-281
117900222,386,109,277
117900223,111,612,-501
118000001,585,2007,-1422
118000002,301,825,-524
118000003,2114,3979,-1865
118000004,1087,3521,-2434
118000005,4002,1993,2009
118000006,2722,3322,-600
118000007,5173,10763,-5590
118000008,950,8773,-7823
118000009,1368,3448,-2080
118000010,3329,3762,-433
118000011,3357,1081,2276
118000012,1074,1416,-342
118000013,2518,2403,115
118000014,1515,1248,267
118000016,369,132,237
118000017,769,309,460
118000018,448,123,325
118000019,1212,2013,-801
118000020,326,1457,-1131
118000021,434,1856,-1422
118000022,1071,444,627
118000023,417,214,203
118000024,560,634,-74
118000027,8364,5693,2671
118000029,595,456,139
118000032,255,1430,-1175
118000033,1572,3630,-2058
118000034,1849,2306,-457
118000035,1518,1628,-110
118000036,935,873,62
118000037,747,1186,-439
118000038,1072,86,986
118000039,221,66,155
118000040,2480,1111,1369
118000041,4693,1701,2992
118000045,118,203,-85
118000046,554,1250,-696
118000047,331,2345,-2014
118000048,1649,3411,-1762
118000051,903,3095,-2192
118000052,352,1092,-740
118000053,322,1242,-920
118000054,2812,753,2059
118000055,2040,1420,620
118000056,119,483,-364
118000057,150,417,-267
118000058,1888,5198,-3310
118000059,1216,3152,-1936
118000060,1433,617,816
118000061,1620,1588,32
118000062,409,182,227
118000063,273,799,-526
118000064,821,1106,-285
118000065,1724,1909,-185
118000066,1333,2711,-1378
118000067,388,634,-246
118000068,665,12138,-11473
118000069,800,1164,-364
118000070,5637,2559,3078
118000071,4146,13686,-9540
118000072,709,4831,-4122
118000073,396,2244,-1848
118000074,311,1088,-777
118000075,622,362,260
118000076,1751,8729,-6978
118000077,865,1013,-148
118000078,2140,2217,-77
118000079,171,465,-294
118000080,374,722,-348
118000081,1539,1464,75
118000082,266,921,-655
118000083,1005,1196,-191
118000084,1244,3227,-1983
118000086,101,790,-689
118000087,2959,2129,830
118000088,1362,1652,-290
118000089,3322,3718,-396
118000090,1287,4342,-3055
118000091,973,6991,-6018
118000092,829,552,277
118000093,59,671,-612
118000096,736,381,355
118000097,588,485,103
118000098,191,193,-2
118000099,841,264,577
118000101,2025,327,1698
118000102,462,366,96
118000107,1491,363,1128
118000108,598,8885,-8287
118000110,0,17,-17
118000111,1,83,-82
118000112,2436,28,2408
118000113,0,171,-171
118000114,2338,50,2288
118000115,20,20,0
118000116,99,0,99
118000117,624,636,-12
118000118,1343,1111,232
118000119,1851,1326,525
118000120,1191,562,629
118000121,32,428,-396
118000122,343,229,114
118000123,82,238,-156
118000125,700,1327,-627
118000126,868,3050,-2182
118000127,1280,770,510
118000128,332,1468,-1136
118000129,1770,969,801
118000130,1462,2471,-1009
118000131,283,676,-393
118000132,2390,2248,142
118000133,2192,836,1356
118000135,625,871,-246
118000136,160,534,-374
118000137,491,71,420
118000138,429,299,130
118000139,515,90,425
118000140,4050,9227,-5177
118000141,3712,1529,2183
118000142,3986,1605,2381
118000143,3785,1202,2583
118000144,481,165,316
118000145,1211,430,781
118000146,1529,237,1292
118000147,1306,545,761
118000148,1203,1817,-614
118000149,1034,265,769
118000150,1265,169,1096
118000151,913,137,776
118000153,2262,563,1699
118000154,2177,557,1620
118000155,3168,579,2589
118000156,1999,4004,-2005
118000157,643,209,434
118000158,246,713,-467
118000159,25,142,-117
118000160,980,263,717
118000161,798,272,526
118000162,1413,703,710
118000163,1300,859,441
118000164,2024,1231,793
118000168,558,2229,-1671
118000169,984,662,322
118000170,2542,2067,475
118000171,627,379,248
118000172,53,105,-52
118000173,679,1241,-562
118000175,263,182,81
118000176,475,199,276
118000177,431,299,132
118000178,14,37,-23
118000179,583,450,133
118000180,512,333,179
118000181,507,118,389
118000182,294,76,218
118000183,163,162,1
118000184,1744,379,1365
118000185,327,1854,-1527
118000186,338,1351,-1013
118000187,3011,264,2747
118000188,1628,40,1588
118000189,2265,135,2130
118000190,6,3,3
118000191,45,3,42
118000192,12,81,-69
118000193,9,167,-158
118000194,1860,846,1014
118000195,197,3417,-3220
118000196,48,735,-687
118000197,70,382,-312
118000198,288,1967,-1679
118000199,264,1346,-1082
118000200,67,705,-638
118000201,120,1184,-1064
118000202,49,704,-655
118000203,244,1982,-1738
118000204,57,727,-670
118000205,83,306,-223
118000206,225,254,-29
118000207,1,73,-72
118000208,2279,1273,1006
118000209,2616,459,2157
118000210,422,8,414
118000211,351,35,316
118000213,587,4543,-3956
118000214,234,742,-508
118000215,622,85,537
118000216,11512,1957,9555
118000217,14,34,-20
118000218,135,15,120
118000219,255,204,51
118000220,94,49,45
118000221,1844,1469,375
118000222,162,2,160
118000223,88,34,54
118000224,79,66,13
118000225,222,736,-514
118000226,2512,187,2325
118000227,427,505,-78
118000228,11,157,-146
118000229,40,688,-648
118000230,162,129,33
118000231,56,145,-89
118000232,1111,143,968
118000233,1720,295,1425
118000234,717,62,655
118000236,322,357,-35
118000237,132,122,10
118000238,293,38,255
118000239,366,252,114
118000240,64,99,-35
118000241,376,114,262
118000242,1136,176,960
118000243,341,82,259
118000244,117,33,84
118000246,1,20,-19
118000255,31,326,-295
118000256,294,226,68
118000259,11,95,-84
118000260,403,23,380
118000261,105,9,96
118000263,103,234,-131
118000266,196,108,88
118000267,0,89,-89
118000268,357,1,356
118000270,368,3,365
118000271,442,71,371
118000272,52,28,24
118000273,654,47,607
118000274,57,195,-138
118000276,439,76,363
118000295,48,149,-101
118000298,180,72,108
118000299,53,25,28
118000301,0,69,-69
118000302,119,7,112
118000311,2283,64,2219
118000312,697,69,628
118000313,98,26,72
118000314,252,14,238
118000315,84,7,77
118000316,1221,161,1060
118000325,90,4,86
118000326,76,60,16
118000331,65,6,59
118000332,8,6,2
118000333,74,12,62
118000335,1501,9,1492
118000336,0,170,-170
118000407,677,21,656
118000457,6,73,-67
118000465,391,2280,-1889
118000480,105,33,72
118000489,2,795,-793
118000490,5,182,-177
118000492,1189,118,1071
118000510,70,11,59
118000514,80,288,-208
118000515,697,2274,-1577
118000517,237,217,20
118000524,247,380,-133
118000525,344,588,-244
118000530,19,214,-195
118000531,675,140,535
118000532,208,121,87
118000533,227,85,142
118000534,703,204,499
118000535,516,51,465
118000536,60,343,-283
118000537,23,54,-31
118000538,14,62,-48
118000539,13,141,-128
118000540,166,114,52
118000541,81,103,-22
118000542,123,235,-112
118000543,364,172,192
118000546,32,10,22
118000553,0,0,0
118000560,812,3289,-2477
118000562,142,48,94
118000563,1487,554,933
118000576,224,44,180
118000577,261,143,118
118000578,137,48,89
118000579,524,2144,-1620
118000583,0,1,-1
118000595,218,72,146
118000596,0,174,-174
118000597,324,69,255
118000598,6,0,6
118000599,239,17,222
118000600,17,1,16
118000601,4,0,4
118000602,0,17,-17
118000603,0,8,-8
118000605,58,33,25
118900001,504,1320,-816
118900002,769,1019,-250
118900003,1358,11,1347
118900004,100,18,82
118900005,110,3,107
118900006,184,1,183
118900007,0,0,0
118900008,718,10,708
118900009,225,185,40
118900010,96,9,87
118900011,267,41,226
118900012,174,142,32
118900013,1362,1233,129
118900015,681,16,665
118900016,1,3,-2
118900017,16,293,-277
118900018,1246,28,1218
118900019,17,2,15
118900020,12,73,-61
118900021,125,523,-398
118900022,111,11,100
118900023,30,89,-59
118900024,124,133,-9
118900025,31,65,-34
118900026,37,17,20
118900027,336,132,204
118900028,216,147,69
118900029,284,340,-56
118900030,1423,64,1359
118900031,54,32,22
118900032,285,96,189
118900033,508,766,-258
118900034,383,11,372
118900035,67,48,19
118900036,1906,201,1705
118900037,511,858,-347
118900038,703,44,659
118900039,1678,99,1579
118900040,234,71,163
118900041,1246,144,1102
118900042,80,30,50
118900045,191,136,55
118900046,251,283,-32
118900047,176,399,-223
118900048,98,490,-392
118900049,39,11,28
118900050,250,10,240
118900051,99,157,-58
118900052,247,381,-134
118900053,5,27,-22
118900054,125,25,100
118900055,363,3,360
118900056,56,229,-173
118900057,740,395,345
118900058,730,486,244
118900059,30,60,-30
118900060,197,71,126
118900062,359,85,274
118900064,169,751,-582
118900065,55,226,-171
118900066,186,42,144
118900067,2386,5349,-2963
118900068,4,832,-828
118900069,880,98,782
118900071,6,14,-8
118900072,662,1008,-346
118900073,488,65,423
118900074,233,39,194
118900075,389,17,372
118900076,263,39,224
118900077,627,110,517
118900078,7,0,7
118900079,16,115,-99
118900080,358,47,311
118900081,42,39,3
118900082,3126,322,2804
118900083,21,5,16
118900084,6,3,3
118900085,178,138,40
118900086,39,90,-51
118900087,205,1571,-1366
118900088,13,1,12
118900089,8,11,-3
118900090,131,79,52
118900091,147,263,-116
118900092,542,4,538
118900093,62,10,52
118900096,25,44,-19
118900097,319,179,140
118900099,27,42,-15
118900100,71,121,-50
118900101,457,129,328
118900102,65,82,-17
118900103,13,53,-40
118900104,564,120,444
118900105,157,29,128
118900107,21,19,2
118900108,85,149,-64
118900110,1032,1729,-697
118900111,1026,295,731
118900112,415,193,222
118900113,62,117,-55
118900114,1,73,-72
118900115,99,214,-115
118900116,154,46,108
118900117,217,32,185
118900118,557,119,438
118900119,324,139,185
118900120,45,251,-206
118900121,25,94,-69
118900122,1,759,-758
118900123,117,153,-36
118900124,253,158,95
118900126,91,148,-57
118900129,482,71,411
118900130,18,91,-73
118900131,671,170,501
118900132,501,151,350
118900133,9,209,-200
118900135,310,90,220
118900136,385,151,234
118900137,2,106,-104
118900139,607,132,475
118900140,632,240,392
118900141,120,194,-74
118900144,263,141,122
118900145,27,157,-130
118900146,596,294,302
118900147,148,349,-201
118900148,51,52,-1
118900150,64,624,-560
118900152,428,186,242
118900157,54,219,-165
118900158,387,39,348
118900159,0,75,-75
118900161,68,13,55
118900163,42,25,17
118900164,1,48,-47
118900165,122,97,25
118900166,0,0,0
118900167,109,63,46
118900168,66,88,-22
118900169,270,182,88
118900170,692,72,620
118900171,130,6,124
118900174,28,21,7
118900175,595,198,397
118900176,246,121,125
118900177,185,11,174
118900178,109,52,57
118900179,10,14,-4
118900181,168,15,153
118900182,6,24,-18
118900183,32,114,-82
118900184,232,27,205
118900185,186,38,148
118900186,78,42,36
118900187,81,383,-302
118900188,224,125,99
118900189,33,484,-451
118900190,207,84,123
118900191,890,68,822
118900192,1060,46,1014
118900193,1995,15,1980
118900195,137,453,-316
118900196,34,96,-62
118900197,756,20,736
118900198,122,2,120
118900199,141,17,124
118900200,74,27,47
118900201,68,91,-23
118900202,0,33,-33
118900203,121,15,106
118900204,25,3,22
118900205,1,6,-5
118900206,1,4,-3
119000001,1754,1344,410
119000002,3402,2729,673
119000003,6212,597,5615
119000004,4486,2152,2334
119000005,2888,2706,182
119000006,6019,2280,3739
119000007,4901,4313,588
119000008,1788,1731,57
119000009,2280,7730,-5450
119000010,3900,5098,-1198
119000011,1845,2460,-615
119000012,1082,4187,-3105
119000013,3370,1713,1657
119000014,2152,2670,-518
119000019,276,135,141
119000020,3322,1605,1717
119000021,6535,3614,2921
119000022,1341,4666,-3325
119000023,161,419,-258
119000024,1798,25233,-23435
119000025,2887,1229,1658
119000026,23,602,-579
119000027,93,490,-397
119000028,1662,556,1106
119000029,33,110,-77
119000030,762,730,32
119000031,1769,599,1170
119000032,1480,1172,308
119000033,2590,704,1886
119000034,2421,503,1918
119000035,31,150,-119
119000036,3846,236,3610
119000037,2262,473,1789
119000038,412,260,152
119000039,852,598,254
119000040,644,919,-275
119000041,1388,2276,-888
119000048,1746,827,919
119000049,4026,1132,2894
119000050,1069,1710,-641
119000051,3461,1099,2362
119000052,2363,1963,400
119000053,2861,890,1971
119000054,3773,627,3146
119000055,7834,984,6850
119000056,4992,992,4000
119000057,2092,400,1692
119000058,1231,616,615
119000059,676,455,221
119000060,2868,362,2506
119000061,877,214,663
119000062,1062,454,608
119000063,851,679,172
119000064,505,462,43
119000065,846,1777,-931
119000066,2002,1245,757
119000067,1253,605,648
119000068,2847,421,2426
119000069,2485,768,1717
119000070,5423,290,5133
119000071,281,207,74
119000072,2839,1889,950
119000073,5252,10785,-5533
119000074,1982,634,1348
119000075,6608,1879,4729
119000076,123,226,-103
119000077,1276,180,1096
119000078,689,74,615
119000079,286,156,130
119000080,1240,81,1159
119000081,400,243,157
119000082,1348,107,1241
119000083,845,454,391
119000084,455,131,324
119000085,440,67,373
119000086,354,924,-570
119000087,648,91,557
119000088,332,53,279
119000089,103,114,-11
119000090,96,17,79
119000091,70,186,-116
119000092,110,85,25
119000093,2861,1510,1351
119000094,6602,4456,2146
119000095,3487,2252,1235
119000097,850,612,238
119000098,1237,7093,-5856
119000099,1601,478,1123
119000100,5445,2748,2697
119000101,4236,1281,2955
119000102,337,1729,-1392
119000103,848,583,265
119000104,847,447,400
119000105,1103,3389,-2286
119000106,630,311,319
119000107,2372,622,1750
119000108,1030,287,743
119000109,142,129,13
119000110,199,105,94
119000111,62,524,-462
119000112,125,28,97
119000113,531,63,468
119000114,1336,2004,-668
119000115,33,116,-83
119000116,100,71,29
119000117,127,281,-154
119000118,39,0,39
119000123,1921,1930,-9
119000124,1879,129,1750
119000125,7612,321,7291
119000126,3380,480,2900
119000127,1150,180,970
119000128,33,3,30
119000131,1389,105,1284
119000132,0,1,-1
119000133,5,9,-4
119000134,647,762,-115
119000135,265,92,173
119000136,528,33,495
119000137,580,121,459
119000138,1290,35,1255
119000139,156,32,124
119000140,206,310,-104
119000284,1033,1442,-409
119000285,1308,629,679
119000286,2659,1962,697
119000287,1449,1515,-66
119000288,2463,611,1852
119000289,1072,1557,-485
119000290,218,242,-24
119000291,77,438,-361
119000293,146,223,-77
119000294,35,30,5
119000295,1882,239,1643
119000296,374,79,295
119000302,1199,1259,-60
119000303,5,131,-126
119000310,1,0,1
119000314,1774,15263,-13489
119000315,0,69,-69
119000316,383,53,330
119000317,206,79,127
119900001,68,2177,-2109
119900002,365,164,201
119900003,1,145,-144
119900004,181,3789,-3608
119900005,341,20,321
119900006,66,452,-386
119900007,374,238,136
119900008,30,163,-133
119900009,473,242,231
119900010,601,228,373
119900011,31,483,-452
119900012,11,264,-253
119900013,1135,754,381
119900014,677,62,615
119900015,504,56,448
119900016,102,27,75
119900017,18,69,-51
119900018,567,2553,-1986
119900019,101,3,98
119900020,95,77,18
119900021,224,80,144
119900022,66,1446,-1380
119900023,396,3566,-3170
119900025,692,14,678
119900026,458,97,361
119900027,3,9,-6
119900028,291,311,-20
119900029,6,1,5
119900030,643,384,259
119900031,40,1297,-1257
119900033,903,143,760
119900034,1517,40,1477
119900037,319,33,286
119900038,37,578,-541
119900039,94,1,93
119900040,66,13,53
119900041,427,6,421
119900042,79,553,-474
119900043,150,19,131
119900044,137,978,-841
119900046,472,20,452
119900047,673,425,248
119900048,92,8,84
119900049,237,7,230
119900050,107,128,-21
119900051,1891,9,1882
119900052,300,14,286
119900053,419,116,303
119900054,705,10,695
119900055,1766,128,1638
119900057,847,11,836
119900058,774,17,757
119900059,127,13,114
119900060,555,23,532
119900062,418,14,404
119900063,50,76,-26
119900065,342,1,341
119900066,0,1,-1
119900067,143,12,131
119900068,1185,7,1178
119900069,172,9,163
119900070,1423,4,1419
119900071,1671,39,1632
119900073,1357,71,1286
119900074,84,19,65
119900075,854,1412,-558
119900076,1149,189,960
119900077,1644,187,1457
119900078,1193,366,827
119900079,1172,46,1126
119900080,2686,354,2332
119900081,1355,39,1316
119900082,3136,167,2969
119900083,648,74,574
119900084,636,229,407
119900085,40,24,16
119900087,247,361,-114
119900088,18,7,11
119900089,34,94,-60
119900090,15,4,11
119900091,33,163,-130
119900092,4,213,-209
119900093,1425,116,1309
119900094,16,97,-81
119900095,206,35,171
119900096,8,51,-43
119900097,41,172,-131
119900098,34,7,27
119900099,20,63,-43
119900100,333,2451,-2118
119900101,73,511,-438
119900102,27,51,-24
119900103,70,46,24
119900104,10,51,-41
119900105,523,688,-165
119900106,22,61,-39
119900107,179,613,-434
119900108,1837,308,1529
119900109,13,67,-54
119900110,563,217,346
119900111,237,41,196
119900112,408,1194,-786
119900113,25,245,-220
119900114,221,176,45
119900115,968,159,809
119900116,157,373,-216
119900117,339,199,140
119900118,255,135,120
119900119,305,76,229
119900120,366,226,140
119900121,940,151,789
119900122,8,101,-93
119900123,62,142,-80
119900124,339,144,195
119900125,23,75,-52
119900126,978,173,805
119900127,452,198,254
119900128,812,600,212
119900129,466,105,361
119900130,8,55,-47
119900131,41,68,-27
119900132,170,87,83
119900133,224,67,157
119900134,187,39,148
119900135,0,125,-125
119900136,29,108,-79
119900138,91,151,-60
119900139,10,364,-354
119900140,5,25,-20
119900141,5,865,-860
119900142,5,18,-13
119900143,8,64,-56
119900144,553,146,407
119900145,38,72,-34
119900146,283,96,187
119900147,1,175,-174
119900148,661,18,643
119900149,301,8801,-8500
119900150,93,64,29
119900151,1615,898,717
119900152,251,72,179
119900153,330,65,265
119900154,100,121,-21
119900155,52,16,36
119900156,4,2,2
119900157,260,37,223
119900158,337,84,253
119900159,2,293,-291
119900160,6,64,-58
119900161,77,38,39
119900162,1861,650,1211
119900163,47,89,-42
119900164,0,1,-1
119900165,215,15,200
119900166,114,13,101
119900167,0,25,-25
119900168,2320,172,2148
119900169,22,190,-168
119900170,245,169,76
119900171,622,236,386
119900172,15,2,13
119900173,2,32,-30
119900174,1,34,-33
119900175,3514,214,3300
119900177,2,44,-42
119900178,0,60,-60
119900179,377,1446,-1069
119900180,2068,530,1538
119900181,17,42,-25
119900182,0,39,-39
119900183,107,275,-168
119900184,424,302,122
119900185,76,452,-376
119900186,6,2186,-2180
119900187,5,130,-125
119900188,211,260,-49
119900189,38,245,-207
119900190,92,382,-290
119900191,148,247,-99
119900192,32,73,-41
119900193,1223,92,1131
119900194,45,29,16
119900195,4,135,-131
119900196,215,145,70
119900197,500,122,378
119900198,90,186,-96
119900199,132,4,128
119900200,1026,521,505
119900201,113,63,50
119900202,28,377,-349
119900203,224,649,-425
119900204,406,231,175
119900205,1732,205,1527
119900206,588,112,476
119900208,182,64,118
119900209,777,2513,-1736
119900210,66,9,57
119900211,10,1,9
119900212,685,263,422
119900213,0,36,-36
119900214,94,18,76
119900215,51,5,46
119900216,16,4,12
119900217,15,3,12
119900218,1,56,-55
119900219,18,28,-10
119900220,12,13,-1
119900221,81,36,45
119900222,1,22,-21
119900223,14,25,-11
119900224,4,4,0
119900225,126,38,88
119900226,130,2528,-2398
119900227,187,74,113
119900228,7,720,-713
119900229,57,89,-32
119900230,768,180,588
119900231,471,29,442
119900232,193,54,139
119900233,71,3,68
119900234,1,78,-77
119900235,2,20,-18
119900236,28,90,-62
119900237,89,360,-271
119900238,2,34,-32
119900240,71,44,27
119900241,101,101,0
119900242,1279,1303,-24
119900244,492,814,-322
119900245,192,117,75
119900246,202,449,-247
119900247,26,23,3
119900248,47,821,-774
119900249,511,53,458
119900253,610,278,332
119900254,69,1909,-1840
119900255,133,255,-122
119900256,1741,325,1416
119900257,199,1,198
119900258,340,16,324
119900259,19,27,-8
119900260,385,9,376
119900261,667,59,608
119900262,0,58,-58
119900263,1169,98,1071
119900264,199,13,186
119900265,629,200,429
119900266,854,50,804
119900267,111,157,-46
119900268,265,42,223
119900269,1450,364,1086
119900271,18,77,-59
119900272,98,113,-15
119900275,164,37,127
119900276,171,4,167
119900277,11,1,10
119900278,372,68,304
119900279,101,335,-234
119900280,392,28,364
119900281,0,507,-507
119900282,19,123,-104
119900283,20,81,-61
119900284,47,144,-97
119900285,1,63,-62
119900286,1,6,-5
119900288,2,4,-2
119900289,0,5,-5
119900290,8,2,6
119900291,0,30,-30
119900292,22,117,-95
119900293,52,20,32
119900294,78,2,76
119900295,0,0,0
119900296,0,0,0
119900299,209,82,127
119900300,632,305,327
119900301,26,202,-176
119900302,18,152,-134
119900303,766,402,364
119900304,482,4,478
119900305,0,37,-37
119900306,14,1,13
119900307,76,19,57
119900308,3,19,-16
119900309,40,348,-308
119900310,145,121,24
119900311,215,8,207
119900312,123,3,120
119900313,206,103,103
119900314,303,452,-149
119900315,3748,674,3074
119900318,20,164,-144
119900319,0,79,-79
119900320,495,101,394
119900321,454,40,414
119900322,10,31,-21
119900323,4,34,-30
119900324,3,94,-91
119900325,372,106,266
119900326,74,29,45
120000001,7599,37048,-29449
120000002,2581,2170,411
120000003,1761,482,1279
120000004,2519,682,1837
120000005,2306,722,1584
120000006,1726,606,1120
120000007,2454,4757,-2303
120000008,1331,516,815
120000009,1164,759,405
120000010,2513,2830,-317
120000011,1227,809,418
120000012,1791,928,863
120000013,4192,1974,2218
120000014,1209,1126,83
120000015,2872,1166,1706
120000016,4672,1840,2832
120000017,5501,5515,-14
120000018,2524,23545,-21021
120000019,1379,1094,285
120000020,1915,2546,-631
120000021,1500,907,593
120000022,2500,2679,-179
120000023,1519,1057,462
120000024,974,1188,-214
120000025,3453,845,2608
120000026,4964,1117,3847
120000027,2734,1649,1085
120000028,610,1152,-542
120000029,1047,751,296
120000030,208,965,-757
120000031,1947,5171,-3224
120000032,3908,1495,2413
120000033,4449,785,3664
120000034,5862,642,5220
120000035,4756,885,3871
120000036,3518,5027,-1509
120000037,522,2444,-1922
120000038,2446,1612,834
120000039,382,978,-596
120000040,57,2674,-2617
120000041,662,689,-27
120000042,4242,851,3391
120000043,7998,711,7287
120000044,10352,1400,8952
120000045,11043,525,10518
120000046,7559,6145,1414
120000047,508,15151,-14643
120000048,6673,2889,3784
120000049,5863,2197,3666
120000050,3996,3336,660
120000051,2152,4669,-2517
120000052,4514,686,3828
120000053,1080,937,143
120000054,1164,1683,-519
120000055,1306,1856,-550
120000056,3839,2268,1571
120000057,4163,625,3538
120000058,1385,652,733
120000059,11,2426,-2415
120000061,162,448,-286
120000062,116,107,9
120000063,400,2093,-1693
120000064,388,444,-56
120000065,431,562,-131
120000066,240,161,79
120000067,9,97,-88
120000068,480,137,343
120000069,1127,211,916
120000070,301,360,-59
120000071,1638,79,1559
120000072,1823,285,1538
120000073,1981,44,1937
120000074,40,85,-45
120000075,1908,209,1699
120000076,4252,256,3996
120000077,4449,387,4062
120000078,2345,709,1636
120000079,528,172,356
120000080,151,181,-30
120000081,492,92,400
120000082,585,203,382
120000083,56,790,-734
120000084,168,167,1
120000085,215,254,-39
120000086,258,135,123
120000087,300,133,167
120000088,748,444,304
120000089,902,162,740
120000090,777,317,460
120000091,1625,746,879
120000092,1098,215,883
120000093,1712,328,1384
120000094,446,400,46
120000095,824,94,730
120000096,386,236,150
120000098,1059,860,199
120000099,431,279,152
120000100,1035,217,818
120000101,737,177,560
120000102,1125,1121,4
120000103,2182,785,1397
120000104,3765,281,3484
120000105,3793,126,3667
120000106,6040,184,5856
120000107,10433,334,10099
120000108,3719,138,3581
120000109,1956,44,1912
120000110,51,423,-372
120000111,103,383,-280
120000112,402,744,-342
120000113,342,878,-536
120000114,299,638,-339
120000115,286,528,-242
120000116,281,680,-399
120000117,381,427,-46
120000118,54,56,-2
120000119,7,35,-28
120000120,277,350,-73
120000121,14,8,6
120000122,218,1557,-1339
120000123,1681,13467,-11786
120000124,437,369,68
120000125,1568,477,1091
120000126,600,1270,-670
120000127,848,588,260
120000128,2460,2489,-29
120000129,231,152,79
120000130,1001,290,711
120000131,700,323,377
120000134,183,124,59
120000135,1619,695,924
120000137,405,128,277
120000138,3388,111,3277
120000139,654,106,548
120000140,2940,120,2820
120000141,484,151,333
120000142,1201,297,904
120000143,0,21,-21
120000144,210,25,185
120000145,910,0,910
120000146,779,1082,-303
120000149,387,370,17
120000150,1220,13412,-12192
120000151,985,174,811
120000152,2122,73,2049
120000153,1302,308,994
120000154,874,837,37
120000155,549,624,-75
120000156,461,3238,-2777
120000157,2350,338,2012
120000158,1676,343,1333
120000159,2457,955,1502
120000160,1996,1341,655
120000161,5773,2602,3171
120000162,139,267,-128
120000163,1191,309,882
120000164,1272,98,1174
120000165,2272,198,2074
120000166,3369,271,3098
120000167,77,132,-55
120000168,5,434,-429
120000169,2,1055,-1053
120000170,10,922,-912
120000171,6,210,-204
120000172,2,218,-216
120000173,87,345,-258
120000174,15,91,-76
120000175,22,33,-11
120000176,2,46,-44
120000177,350,115,235
120000178,6,14,-8
120000179,16,52,-36
120000180,6,27,-21
120000181,5,471,-466
120000182,6,571,-565
120000183,0,79,-79
120000184,51,509,-458
120000186,12,453,-441
120000187,8,420,-412
120000188,12,135,-123
120000190,25,14,11
120000191,59,20,39
120000192,36,0,36
120000193,13,3,10
120000195,7,0,7
120000196,21,1,20
120000197,2,6,-4
120000198,538,21,517
120000199,552,0,552
120000200,338,0,338
120000201,32,113,-81
120000202,0,51,-51
120000203,304,115,189
120000207,18,19,-1
120000208,33,32,1
120000209,13,5,8
120000210,15,16,-1
120000211,1193,18,1175
120000212,827,0,827
120000213,798,78,720
120000214,1,24,-23
120000215,8,34,-26
120000216,993,64,929
120000217,189,514,-325
120000218,21,486,-465
120000219,2,234,-232
120000220,0,533,-533
120000225,4575,1,4574
120000226,1094,29,1065
120000227,1351,244,1107
120000228,6855,5569,1286
120000230,607,29,578
120000231,3152,323,2829
120000233,1497,9,1488
120000235,851,273,578
120000236,3654,12,3642
120000237,1,363,-362
120000238,1,312,-311
120000241,1477,6279,-4802
120000412,205,46,159
120000413,1273,141,1132
120000414,517,2,515
120000415,1,13,-12
120000416,323,23,300
120000417,37,101,-64
120000418,669,25,644
120000419,39,61,-22
120000420,15,7,8
120000421,7385,3748,3637
120000422,81,4680,-4599
120000423,3,250,-247
120000424,853,43,810
120000436,68,2009,-1941
120000437,19,59,-40
120000438,1158,230,928
120000439,342,844,-502
120000443,333,0,333
120000444,3046,510,2536
120000445,2852,1157,1695
120000446,844,92,752
120000447,1159,0,1159
120000449,577,37,540
120000450,7,35,-28
120000451,315,58,257
120000452,162,3,159
120000453,0,9,-9
120000454,21,148,-127
120000455,202,22,180
120000456,867,6281,-5414
120000457,306,180,126
120000458,255,258,-3
120000459,323,76,247
120000665,57,279,-222
120000668,47,804,-757
120000669,860,48,812
120000670,42,212,-170
120000671,4547,1254,3293
120000672,57,242,-185
120900001,60,43,17
120900002,167,567,-400
120900003,187,1,186
120900004,62,210,-148
120900005,128,190,-62
120900006,1403,127,1276
120900007,234,64,170
120900008,832,435,397
120900009,260,11,249
120900010,1317,106,1211
120900011,10,113,-103
120900012,16,1426,-1410
120900013,514,76,438
120900014,20,124,-104
120900015,1849,54,1795
120900016,3250,57,3193
120900017,1120,127,993
120900018,682,75,607
120900019,584,330,254
120900020,327,374,-47
120900021,397,82,315
120900022,4,74,-70
120900023,767,272,495
120900024,1236,346,890
120900025,787,320,467
120900026,132,42,90
120900027,532,15,517
120900028,1054,237,817
120900029,14,1528,-1514
120900030,3457,210,3247
120900031,540,63,477
120900032,2982,102,2880
120900033,2567,102,2465
120900034,5,3798,-3793
120900035,36,46,-10
120900037,701,18,683
120900038,144,722,-578
120900039,173,43,130
120900040,994,24,970
120900041,47,30,17
120900042,1240,33,1207
120900043,275,92,183
120900044,4,552,-548
120900045,137,7,130
120900046,1613,6,1607
120900047,233,319,-86
120900048,319,36,283
120900049,1658,7,1651
120900050,525,5013,-4488
120900051,940,68,872
120900052,2594,3,2591
120900053,918,42,876
120900054,615,169,446
120900055,1309,0,1309
120900056,1207,52,1155
120900057,659,18,641
120900058,1583,2,1581
120900059,308,5,303
120900060,139,8,131
120900061,184,109,75
120900062,753,2,751
120900063,1973,43,1930
120900064,1717,0,1717
120900065,1521,1,1520
120900066,2581,102,2479
120900067,388,131,257
120900068,1064,2,1062
120900069,982,10,972
120900071,17,2,15
120900072,1964,16,1948
120900073,1819,38,1781
120900074,2342,113,2229
120900076,1454,2,1452
120900077,922,409,513
120900078,1465,209,1256
120900079,2275,56,2219
120900080,2239,253,1986
120900081,4390,915,3475
120900082,409,449,-40
120900083,207,19,188
120900084,714,528,186
120900085,15,38,-23
120900086,35,1184,-1149
120900087,726,193,533
120900088,242,1061,-819
120900089,1820,6102,-4282
120900090,460,28,432
120900091,190,907,-717
120900092,132,112,20
120900093,678,94,584
120900094,192,62,130
120900095,365,15,350
120900096,162,152,10
120900097,470,233,237
120900098,27,87,-60
120900099,33,39,-6
120900100,37,70,-33
120900101,35,83,-48
120900102,122,29,93
120900103,151,184,-33
120900104,6,10,-4
120900105,1,198,-197
120900106,217,67,150
120900107,106,57,49
120900108,11,133,-122
120900109,50,120,-70
120900110,13,127,-114
120900111,210,124,86
120900112,3,114,-111
120900113,19,199,-180
120900114,19,134,-115
120900115,163,216,-53
120900116,1791,73,1718
120900117,4,71,-67
120900118,46,1038,-992
120900119,4106,1803,2303
120900120,58,268,-210
120900121,9,139,-130
120900122,2039,128,1911
120900123,1,65,-64
120900124,2,151,-149
120900125,18,196,-178
120900126,158,266,-108
120900127,11,87,-76
120900128,155,504,-349
120900129,2,100,-98
120900130,27,147,-120
120900131,41,37,4
120900132,1792,62,1730
120900133,18,377,-359
120900134,32,124,-92
120900135,3,404,-401
120900136,37,81,-44
120900137,746,30,716
120900138,1,80,-79
120900139,2,218,-216
120900140,1,140,-139
120900141,354,72,282
120900142,0,91,-91
120900143,0,218,-218
120900144,0,43,-43
120900145,144,767,-623
120900146,0,145,-145
120900147,33,5,28
120900148,333,53,280
120900149,0,129,-129
120900150,121,93,28
120900151,2,62,-60
120900152,1,0,1
120900153,0,0,0
120900154,10,50,-40
120900155,386,182,204
120900156,418,101,317
120900157,0,9,-9
120900158,83,131,-48
120900159,0,24,-24
120900160,16,405,-389
120900161,4,192,-188
120900162,11,181,-170
120900163,15,281,-266
120900164,0,16,-16
120900165,1,29,-28
120900166,80,410,-330
120900167,175,23,152
120900169,254,152,102
120900170,169,6781,-6612
120900171,311,36,275
120900172,14,787,-773
120900173,23,5,18
120900174,10,56,-46
120900175,78,75,3
120900176,7,439,-432
120900177,1,2780,-2779
120900178,2,822,-820
120900179,75,127,-52
120900180,41,61,-20
120900181,10,20,-10
120900182,37,54,-17
120900183,314,98,216
120900184,126,63,63
120900185,104,1169,-1065
120900186,1,125,-124
120900187,1336,451,885
120900188,798,1,797
120900189,14,5594,-5580
120900190,499,12,487
120900191,345,2,343
120900192,3741,21994,-18253
120900194,197,77,120
120900195,108,87,21
120900196,358,25,333
120900197,1101,49,1052
120900198,46,237,-191
120900199,249,373,-124
120900200,25,64,-39
120900201,182,46,136
120900202,0,91,-91
120900203,24,31,-7
120900204,44,119,-75
120900205,11,9,2
120900206,101,60,41
120900207,17,433,-416
121000001,785,1188,-403
121000002,2298,2011,287
121000003,5018,1867,3151
121000004,1720,3507,-1787
121000005,2558,2592,-34
121000006,2391,2874,-483
121000007,3185,4014,-829
121000008,3810,4346,-536
121000009,4856,7781,-2925
121000010,5634,5385,249
121000011,5406,5270,136
121000012,10513,4058,6455
121000013,5164,4431,733
121000014,4491,2828,1663
121000015,4376,6407,-2031
121000016,3323,4823,-1500
121000017,2799,1609,1190
121000018,3073,1631,1442
121000019,6513,6599,-86
121000020,7393,11939,-4546
121000021,1594,1730,-136
121000022,2443,2611,-168
121000023,2360,775,1585
121000024,4584,4576,8
121000025,283,1606,-1323
121000026,189,155,34
121000027,1267,1171,96
121000028,924,590,334
121000029,1131,483,648
121000030,663,366,297
121000031,329,547,-218
121000032,155,97,58
121000034,337,578,-241
121000035,134,258,-124
121000036,1043,1040,3
121000037,572,887,-315
121000038,352,1128,-776
121000039,104,363,-259
121000041,421,261,160
121000042,204,307,-103
121000043,341,401,-60
121000044,966,1139,-173
121000045,474,270,204
121000046,951,580,371
121000047,70,64,6
121000049,690,474,216
121000050,172,1472,-1300
121000051,783,267,516
121000052,460,810,-350
121000053,291,192,99
121000054,49,423,-374
121000055,724,2175,-1451
121000056,701,1438,-737
121000057,145,272,-127
121000058,176,66,110
121000059,3614,798,2816
121000060,697,1094,-397
121000061,12,466,-454
121000062,44,616,-572
121000063,859,1132,-273
121000064,603,833,-230
121000065,127,439,-312
121000066,576,640,-64
121000067,272,820,-548
121000068,390,638,-248
121000069,105,1361,-1256
121000070,1014,845,169
121000071,1877,1374,503
121000072,422,720,-298
121000073,879,1005,-126
121000074,40,233,-193
121000075,8,60,-52
121000076,326,231,95
121000077,102,126,-24
121000078,103,158,-55
121000080,1317,387,930
121000081,2578,3677,-1099
121000082,55,195,-140
121000083,54,81,-27
121000084,118,183,-65
121000085,174,420,-246
121000086,1201,713,488
121000087,67,197,-130
121000088,735,914,-179
121000089,119,584,-465
121000090,272,289,-17
121000091,1465,677,788
121000092,201,48,153
121000093,307,158,149
121000094,324,846,-522
121000095,171,638,-467
121000096,6217,1417,4800
121000097,429,1702,-1273
121000098,605,453,152
121000099,1008,333,675
121000100,1458,139,1319
121000101,378,71,307
121000102,648,90,558
121000103,260,308,-48
121000104,524,115,409
121000105,540,41,499
121000106,259,236,23
121000107,1772,2169,-397
121000109,1134,812,322
121000110,180,636,-456
121000114,2546,1540,1006
121000115,2009,505,1504
121000116,253,697,-444
121000117,203,334,-131
121000118,1486,194,1292
121000119,439,209,230
121000120,794,532,262
121000121,539,1521,-982
121000123,697,183,514
121000127,138,86,52
121000128,1704,120,1584
121000129,1673,197,1476
121000130,494,1011,-517
121000131,1716,809,907
121000132,312,712,-400
121000135,129,178,-49
121000136,572,1414,-842
121000137,645,483,162
121000138,351,2578,-2227
121000139,152,784,-632
121000141,185,187,-2
121000142,550,451,99
121000143,75,29,46
121000144,552,694,-142
121000145,686,563,123
121000146,1179,869,310
121000147,1521,476,1045
121000148,798,431,367
121000149,3018,1518,1500
121000152,220,193,27
121000153,1177,369,808
121000154,1442,435,1007
121000155,1989,778,1211
121000156,301,644,-343
121000157,365,781,-416
121000158,212,225,-13
121000159,229,287,-58
121000160,275,184,91
121000161,229,254,-25
121000162,213,82,131
121000165,823,2006,-1183
121000166,55,410,-355
121000168,782,127,655
121000169,93,79,14
121000170,400,58,342
121000171,74,122,-48
121000172,1001,887,114
121000173,1126,1251,-125
121000174,717,546,171
121000175,1808,314,1494
121000176,389,238,151
121000177,769,451,318
121000178,60,68,-8
121000179,13,60,-47
121000181,293,420,-127
121000182,174,587,-413
121000183,25,164,-139
121000184,10,215,-205
121000185,22,444,-422
121000186,245,663,-418
121000187,221,111,110
121000188,394,24,370
121000192,1030,233,797
121000193,785,139,646
121000194,1411,1540,-129
121000195,247,1010,-763
121000196,568,312,256
121000197,101,847,-746
121000198,161,232,-71
121000199,275,268,7
121000200,902,178,724
121000201,2,205,-203
121000202,869,85,784
121000203,817,1159,-342
121000204,3281,461,2820
121000205,210,149,61
121000206,261,68,193
121000207,2443,901,1542
121000208,20,324,-304
121000209,1224,74,1150
121000210,1046,419,627
121000211,663,60,603
121000212,619,411,208
121000213,13735,2871,10864
121000214,1178,2434,-1256
121000215,560,1435,-875
121000216,500,670,-170
121000217,4111,4077,34
121000218,572,1424,-852
121000219,1903,762,1141
121000220,223,54,169
121000221,856,623,233
121000222,7063,2850,4213
121000223,149,564,-415
121000224,201,501,-300
121000225,397,10239,-9842
121000226,1088,3093,-2005
121000227,10,154,-144
121000228,38,511,-473
121000229,604,283,321
121000230,96,2436,-2340
121000231,2280,41,2239
121000232,376,266,110
121000233,987,457,530
121000234,4,48,-44
121000235,35,232,-197
121000236,1,23,-22
121000237,10,42,-32
121000238,1,42,-41
121000239,172,21,151
121000240,19,107,-88
121000241,70,11,59
121000242,4,103,-99
121000243,224,34,190
121000244,0,16,-16
121000245,31,4,27
121000246,0,56,-56
121000247,117,1,116
121000248,373,185,188
121000249,108,219,-111
121000250,688,805,-117
121000251,15,241,-226
121000252,162,76,86
121000253,574,739,-165
121000254,1355,371,984
121000255,107,393,-286
121000256,373,449,-76
121000257,22,199,-177
121000258,30,221,-191
121000259,17,161,-144
121000260,10,85,-75
121000261,60,209,-149
121000262,1425,239,1186
121000263,551,583,-32
121000271,930,1565,-635
121000273,34,12,22
121000274,14,262,-248
121000275,21,3,18
121000276,4,101,-97
121000278,123,109,14
121000279,40,120,-80
121000280,15,122,-107
121000289,597,27,570
121000290,890,1031,-141
121000294,500,30,470
121000297,203,1066,-863
121000299,129,5036,-4907
121000300,1525,551,974
121000302,5,528,-523
121000303,681,203,478
121000304,429,20,409
121000305,320,47,273
121000306,284,178,106
121000308,62,137,-75
121000309,124,180,-56
121000310,157,153,4
121000311,47,183,-136
121000312,381,241,140
121000313,153,135,18
121000314,8,35,-27
121000315,8,77,-69
121000530,2726,1204,1522
121000531,2332,1282,1050
121000532,4059,5359,-1300
121000533,3526,2344,1182
121000918,24,89,-65
121000919,19,151,-132
121000938,79,107,-28
121000939,23,232,-209
121000956,2433,2012,421
121000957,7,26,-19
121000958,6,143,-137
121000959,1699,282,1417
121000960,1672,1347,325
121000961,515,53,462
121000962,155,181,-26
121000973,1,520,-519
121000976,4,67,-63
121000979,192,137,55
121000981,654,94,560
121000982,626,375,251
121000983,941,99,842
121000984,3,45,-42
121000985,1493,576,917
121000986,1427,251,1176
121000987,196,527,-331
121000988,1904,70,1834
121001302,271,80,191
121001308,1,22,-21
121001309,29,601,-572
121001313,330,199,131
121001314,1897,1994,-97
121001315,4850,3630,1220
121900001,114,388,-274
121900002,60,207,-147
121900003,297,6,291
121900004,55,486,-431
121900005,40,7,33
121900006,172,20,152
121900007,1661,1374,287
121900008,72,90,-18
121900009,897,4,893
121900010,379,0,379
121900011,235,65,170
121900012,35,2,33
121900013,77,59,18
121900014,1955,295,1660
121900015,102,95,7
121900016,6,32,-26
121900017,671,645,26
121900018,456,5,451
121900019,616,152,464
121900020,28,8,20
121900021,1448,49,1399
121900022,238,132,106
121900023,196,350,-154
121900024,334,13,321
121900025,536,348,188
121900026,282,73,209
121900027,274,151,123
121900028,232,9,223
121900029,97,315,-218
121900030,399,370,29
121900031,1200,6993,-5793
121900032,135,75,60
121900033,87,200,-113
121900034,148,140,8
121900035,4234,2659,1575
121900036,136,227,-91
121900037,131,676,-545
121900038,28,26,2
121900039,281,37,244
121900040,34,49,-15
121900041,12,163,-151
121900042,691,130,561
121900043,1,5,-4
121900044,63,41,22
121900046,105,140,-35
121900047,81,39,42
121900048,84,36,48
121900050,47,56,-9
121900051,146,267,-121
121900052,156,20,136
121900053,392,355,37
121900054,380,934,-554
121900055,0,25,-25
121900058,384,174,210
121900059,248,135,113
121900060,140,378,-238
121900061,164,277,-113
121900062,59,63,-4
121900063,2015,256,1759
121900064,433,590,-157
121900066,84,27,57
121900067,131,21,110
121900069,87,123,-36
121900070,177,225,-48
121900071,1015,253,762
121900072,34,66,-32
121900073,232,213,19
121900074,360,466,-106
121900075,287,790,-503
121900076,413,830,-417
121900077,7,7,0
121900078,67,35,32
121900079,0,0,0
121900080,814,122,692
121900082,99,34,65
121900084,22,14,8
121900085,0,1,-1
121900086,32,52,-20
121900087,49,50,-1
121900088,1088,1251,-163
121900089,518,141,377
121900090,12,56,-44
121900091,109,5,104
121900092,197,60,137
121900093,64,56,8
121900094,14,6,8
121900095,386,103,283
121900096,1077,397,680
121900097,756,82,674
121900098,12,0,12
121900099,450,31,419
121900100,54,124,-70
121900101,137,46,91
121900102,4,39,-35
121900103,338,219,119
121900104,1950,237,1713
121900105,178,108,70
121900106,0,23,-23
121900107,177,32,145
121900108,0,4,-4
121900109,212,85,127
121900110,844,204,640
121900111,394,296,98
121900112,92,82,10
121900113,27,503,-476
121900114,45,77,-32
121900117,65,85,-20
121900118,1380,492,888
121900119,136,80,56
121900120,32,852,-820
121900121,410,24,386
121900122,78,52,26
121900123,235,312,-77
121900124,176,73,103
121900125,2139,952,1187
121900127,10,59,-49
121900128,96,36,60
121900129,128,105,23
121900130,40,211,-171
121900131,291,44,247
121900132,125,93,32
121900133,39,596,-557
121900134,4,270,-266
121900135,3852,272,3580
121900136,163,218,-55
121900137,10,310,-300
121900138,73,187,-114
121900139,342,1731,-1389
121900140,65,38,27
121900141,50,32,18
121900142,103,16,87
121900143,13,85,-72
121900144,149,428,-279
121900145,140,233,-93
121900146,399,293,106
121900147,63,156,-93
121900148,70,214,-144
121900149,367,161,206
121900150,63,87,-24
121900151,27,217,-190
121900152,169,60,109
121900153,2,128,-126
121900154,10,226,-216
121900155,0,429,-429
121900156,164,108,56
121900157,2,69,-67
121900158,124,100,24
121900159,0,95,-95
121900160,61,117,-56
121900161,62,173,-111
121900162,83,74,9
121900163,825,159,666
121900164,141,178,-37
121900165,144,114,30
121900166,140,68,72
121900167,102,29,73
121900168,113,28,85
121900169,21,143,-122
121900170,7,87,-80
121900171,633,391,242
121900172,412,268,144
121900173,551,319,232
121900174,67,23,44
121900175,62,752,-690
121900176,605,975,-370
121900177,152,90,62
121900178,72,31,41
121900179,175,241,-66
121900180,1071,7323,-6252
121900182,479,393,86
121900183,248,2306,-2058
121900184,8,851,-843
121900186,3,456,-453
121900187,7,53,-46
121900188,1091,123,968
121900189,26,70,-44
121900190,147,279,-132
121900191,35,256,-221
121900192,245,2100,-1855
121900193,66,88,-22
121900194,2,164,-162
121900195,3,19,-16
121900196,830,878,-48
121900197,388,471,-83
121900198,2408,2956,-548
121900199,2,45,-43
121900200,46,137,-91
121900201,617,1086,-469
121900202,124,823,-699
121900203,47,974,-927
121900204,1113,1966,-853
121900205,3,66,-63
121900206,10,39,-29
121900207,39,44,-5
121900208,94,377,-283
121900209,156,91,65
121900210,2780,1489,1291
121900211,419,211,208
121900212,14,138,-124
121900213,813,17,796
121900214,2,462,-460
121900215,52,146,-94
121900216,8,318,-310
121900217,95,232,-137
121900218,142,813,-671
121900220,87,6,81
121900221,312,307,5
121900222,392,40,352
121900223,88,115,-27
121900224,60,86,-26
121900225,67,384,-317
121900226,139,45,94
121900227,278,1257,-979
121900228,85,121,-36
121900230,42,283,-241
121900231,8,829,-821
121900232,66,335,-269
121900233,233,126,107
121900234,304,252,52
121900235,1075,71,1004
121900236,287,83,204
121900237,71,451,-380
121900238,132,192,-60
121900239,98,44,54
121900240,124,83,41
121900241,34,41,-7
121900242,7,0,7
121900243,8,0,8
121900244,8,1,7
121900245,312,35,277
121900246,7498,300,7198
121900247,166,193,-27
121900248,907,633,274
121900250,103,161,-58
121900251,497,25,472
121900252,232,105,127
121900253,116,738,-622
121900254,128,180,-52
121900255,422,58,364
121900258,4469,1694,2775
121900259,110,386,-276
121900260,234,59,175
121900261,36,472,-436
121900262,371,969,-598
121900263,299,219,80
121900264,459,710,-251
121900265,429,43,386
121900266,978,94,884
121900267,97,16,81
121900269,192,722,-530
121900270,73,213,-140
121900271,32,106,-74
121900273,448,1975,-1527
121900274,748,195,553
121900277,226,748,-522
121900278,151,864,-713
121900279,237,120,117
121900280,190,315,-125
121900281,113,204,-91
121900284,14,0,14
121900286,216,100,116
121900287,0,47,-47
121900288,3,3,0
121900290,114,1058,-944
121900291,274,681,-407
121900292,265,87,178
121900293,802,4393,-3591
121900294,347,14,333
121900295,183,65,118
121900296,134,143,-9
121900298,144,1084,-940
121900299,0,15,-15
121900300,58,10,48
121900301,31,1,30
121900302,16,77,-61
121900303,292,297,-5
121900304,31,19,12
121900305,19,29,-10
121900306,662,2,660
121900307,507,28,479
121900308,22,139,-117
121900309,1,85,-84
121900310,58,128,-70
121900311,628,10,618
121900312,499,15,484
121900313,611,13,598
121900314,2,6,-4
121900315,109,0,109
121900316,0,2,-2
121900317,74,10,64
121900318,0,0,0
121900319,68,369,-301
121900320,70,12,58
121900321,33,0,33
121900322,3,6,-3
121900323,16,25,-9
121900324,0,51,-51
121900325,23,0,23
121900326,8,25,-17
121900327,30,30,0
121900328,1,20,-19
121900329,10,91,-81
121900330,0,81,-81
121900331,21,168,-147
121900332,29,35,-6
121900333,142,4,138
121900334,25,31,-6
122000001,932,1923,-991
122000002,2375,367,2008
122000003,500,989,-489
122000004,792,593,199
122000005,4457,1667,2790
122000006,472,707,-235
122000007,345,774,-429
122000008,677,1805,-1128
122000009,240,347,-107
122000010,1590,1955,-365
122000011,2632,912,1720
122000012,407,1149,-742
122000013,481,1013,-532
122000014,5918,1135,4783
122000015,1056,481,575
122000016,334,404,-70
122000017,698,836,-138
122000018,1817,1287,530
122000019,642,1803,-1161
122000020,238,361,-123
122000021,138,269,-131
122000022,596,1032,-436
122000023,485,1172,-687
122000024,253,1409,-1156
122000025,322,1784,-1462
122000026,255,773,-518
122000027,400,514,-114
122000028,1167,491,676
122000029,260,545,-285
122000030,131,95,36
122000031,130,493,-363
122000032,2122,1586,536
122000033,357,1208,-851
122000034,216,729,-513
122000035,124,310,-186
122000036,410,368,42
122000037,343,226,117
122000038,116,200,-84
122000039,404,291,113
122000040,125,250,-125
122000041,960,829,131
122000042,246,584,-338
122000043,105,109,-4
122000044,59,73,-14
122000045,946,508,438
122000046,521,550,-29
122000047,47,143,-96
122000048,1664,3132,-1468
122000049,4189,2589,1600
122000050,515,484,31
122000051,162,571,-409
122000052,341,400,-59
122000053,202,1280,-1078
122000054,2262,1668,594
122000055,1316,2255,-939
122000056,2305,1735,570
122000057,1885,2007,-122
122000058,409,964,-555
122000059,545,1727,-1182
122000060,277,508,-231
122000061,139,303,-164
122000062,468,293,175
122000063,198,896,-698
122000064,2406,3358,-952
122000065,1750,2134,-384
122000066,552,1689,-1137
122000067,899,1313,-414
122000068,2528,1101,1427
122000069,1087,752,335
122000070,1432,1262,170
122000071,3764,1029,2735
122000072,623,504,119
122000073,176,773,-597
122000074,2236,1375,861
122000075,940,655,285
122000076,3247,1115,2132
122000077,501,1359,-858
122000078,393,1259,-866
122000079,115,1572,-1457
122000080,342,269,73
122000081,148,128,20
122000082,164,949,-785
122000083,5269,727,4542
122000084,4581,1426,3155
122000085,328,519,-191
122000086,1959,5885,-3926
122000087,201,191,10
122000088,64,170,-106
122000089,4174,3024,1150
122000090,436,1217,-781
122000091,76,572,-496
122000092,39,214,-175
122000093,1284,3827,-2543
122000094,5079,2244,2835
122000095,484,3044,-2560
122000096,482,2266,-1784
122000098,3656,3188,468
122000099,308,2393,-2085
122000100,384,337,47
122000101,235,465,-230
122000102,2911,1014,1897
122000103,1042,1568,-526
122000104,1689,169,1520
122000105,302,403,-101
122000106,405,1696,-1291
122000107,1052,274,778
122000108,645,399,246
122000109,278,199,79
122000110,559,351,208
122000111,1620,1013,607
122000112,1583,1529,54
122000113,531,338,193
122000114,1182,3423,-2241
122000115,4310,1866,2444
122000116,132,526,-394
122000117,873,396,477
122000118,941,311,630
122000119,1339,817,522
122000120,588,1354,-766
122000121,672,1229,-557
122000122,303,658,-355
122000123,909,1593,-684
122000124,471,264,207
122000125,230,417,-187
122000126,146,380,-234
122000127,184,470,-286
122000128,180,238,-58
122000129,203,2669,-2466
122000130,1948,669,1279
122000131,1113,352,761
122000132,155,202,-47
122000133,929,478,451
122000134,830,662,168
122000135,366,128,238
122000136,597,586,11
122000137,2814,509,2305
122000139,683,3422,-2739
122000140,100,972,-872
122000141,3330,1559,1771
122000142,90,1421,-1331
122000143,274,275,-1
122000144,2156,645,1511
122000145,689,1102,-413
122000146,413,1713,-1300
122000147,352,877,-525
122000148,274,1307,-1033
122000149,1265,494,771
122000150,1689,802,887
122000151,74,243,-169
122000152,270,255,15
122000153,324,210,114
122000154,175,138,37
122000155,687,1947,-1260
122000156,10635,4760,5875
122000157,548,10803,-10255
122000158,226,661,-435
122000159,1042,637,405
122000160,1847,906,941
122000161,958,705,253
122000162,429,988,-559
122000163,328,117,211
122000164,48,120,-72
122000165,916,1552,-636
122000166,494,1931,-1437
122000167,188,462,-274
122000168,214,1161,-947
122000169,312,168,144
122000170,241,154,87
122000171,24,50,-26
122000172,1745,1091,654
122000173,1553,1823,-270
122000174,1012,4761,-3749
122000175,419,276,143
122000176,320,1615,-1295
122000177,644,1766,-1122
122000178,3438,3302,136
122000179,2982,4381,-1399
122000180,478,877,-399
122000181,554,1238,-684
122000182,633,875,-242
122000183,1553,840,713
122000184,2916,2562,354
122000185,882,2531,-1649
122000186,559,1067,-508
122000187,1816,648,1168
122000188,246,130,116
122000189,197,206,-9
122000190,408,1628,-1220
122000191,536,556,-20
122000192,960,401,559
122000193,470,620,-150
122000194,424,185,239
122000195,161,1057,-896
122000196,1323,262,1061
122000197,632,550,82
122000198,222,2053,-1831
122000199,211,276,-65
122000200,676,673,3
122000201,876,2876,-2000
122000202,756,2910,-2154
122000203,1459,834,625
122000204,888,843,45
122000205,386,407,-21
122000206,4106,990,3116
122000207,1919,1672,247
122000208,1818,1255,563
122000209,2261,337,1924
122000210,1510,1833,-323
122000211,734,1425,-691
122000212,677,475,202
122000213,688,1348,-660
122000214,1624,1492,132
122000215,2153,2039,114
122000217,842,1654,-812
122000218,413,60,353
122000219,883,494,389
122000220,146,682,-536
122000221,86,316,-230
122000222,429,133,296
122000223,518,623,-105
122000225,637,302,335
122000226,1165,1381,-216
122000227,114,1221,-1107
122000228,181,222,-41
122000229,29,560,-531
122000230,10,324,-314
122000231,280,699,-419
122000232,339,350,-11
122000233,0,43,-43
122000234,822,74,748
122000235,471,47,424
122000236,1708,49,1659
122000237,64,76,-12
122000238,228,529,-301
122000239,543,359,184
122000240,1159,348,811
122000241,3443,335,3108
122000242,438,66,372
122000243,558,65,493
122000244,79,270,-191
122000245,178,43,135
122000246,634,280,354
122000247,642,578,64
122000248,833,552,281
122000249,1891,1120,771
122000250,1876,1104,772
122000251,73,137,-64
122000252,205,44,161
122000253,85,128,-43
122000254,539,41,498
122000255,369,465,-96
122000256,273,335,-62
122000257,384,127,257
122000258,452,213,239
122000259,35,162,-127
122000260,4,65,-61
122000261,22,173,-151
122000262,1,9,-8
122000263,217,81,136
122000264,1915,263,1652
122000265,2780,993,1787
122000266,3518,803,2715
122000267,44,108,-64
122000268,151,97,54
122000269,1105,169,936
122000270,575,181,394
122000271,140,2151,-2011
122000272,239,415,-176
122000273,572,143,429
122000274,204,163,41
122000275,27,155,-128
122000276,2059,699,1360
122000277,835,2597,-1762
122000278,2082,256,1826
122000279,203,259,-56
122000280,434,581,-147
122000281,520,283,237
122000282,75,689,-614
122000283,333,296,37
122000284,28,192,-164
122000285,311,94,217
122000286,77,258,-181
122000287,1920,1929,-9
122000288,383,316,67
122000291,2715,557,2158
122000293,131,98,33
122000294,153,517,-364
122000295,1149,97,1052
122000296,26,1037,-1011
122000297,1517,3782,-2265
122000299,581,205,376
122000300,272,450,-178
122000301,5657,4640,1017
122000302,416,5328,-4912
122000303,1319,812,507
122000304,15,228,-213
122000305,2223,322,1901
122000306,125,221,-96
122000307,64,121,-57
122000309,27,69,-42
122000310,12,64,-52
122000311,12,94,-82
122000312,123,174,-51
122000313,13,151,-138
122000314,311,409,-98
122000315,330,15,315
122000316,1816,242,1574
122000317,3437,178,3259
122000318,330,2566,-2236
122000319,101,180,-79
122000320,309,597,-288
122000321,58,97,-39
122000322,943,1622,-679
122000323,293,1255,-962
122000324,1734,1903,-169
122000325,751,1525,-774
122000326,185,44,141
122000327,143,593,-450
122000328,478,440,38
122000330,1345,1221,124
122000332,250,584,-334
122000333,36,48,-12
122000337,1551,566,985
122000338,447,119,328
122000340,116,3354,-3238
122000342,1237,636,601
122000343,521,334,187
122000344,110,14,96
122000345,16,38,-22
122000346,207,85,122
122000348,510,475,35
122000349,59,229,-170
122000351,402,167,235
122000352,95,115,-20
122000353,217,42,175
122000355,50,476,-426
122000356,244,1385,-1141
122000357,74,20,54
122000358,0,28,-28
122000359,0,15,-15
122000360,0,2,-2
122000362,18,6,12
122000364,457,147,310
122000365,1,48,-47
122000366,23,3,20
122000368,542,583,-41
122000370,32,38,-6
122000371,75,0,75
122000372,66,0,66
122000381,313,296,17
122000382,51,131,-80
122000384,957,980,-23
122000385,91,1,90
122000386,110,1889,-1779
122000387,358,1858,-1500
122000388,1533,914,619
122000389,146,838,-692
122000390,201,588,-387
122000391,51,1957,-1906
122000392,76,168,-92
122000393,35,256,-221
122000394,650,128,522
122000395,171,168,3
122000396,441,40,401
122000397,43,43,0
122000398,14,187,-173
122000399,171,28,143
122000400,19,1384,-1365
122000401,104,55,49
122000402,984,96,888
122000403,296,261,35
122000404,327,151,176
122000408,377,703,-326
122000503,1,84,-83
122000524,32,161,-129
122000544,115,2937,-2822
122000616,249,1,248
122000640,163,67,96
122000641,256,123,133
122000642,1487,476,1011
122000643,44,210,-166
122000644,91,45,46
122000645,54,123,-69
122000651,199,1442,-1243
122000664,259,49,210
122000665,1139,332,807
122000666,335,385,-50
122000673,53,122,-69
122000674,770,229,541
122000675,2917,547,2370
122000686,365,1532,-1167
122000687,2660,295,2365
122000688,250,366,-116
122000689,2583,219,2364
122000690,5484,327,5157
122000691,1089,458,631
122000692,1667,335,1332
122000693,316,478,-162
122000695,487,180,307
122000696,1146,86,1060
122000698,410,126,284
122000699,577,70,507
122000701,3298,239,3059
122000702,631,753,-122
122000703,177,26,151
122000712,0,0,0
122000717,91,92,-1
122000718,214,2162,-1948
122000719,7,80,-73
122000720,1260,98,1162
122000724,45,19,26
122900001,43,24,19
122900002,750,9338,-8588
122900003,639,5,634
122900004,4632,321,4311
122900005,42,362,-320
122900006,440,2496,-2056
122900007,22,71,-49
122900008,261,415,-154
122900009,351,287,64
122900010,178,107,71
122900012,229,295,-66
122900014,100,76,24
122900015,1006,660,346
122900016,138,132,6
122900017,277,945,-668
122900018,224,8,216
122900019,2,147,-145
122900020,209,650,-441
122900021,36,345,-309
122900022,1663,1180,483
122900023,1237,119,1118
122900024,106,100,6
122900025,33,327,-294
122900026,9,117,-108
122900027,54,620,-566
122900028,29,35,-6
122900029,5929,1870,4059
122900030,1698,217,1481
122900031,95,373,-278
122900032,592,316,276
122900033,152,117,35
122900034,2907,4025,-1118
122900035,48,8,40
122900036,70,58,12
122900037,477,253,224
122900038,57,2662,-2605
122900039,39,411,-372
122900040,276,925,-649
122900041,115,610,-495
122900042,128,157,-29
122900043,467,226,241
122900044,104,380,-276
122900045,105,135,-30
122900046,33,388,-355
122900047,119,109,10
122900048,16,337,-321
122900049,2671,53,2618
122900051,24,335,-311
122900052,99,57,42
122900053,47,24,23
122900055,298,68,230
122900057,332,18,314
122900061,626,43,583
122900062,482,1058,-576
122900063,226,112,114
122900064,921,539,382
122900065,468,129,339
122900066,573,124,449
122900067,538,380,158
122900068,125,173,-48
122900069,395,2561,-2166
122900070,427,51,376
122900071,76,208,-132
122900072,3,150,-147
122900073,43,63,-20
122900074,2009,177,1832
122900075,1,47,-46
122900076,3,106,-103
122900077,6,60,-54
122900078,424,51,373
122900080,12,27,-15
122900081,237,50,187
122900082,1881,73,1808
122900083,127,35,92
122900084,16,65,-49
122900086,3,41,-38
122900087,453,150,303
122900088,27,986,-959
122900089,18,484,-466
122900090,0,145,-145
122900091,983,2,981
122900092,0,82,-82
122900093,0,111,-111
122900094,0,105,-105
122900095,403,23,380
122900096,960,52,908
122900097,20,95,-75
122900098,8,182,-174
122900099,170,128,42
122900100,75,1471,-1396
122900101,410,232,178
122900102,101,79,22
122900103,581,22,559
122900104,752,6,746
122900105,30,46,-16
122900106,0,58,-58
122900107,9,57,-48
122900108,1,35,-34
123000001,601,706,-105
123000002,1776,5564,-3788
123000003,4957,3860,1097
123000004,2129,2915,-786
123000005,3887,1978,1909
123000006,1967,1167,800
123000007,4368,1977,2391
123000008,1854,2487,-633
123000009,4949,2624,2325
123000010,2567,2856,-289
123000011,1323,864,459
123000012,407,2522,-2115
123000013,5517,1056,4461
123000014,658,2248,-1590
123000015,2629,1022,1607
123000016,2109,1915,194
123000017,5079,1983,3096
123000018,122,71,51
123000019,1425,27,1398
123000020,817,58,759
123000021,618,839,-221
123000022,1376,3084,-1708
123000023,2151,2754,-603
123000024,2185,887,1298
123000025,509,91,418
123000026,17,100,-83
123000027,27,671,-644
123000028,495,3688,-3193
123000029,639,2094,-1455
123000030,427,210,217
123000031,764,175,589
123000032,1158,224,934
123000033,515,101,414
123000034,1303,836,467
123000035,332,489,-157
123000036,241,1193,-952
123000037,279,137,142
123000038,33,238,-205
123000039,466,1267,-801
123000040,419,137,282
123000041,477,1016,-539
123000042,305,841,-536
123000043,1350,14440,-13090
123000044,2311,1699,612
123000045,2306,1272,1034
123000046,166,1018,-852
123000047,317,479,-162
123000048,121,1913,-1792
123000049,4185,8679,-4494
123000050,2914,1492,1422
123000051,126,314,-188
123000052,971,2392,-1421
123000053,2119,1956,163
123000054,3010,2169,841
123000055,2104,5456,-3352
123000056,1065,557,508
123000057,2759,4724,-1965
123000058,727,1704,-977
123000059,135,405,-270
123000060,1420,325,1095
123000061,385,382,3
123000063,1620,1289,331
123000064,2098,135,1963
123000065,2342,2618,-276
123000066,304,417,-113
123000067,1044,270,774
123000068,1323,1297,26
123000069,1872,882,990
123000070,126,239,-113
123000071,3133,346,2787
123000072,952,300,652
123000073,3006,585,2421
123000074,946,485,461
123000075,425,2120,-1695
123000076,1007,208,799
123000077,1659,843,816
123000078,3384,680,2704
123000079,3654,1027,2627
123000080,2704,563,2141
123000081,188,186,2
123000082,173,392,-219
123000083,1095,156,939
123000084,749,336,413
123000085,834,84,750
123000086,1601,53,1548
123000087,611,167,444
123000088,1171,279,892
123000089,1485,618,867
123000090,1525,628,897
123000091,1986,1158,828
123000092,878,1061,-183
123000094,1101,73,1028
123000095,1672,362,1310
123000096,1630,179,1451
123000097,760,172,588
123000098,1632,166,1466
123000099,1022,174,848
123000100,172,571,-399
123000101,277,198,79
123000102,355,962,-607
123000104,433,433,0
123000105,212,77,135
123000106,788,277,511
123000107,302,102,200
123000108,328,537,-209
123000111,1727,277,1450
123000112,2313,288,2025
123000113,548,345,203
123000114,291,808,-517
123000115,609,437,172
123000116,94,36,58
123000117,3692,1288,2404
123000118,684,228,456
123000119,320,260,60
123000120,184,311,-127
123000121,621,449,172
123000122,298,120,178
123000123,853,271,582
123000124,381,175,206
123000125,1659,728,931
123000126,1103,4096,-2993
123000127,478,288,190
123000128,289,89,200
123000129,1679,69,1610
123000130,1937,33,1904
123000131,2176,831,1345
123000132,313,264,49
123000133,171,83,88
123000134,216,48,168
123000135,4168,704,3464
123000136,217,211,6
123000137,309,84,225
123000138,226,160,66
123000139,1270,42,1228
123000140,31,377,-346
123000141,435,34,401
123000142,1168,708,460
123000143,826,1280,-454
123000144,1,26,-25
123000145,173,281,-108
123000146,41,229,-188
123000147,56,327,-271
123000149,353,168,185
123000150,86,97,-11
123000151,107,366,-259
123000152,19,272,-253
123000153,85,897,-812
123000154,779,2305,-1526
123000155,1148,1914,-766
123000156,29,55,-26
123000157,889,966,-77
123000158,366,1216,-850
123000159,2152,5202,-3050
123000160,968,1721,-753
123000161,1438,1613,-175
123000162,2097,2255,-158
123000163,1218,198,1020
123000164,3476,188,3288
123000165,129,703,-574
123000166,6,85,-79
123000167,129,71,58
123000168,403,87,316
123000169,1557,68,1489
123000170,230,26,204
123000171,2340,17,2323
123000172,81,254,-173
123000173,761,248,513
123000174,920,570,350
123000175,224,664,-440
123000176,973,336,637
123000177,221,426,-205
123000178,1269,230,1039
123000179,6,383,-377
123000180,1705,219,1486
123000181,239,438,-199
123000182,375,77,298
123000183,204,622,-418
123000184,43,339,-296
123000185,1310,757,553
123000186,1,142,-141
123000187,688,31,657
123000188,596,3,593
123000189,231,93,138
123000190,79,51,28
123000192,6,148,-142
123000193,14,179,-165
123000194,151,118,33
123000195,325,8,317
123000196,693,38,655
123000197,134,145,-11
123000198,116,164,-48
123000199,90,190,-100
123000200,698,11,687
123000201,1616,20,1596
123000202,19,215,-196
123000203,1781,28,1753
123000204,19,344,-325
123000205,124,434,-310
123000206,3531,187,3344
123000207,87,308,-221
123000208,1243,61,1182
123000209,2023,417,1606
123000210,74,637,-563
123000211,222,797,-575
123000212,5579,264,5315
123000213,701,67,634
123000215,86,148,-62
123000216,205,1788,-1583
123000217,230,44,186
123000218,22,475,-453
123000219,435,159,276
123000220,741,193,548
123000221,278,82,196
123000222,604,165,439
123000223,1247,114,1133
123000224,744,164,580
123000225,555,43,512
123000226,275,223,52
123000227,142,177,-35
123000228,535,28,507
123000229,497,496,1
123000232,69,296,-227
123000233,1143,78,1065
123000234,85,373,-288
123000235,2320,166,2154
123000236,378,380,-2
123000237,1016,185,831
123000238,18,253,-235
123000239,270,313,-43
123000240,59,980,-921
123000241,168,32,136
123000242,207,130,77
123000243,890,659,231
123000244,670,382,288
123000245,2,133,-131
123000249,251,596,-345
123000252,1004,427,577
123000253,2467,368,2099
123000254,649,361,288
123000255,1008,643,365
123000256,12,109,-97
123000257,1282,948,334
123000258,598,238,360
123000259,435,334,101
123000260,935,163,772
123000261,554,115,439
123000262,38,61,-23
123000263,752,47,705
123000264,216,69,147
123000265,9,61,-52
123000266,489,455,34
123000267,997,248,749
123000268,34,38,-4
123000269,39,38,1
123000270,55,42,13
123000271,13,24,-11
123000272,739,233,506
123000273,281,1011,-730
123000274,1523,669,854
123000275,150,570,-420
123000278,1109,4403,-3294
123000279,380,112,268
123000280,265,209,56
123000281,366,63,303
123000282,95,177,-82
123000283,301,90,211
123000284,36,63,-27
123000286,95,394,-299
123000287,201,200,1
123000288,780,1691,-911
123000289,104,1888,-1784
123000291,97,540,-443
123000294,144,177,-33
123000295,581,1204,-623
123000296,879,559,320
123000297,1359,218,1141
123000298,2175,287,1888
123000299,162,103,59
123000300,1725,797,928
123000301,252,514,-262
123000302,322,43,279
123000303,90,802,-712
123000305,417,570,-153
123000306,451,81,370
123000309,40,74,-34
123000310,92,40,52
123000311,0,51,-51
123000312,443,172,271
123000313,738,1289,-551
123000315,431,138,293
123000316,1097,424,673
123000317,277,154,123
123000318,18,242,-224
123000329,10,8,2
123000337,289,159,130
123000338,138,185,-47
123000339,663,49,614
123000340,73,171,-98
123000342,9,43,-34
123000343,155,19,136
123000344,319,56,263
123000345,298,146,152
123000346,835,89,746
123000352,935,452,483
123000353,121,41,80
123000354,782,27,755
123000355,3,420,-417
123000356,616,32,584
123000357,1,74,-73
123000359,3,61,-58
123000360,188,396,-208
123000361,459,175,284
123000362,688,47,641
123000363,225,104,121
123000364,433,519,-86
123000365,5,294,-289
123000366,239,3282,-3043
123000367,187,290,-103
123000370,53,218,-165
123000371,932,145,787
123000372,539,57,482
123000373,1,168,-167
123000374,12,67,-55
123000375,483,212,271
123000376,1206,782,424
123000377,1071,13,1058
123000378,10,145,-135
123000379,6,245,-239
123000380,6,209,-203
123000381,60,141,-81
123000382,587,132,455
123000383,31,551,-520
123000384,1038,163,875
123000385,135,372,-237
123000436,113,1720,-1607
123000507,16,76,-60
123000508,119,1281,-1162
123000517,164,7,157
123000518,7,44,-37
123000519,157,52,105
123000520,17,63,-46
123000521,755,51,704
123000522,143,81,62
123000541,45,9,36
123000542,0,2,-2
123000565,1027,66,961
123000566,767,114,653
123000567,206,84,122
123000573,31,373,-342
123000574,1719,98,1621
123000575,3903,294,3609
123000576,1191,503,688
123000577,89,438,-349
123000578,740,33,707
123000579,746,7601,-6855
123000580,96,124,-28
123000582,752,29,723
123000583,9,157,-148
123000584,167,67,100
123000585,0,15,-15
123000586,309,0,309
123000596,40,32,8
123000597,121,199,-78
123000602,261,26,235
123000603,2143,216,1927
123000604,1419,280,1139
123000605,1061,81,980
123000606,0,770,-770
123000609,18,268,-250
123000610,50,116,-66
123000613,144,39,105
123000614,556,42,514
123000615,107,57,50
123000616,1457,44,1413
123000617,109,76,33
123000618,18,248,-230
123000619,766,20,746
123000620,2,142,-140
123000622,1187,27,1160
123000624,600,70,530
123000630,3092,851,2241
123000631,320,467,-147
123000632,648,355,293
123000633,2,209,-207
123000634,25,684,-659
123000635,53,224,-171
123000636,54,281,-227
123000637,239,24,215
123000638,1195,35,1160
123000639,1192,9072,-7880
123000640,19,203,-184
123000648,1034,28,1006
123000649,14,301,-287
123900001,1456,35,1421
123900002,12,1133,-1121
123900003,109,241,-132
123900005,453,245,208
123900006,806,66,740
124000001,3240,284,2956
124000002,14,496,-482
124000003,1802,275,1527
124000004,91,232,-141
124000005,1509,2998,-1489
124000006,176,361,-185
124000007,1272,210,1062
124000008,6,766,-760
124000009,1125,654,471
124000010,658,656,2
124000011,1567,1026,541
124000012,538,155,383
124000017,364,86,278
124000018,88,119,-31
124000019,270,74,196
124000020,68,81,-13
124000021,174,68,106
124000022,52,146,-94
124000023,1809,1522,287
124000024,803,244,559
124000025,1394,1538,-144
124000026,928,828,100
124000027,2940,1965,975
124000028,1298,3351,-2053
124000030,1642,965,677
124000031,923,17408,-16485
124000032,883,466,417
124000033,820,2244,-1424
124000034,877,1135,-258
124000035,545,182,363
124000036,265,804,-539
124000037,304,439,-135
124000038,12,81,-69
124000039,342,204,138
124000040,181,655,-474
124000041,1215,184,1031
124000042,372,269,103
124000043,281,50,231
124000044,125,106,19
124000045,2690,228,2462
124000046,181,498,-317
124000047,4520,311,4209
124000048,1482,273,1209
124000049,3235,238,2997
124000050,948,463,485
124000051,2546,206,2340
124000052,644,313,331
124000053,421,3698,-3277
124000054,433,165,268
124000055,1089,7816,-6727
124000056,789,592,197
124000057,2465,182,2283
124000058,844,674,170
124000059,1738,1298,440
124000060,417,415,2
124000061,1497,8456,-6959
124000062,1934,778,1156
124000063,1105,547,558
124000064,1058,749,309
124000065,52,1659,-1607
124000066,102,178,-76
124000067,157,104,53
124000068,187,341,-154
124000069,613,78,535
124000070,735,143,592
124000071,268,87,181
124000072,543,274,269
124000073,1196,57,1139
124000074,280,255,25
124000075,761,42,719
124000076,98,47,51
124000077,369,483,-114
124000078,1576,575,1001
124000079,265,735,-470
124000080,1661,203,1458
124000081,298,356,-58
124000082,219,88,131
124000083,5,56,-51
124000084,22,1500,-1478
124000085,36,9,27
124000086,11,307,-296
124000087,41,200,-159
124000088,176,226,-50
124000089,716,113,603
124000090,158,162,-4
124000091,837,70,767
124000092,504,370,134
124000093,214,83,131
124000094,146,442,-296
124000095,203,61,142
124000096,201,87,114
124000097,236,94,142
124000098,271,22,249
124000099,401,53,348
124000100,81,81,0
124000101,203,139,64
124000102,70,18,52
124000103,309,119,190
124000104,96,11,85
124000105,297,81,216
124000106,114,25,89
124000107,60,292,-232
124000108,44,9,35
124000109,198,93,105
124000110,114,30,84
124000111,286,99,187
124000112,1609,317,1292
124000113,226,152,74
124000114,773,248,525
124000115,422,533,-111
124000116,70,273,-203
124000117,17,38,-21
124000118,18,41,-23
124000119,1206,515,691
124000120,899,295,604
124000121,942,1084,-142
124000122,503,1621,-1118
124000123,565,243,322
124000124,584,496,88
124000125,514,219,295
124000126,308,286,22
124000127,1154,234,920
124000128,715,255,460
124000129,1533,880,653
124000130,383,191,192
124000131,722,538,184
124000132,413,407,6
124000133,1448,779,669
124000134,666,316,350
124000135,1372,1626,-254
124000136,356,497,-141
124000137,814,679,135
124000138,568,479,89
124000139,357,55,302
124000140,26,559,-533
124000141,922,17,905
124000142,47,275,-228
124000143,50,30,20
124000144,14,152,-138
124000145,121,113,8
124000146,9,169,-160
124000148,9,49,-40
124000149,1365,226,1139
124000150,327,431,-104
124000151,1741,259,1482
124000152,846,620,226
124000153,1290,528,762
124000154,659,444,215
124000155,892,771,121
124000156,886,591,295
124000169,137,931,-794
124000170,516,372,144
124000171,376,480,-104
124000172,268,283,-15
124000173,1394,214,1180
124000174,813,306,507
124000175,12,98,-86
124000176,91,39,52
124000177,0,56,-56
124000178,79,114,-35
124000190,40,63,-23
124000191,115,423,-308
124000192,1385,1040,345
124000193,137,4558,-4421
124000194,235,238,-3
124000195,406,410,-4
124000196,487,498,-11
124000197,100,16,84
124000198,101,20,81
124000201,69,337,-268
124000202,1026,118,908
124000203,1706,126,1580
124000204,3832,253,3579
124000205,226,274,-48
124000206,2665,312,2353
124000207,0,12,-12
124000209,165,112,53
124000210,2327,347,1980
124000211,1736,1,1735
124000212,0,85,-85
124000213,1495,141,1354
124000214,1264,242,1022
124000215,1608,11,1597
124000216,1,197,-196
124000329,61,543,-482
124000338,42,267,-225
124000339,5791,20,5771
124000341,4213,41,4172
124000344,224,93,131
124000357,1223,3501,-2278
124000358,575,2127,-1552
124000359,1724,708,1016
124000360,2062,428,1634
124000361,4081,1235,2846
124000362,1695,3299,-1604
124000363,744,221,523
124000364,567,274,293
124000365,1047,564,483
124000366,2516,505,2011
124000367,43,212,-169
124000368,278,2897,-2619
124000369,86,83,3
124000370,51,833,-782
124000402,47,42,5
124000403,228,48,180
124000404,43,31,12
124000405,692,447,245
124000406,576,253,323
124000407,2,26,-24
124000411,3,375,-372
124000412,886,12,874
124000413,136,343,-207
124000414,204,42,162
124000415,69,33,36
124000416,145,74,71
124000417,563,92,471
124000418,563,32,531
124000419,102,20,82
124000420,368,6,362
124000421,67,57,10
124000422,23,17,6
124000423,222,33,189
124000424,2,40,-38
124000425,165,234,-69
124000426,50,91,-41
124000427,517,23,494
124000428,3,1069,-1066
124000429,238,30,208
124000430,1216,459,757
124000431,546,195,351
124000432,603,668,-65
124000439,53,6,47
124000443,2,10,-8
124000445,186,4496,-4310
124000446,1174,541,633
124900001,1589,124,1465
124900002,258,73,185
124900003,1582,216,1366
124900004,1616,110,1506
124900005,193,32,161
124900006,1519,135,1384
124900008,506,344,162
124900009,37,558,-521
124900010,455,83,372
124900011,1464,151,1313
124900012,200,65,135
124900013,766,77,689
124900014,202,29,173
124900015,190,678,-488
124900016,201,242,-41
124900017,174,7132,-6958
124900018,288,19,269
124900020,199,18,181
124900021,612,47,565
124900022,114,3,111
124900024,975,12,963
124900026,74,33,41
124900027,222,203,19
124900028,189,50,139
124900029,33,805,-772
124900030,2,40,-38
124900031,18,150,-132
124900032,125,70,55
124900033,93,104,-11
124900034,3,73,-70
124900035,98,72,26
124900036,1,54,-53
124900037,156,68,88
124900038,72,148,-76
124900039,6,97,-91
124900040,134,14,120
124900041,235,352,-117
124900042,26,3,23
124900043,476,270,206
124900044,74,0,74
124900045,161,824,-663
124900046,161,98,63
124900047,19,35,-16
124900048,207,58,149
124900050,151,65,86
124900052,168,97,71
124900053,304,111,193
124900054,865,507,358
124900055,1,91,-90
124900057,1,215,-214
124900060,43,239,-196
124900061,236,0,236
124900062,209,16,193
124900066,0,9,-9
124900067,5,55,-50
124900068,154,1163,-1009
124900070,25,34,-9
124900072,324,22,302
124900075,1143,108,1035
124900076,42,3137,-3095
124900077,23,64,-41
124900078,166,8,158
124900079,156,244,-88
124900080,526,192,334
124900081,2289,98,2191
124900082,299,255,44
124900083,462,217,245
124900085,298,332,-34
124900086,13,930,-917
124900087,107,24,83
124900088,84,68,16
124900089,498,3,495
124900090,1055,116,939
124900091,395,81,314
124900092,369,75,294
124900093,736,74,662
124900094,1004,124,880
124900095,202,663,-461
124900096,277,90,187
124900097,563,19,544
124900098,280,262,18
124900099,82,535,-453
124900100,604,7,597
124900101,162,167,-5
124900102,671,24,647
124900103,163,81,82
124900104,37,51,-14
124900105,126,35,91
124900106,445,37,408
124900107,325,9,316
124900108,243,162,81
124900111,3,398,-395
124900112,389,230,159
124900113,46,116,-70
124900114,45,136,-91
124900115,19,69,-50
124900116,803,588,215
124900117,157,297,-140
124900118,52,1828,-1776
124900119,584,349,235
124900120,42,118,-76
124900121,86,752,-666
124900122,55,121,-66
124900123,112,75,37
124900124,11,107,-96
204000001,312,14,298
204000002,6,4,2
204000003,7,0,7
204000004,8,1,7
204000005,372,265,107
204000006,1179,1162,17
204000011,3,4,-1
204000012,59,31,28
204000019,1395,302,1093
204000020,1835,187,1648
204000021,891,865,26
204000022,1462,709,753
204000023,666,261,405
204000031,48,3,45
204000032,215,2,213
204000034,62,59,3
204000035,0,2,-2
204000036,5,70,-65
204000037,4,19,-15
204000038,0,19,-19
204000039,8,20,-12
204000040,3,14,-11
204000041,4,17,-13
204000042,18,6,12
204000043,67,7,60
204000044,96,2,94
204000045,72,15,57
204000046,36,20,16
204000057,19,11,8
204000062,45,48,-3
204000068,29,268,-239
204000069,132,477,-345
204000070,46,34,12
204000080,70,44,26
204000085,1077,556,521
204000086,1710,665,1045
204000087,96,2,94
204000088,0,16,-16
204000090,153,164,-11
204000093,1130,25,1105
204000096,1999,361,1638
204000097,812,39,773
204000099,991,2348,-1357
204000100,1641,945,696
204000105,1270,471,799
204000110,560,538,22
204000111,542,480,62
204000112,391,241,150
204000113,238,383,-145
204000114,1342,1181,161
204000115,1754,206,1548
204000116,674,250,424
204000119,3412,867,2545
204000132,560,749,-189
204000133,944,117,827
204000134,420,47,373
204000135,1028,20,1008
204000136,737,203,534
204000138,248,1095,-847
204000140,322,92,230
204000141,207,27,180
204000144,3,13,-10
204000145,911,27,884
204000146,18,93,-75
204000147,11,159,-148
204000148,155,29,126
204000154,5,1,4
204000155,2,6,-4
204000177,32,28,4
204000179,4,19,-15
204000180,0,45,-45
204000222,12,3,9
204000235,136,48,88
204000236,40,75,-35
204000238,8,15,-7
204000240,386,47,339
204000263,579,698,-119
204000268,524,180,344
204000308,60,10,50
204000317,26,105,-79
204000322,50,151,-101
204000323,5,3,2
204000328,350,21,329
204000329,121,22,99
204000330,265,18,247
204000331,145,62,83
205000001,607,963,-356
205000013,40,129,-89
205000014,153,89,64
205000015,141,31,110
205000016,66,39,27
205000017,86,39,47
205000022,383,307,76
205000025,1370,335,1035
205000029,959,6,953
205000045,185,146,39
205000046,192,120,72
205000047,69,80,-11
205000048,438,144,294
205000049,217,179,38
205000050,272,82,190
205000059,3,251,-248
205000060,1,347,-346
205000061,5,958,-953
205000062,3,1011,-1008
205000063,44,1054,-1010
205000064,86,319,-233
205000065,353,816,-463
205000066,324,268,56
205000067,261,265,-4
205000069,157,5,152
205000082,135,149,-14
205000110,20,60,-40
205000111,93,48,45
205000112,104,76,28
205000113,63,87,-24
205000121,86,45,41
205000123,144,34,110
205000126,654,83,571
205000127,697,90,607
205000128,369,62,307
205000129,1103,92,1011
205000130,293,25,268
205000131,20,15,5
205000132,49,10,39
205000133,29,1,28
205000134,254,0,254
205000137,328,24,304
205000138,440,92,348
205000139,38,20,18
205000144,140,40,100
205000145,139,64,75
205000151,134,49,85
205000152,121,33,88
205000153,209,50,159
205000154,64,31,33
205000155,103,9,94
205000207,0,29,-29
205000233,23,1,22
205000234,0,3,-3
205000243,0,0,0
205000244,0,0,0
205000245,4,47,-43
205000249,0,14,-14
205000250,3,1,2
205000264,18,75,-57
206000027,4,14,-10
206000028,46,13,33
206000043,2,47,-45
206000053,1,4,-3
206000054,2,25,-23
206000055,0,8,-8
206000075,11,8,3
206000076,51,16,35
206000077,58,2,56
206000078,10,7,3
206000079,34,17,17
206000082,336,97,239
206000100,6,329,-323
206000103,0,0,0
206000104,0,1,-1
206000105,0,0,0
206000106,0,2,-2
206000108,975,48,927
206000125,244,0,244
206000157,4,178,-174
206000170,0,59,-59
206000171,15,104,-89
206000172,25,76,-51
206000173,1,70,-69
206000174,10,38,-28
206000175,0,28,-28
206000176,14,49,-35
206000177,1,38,-37
206000178,0,296,-296
206000179,1,85,-84
206000180,4,17,-13
206000181,2,9,-7
206000182,6,24,-18
206000183,6,50,-44
206000184,0,41,-41
206000185,3,27,-24
206000186,64,202,-138
206000223,1,140,-139
206000226,50,4,46
206000227,115,6,109
206000237,47,67,-20
206000238,26,305,-279
206000239,183,1027,-844
206000240,0,0,0
206000241,0,35,-35
206000242,4,56,-52
206000243,15,35,-20
206000244,19,99,-80
206000245,3721,24,3697
206000246,716,8,708
206000247,1062,5,1057
206000248,1333,15,1318
206000252,87,45,42
206000258,0,3,-3
206000315,72,11,61
206000317,626,245,381
206000318,951,87,864
206000319,2995,85,2910
206000320,720,52,668
206000321,926,13,913
206000322,1948,8,1940
206000323,794,5,789
206000324,804,2,802
206000325,536,13,523
206000326,410,30,380
206000327,59,35,24
206000328,828,6,822
206000329,1289,4,1285
206000330,396,1,395
206000331,712,0,712
206000332,106,0,106
206000333,2813,1,2812
206000334,1578,7,1571
206000335,0,24,-24
206000361,2,42,-40
206000392,4,7,-3
206000405,705,1,704
206000441,120,21,99
206000498,126,5,121
206000515,61,39,22
206000530,543,69,474
206000531,264,358,-94
206000532,1236,300,936
206000535,77,2548,-2471
206000536,20,74,-54
206000537,14,115,-101
206000613,1002,266,736
207000001,193,248,-55
207000002,90,196,-106
207000003,99,113,-14
207000007,2201,95,2106
207000008,496,7,489
207000009,100,38,62
207000010,264,127,137
207000012,668,85,583
207000015,150,313,-163
207000019,534,32,502
207000021,377,280,97
207000022,388,173,215
207000023,445,70,375
207000024,1,23,-22
207000025,29,74,-45
207000026,92,32,60
207000027,22,48,-26
207000028,95,129,-34
207000029,286,174,112
207000033,306,180,126
207000034,374,27,347
207000039,1176,17,1159
207000040,1013,23,990
207000041,203,12,191
207000042,777,24,753
207000043,404,156,248
207000051,62,202,-140
207000052,13,72,-59
207000053,324,226,98
207000054,50,28,22
207000055,150,58,92
207000056,208,162,46
207000057,116,75,41
207000058,109,153,-44
207000059,65,213,-148
207000060,48,359,-311
207000061,81,2030,-1949
207000062,1299,45,1254
207000063,1337,45,1292
207000064,727,34,693
207000065,402,125,277
207000066,896,234,662
207000067,142,68,74
207000068,236,23,213
207000069,1327,201,1126
207000082,27,63,-36
207000083,48,112,-64
207000084,533,103,430
207000085,287,38,249
207000086,724,10,714
207000106,105,12,93
207000107,181,9,172
207000108,234,7,227
207000109,217,2,215
207000110,83,5,78
207000111,173,31,142
207000112,15,530,-515
207000114,15,16,-1
207000115,45,32,13
207000116,4,189,-185
207000117,3,31,-28
207000118,0,32,-32
207000119,25,50,-25
207000123,383,4,379
207000124,243,12,231
207000125,44,7,37
207000126,89,8,81
207000134,484,69,415
207000135,139,99,40
207000148,165,321,-156
207000149,18,13,5
207000152,204,411,-207
207000153,311,456,-145
207000154,508,129,379
207000159,40,85,-45
207000160,120,156,-36
207000238,0,31,-31
207000242,0,42,-42
207000248,17,32,-15
207000249,68,14,54
207000250,211,49,162
207000251,48,107,-59
207000252,23,27,-4
207000278,282,81,201
207000279,12,70,-58
207000280,1111,19,1092
207000281,123,213,-90
207000282,26,592,-566
207000283,7,116,-109
207000284,48,2457,-2409
207000285,39,90,-51
207000291,5,55,-50
207000304,71,39,32
207000306,67,169,-102
207000310,333,120,213
207000353,99,2,97
207000356,18,37,-19
207000357,2,30,-28
207000358,1,16,-15
207000415,4,40,-36
207000417,28,6,22
207000418,102,47,55
207000438,0,3,-3
207000439,467,95,372
207000446,131,11,120
207000460,246,7,239
207000466,48,86,-38
207000467,894,28,866
207000468,37,124,-87
207000476,16,14,2
207000477,478,18,460
207000478,1,20,-19
207000523,0,2,-2
207000524,21,0,21
207000527,509,73,436
207000530,771,5,766
207000531,269,3,266
207000532,76,82,-6
207000534,149,7,142
207000535,4,106,-102
207000537,5,10,-5
207000540,1,21,-20
207000541,1,43,-42
207000548,1,101,-100
207000549,275,8,267
207000561,193,87,106
207000562,21,72,-51
207000567,43,141,-98
207000568,890,65,825
207000569,1844,158,1686
207000584,13,96,-83
207000585,9,36,-27
207000587,297,16,281
207000616,0,29,-29
207000617,346,0,346
207000624,41,54,-13
207000631,4,19,-15
207900008,845,39,806
208000001,990,608,382
208000002,910,472,438
208000003,959,305,654
208000004,899,687,212
208000005,3,22,-19
208000019,2042,202,1840
208000020,499,129,370
208000021,307,163,144
208000022,630,197,433
208000028,881,1617,-736
208000033,282,119,163
208000034,317,676,-359
208000037,935,48,887
208000040,520,115,405
208000041,1314,491,823
208000042,2531,503,2028
208000047,93,74,19
208000064,2514,941,1573
208000066,1290,733,557
208000070,873,621,252
208000071,1375,199,1176
208000072,1419,309,1110
208000080,421,534,-113
208000081,496,248,248
208000082,886,118,768
208000083,370,193,177
208000084,10,170,-160
208000085,909,325,584
208000086,831,507,324
208000087,705,398,307
208000089,1296,190,1106
208000090,911,297,614
208000093,24,93,-69
208000094,411,241,170
208000095,827,401,426
208000104,2716,243,2473
208000105,1228,364,864
208000114,182,315,-133
208000115,890,374,516
208000116,2247,1948,299
208000117,37,117,-80
208000118,220,470,-250
208000155,1020,744,276
208000158,1820,1973,-153
208000186,1212,1279,-67
208000204,899,715,184
208000205,1934,492,1442
208000282,998,517,481
209000004,776,140,636
209000005,171,26,145
209000006,359,145,214
209000007,489,417,72
209000010,96,231,-135
209000011,57,235,-178
209000012,55,99,-44
209000013,314,61,253
209000014,470,156,314
209000025,715,66,649
209000026,1630,215,1415
209000027,307,119,188
209000028,279,116,163
209000029,439,664,-225
209000030,463,770,-307
209000031,2326,609,1717
209000034,244,412,-168
209000035,294,472,-178
209000036,664,112,552
209000037,763,141,622
209000038,339,110,229
209000039,178,122,56
209000040,374,316,58
209000041,304,227,77
209000042,336,107,229
209000043,598,347,251
209000044,404,391,13
209000045,620,193,427
209000046,709,225,484
209000047,854,311,543
209000048,856,591,265
209000049,78,38,40
209000050,254,66,188
209000051,367,70,297
209000052,269,74,195
209000062,146,45,101
209000063,144,28,116
209000064,60,20,40
209000065,350,31,319
209000066,293,18,275
209000067,416,9,407
209000080,3,111,-108
209000082,254,18,236
209000091,13,69,-56
209000093,68,100,-32
209000094,37,127,-90
209000110,86,63,23
209000111,364,3055,-2691
209000112,1831,417,1414
209000113,4052,658,3394
209000114,1725,694,1031
209000115,94,61,33
209000116,196,161,35
209000118,15,84,-69
209000119,19,107,-88
209000121,107,286,-179
209000135,127,91,36
209000142,958,5179,-4221
209000143,11,65,-54
209000144,144,225,-81
209000229,347,97,250
209000240,21,148,-127
209000259,26,26,0
209000260,26,201,-175
209000261,26,143,-117
209000262,1,99,-98
209000263,0,187,-187
209000264,0,147,-147
209000265,385,1,384
209000266,107,0,107
209000267,1901,1,1900
209000268,690,85,605
210000037,215,37,178
210000047,121,10,111
210000048,189,47,142
210000049,206,4,202
210000052,234,24,210
210000053,70,22,48
210000054,19,63,-44
210000070,311,13,298
210000071,139,8,131
210000072,48,0,48
210000073,0,7,-7
210000074,1,26,-25
210000075,1,43,-42
210000076,1,80,-79
210000077,12,109,-97
210000078,8,180,-172
210000079,21,25,-4
210000080,84,309,-225
210000081,247,13,234
210000082,38,1,37
210000083,91,1,90
210000084,112,1,111
210000085,0,48,-48
210000086,0,49,-49
210000099,37,127,-90
210000100,38,88,-50
210000101,48,85,-37
210000105,5,287,-282
210000159,0,353,-353
210000163,19,94,-75
210000164,398,162,236
210000168,480,46,434
210000187,0,7,-7
210000188,0,9,-9
210000214,17,0,17
210000219,214,40,174
210000220,292,7,285
210000232,6,20,-14
210000233,23,15,8
210000234,34,20,14
210000235,116,35,81
210000245,4,22,-18
210000246,9,0,9
210000258,5,70,-65
210000259,473,25,448
210000282,11,48,-37
210000285,0,153,-153
210000286,37,122,-85
210000290,0,16,-16
210000295,77,203,-126
210000296,121,33,88
210000320,614,18,596
210000321,514,20,494
210000338,46,99,-53
210000339,63,763,-700
210000340,56,142,-86
210000341,180,105,75
210000342,290,110,180
210000343,163,157,6
210000344,106,172,-66
210000345,145,436,-291
210000346,43,275,-232
210000347,16,314,-298
210000348,182,228,-46
210000349,76,173,-97
210000350,206,71,135
210000351,306,35,271
210000352,52,32,20
210000353,52,18,34
210000354,71,13,58
210000355,45,276,-231
210000356,25,479,-454
210000357,48,377,-329
210000358,592,481,111
210000359,129,367,-238
210000360,361,337,24
210000361,383,110,273
210000362,662,115,547
210000363,872,138,734
210000364,555,124,431
210000365,517,85,432
210000366,495,49,446
210000367,283,25,258
210000368,393,61,332
210000369,119,104,15
210000370,202,129,73
210000372,24,46,-22
210000373,25,91,-66
210000374,83,162,-79
210000375,20,19,1
210000376,28,413,-385
210000404,13,42,-29
210000439,188,12,176
210000472,83,9,74
210000482,190,105,85
210000564,385,146,239
210000567,1,109,-108
210000568,304,4,300
211000092,105,15,90
211000094,32,16,16
211000169,384,3,381
211000172,23,126,-103
211000209,0,32,-32
211000226,8,9,-1
211000270,140,10,130
211000275,4,27,-23
211000276,291,44,247
211000279,52,46,6
211000281,346,19,327
211507980,0,45,-45
211977296,22,4,18
212000003,401,190,211
212000004,12,100,-88
212000005,15,187,-172
212000006,29,169,-140
212000008,246,214,32
212000009,100,118,-18
212000012,144,45,99
212000013,46,29,17
212000014,319,56,263
212000015,307,71,236
212000016,589,255,334
212000027,760,116,644
212000028,620,119,501
212000029,350,143,207
212000030,60,7,53
212000031,81,29,52
212000048,23,544,-521
212000049,8,233,-225
212000050,23,19,4
212000051,354,87,267
212000052,343,88,255
212000053,307,131,176
212000054,983,37,946
212000055,821,71,750
212000056,17,51,-34
212000057,27,32,-5
212000058,192,38,154
212000070,240,77,163
212000077,247,95,152
212000099,662,99,563
212000108,421,456,-35
212000111,630,43,587
212000120,102,211,-109
212000138,278,69,209
212000156,12,38,-26
212000158,1,83,-82
212000159,910,55,855
212000160,958,43,915
212000161,189,5,184
212000310,40,5,35
212000311,46,47,-1
212000374,27,1,26
213000001,9,206,-197
213000005,1022,52,970
213000006,896,68,828
213000007,48,15,33
213000009,314,113,201
213000010,512,86,426
213000011,155,19,136
213000012,234,113,121
213000014,59,45,14
213000015,285,5,280
213000016,381,22,359
213000017,71,0,71
213000018,0,14,-14
213000019,3,9,-6
213000020,98,70,28
213000021,0,39,-39
213000023,861,180,681
213000033,430,1107,-677
213000034,559,103,456
213000035,283,522,-239
213000045,205,183,22
213000046,67,37,30
213000047,171,678,-507
213000056,448,9,439
213000069,182,37,145
213000073,0,14,-14
213000074,40,252,-212
213000075,1561,2,1559
213000076,23,0,23
213000085,0,15,-15
213000086,5,37,-32
213000091,741,27,714
213000092,47,2,45
213000099,227,779,-552
213000100,932,174,758
213000101,1368,47,1321
213000102,1026,73,953
213000103,672,190,482
213000104,15,90,-75
213000105,176,2031,-1855
213000106,57,209,-152
213000107,150,225,-75
213000108,62,236,-174
213000109,3,103,-100
213000110,5,74,-69
213000111,2,64,-62
213000112,54,101,-47
213000115,109,1,108
213000116,19,229,-210
213000117,0,273,-273
213000118,1666,298,1368
213000119,13,235,-222
213000120,34,145,-111
213000122,118,245,-127
213000123,120,301,-181
213000124,264,574,-310
213000125,276,61,215
213000126,15,60,-45
213000127,7,132,-125
213000128,50,426,-376
213000129,155,2621,-2466
213000130,1686,902,784
213000132,2326,218,2108
213000133,2246,88,2158
213000134,2893,23,2870
213000136,1025,4,1021
213000137,792,23,769
213000139,424,14,410
213000147,35,3,32
213000148,8,40,-32
213000149,8,28,-20
213000150,0,763,-763
213000151,11,201,-190
213000152,0,237,-237
213000153,2,208,-206
213000154,143,165,-22
213000155,73,151,-78
213000156,114,112,2
213000157,1357,146,1211
213000158,639,352,287
213000159,949,186,763
213000163,3563,447,3116
213000165,717,271,446
213000171,0,4,-4
213000172,1,32,-31
213000173,1,37,-36
213000174,0,41,-41
213000175,9,12,-3
213000176,258,45,213
213000177,193,5,188
213000178,517,5,512
213000179,738,0,738
213000180,999,0,999
213000184,42,126,-84
213000188,1177,62,1115
213000189,1810,30,1780
213000190,1140,293,847
213000191,1362,149,1213
213000192,868,115,753
213000193,336,140,196
213000194,7,261,-254
213000195,62,179,-117
213000196,541,1731,-1190
213000197,855,1236,-381
213000198,9,0,9
213000200,194,367,-173
213000201,18,72,-54
213000202,14,322,-308
213000203,1501,244,1257
213000204,1685,35,1650
213000205,995,15,980
213000206,1294,7,1287
213000207,12,14,-2
213000208,9,0,9
213000209,61,2,59
213000210,175,0,175
213000211,1,16,-15
213000212,11,11,0
213000213,26,26,0
213000218,691,399,292
213000219,2197,65,2132
213000220,2209,15,2194
213000223,449,64,385
213000224,39,22,17
213000225,97,14,83
213000226,79,0,79
213000227,2350,98,2252
213000228,1581,46,1535
213000229,361,25,336
213000230,698,8,690
213000232,223,18,205
213000233,28,95,-67
213000234,1,67,-66
213000293,11,107,-96
213000294,169,51,118
213000295,9,74,-65
213000296,169,14,155
213000297,12,39,-27
213000298,26,36,-10
213000299,25,23,2
213000300,1,2,-1
213000303,0,25,-25
213000304,0,9,-9
213000305,1,19,-18
213000306,50,338,-288
213000307,124,103,21
213000308,53,133,-80
213000309,351,29,322
213000310,375,118,257
213000311,74,361,-287
213000315,114,250,-136
213000316,562,43,519
213000322,178,10,168
213000323,303,38,265
213000324,140,3,137
213000325,223,24,199
213000326,169,8,161
213000327,89,19,70
213000328,106,72,34
213000329,182,18,164
213000340,117,132,-15
213000341,1928,89,1839
213000346,66,417,-351
213000347,251,845,-594
213000348,5,82,-77
213000349,2,4,-2
213000350,90,602,-512
213000366,114,130,-16
213000367,550,11,539
213000379,50,17,33
213000386,43,47,-4
213000406,243,97,146
213000417,2140,684,1456
213000425,665,112,553
213000426,403,13,390
213000427,146,41,105
213000428,61,32,29
213000429,8,3,5
213000430,100,215,-115
213000431,14,3,11
213000432,0,48,-48
213000433,44,33,11
213000434,320,97,223
213000435,211,19,192
213000436,238,29,209
213000437,4,13,-9
213000438,249,20,229
213000439,43,21,22
213000440,2,91,-89
213000441,0,0,0
213000442,6,11,-5
213000443,826,356,470
213000444,69,6,63
213000445,0,68,-68
213000446,0,62,-62
213000447,1,53,-52
213000448,7,109,-102
213000449,2143,25,2118
213000450,33,17,16
213000451,535,33,502
213000452,71,61,10
213000453,7,131,-124
213000455,118,2,116
213000456,2,148,-146
213000481,8,1,7
213000482,39,0,39
213000489,262,119,143
213000491,6,346,-340
213000492,138,27,111
213000493,5,586,-581
213000494,462,46,416
213000495,0,24,-24
213000496,982,62,920
213000497,50,159,-109
213000498,142,75,67
213000499,163,110,53
213000500,1242,29,1213
213000501,299,27,272
213000502,143,52,91
213000503,0,79,-79
213000504,23,62,-39
213000505,93,2,91
213000506,0,0,0
213000507,1,32,-31
213900244,355,0,355
213900245,0,5,-5
218000003,45,12,33
218000004,113,31,82
218000005,16,56,-40
218000006,60,40,20
218000007,4,7,-3
218000012,86,465,-379
218000013,287,222,65
218000014,486,125,361
218000019,393,208,185
218000020,239,183,56
218000021,56,29,27
218000022,33,13,20
218000023,2,7,-5
218000024,6,4,2
218000025,16,4,12
218000026,27,9,18
218000027,12,2,10
218000028,0,2,-2
218000029,7,1,6
218000030,32,2,30
218000031,11,1,10
218000032,0,7,-7
218000040,3,14,-11
218000046,123,141,-18
218000047,15,42,-27
218000048,136,17,119
218000049,115,47,68
218000050,275,104,171
218000051,96,100,-4
218000052,1,16,-15
218000053,3,10,-7
218000054,2,44,-42
218000055,1,75,-74
218000056,40,81,-41
218000057,0,56,-56
218000064,1,2,-1
218000065,106,11,95
218000066,11,42,-31
218000067,196,36,160
218000068,300,20,280
218000069,649,34,615
218000070,436,244,192
218000071,244,141,103
218000072,130,133,-3
218000078,1303,238,1065
218000079,448,29,419
218000080,240,14,226
218000081,859,59,800
218000082,329,25,304
218000083,137,31,106
218000084,183,49,134
218000085,119,60,59
218000086,69,27,42
218000087,183,25,158
218000090,60,348,-288
218000091,1614,661,953
218000092,323,30,293
218000093,173,82,91
218000094,420,235,185
218000099,181,213,-32
218000100,326,106,220
218000101,379,106,273
218000102,660,132,528
218000103,167,18,149
218000104,133,26,107
218000105,11,1,10
218000106,45,2,43
218000107,197,37,160
218000108,42,23,19
218000112,45,7,38
218000117,58,86,-28
218000134,402,239,163
218000135,6,89,-83
218000136,183,100,83
218000137,111,179,-68
218000138,65,73,-8
218000139,192,231,-39
218000140,695,426,269
218000141,71,81,-10
218000142,269,165,104
218000143,30,246,-216
218000144,5,273,-268
218000145,663,230,433
218000146,111,59,52
218000151,3,33,-30
218000152,33,40,-7
218000153,10,4,6
218000154,9,2,7
218000155,57,1,56
218000156,98,0,98
218000157,69,6,63
218000158,17,8,9
218000159,2,3,-1
218000160,8,0,8
218000161,33,1,32
218000162,72,2,70
218000163,32,0,32
218000164,108,0,108
218000165,169,39,130
218000170,0,33,-33
218000171,60,0,60
218000172,1,6,-5
218000173,11,7,4
218000174,9,28,-19
218000176,226,23,203
218000177,299,48,251
218000178,52,53,-1
218000179,159,31,128
218000180,106,29,77
218000181,304,47,257
218000187,28,33,-5
218000188,25,22,3
218000189,8,101,-93
218000190,13,21,-8
218000191,162,21,141
218000192,286,83,203
218000193,255,148,107
218000194,123,147,-24
218000195,241,20,221
218000196,577,119,458
218000197,973,68,905
218000198,250,36,214
218000199,57,11,46
218000200,74,44,30
218000201,5,4,1
218000202,36,793,-757
218000207,7,7,0
218000208,36,74,-38
218000211,19,1,18
218000212,0,0,0
218000213,221,130,91
218000214,0,29,-29
218000215,111,39,72
218000217,0,22,-22
218000218,303,25,278
218000219,3,67,-64
218000220,58,549,-491
218000221,959,309,650
218000222,3,77,-74
218000223,92,273,-181
218000224,5,195,-190
218000225,216,17,199
218000226,214,47,167
218000230,0,10,-10
218000232,56,18,38
218000239,161,1,160
218000240,0,1,-1
218000241,5,1,4
218000242,0,2,-2
218000243,4,0,4
218000244,14,2,12
218000245,10,15,-5
218000246,0,10,-10
218000247,0,0,0
218000248,0,31,-31
218000249,0,1,-1
218000250,0,41,-41
218000251,2,19,-17
218000252,0,31,-31
218000253,0,17,-17
218000254,1,15,-14
218000255,0,11,-11
218000256,5,10,-5
218000267,480,948,-468
218000268,2,39,-37
218000269,1,11,-10
218000270,105,23,82
218000271,44,13,31
218000273,134,0,134
218000274,36,0,36
218000275,106,114,-8
218000276,55,5,50
218000278,25,22,3
218000279,89,26,63
218000280,5,13,-8
218000281,2,14,-12
218000282,601,1250,-649
218000284,89,3,86
218000301,29,128,-99
218000302,61,56,5
218000303,2,53,-51
218000316,1854,470,1384
218000317,3711,360,3351
218000318,1806,261,1545
218000319,1541,433,1108
218000320,1333,483,850
218000338,23,19,4
218000345,141,56,85
218000346,60,193,-133
218000459,70,98,-28
218000490,9,51,-42
218000501,115,37,78
218000502,122,25,97
218000503,149,18,131
218000504,145,27,118
218000505,38,34,4
218000506,6,43,-37
218000508,0,1,-1
218000510,111,17,94
218000520,187,124,63
218000521,4,20,-16
218000522,0,227,-227
218000523,178,3,175
218000524,2,142,-140
218000525,118,12,106
218000526,4,154,-150
218000529,95,51,44
218000530,38,13,25
218000531,63,11,52
218000532,59,5,54
218000534,579,19,560
218000537,16,73,-57
218000538,125,190,-65
218000540,45,48,-3
218000543,261,65,196
218000544,48,39,9
218000545,308,38,270
218000546,72,15,57
218000547,244,105,139
218000548,84,27,57
218000549,1060,103,957
218000550,172,76,96
218000551,69,194,-125
218000552,354,88,266
218000553,32,166,-134
218000554,9,50,-41
218000555,64,132,-68
218000556,284,98,186
218000557,1185,84,1101
218000558,44,0,44
218000559,0,46,-46
218000560,0,10,-10
218000561,13,0,13
218000562,13,81,-68
218000563,130,12,118
218000564,0,135,-135
218000565,81,34,47
218000566,34,12,22
218000567,0,30,-30
218000568,4,0,4
218000569,2,186,-184
218000570,10,0,10
218000571,0,96,-96
218000572,80,1,79
218000573,2,55,-53
218000574,70,8,62
218000575,113,0,113
218000576,0,84,-84
218000577,143,15,128
218000578,0,76,-76
218000579,33,21,12
218000581,12,75,-63
218000582,29,2,27
218000583,10,0,10
218000584,0,9,-9
218000585,72,14,58
218000586,17,16,1
218000587,5,0,5
218000588,0,21,-21
218000589,0,24,-24
218000590,2,0,2
218000591,0,72,-72
218000592,0,8,-8
218000593,7,13,-6
218000594,0,2,-2
218000597,0,2,-2
218000598,0,3,-3
218000599,2,3,-1
218000600,9,5,4
218000601,0,4,-4
218000602,0,8,-8
218000603,0,1,-1
218000604,7,0,7
218000605,0,52,-52
218000606,88,0,88
218000607,7,68,-61
218000608,89,11,78
218000609,0,65,-65
218000610,49,0,49
218000611,21,0,21
218000612,1,23,-22
218000613,9,18,-9
218000614,0,40,-40
218000615,184,1,183
218000616,1,223,-222
218000617,1,2,-1
218000618,0,28,-28
218000619,26,25,1
218000620,0,135,-135
218000621,0,2,-2
218000622,0,93,-93
218000623,3,6,-3
218000624,4,175,-171
218000625,0,19,-19
218000626,1,36,-35
218000628,315,126,189
218000631,156,40,116
218000632,1,69,-68
218000633,92,2,90
218000634,14,7,7
218000635,22,10,12
218000636,861,218,643
218000637,1556,128,1428
218000638,434,11,423
218000639,26,13,13
218000640,755,7,748
218000641,320,21,299
218000652,54,22,32
218000653,170,17,153
218000663,14,45,-31
218000675,14,94,-80
218000676,8,4,4
218000677,26,0,26
218000680,369,188,181
218000681,1039,87,952
218000691,407,137,270
218000693,1017,42,975
218000703,6,9,-3
218000718,14,27,-13
218000719,83,75,8
218000720,0,53,-53
218000721,6,3,3
218000725,7,7,0
218001147,1,39,-38
218001214,26,15,11
218001258,417,2,415
218001329,386,35,351
218001330,89,154,-65
218001351,5,28,-23
218001352,26,16,10
218001353,2,3,-1
218001354,4,54,-50
218001355,9,42,-33
218001356,886,137,749
218001357,1,41,-40
218001358,810,1,809
218001361,870,2,868
218001362,3,18,-15
219000001,14,11,3
219000002,38,14,24
219000003,58,38,20
219000004,30,66,-36
219000017,105,85,20
219000020,267,19,248
219000022,199,0,199
219000023,120,1,119
219000029,0,109,-109
219000034,67,32,35
219000039,21,157,-136
219000040,17,62,-45
219000041,143,57,86
219000051,0,59,-59
219000052,0,29,-29
219000053,0,50,-50
219000054,36,45,-9
219000055,568,1,567
219000056,0,0,0
219000057,91,0,91
219000062,28,74,-46
219000063,397,2,395
219000064,0,132,-132
219000110,255,229,26
219000111,79,31,48
219000112,302,62,240
219000113,307,37,270
219000114,254,25,229
219000116,84,18,66
219000117,149,14,135
219000118,149,40,109
219000123,198,136,62
219000124,49,28,21
219000125,20,5,15
219000126,53,82,-29
219000127,0,9,-9
219000128,16,117,-101
219000129,23,101,-78
219000130,212,300,-88
219000131,1145,672,473
219000133,33,77,-44
219000134,14,39,-25
219000135,23,58,-35
219000136,54,252,-198
219000138,132,9,123
219000139,89,24,65
219000140,264,0,264
219000141,71,45,26
219000142,42,25,17
219000143,8,16,-8
219000145,9,16,-7
219000146,0,0,0
219000147,1,11,-10
219000148,1,23,-22
219000149,1,12,-11
219000150,0,32,-32
219000151,0,2,-2
219000157,577,86,491
219000158,388,116,272
219000161,406,16,390
219000163,1542,330,1212
219000166,204,123,81
219000167,147,125,22
219000168,400,72,328
219000174,775,122,653
219000175,337,6,331
219000176,327,6,321
219000177,178,3,175
219000178,233,0,233
219000179,140,11,129
219000180,141,16,125
219000182,224,5,219
219000183,103,7,96
219000184,90,3,87
219000185,0,3,-3
219000186,95,31,64
219000187,5,33,-28
219000189,66,97,-31
219000190,34,97,-63
219000191,118,574,-456
219000192,253,156,97
219000193,216,87,129
219000195,0,20,-20
219000196,3,57,-54
219000198,0,39,-39
219000199,16,71,-55
219000200,24,59,-35
219000201,52,60,-8
219000203,4,49,-45
219000204,49,304,-255
219000205,17,126,-109
219000207,48,165,-117
219000209,42,35,7
219000210,9,147,-138
219000213,11,143,-132
219000239,159,239,-80
219000240,61,319,-258
219000241,88,175,-87
219000242,33,182,-149
219000243,135,202,-67
219000244,25,94,-69
219000245,21,65,-44
219000246,16,38,-22
219000247,358,29,329
219000248,528,383,145
219000249,247,90,157
219000250,446,46,400
219000251,706,111,595
219000252,365,59,306
219000253,223,22,201
219000255,340,112,228
219000256,530,35,495
219000257,88,1,87
219000262,43,28,15
219000263,65,44,21
219000267,1,8,-7
219000268,0,1,-1
219000269,2,0,2
219000270,17,0,17
219000271,380,1,379
219000278,2,0,2
219000279,0,0,0
219000283,0,19,-19
219000295,8,70,-62
219000296,52,143,-91
219000297,60,46,14
219000298,34,20,14
219000299,329,20,309
219000300,72,42,30
219000301,16,108,-92
219000302,20,89,-69
219000307,17,10,7
219000308,56,38,18
219000311,202,44,158
219000312,442,175,267
219000313,602,70,532
219000314,93,105,-12
219000315,536,17,519
219000316,923,72,851
219000317,324,10,314
219000320,0,102,-102
219000321,0,28,-28
219000323,2,20,-18
219000325,0,0,0
219000326,15,16,-1
219000327,3,6,-3
219000328,32,4,28
219000329,379,110,269
219000330,25,10,15
219000331,62,19,43
219000332,251,68,183
219000333,99,13,86
219000335,101,1,100
219000337,6,1,5
219000338,82,1,81
219000344,25,24,1
219000345,121,10,111
219000346,33,15,18
219000348,124,57,67
219000349,36,120,-84
219000350,39,179,-140
219000351,0,6,-6
219000352,88,63,25
219000353,344,46,298
219000354,807,29,778
219000355,180,50,130
219000356,430,656,-226
219000363,126,45,81
219000364,161,23,138
219000365,83,15,68
219000366,125,880,-755
219000368,514,351,163
219000370,836,358,478
219000371,3,12,-9
219000382,8,6,2
219000383,171,660,-489
219000385,142,589,-447
219000386,339,1164,-825
219000387,0,1,-1
219000390,8,0,8
219000391,0,0,0
219000397,30,10,20
219000398,14,46,-32
219000401,14,95,-81
219000402,17,57,-40
219000403,42,95,-53
219000404,5,46,-41
219000407,83,47,36
219000409,69,57,12
219000410,82,3,79
219000411,71,0,71
219000446,93,236,-143
219000447,0,19,-19
219000448,4,2,2
219000452,106,70,36
219000453,16,120,-104
219000454,381,359,22
219000556,1005,24,981
219000558,52,93,-41
219000590,6,236,-230
219000591,375,23,352
219000592,60,118,-58
219000595,8,7,1
219000635,252,36,216
219000636,42,21,21
219000657,27,3,24
219000658,7,146,-139
219000673,0,9,-9
219000676,64,10,54
219000679,47,12,35
219000684,218,0,218
219000685,1,66,-65
219000686,0,5,-5
219000688,0,48,-48
219000689,6,109,-103
219000690,115,19,96
219000691,33,54,-21
219000692,145,6,139
219000693,2,2,0
219000694,64,0,64
219000695,127,0,127
219000698,2,0,2
219000699,0,116,-116
219000727,1,77,-76
219000728,110,1,109
219000770,37,1,36
219000771,0,54,-54
219000788,167,251,-84
219001150,0,93,-93
219001151,0,0,0
219001166,19,95,-76
219001167,0,53,-53
219001178,86,3,83
220000001,37,312,-275
220000002,3,212,-209
220000003,158,59,99
220000004,281,260,21
220000005,413,953,-540
220000006,56,358,-302
220000007,413,85,328
220000008,275,205,70
220000009,233,312,-79
220000010,30,17,13
220000011,286,4099,-3813
220000012,12,561,-549
220000014,183,124,59
220000015,41,451,-410
220000017,52,255,-203
220000018,8384,2700,5684
220000019,197,866,-669
220000020,695,131,564
220000021,1149,400,749
220000022,1615,215,1400
220000023,237,104,133
220000024,772,230,542
220000025,705,1363,-658
220000026,552,877,-325
220000027,19,210,-191
220000028,37,128,-91
220000029,9,62,-53
220000030,19,21,-2
220000031,975,445,530
220000064,90,914,-824
221000046,5,1,4
221000047,0,1,-1
221000048,0,0,0
221000049,0,17,-17
221000050,9,1,8
221000055,40,56,-16
221000057,220,10,210
221000068,138,47,91
221000069,287,40,247
221000070,319,12,307
221000071,144,0,144
221000072,418,6,412
221000073,251,25,226
221000074,0,17,-17
221000075,1,41,-40
221000076,18,12,6
221000077,19,35,-16
221000081,20,5,15
221000082,83,9,74
221000083,26,5,21
221000084,6,5,1
221000085,12,32,-20
221000086,7,45,-38
221000087,1,85,-84
221000088,4,170,-166
221000089,11,92,-81
221000090,25,181,-156
221000098,145,14,131
221000099,307,12,295
221000100,232,3,229
221000101,246,11,235
221000102,192,10,182
221000109,3,22,-19
221000110,4,18,-14
221000111,3,38,-35
221000112,3,28,-25
221000113,4,53,-49
221000114,1,56,-55
221000120,7,110,-103
221000121,3,35,-32
221000122,42,32,10
221000123,3,17,-14
221000124,26,72,-46
221000155,63,15,48
221000156,181,65,116
221000175,13,36,-23
221000176,0,4,-4
221000182,274,2,272
221000241,366,219,147
221000242,45,86,-41
221000243,614,112,502
221000244,81,220,-139
221000245,281,86,195
221000246,7,144,-137
221000247,301,93,208
221000248,82,100,-18
221000267,23,454,-431
221000325,8,138,-130
221000331,20,29,-9
221000338,25,44,-19
221000378,390,61,329
221000381,38,85,-47
222000282,0,0,0
222000296,0,28,-28
222000568,283,7,276
222000569,144,44,100
222000570,131,41,90
222000571,560,23,537
222000577,22,40,-18
222000578,1,74,-73
222000579,3,28,-25
222000580,23,647,-624
222000599,0,60,-60
222000600,0,74,-74
222000601,0,430,-430
222000603,0,50,-50
222000604,2,140,-138
222000605,11,60,-49
222000606,0,47,-47
222000607,1,14,-13
222000608,16,5,11
222000609,62,28,34
222000616,1089,23,1066
222000617,32,10,22
222000618,2,8,-6
222000620,23,16,7
222000621,62,21,41
222000623,649,5,644
222000624,760,20,740
222000625,1524,11,1513
222000636,40,3,37
222000686,24,11,13
222000687,69,31,38
222001066,888,1,887
222001067,112,15,97
222001068,322,6,316
222001069,163,5,158
222001082,131,5,126
222001083,270,4,266
222001084,0,115,-115
222001085,6,660,-654
222001111,334,28,306
222001112,247,4,243
222001313,3,4,-1
222001314,1,90,-89
222001464,680,49,631
222001465,47,115,-68
222001484,397,45,352
222001485,30,10,20
222001494,1405,138,1267
222001495,170,103,67
222001496,764,65,699
222001497,89,135,-46
222001502,11,37,-26
222001503,500,11,489
222001504,31,86,-55
222001505,999,17,982
222001506,3,92,-89
222001507,663,20,643
222001510,1255,12,1243
222001511,6,154,-148
222001514,1214,21,1193
222001515,23,154,-131
222001518,937,8,929
222001519,32,157,-125
222001527,263,24,239
222001528,20,100,-80
222001529,564,12,552
222001530,18,56,-38
222001533,86,100,-14
222001534,1020,29,991
222001535,628,158,470
222001536,22,64,-42
222001537,713,18,695
222001538,7,160,-153
222001563,1451,34,1417
222001564,45,169,-124
222001568,166,89,77
222001576,0,5,-5
222001579,0,34,-34
222001583,21,66,-45
222001584,217,16,201
222001596,207,301,-94
222001597,1792,105,1687
222001626,0,44,-44
222001650,4,48,-44
222001651,26,152,-126
222001914,436,20,416
222001915,2,138,-136
222001968,789,81,708
222001969,228,166,62
222001970,94,174,-80
222001971,112,6,106
222001972,12,8,4
225000001,638,63,575
225000002,1581,86,1495
225000003,1693,65,1628
225000004,1105,71,1034
225000005,52,18,34
225000006,0,108,-108
225000007,681,1172,-491
225000010,396,10,386
225000011,357,2200,-1843
225000012,334,1073,-739
225000013,240,102,138
225000014,850,103,747
225000015,126,159,-33
225000021,1026,73,953
225000027,284,272,12
225000032,937,114,823
225000042,143,256,-113
225000049,21,104,-83
225000050,224,18,206
225000053,1,98,-97
225000058,825,166,659
225000067,362,61,301
225000068,162,121,41
225000069,44,216,-172
225000070,82,201,-119
225000071,30,51,-21
225000075,41,944,-903
225000076,79,54,25
225000078,73,10,63
225000085,322,26,296
225000086,977,16,961
225000087,60,9,51
225000088,17,147,-130
225000089,61,125,-64
225000090,12,95,-83
225000091,31,34,-3
225000092,24,122,-98
225000093,497,111,386
225000094,2,105,-103
225000095,243,130,113
225000096,55,115,-60
225000098,1375,137,1238
225000099,767,24,743
225000100,1080,37,1043
225000104,91,420,-329
225000110,7,186,-179
225000111,519,316,203
225000112,672,715,-43
225000113,252,1175,-923
225000114,95,620,-525
225000115,1269,831,438
225000116,382,62,320
225000117,548,396,152
225000118,1434,361,1073
225000119,670,95,575
225000120,1060,17,1043
225000121,185,19,166
225000123,722,5,717
225000125,781,320,461
225000126,884,193,691
225000127,594,4718,-4124
225000128,397,1864,-1467
225000132,664,11,653
225000133,445,6,439
225000134,776,84,692
225000135,129,13,116
225000136,665,7,658
225000137,575,153,422
225000138,634,206,428
225000143,84,230,-146
225000144,8,275,-267
225000145,26,4,22
225000146,56,37,19
225000147,25,24,1
225000148,0,43,-43
225000149,30,69,-39
225000151,32,36,-4
225000155,97,105,-8
225000156,281,1185,-904
225000157,656,319,337
225000158,28,153,-125
225000171,0,157,-157
225000180,5,0,5
225000181,1,125,-124
225000182,43,7,36
225000185,19,335,-316
225000187,75,161,-86
225000191,101,3,98
225000194,0,7,-7
225000208,1,54,-53
225000209,84,11,73
225000210,0,101,-101
225000217,0,17,-17
225000218,24,2,22
225000223,0,613,-613
225000224,7,4,3
225000225,3,617,-614
225000226,35,9,26
225000227,119,329,-210
225000228,6,4,2
225000229,0,67,-67
225000230,6,0,6
225000231,2,16,-14
225000232,185,0,185
225000241,101,0,101
225000242,0,25,-25
225000249,10,0,10
225000250,12,142,-130
225000251,825,112,713
225000256,0,0,0
225000257,0,0,0
226000042,124,206,-82
226000043,45,144,-99
226000044,75,393,-318
226000045,35,220,-185
226000046,1315,142,1173
226000047,1076,166,910
226000048,654,127,527
226000049,822,271,551
226000070,0,14,-14
226000071,0,26,-26
226000072,0,24,-24
226000073,0,2,-2
226000074,0,9,-9
226000084,0,10,-10
226000085,0,35,-35
226000086,0,20,-20
226000087,0,41,-41
226000088,2,16,-14
226000090,115,229,-114
226000091,22,132,-110
226000092,0,40,-40
226000093,9,2,7
226000094,0,12,-12
226000095,8,45,-37
226000105,14,0,14
226000106,9,0,9
226000107,2,0,2
226000108,35,0,35
226000109,415,0,415
226000124,359,105,254
226000134,1650,328,1322
226000135,2980,460,2520
226000136,1353,278,1075
226000137,10,81,-71
226000138,5,58,-53
226000139,1,34,-33
226000156,628,13,615
226000157,713,12,701
226000163,13,68,-55
226000202,1,34,-33
226000231,1544,2,1542
226000232,27,1,26
227000033,663,5,658
227000036,1290,17,1273
227000037,1127,10,1117
227000038,420,22,398
227000084,1,101,-100
227000085,0,118,-118
227000088,92,1,91
227000089,57,0,57
227000090,34,0,34
227000091,53,0,53
227000092,46,1,45
227000093,118,1,117
227000094,18,2,16
227000130,68,132,-64
227000131,21,149,-128
227000132,29,69,-40
227000133,32,88,-56
227000134,57,148,-91
227000152,0,2,-2
227000153,0,126,-126
227000154,2,82,-80
227000155,1,18,-17
227000156,0,16,-16
227000165,0,131,-131
227000196,652,86,566
227000199,1724,126,1598
227000230,2,211,-209
227000232,2408,43,2365
227000242,43,242,-199
227000243,510,23,487
227000245,33,187,-154
227000246,81,130,-49
227000247,1029,18,1011
227000248,318,68,250
227000249,6,177,-171
227000250,500,361,139
227000251,80,319,-239
227000252,78,128,-50
227000253,506,13,493
227000262,1003,23,980
227000266,3041,38,3003
227000267,7,489,-482
227000282,1,45,-44
227000284,1909,9,1900
227000286,30,41,-11
227000287,27,62,-35
227000291,8,114,-106
227000484,180,19,161
227000485,3,305,-302
227000655,934,3,931
227000656,1499,25,1474
227000657,849,3,846
227000661,1952,18,1934
227000680,110,166,-56
229000265,31,64,-33
229000296,0,54,-54
229000297,5,26,-21
229000298,2,196,-194
229000320,51,0,51
229000321,19,1,18
229000412,32,58,-26
229000414,26,58,-32
229000415,18,8,10
229000416,25,1,24
229000417,4,0,4
229000419,159,263,-104
229000440,288,91,197
229000442,16,0,16
229000443,8,0,8
229000444,0,53,-53
229000445,56,7,49
229000446,97,30,67
229000491,5,1,4
229000492,6,63,-57
229000493,1,80,-79
229000494,63,1,62
229000495,157,2,155
229000496,149,0,149
229000507,0,24,-24
229000508,0,23,-23
229000509,0,55,-55
229000510,1,9,-8
229000511,0,13,-13
229000512,0,18,-18
229000513,0,2,-2
229000514,0,1,-1
229000517,2,3,-1
229000518,16,26,-10
229000519,0,12,-12
229000520,18,33,-15
229000521,103,28,75
229000522,4,6,-2
229000523,11,1,10
229000524,3,2,1
229000527,1,3,-2
229000528,1,0,1
229000529,3,0,3
229000530,162,0,162
229000531,105,0,105
229000532,12,1,11
229000533,59,0,59
229000534,7,0,7
229000564,171,1,170
229000565,129,1,128
229000566,0,6,-6
229000567,0,5,-5
229000582,63,1,62
229000583,31,9,22
229000584,0,4,-4
229000585,0,71,-71
229000718,0,3,-3
229000719,0,0,0
229000720,0,5,-5
229000721,0,8,-8
229000722,0,3,-3
229000723,0,1,-1
229000724,0,20,-20
229000725,0,2,-2
229000738,1,0,1
229000739,0,0,0
229000740,1,0,1
229000741,74,0,74
229000742,2,0,2
229000743,14,0,14
229000744,1,0,1
229000745,1,0,1
229000746,14,0,14
229000847,74,0,74
229000848,64,0,64
229000849,104,0,104
229000851,279,0,279
229000854,0,1,-1
229000856,1,82,-81
229000857,0,21,-21
229000858,0,8,-8
229000919,0,14,-14
229000930,0,21,-21
229000937,149,4,145
229000966,33,16,17
229000981,15,0,15
229000985,15,2,13
229000986,0,3,-3
229000987,0,4,-4
229000988,1,2,-1
229000989,12,27,-15
229000990,1,17,-16
229000991,1,0,1
229000992,45,2,43
229000993,360,10,350
229000998,1,34,-33
229000999,108,5,103
229001034,1,52,-51
229001035,41,0,41
229001037,66,0,66
229001042,17,2,15
229001047,1,59,-58
229001050,74,16,58
229001168,0,85,-85
229001200,36,0,36
229001338,0,2,-2
229001394,282,3,279
229001422,167,14,153
229001423,0,23,-23
229001431,42,14,28
229001432,0,18,-18
229001444,317,43,274
229001445,104,103,1
229001479,34,0,34
229001503,339,41,298
229001504,30,28,2
229001505,141,15,126
229001506,16,44,-28
229001509,60,8,52
229001545,58,11,47
229001546,1,24,-23
229001553,71,3,68
229001554,0,7,-7
229001559,26,4,22
229001560,3,62,-59
229001630,178,0,178
229001631,4,30,-26
229001635,0,32,-32
229001636,0,0,0
229001658,0,7,-7
229001659,78,9,69
229001660,2,20,-18
229001661,1,80,-79
229001662,26,0,26
229001663,0,10,-10
229002584,302,258,44
229002831,118,109,9
229002841,11,72,-61
229002842,31,40,-9
229002843,49,100,-51
229002844,13,156,-143
229002845,3,123,-120
229002846,0,11,-11
229002847,0,4,-4
229002848,4,38,-34
229002849,1,151,-150
229002850,12,3,9
229002851,40,215,-175
229002852,88,75,13
229002853,80,3,77
229002854,13,46,-33
229002855,9,79,-70
229002856,78,40,38
229002857,13,82,-69
229002858,10,22,-12
229002859,17,40,-23
229002860,24,46,-22
229002861,63,77,-14
229002862,6,42,-36
229002863,14,9,5
229002864,43,99,-56
229002865,3,20,-17
229002866,21,40,-19
229002867,0,15,-15
229002868,4,13,-9
229002869,2,31,-29
229002870,62,2,60
235000066,319,26,293
235000067,123,76,47
235000072,10,10,0
235000073,27,52,-25
235000074,58,24,34
235000080,0,32,-32
235000081,16,79,-63
235000082,296,65,231
235000083,368,119,249
235000084,26,89,-63
235000085,255,129,126
235000089,35,6,29
235000092,17,13,4
235000093,0,3,-3
235000097,1,1,0
235000098,160,3,157
235000099,24,24,0
235000116,7,29,-22
235000117,562,16,546
235000133,5,194,-189
235000134,3,32,-29
235000206,0,6,-6
235000207,0,2,-2
235000208,0,2,-2
235000209,4,0,4
235000210,5,0,5
235000212,3,4,-1
235000213,0,11,-11
235000220,0,1,-1
235000221,4,25,-21
235000238,0,219,-219
235000239,0,14,-14
235000242,278,1019,-741
235000245,358,217,141
235000246,18,66,-48
235000284,5,73,-68
235000295,42,1,41
235000305,446,9,437
235000306,533,5,528
235000307,85,1,84
235000308,34,0,34
235000309,76,0,76
235000310,32,0,32
235000311,40,33,7
235000322,0,96,-96
235000323,0,44,-44
235000324,2,53,-51
235000325,1,40,-39
235000326,29,62,-33
235000351,0,39,-39
235000352,19,29,-10
235000353,2,32,-30
235000354,21,12,9
235000355,2,192,-190
235000356,87,1,86
235000357,42,5,37
235000358,31,1,30
235000359,13,15,-2
235000360,105,14,91
235000361,88,10,78
235000381,54,57,-3
235000382,222,31,191
235000390,3,0,3
235000391,177,9,168
235000392,231,136,95
235000393,152,101,51
235000395,106,41,65
235000396,474,51,423
235000400,38,107,-69
235000401,31,59,-28
235000405,77,98,-21
235000406,13,82,-69
235000407,64,23,41
235000409,187,40,147
235000410,50,82,-32
235000411,0,52,-52
235000485,0,5,-5
235000486,1,0,1
235000549,135,89,46
235000550,62,49,13
235000599,156,5,151
235000600,2,3,-1
235000601,5,22,-17
235000602,126,73,53
235000614,0,0,0
235000648,0,2,-2
235000649,22,3,19
235000685,1,0,1
235000815,4,6,-2
235000834,0,26,-26
235000855,54,37,17
235000862,3,66,-63
235000891,0,3,-3
235000892,43,15,28
235000901,27,24,3
235000907,0,7,-7
235001010,207,41,166
235001029,133,80,53
235001030,111,55,56
235001078,100,48,52
235001079,61,15,46
235001147,1,105,-104
235001166,17,10,7
235001167,28,7,21
235001169,46,131,-85
235001188,0,12,-12
235001189,0,0,0
235001197,0,7,-7
235001200,16,6,10
235001207,271,72,199
235001210,3,119,-116
235001215,28,48,-20
235001239,0,6,-6
235001244,1,12,-11
235016267,0,78,-78
277101746,0,0,0
277102712,5,1,4
277103813,0,0,0
277103898,0,0,0
277104249,0,1,-1
277104250,0,19,-19
277104251,0,5,-5
277104252,0,3,-3
990011530,0,164,-164
990014944,0,103,-103
990015176,11,3,8
990015618,0,135,-135
990016032,0,190,-190
990032570,7,10,-3
990070001,58,2,56
990070103,0,1,-1
990070601,0,15,-15
990070751,3696,8,3688
990070766,2,128,-126
990071180,395,95,300
990071343,8,0,8
990071387,0,3,-3
990071823,684,4,680
990072600,0,255,-255
990072964,1,79,-78
990073285,0,2,-2
990074393,0,264,-264
990074870,3020,15,3005
990075106,466,2,464
990075746,689,36,653
990076437,7322,11,7311
990076458,0,303,-303
997000007,263,3,260
997000041,1,206,-205
997000058,75,1,74
997000062,25,0,25
997000069,0,7,-7
997000070,0,16,-16
997000100,272,0,272
997000141,0,155,-155
997000198,6,116,-110
998000475,0,1,-1
998000736,0,126,-126
998000965,0,93,-93
998001031,0,56,-56
998001700,0,24,-24
998001899,0,2,-2
998001900,10,1,9
998003073,1888,8,1880
998101900,0,0,0
998102850,0,72,-72
998501927,262,621,-359
998501929,185,10,175
998501930,98,0,98
998501931,175,4,171
998501932,22,0,22
998501933,41,0,41
998501937,5,1,4
998501944,2,0,2
998501950,0,9,-9
998501970,385,43,342
998501971,1,49,-48
998501973,1,7,-6
998501974,2,35,-33
998501975,153,8,145
998501976,386,1,385
998501977,0,29,-29
998501978,4,1,3
998501979,0,3,-3
998501980,238,5,233
998501981,96,0,96
998501982,1,93,-92
998501983,0,181,-181
998502006,0,0,0
998502024,0,1,-1
998502032,0,0,0
998502062,22,8,14
998502063,0,0,0
998502173,8,0,8
998502269,0,1,-1
998502546,1,345,-344
998502578,0,1,-1
998502599,8,670,-662
998601159,0,12,-12
998601292,0,2,-2
999033574,1,163,-162
999800001,87,24,63
999800002,0,1,-1
999800003,2,5,-3
999800004,0,2,-2
999800005,0,10,-10
