ID,insum,outsum,diff
100000001,1101,462,639
100000002,3838,6493,-2655
100000003,3457,4751,-1294
100000004,229,1323,-1094
100000005,2861,2854,7
100000006,517,390,127
100000007,2153,1176,977
100000008,68,258,-190
100000009,202,958,-756
100000010,22,164,-142
100000011,344,53,291
100000012,28,250,-222
100000013,11,75,-64
100000014,50,828,-778
100000015,841,1538,-697
100000016,229,2289,-2060
100000017,123,2498,-2375
100000018,592,353,239
100000019,2186,1977,209
100000020,936,4760,-3824
100000021,3638,1146,2492
100000022,502,4186,-3684
100000023,3401,1446,1955
100000025,434,1551,-1117
100000028,273,2238,-1965
100000029,15,909,-894
100000030,33,22,11
100000031,1731,6790,-5059
100000032,1556,4025,-2469
100000033,941,3045,-2104
100000034,66,1473,-1407
100000035,380,963,-583
100000036,411,1470,-1059
100000037,639,336,303
100000038,2259,683,1576
100000039,91,149,-58
100000040,650,123,527
100000041,1332,288,1044
100000042,1194,166,1028
100000043,409,130,279
100000044,76,126,-50
100000045,110,219,-109
100000046,139,178,-39
100000047,129,131,-2
100000048,117,336,-219
100000049,821,732,89
100000051,457,339,118
100000053,54,10,44
100000054,189,17,172
100000055,461,155,306
100000056,171,361,-190
100000057,1663,270,1393
100000058,785,364,421
100000059,48,242,-194
100000060,841,298,543
100000061,1963,395,1568
100000062,1400,614,786
100000063,981,393,588
100000064,1300,520,780
100000065,259,421,-162
100000066,140,400,-260
100000067,170,518,-348
100000068,213,870,-657
100000069,257,735,-478
100000072,73,264,-191
100000073,777,695,82
100000075,545,124,421
100000076,1160,7703,-6543
100000077,46,584,-538
100000078,10,60,-50
100000079,0,91,-91
100000080,0,40,-40
100000081,14,56,-42
100000102,1973,5001,-3028
100000103,1129,5557,-4428
100000104,2792,2094,698
100000105,924,1691,-767
100000106,477,3484,-3007
100000107,51,1149,-1098
100000108,163,1096,-933
100000109,327,1392,-1065
100000116,192,413,-221
100000117,39,121,-82
100000118,336,1312,-976
100000119,539,1060,-521
100000121,130,451,-321
100000122,432,2383,-1951
100000123,723,1782,-1059
100000124,1580,2044,-464
100000125,6221,1706,4515
100000126,361,660,-299
100000127,906,896,10
100000128,544,3218,-2674
100000129,216,868,-652
100000130,979,130,849
100000131,557,832,-275
100000132,863,948,-85
100000133,1000,426,574
100000135,355,899,-544
100000139,115,454,-339
100000140,90,92,-2
100000142,558,410,148
100000143,699,224,475
100000144,848,175,673
100000147,1354,4460,-3106
100000150,177,548,-371
100000151,256,1763,-1507
100000153,18,355,-337
100000154,11,606,-595
100000155,0,67,-67
100000156,48,173,-125
100000157,168,178,-10
100000158,135,141,-6
100000159,62,990,-928
100000165,556,415,141
100000169,12,2915,-2903
100000174,314,1545,-1231
100000179,52,652,-600
100000180,742,880,-138
100000181,250,194,56
100000188,21,38,-17
100000189,747,199,548
100000190,316,1233,-917
100000191,605,410,195
100000192,13,178,-165
100000193,293,161,132
100000330,430,903,-473
100000355,192,352,-160
100000362,1295,657,638
100000363,5722,6518,-796
100000364,62,154,-92
100000365,4761,7285,-2524
100000366,1118,734,384
100000367,4381,5133,-752
100000368,1381,1392,-11
100000369,489,1824,-1335
100000370,112,943,-831
100000376,34,462,-428
100000379,572,3648,-3076
100000380,2719,7211,-4492
100000384,4459,5740,-1281
100000385,829,3943,-3114
100000386,1002,6326,-5324
100000387,2617,7187,-4570
100000388,1320,3576,-2256
100000389,3535,5871,-2336
100000390,2130,2125,5
100000391,1937,5693,-3756
100000392,411,1791,-1380
100000393,528,3584,-3056
100000394,1053,4035,-2982
100000395,731,3798,-3067
100000396,629,1594,-965
100000397,1163,6037,-4874
100000398,4395,2932,1463
100000413,0,0,0
100900002,20,10,10
100900003,491,281,210
100900004,4,179,-175
100900005,176,25,151
100900006,9,6,3
100900007,298,0,298
100900008,0,175,-175
100900009,45,14,31
100900010,33,7,26
100900011,168,61,107
100900012,0,58,-58
100900013,841,2,839
100900014,2,1,1
100900015,36,41,-5
100900016,0,9,-9
100900017,1077,26,1051
100900018,0,7,-7
100900019,64,63,1
100900020,374,6,368
100900021,481,1,480
100900022,1,0,1
100900023,0,59,-59
100900024,402,4,398
100900025,7,1,6
100900026,105,106,-1
100900027,279,2497,-2218
100900028,67,223,-156
100900029,22,0,22
100900030,24,103,-79
100900031,1068,22,1046
100900032,374,26,348
100900033,28,302,-274
100900034,1634,0,1634
100900035,131,0,131
100900036,2,0,2
100900037,99,40,59
100900038,7,28,-21
100900039,247,171,76
100900040,639,218,421
100900041,1835,99,1736
100900042,290,2748,-2458
100900043,0,21,-21
100900044,637,835,-198
100900045,18,0,18
100900046,964,7,957
100900047,355,71,284
100900048,34,4,30
100900049,24,33,-9
100900050,3,15,-12
100900051,34,197,-163
100900052,218,2,216
100900053,608,9,599
100900054,7,22,-15
100900055,358,1200,-842
100900056,33,24,9
100900057,1445,249,1196
100900058,90,21,69
100900059,165,1,164
100900060,139,2,137
100900061,43,176,-133
100900062,0,5,-5
100900063,215,999,-784
100900064,386,4,382
100900065,6,186,-180
100900066,97,43,54
100900067,1,1,0
100900068,97,85,12
100900069,64,0,64
100900070,711,1,710
100900071,99,58,41
100900072,0,19,-19
100900073,107,83,24
100900074,0,7,-7
100900075,1012,38,974
100900076,55,53,2
100900077,97,19,78
100900078,49,130,-81
100900079,0,1,-1
100900080,140,27,113
100900081,8,85,-77
100900082,203,37,166
100900083,5,2,3
100900085,0,301,-301
100900086,15,270,-255
100900088,184,70,114
100900089,0,1,-1
100900090,50,584,-534
100900091,1,0,1
100900092,51,102,-51
100900093,310,576,-266
100900094,147,40,107
100900095,8,21,-13
100900096,6,126,-120
100900097,0,0,0
100900098,17,17,0
100900099,0,224,-224
100900100,2,116,-114
100900101,178,5,173
100900102,4,32,-28
100900103,2,1,1
100900104,3,44,-41
100900105,2,226,-224
100900106,1,0,1
100900107,1187,420,767
100900108,0,5,-5
100900109,1,74,-73
100900110,3,29,-26
100900111,12,145,-133
100900112,0,17,-17
100900113,5,7,-2
100900114,8,20,-12
100900115,20,27,-7
100900116,579,238,341
100900117,122,987,-865
100900118,2,10,-8
100900119,4,40,-36
100900120,35,3,32
100900121,295,159,136
100900122,6,72,-66
100900123,173,10,163
100900124,1,4,-3
100900125,3,7,-4
100900126,711,17,694
100900127,4,1,3
100900128,41,290,-249
100900129,5,242,-237
100900131,6,40,-34
100900133,93,9,84
100900134,12,0,12
100900135,0,336,-336
100900137,226,124,102
100900138,175,217,-42
100900139,0,49,-49
100900140,0,96,-96
100900141,0,406,-406
100900142,1,3,-2
100900143,132,340,-208
100900144,1,5,-4
100900145,21,188,-167
100900146,12,10,2
100900147,6,1529,-1523
100900148,25,99,-74
100900149,5,597,-592
100900150,1,75,-74
100900151,27,177,-150
100900152,40,0,40
100900153,5,182,-177
100900154,0,151,-151
100900155,3,0,3
100900156,2,1,1
100900157,7,163,-156
100900159,3,26,-23
100900160,21,0,21
100900161,3,2,1
100900162,6,92,-86
100900163,44,75,-31
100900164,214,7,207
100900165,14,14,0
100900166,2,2,0
100900167,8,24,-16
100900168,3,50,-47
100900169,28,477,-449
100900170,11,4,7
100900171,1,401,-400
100900172,1,110,-109
100900173,0,61,-61
100900174,28,23,5
100900176,851,154,697
100900177,215,147,68
100900178,165,132,33
100900179,152,111,41
100900180,10,0,10
100900181,5,18,-13
100900182,19,7,12
100900184,88,28,60
100900186,186,255,-69
100900187,48,19,29
100900188,9,13,-4
100900189,1484,195,1289
100900191,223,925,-702
100900192,60,180,-120
100900195,73,297,-224
100900197,62,67,-5
100900198,22,12,10
100900199,0,6,-6
100900200,367,124,243
100900201,17,420,-403
100900202,45,0,45
100900203,0,41,-41
100900204,32,109,-77
100900205,95,487,-392
100900206,204,212,-8
100900207,305,55,250
100900210,30,61,-31
100900211,299,59,240
100900213,49,20,29
100900214,141,154,-13
100900215,36,5,31
100900217,29,35,-6
101000001,1968,1954,14
101000002,5604,8478,-2874
101000003,232,731,-499
101000004,5418,5966,-548
101000005,4296,5818,-1522
101000006,4801,8525,-3724
101000007,2056,4076,-2020
101000008,1356,2152,-796
101000009,2019,401,1618
101000010,900,615,285
101000011,795,252,543
101000012,158,409,-251
101000013,283,964,-681
101000014,276,281,-5
101000015,2611,1222,1389
101000016,146,445,-299
101000017,170,304,-134
101000018,1048,5454,-4406
101000020,924,1093,-169
101000021,320,728,-408
101000022,57,335,-278
101000023,713,756,-43
101000025,270,490,-220
101000026,539,22,517
101000027,1211,2701,-1490
101000028,507,190,317
101000029,8,975,-967
101000030,515,80,435
101000031,53,531,-478
101000032,1536,3766,-2230
101000033,667,4640,-3973
101000034,280,2686,-2406
101000035,259,444,-185
101000036,258,2175,-1917
101000037,481,3608,-3127
101000039,1274,2846,-1572
101000040,1943,6940,-4997
101000041,1232,4771,-3539
101000042,46,763,-717
101000043,2494,5386,-2892
101000045,166,549,-383
101000046,495,1590,-1095
101000047,542,3755,-3213
101000048,330,287,43
101000049,386,1691,-1305
101000050,153,1178,-1025
101000051,391,1210,-819
101000052,1197,1369,-172
101000053,223,1030,-807
101000054,1320,534,786
101000055,1118,1203,-85
101000056,2,124,-122
101000057,344,3467,-3123
101000058,513,1862,-1349
101000059,2066,3409,-1343
101000060,2142,938,1204
101000061,165,2328,-2163
101000062,133,871,-738
101000063,117,1283,-1166
101000064,134,1699,-1565
101000065,62,893,-831
101000066,231,1139,-908
101000067,142,460,-318
101000068,38,207,-169
101000069,100,19,81
101000070,394,449,-55
101000071,2523,1103,1420
101000072,401,1881,-1480
101000073,348,701,-353
101000074,1146,1857,-711
101000075,1087,1937,-850
101000077,1148,953,195
101000078,387,551,-164
101000079,684,756,-72
101000080,832,480,352
101000081,1100,953,147
101000082,1087,1134,-47
101000083,2526,1735,791
101000084,771,300,471
101000085,1233,771,462
101000086,619,602,17
101000087,398,475,-77
101000088,1686,623,1063
101000089,930,1115,-185
101000090,1029,450,579
101000091,307,347,-40
101000092,2194,390,1804
101000093,1394,245,1149
101000094,549,376,173
101000095,518,486,32
101000096,710,164,546
101000097,396,503,-107
101000098,265,320,-55
101000099,237,925,-688
101000100,594,786,-192
101000101,114,760,-646
101000102,217,888,-671
101000103,260,659,-399
101000104,91,520,-429
101000105,215,459,-244
101000106,213,1609,-1396
101000107,162,396,-234
101000108,338,54,284
101000109,750,112,638
101000110,24,72,-48
101000111,17,139,-122
101000113,75,896,-821
101000114,1164,4606,-3442
101000115,3,2,1
101000116,17,3,14
101000117,999,185,814
101000119,6,84,-78
101000120,54,110,-56
101000121,21,28,-7
101000122,46,127,-81
101000123,35,118,-83
101000124,411,480,-69
101000125,97,73,24
101000128,200,1732,-1532
101000130,134,111,23
101000131,1618,205,1413
101000132,643,300,343
101000135,9,17,-8
101000136,50,158,-108
101000137,0,441,-441
101000141,456,3768,-3312
101000147,1155,187,968
101000148,1000,27,973
101000149,24,135,-111
101000150,114,155,-41
101000151,432,19,413
101000152,289,204,85
101000153,188,103,85
101000154,637,337,300
101000155,553,141,412
101000156,18,460,-442
101000157,10,126,-116
101000160,2,18,-16
101000163,27,526,-499
101000164,207,61,146
101000165,190,438,-248
101000166,161,228,-67
101000168,1158,188,970
101000252,2436,494,1942
101000254,43,81,-38
101000258,102,0,102
101000261,59,72,-13
101000262,990,5268,-4278
101000263,210,1030,-820
101000265,96,424,-328
101000266,253,127,126
101000269,9,41,-32
101000290,163,3048,-2885
101000293,2,10,-8
101000294,337,283,54
101000295,270,127,143
101000301,236,527,-291
101000304,1814,3207,-1393
101000305,2295,1315,980
101000328,107,1239,-1132
101900001,5,75,-70
101900002,0,9,-9
101900003,18,82,-64
101900004,1,98,-97
101900005,760,3502,-2742
101900006,967,61,906
101900007,243,285,-42
101900008,50,239,-189
101900009,9,409,-400
101900010,247,459,-212
101900011,39,1365,-1326
101900012,320,88,232
101900013,245,57,188
101900017,13,69,-56
101900018,458,319,139
101900019,20,93,-73
101900020,71,32,39
101900021,3,43,-40
101900022,140,254,-114
101900023,139,50,89
101900026,94,8,86
101900027,8,95,-87
102000001,3264,5978,-2714
102000002,2149,2367,-218
102000003,1432,3918,-2486
102000004,3525,2615,910
102000005,1235,3237,-2002
102000006,527,996,-469
102000007,1458,3274,-1816
102000008,4237,1330,2907
102000009,7078,7190,-112
102000010,3132,1916,1216
102000011,4094,3950,144
102000012,3342,2122,1220
102000018,2409,2740,-331
102000019,2046,1852,194
102000026,399,376,23
102000029,319,189,130
102000030,92,316,-224
102000031,109,124,-15
102000032,720,366,354
102000033,493,200,293
102000034,244,206,38
102000035,491,325,166
102000036,25,149,-124
102000037,219,22,197
102000038,179,181,-2
102000039,83,94,-11
102000040,216,111,105
102000041,30,248,-218
102000042,31,180,-149
102000043,78,219,-141
102000044,342,926,-584
102000045,709,478,231
102000046,1367,436,931
102000047,1172,477,695
102000048,666,347,319
102000049,947,613,334
102000050,1251,775,476
102000051,112,347,-235
102000052,1206,616,590
102000053,531,756,-225
102000054,665,632,33
102000055,839,102,737
102000056,1427,200,1227
102000057,1474,386,1088
102000058,507,505,2
102000059,591,689,-98
102000060,569,676,-107
102000061,1330,1051,279
102000062,2074,725,1349
102000063,644,953,-309
102000064,402,519,-117
102000065,20,81,-61
102000066,451,338,113
102000067,4742,3891,851
102000068,6982,2993,3989
102000069,63,2275,-2212
102000070,1987,30,1957
102000071,4935,11215,-6280
102000072,2199,3235,-1036
102000073,418,237,181
102000074,762,420,342
102000075,166,66,100
102000076,452,84,368
102000077,736,218,518
102000078,1385,165,1220
102000079,112,43,69
102000080,309,120,189
102000081,182,263,-81
102000082,455,179,276
102000083,791,121,670
102000084,697,88,609
102000085,985,413,572
102000086,1514,502,1012
102000087,369,673,-304
102000088,466,198,268
102000089,1517,143,1374
102000090,232,1218,-986
102000091,881,529,352
102000092,222,431,-209
102000093,708,621,87
102000094,349,182,167
102000095,389,730,-341
102000096,292,202,90
102000097,402,231,171
102000098,227,212,15
102000099,338,360,-22
102000100,133,359,-226
102000101,185,281,-96
102000102,97,1038,-941
102000103,2729,280,2449
102000104,384,339,45
102000105,211,249,-38
102000106,826,230,596
102000107,2032,91,1941
102000108,569,216,353
102000109,659,203,456
102000110,1194,359,835
102000111,10,469,-459
102000112,88,162,-74
102000113,7,20,-13
102000114,547,255,292
102000115,170,356,-186
102000116,174,603,-429
102000117,52,479,-427
102000118,649,2063,-1414
102000119,401,893,-492
102000120,229,312,-83
102000121,984,186,798
102000122,437,527,-90
102000123,793,388,405
102000124,1091,975,116
102000125,341,378,-37
102000126,281,370,-89
102000127,1119,217,902
102000128,560,616,-56
102000129,1045,306,739
102000130,489,688,-199
102000131,459,451,8
102000132,163,472,-309
102000133,3979,1259,2720
102000134,1313,481,832
102000135,346,572,-226
102000136,546,306,240
102000137,241,158,83
102000138,291,46,245
102000139,17,151,-134
102000140,56,170,-114
102000141,64,185,-121
102000142,260,85,175
102000143,252,64,188
102000144,404,69,335
102000145,371,125,246
102000146,451,122,329
102000147,451,211,240
102000148,80,401,-321
102000149,340,93,247
102000150,898,25,873
102000151,130,42,88
102000152,428,50,378
102000153,540,297,243
102000154,69,161,-92
102000155,25,218,-193
102000156,180,91,89
102000157,15,356,-341
102000158,173,392,-219
102000159,730,976,-246
102000161,1743,2210,-467
102000162,80,158,-78
102000163,146,286,-140
102000164,488,585,-97
102000165,139,133,6
102000166,18,151,-133
102000167,145,131,14
102000168,152,139,13
102000169,48,635,-587
102000170,626,168,458
102000171,65,80,-15
102000172,4,333,-329
102000173,351,298,53
102000174,209,60,149
102000175,58,44,14
102000176,13,19,-6
102000178,155,301,-146
102000179,355,162,193
102000180,783,217,566
102000181,1127,250,877
102000182,490,218,272
102000183,1640,501,1139
102000184,2022,375,1647
102000185,2375,293,2082
102000186,1781,457,1324
102000187,881,298,583
102000188,1232,936,296
102000189,975,116,859
102000190,414,1675,-1261
102000191,603,201,402
102000192,1749,1511,238
102000193,54,117,-63
102000194,43,291,-248
102000195,698,262,436
102000196,302,225,77
102000197,1259,83,1176
102000198,307,244,63
102000199,1304,93,1211
102000200,255,258,-3
102000201,1766,374,1392
102000202,6,163,-157
102000203,742,94,648
102000204,906,499,407
102000205,1230,974,256
102000206,615,412,203
102000207,623,468,155
102000208,313,624,-311
102000209,128,64,64
102000210,814,249,565
102000211,821,113,708
102000212,652,0,652
102000213,2,151,-149
102000214,691,4,687
102000215,13,153,-140
102000216,298,150,148
102000217,19,32,-13
102000218,257,227,30
102000219,151,61,90
102000225,156,1004,-848
102000226,157,216,-59
102000227,198,0,198
102000228,0,91,-91
102000229,112,39,73
102000230,323,178,145
102000231,331,295,36
102000232,37,145,-108
102000233,1040,226,814
102000234,48,846,-798
102000236,229,18,211
102000237,1020,278,742
102000238,290,205,85
102000240,284,705,-421
102000241,55,26,29
102000243,3,25,-22
102000245,3,58,-55
102000246,1,70,-69
102000247,113,284,-171
102000248,153,840,-687
102000249,72,50,22
102000250,79,112,-33
102000254,511,116,395
102000266,1,159,-158
102000271,28,0,28
102000286,160,226,-66
102000297,1996,478,1518
102000299,0,0,0
102000301,0,0,0
102000303,0,0,0
102000305,0,0,0
102000307,0,2,-2
102900001,893,305,588
102900002,204,22,182
102900003,88,39,49
102900005,421,118,303
102900006,397,16,381
102900007,691,4,687
102900008,279,7,272
102900009,96,237,-141
102900010,173,440,-267
102900011,716,312,404
102900012,220,82,138
102900013,45,4,41
102900015,516,406,110
102900016,173,2,171
102900017,219,71,148
102900018,88,41,47
102900019,411,332,79
102900020,183,4,179
102900021,61,5,56
102900022,30,19,11
102900023,3,2,1
102900024,46,19,27
102900025,40,11,29
102900026,165,1920,-1755
102900027,56,33,23
102900028,191,805,-614
102900029,33,273,-240
102900030,261,276,-15
102900031,281,54,227
102900032,155,27,128
102900033,68,45,23
102900034,579,10,569
102900035,225,59,166
102900036,192,66,126
102900037,216,210,6
102900038,152,132,20
102900039,9,805,-796
102900040,220,207,13
102900041,59,50,9
102900042,352,95,257
102900043,337,105,232
102900044,384,660,-276
102900045,231,179,52
102900046,140,74,66
102900047,117,325,-208
102900048,432,136,296
102900049,27,193,-166
102900050,96,192,-96
102900051,72,277,-205
102900053,188,372,-184
102900054,67,915,-848
102900055,64,299,-235
102900056,67,155,-88
102900057,4,70,-66
102900058,252,34,218
102900059,8,11,-3
102900060,49,182,-133
102900061,246,301,-55
102900062,270,235,35
102900063,1894,147,1747
102900064,40,256,-216
102900065,617,77,540
102900066,170,2,168
102900068,36,81,-45
102900070,181,184,-3
102900072,2,39,-37
102900073,35,2,33
102900075,0,39,-39
102900076,9,33,-24
102900077,23,2,21
102900078,11,2,9
102900079,267,1,266
102900080,334,7,327
102900081,4,75,-71
102900082,13,44,-31
102900083,39,1,38
102900084,1,13,-12
102900085,22,20,2
102900086,25,28,-3
102900087,317,33,284
102900088,48,18,30
102900089,160,153,7
102900090,0,129,-129
102900091,403,2,401
102900092,775,54,721
102900094,0,19,-19
102900095,10,0,10
102900096,124,4,120
102900097,6,18,-12
103000001,1968,2158,-190
103000002,2430,2486,-56
103000003,2447,1800,647
103000004,539,374,165
103000005,1000,3597,-2597
103000006,1134,1449,-315
103000007,251,218,33
103000008,851,818,33
103000009,2582,1127,1455
103000010,165,32,133
103000011,1044,420,624
103000012,1074,1043,31
103000013,2110,1231,879
103000014,753,1957,-1204
103000015,1479,714,765
103000016,354,1571,-1217
103000017,188,970,-782
103000018,568,132,436
103000019,225,597,-372
103000020,1047,1002,45
103000021,1663,2841,-1178
103000022,449,890,-441
103000023,822,2064,-1242
103000024,89,63,26
103000025,104,1296,-1192
103000026,208,59,149
103000027,106,453,-347
103000028,92,61,31
103000029,81,149,-68
103000030,1508,774,734
103000031,600,2314,-1714
103000032,1265,708,557
103000033,3282,2322,960
103000034,888,583,305
103000035,99,727,-628
103000036,208,155,53
103000037,398,285,113
103000038,263,573,-310
103000039,684,201,483
103000040,778,266,512
103000041,2410,806,1604
103000042,1773,99,1674
103000043,944,405,539
103000044,258,33,225
103000046,188,481,-293
103000047,637,229,408
103000048,165,116,49
103000049,35,59,-24
103000050,745,73,672
103000051,762,317,445
103000052,811,79,732
103000053,224,226,-2
103000054,1372,158,1214
103000055,1485,624,861
103000056,653,580,73
103000057,1494,91,1403
103000058,699,140,559
103000059,855,281,574
103000060,624,167,457
103000061,1000,596,404
103000062,615,100,515
103000063,1118,346,772
103000064,134,41,93
103000065,5,127,-122
103000066,203,10,193
103000069,311,166,145
103000070,461,129,332
103000071,1720,429,1291
103000072,147,283,-136
103000073,1124,71,1053
103000074,946,48,898
103000075,87,295,-208
103000076,322,906,-584
103000077,3,131,-128
103000078,612,1340,-728
103000079,374,660,-286
103000080,270,238,32
103000081,195,703,-508
103000082,531,123,408
103000083,103,195,-92
103000084,73,1,72
103000085,0,76,-76
103000086,260,356,-96
103000087,100,494,-394
103000088,79,296,-217
103000089,269,676,-407
103000090,3316,768,2548
103000091,922,415,507
103000092,353,155,198
103000093,267,481,-214
103000094,413,87,326
103000095,71,300,-229
103000096,516,29,487
103000097,23,491,-468
103000098,555,62,493
103000099,20,627,-607
103000100,170,289,-119
103000101,1534,73,1461
103000102,76,169,-93
103000103,719,88,631
103000104,176,50,126
103000105,237,66,171
103000106,11,104,-93
103000107,343,61,282
103000108,1537,1300,237
103000109,529,724,-195
103000110,349,808,-459
103000111,286,558,-272
103000112,251,344,-93
103000113,441,1108,-667
103000114,1557,855,702
103000115,747,569,178
103000116,801,204,597
103000117,344,258,86
103000118,257,223,34
103000119,735,218,517
103000120,26,169,-143
103000121,55,185,-130
103000122,382,730,-348
103000125,10,24,-14
103000126,965,1,964
103000127,3,29,-26
103000128,173,1,172
103000129,0,29,-29
103000130,82,85,-3
103000131,22,68,-46
103000132,29,59,-30
103000133,17,20,-3
103000134,168,978,-810
103000135,455,105,350
103000136,278,356,-78
103000137,213,339,-126
103000138,219,426,-207
103000139,0,21,-21
103000140,86,5,81
103000141,6,119,-113
103000142,83,17,66
103000143,8,96,-88
103000144,204,28,176
103000145,4,34,-30
103000150,55,12,43
103000152,144,324,-180
103000153,90,175,-85
103000156,3,36,-33
103000157,331,3,328
103000159,232,83,149
103000162,23,3,20
103000163,14,41,-27
103000164,2,10,-8
103000165,24,92,-68
103000166,278,658,-380
103000167,172,179,-7
103000168,224,86,138
103000169,165,900,-735
103000170,2042,192,1850
103000171,23,93,-70
103000172,845,61,784
103000173,1244,139,1105
103000174,549,162,387
103000175,450,49,401
103000176,703,1111,-408
103000177,139,500,-361
103000178,37,155,-118
103000179,63,10,53
103000183,460,5,455
103000185,158,100,58
103000186,413,26,387
103000187,1510,65,1445
103000188,4,45,-41
103000189,573,581,-8
103000191,375,169,206
103000292,381,1764,-1383
103000293,282,3234,-2952
103000295,19,125,-106
103000296,36,2,34
103000297,9,9,0
103000504,46,16,30
103000505,2,2,0
103000506,1,80,-79
103000507,180,1,179
103000508,82,30,52
103000509,219,397,-178
103900001,32,39,-7
103900002,316,46,270
103900003,631,426,205
103900004,120,0,120
103900005,8,48,-40
103900006,1,1,0
103900007,200,2,198
103900008,3,0,3
103900009,260,81,179
103900010,253,64,189
103900011,872,52,820
103900012,21,92,-71
103900013,66,10,56
103900014,190,9,181
103900015,105,4,101
103900016,153,115,38
103900017,78,46,32
103900018,115,21,94
103900019,7,376,-369
103900020,239,250,-11
103900021,45,12,33
103900022,290,352,-62
103900023,245,0,245
103900024,147,159,-12
103900025,3,5,-2
103900026,0,0,0
103900027,150,128,22
103900028,38,329,-291
103900029,1223,75,1148
103900030,200,44,156
103900031,88,0,88
103900032,103,139,-36
103900033,132,26,106
103900034,103,24,79
103900035,68,32,36
103900036,21,28,-7
103900037,164,46,118
103900038,49,209,-160
103900039,246,52,194
103900040,4,120,-116
103900041,117,11,106
103900042,171,40,131
103900043,365,12,353
103900044,9,481,-472
103900045,341,225,116
103900047,144,6,138
103900048,1,18,-17
103900049,32,719,-687
103900050,14,126,-112
103900051,0,57,-57
103900052,197,304,-107
103900053,576,70,506
103900054,280,80,200
103900055,496,98,398
103900056,122,13,109
103900057,215,62,153
103900058,509,108,401
103900059,0,56,-56
103900060,87,24,63
103900061,310,1,309
103900062,942,266,676
103900063,0,0,0
103900064,197,0,197
103900065,121,147,-26
103900066,334,31,303
103900067,285,10,275
103900068,3,0,3
103900069,122,5,117
103900070,70,101,-31
103900071,5,28,-23
103900072,39,55,-16
103900073,115,34,81
103900074,135,7,128
103900075,237,18,219
103900076,760,114,646
103900077,20,90,-70
103900078,438,73,365
103900079,34,64,-30
103900080,0,8,-8
103900081,3,6,-3
103900082,35,66,-31
103900083,892,1955,-1063
103900084,20,58,-38
103900085,54,55,-1
103900086,1768,168,1600
103900088,210,224,-14
103900089,30,123,-93
103900090,0,23,-23
103900091,420,35,385
103900092,848,532,316
103900093,24,195,-171
103900094,11,41,-30
103900095,143,174,-31
103900096,191,18,173
103900097,17,74,-57
103900098,364,89,275
103900099,377,25,352
103900100,440,42,398
103900101,355,545,-190
103900102,10,20,-10
103900104,1,25,-24
103900105,15,29,-14
103900106,0,342,-342
103900107,325,17,308
103900108,54,61,-7
103900109,352,5,347
103900110,368,10,358
103900111,421,102,319
103900112,37,17,20
103900113,14,53,-39
103900114,574,156,418
103900115,90,104,-14
103900116,813,2601,-1788
103900117,12,9,3
103900119,3,225,-222
103900120,81,17,64
103900122,184,43,141
103900123,198,776,-578
103900124,11,91,-80
103900125,162,17,145
103900126,719,61,658
103900127,123,111,12
103900128,201,27,174
103900131,30,49,-19
103900133,702,4,698
103900134,0,14,-14
103900135,0,0,0
103900137,1,21,-20
103900138,267,9,258
103900139,96,3486,-3390
103900140,4,468,-464
103900141,93,20,73
103900142,775,31,744
103900143,243,2,241
103900144,0,24,-24
103900145,97,164,-67
103900146,242,103,139
103900147,483,52,431
103900148,587,142,445
103900149,322,45,277
103900150,2093,5316,-3223
103900151,50,116,-66
103900152,1138,124,1014
103900153,10,15,-5
103900154,108,2402,-2294
103900155,10,37,-27
103900156,40,5,35
103900157,300,12,288
103900158,608,6,602
103900159,605,10,595
103900160,13,24,-11
103900161,10,57,-47
103900162,38,6,32
103900163,7,163,-156
103900167,3,153,-150
103900168,14,11,3
103900169,2,37,-35
103900170,0,5,-5
103900171,0,6,-6
103900172,3,5,-2
103900173,16,20,-4
103900174,382,18,364
103900175,20,205,-185
103900176,4,15,-11
103900177,1,2,-1
103900178,78,4,74
103900179,40,4,36
103900180,10,30,-20
103900181,4,29,-25
103900182,3,12,-9
103900184,152,27,125
103900185,22,1429,-1407
103900187,6,147,-141
103900188,168,121,47
103900189,105,5,100
103900190,124,15,109
103900191,46,30,16
103900192,22,5,17
103900193,15,17,-2
103900194,62,54,8
103900195,0,217,-217
103900196,72,38,34
103900197,0,17,-17
103900198,6,6,0
103900199,118,24,94
103900200,164,16,148
103900201,44,13,31
103900202,2,5,-3
103900203,44,49,-5
103900204,0,16,-16
103900207,0,24,-24
103900208,183,0,183
103900209,1,25,-24
103900210,48,28,20
103900211,850,110,740
103900212,144,42,102
103900213,7,233,-226
103900214,94,479,-385
103900215,60,314,-254
103900216,4,43,-39
103900217,477,78,399
103900218,7,439,-432
103900219,370,72,298
103900233,99,10,89
103900235,46,162,-116
103900236,5,2,3
103900242,6,6,0
103900243,1,1,0
103900244,120,43,77
103900245,215,39,176
103900246,5,48,-43
103900247,3,5,-2
103900248,0,48,-48
103900249,0,57,-57
103900250,26,11,15
103900251,0,9,-9
103900253,3,45,-42
103900254,5,19,-14
103900255,0,39,-39
103900256,36,28,8
103900257,166,173,-7
103900258,2,6,-4
103900259,5,8,-3
103900261,84,2,82
103900262,45,3,42
103900263,28,89,-61
103900264,2,0,2
103900265,15,1,14
103900266,0,44,-44
103900267,1,42,-41
103900268,62,16,46
103900269,300,5,295
103900270,77,37,40
103900271,34,10,24
103900272,35,34,1
103900273,117,8,109
103900274,347,3,344
103900275,301,3,298
103900276,22,7,15
103900277,13,1,12
103900278,15,10,5
103900279,2,44,-42
103900280,4,28,-24
104000001,2969,1303,1666
104000002,1901,1273,628
104000003,2009,1068,941
104000004,2502,1379,1123
104000005,2108,1223,885
104000006,2663,1570,1093
104000007,4324,2993,1331
104000008,187,113,74
104000009,232,119,113
104000010,255,439,-184
104000011,175,106,69
104000012,164,83,81
104000013,286,410,-124
104000014,200,101,99
104000015,456,131,325
104000016,225,84,141
104000018,864,213,651
104000019,652,283,369
104000020,50,176,-126
104000021,363,104,259
104000022,387,327,60
104000023,1466,231,1235
104000024,210,156,54
104000026,43,106,-63
104000027,328,121,207
104000028,620,379,241
104000029,424,216,208
104000030,510,278,232
104000031,1481,76,1405
104000032,107,95,12
104000033,963,188,775
104000034,220,89,131
104000035,1117,179,938
104000036,1185,266,919
104000037,127,124,3
104000038,438,201,237
104000039,193,59,134
104000040,58,564,-506
104000041,597,220,377
104000042,144,110,34
104000043,111,168,-57
104000044,197,350,-153
104000045,582,351,231
104000046,400,463,-63
104000047,579,383,196
104000048,725,383,342
104000049,720,317,403
104000050,51,427,-376
104000051,326,279,47
104000052,1815,1217,598
104000053,1270,207,1063
104000054,686,116,570
104000055,1826,1345,481
104000056,409,76,333
104000057,285,117,168
104000058,1124,510,614
104000059,625,759,-134
104000060,1239,811,428
104000061,1013,394,619
104000062,277,59,218
104000064,608,180,428
104000065,16,323,-307
104000069,312,1587,-1275
104000070,40,595,-555
104000071,134,143,-9
104000072,542,139,403
104000075,19,233,-214
104000076,675,27,648
104000082,2012,2987,-975
104000083,624,105,519
104000084,101,151,-50
104000085,487,174,313
104000086,297,196,101
104000087,275,1259,-984
104000090,1156,268,888
104000092,1549,429,1120
104000094,601,423,178
104000095,2937,979,1958
104000096,2738,9,2729
104000097,2872,263,2609
104000098,4299,252,4047
104000100,2881,475,2406
104000101,1591,976,615
104000106,9,418,-409
104000107,404,130,274
104000108,152,150,2
104000109,262,86,176
104000110,552,1143,-591
104000111,1754,4357,-2603
104000112,398,193,205
104000116,0,371,-371
104000117,376,123,253
104000118,2142,103,2039
104000119,1138,199,939
104000120,339,160,179
104000121,181,145,36
104000122,635,302,333
104000123,700,429,271
104000124,214,832,-618
104000125,1089,4976,-3887
104000126,355,355,0
104000127,1194,965,229
104000128,636,83,553
104000129,393,3,390
104000130,0,360,-360
104000131,165,411,-246
104000132,356,719,-363
104000133,1417,554,863
104000134,767,1337,-570
104000135,426,1093,-667
104000136,528,2069,-1541
104000137,1469,301,1168
104000138,636,310,326
104000139,1769,1976,-207
104000141,570,319,251
104000142,690,225,465
104000143,820,147,673
104000144,141,212,-71
104000145,221,77,144
104000146,52,289,-237
104000147,49,243,-194
104000148,520,76,444
104000149,137,60,77
104000150,988,176,812
104000151,326,87,239
104000152,638,128,510
104000153,1028,364,664
104000154,336,139,197
104000155,458,708,-250
104000157,1037,577,460
104000158,58,289,-231
104000159,763,273,490
104000160,1517,2216,-699
104000161,116,60,56
104000162,110,53,57
104000165,694,616,78
104000167,621,1609,-988
104000168,1376,8,1368
104000169,297,12,285
104000170,132,177,-45
104000248,373,406,-33
104000251,53,86,-33
104000272,0,0,0
104000273,0,0,0
104000274,0,0,0
104000275,0,0,0
104000279,446,271,175
104000290,37,150,-113
104000291,318,909,-591
104000293,1326,986,340
104000294,266,0,266
104000295,818,743,75
104000296,677,363,314
104000297,985,1457,-472
104000298,1336,488,848
104000299,1045,505,540
104900001,80,82,-2
104900002,23,300,-277
104900003,26,66,-40
104900004,64,48,16
104900005,1009,148,861
104900006,929,27,902
104900007,712,41,671
104900009,145,76,69
104900010,97,3,94
104900011,4,0,4
104900012,133,43,90
104900013,25,30,-5
104900014,756,147,609
104900015,102,6,96
104900016,180,76,104
104900017,115,161,-46
104900018,4,13,-9
104900019,71,5943,-5872
104900020,68,152,-84
104900021,25,9,16
104900022,2,148,-146
104900023,3,25,-22
104900024,18,135,-117
104900025,40,126,-86
104900026,3,38,-35
104900027,959,223,736
104900028,35,107,-72
104900029,3,4,-1
104900030,540,121,419
104900031,13,111,-98
104900032,19,27,-8
104900033,323,87,236
104900034,423,188,235
104900035,665,296,369
104900036,425,32,393
104900037,224,72,152
104900038,37,2404,-2367
104900039,156,911,-755
104900040,573,19,554
104900041,372,55,317
104900042,194,80,114
104900043,80,528,-448
104900044,1050,54,996
104900045,235,29,206
104900046,896,98,798
104900047,482,53,429
104900048,575,49,526
104900049,113,36,77
104900050,974,41,933
104900051,326,19,307
104900052,345,2,343
104900053,438,37,401
104900054,347,43,304
104900055,427,5,422
104900056,498,18,480
104900057,119,2,117
104900058,531,39,492
104900059,140,25,115
104900060,0,160,-160
104900061,98,73,25
104900063,0,127,-127
104900064,0,72,-72
104900065,0,227,-227
104900066,0,23,-23
104900067,2,214,-212
104900068,36,95,-59
104900070,19,104,-85
104900071,1,150,-149
104900072,10,82,-72
104900073,193,54,139
104900074,82,69,13
104900075,7,17,-10
104900076,124,81,43
104900077,217,28,189
104900078,165,47,118
104900079,54,1403,-1349
104900080,148,146,2
104900082,16,139,-123
104900085,5,129,-124
104900087,310,3,307
104900089,724,1,723
104900090,1334,519,815
104900091,244,160,84
104900093,93,131,-38
104900097,592,2749,-2157
104900098,215,33,182
104900099,97,793,-696
104900100,324,56,268
104900102,34,64,-30
104900103,204,19,185
104900104,902,1093,-191
104900106,215,59,156
104900107,54,81,-27
104900108,3,125,-122
104900109,125,148,-23
104900110,22,11,11
104900111,159,4,155
104900112,322,113,209
104900113,856,74,782
104900114,748,181,567
104900115,1012,80,932
104900116,653,35,618
104900118,11,19,-8
104900119,0,25,-25
104900120,8,1126,-1118
104900121,1,7,-6
104900122,0,20,-20
104900123,375,14,361
104900124,254,17,237
104900125,330,2,328
104900126,26,35,-9
104900127,38,6,32
104900128,123,58,65
104900129,511,2779,-2268
105000001,2802,769,2033
105000002,1862,1211,651
105000003,1975,2845,-870
105000004,1466,608,858
105000005,1897,1288,609
105000006,1117,1808,-691
105000007,1626,2367,-741
105000008,663,2896,-2233
105000009,3591,3492,99
105000010,1644,527,1117
105000011,3039,3288,-249
105000012,1265,1109,156
105000013,1341,1167,174
105000014,4025,2857,1168
105000015,6659,12589,-5930
105000016,645,578,67
105000017,1470,1039,431
105000018,484,1250,-766
105000019,908,732,176
105000020,46,517,-471
105000021,240,103,137
105000022,105,148,-43
105000023,565,63,502
105000028,7,34,-27
105000029,580,806,-226
105000030,1951,1212,739
105000031,1,6,-5
105000033,1000,493,507
105000034,85,1259,-1174
105000037,514,92,422
105000038,657,1072,-415
105000039,482,491,-9
105000040,676,987,-311
105000041,157,291,-134
105000042,1580,647,933
105000043,554,337,217
105000044,757,178,579
105000045,193,163,30
105000046,845,186,659
105000047,440,180,260
105000048,1151,272,879
105000049,183,285,-102
105000050,929,305,624
105000051,176,284,-108
105000052,603,708,-105
105000053,77,109,-32
105000054,410,519,-109
105000055,705,199,506
105000056,2062,1091,971
105000057,1697,331,1366
105000058,1001,547,454
105000059,1666,610,1056
105000060,688,212,476
105000061,2206,357,1849
105000062,532,331,201
105000063,201,175,26
105000064,3096,580,2516
105000065,421,313,108
105000066,573,672,-99
105000067,1932,850,1082
105000068,188,514,-326
105000069,874,3573,-2699
105000070,378,1098,-720
105000071,196,2120,-1924
105000072,1105,8377,-7272
105000073,1388,694,694
105000074,311,309,2
105000075,574,356,218
105000076,1024,648,376
105000077,1687,614,1073
105000078,517,743,-226
105000079,660,1596,-936
105000080,1491,1576,-85
105000081,845,822,23
105000082,505,1224,-719
105000083,1534,1721,-187
105000084,412,486,-74
105000085,2205,1587,618
105000086,633,623,10
105000087,1208,1271,-63
105000088,1918,3011,-1093
105000089,1256,773,483
105000090,336,230,106
105000091,432,299,133
105000092,402,300,102
105000093,227,274,-47
105000094,218,84,134
105000095,198,488,-290
105000096,1290,1816,-526
105000097,332,448,-116
105000098,1480,1492,-12
105000099,374,894,-520
105000100,2296,628,1668
105000101,2375,569,1806
105000102,2102,720,1382
105000103,974,770,204
105000104,2651,633,2018
105000105,1240,812,428
105000106,2145,464,1681
105000107,1794,401,1393
105000108,1954,464,1490
105000109,3739,430,3309
105000110,940,217,723
105000111,2053,290,1763
105000112,803,317,486
105000113,584,694,-110
105000114,979,1169,-190
105000115,167,2148,-1981
105000116,1519,575,944
105000117,754,278,476
105000118,1264,223,1041
105000119,497,369,128
105000120,2320,353,1967
105000121,1162,340,822
105000122,525,398,127
105000123,448,267,181
105000124,2515,452,2063
105000125,1286,615,671
105000126,2159,997,1162
105000127,3224,718,2506
105000128,787,975,-188
105000129,1584,208,1376
105000130,145,3964,-3819
105000131,242,57,185
105000132,2122,968,1154
105000133,266,324,-58
105000134,1879,216,1663
105000135,215,207,8
105000136,55,71,-16
105000137,830,147,683
105000138,129,61,68
105000139,802,233,569
105000140,719,213,506
105000141,468,190,278
105000142,377,345,32
105000143,248,217,31
105000144,385,275,110
105000145,785,178,607
105000146,407,287,120
105000147,659,244,415
105000148,901,486,415
105000149,3542,927,2615
105000150,1203,259,944
105000151,1261,279,982
105000152,230,285,-55
105000153,1626,221,1405
105000154,676,273,403
105000155,1089,246,843
105000156,261,325,-64
105000157,453,440,13
105000158,3285,410,2875
105000159,212,368,-156
105000160,4698,517,4181
105000161,608,465,143
105000162,609,3713,-3104
105000163,598,448,150
105000164,81,179,-98
105000165,682,11865,-11183
105000166,2516,2390,126
105000167,1319,4360,-3041
105000168,250,291,-41
105000169,1091,74,1017
105000170,714,794,-80
105000171,1046,133,913
105000172,599,3,596
105000173,861,5,856
105000174,155,11,144
105000175,261,30,231
105000176,948,63,885
105000177,601,306,295
105000178,455,99,356
105000179,1903,50,1853
105000180,533,43,490
105000181,273,90,183
105000182,61,58,3
105000183,1547,2856,-1309
105000184,232,415,-183
105000185,344,837,-493
105000186,284,519,-235
105000187,804,182,622
105000188,108,156,-48
105000189,74,239,-165
105000190,180,192,-12
105000191,227,290,-63
105000192,330,55,275
105000193,78,77,1
105000194,856,34,822
105000195,338,301,37
105000196,61,352,-291
105000197,78,272,-194
105000198,102,53,49
105000199,50,769,-719
105000200,93,436,-343
105000201,43,29,14
105000203,15,52,-37
105000204,81,37,44
105000205,107,31,76
105000207,133,26,107
105000208,122,255,-133
105000209,206,49,157
105000211,350,0,350
105000212,1020,284,736
105000213,39,61,-22
105000214,91,89,2
105000215,185,143,42
105000216,289,45,244
105000217,227,58,169
105000218,2959,559,2400
105000221,87,81,6
105000222,535,115,420
105000223,642,134,508
105000226,202,57,145
105000227,89,50,39
105000228,27,1276,-1249
105000229,290,696,-406
105000231,370,99,271
105000233,1368,700,668
105000234,238,480,-242
105000235,709,394,315
105000237,1615,75,1540
105000243,73,26,47
105000248,37,77,-40
105000262,705,197,508
105000269,67,80,-13
105000270,785,5,780
105000271,0,181,-181
105000282,17,21,-4
105000287,114,62,52
105000288,1018,325,693
105000289,470,904,-434
105000290,42,6,36
105000402,1090,3845,-2755
105000426,164,229,-65
105000438,766,794,-28
105000440,9,2,7
105000446,3671,2280,1391
105000447,987,855,132
105000454,597,83,514
105000455,152,95,57
105000474,143,0,143
105000477,1452,323,1129
105000478,2495,4703,-2208
105000479,67,92,-25
105000480,3699,5306,-1607
105000481,4277,3719,558
105000482,1396,1900,-504
105000483,1991,2254,-263
105000484,814,1149,-335
105000485,1011,2591,-1580
105000486,1146,1389,-243
105000488,1963,1129,834
105000489,1836,780,1056
105000549,131,142,-11
105000550,368,432,-64
105000551,21,54,-33
105000552,1319,604,715
105000555,551,1491,-940
105000556,4,5,-1
105000557,19,41,-22
105900001,7,1202,-1195
105900002,495,1680,-1185
105900003,7,100,-93
105900004,190,21,169
105900005,3,254,-251
105900006,14,23,-9
105900007,25,17,8
105900008,178,135,43
105900009,51,14,37
105900011,116,11,105
105900012,316,37,279
105900013,3,7,-4
105900014,0,32,-32
105900015,81,156,-75
105900016,634,124,510
105900017,2400,8,2392
105900018,54,96,-42
105900019,72,61,11
105900020,52,19,33
105900021,52,66,-14
105900022,178,129,49
105900023,26,46,-20
105900024,0,93,-93
105900025,544,13,531
105900026,118,2,116
105900027,5835,2504,3331
105900028,168,367,-199
105900029,1410,180,1230
105900030,175,174,1
105900031,497,67,430
105900032,130,25,105
105900033,92,105,-13
105900034,493,76,417
105900035,547,274,273
105900036,111,24,87
105900037,234,20,214
105900038,62,167,-105
105900039,114,29,85
105900040,248,53,195
105900041,131,58,73
105900042,120,180,-60
105900043,547,43,504
105900044,1,430,-429
105900045,2,1817,-1815
105900046,2,102,-100
105900047,14,54,-40
105900048,77,304,-227
105900050,693,2727,-2034
105900051,21,593,-572
105900052,953,68,885
105900053,1889,4704,-2815
105900054,82,150,-68
105900056,241,517,-276
105900057,2,24,-22
105900058,5,16,-11
105900059,0,173,-173
106000001,1729,2302,-573
106000002,506,1783,-1277
106000003,3495,3972,-477
106000004,1033,1544,-511
106000005,4328,2447,1881
106000006,2726,996,1730
106000007,574,259,315
106000008,309,161,148
106000009,439,128,311
106000010,159,267,-108
106000011,1792,531,1261
106000012,683,411,272
106000013,1451,950,501
106000014,732,631,101
106000015,2332,542,1790
106000016,951,690,261
106000017,948,447,501
106000018,446,303,143
106000019,485,214,271
106000020,242,136,106
106000021,598,217,381
106000022,259,129,130
106000023,916,174,742
106000024,405,251,154
106000025,194,229,-35
106000026,89,148,-59
106000027,2338,945,1393
106000028,717,247,470
106000029,684,510,174
106000030,157,368,-211
106000034,105,291,-186
106000035,1107,1087,20
106000036,74,315,-241
106000037,619,507,112
106000038,11,201,-190
106000039,10,154,-144
106000040,58,530,-472
106000041,688,276,412
106000043,213,185,28
106000046,247,9,238
106000047,29,140,-111
106000049,1498,84,1414
106000050,143,320,-177
106000051,1532,665,867
106000052,17,120,-103
106000053,765,80,685
106000054,55,80,-25
106000055,1189,219,970
106000056,122,116,6
106000057,628,76,552
106000058,42,21,21
106000059,522,155,367
106000060,112,162,-50
106000061,170,562,-392
106000062,87,117,-30
106000063,1305,798,507
106000064,7,61,-54
106000065,600,115,485
106000066,128,97,31
106000067,588,37,551
106000068,108,170,-62
106000069,593,52,541
106000070,383,129,254
106000071,1051,94,957
106000072,1768,1042,726
106000073,1257,6348,-5091
106000074,560,578,-18
106000075,449,782,-333
106000076,677,1043,-366
106000077,1396,311,1085
106000078,1688,215,1473
106000079,1131,319,812
106000080,1263,248,1015
106000081,1186,374,812
106000082,1307,260,1047
106000083,530,492,38
106000084,654,268,386
106000085,1213,645,568
106000086,382,303,79
106000087,546,205,341
106000088,390,322,68
106000089,1026,104,922
106000090,423,254,169
106000091,180,345,-165
106000092,899,178,721
106000093,791,28,763
106000094,66,109,-43
106000095,1135,343,792
106000096,1896,195,1701
106000097,1570,344,1226
106000098,1301,214,1087
106000099,95,186,-91
106000100,2131,137,1994
106000101,1031,54,977
106000102,39,194,-155
106000103,202,267,-65
106000104,1356,298,1058
106000105,208,282,-74
106000106,1198,140,1058
106000107,218,144,74
106000108,686,84,602
106000109,82,82,0
106000110,607,113,494
106000111,181,115,66
106000112,225,935,-710
106000113,333,280,53
106000114,494,1113,-619
106000115,202,246,-44
106000116,470,83,387
106000117,520,226,294
106000118,1464,931,533
106000119,638,223,415
106000120,1088,2035,-947
106000121,391,133,258
106000122,435,117,318
106000123,1132,33,1099
106000124,276,82,194
106000125,71,110,-39
106000126,662,59,603
106000127,2374,326,2048
106000128,1602,101,1501
106000129,798,232,566
106000130,1600,121,1479
106000131,82,686,-604
106000132,811,79,732
106000133,950,1836,-886
106000134,610,4323,-3713
106000135,86,253,-167
106000136,1121,2004,-883
106000137,55,346,-291
106000138,3331,64,3267
106000139,79,64,15
106000140,94,17,77
106000141,182,14,168
106000142,154,47,107
106000143,33,48,-15
106000144,19,63,-44
106000145,574,98,476
106000146,966,85,881
106000147,417,301,116
106000148,424,358,66
106000149,892,263,629
106000150,1082,2401,-1319
106000151,2536,435,2101
106000152,731,2487,-1756
106000153,96,1553,-1457
106000154,875,51,824
106000155,265,293,-28
106000156,1938,90,1848
106000157,446,1584,-1138
106000158,948,399,549
106000159,2037,2484,-447
106000160,908,5001,-4093
106000161,482,108,374
106000162,507,1868,-1361
106000163,301,87,214
106000164,1002,106,896
106000165,200,258,-58
106000166,1797,135,1662
106000167,409,369,40
106000168,1305,98,1207
106000169,234,307,-73
106000170,1302,38,1264
106000171,322,560,-238
106000172,2791,770,2021
106000173,828,1395,-567
106000174,1712,137,1575
106000175,193,170,23
106000176,3236,391,2845
106000177,1157,663,494
106000178,3591,602,2989
106000179,682,570,112
106000180,1276,366,910
106000181,3063,844,2219
106000182,2688,237,2451
106000183,2550,147,2403
106000184,1582,295,1287
106000185,2327,1405,922
106000186,365,34,331
106000187,31,1886,-1855
106000188,1,0,1
106000189,2,34,-32
106000190,32,0,32
106000191,406,22,384
106000192,0,1,-1
106000193,231,287,-56
106000194,69,236,-167
106000195,72,45,27
106000196,41,141,-100
106000197,754,76,678
106000198,216,74,142
106000199,392,1854,-1462
106000200,301,164,137
106000201,358,9956,-9598
106000202,1918,600,1318
106000203,7,137,-130
106000204,76,3,73
106000205,1,151,-150
106000206,96,14,82
106000207,15,240,-225
106000208,2002,41,1961
106000209,3090,186,2904
106000210,479,302,177
106000211,215,570,-355
106000212,1898,271,1627
106000213,161,741,-580
106000214,1226,162,1064
106000215,377,295,82
106000216,925,143,782
106000217,108,186,-78
106000218,347,98,249
106000219,151,122,29
106000220,885,135,750
106000221,363,68,295
106000222,199,68,131
106000223,403,31,372
106000224,244,88,156
106000225,95,105,-10
106000226,54,84,-30
106000228,37,70,-33
106000229,159,372,-213
106000231,1847,94,1753
106000232,156,114,42
106000233,773,89,684
106000234,78,226,-148
106000235,307,213,94
106000236,112,107,5
106000237,0,21,-21
106000238,2,82,-80
106000239,0,143,-143
106000240,12,5,7
106000241,1,557,-556
106000242,287,11,276
106000249,136,62,74
106000250,27,898,-871
106000251,130,10,120
106000252,42,12,30
106000253,112,49,63
106000254,137,10,127
106000255,126,155,-29
106000256,28,13,15
106000257,85,129,-44
106000258,69,65,4
106000259,22,95,-73
106000260,64,5,59
106000261,8,48,-40
106000262,21,3,18
106000263,44,9,35
106000264,157,1,156
106000265,25,61,-36
106000266,169,23,146
106000267,17,50,-33
106000268,210,12,198
106000269,14,25,-11
106000270,145,176,-31
106000271,61,62,-1
106000272,93,23,70
106000273,44,103,-59
106000274,154,11,143
106000275,201,65,136
106000276,9,10,-1
106000277,114,92,22
106000278,41,1,40
106000279,14,6,8
106000280,105,20,85
106000281,67,7,60
106000282,84,29,55
106000283,164,14,150
106000284,368,25,343
106000285,90,85,5
106000286,149,28,121
106000287,45,44,1
106000288,155,37,118
106000289,72,27,45
106000290,157,60,97
106000291,88,31,57
106000292,166,13,153
106000293,125,56,69
106000294,127,11,116
106000295,31,48,-17
106000296,6,20,-14
106000297,31,106,-75
106000298,32,95,-63
106000299,19,24,-5
106000300,37,46,-9
106000301,9,68,-59
106000303,86,36,50
106000304,58,6,52
106000305,122,11,111
106000306,19,15,4
106000307,300,17,283
106000308,49,43,6
106000309,4,13,-9
106000310,225,100,125
106000311,505,72,433
106000312,277,58,219
106000313,461,51,410
106000318,22,467,-445
106000319,1831,519,1312
106000320,2,48,-46
106000321,140,228,-88
106000322,357,32,325
106000324,110,50,60
106000325,2394,335,2059
106000326,534,522,12
106000327,526,80,446
106000328,11,69,-58
106000329,11,111,-100
106000330,7,45,-38
106000428,109,172,-63
106000429,129,204,-75
106000430,204,615,-411
106000431,3211,309,2902
106000432,584,1161,-577
106000433,2743,903,1840
106000434,3867,731,3136
106000435,715,898,-183
106000436,5,62,-57
106000437,1337,27,1310
106000438,301,550,-249
106000439,54,653,-599
106000440,156,166,-10
106000441,3,0,3
106000442,381,2,379
106000443,449,108,341
106000450,0,115,-115
106000451,41,189,-148
106000454,0,184,-184
106000455,7,74,-67
106000456,194,4,190
106000457,21,156,-135
106000458,1687,63,1624
106000459,808,54,754
106000460,2855,20,2835
106000461,429,152,277
106000462,1,55,-54
106000463,5,3,2
106000464,2,219,-217
106000465,1230,5,1225
106000466,1,161,-160
106000467,130,303,-173
106000468,170,66,104
106000469,85,1,84
106000470,131,2420,-2289
106000471,3,203,-200
106000472,505,2,503
106000473,23,5,18
106000474,215,327,-112
106000475,681,189,492
106000476,125,281,-156
106000477,64,56,8
106000480,1,1153,-1152
106900001,0,9,-9
106900002,0,102,-102
106900003,57,510,-453
106900004,0,2,-2
106900006,0,5,-5
106900007,0,1,-1
106900008,848,41,807
106900009,706,82,624
106900010,528,154,374
106900012,582,3760,-3178
106900013,874,213,661
106900014,215,1,214
106900015,21,0,21
106900016,572,41,531
106900017,16,1,15
106900018,22,0,22
106900019,344,0,344
106900020,863,3422,-2559
106900021,275,60,215
106900022,2216,15,2201
106900023,100,104,-4
106900024,723,37,686
106900025,12,148,-136
106900026,0,94,-94
106900027,1904,4,1900
107000001,2677,3131,-454
107000002,1081,1571,-490
107000003,8390,6116,2274
107000004,1849,1020,829
107000005,10183,5137,5046
107000006,1941,917,1024
107000007,4762,5974,-1212
107000008,2195,1660,535
107000009,9048,5222,3826
107000010,3622,2429,1193
107000011,354,298,56
107000012,1197,811,386
107000013,146,28,118
107000014,148,46,102
107000015,504,266,238
107000016,1084,230,854
107000017,453,688,-235
107000018,4,482,-478
107000020,569,424,145
107000021,649,260,389
107000022,918,813,105
107000023,1578,112,1466
107000024,998,1264,-266
107000025,342,116,226
107000026,274,255,19
107000027,2000,298,1702
107000028,1056,353,703
107000029,4526,2300,2226
107000030,1395,946,449
107000031,5686,1739,3947
107000032,206,563,-357
107000033,1438,3007,-1569
107000034,2110,632,1478
107000035,382,116,266
107000036,257,820,-563
107000037,124,388,-264
107000038,165,53,112
107000039,832,513,319
107000040,281,89,192
107000041,694,276,418
107000042,317,2110,-1793
107000043,854,481,373
107000044,127,120,7
107000045,39,67,-28
107000046,697,154,543
107000047,215,267,-52
107000048,477,107,370
107000049,299,300,-1
107000050,548,275,273
107000051,177,260,-83
107000052,668,2406,-1738
107000053,236,578,-342
107000054,21,81,-60
107000055,354,110,244
107000056,445,382,63
107000057,858,84,774
107000058,1890,1663,227
107000059,1528,1506,22
107000060,6663,3397,3266
107000061,2587,1136,1451
107000062,8853,2136,6717
107000063,2656,1489,1167
107000064,6422,3541,2881
107000065,1500,1986,-486
107000066,1197,2809,-1612
107000067,1357,787,570
107000068,772,601,171
107000069,1254,640,614
107000070,840,2,838
107000071,5723,29,5694
107000072,8,455,-447
107000073,1595,952,643
107000074,48,254,-206
107000075,2107,83,2024
107000076,134,354,-220
107000077,2979,319,2660
107000078,367,527,-160
107000079,3619,606,3013
107000080,312,653,-341
107000081,5060,501,4559
107000082,333,428,-95
107000083,1620,1157,463
107000084,153,437,-284
107000085,2325,2030,295
107000086,2134,1161,973
107000087,2993,1949,1044
107000088,1865,1605,260
107000089,1586,1930,-344
107000090,1033,541,492
107000091,2153,487,1666
107000092,620,377,243
107000093,1796,937,859
107000094,620,357,263
107000095,1839,643,1196
107000096,590,290,300
107000097,2549,325,2224
107000098,425,327,98
107000099,614,333,281
107000100,217,149,68
107000101,101,232,-131
107000102,185,204,-19
107000103,577,227,350
107000104,110,233,-123
107000105,754,194,560
107000106,95,93,2
107000107,1062,103,959
107000108,232,241,-9
107000109,1925,155,1770
107000110,108,150,-42
107000111,1020,25,995
107000112,20,130,-110
107000113,1833,65,1768
107000114,27,234,-207
107000115,1100,1059,41
107000116,82,224,-142
107000117,234,4347,-4113
107000118,99,50,49
107000119,1086,1796,-710
107000120,554,1260,-706
107000121,1114,281,833
107000122,399,451,-52
107000123,859,340,519
107000124,738,134,604
107000125,1594,234,1360
107000126,1979,176,1803
107000129,432,193,239
107000130,1225,158,1067
107000131,265,197,68
107000132,889,198,691
107000133,288,118,170
107000134,241,1,240
107000135,0,192,-192
107000136,465,0,465
107000137,2,253,-251
107000138,89,9,80
107000139,4,224,-220
107000140,1626,38,1588
107000141,32,489,-457
107000142,534,40,494
107000143,13,613,-600
107000144,418,572,-154
107000145,50,310,-260
107000146,140,351,-211
107000147,2990,445,2545
107000150,125,4589,-4464
107000151,1,21,-20
107000152,392,3537,-3145
107000153,68,81,-13
107000154,9,92,-83
107000155,1190,2,1188
107000156,1493,1,1492
107000157,10,228,-218
107000158,1519,40,1479
107000159,3,156,-153
107000160,2440,132,2308
107000161,51,200,-149
107000162,341,731,-390
107000163,513,1,512
107000164,1415,0,1415
107000165,2074,2,2072
107000166,14,130,-116
107000167,1103,242,861
107000168,1134,494,640
107000169,150,234,-84
107000170,4957,411,4546
107000171,333,327,6
107000172,1927,2201,-274
107000173,205,172,33
107000174,1114,7312,-6198
107000175,1953,363,1590
107000176,4,0,4
107000177,1,0,1
107000178,278,4,274
107000179,351,624,-273
107000180,2135,84,2051
107000181,333,346,-13
107000182,2319,287,2032
107000183,206,215,-9
107000184,1874,325,1549
107000185,222,352,-130
107000186,905,133,772
107000187,1296,584,712
107000188,551,169,382
107000189,1040,405,635
107000190,1011,247,764
107000191,1049,407,642
107000192,1536,222,1314
107000193,290,199,91
107000194,534,190,344
107000197,923,125,798
107000198,285,322,-37
107000199,429,361,68
107000200,873,605,268
107000201,249,154,95
107000202,253,349,-96
107000203,432,784,-352
107000204,430,1606,-1176
107000205,500,190,310
107000206,147,710,-563
107000207,206,420,-214
107000208,174,297,-123
107000209,357,369,-12
107000210,60,33,27
107000211,19,13,6
107000212,0,69,-69
107000213,0,2,-2
107000214,30,33,-3
107000215,601,83,518
107000216,615,53,562
107000217,190,82,108
107000219,50,225,-175
107000220,62,118,-56
107000222,222,114,108
107000224,385,69,316
107000225,154,110,44
107000226,855,63,792
107000227,169,54,115
107000228,32,659,-627
107000229,30,169,-139
107000230,689,390,299
107000231,284,867,-583
107000232,118,25,93
107000233,89,412,-323
107000234,3,73,-70
107000235,38,19,19
107000236,3,648,-645
107000237,95,0,95
107000238,32,4,28
107000239,1085,522,563
107000240,67,114,-47
107000243,0,43,-43
107000244,6,16,-10
107000246,0,272,-272
107000249,1,400,-399
107000251,0,76,-76
107000252,0,103,-103
107000255,136,276,-140
107000257,1,565,-564
107000258,1,164,-163
107000259,0,64,-64
107000260,2208,6,2202
107000262,5,110,-105
107000263,619,5,614
107000266,14,16,-2
107000267,9,50,-41
107000268,105,36,69
107000269,89,71,18
107000270,434,47,387
107000271,35,33,2
107000272,224,2,222
107000273,0,181,-181
107000274,183,62,121
107000275,5,439,-434
107000280,1991,20,1971
107000281,9,178,-169
107000282,3,243,-240
107000290,2,16,-14
107000291,16,4,12
107000292,0,27,-27
107000293,9,0,9
107000294,0,70,-70
107000295,18,1,17
107000296,0,35,-35
107000444,419,2,417
107000496,17,7,10
107000497,503,698,-195
107000500,356,113,243
107000501,61,163,-102
107000502,194,189,5
107000505,298,358,-60
107000506,0,1,-1
107000508,0,59,-59
107000509,109,656,-547
107000510,63,36,27
107000514,29,408,-379
107000515,0,45,-45
107000516,570,290,280
107000518,1958,4074,-2116
107000519,418,298,120
107000520,222,25,197
107000521,1483,79,1404
107000522,2351,266,2085
107900001,122,56,66
107900002,37,1,36
107900003,435,9,426
107900004,50,0,50
107900005,4819,28,4791
107900006,223,20,203
107900007,441,21,420
107900008,19,2,17
107900009,118,8,110
107900010,128,7,121
107900012,298,44,254
107900013,130,5,125
107900014,288,8,280
107900015,3008,23,2985
107900016,125,25,100
107900017,68,1,67
107900018,44,503,-459
107900019,7,8,-1
107900020,4,42,-38
107900021,254,11,243
107900023,14,6,8
107900024,0,1,-1
107900025,236,48,188
107900026,100,9,91
107900027,1,76,-75
107900028,340,8,332
107900030,252,8,244
107900031,120,56,64
107900032,140,2,138
107900033,35,6,29
107900034,276,6,270
107900035,2411,196,2215
107900036,21,29,-8
107900037,0,2,-2
107900038,16,304,-288
107900039,56,16,40
107900040,2,249,-247
107900041,0,3,-3
107900043,121,42,79
107900044,2,9,-7
107900045,146,44,102
107900046,515,454,61
107900047,59,1,58
107900048,431,18,413
107900049,176,1048,-872
107900050,16,86,-70
107900051,37,29,8
107900052,5,59,-54
107900053,159,22,137
107900055,303,90,213
107900056,73,170,-97
107900057,4,0,4
107900058,28,202,-174
107900060,5,58,-53
107900061,2,13,-11
107900063,73,49,24
107900064,92,959,-867
107900065,870,27,843
107900066,55,3,52
107900067,9,0,9
107900068,153,845,-692
107900069,8,4305,-4297
107900070,138,136,2
107900071,14,183,-169
107900072,299,25,274
107900073,55,19,36
107900074,153,396,-243
107900076,142,5,137
107900077,114,1,113
107900079,12,13,-1
107900080,105,603,-498
107900081,25,14,11
107900082,1,18,-17
107900083,455,129,326
107900084,237,85,152
107900086,16,262,-246
107900087,154,22,132
107900088,88,13,75
107900089,131,287,-156
107900090,148,1627,-1479
107900091,60,53,7
107900093,33,18,15
107900095,648,780,-132
107900097,33,37,-4
107900098,198,216,-18
107900100,137,1521,-1384
107900101,218,14,204
107900102,50,0,50
107900103,64,89,-25
107900104,245,0,245
107900105,0,21,-21
107900106,0,129,-129
107900107,403,238,165
107900108,60,11,49
107900109,2642,83,2559
107900110,141,13,128
107900111,4,136,-132
107900112,16,544,-528
107900113,340,16,324
107900114,240,42,198
107900115,0,2,-2
107900116,362,34,328
107900117,198,168,30
107900118,14,48,-34
107900119,102,182,-80
107900120,92,10,82
107900121,4,86,-82
107900122,0,23,-23
107900123,6,111,-105
107900124,2,16,-14
107900125,18,70,-52
107900126,27,13,14
107900127,324,169,155
107900128,9,18,-9
107900129,207,3,204
107900130,206,2,204
107900131,28,42,-14
107900132,6,58,-52
107900133,0,15,-15
107900134,7,32,-25
107900135,7,24,-17
107900136,6,28,-22
107900137,28,29,-1
107900138,140,5,135
107900139,146,6,140
107900141,15,46,-31
107900142,16,271,-255
107900143,14,2,12
107900144,0,10,-10
107900145,0,12,-12
107900146,14,52,-38
107900147,22,2,20
107900148,148,43,105
107900149,340,14,326
107900150,2,128,-126
107900151,10,5,5
107900152,0,33,-33
107900153,35,88,-53
107900154,124,7,117
107900155,168,17,151
107900156,1,37,-36
107900157,24,50,-26
107900158,2244,83,2161
107900159,19,236,-217
107900160,142,44,98
107900161,87,11,76
107900162,1,11,-10
107900163,18,33,-15
107900164,50,11,39
107900165,4,280,-276
107900166,49,13,36
107900167,4,16,-12
107900168,138,7,131
107900169,0,203,-203
107900171,0,188,-188
107900172,4,52,-48
107900173,29,20,9
107900174,151,1,150
107900175,0,25,-25
107900176,134,12,122
107900177,0,39,-39
107900178,0,42,-42
107900179,22,30,-8
107900180,131,1568,-1437
107900181,195,83,112
107900182,1,149,-148
107900183,102,49,53
107900184,211,50,161
107900185,133,6,127
107900186,41,5,36
107900187,0,47,-47
107900188,309,43,266
107900189,31,52,-21
107900190,8,116,-108
107900191,48,35,13
107900193,0,79,-79
107900194,145,3,142
107900195,505,132,373
107900196,95,9,86
107900197,62,75,-13
107900199,0,249,-249
107900201,71,27,44
107900203,14,9,5
107900204,76,67,9
107900206,156,678,-522
107900207,0,72,-72
107900208,1,105,-104
107900209,111,46,65
107900210,14,21,-7
107900213,268,119,149
107900214,2,61,-59
107900215,61,230,-169
107900216,2,9,-7
107900217,10,18,-8
107900218,6,241,-235
107900219,68,11,57
107900220,11,56,-45
107900221,27,70,-43
107900223,122,51,71
107900224,34,288,-254
107900225,2,150,-148
107900226,5,21,-16
107900227,50,83,-33
107900228,34,42,-8
107900229,4,76,-72
107900230,45,6,39
107900231,9,36,-27
107900232,304,8,296
107900233,3,16,-13
107900234,551,50,501
107900235,2,45,-43
107900236,631,43,588
107900237,16,126,-110
107900238,56,8,48
107900239,79,575,-496
107900240,30,5,25
107900241,1,13,-12
107900242,11,31,-20
107900243,0,15,-15
107900244,238,2,236
107900245,1197,21,1176
107900246,183,7,176
107900248,808,54,754
107900249,1316,196,1120
107900250,0,89,-89
107900251,4,296,-292
107900252,860,68,792
107900253,244,33,211
107900254,71,120,-49
107900255,32,3,29
107900256,169,596,-427
107900257,427,112,315
107900258,49,41,8
107900259,28,4664,-4636
107900261,0,87,-87
107900262,20,20,0
107900264,584,15,569
107900265,98,39,59
107900267,631,7,624
107900268,1,1,0
107900269,0,0,0
107900270,0,0,0
107900271,1,44,-43
107900272,4,31,-27
107900273,56,11,45
107900274,178,0,178
107900275,60,0,60
107900276,0,16,-16
107900277,0,13,-13
107900278,446,37,409
107900279,6,16,-10
107900280,1785,724,1061
107900281,609,10550,-9941
107900282,8,1160,-1152
107900283,250,959,-709
107900284,921,319,602
107900285,199,29,170
107900286,4,37,-33
107900287,952,66,886
107900290,0,950,-950
107900291,443,6,437
107900292,66,37,29
107900293,91,68,23
107900295,57,11,46
107900297,3,252,-249
107900298,365,371,-6
107900299,1048,2965,-1917
107900301,688,403,285
107900302,97,11,86
107900303,615,110,505
107900304,741,54,687
107900305,453,2,451
107900306,0,50,-50
107900307,10,133,-123
107900308,239,68,171
107900309,14,0,14
107900310,27,1,26
107900311,95,152,-57
107900312,28,0,28
107900313,0,122,-122
107900314,1,145,-144
107900315,0,46,-46
107900316,25,0,25
107900317,72,1,71
107900318,2,184,-182
107900319,2,11,-9
107900320,1,52,-51
107900321,278,0,278
107900322,1,21,-20
107900323,9,28,-19
107900324,75,0,75
107900325,269,0,269
107900326,1043,84,959
107900327,0,62,-62
107900328,3,0,3
107900329,2,138,-136
107900330,17,38,-21
107900331,759,13,746
107900332,769,5,764
107900333,114,4,110
107900334,2,20,-18
107900335,18,11,7
107900336,44,24,20
107900337,230,1371,-1141
107900338,1,61,-60
107900339,0,5,-5
107900340,0,115,-115
107900341,28,0,28
107900342,121,24,97
107900343,35,0,35
107900344,22,5,17
107900345,46,18,28
107900346,6,0,6
107900347,5,0,5
107900348,6,0,6
107900349,23,5,18
107900350,0,51,-51
107900351,6,14,-8
107900352,1,25,-24
107900353,49,1,48
107900354,1,54,-53
108000001,4654,2760,1894
108000002,889,989,-100
108000003,2328,1218,1110
108000004,5679,5718,-39
108000005,7258,3019,4239
108000006,1924,1554,370
108000007,5806,2406,3400
108000008,1581,1644,-63
108000009,6122,3108,3014
108000010,1397,1764,-367
108000011,12917,7588,5329
108000012,5251,5358,-107
108000014,437,1236,-799
108000015,874,140,734
108000016,223,424,-201
108000017,1110,196,914
108000018,1836,435,1401
108000019,809,256,553
108000020,1033,243,790
108000021,79,628,-549
108000022,212,380,-168
108000023,2244,249,1995
108000024,485,157,328
108000025,600,83,517
108000026,1232,114,1118
108000027,1172,135,1037
108000028,1164,96,1068
108000029,911,238,673
108000030,355,80,275
108000031,177,296,-119
108000032,3057,470,2587
108000033,356,310,46
108000034,1904,392,1512
108000035,367,696,-329
108000036,166,298,-132
108000037,3194,196,2998
108000038,4801,212,4589
108000039,230,515,-285
108000040,2511,847,1664
108000041,164,772,-608
108000042,832,79,753
108000043,109,127,-18
108000044,767,50,717
108000045,126,108,18
108000046,2835,124,2711
108000047,215,242,-27
108000048,61,80,-19
108000049,894,83,811
108000050,56,217,-161
108000051,264,260,4
108000052,69,121,-52
108000053,417,265,152
108000054,153,380,-227
108000055,1082,298,784
108000056,462,544,-82
108000057,747,906,-159
108000058,1522,5056,-3534
108000059,1155,554,601
108000060,340,705,-365
108000061,227,250,-23
108000062,1396,254,1142
108000063,345,224,121
108000064,345,183,162
108000065,537,230,307
108000066,1798,878,920
108000067,3138,784,2354
108000068,1207,204,1003
108000069,111,335,-224
108000070,2593,254,2339
108000071,287,385,-98
108000072,1470,422,1048
108000073,230,371,-141
108000074,1025,286,739
108000075,135,125,10
108000076,1012,286,726
108000077,254,198,56
108000078,3690,546,3144
108000079,315,298,17
108000080,2565,240,2325
108000081,258,467,-209
108000082,406,367,39
108000083,2402,530,1872
108000084,133,541,-408
108000085,1431,315,1116
108000086,170,266,-96
108000087,205,2280,-2075
108000088,1480,292,1188
108000089,361,296,65
108000091,179,259,-80
108000092,644,87,557
108000093,356,190,166
108000094,1651,118,1533
108000095,305,185,120
108000096,1060,196,864
108000097,209,224,-15
108000098,3055,786,2269
108000099,1059,188,871
108000100,96,338,-242
108000101,1354,863,491
108000102,1179,2606,-1427
108000106,966,0,966
108000107,1,212,-211
108000108,902,65,837
108000109,2,302,-300
108000110,737,171,566
108000111,233,330,-97
108000112,43,156,-113
108000113,162,102,60
108000115,151,135,16
108000117,331,185,146
108000118,214,1844,-1630
108000119,368,122,246
108000120,256,1055,-799
108000121,249,160,89
108000122,1127,282,845
108000123,842,120,722
108000124,351,134,217
108000125,1222,107,1115
108000126,386,133,253
108000127,965,280,685
108000128,913,117,796
108000129,150,276,-126
108000130,824,192,632
108000131,1024,94,930
108000132,185,229,-44
108000133,1436,108,1328
108000134,305,102,203
108000135,1557,787,770
108000136,221,291,-70
108000137,580,115,465
108000138,410,300,110
108000139,590,116,474
108000140,791,4,787
108000141,35,8,27
108000142,33,12,21
108000143,28,102,-74
108000144,1334,50,1284
108000145,49,11,38
108000146,1548,32,1516
108000147,20,9,11
108000148,1249,40,1209
108000149,22,2,20
108000150,65,1,64
108000151,21,18,3
108000152,65,83,-18
108000153,1741,73,1668
108000154,8,1,7
108000155,110,21,89
108000156,390,204,186
108000157,143,2732,-2589
108000158,46,972,-926
108000159,132,120,12
108000160,1005,1718,-713
108000161,904,4941,-4037
108000165,0,492,-492
108000172,0,217,-217
108000173,303,1938,-1635
108000175,1113,90,1023
108000178,240,97,143
108000179,53,635,-582
108000181,68,6,62
108000182,135,32,103
108000183,20,53,-33
108000184,208,3940,-3732
108000185,361,49,312
108000186,809,133,676
108000187,167,146,21
108000188,1538,77,1461
108000189,544,18571,-18027
108000190,2,28,-26
108000192,214,93,121
108000193,295,12,283
108000194,26,14,12
108000195,0,344,-344
108000196,183,104,79
108000198,932,42,890
108000199,0,365,-365
108000200,1366,108,1258
108000203,403,115,288
108000204,315,74,241
108000205,37,140,-103
108000339,449,181,268
108000364,101,253,-152
108000365,61,95,-34
108000367,78,66,12
108000368,4,66,-62
108000369,237,64,173
108000371,0,284,-284
108000372,852,2,850
108000373,197,56,141
108000376,372,14,358
108000377,1362,90,1272
108000378,8044,13427,-5383
108000379,17,174,-157
108000381,226,13,213
108000382,102,2,100
108000383,4,239,-235
108900001,8,98,-90
108900002,162,20,142
108900003,67,210,-143
108900004,499,515,-16
108900007,363,80,283
108900008,245,42,203
108900009,171,130,41
108900010,533,60,473
108900011,948,74,874
108900012,582,92,490
108900013,122,146,-24
108900014,6,95,-89
108900015,0,40,-40
108900016,0,90,-90
108900017,133,253,-120
108900018,124,111,13
108900019,52,126,-74
108900020,45,26,19
108900021,71,52,19
108900022,98,9,89
108900023,3,47,-44
108900024,71,19,52
108900025,410,11,399
108900026,22,26,-4
108900027,0,12,-12
108900028,141,34,107
108900029,26,123,-97
108900030,0,10,-10
108900031,97,47,50
108900032,0,57,-57
108900033,0,31,-31
108900034,0,38,-38
108900035,189,268,-79
108900038,0,93,-93
108900039,0,62,-62
108900040,3,28,-25
108900041,2219,2558,-339
108900042,2,280,-278
108900043,30,306,-276
108900044,0,52,-52
108900045,88,50,38
108900046,13,69,-56
108900047,0,68,-68
108900048,67,129,-62
108900049,502,3172,-2670
108900050,2,58,-56
108900051,0,26,-26
108900052,15,36,-21
108900053,118,550,-432
108900054,49,71,-22
108900055,4,136,-132
108900056,2,23,-21
108900057,0,27,-27
108900058,29,78,-49
108900059,1614,48,1566
108900060,85,75,10
108900061,39,3,36
108900062,3,50,-47
108900063,37,49,-12
108900064,525,15,510
108900065,13,61,-48
108900066,530,40,490
108900067,3,50,-47
108900068,22,32,-10
108900069,110,18,92
108900070,12,18,-6
108900071,194,7,187
108900072,905,101,804
108900073,24,92,-68
108900074,525,27,498
108900075,2,12,-10
108900076,680,10,670
108900077,8,180,-172
108900078,98,10,88
108900079,139,63,76
108900080,4,1058,-1054
108900081,12,71,-59
108900082,111,15,96
108900083,6,247,-241
108900085,647,33,614
108900086,370,48,322
108900087,18,72,-54
108900088,366,347,19
108900089,16,90,-74
108900090,42,56,-14
108900091,75,26,49
108900092,288,272,16
108900093,73,52,21
108900094,279,75,204
108900095,73,63,10
108900096,149,16,133
108900097,286,31,255
108900098,682,1410,-728
108900099,452,58,394
108900100,60,19,41
108900101,366,637,-271
108900102,2,1635,-1633
108900103,394,127,267
108900105,10,3115,-3105
108900106,581,64,517
108900108,261,9,252
108900109,1533,48,1485
108900110,109,48,61
108900111,486,74,412
108900113,78,33,45
108900114,394,30,364
108900115,258,168,90
108900116,88,2,86
108900117,580,20,560
108900118,1387,24,1363
108900119,692,43,649
108900120,758,142,616
108900121,204,61,143
108900122,348,27,321
108900123,450,37,413
108900124,1095,121,974
108900125,1326,10,1316
108900126,285,76,209
108900127,353,21,332
108900128,206,23,183
108900129,1840,82,1758
108900130,1062,15,1047
108900131,738,4,734
108900132,658,33,625
108900133,416,14,402
108900134,991,34,957
108900135,608,5,603
108900136,28,5,23
108900137,459,0,459
108900138,1061,52,1009
108900140,1138,16,1122
108900141,910,9,901
108900142,68,15,53
108900143,174,1,173
108900144,221,0,221
108900145,373,4,369
108900146,123,0,123
108900147,575,1,574
108900148,62,4,58
108900150,156,11,145
108900151,40,1,39
108900152,210,7,203
108900153,230,63,167
108900154,7863,509,7354
108900156,232,3,229
108900157,19,102,-83
108900158,907,19,888
108900159,136,80,56
108900160,15,118,-103
108900161,316,159,157
108900162,263,1,262
108900163,6,461,-455
108900164,48,20,28
108900168,2002,1713,289
108900169,52,49,3
108900171,1353,3434,-2081
108900172,141,47,94
108900173,31,145,-114
108900174,1150,174,976
108900176,25,100,-75
108900177,1499,10808,-9309
108900178,898,5849,-4951
108900180,58,105,-47
108900183,145,77,68
108900184,347,31,316
108900185,28,95,-67
108900186,24,101,-77
108900189,482,26,456
108900190,15,541,-526
108900192,38,79,-41
108900195,85,46,39
108900196,11,104,-93
108900199,176,142,34
108900200,714,383,331
108900201,199,501,-302
108900203,465,90,375
108900204,627,5,622
108900205,234,14,220
108900206,622,88,534
108900207,389,475,-86
108900208,27,136,-109
108900209,67,175,-108
108900210,45,66,-21
108900211,101,606,-505
108900212,59,1913,-1854
108900215,25,141,-116
108900216,148,595,-447
108900217,68,0,68
108900218,17,7,10
108900221,13,64,-51
108900224,5,50,-45
108900225,0,113,-113
108900227,214,215,-1
108900230,35,83,-48
108900232,1,67,-66
108900233,422,116,306
108900234,339,166,173
108900235,43,122,-79
108900236,32,125,-93
108900240,118,36,82
108900241,85,15,70
108900245,5,2233,-2228
108900250,292,35,257
108900258,1,25,-24
108900259,1,22,-21
108900260,22,8,14
108900261,5,40,-35
108900262,55,59,-4
108900263,20,132,-112
108900264,86,116,-30
108900265,203,302,-99
108900266,129,1700,-1571
108900267,1,418,-417
108900268,39,23,16
108900269,208,15,193
108900270,206,10,196
108900271,124,6,118
108900272,424,7,417
108900273,179,401,-222
108900274,107,21,86
109000001,4158,4993,-835
109000002,624,4116,-3492
109000003,4025,316,3709
109000004,893,1473,-580
109000005,2255,328,1927
109000006,986,687,299
109000007,2858,404,2454
109000008,1100,720,380
109000009,4177,723,3454
109000010,864,1328,-464
109000011,7012,1572,5440
109000012,1326,1423,-97
109000013,7001,5301,1700
109000014,1535,990,545
109000015,3974,15094,-11120
109000016,2422,942,1480
109000017,4162,940,3222
109000018,901,1093,-192
109000019,3474,1164,2310
109000020,1337,964,373
109000023,193,2,191
109000024,5,79,-74
109000025,128,696,-568
109000026,394,271,123
109000027,111,377,-266
109000028,79,28,51
109000029,16,349,-333
109000030,16,172,-156
109000031,517,67,450
109000032,43,198,-155
109000033,805,152,653
109000034,40,24,16
109000035,46,12,34
109000036,23,196,-173
109000037,478,4175,-3697
109000038,182,98,84
109000039,1203,642,561
109000040,2076,21278,-19202
109000041,696,2783,-2087
109000042,653,1959,-1306
109000044,689,17,672
109000045,157,135,22
109000046,507,48,459
109000047,82,186,-104
109000048,284,119,165
109000049,186,324,-138
109000050,194,143,51
109000051,160,84,76
109000052,398,320,78
109000053,599,38,561
109000054,56,150,-94
109000055,434,135,299
109000056,126,163,-37
109000057,1461,389,1072
109000058,94,45,49
109000059,50,1104,-1054
109000060,80,635,-555
109000061,232,1639,-1407
109000062,100,322,-222
109000063,167,14,153
109000064,816,55,761
109000065,407,74,333
109000066,585,23,562
109000067,120,36,84
109000068,586,6,580
109000069,602,15,587
109000070,3,674,-671
109000071,325,45,280
109000072,79,128,-49
109000073,86,48,38
109000074,11,89,-78
109000075,48,95,-47
109000076,75,290,-215
109000077,184,94,90
109000078,183,103,80
109000079,85,35,50
109000080,403,36,367
109000081,153,194,-41
109000082,1119,54,1065
109000083,258,178,80
109000088,196,88,108
109000089,369,100,269
109000090,84,76,8
109000091,760,66,694
109000092,115,64,51
109000093,419,50,369
109000094,1645,10,1635
109000095,255,92,163
109000096,1540,107,1433
109000097,33,39,-6
109000098,56,76,-20
109000099,884,102,782
109000100,423,226,197
109000101,2371,213,2158
109000102,656,177,479
109000103,893,224,669
109000104,3448,103,3345
109000105,495,333,162
109000106,2230,216,2014
109000107,446,392,54
109000108,2881,307,2574
109000109,469,466,3
109000110,1590,278,1312
109000111,537,788,-251
109000112,140,74,66
109000113,292,159,133
109000114,62,193,-131
109000115,717,49,668
109000116,16,211,-195
109000117,379,10,369
109000118,19,117,-98
109000119,2887,34,2853
109000120,664,146,518
109000121,946,11,935
109000122,387,164,223
109000123,51,24,27
109000124,1350,137,1213
109000125,1173,146,1027
109000126,425,143,282
109000127,1657,62,1595
109000128,672,185,487
109000129,4802,228,4574
109000130,238,252,-14
109000131,849,603,246
109000132,254,381,-127
109000133,121,215,-94
109000134,419,358,61
109000135,388,404,-16
109000136,157,194,-37
109000137,320,187,133
109000138,291,82,209
109000139,711,169,542
109000140,96,103,-7
109000141,530,150,380
109000142,72,186,-114
109000143,214,51,163
109000145,81,412,-331
109000146,2,21,-19
109000148,1124,1314,-190
109000149,14,56,-42
109000150,16,105,-89
109000155,1228,829,399
109000156,679,145,534
109000158,31,120,-89
109000159,155,251,-96
109000160,2347,75,2272
109000161,743,480,263
109000162,2707,181,2526
109000163,1717,472,1245
109000164,1793,908,885
109000165,1911,303,1608
109000166,1581,60,1521
109000167,138,151,-13
109000170,38,16,22
109000171,162,6,156
109000172,2,30,-28
109000173,0,117,-117
109000174,324,25,299
109000175,32,24,8
109000176,461,87,374
109000177,22,17,5
109000178,1433,73,1360
109000179,1625,8359,-6734
109000180,2224,3376,-1152
109000181,36,3,33
109000182,17,8,9
109000183,120,3,117
109000184,89,11,78
109000185,9,8,1
109000188,245,744,-499
109000189,3938,499,3439
109000190,984,253,731
109000191,233,367,-134
109000192,987,71,916
109000193,193,36,157
109000194,518,34,484
109000195,353,38,315
109000196,255,23,232
109000197,199,84,115
109000198,344,39,305
109000199,211,101,110
109000206,130,4,126
109000207,222,3,219
109000208,113,83,30
109000209,213,62,151
109000210,54,169,-115
109000211,2248,285,1963
109000214,219,68,151
109000215,114,21,93
109000216,448,382,66
109000217,37,74,-37
109000218,277,196,81
109000221,102,215,-113
109000222,672,88,584
109000223,759,352,407
109000224,197,23,174
109000225,355,27,328
109000226,86,39,47
109000227,2343,226,2117
109000228,1,458,-457
109000231,1,50,-49
109000232,1592,145,1447
109000236,267,235,32
109000241,1645,367,1278
109000242,1346,268,1078
109000293,134,113,21
109000361,141,93,48
109000364,33,229,-196
109000396,2,125,-123
109000397,1004,29,975
109000399,51,176,-125
109000400,115,66,49
109000403,7,1205,-1198
109000406,1433,4,1429
109000407,192,69,123
109000408,0,230,-230
109000410,790,136,654
109000411,434,32,402
109900001,194,0,194
109900002,1227,3,1224
109900003,1093,1,1092
109900004,125,95,30
109900005,11,0,11
109900006,537,36,501
109900007,2363,137,2226
109900008,0,3,-3
109900009,40,183,-143
109900010,1082,20,1062
109900011,14,9,5
109900012,529,118,411
109900013,640,35,605
109900014,169,35,134
109900015,114,10,104
109900016,59,8,51
109900017,312,107,205
109900018,104,8,96
109900019,130,27,103
109900020,43,39,4
109900021,23,11,12
109900022,152,87,65
109900023,10,3,7
109900024,11,1,10
109900025,8,23,-15
109900026,0,31,-31
109900027,19,10,9
109900028,296,3545,-3249
109900029,1,156,-155
109900030,40,9,31
109900031,0,601,-601
109900032,0,41,-41
109900033,1,173,-172
109900034,19,4,15
109900035,231,123,108
109900036,18,8,10
109900037,14,175,-161
109900038,72,65,7
109900039,0,0,0
109900040,6,121,-115
109900041,28,84,-56
109900042,29,223,-194
109900044,83,75,8
109900045,78,41,37
109900046,96,25,71
109900047,70,73,-3
109900048,3,58,-55
109900049,36,25,11
109900050,0,12,-12
109900051,1,3,-2
109900052,64,46,18
109900053,1,44,-43
109900054,1852,67,1785
109900055,217,62,155
109900056,48,183,-135
109900057,3,30,-27
109900058,0,35,-35
109900059,2389,57,2332
109900060,1346,62,1284
109900061,47,51,-4
109900062,0,38,-38
109900063,9,306,-297
109900064,904,69,835
109900065,23,42,-19
109900066,57,219,-162
109900067,0,71,-71
109900068,105,1,104
109900069,0,20,-20
109900070,21,41,-20
109900071,0,5,-5
109900072,19,18,1
109900073,848,164,684
109900074,11,9,2
109900075,32,34,-2
109900076,45,58,-13
109900077,16,7,9
109900078,38,33,5
109900080,127,35,92
109900081,0,115,-115
109900082,59,37,22
109900083,6,5,1
109900084,18,96,-78
109900085,65,138,-73
109900086,112,1066,-954
109900087,20,173,-153
109900089,781,52,729
109900090,84,203,-119
109900091,786,13,773
109900092,200,26,174
109900093,1564,78,1486
109900094,56,33,23
109900095,39,78,-39
109900096,182,8,174
109900097,237,0,237
109900098,826,15,811
109900099,786,1,785
109900100,116,0,116
109900101,1350,4,1346
109900102,578,8,570
109900103,55,55,0
109900104,1717,106,1611
109900105,676,8,668
109900106,538,11,527
109900107,725,13,712
109900108,105,129,-24
109900109,10,20,-10
109900110,34,109,-75
109900111,27,143,-116
109900112,95,122,-27
109900113,1097,345,752
109900114,216,1071,-855
109900115,181,28,153
109900117,2445,40,2405
109900118,90,87,3
109900119,68,184,-116
109900120,42,6,36
109900121,170,73,97
109900122,1679,3,1676
109900123,13,24,-11
109900124,4,83,-79
109900125,0,33,-33
109900126,599,5,594
109900128,479,5,474
109900130,1728,4696,-2968
109900131,1,50,-49
109900132,11,30,-19
109900133,77,92,-15
109900134,32,59,-27
109900135,82,15,67
109900136,56,67,-11
109900137,288,83,205
109900140,149,59,90
109900142,3736,89,3647
109900145,6,700,-694
109900146,59,33,26
109900148,23,10,13
109900149,11,17,-6
109900150,0,13,-13
109900151,0,1,-1
109900152,0,15,-15
109900153,0,33,-33
109900154,28,0,28
109900155,45,22,23
109900157,9,100,-91
109900158,21,23,-2
109900159,66,8,58
109900160,177,4,173
109900161,530,18,512
109900162,177,24,153
109900163,184,61,123
109900164,51,74,-23
109900165,376,5,371
109900166,0,67,-67
109900167,230,191,39
109900168,83,333,-250
109900169,297,83,214
109900170,154,1697,-1543
109900171,576,71,505
109900172,357,388,-31
109900173,563,2454,-1891
109900174,13,82,-69
109900175,102,59,43
109900176,112,71,41
109900177,14,33,-19
109900178,0,76,-76
109900179,35,6,29
109900180,1,14,-13
110000001,452,182,270
110000002,548,318,230
110000003,468,495,-27
110000004,235,284,-49
110000005,186,2620,-2434
110000006,287,207,80
110000007,61,36,25
110000008,23,391,-368
110000009,37,11,26
110000010,66,136,-70
110000011,20,28,-8
110000012,138,131,7
110000013,34,774,-740
110000014,501,332,169
110000015,128,593,-465
110000016,247,1757,-1510
110000017,1684,157,1527
110000018,1666,330,1336
110000019,18,30,-12
110000020,879,403,476
110000021,110,80,30
110000022,1348,74,1274
110000023,4,47,-43
110000024,336,42,294
110000025,1952,1,1951
110000026,1,122,-121
110000027,468,1195,-727
110000028,1235,248,987
110000029,279,217,62
110000030,422,381,41
110000031,184,190,-6
110000032,1436,59,1377
110000033,98,61,37
110000034,1219,344,875
110000035,370,166,204
110000036,2012,261,1751
110000037,150,87,63
110000038,408,977,-569
110000039,1032,9110,-8078
110000040,256,223,33
110000041,333,3469,-3136
110000042,78,454,-376
110000043,604,330,274
110000044,19,216,-197
110000045,72,69,3
110000046,3,137,-134
110000047,2,67,-65
110000048,4,156,-152
110000049,5,9,-4
110000050,5,145,-140
110000051,10,21,-11
110000052,58,20,38
110000053,6,6,0
110000054,43,339,-296
110000055,62,67,-5
110000056,59,92,-33
110000057,135,185,-50
110000058,656,237,419
110000059,480,323,157
110000060,1149,391,758
110000061,228,248,-20
110000062,391,462,-71
110000063,79,356,-277
110000064,26,17,9
110000065,191,240,-49
110000066,91,8,83
110000067,32,50,-18
110000068,321,45,276
110000069,996,5,991
110000071,1368,12,1356
110000073,66,4,62
110000075,55,21,34
110000076,532,653,-121
110000077,171,1804,-1633
110000078,163,10,153
110000080,155,154,1
110000081,59,169,-110
110000082,25,231,-206
110000083,193,191,2
110000084,1582,759,823
110000085,465,570,-105
110000086,595,1889,-1294
110000087,34,37,-3
110000088,203,130,73
110000089,604,34,570
110000090,138,127,11
110000091,366,112,254
110000092,20,22,-2
110000093,53,22,31
110000094,374,106,268
110000095,108,501,-393
110000096,765,3158,-2393
110000097,733,1729,-996
110000098,1677,405,1272
110000099,1216,1391,-175
110000100,2746,84,2662
110000101,208,72,136
110000102,77,43,34
110000104,340,123,217
110000105,29,132,-103
110000106,379,479,-100
110000107,132,154,-22
110000108,109,222,-113
110000109,57,146,-89
110000110,1072,2982,-1910
110000111,2260,2289,-29
110000112,87,1084,-997
110000113,55,3710,-3655
110000114,910,929,-19
110000115,1019,106,913
110000116,108,70,38
110000117,803,135,668
110000118,1013,70,943
110000119,870,70,800
110000120,422,51,371
110000121,81,427,-346
110000122,160,162,-2
110000123,575,192,383
110000124,1,332,-331
110000125,620,1,619
110000126,111,30,81
110000127,963,37,926
110000128,5,349,-344
110000129,0,143,-143
110000130,241,129,112
110000131,46,105,-59
110000132,0,143,-143
110000133,20,391,-371
110000134,25,267,-242
110000135,214,17,197
110000136,90,64,26
110000137,982,99,883
110000138,1118,189,929
110000139,1683,170,1513
110000140,571,423,148
110000143,254,250,4
110000144,1288,1086,202
110000145,1560,1086,474
110000146,983,393,590
110000147,172,779,-607
110000148,1035,185,850
110000151,442,830,-388
110000152,205,421,-216
110000153,401,24,377
110000154,34,56,-22
110000155,289,1038,-749
110000156,613,580,33
110000157,639,1896,-1257
110000160,199,145,54
110000161,125,120,5
110000166,1507,52,1455
110000167,2427,698,1729
110000168,516,848,-332
110000169,699,210,489
110000170,185,64,121
110000171,406,57,349
110000172,279,274,5
110000173,329,286,43
110000174,60,157,-97
110000175,1500,65,1435
110000176,24,870,-846
110000177,285,2082,-1797
110000178,734,4107,-3373
110000179,621,266,355
110000180,399,222,177
110000181,1564,249,1315
110000182,134,103,31
110000183,3554,7987,-4433
110000184,169,3685,-3516
110000185,317,518,-201
110000186,378,1648,-1270
110000191,1608,80,1528
110000192,1057,10,1047
110000193,1852,3,1849
110000194,3,280,-277
110000195,661,84,577
110000196,852,62,790
110000197,148,31,117
110000198,40,31,9
110000199,116,124,-8
110000200,383,343,40
110000201,1187,1116,71
110000202,1286,372,914
110000203,235,221,14
110000204,0,76,-76
110000205,593,40,553
110000206,248,209,39
110000207,2226,104,2122
110000208,134,278,-144
110000209,10,151,-141
110000210,1750,257,1493
110000211,1102,257,845
110000212,584,1671,-1087
110000213,544,27,517
110000214,596,59,537
110000215,124,45,79
110000216,208,66,142
110000217,802,46,756
110000218,327,46,281
110000219,630,38,592
110000220,29,43,-14
110000221,682,9,673
110000222,47,71,-24
110000223,36,86,-50
110000224,2,1,1
110000225,142,509,-367
110000226,507,16,491
110000227,510,820,-310
110000228,385,22,363
110000229,1,68,-67
110000230,565,348,217
110000231,312,504,-192
110000232,133,80,53
110000233,75,160,-85
110000234,330,138,192
110000235,614,704,-90
110000236,711,223,488
110000237,2711,1072,1639
110000238,883,520,363
110000239,2105,471,1634
110000240,1,16,-15
110000242,0,18,-18
110000243,337,29,308
110000244,71,73,-2
110000245,5,113,-108
110000246,1786,175,1611
110000247,916,1324,-408
110000248,789,751,38
110000249,271,7,264
110000250,12,109,-97
110000251,520,134,386
110000252,793,120,673
110000253,2509,213,2296
110000254,1028,247,781
110000255,228,295,-67
110000256,567,100,467
110000257,232,88,144
110000258,14,91,-77
110000259,506,4,502
110000260,92,46,46
110000263,820,13,807
110000264,755,125,630
110000265,1199,1144,55
110000266,725,1164,-439
110000267,20,15,5
110000268,133,119,14
110000269,5,15,-10
110000270,145,0,145
110000271,1175,134,1041
110000272,711,566,145
110000273,685,387,298
110000274,123,3997,-3874
110000275,763,714,49
110000276,191,998,-807
110000277,453,121,332
110000278,360,269,91
110000279,756,192,564
110000280,933,148,785
110000281,158,82,76
110000282,118,9,109
110000283,14,18,-4
110000284,12,5,7
110000285,0,78,-78
110000286,26,0,26
110000287,97,0,97
110000288,2,42,-40
110000289,322,3134,-2812
110000290,163,1030,-867
110000291,1765,640,1125
110000292,404,10103,-9699
110000293,503,103,400
110000294,2069,2566,-497
110000295,175,199,-24
110000296,987,162,825
110000297,3178,102,3076
110000298,88,211,-123
110000299,130,25,105
110000301,415,10,405
110000302,655,486,169
110000303,972,4,968
110000304,363,119,244
110000305,1914,20,1894
110000306,593,343,250
110000307,3965,9,3956
110000308,691,3,688
110000309,0,325,-325
110000310,1316,26,1290
110000311,6,216,-210
110000312,519,55,464
110000313,2569,1377,1192
110000314,0,127,-127
110000315,1058,713,345
110000316,285,583,-298
110000317,78,193,-115
110000318,0,28,-28
110000319,3,11,-8
110000320,28,22,6
110000321,41,78,-37
110000322,168,215,-47
110000323,1134,103,1031
110000324,1563,901,662
110000325,1193,5753,-4560
110000327,350,69,281
110000328,21,197,-176
110000333,1434,1731,-297
110000334,327,758,-431
110000335,689,242,447
110000336,351,632,-281
110000337,2208,378,1830
110000338,556,146,410
110000339,772,137,635
110000340,49,171,-122
110000341,619,154,465
110000342,59,1,58
110000343,0,6,-6
110000344,29,95,-66
110000345,68,60,8
110000346,959,1273,-314
110000347,1084,303,781
110000348,43,10,33
110000349,10,1,9
110000350,112,0,112
110000351,1828,276,1552
110000352,518,1850,-1332
110000353,1959,236,1723
110000354,669,4770,-4101
110000355,338,24,314
110000356,158,11,147
110000357,991,0,991
110000361,64,20,44
110000362,306,15,291
110000363,1017,50,967
110000364,520,103,417
110000365,123,2,121
110000366,0,81,-81
110000367,749,57,692
110000368,10,46,-36
110000369,98,1,97
110000373,1,233,-232
110000374,73,35,38
110000375,74,1056,-982
110000376,22,27,-5
110000377,74,213,-139
110000378,5,346,-341
110000379,929,3332,-2403
110000380,232,1,231
110000383,1,485,-484
110000384,942,121,821
110000385,0,77,-77
110000387,307,2,305
110000388,44,111,-67
110000389,660,1,659
110000391,1540,192,1348
110000396,476,28,448
110000397,56,34,22
110000398,17,13,4
110000399,173,0,173
110000587,291,67,224
110000589,279,8,271
110000640,155,8,147
110000652,4,238,-234
110000653,357,95,262
110000654,1,277,-276
110000656,0,128,-128
110000674,90,4,86
110000675,30,11,19
110000676,0,10,-10
110000679,80,1079,-999
110000682,166,226,-60
110000683,233,103,130
110000684,0,9,-9
110000685,1,10,-9
110000686,1,85,-84
110000687,7,1,6
110000688,44,1431,-1387
110000689,42,4,38
110000692,12,74,-62
110000693,54,264,-210
110000694,0,37,-37
110000695,44,305,-261
110000696,51,5,46
110900001,392,29,363
110900002,359,209,150
110900003,2662,134,2528
110900004,862,29,833
110900005,659,6353,-5694
110900006,96,89,7
110900007,397,262,135
110900008,3,18,-15
110900009,388,978,-590
110900010,0,22,-22
110900011,2,48,-46
110900012,8,10,-2
110900013,1309,58,1251
110900014,447,2,445
110900015,197,426,-229
110900016,71,32,39
110900017,807,18,789
110900018,483,12,471
110900019,793,12,781
110900020,255,38,217
110900021,146,122,24
110900022,46,50,-4
110900023,45,130,-85
110900024,153,69,84
110900025,12,68,-56
110900027,23,33,-10
110900028,5,37,-32
110900029,18,71,-53
110900030,45,39,6
110900031,0,83,-83
110900032,0,17,-17
110900033,6,83,-77
110900035,30,363,-333
110900036,193,4,189
110900037,247,6,241
110900038,252,125,127
110900039,3,170,-167
110900040,326,7,319
110900041,1,15,-14
110900042,96,58,38
110900043,0,18,-18
110900044,68,7,61
110900045,152,98,54
110900046,9,50,-41
110900047,97,697,-600
110900049,300,38,262
110900050,47,0,47
110900051,25,27,-2
110900052,0,107,-107
110900053,307,11,296
110900054,25,70,-45
110900055,26,0,26
110900056,11,47,-36
110900057,4,117,-113
110900058,499,36,463
110900059,190,171,19
110900060,329,62,267
110900061,11,23,-12
110900062,304,85,219
110900063,6,34,-28
110900064,25,0,25
110900065,16,47,-31
110900066,2,28,-26
110900067,71,796,-725
110900068,134,43,91
110900069,5,3,2
110900070,76,27,49
110900071,215,1779,-1564
110900073,0,0,0
110900074,1216,60,1156
110900075,871,34,837
110900077,2195,260,1935
110900078,145,17,128
110900079,605,614,-9
110900080,277,33,244
110900081,10,4,6
110900082,238,42,196
110900083,199,36,163
110900084,137,4,133
110900085,33,84,-51
110900086,62,213,-151
110900087,504,30,474
110900088,12,0,12
110900090,82,155,-73
110900091,1,16,-15
110900093,357,36,321
110900095,23,13,10
110900097,38,2,36
110900098,22,12,10
110900099,2,47,-45
110900100,1,4,-3
110900102,94,18,76
110900105,203,24,179
110900108,20,11,9
110900111,104,20,84
110900112,544,0,544
110900113,236,149,87
110900115,1,37,-36
110900116,2459,444,2015
110900118,26,5163,-5137
110900119,962,53,909
110900120,306,49,257
110900121,38,0,38
110900122,552,134,418
110900125,308,1091,-783
110900127,94,1171,-1077
110900128,52,253,-201
110900129,61,910,-849
110900130,168,257,-89
110900131,522,22,500
110900132,814,18,796
110900133,60,49,11
110900135,27,66,-39
110900136,496,3,493
110900138,0,0,0
110900139,12,0,12
110900140,0,0,0
110900141,368,156,212
110900142,21,38,-17
110900143,411,22,389
110900144,1,87,-86
110900145,266,115,151
110900146,67,439,-372
110900147,19,172,-153
110900148,0,41,-41
110900149,2,20,-18
110900150,20,4,16
110900151,0,28,-28
110900152,14,23,-9
110900153,239,8,231
111000001,1685,727,958
111000002,607,339,268
111000003,3106,1396,1710
111000004,829,731,98
111000005,997,1616,-619
111000006,558,1772,-1214
111000007,3665,6606,-2941
111000008,2356,4295,-1939
111000009,360,757,-397
111000010,1699,494,1205
111000011,139,696,-557
111000012,427,501,-74
111000013,514,879,-365
111000014,2419,294,2125
111000017,13,673,-660
111000018,42,309,-267
111000020,132,779,-647
111000021,18,44,-26
111000023,75,95,-20
111000025,2222,4280,-2058
111000029,80,34,46
111000030,19,36,-17
111000031,1262,330,932
111000032,579,120,459
111000033,251,35,216
111000034,95,150,-55
111000037,647,278,369
111000038,988,947,41
111000039,1287,642,645
111000040,1120,510,610
111000041,205,231,-26
111000042,1310,1890,-580
111000043,1622,6269,-4647
111000044,1883,308,1575
111000045,3810,864,2946
111000046,2504,775,1729
111000047,2701,6326,-3625
111000049,256,179,77
111000050,742,268,474
111000051,461,292,169
111000052,365,618,-253
111000053,223,266,-43
111000054,268,505,-237
111000055,678,769,-91
111000056,244,282,-38
111000057,211,119,92
111000058,1011,51,960
111000059,820,275,545
111000060,6524,876,5648
111000061,1025,311,714
111000062,1201,403,798
111000063,1354,1011,343
111000064,1127,258,869
111000065,1389,362,1027
111000066,1207,145,1062
111000067,1662,133,1529
111000068,1059,188,871
111000069,974,862,112
111000070,672,289,383
111000071,137,116,21
111000072,1626,697,929
111000073,133,1552,-1419
111000074,1349,813,536
111000075,671,160,511
111000076,885,226,659
111000077,1091,399,692
111000078,1470,218,1252
111000079,728,395,333
111000080,689,284,405
111000081,1043,6753,-5710
111000082,1198,204,994
111000084,869,212,657
111000085,928,597,331
111000086,1258,590,668
111000087,659,308,351
111000088,2164,4738,-2574
111000089,729,359,370
111000090,360,527,-167
111000091,592,175,417
111000092,2718,503,2215
111000093,1081,857,224
111000094,1764,888,876
111000095,1030,2734,-1704
111000096,544,8042,-7498
111000097,1414,493,921
111000098,170,286,-116
111000099,296,629,-333
111000100,412,446,-34
111000101,137,242,-105
111000102,296,129,167
111000104,1277,28,1249
111000107,114,168,-54
111000109,1231,117,1114
111000110,1585,363,1222
111000111,4995,115,4880
111000112,3004,179,2825
111000113,652,2953,-2301
111000114,923,6727,-5804
111000115,2062,589,1473
111000116,592,416,176
111000117,240,426,-186
111000118,614,422,192
111000119,2044,307,1737
111000120,826,523,303
111000121,267,722,-455
111000122,251,374,-123
111000123,752,653,99
111000124,149,915,-766
111000125,200,389,-189
111000126,86,192,-106
111000127,1833,69,1764
111000128,3973,152,3821
111000129,4507,183,4324
111000130,3857,166,3691
111000131,3760,253,3507
111000132,2899,2350,549
111000133,171,19,152
111000134,140,37,103
111000135,91,82,9
111000136,375,114,261
111000138,104,0,104
111000140,1,6,-5
111000141,113,279,-166
111000142,6,90,-84
111000143,17,203,-186
111000144,9,510,-501
111000145,52,3,49
111000146,244,8,236
111000147,108,8,100
111000148,109,39,70
111000149,1,18,-17
111000150,159,3,156
111000151,2,13,-11
111000153,312,143,169
111000154,262,75,187
111000155,178,61,117
111000156,477,185,292
111000157,214,275,-61
111000158,971,416,555
111000159,1931,537,1394
111000160,422,85,337
111000161,3,253,-250
111000162,1,26,-25
111000163,1000,558,442
111000164,263,2188,-1925
111000165,378,117,261
111000166,163,78,85
111000167,75,175,-100
111000168,120,107,13
111000169,352,122,230
111000170,163,156,7
111000171,163,200,-37
111000172,129,168,-39
111000173,307,310,-3
111000174,491,95,396
111000175,35,121,-86
111000176,1162,35,1127
111000177,2038,55,1983
111000178,3043,51,2992
111000179,611,35,576
111000180,296,133,163
111000181,2670,73,2597
111000182,249,80,169
111000183,320,124,196
111000184,323,64,259
111000185,265,71,194
111000186,172,78,94
111000187,223,58,165
111000188,435,167,268
111000189,99,108,-9
111000190,136,75,61
111000191,158,115,43
111000192,115,168,-53
111000193,127,72,55
111000194,57,82,-25
111000195,94,86,8
111000196,68,33,35
111000197,1066,67,999
111000198,684,28,656
111000199,481,305,176
111000200,1211,746,465
111000201,1262,43,1219
111000202,715,64,651
111000203,449,204,245
111000204,181,1974,-1793
111000213,289,185,104
111000214,930,433,497
111000215,929,435,494
111000217,2143,247,1896
111000218,2844,388,2456
111000219,196,68,128
111000220,496,402,94
111000221,171,32,139
111000224,17,136,-119
111000225,493,415,78
111000226,65,5,60
111000227,3,5,-2
111000228,1,820,-819
111000229,21,1941,-1920
111000230,128,63,65
111000231,657,123,534
111000232,1018,271,747
111000233,2881,260,2621
111000234,379,470,-91
111000239,36,26,10
111000240,70,578,-508
111000241,100,79,21
111000242,358,30,328
111000243,240,109,131
111000244,1433,84,1349
111000245,551,140,411
111000246,646,88,558
111000247,929,160,769
111000248,712,95,617
111000249,401,78,323
111000250,60,17,43
111000251,75,26,49
111000253,28,6,22
111000255,39,1,38
111000257,62,3,59
111000260,27,367,-340
111000261,2318,49,2269
111000271,27,120,-93
111000273,1819,635,1184
111000274,1021,2484,-1463
111000275,198,11,187
111000276,127,344,-217
111000277,195,94,101
111000278,293,105,188
111000291,1233,17346,-16113
111000298,485,111,374
111000299,875,64,811
111000300,59,258,-199
111000302,460,25,435
111000303,85,67,18
111000312,47,23,24
111000315,10,54,-44
111000320,292,81,211
111000321,580,80,500
111000322,705,83,622
111000323,535,39,496
111000324,229,39,190
111000325,16,26,-10
111000326,140,101,39
111000327,272,155,117
111000328,403,410,-7
111000329,0,14,-14
111000330,284,8,276
111000331,53,3,50
111000332,224,333,-109
111000334,150,527,-377
111000335,1678,127,1551
111000337,3143,97,3046
111000338,192,38,154
111000339,1259,39,1220
111000340,74,380,-306
111000341,2421,1435,986
111000342,33,529,-496
111000344,1490,254,1236
111000345,42,70,-28
111000346,43,130,-87
111000347,332,0,332
111000350,199,65,134
111000351,94,153,-59
111000352,192,32,160
111000353,135,87,48
111000354,602,49,553
111000355,309,157,152
111000358,124,275,-151
111000360,173,112,61
111000361,278,106,172
111000546,1684,141,1543
111000547,722,100,622
111000548,262,105,157
111000549,333,20,313
111000550,14,1388,-1374
111000551,177,19,158
111000552,471,190,281
111000907,2647,11,2636
111000908,88,1,87
111000916,3521,108,3413
111000917,59,255,-196
111000918,195,234,-39
111000920,1559,12,1547
111000921,0,35,-35
111000922,1446,51,1395
111000924,8,141,-133
111000925,5739,2095,3644
111000926,1156,679,477
111000927,1782,4911,-3129
111000928,2948,981,1967
111000929,2075,457,1618
111000930,1061,961,100
111000931,2034,827,1207
111000932,1459,640,819
111000933,2571,2779,-208
111000934,794,818,-24
111000935,3449,928,2521
111000936,878,666,212
111000937,1596,1236,360
111000938,598,414,184
111000939,1348,15,1333
111000940,1655,30,1625
111000941,622,82,540
111000943,946,52,894
111000944,146,107,39
111000945,228,309,-81
111001109,708,1120,-412
111001110,155,122,33
111001111,297,2,295
111001112,80,1,79
111001113,0,275,-275
111001114,522,81,441
111001115,18,559,-541
111001116,1436,8396,-6960
111001117,244,3781,-3537
111001120,54,70,-16
111001121,94,36,58
111001122,459,59,400
111001123,568,35,533
111001124,151,43,108
111001125,3,513,-510
111001126,89,2,87
111900001,31,10,21
111900002,90,63,27
111900003,4,70,-66
111900004,3,17,-14
111900006,113,134,-21
111900007,481,4,477
111900008,758,1,757
111900009,547,7,540
111900010,21,85,-64
111900012,22,11,11
111900013,36,9,27
111900014,945,9063,-8118
111900015,0,4,-4
111900016,0,34,-34
111900017,0,27,-27
111900018,235,0,235
111900019,0,57,-57
111900020,0,14,-14
111900021,3,9,-6
111900022,3,23,-20
111900023,43,7,36
111900024,81,109,-28
111900025,0,6,-6
111900026,0,34,-34
111900027,1,27,-26
111900028,0,30,-30
111900029,0,13,-13
111900030,5,94,-89
111900031,0,17,-17
111900032,0,44,-44
111900033,0,12,-12
111900034,10,74,-64
111900035,65,164,-99
111900036,1,60,-59
111900038,12,115,-103
111900039,14,60,-46
111900040,1,75,-74
111900042,0,8,-8
111900043,3,68,-65
111900044,14,68,-54
111900046,8,38,-30
111900048,763,122,641
111900049,0,54,-54
111900050,297,6,291
111900051,0,59,-59
111900052,63,41,22
111900053,369,3285,-2916
111900054,518,0,518
111900055,2,69,-67
111900056,154,385,-231
111900057,257,5,252
111900058,1304,263,1041
111900059,649,887,-238
111900060,284,1,283
111900061,0,18,-18
111900062,93,41,52
111900063,521,62,459
111900064,18,57,-39
111900065,258,14,244
111900066,107,84,23
111900067,0,70,-70
111900068,48,171,-123
111900069,97,11,86
111900070,338,12,326
111900071,0,43,-43
111900072,49,74,-25
111900073,1969,195,1774
111900074,0,43,-43
111900075,88,4,84
111900076,606,96,510
111900077,54,3,51
111900078,724,109,615
111900079,15,105,-90
111900080,105,113,-8
111900082,301,66,235
111900083,451,70,381
111900084,241,13,228
111900085,13,26,-13
111900086,235,14,221
111900087,192,0,192
111900088,1382,34,1348
111900089,139,2,137
111900090,68,169,-101
111900091,1276,12,1264
111900092,344,0,344
111900093,772,23,749
111900094,201,1,200
111900095,805,46,759
111900096,438,5,433
111900097,156,1,155
111900098,825,21,804
111900099,106,0,106
111900100,199,2,197
111900101,411,6,405
111900102,1242,215,1027
111900103,26,78,-52
111900104,54,3,51
111900105,118,217,-99
111900106,139,18,121
111900110,903,127,776
111900111,450,24,426
111900112,124,6831,-6707
111900113,146,72,74
111900118,798,67,731
111900119,167,88,79
111900122,10,36,-26
111900123,7,14,-7
111900124,27,8,19
111900125,998,99,899
111900126,974,4,970
111900127,0,70,-70
111900128,11,140,-129
111900129,479,43,436
111900130,152,40,112
111900131,930,0,930
111900132,5,232,-227
111900133,7,40,-33
111900134,0,48,-48
111900135,3,16,-13
111900136,10,99,-89
111900137,14,8,6
111900138,1,25,-24
111900139,3,17,-14
111900140,109,18,91
111900141,116,2,114
111900142,94,2,92
111900143,38,32,6
111900144,0,20,-20
111900145,0,105,-105
111900146,0,58,-58
111900147,14,128,-114
111900148,2,177,-175
111900149,0,56,-56
111900150,8,27,-19
111900151,0,16,-16
111900152,92,40,52
111900153,197,535,-338
111900154,28,1197,-1169
111900155,73,267,-194
111900156,111,36,75
111900157,301,22,279
111900158,635,60,575
111900159,778,59,719
111900160,540,4,536
111900161,727,0,727
111900162,81,622,-541
111900163,0,30,-30
111900164,152,34,118
111901113,1506,18,1488
111901114,505,168,337
111901115,436,2,434
111901116,124,1,123
111901117,15,119,-104
111901118,18,831,-813
111901119,152,3,149
111901121,6,55,-49
111901122,2,57,-55
111901123,547,40,507
111901124,570,15,555
111901125,1751,144,1607
111901127,255,2210,-1955
111901128,6,11,-5
111901129,0,42,-42
111901130,2,40,-38
111901131,0,129,-129
111901132,83,27,56
111901133,210,1,209
111901134,475,1,474
111901135,59,1,58
111901136,39,10,29
111901137,0,9,-9
111901138,5,11,-6
111901139,0,20,-20
111901140,1,18,-17
111901141,1,45,-44
111901142,0,45,-45
111901143,0,21,-21
111901144,18,24,-6
111901145,26,322,-296
111901146,20,3,17
111901147,73,597,-524
111901148,0,104,-104
111901149,15,4,11
112000001,2938,625,2313
112000002,951,1645,-694
112000003,5377,850,4527
112000004,1341,243,1098
112000005,4654,4467,187
112000006,584,372,212
112000007,5183,2985,2198
112000008,3834,3792,42
112000009,2405,834,1571
112000010,4133,4777,-644
112000011,1310,638,672
112000012,3143,4095,-952
112000013,1133,1445,-312
112000014,515,2941,-2426
112000015,1013,2574,-1561
112000016,1549,2707,-1158
112000017,288,3206,-2918
112000024,285,164,121
112000026,1352,775,577
112000027,545,462,83
112000028,417,607,-190
112000029,620,595,25
112000030,157,13,144
112000031,850,3052,-2202
112000032,96,4,92
112000033,1196,3422,-2226
112000034,65,9,56
112000035,19,593,-574
112000036,100,1134,-1034
112000037,474,515,-41
112000038,627,955,-328
112000039,147,17,130
112000040,21,88,-67
112000041,208,160,48
112000042,418,74,344
112000050,956,581,375
112000051,1025,2252,-1227
112000054,927,911,16
112000057,632,86,546
112000058,114,119,-5
112000059,445,394,51
112000061,1680,355,1325
112000062,330,755,-425
112000063,160,3239,-3079
112000064,1414,1263,151
112000065,508,611,-103
112000066,2361,897,1464
112000067,234,207,27
112000068,3045,1661,1384
112000069,292,722,-430
112000070,1169,550,619
112000071,919,1066,-147
112000072,3493,432,3061
112000073,895,1891,-996
112000074,1164,1003,161
112000075,1415,1281,134
112000076,2377,1349,1028
112000077,1101,293,808
112000078,2316,352,1964
112000079,2372,770,1602
112000080,986,336,650
112000081,613,713,-100
112000082,1235,214,1021
112000083,1013,452,561
112000084,1462,267,1195
112000085,1776,240,1536
112000086,2533,402,2131
112000087,1115,101,1014
112000088,1222,149,1073
112000089,256,141,115
112000090,90,93,-3
112000091,460,206,254
112000092,2760,428,2332
112000093,1261,279,982
112000094,661,296,365
112000095,853,147,706
112000096,858,264,594
112000097,3378,312,3066
112000098,191,237,-46
112000099,1009,2297,-1288
112000100,3192,362,2830
112000101,496,166,330
112000102,2682,300,2382
112000103,501,200,301
112000105,560,347,213
112000106,5139,192,4947
112000107,341,91,250
112000108,1617,379,1238
112000109,841,94,747
112000110,3230,420,2810
112000111,353,770,-417
112000112,2230,154,2076
112000113,679,488,191
112000114,2808,376,2432
112000115,238,155,83
112000116,705,212,493
112000117,1232,383,849
112000118,421,308,113
112000119,223,197,26
112000120,15,83,-68
112000121,366,137,229
112000122,849,42,807
112000123,1060,29,1031
112000124,660,45,615
112000125,358,202,156
112000126,1209,128,1081
112000127,1607,1530,77
112000128,516,366,150
112000129,101,28,73
112000130,555,51,504
112000131,16,62,-46
112000132,329,75,254
112000133,799,38,761
112000134,519,130,389
112000135,1578,398,1180
112000136,759,600,159
112000137,1656,711,945
112000138,1043,264,779
112000139,425,443,-18
112000140,91,208,-117
112000141,1169,188,981
112000142,67,182,-115
112000143,1846,115,1731
112000144,248,358,-110
112000145,3579,228,3351
112000146,501,466,35
112000147,3317,1056,2261
112000148,496,449,47
112000149,518,323,195
112000150,705,176,529
112000151,217,92,125
112000152,902,119,783
112000153,91,93,-2
112000154,170,505,-335
112000155,72,55,17
112000157,233,639,-406
112000158,285,81,204
112000159,1730,148,1582
112000167,433,213,220
112000169,135,1026,-891
112000173,1821,98,1723
112000175,763,110,653
112000176,409,960,-551
112000177,1555,446,1109
112000178,10,64,-54
112000179,396,37,359
112000180,481,47,434
112000181,514,296,218
112000182,2539,168,2371
112000183,10,20,-10
112000184,471,161,310
112000185,1417,101,1316
112000187,3351,1882,1469
112000195,297,7,290
112000196,122,0,122
112000197,72,75,-3
112000198,18,92,-74
112000199,372,310,62
112000202,1343,14,1329
112000216,44,92,-48
112000230,309,0,309
112000231,4,34,-30
112000256,61,305,-244
112000313,69,24,45
112000314,43,46,-3
112000337,117,355,-238
112000352,78,172,-94
112000392,1581,437,1144
112000398,2643,387,2256
112000399,856,5190,-4334
112000400,651,532,119
112000401,718,718,0
112000402,4286,3851,435
112000403,961,7255,-6294
112000404,1818,1026,792
112000405,3571,1939,1632
112000406,1257,608,649
112000407,9337,6305,3032
112000408,2685,910,1775
112000409,810,848,-38
112000410,199,206,-7
112000411,851,1453,-602
112000412,204,109,95
112000413,1921,6664,-4743
112000414,240,18,222
112000415,168,9,159
112000416,4609,602,4007
112000417,256,75,181
112000421,164,30,134
112000422,233,112,121
112000424,832,3524,-2692
112000425,291,159,132
112000426,484,317,167
112000427,0,19,-19
112000428,439,132,307
112000429,1607,1328,279
112000430,2245,2836,-591
112000431,170,105,65
112000432,377,272,105
112000433,185,224,-39
112000437,50,53,-3
112900001,42,0,42
112900002,1066,111,955
112900003,81,42,39
112900004,48,67,-19
112900005,498,26,472
112900006,9,62,-53
112900007,46,20,26
112900008,0,41,-41
112900009,411,235,176
112900010,418,147,271
112900011,34,74,-40
112900012,0,7,-7
112900013,1,76,-75
112900014,2,25,-23
112900015,38,185,-147
112900016,1,38,-37
112900017,8,89,-81
112900018,17,33,-16
112900019,5,57,-52
112900020,103,222,-119
112900021,0,28,-28
112900022,3,16,-13
112900023,0,37,-37
112900024,6,48,-42
112900025,37,45,-8
112900026,0,41,-41
112900027,0,119,-119
112900028,4,30,-26
112900029,8,66,-58
112900030,21,9,12
112900031,1,125,-124
112900032,139,83,56
112900034,1,11,-10
112900035,0,40,-40
112900036,8,36,-28
112900037,183,175,8
112900038,942,43,899
112900039,2,72,-70
112900040,1,116,-115
112900041,293,648,-355
112900042,31,60,-29
112900043,24,33,-9
112900044,75,62,13
112900045,58,50,8
112900046,25,30,-5
112900047,5,14,-9
112900049,682,32,650
112900050,12,144,-132
112900051,52,100,-48
112900052,4,247,-243
112900053,54,116,-62
112900054,77,49,28
112900055,34,6,28
112900056,139,131,8
112900057,54,106,-52
112900058,245,397,-152
112900059,117,217,-100
112900060,56,15,41
112900061,18,62,-44
112900062,58,12,46
112900063,9,34,-25
112900064,3,23,-20
112900065,19,16,3
112900066,154,274,-120
112900067,210,9,201
112900068,48,150,-102
112900069,732,1060,-328
112900071,27,47,-20
112900072,27,5676,-5649
112900073,520,307,213
112900074,174,498,-324
112900075,398,1895,-1497
112900076,8,30,-22
112900078,164,660,-496
112900079,189,10,179
112900080,251,9,242
112900081,43,493,-450
112900082,704,21,683
112900083,199,173,26
112900084,529,487,42
112900086,259,1,258
112900087,2022,158,1864
112900088,456,19,437
112900089,1058,14,1044
112900090,110,79,31
112900091,385,3,382
112900092,32,725,-693
112900093,1237,14,1223
112900095,243,0,243
112900096,768,123,645
112900097,60,81,-21
112900098,74,0,74
112900099,1820,5,1815
112900100,133,3,130
112900101,435,3,432
112900102,69,25,44
112900103,413,5,408
112900104,296,2,294
112900105,93,0,93
112900106,505,74,431
112900107,23,2,21
112900108,1,0,1
112900109,262,1,261
112900110,1976,13,1963
112900111,1018,2,1016
112900112,476,0,476
112900113,0,2,-2
112900114,504,2,502
112900115,2611,0,2611
112900116,161,15,146
112900117,46,6,40
112900118,3,4,-1
112900119,441,3,438
112900120,196,134,62
112900121,9,36,-27
112900122,0,12,-12
112900123,275,31,244
112900124,1,9,-8
112900125,9,83,-74
112900126,28,43,-15
112900127,678,23,655
112900128,32,117,-85
112900129,0,253,-253
112900130,190,17,173
112900131,5,87,-82
112900132,44,193,-149
112900133,3,447,-444
112900134,0,104,-104
112900135,79,26,53
112900137,0,178,-178
112900138,2,38,-36
112900139,26,293,-267
112900141,787,7,780
112900142,27,294,-267
112900143,2,179,-177
112900144,0,317,-317
112900145,2,128,-126
112900146,1,113,-112
112900147,1,268,-267
112900148,10,3,7
112900149,180,163,17
112900151,2,16,-14
112900152,1395,149,1246
112900153,79,4448,-4369
112900154,0,38,-38
112900155,96,1,95
112900156,691,248,443
112900157,911,18,893
112900158,72,0,72
112900159,123,382,-259
112900160,8,73,-65
112900161,177,8,169
112900162,3,12,-9
112900163,10,43,-33
112900164,13,166,-153
112900165,20,18,2
112900166,1,52,-51
112900167,1,102,-101
112900168,7,0,7
112900169,2,8,-6
112900170,147,5,142
112900172,5,30,-25
112900173,44,68,-24
112900174,216,18,198
112900175,83,192,-109
112900176,12,73,-61
112900177,283,62,221
112900178,262,3714,-3452
112900179,3,184,-181
112900180,2019,507,1512
112900181,1088,2,1086
112900182,68,161,-93
112900183,25,77,-52
112900184,129,121,8
112900185,31,125,-94
112900186,434,403,31
112900187,12,179,-167
112900188,413,1128,-715
112900189,16,0,16
112900190,2,0,2
112900192,303,234,69
112900193,524,117,407
112900194,64,1,63
112900195,565,16,549
112900196,281,168,113
112900197,20,152,-132
112900199,888,100,788
112900200,446,36,410
112900201,202,123,79
112900202,522,255,267
112900203,355,57,298
112900204,170,110,60
112900205,26,2,24
112900206,45,5,40
112900207,5,0,5
112900208,40,671,-631
112900209,89,66,23
112900210,0,4,-4
112900211,67,2,65
112900212,0,19,-19
112900213,62,1,61
112900214,5,4,1
112900215,8,8,0
112900216,5,6,-1
112900217,0,33,-33
112900218,104,2,102
112900219,205,1,204
112900220,1,0,1
112900221,28,33,-5
112900222,0,72,-72
112900223,893,15,878
112900224,1244,76,1168
112900225,822,47,775
112900226,39,126,-87
112900227,1370,153,1217
112900228,74,18,56
112900229,656,18,638
112900230,4386,1720,2666
112900232,229,352,-123
112900233,67,15,52
112900234,109,1,108
112900235,2,3,-1
112900236,1088,13,1075
112900237,789,119,670
112900238,3,0,3
112900239,326,424,-98
112900240,0,12,-12
112900241,4,20,-16
112900242,1,14,-13
112900243,4,18,-14
112900244,0,9,-9
112900245,0,5,-5
112900246,0,4,-4
112900247,31,2,29
112900248,0,0,0
112900249,30,0,30
112900250,91,3,88
112900251,269,1,268
112900252,161,0,161
112900253,149,0,149
112900254,40,0,40
112900255,9,17,-8
112900256,2,6,-4
112900257,4,34,-30
112900258,0,0,0
113000001,4698,3266,1432
113000002,6203,2623,3580
113000003,1718,1106,612
113000004,2405,961,1444
113000005,1808,982,826
113000006,2059,866,1193
113000007,2709,814,1895
113000008,2389,967,1422
113000009,1442,407,1035
113000010,1972,521,1451
113000011,928,508,420
113000012,1132,661,471
113000013,393,325,68
113000014,800,1021,-221
113000015,83,170,-87
113000016,250,398,-148
113000017,75,329,-254
113000018,512,46,466
113000019,82,61,21
113000020,96,18,78
113000021,2196,604,1592
113000022,883,1969,-1086
113000025,62,191,-129
113000026,738,464,274
113000027,645,623,22
113000028,307,645,-338
113000029,394,333,61
113000030,107,340,-233
113000031,112,149,-37
113000032,128,100,28
113000033,91,133,-42
113000034,90,47,43
113000035,10,10,0
113000036,1,26,-25
113000037,17,20,-3
113000038,10,31,-21
113000039,20,141,-121
113000040,78,17,61
113000042,828,406,422
113000051,1691,2319,-628
113000052,2101,196,1905
113000053,752,219,533
113000054,708,643,65
113000055,2326,245,2081
113000056,2263,485,1778
113000058,261,666,-405
113000059,1010,172,838
113000060,305,511,-206
113000061,458,554,-96
113000062,248,184,64
113000063,473,24,449
113000064,114,167,-53
113000065,115,240,-125
113000066,1233,89,1144
113000067,3505,259,3246
113000068,304,265,39
113000069,593,185,408
113000070,2971,306,2665
113000071,592,240,352
113000072,1580,190,1390
113000073,399,596,-197
113000074,764,433,331
113000075,1755,551,1204
113000076,259,1490,-1231
113000077,479,395,84
113000078,163,961,-798
113000079,315,354,-39
113000080,418,391,27
113000081,686,548,138
113000082,643,206,437
113000083,677,738,-61
113000084,903,529,374
113000085,1111,519,592
113000086,572,743,-171
113000087,989,879,110
113000088,923,869,54
113000089,665,1129,-464
113000090,37,667,-630
113000091,94,183,-89
113000094,1633,175,1458
113000095,160,249,-89
113000096,90,283,-193
113000097,1080,195,885
113000098,42,7,35
113000099,1126,217,909
113000100,79,191,-112
113000101,78,217,-139
113000102,667,291,376
113000103,2974,267,2707
113000104,645,2280,-1635
113000105,1055,329,726
113000106,497,164,333
113000107,1524,595,929
113000108,1189,496,693
113000109,342,864,-522
113000110,5557,472,5085
113000111,354,392,-38
113000112,1323,194,1129
113000113,1935,235,1700
113000114,129,535,-406
113000116,191,172,19
113000117,309,42,267
113000118,32,656,-624
113000119,316,148,168
113000120,62,295,-233
113000121,263,328,-65
113000124,221,93,128
113000125,3,1165,-1162
113000127,720,81,639
113000128,1229,102,1127
113000129,132,563,-431
113000133,1415,152,1263
113000134,5,1879,-1874
113000135,4002,3657,345
113000137,622,2661,-2039
113000139,173,24,149
113000140,45,32,13
113000141,43,21,22
113000142,76,133,-57
113000143,237,100,137
113000144,136,193,-57
113000145,129,52,77
113000146,33,34,-1
113000147,151,24,127
113000148,279,12,267
113000149,135,86,49
113000150,282,124,158
113000151,13,18,-5
113000152,40,210,-170
113000153,550,115,435
113000154,285,1631,-1346
113000155,227,653,-426
113000156,115,80,35
113000157,103,97,6
113000158,432,38,394
113000159,887,124,763
113000160,281,156,125
113000161,171,48,123
113000162,735,66,669
113000163,43,12,31
113000164,17,15,2
113000166,417,13,404
113000167,42,28,14
113000168,78,25,53
113000169,266,8,258
113000170,60,23,37
113000171,20,18,2
113000172,330,10,320
113000173,131,12,119
113000174,101,88,13
113000175,607,13,594
113000176,896,32,864
113000177,134,35,99
113000178,81,86,-5
113000179,306,11,295
113000180,897,1410,-513
113000181,2013,854,1159
113000182,96,494,-398
113000183,140,616,-476
113000184,13,36,-23
113000189,124,187,-63
113000190,202,71,131
113000192,468,2778,-2310
113000193,1000,2672,-1672
113000194,844,2070,-1226
113000195,1003,1568,-565
113000196,696,77,619
113000197,1185,2640,-1455
113000198,130,347,-217
113000199,1842,151,1691
113000201,884,306,578
113000202,7871,2070,5801
113000203,72,908,-836
113000204,471,2796,-2325
113000205,13,14,-1
113000206,14,9,5
113000207,63,19,44
113000208,28,20,8
113000209,5,11,-6
113000210,9,26,-17
113000211,32,90,-58
113000212,21,3,18
113000213,19,83,-64
113000214,243,195,48
113000234,128,193,-65
113000410,6,108,-102
113000411,674,843,-169
113000412,4062,807,3255
113000413,665,1053,-388
113000414,2685,10727,-8042
113000415,1541,715,826
113000416,1188,1284,-96
113000417,413,868,-455
113000418,4146,2316,1830
113000419,933,900,33
113000420,2206,4595,-2389
113000421,3468,4967,-1499
113000422,5136,7010,-1874
113000423,655,2501,-1846
113000424,886,7844,-6958
113000425,7,126,-119
113000428,11,14,-3
113000430,0,87,-87
113000432,3249,153,3096
113000433,45,437,-392
113000434,2,109,-107
113000435,9,84,-75
113000436,13,345,-332
113000437,1788,26,1762
113000438,696,9,687
113000439,31,11,20
113000440,193,16,177
113000441,322,152,170
113000442,309,10,299
113000443,518,54,464
113000444,826,14,812
113000445,77,68,9
113000446,53,112,-59
113000448,313,395,-82
113000449,160,1288,-1128
113000450,607,4175,-3568
113000451,2638,739,1899
113000452,41,766,-725
113000453,36,504,-468
113000454,154,159,-5
113000455,5,631,-626
113000456,508,1067,-559
113000468,434,62,372
113000469,50,116,-66
113000470,167,16,151
113000471,5,365,-360
113000472,40,117,-77
113000474,1665,619,1046
113000475,1165,403,762
113000476,3700,1542,2158
113000477,4345,1176,3169
113000478,1963,1722,241
113000479,81,122,-41
113000485,0,0,0
113000486,0,0,0
113000487,0,0,0
113000488,0,0,0
113000489,0,0,0
113000490,0,0,0
113000491,0,0,0
113000492,0,0,0
113000493,0,0,0
113000495,343,56,287
113000496,127,105,22
113000497,0,0,0
113000499,0,0,0
113900001,8,1767,-1759
113900002,0,129,-129
113900003,0,178,-178
113900004,0,259,-259
113900005,2,518,-516
113900006,1,59,-58
113900007,34,213,-179
113900008,40,0,40
113900009,71,0,71
113900010,53,0,53
113900011,570,0,570
113900012,99,0,99
113900013,89,2,87
113900014,654,6,648
113900015,0,6,-6
113900016,34,0,34
113900017,0,13,-13
113900018,20,120,-100
113900019,326,1,325
113900020,314,0,314
113900022,113,2,111
113900023,53,0,53
113900024,6,6,0
113900025,151,14,137
113900026,74,0,74
113900027,1,6,-5
113900028,9,146,-137
113900029,81,20,61
113900030,797,0,797
113900031,23,2,21
113900032,38,0,38
113900033,71,11,60
113900035,41,0,41
113900036,29,10,19
113900037,91,395,-304
113900038,13,166,-153
113900039,339,2,337
113900040,4,17,-13
113900041,7,0,7
113900042,83,7,76
113900043,101,8,93
113900044,36,122,-86
113900045,89,23,66
113900046,37,334,-297
113900047,304,16,288
113900048,81,42,39
113900049,87,434,-347
113900050,118,97,21
113900051,255,39,216
113900052,42,7,35
113900053,179,898,-719
113900054,5,19,-14
113900055,107,169,-62
113900056,103,23,80
113900057,4,26,-22
113900058,34,2,32
113900059,293,61,232
113900060,51,68,-17
113900061,253,34,219
113900062,86,22,64
113900063,115,23,92
113900064,12,29,-17
113900065,552,5,547
113900066,865,34,831
113900067,462,30,432
113900068,225,1001,-776
113900069,50,23,27
113900070,34,80,-46
113900071,228,4,224
113900072,7,17,-10
113900073,728,91,637
113900074,439,58,381
113900075,361,2108,-1747
113900076,83,2,81
113900077,13,21,-8
113900078,58,9,49
113900079,1,3,-2
113900080,369,43,326
113900081,153,25,128
113900082,213,148,65
113900083,703,44,659
113900084,179,32,147
113900085,2,88,-86
113900086,90,14,76
113900087,83,73,10
113900088,80,90,-10
113900089,513,6,507
113900090,265,103,162
113900091,4,7,-3
113900092,12,74,-62
113900093,26,1643,-1617
113900094,842,206,636
113900095,134,86,48
113900096,186,108,78
113900097,14,53,-39
113900098,972,253,719
113900099,0,7,-7
113900100,0,1,-1
113900101,5,73,-68
113900102,21,59,-38
113900103,97,469,-372
113900104,177,94,83
113900105,464,14,450
113900106,0,6,-6
113900107,0,1,-1
113900108,22,116,-94
113900109,63,235,-172
113900110,5,1,4
113900111,211,50,161
113900112,229,30,199
113900113,1042,99,943
113900114,0,15,-15
113900115,0,1,-1
113900116,4,118,-114
113900117,4,16,-12
113900118,44,1042,-998
113900119,35,132,-97
113900120,81,8,73
113900121,150,28,122
113900122,86,4339,-4253
113900123,392,40,352
113900124,0,40,-40
113900125,440,70,370
113900126,20,6,14
113900127,224,510,-286
113900128,223,27,196
113900129,3,48,-45
113900130,0,9,-9
113900131,199,3,196
113900132,33,44,-11
113900133,12,19,-7
113900135,304,119,185
113900136,37,6,31
113900137,255,116,139
113900138,7,99,-92
113900139,222,435,-213
113900140,14,77,-63
113900141,900,99,801
113900142,74,9,65
113900143,2,73,-71
113900144,30,32,-2
113900145,372,47,325
113900146,285,4,281
113900148,8,101,-93
113900149,97,178,-81
113900150,168,78,90
113900151,463,119,344
113900152,63,9,54
113900153,30,109,-79
113900154,0,64,-64
113900155,20,104,-84
113900156,157,128,29
113900157,55,278,-223
113900158,94,75,19
113900159,7,87,-80
113900160,210,272,-62
113900161,195,160,35
113900162,26,112,-86
113900163,298,40,258
113900164,361,45,316
113900165,323,129,194
113900166,11,20,-9
113900167,396,10,386
113900168,13,11,2
113900169,76,110,-34
113900171,247,29,218
113900172,1,33,-32
113900173,3,128,-125
113900174,199,237,-38
113900175,174,97,77
113900176,137,118,19
113900177,88,50,38
113900178,196,84,112
113900179,2,88,-86
113900180,36,31,5
113900181,1058,74,984
113900182,413,156,257
113900183,26,10,16
113900184,23,129,-106
113900185,7,10,-3
113900186,4,16,-12
113900187,13,67,-54
113900188,27,24,3
113900189,241,118,123
113900190,62,4,58
113900191,7,24,-17
113900192,0,359,-359
113900193,4,48,-44
113900194,402,101,301
113900195,126,144,-18
113900196,0,8,-8
113900197,1,21,-20
113900198,4,220,-216
113900199,20,93,-73
113900200,3,22,-19
113900201,0,35,-35
113900202,3,29,-26
113900203,0,28,-28
113900204,1,70,-69
113900205,1,8,-7
113900206,0,36,-36
113900207,0,26,-26
113900208,0,22,-22
113900209,0,4,-4
113900210,369,586,-217
113900211,152,6,146
113900212,380,109,271
113900214,83,99,-16
113900215,159,55,104
113900216,199,116,83
113900217,135,62,73
113900218,66,31,35
113900219,60,216,-156
113900220,136,168,-32
113900221,51,668,-617
113900222,27,610,-583
113900223,358,78,280
113900224,36,15,21
113900225,145,60,85
113900226,145,83,62
113900227,101,114,-13
113900228,77,314,-237
113900229,12,698,-686
113900230,546,2634,-2088
113900231,63,18,45
113900232,82,8,74
113900233,185,23,162
113900234,365,438,-73
113900235,104,2,102
113900236,386,61,325
113900237,168,4,164
113900238,53,260,-207
113900239,41,48,-7
113900240,0,104,-104
113900241,25,59,-34
113900242,18,133,-115
113900243,10,57,-47
113900244,92,79,13
113900245,155,79,76
113900246,2,24,-22
113900247,29,523,-494
113900248,1289,1776,-487
113900249,127,368,-241
113900250,12,409,-397
113900251,1310,46,1264
113900252,845,5,840
113900253,719,18,701
113900254,402,79,323
113900255,1104,15,1089
113900256,571,3,568
113900257,15,165,-150
113900258,41,136,-95
113900259,674,77,597
113900260,277,5,272
113900261,19,41,-22
113900262,242,79,163
113900263,7,84,-77
113900264,1,67,-66
113900265,67,219,-152
113900266,15,81,-66
113900267,24,259,-235
113900268,40,283,-243
113900269,34,169,-135
113900270,144,232,-88
113900271,316,164,152
113900273,2,1,1
113900274,65,37,28
113900275,2,61,-59
113900276,8,40,-32
113900277,278,1,277
113900278,69,40,29
113900279,37,15,22
113900280,406,197,209
113900281,29,705,-676
113900282,61,110,-49
113900283,364,262,102
113900284,1279,96,1183
113900285,57,16,41
113900286,6,9,-3
113900287,145,8,137
113900288,1,80,-79
113900289,166,129,37
113900290,292,605,-313
113900291,16,27,-11
113900292,0,11,-11
113900293,0,107,-107
113900294,893,10,883
113900295,234,88,146
113900296,678,156,522
113900297,1921,13,1908
113900298,36,623,-587
113900299,98,20,78
113900300,1894,4412,-2518
113900301,116,901,-785
113900302,1004,699,305
113900303,57,1359,-1302
113900304,0,103,-103
113900305,250,0,250
113900306,114,0,114
113900307,5,0,5
113900308,3,7,-4
113900309,10,125,-115
113900310,0,2,-2
113900311,25,0,25
113900312,22,85,-63
113900313,1,1,0
114000001,686,593,93
114000002,453,101,352
114000003,237,98,139
114000004,993,114,879
114000005,934,89,845
114000006,1282,462,820
114000007,1000,372,628
114000008,2163,1121,1042
114000009,1661,220,1441
114000011,2820,996,1824
114000012,4463,665,3798
114000013,2922,416,2506
114000014,683,46,637
114000015,2651,111,2540
114000016,429,47,382
114000017,116,1239,-1123
114000018,51,22,29
114000026,4260,377,3883
114000027,6226,1790,4436
114000028,1681,3119,-1438
114000038,472,86,386
114000039,28,2,26
114000040,225,434,-209
114000042,138,126,12
114000043,17,50,-33
114000044,524,6,518
114000045,10,9,1
114000046,1596,2398,-802
114000047,7,146,-139
114000048,179,27,152
114000049,2535,832,1703
114000050,2130,620,1510
114000051,3525,1154,2371
114000052,3157,2205,952
114000053,16,522,-506
114000054,269,502,-233
114000055,599,20,579
114000056,86,505,-419
114000057,2143,960,1183
114000058,39,797,-758
114000059,14,1565,-1551
114000060,594,740,-146
114000061,1371,2214,-843
114000062,228,565,-337
114000063,497,754,-257
114000064,797,4484,-3687
114000065,634,977,-343
114000066,794,500,294
114000067,51,1821,-1770
114000068,227,859,-632
114000069,1197,222,975
114000070,1786,700,1086
114000071,1100,227,873
114000072,1702,148,1554
114000073,35,11,24
114000074,107,9,98
114000075,106,20,86
114000076,50,5,45
114000077,2,4,-2
114000078,773,264,509
114000079,582,26,556
114000080,30,81,-51
114000081,107,78,29
114000082,25,108,-83
114000083,65,10,55
114000084,316,60,256
114000085,51,119,-68
114000086,222,119,103
114000087,471,21,450
114000088,39,35,4
114000089,240,136,104
114000090,704,719,-15
114000091,918,630,288
114000092,648,281,367
114000093,1587,235,1352
114000094,782,410,372
114000095,284,209,75
114000096,85,102,-17
114000097,53,91,-38
114000098,890,89,801
114000099,1410,83,1327
114000100,2442,222,2220
114000101,418,146,272
114000102,1452,148,1304
114000103,145,74,71
114000104,10,73,-63
114000105,523,192,331
114000106,586,3235,-2649
114000107,557,100,457
114000108,480,261,219
114000109,769,3519,-2750
114000110,359,297,62
114000111,3361,1761,1600
114000112,333,567,-234
114000113,2069,213,1856
114000114,196,503,-307
114000115,2835,409,2426
114000116,1035,5791,-4756
114000117,5601,474,5127
114000118,5524,245,5279
114000119,4420,243,4177
114000120,742,563,179
114000121,286,209,77
114000122,416,213,203
114000123,3325,188,3137
114000124,2654,228,2426
114000125,1161,878,283
114000126,2663,267,2396
114000127,212,99,113
114000128,1052,95,957
114000130,575,310,265
114000131,606,55,551
114000132,790,114,676
114000133,458,478,-20
114000134,92,6,86
114000138,18,24,-6
114000139,551,349,202
114000144,777,353,424
114000145,25,14,11
114000146,69,20,49
114000147,798,2356,-1558
114000148,425,1823,-1398
114000149,275,214,61
114000150,266,359,-93
114000151,209,2666,-2457
114000152,53,34,19
114000153,409,1174,-765
114000154,615,257,358
114000155,661,4399,-3738
114000156,552,460,92
114000157,409,1497,-1088
114000158,380,250,130
114000159,207,165,42
114000160,30,147,-117
114000161,742,1104,-362
114000162,1154,1831,-677
114000163,27,8,19
114000165,394,303,91
114000166,304,213,91
114000167,1558,872,686
114000168,376,111,265
114000169,895,734,161
114000170,959,470,489
114000171,1341,15476,-14135
114000174,55,363,-308
114000176,96,193,-97
114000177,408,211,197
114000178,145,28,117
114000179,681,824,-143
114000180,119,122,-3
114000181,1056,7389,-6333
114000182,471,1735,-1264
114000183,511,318,193
114000184,1371,281,1090
114000185,1342,595,747
114000189,2634,92,2542
114000190,4583,471,4112
114000191,236,768,-532
114000192,65,285,-220
114000193,120,426,-306
114000194,1631,530,1101
114000195,574,560,14
114000196,0,62,-62
114000197,3048,34,3014
114000198,566,203,363
114000199,925,974,-49
114000200,430,496,-66
114000201,287,371,-84
114000202,1064,457,607
114000203,812,489,323
114000204,266,206,60
114000205,363,797,-434
114000206,832,616,216
114000207,295,271,24
114000208,397,432,-35
114000209,185,708,-523
114000210,130,365,-235
114000211,1921,660,1261
114000212,1137,868,269
114000213,2721,299,2422
114000214,295,23,272
114000215,105,58,47
114000216,2858,408,2450
114000217,570,138,432
114000218,669,124,545
114000219,2448,81,2367
114000220,41,221,-180
114000221,1527,102,1425
114000222,128,260,-132
114000223,1164,171,993
114000224,65,275,-210
114000225,559,180,379
114000226,324,139,185
114000227,1133,463,670
114000228,1031,282,749
114000229,2493,668,1825
114000230,1805,407,1398
114000231,853,772,81
114000232,1508,133,1375
114000233,3355,77,3278
114000234,1435,416,1019
114000235,2187,706,1481
114000236,1,117,-116
114000237,91,346,-255
114000238,103,312,-209
114000239,213,426,-213
114000240,857,877,-20
114000241,354,399,-45
114000242,833,479,354
114000243,2742,972,1770
114000244,515,205,310
114000245,475,807,-332
114000246,156,52,104
114000247,821,304,517
114000248,2475,449,2026
114000249,748,253,495
114000250,954,132,822
114000251,386,97,289
114000252,94,9,85
114000253,16,28,-12
114000254,78,2,76
114000255,403,148,255
114000256,289,536,-247
114000257,520,641,-121
114000258,962,100,862
114000259,288,220,68
114000260,0,29,-29
114000261,84,8,76
114000262,456,46,410
114000263,15,0,15
114000264,2459,172,2287
114000265,0,0,0
114000267,1,2251,-2250
114000268,2,417,-415
114000270,356,18,338
114000271,173,29,144
114000283,2773,224,2549
114000285,25,87,-62
114000288,209,148,61
114000289,3137,81,3056
114000293,487,301,186
114000294,336,359,-23
114000395,2185,34,2151
114000396,530,256,274
114000402,1228,102,1126
114000403,455,122,333
114000405,509,137,372
114000423,842,83,759
114000424,617,123,494
114000425,1705,51,1654
114000426,317,895,-578
114000427,154,65,89
114000428,28,64,-36
114000429,28,54,-26
114000432,220,15,205
114000434,26,17,9
114000435,0,17,-17
114900001,906,140,766
114900002,292,30,262
114900003,842,145,697
114900004,204,527,-323
114900005,474,81,393
114900006,74,93,-19
114900007,179,0,179
114900008,523,94,429
114900010,707,2412,-1705
114900011,558,69,489
114900013,479,30,449
114900015,35,1168,-1133
114900018,921,20,901
114900020,147,39,108
114900022,62,627,-565
114900024,178,130,48
114900025,818,66,752
114900026,104,72,32
114900027,186,42,144
114900029,175,13,162
114900030,275,120,155
114900031,883,15,868
114900032,873,4,869
114900033,193,2516,-2323
114900034,27,23,4
114900035,44,170,-126
114900036,190,89,101
114900037,129,25,104
114900038,328,207,121
114900039,980,92,888
114900040,161,2,159
114900041,1933,69,1864
114900042,2072,92,1980
114900043,140,49,91
114900044,217,38,179
114900046,4,44,-40
114900047,72,5801,-5729
114900048,8,66,-58
114900049,20,38,-18
114900050,19,65,-46
114900051,32,77,-45
114900052,8,128,-120
114900053,46,114,-68
114900054,26,8,18
114900057,172,21,151
114900058,0,9,-9
114900059,234,58,176
114900060,127,585,-458
114900061,33,9,24
114900062,46,110,-64
114900063,162,18,144
114900064,2416,45,2371
114900065,297,760,-463
114900067,38,81,-43
114900068,7,44,-37
114900069,206,24,182
114900070,732,89,643
114900072,2,66,-64
114900073,0,25,-25
114900074,1569,59,1510
114900075,193,8,185
114900076,1,60,-59
114900080,348,57,291
114900082,991,2097,-1106
114900083,84,298,-214
114900090,960,87,873
114900091,54,81,-27
114900095,90,20,70
114900096,60,159,-99
114900097,209,0,209
114900098,1,55,-54
114900099,342,4,338
115000001,3506,1432,2074
115000002,4346,7186,-2840
115000003,2699,1114,1585
115000004,5247,5647,-400
115000005,1374,1638,-264
115000006,1580,985,595
115000007,430,196,234
115000008,381,339,42
115000009,431,200,231
115000010,301,247,54
115000013,22,156,-134
115000015,39,302,-263
115000016,20,163,-143
115000019,30,474,-444
115000020,79,965,-886
115000021,60,284,-224
115000022,156,141,15
115000023,265,511,-246
115000024,169,132,37
115000025,789,391,398
115000026,91,109,-18
115000027,416,127,289
115000028,129,130,-1
115000029,1065,36,1029
115000030,459,297,162
115000031,615,49,566
115000032,10,113,-103
115000033,145,13,132
115000034,38,1168,-1130
115000035,636,152,484
115000036,0,166,-166
115000037,792,50,742
115000038,96,108,-12
115000039,2262,4070,-1808
115000040,2687,2492,195
115000041,1540,4102,-2562
115000042,338,411,-73
115000043,3528,2041,1487
115000044,2260,2256,4
115000045,2571,498,2073
115000046,3698,1736,1962
115000047,3393,1053,2340
115000048,3257,1702,1555
115000049,1165,2433,-1268
115000050,2919,656,2263
115000051,1518,5667,-4149
115000052,1266,738,528
115000053,2905,3020,-115
115000054,700,511,189
115000055,170,643,-473
115000056,118,284,-166
115000057,529,959,-430
115000058,76,468,-392
115000059,83,280,-197
115000061,183,236,-53
115000062,268,387,-119
115000063,805,208,597
115000064,130,47,83
115000065,141,603,-462
115000067,252,24,228
115000069,118,247,-129
115000070,37,1071,-1034
115000071,90,14,76
115000072,2,30,-28
115000073,1487,66,1421
115000075,118,51,67
115000076,1684,919,765
115000077,2427,828,1599
115000078,2517,380,2137
115000079,2134,633,1501
115000080,4840,540,4300
115000081,138,250,-112
115000082,5763,4179,1584
115000083,2678,475,2203
115000084,4228,392,3836
115000085,1606,384,1222
115000086,1516,268,1248
115000087,311,1608,-1297
115000088,1146,316,830
115000089,1185,587,598
115000090,464,707,-243
115000091,275,211,64
115000092,933,1299,-366
115000093,1113,1,1112
115000094,3438,9376,-5938
115000095,2367,8947,-6580
115000096,1199,449,750
115000097,2844,2040,804
115000098,2664,272,2392
115000099,2605,847,1758
115000100,2165,331,1834
115000101,787,439,348
115000102,675,157,518
115000103,264,309,-45
115000105,115,40,75
115000106,1120,498,622
115000107,167,183,-16
115000108,1261,931,330
115000109,2102,5910,-3808
115000110,734,2533,-1799
115000111,178,321,-143
115000112,304,192,112
115000113,249,283,-34
115000114,451,172,279
115000116,1348,947,401
115000117,929,1775,-846
115000118,1309,860,449
115000119,1118,1280,-162
115000120,507,687,-180
115000121,286,331,-45
115000122,290,1221,-931
115000123,385,854,-469
115000124,659,782,-123
115000125,252,605,-353
115000126,106,235,-129
115000127,311,68,243
115000128,236,833,-597
115000129,65,1038,-973
115000130,264,204,60
115000131,1061,239,822
115000132,591,232,359
115000133,1532,141,1391
115000134,445,125,320
115000135,146,129,17
115000136,196,164,32
115000137,84,115,-31
115000138,555,259,296
115000139,190,77,113
115000140,509,98,411
115000141,253,68,185
115000142,184,39,145
115000143,1196,446,750
115000144,581,37,544
115000145,255,96,159
115000146,527,261,266
115000147,303,251,52
115000148,226,472,-246
115000149,941,278,663
115000150,341,200,141
115000151,1957,146,1811
115000152,421,342,79
115000153,1981,240,1741
115000154,1310,103,1207
115000155,835,597,238
115000156,757,381,376
115000157,205,475,-270
115000158,63,177,-114
115000159,446,182,264
115000160,266,174,92
115000161,106,398,-292
115000162,375,1052,-677
115000163,362,238,124
115000164,276,321,-45
115000165,160,324,-164
115000167,87,52,35
115000168,457,349,108
115000169,213,581,-368
115000170,23,155,-132
115000171,248,303,-55
115000172,513,574,-61
115000173,233,1386,-1153
115000174,56,415,-359
115000175,79,158,-79
115000176,44,98,-54
115000177,24,145,-121
115000178,5,103,-98
115000179,18,170,-152
115000180,105,153,-48
115000181,1189,126,1063
115000182,1622,170,1452
115000183,669,210,459
115000186,551,74,477
115000187,201,144,57
115000188,409,265,144
115000189,456,364,92
115000190,402,584,-182
115000191,150,708,-558
115000194,145,50,95
115000195,102,41,61
115000196,388,66,322
115000197,364,40,324
115000198,786,70,716
115000199,884,48,836
115000200,604,34,570
115000201,320,87,233
115000206,517,10,507
115000207,865,131,734
115000208,194,260,-66
115000209,659,482,177
115000210,224,150,74
115000211,186,141,45
115000212,727,196,531
115000224,220,10,210
115000225,152,38,114
115000229,95,20,75
115000230,137,169,-32
115000231,298,353,-55
115000232,3735,361,3374
115000233,136,87,49
115000234,38,112,-74
115000241,89,35,54
115000242,207,24,183
115000243,196,23,173
115000244,10,91,-81
115000246,56,6,50
115000247,42,20,22
115000248,50,3,47
115000249,9,2,7
115000250,260,2,258
115000251,492,41,451
115000252,168,157,11
115000253,7,517,-510
115000258,354,29,325
115000259,77,15,62
115000261,21,6,15
115000262,5,10,-5
115000263,3,12,-9
115000264,1,23,-22
115000267,45,24,21
115000268,36,17,19
115000269,92,5,87
115000270,8,17,-9
115000272,80,41,39
115000273,681,5,676
115000280,799,200,599
115000281,151,754,-603
115000282,421,1426,-1005
115000284,89,300,-211
115000296,311,3,308
115000297,46,177,-131
115000298,72,455,-383
115000300,268,60,208
115000302,822,53,769
115000303,1452,54,1398
115000304,1240,78,1162
115000305,120,103,17
115000306,439,103,336
115000307,274,163,111
115000308,0,15,-15
115000309,20,207,-187
115000310,2744,170,2574
115000311,1623,428,1195
115000313,80,98,-18
115000314,571,258,313
115000315,323,1035,-712
115000316,107,113,-6
115000317,234,189,45
115000318,1244,366,878
115000319,187,63,124
115000320,5,623,-618
115000321,321,66,255
115000322,70,59,11
115000449,60,215,-155
115000557,3,3362,-3359
115000558,75,67,8
115000587,1037,197,840
115000588,1314,1389,-75
115000589,5084,1919,3165
115000590,733,1032,-299
115000591,1797,445,1352
115000592,539,1070,-531
115000593,1839,422,1417
115000594,202,1755,-1553
115000609,296,325,-29
115000617,345,3135,-2790
115000624,313,15,298
115000633,319,1147,-828
115000634,2246,602,1644
115000635,582,88,494
115000638,121,250,-129
115000641,18,472,-454
115000642,453,83,370
115000643,110,139,-29
115000644,121,150,-29
115000646,473,598,-125
115000647,116,256,-140
115000648,4441,410,4031
115000893,1243,699,544
115000894,162,625,-463
115000895,269,683,-414
115000896,810,292,518
115000897,268,28,240
115000898,163,151,12
115000899,149,1199,-1050
115000900,12,205,-193
115000901,46,128,-82
115000912,262,89,173
115000913,0,3,-3
115000915,8,0,8
115000916,2,0,2
115000917,0,44,-44
115000918,41,955,-914
115000919,2,29,-27
115000920,9,36,-27
115000921,132,46,86
115000922,157,555,-398
115000923,37,1232,-1195
115000925,174,108,66
115000927,41,163,-122
115000933,52,219,-167
115000934,44,177,-133
115000935,127,34,93
115000936,59,1323,-1264
115000937,397,208,189
115000938,27,124,-97
115000939,16,89,-73
115000940,0,23,-23
115000941,0,27,-27
115000942,4,100,-96
115000943,0,166,-166
115000944,6,7,-1
115900001,323,3,320
115900002,61,32,29
115900003,295,32,263
115900004,0,7,-7
115900005,392,13,379
115900006,59,82,-23
115900008,218,2,216
115900009,13,128,-115
115900010,898,43,855
115900011,408,35,373
115900012,390,0,390
115900013,546,68,478
115900014,120,38,82
115900015,384,13,371
115900016,112,31,81
115900017,216,34,182
115900018,94,12,82
115900019,42,4,38
115900020,362,0,362
115900021,304,275,29
115900022,507,1,506
115900023,15,2,13
115900025,10,112,-102
115900026,382,32,350
115900027,0,90,-90
115900028,83,13,70
115900029,0,82,-82
115900030,58,32,26
115900031,91,249,-158
115900032,136,428,-292
115900033,0,24,-24
115900034,8,79,-71
115900035,115,5,110
115900036,25,3638,-3613
115900037,5,82,-77
115900038,44,4,40
115900039,230,34,196
115900041,56,1246,-1190
115900042,59,4,55
115900043,135,77,58
115900044,118,924,-806
115900046,1019,58,961
115900047,47,216,-169
115900049,232,72,160
115900051,0,16,-16
115900052,27,40,-13
115900053,517,31,486
115900054,559,10,549
115900055,42,22,20
115900056,244,33,211
115900057,5,10,-5
115900058,4,15,-11
115900060,29,48,-19
115900061,555,1,554
115900062,93,37,56
115900063,24,0,24
115900064,116,193,-77
115900065,168,31,137
115900066,30,25,5
115900067,7,37,-30
115900068,561,1975,-1414
115900069,28,112,-84
115900070,340,9,331
115900071,1,95,-94
115900072,13,43,-30
115900073,267,155,112
115900074,0,46,-46
115900075,51,83,-32
115900076,4,14,-10
115900077,2,35,-33
115900078,35,91,-56
115900079,520,38,482
115900080,69,21,48
115900081,18,6,12
115900082,75,56,19
115900084,987,3,984
115900085,30,69,-39
115900086,483,61,422
115900088,0,100,-100
115900089,837,118,719
115900090,988,4,984
115900091,9,8,1
115900092,60,37,23
115900093,0,2,-2
115900094,14,53,-39
115900096,1,2,-1
115900097,4,40,-36
115900098,400,119,281
115900099,161,27,134
115900100,10,112,-102
115900101,329,68,261
115900102,138,20,118
115900103,249,48,201
115900104,95,17,78
115900105,283,81,202
115900106,156,2,154
115900107,91,11,80
115900108,229,0,229
115900109,15,113,-98
115900110,20,0,20
115900111,1,16,-15
115900112,10,283,-273
115900113,41,2,39
115900114,0,15,-15
115900115,145,61,84
115900116,51,245,-194
115900117,167,2,165
115900118,1,39,-38
115900119,270,77,193
115900120,10,60,-50
115900121,251,42,209
115900124,175,1003,-828
115900125,469,53,416
115900126,1136,14,1122
115900127,1378,28,1350
115900128,1,172,-171
115900129,538,9,529
115900130,1,351,-350
115900131,714,31,683
115900132,819,4,815
115900134,530,1,529
115900135,387,353,34
115900137,41,9,32
115900139,18,108,-90
115900140,675,29,646
115900141,0,51,-51
115900142,0,14,-14
115900143,263,49,214
115900144,399,61,338
115900146,28,44,-16
115900147,103,497,-394
115900148,4,25,-21
115900149,376,10,366
115900150,219,0,219
115900151,108,42,66
115900152,210,40,170
115900153,128,45,83
115900154,80,240,-160
115900155,0,11,-11
115900156,554,387,167
115900157,580,376,204
115900158,6,9,-3
115900159,438,39,399
115900160,2,4,-2
115900161,26,20,6
115900163,329,9,320
115900164,1412,8,1404
115900166,48,47,1
115900168,550,106,444
115900171,98,60,38
115900172,18,63,-45
115900173,264,100,164
115900174,28,124,-96
115900175,334,29,305
115900178,26,98,-72
115900179,651,9,642
115900180,11,40,-29
115900181,390,40,350
115900182,1107,68,1039
115900183,24,118,-94
115900184,308,0,308
115900187,6,192,-186
115900189,0,76,-76
115900190,97,610,-513
115900191,15,78,-63
115900192,46,190,-144
115900193,74,29,45
115900194,1222,21,1201
115900195,190,4049,-3859
115900198,237,157,80
115900199,436,44,392
115900200,234,50,184
115900201,146,267,-121
115900202,0,411,-411
115900203,0,3,-3
115900204,0,6,-6
115900205,12,4,8
115900206,661,49,612
115900207,89,10,79
115900208,165,31,134
115900209,11,95,-84
115900210,1,96,-95
115900211,0,61,-61
115900212,287,100,187
115900213,109,270,-161
115900214,1054,87,967
115900215,13,189,-176
115900216,2,29,-27
115900217,1,22,-21
115900218,8,8,0
115900219,281,5,276
115900220,533,7,526
115900221,217,6,211
115900222,92,44,48
115900223,1,545,-544
115900224,277,2748,-2471
115900225,22,50,-28
115900226,21,77,-56
115900227,5,27,-22
115900228,2,15,-13
115900229,4,15,-11
115900230,45,40,5
115900231,203,2,201
115900232,76,1,75
115900233,233,0,233
115900234,61,40,21
115900235,11,18,-7
115900236,13,58,-45
115900237,40,29,11
115900238,15,22,-7
115900239,5,16,-11
115900240,12,10,2
115900241,398,24,374
115900242,282,517,-235
115900243,4,6,-2
115900244,14,23,-9
115900245,227,0,227
115900246,1,0,1
115900247,0,1,-1
115900248,2,5,-3
115900249,21,2,19
115900250,25,0,25
115900251,14,0,14
115900252,4,0,4
115900253,49,5,44
115900254,19,26,-7
115900255,0,19,-19
115900256,17,71,-54
115900257,0,13,-13
115900258,0,0,0
115900259,1,0,1
115900260,7,0,7
115900261,3,0,3
115900262,0,0,0
115900263,20,1,19
115900264,8,1,7
115900265,5,1,4
115900266,2,1,1
115900267,0,2,-2
115900268,2,6,-4
115900269,1574,91,1483
115900270,307,72,235
115900271,537,0,537
115900272,73,0,73
115900273,12,77,-65
115900274,0,0,0
115900275,0,1,-1
115900276,0,10,-10
115900277,2,28,-26
115900278,82,45,37
115900279,29,187,-158
115900280,8,763,-755
115900281,121,391,-270
115900282,8,61,-53
115900283,42,4,38
115900284,11,0,11
116000001,3766,1184,2582
116000002,5193,19575,-14382
116000003,739,741,-2
116000004,5866,7582,-1716
116000005,755,1960,-1205
116000006,2975,4506,-1531
116000007,1201,1085,116
116000008,6481,2232,4249
116000009,608,641,-33
116000010,4138,1104,3034
116000011,591,534,57
116000012,2481,786,1695
116000013,3078,2139,939
116000014,9306,26972,-17666
116000015,78,2196,-2118
116000016,2948,6493,-3545
116000017,66,458,-392
116000018,344,186,158
116000019,1962,118,1844
116000020,338,487,-149
116000021,1559,113,1446
116000022,565,184,381
116000023,2350,1344,1006
116000024,673,467,206
116000025,1033,573,460
116000026,1047,2484,-1437
116000027,402,730,-328
116000028,397,825,-428
116000029,258,167,91
116000030,656,493,163
116000031,22,58,-36
116000032,329,64,265
116000033,860,208,652
116000034,489,663,-174
116000035,437,181,256
116000036,200,1403,-1203
116000037,131,377,-246
116000038,61,618,-557
116000039,175,705,-530
116000040,343,658,-315
116000041,101,523,-422
116000042,1150,784,366
116000043,165,278,-113
116000044,11,53,-42
116000045,719,990,-271
116000046,619,950,-331
116000047,1726,2670,-944
116000048,2433,1011,1422
116000049,1462,1496,-34
116000050,1042,824,218
116000051,2470,2194,276
116000052,2422,1640,782
116000053,2371,488,1883
116000054,930,1762,-832
116000055,809,912,-103
116000056,1678,655,1023
116000057,1700,824,876
116000058,2935,2205,730
116000059,2044,4056,-2012
116000060,1855,1012,843
116000061,388,1430,-1042
116000062,588,236,352
116000063,714,2080,-1366
116000066,501,671,-170
116000067,271,243,28
116000068,353,158,195
116000069,284,217,67
116000078,687,648,39
116000080,1535,222,1313
116000082,3,15,-12
116000083,2642,187,2455
116000084,975,1104,-129
116000085,1598,2129,-531
116000086,628,298,330
116000087,3485,1458,2027
116000088,1612,416,1196
116000089,281,38,243
116000090,285,115,170
116000091,173,1270,-1097
116000093,871,145,726
116000094,1447,169,1278
116000095,1045,192,853
116000096,2469,3171,-702
116000097,1096,217,879
116000098,70,15666,-15596
116000099,3427,616,2811
116000100,424,28,396
116000101,2244,169,2075
116000102,277,258,19
116000103,551,369,182
116000104,364,411,-47
116000105,2257,103,2154
116000106,691,513,178
116000107,3669,285,3384
116000108,10,223,-213
116000111,222,34,188
116000113,89,21,68
116000114,13,41,-28
116000115,399,61,338
116000116,194,54,140
116000117,1682,839,843
116000118,2298,527,1771
116000119,4175,1074,3101
116000120,2594,1302,1292
116000121,1527,213,1314
116000122,702,320,382
116000123,1969,190,1779
116000124,785,182,603
116000125,4086,179,3907
116000126,500,315,185
116000127,751,348,403
116000128,3012,364,2648
116000129,2182,69,2113
116000130,993,578,415
116000133,3157,433,2724
116000134,1469,518,951
116000135,3946,841,3105
116000136,975,817,158
116000137,1441,592,849
116000138,768,303,465
116000139,2111,2853,-742
116000140,319,363,-44
116000141,970,373,597
116000142,3344,1732,1612
116000143,2589,1309,1280
116000144,2380,1331,1049
116000145,4046,690,3356
116000146,1417,79,1338
116000147,407,208,199
116000148,1569,1109,460
116000149,517,307,210
116000151,850,610,240
116000153,131,450,-319
116000155,146,300,-154
116000156,1063,293,770
116000157,111,2,109
116000158,658,111,547
116000159,30,3,27
116000160,73,18,55
116000161,9,64,-55
116000162,24,342,-318
116000163,46,2,44
116000164,10,4,6
116000177,81,173,-92
116000194,39,248,-209
116000195,2194,646,1548
116000196,82,1,81
116000197,76,45,31
116000198,1756,683,1073
116000200,504,983,-479
116000201,461,254,207
116000202,21,91,-70
116000203,1,20,-19
116000204,1,3,-2
116000205,0,34,-34
116000206,0,63,-63
116000207,23,26,-3
116000233,67,141,-74
116000287,399,69,330
116000288,661,163,498
116000292,211,61,150
116000296,24,68,-44
116000297,156,10,146
116000304,557,20,537
116000305,16,24,-8
116000346,380,74,306
116000352,124,31,93
116000354,66,20,46
116000357,15,17,-2
116000358,633,267,366
116000361,52,3,49
116000372,3101,9567,-6466
116000381,339,0,339
116000388,11,12,-1
116000389,964,112,852
116000445,1970,176,1794
116000446,1087,82,1005
116000447,43,544,-501
116000448,312,28,284
116000563,496,664,-168
116000565,110,167,-57
116000568,24,811,-787
116000579,26,209,-183
116000583,13,7,6
116000584,43,2,41
116000585,160,36,124
116000586,48,68,-20
116000587,403,112,291
116000589,51,31,20
116000590,172,29,143
116000591,372,64,308
116000592,8,11,-3
116000593,0,12,-12
116000594,1727,76,1651
116000595,1009,33,976
116000596,362,7,355
116000597,920,339,581
116000598,39,115,-76
116000605,84,34,50
116000606,86,618,-532
116000607,4,28,-24
116000609,26,1767,-1741
116000611,318,89,229
116000612,2332,2087,245
116000613,1025,311,714
116000614,639,108,531
116000615,0,305,-305
116000616,176,40,136
116000617,324,8,316
116000618,8,26,-18
116000619,8,88,-80
116000620,564,138,426
116000621,118,64,54
116000622,133,72,61
116000624,132,73,59
116000627,351,25,326
116000628,229,201,28
116000629,66,79,-13
116000630,1986,5,1981
116000631,1533,35,1498
116000632,2881,12,2869
116000633,886,71,815
116000634,1273,58,1215
116000635,1734,2324,-590
116000636,432,1071,-639
116000637,1425,30,1395
116000638,304,161,143
116000640,11,132,-121
116000641,17,32,-15
116000644,93,88,5
116900001,179,39,140
116900002,226,0,226
116900003,140,0,140
116900004,75,183,-108
116900005,576,14,562
116900006,63,88,-25
116900007,98,127,-29
116900008,1307,105,1202
116900009,33,34,-1
116900010,0,198,-198
116900011,1,6,-5
116900012,176,162,14
116900013,8,35,-27
116900014,325,45,280
116900015,1241,55,1186
116900016,416,3,413
116900017,0,156,-156
116900018,82,79,3
116900019,0,51,-51
116900020,252,3194,-2942
116900023,32,15,17
116900024,1636,16,1620
116900025,1882,269,1613
116900026,11,212,-201
116900027,150,30,120
116900028,0,12,-12
116900029,0,318,-318
116900031,0,0,0
116900032,0,40,-40
116900033,63,5,58
116900034,0,16,-16
116900035,245,85,160
116900036,19,85,-66
116900038,3,3,0
116900041,172,3,169
116900042,106,164,-58
116900043,14,41,-27
116900047,41,595,-554
116900049,14,62,-48
116900050,44,100,-56
116900051,717,46,671
116900052,220,55,165
116900055,0,27,-27
116900057,21,49,-28
116900058,9,136,-127
116900059,0,10,-10
116900060,78,250,-172
116900062,0,13,-13
116900064,73,83,-10
116900065,6,84,-78
116900067,116,5,111
116900068,138,45,93
116900070,24,12,12
116900072,47,33,14
116900073,19,56,-37
116900074,0,9,-9
116900076,40,19,21
116900077,2,23,-21
116900078,38,22,16
116900079,84,68,16
116900080,0,7,-7
116900081,97,255,-158
116900082,109,1250,-1141
116900083,1,3,-2
116900084,56,13,43
116900085,1,27,-26
116900086,17,105,-88
116900088,167,3,164
116900090,1,3,-2
116900091,878,8,870
116900092,100,169,-69
116900093,2059,1131,928
116900094,3420,7387,-3967
116900095,460,159,301
116900096,94,434,-340
116900097,733,5528,-4795
116900098,410,127,283
116900099,56,375,-319
116900100,1700,129,1571
116900101,193,408,-215
116900103,7,1,6
116900104,6,178,-172
116900105,723,243,480
116900106,4702,63,4639
116900107,938,4029,-3091
116900110,40,1,39
116900111,1193,264,929
116900112,328,217,111
116900113,780,4074,-3294
116900116,23,479,-456
116900117,331,121,210
116900118,673,1050,-377
116900120,687,56,631
116900121,428,47,381
116900122,2170,161,2009
116900123,965,178,787
116900124,154,138,16
116900125,784,65,719
116900126,143,1143,-1000
116900128,0,22,-22
116900129,0,125,-125
116900130,560,6736,-6176
116900131,18,324,-306
116900132,118,54,64
116900133,379,105,274
116900134,305,137,168
116900136,216,34,182
116900137,283,27,256
116900138,138,25,113
116900139,35,82,-47
116900140,112,41,71
116900141,126,30,96
116900142,6,34,-28
116900143,241,59,182
116900144,76,2,74
116900145,68,97,-29
116900147,80,1112,-1032
116900148,1,4,-3
116900149,50,195,-145
116900150,5,2,3
116900151,34,23,11
116900153,57,144,-87
116900154,232,527,-295
116900155,75,68,7
116900157,1442,51,1391
116900158,121,319,-198
116900159,88,454,-366
116900160,1154,609,545
116900161,2482,13139,-10657
116900162,70,79,-9
116900163,512,20,492
116900164,92,35,57
116900165,809,324,485
116900166,178,126,52
116900167,864,14,850
116900168,709,9,700
116900169,99,940,-841
116900170,654,285,369
116900171,43,60,-17
116900172,79,739,-660
116900173,628,1,627
116900174,45,238,-193
116900175,394,417,-23
116900178,60,32,28
116900179,47,576,-529
116900180,157,2,155
116900182,872,161,711
116900183,367,136,231
116900185,71,16,55
116900186,141,27,114
116900187,65,66,-1
116900188,254,3,251
116900189,29,1,28
116900191,101,85,16
116900192,499,120,379
116900194,87,1695,-1608
116900195,39,5,34
116900196,17,15,2
116900197,225,9,216
116900198,17,1050,-1033
116900200,306,2,304
116900201,569,4,565
116900202,55,29,26
116900203,225,5,220
116900204,26,365,-339
116900206,51,1,50
116900207,19,14,5
116900208,22,27,-5
116900209,38,10,28
116900210,394,197,197
116900211,226,5,221
116900212,113,2,111
116900213,221,26,195
116900214,485,148,337
116900215,29,8,21
116900216,308,48,260
116900218,0,94,-94
116900219,356,78,278
116900220,133,134,-1
116900221,124,222,-98
116900222,317,199,118
116900223,16,43,-27
116900226,346,16,330
116900227,417,18,399
116900228,648,84,564
116900230,52,71,-19
116900231,165,108,57
116900232,48,164,-116
116900233,543,84,459
116900234,12,2,10
116900235,94,121,-27
116900238,287,56,231
116900239,0,1633,-1633
116900240,2272,4024,-1752
116900241,38,32,6
116900242,421,1412,-991
116900243,1,9,-8
116900245,48,48,0
116900246,110,8,102
116900247,1379,42,1337
116900248,85,6,79
116900249,899,20,879
116900250,559,42,517
116900251,262,1690,-1428
116900252,467,249,218
116900253,120,42,78
116900254,70,123,-53
116900255,160,233,-73
116900256,931,249,682
116900257,73,65,8
116900258,2,22,-20
116900259,328,30,298
116900260,0,15,-15
116900261,49,6,43
116900262,117,91,26
116900263,0,1,-1
116900264,143,336,-193
116900265,358,0,358
116900266,45,3,42
116900267,29,0,29
116900268,8,346,-338
116900269,395,897,-502
116900271,266,1201,-935
116900272,317,280,37
116900273,22,233,-211
116900274,180,64,116
116900275,382,80,302
116900276,233,627,-394
116900277,82,99,-17
116900278,1,6,-5
116900279,8,11,-3
116900280,100,2,98
116900281,2102,8466,-6364
116900282,0,11,-11
116900283,2,8,-6
116900284,1,43,-42
116900285,17,651,-634
116900286,58,2,56
116900287,2,9,-7
116900288,228,30,198
116900289,44,1,43
116900290,14,1,13
116900291,55,15,40
116900292,0,44,-44
116900293,151,1,150
116900294,0,80,-80
116900295,212,300,-88
116900296,55,158,-103
116900297,0,56,-56
116900298,59,84,-25
116900299,2,133,-131
116900300,2,109,-107
116900301,24,473,-449
116900302,9,88,-79
116900303,118,200,-82
116900304,2,264,-262
116900305,16,46,-30
116900306,568,47,521
116900307,85,0,85
116900308,0,32,-32
116900309,684,49,635
117000001,3185,3999,-814
117000002,1901,3148,-1247
117000003,6036,2430,3606
117000004,2014,3770,-1756
117000005,4688,1832,2856
117000006,1031,1506,-475
117000007,9037,1193,7844
117000008,1271,2154,-883
117000009,5240,1450,3790
117000010,982,1504,-522
117000011,4953,909,4044
117000012,2285,784,1501
117000013,3390,1033,2357
117000014,2033,2469,-436
117000015,3562,1931,1631
117000016,349,388,-39
117000017,54,660,-606
117000018,109,1291,-1182
117000019,54,85,-31
117000020,355,3253,-2898
117000021,1663,870,793
117000022,90,446,-356
117000023,54,1063,-1009
117000024,150,669,-519
117000025,202,3590,-3388
117000026,1873,3116,-1243
117000027,705,2431,-1726
117000028,486,1154,-668
117000030,381,338,43
117000031,660,293,367
117000032,1526,1390,136
117000033,1521,813,708
117000034,212,226,-14
117000035,434,275,159
117000036,417,355,62
117000037,478,167,311
117000038,235,389,-154
117000039,229,287,-58
117000040,49,390,-341
117000041,1730,97,1633
117000044,11,309,-298
117000045,1660,390,1270
117000046,349,902,-553
117000047,1051,930,121
117000048,986,524,462
117000049,35,307,-272
117000050,918,1492,-574
117000051,3643,81,3562
117000052,122,121,1
117000053,1807,17,1790
117000054,2256,8,2248
117000055,0,432,-432
117000056,612,37,575
117000057,268,655,-387
117000060,355,675,-320
117000061,2707,1791,916
117000062,194,570,-376
117000063,1635,625,1010
117000064,540,593,-53
117000066,249,551,-302
117000067,81,532,-451
117000074,8,191,-183
117000076,42,23,19
117000077,278,34,244
117000078,104,416,-312
117000079,288,123,165
117000080,1,394,-393
117000081,670,76,594
117000082,37,167,-130
117000083,118,21,97
117000084,173,1,172
117000085,729,879,-150
117000086,643,336,307
117000087,197,380,-183
117000088,670,122,548
117000089,4037,155,3882
117000090,460,322,138
117000091,2156,76,2080
117000092,377,375,2
117000093,2986,220,2766
117000094,759,574,185
117000095,4550,255,4295
117000096,726,572,154
117000097,3429,565,2864
117000098,1113,1280,-167
117000099,6246,519,5727
117000100,281,247,34
117000101,44,309,-265
117000102,2857,314,2543
117000103,222,519,-297
117000104,2396,292,2104
117000105,316,524,-208
117000106,2820,264,2556
117000107,455,734,-279
117000108,3325,628,2697
117000109,650,921,-271
117000110,1944,2076,-132
117000111,3760,3132,628
117000112,4806,788,4018
117000113,68,48,20
117000114,411,52,359
117000115,42,21,21
117000116,264,85,179
117000117,1337,710,627
117000118,580,500,80
117000119,106,637,-531
117000120,9,707,-698
117000121,22,799,-777
117000122,1001,1775,-774
117000123,1732,19,1713
117000124,19,116,-97
117000125,44,499,-455
117000126,13,32,-19
117000127,92,391,-299
117000128,33,834,-801
117000129,183,1320,-1137
117000130,319,0,319
117000131,0,116,-116
117000132,7260,15,7245
117000133,5706,27,5679
117000134,0,140,-140
117000135,5,189,-184
117000136,1,22,-21
117000137,460,92,368
117000138,1,814,-813
117000140,232,562,-330
117000141,2365,292,2073
117000181,252,146,106
117000182,2812,2198,614
117000195,35,240,-205
117000196,613,191,422
117000225,50,336,-286
117000226,6,312,-306
117000276,720,50,670
117000277,0,75,-75
117000310,959,3665,-2706
117000315,226,1018,-792
117000320,149,1,148
117000906,1071,22,1049
117000907,0,109,-109
117000909,161,99,62
117000910,256,103,153
117000911,57,73,-16
117000915,0,115,-115
117000916,244,14,230
117000917,1958,31,1927
117000918,402,56,346
117000919,0,13,-13
117000920,2,600,-598
117000921,0,285,-285
117000922,11,73,-62
117000924,1642,1044,598
117000926,573,470,103
117000927,272,475,-203
117000928,0,119,-119
117000929,1046,98,948
117000930,1300,6,1294
117000931,156,57,99
117900002,28,1007,-979
117900003,46,62,-16
117900005,2,291,-289
117900006,0,13,-13
117900007,291,77,214
117900008,0,20,-20
117900010,513,37,476
117900011,9,830,-821
117900012,101,70,31
117900013,0,206,-206
117900014,925,150,775
117900015,36,59,-23
117900016,780,1411,-631
117900017,1273,429,844
117900018,595,553,42
117900019,1466,181,1285
117900020,64,168,-104
117900021,51,155,-104
117900022,9,3,6
117900023,3247,147,3100
117900024,138,176,-38
117900025,10,0,10
117900026,797,299,498
117900028,71,6,65
117900029,647,336,311
117900030,235,485,-250
117900031,513,561,-48
117900032,1159,536,623
117900033,769,264,505
117900034,113,36,77
117900035,472,131,341
117900036,475,237,238
117900037,183,34,149
117900038,13,55,-42
117900039,0,38,-38
117900040,95,70,25
117900041,1,12,-11
117900042,1807,550,1257
117900043,1,4,-3
117900044,7,5771,-5764
117900045,513,73,440
117900048,418,52,366
117900049,473,469,4
117900050,2,550,-548
117900051,24,3,21
117900052,116,676,-560
117900053,2540,94,2446
117900054,0,3,-3
117900055,1676,483,1193
117900056,23,127,-104
117900057,1096,504,592
117900058,3,88,-85
117900059,155,157,-2
117900060,3883,935,2948
117900061,12,405,-393
117900063,786,142,644
117900065,141,666,-525
117900066,13,152,-139
117900067,1461,158,1303
117900069,1474,118,1356
117900070,36,474,-438
117900071,404,96,308
117900073,1609,76,1533
117900074,28,731,-703
117900075,237,109,128
117900076,33,96,-63
117900077,1286,39,1247
117900078,585,405,180
117900080,301,29,272
117900081,182,110,72
117900082,1260,213,1047
117900083,1349,509,840
117900086,313,72,241
117900087,235,6,229
117900088,476,677,-201
117900089,3402,358,3044
117900090,1127,703,424
117900091,207,28,179
117900092,322,47,275
117900093,277,2,275
117900094,62,44,18
117900095,991,1075,-84
117900096,359,287,72
117900097,246,6,240
117900098,113,14,99
117900099,422,608,-186
117900100,1192,1,1191
117900101,1253,3058,-1805
117900102,78,17,61
117900103,115,20,95
117900104,4,335,-331
117900105,36,81,-45
117900106,92,11,81
117900107,86,1,85
117900109,2117,545,1572
117900110,488,0,488
117900111,2149,240,1909
117900112,121,1,120
117900113,653,3079,-2426
117900114,135,0,135
117900115,10,242,-232
117900116,369,304,65
117900117,1235,145,1090
117900118,514,1,513
117900119,562,13,549
117900120,1104,9,1095
117900121,106,13,93
117900122,902,7879,-6977
117900123,1136,623,513
117900124,264,450,-186
117900125,1722,686,1036
117900126,39,142,-103
117900127,897,151,746
117900128,566,213,353
117900129,283,0,283
117900130,1035,224,811
117900131,0,57,-57
117900132,1,40,-39
117900133,12,9,3
117900134,43,15,28
117900135,9,22,-13
117900136,0,4,-4
117900137,8,111,-103
117900138,0,1,-1
117900139,94,84,10
117900140,5337,793,4544
117900141,23,321,-298
117900142,24,584,-560
117900144,23,970,-947
117900145,0,469,-469
117900146,155,475,-320
117900147,159,93,66
117900148,2218,4028,-1810
117900149,47,61,-14
117900150,93,59,34
117900151,46,190,-144
117900152,26,100,-74
117900153,14,202,-188
117900154,719,393,326
117900156,202,209,-7
117900157,91,274,-183
117900158,532,32,500
117900160,1363,624,739
117900161,543,327,216
117900162,1147,297,850
117900163,33,1091,-1058
117900165,0,6,-6
117900166,7,181,-174
117900168,52,61,-9
117900169,2,32,-30
117900170,0,5,-5
117900171,0,0,0
117900172,13,1,12
117900173,34,9,25
117900174,3,4,-1
117900175,6,6,0
117900176,15,9,6
117900177,24,8,16
117900178,50,9,41
117900180,123,26,97
117900181,36,517,-481
117900182,2,58,-56
117900183,173,92,81
117900184,30,45,-15
117900185,19,5,14
117900186,135,5,130
117900187,28,6,22
117900188,101,2,99
117900189,28,11,17
117900190,16,0,16
117900191,28,0,28
117900192,253,0,253
117900193,5,9,-4
117900194,3,3,0
117900195,51,33,18
117900196,15,2,13
117900207,52,55,-3
117900208,12,28,-16
117900209,250,71,179
117900210,99,48,51
117900211,0,58,-58
117900212,186,74,112
117900213,53,2,51
117900214,2,10,-8
117900215,74,33,41
117900216,19,74,-55
117900217,90,136,-46
117900218,90,193,-103
117900219,2,150,-148
117900220,30,259,-229
117900222,328,104,224
117900223,39,514,-475
118000001,595,2204,-1609
118000002,330,739,-409
118000003,2096,4222,-2126
118000004,1111,3964,-2853
118000005,3570,1834,1736
118000006,2985,3168,-183
118000007,4519,10169,-5650
118000008,848,8714,-7866
118000009,1311,3251,-1940
118000010,3061,3391,-330
118000011,2974,767,2207
118000012,954,989,-35
118000013,2322,2277,45
118000014,1414,1058,356
118000016,325,115,210
118000017,710,400,310
118000018,395,111,284
118000019,1204,1814,-610
118000020,294,1496,-1202
118000021,361,1878,-1517
118000022,896,485,411
118000023,368,266,102
118000024,542,626,-84
118000027,8203,4993,3210
118000029,554,426,128
118000032,222,1303,-1081
118000033,1495,3385,-1890
118000034,1813,2255,-442
118000035,1448,1599,-151
118000036,925,802,123
118000037,715,1423,-708
118000038,925,85,840
118000039,149,48,101
118000040,2069,1228,841
118000041,4108,1672,2436
118000045,148,145,3
118000046,544,1029,-485
118000047,249,2351,-2102
118000048,1334,3137,-1803
118000051,497,2290,-1793
118000052,130,803,-673
118000053,258,1075,-817
118000054,2647,621,2026
118000055,1815,1121,694
118000056,151,384,-233
118000057,155,231,-76
118000058,1636,4543,-2907
118000059,1061,2879,-1818
118000060,1394,464,930
118000061,1441,1672,-231
118000062,423,136,287
118000063,254,688,-434
118000064,704,1043,-339
118000065,1821,1895,-74
118000066,1161,2672,-1511
118000067,399,559,-160
118000068,590,11389,-10799
118000069,810,1082,-272
118000070,4640,2379,2261
118000071,3510,13067,-9557
118000072,623,4540,-3917
118000073,413,2108,-1695
118000074,327,1096,-769
118000075,590,319,271
118000076,1736,8454,-6718
118000077,902,1037,-135
118000078,2044,2292,-248
118000079,95,400,-305
118000080,309,745,-436
118000081,1587,1312,275
118000082,192,818,-626
118000083,918,1249,-331
118000084,1166,2753,-1587
118000086,158,649,-491
118000087,2869,1848,1021
118000088,1289,1480,-191
118000089,3222,3527,-305
118000090,1173,3747,-2574
118000091,827,6079,-5252
118000092,830,471,359
118000093,75,586,-511
118000096,669,359,310
118000097,476,487,-11
118000098,208,233,-25
118000099,705,173,532
118000101,1911,257,1654
118000102,583,285,298
118000107,1447,246,1201
118000108,536,7704,-7168
118000110,0,9,-9
118000111,1,102,-101
118000112,2331,6,2325
118000113,0,227,-227
118000114,1920,29,1891
118000115,3,17,-14
118000116,72,0,72
118000117,500,739,-239
118000118,1435,1143,292
118000119,1706,1384,322
118000120,1206,569,637
118000121,20,319,-299
118000122,254,242,12
118000123,63,242,-179
118000125,592,1269,-677
118000126,762,2815,-2053
118000127,1192,632,560
118000128,259,992,-733
118000129,1708,834,874
118000130,1681,2619,-938
118000131,280,701,-421
118000132,2645,2399,246
118000133,2132,871,1261
118000135,560,707,-147
118000136,144,519,-375
118000137,468,62,406
118000138,463,292,171
118000139,557,75,482
118000140,3908,8796,-4888
118000141,3272,1299,1973
118000142,3599,1342,2257
118000143,3353,1122,2231
118000144,397,173,224
118000145,1167,407,760
118000146,1519,235,1284
118000147,1137,463,674
118000148,1407,1557,-150
118000149,926,302,624
118000150,1120,207,913
118000151,825,165,660
118000153,2200,476,1724
118000154,2544,636,1908
118000155,2855,577,2278
118000156,1562,3687,-2125
118000157,777,257,520
118000158,247,620,-373
118000159,24,84,-60
118000160,918,204,714
118000161,610,280,330
118000162,1449,669,780
118000163,1055,784,271
118000164,2138,1152,986
118000168,394,1507,-1113
118000169,1051,605,446
118000170,2169,1938,231
118000171,539,319,220
118000172,35,105,-70
118000173,641,1147,-506
118000175,277,171,106
118000176,437,219,218
118000177,430,366,64
118000178,39,13,26
118000179,484,524,-40
118000180,472,294,178
118000181,419,117,302
118000182,222,71,151
118000183,207,98,109
118000184,1419,346,1073
118000185,296,1631,-1335
118000186,295,1179,-884
118000187,2742,211,2531
118000188,1328,47,1281
118000189,1799,143,1656
118000190,5,1,4
118000191,48,0,48
118000192,16,92,-76
118000193,18,207,-189
118000194,1858,890,968
118000195,173,3377,-3204
118000196,41,709,-668
118000197,73,408,-335
118000198,284,1825,-1541
118000199,278,1230,-952
118000200,68,654,-586
118000201,80,1200,-1120
118000202,17,700,-683
118000203,288,1815,-1527
118000204,32,663,-631
118000205,47,274,-227
118000206,192,266,-74
118000207,0,76,-76
118000208,2197,1040,1157
118000209,2438,433,2005
118000210,386,6,380
118000211,244,27,217
118000213,473,3886,-3413
118000214,196,752,-556
118000215,458,100,358
118000216,10117,1728,8389
118000217,12,31,-19
118000218,89,28,61
118000219,264,223,41
118000220,85,44,41
118000221,1290,1011,279
118000222,172,0,172
118000223,109,67,42
118000224,73,68,5
118000225,194,667,-473
118000226,2140,133,2007
118000227,397,490,-93
118000228,15,193,-178
118000229,36,755,-719
118000230,132,118,14
118000231,11,138,-127
118000232,1108,163,945
118000233,1612,289,1323
118000234,723,58,665
118000236,252,407,-155
118000237,151,151,0
118000238,232,55,177
118000239,354,312,42
118000240,65,100,-35
118000241,297,90,207
118000242,842,134,708
118000243,308,89,219
118000244,59,33,26
118000246,0,8,-8
118000255,35,264,-229
118000256,194,187,7
118000259,14,72,-58
118000260,305,48,257
118000261,108,4,104
118000263,78,228,-150
118000266,163,69,94
118000267,0,135,-135
118000268,341,1,340
118000270,231,6,225
118000271,479,105,374
118000272,49,17,32
118000273,549,38,511
118000274,49,185,-136
118000276,342,79,263
118000295,26,130,-104
118000298,91,52,39
118000299,31,38,-7
118000301,0,50,-50
118000302,114,9,105
118000311,2038,68,1970
118000312,610,64,546
118000313,92,30,62
118000314,207,8,199
118000315,78,8,70
118000316,944,162,782
118000325,51,2,49
118000326,74,49,25
118000331,92,2,90
118000332,3,6,-3
118000333,51,13,38
118000335,1313,7,1306
118000336,0,123,-123
118000407,506,17,489
118000457,4,62,-58
118000465,515,2199,-1684
118000480,83,39,44
118000489,4,740,-736
118000490,4,190,-186
118000492,1082,71,1011
118000510,37,2,35
118000514,58,207,-149
118000515,654,2002,-1348
118000517,224,187,37
118000524,300,547,-247
118000525,369,446,-77
118000530,8,161,-153
118000531,609,126,483
118000532,196,138,58
118000533,222,88,134
118000534,661,194,467
118000535,459,29,430
118000536,36,345,-309
118000537,17,36,-19
118000538,27,53,-26
118000539,10,85,-75
118000540,164,103,61
118000541,118,118,0
118000542,119,311,-192
118000543,330,203,127
118000546,27,13,14
118000553,0,0,0
118000557,0,0,0
118000560,670,2702,-2032
118000562,140,25,115
118000563,1287,515,772
118000576,198,14,184
118000577,287,187,100
118000578,178,28,150
118000579,452,1893,-1441
118000583,0,0,0
118000595,179,51,128
118000596,0,231,-231
118000597,368,91,277
118000598,4,0,4
118000599,301,24,277
118000600,24,1,23
118000601,10,0,10
118000602,2,17,-15
118000603,0,5,-5
118000605,75,37,38
118900001,465,1122,-657
118900002,643,815,-172
118900003,1236,3,1233
118900004,82,17,65
118900005,130,5,125
118900006,125,0,125
118900007,0,1,-1
118900008,673,16,657
118900009,156,216,-60
118900010,85,4,81
118900011,204,20,184
118900012,131,143,-12
118900013,1258,994,264
118900015,451,25,426
118900016,2,2,0
118900017,43,320,-277
118900018,1262,17,1245
118900019,3,7,-4
118900020,4,106,-102
118900021,67,412,-345
118900022,89,19,70
118900023,22,94,-72
118900024,110,127,-17
118900025,46,18,28
118900026,17,9,8
118900027,268,148,120
118900028,221,86,135
118900029,238,303,-65
118900030,1173,62,1111
118900031,60,26,34
118900032,222,112,110
118900033,391,774,-383
118900034,317,16,301
118900035,89,37,52
118900036,1407,185,1222
118900037,437,837,-400
118900038,581,47,534
118900039,1438,49,1389
118900040,251,53,198
118900041,1139,120,1019
118900042,55,28,27
118900045,191,115,76
118900046,258,264,-6
118900047,155,392,-237
118900048,105,486,-381
118900049,30,10,20
118900050,213,4,209
118900051,107,123,-16
118900052,258,393,-135
118900053,0,27,-27
118900054,165,10,155
118900055,204,2,202
118900056,63,206,-143
118900057,641,324,317
118900058,684,489,195
118900059,4,58,-54
118900060,236,42,194
118900062,298,100,198
118900064,139,731,-592
118900065,70,223,-153
118900066,148,24,124
118900067,2215,5355,-3140
118900068,4,815,-811
118900069,612,94,518
118900071,0,6,-6
118900072,752,918,-166
118900073,401,34,367
118900074,113,42,71
118900075,397,20,377
118900076,202,34,168
118900077,483,84,399
118900078,2,0,2
118900079,13,65,-52
118900080,274,77,197
118900081,45,33,12
118900082,2573,262,2311
118900083,3,1,2
118900084,14,4,10
118900085,167,120,47
118900086,25,81,-56
118900087,122,1148,-1026
118900088,0,6,-6
118900089,4,10,-6
118900090,138,60,78
118900091,121,216,-95
118900092,315,9,306
118900093,47,9,38
118900096,24,76,-52
118900097,280,110,170
118900099,11,51,-40
118900100,46,82,-36
118900101,253,96,157
118900102,47,73,-26
118900103,5,61,-56
118900104,424,53,371
118900105,98,13,85
118900107,5,15,-10
118900108,40,78,-38
118900110,1028,1546,-518
118900111,879,259,620
118900112,371,145,226
118900113,39,112,-73
118900114,1,35,-34
118900115,32,187,-155
118900116,77,30,47
118900117,199,25,174
118900118,508,96,412
118900119,317,78,239
118900120,59,238,-179
118900121,19,127,-108
118900122,1,674,-673
118900123,169,212,-43
118900124,278,224,54
118900126,83,134,-51
118900129,315,52,263
118900130,3,92,-89
118900131,656,225,431
118900132,384,99,285
118900133,7,147,-140
118900135,283,81,202
118900136,304,88,216
118900137,8,113,-105
118900139,627,153,474
118900140,480,191,289
118900141,97,188,-91
118900144,229,100,129
118900145,18,118,-100
118900146,480,268,212
118900147,114,426,-312
118900148,61,44,17
118900150,68,539,-471
118900152,424,156,268
118900157,23,175,-152
118900158,363,19,344
118900159,0,67,-67
118900161,42,7,35
118900163,53,17,36
118900164,0,22,-22
118900165,73,65,8
118900166,0,0,0
118900167,91,24,67
118900168,39,41,-2
118900169,128,111,17
118900170,633,46,587
118900171,75,3,72
118900174,11,19,-8
118900175,588,205,383
118900176,163,102,61
118900177,96,8,88
118900178,132,16,116
118900179,0,6,-6
118900181,145,8,137
118900182,5,11,-6
118900183,49,58,-9
118900184,189,24,165
118900185,131,26,105
118900186,64,54,10
118900187,100,388,-288
118900188,195,141,54
118900189,37,444,-407
118900190,119,86,33
118900191,774,52,722
118900192,868,16,852
118900193,1717,3,1714
118900195,246,484,-238
118900196,4,68,-64
118900197,608,17,591
118900198,55,2,53
118900199,72,9,63
118900200,29,15,14
118900201,58,57,1
118900202,0,40,-40
118900203,66,10,56
118900204,11,5,6
118900205,0,6,-6
118900206,0,5,-5
119000001,1497,1163,334
119000002,3306,2193,1113
119000003,5619,680,4939
119000004,4017,2039,1978
119000005,2598,2391,207
119000006,6948,2073,4875
119000007,4467,4280,187
119000008,1818,1518,300
119000009,2175,8037,-5862
119000010,3835,5805,-1970
119000011,1774,2358,-584
119000012,972,3688,-2716
119000013,3307,1718,1589
119000014,1803,2286,-483
119000019,262,137,125
119000020,3159,1547,1612
119000021,6005,3345,2660
119000022,709,4349,-3640
119000023,169,421,-252
119000024,1721,23429,-21708
119000025,2876,1174,1702
119000026,38,565,-527
119000027,63,443,-380
119000028,1524,575,949
119000029,34,136,-102
119000030,601,535,66
119000031,1554,496,1058
119000032,1175,1054,121
119000033,2525,831,1694
119000034,2034,427,1607
119000035,27,118,-91
119000036,3417,269,3148
119000037,2049,468,1581
119000038,363,203,160
119000039,724,486,238
119000040,615,829,-214
119000041,1303,2280,-977
119000048,1632,678,954
119000049,3330,987,2343
119000050,904,1238,-334
119000051,3305,794,2511
119000052,2041,1774,267
119000053,2508,659,1849
119000054,3309,557,2752
119000055,7374,961,6413
119000056,4470,997,3473
119000057,1739,351,1388
119000058,1169,611,558
119000059,652,481,171
119000060,2461,348,2113
119000061,806,200,606
119000062,838,384,454
119000063,683,579,104
119000064,545,414,131
119000065,783,1653,-870
119000066,1661,1082,579
119000067,1129,643,486
119000068,2269,311,1958
119000069,2014,691,1323
119000070,4924,280,4644
119000071,196,219,-23
119000072,2483,1736,747
119000073,4714,9686,-4972
119000074,1751,678,1073
119000075,6072,1701,4371
119000076,104,245,-141
119000077,1026,195,831
119000078,586,62,524
119000079,397,108,289
119000080,1325,84,1241
119000081,466,191,275
119000082,861,105,756
119000083,678,342,336
119000084,429,118,311
119000085,407,46,361
119000086,235,767,-532
119000087,571,98,473
119000088,276,40,236
119000089,65,103,-38
119000090,106,23,83
119000091,57,133,-76
119000092,99,84,15
119000093,2584,1300,1284
119000094,5569,3985,1584
119000095,3054,2395,659
119000097,949,483,466
119000098,1101,7043,-5942
119000099,1248,510,738
119000100,5245,2940,2305
119000101,3650,1183,2467
119000102,273,1708,-1435
119000103,751,631,120
119000104,753,366,387
119000105,823,3155,-2332
119000106,572,339,233
119000107,2172,587,1585
119000108,851,285,566
119000109,148,116,32
119000110,166,77,89
119000111,24,492,-468
119000112,119,20,99
119000113,543,71,472
119000114,897,1380,-483
119000115,70,116,-46
119000116,107,62,45
119000117,80,213,-133
119000118,32,1,31
119000123,1640,1668,-28
119000124,1689,82,1607
119000125,6298,301,5997
119000126,2781,362,2419
119000127,1073,150,923
119000128,23,0,23
119000131,1145,144,1001
119000132,0,1,-1
119000133,4,4,0
119000134,631,981,-350
119000135,236,74,162
119000136,407,70,337
119000137,580,78,502
119000138,1164,26,1138
119000139,174,21,153
119000140,189,283,-94
119000284,895,1312,-417
119000285,1265,646,619
119000286,2497,1821,676
119000287,1320,915,405
119000288,2104,456,1648
119000289,1199,1690,-491
119000290,164,225,-61
119000291,54,385,-331
119000293,120,260,-140
119000294,28,22,6
119000295,1608,214,1394
119000296,306,81,225
119000302,1034,1047,-13
119000303,4,125,-121
119000304,0,0,0
119000310,0,0,0
119000314,1375,13642,-12267
119000315,6,74,-68
119000316,346,28,318
119000317,167,53,114
119900001,68,1657,-1589
119900002,320,117,203
119900003,1,140,-139
119900004,108,3283,-3175
119900005,308,34,274
119900006,68,366,-298
119900007,444,194,250
119900008,6,23,-17
119900009,382,179,203
119900010,516,128,388
119900011,33,427,-394
119900012,3,166,-163
119900013,956,717,239
119900014,569,100,469
119900015,521,58,463
119900016,52,10,42
119900017,33,66,-33
119900018,535,2190,-1655
119900019,108,6,102
119900020,97,87,10
119900021,183,27,156
119900022,51,1014,-963
119900023,358,2991,-2633
119900025,639,26,613
119900026,440,68,372
119900027,5,11,-6
119900028,330,296,34
119900029,2,0,2
119900030,559,155,404
119900031,57,1050,-993
119900033,841,167,674
119900034,1197,10,1187
119900037,301,23,278
119900038,7,422,-415
119900039,81,0,81
119900040,93,25,68
119900041,292,5,287
119900042,105,110,-5
119900043,157,38,119
119900044,129,877,-748
119900046,371,16,355
119900047,452,325,127
119900048,317,22,295
119900049,209,2,207
119900050,43,89,-46
119900051,2089,17,2072
119900052,197,13,184
119900053,456,81,375
119900054,589,8,581
119900055,1374,113,1261
119900057,648,14,634
119900058,660,6,654
119900059,110,27,83
119900060,486,18,468
119900061,832,8,824
119900062,285,2,283
119900063,14,40,-26
119900065,291,0,291
119900066,0,0,0
119900067,140,25,115
119900068,992,2,990
119900069,177,13,164
119900070,963,2,961
119900071,1392,31,1361
119900073,724,36,688
119900074,25,11,14
119900075,872,1380,-508
119900076,964,121,843
119900077,1430,117,1313
119900078,1120,362,758
119900079,990,39,951
119900080,449,206,243
119900081,1366,15,1351
119900082,2594,142,2452
119900083,530,54,476
119900084,524,267,257
119900085,49,34,15
119900086,487,261,226
119900087,134,367,-233
119900088,36,9,27
119900089,20,61,-41
119900090,25,4,21
119900091,27,175,-148
119900092,9,166,-157
119900093,950,71,879
119900094,4,92,-88
119900095,227,19,208
119900096,36,55,-19
119900097,52,143,-91
119900098,22,2,20
119900099,10,75,-65
119900100,316,2321,-2005
119900101,46,444,-398
119900102,13,51,-38
119900103,87,35,52
119900104,10,37,-27
119900105,390,583,-193
119900106,0,52,-52
119900107,179,591,-412
119900108,1888,294,1594
119900109,9,43,-34
119900110,582,217,365
119900111,157,32,125
119900112,336,982,-646
119900113,9,176,-167
119900114,245,145,100
119900115,764,153,611
119900116,71,332,-261
119900117,268,125,143
119900118,155,124,31
119900119,188,70,118
119900120,317,147,170
119900121,711,169,542
119900122,27,67,-40
119900123,49,98,-49
119900124,323,123,200
119900125,19,57,-38
119900126,925,213,712
119900127,357,144,213
119900128,605,184,421
119900129,351,69,282
119900130,3,53,-50
119900131,28,35,-7
119900132,4,23,-19
119900133,126,29,97
119900134,209,39,170
119900135,0,101,-101
119900136,31,132,-101
119900138,70,169,-99
119900139,4,65,-61
119900140,4,24,-20
119900141,29,713,-684
119900142,1,13,-12
119900143,9,87,-78
119900144,618,199,419
119900145,29,31,-2
119900146,127,58,69
119900147,0,139,-139
119900148,535,16,519
119900149,282,7940,-7658
119900150,58,79,-21
119900151,1376,724,652
119900152,190,70,120
119900153,327,60,267
119900154,24,124,-100
119900155,38,15,23
119900156,1,0,1
119900157,145,62,83
119900158,252,60,192
119900159,0,145,-145
119900160,6,49,-43
119900161,100,26,74
119900162,1625,506,1119
119900163,20,46,-26
119900164,0,2,-2
119900165,203,19,184
119900166,71,6,65
119900167,2,31,-29
119900168,2063,119,1944
119900169,5,187,-182
119900170,206,164,42
119900171,458,113,345
119900172,21,3,18
119900173,0,26,-26
119900174,0,26,-26
119900175,2873,208,2665
119900177,2,40,-38
119900178,0,57,-57
119900179,318,1458,-1140
119900180,1828,528,1300
119900181,10,28,-18
119900182,2,47,-45
119900183,88,263,-175
119900184,313,265,48
119900185,12,313,-301
119900186,7,1690,-1683
119900187,43,76,-33
119900188,149,163,-14
119900189,45,217,-172
119900190,60,320,-260
119900191,92,176,-84
119900192,25,70,-45
119900193,909,73,836
119900194,36,22,14
119900195,3,68,-65
119900196,115,79,36
119900197,436,94,342
119900198,88,248,-160
119900199,140,2,138
119900200,807,256,551
119900201,86,47,39
119900202,22,326,-304
119900203,143,596,-453
119900204,432,168,264
119900205,1431,176,1255
119900206,503,97,406
119900208,85,76,9
119900209,624,1984,-1360
119900210,62,3,59
119900211,12,0,12
119900212,650,221,429
119900213,5,39,-34
119900214,104,6,98
119900215,43,10,33
119900216,19,24,-5
119900217,8,5,3
119900218,6,54,-48
119900219,12,38,-26
119900220,11,14,-3
119900221,75,32,43
119900222,5,20,-15
119900223,9,25,-16
119900224,0,4,-4
119900225,119,34,85
119900226,98,2066,-1968
119900227,151,70,81
119900228,9,190,-181
119900229,49,92,-43
119900230,494,122,372
119900231,491,45,446
119900232,149,52,97
119900233,45,1,44
119900234,4,92,-88
119900235,1,22,-21
119900236,6,57,-51
119900237,18,229,-211
119900238,0,39,-39
119900240,73,50,23
119900241,101,118,-17
119900242,818,938,-120
119900244,447,651,-204
119900245,148,80,68
119900246,162,373,-211
119900247,10,21,-11
119900248,35,666,-631
119900249,503,45,458
119900253,510,220,290
119900254,47,1445,-1398
119900255,76,259,-183
119900256,1342,192,1150
119900257,145,0,145
119900258,220,5,215
119900259,28,19,9
119900260,328,2,326
119900261,533,47,486
119900262,0,50,-50
119900263,1163,96,1067
119900264,184,5,179
119900265,655,120,535
119900266,727,42,685
119900267,97,119,-22
119900268,230,27,203
119900269,1036,221,815
119900271,4,58,-54
119900272,70,97,-27
119900275,166,23,143
119900276,166,2,164
119900277,19,2,17
119900278,240,41,199
119900279,64,267,-203
119900280,254,23,231
119900281,0,419,-419
119900282,19,113,-94
119900283,5,45,-40
119900284,31,115,-84
119900285,1,66,-65
119900286,0,9,-9
119900288,0,0,0
119900289,0,9,-9
119900290,1,2,-1
119900291,0,13,-13
119900292,28,60,-32
119900293,27,18,9
119900294,32,70,-38
119900295,46,12,34
119900296,56,17,39
119900297,0,7,-7
119900298,1,4,-3
119900299,78,44,34
119900300,310,157,153
119900301,17,99,-82
119900302,12,88,-76
119900303,432,111,321
119900304,384,6,378
119900305,4,44,-40
119900306,22,8,14
119900307,60,21,39
119900308,2,17,-15
119900309,41,356,-315
119900310,105,106,-1
119900311,249,11,238
119900312,102,3,99
119900313,194,73,121
119900314,325,446,-121
119900315,3164,531,2633
119900318,16,95,-79
119900319,0,111,-111
119900320,358,103,255
119900321,307,11,296
120000001,6322,32919,-26597
120000002,2379,1839,540
120000003,1681,471,1210
120000004,2246,691,1555
120000005,2216,745,1471
120000006,1565,586,979
120000007,2255,4404,-2149
120000008,1235,511,724
120000009,1193,621,572
120000010,2377,1568,809
120000011,1306,681,625
120000012,1860,772,1088
120000013,3927,1849,2078
120000014,1076,998,78
120000015,2711,1060,1651
120000016,4267,1663,2604
120000017,4427,4554,-127
120000018,2169,20750,-18581
120000019,1194,917,277
120000020,1564,2337,-773
120000021,1380,849,531
120000022,2465,2568,-103
120000023,1534,1026,508
120000024,899,1139,-240
120000025,3288,717,2571
120000026,4587,1132,3455
120000027,2459,1612,847
120000028,546,1143,-597
120000029,806,670,136
120000030,222,742,-520
120000031,1776,4366,-2590
120000032,3051,1402,1649
120000033,4357,573,3784
120000034,5303,610,4693
120000035,3945,808,3137
120000036,3284,4078,-794
120000037,456,2085,-1629
120000038,1902,1639,263
120000039,265,826,-561
120000040,58,719,-661
120000041,603,708,-105
120000042,3447,706,2741
120000043,6696,731,5965
120000044,8804,1198,7606
120000045,10682,426,10256
120000046,6859,4920,1939
120000047,381,12931,-12550
120000048,5886,2655,3231
120000049,5004,2191,2813
120000050,3446,3271,175
120000051,1853,4167,-2314
120000052,4243,735,3508
120000053,969,967,2
120000054,888,1441,-553
120000055,1134,1765,-631
120000056,3009,1925,1084
120000057,3346,589,2757
120000058,1219,793,426
120000059,15,2203,-2188
120000061,140,480,-340
120000062,133,124,9
120000063,422,1756,-1334
120000064,512,394,118
120000065,450,583,-133
120000066,224,163,61
120000067,3,123,-120
120000068,456,156,300
120000069,999,248,751
120000070,172,358,-186
120000071,1484,71,1413
120000072,1560,295,1265
120000073,1616,38,1578
120000074,37,61,-24
120000075,1635,167,1468
120000076,3916,193,3723
120000077,3580,438,3142
120000078,2017,638,1379
120000079,545,155,390
120000080,149,145,4
120000081,449,52,397
120000082,602,194,408
120000083,107,756,-649
120000084,174,118,56
120000085,137,131,6
120000086,191,96,95
120000087,275,105,170
120000088,565,385,180
120000089,751,164,587
120000090,677,256,421
120000091,1343,524,819
120000092,897,148,749
120000093,1340,272,1068
120000094,388,348,40
120000095,774,82,692
120000096,361,141,220
120000098,878,276,602
120000099,394,336,58
120000100,848,261,587
120000101,645,161,484
120000102,974,1042,-68
120000103,1957,661,1296
120000104,3244,159,3085
120000105,3461,122,3339
120000106,5523,138,5385
120000107,9276,194,9082
120000108,3224,49,3175
120000109,1753,37,1716
120000110,22,396,-374
120000111,146,458,-312
120000112,289,768,-479
120000113,228,748,-520
120000114,247,505,-258
120000115,209,507,-298
120000116,237,638,-401
120000117,277,458,-181
120000118,49,54,-5
120000119,4,37,-33
120000120,252,276,-24
120000121,12,25,-13
120000122,198,1189,-991
120000123,1443,11967,-10524
120000124,453,360,93
120000125,1277,428,849
120000126,556,1106,-550
120000127,708,584,124
120000128,2154,2305,-151
120000129,244,123,121
120000130,934,265,669
120000131,627,355,272
120000134,144,146,-2
120000135,1393,614,779
120000137,309,147,162
120000138,3011,85,2926
120000139,446,119,327
120000140,2584,132,2452
120000141,402,137,265
120000142,898,289,609
120000143,0,28,-28
120000144,91,10,81
120000145,742,1,741
120000146,705,1074,-369
120000149,374,283,91
120000150,1269,11738,-10469
120000151,849,159,690
120000152,1815,62,1753
120000153,988,249,739
120000154,734,613,121
120000155,508,467,41
120000156,385,3030,-2645
120000157,1911,296,1615
120000158,1373,242,1131
120000159,2155,877,1278
120000160,1723,1124,599
120000161,5437,2410,3027
120000162,107,215,-108
120000163,1026,315,711
120000164,1073,100,973
120000165,1995,203,1792
120000166,2753,224,2529
120000167,74,80,-6
120000168,0,215,-215
120000169,4,539,-535
120000170,8,700,-692
120000171,1,149,-148
120000172,3,206,-203
120000173,87,344,-257
120000174,14,96,-82
120000175,22,27,-5
120000176,5,23,-18
120000177,192,120,72
120000178,2,13,-11
120000179,26,12,14
120000180,5,17,-12
120000181,0,258,-258
120000182,7,445,-438
120000183,1,78,-77
120000184,52,441,-389
120000186,4,346,-342
120000187,11,377,-366
120000188,6,118,-112
120000190,15,6,9
120000191,40,18,22
120000192,30,0,30
120000193,9,0,9
120000195,7,0,7
120000196,21,1,20
120000197,2,5,-3
120000198,428,6,422
120000199,393,1,392
120000200,257,0,257
120000201,13,61,-48
120000202,1,41,-40
120000203,167,90,77
120000207,0,9,-9
120000208,13,31,-18
120000209,27,4,23
120000210,12,16,-4
120000211,936,2,934
120000212,707,1,706
120000213,578,35,543
120000214,2,34,-32
120000215,3,38,-35
120000216,691,15,676
120000217,184,467,-283
120000218,12,366,-354
120000219,0,249,-249
120000220,2,546,-544
120000225,3564,2,3562
120000226,897,18,879
120000227,1134,171,963
120000228,5240,4685,555
120000230,484,20,464
120000231,2388,282,2106
120000233,1166,31,1135
120000235,614,188,426
120000236,2783,1,2782
120000237,0,286,-286
120000238,2,269,-267
120000241,1386,5601,-4215
120000412,297,1,296
120000413,972,90,882
120000414,459,1,458
120000415,1,22,-21
120000416,262,5,257
120000417,23,245,-222
120000418,712,14,698
120000419,5,31,-26
120000420,19,3,16
120000421,6926,3310,3616
120000422,41,4166,-4125
120000423,1,147,-146
120000424,557,60,497
120000436,103,1736,-1633
120000437,20,63,-43
120000438,1223,211,1012
120000439,329,811,-482
120000443,256,0,256
120000444,2799,446,2353
120000445,2571,982,1589
120000446,760,72,688
120000447,1214,1,1213
120000449,460,37,423
120000450,7,37,-30
120000451,318,69,249
120000452,133,4,129
120000453,1,19,-18
120000454,10,92,-82
120000455,138,12,126
120000456,778,5647,-4869
120000457,284,171,113
120000458,164,242,-78
120000459,291,60,231
120000665,115,203,-88
120000668,36,608,-572
120000669,633,47,586
120000670,74,272,-198
120000671,3757,1114,2643
120000672,69,290,-221
120900001,58,32,26
120900002,101,322,-221
120900003,176,3,173
120900004,40,131,-91
120900005,86,201,-115
120900006,1202,108,1094
120900007,186,48,138
120900008,702,197,505
120900009,131,9,122
120900010,1106,90,1016
120900011,7,103,-96
120900012,24,1317,-1293
120900013,424,61,363
120900014,55,141,-86
120900015,1474,48,1426
120900016,2689,46,2643
120900017,881,108,773
120900018,577,105,472
120900019,423,336,87
120900020,394,370,24
120900021,520,82,438
120900022,83,97,-14
120900023,632,47,585
120900024,1112,248,864
120900025,751,323,428
120900026,135,34,101
120900027,254,2,252
120900028,829,167,662
120900029,8,1330,-1322
120900030,3089,190,2899
120900031,537,53,484
120900032,2754,78,2676
120900033,1883,95,1788
120900034,4,3574,-3570
120900035,52,12,40
120900037,710,6,704
120900038,104,552,-448
120900039,168,42,126
120900040,905,7,898
120900041,19,9,10
120900042,1144,23,1121
120900043,201,66,135
120900044,1,483,-482
120900045,162,10,152
120900046,1354,3,1351
120900047,276,286,-10
120900048,272,30,242
120900049,1341,7,1334
120900050,446,4049,-3603
120900051,751,42,709
120900052,2221,5,2216
120900053,856,35,821
120900054,438,130,308
120900055,1213,3,1210
120900056,958,28,930
120900057,563,19,544
120900058,1105,2,1103
120900059,229,13,216
120900060,148,13,135
120900061,178,95,83
120900062,652,4,648
120900063,1683,26,1657
120900064,1511,1,1510
120900065,1319,2,1317
120900066,1959,60,1899
120900067,400,95,305
120900068,1029,3,1026
120900069,959,11,948
120900071,12,0,12
120900072,1852,13,1839
120900073,1569,24,1545
120900074,1728,129,1599
120900076,1097,2,1095
120900077,854,362,492
120900078,1190,176,1014
120900079,1976,71,1905
120900080,2161,235,1926
120900081,3326,516,2810
120900082,246,454,-208
120900083,113,2,111
120900084,608,469,139
120900085,16,35,-19
120900086,41,900,-859
120900087,613,167,446
120900088,227,792,-565
120900089,972,5503,-4531
120900090,401,23,378
120900091,180,766,-586
120900092,106,123,-17
120900093,684,66,618
120900094,165,50,115
120900095,291,2,289
120900096,111,139,-28
120900097,373,201,172
120900098,10,65,-55
120900099,7,7,0
120900100,50,73,-23
120900101,44,69,-25
120900102,76,19,57
120900103,90,105,-15
120900104,4,4,0
120900105,1,168,-167
120900106,237,85,152
120900107,70,36,34
120900108,5,128,-123
120900109,47,154,-107
120900110,8,107,-99
120900111,151,125,26
120900112,6,107,-101
120900113,18,144,-126
120900114,8,99,-91
120900115,141,124,17
120900116,1560,95,1465
120900117,1,63,-62
120900118,37,110,-73
120900119,3487,1314,2173
120900120,19,215,-196
120900121,16,165,-149
120900122,1794,126,1668
120900123,2,82,-80
120900124,26,172,-146
120900125,6,190,-184
120900126,126,289,-163
120900127,3,86,-83
120900128,145,407,-262
120900129,4,83,-79
120900130,7,178,-171
120900131,19,39,-20
120900132,1462,59,1403
120900133,19,286,-267
120900134,33,101,-68
120900135,2,315,-313
120900136,19,25,-6
120900137,603,24,579
120900138,3,78,-75
120900139,0,163,-163
120900140,3,98,-95
120900141,319,71,248
120900142,0,88,-88
120900143,1,149,-148
120900144,0,57,-57
120900145,147,581,-434
120900146,1,122,-121
120900147,62,8,54
120900148,176,35,141
120900149,2,91,-89
120900150,100,119,-19
120900151,0,64,-64
120900152,0,0,0
120900153,0,0,0
120900154,0,36,-36
120900155,418,146,272
120900156,436,142,294
120900157,0,0,0
120900158,88,145,-57
120900159,1,12,-11
120900160,29,391,-362
120900161,6,145,-139
120900162,11,125,-114
120900163,26,213,-187
120900164,0,31,-31
120900165,2,72,-70
120900166,59,329,-270
120900167,111,34,77
120900169,172,148,24
120900170,89,5779,-5690
120900171,339,25,314
120900172,16,600,-584
120900173,0,5,-5
120900174,3,64,-61
120900175,114,98,16
120900176,8,316,-308
120900177,2,2174,-2172
120900178,0,670,-670
120900179,77,141,-64
120900180,50,83,-33
120900181,11,6,5
120900182,36,43,-7
120900183,153,23,130
120900184,121,47,74
120900185,118,911,-793
120900186,0,103,-103
120900187,935,287,648
120900188,654,9,645
120900189,19,4891,-4872
120900190,411,11,400
120900191,241,3,238
120900192,3468,19201,-15733
120900194,196,60,136
120900195,41,30,11
120900196,118,13,105
120900197,950,51,899
120900198,121,238,-117
120900199,312,393,-81
120900200,15,57,-42
120900201,141,29,112
120900202,0,92,-92
120900203,10,22,-12
120900204,17,87,-70
120900205,38,12,26
120900206,66,52,14
120900207,9,408,-399
121000001,688,1381,-693
121000002,2005,2063,-58
121000003,5190,1851,3339
121000004,1659,3172,-1513
121000005,2392,2617,-225
121000006,2175,2452,-277
121000007,2928,4134,-1206
121000008,3234,4222,-988
121000009,4603,7910,-3307
121000010,5347,5925,-578
121000011,4857,4959,-102
121000012,9500,3604,5896
121000013,4923,4327,596
121000014,4133,2649,1484
121000015,4245,6033,-1788
121000016,3165,4210,-1045
121000017,2330,1518,812
121000018,2997,1502,1495
121000019,5665,5993,-328
121000020,7220,11329,-4109
121000021,1539,1172,367
121000022,2657,2187,470
121000023,2092,408,1684
121000024,4183,3923,260
121000025,194,1398,-1204
121000026,164,159,5
121000027,1332,1225,107
121000028,718,593,125
121000029,814,496,318
121000030,607,366,241
121000031,304,508,-204
121000032,110,76,34
121000034,319,607,-288
121000035,131,218,-87
121000036,957,936,21
121000037,667,846,-179
121000038,393,1163,-770
121000039,99,371,-272
121000041,350,266,84
121000042,189,301,-112
121000043,339,360,-21
121000044,907,1061,-154
121000045,374,236,138
121000046,929,532,397
121000047,30,134,-104
121000049,670,429,241
121000050,200,1484,-1284
121000051,546,253,293
121000052,433,784,-351
121000053,240,130,110
121000054,27,302,-275
121000055,698,2133,-1435
121000056,728,1471,-743
121000057,133,355,-222
121000058,141,42,99
121000059,3290,681,2609
121000060,516,1133,-617
121000061,3,361,-358
121000062,64,523,-459
121000063,741,1223,-482
121000064,474,717,-243
121000065,127,437,-310
121000066,463,612,-149
121000067,218,861,-643
121000068,318,683,-365
121000069,124,1188,-1064
121000070,948,690,258
121000071,1533,1377,156
121000072,321,627,-306
121000073,986,1047,-61
121000074,21,159,-138
121000075,11,47,-36
121000076,361,209,152
121000077,92,113,-21
121000078,86,145,-59
121000080,1067,361,706
121000081,2489,3497,-1008
121000082,36,197,-161
121000083,60,108,-48
121000084,79,107,-28
121000085,172,495,-323
121000086,1218,656,562
121000087,53,161,-108
121000088,625,794,-169
121000089,93,440,-347
121000090,279,189,90
121000091,1270,805,465
121000092,141,39,102
121000093,298,92,206
121000094,206,711,-505
121000095,99,604,-505
121000096,6004,1341,4663
121000097,506,1689,-1183
121000098,500,392,108
121000099,887,302,585
121000100,1156,138,1018
121000101,272,87,185
121000102,466,124,342
121000103,200,374,-174
121000104,402,95,307
121000105,383,56,327
121000106,262,190,72
121000107,1493,2005,-512
121000109,921,787,134
121000110,173,663,-490
121000114,2366,1501,865
121000115,1925,435,1490
121000116,366,604,-238
121000117,181,240,-59
121000118,1203,131,1072
121000119,334,212,122
121000120,614,549,65
121000121,514,1272,-758
121000123,475,202,273
121000127,62,108,-46
121000128,1628,98,1530
121000129,1320,184,1136
121000130,423,1140,-717
121000131,1495,624,871
121000132,275,723,-448
121000135,68,172,-104
121000136,651,1323,-672
121000137,510,429,81
121000138,286,2392,-2106
121000139,143,674,-531
121000141,171,178,-7
121000142,492,417,75
121000143,71,23,48
121000144,520,611,-91
121000145,617,575,42
121000146,1045,809,236
121000147,1321,503,818
121000148,649,440,209
121000149,2850,1562,1288
121000152,211,146,65
121000153,1136,316,820
121000154,1405,338,1067
121000155,1986,633,1353
121000156,312,695,-383
121000157,366,836,-470
121000158,244,227,17
121000159,274,251,23
121000160,250,207,43
121000161,181,269,-88
121000162,187,73,114
121000165,736,1985,-1249
121000166,69,296,-227
121000168,512,140,372
121000169,92,79,13
121000170,359,40,319
121000171,49,102,-53
121000172,1079,774,305
121000173,1163,1200,-37
121000174,737,502,235
121000175,1638,280,1358
121000176,420,202,218
121000177,797,506,291
121000178,70,60,10
121000179,11,12,-1
121000181,207,372,-165
121000182,162,498,-336
121000183,16,147,-131
121000184,5,156,-151
121000185,27,382,-355
121000186,226,666,-440
121000187,178,51,127
121000188,318,30,288
121000192,714,182,532
121000193,632,117,515
121000194,1295,1518,-223
121000195,214,1001,-787
121000196,429,422,7
121000197,79,938,-859
121000198,81,205,-124
121000199,315,692,-377
121000200,678,195,483
121000201,1,167,-166
121000202,764,95,669
121000203,644,1246,-602
121000204,2892,453,2439
121000205,122,206,-84
121000206,104,90,14
121000207,2082,787,1295
121000208,19,290,-271
121000209,1086,72,1014
121000210,775,415,360
121000211,567,49,518
121000212,490,456,34
121000213,14834,2940,11894
121000214,956,1974,-1018
121000215,658,1307,-649
121000216,389,491,-102
121000217,3958,4120,-162
121000218,519,1538,-1019
121000219,1610,893,717
121000220,273,51,222
121000221,623,595,28
121000222,6844,2695,4149
121000223,173,529,-356
121000224,152,455,-303
121000225,497,10051,-9554
121000226,988,3010,-2022
121000227,29,124,-95
121000228,37,607,-570
121000229,495,196,299
121000230,61,2598,-2537
121000231,1999,44,1955
121000232,419,271,148
121000233,810,429,381
121000234,10,39,-29
121000235,59,190,-131
121000236,3,55,-52
121000237,30,47,-17
121000238,1,33,-32
121000239,146,19,127
121000240,15,84,-69
121000241,84,3,81
121000242,18,179,-161
121000243,284,57,227
121000244,2,41,-39
121000245,14,12,2
121000246,1,56,-55
121000247,167,1,166
121000248,397,358,39
121000249,127,230,-103
121000250,582,854,-272
121000251,23,280,-257
121000252,178,121,57
121000253,422,815,-393
121000254,1364,421,943
121000255,94,343,-249
121000256,430,436,-6
121000257,37,435,-398
121000258,21,190,-169
121000259,11,226,-215
121000260,9,162,-153
121000261,62,236,-174
121000262,1282,244,1038
121000263,436,442,-6
121000271,1055,1659,-604
121000273,46,7,39
121000274,7,254,-247
121000275,16,6,10
121000276,7,108,-101
121000278,89,87,2
121000279,44,30,14
121000280,8,89,-81
121000289,588,16,572
121000290,836,1050,-214
121000294,325,48,277
121000297,152,992,-840
121000299,162,5240,-5078
121000300,1397,533,864
121000302,5,420,-415
121000303,675,182,493
121000304,347,40,307
121000305,219,38,181
121000306,226,155,71
121000308,55,108,-53
121000309,95,178,-83
121000310,133,127,6
121000311,48,122,-74
121000312,464,238,226
121000313,114,141,-27
121000314,12,19,-7
121000315,25,75,-50
121000530,2304,1252,1052
121000531,2119,846,1273
121000532,3677,4484,-807
121000533,3084,2329,755
121000918,10,89,-79
121000919,52,169,-117
121000938,109,131,-22
121000939,44,260,-216
121000956,2108,1862,246
121000957,22,49,-27
121000958,2,156,-154
121000959,1737,271,1466
121000960,1523,1349,174
121000961,440,43,397
121000962,220,239,-19
121000963,0,0,0
121000973,2,502,-500
121000976,0,74,-74
121000979,260,72,188
121000981,742,107,635
121000982,607,485,122
121000983,846,63,783
121000984,3,45,-42
121000985,1324,681,643
121000986,1240,287,953
121000987,238,501,-263
121000988,1640,57,1583
121001302,187,51,136
121001308,1,35,-34
121001309,17,587,-570
121001313,363,288,75
121001314,1915,1857,58
121001315,4459,3906,553
121001326,29,33,-4
121900001,138,271,-133
121900002,70,202,-132
121900003,241,3,238
121900004,42,660,-618
121900005,25,9,16
121900006,138,13,125
121900007,1698,1300,398
121900008,34,76,-42
121900009,863,2,861
121900010,274,0,274
121900011,207,35,172
121900012,16,0,16
121900013,63,50,13
121900014,2113,346,1767
121900015,92,75,17
121900016,1,35,-34
121900017,595,456,139
121900018,389,1,388
121900019,426,115,311
121900020,36,12,24
121900021,1101,37,1064
121900022,126,134,-8
121900023,170,269,-99
121900024,259,14,245
121900025,387,206,181
121900026,198,60,138
121900027,172,152,20
121900028,138,6,132
121900029,25,406,-381
121900030,317,319,-2
121900031,1061,6091,-5030
121900032,86,46,40
121900033,42,215,-173
121900034,80,301,-221
121900035,4249,2444,1805
121900036,170,194,-24
121900037,129,581,-452
121900038,11,9,2
121900039,181,25,156
121900040,40,47,-7
121900041,17,161,-144
121900042,549,107,442
121900043,0,0,0
121900044,34,26,8
121900046,71,79,-8
121900047,67,59,8
121900048,99,38,61
121900050,47,49,-2
121900051,128,224,-96
121900052,158,17,141
121900053,457,274,183
121900054,355,777,-422
121900055,1,6,-5
121900058,299,151,148
121900059,211,130,81
121900060,86,257,-171
121900061,192,213,-21
121900062,41,66,-25
121900063,1734,338,1396
121900064,468,480,-12
121900066,33,29,4
121900067,117,17,100
121900069,82,134,-52
121900070,69,235,-166
121900071,699,280,419
121900072,43,51,-8
121900073,159,181,-22
121900074,297,374,-77
121900075,196,641,-445
121900076,465,931,-466
121900077,7,9,-2
121900078,54,48,6
121900079,0,0,0
121900080,672,130,542
121900082,89,55,34
121900084,8,7,1
121900085,1,4,-3
121900086,32,38,-6
121900087,32,67,-35
121900088,1040,1393,-353
121900089,498,131,367
121900090,8,35,-27
121900091,88,24,64
121900092,177,42,135
121900093,32,49,-17
121900094,7,11,-4
121900095,376,50,326
121900096,1155,381,774
121900097,485,62,423
121900098,5,0,5
121900099,356,31,325
121900100,35,148,-113
121900101,93,67,26
121900102,0,65,-65
121900103,320,203,117
121900104,1758,168,1590
121900105,186,113,73
121900106,0,9,-9
121900107,113,35,78
121900108,0,11,-11
121900109,178,71,107
121900110,600,229,371
121900111,315,258,57
121900112,148,86,62
121900113,19,481,-462
121900117,50,68,-18
121900118,1448,439,1009
121900119,84,15,69
121900120,22,656,-634
121900121,338,12,326
121900122,29,46,-17
121900123,277,262,15
121900124,134,57,77
121900125,2140,734,1406
121900127,0,63,-63
121900128,83,17,66
121900129,170,72,98
121900130,55,236,-181
121900131,290,27,263
121900132,101,102,-1
121900133,24,444,-420
121900134,7,269,-262
121900135,3305,284,3021
121900136,108,181,-73
121900137,1,302,-301
121900138,77,154,-77
121900139,337,1597,-1260
121900140,44,60,-16
121900141,60,35,25
121900142,56,16,40
121900143,7,81,-74
121900144,101,469,-368
121900145,121,69,52
121900146,288,263,25
121900147,65,139,-74
121900148,60,196,-136
121900149,330,97,233
121900150,38,99,-61
121900151,3,204,-201
121900152,206,38,168
121900153,4,154,-150
121900154,1,299,-298
121900155,1,558,-557
121900156,85,98,-13
121900157,4,60,-56
121900158,72,96,-24
121900159,1,93,-92
121900160,27,179,-152
121900161,69,145,-76
121900162,34,46,-12
121900163,736,169,567
121900164,142,108,34
121900165,114,117,-3
121900166,109,58,51
121900167,54,26,28
121900168,114,20,94
121900169,15,155,-140
121900170,1,69,-68
121900171,580,276,304
121900172,488,207,281
121900173,475,278,197
121900174,45,27,18
121900175,22,645,-623
121900176,668,964,-296
121900177,147,40,107
121900178,57,24,33
121900179,126,191,-65
121900180,847,6689,-5842
121900182,322,417,-95
121900183,250,2132,-1882
121900184,6,631,-625
121900186,3,379,-376
121900187,4,28,-24
121900188,941,69,872
121900189,29,13,16
121900190,150,232,-82
121900191,18,234,-216
121900192,188,2152,-1964
121900193,33,105,-72
121900194,2,96,-94
121900195,1,13,-12
121900196,804,992,-188
121900197,339,499,-160
121900198,2454,2764,-310
121900199,3,24,-21
121900200,14,67,-53
121900201,625,930,-305
121900202,139,749,-610
121900203,46,880,-834
121900204,987,1789,-802
121900205,4,54,-50
121900206,15,40,-25
121900207,26,36,-10
121900208,52,366,-314
121900209,46,80,-34
121900210,2776,1276,1500
121900211,439,250,189
121900212,3,112,-109
121900213,650,19,631
121900214,0,380,-380
121900215,55,106,-51
121900216,12,278,-266
121900217,54,193,-139
121900218,148,549,-401
121900220,52,9,43
121900221,356,245,111
121900222,279,34,245
121900223,105,85,20
121900224,52,75,-23
121900225,93,448,-355
121900226,142,21,121
121900227,240,1237,-997
121900228,86,48,38
121900230,38,287,-249
121900231,15,689,-674
121900232,99,344,-245
121900233,264,154,110
121900234,253,230,23
121900235,993,57,936
121900236,311,95,216
121900237,152,451,-299
121900238,123,183,-60
121900239,113,50,63
121900240,110,82,28
121900241,20,34,-14
121900242,14,50,-36
121900245,273,53,220
121900246,6829,226,6603
121900247,144,95,49
121900248,710,516,194
121900250,100,165,-65
121900251,440,24,416
121900252,181,101,80
121900253,96,727,-631
121900254,156,176,-20
121900255,442,52,390
121900258,3984,1612,2372
121900259,60,287,-227
121900260,164,58,106
121900261,29,423,-394
121900262,275,921,-646
121900263,249,156,93
121900264,424,676,-252
121900265,428,45,383
121900266,895,177,718
121900267,103,18,85
121900269,217,683,-466
121900270,89,162,-73
121900271,11,71,-60
121900273,461,1562,-1101
121900274,644,189,455
121900277,227,1485,-1258
121900278,112,854,-742
121900279,216,258,-42
121900280,50,313,-263
121900281,103,221,-118
121900284,12,2,10
121900286,126,76,50
121900287,2,64,-62
121900288,2,1,1
121900290,58,789,-731
121900291,265,658,-393
121900292,245,87,158
121900293,747,4518,-3771
121900294,413,11,402
121900295,170,54,116
121900296,110,111,-1
121900298,105,1042,-937
121900299,0,54,-54
121900300,43,21,22
121900301,69,1,68
121900302,5,125,-120
121900303,113,373,-260
121900304,20,15,5
121900305,25,18,7
121900306,620,0,620
121900307,289,12,277
121900308,19,123,-104
121900309,4,218,-214
121900310,48,113,-65
121900311,577,14,563
121900312,453,3,450
121900313,467,9,458
121900314,0,8,-8
121900315,66,0,66
121900316,0,1,-1
121900317,52,7,45
121900318,0,0,0
121900319,61,250,-189
121900320,84,6,78
121900321,46,13,33
121900322,0,6,-6
121900323,15,43,-28
121900324,1,34,-33
121900325,15,0,15
121900326,6,23,-17
121900327,10,20,-10
121900328,0,15,-15
121900329,2,28,-26
121900330,1,142,-141
121900331,30,82,-52
121900332,44,46,-2
121900333,122,2,120
121900334,42,13,29
122000001,736,1990,-1254
122000002,2297,378,1919
122000003,499,942,-443
122000004,835,458,377
122000005,4543,1852,2691
122000006,376,723,-347
122000007,269,833,-564
122000008,565,1581,-1016
122000009,259,295,-36
122000010,1376,1884,-508
122000011,2378,852,1526
122000012,330,1050,-720
122000013,434,981,-547
122000014,5603,1170,4433
122000015,1017,517,500
122000016,272,392,-120
122000017,699,845,-146
122000018,1779,1323,456
122000019,649,1887,-1238
122000020,166,325,-159
122000021,110,277,-167
122000022,570,950,-380
122000023,356,1291,-935
122000024,196,1252,-1056
122000025,312,1729,-1417
122000026,214,770,-556
122000027,363,459,-96
122000028,1121,439,682
122000029,248,525,-277
122000030,134,121,13
122000031,165,416,-251
122000032,1883,1387,496
122000033,251,1027,-776
122000034,191,696,-505
122000035,85,261,-176
122000036,283,237,46
122000037,407,186,221
122000038,141,203,-62
122000039,355,386,-31
122000040,96,250,-154
122000041,985,807,178
122000042,306,596,-290
122000043,96,109,-13
122000044,53,101,-48
122000045,896,621,275
122000046,466,574,-108
122000047,56,182,-126
122000048,1642,2900,-1258
122000049,4042,2133,1909
122000050,344,426,-82
122000051,194,535,-341
122000052,353,463,-110
122000053,230,1231,-1001
122000054,1952,1459,493
122000055,1313,2227,-914
122000056,2130,1451,679
122000057,1837,1996,-159
122000058,314,954,-640
122000059,440,1707,-1267
122000060,283,498,-215
122000061,101,247,-146
122000062,465,231,234
122000063,180,847,-667
122000064,2126,3191,-1065
122000065,1547,1981,-434
122000066,489,1626,-1137
122000067,928,1401,-473
122000068,2573,960,1613
122000069,892,769,123
122000070,1290,1046,244
122000071,3416,847,2569
122000072,631,478,153
122000073,122,712,-590
122000074,2003,1358,645
122000075,709,637,72
122000076,2863,899,1964
122000077,436,1375,-939
122000078,313,1161,-848
122000079,143,1652,-1509
122000080,317,267,50
122000081,150,110,40
122000082,183,873,-690
122000083,4784,653,4131
122000084,3962,1294,2668
122000085,263,613,-350
122000086,2102,5525,-3423
122000087,194,182,12
122000088,41,143,-102
122000089,4143,2442,1701
122000090,362,998,-636
122000091,84,562,-478
122000092,29,197,-168
122000093,1110,3476,-2366
122000094,4998,1995,3003
122000095,515,3065,-2550
122000096,383,2210,-1827
122000098,3191,2884,307
122000099,254,2008,-1754
122000100,385,324,61
122000101,195,291,-96
122000102,3013,1012,2001
122000103,928,1953,-1025
122000104,1572,117,1455
122000105,246,429,-183
122000106,431,1633,-1202
122000107,994,240,754
122000108,525,413,112
122000109,245,189,56
122000110,531,415,116
122000111,1609,952,657
122000112,1528,1437,91
122000113,553,335,218
122000114,1104,3199,-2095
122000115,2734,1430,1304
122000116,173,363,-190
122000117,668,253,415
122000118,751,182,569
122000119,1331,879,452
122000120,460,1634,-1174
122000121,583,1810,-1227
122000122,172,703,-531
122000123,750,1387,-637
122000124,459,258,201
122000125,168,354,-186
122000126,100,313,-213
122000127,122,470,-348
122000128,137,240,-103
122000129,220,2356,-2136
122000130,1624,742,882
122000131,945,483,462
122000132,123,209,-86
122000133,805,484,321
122000134,844,610,234
122000135,357,154,203
122000136,460,482,-22
122000137,2364,416,1948
122000139,694,2870,-2176
122000140,127,928,-801
122000141,2854,1458,1396
122000142,103,1255,-1152
122000143,211,316,-105
122000144,1713,631,1082
122000145,526,994,-468
122000146,344,2027,-1683
122000147,258,720,-462
122000148,291,1336,-1045
122000149,1333,624,709
122000150,1443,740,703
122000151,55,215,-160
122000152,286,275,11
122000153,350,250,100
122000154,216,170,46
122000155,656,1609,-953
122000156,9609,4279,5330
122000157,329,10016,-9687
122000158,235,592,-357
122000159,760,553,207
122000160,1908,1024,884
122000161,983,671,312
122000162,521,854,-333
122000163,291,75,216
122000164,47,99,-52
122000165,803,1469,-666
122000166,409,2073,-1664
122000167,212,410,-198
122000168,193,1199,-1006
122000169,242,107,135
122000170,207,115,92
122000171,11,57,-46
122000172,1700,1046,654
122000173,1430,1765,-335
122000174,967,3281,-2314
122000175,346,231,115
122000176,283,1362,-1079
122000177,630,1681,-1051
122000178,3421,2975,446
122000179,2973,4002,-1029
122000180,365,877,-512
122000181,452,1391,-939
122000182,676,863,-187
122000183,1500,884,616
122000184,2303,2699,-396
122000185,828,2286,-1458
122000186,501,1069,-568
122000187,1556,773,783
122000188,302,149,153
122000189,162,264,-102
122000190,453,1700,-1247
122000191,515,626,-111
122000192,921,449,472
122000193,348,662,-314
122000194,279,116,163
122000195,216,1182,-966
122000196,1098,243,855
122000197,531,556,-25
122000198,186,1804,-1618
122000199,216,201,15
122000200,533,530,3
122000201,725,2309,-1584
122000202,444,2266,-1822
122000203,1399,877,522
122000204,872,750,122
122000205,333,342,-9
122000206,4330,966,3364
122000207,1961,1768,193
122000208,1765,1295,470
122000209,1956,354,1602
122000210,1596,1846,-250
122000211,685,1240,-555
122000212,649,480,169
122000213,843,1259,-416
122000214,1412,1368,44
122000215,1869,1888,-19
122000217,803,1528,-725
122000218,451,38,413
122000219,915,470,445
122000220,141,580,-439
122000221,132,272,-140
122000222,439,83,356
122000223,498,553,-55
122000225,635,252,383
122000226,855,1253,-398
122000227,96,1105,-1009
122000228,131,179,-48
122000229,24,257,-233
122000230,18,229,-211
122000231,187,337,-150
122000232,300,292,8
122000233,0,51,-51
122000234,805,44,761
122000235,459,26,433
122000236,1613,66,1547
122000237,47,27,20
122000238,184,366,-182
122000239,422,179,243
122000240,1072,310,762
122000241,2878,457,2421
122000242,447,48,399
122000243,462,21,441
122000244,83,178,-95
122000245,115,33,82
122000246,547,241,306
122000247,432,138,294
122000248,677,445,232
122000249,1936,839,1097
122000250,2025,992,1033
122000251,40,126,-86
122000252,197,25,172
122000253,29,92,-63
122000254,439,25,414
122000255,345,532,-187
122000256,209,308,-99
122000257,256,138,118
122000258,354,157,197
122000259,70,106,-36
122000260,3,100,-97
122000261,1,165,-164
122000262,0,21,-21
122000263,166,66,100
122000264,1844,253,1591
122000265,2483,989,1494
122000266,3218,727,2491
122000267,37,69,-32
122000268,126,141,-15
122000269,943,160,783
122000270,588,207,381
122000271,67,2107,-2040
122000272,247,348,-101
122000273,445,123,322
122000274,155,162,-7
122000275,14,148,-134
122000276,1758,558,1200
122000277,930,2570,-1640
122000278,1820,215,1605
122000279,192,170,22
122000280,409,463,-54
122000281,419,232,187
122000282,83,748,-665
122000283,441,273,168
122000284,25,65,-40
122000285,357,98,259
122000286,71,242,-171
122000287,1763,1968,-205
122000288,398,253,145
122000291,2641,530,2111
122000293,117,65,52
122000294,126,389,-263
122000295,1326,106,1220
122000296,40,1133,-1093
122000297,1617,3639,-2022
122000299,567,188,379
122000300,221,313,-92
122000301,5377,4119,1258
122000302,336,4906,-4570
122000303,1300,682,618
122000304,20,235,-215
122000305,2109,339,1770
122000306,80,231,-151
122000307,62,111,-49
122000309,23,76,-53
122000310,5,70,-65
122000311,38,80,-42
122000312,139,170,-31
122000313,22,107,-85
122000314,230,397,-167
122000315,297,14,283
122000316,1662,290,1372
122000317,3096,157,2939
122000318,268,2009,-1741
122000319,123,152,-29
122000320,292,577,-285
122000321,73,115,-42
122000322,1017,1410,-393
122000323,261,1172,-911
122000324,1362,1950,-588
122000325,645,1273,-628
122000326,166,20,146
122000327,143,502,-359
122000328,429,325,104
122000330,1635,1313,322
122000332,228,455,-227
122000333,42,25,17
122000337,1273,348,925
122000338,461,91,370
122000340,138,3073,-2935
122000342,997,565,432
122000343,461,223,238
122000344,112,10,102
122000345,19,18,1
122000346,125,78,47
122000348,458,433,25
122000349,52,307,-255
122000351,468,113,355
122000352,107,146,-39
122000353,191,33,158
122000355,67,462,-395
122000356,195,1391,-1196
122000357,81,21,60
122000358,0,2,-2
122000359,0,5,-5
122000360,2,7,-5
122000362,14,9,5
122000364,407,155,252
122000365,1,47,-46
122000366,14,2,12
122000368,459,616,-157
122000370,14,32,-18
122000371,23,0,23
122000372,29,0,29
122000381,226,220,6
122000382,33,137,-104
122000384,863,899,-36
122000385,92,0,92
122000386,89,1560,-1471
122000387,296,1704,-1408
122000388,1143,840,303
122000389,143,825,-682
122000390,193,629,-436
122000391,40,1500,-1460
122000392,52,136,-84
122000393,10,183,-173
122000394,601,142,459
122000395,109,119,-10
122000396,333,50,283
122000397,36,31,5
122000398,4,148,-144
122000399,118,14,104
122000400,25,1378,-1353
122000401,88,68,20
122000402,779,59,720
122000403,236,252,-16
122000404,262,138,124
122000408,481,749,-268
122000503,10,60,-50
122000524,28,180,-152
122000544,95,2593,-2498
122000616,219,1,218
122000640,182,83,99
122000641,268,165,103
122000642,1360,357,1003
122000643,33,161,-128
122000644,84,55,29
122000645,30,149,-119
122000651,253,1622,-1369
122000664,335,41,294
122000665,1001,358,643
122000666,316,421,-105
122000673,48,143,-95
122000674,664,235,429
122000675,2758,556,2202
122000686,308,1274,-966
122000687,2372,143,2229
122000688,256,389,-133
122000689,1887,190,1697
122000690,4469,197,4272
122000691,1112,545,567
122000692,1334,103,1231
122000693,340,432,-92
122000695,415,162,253
122000696,1088,102,986
122000698,344,103,241
122000699,501,56,445
122000701,2841,174,2667
122000702,605,669,-64
122000703,227,33,194
122000712,0,0,0
122000717,66,88,-22
122000718,153,2083,-1930
122000719,20,98,-78
122000720,1023,75,948
122000724,115,111,4
122900001,30,14,16
122900002,660,7746,-7086
122900003,562,3,559
122900004,4104,214,3890
122900005,31,309,-278
122900006,380,2180,-1800
122900007,43,46,-3
122900008,270,355,-85
122900009,330,259,71
122900010,178,103,75
122900012,214,320,-106
122900014,86,69,17
122900015,977,637,340
122900016,155,90,65
122900017,289,785,-496
122900018,197,7,190
122900019,0,72,-72
122900020,220,602,-382
122900021,48,333,-285
122900022,1387,1067,320
122900023,935,108,827
122900024,154,108,46
122900025,27,286,-259
122900026,3,100,-97
122900027,43,722,-679
122900028,56,27,29
122900029,5759,1589,4170
122900030,1467,183,1284
122900031,46,372,-326
122900032,445,275,170
122900033,119,103,16
122900034,2810,3612,-802
122900035,22,5,17
122900036,119,44,75
122900037,503,237,266
122900038,46,2621,-2575
122900039,33,451,-418
122900040,248,937,-689
122900041,120,492,-372
122900042,147,152,-5
122900043,426,221,205
122900044,99,332,-233
122900045,92,125,-33
122900046,42,366,-324
122900047,121,87,34
122900048,21,233,-212
122900049,2414,65,2349
122900051,38,268,-230
122900052,85,72,13
122900053,26,15,11
122900055,208,31,177
122900057,261,21,240
122900061,493,27,466
122900062,354,779,-425
122900063,230,64,166
122900064,784,591,193
122900065,464,153,311
122900066,527,139,388
122900067,449,286,163
122900068,29,58,-29
122900069,287,2117,-1830
122900070,451,43,408
122900071,44,222,-178
122900072,5,151,-146
122900073,22,41,-19
122900074,1688,128,1560
122900075,1,33,-32
122900076,0,93,-93
122900077,0,54,-54
122900078,365,7,358
122900080,5,25,-20
122900081,170,61,109
122900082,1575,54,1521
122900083,56,10,46
122900084,15,73,-58
122900086,4,41,-37
122900087,399,130,269
122900088,31,757,-726
122900089,28,415,-387
122900090,4,122,-118
122900091,622,0,622
122900092,0,74,-74
122900093,0,89,-89
122900094,2,79,-77
122900095,276,20,256
122900096,811,60,751
122900097,10,67,-57
122900098,4,148,-144
122900099,171,92,79
122900100,53,1286,-1233
122900101,415,303,112
122900102,112,96,16
122900103,714,18,696
122900104,654,4,650
122900105,28,18,10
122900106,0,27,-27
122900107,2,50,-48
122900108,0,43,-43
123000001,547,864,-317
123000002,1837,5387,-3550
123000003,4469,3591,878
123000004,2175,3000,-825
123000005,3413,1979,1434
123000006,2266,1320,946
123000007,4121,1591,2530
123000008,1834,2346,-512
123000009,4436,2675,1761
123000010,2664,2943,-279
123000011,1243,1153,90
123000012,480,3217,-2737
123000013,5379,1069,4310
123000014,632,2278,-1646
123000015,2494,990,1504
123000016,2198,1924,274
123000017,4549,1903,2646
123000018,155,79,76
123000019,1174,45,1129
123000020,774,33,741
123000021,500,697,-197
123000022,1356,2837,-1481
123000023,2095,2485,-390
123000024,2116,886,1230
123000025,451,45,406
123000026,7,123,-116
123000027,22,634,-612
123000028,455,3407,-2952
123000029,741,1997,-1256
123000030,416,227,189
123000031,610,118,492
123000032,949,176,773
123000033,551,112,439
123000034,1244,826,418
123000035,289,466,-177
123000036,213,1160,-947
123000037,198,76,122
123000038,24,248,-224
123000039,495,1296,-801
123000040,413,146,267
123000041,455,1000,-545
123000042,263,714,-451
123000043,1228,13284,-12056
123000044,2245,1566,679
123000045,2153,1173,980
123000046,149,1128,-979
123000047,277,434,-157
123000048,91,1704,-1613
123000049,3834,7549,-3715
123000050,2423,1351,1072
123000051,97,311,-214
123000052,818,2401,-1583
123000053,1812,1801,11
123000054,2799,1984,815
123000055,1918,4739,-2821
123000056,891,448,443
123000057,2419,4138,-1719
123000058,509,1297,-788
123000059,59,331,-272
123000060,1338,267,1071
123000061,274,245,29
123000063,1365,990,375
123000064,1748,122,1626
123000065,2299,2267,32
123000066,288,345,-57
123000067,989,286,703
123000068,1211,1254,-43
123000069,1516,786,730
123000070,99,219,-120
123000071,2380,428,1952
123000072,898,365,533
123000073,2542,433,2109
123000074,1025,550,475
123000075,389,1805,-1416
123000076,899,230,669
123000077,1602,754,848
123000078,2977,579,2398
123000079,3221,934,2287
123000080,2523,542,1981
123000081,122,169,-47
123000082,192,338,-146
123000083,777,116,661
123000084,645,275,370
123000085,733,53,680
123000086,1230,40,1190
123000087,422,187,235
123000088,923,368,555
123000089,1475,635,840
123000090,1380,574,806
123000091,1944,1115,829
123000092,881,986,-105
123000094,910,77,833
123000095,1454,310,1144
123000096,1432,187,1245
123000097,660,170,490
123000098,1390,130,1260
123000099,852,209,643
123000100,120,471,-351
123000101,240,163,77
123000102,287,931,-644
123000104,418,417,1
123000105,274,98,176
123000106,794,236,558
123000107,305,100,205
123000108,334,532,-198
123000111,1407,186,1221
123000112,1818,183,1635
123000113,500,374,126
123000114,238,597,-359
123000115,493,278,215
123000116,54,57,-3
123000117,3161,1210,1951
123000118,608,290,318
123000119,312,298,14
123000120,183,258,-75
123000121,706,431,275
123000122,280,152,128
123000123,733,355,378
123000124,369,164,205
123000125,1416,769,647
123000126,976,3604,-2628
123000127,448,272,176
123000128,293,77,216
123000129,1414,71,1343
123000130,1662,23,1639
123000131,2018,787,1231
123000132,287,258,29
123000133,215,85,130
123000134,230,38,192
123000135,3372,553,2819
123000136,188,218,-30
123000137,263,77,186
123000138,172,179,-7
123000139,1008,41,967
123000140,33,388,-355
123000141,501,16,485
123000142,1017,656,361
123000143,806,1323,-517
123000144,0,15,-15
123000145,151,250,-99
123000146,50,191,-141
123000147,48,340,-292
123000149,394,151,243
123000150,98,163,-65
123000151,147,355,-208
123000152,9,171,-162
123000153,95,675,-580
123000154,880,2082,-1202
123000155,1014,1688,-674
123000156,12,15,-3
123000157,847,846,1
123000158,324,1193,-869
123000159,1839,4592,-2753
123000160,852,1329,-477
123000161,1090,1393,-303
123000162,2095,1905,190
123000163,955,151,804
123000164,2891,178,2713
123000165,133,585,-452
123000166,10,70,-60
123000167,123,91,32
123000168,403,75,328
123000169,1412,61,1351
123000170,237,25,212
123000171,2112,2,2110
123000172,70,175,-105
123000173,722,215,507
123000174,740,525,215
123000175,128,527,-399
123000176,933,235,698
123000177,165,334,-169
123000178,1175,254,921
123000179,10,357,-347
123000180,1689,180,1509
123000181,172,367,-195
123000182,317,47,270
123000183,146,538,-392
123000184,29,320,-291
123000185,1198,584,614
123000186,7,128,-121
123000187,693,21,672
123000188,463,0,463
123000189,182,113,69
123000190,73,72,1
123000192,6,157,-151
123000193,17,214,-197
123000194,194,90,104
123000195,359,5,354
123000196,510,52,458
123000197,83,88,-5
123000198,66,287,-221
123000199,54,254,-200
123000200,652,14,638
123000201,1288,14,1274
123000202,34,176,-142
123000203,1526,20,1506
123000204,26,307,-281
123000205,98,426,-328
123000206,3185,140,3045
123000207,77,227,-150
123000208,1147,43,1104
123000209,1687,314,1373
123000210,49,614,-565
123000211,239,805,-566
123000212,4678,247,4431
123000213,600,54,546
123000215,94,166,-72
123000216,192,1748,-1556
123000217,231,11,220
123000218,9,394,-385
123000219,483,98,385
123000220,662,99,563
123000221,250,39,211
123000222,414,120,294
123000223,887,131,756
123000224,621,177,444
123000225,441,14,427
123000226,286,135,151
123000227,92,112,-20
123000228,419,36,383
123000229,385,490,-105
123000232,38,241,-203
123000233,905,63,842
123000234,107,343,-236
123000235,1776,152,1624
123000236,273,333,-60
123000237,926,124,802
123000238,35,265,-230
123000239,249,306,-57
123000240,68,960,-892
123000241,158,46,112
123000242,127,164,-37
123000243,923,748,175
123000244,716,388,328
123000245,5,141,-136
123000249,273,594,-321
123000252,814,320,494
123000253,2101,418,1683
123000254,632,335,297
123000255,759,484,275
123000256,9,76,-67
123000257,1251,795,456
123000258,512,252,260
123000259,323,400,-77
123000260,937,125,812
123000261,465,98,367
123000262,31,78,-47
123000263,608,25,583
123000264,148,30,118
123000265,15,63,-48
123000266,347,335,12
123000267,876,196,680
123000268,36,30,6
123000269,46,36,10
123000270,45,41,4
123000271,24,20,4
123000272,753,242,511
123000273,294,853,-559
123000274,1382,695,687
123000275,119,503,-384
123000278,1055,3879,-2824
123000279,268,109,159
123000280,290,181,109
123000281,313,25,288
123000282,98,156,-58
123000283,251,69,182
123000284,51,71,-20
123000286,102,358,-256
123000287,127,141,-14
123000288,772,1247,-475
123000289,151,1732,-1581
123000291,68,524,-456
123000294,173,168,5
123000295,554,1087,-533
123000296,1107,620,487
123000297,1140,200,940
123000298,2073,277,1796
123000299,125,75,50
123000300,1584,930,654
123000301,213,369,-156
123000302,249,56,193
123000303,22,699,-677
123000305,428,487,-59
123000306,333,59,274
123000309,37,33,4
123000310,44,28,16
123000311,0,85,-85
123000312,360,139,221
123000313,535,1091,-556
123000315,329,117,212
123000316,994,525,469
123000317,295,183,112
123000318,21,230,-209
123000329,2,8,-6
123000337,227,233,-6
123000338,114,154,-40
123000339,583,68,515
123000340,92,147,-55
123000342,6,27,-21
123000343,109,23,86
123000344,355,78,277
123000345,249,111,138
123000346,763,69,694
123000352,711,442,269
123000353,97,42,55
123000354,357,2,355
123000355,0,359,-359
123000356,353,7,346
123000357,2,69,-67
123000359,0,52,-52
123000360,199,282,-83
123000361,316,138,178
123000362,508,57,451
123000363,169,43,126
123000364,397,366,31
123000365,7,310,-303
123000366,287,2799,-2512
123000367,200,215,-15
123000370,52,40,12
123000371,993,43,950
123000372,422,20,402
123000373,1,157,-156
123000374,19,42,-23
123000375,458,27,431
123000376,1151,772,379
123000377,758,9,749
123000378,2,111,-109
123000379,0,110,-110
123000380,3,149,-146
123000381,77,137,-60
123000382,710,124,586
123000383,39,521,-482
123000384,1099,212,887
123000385,89,300,-211
123000436,75,1543,-1468
123000507,38,96,-58
123000508,142,1357,-1215
123000517,160,2,158
123000518,2,57,-55
123000519,134,40,94
123000520,19,42,-23
123000521,584,61,523
123000522,91,88,3
123000541,20,2,18
123000542,0,5,-5
123000565,924,48,876
123000566,544,133,411
123000567,234,67,167
123000573,19,360,-341
123000574,1376,75,1301
123000575,3798,263,3535
123000576,1001,480,521
123000577,54,379,-325
123000578,662,42,620
123000579,772,7080,-6308
123000580,150,94,56
123000582,614,7,607
123000583,2,148,-146
123000584,231,115,116
123000585,0,11,-11
123000586,244,8,236
123000596,31,27,4
123000597,109,156,-47
123000602,224,27,197
123000603,2016,181,1835
123000604,1204,225,979
123000605,979,64,915
123000606,3,760,-757
123000609,24,294,-270
123000610,49,101,-52
123000613,118,38,80
123000614,476,37,439
123000615,77,63,14
123000616,1272,38,1234
123000617,77,74,3
123000618,3,273,-270
123000619,682,22,660
123000620,4,121,-117
123000622,942,13,929
123000624,517,108,409
123000630,3132,692,2440
123000631,219,495,-276
123000632,515,337,178
123000633,0,193,-193
123000634,19,666,-647
123000635,34,206,-172
123000636,49,283,-234
123000637,380,10,370
123000638,934,29,905
123000639,918,8585,-7667
123000640,14,156,-142
123000648,986,12,974
123000649,11,265,-254
123900001,1222,32,1190
123900002,13,1240,-1227
123900003,61,261,-200
123900005,396,195,201
123900006,633,60,573
124000001,2763,273,2490
124000002,14,511,-497
124000003,1563,170,1393
124000004,80,195,-115
124000005,1142,2487,-1345
124000006,132,323,-191
124000007,1215,197,1018
124000008,4,512,-508
124000009,1124,552,572
124000010,427,483,-56
124000011,1448,779,669
124000012,335,154,181
124000017,321,72,249
124000018,109,99,10
124000019,291,54,237
124000020,33,116,-83
124000021,153,85,68
124000022,40,140,-100
124000023,1641,1346,295
124000024,864,221,643
124000025,1271,1448,-177
124000026,870,769,101
124000027,2777,1946,831
124000028,1355,2916,-1561
124000030,1434,758,676
124000031,1187,15417,-14230
124000032,1246,734,512
124000033,972,1840,-868
124000034,618,864,-246
124000035,474,81,393
124000036,224,540,-316
124000037,234,402,-168
124000038,7,75,-68
124000039,313,182,131
124000040,185,597,-412
124000041,1122,77,1045
124000042,285,195,90
124000043,224,46,178
124000044,120,85,35
124000045,2525,189,2336
124000046,225,454,-229
124000047,3801,207,3594
124000048,1238,223,1015
124000049,2850,145,2705
124000050,866,397,469
124000051,2274,221,2053
124000052,592,316,276
124000053,384,3186,-2802
124000054,425,154,271
124000055,827,6811,-5984
124000056,924,602,322
124000057,2165,182,1983
124000058,625,529,96
124000059,1550,1073,477
124000060,350,422,-72
124000061,1324,7502,-6178
124000062,2053,716,1337
124000063,1089,467,622
124000064,982,592,390
124000065,64,1368,-1304
124000066,164,162,2
124000067,126,69,57
124000068,172,247,-75
124000069,493,103,390
124000070,615,158,457
124000071,219,84,135
124000072,417,297,120
124000073,987,67,920
124000074,258,263,-5
124000075,702,23,679
124000076,102,34,68
124000077,321,356,-35
124000078,1301,666,635
124000079,221,665,-444
124000080,1439,170,1269
124000081,258,412,-154
124000082,151,87,64
124000083,13,53,-40
124000084,23,1450,-1427
124000085,45,17,28
124000086,7,284,-277
124000087,27,149,-122
124000088,166,222,-56
124000089,635,136,499
124000090,206,79,127
124000091,750,80,670
124000092,358,307,51
124000093,233,43,190
124000094,107,254,-147
124000095,154,56,98
124000096,185,63,122
124000097,211,78,133
124000098,136,8,128
124000099,430,62,368
124000100,73,109,-36
124000101,265,118,147
124000102,67,13,54
124000103,328,139,189
124000104,92,14,78
124000105,300,75,225
124000106,134,26,108
124000107,37,290,-253
124000108,29,13,16
124000109,125,83,42
124000110,98,18,80
124000111,285,126,159
124000112,1465,297,1168
124000113,176,118,58
124000114,690,189,501
124000115,283,497,-214
124000116,48,312,-264
124000117,32,30,2
124000118,18,65,-47
124000119,1025,448,577
124000120,722,283,439
124000121,1223,1124,99
124000122,413,1565,-1152
124000123,466,242,224
124000124,483,312,171
124000125,369,236,133
124000126,325,207,118
124000127,1069,291,778
124000128,612,193,419
124000129,1420,751,669
124000130,354,181,173
124000131,622,460,162
124000132,341,415,-74
124000133,1312,595,717
124000134,536,279,257
124000135,1132,1279,-147
124000136,358,397,-39
124000137,679,537,142
124000138,532,501,31
124000139,309,37,272
124000140,7,414,-407
124000141,1062,29,1033
124000142,22,189,-167
124000143,76,10,66
124000144,4,157,-153
124000145,98,16,82
124000146,23,50,-27
124000148,7,64,-57
124000149,1421,162,1259
124000150,332,473,-141
124000151,1548,205,1343
124000152,703,562,141
124000153,951,318,633
124000154,403,253,150
124000155,710,558,152
124000156,625,499,126
124000169,150,800,-650
124000170,419,302,117
124000171,370,398,-28
124000172,227,300,-73
124000173,1173,177,996
124000174,596,320,276
124000175,2,41,-39
124000176,52,22,30
124000177,1,39,-38
124000178,69,84,-15
124000190,27,64,-37
124000191,107,458,-351
124000192,1391,809,582
124000193,113,4261,-4148
124000194,163,139,24
124000195,456,430,26
124000196,572,502,70
124000197,88,7,81
124000198,94,37,57
124000201,52,354,-302
124000202,980,88,892
124000203,1360,144,1216
124000204,3368,177,3191
124000205,252,207,45
124000206,2122,199,1923
124000207,1,12,-11
124000209,133,117,16
124000210,1730,249,1481
124000211,1510,1,1509
124000212,0,79,-79
124000213,1308,132,1176
124000214,1175,181,994
124000215,1195,4,1191
124000216,4,190,-186
124000329,8,562,-554
124000338,4,294,-290
124000339,4787,20,4767
124000341,3642,28,3614
124000344,232,148,84
124000357,1083,3664,-2581
124000358,503,2098,-1595
124000359,1595,648,947
124000360,1708,426,1282
124000361,4272,1367,2905
124000362,1267,3064,-1797
124000363,692,227,465
124000364,508,285,223
124000365,1059,618,441
124000366,2856,517,2339
124000367,44,156,-112
124000368,291,2338,-2047
124000369,83,98,-15
124000370,32,828,-796
124000402,20,31,-11
124000403,180,66,114
124000404,11,20,-9
124000405,584,427,157
124000406,584,236,348
124000407,3,23,-20
124000411,8,275,-267
124000412,724,16,708
124000413,88,319,-231
124000414,206,47,159
124000415,51,44,7
124000416,123,93,30
124000417,422,39,383
124000418,511,10,501
124000419,99,16,83
124000420,324,4,320
124000421,66,56,10
124000422,14,21,-7
124000423,211,12,199
124000424,1,13,-12
124000425,159,48,111
124000426,19,38,-19
124000427,588,4,584
124000428,2,1022,-1020
124000429,253,29,224
124000430,1304,487,817
124000431,526,201,325
124000432,465,672,-207
124000439,35,2,33
124000443,2,7,-5
124000445,234,4636,-4402
124000446,1234,689,545
124000447,2,547,-545
124900001,1524,89,1435
124900002,197,73,124
124900003,1381,221,1160
124900004,1511,159,1352
124900005,137,46,91
124900006,1253,112,1141
124900008,475,258,217
124900009,22,447,-425
124900010,385,75,310
124900011,1247,158,1089
124900012,190,63,127
124900013,632,43,589
124900014,268,32,236
124900015,161,575,-414
124900016,121,177,-56
124900017,229,5605,-5376
124900018,213,5,208
124900020,205,27,178
124900021,565,21,544
124900022,86,3,83
124900024,784,16,768
124900026,120,194,-74
124900027,132,239,-107
124900028,159,52,107
124900029,16,616,-600
124900030,0,73,-73
124900031,10,131,-121
124900032,78,48,30
124900033,62,74,-12
124900034,7,37,-30
124900035,99,20,79
124900036,3,42,-39
124900037,112,34,78
124900038,75,143,-68
124900039,0,26,-26
124900040,114,41,73
124900041,202,405,-203
124900042,27,0,27
124900043,408,320,88
124900044,60,2,58
124900045,96,476,-380
124900047,28,52,-24
124900048,207,57,150
124900050,175,54,121
124900052,158,107,51
124900053,209,83,126
124900054,776,488,288
124900055,0,63,-63
124900057,5,266,-261
124900060,31,159,-128
124900061,197,0,197
124900062,174,4,170
124900066,0,4,-4
124900067,0,45,-45
124900068,147,1117,-970
124900070,17,14,3
124900072,279,9,270
124900075,739,89,650
124900076,22,2642,-2620
124900077,17,35,-18
124900078,89,1,88
124900079,101,159,-58
124900080,389,184,205
124900081,2188,93,2095
124900082,279,250,29
124900083,374,190,184
124900085,288,244,44
124900086,24,884,-860
124900087,115,28,87
124900088,95,49,46
124900089,425,0,425
124900090,802,84,718
124900091,244,94,150
124900092,254,60,194
124900093,595,54,541
124900094,827,90,737
124900095,144,545,-401
124900096,181,68,113
124900097,507,11,496
124900098,198,176,22
124900099,50,383,-333
124900100,393,16,377
124900101,125,162,-37
124900102,523,32,491
124900103,138,79,59
124900104,18,36,-18
124900105,104,31,73
124900106,264,16,248
124900107,274,3,271
124900108,209,109,100
124900111,3,421,-418
124900112,310,160,150
124900113,35,121,-86
124900114,63,153,-90
124900115,24,49,-25
124900116,531,492,39
124900117,165,186,-21
124900118,64,1340,-1276
124900119,431,240,191
124900120,17,106,-89
124900121,56,521,-465
124900122,76,63,13
124900123,74,35,39
124900124,17,74,-57
204000001,264,18,246
204000002,10,2,8
204000003,23,2,21
204000004,14,3,11
204000005,368,304,64
204000006,1158,1206,-48
204000011,5,6,-1
204000012,39,49,-10
204000019,1464,275,1189
204000020,1597,203,1394
204000021,986,857,129
204000022,1415,741,674
204000023,674,298,376
204000031,49,3,46
204000032,200,6,194
204000034,114,74,40
204000035,0,4,-4
204000036,1,75,-74
204000037,0,24,-24
204000038,1,6,-5
204000039,8,16,-8
204000040,5,23,-18
204000041,11,22,-11
204000042,25,4,21
204000043,57,0,57
204000044,72,2,70
204000045,24,12,12
204000046,11,9,2
204000057,21,13,8
204000062,13,28,-15
204000068,55,254,-199
204000069,160,537,-377
204000070,72,53,19
204000080,61,36,25
204000085,1008,461,547
204000086,1837,727,1110
204000087,107,1,106
204000088,6,25,-19
204000090,213,136,77
204000093,1033,15,1018
204000096,1615,395,1220
204000097,766,25,741
204000099,1021,2176,-1155
204000100,1407,720,687
204000105,1389,572,817
204000110,509,674,-165
204000111,599,584,15
204000112,535,278,257
204000113,230,327,-97
204000114,1265,1137,128
204000115,1771,247,1524
204000116,704,306,398
204000119,3342,927,2415
204000132,524,606,-82
204000133,736,58,678
204000134,304,34,270
204000135,896,27,869
204000136,548,235,313
204000138,222,818,-596
204000140,227,71,156
204000141,164,33,131
204000144,0,18,-18
204000145,818,20,798
204000146,15,91,-76
204000147,7,162,-155
204000148,140,35,105
204000154,4,1,3
204000155,1,7,-6
204000177,28,12,16
204000179,8,35,-27
204000180,0,35,-35
204000222,0,13,-13
204000235,101,31,70
204000236,16,86,-70
204000238,21,12,9
204000240,387,22,365
204000263,532,575,-43
204000268,556,149,407
204000308,59,15,44
204000317,37,85,-48
204000322,33,108,-75
204000323,9,7,2
204000328,386,51,335
204000329,152,16,136
204000330,265,6,259
204000331,226,69,157
205000001,625,911,-286
205000013,39,140,-101
205000014,186,112,74
205000015,170,48,122
205000016,89,71,18
205000017,61,57,4
205000022,299,305,-6
205000025,1548,402,1146
205000029,902,4,898
205000045,216,154,62
205000046,189,142,47
205000047,73,119,-46
205000048,422,162,260
205000049,212,235,-23
205000050,334,72,262
205000059,0,320,-320
205000060,1,487,-486
205000061,13,1065,-1052
205000062,0,920,-920
205000063,43,1103,-1060
205000064,67,369,-302
205000065,296,863,-567
205000066,306,244,62
205000067,196,209,-13
205000069,187,6,181
205000082,115,99,16
205000110,4,71,-67
205000111,112,73,39
205000112,138,57,81
205000113,110,113,-3
205000121,109,42,67
205000123,198,43,155
205000126,623,116,507
205000127,689,102,587
205000128,347,54,293
205000129,1119,107,1012
205000130,341,19,322
205000131,28,14,14
205000132,36,3,33
205000133,20,0,20
205000134,293,0,293
205000137,457,25,432
205000138,569,72,497
205000139,21,18,3
205000144,85,46,39
205000145,156,54,102
205000151,125,65,60
205000152,115,33,82
205000153,213,31,182
205000154,86,20,66
205000155,69,12,57
205000207,2,34,-32
205000233,26,1,25
205000234,0,3,-3
205000243,0,1,-1
205000244,0,14,-14
205000245,4,74,-70
205000249,0,11,-11
205000250,13,0,13
205000264,31,98,-67
206000027,1,12,-11
206000028,26,4,22
206000043,0,50,-50
206000053,1,0,1
206000054,1,17,-16
206000055,0,17,-17
206000075,20,3,17
206000076,65,6,59
206000077,43,4,39
206000078,11,10,1
206000079,31,20,11
206000082,330,55,275
206000100,6,398,-392
206000103,0,0,0
206000104,0,1,-1
206000105,2,3,-1
206000106,1,1,0
206000125,263,0,263
206000157,7,134,-127
206000170,1,111,-110
206000171,15,129,-114
206000172,12,66,-54
206000173,0,81,-81
206000174,13,32,-19
206000175,1,51,-50
206000176,13,44,-31
206000177,1,32,-31
206000178,0,327,-327
206000179,1,66,-65
206000180,7,33,-26
206000181,0,15,-15
206000182,8,23,-15
206000183,18,35,-17
206000184,3,40,-37
206000185,16,19,-3
206000186,37,176,-139
206000223,0,150,-150
206000226,33,3,30
206000227,56,7,49
206000237,31,57,-26
206000238,10,310,-300
206000239,213,1220,-1007
206000240,0,1,-1
206000241,0,42,-42
206000242,27,85,-58
206000243,22,36,-14
206000244,25,65,-40
206000245,2980,35,2945
206000246,887,1,886
206000247,1184,8,1176
206000248,1406,8,1398
206000252,101,43,58
206000258,3,8,-5
206000315,59,10,49
206000317,533,228,305
206000318,1054,112,942
206000319,3422,102,3320
206000320,961,41,920
206000321,1093,15,1078
206000322,1670,9,1661
206000323,654,3,651
206000324,480,1,479
206000325,327,13,314
206000326,299,26,273
206000327,105,34,71
206000328,662,10,652
206000329,1262,1,1261
206000330,369,2,367
206000331,600,0,600
206000332,110,0,110
206000333,2154,3,2151
206000334,1486,0,1486
206000335,0,17,-17
206000361,4,33,-29
206000392,2,14,-12
206000405,575,0,575
206000441,105,11,94
206000498,109,2,107
206000515,49,47,2
206000530,547,72,475
206000531,386,349,37
206000532,1402,282,1120
206000535,113,2535,-2422
206000536,4,68,-64
206000537,5,120,-115
206000613,1054,253,801
206000784,846,35,811
207000001,192,227,-35
207000002,72,165,-93
207000003,96,117,-21
207000007,2397,96,2301
207000008,413,13,400
207000009,112,34,78
207000010,323,152,171
207000012,572,107,465
207000015,211,324,-113
207000019,543,26,517
207000021,355,277,78
207000022,357,138,219
207000023,403,51,352
207000024,2,30,-28
207000025,16,77,-61
207000026,105,27,78
207000027,17,46,-29
207000028,142,111,31
207000029,266,212,54
207000033,301,167,134
207000034,379,33,346
207000039,1060,16,1044
207000040,964,22,942
207000041,177,9,168
207000042,583,18,565
207000043,465,162,303
207000051,63,214,-151
207000052,14,81,-67
207000053,337,208,129
207000054,45,38,7
207000055,134,58,76
207000056,185,137,48
207000057,155,87,68
207000058,123,130,-7
207000059,52,213,-161
207000060,45,340,-295
207000061,89,1806,-1717
207000062,1104,41,1063
207000063,1136,33,1103
207000064,602,60,542
207000065,406,97,309
207000066,882,199,683
207000067,141,55,86
207000068,319,24,295
207000069,1414,203,1211
207000082,20,73,-53
207000083,62,135,-73
207000084,495,103,392
207000085,316,51,265
207000086,791,13,778
207000106,125,22,103
207000107,170,12,158
207000108,222,3,219
207000109,191,4,187
207000110,64,4,60
207000111,156,13,143
207000112,17,651,-634
207000114,10,9,1
207000115,34,42,-8
207000116,18,234,-216
207000117,4,87,-83
207000118,0,35,-35
207000119,16,69,-53
207000123,312,3,309
207000124,278,11,267
207000125,74,4,70
207000126,66,4,62
207000134,522,95,427
207000135,171,135,36
207000148,200,243,-43
207000149,28,20,8
207000152,156,311,-155
207000153,271,498,-227
207000154,460,82,378
207000159,69,61,8
207000160,126,171,-45
207000238,0,55,-55
207000242,1,40,-39
207000248,6,14,-8
207000249,41,14,27
207000250,339,69,270
207000251,36,137,-101
207000252,26,22,4
207000278,281,74,207
207000279,19,62,-43
207000280,1321,10,1311
207000281,148,176,-28
207000282,16,536,-520
207000283,12,104,-92
207000284,46,2237,-2191
207000285,36,85,-49
207000291,13,45,-32
207000304,88,50,38
207000306,43,180,-137
207000310,280,114,166
207000353,102,3,99
207000356,14,34,-20
207000357,2,27,-25
207000358,0,10,-10
207000415,0,29,-29
207000417,29,17,12
207000418,93,37,56
207000438,0,3,-3
207000439,443,98,345
207000446,119,11,108
207000460,212,3,209
207000466,40,104,-64
207000467,797,24,773
207000468,55,147,-92
207000476,19,24,-5
207000477,318,19,299
207000478,1,28,-27
207000523,1,4,-3
207000524,52,1,51
207000527,629,127,502
207000530,549,3,546
207000531,350,0,350
207000532,58,37,21
207000534,148,10,138
207000535,0,138,-138
207000537,5,46,-41
207000540,0,31,-31
207000541,0,51,-51
207000548,2,109,-107
207000549,248,3,245
207000561,168,79,89
207000562,18,62,-44
207000567,48,124,-76
207000568,685,52,633
207000569,1488,112,1376
207000584,9,88,-79
207000585,16,46,-30
207000587,284,12,272
207000616,0,34,-34
207000617,288,0,288
207000624,65,43,22
207000631,9,8,1
207900008,691,44,647
208000001,803,652,151
208000002,822,475,347
208000003,948,239,709
208000004,779,602,177
208000005,2,26,-24
208000019,1752,219,1533
208000020,475,153,322
208000021,344,216,128
208000022,599,233,366
208000028,795,1556,-761
208000033,273,138,135
208000034,397,701,-304
208000037,679,25,654
208000040,475,115,360
208000041,1102,458,644
208000042,2100,471,1629
208000047,99,77,22
208000064,2277,990,1287
208000066,1257,691,566
208000070,780,512,268
208000071,1134,197,937
208000072,1258,322,936
208000080,373,495,-122
208000081,434,170,264
208000082,700,119,581
208000083,350,169,181
208000084,23,109,-86
208000085,905,356,549
208000086,859,617,242
208000087,753,386,367
208000089,1366,217,1149
208000090,875,264,611
208000093,13,120,-107
208000094,403,262,141
208000095,926,417,509
208000104,2139,250,1889
208000105,1076,307,769
208000114,173,323,-150
208000115,741,456,285
208000116,1953,1713,240
208000117,35,108,-73
208000118,192,303,-111
208000155,1155,865,290
208000158,2144,1691,453
208000186,1074,1233,-159
208000204,986,728,258
208000205,1859,469,1390
208000282,947,629,318
209000004,667,127,540
209000005,132,19,113
209000006,280,118,162
209000007,378,405,-27
209000010,74,236,-162
209000011,51,223,-172
209000012,66,76,-10
209000013,297,51,246
209000014,500,201,299
209000025,698,63,635
209000026,1852,236,1616
209000027,383,152,231
209000028,277,114,163
209000029,398,580,-182
209000030,377,752,-375
209000031,2505,697,1808
209000034,238,366,-128
209000035,214,424,-210
209000036,596,137,459
209000037,647,204,443
209000038,307,128,179
209000039,145,133,12
209000040,333,263,70
209000041,255,246,9
209000042,325,114,211
209000043,553,357,196
209000044,348,445,-97
209000045,635,174,461
209000046,723,216,507
209000047,778,268,510
209000048,748,520,228
209000049,126,54,72
209000050,282,55,227
209000051,414,80,334
209000052,225,106,119
209000062,160,44,116
209000063,147,18,129
209000064,31,21,10
209000065,285,31,254
209000066,308,9,299
209000067,323,13,310
209000080,7,111,-104
209000082,256,39,217
209000091,19,58,-39
209000093,103,74,29
209000094,27,101,-74
209000110,46,82,-36
209000111,447,2838,-2391
209000112,1766,396,1370
209000113,3790,718,3072
209000114,1303,669,634
209000115,103,58,45
209000116,256,204,52
209000118,22,110,-88
209000119,14,146,-132
209000121,102,256,-154
209000135,114,98,16
209000142,749,4469,-3720
209000143,9,62,-53
209000144,119,281,-162
209000229,295,91,204
209000240,13,192,-179
209000259,35,47,-12
209000260,19,161,-142
209000261,0,122,-122
209000262,3,129,-126
209000263,0,179,-179
209000264,0,128,-128
209000265,316,14,302
209000266,81,0,81
209000267,1523,2,1521
209000268,647,71,576
210000037,221,60,161
210000047,100,2,98
210000048,199,29,170
210000049,172,8,164
210000052,196,22,174
210000053,35,30,5
210000054,44,66,-22
210000070,257,11,246
210000071,160,4,156
210000072,80,2,78
210000073,0,19,-19
210000074,0,24,-24
210000075,1,69,-68
210000076,2,88,-86
210000077,2,118,-116
210000078,4,162,-158
210000079,13,17,-4
210000080,66,276,-210
210000081,210,3,207
210000082,20,1,19
210000083,90,12,78
210000084,165,0,165
210000085,0,53,-53
210000086,0,31,-31
210000099,37,103,-66
210000100,30,95,-65
210000101,84,78,6
210000105,12,268,-256
210000159,1,361,-360
210000163,21,100,-79
210000164,415,146,269
210000168,360,44,316
210000187,0,5,-5
210000188,0,10,-10
210000214,11,0,11
210000219,241,64,177
210000220,316,8,308
210000232,9,23,-14
210000233,14,12,2
210000234,23,13,10
210000235,93,9,84
210000245,2,20,-18
210000246,61,22,39
210000258,16,71,-55
210000259,381,29,352
210000282,22,39,-17
210000285,1,126,-125
210000286,32,114,-82
210000290,14,16,-2
210000295,78,226,-148
210000296,103,25,78
210000320,633,44,589
210000321,513,11,502
210000338,58,110,-52
210000339,58,742,-684
210000340,43,144,-101
210000341,178,107,71
210000342,249,90,159
210000343,186,128,58
210000344,89,235,-146
210000345,97,451,-354
210000346,62,243,-181
210000347,16,274,-258
210000348,170,272,-102
210000349,86,154,-68
210000350,207,95,112
210000351,287,11,276
210000352,36,32,4
210000353,66,14,52
210000354,75,15,60
210000355,55,294,-239
210000356,21,484,-463
210000357,14,426,-412
210000358,601,417,184
210000359,82,324,-242
210000360,358,378,-20
210000361,349,141,208
210000362,530,101,429
210000363,776,121,655
210000364,528,128,400
210000365,500,66,434
210000366,546,52,494
210000367,262,14,248
210000368,460,22,438
210000369,81,122,-41
210000370,195,139,56
210000372,49,65,-16
210000373,30,127,-97
210000374,100,214,-114
210000375,12,14,-2
210000376,53,351,-298
210000404,16,39,-23
210000439,191,5,186
210000472,65,2,63
210000482,177,98,79
210000564,320,159,161
210000567,1,86,-85
210000568,532,4,528
211000092,65,7,58
211000094,27,2,25
211000169,352,11,341
211000172,44,105,-61
211000209,0,27,-27
211000226,20,11,9
211000270,107,11,96
211000275,17,22,-5
211000276,237,21,216
211000279,36,79,-43
211000281,276,11,265
211000302,32,3,29
211507980,0,48,-48
211977296,27,1,26
212000003,322,157,165
212000004,9,92,-83
212000005,16,192,-176
212000006,21,237,-216
212000008,241,226,15
212000009,71,113,-42
212000012,170,33,137
212000013,56,39,17
212000014,340,37,303
212000015,307,70,237
212000016,524,278,246
212000027,618,85,533
212000028,471,135,336
212000029,289,116,173
212000030,43,7,36
212000031,73,22,51
212000048,45,556,-511
212000049,10,291,-281
212000050,12,29,-17
212000051,392,101,291
212000052,315,118,197
212000053,309,94,215
212000054,828,34,794
212000055,672,67,605
212000056,14,32,-18
212000057,12,40,-28
212000058,169,36,133
212000070,250,54,196
212000077,276,97,179
212000099,585,81,504
212000108,348,432,-84
212000111,639,51,588
212000120,125,269,-144
212000138,375,50,325
212000156,0,31,-31
212000158,5,36,-31
212000159,663,25,638
212000160,746,40,706
212000161,183,16,167
212000310,67,4,63
212000311,20,45,-25
212000374,19,18,1
213000001,7,161,-154
213000005,973,65,908
213000006,888,81,807
213000007,44,30,14
213000009,226,118,108
213000010,493,108,385
213000011,182,28,154
213000012,238,98,140
213000014,72,25,47
213000015,294,8,286
213000016,421,21,400
213000017,58,0,58
213000018,0,12,-12
213000019,7,14,-7
213000020,68,60,8
213000021,0,16,-16
213000023,652,126,526
213000033,357,957,-600
213000034,517,88,429
213000035,275,522,-247
213000045,182,186,-4
213000046,37,43,-6
213000047,138,710,-572
213000056,382,7,375
213000069,187,40,147
213000073,0,17,-17
213000074,38,205,-167
213000075,1127,2,1125
213000076,26,0,26
213000085,0,12,-12
213000086,6,40,-34
213000091,686,28,658
213000092,32,11,21
213000099,238,823,-585
213000100,989,173,816
213000101,1206,48,1158
213000102,926,60,866
213000103,514,222,292
213000104,16,109,-93
213000105,147,2129,-1982
213000106,46,198,-152
213000107,148,217,-69
213000108,65,192,-127
213000109,2,118,-116
213000110,2,88,-86
213000111,2,47,-45
213000112,36,99,-63
213000115,101,2,99
213000116,19,293,-274
213000117,0,278,-278
213000118,1638,367,1271
213000119,21,292,-271
213000120,44,143,-99
213000122,121,233,-112
213000123,84,351,-267
213000124,267,416,-149
213000125,233,37,196
213000126,28,78,-50
213000127,3,108,-105
213000128,36,311,-275
213000129,135,2102,-1967
213000130,1439,814,625
213000132,1757,216,1541
213000133,2019,66,1953
213000134,2629,26,2603
213000136,872,6,866
213000137,691,12,679
213000139,449,17,432
213000147,41,26,15
213000148,38,75,-37
213000149,3,13,-10
213000150,3,991,-988
213000151,3,170,-167
213000152,3,233,-230
213000153,6,233,-227
213000154,139,168,-29
213000155,71,131,-60
213000156,142,108,34
213000157,1299,119,1180
213000158,482,283,199
213000159,886,247,639
213000163,2995,303,2692
213000165,620,190,430
213000171,0,4,-4
213000172,0,18,-18
213000173,0,30,-30
213000174,1,31,-30
213000175,9,16,-7
213000176,196,20,176
213000177,177,2,175
213000178,426,0,426
213000179,645,0,645
213000180,765,0,765
213000184,41,179,-138
213000188,1087,48,1039
213000189,1595,35,1560
213000190,925,266,659
213000191,970,130,840
213000192,732,89,643
213000193,325,207,118
213000194,3,246,-243
213000195,33,144,-111
213000196,531,1737,-1206
213000197,764,1110,-346
213000198,11,1,10
213000200,221,375,-154
213000201,25,59,-34
213000202,4,281,-277
213000203,1562,280,1282
213000204,1669,41,1628
213000205,971,12,959
213000206,1215,9,1206
213000207,17,3,14
213000208,15,2,13
213000209,75,3,72
213000210,203,2,201
213000211,4,21,-17
213000212,9,21,-12
213000213,35,32,3
213000218,507,407,100
213000219,1612,49,1563
213000220,2074,8,2066
213000223,425,72,353
213000224,43,20,23
213000225,73,10,63
213000226,75,0,75
213000227,2162,95,2067
213000228,1324,20,1304
213000229,289,24,265
213000230,801,5,796
213000232,194,14,180
213000233,26,122,-96
213000234,0,47,-47
213000293,29,110,-81
213000294,147,49,98
213000295,15,79,-64
213000296,124,24,100
213000297,26,46,-20
213000298,26,42,-16
213000299,53,16,37
213000300,2,2,0
213000303,0,21,-21
213000304,1,1,0
213000305,2,12,-10
213000306,42,347,-305
213000307,146,171,-25
213000308,54,109,-55
213000309,264,34,230
213000310,347,77,270
213000311,57,435,-378
213000315,106,264,-158
213000316,555,40,515
213000322,161,11,150
213000323,215,22,193
213000324,170,2,168
213000325,202,14,188
213000326,69,0,69
213000327,41,14,27
213000328,63,67,-4
213000329,173,8,165
213000340,79,191,-112
213000341,1705,62,1643
213000346,91,298,-207
213000347,191,852,-661
213000348,3,60,-57
213000349,1,12,-11
213000350,159,681,-522
213000366,91,121,-30
213000367,617,8,609
213000379,28,11,17
213000386,29,33,-4
213000406,256,111,145
213000417,2204,592,1612
213000425,507,74,433
213000426,305,8,297
213000427,128,42,86
213000428,52,21,31
213000429,0,8,-8
213000430,78,153,-75
213000431,14,0,14
213000432,0,52,-52
213000433,26,30,-4
213000434,295,93,202
213000435,197,26,171
213000436,231,13,218
213000437,0,4,-4
213000438,223,25,198
213000439,67,11,56
213000440,1,81,-80
213000441,0,0,0
213000442,1,14,-13
213000443,752,304,448
213000444,51,2,49
213000445,1,59,-58
213000446,0,45,-45
213000447,3,68,-65
213000448,4,115,-111
213000449,1707,3,1704
213000450,11,19,-8
213000451,508,18,490
213000452,28,3,25
213000453,21,107,-86
213000455,64,0,64
213000456,3,91,-88
213000481,2,0,2
213000482,60,5,55
213000489,199,51,148
213000491,13,397,-384
213000492,110,30,80
213000493,4,545,-541
213000494,350,65,285
213000495,0,9,-9
213000496,794,74,720
213000497,70,133,-63
213000498,99,64,35
213000499,133,69,64
213000500,953,15,938
213000501,295,16,279
213000502,127,13,114
213000503,0,82,-82
213000504,32,60,-28
213000505,89,0,89
213000506,0,3,-3
213000507,0,58,-58
213900244,316,1,315
213900245,0,9,-9
218000003,39,4,35
218000004,88,27,61
218000005,9,27,-18
218000006,45,45,0
218000007,12,22,-10
218000012,112,419,-307
218000013,240,169,71
218000014,536,104,432
218000019,385,260,125
218000020,205,199,6
218000021,68,40,28
218000022,39,11,28
218000023,6,12,-6
218000024,4,6,-2
218000025,9,2,7
218000026,11,10,1
218000027,7,4,3
218000028,0,3,-3
218000029,8,0,8
218000030,25,7,18
218000031,5,5,0
218000032,0,4,-4
218000040,4,18,-14
218000046,117,110,7
218000047,14,81,-67
218000048,144,32,112
218000049,94,58,36
218000050,271,83,188
218000051,76,102,-26
218000052,2,30,-28
218000053,4,22,-18
218000054,1,42,-41
218000055,3,64,-61
218000056,27,84,-57
218000057,2,65,-63
218000064,2,2,0
218000065,83,19,64
218000066,5,30,-25
218000067,189,45,144
218000068,251,9,242
218000069,557,12,545
218000070,360,198,162
218000071,263,172,91
218000072,126,137,-11
218000078,1290,219,1071
218000079,421,14,407
218000080,257,20,237
218000081,813,66,747
218000082,255,31,224
218000083,143,24,119
218000084,192,69,123
218000085,178,77,101
218000086,55,38,17
218000087,197,33,164
218000090,28,224,-196
218000091,1366,543,823
218000092,241,62,179
218000093,224,45,179
218000094,541,179,362
218000099,250,193,57
218000100,338,92,246
218000101,355,142,213
218000102,651,137,514
218000103,237,30,207
218000104,120,48,72
218000105,22,6,16
218000106,23,1,22
218000107,264,33,231
218000108,48,27,21
218000112,54,6,48
218000117,75,98,-23
218000134,360,285,75
218000135,18,98,-80
218000136,141,97,44
218000137,90,69,21
218000138,59,42,17
218000139,176,154,22
218000140,620,392,228
218000141,74,65,9
218000142,237,158,79
218000143,28,251,-223
218000144,12,217,-205
218000145,591,234,357
218000146,108,72,36
218000151,0,31,-31
218000152,46,34,12
218000153,1,4,-3
218000154,8,1,7
218000155,41,0,41
218000156,68,3,65
218000157,65,8,57
218000158,4,3,1
218000159,1,1,0
218000160,3,4,-1
218000161,33,0,33
218000162,56,4,52
218000163,18,1,17
218000164,74,4,70
218000165,126,54,72
218000170,1,25,-24
218000171,48,2,46
218000172,2,4,-2
218000173,6,6,0
218000174,8,32,-24
218000176,199,11,188
218000177,217,37,180
218000178,58,53,5
218000179,180,28,152
218000180,84,25,59
218000181,226,47,179
218000187,30,24,6
218000188,22,27,-5
218000189,7,75,-68
218000190,19,20,-1
218000191,145,5,140
218000192,244,92,152
218000193,272,127,145
218000194,132,101,31
218000195,251,18,233
218000196,495,131,364
218000197,960,118,842
218000198,203,29,174
218000199,65,9,56
218000200,48,49,-1
218000201,10,2,8
218000202,30,841,-811
218000207,4,11,-7
218000208,39,76,-37
218000211,22,5,17
218000212,0,1,-1
218000213,246,82,164
218000214,1,20,-19
218000215,79,20,59
218000217,2,21,-19
218000218,355,22,333
218000219,2,50,-48
218000220,64,458,-394
218000221,821,250,571
218000222,1,83,-82
218000223,30,392,-362
218000224,5,173,-168
218000225,191,4,187
218000226,207,46,161
218000230,0,23,-23
218000232,75,19,56
218000239,170,6,164
218000240,2,2,0
218000241,6,0,6
218000242,2,0,2
218000243,5,4,1
218000244,4,1,3
218000245,12,7,5
218000246,0,7,-7
218000247,0,0,0
218000248,0,16,-16
218000249,0,1,-1
218000250,1,9,-8
218000251,5,10,-5
218000252,2,72,-70
218000253,0,41,-41
218000254,0,18,-18
218000255,0,15,-15
218000256,6,33,-27
218000267,485,850,-365
218000268,3,33,-30
218000269,1,8,-7
218000270,98,23,75
218000271,20,23,-3
218000273,146,0,146
218000274,53,0,53
218000275,56,84,-28
218000276,51,7,44
218000278,26,23,3
218000279,93,17,76
218000280,2,8,-6
218000281,2,14,-12
218000282,512,1110,-598
218000284,56,5,51
218000301,29,44,-15
218000302,23,35,-12
218000303,0,63,-63
218000316,2072,515,1557
218000317,3858,432,3426
218000318,1777,267,1510
218000319,1616,332,1284
218000320,1599,552,1047
218000338,15,24,-9
218000345,120,48,72
218000346,52,169,-117
218000459,43,71,-28
218000490,13,55,-42
218000501,137,49,88
218000502,104,27,77
218000503,149,25,124
218000504,148,10,138
218000505,23,48,-25
218000506,27,62,-35
218000508,0,1,-1
218000510,115,8,107
218000520,123,121,2
218000521,3,43,-40
218000522,2,259,-257
218000523,253,6,247
218000524,2,155,-153
218000525,64,16,48
218000526,6,156,-150
218000529,106,93,13
218000530,22,13,9
218000531,61,20,41
218000532,67,2,65
218000534,479,29,450
218000537,15,82,-67
218000538,101,223,-122
218000540,20,28,-8
218000543,202,41,161
218000544,12,31,-19
218000545,280,38,242
218000546,41,13,28
218000547,261,95,166
218000548,97,32,65
218000549,1011,139,872
218000550,150,89,61
218000551,88,241,-153
218000552,454,76,378
218000553,17,186,-169
218000554,6,39,-33
218000555,29,106,-77
218000556,260,81,179
218000557,1037,108,929
218000558,67,1,66
218000559,1,73,-72
218000560,0,22,-22
218000561,13,0,13
218000562,21,86,-65
218000563,152,6,146
218000564,0,98,-98
218000565,72,27,45
218000566,40,0,40
218000567,0,55,-55
218000568,10,0,10
218000569,3,167,-164
218000570,24,2,22
218000571,0,86,-86
218000572,90,1,89
218000573,0,88,-88
218000574,37,14,23
218000575,82,0,82
218000576,0,77,-77
218000577,161,17,144
218000578,0,96,-96
218000579,32,40,-8
218000581,3,131,-128
218000582,37,11,26
218000583,7,0,7
218000584,0,24,-24
218000585,36,15,21
218000586,6,10,-4
218000587,0,2,-2
218000588,0,16,-16
218000589,0,32,-32
218000590,1,1,0
218000591,1,63,-62
218000592,4,10,-6
218000593,8,5,3
218000594,0,0,0
218000597,0,0,0
218000598,0,2,-2
218000599,1,3,-2
218000600,4,1,3
218000601,0,12,-12
218000602,0,1,-1
218000603,0,2,-2
218000604,7,1,6
218000605,1,98,-97
218000606,109,1,108
218000607,3,59,-56
218000608,111,16,95
218000609,0,94,-94
218000610,29,1,28
218000611,5,0,5
218000612,0,29,-29
218000613,10,11,-1
218000614,0,39,-39
218000615,177,3,174
218000616,8,171,-163
218000617,1,1,0
218000618,1,43,-42
218000619,16,19,-3
218000620,1,150,-149
218000621,0,1,-1
218000622,0,92,-92
218000623,16,1,15
218000624,0,193,-193
218000625,3,19,-16
218000626,0,13,-13
218000628,339,137,202
218000631,153,61,92
218000632,0,98,-98
218000633,63,2,61
218000634,16,4,12
218000635,30,8,22
218000636,812,241,571
218000637,1663,130,1533
218000638,493,5,488
218000639,43,17,26
218000640,803,16,787
218000641,161,21,140
218000652,45,21,24
218000653,179,22,157
218000663,11,31,-20
218000675,23,71,-48
218000676,16,7,9
218000677,20,3,17
218000680,285,157,128
218000681,980,84,896
218000691,337,102,235
218000693,952,89,863
218000703,3,6,-3
218000718,11,72,-61
218000719,82,90,-8
218000720,1,91,-90
218000721,13,5,8
218000725,1,8,-7
218001147,0,65,-65
218001214,57,27,30
218001258,617,0,617
218001329,343,32,311
218001330,61,80,-19
218001351,15,3,12
218001352,52,14,38
218001353,6,4,2
218001354,4,32,-28
218001355,6,52,-46
218001356,804,128,676
218001357,4,56,-52
218001358,851,12,839
218001361,909,3,906
218001362,1,33,-32
219000001,8,24,-16
219000002,36,15,21
219000003,76,29,47
219000004,49,82,-33
219000017,141,107,34
219000020,226,13,213
219000022,187,0,187
219000023,121,0,121
219000029,0,126,-126
219000034,57,25,32
219000039,43,147,-104
219000040,15,56,-41
219000041,110,58,52
219000051,0,74,-74
219000052,0,39,-39
219000053,1,58,-57
219000054,32,47,-15
219000055,439,0,439
219000056,0,0,0
219000057,50,0,50
219000062,33,88,-55
219000063,418,4,414
219000064,0,119,-119
219000110,248,182,66
219000111,82,31,51
219000112,337,56,281
219000113,279,37,242
219000114,235,33,202
219000116,109,9,100
219000117,116,18,98
219000118,88,35,53
219000123,177,240,-63
219000124,72,73,-1
219000125,43,2,41
219000126,48,115,-67
219000127,1,4,-3
219000128,23,124,-101
219000129,27,75,-48
219000130,147,375,-228
219000131,1235,643,592
219000133,27,64,-37
219000134,2,31,-29
219000135,30,32,-2
219000136,30,284,-254
219000138,129,9,120
219000139,85,26,59
219000140,260,1,259
219000141,87,29,58
219000142,31,24,7
219000143,8,10,-2
219000145,11,10,1
219000146,0,1,-1
219000147,0,15,-15
219000148,0,14,-14
219000149,1,30,-29
219000150,0,7,-7
219000151,0,0,0
219000157,439,63,376
219000158,292,98,194
219000161,267,11,256
219000163,1528,351,1177
219000166,168,114,54
219000167,136,150,-14
219000168,359,121,238
219000174,740,75,665
219000175,256,2,254
219000176,316,14,302
219000177,94,0,94
219000178,141,1,140
219000179,118,8,110
219000180,190,11,179
219000182,127,1,126
219000183,93,5,88
219000184,68,4,64
219000185,0,5,-5
219000186,88,26,62
219000187,6,31,-25
219000189,58,113,-55
219000190,46,111,-65
219000191,132,689,-557
219000192,273,175,98
219000193,257,108,149
219000195,0,28,-28
219000196,16,76,-60
219000198,2,39,-37
219000199,15,61,-46
219000200,28,55,-27
219000201,21,67,-46
219000203,5,12,-7
219000204,36,315,-279
219000205,22,119,-97
219000207,62,186,-124
219000209,76,43,33
219000210,35,171,-136
219000213,7,182,-175
219000239,148,259,-111
219000240,54,286,-232
219000241,94,168,-74
219000242,35,153,-118
219000243,133,230,-97
219000244,41,99,-58
219000245,10,56,-46
219000246,22,21,1
219000247,338,33,305
219000248,558,368,190
219000249,240,84,156
219000250,411,30,381
219000251,594,120,474
219000252,385,62,323
219000253,229,24,205
219000255,216,105,111
219000256,386,44,342
219000257,93,1,92
219000262,28,35,-7
219000263,74,73,1
219000267,1,26,-25
219000268,0,1,-1
219000269,1,0,1
219000270,19,0,19
219000271,453,0,453
219000278,0,0,0
219000279,0,0,0
219000283,0,14,-14
219000295,13,85,-72
219000296,52,121,-69
219000297,62,18,44
219000298,25,16,9
219000299,267,37,230
219000300,63,50,13
219000301,20,163,-143
219000302,19,89,-70
219000307,14,1,13
219000308,77,24,53
219000311,180,22,158
219000312,398,140,258
219000313,548,37,511
219000314,82,83,-1
219000315,546,10,536
219000316,747,64,683
219000317,273,16,257
219000320,0,102,-102
219000321,0,35,-35
219000323,2,29,-27
219000325,0,0,0
219000326,8,17,-9
219000327,10,12,-2
219000328,36,4,32
219000329,383,147,236
219000330,28,15,13
219000331,32,6,26
219000332,215,87,128
219000333,63,1,62
219000335,81,0,81
219000337,9,1,8
219000338,55,1,54
219000344,11,23,-12
219000345,279,13,266
219000346,24,9,15
219000348,139,70,69
219000349,25,97,-72
219000350,49,254,-205
219000351,0,10,-10
219000352,98,65,33
219000353,300,51,249
219000354,752,46,706
219000355,161,51,110
219000356,432,706,-274
219000363,168,54,114
219000364,196,29,167
219000365,117,29,88
219000366,154,848,-694
219000368,473,319,154
219000370,845,356,489
219000371,9,11,-2
219000382,5,5,0
219000383,169,672,-503
219000385,135,610,-475
219000386,305,1226,-921
219000387,0,1,-1
219000390,4,0,4
219000391,0,0,0
219000397,50,8,42
219000398,19,51,-32
219000401,2,123,-121
219000402,8,60,-52
219000403,51,78,-27
219000404,23,67,-44
219000407,42,36,6
219000409,57,31,26
219000410,74,4,70
219000411,87,6,81
219000446,97,259,-162
219000447,0,23,-23
219000448,7,3,4
219000452,141,67,74
219000453,16,115,-99
219000454,436,318,118
219000556,811,36,775
219000558,48,114,-66
219000590,12,216,-204
219000591,301,29,272
219000592,48,133,-85
219000595,10,2,8
219000635,191,42,149
219000636,41,27,14
219000657,13,8,5
219000658,9,102,-93
219000673,0,2,-2
219000676,38,1,37
219000679,40,2,38
219000684,213,0,213
219000685,0,77,-77
219000686,0,1,-1
219000688,0,43,-43
219000689,1,86,-85
219000690,103,16,87
219000691,25,37,-12
219000692,206,9,197
219000693,0,1,-1
219000694,37,0,37
219000695,78,2,76
219000698,2,0,2
219000699,0,144,-144
219000727,1,76,-75
219000728,115,0,115
219000770,27,0,27
219000771,0,74,-74
219000788,176,266,-90
219001150,0,71,-71
219001151,0,0,0
219001166,34,67,-33
219001167,1,32,-31
219001178,107,2,105
220000001,11,301,-290
220000002,3,170,-167
220000003,262,67,195
220000004,361,254,107
220000005,342,822,-480
220000006,105,372,-267
220000007,392,94,298
220000008,268,250,18
220000009,222,236,-14
220000010,49,50,-1
220000011,246,3901,-3655
220000012,11,451,-440
220000014,256,109,147
220000015,35,395,-360
220000017,43,246,-203
220000018,8460,2582,5878
220000019,174,746,-572
220000020,560,116,444
220000021,1322,312,1010
220000022,1718,220,1498
220000023,283,75,208
220000024,908,266,642
220000025,583,1272,-689
220000026,481,706,-225
220000027,18,268,-250
220000028,38,84,-46
220000029,23,82,-59
220000030,33,62,-29
220000031,1027,489,538
220000064,89,884,-795
221000046,2,0,2
221000047,0,0,0
221000048,0,1,-1
221000049,0,16,-16
221000050,8,0,8
221000055,37,43,-6
221000057,287,7,280
221000068,169,38,131
221000069,248,16,232
221000070,202,7,195
221000071,130,2,128
221000072,352,6,346
221000073,252,16,236
221000074,0,4,-4
221000075,1,37,-36
221000076,5,25,-20
221000077,5,39,-34
221000081,7,3,4
221000082,88,21,67
221000083,29,11,18
221000084,1,4,-3
221000085,19,33,-14
221000086,6,35,-29
221000087,5,64,-59
221000088,5,88,-83
221000089,21,103,-82
221000090,17,184,-167
221000098,166,9,157
221000099,466,18,448
221000100,282,4,278
221000101,396,12,384
221000102,173,11,162
221000109,0,35,-35
221000110,2,21,-19
221000111,12,62,-50
221000112,4,44,-40
221000113,4,70,-66
221000114,3,61,-58
221000120,9,81,-72
221000121,1,7,-6
221000122,63,53,10
221000123,8,13,-5
221000124,53,97,-44
221000155,79,25,54
221000156,151,93,58
221000175,1,13,-12
221000176,0,18,-18
221000182,213,3,210
221000241,436,189,247
221000242,35,132,-97
221000243,644,113,531
221000244,80,332,-252
221000245,264,41,223
221000246,15,283,-268
221000247,194,110,84
221000248,101,124,-23
221000267,29,366,-337
221000325,26,123,-97
221000331,9,44,-35
221000338,22,33,-11
221000378,392,96,296
221000381,36,104,-68
222000282,3,5,-2
222000296,1,31,-30
222000568,303,10,293
222000569,204,36,168
222000570,72,30,42
222000571,571,23,548
222000577,16,50,-34
222000578,0,82,-82
222000579,3,35,-32
222000580,15,741,-726
222000599,0,51,-51
222000600,1,80,-79
222000601,2,413,-411
222000603,7,54,-47
222000604,0,165,-165
222000605,4,92,-88
222000606,0,51,-51
222000607,0,16,-16
222000608,5,18,-13
222000609,69,34,35
222000616,1074,24,1050
222000617,29,12,17
222000618,1,7,-6
222000620,25,31,-6
222000621,88,38,50
222000623,549,3,546
222000624,793,4,789
222000625,1575,2,1573
222000636,44,7,37
222000686,6,75,-69
222000687,84,22,62
222001066,617,1,616
222001067,109,11,98
222001068,345,3,342
222001069,184,7,177
222001082,82,7,75
222001083,231,2,229
222001084,0,66,-66
222001085,1,545,-544
222001111,246,40,206
222001112,263,1,262
222001313,2,4,-2
222001314,3,75,-72
222001464,798,20,778
222001465,43,140,-97
222001484,507,56,451
222001485,39,22,17
222001494,1353,132,1221
222001495,141,67,74
222001496,786,87,699
222001497,86,157,-71
222001502,0,30,-30
222001503,396,13,383
222001504,23,55,-32
222001505,989,15,974
222001506,6,64,-58
222001507,577,17,560
222001510,1221,24,1197
222001511,20,109,-89
222001514,1147,24,1123
222001515,20,140,-120
222001518,897,15,882
222001519,10,150,-140
222001527,259,7,252
222001528,25,59,-34
222001529,488,6,482
222001530,21,78,-57
222001533,71,53,18
222001534,1086,5,1081
222001535,557,138,419
222001536,21,121,-100
222001537,604,22,582
222001538,11,136,-125
222001563,1601,32,1569
222001564,43,202,-159
222001568,220,76,144
222001576,0,6,-6
222001579,0,32,-32
222001583,8,44,-36
222001584,233,16,217
222001596,184,305,-121
222001597,1680,137,1543
222001626,0,25,-25
222001650,3,77,-74
222001651,8,146,-138
222001914,355,9,346
222001915,2,110,-108
222001968,860,147,713
222001969,227,127,100
222001970,90,185,-95
222001971,127,11,116
222001972,6,1,5
225000001,595,64,531
225000002,1338,74,1264
225000003,1584,58,1526
225000004,1030,115,915
225000005,39,22,17
225000006,0,161,-161
225000007,831,1218,-387
225000010,411,27,384
225000011,276,2149,-1873
225000012,276,973,-697
225000013,257,90,167
225000014,883,89,794
225000015,121,227,-106
225000021,910,59,851
225000027,304,251,53
225000032,824,73,751
225000042,137,264,-127
225000049,18,59,-41
225000050,267,31,236
225000053,0,61,-61
225000058,752,173,579
225000067,309,73,236
225000068,151,127,24
225000069,47,212,-165
225000070,121,205,-84
225000071,34,56,-22
225000075,52,1101,-1049
225000076,82,81,1
225000078,55,23,32
225000085,202,44,158
225000086,915,17,898
225000087,83,3,80
225000088,11,149,-138
225000089,43,133,-90
225000090,20,126,-106
225000091,26,50,-24
225000092,46,88,-42
225000093,394,122,272
225000094,1,84,-83
225000095,264,154,110
225000096,36,141,-105
225000098,1068,137,931
225000099,756,31,725
225000100,1044,46,998
225000104,109,375,-266
225000110,10,174,-164
225000111,555,342,213
225000112,678,809,-131
225000113,208,1233,-1025
225000114,109,603,-494
225000115,1427,844,583
225000116,310,104,206
225000117,560,435,125
225000118,1424,373,1051
225000119,658,59,599
225000120,938,20,918
225000121,147,20,127
225000123,916,5,911
225000125,748,285,463
225000126,858,230,628
225000127,527,4190,-3663
225000128,457,1578,-1121
225000132,601,13,588
225000133,295,12,283
225000134,913,76,837
225000135,106,12,94
225000136,669,13,656
225000137,619,133,486
225000138,691,222,469
225000143,104,250,-146
225000144,14,263,-249
225000145,45,9,36
225000146,104,28,76
225000147,25,44,-19
225000148,24,30,-6
225000149,51,77,-26
225000151,43,61,-18
225000155,108,98,10
225000156,268,1120,-852
225000157,557,370,187
225000158,32,173,-141
225000171,2,162,-160
225000180,22,2,20
225000181,0,185,-185
225000182,66,1,65
225000185,16,388,-372
225000187,56,219,-163
225000191,85,0,85
225000194,0,9,-9
225000208,0,34,-34
225000209,79,4,75
225000210,2,87,-85
225000217,0,16,-16
225000218,36,0,36
225000223,0,704,-704
225000224,4,1,3
225000225,0,453,-453
225000226,31,1,30
225000227,111,306,-195
225000228,7,4,3
225000229,0,21,-21
225000230,1,1,0
225000231,0,15,-15
225000232,231,0,231
225000241,64,2,62
225000242,0,44,-44
225000249,21,0,21
225000250,9,164,-155
225000251,784,103,681
226000042,190,206,-16
226000043,11,158,-147
226000044,116,442,-326
226000045,32,248,-216
226000046,1291,148,1143
226000047,997,167,830
226000048,590,98,492
226000049,753,228,525
226000070,0,10,-10
226000071,0,45,-45
226000072,0,43,-43
226000073,0,9,-9
226000074,0,10,-10
226000084,0,59,-59
226000085,0,91,-91
226000086,0,35,-35
226000087,0,63,-63
226000088,1,14,-13
226000090,96,306,-210
226000091,10,184,-174
226000092,0,37,-37
226000093,7,0,7
226000094,0,10,-10
226000095,17,50,-33
226000105,7,1,6
226000106,5,1,4
226000107,0,0,0
226000108,41,0,41
226000109,403,0,403
226000124,282,106,176
226000134,1433,295,1138
226000135,2609,583,2026
226000136,1155,260,895
226000137,15,87,-72
226000138,8,40,-32
226000139,2,38,-36
226000156,569,14,555
226000157,614,4,610
226000163,32,49,-17
226000202,1,69,-68
226000231,1562,4,1558
226000232,38,2,36
227000033,763,22,741
227000036,1256,15,1241
227000037,1243,18,1225
227000038,488,34,454
227000049,0,97,-97
227000050,0,88,-88
227000055,88,0,88
227000056,9,0,9
227000084,4,116,-112
227000085,0,160,-160
227000088,117,1,116
227000089,50,1,49
227000090,45,0,45
227000091,64,0,64
227000093,126,0,126
227000094,15,0,15
227000130,98,149,-51
227000131,33,128,-95
227000132,34,66,-32
227000133,36,73,-37
227000134,40,97,-57
227000152,0,3,-3
227000153,1,119,-118
227000155,6,31,-25
227000156,1,16,-15
227000165,0,134,-134
227000196,665,87,578
227000199,1494,93,1401
227000230,4,301,-297
227000232,2363,48,2315
227000242,52,254,-202
227000243,533,27,506
227000245,63,200,-137
227000246,100,138,-38
227000247,1100,19,1081
227000248,226,84,142
227000249,6,227,-221
227000250,515,366,149
227000251,74,371,-297
227000252,87,139,-52
227000253,481,21,460
227000262,982,20,962
227000266,3046,47,2999
227000267,6,680,-674
227000282,1,41,-40
227000284,1848,13,1835
227000286,6,66,-60
227000287,14,67,-53
227000291,8,120,-112
227000484,271,13,258
227000485,1,362,-361
227000655,656,7,649
227000656,1523,18,1505
227000657,686,17,669
227000661,1938,25,1913
227000680,99,111,-12
229000265,63,48,15
229000296,1,43,-42
229000297,5,30,-25
229000298,4,192,-188
229000320,63,3,60
229000321,19,1,18
229000412,36,62,-26
229000414,47,98,-51
229000415,23,2,21
229000416,0,2,-2
229000417,6,0,6
229000419,160,286,-126
229000440,331,99,232
229000442,17,1,16
229000443,3,1,2
229000444,2,52,-50
229000445,57,7,50
229000446,34,37,-3
229000491,5,5,0
229000492,5,44,-39
229000493,6,61,-55
229000494,51,2,49
229000495,148,1,147
229000496,150,1,149
229000507,0,24,-24
229000508,0,31,-31
229000509,0,39,-39
229000510,1,9,-8
229000511,0,13,-13
229000512,0,14,-14
229000513,0,0,0
229000514,0,0,0
229000517,3,5,-2
229000518,7,21,-14
229000519,1,8,-7
229000520,26,29,-3
229000521,88,22,66
229000522,6,5,1
229000523,3,4,-1
229000524,3,4,-1
229000527,0,0,0
229000528,0,0,0
229000529,11,0,11
229000530,107,2,105
229000531,98,0,98
229000532,3,1,2
229000533,19,0,19
229000534,10,0,10
229000564,146,1,145
229000565,79,0,79
229000566,0,4,-4
229000567,0,8,-8
229000582,68,1,67
229000583,21,2,19
229000584,0,8,-8
229000585,0,63,-63
229000718,0,4,-4
229000719,0,4,-4
229000720,0,8,-8
229000721,0,13,-13
229000722,0,2,-2
229000723,0,1,-1
229000724,0,21,-21
229000725,0,0,0
229000738,2,0,2
229000739,0,0,0
229000740,0,0,0
229000741,78,0,78
229000742,6,0,6
229000743,39,0,39
229000744,0,0,0
229000745,0,0,0
229000746,27,0,27
229000847,84,0,84
229000848,55,0,55
229000849,92,1,91
229000851,292,0,292
229000854,0,4,-4
229000856,0,69,-69
229000857,0,12,-12
229000858,2,18,-16
229000919,0,22,-22
229000930,0,17,-17
229000937,64,0,64
229000966,51,18,33
229000981,13,4,9
229000985,5,6,-1
229000986,0,5,-5
229000987,0,3,-3
229000988,1,18,-17
229000989,28,22,6
229000990,1,33,-32
229000991,0,2,-2
229000992,32,0,32
229000993,314,14,300
229000998,3,43,-40
229000999,115,7,108
229001034,0,37,-37
229001035,24,1,23
229001037,78,1,77
229001042,27,1,26
229001047,0,62,-62
229001050,59,6,53
229001168,0,46,-46
229001200,46,0,46
229001338,1,4,-3
229001394,327,25,302
229001422,106,14,92
229001423,1,39,-38
229001431,59,21,38
229001432,4,23,-19
229001444,297,51,246
229001445,102,125,-23
229001479,41,1,40
229001503,351,24,327
229001504,49,35,14
229001505,194,12,182
229001506,27,39,-12
229001509,36,8,28
229001545,78,16,62
229001546,2,34,-32
229001553,60,2,58
229001554,0,24,-24
229001559,30,1,29
229001560,1,53,-52
229001630,116,1,115
229001631,1,39,-38
229001635,1,35,-34
229001636,0,1,-1
229001658,0,34,-34
229001659,59,8,51
229001660,1,8,-7
229001661,0,57,-57
229001662,28,0,28
229001663,0,18,-18
229002584,270,222,48
229002831,130,82,48
229002841,7,58,-51
229002842,58,49,9
229002843,51,59,-8
229002844,6,148,-142
229002845,0,145,-145
229002846,1,7,-6
229002847,0,15,-15
229002848,4,23,-19
229002849,1,185,-184
229002850,11,8,3
229002851,20,254,-234
229002852,86,59,27
229002853,67,2,65
229002854,22,70,-48
229002855,13,99,-86
229002856,64,80,-16
229002857,6,99,-93
229002858,8,25,-17
229002859,17,42,-25
229002860,18,31,-13
229002861,40,70,-30
229002862,1,53,-52
229002863,0,16,-16
229002864,34,74,-40
229002865,6,20,-14
229002866,2,28,-26
229002867,0,16,-16
229002868,8,22,-14
229002869,11,52,-41
229002870,32,6,26
235000066,279,19,260
235000067,124,57,67
235000072,15,14,1
235000073,29,85,-56
235000074,73,4,69
235000080,3,30,-27
235000081,83,65,18
235000082,401,35,366
235000083,361,102,259
235000084,23,106,-83
235000085,183,83,100
235000089,54,19,35
235000092,14,28,-14
235000093,0,1,-1
235000097,0,3,-3
235000098,210,3,207
235000099,12,9,3
235000116,22,13,9
235000117,690,15,675
235000133,7,235,-228
235000134,3,64,-61
235000206,5,5,0
235000207,0,8,-8
235000208,1,2,-1
235000209,9,4,5
235000210,9,1,8
235000212,3,10,-7
235000213,17,7,10
235000220,0,2,-2
235000221,1,23,-22
235000238,12,351,-339
235000239,3,31,-28
235000242,222,1382,-1160
235000245,328,185,143
235000246,44,56,-12
235000284,3,114,-111
235000295,42,3,39
235000305,363,9,354
235000306,540,9,531
235000307,73,0,73
235000308,9,0,9
235000309,72,0,72
235000310,33,0,33
235000311,28,51,-23
235000322,0,88,-88
235000323,1,34,-33
235000324,0,66,-66
235000325,1,40,-39
235000326,30,57,-27
235000351,0,43,-43
235000352,8,30,-22
235000353,0,20,-20
235000354,14,4,10
235000355,2,38,-36
235000356,63,2,61
235000357,29,9,20
235000358,26,2,24
235000359,15,16,-1
235000360,49,7,42
235000361,90,1,89
235000381,101,58,43
235000382,197,20,177
235000390,8,7,1
235000391,234,18,216
235000392,178,162,16
235000393,183,132,51
235000395,77,45,32
235000396,527,40,487
235000400,61,115,-54
235000401,29,126,-97
235000405,144,61,83
235000406,35,54,-19
235000407,72,37,35
235000409,174,32,142
235000410,47,85,-38
235000411,0,54,-54
235000485,0,4,-4
235000486,7,0,7
235000549,101,124,-23
235000550,62,56,6
235000599,163,13,150
235000600,2,5,-3
235000601,11,17,-6
235000602,146,94,52
235000614,2,5,-3
235000648,0,2,-2
235000649,34,4,30
235000685,0,0,0
235000815,4,4,0
235000834,0,13,-13
235000855,50,34,16
235000862,7,32,-25
235000891,0,7,-7
235000892,1,0,1
235000901,25,38,-13
235000907,1,13,-12
235001010,186,81,105
235001029,129,96,33
235001030,188,34,154
235001078,97,58,39
235001079,53,16,37
235001147,50,93,-43
235001166,28,19,9
235001167,42,8,34
235001169,83,193,-110
235001188,0,15,-15
235001189,2,10,-8
235001197,0,12,-12
235001200,23,15,8
235001207,679,72,607
235001210,39,113,-74
235001215,24,39,-15
235001239,0,7,-7
235001244,0,7,-7
235016267,0,142,-142
277101746,0,0,0
277102712,5,1,4
277103813,0,1,-1
277103814,0,0,0
277103898,0,1,-1
277104249,0,1,-1
277104250,0,28,-28
277104251,0,4,-4
277104252,0,4,-4
990011530,0,234,-234
990014944,0,101,-101
990015176,14,2,12
990015618,1,88,-87
990016032,0,82,-82
990032570,2,22,-20
990070001,87,8,79
990070103,0,2,-2
990070601,0,6,-6
990070751,2831,1,2830
990070766,0,109,-109
990071180,370,115,255
990071343,6,0,6
990071387,0,2,-2
990071823,590,12,578
990072600,0,340,-340
990072964,1,78,-77
990073285,0,4,-4
990074393,0,201,-201
990074870,2617,13,2604
990075106,526,1,525
990075746,570,4,566
990076437,6239,9,6230
990076458,1,281,-280
997000007,246,33,213
997000041,2,129,-127
997000058,97,0,97
997000062,61,17,44
997000069,0,2,-2
997000070,0,11,-11
997000100,186,0,186
997000141,0,191,-191
997000198,7,304,-297
998000475,0,0,0
998000736,0,44,-44
998000965,0,81,-81
998001031,0,56,-56
998001700,0,37,-37
998001899,0,0,0
998001900,4,0,4
998003073,1861,69,1792
998101900,0,0,0
998102850,1,65,-64
998501927,263,738,-475
998501929,168,12,156
998501930,57,0,57
998501931,169,7,162
998501932,34,0,34
998501933,20,0,20
998501937,127,41,86
998501944,3,1,2
998501950,0,2,-2
998501970,328,4,324
998501971,0,27,-27
998501973,0,1,-1
998501974,1,95,-94
998501975,123,1,122
998501976,428,1,427
998501977,0,20,-20
998501978,32,37,-5
998501979,0,2,-2
998501980,195,5,190
998501981,72,0,72
998501982,0,97,-97
998501983,0,2,-2
998502024,0,4,-4
998502032,0,0,0
998502062,4,0,4
998502063,0,0,0
998502173,17,1,16
998502269,0,0,0
998502546,1,315,-314
998502578,2,1,1
998502599,11,1001,-990
998601159,1,17,-16
998601292,0,21,-21
999033574,0,167,-167
999800001,92,21,71
999800002,0,0,0
999800003,0,1,-1
999800004,0,1,-1
999800005,0,23,-23
