ID,insum,outsum,diff
100000001,263,147,116
100000002,500,160,340
100000003,1683,514,1169
100000004,327,87,240
100000005,315,605,-290
100000006,33,15,18
100000007,75,106,-31
100000008,30,197,-167
100000009,7,39,-32
100000010,1,9,-8
100000011,67,12,55
100000012,19,247,-228
100000013,7,39,-32
100000014,66,127,-61
100000015,101,141,-40
100000016,232,394,-162
100000017,122,373,-251
100000018,335,141,194
100000019,1438,506,932
100000020,250,329,-79
100000021,2037,424,1613
100000022,198,203,-5
100000023,1598,177,1421
100000025,782,168,614
100000028,365,212,153
100000029,55,50,5
100000030,112,8,104
100000031,848,648,200
100000032,825,688,137
100000033,189,592,-403
100000034,318,175,143
100000035,375,186,189
100000036,407,181,226
100000037,101,108,-7
100000038,181,137,44
100000039,70,35,35
100000040,38,15,23
100000041,83,89,-6
100000042,55,76,-21
100000043,66,44,22
100000044,67,226,-159
100000045,136,480,-344
100000046,98,437,-339
100000047,54,333,-279
100000048,102,303,-201
100000049,475,953,-478
100000051,77,506,-429
100000053,5,2,3
100000054,14,5,9
100000055,90,119,-29
100000056,59,121,-62
100000057,238,148,90
100000058,166,533,-367
100000059,1,25,-24
100000060,40,70,-30
100000061,208,97,111
100000062,146,135,11
100000063,78,76,2
100000064,97,166,-69
100000065,102,430,-328
100000066,35,327,-292
100000067,81,292,-211
100000068,108,453,-345
100000069,60,575,-515
100000072,143,420,-277
100000073,283,432,-149
100000075,165,104,61
100000076,466,343,123
100000077,118,10,108
100000078,35,13,22
100000079,15,9,6
100000080,1,3,-2
100000081,9,3,6
100000102,330,272,58
100000103,849,264,585
100000104,1006,321,685
100000105,979,152,827
100000106,304,245,59
100000107,82,88,-6
100000108,288,470,-182
100000109,992,432,560
100000116,332,181,151
100000117,7,2,5
100000118,414,518,-104
100000119,126,325,-199
100000121,24,204,-180
100000122,178,266,-88
100000123,1400,1303,97
100000124,3964,1381,2583
100000125,1047,144,903
100000126,149,72,77
100000127,421,87,334
100000128,241,279,-38
100000129,121,151,-30
100000130,141,233,-92
100000131,1596,849,747
100000132,630,366,264
100000133,3125,1019,2106
100000135,101,320,-219
100000139,32,437,-405
100000140,26,76,-50
100000142,67,100,-33
100000143,769,503,266
100000144,1577,576,1001
100000147,220,632,-412
100000150,4,129,-125
100000151,85,138,-53
100000153,40,30,10
100000154,5,22,-17
100000155,0,3,-3
100000156,5,11,-6
100000157,12,111,-99
100000158,21,71,-50
100000159,75,102,-27
100000165,396,199,197
100000169,80,75,5
100000174,355,105,250
100000179,21,220,-199
100000180,104,267,-163
100000181,23,82,-59
100000188,15,103,-88
100000189,67,68,-1
100000190,104,75,29
100000191,204,124,80
100000192,18,28,-10
100000193,16,32,-16
100000330,529,191,338
100000355,29,174,-145
100000362,1244,1006,238
100000363,455,752,-297
100000364,179,362,-183
100000365,1442,3696,-2254
100000366,1650,793,857
100000367,882,1596,-714
100000368,663,578,85
100000369,87,207,-120
100000370,32,142,-110
100000376,21,20,1
100000379,434,213,221
100000380,675,496,179
100000384,1740,615,1125
100000385,1215,1039,176
100000386,1639,600,1039
100000387,1696,936,760
100000388,3682,964,2718
100000389,3035,904,2131
100000390,3872,891,2981
100000391,2166,744,1422
100000392,1164,312,852
100000393,313,308,5
100000394,1527,776,751
100000395,711,271,440
100000396,1208,448,760
100000397,662,349,313
100000398,5164,3062,2102
100000413,2,0,2
100900002,0,0,0
100900003,24,34,-10
100900004,9,449,-440
100900005,6,2,4
100900006,0,0,0
100900007,4,0,4
100900008,1,254,-253
100900009,1,5,-4
100900010,0,0,0
100900011,4,100,-96
100900012,1,93,-92
100900013,62,2,60
100900014,0,0,0
100900015,18,6,12
100900016,0,1,-1
100900017,64,20,44
100900018,0,0,0
100900019,0,0,0
100900020,14,0,14
100900021,177,0,177
100900022,0,0,0
100900023,0,0,0
100900024,15,0,15
100900025,0,0,0
100900026,1,43,-42
100900027,71,362,-291
100900028,4,30,-26
100900029,10,0,10
100900030,0,0,0
100900031,30,0,30
100900032,40,0,40
100900033,40,33,7
100900034,45,0,45
100900035,19,0,19
100900036,0,0,0
100900037,1,132,-131
100900038,5,3,2
100900039,78,284,-206
100900040,64,418,-354
100900041,14,420,-406
100900042,70,12,58
100900043,0,0,0
100900044,437,35,402
100900045,0,0,0
100900046,105,1,104
100900047,1,0,1
100900048,13,1,12
100900049,3,55,-52
100900050,0,3,-3
100900051,5,6,-1
100900052,7,3,4
100900053,48,0,48
100900054,0,20,-20
100900055,11,16,-5
100900056,0,12,-12
100900057,50,79,-29
100900058,7,4,3
100900059,4,0,4
100900060,15,7,8
100900061,54,41,13
100900062,0,11,-11
100900063,20,71,-51
100900064,93,3,90
100900065,4,12,-8
100900066,7,17,-10
100900067,0,0,0
100900068,3,27,-24
100900069,11,0,11
100900070,59,0,59
100900071,117,26,91
100900072,0,9,-9
100900073,17,185,-168
100900074,0,0,0
100900075,1043,50,993
100900076,0,5,-5
100900077,0,0,0
100900078,11,20,-9
100900079,0,8,-8
100900080,0,0,0
100900081,0,6,-6
100900082,2,240,-238
100900083,0,17,-17
100900085,0,11,-11
100900086,5,40,-35
100900088,3,188,-185
100900089,0,8,-8
100900090,13,112,-99
100900091,0,0,0
100900092,8,9,-1
100900093,32,16,16
100900094,4,153,-149
100900095,1,0,1
100900096,1,37,-36
100900097,0,0,0
100900098,0,7,-7
100900099,2,148,-146
100900100,0,23,-23
100900101,81,4,77
100900102,0,6,-6
100900103,0,3,-3
100900104,1,37,-36
100900105,0,14,-14
100900106,9,0,9
100900107,429,75,354
100900108,0,4,-4
100900109,0,9,-9
100900110,0,0,0
100900111,15,47,-32
100900112,0,0,0
100900113,0,2,-2
100900114,0,3,-3
100900115,0,0,0
100900116,121,22,99
100900117,33,70,-37
100900118,0,7,-7
100900119,2,1,1
100900120,0,0,0
100900121,34,20,14
100900122,54,54,0
100900123,0,4,-4
100900124,0,0,0
100900125,1,12,-11
100900126,0,7,-7
100900127,0,2,-2
100900128,19,45,-26
100900129,0,3,-3
100900131,18,11,7
100900133,0,1,-1
100900134,0,3,-3
100900135,0,16,-16
100900137,143,31,112
100900138,22,25,-3
100900139,0,1,-1
100900140,0,284,-284
100900141,0,15,-15
100900142,0,0,0
100900143,271,56,215
100900144,1,0,1
100900145,0,26,-26
100900146,0,0,0
100900147,0,47,-47
100900148,6,387,-381
100900149,1,6,-5
100900150,0,0,0
100900151,30,157,-127
100900152,0,0,0
100900153,0,41,-41
100900154,0,1,-1
100900155,0,1,-1
100900156,0,0,0
100900157,0,21,-21
100900159,0,0,0
100900160,1,1,0
100900161,0,0,0
100900162,1,33,-32
100900163,11,65,-54
100900164,1,0,1
100900165,4,7,-3
100900166,0,0,0
100900167,0,13,-13
100900168,0,14,-14
100900169,75,632,-557
100900170,0,0,0
100900171,1,315,-314
100900172,0,1,-1
100900173,0,248,-248
100900174,1,0,1
100900176,239,9,230
100900177,288,36,252
100900178,0,16,-16
100900179,6,6,0
100900180,0,0,0
100900181,0,0,0
100900182,0,0,0
100900184,0,0,0
100900186,224,68,156
100900187,0,41,-41
100900188,8,0,8
100900189,101,12,89
100900191,322,99,223
100900192,67,23,44
100900195,7,30,-23
100900197,0,0,0
100900198,3,42,-39
100900199,0,0,0
100900200,171,84,87
100900201,3,289,-286
100900202,1,0,1
100900203,0,22,-22
100900204,15,19,-4
100900205,26,48,-22
100900206,19,7,12
100900207,13,40,-27
100900210,12,274,-262
100900211,30,4,26
100900213,4,4,0
100900214,169,22,147
100900215,0,3,-3
100900217,20,10,10
101000001,1356,603,753
101000002,1541,803,738
101000003,236,220,16
101000004,3797,1231,2566
101000005,982,980,2
101000006,3514,1952,1562
101000007,1089,849,240
101000008,1201,878,323
101000009,421,761,-340
101000010,224,422,-198
101000011,594,108,486
101000012,244,81,163
101000013,164,206,-42
101000014,82,81,1
101000015,299,331,-32
101000016,61,143,-82
101000017,155,164,-9
101000018,834,792,42
101000020,1358,372,986
101000021,156,54,102
101000022,145,23,122
101000023,467,333,134
101000025,44,44,0
101000026,163,9,154
101000027,623,626,-3
101000028,458,89,369
101000029,1,116,-115
101000030,189,29,160
101000031,113,41,72
101000032,1077,656,421
101000033,731,371,360
101000034,637,308,329
101000035,338,91,247
101000036,471,125,346
101000037,1186,309,877
101000039,922,190,732
101000040,1283,639,644
101000041,1208,354,854
101000042,131,139,-8
101000043,1336,741,595
101000045,186,38,148
101000046,635,303,332
101000047,335,271,64
101000048,136,94,42
101000049,159,204,-45
101000050,279,153,126
101000051,466,367,99
101000052,753,169,584
101000053,291,177,114
101000054,708,172,536
101000055,756,231,525
101000056,24,18,6
101000057,820,183,637
101000058,649,180,469
101000059,792,338,454
101000060,850,63,787
101000061,199,75,124
101000062,851,112,739
101000063,69,27,42
101000064,602,114,488
101000065,70,110,-40
101000066,28,21,7
101000067,207,95,112
101000068,101,73,28
101000069,167,20,147
101000070,630,273,357
101000071,724,226,498
101000072,402,719,-317
101000073,104,73,31
101000074,1512,557,955
101000075,3429,1294,2135
101000077,437,383,54
101000078,385,489,-104
101000079,197,1158,-961
101000080,380,797,-417
101000081,314,355,-41
101000082,1203,717,486
101000083,600,398,202
101000084,425,562,-137
101000085,549,225,324
101000086,740,545,195
101000087,520,477,43
101000088,250,228,22
101000089,209,305,-96
101000090,1041,551,490
101000091,99,466,-367
101000092,423,336,87
101000093,416,235,181
101000094,207,390,-183
101000095,72,310,-238
101000096,79,197,-118
101000097,89,122,-33
101000098,97,142,-45
101000099,315,302,13
101000100,226,187,39
101000101,82,85,-3
101000102,283,91,192
101000103,228,121,107
101000104,57,53,4
101000105,104,23,81
101000106,92,84,8
101000107,42,104,-62
101000108,435,77,358
101000109,36,34,2
101000110,4,180,-176
101000111,6,32,-26
101000113,28,91,-63
101000114,702,421,281
101000115,1,13,-12
101000116,6,12,-6
101000117,10,29,-19
101000119,72,8,64
101000120,127,5,122
101000121,18,4,14
101000122,28,15,13
101000123,8,17,-9
101000124,283,603,-320
101000125,111,130,-19
101000128,169,111,58
101000130,217,107,110
101000131,183,283,-100
101000132,153,683,-530
101000135,60,5,55
101000136,82,67,15
101000137,16,59,-43
101000141,719,258,461
101000147,359,219,140
101000148,922,4,918
101000149,26,5,21
101000150,1,426,-425
101000151,7,42,-35
101000152,138,104,34
101000153,275,152,123
101000154,45,670,-625
101000155,39,42,-3
101000156,7,84,-77
101000157,14,2,12
101000160,0,5,-5
101000163,0,0,0
101000164,268,96,172
101000165,137,84,53
101000166,50,119,-69
101000168,151,74,77
101000252,215,202,13
101000254,100,10,90
101000258,54,32,22
101000261,137,83,54
101000262,121,315,-194
101000263,21,144,-123
101000265,16,107,-91
101000266,89,69,20
101000269,53,5,48
101000290,402,275,127
101000293,1,12,-11
101000294,225,154,71
101000295,72,162,-90
101000301,217,45,172
101000304,765,820,-55
101000305,704,492,212
101000328,33,111,-78
101900001,7,40,-33
101900002,0,4,-4
101900003,41,46,-5
101900004,1,4,-3
101900005,1753,204,1549
101900006,165,1,164
101900007,90,8,82
101900008,29,18,11
101900009,7,18,-11
101900010,275,75,200
101900011,57,33,24
101900012,9,4,5
101900013,370,16,354
101900017,9,24,-15
101900018,445,26,419
101900019,42,9,33
101900020,58,14,44
101900021,0,10,-10
101900022,9,377,-368
101900023,7,113,-106
101900026,9,11,-2
101900027,15,43,-28
102000001,514,1054,-540
102000002,765,356,409
102000003,1299,1001,298
102000004,2684,520,2164
102000005,712,614,98
102000006,695,261,434
102000007,792,1026,-234
102000008,2474,375,2099
102000009,1867,1988,-121
102000010,2402,876,1526
102000011,1118,896,222
102000012,829,885,-56
102000018,802,366,436
102000019,870,217,653
102000026,54,44,10
102000029,121,42,79
102000030,36,33,3
102000031,4,45,-41
102000032,75,100,-25
102000033,21,94,-73
102000034,82,70,12
102000035,164,77,87
102000036,2,53,-51
102000037,71,35,36
102000038,31,25,6
102000039,8,11,-3
102000040,114,24,90
102000041,13,34,-21
102000042,7,16,-9
102000043,37,55,-18
102000044,49,67,-18
102000045,156,269,-113
102000046,264,123,141
102000047,203,293,-90
102000048,37,145,-108
102000049,173,132,41
102000050,190,260,-70
102000051,90,117,-27
102000052,296,253,43
102000053,143,232,-89
102000054,149,270,-121
102000055,277,313,-36
102000056,140,171,-31
102000057,324,58,266
102000058,360,488,-128
102000059,395,433,-38
102000060,167,103,64
102000061,337,971,-634
102000062,174,248,-74
102000063,427,468,-41
102000064,245,242,3
102000065,9,50,-41
102000066,318,317,1
102000067,669,700,-31
102000068,2593,842,1751
102000069,8,417,-409
102000070,1382,30,1352
102000071,2429,3472,-1043
102000072,1341,2024,-683
102000073,68,271,-203
102000074,103,381,-278
102000075,27,111,-84
102000076,53,206,-153
102000077,70,543,-473
102000078,145,441,-296
102000079,44,140,-96
102000080,57,132,-75
102000081,68,292,-224
102000082,232,66,166
102000083,73,311,-238
102000084,47,87,-40
102000085,569,451,118
102000086,312,278,34
102000087,246,861,-615
102000088,90,62,28
102000089,147,158,-11
102000090,112,413,-301
102000091,426,198,228
102000092,208,253,-45
102000093,205,155,50
102000094,205,52,153
102000095,268,238,30
102000096,266,110,156
102000097,552,282,270
102000098,142,195,-53
102000099,242,153,89
102000100,165,106,59
102000101,191,89,102
102000102,91,194,-103
102000103,313,125,188
102000104,383,133,250
102000105,38,363,-325
102000106,132,391,-259
102000107,110,91,19
102000108,125,98,27
102000109,74,166,-92
102000110,105,407,-302
102000111,0,53,-53
102000112,56,15,41
102000113,0,11,-11
102000114,192,84,108
102000115,120,58,62
102000116,36,85,-49
102000117,26,178,-152
102000118,414,319,95
102000119,979,173,806
102000120,21,113,-92
102000121,139,187,-48
102000122,53,137,-84
102000123,414,206,208
102000124,251,256,-5
102000125,246,141,105
102000126,115,196,-81
102000127,316,189,127
102000128,184,225,-41
102000129,203,304,-101
102000130,128,172,-44
102000131,128,197,-69
102000132,66,118,-52
102000133,250,879,-629
102000134,140,191,-51
102000135,432,163,269
102000136,318,58,260
102000137,125,168,-43
102000138,47,121,-74
102000139,7,114,-107
102000140,70,71,-1
102000141,41,239,-198
102000142,23,137,-114
102000143,10,165,-155
102000144,22,137,-115
102000145,38,84,-46
102000146,58,129,-71
102000147,49,50,-1
102000148,29,48,-19
102000149,31,166,-135
102000150,27,47,-20
102000151,14,76,-62
102000152,23,29,-6
102000153,153,59,94
102000154,73,140,-67
102000155,47,75,-28
102000156,94,11,83
102000157,9,39,-30
102000158,95,44,51
102000159,567,26,541
102000161,1308,205,1103
102000162,63,61,2
102000163,21,62,-41
102000164,215,48,167
102000165,107,37,70
102000166,9,71,-62
102000167,56,42,14
102000168,33,67,-34
102000169,28,66,-38
102000170,317,39,278
102000171,29,18,11
102000172,13,45,-32
102000173,104,62,42
102000174,5,26,-21
102000175,9,10,-1
102000176,3,4,-1
102000178,66,191,-125
102000179,58,85,-27
102000180,88,207,-119
102000181,57,280,-223
102000182,172,346,-174
102000183,199,404,-205
102000184,243,380,-137
102000185,186,302,-116
102000186,215,726,-511
102000187,124,628,-504
102000188,52,270,-218
102000189,981,278,703
102000190,139,266,-127
102000191,394,64,330
102000192,268,338,-70
102000193,11,58,-47
102000194,18,58,-40
102000195,81,226,-145
102000196,9,206,-197
102000197,65,235,-170
102000198,25,300,-275
102000199,92,153,-61
102000200,53,361,-308
102000201,78,224,-146
102000202,1,30,-29
102000203,30,87,-57
102000204,42,179,-137
102000205,97,137,-40
102000206,103,207,-104
102000207,80,97,-17
102000208,48,142,-94
102000209,21,22,-1
102000210,17,313,-296
102000211,56,137,-81
102000212,9,2,7
102000213,1,117,-116
102000214,17,3,14
102000215,3,213,-210
102000216,1,4,-3
102000217,2,104,-102
102000218,12,8,4
102000219,125,128,-3
102000225,95,33,62
102000226,84,41,43
102000227,8,0,8
102000228,0,42,-42
102000229,1,9,-8
102000230,55,158,-103
102000231,66,163,-97
102000232,1,30,-29
102000233,118,141,-23
102000234,6,82,-76
102000236,140,28,112
102000237,116,47,69
102000238,66,55,11
102000240,291,288,3
102000241,86,28,58
102000243,4,8,-4
102000245,5,41,-36
102000246,4,5,-1
102000247,577,239,338
102000248,296,286,10
102000249,38,57,-19
102000250,11,176,-165
102000254,11,126,-115
102000266,4,60,-56
102000271,3,2,1
102000286,56,81,-25
102000297,395,184,211
102000301,0,0,0
102000303,0,0,0
102000305,0,1,-1
102000307,0,1,-1
102900001,161,131,30
102900002,52,0,52
102900003,9,138,-129
102900005,14,50,-36
102900006,46,14,32
102900007,54,3,51
102900008,18,7,11
102900009,0,0,0
102900010,26,123,-97
102900011,627,84,543
102900012,76,16,60
102900013,0,0,0
102900015,144,39,105
102900016,0,0,0
102900017,0,0,0
102900018,0,0,0
102900019,18,63,-45
102900020,30,11,19
102900021,0,0,0
102900022,67,28,39
102900023,0,0,0
102900024,3,5,-2
102900025,0,0,0
102900026,83,207,-124
102900027,6,5,1
102900028,7,62,-55
102900029,15,22,-7
102900030,29,28,1
102900031,18,23,-5
102900032,6,41,-35
102900033,0,0,0
102900034,20,28,-8
102900035,15,214,-199
102900036,15,153,-138
102900037,27,161,-134
102900038,70,101,-31
102900039,3,72,-69
102900040,20,35,-15
102900041,4,56,-52
102900042,34,150,-116
102900043,33,119,-86
102900044,87,669,-582
102900045,7,228,-221
102900046,25,108,-83
102900047,15,231,-216
102900048,126,308,-182
102900049,10,148,-138
102900050,24,112,-88
102900051,27,44,-17
102900053,67,211,-144
102900054,73,154,-81
102900055,0,0,0
102900056,17,131,-114
102900057,0,0,0
102900058,94,5,89
102900059,0,0,0
102900060,8,127,-119
102900061,17,155,-138
102900062,13,612,-599
102900063,55,61,-6
102900064,11,53,-42
102900065,187,78,109
102900066,27,1,26
102900068,9,29,-20
102900070,12,211,-199
102900072,1,5,-4
102900073,30,1,29
102900075,0,0,0
102900076,0,0,0
102900077,0,0,0
102900078,0,0,0
102900079,15,1,14
102900080,12,3,9
102900081,19,71,-52
102900082,2,69,-67
102900083,0,0,0
102900084,0,0,0
102900085,0,0,0
102900086,0,0,0
102900087,5,13,-8
102900088,1,9,-8
102900089,57,31,26
102900090,1,200,-199
102900091,15,1,14
102900092,39,383,-344
102900094,0,18,-18
102900095,6,0,6
102900096,5,4,1
102900097,2,46,-44
103000001,823,1030,-207
103000002,566,666,-100
103000003,1011,887,124
103000004,338,231,107
103000005,574,532,42
103000006,227,444,-217
103000007,127,307,-180
103000008,195,475,-280
103000009,87,167,-80
103000010,78,105,-27
103000011,689,273,416
103000012,411,309,102
103000013,2501,766,1735
103000014,428,287,141
103000015,886,404,482
103000016,152,192,-40
103000017,19,30,-11
103000018,280,110,170
103000019,24,15,9
103000020,460,458,2
103000021,197,306,-109
103000022,429,594,-165
103000023,88,331,-243
103000024,58,61,-3
103000025,30,33,-3
103000026,672,38,634
103000027,96,51,45
103000028,237,84,153
103000029,195,40,155
103000030,1105,130,975
103000031,498,262,236
103000032,1082,594,488
103000033,757,558,199
103000034,703,262,441
103000035,140,392,-252
103000036,153,94,59
103000037,293,141,152
103000038,196,237,-41
103000039,55,207,-152
103000040,58,351,-293
103000041,667,1138,-471
103000042,287,304,-17
103000043,68,433,-365
103000044,44,106,-62
103000046,103,63,40
103000047,74,153,-79
103000048,71,27,44
103000049,28,40,-12
103000050,101,232,-131
103000051,78,105,-27
103000052,180,174,6
103000053,26,103,-77
103000054,513,370,143
103000055,406,424,-18
103000056,221,787,-566
103000057,179,114,65
103000058,103,331,-228
103000059,107,255,-148
103000060,293,306,-13
103000061,124,201,-77
103000062,336,365,-29
103000063,180,218,-38
103000064,72,124,-52
103000065,0,150,-150
103000066,22,7,15
103000069,41,116,-75
103000070,128,539,-411
103000071,139,103,36
103000072,30,337,-307
103000073,47,16,31
103000074,79,7,72
103000075,81,320,-239
103000076,30,17,13
103000077,11,138,-127
103000078,350,37,313
103000079,439,117,322
103000080,316,37,279
103000081,109,206,-97
103000082,57,27,30
103000083,19,128,-109
103000084,0,0,0
103000085,0,19,-19
103000086,169,54,115
103000087,36,100,-64
103000088,143,102,41
103000089,67,69,-2
103000090,528,466,62
103000091,136,135,1
103000092,45,120,-75
103000093,118,269,-151
103000094,26,42,-16
103000095,3,149,-146
103000096,117,28,89
103000097,5,245,-240
103000098,393,9,384
103000099,52,186,-134
103000100,13,346,-333
103000101,99,56,43
103000102,35,280,-245
103000103,69,98,-29
103000104,1,56,-55
103000105,22,40,-18
103000106,1,74,-73
103000107,88,31,57
103000108,208,313,-105
103000109,162,192,-30
103000110,215,130,85
103000111,182,161,21
103000112,69,102,-33
103000113,66,260,-194
103000114,165,92,73
103000115,131,217,-86
103000116,131,196,-65
103000117,63,205,-142
103000118,351,353,-2
103000119,849,335,514
103000120,30,42,-12
103000121,124,334,-210
103000122,63,53,10
103000125,0,232,-232
103000126,45,1,44
103000127,2,148,-146
103000128,33,0,33
103000129,0,98,-98
103000130,10,5,5
103000131,83,40,43
103000132,50,7,43
103000133,0,106,-106
103000134,200,113,87
103000135,257,42,215
103000136,278,108,170
103000137,92,113,-21
103000138,138,83,55
103000139,0,17,-17
103000140,46,2,44
103000141,1,32,-31
103000142,29,8,21
103000143,7,61,-54
103000144,40,9,31
103000145,0,20,-20
103000150,27,42,-15
103000152,76,108,-32
103000153,40,57,-17
103000156,0,281,-281
103000157,62,0,62
103000159,33,21,12
103000162,10,3,7
103000163,0,6,-6
103000164,6,0,6
103000165,47,131,-84
103000166,18,17,1
103000167,24,48,-24
103000168,20,76,-56
103000169,23,27,-4
103000170,245,165,80
103000171,3,26,-23
103000172,47,128,-81
103000173,65,298,-233
103000174,53,129,-76
103000175,63,294,-231
103000176,214,46,168
103000177,253,164,89
103000178,136,101,35
103000179,10,8,2
103000183,5,16,-11
103000185,22,17,5
103000186,21,68,-47
103000187,58,281,-223
103000188,2,31,-29
103000189,195,470,-275
103000191,105,131,-26
103000292,904,141,763
103000293,612,162,450
103000295,7,26,-19
103000296,14,4,10
103000297,6,0,6
103000504,62,6,56
103000505,6,2,4
103000506,1,70,-69
103000507,51,1,50
103000508,50,8,42
103000509,77,231,-154
103900001,2,75,-73
103900002,504,38,466
103900003,397,57,340
103900004,1,0,1
103900005,1,106,-105
103900006,0,3,-3
103900007,0,0,0
103900008,0,0,0
103900009,34,70,-36
103900010,30,94,-64
103900011,12,83,-71
103900012,1,5,-4
103900013,0,55,-55
103900014,5,3,2
103900015,2,6,-4
103900016,80,114,-34
103900017,3,52,-49
103900018,276,29,247
103900019,3,33,-30
103900020,10,36,-26
103900021,0,25,-25
103900022,118,180,-62
103900023,10,0,10
103900024,26,190,-164
103900025,1,6,-5
103900026,0,0,0
103900027,24,52,-28
103900028,2,79,-77
103900029,140,67,73
103900030,4,2,2
103900031,1,0,1
103900032,6,4,2
103900033,0,0,0
103900034,0,79,-79
103900035,5,10,-5
103900036,4,3,1
103900037,3,9,-6
103900038,2,16,-14
103900039,2,183,-181
103900040,2,88,-86
103900041,2,7,-5
103900042,20,215,-195
103900043,18,18,0
103900044,23,23,0
103900045,32,21,11
103900047,5,10,-5
103900048,6,4,2
103900049,80,344,-264
103900050,1,34,-33
103900051,0,11,-11
103900052,27,185,-158
103900053,37,392,-355
103900054,10,250,-240
103900055,48,65,-17
103900056,14,30,-16
103900057,0,115,-115
103900058,11,289,-278
103900059,0,0,0
103900060,2,44,-42
103900061,2,10,-8
103900062,10,15,-5
103900063,0,0,0
103900064,6,0,6
103900065,223,65,158
103900066,10,0,10
103900067,2,1,1
103900068,0,0,0
103900069,0,1,-1
103900070,16,55,-39
103900071,7,89,-82
103900072,1,117,-116
103900073,2,2,0
103900074,3,35,-32
103900075,21,12,9
103900076,65,239,-174
103900077,11,7,4
103900078,14,42,-28
103900079,18,59,-41
103900080,1,3,-2
103900081,0,0,0
103900082,2,21,-19
103900083,599,28,571
103900084,7,23,-16
103900085,15,24,-9
103900086,41,97,-56
103900088,66,48,18
103900089,15,37,-22
103900090,0,37,-37
103900091,239,57,182
103900092,35,159,-124
103900093,29,121,-92
103900094,5,54,-49
103900095,16,43,-27
103900096,2,112,-110
103900097,0,208,-208
103900098,40,17,23
103900099,0,89,-89
103900100,12,135,-123
103900101,27,301,-274
103900102,1,13,-12
103900104,0,8,-8
103900105,17,51,-34
103900106,0,5,-5
103900107,1,54,-53
103900108,16,174,-158
103900109,6,13,-7
103900110,29,13,16
103900111,5,257,-252
103900112,3,6,-3
103900113,20,79,-59
103900114,154,89,65
103900115,67,13,54
103900116,1829,139,1690
103900117,187,50,137
103900119,2,10,-8
103900120,4,23,-19
103900122,6,154,-148
103900123,369,105,264
103900124,5,279,-274
103900125,21,45,-24
103900126,81,107,-26
103900127,12,240,-228
103900128,5,95,-90
103900131,4,40,-36
103900133,101,1,100
103900134,0,0,0
103900135,1,1,0
103900137,0,7,-7
103900138,1,43,-42
103900139,31,183,-152
103900140,0,0,0
103900141,37,17,20
103900142,4,20,-16
103900143,7,0,7
103900144,0,14,-14
103900145,29,154,-125
103900146,39,98,-59
103900147,55,37,18
103900148,15,70,-55
103900149,6,252,-246
103900150,1936,284,1652
103900151,2,38,-36
103900152,18,275,-257
103900153,1,0,1
103900154,375,117,258
103900155,6,58,-52
103900156,1,36,-35
103900157,2,67,-65
103900158,3,53,-50
103900159,4,13,-9
103900160,2,6,-4
103900161,3,46,-43
103900162,29,56,-27
103900163,3,143,-140
103900167,0,8,-8
103900168,4,32,-28
103900169,1,8,-7
103900170,0,16,-16
103900171,0,18,-18
103900172,0,9,-9
103900173,3,1,2
103900174,9,8,1
103900175,11,2,9
103900176,2,4,-2
103900177,4,7,-3
103900178,7,22,-15
103900179,2,45,-43
103900180,0,39,-39
103900181,10,9,1
103900182,8,2,6
103900184,131,4,127
103900185,45,10,35
103900187,17,2,15
103900188,4,1,3
103900189,12,2,10
103900190,7,18,-11
103900191,3,11,-8
103900192,5,18,-13
103900193,44,35,9
103900194,10,109,-99
103900195,2,3,-1
103900196,0,1,-1
103900197,0,9,-9
103900198,0,15,-15
103900199,16,30,-14
103900200,10,36,-26
103900201,9,79,-70
103900202,0,24,-24
103900203,4,3,1
103900204,0,36,-36
103900207,0,39,-39
103900208,4,0,4
103900209,0,37,-37
103900210,1,11,-10
103900211,37,155,-118
103900212,3,180,-177
103900213,26,104,-78
103900214,3,3,0
103900215,460,79,381
103900216,1,152,-151
103900217,1,4,-3
103900218,0,63,-63
103900219,7,62,-55
103900233,2,1,1
103900235,4,4,0
103900236,5,0,5
103900242,2,0,2
103900243,1,2,-1
103900244,4,96,-92
103900245,4,58,-54
103900246,6,3,3
103900247,10,36,-26
103900248,1,4,-3
103900249,1,2,-1
103900250,4,1,3
103900251,0,4,-4
103900253,13,1,12
103900254,0,1,-1
103900255,1,2,-1
103900256,0,7,-7
103900257,12,10,2
103900258,12,0,12
103900259,40,0,40
103900261,0,1,-1
103900262,1,0,1
103900263,13,23,-10
103900264,12,0,12
103900265,9,6,3
103900266,1,11,-10
103900267,0,25,-25
103900268,1,71,-70
103900269,20,11,9
103900270,2,44,-42
103900271,8,75,-67
103900272,0,0,0
103900273,0,0,0
103900274,0,0,0
103900275,0,0,0
103900276,0,0,0
103900277,0,0,0
103900278,0,0,0
103900279,0,0,0
103900280,0,0,0
104000001,458,760,-302
104000002,636,983,-347
104000003,784,907,-123
104000004,1568,989,579
104000005,440,671,-231
104000006,921,1022,-101
104000007,1400,1340,60
104000008,112,248,-136
104000009,52,117,-65
104000010,7,61,-54
104000011,232,283,-51
104000012,35,223,-188
104000013,10,44,-34
104000014,83,359,-276
104000015,27,24,3
104000016,86,201,-115
104000018,127,42,85
104000019,94,42,52
104000020,41,390,-349
104000021,72,356,-284
104000022,38,125,-87
104000023,128,123,5
104000024,49,119,-70
104000026,9,43,-34
104000027,58,153,-95
104000028,68,157,-89
104000029,116,313,-197
104000030,54,154,-100
104000031,115,71,44
104000032,51,163,-112
104000033,78,73,5
104000034,103,212,-109
104000035,105,139,-34
104000036,111,172,-61
104000037,106,124,-18
104000038,120,71,49
104000039,44,231,-187
104000040,141,249,-108
104000041,107,95,12
104000042,94,234,-140
104000043,60,185,-125
104000044,85,390,-305
104000045,220,563,-343
104000046,315,498,-183
104000047,149,532,-383
104000048,419,821,-402
104000049,78,79,-1
104000050,47,189,-142
104000051,48,378,-330
104000052,250,517,-267
104000053,243,235,8
104000054,38,116,-78
104000055,1229,709,520
104000056,789,114,675
104000057,59,350,-291
104000058,279,278,1
104000059,86,392,-306
104000060,104,405,-301
104000061,229,337,-108
104000062,52,130,-78
104000064,188,62,126
104000065,23,134,-111
104000069,357,101,256
104000070,11,71,-60
104000071,92,226,-134
104000072,106,119,-13
104000075,9,47,-38
104000076,72,3,69
104000082,595,622,-27
104000083,230,46,184
104000084,36,223,-187
104000085,45,62,-17
104000086,58,207,-149
104000087,65,159,-94
104000090,140,582,-442
104000092,122,937,-815
104000094,182,804,-622
104000095,628,613,15
104000096,108,61,47
104000097,210,205,5
104000098,141,366,-225
104000100,138,182,-44
104000101,377,613,-236
104000106,166,254,-88
104000107,81,219,-138
104000108,70,193,-123
104000109,65,10,55
104000110,342,325,17
104000111,1475,366,1109
104000112,690,187,503
104000116,0,713,-713
104000117,7,321,-314
104000118,46,104,-58
104000119,43,97,-54
104000120,6,311,-305
104000121,58,209,-151
104000122,154,271,-117
104000123,211,419,-208
104000124,530,845,-315
104000125,1700,724,976
104000126,48,171,-123
104000127,668,1394,-726
104000128,212,183,29
104000129,169,12,157
104000130,3,73,-70
104000131,535,351,184
104000132,358,580,-222
104000133,370,364,6
104000134,298,489,-191
104000135,134,223,-89
104000136,306,481,-175
104000137,624,61,563
104000138,688,137,551
104000139,3575,1018,2557
104000141,631,857,-226
104000142,210,408,-198
104000143,181,551,-370
104000144,4,50,-46
104000145,51,38,13
104000146,202,278,-76
104000147,40,144,-104
104000148,25,28,-3
104000149,114,173,-59
104000150,115,108,7
104000151,116,295,-179
104000152,117,461,-344
104000153,22,144,-122
104000154,491,367,124
104000155,51,102,-51
104000157,483,834,-351
104000158,69,120,-51
104000159,97,109,-12
104000160,697,441,256
104000161,57,20,37
104000162,18,39,-21
104000165,289,218,71
104000167,77,122,-45
104000168,90,1,89
104000169,0,0,0
104000170,389,90,299
104000248,2,283,-281
104000251,22,118,-96
104000272,4,0,4
104000273,3,1,2
104000274,2,0,2
104000275,6,1,5
104000279,237,228,9
104000290,13,175,-162
104000291,446,392,54
104000293,145,191,-46
104000294,0,0,0
104000295,126,380,-254
104000296,174,304,-130
104000297,368,617,-249
104000298,638,334,304
104000299,214,517,-303
104000302,67,83,-16
104000303,79,112,-33
104900001,7,38,-31
104900002,3,8,-5
104900003,9,127,-118
104900004,16,152,-136
104900005,18,39,-21
104900006,12,13,-1
104900007,25,68,-43
104900009,12,101,-89
104900010,1,2,-1
104900011,0,0,0
104900012,5,0,5
104900013,14,0,14
104900014,397,30,367
104900015,7,1,6
104900016,13,184,-171
104900017,0,57,-57
104900018,1,53,-52
104900019,19,69,-50
104900020,6,86,-80
104900021,0,0,0
104900022,2,38,-36
104900023,0,0,0
104900024,3,48,-45
104900025,12,85,-73
104900026,0,0,0
104900027,21,14,7
104900028,5,55,-50
104900029,0,0,0
104900030,38,6,32
104900031,39,69,-30
104900032,9,42,-33
104900033,0,0,0
104900034,20,8,12
104900035,9,3,6
104900036,8,5,3
104900037,20,90,-70
104900038,79,23,56
104900039,0,0,0
104900040,5,3,2
104900041,0,0,0
104900042,36,124,-88
104900043,0,0,0
104900044,20,12,8
104900045,0,0,0
104900046,9,21,-12
104900047,14,9,5
104900048,4,7,-3
104900049,0,0,0
104900050,16,16,0
104900051,5,5,0
104900052,0,0,0
104900053,13,6,7
104900054,14,2,12
104900055,0,0,0
104900056,18,0,18
104900057,2,0,2
104900058,25,35,-10
104900059,0,0,0
104900060,8,133,-125
104900061,49,151,-102
104900063,1,49,-48
104900064,0,45,-45
104900065,1,50,-49
104900066,1,53,-52
104900067,0,112,-112
104900068,0,95,-95
104900070,10,137,-127
104900071,2,317,-315
104900072,1,62,-61
104900073,2,59,-57
104900074,22,66,-44
104900075,8,8,0
104900076,10,170,-160
104900077,192,4,188
104900078,33,296,-263
104900079,52,23,29
104900080,7,160,-153
104900082,0,54,-54
104900085,0,40,-40
104900087,17,1,16
104900089,0,0,0
104900090,31,23,8
104900091,99,142,-43
104900093,32,100,-68
104900097,917,305,612
104900098,5,7,-2
104900099,35,107,-72
104900100,187,35,152
104900102,7,46,-39
104900103,119,20,99
104900104,537,118,419
104900106,7,36,-29
104900107,10,140,-130
104900108,3,47,-44
104900109,3,5,-2
104900110,1,12,-11
104900111,15,27,-12
104900112,44,261,-217
104900113,77,130,-53
104900114,36,212,-176
104900115,43,182,-139
104900116,23,105,-82
104900118,2,15,-13
104900119,1,15,-14
104900120,0,0,0
104900121,0,0,0
104900122,0,0,0
104900123,0,0,0
104900124,0,0,0
104900125,15,0,15
104900126,25,11,14
104900127,1,2,-1
104900128,0,1,-1
104900129,501,134,367
105000001,462,629,-167
105000002,602,674,-72
105000003,1311,1512,-201
105000004,147,350,-203
105000005,428,583,-155
105000006,294,510,-216
105000007,240,422,-182
105000008,219,701,-482
105000009,310,710,-400
105000010,887,955,-68
105000011,467,545,-78
105000012,1452,1404,48
105000013,292,301,-9
105000014,354,510,-156
105000015,2511,1027,1484
105000016,1049,559,490
105000017,446,313,133
105000018,284,333,-49
105000019,471,255,216
105000020,39,188,-149
105000021,95,62,33
105000022,26,17,9
105000023,106,33,73
105000028,35,59,-24
105000029,111,219,-108
105000030,1552,1500,52
105000031,0,14,-14
105000033,464,948,-484
105000034,28,146,-118
105000037,274,148,126
105000038,175,231,-56
105000039,1265,815,450
105000040,62,177,-115
105000041,197,627,-430
105000042,368,219,149
105000043,757,1102,-345
105000044,54,89,-35
105000045,79,412,-333
105000046,121,116,5
105000047,129,626,-497
105000048,87,84,3
105000049,109,275,-166
105000050,19,48,-29
105000051,82,280,-198
105000052,47,320,-273
105000053,39,130,-91
105000054,36,332,-296
105000055,73,150,-77
105000056,149,885,-736
105000057,320,440,-120
105000058,354,579,-225
105000059,46,118,-72
105000060,89,250,-161
105000061,63,81,-18
105000062,220,450,-230
105000063,76,344,-268
105000064,107,147,-40
105000065,118,462,-344
105000066,208,760,-552
105000067,117,133,-16
105000068,257,340,-83
105000069,784,165,619
105000070,237,264,-27
105000071,26,65,-39
105000072,257,138,119
105000073,230,132,98
105000074,286,370,-84
105000075,141,246,-105
105000076,377,421,-44
105000077,668,321,347
105000078,527,443,84
105000079,467,694,-227
105000080,368,261,107
105000081,457,403,54
105000082,89,165,-76
105000083,185,145,40
105000084,175,424,-249
105000085,316,239,77
105000086,195,451,-256
105000087,729,833,-104
105000088,308,252,56
105000089,1223,1160,63
105000090,487,462,25
105000091,902,844,58
105000092,187,496,-309
105000093,163,85,78
105000094,74,67,7
105000095,40,182,-142
105000096,221,184,37
105000097,321,286,35
105000098,73,140,-67
105000099,172,379,-207
105000100,278,529,-251
105000101,527,851,-324
105000102,379,654,-275
105000103,384,735,-351
105000104,286,345,-59
105000105,137,550,-413
105000106,243,540,-297
105000107,142,273,-131
105000108,176,469,-293
105000109,274,514,-240
105000110,147,230,-83
105000111,95,267,-172
105000112,300,225,75
105000113,64,154,-90
105000114,1143,254,889
105000115,144,244,-100
105000116,83,92,-9
105000117,237,495,-258
105000118,37,90,-53
105000119,116,441,-325
105000120,76,186,-110
105000121,229,425,-196
105000122,63,99,-36
105000123,230,543,-313
105000124,178,331,-153
105000125,87,651,-564
105000126,414,795,-381
105000127,524,749,-225
105000128,87,478,-391
105000129,127,136,-9
105000130,19,180,-161
105000131,120,113,7
105000132,147,78,69
105000133,117,404,-287
105000134,68,106,-38
105000135,120,205,-85
105000136,34,114,-80
105000137,38,18,20
105000138,77,180,-103
105000139,264,482,-218
105000140,15,46,-31
105000141,42,226,-184
105000142,9,59,-50
105000143,27,213,-186
105000144,67,239,-172
105000145,50,84,-34
105000146,96,211,-115
105000147,48,16,32
105000148,89,38,51
105000149,87,57,30
105000150,448,514,-66
105000151,57,100,-43
105000152,25,221,-196
105000153,84,131,-47
105000154,118,327,-209
105000155,60,145,-85
105000156,153,340,-187
105000157,253,731,-478
105000158,330,269,61
105000159,150,547,-397
105000160,293,225,68
105000161,218,749,-531
105000162,81,240,-159
105000163,366,398,-32
105000164,84,69,15
105000165,346,616,-270
105000166,2378,81,2297
105000167,888,409,479
105000168,9,385,-376
105000169,78,209,-131
105000170,8,282,-274
105000171,329,116,213
105000172,1,0,1
105000173,2,0,2
105000174,0,0,0
105000175,14,51,-37
105000176,39,27,12
105000177,16,29,-13
105000178,14,83,-69
105000179,24,21,3
105000180,17,43,-26
105000181,3,54,-51
105000182,8,28,-20
105000183,756,306,450
105000184,464,294,170
105000185,121,122,-1
105000186,117,496,-379
105000187,72,76,-4
105000188,18,26,-8
105000189,34,308,-274
105000190,4,25,-21
105000191,100,199,-99
105000192,13,73,-60
105000193,36,34,2
105000194,79,27,52
105000195,55,400,-345
105000196,15,20,-5
105000197,32,262,-230
105000198,175,55,120
105000199,55,54,1
105000200,26,97,-71
105000201,23,17,6
105000203,4,186,-182
105000204,43,40,3
105000205,48,143,-95
105000207,194,95,99
105000208,0,1,-1
105000209,70,169,-99
105000211,26,5,21
105000212,217,529,-312
105000213,63,59,4
105000214,8,87,-79
105000215,12,56,-44
105000216,22,187,-165
105000217,31,138,-107
105000218,93,275,-182
105000221,24,80,-56
105000222,6,12,-6
105000223,42,59,-17
105000226,8,45,-37
105000227,3,19,-16
105000228,29,285,-256
105000229,12,97,-85
105000231,0,0,0
105000233,141,195,-54
105000234,220,456,-236
105000235,29,113,-84
105000237,54,9,45
105000243,2,13,-11
105000248,24,23,1
105000262,31,554,-523
105000269,23,40,-17
105000270,35,48,-13
105000271,0,137,-137
105000282,15,15,0
105000287,83,30,53
105000288,53,148,-95
105000289,145,269,-124
105000290,0,0,0
105000402,1438,541,897
105000426,135,169,-34
105000438,219,338,-119
105000440,2,11,-9
105000446,3336,1493,1843
105000447,2109,806,1303
105000454,32,356,-324
105000455,106,66,40
105000474,0,0,0
105000477,18,116,-98
105000478,235,358,-123
105000479,27,83,-56
105000480,408,457,-49
105000481,702,573,129
105000482,1482,970,512
105000483,337,369,-32
105000484,836,946,-110
105000485,480,562,-82
105000486,1024,974,50
105000488,939,881,58
105000489,165,259,-94
105000549,4,12,-8
105000550,181,428,-247
105000551,1,25,-24
105000552,1900,685,1215
105000555,215,210,5
105000556,15,9,6
105000557,10,123,-113
105900001,1,207,-206
105900002,678,68,610
105900003,3,15,-12
105900004,116,33,83
105900005,3,109,-106
105900006,0,18,-18
105900007,1,9,-8
105900008,0,268,-268
105900009,0,3,-3
105900011,8,22,-14
105900012,46,83,-37
105900013,0,2,-2
105900014,0,23,-23
105900015,25,116,-91
105900016,13,257,-244
105900017,108,25,83
105900018,66,76,-10
105900019,25,204,-179
105900020,5,25,-20
105900021,3,102,-99
105900022,34,124,-90
105900023,0,25,-25
105900024,0,36,-36
105900025,11,15,-4
105900026,47,7,40
105900027,804,373,431
105900028,1,66,-65
105900029,634,128,506
105900030,26,119,-93
105900031,95,51,44
105900032,11,42,-31
105900033,11,71,-60
105900034,10,100,-90
105900035,17,71,-54
105900036,5,38,-33
105900037,23,21,2
105900038,22,101,-79
105900039,11,50,-39
105900040,33,22,11
105900041,62,99,-37
105900042,4,52,-48
105900043,475,14,461
105900044,2,34,-32
105900045,0,106,-106
105900046,2,61,-59
105900047,3,7,-4
105900048,3,148,-145
105900050,97,104,-7
105900051,2,332,-330
105900052,23,5,18
105900053,1165,190,975
105900054,77,67,10
105900056,207,16,191
105900057,4,29,-25
105900058,4,6,-2
105900059,0,8,-8
106000001,752,264,488
106000002,761,1133,-372
106000003,1066,490,576
106000004,836,709,127
106000005,716,1162,-446
106000006,1924,1591,333
106000007,190,120,70
106000008,171,124,47
106000009,117,103,14
106000010,199,268,-69
106000011,153,304,-151
106000012,237,656,-419
106000013,443,526,-83
106000014,637,767,-130
106000015,291,312,-21
106000016,390,947,-557
106000017,229,314,-85
106000018,145,366,-221
106000019,74,180,-106
106000020,67,199,-132
106000021,149,206,-57
106000022,97,159,-62
106000023,154,178,-24
106000024,116,281,-165
106000025,46,61,-15
106000026,71,111,-40
106000027,97,216,-119
106000028,133,424,-291
106000029,392,717,-325
106000030,231,103,128
106000034,115,213,-98
106000035,111,227,-116
106000036,90,108,-18
106000037,371,533,-162
106000038,90,39,51
106000039,66,17,49
106000040,51,307,-256
106000041,204,106,98
106000043,95,36,59
106000046,102,11,91
106000047,8,141,-133
106000049,70,32,38
106000050,90,305,-215
106000051,49,87,-38
106000052,21,284,-263
106000053,0,0,0
106000054,87,149,-62
106000055,31,120,-89
106000056,103,213,-110
106000057,0,0,0
106000058,32,95,-63
106000059,17,55,-38
106000060,215,313,-98
106000061,48,56,-8
106000062,142,278,-136
106000063,63,105,-42
106000064,17,193,-176
106000065,15,21,-6
106000066,33,169,-136
106000067,11,14,-3
106000068,13,289,-276
106000069,10,36,-26
106000070,38,312,-274
106000071,19,75,-56
106000072,1332,401,931
106000073,474,441,33
106000074,70,203,-133
106000075,64,225,-161
106000076,246,502,-256
106000077,450,380,70
106000078,97,317,-220
106000079,107,353,-246
106000080,190,292,-102
106000081,105,272,-167
106000082,559,366,193
106000083,69,325,-256
106000084,94,271,-177
106000085,228,323,-95
106000086,60,162,-102
106000087,122,222,-100
106000088,41,264,-223
106000089,134,146,-12
106000090,57,246,-189
106000091,113,186,-73
106000092,70,45,25
106000093,19,15,4
106000094,22,85,-63
106000095,47,355,-308
106000096,83,281,-198
106000097,99,568,-469
106000098,42,422,-380
106000099,12,362,-350
106000100,86,119,-33
106000101,65,131,-66
106000102,13,192,-179
106000103,74,265,-191
106000104,103,116,-13
106000105,123,448,-325
106000106,94,115,-21
106000107,44,262,-218
106000108,61,123,-62
106000109,33,214,-181
106000110,31,113,-82
106000111,41,265,-224
106000112,38,85,-47
106000113,458,291,167
106000114,221,64,157
106000115,86,216,-130
106000116,61,74,-13
106000117,345,368,-23
106000118,311,285,26
106000119,1000,334,666
106000120,263,116,147
106000121,16,79,-63
106000122,3,74,-71
106000123,45,135,-90
106000124,24,115,-91
106000125,2,140,-138
106000126,44,72,-28
106000127,66,442,-376
106000128,77,91,-14
106000129,82,267,-185
106000130,92,115,-23
106000131,73,191,-118
106000132,173,38,135
106000133,1663,306,1357
106000134,152,107,45
106000135,120,485,-365
106000136,77,64,13
106000137,56,994,-938
106000138,83,11,72
106000139,0,0,0
106000140,15,81,-66
106000141,12,57,-45
106000142,0,0,0
106000143,9,61,-52
106000144,0,0,0
106000145,44,236,-192
106000146,0,0,0
106000147,174,297,-123
106000148,230,379,-149
106000149,126,264,-138
106000150,126,482,-356
106000151,1514,200,1314
106000152,434,249,185
106000153,24,296,-272
106000154,741,98,643
106000155,17,31,-14
106000156,124,123,1
106000157,186,586,-400
106000158,949,181,768
106000159,1730,379,1351
106000160,21,294,-273
106000161,366,208,158
106000162,30,130,-100
106000163,37,223,-186
106000164,40,82,-42
106000165,60,323,-263
106000166,56,53,3
106000167,82,681,-599
106000168,31,71,-40
106000169,22,341,-319
106000170,51,69,-18
106000171,21,344,-323
106000172,323,240,83
106000173,211,840,-629
106000174,34,91,-57
106000175,50,388,-338
106000176,176,169,7
106000177,127,823,-696
106000178,423,321,102
106000179,177,663,-486
106000180,189,722,-533
106000181,106,660,-554
106000182,80,248,-168
106000183,87,397,-310
106000184,165,337,-172
106000185,115,277,-162
106000186,187,36,151
106000187,51,221,-170
106000188,0,0,0
106000189,1,20,-19
106000190,0,0,0
106000191,67,71,-4
106000192,0,11,-11
106000193,69,36,33
106000194,56,130,-74
106000195,24,14,10
106000196,37,100,-63
106000197,66,93,-27
106000198,10,123,-113
106000199,264,152,112
106000200,107,29,78
106000201,145,188,-43
106000202,2146,100,2046
106000203,65,64,1
106000204,7,1,6
106000205,10,58,-48
106000206,10,3,7
106000207,20,338,-318
106000208,58,6,52
106000209,72,57,15
106000210,73,527,-454
106000211,96,795,-699
106000212,48,27,21
106000213,221,325,-104
106000214,505,54,451
106000215,68,238,-170
106000216,99,80,19
106000217,70,221,-151
106000218,86,93,-7
106000219,26,134,-108
106000220,68,98,-30
106000221,30,134,-104
106000222,71,42,29
106000223,16,28,-12
106000224,27,136,-109
106000225,18,20,-2
106000226,31,181,-150
106000228,6,55,-49
106000229,14,318,-304
106000231,83,15,68
106000232,12,146,-134
106000233,43,23,20
106000234,10,85,-75
106000235,29,12,17
106000236,18,21,-3
106000237,0,17,-17
106000238,1,1,0
106000239,0,18,-18
106000240,3,0,3
106000241,6,215,-209
106000242,6,7,-1
106000249,0,0,0
106000250,13,142,-129
106000251,10,6,4
106000252,4,44,-40
106000253,2,17,-15
106000254,7,32,-25
106000255,6,33,-27
106000256,21,37,-16
106000257,14,122,-108
106000258,8,4,4
106000259,0,14,-14
106000260,0,2,-2
106000261,0,14,-14
106000262,3,4,-1
106000263,0,22,-22
106000264,35,5,30
106000265,2,44,-42
106000266,15,1,14
106000267,1,71,-70
106000268,92,4,88
106000269,22,22,0
106000270,35,141,-106
106000271,7,67,-60
106000272,41,16,25
106000273,2,28,-26
106000274,56,16,40
106000275,33,53,-20
106000276,21,16,5
106000277,54,56,-2
106000278,103,9,94
106000279,1,38,-37
106000280,8,59,-51
106000281,19,34,-15
106000282,17,25,-8
106000283,18,36,-18
106000284,8,27,-19
106000285,29,42,-13
106000286,25,48,-23
106000287,28,49,-21
106000288,22,79,-57
106000289,13,37,-24
106000290,21,66,-45
106000291,15,46,-31
106000292,13,66,-53
106000293,29,34,-5
106000294,40,52,-12
106000295,11,12,-1
106000296,22,35,-13
106000297,39,63,-24
106000298,46,12,34
106000299,40,47,-7
106000300,10,44,-34
106000301,58,45,13
106000303,1,6,-5
106000304,6,6,0
106000305,4,7,-3
106000306,12,39,-27
106000307,4,4,0
106000308,10,72,-62
106000309,8,25,-17
106000310,40,186,-146
106000311,100,41,59
106000312,25,46,-21
106000313,30,84,-54
106000318,69,66,3
106000319,71,7,64
106000320,0,8,-8
106000321,57,14,43
106000322,13,86,-73
106000324,5,77,-72
106000325,256,219,37
106000326,278,764,-486
106000327,16,44,-28
106000328,4,33,-29
106000329,12,90,-78
106000330,11,9,2
106000428,20,68,-48
106000429,39,193,-154
106000430,103,609,-506
106000431,207,89,118
106000432,304,933,-629
106000433,301,184,117
106000434,517,149,368
106000435,764,956,-192
106000436,5,107,-102
106000437,36,9,27
106000438,22,18,4
106000439,11,138,-127
106000440,51,229,-178
106000441,0,0,0
106000442,44,10,34
106000443,46,276,-230
106000450,1,51,-50
106000451,13,1,12
106000454,1,7,-6
106000455,1,105,-104
106000456,10,2,8
106000457,3,434,-431
106000458,33,18,15
106000459,20,135,-115
106000460,73,6,67
106000461,8,662,-654
106000462,0,7,-7
106000463,0,5,-5
106000464,1,221,-220
106000465,10,1,9
106000466,6,263,-257
106000467,204,155,49
106000468,4,69,-65
106000469,27,0,27
106000470,81,313,-232
106000471,1,175,-174
106000472,28,3,25
106000473,14,23,-9
106000474,153,477,-324
106000475,94,112,-18
106000476,70,71,-1
106000477,18,97,-79
106000480,0,30,-30
106900001,0,2,-2
106900002,0,250,-250
106900003,59,211,-152
106900004,0,11,-11
106900006,0,3,-3
106900007,0,5,-5
106900008,38,50,-12
106900009,43,119,-76
106900010,10,93,-83
106900012,334,141,193
106900013,9,3,6
106900014,2,0,2
106900015,1,0,1
106900016,7,0,7
106900017,0,0,0
106900018,0,0,0
106900019,4,0,4
106900020,840,92,748
106900021,3,9,-6
106900022,20,0,20
106900023,0,93,-93
106900024,13,2,11
106900025,9,214,-205
106900026,1,318,-317
106900027,29,0,29
107000001,381,510,-129
107000002,1075,1392,-317
107000003,922,1410,-488
107000004,1991,2365,-374
107000005,395,819,-424
107000006,1156,2619,-1463
107000007,1439,1216,223
107000008,7739,5038,2701
107000009,1027,1199,-172
107000010,4058,4677,-619
107000011,376,464,-88
107000012,1169,1307,-138
107000013,14,69,-55
107000014,11,135,-124
107000015,113,464,-351
107000016,85,541,-456
107000017,668,251,417
107000018,2,123,-121
107000020,192,74,118
107000021,238,441,-203
107000022,170,673,-503
107000023,444,232,212
107000024,93,930,-837
107000025,50,132,-82
107000026,30,344,-314
107000027,289,230,59
107000028,376,586,-210
107000029,380,497,-117
107000030,1111,1108,3
107000031,449,499,-50
107000032,24,124,-100
107000033,1386,1324,62
107000034,2271,718,1553
107000035,126,67,59
107000036,161,362,-201
107000037,21,204,-183
107000038,103,96,7
107000039,115,156,-41
107000040,62,146,-84
107000041,312,157,155
107000042,193,543,-350
107000043,880,213,667
107000044,209,190,19
107000045,31,156,-125
107000046,94,87,7
107000047,70,416,-346
107000048,108,114,-6
107000049,80,256,-176
107000050,113,144,-31
107000051,186,126,60
107000052,251,188,63
107000053,109,42,67
107000054,33,96,-63
107000055,68,47,21
107000056,158,320,-162
107000057,849,117,732
107000058,319,282,37
107000059,377,650,-273
107000060,605,914,-309
107000061,1648,1581,67
107000062,473,648,-175
107000063,1193,2233,-1040
107000064,549,497,52
107000065,1684,3221,-1537
107000066,350,423,-73
107000067,221,276,-55
107000068,430,148,282
107000069,186,99,87
107000070,19,1,18
107000071,140,4,136
107000072,15,1380,-1365
107000073,33,38,-5
107000074,74,333,-259
107000075,135,10,125
107000076,234,957,-723
107000077,329,44,285
107000078,388,1355,-967
107000079,227,99,128
107000080,283,1439,-1156
107000081,168,103,65
107000082,134,1359,-1225
107000083,83,85,-2
107000084,128,1062,-934
107000085,813,970,-157
107000086,1301,1006,295
107000087,844,589,255
107000088,707,1183,-476
107000089,474,463,11
107000090,432,427,5
107000091,253,261,-8
107000092,216,475,-259
107000093,215,288,-73
107000094,214,432,-218
107000095,79,53,26
107000096,266,444,-178
107000097,53,50,3
107000098,152,430,-278
107000099,56,66,-10
107000100,114,215,-101
107000101,11,63,-52
107000102,208,211,-3
107000103,58,40,18
107000104,94,174,-80
107000105,56,32,24
107000106,50,153,-103
107000107,70,46,24
107000108,29,355,-326
107000109,0,0,0
107000110,14,215,-201
107000111,0,0,0
107000112,1,157,-156
107000113,0,0,0
107000114,16,384,-368
107000115,0,0,0
107000116,19,450,-431
107000117,0,0,0
107000118,29,115,-86
107000119,423,138,285
107000120,1058,150,908
107000121,55,129,-74
107000122,192,296,-104
107000123,46,217,-171
107000124,95,312,-217
107000125,79,242,-163
107000126,264,545,-281
107000129,31,500,-469
107000130,28,44,-16
107000131,76,312,-236
107000132,56,70,-14
107000133,47,22,25
107000134,4,0,4
107000135,1,72,-71
107000136,91,0,91
107000137,1,150,-149
107000138,46,5,41
107000139,5,120,-115
107000140,116,3,113
107000141,52,285,-233
107000142,79,16,63
107000143,5,347,-342
107000144,68,31,37
107000145,26,259,-233
107000146,54,31,23
107000147,1650,392,1258
107000150,247,413,-166
107000151,9,9,0
107000152,106,131,-25
107000153,148,99,49
107000154,19,28,-9
107000155,136,3,133
107000156,211,4,207
107000157,8,1146,-1138
107000158,91,4,87
107000159,33,716,-683
107000160,70,38,32
107000161,17,806,-789
107000162,34,65,-31
107000163,6,1,5
107000164,22,0,22
107000165,87,0,87
107000166,18,583,-565
107000167,111,85,26
107000168,165,64,101
107000169,358,508,-150
107000170,176,111,65
107000171,107,1278,-1171
107000172,166,185,-19
107000173,221,473,-252
107000174,244,424,-180
107000175,4295,619,3676
107000176,0,0,0
107000177,0,0,0
107000178,0,9,-9
107000179,77,1515,-1438
107000180,159,129,30
107000181,52,639,-587
107000182,142,223,-81
107000183,23,454,-431
107000184,114,243,-129
107000185,47,506,-459
107000186,53,51,2
107000187,274,295,-21
107000188,74,143,-69
107000189,113,256,-143
107000190,120,261,-141
107000191,171,400,-229
107000192,279,380,-101
107000193,84,94,-10
107000194,225,238,-13
107000197,77,40,37
107000198,41,277,-236
107000199,213,346,-133
107000200,410,169,241
107000201,131,116,15
107000202,58,160,-102
107000203,422,168,254
107000204,257,138,119
107000205,1150,443,707
107000206,173,117,56
107000207,288,285,3
107000208,442,99,343
107000209,553,154,399
107000210,428,81,347
107000211,3,13,-10
107000212,3,120,-117
107000213,8,11,-3
107000214,0,48,-48
107000215,82,174,-92
107000216,22,196,-174
107000217,21,34,-13
107000219,13,24,-11
107000220,22,144,-122
107000222,97,344,-247
107000224,77,19,58
107000225,52,276,-224
107000226,38,21,17
107000227,38,214,-176
107000228,30,73,-43
107000229,63,18,45
107000230,651,245,406
107000231,102,96,6
107000232,25,30,-5
107000233,98,115,-17
107000234,0,0,0
107000235,0,1,-1
107000236,11,130,-119
107000237,0,0,0
107000238,0,0,0
107000239,2218,91,2127
107000240,13,511,-498
107000243,0,17,-17
107000244,2,41,-39
107000246,1,541,-540
107000249,0,393,-393
107000251,0,107,-107
107000252,2,648,-646
107000255,266,17,249
107000257,2,395,-393
107000258,0,85,-85
107000259,0,127,-127
107000260,42,2,40
107000262,1,461,-460
107000263,13,0,13
107000266,1,0,1
107000267,21,96,-75
107000268,63,93,-30
107000269,19,15,4
107000270,0,1,-1
107000271,0,483,-483
107000272,2,205,-203
107000273,1,138,-137
107000274,58,1,57
107000275,61,364,-303
107000280,108,5,103
107000281,7,597,-590
107000282,3,811,-808
107000290,1,21,-20
107000291,3,4,-1
107000292,9,32,-23
107000293,33,2,31
107000294,0,32,-32
107000295,14,0,14
107000296,0,0,0
107000444,59,0,59
107000496,0,1,-1
107000497,374,1564,-1190
107000500,109,104,5
107000501,24,66,-42
107000502,29,132,-103
107000505,241,267,-26
107000506,0,2,-2
107000508,1,340,-339
107000509,31,61,-30
107000510,28,2,26
107000514,2,124,-122
107000515,3,162,-159
107000516,71,36,35
107000518,76,43,33
107000519,1327,495,832
107000520,8,1,7
107000521,114,205,-91
107000522,50,275,-225
107900001,5,111,-106
107900002,24,0,24
107900003,20,13,7
107900004,0,0,0
107900005,113,2,111
107900006,9,0,9
107900007,12,5,7
107900008,40,26,14
107900009,29,0,29
107900010,1,1,0
107900012,26,0,26
107900013,38,15,23
107900014,0,0,0
107900015,86,0,86
107900016,135,21,114
107900017,2,0,2
107900018,8,5,3
107900019,2,40,-38
107900020,55,5,50
107900021,1,66,-65
107900023,0,0,0
107900024,0,0,0
107900025,59,93,-34
107900026,3,50,-47
107900027,2,67,-65
107900028,4,47,-43
107900030,43,2,41
107900031,15,109,-94
107900032,1,0,1
107900033,0,2,-2
107900034,14,5,9
107900035,82,4,78
107900036,6,1,5
107900037,0,5,-5
107900038,37,12,25
107900039,0,36,-36
107900040,2,21,-19
107900041,0,0,0
107900043,2,59,-57
107900044,0,4,-4
107900045,4,3,1
107900046,20,7,13
107900047,0,16,-16
107900048,13,2,11
107900049,66,60,6
107900050,30,130,-100
107900051,13,21,-8
107900052,1,4,-3
107900053,2,27,-25
107900055,26,34,-8
107900056,9,4,5
107900057,0,0,0
107900058,7,282,-275
107900060,0,16,-16
107900061,5,0,5
107900063,9,17,-8
107900064,89,2,87
107900065,13,0,13
107900066,5,0,5
107900067,0,0,0
107900068,23,44,-21
107900069,4,83,-79
107900070,5,3,2
107900071,8,377,-369
107900072,4,80,-76
107900073,5,46,-41
107900074,405,53,352
107900076,12,14,-2
107900077,2,1,1
107900079,0,2,-2
107900080,119,50,69
107900081,3,9,-6
107900082,4,4,0
107900083,34,45,-11
107900084,9,14,-5
107900086,7,20,-13
107900087,31,13,18
107900088,1,0,1
107900089,133,249,-116
107900090,78,101,-23
107900091,17,129,-112
107900093,7,11,-4
107900095,896,301,595
107900097,1,12,-11
107900098,2,17,-15
107900100,249,88,161
107900101,270,44,226
107900102,13,0,13
107900103,10,57,-47
107900104,20,0,20
107900105,0,208,-208
107900106,0,680,-680
107900107,358,20,338
107900108,48,12,36
107900109,55,2,53
107900110,1,45,-44
107900111,1,632,-631
107900112,41,96,-55
107900113,4,37,-33
107900114,21,120,-99
107900115,1,19,-18
107900116,5,126,-121
107900117,57,140,-83
107900118,13,56,-43
107900119,19,20,-1
107900120,5,1,4
107900121,0,28,-28
107900122,0,22,-22
107900123,0,10,-10
107900124,1,20,-19
107900125,5,61,-56
107900126,0,11,-11
107900127,166,17,149
107900128,29,23,6
107900129,3,35,-32
107900130,3,17,-14
107900131,31,8,23
107900132,10,142,-132
107900133,1,16,-15
107900134,4,1,3
107900135,0,56,-56
107900136,11,2,9
107900137,17,23,-6
107900138,11,19,-8
107900139,1,12,-11
107900141,9,1,8
107900142,9,297,-288
107900143,26,30,-4
107900144,0,60,-60
107900145,2,38,-36
107900146,3,22,-19
107900147,5,3,2
107900148,61,51,10
107900149,676,24,652
107900150,12,185,-173
107900151,0,47,-47
107900152,2,110,-108
107900153,34,32,2
107900154,3,1,2
107900155,2,6,-4
107900156,0,167,-167
107900157,10,50,-40
107900158,65,2,63
107900159,10,376,-366
107900160,10,38,-28
107900161,1,98,-97
107900162,0,37,-37
107900163,6,20,-14
107900164,1,10,-9
107900165,9,11,-2
107900166,2,146,-144
107900167,0,0,0
107900168,3,18,-15
107900169,3,77,-74
107900171,7,656,-649
107900172,0,112,-112
107900173,1,113,-112
107900174,9,2,7
107900175,0,1,-1
107900176,7,25,-18
107900177,0,24,-24
107900178,0,79,-79
107900179,2,41,-39
107900180,406,55,351
107900181,146,167,-21
107900182,2,452,-450
107900183,1,161,-160
107900184,4,70,-66
107900185,5,4,1
107900186,2,12,-10
107900187,0,56,-56
107900188,296,21,275
107900189,0,29,-29
107900190,65,6,59
107900191,3,64,-61
107900193,4,18,-14
107900194,9,0,9
107900195,1634,109,1525
107900196,13,10,3
107900197,70,19,51
107900199,3,610,-607
107900201,13,66,-53
107900203,9,24,-15
107900204,120,85,35
107900206,186,36,150
107900207,2,285,-283
107900208,3,362,-359
107900209,71,23,48
107900210,23,36,-13
107900213,50,118,-68
107900214,5,81,-76
107900215,31,114,-83
107900216,11,12,-1
107900217,7,11,-4
107900218,3,787,-784
107900219,4,47,-43
107900220,25,19,6
107900221,92,120,-28
107900223,7,179,-172
107900224,47,98,-51
107900225,2,299,-297
107900226,6,69,-63
107900227,15,126,-111
107900228,1,36,-35
107900229,1,179,-178
107900230,4,54,-50
107900231,1,70,-69
107900232,9,109,-100
107900233,3,59,-56
107900234,4,107,-103
107900235,24,40,-16
107900236,8,46,-38
107900237,41,197,-156
107900238,5,45,-40
107900239,426,154,272
107900240,0,86,-86
107900241,2,33,-31
107900242,5,183,-178
107900243,1,14,-13
107900244,50,0,50
107900245,43,2,41
107900246,5,3,2
107900248,25,100,-75
107900249,36,0,36
107900250,0,224,-224
107900251,2,427,-425
107900252,50,0,50
107900253,8,0,8
107900254,7,30,-23
107900255,118,13,105
107900256,59,204,-145
107900257,21,9,12
107900258,8,128,-120
107900259,9,125,-116
107900261,1,247,-246
107900262,6,43,-37
107900264,13,1,12
107900265,8,73,-65
107900267,6,4,2
107900268,6,1,5
107900269,0,1,-1
107900270,0,0,0
107900271,0,0,0
107900272,1,0,1
107900273,1,21,-20
107900274,3,0,3
107900275,16,0,16
107900276,0,15,-15
107900277,0,76,-76
107900278,26,155,-129
107900279,32,19,13
107900280,598,302,296
107900281,887,213,674
107900282,5,65,-60
107900283,536,122,414
107900284,31,280,-249
107900285,10,56,-46
107900286,36,23,13
107900287,26,23,3
107900290,0,12,-12
107900291,57,0,57
107900292,29,122,-93
107900293,8,188,-180
107900295,5,80,-75
107900297,0,115,-115
107900298,214,313,-99
107900299,1533,259,1274
107900301,74,81,-7
107900302,17,0,17
107900303,13,132,-119
107900304,32,210,-178
107900305,35,4,31
107900306,3,2,1
107900307,6,179,-173
107900308,31,3,28
107900309,0,0,0
107900310,0,0,0
107900311,13,12,1
107900312,0,0,0
107900313,1,19,-18
107900314,0,12,-12
107900315,1,6,-5
107900316,6,0,6
107900317,4,0,4
107900318,1,25,-24
107900319,1,82,-81
107900320,0,53,-53
107900321,10,1,9
107900322,0,60,-60
107900323,0,40,-40
107900324,22,1,21
107900325,10,0,10
107900326,43,176,-133
107900327,0,0,0
107900328,0,0,0
107900329,0,0,0
107900330,2,194,-192
107900331,4,6,-2
107900332,25,6,19
107900333,13,4,9
107900334,4,133,-129
107900335,12,49,-37
107900336,4,20,-16
107900337,504,100,404
107900338,0,47,-47
107900339,0,10,-10
107900340,0,18,-18
107900341,7,0,7
107900342,19,23,-4
107900343,2,0,2
107900344,2,46,-44
107900345,11,4,7
107900346,1,0,1
107900347,9,0,9
107900348,0,1,-1
107900349,9,1,8
107900350,27,104,-77
107900351,1,85,-84
107900352,0,18,-18
107900353,4,3,1
107900354,1,23,-22
108000001,695,635,60
108000002,784,1229,-445
108000003,743,461,282
108000004,6585,6390,195
108000005,1032,654,378
108000006,1816,3079,-1263
108000007,873,881,-8
108000008,1658,2547,-889
108000009,508,908,-400
108000010,766,2434,-1668
108000011,2122,1662,460
108000012,7731,7444,287
108000014,41,121,-80
108000015,54,132,-78
108000016,73,330,-257
108000017,63,98,-35
108000018,121,99,22
108000019,120,155,-35
108000020,111,77,34
108000021,144,714,-570
108000022,145,561,-416
108000023,189,23,166
108000024,20,276,-256
108000025,31,107,-76
108000026,36,215,-179
108000027,71,402,-331
108000028,31,124,-93
108000029,44,450,-406
108000030,13,76,-63
108000031,42,288,-246
108000032,109,53,56
108000033,195,558,-363
108000034,194,60,134
108000035,278,1138,-860
108000036,112,722,-610
108000037,193,58,135
108000038,264,64,200
108000039,117,1043,-926
108000040,205,107,98
108000041,244,1148,-904
108000042,5,79,-74
108000043,25,138,-113
108000044,11,53,-42
108000045,54,385,-331
108000046,106,52,54
108000047,76,569,-493
108000048,27,193,-166
108000049,42,42,0
108000050,86,302,-216
108000051,10,14,-4
108000052,94,337,-243
108000053,20,20,0
108000054,209,364,-155
108000055,158,116,42
108000056,534,430,104
108000057,108,193,-85
108000058,377,458,-81
108000059,1094,674,420
108000060,29,129,-100
108000061,108,313,-205
108000062,81,102,-21
108000063,72,292,-220
108000064,18,43,-25
108000065,144,283,-139
108000066,296,113,183
108000067,273,130,143
108000068,86,92,-6
108000069,88,516,-428
108000070,160,100,60
108000071,220,881,-661
108000072,134,161,-27
108000073,365,778,-413
108000074,57,52,5
108000075,108,411,-303
108000076,50,69,-19
108000077,171,424,-253
108000078,372,271,101
108000079,450,709,-259
108000080,113,138,-25
108000081,131,1351,-1220
108000082,406,557,-151
108000083,354,146,208
108000084,112,480,-368
108000085,58,40,18
108000086,209,308,-99
108000087,17,294,-277
108000088,65,9,56
108000089,91,111,-20
108000091,25,239,-214
108000092,11,17,-6
108000093,73,406,-333
108000094,34,9,25
108000095,41,247,-206
108000096,27,25,2
108000097,36,272,-236
108000098,90,164,-74
108000099,201,95,106
108000100,6,127,-121
108000101,79,150,-71
108000102,233,458,-225
108000106,79,0,79
108000107,0,232,-232
108000108,81,3,78
108000109,2,300,-298
108000110,16,68,-52
108000111,45,364,-319
108000112,2,11,-9
108000113,146,142,4
108000115,166,111,55
108000117,294,95,199
108000118,84,268,-184
108000119,185,254,-69
108000120,8,202,-194
108000121,42,229,-187
108000122,41,95,-54
108000123,57,119,-62
108000124,30,242,-212
108000125,19,128,-109
108000126,45,327,-282
108000127,44,224,-180
108000128,73,382,-309
108000129,57,708,-651
108000130,47,232,-185
108000131,95,33,62
108000132,353,361,-8
108000133,82,127,-45
108000134,244,506,-262
108000135,111,86,25
108000136,323,611,-288
108000137,76,196,-120
108000138,79,451,-372
108000139,19,124,-105
108000140,8,5,3
108000141,10,64,-54
108000142,13,67,-54
108000143,5,283,-278
108000144,45,28,17
108000145,10,7,3
108000146,55,7,48
108000147,4,4,0
108000148,31,9,22
108000149,4,8,-4
108000150,10,0,10
108000151,97,11,86
108000152,38,298,-260
108000153,18,33,-15
108000154,19,13,6
108000155,11,6,5
108000156,252,146,106
108000157,23,104,-81
108000158,13,121,-108
108000159,210,39,171
108000160,1871,211,1660
108000161,1381,226,1155
108000165,1,62,-61
108000172,1,43,-42
108000173,916,446,470
108000175,35,16,19
108000178,225,168,57
108000179,66,162,-96
108000181,28,14,14
108000182,63,23,40
108000183,25,158,-133
108000184,354,389,-35
108000185,14,330,-316
108000186,17,156,-139
108000187,15,367,-352
108000188,53,76,-23
108000189,536,582,-46
108000190,5,47,-42
108000192,46,255,-209
108000193,183,11,172
108000194,0,0,0
108000195,0,460,-460
108000196,0,19,-19
108000198,122,168,-46
108000199,0,42,-42
108000200,54,198,-144
108000203,43,502,-459
108000204,39,14,25
108000205,247,221,26
108000339,362,89,273
108000364,140,148,-8
108000365,21,139,-118
108000367,23,80,-57
108000368,3,27,-24
108000369,822,35,787
108000371,0,300,-300
108000372,27,0,27
108000373,2,3,-1
108000376,27,7,20
108000377,81,133,-52
108000378,2388,1539,849
108000379,7,44,-37
108000381,4,4,0
108000382,12,0,12
108000383,0,71,-71
108900001,52,399,-347
108900002,41,13,28
108900003,88,385,-297
108900004,494,80,414
108900007,17,49,-32
108900008,4,54,-50
108900009,5,29,-24
108900010,14,59,-45
108900011,40,133,-93
108900012,24,187,-163
108900013,14,86,-72
108900014,1,40,-39
108900015,0,7,-7
108900016,0,79,-79
108900017,57,51,6
108900018,22,181,-159
108900019,0,504,-504
108900020,8,123,-115
108900021,16,100,-84
108900022,2,1,1
108900023,0,9,-9
108900024,0,53,-53
108900025,2,21,-19
108900026,21,38,-17
108900027,0,57,-57
108900028,11,238,-227
108900029,1,67,-66
108900030,0,46,-46
108900031,12,311,-299
108900032,1,112,-111
108900033,0,18,-18
108900034,1,116,-115
108900035,31,994,-963
108900038,0,141,-141
108900039,0,292,-292
108900040,1,30,-29
108900041,1785,422,1363
108900042,1,54,-53
108900043,18,146,-128
108900044,0,294,-294
108900045,4,233,-229
108900046,7,368,-361
108900047,0,38,-38
108900048,8,305,-297
108900049,1869,169,1700
108900050,1,134,-133
108900051,0,69,-69
108900052,1,118,-117
108900053,14,34,-20
108900054,8,93,-85
108900055,11,214,-203
108900056,0,90,-90
108900057,0,56,-56
108900058,13,267,-254
108900059,77,0,77
108900060,33,15,18
108900061,2,5,-3
108900062,1,184,-183
108900063,1,176,-175
108900064,5,20,-15
108900065,2,148,-146
108900066,23,31,-8
108900067,2,132,-130
108900068,1,115,-114
108900069,3,78,-75
108900070,14,127,-113
108900071,3,13,-10
108900072,760,45,715
108900073,12,224,-212
108900074,11,182,-171
108900075,11,60,-49
108900076,24,8,16
108900077,97,312,-215
108900078,1,80,-79
108900079,249,54,195
108900080,5,62,-57
108900081,32,133,-101
108900082,3,29,-26
108900083,2,20,-18
108900085,769,43,726
108900086,12,159,-147
108900087,24,71,-47
108900088,71,32,39
108900089,1,11,-10
108900090,4,176,-172
108900091,37,20,17
108900092,61,42,19
108900093,6,5,1
108900094,33,11,22
108900095,16,290,-274
108900096,188,3,185
108900097,42,92,-50
108900098,1096,37,1059
108900099,52,143,-91
108900100,4,63,-59
108900101,22,11,11
108900102,19,146,-127
108900103,17,18,-1
108900105,0,75,-75
108900106,31,262,-231
108900108,25,12,13
108900109,44,23,21
108900110,14,177,-163
108900111,28,316,-288
108900113,12,2,10
108900114,3,3,0
108900115,6,12,-6
108900116,3,1,2
108900117,10,11,-1
108900118,49,1,48
108900119,35,3,32
108900120,30,15,15
108900121,28,8,20
108900122,8,9,-1
108900123,5,4,1
108900124,29,14,15
108900125,10,0,10
108900126,4,2,2
108900127,12,19,-7
108900128,2,0,2
108900129,51,20,31
108900130,16,0,16
108900131,30,0,30
108900132,35,8,27
108900133,32,3,29
108900134,8,76,-68
108900135,10,1,9
108900136,4,0,4
108900137,6,0,6
108900138,46,5,41
108900140,8,64,-56
108900141,8,0,8
108900142,2,0,2
108900143,3,0,3
108900144,3,0,3
108900145,3,0,3
108900146,1,0,1
108900147,14,0,14
108900148,19,6,13
108900150,90,3,87
108900151,3,0,3
108900152,11,2,9
108900153,6,223,-217
108900154,513,54,459
108900156,13,13,0
108900157,0,277,-277
108900158,57,49,8
108900159,1,125,-124
108900160,3,93,-90
108900161,1,180,-179
108900162,6,0,6
108900163,4,22,-18
108900164,12,46,-34
108900168,4305,405,3900
108900169,11,34,-23
108900171,1895,344,1551
108900172,24,4,20
108900173,46,87,-41
108900174,42,163,-121
108900176,40,277,-237
108900177,3521,387,3134
108900178,1978,254,1724
108900180,7,34,-27
108900183,59,64,-5
108900184,28,36,-8
108900185,12,106,-94
108900186,2,91,-89
108900189,15,25,-10
108900190,4,1007,-1003
108900192,6,107,-101
108900195,11,138,-127
108900196,4,211,-207
108900199,36,110,-74
108900200,76,99,-23
108900201,38,303,-265
108900203,50,6,44
108900204,29,1,28
108900205,11,2,9
108900206,28,6,22
108900207,33,2,31
108900208,13,123,-110
108900209,51,259,-208
108900210,30,73,-43
108900211,11,65,-54
108900212,134,128,6
108900215,21,293,-272
108900216,111,22,89
108900217,21,0,21
108900218,7,0,7
108900221,10,6,4
108900224,12,18,-6
108900225,0,75,-75
108900227,14,19,-5
108900230,149,120,29
108900232,1,140,-139
108900233,27,15,12
108900234,28,11,17
108900235,54,210,-156
108900236,9,99,-90
108900240,4,17,-13
108900241,1,14,-13
108900245,0,71,-71
108900250,18,27,-9
108900258,5,78,-73
108900259,16,32,-16
108900260,1,45,-44
108900261,41,40,1
108900262,114,25,89
108900263,12,137,-125
108900264,68,59,9
108900265,475,49,426
108900266,315,37,278
108900267,1,6,-5
108900268,0,1,-1
108900269,8,0,8
108900270,4,3,1
108900271,5,3,2
108900272,15,2,13
108900273,318,58,260
108900274,8,13,-5
109000001,765,213,552
109000002,1878,549,1329
109000003,442,134,308
109000004,179,1213,-1034
109000005,300,203,97
109000006,260,1154,-894
109000007,192,139,53
109000008,176,945,-769
109000009,609,248,361
109000010,517,1675,-1158
109000011,373,373,0
109000012,384,1448,-1064
109000013,499,320,179
109000014,429,1879,-1450
109000015,691,676,15
109000016,3319,1989,1330
109000017,441,330,111
109000018,952,2357,-1405
109000019,449,281,168
109000020,560,974,-414
109000023,1,0,1
109000024,0,47,-47
109000025,218,136,82
109000026,189,88,101
109000027,32,110,-78
109000028,19,34,-15
109000029,57,24,33
109000030,41,146,-105
109000031,0,0,0
109000032,31,382,-351
109000033,16,15,1
109000034,5,7,-2
109000035,1,12,-11
109000036,37,145,-108
109000037,67,185,-118
109000038,266,130,136
109000039,190,117,73
109000040,1237,522,715
109000041,2567,319,2248
109000042,261,296,-35
109000044,24,76,-52
109000045,38,209,-171
109000046,15,12,3
109000047,43,209,-166
109000048,167,112,55
109000049,67,254,-187
109000050,72,151,-79
109000051,113,110,3
109000052,68,723,-655
109000053,89,65,24
109000054,35,267,-232
109000055,36,42,-6
109000056,37,248,-211
109000057,60,36,24
109000058,381,148,233
109000059,148,336,-188
109000060,133,48,85
109000061,536,131,405
109000062,27,27,0
109000063,60,108,-48
109000064,27,16,11
109000065,17,156,-139
109000066,40,22,18
109000067,5,130,-125
109000068,16,0,16
109000069,4,0,4
109000070,3,314,-311
109000071,130,34,96
109000072,33,170,-137
109000073,12,27,-15
109000074,9,97,-88
109000075,16,162,-146
109000076,24,72,-48
109000077,90,149,-59
109000078,13,21,-8
109000079,19,110,-91
109000080,21,44,-23
109000081,3,204,-201
109000082,44,108,-64
109000083,33,315,-282
109000088,20,140,-120
109000089,33,5,28
109000090,76,260,-184
109000091,67,14,53
109000092,101,336,-235
109000093,38,16,22
109000094,43,1,42
109000095,15,364,-349
109000096,67,9,58
109000097,19,40,-21
109000098,3,1,2
109000099,57,66,-9
109000100,34,239,-205
109000101,133,281,-148
109000102,48,310,-262
109000103,107,220,-113
109000104,142,143,-1
109000105,115,628,-513
109000106,178,149,29
109000107,108,689,-581
109000108,109,124,-15
109000109,130,716,-586
109000110,152,130,22
109000111,366,1156,-790
109000112,71,51,20
109000113,36,62,-26
109000114,24,110,-86
109000115,224,32,192
109000116,7,167,-160
109000117,17,48,-31
109000118,3,168,-165
109000119,78,94,-16
109000120,28,677,-649
109000121,64,23,41
109000122,12,550,-538
109000123,19,94,-75
109000124,79,114,-35
109000125,90,123,-33
109000126,117,413,-296
109000127,109,82,27
109000128,115,1278,-1163
109000129,163,92,71
109000130,200,1400,-1200
109000131,123,97,26
109000132,315,1034,-719
109000133,51,332,-281
109000134,150,636,-486
109000135,231,444,-213
109000136,73,161,-88
109000137,32,82,-50
109000138,76,214,-138
109000139,68,115,-47
109000140,34,383,-349
109000141,60,205,-145
109000142,57,209,-152
109000143,14,10,4
109000145,30,28,2
109000146,42,18,24
109000148,1338,107,1231
109000149,9,5,4
109000150,24,37,-13
109000155,74,177,-103
109000156,377,329,48
109000158,4,102,-98
109000159,18,199,-181
109000160,138,132,6
109000161,37,498,-461
109000162,331,411,-80
109000163,150,484,-334
109000164,277,946,-669
109000165,174,266,-92
109000166,81,62,19
109000167,39,334,-295
109000170,11,9,2
109000171,23,10,13
109000172,31,20,11
109000173,38,10,28
109000174,6,30,-24
109000175,20,180,-160
109000176,41,174,-133
109000177,2,45,-43
109000178,71,173,-102
109000179,2474,514,1960
109000180,1764,759,1005
109000181,1,30,-29
109000182,11,23,-12
109000183,8,33,-25
109000184,17,9,8
109000185,3,34,-31
109000188,64,1047,-983
109000189,213,312,-99
109000190,86,221,-135
109000191,39,127,-88
109000192,24,68,-44
109000193,57,200,-143
109000194,52,67,-15
109000195,17,194,-177
109000196,24,42,-18
109000197,35,205,-170
109000198,36,27,9
109000199,58,182,-124
109000206,40,15,25
109000207,12,10,2
109000208,39,11,28
109000209,36,29,7
109000210,93,162,-69
109000211,25,75,-50
109000214,74,597,-523
109000215,7,11,-4
109000216,7,10,-3
109000217,36,19,17
109000218,22,20,2
109000221,26,481,-455
109000222,102,4,98
109000223,102,100,2
109000224,12,113,-101
109000225,10,20,-10
109000226,16,110,-94
109000227,112,518,-406
109000228,0,134,-134
109000231,0,245,-245
109000232,30,233,-203
109000236,44,351,-307
109000241,251,736,-485
109000242,163,341,-178
109000293,23,61,-38
109000361,20,98,-78
109000364,42,226,-184
109000396,1,532,-531
109000397,36,0,36
109000399,62,209,-147
109000400,22,214,-192
109000403,8,64,-56
109000406,0,0,0
109000407,27,79,-52
109000408,1,285,-284
109000410,189,79,110
109000411,8,7,1
109900001,4,0,4
109900002,90,4,86
109900003,22,0,22
109900004,14,6,8
109900005,0,0,0
109900006,15,108,-93
109900007,45,452,-407
109900008,0,12,-12
109900009,14,487,-473
109900010,64,5,59
109900011,12,3,9
109900012,17,38,-21
109900013,52,31,21
109900014,27,8,19
109900015,20,26,-6
109900016,8,20,-12
109900017,8,12,-4
109900018,28,73,-45
109900019,11,46,-35
109900020,1,7,-6
109900021,2,2,0
109900022,15,141,-126
109900023,2,0,2
109900024,0,1,-1
109900025,5,46,-41
109900026,0,6,-6
109900027,8,1,7
109900028,1067,114,953
109900029,1,247,-246
109900030,3,0,3
109900031,0,15,-15
109900032,0,114,-114
109900033,2,129,-127
109900034,1,0,1
109900035,4,2,2
109900036,6,41,-35
109900037,0,203,-203
109900038,3,90,-87
109900039,1,0,1
109900040,19,247,-228
109900041,7,195,-188
109900042,1,194,-193
109900044,9,116,-107
109900045,9,18,-9
109900046,14,20,-6
109900047,124,117,7
109900048,11,42,-31
109900049,3,9,-6
109900050,2,119,-117
109900051,0,8,-8
109900052,2,67,-65
109900053,0,181,-181
109900054,46,24,22
109900055,5,93,-88
109900056,0,10,-10
109900057,0,89,-89
109900058,0,49,-49
109900059,4,6,-2
109900060,31,62,-31
109900061,53,129,-76
109900062,0,96,-96
109900063,0,11,-11
109900064,30,60,-30
109900065,38,47,-9
109900066,69,397,-328
109900067,0,159,-159
109900068,2,4,-2
109900069,3,10,-7
109900070,0,6,-6
109900071,1,7,-6
109900072,2,41,-39
109900073,11,274,-263
109900074,2,20,-18
109900075,0,1,-1
109900076,6,265,-259
109900077,4,21,-17
109900078,10,93,-83
109900080,21,123,-102
109900081,1,31,-30
109900082,5,208,-203
109900083,4,19,-15
109900084,2,41,-39
109900085,13,463,-450
109900086,12,49,-37
109900087,9,74,-65
109900089,43,14,29
109900090,6,26,-20
109900091,1,1,0
109900092,52,1,51
109900093,53,29,24
109900094,6,30,-24
109900095,30,53,-23
109900096,5,0,5
109900097,5,0,5
109900098,26,1,25
109900099,7,0,7
109900100,3,0,3
109900101,34,0,34
109900102,73,7,66
109900103,1,8,-7
109900104,43,441,-398
109900105,54,16,38
109900106,30,41,-11
109900107,19,17,2
109900108,8,327,-319
109900109,11,105,-94
109900110,1,10,-9
109900111,47,412,-365
109900112,2,24,-22
109900113,9,5,4
109900114,189,26,163
109900115,11,13,-2
109900117,56,41,15
109900118,6,14,-8
109900119,14,13,1
109900120,0,0,0
109900121,50,20,30
109900122,2,0,2
109900123,0,76,-76
109900124,0,41,-41
109900125,0,92,-92
109900126,4,68,-64
109900128,1,1,0
109900130,4123,215,3908
109900131,25,42,-17
109900132,17,67,-50
109900133,1,19,-18
109900134,1,7,-6
109900135,97,22,75
109900136,0,6,-6
109900137,7,167,-160
109900140,16,129,-113
109900142,5,3,2
109900145,0,4,-4
109900146,0,0,0
109900148,2,1,1
109900149,14,4,10
109900150,1,13,-12
109900151,5,12,-7
109900152,0,9,-9
109900153,0,11,-11
109900154,1,0,1
109900155,4,0,4
109900157,8,69,-61
109900158,0,4,-4
109900159,28,5,23
109900160,0,0,0
109900161,14,11,3
109900162,20,12,8
109900163,214,64,150
109900164,5,85,-80
109900165,21,1,20
109900166,0,58,-58
109900167,26,247,-221
109900168,14,254,-240
109900169,21,34,-13
109900170,73,61,12
109900171,19,38,-19
109900172,21,34,-13
109900173,1352,187,1165
109900174,5,53,-48
109900175,4,26,-22
109900176,30,75,-45
109900177,9,125,-116
109900178,1,39,-38
109900179,4,10,-6
109900180,2,0,2
110000001,182,207,-25
110000002,130,165,-35
110000003,304,296,8
110000004,224,138,86
110000005,426,309,117
110000006,207,130,77
110000007,21,48,-27
110000008,0,17,-17
110000009,11,19,-8
110000010,4,18,-14
110000011,8,48,-40
110000012,264,205,59
110000013,2,71,-69
110000014,276,159,117
110000015,168,148,20
110000016,89,213,-124
110000017,1486,103,1383
110000018,1348,166,1182
110000019,4,71,-67
110000020,186,85,101
110000021,137,110,27
110000022,87,29,58
110000023,3,88,-85
110000024,222,155,67
110000025,39,1,38
110000026,1,253,-252
110000027,180,64,116
110000028,189,243,-54
110000029,153,372,-219
110000030,52,132,-80
110000031,49,227,-178
110000032,216,159,57
110000033,40,38,2
110000034,79,246,-167
110000035,81,406,-325
110000036,62,227,-165
110000037,36,275,-239
110000038,59,195,-136
110000039,100,230,-130
110000040,79,185,-106
110000041,11,46,-35
110000042,49,162,-113
110000043,39,18,21
110000044,11,31,-20
110000045,17,3,14
110000046,1,0,1
110000047,0,1,-1
110000048,0,3,-3
110000049,0,0,0
110000050,4,5,-1
110000051,2,0,2
110000052,11,12,-1
110000053,3,0,3
110000054,16,39,-23
110000055,8,6,2
110000056,6,9,-3
110000057,107,363,-256
110000058,139,194,-55
110000059,162,307,-145
110000060,111,194,-83
110000061,415,426,-11
110000062,231,213,18
110000063,11,31,-20
110000064,26,53,-27
110000065,4,20,-16
110000066,14,12,2
110000067,21,98,-77
110000068,27,225,-198
110000069,31,15,16
110000071,7,28,-21
110000073,4,4,0
110000075,2,36,-34
110000076,84,53,31
110000077,144,75,69
110000078,1,17,-16
110000080,57,166,-109
110000081,6,83,-77
110000082,5,63,-58
110000083,52,231,-179
110000084,120,110,10
110000085,1224,448,776
110000086,272,184,88
110000087,6,14,-8
110000088,6,105,-99
110000089,15,59,-44
110000090,6,129,-123
110000091,778,105,673
110000092,2,34,-32
110000093,21,3,18
110000094,135,81,54
110000095,25,96,-71
110000096,1733,566,1167
110000097,263,231,32
110000098,298,147,151
110000099,309,481,-172
110000100,35,277,-242
110000101,7,226,-219
110000102,11,16,-5
110000104,34,29,5
110000105,15,113,-98
110000106,76,45,31
110000107,87,159,-72
110000108,9,5,4
110000109,112,120,-8
110000110,1300,524,776
110000111,3167,555,2612
110000112,338,87,251
110000113,182,156,26
110000114,23,94,-71
110000115,39,102,-63
110000116,16,21,-5
110000117,17,272,-255
110000118,107,82,25
110000119,34,175,-141
110000120,85,75,10
110000121,35,99,-64
110000122,65,216,-151
110000123,108,111,-3
110000124,1,283,-282
110000125,162,2,160
110000126,48,2,46
110000127,105,0,105
110000128,9,530,-521
110000129,2,290,-288
110000130,22,21,1
110000131,29,231,-202
110000132,0,221,-221
110000133,21,75,-54
110000134,11,86,-75
110000135,42,5,37
110000136,4,129,-125
110000137,62,237,-175
110000138,78,417,-339
110000139,147,530,-383
110000140,241,72,169
110000143,113,91,22
110000144,868,286,582
110000145,272,153,119
110000146,330,152,178
110000147,40,202,-162
110000148,36,45,-9
110000151,254,150,104
110000152,202,103,99
110000153,10,34,-24
110000154,1,4,-3
110000155,291,525,-234
110000156,235,343,-108
110000157,439,515,-76
110000160,94,168,-74
110000161,38,178,-140
110000166,32,29,3
110000167,79,148,-69
110000168,145,93,52
110000169,54,67,-13
110000170,18,23,-5
110000171,116,62,54
110000172,41,263,-222
110000173,285,477,-192
110000174,23,633,-610
110000175,24,21,3
110000176,2,29,-27
110000177,18,199,-181
110000178,218,200,18
110000179,415,111,304
110000180,14,175,-161
110000181,100,133,-33
110000182,110,80,30
110000183,3849,1275,2574
110000184,115,562,-447
110000185,170,259,-89
110000186,174,153,21
110000191,70,183,-113
110000192,33,1,32
110000193,68,0,68
110000194,0,470,-470
110000195,33,155,-122
110000196,40,214,-174
110000197,9,65,-56
110000198,17,29,-12
110000199,9,31,-22
110000200,496,348,148
110000201,104,121,-17
110000202,187,121,66
110000203,176,408,-232
110000204,0,173,-173
110000205,5,29,-24
110000206,132,624,-492
110000207,83,95,-12
110000208,25,50,-25
110000209,26,339,-313
110000210,0,0,0
110000211,0,0,0
110000212,29,328,-299
110000213,9,13,-4
110000214,35,25,10
110000215,18,312,-294
110000216,17,265,-248
110000217,48,56,-8
110000218,23,177,-154
110000219,24,11,13
110000220,8,234,-226
110000221,41,20,21
110000222,3,141,-138
110000223,2,11,-9
110000224,25,1,24
110000225,39,186,-147
110000226,4,8,-4
110000227,116,98,18
110000228,21,10,11
110000229,0,104,-104
110000230,106,337,-231
110000231,24,44,-20
110000232,13,87,-74
110000233,15,64,-49
110000234,117,69,48
110000235,279,220,59
110000236,107,430,-323
110000237,260,391,-131
110000238,205,375,-170
110000239,380,505,-125
110000240,3,29,-26
110000242,0,22,-22
110000243,31,78,-47
110000244,45,130,-85
110000245,15,196,-181
110000246,102,216,-114
110000247,369,1193,-824
110000248,465,430,35
110000249,16,3,13
110000250,3,96,-93
110000251,20,218,-198
110000252,31,93,-62
110000253,191,109,82
110000254,163,515,-352
110000255,66,501,-435
110000256,96,38,58
110000257,54,171,-117
110000258,2,218,-216
110000259,12,3,9
110000260,25,245,-220
110000263,132,64,68
110000264,39,257,-218
110000265,304,414,-110
110000266,411,500,-89
110000267,0,66,-66
110000268,52,144,-92
110000269,0,22,-22
110000270,3,1,2
110000271,396,47,349
110000272,187,371,-184
110000273,439,463,-24
110000274,66,216,-150
110000275,1214,159,1055
110000276,29,80,-51
110000277,35,120,-85
110000278,95,333,-238
110000279,67,165,-98
110000280,39,148,-109
110000281,2,72,-70
110000282,14,12,2
110000283,1,8,-7
110000284,5,10,-5
110000285,0,65,-65
110000286,0,0,0
110000287,2,2,0
110000288,0,19,-19
110000289,127,379,-252
110000290,506,209,297
110000291,2165,362,1803
110000292,398,598,-200
110000293,58,337,-279
110000294,104,236,-132
110000295,12,290,-278
110000296,23,136,-113
110000297,491,127,364
110000298,117,203,-86
110000299,157,7,150
110000301,43,0,43
110000302,63,569,-506
110000303,34,0,34
110000304,25,111,-86
110000305,74,3,71
110000306,31,882,-851
110000307,122,0,122
110000308,24,7,17
110000309,2,638,-636
110000310,88,18,70
110000311,5,452,-447
110000312,132,14,118
110000313,600,661,-61
110000314,0,106,-106
110000315,752,545,207
110000316,217,490,-273
110000317,174,190,-16
110000318,1,35,-34
110000319,2,6,-4
110000320,6,32,-26
110000321,2,8,-6
110000322,30,222,-192
110000323,44,127,-83
110000324,2363,472,1891
110000325,164,421,-257
110000327,24,47,-23
110000328,62,228,-166
110000333,54,66,-12
110000334,86,578,-492
110000335,111,145,-34
110000336,73,669,-596
110000337,98,150,-52
110000338,17,118,-101
110000339,33,80,-47
110000340,4,59,-55
110000341,43,247,-204
110000342,14,1,13
110000343,0,7,-7
110000344,9,78,-69
110000345,5,26,-21
110000346,804,417,387
110000347,341,175,166
110000348,1,11,-10
110000349,5,3,2
110000350,5,2,3
110000351,105,346,-241
110000352,64,623,-559
110000353,1004,235,769
110000354,247,655,-408
110000355,9,23,-14
110000356,0,0,0
110000357,79,4,75
110000361,3,31,-28
110000362,8,20,-12
110000363,73,25,48
110000364,12,110,-98
110000365,16,1,15
110000366,0,30,-30
110000367,87,81,6
110000368,1,24,-23
110000369,2,0,2
110000373,1,144,-143
110000374,1,1,0
110000375,23,285,-262
110000376,14,54,-40
110000377,0,0,0
110000378,0,130,-130
110000379,1198,390,808
110000380,3,3,0
110000383,1,139,-138
110000384,281,29,252
110000385,1,63,-62
110000387,0,3,-3
110000388,6,113,-107
110000389,31,1,30
110000391,6,139,-133
110000396,4,39,-35
110000397,7,84,-77
110000398,3,9,-6
110000399,2,1,1
110000587,25,19,6
110000589,30,66,-36
110000640,53,47,6
110000652,3,15,-12
110000653,50,201,-151
110000654,4,12,-8
110000656,1,270,-269
110000674,2,2,0
110000675,0,2,-2
110000676,0,9,-9
110000679,288,124,164
110000682,50,16,34
110000683,159,153,6
110000684,0,26,-26
110000685,2,1,1
110000686,1,16,-15
110000687,1,0,1
110000688,11,110,-99
110000689,6,23,-17
110000692,12,113,-101
110000693,19,56,-37
110000694,0,85,-85
110000695,45,322,-277
110000696,93,47,46
110900001,10,1,9
110900002,8,85,-77
110900003,42,388,-346
110900004,44,127,-83
110900005,1601,159,1442
110900006,10,1,9
110900007,4,1,3
110900008,4,23,-19
110900009,27,14,13
110900010,2,28,-26
110900011,2,22,-20
110900012,0,55,-55
110900013,101,48,53
110900014,4,2,2
110900015,220,57,163
110900016,3,108,-105
110900017,16,11,5
110900018,34,8,26
110900019,8,1,7
110900020,3,223,-220
110900021,6,273,-267
110900022,20,176,-156
110900023,10,267,-257
110900024,2,188,-186
110900025,0,35,-35
110900027,4,82,-78
110900028,19,85,-66
110900029,7,156,-149
110900030,3,146,-143
110900031,32,68,-36
110900032,0,44,-44
110900033,9,114,-105
110900035,4,146,-142
110900036,12,6,6
110900037,3,2,1
110900038,491,61,430
110900039,1,108,-107
110900040,31,7,24
110900041,0,74,-74
110900042,17,22,-5
110900043,0,91,-91
110900044,77,10,67
110900045,14,282,-268
110900046,56,114,-58
110900047,278,10,268
110900049,5,6,-1
110900050,0,0,0
110900051,7,66,-59
110900052,0,76,-76
110900053,8,19,-11
110900054,7,108,-101
110900055,4,0,4
110900056,10,42,-32
110900057,1,86,-85
110900058,8,122,-114
110900059,160,328,-168
110900060,45,21,24
110900061,4,21,-17
110900062,5,153,-148
110900063,10,33,-23
110900064,3,0,3
110900065,95,35,60
110900066,2,24,-22
110900067,265,156,109
110900068,83,84,-1
110900069,0,7,-7
110900070,52,21,31
110900071,101,23,78
110900073,0,6,-6
110900074,38,22,16
110900075,23,9,14
110900077,40,134,-94
110900078,0,49,-49
110900079,812,119,693
110900080,3,12,-9
110900081,0,74,-74
110900082,5,109,-104
110900083,12,4,8
110900084,1,82,-81
110900085,23,183,-160
110900086,2,27,-25
110900087,24,52,-28
110900088,3,0,3
110900090,4,1,3
110900091,0,25,-25
110900093,39,8,31
110900095,6,13,-7
110900097,5,5,0
110900098,1,53,-52
110900099,22,225,-203
110900100,0,11,-11
110900102,4,5,-1
110900105,329,128,201
110900108,0,43,-43
110900111,71,24,47
110900112,92,1,91
110900113,118,7,111
110900115,3,40,-37
110900116,38,1039,-1001
110900118,89,185,-96
110900119,2046,89,1957
110900120,0,47,-47
110900121,11,0,11
110900122,23,31,-8
110900125,44,66,-22
110900127,174,149,25
110900128,99,80,19
110900129,44,29,15
110900130,290,50,240
110900131,15,17,-2
110900132,36,9,27
110900133,13,100,-87
110900135,14,121,-107
110900136,31,0,31
110900138,0,1,-1
110900139,0,0,0
110900140,0,0,0
110900141,58,96,-38
110900142,5,91,-86
110900143,11,7,4
110900144,3,268,-265
110900145,14,5,9
110900146,106,6,100
110900147,39,70,-31
110900148,0,94,-94
110900149,2,28,-26
110900150,3,1,2
110900151,1,19,-18
110900152,2,165,-163
110900153,7,1,6
111000001,139,182,-43
111000002,304,291,13
111000003,100,74,26
111000004,173,514,-341
111000005,219,166,53
111000006,314,730,-416
111000007,754,377,377
111000008,1485,970,515
111000009,147,460,-313
111000010,157,83,74
111000011,485,487,-2
111000012,248,110,138
111000013,119,493,-374
111000014,305,172,133
111000017,26,138,-112
111000018,60,152,-92
111000020,896,773,123
111000021,21,38,-17
111000023,32,17,15
111000025,2514,522,1992
111000029,32,46,-14
111000030,19,21,-2
111000031,625,162,463
111000032,171,42,129
111000033,53,30,23
111000034,89,80,9
111000037,908,263,645
111000038,672,727,-55
111000039,338,760,-422
111000040,304,864,-560
111000041,495,387,108
111000042,2397,810,1587
111000043,183,131,52
111000044,111,45,66
111000045,216,293,-77
111000046,150,308,-158
111000047,295,413,-118
111000049,99,157,-58
111000050,657,641,16
111000051,228,514,-286
111000052,193,466,-273
111000053,88,398,-310
111000054,86,447,-361
111000055,345,997,-652
111000056,35,317,-282
111000057,16,371,-355
111000058,15,35,-20
111000059,24,79,-55
111000060,129,77,52
111000061,92,112,-20
111000062,72,100,-28
111000063,235,255,-20
111000064,62,169,-107
111000065,125,202,-77
111000066,36,74,-38
111000067,66,285,-219
111000068,67,193,-126
111000069,559,776,-217
111000070,972,533,439
111000071,71,309,-238
111000072,45,10,35
111000073,7,41,-34
111000074,130,117,13
111000075,75,84,-9
111000076,37,130,-93
111000077,201,341,-140
111000078,523,477,46
111000079,341,242,99
111000080,99,248,-149
111000081,904,672,232
111000082,156,274,-118
111000084,179,200,-21
111000085,208,435,-227
111000086,570,413,157
111000087,240,246,-6
111000088,1376,368,1008
111000089,146,283,-137
111000090,432,482,-50
111000091,151,412,-261
111000092,226,597,-371
111000093,105,295,-190
111000094,280,352,-72
111000095,92,632,-540
111000096,928,1971,-1043
111000097,2328,447,1881
111000098,80,579,-499
111000099,134,1131,-997
111000100,77,1065,-988
111000101,116,324,-208
111000102,20,358,-338
111000104,39,26,13
111000107,8,319,-311
111000109,12,18,-6
111000110,161,122,39
111000111,225,127,98
111000112,225,49,176
111000113,112,86,26
111000114,269,173,96
111000115,2706,270,2436
111000116,301,263,38
111000117,145,227,-82
111000118,340,294,46
111000119,269,590,-321
111000120,112,167,-55
111000121,70,126,-56
111000122,129,404,-275
111000123,190,1469,-1279
111000124,101,1613,-1512
111000125,29,1059,-1030
111000126,27,540,-513
111000127,32,8,24
111000128,36,18,18
111000129,133,30,103
111000130,113,149,-36
111000131,102,118,-16
111000132,65,42,23
111000133,26,48,-22
111000134,21,31,-10
111000135,9,23,-14
111000136,25,68,-43
111000138,1,3,-2
111000140,0,1,-1
111000141,14,88,-74
111000142,0,61,-61
111000143,0,47,-47
111000144,0,55,-55
111000145,0,0,0
111000146,0,0,0
111000147,0,0,0
111000148,18,15,3
111000149,0,14,-14
111000150,2,1,1
111000151,2,8,-6
111000153,132,115,17
111000154,226,81,145
111000155,16,60,-44
111000156,51,29,22
111000157,17,50,-33
111000158,126,80,46
111000159,674,144,530
111000160,44,153,-109
111000161,7,47,-40
111000162,2,71,-69
111000163,67,333,-266
111000164,339,611,-272
111000165,369,149,220
111000166,268,104,164
111000167,69,173,-104
111000168,63,105,-42
111000169,54,99,-45
111000170,120,96,24
111000171,183,375,-192
111000172,29,263,-234
111000173,91,463,-372
111000174,12,203,-191
111000175,6,104,-98
111000176,25,91,-66
111000177,33,124,-91
111000178,97,153,-56
111000179,15,98,-83
111000180,33,122,-89
111000181,86,112,-26
111000182,17,48,-31
111000183,18,46,-28
111000184,60,54,6
111000185,67,259,-192
111000186,43,169,-126
111000187,12,143,-131
111000188,21,178,-157
111000189,633,257,376
111000190,46,262,-216
111000191,48,221,-173
111000192,44,329,-285
111000193,187,173,14
111000194,7,208,-201
111000195,16,171,-155
111000196,11,95,-84
111000197,40,22,18
111000198,36,16,20
111000199,11,29,-18
111000200,20,69,-49
111000201,45,92,-47
111000202,45,38,7
111000203,62,27,35
111000204,69,84,-15
111000213,22,157,-135
111000214,378,622,-244
111000215,244,525,-281
111000217,209,263,-54
111000218,159,259,-100
111000219,131,163,-32
111000220,877,207,670
111000221,177,24,153
111000224,103,183,-80
111000225,61,72,-11
111000226,19,0,19
111000227,2,0,2
111000228,0,79,-79
111000229,13,108,-95
111000230,35,130,-95
111000231,46,461,-415
111000232,51,322,-271
111000233,91,307,-216
111000234,15,61,-46
111000239,69,90,-21
111000240,8,8,0
111000241,9,190,-181
111000242,5,5,0
111000243,15,446,-431
111000244,11,4,7
111000245,92,214,-122
111000246,23,226,-203
111000247,46,538,-492
111000248,52,142,-90
111000249,132,362,-230
111000250,8,54,-46
111000251,8,64,-56
111000253,0,0,0
111000255,0,0,0
111000257,0,0,0
111000260,14,514,-500
111000261,94,15,79
111000271,20,132,-112
111000273,2181,367,1814
111000274,356,510,-154
111000275,17,5,12
111000276,79,1063,-984
111000277,68,196,-128
111000278,87,46,41
111000291,146,380,-234
111000298,111,155,-44
111000299,59,3,56
111000300,14,185,-171
111000302,30,45,-15
111000303,21,86,-65
111000312,16,34,-18
111000315,9,107,-98
111000320,57,218,-161
111000321,53,12,41
111000322,31,178,-147
111000323,28,3,25
111000324,68,87,-19
111000325,5,20,-15
111000326,7,135,-128
111000327,100,161,-61
111000328,54,110,-56
111000329,0,9,-9
111000330,12,1,11
111000331,1,0,1
111000332,93,347,-254
111000334,83,786,-703
111000335,50,43,7
111000337,106,173,-67
111000338,2,73,-71
111000339,32,314,-282
111000340,27,320,-293
111000341,248,40,208
111000342,11,80,-69
111000344,205,216,-11
111000345,11,6,5
111000346,3,52,-49
111000347,6,1,5
111000350,55,17,38
111000351,26,101,-75
111000352,48,12,36
111000353,13,86,-73
111000354,35,26,9
111000355,62,276,-214
111000358,15,691,-676
111000360,13,424,-411
111000361,15,197,-182
111000546,46,353,-307
111000547,27,182,-155
111000548,30,74,-44
111000549,27,109,-82
111000550,29,97,-68
111000551,133,33,100
111000552,72,7,65
111000907,6,4,2
111000908,0,0,0
111000916,127,94,33
111000917,10,130,-120
111000918,9,454,-445
111000920,50,0,50
111000921,2,187,-185
111000922,44,150,-106
111000924,4,456,-452
111000925,342,521,-179
111000926,312,1257,-945
111000927,1038,734,304
111000928,3165,1308,1857
111000929,187,268,-81
111000930,206,1079,-873
111000931,323,389,-66
111000932,1398,941,457
111000933,839,316,523
111000934,883,1018,-135
111000935,207,286,-79
111000936,249,989,-740
111000937,354,299,55
111000938,573,992,-419
111000939,30,1,29
111000940,58,120,-62
111000941,37,176,-139
111000943,36,108,-72
111000944,38,260,-222
111000945,3,903,-900
111001109,29,22,7
111001110,55,320,-265
111001111,6,0,6
111001112,18,1,17
111001113,33,44,-11
111001114,115,16,99
111001115,33,96,-63
111001116,1264,151,1113
111001117,358,193,165
111001120,24,115,-91
111001121,59,139,-80
111001122,82,366,-284
111001123,9,28,-19
111001124,14,249,-235
111001125,0,3,-3
111001126,0,1,-1
111001127,0,4,-4
111001128,46,203,-157
111900001,1,83,-82
111900002,2,262,-260
111900003,1,129,-128
111900004,3,35,-32
111900006,0,0,0
111900007,4,0,4
111900008,2,0,2
111900009,2,0,2
111900010,53,207,-154
111900012,37,33,4
111900013,2,13,-11
111900014,3293,325,2968
111900015,0,31,-31
111900016,0,86,-86
111900017,0,45,-45
111900018,16,1,15
111900019,0,27,-27
111900020,0,19,-19
111900021,4,22,-18
111900022,6,23,-17
111900023,62,11,51
111900024,0,33,-33
111900025,0,16,-16
111900026,0,19,-19
111900027,2,34,-32
111900028,0,233,-233
111900029,3,40,-37
111900030,8,107,-99
111900031,0,1,-1
111900032,2,218,-216
111900033,1,59,-58
111900034,18,118,-100
111900035,2,50,-48
111900036,1,182,-181
111900038,39,128,-89
111900039,2,102,-100
111900040,0,404,-404
111900042,14,34,-20
111900043,3,249,-246
111900044,51,77,-26
111900046,37,89,-52
111900048,18,455,-437
111900049,9,174,-165
111900050,7,3,4
111900051,0,117,-117
111900052,153,267,-114
111900053,477,70,407
111900054,4,0,4
111900055,9,275,-266
111900056,44,43,1
111900057,24,11,13
111900058,23,380,-357
111900059,535,36,499
111900060,17,0,17
111900061,1,125,-124
111900062,0,12,-12
111900063,14,91,-77
111900064,42,118,-76
111900065,4,4,0
111900066,6,28,-22
111900067,0,111,-111
111900068,6,6,0
111900069,4,1,3
111900070,4,51,-47
111900071,0,80,-80
111900072,22,4,18
111900073,55,4,51
111900074,0,70,-70
111900075,13,1,12
111900076,2,5,-3
111900077,2,2,0
111900078,16,0,16
111900079,2,2,0
111900080,55,3,52
111900082,6,5,1
111900083,4,0,4
111900084,2,0,2
111900085,0,9,-9
111900086,1,0,1
111900087,11,0,11
111900088,22,0,22
111900089,4,0,4
111900090,14,4,10
111900091,9,0,9
111900092,9,0,9
111900093,16,0,16
111900094,6,0,6
111900095,19,3,16
111900096,3,0,3
111900097,3,0,3
111900098,6,1,5
111900099,1,0,1
111900100,5,0,5
111900101,7,0,7
111900102,29,315,-286
111900103,3,9,-6
111900104,3,22,-19
111900105,36,28,8
111900106,456,13,443
111900110,1370,24,1346
111900111,4,91,-87
111900112,210,136,74
111900113,106,27,79
111900118,7,3,4
111900119,47,16,31
111900122,13,3,10
111900123,1,6,-5
111900124,13,48,-35
111900125,16,0,16
111900126,9,1,8
111900127,0,330,-330
111900128,3,183,-180
111900129,8,0,8
111900130,14,0,14
111900131,12,1,11
111900132,8,374,-366
111900133,1,99,-98
111900134,6,192,-186
111900135,0,2,-2
111900136,4,11,-7
111900137,20,17,3
111900138,3,26,-23
111900139,3,64,-61
111900140,11,5,6
111900141,5,1,4
111900142,20,16,4
111900143,2,145,-143
111900144,0,121,-121
111900145,1,308,-307
111900146,1,173,-172
111900147,35,238,-203
111900148,6,343,-337
111900149,2,226,-224
111900150,0,93,-93
111900151,1,10,-9
111900152,25,12,13
111900153,485,22,463
111900154,0,33,-33
111900155,2,16,-14
111900156,2,3,-1
111900157,9,0,9
111900158,33,2,31
111900159,14,0,14
111900160,14,0,14
111900161,3,0,3
111900162,39,9,30
111900163,15,38,-23
111900164,2,0,2
111901113,18,72,-54
111901114,4,128,-124
111901115,16,0,16
111901116,3,0,3
111901117,0,1,-1
111901118,35,3,32
111901119,468,36,432
111901121,55,117,-62
111901122,0,264,-264
111901123,7,198,-191
111901124,20,0,20
111901125,21,20,1
111901127,257,31,226
111901128,2,39,-37
111901129,0,39,-39
111901130,0,75,-75
111901131,1,116,-115
111901132,7,2,5
111901133,3,0,3
111901134,3,0,3
111901135,1,0,1
111901136,0,0,0
111901138,15,28,-13
111901139,1,16,-15
111901140,0,46,-46
111901141,2,66,-64
111901142,5,32,-27
111901143,0,31,-31
111901144,4,2,2
111901145,12,21,-9
111901146,16,0,16
111901147,774,25,749
111901148,9,4,5
111901149,0,1,-1
111901150,0,0,0
111901151,0,0,0
112000001,234,213,21
112000002,297,898,-601
112000003,141,221,-80
112000004,166,641,-475
112000005,273,341,-68
112000006,402,695,-293
112000007,315,321,-6
112000008,567,1146,-579
112000009,1336,1421,-85
112000010,703,730,-27
112000011,652,1055,-403
112000012,1501,414,1087
112000013,2396,1270,1126
112000014,466,180,286
112000015,952,695,257
112000016,654,300,354
112000017,412,463,-51
112000024,603,169,434
112000026,1798,2069,-271
112000027,55,82,-27
112000028,709,681,28
112000029,92,126,-34
112000030,100,30,70
112000031,599,540,59
112000032,283,16,267
112000033,906,254,652
112000034,167,2,165
112000035,24,103,-79
112000036,121,160,-39
112000037,184,406,-222
112000038,188,233,-45
112000039,5,33,-28
112000040,35,177,-142
112000041,143,203,-60
112000042,213,90,123
112000050,72,145,-73
112000051,115,177,-62
112000054,683,1027,-344
112000057,230,132,98
112000058,161,186,-25
112000059,207,83,124
112000061,2715,583,2132
112000062,1282,180,1102
112000063,628,197,431
112000064,2582,2554,28
112000065,1022,1227,-205
112000066,653,253,400
112000067,242,300,-58
112000068,280,218,62
112000069,131,920,-789
112000070,204,105,99
112000071,225,1304,-1079
112000072,161,200,-39
112000073,259,690,-431
112000074,104,182,-78
112000075,149,205,-56
112000076,991,1116,-125
112000077,117,250,-133
112000078,201,264,-63
112000079,322,550,-228
112000080,89,332,-243
112000081,380,721,-341
112000082,188,113,75
112000083,148,693,-545
112000084,220,111,109
112000085,183,539,-356
112000086,229,350,-121
112000087,45,556,-511
112000088,36,199,-163
112000089,20,133,-113
112000090,29,106,-77
112000091,150,497,-347
112000092,169,221,-52
112000093,472,583,-111
112000094,87,268,-181
112000095,146,362,-216
112000096,74,221,-147
112000097,80,107,-27
112000098,145,659,-514
112000099,107,78,29
112000100,147,213,-66
112000101,80,412,-332
112000102,131,128,3
112000103,64,657,-593
112000105,159,912,-753
112000106,122,120,2
112000107,5,21,-16
112000108,67,689,-622
112000109,14,32,-18
112000110,223,131,92
112000111,350,2152,-1802
112000112,387,108,279
112000113,382,1132,-750
112000114,302,232,70
112000115,31,264,-233
112000116,32,307,-275
112000117,47,133,-86
112000118,202,369,-167
112000119,88,381,-293
112000120,14,176,-162
112000121,21,239,-218
112000122,37,24,13
112000123,33,21,12
112000124,16,13,3
112000125,10,41,-31
112000126,16,282,-266
112000127,806,293,513
112000128,449,196,253
112000129,11,36,-25
112000130,14,15,-1
112000131,4,109,-105
112000132,10,104,-94
112000133,43,64,-21
112000134,56,175,-119
112000135,88,185,-97
112000136,134,649,-515
112000137,101,299,-198
112000138,226,622,-396
112000139,142,67,75
112000140,171,445,-274
112000141,148,66,82
112000142,58,359,-301
112000143,131,59,72
112000144,110,795,-685
112000145,291,258,33
112000146,201,1004,-803
112000147,302,386,-84
112000148,410,924,-514
112000149,30,158,-128
112000150,22,244,-222
112000151,82,171,-89
112000152,45,95,-50
112000153,16,66,-50
112000154,15,34,-19
112000155,51,30,21
112000157,115,92,23
112000158,29,175,-146
112000159,113,112,1
112000167,64,4,60
112000169,122,122,0
112000173,65,93,-28
112000175,22,116,-94
112000176,1662,720,942
112000177,54,20,34
112000178,6,154,-148
112000179,47,55,-8
112000180,70,93,-23
112000181,259,698,-439
112000182,75,723,-648
112000183,4,45,-41
112000184,32,107,-75
112000185,63,253,-190
112000187,663,764,-101
112000195,14,0,14
112000196,3,0,3
112000197,4,33,-29
112000198,12,148,-136
112000199,150,367,-217
112000202,0,1,-1
112000216,12,35,-23
112000230,10,0,10
112000231,0,131,-131
112000256,1,9,-8
112000313,17,68,-51
112000314,0,3,-3
112000337,38,174,-136
112000352,43,48,-5
112000392,547,371,176
112000398,179,198,-19
112000399,242,271,-29
112000400,645,1273,-628
112000401,860,1071,-211
112000402,345,438,-93
112000403,289,333,-44
112000404,101,160,-59
112000405,298,565,-267
112000406,1148,1188,-40
112000407,1042,1318,-276
112000408,3163,2444,719
112000409,677,2022,-1345
112000410,20,17,3
112000411,1633,144,1489
112000412,245,44,201
112000413,2886,281,2605
112000414,31,33,-2
112000415,5,21,-16
112000416,393,338,55
112000417,33,14,19
112000421,12,38,-26
112000422,43,141,-98
112000424,647,266,381
112000425,119,544,-425
112000426,13,92,-79
112000427,0,3,-3
112000428,13,148,-135
112000429,471,935,-464
112000430,480,1123,-643
112000431,4,13,-9
112000432,161,939,-778
112000433,170,165,5
112000437,3,169,-166
112900001,2,0,2
112900002,10,571,-561
112900003,2,78,-76
112900004,4,115,-111
112900005,13,113,-100
112900007,1,64,-63
112900008,0,5,-5
112900009,30,8,22
112900010,14,250,-236
112900011,122,80,42
112900012,0,25,-25
112900013,0,42,-42
112900014,0,111,-111
112900015,107,341,-234
112900016,0,48,-48
112900017,7,79,-72
112900018,10,277,-267
112900019,22,41,-19
112900020,151,576,-425
112900021,0,100,-100
112900022,3,29,-26
112900023,0,127,-127
112900024,9,74,-65
112900025,15,42,-27
112900026,2,94,-92
112900027,0,577,-577
112900028,5,30,-25
112900029,1,208,-207
112900030,168,55,113
112900031,0,237,-237
112900032,34,96,-62
112900034,1,18,-17
112900035,1,213,-212
112900036,9,55,-46
112900037,33,19,14
112900038,19,50,-31
112900039,8,118,-110
112900040,3,108,-105
112900041,256,138,118
112900042,12,161,-149
112900043,6,9,-3
112900044,95,79,16
112900045,195,69,126
112900046,68,18,50
112900047,4,3,1
112900049,7,16,-9
112900050,19,208,-189
112900051,98,275,-177
112900052,2,468,-466
112900053,77,25,52
112900054,76,7,69
112900055,30,3,27
112900056,40,29,11
112900057,3,283,-280
112900058,114,38,76
112900059,16,43,-27
112900060,1,60,-59
112900061,10,44,-34
112900062,13,63,-50
112900063,15,0,15
112900064,24,17,7
112900065,4,1,3
112900066,18,13,5
112900067,188,18,170
112900068,1,5,-4
112900069,1011,74,937
112900071,2,1,1
112900072,36,88,-52
112900073,40,11,29
112900074,5,8,-3
112900075,728,66,662
112900076,7,3,4
112900078,22,38,-16
112900079,26,1,25
112900080,8,0,8
112900081,5,11,-6
112900082,31,2,29
112900083,8,10,-2
112900084,29,8,21
112900086,3,0,3
112900087,69,10,59
112900088,0,1,-1
112900089,69,0,69
112900090,1,1,0
112900091,9,0,9
112900092,25,19,6
112900093,96,2,94
112900095,1,1,0
112900096,52,10,42
112900097,6,113,-107
112900098,2,0,2
112900099,87,1,86
112900100,0,0,0
112900101,5,0,5
112900102,12,1,11
112900103,21,0,21
112900104,18,0,18
112900105,0,0,0
112900106,49,18,31
112900107,0,0,0
112900108,4,0,4
112900109,5,0,5
112900110,45,1,44
112900111,46,2,44
112900112,24,1,23
112900113,0,1,-1
112900114,4,0,4
112900115,83,0,83
112900116,5,16,-11
112900117,41,47,-6
112900118,1,18,-17
112900119,2,0,2
112900120,315,73,242
112900121,51,53,-2
112900122,4,29,-25
112900123,50,4,46
112900124,0,43,-43
112900125,3,58,-55
112900126,28,90,-62
112900127,29,6,23
112900128,131,284,-153
112900129,0,358,-358
112900130,23,15,8
112900131,11,137,-126
112900132,25,242,-217
112900133,2,508,-506
112900134,0,116,-116
112900135,19,4,15
112900137,1,388,-387
112900138,0,161,-161
112900139,73,421,-348
112900141,32,3,29
112900142,20,7,13
112900143,11,191,-180
112900144,1,442,-441
112900145,17,150,-133
112900146,1,491,-490
112900147,1,1234,-1233
112900148,0,1,-1
112900149,26,129,-103
112900151,23,14,9
112900152,2285,293,1992
112900153,284,91,193
112900154,2,18,-16
112900155,1,3,-2
112900156,6,677,-671
112900157,19,82,-63
112900158,1,1,0
112900159,17,5,12
112900160,7,93,-86
112900161,9,4,5
112900162,11,5,6
112900163,21,5,16
112900164,6,20,-14
112900165,26,5,21
112900166,4,13,-9
112900167,3,4,-1
112900168,0,0,0
112900169,3,1,2
112900170,6,16,-10
112900172,51,0,51
112900173,55,32,23
112900174,28,2,26
112900175,19,7,12
112900176,3,1,2
112900177,38,8,30
112900178,49,125,-76
112900179,10,261,-251
112900180,87,1054,-967
112900181,49,8,41
112900182,8,676,-668
112900183,22,29,-7
112900184,134,92,42
112900185,26,67,-41
112900186,455,141,314
112900187,6,39,-33
112900188,265,52,213
112900189,0,5,-5
112900190,0,10,-10
112900192,61,33,28
112900193,155,39,116
112900194,3,45,-42
112900195,36,3,33
112900196,92,246,-154
112900197,11,156,-145
112900199,25,210,-185
112900200,36,38,-2
112900201,21,12,9
112900202,4,264,-260
112900203,1,53,-52
112900204,181,77,104
112900205,0,2,-2
112900206,0,18,-18
112900207,2,0,2
112900208,20,17,3
112900209,64,162,-98
112900210,0,8,-8
112900211,5,3,2
112900212,1,29,-28
112900213,0,15,-15
112900214,1,0,1
112900215,0,71,-71
112900216,10,11,-1
112900217,0,28,-28
112900218,0,2,-2
112900219,1,17,-16
112900220,1,0,1
112900221,1,37,-36
112900222,0,12,-12
112900223,55,2,53
112900224,11,281,-270
112900225,30,200,-170
112900226,47,27,20
112900227,26,620,-594
112900228,3,5,-2
112900229,19,28,-9
112900230,2578,434,2144
112900232,35,33,2
112900233,3,73,-70
112900234,0,33,-33
112900235,2,0,2
112900236,15,1,14
112900237,4,121,-117
112900238,1,14,-13
112900239,188,119,69
112900240,2,113,-111
112900241,3,132,-129
112900242,0,150,-150
112900243,3,161,-158
112900244,4,182,-178
112900245,0,37,-37
112900246,4,5,-1
112900247,14,12,2
112900248,19,0,19
112900249,7,2,5
112900250,7,12,-5
112900251,2,6,-4
112900252,4,4,0
112900253,2,10,-8
112900254,0,4,-4
112900255,0,1,-1
112900256,1,2,-1
112900257,6,3,3
112900258,5,10,-5
113000001,1654,1426,228
113000002,1030,977,53
113000003,764,481,283
113000004,792,518,274
113000005,401,313,88
113000006,186,346,-160
113000007,451,398,53
113000008,366,438,-72
113000009,213,388,-175
113000010,211,423,-212
113000011,148,707,-559
113000012,193,178,15
113000013,264,145,119
113000014,560,426,134
113000015,104,44,60
113000016,67,122,-55
113000017,14,105,-91
113000018,33,11,22
113000019,8,97,-89
113000020,5,1,4
113000021,85,213,-128
113000022,112,544,-432
113000025,12,71,-59
113000026,25,84,-59
113000027,126,97,29
113000028,243,112,131
113000029,206,185,21
113000030,240,206,34
113000031,184,75,109
113000032,49,40,9
113000033,113,94,19
113000034,200,108,92
113000035,6,8,-2
113000036,8,15,-7
113000037,19,8,11
113000038,3,17,-14
113000039,50,173,-123
113000040,39,49,-10
113000042,150,75,75
113000051,153,498,-345
113000052,731,308,423
113000053,72,231,-159
113000054,67,187,-120
113000055,251,285,-34
113000056,221,722,-501
113000058,264,475,-211
113000059,228,157,71
113000060,20,283,-263
113000061,388,370,18
113000062,315,50,265
113000063,4,76,-72
113000064,3,116,-113
113000065,29,556,-527
113000066,77,38,39
113000067,195,322,-127
113000068,65,740,-675
113000069,113,497,-384
113000070,201,190,11
113000071,75,246,-171
113000072,108,110,-2
113000073,141,487,-346
113000074,275,91,184
113000075,489,102,387
113000076,415,493,-78
113000077,278,98,180
113000078,311,575,-264
113000079,397,238,159
113000080,179,133,46
113000081,209,153,56
113000082,365,347,18
113000083,124,119,5
113000084,410,424,-14
113000085,132,128,4
113000086,217,432,-215
113000087,241,243,-2
113000088,679,435,244
113000089,193,399,-206
113000090,33,49,-16
113000091,234,78,156
113000094,103,46,57
113000095,112,425,-313
113000096,47,343,-296
113000097,89,72,17
113000098,17,10,7
113000099,121,52,69
113000100,63,140,-77
113000101,93,184,-91
113000102,45,44,1
113000103,893,262,631
113000104,135,745,-610
113000105,73,135,-62
113000106,156,245,-89
113000107,145,311,-166
113000108,239,621,-382
113000109,162,597,-435
113000110,511,90,421
113000111,38,193,-155
113000112,91,99,-8
113000113,751,91,660
113000114,205,250,-45
113000116,215,96,119
113000117,216,45,171
113000118,26,60,-34
113000119,55,94,-39
113000120,10,73,-63
113000121,107,215,-108
113000124,25,32,-7
113000125,7,170,-163
113000127,1483,209,1274
113000128,93,135,-42
113000129,424,391,33
113000133,1482,230,1252
113000134,1,147,-146
113000135,521,466,55
113000137,401,189,212
113000139,112,31,81
113000140,89,70,19
113000141,90,14,76
113000142,206,211,-5
113000143,102,27,75
113000144,105,216,-111
113000145,15,45,-30
113000146,17,30,-13
113000147,27,22,5
113000148,22,53,-31
113000149,33,30,3
113000150,148,113,35
113000151,50,21,29
113000152,13,76,-63
113000153,572,163,409
113000154,200,322,-122
113000155,115,102,13
113000156,58,118,-60
113000157,86,256,-170
113000158,227,79,148
113000159,272,164,108
113000160,175,450,-275
113000161,62,272,-210
113000162,214,140,74
113000163,10,15,-5
113000164,9,23,-14
113000166,8,8,0
113000167,16,96,-80
113000168,8,118,-110
113000169,9,14,-5
113000170,20,11,9
113000171,19,38,-19
113000172,44,21,23
113000173,10,3,7
113000174,44,292,-248
113000175,60,20,40
113000176,77,17,60
113000177,43,227,-184
113000178,69,190,-121
113000179,29,12,17
113000180,102,446,-344
113000181,256,366,-110
113000182,60,82,-22
113000183,59,237,-178
113000184,8,36,-28
113000189,118,204,-86
113000190,440,107,333
113000192,1154,439,715
113000193,1497,381,1116
113000194,483,352,131
113000195,475,199,276
113000196,24,16,8
113000197,226,207,19
113000198,8,84,-76
113000199,137,157,-20
113000201,42,56,-14
113000202,884,192,692
113000203,36,8,28
113000204,413,372,41
113000205,4,8,-4
113000206,2,11,-9
113000207,20,5,15
113000208,8,11,-3
113000209,3,13,-10
113000210,4,7,-3
113000211,153,57,96
113000212,107,5,102
113000213,5,28,-23
113000214,19,79,-60
113000234,34,500,-466
113000410,25,29,-4
113000411,952,1561,-609
113000412,5008,668,4340
113000413,1703,709,994
113000414,4382,2313,2069
113000415,1010,832,178
113000416,3023,1029,1994
113000417,1025,728,297
113000418,1258,923,335
113000419,490,500,-10
113000420,1188,666,522
113000421,1064,1080,-16
113000422,7042,1791,5251
113000423,1228,955,273
113000424,2076,2020,56
113000425,1,20,-19
113000428,2,3,-1
113000430,3,0,3
113000432,246,27,219
113000433,55,327,-272
113000434,5,173,-168
113000435,4,380,-376
113000436,31,546,-515
113000437,42,1,41
113000438,38,0,38
113000439,2,74,-72
113000440,13,7,6
113000441,14,80,-66
113000442,24,140,-116
113000443,12,78,-66
113000444,17,147,-130
113000445,8,36,-28
113000446,14,33,-19
113000448,68,32,36
113000449,69,94,-25
113000450,198,254,-56
113000451,544,25,519
113000452,90,53,37
113000453,67,93,-26
113000454,112,8,104
113000455,10,75,-65
113000456,942,474,468
113000468,923,67,856
113000469,33,18,15
113000470,156,17,139
113000471,5,82,-77
113000472,16,71,-55
113000474,72,317,-245
113000475,512,758,-246
113000476,281,722,-441
113000477,617,895,-278
113000478,1002,2055,-1053
113000479,6,132,-126
113000485,0,0,0
113000486,0,0,0
113000487,0,0,0
113000488,0,0,0
113000489,0,0,0
113000490,0,0,0
113000491,0,0,0
113000492,0,0,0
113000493,0,0,0
113000495,81,110,-29
113000496,18,15,3
113000499,0,0,0
113900001,0,4,-4
113900002,0,9,-9
113900003,0,4,-4
113900004,0,1,-1
113900005,0,3,-3
113900006,0,4,-4
113900007,3,1,2
113900008,1,0,1
113900009,1,0,1
113900010,3,1,2
113900011,0,2,-2
113900012,0,0,0
113900013,7,1,6
113900014,199,0,199
113900015,0,19,-19
113900016,4,0,4
113900017,0,12,-12
113900018,125,20,105
113900019,9,11,-2
113900020,7,0,7
113900022,1,0,1
113900023,0,0,0
113900024,10,19,-9
113900025,80,0,80
113900026,3,0,3
113900027,0,17,-17
113900028,4,122,-118
113900029,15,159,-144
113900030,15,0,15
113900031,0,0,0
113900032,4,0,4
113900033,6,17,-11
113900035,2,0,2
113900036,6,22,-16
113900037,11,223,-212
113900038,20,7,13
113900039,12,2,10
113900040,0,0,0
113900041,0,0,0
113900042,11,11,0
113900043,46,21,25
113900044,47,3,44
113900045,5,0,5
113900046,77,260,-183
113900047,2,28,-26
113900048,122,7,115
113900049,286,20,266
113900050,35,116,-81
113900051,33,138,-105
113900052,48,33,15
113900053,71,21,50
113900054,0,1,-1
113900055,17,236,-219
113900056,4,29,-25
113900057,9,96,-87
113900058,7,57,-50
113900059,38,103,-65
113900060,43,68,-25
113900061,174,6,168
113900062,12,0,12
113900063,6,36,-30
113900064,22,52,-30
113900065,124,2,122
113900066,20,136,-116
113900067,7,104,-97
113900068,45,54,-9
113900069,21,1,20
113900070,40,132,-92
113900071,5,12,-7
113900072,5,32,-27
113900073,60,124,-64
113900074,7,187,-180
113900075,182,210,-28
113900076,12,0,12
113900077,7,96,-89
113900078,3,15,-12
113900079,0,8,-8
113900080,54,37,17
113900081,10,56,-46
113900082,18,60,-42
113900083,18,241,-223
113900084,34,15,19
113900085,13,145,-132
113900086,1,6,-5
113900087,4,61,-57
113900088,13,22,-9
113900089,68,5,63
113900090,84,65,19
113900091,5,5,0
113900092,10,19,-9
113900093,15,116,-101
113900094,11,150,-139
113900095,16,24,-8
113900096,25,13,12
113900097,0,38,-38
113900098,55,19,36
113900099,0,15,-15
113900100,1,1,0
113900101,5,6,-1
113900102,12,16,-4
113900103,63,45,18
113900104,11,27,-16
113900105,8,145,-137
113900106,0,25,-25
113900107,2,12,-10
113900108,30,41,-11
113900109,54,23,31
113900110,4,13,-9
113900111,12,21,-9
113900112,40,67,-27
113900113,96,90,6
113900114,0,27,-27
113900115,0,42,-42
113900116,16,26,-10
113900117,6,2,4
113900118,33,27,6
113900119,102,54,48
113900120,5,5,0
113900121,7,46,-39
113900122,71,324,-253
113900123,50,54,-4
113900124,1,53,-52
113900125,363,48,315
113900126,7,5,2
113900127,39,72,-33
113900128,13,21,-8
113900129,2,11,-9
113900130,1,5,-4
113900131,16,7,9
113900132,10,1,9
113900133,8,7,1
113900135,38,136,-98
113900136,17,16,1
113900137,55,47,8
113900138,5,24,-19
113900139,209,25,184
113900140,62,37,25
113900141,35,131,-96
113900142,6,23,-17
113900143,8,1,7
113900144,60,21,39
113900145,16,46,-30
113900146,5,13,-8
113900148,35,48,-13
113900149,26,6,20
113900150,460,110,350
113900151,17,47,-30
113900152,6,29,-23
113900153,171,97,74
113900154,0,47,-47
113900155,65,15,50
113900156,45,196,-151
113900157,4,80,-76
113900158,91,35,56
113900159,1,81,-80
113900160,94,259,-165
113900161,3,23,-20
113900162,119,86,33
113900163,29,45,-16
113900164,22,6,16
113900165,188,132,56
113900166,14,35,-21
113900167,21,35,-14
113900168,28,39,-11
113900169,46,140,-94
113900171,15,3,12
113900172,3,74,-71
113900173,32,219,-187
113900174,64,261,-197
113900175,40,15,25
113900176,20,259,-239
113900177,73,60,13
113900178,30,12,18
113900179,4,265,-261
113900180,17,22,-5
113900181,84,10,74
113900182,49,237,-188
113900183,12,15,-3
113900184,10,230,-220
113900185,67,22,45
113900186,1,13,-12
113900187,8,50,-42
113900188,12,33,-21
113900189,15,7,8
113900190,134,16,118
113900191,29,45,-16
113900192,0,40,-40
113900193,0,124,-124
113900194,669,192,477
113900195,120,171,-51
113900196,0,59,-59
113900197,0,98,-98
113900198,2,36,-34
113900199,73,167,-94
113900200,1,54,-53
113900201,1,97,-96
113900202,9,56,-47
113900203,1,119,-118
113900204,4,230,-226
113900205,3,19,-16
113900206,0,30,-30
113900207,0,21,-21
113900208,0,37,-37
113900209,0,35,-35
113900210,118,57,61
113900211,32,5,27
113900212,5,237,-232
113900214,128,111,17
113900215,3,22,-19
113900216,10,467,-457
113900217,5,135,-130
113900218,14,4,10
113900219,34,151,-117
113900220,22,10,12
113900221,48,36,12
113900222,30,46,-16
113900223,11,462,-451
113900224,50,18,32
113900225,174,48,126
113900226,51,24,27
113900227,65,29,36
113900228,140,77,63
113900229,2,105,-103
113900230,1133,181,952
113900231,14,48,-34
113900232,17,32,-15
113900233,3,22,-19
113900234,14,67,-53
113900235,2,5,-3
113900236,4,106,-102
113900237,17,1,16
113900238,37,109,-72
113900239,6,14,-8
113900240,0,32,-32
113900241,19,9,10
113900242,6,49,-43
113900243,25,70,-45
113900244,136,27,109
113900245,441,53,388
113900246,4,3,1
113900247,31,79,-48
113900248,1199,206,993
113900249,269,34,235
113900250,5,23,-18
113900251,76,89,-13
113900252,72,1,71
113900253,64,6,58
113900254,68,11,57
113900255,50,4,46
113900256,44,4,40
113900257,26,281,-255
113900258,7,241,-234
113900259,51,81,-30
113900260,9,12,-3
113900261,2,59,-57
113900262,33,299,-266
113900263,36,137,-101
113900264,4,298,-294
113900265,28,114,-86
113900266,4,88,-84
113900267,11,142,-131
113900268,46,64,-18
113900269,31,34,-3
113900270,54,82,-28
113900271,60,434,-374
113900273,0,1,-1
113900274,4,1,3
113900275,2,13,-11
113900276,2,100,-98
113900277,7,0,7
113900278,54,61,-7
113900279,29,41,-12
113900280,238,133,105
113900281,50,288,-238
113900282,221,71,150
113900283,62,93,-31
113900284,178,17,161
113900285,34,4,30
113900286,1,54,-53
113900287,5,69,-64
113900288,0,30,-30
113900289,587,20,567
113900290,137,13,124
113900291,60,57,3
113900292,1,0,1
113900293,1,48,-47
113900294,55,3,52
113900295,86,74,12
113900296,930,66,864
113900297,83,3,80
113900298,1,554,-553
113900299,4,78,-74
113900300,2099,361,1738
113900301,115,29,86
113900302,671,150,521
113900303,161,26,135
113900304,1,75,-74
113900305,5,0,5
113900306,0,0,0
113900307,24,0,24
113900308,27,17,10
113900309,1,360,-359
113900310,0,2,-2
113900311,0,0,0
113900312,27,57,-30
113900313,20,1,19
113900314,0,1,-1
113900315,0,1,-1
114000001,325,1044,-719
114000002,37,183,-146
114000003,71,709,-638
114000004,76,121,-45
114000005,66,109,-43
114000006,906,817,89
114000007,167,553,-386
114000008,671,308,363
114000009,67,67,0
114000011,764,1101,-337
114000012,388,996,-608
114000013,209,739,-530
114000014,129,194,-65
114000015,174,189,-15
114000016,107,189,-82
114000017,39,48,-9
114000018,123,31,92
114000026,174,580,-406
114000027,304,661,-357
114000028,414,577,-163
114000038,17,60,-43
114000039,80,106,-26
114000040,26,59,-33
114000042,29,95,-66
114000043,18,122,-104
114000044,29,91,-62
114000045,12,35,-23
114000046,714,1780,-1066
114000047,1,27,-26
114000048,21,70,-49
114000049,436,287,149
114000050,278,266,12
114000051,911,286,625
114000052,865,189,676
114000053,7,103,-96
114000054,3,423,-420
114000055,29,4,25
114000056,232,158,74
114000057,3302,884,2418
114000058,95,121,-26
114000059,34,38,-4
114000060,107,302,-195
114000061,860,238,622
114000062,317,130,187
114000063,1173,610,563
114000064,2466,692,1774
114000065,552,642,-90
114000066,40,190,-150
114000067,3,18,-15
114000068,128,114,14
114000069,134,128,6
114000070,525,220,305
114000071,66,260,-194
114000072,26,120,-94
114000073,0,23,-23
114000074,5,9,-4
114000075,15,32,-17
114000076,2,26,-24
114000077,0,7,-7
114000078,14,516,-502
114000079,20,10,10
114000080,14,12,2
114000081,1,0,1
114000082,29,254,-225
114000083,3,75,-72
114000084,28,18,10
114000085,31,309,-278
114000086,16,212,-196
114000087,8,111,-103
114000088,3,7,-4
114000089,376,82,294
114000090,50,37,13
114000091,285,87,198
114000092,244,81,163
114000093,173,204,-31
114000094,103,91,12
114000095,23,6,17
114000096,23,122,-99
114000097,34,199,-165
114000098,34,3,31
114000099,34,472,-438
114000100,126,191,-65
114000101,88,559,-471
114000102,27,44,-17
114000103,36,299,-263
114000104,1,82,-81
114000105,11,40,-29
114000106,281,115,166
114000107,34,40,-6
114000108,1084,532,552
114000109,27,80,-53
114000110,97,606,-509
114000111,60,58,2
114000112,81,913,-832
114000113,91,57,34
114000114,310,730,-420
114000115,168,35,133
114000116,56,133,-77
114000117,101,74,27
114000118,108,79,29
114000119,100,54,46
114000120,216,516,-300
114000121,128,281,-153
114000122,75,87,-12
114000123,98,55,43
114000124,28,45,-17
114000125,317,671,-354
114000126,77,30,47
114000127,17,39,-22
114000128,51,172,-121
114000130,21,12,9
114000131,12,3,9
114000132,138,315,-177
114000133,329,475,-146
114000134,15,83,-68
114000138,16,105,-89
114000139,65,46,19
114000144,87,62,25
114000145,11,63,-52
114000146,13,112,-99
114000147,167,180,-13
114000148,529,61,468
114000149,23,17,6
114000150,519,321,198
114000151,588,273,315
114000152,21,4,17
114000153,398,549,-151
114000154,213,280,-67
114000155,306,454,-148
114000156,165,90,75
114000157,66,197,-131
114000158,849,213,636
114000159,61,129,-68
114000160,18,93,-75
114000161,370,112,258
114000162,220,135,85
114000163,3,58,-55
114000165,59,43,16
114000166,75,18,57
114000167,1376,356,1020
114000168,260,228,32
114000169,290,87,203
114000170,122,62,60
114000171,108,90,18
114000174,62,171,-109
114000176,186,151,35
114000177,789,195,594
114000178,9,31,-22
114000179,177,27,150
114000180,108,188,-80
114000181,373,526,-153
114000182,1593,784,809
114000183,455,489,-34
114000184,2669,737,1932
114000185,123,80,43
114000189,20,10,10
114000190,105,26,79
114000191,10,6,4
114000192,100,462,-362
114000193,327,1329,-1002
114000194,315,536,-221
114000195,10,0,10
114000196,4,122,-118
114000197,97,17,80
114000198,392,149,243
114000199,662,354,308
114000200,163,894,-731
114000201,30,343,-313
114000202,197,295,-98
114000203,151,509,-358
114000204,41,145,-104
114000205,63,750,-687
114000206,189,707,-518
114000207,460,1026,-566
114000208,120,1229,-1109
114000209,205,1550,-1345
114000210,106,1017,-911
114000211,169,512,-343
114000212,86,241,-155
114000213,279,219,60
114000214,9,73,-64
114000215,10,21,-11
114000216,59,7,52
114000217,2,103,-101
114000218,45,140,-95
114000219,88,89,-1
114000220,7,592,-585
114000221,81,22,59
114000222,42,495,-453
114000223,33,10,23
114000224,33,275,-242
114000225,18,216,-198
114000226,13,116,-103
114000227,131,194,-63
114000228,162,326,-164
114000229,155,497,-342
114000230,242,557,-315
114000231,154,520,-366
114000232,54,65,-11
114000233,199,40,159
114000234,248,373,-125
114000235,227,712,-485
114000236,0,334,-334
114000237,18,534,-516
114000238,5,36,-31
114000239,59,584,-525
114000240,116,282,-166
114000241,70,466,-396
114000242,320,371,-51
114000243,190,238,-48
114000244,51,30,21
114000245,108,337,-229
114000246,60,27,33
114000247,69,204,-135
114000248,103,120,-17
114000249,120,159,-39
114000250,21,185,-164
114000251,29,150,-121
114000252,27,40,-13
114000253,1,25,-24
114000254,2,26,-24
114000255,105,50,55
114000256,299,106,193
114000257,359,954,-595
114000258,23,170,-147
114000259,4,132,-128
114000260,0,7,-7
114000261,1,0,1
114000262,9,76,-67
114000263,0,0,0
114000264,73,234,-161
114000265,0,0,0
114000267,2,410,-408
114000268,0,848,-848
114000270,0,4,-4
114000271,48,42,6
114000283,53,113,-60
114000285,15,123,-108
114000288,14,181,-167
114000289,210,67,143
114000293,24,165,-141
114000294,28,55,-27
114000395,74,6,68
114000396,41,69,-28
114000402,58,122,-64
114000403,57,202,-145
114000405,32,269,-237
114000423,11,251,-240
114000424,26,76,-50
114000425,48,294,-246
114000426,8,23,-15
114000427,23,60,-37
114000428,71,13,58
114000429,2,67,-65
114000432,8,43,-35
114000434,12,21,-9
114000435,0,80,-80
114900001,59,632,-573
114900002,54,10,44
114900003,34,871,-837
114900004,31,20,11
114900005,74,388,-314
114900006,5,4,1
114900007,7,2,5
114900008,20,9,11
114900010,821,302,519
114900011,7,29,-22
114900013,12,17,-5
114900020,13,26,-13
114900025,35,77,-42
114900026,36,13,23
114900029,36,9,27
114900030,32,68,-36
114900031,17,16,1
114900032,14,13,1
114900034,40,99,-59
114900035,28,62,-34
114900036,68,496,-428
114900039,68,366,-298
114900040,13,78,-65
114900041,71,353,-282
114900042,111,495,-384
114900044,6,3,3
114900047,27,327,-300
114900048,6,73,-67
114900049,17,141,-124
114900050,13,237,-224
114900051,2,227,-225
114900052,22,52,-30
114900053,6,61,-55
114900054,23,56,-33
114900057,32,0,32
114900058,0,47,-47
114900059,5,8,-3
114900063,3,73,-70
114900064,147,343,-196
114900065,61,265,-204
114900067,5,131,-126
114900068,41,153,-112
114900069,102,54,48
114900070,50,256,-206
114900072,3,87,-84
114900073,0,80,-80
114900074,27,281,-254
114900075,20,2,18
114900076,0,182,-182
114900080,1082,99,983
114900082,1326,449,877
114900083,54,200,-146
114900090,21,30,-9
114900091,24,31,-7
114900097,3,3,0
114900098,1,56,-55
114900099,20,0,20
115000001,3862,2657,1205
115000002,862,518,344
115000003,1411,2006,-595
115000004,452,931,-479
115000005,422,1332,-910
115000006,92,311,-219
115000007,33,42,-9
115000008,108,118,-10
115000009,41,165,-124
115000010,49,19,30
115000013,13,34,-21
115000015,34,57,-23
115000016,91,62,29
115000019,7,94,-87
115000020,46,22,24
115000021,147,170,-23
115000022,139,124,15
115000023,20,13,7
115000024,387,206,181
115000025,43,10,33
115000026,35,122,-87
115000027,0,0,0
115000028,46,196,-150
115000029,0,0,0
115000030,34,337,-303
115000031,2,0,2
115000032,2,133,-131
115000033,1,3,-2
115000034,23,353,-330
115000035,37,2,35
115000036,0,161,-161
115000037,7,0,7
115000038,13,64,-51
115000039,720,424,296
115000040,1768,831,937
115000041,209,520,-311
115000042,144,151,-7
115000043,761,609,152
115000044,1313,1904,-591
115000045,547,1184,-637
115000046,256,615,-359
115000047,320,562,-242
115000048,518,1527,-1009
115000049,425,1133,-708
115000050,439,403,36
115000051,616,274,342
115000052,1424,818,606
115000053,380,348,32
115000054,306,493,-187
115000055,10,253,-243
115000056,15,69,-54
115000057,57,199,-142
115000058,31,42,-11
115000059,44,93,-49
115000061,8,6,2
115000062,28,111,-83
115000063,8,134,-126
115000064,5,18,-13
115000065,3,80,-77
115000067,0,0,0
115000069,6,84,-78
115000070,6,117,-111
115000071,12,1,11
115000072,19,14,5
115000073,189,4,185
115000075,0,13,-13
115000076,1028,1157,-129
115000077,237,1632,-1395
115000078,133,752,-619
115000079,180,1051,-871
115000080,353,1323,-970
115000081,176,394,-218
115000082,576,829,-253
115000083,377,1650,-1273
115000084,131,283,-152
115000085,132,509,-377
115000086,82,239,-157
115000087,173,610,-437
115000088,359,125,234
115000089,726,781,-55
115000090,169,27,142
115000091,105,517,-412
115000092,79,154,-75
115000093,0,0,0
115000094,2687,1022,1665
115000095,2335,1226,1109
115000096,104,759,-655
115000097,85,273,-188
115000098,130,378,-248
115000099,155,1179,-1024
115000100,75,113,-38
115000101,132,641,-509
115000102,58,57,1
115000103,160,431,-271
115000105,18,92,-74
115000106,27,64,-37
115000107,59,270,-211
115000108,1315,1469,-154
115000109,1559,346,1213
115000110,303,218,85
115000111,127,482,-355
115000112,109,130,-21
115000113,138,244,-106
115000114,371,229,142
115000116,635,278,357
115000117,798,315,483
115000118,348,342,6
115000119,432,370,62
115000120,152,196,-44
115000121,705,202,503
115000122,969,187,782
115000123,307,282,25
115000124,149,157,-8
115000125,59,164,-105
115000126,36,72,-36
115000127,63,35,28
115000128,254,188,66
115000129,46,50,-4
115000130,41,285,-244
115000131,49,92,-43
115000132,14,139,-125
115000133,41,103,-62
115000134,13,72,-59
115000135,15,93,-78
115000136,15,42,-27
115000137,16,85,-69
115000138,25,38,-13
115000139,81,125,-44
115000140,25,41,-16
115000141,39,113,-74
115000142,22,135,-113
115000143,39,123,-84
115000144,93,29,64
115000145,43,264,-221
115000146,29,48,-19
115000147,38,295,-257
115000148,72,492,-420
115000149,77,56,21
115000150,228,505,-277
115000151,137,96,41
115000152,90,734,-644
115000153,56,107,-51
115000154,108,84,24
115000155,126,490,-364
115000156,185,133,52
115000157,238,304,-66
115000158,224,75,149
115000159,180,64,116
115000160,142,57,85
115000161,85,147,-62
115000162,92,108,-16
115000163,218,271,-53
115000164,193,204,-11
115000165,72,61,11
115000167,6,16,-10
115000168,99,49,50
115000169,141,180,-39
115000170,40,86,-46
115000171,56,25,31
115000172,607,185,422
115000173,34,35,-1
115000174,15,18,-3
115000175,19,68,-49
115000176,16,2,14
115000177,14,31,-17
115000178,2,103,-101
115000179,0,5,-5
115000180,5,247,-242
115000181,45,16,29
115000182,51,63,-12
115000183,24,396,-372
115000186,73,62,11
115000187,19,268,-249
115000188,41,114,-73
115000189,72,173,-101
115000190,57,64,-7
115000191,35,109,-74
115000194,27,24,3
115000195,19,11,8
115000196,18,21,-3
115000197,20,248,-228
115000198,16,40,-24
115000199,29,140,-111
115000200,21,23,-2
115000201,14,173,-159
115000206,0,0,0
115000207,4,114,-110
115000208,131,286,-155
115000209,51,30,21
115000210,11,22,-11
115000211,51,80,-29
115000212,417,111,306
115000224,6,7,-1
115000225,12,4,8
115000229,28,26,2
115000230,1,86,-85
115000231,106,1020,-914
115000232,110,206,-96
115000233,7,91,-84
115000234,2,80,-78
115000241,8,44,-36
115000242,12,73,-61
115000243,8,101,-93
115000244,0,36,-36
115000246,4,5,-1
115000247,1,0,1
115000248,2,1,1
115000249,4,0,4
115000250,30,22,8
115000251,15,28,-13
115000252,3,42,-39
115000253,1,26,-25
115000258,12,30,-18
115000259,45,30,15
115000261,1,2,-1
115000262,0,4,-4
115000263,0,16,-16
115000264,0,3,-3
115000267,1,14,-13
115000268,7,33,-26
115000269,3,7,-4
115000270,0,5,-5
115000272,2,27,-25
115000273,20,5,15
115000280,104,0,104
115000281,167,17,150
115000282,74,28,46
115000284,62,19,43
115000296,77,0,77
115000297,1,0,1
115000298,24,15,9
115000300,3,71,-68
115000302,8,18,-10
115000303,22,10,12
115000304,25,4,21
115000305,9,515,-506
115000306,11,258,-247
115000307,4,106,-102
115000308,8,2,6
115000310,143,664,-521
115000311,51,354,-303
115000313,42,317,-275
115000314,14,6,8
115000315,417,94,323
115000316,4,7,-3
115000317,17,190,-173
115000318,56,71,-15
115000319,21,169,-148
115000320,2,52,-50
115000321,33,1,32
115000322,5,144,-139
115000449,19,17,2
115000557,0,68,-68
115000558,6,4,2
115000587,28,58,-30
115000588,793,2062,-1269
115000589,701,793,-92
115000590,147,631,-484
115000591,85,134,-49
115000592,170,612,-442
115000593,111,85,26
115000594,235,564,-329
115000609,39,47,-8
115000617,200,146,54
115000624,9,22,-13
115000633,24,609,-585
115000634,316,87,229
115000635,25,7,18
115000638,367,135,232
115000641,28,31,-3
115000642,55,32,23
115000643,25,126,-101
115000644,55,131,-76
115000646,219,226,-7
115000647,23,140,-117
115000648,129,552,-423
115000893,361,58,303
115000894,26,531,-505
115000895,138,390,-252
115000896,143,22,121
115000897,47,7,40
115000898,186,6,180
115000899,349,251,98
115000900,10,90,-80
115000901,41,22,19
115000912,17,1,16
115000913,1,4,-3
115000915,2,0,2
115000916,0,0,0
115000917,0,0,0
115000918,0,0,0
115000919,0,0,0
115000920,2,8,-6
115000921,478,17,461
115000922,109,17,92
115000923,123,306,-183
115000925,14,25,-11
115000927,2,3,-1
115000933,78,32,46
115000934,5,24,-19
115000935,4,19,-15
115000936,0,0,0
115000937,427,30,397
115000938,70,21,49
115000939,45,40,5
115000940,0,0,0
115000941,0,0,0
115000942,0,2,-2
115000943,20,6,14
115000944,0,1,-1
115900001,2,30,-28
115900002,16,23,-7
115900003,8,11,-3
115900004,0,10,-10
115900005,5,2,3
115900006,3,75,-72
115900008,1,3,-2
115900009,4,60,-56
115900010,9,22,-13
115900011,25,83,-58
115900012,1,7,-6
115900013,33,8,25
115900014,30,69,-39
115900015,1,23,-22
115900016,8,0,8
115900017,0,0,0
115900018,61,28,33
115900019,12,2,10
115900020,0,0,0
115900021,774,31,743
115900022,563,0,563
115900023,1,0,1
115900025,20,36,-16
115900026,246,61,185
115900027,0,163,-163
115900028,230,10,220
115900029,0,197,-197
115900030,6,2,4
115900031,105,13,92
115900032,37,75,-38
115900033,0,23,-23
115900034,3,190,-187
115900035,4,24,-20
115900036,50,45,5
115900037,8,190,-182
115900038,1,1,0
115900039,9,121,-112
115900041,43,63,-20
115900042,1,0,1
115900043,2,50,-48
115900044,38,23,15
115900046,32,114,-82
115900047,7,6,1
115900049,5,55,-50
115900051,0,16,-16
115900052,11,215,-204
115900053,9,55,-46
115900054,2,26,-24
115900055,17,103,-86
115900056,9,118,-109
115900057,1,0,1
115900058,26,30,-4
115900060,1,33,-32
115900061,0,0,0
115900062,3,145,-142
115900063,18,3,15
115900064,59,67,-8
115900065,2,30,-28
115900066,68,62,6
115900067,0,388,-388
115900068,1989,21,1968
115900069,11,58,-47
115900070,9,48,-39
115900071,1,255,-254
115900072,40,91,-51
115900073,2,3,-1
115900074,1,181,-180
115900075,11,86,-75
115900076,1,32,-31
115900077,0,199,-199
115900078,6,35,-29
115900079,5,1,4
115900080,66,31,35
115900081,4,40,-36
115900082,10,42,-32
115900084,16,4,12
115900085,22,16,6
115900086,295,87,208
115900088,1,6,-5
115900089,36,461,-425
115900090,10,7,3
115900091,0,2,-2
115900092,3,100,-97
115900093,1,26,-25
115900094,2,197,-195
115900096,0,6,-6
115900097,7,282,-275
115900098,29,142,-113
115900099,0,36,-36
115900100,3,134,-131
115900101,38,157,-119
115900102,3,16,-13
115900103,59,70,-11
115900104,3,43,-40
115900105,11,234,-223
115900106,0,0,0
115900107,3,75,-72
115900108,4,15,-11
115900109,10,107,-97
115900110,0,1,-1
115900111,0,31,-31
115900112,4,216,-212
115900113,3,1,2
115900114,0,102,-102
115900115,2,32,-30
115900116,21,335,-314
115900117,3,2,1
115900118,5,253,-248
115900119,2,33,-31
115900120,3,79,-76
115900121,16,42,-26
115900124,14,34,-20
115900125,23,7,16
115900126,14,5,9
115900127,46,3,43
115900128,1,53,-52
115900129,53,3,50
115900130,4,105,-101
115900131,12,1,11
115900132,17,1,16
115900134,8,4,4
115900135,225,129,96
115900137,2,0,2
115900139,26,18,8
115900140,10,3,7
115900141,0,5,-5
115900142,2,2,0
115900143,6,66,-60
115900144,4,44,-40
115900146,3,50,-47
115900147,7,17,-10
115900148,0,0,0
115900149,4,21,-17
115900150,1,12,-11
115900151,0,12,-12
115900152,4,88,-84
115900153,5,57,-52
115900154,76,57,19
115900155,0,15,-15
115900156,86,103,-17
115900157,4,64,-60
115900158,6,4,2
115900159,3,50,-47
115900160,1,1,0
115900161,0,30,-30
115900163,10,14,-4
115900164,16,23,-7
115900166,49,47,2
115900168,4,48,-44
115900171,4,64,-60
115900172,5,35,-30
115900173,17,29,-12
115900174,61,46,15
115900175,10,44,-34
115900178,1,385,-384
115900179,14,2,12
115900180,8,91,-83
115900181,13,156,-143
115900182,37,155,-118
115900183,17,5,12
115900184,91,2,89
115900187,1,40,-39
115900189,0,18,-18
115900190,47,52,-5
115900191,6,125,-119
115900192,1,8,-7
115900193,9,4,5
115900194,29,3,26
115900195,26,66,-40
115900198,27,40,-13
115900199,33,37,-4
115900200,38,52,-14
115900201,11,98,-87
115900202,0,0,0
115900203,0,0,0
115900204,0,0,0
115900205,4,0,4
115900206,3,40,-37
115900207,1,1,0
115900208,6,104,-98
115900209,0,31,-31
115900210,0,61,-61
115900211,0,49,-49
115900212,9,61,-52
115900213,6,1,5
115900214,40,93,-53
115900215,1,6,-5
115900216,0,68,-68
115900217,0,33,-33
115900218,1,32,-31
115900219,3,1,2
115900220,3,1,2
115900221,0,0,0
115900222,1,3,-2
115900223,0,5,-5
115900224,245,26,219
115900225,30,5,25
115900226,2,7,-5
115900227,0,9,-9
115900228,0,10,-10
115900229,0,13,-13
115900230,7,20,-13
115900231,12,1,11
115900232,0,0,0
115900233,3,2,1
115900234,5,2,3
115900235,0,1,-1
115900236,11,5,6
115900237,0,32,-32
115900238,1,4,-3
115900239,1,27,-26
115900240,0,31,-31
115900241,4,9,-5
115900242,23,14,9
115900243,1,0,1
115900244,2,2,0
115900245,2,0,2
115900246,2,1,1
115900247,1,1,0
115900248,4,0,4
115900249,0,1,-1
115900250,0,0,0
115900251,0,3,-3
115900252,0,1,-1
115900253,2,4,-2
115900254,4,4,0
115900255,2,8,-6
115900256,7,8,-1
115900257,0,9,-9
115900258,0,0,0
115900259,0,0,0
115900260,4,1,3
115900261,1,1,0
115900262,0,1,-1
115900263,6,0,6
115900264,1,2,-1
115900265,5,1,4
115900266,0,0,0
115900267,0,2,-2
115900268,3,5,-2
115900269,18,103,-85
115900270,23,235,-212
115900271,2,0,2
115900272,1,1,0
115900273,1,0,1
115900274,1,2,-1
115900275,0,16,-16
115900276,0,21,-21
115900277,0,52,-52
115900278,4,30,-26
115900279,7,25,-18
115900280,3,58,-55
115900281,124,28,96
115900282,4,5,-1
115900283,1,0,1
115900284,2,3,-1
116000001,7906,1661,6245
116000002,972,616,356
116000003,455,775,-320
116000004,397,306,91
116000005,621,948,-327
116000006,423,361,62
116000007,976,1613,-637
116000008,585,435,150
116000009,495,1235,-740
116000010,222,197,25
116000011,217,689,-472
116000012,232,203,29
116000013,5968,1510,4458
116000014,8304,1037,7267
116000015,120,171,-51
116000016,2649,329,2320
116000017,18,181,-163
116000018,180,108,72
116000019,111,118,-7
116000020,115,393,-278
116000021,25,97,-72
116000022,81,99,-18
116000023,101,138,-37
116000024,161,480,-319
116000025,74,202,-128
116000026,418,771,-353
116000027,197,220,-23
116000028,63,78,-15
116000029,313,165,148
116000030,10,28,-18
116000031,57,67,-10
116000032,14,88,-74
116000033,15,106,-91
116000034,23,211,-188
116000035,57,190,-133
116000036,495,89,406
116000037,118,59,59
116000038,75,38,37
116000039,260,109,151
116000040,86,21,65
116000041,90,192,-102
116000042,97,32,65
116000043,23,205,-182
116000044,4,20,-16
116000045,117,108,9
116000046,350,367,-17
116000047,623,582,41
116000048,213,261,-48
116000049,105,319,-214
116000050,354,529,-175
116000051,428,244,184
116000052,1111,1188,-77
116000053,223,115,108
116000054,179,718,-539
116000055,102,458,-356
116000056,33,120,-87
116000057,808,763,45
116000058,851,471,380
116000059,640,599,41
116000060,1490,335,1155
116000061,150,266,-116
116000062,170,186,-16
116000063,116,282,-166
116000066,4,23,-19
116000067,62,226,-164
116000068,11,17,-6
116000069,80,200,-120
116000078,32,159,-127
116000080,270,387,-117
116000082,3,43,-40
116000083,252,122,130
116000084,540,1332,-792
116000085,546,197,349
116000086,692,562,130
116000087,454,295,159
116000088,222,387,-165
116000089,28,46,-18
116000090,12,37,-25
116000091,46,62,-16
116000093,112,123,-11
116000094,60,264,-204
116000095,121,180,-59
116000096,96,312,-216
116000097,107,270,-163
116000098,47,740,-693
116000099,2632,99,2533
116000100,21,3,18
116000101,90,529,-439
116000102,22,477,-455
116000103,64,68,-4
116000104,21,569,-548
116000105,116,82,34
116000106,25,519,-494
116000107,281,212,69
116000108,3,50,-47
116000111,6,4,2
116000113,5,11,-6
116000114,26,75,-49
116000115,8,47,-39
116000116,32,251,-219
116000117,175,220,-45
116000118,174,616,-442
116000119,220,321,-101
116000120,542,1682,-1140
116000121,124,101,23
116000122,399,1204,-805
116000123,57,97,-40
116000124,87,525,-438
116000125,159,109,50
116000126,94,637,-543
116000127,271,652,-381
116000128,269,128,141
116000129,71,93,-22
116000130,43,48,-5
116000133,60,422,-362
116000134,241,1004,-763
116000135,210,491,-281
116000136,149,829,-680
116000137,83,185,-102
116000138,474,114,360
116000139,469,814,-345
116000140,38,124,-86
116000141,112,352,-240
116000142,1419,1611,-192
116000143,625,432,193
116000144,396,1441,-1045
116000145,350,568,-218
116000146,22,100,-78
116000147,51,29,22
116000148,44,115,-71
116000149,111,204,-93
116000151,157,508,-351
116000153,1,31,-30
116000155,22,50,-28
116000156,128,320,-192
116000157,10,4,6
116000158,18,164,-146
116000159,0,1,-1
116000160,2,43,-41
116000161,3,33,-30
116000162,20,8,12
116000163,4,5,-1
116000164,0,5,-5
116000177,1,32,-31
116000194,23,170,-147
116000195,259,245,14
116000196,0,1,-1
116000197,2,3,-1
116000198,405,198,207
116000200,203,80,123
116000201,164,237,-73
116000202,1,102,-101
116000203,2,34,-32
116000204,1,16,-15
116000205,0,64,-64
116000206,0,69,-69
116000207,2,17,-15
116000233,41,320,-279
116000287,30,246,-216
116000288,6,66,-60
116000292,3,93,-90
116000296,0,65,-65
116000297,7,7,0
116000304,11,23,-12
116000305,13,16,-3
116000346,4,106,-102
116000352,10,16,-6
116000354,0,5,-5
116000357,0,3,-3
116000358,31,12,19
116000361,247,2,245
116000372,3858,601,3257
116000381,34,0,34
116000388,0,32,-32
116000389,99,160,-61
116000445,48,438,-390
116000446,34,251,-217
116000447,0,181,-181
116000448,170,86,84
116000563,95,111,-16
116000565,52,188,-136
116000568,17,14,3
116000579,13,50,-37
116000584,2,5,-3
116000585,4,2,2
116000586,81,32,49
116000587,0,120,-120
116000589,8,40,-32
116000590,17,5,12
116000591,10,76,-66
116000592,1,40,-39
116000593,0,3,-3
116000594,58,300,-242
116000595,57,97,-40
116000596,4,2,2
116000597,32,15,17
116000598,3,81,-78
116000605,22,31,-9
116000606,3,25,-22
116000607,2,19,-17
116000609,64,156,-92
116000611,6,257,-251
116000612,136,693,-557
116000613,72,117,-45
116000614,137,384,-247
116000615,0,53,-53
116000616,9,78,-69
116000617,10,41,-31
116000618,1,92,-91
116000619,8,17,-9
116000620,2,116,-114
116000621,0,1,-1
116000622,0,0,0
116000624,5,31,-26
116000627,10,39,-29
116000628,9,194,-185
116000629,7,151,-144
116000630,12,7,5
116000631,8,25,-17
116000632,31,31,0
116000633,6,115,-109
116000634,61,192,-131
116000635,668,275,393
116000636,428,325,103
116000637,43,67,-24
116000638,5,146,-141
116000639,0,0,0
116000640,0,0,0
116000641,10,78,-68
116000643,0,46,-46
116000644,16,508,-492
116000645,8,9,-1
116900001,20,40,-20
116900002,63,2,61
116900003,1,32,-31
116900004,3,4,-1
116900005,18,18,0
116900006,28,26,2
116900007,24,62,-38
116900008,41,226,-185
116900009,1,0,1
116900010,1,774,-773
116900011,2,11,-9
116900012,16,60,-44
116900013,1,51,-50
116900014,9,260,-251
116900015,30,17,13
116900016,8,0,8
116900017,0,296,-296
116900019,2,153,-151
116900020,431,51,380
116900023,12,1,11
116900024,32,23,9
116900025,41,425,-384
116900026,14,288,-274
116900027,5,14,-9
116900028,0,45,-45
116900029,4,1,3
116900031,1,2,-1
116900032,1,115,-114
116900033,0,11,-11
116900034,3,35,-32
116900035,25,86,-61
116900036,0,46,-46
116900038,3,1,2
116900041,0,0,0
116900042,388,54,334
116900043,0,25,-25
116900047,33,2,31
116900049,9,99,-90
116900050,7,100,-93
116900051,1,65,-64
116900052,30,16,14
116900055,0,0,0
116900057,6,115,-109
116900058,4,127,-123
116900059,0,29,-29
116900060,22,146,-124
116900062,0,0,0
116900064,10,394,-384
116900065,0,30,-30
116900067,2,20,-18
116900068,21,182,-161
116900070,0,0,0
116900072,11,159,-148
116900073,2,49,-47
116900074,0,5,-5
116900076,0,11,-11
116900077,3,57,-54
116900078,81,42,39
116900079,2,128,-126
116900080,1,6,-5
116900081,28,394,-366
116900082,62,254,-192
116900083,12,12,0
116900084,28,14,14
116900085,3,46,-43
116900086,6,121,-115
116900088,74,5,69
116900090,87,45,42
116900091,19,22,-3
116900092,12,323,-311
116900093,607,439,168
116900094,2024,468,1556
116900095,15,65,-50
116900096,18,18,0
116900097,774,199,575
116900098,330,45,285
116900099,115,87,28
116900100,42,3,39
116900101,94,260,-166
116900103,0,0,0
116900104,4,19,-15
116900105,32,4,28
116900106,115,86,29
116900107,1275,207,1068
116900110,0,0,0
116900111,35,208,-173
116900112,16,258,-242
116900113,377,69,308
116900116,17,61,-44
116900117,30,30,0
116900118,374,154,220
116900120,29,19,10
116900121,11,13,-2
116900122,65,345,-280
116900123,18,432,-414
116900124,19,263,-244
116900125,25,76,-51
116900126,45,142,-97
116900128,0,39,-39
116900129,0,150,-150
116900130,473,488,-15
116900131,7,41,-34
116900132,2,41,-39
116900133,10,53,-43
116900134,32,77,-45
116900136,8,49,-41
116900137,31,76,-45
116900138,52,75,-23
116900139,27,141,-114
116900140,20,99,-79
116900141,112,95,17
116900142,0,3,-3
116900143,29,123,-94
116900144,7,11,-4
116900145,7,112,-105
116900147,218,87,131
116900148,1,3,-2
116900149,0,19,-19
116900150,1,1,0
116900151,3,1,2
116900153,12,13,-1
116900154,37,59,-22
116900155,2,8,-6
116900157,26,97,-71
116900158,6,20,-14
116900159,23,59,-36
116900160,181,71,110
116900161,2917,647,2270
116900163,8,48,-40
116900164,2,6,-4
116900165,13,36,-23
116900166,0,26,-26
116900167,27,20,7
116900168,27,24,3
116900169,95,40,55
116900170,17,62,-45
116900171,4,35,-31
116900172,35,14,21
116900173,14,14,0
116900174,2,9,-7
116900175,11,31,-20
116900178,1,69,-68
116900179,21,12,9
116900180,6,4,2
116900182,73,67,6
116900183,21,20,1
116900185,0,2,-2
116900186,8,63,-55
116900187,1,0,1
116900188,13,4,9
116900189,2,0,2
116900191,53,90,-37
116900192,39,37,2
116900194,32,138,-106
116900195,5,0,5
116900196,25,132,-107
116900197,7,2,5
116900198,74,32,42
116900200,0,24,-24
116900201,5,1,4
116900202,22,69,-47
116900203,2,0,2
116900204,6,17,-11
116900206,4,28,-24
116900207,0,12,-12
116900208,3,19,-16
116900209,4,39,-35
116900210,50,54,-4
116900211,43,3,40
116900212,1,46,-45
116900213,16,37,-21
116900214,19,47,-28
116900215,2,19,-17
116900216,77,122,-45
116900218,4,159,-155
116900219,326,144,182
116900220,17,78,-61
116900221,13,72,-59
116900222,86,84,2
116900223,28,44,-16
116900226,2,34,-32
116900227,12,19,-7
116900228,24,172,-148
116900230,6,292,-286
116900231,4,150,-146
116900232,70,56,14
116900233,25,114,-89
116900234,1,1,0
116900235,93,146,-53
116900238,422,71,351
116900239,2,124,-122
116900240,1993,340,1653
116900241,3,43,-40
116900242,397,51,346
116900243,1,10,-9
116900245,11,2,9
116900246,8,1,7
116900247,31,3,28
116900248,3,8,-5
116900249,16,28,-12
116900250,34,28,6
116900251,88,25,63
116900252,27,404,-377
116900254,226,63,163
116900255,31,9,22
116900256,41,12,29
116900257,8,214,-206
116900258,2,179,-177
116900259,10,1,9
116900260,0,64,-64
116900261,3,0,3
116900262,6,65,-59
116900263,0,3,-3
116900264,0,0,0
116900265,2,0,2
116900266,0,18,-18
116900267,0,0,0
116900268,0,2,-2
116900269,62,161,-99
116900271,816,25,791
116900272,130,158,-28
116900273,66,9,57
116900274,2,5,-3
116900275,6,35,-29
116900276,55,5,50
116900277,72,6,66
116900278,0,2,-2
116900279,0,11,-11
116900280,3,5,-2
116900281,2492,355,2137
116900282,1,64,-63
116900283,1,46,-45
116900284,1,44,-43
116900285,48,14,34
116900286,48,2,46
116900287,4,32,-28
116900288,12,60,-48
116900289,1,9,-8
116900290,0,13,-13
116900291,0,3,-3
116900292,0,0,0
116900293,8,56,-48
116900294,3,29,-26
116900295,2,5,-3
116900296,0,10,-10
116900297,0,3,-3
116900298,8,5,3
116900299,0,3,-3
116900300,0,11,-11
116900301,4,10,-6
116900302,20,9,11
116900303,164,10,154
116900304,0,29,-29
116900305,3,3,0
116900306,14,45,-31
116900307,7,0,7
116900308,1,52,-51
116900309,9,48,-39
116900310,0,23,-23
117000001,239,365,-126
117000002,457,1530,-1073
117000003,972,565,407
117000004,1176,1507,-331
117000005,259,378,-119
117000006,248,1746,-1498
117000007,563,260,303
117000008,360,1546,-1186
117000009,626,324,302
117000010,695,1402,-707
117000011,197,407,-210
117000012,265,773,-508
117000013,174,341,-167
117000014,173,788,-615
117000015,695,261,434
117000016,50,28,22
117000017,60,40,20
117000018,19,92,-73
117000019,7,10,-3
117000020,227,255,-28
117000021,986,127,859
117000022,53,23,30
117000023,139,66,73
117000024,144,37,107
117000025,330,283,47
117000026,330,110,220
117000027,533,525,8
117000028,44,54,-10
117000030,127,199,-72
117000031,37,13,24
117000032,620,417,203
117000033,287,217,70
117000034,72,91,-19
117000035,33,17,16
117000036,56,134,-78
117000037,17,15,2
117000038,32,162,-130
117000039,22,46,-24
117000040,32,687,-655
117000041,75,23,52
117000044,4,518,-514
117000045,41,9,32
117000046,116,391,-275
117000047,56,114,-58
117000048,711,545,166
117000049,46,111,-65
117000050,14,1283,-1269
117000051,312,61,251
117000052,0,266,-266
117000053,36,31,5
117000054,198,1,197
117000055,59,1549,-1490
117000056,71,0,71
117000057,231,948,-717
117000060,99,806,-707
117000061,131,142,-11
117000062,46,226,-180
117000063,125,123,2
117000064,262,333,-71
117000066,319,212,107
117000067,8,87,-79
117000074,23,22,1
117000076,24,3,21
117000077,23,13,10
117000078,11,203,-192
117000079,32,34,-2
117000080,0,150,-150
117000081,91,13,78
117000082,19,14,5
117000083,39,59,-20
117000084,0,0,0
117000085,38,148,-110
117000086,167,240,-73
117000087,49,174,-125
117000088,39,40,-1
117000089,263,84,179
117000090,50,796,-746
117000091,106,70,36
117000092,104,812,-708
117000093,106,98,8
117000094,129,1011,-882
117000095,205,185,20
117000096,190,1148,-958
117000097,132,293,-161
117000098,890,2516,-1626
117000099,264,161,103
117000100,26,62,-36
117000101,79,544,-465
117000102,86,111,-25
117000103,253,828,-575
117000104,179,129,50
117000105,211,961,-750
117000106,137,58,79
117000107,162,1180,-1018
117000108,121,147,-26
117000109,652,1423,-771
117000110,139,91,48
117000111,613,1039,-426
117000112,376,431,-55
117000113,18,103,-85
117000114,8,22,-14
117000115,21,66,-45
117000116,5,69,-64
117000117,239,81,158
117000118,32,68,-36
117000119,24,11,13
117000120,23,19,4
117000121,7,81,-74
117000122,134,103,31
117000123,282,2,280
117000124,22,1,21
117000125,41,11,30
117000126,14,4,10
117000127,53,81,-28
117000128,101,154,-53
117000129,129,97,32
117000130,10,11,-1
117000131,0,118,-118
117000132,159,92,67
117000133,98,66,32
117000134,0,20,-20
117000135,2,25,-23
117000136,0,27,-27
117000137,8,11,-3
117000138,0,141,-141
117000140,115,774,-659
117000141,184,117,67
117000181,307,75,232
117000182,49,21,28
117000195,64,626,-562
117000196,7,9,-2
117000225,52,1,51
117000226,1,27,-26
117000276,28,1,27
117000277,1,198,-197
117000310,758,649,109
117000315,11,73,-62
117000320,0,0,0
117000906,13,1,12
117000907,2,234,-232
117000909,38,20,18
117000910,55,42,13
117000911,70,83,-13
117000915,1,273,-272
117000916,2,2,0
117000917,50,2,48
117000918,15,20,-5
117000919,1,55,-54
117000920,1,732,-731
117000921,1,1046,-1045
117000922,0,0,0
117000924,116,95,21
117000926,424,16,408
117000927,38,71,-33
117000928,0,94,-94
117000929,31,315,-284
117000930,45,14,31
117000931,67,9,58
117900002,30,109,-79
117900003,231,81,150
117900005,0,17,-17
117900006,0,10,-10
117900007,9,73,-64
117900008,0,14,-14
117900010,12,62,-50
117900011,8,16,-8
117900012,4,81,-77
117900013,1,90,-89
117900014,62,156,-94
117900015,5,113,-108
117900016,364,61,303
117900017,56,322,-266
117900018,66,10,56
117900019,23,247,-224
117900020,7,27,-20
117900021,2,49,-47
117900023,223,9,214
117900024,17,95,-78
117900025,30,4,26
117900026,36,184,-148
117900028,8,1,7
117900029,21,481,-460
117900031,8,23,-15
117900032,57,61,-4
117900033,44,437,-393
117900034,25,8,17
117900035,15,8,7
117900036,20,353,-333
117900037,3,25,-22
117900038,4,216,-212
117900039,0,19,-19
117900040,51,320,-269
117900041,0,30,-30
117900042,1992,120,1872
117900043,5,24,-19
117900044,2,306,-304
117900045,12,18,-6
117900048,35,132,-97
117900049,17,273,-256
117900050,0,9,-9
117900051,31,0,31
117900052,13,55,-42
117900053,221,251,-30
117900054,3,14,-11
117900055,36,23,13
117900056,40,6,34
117900057,279,471,-192
117900058,3,0,3
117900059,19,12,7
117900060,112,2106,-1994
117900061,1,27,-26
117900063,19,83,-64
117900065,285,427,-142
117900066,0,7,-7
117900067,30,132,-102
117900069,45,144,-99
117900070,24,1,23
117900071,6,59,-53
117900073,50,199,-149
117900074,2,0,2
117900075,12,23,-11
117900076,2,14,-12
117900077,19,16,3
117900078,37,111,-74
117900080,23,17,6
117900081,160,200,-40
117900082,74,59,15
117900083,19,350,-331
117900086,10,4,6
117900087,7,12,-5
117900088,797,575,222
117900089,245,65,180
117900090,52,379,-327
117900091,29,23,6
117900092,5,23,-18
117900093,0,25,-25
117900094,11,3,8
117900095,59,420,-361
117900096,9,83,-74
117900097,12,18,-6
117900098,0,0,0
117900099,8,173,-165
117900100,2,0,2
117900101,115,205,-90
117900102,1,10,-9
117900103,7,0,7
117900104,2,29,-27
117900105,15,45,-30
117900106,3,3,0
117900107,2,0,2
117900109,44,76,-32
117900110,1,0,1
117900111,48,0,48
117900112,1,3,-2
117900113,927,224,703
117900114,0,0,0
117900115,44,5,39
117900116,324,185,139
117900117,95,92,3
117900118,10,0,10
117900119,12,159,-147
117900120,29,50,-21
117900121,3,6,-3
117900122,360,196,164
117900123,73,413,-340
117900124,96,179,-83
117900125,207,252,-45
117900126,133,276,-143
117900127,77,210,-133
117900128,47,341,-294
117900129,4,0,4
117900130,126,84,42
117900131,0,40,-40
117900132,0,52,-52
117900133,0,62,-62
117900134,8,113,-105
117900135,5,142,-137
117900136,0,13,-13
117900137,4,196,-192
117900138,0,18,-18
117900139,12,50,-38
117900140,2192,23,2169
117900141,14,63,-49
117900142,1,0,1
117900144,6,32,-26
117900145,5,1,4
117900146,38,25,13
117900147,10,24,-14
117900148,907,263,644
117900149,9,49,-40
117900150,2,28,-26
117900151,16,74,-58
117900152,29,22,7
117900153,4,41,-37
117900154,68,248,-180
117900156,119,133,-14
117900157,2,90,-88
117900158,20,16,4
117900160,94,118,-24
117900161,797,802,-5
117900162,16,83,-67
117900163,35,3,32
117900165,0,2,-2
117900166,6,19,-13
117900168,22,54,-32
117900169,0,49,-49
117900170,0,15,-15
117900171,2,6,-4
117900172,3,13,-10
117900173,42,13,29
117900174,7,12,-5
117900175,1,4,-3
117900176,4,25,-21
117900177,2,19,-17
117900178,24,7,17
117900180,61,5,56
117900181,14,22,-8
117900182,0,1,-1
117900183,4,10,-6
117900184,3,5,-2
117900185,1,2,-1
117900186,1,1,0
117900187,1,2,-1
117900188,11,7,4
117900189,2,1,1
117900190,3,2,1
117900191,4,0,4
117900192,6,1,5
117900193,3,10,-7
117900194,0,1,-1
117900195,0,6,-6
117900196,0,5,-5
117900207,11,10,1
117900208,5,5,0
117900209,54,29,25
117900210,36,35,1
117900211,2,50,-48
117900212,54,50,4
117900213,0,1,-1
117900214,0,8,-8
117900215,0,9,-9
117900216,3,13,-10
117900217,8,9,-1
117900218,38,13,25
117900219,0,31,-31
117900220,1,20,-19
117900222,49,92,-43
117900223,48,43,5
118000001,163,116,47
118000002,469,634,-165
118000003,319,360,-41
118000004,872,767,105
118000005,1103,523,580
118000006,2651,1515,1136
118000007,1254,641,613
118000008,1171,957,214
118000009,547,743,-196
118000010,473,1105,-632
118000011,167,973,-806
118000012,243,977,-734
118000013,1134,943,191
118000014,575,1458,-883
118000016,73,199,-126
118000017,42,79,-37
118000018,67,229,-162
118000019,506,354,152
118000020,282,335,-53
118000021,315,561,-246
118000022,601,152,449
118000023,290,138,152
118000024,373,193,180
118000027,5673,1304,4369
118000029,322,192,130
118000032,250,394,-144
118000033,557,510,47
118000034,1346,584,762
118000035,279,447,-168
118000036,195,306,-111
118000037,161,345,-184
118000038,38,53,-15
118000039,16,107,-91
118000040,322,904,-582
118000041,343,468,-125
118000045,141,43,98
118000046,451,196,255
118000047,463,122,341
118000048,1032,381,651
118000051,358,166,192
118000052,243,107,136
118000053,128,81,47
118000054,1159,287,872
118000055,923,207,716
118000056,59,51,8
118000057,66,91,-25
118000058,473,186,287
118000059,226,174,52
118000060,114,209,-95
118000061,142,381,-239
118000062,70,52,18
118000063,88,127,-39
118000064,228,251,-23
118000065,1136,328,808
118000066,172,193,-21
118000067,527,258,269
118000068,516,812,-296
118000069,1037,311,726
118000070,2513,331,2182
118000071,1079,774,305
118000072,532,414,118
118000073,511,111,400
118000074,89,125,-36
118000075,187,95,92
118000076,290,377,-87
118000077,563,357,206
118000078,504,515,-11
118000079,80,118,-38
118000080,435,299,136
118000081,392,382,10
118000082,150,225,-75
118000083,681,290,391
118000084,870,450,420
118000086,89,195,-106
118000087,2846,797,2049
118000088,582,516,66
118000089,1418,937,481
118000090,1177,518,659
118000091,463,488,-25
118000092,608,119,489
118000093,51,160,-109
118000096,106,145,-39
118000097,121,162,-41
118000098,34,54,-20
118000099,54,321,-267
118000101,153,121,32
118000102,56,430,-374
118000107,1021,90,931
118000108,22,73,-51
118000110,0,5,-5
118000111,1,341,-340
118000112,0,0,0
118000113,5,439,-434
118000114,0,0,0
118000115,0,0,0
118000116,0,0,0
118000117,366,269,97
118000118,204,181,23
118000119,160,296,-136
118000120,599,674,-75
118000121,5,202,-197
118000122,227,35,192
118000123,11,144,-133
118000125,574,367,207
118000126,221,498,-277
118000127,320,115,205
118000128,234,406,-172
118000129,181,70,111
118000130,1273,1696,-423
118000131,306,454,-148
118000132,354,267,87
118000133,143,145,-2
118000135,33,13,20
118000136,31,214,-183
118000137,258,25,233
118000138,30,202,-172
118000139,60,65,-5
118000140,836,720,116
118000141,256,379,-123
118000142,337,749,-412
118000143,203,233,-30
118000144,319,227,92
118000145,489,859,-370
118000146,235,556,-321
118000147,203,762,-559
118000148,116,481,-365
118000149,111,418,-307
118000150,44,66,-22
118000151,18,100,-82
118000153,154,255,-101
118000154,159,414,-255
118000155,143,310,-167
118000156,644,607,37
118000157,110,113,-3
118000158,19,176,-157
118000159,0,1,-1
118000160,28,46,-18
118000161,94,296,-202
118000162,124,249,-125
118000163,112,156,-44
118000164,453,316,137
118000168,493,57,436
118000169,237,672,-435
118000170,1113,2422,-1309
118000171,29,72,-43
118000172,4,67,-63
118000173,170,412,-242
118000175,27,72,-45
118000176,45,87,-42
118000177,47,156,-109
118000178,5,11,-6
118000179,219,76,143
118000180,104,115,-11
118000181,221,93,128
118000182,139,68,71
118000183,75,49,26
118000184,32,232,-200
118000185,321,237,84
118000186,181,248,-67
118000187,172,369,-197
118000188,44,86,-42
118000189,31,274,-243
118000190,1,6,-5
118000191,2,3,-1
118000192,57,45,12
118000193,18,78,-60
118000194,569,169,400
118000195,200,176,24
118000196,24,16,8
118000197,82,29,53
118000198,98,60,38
118000199,144,76,68
118000200,2,8,-6
118000201,85,83,2
118000202,1,2,-1
118000203,342,60,282
118000204,108,38,70
118000205,317,88,229
118000206,26,41,-15
118000207,1,32,-31
118000208,225,325,-100
118000209,317,710,-393
118000210,7,7,0
118000211,1,3,-2
118000213,84,125,-41
118000214,198,86,112
118000215,77,72,5
118000216,5,186,-181
118000217,8,41,-33
118000218,5,28,-23
118000219,78,107,-29
118000220,0,2,-2
118000221,11,51,-40
118000222,79,7,72
118000223,2,4,-2
118000224,65,41,24
118000225,6,351,-345
118000226,32,17,15
118000227,273,86,187
118000228,69,39,30
118000229,9,4,5
118000230,17,107,-90
118000231,3,72,-69
118000232,104,293,-189
118000233,157,190,-33
118000234,35,87,-52
118000236,45,180,-135
118000237,16,254,-238
118000238,16,85,-69
118000239,51,46,5
118000240,159,31,128
118000241,14,109,-95
118000242,15,331,-316
118000243,14,65,-51
118000244,8,75,-67
118000246,0,3,-3
118000255,9,86,-77
118000256,13,72,-59
118000259,0,12,-12
118000260,13,24,-11
118000261,0,26,-26
118000263,11,84,-73
118000266,54,124,-70
118000267,0,32,-32
118000268,6,0,6
118000270,7,11,-4
118000271,31,119,-88
118000272,9,4,5
118000273,4,50,-46
118000274,60,123,-63
118000276,51,121,-70
118000295,0,32,-32
118000298,21,149,-128
118000299,16,65,-49
118000301,0,17,-17
118000302,23,29,-6
118000311,15,52,-37
118000312,12,146,-134
118000313,7,56,-49
118000314,19,25,-6
118000315,2,16,-14
118000316,50,243,-193
118000325,1,9,-8
118000326,0,17,-17
118000331,4,32,-28
118000332,0,11,-11
118000333,2,31,-29
118000335,0,0,0
118000336,0,174,-174
118000407,6,16,-10
118000457,0,10,-10
118000465,932,587,345
118000480,0,47,-47
118000489,14,32,-18
118000490,61,153,-92
118000492,49,63,-14
118000510,16,15,1
118000514,23,124,-101
118000515,24,41,-17
118000517,187,63,124
118000524,263,67,196
118000525,205,281,-76
118000530,2,32,-30
118000531,28,48,-20
118000532,29,100,-71
118000533,95,45,50
118000534,68,159,-91
118000535,19,42,-23
118000536,47,36,11
118000537,1,10,-9
118000538,5,29,-24
118000539,4,18,-14
118000540,22,56,-34
118000541,18,31,-13
118000542,7,20,-13
118000543,9,39,-30
118000546,8,8,0
118000553,0,2,-2
118000560,1032,109,923
118000562,0,86,-86
118000563,553,333,220
118000576,37,78,-41
118000577,102,83,19
118000578,43,33,10
118000579,252,254,-2
118000583,0,0,0
118000595,40,26,14
118000596,0,23,-23
118000597,71,108,-37
118000598,1,0,1
118000599,3,11,-8
118000600,0,1,-1
118000601,0,0,0
118000602,0,2,-2
118000603,0,22,-22
118000605,13,301,-288
118000606,5,25,-20
118900001,176,58,118
118900002,272,80,192
118900003,5,4,1
118900004,0,18,-18
118900005,1,0,1
118900006,3,0,3
118900007,3,1,2
118900008,349,13,336
118900009,1,0,1
118900010,0,1,-1
118900011,12,1,11
118900012,72,53,19
118900013,25,1,24
118900015,10,1,9
118900016,0,6,-6
118900017,12,4,8
118900018,76,1,75
118900019,20,13,7
118900020,20,9,11
118900021,30,85,-55
118900022,41,24,17
118900023,23,11,12
118900024,4,13,-9
118900025,1,0,1
118900026,10,21,-11
118900027,47,29,18
118900028,0,65,-65
118900029,2,37,-35
118900030,2,1,1
118900031,18,43,-25
118900032,2,32,-30
118900033,43,105,-62
118900034,0,1,-1
118900035,26,115,-89
118900036,121,158,-37
118900037,31,18,13
118900038,47,129,-82
118900039,14,43,-29
118900040,7,50,-43
118900041,18,24,-6
118900042,24,34,-10
118900045,20,39,-19
118900046,293,29,264
118900047,255,70,185
118900048,19,30,-11
118900049,0,2,-2
118900050,0,72,-72
118900051,1,6,-5
118900052,9,54,-45
118900053,0,5,-5
118900054,7,20,-13
118900055,3,59,-56
118900056,1,16,-15
118900057,12,83,-71
118900058,21,93,-72
118900059,3,5,-2
118900060,5,35,-30
118900062,12,51,-39
118900064,78,55,23
118900065,0,25,-25
118900066,21,22,-1
118900067,3018,568,2450
118900068,0,18,-18
118900069,30,106,-76
118900071,0,1,-1
118900072,52,48,4
118900073,19,27,-8
118900074,17,20,-3
118900075,1,27,-26
118900076,19,4,15
118900077,18,49,-31
118900078,1,3,-2
118900079,7,11,-4
118900080,0,14,-14
118900081,8,5,3
118900082,48,40,8
118900083,1,5,-4
118900084,0,7,-7
118900085,77,226,-149
118900086,1,22,-21
118900087,20,49,-29
118900088,0,8,-8
118900089,5,5,0
118900090,58,106,-48
118900091,29,9,20
118900092,13,48,-35
118900093,8,0,8
118900096,47,48,-1
118900097,35,283,-248
118900099,5,112,-107
118900100,7,29,-22
118900101,2,194,-192
118900102,2,34,-32
118900103,4,29,-25
118900104,4,31,-27
118900105,48,18,30
118900107,35,42,-7
118900108,7,49,-42
118900110,107,42,65
118900111,16,101,-85
118900112,1,15,-14
118900113,7,158,-151
118900114,0,20,-20
118900115,13,79,-66
118900116,13,53,-40
118900117,13,54,-41
118900118,23,188,-165
118900119,14,120,-106
118900120,13,129,-116
118900121,0,33,-33
118900122,1,73,-72
118900123,30,111,-81
118900124,16,35,-19
118900126,0,99,-99
118900129,6,43,-37
118900130,9,6,3
118900131,23,155,-132
118900132,22,32,-10
118900133,1,14,-13
118900135,42,79,-37
118900136,23,245,-222
118900137,2,4,-2
118900139,5,106,-101
118900140,81,404,-323
118900141,5,46,-41
118900144,43,438,-395
118900145,2,40,-38
118900146,30,234,-204
118900147,4,27,-23
118900148,0,5,-5
118900150,3,67,-64
118900152,44,338,-294
118900157,13,9,4
118900158,0,14,-14
118900159,0,38,-38
118900161,0,0,0
118900163,24,11,13
118900164,1,18,-17
118900165,3,118,-115
118900166,4,2,2
118900167,6,62,-56
118900168,0,20,-20
118900169,32,133,-101
118900170,2,24,-22
118900171,5,15,-10
118900174,17,17,0
118900175,27,134,-107
118900176,1,70,-69
118900177,0,10,-10
118900178,1,23,-22
118900179,0,12,-12
118900181,39,38,1
118900182,6,13,-7
118900183,3,15,-12
118900184,18,3,15
118900185,12,45,-33
118900186,14,42,-28
118900187,47,85,-38
118900188,18,68,-50
118900189,0,56,-56
118900190,1,163,-162
118900191,19,3,16
118900192,14,1,13
118900193,8,0,8
118900195,15,148,-133
118900196,4,71,-67
118900197,5,4,1
118900198,0,12,-12
118900199,1,22,-21
118900200,4,0,4
118900201,2,3,-1
118900202,3,26,-23
118900203,2,19,-17
118900204,3,16,-13
118900205,0,9,-9
118900206,0,29,-29
119000001,246,240,6
119000002,454,657,-203
119000003,279,563,-284
119000004,267,393,-126
119000005,343,440,-97
119000006,420,549,-129
119000007,515,737,-222
119000008,452,933,-481
119000009,1077,773,304
119000010,3016,1834,1182
119000011,1966,550,1416
119000012,1740,1044,696
119000013,979,520,459
119000014,786,1277,-491
119000019,36,55,-19
119000020,219,513,-294
119000021,613,634,-21
119000022,843,214,629
119000023,8,29,-21
119000024,633,1258,-625
119000025,4596,372,4224
119000026,73,91,-18
119000027,184,91,93
119000028,730,400,330
119000029,64,68,-4
119000030,201,490,-289
119000031,259,378,-119
119000032,989,702,287
119000033,624,505,119
119000034,280,448,-168
119000035,6,124,-118
119000036,208,397,-189
119000037,213,934,-721
119000038,55,456,-401
119000039,140,166,-26
119000040,351,123,228
119000041,374,296,78
119000048,1841,1754,87
119000049,396,1745,-1349
119000050,426,739,-313
119000051,498,375,123
119000052,498,977,-479
119000053,526,412,114
119000054,636,1277,-641
119000055,523,1281,-758
119000056,338,818,-480
119000057,309,899,-590
119000058,445,723,-278
119000059,196,394,-198
119000060,219,310,-91
119000061,181,234,-53
119000062,341,542,-201
119000063,57,120,-63
119000064,470,640,-170
119000065,552,1233,-681
119000066,403,207,196
119000067,518,1019,-501
119000068,337,370,-33
119000069,379,906,-527
119000070,443,481,-38
119000071,162,287,-125
119000072,2332,1313,1019
119000073,1526,1643,-117
119000074,151,1585,-1434
119000075,194,1141,-947
119000076,191,247,-56
119000077,258,142,116
119000078,87,165,-78
119000079,30,201,-171
119000080,24,1,23
119000081,41,139,-98
119000082,66,121,-55
119000083,68,105,-37
119000084,41,167,-126
119000085,74,72,2
119000086,48,128,-80
119000087,364,185,179
119000088,85,112,-27
119000090,34,15,19
119000091,66,86,-20
119000092,132,38,94
119000093,1609,1443,166
119000094,543,1595,-1052
119000095,292,1210,-918
119000097,1094,490,604
119000098,166,525,-359
119000099,450,468,-18
119000100,572,738,-166
119000101,849,1000,-151
119000102,164,217,-53
119000103,356,142,214
119000104,1246,554,692
119000105,94,206,-112
119000106,53,955,-902
119000107,86,143,-57
119000108,74,710,-636
119000109,19,144,-125
119000110,216,225,-9
119000111,16,224,-208
119000112,44,84,-40
119000113,894,105,789
119000114,138,107,31
119000115,103,29,74
119000116,15,28,-13
119000117,9,78,-69
119000118,0,5,-5
119000123,584,148,436
119000124,48,65,-17
119000125,272,348,-76
119000126,104,365,-261
119000127,72,477,-405
119000128,24,8,16
119000131,134,558,-424
119000132,5,2,3
119000133,0,2,-2
119000134,252,95,157
119000135,20,124,-104
119000136,20,208,-188
119000137,15,232,-217
119000138,50,271,-221
119000139,26,129,-103
119000140,21,75,-54
119000284,697,1027,-330
119000285,1342,1086,256
119000286,2102,1433,669
119000287,414,890,-476
119000288,340,638,-298
119000289,584,1274,-690
119000290,49,202,-153
119000291,17,153,-136
119000293,96,104,-8
119000294,9,11,-2
119000295,730,157,573
119000296,106,129,-23
119000302,2753,480,2273
119000303,0,0,0
119000310,0,0,0
119000314,632,1083,-451
119000315,0,339,-339
119000316,13,62,-49
119000317,8,257,-249
119000319,41,95,-54
119900001,16,147,-131
119900002,10,66,-56
119900003,4,448,-444
119900004,87,67,20
119900005,11,43,-32
119900006,11,73,-62
119900007,49,11,38
119900008,0,8,-8
119900009,104,197,-93
119900010,317,340,-23
119900011,2,5,-3
119900012,2,13,-11
119900013,339,204,135
119900014,187,69,118
119900015,10,4,6
119900016,5,19,-14
119900017,0,6,-6
119900018,284,27,257
119900019,2,1,1
119900020,3,41,-38
119900021,10,6,4
119900022,15,56,-41
119900023,178,47,131
119900025,9,7,2
119900026,191,12,179
119900027,1,4,-3
119900028,21,5,16
119900029,0,6,-6
119900030,65,112,-47
119900031,3,23,-20
119900033,630,32,598
119900034,18,89,-71
119900037,7,4,3
119900038,2,19,-17
119900039,9,0,9
119900040,11,2,9
119900041,13,30,-17
119900042,9,45,-36
119900043,2,67,-65
119900044,34,52,-18
119900046,8,39,-31
119900047,55,7,48
119900048,19,30,-11
119900049,6,2,4
119900050,4,5,-1
119900051,63,0,63
119900052,4,34,-30
119900053,46,67,-21
119900054,5,0,5
119900055,113,51,62
119900057,9,41,-32
119900058,29,0,29
119900059,26,28,-2
119900060,21,0,21
119900061,26,1,25
119900062,4,17,-13
119900063,2,8,-6
119900065,12,1,11
119900067,6,25,-19
119900068,32,1,31
119900069,8,1,7
119900070,31,0,31
119900071,35,10,25
119900073,455,153,302
119900074,3,4,-1
119900075,2081,540,1541
119900076,31,254,-223
119900077,42,648,-606
119900078,23,326,-303
119900079,99,99,0
119900080,37,81,-44
119900081,30,68,-38
119900082,111,107,4
119900083,0,12,-12
119900084,21,15,6
119900085,48,11,37
119900086,21,415,-394
119900087,39,26,13
119900088,10,25,-15
119900089,0,279,-279
119900090,56,30,26
119900091,4,496,-492
119900092,1,175,-174
119900093,100,19,81
119900094,13,79,-66
119900095,55,18,37
119900096,13,43,-30
119900097,103,56,47
119900098,3,14,-11
119900099,4,158,-154
119900100,961,385,576
119900101,115,264,-149
119900102,5,190,-185
119900103,3,269,-266
119900104,7,112,-105
119900105,150,562,-412
119900106,0,99,-99
119900107,57,1306,-1249
119900108,673,253,420
119900109,3,65,-62
119900110,48,282,-234
119900111,5,139,-134
119900112,1062,107,955
119900113,20,248,-228
119900114,26,724,-698
119900115,6,617,-611
119900116,14,75,-61
119900117,42,573,-531
119900118,8,585,-577
119900119,11,104,-93
119900120,163,357,-194
119900121,33,736,-703
119900122,45,143,-98
119900123,42,69,-27
119900124,12,494,-482
119900125,11,157,-146
119900126,2735,60,2675
119900127,938,233,705
119900128,27,273,-246
119900129,20,334,-314
119900130,15,102,-87
119900131,4,194,-190
119900132,0,146,-146
119900133,0,7,-7
119900134,1007,71,936
119900135,1,216,-215
119900136,53,187,-134
119900138,139,216,-77
119900139,1,19,-18
119900140,0,80,-80
119900141,20,67,-47
119900142,1,4,-3
119900143,1,120,-119
119900144,950,43,907
119900145,12,98,-86
119900146,26,39,-13
119900147,0,20,-20
119900148,29,36,-7
119900149,460,537,-77
119900150,30,64,-34
119900151,305,242,63
119900152,10,165,-155
119900153,6,16,-10
119900154,0,475,-475
119900155,7,12,-5
119900156,5,0,5
119900157,1,167,-166
119900158,13,15,-2
119900159,1,719,-718
119900160,0,122,-122
119900161,51,89,-38
119900162,91,120,-29
119900163,34,26,8
119900164,0,0,0
119900165,6,121,-115
119900166,8,3,5
119900167,11,53,-42
119900168,126,86,40
119900169,33,40,-7
119900170,26,36,-10
119900171,119,236,-117
119900172,20,8,12
119900173,4,270,-266
119900174,1,110,-109
119900175,77,204,-127
119900177,11,107,-96
119900178,1,104,-103
119900179,9,62,-53
119900180,116,163,-47
119900181,26,0,26
119900182,1,165,-164
119900183,34,472,-438
119900184,1059,175,884
119900185,4,30,-26
119900186,3,37,-34
119900187,4,271,-267
119900188,2,100,-98
119900189,72,16,56
119900190,5,53,-48
119900191,34,39,-5
119900192,1,79,-78
119900193,59,46,13
119900194,2,5,-3
119900195,6,61,-55
119900196,703,123,580
119900197,10,44,-34
119900198,9,203,-194
119900199,61,3,58
119900200,52,120,-68
119900201,143,45,98
119900202,38,3,35
119900203,14,44,-30
119900204,13,57,-44
119900205,46,129,-83
119900206,5,41,-36
119900208,9,28,-19
119900209,37,90,-53
119900210,5,10,-5
119900211,10,3,7
119900212,8,109,-101
119900213,2,14,-12
119900214,2,44,-42
119900215,4,53,-49
119900216,1,47,-46
119900217,0,55,-55
119900218,3,39,-36
119900219,2,77,-75
119900220,1,61,-60
119900221,5,288,-283
119900222,8,164,-156
119900223,4,45,-41
119900224,17,8,9
119900225,696,5,691
119900226,276,165,111
119900227,612,93,519
119900228,1,130,-129
119900229,60,157,-97
119900230,377,122,255
119900231,10,48,-38
119900232,28,14,14
119900233,4,0,4
119900234,1,7,-6
119900235,1,2,-1
119900236,0,63,-63
119900237,2,137,-135
119900238,0,35,-35
119900240,5,51,-46
119900241,11,111,-100
119900242,462,117,345
119900244,182,363,-181
119900245,12,29,-17
119900246,16,49,-33
119900247,26,3,23
119900248,4,11,-7
119900249,27,11,16
119900253,1359,49,1310
119900254,5,44,-39
119900255,23,286,-263
119900256,9,613,-604
119900257,3,15,-12
119900258,3,14,-11
119900259,1,96,-95
119900260,2,0,2
119900261,26,70,-44
119900262,0,134,-134
119900263,290,180,110
119900264,0,95,-95
119900265,49,127,-78
119900266,18,90,-72
119900267,2,125,-123
119900268,6,88,-82
119900269,45,595,-550
119900271,2,24,-22
119900272,13,11,2
119900275,21,1,20
119900276,3,0,3
119900277,3,1,2
119900278,73,4,69
119900279,10,25,-15
119900280,493,75,418
119900281,0,13,-13
119900282,19,2,17
119900283,0,114,-114
119900284,15,61,-46
119900285,5,8,-3
119900286,0,7,-7
119900288,2,17,-15
119900289,0,15,-15
119900290,0,19,-19
119900291,0,9,-9
119900292,9,8,1
119900293,6,19,-13
119900294,2,21,-19
119900295,1,33,-32
119900296,1,36,-35
119900297,0,9,-9
119900298,3,20,-17
119900299,5,89,-84
119900300,4,66,-62
119900301,3,10,-7
119900302,1,13,-12
119900303,7,77,-70
119900304,2,5,-3
119900305,7,24,-17
119900306,1,1,0
119900307,1,25,-24
119900308,0,3,-3
119900309,2,13,-11
119900310,59,105,-46
119900311,16,49,-33
119900312,17,18,-1
119900313,25,149,-124
119900314,6,65,-59
119900315,73,1085,-1012
119900318,0,6,-6
119900319,0,208,-208
119900320,7,332,-325
119900321,5,1,4
120000001,2450,1615,835
120000002,859,1800,-941
120000003,1533,1194,339
120000004,1527,1472,55
120000005,2166,1264,902
120000006,584,774,-190
120000007,1210,1092,118
120000008,450,667,-217
120000009,2121,407,1714
120000010,494,1635,-1141
120000011,325,1001,-676
120000012,703,1301,-598
120000013,541,1242,-701
120000014,186,688,-502
120000015,526,645,-119
120000016,598,436,162
120000017,283,380,-97
120000018,1418,1705,-287
120000019,208,281,-73
120000020,613,603,10
120000021,577,559,18
120000022,1418,985,433
120000023,268,571,-303
120000024,634,808,-174
120000025,470,896,-426
120000026,181,836,-655
120000027,356,708,-352
120000028,233,155,78
120000029,1233,172,1061
120000030,28,299,-271
120000031,668,1655,-987
120000032,4347,1329,3018
120000033,588,694,-106
120000034,343,991,-648
120000035,426,985,-559
120000036,563,1354,-791
120000037,112,190,-78
120000038,4212,1328,2884
120000039,143,489,-346
120000040,17,49,-32
120000041,113,917,-804
120000042,453,2880,-2427
120000043,1140,1260,-120
120000044,608,621,-13
120000045,743,475,268
120000046,468,604,-136
120000047,508,733,-225
120000048,3206,986,2220
120000049,667,996,-329
120000050,789,1844,-1055
120000051,1661,1384,277
120000052,6799,978,5821
120000053,471,2085,-1614
120000054,638,3421,-2783
120000055,246,1824,-1578
120000056,888,2174,-1286
120000057,389,459,-70
120000058,76,77,-1
120000059,44,662,-618
120000061,34,221,-187
120000062,95,161,-66
120000063,675,1682,-1007
120000064,101,964,-863
120000065,108,873,-765
120000066,29,193,-164
120000067,10,216,-206
120000068,38,648,-610
120000069,142,751,-609
120000070,8,539,-531
120000071,18,81,-63
120000072,66,214,-148
120000073,60,40,20
120000074,7,19,-12
120000075,48,87,-39
120000076,177,112,65
120000077,205,177,28
120000078,955,170,785
120000079,51,335,-284
120000080,21,116,-95
120000081,68,69,-1
120000082,78,110,-32
120000083,36,120,-84
120000084,182,233,-51
120000085,153,233,-80
120000086,115,392,-277
120000087,46,573,-527
120000088,138,418,-280
120000089,108,57,51
120000090,55,68,-13
120000091,47,187,-140
120000092,70,125,-55
120000093,32,139,-107
120000094,19,90,-71
120000095,250,388,-138
120000096,102,716,-614
120000098,103,460,-357
120000099,40,357,-317
120000100,129,462,-333
120000101,115,251,-136
120000102,70,126,-56
120000103,116,99,17
120000104,138,52,86
120000105,223,65,158
120000106,222,68,154
120000107,258,75,183
120000108,82,26,56
120000109,113,8,105
120000110,34,423,-389
120000111,56,725,-669
120000112,185,2050,-1865
120000113,110,1412,-1302
120000114,114,1035,-921
120000115,112,957,-845
120000116,178,967,-789
120000117,444,952,-508
120000118,1,11,-10
120000119,1,8,-7
120000120,9,16,-7
120000121,8,15,-7
120000122,11,14,-3
120000123,2552,340,2212
120000124,139,113,26
120000125,74,200,-126
120000126,78,98,-20
120000127,266,133,133
120000128,673,635,38
120000129,71,69,2
120000130,144,154,-10
120000131,77,225,-148
120000134,76,657,-581
120000135,15,152,-137
120000137,29,974,-945
120000138,38,198,-160
120000139,28,462,-434
120000140,65,249,-184
120000141,16,342,-326
120000142,28,207,-179
120000143,1,64,-63
120000144,2,0,2
120000145,27,0,27
120000146,584,148,436
120000149,165,440,-275
120000150,1837,2087,-250
120000151,157,163,-6
120000152,27,88,-61
120000153,9,241,-232
120000154,145,162,-17
120000155,58,100,-42
120000156,468,159,309
120000157,150,228,-78
120000158,179,366,-187
120000159,626,1190,-564
120000160,714,404,310
120000161,299,1063,-764
120000162,10,44,-34
120000163,52,743,-691
120000164,72,232,-160
120000165,42,464,-422
120000166,94,218,-124
120000167,8,12,-4
120000168,0,13,-13
120000169,97,49,48
120000170,170,19,151
120000171,30,16,14
120000172,8,9,-1
120000173,1226,49,1177
120000174,178,5,173
120000175,303,1,302
120000176,93,46,47
120000177,570,322,248
120000178,45,6,39
120000179,109,3,106
120000180,161,28,133
120000181,31,10,21
120000182,26,19,7
120000183,1,83,-82
120000184,33,745,-712
120000186,1,15,-14
120000187,11,6,5
120000188,57,9,48
120000190,339,2,337
120000191,576,5,571
120000192,512,0,512
120000193,265,0,265
120000195,18,0,18
120000196,107,4,103
120000197,33,31,2
120000198,19,74,-55
120000199,8,0,8
120000200,4,0,4
120000201,1,2,-1
120000202,7,28,-21
120000203,2,201,-199
120000207,5,56,-51
120000208,5,183,-178
120000209,0,79,-79
120000210,50,42,8
120000211,12,0,12
120000212,12,0,12
120000213,4,206,-202
120000214,3,221,-218
120000215,0,48,-48
120000216,15,1,14
120000217,363,667,-304
120000218,113,1143,-1030
120000219,9,562,-553
120000220,10,2135,-2125
120000225,49,0,49
120000226,10,0,10
120000227,113,3,110
120000228,4450,560,3890
120000230,8,5,3
120000231,67,1158,-1091
120000233,31,9,22
120000235,68,381,-313
120000236,0,0,0
120000237,4,1402,-1398
120000238,0,35,-35
120000241,257,366,-109
120000412,497,2,495
120000413,32,137,-105
120000414,5,2,3
120000415,2,76,-74
120000416,3,13,-10
120000417,0,61,-61
120000418,2,11,-9
120000419,4,195,-191
120000420,9,1,8
120000421,6654,2883,3771
120000422,147,159,-12
120000423,0,12,-12
120000424,12,92,-80
120000436,38,72,-34
120000437,116,52,64
120000438,2335,206,2129
120000439,14,82,-68
120000443,29,0,29
120000444,68,172,-104
120000445,204,332,-128
120000446,289,84,205
120000447,3,0,3
120000449,5,0,5
120000450,4,256,-252
120000451,7,75,-68
120000452,3,0,3
120000453,1,269,-268
120000454,0,0,0
120000455,9,29,-20
120000456,1360,904,456
120000457,446,394,52
120000458,165,290,-125
120000459,19,9,10
120000665,259,81,178
120000668,32,54,-22
120000669,7,220,-213
120000670,120,125,-5
120000671,116,78,38
120000672,52,225,-173
120900001,7,6,1
120900002,34,46,-12
120900003,30,13,17
120900004,0,14,-14
120900005,14,841,-827
120900006,33,48,-15
120900007,13,77,-64
120900008,30,517,-487
120900009,77,62,15
120900010,39,19,20
120900011,64,36,28
120900012,231,142,89
120900013,30,9,21
120900014,1,389,-388
120900015,67,32,35
120900016,63,26,37
120900017,1341,54,1287
120900018,7,212,-205
120900019,42,11,31
120900020,116,140,-24
120900021,41,4,37
120900022,4,176,-172
120900023,12,13,-1
120900024,413,181,232
120900025,977,242,735
120900026,12,64,-52
120900027,166,62,104
120900028,28,10,18
120900029,9,34,-25
120900030,135,147,-12
120900031,15,1,14
120900032,104,49,55
120900033,77,8,69
120900034,46,397,-351
120900035,3,14,-11
120900037,8,0,8
120900038,3,32,-29
120900039,13,15,-2
120900040,8,0,8
120900041,23,4,19
120900042,17,20,-3
120900043,3,6,-3
120900044,0,165,-165
120900045,47,27,20
120900046,18,0,18
120900047,6,5,1
120900048,8,2,6
120900049,18,0,18
120900050,1593,211,1382
120900051,41,41,0
120900052,28,0,28
120900053,21,24,-3
120900054,363,213,150
120900055,33,0,33
120900056,28,0,28
120900057,8,3,5
120900058,35,0,35
120900059,6,2,4
120900060,2,13,-11
120900061,72,87,-15
120900062,17,0,17
120900063,34,1,33
120900064,26,0,26
120900065,20,0,20
120900066,9,121,-112
120900067,21,3,18
120900068,17,0,17
120900069,15,33,-18
120900071,0,2,-2
120900072,81,0,81
120900073,18,52,-34
120900074,40,0,40
120900076,18,0,18
120900077,1037,42,995
120900078,57,282,-225
120900079,67,34,33
120900080,65,1560,-1495
120900081,36,406,-370
120900082,121,60,61
120900083,23,1,22
120900084,19,52,-33
120900085,16,21,-5
120900086,44,42,2
120900087,41,5,36
120900088,13,34,-21
120900089,2211,216,1995
120900090,4,82,-78
120900091,64,34,30
120900092,121,276,-155
120900093,2203,125,2078
120900094,219,74,145
120900095,30,16,14
120900096,13,27,-14
120900097,195,764,-569
120900098,135,116,19
120900099,25,52,-27
120900100,15,269,-254
120900101,47,142,-95
120900102,2,88,-86
120900103,15,57,-42
120900104,29,16,13
120900105,7,539,-532
120900106,528,303,225
120900107,238,59,179
120900108,1,647,-646
120900109,17,420,-403
120900110,1,309,-308
120900111,25,245,-220
120900112,0,759,-759
120900113,6,535,-529
120900114,12,141,-129
120900115,21,58,-37
120900116,11,280,-269
120900117,1,304,-303
120900118,1,499,-498
120900119,2146,1567,579
120900120,1,387,-386
120900121,10,135,-125
120900122,15,364,-349
120900123,0,306,-306
120900124,2,440,-438
120900125,3,411,-408
120900126,328,269,59
120900127,1,319,-318
120900128,344,446,-102
120900129,18,215,-197
120900130,4,346,-342
120900131,12,20,-8
120900132,59,155,-96
120900133,50,530,-480
120900134,75,244,-169
120900135,2,398,-396
120900136,12,4,8
120900137,2,35,-33
120900138,2,143,-141
120900139,4,534,-530
120900140,0,17,-17
120900141,7,39,-32
120900142,3,453,-450
120900143,1,663,-662
120900144,0,160,-160
120900145,19,399,-380
120900146,2,551,-549
120900147,0,129,-129
120900148,15,54,-39
120900149,1,199,-198
120900150,6,269,-263
120900151,0,386,-386
120900152,0,13,-13
120900153,2,29,-27
120900154,1,147,-146
120900155,26,771,-745
120900156,6,275,-269
120900157,16,137,-121
120900158,6,291,-285
120900159,29,581,-552
120900160,38,221,-183
120900161,4,1060,-1056
120900162,8,965,-957
120900163,1,45,-44
120900164,0,0,0
120900165,0,2,-2
120900166,0,20,-20
120900167,8,8,0
120900169,11,238,-227
120900170,925,333,592
120900171,513,87,426
120900172,583,28,555
120900173,1,22,-21
120900174,0,61,-61
120900175,135,65,70
120900176,1,43,-42
120900177,0,67,-67
120900178,0,39,-39
120900179,180,115,65
120900180,44,34,10
120900181,9,77,-68
120900182,2,225,-223
120900183,261,23,238
120900184,84,41,43
120900185,0,195,-195
120900186,0,297,-297
120900187,40,178,-138
120900188,16,6,10
120900189,22,52,-30
120900190,4,3,1
120900191,1,3,-2
120900192,7256,464,6792
120900194,11,25,-14
120900195,56,149,-93
120900196,103,26,77
120900197,43,4,39
120900198,53,310,-257
120900199,28,37,-9
120900200,41,19,22
120900201,328,45,283
120900202,0,90,-90
120900203,4,12,-8
120900204,169,187,-18
120900205,28,31,-3
120900206,1,0,1
120900207,36,377,-341
121000001,370,482,-112
121000002,514,379,135
121000003,1921,763,1158
121000004,1133,690,443
121000005,935,1177,-242
121000006,1252,517,735
121000007,1144,1254,-110
121000008,1167,746,421
121000009,3175,1970,1205
121000010,3262,850,2412
121000011,4868,2844,2024
121000012,6030,1743,4287
121000013,2905,2529,376
121000014,3425,2152,1273
121000015,1817,2777,-960
121000016,2662,1356,1306
121000017,580,1371,-791
121000018,732,547,185
121000019,6072,2863,3209
121000020,4337,2222,2115
121000021,1363,1201,162
121000022,670,645,25
121000023,1253,1071,182
121000024,788,1249,-461
121000025,329,159,170
121000026,70,25,45
121000027,977,325,652
121000028,224,184,40
121000029,70,232,-162
121000030,44,84,-40
121000031,213,242,-29
121000032,71,40,31
121000034,22,7,15
121000035,26,26,0
121000036,192,192,0
121000037,149,201,-52
121000038,152,224,-72
121000039,103,93,10
121000041,106,126,-20
121000042,40,100,-60
121000043,241,179,62
121000044,405,173,232
121000045,53,151,-98
121000046,23,131,-108
121000047,8,49,-41
121000049,829,485,344
121000050,122,486,-364
121000051,161,115,46
121000052,73,172,-99
121000053,29,8,21
121000054,13,85,-72
121000055,687,472,215
121000056,310,409,-99
121000057,65,83,-18
121000058,203,59,144
121000059,492,219,273
121000060,196,316,-120
121000061,26,49,-23
121000062,59,53,6
121000063,244,218,26
121000064,112,163,-51
121000065,173,171,2
121000066,164,160,4
121000067,439,97,342
121000068,122,60,62
121000069,33,60,-27
121000070,386,357,29
121000071,230,236,-6
121000072,328,197,131
121000073,214,300,-86
121000074,47,95,-48
121000075,12,7,5
121000076,218,124,94
121000077,13,7,6
121000078,31,36,-5
121000080,1039,169,870
121000081,416,414,2
121000082,110,119,-9
121000083,45,40,5
121000084,70,40,30
121000085,181,200,-19
121000086,80,313,-233
121000087,19,82,-63
121000088,83,171,-88
121000089,50,67,-17
121000090,122,152,-30
121000091,1013,339,674
121000092,51,46,5
121000093,31,77,-46
121000094,176,76,100
121000095,49,108,-59
121000096,1289,812,477
121000097,730,635,95
121000098,142,427,-285
121000099,160,340,-180
121000100,184,316,-132
121000101,6,9,-3
121000102,30,187,-157
121000103,2,16,-14
121000104,20,53,-33
121000105,54,109,-55
121000106,6,20,-14
121000107,973,1627,-654
121000109,817,532,285
121000110,91,147,-56
121000114,1253,1041,212
121000115,347,300,47
121000116,243,307,-64
121000117,637,87,550
121000118,542,80,462
121000119,437,119,318
121000120,88,175,-87
121000121,74,155,-81
121000123,230,136,94
121000127,18,36,-18
121000128,150,232,-82
121000129,117,186,-69
121000130,113,339,-226
121000131,314,274,40
121000132,217,224,-7
121000135,215,120,95
121000136,472,170,302
121000137,164,46,118
121000138,211,100,111
121000139,101,15,86
121000141,54,60,-6
121000142,316,137,179
121000143,59,7,52
121000144,252,310,-58
121000145,90,390,-300
121000146,251,267,-16
121000147,184,180,4
121000148,153,378,-225
121000149,529,491,38
121000152,108,135,-27
121000153,782,192,590
121000154,320,125,195
121000155,388,298,90
121000156,167,236,-69
121000157,829,514,315
121000158,142,250,-108
121000159,58,302,-244
121000160,112,345,-233
121000161,29,133,-104
121000162,12,166,-154
121000165,527,342,185
121000166,25,155,-130
121000168,63,89,-26
121000169,8,124,-116
121000170,36,17,19
121000171,18,78,-60
121000172,142,227,-85
121000173,546,370,176
121000174,51,247,-196
121000175,97,178,-81
121000176,165,111,54
121000177,155,292,-137
121000178,25,27,-2
121000179,24,50,-26
121000181,152,104,48
121000182,16,72,-56
121000183,23,22,1
121000184,8,14,-6
121000185,10,73,-63
121000186,102,199,-97
121000187,55,124,-69
121000188,41,105,-64
121000192,203,199,4
121000193,94,174,-80
121000194,1090,748,342
121000195,136,439,-303
121000196,205,96,109
121000197,46,213,-167
121000198,29,49,-20
121000199,23,291,-268
121000200,93,50,43
121000201,7,124,-117
121000202,37,16,21
121000203,85,799,-714
121000204,225,121,104
121000205,28,185,-157
121000206,41,45,-4
121000207,268,131,137
121000208,2,199,-197
121000209,40,266,-226
121000210,81,262,-181
121000211,13,44,-31
121000212,73,338,-265
121000213,2203,502,1701
121000214,227,261,-34
121000215,434,225,209
121000216,86,184,-98
121000217,1135,566,569
121000218,239,754,-515
121000219,280,126,154
121000220,142,26,116
121000221,36,70,-34
121000222,956,1093,-137
121000223,186,177,9
121000224,46,24,22
121000225,291,230,61
121000226,335,167,168
121000227,1,76,-75
121000228,9,471,-462
121000229,8,199,-191
121000230,18,952,-934
121000231,0,0,0
121000232,79,29,50
121000233,38,159,-121
121000234,0,6,-6
121000235,1,7,-6
121000236,0,27,-27
121000237,1,0,1
121000238,0,38,-38
121000239,0,0,0
121000240,1,59,-58
121000241,36,3,33
121000242,1,59,-58
121000243,34,7,27
121000244,0,35,-35
121000245,1,1,0
121000246,2,53,-51
121000247,2,1,1
121000248,64,174,-110
121000249,14,76,-62
121000250,45,27,18
121000251,11,230,-219
121000252,10,5,5
121000253,45,246,-201
121000254,133,115,18
121000255,42,56,-14
121000256,29,71,-42
121000257,9,23,-14
121000258,15,24,-9
121000259,4,9,-5
121000260,9,50,-41
121000261,7,6,1
121000262,403,191,212
121000263,255,202,53
121000271,133,787,-654
121000273,13,10,3
121000274,1,16,-15
121000275,10,8,2
121000276,0,2,-2
121000278,6,22,-16
121000279,4,9,-5
121000280,1,30,-29
121000289,0,0,0
121000290,324,314,10
121000294,20,80,-60
121000297,289,212,77
121000299,104,108,-4
121000300,289,186,103
121000302,57,116,-59
121000303,207,115,92
121000304,33,3,30
121000305,7,4,3
121000306,4,7,-3
121000308,50,117,-67
121000309,107,194,-87
121000310,18,152,-134
121000311,34,299,-265
121000312,49,21,28
121000313,221,77,144
121000314,100,39,61
121000315,46,23,23
121000530,269,490,-221
121000531,313,552,-239
121000532,1806,1232,574
121000533,746,598,148
121000918,3,95,-92
121000919,1,11,-10
121000938,218,54,164
121000939,256,50,206
121000956,116,561,-445
121000957,8,9,-1
121000958,7,36,-29
121000959,89,480,-391
121000960,234,785,-551
121000961,54,6,48
121000962,127,233,-106
121000963,0,0,0
121000973,1,101,-100
121000976,1,22,-21
121000979,9,5,4
121000981,79,5,74
121000982,42,37,5
121000983,41,187,-146
121000984,1,11,-10
121000985,72,242,-170
121000986,11,146,-135
121000987,35,701,-666
121000988,126,73,53
121001302,134,44,90
121001308,0,5,-5
121001309,34,8,26
121001313,28,207,-179
121001314,2261,1531,730
121001315,2020,577,1443
121001326,84,108,-24
121900001,36,61,-25
121900002,7,13,-6
121900003,2,2,0
121900004,4,31,-27
121900005,0,0,0
121900006,0,1,-1
121900007,19,175,-156
121900008,1,6,-5
121900009,0,0,0
121900010,27,0,27
121900011,4,45,-41
121900012,0,0,0
121900013,0,0,0
121900014,56,24,32
121900015,4,10,-6
121900016,0,0,0
121900017,15,15,0
121900018,32,1,31
121900019,20,51,-31
121900020,3,0,3
121900021,0,0,0
121900022,2,2,0
121900023,1,13,-12
121900024,47,11,36
121900025,36,16,20
121900026,1,0,1
121900027,13,3,10
121900028,0,0,0
121900029,0,4,-4
121900030,87,63,24
121900031,71,345,-274
121900032,8,8,0
121900033,5,11,-6
121900034,23,9,14
121900035,94,96,-2
121900036,1,9,-8
121900037,3,54,-51
121900038,2,10,-8
121900039,8,1,7
121900040,2,3,-1
121900041,6,18,-12
121900042,3,10,-7
121900043,0,0,0
121900044,82,3,79
121900046,0,0,0
121900047,8,5,3
121900048,0,12,-12
121900050,1,0,1
121900051,5,16,-11
121900052,1,0,1
121900053,57,60,-3
121900054,27,28,-1
121900055,0,0,0
121900058,6,24,-18
121900059,21,18,3
121900060,6,26,-20
121900062,2,0,2
121900063,28,36,-8
121900064,8,27,-19
121900066,0,0,0
121900067,0,0,0
121900069,96,27,69
121900070,20,15,5
121900071,4,33,-29
121900072,3,18,-15
121900073,9,20,-11
121900074,13,12,1
121900075,15,26,-11
121900076,1,41,-40
121900078,0,0,0
121900079,0,0,0
121900080,14,32,-18
121900082,7,14,-7
121900084,0,69,-69
121900086,0,0,0
121900087,12,12,0
121900088,180,300,-120
121900089,2,34,-32
121900090,0,25,-25
121900091,0,10,-10
121900092,0,0,0
121900093,7,1,6
121900094,0,0,0
121900095,49,13,36
121900096,133,16,117
121900097,8,3,5
121900098,0,0,0
121900099,0,0,0
121900100,6,8,-2
121900101,7,4,3
121900102,1,3,-2
121900103,24,7,17
121900104,118,29,89
121900105,3,0,3
121900106,0,0,0
121900107,0,0,0
121900108,0,0,0
121900109,32,14,18
121900110,19,166,-147
121900111,202,35,167
121900112,5,7,-2
121900113,0,3,-3
121900114,0,0,0
121900117,18,4,14
121900118,270,19,251
121900119,3,71,-68
121900120,1,254,-253
121900121,0,0,0
121900122,0,0,0
121900123,11,33,-22
121900124,5,26,-21
121900125,120,204,-84
121900127,3,10,-7
121900128,5,17,-12
121900129,253,22,231
121900130,2,15,-13
121900131,16,18,-2
121900132,1,18,-17
121900133,0,1,-1
121900134,0,18,-18
121900135,248,23,225
121900136,6,84,-78
121900137,5,20,-15
121900138,1,19,-18
121900139,47,45,2
121900140,1,10,-9
121900141,2,1,1
121900142,2,4,-2
121900143,0,7,-7
121900144,139,115,24
121900145,6,17,-11
121900146,31,101,-70
121900147,10,49,-39
121900148,8,31,-23
121900149,28,92,-64
121900150,27,48,-21
121900151,1,21,-20
121900152,2,23,-21
121900153,3,62,-59
121900154,5,18,-13
121900155,0,12,-12
121900156,24,30,-6
121900157,0,82,-82
121900158,16,24,-8
121900159,0,30,-30
121900160,0,43,-43
121900161,53,38,15
121900162,24,15,9
121900163,5,157,-152
121900164,27,10,17
121900165,11,30,-19
121900166,23,32,-9
121900167,5,10,-5
121900168,13,19,-6
121900169,1,157,-156
121900170,0,26,-26
121900171,17,26,-9
121900172,12,31,-19
121900173,30,14,16
121900174,0,0,0
121900175,1,23,-22
121900176,120,516,-396
121900177,4,19,-15
121900178,0,9,-9
121900179,6,9,-3
121900180,1806,383,1423
121900182,35,38,-3
121900183,54,24,30
121900184,6,53,-47
121900186,0,1,-1
121900187,2,21,-19
121900188,75,19,56
121900189,0,12,-12
121900190,42,53,-11
121900191,0,2,-2
121900192,88,24,64
121900193,1,15,-14
121900194,0,0,0
121900195,2,12,-10
121900196,31,17,14
121900197,88,395,-307
121900198,201,46,155
121900199,0,0,0
121900200,6,14,-8
121900201,35,82,-47
121900202,14,24,-10
121900203,7,17,-10
121900204,160,49,111
121900205,0,12,-12
121900206,0,0,0
121900207,8,2,6
121900208,8,29,-21
121900209,23,2,21
121900210,21,40,-19
121900211,0,4,-4
121900212,8,16,-8
121900213,5,4,1
121900214,0,34,-34
121900215,0,1,-1
121900216,5,6,-1
121900217,3,4,-1
121900218,14,21,-7
121900220,22,0,22
121900221,24,70,-46
121900222,0,4,-4
121900223,1,1,0
121900224,1,2,-1
121900225,0,0,0
121900226,0,0,0
121900227,8,12,-4
121900228,5,11,-6
121900230,6,4,2
121900231,1,12,-11
121900232,5,23,-18
121900233,34,43,-9
121900234,6,24,-18
121900235,4,12,-8
121900236,9,4,5
121900237,33,95,-62
121900238,33,43,-10
121900239,9,5,4
121900240,33,10,23
121900241,0,4,-4
121900242,0,0,0
121900243,0,0,0
121900244,0,0,0
121900245,7,5,2
121900246,4,0,4
121900248,108,80,28
121900250,28,22,6
121900251,7,0,7
121900252,131,8,123
121900253,51,211,-160
121900254,67,24,43
121900255,9,2,7
121900258,93,16,77
121900259,23,35,-12
121900260,0,24,-24
121900261,10,27,-17
121900262,27,43,-16
121900263,6,32,-26
121900264,279,70,209
121900265,7,43,-36
121900266,9,13,-4
121900267,0,0,0
121900269,2,16,-14
121900270,0,14,-14
121900271,4,12,-8
121900273,28,109,-81
121900274,3,45,-42
121900277,13,291,-278
121900278,6,175,-169
121900279,13,103,-90
121900280,7,63,-56
121900281,3,1,2
121900284,0,0,0
121900286,5,63,-58
121900287,0,2,-2
121900288,0,0,0
121900290,17,31,-14
121900291,70,101,-31
121900292,16,38,-22
121900293,189,890,-701
121900294,15,0,15
121900295,3,24,-21
121900296,0,0,0
121900298,14,51,-37
121900299,0,0,0
121900300,0,0,0
121900301,0,0,0
121900302,0,1,-1
121900303,1,51,-50
121900304,0,0,0
121900305,0,0,0
121900306,0,0,0
121900307,0,1,-1
121900308,7,87,-80
121900309,5,59,-54
121900310,2,201,-199
121900311,18,0,18
121900312,7,4,3
121900313,16,3,13
121900314,0,21,-21
121900315,0,0,0
121900316,0,0,0
121900317,0,0,0
121900318,0,0,0
121900319,0,0,0
121900320,0,0,0
121900321,0,0,0
121900322,0,0,0
121900323,0,0,0
121900324,0,0,0
121900325,0,0,0
121900326,0,0,0
121900327,0,13,-13
121900328,0,2,-2
121900329,0,27,-27
121900330,0,2,-2
121900331,0,0,0
121900332,3,1,2
121900333,1,0,1
121900334,0,0,0
122000001,692,920,-228
122000002,1468,394,1074
122000003,676,435,241
122000004,940,267,673
122000005,669,281,388
122000006,543,166,377
122000007,304,271,33
122000008,1479,610,869
122000009,313,52,261
122000010,1040,711,329
122000011,955,269,686
122000012,462,436,26
122000013,385,310,75
122000014,496,468,28
122000015,522,280,242
122000016,140,308,-168
122000017,401,365,36
122000018,463,411,52
122000019,191,524,-333
122000020,50,61,-11
122000021,160,144,16
122000022,202,188,14
122000023,106,233,-127
122000024,301,313,-12
122000025,274,356,-82
122000026,554,241,313
122000027,258,771,-513
122000028,276,90,186
122000029,76,58,18
122000031,25,46,-21
122000032,311,429,-118
122000033,204,256,-52
122000034,106,128,-22
122000035,144,220,-76
122000036,99,239,-140
122000037,178,65,113
122000038,85,100,-15
122000039,99,73,26
122000040,352,192,160
122000041,84,181,-97
122000042,49,151,-102
122000043,43,32,11
122000044,44,33,11
122000045,328,140,188
122000046,151,198,-47
122000047,102,57,45
122000048,850,756,94
122000049,1230,753,477
122000050,386,234,152
122000051,75,79,-4
122000052,91,66,25
122000053,31,205,-174
122000054,721,469,252
122000055,726,729,-3
122000056,1414,1124,290
122000057,1295,758,537
122000058,1194,603,591
122000059,1181,674,507
122000060,387,218,169
122000061,239,74,165
122000062,539,135,404
122000063,195,139,56
122000064,1119,1222,-103
122000065,1302,1047,255
122000066,237,145,92
122000067,279,367,-88
122000068,186,212,-26
122000069,318,226,92
122000070,97,299,-202
122000071,207,213,-6
122000072,34,61,-27
122000073,368,235,133
122000074,261,186,75
122000075,101,151,-50
122000076,414,268,146
122000077,299,204,95
122000078,1049,982,67
122000079,275,190,85
122000080,129,64,65
122000081,30,40,-10
122000082,276,154,122
122000083,260,672,-412
122000084,289,184,105
122000085,89,256,-167
122000086,688,790,-102
122000087,79,62,17
122000088,83,71,12
122000089,1288,607,681
122000090,78,125,-47
122000091,45,23,22
122000092,20,2,18
122000093,400,521,-121
122000094,1563,564,999
122000095,640,343,297
122000096,357,180,177
122000098,701,535,166
122000099,307,216,91
122000100,255,170,85
122000101,81,159,-78
122000102,506,317,189
122000103,364,353,11
122000104,85,77,8
122000105,59,91,-32
122000106,124,150,-26
122000107,156,138,18
122000108,136,223,-87
122000109,55,60,-5
122000110,89,134,-45
122000111,805,319,486
122000112,199,319,-120
122000113,132,247,-115
122000114,708,546,162
122000115,825,358,467
122000116,169,119,50
122000117,263,72,191
122000118,139,91,48
122000119,795,517,278
122000120,814,645,169
122000121,1037,523,514
122000122,239,281,-42
122000123,476,183,293
122000124,173,82,91
122000125,181,177,4
122000126,172,198,-26
122000127,347,267,80
122000128,133,215,-82
122000129,117,82,35
122000130,383,113,270
122000131,473,127,346
122000132,410,110,300
122000133,246,682,-436
122000134,174,170,4
122000135,258,382,-124
122000136,82,56,26
122000137,138,230,-92
122000139,422,628,-206
122000140,339,159,180
122000141,1485,214,1271
122000142,95,194,-99
122000143,156,59,97
122000144,513,199,314
122000145,254,166,88
122000146,89,120,-31
122000147,174,69,105
122000148,655,323,332
122000149,663,243,420
122000150,323,157,166
122000151,93,113,-20
122000152,122,120,2
122000153,47,40,7
122000154,60,16,44
122000155,484,513,-29
122000156,1337,954,383
122000157,610,509,101
122000158,68,200,-132
122000159,187,377,-190
122000160,1142,199,943
122000161,273,152,121
122000162,461,299,162
122000163,130,34,96
122000164,25,47,-22
122000165,220,146,74
122000166,211,213,-2
122000167,93,131,-38
122000168,51,132,-81
122000169,164,65,99
122000170,90,133,-43
122000171,15,34,-19
122000172,397,349,48
122000173,303,524,-221
122000174,564,350,214
122000175,207,131,76
122000176,101,205,-104
122000177,554,678,-124
122000178,837,313,524
122000179,637,603,34
122000180,652,417,235
122000181,616,991,-375
122000182,918,147,771
122000183,271,75,196
122000184,2151,678,1473
122000185,781,492,289
122000186,209,287,-78
122000187,212,385,-173
122000188,151,73,78
122000189,76,57,19
122000190,120,497,-377
122000191,130,140,-10
122000192,54,39,15
122000193,59,148,-89
122000194,552,160,392
122000195,39,132,-93
122000196,420,121,299
122000197,88,27,61
122000198,169,376,-207
122000199,53,50,3
122000200,234,85,149
122000201,804,842,-38
122000202,496,404,92
122000203,670,489,181
122000204,446,767,-321
122000205,376,362,14
122000206,622,183,439
122000207,268,327,-59
122000208,313,431,-118
122000209,409,61,348
122000210,318,706,-388
122000211,271,469,-198
122000212,110,142,-32
122000213,266,304,-38
122000214,352,412,-60
122000215,387,533,-146
122000217,536,486,50
122000218,26,6,20
122000219,622,408,214
122000220,100,341,-241
122000221,53,138,-85
122000222,70,8,62
122000223,326,184,142
122000225,216,79,137
122000226,239,684,-445
122000227,90,418,-328
122000228,67,201,-134
122000229,7,151,-144
122000230,28,258,-230
122000231,35,242,-207
122000232,51,313,-262
122000233,0,32,-32
122000234,17,69,-52
122000235,85,61,24
122000236,326,68,258
122000237,4,9,-5
122000238,68,56,12
122000239,47,8,39
122000240,152,51,101
122000241,167,71,96
122000242,53,23,30
122000243,30,15,15
122000244,4,159,-155
122000245,32,141,-109
122000246,40,18,22
122000247,105,340,-235
122000248,491,615,-124
122000249,96,88,8
122000250,307,89,218
122000251,113,109,4
122000252,198,11,187
122000253,22,108,-86
122000254,22,23,-1
122000255,116,500,-384
122000256,110,574,-464
122000257,46,195,-149
122000258,20,97,-77
122000259,15,345,-330
122000261,4,64,-60
122000262,0,13,-13
122000263,17,45,-28
122000264,56,32,24
122000265,171,114,57
122000266,516,101,415
122000267,11,13,-2
122000268,34,84,-50
122000269,107,65,42
122000270,54,47,7
122000271,76,347,-271
122000272,99,354,-255
122000273,50,116,-66
122000274,19,52,-33
122000275,5,48,-43
122000276,65,154,-89
122000277,144,375,-231
122000278,112,301,-189
122000279,33,216,-183
122000280,318,329,-11
122000281,137,324,-187
122000282,22,40,-18
122000283,400,13,387
122000284,41,27,14
122000285,170,46,124
122000286,95,57,38
122000287,119,246,-127
122000288,92,46,46
122000291,201,131,70
122000293,156,115,41
122000294,22,19,3
122000295,381,49,332
122000296,31,147,-116
122000297,883,458,425
122000299,42,145,-103
122000300,84,187,-103
122000301,4082,473,3609
122000302,224,159,65
122000303,1804,376,1428
122000304,1,42,-41
122000305,339,318,21
122000306,5,416,-411
122000307,31,73,-42
122000309,14,35,-21
122000310,4,9,-5
122000311,25,19,6
122000312,42,27,15
122000313,9,13,-4
122000314,29,81,-52
122000315,5,0,5
122000316,40,37,3
122000317,141,41,100
122000318,57,65,-8
122000319,100,148,-48
122000320,397,1273,-876
122000321,16,118,-102
122000322,948,300,648
122000323,613,462,151
122000324,510,363,147
122000325,205,326,-121
122000326,0,17,-17
122000327,63,146,-83
122000328,248,351,-103
122000330,334,124,210
122000332,66,74,-8
122000333,5,122,-117
122000337,156,947,-791
122000338,53,141,-88
122000340,106,86,20
122000342,665,334,331
122000343,81,509,-428
122000344,3,0,3
122000345,68,46,22
122000346,60,140,-80
122000348,96,266,-170
122000349,32,238,-206
122000351,16,96,-80
122000352,264,32,232
122000353,25,30,-5
122000355,22,62,-40
122000356,401,271,130
122000357,1,4,-3
122000358,0,18,-18
122000359,0,13,-13
122000360,0,8,-8
122000362,24,32,-8
122000364,6,160,-154
122000365,0,8,-8
122000366,0,0,0
122000368,119,182,-63
122000370,1,25,-24
122000371,1,0,1
122000372,1,0,1
122000381,3,89,-86
122000382,25,104,-79
122000384,735,507,228
122000385,0,0,0
122000386,15,143,-128
122000387,85,212,-127
122000388,199,93,106
122000389,78,326,-248
122000390,98,103,-5
122000391,6,3,3
122000392,59,133,-74
122000393,0,26,-26
122000394,35,113,-78
122000395,42,97,-55
122000396,75,48,27
122000397,6,37,-31
122000398,1,7,-6
122000399,20,32,-12
122000400,7,43,-36
122000401,50,77,-27
122000402,7,4,3
122000403,73,622,-549
122000404,21,51,-30
122000408,430,505,-75
122000503,1,12,-11
122000524,24,21,3
122000544,2,166,-164
122000614,82,43,39
122000616,303,0,303
122000640,15,85,-70
122000641,7,253,-246
122000642,380,473,-93
122000643,2,17,-15
122000644,44,16,28
122000645,60,69,-9
122000651,337,256,81
122000664,34,11,23
122000665,404,204,200
122000666,167,314,-147
122000673,6,154,-148
122000674,57,20,37
122000675,256,522,-266
122000686,73,388,-315
122000687,115,140,-25
122000688,39,238,-199
122000689,83,269,-186
122000690,83,352,-269
122000691,88,750,-662
122000692,160,148,12
122000693,71,565,-494
122000695,33,215,-182
122000696,32,50,-18
122000698,25,452,-427
122000699,55,19,36
122000701,225,134,91
122000702,96,510,-414
122000703,12,3,9
122000712,0,0,0
122000717,89,18,71
122000718,536,139,397
122000719,14,26,-12
122000720,20,48,-28
122000724,95,106,-11
122900001,0,0,0
122900002,125,128,-3
122900003,19,1,18
122900004,69,2,67
122900005,10,5,5
122900006,110,21,89
122900007,7,3,4
122900008,114,1,113
122900009,37,7,30
122900010,0,0,0
122900012,7,2,5
122900014,33,88,-55
122900015,264,29,235
122900016,8,77,-69
122900017,104,218,-114
122900018,19,0,19
122900019,3,110,-107
122900020,224,61,163
122900021,23,77,-54
122900024,22,53,-31
122900025,0,25,-25
122900026,23,95,-72
122900027,13,255,-242
122900028,43,25,18
122900029,643,62,581
122900030,629,54,575
122900031,13,35,-22
122900032,34,92,-58
122900033,13,13,0
122900034,316,387,-71
122900035,0,0,0
122900036,0,8,-8
122900037,52,24,28
122900038,14,317,-303
122900039,7,74,-67
122900040,6,8,-2
122900041,6,4,2
122900042,0,19,-19
122900043,13,17,-4
122900044,4,19,-15
122900045,5,12,-7
122900046,5,6,-1
122900047,23,19,4
122900048,3,16,-13
122900049,471,23,448
122900051,26,41,-15
122900052,7,69,-62
122900053,4,1,3
122900055,15,20,-5
122900057,17,2,15
122900061,104,31,73
122900062,118,84,34
122900063,13,114,-101
122900064,287,126,161
122900065,45,26,19
122900066,122,85,37
122900067,381,182,199
122900069,90,142,-52
122900070,19,75,-56
122900071,18,220,-202
122900073,9,71,-62
122900074,8,170,-162
122900075,1,28,-27
122900076,2,65,-63
122900077,1,151,-150
122900078,2,3,-1
122900080,6,3,3
122900081,10,1,9
122900082,19,1,18
122900083,2,0,2
122900084,3,34,-31
122900086,0,2,-2
122900087,1,298,-297
122900088,2,14,-12
122900089,2,35,-33
122900090,3,310,-307
122900091,0,0,0
122900092,1,66,-65
122900093,0,57,-57
122900094,0,48,-48
122900095,0,0,0
122900096,0,14,-14
122900097,0,0,0
122900098,8,12,-4
122900099,1,1,0
122900100,12,18,-6
122900101,39,5,34
122900102,0,2,-2
122900103,5,0,5
122900104,2,0,2
122900105,0,0,0
122900106,0,29,-29
122900107,1,59,-58
122900108,0,41,-41
122900109,71,288,-217
123000001,654,149,505
123000002,1651,701,950
123000003,1588,868,720
123000004,1612,1748,-136
123000005,556,774,-218
123000006,1336,1295,41
123000007,604,627,-23
123000008,977,1895,-918
123000009,1260,983,277
123000010,2051,1992,59
123000011,529,308,221
123000012,423,1255,-832
123000013,762,307,455
123000014,701,1743,-1042
123000015,497,204,293
123000016,2518,1091,1427
123000017,907,608,299
123000018,17,68,-51
123000019,33,99,-66
123000020,22,38,-16
123000021,10,48,-38
123000022,88,423,-335
123000023,358,364,-6
123000024,241,213,28
123000025,15,48,-33
123000026,4,73,-69
123000027,33,69,-36
123000028,484,22,462
123000029,735,127,608
123000030,17,323,-306
123000031,21,146,-125
123000032,19,76,-57
123000033,38,34,4
123000034,297,301,-4
123000035,70,41,29
123000036,63,87,-24
123000037,69,124,-55
123000038,43,108,-65
123000039,392,389,3
123000040,408,137,271
123000041,172,155,17
123000042,192,180,12
123000043,850,926,-76
123000044,1433,618,815
123000045,3482,545,2937
123000046,219,203,16
123000047,1146,340,806
123000048,5,101,-96
123000049,2122,883,1239
123000050,250,304,-54
123000051,25,56,-31
123000052,201,496,-295
123000053,1135,708,427
123000054,453,382,71
123000055,235,247,-12
123000056,505,763,-258
123000057,5310,1501,3809
123000058,119,218,-99
123000059,79,149,-70
123000060,136,124,12
123000061,49,231,-182
123000063,177,200,-23
123000064,265,59,206
123000065,2927,1326,1601
123000066,408,250,158
123000067,94,163,-69
123000068,1244,1245,-1
123000069,3647,1388,2259
123000070,102,184,-82
123000071,128,351,-223
123000072,340,600,-260
123000073,142,288,-146
123000074,299,961,-662
123000075,77,224,-147
123000076,194,419,-225
123000077,869,1656,-787
123000078,228,537,-309
123000079,232,658,-426
123000080,621,1000,-379
123000081,84,208,-124
123000082,120,419,-299
123000083,182,52,130
123000084,92,322,-230
123000085,12,74,-62
123000086,46,193,-147
123000087,13,200,-187
123000088,267,548,-281
123000089,76,273,-197
123000090,335,505,-170
123000091,483,412,71
123000092,505,427,78
123000094,106,67,39
123000095,48,220,-172
123000096,69,141,-72
123000097,84,536,-452
123000098,181,190,-9
123000099,208,357,-149
123000100,155,145,10
123000101,199,117,82
123000102,105,145,-40
123000104,161,146,15
123000105,245,219,26
123000106,176,113,63
123000107,156,257,-101
123000108,434,468,-34
123000111,149,52,97
123000112,199,140,59
123000113,147,683,-536
123000114,214,206,8
123000115,29,106,-77
123000116,8,60,-52
123000117,348,891,-543
123000118,122,346,-224
123000119,108,450,-342
123000120,121,330,-209
123000121,162,297,-135
123000122,113,192,-79
123000123,198,197,1
123000124,257,233,24
123000125,161,153,8
123000126,515,459,56
123000127,994,452,542
123000128,103,180,-77
123000129,16,4,12
123000130,14,3,11
123000131,88,120,-32
123000132,138,237,-99
123000133,70,163,-93
123000134,184,52,132
123000135,331,374,-43
123000136,62,605,-543
123000137,79,146,-67
123000138,26,270,-244
123000139,14,2,12
123000140,58,279,-221
123000141,24,2,22
123000142,305,358,-53
123000143,581,1204,-623
123000144,6,5,1
123000147,36,35,1
123000149,67,110,-43
123000150,27,39,-12
123000151,138,154,-16
123000152,13,123,-110
123000153,26,113,-87
123000154,515,270,245
123000155,795,202,593
123000156,9,42,-33
123000157,140,349,-209
123000158,158,153,5
123000159,743,411,332
123000160,77,93,-16
123000161,265,149,116
123000162,98,258,-160
123000163,21,4,17
123000164,85,15,70
123000165,39,557,-518
123000167,8,90,-82
123000168,42,169,-127
123000169,27,12,15
123000170,0,108,-108
123000171,3,14,-11
123000172,333,398,-65
123000173,52,27,25
123000174,80,26,54
123000175,329,640,-311
123000176,53,13,40
123000177,68,493,-425
123000178,122,5,117
123000179,6,415,-409
123000180,275,110,165
123000181,81,504,-423
123000182,24,168,-144
123000183,24,24,0
123000184,33,402,-369
123000185,81,105,-24
123000186,0,316,-316
123000187,43,0,43
123000188,23,1,22
123000189,16,104,-88
123000190,0,23,-23
123000192,0,268,-268
123000193,12,236,-224
123000194,101,43,58
123000195,34,1,33
123000196,37,0,37
123000197,23,63,-40
123000198,1,76,-75
123000199,0,189,-189
123000200,23,1,22
123000201,50,2,48
123000202,8,587,-579
123000203,83,2,81
123000204,27,641,-614
123000205,78,915,-837
123000206,187,12,175
123000207,82,554,-472
123000208,106,21,85
123000209,362,76,286
123000210,187,1070,-883
123000211,253,1210,-957
123000212,209,59,150
123000213,105,3,102
123000215,51,35,16
123000216,40,60,-20
123000217,16,2,14
123000218,43,87,-44
123000219,117,13,104
123000220,53,9,44
123000221,28,47,-19
123000222,53,150,-97
123000223,19,155,-136
123000224,92,227,-135
123000225,13,28,-15
123000226,5,136,-131
123000227,8,131,-123
123000228,12,22,-10
123000229,371,1041,-670
123000232,19,236,-217
123000233,58,15,43
123000234,25,298,-273
123000235,32,51,-19
123000236,45,398,-353
123000237,60,7,53
123000238,16,336,-320
123000239,134,957,-823
123000240,1,54,-53
123000241,199,24,175
123000242,11,73,-62
123000243,235,498,-263
123000244,565,246,319
123000245,22,120,-98
123000249,241,319,-78
123000252,95,16,79
123000253,100,72,28
123000254,107,358,-251
123000255,168,157,11
123000256,13,111,-98
123000257,1252,1029,223
123000258,268,585,-317
123000259,65,142,-77
123000260,144,207,-63
123000261,20,48,-28
123000263,69,42,27
123000264,38,16,22
123000265,23,84,-61
123000266,121,255,-134
123000267,53,65,-12
123000268,13,64,-51
123000269,59,4,55
123000270,30,6,24
123000271,24,56,-32
123000272,205,70,135
123000273,31,153,-122
123000274,163,77,86
123000275,59,432,-373
123000278,1002,893,109
123000279,24,18,6
123000280,36,141,-105
123000281,59,16,43
123000282,21,107,-86
123000283,10,12,-2
123000284,15,68,-53
123000286,116,94,22
123000287,260,142,118
123000288,27,18,9
123000289,72,46,26
123000291,83,437,-354
123000294,128,240,-112
123000295,300,397,-97
123000296,105,214,-109
123000297,108,431,-323
123000298,66,416,-350
123000299,57,192,-135
123000300,124,176,-52
123000301,10,48,-38
123000302,6,98,-92
123000303,4,26,-22
123000305,470,432,38
123000306,9,149,-140
123000309,9,48,-39
123000310,18,11,7
123000311,1,118,-117
123000312,281,325,-44
123000313,37,88,-51
123000315,17,126,-109
123000316,289,121,168
123000317,52,12,40
123000318,19,174,-155
123000329,42,13,29
123000337,28,85,-57
123000338,75,18,57
123000339,18,170,-152
123000340,76,243,-167
123000342,3,92,-89
123000343,0,0,0
123000344,217,95,122
123000345,89,205,-116
123000346,21,13,8
123000352,589,359,230
123000353,3,65,-62
123000354,46,5,41
123000355,0,134,-134
123000356,18,0,18
123000357,0,118,-118
123000359,0,133,-133
123000360,0,0,0
123000361,171,81,90
123000362,12,40,-28
123000363,7,88,-81
123000364,151,79,72
123000365,3,85,-82
123000366,79,312,-233
123000367,104,423,-319
123000370,13,102,-89
123000371,2,4,-2
123000372,24,0,24
123000373,1,156,-155
123000374,1,53,-52
123000375,33,10,23
123000376,227,241,-14
123000377,24,16,8
123000378,1,152,-151
123000379,1,82,-81
123000380,39,58,-19
123000381,11,3,8
123000382,102,6,96
123000383,50,257,-207
123000384,57,9,48
123000385,171,270,-99
123000436,19,270,-251
123000507,119,107,12
123000508,99,108,-9
123000517,105,18,87
123000518,23,104,-81
123000519,96,34,62
123000520,37,89,-52
123000521,102,30,72
123000522,81,216,-135
123000541,0,0,0
123000542,0,18,-18
123000565,130,8,122
123000566,22,409,-387
123000567,41,119,-78
123000573,24,485,-461
123000574,24,8,16
123000575,244,555,-311
123000576,102,931,-829
123000577,61,192,-131
123000578,125,24,101
123000579,1310,604,706
123000580,77,12,65
123000582,15,2,13
123000583,3,203,-200
123000584,33,58,-25
123000585,0,28,-28
123000586,0,0,0
123000596,230,100,130
123000597,34,60,-26
123000602,0,0,0
123000603,34,270,-236
123000604,83,528,-445
123000605,151,3,148
123000606,0,205,-205
123000609,3,199,-196
123000610,20,12,8
123000613,60,105,-45
123000614,26,6,20
123000615,54,192,-138
123000616,28,8,20
123000617,24,276,-252
123000618,13,226,-213
123000619,48,4,44
123000620,15,287,-272
123000622,65,3,62
123000624,26,13,13
123000630,153,133,20
123000631,38,883,-845
123000632,537,497,40
123000633,0,67,-67
123000634,3,4,-1
123000635,93,42,51
123000636,5,234,-229
123000637,25,3,22
123000638,93,27,66
123000639,138,335,-197
123000640,3,561,-558
123000648,38,2,36
123000649,28,307,-279
123000650,5,34,-29
123000651,3,45,-42
123900001,664,22,642
123900002,7,305,-298
123900003,107,151,-44
123900005,31,12,19
123900006,24,6,18
124000001,248,19,229
124000002,45,473,-428
124000003,75,38,37
124000004,31,282,-251
124000005,91,13,78
124000006,71,555,-484
124000007,61,13,48
124000008,1,132,-131
124000009,76,36,40
124000010,53,355,-302
124000011,24,22,2
124000012,84,517,-433
124000017,0,0,0
124000018,35,48,-13
124000019,0,1,-1
124000020,21,137,-116
124000021,0,0,0
124000022,31,116,-85
124000023,380,93,287
124000024,76,188,-112
124000025,399,108,291
124000026,169,267,-98
124000027,1177,189,988
124000028,1203,710,493
124000031,134,116,18
124000032,1821,446,1375
124000033,267,50,217
124000034,406,563,-157
124000035,74,21,53
124000036,35,375,-340
124000037,67,70,-3
124000038,7,51,-44
124000039,270,67,203
124000040,134,125,9
124000041,59,21,38
124000042,34,134,-100
124000043,12,12,0
124000044,14,140,-126
124000045,96,124,-28
124000046,60,379,-319
124000047,155,177,-22
124000048,149,825,-676
124000049,189,156,33
124000050,151,1158,-1007
124000051,78,115,-37
124000052,136,649,-513
124000053,92,205,-113
124000054,206,335,-129
124000055,298,221,77
124000056,1351,773,578
124000057,185,146,39
124000058,172,792,-620
124000059,114,181,-67
124000060,255,331,-76
124000061,385,722,-337
124000062,2228,765,1463
124000063,743,740,3
124000064,1056,990,66
124000065,5,13,-8
124000066,69,7,62
124000067,44,35,9
124000068,14,48,-34
124000069,50,40,10
124000070,33,251,-218
124000071,3,18,-15
124000072,3,42,-39
124000073,80,24,56
124000074,61,381,-320
124000075,0,0,0
124000076,5,105,-100
124000077,365,175,190
124000078,601,49,552
124000079,152,196,-44
124000080,14,14,0
124000081,33,279,-246
124000082,3,39,-36
124000083,15,51,-36
124000084,24,26,-2
124000085,20,19,1
124000086,42,19,23
124000088,4,50,-46
124000089,81,106,-25
124000090,30,214,-184
124000091,52,64,-12
124000092,19,411,-392
124000093,15,26,-11
124000094,13,114,-101
124000095,21,28,-7
124000096,27,127,-100
124000097,40,19,21
124000098,27,91,-64
124000099,9,12,-3
124000100,24,36,-12
124000101,12,97,-85
124000102,30,46,-16
124000103,5,28,-23
124000104,23,42,-19
124000105,6,16,-10
124000106,42,45,-3
124000107,6,38,-32
124000108,16,23,-7
124000109,33,13,20
124000110,40,68,-28
124000111,71,80,-9
124000112,117,298,-181
124000113,12,33,-21
124000114,56,284,-228
124000115,119,426,-307
124000116,27,33,-6
124000117,33,26,7
124000118,7,30,-23
124000119,140,164,-24
124000120,26,196,-170
124000121,433,125,308
124000122,325,435,-110
124000123,196,109,87
124000124,112,279,-167
124000125,62,143,-81
124000126,86,209,-123
124000127,174,145,29
124000128,125,469,-344
124000129,561,539,22
124000130,318,276,42
124000131,291,180,111
124000132,383,436,-53
124000133,206,167,39
124000134,166,270,-104
124000135,741,437,304
124000136,265,367,-102
124000137,373,249,124
124000138,478,483,-5
124000139,208,30,178
124000140,30,219,-189
124000141,122,8,114
124000142,16,267,-251
124000143,24,14,10
124000144,4,59,-55
124000145,14,9,5
124000146,6,48,-42
124000148,5,8,-3
124000149,136,84,52
124000150,62,205,-143
124000151,106,33,73
124000152,119,375,-256
124000153,83,62,21
124000154,90,375,-285
124000155,205,127,78
124000156,376,466,-90
124000169,14,33,-19
124000170,191,166,25
124000171,8,39,-31
124000172,88,274,-186
124000173,28,118,-90
124000174,51,256,-205
124000175,2,68,-66
124000176,0,0,0
124000177,9,29,-20
124000178,0,0,0
124000185,3,0,3
124000186,2,22,-20
124000187,2,49,-47
124000188,3,0,3
124000190,50,10,40
124000191,85,23,62
124000192,59,14,45
124000193,79,423,-344
124000194,130,306,-176
124000195,59,188,-129
124000196,384,674,-290
124000197,55,14,41
124000198,8,13,-5
124000201,25,373,-348
124000202,0,0,0
124000203,25,483,-458
124000204,0,0,0
124000205,13,246,-233
124000206,10,21,-11
124000207,1,39,-38
124000209,47,225,-178
124000210,29,69,-40
124000211,17,0,17
124000212,5,249,-244
124000213,31,167,-136
124000214,9,404,-395
124000215,1,0,1
124000216,0,259,-259
124000329,3,615,-612
124000338,20,844,-824
124000339,42,11,31
124000341,71,12,59
124000344,39,36,3
124000357,487,654,-167
124000358,477,508,-31
124000359,162,163,-1
124000360,75,81,-6
124000361,215,139,76
124000362,491,855,-364
124000363,109,337,-228
124000364,168,566,-398
124000365,360,712,-352
124000366,1220,854,366
124000367,27,183,-156
124000368,39,17,22
124000369,8,24,-16
124000370,20,184,-164
124000402,3,3,0
124000403,20,1,19
124000404,7,83,-76
124000405,271,209,62
124000406,308,426,-118
124000407,1,21,-20
124000411,1,129,-128
124000412,27,2,25
124000413,26,18,8
124000414,19,68,-49
124000415,11,69,-58
124000416,24,127,-103
124000417,35,58,-23
124000418,5,55,-50
124000419,5,89,-84
124000420,7,16,-9
124000421,12,123,-111
124000422,2,14,-12
124000423,9,7,2
124000424,4,37,-33
124000425,22,3,19
124000426,1,97,-96
124000427,23,4,19
124000428,4,14,-10
124000429,1,52,-51
124000430,66,108,-42
124000431,42,302,-260
124000432,50,388,-338
124000439,0,1,-1
124000443,2,0,2
124000445,189,51,138
124000446,926,14,912
124000447,6,9,-3
124000448,6,6,0
124000449,12,7,5
124000450,1,185,-184
124000451,2,106,-104
124000452,185,41,144
124000453,842,725,117
124000454,1002,1258,-256
124900001,38,64,-26
124900002,16,189,-173
124900003,64,106,-42
124900004,60,146,-86
124900005,65,58,7
124900006,53,104,-51
124900008,379,177,202
124900009,12,17,-5
124900010,21,14,7
124900011,40,37,3
124900012,44,22,22
124900013,57,56,1
124900014,40,33,7
124900015,10,19,-9
124900016,3,4,-1
124900017,117,44,73
124900018,9,5,4
124900020,2,2,0
124900021,12,2,10
124900024,4,0,4
124900026,15,3,12
124900027,6,28,-22
124900028,128,31,97
124900030,1,44,-43
124900031,0,116,-116
124900033,14,103,-89
124900035,40,131,-91
124900036,1,49,-48
124900037,24,120,-96
124900039,0,8,-8
124900040,5,8,-3
124900042,15,24,-9
124900043,79,599,-520
124900044,9,0,9
124900045,163,193,-30
124900047,407,174,233
124900050,69,128,-59
124900052,19,101,-82
124900053,47,376,-329
124900054,441,123,318
124900055,3,103,-100
124900057,3,76,-73
124900060,510,193,317
124900061,10,0,10
124900062,1,0,1
124900066,1,39,-38
124900067,7,148,-141
124900068,101,96,5
124900070,0,5,-5
124900072,36,4,32
124900075,19,206,-187
124900076,23,147,-124
124900077,61,75,-14
124900078,8,1,7
124900080,69,465,-396
124900081,90,75,15
124900082,218,681,-463
124900083,107,580,-473
124900085,890,151,739
124900086,5,114,-109
124900087,1304,18,1286
124900088,426,77,349
124900089,594,15,579
124900090,6,17,-11
124900091,27,191,-164
124900092,28,175,-147
124900093,11,34,-23
124900094,6,25,-19
124900095,8,28,-20
124900096,49,23,26
124900097,17,15,2
124900098,38,114,-76
124900099,72,67,5
124900100,22,0,22
124900101,0,0,0
124900102,24,0,24
124900103,10,91,-81
124900104,4,101,-97
124900105,12,74,-62
124900106,10,4,6
124900107,8,1,7
124900108,89,22,67
124900111,1,60,-59
124900112,104,440,-336
124900113,1,41,-40
124900114,2,19,-17
124900115,0,0,0
124900116,6,4,2
124900117,201,18,183
124900118,19,9,10
124900119,43,22,21
124900120,15,120,-105
124900121,35,32,3
124900122,190,53,137
124900123,138,27,111
124900124,109,58,51
124900125,5,0,5
124900126,1,31,-30
204000001,3,4,-1
204000002,1,4,-3
204000003,1,0,1
204000004,0,0,0
204000005,132,70,62
204000006,164,128,36
204000011,7,41,-34
204000012,9,98,-89
204000019,238,193,45
204000020,117,241,-124
204000021,545,266,279
204000022,105,183,-78
204000023,129,721,-592
204000031,32,3,29
204000032,131,6,125
204000034,29,239,-210
204000035,0,2,-2
204000036,13,13,0
204000037,5,18,-13
204000038,0,23,-23
204000039,2,31,-29
204000040,5,20,-15
204000041,2,22,-20
204000042,0,1,-1
204000043,0,1,-1
204000044,0,0,0
204000045,0,1,-1
204000046,1,0,1
204000057,2,11,-9
204000062,25,241,-216
204000068,26,109,-83
204000069,9,86,-77
204000070,14,18,-4
204000080,17,36,-19
204000085,272,600,-328
204000086,1207,876,331
204000087,30,28,2
204000088,12,59,-47
204000090,35,314,-279
204000093,16,17,-1
204000096,146,106,40
204000097,24,7,17
204000099,245,217,28
204000100,112,140,-28
204000105,566,585,-19
204000110,305,658,-353
204000111,230,393,-163
204000112,191,438,-247
204000113,145,397,-252
204000114,94,90,4
204000115,69,81,-12
204000116,124,158,-34
204000119,203,181,22
204000132,122,51,71
204000133,173,73,100
204000134,60,31,29
204000135,71,22,49
204000136,46,51,-5
204000138,97,94,3
204000140,35,48,-13
204000141,37,25,12
204000144,0,7,-7
204000145,43,3,40
204000146,25,213,-188
204000147,20,87,-67
204000148,72,6,66
204000154,0,0,0
204000155,0,1,-1
204000177,10,33,-23
204000179,0,1,-1
204000180,0,65,-65
204000222,0,4,-4
204000235,16,12,4
204000236,15,141,-126
204000238,1,0,1
204000240,42,20,22
204000263,245,751,-506
204000268,171,80,91
204000308,3,0,3
204000317,12,10,2
204000322,6,13,-7
204000323,3,0,3
204000328,33,7,26
204000329,35,54,-19
204000330,24,13,11
204000331,90,99,-9
205000001,356,504,-148
205000013,1,70,-69
205000014,10,92,-82
205000015,27,144,-117
205000016,13,118,-105
205000017,13,68,-55
205000022,148,357,-209
205000025,920,485,435
205000029,40,7,33
205000045,6,82,-76
205000046,27,244,-217
205000047,15,254,-239
205000048,44,390,-346
205000049,39,368,-329
205000050,535,114,421
205000059,0,152,-152
205000060,0,30,-30
205000061,3,11,-8
205000062,0,26,-26
205000063,2,27,-25
205000064,3,50,-47
205000065,19,318,-299
205000066,14,450,-436
205000067,9,689,-680
205000069,246,29,217
205000082,3,10,-7
205000110,21,88,-67
205000111,63,93,-30
205000112,5,5,0
205000113,117,66,51
205000121,4,2,2
205000123,29,111,-82
205000126,0,0,0
205000127,0,0,0
205000128,0,0,0
205000129,0,0,0
205000130,0,0,0
205000131,0,0,0
205000132,0,0,0
205000133,0,0,0
205000134,0,0,0
205000137,77,74,3
205000138,147,140,7
205000139,28,30,-2
205000144,13,0,13
205000145,13,3,10
205000151,0,0,0
205000152,0,0,0
205000153,0,0,0
205000154,0,0,0
205000155,0,0,0
205000207,71,116,-45
205000233,0,0,0
205000234,0,0,0
205000243,0,0,0
205000244,0,5,-5
205000245,23,205,-182
205000249,0,19,-19
205000250,0,0,0
205000264,9,75,-66
206000027,0,0,0
206000028,0,0,0
206000043,15,109,-94
206000053,13,21,-8
206000054,14,19,-5
206000055,1,31,-30
206000075,3,6,-3
206000076,14,11,3
206000077,7,7,0
206000078,7,8,-1
206000079,9,3,6
206000082,160,7,153
206000100,32,323,-291
206000103,9,23,-14
206000104,9,44,-35
206000105,8,18,-10
206000106,12,37,-25
206000125,7,0,7
206000157,179,420,-241
206000170,2,253,-251
206000171,4,237,-233
206000172,6,701,-695
206000173,0,209,-209
206000174,1,165,-164
206000175,3,200,-197
206000176,14,339,-325
206000177,2,196,-194
206000178,6,161,-155
206000179,3,84,-81
206000180,46,161,-115
206000181,13,207,-194
206000182,27,196,-169
206000183,40,534,-494
206000184,7,310,-303
206000185,17,281,-264
206000186,106,1109,-1003
206000223,9,235,-226
206000226,0,0,0
206000227,0,0,0
206000237,34,278,-244
206000238,45,501,-456
206000239,507,1540,-1033
206000240,1,54,-53
206000241,2,169,-167
206000242,7,416,-409
206000243,7,342,-335
206000244,66,748,-682
206000245,145,17,128
206000246,19,1,18
206000247,16,7,9
206000248,38,2,36
206000252,51,25,26
206000258,8,24,-16
206000315,13,10,3
206000317,75,24,51
206000318,33,17,16
206000319,154,35,119
206000320,21,9,12
206000321,22,3,19
206000322,50,9,41
206000323,35,2,33
206000324,19,2,17
206000325,33,7,26
206000326,35,15,20
206000327,34,6,28
206000328,34,1,33
206000329,29,3,26
206000330,9,4,5
206000331,14,0,14
206000332,7,1,6
206000333,67,0,67
206000334,56,0,56
206000335,0,32,-32
206000361,18,183,-165
206000392,6,43,-37
206000405,74,1,73
206000441,0,0,0
206000498,7,4,3
206000515,153,36,117
206000530,9,7,2
206000531,8,14,-6
206000532,217,43,174
206000535,179,1080,-901
206000536,13,230,-217
206000537,6,111,-105
206000613,178,30,148
206000784,366,27,339
207000001,47,218,-171
207000002,19,222,-203
207000003,48,148,-100
207000007,113,58,55
207000008,6,14,-8
207000009,44,26,18
207000010,281,409,-128
207000012,25,4,21
207000015,254,1046,-792
207000019,68,28,40
207000021,142,66,76
207000022,22,32,-10
207000023,23,22,1
207000024,3,8,-5
207000025,1,34,-33
207000026,49,32,17
207000027,4,31,-27
207000028,18,141,-123
207000029,101,218,-117
207000033,162,113,49
207000034,106,16,90
207000039,12,9,3
207000040,1,6,-5
207000041,0,0,0
207000042,0,0,0
207000043,0,0,0
207000051,25,218,-193
207000052,0,133,-133
207000053,170,473,-303
207000054,13,66,-53
207000055,31,123,-92
207000056,74,269,-195
207000057,60,163,-103
207000058,32,363,-331
207000059,22,561,-539
207000060,18,178,-160
207000061,25,37,-12
207000062,68,40,28
207000063,45,94,-49
207000064,150,111,39
207000065,72,90,-18
207000066,37,98,-61
207000067,7,60,-53
207000068,25,20,5
207000069,321,188,133
207000082,27,251,-224
207000083,48,298,-250
207000084,24,29,-5
207000085,60,5,55
207000086,20,5,15
207000106,0,0,0
207000107,0,0,0
207000108,0,0,0
207000109,0,0,0
207000110,0,0,0
207000111,0,0,0
207000112,0,0,0
207000114,6,11,-5
207000115,15,37,-22
207000116,8,113,-105
207000117,1,78,-77
207000118,3,45,-42
207000119,10,68,-58
207000123,0,0,0
207000124,0,0,0
207000125,0,0,0
207000126,0,0,0
207000134,12,193,-181
207000135,15,169,-154
207000148,0,0,0
207000149,33,14,19
207000152,59,254,-195
207000153,403,516,-113
207000154,209,81,128
207000159,33,193,-160
207000160,32,460,-428
207000238,0,35,-35
207000242,0,51,-51
207000248,24,6,18
207000249,51,33,18
207000250,172,28,144
207000251,42,36,6
207000252,26,41,-15
207000278,2,5,-3
207000279,15,179,-164
207000280,44,24,20
207000281,45,725,-680
207000282,23,6,17
207000283,17,84,-67
207000284,9,16,-7
207000285,68,13,55
207000291,8,64,-56
207000304,49,76,-27
207000306,25,253,-228
207000310,0,0,0
207000353,0,0,0
207000356,4,6,-2
207000357,0,0,0
207000358,0,1,-1
207000415,14,58,-44
207000417,0,0,0
207000418,51,91,-40
207000438,0,1,-1
207000439,619,172,447
207000446,0,0,0
207000460,2,2,0
207000466,84,117,-33
207000467,3,2,1
207000468,23,357,-334
207000476,7,23,-16
207000477,34,44,-10
207000478,5,5,0
207000523,0,19,-19
207000524,0,0,0
207000527,50,42,8
207000530,0,0,0
207000531,0,0,0
207000532,0,0,0
207000534,0,0,0
207000535,39,80,-41
207000537,9,33,-24
207000540,2,66,-64
207000541,2,142,-140
207000548,4,139,-135
207000549,0,0,0
207000561,0,0,0
207000562,11,72,-61
207000567,106,173,-67
207000568,11,40,-29
207000569,47,513,-466
207000584,107,53,54
207000585,0,0,0
207000587,0,0,0
207000616,1,111,-110
207000617,12,0,12
207000624,0,0,0
207000631,0,0,0
207900008,30,193,-163
208000001,90,135,-45
208000002,71,114,-43
208000003,150,110,40
208000004,193,174,19
208000005,1,11,-10
208000019,28,118,-90
208000020,8,41,-33
208000021,21,185,-164
208000022,190,311,-121
208000028,414,202,212
208000033,131,240,-109
208000034,390,545,-155
208000037,0,0,0
208000040,11,35,-24
208000041,89,66,23
208000042,84,66,18
208000047,38,141,-103
208000064,445,183,262
208000066,234,84,150
208000070,42,129,-87
208000071,71,192,-121
208000072,85,276,-191
208000080,56,83,-27
208000081,35,93,-58
208000082,68,107,-39
208000083,30,204,-174
208000084,0,4,-4
208000085,319,294,25
208000086,155,440,-285
208000087,59,351,-292
208000089,248,239,9
208000090,180,448,-268
208000093,18,35,-17
208000094,158,208,-50
208000095,386,183,203
208000104,130,155,-25
208000105,90,162,-72
208000114,0,0,0
208000115,60,114,-54
208000116,36,315,-279
208000117,11,56,-45
208000118,17,48,-31
208000155,184,405,-221
208000158,836,933,-97
208000186,416,197,219
208000204,130,330,-200
208000205,325,512,-187
208000282,1405,386,1019
209000004,31,53,-22
209000005,7,20,-13
209000006,104,64,40
209000007,67,99,-32
209000010,144,78,66
209000011,56,95,-39
209000012,57,169,-112
209000013,77,383,-306
209000014,285,922,-637
209000025,67,36,31
209000026,182,39,143
209000027,111,638,-527
209000028,100,675,-575
209000029,225,656,-431
209000030,192,965,-773
209000031,2085,1316,769
209000034,98,159,-61
209000035,62,117,-55
209000036,59,74,-15
209000037,55,149,-94
209000038,29,140,-111
209000039,29,101,-72
209000040,87,286,-199
209000041,115,261,-146
209000042,102,235,-133
209000043,214,278,-64
209000044,174,214,-40
209000045,146,109,37
209000046,21,162,-141
209000047,26,64,-38
209000048,16,59,-43
209000049,41,107,-66
209000050,107,153,-46
209000051,78,225,-147
209000052,53,191,-138
209000062,7,101,-94
209000063,18,87,-69
209000064,8,94,-86
209000065,18,24,-6
209000066,21,38,-17
209000067,17,54,-37
209000080,11,93,-82
209000082,17,48,-31
209000091,32,35,-3
209000093,52,20,32
209000094,87,41,46
209000110,26,30,-4
209000111,141,320,-179
209000112,125,144,-19
209000113,170,166,4
209000114,104,95,9
209000115,42,90,-48
209000116,500,260,240
209000118,15,26,-11
209000119,20,7,13
209000121,77,483,-406
209000135,50,61,-11
209000142,492,212,280
209000143,8,41,-33
209000144,7,35,-28
209000229,22,57,-35
209000240,12,268,-256
209000259,58,80,-22
209000260,12,405,-393
209000261,0,216,-216
209000262,2,226,-224
209000263,0,50,-50
209000264,0,12,-12
209000265,0,0,0
209000266,0,0,0
209000267,0,0,0
209000268,0,0,0
210000037,21,5,16
210000047,3,1,2
210000048,2,4,-2
210000049,3,3,0
210000052,4,85,-81
210000053,8,60,-52
210000054,22,43,-21
210000070,0,0,0
210000071,0,0,0
210000072,0,0,0
210000073,0,8,-8
210000074,1,65,-64
210000075,1,24,-23
210000076,2,82,-80
210000077,3,19,-16
210000078,12,18,-6
210000079,2,0,2
210000080,7,4,3
210000081,9,0,9
210000082,5,0,5
210000083,21,0,21
210000084,16,0,16
210000085,0,35,-35
210000086,1,49,-48
210000099,11,110,-99
210000100,20,127,-107
210000101,40,145,-105
210000105,21,61,-40
210000159,1,66,-65
210000163,144,112,32
210000164,90,18,72
210000168,23,3,20
210000187,0,1,-1
210000188,1,11,-10
210000214,0,0,0
210000219,3,7,-4
210000220,5,8,-3
210000232,6,17,-11
210000233,1,31,-30
210000234,13,80,-67
210000235,21,109,-88
210000245,0,24,-24
210000246,1,0,1
210000258,4,69,-65
210000259,7,3,4
210000282,19,96,-77
210000285,1,61,-60
210000286,5,87,-82
210000290,2,0,2
210000295,9,67,-58
210000296,50,23,27
210000320,37,13,24
210000321,1,13,-12
210000338,20,69,-49
210000339,271,228,43
210000340,56,87,-31
210000341,69,106,-37
210000342,45,81,-36
210000343,48,118,-70
210000344,42,54,-12
210000345,71,27,44
210000346,14,16,-2
210000347,6,12,-6
210000348,38,4,34
210000349,11,15,-4
210000350,22,33,-11
210000351,37,42,-5
210000352,18,36,-18
210000353,14,71,-57
210000354,19,60,-41
210000355,10,47,-37
210000356,2,15,-13
210000357,9,6,3
210000358,131,21,110
210000359,21,7,14
210000360,52,25,27
210000361,17,26,-9
210000362,40,31,9
210000363,127,29,98
210000364,13,8,5
210000365,8,15,-7
210000366,16,2,14
210000367,5,2,3
210000368,7,8,-1
210000369,2,9,-7
210000370,11,8,3
210000372,4,5,-1
210000373,5,1,4
210000374,5,2,3
210000375,4,53,-49
210000376,21,53,-32
210000404,61,60,1
210000439,3,7,-4
210000472,16,0,16
210000482,20,9,11
210000564,99,18,81
210000567,0,7,-7
210000568,52,1,51
211000092,9,38,-29
211000094,1,6,-5
211000169,93,6,87
211000172,3,64,-61
211000209,0,2,-2
211000226,1,3,-2
211000270,0,10,-10
211000275,8,7,1
211000276,13,8,5
211000279,2,18,-16
211000281,4,28,-24
211000302,7,61,-54
211507980,0,3,-3
211977296,1,2,-1
212000003,10,22,-12
212000004,4,4,0
212000005,9,16,-7
212000006,9,59,-50
212000008,39,136,-97
212000009,7,84,-77
212000012,24,35,-11
212000013,2,45,-43
212000014,103,101,2
212000015,78,143,-65
212000016,220,324,-104
212000027,133,120,13
212000028,41,86,-45
212000029,40,51,-11
212000030,9,7,2
212000031,11,36,-25
212000048,10,61,-51
212000049,9,16,-7
212000050,11,2,9
212000051,83,133,-50
212000052,67,192,-125
212000053,169,326,-157
212000054,24,40,-16
212000055,33,75,-42
212000056,2,7,-5
212000057,2,3,-1
212000058,29,6,23
212000070,54,160,-106
212000077,87,359,-272
212000099,29,87,-58
212000108,29,59,-30
212000111,22,37,-15
212000120,47,61,-14
212000138,20,14,6
212000156,3,57,-54
212000158,3,7,-4
212000159,37,11,26
212000160,88,70,18
212000161,0,3,-3
212000310,4,18,-14
212000311,2,9,-7
212000374,3,6,-3
213000001,12,314,-302
213000005,34,15,19
213000006,160,24,136
213000007,8,0,8
213000009,41,9,32
213000010,17,15,2
213000011,27,10,17
213000012,33,128,-95
213000014,8,0,8
213000015,10,0,10
213000016,14,0,14
213000017,0,0,0
213000018,3,73,-70
213000019,0,78,-78
213000020,28,125,-97
213000021,0,46,-46
213000023,0,0,0
213000033,68,227,-159
213000034,54,43,11
213000035,19,26,-7
213000045,26,148,-122
213000046,70,77,-7
213000047,215,229,-14
213000056,2,1,1
213000069,18,0,18
213000073,0,4,-4
213000074,70,221,-151
213000075,27,0,27
213000076,3,0,3
213000085,1,15,-14
213000086,2,112,-110
213000091,0,0,0
213000092,0,0,0
213000099,54,348,-294
213000100,102,4,98
213000101,3,72,-69
213000102,5,221,-216
213000103,63,323,-260
213000104,32,223,-191
213000105,0,25,-25
213000106,12,120,-108
213000107,28,338,-310
213000108,7,242,-235
213000109,0,143,-143
213000110,1,18,-17
213000111,3,35,-32
213000112,29,77,-48
213000115,0,0,0
213000116,32,249,-217
213000117,4,320,-316
213000118,71,103,-32
213000119,18,403,-385
213000120,30,321,-291
213000122,72,387,-315
213000123,291,503,-212
213000124,30,673,-643
213000125,0,0,0
213000126,12,38,-26
213000127,40,70,-30
213000128,238,209,29
213000129,0,0,0
213000130,14,5,9
213000132,4,2,2
213000133,7,0,7
213000134,25,1,24
213000136,48,6,42
213000137,70,14,56
213000139,62,1,61
213000147,2,0,2
213000148,1,4,-3
213000149,0,10,-10
213000150,0,50,-50
213000151,1,49,-48
213000152,0,26,-26
213000153,0,30,-30
213000154,12,126,-114
213000155,7,172,-165
213000156,24,291,-267
213000157,304,316,-12
213000158,99,237,-138
213000159,77,88,-11
213000163,19,2,17
213000165,49,4,45
213000171,2,84,-82
213000172,4,142,-138
213000173,1,129,-128
213000174,1,89,-88
213000175,5,48,-43
213000176,2,25,-23
213000177,3,7,-4
213000178,7,16,-9
213000179,17,21,-4
213000180,10,28,-18
213000184,23,162,-139
213000188,24,22,2
213000189,25,2,23
213000190,109,241,-132
213000191,26,228,-202
213000192,37,320,-283
213000193,669,66,603
213000194,0,10,-10
213000195,7,208,-201
213000196,44,383,-339
213000197,36,26,10
213000198,1,0,1
213000200,38,406,-368
213000201,51,40,11
213000202,4,346,-342
213000203,405,49,356
213000204,57,11,46
213000205,17,5,12
213000206,17,1,16
213000207,15,0,15
213000208,4,0,4
213000209,1,0,1
213000210,10,0,10
213000211,0,3,-3
213000212,0,21,-21
213000213,1,12,-11
213000218,53,343,-290
213000219,0,0,0
213000220,0,0,0
213000223,39,26,13
213000224,5,3,2
213000225,13,0,13
213000226,1,4,-3
213000227,73,34,39
213000228,29,15,14
213000229,83,1,82
213000230,36,0,36
213000232,20,222,-202
213000233,0,11,-11
213000234,1,13,-12
213000293,2,16,-14
213000294,16,1,15
213000295,3,18,-15
213000296,7,4,3
213000297,1,28,-27
213000298,6,35,-29
213000299,7,8,-1
213000300,2,3,-1
213000303,0,15,-15
213000304,1,4,-3
213000305,1,3,-2
213000306,13,13,0
213000307,7,23,-16
213000308,29,120,-91
213000309,19,5,14
213000310,30,6,24
213000311,79,257,-178
213000315,9,53,-44
213000316,9,4,5
213000322,4,54,-50
213000323,12,35,-23
213000340,54,480,-426
213000341,8,0,8
213000346,7,6,1
213000347,126,11,115
213000348,0,78,-78
213000349,1,2,-1
213000350,65,643,-578
213000366,6,63,-57
213000367,22,2,20
213000379,9,71,-62
213000386,0,76,-76
213000406,21,128,-107
213000417,149,85,64
213000425,40,15,25
213000426,19,23,-4
213000427,5,184,-179
213000428,3,88,-85
213000429,3,0,3
213000430,28,319,-291
213000431,28,0,28
213000432,0,8,-8
213000433,0,63,-63
213000435,19,35,-16
213000439,10,0,10
213000441,0,0,0
213000443,74,51,23
213000445,0,33,-33
213000446,0,2,-2
213000447,3,12,-9
213000448,11,33,-22
213000449,20,2,18
213000450,15,13,2
213000451,3,11,-8
213000452,7,13,-6
213000453,11,105,-94
213000455,6,0,6
213000456,0,23,-23
213000481,11,1,10
213000482,32,0,32
213000489,74,5,69
213000491,1,21,-20
213000492,7,4,3
213000493,0,7,-7
213000494,6,4,2
213000495,0,45,-45
213000496,0,1,-1
213000497,6,114,-108
213000498,31,125,-94
213000499,48,297,-249
213000500,16,2,14
213000501,1,1,0
213000502,13,0,13
213000503,0,26,-26
213000504,3,52,-49
213000505,0,1,-1
213000506,0,7,-7
213000507,1,102,-101
213900244,0,0,0
213900245,0,12,-12
218000003,2,8,-6
218000004,2,14,-12
218000005,8,4,4
218000006,9,36,-27
218000007,9,14,-5
218000012,128,47,81
218000013,49,123,-74
218000014,242,161,81
218000019,433,185,248
218000020,154,214,-60
218000040,3,1,2
218000046,11,89,-78
218000047,6,118,-112
218000048,27,157,-130
218000049,18,107,-89
218000050,103,203,-100
218000051,19,268,-249
218000052,0,42,-42
218000053,0,10,-10
218000054,0,7,-7
218000055,2,16,-14
218000056,0,22,-22
218000057,2,16,-14
218000064,0,4,-4
218000065,36,21,15
218000066,13,41,-28
218000067,11,71,-60
218000068,28,41,-13
218000069,49,85,-36
218000070,61,185,-124
218000071,77,177,-100
218000072,143,133,10
218000078,218,717,-499
218000079,15,29,-14
218000080,17,45,-28
218000081,71,106,-35
218000082,8,91,-83
218000083,7,42,-35
218000084,57,112,-55
218000085,95,268,-173
218000086,15,111,-96
218000087,70,163,-93
218000090,14,34,-20
218000091,252,138,114
218000092,25,110,-85
218000093,47,63,-16
218000094,179,456,-277
218000099,137,213,-76
218000100,110,159,-49
218000101,89,55,34
218000102,90,131,-41
218000103,19,87,-68
218000104,15,23,-8
218000105,4,3,1
218000106,11,14,-3
218000107,17,85,-68
218000108,2,45,-43
218000112,17,8,9
218000117,11,46,-35
218000134,147,336,-189
218000135,7,49,-42
218000136,46,22,24
218000137,26,90,-64
218000138,2,40,-38
218000139,22,137,-115
218000140,49,78,-29
218000141,10,31,-21
218000142,26,67,-41
218000143,7,52,-45
218000144,5,19,-14
218000145,78,191,-113
218000146,20,55,-35
218000151,10,9,1
218000152,30,47,-17
218000170,2,18,-16
218000171,16,4,12
218000172,3,6,-3
218000173,6,6,0
218000174,4,1,3
218000176,40,13,27
218000177,209,49,160
218000178,50,28,22
218000179,65,24,41
218000180,31,5,26
218000181,78,6,72
218000187,1,4,-3
218000188,7,16,-9
218000189,2,25,-23
218000190,0,0,0
218000191,34,79,-45
218000192,42,281,-239
218000193,149,286,-137
218000194,40,217,-177
218000195,54,76,-22
218000196,86,136,-50
218000197,73,172,-99
218000198,1,73,-72
218000199,22,21,1
218000200,5,29,-24
218000201,8,4,4
218000202,112,102,10
218000207,6,20,-14
218000208,6,20,-14
218000211,5,11,-6
218000213,34,17,17
218000214,2,3,-1
218000215,12,77,-65
218000217,0,33,-33
218000218,84,25,59
218000219,12,8,4
218000220,44,139,-95
218000221,93,79,14
218000222,28,21,7
218000223,83,102,-19
218000224,4,44,-40
218000225,96,22,74
218000226,42,36,6
218000232,13,29,-16
218000239,0,0,0
218000240,0,0,0
218000241,0,0,0
218000242,0,0,0
218000243,0,0,0
218000244,0,0,0
218000245,0,0,0
218000246,0,0,0
218000247,0,0,0
218000248,0,17,-17
218000249,0,0,0
218000250,0,21,-21
218000251,0,13,-13
218000252,0,15,-15
218000253,0,3,-3
218000254,0,2,-2
218000255,1,4,-3
218000256,0,40,-40
218000267,365,503,-138
218000268,2,26,-24
218000269,2,11,-9
218000270,18,86,-68
218000271,29,61,-32
218000273,6,3,3
218000274,1,5,-4
218000275,17,10,7
218000276,4,26,-22
218000278,27,30,-3
218000279,10,41,-31
218000280,1,30,-29
218000281,2,18,-16
218000282,101,27,74
218000284,28,3,25
218000301,9,52,-43
218000302,26,12,14
218000303,3,20,-17
218000316,250,599,-349
218000317,243,614,-371
218000318,124,482,-358
218000319,310,805,-495
218000320,237,453,-216
218000338,7,7,0
218000345,29,43,-14
218000346,6,19,-13
218000459,19,141,-122
218000490,6,23,-17
218000501,28,21,7
218000502,13,79,-66
218000503,20,10,10
218000504,50,7,43
218000505,11,109,-98
218000506,21,86,-65
218000508,0,0,0
218000510,87,12,75
218000520,33,51,-18
218000521,1,29,-28
218000522,0,65,-65
218000523,4,6,-2
218000524,12,37,-25
218000525,2,1,1
218000526,26,28,-2
218000529,12,126,-114
218000531,6,5,1
218000532,3,18,-15
218000534,2,1,1
218000537,1,12,-11
218000538,26,43,-17
218000540,121,34,87
218000543,49,22,27
218000544,33,103,-70
218000545,10,32,-22
218000546,24,61,-37
218000547,25,36,-11
218000548,41,91,-50
218000549,147,45,102
218000550,290,334,-44
218000551,132,119,13
218000552,114,11,103
218000553,5,33,-28
218000554,7,13,-6
218000555,8,23,-15
218000556,53,166,-113
218000557,99,50,49
218000558,0,0,0
218000559,0,7,-7
218000560,0,4,-4
218000561,0,0,0
218000562,5,73,-68
218000563,21,7,14
218000564,0,46,-46
218000565,6,7,-1
218000566,14,8,6
218000567,0,17,-17
218000568,0,0,0
218000569,0,8,-8
218000570,2,2,0
218000571,0,32,-32
218000572,0,0,0
218000573,3,11,-8
218000574,2,18,-16
218000575,0,0,0
218000576,0,27,-27
218000577,0,0,0
218000578,0,29,-29
218000579,15,0,15
218000581,0,30,-30
218000582,2,0,2
218000583,0,0,0
218000584,0,7,-7
218000585,5,0,5
218000586,1,15,-14
218000587,0,0,0
218000588,0,0,0
218000589,0,0,0
218000590,0,0,0
218000591,0,9,-9
218000592,0,0,0
218000593,0,4,-4
218000594,0,1,-1
218000597,0,1,-1
218000598,0,0,0
218000599,0,0,0
218000600,0,0,0
218000601,0,0,0
218000602,0,0,0
218000603,0,0,0
218000604,1,1,0
218000605,0,4,-4
218000606,6,0,6
218000607,1,13,-12
218000608,2,3,-1
218000609,0,14,-14
218000610,1,0,1
218000611,0,0,0
218000612,0,16,-16
218000613,3,3,0
218000614,0,16,-16
218000615,16,1,15
218000616,0,55,-55
218000617,4,0,4
218000618,0,13,-13
218000619,1,2,-1
218000620,0,11,-11
218000621,0,2,-2
218000622,0,0,0
218000623,1,0,1
218000624,0,2,-2
218000625,6,2,4
218000626,1,8,-7
218000628,29,11,18
218000631,0,5,-5
218000632,0,25,-25
218000633,0,0,0
218000634,0,5,-5
218000635,5,9,-4
218000636,238,762,-524
218000637,214,327,-113
218000638,12,7,5
218000639,7,134,-127
218000640,18,6,12
218000641,11,194,-183
218000652,55,71,-16
218000653,106,57,49
218000663,0,40,-40
218000675,3,7,-4
218000680,46,285,-239
218000681,11,5,6
218000691,41,220,-179
218000693,3,3,0
218000718,135,113,22
218000719,27,11,16
218000720,7,5,2
218000721,0,6,-6
218001147,3,233,-230
218001214,2,2,0
218001258,22,2,20
218001329,0,4,-4
218001330,54,49,5
218001351,0,5,-5
218001352,2,2,0
218001353,4,1,3
218001354,1,17,-16
218001355,16,189,-173
218001356,51,4,47
218001357,2,180,-178
218001358,45,3,42
218001361,16,2,14
218001362,3,139,-136
219000001,11,48,-37
219000002,18,44,-26
219000003,47,24,23
219000004,54,44,10
219000017,37,7,30
219000020,35,4,31
219000022,32,5,27
219000023,33,0,33
219000029,0,43,-43
219000034,6,4,2
219000039,41,31,10
219000040,13,15,-2
219000041,45,20,25
219000051,0,33,-33
219000052,0,9,-9
219000053,2,176,-174
219000055,24,0,24
219000056,1,0,1
219000057,16,0,16
219000062,6,160,-154
219000063,12,9,3
219000064,1,31,-30
219000110,77,5,72
219000111,51,9,42
219000112,85,35,50
219000113,40,21,19
219000114,135,12,123
219000116,79,26,53
219000117,74,61,13
219000118,35,61,-26
219000123,126,69,57
219000124,22,46,-24
219000125,8,21,-13
219000126,16,44,-28
219000127,0,3,-3
219000128,26,69,-43
219000129,18,97,-79
219000130,849,417,432
219000131,1051,571,480
219000133,21,30,-9
219000134,13,10,3
219000135,27,60,-33
219000136,104,112,-8
219000138,11,8,3
219000139,20,36,-16
219000140,14,0,14
219000141,7,68,-61
219000142,4,78,-74
219000143,6,60,-54
219000145,0,10,-10
219000146,7,43,-36
219000147,2,40,-38
219000148,2,49,-47
219000149,22,138,-116
219000150,1,70,-69
219000151,3,68,-65
219000157,92,59,33
219000158,59,193,-134
219000161,93,14,79
219000163,909,238,671
219000166,36,100,-64
219000167,28,171,-143
219000168,114,15,99
219000174,87,31,56
219000175,21,2,19
219000176,22,5,17
219000177,2,0,2
219000178,3,0,3
219000179,9,1,8
219000180,10,27,-17
219000182,7,0,7
219000183,6,27,-21
219000184,12,0,12
219000185,1,72,-71
219000186,0,37,-37
219000187,1,78,-77
219000189,75,76,-1
219000190,84,131,-47
219000191,688,424,264
219000192,82,99,-17
219000193,339,147,192
219000195,0,31,-31
219000196,1,66,-65
219000198,15,104,-89
219000199,28,82,-54
219000200,15,134,-119
219000201,35,119,-84
219000203,12,75,-63
219000204,27,116,-89
219000205,16,94,-78
219000207,69,82,-13
219000209,12,51,-39
219000210,7,78,-71
219000213,9,158,-149
219000239,50,92,-42
219000240,78,119,-41
219000241,17,115,-98
219000242,16,113,-97
219000243,10,202,-192
219000244,7,93,-86
219000245,3,40,-37
219000246,6,1,5
219000247,8,14,-6
219000248,124,33,91
219000249,20,3,17
219000250,14,3,11
219000251,82,6,76
219000252,0,0,0
219000253,0,0,0
219000255,9,21,-12
219000256,23,27,-4
219000257,0,0,0
219000262,19,175,-156
219000263,20,123,-103
219000267,2,118,-116
219000268,3,3,0
219000269,2,1,1
219000270,4,1,3
219000271,72,0,72
219000278,0,10,-10
219000279,0,1,-1
219000283,0,9,-9
219000295,9,50,-41
219000296,25,351,-326
219000297,4,103,-99
219000298,16,134,-118
219000299,77,4,73
219000300,17,229,-212
219000301,67,169,-102
219000302,11,97,-86
219000307,20,43,-23
219000308,35,16,19
219000311,15,17,-2
219000312,45,8,37
219000313,64,3,61
219000314,63,323,-260
219000315,6,5,1
219000316,35,0,35
219000317,11,0,11
219000320,1,31,-30
219000321,0,10,-10
219000323,4,65,-61
219000325,1,21,-20
219000326,27,68,-41
219000327,20,36,-16
219000328,16,31,-15
219000329,254,59,195
219000330,8,26,-18
219000331,22,24,-2
219000332,13,15,-2
219000333,10,2,8
219000335,8,0,8
219000337,0,0,0
219000338,0,0,0
219000344,10,45,-35
219000345,52,100,-48
219000346,16,117,-101
219000348,34,83,-49
219000349,15,153,-138
219000350,24,62,-38
219000351,0,1,-1
219000352,140,24,116
219000353,45,33,12
219000354,48,49,-1
219000355,34,17,17
219000356,922,197,725
219000363,167,39,128
219000364,75,16,59
219000365,96,8,88
219000366,370,122,248
219000368,261,153,108
219000370,519,89,430
219000371,6,14,-8
219000382,2,16,-14
219000383,355,278,77
219000385,310,299,11
219000386,600,603,-3
219000387,0,3,-3
219000390,1,1,0
219000391,8,1,7
219000397,52,41,11
219000398,60,14,46
219000401,6,51,-45
219000402,8,44,-36
219000403,9,84,-75
219000404,11,32,-21
219000407,4,11,-7
219000409,0,0,0
219000410,0,0,0
219000411,0,0,0
219000446,129,244,-115
219000447,0,13,-13
219000448,0,0,0
219000452,25,11,14
219000453,37,60,-23
219000454,180,57,123
219000556,52,3,49
219000558,53,183,-130
219000590,11,85,-74
219000591,6,2,4
219000592,73,244,-171
219000595,2,17,-15
219000635,10,0,10
219000636,8,77,-69
219000657,11,8,3
219000658,6,31,-25
219000673,0,24,-24
219000676,2,1,1
219000679,5,10,-5
219000684,12,1,11
219000685,0,52,-52
219000686,3,1,2
219000688,1,87,-86
219000689,43,101,-58
219000690,0,0,0
219000691,23,30,-7
219000692,2,9,-7
219000693,0,14,-14
219000694,0,0,0
219000695,0,0,0
219000698,0,0,0
219000699,0,22,-22
219000727,0,139,-139
219000728,122,3,119
219000770,0,0,0
219000771,1,12,-11
219000788,167,166,1
219001150,0,5,-5
219001151,0,4,-4
219001166,0,0,0
219001167,3,39,-36
219001178,9,0,9
220000001,1,9,-8
220000002,6,36,-30
220000003,129,187,-58
220000004,245,269,-24
220000005,597,720,-123
220000006,61,480,-419
220000007,140,424,-284
220000008,91,584,-493
220000009,58,274,-216
220000010,35,76,-41
220000011,277,391,-114
220000012,23,35,-12
220000014,11,44,-33
220000015,1,32,-31
220000017,8,127,-119
220000018,1449,165,1284
220000019,29,82,-53
220000020,53,111,-58
220000021,124,40,84
220000022,169,239,-70
220000023,54,80,-26
220000024,550,186,364
220000025,172,195,-23
220000026,89,68,21
220000027,14,49,-35
220000028,8,16,-8
220000029,23,38,-15
220000030,19,51,-32
220000031,39,142,-103
220000064,0,2,-2
221000046,5,0,5
221000047,0,0,0
221000048,0,1,-1
221000049,0,3,-3
221000050,4,0,4
221000055,29,18,11
221000068,174,29,145
221000069,88,21,67
221000070,71,5,66
221000071,16,3,13
221000072,72,12,60
221000073,28,25,3
221000074,0,10,-10
221000075,3,12,-9
221000076,6,31,-25
221000077,21,60,-39
221000081,33,10,23
221000082,8,1,7
221000083,23,1,22
221000084,1,1,0
221000085,13,31,-18
221000086,1,74,-73
221000087,1,106,-105
221000088,14,79,-65
221000089,18,107,-89
221000090,109,210,-101
221000098,24,5,19
221000099,98,10,88
221000100,18,2,16
221000101,83,2,81
221000102,0,0,0
221000107,4,1,3
221000108,2,2,0
221000109,0,10,-10
221000110,3,88,-85
221000111,14,129,-115
221000112,9,118,-109
221000113,6,118,-112
221000114,9,104,-95
221000120,2,12,-10
221000121,1,10,-9
221000122,8,5,3
221000123,7,4,3
221000124,4,137,-133
221000155,26,0,26
221000156,6,7,-1
221000175,0,0,0
221000176,2,0,2
221000182,18,8,10
221000241,246,53,193
221000242,177,169,8
221000243,134,38,96
221000244,95,169,-74
221000245,19,34,-15
221000246,14,111,-97
221000247,17,49,-32
221000248,13,114,-101
221000267,12,256,-244
221000325,23,20,3
221000331,1,29,-28
221000338,0,0,0
221000378,44,8,36
221000381,31,38,-7
222000282,0,0,0
222000296,0,2,-2
222000568,26,4,22
222000569,13,1,12
222000570,30,1,29
222000571,11,2,9
222000577,2,93,-91
222000578,1,58,-57
222000579,5,50,-45
222000580,49,325,-276
222000599,0,77,-77
222000600,0,155,-155
222000601,7,377,-370
222000603,2,13,-11
222000604,0,16,-16
222000605,1,4,-3
222000606,1,6,-5
222000607,0,0,0
222000608,0,7,-7
222000609,17,160,-143
222000616,4,0,4
222000617,0,0,0
222000618,0,0,0
222000620,0,0,0
222000621,0,0,0
222000623,0,0,0
222000624,0,0,0
222000625,0,13,-13
222000636,9,2,7
222000686,0,0,0
222000687,0,0,0
222001066,19,0,19
222001067,0,1,-1
222001068,0,0,0
222001069,1,10,-9
222001082,0,23,-23
222001083,4,35,-31
222001084,0,22,-22
222001085,0,46,-46
222001111,4,123,-119
222001112,7,5,2
222001313,0,0,0
222001314,2,36,-34
222001464,2,3,-1
222001465,3,93,-90
222001484,0,0,0
222001485,11,53,-42
222001494,19,19,0
222001495,22,210,-188
222001496,6,14,-8
222001497,35,272,-237
222001502,17,56,-39
222001503,0,0,0
222001504,9,132,-123
222001505,0,0,0
222001506,10,121,-111
222001507,0,0,0
222001510,0,0,0
222001511,19,197,-178
222001514,0,0,0
222001515,78,368,-290
222001518,0,0,0
222001519,16,233,-217
222001527,0,0,0
222001528,17,81,-64
222001529,0,0,0
222001530,22,117,-95
222001533,78,220,-142
222001534,0,0,0
222001535,5,8,-3
222001536,20,197,-177
222001537,0,0,0
222001538,15,265,-250
222001563,0,0,0
222001564,13,476,-463
222001568,3,27,-24
222001576,0,0,0
222001579,0,0,0
222001583,4,117,-113
222001584,0,0,0
222001596,92,532,-440
222001597,37,5,32
222001626,0,71,-71
222001650,4,14,-10
222001651,0,22,-22
222001914,0,0,0
222001915,17,80,-63
222001968,55,14,41
222001969,112,317,-205
222001970,2,32,-30
222001971,1,2,-1
222001972,0,16,-16
225000001,48,32,16
225000002,54,9,45
225000003,68,4,64
225000004,47,11,36
225000005,3,0,3
225000006,0,76,-76
225000007,1731,457,1274
225000010,57,6,51
225000011,104,98,6
225000012,28,54,-26
225000013,4,27,-23
225000014,40,10,30
225000015,34,94,-60
225000021,29,35,-6
225000027,87,188,-101
225000032,53,26,27
225000042,24,303,-279
225000049,6,38,-32
225000050,31,2,29
225000053,2,80,-78
225000058,39,7,32
225000067,39,161,-122
225000068,42,275,-233
225000069,70,242,-172
225000070,31,229,-198
225000071,8,153,-145
225000075,19,329,-310
225000076,21,46,-25
225000078,5,10,-5
225000085,0,0,0
225000086,0,0,0
225000087,0,0,0
225000088,2,53,-51
225000089,173,200,-27
225000090,13,154,-141
225000091,13,129,-116
225000092,11,52,-41
225000093,67,223,-156
225000094,10,243,-233
225000095,115,249,-134
225000096,47,203,-156
225000098,70,30,40
225000099,47,18,29
225000100,47,23,24
225000104,66,468,-402
225000110,10,372,-362
225000111,112,912,-800
225000112,102,822,-720
225000113,58,532,-474
225000114,48,232,-184
225000115,2560,358,2202
225000116,182,28,154
225000117,108,74,34
225000118,198,48,150
225000119,58,22,36
225000120,46,16,30
225000121,226,4,222
225000123,102,22,80
225000125,76,158,-82
225000126,676,88,588
225000127,930,178,752
225000128,116,138,-22
225000132,188,16,172
225000133,172,28,144
225000134,354,124,230
225000135,12,10,2
225000136,56,14,42
225000137,40,38,2
225000138,272,32,240
225000143,90,182,-92
225000144,2,388,-386
225000145,0,0,0
225000146,22,152,-130
225000147,12,472,-460
225000148,2,210,-208
225000149,54,454,-400
225000151,34,424,-390
225000155,190,282,-92
225000156,138,422,-284
225000157,64,214,-150
225000158,46,458,-412
225000171,2,130,-128
225000180,36,0,36
225000181,0,20,-20
225000182,2,4,-2
225000185,22,258,-236
225000187,50,288,-238
225000191,2,2,0
225000194,0,10,-10
225000208,0,54,-54
225000209,0,0,0
225000210,10,100,-90
225000217,2,24,-22
225000218,2,2,0
225000223,0,74,-74
225000224,38,0,38
225000225,0,6,-6
225000226,58,0,58
225000227,42,44,-2
225000228,4,0,4
225000229,0,68,-68
225000230,4,0,4
225000231,0,114,-114
225000232,26,0,26
225000241,30,0,30
225000242,2,74,-72
225000249,2,0,2
225000250,32,850,-818
225000251,292,24,268
226000042,296,538,-242
226000043,20,344,-324
226000044,94,746,-652
226000045,68,532,-464
226000046,250,54,196
226000047,178,52,126
226000048,230,70,160
226000049,126,78,48
226000070,0,30,-30
226000071,2,26,-24
226000072,0,6,-6
226000073,0,2,-2
226000074,2,18,-16
226000084,4,44,-40
226000085,2,2,0
226000086,4,4,0
226000087,0,10,-10
226000088,2,14,-12
226000090,66,4,62
226000091,2,0,2
226000092,6,0,6
226000093,12,0,12
226000094,6,2,4
226000095,12,6,6
226000105,2,0,2
226000106,10,0,10
226000107,0,0,0
226000108,14,0,14
226000109,52,0,52
226000124,120,92,28
226000134,308,250,58
226000135,502,424,78
226000136,126,170,-44
226000137,2,438,-436
226000138,4,282,-278
226000139,2,32,-30
226000156,42,20,22
226000157,144,14,130
226000163,30,180,-150
226000202,0,344,-344
226000231,214,8,206
226000232,22,0,22
227000033,238,50,188
227000036,176,14,162
227000037,86,12,74
227000038,78,6,72
227000049,0,6,-6
227000050,0,86,-86
227000055,14,2,12
227000056,0,2,-2
227000084,0,24,-24
227000085,0,26,-26
227000088,14,0,14
227000089,24,0,24
227000090,12,2,10
227000091,10,4,6
227000093,18,0,18
227000094,12,2,10
227000130,18,86,-68
227000131,8,286,-278
227000132,12,298,-286
227000133,4,352,-348
227000134,14,488,-474
227000152,0,6,-6
227000153,0,38,-38
227000155,0,8,-8
227000156,0,14,-14
227000165,0,28,-28
227000196,78,270,-192
227000199,24,460,-436
227000230,40,210,-170
227000232,24,2,22
227000242,58,430,-372
227000243,492,42,450
227000245,24,480,-456
227000246,54,424,-370
227000247,290,106,184
227000248,146,50,96
227000249,36,274,-238
227000250,562,220,342
227000251,162,464,-302
227000252,16,480,-464
227000253,108,46,62
227000262,252,10,242
227000266,38,0,38
227000267,36,1346,-1310
227000282,4,128,-124
227000284,48,4,44
227000286,4,56,-52
227000287,16,138,-122
227000291,10,318,-308
227000484,86,8,78
227000485,10,286,-276
227000655,6,2,4
227000656,264,6,258
227000657,8,14,-6
227000661,20,2,18
227000680,144,44,100
229000265,0,40,-40
229000296,4,6,-2
229000297,18,14,4
229000298,8,46,-38
229000320,4,2,2
229000321,0,0,0
229000412,2,24,-22
229000414,0,36,-36
229000415,0,0,0
229000416,0,4,-4
229000417,0,2,-2
229000419,30,146,-116
229000440,132,52,80
229000442,2,0,2
229000443,6,0,6
229000444,0,8,-8
229000445,6,4,2
229000446,8,20,-12
229000847,22,2,20
229000848,8,0,8
229000849,138,4,134
229000851,24,0,24
229000854,0,56,-56
229000856,2,150,-148
229000857,0,46,-46
229000858,0,168,-168
229000919,10,156,-146
229000930,6,228,-222
229000937,226,10,216
229000966,104,50,54
229000981,6,60,-54
229000985,6,18,-12
229000986,2,0,2
229000987,0,0,0
229000988,0,2,-2
229000989,2,0,2
229000990,0,0,0
229000991,0,2,-2
229000992,4,4,0
229000993,114,8,106
229000998,4,14,-10
229000999,38,8,30
229001034,0,6,-6
229001035,2,0,2
229001037,16,12,4
229001042,6,8,-2
229001047,0,30,-30
229001050,24,30,-6
229001200,4,2,2
229001338,0,18,-18
229001394,440,0,440
229001422,322,38,284
229001423,22,180,-158
229001431,100,38,62
229001432,56,90,-34
229001444,38,24,14
229001445,18,144,-126
229001503,222,146,76
229001504,92,266,-174
229001505,294,110,184
229001506,42,262,-220
229001509,22,22,0
229001545,96,8,88
229001546,2,98,-96
229001553,50,12,38
229001554,10,126,-116
229001559,6,10,-4
229001560,0,14,-14
229001630,38,4,34
229001631,14,20,-6
229001635,0,4,-4
229001636,0,0,0
229001658,4,140,-136
229001659,110,14,96
229001660,0,4,-4
229001661,0,20,-20
229001662,36,2,34
229001663,0,10,-10
229002584,58,72,-14
229002831,56,66,-10
229002841,0,26,-26
229002842,0,4,-4
229002843,2,10,-8
229002844,6,28,-22
229002845,0,90,-90
229002846,34,8,26
229002847,0,4,-4
229002848,0,2,-2
229002849,0,24,-24
229002850,0,0,0
229002851,16,70,-54
229002852,16,10,6
229002853,18,8,10
229002854,6,34,-28
229002855,4,56,-52
229002856,0,6,-6
229002857,2,18,-16
229002858,6,6,0
229002859,4,14,-10
229002860,10,0,10
229002861,6,10,-4
229002862,2,10,-8
229002863,0,12,-12
229002864,4,18,-14
229002865,2,0,2
229002866,0,4,-4
229002867,0,14,-14
229002868,0,16,-16
229002869,6,90,-84
229002870,4,2,2
235000066,120,64,56
235000067,62,98,-36
235000072,32,32,0
235000073,66,270,-204
235000074,16,66,-50
235000080,8,60,-52
235000081,66,180,-114
235000082,62,44,18
235000083,66,58,8
235000084,4,32,-28
235000085,58,8,50
235000089,6,32,-26
235000092,8,214,-206
235000093,0,0,0
235000097,0,2,-2
235000098,34,20,14
235000099,8,8,0
235000116,26,6,20
235000117,430,4,426
235000133,0,232,-232
235000134,2,48,-46
235000206,6,2,4
235000207,0,0,0
235000208,0,0,0
235000209,4,2,2
235000210,2,0,2
235000212,6,6,0
235000213,0,2,-2
235000220,0,6,-6
235000221,30,4,26
235000238,2,18,-16
235000239,0,4,-4
235000242,208,178,30
235000245,1184,196,988
235000246,2,58,-56
235000284,4,54,-50
235000295,0,0,0
235000305,0,0,0
235000306,0,0,0
235000307,0,0,0
235000308,0,0,0
235000309,0,0,0
235000310,0,0,0
235000311,0,6,-6
235000322,0,4,-4
235000323,2,30,-28
235000324,0,12,-12
235000325,0,18,-18
235000326,4,244,-240
235000351,0,50,-50
235000352,8,40,-32
235000353,2,12,-10
235000354,0,14,-14
235000355,0,38,-38
235000356,0,0,0
235000357,0,0,0
235000358,0,0,0
235000359,0,0,0
235000360,0,0,0
235000361,0,0,0
235000381,38,454,-416
235000382,68,38,30
235000390,14,2,12
235000391,118,16,102
235000392,74,138,-64
235000393,68,76,-8
235000395,42,60,-18
235000396,164,64,100
235000400,26,54,-28
235000401,8,212,-204
235000405,54,462,-408
235000406,12,302,-290
235000407,58,184,-126
235000409,294,220,74
235000410,32,214,-182
235000411,2,120,-118
235000485,0,6,-6
235000486,2,0,2
235000549,40,36,4
235000550,46,122,-76
235000599,86,94,-8
235000600,4,6,-2
235000601,2,18,-16
235000602,28,46,-18
235000614,0,0,0
235000648,2,28,-26
235000649,2,0,2
235000685,0,0,0
235000815,2,16,-14
235000834,0,2,-2
235000855,26,22,4
235000862,32,204,-172
235000891,0,2,-2
235000892,6,0,6
235000901,86,102,-16
235000907,4,10,-6
235001010,18,34,-16
235001029,558,330,228
235001030,564,106,458
235001078,44,60,-16
235001079,64,118,-54
235001147,14,40,-26
235001166,8,36,-28
235001167,8,36,-28
235001169,4,250,-246
235001188,2,0,2
235001189,2,0,2
235001197,8,32,-24
235001200,26,12,14
235001207,114,28,86
235001210,26,380,-354
235001215,8,322,-314
235001239,0,78,-78
235001244,0,0,0
235016267,0,10,-10
277102712,0,0,0
277103813,0,0,0
277103814,0,0,0
277104249,0,4,-4
277104250,0,2,-2
277104251,0,2,-2
277104252,0,2,-2
990011530,0,242,-242
990014944,4,454,-450
990015176,4,14,-10
990015618,0,62,-62
990016032,0,172,-172
990032570,4,24,-20
990070001,38,46,-8
990070103,0,4,-4
990070601,0,56,-56
990070751,38,2,36
990070766,0,1078,-1078
990071180,0,96,-96
990071343,0,0,0
990071387,0,6,-6
990071823,8,0,8
990072600,2,550,-548
990072964,0,564,-564
990073285,0,4,-4
990074393,0,708,-708
990074870,104,0,104
990075106,40,2,38
990075746,20,2,18
990076437,64,6,58
990076458,2,1330,-1328
997000007,22,2,20
997000041,2,98,-96
997000058,0,0,0
997000062,0,0,0
997000069,0,2,-2
997000070,0,28,-28
997000100,0,0,0
997000141,0,32,-32
997000198,74,56,18
998000475,0,34,-34
998000736,2,276,-274
998000965,0,0,0
998001031,0,40,-40
998001700,0,12,-12
998001899,0,4,-4
998001900,12,0,12
998003073,10,4,6
998101900,0,0,0
998102850,0,54,-54
998501927,0,282,-282
998501929,50,0,50
998501930,34,0,34
998501931,12,4,8
998501932,8,0,8
998501933,0,0,0
998501937,0,2,-2
998501944,2,0,2
998501950,0,8,-8
998501970,4,2,2
998501971,0,38,-38
998501973,0,72,-72
998501974,2,166,-164
998501975,8,2,6
998501976,2,2,0
998501977,0,22,-22
998501978,0,0,0
998501979,4,6,-2
998501980,0,0,0
998501981,0,2,-2
998501982,0,68,-68
998501983,0,2,-2
998502006,0,0,0
998502024,0,2,-2
998502032,0,2,-2
998502062,2,0,2
998502063,0,0,0
998502173,44,0,44
998502269,0,0,0
998502546,0,82,-82
998502578,0,0,0
998502599,54,26,28
998502621,0,0,0
998601159,0,160,-160
998601292,0,10,-10
999033574,4,658,-654
999800001,0,0,0
999800002,0,4,-4
999800003,2,8,-6
999800004,0,10,-10
999800005,0,6,-6
