ID,insum,outsum,diff
100000001,1482,530,952
100000002,3943,6622,-2679
100000003,4168,5115,-947
100000004,307,1347,-1040
100000005,3203,3140,63
100000006,588,383,205
100000007,2428,1630,798
100000008,44,292,-248
100000009,251,1065,-814
100000010,33,188,-155
100000011,477,75,402
100000012,34,318,-284
100000013,3,84,-81
100000014,48,677,-629
100000015,1042,1875,-833
100000016,302,2331,-2029
100000017,136,3295,-3159
100000018,598,424,174
100000019,2182,2019,163
100000020,1207,5637,-4430
100000021,4579,1495,3084
100000022,589,4252,-3663
100000023,3988,1601,2387
100000025,529,1621,-1092
100000028,401,2326,-1925
100000029,52,913,-861
100000030,39,31,8
100000031,2122,7348,-5226
100000032,1810,4577,-2767
100000033,1067,3137,-2070
100000034,107,1544,-1437
100000035,494,1094,-600
100000036,379,1497,-1118
100000037,767,359,408
100000038,2677,741,1936
100000039,207,222,-15
100000040,723,230,493
100000041,1628,1101,527
100000042,1370,214,1156
100000043,608,147,461
100000044,50,144,-94
100000045,134,404,-270
100000046,197,439,-242
100000047,125,164,-39
100000048,148,462,-314
100000049,961,696,265
100000051,450,469,-19
100000053,55,24,31
100000054,245,27,218
100000055,464,156,308
100000056,230,381,-151
100000057,2090,382,1708
100000058,894,399,495
100000059,68,261,-193
100000060,888,277,611
100000061,2409,473,1936
100000062,1659,915,744
100000063,1232,428,804
100000064,1708,469,1239
100000065,225,382,-157
100000066,156,370,-214
100000067,180,787,-607
100000068,240,1064,-824
100000069,250,740,-490
100000072,157,254,-97
100000073,818,525,293
100000075,645,88,557
100000076,1360,8114,-6754
100000077,48,630,-582
100000078,5,70,-65
100000079,16,85,-69
100000080,1,25,-24
100000081,15,46,-31
100000102,2105,5132,-3027
100000103,1035,5626,-4591
100000104,2807,2234,573
100000105,1113,1737,-624
100000106,620,3417,-2797
100000107,115,1121,-1006
100000108,202,956,-754
100000109,292,1567,-1275
100000116,168,475,-307
100000117,24,135,-111
100000118,353,1173,-820
100000119,684,873,-189
100000121,123,400,-277
100000122,490,2212,-1722
100000123,817,1619,-802
100000124,1760,1912,-152
100000125,6507,1910,4597
100000126,403,529,-126
100000127,1039,756,283
100000128,562,3420,-2858
100000129,235,691,-456
100000130,1026,157,869
100000131,665,800,-135
100000132,1016,1062,-46
100000133,935,522,413
100000135,475,1043,-568
100000139,108,419,-311
100000140,104,105,-1
100000142,603,428,175
100000143,893,249,644
100000144,993,306,687
100000147,1281,4800,-3519
100000150,152,375,-223
100000151,214,1602,-1388
100000153,36,456,-420
100000154,18,714,-696
100000155,0,61,-61
100000156,44,159,-115
100000157,127,172,-45
100000158,198,119,79
100000159,55,959,-904
100000165,548,461,87
100000169,45,2787,-2742
100000174,343,1549,-1206
100000179,20,642,-622
100000180,775,980,-205
100000181,346,204,142
100000188,32,59,-27
100000189,837,547,290
100000190,401,1281,-880
100000191,646,391,255
100000192,13,257,-244
100000193,313,207,106
100000330,499,986,-487
100000355,225,360,-135
100000362,1382,698,684
100000363,6932,6682,250
100000364,79,220,-141
100000365,4858,6976,-2118
100000366,1191,741,450
100000367,5091,5277,-186
100000368,1427,1312,115
100000369,508,2122,-1614
100000370,96,956,-860
100000376,47,570,-523
100000379,692,3766,-3074
100000380,2571,7347,-4776
100000384,5087,6308,-1221
100000385,1019,4450,-3431
100000386,1137,6938,-5801
100000387,2729,7663,-4934
100000388,1278,3805,-2527
100000389,4468,6795,-2327
100000390,2222,2377,-155
100000391,2283,6540,-4257
100000392,395,1738,-1343
100000393,587,3669,-3082
100000394,1091,3791,-2700
100000395,692,3633,-2941
100000396,595,1451,-856
100000397,1154,5540,-4386
100000398,4378,2843,1535
100000413,0,0,0
100900002,26,10,16
100900003,544,320,224
100900004,1,427,-426
100900005,133,27,106
100900006,24,10,14
100900007,255,3,252
100900008,2,220,-218
100900009,69,20,49
100900010,13,4,9
100900011,208,109,99
100900012,0,23,-23
100900013,1105,1,1104
100900014,1,1,0
100900015,39,68,-29
100900016,0,5,-5
100900017,1367,53,1314
100900018,1,16,-15
100900019,57,54,3
100900020,464,0,464
100900021,516,2,514
100900022,3,1,2
100900023,0,52,-52
100900024,379,14,365
100900025,4,0,4
100900026,151,52,99
100900027,326,3048,-2722
100900028,122,306,-184
100900029,8,1,7
100900030,0,130,-130
100900031,1265,31,1234
100900032,433,2,431
100900033,76,435,-359
100900034,2010,1,2009
100900035,202,0,202
100900036,4,0,4
100900037,183,64,119
100900038,9,21,-12
100900039,370,169,201
100900040,756,399,357
100900041,1918,99,1819
100900042,268,2927,-2659
100900043,0,21,-21
100900044,743,863,-120
100900045,20,0,20
100900046,1393,10,1383
100900047,390,124,266
100900048,75,9,66
100900049,35,41,-6
100900050,0,14,-14
100900051,13,162,-149
100900052,256,3,253
100900053,731,25,706
100900054,4,14,-10
100900055,403,1463,-1060
100900056,23,33,-10
100900057,1810,313,1497
100900058,176,39,137
100900059,229,1,228
100900060,220,1,219
100900061,60,149,-89
100900062,1,1,0
100900063,320,1207,-887
100900064,626,8,618
100900065,36,193,-157
100900066,90,42,48
100900067,0,0,0
100900068,188,304,-116
100900069,80,0,80
100900070,899,4,895
100900071,154,95,59
100900072,0,16,-16
100900073,170,151,19
100900074,0,13,-13
100900075,1252,46,1206
100900076,15,5,10
100900077,124,9,115
100900078,109,266,-157
100900079,0,4,-4
100900080,162,34,128
100900081,11,108,-97
100900082,245,103,142
100900083,43,7,36
100900085,0,292,-292
100900086,3,299,-296
100900088,208,59,149
100900089,0,9,-9
100900090,91,749,-658
100900091,0,9,-9
100900092,55,159,-104
100900093,368,762,-394
100900094,151,49,102
100900095,21,23,-2
100900096,7,128,-121
100900097,3,1,2
100900098,4,17,-13
100900099,1,204,-203
100900100,1,151,-150
100900101,249,22,227
100900102,1,25,-24
100900103,17,0,17
100900104,2,40,-38
100900105,9,352,-343
100900106,5,0,5
100900107,1429,514,915
100900108,11,13,-2
100900109,2,41,-39
100900110,10,14,-4
100900111,16,166,-150
100900112,2,14,-12
100900113,16,43,-27
100900114,21,21,0
100900115,11,12,-1
100900116,815,351,464
100900117,152,1305,-1153
100900118,36,108,-72
100900119,4,70,-66
100900120,62,8,54
100900121,639,278,361
100900122,16,62,-46
100900123,200,8,192
100900124,0,3,-3
100900125,2,13,-11
100900126,831,19,812
100900127,0,0,0
100900128,52,275,-223
100900129,0,237,-237
100900131,6,66,-60
100900133,98,4,94
100900134,23,2,21
100900135,2,250,-248
100900137,221,161,60
100900138,157,306,-149
100900139,1,44,-43
100900140,4,85,-81
100900141,1,348,-347
100900142,0,22,-22
100900143,135,294,-159
100900144,0,5,-5
100900145,19,184,-165
100900146,3,20,-17
100900147,0,1659,-1659
100900148,42,101,-59
100900149,2,657,-655
100900150,1,118,-117
100900151,35,230,-195
100900152,56,0,56
100900153,3,197,-194
100900154,1,148,-147
100900155,6,1,5
100900156,5,0,5
100900157,4,350,-346
100900159,1,40,-39
100900160,17,0,17
100900161,4,0,4
100900162,14,202,-188
100900163,52,40,12
100900164,206,19,187
100900165,33,11,22
100900166,1,0,1
100900167,5,41,-36
100900168,8,65,-57
100900169,31,520,-489
100900170,13,5,8
100900171,4,338,-334
100900172,0,119,-119
100900173,5,76,-71
100900174,26,18,8
100900176,913,221,692
100900177,226,137,89
100900178,208,345,-137
100900179,220,201,19
100900180,3,0,3
100900181,5,29,-24
100900182,20,17,3
100900184,95,38,57
100900186,300,232,68
100900187,46,36,10
100900188,16,16,0
100900189,2121,333,1788
100900191,206,1110,-904
100900192,74,259,-185
100900195,78,303,-225
100900197,67,38,29
100900198,18,7,11
100900199,2,2,0
100900200,529,144,385
100900201,18,635,-617
100900202,29,0,29
100900203,1,73,-72
100900204,84,371,-287
100900205,80,573,-493
100900206,255,330,-75
100900207,291,110,181
100900210,35,108,-73
100900211,407,142,265
100900213,86,40,46
100900214,171,168,3
100900215,55,4,51
100900217,28,51,-23
101000001,1773,2121,-348
101000002,6977,8418,-1441
101000003,222,970,-748
101000004,5949,7253,-1304
101000005,5062,7036,-1974
101000006,5955,10450,-4495
101000007,2519,5106,-2587
101000008,1540,2063,-523
101000009,2311,574,1737
101000010,1074,534,540
101000011,698,262,436
101000012,223,409,-186
101000013,336,1229,-893
101000014,237,307,-70
101000015,2853,1204,1649
101000016,227,710,-483
101000017,281,365,-84
101000018,1130,5819,-4689
101000020,878,1196,-318
101000021,393,699,-306
101000022,87,484,-397
101000023,766,767,-1
101000025,306,593,-287
101000026,478,59,419
101000027,1486,3015,-1529
101000028,606,220,386
101000029,15,955,-940
101000030,544,137,407
101000031,45,561,-516
101000032,1871,3953,-2082
101000033,830,4697,-3867
101000034,325,2628,-2303
101000035,311,450,-139
101000036,350,2237,-1887
101000037,548,3632,-3084
101000039,1368,3035,-1667
101000040,2363,6889,-4526
101000041,1583,5857,-4274
101000042,39,739,-700
101000043,2559,6446,-3887
101000045,169,730,-561
101000046,688,1728,-1040
101000047,757,3986,-3229
101000048,418,287,131
101000049,483,1786,-1303
101000050,252,1536,-1284
101000051,556,1841,-1285
101000052,1348,1482,-134
101000053,338,1058,-720
101000054,1553,584,969
101000055,1233,1210,23
101000056,7,108,-101
101000057,421,3240,-2819
101000058,536,2070,-1534
101000059,2457,3858,-1401
101000060,2316,897,1419
101000061,175,2259,-2084
101000062,128,999,-871
101000063,134,1346,-1212
101000064,125,1740,-1615
101000065,66,860,-794
101000066,278,1075,-797
101000067,193,599,-406
101000068,52,310,-258
101000069,88,37,51
101000070,287,590,-303
101000071,3127,1179,1948
101000072,455,1931,-1476
101000073,348,905,-557
101000074,1303,2333,-1030
101000075,1171,1831,-660
101000077,1387,1177,210
101000078,606,604,2
101000079,642,696,-54
101000080,600,521,79
101000081,1009,975,34
101000082,1035,1010,25
101000083,2853,1701,1152
101000084,853,349,504
101000085,1455,753,702
101000086,599,534,65
101000087,436,554,-118
101000088,1729,731,998
101000089,1091,1466,-375
101000090,957,452,505
101000091,410,373,37
101000092,1962,320,1642
101000093,1619,326,1293
101000094,655,475,180
101000095,570,457,113
101000096,806,225,581
101000097,396,643,-247
101000098,305,733,-428
101000099,354,1000,-646
101000100,807,1107,-300
101000101,133,735,-602
101000102,383,1005,-622
101000103,297,747,-450
101000104,163,592,-429
101000105,206,532,-326
101000106,146,1528,-1382
101000107,257,401,-144
101000108,347,95,252
101000109,813,146,667
101000110,36,117,-81
101000111,15,197,-182
101000113,78,955,-877
101000114,1320,5221,-3901
101000115,13,8,5
101000116,21,7,14
101000117,904,130,774
101000119,9,96,-87
101000120,34,103,-69
101000121,15,61,-46
101000122,43,89,-46
101000123,44,93,-49
101000124,394,385,9
101000125,96,56,40
101000128,225,1776,-1551
101000130,122,137,-15
101000131,1961,256,1705
101000132,646,334,312
101000135,6,29,-23
101000136,37,83,-46
101000137,13,410,-397
101000141,565,4226,-3661
101000147,1395,238,1157
101000148,913,22,891
101000149,10,61,-51
101000150,120,143,-23
101000151,479,36,443
101000152,310,292,18
101000153,191,109,82
101000154,732,349,383
101000155,727,204,523
101000156,42,633,-591
101000157,27,217,-190
101000160,10,18,-8
101000163,43,526,-483
101000164,246,79,167
101000165,236,437,-201
101000166,201,177,24
101000168,1134,256,878
101000252,2533,560,1973
101000254,36,71,-35
101000258,66,4,62
101000261,39,57,-18
101000262,1362,5512,-4150
101000263,266,1203,-937
101000265,76,500,-424
101000266,295,192,103
101000269,21,66,-45
101000290,162,3418,-3256
101000293,18,12,6
101000294,330,405,-75
101000295,308,112,196
101000301,217,540,-323
101000304,1907,3411,-1504
101000305,2016,1285,731
101000328,79,1108,-1029
101900001,14,57,-43
101900002,0,6,-6
101900003,50,79,-29
101900004,0,161,-161
101900005,907,4650,-3743
101900006,1265,100,1165
101900007,309,272,37
101900008,15,223,-208
101900009,8,463,-455
101900010,236,560,-324
101900011,58,1536,-1478
101900012,345,71,274
101900013,231,60,171
101900017,12,99,-87
101900018,487,367,120
101900019,28,121,-93
101900020,41,25,16
101900021,0,34,-34
101900022,165,376,-211
101900023,173,43,130
101900026,99,26,73
101900027,26,99,-73
102000001,3587,7090,-3503
102000002,2543,2799,-256
102000003,1526,4968,-3442
102000004,4469,3108,1361
102000005,1363,3496,-2133
102000006,729,1177,-448
102000007,1392,4122,-2730
102000008,4755,1478,3277
102000009,7474,7842,-368
102000010,3514,2153,1361
102000011,4607,4566,41
102000012,3523,2152,1371
102000018,2501,3209,-708
102000019,2462,1927,535
102000026,503,373,130
102000029,238,267,-29
102000030,119,415,-296
102000031,100,78,22
102000032,870,388,482
102000033,637,186,451
102000034,348,192,156
102000035,759,346,413
102000036,33,142,-109
102000037,163,21,142
102000038,110,159,-49
102000039,99,60,39
102000040,167,161,6
102000041,23,302,-279
102000042,64,197,-133
102000043,77,275,-198
102000044,364,828,-464
102000045,768,594,174
102000046,1607,509,1098
102000047,1378,487,891
102000048,739,345,394
102000049,851,635,216
102000050,1296,815,481
102000051,153,357,-204
102000052,1318,715,603
102000053,763,670,93
102000054,860,960,-100
102000055,1231,126,1105
102000056,1731,193,1538
102000057,2005,539,1466
102000058,690,541,149
102000059,638,736,-98
102000060,655,750,-95
102000061,1741,1208,533
102000062,2484,762,1722
102000063,805,1241,-436
102000064,497,649,-152
102000065,31,111,-80
102000066,618,334,284
102000067,5481,4637,844
102000068,8165,3174,4991
102000069,95,2033,-1938
102000070,1838,36,1802
102000071,5569,12052,-6483
102000072,2359,3312,-953
102000073,453,394,59
102000074,730,491,239
102000075,251,118,133
102000076,423,79,344
102000077,753,254,499
102000078,1495,189,1306
102000079,194,53,141
102000080,314,108,206
102000081,264,514,-250
102000082,692,329,363
102000083,915,139,776
102000084,1049,61,988
102000085,1155,413,742
102000086,1694,459,1235
102000087,480,791,-311
102000088,446,217,229
102000089,1721,181,1540
102000090,270,1310,-1040
102000091,992,813,179
102000092,305,610,-305
102000093,678,588,90
102000094,411,257,154
102000095,540,874,-334
102000096,539,283,256
102000097,576,262,314
102000098,268,304,-36
102000099,676,390,286
102000100,173,454,-281
102000101,270,267,3
102000102,209,1255,-1046
102000103,3057,420,2637
102000104,376,359,17
102000105,306,247,59
102000106,801,290,511
102000107,2238,92,2146
102000108,652,230,422
102000109,731,358,373
102000110,1468,314,1154
102000111,12,518,-506
102000112,97,166,-69
102000113,2,25,-23
102000114,592,286,306
102000115,278,350,-72
102000116,228,749,-521
102000117,85,769,-684
102000118,719,2070,-1351
102000119,421,986,-565
102000120,258,345,-87
102000121,1561,265,1296
102000122,636,663,-27
102000123,883,755,128
102000124,1525,942,583
102000125,432,606,-174
102000126,421,389,32
102000127,1163,365,798
102000128,826,794,32
102000129,1465,408,1057
102000130,581,849,-268
102000131,1432,699,733
102000132,609,869,-260
102000133,4469,1443,3026
102000134,1723,511,1212
102000135,361,616,-255
102000136,500,392,108
102000137,257,238,19
102000138,265,104,161
102000139,63,240,-177
102000140,76,208,-132
102000141,99,383,-284
102000142,243,106,137
102000143,316,100,216
102000144,465,85,380
102000145,334,121,213
102000146,478,116,362
102000147,637,301,336
102000148,121,315,-194
102000149,425,115,310
102000150,986,44,942
102000151,145,59,86
102000152,369,98,271
102000153,582,304,278
102000154,132,192,-60
102000155,39,229,-190
102000156,187,97,90
102000157,12,473,-461
102000158,249,520,-271
102000159,895,1233,-338
102000161,2274,2437,-163
102000162,103,193,-90
102000163,120,331,-211
102000164,495,731,-236
102000165,196,163,33
102000166,22,185,-163
102000167,169,154,15
102000168,210,140,70
102000169,73,559,-486
102000170,591,157,434
102000171,110,71,39
102000172,2,448,-446
102000173,491,328,163
102000174,199,62,137
102000175,64,48,16
102000176,16,22,-6
102000178,194,335,-141
102000179,436,222,214
102000180,935,235,700
102000181,1203,275,928
102000182,649,467,182
102000183,1998,591,1407
102000184,2103,425,1678
102000185,2871,350,2521
102000186,1976,554,1422
102000187,966,374,592
102000188,1281,1064,217
102000189,1297,184,1113
102000190,590,1948,-1358
102000191,774,225,549
102000192,2094,1630,464
102000193,100,144,-44
102000194,59,300,-241
102000195,752,416,336
102000196,284,273,11
102000197,1487,127,1360
102000198,242,290,-48
102000199,1683,122,1561
102000200,338,324,14
102000201,2237,522,1715
102000202,14,232,-218
102000203,757,127,630
102000204,1038,555,483
102000205,1536,1153,383
102000206,743,570,173
102000207,654,616,38
102000208,343,747,-404
102000209,113,117,-4
102000210,960,376,584
102000211,958,155,803
102000212,751,4,747
102000213,9,131,-122
102000214,805,5,800
102000215,10,116,-106
102000216,306,186,120
102000217,23,35,-12
102000218,268,264,4
102000219,90,51,39
102000225,217,1025,-808
102000226,413,748,-335
102000227,178,6,172
102000228,0,149,-149
102000229,117,57,60
102000230,428,206,222
102000231,349,288,61
102000232,50,169,-119
102000233,1092,298,794
102000234,78,1032,-954
102000236,260,20,240
102000237,1040,345,695
102000238,345,229,116
102000240,361,804,-443
102000241,123,31,92
102000243,2,43,-41
102000245,3,90,-87
102000246,1,39,-38
102000247,167,412,-245
102000248,183,1044,-861
102000249,83,44,39
102000250,128,144,-16
102000254,641,58,583
102000266,9,148,-139
102000271,40,0,40
102000286,263,259,4
102000297,2192,519,1673
102000299,0,0,0
102000301,0,0,0
102000305,0,0,0
102000307,0,1,-1
102900001,1119,221,898
102900002,212,52,160
102900003,122,43,79
102900005,579,122,457
102900006,483,38,445
102900007,759,7,752
102900008,259,18,241
102900009,140,372,-232
102900010,235,910,-675
102900011,835,460,375
102900012,287,106,181
102900013,85,32,53
102900015,708,455,253
102900016,229,7,222
102900017,270,63,207
102900018,80,54,26
102900019,525,375,150
102900020,202,10,192
102900021,40,13,27
102900022,44,17,27
102900023,7,5,2
102900024,27,31,-4
102900025,29,10,19
102900026,256,2230,-1974
102900027,61,73,-12
102900028,293,1062,-769
102900029,39,364,-325
102900030,363,344,19
102900031,345,99,246
102900032,211,18,193
102900033,131,78,53
102900034,794,23,771
102900035,161,80,81
102900036,270,87,183
102900037,140,175,-35
102900038,144,142,2
102900039,38,906,-868
102900040,267,320,-53
102900041,145,87,58
102900042,415,109,306
102900043,512,115,397
102900044,625,625,0
102900045,275,178,97
102900046,189,61,128
102900047,151,192,-41
102900048,454,171,283
102900049,91,104,-13
102900050,112,279,-167
102900051,124,277,-153
102900052,50,28,22
102900053,222,395,-173
102900054,145,1401,-1256
102900055,178,479,-301
102900056,72,178,-106
102900057,3,124,-121
102900058,252,81,171
102900059,9,13,-4
102900060,98,272,-174
102900061,210,339,-129
102900062,226,213,13
102900063,2236,110,2126
102900064,51,291,-240
102900065,346,151,195
102900066,242,9,233
102900068,53,148,-95
102900070,292,177,115
102900072,0,94,-94
102900073,27,1,26
102900075,2,54,-52
102900076,31,66,-35
102900077,23,6,17
102900078,18,21,-3
102900079,293,3,290
102900080,504,7,497
102900081,17,68,-51
102900082,9,46,-37
102900083,79,1,78
102900084,3,23,-20
102900085,78,34,44
102900086,18,23,-5
102900087,320,44,276
102900088,78,16,62
102900089,178,136,42
102900090,0,130,-130
102900091,531,1,530
102900092,938,80,858
102900093,190,176,14
102900094,0,43,-43
102900095,23,1,22
102900096,77,7,70
102900097,445,127,318
102900098,8,0,8
103000001,2050,2084,-34
103000002,2705,2515,190
103000003,2686,1753,933
103000004,703,378,325
103000005,1255,3890,-2635
103000006,1467,1469,-2
103000007,407,289,118
103000008,835,614,221
103000009,2860,1071,1789
103000010,119,45,74
103000011,1123,422,701
103000012,1100,1250,-150
103000013,2007,1397,610
103000014,824,2448,-1624
103000015,1142,745,397
103000016,385,1843,-1458
103000017,211,1070,-859
103000018,347,183,164
103000019,326,687,-361
103000020,1197,1145,52
103000021,1998,3150,-1152
103000022,601,941,-340
103000023,813,2128,-1315
103000024,88,55,33
103000025,147,1353,-1206
103000026,234,89,145
103000027,147,556,-409
103000028,99,114,-15
103000029,93,224,-131
103000030,1868,930,938
103000031,657,2657,-2000
103000032,1443,854,589
103000033,3648,2338,1310
103000034,985,577,408
103000035,81,686,-605
103000036,205,153,52
103000037,489,283,206
103000038,465,735,-270
103000039,845,221,624
103000040,861,341,520
103000041,2727,956,1771
103000042,2153,190,1963
103000043,1006,460,546
103000044,231,45,186
103000046,237,587,-350
103000047,848,198,650
103000048,249,134,115
103000049,59,59,0
103000050,965,61,904
103000051,906,305,601
103000052,932,111,821
103000053,259,305,-46
103000054,1378,184,1194
103000055,1584,649,935
103000056,710,648,62
103000057,1556,96,1460
103000058,821,148,673
103000059,896,302,594
103000060,639,233,406
103000061,1120,568,552
103000062,692,123,569
103000063,1429,376,1053
103000064,118,62,56
103000065,1,139,-138
103000066,172,7,165
103000069,294,112,182
103000070,590,183,407
103000071,2250,561,1689
103000072,140,387,-247
103000073,1429,82,1347
103000074,1183,53,1130
103000075,74,379,-305
103000076,429,1146,-717
103000077,6,269,-263
103000078,616,1475,-859
103000079,567,864,-297
103000080,252,356,-104
103000081,240,836,-596
103000082,597,138,459
103000083,156,178,-22
103000084,132,4,128
103000085,1,105,-104
103000086,304,507,-203
103000087,201,533,-332
103000088,106,288,-182
103000089,375,776,-401
103000090,3558,899,2659
103000091,825,448,377
103000092,434,145,289
103000093,355,538,-183
103000094,438,135,303
103000095,107,297,-190
103000096,680,17,663
103000097,23,522,-499
103000098,530,49,481
103000099,54,783,-729
103000100,202,340,-138
103000101,1762,86,1676
103000102,105,182,-77
103000103,790,103,687
103000104,251,54,197
103000105,303,87,216
103000106,21,139,-118
103000107,361,52,309
103000108,1485,1644,-159
103000109,543,817,-274
103000110,341,840,-499
103000111,354,622,-268
103000112,269,592,-323
103000113,521,1316,-795
103000114,1635,959,676
103000115,957,814,143
103000116,931,262,669
103000117,481,366,115
103000118,267,224,43
103000119,915,274,641
103000120,42,192,-150
103000121,30,143,-113
103000122,435,774,-339
103000125,10,27,-17
103000126,1227,0,1227
103000127,0,34,-34
103000128,258,3,255
103000129,0,41,-41
103000130,93,61,32
103000131,31,107,-76
103000132,35,58,-23
103000133,32,37,-5
103000134,152,1123,-971
103000135,612,134,478
103000136,289,302,-13
103000137,233,373,-140
103000138,340,440,-100
103000139,0,44,-44
103000140,93,16,77
103000141,7,128,-121
103000142,73,41,32
103000143,34,72,-38
103000144,223,22,201
103000145,5,53,-48
103000150,54,9,45
103000152,189,365,-176
103000153,193,167,26
103000156,4,57,-53
103000157,535,1,534
103000159,255,94,161
103000162,23,5,18
103000163,29,22,7
103000164,2,4,-2
103000165,30,90,-60
103000166,310,782,-472
103000167,199,182,17
103000168,213,50,163
103000169,234,1131,-897
103000170,2144,214,1930
103000171,15,91,-76
103000172,1003,67,936
103000173,1617,184,1433
103000174,701,190,511
103000175,339,74,265
103000176,787,1247,-460
103000177,125,734,-609
103000178,66,230,-164
103000179,94,4,90
103000183,609,3,606
103000185,242,85,157
103000186,495,55,440
103000187,2140,77,2063
103000188,20,79,-59
103000189,697,606,91
103000191,446,291,155
103000292,382,2309,-1927
103000293,405,3910,-3505
103000295,49,151,-102
103000296,112,0,112
103000297,7,23,-16
103000504,67,5,62
103000505,0,7,-7
103000506,5,65,-60
103000507,217,1,216
103000508,103,56,47
103000509,225,499,-274
103900001,99,37,62
103900002,413,60,353
103900003,784,225,559
103900004,172,0,172
103900005,3,74,-71
103900006,7,3,4
103900007,200,4,196
103900008,7,1,6
103900009,410,71,339
103900010,220,54,166
103900011,1093,69,1024
103900012,4,104,-100
103900013,66,8,58
103900014,250,13,237
103900015,87,2,85
103900016,242,114,128
103900017,101,32,69
103900018,161,10,151
103900019,8,322,-314
103900020,377,377,0
103900021,34,8,26
103900022,332,423,-91
103900023,314,0,314
103900024,185,162,23
103900025,0,7,-7
103900026,0,1,-1
103900027,197,169,28
103900028,54,416,-362
103900029,1222,91,1131
103900030,246,47,199
103900031,121,1,120
103900032,73,138,-65
103900033,163,33,130
103900034,76,36,40
103900035,106,39,67
103900036,34,48,-14
103900037,199,44,155
103900038,82,185,-103
103900039,309,72,237
103900040,8,94,-86
103900041,187,16,171
103900042,182,23,159
103900043,546,16,530
103900044,9,646,-637
103900045,398,191,207
103900047,182,5,177
103900048,1,26,-25
103900049,31,763,-732
103900050,15,146,-131
103900051,0,73,-73
103900052,278,276,2
103900053,587,160,427
103900054,279,71,208
103900055,584,87,497
103900056,169,18,151
103900057,293,60,233
103900058,710,115,595
103900059,0,19,-19
103900060,94,46,48
103900061,252,9,243
103900062,1345,356,989
103900063,1,0,1
103900064,228,1,227
103900065,119,149,-30
103900066,391,61,330
103900067,432,28,404
103900068,0,1,-1
103900069,85,2,83
103900070,93,134,-41
103900071,16,21,-5
103900072,50,85,-35
103900073,119,67,52
103900074,136,5,131
103900075,345,23,322
103900076,798,138,660
103900077,30,140,-110
103900078,512,94,418
103900079,26,56,-30
103900080,0,10,-10
103900081,1,12,-11
103900082,69,100,-31
103900083,1162,2245,-1083
103900084,4,34,-30
103900085,47,35,12
103900086,2326,188,2138
103900088,216,269,-53
103900089,59,105,-46
103900090,10,34,-24
103900091,589,64,525
103900092,785,363,422
103900093,51,221,-170
103900094,8,57,-49
103900095,139,261,-122
103900096,237,25,212
103900097,15,167,-152
103900098,401,84,317
103900099,414,30,384
103900100,473,44,429
103900101,109,546,-437
103900102,5,22,-17
103900104,0,7,-7
103900105,14,25,-11
103900106,0,76,-76
103900107,327,16,311
103900108,90,102,-12
103900109,302,5,297
103900110,591,35,556
103900111,611,109,502
103900112,21,18,3
103900113,16,56,-40
103900114,531,178,353
103900115,127,162,-35
103900116,976,3068,-2092
103900117,20,3,17
103900119,14,199,-185
103900120,113,31,82
103900122,168,37,131
103900123,269,786,-517
103900124,6,113,-107
103900125,186,30,156
103900126,849,80,769
103900127,189,121,68
103900128,248,28,220
103900131,22,31,-9
103900133,843,17,826
103900134,0,15,-15
103900135,5,0,5
103900137,0,22,-22
103900138,321,31,290
103900139,150,4857,-4707
103900140,9,556,-547
103900141,88,13,75
103900142,865,39,826
103900143,259,2,257
103900144,43,51,-8
103900145,94,149,-55
103900146,294,160,134
103900147,645,100,545
103900148,811,153,658
103900149,413,114,299
103900150,2266,6899,-4633
103900151,4,84,-80
103900152,1470,95,1375
103900153,22,2,20
103900154,155,2850,-2695
103900155,10,36,-26
103900156,47,9,38
103900157,347,20,327
103900158,663,8,655
103900159,635,9,626
103900160,24,23,1
103900161,23,70,-47
103900162,32,19,13
103900163,14,276,-262
103900167,3,141,-138
103900168,50,19,31
103900169,17,28,-11
103900170,0,19,-19
103900171,1,8,-7
103900172,6,5,1
103900173,13,21,-8
103900174,506,12,494
103900175,29,128,-99
103900176,6,14,-8
103900177,3,1,2
103900178,111,4,107
103900179,39,8,31
103900180,2,17,-15
103900181,2,35,-33
103900182,3,6,-3
103900184,102,39,63
103900185,24,1537,-1513
103900187,3,188,-185
103900188,165,139,26
103900189,109,9,100
103900190,189,6,183
103900191,2,16,-14
103900192,43,13,30
103900193,38,36,2
103900194,111,64,47
103900195,0,190,-190
103900196,70,27,43
103900197,0,14,-14
103900198,2,8,-6
103900199,133,63,70
103900200,325,35,290
103900201,75,18,57
103900202,9,22,-13
103900203,36,95,-59
103900204,1,12,-11
103900207,0,33,-33
103900208,205,0,205
103900209,2,38,-36
103900210,36,20,16
103900211,1093,163,930
103900212,184,85,99
103900213,3,220,-217
103900214,107,498,-391
103900215,77,361,-284
103900216,0,60,-60
103900217,384,33,351
103900218,1,391,-390
103900219,325,103,222
103900233,67,8,59
103900235,31,60,-29
103900236,21,5,16
103900242,3,6,-3
103900243,0,1,-1
103900244,112,27,85
103900245,246,61,185
103900246,10,78,-68
103900247,16,18,-2
103900248,0,16,-16
103900249,1,45,-44
103900250,15,9,6
103900251,0,8,-8
103900253,2,54,-52
103900254,2,13,-11
103900255,0,24,-24
103900256,8,16,-8
103900257,93,132,-39
103900258,29,15,14
103900259,6,25,-19
103900261,88,2,86
103900262,51,13,38
103900263,27,101,-74
103900264,17,2,15
103900265,6,0,6
103900266,1,82,-81
103900267,2,59,-57
103900268,82,15,67
103900269,303,7,296
103900270,40,41,-1
103900271,88,20,68
103900272,63,15,48
103900273,176,3,173
103900274,363,10,353
103900275,398,10,388
103900276,9,7,2
103900277,4,1,3
103900278,8,10,-2
103900279,4,102,-98
103900280,0,16,-16
104000001,3268,1545,1723
104000002,2111,1360,751
104000003,1959,1303,656
104000004,2491,1265,1226
104000005,2252,1407,845
104000006,2617,1655,962
104000007,4130,3015,1115
104000008,190,165,25
104000009,240,158,82
104000010,198,574,-376
104000011,160,166,-6
104000012,134,127,7
104000013,323,517,-194
104000014,223,133,90
104000015,558,109,449
104000016,251,73,178
104000018,952,256,696
104000019,881,332,549
104000020,85,159,-74
104000021,475,133,342
104000022,457,423,34
104000023,1715,303,1412
104000024,202,186,16
104000026,52,137,-85
104000027,286,154,132
104000028,678,263,415
104000029,336,203,133
104000030,634,335,299
104000031,1701,91,1610
104000032,137,93,44
104000033,1001,223,778
104000034,242,82,160
104000035,1454,251,1203
104000036,1236,277,959
104000037,164,110,54
104000038,511,261,250
104000039,216,62,154
104000040,61,664,-603
104000041,634,232,402
104000042,122,119,3
104000043,105,175,-70
104000044,237,299,-62
104000045,650,348,302
104000046,494,574,-80
104000047,604,544,60
104000048,935,413,522
104000049,859,345,514
104000050,70,412,-342
104000051,274,396,-122
104000052,1954,1441,513
104000053,1300,246,1054
104000054,726,92,634
104000055,2023,1407,616
104000056,516,91,425
104000057,226,128,98
104000058,1122,626,496
104000059,687,897,-210
104000060,1393,1011,382
104000061,1110,545,565
104000062,314,52,262
104000064,563,198,365
104000065,81,393,-312
104000069,317,1705,-1388
104000070,39,679,-640
104000071,198,177,21
104000072,737,109,628
104000075,54,292,-238
104000076,820,37,783
104000082,1804,3165,-1361
104000083,634,138,496
104000084,76,191,-115
104000085,593,183,410
104000086,359,202,157
104000087,351,1451,-1100
104000090,1409,336,1073
104000092,1751,383,1368
104000094,767,458,309
104000095,3047,1001,2046
104000096,3565,39,3526
104000097,3433,293,3140
104000098,4889,335,4554
104000100,3088,539,2549
104000101,1766,1143,623
104000106,41,421,-380
104000107,419,210,209
104000108,273,190,83
104000109,400,134,266
104000110,778,1435,-657
104000111,2016,4894,-2878
104000112,389,324,65
104000116,0,314,-314
104000117,405,173,232
104000118,2465,117,2348
104000119,1431,254,1177
104000120,330,243,87
104000121,316,229,87
104000122,690,307,383
104000123,855,524,331
104000124,218,992,-774
104000125,1407,5848,-4441
104000126,460,385,75
104000127,1544,1093,451
104000128,634,78,556
104000129,484,16,468
104000130,1,414,-413
104000131,203,596,-393
104000132,296,920,-624
104000133,1591,704,887
104000134,850,1620,-770
104000135,475,1113,-638
104000136,612,2548,-1936
104000137,1692,390,1302
104000138,1019,367,652
104000139,2141,2183,-42
104000141,670,358,312
104000142,823,285,538
104000143,839,167,672
104000144,168,273,-105
104000145,324,124,200
104000146,92,331,-239
104000147,87,298,-211
104000148,511,98,413
104000149,132,65,67
104000150,1228,203,1025
104000151,311,120,191
104000152,607,147,460
104000153,1087,433,654
104000154,453,149,304
104000155,484,810,-326
104000157,1110,714,396
104000158,56,270,-214
104000159,707,316,391
104000160,1733,2552,-819
104000161,187,85,102
104000162,74,55,19
104000165,615,713,-98
104000167,635,1652,-1017
104000168,1483,4,1479
104000169,275,16,259
104000170,180,292,-112
104000248,407,375,32
104000251,47,91,-44
104000272,0,0,0
104000273,0,0,0
104000274,0,0,0
104000275,0,0,0
104000279,538,316,222
104000290,67,233,-166
104000291,354,1080,-726
104000293,1461,1230,231
104000294,237,0,237
104000295,938,788,150
104000296,780,469,311
104000297,1040,1491,-451
104000298,1551,583,968
104000299,1012,606,406
104900001,105,103,2
104900002,46,395,-349
104900003,18,118,-100
104900004,78,63,15
104900005,1005,221,784
104900006,1110,45,1065
104900007,964,77,887
104900009,196,119,77
104900010,138,8,130
104900011,1,8,-7
104900012,239,34,205
104900013,26,22,4
104900014,919,183,736
104900015,90,0,90
104900016,156,64,92
104900017,104,100,4
104900018,3,33,-30
104900019,100,6800,-6700
104900020,35,181,-146
104900021,1,20,-19
104900022,5,167,-162
104900023,0,43,-43
104900024,38,209,-171
104900025,53,96,-43
104900026,0,25,-25
104900027,1146,260,886
104900028,34,108,-74
104900029,3,11,-8
104900030,555,138,417
104900031,24,188,-164
104900032,12,34,-22
104900033,347,93,254
104900034,497,198,299
104900035,702,332,370
104900036,483,41,442
104900037,194,65,129
104900038,61,2435,-2374
104900039,168,878,-710
104900040,678,20,658
104900041,487,65,422
104900042,222,100,122
104900043,104,592,-488
104900044,1246,74,1172
104900045,229,35,194
104900046,987,50,937
104900047,508,54,454
104900048,708,69,639
104900049,94,49,45
104900050,985,54,931
104900051,380,20,360
104900052,382,2,380
104900053,626,52,574
104900054,448,67,381
104900055,491,1,490
104900056,618,25,593
104900057,127,0,127
104900058,511,164,347
104900059,210,13,197
104900060,1,173,-172
104900061,102,78,24
104900063,0,125,-125
104900064,1,91,-90
104900065,2,248,-246
104900066,0,16,-16
104900067,1,240,-239
104900068,56,74,-18
104900070,58,152,-94
104900071,2,173,-171
104900072,46,78,-32
104900073,194,81,113
104900074,82,77,5
104900075,81,16,65
104900076,143,77,66
104900077,344,94,250
104900078,160,86,74
104900079,77,1593,-1516
104900080,152,227,-75
104900082,3,170,-167
104900085,15,88,-73
104900087,385,5,380
104900089,755,0,755
104900090,1725,544,1181
104900091,336,199,137
104900093,126,205,-79
104900097,787,3540,-2753
104900098,287,33,254
104900099,67,853,-786
104900100,249,80,169
104900102,53,74,-21
104900103,257,32,225
104900104,1052,1493,-441
104900106,273,86,187
104900107,58,76,-18
104900108,11,160,-149
104900109,111,204,-93
104900110,19,15,4
104900111,198,25,173
104900112,380,152,228
104900113,1224,77,1147
104900114,995,225,770
104900115,1405,127,1278
104900116,768,53,715
104900118,20,15,5
104900119,0,35,-35
104900120,14,1257,-1243
104900121,0,27,-27
104900122,1,14,-13
104900123,379,36,343
104900124,299,8,291
104900125,455,1,454
104900126,37,19,18
104900127,40,19,21
104900128,174,28,146
104900129,609,3591,-2982
105000001,2644,848,1796
105000002,2033,1322,711
105000003,2118,2935,-817
105000004,1561,784,777
105000005,2087,1218,869
105000006,1225,1719,-494
105000007,1878,2286,-408
105000008,670,3034,-2364
105000009,3960,3783,177
105000010,2067,632,1435
105000011,2976,3537,-561
105000012,1413,1317,96
105000013,1209,1030,179
105000014,4295,2888,1407
105000015,6718,14188,-7470
105000016,629,554,75
105000017,1509,965,544
105000018,577,1612,-1035
105000019,1002,788,214
105000020,27,545,-518
105000021,254,80,174
105000022,97,115,-18
105000023,812,86,726
105000028,17,48,-31
105000029,615,1093,-478
105000030,1929,1216,713
105000033,812,644,168
105000034,138,1577,-1439
105000037,674,115,559
105000038,847,1244,-397
105000039,474,640,-166
105000040,850,1088,-238
105000041,202,365,-163
105000042,1504,807,697
105000043,586,386,200
105000044,751,233,518
105000045,164,139,25
105000046,720,189,531
105000047,426,225,201
105000048,1161,339,822
105000049,194,343,-149
105000050,941,427,514
105000051,182,223,-41
105000052,659,694,-35
105000053,50,54,-4
105000054,522,579,-57
105000055,807,182,625
105000056,2534,1593,941
105000057,1675,617,1058
105000058,1157,722,435
105000059,2030,674,1356
105000060,659,342,317
105000061,2612,382,2230
105000062,705,427,278
105000063,281,215,66
105000064,3572,629,2943
105000065,460,327,133
105000066,774,761,13
105000067,2137,904,1233
105000068,272,617,-345
105000069,933,4231,-3298
105000070,495,1263,-768
105000071,193,2690,-2497
105000072,1337,9337,-8000
105000073,1579,895,684
105000074,287,319,-32
105000075,659,383,276
105000076,1076,622,454
105000077,1858,584,1274
105000078,580,924,-344
105000079,663,1684,-1021
105000080,1800,1725,75
105000081,828,779,49
105000082,475,1187,-712
105000083,1717,1953,-236
105000084,457,514,-57
105000085,2580,1763,817
105000086,713,613,100
105000087,1536,1530,6
105000088,2143,3177,-1034
105000089,1512,874,638
105000090,349,373,-24
105000091,434,441,-7
105000092,401,336,65
105000093,309,348,-39
105000094,298,104,194
105000095,210,558,-348
105000096,1352,1809,-457
105000097,429,401,28
105000098,1745,1356,389
105000099,449,690,-241
105000100,2701,621,2080
105000101,2352,654,1698
105000102,2489,715,1774
105000103,1137,927,210
105000104,3331,720,2611
105000105,1474,785,689
105000106,2316,461,1855
105000107,2229,453,1776
105000108,2544,559,1985
105000109,3993,510,3483
105000110,1115,233,882
105000111,2518,310,2208
105000112,933,384,549
105000113,777,734,43
105000114,915,1293,-378
105000115,289,2441,-2152
105000116,1472,661,811
105000117,743,343,400
105000118,1732,262,1470
105000119,633,247,386
105000120,2680,392,2288
105000121,1160,285,875
105000122,488,570,-82
105000123,529,328,201
105000124,2838,476,2362
105000125,1433,675,758
105000126,2658,952,1706
105000127,3496,860,2636
105000128,841,919,-78
105000129,1937,266,1671
105000130,108,4598,-4490
105000131,283,100,183
105000132,2056,1197,859
105000133,266,517,-251
105000134,2111,271,1840
105000135,251,252,-1
105000136,60,78,-18
105000137,792,152,640
105000138,111,80,31
105000139,814,270,544
105000140,826,236,590
105000141,580,198,382
105000142,453,393,60
105000143,248,217,31
105000144,432,277,155
105000145,873,224,649
105000146,549,292,257
105000147,807,275,532
105000148,853,446,407
105000149,4525,1170,3355
105000150,1427,307,1120
105000151,1331,262,1069
105000152,309,331,-22
105000153,2065,257,1808
105000154,954,355,599
105000155,1187,313,874
105000156,283,393,-110
105000157,718,492,226
105000158,4370,504,3866
105000159,291,408,-117
105000160,5522,532,4990
105000161,623,557,66
105000162,743,4308,-3565
105000163,660,513,147
105000164,110,277,-167
105000165,793,13949,-13156
105000166,2826,3146,-320
105000167,1270,5216,-3946
105000168,309,279,30
105000169,1305,101,1204
105000170,832,781,51
105000171,1102,116,986
105000172,639,4,635
105000173,1078,9,1069
105000174,204,19,185
105000175,412,43,369
105000176,1265,51,1214
105000177,725,409,316
105000178,602,85,517
105000179,2323,63,2260
105000180,893,38,855
105000181,298,104,194
105000182,126,39,87
105000183,1603,3160,-1557
105000184,218,444,-226
105000185,315,796,-481
105000186,406,570,-164
105000187,865,210,655
105000188,141,133,8
105000189,66,310,-244
105000190,243,185,58
105000191,341,233,108
105000192,461,45,416
105000193,77,68,9
105000194,709,42,667
105000195,386,290,96
105000196,57,242,-185
105000197,99,353,-254
105000198,129,71,58
105000199,38,484,-446
105000200,113,396,-283
105000201,83,20,63
105000203,42,57,-15
105000204,82,43,39
105000205,108,38,70
105000207,112,42,70
105000208,95,221,-126
105000209,200,69,131
105000212,1213,337,876
105000213,31,50,-19
105000214,95,137,-42
105000215,242,154,88
105000216,306,63,243
105000217,300,60,240
105000218,3298,622,2676
105000221,132,135,-3
105000222,678,64,614
105000223,776,86,690
105000226,202,101,101
105000227,87,91,-4
105000228,38,1486,-1448
105000229,258,606,-348
105000231,403,137,266
105000233,1290,679,611
105000234,212,472,-260
105000235,716,443,273
105000237,2126,79,2047
105000243,64,49,15
105000248,46,68,-22
105000262,670,257,413
105000269,105,99,6
105000270,876,6,870
105000271,0,203,-203
105000282,57,43,14
105000287,156,92,64
105000288,1428,410,1018
105000289,431,1043,-612
105000290,86,7,79
105000402,1104,4180,-3076
105000426,104,262,-158
105000438,701,757,-56
105000446,3852,2478,1374
105000447,1195,852,343
105000454,760,107,653
105000455,141,39,102
105000474,110,0,110
105000477,1643,396,1247
105000478,2467,5773,-3306
105000479,78,92,-14
105000480,3534,5338,-1804
105000481,3985,3701,284
105000482,1486,1865,-379
105000483,1961,2308,-347
105000484,865,1116,-251
105000485,931,2516,-1585
105000486,1011,1608,-597
105000488,1752,1195,557
105000489,2186,754,1432
105000549,208,128,80
105000550,412,376,36
105000551,8,55,-47
105000552,1535,653,882
105000555,272,1350,-1078
105900001,5,1571,-1566
105900002,649,1849,-1200
105900003,11,116,-105
105900004,251,34,217
105900005,15,201,-186
105900006,3,32,-29
105900007,86,26,60
105900008,122,147,-25
105900009,53,29,24
105900011,286,24,262
105900012,625,84,541
105900013,0,27,-27
105900014,0,61,-61
105900015,66,135,-69
105900016,1097,216,881
105900017,3035,21,3014
105900018,66,114,-48
105900019,101,56,45
105900020,52,23,29
105900021,57,89,-32
105900022,245,121,124
105900023,32,55,-23
105900024,3,199,-196
105900025,609,3,606
105900026,97,1,96
105900027,7968,4198,3770
105900028,218,231,-13
105900029,1488,218,1270
105900030,269,212,57
105900031,536,94,442
105900032,174,50,124
105900033,107,126,-19
105900034,640,111,529
105900035,746,286,460
105900036,156,62,94
105900037,222,11,211
105900038,108,212,-104
105900039,125,53,72
105900040,200,56,144
105900041,145,71,74
105900042,171,246,-75
105900043,599,27,572
105900044,0,463,-463
105900045,1,2068,-2067
105900046,3,110,-107
105900047,13,21,-8
105900048,95,332,-237
105900050,1190,3482,-2292
105900051,20,675,-655
105900052,1331,139,1192
105900053,2172,5539,-3367
105900054,108,253,-145
105900056,430,740,-310
105900057,1,57,-56
105900058,9,12,-3
105900059,0,209,-209
106000001,1823,2540,-717
106000002,583,1896,-1313
106000003,3592,4387,-795
106000004,1229,1788,-559
106000005,4896,2768,2128
106000006,3026,1131,1895
106000007,561,165,396
106000008,200,213,-13
106000009,525,158,367
106000010,232,259,-27
106000011,2337,778,1559
106000012,775,461,314
106000013,1719,1087,632
106000014,883,704,179
106000015,2786,655,2131
106000016,1038,818,220
106000017,1138,482,656
106000018,463,381,82
106000019,578,262,316
106000020,287,177,110
106000021,628,259,369
106000022,268,147,121
106000023,1069,221,848
106000024,458,273,185
106000025,226,183,43
106000026,68,132,-64
106000027,2657,1027,1630
106000028,803,235,568
106000029,699,540,159
106000030,131,408,-277
106000034,129,275,-146
106000035,1222,1140,82
106000036,93,354,-261
106000037,814,602,212
106000038,20,277,-257
106000039,7,266,-259
106000040,61,505,-444
106000041,654,455,199
106000043,187,147,40
106000046,347,24,323
106000047,37,268,-231
106000049,1557,85,1472
106000050,201,363,-162
106000051,1475,732,743
106000052,63,113,-50
106000053,777,87,690
106000054,79,90,-11
106000055,1236,340,896
106000056,151,133,18
106000057,751,91,660
106000058,67,27,40
106000059,550,184,366
106000060,126,196,-70
106000061,186,805,-619
106000062,105,144,-39
106000063,1433,1139,294
106000064,7,98,-91
106000065,645,189,456
106000066,121,119,2
106000067,800,58,742
106000068,144,199,-55
106000069,753,47,706
106000070,458,156,302
106000071,978,118,860
106000072,1972,1180,792
106000073,1402,7364,-5962
106000074,657,591,66
106000075,450,808,-358
106000076,919,1139,-220
106000077,1540,362,1178
106000078,1677,245,1432
106000079,1163,331,832
106000080,1308,234,1074
106000081,1327,355,972
106000082,1403,302,1101
106000083,673,602,71
106000084,723,274,449
106000085,1147,654,493
106000086,428,313,115
106000087,803,228,575
106000088,340,315,25
106000089,1089,159,930
106000090,452,220,232
106000091,196,301,-105
106000092,913,171,742
106000093,1010,42,968
106000094,84,150,-66
106000095,1577,313,1264
106000096,2111,250,1861
106000097,1957,416,1541
106000098,1520,259,1261
106000099,85,206,-121
106000100,2694,154,2540
106000101,1153,82,1071
106000102,46,246,-200
106000103,200,290,-90
106000104,1508,256,1252
106000105,263,374,-111
106000106,1354,162,1192
106000107,207,165,42
106000108,701,88,613
106000109,142,60,82
106000110,577,149,428
106000111,155,106,49
106000112,317,1169,-852
106000113,390,285,105
106000114,451,1196,-745
106000115,223,235,-12
106000116,452,113,339
106000117,685,236,449
106000118,1756,1347,409
106000119,678,278,400
106000120,1075,2113,-1038
106000121,561,160,401
106000122,569,77,492
106000123,1347,35,1312
106000124,385,62,323
106000125,98,80,18
106000126,702,54,648
106000127,2673,435,2238
106000128,2016,112,1904
106000129,908,254,654
106000130,1956,95,1861
106000131,136,865,-729
106000132,707,75,632
106000133,901,2308,-1407
106000134,615,5021,-4406
106000135,105,321,-216
106000136,1297,2512,-1215
106000137,55,367,-312
106000138,4397,62,4335
106000139,77,44,33
106000140,91,32,59
106000141,164,49,115
106000142,160,53,107
106000143,39,37,2
106000144,67,55,12
106000145,762,98,664
106000146,1042,85,957
106000147,461,257,204
106000148,433,400,33
106000149,1078,234,844
106000150,1188,2890,-1702
106000151,2686,437,2249
106000152,725,2530,-1805
106000153,98,1421,-1323
106000154,850,92,758
106000155,288,272,16
106000156,2460,120,2340
106000157,515,1644,-1129
106000158,1056,446,610
106000159,2229,2713,-484
106000160,949,5773,-4824
106000161,613,141,472
106000162,592,2082,-1490
106000163,385,92,293
106000164,1112,188,924
106000165,193,216,-23
106000166,1940,121,1819
106000167,547,341,206
106000168,1510,110,1400
106000169,377,352,25
106000170,1508,107,1401
106000171,317,707,-390
106000172,3334,924,2410
106000173,1207,1451,-244
106000174,1924,206,1718
106000175,255,277,-22
106000176,4054,407,3647
106000177,1445,840,605
106000178,4254,757,3497
106000179,905,617,288
106000180,1652,424,1228
106000181,3468,1118,2350
106000182,3087,355,2732
106000183,2891,196,2695
106000184,1850,384,1466
106000185,2780,1933,847
106000186,329,36,293
106000187,73,2203,-2130
106000188,0,1,-1
106000189,6,35,-29
106000190,51,1,50
106000191,500,52,448
106000192,0,0,0
106000193,249,347,-98
106000194,61,304,-243
106000195,307,135,172
106000196,120,500,-380
106000197,974,200,774
106000198,298,139,159
106000199,410,2557,-2147
106000200,303,269,34
106000201,445,10926,-10481
106000202,2383,903,1480
106000203,20,103,-83
106000204,129,10,119
106000205,9,157,-148
106000206,134,15,119
106000207,13,308,-295
106000208,2729,36,2693
106000209,3581,165,3416
106000210,524,312,212
106000211,190,713,-523
106000212,2227,293,1934
106000213,200,835,-635
106000214,1274,184,1090
106000215,411,310,101
106000216,1009,163,846
106000217,137,189,-52
106000218,374,115,259
106000219,172,104,68
106000220,840,131,709
106000221,415,67,348
106000222,266,46,220
106000223,632,48,584
106000224,357,73,284
106000225,98,192,-94
106000226,86,63,23
106000228,55,77,-22
106000229,137,411,-274
106000231,1935,83,1852
106000232,191,152,39
106000233,1090,113,977
106000234,112,396,-284
106000235,324,292,32
106000236,128,236,-108
106000237,0,15,-15
106000238,5,27,-22
106000239,1,192,-191
106000240,35,2,33
106000241,5,438,-433
106000242,279,13,266
106000249,195,67,128
106000250,40,1062,-1022
106000251,263,8,255
106000252,52,80,-28
106000253,164,55,109
106000254,187,19,168
106000255,138,195,-57
106000256,96,28,68
106000257,121,153,-32
106000258,101,115,-14
106000259,19,152,-133
106000260,63,14,49
106000261,15,61,-46
106000262,76,17,59
106000263,117,65,52
106000264,171,7,164
106000265,27,73,-46
106000266,251,30,221
106000267,10,69,-59
106000268,249,18,231
106000269,24,20,4
106000270,146,158,-12
106000271,54,41,13
106000272,77,22,55
106000273,16,72,-56
106000274,129,7,122
106000275,231,58,173
106000276,28,7,21
106000277,119,130,-11
106000278,61,5,56
106000279,15,10,5
106000280,147,10,137
106000281,77,24,53
106000282,110,43,67
106000283,136,25,111
106000284,443,11,432
106000285,93,78,15
106000286,149,34,115
106000287,78,14,64
106000288,137,28,109
106000289,134,32,102
106000290,168,46,122
106000291,146,37,109
106000292,269,17,252
106000293,173,59,114
106000294,97,17,80
106000295,52,71,-19
106000296,17,34,-17
106000297,29,122,-93
106000298,23,166,-143
106000299,35,32,3
106000300,57,62,-5
106000301,29,91,-62
106000303,105,30,75
106000304,103,8,95
106000305,208,15,193
106000306,24,19,5
106000307,440,9,431
106000308,29,61,-32
106000309,4,11,-7
106000310,389,107,282
106000311,585,128,457
106000312,347,71,276
106000313,428,65,363
106000318,26,509,-483
106000319,2241,623,1618
106000320,3,91,-88
106000321,191,344,-153
106000322,493,57,436
106000324,165,63,102
106000325,2421,349,2072
106000326,597,450,147
106000327,622,47,575
106000328,9,135,-126
106000329,16,284,-268
106000330,28,124,-96
106000428,120,174,-54
106000429,133,157,-24
106000430,248,631,-383
106000431,3387,313,3074
106000432,552,1078,-526
106000433,2787,956,1831
106000434,4218,819,3399
106000435,770,1075,-305
106000436,16,97,-81
106000437,1297,86,1211
106000438,293,857,-564
106000439,41,780,-739
106000440,197,200,-3
106000441,13,0,13
106000442,438,12,426
106000443,619,136,483
106000450,1,96,-95
106000451,67,306,-239
106000454,2,191,-189
106000455,5,114,-109
106000456,254,41,213
106000457,44,183,-139
106000458,2146,56,2090
106000459,952,49,903
106000460,3337,4,3333
106000461,602,229,373
106000462,0,95,-95
106000463,7,6,1
106000464,2,352,-350
106000465,1230,7,1223
106000466,1,255,-254
106000467,118,213,-95
106000468,337,120,217
106000469,79,2,77
106000470,127,2812,-2685
106000471,7,127,-120
106000472,626,8,618
106000473,22,2,20
106000474,223,305,-82
106000475,628,196,432
106000476,108,397,-289
106000477,48,80,-32
106000480,0,1422,-1422
106900001,0,11,-11
106900002,0,134,-134
106900003,78,642,-564
106900004,0,3,-3
106900006,0,2,-2
106900007,0,4,-4
106900008,1066,48,1018
106900009,721,97,624
106900010,721,159,562
106900012,574,4443,-3869
106900013,1081,244,837
106900014,183,2,181
106900015,42,1,41
106900016,786,62,724
106900017,20,0,20
106900018,29,0,29
106900019,434,0,434
106900020,970,3956,-2986
106900021,341,38,303
106900022,2592,23,2569
106900023,135,57,78
106900024,947,44,903
106900025,12,215,-203
106900026,0,109,-109
106900027,2185,0,2185
107000001,3032,3256,-224
107000002,1177,1307,-130
107000003,10082,7447,2635
107000004,2049,1135,914
107000005,12152,6229,5923
107000006,2051,831,1220
107000007,5737,6821,-1084
107000008,2330,1766,564
107000009,10296,5407,4889
107000010,3761,2525,1236
107000011,401,308,93
107000012,1244,873,371
107000013,108,53,55
107000014,166,61,105
107000015,532,199,333
107000016,1136,202,934
107000017,537,832,-295
107000018,2,620,-618
107000020,641,627,14
107000021,1007,304,703
107000022,1307,1004,303
107000023,1923,110,1813
107000024,909,1269,-360
107000025,395,158,237
107000026,287,214,73
107000027,2294,350,1944
107000028,1142,310,832
107000029,4846,2857,1989
107000030,1911,1021,890
107000031,6705,2417,4288
107000032,212,586,-374
107000033,1495,3757,-2262
107000034,2059,717,1342
107000035,435,134,301
107000036,419,1358,-939
107000037,189,546,-357
107000038,213,77,136
107000039,1056,570,486
107000040,335,123,212
107000041,692,334,358
107000042,413,2524,-2111
107000043,888,469,419
107000044,200,111,89
107000045,70,115,-45
107000046,800,180,620
107000047,285,269,16
107000048,434,108,326
107000049,339,273,66
107000050,722,350,372
107000051,197,252,-55
107000052,667,2750,-2083
107000053,274,659,-385
107000054,36,105,-69
107000055,335,98,237
107000056,377,313,64
107000057,792,73,719
107000058,2243,1857,386
107000059,1679,1523,156
107000060,7335,3431,3904
107000061,3153,1444,1709
107000062,9589,2424,7165
107000063,2882,1503,1379
107000064,7379,4527,2852
107000065,1509,2191,-682
107000066,1414,3178,-1764
107000067,1613,818,795
107000068,786,685,101
107000069,1446,825,621
107000070,1130,5,1125
107000071,6593,43,6550
107000072,6,579,-573
107000073,1881,1147,734
107000074,35,269,-234
107000075,2352,110,2242
107000076,185,497,-312
107000077,3844,362,3482
107000078,548,489,59
107000079,4315,663,3652
107000080,327,726,-399
107000081,5983,545,5438
107000082,390,501,-111
107000083,2011,1506,505
107000084,166,407,-241
107000085,2500,2040,460
107000086,2145,1142,1003
107000087,3350,2250,1100
107000088,1913,1622,291
107000089,1633,2017,-384
107000090,1219,590,629
107000091,2465,582,1883
107000092,787,463,324
107000093,1890,954,936
107000094,635,444,191
107000095,2123,671,1452
107000096,671,388,283
107000097,2715,331,2384
107000098,328,390,-62
107000099,634,398,236
107000100,217,154,63
107000101,152,196,-44
107000102,243,167,76
107000103,533,176,357
107000104,122,262,-140
107000105,631,291,340
107000106,132,133,-1
107000107,1184,198,986
107000108,208,211,-3
107000109,2091,168,1923
107000110,48,177,-129
107000111,1552,28,1524
107000112,27,176,-149
107000113,1948,56,1892
107000114,54,241,-187
107000115,1231,1173,58
107000116,57,247,-190
107000117,206,4894,-4688
107000118,33,67,-34
107000119,1069,2093,-1024
107000120,583,1562,-979
107000121,929,307,622
107000122,556,516,40
107000123,849,372,477
107000124,749,148,601
107000125,1807,347,1460
107000126,2272,170,2102
107000129,382,277,105
107000130,1242,183,1059
107000131,310,214,96
107000132,916,206,710
107000133,312,84,228
107000134,266,4,262
107000135,1,210,-209
107000136,508,2,506
107000137,2,271,-269
107000138,139,5,134
107000139,1,285,-284
107000140,2061,29,2032
107000141,84,540,-456
107000142,702,51,651
107000143,17,915,-898
107000144,433,873,-440
107000145,55,351,-296
107000146,151,355,-204
107000147,2784,385,2399
107000150,111,5903,-5792
107000151,5,30,-25
107000152,417,4546,-4129
107000153,36,110,-74
107000154,8,93,-85
107000155,1318,5,1313
107000156,1807,11,1796
107000157,25,383,-358
107000158,2005,15,1990
107000159,16,249,-233
107000160,2917,220,2697
107000161,58,298,-240
107000162,362,1043,-681
107000163,642,3,639
107000164,1616,2,1614
107000165,2401,8,2393
107000166,19,189,-170
107000167,1564,339,1225
107000168,1293,553,740
107000169,240,200,40
107000170,6101,549,5552
107000171,432,365,67
107000172,2067,2917,-850
107000173,230,238,-8
107000174,1312,9214,-7902
107000175,2384,335,2049
107000176,1,0,1
107000177,2,0,2
107000178,294,3,291
107000179,417,610,-193
107000180,2604,103,2501
107000181,406,268,138
107000182,2813,315,2498
107000183,218,230,-12
107000184,2301,268,2033
107000185,281,349,-68
107000186,855,117,738
107000187,1485,543,942
107000188,754,174,580
107000189,1463,356,1107
107000190,1165,289,876
107000191,1055,399,656
107000192,1711,193,1518
107000193,362,306,56
107000194,394,173,221
107000197,1056,120,936
107000198,404,255,149
107000199,507,533,-26
107000200,853,887,-34
107000201,244,231,13
107000202,302,337,-35
107000203,404,759,-355
107000204,516,1768,-1252
107000205,472,260,212
107000206,158,788,-630
107000207,308,498,-190
107000208,410,378,32
107000209,397,448,-51
107000210,64,107,-43
107000211,24,40,-16
107000212,8,56,-48
107000213,3,4,-1
107000214,31,42,-11
107000215,756,131,625
107000216,619,83,536
107000217,373,359,14
107000219,92,259,-167
107000220,63,156,-93
107000222,251,174,77
107000224,519,82,437
107000225,130,124,6
107000226,1099,96,1003
107000227,209,102,107
107000228,55,685,-630
107000229,54,211,-157
107000230,671,374,297
107000231,198,863,-665
107000232,116,35,81
107000233,93,397,-304
107000234,12,74,-62
107000235,35,33,2
107000236,3,705,-702
107000237,97,1,96
107000238,50,2,48
107000239,1697,618,1079
107000240,55,202,-147
107000241,31,2,29
107000242,158,5,153
107000243,0,57,-57
107000244,5,63,-58
107000246,0,294,-294
107000249,2,340,-338
107000251,1,79,-78
107000252,0,134,-134
107000255,142,304,-162
107000257,1,660,-659
107000258,2,246,-244
107000259,0,69,-69
107000260,2766,10,2756
107000262,7,181,-174
107000263,983,2,981
107000266,39,12,27
107000267,7,59,-52
107000268,133,36,97
107000269,10,2,8
107000270,364,68,296
107000271,6,0,6
107000272,140,0,140
107000273,2,411,-409
107000274,564,168,396
107000275,34,993,-959
107000280,2639,19,2620
107000281,63,274,-211
107000282,30,344,-314
107000290,2,16,-14
107000291,6,10,-4
107000292,0,78,-78
107000293,20,4,16
107000294,0,86,-86
107000295,27,1,26
107000296,0,32,-32
107000444,276,0,276
107000496,43,11,32
107000497,582,838,-256
107000500,572,125,447
107000501,70,135,-65
107000502,282,224,58
107000505,240,344,-104
107000506,0,0,0
107000508,4,116,-112
107000509,84,823,-739
107000510,86,76,10
107000514,36,537,-501
107000515,24,50,-26
107000516,655,385,270
107000518,2483,4852,-2369
107000519,609,335,274
107000520,298,54,244
107000521,1839,137,1702
107000522,2610,295,2315
107900001,150,21,129
107900002,49,2,47
107900003,1459,9,1450
107900004,165,0,165
107900005,5791,37,5754
107900006,285,13,272
107900007,425,56,369
107900008,21,8,13
107900009,124,2,122
107900010,142,3,139
107900012,399,68,331
107900013,169,13,156
107900014,393,11,382
107900015,4053,38,4015
107900016,170,29,141
107900017,69,1,68
107900018,95,639,-544
107900019,2,7,-5
107900020,15,15,0
107900021,306,4,302
107900023,14,2,12
107900024,0,1,-1
107900025,255,61,194
107900026,139,9,130
107900027,11,95,-84
107900028,386,8,378
107900030,328,24,304
107900031,133,56,77
107900032,157,3,154
107900033,53,27,26
107900034,373,5,368
107900035,3198,204,2994
107900036,32,54,-22
107900037,0,18,-18
107900038,15,517,-502
107900039,54,22,32
107900040,7,327,-320
107900041,4,2,2
107900043,125,42,83
107900044,8,17,-9
107900045,181,46,135
107900046,548,462,86
107900047,121,3,118
107900048,397,24,373
107900049,231,1578,-1347
107900050,24,76,-52
107900051,67,43,24
107900052,19,165,-146
107900053,196,40,156
107900055,297,114,183
107900056,94,237,-143
107900057,2,0,2
107900058,47,226,-179
107900060,8,30,-22
107900061,4,15,-11
107900063,59,54,5
107900064,113,1166,-1053
107900065,1044,18,1026
107900066,60,4,56
107900067,8,0,8
107900068,157,766,-609
107900069,5,4806,-4801
107900070,185,244,-59
107900071,16,199,-183
107900072,275,38,237
107900073,136,70,66
107900074,133,526,-393
107900076,196,15,181
107900077,158,2,156
107900078,110,32,78
107900079,4,66,-62
107900080,107,655,-548
107900081,10,12,-2
107900082,2,18,-16
107900083,621,113,508
107900084,239,156,83
107900086,24,297,-273
107900087,169,10,159
107900088,105,5,100
107900089,152,398,-246
107900090,132,2884,-2752
107900091,74,70,4
107900092,559,72,487
107900093,23,28,-5
107900095,755,908,-153
107900097,28,42,-14
107900098,228,184,44
107900100,194,1816,-1622
107900101,220,23,197
107900102,37,2,35
107900103,73,96,-23
107900104,310,11,299
107900105,1,102,-101
107900106,1,174,-173
107900107,372,335,37
107900108,66,11,55
107900109,2967,89,2878
107900110,138,12,126
107900111,0,131,-131
107900112,50,656,-606
107900113,406,12,394
107900114,339,33,306
107900115,0,2,-2
107900116,336,31,305
107900117,159,98,61
107900118,23,56,-33
107900119,163,369,-206
107900120,75,12,63
107900121,3,125,-122
107900122,1,80,-79
107900123,26,117,-91
107900124,9,27,-18
107900125,5,60,-55
107900126,30,29,1
107900127,252,223,29
107900128,20,31,-11
107900129,260,2,258
107900130,254,2,252
107900131,37,104,-67
107900132,6,159,-153
107900133,0,18,-18
107900134,20,24,-4
107900135,12,20,-8
107900136,2,27,-25
107900137,26,27,-1
107900138,233,7,226
107900139,229,19,210
107900140,4,0,4
107900141,28,39,-11
107900142,26,366,-340
107900143,28,39,-11
107900144,0,24,-24
107900145,0,53,-53
107900146,11,51,-40
107900147,62,13,49
107900148,172,92,80
107900149,359,17,342
107900150,2,167,-165
107900151,14,17,-3
107900152,2,46,-44
107900153,77,120,-43
107900154,98,18,80
107900155,188,29,159
107900156,1,39,-38
107900157,35,30,5
107900158,2889,186,2703
107900159,25,363,-338
107900160,200,38,162
107900161,126,32,94
107900162,0,29,-29
107900163,32,19,13
107900164,85,18,67
107900165,10,456,-446
107900166,31,63,-32
107900167,59,122,-63
107900168,145,3,142
107900169,1,178,-177
107900171,4,273,-269
107900172,3,81,-78
107900173,63,22,41
107900174,204,1,203
107900175,3,76,-73
107900176,143,12,131
107900177,0,59,-59
107900178,47,52,-5
107900179,45,41,4
107900180,180,1757,-1577
107900181,159,216,-57
107900182,4,165,-161
107900183,95,23,72
107900184,238,113,125
107900185,212,6,206
107900186,50,20,30
107900187,0,31,-31
107900188,334,59,275
107900189,50,74,-24
107900190,13,111,-98
107900191,46,60,-14
107900193,2,78,-76
107900194,225,9,216
107900195,548,134,414
107900196,92,12,80
107900197,96,108,-12
107900199,0,286,-286
107900201,77,26,51
107900203,10,37,-27
107900204,57,98,-41
107900205,193,144,49
107900206,194,781,-587
107900207,0,116,-116
107900208,0,129,-129
107900209,173,60,113
107900210,29,34,-5
107900213,318,116,202
107900214,6,51,-45
107900215,91,296,-205
107900216,1,10,-9
107900217,37,21,16
107900218,6,370,-364
107900219,124,13,111
107900220,27,87,-60
107900221,31,61,-30
107900223,184,70,114
107900224,60,409,-349
107900225,15,149,-134
107900226,13,35,-22
107900227,58,108,-50
107900228,73,45,28
107900229,5,24,-19
107900230,54,1,53
107900231,37,53,-16
107900232,347,18,329
107900233,2,34,-32
107900234,515,35,480
107900235,1,44,-43
107900236,719,20,699
107900237,22,123,-101
107900238,76,14,62
107900239,125,612,-487
107900240,57,15,42
107900241,5,40,-35
107900242,12,47,-35
107900243,0,15,-15
107900244,264,0,264
107900245,1531,47,1484
107900246,348,38,310
107900248,423,55,368
107900249,1683,186,1497
107900250,0,161,-161
107900251,7,239,-232
107900252,953,68,885
107900253,276,25,251
107900254,70,181,-111
107900255,61,18,43
107900256,355,361,-6
107900257,564,236,328
107900258,113,41,72
107900259,35,5516,-5481
107900261,0,82,-82
107900262,40,25,15
107900264,1163,58,1105
107900265,93,144,-51
107900267,661,7,654
107900268,3,0,3
107900269,0,0,0
107900270,2,0,2
107900271,0,89,-89
107900272,9,43,-34
107900273,76,17,59
107900274,217,0,217
107900275,52,1,51
107900276,0,11,-11
107900277,0,20,-20
107900278,586,59,527
107900279,9,29,-20
107900280,2256,852,1404
107900281,947,12996,-12049
107900282,20,1465,-1445
107900283,323,990,-667
107900284,1007,377,630
107900285,289,53,236
107900286,10,34,-24
107900287,946,60,886
107900290,1,1037,-1036
107900291,494,4,490
107900292,119,46,73
107900293,62,90,-28
107900295,42,24,18
107900297,4,293,-289
107900298,395,305,90
107900299,1188,3565,-2377
107900300,49,223,-174
107900301,918,446,472
107900302,127,8,119
107900303,724,91,633
107900304,977,62,915
107900305,545,3,542
107900306,0,57,-57
107900307,2,97,-95
107900308,258,59,199
107900309,9,1,8
107900310,27,0,27
107900311,185,251,-66
107900312,13,0,13
107900313,3,127,-124
107900314,0,147,-147
107900315,0,84,-84
107900316,45,1,44
107900317,123,2,121
107900318,1,207,-206
107900319,1,18,-17
107900320,0,44,-44
107900321,361,2,359
107900322,0,20,-20
107900323,12,64,-52
107900324,89,1,88
107900325,334,2,332
107900326,1433,94,1339
107900327,2,86,-84
107900328,7,0,7
107900329,3,181,-178
107900330,19,55,-36
107900331,932,17,915
107900332,895,5,890
107900333,141,8,133
107900334,4,24,-20
107900335,11,16,-5
107900336,19,47,-28
107900337,288,1693,-1405
107900338,1,57,-56
107900339,1,28,-27
107900340,1,163,-162
107900341,48,0,48
107900342,108,29,79
107900343,61,1,60
107900344,20,24,-4
107900345,60,31,29
107900346,8,1,7
107900347,9,0,9
107900348,0,0,0
107900349,14,3,11
107900350,2,72,-70
107900351,1,17,-16
107900352,0,19,-19
107900353,24,5,19
107900354,5,61,-56
108000001,5315,3075,2240
108000002,995,1097,-102
108000003,2581,1411,1170
108000004,6240,6505,-265
108000005,7833,3647,4186
108000006,2200,1823,377
108000007,5696,2655,3041
108000008,1708,1999,-291
108000009,6812,3328,3484
108000010,1573,1774,-201
108000011,13491,8891,4600
108000012,5229,5649,-420
108000014,327,1412,-1085
108000015,959,184,775
108000016,268,369,-101
108000017,1407,202,1205
108000018,2046,525,1521
108000019,862,266,596
108000020,1274,237,1037
108000021,178,688,-510
108000022,386,351,35
108000023,2328,279,2049
108000024,567,147,420
108000025,664,115,549
108000026,967,113,854
108000027,1285,90,1195
108000028,703,128,575
108000029,1013,148,865
108000030,451,122,329
108000031,251,423,-172
108000032,3616,469,3147
108000033,444,297,147
108000034,2053,566,1487
108000035,457,697,-240
108000036,291,325,-34
108000037,3636,246,3390
108000038,5381,267,5114
108000039,283,537,-254
108000040,3366,1031,2335
108000041,237,683,-446
108000042,921,99,822
108000043,162,160,2
108000044,940,75,865
108000045,156,144,12
108000046,3048,131,2917
108000047,212,287,-75
108000048,68,111,-43
108000049,1042,102,940
108000050,72,113,-41
108000051,375,305,70
108000052,77,147,-70
108000053,534,304,230
108000054,242,357,-115
108000055,1346,255,1091
108000056,354,449,-95
108000057,745,1141,-396
108000058,1671,5994,-4323
108000059,1240,742,498
108000060,208,363,-155
108000061,63,135,-72
108000062,1864,383,1481
108000063,421,260,161
108000064,398,190,208
108000065,591,236,355
108000066,1908,941,967
108000067,3301,899,2402
108000068,1208,244,964
108000069,95,350,-255
108000070,2962,350,2612
108000071,375,392,-17
108000072,1557,363,1194
108000073,282,390,-108
108000074,1023,291,732
108000075,188,135,53
108000076,1167,300,867
108000077,243,230,13
108000078,4391,631,3760
108000079,324,341,-17
108000080,3250,364,2886
108000081,331,444,-113
108000082,334,454,-120
108000083,3064,533,2531
108000084,208,522,-314
108000085,1743,318,1425
108000086,287,309,-22
108000087,221,2737,-2516
108000088,411,5,406
108000089,355,359,-4
108000090,1078,59,1019
108000091,165,294,-129
108000092,708,98,610
108000093,315,238,77
108000094,1991,113,1878
108000095,248,182,66
108000096,1242,198,1044
108000097,219,245,-26
108000098,3754,875,2879
108000099,311,37,274
108000100,69,159,-90
108000101,1590,923,667
108000102,1061,2523,-1462
108000106,1163,3,1160
108000107,3,376,-373
108000108,1036,129,907
108000109,2,275,-273
108000110,930,146,784
108000111,315,431,-116
108000112,37,151,-114
108000113,268,94,174
108000115,227,185,42
108000117,346,248,98
108000118,12,309,-297
108000119,468,133,335
108000120,341,1185,-844
108000121,279,192,87
108000122,1393,261,1132
108000123,1073,144,929
108000124,529,316,213
108000125,1149,90,1059
108000126,429,123,306
108000127,948,157,791
108000128,1339,86,1253
108000129,245,212,33
108000130,864,181,683
108000131,994,97,897
108000132,186,257,-71
108000133,1564,128,1436
108000134,354,146,208
108000135,1819,812,1007
108000136,192,248,-56
108000137,661,133,528
108000138,427,287,140
108000139,808,165,643
108000140,1001,4,997
108000141,34,15,19
108000142,31,18,13
108000143,31,6,25
108000144,187,3,184
108000145,78,2,76
108000146,229,4,225
108000147,30,6,24
108000148,173,4,169
108000149,12,14,-2
108000150,81,2,79
108000151,2,4,-2
108000152,88,96,-8
108000153,2214,118,2096
108000154,24,2,22
108000155,135,11,124
108000156,118,79,39
108000157,203,3223,-3020
108000158,42,1169,-1127
108000159,116,141,-25
108000160,1038,1995,-957
108000161,1170,6009,-4839
108000165,6,748,-742
108000172,1,281,-280
108000173,304,2392,-2088
108000175,526,71,455
108000178,181,108,73
108000179,58,712,-654
108000181,60,8,52
108000182,56,4,52
108000183,4,4,0
108000184,237,4555,-4318
108000185,564,84,480
108000186,660,53,607
108000187,209,138,71
108000188,1962,92,1870
108000189,250,2269,-2019
108000190,22,53,-31
108000192,253,111,142
108000193,301,11,290
108000194,14,6,8
108000195,0,503,-503
108000196,197,127,70
108000198,732,54,678
108000199,0,265,-265
108000200,1502,61,1441
108000202,1,218,-217
108000203,462,99,363
108000204,475,98,377
108000205,49,166,-117
108000339,401,215,186
108000364,61,82,-21
108000365,65,142,-77
108000367,36,65,-29
108000368,5,50,-45
108000369,292,64,228
108000371,1,342,-341
108000372,1029,2,1027
108000373,240,55,185
108000376,339,11,328
108000377,1587,92,1495
108000378,8429,14840,-6411
108000379,52,172,-120
108000381,366,22,344
108000382,71,4,67
108000383,0,195,-195
108900001,12,135,-123
108900002,143,30,113
108900003,126,218,-92
108900004,6,572,-566
108900005,66,334,-268
108900006,937,151,786
108900007,493,125,368
108900008,341,42,299
108900009,178,145,33
108900010,701,77,624
108900011,1304,92,1212
108900012,725,188,537
108900013,131,224,-93
108900014,36,145,-109
108900015,0,85,-85
108900016,1,86,-85
108900017,146,288,-142
108900018,113,240,-127
108900019,32,157,-125
108900020,83,49,34
108900021,132,77,55
108900022,149,21,128
108900023,14,71,-57
108900024,61,6,55
108900025,494,12,482
108900026,35,31,4
108900027,0,45,-45
108900028,159,50,109
108900029,73,132,-59
108900030,0,12,-12
108900031,131,53,78
108900032,1,58,-57
108900033,0,28,-28
108900034,2,47,-45
108900035,255,343,-88
108900036,151,161,-10
108900037,35,92,-57
108900038,1,78,-77
108900039,0,59,-59
108900040,8,31,-23
108900041,3104,3315,-211
108900042,3,302,-299
108900043,28,464,-436
108900044,0,100,-100
108900045,83,55,28
108900046,3,111,-108
108900047,0,87,-87
108900048,96,189,-93
108900049,602,3721,-3119
108900050,3,51,-48
108900051,0,34,-34
108900052,14,70,-56
108900053,76,662,-586
108900054,30,59,-29
108900055,27,156,-129
108900056,2,31,-29
108900057,0,21,-21
108900058,13,109,-96
108900059,1976,56,1920
108900060,104,85,19
108900061,36,6,30
108900062,1,57,-56
108900063,65,71,-6
108900064,717,15,702
108900065,15,66,-51
108900066,715,64,651
108900067,1,48,-47
108900068,20,36,-16
108900069,184,24,160
108900070,9,50,-41
108900071,400,19,381
108900072,1330,125,1205
108900073,31,119,-88
108900074,628,47,581
108900075,5,15,-10
108900076,863,16,847
108900077,47,173,-126
108900078,78,30,48
108900079,119,55,64
108900080,6,1258,-1252
108900081,31,66,-35
108900082,107,27,80
108900083,4,287,-283
108900084,132,54,78
108900085,712,37,675
108900086,381,47,334
108900087,57,68,-11
108900088,388,396,-8
108900089,13,89,-76
108900090,87,45,42
108900091,71,29,42
108900092,417,296,121
108900093,109,29,80
108900094,294,48,246
108900095,13,97,-84
108900096,169,20,149
108900097,348,54,294
108900098,583,1703,-1120
108900099,491,90,401
108900100,55,35,20
108900101,359,787,-428
108900102,4,1868,-1864
108900103,454,136,318
108900104,44,132,-88
108900105,7,3752,-3745
108900106,707,67,640
108900108,372,17,355
108900109,1792,45,1747
108900110,188,72,116
108900111,516,81,435
108900112,565,11,554
108900113,94,51,43
108900114,479,21,458
108900115,330,210,120
108900116,119,5,114
108900117,627,15,612
108900118,1418,23,1395
108900119,798,41,757
108900120,784,173,611
108900121,355,60,295
108900122,429,8,421
108900123,623,69,554
108900124,1396,156,1240
108900125,1553,4,1549
108900126,286,118,168
108900127,418,26,392
108900128,307,29,278
108900129,2064,143,1921
108900130,1415,4,1411
108900131,939,2,937
108900132,877,36,841
108900133,536,16,520
108900134,1145,69,1076
108900135,676,9,667
108900136,15,2,13
108900137,451,0,451
108900138,1235,33,1202
108900139,1416,22,1394
108900140,1264,33,1231
108900141,1063,21,1042
108900142,54,32,22
108900143,218,0,218
108900144,253,1,252
108900145,478,14,464
108900146,135,0,135
108900147,690,0,690
108900148,59,4,55
108900149,287,99,188
108900150,223,2,221
108900151,43,0,43
108900152,196,3,193
108900153,282,75,207
108900154,8493,244,8249
108900155,438,52,386
108900156,254,3,251
108900157,13,95,-82
108900158,1205,80,1125
108900159,87,40,47
108900160,33,78,-45
108900161,42,91,-49
108900162,460,3,457
108900163,2,512,-510
108900164,29,22,7
108900165,38,27,11
108900167,443,19310,-18867
108900168,2437,1890,547
108900169,43,40,3
108900171,1952,4631,-2679
108900172,211,90,121
108900173,30,167,-137
108900174,1307,266,1041
108900176,49,130,-81
108900177,1788,12800,-11012
108900178,1061,6799,-5738
108900179,333,2097,-1764
108900180,126,108,18
108900182,121,483,-362
108900183,216,89,127
108900184,330,105,225
108900185,52,186,-134
108900186,77,206,-129
108900187,1504,44,1460
108900188,1543,54,1489
108900189,521,52,469
108900190,24,591,-567
108900191,91,254,-163
108900192,43,83,-40
108900193,11,17,-6
108900194,0,60,-60
108900195,104,54,50
108900196,4,108,-104
108900198,1,149,-148
108900199,163,212,-49
108900200,903,376,527
108900201,236,633,-397
108900203,551,131,420
108900204,656,6,650
108900205,361,18,343
108900206,736,117,619
108900207,419,549,-130
108900208,8,116,-108
108900209,86,182,-96
108900210,114,55,59
108900211,156,667,-511
108900212,79,2155,-2076
108900215,67,138,-71
108900216,126,468,-342
108900217,118,4,114
108900218,39,19,20
108900219,10,11,-1
108900220,44,6,38
108900221,31,85,-54
108900222,235,16,219
108900223,0,94,-94
108900224,14,93,-79
108900225,0,139,-139
108900226,890,34,856
108900227,197,274,-77
108900230,51,145,-94
108900231,12,75,-63
108900232,2,82,-80
108900233,503,165,338
108900234,350,206,144
108900235,93,231,-138
108900236,57,199,-142
108900237,22,52,-30
108900240,155,45,110
108900241,108,21,87
108900245,10,2629,-2619
108900249,86,35,51
108900250,350,131,219
108900257,336,89,247
108900258,8,41,-33
108900259,12,29,-17
108900260,13,6,7
108900261,28,55,-27
108900262,94,79,15
108900263,15,107,-92
108900264,96,143,-47
108900265,283,405,-122
108900266,118,2410,-2292
108900267,0,585,-585
108900268,14,25,-11
108900269,300,18,282
108900270,307,10,297
108900271,128,3,125
108900272,634,5,629
108900273,185,477,-292
108900274,81,24,57
109000001,4587,5559,-972
109000002,770,4125,-3355
109000003,4398,407,3991
109000004,929,1726,-797
109000005,2223,293,1930
109000006,1173,778,395
109000007,3523,487,3036
109000008,1311,835,476
109000009,4661,709,3952
109000010,860,1322,-462
109000011,8431,1667,6764
109000012,1461,1655,-194
109000013,7783,7001,782
109000014,1406,983,423
109000015,4081,17526,-13445
109000016,2548,1088,1460
109000017,5014,978,4036
109000018,1052,1299,-247
109000019,3580,1071,2509
109000020,1369,1022,347
109000023,163,11,152
109000024,2,135,-133
109000025,112,778,-666
109000026,382,297,85
109000027,71,525,-454
109000028,125,33,92
109000029,15,487,-472
109000030,11,242,-231
109000031,634,71,563
109000032,73,218,-145
109000033,921,137,784
109000034,31,48,-17
109000035,11,12,-1
109000036,36,175,-139
109000037,503,4813,-4310
109000038,194,87,107
109000039,1206,788,418
109000040,2351,23584,-21233
109000041,795,3753,-2958
109000042,752,2542,-1790
109000044,707,15,692
109000045,175,155,20
109000046,675,25,650
109000047,121,185,-64
109000048,400,194,206
109000049,202,355,-153
109000050,278,239,39
109000051,147,93,54
109000052,417,447,-30
109000053,606,34,572
109000054,60,166,-106
109000055,608,230,378
109000056,234,182,52
109000057,1925,454,1471
109000058,120,66,54
109000059,52,873,-821
109000060,100,481,-381
109000061,190,2628,-2438
109000062,104,367,-263
109000063,182,40,142
109000064,851,88,763
109000065,551,108,443
109000066,845,47,798
109000067,159,82,77
109000068,594,14,580
109000069,408,11,397
109000070,9,490,-481
109000071,362,53,309
109000072,81,142,-61
109000073,109,36,73
109000074,19,111,-92
109000075,64,154,-90
109000076,39,322,-283
109000077,238,91,147
109000078,170,123,47
109000079,128,39,89
109000080,358,65,293
109000081,235,214,21
109000082,1534,106,1428
109000083,403,175,228
109000088,245,102,143
109000089,453,121,332
109000090,81,128,-47
109000091,972,101,871
109000092,116,68,48
109000093,569,84,485
109000094,1802,21,1781
109000095,218,160,58
109000096,1779,124,1655
109000097,66,44,22
109000098,50,104,-54
109000099,1151,104,1047
109000100,575,274,301
109000101,2696,222,2474
109000102,822,233,589
109000103,1227,238,989
109000104,4393,145,4248
109000105,604,384,220
109000106,2938,271,2667
109000107,631,572,59
109000108,3541,365,3176
109000109,509,538,-29
109000110,1684,323,1361
109000111,582,860,-278
109000112,339,51,288
109000113,347,282,65
109000114,75,284,-209
109000115,659,11,648
109000116,10,276,-266
109000117,430,14,416
109000118,22,165,-143
109000119,3662,72,3590
109000120,835,186,649
109000121,1197,38,1159
109000122,427,186,241
109000123,65,21,44
109000124,1636,203,1433
109000125,1257,235,1022
109000126,527,311,216
109000127,2052,85,1967
109000128,578,262,316
109000129,5571,297,5274
109000130,324,328,-4
109000131,1139,775,364
109000132,317,542,-225
109000133,187,302,-115
109000134,388,416,-28
109000135,351,483,-132
109000136,243,185,58
109000137,363,142,221
109000138,357,80,277
109000139,905,225,680
109000140,136,146,-10
109000141,705,226,479
109000142,135,286,-151
109000143,221,141,80
109000145,117,188,-71
109000146,6,37,-31
109000148,1286,2526,-1240
109000149,36,62,-26
109000150,27,135,-108
109000155,1534,973,561
109000156,638,156,482
109000158,48,160,-112
109000159,129,261,-132
109000160,2470,107,2363
109000161,891,532,359
109000162,2853,187,2666
109000163,1705,507,1198
109000164,1930,894,1036
109000165,2163,324,1839
109000166,1807,74,1733
109000167,174,174,0
109000170,51,18,33
109000171,158,8,150
109000172,8,51,-43
109000173,8,186,-178
109000174,366,16,350
109000175,24,27,-3
109000176,644,83,561
109000177,19,29,-10
109000178,1755,104,1651
109000179,1907,9538,-7631
109000180,2398,4816,-2418
109000181,43,5,38
109000182,36,11,25
109000183,103,5,98
109000184,96,3,93
109000185,16,9,7
109000188,333,1581,-1248
109000189,4889,1814,3075
109000190,1081,287,794
109000191,301,415,-114
109000192,1215,46,1169
109000193,218,41,177
109000194,568,20,548
109000195,339,60,279
109000196,335,35,300
109000197,215,118,97
109000198,381,65,316
109000199,238,93,145
109000206,179,3,176
109000207,360,5,355
109000208,114,128,-14
109000209,281,49,232
109000210,260,175,85
109000211,2890,219,2671
109000214,316,105,211
109000215,189,14,175
109000216,373,482,-109
109000217,90,81,9
109000218,312,282,30
109000221,102,228,-126
109000222,723,91,632
109000223,1026,523,503
109000224,211,50,161
109000225,373,11,362
109000226,113,50,63
109000227,3270,254,3016
109000228,2,314,-312
109000231,5,46,-41
109000232,1563,114,1449
109000236,262,272,-10
109000241,1893,372,1521
109000242,1380,299,1081
109000293,116,110,6
109000361,78,95,-17
109000364,56,297,-241
109000396,3,131,-128
109000397,1141,30,1111
109000399,59,181,-122
109000400,142,74,68
109000403,10,1827,-1817
109000406,1596,5,1591
109000407,130,107,23
109000408,1,193,-192
109000410,1079,180,899
109000411,407,40,367
109900001,204,1,203
109900002,1310,12,1298
109900003,1214,2,1212
109900004,140,72,68
109900005,26,1,25
109900006,1253,72,1181
109900007,2821,132,2689
109900008,0,4,-4
109900009,113,264,-151
109900010,1181,16,1165
109900011,18,29,-11
109900012,578,156,422
109900013,610,93,517
109900014,272,54,218
109900015,162,18,144
109900016,91,7,84
109900017,248,99,149
109900018,178,22,156
109900019,179,39,140
109900020,17,24,-7
109900021,93,9,84
109900022,92,74,18
109900023,29,5,24
109900024,9,3,6
109900025,4,40,-36
109900026,2,41,-39
109900027,35,14,21
109900028,345,4650,-4305
109900029,0,98,-98
109900030,44,1,43
109900031,0,746,-746
109900032,27,93,-66
109900033,0,212,-212
109900034,7,1,6
109900035,271,207,64
109900036,32,142,-110
109900037,5,201,-196
109900038,67,78,-11
109900039,2,0,2
109900040,21,131,-110
109900041,49,111,-62
109900042,26,468,-442
109900044,55,185,-130
109900045,81,10,71
109900046,127,43,84
109900047,140,147,-7
109900048,1,22,-21
109900049,45,8,37
109900050,3,8,-5
109900051,0,1,-1
109900052,107,136,-29
109900053,4,30,-26
109900054,2168,105,2063
109900055,269,89,180
109900056,89,206,-117
109900057,1,37,-36
109900058,0,23,-23
109900059,2689,51,2638
109900060,1524,66,1458
109900061,49,81,-32
109900062,1,71,-70
109900063,8,391,-383
109900064,1087,79,1008
109900065,48,57,-9
109900066,135,237,-102
109900067,3,80,-77
109900068,159,3,156
109900069,2,20,-18
109900070,31,34,-3
109900071,0,8,-8
109900072,8,28,-20
109900073,1109,158,951
109900074,2,10,-8
109900075,38,85,-47
109900076,20,49,-29
109900077,5,27,-22
109900078,88,32,56
109900080,116,61,55
109900081,1,177,-176
109900082,73,67,6
109900083,41,51,-10
109900084,42,123,-81
109900085,53,140,-87
109900086,83,1553,-1470
109900087,27,213,-186
109900089,974,107,867
109900090,108,306,-198
109900091,859,79,780
109900092,292,81,211
109900093,1915,94,1821
109900094,53,36,17
109900095,44,75,-31
109900096,188,3,185
109900097,326,1,325
109900098,954,36,918
109900099,845,3,842
109900100,145,0,145
109900101,1609,3,1606
109900102,750,7,743
109900103,46,85,-39
109900104,2102,104,1998
109900105,962,13,949
109900106,678,17,661
109900107,1115,18,1097
109900108,127,101,26
109900109,18,52,-34
109900110,42,94,-52
109900111,61,242,-181
109900112,99,165,-66
109900113,1155,405,750
109900114,312,1285,-973
109900115,181,63,118
109900117,2690,61,2629
109900118,94,113,-19
109900119,90,185,-95
109900120,64,15,49
109900121,188,81,107
109900122,1589,3,1586
109900123,19,36,-17
109900124,26,98,-72
109900125,0,60,-60
109900126,788,13,775
109900128,630,53,577
109900130,2042,5064,-3022
109900131,8,63,-55
109900132,17,34,-17
109900133,97,92,5
109900134,40,57,-17
109900135,159,12,147
109900136,31,48,-17
109900137,365,81,284
109900140,175,66,109
109900142,4358,152,4206
109900145,7,902,-895
109900146,68,41,27
109900148,25,31,-6
109900149,0,19,-19
109900150,1,10,-9
109900151,0,5,-5
109900152,0,2,-2
109900153,0,27,-27
109900154,11,0,11
109900155,45,47,-2
109900157,54,76,-22
109900158,50,32,18
109900159,71,19,52
109900160,225,18,207
109900161,564,24,540
109900162,238,40,198
109900163,250,63,187
109900164,35,77,-42
109900165,323,0,323
109900166,1,93,-92
109900167,214,265,-51
109900168,105,320,-215
109900169,362,126,236
109900170,308,1960,-1652
109900171,695,98,597
109900172,517,623,-106
109900173,1142,3147,-2005
109900174,38,90,-52
109900175,123,198,-75
109900176,137,58,79
109900177,7,76,-69
109900178,0,99,-99
109900179,3,8,-5
109900180,4,5,-1
110000001,444,220,224
110000002,666,421,245
110000003,535,378,157
110000004,256,385,-129
110000005,191,2912,-2721
110000006,283,213,70
110000007,110,39,71
110000008,23,531,-508
110000009,39,5,34
110000010,93,194,-101
110000011,59,28,31
110000012,185,116,69
110000013,45,809,-764
110000014,502,382,120
110000015,144,724,-580
110000016,333,1797,-1464
110000017,1881,200,1681
110000018,1722,361,1361
110000019,22,53,-31
110000020,886,472,414
110000021,120,113,7
110000022,2339,117,2222
110000023,6,58,-52
110000024,365,73,292
110000025,2409,3,2406
110000026,0,120,-120
110000027,626,1353,-727
110000028,1498,223,1275
110000029,304,224,80
110000030,578,516,62
110000031,264,198,66
110000032,1502,87,1415
110000033,107,142,-35
110000034,1544,307,1237
110000035,548,269,279
110000036,2477,351,2126
110000037,213,169,44
110000038,424,1149,-725
110000039,1073,10659,-9586
110000040,352,292,60
110000041,363,3739,-3376
110000042,42,317,-275
110000043,860,452,408
110000044,17,284,-267
110000045,73,108,-35
110000046,2,125,-123
110000047,4,36,-32
110000048,2,126,-124
110000049,8,13,-5
110000050,4,127,-123
110000051,7,30,-23
110000052,45,23,22
110000053,19,13,6
110000054,71,402,-331
110000055,115,59,56
110000056,62,65,-3
110000057,196,227,-31
110000058,1095,298,797
110000059,654,285,369
110000060,1537,577,960
110000061,312,294,18
110000062,608,497,111
110000063,81,545,-464
110000064,57,27,30
110000065,225,314,-89
110000066,146,9,137
110000067,46,69,-23
110000068,439,51,388
110000069,1392,6,1386
110000071,1612,11,1601
110000073,84,2,82
110000075,54,18,36
110000076,580,934,-354
110000077,226,2341,-2115
110000078,189,4,185
110000080,159,294,-135
110000081,25,218,-193
110000082,7,252,-245
110000083,275,228,47
110000084,1677,950,727
110000085,611,639,-28
110000086,525,2190,-1665
110000087,45,39,6
110000088,170,195,-25
110000089,614,36,578
110000090,133,148,-15
110000091,545,123,422
110000092,32,35,-3
110000093,70,17,53
110000094,450,119,331
110000095,91,650,-559
110000096,785,3359,-2574
110000097,722,1898,-1176
110000098,1929,432,1497
110000099,1382,1415,-33
110000100,3101,93,3008
110000101,342,103,239
110000102,70,29,41
110000104,396,151,245
110000105,32,108,-76
110000106,323,513,-190
110000107,138,119,19
110000108,139,221,-82
110000109,110,141,-31
110000110,1457,3393,-1936
110000111,2368,2898,-530
110000112,154,1204,-1050
110000113,62,3822,-3760
110000114,983,929,54
110000115,1216,121,1095
110000116,137,48,89
110000117,1081,146,935
110000118,1291,99,1192
110000119,1172,94,1078
110000120,474,84,390
110000121,97,663,-566
110000122,161,142,19
110000123,648,205,443
110000124,0,385,-385
110000125,793,7,786
110000126,183,53,130
110000127,1201,39,1162
110000128,23,432,-409
110000129,0,141,-141
110000130,262,175,87
110000131,39,63,-24
110000132,0,173,-173
110000133,11,409,-398
110000134,31,360,-329
110000135,218,21,197
110000136,73,84,-11
110000137,995,161,834
110000138,1628,234,1394
110000139,2179,207,1972
110000140,671,411,260
110000143,348,405,-57
110000144,1340,1275,65
110000145,1710,1143,567
110000146,1053,669,384
110000147,237,843,-606
110000148,1031,193,838
110000151,553,991,-438
110000152,237,448,-211
110000153,1025,35,990
110000154,53,107,-54
110000155,535,1085,-550
110000156,717,698,19
110000157,729,2169,-1440
110000160,292,176,116
110000161,173,92,81
110000166,1624,72,1552
110000167,2787,901,1886
110000168,581,1331,-750
110000169,827,309,518
110000170,317,107,210
110000171,626,46,580
110000172,383,302,81
110000173,421,344,77
110000174,111,200,-89
110000175,2112,124,1988
110000176,21,1113,-1092
110000177,270,2774,-2504
110000178,416,4893,-4477
110000179,589,419,170
110000180,663,300,363
110000181,1963,246,1717
110000182,176,78,98
110000183,3847,9147,-5300
110000184,198,4571,-4373
110000185,444,669,-225
110000186,421,1762,-1341
110000191,1821,85,1736
110000192,1498,28,1470
110000193,2040,7,2033
110000194,1,264,-263
110000195,907,76,831
110000196,1029,89,940
110000197,196,37,159
110000198,62,25,37
110000199,99,123,-24
110000200,398,314,84
110000201,1288,1143,145
110000202,1418,375,1043
110000203,297,218,79
110000204,5,94,-89
110000205,641,42,599
110000206,311,298,13
110000207,2526,120,2406
110000208,198,346,-148
110000209,16,193,-177
110000210,1948,324,1624
110000211,1096,391,705
110000212,604,1943,-1339
110000213,613,23,590
110000214,854,40,814
110000215,159,99,60
110000216,247,62,185
110000217,939,74,865
110000218,469,79,390
110000219,702,31,671
110000220,38,41,-3
110000221,729,23,706
110000222,96,95,1
110000223,44,80,-36
110000224,2,3,-1
110000225,175,521,-346
110000226,446,23,423
110000227,442,860,-418
110000228,366,56,310
110000229,0,93,-93
110000230,718,368,350
110000231,431,875,-444
110000232,172,62,110
110000233,147,187,-40
110000234,341,225,116
110000235,534,829,-295
110000236,919,273,646
110000237,2906,1089,1817
110000238,1013,564,449
110000239,2303,471,1832
110000240,0,33,-33
110000242,0,17,-17
110000243,401,69,332
110000244,89,103,-14
110000245,15,169,-154
110000246,2104,245,1859
110000247,1267,1514,-247
110000248,1041,793,248
110000249,262,11,251
110000250,7,81,-74
110000251,584,173,411
110000252,896,45,851
110000253,3054,324,2730
110000254,1273,287,986
110000255,257,333,-76
110000256,630,153,477
110000257,254,116,138
110000258,6,177,-171
110000259,717,21,696
110000260,135,82,53
110000263,1073,45,1028
110000264,1183,153,1030
110000265,1312,1334,-22
110000266,822,1366,-544
110000267,59,44,15
110000268,289,128,161
110000269,8,16,-8
110000270,162,0,162
110000271,1215,178,1037
110000272,774,719,55
110000273,861,458,403
110000274,244,5171,-4927
110000275,1263,820,443
110000276,264,1490,-1226
110000277,516,243,273
110000278,506,412,94
110000279,979,326,653
110000280,1075,267,808
110000281,94,86,8
110000282,131,14,117
110000283,8,55,-47
110000284,19,8,11
110000285,0,148,-148
110000286,22,0,22
110000287,165,0,165
110000288,1,48,-47
110000289,375,3575,-3200
110000290,188,1254,-1066
110000291,1863,812,1051
110000292,689,12297,-11608
110000293,627,268,359
110000294,2301,3214,-913
110000295,194,333,-139
110000296,1181,227,954
110000297,4084,157,3927
110000298,91,243,-152
110000299,159,37,122
110000301,465,28,437
110000302,877,533,344
110000303,1005,26,979
110000304,437,118,319
110000305,2083,49,2034
110000306,696,604,92
110000307,5107,22,5085
110000308,970,4,966
110000309,3,347,-344
110000310,1528,37,1491
110000311,2,258,-256
110000312,751,69,682
110000313,3376,1475,1901
110000314,1,67,-66
110000315,1106,926,180
110000316,301,694,-393
110000317,137,189,-52
110000318,0,26,-26
110000319,27,19,8
110000320,7,26,-19
110000321,94,75,19
110000322,168,203,-35
110000323,1318,103,1215
110000324,1710,998,712
110000325,1390,6820,-5430
110000327,466,141,325
110000328,38,193,-155
110000333,1447,2134,-687
110000334,353,1011,-658
110000335,903,283,620
110000336,435,859,-424
110000337,2628,552,2076
110000338,457,157,300
110000339,922,132,790
110000340,48,74,-26
110000341,897,203,694
110000342,95,2,93
110000343,0,3,-3
110000344,25,76,-51
110000345,105,95,10
110000346,1077,1753,-676
110000347,1182,335,847
110000348,31,10,21
110000349,11,2,9
110000350,142,0,142
110000351,2078,295,1783
110000352,576,2290,-1714
110000353,2242,280,1962
110000354,771,5668,-4897
110000355,490,41,449
110000356,180,19,161
110000357,1368,5,1363
110000361,242,7,235
110000362,409,37,372
110000363,1262,45,1217
110000364,508,80,428
110000365,160,24,136
110000366,0,92,-92
110000367,820,43,777
110000368,5,61,-56
110000369,91,0,91
110000373,4,320,-316
110000374,135,49,86
110000375,107,1007,-900
110000376,14,25,-11
110000377,101,195,-94
110000378,12,375,-363
110000379,1160,3464,-2304
110000380,304,4,300
110000383,1,444,-443
110000384,1036,138,898
110000385,0,49,-49
110000387,469,2,467
110000388,94,112,-18
110000389,747,1,746
110000391,1451,171,1280
110000396,453,15,438
110000397,104,43,61
110000398,3,13,-10
110000399,268,2,266
110000587,379,32,347
110000589,342,21,321
110000640,248,9,239
110000652,22,234,-212
110000653,512,141,371
110000654,5,221,-216
110000656,0,128,-128
110000674,95,13,82
110000675,7,38,-31
110000676,0,32,-32
110000679,85,1187,-1102
110000682,213,282,-69
110000683,260,137,123
110000684,0,6,-6
110000685,6,33,-27
110000686,1,171,-170
110000687,6,3,3
110000688,43,1584,-1541
110000689,55,2,53
110000692,8,55,-47
110000693,19,390,-371
110000694,0,97,-97
110000695,74,351,-277
110000696,49,11,38
110900001,560,58,502
110900002,392,114,278
110900003,3254,108,3146
110900004,1177,36,1141
110900005,795,9161,-8366
110900006,146,156,-10
110900007,503,320,183
110900008,4,9,-5
110900009,349,1246,-897
110900010,0,10,-10
110900011,6,28,-22
110900012,1,32,-31
110900013,1781,61,1720
110900014,474,2,472
110900015,177,442,-265
110900016,155,47,108
110900017,1019,20,999
110900018,674,19,655
110900019,1042,28,1014
110900020,553,46,507
110900021,164,154,10
110900022,49,52,-3
110900023,40,81,-41
110900024,247,77,170
110900025,8,47,-39
110900027,35,37,-2
110900028,6,45,-39
110900029,13,55,-42
110900030,31,36,-5
110900031,3,78,-75
110900032,0,23,-23
110900033,4,105,-101
110900035,29,546,-517
110900036,212,5,207
110900037,280,2,278
110900038,245,232,13
110900039,3,201,-198
110900040,408,2,406
110900041,2,35,-33
110900042,154,85,69
110900043,3,28,-25
110900044,71,14,57
110900045,229,139,90
110900046,10,73,-63
110900047,107,902,-795
110900049,252,59,193
110900050,112,0,112
110900051,49,41,8
110900052,1,43,-42
110900053,454,19,435
110900054,25,87,-62
110900055,19,0,19
110900056,11,76,-65
110900057,4,39,-35
110900058,730,81,649
110900059,229,129,100
110900060,412,77,335
110900061,4,32,-28
110900062,311,96,215
110900063,20,69,-49
110900064,6,0,6
110900065,30,59,-29
110900066,5,46,-41
110900067,121,823,-702
110900068,183,73,110
110900069,6,4,2
110900070,39,25,14
110900071,133,2447,-2314
110900073,0,3,-3
110900074,1312,92,1220
110900075,1067,70,997
110900077,2789,334,2455
110900078,460,25,435
110900079,749,545,204
110900080,322,56,266
110900081,17,12,5
110900082,323,48,275
110900083,205,15,190
110900084,327,16,311
110900085,11,48,-37
110900086,64,287,-223
110900087,678,45,633
110900088,2,0,2
110900090,87,228,-141
110900091,0,17,-17
110900093,448,44,404
110900095,79,24,55
110900097,50,5,45
110900098,33,14,19
110900099,26,85,-59
110900100,0,3,-3
110900102,106,31,75
110900105,383,64,319
110900108,49,9,40
110900111,155,42,113
110900112,541,1,540
110900113,265,146,119
110900115,2,20,-18
110900116,3017,620,2397
110900118,55,5980,-5925
110900119,924,96,828
110900120,399,66,333
110900121,88,1,87
110900122,683,147,536
110900125,403,1526,-1123
110900127,150,1187,-1037
110900128,29,122,-93
110900129,126,1111,-985
110900130,167,218,-51
110900131,658,20,638
110900132,897,35,862
110900133,53,47,6
110900135,33,89,-56
110900136,515,12,503
110900137,0,0,0
110900138,223,341,-118
110900139,0,35,-35
110900140,2,4,-2
110900141,0,47,-47
110900142,51,32,19
110900143,594,24,570
110900144,0,115,-115
110900145,372,163,209
110900146,112,598,-486
110900147,33,216,-183
110900148,1,42,-41
110900149,6,15,-9
110900150,53,8,45
110900151,2,43,-41
110900152,25,36,-11
110900153,270,22,248
111000001,1661,692,969
111000002,588,493,95
111000003,3616,1360,2256
111000004,741,825,-84
111000005,1141,2002,-861
111000006,755,1995,-1240
111000007,4013,7397,-3384
111000008,3079,5346,-2267
111000009,266,727,-461
111000010,2042,546,1496
111000011,167,800,-633
111000012,496,532,-36
111000013,545,1125,-580
111000014,2862,409,2453
111000017,13,734,-721
111000018,68,289,-221
111000020,257,751,-494
111000021,28,79,-51
111000023,99,123,-24
111000025,2024,5126,-3102
111000029,83,36,47
111000030,30,23,7
111000031,1425,451,974
111000032,621,111,510
111000033,332,23,309
111000034,103,103,0
111000037,806,275,531
111000038,1285,1040,245
111000039,1608,818,790
111000040,1141,667,474
111000041,172,338,-166
111000042,1435,2076,-641
111000043,1877,7851,-5974
111000044,2260,354,1906
111000045,4259,1019,3240
111000046,3679,862,2817
111000047,3304,7894,-4590
111000049,245,229,16
111000050,751,326,425
111000051,539,436,103
111000052,519,1011,-492
111000053,219,263,-44
111000054,200,435,-235
111000055,693,778,-85
111000056,193,185,8
111000057,176,166,10
111000058,1425,37,1388
111000059,991,297,694
111000060,7505,1020,6485
111000061,1215,263,952
111000062,1476,494,982
111000063,1413,1206,207
111000064,1303,302,1001
111000065,1642,387,1255
111000066,1291,190,1101
111000067,2091,199,1892
111000068,1266,198,1068
111000069,1131,1321,-190
111000070,567,311,256
111000071,155,144,11
111000072,2262,828,1434
111000073,207,1914,-1707
111000074,1729,1095,634
111000075,782,219,563
111000076,1068,292,776
111000077,1164,499,665
111000078,1526,263,1263
111000079,870,537,333
111000080,713,362,351
111000081,1148,8130,-6982
111000082,1338,180,1158
111000084,977,206,771
111000085,1099,713,386
111000086,1426,698,728
111000087,722,311,411
111000088,2738,6236,-3498
111000089,814,430,384
111000090,423,530,-107
111000091,618,171,447
111000092,2939,566,2373
111000093,1398,1270,128
111000094,2153,1109,1044
111000095,1330,3351,-2021
111000096,697,9229,-8532
111000097,1761,563,1198
111000098,139,427,-288
111000099,375,730,-355
111000100,586,542,44
111000101,253,332,-79
111000102,403,176,227
111000104,1590,73,1517
111000107,107,184,-77
111000109,1379,146,1233
111000110,1817,427,1390
111000111,5643,97,5546
111000112,3334,280,3054
111000113,693,3516,-2823
111000114,1084,8040,-6956
111000115,2298,687,1611
111000116,694,471,223
111000117,224,638,-414
111000118,806,652,154
111000119,2406,407,1999
111000120,912,643,269
111000121,319,841,-522
111000122,294,391,-97
111000123,822,748,74
111000124,273,1103,-830
111000125,316,437,-121
111000126,113,264,-151
111000127,2130,64,2066
111000128,4851,241,4610
111000129,5179,247,4932
111000130,4903,178,4725
111000131,4364,251,4113
111000132,3286,2929,357
111000133,152,18,134
111000134,110,8,102
111000135,137,122,15
111000136,459,137,322
111000138,111,3,108
111000140,9,3,6
111000141,145,318,-173
111000142,1,69,-68
111000143,21,142,-121
111000144,2,226,-224
111000145,48,2,46
111000146,182,2,180
111000147,97,12,85
111000148,155,81,74
111000149,9,15,-6
111000150,260,4,256
111000151,2,29,-27
111000153,337,184,153
111000154,348,86,262
111000155,230,66,164
111000156,660,202,458
111000157,400,288,112
111000158,1566,418,1148
111000159,1960,680,1280
111000160,639,89,550
111000161,3,223,-220
111000162,8,45,-37
111000163,1268,797,471
111000164,318,2592,-2274
111000165,466,106,360
111000166,262,72,190
111000167,47,170,-123
111000168,144,184,-40
111000169,322,152,170
111000170,198,115,83
111000171,221,227,-6
111000172,124,175,-51
111000173,280,330,-50
111000174,567,96,471
111000175,50,148,-98
111000176,1405,30,1375
111000177,2461,134,2327
111000178,2992,132,2860
111000179,533,36,497
111000180,289,169,120
111000181,2964,80,2884
111000182,337,110,227
111000183,276,286,-10
111000184,446,86,360
111000185,299,181,118
111000186,187,270,-83
111000187,284,89,195
111000188,484,188,296
111000189,176,120,56
111000190,230,103,127
111000191,285,139,146
111000192,86,220,-134
111000193,177,92,85
111000194,70,133,-63
111000195,102,142,-40
111000196,88,51,37
111000197,1412,58,1354
111000198,936,51,885
111000199,705,491,214
111000200,1208,893,315
111000201,1593,55,1538
111000202,738,97,641
111000203,601,299,302
111000204,228,2473,-2245
111000213,298,152,146
111000214,1060,501,559
111000215,1160,558,602
111000217,2546,329,2217
111000218,2947,457,2490
111000219,250,77,173
111000220,635,520,115
111000221,129,134,-5
111000224,17,135,-118
111000225,465,324,141
111000226,64,9,55
111000227,11,0,11
111000228,4,904,-900
111000229,28,2121,-2093
111000230,140,77,63
111000231,744,158,586
111000232,1345,339,1006
111000233,3162,292,2870
111000234,338,667,-329
111000239,69,31,38
111000240,50,718,-668
111000241,100,97,3
111000242,453,55,398
111000243,407,143,264
111000244,1874,90,1784
111000245,609,108,501
111000246,949,94,855
111000247,1068,148,920
111000248,878,87,791
111000249,450,93,357
111000250,71,10,61
111000251,113,41,72
111000253,30,4,26
111000255,70,4,66
111000257,69,11,58
111000260,65,367,-302
111000261,3081,71,3010
111000271,31,141,-110
111000273,1996,745,1251
111000274,1175,3488,-2313
111000275,186,12,174
111000276,93,448,-355
111000277,201,141,60
111000278,318,92,226
111000291,1483,20150,-18667
111000298,633,148,485
111000299,1004,80,924
111000300,47,194,-147
111000302,510,14,496
111000303,105,69,36
111000312,89,31,58
111000315,9,86,-77
111000320,329,121,208
111000321,594,172,422
111000322,967,109,858
111000323,556,54,502
111000324,164,53,111
111000325,22,20,2
111000326,185,150,35
111000327,291,213,78
111000328,491,501,-10
111000329,0,17,-17
111000330,297,7,290
111000331,114,1,113
111000332,392,506,-114
111000334,118,452,-334
111000335,2154,203,1951
111000337,3769,146,3623
111000338,245,27,218
111000339,1635,96,1539
111000340,94,490,-396
111000341,2713,2156,557
111000342,40,352,-312
111000344,1537,319,1218
111000345,108,82,26
111000346,25,107,-82
111000347,368,9,359
111000350,194,77,117
111000351,183,296,-113
111000352,225,76,149
111000353,159,124,35
111000354,810,78,732
111000355,391,231,160
111000358,114,326,-212
111000360,248,110,138
111000361,318,102,216
111000546,1988,217,1771
111000547,875,161,714
111000548,380,178,202
111000549,407,41,366
111000550,15,1860,-1845
111000551,175,22,153
111000552,497,139,358
111000907,3400,23,3377
111000908,138,6,132
111000916,4779,192,4587
111000917,83,291,-208
111000918,220,211,9
111000920,1705,8,1697
111000921,1,26,-25
111000922,1990,95,1895
111000924,22,119,-97
111000925,6009,2416,3593
111000926,1234,867,367
111000927,1968,5454,-3486
111000928,2772,1181,1591
111000929,2191,447,1744
111000930,1333,1047,286
111000931,2105,894,1211
111000932,1612,732,880
111000933,2727,3250,-523
111000934,813,853,-40
111000935,4027,1198,2829
111000936,1239,708,531
111000937,1727,1198,529
111000938,653,522,131
111000939,1510,19,1491
111000940,2061,43,2018
111000941,738,118,620
111000943,989,86,903
111000944,117,78,39
111000945,266,364,-98
111001109,727,1297,-570
111001110,113,160,-47
111001111,389,6,383
111001112,103,0,103
111001113,1,257,-256
111001114,682,101,581
111001115,7,632,-625
111001116,1617,9272,-7655
111001117,196,4622,-4426
111001120,126,102,24
111001121,142,61,81
111001122,409,61,348
111001123,667,65,602
111001124,156,56,100
111001125,2,539,-537
111900001,77,14,63
111900002,265,76,189
111900003,4,96,-92
111900004,12,34,-22
111900006,103,188,-85
111900007,722,5,717
111900008,887,2,885
111900009,744,19,725
111900010,37,128,-91
111900012,45,30,15
111900013,101,1,100
111900014,1232,10271,-9039
111900015,0,9,-9
111900016,0,32,-32
111900017,0,25,-25
111900018,246,7,239
111900019,1,87,-86
111900020,1,8,-7
111900021,7,17,-10
111900022,9,17,-8
111900023,18,31,-13
111900024,20,76,-56
111900025,0,11,-11
111900026,0,26,-26
111900027,0,36,-36
111900028,1,44,-43
111900029,0,11,-11
111900030,8,178,-170
111900031,50,74,-24
111900032,0,48,-48
111900033,5,11,-6
111900034,31,188,-157
111900035,89,298,-209
111900036,0,58,-58
111900038,24,148,-124
111900039,11,91,-80
111900040,0,129,-129
111900042,5,8,-3
111900043,0,97,-97
111900044,29,74,-45
111900046,3,67,-64
111900048,798,208,590
111900049,3,65,-62
111900050,371,15,356
111900051,0,83,-83
111900052,79,76,3
111900053,368,3913,-3545
111900054,704,0,704
111900055,2,59,-57
111900056,84,427,-343
111900057,291,3,288
111900058,1560,281,1279
111900059,800,1491,-691
111900060,397,1,396
111900061,1,49,-48
111900062,73,98,-25
111900063,493,57,436
111900064,19,52,-33
111900065,352,24,328
111900066,199,120,79
111900067,0,91,-91
111900068,34,117,-83
111900069,89,16,73
111900070,395,39,356
111900071,0,48,-48
111900072,50,98,-48
111900073,2274,268,2006
111900074,0,69,-69
111900075,61,8,53
111900076,846,119,727
111900077,39,0,39
111900078,920,75,845
111900079,23,85,-62
111900080,110,74,36
111900082,349,66,283
111900083,567,86,481
111900084,310,14,296
111900085,33,41,-8
111900086,291,14,277
111900087,257,0,257
111900088,1508,66,1442
111900089,189,4,185
111900090,58,194,-136
111900091,1491,26,1465
111900092,320,0,320
111900093,1002,27,975
111900094,220,0,220
111900095,760,58,702
111900096,311,2,309
111900097,166,0,166
111900098,987,31,956
111900099,105,0,105
111900100,260,9,251
111900101,613,15,598
111900102,1516,631,885
111900103,41,84,-43
111900104,134,11,123
111900105,160,296,-136
111900106,188,18,170
111900110,1385,104,1281
111900111,561,18,543
111900112,146,7798,-7652
111900113,138,78,60
111900118,1047,106,941
111900119,209,114,95
111900122,15,33,-18
111900123,5,21,-16
111900124,24,18,6
111900125,1243,129,1114
111900126,1339,5,1334
111900127,0,107,-107
111900128,8,120,-112
111900129,599,3,596
111900130,219,40,179
111900131,1268,1,1267
111900132,4,248,-244
111900133,5,84,-79
111900134,2,76,-74
111900135,3,14,-11
111900136,17,51,-34
111900137,20,16,4
111900138,12,32,-20
111900139,6,29,-23
111900140,173,18,155
111900141,116,2,114
111900142,92,1,91
111900143,215,63,152
111900144,1,24,-23
111900145,0,120,-120
111900146,0,91,-91
111900147,33,164,-131
111900148,11,213,-202
111900149,4,86,-82
111900150,8,38,-30
111900151,0,23,-23
111900152,61,41,20
111900153,290,610,-320
111900154,36,1357,-1321
111900155,78,308,-230
111900156,60,37,23
111900157,263,16,247
111900158,961,104,857
111900159,1011,159,852
111900160,753,9,744
111900161,743,3,740
111900162,113,654,-541
111900163,0,51,-51
111900164,269,48,221
111901113,1815,63,1752
111901114,594,139,455
111901115,505,0,505
111901116,76,1,75
111901117,33,137,-104
111901118,23,1114,-1091
111901119,180,10,170
111901121,14,49,-35
111901122,6,92,-86
111901123,906,51,855
111901124,584,7,577
111901125,1858,198,1660
111901127,314,2859,-2545
111901128,4,28,-24
111901129,0,42,-42
111901130,0,67,-67
111901131,0,84,-84
111901132,118,29,89
111901133,297,2,295
111901134,463,1,462
111901135,65,3,62
111901136,82,18,64
111901137,1,23,-22
111901138,5,14,-9
111901139,3,20,-17
111901140,3,33,-30
111901141,4,52,-48
111901142,0,32,-32
111901143,0,54,-54
111901144,35,30,5
111901145,45,315,-270
111901146,37,1,36
112000001,3612,775,2837
112000002,868,2028,-1160
112000003,6314,875,5439
112000004,1625,175,1450
112000005,5220,4752,468
112000006,667,342,325
112000007,5708,3489,2219
112000008,4320,4291,29
112000009,2796,867,1929
112000010,4744,4716,28
112000011,1518,773,745
112000012,3449,4474,-1025
112000013,1044,1453,-409
112000014,663,3390,-2727
112000015,1071,2800,-1729
112000016,2005,3035,-1030
112000017,384,4172,-3788
112000024,379,119,260
112000026,1938,938,1000
112000027,768,459,309
112000028,421,736,-315
112000029,827,789,38
112000030,122,23,99
112000031,970,3703,-2733
112000032,110,13,97
112000033,1495,4381,-2886
112000034,84,21,63
112000035,28,586,-558
112000036,154,1326,-1172
112000037,504,526,-22
112000038,912,839,73
112000039,165,32,133
112000040,18,108,-90
112000041,182,259,-77
112000042,467,87,380
112000050,1251,617,634
112000051,1141,2339,-1198
112000054,1052,1032,20
112000057,604,83,521
112000058,123,150,-27
112000059,468,350,118
112000061,2046,410,1636
112000062,463,1132,-669
112000063,236,3667,-3431
112000064,1567,1402,165
112000065,579,834,-255
112000066,3204,1099,2105
112000067,327,218,109
112000068,3395,1802,1593
112000069,372,1054,-682
112000070,1508,626,882
112000071,1105,1259,-154
112000072,4267,657,3610
112000073,1082,1735,-653
112000074,1082,1070,12
112000075,1451,1349,102
112000076,2821,1568,1253
112000077,1328,365,963
112000078,2769,378,2391
112000079,2504,1033,1471
112000080,1203,537,666
112000081,753,912,-159
112000082,1448,265,1183
112000083,1053,474,579
112000084,1362,305,1057
112000085,1641,225,1416
112000086,3082,414,2668
112000087,1144,116,1028
112000088,1359,156,1203
112000089,360,197,163
112000090,201,159,42
112000091,565,245,320
112000092,3010,469,2541
112000093,1331,298,1033
112000094,809,299,510
112000095,904,224,680
112000096,1089,356,733
112000097,4505,387,4118
112000098,296,263,33
112000099,1125,2510,-1385
112000100,3745,348,3397
112000101,646,160,486
112000102,2984,268,2716
112000103,594,268,326
112000105,526,293,233
112000106,4351,230,4121
112000107,195,56,139
112000108,1295,473,822
112000109,425,45,380
112000110,3462,543,2919
112000111,470,955,-485
112000112,2969,216,2753
112000113,915,566,349
112000114,3879,517,3362
112000115,422,188,234
112000116,952,256,696
112000117,1417,384,1033
112000118,360,418,-58
112000119,402,258,144
112000120,35,112,-77
112000121,436,144,292
112000122,1027,45,982
112000123,1442,51,1391
112000124,829,67,762
112000125,569,270,299
112000126,1498,144,1354
112000127,2156,2005,151
112000128,624,504,120
112000129,173,34,139
112000130,633,75,558
112000131,41,53,-12
112000132,344,81,263
112000133,955,46,909
112000134,808,178,630
112000135,1637,613,1024
112000136,1023,862,161
112000137,2150,798,1352
112000138,1441,303,1138
112000139,581,454,127
112000140,92,293,-201
112000141,1632,216,1416
112000142,140,271,-131
112000143,2238,109,2129
112000144,315,591,-276
112000145,4422,371,4051
112000146,655,452,203
112000147,2915,1128,1787
112000148,573,444,129
112000149,619,253,366
112000150,901,149,752
112000151,395,111,284
112000152,1282,144,1138
112000153,163,89,74
112000154,206,820,-614
112000155,143,66,77
112000157,298,818,-520
112000158,391,112,279
112000159,2249,190,2059
112000167,399,272,127
112000169,147,989,-842
112000173,2107,108,1999
112000175,1077,180,897
112000176,571,986,-415
112000177,1714,488,1226
112000178,18,110,-92
112000179,514,232,282
112000180,603,114,489
112000181,789,400,389
112000182,2984,250,2734
112000183,35,6,29
112000184,560,175,385
112000185,1907,122,1785
112000187,3898,2408,1490
112000195,398,5,393
112000196,144,2,142
112000197,96,116,-20
112000198,33,84,-51
112000199,448,326,122
112000202,1755,3,1752
112000216,32,144,-112
112000230,288,1,287
112000231,2,39,-37
112000256,93,440,-347
112000313,58,23,35
112000314,56,87,-31
112000337,412,507,-95
112000352,126,215,-89
112000392,1770,465,1305
112000398,2799,472,2327
112000399,1024,5859,-4835
112000400,767,662,105
112000401,821,825,-4
112000402,4516,4187,329
112000403,1386,7486,-6100
112000404,2137,999,1138
112000405,4160,2097,2063
112000406,1700,783,917
112000407,10915,7132,3783
112000408,3107,1120,1987
112000409,1035,860,175
112000410,186,226,-40
112000411,1072,1842,-770
112000412,191,179,12
112000413,2506,8759,-6253
112000414,262,38,224
112000415,169,9,160
112000416,5450,578,4872
112000417,326,83,243
112000421,178,41,137
112000422,333,125,208
112000424,750,4497,-3747
112000425,439,312,127
112000426,675,459,216
112000427,0,6,-6
112000428,473,179,294
112000429,1618,1092,526
112000430,2160,2809,-649
112000431,179,206,-27
112000432,633,529,104
112000433,128,319,-191
112000437,99,49,50
112900001,35,1,34
112900002,1259,161,1098
112900003,68,60,8
112900004,112,85,27
112900005,493,28,465
112900006,6,62,-56
112900007,87,31,56
112900008,0,31,-31
112900009,551,209,342
112900010,630,198,432
112900011,28,94,-66
112900012,1,11,-10
112900013,2,258,-256
112900014,9,41,-32
112900015,28,142,-114
112900016,4,22,-18
112900017,17,122,-105
112900018,3,91,-88
112900019,16,66,-50
112900020,214,279,-65
112900021,0,56,-56
112900022,14,27,-13
112900023,0,39,-39
112900024,6,43,-37
112900025,109,80,29
112900026,1,40,-39
112900027,1,191,-190
112900028,27,27,0
112900029,13,68,-55
112900030,30,27,3
112900031,0,126,-126
112900032,215,72,143
112900034,2,27,-25
112900035,0,49,-49
112900036,7,35,-28
112900037,149,178,-29
112900038,1402,28,1374
112900039,4,139,-135
112900040,0,232,-232
112900041,288,912,-624
112900042,46,79,-33
112900043,53,34,19
112900044,111,87,24
112900045,101,110,-9
112900046,22,35,-13
112900047,3,12,-9
112900049,763,22,741
112900050,11,183,-172
112900051,87,97,-10
112900052,6,229,-223
112900053,64,97,-33
112900054,83,90,-7
112900055,36,11,25
112900056,166,110,56
112900057,71,171,-100
112900058,299,495,-196
112900059,144,109,35
112900060,66,33,33
112900061,28,42,-14
112900062,79,24,55
112900063,12,35,-23
112900064,24,28,-4
112900065,39,11,28
112900066,210,327,-117
112900067,233,20,213
112900068,47,125,-78
112900069,607,1390,-783
112900071,38,33,5
112900072,23,6961,-6938
112900073,503,311,192
112900074,179,461,-282
112900075,414,2384,-1970
112900076,6,19,-13
112900078,203,764,-561
112900079,226,13,213
112900080,389,7,382
112900081,66,735,-669
112900082,692,23,669
112900083,279,251,28
112900084,449,431,18
112900086,296,0,296
112900087,2592,178,2414
112900088,518,16,502
112900089,1077,20,1057
112900090,149,103,46
112900091,564,11,553
112900092,17,891,-874
112900093,1250,29,1221
112900095,289,0,289
112900096,882,176,706
112900097,63,48,15
112900098,168,1,167
112900099,1974,19,1955
112900100,171,1,170
112900101,544,2,542
112900102,115,78,37
112900103,440,9,431
112900104,311,3,308
112900105,69,0,69
112900106,746,103,643
112900107,20,2,18
112900108,0,4,-4
112900109,301,0,301
112900110,2270,12,2258
112900111,1274,7,1267
112900112,546,0,546
112900113,0,4,-4
112900114,743,4,739
112900115,3545,12,3533
112900116,196,10,186
112900117,58,16,42
112900118,3,24,-21
112900119,423,8,415
112900120,218,163,55
112900121,42,34,8
112900122,5,48,-43
112900123,283,35,248
112900124,2,11,-9
112900125,2,136,-134
112900126,18,58,-40
112900127,810,49,761
112900128,18,161,-143
112900129,0,284,-284
112900130,245,54,191
112900131,2,90,-88
112900132,53,212,-159
112900133,18,417,-399
112900134,1,162,-161
112900135,81,46,35
112900137,0,195,-195
112900138,2,107,-105
112900139,31,305,-274
112900141,1114,98,1016
112900142,50,318,-268
112900143,2,203,-201
112900144,3,744,-741
112900145,3,171,-168
112900146,2,167,-165
112900147,1,228,-227
112900148,11,2,9
112900149,275,166,109
112900151,1,26,-25
112900152,1680,103,1577
112900153,179,4703,-4524
112900154,0,39,-39
112900155,106,19,87
112900156,1204,219,985
112900157,951,19,932
112900158,105,2,103
112900159,187,441,-254
112900160,14,108,-94
112900161,216,15,201
112900162,1,16,-15
112900163,3,74,-71
112900164,15,139,-124
112900165,13,14,-1
112900166,29,59,-30
112900167,6,260,-254
112900168,8,0,8
112900169,2,4,-2
112900170,198,13,185
112900172,19,31,-12
112900173,112,53,59
112900174,345,37,308
112900175,80,229,-149
112900176,32,99,-67
112900177,313,77,236
112900178,297,4089,-3792
112900179,10,185,-175
112900180,2551,695,1856
112900181,1670,6,1664
112900182,62,202,-140
112900183,18,96,-78
112900184,156,177,-21
112900185,33,221,-188
112900186,590,559,31
112900187,18,249,-231
112900188,445,1678,-1233
112900189,20,0,20
112900190,1,0,1
112900192,464,399,65
112900193,889,217,672
112900194,104,2,102
112900195,808,36,772
112900196,269,149,120
112900197,68,199,-131
112900199,1125,129,996
112900200,606,48,558
112900201,221,148,73
112900202,747,330,417
112900203,422,87,335
112900204,197,198,-1
112900205,16,2,14
112900206,36,8,28
112900207,4,0,4
112900208,45,746,-701
112900209,55,69,-14
112900210,4,22,-18
112900211,132,3,129
112900212,2,10,-8
112900213,63,5,58
112900214,3,10,-7
112900215,5,16,-11
112900216,25,9,16
112900217,1,15,-14
112900218,92,13,79
112900219,254,2,252
112900220,1,0,1
112900221,42,50,-8
112900222,0,84,-84
112900223,1066,34,1032
112900224,1680,124,1556
112900225,982,124,858
112900226,59,109,-50
112900227,1671,164,1507
112900228,115,19,96
112900229,644,12,632
112900230,5759,2552,3207
112900232,278,335,-57
112900233,120,38,82
112900234,109,0,109
112900235,1,2,-1
112900236,1365,13,1352
112900237,908,86,822
112900238,17,0,17
112900239,307,435,-128
113000001,5141,3534,1607
113000002,6793,2724,4069
113000003,1744,1260,484
113000004,2744,1133,1611
113000005,2051,1049,1002
113000006,2420,957,1463
113000007,2867,825,2042
113000008,2753,1001,1752
113000009,1557,533,1024
113000010,2146,632,1514
113000011,923,736,187
113000012,1390,780,610
113000013,452,361,91
113000014,848,1084,-236
113000015,74,153,-79
113000016,269,463,-194
113000017,182,344,-162
113000018,630,48,582
113000019,300,125,175
113000020,152,54,98
113000021,2674,578,2096
113000022,1149,2444,-1295
113000025,63,296,-233
113000026,871,571,300
113000027,826,754,72
113000028,713,1071,-358
113000029,529,535,-6
113000030,92,468,-376
113000031,145,170,-25
113000032,104,84,20
113000033,149,151,-2
113000034,82,32,50
113000035,21,7,14
113000036,24,36,-12
113000037,15,20,-5
113000038,8,41,-33
113000039,25,167,-142
113000040,120,16,104
113000042,919,499,420
113000051,1996,2660,-664
113000052,2141,306,1835
113000053,745,283,462
113000054,973,913,60
113000055,2670,278,2392
113000056,2688,548,2140
113000058,370,674,-304
113000059,858,214,644
113000060,381,622,-241
113000061,654,771,-117
113000062,357,270,87
113000063,505,20,485
113000064,153,225,-72
113000065,134,245,-111
113000066,1534,81,1453
113000067,3955,223,3732
113000068,460,263,197
113000069,622,226,396
113000070,3408,299,3109
113000071,740,296,444
113000072,1740,253,1487
113000073,478,728,-250
113000074,947,416,531
113000075,1842,577,1265
113000076,386,1541,-1155
113000077,403,477,-74
113000078,250,1183,-933
113000079,414,479,-65
113000080,559,458,101
113000081,992,809,183
113000082,775,299,476
113000083,593,631,-38
113000084,1033,698,335
113000085,1140,486,654
113000086,651,707,-56
113000087,1317,1154,163
113000088,948,1008,-60
113000089,679,1210,-531
113000090,66,802,-736
113000091,132,185,-53
113000094,2068,204,1864
113000095,193,286,-93
113000096,78,402,-324
113000097,1309,211,1098
113000098,54,9,45
113000099,1179,200,979
113000100,128,170,-42
113000101,101,392,-291
113000102,712,325,387
113000103,2812,266,2546
113000104,723,2288,-1565
113000105,1182,383,799
113000106,567,177,390
113000107,1476,776,700
113000108,1046,462,584
113000109,277,892,-615
113000110,6471,657,5814
113000111,274,350,-76
113000112,1496,271,1225
113000113,2069,275,1794
113000114,119,572,-453
113000116,250,148,102
113000117,378,91,287
113000118,39,741,-702
113000119,313,199,114
113000120,72,347,-275
113000121,291,442,-151
113000124,280,117,163
113000125,13,1651,-1638
113000127,872,109,763
113000128,1617,200,1417
113000129,232,1030,-798
113000133,1628,280,1348
113000134,2,2142,-2140
113000135,4359,4346,13
113000137,662,2579,-1917
113000139,169,65,104
113000140,69,38,31
113000141,91,48,43
113000142,113,119,-6
113000143,383,41,342
113000144,150,97,53
113000145,121,53,68
113000146,84,15,69
113000147,251,23,228
113000148,363,37,326
113000149,157,184,-27
113000150,428,153,275
113000151,12,24,-12
113000152,85,254,-169
113000153,656,159,497
113000154,382,2086,-1704
113000155,368,914,-546
113000156,136,113,23
113000157,112,159,-47
113000158,755,91,664
113000159,1171,165,1006
113000160,404,175,229
113000161,274,79,195
113000162,1029,82,947
113000163,94,18,76
113000164,35,8,27
113000166,451,18,433
113000167,75,32,43
113000168,106,44,62
113000169,332,30,302
113000170,84,35,49
113000171,35,57,-22
113000172,461,10,451
113000173,123,23,100
113000174,130,99,31
113000175,886,46,840
113000176,914,25,889
113000177,144,59,85
113000178,121,100,21
113000179,504,30,474
113000180,1126,1445,-319
113000181,1926,892,1034
113000182,64,511,-447
113000183,129,698,-569
113000184,37,57,-20
113000189,234,252,-18
113000190,256,101,155
113000192,420,2942,-2522
113000193,1311,2111,-800
113000194,898,2593,-1695
113000195,1633,1878,-245
113000196,826,106,720
113000197,1662,3070,-1408
113000198,125,400,-275
113000199,2389,213,2176
113000201,1038,289,749
113000202,8831,2342,6489
113000203,185,538,-353
113000204,379,3146,-2767
113000205,5,2,3
113000206,1,27,-26
113000207,100,19,81
113000208,20,43,-23
113000209,2,6,-4
113000210,17,24,-7
113000211,44,65,-21
113000212,17,9,8
113000213,28,69,-41
113000214,188,233,-45
113000234,197,276,-79
113000410,30,202,-172
113000411,864,1020,-156
113000412,4565,742,3823
113000413,955,1325,-370
113000414,3193,13071,-9878
113000415,1847,884,963
113000416,1531,1307,224
113000417,528,950,-422
113000418,3755,2384,1371
113000419,1213,1183,30
113000420,2386,5152,-2766
113000421,3784,5810,-2026
113000422,5983,8321,-2338
113000423,920,2791,-1871
113000424,936,8010,-7074
113000425,0,91,-91
113000428,24,5,19
113000430,3,87,-84
113000432,3702,215,3487
113000433,53,484,-431
113000434,7,72,-65
113000435,13,89,-76
113000436,8,572,-564
113000437,2262,37,2225
113000438,911,6,905
113000439,34,32,2
113000440,254,20,234
113000441,355,199,156
113000442,417,25,392
113000443,752,92,660
113000444,994,23,971
113000445,93,78,15
113000446,40,164,-124
113000448,358,575,-217
113000449,123,1531,-1408
113000450,783,5168,-4385
113000451,3120,879,2241
113000452,33,845,-812
113000453,5,695,-690
113000454,145,190,-45
113000455,9,668,-659
113000456,680,1267,-587
113000468,623,107,516
113000469,120,376,-256
113000470,261,17,244
113000471,13,420,-407
113000472,56,127,-71
113000474,1880,743,1137
113000475,1214,493,721
113000476,3713,1644,2069
113000477,4978,1482,3496
113000478,2123,1760,363
113000479,120,123,-3
113000480,140,255,-115
113000484,0,0,0
113000485,0,0,0
113000486,0,0,0
113000487,0,0,0
113000488,0,0,0
113000489,0,0,0
113000490,0,0,0
113000491,0,0,0
113000492,0,0,0
113000493,0,0,0
113000495,358,119,239
113000496,132,163,-31
113000499,0,1,-1
113900001,12,2086,-2074
113900002,27,88,-61
113900003,0,205,-205
113900004,2,287,-285
113900005,1,597,-596
113900006,0,74,-74
113900007,67,288,-221
113900008,24,0,24
113900009,67,0,67
113900010,48,3,45
113900011,457,3,454
113900012,152,12,140
113900013,98,6,92
113900014,979,8,971
113900015,0,9,-9
113900016,16,0,16
113900017,0,14,-14
113900018,34,157,-123
113900019,371,6,365
113900020,489,1,488
113900022,140,2,138
113900023,74,1,73
113900024,18,11,7
113900025,167,20,147
113900026,123,0,123
113900027,2,12,-10
113900028,17,133,-116
113900029,137,11,126
113900030,936,0,936
113900031,58,1,57
113900032,45,0,45
113900033,80,22,58
113900035,78,3,75
113900036,39,27,12
113900037,125,677,-552
113900038,37,158,-121
113900039,452,10,442
113900040,3,15,-12
113900041,32,3,29
113900042,103,25,78
113900043,138,18,120
113900044,26,213,-187
113900045,77,3,74
113900046,78,327,-249
113900047,376,33,343
113900048,123,55,68
113900049,85,540,-455
113900050,131,103,28
113900051,279,68,211
113900052,51,28,23
113900053,204,1136,-932
113900054,6,1,5
113900055,60,153,-93
113900056,82,27,55
113900057,9,24,-15
113900058,68,10,58
113900059,291,97,194
113900060,43,139,-96
113900061,321,69,252
113900062,93,39,54
113900063,154,37,117
113900064,7,16,-9
113900065,800,6,794
113900066,1194,67,1127
113900067,621,125,496
113900068,309,1159,-850
113900069,48,35,13
113900070,60,109,-49
113900071,222,7,215
113900072,19,19,0
113900073,821,173,648
113900074,654,399,255
113900075,324,2453,-2129
113900076,186,2,184
113900077,38,38,0
113900078,56,9,47
113900079,15,20,-5
113900080,397,83,314
113900081,143,45,98
113900082,272,250,22
113900083,1014,60,954
113900084,167,34,133
113900085,14,94,-80
113900086,118,31,87
113900087,80,87,-7
113900088,100,109,-9
113900089,574,19,555
113900090,289,138,151
113900091,6,9,-3
113900092,24,70,-46
113900093,16,1908,-1892
113900094,1085,149,936
113900095,150,77,73
113900096,422,153,269
113900097,35,120,-85
113900098,1055,298,757
113900099,1,6,-5
113900100,0,1,-1
113900101,12,92,-80
113900102,30,89,-59
113900103,141,530,-389
113900104,110,97,13
113900105,515,16,499
113900106,0,13,-13
113900107,0,1,-1
113900108,42,175,-133
113900109,108,228,-120
113900110,21,5,16
113900111,319,49,270
113900112,322,34,288
113900113,1302,135,1167
113900114,1,6,-5
113900115,0,5,-5
113900116,12,183,-171
113900117,20,8,12
113900118,76,1362,-1286
113900119,24,216,-192
113900120,131,15,116
113900121,173,15,158
113900122,111,5506,-5395
113900123,571,44,527
113900124,1,42,-41
113900125,452,80,372
113900126,40,10,30
113900127,333,735,-402
113900128,298,16,282
113900129,3,92,-89
113900130,0,16,-16
113900131,290,5,285
113900132,25,65,-40
113900133,3,14,-11
113900135,339,147,192
113900136,49,16,33
113900137,412,105,307
113900138,5,264,-259
113900139,213,427,-214
113900140,28,81,-53
113900141,1044,143,901
113900142,73,46,27
113900143,6,101,-95
113900144,31,48,-17
113900145,305,53,252
113900146,320,43,277
113900148,22,75,-53
113900149,133,199,-66
113900150,416,122,294
113900151,571,129,442
113900152,34,23,11
113900153,93,99,-6
113900154,0,106,-106
113900155,25,142,-117
113900156,152,150,2
113900157,50,357,-307
113900158,95,104,-9
113900159,3,155,-152
113900160,285,238,47
113900161,230,212,18
113900162,66,132,-66
113900163,391,41,350
113900164,385,37,348
113900165,307,184,123
113900166,58,37,21
113900167,574,7,567
113900168,34,20,14
113900169,115,178,-63
113900171,366,25,341
113900172,15,31,-16
113900173,4,169,-165
113900174,298,247,51
113900175,238,111,127
113900176,147,168,-21
113900177,129,76,53
113900178,247,73,174
113900179,2,123,-121
113900180,52,31,21
113900181,1456,83,1373
113900182,506,190,316
113900183,117,10,107
113900184,25,169,-144
113900185,35,24,11
113900186,5,9,-4
113900187,9,43,-34
113900188,2,25,-23
113900189,309,127,182
113900190,66,26,40
113900191,10,19,-9
113900192,1,921,-920
113900193,14,71,-57
113900194,601,262,339
113900195,116,186,-70
113900196,0,27,-27
113900197,1,37,-36
113900198,3,164,-161
113900199,25,125,-100
113900200,2,26,-24
113900201,0,47,-47
113900202,6,25,-19
113900203,0,29,-29
113900204,18,129,-111
113900205,3,17,-14
113900206,1,58,-57
113900207,0,40,-40
113900208,0,17,-17
113900209,1,6,-5
113900210,333,675,-342
113900211,184,29,155
113900212,462,150,312
113900214,88,88,0
113900215,93,31,62
113900216,167,186,-19
113900217,128,104,24
113900218,83,26,57
113900219,38,191,-153
113900220,199,189,10
113900221,112,883,-771
113900222,24,695,-671
113900223,438,131,307
113900224,26,47,-21
113900225,422,51,371
113900226,178,97,81
113900227,154,121,33
113900228,74,416,-342
113900229,16,1066,-1050
113900230,1182,3185,-2003
113900231,82,35,47
113900232,97,6,91
113900233,217,21,196
113900234,405,386,19
113900235,149,7,142
113900236,567,82,485
113900237,240,4,236
113900238,58,321,-263
113900239,62,85,-23
113900240,1,118,-117
113900241,15,59,-44
113900242,25,93,-68
113900243,7,86,-79
113900244,87,76,11
113900245,196,110,86
113900246,3,26,-23
113900247,37,651,-614
113900248,1350,2260,-910
113900249,152,760,-608
113900250,47,590,-543
113900251,1498,46,1452
113900252,983,11,972
113900253,750,24,726
113900254,403,103,300
113900255,1404,8,1396
113900256,902,22,880
113900257,3,249,-246
113900258,26,149,-123
113900259,754,73,681
113900260,333,7,326
113900261,55,49,6
113900262,263,124,139
113900263,0,93,-93
113900264,2,122,-120
113900265,85,198,-113
113900266,28,93,-65
113900267,31,286,-255
113900268,46,238,-192
113900269,58,213,-155
113900270,144,223,-79
113900271,426,222,204
113900273,17,5,12
113900274,67,39,28
113900275,6,48,-42
113900276,6,36,-30
113900277,367,0,367
113900278,28,76,-48
113900279,38,34,4
113900280,406,231,175
113900281,60,814,-754
113900282,100,197,-97
113900283,359,308,51
113900284,1579,143,1436
113900285,76,16,60
113900286,8,32,-24
113900287,189,14,175
113900288,1,74,-73
113900289,239,182,57
113900290,373,849,-476
113900291,11,46,-35
113900292,0,8,-8
113900293,0,79,-79
113900294,1196,10,1186
113900295,420,84,336
113900296,682,148,534
113900297,2344,45,2299
113900298,7,711,-704
113900299,203,9,194
113900300,2421,5249,-2828
113900301,212,1004,-792
113900302,1415,963,452
113900303,72,1569,-1497
113900304,0,99,-99
113900305,331,0,331
113900306,195,0,195
113900307,26,0,26
113900308,14,49,-35
113900309,1,203,-202
113900310,2,2,0
113900311,31,1,30
113900312,40,144,-104
113900313,1,0,1
114000001,714,686,28
114000002,603,127,476
114000003,271,85,186
114000004,1173,166,1007
114000005,1031,148,883
114000006,1596,578,1018
114000007,1271,460,811
114000008,2397,1213,1184
114000009,2254,246,2008
114000011,3348,1098,2250
114000012,5381,820,4561
114000013,3293,523,2770
114000014,1005,72,933
114000015,3353,138,3215
114000016,660,44,616
114000017,56,1575,-1519
114000018,77,13,64
114000026,5379,518,4861
114000027,7267,2185,5082
114000028,1611,3539,-1928
114000038,546,99,447
114000039,52,8,44
114000040,236,653,-417
114000042,197,88,109
114000043,22,61,-39
114000044,826,7,819
114000045,10,28,-18
114000046,1559,2680,-1121
114000047,7,143,-136
114000048,276,13,263
114000049,3399,895,2504
114000050,2581,770,1811
114000051,4271,1451,2820
114000052,4119,2857,1262
114000053,29,529,-500
114000054,298,700,-402
114000055,710,44,666
114000056,72,505,-433
114000057,2389,1167,1222
114000058,55,1084,-1029
114000059,29,2026,-1997
114000060,704,693,11
114000061,1604,2382,-778
114000062,304,632,-328
114000063,760,841,-81
114000064,1067,4642,-3575
114000065,725,1156,-431
114000066,1087,703,384
114000067,54,2280,-2226
114000068,289,1086,-797
114000069,1759,284,1475
114000070,2024,821,1203
114000071,1363,279,1084
114000072,2140,198,1942
114000073,36,21,15
114000074,217,6,211
114000075,109,17,92
114000076,57,10,47
114000077,2,4,-2
114000078,939,283,656
114000079,627,61,566
114000080,75,97,-22
114000081,118,103,15
114000082,91,152,-61
114000083,67,19,48
114000084,356,132,224
114000085,74,134,-60
114000086,340,196,144
114000087,562,13,549
114000088,50,32,18
114000089,272,181,91
114000090,924,798,126
114000091,998,733,265
114000092,809,437,372
114000093,1959,447,1512
114000094,764,397,367
114000095,358,349,9
114000096,63,117,-54
114000097,49,126,-77
114000098,1418,90,1328
114000099,1872,112,1760
114000100,2925,253,2672
114000101,524,187,337
114000102,1679,158,1521
114000103,236,72,164
114000104,12,67,-55
114000105,623,214,409
114000106,617,4110,-3493
114000107,785,283,502
114000108,509,350,159
114000109,804,3645,-2841
114000110,493,372,121
114000111,3947,2154,1793
114000112,503,536,-33
114000113,1795,252,1543
114000114,285,409,-124
114000115,2480,448,2032
114000116,1095,6459,-5364
114000117,6326,636,5690
114000118,6214,282,5932
114000119,5359,390,4969
114000120,798,521,277
114000121,395,270,125
114000122,541,248,293
114000123,4415,264,4151
114000124,3015,256,2759
114000125,1200,978,222
114000126,3001,302,2699
114000127,219,112,107
114000128,1274,131,1143
114000130,785,402,383
114000131,846,104,742
114000132,1024,134,890
114000133,688,523,165
114000134,130,11,119
114000138,17,55,-38
114000139,684,384,300
114000144,793,506,287
114000145,53,24,29
114000146,129,18,111
114000147,917,2614,-1697
114000148,571,2131,-1560
114000149,275,239,36
114000150,246,335,-89
114000151,303,2885,-2582
114000152,62,44,18
114000153,404,1486,-1082
114000154,732,311,421
114000155,750,4857,-4107
114000156,632,601,31
114000157,371,1888,-1517
114000158,434,381,53
114000159,82,216,-134
114000160,55,161,-106
114000161,825,1159,-334
114000162,1301,1876,-575
114000163,36,20,16
114000165,441,266,175
114000166,241,247,-6
114000167,1950,1206,744
114000168,459,105,354
114000169,871,746,125
114000170,1085,577,508
114000171,1671,17677,-16006
114000174,57,660,-603
114000176,112,385,-273
114000177,442,239,203
114000178,190,74,116
114000179,769,903,-134
114000180,167,143,24
114000181,1275,9726,-8451
114000182,676,1818,-1142
114000183,576,512,64
114000184,1657,310,1347
114000185,1564,685,879
114000189,3054,129,2925
114000190,5231,444,4787
114000191,214,880,-666
114000192,72,343,-271
114000193,136,494,-358
114000194,1994,599,1395
114000195,716,801,-85
114000196,1,97,-96
114000197,3452,16,3436
114000198,598,260,338
114000199,889,1273,-384
114000200,470,584,-114
114000201,242,370,-128
114000202,1020,431,589
114000203,876,414,462
114000204,275,219,56
114000205,409,796,-387
114000206,824,510,314
114000207,376,411,-35
114000208,501,541,-40
114000209,204,835,-631
114000210,150,425,-275
114000211,2160,830,1330
114000212,1538,964,574
114000213,3111,361,2750
114000214,353,32,321
114000215,193,90,103
114000216,3223,387,2836
114000217,680,154,526
114000218,744,79,665
114000219,2809,108,2701
114000220,79,373,-294
114000221,2044,165,1879
114000222,141,281,-140
114000223,1276,188,1088
114000224,34,257,-223
114000225,708,176,532
114000226,285,115,170
114000227,1209,438,771
114000228,1332,312,1020
114000229,2701,632,2069
114000230,2189,473,1716
114000231,1122,891,231
114000232,1709,186,1523
114000233,3650,92,3558
114000234,1695,481,1214
114000235,2518,829,1689
114000236,0,162,-162
114000237,87,279,-192
114000238,105,375,-270
114000239,221,399,-178
114000240,1134,1096,38
114000241,397,468,-71
114000242,742,450,292
114000243,3818,1000,2818
114000244,697,215,482
114000245,497,932,-435
114000246,143,51,92
114000247,718,320,398
114000248,3051,560,2491
114000249,764,255,509
114000250,1260,153,1107
114000251,454,137,317
114000252,78,19,59
114000253,20,43,-23
114000254,67,15,52
114000255,434,190,244
114000256,429,643,-214
114000257,419,714,-295
114000258,1179,165,1014
114000259,273,189,84
114000260,0,35,-35
114000261,80,20,60
114000262,520,135,385
114000263,13,3,10
114000264,3350,208,3142
114000265,0,1,-1
114000267,1,2621,-2620
114000268,0,448,-448
114000270,482,22,460
114000271,251,36,215
114000283,3302,272,3030
114000285,23,99,-76
114000288,317,156,161
114000289,3705,162,3543
114000293,582,354,228
114000294,211,478,-267
114000395,2459,54,2405
114000396,868,310,558
114000402,1560,139,1421
114000403,582,122,460
114000405,574,133,441
114000423,1134,94,1040
114000424,905,156,749
114000425,2200,79,2121
114000426,334,1047,-713
114000427,121,40,81
114000428,42,80,-38
114000429,31,85,-54
114000432,253,19,234
114000434,50,23,27
114000435,5,13,-8
114900001,1224,202,1022
114900002,316,31,285
114900003,1104,255,849
114900004,206,603,-397
114900005,519,137,382
114900006,131,107,24
114900007,247,6,241
114900008,657,94,563
114900010,788,2564,-1776
114900011,772,78,694
114900013,662,56,606
114900015,53,1152,-1099
114900018,1258,29,1229
114900020,204,83,121
114900022,1,590,-589
114900024,251,141,110
114900025,923,66,857
114900026,110,95,15
114900027,158,92,66
114900029,38,0,38
114900030,400,119,281
114900031,1194,6,1188
114900032,1031,5,1026
114900033,301,2998,-2697
114900034,12,31,-19
114900035,64,132,-68
114900036,227,118,109
114900037,131,44,87
114900038,406,180,226
114900039,1342,120,1222
114900040,172,18,154
114900041,2215,148,2067
114900042,2394,99,2295
114900043,164,80,84
114900044,248,51,197
114900046,24,27,-3
114900047,136,6825,-6689
114900048,8,48,-40
114900049,19,73,-54
114900050,48,74,-26
114900051,42,38,4
114900052,9,96,-87
114900053,61,143,-82
114900054,48,15,33
114900057,128,12,116
114900058,0,14,-14
114900059,271,82,189
114900060,131,465,-334
114900061,62,23,39
114900062,112,139,-27
114900063,257,14,243
114900064,3215,98,3117
114900065,285,1092,-807
114900067,35,92,-57
114900068,22,99,-77
114900069,178,18,160
114900070,891,88,803
114900072,1,83,-82
114900073,0,32,-32
114900074,2025,94,1931
114900075,222,2,220
114900076,1,145,-144
114900080,407,68,339
114900082,1351,2632,-1281
114900083,186,374,-188
114900090,1293,113,1180
114900091,31,117,-86
114900095,160,34,126
114900096,75,270,-195
114900097,188,2,186
114900098,1,80,-79
114900099,307,14,293
115000001,3459,1568,1891
115000002,4746,7660,-2914
115000003,3194,1142,2052
115000004,5824,6745,-921
115000005,1644,1903,-259
115000006,1906,1034,872
115000007,144,155,-11
115000008,477,341,136
115000009,408,242,166
115000010,281,264,17
115000013,41,157,-116
115000015,48,321,-273
115000016,124,222,-98
115000019,12,676,-664
115000020,93,1423,-1330
115000021,119,351,-232
115000022,183,154,29
115000023,362,704,-342
115000024,298,207,91
115000025,906,519,387
115000026,181,115,66
115000027,445,235,210
115000028,294,191,103
115000029,1318,55,1263
115000030,629,394,235
115000031,691,118,573
115000032,7,106,-99
115000033,219,9,210
115000034,80,1577,-1497
115000035,827,222,605
115000036,0,192,-192
115000037,928,95,833
115000038,73,68,5
115000039,1876,5169,-3293
115000040,2988,2369,619
115000041,1417,5269,-3852
115000042,429,597,-168
115000043,3666,2517,1149
115000044,2809,2696,113
115000045,3066,574,2492
115000046,4459,2130,2329
115000047,3611,1257,2354
115000048,3853,1916,1937
115000049,1388,2858,-1470
115000050,3112,788,2324
115000051,1722,6946,-5224
115000052,1278,862,416
115000053,3503,3628,-125
115000054,690,559,131
115000055,205,810,-605
115000056,128,317,-189
115000057,468,1260,-792
115000058,40,642,-602
115000059,59,339,-280
115000061,117,255,-138
115000062,371,463,-92
115000063,868,225,643
115000064,238,52,186
115000065,200,726,-526
115000067,229,23,206
115000069,106,308,-202
115000070,23,1056,-1033
115000071,113,29,84
115000072,17,27,-10
115000073,1628,117,1511
115000075,127,56,71
115000076,1907,940,967
115000077,2696,878,1818
115000078,2978,407,2571
115000079,2548,686,1862
115000080,5689,710,4979
115000081,139,324,-185
115000082,7352,5122,2230
115000083,3070,505,2565
115000084,4618,366,4252
115000085,2014,411,1603
115000086,1694,333,1361
115000087,367,2003,-1636
115000088,1251,376,875
115000089,1051,678,373
115000090,477,813,-336
115000091,335,245,90
115000092,992,1480,-488
115000093,1365,0,1365
115000094,3664,12112,-8448
115000095,2883,10271,-7388
115000096,1359,501,858
115000097,3190,2489,701
115000098,3052,309,2743
115000099,3222,802,2420
115000100,2577,375,2202
115000101,874,469,405
115000102,689,147,542
115000103,304,298,6
115000105,154,45,109
115000106,1256,671,585
115000107,200,178,22
115000108,1407,1130,277
115000109,2402,7005,-4603
115000110,929,2880,-1951
115000111,203,347,-144
115000112,526,303,223
115000113,266,328,-62
115000114,504,199,305
115000116,1619,1191,428
115000117,1020,2073,-1053
115000118,1666,1072,594
115000119,1336,1543,-207
115000120,658,851,-193
115000121,301,372,-71
115000122,393,1760,-1367
115000123,662,1021,-359
115000124,846,1176,-330
115000125,385,773,-388
115000126,98,331,-233
115000127,435,135,300
115000128,398,798,-400
115000129,92,1105,-1013
115000130,404,283,121
115000131,1040,335,705
115000132,873,432,441
115000133,1608,287,1321
115000134,529,443,86
115000135,195,302,-107
115000136,254,242,12
115000137,65,178,-113
115000138,578,416,162
115000139,159,65,94
115000140,485,126,359
115000141,213,86,127
115000142,257,54,203
115000143,1216,464,752
115000144,624,65,559
115000145,245,83,162
115000146,640,393,247
115000147,318,541,-223
115000148,472,416,56
115000149,1048,282,766
115000150,757,232,525
115000151,1926,233,1693
115000152,943,374,569
115000153,2337,240,2097
115000154,1623,171,1452
115000155,1224,696,528
115000156,866,549,317
115000157,471,444,27
115000158,358,215,143
115000159,541,283,258
115000160,529,555,-26
115000161,951,519,432
115000162,371,1442,-1071
115000163,388,312,76
115000164,274,284,-10
115000165,112,463,-351
115000167,89,56,33
115000168,572,341,231
115000169,234,570,-336
115000170,33,222,-189
115000171,301,284,17
115000172,597,626,-29
115000173,301,1755,-1454
115000174,54,546,-492
115000175,120,177,-57
115000176,49,137,-88
115000177,23,219,-196
115000178,8,161,-153
115000179,30,152,-122
115000180,111,120,-9
115000181,1663,144,1519
115000182,1666,152,1514
115000183,742,295,447
115000186,529,109,420
115000187,266,175,91
115000188,470,238,232
115000189,517,482,35
115000190,587,662,-75
115000191,207,921,-714
115000194,138,68,70
115000195,158,107,51
115000196,652,87,565
115000197,602,123,479
115000198,1014,143,871
115000199,1193,52,1141
115000200,858,60,798
115000201,466,206,260
115000206,696,22,674
115000207,1214,175,1039
115000208,240,352,-112
115000209,907,700,207
115000210,413,160,253
115000211,261,195,66
115000212,839,260,579
115000224,305,14,291
115000225,123,69,54
115000229,102,39,63
115000230,144,213,-69
115000231,578,464,114
115000232,5038,351,4687
115000233,182,118,64
115000234,38,155,-117
115000241,136,63,73
115000242,303,53,250
115000243,213,41,172
115000244,1,90,-89
115000246,60,25,35
115000247,14,37,-23
115000248,49,8,41
115000249,6,17,-11
115000250,270,6,264
115000251,554,50,504
115000252,253,238,15
115000253,5,616,-611
115000258,349,43,306
115000259,174,30,144
115000261,49,4,45
115000262,17,27,-10
115000263,11,38,-27
115000264,2,17,-15
115000267,37,43,-6
115000268,36,50,-14
115000269,88,13,75
115000270,35,9,26
115000272,101,43,58
115000273,1096,13,1083
115000280,969,408,561
115000281,263,1060,-797
115000282,777,2386,-1609
115000284,64,332,-268
115000296,332,3,329
115000297,73,308,-235
115000298,107,872,-765
115000300,266,64,202
115000302,1037,52,985
115000303,2078,30,2048
115000304,1928,148,1780
115000305,135,162,-27
115000306,524,109,415
115000307,403,181,222
115000308,6,38,-32
115000309,11,326,-315
115000310,3537,222,3315
115000311,1855,490,1365
115000313,100,148,-48
115000314,725,411,314
115000315,289,1204,-915
115000316,138,214,-76
115000317,318,239,79
115000318,1486,365,1121
115000319,233,65,168
115000320,17,644,-627
115000321,472,23,449
115000322,96,103,-7
115000449,85,258,-173
115000557,3,4368,-4365
115000558,111,84,27
115000587,1400,228,1172
115000588,1642,1908,-266
115000589,5818,2067,3751
115000590,848,1459,-611
115000591,1842,630,1212
115000592,649,1094,-445
115000593,1891,475,1416
115000594,303,1818,-1515
115000609,277,561,-284
115000617,456,3710,-3254
115000624,530,14,516
115000633,499,1322,-823
115000634,2765,657,2108
115000635,728,112,616
115000638,171,243,-72
115000641,37,602,-565
115000642,469,142,327
115000643,199,144,55
115000644,121,181,-60
115000646,550,820,-270
115000647,217,333,-116
115000648,4972,497,4475
115000893,1252,590,662
115000894,159,493,-334
115000895,401,662,-261
115000896,878,311,567
115000897,263,58,205
115000898,308,217,91
115000899,192,1390,-1198
115000900,33,235,-202
115000901,61,179,-118
115000912,404,86,318
115000913,2,11,-9
115000915,10,0,10
115000916,7,0,7
115000917,0,45,-45
115000918,62,1128,-1066
115000919,3,67,-64
115000920,8,39,-31
115000921,230,78,152
115000922,289,636,-347
115000923,46,1298,-1252
115000925,173,148,25
115000927,50,186,-136
115000933,42,262,-220
115000934,92,132,-40
115000935,129,20,109
115000936,72,1703,-1631
115000937,385,299,86
115000938,13,124,-111
115000939,9,99,-90
115900001,418,4,414
115900002,17,42,-25
115900003,279,42,237
115900004,0,9,-9
115900005,510,17,493
115900006,134,153,-19
115900008,327,3,324
115900009,46,111,-65
115900010,1031,54,977
115900011,527,61,466
115900012,608,4,604
115900013,671,53,618
115900014,196,37,159
115900015,388,4,384
115900016,112,24,88
115900017,201,49,152
115900018,208,10,198
115900019,38,6,32
115900020,469,3,466
115900021,376,423,-47
115900022,536,2,534
115900023,7,27,-20
115900025,8,106,-98
115900026,477,39,438
115900027,0,111,-111
115900028,89,24,65
115900029,20,85,-65
115900030,66,45,21
115900031,37,289,-252
115900032,184,493,-309
115900033,0,41,-41
115900034,10,84,-74
115900035,125,8,117
115900036,21,4544,-4523
115900037,5,93,-88
115900038,27,1,26
115900039,347,80,267
115900041,121,1558,-1437
115900042,78,2,76
115900043,199,64,135
115900044,137,1155,-1018
115900046,1326,69,1257
115900047,36,229,-193
115900049,285,80,205
115900051,6,16,-10
115900052,10,48,-38
115900053,571,53,518
115900054,702,22,680
115900055,56,49,7
115900056,304,66,238
115900057,5,18,-13
115900058,7,21,-14
115900060,64,47,17
115900061,690,2,688
115900062,98,54,44
115900063,15,1,14
115900064,85,212,-127
115900065,267,27,240
115900066,53,34,19
115900067,11,36,-25
115900068,763,2456,-1693
115900069,30,141,-111
115900070,404,8,396
115900071,0,94,-94
115900072,13,56,-43
115900073,184,188,-4
115900074,0,45,-45
115900075,60,92,-32
115900076,0,26,-26
115900077,1,44,-43
115900078,51,58,-7
115900079,736,5,731
115900080,62,31,31
115900081,20,29,-9
115900082,133,72,61
115900084,1171,3,1168
115900085,44,74,-30
115900086,577,105,472
115900088,2,138,-136
115900089,1112,153,959
115900090,1301,4,1297
115900091,14,9,5
115900092,38,53,-15
115900093,2,11,-9
115900094,2,51,-49
115900096,14,17,-3
115900097,5,70,-65
115900098,444,147,297
115900099,188,23,165
115900100,10,155,-145
115900101,403,84,319
115900102,157,30,127
115900103,348,49,299
115900104,97,41,56
115900105,427,93,334
115900106,250,0,250
115900107,173,23,150
115900108,301,0,301
115900109,12,123,-111
115900110,11,1,10
115900111,0,7,-7
115900112,22,292,-270
115900113,87,14,73
115900114,0,26,-26
115900115,125,72,53
115900116,59,336,-277
115900117,262,3,259
115900118,1,48,-47
115900119,300,71,229
115900120,26,117,-91
115900121,385,41,344
115900124,145,1035,-890
115900125,638,37,601
115900126,1635,13,1622
115900127,1811,32,1779
115900128,0,116,-116
115900129,735,13,722
115900130,6,302,-296
115900131,720,24,696
115900132,916,2,914
115900134,756,7,749
115900135,250,426,-176
115900137,13,4,9
115900139,51,87,-36
115900140,757,29,728
115900141,1,52,-51
115900142,4,15,-11
115900143,328,46,282
115900144,421,72,349
115900146,34,30,4
115900147,149,470,-321
115900148,17,30,-13
115900149,498,14,484
115900150,274,10,264
115900151,126,49,77
115900152,311,52,259
115900153,152,47,105
115900154,157,242,-85
115900155,0,16,-16
115900156,720,521,199
115900157,667,453,214
115900158,10,2,8
115900159,645,100,545
115900160,0,2,-2
115900161,25,23,2
115900163,373,24,349
115900164,1725,18,1707
115900166,129,45,84
115900168,781,60,721
115900171,154,139,15
115900172,24,47,-23
115900173,286,118,168
115900174,66,151,-85
115900175,382,83,299
115900178,25,92,-67
115900179,645,3,642
115900180,42,39,3
115900181,422,50,372
115900182,1161,73,1088
115900183,24,209,-185
115900184,291,2,289
115900187,1,207,-206
115900189,0,96,-96
115900190,266,805,-539
115900191,7,81,-74
115900192,39,183,-144
115900193,106,59,47
115900194,1232,35,1197
115900195,328,4860,-4532
115900198,290,150,140
115900199,469,41,428
115900200,269,84,185
115900201,154,300,-146
115900202,4,417,-413
115900203,1,1,0
115900204,0,15,-15
115900205,14,14,0
115900206,969,81,888
115900207,114,14,100
115900208,224,50,174
115900209,20,102,-82
115900210,1,71,-70
115900211,0,66,-66
115900212,385,75,310
115900213,86,365,-279
115900214,1513,47,1466
115900215,18,305,-287
115900216,3,35,-32
115900217,14,30,-16
115900218,2,6,-4
115900219,366,3,363
115900220,522,3,519
115900221,282,6,276
115900222,141,54,87
115900223,4,682,-678
115900224,276,3423,-3147
115900225,37,97,-60
115900226,12,19,-7
115900227,3,20,-17
115900228,0,30,-30
115900229,3,10,-7
115900230,26,45,-19
115900231,276,0,276
115900232,70,0,70
115900233,268,3,265
115900234,114,19,95
115900235,36,41,-5
115900236,12,40,-28
115900237,35,24,11
115900238,22,12,10
115900239,5,22,-17
115900240,19,16,3
115900241,548,28,520
115900242,306,734,-428
115900243,6,1,5
115900244,35,0,35
115900245,178,15,163
115900246,4,1,3
115900247,2,0,2
115900248,7,1,6
115900249,9,1,8
115900250,35,1,34
115900251,26,0,26
115900252,27,0,27
115900253,49,3,46
115900254,16,36,-20
115900255,1,35,-34
115900256,30,111,-81
115900257,1,9,-8
115900258,0,6,-6
115900259,10,2,8
115900260,5,0,5
115900261,13,2,11
115900262,0,2,-2
115900263,8,0,8
115900264,34,0,34
115900265,2,2,0
115900266,19,4,15
115900267,1,4,-3
115900268,1,43,-42
115900269,2064,100,1964
115900270,346,68,278
115900271,722,1,721
115900272,148,6,142
115900273,37,77,-40
115900274,0,0,0
115900275,0,2,-2
115900276,0,8,-8
115900277,0,30,-30
115900278,85,73,12
115900279,15,314,-299
115900280,14,997,-983
115900281,135,366,-231
115900282,2,88,-86
115900283,82,4,78
115900284,24,1,23
116000001,4037,1256,2781
116000002,5672,22264,-16592
116000003,850,682,168
116000004,6177,8763,-2586
116000005,740,2200,-1460
116000006,3257,5207,-1950
116000007,1280,1237,43
116000008,7208,2466,4742
116000009,623,693,-70
116000010,4476,1330,3146
116000011,705,507,198
116000012,2487,937,1550
116000013,3422,1942,1480
116000014,9451,31479,-22028
116000015,124,3145,-3021
116000016,3677,7538,-3861
116000017,73,687,-614
116000018,287,249,38
116000019,2461,160,2301
116000020,435,937,-502
116000021,1840,178,1662
116000022,935,287,648
116000023,2858,1612,1246
116000024,646,617,29
116000025,1228,730,498
116000026,1247,3101,-1854
116000027,664,1137,-473
116000028,474,884,-410
116000029,248,211,37
116000030,800,600,200
116000031,32,74,-42
116000032,359,90,269
116000033,1061,232,829
116000034,499,785,-286
116000035,556,241,315
116000036,176,1493,-1317
116000037,149,491,-342
116000038,54,719,-665
116000039,112,732,-620
116000040,416,826,-410
116000041,112,412,-300
116000042,1251,748,503
116000043,202,334,-132
116000044,6,28,-22
116000045,1042,1315,-273
116000046,755,853,-98
116000047,1885,2737,-852
116000048,2802,1211,1591
116000049,1849,1746,103
116000050,1276,899,377
116000051,2676,2056,620
116000052,2924,1890,1034
116000053,3039,615,2424
116000054,1187,2015,-828
116000055,882,1198,-316
116000056,2021,1148,873
116000057,1940,877,1063
116000058,3866,2779,1087
116000059,2279,4656,-2377
116000060,2226,1113,1113
116000061,390,1679,-1289
116000062,823,212,611
116000063,660,2267,-1607
116000066,556,770,-214
116000067,261,264,-3
116000068,214,186,28
116000069,357,158,199
116000078,619,834,-215
116000080,1640,303,1337
116000082,3,13,-10
116000083,2928,285,2643
116000084,1206,1234,-28
116000085,1649,2769,-1120
116000086,505,322,183
116000087,4181,1738,2443
116000088,1773,654,1119
116000089,300,141,159
116000090,404,148,256
116000091,152,1288,-1136
116000093,1103,219,884
116000094,1639,304,1335
116000095,1149,289,860
116000096,3408,4466,-1058
116000097,1257,339,918
116000098,127,17585,-17458
116000099,4418,990,3428
116000100,580,30,550
116000101,2891,207,2684
116000102,226,360,-134
116000103,577,519,58
116000104,289,480,-191
116000105,2621,152,2469
116000106,706,622,84
116000107,4321,300,4021
116000108,12,248,-236
116000111,319,33,286
116000113,166,44,122
116000114,22,76,-54
116000115,441,118,323
116000116,249,97,152
116000117,1941,1051,890
116000118,2426,640,1786
116000119,4876,1148,3728
116000120,2623,1644,979
116000121,1760,326,1434
116000122,778,355,423
116000123,2660,257,2403
116000124,828,291,537
116000125,4851,265,4586
116000126,604,396,208
116000127,907,436,471
116000128,3495,449,3046
116000129,2472,80,2392
116000130,1326,848,478
116000133,3779,450,3329
116000134,1746,601,1145
116000135,4925,927,3998
116000136,1001,961,40
116000137,1727,602,1125
116000138,825,354,471
116000139,2429,2901,-472
116000140,357,389,-32
116000141,1387,347,1040
116000142,3631,1865,1766
116000143,2954,1822,1132
116000144,2776,1535,1241
116000145,4947,820,4127
116000146,1589,113,1476
116000147,397,251,146
116000148,1598,1283,315
116000149,755,372,383
116000151,855,590,265
116000153,139,490,-351
116000155,268,490,-222
116000156,1300,459,841
116000157,90,3,87
116000158,554,108,446
116000159,39,15,24
116000160,101,32,69
116000161,16,80,-64
116000162,31,437,-406
116000163,85,13,72
116000164,44,7,37
116000177,80,359,-279
116000194,89,290,-201
116000195,2496,580,1916
116000196,125,4,121
116000197,134,84,50
116000198,2192,969,1223
116000200,556,1221,-665
116000201,503,298,205
116000202,22,216,-194
116000203,1,16,-15
116000204,0,9,-9
116000205,1,56,-55
116000206,0,68,-68
116000207,27,36,-9
116000233,83,217,-134
116000287,591,97,494
116000288,693,244,449
116000292,318,147,171
116000296,4,107,-103
116000297,197,9,188
116000304,943,15,928
116000305,32,79,-47
116000346,680,177,503
116000352,115,106,9
116000354,108,61,47
116000357,15,33,-18
116000358,856,368,488
116000361,16,0,16
116000372,2489,9768,-7279
116000381,477,2,475
116000388,9,30,-21
116000389,1047,106,941
116000445,2502,232,2270
116000446,1095,86,1009
116000447,29,693,-664
116000448,528,55,473
116000563,553,921,-368
116000565,124,204,-80
116000568,36,948,-912
116000579,28,238,-210
116000584,89,6,83
116000585,190,72,118
116000586,34,100,-66
116000587,514,121,393
116000589,53,37,16
116000590,205,35,170
116000591,432,53,379
116000592,0,13,-13
116000593,0,10,-10
116000594,2268,104,2164
116000595,1355,48,1307
116000596,527,7,520
116000597,1226,466,760
116000598,30,130,-100
116000602,21,1342,-1321
116000605,86,25,61
116000606,131,814,-683
116000607,1,45,-44
116000609,90,2193,-2103
116000611,386,132,254
116000612,2489,2478,11
116000613,1254,311,943
116000614,750,171,579
116000615,0,387,-387
116000616,210,48,162
116000617,296,9,287
116000618,8,14,-6
116000619,25,187,-162
116000620,647,200,447
116000621,117,97,20
116000622,237,116,121
116000624,158,73,85
116000627,310,36,274
116000628,433,209,224
116000629,173,112,61
116000630,2644,39,2605
116000631,2260,59,2201
116000632,2433,54,2379
116000633,17,133,-116
116000634,2054,26,2028
116000635,1631,2199,-568
116000636,227,1072,-845
116000637,1299,18,1281
116000638,14,193,-179
116900001,221,65,156
116900002,256,0,256
116900003,170,9,161
116900004,50,177,-127
116900005,700,10,690
116900006,56,67,-11
116900007,90,141,-51
116900008,1545,134,1411
116900009,8,38,-30
116900010,0,219,-219
116900011,4,18,-14
116900012,172,247,-75
116900013,4,34,-30
116900014,425,20,405
116900015,1481,42,1439
116900016,486,44,442
116900017,2,223,-221
116900018,176,157,19
116900019,0,95,-95
116900020,366,3923,-3557
116900023,45,6,39
116900024,1849,21,1828
116900025,2426,406,2020
116900026,23,257,-234
116900027,213,26,187
116900028,2,23,-21
116900029,4,377,-373
116900031,0,0,0
116900032,1,63,-62
116900033,68,24,44
116900034,2,15,-13
116900035,302,81,221
116900036,37,93,-56
116900038,10,2,8
116900041,201,5,196
116900042,71,181,-110
116900043,48,53,-5
116900047,18,598,-580
116900049,13,124,-111
116900050,34,125,-91
116900051,855,43,812
116900052,284,58,226
116900055,0,31,-31
116900057,19,87,-68
116900058,18,161,-143
116900059,1,40,-39
116900060,91,283,-192
116900062,1,65,-64
116900064,66,100,-34
116900065,3,81,-78
116900067,198,21,177
116900068,149,101,48
116900070,49,4,45
116900072,66,50,16
116900073,20,44,-24
116900074,1,19,-18
116900076,30,37,-7
116900077,0,25,-25
116900078,108,42,66
116900079,140,72,68
116900080,0,11,-11
116900081,141,290,-149
116900082,136,1163,-1027
116900083,3,7,-4
116900084,28,12,16
116900085,8,48,-40
116900086,36,96,-60
116900088,260,4,256
116900090,7,4,3
116900091,1237,15,1222
116900092,71,213,-142
116900093,2381,1477,904
116900094,4067,8843,-4776
116900095,561,123,438
116900096,121,635,-514
116900097,915,6577,-5662
116900098,465,239,226
116900099,52,386,-334
116900100,2248,174,2074
116900101,203,577,-374
116900103,3,0,3
116900104,4,194,-190
116900105,912,336,576
116900106,6098,62,6036
116900107,984,4933,-3949
116900110,63,0,63
116900111,1451,350,1101
116900112,392,256,136
116900113,944,5284,-4340
116900116,25,512,-487
116900117,451,207,244
116900118,781,1365,-584
116900120,866,53,813
116900121,537,42,495
116900122,2778,260,2518
116900123,1133,232,901
116900124,112,184,-72
116900125,1022,102,920
116900126,148,1452,-1304
116900128,22,29,-7
116900129,1,168,-167
116900130,790,8749,-7959
116900131,29,381,-352
116900132,196,147,49
116900133,563,141,422
116900134,459,131,328
116900136,258,104,154
116900137,318,50,268
116900138,121,21,100
116900139,41,100,-59
116900140,146,38,108
116900141,204,63,141
116900142,3,88,-85
116900143,252,76,176
116900144,129,14,115
116900145,77,111,-34
116900147,120,1259,-1139
116900148,1,8,-7
116900149,81,217,-136
116900150,9,0,9
116900151,63,25,38
116900153,158,179,-21
116900154,285,749,-464
116900155,74,84,-10
116900157,2085,59,2026
116900158,200,387,-187
116900159,84,488,-404
116900160,1456,769,687
116900161,2935,16008,-13073
116900162,70,96,-26
116900163,694,79,615
116900164,180,37,143
116900165,1081,412,669
116900166,227,165,62
116900167,889,32,857
116900168,1144,13,1131
116900169,103,913,-810
116900170,901,286,615
116900171,69,129,-60
116900172,153,890,-737
116900173,840,8,832
116900174,20,322,-302
116900175,692,432,260
116900178,58,49,9
116900179,72,680,-608
116900180,147,1,146
116900182,959,163,796
116900183,331,173,158
116900185,63,9,54
116900186,203,41,162
116900187,73,103,-30
116900188,254,6,248
116900189,70,0,70
116900191,105,106,-1
116900192,657,180,477
116900194,108,1989,-1881
116900195,64,3,61
116900196,25,22,3
116900197,284,12,272
116900198,40,1465,-1425
116900200,228,2,226
116900201,632,1,631
116900202,67,32,35
116900203,370,9,361
116900204,28,385,-357
116900205,0,0,0
116900206,45,3,42
116900207,16,31,-15
116900208,2,40,-38
116900209,25,24,1
116900210,444,227,217
116900211,316,13,303
116900212,243,13,230
116900213,242,87,155
116900214,582,232,350
116900215,18,21,-3
116900216,442,55,387
116900218,1,150,-149
116900219,474,98,376
116900220,132,162,-30
116900221,266,324,-58
116900222,381,224,157
116900223,26,37,-11
116900226,403,20,383
116900227,609,17,592
116900228,746,98,648
116900230,66,61,5
116900231,168,125,43
116900232,41,141,-100
116900233,610,129,481
116900234,88,4,84
116900235,127,137,-10
116900238,322,79,243
116900239,3,1841,-1838
116900240,2532,5504,-2972
116900241,34,93,-59
116900242,183,1705,-1522
116900243,1,8,-7
116900245,64,75,-11
116900246,58,10,48
116900247,1615,52,1563
116900248,140,13,127
116900249,1246,64,1182
116900250,743,84,659
116900251,267,2127,-1860
116900252,457,265,192
116900253,226,81,145
116900254,132,173,-41
116900255,199,315,-116
116900256,1084,304,780
116900257,63,79,-16
116900258,4,21,-17
116900259,469,39,430
116900260,0,7,-7
116900261,52,2,50
116900262,75,83,-8
116900263,1,2,-1
116900264,0,2,-2
116900265,326,1,325
116900266,43,1,42
116900267,47,0,47
116900268,12,514,-502
116900269,424,1288,-864
116900271,399,1429,-1030
116900272,304,293,11
116900273,42,142,-100
116900274,207,31,176
116900275,453,76,377
116900276,435,751,-316
116900277,183,180,3
116900278,1,7,-6
116900279,14,6,8
116900280,142,7,135
116900281,2494,11303,-8809
116900282,3,29,-26
116900283,16,12,4
116900284,0,61,-61
116900285,57,962,-905
116900286,88,2,86
116900287,8,15,-7
116900288,291,45,246
116900289,68,0,68
116900290,32,2,30
116900291,33,10,23
116900292,0,25,-25
116900293,245,12,233
116900294,4,63,-59
116900295,315,321,-6
116900296,101,209,-108
116900297,2,76,-74
116900298,87,117,-30
116900299,1,119,-118
116900300,0,108,-108
116900301,23,423,-400
116900302,13,109,-96
116900303,204,148,56
116900304,1,277,-276
116900305,10,45,-35
116900306,578,46,532
117000001,3730,5008,-1278
117000002,1833,3027,-1194
117000003,7043,2484,4559
117000004,2158,3555,-1397
117000005,5290,1940,3350
117000006,1125,1800,-675
117000007,10604,1327,9277
117000008,1336,1901,-565
117000009,6095,1680,4415
117000010,980,1353,-373
117000011,5837,1017,4820
117000012,2336,813,1523
117000013,3897,924,2973
117000014,2197,2522,-325
117000015,3700,2333,1367
117000016,315,387,-72
117000017,59,341,-282
117000018,140,1492,-1352
117000019,77,1,76
117000020,457,4373,-3916
117000021,1598,552,1046
117000022,51,517,-466
117000023,80,615,-535
117000024,224,946,-722
117000025,284,3106,-2822
117000026,2282,3548,-1266
117000027,862,2378,-1516
117000028,559,1461,-902
117000030,277,432,-155
117000031,675,286,389
117000032,1781,1580,201
117000033,1704,877,827
117000034,319,211,108
117000035,521,354,167
117000036,428,313,115
117000037,445,215,230
117000038,243,409,-166
117000039,319,337,-18
117000040,52,487,-435
117000041,2330,93,2237
117000044,14,276,-262
117000045,1853,710,1143
117000046,244,984,-740
117000047,1080,1011,69
117000048,1337,619,718
117000049,49,345,-296
117000050,1200,1214,-14
117000051,4040,78,3962
117000052,179,152,27
117000053,2363,10,2353
117000054,2621,13,2608
117000055,3,467,-464
117000056,757,48,709
117000057,355,834,-479
117000060,477,782,-305
117000061,3368,2101,1267
117000062,220,620,-400
117000063,1941,704,1237
117000064,511,475,36
117000066,261,564,-303
117000067,131,619,-488
117000074,9,204,-195
117000076,100,11,89
117000077,248,96,152
117000078,99,440,-341
117000079,353,157,196
117000080,0,321,-321
117000081,594,90,504
117000082,33,159,-126
117000083,119,26,93
117000084,201,2,199
117000085,701,949,-248
117000086,673,243,430
117000087,179,474,-295
117000088,750,116,634
117000089,4391,137,4254
117000090,502,366,136
117000091,2328,125,2203
117000092,493,433,60
117000093,3668,247,3421
117000094,822,553,269
117000095,5208,253,4955
117000096,673,602,71
117000097,4032,693,3339
117000098,1522,1226,296
117000099,7224,664,6560
117000100,356,287,69
117000101,77,348,-271
117000102,3207,395,2812
117000103,247,722,-475
117000104,3273,360,2913
117000105,374,617,-243
117000106,3153,258,2895
117000107,471,795,-324
117000108,4280,808,3472
117000109,625,1144,-519
117000110,2201,2729,-528
117000111,4906,3440,1466
117000112,6092,931,5161
117000113,120,64,56
117000114,475,99,376
117000115,48,30,18
117000116,312,129,183
117000117,1661,1017,644
117000118,638,619,19
117000119,118,691,-573
117000120,23,747,-724
117000121,26,1114,-1088
117000122,1283,1998,-715
117000123,2130,51,2079
117000124,20,185,-165
117000125,63,478,-415
117000126,37,38,-1
117000127,92,548,-456
117000128,59,1042,-983
117000129,166,1146,-980
117000130,330,0,330
117000131,0,164,-164
117000132,8605,34,8571
117000133,6885,76,6809
117000134,1,149,-148
117000135,2,165,-163
117000136,0,43,-43
117000137,410,124,286
117000138,2,854,-852
117000140,283,514,-231
117000141,2651,273,2378
117000181,344,121,223
117000182,2661,2767,-106
117000195,118,272,-154
117000196,630,223,407
117000225,127,417,-290
117000226,3,251,-248
117000276,866,83,783
117000277,0,119,-119
117000310,1120,3927,-2807
117000315,233,1098,-865
117000320,96,0,96
117000906,1208,24,1184
117000907,4,109,-105
117000908,1,211,-210
117000909,133,108,25
117000910,300,79,221
117000911,31,75,-44
117000915,6,124,-118
117000916,253,11,242
117000917,2061,87,1974
117000918,396,62,334
117000919,0,21,-21
117000920,2,726,-724
117000921,0,427,-427
117000922,20,62,-42
117000924,2019,1046,973
117000926,511,338,173
117000927,314,564,-250
117000928,0,98,-98
117000929,1109,104,1005
117000930,1518,7,1511
117000931,141,81,60
117900002,46,1058,-1012
117900003,75,92,-17
117900005,3,345,-342
117900006,0,34,-34
117900007,288,85,203
117900008,0,21,-21
117900010,614,38,576
117900011,6,689,-683
117900012,165,82,83
117900013,0,179,-179
117900014,1266,128,1138
117900015,33,90,-57
117900016,817,1544,-727
117900017,1522,337,1185
117900018,654,482,172
117900019,1543,211,1332
117900020,60,148,-88
117900021,40,180,-140
117900022,42,1,41
117900023,3094,146,2948
117900024,163,204,-41
117900025,16,2,14
117900026,1068,257,811
117900028,158,12,146
117900029,715,259,456
117900030,253,529,-276
117900031,621,395,226
117900032,1484,576,908
117900033,858,298,560
117900034,127,44,83
117900035,506,157,349
117900036,543,226,317
117900037,447,48,399
117900038,42,93,-51
117900039,0,19,-19
117900040,250,64,186
117900041,0,27,-27
117900042,1983,707,1276
117900043,0,11,-11
117900044,72,6389,-6317
117900045,603,86,517
117900048,538,75,463
117900049,536,533,3
117900050,4,434,-430
117900051,30,29,1
117900052,200,919,-719
117900053,3042,143,2899
117900054,2,2,0
117900055,1446,373,1073
117900056,29,223,-194
117900057,1140,693,447
117900058,14,99,-85
117900059,161,247,-86
117900060,4736,1231,3505
117900061,4,448,-444
117900063,957,198,759
117900065,224,512,-288
117900066,4,217,-213
117900067,1733,180,1553
117900069,1685,120,1565
117900070,38,480,-442
117900071,413,140,273
117900073,1906,71,1835
117900074,18,573,-555
117900075,275,139,136
117900076,35,133,-98
117900077,1521,68,1453
117900078,677,465,212
117900080,354,41,313
117900081,123,147,-24
117900082,1330,324,1006
117900083,1706,510,1196
117900086,383,88,295
117900087,236,11,225
117900088,517,727,-210
117900089,4076,381,3695
117900090,1388,730,658
117900091,220,34,186
117900092,451,48,403
117900093,265,25,240
117900094,108,32,76
117900095,1139,1063,76
117900096,403,304,99
117900097,269,84,185
117900098,209,15,194
117900099,569,768,-199
117900100,1559,0,1559
117900101,1408,3443,-2035
117900102,152,42,110
117900103,159,17,142
117900104,6,482,-476
117900105,34,137,-103
117900106,151,22,129
117900107,193,1,192
117900109,2896,895,2001
117900110,633,0,633
117900111,2598,299,2299
117900112,240,3,237
117900113,944,3712,-2768
117900114,155,0,155
117900115,51,284,-233
117900116,413,271,142
117900117,1613,177,1436
117900118,612,3,609
117900119,590,29,561
117900120,1284,6,1278
117900121,138,37,101
117900122,1001,9586,-8585
117900123,1241,737,504
117900124,257,326,-69
117900125,2131,709,1422
117900126,68,155,-87
117900127,944,192,752
117900128,649,329,320
117900129,325,1,324
117900130,1420,219,1201
117900131,7,83,-76
117900132,1,28,-27
117900133,21,18,3
117900134,55,345,-290
117900135,20,55,-35
117900136,0,2,-2
117900137,22,137,-115
117900138,0,1,-1
117900139,87,100,-13
117900140,5594,760,4834
117900141,21,355,-334
117900142,13,647,-634
117900144,23,851,-828
117900145,2,652,-650
117900146,133,563,-430
117900147,171,138,33
117900148,2616,4598,-1982
117900149,68,86,-18
117900150,139,92,47
117900151,63,175,-112
117900152,28,127,-99
117900153,26,305,-279
117900154,845,375,470
117900156,177,291,-114
117900157,116,237,-121
117900158,635,44,591
117900160,1721,773,948
117900161,644,486,158
117900162,1105,322,783
117900163,46,1130,-1084
117900165,0,2,-2
117900166,7,151,-144
117900168,119,140,-21
117900169,0,53,-53
117900170,0,14,-14
117900171,11,2,9
117900172,3,8,-5
117900173,56,27,29
117900174,26,14,12
117900175,9,11,-2
117900176,43,28,15
117900177,17,4,13
117900178,33,14,19
117900180,219,23,196
117900181,20,829,-809
117900182,1,106,-105
117900183,291,115,176
117900184,65,36,29
117900185,77,29,48
117900186,158,28,130
117900187,31,10,21
117900188,128,8,120
117900189,100,8,92
117900190,4,0,4
117900191,74,0,74
117900192,271,2,269
117900193,17,20,-3
117900194,7,1,6
117900195,32,107,-75
117900196,32,5,27
117900207,71,99,-28
117900208,22,37,-15
117900209,232,100,132
117900210,167,66,101
117900211,1,59,-58
117900212,206,105,101
117900213,140,10,130
117900214,42,17,25
117900215,65,28,37
117900216,30,84,-54
117900217,82,211,-129
117900218,96,200,-104
117900219,6,214,-208
117900220,8,312,-304
117900222,385,131,254
117900223,111,582,-471
118000001,688,2106,-1418
118000002,501,1089,-588
118000003,2022,3769,-1747
118000004,908,3507,-2599
118000005,4083,2336,1747
118000006,2799,3703,-904
118000007,5366,10890,-5524
118000008,1053,9563,-8510
118000009,1416,3707,-2291
118000010,3358,3782,-424
118000011,3592,1427,2165
118000012,1174,1251,-77
118000013,2541,2388,153
118000014,1651,962,689
118000016,418,152,266
118000017,804,381,423
118000018,410,156,254
118000019,1091,1843,-752
118000020,356,1639,-1283
118000021,491,2066,-1575
118000022,1125,511,614
118000023,491,329,162
118000024,580,602,-22
118000027,8812,6114,2698
118000029,621,628,-7
118000032,336,1573,-1237
118000033,1610,3790,-2180
118000034,2165,2402,-237
118000035,1539,1725,-186
118000036,1041,828,213
118000037,844,1117,-273
118000038,1084,68,1016
118000039,204,55,149
118000040,2717,1265,1452
118000041,4559,1726,2833
118000045,132,228,-96
118000046,603,1354,-751
118000047,417,2513,-2096
118000048,1623,3481,-1858
118000051,1133,3253,-2120
118000052,551,1178,-627
118000053,409,2014,-1605
118000054,2973,809,2164
118000055,2046,1448,598
118000056,80,437,-357
118000057,177,353,-176
118000058,2077,5343,-3266
118000059,1325,3359,-2034
118000060,1632,705,927
118000061,1857,1560,297
118000062,478,200,278
118000063,320,757,-437
118000064,793,1160,-367
118000065,1979,2066,-87
118000066,1288,2831,-1543
118000067,381,688,-307
118000068,671,12858,-12187
118000069,948,1253,-305
118000070,5221,2655,2566
118000071,4042,14106,-10064
118000072,697,5088,-4391
118000073,394,2402,-2008
118000074,300,623,-323
118000075,588,348,240
118000076,1889,10188,-8299
118000077,849,1018,-169
118000078,2337,2363,-26
118000079,187,571,-384
118000080,389,711,-322
118000081,1581,1651,-70
118000082,270,983,-713
118000083,1211,1264,-53
118000084,1253,3556,-2303
118000086,82,829,-747
118000087,3095,2199,896
118000088,1413,1712,-299
118000089,3669,3968,-299
118000090,1204,4332,-3128
118000091,1020,7054,-6034
118000092,754,594,160
118000093,62,737,-675
118000096,780,416,364
118000097,651,481,170
118000098,217,191,26
118000099,892,273,619
118000101,2432,364,2068
118000102,466,425,41
118000107,1568,288,1280
118000108,640,9324,-8684
118000110,1,17,-16
118000111,0,134,-134
118000112,2573,25,2548
118000113,1,217,-216
118000114,2346,45,2301
118000115,20,32,-12
118000116,117,0,117
118000117,669,652,17
118000118,1422,1166,256
118000119,1977,1377,600
118000120,1215,661,554
118000121,25,430,-405
118000122,319,202,117
118000123,78,233,-155
118000125,712,1340,-628
118000126,864,3197,-2333
118000127,1271,701,570
118000128,346,1093,-747
118000129,1865,1087,778
118000130,1669,2668,-999
118000131,373,797,-424
118000132,2708,2618,90
118000133,2352,815,1537
118000135,753,887,-134
118000136,163,494,-331
118000137,478,51,427
118000138,499,322,177
118000139,634,91,543
118000140,4590,10139,-5549
118000141,3889,1604,2285
118000142,4055,1669,2386
118000143,4012,1399,2613
118000144,492,205,287
118000145,1326,424,902
118000146,1541,254,1287
118000147,1425,596,829
118000148,1299,1700,-401
118000149,1027,290,737
118000150,1420,213,1207
118000151,953,160,793
118000153,2300,609,1691
118000154,2238,614,1624
118000155,3371,641,2730
118000156,2084,4333,-2249
118000157,685,238,447
118000158,229,726,-497
118000159,58,72,-14
118000160,994,255,739
118000161,825,312,513
118000162,1580,848,732
118000163,1416,1002,414
118000164,2117,1313,804
118000168,525,2055,-1530
118000169,938,779,159
118000170,2677,2063,614
118000171,590,267,323
118000172,30,112,-82
118000173,577,1341,-764
118000175,271,188,83
118000176,526,215,311
118000177,470,268,202
118000178,14,35,-21
118000179,687,625,62
118000180,546,357,189
118000181,465,146,319
118000182,253,95,158
118000183,228,191,37
118000184,1683,379,1304
118000185,427,2060,-1633
118000186,344,1408,-1064
118000187,3231,298,2933
118000188,1638,41,1597
118000189,2259,149,2110
118000190,11,1,10
118000191,47,8,39
118000192,34,292,-258
118000193,58,306,-248
118000194,2056,980,1076
118000195,256,3610,-3354
118000196,41,687,-646
118000197,70,371,-301
118000198,320,2302,-1982
118000199,304,1276,-972
118000200,184,870,-686
118000201,119,1193,-1074
118000202,46,686,-640
118000203,285,2103,-1818
118000204,51,727,-676
118000205,88,322,-234
118000206,244,215,29
118000207,1,67,-66
118000208,2162,1311,851
118000209,2687,428,2259
118000210,425,17,408
118000211,304,53,251
118000213,724,4356,-3632
118000214,247,777,-530
118000215,569,89,480
118000216,11767,2165,9602
118000217,13,34,-21
118000218,132,23,109
118000219,297,298,-1
118000220,84,36,48
118000221,1891,1479,412
118000222,119,2,117
118000223,93,61,32
118000224,92,69,23
118000225,243,664,-421
118000226,2710,193,2517
118000227,522,491,31
118000228,24,222,-198
118000229,36,660,-624
118000230,192,166,26
118000231,81,176,-95
118000232,1098,181,917
118000233,2046,359,1687
118000234,813,62,751
118000236,269,362,-93
118000237,165,165,0
118000238,296,39,257
118000239,412,271,141
118000240,68,90,-22
118000241,391,119,272
118000242,1198,159,1039
118000243,431,86,345
118000244,132,33,99
118000246,0,40,-40
118000255,42,217,-175
118000256,324,189,135
118000259,23,102,-79
118000260,415,24,391
118000261,121,6,115
118000263,104,262,-158
118000266,166,102,64
118000267,0,119,-119
118000268,385,2,383
118000270,346,1,345
118000271,452,68,384
118000272,58,26,32
118000273,602,37,565
118000274,72,213,-141
118000276,495,137,358
118000295,42,152,-110
118000298,172,72,100
118000299,35,25,10
118000301,0,50,-50
118000302,138,10,128
118000311,2296,52,2244
118000312,756,73,683
118000313,111,54,57
118000314,303,20,283
118000315,186,14,172
118000316,1216,160,1056
118000325,156,11,145
118000326,55,42,13
118000331,95,9,86
118000332,5,7,-2
118000333,95,30,65
118000335,1693,15,1678
118000336,0,211,-211
118000407,681,26,655
118000457,3,70,-67
118000465,490,2659,-2169
118000480,106,30,76
118000489,11,899,-888
118000490,5,206,-201
118000492,1149,84,1065
118000510,82,8,74
118000514,73,325,-252
118000515,799,2543,-1744
118000517,262,201,61
118000524,255,475,-220
118000525,390,671,-281
118000530,28,223,-195
118000531,746,142,604
118000532,252,101,151
118000533,207,80,127
118000534,782,161,621
118000535,556,81,475
118000536,42,389,-347
118000537,46,78,-32
118000538,3,47,-44
118000539,24,190,-166
118000540,216,151,65
118000541,49,125,-76
118000542,157,316,-159
118000543,455,194,261
118000546,70,19,51
118000553,0,0,0
118000557,0,0,0
118000560,791,3620,-2829
118000562,163,47,116
118000563,1449,662,787
118000576,177,15,162
118000577,229,107,122
118000578,91,11,80
118000579,490,2149,-1659
118000583,0,1,-1
118000595,240,57,183
118000596,1,224,-223
118000597,351,51,300
118000598,8,0,8
118000599,213,24,189
118000600,7,1,6
118000601,0,0,0
118000602,0,13,-13
118000603,0,7,-7
118900001,555,1372,-817
118900002,793,1107,-314
118900003,1416,5,1411
118900004,93,13,80
118900005,98,6,92
118900006,247,1,246
118900007,4,2,2
118900008,803,12,791
118900009,240,276,-36
118900010,103,8,95
118900011,284,35,249
118900012,213,120,93
118900013,1300,1143,157
118900015,752,36,716
118900016,0,5,-5
118900017,18,321,-303
118900018,1305,37,1268
118900019,15,6,9
118900020,18,85,-67
118900021,154,663,-509
118900022,115,12,103
118900023,56,99,-43
118900024,165,111,54
118900025,28,47,-19
118900026,31,9,22
118900027,389,127,262
118900028,217,128,89
118900029,304,355,-51
118900030,1506,67,1439
118900031,81,32,49
118900032,320,87,233
118900033,520,814,-294
118900034,410,17,393
118900035,67,74,-7
118900036,1841,262,1579
118900037,507,900,-393
118900038,777,53,724
118900039,1885,119,1766
118900040,270,67,203
118900041,1223,146,1077
118900042,81,49,32
118900045,194,155,39
118900046,271,341,-70
118900047,224,443,-219
118900048,103,539,-436
118900049,32,11,21
118900050,255,8,247
118900051,113,84,29
118900052,314,442,-128
118900053,6,29,-23
118900054,118,6,112
118900055,403,3,400
118900056,33,238,-205
118900057,815,480,335
118900058,803,523,280
118900059,23,54,-31
118900060,233,47,186
118900062,425,54,371
118900064,117,855,-738
118900065,77,265,-188
118900066,151,30,121
118900067,2403,5886,-3483
118900068,5,915,-910
118900069,902,102,800
118900071,2,7,-5
118900072,706,1069,-363
118900073,499,71,428
118900074,215,42,173
118900075,425,7,418
118900076,282,39,243
118900077,645,140,505
118900078,2,0,2
118900079,30,111,-81
118900080,391,82,309
118900081,42,38,4
118900082,3279,295,2984
118900083,30,5,25
118900084,8,1,7
118900085,196,156,40
118900086,52,85,-33
118900087,184,1686,-1502
118900088,1,5,-4
118900089,15,9,6
118900090,164,94,70
118900091,140,319,-179
118900092,571,8,563
118900093,60,9,51
118900096,33,2,31
118900097,337,201,136
118900099,23,64,-41
118900100,88,76,12
118900101,507,123,384
118900102,50,65,-15
118900103,19,63,-44
118900104,510,96,414
118900105,146,46,100
118900107,51,17,34
118900108,100,97,3
118900110,1082,1754,-672
118900111,1211,357,854
118900112,424,194,230
118900113,73,120,-47
118900114,5,50,-45
118900115,88,270,-182
118900116,172,61,111
118900117,214,39,175
118900118,636,115,521
118900119,241,90,151
118900120,87,274,-187
118900121,33,115,-82
118900122,5,798,-793
118900123,145,202,-57
118900124,283,161,122
118900126,79,157,-78
118900129,467,64,403
118900130,4,82,-78
118900131,727,198,529
118900132,513,157,356
118900133,15,230,-215
118900135,340,87,253
118900136,451,125,326
118900137,7,102,-95
118900139,576,192,384
118900140,652,271,381
118900141,173,188,-15
118900144,253,109,144
118900145,19,178,-159
118900146,621,286,335
118900147,87,364,-277
118900148,45,38,7
118900150,75,691,-616
118900152,410,220,190
118900157,27,183,-156
118900158,459,34,425
118900159,0,89,-89
118900161,82,34,48
118900163,45,29,16
118900164,0,43,-43
118900165,101,97,4
118900166,3,0,3
118900167,118,67,51
118900168,55,108,-53
118900169,284,203,81
118900170,633,62,571
118900171,76,5,71
118900174,12,10,2
118900175,694,182,512
118900176,281,136,145
118900177,183,14,169
118900178,115,92,23
118900179,8,10,-2
118900181,161,16,145
118900182,11,38,-27
118900183,19,101,-82
118900184,255,34,221
118900185,212,38,174
118900186,96,62,34
118900187,109,413,-304
118900188,272,126,146
118900189,32,505,-473
118900190,152,103,49
118900191,900,50,850
118900192,1105,37,1068
118900193,2212,10,2202
118900195,118,441,-323
118900196,39,79,-40
118900197,775,16,759
118900198,122,0,122
118900199,178,16,162
118900200,79,49,30
118900201,82,85,-3
118900202,0,30,-30
118900203,113,9,104
118900204,44,3,41
118900205,1,3,-2
118900206,2,2,0
119000001,1697,1670,27
119000002,3494,3403,91
119000003,6391,742,5649
119000004,4480,2132,2348
119000005,2922,2563,359
119000006,6013,2039,3974
119000007,5062,4776,286
119000008,1933,1619,314
119000009,2516,8759,-6243
119000010,3859,5617,-1758
119000011,2046,2900,-854
119000012,1064,4788,-3724
119000013,3501,1830,1671
119000014,2017,2989,-972
119000019,297,198,99
119000020,3761,1736,2025
119000021,7058,4127,2931
119000022,1335,5123,-3788
119000023,138,463,-325
119000024,1923,27886,-25963
119000025,3105,1592,1513
119000026,40,753,-713
119000027,116,618,-502
119000028,1910,640,1270
119000029,34,131,-97
119000030,767,787,-20
119000031,1700,581,1119
119000032,1498,1346,152
119000033,2732,763,1969
119000034,2406,470,1936
119000035,25,129,-104
119000036,3882,288,3594
119000037,2339,574,1765
119000038,410,268,142
119000039,851,638,213
119000040,651,919,-268
119000041,1426,2478,-1052
119000048,1823,930,893
119000049,4016,1195,2821
119000050,1184,1337,-153
119000051,3465,833,2632
119000052,2610,2032,578
119000053,2975,729,2246
119000054,3774,673,3101
119000055,7845,1062,6783
119000056,5372,1115,4257
119000057,2014,485,1529
119000058,1212,623,589
119000059,679,415,264
119000060,3065,378,2687
119000061,872,219,653
119000062,1184,481,703
119000063,865,781,84
119000064,501,432,69
119000065,954,1972,-1018
119000066,2254,1185,1069
119000067,1275,640,635
119000068,2792,375,2417
119000069,2723,876,1847
119000070,5563,296,5267
119000071,281,262,19
119000072,3346,2171,1175
119000073,5580,11359,-5779
119000074,2106,635,1471
119000075,6945,1889,5056
119000076,188,254,-66
119000077,1332,182,1150
119000078,686,59,627
119000079,387,222,165
119000080,1239,112,1127
119000081,435,258,177
119000082,1354,143,1211
119000083,796,488,308
119000084,487,154,333
119000085,435,64,371
119000086,375,798,-423
119000087,740,116,624
119000088,300,47,253
119000089,85,105,-20
119000090,112,23,89
119000091,63,206,-143
119000092,155,93,62
119000093,3199,1673,1526
119000094,6306,4657,1649
119000095,3629,2407,1222
119000097,952,587,365
119000098,1396,8197,-6801
119000099,1563,533,1030
119000100,5771,3055,2716
119000101,4786,1326,3460
119000102,375,1894,-1519
119000103,823,561,262
119000104,844,473,371
119000105,1179,3457,-2278
119000106,674,364,310
119000107,2397,678,1719
119000108,1133,295,838
119000109,158,191,-33
119000110,274,131,143
119000111,63,538,-475
119000112,122,36,86
119000113,571,91,480
119000114,1628,2173,-545
119000115,31,156,-125
119000116,101,63,38
119000117,113,317,-204
119000118,47,0,47
119000123,2022,2178,-156
119000124,1882,143,1739
119000125,7622,374,7248
119000126,3535,495,3040
119000127,1146,193,953
119000128,35,1,34
119000131,1539,107,1432
119000132,1,1,0
119000133,6,5,1
119000134,753,833,-80
119000135,364,138,226
119000136,574,60,514
119000137,691,109,582
119000138,1398,31,1367
119000139,158,48,110
119000140,246,354,-108
119000284,1082,1430,-348
119000285,1417,694,723
119000286,2803,2042,761
119000287,1457,1169,288
119000288,2492,501,1991
119000289,1216,1533,-317
119000290,164,276,-112
119000291,74,501,-427
119000293,153,256,-103
119000294,31,27,4
119000295,1883,261,1622
119000296,370,65,305
119000299,0,0,0
119000302,1323,1376,-53
119000303,2,171,-169
119000314,1828,16261,-14433
119000315,0,73,-73
119000316,351,47,304
119000317,280,124,156
119900001,88,2323,-2235
119900002,387,166,221
119900003,1,208,-207
119900004,121,3813,-3692
119900005,325,30,295
119900006,52,478,-426
119900007,355,242,113
119900008,31,10,21
119900009,563,186,377
119900010,790,252,538
119900011,25,557,-532
119900012,14,285,-271
119900013,1252,849,403
119900014,751,49,702
119900015,551,69,482
119900016,109,33,76
119900017,22,70,-48
119900018,468,2696,-2228
119900019,116,3,113
119900020,142,90,52
119900021,217,47,170
119900022,39,1724,-1685
119900023,419,4003,-3584
119900025,782,21,761
119900026,509,64,445
119900027,1,8,-7
119900028,292,418,-126
119900029,4,4,0
119900030,749,168,581
119900031,56,1173,-1117
119900033,984,204,780
119900034,1471,47,1424
119900037,309,35,274
119900038,17,560,-543
119900039,145,6,139
119900040,78,25,53
119900041,416,7,409
119900042,97,78,19
119900043,145,70,75
119900044,177,1054,-877
119900046,464,21,443
119900047,714,405,309
119900048,83,3,80
119900049,234,0,234
119900050,85,122,-37
119900051,1748,8,1740
119900052,276,19,257
119900053,475,58,417
119900054,811,7,804
119900055,1710,177,1533
119900057,816,11,805
119900058,826,15,811
119900059,121,16,105
119900060,614,32,582
119900062,341,6,335
119900063,33,78,-45
119900065,368,4,364
119900066,0,1,-1
119900067,157,64,93
119900068,1219,7,1212
119900069,171,8,163
119900070,1568,4,1564
119900071,1647,43,1604
119900073,716,71,645
119900074,69,30,39
119900075,1073,1337,-264
119900076,1176,199,977
119900077,1866,199,1667
119900078,1009,427,582
119900079,1222,49,1173
119900080,3279,547,2732
119900081,1490,15,1475
119900082,4031,287,3744
119900083,543,35,508
119900084,762,338,424
119900085,61,26,35
119900087,269,419,-150
119900088,38,8,30
119900089,41,108,-67
119900090,57,3,54
119900091,26,195,-169
119900092,3,236,-233
119900093,1768,126,1642
119900094,31,106,-75
119900095,217,17,200
119900096,10,68,-58
119900097,38,169,-131
119900098,29,3,26
119900099,14,85,-71
119900100,381,2655,-2274
119900101,84,574,-490
119900102,27,65,-38
119900103,53,49,4
119900104,24,63,-39
119900105,587,860,-273
119900106,25,50,-25
119900107,208,786,-578
119900108,1997,355,1642
119900109,12,71,-59
119900110,585,220,365
119900111,268,64,204
119900112,461,1199,-738
119900113,32,207,-175
119900114,283,170,113
119900115,969,192,777
119900116,123,417,-294
119900117,335,170,165
119900118,243,163,80
119900119,276,68,208
119900120,370,228,142
119900121,949,167,782
119900122,36,100,-64
119900123,54,141,-87
119900124,361,157,204
119900125,29,54,-25
119900126,1124,201,923
119900127,463,168,295
119900128,742,187,555
119900129,521,93,428
119900130,5,81,-76
119900131,45,73,-28
119900132,0,39,-39
119900133,282,60,222
119900134,219,56,163
119900135,0,166,-166
119900136,70,123,-53
119900138,126,175,-49
119900139,10,180,-170
119900140,10,31,-21
119900141,16,912,-896
119900142,7,23,-16
119900143,14,109,-95
119900144,613,229,384
119900145,19,53,-34
119900146,247,118,129
119900147,0,212,-212
119900148,656,16,640
119900149,360,9043,-8683
119900150,118,77,41
119900151,1798,941,857
119900152,329,72,257
119900153,399,40,359
119900154,62,91,-29
119900155,55,18,37
119900156,10,11,-1
119900157,282,46,236
119900158,349,77,272
119900159,0,207,-207
119900160,16,65,-49
119900161,91,50,41
119900162,1962,661,1301
119900163,39,95,-56
119900164,0,0,0
119900165,198,18,180
119900166,153,17,136
119900167,2,32,-30
119900168,2426,246,2180
119900169,48,212,-164
119900170,260,140,120
119900171,537,199,338
119900172,31,10,21
119900173,0,39,-39
119900174,2,55,-53
119900175,3467,236,3231
119900177,2,42,-40
119900178,1,47,-46
119900179,457,1432,-975
119900180,2127,587,1540
119900181,13,28,-15
119900182,1,63,-62
119900183,104,328,-224
119900184,440,314,126
119900185,82,466,-384
119900186,10,2269,-2259
119900187,7,147,-140
119900188,215,259,-44
119900189,80,207,-127
119900190,78,517,-439
119900191,112,279,-167
119900192,40,68,-28
119900193,1340,119,1221
119900194,36,37,-1
119900195,2,173,-171
119900196,238,205,33
119900197,555,143,412
119900198,129,282,-153
119900199,159,6,153
119900200,1055,312,743
119900201,148,58,90
119900202,28,394,-366
119900203,236,660,-424
119900204,442,220,222
119900205,1746,169,1577
119900206,546,85,461
119900208,107,71,36
119900209,677,2524,-1847
119900210,92,10,82
119900211,21,2,19
119900212,582,278,304
119900213,3,43,-40
119900214,143,29,114
119900215,70,14,56
119900216,23,12,11
119900217,16,10,6
119900218,4,86,-82
119900219,26,42,-16
119900220,8,14,-6
119900221,57,33,24
119900222,4,34,-30
119900223,8,20,-12
119900224,1,9,-8
119900225,184,38,146
119900226,156,2583,-2427
119900227,198,105,93
119900228,5,268,-263
119900229,57,87,-30
119900230,458,193,265
119900231,477,42,435
119900232,193,70,123
119900233,93,4,89
119900234,6,100,-94
119900235,5,27,-22
119900236,3,100,-97
119900237,64,492,-428
119900238,0,49,-49
119900240,112,67,45
119900241,155,138,17
119900242,1466,1527,-61
119900244,546,792,-246
119900245,249,159,90
119900246,259,441,-182
119900247,31,19,12
119900248,45,809,-764
119900249,588,51,537
119900253,671,281,390
119900254,82,1829,-1747
119900255,169,344,-175
119900256,1687,241,1446
119900257,202,1,201
119900258,566,34,532
119900259,25,34,-9
119900260,416,21,395
119900261,686,354,332
119900262,1,57,-56
119900263,1355,114,1241
119900264,142,15,127
119900265,728,137,591
119900266,865,45,820
119900267,97,166,-69
119900268,315,46,269
119900269,1386,375,1011
119900271,23,92,-69
119900272,114,152,-38
119900275,143,20,123
119900276,186,3,183
119900277,8,3,5
119900278,268,57,211
119900279,92,370,-278
119900280,362,25,337
119900281,0,532,-532
119900282,25,115,-90
119900283,8,66,-58
119900284,39,164,-125
119900285,0,88,-88
119900286,0,8,-8
119900288,0,2,-2
119900289,0,1,-1
119900290,12,1,11
119900291,0,27,-27
119900292,40,120,-80
119900293,44,14,30
119900294,58,2,56
119900295,0,0,0
119900296,0,0,0
119900299,93,84,9
119900300,517,232,285
119900301,34,170,-136
119900302,32,121,-89
119900303,794,144,650
119900304,513,6,507
119900305,1,24,-23
119900306,8,2,6
119900307,129,19,110
119900308,2,16,-14
119900309,43,393,-350
119900310,211,99,112
119900311,243,11,232
119900312,157,16,141
119900313,152,125,27
119900314,400,486,-86
119900315,3233,571,2662
119900318,15,180,-165
119900319,32,109,-77
119900320,543,125,418
119900321,541,45,496
119900322,7,18,-11
119900323,0,30,-30
119900324,1,117,-116
119900325,390,99,291
119900326,60,17,43
120000001,8558,38302,-29744
120000002,2496,2168,328
120000003,1852,566,1286
120000004,2384,708,1676
120000005,2232,824,1408
120000006,1789,623,1166
120000007,2320,4914,-2594
120000008,1303,568,735
120000009,1162,750,412
120000010,2346,1862,484
120000011,1179,706,473
120000012,2007,1023,984
120000013,4597,2178,2419
120000014,1228,1117,111
120000015,3044,1341,1703
120000016,5155,1755,3400
120000017,5455,5834,-379
120000018,2610,24077,-21467
120000019,1500,1302,198
120000020,1927,2705,-778
120000021,1664,982,682
120000022,2642,2858,-216
120000023,1716,1081,635
120000024,1007,1183,-176
120000025,3272,835,2437
120000026,5004,1216,3788
120000027,2609,1758,851
120000028,712,1248,-536
120000029,1162,908,254
120000030,161,1100,-939
120000031,2232,5776,-3544
120000032,3798,1454,2344
120000033,4673,727,3946
120000034,6391,734,5657
120000035,4951,946,4005
120000036,3300,5196,-1896
120000037,463,2576,-2113
120000038,3001,1916,1085
120000039,472,1034,-562
120000040,43,2445,-2402
120000041,800,872,-72
120000042,4473,1387,3086
120000043,8182,1069,7113
120000044,10580,1468,9112
120000045,11462,577,10885
120000046,7467,6410,1057
120000047,588,16109,-15521
120000048,6715,3056,3659
120000049,5732,2205,3527
120000050,4253,3599,654
120000051,2119,4830,-2711
120000052,5916,583,5333
120000053,1185,985,200
120000054,1123,1817,-694
120000055,1433,2297,-864
120000056,4413,3204,1209
120000057,4488,1097,3391
120000058,1506,730,776
120000059,21,2515,-2494
120000061,192,640,-448
120000062,118,124,-6
120000063,458,2331,-1873
120000064,351,549,-198
120000065,477,1059,-582
120000066,221,177,44
120000067,13,135,-122
120000068,486,155,331
120000069,1098,240,858
120000070,311,352,-41
120000071,1724,87,1637
120000072,2043,325,1718
120000073,1978,43,1935
120000074,83,71,12
120000075,1935,297,1638
120000076,4564,440,4124
120000077,4587,442,4145
120000078,2583,824,1759
120000079,411,119,292
120000080,165,121,44
120000081,428,65,363
120000082,421,143,278
120000083,56,705,-649
120000084,138,142,-4
120000085,219,166,53
120000086,234,169,65
120000087,275,167,108
120000088,723,526,197
120000089,994,183,811
120000090,770,271,499
120000091,1798,528,1270
120000092,1103,278,825
120000093,1723,325,1398
120000094,433,407,26
120000095,892,123,769
120000096,395,273,122
120000098,1066,517,549
120000099,518,275,243
120000100,993,325,668
120000101,998,228,770
120000102,1269,1221,48
120000103,2260,871,1389
120000104,3723,261,3462
120000105,4136,164,3972
120000106,6139,190,5949
120000107,10893,233,10660
120000108,3758,85,3673
120000109,1960,39,1921
120000110,46,471,-425
120000111,98,380,-282
120000112,386,810,-424
120000113,364,764,-400
120000114,363,592,-229
120000115,264,617,-353
120000116,318,664,-346
120000117,310,464,-154
120000118,53,39,14
120000119,14,44,-30
120000120,299,442,-143
120000121,14,17,-3
120000122,217,1640,-1423
120000123,1785,14459,-12674
120000124,491,394,97
120000125,1719,503,1216
120000126,604,1203,-599
120000127,932,748,184
120000128,2497,2825,-328
120000129,186,165,21
120000130,961,354,607
120000131,755,419,336
120000134,311,159,152
120000135,1716,678,1038
120000137,472,151,321
120000138,3597,137,3460
120000139,707,149,558
120000140,3098,117,2981
120000141,478,321,157
120000142,1240,498,742
120000143,0,17,-17
120000144,241,33,208
120000145,1011,0,1011
120000146,753,1014,-261
120000149,380,354,26
120000150,1264,14299,-13035
120000151,984,185,799
120000152,2241,79,2162
120000153,1337,285,1052
120000154,866,922,-56
120000155,550,571,-21
120000156,581,3328,-2747
120000157,2480,261,2219
120000158,1600,339,1261
120000159,2330,961,1369
120000160,1995,1449,546
120000161,5861,2797,3064
120000162,148,287,-139
120000163,1249,319,930
120000164,1246,130,1116
120000165,2232,207,2025
120000166,3308,270,3038
120000167,91,140,-49
120000168,3,428,-425
120000169,3,1100,-1097
120000170,19,1030,-1011
120000171,2,240,-238
120000172,4,253,-249
120000173,92,458,-366
120000174,20,64,-44
120000175,9,26,-17
120000176,6,38,-32
120000177,370,117,253
120000178,7,24,-17
120000179,15,46,-31
120000180,12,59,-47
120000181,15,575,-560
120000182,5,585,-580
120000183,0,126,-126
120000184,62,676,-614
120000186,16,469,-453
120000187,4,583,-579
120000188,10,152,-142
120000190,18,11,7
120000191,54,20,34
120000192,55,3,52
120000193,23,1,22
120000195,6,0,6
120000196,12,2,10
120000197,10,6,4
120000198,584,20,564
120000199,547,0,547
120000200,358,0,358
120000201,14,104,-90
120000202,1,51,-50
120000203,353,94,259
120000207,13,17,-4
120000208,27,36,-9
120000209,28,7,21
120000210,10,21,-11
120000211,1147,6,1141
120000212,879,0,879
120000213,846,52,794
120000214,2,34,-32
120000215,9,29,-20
120000216,1055,62,993
120000217,171,906,-735
120000218,32,504,-472
120000219,5,229,-224
120000220,0,626,-626
120000225,4426,1,4425
120000226,1154,34,1120
120000227,1622,198,1424
120000228,8057,6079,1978
120000230,706,23,683
120000231,3213,390,2823
120000233,1633,67,1566
120000235,638,214,424
120000236,4104,3,4101
120000237,1,586,-585
120000238,2,336,-334
120000241,1531,7122,-5591
120000412,435,20,415
120000413,1256,141,1115
120000414,548,3,545
120000415,2,14,-12
120000416,381,20,361
120000417,32,309,-277
120000418,671,36,635
120000419,33,94,-61
120000420,25,10,15
120000421,7388,3537,3851
120000422,88,4897,-4809
120000423,2,284,-282
120000424,953,36,917
120000436,68,2088,-2020
120000437,25,68,-43
120000438,1085,265,820
120000439,356,956,-600
120000443,396,0,396
120000444,3231,434,2797
120000445,2969,1138,1831
120000446,949,87,862
120000447,1171,1,1170
120000449,541,29,512
120000450,10,53,-43
120000451,325,52,273
120000452,228,1,227
120000453,0,28,-28
120000454,46,172,-126
120000455,203,19,184
120000456,926,6859,-5933
120000457,314,158,156
120000458,237,264,-27
120000459,417,81,336
120000665,110,269,-159
120000668,66,1138,-1072
120000669,837,46,791
120000670,57,231,-174
120000671,4477,1352,3125
120000672,63,301,-238
120900001,69,41,28
120900002,154,716,-562
120900003,190,9,181
120900004,29,220,-191
120900005,637,309,328
120900006,1536,142,1394
120900007,246,79,167
120900008,835,333,502
120900009,296,8,288
120900010,1248,147,1101
120900011,21,159,-138
120900012,32,1625,-1593
120900013,558,73,485
120900014,0,128,-128
120900015,1993,66,1927
120900016,3419,70,3349
120900017,1157,104,1053
120900018,618,116,502
120900019,577,399,178
120900020,430,427,3
120900021,420,78,342
120900022,5,63,-58
120900023,844,120,724
120900024,1314,346,968
120900025,954,400,554
120900026,140,52,88
120900027,706,17,689
120900028,1159,249,910
120900029,23,1533,-1510
120900030,3479,332,3147
120900031,519,91,428
120900032,3112,80,3032
120900033,2699,116,2583
120900034,11,4059,-4048
120900035,47,66,-19
120900037,716,18,698
120900038,165,722,-557
120900039,188,27,161
120900040,941,21,920
120900041,46,31,15
120900042,1268,28,1240
120900043,282,112,170
120900044,1,624,-623
120900045,170,13,157
120900046,1691,2,1689
120900047,226,298,-72
120900048,367,29,338
120900049,1570,12,1558
120900050,614,5703,-5089
120900051,985,76,909
120900052,2751,10,2741
120900053,975,37,938
120900054,706,213,493
120900055,1280,4,1276
120900056,1303,74,1229
120900057,690,22,668
120900058,1764,2,1762
120900059,278,11,267
120900060,149,13,136
120900061,196,116,80
120900062,725,0,725
120900063,2053,43,2010
120900064,1754,1,1753
120900065,1547,4,1543
120900066,2586,71,2515
120900067,391,98,293
120900068,1119,2,1117
120900069,1144,12,1132
120900071,72,1,71
120900072,2007,21,1986
120900073,1835,52,1783
120900074,2673,129,2544
120900076,1536,0,1536
120900077,1042,371,671
120900078,1551,193,1358
120900079,2588,74,2514
120900080,2350,372,1978
120900081,3809,506,3303
120900082,402,451,-49
120900083,212,2,210
120900084,739,589,150
120900085,22,38,-16
120900086,40,1046,-1006
120900087,654,223,431
120900088,252,1136,-884
120900089,1315,6257,-4942
120900090,428,2,426
120900091,206,904,-698
120900092,116,134,-18
120900093,685,78,607
120900094,162,96,66
120900095,448,18,430
120900096,152,191,-39
120900097,459,246,213
120900098,41,93,-52
120900099,31,37,-6
120900100,43,66,-23
120900101,51,51,0
120900102,96,25,71
120900103,169,181,-12
120900104,9,8,1
120900105,5,145,-140
120900106,247,101,146
120900107,116,53,63
120900108,26,176,-150
120900109,52,162,-110
120900110,3,166,-163
120900111,276,181,95
120900112,5,178,-173
120900113,21,199,-178
120900114,29,122,-93
120900115,151,203,-52
120900116,1924,123,1801
120900117,16,94,-78
120900118,32,357,-325
120900119,5184,2033,3151
120900120,49,259,-210
120900121,21,172,-151
120900122,2224,185,2039
120900123,12,93,-81
120900124,2,175,-173
120900125,4,163,-159
120900126,145,294,-149
120900127,15,118,-103
120900128,153,536,-383
120900129,3,139,-136
120900130,9,175,-166
120900131,46,77,-31
120900132,1868,88,1780
120900133,15,332,-317
120900134,75,157,-82
120900135,5,329,-324
120900136,36,104,-68
120900137,761,33,728
120900138,0,107,-107
120900139,2,232,-230
120900140,3,225,-222
120900141,384,88,296
120900142,1,83,-82
120900143,0,174,-174
120900144,0,62,-62
120900145,138,565,-427
120900146,0,161,-161
120900147,1,3,-2
120900148,327,62,265
120900149,1,108,-107
120900150,128,129,-1
120900151,0,91,-91
120900152,2,1,1
120900153,0,0,0
120900154,0,61,-61
120900155,397,213,184
120900156,602,126,476
120900157,1,5,-4
120900158,80,145,-65
120900159,0,36,-36
120900160,16,399,-383
120900161,16,364,-348
120900162,11,214,-203
120900163,23,331,-308
120900164,0,21,-21
120900165,2,34,-32
120900166,98,530,-432
120900167,196,18,178
120900169,237,154,83
120900170,219,6858,-6639
120900171,299,66,233
120900172,18,716,-698
120900173,0,25,-25
120900174,14,86,-72
120900175,142,71,71
120900176,14,534,-520
120900177,2,2841,-2839
120900178,0,966,-966
120900179,95,138,-43
120900180,37,106,-69
120900181,19,9,10
120900182,31,61,-30
120900183,260,20,240
120900184,104,68,36
120900185,171,1281,-1110
120900186,1,117,-116
120900187,1454,352,1102
120900188,926,2,924
120900189,26,6009,-5983
120900190,502,11,491
120900191,305,4,301
120900192,3926,23322,-19396
120900194,173,120,53
120900195,77,78,-1
120900196,467,14,453
120900197,1140,56,1084
120900198,55,213,-158
120900199,281,397,-116
120900200,37,72,-35
120900201,183,42,141
120900202,0,95,-95
120900203,38,23,15
120900204,52,106,-54
120900205,88,32,56
120900206,98,87,11
120900207,28,449,-421
121000001,893,1253,-360
121000002,2647,2163,484
121000003,5037,1934,3103
121000004,1885,3817,-1932
121000005,2573,2740,-167
121000006,2754,2916,-162
121000007,3145,4323,-1178
121000008,4025,4914,-889
121000009,5084,8143,-3059
121000010,5988,6115,-127
121000011,5853,5838,15
121000012,11183,4340,6843
121000013,5362,4833,529
121000014,4598,3063,1535
121000015,4645,6884,-2239
121000016,3635,5025,-1390
121000017,2937,1698,1239
121000018,3423,1757,1666
121000019,6651,7309,-658
121000020,7715,13012,-5297
121000021,1672,1837,-165
121000022,2793,3151,-358
121000023,2334,626,1708
121000024,5012,4690,322
121000025,280,1847,-1567
121000026,180,175,5
121000027,1264,1235,29
121000028,880,615,265
121000029,1072,595,477
121000030,745,401,344
121000031,365,458,-93
121000032,149,130,19
121000034,317,595,-278
121000035,131,262,-131
121000036,1242,1182,60
121000037,645,948,-303
121000038,383,1280,-897
121000039,141,338,-197
121000041,420,332,88
121000042,190,384,-194
121000043,347,431,-84
121000044,1087,1440,-353
121000045,538,336,202
121000046,1085,717,368
121000047,42,99,-57
121000049,779,474,305
121000050,221,1544,-1323
121000051,811,290,521
121000052,488,899,-411
121000053,321,237,84
121000054,53,407,-354
121000055,790,2289,-1499
121000056,735,1529,-794
121000057,139,329,-190
121000058,143,71,72
121000059,3850,858,2992
121000060,780,1276,-496
121000061,16,521,-505
121000062,51,644,-593
121000063,952,1071,-119
121000064,837,842,-5
121000065,152,455,-303
121000066,554,609,-55
121000067,286,879,-593
121000068,470,657,-187
121000069,111,1456,-1345
121000070,1034,763,271
121000071,2045,1479,566
121000072,506,494,12
121000073,1084,941,143
121000074,80,152,-72
121000075,15,58,-43
121000076,363,258,105
121000077,110,93,17
121000078,80,161,-81
121000080,1259,341,918
121000081,2856,3813,-957
121000082,59,149,-90
121000083,38,72,-34
121000084,114,156,-42
121000085,173,422,-249
121000086,1242,792,450
121000087,56,206,-150
121000088,869,973,-104
121000089,101,548,-447
121000090,289,329,-40
121000091,1545,816,729
121000092,245,58,187
121000093,330,180,150
121000094,354,986,-632
121000095,171,746,-575
121000096,6276,1572,4704
121000097,466,1835,-1369
121000098,610,479,131
121000099,938,406,532
121000100,1570,187,1383
121000101,357,94,263
121000102,665,120,545
121000103,239,224,15
121000104,526,112,414
121000105,626,44,582
121000106,268,219,49
121000107,1851,2348,-497
121000109,1179,969,210
121000110,156,596,-440
121000114,2595,1720,875
121000115,2112,475,1637
121000116,281,663,-382
121000117,232,279,-47
121000118,1531,196,1335
121000119,430,188,242
121000120,829,804,25
121000121,555,1476,-921
121000123,750,245,505
121000126,37,318,-281
121000127,62,102,-40
121000128,1880,141,1739
121000129,1697,162,1535
121000130,446,946,-500
121000131,1744,895,849
121000132,302,773,-471
121000135,233,581,-348
121000136,626,1563,-937
121000137,677,442,235
121000138,359,2868,-2509
121000139,157,868,-711
121000141,211,195,16
121000142,595,420,175
121000143,97,22,75
121000144,495,940,-445
121000145,567,563,4
121000146,1261,1036,225
121000147,1620,471,1149
121000148,833,444,389
121000149,3323,1589,1734
121000152,285,225,60
121000153,1182,364,818
121000154,1488,384,1104
121000155,2046,795,1251
121000156,287,662,-375
121000157,438,940,-502
121000158,243,215,28
121000159,244,249,-5
121000160,288,199,89
121000161,254,313,-59
121000162,225,71,154
121000165,806,1988,-1182
121000166,43,411,-368
121000168,806,105,701
121000169,58,84,-26
121000170,479,77,402
121000171,72,123,-51
121000172,1151,689,462
121000173,1259,1345,-86
121000174,641,599,42
121000175,1879,334,1545
121000176,402,201,201
121000177,950,500,450
121000178,77,45,32
121000179,25,18,7
121000181,351,498,-147
121000182,223,568,-345
121000183,24,161,-137
121000184,5,299,-294
121000185,22,397,-375
121000186,244,703,-459
121000187,276,64,212
121000188,486,47,439
121000192,1082,230,852
121000193,741,179,562
121000194,1526,1614,-88
121000195,248,1044,-796
121000196,629,378,251
121000197,104,760,-656
121000198,166,273,-107
121000199,296,171,125
121000200,857,164,693
121000201,3,156,-153
121000202,956,104,852
121000203,855,1267,-412
121000204,3874,517,3357
121000205,301,182,119
121000206,293,63,230
121000207,2556,899,1657
121000208,23,351,-328
121000209,1256,103,1153
121000210,998,387,611
121000211,732,76,656
121000212,581,441,140
121000213,14570,3020,11550
121000214,1140,2209,-1069
121000215,608,1564,-956
121000216,523,749,-226
121000217,4341,4200,141
121000218,555,1589,-1034
121000219,1953,772,1181
121000220,346,62,284
121000221,902,658,244
121000222,7213,3017,4196
121000223,196,600,-404
121000224,224,466,-242
121000225,339,10406,-10067
121000226,1156,3214,-2058
121000227,10,148,-138
121000228,41,510,-469
121000229,522,333,189
121000230,108,2524,-2416
121000231,2336,33,2303
121000232,363,248,115
121000233,1082,477,605
121000234,5,48,-43
121000235,42,240,-198
121000236,4,14,-10
121000237,20,53,-33
121000238,6,33,-27
121000239,180,13,167
121000240,22,119,-97
121000241,75,12,63
121000242,3,143,-140
121000243,183,32,151
121000244,1,7,-6
121000245,20,3,17
121000246,0,59,-59
121000247,109,1,108
121000248,342,264,78
121000249,122,220,-98
121000250,736,747,-11
121000251,21,258,-237
121000252,193,114,79
121000253,457,755,-298
121000254,1409,322,1087
121000255,63,431,-368
121000256,409,548,-139
121000257,16,218,-202
121000258,31,330,-299
121000259,15,148,-133
121000260,8,73,-65
121000261,62,227,-165
121000262,1462,293,1169
121000263,570,374,196
121000271,948,1581,-633
121000273,56,7,49
121000274,13,310,-297
121000275,13,24,-11
121000276,13,119,-106
121000278,161,89,72
121000279,52,140,-88
121000280,34,167,-133
121000289,594,26,568
121000290,927,1048,-121
121000294,481,27,454
121000297,140,1207,-1067
121000299,147,4869,-4722
121000300,1595,544,1051
121000302,11,717,-706
121000303,763,216,547
121000304,419,23,396
121000305,241,29,212
121000306,278,168,110
121000308,72,113,-41
121000309,152,158,-6
121000310,149,129,20
121000311,57,185,-128
121000312,364,273,91
121000313,119,169,-50
121000314,17,49,-32
121000315,15,65,-50
121000530,2783,1279,1504
121000531,2565,988,1577
121000532,4182,5513,-1331
121000533,3674,2607,1067
121000918,18,83,-65
121000919,35,119,-84
121000938,65,98,-33
121000939,43,287,-244
121000956,2468,1940,528
121000957,5,49,-44
121000958,6,128,-122
121000959,1898,304,1594
121000960,1936,1350,586
121000961,521,35,486
121000962,190,179,11
121000973,0,563,-563
121000976,8,95,-87
121000979,242,130,112
121000981,684,56,628
121000982,662,421,241
121000983,980,128,852
121000984,3,48,-45
121000985,1433,595,838
121000986,1545,212,1333
121000987,241,492,-251
121000988,1991,75,1916
121001302,245,70,175
121001308,3,19,-16
121001309,28,660,-632
121001311,0,0,0
121001313,372,229,143
121001314,2227,2103,124
121001315,5243,4010,1233
121001318,0,0,0
121900001,131,278,-147
121900002,63,187,-124
121900003,198,3,195
121900004,45,535,-490
121900005,54,15,39
121900006,189,23,166
121900007,1835,1532,303
121900008,90,108,-18
121900009,788,8,780
121900010,290,0,290
121900011,271,103,168
121900012,22,0,22
121900013,64,73,-9
121900014,1980,383,1597
121900015,128,91,37
121900016,7,44,-37
121900017,685,455,230
121900018,502,10,492
121900019,604,183,421
121900020,39,14,25
121900021,1615,57,1558
121900022,221,113,108
121900023,192,376,-184
121900024,420,22,398
121900025,584,427,157
121900026,288,79,209
121900027,385,141,244
121900028,276,9,267
121900029,110,399,-289
121900030,357,438,-81
121900031,1243,7159,-5916
121900032,140,70,70
121900033,61,219,-158
121900034,204,71,133
121900035,4249,2880,1369
121900036,123,163,-40
121900037,166,691,-525
121900038,30,13,17
121900039,284,14,270
121900040,33,72,-39
121900041,26,205,-179
121900042,758,136,622
121900043,0,3,-3
121900044,45,42,3
121900046,101,136,-35
121900047,81,35,46
121900048,83,45,38
121900050,31,74,-43
121900051,209,246,-37
121900052,167,28,139
121900053,390,390,0
121900054,381,728,-347
121900055,14,31,-17
121900058,358,169,189
121900059,290,154,136
121900060,120,410,-290
121900061,178,252,-74
121900062,69,86,-17
121900063,2067,291,1776
121900064,527,548,-21
121900066,62,17,45
121900067,105,87,18
121900069,89,119,-30
121900070,237,242,-5
121900071,1003,284,719
121900072,46,59,-13
121900073,253,215,38
121900074,307,585,-278
121900075,319,869,-550
121900076,531,892,-361
121900077,16,24,-8
121900078,71,48,23
121900079,1,0,1
121900080,1001,147,854
121900082,125,46,79
121900084,13,18,-5
121900085,1,2,-1
121900086,32,63,-31
121900087,9,55,-46
121900088,1160,1567,-407
121900089,496,150,346
121900090,31,32,-1
121900091,88,10,78
121900092,246,76,170
121900093,83,57,26
121900094,6,16,-10
121900095,357,104,253
121900096,1254,427,827
121900097,841,78,763
121900098,15,3,12
121900099,414,43,371
121900100,58,126,-68
121900101,123,62,61
121900102,3,78,-75
121900103,424,154,270
121900104,2016,258,1758
121900105,178,137,41
121900106,1,18,-17
121900107,157,25,132
121900108,0,9,-9
121900109,253,66,187
121900110,996,276,720
121900111,398,277,121
121900112,101,85,16
121900113,15,591,-576
121900114,56,74,-18
121900117,57,77,-20
121900118,1472,577,895
121900119,143,21,122
121900120,41,842,-801
121900121,385,18,367
121900122,57,41,16
121900123,294,306,-12
121900124,144,91,53
121900125,2214,862,1352
121900127,13,43,-30
121900128,117,24,93
121900129,157,84,73
121900130,44,243,-199
121900131,297,45,252
121900132,141,109,32
121900133,28,625,-597
121900134,3,291,-288
121900135,3967,360,3607
121900136,140,92,48
121900137,8,355,-347
121900138,100,160,-60
121900139,344,1798,-1454
121900140,74,78,-4
121900141,47,45,2
121900142,120,34,86
121900143,13,90,-77
121900144,134,429,-295
121900145,205,152,53
121900146,490,328,162
121900147,51,166,-115
121900148,53,200,-147
121900149,402,165,237
121900150,64,93,-29
121900151,9,189,-180
121900152,215,53,162
121900153,5,172,-167
121900154,3,237,-234
121900155,4,479,-475
121900156,131,123,8
121900157,0,83,-83
121900158,122,119,3
121900159,2,89,-87
121900160,27,113,-86
121900161,98,188,-90
121900162,81,62,19
121900163,946,196,750
121900164,150,201,-51
121900165,142,108,34
121900166,142,82,60
121900167,84,26,58
121900168,98,32,66
121900169,29,135,-106
121900170,15,107,-92
121900171,714,385,329
121900172,404,265,139
121900173,533,319,214
121900174,64,21,43
121900175,71,693,-622
121900176,671,984,-313
121900177,121,77,44
121900178,45,36,9
121900179,157,205,-48
121900180,1107,8046,-6939
121900182,477,403,74
121900183,253,2490,-2237
121900184,16,781,-765
121900186,4,513,-509
121900187,15,75,-60
121900188,1085,131,954
121900189,56,73,-17
121900190,122,324,-202
121900191,38,166,-128
121900192,208,2210,-2002
121900193,65,109,-44
121900194,0,236,-236
121900195,2,31,-29
121900196,882,945,-63
121900197,431,493,-62
121900198,2558,2964,-406
121900199,3,39,-36
121900200,31,104,-73
121900201,698,1279,-581
121900202,88,699,-611
121900203,51,1024,-973
121900204,1095,2006,-911
121900205,12,62,-50
121900206,6,14,-8
121900207,28,67,-39
121900208,79,388,-309
121900209,141,118,23
121900210,3015,1599,1416
121900211,298,170,128
121900212,1,158,-157
121900213,906,22,884
121900214,3,580,-577
121900215,45,167,-122
121900216,3,388,-385
121900217,93,265,-172
121900218,117,718,-601
121900220,78,11,67
121900221,355,332,23
121900222,451,43,408
121900223,97,129,-32
121900224,80,113,-33
121900225,54,423,-369
121900226,159,47,112
121900227,311,982,-671
121900228,107,111,-4
121900230,29,318,-289
121900231,13,937,-924
121900232,77,346,-269
121900233,252,144,108
121900234,348,233,115
121900235,1143,94,1049
121900236,397,62,335
121900237,88,420,-332
121900238,117,240,-123
121900239,136,34,102
121900240,149,89,60
121900241,38,50,-12
121900242,25,0,25
121900243,12,0,12
121900244,15,1,14
121900245,393,50,343
121900246,7603,239,7364
121900247,195,133,62
121900248,859,645,214
121900250,135,145,-10
121900251,423,54,369
121900252,299,91,208
121900253,32,470,-438
121900254,130,186,-56
121900255,482,62,420
121900258,4501,1895,2606
121900259,73,383,-310
121900260,239,77,162
121900261,32,510,-478
121900262,317,1022,-705
121900263,243,211,32
121900264,600,796,-196
121900265,463,73,390
121900266,996,91,905
121900267,79,7,72
121900269,226,843,-617
121900270,87,226,-139
121900271,16,116,-100
121900273,528,2191,-1663
121900274,727,277,450
121900277,268,620,-352
121900278,164,978,-814
121900279,229,161,68
121900280,211,353,-142
121900281,94,233,-139
121900284,16,10,6
121900286,225,131,94
121900287,23,62,-39
121900288,2,0,2
121900290,147,1072,-925
121900291,267,671,-404
121900292,309,85,224
121900293,765,4491,-3726
121900294,364,9,355
121900295,192,104,88
121900296,118,170,-52
121900298,156,1235,-1079
121900299,0,21,-21
121900300,45,13,32
121900301,24,2,22
121900302,12,53,-41
121900303,78,351,-273
121900304,27,25,2
121900305,15,26,-11
121900306,657,6,651
121900307,490,26,464
121900308,31,154,-123
121900309,5,85,-80
121900310,40,95,-55
121900311,680,17,663
121900312,561,10,551
121900313,670,3,667
121900314,2,7,-5
121900315,105,0,105
121900316,0,5,-5
121900317,68,33,35
121900318,0,1,-1
121900319,73,423,-350
121900320,58,8,50
121900321,38,0,38
121900322,1,5,-4
121900323,26,24,2
121900324,7,50,-43
121900325,26,0,26
121900326,5,17,-12
121900327,30,37,-7
121900328,0,18,-18
121900329,1,88,-87
121900330,2,77,-75
121900331,35,183,-148
121900332,28,34,-6
121900333,96,5,91
121900334,30,47,-17
122000001,1049,1998,-949
122000002,2530,348,2182
122000003,526,958,-432
122000004,832,608,224
122000005,4685,1804,2881
122000006,561,723,-162
122000007,460,783,-323
122000008,764,1797,-1033
122000009,274,318,-44
122000010,1658,2027,-369
122000011,2658,984,1674
122000012,550,1232,-682
122000013,678,1013,-335
122000014,6034,1183,4851
122000015,1177,535,642
122000016,343,406,-63
122000017,725,822,-97
122000018,1939,1267,672
122000019,756,1872,-1116
122000020,245,325,-80
122000021,155,341,-186
122000022,658,1113,-455
122000023,488,1375,-887
122000024,265,1332,-1067
122000025,357,1785,-1428
122000026,255,749,-494
122000027,477,492,-15
122000028,1254,512,742
122000029,291,648,-357
122000030,108,125,-17
122000031,130,476,-346
122000032,2066,1678,388
122000033,348,1178,-830
122000034,224,820,-596
122000035,111,294,-183
122000036,368,329,39
122000037,330,228,102
122000038,135,207,-72
122000039,377,283,94
122000040,113,300,-187
122000041,1076,811,265
122000042,374,572,-198
122000043,120,114,6
122000044,54,77,-23
122000045,967,521,446
122000046,659,622,37
122000047,45,138,-93
122000048,1699,3320,-1621
122000049,4177,2364,1813
122000050,586,412,174
122000051,192,573,-381
122000052,321,449,-128
122000053,218,1317,-1099
122000054,2427,1725,702
122000055,1244,2212,-968
122000056,2253,1661,592
122000057,1753,2056,-303
122000058,347,907,-560
122000059,530,1578,-1048
122000060,262,519,-257
122000061,133,286,-153
122000062,477,242,235
122000063,204,738,-534
122000064,2450,3333,-883
122000065,1782,2135,-353
122000066,575,1541,-966
122000067,999,1362,-363
122000068,2677,1226,1451
122000069,1091,775,316
122000070,1484,1293,191
122000071,4008,1080,2928
122000072,630,495,135
122000073,164,770,-606
122000074,2325,1455,870
122000075,911,697,214
122000076,3124,1065,2059
122000077,500,1242,-742
122000078,388,1159,-771
122000079,162,1482,-1320
122000080,357,284,73
122000081,176,156,20
122000082,200,1038,-838
122000083,5613,799,4814
122000084,4729,1516,3213
122000085,288,516,-228
122000086,1907,6447,-4540
122000087,198,244,-46
122000088,85,205,-120
122000089,4118,3039,1079
122000090,411,1308,-897
122000091,67,615,-548
122000092,36,237,-201
122000093,1251,3904,-2653
122000094,5516,2521,2995
122000095,591,3400,-2809
122000096,462,2249,-1787
122000098,3723,3263,460
122000099,339,2316,-1977
122000100,405,285,120
122000101,220,322,-102
122000102,3159,1070,2089
122000103,1053,1698,-645
122000104,1631,160,1471
122000105,281,425,-144
122000106,419,1855,-1436
122000107,1055,255,800
122000108,693,397,296
122000109,326,197,129
122000110,638,391,247
122000111,1615,1048,567
122000112,1446,1627,-181
122000113,527,350,177
122000114,1329,3435,-2106
122000115,4934,2083,2851
122000116,169,470,-301
122000117,734,302,432
122000118,941,220,721
122000119,1287,765,522
122000120,626,1347,-721
122000121,571,1090,-519
122000122,190,781,-591
122000123,901,1683,-782
122000124,476,234,242
122000125,208,424,-216
122000126,153,496,-343
122000127,159,596,-437
122000128,190,319,-129
122000129,242,2802,-2560
122000130,1954,778,1176
122000131,1053,422,631
122000132,176,183,-7
122000133,796,580,216
122000134,735,694,41
122000135,310,118,192
122000136,461,564,-103
122000137,2903,591,2312
122000139,686,3659,-2973
122000140,70,988,-918
122000141,3646,1752,1894
122000142,100,1528,-1428
122000143,274,252,22
122000144,2296,614,1682
122000145,721,1087,-366
122000146,482,1690,-1208
122000147,340,802,-462
122000148,268,1399,-1131
122000149,1285,574,711
122000150,1866,935,931
122000151,58,256,-198
122000152,252,292,-40
122000153,343,244,99
122000154,124,175,-51
122000155,947,2014,-1067
122000156,10109,4786,5323
122000157,551,10629,-10078
122000158,269,714,-445
122000159,896,671,225
122000160,1992,978,1014
122000161,1054,703,351
122000162,493,1167,-674
122000163,309,124,185
122000164,42,101,-59
122000165,908,1466,-558
122000166,503,1889,-1386
122000167,225,487,-262
122000168,194,1193,-999
122000169,368,153,215
122000170,198,155,43
122000171,20,49,-29
122000172,1714,1184,530
122000173,1652,1844,-192
122000174,1070,5174,-4104
122000175,398,314,84
122000176,312,1607,-1295
122000177,730,1832,-1102
122000178,3356,3443,-87
122000179,3154,4397,-1243
122000180,507,831,-324
122000181,584,1429,-845
122000182,682,925,-243
122000183,1676,919,757
122000184,3115,2913,202
122000185,984,2641,-1657
122000186,510,1089,-579
122000187,1970,698,1272
122000188,298,156,142
122000189,196,233,-37
122000190,471,1710,-1239
122000191,607,692,-85
122000192,1087,443,644
122000193,515,728,-213
122000194,370,193,177
122000195,167,1211,-1044
122000196,1362,304,1058
122000197,712,611,101
122000198,209,1985,-1776
122000199,234,278,-44
122000200,726,739,-13
122000201,866,2939,-2073
122000202,657,2891,-2234
122000203,1538,763,775
122000204,862,858,4
122000205,342,435,-93
122000206,4356,1003,3353
122000207,2067,1836,231
122000208,1930,1235,695
122000209,2356,359,1997
122000210,1383,1834,-451
122000211,743,1503,-760
122000212,682,504,178
122000213,678,1429,-751
122000214,1617,1525,92
122000215,2235,2280,-45
122000217,885,1690,-805
122000218,467,74,393
122000219,1052,570,482
122000220,184,706,-522
122000221,92,303,-211
122000222,485,123,362
122000223,548,677,-129
122000225,691,254,437
122000226,1201,1350,-149
122000227,119,1188,-1069
122000228,219,158,61
122000229,39,316,-277
122000230,5,266,-261
122000231,220,518,-298
122000232,354,389,-35
122000233,0,53,-53
122000234,829,52,777
122000235,497,66,431
122000236,1794,43,1751
122000237,87,54,33
122000238,295,615,-320
122000239,514,131,383
122000240,1239,299,940
122000241,3726,395,3331
122000242,436,78,358
122000243,579,38,541
122000244,75,202,-127
122000245,155,44,111
122000246,662,236,426
122000247,472,411,61
122000248,731,646,85
122000249,1967,1062,905
122000250,2015,1214,801
122000251,50,130,-80
122000252,270,19,251
122000253,41,126,-85
122000254,571,33,538
122000255,370,461,-91
122000256,261,401,-140
122000257,301,151,150
122000258,467,219,248
122000259,25,133,-108
122000260,15,65,-50
122000261,14,165,-151
122000262,0,22,-22
122000263,203,146,57
122000264,1846,240,1606
122000265,3168,968,2200
122000266,3921,797,3124
122000267,46,95,-49
122000268,177,110,67
122000269,1094,196,898
122000270,659,178,481
122000271,103,2059,-1956
122000272,219,410,-191
122000273,428,147,281
122000274,172,192,-20
122000275,39,121,-82
122000276,2166,720,1446
122000277,923,2747,-1824
122000278,2160,141,2019
122000279,208,263,-55
122000280,425,600,-175
122000281,552,324,228
122000282,108,742,-634
122000283,356,281,75
122000284,43,75,-32
122000285,345,89,256
122000286,90,268,-178
122000287,1915,1853,62
122000288,485,273,212
122000291,3123,635,2488
122000293,140,77,63
122000294,123,475,-352
122000295,1232,138,1094
122000296,29,1100,-1071
122000297,1590,4103,-2513
122000299,607,278,329
122000300,269,524,-255
122000301,5544,4879,665
122000302,438,5707,-5269
122000303,1428,897,531
122000304,21,268,-247
122000305,2230,314,1916
122000306,124,237,-113
122000307,87,144,-57
122000309,27,75,-48
122000310,14,63,-49
122000311,27,76,-49
122000312,115,171,-56
122000313,14,156,-142
122000314,245,437,-192
122000315,359,29,330
122000316,1974,213,1761
122000317,3460,227,3233
122000318,403,2928,-2525
122000319,117,166,-49
122000320,268,616,-348
122000321,70,117,-47
122000322,953,1563,-610
122000323,311,1395,-1084
122000324,1679,1979,-300
122000325,720,1281,-561
122000326,179,55,124
122000327,232,577,-345
122000328,439,500,-61
122000330,1434,1293,141
122000332,241,491,-250
122000333,42,42,0
122000337,1749,347,1402
122000338,453,183,270
122000340,93,3467,-3374
122000342,1195,674,521
122000343,550,276,274
122000344,116,12,104
122000345,36,21,15
122000346,189,101,88
122000348,593,506,87
122000349,53,269,-216
122000351,411,139,272
122000352,111,152,-41
122000353,224,45,179
122000355,59,509,-450
122000356,232,1424,-1192
122000357,74,34,40
122000358,0,17,-17
122000359,0,24,-24
122000360,1,5,-4
122000362,8,10,-2
122000364,476,167,309
122000365,0,31,-31
122000366,21,4,17
122000368,569,708,-139
122000370,17,29,-12
122000371,76,0,76
122000372,55,0,55
122000381,340,310,30
122000382,57,155,-98
122000384,938,818,120
122000385,93,0,93
122000386,102,2098,-1996
122000387,323,1937,-1614
122000388,1620,931,689
122000389,172,922,-750
122000390,244,559,-315
122000391,43,1992,-1949
122000392,70,171,-101
122000393,43,190,-147
122000394,680,141,539
122000395,153,141,12
122000396,421,63,358
122000397,55,63,-8
122000398,5,159,-154
122000399,188,33,155
122000400,23,1459,-1436
122000401,121,51,70
122000402,1005,127,878
122000403,347,254,93
122000404,408,154,254
122000408,393,698,-305
122000503,6,120,-114
122000524,27,220,-193
122000544,119,3037,-2918
122000616,273,1,272
122000640,143,54,89
122000641,237,128,109
122000642,1481,480,1001
122000643,45,193,-148
122000644,111,64,47
122000645,57,140,-83
122000651,245,1311,-1066
122000664,312,46,266
122000665,1135,373,762
122000666,314,383,-69
122000673,48,125,-77
122000674,798,218,580
122000675,2808,533,2275
122000686,367,1128,-761
122000687,2955,145,2810
122000688,269,348,-79
122000689,2416,192,2224
122000690,5958,193,5765
122000691,1302,468,834
122000692,1891,93,1798
122000693,367,499,-132
122000695,500,218,282
122000696,1186,131,1055
122000698,500,140,360
122000699,693,153,540
122000701,3265,210,3055
122000702,574,750,-176
122000703,183,34,149
122000712,0,0,0
122000717,104,98,6
122000718,232,2497,-2265
122000719,7,79,-72
122000720,1190,65,1125
122000724,42,16,26
122900001,53,30,23
122900002,867,9853,-8986
122900003,658,10,648
122900004,4940,368,4572
122900005,37,387,-350
122900006,446,2751,-2305
122900007,46,70,-24
122900008,296,410,-114
122900009,417,294,123
122900010,181,117,64
122900012,207,330,-123
122900014,89,89,0
122900015,1127,750,377
122900016,140,118,22
122900017,252,1197,-945
122900018,260,10,250
122900019,8,136,-128
122900020,262,738,-476
122900021,37,382,-345
122900022,1836,1195,641
122900023,1107,139,968
122900024,129,63,66
122900025,15,289,-274
122900026,11,118,-107
122900027,59,748,-689
122900028,23,41,-18
122900029,5868,2024,3844
122900030,1730,231,1499
122900031,45,365,-320
122900032,602,324,278
122900033,122,147,-25
122900034,3018,4141,-1123
122900035,12,8,4
122900036,57,49,8
122900037,515,259,256
122900038,49,3048,-2999
122900039,46,521,-475
122900040,280,948,-668
122900041,123,646,-523
122900042,131,145,-14
122900043,572,249,323
122900044,97,386,-289
122900045,167,171,-4
122900046,37,478,-441
122900047,123,108,15
122900048,15,350,-335
122900049,2570,43,2527
122900051,34,352,-318
122900052,91,48,43
122900053,23,15,8
122900055,332,43,289
122900057,308,17,291
122900061,622,24,598
122900062,535,1184,-649
122900063,223,134,89
122900064,958,566,392
122900065,471,151,320
122900066,533,136,397
122900067,541,350,191
122900068,102,154,-52
122900069,320,2685,-2365
122900070,473,56,417
122900071,72,212,-140
122900072,8,169,-161
122900073,31,84,-53
122900074,2057,185,1872
122900075,0,32,-32
122900076,2,123,-121
122900077,5,63,-58
122900078,431,76,355
122900080,9,41,-32
122900081,253,47,206
122900082,1832,74,1758
122900083,60,27,33
122900084,25,77,-52
122900086,4,68,-64
122900087,443,165,278
122900088,31,976,-945
122900089,29,463,-434
122900090,1,201,-200
122900091,987,7,980
122900092,0,84,-84
122900093,0,117,-117
122900094,0,109,-109
122900095,454,22,432
122900096,1093,79,1014
122900097,27,75,-48
122900098,5,162,-157
122900099,177,97,80
122900100,88,1606,-1518
122900101,420,306,114
122900102,110,67,43
122900103,534,13,521
122900104,814,6,808
122900105,47,46,1
122900106,1,46,-45
122900107,5,58,-53
122900108,2,49,-47
123000001,638,777,-139
123000002,1944,5659,-3715
123000003,5319,4220,1099
123000004,2229,3002,-773
123000005,3887,2256,1631
123000006,1817,1208,609
123000007,4652,1876,2776
123000008,1827,2500,-673
123000009,4971,2787,2184
123000010,2456,2872,-416
123000011,1364,964,400
123000012,358,2568,-2210
123000013,5929,1028,4901
123000014,675,2345,-1670
123000015,3086,954,2132
123000016,2316,1997,319
123000017,4776,1952,2824
123000018,129,90,39
123000019,1497,35,1462
123000020,823,51,772
123000021,713,959,-246
123000022,1402,3252,-1850
123000023,2359,2748,-389
123000024,2074,906,1168
123000025,416,112,304
123000026,22,128,-106
123000027,24,793,-769
123000028,586,3445,-2859
123000029,619,2218,-1599
123000030,470,252,218
123000031,785,169,616
123000032,1214,215,999
123000033,405,86,319
123000034,1409,849,560
123000035,285,514,-229
123000036,178,1282,-1104
123000037,182,150,32
123000038,33,241,-208
123000039,347,1288,-941
123000040,398,136,262
123000041,445,1026,-581
123000042,353,818,-465
123000043,1419,15364,-13945
123000044,2557,1999,558
123000045,2390,1516,874
123000046,159,1097,-938
123000047,282,477,-195
123000048,146,1912,-1766
123000049,4691,8952,-4261
123000050,3000,1634,1366
123000051,184,364,-180
123000052,1029,2899,-1870
123000053,2243,2046,197
123000054,3203,2391,812
123000055,2304,5401,-3097
123000056,1188,575,613
123000057,2919,5154,-2235
123000058,659,1858,-1199
123000059,198,359,-161
123000060,1466,298,1168
123000061,395,377,18
123000063,1539,1243,296
123000064,2242,157,2085
123000065,2514,2627,-113
123000066,324,419,-95
123000067,1010,337,673
123000068,1265,1227,38
123000069,2023,872,1151
123000070,121,253,-132
123000071,3207,372,2835
123000072,1010,387,623
123000073,3182,596,2586
123000074,947,566,381
123000075,482,2335,-1853
123000076,1042,293,749
123000077,1827,893,934
123000078,3513,713,2800
123000079,3521,1001,2520
123000080,2894,652,2242
123000081,189,202,-13
123000082,167,458,-291
123000083,1200,166,1034
123000084,885,344,541
123000085,878,104,774
123000086,1667,81,1586
123000087,753,214,539
123000088,1157,262,895
123000089,1419,561,858
123000090,1518,648,870
123000091,1827,1116,711
123000092,868,1095,-227
123000094,1109,101,1008
123000095,1665,326,1339
123000096,1606,140,1466
123000097,729,189,540
123000098,1740,206,1534
123000099,1072,224,848
123000100,211,566,-355
123000101,226,200,26
123000102,348,1026,-678
123000104,426,397,29
123000105,272,131,141
123000106,772,273,499
123000107,266,119,147
123000108,287,506,-219
123000111,1854,231,1623
123000112,2227,315,1912
123000113,553,358,195
123000114,275,791,-516
123000115,590,253,337
123000116,63,58,5
123000117,3747,1344,2403
123000118,714,271,443
123000119,303,264,39
123000120,229,313,-84
123000121,595,408,187
123000122,271,155,116
123000123,771,305,466
123000124,324,165,159
123000125,1776,800,976
123000126,1180,4445,-3265
123000127,462,287,175
123000128,296,82,214
123000129,1688,51,1637
123000130,1850,21,1829
123000131,2284,826,1458
123000132,325,225,100
123000133,153,91,62
123000134,221,52,169
123000135,4568,473,4095
123000136,205,185,20
123000137,266,93,173
123000138,192,159,33
123000139,1234,50,1184
123000140,28,357,-329
123000141,545,37,508
123000142,1119,819,300
123000143,727,1253,-526
123000144,2,28,-26
123000145,191,397,-206
123000146,46,252,-206
123000147,31,337,-306
123000149,384,193,191
123000150,93,133,-40
123000151,127,430,-303
123000152,12,242,-230
123000153,108,979,-871
123000154,807,2467,-1660
123000155,1283,1990,-707
123000156,33,56,-23
123000157,872,1026,-154
123000158,388,1067,-679
123000159,2019,4975,-2956
123000160,914,1609,-695
123000161,1420,1692,-272
123000162,2139,2164,-25
123000163,1277,141,1136
123000164,3281,203,3078
123000165,158,638,-480
123000166,6,86,-80
123000167,149,87,62
123000168,505,90,415
123000169,1605,82,1523
123000170,317,48,269
123000171,2425,5,2420
123000172,84,259,-175
123000173,783,290,493
123000174,985,617,368
123000175,215,610,-395
123000176,957,280,677
123000177,192,488,-296
123000178,1283,250,1033
123000179,8,371,-363
123000180,1908,267,1641
123000181,219,454,-235
123000182,351,113,238
123000183,190,593,-403
123000184,45,406,-361
123000185,1391,908,483
123000186,7,137,-130
123000187,835,33,802
123000188,599,7,592
123000189,255,103,152
123000190,68,43,25
123000192,4,161,-157
123000193,15,237,-222
123000194,147,156,-9
123000195,375,8,367
123000196,718,43,675
123000197,103,143,-40
123000198,139,187,-48
123000199,75,205,-130
123000200,668,13,655
123000201,1577,13,1564
123000202,10,235,-225
123000203,1805,22,1783
123000204,18,365,-347
123000205,112,492,-380
123000206,3745,136,3609
123000207,90,302,-212
123000208,1204,62,1142
123000209,1992,459,1533
123000210,62,716,-654
123000211,250,777,-527
123000212,5588,300,5288
123000213,724,61,663
123000215,94,132,-38
123000216,210,1934,-1724
123000217,224,18,206
123000218,19,520,-501
123000219,457,127,330
123000220,741,142,599
123000221,271,98,173
123000222,642,171,471
123000223,1356,133,1223
123000224,753,185,568
123000225,591,29,562
123000226,272,162,110
123000227,106,176,-70
123000228,514,13,501
123000229,532,519,13
123000232,56,264,-208
123000233,1128,72,1056
123000234,97,313,-216
123000235,2606,142,2464
123000236,365,327,38
123000237,1026,160,866
123000238,18,277,-259
123000239,302,341,-39
123000240,36,985,-949
123000241,231,35,196
123000242,259,169,90
123000243,956,704,252
123000244,573,362,211
123000245,7,138,-131
123000249,277,546,-269
123000252,994,424,570
123000253,2599,418,2181
123000254,662,341,321
123000255,921,571,350
123000256,8,114,-106
123000257,1363,910,453
123000258,553,236,317
123000259,432,351,81
123000260,1008,133,875
123000261,596,138,458
123000262,47,70,-23
123000263,768,53,715
123000264,187,66,121
123000265,10,70,-60
123000266,428,437,-9
123000267,1080,241,839
123000268,59,39,20
123000269,28,39,-11
123000270,60,27,33
123000271,11,14,-3
123000272,723,226,497
123000273,248,1009,-761
123000274,1550,710,840
123000275,155,480,-325
123000278,1164,4426,-3262
123000279,361,101,260
123000280,275,197,78
123000281,424,39,385
123000282,88,182,-94
123000283,400,86,314
123000284,45,59,-14
123000286,92,429,-337
123000287,199,261,-62
123000288,804,1663,-859
123000289,138,2085,-1947
123000291,106,535,-429
123000294,171,135,36
123000295,612,1321,-709
123000296,1057,648,409
123000297,1393,209,1184
123000298,2110,266,1844
123000299,191,98,93
123000300,1876,767,1109
123000301,243,400,-157
123000302,393,49,344
123000303,154,820,-666
123000305,378,535,-157
123000306,466,63,403
123000309,69,66,3
123000310,100,21,79
123000311,0,36,-36
123000312,376,224,152
123000313,740,1358,-618
123000315,482,123,359
123000316,1086,213,873
123000317,288,156,132
123000318,21,236,-215
123000329,14,5,9
123000337,286,153,133
123000338,161,187,-26
123000339,721,63,658
123000340,68,201,-133
123000342,2,49,-47
123000343,133,18,115
123000344,362,75,287
123000345,344,130,214
123000346,817,100,717
123000352,837,452,385
123000353,105,47,58
123000354,492,21,471
123000355,1,458,-457
123000356,594,24,570
123000357,0,66,-66
123000359,2,73,-71
123000360,127,430,-303
123000361,446,144,302
123000362,737,60,677
123000363,226,72,154
123000364,484,509,-25
123000365,11,304,-293
123000366,266,3316,-3050
123000367,211,274,-63
123000370,54,146,-92
123000371,944,99,845
123000372,608,50,558
123000373,6,153,-147
123000374,10,39,-29
123000375,482,44,438
123000376,1242,869,373
123000377,1151,26,1125
123000378,16,144,-128
123000379,3,230,-227
123000380,2,239,-237
123000381,42,160,-118
123000382,668,132,536
123000383,47,621,-574
123000384,1050,158,892
123000385,143,356,-213
123000436,107,2086,-1979
123000507,42,101,-59
123000508,134,1401,-1267
123000517,212,5,207
123000518,1,48,-47
123000519,172,57,115
123000520,26,46,-20
123000521,791,56,735
123000522,116,110,6
123000541,34,9,25
123000542,0,3,-3
123000565,990,71,919
123000566,831,118,713
123000567,255,97,158
123000573,24,312,-288
123000574,1701,112,1589
123000575,4222,374,3848
123000576,1292,498,794
123000577,90,468,-378
123000578,789,49,740
123000579,826,7964,-7138
123000580,116,118,-2
123000582,859,29,830
123000583,12,163,-151
123000584,157,96,61
123000585,0,13,-13
123000586,220,1,219
123000596,45,22,23
123000597,159,185,-26
123000602,314,45,269
123000603,2369,207,2162
123000604,1530,255,1275
123000605,1157,97,1060
123000606,1,966,-965
123000609,18,329,-311
123000610,47,114,-67
123000613,140,37,103
123000614,576,62,514
123000615,77,30,47
123000616,1495,29,1466
123000617,113,111,2
123000618,31,194,-163
123000619,912,21,891
123000620,6,178,-172
123000622,1180,24,1156
123000624,563,71,492
123000630,3078,973,2105
123000631,404,454,-50
123000632,565,361,204
123000633,1,207,-206
123000634,30,650,-620
123000635,48,208,-160
123000636,44,268,-224
123000637,253,32,221
123000638,1288,37,1251
123000639,1292,9921,-8629
123000640,24,212,-188
123000648,1019,18,1001
123000649,26,313,-287
123900001,1539,42,1497
123900002,16,1277,-1261
123900003,123,241,-118
123900005,579,249,330
123900006,829,72,757
124000001,3504,306,3198
124000002,19,532,-513
124000003,1841,296,1545
124000004,101,219,-118
124000005,1588,3151,-1563
124000006,177,415,-238
124000007,1459,213,1246
124000008,2,769,-767
124000009,1146,615,531
124000010,633,658,-25
124000011,1579,990,589
124000012,483,233,250
124000017,319,109,210
124000018,124,86,38
124000019,277,84,193
124000020,76,89,-13
124000021,185,71,114
124000022,59,122,-63
124000023,1695,1482,213
124000024,937,226,711
124000025,1368,1574,-206
124000026,1012,920,92
124000027,3183,2101,1082
124000028,1468,3387,-1919
124000030,1610,1013,597
124000031,1040,18718,-17678
124000032,861,390,471
124000033,742,1706,-964
124000034,949,1122,-173
124000035,507,230,277
124000036,253,790,-537
124000037,401,450,-49
124000038,11,110,-99
124000039,424,232,192
124000040,133,831,-698
124000041,1319,73,1246
124000042,417,332,85
124000043,297,44,253
124000044,92,168,-76
124000045,2914,236,2678
124000046,206,603,-397
124000047,4823,263,4560
124000048,1639,244,1395
124000049,3023,209,2814
124000050,1021,383,638
124000051,2476,227,2249
124000052,674,296,378
124000053,412,3789,-3377
124000054,457,156,301
124000055,1160,8536,-7376
124000056,725,629,96
124000057,2459,180,2279
124000058,775,683,92
124000059,1658,1395,263
124000060,398,408,-10
124000061,1345,8362,-7017
124000062,1931,857,1074
124000063,1054,542,512
124000064,1012,614,398
124000065,28,1729,-1701
124000066,121,194,-73
124000067,142,73,69
124000068,164,384,-220
124000069,618,88,530
124000070,737,145,592
124000071,300,236,64
124000072,610,1037,-427
124000073,1291,57,1234
124000074,259,352,-93
124000075,808,49,759
124000076,138,41,97
124000077,335,674,-339
124000078,1687,506,1181
124000079,287,750,-463
124000080,1698,183,1515
124000081,306,254,52
124000082,169,82,87
124000083,8,34,-26
124000084,29,1495,-1466
124000085,39,25,14
124000086,11,339,-328
124000087,55,262,-207
124000088,203,302,-99
124000089,739,138,601
124000090,153,186,-33
124000091,972,57,915
124000092,487,384,103
124000093,203,80,123
124000094,161,412,-251
124000095,225,46,179
124000096,126,111,15
124000097,232,84,148
124000098,172,21,151
124000099,482,94,388
124000100,78,115,-37
124000101,191,142,49
124000102,64,25,39
124000103,291,117,174
124000104,50,17,33
124000105,336,91,245
124000106,111,23,88
124000107,33,307,-274
124000108,35,15,20
124000109,227,109,118
124000110,78,34,44
124000111,325,125,200
124000112,1521,360,1161
124000113,275,136,139
124000114,731,232,499
124000115,364,532,-168
124000116,61,270,-209
124000117,8,46,-38
124000118,17,39,-22
124000119,1297,560,737
124000120,856,363,493
124000121,962,948,14
124000122,490,1568,-1078
124000123,553,251,302
124000124,538,411,127
124000125,487,246,241
124000126,285,278,7
124000127,1150,214,936
124000128,719,298,421
124000129,1638,837,801
124000130,374,250,124
124000131,712,516,196
124000132,452,456,-4
124000133,1536,744,792
124000134,704,342,362
124000135,1443,1742,-299
124000136,333,486,-153
124000137,988,861,127
124000138,619,537,82
124000139,368,62,306
124000140,25,480,-455
124000141,350,52,298
124000142,18,199,-181
124000143,50,17,33
124000144,13,149,-136
124000145,138,43,95
124000146,9,110,-101
124000148,14,44,-30
124000149,1267,263,1004
124000150,340,300,40
124000151,1717,280,1437
124000152,878,501,377
124000153,1453,621,832
124000154,763,481,282
124000155,906,736,170
124000156,705,755,-50
124000169,149,806,-657
124000170,577,371,206
124000171,409,451,-42
124000172,293,305,-12
124000173,1160,169,991
124000174,847,322,525
124000175,42,86,-44
124000176,101,47,54
124000177,1,39,-38
124000178,57,160,-103
124000190,49,77,-28
124000191,125,431,-306
124000192,1439,1044,395
124000193,188,4441,-4253
124000194,292,230,62
124000195,458,454,4
124000196,480,412,68
124000197,86,7,79
124000198,107,16,91
124000201,74,360,-286
124000202,1061,124,937
124000203,1927,109,1818
124000204,4067,201,3866
124000205,192,183,9
124000206,2800,191,2609
124000207,1,18,-17
124000209,175,151,24
124000210,2450,305,2145
124000211,1763,3,1760
124000212,0,81,-81
124000213,1474,117,1357
124000214,1205,243,962
124000215,1645,11,1634
124000216,1,198,-197
124000329,49,569,-520
124000338,35,257,-222
124000339,6029,19,6010
124000341,4493,57,4436
124000344,107,24,83
124000357,1344,3869,-2525
124000358,644,2320,-1676
124000359,1761,655,1106
124000360,2169,394,1775
124000361,4169,1192,2977
124000362,1670,3022,-1352
124000363,663,257,406
124000364,457,286,171
124000365,932,600,332
124000366,2447,542,1905
124000367,59,218,-159
124000368,301,2779,-2478
124000369,63,85,-22
124000370,30,744,-714
124000402,31,33,-2
124000403,191,44,147
124000404,15,48,-33
124000405,689,477,212
124000406,599,307,292
124000407,1,30,-29
124000411,8,366,-358
124000412,962,14,948
124000413,207,389,-182
124000414,196,58,138
124000415,60,37,23
124000416,145,72,73
124000417,582,88,494
124000418,556,17,539
124000419,127,17,110
124000420,405,15,390
124000421,92,54,38
124000422,38,34,4
124000423,202,31,171
124000424,15,47,-32
124000425,85,176,-91
124000426,53,93,-40
124000427,200,7,193
124000428,4,1060,-1056
124000429,319,35,284
124000430,1315,374,941
124000431,627,216,411
124000432,502,772,-270
124000439,67,0,67
124000443,5,16,-11
124000445,195,3975,-3780
124000446,1111,519,592
124900001,1475,137,1338
124900002,241,99,142
124900003,1504,216,1288
124900004,1565,150,1415
124900005,198,57,141
124900006,1524,121,1403
124900008,528,397,131
124900009,61,628,-567
124900010,532,119,413
124900011,1571,164,1407
124900012,199,52,147
124900013,767,97,670
124900014,238,102,136
124900015,189,773,-584
124900016,153,241,-88
124900017,224,7321,-7097
124900018,335,11,324
124900020,197,30,167
124900021,628,23,605
124900022,123,2,121
124900024,916,11,905
124900026,67,14,53
124900027,170,189,-19
124900028,208,52,156
124900029,22,843,-821
124900030,1,49,-48
124900031,27,163,-136
124900032,104,90,14
124900033,81,46,35
124900034,3,83,-80
124900035,102,63,39
124900036,0,56,-56
124900037,139,81,58
124900038,90,115,-25
124900039,6,64,-58
124900040,139,33,106
124900041,280,388,-108
124900042,23,1,22
124900043,519,288,231
124900044,77,2,75
124900045,188,579,-391
124900046,240,151,89
124900047,32,41,-9
124900048,200,70,130
124900050,156,64,92
124900052,194,136,58
124900053,312,72,240
124900054,856,551,305
124900055,0,61,-61
124900057,1,137,-136
124900060,26,192,-166
124900061,226,0,226
124900062,259,15,244
124900066,0,9,-9
124900067,6,54,-48
124900068,134,1299,-1165
124900070,28,38,-10
124900072,423,91,332
124900075,1124,113,1011
124900076,44,3207,-3163
124900077,35,65,-30
124900078,172,0,172
124900079,184,266,-82
124900080,487,193,294
124900081,2236,134,2102
124900082,360,258,102
124900083,490,228,262
124900085,365,359,6
124900086,24,874,-850
124900087,133,38,95
124900088,105,53,52
124900089,457,4,453
124900090,1119,139,980
124900091,423,103,320
124900092,387,79,308
124900093,757,87,670
124900094,1104,127,977
124900095,208,705,-497
124900096,260,110,150
124900097,641,23,618
124900098,236,272,-36
124900099,106,607,-501
124900100,712,2,710
124900101,185,177,8
124900102,778,26,752
124900103,174,68,106
124900104,50,47,3
124900105,115,23,92
124900106,461,12,449
124900107,311,7,304
124900108,261,166,95
124900111,1,308,-307
124900112,408,180,228
124900113,40,136,-96
124900114,47,109,-62
124900115,6,29,-23
124900116,819,664,155
124900117,138,377,-239
124900118,66,1931,-1865
124900119,650,343,307
124900120,41,104,-63
124900121,55,775,-720
124900122,180,125,55
124900123,93,54,39
124900124,21,110,-89
204000001,350,8,342
204000002,11,9,2
204000003,15,7,8
204000004,14,1,13
204000005,396,290,106
204000006,1272,1194,78
204000011,4,9,-5
204000012,64,33,31
204000019,1246,302,944
204000020,1766,250,1516
204000021,1001,798,203
204000022,1426,636,790
204000023,706,272,434
204000031,67,3,64
204000032,203,2,201
204000034,45,81,-36
204000035,0,2,-2
204000036,4,81,-77
204000037,1,27,-26
204000038,0,12,-12
204000039,11,20,-9
204000040,3,20,-17
204000041,7,16,-9
204000042,56,40,16
204000043,54,10,44
204000044,104,6,98
204000045,95,3,92
204000046,34,22,12
204000057,13,20,-7
204000062,52,66,-14
204000068,35,318,-283
204000069,149,418,-269
204000070,80,38,42
204000080,79,40,39
204000085,1002,515,487
204000086,1643,632,1011
204000087,66,4,62
204000088,2,13,-11
204000090,48,154,-106
204000093,1280,17,1263
204000096,2013,391,1622
204000097,997,24,973
204000099,978,2453,-1475
204000100,1651,875,776
204000105,1250,450,800
204000110,528,596,-68
204000111,498,487,11
204000112,362,265,97
204000113,273,386,-113
204000114,1325,1075,250
204000115,1672,210,1462
204000116,724,257,467
204000119,3394,886,2508
204000132,626,684,-58
204000133,941,115,826
204000134,334,41,293
204000135,883,20,863
204000136,545,223,322
204000138,237,929,-692
204000140,331,75,256
204000141,165,15,150
204000144,9,14,-5
204000145,998,26,972
204000146,24,111,-87
204000147,18,170,-152
204000148,193,18,175
204000154,6,3,3
204000155,2,7,-5
204000177,19,47,-28
204000179,9,16,-7
204000180,0,35,-35
204000222,25,1,24
204000235,137,40,97
204000236,71,110,-39
204000238,4,10,-6
204000240,388,50,338
204000263,592,637,-45
204000268,654,192,462
204000308,68,8,60
204000317,8,112,-104
204000322,40,140,-100
204000323,6,2,4
204000328,330,16,314
204000329,88,41,47
204000330,256,12,244
204000331,101,59,42
204010341,29,158,-129
205000001,653,932,-279
205000013,45,137,-92
205000014,153,103,50
205000015,136,43,93
205000016,75,48,27
205000017,93,56,37
205000022,365,276,89
205000025,1259,350,909
205000029,964,7,957
205000045,187,151,36
205000046,193,147,46
205000047,78,78,0
205000048,378,160,218
205000049,203,210,-7
205000050,279,93,186
205000059,0,244,-244
205000060,0,369,-369
205000061,8,964,-956
205000062,3,872,-869
205000063,27,1072,-1045
205000064,72,346,-274
205000065,320,791,-471
205000066,297,231,66
205000067,241,256,-15
205000069,139,3,136
205000082,141,195,-54
205000110,33,59,-26
205000111,106,42,64
205000112,101,53,48
205000113,88,96,-8
205000121,120,68,52
205000123,171,59,112
205000126,662,85,577
205000127,634,78,556
205000128,349,46,303
205000129,1044,72,972
205000130,361,19,342
205000131,28,13,15
205000132,53,7,46
205000133,18,0,18
205000134,284,0,284
205000137,365,25,340
205000138,517,125,392
205000139,44,31,13
205000144,123,40,83
205000145,187,56,131
205000151,111,53,58
205000152,152,35,117
205000153,154,42,112
205000154,83,37,46
205000155,107,14,93
205000207,0,22,-22
205000233,16,2,14
205000234,0,0,0
205000243,0,0,0
205000244,0,3,-3
205000245,5,59,-54
205000249,0,16,-16
205000250,9,1,8
205000264,29,67,-38
206000027,6,17,-11
206000028,16,12,4
206000043,3,42,-39
206000053,3,2,1
206000054,0,16,-16
206000055,0,20,-20
206000075,9,8,1
206000076,40,11,29
206000077,64,4,60
206000078,12,1,11
206000079,20,3,17
206000082,305,101,204
206000100,3,364,-361
206000103,1,0,1
206000104,0,0,0
206000105,1,1,0
206000106,0,1,-1
206000108,956,42,914
206000125,296,1,295
206000157,13,167,-154
206000170,0,94,-94
206000171,13,134,-121
206000172,36,110,-74
206000173,0,68,-68
206000174,14,31,-17
206000175,0,36,-36
206000176,12,46,-34
206000177,0,40,-40
206000178,0,294,-294
206000179,1,118,-117
206000180,8,20,-12
206000181,2,19,-17
206000182,8,33,-25
206000183,8,59,-51
206000184,0,37,-37
206000185,12,13,-1
206000186,82,203,-121
206000223,0,141,-141
206000226,67,2,65
206000227,102,3,99
206000237,37,56,-19
206000238,32,327,-295
206000239,173,1114,-941
206000240,0,0,0
206000241,0,50,-50
206000242,6,59,-53
206000243,20,37,-17
206000244,27,121,-94
206000245,4074,22,4052
206000246,789,11,778
206000247,1331,6,1325
206000248,1432,12,1420
206000252,80,41,39
206000258,0,2,-2
206000315,87,6,81
206000317,644,233,411
206000318,925,75,850
206000319,2904,75,2829
206000320,628,40,588
206000321,776,7,769
206000322,2136,10,2126
206000323,798,9,789
206000324,841,9,832
206000325,533,29,504
206000326,392,28,364
206000327,70,34,36
206000328,746,6,740
206000329,1389,5,1384
206000330,412,11,401
206000331,734,0,734
206000332,98,0,98
206000333,2960,3,2957
206000334,1681,3,1678
206000335,0,23,-23
206000361,1,36,-35
206000392,1,7,-6
206000405,740,1,739
206000441,158,14,144
206000498,114,5,109
206000515,73,41,32
206000530,589,59,530
206000531,191,354,-163
206000532,1136,333,803
206000535,106,2501,-2395
206000536,11,73,-62
206000537,20,113,-93
206000613,852,278,574
207000001,220,261,-41
207000002,109,176,-67
207000003,101,112,-11
207000007,2462,105,2357
207000008,578,3,575
207000009,109,39,70
207000010,331,170,161
207000012,664,108,556
207000015,172,372,-200
207000019,517,29,488
207000021,344,295,49
207000022,390,156,234
207000023,415,46,369
207000024,3,11,-8
207000025,14,82,-68
207000026,100,43,57
207000027,25,65,-40
207000028,103,139,-36
207000029,306,176,130
207000033,277,148,129
207000034,428,36,392
207000039,1268,12,1256
207000040,1252,27,1225
207000041,264,8,256
207000042,739,25,714
207000043,475,238,237
207000051,48,229,-181
207000052,8,85,-77
207000053,309,188,121
207000054,45,48,-3
207000055,149,48,101
207000056,223,123,100
207000057,112,82,30
207000058,125,152,-27
207000059,70,258,-188
207000060,47,301,-254
207000061,64,2120,-2056
207000062,1248,54,1194
207000063,1156,42,1114
207000064,751,53,698
207000065,389,121,268
207000066,883,211,672
207000067,140,72,68
207000068,253,18,235
207000069,1531,204,1327
207000082,30,88,-58
207000083,71,126,-55
207000084,575,108,467
207000085,354,50,304
207000086,732,11,721
207000106,141,13,128
207000107,235,9,226
207000108,227,5,222
207000109,199,3,196
207000110,84,10,74
207000111,205,22,183
207000112,16,634,-618
207000114,12,28,-16
207000115,52,30,22
207000116,4,177,-173
207000117,1,36,-35
207000118,0,41,-41
207000119,28,79,-51
207000123,368,9,359
207000124,195,11,184
207000125,98,6,92
207000126,76,6,70
207000134,520,70,450
207000135,137,111,26
207000148,181,350,-169
207000149,38,15,23
207000152,194,462,-268
207000153,299,523,-224
207000154,454,139,315
207000159,58,91,-33
207000160,115,178,-63
207000238,0,53,-53
207000242,0,44,-44
207000248,16,38,-22
207000249,63,15,48
207000250,278,74,204
207000251,79,106,-27
207000252,30,29,1
207000278,274,102,172
207000279,15,88,-73
207000280,1166,24,1142
207000281,154,228,-74
207000282,23,669,-646
207000283,13,128,-115
207000284,48,2380,-2332
207000285,51,84,-33
207000291,5,38,-33
207000304,75,41,34
207000306,66,188,-122
207000310,393,139,254
207000353,76,1,75
207000356,20,32,-12
207000357,0,22,-22
207000358,0,26,-26
207000415,1,37,-36
207000417,24,6,18
207000418,65,28,37
207000438,0,1,-1
207000439,430,98,332
207000446,164,5,159
207000460,246,7,239
207000466,86,81,5
207000467,1068,29,1039
207000468,30,129,-99
207000476,20,13,7
207000477,389,32,357
207000478,0,12,-12
207000523,0,11,-11
207000524,33,0,33
207000527,474,64,410
207000530,655,4,651
207000531,310,6,304
207000532,136,68,68
207000534,148,20,128
207000535,4,104,-100
207000537,4,32,-28
207000540,3,36,-33
207000541,1,76,-75
207000548,0,120,-120
207000549,320,7,313
207000561,199,103,96
207000562,17,95,-78
207000567,43,131,-88
207000568,915,84,831
207000569,1955,138,1817
207000584,28,85,-57
207000585,18,48,-30
207000587,132,12,120
207000616,0,42,-42
207000617,365,0,365
207000624,22,26,-4
207000631,0,5,-5
207900008,951,53,898
208000001,910,613,297
208000002,941,504,437
208000003,974,275,699
208000004,827,638,189
208000005,2,52,-50
208000019,2179,198,1981
208000020,429,148,281
208000021,287,188,99
208000022,721,209,512
208000028,979,1697,-718
208000033,277,150,127
208000034,420,651,-231
208000037,839,41,798
208000040,530,141,389
208000041,1301,587,714
208000042,2557,546,2011
208000047,91,77,14
208000064,2606,988,1618
208000066,1347,748,599
208000070,924,670,254
208000071,1457,211,1246
208000072,1450,343,1107
208000080,402,566,-164
208000081,476,148,328
208000082,833,129,704
208000083,409,174,235
208000084,24,156,-132
208000085,901,337,564
208000086,836,543,293
208000087,749,401,348
208000089,1334,192,1142
208000090,932,340,592
208000093,20,110,-90
208000094,427,228,199
208000095,862,425,437
208000104,2726,238,2488
208000105,1192,354,838
208000114,212,357,-145
208000115,968,462,506
208000116,2055,2009,46
208000117,31,123,-92
208000118,203,473,-270
208000155,1041,750,291
208000158,1864,2131,-267
208000186,1266,1286,-20
208000204,881,811,70
208000205,1936,528,1408
208000282,1026,666,360
209000004,755,151,604
209000005,133,46,87
209000006,324,124,200
209000007,394,449,-55
209000010,124,246,-122
209000011,61,249,-188
209000012,60,97,-37
209000013,309,77,232
209000014,515,192,323
209000025,642,72,570
209000026,1732,196,1536
209000027,350,143,207
209000028,280,143,137
209000029,499,537,-38
209000030,446,759,-313
209000031,2104,596,1508
209000034,232,397,-165
209000035,288,411,-123
209000036,586,122,464
209000037,747,166,581
209000038,347,102,245
209000039,164,124,40
209000040,376,292,84
209000041,279,210,69
209000042,305,132,173
209000043,625,311,314
209000044,391,424,-33
209000045,660,248,412
209000046,855,240,615
209000047,842,274,568
209000048,862,610,252
209000049,91,37,54
209000050,238,70,168
209000051,358,72,286
209000052,263,97,166
209000062,170,38,132
209000063,142,20,122
209000064,54,25,29
209000065,311,23,288
209000066,310,13,297
209000067,433,10,423
209000080,2,135,-133
209000082,223,11,212
209000091,12,70,-58
209000093,70,125,-55
209000094,31,151,-120
209000110,125,82,43
209000111,392,2996,-2604
209000112,1733,379,1354
209000113,3870,634,3236
209000114,1762,597,1165
209000115,86,54,32
209000116,237,166,71
209000118,16,86,-70
209000119,20,99,-79
209000121,112,268,-156
209000135,143,109,34
209000142,955,5436,-4481
209000143,12,72,-60
209000144,117,322,-205
209000229,352,98,254
209000240,16,158,-142
209000259,30,20,10
209000260,26,218,-192
209000261,23,153,-130
209000262,3,132,-129
209000263,0,194,-194
209000264,0,158,-158
209000265,399,0,399
209000266,132,0,132
209000267,1900,2,1898
209000268,717,99,618
210000037,263,57,206
210000047,105,6,99
210000048,120,40,80
210000049,226,5,221
210000052,148,17,131
210000053,48,15,33
210000054,29,71,-42
210000070,283,14,269
210000071,132,11,121
210000072,34,0,34
210000073,0,12,-12
210000074,0,22,-22
210000075,0,22,-22
210000076,1,62,-61
210000077,4,131,-127
210000078,10,213,-203
210000079,30,24,6
210000080,72,344,-272
210000081,258,10,248
210000082,5,1,4
210000083,69,2,67
210000084,122,1,121
210000085,0,43,-43
210000086,0,68,-68
210000099,38,100,-62
210000100,35,94,-59
210000101,33,69,-36
210000105,7,227,-220
210000159,1,276,-275
210000163,18,87,-69
210000164,421,149,272
210000168,537,45,492
210000187,0,0,0
210000188,0,10,-10
210000214,9,0,9
210000219,191,32,159
210000220,289,12,277
210000232,6,19,-13
210000233,7,5,2
210000234,27,24,3
210000235,103,26,77
210000245,0,11,-11
210000246,12,0,12
210000258,9,61,-52
210000259,419,16,403
210000282,17,45,-28
210000285,0,122,-122
210000286,21,121,-100
210000290,0,17,-17
210000295,76,203,-127
210000296,101,19,82
210000320,672,23,649
210000321,519,28,491
210000338,42,78,-36
210000339,50,808,-758
210000340,47,173,-126
210000341,192,149,43
210000342,330,107,223
210000343,221,121,100
210000344,101,181,-80
210000345,121,456,-335
210000346,43,285,-242
210000347,21,251,-230
210000348,215,240,-25
210000349,81,169,-88
210000350,215,71,144
210000351,272,29,243
210000352,37,20,17
210000353,63,18,45
210000354,69,11,58
210000355,52,286,-234
210000356,18,503,-485
210000357,55,477,-422
210000358,838,398,440
210000359,124,369,-245
210000360,342,348,-6
210000361,406,177,229
210000362,628,107,521
210000363,707,134,573
210000364,489,151,338
210000365,528,81,447
210000366,472,60,412
210000367,230,17,213
210000368,397,53,344
210000369,127,166,-39
210000370,261,181,80
210000372,30,60,-30
210000373,13,107,-94
210000374,96,174,-78
210000375,22,14,8
210000376,34,293,-259
210000404,23,50,-27
210000439,186,11,175
210000472,60,12,48
210000482,248,124,124
210000564,390,135,255
210000567,1,122,-121
210000568,355,2,353
211000092,92,21,71
211000094,39,15,24
211000169,345,6,339
211000172,27,103,-76
211000209,0,28,-28
211000226,13,24,-11
211000270,132,23,109
211000275,9,24,-15
211000276,321,39,282
211000279,44,50,-6
211000281,375,24,351
211507980,0,69,-69
211977296,21,10,11
212000003,405,203,202
212000004,0,100,-100
212000005,6,150,-144
212000006,18,175,-157
212000008,211,208,3
212000009,86,110,-24
212000012,173,46,127
212000013,41,29,12
212000014,410,71,339
212000015,371,84,287
212000016,602,208,394
212000027,753,127,626
212000028,568,159,409
212000029,363,151,212
212000030,57,14,43
212000031,80,17,63
212000048,28,636,-608
212000049,11,335,-324
212000050,30,35,-5
212000051,379,100,279
212000052,314,113,201
212000053,321,140,181
212000054,1022,49,973
212000055,755,85,670
212000056,16,45,-29
212000057,19,39,-20
212000058,193,39,154
212000070,205,77,128
212000077,217,111,106
212000099,667,106,561
212000108,409,499,-90
212000111,708,43,665
212000120,114,225,-111
212000138,337,63,274
212000156,7,43,-36
212000158,3,43,-40
212000159,808,39,769
212000160,939,47,892
212000161,216,3,213
212000310,60,4,56
212000311,19,49,-30
212000374,42,19,23
213000001,7,262,-255
213000005,1149,114,1035
213000006,811,92,719
213000007,64,19,45
213000009,306,107,199
213000010,491,105,386
213000011,164,27,137
213000012,266,102,164
213000014,81,28,53
213000015,355,3,352
213000016,382,22,360
213000017,69,0,69
213000018,0,18,-18
213000019,3,24,-21
213000020,112,75,37
213000021,0,49,-49
213000023,797,179,618
213000033,371,1056,-685
213000034,519,85,434
213000035,279,544,-265
213000045,194,229,-35
213000046,54,45,9
213000047,174,729,-555
213000056,436,10,426
213000069,135,31,104
213000073,0,21,-21
213000074,44,221,-177
213000075,1383,5,1378
213000076,38,1,37
213000085,0,10,-10
213000086,5,48,-43
213000091,748,28,720
213000092,63,18,45
213000099,231,795,-564
213000100,904,175,729
213000101,1422,63,1359
213000102,1032,96,936
213000103,620,221,399
213000104,35,101,-66
213000105,208,2100,-1892
213000106,38,157,-119
213000107,160,209,-49
213000108,48,257,-209
213000109,3,136,-133
213000110,2,58,-56
213000111,0,73,-73
213000112,51,88,-37
213000115,114,0,114
213000116,27,210,-183
213000117,2,296,-294
213000118,1755,323,1432
213000119,27,300,-273
213000120,41,176,-135
213000122,137,195,-58
213000123,79,299,-220
213000124,241,593,-352
213000125,312,72,240
213000126,31,65,-34
213000127,7,141,-134
213000128,38,394,-356
213000129,160,2606,-2446
213000130,1661,974,687
213000132,2487,218,2269
213000133,2247,91,2156
213000134,2882,20,2862
213000136,860,7,853
213000137,815,12,803
213000139,331,10,321
213000147,23,3,20
213000148,9,26,-17
213000149,8,35,-27
213000150,0,644,-644
213000151,9,154,-145
213000152,0,214,-214
213000153,2,162,-160
213000154,123,169,-46
213000155,92,143,-51
213000156,115,118,-3
213000157,1145,142,1003
213000158,635,425,210
213000159,923,209,714
213000163,3789,446,3343
213000165,795,284,511
213000171,0,10,-10
213000172,0,38,-38
213000173,1,45,-44
213000174,0,40,-40
213000175,10,14,-4
213000176,270,31,239
213000177,238,5,233
213000178,533,2,531
213000179,760,1,759
213000180,990,0,990
213000184,85,182,-97
213000188,1347,74,1273
213000189,1991,33,1958
213000190,1220,306,914
213000191,1325,170,1155
213000192,833,117,716
213000193,363,170,193
213000194,3,237,-234
213000195,34,144,-110
213000196,478,1645,-1167
213000197,781,1224,-443
213000198,19,0,19
213000200,191,381,-190
213000201,32,74,-42
213000202,5,307,-302
213000203,1448,196,1252
213000204,1684,34,1650
213000205,977,18,959
213000206,1295,21,1274
213000207,23,11,12
213000208,14,0,14
213000209,71,2,69
213000210,199,2,197
213000211,3,18,-15
213000212,9,38,-29
213000213,30,43,-13
213000218,684,384,300
213000219,2131,75,2056
213000220,2275,11,2264
213000223,508,84,424
213000224,59,32,27
213000225,141,17,124
213000226,78,1,77
213000227,2416,83,2333
213000228,1614,51,1563
213000229,400,27,373
213000230,735,10,725
213000232,192,14,178
213000233,27,108,-81
213000234,0,46,-46
213000293,21,112,-91
213000294,170,26,144
213000295,13,56,-43
213000296,166,12,154
213000297,16,56,-40
213000298,22,36,-14
213000299,45,29,16
213000300,3,3,0
213000303,0,27,-27
213000304,1,3,-2
213000305,0,20,-20
213000306,41,388,-347
213000307,121,108,13
213000308,74,117,-43
213000309,306,22,284
213000310,434,155,279
213000311,90,392,-302
213000315,77,237,-160
213000316,520,31,489
213000322,187,18,169
213000323,329,22,307
213000324,134,5,129
213000325,239,19,220
213000326,182,12,170
213000327,123,17,106
213000328,109,77,32
213000329,231,24,207
213000340,134,232,-98
213000341,2035,58,1977
213000346,76,451,-375
213000347,269,941,-672
213000348,9,58,-49
213000349,1,8,-7
213000350,134,594,-460
213000366,100,158,-58
213000367,541,14,527
213000379,62,17,45
213000386,49,66,-17
213000406,277,91,186
213000417,2412,756,1656
213000425,713,98,615
213000426,418,13,405
213000427,168,41,127
213000428,32,46,-14
213000429,10,3,7
213000430,89,201,-112
213000431,11,0,11
213000432,0,64,-64
213000433,47,33,14
213000434,301,108,193
213000435,243,20,223
213000436,264,20,244
213000437,0,11,-11
213000438,274,20,254
213000439,44,16,28
213000440,9,117,-108
213000441,0,0,0
213000442,0,22,-22
213000443,851,341,510
213000444,97,4,93
213000445,0,43,-43
213000446,0,59,-59
213000447,2,74,-72
213000448,11,133,-122
213000449,2264,13,2251
213000450,34,18,16
213000451,616,34,582
213000452,14,10,4
213000453,15,124,-109
213000455,105,0,105
213000456,1,199,-198
213000481,5,0,5
213000482,42,3,39
213000489,258,120,138
213000491,9,360,-351
213000492,177,36,141
213000493,8,640,-632
213000494,514,59,455
213000495,0,28,-28
213000496,954,84,870
213000497,46,186,-140
213000498,140,78,62
213000499,201,107,94
213000500,1182,28,1154
213000501,396,25,371
213000502,153,65,88
213000503,0,81,-81
213000504,14,57,-43
213000505,89,4,85
213000506,0,2,-2
213000507,0,38,-38
213900244,377,0,377
213900245,0,9,-9
218000003,55,15,40
218000004,113,21,92
218000005,18,71,-53
218000006,70,50,20
218000007,6,9,-3
218000012,75,317,-242
218000013,285,191,94
218000014,472,122,350
218000019,378,224,154
218000020,232,131,101
218000021,47,32,15
218000022,73,21,52
218000023,2,20,-18
218000024,4,11,-7
218000025,18,11,7
218000026,35,9,26
218000027,5,2,3
218000028,2,1,1
218000029,2,3,-1
218000030,38,6,32
218000031,13,5,8
218000032,3,4,-1
218000040,0,16,-16
218000046,122,135,-13
218000047,16,47,-31
218000048,144,23,121
218000049,124,22,102
218000050,308,70,238
218000051,101,82,19
218000052,0,29,-29
218000053,5,6,-1
218000054,2,38,-36
218000055,0,61,-61
218000056,50,60,-10
218000057,0,37,-37
218000064,0,3,-3
218000065,141,6,135
218000066,26,38,-12
218000067,206,32,174
218000068,312,56,256
218000069,642,24,618
218000070,432,245,187
218000071,233,150,83
218000072,106,144,-38
218000078,1439,258,1181
218000079,469,25,444
218000080,310,21,289
218000081,784,65,719
218000082,313,36,277
218000083,151,34,117
218000084,231,61,170
218000085,186,79,107
218000086,98,23,75
218000087,152,39,113
218000090,2,278,-276
218000091,1555,631,924
218000092,332,53,279
218000093,156,73,83
218000094,460,246,214
218000099,235,221,14
218000100,347,99,248
218000101,309,138,171
218000102,580,101,479
218000103,145,62,83
218000104,137,32,105
218000105,25,4,21
218000106,34,3,31
218000107,166,35,131
218000108,39,26,13
218000112,53,11,42
218000117,38,56,-18
218000134,439,238,201
218000135,13,68,-55
218000136,167,123,44
218000137,108,221,-113
218000138,58,94,-36
218000139,172,530,-358
218000140,675,460,215
218000141,76,85,-9
218000142,259,148,111
218000143,21,292,-271
218000144,14,278,-264
218000145,673,198,475
218000146,121,73,48
218000151,3,27,-24
218000152,28,41,-13
218000153,7,8,-1
218000154,12,0,12
218000155,43,1,42
218000156,126,2,124
218000157,55,8,47
218000158,9,13,-4
218000159,2,3,-1
218000160,11,7,4
218000161,65,6,59
218000162,80,5,75
218000163,23,2,21
218000164,111,6,105
218000165,171,34,137
218000170,1,35,-34
218000171,59,2,57
218000172,2,4,-2
218000173,10,7,3
218000174,6,23,-17
218000176,211,14,197
218000177,286,64,222
218000178,65,55,10
218000179,133,25,108
218000180,84,22,62
218000181,217,31,186
218000187,16,37,-21
218000188,13,25,-12
218000189,3,85,-82
218000190,17,19,-2
218000191,118,15,103
218000192,289,81,208
218000193,233,114,119
218000194,140,130,10
218000195,232,23,209
218000196,570,152,418
218000197,1067,71,996
218000198,211,36,175
218000199,79,16,63
218000200,79,33,46
218000201,16,2,14
218000202,43,784,-741
218000207,2,7,-5
218000208,17,125,-108
218000211,20,20,0
218000212,1,3,-2
218000213,232,120,112
218000214,0,30,-30
218000215,95,28,67
218000217,2,30,-28
218000218,286,19,267
218000219,15,55,-40
218000220,84,530,-446
218000221,908,246,662
218000222,2,73,-71
218000223,30,313,-283
218000224,5,171,-166
218000225,186,7,179
218000226,234,45,189
218000230,0,12,-12
218000232,94,33,61
218000239,177,2,175
218000240,4,0,4
218000241,12,0,12
218000242,0,0,0
218000243,8,0,8
218000244,5,3,2
218000245,15,25,-10
218000246,0,15,-15
218000247,0,1,-1
218000248,0,41,-41
218000249,0,3,-3
218000250,0,41,-41
218000251,1,25,-24
218000252,0,29,-29
218000253,0,25,-25
218000254,0,28,-28
218000255,1,27,-26
218000256,1,17,-16
218000267,469,962,-493
218000268,3,45,-42
218000269,0,9,-9
218000270,110,28,82
218000271,19,9,10
218000273,149,0,149
218000274,55,1,54
218000275,63,82,-19
218000276,31,9,22
218000278,25,16,9
218000279,92,17,75
218000280,1,17,-16
218000281,5,17,-12
218000282,604,1316,-712
218000284,77,1,76
218000301,27,156,-129
218000302,46,49,-3
218000303,8,69,-61
218000316,1718,388,1330
218000317,3709,330,3379
218000318,1804,220,1584
218000319,1553,480,1073
218000320,1339,544,795
218000338,15,19,-4
218000345,182,55,127
218000346,40,183,-143
218000459,36,66,-30
218000490,14,44,-30
218000501,134,45,89
218000502,103,18,85
218000503,207,32,175
218000504,139,21,118
218000505,41,33,8
218000506,6,40,-34
218000508,0,1,-1
218000510,114,11,103
218000520,195,152,43
218000521,24,17,7
218000522,0,259,-259
218000523,205,0,205
218000524,1,173,-172
218000525,87,15,72
218000526,2,143,-141
218000529,90,55,35
218000530,66,3,63
218000531,58,14,44
218000532,48,0,48
218000534,617,11,606
218000537,10,112,-102
218000538,123,240,-117
218000540,86,47,39
218000543,345,27,318
218000544,19,54,-35
218000545,315,26,289
218000546,70,24,46
218000547,274,99,175
218000548,109,41,68
218000549,1337,111,1226
218000550,175,119,56
218000551,63,192,-129
218000552,453,95,358
218000553,43,155,-112
218000554,14,38,-24
218000555,42,163,-121
218000556,295,121,174
218000557,1095,106,989
218000558,46,0,46
218000559,1,43,-42
218000560,0,8,-8
218000561,10,0,10
218000562,26,89,-63
218000563,134,11,123
218000564,0,122,-122
218000565,78,28,50
218000566,29,5,24
218000567,0,22,-22
218000568,2,0,2
218000569,4,159,-155
218000570,6,2,4
218000571,0,79,-79
218000572,69,0,69
218000573,0,52,-52
218000574,91,12,79
218000575,128,0,128
218000576,0,67,-67
218000577,132,19,113
218000578,1,48,-47
218000579,41,22,19
218000581,8,74,-66
218000582,44,2,42
218000583,12,0,12
218000584,1,9,-8
218000585,71,7,64
218000586,9,21,-12
218000587,7,1,6
218000588,0,17,-17
218000589,0,31,-31
218000590,4,0,4
218000591,1,65,-64
218000592,5,7,-2
218000593,4,12,-8
218000594,0,5,-5
218000597,0,2,-2
218000598,0,2,-2
218000599,0,0,0
218000600,5,1,4
218000601,0,5,-5
218000602,0,6,-6
218000603,0,2,-2
218000604,11,0,11
218000605,0,35,-35
218000606,93,0,93
218000607,7,96,-89
218000608,89,14,75
218000609,1,91,-90
218000610,51,0,51
218000611,11,0,11
218000612,1,21,-20
218000613,26,27,-1
218000614,0,42,-42
218000615,230,3,227
218000616,3,145,-142
218000617,2,0,2
218000618,2,26,-24
218000619,38,68,-30
218000620,1,123,-122
218000621,0,17,-17
218000622,0,81,-81
218000623,6,0,6
218000624,2,192,-190
218000625,2,16,-14
218000626,0,64,-64
218000628,274,164,110
218000631,134,43,91
218000632,0,67,-67
218000633,64,1,63
218000634,17,3,14
218000635,14,6,8
218000636,910,267,643
218000637,1662,119,1543
218000638,537,7,530
218000639,34,20,14
218000640,937,11,926
218000641,277,26,251
218000652,52,23,29
218000653,149,16,133
218000663,15,32,-17
218000675,11,81,-70
218000676,10,6,4
218000677,42,2,40
218000680,372,121,251
218000681,1013,64,949
218000691,405,117,288
218000693,926,45,881
218000703,12,12,0
218000718,14,53,-39
218000719,96,101,-5
218000720,2,81,-79
218000721,6,8,-2
218000725,14,7,7
218001147,3,50,-47
218001214,17,15,2
218001258,322,1,321
218001329,400,39,361
218001330,69,83,-14
218001351,7,22,-15
218001352,44,28,16
218001353,6,5,1
218001354,1,48,-47
218001355,29,77,-48
218001356,1237,148,1089
218001357,2,47,-45
218001358,936,3,933
218001361,752,2,750
218001362,1,76,-75
219000001,12,18,-6
219000002,35,21,14
219000003,99,30,69
219000004,28,65,-37
219000017,126,144,-18
219000020,236,23,213
219000022,223,0,223
219000023,117,2,115
219000029,0,111,-111
219000034,95,36,59
219000039,21,170,-149
219000040,22,72,-50
219000041,112,54,58
219000051,0,38,-38
219000052,0,41,-41
219000053,1,80,-79
219000054,28,48,-20
219000055,569,0,569
219000056,14,0,14
219000057,107,0,107
219000062,24,90,-66
219000063,423,1,422
219000064,0,98,-98
219000110,196,246,-50
219000111,63,36,27
219000112,360,46,314
219000113,280,25,255
219000114,263,28,235
219000116,86,14,72
219000117,136,7,129
219000118,133,28,105
219000123,225,103,122
219000124,69,23,46
219000125,15,1,14
219000126,67,85,-18
219000127,0,5,-5
219000128,17,102,-85
219000129,20,70,-50
219000130,189,306,-117
219000131,1261,746,515
219000133,24,50,-26
219000134,20,30,-10
219000135,26,48,-22
219000136,41,270,-229
219000138,149,5,144
219000139,99,23,76
219000140,282,0,282
219000141,53,40,13
219000142,45,28,17
219000143,26,14,12
219000145,12,14,-2
219000146,0,0,0
219000147,15,20,-5
219000148,0,22,-22
219000149,2,18,-16
219000150,0,21,-21
219000151,1,2,-1
219000157,630,73,557
219000158,415,127,288
219000161,396,14,382
219000163,1334,332,1002
219000166,232,137,95
219000167,136,214,-78
219000168,413,100,313
219000174,763,128,635
219000175,412,9,403
219000176,318,8,310
219000177,170,2,168
219000178,260,0,260
219000179,149,26,123
219000180,138,14,124
219000182,199,6,193
219000183,132,5,127
219000184,111,3,108
219000185,1,9,-8
219000186,105,37,68
219000187,22,37,-15
219000189,54,88,-34
219000190,46,90,-44
219000191,122,587,-465
219000192,276,185,91
219000193,189,99,90
219000195,1,23,-22
219000196,0,69,-69
219000198,0,31,-31
219000199,18,68,-50
219000200,17,47,-30
219000201,41,62,-21
219000203,7,49,-42
219000204,43,307,-264
219000205,13,125,-112
219000207,47,187,-140
219000209,49,50,-1
219000210,9,168,-159
219000213,12,131,-119
219000239,164,242,-78
219000240,72,359,-287
219000241,104,173,-69
219000242,42,213,-171
219000243,150,196,-46
219000244,16,84,-68
219000245,24,61,-37
219000246,28,38,-10
219000247,384,29,355
219000248,537,419,118
219000249,300,89,211
219000250,427,43,384
219000251,831,93,738
219000252,336,70,266
219000253,238,20,218
219000255,270,92,178
219000256,585,57,528
219000257,88,0,88
219000262,33,45,-12
219000263,80,65,15
219000267,1,23,-22
219000268,0,2,-2
219000269,1,1,0
219000270,24,0,24
219000271,424,2,422
219000278,0,0,0
219000279,0,0,0
219000283,0,12,-12
219000295,3,81,-78
219000296,59,155,-96
219000297,59,30,29
219000298,28,24,4
219000299,336,27,309
219000300,59,49,10
219000301,25,110,-85
219000302,15,107,-92
219000307,15,6,9
219000308,48,28,20
219000311,230,57,173
219000312,436,179,257
219000313,571,64,507
219000314,70,77,-7
219000315,560,19,541
219000316,825,64,761
219000317,412,8,404
219000320,0,69,-69
219000321,1,31,-30
219000323,9,22,-13
219000325,0,0,0
219000326,21,18,3
219000327,2,7,-5
219000328,22,15,7
219000329,429,108,321
219000330,13,10,3
219000331,57,15,42
219000332,210,83,127
219000333,97,8,89
219000335,77,0,77
219000337,15,0,15
219000338,40,0,40
219000344,13,27,-14
219000345,148,10,138
219000346,23,12,11
219000348,114,42,72
219000349,57,127,-70
219000350,45,160,-115
219000351,0,18,-18
219000352,80,105,-25
219000353,358,42,316
219000354,846,20,826
219000355,199,57,142
219000356,429,770,-341
219000363,135,52,83
219000364,178,31,147
219000365,86,32,54
219000366,156,941,-785
219000368,443,361,82
219000370,893,335,558
219000371,8,6,2
219000382,5,5,0
219000383,194,626,-432
219000385,143,564,-421
219000386,362,1296,-934
219000387,0,1,-1
219000390,8,0,8
219000391,6,0,6
219000397,30,3,27
219000398,23,50,-27
219000401,7,110,-103
219000402,26,44,-18
219000403,53,117,-64
219000404,5,71,-66
219000407,44,36,8
219000409,52,33,19
219000410,79,9,70
219000411,56,6,50
219000446,92,222,-130
219000447,0,12,-12
219000448,14,3,11
219000452,106,45,61
219000453,20,98,-78
219000454,361,387,-26
219000556,927,29,898
219000558,74,89,-15
219000590,12,244,-232
219000591,421,38,383
219000592,43,113,-70
219000595,8,4,4
219000635,272,22,250
219000636,77,23,54
219000657,51,3,48
219000658,9,146,-137
219000673,1,25,-24
219000676,38,2,36
219000679,49,13,36
219000684,216,0,216
219000685,0,49,-49
219000686,0,4,-4
219000688,0,46,-46
219000689,8,115,-107
219000690,174,8,166
219000691,44,48,-4
219000692,198,12,186
219000693,1,3,-2
219000694,56,0,56
219000695,111,2,109
219000698,2,0,2
219000699,0,129,-129
219000727,0,74,-74
219000728,155,0,155
219000770,41,1,40
219000771,0,94,-94
219000788,170,225,-55
219001150,0,88,-88
219001151,0,3,-3
219001166,20,83,-63
219001167,1,45,-44
219001178,58,1,57
220000001,37,331,-294
220000002,5,255,-250
220000003,186,66,120
220000004,338,272,66
220000005,462,1195,-733
220000006,80,421,-341
220000007,493,80,413
220000008,327,234,93
220000009,274,367,-93
220000010,34,23,11
220000011,307,4519,-4212
220000012,19,626,-607
220000014,185,102,83
220000015,30,434,-404
220000017,27,260,-233
220000018,8849,3124,5725
220000019,209,853,-644
220000020,765,162,603
220000021,1201,415,786
220000022,1816,223,1593
220000023,269,99,170
220000024,933,250,683
220000025,831,1716,-885
220000026,575,1015,-440
220000027,17,224,-207
220000028,55,139,-84
220000029,16,75,-59
220000030,25,23,2
220000031,1197,497,700
220000064,55,945,-890
221000046,1,0,1
221000047,0,0,0
221000048,0,0,0
221000049,0,10,-10
221000050,10,1,9
221000055,24,49,-25
221000057,235,3,232
221000068,137,53,84
221000069,318,24,294
221000070,280,17,263
221000071,114,3,111
221000072,399,6,393
221000073,209,23,186
221000074,0,12,-12
221000075,2,31,-29
221000076,15,20,-5
221000077,20,25,-5
221000081,21,4,17
221000082,65,7,58
221000083,23,3,20
221000084,6,6,0
221000085,6,19,-13
221000086,10,45,-35
221000087,2,92,-90
221000088,1,152,-151
221000089,20,100,-80
221000090,25,163,-138
221000098,119,14,105
221000099,350,11,339
221000100,214,4,210
221000101,282,13,269
221000102,179,11,168
221000109,3,29,-26
221000110,2,8,-6
221000111,8,41,-33
221000112,0,28,-28
221000113,5,49,-44
221000114,1,51,-50
221000120,17,145,-128
221000121,1,41,-40
221000122,47,29,18
221000123,6,10,-4
221000124,29,96,-67
221000155,94,30,64
221000156,174,76,98
221000175,23,30,-7
221000176,0,7,-7
221000182,226,1,225
221000241,351,227,124
221000242,56,113,-57
221000243,621,125,496
221000244,73,243,-170
221000245,239,75,164
221000246,6,177,-171
221000247,241,104,137
221000248,69,94,-25
221000267,17,411,-394
221000325,17,143,-126
221000331,11,43,-32
221000338,28,47,-19
221000378,402,43,359
221000381,43,58,-15
222000282,1,2,-1
222000296,1,31,-30
222000568,320,12,308
222000569,153,44,109
222000570,146,36,110
222000571,523,26,497
222000577,36,56,-20
222000578,1,71,-70
222000579,7,33,-26
222000580,16,667,-651
222000599,0,60,-60
222000600,0,64,-64
222000601,4,418,-414
222000603,0,64,-64
222000604,0,126,-126
222000605,22,51,-29
222000606,0,59,-59
222000607,0,6,-6
222000608,8,10,-2
222000609,51,36,15
222000616,1156,19,1137
222000617,35,8,27
222000618,4,9,-5
222000620,26,23,3
222000621,56,23,33
222000623,660,3,657
222000624,671,11,660
222000625,1570,24,1546
222000636,35,1,34
222000686,23,21,2
222000687,64,30,34
222001066,850,3,847
222001067,154,9,145
222001068,365,7,358
222001069,166,17,149
222001082,142,12,130
222001083,346,9,337
222001084,0,130,-130
222001085,9,813,-804
222001111,414,23,391
222001112,284,13,271
222001313,4,8,-4
222001314,0,67,-67
222001464,436,40,396
222001465,12,112,-100
222001484,497,27,470
222001485,12,20,-8
222001494,1471,127,1344
222001495,140,88,52
222001496,756,36,720
222001497,147,153,-6
222001502,13,38,-25
222001503,543,10,533
222001504,22,106,-84
222001505,1093,12,1081
222001506,11,78,-67
222001507,729,16,713
222001510,1295,22,1273
222001511,5,142,-137
222001514,1223,21,1202
222001515,41,121,-80
222001518,1035,17,1018
222001519,36,147,-111
222001527,282,37,245
222001528,26,124,-98
222001529,627,27,600
222001530,13,58,-45
222001533,91,80,11
222001534,1072,23,1049
222001535,670,148,522
222001536,22,98,-76
222001537,739,16,723
222001538,3,160,-157
222001563,1356,31,1325
222001564,40,204,-164
222001568,189,113,76
222001576,0,4,-4
222001579,0,41,-41
222001583,14,62,-48
222001584,283,12,271
222001596,205,385,-180
222001597,1824,129,1695
222001626,0,33,-33
222001650,11,56,-45
222001651,30,151,-121
222001914,462,31,431
222001915,5,185,-180
222001968,858,139,719
222001969,200,190,10
222001970,94,185,-91
222001971,130,8,122
222001972,19,17,2
225000001,696,55,641
225000002,1465,90,1375
225000003,1649,80,1569
225000004,1085,86,999
225000005,44,35,9
225000006,1,122,-121
225000007,736,1190,-454
225000010,489,26,463
225000011,271,2199,-1928
225000012,296,1082,-786
225000013,269,126,143
225000014,873,112,761
225000015,137,181,-44
225000021,908,105,803
225000027,264,237,27
225000032,836,108,728
225000042,122,245,-123
225000049,31,129,-98
225000050,211,33,178
225000053,0,105,-105
225000058,762,200,562
225000067,304,64,240
225000068,162,118,44
225000069,55,224,-169
225000070,112,241,-129
225000071,36,57,-21
225000075,44,805,-761
225000076,76,44,32
225000078,64,11,53
225000085,304,33,271
225000086,956,16,940
225000087,86,4,82
225000088,7,138,-131
225000089,65,153,-88
225000090,12,131,-119
225000091,37,41,-4
225000092,31,83,-52
225000093,466,117,349
225000094,8,96,-88
225000095,288,182,106
225000096,66,109,-43
225000098,1221,132,1089
225000099,851,32,819
225000100,956,40,916
225000104,101,436,-335
225000110,3,186,-183
225000111,475,305,170
225000112,709,654,55
225000113,224,1289,-1065
225000114,131,684,-553
225000115,1471,828,643
225000116,321,64,257
225000117,579,405,174
225000118,1529,441,1088
225000119,697,100,597
225000120,1252,38,1214
225000121,256,24,232
225000123,859,6,853
225000125,839,267,572
225000126,815,206,609
225000127,668,4356,-3688
225000128,418,1826,-1408
225000132,697,12,685
225000133,390,6,384
225000134,870,108,762
225000135,146,6,140
225000136,776,9,767
225000137,675,130,545
225000138,644,239,405
225000143,89,276,-187
225000144,15,316,-301
225000145,29,3,26
225000146,84,39,45
225000147,29,27,2
225000148,7,29,-22
225000149,44,57,-13
225000151,43,42,1
225000155,86,118,-32
225000156,229,1186,-957
225000157,646,278,368
225000158,33,124,-91
225000171,0,169,-169
225000180,32,18,14
225000181,0,200,-200
225000182,50,2,48
225000185,11,299,-288
225000187,81,154,-73
225000191,117,0,117
225000194,0,7,-7
225000208,0,55,-55
225000209,81,8,73
225000210,4,108,-104
225000217,0,15,-15
225000218,27,0,27
225000223,0,385,-385
225000224,3,5,-2
225000225,2,172,-170
225000226,33,11,22
225000227,129,167,-38
225000228,5,3,2
225000229,0,54,-54
225000230,0,0,0
225000231,0,16,-16
225000232,163,0,163
225000241,91,2,89
225000242,0,11,-11
225000249,2,0,2
225000250,32,198,-166
225000251,935,123,812
225000254,2,136,-134
225000256,6,625,-619
225000257,0,91,-91
226000042,110,245,-135
226000043,39,181,-142
226000044,88,364,-276
226000045,71,215,-144
226000046,1345,148,1197
226000047,1018,124,894
226000048,688,129,559
226000049,722,247,475
226000070,0,17,-17
226000071,0,21,-21
226000072,0,21,-21
226000073,0,1,-1
226000074,0,4,-4
226000084,0,21,-21
226000085,2,33,-31
226000086,0,13,-13
226000087,1,50,-49
226000088,0,24,-24
226000090,109,221,-112
226000091,11,117,-106
226000092,5,30,-25
226000093,3,2,1
226000094,2,10,-8
226000095,7,42,-35
226000105,16,0,16
226000106,11,0,11
226000107,4,0,4
226000108,25,0,25
226000109,391,0,391
226000124,417,131,286
226000134,1775,254,1521
226000135,3495,445,3050
226000136,1295,334,961
226000137,8,92,-84
226000138,7,19,-12
226000139,0,31,-31
226000156,584,15,569
226000157,649,13,636
226000163,12,66,-54
226000202,0,45,-45
226000231,1314,8,1306
226000232,44,4,40
227000033,661,6,655
227000036,1142,11,1131
227000037,1221,12,1209
227000038,383,20,363
227000084,1,112,-111
227000085,0,160,-160
227000088,79,0,79
227000089,74,2,72
227000090,39,1,38
227000091,43,0,43
227000092,40,1,39
227000093,146,0,146
227000094,20,1,19
227000130,61,127,-66
227000131,22,114,-92
227000132,40,78,-38
227000133,22,69,-47
227000134,36,122,-86
227000152,0,3,-3
227000153,0,154,-154
227000154,0,92,-92
227000155,6,17,-11
227000156,0,14,-14
227000165,3,102,-99
227000196,592,110,482
227000199,1748,129,1619
227000230,5,254,-249
227000232,2263,68,2195
227000242,72,204,-132
227000243,528,31,497
227000245,38,127,-89
227000246,68,125,-57
227000247,1134,18,1116
227000248,263,64,199
227000249,1,142,-141
227000250,487,346,141
227000251,73,288,-215
227000252,66,114,-48
227000253,515,18,497
227000262,1027,17,1010
227000266,3215,72,3143
227000267,17,512,-495
227000282,2,47,-45
227000284,1778,7,1771
227000286,21,33,-12
227000287,22,24,-2
227000291,12,113,-101
227000296,409,104,305
227000484,168,9,159
227000485,3,290,-287
227000655,1046,1,1045
227000656,1420,21,1399
227000657,908,2,906
227000661,1735,13,1722
227000680,94,148,-54
229000265,40,58,-18
229000296,0,54,-54
229000297,9,43,-34
229000298,4,281,-277
229000320,43,0,43
229000321,19,1,18
229000412,30,68,-38
229000414,26,28,-2
229000415,15,8,7
229000416,18,1,17
229000417,3,4,-1
229000419,136,207,-71
229000440,277,110,167
229000442,26,12,14
229000443,3,1,2
229000444,0,46,-46
229000445,54,4,50
229000446,74,27,47
229000491,1,3,-2
229000492,8,71,-63
229000493,4,71,-67
229000494,59,1,58
229000495,162,4,158
229000496,176,1,175
229000507,0,49,-49
229000508,1,38,-37
229000509,0,70,-70
229000510,8,29,-21
229000511,4,29,-25
229000512,0,29,-29
229000513,0,3,-3
229000514,0,5,-5
229000517,7,3,4
229000518,26,39,-13
229000519,1,18,-17
229000520,23,34,-11
229000521,79,6,73
229000522,21,2,19
229000523,10,2,8
229000524,7,3,4
229000527,0,0,0
229000528,0,0,0
229000529,4,0,4
229000530,186,0,186
229000531,87,0,87
229000532,25,1,24
229000533,49,0,49
229000534,25,0,25
229000564,173,1,172
229000565,105,3,102
229000566,0,8,-8
229000567,1,10,-9
229000582,65,6,59
229000583,24,9,15
229000584,0,7,-7
229000585,2,94,-92
229000718,0,2,-2
229000719,0,2,-2
229000720,0,30,-30
229000721,0,15,-15
229000722,0,4,-4
229000723,0,5,-5
229000724,0,20,-20
229000725,0,4,-4
229000738,1,0,1
229000739,0,0,0
229000740,5,0,5
229000741,46,0,46
229000742,8,0,8
229000743,10,0,10
229000744,0,0,0
229000745,1,0,1
229000746,4,2,2
229000847,142,1,141
229000848,139,0,139
229000849,198,0,198
229000851,273,0,273
229000854,0,4,-4
229000856,0,81,-81
229000857,0,13,-13
229000858,3,19,-16
229000919,0,21,-21
229000930,1,28,-27
229000937,119,2,117
229000966,69,22,47
229000981,20,1,19
229000985,22,5,17
229000986,3,1,2
229000987,0,7,-7
229000988,0,16,-16
229000989,14,19,-5
229000990,1,12,-11
229000991,0,1,-1
229000992,89,10,79
229000993,367,10,357
229000998,3,54,-51
229000999,143,9,134
229001034,0,61,-61
229001035,31,0,31
229001037,85,4,81
229001042,20,6,14
229001047,1,56,-55
229001050,79,42,37
229001168,0,83,-83
229001200,42,0,42
229001338,0,5,-5
229001394,376,3,373
229001422,120,5,115
229001423,1,31,-30
229001431,38,19,19
229001432,2,11,-9
229001444,306,40,266
229001445,135,123,12
229001479,29,2,27
229001503,296,40,256
229001504,34,34,0
229001505,161,19,142
229001506,31,29,2
229001509,71,13,58
229001545,76,19,57
229001546,0,31,-31
229001553,51,1,50
229001554,2,22,-20
229001559,10,0,10
229001560,3,46,-43
229001630,128,1,127
229001631,7,47,-40
229001635,0,26,-26
229001636,0,1,-1
229001658,0,8,-8
229001659,84,10,74
229001660,0,12,-12
229001661,0,73,-73
229001662,14,1,13
229001663,0,11,-11
229002584,299,230,69
229002831,145,99,46
229002841,5,65,-60
229002842,41,33,8
229002843,101,97,4
229002844,16,150,-134
229002845,13,93,-80
229002846,3,28,-25
229002847,0,8,-8
229002848,6,55,-49
229002849,0,165,-165
229002850,10,11,-1
229002851,57,225,-168
229002852,113,57,56
229002853,82,24,58
229002854,27,50,-23
229002855,20,80,-60
229002856,95,34,61
229002857,21,138,-117
229002858,7,12,-5
229002859,20,71,-51
229002860,41,65,-24
229002861,54,61,-7
229002862,7,57,-50
229002863,9,25,-16
229002864,55,74,-19
229002865,2,29,-27
229002866,8,47,-39
229002867,0,7,-7
229002868,10,13,-3
229002869,2,41,-39
229002870,68,0,68
235000066,257,25,232
235000067,123,77,46
235000072,12,2,10
235000073,22,46,-24
235000074,50,4,46
235000080,4,23,-19
235000081,20,71,-51
235000082,270,67,203
235000083,399,108,291
235000084,29,66,-37
235000085,246,96,150
235000089,33,16,17
235000092,11,11,0
235000093,2,5,-3
235000097,1,0,1
235000098,168,0,168
235000099,26,11,15
235000116,8,16,-8
235000117,563,13,550
235000133,3,205,-202
235000134,4,38,-34
235000206,0,4,-4
235000207,0,3,-3
235000208,0,0,0
235000209,5,3,2
235000210,5,2,3
235000212,1,8,-7
235000213,0,7,-7
235000220,1,2,-1
235000221,9,31,-22
235000238,6,281,-275
235000239,0,28,-28
235000242,240,1075,-835
235000245,367,195,172
235000246,24,57,-33
235000284,8,46,-38
235000295,49,2,47
235000305,456,6,450
235000306,536,8,528
235000307,77,1,76
235000308,34,0,34
235000309,86,0,86
235000310,46,1,45
235000311,47,47,0
235000322,1,109,-108
235000323,3,38,-35
235000324,0,52,-52
235000325,0,23,-23
235000326,18,62,-44
235000351,1,59,-58
235000352,17,39,-22
235000353,2,25,-23
235000354,22,2,20
235000355,0,256,-256
235000356,123,1,122
235000357,60,6,54
235000358,37,1,36
235000359,10,2,8
235000360,202,21,181
235000361,92,6,86
235000381,62,65,-3
235000382,218,29,189
235000390,5,0,5
235000391,165,16,149
235000392,198,128,70
235000393,142,82,60
235000395,165,45,120
235000396,479,70,409
235000400,29,116,-87
235000401,25,89,-64
235000405,88,78,10
235000406,25,69,-44
235000407,68,21,47
235000409,156,37,119
235000410,51,81,-30
235000411,0,42,-42
235000485,1,2,-1
235000486,1,0,1
235000549,138,97,41
235000550,41,38,3
235000599,163,8,155
235000600,1,6,-5
235000601,12,19,-7
235000602,189,82,107
235000614,0,0,0
235000648,0,0,0
235000649,38,13,25
235000685,0,1,-1
235000815,6,3,3
235000834,0,9,-9
235000855,43,38,5
235000862,7,88,-81
235000891,0,3,-3
235000892,4,0,4
235000901,25,14,11
235000907,1,4,-3
235001010,173,37,136
235001029,96,68,28
235001030,154,25,129
235001078,87,59,28
235001079,43,12,31
235001147,2,100,-98
235001166,10,11,-1
235001167,18,2,16
235001169,57,125,-68
235001188,0,13,-13
235001189,1,0,1
235001197,0,8,-8
235001200,34,4,30
235001207,302,90,212
235001210,8,97,-89
235001215,6,31,-25
235001239,0,8,-8
235001244,0,9,-9
235016267,1,116,-115
277101746,0,0,0
277102712,10,2,8
277103813,0,0,0
277103814,0,0,0
277103898,0,1,-1
277104249,0,0,0
277104250,0,18,-18
277104251,0,4,-4
277104252,0,7,-7
990011530,0,144,-144
990014944,0,105,-105
990015176,9,0,9
990015618,0,159,-159
990016032,1,108,-107
990032570,24,28,-4
990070001,67,5,62
990070103,0,3,-3
990070601,0,14,-14
990070751,4017,90,3927
990070766,0,108,-108
990071180,426,69,357
990071343,21,0,21
990071387,4,2,2
990071823,674,3,671
990072600,0,358,-358
990072964,0,79,-79
990073285,2,5,-3
990074393,0,227,-227
990074870,3236,146,3090
990075106,521,1,520
990075746,628,6,622
990076437,7686,12,7674
990076458,1,329,-328
997000007,297,1,296
997000041,0,166,-166
997000058,81,6,75
997000062,26,1,25
997000069,0,0,0
997000070,0,27,-27
997000100,206,0,206
997000141,7,578,-571
997000198,9,393,-384
998000475,0,0,0
998000736,0,52,-52
998000965,0,91,-91
998001031,0,48,-48
998001700,0,41,-41
998001899,0,0,0
998001900,8,0,8
998003073,2059,9,2050
998101900,0,0,0
998102850,1,112,-111
998501927,253,707,-454
998501929,221,54,167
998501930,107,0,107
998501931,263,52,211
998501932,4,0,4
998501933,30,0,30
998501937,10,2,8
998501944,4,0,4
998501950,0,14,-14
998501970,325,9,316
998501971,0,28,-28
998501973,0,11,-11
998501974,0,80,-80
998501975,155,7,148
998501976,526,1,525
998501977,0,28,-28
998501978,15,0,15
998501979,0,6,-6
998501980,286,4,282
998501981,165,0,165
998501982,0,124,-124
998501983,0,117,-117
998502006,0,0,0
998502024,0,0,0
998502032,0,0,0
998502062,5,0,5
998502063,0,0,0
998502173,5,0,5
998502269,0,0,0
998502546,0,378,-378
998502578,0,0,0
998601159,0,10,-10
998601292,1,15,-14
999033574,1,163,-162
999800001,116,50,66
999800002,0,1,-1
999800003,3,0,3
999800004,0,1,-1
999800005,0,19,-19
