dong,insum,outsum,diff
강남구 개포1동,846,1559,-713
강남구 개포2동,12716,21804,-9088
강남구 개포4동,8879,11717,-2838
강남구 논현1동,39949,43200,-3251
강남구 논현2동,28188,29815,-1627
강남구 대치1동,26298,20060,6238
강남구 대치2동,42188,26707,15481
강남구 대치4동,25944,24207,1737
강남구 도곡1동,20999,20325,674
강남구 도곡2동,8179,8583,-404
강남구 삼성1동,48702,36646,12056
강남구 삼성2동,20449,14878,5571
강남구 세곡동,17155,41245,-24090
강남구 수서동,36660,15839,20821
강남구 신사동,33442,25049,8393
강남구 압구정동,52900,38627,14273
강남구 역삼1동,80975,66096,14879
강남구 역삼2동,26596,24301,2295
강남구 일원1동,6844,10768,-3924
강남구 일원2동,4042,3080,962
강남구 일원본동,8203,12631,-4428
강남구 청담동,39874,30733,9141
강동구 강일동,8880,27145,-18265
강동구 고덕제1동,5601,9852,-4251
강동구 고덕제2동,12029,9096,2933
강동구 길동,11194,14162,-2968
강동구 둔촌제1동,213,302,-89
강동구 둔촌제2동,14418,10759,3659
강동구 명일제1동,14588,16193,-1605
강동구 명일제2동,10851,9834,1017
강동구 상일동,27036,18340,8696
강동구 성내제1동,8839,10887,-2048
강동구 성내제2동,9516,11050,-1534
강동구 성내제3동,10871,12480,-1609
강동구 암사제1동,6921,15019,-8098
강동구 암사제2동,3246,2965,281
강동구 암사제3동,1147,1096,51
강동구 천호제1동,4844,10053,-5209
강동구 천호제2동,27540,18987,8553
강동구 천호제3동,7222,8976,-1754
강북구 미아동,24373,18021,6352
강북구 번1동,52649,40512,12137
강북구 번2동,8617,16277,-7660
강북구 번3동,13625,27966,-14341
강북구 삼각산동,5785,11975,-6190
강북구 삼양동,14508,21701,-7193
강북구 송중동,87028,68225,18803
강북구 송천동,22978,31164,-8186
강북구 수유1동,14753,17851,-3098
강북구 수유2동,10581,17623,-7042
강북구 수유3동,44097,35743,8354
강북구 우이동,13776,15379,-1603
강북구 월곡제1동,1246,1968,-722
강북구 인수동,11666,21654,-9988
강서구 가양제1동,18894,14130,4764
강서구 가양제2동,2357,3755,-1398
강서구 가양제3동,2320,3854,-1534
강서구 공항동,12085,11312,773
강서구 등촌제1동,17362,22408,-5046
강서구 등촌제2동,8340,15194,-6854
강서구 등촌제3동,23840,25761,-1921
강서구 발산제1동,25640,25777,-137
강서구 방화제1동,10505,14674,-4169
강서구 방화제2동,9793,8003,1790
강서구 방화제3동,1929,2010,-81
강서구 염창동,10958,17469,-6511
강서구 우장산동,14867,19873,-5006
강서구 화곡본동,8680,14476,-5796
강서구 화곡제1동,40729,41958,-1229
강서구 화곡제2동,4589,10431,-5842
강서구 화곡제3동,12641,10653,1988
강서구 화곡제4동,6986,12788,-5802
강서구 화곡제6동,16331,24031,-7700
강서구 화곡제8동,21184,14022,7162
관악구 낙성대동,27042,42515,-15473
관악구 난곡동,9606,25097,-15491
관악구 난향동,6131,13938,-7807
관악구 남현동,11247,14776,-3529
관악구 대학동,34386,30179,4207
관악구 미성동,18708,35332,-16624
관악구 보라매동,18007,25316,-7309
관악구 삼성동,13471,36797,-23326
관악구 서림동,15319,28143,-12824
관악구 서원동,62273,43263,19010
관악구 성현동,9751,28909,-19158
관악구 신림동,62304,44211,18093
관악구 신사동,11287,19198,-7911
관악구 신원동,4308,6464,-2156
관악구 은천동,24965,27356,-2391
관악구 인헌동,12077,13835,-1758
관악구 조원동,38417,30125,8292
관악구 중앙동,7734,7575,159
관악구 청룡동,32478,18936,13542
관악구 청림동,3027,8430,-5403
관악구 행운동,46246,38284,7962
광진구 광장동,5820,7576,-1756
광진구 구의제1동,12075,14278,-2203
광진구 구의제2동,12215,18948,-6733
광진구 구의제3동,16363,9763,6600
광진구 군자동,13349,20221,-6872
광진구 능동,10646,15410,-4764
광진구 자양제1동,3372,4597,-1225
광진구 자양제2동,16387,27981,-11594
광진구 자양제3동,6043,8592,-2549
광진구 자양제4동,23763,22425,1338
광진구 중곡제1동,6745,7658,-913
광진구 중곡제2동,8911,11430,-2519
광진구 중곡제3동,8290,11004,-2714
광진구 중곡제4동,6477,11238,-4761
광진구 화양동,19312,19461,-149
구로구 가리봉동,12815,10387,2428
구로구 개봉제1동,37571,37249,322
구로구 개봉제2동,24569,23079,1490
구로구 개봉제3동,5000,13035,-8035
구로구 고척제1동,14698,27873,-13175
구로구 고척제2동,11817,24911,-13094
구로구 구로제1동,7945,12527,-4582
구로구 구로제2동,29023,31835,-2812
구로구 구로제3동,80460,33093,47367
구로구 구로제4동,20577,15694,4883
구로구 구로제5동,32353,24531,7822
구로구 수궁동,27378,26433,945
구로구 신도림동,35461,27134,8327
구로구 오류제1동,12796,16845,-4049
구로구 오류제2동,14964,15319,-355
구로구 항동,2134,10876,-8742
금천구 가산동,69588,45071,24517
금천구 독산제1동,42574,60902,-18328
금천구 독산제2동,13240,21353,-8113
금천구 독산제3동,21273,28706,-7433
금천구 독산제4동,15000,10200,4800
금천구 미성동,130,558,-428
금천구 시흥제1동,37806,53847,-16041
금천구 시흥제2동,7747,20886,-13139
금천구 시흥제3동,12741,13114,-373
금천구 시흥제4동,5998,10595,-4597
금천구 시흥제5동,15354,22589,-7235
노원구 공릉1동,20150,19440,710
노원구 공릉2동,17378,22419,-5041
노원구 상계10동,13264,6582,6682
노원구 상계1동,16003,18144,-2141
노원구 상계2동,20726,17646,3080
노원구 상계3.4동,2589,5002,-2413
노원구 상계5동,14248,13568,680
노원구 상계6.7동,19229,16418,2811
노원구 상계8동,4354,5862,-1508
노원구 상계9동,7448,9860,-2412
노원구 월계1동,47579,31906,15673
노원구 월계2동,8996,16949,-7953
노원구 월계3동,12301,14962,-2661
노원구 중계1동,8413,15884,-7471
노원구 중계2.3동,17107,14532,2575
노원구 중계4동,11753,9504,2249
노원구 중계본동,9309,16364,-7055
노원구 하계1동,18317,15796,2521
노원구 하계2동,13932,10702,3230
도봉구 도봉제1동,14189,13518,671
도봉구 도봉제2동,18088,16846,1242
도봉구 방학제1동,15271,24017,-8746
도봉구 방학제2동,5475,14345,-8870
도봉구 방학제3동,7561,16564,-9003
도봉구 쌍문제1동,9110,20445,-11335
도봉구 쌍문제2동,10247,18180,-7933
도봉구 쌍문제3동,12661,10009,2652
도봉구 쌍문제4동,6046,15905,-9859
도봉구 창제1동,47581,19244,28337
도봉구 창제2동,8459,17809,-9350
도봉구 창제3동,8004,16696,-8692
도봉구 창제4동,24365,20145,4220
도봉구 창제5동,18133,19441,-1308
동대문구 답십리제1동,16986,21569,-4583
동대문구 답십리제2동,19875,22921,-3046
동대문구 면목제5동,103,89,14
동대문구 용신동,58813,47549,11264
동대문구 이문제1동,9198,13246,-4048
동대문구 이문제2동,7442,7362,80
동대문구 장안제1동,40578,31280,9298
동대문구 장안제2동,20179,35992,-15813
동대문구 전농제1동,18014,31775,-13761
동대문구 전농제2동,11691,20508,-8817
동대문구 제기동,31764,26582,5182
동대문구 청량리동,51576,33799,17777
동대문구 회기동,7423,8997,-1574
동대문구 휘경제1동,22967,19162,3805
동대문구 휘경제2동,14153,20875,-6722
동작구 노량진제1동,59514,46879,12635
동작구 노량진제2동,29523,17151,12372
동작구 대방동,41702,48617,-6915
동작구 사당제1동,16234,21183,-4949
동작구 사당제2동,34594,27200,7394
동작구 사당제3동,5907,15226,-9319
동작구 사당제4동,1258,1704,-446
동작구 사당제5동,7298,13174,-5876
동작구 상도제1동,50239,57651,-7412
동작구 상도제2동,19256,27544,-8288
동작구 상도제3동,12858,23244,-10386
동작구 상도제4동,8432,26092,-17660
동작구 신대방제1동,6848,8733,-1885
동작구 신대방제2동,23305,28406,-5101
동작구 흑석동,26254,33016,-6762
마포구 공덕동,15886,20695,-4809
마포구 대흥동,20301,18596,1705
마포구 도화동,10568,12281,-1713
마포구 망원제1동,9034,14813,-5779
마포구 망원제2동,6793,10727,-3934
마포구 상암동,56340,44010,12330
마포구 서강동,8828,16022,-7194
마포구 서교동,103831,76778,27053
마포구 성산제1동,11027,16517,-5490
마포구 성산제2동,16966,28622,-11656
마포구 신수동,3711,6933,-3222
마포구 아현동,19943,22023,-2080
마포구 연남동,6838,8621,-1783
마포구 염리동,3227,5203,-1976
마포구 용강동,13844,17358,-3514
마포구 합정동,16043,18789,-2746
서대문구 남가좌제1동,11731,15315,-3584
서대문구 남가좌제2동,14033,29976,-15943
서대문구 북가좌제1동,4398,11256,-6858
서대문구 북가좌제2동,12221,22744,-10523
서대문구 북아현동,14294,16835,-2541
서대문구 신촌동,81395,56540,24855
서대문구 연희동,47609,64987,-17378
서대문구 천연동,20330,21932,-1602
서대문구 충현동,31415,32789,-1374
서대문구 홍은제1동,13272,23495,-10223
서대문구 홍은제2동,21258,37496,-16238
서대문구 홍제제1동,29267,22173,7094
서대문구 홍제제2동,14654,22262,-7608
서대문구 홍제제3동,16562,15895,667
서초구 내곡동,16735,15445,1290
서초구 반포1동,22317,23209,-892
서초구 반포2동,8311,9565,-1254
서초구 반포3동,30720,22137,8583
서초구 반포4동,28541,23873,4668
서초구 반포본동,10256,10950,-694
서초구 방배1동,16679,17540,-861
서초구 방배2동,18063,19635,-1572
서초구 방배3동,11072,13040,-1968
서초구 방배4동,14775,18371,-3596
서초구 방배본동,10085,13284,-3199
서초구 서초1동,17127,16174,953
서초구 서초2동,33553,36699,-3146
서초구 서초3동,33780,28890,4890
서초구 서초4동,27901,36744,-8843
서초구 양재1동,63775,68768,-4993
서초구 양재2동,29480,31289,-1809
서초구 잠원동,18792,28575,-9783
성동구 금호1가동,6468,11527,-5059
성동구 금호2.3가동,13985,15316,-1331
성동구 금호4가동,6456,11189,-4733
성동구 마장동,11655,12120,-465
성동구 사근동,8351,5941,2410
성동구 성수1가제1동,10064,8234,1830
성동구 성수1가제2동,7507,5465,2042
성동구 성수2가제1동,5780,7414,-1634
성동구 성수2가제3동,8706,6215,2491
성동구 송정동,3841,5553,-1712
성동구 옥수동,16215,17460,-1245
성동구 왕십리도선동,16506,11757,4749
성동구 왕십리제2동,9177,15923,-6746
성동구 용답동,12711,11196,1515
성동구 응봉동,3755,12818,-9063
성동구 행당제1동,22309,14581,7728
성동구 행당제2동,11068,13859,-2791
성북구 길음제1동,24706,29278,-4572
성북구 길음제2동,17713,20028,-2315
성북구 돈암제1동,27076,22525,4551
성북구 돈암제2동,4096,12080,-7984
성북구 동선동,36651,32752,3899
성북구 보문동,10160,11705,-1545
성북구 삼선동,36691,39560,-2869
성북구 석관동,12498,16746,-4248
성북구 성북동,23701,23791,-90
성북구 안암동,13268,12611,657
성북구 월곡제1동,18661,25030,-6369
성북구 월곡제2동,16357,10657,5700
성북구 장위제1동,11292,23785,-12493
성북구 장위제2동,17374,15550,1824
성북구 장위제3동,6566,11921,-5355
성북구 정릉제1동,12134,19299,-7165
성북구 정릉제2동,13950,31303,-17353
성북구 정릉제3동,8521,9444,-923
성북구 정릉제4동,18836,25898,-7062
성북구 종암동,28625,40903,-12278
송파구 가락1동,3930,5554,-1624
송파구 가락2동,13796,19785,-5989
송파구 가락본동,18374,17402,972
송파구 거여1동,3882,5299,-1417
송파구 거여2동,1099,1385,-286
송파구 마천1동,3600,5668,-2068
송파구 마천2동,7813,14604,-6791
송파구 문정1동,5030,9210,-4180
송파구 문정2동,30253,24101,6152
송파구 방이1동,6026,9586,-3560
송파구 방이2동,12625,16693,-4068
송파구 삼전동,11938,20983,-9045
송파구 석촌동,19597,30227,-10630
송파구 송파1동,13077,18489,-5412
송파구 송파2동,4874,6636,-1762
송파구 오금동,17189,20275,-3086
송파구 오륜동,9178,7104,2074
송파구 위례동,9839,20081,-10242
송파구 잠실2동,3827,8251,-4424
송파구 잠실3동,55061,28526,26535
송파구 잠실4동,847,1072,-225
송파구 잠실6동,23516,12368,11148
송파구 잠실7동,10790,5755,5035
송파구 잠실본동,22713,29436,-6723
송파구 장지동,10403,12503,-2100
송파구 풍납1동,5641,4480,1161
송파구 풍납2동,9173,12397,-3224
양천구 목1동,50460,27292,23168
양천구 목2동,28632,28761,-129
양천구 목3동,17410,21531,-4121
양천구 목4동,10908,28426,-17518
양천구 목5동,18431,25202,-6771
양천구 신월1동,4622,5587,-965
양천구 신월2동,5279,13808,-8529
양천구 신월3동,5872,9866,-3994
양천구 신월4동,6137,18496,-12359
양천구 신월5동,5332,13020,-7688
양천구 신월6동,4635,7178,-2543
양천구 신월7동,9142,23164,-14022
양천구 신정1동,9384,11185,-1801
양천구 신정2동,4170,6047,-1877
양천구 신정3동,27571,39074,-11503
양천구 신정4동,40929,22334,18595
양천구 신정6동,4846,6347,-1501
양천구 신정7동,8961,13017,-4056
영등포구 당산제1동,14062,10547,3515
영등포구 당산제2동,38458,26639,11819
영등포구 대림제1동,7967,12833,-4866
영등포구 대림제2동,6833,6289,544
영등포구 대림제3동,10932,15165,-4233
영등포구 도림동,5903,16102,-10199
영등포구 문래동,23577,21392,2185
영등포구 신길제1동,6374,10519,-4145
영등포구 신길제3동,8451,17972,-9521
영등포구 신길제4동,2983,5734,-2751
영등포구 신길제5동,11021,11218,-197
영등포구 신길제6동,11061,19299,-8238
영등포구 신길제7동,9730,17194,-7464
영등포구 양평제1동,9638,10063,-425
영등포구 양평제2동,16343,15006,1337
영등포구 여의동,88974,54076,34898
영등포구 영등포동,63964,55924,8040
영등포구 영등포본동,19922,18917,1005
용산구 남영동,32075,30785,1290
용산구 보광동,6159,10236,-4077
용산구 서빙고동,8174,12504,-4330
용산구 용문동,4169,5447,-1278
용산구 용산2가동,9990,17099,-7109
용산구 원효로제1동,11711,16062,-4351
용산구 원효로제2동,8625,12246,-3621
용산구 이촌제1동,10726,13001,-2275
용산구 이촌제2동,2265,5379,-3114
용산구 이태원제1동,11595,14020,-2425
용산구 이태원제2동,6221,9756,-3535
용산구 청파동,11978,18253,-6275
용산구 필동,1662,937,725
용산구 한강로동,46009,37689,8320
용산구 한남동,47667,46327,1340
용산구 효창동,5024,9922,-4898
용산구 후암동,6528,13710,-7182
은평구 갈현제1동,6864,16267,-9403
은평구 갈현제2동,19931,21929,-1998
은평구 구산동,9437,14205,-4768
은평구 녹번동,34814,25213,9601
은평구 대조동,37562,32974,4588
은평구 불광제1동,36332,27977,8355
은평구 불광제2동,15781,25267,-9486
은평구 수색동,8069,12100,-4031
은평구 신사제1동,16974,21303,-4329
은평구 신사제2동,18195,18484,-289
은평구 역촌동,20573,23348,-2775
은평구 응암제1동,15413,29905,-14492
은평구 응암제2동,5584,16060,-10476
은평구 응암제3동,11546,19334,-7788
은평구 증산동,24861,16956,7905
은평구 진관동,33461,42605,-9144
종로구 가회동,1992,2899,-907
종로구 교남동,7473,6853,620
종로구 무악동,5117,5768,-651
종로구 부암동,13636,16779,-3143
종로구 사직동,49993,30167,19826
종로구 삼청동,6137,3904,2233
종로구 숭인제1동,1194,3076,-1882
종로구 숭인제2동,11792,10466,1326
종로구 이화동,17350,17457,-107
종로구 종로1.2.3.4가동,124450,59492,64958
종로구 종로5.6가동,22724,9894,12830
종로구 창신제1동,17560,10757,6803
종로구 창신제2동,3750,9657,-5907
종로구 창신제3동,3459,5087,-1628
종로구 청운효자동,8522,11092,-2570
종로구 충현동,2313,1721,592
종로구 평창동,12299,17124,-4825
종로구 혜화동,23258,24725,-1467
중구 광희동,19814,17186,2628
중구 다산동,5365,8492,-3127
중구 동화동,1529,2549,-1020
중구 명동,38960,22616,16344
중구 소공동,56964,20524,36440
중구 신당동,4748,7104,-2356
중구 신당제5동,14737,9031,5706
중구 약수동,5873,6837,-964
중구 을지로동,8164,3900,4264
중구 장충동,5797,3890,1907
중구 중림동,10676,7290,3386
중구 청구동,5967,6038,-71
중구 필동,5480,3506,1974
중구 황학동,6104,7368,-1264
중구 회현동,47883,33783,14100
중랑구 망우본동,24987,28229,-3242
중랑구 망우제3동,6434,11074,-4640
중랑구 면목본동,33290,29438,3852
중랑구 면목제2동,6665,12026,-5361
중랑구 면목제3.8동,22233,24334,-2101
중랑구 면목제4동,9076,11274,-2198
중랑구 면목제5동,7535,10768,-3233
중랑구 면목제7동,5009,9917,-4908
중랑구 묵제1동,13411,15704,-2293
중랑구 묵제2동,3801,4782,-981
중랑구 상봉제1동,10398,12819,-2421
중랑구 상봉제2동,30694,28910,1784
중랑구 신내1동,15151,34763,-19612
중랑구 신내2동,21992,19900,2092
중랑구 중화제1동,6926,11814,-4888
중랑구 중화제2동,20305,18556,1749
NA,371726,556154,-184428
