ID,insum,outsum,diff
100000001,1294,789,505
100000002,6447,13168,-6721
100000003,5591,9219,-3628
100000004,380,1792,-1412
100000005,4207,5566,-1359
100000006,751,794,-43
100000007,3247,1192,2055
100000008,92,1587,-1495
100000009,561,841,-280
100000010,22,983,-961
100000011,582,281,301
100000012,40,489,-449
100000013,34,440,-406
100000014,246,1280,-1034
100000015,1742,2572,-830
100000016,482,3482,-3000
100000017,403,4852,-4449
100000018,1138,810,328
100000019,4903,4823,80
100000020,2042,8360,-6318
100000021,9189,2023,7166
100000022,1005,8471,-7466
100000023,6513,4970,1543
100000025,750,3202,-2452
100000028,594,5494,-4900
100000029,50,2182,-2132
100000030,50,66,-16
100000031,2834,13035,-10201
100000032,3779,8601,-4822
100000033,1321,6226,-4905
100000034,274,3091,-2817
100000035,859,2245,-1386
100000036,781,2775,-1994
100000037,1087,643,444
100000038,3852,1347,2505
100000039,263,759,-496
100000040,777,261,516
100000041,2201,677,1524
100000042,1738,498,1240
100000043,834,359,475
100000044,336,459,-123
100000045,444,664,-220
100000046,490,878,-388
100000047,227,444,-217
100000048,196,828,-632
100000049,1980,2083,-103
100000051,913,563,350
100000053,106,7,99
100000054,419,31,388
100000055,732,350,382
100000056,361,999,-638
100000057,2522,828,1694
100000058,995,702,293
100000059,24,611,-587
100000060,983,662,321
100000061,2583,967,1616
100000062,1859,1018,841
100000063,1224,512,712
100000064,1775,1059,716
100000065,458,915,-457
100000066,321,553,-232
100000067,212,992,-780
100000068,605,2200,-1595
100000069,300,1641,-1341
100000072,205,434,-229
100000073,1424,1153,271
100000075,1510,326,1184
100000076,2199,8402,-6203
100000077,143,1141,-998
100000078,25,104,-79
100000079,11,93,-82
100000080,7,67,-60
100000081,36,206,-170
100000102,4270,12529,-8259
100000103,2799,3188,-389
100000104,8648,2958,5690
100000105,1364,4492,-3128
100000106,902,7548,-6646
100000107,71,2284,-2213
100000108,414,2548,-2134
100000109,614,3683,-3069
100000116,297,985,-688
100000117,72,189,-117
100000118,535,1941,-1406
100000119,1164,1554,-390
100000121,242,1077,-835
100000122,702,8362,-7660
100000123,1487,3951,-2464
100000124,2366,3793,-1427
100000125,16780,3619,13161
100000126,721,3144,-2423
100000127,1679,2945,-1266
100000128,448,5629,-5181
100000129,506,1576,-1070
100000130,990,250,740
100000131,1004,1801,-797
100000132,1802,1968,-166
100000133,1544,1070,474
100000135,1026,1617,-591
100000139,162,770,-608
100000140,132,288,-156
100000142,739,1295,-556
100000143,2278,467,1811
100000144,2005,636,1369
100000147,2790,7128,-4338
100000150,145,1151,-1006
100000151,499,3507,-3008
100000153,61,1137,-1076
100000154,29,1989,-1960
100000155,5,107,-102
100000156,195,301,-106
100000157,417,279,138
100000158,239,212,27
100000159,168,3702,-3534
100000165,899,994,-95
100000169,33,3550,-3517
100000174,341,1982,-1641
100000179,179,2116,-1937
100000180,585,3783,-3198
100000181,396,743,-347
100000188,108,366,-258
100000189,996,541,455
100000190,611,2793,-2182
100000191,1564,978,586
100000192,60,142,-82
100000193,429,177,252
100000330,793,1631,-838
100000355,362,922,-560
100000362,2599,1138,1461
100000363,8270,11849,-3579
100000364,125,401,-276
100000365,8435,13080,-4645
100000366,1943,1744,199
100000367,8180,10033,-1853
100000368,2383,1813,570
100000369,964,3804,-2840
100000370,305,1238,-933
100000376,49,567,-518
100000379,1020,7934,-6914
100000380,3881,18973,-15092
100000384,7944,13464,-5520
100000385,2136,9192,-7056
100000386,2088,13428,-11340
100000387,6698,15208,-8510
100000388,2235,6063,-3828
100000389,6588,11590,-5002
100000390,3670,4945,-1275
100000391,3056,10707,-7651
100000392,769,4130,-3361
100000393,824,6445,-5621
100000394,2631,8949,-6318
100000395,1182,8266,-7084
100000396,1262,2811,-1549
100000397,2147,10265,-8118
100000398,6968,5531,1437
100000413,0,3,-3
100900002,6,31,-25
100900003,796,420,376
100900004,12,1483,-1471
100900005,242,11,231
100900006,25,25,0
100900007,293,0,293
100900008,5,661,-656
100900009,37,65,-28
100900010,54,17,37
100900011,350,106,244
100900012,0,195,-195
100900013,1387,18,1369
100900014,3,1,2
100900015,43,57,-14
100900016,4,31,-27
100900017,1628,151,1477
100900018,3,6,-3
100900019,53,52,1
100900020,610,6,604
100900021,609,2,607
100900022,3,10,-7
100900023,1,58,-57
100900024,450,1,449
100900025,15,7,8
100900026,156,92,64
100900027,657,3641,-2984
100900028,84,955,-871
100900029,37,6,31
100900030,4,641,-637
100900031,1218,95,1123
100900032,726,1,725
100900033,119,1050,-931
100900034,2116,4,2112
100900035,330,1,329
100900036,48,0,48
100900037,200,60,140
100900038,18,431,-413
100900039,292,120,172
100900040,756,130,626
100900041,2365,309,2056
100900042,282,4790,-4508
100900043,0,121,-121
100900044,1367,1126,241
100900045,5,1,4
100900046,1562,12,1550
100900047,935,110,825
100900048,204,49,155
100900049,127,141,-14
100900050,15,40,-25
100900051,31,340,-309
100900052,493,27,466
100900053,980,33,947
100900054,7,19,-12
100900055,1017,2085,-1068
100900056,14,59,-45
100900057,4309,520,3789
100900058,167,65,102
100900059,154,2,152
100900060,253,7,246
100900061,162,225,-63
100900062,6,12,-6
100900063,323,1417,-1094
100900064,819,17,802
100900065,66,198,-132
100900066,190,99,91
100900067,14,6,8
100900068,136,208,-72
100900069,131,8,123
100900070,923,7,916
100900071,195,148,47
100900072,1,27,-26
100900073,221,483,-262
100900074,0,14,-14
100900075,2780,235,2545
100900076,13,24,-11
100900077,74,3,71
100900078,355,340,15
100900079,3,30,-27
100900080,162,265,-103
100900081,24,187,-163
100900082,448,133,315
100900083,6,159,-153
100900085,7,855,-848
100900086,52,382,-330
100900088,356,127,229
100900089,6,27,-21
100900090,125,2425,-2300
100900091,8,6,2
100900092,120,133,-13
100900093,413,711,-298
100900094,350,98,252
100900095,8,26,-18
100900096,20,679,-659
100900097,37,2,35
100900098,6,42,-36
100900099,37,849,-812
100900100,20,466,-446
100900101,345,72,273
100900102,3,63,-60
100900103,9,14,-5
100900104,1,301,-300
100900105,28,823,-795
100900106,4,9,-5
100900107,4083,1172,2911
100900108,1,10,-9
100900109,11,65,-54
100900110,1,35,-34
100900111,17,358,-341
100900112,0,20,-20
100900113,17,14,3
100900114,3,21,-18
100900115,5,64,-59
100900116,1571,603,968
100900117,401,1424,-1023
100900118,15,160,-145
100900119,7,7,0
100900120,24,25,-1
100900121,504,477,27
100900122,76,122,-46
100900123,274,67,207
100900124,3,8,-5
100900125,14,31,-17
100900126,887,156,731
100900127,10,3,7
100900128,63,1342,-1279
100900129,0,422,-422
100900131,20,120,-100
100900133,120,18,102
100900134,4,3,1
100900135,4,1266,-1262
100900137,447,288,159
100900138,502,734,-232
100900139,1,13,-12
100900140,29,220,-191
100900141,7,1138,-1131
100900142,0,10,-10
100900143,499,1410,-911
100900144,10,2,8
100900145,82,744,-662
100900146,9,31,-22
100900147,28,4308,-4280
100900148,173,247,-74
100900149,21,848,-827
100900150,22,46,-24
100900151,86,560,-474
100900152,430,9,421
100900153,1,380,-379
100900154,2,369,-367
100900155,6,4,2
100900156,46,2,44
100900157,18,569,-551
100900159,4,82,-78
100900160,51,1,50
100900161,92,0,92
100900162,9,223,-214
100900163,102,67,35
100900164,215,37,178
100900165,24,67,-43
100900166,38,2,36
100900167,18,39,-21
100900168,8,85,-77
100900169,70,1603,-1533
100900170,17,12,5
100900171,10,565,-555
100900172,0,142,-142
100900173,3,142,-139
100900174,54,7,47
100900176,2345,788,1557
100900177,632,448,184
100900178,217,281,-64
100900179,330,405,-75
100900180,0,0,0
100900181,37,75,-38
100900182,50,13,37
100900184,27,124,-97
100900186,644,313,331
100900187,66,90,-24
100900188,15,2,13
100900189,3831,178,3653
100900191,629,1292,-663
100900192,234,543,-309
100900195,173,1224,-1051
100900197,72,147,-75
100900198,36,32,4
100900199,5,4,1
100900200,1156,468,688
100900201,123,826,-703
100900202,82,6,76
100900203,0,141,-141
100900204,50,1044,-994
100900205,272,730,-458
100900206,292,274,18
100900207,317,177,140
100900210,152,175,-23
100900211,793,160,633
100900213,237,45,192
100900214,382,210,172
100900215,141,30,111
100900217,145,237,-92
101000001,2392,2578,-186
101000002,10757,12060,-1303
101000003,563,1063,-500
101000004,10045,7203,2842
101000005,5087,8716,-3629
101000006,13728,14241,-513
101000007,5883,7637,-1754
101000008,2344,3840,-1496
101000009,3908,1142,2766
101000010,1717,1365,352
101000011,2327,557,1770
101000012,457,1088,-631
101000013,595,1984,-1389
101000014,438,626,-188
101000015,3084,2356,728
101000016,245,1465,-1220
101000017,414,764,-350
101000018,1809,14960,-13151
101000020,1885,2696,-811
101000021,610,1740,-1130
101000022,47,475,-428
101000023,1446,1428,18
101000025,479,994,-515
101000026,343,53,290
101000027,2026,5760,-3734
101000028,1237,438,799
101000029,112,1883,-1771
101000030,1069,166,903
101000031,104,729,-625
101000032,2043,5950,-3907
101000033,1527,9972,-8445
101000034,872,5148,-4276
101000035,394,1034,-640
101000036,556,4966,-4410
101000037,1368,6924,-5556
101000039,2305,7042,-4737
101000040,3392,10682,-7290
101000041,2604,8585,-5981
101000042,54,1510,-1456
101000043,4085,11665,-7580
101000045,246,1153,-907
101000046,1172,2755,-1583
101000047,1137,5344,-4207
101000048,775,779,-4
101000049,648,3793,-3145
101000050,722,2752,-2030
101000051,654,2712,-2058
101000052,2621,2520,101
101000053,469,2242,-1773
101000054,3401,1303,2098
101000055,1510,2162,-652
101000056,27,250,-223
101000057,782,5153,-4371
101000058,969,3585,-2616
101000059,3269,4547,-1278
101000060,3827,2375,1452
101000061,345,3410,-3065
101000062,293,1154,-861
101000063,210,2500,-2290
101000064,357,2674,-2317
101000065,212,1816,-1604
101000066,471,2369,-1898
101000067,273,1092,-819
101000068,65,490,-425
101000069,235,139,96
101000070,362,1054,-692
101000071,5869,2408,3461
101000072,924,3498,-2574
101000073,490,1514,-1024
101000074,2186,4123,-1937
101000075,2138,4160,-2022
101000077,1995,2477,-482
101000078,779,1640,-861
101000079,848,1685,-837
101000080,771,1715,-944
101000081,2075,2060,15
101000082,2398,2364,34
101000083,4239,3277,962
101000084,1321,707,614
101000085,2118,1983,135
101000086,998,1628,-630
101000087,1179,1324,-145
101000088,2471,1696,775
101000089,1612,2365,-753
101000090,2385,898,1487
101000091,861,527,334
101000092,3424,688,2736
101000093,2388,719,1669
101000094,1369,1070,299
101000095,915,680,235
101000096,920,344,576
101000097,553,1602,-1049
101000098,519,1479,-960
101000099,759,1507,-748
101000100,970,2114,-1144
101000101,202,2219,-2017
101000102,424,2706,-2282
101000103,513,2096,-1583
101000104,327,1096,-769
101000105,243,1125,-882
101000106,182,4189,-4007
101000107,407,1096,-689
101000108,874,125,749
101000109,1356,257,1099
101000110,40,231,-191
101000111,73,356,-283
101000113,155,1658,-1503
101000114,2345,8482,-6137
101000115,36,17,19
101000116,11,46,-35
101000117,1761,363,1398
101000119,12,145,-133
101000120,116,187,-71
101000121,19,84,-65
101000122,126,109,17
101000123,36,110,-74
101000124,487,623,-136
101000125,102,214,-112
101000128,139,2597,-2458
101000130,260,216,44
101000131,2572,560,2012
101000132,1451,710,741
101000135,7,65,-58
101000136,96,248,-152
101000137,23,947,-924
101000141,866,7814,-6948
101000147,2076,482,1594
101000148,1288,9,1279
101000149,76,116,-40
101000150,235,404,-169
101000151,570,101,469
101000152,491,628,-137
101000153,538,242,296
101000154,725,818,-93
101000155,847,286,561
101000156,68,1052,-984
101000157,88,459,-371
101000160,11,24,-13
101000163,94,906,-812
101000164,339,126,213
101000165,366,772,-406
101000166,221,366,-145
101000168,1238,889,349
101000252,4002,1450,2552
101000254,61,53,8
101000258,51,5,46
101000261,49,150,-101
101000262,3949,10370,-6421
101000263,526,1928,-1402
101000265,123,1064,-941
101000266,548,345,203
101000269,21,58,-37
101000290,315,4794,-4479
101000293,3,81,-78
101000294,1043,1080,-37
101000295,603,215,388
101000301,255,1325,-1070
101000304,3919,7750,-3831
101000305,4401,3072,1329
101000328,250,1799,-1549
101900001,30,29,1
101900002,0,5,-5
101900003,50,388,-338
101900004,1,414,-413
101900005,1632,5946,-4314
101900006,3310,258,3052
101900007,809,442,367
101900008,43,863,-820
101900009,57,724,-667
101900010,595,1187,-592
101900011,62,2234,-2172
101900012,928,132,796
101900013,832,131,701
101900017,12,165,-153
101900018,1843,366,1477
101900019,40,192,-152
101900020,157,175,-18
101900021,5,50,-45
101900022,255,1809,-1554
101900023,218,312,-94
101900026,143,57,86
101900027,31,134,-103
102000001,5465,11971,-6506
102000002,3255,9528,-6273
102000003,3136,8196,-5060
102000004,9464,6300,3164
102000005,2633,5425,-2792
102000006,1075,2183,-1108
102000007,3906,6365,-2459
102000008,9108,2380,6728
102000009,12824,12067,757
102000010,6145,3744,2401
102000011,7781,8206,-425
102000012,5072,3936,1136
102000018,5030,4974,56
102000019,4358,2703,1655
102000026,1133,619,514
102000029,496,516,-20
102000030,186,620,-434
102000031,148,252,-104
102000032,1069,766,303
102000033,684,381,303
102000034,867,597,270
102000035,1880,842,1038
102000036,78,323,-245
102000037,272,64,208
102000038,156,741,-585
102000039,108,362,-254
102000040,299,427,-128
102000041,49,1005,-956
102000042,58,606,-548
102000043,124,957,-833
102000044,705,2259,-1554
102000045,1228,1610,-382
102000046,2455,1458,997
102000047,1695,1115,580
102000048,1184,808,376
102000049,1471,2001,-530
102000050,2851,2088,763
102000051,238,1234,-996
102000052,1658,2132,-474
102000053,1309,2581,-1272
102000054,1319,1348,-29
102000055,1982,301,1681
102000056,3360,362,2998
102000057,3115,723,2392
102000058,1282,999,283
102000059,1337,2634,-1297
102000060,1286,1583,-297
102000061,2733,2563,170
102000062,3664,1353,2311
102000063,2095,2069,26
102000064,985,893,92
102000065,87,152,-65
102000066,1257,1692,-435
102000067,10142,6825,3317
102000068,13600,6202,7398
102000069,109,3151,-3042
102000070,2736,49,2687
102000071,9983,16612,-6629
102000072,3659,6130,-2471
102000073,1342,634,708
102000074,1247,1415,-168
102000075,252,260,-8
102000076,619,180,439
102000077,1213,375,838
102000078,2097,383,1714
102000079,268,76,192
102000080,718,181,537
102000081,327,1052,-725
102000082,922,420,502
102000083,1621,445,1176
102000084,1010,419,591
102000085,3701,1067,2634
102000086,2489,1072,1417
102000087,1028,1814,-786
102000088,701,467,234
102000089,2350,385,1965
102000090,449,1591,-1142
102000091,1699,745,954
102000092,413,691,-278
102000093,1905,1040,865
102000094,547,344,203
102000095,845,1477,-632
102000096,414,432,-18
102000097,1272,405,867
102000098,360,598,-238
102000099,930,920,10
102000100,337,1134,-797
102000101,396,485,-89
102000102,542,1796,-1254
102000103,5601,692,4909
102000104,1132,733,399
102000105,526,828,-302
102000106,1225,620,605
102000107,3729,318,3411
102000108,1055,447,608
102000109,1977,875,1102
102000110,2323,1061,1262
102000111,36,834,-798
102000112,158,219,-61
102000113,33,89,-56
102000114,2056,512,1544
102000115,363,628,-265
102000116,397,1042,-645
102000117,91,2020,-1929
102000118,1229,2540,-1311
102000119,1104,2067,-963
102000120,390,889,-499
102000121,1395,457,938
102000122,621,1170,-549
102000123,1481,877,604
102000124,1647,1690,-43
102000125,489,949,-460
102000126,607,1078,-471
102000127,1549,710,839
102000128,843,955,-112
102000129,1867,555,1312
102000130,721,921,-200
102000131,1027,794,233
102000132,353,934,-581
102000133,5308,2862,2446
102000134,1573,1261,312
102000135,1005,867,138
102000136,1499,686,813
102000137,588,933,-345
102000138,541,364,177
102000139,142,1212,-1070
102000140,212,1322,-1110
102000141,302,503,-201
102000142,537,346,191
102000143,487,313,174
102000144,488,326,162
102000145,686,397,289
102000146,768,544,224
102000147,627,508,119
102000148,560,1099,-539
102000149,788,148,640
102000150,1203,111,1092
102000151,160,173,-13
102000152,467,285,182
102000153,1107,979,128
102000154,239,443,-204
102000155,60,828,-768
102000156,396,260,136
102000157,79,2364,-2285
102000158,331,672,-341
102000159,3769,1966,1803
102000161,5177,3210,1967
102000162,286,424,-138
102000163,182,471,-289
102000164,892,866,26
102000165,343,699,-356
102000166,85,441,-356
102000167,277,459,-182
102000168,343,282,61
102000169,190,764,-574
102000170,1509,208,1301
102000171,101,218,-117
102000172,19,452,-433
102000173,643,443,200
102000174,270,101,169
102000175,112,113,-1
102000176,40,80,-40
102000178,320,892,-572
102000179,621,456,165
102000180,1927,251,1676
102000181,1664,442,1222
102000182,796,416,380
102000183,3121,1342,1779
102000184,2758,809,1949
102000185,3854,1366,2488
102000186,2998,1143,1855
102000187,1612,4554,-2942
102000188,2197,3980,-1783
102000189,5733,1788,3945
102000190,760,2930,-2170
102000191,1514,416,1098
102000192,3437,2350,1087
102000193,256,212,44
102000194,39,748,-709
102000195,925,754,171
102000196,465,536,-71
102000197,1848,256,1592
102000198,388,552,-164
102000199,2022,150,1872
102000200,529,752,-223
102000201,2219,643,1576
102000202,26,310,-284
102000203,1024,238,786
102000204,1383,964,419
102000205,2037,1043,994
102000206,1092,528,564
102000207,1248,837,411
102000208,748,1328,-580
102000209,64,341,-277
102000210,1014,799,215
102000211,1033,409,624
102000212,892,14,878
102000213,13,337,-324
102000214,991,8,983
102000215,22,241,-219
102000216,205,230,-25
102000217,26,73,-47
102000218,330,414,-84
102000219,307,137,170
102000225,430,795,-365
102000226,248,279,-31
102000227,146,2,144
102000228,2,329,-327
102000229,99,109,-10
102000230,709,387,322
102000231,483,444,39
102000232,231,380,-149
102000233,2395,560,1835
102000234,145,1403,-1258
102000236,444,101,343
102000237,1516,1012,504
102000238,326,528,-202
102000240,518,1263,-745
102000241,322,157,165
102000243,27,63,-36
102000245,17,130,-113
102000246,9,138,-129
102000247,422,533,-111
102000248,279,1254,-975
102000249,284,127,157
102000250,121,202,-81
102000254,537,251,286
102000266,3,848,-845
102000271,73,0,73
102000286,623,475,148
102000297,4332,1713,2619
102000301,0,0,0
102000303,0,0,0
102000307,0,4,-4
102900001,1021,524,497
102900002,424,83,341
102900003,208,213,-5
102900005,741,257,484
102900006,774,68,706
102900007,1318,15,1303
102900008,354,39,315
102900009,268,492,-224
102900010,188,1262,-1074
102900011,1046,778,268
102900012,576,320,256
102900013,98,15,83
102900015,989,1049,-60
102900016,109,29,80
102900017,410,123,287
102900018,89,53,36
102900019,851,1063,-212
102900020,561,53,508
102900021,54,24,30
102900022,100,38,62
102900023,35,72,-37
102900024,95,38,57
102900025,79,119,-40
102900026,833,3177,-2344
102900027,144,99,45
102900028,270,1619,-1349
102900029,223,733,-510
102900030,535,541,-6
102900031,569,152,417
102900032,265,65,200
102900033,115,279,-164
102900034,1182,21,1161
102900035,221,354,-133
102900036,878,315,563
102900037,482,277,205
102900038,569,174,395
102900039,17,1396,-1379
102900040,345,395,-50
102900041,207,161,46
102900042,597,128,469
102900043,600,111,489
102900044,703,1554,-851
102900045,515,319,196
102900046,271,112,159
102900047,218,1020,-802
102900048,860,289,571
102900049,59,263,-204
102900050,243,515,-272
102900051,305,671,-366
102900053,510,795,-285
102900054,245,2312,-2067
102900055,253,568,-315
102900056,161,451,-290
102900057,2,121,-119
102900058,622,97,525
102900059,39,14,25
102900060,181,650,-469
102900061,430,555,-125
102900062,638,697,-59
102900063,3026,468,2558
102900064,132,858,-726
102900065,990,208,782
102900066,672,19,653
102900068,84,346,-262
102900070,403,794,-391
102900072,27,130,-103
102900073,123,4,119
102900075,3,168,-165
102900076,103,162,-59
102900077,60,39,21
102900078,46,26,20
102900079,460,2,458
102900080,487,17,470
102900081,85,188,-103
102900082,40,237,-197
102900083,157,4,153
102900084,6,35,-29
102900085,147,104,43
102900086,14,82,-68
102900087,372,182,190
102900088,105,89,16
102900089,312,416,-104
102900090,1,363,-362
102900091,432,4,428
102900092,1013,99,914
102900094,5,246,-241
102900095,98,0,98
102900096,139,18,121
102900097,13,40,-27
103000001,2746,4856,-2110
103000002,3026,5538,-2512
103000003,3911,4603,-692
103000004,939,865,74
103000005,2315,7351,-5036
103000006,1924,2520,-596
103000007,779,561,218
103000008,1556,2186,-630
103000009,4379,2552,1827
103000010,279,120,159
103000011,1787,903,884
103000012,1495,2621,-1126
103000013,5034,2950,2084
103000014,1633,5734,-4101
103000015,4086,1770,2316
103000016,953,3925,-2972
103000017,395,1316,-921
103000018,963,232,731
103000019,568,859,-291
103000020,1928,2676,-748
103000021,2303,5678,-3375
103000022,1054,2263,-1209
103000023,1915,5269,-3354
103000024,98,78,20
103000025,125,1879,-1754
103000026,483,191,292
103000027,190,639,-449
103000028,219,267,-48
103000029,78,348,-270
103000030,2808,2322,486
103000031,931,4141,-3210
103000032,2964,1703,1261
103000033,3635,3878,-243
103000034,1442,1012,430
103000035,300,1657,-1357
103000036,355,283,72
103000037,758,539,219
103000038,577,1079,-502
103000039,1418,431,987
103000040,805,649,156
103000041,4102,1589,2513
103000042,3235,347,2888
103000043,1391,835,556
103000044,567,175,392
103000046,448,855,-407
103000047,965,403,562
103000048,543,384,159
103000049,86,133,-47
103000050,1245,271,974
103000051,810,675,135
103000052,1400,352,1048
103000053,331,297,34
103000054,2800,559,2241
103000055,2048,1405,643
103000056,1649,721,928
103000057,2251,126,2125
103000058,1231,389,842
103000059,1295,647,648
103000060,1192,308,884
103000061,1161,878,283
103000062,916,289,627
103000063,1706,911,795
103000064,284,111,173
103000065,3,357,-354
103000066,403,16,387
103000069,556,571,-15
103000070,1035,482,553
103000071,2762,1155,1607
103000072,158,715,-557
103000073,2002,154,1848
103000074,1586,192,1394
103000075,143,512,-369
103000076,530,1437,-907
103000077,10,278,-268
103000078,1733,2623,-890
103000079,668,1500,-832
103000080,650,565,85
103000081,383,1279,-896
103000082,989,276,713
103000083,216,896,-680
103000084,147,10,137
103000085,0,201,-201
103000086,453,902,-449
103000087,201,831,-630
103000088,314,668,-354
103000089,483,1497,-1014
103000090,6377,1535,4842
103000091,1983,756,1227
103000092,533,308,225
103000093,524,914,-390
103000094,635,240,395
103000095,151,623,-472
103000096,751,59,692
103000097,156,943,-787
103000098,772,240,532
103000099,101,1214,-1113
103000100,192,515,-323
103000101,2324,159,2165
103000102,86,328,-242
103000103,1131,103,1028
103000104,162,112,50
103000105,366,106,260
103000106,12,140,-128
103000107,467,164,303
103000108,2793,1884,909
103000109,1111,1344,-233
103000110,1245,1023,222
103000111,478,1354,-876
103000112,369,1069,-700
103000113,229,2942,-2713
103000114,2379,3229,-850
103000115,1452,1261,191
103000116,1054,508,546
103000117,524,670,-146
103000118,619,427,192
103000119,2010,680,1330
103000120,107,840,-733
103000121,130,183,-53
103000122,666,700,-34
103000125,34,147,-113
103000126,1553,2,1551
103000127,4,85,-81
103000128,281,3,278
103000129,0,72,-72
103000130,92,67,25
103000131,69,104,-35
103000132,43,120,-77
103000133,15,107,-92
103000134,335,1851,-1516
103000135,1000,174,826
103000136,627,999,-372
103000137,456,934,-478
103000138,694,994,-300
103000139,1,148,-147
103000140,234,36,198
103000141,49,342,-293
103000142,152,219,-67
103000143,116,296,-180
103000144,322,217,105
103000145,12,280,-268
103000150,126,68,58
103000152,290,763,-473
103000153,335,580,-245
103000156,20,100,-80
103000157,710,4,706
103000159,860,143,717
103000162,50,11,39
103000163,18,15,3
103000164,19,38,-19
103000165,123,204,-81
103000166,585,1314,-729
103000167,531,479,52
103000168,443,237,206
103000169,222,1113,-891
103000170,1757,310,1447
103000171,7,235,-228
103000172,1505,171,1334
103000173,1969,193,1776
103000174,623,272,351
103000175,605,112,493
103000176,1339,1576,-237
103000177,239,780,-541
103000178,109,285,-176
103000179,190,34,156
103000183,600,6,594
103000185,435,74,361
103000186,470,106,364
103000187,1994,202,1792
103000188,30,95,-65
103000189,921,1074,-153
103000191,778,644,134
103000292,783,3305,-2522
103000293,956,6236,-5280
103000295,110,280,-170
103000296,135,1,134
103000297,4,37,-33
103000504,7,9,-2
103000505,4,57,-53
103000506,5,202,-197
103000507,349,3,346
103000508,97,62,35
103000509,431,913,-482
103900001,58,48,10
103900002,881,66,815
103900003,1158,295,863
103900004,229,0,229
103900005,2,148,-146
103900006,5,4,1
103900007,254,2,252
103900008,44,1,43
103900009,623,240,383
103900010,450,148,302
103900011,850,59,791
103900012,7,65,-58
103900013,127,20,107
103900014,187,50,137
103900015,199,5,194
103900016,210,154,56
103900017,186,152,34
103900018,394,89,305
103900019,43,751,-708
103900020,821,535,286
103900021,107,29,78
103900022,720,665,55
103900023,380,0,380
103900024,104,284,-180
103900025,8,20,-12
103900026,26,0,26
103900027,479,364,115
103900028,150,563,-413
103900029,2177,186,1991
103900030,491,255,236
103900031,117,1,116
103900032,222,205,17
103900033,78,68,10
103900034,91,42,49
103900035,124,57,67
103900036,49,91,-42
103900037,300,88,212
103900038,164,365,-201
103900039,437,147,290
103900040,42,102,-60
103900041,118,63,55
103900042,295,59,236
103900043,337,118,219
103900044,18,1095,-1077
103900045,493,187,306
103900047,286,34,252
103900048,29,267,-238
103900049,170,1833,-1663
103900050,36,322,-286
103900051,4,92,-88
103900052,273,668,-395
103900053,795,240,555
103900054,462,202,260
103900055,817,238,579
103900056,127,79,48
103900057,509,82,427
103900058,728,267,461
103900059,2,159,-157
103900060,179,111,68
103900061,366,19,347
103900062,1550,486,1064
103900063,13,0,13
103900064,305,6,299
103900065,248,287,-39
103900066,313,58,255
103900067,408,12,396
103900068,0,0,0
103900069,158,29,129
103900070,313,145,168
103900071,36,64,-28
103900072,89,126,-37
103900073,45,80,-35
103900074,257,85,172
103900075,497,68,429
103900076,1252,220,1032
103900077,52,273,-221
103900078,573,359,214
103900079,130,226,-96
103900080,1,31,-30
103900081,32,28,4
103900082,116,118,-2
103900083,2817,3296,-479
103900084,63,534,-471
103900085,101,156,-55
103900086,2551,448,2103
103900088,359,640,-281
103900089,75,315,-240
103900090,23,151,-128
103900091,864,144,720
103900092,1065,1793,-728
103900093,64,738,-674
103900094,5,34,-29
103900095,233,911,-678
103900096,220,69,151
103900097,54,288,-234
103900098,604,176,428
103900099,596,59,537
103900100,499,115,384
103900101,972,1249,-277
103900102,7,88,-81
103900104,0,25,-25
103900105,43,95,-52
103900106,6,1524,-1518
103900107,276,26,250
103900108,67,133,-66
103900109,328,32,296
103900110,550,29,521
103900111,376,189,187
103900112,31,185,-154
103900113,161,352,-191
103900114,1845,284,1561
103900115,194,265,-71
103900116,2178,4830,-2652
103900117,30,61,-31
103900119,16,238,-222
103900120,299,62,237
103900122,539,96,443
103900123,713,1394,-681
103900124,108,352,-244
103900125,164,69,95
103900126,1062,101,961
103900127,122,185,-63
103900128,225,64,161
103900131,57,135,-78
103900133,1195,41,1154
103900134,0,21,-21
103900135,3,7,-4
103900137,0,5,-5
103900138,449,16,433
103900139,258,6103,-5845
103900140,7,724,-717
103900141,250,39,211
103900142,693,71,622
103900143,464,3,461
103900144,8,23,-15
103900145,249,277,-28
103900146,488,116,372
103900147,794,107,687
103900148,666,106,560
103900149,394,138,256
103900150,5140,8743,-3603
103900151,9,148,-139
103900152,1899,214,1685
103900153,29,6,23
103900154,332,4313,-3981
103900155,43,125,-82
103900156,84,77,7
103900157,393,94,299
103900158,560,93,467
103900159,759,34,725
103900160,97,27,70
103900161,46,156,-110
103900162,78,47,31
103900163,31,439,-408
103900167,3,154,-151
103900168,100,161,-61
103900169,12,57,-45
103900170,2,95,-93
103900171,10,36,-26
103900172,8,19,-11
103900173,34,64,-30
103900174,677,27,650
103900175,80,252,-172
103900176,31,47,-16
103900177,19,3,16
103900178,126,5,121
103900179,137,16,121
103900180,4,57,-53
103900181,5,196,-191
103900182,21,32,-11
103900184,349,119,230
103900185,140,1597,-1457
103900187,18,280,-262
103900188,289,122,167
103900189,179,15,164
103900190,195,38,157
103900191,43,50,-7
103900192,27,92,-65
103900193,38,126,-88
103900194,82,118,-36
103900195,4,245,-241
103900196,90,72,18
103900197,10,29,-19
103900198,6,45,-39
103900199,186,85,101
103900200,448,64,384
103900201,111,76,35
103900202,0,48,-48
103900203,66,77,-11
103900204,2,47,-45
103900207,0,16,-16
103900208,158,1,157
103900209,3,53,-50
103900210,63,52,11
103900211,1416,181,1235
103900212,318,124,194
103900213,17,650,-633
103900214,238,865,-627
103900215,213,827,-614
103900216,9,173,-164
103900217,590,233,357
103900218,0,461,-461
103900219,493,158,335
103900233,615,49,566
103900235,16,523,-507
103900236,9,30,-21
103900242,0,1,-1
103900243,1,10,-9
103900244,173,152,21
103900245,206,141,65
103900246,39,82,-43
103900247,51,81,-30
103900248,3,117,-114
103900249,19,99,-80
103900250,249,171,78
103900251,6,156,-150
103900253,13,154,-141
103900254,1,96,-95
103900255,1,95,-94
103900256,51,91,-40
103900257,322,524,-202
103900258,62,33,29
103900259,53,100,-47
103900261,101,0,101
103900262,95,14,81
103900263,11,185,-174
103900264,9,1,8
103900265,34,1,33
103900266,10,214,-204
103900267,3,95,-92
103900268,62,70,-8
103900269,408,15,393
103900270,149,51,98
103900271,108,87,21
103900272,146,33,113
103900273,343,9,334
103900274,594,10,584
103900275,325,29,296
103900276,10,35,-25
103900277,27,36,-9
103900278,3,10,-7
103900279,14,185,-171
103900280,1,22,-21
104000001,5380,3243,2137
104000002,2608,3008,-400
104000003,3943,2502,1441
104000004,3767,3073,694
104000005,4119,2972,1147
104000006,5274,2766,2508
104000007,5762,4820,942
104000008,297,285,12
104000009,224,223,1
104000010,258,910,-652
104000011,362,186,176
104000012,231,233,-2
104000013,464,807,-343
104000014,361,347,14
104000015,688,296,392
104000016,369,325,44
104000018,1048,464,584
104000019,819,738,81
104000020,105,299,-194
104000021,663,280,383
104000022,491,510,-19
104000023,1756,824,932
104000024,359,533,-174
104000026,158,218,-60
104000027,497,330,167
104000028,647,583,64
104000029,747,418,329
104000030,463,605,-142
104000031,1902,433,1469
104000032,197,138,59
104000033,1353,711,642
104000034,301,158,143
104000035,1535,505,1030
104000036,1862,564,1298
104000037,314,108,206
104000038,488,608,-120
104000039,340,113,227
104000040,239,909,-670
104000041,898,689,209
104000042,262,233,29
104000043,316,362,-46
104000044,525,539,-14
104000045,994,640,354
104000046,862,999,-137
104000047,988,939,49
104000048,1202,940,262
104000049,1203,534,669
104000050,166,1246,-1080
104000051,483,1293,-810
104000052,3391,4369,-978
104000053,2177,601,1576
104000054,1381,337,1044
104000055,3836,3191,645
104000056,744,146,598
104000057,462,316,146
104000058,2069,1284,785
104000059,1340,1605,-265
104000060,1977,2829,-852
104000061,1621,930,691
104000062,419,267,152
104000064,1391,436,955
104000065,124,948,-824
104000069,616,2885,-2269
104000070,93,996,-903
104000071,330,364,-34
104000072,955,257,698
104000075,212,323,-111
104000076,927,80,847
104000082,2845,7927,-5082
104000083,922,348,574
104000084,241,458,-217
104000085,997,532,465
104000086,480,624,-144
104000087,512,2856,-2344
104000090,2001,1019,982
104000092,2781,1353,1428
104000094,1243,1011,232
104000095,5435,2221,3214
104000096,4433,181,4252
104000097,4592,690,3902
104000098,6685,644,6041
104000100,3633,1124,2509
104000101,3205,2332,873
104000106,51,781,-730
104000107,1080,211,869
104000108,418,348,70
104000109,647,293,354
104000110,1062,1619,-557
104000111,2956,6671,-3715
104000112,823,596,227
104000116,0,754,-754
104000117,583,364,219
104000118,2527,235,2292
104000119,1372,476,896
104000120,434,476,-42
104000121,466,564,-98
104000122,1252,740,512
104000123,1309,814,495
104000124,425,1232,-807
104000125,3197,7638,-4441
104000126,924,797,127
104000127,1794,1522,272
104000128,912,132,780
104000129,662,12,650
104000130,5,359,-354
104000131,427,699,-272
104000132,564,830,-266
104000133,2420,782,1638
104000134,1792,1728,64
104000135,848,1962,-1114
104000136,954,3463,-2509
104000137,3333,411,2922
104000138,2331,489,1842
104000139,2926,3135,-209
104000141,1281,693,588
104000142,1321,390,931
104000143,1543,445,1098
104000144,315,533,-218
104000145,553,258,295
104000146,238,725,-487
104000147,212,373,-161
104000148,517,345,172
104000149,345,77,268
104000150,1337,676,661
104000151,489,148,341
104000152,1005,203,802
104000153,962,902,60
104000154,775,238,537
104000155,573,1297,-724
104000157,2728,1089,1639
104000158,126,789,-663
104000159,1292,1219,73
104000160,2475,3568,-1093
104000161,416,203,213
104000162,154,195,-41
104000165,1443,874,569
104000167,1018,2620,-1602
104000168,1541,13,1528
104000169,300,138,162
104000170,281,427,-146
104000248,676,1008,-332
104000251,118,227,-109
104000272,0,0,0
104000273,0,0,0
104000274,0,0,0
104000275,0,0,0
104000279,687,554,133
104000290,96,578,-482
104000291,753,2466,-1713
104000293,2774,1810,964
104000294,207,0,207
104000295,1229,1227,2
104000296,972,671,301
104000297,991,2917,-1926
104000298,2213,811,1402
104000299,2130,1260,870
104900001,205,295,-90
104900002,75,418,-343
104900003,104,160,-56
104900004,103,89,14
104900005,793,364,429
104900006,1405,154,1251
104900007,1130,123,1007
104900009,169,206,-37
104900010,176,25,151
104900011,9,76,-67
104900012,289,41,248
104900013,92,5,87
104900014,1800,395,1405
104900015,168,4,164
104900016,315,209,106
104900017,126,151,-25
104900018,20,107,-87
104900019,234,8069,-7835
104900020,63,348,-285
104900021,0,19,-19
104900022,13,546,-533
104900023,2,16,-14
104900024,35,437,-402
104900025,64,166,-102
104900026,1,41,-40
104900027,986,540,446
104900028,26,262,-236
104900029,19,21,-2
104900030,1039,286,753
104900031,28,400,-372
104900032,108,61,47
104900033,387,242,145
104900034,444,315,129
104900035,584,375,209
104900036,641,69,572
104900037,343,155,188
104900038,173,3049,-2876
104900039,374,257,117
104900040,984,64,920
104900041,775,220,555
104900042,243,258,-15
104900043,89,701,-612
104900044,1568,152,1416
104900045,400,87,313
104900046,1082,121,961
104900047,655,141,514
104900048,751,62,689
104900049,128,46,82
104900050,906,104,802
104900051,506,80,426
104900052,294,4,290
104900053,1004,136,868
104900054,437,77,360
104900055,392,0,392
104900056,593,36,557
104900057,113,0,113
104900058,644,445,199
104900059,131,99,32
104900060,2,355,-353
104900061,143,211,-68
104900063,3,558,-555
104900064,0,159,-159
104900065,1,462,-461
104900066,0,73,-73
104900067,1,355,-354
104900068,193,206,-13
104900070,96,199,-103
104900071,2,609,-607
104900072,78,159,-81
104900073,125,163,-38
104900074,88,85,3
104900075,70,24,46
104900076,227,119,108
104900077,478,232,246
104900078,213,221,-8
104900079,175,2431,-2256
104900080,124,310,-186
104900082,6,392,-386
104900085,22,217,-195
104900087,505,1,504
104900089,670,3,667
104900090,1945,1741,204
104900091,674,564,110
104900093,172,324,-152
104900097,1747,5605,-3858
104900098,575,58,517
104900099,211,1725,-1514
104900100,455,240,215
104900102,129,86,43
104900103,365,100,265
104900104,1916,1922,-6
104900106,694,206,488
104900107,145,329,-184
104900108,42,159,-117
104900109,288,291,-3
104900110,16,65,-49
104900111,745,94,651
104900112,763,334,429
104900113,1343,272,1071
104900114,1354,408,946
104900115,1608,190,1418
104900116,1054,255,799
104900118,15,75,-60
104900119,1,75,-74
104900120,16,1932,-1916
104900121,0,11,-11
104900122,1,28,-27
104900123,274,12,262
104900124,152,1,151
104900125,623,2,621
104900126,13,30,-17
104900127,36,14,22
104900128,174,124,50
104900129,1126,5161,-4035
105000001,6139,1839,4300
105000002,3864,3354,510
105000003,4297,7329,-3032
105000004,1893,1479,414
105000005,2860,2604,256
105000006,1855,4068,-2213
105000007,2640,5285,-2645
105000008,1379,6751,-5372
105000009,4807,6470,-1663
105000010,3958,1684,2274
105000011,4638,6033,-1395
105000012,2819,2430,389
105000013,1965,2693,-728
105000014,6233,6336,-103
105000015,10971,21247,-10276
105000016,1220,1075,145
105000017,2281,1190,1091
105000018,896,3057,-2161
105000019,1504,1996,-492
105000020,102,997,-895
105000021,635,427,208
105000022,113,235,-122
105000023,1854,249,1605
105000028,42,113,-71
105000029,927,2203,-1276
105000030,4630,2749,1881
105000031,11,19,-8
105000033,1676,1453,223
105000034,213,2146,-1933
105000037,927,365,562
105000038,1716,2826,-1110
105000039,1325,1220,105
105000040,1102,2597,-1495
105000041,345,808,-463
105000042,2424,2195,229
105000043,1143,1099,44
105000044,1171,532,639
105000045,347,338,9
105000046,2339,438,1901
105000047,981,524,457
105000048,1794,514,1280
105000049,360,487,-127
105000050,1664,802,862
105000051,428,455,-27
105000052,1008,2165,-1157
105000053,367,336,31
105000054,670,2125,-1455
105000055,1025,377,648
105000056,2784,2890,-106
105000057,2641,1371,1270
105000058,2211,1493,718
105000059,1961,1279,682
105000060,865,560,305
105000061,2808,1189,1619
105000062,959,710,249
105000063,612,620,-8
105000064,4255,1321,2934
105000065,651,729,-78
105000066,1277,2036,-759
105000067,2891,2041,850
105000068,506,1423,-917
105000069,2117,4603,-2486
105000070,931,2128,-1197
105000071,324,3716,-3392
105000072,2721,12209,-9488
105000073,1858,1691,167
105000074,718,764,-46
105000075,1072,1013,59
105000076,1911,1957,-46
105000077,3913,1464,2449
105000078,1055,2009,-954
105000079,1279,3426,-2147
105000080,2971,3394,-423
105000081,1634,1913,-279
105000082,1044,2547,-1503
105000083,2348,3438,-1090
105000084,1040,1329,-289
105000085,3386,3303,83
105000086,1328,1574,-246
105000087,4169,3569,600
105000088,3291,5038,-1747
105000089,2732,2251,481
105000090,743,640,103
105000091,963,1249,-286
105000092,879,1219,-340
105000093,488,639,-151
105000094,417,380,37
105000095,387,1482,-1095
105000096,2121,4315,-2194
105000097,583,987,-404
105000098,2186,2963,-777
105000099,918,2301,-1383
105000100,3034,1496,1538
105000101,5056,1948,3108
105000102,2830,2022,808
105000103,2049,2600,-551
105000104,3877,2046,1831
105000105,2070,2464,-394
105000106,2797,1486,1311
105000107,2781,1156,1625
105000108,2387,1357,1030
105000109,4950,1245,3705
105000110,1660,712,948
105000111,2669,722,1947
105000112,1682,730,952
105000113,955,1379,-424
105000114,2478,2207,271
105000115,577,3741,-3164
105000116,2014,1179,835
105000117,1407,824,583
105000118,1852,742,1110
105000119,934,755,179
105000120,2671,848,1823
105000121,1554,785,769
105000122,753,976,-223
105000123,792,872,-80
105000124,3601,1223,2378
105000125,1880,1593,287
105000126,3517,2282,1235
105000127,4449,2430,2019
105000128,1346,2653,-1307
105000129,2403,681,1722
105000130,318,5385,-5067
105000131,591,203,388
105000132,2296,1297,999
105000133,658,841,-183
105000134,2411,827,1584
105000135,491,669,-178
105000136,150,162,-12
105000137,1127,381,746
105000138,225,181,44
105000139,1160,630,530
105000140,821,485,336
105000141,721,439,282
105000142,518,586,-68
105000143,179,721,-542
105000144,511,768,-257
105000145,1264,550,714
105000146,659,801,-142
105000147,1069,774,295
105000148,1533,1568,-35
105000149,4547,3040,1507
105000150,1637,981,656
105000151,1141,607,534
105000152,263,858,-595
105000153,1860,729,1131
105000154,883,796,87
105000155,1133,615,518
105000156,471,1067,-596
105000157,1050,1528,-478
105000158,4466,1188,3278
105000159,654,969,-315
105000160,6077,1150,4927
105000161,1196,1040,156
105000162,1150,5200,-4050
105000163,1588,1417,171
105000164,136,668,-532
105000165,1763,18242,-16479
105000166,7094,2250,4844
105000167,1976,5301,-3325
105000168,771,655,116
105000169,2041,154,1887
105000170,590,1566,-976
105000171,2709,396,2313
105000172,619,51,568
105000173,649,49,600
105000174,177,52,125
105000175,180,55,125
105000176,922,119,803
105000177,732,484,248
105000178,608,324,284
105000179,1479,139,1340
105000180,555,118,437
105000181,410,172,238
105000182,105,95,10
105000183,3008,3885,-877
105000184,515,1293,-778
105000185,778,1851,-1073
105000186,761,913,-152
105000187,1100,500,600
105000188,193,653,-460
105000189,175,878,-703
105000190,347,765,-418
105000191,594,758,-164
105000192,677,139,538
105000193,107,318,-211
105000194,1636,156,1480
105000195,555,967,-412
105000196,196,622,-426
105000197,302,581,-279
105000198,385,123,262
105000199,124,1329,-1205
105000200,133,638,-505
105000201,190,111,79
105000203,82,106,-24
105000204,112,52,60
105000205,159,167,-8
105000207,353,95,258
105000208,289,596,-307
105000209,298,205,93
105000211,835,20,815
105000212,1915,749,1166
105000213,55,227,-172
105000214,137,166,-29
105000215,628,161,467
105000216,517,112,405
105000217,453,153,300
105000218,3557,1560,1997
105000221,240,436,-196
105000222,648,737,-89
105000223,972,878,94
105000226,262,125,137
105000227,87,209,-122
105000228,82,2196,-2114
105000229,360,1586,-1226
105000231,812,347,465
105000233,1688,1651,37
105000234,575,995,-420
105000235,817,1217,-400
105000237,2575,228,2347
105000243,146,38,108
105000248,79,154,-75
105000262,820,482,338
105000269,207,165,42
105000270,1164,27,1137
105000271,0,277,-277
105000282,98,132,-34
105000287,354,122,232
105000288,1464,781,683
105000289,750,2014,-1264
105000290,78,39,39
105000402,2271,6527,-4256
105000426,419,617,-198
105000438,927,1451,-524
105000440,36,7,29
105000446,8884,4135,4749
105000447,2030,1419,611
105000454,1355,243,1112
105000455,218,147,71
105000474,255,3,252
105000477,1752,885,867
105000478,3961,8369,-4408
105000479,156,331,-175
105000480,6043,11189,-5146
105000481,7501,8128,-627
105000482,2724,3243,-519
105000483,3761,6351,-2590
105000484,1985,2459,-474
105000485,1539,5382,-3843
105000486,2148,3364,-1216
105000488,3556,1987,1569
105000489,2700,1596,1104
105000549,128,919,-791
105000550,436,1060,-624
105000551,43,171,-128
105000552,3543,1534,2009
105000555,1420,2807,-1387
105000556,101,31,70
105000557,99,239,-140
105900001,12,3729,-3717
105900002,842,2413,-1571
105900003,25,239,-214
105900004,247,105,142
105900005,253,566,-313
105900006,11,207,-196
105900007,67,148,-81
105900008,320,294,26
105900009,70,27,43
105900011,200,76,124
105900012,644,78,566
105900013,5,28,-23
105900014,0,60,-60
105900015,84,309,-225
105900016,1031,265,766
105900017,2881,51,2830
105900018,142,170,-28
105900019,152,210,-58
105900020,79,162,-83
105900021,53,371,-318
105900022,386,335,51
105900023,13,171,-158
105900024,7,967,-960
105900025,464,0,464
105900026,321,13,308
105900027,19016,4750,14266
105900028,143,1162,-1019
105900029,2676,364,2312
105900030,339,548,-209
105900031,631,205,426
105900032,176,145,31
105900033,230,138,92
105900034,816,370,446
105900035,625,279,346
105900036,196,100,96
105900037,299,57,242
105900038,211,330,-119
105900039,265,113,152
105900040,117,154,-37
105900041,272,337,-65
105900042,241,356,-115
105900043,1757,37,1720
105900044,2,660,-658
105900045,3,2312,-2309
105900046,13,325,-312
105900047,9,112,-103
105900048,263,675,-412
105900050,1419,10322,-8903
105900051,83,1491,-1408
105900052,1595,149,1446
105900053,3990,5818,-1828
105900054,373,273,100
105900056,631,870,-239
105900057,7,239,-232
105900058,33,31,2
105900059,0,230,-230
106000001,2447,3693,-1246
106000002,1160,3408,-2248
106000003,5245,7171,-1926
106000004,2224,2469,-245
106000005,6508,6533,-25
106000006,6203,2144,4059
106000007,725,499,226
106000008,543,408,135
106000009,575,344,231
106000010,357,451,-94
106000011,3028,1470,1558
106000012,1517,1156,361
106000013,3367,2331,1036
106000014,1868,1495,373
106000015,3657,1760,1897
106000016,1776,1734,42
106000017,651,1368,-717
106000018,622,453,169
106000019,497,702,-205
106000020,397,351,46
106000021,654,796,-142
106000022,290,199,91
106000023,1135,851,284
106000024,631,554,77
106000025,206,255,-49
106000026,217,345,-128
106000027,2515,2429,86
106000028,1248,339,909
106000029,1198,876,322
106000030,309,811,-502
106000034,202,525,-323
106000035,1336,3015,-1679
106000036,196,472,-276
106000037,1945,1632,313
106000038,102,274,-172
106000039,81,266,-185
106000040,162,1078,-916
106000041,951,570,381
106000043,533,366,167
106000046,697,94,603
106000047,98,662,-564
106000049,2063,327,1736
106000050,324,882,-558
106000051,1742,878,864
106000052,416,378,38
106000053,756,220,536
106000054,583,430,153
106000055,1446,1002,444
106000056,527,320,207
106000057,909,502,407
106000058,362,125,237
106000059,790,486,304
106000060,571,316,255
106000061,356,1194,-838
106000062,234,400,-166
106000063,1576,1266,310
106000064,36,492,-456
106000065,795,312,483
106000066,238,785,-547
106000067,979,199,780
106000068,155,827,-672
106000069,748,130,618
106000070,637,800,-163
106000071,1458,339,1119
106000072,4984,1964,3020
106000073,2553,9106,-6553
106000074,1365,943,422
106000075,626,1517,-891
106000076,1924,2074,-150
106000077,2191,1157,1034
106000078,2156,790,1366
106000079,1428,1222,206
106000080,2135,718,1417
106000081,1460,1182,278
106000082,2253,902,1351
106000083,652,1354,-702
106000084,1404,554,850
106000085,1980,1442,538
106000086,724,801,-77
106000087,1229,553,676
106000088,759,862,-103
106000089,1861,278,1583
106000090,618,848,-230
106000091,309,602,-293
106000092,2390,509,1881
106000093,1083,201,882
106000094,114,377,-263
106000095,1932,1344,588
106000096,2260,793,1467
106000097,2217,1328,889
106000098,2044,945,1099
106000099,254,796,-542
106000100,2531,258,2273
106000101,1598,488,1110
106000102,163,796,-633
106000103,439,1035,-596
106000104,1756,543,1213
106000105,722,1010,-288
106000106,1470,516,954
106000107,235,374,-139
106000108,1036,182,854
106000109,402,216,186
106000110,848,188,660
106000111,226,218,8
106000112,511,1626,-1115
106000113,968,585,383
106000114,923,2050,-1127
106000115,534,470,64
106000116,665,318,347
106000117,1306,513,793
106000118,2222,1618,604
106000119,1390,573,817
106000120,1693,2659,-966
106000121,915,333,582
106000122,515,121,394
106000123,1636,180,1456
106000124,501,158,343
106000125,156,232,-76
106000126,749,162,587
106000127,3411,817,2594
106000128,2077,378,1699
106000129,1353,605,748
106000130,2220,571,1649
106000131,311,1380,-1069
106000132,1553,290,1263
106000133,3284,3302,-18
106000134,859,6052,-5193
106000135,190,1083,-893
106000136,1352,2784,-1432
106000137,139,1449,-1310
106000138,4572,189,4383
106000139,179,193,-14
106000140,45,152,-107
106000141,172,81,91
106000142,210,219,-9
106000143,38,42,-4
106000144,109,203,-94
106000145,1027,118,909
106000146,761,193,568
106000147,651,788,-137
106000148,759,800,-41
106000149,1444,602,842
106000150,1618,3842,-2224
106000151,5042,805,4237
106000152,867,4092,-3225
106000153,265,1358,-1093
106000154,1784,201,1583
106000155,418,525,-107
106000156,2697,262,2435
106000157,989,2552,-1563
106000158,2060,754,1306
106000159,4579,4437,142
106000160,1154,7750,-6596
106000161,1585,418,1167
106000162,755,2596,-1841
106000163,536,342,194
106000164,1384,435,949
106000165,441,673,-232
106000166,2172,489,1683
106000167,692,1524,-832
106000168,1837,512,1325
106000169,447,588,-141
106000170,1967,475,1492
106000171,406,1581,-1175
106000172,3415,2532,883
106000173,1044,4819,-3775
106000174,2228,565,1663
106000175,291,664,-373
106000176,3946,1235,2711
106000177,1362,2247,-885
106000178,4005,1630,2375
106000179,910,2109,-1199
106000180,1235,831,404
106000181,2627,1572,1055
106000182,3133,772,2361
106000183,3435,418,3017
106000184,2314,754,1560
106000185,2893,2430,463
106000186,615,77,538
106000187,134,2332,-2198
106000188,2,4,-2
106000189,38,59,-21
106000190,54,2,52
106000191,902,104,798
106000192,0,28,-28
106000193,556,343,213
106000194,129,470,-341
106000195,224,200,24
106000196,40,419,-379
106000197,1189,220,969
106000198,324,241,83
106000199,1014,1808,-794
106000200,514,357,157
106000201,615,9835,-9220
106000202,4872,961,3911
106000203,87,272,-185
106000204,135,7,128
106000205,32,161,-129
106000206,152,20,132
106000207,19,263,-244
106000208,3555,187,3368
106000209,3405,688,2717
106000210,414,846,-432
106000211,235,1415,-1180
106000212,2087,692,1395
106000213,361,1272,-911
106000214,1857,455,1402
106000215,488,537,-49
106000216,1131,654,477
106000217,238,468,-230
106000218,473,285,188
106000219,288,300,-12
106000220,850,275,575
106000221,677,108,569
106000222,234,148,86
106000223,738,200,538
106000224,580,117,463
106000225,321,182,139
106000226,204,235,-31
106000228,121,235,-114
106000229,343,691,-348
106000231,2229,163,2066
106000232,160,476,-316
106000233,881,803,78
106000234,79,667,-588
106000235,478,806,-328
106000236,140,554,-414
106000237,5,75,-70
106000238,13,96,-83
106000239,1,185,-184
106000240,84,13,71
106000241,18,826,-808
106000242,801,31,770
106000249,189,95,94
106000250,104,1076,-972
106000251,275,17,258
106000252,59,70,-11
106000253,84,98,-14
106000254,257,34,223
106000255,60,222,-162
106000256,186,12,174
106000257,203,228,-25
106000258,161,298,-137
106000259,19,235,-216
106000260,89,19,70
106000261,12,74,-62
106000262,112,39,73
106000263,51,69,-18
106000264,358,31,327
106000265,77,146,-69
106000266,237,54,183
106000267,8,161,-153
106000268,443,132,311
106000269,59,81,-22
106000270,190,221,-31
106000271,81,208,-127
106000272,199,63,136
106000273,9,369,-360
106000274,190,42,148
106000275,250,231,19
106000276,58,21,37
106000277,150,254,-104
106000278,190,21,169
106000279,28,18,10
106000280,203,41,162
106000281,111,38,73
106000282,113,59,54
106000283,182,47,135
106000284,310,53,257
106000285,113,120,-7
106000286,267,97,170
106000287,105,132,-27
106000288,170,142,28
106000289,209,97,112
106000290,170,77,93
106000291,158,83,75
106000292,328,95,233
106000293,151,83,68
106000294,141,62,79
106000295,57,64,-7
106000296,32,84,-52
106000297,61,313,-252
106000298,62,212,-150
106000299,65,44,21
106000300,73,86,-13
106000301,83,190,-107
106000303,98,70,28
106000304,96,14,82
106000305,176,44,132
106000306,52,72,-20
106000307,267,26,241
106000308,47,84,-37
106000309,83,54,29
106000310,539,523,16
106000311,790,228,562
106000312,272,227,45
106000313,674,167,507
106000318,178,472,-294
106000319,3325,555,2770
106000320,2,114,-112
106000321,256,287,-31
106000322,691,66,625
106000324,37,109,-72
106000325,3046,1022,2024
106000326,1147,1489,-342
106000327,630,118,512
106000328,27,381,-354
106000329,105,613,-508
106000330,51,169,-118
106000428,130,414,-284
106000429,174,394,-220
106000430,458,2118,-1660
106000431,3659,695,2964
106000432,1114,3021,-1907
106000433,3544,1848,1696
106000434,5530,1572,3958
106000435,1499,2585,-1086
106000436,30,239,-209
106000437,1022,84,938
106000438,351,607,-256
106000439,96,1713,-1617
106000440,266,573,-307
106000441,1,0,1
106000442,1061,13,1048
106000443,528,209,319
106000450,0,123,-123
106000451,31,256,-225
106000454,5,275,-270
106000455,2,114,-112
106000456,268,53,215
106000457,82,924,-842
106000458,1758,163,1595
106000459,863,139,724
106000460,2941,93,2848
106000461,562,251,311
106000462,0,62,-62
106000463,4,20,-16
106000464,4,365,-361
106000465,1292,17,1275
106000466,3,276,-273
106000467,236,396,-160
106000468,260,211,49
106000469,267,0,267
106000470,226,4309,-4083
106000471,12,379,-367
106000472,341,10,331
106000473,120,5,115
106000474,496,693,-197
106000475,1096,523,573
106000476,331,440,-109
106000477,100,134,-34
106000480,1,1579,-1578
106900001,0,24,-24
106900002,0,239,-239
106900003,91,1897,-1806
106900004,3,16,-13
106900006,0,16,-16
106900007,0,1,-1
106900008,1437,93,1344
106900009,1096,171,925
106900010,719,423,296
106900012,1782,5395,-3613
106900013,1176,328,848
106900014,175,15,160
106900015,33,0,33
106900016,746,20,726
106900017,36,1,35
106900018,33,1,32
106900019,316,2,314
106900020,2585,4913,-2328
106900021,285,207,78
106900022,2181,8,2173
106900023,112,173,-61
106900024,976,70,906
106900025,24,688,-664
106900026,3,245,-242
106900027,1534,2,1532
107000001,4685,6164,-1479
107000002,1865,2191,-326
107000003,14764,11215,3549
107000004,4418,1966,2452
107000005,14428,10337,4091
107000006,4386,2475,1911
107000007,9003,11712,-2709
107000008,5572,3429,2143
107000009,14393,10113,4280
107000010,6783,4093,2690
107000011,865,1540,-675
107000012,3278,2932,346
107000013,257,50,207
107000014,200,119,81
107000015,800,616,184
107000016,1514,655,859
107000017,809,3503,-2694
107000018,7,2920,-2913
107000020,760,2459,-1699
107000021,1217,610,607
107000022,1283,2853,-1570
107000023,2834,302,2532
107000024,693,4072,-3379
107000025,610,394,216
107000026,496,654,-158
107000027,2828,885,1943
107000028,2007,802,1205
107000029,7065,4190,2875
107000030,3477,1919,1558
107000031,9141,3510,5631
107000032,365,961,-596
107000033,2992,5425,-2433
107000034,5558,1436,4122
107000035,778,377,401
107000036,678,2148,-1470
107000037,154,1098,-944
107000038,537,245,292
107000039,1680,1510,170
107000040,571,197,374
107000041,1470,1140,330
107000042,629,3252,-2623
107000043,2030,1373,657
107000044,465,491,-26
107000045,99,645,-546
107000046,1115,723,392
107000047,985,1463,-478
107000048,941,648,293
107000049,628,1082,-454
107000050,1245,825,420
107000051,350,536,-186
107000052,1753,3313,-1560
107000053,550,1041,-491
107000054,67,241,-174
107000055,867,350,517
107000056,617,528,89
107000057,1870,178,1692
107000058,2678,5255,-2577
107000059,3401,3665,-264
107000060,8443,8712,-269
107000061,5477,3501,1976
107000062,9953,5594,4359
107000063,5156,3461,1695
107000064,8676,6703,1973
107000065,3759,5916,-2157
107000066,2480,4670,-2190
107000067,2462,2157,305
107000068,944,1694,-750
107000069,1728,1168,560
107000070,1632,44,1588
107000071,6985,70,6915
107000072,15,1264,-1249
107000073,1876,1250,626
107000074,136,561,-425
107000075,3180,431,2749
107000076,300,846,-546
107000077,4910,898,4012
107000078,967,1616,-649
107000079,4214,1311,2903
107000080,520,1603,-1083
107000081,4811,1032,3779
107000082,969,898,71
107000083,2195,1260,935
107000084,309,963,-654
107000085,4679,4229,450
107000086,3955,2542,1413
107000087,5870,4536,1334
107000088,3996,5001,-1005
107000089,3376,4554,-1178
107000090,2285,1231,1054
107000091,2740,2020,720
107000092,1538,1004,534
107000093,2225,1727,498
107000094,1310,1370,-60
107000095,2116,1262,854
107000096,1161,683,478
107000097,2145,962,1183
107000098,832,717,115
107000099,803,683,120
107000100,359,599,-240
107000101,274,471,-197
107000102,427,543,-116
107000103,796,510,286
107000104,221,601,-380
107000105,1096,515,581
107000106,295,380,-85
107000107,1446,376,1070
107000108,251,735,-484
107000109,1804,452,1352
107000110,263,406,-143
107000111,1199,142,1057
107000112,62,307,-245
107000113,1875,196,1679
107000114,103,518,-415
107000115,1699,1597,102
107000116,102,863,-761
107000117,321,6176,-5855
107000118,136,220,-84
107000119,1959,1982,-23
107000120,1256,1611,-355
107000121,1396,1119,277
107000122,1177,933,244
107000123,868,688,180
107000124,1066,382,684
107000125,2221,625,1596
107000126,3066,335,2731
107000129,455,594,-139
107000130,1382,363,1019
107000131,425,458,-33
107000132,814,581,233
107000133,477,458,19
107000134,313,1,312
107000135,1,389,-388
107000136,873,1,872
107000137,7,694,-687
107000138,200,26,174
107000139,6,902,-896
107000140,2490,59,2431
107000141,120,1445,-1325
107000142,791,99,692
107000143,44,1331,-1287
107000144,1118,1005,113
107000145,224,844,-620
107000146,251,481,-230
107000147,6954,919,6035
107000150,571,6698,-6127
107000151,25,36,-11
107000152,1460,3838,-2378
107000153,115,280,-165
107000154,31,306,-275
107000155,1578,8,1570
107000156,1672,25,1647
107000157,71,581,-510
107000158,1583,37,1546
107000159,23,755,-732
107000160,3240,233,3007
107000161,88,369,-281
107000162,606,1241,-635
107000163,344,9,335
107000164,1818,0,1818
107000165,2552,14,2538
107000166,51,293,-242
107000167,1690,336,1354
107000168,2036,777,1259
107000169,454,453,1
107000170,5976,928,5048
107000171,954,986,-32
107000172,2490,2865,-375
107000173,690,463,227
107000174,2118,10664,-8546
107000175,4464,790,3674
107000176,0,0,0
107000177,3,0,3
107000178,108,6,102
107000179,562,1376,-814
107000180,3239,240,2999
107000181,522,786,-264
107000182,3474,873,2601
107000183,342,594,-252
107000184,2441,823,1618
107000185,503,1285,-782
107000186,1525,790,735
107000187,1807,1768,39
107000188,1085,462,623
107000189,1189,1070,119
107000190,1319,646,673
107000191,1684,1662,22
107000192,2584,768,1816
107000193,618,946,-328
107000194,1072,872,200
107000197,1325,396,929
107000198,465,781,-316
107000199,1803,1179,624
107000200,1724,1192,532
107000201,816,655,161
107000202,548,684,-136
107000203,565,2390,-1825
107000204,569,3523,-2954
107000205,1131,982,149
107000206,416,1578,-1162
107000207,540,1431,-891
107000208,1103,798,305
107000209,819,1121,-302
107000210,164,181,-17
107000211,2,53,-51
107000212,7,182,-175
107000213,30,27,3
107000214,45,65,-20
107000215,939,333,606
107000216,796,407,389
107000217,303,1782,-1479
107000219,134,368,-234
107000220,208,426,-218
107000222,479,308,171
107000224,852,422,430
107000225,248,404,-156
107000226,765,458,307
107000227,244,169,75
107000228,652,1126,-474
107000229,162,290,-128
107000230,2463,1049,1414
107000231,664,1810,-1146
107000232,188,51,137
107000233,271,713,-442
107000234,7,144,-137
107000235,84,34,50
107000236,39,631,-592
107000237,117,0,117
107000238,72,3,69
107000239,3813,968,2845
107000240,589,457,132
107000243,0,121,-121
107000244,7,139,-132
107000246,0,636,-636
107000249,1,668,-667
107000251,3,514,-511
107000252,5,907,-902
107000255,429,555,-126
107000257,0,1069,-1069
107000258,3,248,-245
107000259,9,211,-202
107000260,3406,32,3374
107000262,145,259,-114
107000263,688,11,677
107000266,30,50,-20
107000267,30,141,-111
107000268,278,72,206
107000269,109,8,101
107000270,440,107,333
107000271,2,0,2
107000272,253,0,253
107000273,9,417,-408
107000274,597,707,-110
107000275,15,2653,-2638
107000280,2231,18,2213
107000281,45,475,-430
107000282,34,506,-472
107000290,8,133,-125
107000291,62,7,55
107000292,3,773,-770
107000293,25,73,-48
107000294,0,138,-138
107000295,86,35,51
107000296,0,18,-18
107000444,399,3,396
107000496,11,2,9
107000497,1297,1520,-223
107000500,688,655,33
107000501,159,440,-281
107000502,389,1083,-694
107000505,647,1194,-547
107000506,0,0,0
107000508,30,236,-206
107000509,152,980,-828
107000510,105,414,-309
107000514,62,662,-600
107000515,16,55,-39
107000516,940,597,343
107000518,3505,4925,-1420
107000519,1468,650,818
107000520,256,75,181
107000521,1743,509,1234
107000522,3065,413,2652
107900001,189,60,129
107900002,129,15,114
107900003,1599,15,1584
107900004,57,2,55
107900005,4633,9,4624
107900006,307,7,300
107900007,708,90,618
107900008,52,11,41
107900009,178,34,144
107900010,111,9,102
107900012,720,64,656
107900013,370,7,363
107900014,271,9,262
107900015,2868,7,2861
107900016,654,78,576
107900017,70,3,67
107900018,124,670,-546
107900019,52,12,40
107900020,23,96,-73
107900021,388,84,304
107900023,13,14,-1
107900024,1,59,-58
107900025,437,94,343
107900026,118,20,98
107900027,8,115,-107
107900028,593,50,543
107900030,458,49,409
107900031,169,134,35
107900032,86,13,73
107900033,39,16,23
107900034,394,25,369
107900035,3130,161,2969
107900036,70,52,18
107900037,0,9,-9
107900038,23,435,-412
107900039,40,6,34
107900040,4,220,-216
107900041,0,4,-4
107900043,237,133,104
107900044,19,24,-5
107900045,152,55,97
107900046,772,582,190
107900047,102,12,90
107900048,386,34,352
107900049,489,1641,-1152
107900050,68,341,-273
107900051,80,12,68
107900052,29,152,-123
107900053,218,82,136
107900055,560,358,202
107900056,169,248,-79
107900057,4,0,4
107900058,30,488,-458
107900060,13,210,-197
107900061,1,16,-15
107900063,170,238,-68
107900064,221,951,-730
107900065,869,27,842
107900066,17,12,5
107900067,0,0,0
107900068,121,1317,-1196
107900069,46,5991,-5945
107900070,219,226,-7
107900071,27,427,-400
107900072,331,51,280
107900073,150,269,-119
107900074,207,659,-452
107900076,246,59,187
107900077,257,12,245
107900079,36,39,-3
107900080,128,1163,-1035
107900081,69,71,-2
107900082,2,20,-18
107900083,724,192,532
107900084,250,251,-1
107900086,30,546,-516
107900087,480,53,427
107900088,186,8,178
107900089,365,828,-463
107900090,488,2634,-2146
107900091,137,158,-21
107900093,38,146,-108
107900095,1832,1687,145
107900097,56,114,-58
107900098,147,742,-595
107900100,549,2029,-1480
107900101,638,41,597
107900102,70,3,67
107900103,119,156,-37
107900104,442,2,440
107900105,5,79,-74
107900106,1,323,-322
107900107,988,352,636
107900108,278,42,236
107900109,3480,85,3395
107900110,136,32,104
107900111,10,261,-251
107900112,123,990,-867
107900113,293,37,256
107900114,393,70,323
107900115,1,2,-1
107900116,539,31,508
107900117,236,259,-23
107900118,56,155,-99
107900119,180,223,-43
107900120,71,36,35
107900121,5,223,-218
107900122,0,237,-237
107900123,28,235,-207
107900124,7,81,-74
107900125,23,265,-242
107900126,105,270,-165
107900127,581,265,316
107900128,95,90,5
107900129,222,7,215
107900130,167,18,149
107900131,63,231,-168
107900132,57,245,-188
107900133,0,32,-32
107900134,39,117,-78
107900135,8,30,-22
107900136,49,23,26
107900137,90,148,-58
107900138,224,20,204
107900139,256,50,206
107900141,17,32,-15
107900142,90,581,-491
107900143,15,23,-8
107900144,1,42,-41
107900145,3,38,-35
107900146,49,109,-60
107900147,30,29,1
107900148,185,98,87
107900149,686,79,607
107900150,40,353,-313
107900151,65,32,33
107900152,30,93,-63
107900153,149,356,-207
107900154,35,51,-16
107900155,169,88,81
107900156,1,65,-64
107900157,23,78,-55
107900158,2429,71,2358
107900159,50,423,-373
107900160,298,60,238
107900161,260,75,185
107900162,1,49,-48
107900163,9,81,-72
107900164,37,76,-39
107900165,5,352,-347
107900166,37,40,-3
107900167,16,84,-68
107900168,246,34,212
107900169,10,4543,-4533
107900171,84,438,-354
107900172,0,200,-200
107900173,80,50,30
107900174,306,5,301
107900175,15,249,-234
107900176,184,11,173
107900177,0,79,-79
107900178,0,285,-285
107900179,47,123,-76
107900180,371,1664,-1293
107900181,296,349,-53
107900182,1,560,-559
107900183,120,53,67
107900184,288,586,-298
107900185,229,3,226
107900186,72,32,40
107900187,0,207,-207
107900188,697,81,616
107900189,42,135,-93
107900190,30,182,-152
107900191,65,252,-187
107900193,15,135,-120
107900194,241,30,211
107900195,2223,205,2018
107900196,261,28,233
107900197,271,349,-78
107900199,7,731,-724
107900201,267,146,121
107900203,59,40,19
107900204,329,320,9
107900206,251,861,-610
107900207,0,395,-395
107900208,5,249,-244
107900209,339,179,160
107900210,48,64,-16
107900213,474,521,-47
107900214,9,141,-132
107900215,269,603,-334
107900216,19,36,-17
107900217,68,103,-35
107900218,2,1226,-1224
107900219,106,35,71
107900220,74,175,-101
107900221,205,365,-160
107900223,297,214,83
107900224,174,604,-430
107900225,3,520,-517
107900226,16,65,-49
107900227,113,447,-334
107900228,92,171,-79
107900229,1,54,-53
107900230,86,40,46
107900231,62,84,-22
107900232,518,52,466
107900233,16,53,-37
107900234,416,148,268
107900235,44,172,-128
107900236,1146,112,1034
107900237,3,423,-420
107900238,114,24,90
107900239,416,904,-488
107900240,156,44,112
107900241,7,27,-20
107900242,27,159,-132
107900243,0,31,-31
107900244,525,2,523
107900245,1665,42,1623
107900246,401,38,363
107900248,219,156,63
107900249,1758,267,1491
107900250,1,278,-277
107900251,34,775,-741
107900252,1132,52,1080
107900253,279,40,239
107900254,103,203,-100
107900255,242,41,201
107900256,592,1335,-743
107900257,530,149,381
107900258,242,69,173
107900259,38,6292,-6254
107900261,1,134,-133
107900262,102,51,51
107900264,767,25,742
107900265,248,542,-294
107900267,781,22,759
107900268,59,4,55
107900269,0,33,-33
107900270,3,0,3
107900271,1,67,-66
107900272,66,45,21
107900273,108,78,30
107900274,175,1,174
107900275,132,1,131
107900276,0,10,-10
107900277,0,45,-45
107900278,708,114,594
107900279,28,54,-26
107900280,4222,1356,2866
107900281,1505,12342,-10837
107900282,23,1560,-1537
107900283,903,1346,-443
107900284,1265,1322,-57
107900285,241,19,222
107900286,49,40,9
107900287,897,146,751
107900290,7,1115,-1108
107900291,855,11,844
107900292,386,131,255
107900293,134,205,-71
107900295,116,58,58
107900297,3,549,-546
107900298,757,840,-83
107900299,3165,4384,-1219
107900301,1499,1227,272
107900302,233,20,213
107900303,632,493,139
107900304,776,78,698
107900305,384,4,380
107900306,6,74,-68
107900307,14,277,-263
107900308,274,227,47
107900309,91,0,91
107900310,45,1,44
107900311,3,249,-246
107900312,64,0,64
107900313,0,142,-142
107900314,1,182,-181
107900315,0,58,-58
107900316,27,1,26
107900317,124,1,123
107900318,1,315,-314
107900319,16,26,-10
107900320,6,70,-64
107900321,378,14,364
107900322,0,35,-35
107900323,36,88,-52
107900324,180,5,175
107900325,359,3,356
107900326,1131,85,1046
107900327,5,138,-133
107900328,16,0,16
107900329,38,535,-497
107900330,3,100,-97
107900331,944,29,915
107900332,725,18,707
107900333,161,40,121
107900334,3,56,-53
107900335,39,109,-70
107900336,22,80,-58
107900337,533,1586,-1053
107900338,4,235,-231
107900339,1,14,-13
107900340,1,154,-153
107900341,113,0,113
107900342,216,128,88
107900343,90,14,76
107900344,28,44,-16
107900345,117,20,97
107900346,18,0,18
107900347,22,3,19
107900348,1,23,-22
107900349,47,8,39
107900350,9,292,-283
107900351,22,37,-15
107900352,3,59,-56
107900353,63,25,38
107900354,28,43,-15
108000001,7297,6497,800
108000002,2066,1690,376
108000003,4348,4859,-511
108000004,11556,11794,-238
108000005,10214,8435,1779
108000006,4218,4597,-379
108000007,8568,8827,-259
108000008,3839,5165,-1326
108000009,8499,8443,56
108000010,2779,5385,-2606
108000011,18458,14870,3588
108000012,11048,9821,1227
108000014,981,2008,-1027
108000015,1539,332,1207
108000016,403,626,-223
108000017,2090,571,1519
108000018,2509,1043,1466
108000019,1308,970,338
108000020,1549,573,976
108000021,331,1487,-1156
108000022,445,743,-298
108000023,2898,364,2534
108000024,708,363,345
108000025,740,131,609
108000026,1538,566,972
108000027,1493,351,1142
108000028,1696,438,1258
108000029,1020,612,408
108000030,659,346,313
108000031,262,896,-634
108000032,4215,895,3320
108000033,874,745,129
108000034,2978,699,2279
108000035,775,1647,-872
108000036,510,745,-235
108000037,4304,443,3861
108000038,6060,479,5581
108000039,525,1264,-739
108000040,3856,1406,2450
108000041,407,1913,-1506
108000042,826,105,721
108000043,328,229,99
108000044,1170,151,1019
108000045,421,185,236
108000046,3149,469,2680
108000047,420,678,-258
108000048,154,274,-120
108000049,1321,262,1059
108000050,184,480,-296
108000051,652,403,249
108000052,231,405,-174
108000053,567,461,106
108000054,334,1148,-814
108000055,1591,874,717
108000056,921,1643,-722
108000057,1079,2164,-1085
108000058,2574,7273,-4699
108000059,2436,1497,939
108000060,384,1457,-1073
108000061,327,473,-146
108000062,1998,1017,981
108000063,576,489,87
108000064,447,407,40
108000065,813,509,304
108000066,3104,1910,1194
108000067,4251,1319,2932
108000068,1499,854,645
108000069,248,692,-444
108000070,3221,1323,1898
108000071,751,1409,-658
108000072,2085,1054,1031
108000073,1119,1104,15
108000074,1046,971,75
108000075,533,554,-21
108000076,1392,793,599
108000077,856,614,242
108000078,3820,1034,2786
108000079,773,787,-14
108000080,2988,590,2398
108000081,1033,828,205
108000082,684,1272,-588
108000083,3324,1137,2187
108000084,579,1315,-736
108000085,2263,909,1354
108000086,681,571,110
108000087,200,3887,-3687
108000088,1723,698,1025
108000089,463,569,-106
108000091,146,746,-600
108000092,500,262,238
108000093,638,539,99
108000094,1716,280,1436
108000095,316,594,-278
108000096,953,403,550
108000097,275,570,-295
108000098,3839,1606,2233
108000099,1492,490,1002
108000100,256,1347,-1091
108000101,1716,2229,-513
108000102,2342,4945,-2603
108000106,1231,2,1229
108000107,3,1041,-1038
108000108,1081,74,1007
108000109,5,400,-395
108000110,881,413,468
108000111,413,1154,-741
108000112,152,305,-153
108000113,402,324,78
108000115,427,459,-32
108000117,484,440,44
108000118,359,3540,-3181
108000119,874,407,467
108000120,462,1559,-1097
108000121,389,612,-223
108000122,1491,669,822
108000123,1106,534,572
108000124,578,1164,-586
108000125,1198,555,643
108000126,403,573,-170
108000127,1010,478,532
108000128,1337,278,1059
108000129,580,585,-5
108000130,862,541,321
108000131,1064,341,723
108000132,560,798,-238
108000133,1969,460,1509
108000134,657,373,284
108000135,1689,1179,510
108000136,769,587,182
108000137,1007,215,792
108000138,835,696,139
108000139,1083,311,772
108000140,1082,14,1068
108000141,119,26,93
108000142,182,71,111
108000143,108,236,-128
108000144,1365,63,1302
108000145,126,2,124
108000146,1542,79,1463
108000147,49,12,37
108000148,1505,118,1387
108000149,57,14,43
108000150,67,29,38
108000151,46,45,1
108000152,334,244,90
108000153,1816,197,1619
108000154,45,4,41
108000155,123,33,90
108000156,995,715,280
108000157,448,4157,-3709
108000158,128,1695,-1567
108000159,249,321,-72
108000160,2225,2206,19
108000161,2015,6991,-4976
108000165,4,561,-557
108000172,5,448,-443
108000173,644,3115,-2471
108000175,1538,262,1276
108000178,692,342,350
108000179,249,1571,-1322
108000181,171,31,140
108000182,245,51,194
108000183,9,358,-349
108000184,901,4979,-4078
108000185,648,291,357
108000186,861,417,444
108000187,300,326,-26
108000188,1689,139,1550
108000189,1924,23952,-22028
108000190,33,86,-53
108000192,472,127,345
108000193,304,16,288
108000194,19,15,4
108000195,2,879,-877
108000196,299,344,-45
108000198,1661,62,1599
108000199,1,373,-372
108000200,1067,483,584
108000203,491,540,-49
108000204,241,113,128
108000205,202,328,-126
108000339,1475,560,915
108000364,193,776,-583
108000365,92,623,-531
108000367,397,217,180
108000368,29,66,-37
108000369,573,88,485
108000371,6,470,-464
108000372,1131,2,1129
108000373,230,124,106
108000376,234,30,204
108000377,1312,73,1239
108000378,12410,20964,-8554
108000379,8,308,-300
108000381,239,7,232
108000382,166,34,132
108000383,1,411,-410
108900001,19,444,-425
108900002,432,73,359
108900003,85,571,-486
108900004,471,678,-207
108900007,490,176,314
108900008,280,103,177
108900009,235,209,26
108900010,588,163,425
108900011,1370,310,1060
108900012,720,386,334
108900013,144,581,-437
108900014,23,124,-101
108900015,0,279,-279
108900016,0,145,-145
108900017,238,855,-617
108900018,139,364,-225
108900019,35,304,-269
108900020,25,104,-79
108900021,152,149,3
108900022,144,21,123
108900023,20,145,-125
108900024,60,29,31
108900025,544,37,507
108900026,13,15,-2
108900027,0,27,-27
108900028,185,82,103
108900029,125,225,-100
108900030,0,30,-30
108900031,348,113,235
108900032,1,124,-123
108900033,0,32,-32
108900034,0,43,-43
108900035,414,370,44
108900038,1,107,-106
108900039,0,88,-88
108900040,9,62,-53
108900041,5300,3761,1539
108900042,1,454,-453
108900043,71,640,-569
108900044,0,91,-91
108900045,85,78,7
108900046,20,226,-206
108900047,2,345,-343
108900048,139,298,-159
108900049,1489,4899,-3410
108900050,1,59,-58
108900051,0,68,-68
108900052,50,62,-12
108900053,257,1071,-814
108900054,73,101,-28
108900055,30,357,-327
108900056,0,58,-58
108900057,1,61,-60
108900058,118,84,34
108900059,1998,88,1910
108900060,60,181,-121
108900061,116,6,110
108900062,1,240,-239
108900063,28,95,-67
108900064,680,20,660
108900065,17,71,-54
108900066,707,228,479
108900067,4,221,-217
108900068,16,63,-47
108900069,274,10,264
108900070,58,25,33
108900071,225,53,172
108900072,1345,190,1155
108900073,108,186,-78
108900074,763,62,701
108900075,25,9,16
108900076,698,27,671
108900077,185,304,-119
108900078,126,43,83
108900079,246,255,-9
108900080,6,1656,-1650
108900081,127,374,-247
108900082,210,37,173
108900083,11,367,-356
108900085,1652,196,1456
108900086,234,73,161
108900087,49,231,-182
108900088,751,616,135
108900089,10,168,-158
108900090,227,49,178
108900091,72,62,10
108900092,633,446,187
108900093,131,85,46
108900094,597,199,398
108900095,67,251,-184
108900096,282,8,274
108900097,456,123,333
108900098,1390,1602,-212
108900099,729,169,560
108900100,84,80,4
108900101,339,809,-470
108900102,20,2425,-2405
108900103,409,393,16
108900105,14,4448,-4434
108900106,933,189,744
108900108,499,47,452
108900109,1568,121,1447
108900110,326,163,163
108900111,991,180,811
108900113,53,122,-69
108900114,439,59,380
108900115,217,225,-8
108900116,137,6,131
108900117,661,29,632
108900118,1527,26,1501
108900119,669,45,624
108900120,604,313,291
108900121,287,125,162
108900122,483,70,413
108900123,538,156,382
108900124,2026,199,1827
108900125,1425,12,1413
108900126,288,63,225
108900127,489,98,391
108900128,469,99,370
108900129,2448,212,2236
108900130,1367,4,1363
108900131,1001,10,991
108900132,1228,99,1129
108900133,640,119,521
108900134,1434,215,1219
108900135,746,29,717
108900136,35,1,34
108900137,469,11,458
108900138,2081,147,1934
108900140,1425,84,1341
108900141,927,13,914
108900142,146,7,139
108900143,160,0,160
108900144,186,2,184
108900145,775,74,701
108900146,273,1,272
108900147,671,6,665
108900148,131,12,119
108900150,299,15,284
108900151,38,3,35
108900152,241,46,195
108900153,544,72,472
108900154,9046,591,8455
108900156,211,14,197
108900157,39,334,-295
108900158,1032,45,987
108900159,209,76,133
108900160,14,153,-139
108900161,400,189,211
108900162,388,8,380
108900163,5,614,-609
108900164,103,69,34
108900168,4730,2963,1767
108900169,103,123,-20
108900171,3343,4070,-727
108900172,244,79,165
108900173,65,376,-311
108900174,1737,770,967
108900176,161,257,-96
108900177,3630,14803,-11173
108900178,2856,8188,-5332
108900180,70,339,-269
108900183,222,398,-176
108900184,413,223,190
108900185,48,563,-515
108900186,53,536,-483
108900189,524,238,286
108900190,144,2195,-2051
108900192,111,182,-71
108900195,102,147,-45
108900196,74,294,-220
108900199,219,463,-244
108900200,857,563,294
108900201,302,971,-669
108900203,657,101,556
108900204,571,22,549
108900205,375,32,343
108900206,815,145,670
108900207,402,521,-119
108900208,23,380,-357
108900209,194,595,-401
108900210,103,170,-67
108900211,279,851,-572
108900212,111,3101,-2990
108900215,24,356,-332
108900216,294,742,-448
108900217,107,0,107
108900218,87,31,56
108900221,41,29,12
108900224,77,78,-1
108900225,0,342,-342
108900227,366,579,-213
108900230,82,296,-214
108900232,0,104,-104
108900233,786,252,534
108900234,398,292,106
108900235,249,349,-100
108900236,53,435,-382
108900240,193,132,61
108900241,126,29,97
108900245,4,3464,-3460
108900250,371,136,235
108900258,1,97,-96
108900259,60,48,12
108900260,14,27,-13
108900261,30,55,-25
108900262,159,245,-86
108900263,48,206,-158
108900264,211,396,-185
108900265,924,790,134
108900266,160,2779,-2619
108900267,2,563,-561
108900268,15,59,-44
108900269,258,83,175
108900270,485,45,440
108900271,118,171,-53
108900272,798,80,718
108900273,343,1520,-1177
108900274,199,15,184
109000001,5631,4631,1000
109000002,1027,4849,-3822
109000003,5913,638,5275
109000004,1019,2515,-1496
109000005,3766,847,2919
109000006,1310,2039,-729
109000007,3816,1342,2474
109000008,1146,1645,-499
109000009,5893,2016,3877
109000010,1079,3493,-2414
109000011,7373,3573,3800
109000012,2076,3709,-1633
109000013,9072,8337,735
109000014,2825,2521,304
109000015,5212,20256,-15044
109000016,5817,2483,3334
109000017,5603,2195,3408
109000018,2194,2420,-226
109000019,4969,2375,2594
109000020,1714,3006,-1292
109000023,325,16,309
109000024,18,187,-169
109000025,303,836,-533
109000026,835,342,493
109000027,126,459,-333
109000028,143,97,46
109000029,94,715,-621
109000030,20,469,-449
109000031,509,155,354
109000032,161,607,-446
109000033,677,255,422
109000034,90,79,11
109000035,31,68,-37
109000036,95,338,-243
109000037,537,4666,-4129
109000038,329,276,53
109000039,1165,1254,-89
109000040,4308,23090,-18782
109000041,1449,4297,-2848
109000042,880,2742,-1862
109000044,747,162,585
109000045,69,393,-324
109000046,669,153,516
109000047,213,398,-185
109000048,511,759,-248
109000049,285,717,-432
109000050,415,460,-45
109000051,276,158,118
109000052,726,553,173
109000053,703,213,490
109000054,189,744,-555
109000055,674,1556,-882
109000056,451,574,-123
109000057,1755,494,1261
109000058,342,122,220
109000059,231,1823,-1592
109000060,189,849,-660
109000061,588,2366,-1778
109000062,232,600,-368
109000063,294,194,100
109000064,775,164,611
109000065,424,411,13
109000066,950,66,884
109000067,125,423,-298
109000068,854,17,837
109000069,846,17,829
109000070,168,1478,-1310
109000071,616,105,511
109000072,82,250,-168
109000073,86,175,-89
109000074,9,147,-138
109000075,120,328,-208
109000076,173,495,-322
109000077,382,225,157
109000078,234,264,-30
109000079,296,110,186
109000080,563,107,456
109000081,294,375,-81
109000082,1532,195,1337
109000083,714,478,236
109000088,224,205,19
109000089,427,111,316
109000090,131,208,-77
109000091,662,187,475
109000092,351,284,67
109000093,525,177,348
109000094,1472,6,1466
109000095,304,354,-50
109000096,1608,250,1358
109000097,108,126,-18
109000098,159,151,8
109000099,1208,154,1054
109000100,667,625,42
109000101,2773,526,2247
109000102,1092,458,634
109000103,1267,632,635
109000104,4284,472,3812
109000105,862,606,256
109000106,3130,594,2536
109000107,829,1251,-422
109000108,3669,790,2879
109000109,717,952,-235
109000110,2001,654,1347
109000111,1049,1696,-647
109000112,503,182,321
109000113,433,401,32
109000114,201,757,-556
109000115,1194,81,1113
109000116,19,314,-295
109000117,597,23,574
109000118,10,228,-218
109000119,3094,142,2952
109000120,610,530,80
109000121,882,53,829
109000122,329,260,69
109000123,41,34,7
109000124,1572,398,1174
109000125,1578,375,1203
109000126,1043,397,646
109000127,2372,164,2208
109000128,1049,711,338
109000129,5387,559,4828
109000130,656,687,-31
109000131,1260,914,346
109000132,401,1311,-910
109000133,239,419,-180
109000134,740,1580,-840
109000135,600,1599,-999
109000136,413,274,139
109000137,416,543,-127
109000138,848,172,676
109000139,1082,529,553
109000140,362,209,153
109000141,1228,605,623
109000142,277,535,-258
109000143,145,101,44
109000145,139,492,-353
109000146,23,115,-92
109000148,2658,1931,727
109000149,37,179,-142
109000150,130,360,-230
109000155,1588,1041,547
109000156,1430,403,1027
109000158,77,287,-210
109000159,123,714,-591
109000160,2689,257,2432
109000161,1075,1595,-520
109000162,3486,616,2870
109000163,2368,1691,677
109000164,2702,2137,565
109000165,2668,826,1842
109000166,2234,123,2111
109000167,235,485,-250
109000170,49,42,7
109000171,144,50,94
109000172,28,72,-44
109000173,54,214,-160
109000174,323,39,284
109000175,65,117,-52
109000176,1097,327,770
109000177,109,145,-36
109000178,1689,223,1466
109000179,3784,9552,-5768
109000180,4334,4046,288
109000181,15,11,4
109000182,169,15,154
109000183,115,25,90
109000184,77,10,67
109000185,99,24,75
109000188,516,1503,-987
109000189,4746,1555,3191
109000190,1201,813,388
109000191,417,460,-43
109000192,937,212,725
109000193,705,169,536
109000194,568,87,481
109000195,457,155,302
109000196,326,63,263
109000197,390,297,93
109000198,529,37,492
109000199,196,387,-191
109000206,257,32,225
109000207,290,49,241
109000208,117,195,-78
109000209,170,118,52
109000210,353,522,-169
109000211,1724,653,1071
109000214,652,210,442
109000215,174,36,138
109000216,655,509,146
109000217,206,824,-618
109000218,405,602,-197
109000221,138,762,-624
109000222,920,226,694
109000223,916,614,302
109000224,158,81,77
109000225,420,25,395
109000226,101,216,-115
109000227,3392,523,2869
109000228,3,1228,-1225
109000231,2,131,-129
109000232,1416,102,1314
109000236,387,473,-86
109000241,2425,1050,1375
109000242,1756,799,957
109000293,137,321,-184
109000361,188,185,3
109000364,126,911,-785
109000396,7,323,-316
109000397,1214,22,1192
109000399,169,360,-191
109000400,85,159,-74
109000403,27,1459,-1432
109000406,1253,4,1249
109000407,358,166,192
109000408,0,580,-580
109000410,1221,305,916
109000411,564,44,520
109900001,192,0,192
109900002,1697,14,1683
109900003,884,5,879
109900004,372,97,275
109900005,70,2,68
109900006,892,71,821
109900007,2475,89,2386
109900008,0,22,-22
109900009,169,330,-161
109900010,1083,60,1023
109900011,47,104,-57
109900012,630,377,253
109900013,728,253,475
109900014,700,119,581
109900015,182,70,112
109900016,290,8,282
109900017,346,444,-98
109900018,259,38,221
109900019,318,72,246
109900020,164,76,88
109900021,71,22,49
109900022,291,272,19
109900023,48,1,47
109900024,44,2,42
109900025,10,47,-37
109900026,5,133,-128
109900027,64,42,22
109900028,515,3500,-2985
109900029,15,183,-168
109900030,50,12,38
109900031,0,422,-422
109900032,8,164,-156
109900033,4,600,-596
109900034,84,2,82
109900035,90,82,8
109900036,21,46,-25
109900037,22,280,-258
109900038,112,267,-155
109900039,20,1,19
109900040,19,272,-253
109900041,59,245,-186
109900042,9,1019,-1010
109900044,87,343,-256
109900045,146,97,49
109900046,292,117,175
109900047,224,287,-63
109900048,9,86,-77
109900049,34,48,-14
109900050,1,25,-24
109900051,0,16,-16
109900052,40,137,-97
109900053,3,62,-59
109900054,1882,81,1801
109900055,84,159,-75
109900056,35,539,-504
109900057,1,44,-43
109900058,0,19,-19
109900059,2136,49,2087
109900060,1809,104,1705
109900061,47,112,-65
109900062,0,47,-47
109900063,4,602,-598
109900064,1235,152,1083
109900065,140,95,45
109900066,266,603,-337
109900067,0,122,-122
109900068,77,8,69
109900069,9,14,-5
109900070,40,93,-53
109900071,7,16,-9
109900072,39,111,-72
109900073,891,159,732
109900074,26,5,21
109900075,49,32,17
109900076,36,99,-63
109900077,61,35,26
109900078,86,197,-111
109900080,216,90,126
109900081,6,226,-220
109900082,93,165,-72
109900083,12,37,-25
109900084,49,178,-129
109900085,85,318,-233
109900086,182,1655,-1473
109900087,73,526,-453
109900089,1391,237,1154
109900090,183,599,-416
109900091,847,122,725
109900092,370,145,225
109900093,1890,141,1749
109900094,148,188,-40
109900095,66,186,-120
109900096,298,7,291
109900097,260,2,258
109900098,870,43,827
109900099,685,0,685
109900100,89,2,87
109900101,1645,11,1634
109900102,800,27,773
109900103,19,53,-34
109900104,1974,133,1841
109900105,1075,32,1043
109900106,542,34,508
109900107,893,51,842
109900108,212,268,-56
109900109,59,228,-169
109900110,108,137,-29
109900111,114,335,-221
109900112,185,287,-102
109900113,1395,542,853
109900114,749,2067,-1318
109900115,254,152,102
109900117,2256,83,2173
109900118,112,186,-74
109900119,175,507,-332
109900120,164,25,139
109900121,307,451,-144
109900122,1250,5,1245
109900123,14,54,-40
109900124,78,142,-64
109900125,0,163,-163
109900126,678,59,619
109900128,531,75,456
109900130,3131,6278,-3147
109900131,57,121,-64
109900132,11,78,-67
109900133,131,296,-165
109900134,96,389,-293
109900135,457,70,387
109900136,63,221,-158
109900137,492,386,106
109900140,291,139,152
109900142,3229,342,2887
109900145,10,854,-844
109900146,199,58,141
109900148,16,63,-47
109900149,77,24,53
109900150,13,76,-63
109900151,50,34,16
109900152,0,36,-36
109900153,0,168,-168
109900154,50,0,50
109900155,153,41,112
109900157,49,78,-29
109900158,45,157,-112
109900159,311,62,249
109900160,202,35,167
109900161,436,75,361
109900162,311,144,167
109900163,461,191,270
109900164,53,264,-211
109900165,340,5,335
109900166,1,79,-78
109900167,317,342,-25
109900168,225,584,-359
109900169,313,256,57
109900170,332,2458,-2126
109900171,515,143,372
109900172,357,554,-197
109900173,1613,3607,-1994
109900174,67,93,-26
109900175,153,247,-94
109900176,232,234,-2
109900177,74,143,-69
109900178,5,446,-441
109900179,23,44,-21
109900180,26,22,4
110000001,794,628,166
110000002,796,1003,-207
110000003,815,1104,-289
110000004,436,916,-480
110000005,468,2475,-2007
110000006,518,436,82
110000007,230,153,77
110000008,27,433,-406
110000009,99,65,34
110000010,85,131,-46
110000011,42,48,-6
110000012,1099,306,793
110000013,74,1606,-1532
110000014,968,476,492
110000015,394,1040,-646
110000016,555,2710,-2155
110000017,3733,442,3291
110000018,2929,389,2540
110000019,17,142,-125
110000020,1607,419,1188
110000021,252,662,-410
110000022,1698,96,1602
110000023,10,226,-216
110000024,631,549,82
110000025,2078,2,2076
110000026,6,299,-293
110000027,569,2904,-2335
110000028,1489,622,867
110000029,538,489,49
110000030,552,616,-64
110000031,361,205,156
110000032,1994,310,1684
110000033,245,367,-122
110000034,753,593,160
110000035,834,522,312
110000036,2181,654,1527
110000037,378,522,-144
110000038,547,834,-287
110000039,1664,9442,-7778
110000040,354,397,-43
110000041,382,4060,-3678
110000042,110,802,-692
110000043,830,650,180
110000044,41,848,-807
110000045,142,243,-101
110000046,5,107,-102
110000047,13,252,-239
110000048,10,104,-94
110000049,11,30,-19
110000050,12,330,-318
110000051,21,9,12
110000052,62,58,4
110000053,28,13,15
110000054,172,1283,-1111
110000055,197,254,-57
110000056,86,248,-162
110000057,451,525,-74
110000058,1364,509,855
110000059,932,651,281
110000060,1975,1265,710
110000061,551,704,-153
110000062,718,1295,-577
110000063,90,399,-309
110000064,35,64,-29
110000065,370,261,109
110000066,151,27,124
110000067,31,130,-99
110000068,403,110,293
110000069,986,27,959
110000071,1038,60,978
110000073,76,3,73
110000075,14,167,-153
110000076,617,679,-62
110000077,367,1949,-1582
110000078,217,34,183
110000080,291,423,-132
110000081,67,240,-173
110000082,57,381,-324
110000083,346,329,17
110000084,2114,1446,668
110000085,1044,1310,-266
110000086,1124,3397,-2273
110000087,44,92,-48
110000088,223,325,-102
110000089,591,56,535
110000090,112,255,-143
110000091,1025,149,876
110000092,32,21,11
110000093,93,35,58
110000094,595,253,342
110000095,231,705,-474
110000096,1554,3168,-1614
110000097,1042,2328,-1286
110000098,2968,1020,1948
110000099,1319,1912,-593
110000100,2629,211,2418
110000101,217,174,43
110000102,143,40,103
110000104,592,305,287
110000105,85,410,-325
110000106,755,647,108
110000107,268,481,-213
110000108,222,239,-17
110000109,185,404,-219
110000110,2269,4317,-2048
110000111,4112,3745,367
110000112,251,1621,-1370
110000113,94,4299,-4205
110000114,916,1026,-110
110000115,882,412,470
110000116,117,96,21
110000117,624,274,350
110000118,906,191,715
110000119,788,259,529
110000120,695,277,418
110000121,143,601,-458
110000122,362,343,19
110000123,989,398,591
110000124,2,537,-535
110000125,1149,2,1147
110000126,372,18,354
110000127,1882,161,1721
110000128,28,656,-628
110000129,4,492,-488
110000130,603,371,232
110000131,53,342,-289
110000132,3,467,-464
110000133,39,551,-512
110000134,16,360,-344
110000135,250,82,168
110000136,109,405,-296
110000137,1163,362,801
110000138,1570,714,856
110000139,2706,526,2180
110000140,1201,1064,137
110000143,517,386,131
110000144,2196,2278,-82
110000145,1887,1648,239
110000146,1930,1118,812
110000147,446,2412,-1966
110000148,1168,252,916
110000151,596,2720,-2124
110000152,507,969,-462
110000153,332,8,324
110000154,28,43,-15
110000155,412,2570,-2158
110000156,1047,2029,-982
110000157,1286,2735,-1449
110000160,566,359,207
110000161,268,362,-94
110000166,1367,110,1257
110000167,2748,994,1754
110000168,1063,959,104
110000169,1044,428,616
110000170,323,150,173
110000171,1166,150,1016
110000172,663,610,53
110000173,672,838,-166
110000174,207,455,-248
110000175,1700,90,1610
110000176,49,1137,-1088
110000177,373,2292,-1919
110000178,523,4426,-3903
110000179,1488,446,1042
110000180,903,365,538
110000181,1856,475,1381
110000182,724,107,617
110000183,6746,12729,-5983
110000184,403,5660,-5257
110000185,503,1198,-695
110000186,623,1624,-1001
110000191,1955,104,1851
110000192,929,21,908
110000193,2093,27,2066
110000194,3,824,-821
110000195,1081,107,974
110000196,1072,79,993
110000197,205,38,167
110000198,141,95,46
110000199,91,530,-439
110000200,770,1070,-300
110000201,1187,2321,-1134
110000202,1435,701,734
110000203,379,685,-306
110000204,3,258,-255
110000205,629,25,604
110000206,574,747,-173
110000207,2373,283,2090
110000208,278,361,-83
110000209,62,889,-827
110000210,2702,676,2026
110000211,1430,863,567
110000212,701,1989,-1288
110000213,674,58,616
110000214,732,106,626
110000215,343,208,135
110000216,170,120,50
110000217,1094,128,966
110000218,408,131,277
110000219,667,56,611
110000220,82,55,27
110000221,1182,15,1167
110000222,101,90,11
110000223,25,194,-169
110000224,8,6,2
110000225,258,913,-655
110000226,593,72,521
110000227,1023,1417,-394
110000228,659,128,531
110000229,0,122,-122
110000230,890,825,65
110000231,539,506,33
110000232,167,430,-263
110000233,194,1549,-1355
110000234,496,2061,-1565
110000235,1867,1235,632
110000236,1164,592,572
110000237,4191,2033,2158
110000238,1235,1785,-550
110000239,3127,1496,1631
110000240,0,32,-32
110000242,0,13,-13
110000243,339,54,285
110000244,239,462,-223
110000245,55,352,-297
110000246,1524,434,1090
110000247,1190,2981,-1791
110000248,1031,1153,-122
110000249,299,11,288
110000250,34,183,-149
110000251,692,237,455
110000252,602,228,374
110000253,2651,459,2192
110000254,671,568,103
110000255,226,765,-539
110000256,577,222,355
110000257,434,231,203
110000258,11,765,-754
110000259,482,23,459
110000260,84,97,-13
110000263,606,19,587
110000264,1119,312,807
110000265,1881,2319,-438
110000266,1051,2633,-1582
110000267,28,72,-44
110000268,377,205,172
110000269,3,127,-124
110000270,164,4,160
110000271,3050,307,2743
110000272,1868,1495,373
110000273,1411,1153,258
110000274,338,4773,-4435
110000275,2026,944,1082
110000276,430,1292,-862
110000277,447,529,-82
110000278,461,839,-378
110000279,795,726,69
110000280,1024,577,447
110000281,167,204,-37
110000282,161,39,122
110000283,24,64,-40
110000284,10,23,-13
110000285,2,317,-315
110000286,4,0,4
110000287,206,0,206
110000288,1,51,-50
110000289,568,4153,-3585
110000290,537,923,-386
110000291,4157,970,3187
110000292,1114,10070,-8956
110000293,664,383,281
110000294,2332,2406,-74
110000295,202,772,-570
110000296,1150,408,742
110000297,3124,325,2799
110000298,103,481,-378
110000299,192,45,147
110000301,687,18,669
110000302,764,2300,-1536
110000303,799,25,774
110000304,367,315,52
110000305,2211,49,2162
110000306,372,1089,-717
110000307,3426,8,3418
110000308,674,3,671
110000309,9,850,-841
110000310,1282,28,1254
110000311,6,579,-573
110000312,729,58,671
110000313,2145,1978,167
110000314,3,151,-148
110000315,1790,1529,261
110000316,694,1031,-337
110000317,124,2549,-2425
110000318,4,47,-43
110000319,21,26,-5
110000320,37,56,-19
110000321,120,58,62
110000322,406,294,112
110000323,818,213,605
110000324,3145,1740,1405
110000325,1563,6490,-4927
110000327,424,202,222
110000328,59,436,-377
110000333,1864,2048,-184
110000334,501,1584,-1083
110000335,728,533,195
110000336,678,1820,-1142
110000337,2817,853,1964
110000338,788,416,372
110000339,541,436,105
110000340,41,335,-294
110000341,1135,367,768
110000342,82,0,82
110000343,0,8,-8
110000344,42,2590,-2548
110000345,138,2332,-2194
110000346,1685,2551,-866
110000347,2284,1056,1228
110000348,26,7,19
110000349,10,32,-22
110000350,154,2,152
110000351,1945,620,1325
110000352,1159,2982,-1823
110000353,3334,445,2889
110000354,1396,7448,-6052
110000355,356,45,311
110000356,1336,4,1332
110000357,1028,5,1023
110000361,24,43,-19
110000362,143,5,138
110000363,1450,140,1310
110000364,585,372,213
110000365,216,0,216
110000366,0,89,-89
110000367,997,166,831
110000368,2,61,-59
110000369,175,15,160
110000373,2,668,-666
110000374,161,41,120
110000375,93,1379,-1286
110000376,48,94,-46
110000377,114,485,-371
110000378,13,525,-512
110000379,2707,4145,-1438
110000380,203,2,201
110000383,3,729,-726
110000384,1151,288,863
110000385,0,207,-207
110000387,191,3,188
110000388,92,131,-39
110000389,1500,6,1494
110000391,1535,412,1123
110000396,427,143,284
110000397,222,39,183
110000398,33,39,-6
110000399,535,0,535
110000587,340,590,-250
110000589,441,111,330
110000640,279,9,270
110000652,14,786,-772
110000653,520,291,229
110000654,16,798,-782
110000656,0,247,-247
110000674,44,36,8
110000675,55,36,19
110000676,0,40,-40
110000679,193,1322,-1129
110000682,223,326,-103
110000683,284,373,-89
110000684,1,67,-66
110000685,5,29,-24
110000686,2,129,-127
110000687,6,2,4
110000688,40,2043,-2003
110000689,99,13,86
110000692,27,218,-191
110000693,30,959,-929
110000694,2,162,-160
110000695,173,743,-570
110000696,58,83,-25
110900001,605,52,553
110900002,547,1860,-1313
110900003,2132,321,1811
110900004,871,49,822
110900005,1470,7684,-6214
110900006,202,84,118
110900007,508,165,343
110900008,7,16,-9
110900009,494,720,-226
110900010,7,35,-28
110900011,37,133,-96
110900012,11,15,-4
110900013,1751,148,1603
110900014,485,39,446
110900015,383,781,-398
110900016,136,74,62
110900017,1076,48,1028
110900018,558,36,522
110900019,749,25,724
110900020,290,197,93
110900021,109,572,-463
110900022,71,131,-60
110900023,83,756,-673
110900024,93,181,-88
110900025,28,212,-184
110900027,92,121,-29
110900028,49,74,-25
110900029,7,69,-62
110900030,48,168,-120
110900031,0,177,-177
110900032,0,70,-70
110900033,23,172,-149
110900035,52,731,-679
110900036,276,4,272
110900037,379,16,363
110900038,697,157,540
110900039,5,308,-303
110900040,377,23,354
110900041,37,46,-9
110900042,218,91,127
110900043,0,38,-38
110900044,418,24,394
110900045,142,242,-100
110900046,7,133,-126
110900047,291,1073,-782
110900049,190,157,33
110900050,62,5,57
110900051,22,114,-92
110900052,1,134,-133
110900053,401,16,385
110900054,61,137,-76
110900055,43,1,42
110900056,51,159,-108
110900057,0,78,-78
110900058,760,124,636
110900059,726,197,529
110900060,446,196,250
110900061,4,50,-46
110900062,334,78,256
110900063,70,95,-25
110900064,29,0,29
110900065,78,182,-104
110900066,13,63,-50
110900067,139,1269,-1130
110900068,268,160,108
110900069,1,7,-6
110900070,294,79,215
110900071,184,1731,-1547
110900073,0,3,-3
110900074,846,88,758
110900075,782,71,711
110900077,2221,634,1587
110900078,235,14,221
110900079,1185,2019,-834
110900080,263,156,107
110900081,14,14,0
110900082,519,126,393
110900083,189,25,164
110900084,167,46,121
110900085,94,117,-23
110900086,88,334,-246
110900087,756,176,580
110900088,6,0,6
110900090,96,211,-115
110900091,15,16,-1
110900093,390,144,246
110900095,69,47,22
110900097,60,12,48
110900098,46,103,-57
110900099,24,288,-264
110900100,0,12,-12
110900102,76,11,65
110900105,2281,154,2127
110900108,49,51,-2
110900111,1791,67,1724
110900112,895,22,873
110900113,344,158,186
110900115,22,138,-116
110900116,2117,747,1370
110900118,93,6024,-5931
110900119,1414,162,1252
110900120,212,42,170
110900121,144,0,144
110900122,788,306,482
110900125,555,1380,-825
110900127,187,1871,-1684
110900128,185,756,-571
110900129,212,1326,-1114
110900130,373,775,-402
110900131,496,142,354
110900132,752,113,639
110900133,71,145,-74
110900135,76,139,-63
110900136,577,23,554
110900139,6,0,6
110900140,0,0,0
110900141,303,741,-438
110900142,82,185,-103
110900143,467,21,446
110900144,0,212,-212
110900145,387,170,217
110900146,264,609,-345
110900147,156,472,-316
110900148,2,420,-418
110900149,8,210,-202
110900150,53,5,48
110900151,6,14,-8
110900152,64,41,23
110900153,216,64,152
111000001,2657,1632,1025
111000002,1203,513,690
111000003,4007,2234,1773
111000004,1509,1848,-339
111000005,1378,3176,-1798
111000006,1353,3755,-2402
111000007,6446,9805,-3359
111000008,5128,4976,152
111000009,639,1559,-920
111000010,2121,477,1644
111000011,234,983,-749
111000012,706,467,239
111000013,757,1572,-815
111000014,3549,824,2725
111000017,38,777,-739
111000018,149,393,-244
111000020,742,1090,-348
111000021,97,130,-33
111000023,248,157,91
111000025,4860,5227,-367
111000029,151,108,43
111000030,54,60,-6
111000031,2060,650,1410
111000032,637,338,299
111000033,207,178,29
111000034,54,308,-254
111000037,1552,641,911
111000038,2160,2531,-371
111000039,2129,2417,-288
111000040,1760,1426,334
111000041,658,667,-9
111000042,2871,2676,195
111000043,2953,8886,-5933
111000044,2821,941,1880
111000045,4741,2740,2001
111000046,3755,2594,1161
111000047,3450,10126,-6676
111000049,587,557,30
111000050,1274,710,564
111000051,860,931,-71
111000052,645,1911,-1266
111000053,201,641,-440
111000054,341,690,-349
111000055,1194,1506,-312
111000056,256,731,-475
111000057,210,334,-124
111000058,1291,72,1219
111000059,1066,392,674
111000060,8869,1443,7426
111000061,1377,731,646
111000062,1690,936,754
111000063,2000,1708,292
111000064,1635,757,878
111000065,2229,1436,793
111000066,1306,519,787
111000067,2511,461,2050
111000068,1718,719,999
111000069,1821,2161,-340
111000070,1082,600,482
111000071,176,384,-208
111000072,2199,980,1219
111000073,348,2549,-2201
111000074,3090,2349,741
111000075,1080,1170,-90
111000076,1251,2092,-841
111000077,1206,1258,-52
111000078,2027,680,1347
111000079,1069,814,255
111000080,1276,664,612
111000081,1997,9263,-7266
111000082,1608,736,872
111000084,1548,661,887
111000085,1564,1273,291
111000086,2535,1194,1341
111000087,999,514,485
111000088,7234,7153,81
111000089,1225,695,530
111000090,748,1043,-295
111000091,941,348,593
111000092,3314,794,2520
111000093,1459,1901,-442
111000094,3047,1796,1251
111000095,1623,4363,-2740
111000096,1037,12172,-11135
111000097,3520,1045,2475
111000098,344,805,-461
111000099,522,1623,-1101
111000100,636,1667,-1031
111000101,423,899,-476
111000102,261,468,-207
111000104,1467,283,1184
111000107,104,752,-648
111000109,1355,282,1073
111000110,2255,943,1312
111000111,6507,432,6075
111000112,4520,422,4098
111000113,1025,3548,-2523
111000114,1389,8850,-7461
111000115,3747,1149,2598
111000116,1204,1090,114
111000117,364,1220,-856
111000118,1110,1181,-71
111000119,2525,980,1545
111000120,846,996,-150
111000121,387,1230,-843
111000122,495,731,-236
111000123,1644,1461,183
111000124,544,2309,-1765
111000125,337,1274,-937
111000126,126,771,-645
111000127,2171,204,1967
111000128,5079,414,4665
111000129,5652,626,5026
111000130,5161,562,4599
111000131,5262,669,4593
111000132,3251,2686,565
111000133,334,124,210
111000134,424,84,340
111000135,117,202,-85
111000136,629,277,352
111000138,73,6,67
111000140,8,6,2
111000141,258,568,-310
111000142,5,142,-137
111000143,3,415,-412
111000144,38,1791,-1753
111000145,107,11,96
111000146,210,13,197
111000147,117,45,72
111000148,241,163,78
111000149,6,29,-23
111000150,121,9,112
111000151,37,32,5
111000153,561,450,111
111000154,401,375,26
111000155,192,176,16
111000156,1148,420,728
111000157,390,713,-323
111000158,1088,990,98
111000159,3698,1436,2262
111000160,558,451,107
111000161,12,484,-472
111000162,7,67,-60
111000163,1689,949,740
111000164,580,4093,-3513
111000165,776,209,567
111000166,466,134,332
111000167,213,245,-32
111000168,255,352,-97
111000169,479,424,55
111000170,344,333,11
111000171,728,568,160
111000172,430,398,32
111000173,581,1145,-564
111000174,647,257,390
111000175,96,853,-757
111000176,801,32,769
111000177,1866,174,1692
111000178,3451,185,3266
111000179,732,96,636
111000180,405,518,-113
111000181,3653,242,3411
111000182,425,194,231
111000183,317,327,-10
111000184,560,142,418
111000185,579,404,175
111000186,431,316,115
111000187,418,126,292
111000188,905,402,503
111000189,411,389,22
111000190,492,188,304
111000191,310,177,133
111000192,132,286,-154
111000193,580,152,428
111000194,87,362,-275
111000195,136,1006,-870
111000196,71,112,-41
111000197,1496,187,1309
111000198,1160,154,1006
111000199,755,498,257
111000200,1049,795,254
111000201,1743,134,1609
111000202,1118,148,970
111000203,906,369,537
111000204,581,3212,-2631
111000213,415,688,-273
111000214,2515,1253,1262
111000215,1723,1117,606
111000217,2897,836,2061
111000218,4339,1123,3216
111000219,319,211,108
111000220,772,644,128
111000221,418,80,338
111000224,27,133,-106
111000225,1134,540,594
111000226,212,7,205
111000227,11,5,6
111000228,5,1098,-1093
111000229,34,2238,-2204
111000230,293,104,189
111000231,2227,381,1846
111000232,1430,1080,350
111000233,3041,826,2215
111000234,363,1433,-1070
111000239,174,82,92
111000240,130,621,-491
111000241,158,139,19
111000242,627,47,580
111000243,302,329,-27
111000244,1535,540,995
111000245,1224,467,757
111000246,1039,164,875
111000247,1329,434,895
111000248,1197,263,934
111000249,922,287,635
111000250,167,47,120
111000251,82,67,15
111000253,109,31,78
111000255,172,10,162
111000257,153,10,143
111000260,111,685,-574
111000261,2727,125,2602
111000271,43,441,-398
111000273,5141,1699,3442
111000274,2506,4270,-1764
111000275,445,63,382
111000276,277,941,-664
111000277,461,344,117
111000278,492,241,251
111000291,3098,20804,-17706
111000298,699,287,412
111000299,1177,197,980
111000300,80,628,-548
111000302,531,68,463
111000303,320,200,120
111000312,140,49,91
111000315,3,58,-55
111000320,269,357,-88
111000321,654,180,474
111000322,966,201,765
111000323,548,52,496
111000324,335,171,164
111000325,16,45,-29
111000326,395,271,124
111000327,729,354,375
111000328,683,1340,-657
111000329,1,57,-56
111000330,170,15,155
111000331,45,11,34
111000332,588,1214,-626
111000334,303,1153,-850
111000335,2012,210,1802
111000337,3034,174,2860
111000338,203,153,50
111000339,1331,270,1061
111000340,264,1195,-931
111000341,3013,1774,1239
111000342,65,909,-844
111000344,1939,503,1436
111000345,126,95,31
111000346,37,238,-201
111000347,354,3,351
111000350,375,170,205
111000351,176,456,-280
111000352,424,171,253
111000353,178,215,-37
111000354,842,465,377
111000355,517,787,-270
111000358,217,918,-701
111000360,374,403,-29
111000361,226,137,89
111000546,1729,1339,390
111000547,750,1174,-424
111000548,360,211,149
111000549,361,289,72
111000550,82,1399,-1317
111000551,387,93,294
111000552,612,219,393
111000907,2869,9,2860
111000908,287,0,287
111000916,3804,240,3564
111000917,58,289,-231
111000918,336,549,-213
111000920,1700,16,1684
111000921,62,117,-55
111000922,1327,211,1116
111000924,31,401,-370
111000925,7673,3019,4654
111000926,1579,1685,-106
111000927,3258,7370,-4112
111000928,4531,1776,2755
111000929,2937,1583,1354
111000930,1794,1586,208
111000931,2704,2403,301
111000932,2581,1318,1263
111000933,5103,5161,-58
111000934,1847,1994,-147
111000935,5332,1960,3372
111000936,1900,1597,303
111000937,2122,2301,-179
111000938,1588,982,606
111000939,1285,47,1238
111000940,1373,57,1316
111000941,459,1028,-569
111000943,1011,212,799
111000944,382,170,212
111000945,384,1133,-749
111001109,879,1680,-801
111001110,299,347,-48
111001111,241,21,220
111001112,117,1,116
111001113,4,1284,-1280
111001114,887,331,556
111001115,45,2739,-2694
111001116,3158,9577,-6419
111001117,480,3717,-3237
111001120,188,464,-276
111001121,504,92,412
111001122,386,212,174
111001123,618,300,318
111001124,251,128,123
111001125,6,628,-622
111001126,24,0,24
111001127,0,0,0
111900001,5,48,-43
111900002,0,160,-160
111900003,0,107,-107
111900004,7,32,-25
111900006,33,173,-140
111900007,589,18,571
111900008,875,9,866
111900009,582,16,566
111900010,34,379,-345
111900012,34,78,-44
111900013,86,33,53
111900014,1801,11865,-10064
111900015,0,26,-26
111900016,1,37,-36
111900017,0,29,-29
111900018,180,6,174
111900019,5,128,-123
111900020,2,44,-42
111900021,11,45,-34
111900022,37,36,1
111900023,162,65,97
111900024,92,131,-39
111900025,0,217,-217
111900026,0,34,-34
111900027,4,86,-82
111900028,1,49,-48
111900029,27,15,12
111900030,45,409,-364
111900031,42,51,-9
111900032,1,32,-31
111900033,44,22,22
111900034,52,289,-237
111900035,90,464,-374
111900036,0,49,-49
111900038,84,280,-196
111900039,46,186,-140
111900040,2,107,-105
111900042,26,64,-38
111900043,0,107,-107
111900044,91,206,-115
111900046,27,73,-46
111900048,797,123,674
111900049,15,140,-125
111900050,281,23,258
111900051,3,47,-44
111900052,114,207,-93
111900053,735,4332,-3597
111900054,502,6,496
111900055,4,144,-140
111900056,178,532,-354
111900057,518,50,468
111900058,1205,225,980
111900059,1639,974,665
111900060,494,5,489
111900061,1,33,-32
111900062,126,86,40
111900063,520,170,350
111900064,41,57,-16
111900065,402,53,349
111900066,153,332,-179
111900067,1,266,-265
111900068,57,209,-152
111900069,152,41,111
111900070,439,70,369
111900071,0,118,-118
111900072,71,149,-78
111900073,2821,396,2425
111900074,6,227,-221
111900075,148,36,112
111900076,773,158,615
111900077,73,1,72
111900078,1041,57,984
111900079,62,71,-9
111900080,137,170,-33
111900082,474,102,372
111900083,526,109,417
111900084,245,11,234
111900085,105,128,-23
111900086,138,18,120
111900087,132,3,129
111900088,1754,83,1671
111900089,289,3,286
111900090,120,143,-23
111900091,1486,16,1470
111900092,221,1,220
111900093,1149,33,1116
111900094,386,9,377
111900095,859,51,808
111900096,619,5,614
111900097,159,0,159
111900098,1007,20,987
111900099,164,0,164
111900100,190,4,186
111900101,360,12,348
111900102,1551,486,1065
111900103,117,298,-181
111900104,147,72,75
111900105,104,291,-187
111900106,291,36,255
111900110,1939,341,1598
111900111,465,55,410
111900112,419,9844,-9425
111900113,355,103,252
111900118,973,67,906
111900119,411,111,300
111900122,93,135,-42
111900123,6,48,-42
111900124,8,20,-12
111900125,1154,90,1064
111900126,946,9,937
111900127,2,189,-187
111900128,30,292,-262
111900129,477,16,461
111900130,415,96,319
111900131,1056,1,1055
111900132,16,411,-395
111900133,11,232,-221
111900134,1,114,-113
111900135,4,56,-52
111900136,63,178,-115
111900137,31,13,18
111900138,17,88,-71
111900139,19,44,-25
111900140,243,53,190
111900141,214,3,211
111900142,162,18,144
111900143,81,78,3
111900144,0,32,-32
111900145,0,137,-137
111900146,1,65,-64
111900147,34,388,-354
111900148,24,467,-443
111900149,5,196,-191
111900150,22,68,-46
111900151,28,81,-53
111900152,124,50,74
111900153,410,735,-325
111900154,36,1476,-1440
111900155,123,417,-294
111900156,133,109,24
111900157,291,20,271
111900158,1386,119,1267
111900159,1164,116,1048
111900160,784,2,782
111900161,889,3,886
111900162,261,755,-494
111900163,37,174,-137
111900164,354,46,308
111901113,1426,71,1355
111901114,656,357,299
111901115,701,4,697
111901116,94,3,91
111901117,41,159,-118
111901118,20,1344,-1324
111901119,267,80,187
111901121,37,96,-59
111901122,1,92,-91
111901123,957,87,870
111901124,646,7,639
111901125,1691,263,1428
111901127,853,2516,-1663
111901128,16,111,-95
111901129,1,392,-391
111901130,10,105,-95
111901131,2,555,-553
111901132,150,45,105
111901133,279,4,275
111901134,368,3,365
111901135,79,9,70
111901136,1,36,-35
111901138,39,41,-2
111901139,16,16,0
111901140,1,61,-60
111901141,3,120,-117
111901142,10,38,-28
111901143,0,205,-205
111901144,53,87,-34
111901145,40,1193,-1153
111901146,51,5,46
111901147,165,1178,-1013
111901148,2,95,-93
111901149,61,0,61
111901150,0,0,0
112000001,3556,1173,2383
112000002,1298,2403,-1105
112000003,5526,1644,3882
112000004,1602,409,1193
112000005,5906,6764,-858
112000006,741,648,93
112000007,7811,5304,2507
112000008,5961,6141,-180
112000009,3995,1378,2617
112000010,6806,7451,-645
112000011,2049,1115,934
112000012,5031,7369,-2338
112000013,1998,3478,-1480
112000014,1265,5450,-4185
112000015,1340,4557,-3217
112000016,3000,6166,-3166
112000017,374,6748,-6374
112000024,856,299,557
112000026,2168,1535,633
112000027,901,1069,-168
112000028,841,1289,-448
112000029,700,930,-230
112000030,332,18,314
112000031,2000,5381,-3381
112000032,150,5,145
112000033,2021,6204,-4183
112000034,93,26,67
112000035,21,1516,-1495
112000036,193,2503,-2310
112000037,819,1061,-242
112000038,1266,2114,-848
112000039,166,52,114
112000040,38,164,-126
112000041,459,432,27
112000042,1304,243,1061
112000050,2039,1615,424
112000051,2076,5458,-3382
112000054,1886,1850,36
112000057,699,226,473
112000058,184,337,-153
112000059,816,703,113
112000061,3663,817,2846
112000062,694,1854,-1160
112000063,221,4800,-4579
112000064,3275,3201,74
112000065,1243,2322,-1079
112000066,3680,1530,2150
112000067,530,761,-231
112000068,3968,3336,632
112000069,747,2256,-1509
112000070,1561,1345,216
112000071,1525,2102,-577
112000072,3438,1238,2200
112000073,1297,4526,-3229
112000074,1169,2789,-1620
112000075,1587,2416,-829
112000076,3730,3221,509
112000077,1742,475,1267
112000078,3576,803,2773
112000079,3062,1649,1413
112000080,1138,700,438
112000081,1185,1752,-567
112000082,1724,554,1170
112000083,1068,1093,-25
112000084,1456,631,825
112000085,2464,945,1519
112000086,2876,974,1902
112000087,1216,252,964
112000088,1546,295,1251
112000089,413,345,68
112000090,319,332,-13
112000091,935,485,450
112000092,3530,971,2559
112000093,2233,359,1874
112000094,1018,834,184
112000095,1241,413,828
112000096,1090,647,443
112000097,3922,757,3165
112000098,386,483,-97
112000099,879,3245,-2366
112000100,3499,908,2591
112000101,872,385,487
112000102,2618,595,2023
112000103,513,324,189
112000105,1026,608,418
112000106,5302,416,4886
112000107,439,160,279
112000108,1639,846,793
112000109,812,145,667
112000110,3687,1057,2630
112000111,604,3221,-2617
112000112,2829,678,2151
112000113,1140,1335,-195
112000114,3370,1110,2260
112000115,635,471,164
112000116,766,856,-90
112000117,1646,757,889
112000118,849,929,-80
112000119,593,611,-18
112000120,49,236,-187
112000121,450,201,249
112000122,894,145,749
112000123,1544,213,1331
112000124,983,207,776
112000125,605,521,84
112000126,1511,150,1361
112000127,3605,3340,265
112000128,798,534,264
112000129,264,44,220
112000130,587,169,418
112000131,65,156,-91
112000132,294,203,91
112000133,604,80,524
112000134,952,371,581
112000135,2108,1279,829
112000136,1059,2409,-1350
112000137,2535,4854,-2319
112000138,1648,2606,-958
112000139,604,1197,-593
112000140,306,764,-458
112000141,1447,679,768
112000142,214,274,-60
112000143,2229,235,1994
112000144,511,474,37
112000145,4238,411,3827
112000146,889,1060,-171
112000147,3993,1780,2213
112000148,1157,1333,-176
112000149,789,785,4
112000150,1090,352,738
112000151,567,163,404
112000152,1444,337,1107
112000153,409,176,233
112000154,246,740,-494
112000155,260,170,90
112000157,512,1895,-1383
112000158,411,264,147
112000159,1803,386,1417
112000167,598,268,330
112000169,336,2492,-2156
112000173,2059,247,1812
112000175,801,369,432
112000176,953,1346,-393
112000177,1464,508,956
112000178,153,268,-115
112000179,745,69,676
112000180,566,264,302
112000181,1397,848,549
112000182,3183,417,2766
112000183,50,15,35
112000184,633,281,352
112000185,2167,244,1923
112000187,7117,4099,3018
112000195,243,8,235
112000196,163,1,162
112000197,188,160,28
112000198,35,364,-329
112000199,770,628,142
112000202,1379,5,1374
112000216,58,200,-142
112000230,333,4,329
112000231,2,137,-135
112000256,77,875,-798
112000313,72,59,13
112000314,111,69,42
112000337,328,1437,-1109
112000352,89,499,-410
112000392,3519,818,2701
112000398,3761,949,2812
112000399,1596,12655,-11059
112000400,1648,1140,508
112000401,1384,1167,217
112000402,6316,7086,-770
112000403,1976,13406,-11430
112000404,3060,1991,1069
112000405,5366,4516,850
112000406,3028,1016,2012
112000407,15571,9823,5748
112000408,5417,2357,3060
112000409,1778,1537,241
112000410,363,402,-39
112000411,2142,2097,45
112000412,608,338,270
112000413,4217,7040,-2823
112000414,290,25,265
112000415,133,36,97
112000416,6908,1539,5369
112000417,481,162,319
112000421,134,62,72
112000422,355,303,52
112000424,1434,5353,-3919
112000425,578,387,191
112000426,576,445,131
112000427,0,3,-3
112000428,548,167,381
112000429,3150,3506,-356
112000430,4365,7412,-3047
112000431,222,370,-148
112000432,748,758,-10
112000433,442,527,-85
112000437,89,102,-13
112900001,82,1,81
112900002,1232,212,1020
112900003,91,106,-15
112900004,113,85,28
112900005,687,110,577
112900006,24,73,-49
112900007,111,37,74
112900008,0,223,-223
112900009,555,365,190
112900010,747,298,449
112900011,64,410,-346
112900012,3,10,-7
112900013,10,637,-627
112900014,2,80,-78
112900015,99,391,-292
112900016,11,303,-292
112900017,246,143,103
112900018,13,26,-13
112900019,47,171,-124
112900020,340,689,-349
112900021,0,247,-247
112900022,46,26,20
112900023,1,15,-14
112900024,7,68,-61
112900025,297,154,143
112900026,6,21,-15
112900027,12,312,-300
112900028,51,92,-41
112900029,4,55,-51
112900030,40,29,11
112900031,4,628,-624
112900032,264,240,24
112900034,0,15,-15
112900035,9,153,-144
112900036,11,138,-127
112900037,781,451,330
112900038,1129,134,995
112900039,8,94,-86
112900040,7,870,-863
112900041,716,1080,-364
112900042,103,208,-105
112900043,47,58,-11
112900044,271,157,114
112900045,367,71,296
112900046,132,54,78
112900047,10,43,-33
112900049,679,47,632
112900050,33,397,-364
112900051,177,217,-40
112900052,7,347,-340
112900053,143,278,-135
112900054,246,120,126
112900055,82,71,11
112900056,521,296,225
112900057,108,252,-144
112900058,340,739,-399
112900059,139,1267,-1128
112900060,66,38,28
112900061,111,223,-112
112900062,134,51,83
112900063,39,13,26
112900064,25,106,-81
112900065,16,26,-10
112900066,237,431,-194
112900067,559,67,492
112900068,39,183,-144
112900069,2523,2145,378
112900071,67,10,57
112900072,70,9361,-9291
112900073,505,410,95
112900074,223,644,-421
112900075,1141,2809,-1668
112900076,44,23,21
112900078,259,968,-709
112900079,468,31,437
112900080,283,5,278
112900081,56,691,-635
112900082,753,62,691
112900083,366,231,135
112900084,567,446,121
112900086,278,1,277
112900087,2882,198,2684
112900088,510,5,505
112900089,817,22,795
112900090,76,112,-36
112900091,662,20,642
112900092,88,1906,-1818
112900093,1771,54,1717
112900095,131,0,131
112900096,1082,328,754
112900097,106,143,-37
112900098,134,1,133
112900099,1725,18,1707
112900100,187,2,185
112900101,694,21,673
112900102,76,93,-17
112900103,501,8,493
112900104,343,3,340
112900105,30,0,30
112900106,1072,171,901
112900107,4,0,4
112900108,2,2,0
112900109,331,0,331
112900110,2659,60,2599
112900111,1698,7,1691
112900112,483,1,482
112900113,0,7,-7
112900114,842,15,827
112900115,3324,3,3321
112900116,194,20,174
112900117,85,11,74
112900118,2,73,-71
112900119,668,18,650
112900120,480,272,208
112900121,83,79,4
112900122,11,108,-97
112900123,869,53,816
112900124,9,32,-23
112900125,17,215,-198
112900126,78,73,5
112900127,642,69,573
112900128,72,362,-290
112900129,0,546,-546
112900130,518,148,370
112900131,7,366,-359
112900132,177,469,-292
112900133,16,1139,-1123
112900134,0,552,-552
112900135,170,167,3
112900137,1,403,-402
112900138,15,74,-59
112900139,50,411,-361
112900141,1021,18,1003
112900142,88,619,-531
112900143,8,254,-246
112900144,2,559,-557
112900145,3,305,-302
112900146,4,385,-381
112900147,0,509,-509
112900148,46,1,45
112900149,217,346,-129
112900151,5,28,-23
112900152,3258,288,2970
112900153,182,8939,-8757
112900154,0,29,-29
112900155,230,9,221
112900156,1310,445,865
112900157,1013,46,967
112900158,111,0,111
112900159,134,559,-425
112900160,46,230,-184
112900161,332,52,280
112900162,38,41,-3
112900163,45,107,-62
112900164,111,256,-145
112900165,37,78,-41
112900166,13,118,-105
112900167,3,514,-511
112900168,7,5,2
112900169,7,31,-24
112900170,194,79,115
112900172,72,22,50
112900173,108,104,4
112900174,532,27,505
112900175,282,365,-83
112900176,24,62,-38
112900177,410,86,324
112900178,602,5120,-4518
112900179,31,336,-305
112900180,2701,1178,1523
112900181,2035,17,2018
112900182,110,307,-197
112900183,68,244,-176
112900184,439,398,41
112900185,102,622,-520
112900186,896,977,-81
112900187,46,458,-412
112900188,842,3043,-2201
112900189,14,7,7
112900190,16,38,-22
112900192,520,482,38
112900193,772,273,499
112900194,112,6,106
112900195,570,45,525
112900196,672,467,205
112900197,112,366,-254
112900199,1201,119,1082
112900200,763,61,702
112900201,197,248,-51
112900202,896,357,539
112900203,500,50,450
112900204,578,407,171
112900205,15,8,7
112900206,35,38,-3
112900207,43,0,43
112900208,78,1525,-1447
112900209,132,178,-46
112900210,1,3,-2
112900211,71,0,71
112900212,2,33,-31
112900213,77,4,73
112900214,11,7,4
112900215,11,39,-28
112900216,60,29,31
112900217,0,38,-38
112900218,161,15,146
112900219,235,2,233
112900220,1,0,1
112900221,70,38,32
112900222,0,108,-108
112900223,1186,26,1160
112900224,1070,157,913
112900225,1054,139,915
112900226,157,290,-133
112900227,1635,184,1451
112900228,227,27,200
112900229,678,9,669
112900230,10247,2484,7763
112900232,614,359,255
112900233,148,139,9
112900234,44,2,42
112900235,26,5,21
112900236,1390,19,1371
112900237,854,210,644
112900238,12,5,7
112900239,549,951,-402
112900240,6,21,-15
112900241,25,42,-17
112900242,6,44,-38
112900243,26,27,-1
112900244,15,34,-19
112900245,2,30,-28
112900246,0,12,-12
112900247,53,62,-9
112900248,5,0,5
112900249,18,1,17
112900250,95,5,90
112900251,281,10,271
112900252,259,6,253
112900253,171,8,163
112900254,41,3,38
112900255,19,15,4
112900256,2,51,-49
112900257,2,44,-42
112900258,55,6,49
113000001,8162,5949,2213
113000002,9875,5118,4757
113000003,4249,2468,1781
113000004,4338,2417,1921
113000005,4023,2373,1650
113000006,2362,2324,38
113000007,4897,2571,2326
113000008,3864,2748,1116
113000009,2743,1044,1699
113000010,2956,1757,1199
113000011,2282,1270,1012
113000012,1822,885,937
113000013,750,523,227
113000014,1472,1941,-469
113000015,205,223,-18
113000016,296,489,-193
113000017,61,794,-733
113000018,589,60,529
113000019,52,434,-382
113000020,264,86,178
113000021,2409,1297,1112
113000022,1508,6222,-4714
113000025,219,400,-181
113000026,909,833,76
113000027,864,1455,-591
113000028,442,2765,-2323
113000029,1158,924,234
113000030,209,641,-432
113000031,263,272,-9
113000032,283,491,-208
113000033,361,471,-110
113000034,263,192,71
113000035,30,49,-19
113000036,24,143,-119
113000037,52,27,25
113000038,17,81,-64
113000039,52,362,-310
113000040,82,138,-56
113000042,1226,934,292
113000051,3719,4284,-565
113000052,3947,561,3386
113000053,1218,668,550
113000054,1492,1574,-82
113000055,3872,703,3169
113000056,3506,1336,2170
113000058,620,1529,-909
113000059,1250,368,882
113000060,846,897,-51
113000061,1030,1211,-181
113000062,674,599,75
113000063,727,45,682
113000064,190,173,17
113000065,225,529,-304
113000066,1652,230,1422
113000067,4834,737,4097
113000068,787,408,379
113000069,1012,511,501
113000070,3635,963,2672
113000071,1128,408,720
113000072,1795,451,1344
113000073,688,1596,-908
113000074,1150,507,643
113000075,2411,805,1606
113000076,654,5266,-4612
113000077,975,937,38
113000078,476,1999,-1523
113000079,455,1532,-1077
113000080,725,1119,-394
113000081,1441,1451,-10
113000082,1308,874,434
113000083,923,1412,-489
113000084,2444,964,1480
113000085,1390,1040,350
113000086,1102,2964,-1862
113000087,1419,2616,-1197
113000088,3236,2307,929
113000089,997,2220,-1223
113000090,209,1224,-1015
113000091,289,671,-382
113000094,2095,643,1452
113000095,372,1166,-794
113000096,189,1539,-1350
113000097,2049,670,1379
113000098,94,76,18
113000099,1562,627,935
113000100,192,721,-529
113000101,219,956,-737
113000102,959,848,111
113000103,7220,496,6724
113000104,1023,5128,-4105
113000105,1646,796,850
113000106,1227,377,850
113000107,1960,1686,274
113000108,1771,1084,687
113000109,833,1734,-901
113000110,13208,1611,11597
113000111,676,456,220
113000112,1455,457,998
113000113,4073,481,3592
113000114,302,1127,-825
113000116,674,431,243
113000117,889,254,635
113000118,49,1222,-1173
113000119,422,391,31
113000120,73,537,-464
113000121,419,1025,-606
113000124,723,364,359
113000125,26,2043,-2017
113000127,2097,240,1857
113000128,1927,317,1610
113000129,457,777,-320
113000133,4396,646,3750
113000134,18,2438,-2420
113000135,6989,6327,662
113000137,1035,3461,-2426
113000139,331,186,145
113000140,71,145,-74
113000141,70,104,-34
113000142,141,569,-428
113000143,397,153,244
113000144,274,272,2
113000145,120,165,-45
113000146,199,44,155
113000147,266,50,216
113000148,381,142,239
113000149,311,224,87
113000150,510,462,48
113000151,48,29,19
113000152,99,318,-219
113000153,901,165,736
113000154,527,2465,-1938
113000155,541,1091,-550
113000156,221,265,-44
113000157,297,323,-26
113000158,764,141,623
113000159,1182,246,936
113000160,650,344,306
113000161,504,174,330
113000162,1106,102,1004
113000163,235,32,203
113000164,95,53,42
113000166,399,137,262
113000167,154,93,61
113000168,392,101,291
113000169,372,71,301
113000170,111,114,-3
113000171,48,115,-67
113000172,520,50,470
113000173,160,20,140
113000174,429,147,282
113000175,1063,89,974
113000176,1037,76,961
113000177,373,104,269
113000178,180,227,-47
113000179,488,89,399
113000180,899,2336,-1437
113000181,1801,1138,663
113000182,174,965,-791
113000183,417,944,-527
113000184,29,94,-65
113000189,316,913,-597
113000190,257,261,-4
113000192,388,8203,-7815
113000193,1622,4930,-3308
113000194,1372,7853,-6481
113000195,1299,5437,-4138
113000196,612,194,418
113000197,1383,5352,-3969
113000198,199,461,-262
113000199,2946,434,2512
113000201,197,816,-619
113000202,16156,1453,14703
113000203,61,228,-167
113000204,439,10103,-9664
113000205,37,14,23
113000206,2,71,-69
113000207,74,29,45
113000208,24,164,-140
113000209,7,19,-12
113000210,2,37,-35
113000211,92,479,-387
113000212,35,63,-28
113000213,21,95,-74
113000214,277,619,-342
113000234,447,824,-377
113000410,30,180,-150
113000411,1693,2409,-716
113000412,10099,1605,8494
113000413,1143,3353,-2210
113000414,5318,15665,-10347
113000415,2559,1526,1033
113000416,2330,2408,-78
113000417,1137,1409,-272
113000418,8507,4579,3928
113000419,2323,2026,297
113000420,3711,6655,-2944
113000421,7279,8181,-902
113000422,10779,11510,-731
113000423,1309,6645,-5336
113000424,2490,15440,-12950
113000425,56,126,-70
113000428,63,59,4
113000430,6,182,-176
113000432,4294,245,4049
113000433,91,1166,-1075
113000434,38,113,-75
113000435,34,122,-88
113000436,32,941,-909
113000437,2670,104,2566
113000438,824,71,753
113000439,37,62,-25
113000440,275,89,186
113000441,324,336,-12
113000442,619,29,590
113000443,591,136,455
113000444,888,53,835
113000445,144,119,25
113000446,164,209,-45
113000448,1523,669,854
113000449,368,1658,-1290
113000450,1472,4396,-2924
113000451,6310,1141,5169
113000452,96,1022,-926
113000453,56,1056,-1000
113000454,631,482,149
113000455,60,3414,-3354
113000456,2288,2380,-92
113000468,1094,88,1006
113000469,23,103,-80
113000470,1236,10,1226
113000471,31,621,-590
113000472,90,398,-308
113000474,2752,1120,1632
113000475,1904,1083,821
113000476,5580,3199,2381
113000477,7801,2999,4802
113000478,3567,3694,-127
113000479,450,172,278
113000483,0,0,0
113000484,0,0,0
113000485,0,0,0
113000486,0,0,0
113000487,0,0,0
113000488,0,0,0
113000489,0,0,0
113000490,0,0,0
113000491,0,0,0
113000492,0,0,0
113000493,0,0,0
113000495,728,133,595
113000496,322,162,160
113000499,0,0,0
113900001,344,5834,-5490
113900002,33,224,-191
113900003,648,969,-321
113900004,2257,731,1526
113900005,1195,1289,-94
113900006,16,361,-345
113900007,7,20,-13
113900008,6,0,6
113900009,17,0,17
113900010,9,0,9
113900011,46,0,46
113900012,485,649,-164
113900013,136,622,-486
113900014,1481,12,1469
113900015,0,40,-40
113900016,25,0,25
113900017,2,25,-23
113900018,113,278,-165
113900019,332,43,289
113900020,269,10,259
113900022,182,2,180
113900023,69,0,69
113900024,128,48,80
113900025,432,20,412
113900026,106,0,106
113900027,24,83,-59
113900028,29,194,-165
113900029,291,94,197
113900030,769,8,761
113900031,70,0,70
113900032,50,0,50
113900033,101,64,37
113900035,59,0,59
113900036,127,126,1
113900037,312,301,11
113900038,53,217,-164
113900039,411,22,389
113900040,8,23,-15
113900041,34,2,32
113900042,202,32,170
113900043,317,49,268
113900044,106,287,-181
113900045,120,0,120
113900046,155,1614,-1459
113900047,333,52,281
113900048,302,244,58
113900049,144,565,-421
113900050,379,609,-230
113900051,372,128,244
113900052,119,76,43
113900053,561,1237,-676
113900054,39,3,36
113900055,113,527,-414
113900056,141,51,90
113900057,4,44,-40
113900058,191,41,150
113900059,569,249,320
113900060,43,357,-314
113900061,838,121,717
113900062,151,14,137
113900063,282,21,261
113900064,44,27,17
113900065,978,24,954
113900066,1491,170,1321
113900067,548,437,111
113900068,438,1355,-917
113900069,47,32,15
113900070,129,252,-123
113900071,195,6,189
113900072,60,34,26
113900073,982,449,533
113900074,496,1115,-619
113900075,1408,3989,-2581
113900076,179,48,131
113900077,65,41,24
113900078,70,2,68
113900079,0,25,-25
113900080,758,222,536
113900081,186,80,106
113900082,394,375,19
113900083,810,103,707
113900084,246,129,117
113900085,29,128,-99
113900086,157,37,120
113900087,115,68,47
113900088,202,135,67
113900089,609,43,566
113900090,586,305,281
113900091,4,6,-2
113900092,20,113,-93
113900093,74,2785,-2711
113900094,1251,405,846
113900095,156,304,-148
113900096,521,123,398
113900097,61,256,-195
113900098,1135,332,803
113900099,0,18,-18
113900100,0,3,-3
113900101,7,119,-112
113900102,103,211,-108
113900103,226,666,-440
113900104,258,487,-229
113900105,658,35,623
113900106,2,15,-13
113900107,0,4,-4
113900108,78,385,-307
113900109,256,405,-149
113900110,23,38,-15
113900111,353,34,319
113900112,406,41,365
113900113,1738,500,1238
113900114,0,7,-7
113900115,0,3,-3
113900116,18,300,-282
113900117,23,64,-41
113900118,90,1355,-1265
113900119,75,346,-271
113900120,177,80,97
113900121,239,72,167
113900122,520,5934,-5414
113900123,779,206,573
113900124,1,118,-117
113900125,1607,266,1341
113900126,60,66,-6
113900127,436,889,-453
113900128,485,96,389
113900129,5,317,-312
113900130,0,89,-89
113900131,371,50,321
113900132,87,118,-31
113900133,13,45,-32
113900135,545,706,-161
113900136,88,25,63
113900137,460,367,93
113900138,15,169,-154
113900139,498,550,-52
113900140,29,232,-203
113900141,1111,193,918
113900142,135,29,106
113900143,23,65,-42
113900144,59,319,-260
113900145,509,247,262
113900146,444,67,377
113900148,44,433,-389
113900149,233,360,-127
113900150,288,155,133
113900151,516,171,345
113900152,60,145,-85
113900153,48,353,-305
113900154,1,146,-145
113900155,53,242,-189
113900156,515,196,319
113900157,82,722,-640
113900158,54,378,-324
113900159,4,196,-192
113900160,497,495,2
113900161,167,389,-222
113900162,131,544,-413
113900163,274,134,140
113900164,625,39,586
113900165,478,544,-66
113900166,38,65,-27
113900167,495,29,466
113900168,36,48,-12
113900169,303,242,61
113900171,377,51,326
113900172,4,146,-142
113900173,13,225,-212
113900174,685,489,196
113900175,314,153,161
113900176,326,236,90
113900177,265,156,109
113900178,347,316,31
113900179,9,254,-245
113900180,175,100,75
113900181,1552,207,1345
113900182,751,467,284
113900183,88,41,47
113900184,35,399,-364
113900185,107,42,65
113900186,34,7,27
113900187,32,74,-42
113900188,18,119,-101
113900189,527,271,256
113900190,145,110,35
113900191,67,86,-19
113900192,1,838,-837
113900193,14,166,-152
113900194,1392,437,955
113900195,343,178,165
113900196,2,155,-153
113900197,1,66,-65
113900198,6,995,-989
113900199,36,284,-248
113900200,5,102,-97
113900201,0,79,-79
113900202,31,66,-35
113900203,0,32,-32
113900204,8,317,-309
113900205,1,39,-38
113900206,4,81,-77
113900207,0,24,-24
113900208,0,13,-13
113900209,0,22,-22
113900210,1379,876,503
113900211,196,54,142
113900212,548,327,221
113900214,238,458,-220
113900215,281,186,95
113900216,251,284,-33
113900217,214,74,140
113900218,106,92,14
113900219,180,963,-783
113900220,133,261,-128
113900221,206,722,-516
113900222,181,1179,-998
113900223,462,200,262
113900224,95,47,48
113900225,1166,106,1060
113900226,454,120,334
113900227,274,491,-217
113900228,141,835,-694
113900229,53,1849,-1796
113900230,2152,4286,-2134
113900231,166,89,77
113900232,206,31,175
113900233,147,55,92
113900234,565,574,-9
113900235,179,40,139
113900236,372,98,274
113900237,346,30,316
113900238,149,947,-798
113900239,101,161,-60
113900240,2,232,-230
113900241,32,150,-118
113900242,33,331,-298
113900243,32,146,-114
113900244,108,151,-43
113900245,504,364,140
113900246,43,21,22
113900247,87,723,-636
113900248,2345,2603,-258
113900249,302,750,-448
113900250,25,1096,-1071
113900251,1544,67,1477
113900252,1478,28,1450
113900253,1078,47,1031
113900254,728,204,524
113900255,1403,9,1394
113900256,867,24,843
113900257,52,359,-307
113900258,31,215,-184
113900259,1322,56,1266
113900260,480,10,470
113900261,61,63,-2
113900262,271,203,68
113900263,9,232,-223
113900264,0,217,-217
113900265,150,470,-320
113900266,18,168,-150
113900267,50,945,-895
113900268,276,526,-250
113900269,258,154,104
113900270,296,412,-116
113900271,730,389,341
113900273,7,20,-13
113900274,80,113,-33
113900275,10,232,-222
113900276,8,89,-81
113900277,409,5,404
113900278,117,216,-99
113900279,56,30,26
113900280,1135,706,429
113900281,160,1229,-1069
113900282,192,293,-101
113900283,517,692,-175
113900284,1831,165,1666
113900285,96,9,87
113900286,16,42,-26
113900287,239,20,219
113900288,0,178,-178
113900289,248,183,65
113900290,832,996,-164
113900291,86,65,21
113900292,3,7,-4
113900293,3,463,-460
113900294,1372,25,1347
113900295,525,309,216
113900296,2670,363,2307
113900297,2551,36,2515
113900298,58,2420,-2362
113900299,241,40,201
113900300,5279,6186,-907
113900301,504,1284,-780
113900302,1342,1279,63
113900303,159,2116,-1957
113900304,1,190,-189
113900305,343,1,342
113900306,213,2,211
113900307,2,0,2
113900308,52,91,-39
113900309,1,343,-342
113900310,0,11,-11
113900311,22,0,22
113900312,228,299,-71
113900313,8,1,7
113900314,810,925,-115
113900315,5523,527,4996
114000001,1181,1662,-481
114000002,642,215,427
114000003,516,468,48
114000004,1019,485,534
114000005,693,167,526
114000006,1665,1439,226
114000007,1006,945,61
114000008,2179,1970,209
114000009,2001,395,1606
114000011,4031,2157,1874
114000012,6406,1813,4593
114000013,3125,1544,1581
114000014,925,206,719
114000015,3262,146,3116
114000016,581,71,510
114000017,156,1327,-1171
114000018,93,81,12
114000026,4242,1624,2618
114000027,4942,3549,1393
114000028,2658,5774,-3116
114000038,451,198,253
114000039,81,81,0
114000040,218,598,-380
114000042,314,251,63
114000043,132,134,-2
114000044,605,48,557
114000045,28,42,-14
114000046,1925,4480,-2555
114000047,26,204,-178
114000048,144,55,89
114000049,2475,1584,891
114000050,2654,1982,672
114000051,4357,2565,1792
114000052,4448,3693,755
114000053,36,796,-760
114000054,262,1000,-738
114000055,705,150,555
114000056,120,1237,-1117
114000057,4169,1670,2499
114000058,68,1558,-1490
114000059,50,1818,-1768
114000060,697,1162,-465
114000061,3005,4408,-1403
114000062,336,1241,-905
114000063,1138,1187,-49
114000064,1646,6260,-4614
114000065,1260,2021,-761
114000066,865,1186,-321
114000067,28,1764,-1736
114000068,414,1263,-849
114000069,1061,587,474
114000070,3761,1858,1903
114000071,1261,1034,227
114000072,1069,220,849
114000073,26,21,5
114000074,115,24,91
114000075,114,84,30
114000076,20,55,-35
114000077,4,22,-18
114000078,655,530,125
114000079,490,53,437
114000080,64,104,-40
114000081,112,111,1
114000082,61,301,-240
114000083,155,42,113
114000084,253,134,119
114000085,83,302,-219
114000086,273,264,9
114000087,355,62,293
114000088,49,39,10
114000089,488,185,303
114000090,1166,1734,-568
114000091,1138,1191,-53
114000092,535,570,-35
114000093,1808,648,1160
114000094,827,467,360
114000095,350,235,115
114000096,66,277,-211
114000097,146,210,-64
114000098,780,190,590
114000099,1567,177,1390
114000100,2126,415,1711
114000101,644,252,392
114000102,1139,414,725
114000103,122,138,-16
114000104,36,152,-116
114000105,420,202,218
114000106,805,3426,-2621
114000107,727,191,536
114000108,1483,768,715
114000109,1300,5789,-4489
114000110,621,911,-290
114000111,3659,2207,1452
114000112,440,1183,-743
114000113,3136,443,2693
114000114,366,1024,-658
114000115,4095,727,3368
114000116,1479,8301,-6822
114000117,7412,1071,6341
114000118,6811,562,6249
114000119,5233,551,4682
114000120,998,915,83
114000121,957,719,238
114000122,598,573,25
114000123,3935,652,3283
114000124,2639,699,1940
114000125,1575,1531,44
114000126,3057,361,2696
114000127,248,124,124
114000128,1548,268,1280
114000130,1086,644,442
114000131,711,143,568
114000132,784,254,530
114000133,556,1120,-564
114000134,148,48,100
114000138,64,88,-24
114000139,572,837,-265
114000144,879,968,-89
114000145,82,21,61
114000146,174,38,136
114000147,1558,3461,-1903
114000148,991,2855,-1864
114000149,491,585,-94
114000150,381,1063,-682
114000151,1044,4925,-3881
114000152,101,47,54
114000153,704,3757,-3053
114000154,617,1152,-535
114000155,1197,5868,-4671
114000156,892,1272,-380
114000157,514,2890,-2376
114000158,1498,761,737
114000159,156,553,-397
114000160,116,1171,-1055
114000161,1275,2535,-1260
114000162,1923,3165,-1242
114000163,31,39,-8
114000165,636,626,10
114000166,467,617,-150
114000167,2970,1373,1597
114000168,629,220,409
114000169,1428,1251,177
114000170,1603,1180,423
114000171,2094,22144,-20050
114000174,265,323,-58
114000176,259,576,-317
114000177,673,391,282
114000178,104,49,55
114000179,1240,1722,-482
114000180,227,221,6
114000181,1575,12326,-10751
114000182,1209,2837,-1628
114000183,1175,731,444
114000184,3461,687,2774
114000185,1894,1109,785
114000189,2580,152,2428
114000190,5553,453,5100
114000191,116,620,-504
114000192,207,836,-629
114000193,203,1080,-877
114000194,2376,1049,1327
114000195,361,347,14
114000196,3,146,-143
114000197,3644,78,3566
114000198,798,404,394
114000199,1520,1532,-12
114000200,848,1230,-382
114000201,277,1227,-950
114000202,1275,974,301
114000203,1262,1034,228
114000204,108,690,-582
114000205,413,1468,-1055
114000206,935,2174,-1239
114000207,622,1576,-954
114000208,584,1358,-774
114000209,509,1781,-1272
114000210,248,790,-542
114000211,1803,1773,30
114000212,888,1698,-810
114000213,2262,414,1848
114000214,67,144,-77
114000215,195,193,2
114000216,2933,414,2519
114000217,553,209,344
114000218,711,225,486
114000219,2859,167,2692
114000220,42,955,-913
114000221,2024,250,1774
114000222,247,934,-687
114000223,1183,159,1024
114000224,89,504,-415
114000225,605,293,312
114000226,306,221,85
114000227,1217,627,590
114000228,1489,682,807
114000229,2714,1571,1143
114000230,2241,1129,1112
114000231,1402,1862,-460
114000232,1887,255,1632
114000233,4006,58,3948
114000234,2151,1017,1134
114000235,2405,1938,467
114000236,0,536,-536
114000237,315,777,-462
114000238,228,657,-429
114000239,207,1094,-887
114000240,1225,2333,-1108
114000241,530,1803,-1273
114000242,909,1068,-159
114000243,4000,1359,2641
114000244,1050,551,499
114000245,829,1391,-562
114000246,211,73,138
114000247,766,970,-204
114000248,3256,730,2526
114000249,777,721,56
114000250,1153,331,822
114000251,524,348,176
114000252,87,23,64
114000253,34,93,-59
114000254,76,46,30
114000255,887,322,565
114000256,374,2382,-2008
114000257,1487,1287,200
114000258,829,726,103
114000259,245,1741,-1496
114000260,0,30,-30
114000261,56,46,10
114000262,429,161,268
114000263,39,0,39
114000264,2294,536,1758
114000265,0,0,0
114000267,5,4210,-4205
114000268,1,791,-790
114000270,599,27,572
114000271,441,171,270
114000283,2735,447,2288
114000285,45,77,-32
114000288,327,642,-315
114000289,2745,183,2562
114000293,409,724,-315
114000294,518,472,46
114000395,2650,23,2627
114000396,793,710,83
114000402,1851,306,1545
114000403,600,215,385
114000405,502,303,199
114000423,707,186,521
114000424,668,700,-32
114000425,1858,151,1707
114000426,436,1261,-825
114000427,142,58,84
114000428,51,172,-121
114000429,5,165,-160
114000432,288,127,161
114000434,41,42,-1
114000435,0,81,-81
114900001,1069,236,833
114900002,412,102,310
114900003,1239,287,952
114900004,333,693,-360
114900005,788,237,551
114900006,124,85,39
114900007,242,8,234
114900008,643,118,525
114900010,1020,2677,-1657
114900011,618,141,477
114900013,389,219,170
114900015,48,780,-732
114900018,2595,48,2547
114900020,145,79,66
114900022,8,830,-822
114900024,68,71,-3
114900025,767,101,666
114900026,215,87,128
114900027,78,68,10
114900029,263,32,231
114900030,413,196,217
114900031,1134,55,1079
114900032,788,25,763
114900033,326,1494,-1168
114900034,31,27,4
114900035,143,445,-302
114900036,326,294,32
114900037,50,24,26
114900038,206,146,60
114900039,1047,112,935
114900040,241,29,212
114900041,1840,172,1668
114900042,2444,164,2280
114900043,196,80,116
114900044,235,66,169
114900046,19,5,14
114900047,241,5399,-5158
114900048,17,148,-131
114900049,23,87,-64
114900050,149,84,65
114900051,31,158,-127
114900052,17,248,-231
114900053,51,237,-186
114900054,30,47,-17
114900057,261,26,235
114900058,0,32,-32
114900059,221,90,131
114900060,104,329,-225
114900061,34,19,15
114900062,53,170,-117
114900063,108,37,71
114900064,2936,179,2757
114900065,317,1465,-1148
114900067,24,330,-306
114900068,14,91,-77
114900069,219,26,193
114900070,892,181,711
114900072,1,198,-197
114900073,1,73,-72
114900074,1633,236,1397
114900075,268,20,248
114900076,1,114,-113
114900080,824,149,675
114900082,2117,3628,-1511
114900083,289,706,-417
114900090,960,166,794
114900091,73,97,-24
114900095,157,63,94
114900096,71,179,-108
114900097,235,4,231
114900098,2,329,-327
114900099,389,23,366
115000001,6186,3784,2402
115000002,7164,8632,-1468
115000003,5226,3076,2150
115000004,7027,9536,-2509
115000005,2953,3943,-990
115000006,2644,3197,-553
115000007,1097,464,633
115000008,833,1781,-948
115000009,1048,678,370
115000010,461,583,-122
115000013,36,197,-161
115000015,54,483,-429
115000016,45,369,-324
115000019,44,837,-793
115000020,350,1409,-1059
115000021,291,506,-215
115000022,472,220,252
115000023,611,499,112
115000024,707,243,464
115000025,1319,699,620
115000026,245,204,41
115000027,731,296,435
115000028,149,397,-248
115000029,1599,90,1509
115000030,515,790,-275
115000031,918,183,735
115000032,12,236,-224
115000033,283,11,272
115000034,130,1309,-1179
115000035,1147,190,957
115000036,1,420,-419
115000037,839,64,775
115000038,65,214,-149
115000039,3988,6438,-2450
115000040,5448,3551,1897
115000041,3260,7686,-4426
115000042,719,947,-228
115000043,5380,3943,1437
115000044,3706,3963,-257
115000045,4338,1462,2876
115000046,5361,4322,1039
115000047,4893,2692,2201
115000048,4376,2709,1667
115000049,1939,4593,-2654
115000050,5100,1839,3261
115000051,2820,8490,-5670
115000052,1684,1097,587
115000053,4270,4202,68
115000054,602,1178,-576
115000055,182,1708,-1526
115000056,170,458,-288
115000057,839,2635,-1796
115000058,75,729,-654
115000059,160,487,-327
115000061,225,458,-233
115000062,454,666,-212
115000063,879,615,264
115000064,431,172,259
115000065,135,664,-529
115000067,689,48,641
115000069,149,321,-172
115000070,42,1598,-1556
115000071,120,41,79
115000072,32,103,-71
115000073,2311,96,2215
115000075,148,72,76
115000076,2861,2532,329
115000077,3103,1527,1576
115000078,3041,1113,1928
115000079,2980,1329,1651
115000080,6463,1447,5016
115000081,439,415,24
115000082,10189,7717,2472
115000083,3329,1127,2202
115000084,4703,1101,3602
115000085,2100,1010,1090
115000086,2140,1282,858
115000087,722,2526,-1804
115000088,2086,1047,1039
115000089,2217,1393,824
115000090,579,1128,-549
115000091,481,535,-54
115000092,1579,1755,-176
115000093,1082,7,1075
115000094,5893,12422,-6529
115000095,4674,13257,-8583
115000096,1944,964,980
115000097,3667,2793,874
115000098,3141,602,2539
115000099,4141,1728,2413
115000100,3175,377,2798
115000101,1003,1241,-238
115000102,806,223,583
115000103,576,485,91
115000105,183,158,25
115000106,1949,991,958
115000107,310,330,-20
115000108,2625,2053,572
115000109,4351,7006,-2655
115000110,1872,2730,-858
115000111,514,939,-425
115000112,940,760,180
115000113,533,510,23
115000114,999,452,547
115000116,2929,1942,987
115000117,2115,3003,-888
115000118,2827,2298,529
115000119,1959,2431,-472
115000120,789,1634,-845
115000121,733,718,15
115000122,776,2142,-1366
115000123,1993,2439,-446
115000124,1294,2018,-724
115000125,612,2766,-2154
115000126,181,862,-681
115000127,618,270,348
115000128,505,1704,-1199
115000129,316,1056,-740
115000130,705,661,44
115000131,1108,347,761
115000132,704,455,249
115000133,1435,271,1164
115000134,406,706,-300
115000135,220,207,13
115000136,437,581,-144
115000137,93,401,-308
115000138,417,290,127
115000139,451,310,141
115000140,811,293,518
115000141,388,82,306
115000142,524,102,422
115000143,1544,1515,29
115000144,717,101,616
115000145,503,320,183
115000146,789,1469,-680
115000147,551,938,-387
115000148,532,1039,-507
115000149,1124,354,770
115000150,931,694,237
115000151,2389,425,1964
115000152,1162,1612,-450
115000153,2522,577,1945
115000154,1753,249,1504
115000155,985,2055,-1070
115000156,1160,1361,-201
115000157,463,3040,-2577
115000158,230,993,-763
115000159,821,1376,-555
115000160,656,634,22
115000161,164,564,-400
115000162,622,1570,-948
115000163,782,835,-53
115000164,607,1292,-685
115000165,209,1019,-810
115000167,157,404,-247
115000168,629,1316,-687
115000169,268,1814,-1546
115000170,77,327,-250
115000171,343,892,-549
115000172,1184,1192,-8
115000173,614,1607,-993
115000174,85,1021,-936
115000175,214,316,-102
115000176,68,178,-110
115000177,26,307,-281
115000178,14,206,-192
115000179,27,114,-87
115000180,156,380,-224
115000181,1325,170,1155
115000182,2363,389,1974
115000183,618,803,-185
115000186,1068,168,900
115000187,189,500,-311
115000188,885,589,296
115000189,470,372,98
115000190,1195,830,365
115000191,424,695,-271
115000194,122,142,-20
115000195,229,588,-359
115000196,515,126,389
115000197,609,159,450
115000198,1037,211,826
115000199,1004,205,799
115000200,761,325,436
115000201,379,259,120
115000206,655,24,631
115000207,548,660,-112
115000208,613,1487,-874
115000209,1242,696,546
115000210,300,369,-69
115000211,636,310,326
115000212,2028,502,1526
115000224,245,126,119
115000225,180,67,113
115000229,332,66,266
115000230,173,436,-263
115000231,493,1504,-1011
115000232,5013,501,4512
115000233,133,382,-249
115000234,20,503,-483
115000241,242,475,-233
115000242,404,44,360
115000243,324,103,221
115000244,16,605,-589
115000246,124,33,91
115000247,49,69,-20
115000248,153,42,111
115000249,30,13,17
115000250,340,45,295
115000251,775,156,619
115000252,307,481,-174
115000253,27,863,-836
115000258,924,98,826
115000259,669,233,436
115000261,69,44,25
115000262,14,73,-59
115000263,18,51,-33
115000264,21,20,1
115000267,56,81,-25
115000268,73,104,-31
115000269,124,33,91
115000270,15,15,0
115000272,87,74,13
115000273,886,40,846
115000280,1514,410,1104
115000281,247,918,-671
115000282,637,1294,-657
115000284,159,462,-303
115000296,526,11,515
115000297,118,484,-366
115000298,61,801,-740
115000300,214,161,53
115000302,1285,156,1129
115000303,2119,91,2028
115000304,1673,145,1528
115000305,91,520,-429
115000306,370,282,88
115000307,263,288,-25
115000308,46,43,3
115000309,49,125,-76
115000310,3303,714,2589
115000311,2289,1313,976
115000313,251,465,-214
115000314,1112,425,687
115000315,1730,1667,63
115000316,239,224,15
115000317,367,679,-312
115000318,1370,594,776
115000319,155,189,-34
115000320,38,578,-540
115000321,563,23,540
115000322,100,138,-38
115000449,181,293,-112
115000557,3,3903,-3900
115000558,195,487,-292
115000587,1365,368,997
115000588,2937,3920,-983
115000589,7482,4841,2641
115000590,1243,2652,-1409
115000591,1878,1572,306
115000592,590,2631,-2041
115000593,2231,1773,458
115000594,336,3946,-3610
115000609,519,406,113
115000617,646,3305,-2659
115000624,632,67,565
115000633,404,1647,-1243
115000634,4856,1043,3813
115000635,1144,216,928
115000638,475,342,133
115000641,56,711,-655
115000642,363,246,117
115000643,80,356,-276
115000644,205,312,-107
115000646,727,1620,-893
115000647,217,761,-544
115000648,5579,1018,4561
115000893,3240,1625,1615
115000894,126,1077,-951
115000895,409,2003,-1594
115000896,2059,1073,986
115000897,544,235,309
115000898,620,503,117
115000899,272,2089,-1817
115000900,75,1211,-1136
115000901,82,268,-186
115000912,776,92,684
115000913,4,15,-11
115000915,26,2,24
115000916,0,0,0
115000917,0,37,-37
115000918,65,940,-875
115000919,13,90,-77
115000920,7,166,-159
115000921,533,179,354
115000922,655,1894,-1239
115000923,80,3803,-3723
115000925,224,189,35
115000927,105,95,10
115000933,62,1059,-997
115000934,88,177,-89
115000935,284,115,169
115000936,142,1789,-1647
115000937,2295,802,1493
115000938,80,462,-382
115000939,41,303,-262
115000940,0,93,-93
115000941,2,151,-149
115000942,9,289,-280
115000943,4,480,-476
115000944,1,9,-8
115900001,467,26,441
115900002,165,131,34
115900003,341,109,232
115900004,1,33,-32
115900005,410,16,394
115900006,191,239,-48
115900008,264,2,262
115900009,62,566,-504
115900010,814,132,682
115900011,507,362,145
115900012,519,19,500
115900013,418,176,242
115900014,257,185,72
115900015,406,40,366
115900016,226,92,134
115900017,83,16,67
115900018,255,39,216
115900019,70,25,45
115900020,156,1,155
115900021,856,597,259
115900022,1284,3,1281
115900023,5,17,-12
115900025,48,288,-240
115900026,752,170,582
115900027,0,245,-245
115900028,275,31,244
115900029,24,143,-119
115900030,37,40,-3
115900031,87,432,-345
115900032,432,1080,-648
115900033,0,93,-93
115900034,15,146,-131
115900035,74,35,39
115900036,59,5453,-5394
115900037,35,178,-143
115900038,114,28,86
115900039,364,93,271
115900041,137,1679,-1542
115900042,97,4,93
115900043,224,42,182
115900044,187,676,-489
115900046,1399,138,1261
115900047,86,325,-239
115900049,270,170,100
115900051,7,56,-49
115900052,38,89,-51
115900053,628,66,562
115900054,636,18,618
115900055,42,43,-1
115900056,385,106,279
115900057,22,27,-5
115900058,8,37,-29
115900060,107,151,-44
115900061,610,4,606
115900062,88,78,10
115900063,65,3,62
115900064,418,439,-21
115900065,290,98,192
115900066,53,72,-19
115900067,23,87,-64
115900068,1049,2407,-1358
115900069,47,242,-195
115900070,388,37,351
115900071,1,131,-130
115900072,28,106,-78
115900073,349,175,174
115900074,2,92,-90
115900075,61,233,-172
115900076,24,32,-8
115900077,4,58,-54
115900078,84,389,-305
115900079,651,13,638
115900080,237,84,153
115900081,89,14,75
115900082,184,894,-710
115900084,1055,13,1042
115900085,43,124,-81
115900086,1621,558,1063
115900088,4,112,-108
115900089,836,269,567
115900090,1070,24,1046
115900091,5,35,-30
115900092,123,44,79
115900093,10,24,-14
115900094,3,33,-30
115900096,8,1,7
115900097,40,75,-35
115900098,784,229,555
115900099,116,483,-367
115900100,40,260,-220
115900101,654,119,535
115900102,197,238,-41
115900103,545,92,453
115900104,127,129,-2
115900105,370,249,121
115900106,183,1,182
115900107,147,69,78
115900108,340,19,321
115900109,8,288,-280
115900110,61,6,55
115900111,0,50,-50
115900112,54,545,-491
115900113,141,71,70
115900114,18,57,-39
115900115,123,123,0
115900116,169,505,-336
115900117,228,23,205
115900118,4,57,-53
115900119,199,121,78
115900120,69,240,-171
115900121,454,161,293
115900124,322,1406,-1084
115900125,1144,178,966
115900126,1487,56,1431
115900127,1685,70,1615
115900128,2,301,-299
115900129,855,40,815
115900130,18,1445,-1427
115900131,610,43,567
115900132,1278,8,1270
115900134,567,19,548
115900135,1554,996,558
115900137,19,18,1
115900139,23,141,-118
115900140,654,48,606
115900141,1,109,-108
115900142,15,85,-70
115900143,496,383,113
115900144,454,217,237
115900146,17,119,-102
115900147,369,547,-178
115900148,43,55,-12
115900149,440,16,424
115900150,136,11,125
115900151,231,131,100
115900152,386,213,173
115900153,402,93,309
115900154,544,609,-65
115900155,0,32,-32
115900156,1239,1154,85
115900157,610,914,-304
115900158,12,8,4
115900159,442,337,105
115900160,2,3,-1
115900161,34,131,-97
115900163,500,142,358
115900164,1600,19,1581
115900166,150,133,17
115900168,533,187,346
115900171,158,291,-133
115900172,85,299,-214
115900173,390,186,204
115900174,196,466,-270
115900175,333,124,209
115900178,22,123,-101
115900179,654,25,629
115900180,287,91,196
115900181,629,99,530
115900182,1233,42,1191
115900183,15,181,-166
115900184,684,40,644
115900187,27,441,-414
115900189,2,222,-220
115900190,220,1998,-1778
115900191,22,256,-234
115900192,64,178,-114
115900193,221,192,29
115900194,1841,134,1707
115900195,687,5197,-4510
115900198,432,283,149
115900199,590,38,552
115900200,470,127,343
115900201,196,444,-248
115900202,1,283,-282
115900203,0,11,-11
115900204,1,13,-12
115900205,55,17,38
115900206,740,184,556
115900207,126,4,122
115900208,265,74,191
115900209,5,115,-110
115900210,2,273,-271
115900211,0,201,-201
115900212,394,205,189
115900213,103,248,-145
115900214,1190,71,1119
115900215,17,346,-329
115900216,5,55,-50
115900217,6,20,-14
115900218,4,16,-12
115900219,356,3,353
115900220,546,9,537
115900221,188,15,173
115900222,74,56,18
115900223,7,750,-743
115900224,898,3163,-2265
115900225,149,53,96
115900226,41,81,-40
115900227,27,119,-92
115900228,26,89,-63
115900229,10,68,-58
115900230,127,60,67
115900231,215,12,203
115900232,237,4,233
115900233,208,0,208
115900234,138,50,88
115900235,98,110,-12
115900236,34,431,-397
115900237,24,32,-8
115900238,24,59,-35
115900239,26,98,-72
115900240,39,63,-24
115900241,522,33,489
115900242,690,866,-176
115900243,32,28,4
115900244,17,25,-8
115900245,154,20,134
115900246,7,3,4
115900247,16,7,9
115900248,4,3,1
115900249,16,6,10
115900250,50,16,34
115900251,25,5,20
115900252,18,1,17
115900253,75,6,69
115900254,25,33,-8
115900255,1,134,-133
115900256,140,158,-18
115900257,7,126,-119
115900258,0,8,-8
115900259,2,9,-7
115900260,33,6,27
115900261,2,1,1
115900262,0,0,0
115900263,6,2,4
115900264,28,1,27
115900265,21,10,11
115900266,6,7,-1
115900267,1,10,-9
115900268,0,27,-27
115900269,1693,252,1441
115900270,697,120,577
115900271,407,0,407
115900272,73,7,66
115900273,9,57,-48
115900274,2,6,-4
115900275,0,13,-13
115900276,0,2,-2
115900277,0,23,-23
115900278,87,72,15
115900279,46,356,-310
115900280,48,1416,-1368
115900281,259,588,-329
115900282,124,81,43
115900283,50,2,48
115900284,21,9,12
116000001,10309,2551,7758
116000002,8901,22409,-13508
116000003,1769,2131,-362
116000004,6451,8984,-2533
116000005,1191,5849,-4658
116000006,5594,9606,-4012
116000007,2112,3347,-1235
116000008,8886,4423,4463
116000009,1103,1153,-50
116000010,5545,2380,3165
116000011,904,1064,-160
116000012,3886,1931,1955
116000013,5866,8688,-2822
116000014,18352,38866,-20514
116000015,371,3393,-3022
116000016,7446,8885,-1439
116000017,88,945,-857
116000018,671,736,-65
116000019,2872,452,2420
116000020,1038,2183,-1145
116000021,1888,376,1512
116000022,1216,623,593
116000023,2981,2230,751
116000024,1181,1354,-173
116000025,1654,1558,96
116000026,1587,7497,-5910
116000027,531,1472,-941
116000028,606,1332,-726
116000029,475,500,-25
116000030,821,978,-157
116000031,45,283,-238
116000032,600,147,453
116000033,1114,871,243
116000034,898,1183,-285
116000035,1183,451,732
116000036,420,4490,-4070
116000037,212,770,-558
116000038,59,2119,-2060
116000039,348,1958,-1610
116000040,699,2698,-1999
116000041,141,1606,-1465
116000042,1657,1711,-54
116000043,249,535,-286
116000044,18,34,-16
116000045,1502,2025,-523
116000046,1099,2922,-1823
116000047,3352,4631,-1279
116000048,5099,1388,3711
116000049,2606,3360,-754
116000050,2379,1626,753
116000051,4350,4396,-46
116000052,4389,3965,424
116000053,3793,1288,2505
116000054,1780,3643,-1863
116000055,1674,1651,23
116000056,2445,1554,891
116000057,4261,1493,2768
116000058,8899,5199,3700
116000059,3571,6287,-2716
116000060,4399,2413,1986
116000061,910,1664,-754
116000062,884,784,100
116000063,838,2939,-2101
116000066,788,922,-134
116000067,662,598,64
116000068,261,510,-249
116000069,628,312,316
116000078,891,974,-83
116000080,2587,557,2030
116000082,23,25,-2
116000083,3497,470,3027
116000084,1572,1969,-397
116000085,2587,2924,-337
116000086,1141,856,285
116000087,4390,2101,2289
116000088,2410,996,1414
116000089,188,75,113
116000090,328,279,49
116000091,166,1146,-980
116000093,863,255,608
116000094,1629,575,1054
116000095,1120,680,440
116000096,3463,4648,-1185
116000097,1454,673,781
116000098,151,19851,-19700
116000099,9139,764,8375
116000100,528,31,497
116000101,2361,1149,1212
116000102,303,718,-415
116000103,836,453,383
116000104,263,1475,-1212
116000105,2858,160,2698
116000106,515,4203,-3688
116000107,4612,1058,3554
116000108,44,1726,-1682
116000111,249,35,214
116000113,167,79,88
116000114,24,116,-92
116000115,523,138,385
116000116,364,149,215
116000117,1770,1714,56
116000118,3243,1090,2153
116000119,4418,1813,2605
116000120,3691,2385,1306
116000121,1262,695,567
116000122,932,794,138
116000123,1684,678,1006
116000124,715,383,332
116000125,5384,559,4825
116000126,610,493,117
116000127,1269,559,710
116000128,3336,985,2351
116000129,2310,133,2177
116000130,1750,917,833
116000133,3029,1222,1807
116000134,1976,1147,829
116000135,3923,1608,2315
116000136,1303,1624,-321
116000137,1689,994,695
116000138,2245,982,1263
116000139,3190,7976,-4786
116000140,277,608,-331
116000141,857,528,329
116000142,4406,2129,2277
116000143,3660,1439,2221
116000144,3291,2442,849
116000145,3834,1173,2661
116000146,1761,209,1552
116000147,521,723,-202
116000148,1952,2585,-633
116000149,1341,1625,-284
116000151,930,1297,-367
116000153,285,521,-236
116000155,428,820,-392
116000156,1411,529,882
116000157,167,8,159
116000158,862,169,693
116000159,6,9,-3
116000160,103,56,47
116000161,5,173,-168
116000162,225,529,-304
116000163,173,63,110
116000164,67,140,-73
116000177,184,1377,-1193
116000194,85,543,-458
116000195,2213,878,1335
116000196,0,0,0
116000197,60,26,34
116000198,2713,1618,1095
116000200,1346,1252,94
116000201,883,978,-95
116000202,12,276,-264
116000203,1,29,-28
116000204,8,16,-8
116000205,0,126,-126
116000206,1,285,-284
116000207,9,229,-220
116000233,249,746,-497
116000287,651,177,474
116000288,542,247,295
116000292,0,0,0
116000296,29,73,-44
116000297,222,15,207
116000304,271,51,220
116000305,49,149,-100
116000346,246,161,85
116000352,220,156,64
116000354,87,79,8
116000357,79,33,46
116000358,894,228,666
116000361,286,2,284
116000372,5318,13394,-8076
116000381,234,3,231
116000388,1,45,-44
116000389,1346,445,901
116000445,1793,284,1509
116000446,1095,286,809
116000447,39,899,-860
116000448,805,113,692
116000563,892,1159,-267
116000565,43,285,-242
116000568,125,905,-780
116000579,23,142,-119
116000583,196,79,117
116000584,67,6,61
116000585,228,69,159
116000586,80,186,-106
116000587,477,464,13
116000589,148,97,51
116000590,407,233,174
116000591,436,294,142
116000592,31,25,6
116000593,1,25,-24
116000594,2461,154,2307
116000595,1449,72,1377
116000596,267,6,261
116000597,1148,454,694
116000598,41,115,-74
116000605,255,190,65
116000606,53,1337,-1284
116000607,78,157,-79
116000609,73,2332,-2259
116000611,445,202,243
116000612,3233,2299,934
116000613,944,418,526
116000614,918,341,577
116000615,2,939,-937
116000616,140,100,40
116000617,305,33,272
116000618,9,99,-90
116000619,37,115,-78
116000620,523,131,392
116000621,142,94,48
116000622,228,110,118
116000624,148,414,-266
116000627,204,90,114
116000628,117,394,-277
116000629,69,295,-226
116000630,2269,20,2249
116000631,1616,47,1569
116000632,2167,43,2124
116000633,538,198,340
116000634,798,112,686
116000635,3619,7004,-3385
116000636,835,3483,-2648
116000637,1365,37,1328
116000638,257,241,16
116000639,29,12,17
116000640,69,123,-54
116000641,5,13,-8
116000643,0,19,-19
116000644,105,216,-111
116000645,39,1,38
116900001,802,150,652
116900002,473,17,456
116900003,64,10,54
116900004,94,182,-88
116900005,367,36,331
116900006,210,563,-353
116900007,356,505,-149
116900008,1505,113,1392
116900009,19,25,-6
116900010,4,851,-847
116900011,72,73,-1
116900012,478,652,-174
116900013,8,27,-19
116900014,314,26,288
116900016,420,6,414
116900017,0,412,-412
116900018,200,223,-23
116900019,3,149,-146
116900020,473,1403,-930
116900023,98,22,76
116900025,2562,551,2011
116900026,81,608,-527
116900027,107,80,27
116900028,19,28,-9
116900029,99,2404,-2305
116900031,0,3,-3
116900032,16,76,-60
116900033,62,11,51
116900034,23,49,-26
116900035,265,365,-100
116900036,10,255,-245
116900038,39,3,36
116900041,270,20,250
116900042,292,148,144
116900043,34,96,-62
116900047,60,464,-404
116900049,21,377,-356
116900050,49,356,-307
116900051,648,20,628
116900052,338,102,236
116900055,0,70,-70
116900057,26,165,-139
116900058,24,391,-367
116900059,0,41,-41
116900060,262,699,-437
116900062,3,77,-74
116900064,129,211,-82
116900065,9,173,-164
116900067,225,34,191
116900068,183,125,58
116900070,5,12,-7
116900072,61,83,-22
116900073,7,130,-123
116900074,0,30,-30
116900076,53,222,-169
116900077,65,43,22
116900078,145,47,98
116900079,64,177,-113
116900080,16,41,-25
116900081,231,897,-666
116900082,131,1291,-1160
116900083,7,6,1
116900084,82,88,-6
116900085,3,19,-16
116900086,43,306,-263
116900088,316,14,302
116900090,11,10,1
116900091,1039,56,983
116900092,153,347,-194
116900093,4788,1604,3184
116900094,5868,9866,-3998
116900095,538,929,-391
116900096,141,257,-116
116900097,1601,6557,-4956
116900098,1460,555,905
116900099,262,1446,-1184
116900100,1676,175,1501
116900101,256,1146,-890
116900103,56,1,55
116900104,18,546,-528
116900105,442,213,229
116900106,4433,77,4356
116900107,1381,5353,-3972
116900110,17,1,16
116900111,1435,284,1151
116900112,347,389,-42
116900113,1564,6251,-4687
116900116,56,1576,-1520
116900117,465,535,-70
116900118,2146,1005,1141
116900120,664,76,588
116900121,459,29,430
116900122,1794,403,1391
116900123,1408,317,1091
116900124,157,414,-257
116900125,759,70,689
116900126,112,1098,-986
116900128,0,95,-95
116900129,0,285,-285
116900130,2183,6717,-4534
116900131,91,260,-169
116900132,152,89,63
116900133,233,234,-1
116900134,389,445,-56
116900136,468,358,110
116900137,396,209,187
116900138,153,123,30
116900139,99,240,-141
116900140,192,105,87
116900141,525,158,367
116900142,2,294,-292
116900143,551,106,445
116900144,12,48,-36
116900145,96,281,-185
116900147,212,3124,-2912
116900148,69,26,43
116900149,47,402,-355
116900150,10,18,-8
116900151,154,65,89
116900153,185,161,24
116900154,253,1067,-814
116900155,143,163,-20
116900157,1589,58,1531
116900158,177,585,-408
116900159,168,786,-618
116900160,1233,1018,215
116900161,5842,16815,-10973
116900162,27,119,-92
116900163,554,42,512
116900164,169,65,104
116900165,1167,512,655
116900166,186,66,120
116900167,902,19,883
116900168,1209,25,1184
116900169,301,3460,-3159
116900170,1050,548,502
116900171,128,120,8
116900172,138,930,-792
116900173,651,6,645
116900174,105,294,-189
116900175,534,936,-402
116900178,107,135,-28
116900179,21,554,-533
116900180,80,11,69
116900182,1857,442,1415
116900183,428,205,223
116900185,18,44,-26
116900186,172,73,99
116900187,66,100,-34
116900188,127,13,114
116900189,0,0,0
116900191,179,346,-167
116900192,683,181,502
116900194,194,2612,-2418
116900195,106,19,87
116900196,33,9,24
116900197,252,13,239
116900198,31,490,-459
116900200,167,0,167
116900201,460,11,449
116900202,70,44,26
116900203,174,2,172
116900204,34,756,-722
116900206,23,1,22
116900207,26,185,-159
116900208,5,88,-83
116900209,22,34,-12
116900210,1142,646,496
116900211,347,10,337
116900212,149,14,135
116900213,482,112,370
116900214,593,422,171
116900215,124,29,95
116900216,526,484,42
116900218,177,756,-579
116900219,409,205,204
116900220,104,477,-373
116900221,346,365,-19
116900222,628,380,248
116900223,47,245,-198
116900226,279,22,257
116900227,517,30,487
116900228,581,278,303
116900230,146,279,-133
116900233,1761,207,1554
116900234,36,17,19
116900235,332,176,156
116900238,783,252,531
116900239,43,754,-711
116900240,5551,6118,-567
116900241,57,18,39
116900242,1187,2133,-946
116900243,0,30,-30
116900245,86,85,1
116900246,223,47,176
116900247,1356,85,1271
116900248,85,51,34
116900249,891,56,835
116900250,915,62,853
116900251,438,1925,-1487
116900252,394,1371,-977
116900254,104,201,-97
116900255,215,287,-72
116900256,1676,219,1457
116900257,98,931,-833
116900258,6,36,-30
116900259,445,26,419
116900260,1,24,-23
116900261,120,2,118
116900262,324,253,71
116900263,13,20,-7
116900264,25,38,-13
116900265,316,1,315
116900266,248,75,173
116900267,17,0,17
116900268,71,179,-108
116900269,663,2907,-2244
116900271,1139,1108,31
116900272,1049,611,438
116900273,58,1141,-1083
116900274,212,75,137
116900275,627,113,514
116900276,390,953,-563
116900277,52,17,35
116900278,2,4,-2
116900279,4,39,-35
116900280,286,99,187
116900281,4214,8671,-4457
116900282,3,60,-57
116900283,2,32,-30
116900284,16,127,-111
116900285,148,826,-678
116900286,59,5,54
116900287,3,27,-24
116900288,215,26,189
116900289,56,28,28
116900290,35,0,35
116900291,41,8,33
116900292,0,41,-41
116900293,119,1,118
116900294,20,193,-173
116900295,271,888,-617
116900296,65,583,-518
116900297,1,167,-166
116900298,82,239,-157
116900299,17,574,-557
116900300,1,116,-115
116900301,38,1039,-1001
116900302,7,344,-337
116900303,334,300,34
116900304,1,266,-265
116900305,78,89,-11
116900306,856,98,758
116900307,401,4,397
116900308,1,120,-119
116900309,954,87,867
117000001,4091,7244,-3153
117000002,2491,6971,-4480
117000003,9048,6854,2194
117000004,2741,10262,-7521
117000005,6702,4680,2022
117000006,1366,3558,-2192
117000007,12118,2256,9862
117000008,1617,3914,-2297
117000009,7468,2650,4818
117000010,1466,3212,-1746
117000011,5644,2626,3018
117000012,2824,1664,1160
117000013,4620,2364,2256
117000014,2246,3126,-880
117000015,5519,2884,2635
117000016,525,1037,-512
117000017,139,3444,-3305
117000018,158,1549,-1391
117000019,101,184,-83
117000020,1644,3072,-1428
117000021,4922,1349,3573
117000022,345,940,-595
117000023,93,1512,-1419
117000024,131,2006,-1875
117000025,175,8995,-8820
117000026,2478,7163,-4685
117000027,2654,5441,-2787
117000028,1430,4866,-3436
117000030,554,825,-271
117000031,796,692,104
117000032,2323,3591,-1268
117000033,2845,1921,924
117000034,382,352,30
117000035,611,896,-285
117000036,908,661,247
117000037,547,481,66
117000038,488,1154,-666
117000039,500,722,-222
117000040,187,806,-619
117000041,1642,184,1458
117000044,18,927,-909
117000045,2428,407,2021
117000046,911,1833,-922
117000047,1835,1637,198
117000048,1955,1732,223
117000049,32,517,-485
117000050,856,2172,-1316
117000051,4799,52,4747
117000052,99,247,-148
117000053,1535,53,1482
117000054,2867,2,2865
117000055,11,1473,-1462
117000056,1033,29,1004
117000057,1080,1989,-909
117000060,557,1941,-1384
117000061,4285,3543,742
117000062,333,1826,-1493
117000063,3174,1409,1765
117000064,986,1079,-93
117000066,605,1203,-598
117000067,122,700,-578
117000074,23,327,-304
117000076,70,45,25
117000077,353,142,211
117000078,282,1238,-956
117000079,614,342,272
117000080,4,987,-983
117000081,1382,254,1128
117000082,87,137,-50
117000083,297,18,279
117000084,409,1,408
117000085,1007,1498,-491
117000086,1416,543,873
117000087,270,809,-539
117000088,631,216,415
117000089,4660,379,4281
117000090,494,848,-354
117000091,2365,361,2004
117000092,806,977,-171
117000093,3453,726,2727
117000094,1355,1641,-286
117000095,5174,983,4191
117000096,1404,1375,29
117000097,4131,1295,2836
117000098,2110,2510,-400
117000099,7771,1413,6358
117000100,417,357,60
117000101,196,642,-446
117000102,3948,859,3089
117000103,922,1184,-262
117000104,3087,772,2315
117000105,506,1344,-838
117000106,3681,804,2877
117000107,818,1382,-564
117000108,3716,1557,2159
117000109,1376,2324,-948
117000110,3273,3539,-266
117000111,6584,7439,-855
117000112,6749,1909,4840
117000113,273,152,121
117000114,588,611,-23
117000115,90,59,31
117000116,322,897,-575
117000117,2872,1783,1089
117000118,812,882,-70
117000119,184,1607,-1423
117000120,53,3745,-3692
117000121,112,2031,-1919
117000122,3417,3296,121
117000123,6302,102,6200
117000124,71,565,-494
117000125,111,1997,-1886
117000126,14,167,-153
117000127,182,1661,-1479
117000128,148,3044,-2896
117000129,687,2998,-2311
117000130,571,23,548
117000131,6,234,-228
117000132,8340,24,8316
117000133,5682,22,5660
117000134,1,555,-554
117000135,5,326,-321
117000136,2,150,-148
117000137,460,148,312
117000138,3,1828,-1825
117000140,535,1009,-474
117000141,3303,839,2464
117000181,807,274,533
117000182,5086,1725,3361
117000195,275,724,-449
117000196,688,263,425
117000225,12,475,-463
117000226,3,559,-556
117000276,592,40,552
117000277,0,104,-104
117000310,1738,4016,-2278
117000315,696,1300,-604
117000320,181,0,181
117000906,953,18,935
117000907,4,303,-299
117000909,263,158,105
117000910,369,109,260
117000911,47,171,-124
117000915,5,148,-143
117000916,138,15,123
117000917,2575,122,2453
117000918,365,80,285
117000919,11,22,-11
117000920,0,1509,-1509
117000921,0,221,-221
117000922,54,136,-82
117000924,1878,1694,184
117000926,1668,1267,401
117000927,307,717,-410
117000928,0,241,-241
117000929,1733,240,1493
117000930,1507,37,1470
117000931,186,245,-59
117900002,84,1508,-1424
117900003,76,347,-271
117900005,6,382,-376
117900006,1,133,-132
117900007,299,115,184
117900008,0,8,-8
117900010,908,161,747
117900011,27,2361,-2334
117900012,132,59,73
117900013,3,365,-362
117900014,1480,409,1071
117900015,19,175,-156
117900016,1971,1833,138
117900017,2010,1318,692
117900018,691,1590,-899
117900019,1849,521,1328
117900020,70,378,-308
117900021,28,286,-258
117900023,6015,202,5813
117900024,187,210,-23
117900025,32,0,32
117900026,1209,453,756
117900028,207,8,199
117900029,858,1220,-362
117900030,884,710,174
117900031,777,1639,-862
117900032,1136,734,402
117900033,1372,843,529
117900034,205,91,114
117900035,371,1220,-849
117900036,945,308,637
117900037,356,97,259
117900038,144,90,54
117900039,0,91,-91
117900040,310,105,205
117900041,2,33,-31
117900042,3868,923,2945
117900043,2,41,-39
117900044,21,9355,-9334
117900045,706,144,562
117900048,533,256,277
117900049,867,865,2
117900050,30,1988,-1958
117900051,29,64,-35
117900052,156,1078,-922
117900053,3001,238,2763
117900054,17,33,-16
117900055,5540,638,4902
117900056,97,567,-470
117900057,2109,1258,851
117900058,84,378,-294
117900059,185,371,-186
117900060,4613,3082,1531
117900061,38,645,-607
117900063,1349,311,1038
117900065,483,1353,-870
117900066,20,196,-176
117900067,2096,303,1793
117900069,2229,172,2057
117900070,44,820,-776
117900071,578,141,437
117900073,1874,405,1469
117900074,50,1435,-1385
117900075,201,93,108
117900076,171,320,-149
117900077,1034,198,836
117900078,853,770,83
117900080,413,69,344
117900081,270,421,-151
117900082,1169,432,737
117900083,1179,1055,124
117900086,621,158,463
117900087,171,41,130
117900088,742,1421,-679
117900089,4201,713,3488
117900090,1508,1021,487
117900091,208,130,78
117900092,302,184,118
117900093,122,46,76
117900094,153,74,79
117900095,1515,3974,-2459
117900096,437,1346,-909
117900097,196,58,138
117900098,113,21,92
117900099,659,2211,-1552
117900100,1243,18,1225
117900101,2019,4445,-2426
117900102,197,54,143
117900103,208,6,202
117900104,5,625,-620
117900105,166,376,-210
117900106,186,57,129
117900107,123,0,123
117900109,1499,450,1049
117900110,429,2,427
117900111,2315,288,2027
117900112,158,33,125
117900113,1471,4083,-2612
117900114,78,1,77
117900115,109,805,-696
117900116,891,706,185
117900117,1038,318,720
117900118,409,6,403
117900119,411,27,384
117900120,1568,37,1531
117900121,209,52,157
117900122,936,10367,-9431
117900123,2468,827,1641
117900124,364,1241,-877
117900125,2054,1493,561
117900126,247,322,-75
117900127,1325,325,1000
117900128,731,252,479
117900129,257,6,251
117900130,1194,1109,85
117900131,4,226,-222
117900132,18,91,-73
117900133,70,51,19
117900134,147,224,-77
117900135,115,70,45
117900136,0,18,-18
117900137,183,312,-129
117900138,0,5,-5
117900139,153,134,19
117900140,13930,1597,12333
117900141,100,789,-689
117900142,46,1175,-1129
117900144,49,3228,-3179
117900145,46,485,-439
117900146,302,836,-534
117900147,268,249,19
117900148,5883,6085,-202
117900149,198,451,-253
117900150,167,178,-11
117900151,82,374,-292
117900152,145,179,-34
117900153,33,317,-284
117900154,1237,1233,4
117900156,515,610,-95
117900157,90,732,-642
117900158,393,115,278
117900160,1326,971,355
117900161,1238,1075,163
117900162,1634,732,902
117900163,53,1694,-1641
117900165,1,20,-19
117900166,20,697,-677
117900168,139,259,-120
117900169,2,116,-114
117900170,0,35,-35
117900171,5,7,-2
117900172,30,17,13
117900173,69,69,0
117900174,56,50,6
117900175,14,28,-14
117900176,24,12,12
117900177,28,33,-5
117900178,100,29,71
117900180,251,71,180
117900181,63,724,-661
117900182,3,122,-119
117900183,135,302,-167
117900184,30,127,-97
117900185,100,59,41
117900186,102,28,74
117900187,31,13,18
117900188,344,80,264
117900189,237,63,174
117900190,33,0,33
117900191,105,2,103
117900192,292,1,291
117900193,18,56,-38
117900194,6,1,5
117900195,31,304,-273
117900196,68,22,46
117900207,116,161,-45
117900208,52,53,-1
117900209,347,116,231
117900210,125,67,58
117900211,0,59,-59
117900212,268,233,35
117900213,76,14,62
117900214,8,6,2
117900215,118,28,90
117900216,12,178,-166
117900217,106,418,-312
117900218,189,193,-4
117900219,13,507,-494
117900220,12,863,-851
117900222,305,177,128
117900223,161,675,-514
118000001,911,5586,-4675
118000002,590,1528,-938
118000003,3481,11391,-7910
118000004,1670,15136,-13466
118000005,6860,3678,3182
118000006,11877,7483,4394
118000007,7562,20508,-12946
118000008,1299,13072,-11773
118000009,2272,5409,-3137
118000010,4975,5788,-813
118000011,3910,1532,2378
118000012,1802,2896,-1094
118000013,5060,5706,-646
118000014,2839,3215,-376
118000016,666,209,457
118000017,1268,612,656
118000018,568,279,289
118000019,1420,3502,-2082
118000020,725,2930,-2205
118000021,1058,4779,-3721
118000022,1457,1015,442
118000023,690,591,99
118000024,672,1160,-488
118000027,20742,9976,10766
118000029,1394,687,707
118000032,360,2905,-2545
118000033,2137,6665,-4528
118000034,4186,6090,-1904
118000035,2846,3223,-377
118000036,1393,2050,-657
118000037,1448,4436,-2988
118000038,1096,116,980
118000039,276,60,216
118000040,3109,3022,87
118000041,6889,2717,4172
118000045,252,413,-161
118000046,1744,2460,-716
118000047,892,5670,-4778
118000048,2357,10618,-8261
118000051,1950,8230,-6280
118000052,1206,3055,-1849
118000053,760,2070,-1310
118000054,5913,1182,4731
118000055,5871,2621,3250
118000056,81,1170,-1089
118000057,170,621,-451
118000058,2516,9949,-7433
118000059,1975,5271,-3296
118000060,2338,1300,1038
118000061,1815,2797,-982
118000062,613,296,317
118000063,554,1374,-820
118000064,971,2403,-1432
118000065,2333,3243,-910
118000066,2960,6997,-4037
118000067,530,1133,-603
118000068,1378,17680,-16302
118000069,1476,2200,-724
118000070,13178,3597,9581
118000071,7461,18352,-10891
118000072,813,6187,-5374
118000073,452,3198,-2746
118000074,681,1941,-1260
118000075,778,547,231
118000076,3486,16821,-13335
118000077,1540,4041,-2501
118000078,2801,5053,-2252
118000079,431,783,-352
118000080,565,2959,-2394
118000081,2256,3307,-1051
118000082,714,2029,-1315
118000083,1906,3362,-1456
118000084,2617,3860,-1243
118000086,221,1236,-1015
118000087,8351,4402,3949
118000088,1577,3282,-1705
118000089,6366,5977,389
118000090,1437,6474,-5037
118000091,2393,8025,-5632
118000092,1470,1212,258
118000093,239,1075,-836
118000096,1347,1208,139
118000097,1130,1566,-436
118000098,263,651,-388
118000099,1505,528,977
118000101,3685,810,2875
118000102,979,898,81
118000107,5152,899,4253
118000108,1706,8251,-6545
118000110,2,77,-75
118000111,1,217,-216
118000112,2684,7,2677
118000113,6,446,-440
118000114,1712,39,1673
118000115,11,14,-3
118000116,124,1,123
118000117,812,2599,-1787
118000118,2050,4067,-2017
118000119,2013,3866,-1853
118000120,1686,1868,-182
118000121,12,1098,-1086
118000122,1047,482,565
118000123,136,441,-305
118000125,1367,4364,-2997
118000126,910,5320,-4410
118000127,1619,2421,-802
118000128,523,4984,-4461
118000129,3139,2119,1020
118000130,4144,6331,-2187
118000131,711,2034,-1323
118000132,4998,4600,398
118000133,2925,1874,1051
118000135,869,2233,-1364
118000136,224,2898,-2674
118000137,790,419,371
118000138,746,707,39
118000139,1108,365,743
118000140,8186,16251,-8065
118000141,5477,2629,2848
118000142,6041,2829,3212
118000143,5529,2241,3288
118000144,1211,575,636
118000145,2046,1328,718
118000146,2480,513,1967
118000147,2024,1027,997
118000148,1772,2250,-478
118000149,1751,514,1237
118000150,1443,389,1054
118000151,1250,439,811
118000153,2991,1236,1755
118000154,2784,1670,1114
118000155,4076,1282,2794
118000156,3253,6389,-3136
118000157,1334,409,925
118000158,500,888,-388
118000159,56,142,-86
118000160,1187,424,763
118000161,1140,464,676
118000162,1876,1410,466
118000163,1920,1560,360
118000164,3688,2292,1396
118000168,467,1979,-1512
118000169,1639,1053,586
118000170,4922,4041,881
118000171,647,896,-249
118000172,125,299,-174
118000173,1326,2035,-709
118000175,321,483,-162
118000176,682,582,100
118000177,462,997,-535
118000178,43,35,8
118000179,1110,1016,94
118000180,783,760,23
118000181,744,240,504
118000182,476,218,258
118000183,364,438,-74
118000184,2280,613,1667
118000185,695,2882,-2187
118000186,424,2254,-1830
118000187,4375,632,3743
118000188,1482,61,1421
118000189,1859,502,1357
118000190,9,26,-17
118000191,17,46,-29
118000192,24,420,-396
118000193,12,230,-218
118000194,3802,1316,2486
118000195,426,12844,-12418
118000196,76,1798,-1722
118000197,43,446,-403
118000198,425,2972,-2547
118000199,434,3164,-2730
118000200,102,1741,-1639
118000201,134,1709,-1575
118000202,28,1145,-1117
118000203,444,2313,-1869
118000204,65,1035,-970
118000205,138,530,-392
118000206,347,796,-449
118000207,0,107,-107
118000208,2750,2131,619
118000209,4271,1084,3187
118000210,241,72,169
118000211,213,75,138
118000213,1056,11325,-10269
118000214,572,1760,-1188
118000215,764,156,608
118000216,15344,3665,11679
118000217,26,95,-69
118000218,180,20,160
118000219,291,460,-169
118000220,94,82,12
118000221,1206,1275,-69
118000222,116,5,111
118000223,162,57,105
118000224,272,86,186
118000225,304,2997,-2693
118000226,2231,297,1934
118000227,1927,765,1162
118000228,108,779,-671
118000229,44,1727,-1683
118000230,126,545,-419
118000231,82,905,-823
118000232,2000,369,1631
118000233,2204,874,1330
118000234,993,102,891
118000236,317,846,-529
118000237,281,239,42
118000238,465,152,313
118000239,578,1015,-437
118000240,128,110,18
118000241,631,189,442
118000242,825,329,496
118000243,597,147,450
118000244,175,51,124
118000246,0,36,-36
118000255,133,705,-572
118000256,318,347,-29
118000259,8,195,-187
118000260,436,110,326
118000261,177,38,139
118000263,252,266,-14
118000266,409,254,155
118000267,0,805,-805
118000268,569,27,542
118000270,534,5,529
118000271,424,284,140
118000272,95,28,67
118000273,602,48,554
118000274,132,630,-498
118000276,520,220,300
118000295,76,235,-159
118000298,166,115,51
118000299,122,85,37
118000301,0,320,-320
118000302,226,26,200
118000311,2410,61,2349
118000312,766,139,627
118000313,125,39,86
118000314,306,21,285
118000315,60,39,21
118000316,1639,533,1106
118000325,114,80,34
118000326,112,33,79
118000331,50,15,35
118000332,23,48,-25
118000333,52,41,11
118000335,1175,0,1175
118000336,0,292,-292
118000407,480,38,442
118000457,19,192,-173
118000465,770,3571,-2801
118000480,142,54,88
118000489,10,1315,-1305
118000490,13,585,-572
118000492,1012,211,801
118000510,58,27,31
118000514,99,1245,-1146
118000515,702,2225,-1523
118000517,818,341,477
118000524,190,906,-716
118000525,591,810,-219
118000530,11,315,-304
118000531,742,361,381
118000532,483,267,216
118000533,405,218,187
118000534,1212,589,623
118000535,674,155,519
118000536,77,781,-704
118000537,27,255,-228
118000538,16,217,-201
118000539,80,246,-166
118000540,313,607,-294
118000541,86,295,-209
118000542,197,730,-533
118000543,261,693,-432
118000546,88,54,34
118000553,0,1,-1
118000557,0,1,-1
118000560,1855,3974,-2119
118000562,162,194,-32
118000563,2099,1231,868
118000576,428,65,363
118000577,398,228,170
118000578,314,107,207
118000579,923,3719,-2796
118000583,0,0,0
118000595,324,76,248
118000596,3,1089,-1086
118000597,331,113,218
118000598,40,2,38
118000599,376,125,251
118000600,1,4,-3
118000601,20,0,20
118000602,12,4,8
118000603,0,8,-8
118000605,57,81,-24
118000606,109,183,-74
118900001,949,2035,-1086
118900002,1446,1246,200
118900003,936,54,882
118900004,282,71,211
118900005,239,8,231
118900006,376,2,374
118900007,1,0,1
118900008,2021,80,1941
118900009,253,166,87
118900010,197,15,182
118900011,233,17,216
118900012,469,471,-2
118900013,2634,763,1871
118900015,494,53,441
118900016,1,5,-4
118900017,41,481,-440
118900018,2065,45,2020
118900019,3,1,2
118900020,29,390,-361
118900021,101,1547,-1446
118900022,193,26,167
118900023,113,420,-307
118900024,132,301,-169
118900025,24,66,-42
118900026,76,18,58
118900027,1114,327,787
118900028,373,138,235
118900029,337,765,-428
118900030,999,174,825
118900031,128,77,51
118900032,630,154,476
118900033,493,1227,-734
118900034,389,208,181
118900035,162,135,27
118900036,2093,474,1619
118900037,466,1399,-933
118900038,829,86,743
118900039,1183,252,931
118900040,333,167,166
118900041,1245,711,534
118900042,139,73,66
118900045,284,229,55
118900046,409,458,-49
118900047,596,569,27
118900048,365,1177,-812
118900049,311,42,269
118900050,171,17,154
118900051,111,369,-258
118900052,345,1065,-720
118900053,27,159,-132
118900054,373,29,344
118900055,337,15,322
118900056,44,872,-828
118900057,1332,685,647
118900058,1068,1062,6
118900059,66,302,-236
118900060,188,113,75
118900062,581,267,314
118900064,382,1014,-632
118900065,126,318,-192
118900066,240,117,123
118900067,5401,6227,-826
118900068,6,1094,-1088
118900069,792,416,376
118900071,4,9,-5
118900072,1831,1414,417
118900073,473,214,259
118900074,537,111,426
118900075,501,14,487
118900076,478,362,116
118900077,776,116,660
118900078,2,0,2
118900079,99,253,-154
118900080,181,82,99
118900081,59,130,-71
118900082,3170,366,2804
118900083,40,5,35
118900084,15,54,-39
118900085,517,446,71
118900086,63,149,-86
118900087,186,1432,-1246
118900088,3,2,1
118900089,24,78,-54
118900090,490,195,295
118900091,243,471,-228
118900092,539,53,486
118900093,109,29,80
118900096,43,406,-363
118900097,531,643,-112
118900099,56,192,-136
118900100,89,350,-261
118900101,137,83,54
118900102,26,157,-131
118900103,18,171,-153
118900104,420,91,329
118900105,214,101,113
118900107,85,75,10
118900108,127,244,-117
118900110,2398,1798,600
118900111,1747,627,1120
118900112,378,814,-436
118900113,124,475,-351
118900114,55,272,-217
118900115,173,407,-234
118900116,122,277,-155
118900117,121,154,-33
118900118,401,427,-26
118900119,322,289,33
118900120,105,359,-254
118900121,37,198,-161
118900122,3,1375,-1372
118900123,188,350,-162
118900124,252,442,-190
118900126,73,390,-317
118900129,406,276,130
118900130,13,382,-369
118900131,885,229,656
118900132,502,338,164
118900133,19,397,-378
118900135,576,258,318
118900136,528,253,275
118900137,6,154,-148
118900139,793,313,480
118900140,914,455,459
118900141,249,138,111
118900144,605,289,316
118900145,51,321,-270
118900146,833,460,373
118900147,243,1631,-1388
118900148,163,68,95
118900150,194,897,-703
118900152,740,485,255
118900157,93,811,-718
118900158,344,25,319
118900159,0,287,-287
118900161,62,37,25
118900163,99,52,47
118900164,2,66,-64
118900165,78,26,52
118900166,5,0,5
118900167,144,18,126
118900168,38,156,-118
118900169,202,85,117
118900170,524,72,452
118900171,134,52,82
118900174,132,53,79
118900175,793,289,504
118900176,358,245,113
118900177,98,8,90
118900178,155,79,76
118900179,15,34,-19
118900181,330,65,265
118900182,39,37,2
118900183,97,269,-172
118900184,236,95,141
118900185,136,28,108
118900186,59,450,-391
118900187,149,1225,-1076
118900188,454,390,64
118900189,70,922,-852
118900190,148,275,-127
118900191,1096,63,1033
118900192,939,44,895
118900193,1629,9,1620
118900195,168,631,-463
118900196,44,237,-193
118900197,584,91,493
118900198,49,1,48
118900199,156,5,151
118900200,36,15,21
118900201,61,57,4
118900202,4,79,-75
118900203,51,3,48
118900204,32,7,25
118900205,2,0,2
118900206,0,0,0
119000001,2349,2914,-565
119000002,4502,4610,-108
119000003,5582,1475,4107
119000004,3992,3593,399
119000005,3476,4788,-1312
119000006,9061,3075,5986
119000007,6825,6803,22
119000008,3454,2967,487
119000009,3213,11653,-8440
119000010,5473,7193,-1720
119000011,2997,3664,-667
119000012,1640,4978,-3338
119000013,4936,2819,2117
119000014,2690,3232,-542
119000019,417,231,186
119000020,4138,2274,1864
119000021,8477,5518,2959
119000022,1818,6897,-5079
119000023,234,595,-361
119000024,3201,40526,-37325
119000025,6052,1766,4286
119000026,73,1047,-974
119000027,180,716,-536
119000028,2763,925,1838
119000029,62,260,-198
119000030,841,930,-89
119000031,2180,878,1302
119000032,1900,2146,-246
119000033,3016,1236,1780
119000034,2583,1044,1539
119000035,26,287,-261
119000036,5245,530,4715
119000037,2996,939,2057
119000038,574,418,156
119000039,1311,798,513
119000040,1329,1694,-365
119000041,1440,3126,-1686
119000048,2980,1994,986
119000049,6174,3703,2471
119000050,1907,3508,-1601
119000051,4535,3156,1379
119000052,7257,3434,3823
119000053,3509,1764,1745
119000054,5454,1729,3725
119000055,10135,1855,8280
119000056,7217,1891,5326
119000057,3284,1069,2215
119000058,2487,1415,1072
119000059,1495,1641,-146
119000060,3379,1064,2315
119000061,1220,657,563
119000062,1407,1100,307
119000063,1172,1215,-43
119000064,1318,1099,219
119000065,1500,4505,-3005
119000066,2967,1778,1189
119000067,2792,1643,1149
119000068,3518,1048,2470
119000069,3366,1748,1618
119000070,5105,653,4452
119000071,1289,559,730
119000072,6290,3571,2719
119000073,5652,18612,-12960
119000074,2881,1772,1109
119000075,6963,3476,3487
119000076,284,1410,-1126
119000077,1127,897,230
119000078,713,1028,-315
119000079,394,746,-352
119000080,1750,345,1405
119000081,412,1010,-598
119000082,1644,278,1366
119000083,958,616,342
119000084,467,641,-174
119000085,1182,204,978
119000086,283,1320,-1037
119000087,999,307,692
119000088,250,115,135
119000089,134,305,-171
119000090,200,74,126
119000091,111,208,-97
119000092,458,258,200
119000093,7404,4171,3233
119000094,7909,8462,-553
119000095,3972,11799,-7827
119000097,2640,1259,1381
119000098,1966,11775,-9809
119000099,2802,1154,1648
119000100,8517,5143,3374
119000101,4197,2250,1947
119000102,469,2114,-1645
119000103,838,643,195
119000104,1943,1129,814
119000105,1756,5366,-3610
119000106,676,854,-178
119000107,2258,898,1360
119000108,1187,1189,-2
119000109,266,806,-540
119000110,415,392,23
119000111,66,983,-917
119000112,179,204,-25
119000113,1001,338,663
119000114,2363,1929,434
119000115,113,252,-139
119000116,214,219,-5
119000117,299,522,-223
119000118,8,0,8
119000123,2309,5558,-3249
119000124,2579,348,2231
119000125,9502,722,8780
119000126,3970,738,3232
119000127,1676,488,1188
119000128,23,1,22
119000131,2148,224,1924
119000132,2,1,1
119000133,2,10,-8
119000134,1577,1163,414
119000135,252,246,6
119000136,765,127,638
119000137,378,109,269
119000138,1593,90,1503
119000139,228,96,132
119000140,355,422,-67
119000284,1507,2112,-605
119000285,2067,1149,918
119000286,4324,3567,757
119000287,1684,1608,76
119000288,3257,1058,2199
119000289,1714,3383,-1669
119000290,336,404,-68
119000291,235,534,-299
119000293,229,213,16
119000294,111,52,59
119000295,3450,359,3091
119000296,504,174,330
119000297,0,1,-1
119000302,3996,1563,2433
119000303,20,775,-755
119000310,0,0,0
119000314,2809,18252,-15443
119000315,1,138,-137
119000316,583,97,486
119000317,156,75,81
119900001,90,3735,-3645
119900002,575,354,221
119900003,15,373,-358
119900004,116,4584,-4468
119900005,545,116,429
119900006,86,809,-723
119900007,697,418,279
119900008,19,58,-39
119900009,658,331,327
119900010,798,520,278
119900011,55,507,-452
119900012,16,190,-174
119900013,2209,1859,350
119900014,578,151,427
119900015,869,94,775
119900016,76,131,-55
119900017,102,74,28
119900018,1260,2283,-1023
119900019,123,7,116
119900020,142,304,-162
119900021,314,38,276
119900022,126,714,-588
119900023,570,5986,-5416
119900025,806,28,778
119900026,1127,152,975
119900027,10,17,-7
119900028,409,392,17
119900029,14,1,13
119900030,669,522,147
119900031,65,2055,-1990
119900033,1011,322,689
119900034,1496,26,1470
119900037,494,11,483
119900038,27,776,-749
119900039,94,7,87
119900040,252,96,156
119900041,456,5,451
119900042,125,633,-508
119900043,328,107,221
119900044,232,1028,-796
119900046,523,19,504
119900047,565,281,284
119900048,646,2,644
119900049,379,1,378
119900050,102,146,-44
119900051,2222,32,2190
119900052,275,9,266
119900053,620,259,361
119900054,838,13,825
119900055,1621,467,1154
119900057,734,17,717
119900058,690,2,688
119900059,71,35,36
119900060,499,75,424
119900061,610,13,597
119900062,251,5,246
119900063,7,118,-111
119900065,249,3,246
119900067,245,61,184
119900068,1356,5,1351
119900069,212,19,193
119900070,1016,3,1013
119900071,1144,40,1104
119900073,1957,229,1728
119900074,19,82,-63
119900075,1965,1738,227
119900076,2093,256,1837
119900077,1743,361,1382
119900078,1265,961,304
119900079,1582,94,1488
119900080,815,547,268
119900081,2288,271,2017
119900082,3214,211,3003
119900083,916,20,896
119900084,575,897,-322
119900085,85,15,70
119900086,690,526,164
119900087,216,1224,-1008
119900088,48,25,23
119900089,59,146,-87
119900090,87,22,65
119900091,90,227,-137
119900092,44,841,-797
119900093,3385,211,3174
119900094,31,684,-653
119900095,116,68,48
119900096,34,91,-57
119900097,142,259,-117
119900098,67,17,50
119900099,35,117,-82
119900100,758,3250,-2492
119900101,199,1283,-1084
119900102,65,104,-39
119900103,60,96,-36
119900104,45,77,-32
119900105,823,2725,-1902
119900106,9,77,-68
119900107,339,1274,-935
119900108,3785,619,3166
119900109,31,104,-73
119900110,959,558,401
119900111,356,102,254
119900112,939,1719,-780
119900113,97,240,-143
119900114,370,516,-146
119900115,686,269,417
119900116,134,689,-555
119900117,695,318,377
119900118,235,178,57
119900119,686,184,502
119900120,566,350,216
119900121,1084,461,623
119900122,65,168,-103
119900123,207,329,-122
119900124,643,369,274
119900125,26,255,-229
119900126,2408,187,2221
119900127,757,354,403
119900128,733,808,-75
119900129,481,145,336
119900130,3,123,-120
119900131,95,73,22
119900132,0,57,-57
119900133,139,44,95
119900134,658,134,524
119900135,0,233,-233
119900136,108,184,-76
119900138,138,391,-253
119900139,24,212,-188
119900140,9,84,-75
119900141,36,1719,-1683
119900142,3,18,-15
119900143,18,303,-285
119900144,1147,228,919
119900145,68,191,-123
119900146,271,207,64
119900147,1,242,-241
119900148,485,34,451
119900149,565,11369,-10804
119900150,135,130,5
119900151,2591,1577,1014
119900152,406,113,293
119900153,319,49,270
119900154,75,368,-293
119900155,49,31,18
119900156,26,12,14
119900157,529,158,371
119900158,312,93,219
119900159,5,370,-365
119900160,18,210,-192
119900161,167,122,45
119900162,1842,830,1012
119900163,83,176,-93
119900164,0,5,-5
119900165,344,93,251
119900166,137,76,61
119900167,6,80,-74
119900168,2743,398,2345
119900169,35,443,-408
119900170,179,288,-109
119900171,1120,378,742
119900172,33,14,19
119900173,14,180,-166
119900174,10,202,-192
119900175,3605,379,3226
119900177,27,149,-122
119900178,0,89,-89
119900179,434,1776,-1342
119900180,2479,729,1750
119900181,10,160,-150
119900182,0,95,-95
119900183,141,630,-489
119900184,684,388,296
119900185,112,762,-650
119900186,27,2978,-2951
119900187,4,152,-148
119900188,295,289,6
119900189,125,545,-420
119900190,171,547,-376
119900191,244,640,-396
119900192,50,162,-112
119900193,960,156,804
119900194,41,52,-11
119900195,8,298,-290
119900196,272,96,176
119900197,655,325,330
119900198,200,294,-94
119900199,282,18,264
119900200,1302,677,625
119900201,203,202,1
119900202,50,515,-465
119900203,257,1176,-919
119900204,485,347,138
119900205,1972,279,1693
119900206,474,294,180
119900208,150,174,-24
119900209,798,3860,-3062
119900210,98,43,55
119900211,52,7,45
119900212,624,313,311
119900213,7,69,-62
119900214,174,40,134
119900215,96,24,72
119900216,27,13,14
119900217,8,6,2
119900218,5,163,-158
119900219,48,66,-18
119900220,15,26,-11
119900221,68,42,26
119900222,38,47,-9
119900223,28,29,-1
119900224,13,12,1
119900225,284,16,268
119900226,184,3144,-2960
119900227,259,199,60
119900228,26,217,-191
119900229,89,182,-93
119900230,943,142,801
119900231,539,81,458
119900232,224,122,102
119900233,86,2,84
119900234,4,203,-199
119900235,8,57,-49
119900236,37,249,-212
119900237,55,220,-165
119900238,4,232,-228
119900240,129,124,5
119900241,264,149,115
119900242,1969,1598,371
119900244,927,1123,-196
119900245,470,364,106
119900246,164,677,-513
119900247,11,80,-69
119900248,52,779,-727
119900249,575,202,373
119900253,1774,315,1459
119900254,140,2439,-2299
119900255,158,720,-562
119900256,980,269,711
119900257,190,4,186
119900258,198,23,175
119900259,9,54,-45
119900260,290,6,284
119900261,900,289,611
119900262,1,187,-186
119900263,2580,180,2400
119900264,322,55,267
119900265,770,393,377
119900266,1030,211,819
119900267,168,339,-171
119900268,567,59,508
119900269,1884,545,1339
119900271,53,104,-51
119900272,159,309,-150
119900275,371,129,242
119900276,222,9,213
119900277,43,16,27
119900278,874,100,774
119900279,184,522,-338
119900280,814,59,755
119900281,1,607,-606
119900282,38,209,-171
119900283,66,98,-32
119900284,19,163,-144
119900285,13,66,-53
119900286,0,11,-11
119900288,2,6,-4
119900289,0,9,-9
119900290,7,5,2
119900291,0,41,-41
119900292,78,129,-51
119900293,33,27,6
119900294,38,31,7
119900295,78,11,67
119900296,92,40,52
119900297,1,10,-9
119900298,8,2,6
119900299,138,493,-355
119900300,476,414,62
119900301,50,426,-376
119900302,60,505,-445
119900303,532,507,25
119900304,246,54,192
119900305,4,105,-101
119900306,27,8,19
119900307,51,87,-36
119900308,6,73,-67
119900309,48,569,-521
119900310,308,275,33
119900311,313,44,269
119900312,373,37,336
119900313,305,276,29
119900314,389,639,-250
119900315,3686,1076,2610
119900318,28,149,-121
119900319,1,97,-96
119900320,671,263,408
119900321,326,13,313
120000001,12718,54313,-41595
120000002,3815,4072,-257
120000003,3041,1336,1705
120000004,4339,1460,2879
120000005,3030,1693,1337
120000006,2570,1531,1039
120000007,3798,7711,-3913
120000008,1816,1310,506
120000009,1989,987,1002
120000010,3737,4045,-308
120000011,1827,1855,-28
120000012,3021,2254,767
120000013,6767,4338,2429
120000014,1828,2780,-952
120000015,4756,3058,1698
120000016,6535,3595,2940
120000017,7253,7429,-176
120000018,4843,30544,-25701
120000019,1960,2265,-305
120000020,3189,4771,-1582
120000021,2830,2638,192
120000022,3218,4531,-1313
120000023,2093,2434,-341
120000024,1422,2878,-1456
120000025,4149,2116,2033
120000026,5636,2959,2677
120000027,3815,2629,1186
120000028,1239,3847,-2608
120000029,1730,2688,-958
120000030,185,1922,-1737
120000031,2486,8836,-6350
120000032,6153,3666,2487
120000033,5721,1593,4128
120000034,6197,1387,4810
120000035,5827,2184,3643
120000036,5631,7501,-1870
120000037,950,2764,-1814
120000038,6091,5227,864
120000039,1105,2185,-1080
120000040,95,2647,-2552
120000041,598,1979,-1381
120000042,3095,3038,57
120000043,6761,1296,5465
120000044,10034,1360,8674
120000045,12967,1057,11910
120000046,5253,5851,-598
120000047,755,17167,-16412
120000048,15944,6430,9514
120000049,7107,7417,-310
120000050,5337,9772,-4435
120000051,3226,6316,-3090
120000052,8900,1467,7433
120000053,2277,1660,617
120000054,1933,2447,-514
120000055,2284,3927,-1643
120000056,5799,4553,1246
120000057,6060,2797,3263
120000058,1668,2078,-410
120000059,15,2276,-2261
120000061,253,1251,-998
120000062,222,406,-184
120000063,639,2563,-1924
120000064,643,941,-298
120000065,449,3141,-2692
120000066,172,508,-336
120000067,31,165,-134
120000068,539,327,212
120000069,1337,395,942
120000070,386,405,-19
120000071,1664,164,1500
120000072,1745,699,1046
120000073,1818,55,1763
120000074,77,184,-107
120000075,2146,648,1498
120000076,4423,610,3813
120000077,4377,913,3464
120000078,2927,1682,1245
120000079,823,375,448
120000080,290,436,-146
120000081,535,212,323
120000082,651,425,226
120000083,109,1717,-1608
120000084,326,360,-34
120000085,313,511,-198
120000086,391,281,110
120000087,422,260,162
120000088,1362,896,466
120000089,1542,564,978
120000090,1413,689,724
120000091,2230,998,1232
120000092,1280,420,860
120000093,1330,544,786
120000094,569,1551,-982
120000095,1342,319,1023
120000096,744,395,349
120000098,1393,1128,265
120000099,703,630,73
120000100,1061,584,477
120000101,1105,422,683
120000102,1674,1786,-112
120000103,2921,1417,1504
120000104,3705,648,3057
120000105,5333,432,4901
120000106,6021,499,5522
120000107,11160,617,10543
120000108,4155,183,3972
120000109,2253,110,2143
120000110,49,812,-763
120000111,120,764,-644
120000112,611,1391,-780
120000113,807,1253,-446
120000114,519,1137,-618
120000115,512,1042,-530
120000116,594,1739,-1145
120000117,713,1086,-373
120000118,115,162,-47
120000119,49,79,-30
120000120,233,488,-255
120000121,14,51,-37
120000122,624,1889,-1265
120000123,2507,17251,-14744
120000124,732,1072,-340
120000125,2160,664,1496
120000126,805,5121,-4316
120000127,1260,2803,-1543
120000128,3438,8540,-5102
120000129,435,320,115
120000130,1612,641,971
120000131,883,725,158
120000134,582,495,87
120000135,2152,859,1293
120000137,535,364,171
120000138,3702,202,3500
120000139,584,391,193
120000140,3187,139,3048
120000141,472,1090,-618
120000142,1634,1378,256
120000143,1,29,-28
120000144,277,19,258
120000145,1509,5,1504
120000146,1684,2909,-1225
120000149,863,777,86
120000150,2404,18959,-16555
120000151,1162,633,529
120000152,1826,179,1647
120000153,739,656,83
120000154,1441,1211,230
120000155,492,897,-405
120000156,1045,5107,-4062
120000157,2167,911,1256
120000158,1758,806,952
120000159,3253,1914,1339
120000160,2964,2107,857
120000161,5983,3370,2613
120000162,265,591,-326
120000163,1432,742,690
120000164,1024,177,847
120000165,1556,501,1055
120000166,2697,468,2229
120000167,277,330,-53
120000168,3,769,-766
120000169,71,2265,-2194
120000170,25,2218,-2193
120000171,12,852,-840
120000172,4,511,-507
120000173,335,1753,-1418
120000174,55,64,-9
120000175,41,190,-149
120000176,30,85,-55
120000177,646,183,463
120000178,5,27,-22
120000179,16,100,-84
120000180,32,67,-35
120000181,111,2467,-2356
120000182,15,1673,-1658
120000183,1,508,-507
120000184,181,1696,-1515
120000186,14,2114,-2100
120000187,18,891,-873
120000188,24,993,-969
120000190,54,103,-49
120000191,67,136,-69
120000192,78,9,69
120000193,40,3,37
120000195,9,0,9
120000196,11,6,5
120000197,11,10,1
120000198,651,18,633
120000199,902,1,901
120000200,592,4,588
120000201,134,171,-37
120000202,0,44,-44
120000203,570,142,428
120000207,0,38,-38
120000208,4,49,-45
120000209,14,32,-18
120000210,50,10,40
120000211,829,1,828
120000212,809,1,808
120000213,539,225,314
120000214,0,60,-60
120000215,14,58,-44
120000216,701,54,647
120000217,311,1105,-794
120000218,24,428,-404
120000219,1,233,-232
120000220,1,717,-716
120000225,4539,6,4533
120000226,875,26,849
120000227,1826,132,1694
120000228,15310,6858,8452
120000230,981,28,953
120000231,2842,886,1956
120000233,1332,11,1321
120000235,551,595,-44
120000236,2873,6,2867
120000237,1,1130,-1129
120000238,4,823,-819
120000241,1917,7620,-5703
120000412,459,21,438
120000413,1622,301,1321
120000414,667,19,648
120000415,15,84,-69
120000416,346,17,329
120000417,39,710,-671
120000418,844,17,827
120000419,28,87,-59
120000420,133,8,125
120000421,10131,4963,5168
120000422,134,5946,-5812
120000423,5,247,-242
120000424,730,102,628
120000436,171,2361,-2190
120000437,87,138,-51
120000438,2182,348,1834
120000439,547,1253,-706
120000443,288,0,288
120000444,3111,803,2308
120000445,3922,2502,1420
120000446,4315,275,4040
120000447,980,64,916
120000449,526,10,516
120000450,25,142,-117
120000451,486,317,169
120000452,1230,6,1224
120000453,0,66,-66
120000454,40,105,-65
120000455,218,75,143
120000456,2460,9858,-7398
120000457,601,433,168
120000458,508,902,-394
120000459,385,116,269
120000665,100,635,-535
120000668,203,4117,-3914
120000669,628,163,465
120000670,104,1330,-1226
120000671,5937,1565,4372
120000672,127,558,-431
120900001,140,64,76
120900002,137,927,-790
120900003,248,14,234
120900004,44,271,-227
120900005,46,304,-258
120900006,1405,209,1196
120900007,477,88,389
120900008,1002,506,496
120900009,317,45,272
120900010,1317,256,1061
120900011,49,564,-515
120900012,42,1891,-1849
120900013,690,207,483
120900014,1,317,-316
120900015,1653,352,1301
120900016,3654,141,3513
120900017,2609,44,2565
120900018,369,185,184
120900019,638,677,-39
120900020,433,1055,-622
120900021,616,257,359
120900022,19,284,-265
120900023,623,143,480
120900024,1864,564,1300
120900025,1325,1056,269
120900026,216,177,39
120900027,547,49,498
120900028,964,328,636
120900029,19,1668,-1649
120900030,4355,823,3532
120900031,648,170,478
120900032,2467,108,2359
120900033,2580,168,2412
120900034,51,7013,-6962
120900035,163,102,61
120900037,815,46,769
120900038,412,690,-278
120900039,313,39,274
120900040,746,2,744
120900041,43,34,9
120900042,968,38,930
120900043,149,105,44
120900044,3,880,-877
120900045,333,68,265
120900046,1480,19,1461
120900047,323,327,-4
120900048,448,29,419
120900049,1172,4,1168
120900050,1299,5178,-3879
120900051,646,110,536
120900052,2261,21,2240
120900053,990,44,946
120900054,1400,410,990
120900055,1566,14,1552
120900056,1735,56,1679
120900057,744,21,723
120900058,1364,1,1363
120900059,453,9,444
120900060,128,15,113
120900061,405,260,145
120900062,896,7,889
120900063,2604,44,2560
120900064,1619,2,1617
120900065,1600,0,1600
120900066,1746,196,1550
120900067,461,148,313
120900068,724,1,723
120900069,1316,23,1293
120900071,75,0,75
120900072,2405,21,2384
120900073,2321,58,2263
120900074,2058,61,1997
120900076,1264,2,1262
120900077,1737,256,1481
120900078,1642,329,1313
120900079,2657,106,2551
120900080,2803,341,2462
120900081,3460,405,3055
120900082,376,759,-383
120900083,263,133,130
120900084,1276,713,563
120900085,54,99,-45
120900086,35,1202,-1167
120900087,694,327,367
120900088,307,1371,-1064
120900089,1850,7146,-5296
120900090,743,33,710
120900091,266,1055,-789
120900092,190,242,-52
120900093,1372,104,1268
120900094,339,200,139
120900095,534,10,524
120900096,179,161,18
120900097,853,666,187
120900098,131,153,-22
120900099,65,80,-15
120900100,112,166,-54
120900101,54,173,-119
120900102,107,76,31
120900103,235,272,-37
120900104,22,59,-37
120900105,63,723,-660
120900106,285,234,51
120900107,82,121,-39
120900108,65,262,-197
120900109,40,401,-361
120900110,22,162,-140
120900111,220,177,43
120900112,45,200,-155
120900113,80,432,-352
120900114,52,143,-91
120900115,193,382,-189
120900116,1578,126,1452
120900117,13,94,-81
120900118,64,142,-78
120900119,11285,2786,8499
120900120,127,875,-748
120900121,56,297,-241
120900122,1962,149,1813
120900123,26,92,-66
120900124,3,162,-159
120900125,17,422,-405
120900126,235,525,-290
120900127,32,133,-101
120900128,473,651,-178
120900129,28,126,-98
120900130,11,211,-200
120900131,244,192,52
120900132,2391,142,2249
120900133,86,657,-571
120900134,266,233,33
120900135,6,189,-183
120900136,53,148,-95
120900137,660,116,544
120900138,7,142,-135
120900139,3,165,-162
120900140,7,233,-226
120900141,386,369,17
120900142,37,132,-95
120900143,1,135,-134
120900144,0,25,-25
120900145,221,2180,-1959
120900146,1,112,-111
120900147,62,45,17
120900148,351,88,263
120900149,0,134,-134
120900150,103,218,-115
120900151,1,99,-98
120900152,0,4,-4
120900153,2,0,2
120900154,7,145,-138
120900155,394,296,98
120900156,498,143,355
120900157,0,0,0
120900158,150,230,-80
120900159,3,46,-43
120900160,75,509,-434
120900161,107,370,-263
120900162,54,625,-571
120900163,130,1091,-961
120900164,0,55,-55
120900165,2,145,-143
120900166,89,1235,-1146
120900167,132,95,37
120900169,275,282,-7
120900170,205,8214,-8009
120900171,516,78,438
120900172,35,2579,-2544
120900173,21,87,-66
120900174,3,134,-131
120900175,333,193,140
120900176,83,662,-579
120900177,5,3235,-3230
120900178,2,1703,-1701
120900179,113,268,-155
120900180,54,372,-318
120900181,59,25,34
120900182,107,173,-66
120900183,1188,67,1121
120900184,423,82,341
120900185,1239,3024,-1785
120900186,0,109,-109
120900187,1196,612,584
120900188,734,29,705
120900189,97,7883,-7786
120900190,612,12,600
120900191,371,27,344
120900192,6780,28005,-21225
120900194,112,261,-149
120900195,90,255,-165
120900196,313,134,179
120900197,1252,88,1164
120900198,163,467,-304
120900199,445,428,17
120900200,18,107,-89
120900201,227,98,129
120900202,2,179,-177
120900203,75,66,9
120900204,105,139,-34
120900205,265,13,252
120900206,167,71,96
120900207,28,839,-811
121000001,1177,4640,-3463
121000002,3247,3663,-416
121000003,11768,3573,8195
121000004,3026,5147,-2121
121000005,3875,4729,-854
121000006,4055,4549,-494
121000007,4403,10699,-6296
121000008,4884,7748,-2864
121000009,7515,14168,-6653
121000010,9321,9422,-101
121000011,9817,11339,-1522
121000012,14609,6747,7862
121000013,9798,8712,1086
121000014,7304,5692,1612
121000015,8040,11284,-3244
121000016,5594,6390,-796
121000017,3505,2013,1492
121000018,5306,2695,2611
121000019,11045,9321,1724
121000020,12190,18343,-6153
121000021,2361,2556,-195
121000022,3308,4769,-1461
121000023,3423,1092,2331
121000024,5861,7052,-1191
121000025,762,2456,-1694
121000026,653,327,326
121000027,2179,2010,169
121000028,1337,1295,42
121000029,1388,930,458
121000030,1095,962,133
121000031,701,1465,-764
121000032,244,229,15
121000034,613,2377,-1764
121000035,478,920,-442
121000036,1601,2096,-495
121000037,796,2852,-2056
121000038,413,1794,-1381
121000039,264,695,-431
121000041,715,735,-20
121000042,220,609,-389
121000043,812,806,6
121000044,2135,1994,141
121000045,585,274,311
121000046,1095,1670,-575
121000047,50,105,-55
121000049,1371,1106,265
121000050,435,3517,-3082
121000051,849,696,153
121000052,533,1993,-1460
121000053,976,526,450
121000054,112,1085,-973
121000055,1307,5997,-4690
121000056,1503,2289,-786
121000057,296,761,-465
121000058,275,120,155
121000059,4587,2259,2328
121000060,623,1658,-1035
121000061,35,601,-566
121000062,196,2233,-2037
121000063,1292,1835,-543
121000064,862,1380,-518
121000065,160,1009,-849
121000066,1091,2403,-1312
121000067,613,1562,-949
121000068,570,721,-151
121000069,222,2102,-1880
121000070,1459,2928,-1469
121000071,2439,3490,-1051
121000072,860,3307,-2447
121000073,1458,2607,-1149
121000074,106,618,-512
121000075,11,401,-390
121000076,500,813,-313
121000077,192,243,-51
121000078,199,402,-203
121000080,4562,1079,3483
121000081,7150,5949,1201
121000082,117,639,-522
121000083,50,336,-286
121000084,378,373,5
121000085,611,815,-204
121000086,2374,610,1764
121000087,115,332,-217
121000088,982,824,158
121000089,239,787,-548
121000090,336,683,-347
121000091,1854,1115,739
121000092,304,130,174
121000093,459,506,-47
121000094,443,1300,-857
121000095,154,1222,-1068
121000096,9931,2684,7247
121000097,801,3715,-2914
121000098,976,773,203
121000099,1412,753,659
121000100,1418,288,1130
121000101,596,239,357
121000102,544,142,402
121000103,352,155,197
121000104,555,61,494
121000105,744,136,608
121000106,443,257,186
121000107,2151,4144,-1993
121000109,1780,1064,716
121000110,205,985,-780
121000114,5694,3899,1795
121000115,5813,983,4830
121000116,513,1444,-931
121000117,349,553,-204
121000118,2404,582,1822
121000119,510,381,129
121000120,764,625,139
121000121,545,3642,-3097
121000123,981,589,392
121000127,112,234,-122
121000128,1719,214,1505
121000129,1617,180,1437
121000130,838,824,14
121000131,1821,885,936
121000132,735,967,-232
121000135,199,161,38
121000136,1113,2776,-1663
121000137,2130,683,1447
121000138,579,2076,-1497
121000139,167,660,-493
121000141,414,494,-80
121000142,709,888,-179
121000143,131,25,106
121000144,725,850,-125
121000145,1247,1226,21
121000146,1825,2544,-719
121000147,2299,1046,1253
121000148,1368,1261,107
121000149,4024,3561,463
121000152,384,566,-182
121000153,2284,788,1496
121000154,2685,918,1767
121000155,6204,2142,4062
121000156,683,1752,-1069
121000157,1386,1607,-221
121000158,395,462,-67
121000159,312,637,-325
121000160,327,826,-499
121000161,476,414,62
121000162,207,71,136
121000165,1527,2280,-753
121000166,70,790,-720
121000168,651,382,269
121000169,162,359,-197
121000170,454,99,355
121000171,173,406,-233
121000172,2037,2691,-654
121000173,2630,2353,277
121000174,1289,1075,214
121000175,2962,1427,1535
121000176,1037,596,441
121000177,1146,1438,-292
121000178,69,170,-101
121000179,89,99,-10
121000181,446,466,-20
121000182,328,791,-463
121000183,43,246,-203
121000184,19,412,-393
121000185,61,670,-609
121000186,464,1444,-980
121000187,448,132,316
121000188,668,135,533
121000192,1315,516,799
121000193,1076,611,465
121000194,3564,3467,97
121000195,462,2726,-2264
121000196,1053,979,74
121000197,188,3145,-2957
121000198,228,518,-290
121000199,264,1485,-1221
121000200,889,473,416
121000201,22,688,-666
121000202,773,397,376
121000203,1117,3201,-2084
121000204,4729,890,3839
121000205,137,396,-259
121000206,125,187,-62
121000207,3301,689,2612
121000208,8,499,-491
121000209,1606,120,1486
121000210,1256,762,494
121000211,924,154,770
121000212,580,1039,-459
121000213,32703,5220,27483
121000214,2640,3408,-768
121000215,919,4914,-3995
121000216,886,1131,-245
121000217,6075,5864,211
121000218,651,4771,-4120
121000219,2748,1796,952
121000220,527,211,316
121000221,434,1148,-714
121000222,10281,6156,4125
121000223,357,1732,-1375
121000224,285,1008,-723
121000225,985,10635,-9650
121000226,1215,4013,-2798
121000227,23,246,-223
121000228,49,1320,-1271
121000229,926,1095,-169
121000230,180,5510,-5330
121000231,3415,21,3394
121000232,1097,551,546
121000233,1351,624,727
121000234,8,67,-59
121000235,61,99,-38
121000236,5,83,-78
121000237,22,40,-18
121000238,5,105,-100
121000239,94,8,86
121000240,14,213,-199
121000241,144,15,129
121000242,88,609,-521
121000243,215,83,132
121000244,3,70,-67
121000245,48,33,15
121000246,1,111,-110
121000247,145,6,139
121000248,774,1019,-245
121000249,158,838,-680
121000250,852,1102,-250
121000251,9,511,-502
121000252,176,291,-115
121000253,870,1726,-856
121000254,1434,768,666
121000255,237,1195,-958
121000256,484,896,-412
121000257,41,313,-272
121000258,76,436,-360
121000259,42,358,-316
121000260,41,668,-627
121000261,28,575,-547
121000262,4609,411,4198
121000263,539,662,-123
121000271,2042,2698,-656
121000273,72,62,10
121000274,24,396,-372
121000275,29,72,-43
121000276,16,118,-102
121000278,134,209,-75
121000279,78,174,-96
121000280,48,221,-173
121000289,973,18,955
121000290,3089,2812,277
121000294,456,41,415
121000297,506,1988,-1482
121000299,208,9023,-8815
121000300,3052,1206,1846
121000302,18,948,-930
121000303,1057,387,670
121000304,747,98,649
121000305,532,145,387
121000306,464,613,-149
121000308,44,389,-345
121000309,242,609,-367
121000310,98,531,-433
121000311,49,386,-337
121000312,1169,800,369
121000313,535,345,190
121000314,28,57,-29
121000315,16,98,-82
121000530,3265,3665,-400
121000531,3647,2562,1085
121000532,7300,7010,290
121000533,4789,5038,-249
121000918,9,80,-71
121000919,52,145,-93
121000938,144,86,58
121000939,72,413,-341
121000956,2218,3467,-1249
121000957,12,91,-79
121000958,6,825,-819
121000959,2248,448,1800
121000960,2665,2109,556
121000961,671,93,578
121000962,598,541,57
121000973,0,529,-529
121000976,3,90,-87
121000979,842,250,592
121000981,774,140,634
121000982,721,415,306
121000983,1066,208,858
121000984,8,122,-114
121000985,1602,832,770
121000986,1069,587,482
121000987,435,1142,-707
121000988,1877,207,1670
121001302,544,295,249
121001308,1,137,-136
121001309,67,528,-461
121001313,430,85,345
121001314,2834,1943,891
121001315,7748,5177,2571
121001326,1132,563,569
121900001,177,634,-457
121900002,69,426,-357
121900003,485,27,458
121900004,63,2051,-1988
121900005,22,11,11
121900006,253,25,228
121900007,3586,2439,1147
121900008,53,310,-257
121900009,2090,40,2050
121900010,385,8,377
121900011,258,128,130
121900012,2,6,-4
121900013,187,123,64
121900014,6775,683,6092
121900015,210,295,-85
121900016,23,54,-31
121900017,901,1741,-840
121900018,1030,15,1015
121900019,1008,274,734
121900020,137,0,137
121900021,1405,104,1301
121900022,289,336,-47
121900023,366,670,-304
121900024,1116,68,1048
121900025,966,1003,-37
121900026,559,142,417
121900027,601,318,283
121900028,448,24,424
121900029,130,623,-493
121900030,473,948,-475
121900031,2525,9321,-6796
121900032,310,147,163
121900033,194,402,-208
121900034,209,832,-623
121900035,14560,6189,8371
121900036,260,735,-475
121900037,113,2068,-1955
121900038,60,212,-152
121900039,385,35,350
121900040,60,149,-89
121900041,39,315,-276
121900042,557,271,286
121900043,1,2,-1
121900044,112,28,84
121900046,178,339,-161
121900047,288,124,164
121900048,105,133,-28
121900050,30,108,-78
121900051,229,608,-379
121900052,291,85,206
121900053,642,637,5
121900054,442,3322,-2880
121900055,6,19,-13
121900058,530,816,-286
121900059,414,212,202
121900060,199,1168,-969
121900061,230,112,118
121900062,152,75,77
121900063,2456,977,1479
121900064,666,1195,-529
121900066,133,41,92
121900067,76,60,16
121900069,265,424,-159
121900070,135,353,-218
121900071,1173,591,582
121900072,85,310,-225
121900073,241,609,-368
121900074,593,643,-50
121900075,447,1440,-993
121900076,648,3097,-2449
121900077,7,4,3
121900078,196,64,132
121900079,0,1,-1
121900080,1342,297,1045
121900082,131,190,-59
121900084,29,40,-11
121900085,0,1,-1
121900086,43,46,-3
121900087,81,218,-137
121900088,2335,2854,-519
121900089,589,377,212
121900090,5,41,-36
121900091,158,72,86
121900092,176,100,76
121900093,121,105,16
121900094,23,25,-2
121900095,646,160,486
121900096,1294,1275,19
121900097,1286,169,1117
121900098,20,7,13
121900099,355,22,333
121900100,79,175,-96
121900101,92,194,-102
121900102,2,134,-132
121900103,511,532,-21
121900104,3319,883,2436
121900105,352,194,158
121900106,9,7,2
121900107,200,27,173
121900108,0,31,-31
121900109,322,182,140
121900110,1216,968,248
121900111,1143,721,422
121900112,217,347,-130
121900113,120,804,-684
121900114,59,131,-72
121900117,170,803,-633
121900118,4450,1211,3239
121900119,183,99,84
121900120,347,1168,-821
121900121,779,36,743
121900122,71,36,35
121900123,506,508,-2
121900124,429,334,95
121900125,6380,2313,4067
121900127,16,226,-210
121900128,138,143,-5
121900129,385,115,270
121900130,118,826,-708
121900131,511,287,224
121900132,104,151,-47
121900133,13,734,-721
121900134,18,825,-807
121900135,7303,735,6568
121900136,423,622,-199
121900137,39,568,-529
121900138,39,518,-479
121900139,573,5762,-5189
121900140,57,126,-69
121900141,84,111,-27
121900142,121,58,63
121900143,43,77,-34
121900144,182,1093,-911
121900145,203,293,-90
121900146,569,1036,-467
121900147,58,764,-706
121900148,365,671,-306
121900149,495,441,54
121900150,90,644,-554
121900151,61,680,-619
121900152,226,50,176
121900153,10,189,-179
121900154,19,771,-752
121900155,10,1018,-1008
121900156,243,346,-103
121900157,2,406,-404
121900158,184,180,4
121900159,1,133,-132
121900160,52,311,-259
121900161,202,616,-414
121900162,130,441,-311
121900163,752,223,529
121900164,258,493,-235
121900165,221,397,-176
121900166,185,224,-39
121900167,69,69,0
121900168,159,66,93
121900169,38,602,-564
121900170,15,104,-89
121900171,1244,1216,28
121900172,1054,649,405
121900173,1342,735,607
121900174,87,69,18
121900175,87,1972,-1885
121900176,831,3446,-2615
121900177,172,171,1
121900178,77,133,-56
121900179,451,651,-200
121900180,2329,8575,-6246
121900182,1042,1689,-647
121900183,303,2540,-2237
121900184,36,1488,-1452
121900186,16,785,-769
121900187,33,196,-163
121900188,2600,198,2402
121900189,185,109,76
121900190,337,804,-467
121900191,50,1373,-1323
121900192,436,4362,-3926
121900193,78,601,-523
121900194,10,236,-226
121900195,9,42,-33
121900196,2170,1371,799
121900197,505,1883,-1378
121900198,6373,4741,1632
121900199,1,18,-17
121900200,50,521,-471
121900201,1941,1103,838
121900202,402,1651,-1249
121900203,100,2170,-2070
121900204,3382,2146,1236
121900205,8,207,-199
121900206,16,300,-284
121900207,83,110,-27
121900208,111,1163,-1052
121900209,60,96,-36
121900210,3977,1728,2249
121900211,1988,666,1322
121900212,44,201,-157
121900213,766,44,722
121900214,1,617,-616
121900215,74,506,-432
121900216,12,658,-646
121900217,557,424,133
121900218,239,1086,-847
121900220,154,28,126
121900221,1128,724,404
121900222,561,115,446
121900223,294,195,99
121900224,205,193,12
121900225,238,1412,-1174
121900226,338,33,305
121900227,454,5836,-5382
121900228,290,158,132
121900230,125,605,-480
121900231,52,2385,-2333
121900232,267,1146,-879
121900233,1271,318,953
121900234,461,807,-346
121900235,1009,179,830
121900236,463,466,-3
121900237,415,1713,-1298
121900238,361,813,-452
121900239,140,97,43
121900240,209,339,-130
121900241,62,41,21
121900242,58,1,57
121900243,3,0,3
121900244,23,1,22
121900245,784,61,723
121900246,12165,800,11365
121900248,3177,1112,2065
121900250,126,451,-325
121900251,1222,19,1203
121900252,493,265,228
121900253,64,1966,-1902
121900254,340,543,-203
121900255,1147,325,822
121900258,8361,2247,6114
121900259,135,723,-588
121900260,213,254,-41
121900261,142,1205,-1063
121900262,1101,2397,-1296
121900263,378,261,117
121900264,1538,1104,434
121900265,632,287,345
121900266,1005,210,795
121900267,348,39,309
121900269,777,1573,-796
121900270,81,410,-329
121900271,81,288,-207
121900273,562,3092,-2530
121900274,648,345,303
121900277,318,3224,-2906
121900278,133,4168,-4035
121900279,321,355,-34
121900280,70,355,-285
121900281,159,742,-583
121900284,68,4,64
121900286,254,269,-15
121900287,9,109,-100
121900288,3,2,1
121900290,302,2603,-2301
121900291,565,2682,-2117
121900292,200,216,-16
121900293,1211,12568,-11357
121900294,738,6,732
121900295,238,123,115
121900296,116,435,-319
121900298,198,2124,-1926
121900299,0,14,-14
121900300,61,10,51
121900301,39,0,39
121900302,3,172,-169
121900303,167,1587,-1420
121900304,56,59,-3
121900305,69,55,14
121900306,621,4,617
121900307,289,15,274
121900308,13,394,-381
121900309,24,346,-322
121900310,24,248,-224
121900311,1092,45,1047
121900312,873,59,814
121900313,813,57,756
121900314,9,7,2
121900315,94,1,93
121900316,1,14,-13
121900317,19,4,15
121900318,2,2,0
121900319,90,397,-307
121900320,150,27,123
121900321,45,15,30
121900322,13,16,-3
121900323,104,42,62
121900324,4,77,-73
121900325,58,3,55
121900326,3,2,1
121900327,9,65,-56
121900328,2,117,-115
121900329,12,47,-35
121900330,3,111,-108
121900331,41,19,22
121900332,104,41,63
121900333,215,3,212
121900334,106,50,56
122000001,1895,5590,-3695
122000002,2866,1102,1764
122000003,1270,3030,-1760
122000004,1483,1439,44
122000005,9591,2838,6753
122000006,599,1747,-1148
122000007,772,2184,-1412
122000008,1335,3820,-2485
122000009,666,658,8
122000010,3219,3621,-402
122000011,8152,3042,5110
122000012,1034,5679,-4645
122000013,718,2894,-2176
122000014,8469,2865,5604
122000015,1710,1351,359
122000016,575,736,-161
122000017,1848,2103,-255
122000018,4820,3691,1129
122000019,1133,3774,-2641
122000020,201,883,-682
122000021,163,422,-259
122000022,1915,2704,-789
122000023,1666,3726,-2060
122000024,522,4756,-4234
122000025,655,4915,-4260
122000026,342,1436,-1094
122000027,1151,1145,6
122000028,3656,1227,2429
122000029,337,2717,-2380
122000030,210,374,-164
122000031,286,1074,-788
122000032,8196,4897,3299
122000033,520,5909,-5389
122000034,338,1554,-1216
122000035,270,656,-386
122000036,603,1567,-964
122000037,1733,348,1385
122000038,243,891,-648
122000039,686,1515,-829
122000040,183,622,-439
122000041,2575,1643,932
122000042,611,1490,-879
122000043,142,356,-214
122000044,62,236,-174
122000045,3704,1570,2134
122000046,1392,2712,-1320
122000047,46,462,-416
122000048,2434,5349,-2915
122000049,10879,6394,4485
122000050,700,1081,-381
122000051,338,851,-513
122000052,918,729,189
122000053,376,1785,-1409
122000054,2349,4082,-1733
122000055,2152,5164,-3012
122000056,4382,2678,1704
122000057,6816,4237,2579
122000058,734,1913,-1179
122000059,823,4085,-3262
122000060,290,1520,-1230
122000061,178,1084,-906
122000062,785,391,394
122000063,231,1684,-1453
122000064,3251,9783,-6532
122000065,2899,7421,-4522
122000066,908,5579,-4671
122000067,1760,3566,-1806
122000068,8283,2278,6005
122000069,2497,2539,-42
122000070,2697,2397,300
122000071,6685,1863,4822
122000072,2611,1273,1338
122000073,197,2560,-2363
122000074,3456,3504,-48
122000075,1691,1555,136
122000076,11653,3215,8438
122000077,712,3379,-2667
122000078,463,3812,-3349
122000079,252,4766,-4514
122000080,705,987,-282
122000081,154,477,-323
122000082,241,1992,-1751
122000083,16373,1310,15063
122000084,8184,2739,5445
122000085,540,1647,-1107
122000086,5921,13572,-7651
122000087,343,293,50
122000088,36,351,-315
122000089,11871,4842,7029
122000090,1302,3344,-2042
122000091,145,2575,-2430
122000092,27,158,-131
122000093,2326,9891,-7565
122000094,12598,4981,7617
122000095,951,9576,-8625
122000096,544,5336,-4792
122000098,6984,5907,1077
122000099,703,3810,-3107
122000100,963,1017,-54
122000101,392,1094,-702
122000102,8287,2172,6115
122000103,1538,5297,-3759
122000104,3159,276,2883
122000105,319,892,-573
122000106,735,2855,-2120
122000107,1946,598,1348
122000108,1029,1292,-263
122000109,587,312,275
122000110,1211,898,313
122000111,4985,2254,2731
122000112,3335,2980,355
122000113,832,1600,-768
122000114,1871,6186,-4315
122000115,3684,1971,1713
122000116,319,759,-440
122000117,2448,616,1832
122000118,1154,596,558
122000119,3197,1402,1795
122000120,751,2719,-1968
122000121,753,1716,-963
122000122,297,733,-436
122000123,1390,1835,-445
122000124,779,576,203
122000125,496,798,-302
122000126,424,600,-176
122000127,384,661,-277
122000128,285,391,-106
122000129,656,3575,-2919
122000130,4014,1161,2853
122000131,1635,908,727
122000132,384,441,-57
122000133,1142,942,200
122000134,1769,999,770
122000135,634,298,336
122000136,1091,638,453
122000137,4029,1764,2265
122000139,1305,6063,-4758
122000140,221,2993,-2772
122000141,10198,5957,4241
122000142,204,7074,-6870
122000143,340,481,-141
122000144,2470,2308,162
122000145,1037,2447,-1410
122000146,539,6422,-5883
122000147,595,1682,-1087
122000148,330,2367,-2037
122000149,2741,1396,1345
122000150,2173,1807,366
122000151,171,583,-412
122000152,580,616,-36
122000153,628,767,-139
122000154,361,278,83
122000155,1991,4654,-2663
122000156,15603,7097,8506
122000157,727,15830,-15103
122000158,437,2083,-1646
122000159,1028,1624,-596
122000160,2740,1737,1003
122000161,1379,1141,238
122000162,1228,1294,-66
122000163,786,208,578
122000164,80,418,-338
122000165,1541,2569,-1028
122000166,929,3945,-3016
122000167,567,1202,-635
122000168,342,2661,-2319
122000169,651,424,227
122000170,377,537,-160
122000171,60,118,-58
122000172,3741,2200,1541
122000173,2595,4965,-2370
122000174,1441,3944,-2503
122000175,993,693,300
122000176,561,2624,-2063
122000177,996,2433,-1437
122000178,8748,5945,2803
122000179,4775,5130,-355
122000180,780,1408,-628
122000181,933,2121,-1188
122000182,2005,1649,356
122000183,4427,1433,2994
122000184,4550,4587,-37
122000185,1302,5212,-3910
122000186,1270,3879,-2609
122000187,2722,3545,-823
122000188,678,543,135
122000189,375,545,-170
122000190,651,2982,-2331
122000191,1285,1233,52
122000192,1600,828,772
122000193,753,1761,-1008
122000194,693,736,-43
122000195,205,2386,-2181
122000196,1287,566,721
122000197,583,1166,-583
122000198,573,4347,-3774
122000199,558,704,-146
122000200,1190,1211,-21
122000201,1847,4696,-2849
122000202,1023,4013,-2990
122000203,2839,2156,683
122000204,1356,1520,-164
122000205,859,648,211
122000206,12762,2087,10675
122000207,2298,4379,-2081
122000208,2747,6182,-3435
122000209,3415,1331,2084
122000210,2463,6124,-3661
122000211,1406,3907,-2501
122000212,1126,708,418
122000213,1368,3151,-1783
122000214,2932,3015,-83
122000215,4287,2734,1553
122000217,2083,4910,-2827
122000218,1125,170,955
122000219,3012,1621,1391
122000220,430,1221,-791
122000221,311,673,-362
122000222,805,153,652
122000223,817,1016,-199
122000225,893,676,217
122000226,1312,1668,-356
122000227,234,1810,-1576
122000228,265,376,-111
122000229,17,410,-393
122000230,51,1037,-986
122000231,348,736,-388
122000232,717,757,-40
122000233,0,67,-67
122000234,721,117,604
122000235,947,132,815
122000236,2069,67,2002
122000237,119,189,-70
122000238,408,977,-569
122000239,1023,458,565
122000240,1880,671,1209
122000241,4320,874,3446
122000242,735,187,548
122000243,828,56,772
122000244,103,380,-277
122000245,198,104,94
122000246,614,317,297
122000247,864,506,358
122000248,2078,796,1282
122000249,2567,1545,1022
122000250,3656,1761,1895
122000251,273,190,83
122000252,184,115,69
122000253,61,233,-172
122000254,615,139,476
122000255,652,865,-213
122000256,331,819,-488
122000257,592,179,413
122000258,349,507,-158
122000259,102,548,-446
122000260,14,153,-139
122000261,10,529,-519
122000262,0,28,-28
122000263,374,377,-3
122000264,3009,858,2151
122000265,5213,2062,3151
122000266,6197,1159,5038
122000267,196,203,-7
122000268,249,655,-406
122000269,1454,632,822
122000270,1036,665,371
122000271,299,5905,-5606
122000272,493,1928,-1435
122000273,835,951,-116
122000274,386,380,6
122000275,70,302,-232
122000276,1828,638,1190
122000277,1566,2697,-1131
122000278,2885,333,2552
122000279,298,434,-136
122000280,897,866,31
122000281,630,552,78
122000282,100,543,-443
122000283,353,292,61
122000284,119,180,-61
122000285,550,116,434
122000286,131,121,10
122000287,2387,1648,739
122000288,724,354,370
122000291,5185,1317,3868
122000293,388,196,192
122000294,192,700,-508
122000295,1822,311,1511
122000296,53,2117,-2064
122000297,2692,5676,-2984
122000299,960,428,532
122000300,595,538,57
122000301,13735,5094,8641
122000302,618,5992,-5374
122000303,3038,1288,1750
122000304,22,438,-416
122000305,2992,993,1999
122000306,201,372,-171
122000307,165,211,-46
122000309,72,65,7
122000310,57,129,-72
122000311,60,167,-107
122000312,233,343,-110
122000313,30,181,-151
122000314,285,743,-458
122000315,493,65,428
122000316,2069,566,1503
122000317,4896,494,4402
122000318,442,2557,-2115
122000319,198,467,-269
122000320,622,1599,-977
122000321,136,367,-231
122000322,2734,3425,-691
122000323,729,3724,-2995
122000324,2564,3866,-1302
122000325,1051,5675,-4624
122000326,262,134,128
122000327,400,2282,-1882
122000328,687,1688,-1001
122000330,4224,4371,-147
122000332,464,246,218
122000333,51,81,-30
122000337,1573,620,953
122000338,701,213,488
122000340,298,6424,-6126
122000342,3029,1197,1832
122000343,869,629,240
122000344,191,11,180
122000345,14,30,-16
122000346,217,156,61
122000348,648,936,-288
122000349,96,1208,-1112
122000351,354,451,-97
122000352,248,270,-22
122000353,196,141,55
122000355,227,512,-285
122000356,347,3978,-3631
122000357,91,13,78
122000358,10,29,-19
122000359,0,29,-29
122000360,1,26,-25
122000362,14,42,-28
122000364,434,247,187
122000365,8,53,-45
122000366,13,8,5
122000368,608,1012,-404
122000370,11,32,-21
122000371,62,0,62
122000372,5,1,4
122000381,331,706,-375
122000382,80,638,-558
122000384,1558,1693,-135
122000385,119,0,119
122000386,189,3661,-3472
122000387,495,3348,-2853
122000388,1904,3510,-1606
122000389,331,2741,-2410
122000390,463,1493,-1030
122000391,105,2411,-2306
122000392,218,474,-256
122000393,71,221,-150
122000394,1341,317,1024
122000395,278,253,25
122000396,613,128,485
122000397,48,140,-92
122000398,10,341,-331
122000399,121,120,1
122000400,25,2493,-2468
122000401,227,70,157
122000402,675,361,314
122000403,934,700,234
122000404,415,400,15
122000408,698,1042,-344
122000503,3,141,-138
122000524,46,856,-810
122000544,92,4472,-4380
122000616,287,3,284
122000640,182,94,88
122000641,325,311,14
122000642,2336,734,1602
122000643,56,479,-423
122000644,337,115,222
122000645,45,250,-205
122000651,452,4597,-4145
122000664,369,211,158
122000665,2863,1134,1729
122000666,571,1284,-713
122000673,122,228,-106
122000674,1096,601,495
122000675,3848,934,2914
122000686,883,4486,-3603
122000687,3201,497,2704
122000688,364,1069,-705
122000689,1857,557,1300
122000690,5579,1220,4359
122000691,1434,1869,-435
122000692,1759,327,1432
122000693,424,1101,-677
122000695,593,339,254
122000696,1276,260,1016
122000698,720,339,381
122000699,740,114,626
122000701,4970,331,4639
122000702,833,1891,-1058
122000703,374,176,198
122000712,0,0,0
122000717,123,159,-36
122000718,557,5910,-5353
122000719,32,280,-248
122000720,1605,176,1429
122000724,333,274,59
122900001,29,30,-1
122900002,992,11892,-10900
122900003,1058,40,1018
122900004,2086,178,1908
122900005,27,106,-79
122900006,335,933,-598
122900007,164,643,-479
122900008,179,112,67
122900009,1645,421,1224
122900010,334,165,169
122900012,237,584,-347
122900014,100,120,-20
122900015,1727,1146,581
122900016,269,194,75
122900017,403,3563,-3160
122900018,243,8,235
122900019,19,345,-326
122900020,372,372,0
122900021,141,718,-577
122900022,2012,1437,575
122900024,326,184,142
122900025,18,399,-381
122900026,32,192,-160
122900027,23,1129,-1106
122900028,70,70,0
122900029,14335,2856,11479
122900030,6343,758,5585
122900031,24,659,-635
122900032,1902,750,1152
122900033,259,274,-15
122900034,8036,6657,1379
122900035,91,9,82
122900036,54,96,-42
122900037,767,889,-122
122900038,168,4502,-4334
122900039,89,689,-600
122900040,360,2338,-1978
122900041,214,744,-530
122900042,296,456,-160
122900043,629,609,20
122900044,258,617,-359
122900045,300,696,-396
122900046,168,564,-396
122900047,99,289,-190
122900048,29,430,-401
122900049,7480,256,7224
122900051,54,2248,-2194
122900052,231,135,96
122900053,33,33,0
122900055,502,78,424
122900057,452,50,402
122900061,755,45,710
122900062,825,965,-140
122900063,349,165,184
122900064,1200,525,675
122900065,681,73,608
122900066,992,509,483
122900067,833,479,354
122900069,813,3066,-2253
122900070,520,82,438
122900071,120,430,-310
122900072,15,177,-162
122900073,20,150,-130
122900074,1415,239,1176
122900075,3,354,-351
122900076,9,679,-670
122900077,8,70,-62
122900078,378,18,360
122900080,47,63,-16
122900081,159,505,-346
122900082,1845,150,1695
122900083,293,50,243
122900084,18,190,-172
122900086,19,159,-140
122900087,565,713,-148
122900088,52,1222,-1170
122900089,61,734,-673
122900090,12,282,-270
122900091,538,1,537
122900092,0,212,-212
122900093,0,106,-106
122900094,1,187,-186
122900095,294,39,255
122900096,673,235,438
122900097,37,48,-11
122900098,30,182,-152
122900099,172,73,99
122900100,94,1009,-915
122900101,839,443,396
122900102,104,43,61
122900103,542,2,540
122900104,496,14,482
122900105,66,21,45
122900106,1,48,-47
122900107,1,82,-81
122900108,1,199,-198
122900109,1014,200,814
123000001,885,2050,-1165
123000002,3190,9325,-6135
123000003,7666,6710,956
123000004,5529,5059,470
123000005,5234,3549,1685
123000006,4523,2405,2118
123000007,5883,3932,1951
123000008,3968,4343,-375
123000009,5892,5239,653
123000010,4133,7840,-3707
123000011,2514,3824,-1310
123000012,1031,10191,-9160
123000013,9124,2934,6190
123000014,1073,5163,-4090
123000015,3796,1696,2100
123000016,4295,3836,459
123000017,7079,2526,4553
123000018,170,167,3
123000019,1363,54,1309
123000020,793,35,758
123000021,346,472,-126
123000022,1162,3251,-2089
123000023,3609,4782,-1173
123000024,3166,2116,1050
123000025,643,343,300
123000026,80,328,-248
123000027,60,1399,-1339
123000028,483,2897,-2414
123000029,340,1736,-1396
123000030,323,288,35
123000031,663,248,415
123000032,1208,263,945
123000033,792,334,458
123000034,1937,1289,648
123000035,648,857,-209
123000036,326,2409,-2083
123000037,370,171,199
123000038,70,587,-517
123000039,1022,2300,-1278
123000040,698,290,408
123000041,658,2947,-2289
123000042,561,1896,-1335
123000043,2445,23127,-20682
123000044,3621,3563,58
123000045,5916,2878,3038
123000046,325,1867,-1542
123000047,502,2123,-1621
123000048,116,2107,-1991
123000049,6978,14882,-7904
123000050,3809,2530,1279
123000051,111,410,-299
123000052,1318,4401,-3083
123000053,3649,3348,301
123000054,4663,2855,1808
123000055,3181,8652,-5471
123000056,1874,824,1050
123000057,5002,7824,-2822
123000058,1027,2324,-1297
123000059,371,535,-164
123000060,1823,491,1332
123000061,521,617,-96
123000063,2207,1790,417
123000064,2740,347,2393
123000065,5759,4279,1480
123000066,728,796,-68
123000067,1961,963,998
123000068,2754,2729,25
123000069,3915,1722,2193
123000070,283,782,-499
123000071,4009,1181,2828
123000072,1981,948,1033
123000073,4865,1220,3645
123000074,2288,1788,500
123000075,754,3520,-2766
123000076,1527,710,817
123000077,3897,1799,2098
123000078,5787,1969,3818
123000079,4785,2514,2271
123000080,5037,1480,3557
123000081,434,780,-346
123000082,476,1175,-699
123000083,2253,304,1949
123000084,1676,825,851
123000085,954,209,745
123000086,2285,190,2095
123000087,863,276,587
123000088,2236,585,1651
123000089,2423,1898,525
123000090,3192,1135,2057
123000091,3869,2411,1458
123000092,1811,2183,-372
123000094,1370,244,1126
123000095,1814,964,850
123000096,2218,654,1564
123000097,1784,498,1286
123000098,2087,742,1345
123000099,1732,470,1262
123000100,524,1342,-818
123000101,553,532,21
123000102,1018,1741,-723
123000104,679,778,-99
123000105,605,462,143
123000106,1006,656,350
123000107,494,352,142
123000108,803,1445,-642
123000111,2311,676,1635
123000112,2469,623,1846
123000113,1093,899,194
123000114,639,1227,-588
123000115,494,643,-149
123000116,90,222,-132
123000117,3840,2002,1838
123000118,962,577,385
123000119,361,666,-305
123000120,516,1030,-514
123000121,1215,1104,111
123000122,593,599,-6
123000123,1101,921,180
123000124,708,485,223
123000125,2427,1856,571
123000126,1716,8710,-6994
123000127,603,730,-127
123000128,462,477,-15
123000129,1783,292,1491
123000130,2084,136,1948
123000131,2979,1660,1319
123000132,769,1022,-253
123000133,339,504,-165
123000134,445,186,259
123000135,4849,1737,3112
123000136,286,497,-211
123000137,236,289,-53
123000138,311,429,-118
123000139,1138,295,843
123000140,61,529,-468
123000141,903,151,752
123000142,1520,1193,327
123000143,1348,3078,-1730
123000144,7,85,-78
123000145,235,405,-170
123000146,16,367,-351
123000147,79,343,-264
123000149,493,580,-87
123000150,164,447,-283
123000151,200,842,-642
123000152,43,1169,-1126
123000153,197,1162,-965
123000154,1917,3088,-1171
123000155,2825,2766,59
123000156,62,103,-41
123000157,1378,1474,-96
123000158,919,1455,-536
123000159,5145,8936,-3791
123000160,2228,2697,-469
123000161,2453,1823,630
123000162,3099,2991,108
123000163,1523,439,1084
123000164,3803,331,3472
123000165,370,1276,-906
123000166,86,115,-29
123000167,267,370,-103
123000168,701,254,447
123000169,1991,297,1694
123000170,293,117,176
123000171,2528,20,2508
123000172,142,762,-620
123000173,1162,869,293
123000174,1316,682,634
123000175,554,1315,-761
123000176,1659,623,1036
123000177,609,918,-309
123000178,2097,290,1807
123000179,79,1033,-954
123000180,2787,750,2037
123000181,448,1010,-562
123000182,353,545,-192
123000183,269,886,-617
123000184,88,599,-511
123000185,1794,1166,628
123000186,9,363,-354
123000187,1302,14,1288
123000188,709,2,707
123000189,378,194,184
123000190,106,89,17
123000192,4,408,-404
123000193,25,664,-639
123000194,372,286,86
123000195,928,38,890
123000196,908,94,814
123000197,156,153,3
123000198,99,493,-394
123000199,12,451,-439
123000200,1215,3,1212
123000201,2723,33,2690
123000202,24,438,-414
123000203,2585,33,2552
123000204,61,489,-428
123000205,146,642,-496
123000206,5127,250,4877
123000207,100,824,-724
123000208,1466,208,1258
123000209,3364,1058,2306
123000210,162,1737,-1575
123000211,515,1790,-1275
123000212,7676,572,7104
123000213,1084,58,1026
123000215,107,370,-263
123000216,231,2394,-2163
123000217,458,59,399
123000218,23,735,-712
123000219,1524,164,1360
123000220,1005,176,829
123000221,239,447,-208
123000222,491,389,102
123000223,912,227,685
123000224,905,478,427
123000225,435,111,324
123000226,181,1005,-824
123000227,142,359,-217
123000228,679,38,641
123000229,856,1676,-820
123000232,238,477,-239
123000233,1457,232,1225
123000234,129,736,-607
123000235,2490,399,2091
123000236,528,582,-54
123000237,805,230,575
123000238,81,430,-349
123000239,534,789,-255
123000240,159,1839,-1680
123000241,666,150,516
123000242,149,373,-224
123000243,1119,1386,-267
123000244,1166,656,510
123000245,73,268,-195
123000249,840,1199,-359
123000252,1411,775,636
123000253,2729,1086,1643
123000254,1147,985,162
123000255,1649,1026,623
123000256,41,161,-120
123000257,3358,1272,2086
123000258,1433,657,776
123000259,891,595,296
123000260,1242,375,867
123000261,603,228,375
123000262,84,208,-124
123000263,799,108,691
123000264,285,120,165
123000265,39,173,-134
123000266,630,525,105
123000267,1056,496,560
123000268,71,113,-42
123000269,48,166,-118
123000270,79,124,-45
123000271,62,87,-25
123000272,1261,552,709
123000273,507,1923,-1416
123000274,1808,1433,375
123000275,323,1197,-874
123000278,2278,7117,-4839
123000279,413,153,260
123000280,500,479,21
123000281,650,367,283
123000282,161,545,-384
123000283,342,160,182
123000284,80,110,-30
123000286,142,977,-835
123000287,627,832,-205
123000288,1079,2022,-943
123000289,306,2724,-2418
123000291,251,1762,-1511
123000294,190,343,-153
123000295,879,1839,-960
123000296,1191,913,278
123000297,1481,561,920
123000298,2469,494,1975
123000299,329,190,139
123000300,2895,1755,1140
123000301,181,629,-448
123000302,298,133,165
123000303,58,796,-738
123000305,1605,1279,326
123000306,422,81,341
123000309,99,117,-18
123000310,123,95,28
123000311,1,295,-294
123000312,820,504,316
123000313,962,1175,-213
123000315,256,492,-236
123000316,1537,1142,395
123000317,460,237,223
123000318,109,429,-320
123000329,8,22,-14
123000337,441,546,-105
123000338,119,335,-216
123000339,694,35,659
123000340,141,432,-291
123000342,11,237,-226
123000343,361,51,310
123000344,680,256,424
123000345,501,448,53
123000346,1192,110,1082
123000352,2531,1380,1151
123000353,155,231,-76
123000354,664,6,658
123000355,2,361,-359
123000356,883,15,868
123000357,5,159,-154
123000359,55,60,-5
123000360,489,421,68
123000361,743,274,469
123000362,692,172,520
123000363,219,280,-61
123000364,818,961,-143
123000365,17,491,-474
123000366,627,5638,-5011
123000367,538,648,-110
123000370,48,1622,-1574
123000371,892,228,664
123000372,732,141,591
123000373,26,572,-546
123000374,15,117,-102
123000375,801,75,726
123000376,1690,1801,-111
123000377,901,16,885
123000378,1,445,-444
123000379,2,752,-750
123000380,32,578,-546
123000381,118,211,-93
123000382,989,173,816
123000383,236,1397,-1161
123000384,1479,409,1070
123000385,450,1433,-983
123000436,126,2516,-2390
123000507,92,175,-83
123000508,257,2200,-1943
123000517,332,17,315
123000518,23,112,-89
123000519,303,100,203
123000520,87,91,-4
123000521,1129,88,1041
123000522,223,232,-9
123000541,12,2,10
123000542,0,8,-8
123000565,1787,75,1712
123000566,1103,183,920
123000567,256,71,185
123000573,95,1019,-924
123000574,1504,118,1386
123000575,3436,560,2876
123000576,1082,1199,-117
123000577,101,1413,-1312
123000578,817,316,501
123000579,1308,11712,-10404
123000580,219,197,22
123000582,834,15,819
123000583,19,488,-469
123000584,294,396,-102
123000585,0,64,-64
123000586,293,2,291
123000596,111,144,-33
123000597,139,313,-174
123000602,247,14,233
123000603,2694,709,1985
123000604,1799,494,1305
123000605,1748,33,1715
123000606,0,1029,-1029
123000609,50,548,-498
123000610,200,78,122
123000613,131,151,-20
123000614,593,87,506
123000615,259,164,95
123000616,1337,69,1268
123000617,117,380,-263
123000618,47,791,-744
123000619,598,65,533
123000620,31,446,-415
123000622,882,25,857
123000624,515,131,384
123000630,4135,852,3283
123000631,459,685,-226
123000632,1088,1035,53
123000633,0,605,-605
123000634,128,1095,-967
123000635,171,374,-203
123000636,76,774,-698
123000637,400,50,350
123000638,1546,83,1463
123000639,1294,12099,-10805
123000640,13,543,-530
123000648,1085,129,956
123000649,39,526,-487
123900001,1609,107,1502
123900002,47,2508,-2461
123900003,174,799,-625
123900005,481,545,-64
123900006,1117,258,859
124000001,3330,287,3043
124000002,41,1418,-1377
124000003,2380,260,2120
124000004,65,408,-343
124000005,2017,2871,-854
124000006,226,625,-399
124000007,1871,170,1701
124000008,14,683,-669
124000009,1205,961,244
124000010,397,471,-74
124000011,1190,1468,-278
124000012,265,372,-107
124000017,554,163,391
124000018,210,97,113
124000019,620,299,321
124000020,63,149,-86
124000021,385,187,198
124000022,64,220,-156
124000023,2350,2368,-18
124000024,1506,607,899
124000025,1874,2210,-336
124000026,1277,1198,79
124000027,3900,4603,-703
124000028,1777,3683,-1906
124000030,1814,1316,498
124000031,2198,16533,-14335
124000032,2349,1013,1336
124000033,1401,1750,-349
124000034,913,1255,-342
124000035,761,214,547
124000036,338,763,-425
124000037,362,1103,-741
124000038,6,216,-210
124000039,352,356,-4
124000040,226,1046,-820
124000041,955,397,558
124000042,140,400,-260
124000043,211,319,-108
124000044,74,471,-397
124000045,2976,594,2382
124000046,324,1149,-825
124000047,4366,913,3453
124000048,1258,914,344
124000049,3338,556,2782
124000050,1307,1185,122
124000051,2193,531,1662
124000052,921,776,145
124000053,599,4382,-3783
124000054,703,348,355
124000055,1401,10632,-9231
124000056,2207,981,1226
124000057,2474,647,1827
124000058,1276,1222,54
124000059,1962,1619,343
124000060,716,594,122
124000061,2218,8708,-6490
124000062,3840,1211,2629
124000063,1552,993,559
124000064,1706,1088,618
124000065,106,1226,-1120
124000066,462,219,243
124000067,247,242,5
124000068,174,284,-110
124000069,925,206,719
124000070,660,320,340
124000071,254,218,36
124000072,395,489,-94
124000073,1556,207,1349
124000074,271,576,-305
124000075,892,74,818
124000076,51,74,-23
124000077,256,768,-512
124000078,1597,1742,-145
124000079,351,1540,-1189
124000080,1743,427,1316
124000081,347,949,-602
124000082,132,242,-110
124000083,127,243,-116
124000084,30,1503,-1473
124000085,92,30,62
124000086,18,527,-509
124000087,111,283,-172
124000088,183,664,-481
124000089,837,293,544
124000090,247,233,14
124000091,1281,240,1041
124000092,284,466,-182
124000093,180,115,65
124000094,176,622,-446
124000095,218,160,58
124000096,308,144,164
124000097,304,247,57
124000098,249,145,104
124000099,291,150,141
124000100,134,95,39
124000101,247,251,-4
124000102,129,39,90
124000103,388,365,23
124000104,180,54,126
124000105,277,324,-47
124000106,125,44,81
124000107,27,398,-371
124000108,77,12,65
124000109,303,196,107
124000110,70,81,-11
124000111,510,150,360
124000112,1090,575,515
124000113,211,146,65
124000114,625,449,176
124000115,330,766,-436
124000116,204,320,-116
124000117,50,118,-68
124000118,104,124,-20
124000119,1462,1678,-216
124000120,987,1165,-178
124000121,1298,1338,-40
124000122,600,1671,-1071
124000123,1019,517,502
124000124,259,593,-334
124000125,560,322,238
124000126,572,596,-24
124000127,1660,956,704
124000128,855,680,175
124000129,1819,1292,527
124000130,714,517,197
124000131,986,817,169
124000132,925,1031,-106
124000133,2123,1147,976
124000134,1210,842,368
124000135,2127,2663,-536
124000136,797,1034,-237
124000137,1431,1840,-409
124000138,1022,1399,-377
124000139,841,393,448
124000140,13,824,-811
124000141,946,510,436
124000142,70,408,-338
124000143,150,31,119
124000144,23,178,-155
124000145,131,261,-130
124000146,42,301,-259
124000148,11,97,-86
124000149,1769,379,1390
124000150,298,1536,-1238
124000151,1952,624,1328
124000152,1045,1307,-262
124000153,1256,913,343
124000154,702,626,76
124000155,1420,1140,280
124000156,1027,949,78
124000169,242,1268,-1026
124000170,1525,981,544
124000171,449,974,-525
124000172,405,772,-367
124000173,1424,464,960
124000174,789,740,49
124000175,9,172,-163
124000176,87,55,32
124000177,11,67,-56
124000178,56,68,-12
124000185,0,0,0
124000186,3,103,-100
124000187,68,109,-41
124000188,113,48,65
124000190,177,135,42
124000191,424,559,-135
124000192,1972,1184,788
124000193,310,7891,-7581
124000194,415,481,-66
124000195,724,733,-9
124000196,831,1039,-208
124000197,55,53,2
124000198,91,114,-23
124000201,93,480,-387
124000202,980,155,825
124000203,1448,222,1226
124000204,2773,557,2216
124000205,186,391,-205
124000206,2011,393,1618
124000207,0,20,-20
124000209,229,222,7
124000210,1673,307,1366
124000211,1674,8,1666
124000212,1,176,-175
124000213,1127,113,1014
124000214,1234,322,912
124000215,1041,13,1028
124000216,3,222,-219
124000329,220,886,-666
124000338,261,689,-428
124000339,3611,69,3542
124000341,3997,83,3914
124000344,110,25,85
124000357,1381,5491,-4110
124000358,735,2958,-2223
124000359,1572,1399,173
124000360,1668,924,744
124000361,3316,1738,1578
124000362,1985,3662,-1677
124000363,673,414,259
124000364,787,641,146
124000365,1135,1271,-136
124000366,3833,934,2899
124000367,100,407,-307
124000368,722,2651,-1929
124000369,90,225,-135
124000370,146,1527,-1381
124000402,51,44,7
124000403,338,78,260
124000404,10,58,-48
124000405,1085,1307,-222
124000406,759,2234,-1475
124000407,2,17,-15
124000411,0,419,-419
124000412,767,43,724
124000413,217,572,-355
124000414,242,138,104
124000415,149,43,106
124000416,189,183,6
124000417,418,124,294
124000418,574,44,530
124000419,135,59,76
124000420,247,20,227
124000421,123,48,75
124000422,45,15,30
124000423,110,58,52
124000424,8,47,-39
124000425,154,35,119
124000426,0,80,-80
124000427,326,12,314
124000428,4,699,-695
124000429,280,22,258
124000430,1603,874,729
124000431,615,803,-188
124000432,647,1760,-1113
124000439,18,3,15
124000443,0,16,-16
124000445,411,4316,-3905
124000446,2747,1827,920
124000447,23,450,-427
124000448,600,1571,-971
124000449,63,43,20
124000450,8,66,-58
124000451,2,138,-136
124900001,1424,366,1058
124900002,312,230,82
124900003,2007,400,1607
124900004,1635,332,1303
124900005,227,60,167
124900006,1537,385,1152
124900008,771,548,223
124900009,176,566,-390
124900010,291,211,80
124900011,1196,443,753
124900012,486,112,374
124900013,879,166,713
124900014,339,192,147
124900015,264,378,-114
124900016,184,238,-54
124900017,435,5553,-5118
124900018,325,12,313
124900020,282,78,204
124900021,538,190,348
124900022,68,4,64
124900024,952,2,950
124900026,67,29,38
124900027,155,458,-303
124900028,318,76,242
124900029,19,997,-978
124900030,3,91,-88
124900031,18,203,-185
124900032,428,310,118
124900033,157,197,-40
124900034,12,370,-358
124900035,135,235,-100
124900036,2,110,-108
124900037,165,117,48
124900038,174,218,-44
124900039,1,107,-106
124900040,152,113,39
124900041,533,907,-374
124900042,46,5,41
124900043,743,555,188
124900044,123,12,111
124900045,306,1227,-921
124900047,55,213,-158
124900048,321,89,232
124900050,252,116,136
124900052,160,195,-35
124900053,187,467,-280
124900054,1150,501,649
124900055,0,82,-82
124900057,1,67,-66
124900060,40,337,-297
124900061,236,4,232
124900062,276,25,251
124900066,0,12,-12
124900067,5,73,-68
124900068,198,1105,-907
124900070,61,55,6
124900072,418,28,390
124900075,1505,181,1324
124900076,65,4677,-4612
124900077,33,130,-97
124900078,101,11,90
124900079,250,312,-62
124900080,628,236,392
124900081,2099,280,1819
124900082,522,662,-140
124900083,482,453,29
124900085,589,433,156
124900086,40,1401,-1361
124900087,330,100,230
124900088,130,110,20
124900089,616,19,597
124900090,967,299,668
124900091,530,239,291
124900092,434,230,204
124900093,955,193,762
124900094,1599,276,1323
124900095,224,982,-758
124900096,306,99,207
124900097,963,51,912
124900098,217,296,-79
124900099,152,653,-501
124900100,858,57,801
124900101,278,207,71
124900102,731,20,711
124900103,259,113,146
124900104,141,192,-51
124900105,242,212,30
124900106,464,59,405
124900107,242,27,215
124900108,292,145,147
124900111,0,114,-114
124900112,297,192,105
124900113,60,305,-245
124900114,104,349,-245
124900115,75,292,-217
124900116,488,716,-228
124900117,247,344,-97
124900118,107,2507,-2400
124900119,672,372,300
124900120,36,264,-228
124900121,54,856,-802
124900122,210,197,13
124900123,166,122,44
124900124,58,299,-241
204000001,383,21,362
204000002,63,36,27
204000003,10,16,-6
204000004,6,5,1
204000005,627,635,-8
204000006,1494,1608,-114
204000012,148,152,-4
204000019,1833,510,1323
204000020,1890,1287,603
204000021,3211,1487,1724
204000022,1981,723,1258
204000023,924,519,405
204000031,91,17,74
204000032,487,33,454
204000034,132,154,-22
204000035,1,10,-9
204000036,11,87,-76
204000037,1,82,-81
204000038,0,12,-12
204000039,6,9,-3
204000040,6,46,-40
204000041,10,60,-50
204000042,70,27,43
204000043,70,11,59
204000044,93,3,90
204000045,106,1,105
204000046,15,0,15
204000057,11,7,4
204000062,21,41,-20
204000068,73,1511,-1438
204000069,195,1253,-1058
204000070,120,442,-322
204000080,278,241,37
204000085,1438,1377,61
204000086,3176,1515,1661
204000087,95,4,91
204000088,12,90,-78
204000090,324,382,-58
204000093,1060,120,940
204000096,2714,1138,1576
204000097,806,33,773
204000099,1579,3837,-2258
204000100,2532,2025,507
204000105,2233,837,1396
204000110,673,1456,-783
204000111,1056,837,219
204000112,941,1234,-293
204000113,404,1257,-853
204000114,1717,1983,-266
204000115,2528,1307,1221
204000116,1082,1928,-846
204000119,4037,2646,1391
204000132,1112,824,288
204000133,1437,148,1289
204000134,386,40,346
204000135,1059,59,1000
204000136,713,526,187
204000138,456,1556,-1100
204000140,532,181,351
204000141,252,77,175
204000144,0,15,-15
204000145,940,87,853
204000146,37,235,-198
204000147,37,1022,-985
204000148,692,170,522
204000154,7,8,-1
204000155,1,13,-12
204000177,72,387,-315
204000179,55,51,4
204000180,0,68,-68
204000222,1,6,-5
204000235,166,38,128
204000236,25,302,-277
204000238,5,27,-22
204000240,622,74,548
204000263,1051,1466,-415
204000268,935,603,332
204000308,293,79,214
204000317,54,224,-170
204000322,75,175,-100
204000323,19,8,11
204000328,353,102,251
204000329,204,113,91
204000330,458,50,408
204000331,451,285,166
205000001,966,1323,-357
205000013,150,269,-119
205000014,214,182,32
205000015,311,69,242
205000016,158,251,-93
205000017,103,77,26
205000022,420,564,-144
205000025,2272,748,1524
205000029,689,43,646
205000045,495,469,26
205000046,458,898,-440
205000047,255,411,-156
205000048,840,571,269
205000049,314,563,-249
205000050,1645,381,1264
205000059,0,838,-838
205000060,1,1506,-1505
205000061,12,2701,-2689
205000062,8,2273,-2265
205000063,65,2257,-2192
205000064,161,627,-466
205000065,912,797,115
205000066,407,468,-61
205000067,246,581,-335
205000069,248,20,228
205000082,270,280,-10
205000110,146,251,-105
205000111,262,199,63
205000112,191,144,47
205000113,102,276,-174
205000121,323,109,214
205000123,212,253,-41
205000126,1150,131,1019
205000127,1364,179,1185
205000128,734,61,673
205000129,1383,116,1267
205000130,185,63,122
205000131,24,42,-18
205000132,71,28,43
205000133,97,4,93
205000134,529,1,528
205000137,597,83,514
205000138,687,299,388
205000139,95,331,-236
205000144,162,155,7
205000145,391,512,-121
205000151,319,67,252
205000152,191,153,38
205000153,377,125,252
205000154,100,160,-60
205000155,236,26,210
205000207,12,124,-112
205000233,52,0,52
205000234,0,1,-1
205000243,0,0,0
205000244,0,13,-13
205000245,4,348,-344
205000249,0,34,-34
205000250,7,2,5
205000264,56,119,-63
206000027,5,28,-23
206000028,17,21,-4
206000043,5,54,-49
206000053,10,20,-10
206000054,1,40,-39
206000055,2,16,-14
206000075,74,25,49
206000076,42,9,33
206000077,45,30,15
206000078,10,27,-17
206000079,52,23,29
206000082,332,179,153
206000100,25,828,-803
206000103,0,0,0
206000104,3,13,-10
206000105,6,37,-31
206000106,19,30,-11
206000125,216,0,216
206000157,13,224,-211
206000170,0,136,-136
206000171,17,260,-243
206000172,30,258,-228
206000173,3,129,-126
206000174,25,32,-7
206000175,12,71,-59
206000176,46,102,-56
206000177,9,60,-51
206000178,3,630,-627
206000179,4,695,-691
206000180,7,131,-124
206000181,13,38,-25
206000182,7,54,-47
206000183,9,118,-109
206000184,0,87,-87
206000185,29,56,-27
206000186,160,294,-134
206000223,31,731,-700
206000226,44,9,35
206000227,41,13,28
206000237,55,127,-72
206000238,71,324,-253
206000239,331,1949,-1618
206000240,51,154,-103
206000241,0,73,-73
206000242,28,245,-217
206000243,64,81,-17
206000244,112,180,-68
206000245,1994,145,1849
206000246,828,25,803
206000247,840,5,835
206000248,845,147,698
206000252,107,115,-8
206000258,18,143,-125
206000315,72,13,59
206000317,802,177,625
206000318,1019,118,901
206000319,3251,180,3071
206000320,810,85,725
206000321,764,17,747
206000322,1288,72,1216
206000323,511,10,501
206000324,551,68,483
206000325,266,47,219
206000326,380,45,335
206000327,76,64,12
206000328,415,37,378
206000329,702,32,670
206000330,117,41,76
206000331,550,26,524
206000332,100,7,93
206000333,2008,0,2008
206000334,1043,0,1043
206000335,0,65,-65
206000361,30,466,-436
206000392,1,14,-13
206000405,214,0,214
206000441,135,33,102
206000498,67,4,63
206000515,61,60,1
206000530,552,147,405
206000531,277,529,-252
206000532,1187,804,383
206000535,132,4907,-4775
206000536,21,59,-38
206000537,18,163,-145
206000613,940,371,569
206000784,777,117,660
207000001,251,460,-209
207000002,223,461,-238
207000003,338,236,102
207000007,2851,313,2538
207000008,639,29,610
207000009,184,54,130
207000010,755,403,352
207000012,722,323,399
207000015,528,823,-295
207000019,525,160,365
207000021,463,585,-122
207000022,538,311,227
207000023,367,196,171
207000024,2,93,-91
207000025,31,258,-227
207000026,171,50,121
207000027,39,76,-37
207000028,68,256,-188
207000029,230,663,-433
207000033,379,347,32
207000034,513,157,356
207000039,1011,114,897
207000040,1049,74,975
207000041,100,514,-414
207000042,398,139,259
207000043,324,300,24
207000051,204,296,-92
207000052,20,431,-411
207000053,480,460,20
207000054,88,108,-20
207000055,319,141,178
207000056,359,412,-53
207000057,196,307,-111
207000058,319,400,-81
207000059,152,298,-146
207000060,72,459,-387
207000061,107,1515,-1408
207000062,1235,60,1175
207000063,1304,256,1048
207000064,550,208,342
207000065,466,294,172
207000066,884,216,668
207000067,79,110,-31
207000068,292,80,212
207000069,1296,379,917
207000082,43,253,-210
207000083,172,297,-125
207000084,965,545,420
207000085,573,75,498
207000086,727,11,716
207000106,131,50,81
207000107,280,30,250
207000108,261,4,257
207000109,193,9,184
207000110,94,200,-106
207000111,69,209,-140
207000112,147,2403,-2256
207000114,83,38,45
207000115,68,109,-41
207000116,76,497,-421
207000117,29,163,-134
207000118,1,190,-189
207000119,52,77,-25
207000123,605,16,589
207000124,255,30,225
207000125,114,44,70
207000126,86,70,16
207000134,395,258,137
207000135,69,506,-437
207000148,106,806,-700
207000149,189,39,150
207000152,201,705,-504
207000153,351,688,-337
207000154,654,332,322
207000159,291,186,105
207000160,470,240,230
207000238,1,269,-268
207000242,5,101,-96
207000248,54,80,-26
207000249,268,50,218
207000250,861,193,668
207000251,275,187,88
207000252,59,62,-3
207000278,249,176,73
207000279,82,132,-50
207000280,1663,85,1578
207000281,311,408,-97
207000282,42,797,-755
207000283,20,249,-229
207000284,41,2265,-2224
207000285,149,107,42
207000291,32,118,-86
207000304,93,169,-76
207000306,94,378,-284
207000310,239,117,122
207000353,200,0,200
207000356,52,117,-65
207000357,2,40,-38
207000358,1,34,-33
207000415,21,155,-134
207000417,139,16,123
207000418,164,139,25
207000438,0,3,-3
207000439,518,488,30
207000446,443,10,433
207000460,301,19,282
207000466,256,174,82
207000467,767,124,643
207000468,150,226,-76
207000476,3,12,-9
207000477,913,20,893
207000478,0,70,-70
207000523,0,19,-19
207000524,197,0,197
207000527,373,188,185
207000530,1601,2,1599
207000531,631,27,604
207000532,177,189,-12
207000534,288,53,235
207000535,21,567,-546
207000537,16,166,-150
207000540,12,134,-122
207000541,0,153,-153
207000548,11,751,-740
207000549,1025,107,918
207000561,508,254,254
207000562,65,189,-124
207000567,141,189,-48
207000568,588,41,547
207000569,1523,141,1382
207000584,54,248,-194
207000585,33,363,-330
207000587,452,205,247
207000616,1,173,-172
207000617,236,0,236
207000624,125,51,74
207000631,14,429,-415
207900008,806,99,707
208000001,1047,2092,-1045
208000002,1377,1140,237
208000003,1387,700,687
208000004,1513,2005,-492
208000005,2,167,-165
208000019,1781,632,1149
208000020,521,266,255
208000021,490,489,1
208000022,1285,430,855
208000028,1223,2142,-919
208000033,765,376,389
208000034,1080,1731,-651
208000037,1386,95,1291
208000040,489,211,278
208000041,1356,719,637
208000042,2390,760,1630
208000047,202,245,-43
208000064,2688,2422,266
208000066,1551,2038,-487
208000070,1039,627,412
208000071,1269,299,970
208000072,1464,722,742
208000080,498,1285,-787
208000081,756,167,589
208000082,1037,311,726
208000083,399,348,51
208000084,13,111,-98
208000085,1037,849,188
208000086,937,1633,-696
208000087,681,1087,-406
208000089,1590,412,1178
208000090,1739,650,1089
208000093,43,251,-208
208000094,936,336,600
208000095,1293,789,504
208000104,2274,546,1728
208000105,1403,1271,132
208000114,162,644,-482
208000115,797,474,323
208000116,2120,2094,26
208000117,50,212,-162
208000118,259,467,-208
208000155,1211,1846,-635
208000158,2354,3711,-1357
208000186,1021,2716,-1695
208000204,1317,2003,-686
208000205,2839,1236,1603
208000282,1155,1524,-369
209000004,1268,401,867
209000005,147,479,-332
209000006,520,747,-227
209000007,625,876,-251
209000010,501,744,-243
209000011,197,435,-238
209000012,322,577,-255
209000013,463,583,-120
209000014,907,733,174
209000025,1026,178,848
209000026,1446,360,1086
209000027,593,472,121
209000028,459,303,156
209000029,1040,3068,-2028
209000030,995,3152,-2157
209000031,6957,2453,4504
209000034,385,673,-288
209000035,302,709,-407
209000036,598,442,156
209000037,781,515,266
209000038,341,342,-1
209000039,168,165,3
209000040,391,792,-401
209000041,315,678,-363
209000042,826,403,423
209000043,666,930,-264
209000044,446,820,-374
209000045,845,268,577
209000046,891,344,547
209000047,688,405,283
209000048,718,726,-8
209000049,156,71,85
209000050,315,127,188
209000051,520,207,313
209000052,322,309,13
209000062,191,99,92
209000063,84,32,52
209000064,73,48,25
209000065,321,106,215
209000066,194,62,132
209000067,296,64,232
209000080,38,244,-206
209000082,117,99,18
209000091,86,121,-35
209000093,88,160,-72
209000094,77,293,-216
209000110,59,271,-212
209000111,622,3172,-2550
209000112,1785,1262,523
209000113,3033,2664,369
209000114,1327,1645,-318
209000115,159,182,-23
209000116,817,479,338
209000118,30,144,-114
209000119,46,210,-164
209000121,165,644,-479
209000135,38,171,-133
209000142,1134,4597,-3463
209000143,50,247,-197
209000144,107,1007,-900
209000229,301,118,183
209000240,79,375,-296
209000259,84,167,-83
209000260,34,760,-726
209000261,10,257,-247
209000262,8,290,-282
209000263,5,1059,-1054
209000264,0,191,-191
209000265,439,0,439
209000266,171,1,170
209000267,1869,5,1864
209000268,664,72,592
210000037,233,226,7
210000047,185,57,128
210000048,139,26,113
210000049,210,11,199
210000052,130,105,25
210000053,58,51,7
210000054,53,93,-40
210000070,249,5,244
210000071,230,0,230
210000072,84,1,83
210000073,0,77,-77
210000074,0,160,-160
210000075,2,340,-338
210000076,17,335,-318
210000077,8,414,-406
210000078,40,406,-366
210000079,40,148,-108
210000080,63,519,-456
210000081,347,27,320
210000082,40,17,23
210000083,166,6,160
210000084,116,1,115
210000085,1,389,-388
210000086,0,131,-131
210000099,78,268,-190
210000100,139,160,-21
210000101,241,171,70
210000105,27,347,-320
210000159,0,324,-324
210000163,63,262,-199
210000164,510,320,190
210000168,1056,99,957
210000187,0,60,-60
210000188,0,83,-83
210000214,7,0,7
210000219,96,59,37
210000220,236,38,198
210000232,3,28,-25
210000233,23,45,-22
210000234,83,49,34
210000235,120,48,72
210000245,3,158,-155
210000246,94,2,92
210000258,46,85,-39
210000259,373,87,286
210000282,64,314,-250
210000285,3,158,-155
210000286,39,127,-88
210000290,11,5,6
210000295,99,235,-136
210000296,151,44,107
210000320,370,35,335
210000321,336,22,314
210000338,91,168,-77
210000339,211,882,-671
210000340,240,308,-68
210000341,365,320,45
210000342,362,235,127
210000343,225,361,-136
210000344,132,428,-296
210000345,240,710,-470
210000346,138,332,-194
210000347,62,468,-406
210000348,221,349,-128
210000349,137,181,-44
210000350,259,348,-89
210000351,393,203,190
210000352,72,65,7
210000353,64,83,-19
210000354,58,92,-34
210000355,57,457,-400
210000356,9,558,-549
210000357,53,761,-708
210000358,1083,682,401
210000359,182,1075,-893
210000360,410,937,-527
210000361,526,394,132
210000362,588,324,264
210000363,1266,389,877
210000364,584,250,334
210000365,449,112,337
210000366,578,115,463
210000367,359,69,290
210000368,362,37,325
210000369,86,327,-241
210000370,202,467,-265
210000372,78,127,-49
210000373,44,477,-433
210000374,140,538,-398
210000375,51,55,-4
210000376,77,615,-538
210000404,62,76,-14
210000439,124,21,103
210000472,55,7,48
210000482,159,158,1
210000564,331,264,67
210000567,1,110,-109
210000568,317,2,315
211000092,113,22,91
211000094,19,4,15
211000169,374,6,368
211000172,28,162,-134
211000209,0,93,-93
211000226,56,49,7
211000270,140,36,104
211000275,32,51,-19
211000276,198,23,175
211000279,29,100,-71
211000281,197,44,153
211000302,92,31,61
211507980,0,144,-144
211977296,54,1,53
212000003,554,230,324
212000004,11,164,-153
212000005,28,254,-226
212000006,73,274,-201
212000008,322,348,-26
212000009,95,216,-121
212000012,281,79,202
212000013,98,35,63
212000014,573,119,454
212000015,605,141,464
212000016,842,412,430
212000027,719,339,380
212000028,479,351,128
212000029,334,300,34
212000030,54,15,39
212000031,76,46,30
212000048,85,689,-604
212000049,25,328,-303
212000050,27,17,10
212000051,616,137,479
212000052,465,126,339
212000053,345,201,144
212000054,866,109,757
212000055,588,141,447
212000056,29,49,-20
212000057,7,48,-41
212000058,305,85,220
212000070,294,84,210
212000077,309,236,73
212000099,550,286,264
212000108,485,720,-235
212000111,600,151,449
212000120,277,347,-70
212000138,386,186,200
212000156,1,59,-58
212000158,12,36,-24
212000159,987,112,875
212000160,832,222,610
212000161,183,13,170
212000310,74,20,54
212000311,18,85,-67
212000374,81,18,63
213000001,23,590,-567
213000005,731,466,265
213000006,925,458,467
213000007,87,46,41
213000009,336,273,63
213000010,510,294,216
213000011,305,192,113
213000012,294,325,-31
213000014,219,65,154
213000015,538,21,517
213000016,910,5,905
213000017,194,0,194
213000018,2,60,-58
213000019,6,309,-303
213000020,157,143,14
213000021,10,44,-34
213000023,484,614,-130
213000033,525,1794,-1269
213000034,416,238,178
213000035,214,501,-287
213000045,267,399,-132
213000046,119,98,21
213000047,450,980,-530
213000056,215,99,116
213000069,585,102,483
213000073,1,51,-50
213000074,85,781,-696
213000075,1130,1,1129
213000076,27,4,23
213000085,1,30,-29
213000086,25,191,-166
213000091,426,16,410
213000092,38,21,17
213000099,478,1338,-860
213000100,1113,621,492
213000101,1290,80,1210
213000102,1428,143,1285
213000103,920,430,490
213000104,52,272,-220
213000105,112,2520,-2408
213000106,78,411,-333
213000107,262,433,-171
213000108,49,496,-447
213000109,10,282,-272
213000110,10,130,-120
213000111,6,87,-81
213000112,44,107,-63
213000115,51,5,46
213000116,77,649,-572
213000117,12,480,-468
213000118,1881,484,1397
213000119,68,529,-461
213000120,153,320,-167
213000122,225,357,-132
213000123,188,518,-330
213000124,497,531,-34
213000125,220,57,163
213000126,148,363,-215
213000127,53,274,-221
213000128,121,696,-575
213000129,230,2915,-2685
213000130,1606,1429,177
213000132,1377,375,1002
213000133,2264,158,2106
213000134,3500,15,3485
213000136,813,36,777
213000137,940,85,855
213000139,677,74,603
213000147,21,52,-31
213000148,27,120,-93
213000149,17,129,-112
213000150,1,1141,-1140
213000151,2,443,-441
213000152,2,514,-512
213000153,4,287,-283
213000154,192,558,-366
213000155,49,642,-593
213000156,273,469,-196
213000157,1581,312,1269
213000158,748,730,18
213000159,865,532,333
213000163,2720,295,2425
213000165,891,376,515
213000171,0,59,-59
213000172,1,110,-109
213000173,2,76,-74
213000174,2,67,-65
213000175,7,36,-29
213000176,219,53,166
213000177,167,5,162
213000178,398,14,384
213000179,420,1,419
213000180,527,0,527
213000184,162,618,-456
213000188,664,96,568
213000189,1090,82,1008
213000190,651,460,191
213000191,729,260,469
213000192,485,139,346
213000193,1162,299,863
213000194,19,320,-301
213000195,87,381,-294
213000196,499,2624,-2125
213000197,765,1376,-611
213000198,48,9,39
213000200,144,519,-375
213000201,30,115,-85
213000202,27,777,-750
213000203,2197,384,1813
213000204,1444,47,1397
213000205,592,85,507
213000206,1282,96,1186
213000207,67,6,61
213000208,58,14,44
213000209,155,7,148
213000210,400,9,391
213000211,10,100,-90
213000212,34,192,-158
213000213,24,111,-87
213000218,599,612,-13
213000219,2149,135,2014
213000220,1828,6,1822
213000223,448,374,74
213000224,32,113,-81
213000225,104,25,79
213000226,112,31,81
213000227,1998,214,1784
213000228,1340,672,668
213000229,135,109,26
213000230,1650,16,1634
213000232,191,18,173
213000233,93,270,-177
213000234,9,67,-58
213000293,33,136,-103
213000294,148,150,-2
213000295,33,159,-126
213000296,187,30,157
213000297,13,91,-78
213000298,4,150,-146
213000299,174,25,149
213000300,3,15,-12
213000303,2,15,-13
213000304,2,7,-5
213000305,3,66,-63
213000306,114,1048,-934
213000307,138,703,-565
213000308,131,170,-39
213000309,299,111,188
213000310,339,183,156
213000311,249,728,-479
213000315,159,338,-179
213000316,467,234,233
213000322,145,22,123
213000323,185,112,73
213000324,74,7,67
213000325,78,43,35
213000326,21,6,15
213000327,25,17,8
213000328,44,72,-28
213000329,184,3,181
213000340,182,532,-350
213000341,1633,115,1518
213000346,247,561,-314
213000347,381,1795,-1414
213000348,2,181,-179
213000349,10,3,7
213000350,314,1134,-820
213000366,82,197,-115
213000367,797,11,786
213000379,31,137,-106
213000386,35,47,-12
213000406,612,80,532
213000417,3108,806,2302
213000425,646,112,534
213000426,327,67,260
213000427,115,73,42
213000428,99,198,-99
213000429,13,5,8
213000430,180,400,-220
213000431,24,0,24
213000432,0,45,-45
213000433,25,24,1
213000434,300,127,173
213000435,190,82,108
213000436,151,76,75
213000437,1,5,-4
213000438,239,30,209
213000439,90,32,58
213000440,7,150,-143
213000441,0,2,-2
213000442,1,16,-15
213000443,976,733,243
213000444,51,3,48
213000445,0,70,-70
213000446,0,37,-37
213000447,1,163,-162
213000448,9,209,-200
213000449,1397,11,1386
213000450,49,50,-1
213000451,478,38,440
213000452,17,26,-9
213000453,55,258,-203
213000455,169,51,118
213000456,1,318,-317
213000481,5,1,4
213000482,84,0,84
213000489,185,97,88
213000491,56,531,-475
213000492,146,34,112
213000493,5,387,-382
213000494,505,76,429
213000495,0,82,-82
213000496,698,249,449
213000497,197,166,31
213000498,293,85,208
213000499,392,163,229
213000500,1311,80,1231
213000501,368,88,280
213000502,214,227,-13
213000503,0,60,-60
213000504,31,42,-11
213000505,96,102,-6
213000506,0,12,-12
213000507,19,49,-30
213900244,158,0,158
213900245,0,7,-7
218000003,92,115,-23
218000004,110,137,-27
218000005,59,114,-55
218000006,86,112,-26
218000007,24,41,-17
218000012,411,376,35
218000013,524,281,243
218000014,560,313,247
218000019,557,491,66
218000020,548,469,79
218000021,23,28,-5
218000022,8,14,-6
218000023,17,4,13
218000024,2,10,-8
218000025,5,4,1
218000026,11,11,0
218000027,4,5,-1
218000028,2,1,1
218000029,0,3,-3
218000030,3,10,-7
218000031,7,4,3
218000032,0,5,-5
218000040,0,8,-8
218000046,222,122,100
218000047,30,71,-41
218000048,76,46,30
218000049,79,38,41
218000050,269,106,163
218000051,117,182,-65
218000052,1,79,-78
218000053,3,53,-50
218000054,19,65,-46
218000055,27,66,-39
218000056,19,85,-66
218000057,1,51,-50
218000064,1,21,-20
218000065,160,96,64
218000066,20,142,-122
218000067,187,128,59
218000068,287,61,226
218000069,645,94,551
218000070,323,535,-212
218000071,409,395,14
218000072,222,387,-165
218000078,2148,388,1760
218000079,457,125,332
218000080,211,189,22
218000081,993,87,906
218000082,208,75,133
218000083,170,102,68
218000084,338,125,213
218000085,328,135,193
218000086,240,63,177
218000087,311,110,201
218000090,101,313,-212
218000091,1943,1001,942
218000092,362,335,27
218000093,184,130,54
218000094,838,725,113
218000099,333,648,-315
218000100,679,300,379
218000101,562,263,299
218000102,888,439,449
218000103,160,162,-2
218000104,213,53,160
218000105,58,23,35
218000106,44,6,38
218000107,151,59,92
218000108,14,36,-22
218000112,150,41,109
218000117,86,113,-27
218000134,1150,499,651
218000135,20,175,-155
218000136,180,180,0
218000137,277,224,53
218000138,80,145,-65
218000139,369,270,99
218000140,1202,757,445
218000141,115,131,-16
218000142,291,248,43
218000143,48,712,-664
218000144,45,272,-227
218000145,922,417,505
218000146,226,163,63
218000151,14,37,-23
218000152,101,82,19
218000153,0,12,-12
218000154,9,1,8
218000155,41,0,41
218000156,125,2,123
218000157,53,12,41
218000158,4,27,-23
218000159,2,23,-21
218000160,1,7,-6
218000161,70,0,70
218000162,37,8,29
218000163,38,1,37
218000164,123,5,118
218000165,123,40,83
218000170,3,38,-35
218000171,64,21,43
218000172,10,27,-17
218000173,8,13,-5
218000174,25,14,11
218000176,290,151,139
218000177,343,206,137
218000178,109,167,-58
218000179,229,76,153
218000180,144,66,78
218000181,499,56,443
218000187,27,98,-71
218000188,44,39,5
218000189,39,116,-77
218000190,97,37,60
218000191,284,49,235
218000192,401,206,195
218000193,758,314,444
218000194,279,264,15
218000195,184,41,143
218000196,651,227,424
218000197,940,194,746
218000198,208,82,126
218000199,68,10,58
218000200,49,18,31
218000201,8,9,-1
218000202,119,960,-841
218000207,13,22,-9
218000208,52,170,-118
218000211,51,30,21
218000212,0,1,-1
218000213,229,109,120
218000214,5,22,-17
218000215,112,90,22
218000217,9,71,-62
218000218,194,33,161
218000219,4,426,-422
218000220,63,2035,-1972
218000221,782,429,353
218000222,4,209,-205
218000223,64,637,-573
218000224,8,152,-144
218000225,339,22,317
218000226,290,68,222
218000230,0,24,-24
218000232,84,47,37
218000239,182,13,169
218000240,6,12,-6
218000241,41,2,39
218000242,9,3,6
218000243,9,19,-10
218000244,27,6,21
218000245,93,4,89
218000246,1,1,0
218000247,2,0,2
218000248,1,20,-19
218000249,0,3,-3
218000250,4,8,-4
218000251,1,47,-46
218000252,1,215,-214
218000253,0,196,-196
218000254,0,82,-82
218000255,1,30,-29
218000256,4,70,-66
218000267,637,1491,-854
218000268,4,98,-94
218000269,9,69,-60
218000270,237,40,197
218000271,14,18,-4
218000273,76,3,73
218000274,13,6,7
218000275,139,88,51
218000276,32,50,-18
218000278,43,132,-89
218000279,118,51,67
218000280,0,29,-29
218000281,7,66,-59
218000282,931,1342,-411
218000284,181,9,172
218000301,108,130,-22
218000302,52,68,-16
218000303,51,97,-46
218000316,2304,1181,1123
218000317,3788,1234,2554
218000318,2049,815,1234
218000319,2769,661,2108
218000320,2238,850,1388
218000338,25,214,-189
218000345,263,323,-60
218000346,27,434,-407
218000459,37,154,-117
218000490,24,100,-76
218000501,209,74,135
218000502,158,249,-91
218000503,232,18,214
218000504,247,56,191
218000505,71,176,-105
218000506,37,551,-514
218000508,1,8,-7
218000510,81,5,76
218000520,190,173,17
218000521,11,33,-22
218000522,3,638,-635
218000523,161,1,160
218000524,12,338,-326
218000525,123,65,58
218000526,44,272,-228
218000529,130,112,18
218000530,28,1,27
218000531,47,49,-2
218000532,78,7,71
218000534,416,18,398
218000537,27,182,-155
218000538,79,692,-613
218000540,152,145,7
218000543,267,132,135
218000544,93,118,-25
218000545,219,184,35
218000546,87,56,31
218000547,236,384,-148
218000548,169,141,28
218000549,1265,82,1183
218000550,264,174,90
218000551,129,459,-330
218000552,372,396,-24
218000553,28,218,-190
218000554,29,87,-58
218000555,27,54,-27
218000556,341,127,214
218000557,778,337,441
218000558,115,8,107
218000559,0,57,-57
218000560,0,54,-54
218000561,11,0,11
218000562,75,175,-100
218000563,218,53,165
218000564,7,283,-276
218000565,88,52,36
218000566,41,23,18
218000567,1,95,-94
218000568,19,4,15
218000569,7,257,-250
218000570,47,11,36
218000571,1,181,-180
218000572,212,47,165
218000573,6,143,-137
218000574,69,53,16
218000575,180,1,179
218000576,2,51,-49
218000577,125,2,123
218000578,2,308,-306
218000579,39,37,2
218000581,4,110,-106
218000582,76,8,68
218000583,8,0,8
218000584,0,23,-23
218000585,53,2,51
218000586,33,43,-10
218000587,0,1,-1
218000588,0,17,-17
218000589,0,4,-4
218000590,6,0,6
218000591,10,34,-24
218000592,4,10,-6
218000593,3,34,-31
218000594,1,6,-5
218000596,0,0,0
218000597,2,15,-13
218000598,0,2,-2
218000599,0,9,-9
218000600,1,7,-6
218000601,0,13,-13
218000602,0,6,-6
218000603,0,13,-13
218000604,3,1,2
218000605,0,164,-164
218000606,119,0,119
218000607,17,106,-89
218000608,95,26,69
218000609,1,120,-119
218000610,73,8,65
218000611,85,4,81
218000612,0,42,-42
218000613,44,0,44
218000614,0,47,-47
218000615,246,8,238
218000616,18,331,-313
218000617,5,0,5
218000618,0,41,-41
218000619,52,51,1
218000620,35,139,-104
218000621,0,1,-1
218000622,0,148,-148
218000623,78,13,65
218000624,0,348,-348
218000625,7,16,-9
218000626,0,23,-23
218000628,312,460,-148
218000631,63,8,55
218000632,1,172,-171
218000633,118,2,116
218000634,3,20,-17
218000635,9,18,-9
218000636,1775,814,961
218000637,1863,752,1111
218000638,369,65,304
218000639,45,118,-73
218000640,781,147,634
218000641,184,215,-31
218000652,44,32,12
218000653,365,62,303
218000663,42,81,-39
218000675,22,118,-96
218000676,1,3,-2
218000677,63,1,62
218000680,353,279,74
218000681,655,401,254
218000691,432,213,219
218000693,573,185,388
218000703,5,16,-11
218000718,30,113,-83
218000719,67,250,-183
218000720,8,226,-218
218000721,24,22,2
218000725,3,13,-10
218001147,2,84,-82
218001214,7,94,-87
218001258,862,4,858
218001329,155,242,-87
218001330,141,123,18
218001351,48,30,18
218001352,29,58,-29
218001353,16,39,-23
218001354,13,44,-31
218001355,12,123,-111
218001356,724,153,571
218001357,16,159,-143
218001358,691,9,682
218001361,797,3,794
218001362,0,52,-52
219000001,45,41,4
219000002,80,76,4
219000003,118,58,60
219000004,95,172,-77
219000017,110,519,-409
219000020,452,39,413
219000022,197,0,197
219000023,91,0,91
219000029,1,249,-248
219000034,108,96,12
219000039,32,394,-362
219000040,65,103,-38
219000041,269,112,157
219000051,0,308,-308
219000052,0,217,-217
219000053,2,79,-77
219000054,33,101,-68
219000055,536,1,535
219000056,3,1,2
219000057,102,0,102
219000062,10,311,-301
219000063,254,19,235
219000064,10,152,-142
219000110,317,580,-263
219000111,139,157,-18
219000112,291,98,193
219000113,547,73,474
219000114,471,86,385
219000116,341,55,286
219000117,225,92,133
219000118,209,45,164
219000123,266,200,66
219000124,152,74,78
219000125,82,8,74
219000126,92,212,-120
219000127,2,10,-8
219000128,48,239,-191
219000129,46,180,-134
219000130,267,953,-686
219000131,1200,1706,-506
219000133,44,126,-82
219000134,60,91,-31
219000135,21,237,-216
219000136,144,414,-270
219000138,157,21,136
219000139,156,29,127
219000140,142,1,141
219000141,72,79,-7
219000142,22,44,-22
219000143,31,25,6
219000145,20,92,-72
219000146,3,26,-23
219000147,18,31,-13
219000148,4,31,-27
219000149,52,32,20
219000150,3,54,-51
219000151,0,45,-45
219000157,365,323,42
219000158,374,470,-96
219000161,224,20,204
219000163,1465,396,1069
219000166,224,276,-52
219000167,259,280,-21
219000168,277,166,111
219000174,949,250,699
219000175,299,7,292
219000176,283,13,270
219000177,151,2,149
219000178,139,1,138
219000179,90,11,79
219000180,162,17,145
219000182,252,8,244
219000183,196,31,165
219000184,246,7,239
219000185,3,75,-72
219000186,232,77,155
219000187,26,174,-148
219000189,111,274,-163
219000190,73,346,-273
219000191,184,2477,-2293
219000192,249,368,-119
219000193,725,257,468
219000195,1,225,-224
219000196,3,209,-206
219000198,48,183,-135
219000199,107,149,-42
219000200,177,177,0
219000201,95,218,-123
219000203,57,196,-139
219000204,104,517,-413
219000205,72,260,-188
219000207,189,250,-61
219000209,128,63,65
219000210,43,759,-716
219000213,23,424,-401
219000239,215,362,-147
219000240,289,761,-472
219000241,213,437,-224
219000242,86,358,-272
219000243,277,377,-100
219000244,20,186,-166
219000245,20,144,-124
219000246,48,90,-42
219000247,354,54,300
219000248,832,910,-78
219000249,348,260,88
219000250,316,188,128
219000251,926,457,469
219000252,429,252,177
219000253,489,96,393
219000255,280,164,116
219000256,576,320,256
219000257,292,0,292
219000262,70,342,-272
219000263,55,191,-136
219000267,18,101,-83
219000268,17,51,-34
219000269,2,6,-4
219000270,49,2,47
219000271,694,13,681
219000278,2,45,-43
219000279,0,34,-34
219000283,0,107,-107
219000295,11,104,-93
219000296,153,521,-368
219000297,123,74,49
219000298,169,42,127
219000299,571,80,491
219000300,108,82,26
219000301,101,337,-236
219000302,54,131,-77
219000307,36,35,1
219000308,116,224,-108
219000311,317,92,225
219000312,650,163,487
219000313,763,104,659
219000314,260,123,137
219000315,704,44,660
219000316,1183,115,1068
219000317,340,8,332
219000320,1,261,-260
219000321,1,69,-68
219000323,2,134,-132
219000325,6,14,-8
219000326,93,77,16
219000327,30,47,-17
219000328,40,22,18
219000329,232,116,116
219000330,23,39,-16
219000331,82,110,-28
219000332,381,337,44
219000333,119,12,107
219000335,134,4,130
219000337,30,1,29
219000338,73,2,71
219000344,22,128,-106
219000345,142,22,120
219000346,79,25,54
219000348,171,70,101
219000349,89,134,-45
219000350,86,468,-382
219000351,4,6,-2
219000352,102,171,-69
219000353,181,120,61
219000354,361,97,264
219000355,236,111,125
219000356,495,2631,-2136
219000363,150,175,-25
219000364,342,124,218
219000365,187,32,155
219000366,205,967,-762
219000368,445,685,-240
219000370,678,986,-308
219000371,16,23,-7
219000382,8,38,-30
219000383,391,1861,-1470
219000385,294,1303,-1009
219000386,1019,2759,-1740
219000387,0,18,-18
219000390,33,14,19
219000391,3,11,-8
219000397,47,16,31
219000398,71,94,-23
219000401,50,168,-118
219000402,91,88,3
219000403,52,729,-677
219000404,51,155,-104
219000407,18,42,-24
219000409,118,100,18
219000410,365,93,272
219000411,302,30,272
219000446,184,406,-222
219000447,21,48,-27
219000448,10,19,-9
219000452,160,152,8
219000453,71,378,-307
219000454,291,794,-503
219000556,550,450,100
219000558,154,256,-102
219000590,23,302,-279
219000591,314,626,-312
219000592,84,320,-236
219000595,13,19,-6
219000635,427,136,291
219000636,234,357,-123
219000657,30,31,-1
219000658,36,209,-173
219000673,0,91,-91
219000676,7,7,0
219000679,34,54,-20
219000684,120,3,117
219000685,0,42,-42
219000686,0,6,-6
219000688,0,71,-71
219000689,18,155,-137
219000690,341,8,333
219000691,86,128,-42
219000692,341,8,333
219000693,20,8,12
219000694,29,0,29
219000695,106,13,93
219000698,48,0,48
219000699,0,224,-224
219000727,15,634,-619
219000728,220,7,213
219000770,42,8,34
219000771,3,179,-176
219000788,405,479,-74
219001150,0,40,-40
219001151,0,3,-3
219001166,74,72,2
219001167,15,107,-92
219001178,71,2,69
220000001,53,284,-231
220000002,5,249,-244
220000003,352,374,-22
220000004,607,1095,-488
220000005,786,2553,-1767
220000006,261,1027,-766
220000007,807,315,492
220000008,525,653,-128
220000009,605,481,124
220000010,145,101,44
220000011,630,5490,-4860
220000012,57,739,-682
220000014,239,133,106
220000015,69,666,-597
220000017,38,621,-583
220000018,12337,3916,8421
220000019,324,1003,-679
220000020,771,337,434
220000021,1643,429,1214
220000022,1702,411,1291
220000023,562,266,296
220000024,1208,937,271
220000025,718,2649,-1931
220000026,476,1275,-799
220000027,24,512,-488
220000028,43,232,-189
220000029,87,110,-23
220000030,72,255,-183
220000031,926,922,4
220000064,56,2254,-2198
221000046,0,0,0
221000047,0,0,0
221000048,0,3,-3
221000049,0,61,-61
221000050,22,0,22
221000055,66,160,-94
221000057,124,6,118
221000068,221,95,126
221000069,459,53,406
221000070,345,21,324
221000071,175,7,168
221000072,516,8,508
221000073,361,96,265
221000074,0,23,-23
221000075,10,35,-25
221000076,35,17,18
221000077,58,69,-11
221000081,33,7,26
221000082,101,7,94
221000083,27,14,13
221000084,5,8,-3
221000085,29,200,-171
221000086,13,106,-93
221000087,4,169,-165
221000088,5,223,-218
221000089,25,265,-240
221000090,75,477,-402
221000098,243,57,186
221000099,426,22,404
221000100,242,6,236
221000101,310,6,304
221000102,212,46,166
221000109,19,81,-62
221000110,12,35,-23
221000111,7,77,-70
221000112,2,112,-110
221000113,18,158,-140
221000114,0,115,-115
221000120,42,193,-151
221000121,3,32,-29
221000122,41,67,-26
221000123,16,78,-62
221000124,11,62,-51
221000155,133,77,56
221000156,236,63,173
221000175,3,25,-22
221000176,0,17,-17
221000182,76,3,73
221000241,568,390,178
221000242,165,324,-159
221000243,885,336,549
221000244,379,758,-379
221000245,251,315,-64
221000246,89,597,-508
221000247,299,265,34
221000248,198,229,-31
221000267,54,846,-792
221000325,36,149,-113
221000331,2,108,-106
221000338,17,113,-96
221000378,528,72,456
221000381,90,95,-5
222000282,5,21,-16
222000296,3,45,-42
222000568,533,23,510
222000569,153,61,92
222000570,271,53,218
222000571,474,46,428
222000577,10,60,-50
222000578,4,157,-153
222000579,14,90,-76
222000580,27,695,-668
222000599,0,76,-76
222000600,1,116,-115
222000601,6,827,-821
222000603,12,295,-283
222000604,1,230,-229
222000605,14,72,-58
222000606,1,67,-66
222000607,7,20,-13
222000608,23,54,-31
222000609,98,82,16
222000616,696,119,577
222000617,20,88,-68
222000618,3,36,-33
222000620,49,64,-15
222000621,48,67,-19
222000623,1137,5,1132
222000624,833,14,819
222000625,1822,15,1807
222000636,51,22,29
222000686,18,81,-63
222000687,77,55,22
222001066,755,3,752
222001067,70,1,69
222001068,201,9,192
222001069,161,67,94
222001082,18,7,11
222001083,90,8,82
222001084,0,82,-82
222001085,9,207,-198
222001111,113,116,-3
222001112,353,246,107
222001313,2,63,-61
222001314,1,138,-137
222001464,597,160,437
222001465,51,165,-114
222001484,359,138,221
222001485,59,60,-1
222001494,1117,414,703
222001495,181,151,30
222001496,648,298,350
222001497,331,343,-12
222001502,10,59,-49
222001503,319,89,230
222001504,29,418,-389
222001505,623,10,613
222001506,25,286,-261
222001507,317,9,308
222001510,1219,28,1191
222001511,79,191,-112
222001514,1060,70,990
222001515,66,361,-295
222001518,635,17,618
222001519,156,80,76
222001527,200,15,185
222001528,61,167,-106
222001529,583,19,564
222001530,137,80,57
222001533,310,184,126
222001534,708,113,595
222001535,591,656,-65
222001536,107,149,-42
222001537,493,45,448
222001538,32,359,-327
222001563,1770,89,1681
222001564,90,371,-281
222001568,244,245,-1
222001576,0,9,-9
222001579,0,48,-48
222001583,46,90,-44
222001584,282,71,211
222001596,554,1345,-791
222001597,1849,452,1397
222001626,1,29,-28
222001650,5,180,-175
222001651,29,410,-381
222001914,274,17,257
222001915,65,215,-150
222001968,803,388,415
222001969,419,499,-80
222001970,112,449,-337
222001971,67,4,63
222001972,9,5,4
225000001,782,204,578
225000002,1327,428,899
225000003,1454,503,951
225000004,940,928,12
225000005,57,151,-94
225000006,5,596,-591
225000007,3406,1745,1661
225000010,739,16,723
225000011,386,3138,-2752
225000012,493,1229,-736
225000013,172,222,-50
225000014,1380,392,988
225000015,231,279,-48
225000021,1462,196,1266
225000027,635,701,-66
225000032,1114,149,965
225000042,224,727,-503
225000049,218,209,9
225000050,449,72,377
225000053,20,419,-399
225000058,1267,447,820
225000067,478,269,209
225000068,265,1344,-1079
225000069,147,1026,-879
225000070,336,537,-201
225000071,75,124,-49
225000075,122,3283,-3161
225000076,120,368,-248
225000078,91,149,-58
225000085,265,115,150
225000086,685,109,576
225000087,519,13,506
225000088,100,349,-249
225000089,114,642,-528
225000090,94,1033,-939
225000091,121,206,-85
225000092,81,361,-280
225000093,625,526,99
225000094,25,311,-286
225000095,670,399,271
225000096,173,467,-294
225000098,1448,226,1222
225000099,828,256,572
225000100,959,246,713
225000104,314,579,-265
225000110,39,619,-580
225000111,462,739,-277
225000112,811,1118,-307
225000113,322,2358,-2036
225000114,275,1064,-789
225000115,2450,752,1698
225000116,478,335,143
225000117,1093,496,597
225000118,2245,444,1801
225000119,829,170,659
225000120,1660,146,1514
225000121,326,13,313
225000123,1094,72,1022
225000125,1090,413,677
225000126,1520,654,866
225000127,679,4264,-3585
225000128,577,1648,-1071
225000132,1136,36,1100
225000133,579,50,529
225000134,1343,168,1175
225000135,214,7,207
225000136,1210,24,1186
225000137,679,331,348
225000138,1401,209,1192
225000143,271,366,-95
225000144,36,365,-329
225000145,117,196,-79
225000146,216,357,-141
225000147,129,187,-58
225000148,21,86,-65
225000149,145,235,-90
225000151,125,143,-18
225000155,365,332,33
225000156,410,1422,-1012
225000157,1078,679,399
225000158,112,312,-200
225000171,30,244,-214
225000180,54,2,52
225000181,0,221,-221
225000182,74,46,28
225000185,8,575,-567
225000187,233,519,-286
225000191,121,5,116
225000194,0,18,-18
225000208,2,73,-71
225000209,263,37,226
225000210,23,299,-276
225000217,0,70,-70
225000218,49,5,44
225000223,1,1030,-1029
225000224,288,26,262
225000225,2,748,-746
225000226,14,11,3
225000227,529,732,-203
225000228,5,54,-49
225000229,0,697,-697
225000230,23,5,18
225000231,0,79,-79
225000232,446,0,446
225000241,105,1,104
225000242,0,100,-100
225000249,20,0,20
225000250,124,521,-397
225000251,1106,327,779
226000042,336,495,-159
226000043,95,401,-306
226000044,386,993,-607
226000045,172,536,-364
226000046,1177,359,818
226000047,935,341,594
226000048,783,299,484
226000049,771,616,155
226000070,0,19,-19
226000071,0,168,-168
226000072,0,80,-80
226000073,0,27,-27
226000074,0,23,-23
226000084,0,72,-72
226000085,1,90,-89
226000086,2,62,-60
226000087,2,54,-52
226000088,7,37,-30
226000090,87,614,-527
226000091,9,251,-242
226000092,2,17,-15
226000093,42,0,42
226000094,9,1,8
226000095,92,16,76
226000105,4,2,2
226000106,24,1,23
226000107,24,0,24
226000108,44,1,43
226000109,295,1,294
226000124,236,290,-54
226000134,1494,821,673
226000135,2799,1012,1787
226000136,1181,787,394
226000137,17,642,-625
226000138,38,113,-75
226000139,27,119,-92
226000156,762,11,751
226000157,768,52,716
226000163,97,481,-384
226000202,14,318,-304
226000231,1922,42,1880
226000232,131,10,121
227000033,727,59,668
227000036,978,34,944
227000037,796,160,636
227000038,364,107,257
227000049,0,227,-227
227000050,2,270,-268
227000055,115,0,115
227000056,28,1,27
227000084,19,203,-184
227000085,1,231,-230
227000088,36,9,27
227000089,60,7,53
227000090,13,2,11
227000091,52,4,48
227000093,211,0,211
227000094,8,0,8
227000130,149,304,-155
227000131,88,242,-154
227000132,95,198,-103
227000133,46,118,-72
227000134,93,150,-57
227000152,0,24,-24
227000153,0,255,-255
227000155,3,50,-47
227000156,0,36,-36
227000165,2,172,-170
227000196,839,111,728
227000199,986,242,744
227000230,30,270,-240
227000232,1679,55,1624
227000242,33,560,-527
227000243,405,40,365
227000245,28,211,-183
227000246,161,264,-103
227000247,802,51,751
227000248,237,141,96
227000249,33,659,-626
227000250,663,550,113
227000251,220,1010,-790
227000252,94,249,-155
227000253,364,76,288
227000262,851,61,790
227000266,2613,23,2590
227000267,31,1117,-1086
227000282,10,166,-156
227000284,1256,19,1237
227000286,17,82,-65
227000287,36,18,18
227000291,7,494,-487
227000484,390,8,382
227000485,16,779,-763
227000655,436,9,427
227000656,960,11,949
227000657,366,19,347
227000661,1461,52,1409
227000680,146,183,-37
229000265,42,36,6
229000296,0,120,-120
229000297,3,49,-46
229000298,16,160,-144
229000320,12,4,8
229000321,49,30,19
229000412,12,113,-101
229000414,11,59,-48
229000415,19,8,11
229000416,4,2,2
229000417,2,2,0
229000419,78,292,-214
229000440,301,134,167
229000442,37,5,32
229000443,5,19,-14
229000444,9,118,-109
229000445,102,12,90
229000446,42,55,-13
229000491,4,8,-4
229000492,9,40,-31
229000493,6,66,-60
229000494,25,6,19
229000495,89,3,86
229000496,40,0,40
229000507,0,23,-23
229000508,2,21,-19
229000509,0,49,-49
229000510,4,35,-31
229000511,4,21,-17
229000512,0,19,-19
229000513,0,5,-5
229000514,1,7,-6
229000517,1,4,-3
229000518,22,7,15
229000519,0,9,-9
229000520,16,20,-4
229000521,94,10,84
229000522,3,1,2
229000523,4,0,4
229000524,2,0,2
229000527,0,0,0
229000528,0,0,0
229000529,0,0,0
229000530,3,0,3
229000531,3,0,3
229000532,0,0,0
229000533,0,0,0
229000534,0,0,0
229000564,0,0,0
229000565,0,0,0
229000566,0,3,-3
229000567,0,3,-3
229000582,0,0,0
229000583,0,0,0
229000584,1,11,-10
229000585,0,38,-38
229000718,0,9,-9
229000719,0,1,-1
229000720,0,39,-39
229000721,0,3,-3
229000722,0,2,-2
229000723,0,7,-7
229000724,0,12,-12
229000725,0,3,-3
229000738,0,0,0
229000739,0,0,0
229000740,0,0,0
229000741,0,0,0
229000742,0,0,0
229000743,0,0,0
229000744,0,0,0
229000745,0,0,0
229000746,0,1,-1
229000847,197,0,197
229000848,115,0,115
229000849,289,2,287
229000851,85,1,84
229000854,1,24,-23
229000856,1,93,-92
229000857,1,44,-43
229000858,1,84,-83
229000919,2,160,-158
229000930,13,180,-167
229000937,172,32,140
229000966,174,34,140
229000981,39,34,5
229000985,26,6,20
229000986,0,4,-4
229000987,0,7,-7
229000988,1,14,-13
229000989,26,33,-7
229000990,2,4,-2
229000991,0,2,-2
229000992,21,3,18
229000993,254,9,245
229000998,39,17,22
229000999,82,6,76
229001034,0,27,-27
229001035,17,4,13
229001037,58,2,56
229001042,43,8,35
229001047,16,53,-37
229001050,82,34,48
229001168,0,65,-65
229001200,69,4,65
229001338,0,7,-7
229001394,398,2,396
229001422,206,22,184
229001423,18,149,-131
229001431,67,47,20
229001432,38,244,-206
229001444,306,54,252
229001445,201,118,83
229001479,29,1,28
229001503,499,54,445
229001504,214,133,81
229001505,254,98,156
229001506,148,178,-30
229001509,98,3,95
229001545,250,6,244
229001546,5,102,-97
229001553,212,83,129
229001554,7,104,-97
229001559,23,6,17
229001560,3,58,-55
229001630,125,4,121
229001631,3,42,-39
229001635,0,60,-60
229001636,0,0,0
229001658,9,81,-72
229001659,104,0,104
229001660,1,37,-36
229001661,1,68,-67
229001662,51,2,49
229001663,0,254,-254
229002584,212,328,-116
229002831,104,88,16
229002841,8,38,-30
229002842,29,51,-22
229002843,47,35,12
229002844,41,99,-58
229002845,4,133,-129
229002846,13,23,-10
229002847,0,62,-62
229002848,5,45,-40
229002849,1,49,-48
229002850,4,0,4
229002851,37,115,-78
229002852,168,43,125
229002853,100,24,76
229002854,71,60,11
229002855,26,145,-119
229002856,57,43,14
229002857,8,199,-191
229002858,16,11,5
229002859,16,136,-120
229002860,47,111,-64
229002861,74,59,15
229002862,34,56,-22
229002863,43,21,22
229002864,45,46,-1
229002865,9,15,-6
229002866,4,12,-8
229002867,1,33,-32
229002868,34,29,5
229002869,7,105,-98
229002870,74,59,15
235000066,459,79,380
235000067,317,88,229
235000072,45,70,-25
235000073,142,490,-348
235000074,88,131,-43
235000080,25,70,-45
235000081,263,107,156
235000082,684,62,622
235000083,551,67,484
235000084,70,77,-7
235000085,229,83,146
235000089,148,429,-281
235000092,49,350,-301
235000093,13,10,3
235000097,14,8,6
235000098,276,2,274
235000099,84,127,-43
235000116,18,21,-3
235000117,1239,58,1181
235000133,35,1104,-1069
235000134,15,337,-322
235000206,13,22,-9
235000207,3,1,2
235000208,0,0,0
235000209,8,5,3
235000210,7,2,5
235000212,12,33,-21
235000213,0,28,-28
235000220,2,2,0
235000221,4,135,-131
235000238,21,483,-462
235000239,2,157,-155
235000242,540,1258,-718
235000245,388,241,147
235000246,15,79,-64
235000284,21,143,-122
235000295,156,64,92
235000305,390,43,347
235000306,442,13,429
235000307,45,1,44
235000308,24,0,24
235000309,145,0,145
235000310,22,0,22
235000311,106,223,-117
235000322,0,53,-53
235000323,1,35,-34
235000324,2,34,-32
235000325,8,13,-5
235000326,14,47,-33
235000351,5,94,-89
235000352,26,72,-46
235000353,15,55,-40
235000354,5,34,-29
235000355,16,54,-38
235000356,83,2,81
235000357,146,10,136
235000358,63,4,59
235000359,28,8,20
235000360,67,12,55
235000361,178,10,168
235000381,359,92,267
235000382,282,180,102
235000390,8,4,4
235000391,204,20,184
235000392,376,376,0
235000393,136,829,-693
235000395,151,67,84
235000396,528,121,407
235000400,66,298,-232
235000401,28,272,-244
235000405,246,162,84
235000406,69,109,-40
235000407,111,76,35
235000409,268,171,97
235000410,137,198,-61
235000411,7,57,-50
235000485,0,46,-46
235000486,6,0,6
235000549,142,736,-594
235000550,184,298,-114
235000599,226,110,116
235000600,4,28,-24
235000601,6,31,-25
235000602,213,92,121
235000614,2,9,-7
235000648,0,9,-9
235000649,161,5,156
235000685,0,3,-3
235000815,8,71,-63
235000834,1,38,-37
235000855,67,61,6
235000862,83,79,4
235000891,0,77,-77
235000892,11,0,11
235000901,97,588,-491
235000907,6,14,-8
235001010,194,165,29
235001029,319,264,55
235001030,249,157,92
235001078,91,312,-221
235001079,151,44,107
235001147,53,144,-91
235001166,46,82,-36
235001167,93,39,54
235001169,88,213,-125
235001188,2,16,-14
235001189,0,4,-4
235001197,2,36,-34
235001200,119,94,25
235001207,1090,89,1001
235001210,411,307,104
235001215,120,160,-40
235001239,0,85,-85
235001244,0,18,-18
235016267,2,307,-305
277101746,0,0,0
277102712,34,24,10
277103813,0,2,-2
277103814,0,0,0
277103898,0,0,0
277104249,0,3,-3
277104250,0,15,-15
277104251,0,11,-11
277104252,0,4,-4
990011530,1,664,-663
990014944,0,215,-215
990015176,282,5,277
990015618,0,71,-71
990016032,1,313,-312
990032570,1,45,-44
990070001,61,8,53
990070103,0,4,-4
990070601,0,27,-27
990070751,3476,6,3470
990070766,0,138,-138
990071180,995,501,494
990071343,21,1,20
990071387,1,28,-27
990071823,519,6,513
990072600,3,754,-751
990072964,1,138,-137
990073285,0,4,-4
990074393,10,612,-602
990074870,2944,144,2800
990075106,1014,3,1011
990075746,1025,8,1017
990076437,5880,3,5877
990076458,1,470,-469
997000007,688,42,646
997000041,1,278,-277
997000058,85,0,85
997000062,14,0,14
997000069,0,10,-10
997000070,0,17,-17
997000100,193,0,193
997000141,2,284,-282
997000198,31,340,-309
998000475,0,1,-1
998000736,0,252,-252
998000965,0,23,-23
998001031,0,86,-86
998001700,0,47,-47
998001899,0,1,-1
998001900,10,1,9
998003073,1462,8,1454
998101900,0,0,0
998102850,0,107,-107
998501927,528,1559,-1031
998501929,173,10,163
998501930,107,0,107
998501931,282,62,220
998501932,13,0,13
998501933,68,0,68
998501937,25,2,23
998501944,4,0,4
998501950,0,2,-2
998501970,337,6,331
998501971,0,172,-172
998501973,0,6,-6
998501974,0,150,-150
998501975,268,21,247
998501976,870,13,857
998501977,9,41,-32
998501978,18,0,18
998501979,0,5,-5
998501980,336,9,327
998501981,147,13,134
998501982,0,143,-143
998501983,0,3,-3
998502006,0,0,0
998502024,0,49,-49
998502032,0,0,0
998502062,5,0,5
998502063,0,0,0
998502173,78,1,77
998502269,0,5,-5
998502546,0,642,-642
998502578,3,0,3
998502599,76,805,-729
998502621,0,0,0
998601159,0,56,-56
998601292,0,25,-25
999033574,0,233,-233
999800001,45,1,44
999800002,0,3,-3
999800003,2,0,2
999800004,0,4,-4
999800005,0,56,-56
