ID,insum,outsum,diff
100000001,546,736,-190
100000002,1741,464,1277
100000003,4060,2193,1867
100000004,1477,730,747
100000005,1338,3027,-1689
100000006,367,90,277
100000007,1491,431,1060
100000008,141,598,-457
100000009,265,142,123
100000010,30,36,-6
100000011,613,73,540
100000012,69,889,-820
100000013,41,214,-173
100000014,267,237,30
100000015,1566,1219,347
100000016,1107,1471,-364
100000017,698,898,-200
100000018,1301,424,877
100000019,4861,1867,2994
100000020,1458,3484,-2026
100000021,6238,2375,3863
100000022,1683,825,858
100000023,5955,955,5000
100000025,2536,471,2065
100000028,1860,794,1066
100000029,234,197,37
100000030,508,42,466
100000031,4881,4543,338
100000032,2075,2454,-379
100000033,654,1682,-1028
100000034,796,278,518
100000035,1655,706,949
100000036,2310,884,1426
100000037,401,411,-10
100000038,1312,743,569
100000039,601,131,470
100000040,108,120,-12
100000041,637,339,298
100000042,696,329,367
100000043,944,345,599
100000044,409,795,-386
100000045,528,1644,-1116
100000046,806,1413,-607
100000047,289,781,-492
100000048,404,664,-260
100000049,1818,2789,-971
100000051,556,1167,-611
100000053,63,2,61
100000054,216,24,192
100000055,641,214,427
100000056,292,617,-325
100000057,1352,862,490
100000058,718,1439,-721
100000059,13,106,-93
100000060,297,317,-20
100000061,1692,489,1203
100000062,1180,464,716
100000063,413,238,175
100000064,876,353,523
100000065,330,1056,-726
100000066,210,1031,-821
100000067,348,956,-608
100000068,509,1970,-1461
100000069,298,1871,-1573
100000072,468,958,-490
100000073,963,1357,-394
100000075,521,321,200
100000076,2189,1555,634
100000077,678,121,557
100000078,57,29,28
100000079,36,36,0
100000080,17,15,2
100000081,124,40,84
100000102,3918,1045,2873
100000103,3686,639,3047
100000104,4181,1252,2929
100000105,3230,639,2591
100000106,2276,1220,1056
100000107,650,445,205
100000108,941,854,87
100000109,3998,1040,2958
100000116,1322,609,713
100000117,25,39,-14
100000118,1097,700,397
100000119,700,424,276
100000121,214,579,-365
100000122,1678,746,932
100000123,2858,4558,-1700
100000124,4735,6821,-2086
100000125,2186,736,1450
100000126,646,232,414
100000127,2145,278,1867
100000128,838,873,-35
100000129,416,296,120
100000130,304,573,-269
100000131,2515,2982,-467
100000132,1045,2024,-979
100000133,5941,2712,3229
100000135,400,606,-206
100000139,261,262,-1
100000140,362,224,138
100000142,274,486,-212
100000143,1759,765,994
100000144,4540,869,3671
100000147,917,1951,-1034
100000150,23,487,-464
100000151,649,500,149
100000153,459,199,260
100000154,166,70,96
100000155,7,49,-42
100000156,73,62,11
100000157,10,329,-319
100000158,78,178,-100
100000159,567,350,217
100000165,1287,611,676
100000169,888,413,475
100000174,1810,414,1396
100000179,90,430,-340
100000180,1131,1183,-52
100000181,180,327,-147
100000188,100,462,-362
100000189,633,231,402
100000190,548,324,224
100000191,544,378,166
100000192,62,94,-32
100000193,117,139,-22
100000330,1865,541,1324
100000355,157,444,-287
100000362,5180,3391,1789
100000363,2204,3370,-1166
100000364,481,137,344
100000365,3240,8075,-4835
100000366,4676,2180,2496
100000367,2917,3894,-977
100000368,1871,1637,234
100000369,951,1123,-172
100000370,104,335,-231
100000376,79,77,2
100000379,2993,1074,1919
100000380,4183,1645,2538
100000384,4973,2534,2439
100000385,5376,2765,2611
100000386,8263,3524,4739
100000387,7166,3443,3723
100000388,8377,4706,3671
100000389,7768,4673,3095
100000390,8669,3312,5357
100000391,6427,4647,1780
100000392,4696,1438,3258
100000393,2238,1787,451
100000394,7834,3448,4386
100000395,4245,1196,3049
100000396,6260,1739,4521
100000397,3150,1625,1525
100000398,10560,6972,3588
100000413,29,10,19
100900002,3,75,-72
100900003,158,79,79
100900004,14,640,-626
100900005,112,12,100
100900006,10,307,-297
100900007,477,6,471
100900008,2,464,-462
100900009,27,35,-8
100900010,26,203,-177
100900011,70,378,-308
100900012,1,259,-258
100900013,354,2,352
100900014,0,15,-15
100900015,97,130,-33
100900016,2,28,-26
100900017,450,79,371
100900018,1,8,-7
100900019,11,80,-69
100900020,276,8,268
100900021,260,1,259
100900022,12,6,6
100900023,1,17,-16
100900024,812,1,811
100900025,8,9,-1
100900026,60,153,-93
100900027,341,1681,-1340
100900028,78,127,-49
100900029,77,16,61
100900030,5,16,-11
100900031,209,85,124
100900032,136,0,136
100900033,165,106,59
100900034,222,0,222
100900035,413,0,413
100900036,11,0,11
100900037,41,314,-273
100900038,91,20,71
100900039,450,822,-372
100900040,208,785,-577
100900041,318,990,-672
100900042,383,149,234
100900043,0,17,-17
100900044,2710,324,2386
100900045,23,0,23
100900046,664,1,663
100900047,621,104,517
100900048,139,10,129
100900049,56,246,-190
100900050,2,11,-9
100900051,98,37,61
100900052,165,21,144
100900053,202,23,179
100900054,7,113,-106
100900055,148,307,-159
100900056,53,149,-96
100900057,406,722,-316
100900058,238,32,206
100900059,79,2,77
100900060,76,4,72
100900061,335,230,105
100900062,2,53,-51
100900063,128,327,-199
100900064,359,9,350
100900065,104,50,54
100900066,44,69,-25
100900067,0,7,-7
100900068,24,135,-111
100900069,443,2,441
100900070,146,4,142
100900071,606,336,270
100900072,0,45,-45
100900073,80,583,-503
100900074,2,5,-3
100900075,1911,351,1560
100900076,8,23,-15
100900077,6,168,-162
100900078,39,237,-198
100900079,10,35,-25
100900080,16,172,-156
100900081,15,92,-77
100900082,46,906,-860
100900083,1,32,-31
100900085,9,72,-63
100900086,132,509,-377
100900088,43,749,-706
100900089,5,17,-12
100900090,79,290,-211
100900091,0,10,-10
100900092,150,106,44
100900093,212,193,19
100900094,60,764,-704
100900095,4,26,-22
100900096,26,81,-55
100900097,1,7,-6
100900098,23,16,7
100900099,33,723,-690
100900100,25,306,-281
100900101,354,32,322
100900102,2,25,-23
100900103,14,7,7
100900104,9,207,-198
100900105,14,109,-95
100900106,75,7,68
100900107,1745,437,1308
100900108,2,5,-3
100900109,6,19,-13
100900110,0,59,-59
100900111,35,179,-144
100900112,0,4,-4
100900113,14,32,-18
100900114,13,10,3
100900115,3,25,-22
100900116,578,477,101
100900117,187,571,-384
100900118,6,75,-69
100900119,2,10,-8
100900120,5,14,-9
100900121,173,341,-168
100900122,125,175,-50
100900123,59,100,-41
100900124,11,3,8
100900125,25,71,-46
100900126,66,183,-117
100900127,0,11,-11
100900128,81,116,-35
100900129,1,89,-88
100900131,33,114,-81
100900133,32,27,5
100900134,4,6,-2
100900135,0,111,-111
100900137,319,143,176
100900138,410,304,106
100900139,3,9,-6
100900140,2,930,-928
100900141,1,404,-403
100900142,5,3,2
100900143,678,286,392
100900144,19,3,16
100900145,38,117,-79
100900146,13,22,-9
100900147,15,173,-158
100900148,27,1140,-1113
100900149,12,63,-51
100900150,3,35,-32
100900151,111,481,-370
100900152,110,4,106
100900153,8,105,-97
100900154,2,13,-11
100900155,5,10,-5
100900156,19,3,16
100900157,0,104,-104
100900159,1,15,-14
100900160,4,24,-20
100900161,141,3,138
100900162,8,135,-127
100900163,125,197,-72
100900164,34,36,-2
100900165,19,69,-50
100900166,23,1,22
100900167,4,106,-102
100900168,31,112,-81
100900169,149,897,-748
100900170,24,16,8
100900171,15,597,-582
100900172,0,9,-9
100900173,5,726,-721
100900174,292,43,249
100900176,1281,102,1179
100900177,926,362,564
100900178,236,139,97
100900179,64,59,5
100900180,4,3,1
100900181,104,33,71
100900182,11,11,0
100900184,2,133,-131
100900186,1037,591,446
100900187,6,141,-135
100900188,54,12,42
100900189,646,156,490
100900191,1253,518,735
100900192,330,135,195
100900195,87,117,-30
100900197,21,185,-164
100900198,10,367,-357
100900199,23,13,10
100900200,494,364,130
100900201,28,658,-630
100900202,3,0,3
100900203,0,73,-73
100900204,135,105,30
100900205,107,364,-257
100900206,77,29,48
100900207,92,65,27
100900210,93,847,-754
100900211,256,95,161
100900213,34,35,-1
100900214,971,83,888
100900215,8,33,-25
100900217,157,47,110
101000001,4267,1687,2580
101000002,3419,4229,-810
101000003,858,1510,-652
101000004,7940,6785,1155
101000005,4559,4125,434
101000006,6120,6340,-220
101000007,1939,2356,-417
101000008,4544,2524,2020
101000009,1432,2191,-759
101000010,835,1713,-878
101000011,1892,685,1207
101000012,2168,498,1670
101000013,425,873,-448
101000014,505,661,-156
101000015,704,728,-24
101000016,546,328,218
101000017,575,436,139
101000018,4475,2284,2191
101000020,4588,988,3600
101000021,1786,264,1522
101000022,444,65,379
101000023,1654,577,1077
101000025,156,277,-121
101000026,585,23,562
101000027,1854,1128,726
101000028,950,130,820
101000029,83,607,-524
101000030,1052,64,988
101000031,428,118,310
101000032,5601,1740,3861
101000033,2473,1791,682
101000034,3046,913,2133
101000035,1255,212,1043
101000036,1922,305,1617
101000037,5186,1191,3995
101000039,3085,1298,1787
101000040,4270,3140,1130
101000041,11232,3434,7798
101000042,807,446,361
101000043,7486,2717,4769
101000045,1669,379,1290
101000046,1998,432,1566
101000047,1223,995,228
101000048,904,742,162
101000049,828,803,25
101000050,1760,768,992
101000051,2167,1035,1132
101000052,1803,483,1320
101000053,1052,1270,-218
101000054,1435,1117,318
101000055,1456,1146,310
101000056,69,71,-2
101000057,2425,562,1863
101000058,1942,727,1215
101000059,3959,1425,2534
101000060,2079,330,1749
101000061,1148,790,358
101000062,1110,449,661
101000063,680,446,234
101000064,1666,383,1283
101000065,328,246,82
101000066,519,196,323
101000067,1081,383,698
101000068,404,227,177
101000069,448,35,413
101000070,1440,895,545
101000071,1646,841,805
101000072,902,3123,-2221
101000073,478,440,38
101000074,3903,2856,1047
101000075,5115,3261,1854
101000077,936,1853,-917
101000078,836,1784,-948
101000079,316,998,-682
101000080,450,462,-12
101000081,1090,1493,-403
101000082,3741,2919,822
101000083,1977,1794,183
101000084,1338,1074,264
101000085,1502,964,538
101000086,1239,1299,-60
101000087,1024,1457,-433
101000088,923,982,-59
101000089,770,1382,-612
101000090,2468,1682,786
101000091,329,2042,-1713
101000092,674,998,-324
101000093,1363,779,584
101000094,568,1511,-943
101000095,210,919,-709
101000096,229,611,-382
101000097,349,265,84
101000098,444,502,-58
101000099,975,1286,-311
101000100,750,474,276
101000101,448,298,150
101000102,1288,246,1042
101000103,825,353,472
101000104,319,354,-35
101000105,957,227,730
101000106,862,316,546
101000107,109,371,-262
101000108,1481,343,1138
101000109,172,81,91
101000110,41,770,-729
101000111,124,236,-112
101000113,99,441,-342
101000114,3200,1233,1967
101000115,199,223,-24
101000116,190,243,-53
101000117,600,270,330
101000119,124,34,90
101000120,209,25,184
101000121,86,23,63
101000122,117,29,88
101000123,61,27,34
101000124,136,181,-45
101000125,222,478,-256
101000128,980,376,604
101000130,235,309,-74
101000131,372,783,-411
101000132,378,1992,-1614
101000135,99,14,85
101000136,251,43,208
101000137,24,215,-191
101000141,2044,1722,322
101000147,743,570,173
101000148,2508,18,2490
101000149,147,93,54
101000150,41,1405,-1364
101000151,117,63,54
101000152,311,269,42
101000153,540,530,10
101000154,105,1943,-1838
101000155,110,201,-91
101000156,22,218,-196
101000157,63,16,47
101000160,44,66,-22
101000163,213,62,151
101000164,487,424,63
101000165,233,457,-224
101000166,259,360,-101
101000168,653,332,321
101000252,1207,991,216
101000254,361,36,325
101000258,15,37,-22
101000261,37,270,-233
101000262,836,762,74
101000263,172,545,-373
101000265,57,505,-448
101000266,365,279,86
101000269,127,9,118
101000290,1559,1768,-209
101000293,24,80,-56
101000294,468,474,-6
101000295,135,456,-321
101000301,763,198,565
101000304,1971,2326,-355
101000305,2193,1561,632
101000328,74,361,-287
101900001,13,97,-84
101900002,0,13,-13
101900003,119,89,30
101900004,10,44,-34
101900005,6330,1330,5000
101900006,888,23,865
101900007,586,37,549
101900008,126,185,-59
101900009,51,345,-294
101900010,1138,612,526
101900011,375,1141,-766
101900012,108,328,-220
101900013,1186,126,1060
101900017,36,108,-72
101900018,1944,198,1746
101900019,352,114,238
101900020,48,98,-50
101900021,2,73,-71
101900022,76,1411,-1335
101900023,50,288,-238
101900026,62,48,14
101900027,11,92,-81
102000001,2724,3509,-785
102000002,2828,1385,1443
102000003,2958,4299,-1341
102000004,7147,2916,4231
102000005,1502,2102,-600
102000006,1733,1791,-58
102000007,1445,4178,-2733
102000008,5653,2030,3623
102000009,4351,7020,-2669
102000010,5147,4003,1144
102000011,2321,2040,281
102000012,3334,3419,-85
102000018,3549,2501,1048
102000019,2801,1728,1073
102000026,250,832,-582
102000029,456,249,207
102000030,67,327,-260
102000031,26,287,-261
102000032,283,467,-184
102000033,143,551,-408
102000034,507,615,-108
102000035,883,698,185
102000036,5,435,-430
102000037,140,105,35
102000038,382,139,243
102000039,411,60,351
102000040,883,107,776
102000041,250,310,-60
102000042,326,131,195
102000043,527,235,292
102000044,676,698,-22
102000045,678,1338,-660
102000046,933,537,396
102000047,518,1431,-913
102000048,199,936,-737
102000049,1162,892,270
102000050,1219,1198,21
102000051,469,759,-290
102000052,1569,882,687
102000053,973,839,134
102000054,311,842,-531
102000055,706,1510,-804
102000056,602,1835,-1233
102000057,1124,617,507
102000058,909,2525,-1616
102000059,983,1882,-899
102000060,897,1010,-113
102000061,991,2722,-1731
102000062,1137,1352,-215
102000063,1312,1466,-154
102000064,538,648,-110
102000065,56,141,-85
102000066,889,1637,-748
102000067,2233,3193,-960
102000068,11530,3414,8116
102000069,45,2486,-2441
102000070,2324,90,2234
102000071,8123,10272,-2149
102000072,3015,6572,-3557
102000073,553,1551,-998
102000074,542,939,-397
102000075,253,397,-144
102000076,274,539,-265
102000077,308,1508,-1200
102000078,641,1134,-493
102000079,203,400,-197
102000080,227,251,-24
102000081,160,869,-709
102000082,655,229,426
102000083,362,588,-226
102000084,117,476,-359
102000085,1640,1449,191
102000086,905,997,-92
102000087,745,2146,-1401
102000088,197,247,-50
102000089,762,523,239
102000090,379,1275,-896
102000091,1329,469,860
102000092,399,888,-489
102000093,784,793,-9
102000094,915,571,344
102000095,990,1139,-149
102000096,987,852,135
102000097,1022,996,26
102000098,711,1095,-384
102000099,1191,550,641
102000100,1117,1282,-165
102000101,1457,545,912
102000102,296,3107,-2811
102000103,1348,364,984
102000104,1119,301,818
102000105,249,872,-623
102000106,590,1055,-465
102000107,702,723,-21
102000108,428,366,62
102000109,294,729,-435
102000110,554,2107,-1553
102000111,9,459,-450
102000112,106,73,33
102000113,7,32,-25
102000114,1446,445,1001
102000115,218,226,-8
102000116,652,342,310
102000117,291,635,-344
102000118,1837,985,852
102000119,2788,667,2121
102000120,187,610,-423
102000121,753,559,194
102000122,349,807,-458
102000123,1458,826,632
102000124,826,910,-84
102000125,792,764,28
102000126,495,670,-175
102000127,814,651,163
102000128,466,1123,-657
102000129,697,936,-239
102000130,286,591,-305
102000131,795,501,294
102000132,283,393,-110
102000133,1029,2536,-1507
102000134,439,842,-403
102000135,1056,1125,-69
102000136,1193,601,592
102000137,830,835,-5
102000138,181,390,-209
102000139,45,295,-250
102000140,224,173,51
102000141,146,491,-345
102000142,153,390,-237
102000143,82,531,-449
102000144,108,483,-375
102000145,204,467,-263
102000146,247,337,-90
102000147,311,301,10
102000148,269,278,-9
102000149,152,742,-590
102000150,144,323,-179
102000151,161,394,-233
102000152,93,210,-117
102000153,947,321,626
102000154,524,781,-257
102000155,81,295,-214
102000156,563,48,515
102000157,244,163,81
102000158,667,374,293
102000159,1771,335,1436
102000161,4440,1609,2831
102000162,226,158,68
102000163,67,477,-410
102000164,956,834,122
102000165,255,121,134
102000166,22,104,-82
102000167,116,158,-42
102000168,158,64,94
102000169,92,551,-459
102000170,639,124,515
102000171,127,71,56
102000172,72,270,-198
102000173,488,187,301
102000174,20,43,-23
102000175,142,182,-40
102000176,31,31,0
102000178,242,704,-462
102000179,298,229,69
102000180,503,730,-227
102000181,373,778,-405
102000182,346,790,-444
102000183,1259,2366,-1107
102000184,1172,986,186
102000185,1533,1977,-444
102000186,772,2102,-1330
102000187,441,2019,-1578
102000188,530,1589,-1059
102000189,3202,1173,2029
102000190,588,2556,-1968
102000191,1131,615,516
102000192,843,1163,-320
102000193,28,201,-173
102000194,62,174,-112
102000195,359,662,-303
102000196,130,765,-635
102000197,336,629,-293
102000198,135,1127,-992
102000199,427,491,-64
102000200,231,1679,-1448
102000201,404,628,-224
102000202,2,127,-125
102000203,234,372,-138
102000204,230,1023,-793
102000205,754,691,63
102000206,552,893,-341
102000207,784,474,310
102000208,404,655,-251
102000209,51,44,7
102000210,215,649,-434
102000211,438,597,-159
102000212,150,15,135
102000213,3,459,-456
102000214,112,14,98
102000215,5,741,-736
102000216,33,50,-17
102000217,12,237,-225
102000218,121,87,34
102000219,532,360,172
102000225,883,991,-108
102000226,3350,1010,2340
102000227,154,0,154
102000228,0,125,-125
102000229,17,26,-9
102000230,250,839,-589
102000231,248,387,-139
102000232,7,271,-264
102000233,325,835,-510
102000234,104,1291,-1187
102000236,203,109,94
102000237,800,184,616
102000238,129,349,-220
102000240,624,533,91
102000241,165,151,14
102000243,11,79,-68
102000245,16,81,-65
102000246,18,35,-17
102000247,1140,809,331
102000248,642,617,25
102000249,162,211,-49
102000250,63,569,-506
102000254,64,431,-367
102000266,43,200,-157
102000271,14,1,13
102000286,469,351,118
102000297,1635,1159,476
102000299,0,0,0
102000301,0,0,0
102000303,0,0,0
102000305,0,0,0
102000307,13,21,-8
102900001,1180,1383,-203
102900002,249,29,220
102900003,40,326,-286
102900005,249,453,-204
102900006,490,278,212
102900007,381,35,346
102900008,245,124,121
102900009,420,212,208
102900010,426,451,-25
102900011,2013,349,1664
102900012,325,81,244
102900013,25,72,-47
102900015,697,283,414
102900016,35,126,-91
102900017,91,587,-496
102900018,23,135,-112
102900019,378,667,-289
102900020,86,46,40
102900021,12,127,-115
102900022,512,58,454
102900023,15,77,-62
102900024,23,35,-12
102900025,288,100,188
102900026,693,1447,-754
102900027,52,65,-13
102900028,101,581,-480
102900029,155,158,-3
102900030,268,323,-55
102900031,116,221,-105
102900032,66,130,-64
102900033,82,120,-38
102900034,290,158,132
102900035,89,574,-485
102900036,184,761,-577
102900037,203,828,-625
102900038,375,741,-366
102900039,31,423,-392
102900040,103,246,-143
102900041,65,251,-186
102900042,155,486,-331
102900043,129,216,-87
102900044,742,2122,-1380
102900045,83,545,-462
102900046,114,346,-232
102900047,85,766,-681
102900048,588,886,-298
102900049,79,432,-353
102900050,232,369,-137
102900051,125,216,-91
102900053,356,930,-574
102900054,923,1004,-81
102900055,101,105,-4
102900056,106,554,-448
102900057,4,34,-30
102900058,304,32,272
102900059,20,52,-32
102900060,71,503,-432
102900061,98,636,-538
102900062,160,1690,-1530
102900063,703,558,145
102900064,126,434,-308
102900065,2160,489,1671
102900066,335,58,277
102900068,103,96,7
102900070,142,846,-704
102900072,13,33,-20
102900073,133,8,125
102900075,46,34,12
102900076,320,52,268
102900077,34,26,8
102900078,34,80,-46
102900079,285,10,275
102900080,360,24,336
102900081,66,334,-268
102900082,15,234,-219
102900083,242,6,236
102900084,3,13,-10
102900085,134,78,56
102900086,4,57,-53
102900087,59,160,-101
102900088,32,50,-18
102900089,234,121,113
102900090,3,508,-505
102900091,124,3,121
102900092,191,992,-801
102900094,0,58,-58
102900095,133,4,129
102900096,25,10,15
102900097,75,365,-290
103000001,2360,3220,-860
103000002,2544,2511,33
103000003,3945,2964,981
103000004,1116,765,351
103000005,2661,2688,-27
103000006,743,1565,-822
103000007,472,935,-463
103000008,955,1252,-297
103000009,1012,979,33
103000010,100,146,-46
103000011,1913,1311,602
103000012,1151,1424,-273
103000013,6393,2132,4261
103000014,1294,2111,-817
103000015,3150,890,2260
103000016,594,1113,-519
103000017,142,372,-230
103000018,1382,415,967
103000019,205,158,47
103000020,2302,1576,726
103000021,1684,1578,106
103000022,1474,1282,192
103000023,638,1522,-884
103000024,116,163,-47
103000025,67,331,-264
103000026,1756,146,1610
103000027,214,410,-196
103000028,582,420,162
103000029,320,147,173
103000030,1862,609,1253
103000031,1533,1612,-79
103000032,1734,1968,-234
103000033,2188,2757,-569
103000034,1380,1018,362
103000035,418,1278,-860
103000036,388,525,-137
103000037,596,457,139
103000038,439,1023,-584
103000039,181,577,-396
103000040,268,1450,-1182
103000041,1566,3345,-1779
103000042,895,930,-35
103000043,283,1382,-1099
103000044,129,309,-180
103000046,261,392,-131
103000047,574,720,-146
103000048,241,162,79
103000049,79,179,-100
103000050,697,865,-168
103000051,307,593,-286
103000052,683,562,121
103000053,171,558,-387
103000054,2075,1461,614
103000055,1557,2048,-491
103000056,632,2969,-2337
103000057,300,315,-15
103000058,384,1152,-768
103000059,237,785,-548
103000060,796,1069,-273
103000061,275,903,-628
103000062,813,934,-121
103000063,540,635,-95
103000064,112,349,-237
103000065,4,442,-438
103000066,114,11,103
103000069,183,398,-215
103000070,720,1536,-816
103000071,759,455,304
103000072,142,1103,-961
103000073,417,152,265
103000074,531,94,437
103000075,114,1024,-910
103000076,277,240,37
103000077,57,449,-392
103000078,1721,410,1311
103000079,1822,543,1279
103000080,1292,295,997
103000081,529,864,-335
103000082,482,215,267
103000083,94,352,-258
103000084,164,10,154
103000085,10,96,-86
103000086,1048,412,636
103000087,140,518,-378
103000088,487,396,91
103000089,319,396,-77
103000090,1586,987,599
103000091,483,468,15
103000092,292,318,-26
103000093,320,541,-221
103000094,198,128,70
103000095,31,403,-372
103000096,737,139,598
103000097,77,744,-667
103000098,895,198,697
103000099,290,692,-402
103000100,74,1140,-1066
103000101,620,156,464
103000102,106,921,-815
103000103,511,320,191
103000104,36,143,-107
103000105,116,184,-68
103000106,21,110,-89
103000107,325,48,277
103000108,656,558,98
103000109,499,308,191
103000110,391,427,-36
103000111,680,382,298
103000112,314,290,24
103000113,713,765,-52
103000114,1225,436,789
103000115,407,699,-292
103000116,355,698,-343
103000117,204,684,-480
103000118,1755,1096,659
103000119,2479,639,1840
103000120,49,85,-36
103000121,498,728,-230
103000122,519,337,182
103000125,8,469,-461
103000126,306,6,300
103000127,1,249,-248
103000128,120,1,119
103000129,3,136,-133
103000130,23,16,7
103000131,195,65,130
103000132,44,104,-60
103000133,13,109,-96
103000134,754,691,63
103000135,960,284,676
103000136,937,406,531
103000137,836,554,282
103000138,954,783,171
103000139,2,46,-44
103000140,197,27,170
103000141,35,155,-120
103000142,155,86,69
103000143,71,180,-109
103000144,198,102,96
103000145,11,14,-3
103000150,66,65,1
103000152,393,260,133
103000153,307,194,113
103000156,4,509,-505
103000157,234,3,231
103000159,157,137,20
103000162,112,26,86
103000163,27,27,0
103000164,33,15,18
103000165,303,518,-215
103000166,177,215,-38
103000167,201,110,91
103000168,67,192,-125
103000169,150,349,-199
103000170,389,580,-191
103000171,44,51,-7
103000172,232,358,-126
103000173,229,965,-736
103000174,150,325,-175
103000175,163,403,-240
103000176,893,372,521
103000177,762,413,349
103000178,311,367,-56
103000179,89,45,44
103000183,80,39,41
103000185,60,133,-73
103000186,66,192,-126
103000187,237,869,-632
103000188,7,96,-89
103000189,882,1293,-411
103000191,587,887,-300
103000292,2703,796,1907
103000293,1377,1475,-98
103000295,81,60,21
103000296,115,2,113
103000297,24,17,7
103000504,137,33,104
103000505,11,10,1
103000506,6,250,-244
103000507,141,0,141
103000508,51,14,37
103000509,375,537,-162
103900001,5,481,-476
103900002,2045,183,1862
103900003,2192,161,2031
103900004,49,8,41
103900005,2,230,-228
103900006,6,0,6
103900007,43,9,34
103900008,29,0,29
103900009,158,362,-204
103900010,144,303,-159
103900011,127,273,-146
103900012,17,6,11
103900013,30,110,-80
103900014,21,26,-5
103900015,27,22,5
103900016,302,305,-3
103900017,31,90,-59
103900018,838,202,636
103900019,51,222,-171
103900020,219,426,-207
103900021,884,51,833
103900022,1004,563,441
103900023,71,1,70
103900024,75,760,-685
103900025,9,56,-47
103900026,12,1,11
103900027,544,339,205
103900028,20,233,-213
103900029,833,133,700
103900030,252,43,209
103900031,14,1,13
103900032,46,53,-7
103900033,86,7,79
103900034,22,355,-333
103900035,64,76,-12
103900036,35,30,5
103900037,31,34,-3
103900038,65,162,-97
103900039,32,677,-645
103900040,8,294,-286
103900041,14,29,-15
103900042,32,592,-560
103900043,123,144,-21
103900044,292,146,146
103900045,172,193,-21
103900047,28,42,-14
103900048,39,17,22
103900049,200,1586,-1386
103900050,5,74,-69
103900051,0,30,-30
103900052,234,685,-451
103900053,146,1407,-1261
103900054,52,736,-684
103900055,343,325,18
103900056,27,55,-28
103900057,14,354,-340
103900058,123,879,-756
103900059,0,1,-1
103900060,37,296,-259
103900061,60,77,-17
103900062,209,74,135
103900063,0,0,0
103900064,52,3,49
103900065,908,441,467
103900066,102,13,89
103900067,63,6,57
103900068,8,0,8
103900069,103,18,85
103900070,149,346,-197
103900071,25,197,-172
103900072,0,390,-390
103900073,43,23,20
103900074,52,116,-64
103900075,123,104,19
103900076,280,856,-576
103900077,64,84,-20
103900078,76,111,-35
103900079,139,271,-132
103900080,12,23,-11
103900081,71,13,58
103900082,5,117,-112
103900083,2025,589,1436
103900084,19,156,-137
103900085,54,158,-104
103900086,287,252,35
103900088,422,254,168
103900089,59,265,-206
103900090,4,265,-261
103900091,923,237,686
103900092,590,592,-2
103900093,102,438,-336
103900094,8,163,-155
103900095,621,182,439
103900096,20,384,-364
103900097,6,583,-577
103900098,215,84,131
103900099,51,324,-273
103900100,134,466,-332
103900101,50,1182,-1132
103900102,0,69,-69
103900104,3,43,-40
103900105,98,269,-171
103900106,0,16,-16
103900107,26,285,-259
103900108,25,472,-447
103900109,41,141,-100
103900110,152,65,87
103900111,38,1030,-992
103900112,14,70,-56
103900113,132,234,-102
103900114,535,432,103
103900115,243,172,71
103900116,8252,1780,6472
103900117,302,191,111
103900119,25,44,-19
103900120,40,125,-85
103900122,24,499,-475
103900123,1845,522,1323
103900124,47,708,-661
103900125,69,77,-8
103900126,396,833,-437
103900127,70,1075,-1005
103900128,33,262,-229
103900131,28,168,-140
103900133,1023,25,998
103900134,0,1,-1
103900135,6,9,-3
103900137,0,46,-46
103900138,21,499,-478
103900139,244,1029,-785
103900140,1,49,-48
103900141,282,128,154
103900142,64,248,-184
103900143,38,8,30
103900144,0,65,-65
103900145,117,416,-299
103900146,220,434,-214
103900147,262,133,129
103900148,126,233,-107
103900149,130,854,-724
103900150,8412,2345,6067
103900151,34,213,-179
103900152,290,814,-524
103900153,3,2,1
103900154,1310,1497,-187
103900155,21,257,-236
103900156,10,189,-179
103900157,8,311,-303
103900158,53,250,-197
103900159,56,83,-27
103900160,29,40,-11
103900161,64,215,-151
103900162,46,324,-278
103900163,3,431,-428
103900167,7,77,-70
103900168,53,129,-76
103900169,25,34,-9
103900170,2,130,-128
103900171,1,120,-119
103900172,11,58,-47
103900173,5,11,-6
103900174,59,41,18
103900175,53,27,26
103900176,10,18,-8
103900177,4,36,-32
103900178,28,126,-98
103900179,13,283,-270
103900180,16,288,-272
103900181,65,63,2
103900182,27,24,3
103900184,758,32,726
103900185,531,141,390
103900187,104,48,56
103900188,44,19,25
103900189,64,11,53
103900190,53,59,-6
103900191,40,47,-7
103900192,30,57,-27
103900193,163,180,-17
103900194,66,331,-265
103900195,6,41,-35
103900196,40,20,20
103900197,15,23,-8
103900198,4,69,-65
103900199,96,90,6
103900200,102,149,-47
103900201,76,227,-151
103900202,0,50,-50
103900203,28,18,10
103900204,1,169,-168
103900207,1,247,-246
103900208,71,0,71
103900209,1,113,-112
103900210,21,21,0
103900211,277,778,-501
103900212,57,643,-586
103900213,145,229,-84
103900214,390,130,260
103900215,678,237,441
103900216,9,562,-553
103900217,341,59,282
103900218,3,410,-407
103900219,140,453,-313
103900233,48,1,47
103900235,53,23,30
103900236,42,2,40
103900242,13,16,-3
103900243,8,11,-3
103900244,66,341,-275
103900245,85,231,-146
103900246,115,38,77
103900247,65,122,-57
103900248,15,24,-9
103900249,39,31,8
103900250,63,24,39
103900251,4,46,-42
103900253,34,85,-51
103900254,18,39,-21
103900255,49,17,32
103900256,14,40,-26
103900257,134,185,-51
103900258,51,4,47
103900259,58,8,50
103900261,6,3,3
103900262,20,6,14
103900263,99,76,23
103900264,68,35,33
103900265,107,25,82
103900266,0,29,-29
103900267,10,54,-44
103900268,3,172,-169
103900269,95,42,53
103900270,27,201,-174
103900271,25,245,-220
103900272,71,113,-42
103900273,15,113,-98
103900274,43,14,29
103900275,22,14,8
103900276,7,195,-188
103900277,6,152,-146
103900278,8,64,-56
103900279,4,26,-22
103900280,4,249,-245
104000001,2015,2489,-474
104000002,1756,3617,-1861
104000003,2055,2588,-533
104000004,3233,3477,-244
104000005,1220,2033,-813
104000006,2892,3613,-721
104000007,4245,4838,-593
104000008,320,590,-270
104000009,113,164,-51
104000010,175,245,-70
104000011,944,532,412
104000012,167,612,-445
104000013,174,183,-9
104000014,288,860,-572
104000015,220,245,-25
104000016,614,542,72
104000018,546,177,369
104000019,434,147,287
104000020,237,1022,-785
104000021,299,925,-626
104000022,146,360,-214
104000023,486,426,60
104000024,227,557,-330
104000026,53,403,-350
104000027,376,559,-183
104000028,381,391,-10
104000029,533,678,-145
104000030,216,316,-100
104000031,880,396,484
104000032,197,444,-247
104000033,542,571,-29
104000034,328,457,-129
104000035,680,548,132
104000036,632,858,-226
104000037,346,441,-95
104000038,295,407,-112
104000039,204,508,-304
104000040,635,529,106
104000041,297,383,-86
104000042,220,547,-327
104000043,279,563,-284
104000044,265,959,-694
104000045,1145,1571,-426
104000046,1755,1876,-121
104000047,687,1653,-966
104000048,1145,2331,-1186
104000049,376,380,-4
104000050,198,698,-500
104000051,84,856,-772
104000052,951,1821,-870
104000053,698,805,-107
104000054,494,680,-186
104000055,4346,3311,1035
104000056,1757,230,1527
104000057,104,528,-424
104000058,562,901,-339
104000059,464,1482,-1018
104000060,797,1222,-425
104000061,1238,1601,-363
104000062,194,213,-19
104000064,630,427,203
104000065,118,481,-363
104000069,1824,888,936
104000070,68,362,-294
104000071,102,379,-277
104000072,429,283,146
104000075,45,365,-320
104000076,489,24,465
104000082,2103,3004,-901
104000083,726,224,502
104000084,103,528,-425
104000085,243,265,-22
104000086,149,469,-320
104000087,381,1130,-749
104000090,657,1994,-1337
104000092,734,3455,-2721
104000094,869,2507,-1638
104000095,1437,1547,-110
104000096,1191,558,633
104000097,1293,1496,-203
104000098,1325,1818,-493
104000100,1078,878,200
104000101,802,3143,-2341
104000106,64,606,-542
104000107,602,678,-76
104000108,400,694,-294
104000109,271,65,206
104000110,894,1058,-164
104000111,6157,2006,4151
104000112,2580,661,1919
104000116,6,1697,-1691
104000117,116,1545,-1429
104000118,303,295,8
104000119,333,272,61
104000120,181,1385,-1204
104000121,176,811,-635
104000122,506,767,-261
104000123,1088,1586,-498
104000124,1317,3695,-2378
104000125,6008,3350,2658
104000126,315,446,-131
104000127,1639,4171,-2532
104000128,854,528,326
104000129,410,25,385
104000130,7,252,-245
104000131,1165,790,375
104000132,732,1009,-277
104000133,983,1014,-31
104000134,746,1578,-832
104000135,316,1494,-1178
104000136,765,3042,-2277
104000137,1506,284,1222
104000138,1360,432,928
104000139,9295,3603,5692
104000141,1117,2224,-1107
104000142,656,1124,-468
104000143,574,908,-334
104000144,98,232,-134
104000145,399,205,194
104000146,356,695,-339
104000147,112,399,-287
104000148,248,186,62
104000149,198,518,-320
104000150,585,542,43
104000151,306,658,-352
104000152,420,805,-385
104000153,406,476,-70
104000154,1048,850,198
104000155,382,446,-64
104000157,1006,2425,-1419
104000158,292,322,-30
104000159,497,387,110
104000160,1540,1738,-198
104000161,226,180,46
104000162,65,150,-85
104000165,1892,1228,664
104000167,425,713,-288
104000168,353,6,347
104000169,59,79,-20
104000170,764,534,230
104000248,324,1379,-1055
104000251,67,367,-300
104000272,0,0,0
104000273,0,0,0
104000274,0,0,0
104000275,0,0,0
104000279,632,485,147
104000290,53,442,-389
104000291,645,1415,-770
104000293,642,859,-217
104000294,19,1,18
104000295,543,879,-336
104000296,366,932,-566
104000297,847,1731,-884
104000298,1856,983,873
104000299,662,1965,-1303
104900001,149,536,-387
104900002,25,127,-102
104900003,56,446,-390
104900004,84,428,-344
104900005,122,147,-25
104900006,112,92,20
104900007,200,272,-72
104900009,85,595,-510
104900010,24,26,-2
104900011,18,2,16
104900012,156,9,147
104900013,83,8,75
104900014,4812,389,4423
104900015,95,1,94
104900016,148,403,-255
104900017,93,258,-165
104900018,12,222,-210
104900019,344,1683,-1339
104900020,66,315,-249
104900021,2,469,-467
104900022,11,233,-222
104900023,4,181,-177
104900024,14,147,-133
104900025,29,502,-473
104900026,2,178,-176
104900027,319,285,34
104900028,27,148,-121
104900029,39,124,-85
104900030,412,273,139
104900031,173,222,-49
104900032,28,187,-159
104900033,110,250,-140
104900034,250,112,138
104900035,206,135,71
104900036,193,79,114
104900037,87,481,-394
104900038,599,274,325
104900039,1262,195,1067
104900040,208,85,123
104900041,158,221,-63
104900042,102,558,-456
104900043,11,82,-71
104900044,343,231,112
104900045,332,72,260
104900046,75,142,-67
104900047,264,154,110
104900048,165,110,55
104900049,9,10,-1
104900050,119,95,24
104900051,209,68,141
104900052,30,2,28
104900053,343,75,268
104900054,59,39,20
104900055,38,0,38
104900056,137,17,120
104900057,23,0,23
104900058,307,115,192
104900059,40,35,5
104900060,2,519,-517
104900061,332,783,-451
104900063,2,154,-152
104900064,0,216,-216
104900065,0,172,-172
104900066,1,253,-252
104900067,3,321,-318
104900068,8,356,-348
104900070,134,379,-245
104900071,4,1044,-1040
104900072,35,261,-226
104900073,27,495,-468
104900074,66,252,-186
104900075,53,148,-95
104900076,105,506,-401
104900077,1771,121,1650
104900078,197,886,-689
104900079,104,234,-130
104900080,64,684,-620
104900082,8,391,-383
104900085,7,338,-331
104900087,330,9,321
104900089,61,0,61
104900090,387,614,-227
104900091,403,1230,-827
104900093,246,724,-478
104900097,3321,1206,2115
104900098,48,47,1
104900099,605,617,-12
104900100,927,258,669
104900102,21,302,-281
104900103,332,119,213
104900104,3502,1224,2278
104900106,46,113,-67
104900107,58,414,-356
104900108,25,494,-469
104900109,75,137,-62
104900110,7,62,-55
104900111,98,120,-22
104900112,225,1277,-1052
104900113,456,587,-131
104900114,228,988,-760
104900115,432,648,-216
104900116,141,313,-172
104900118,22,88,-66
104900119,0,28,-28
104900120,148,83,65
104900121,5,156,-151
104900122,2,138,-136
104900123,27,4,23
104900124,21,0,21
104900125,446,5,441
104900126,70,73,-3
104900127,30,44,-14
104900128,89,145,-56
104900129,3134,1219,1915
105000001,2623,2052,571
105000002,2547,2001,546
105000003,3270,4050,-780
105000004,462,1460,-998
105000005,686,1370,-684
105000006,1148,1899,-751
105000007,1127,1426,-299
105000008,1173,2351,-1178
105000009,1301,2955,-1654
105000010,3583,3577,6
105000011,1678,2274,-596
105000012,3734,3550,184
105000013,667,1104,-437
105000014,1106,1964,-858
105000015,8102,6397,1705
105000016,4349,1886,2463
105000017,1878,1208,670
105000018,1548,1025,523
105000019,1624,933,691
105000020,234,344,-110
105000021,351,147,204
105000022,170,35,135
105000023,311,212,99
105000028,68,191,-123
105000029,392,1048,-656
105000030,4363,4221,142
105000031,0,9,-9
105000033,932,2384,-1452
105000034,127,519,-392
105000037,568,775,-207
105000038,1062,1386,-324
105000039,2687,1785,902
105000040,507,823,-316
105000041,399,1397,-998
105000042,1465,1160,305
105000043,1738,2076,-338
105000044,321,435,-114
105000045,317,962,-645
105000046,691,409,282
105000047,569,1749,-1180
105000048,481,236,245
105000049,287,926,-639
105000050,509,438,71
105000051,271,709,-438
105000052,367,1028,-661
105000053,187,242,-55
105000054,229,1277,-1048
105000055,358,406,-48
105000056,791,3566,-2775
105000057,943,1208,-265
105000058,1400,1825,-425
105000059,609,635,-26
105000060,617,1066,-449
105000061,385,577,-192
105000062,1103,1686,-583
105000063,374,995,-621
105000064,1064,789,275
105000065,518,1408,-890
105000066,1171,2855,-1684
105000067,951,571,380
105000068,786,1145,-359
105000069,4600,1011,3589
105000070,1044,773,271
105000071,419,630,-211
105000072,1191,1435,-244
105000073,941,674,267
105000074,892,1080,-188
105000075,795,899,-104
105000076,1551,1209,342
105000077,1958,809,1149
105000078,1465,1365,100
105000079,1967,1820,147
105000080,1670,908,762
105000081,1968,842,1126
105000082,718,459,259
105000083,1488,730,758
105000084,662,1411,-749
105000085,1250,1006,244
105000086,630,1045,-415
105000087,3932,2380,1552
105000088,1215,1606,-391
105000089,2927,2531,396
105000090,732,832,-100
105000091,1544,1839,-295
105000092,700,1196,-496
105000093,313,206,107
105000094,235,270,-35
105000095,91,324,-233
105000096,1289,701,588
105000097,1455,865,590
105000098,772,613,159
105000099,1043,1198,-155
105000100,789,1620,-831
105000101,1705,2505,-800
105000102,929,1788,-859
105000103,1187,2881,-1694
105000104,1512,1392,120
105000105,915,2679,-1764
105000106,1154,2071,-917
105000107,776,1555,-779
105000108,933,2846,-1913
105000109,1241,2242,-1001
105000110,625,1373,-748
105000111,646,811,-165
105000112,1050,1164,-114
105000113,415,674,-259
105000114,5850,1289,4561
105000115,331,907,-576
105000116,703,534,169
105000117,913,1952,-1039
105000118,224,358,-134
105000119,423,1747,-1324
105000120,591,697,-106
105000121,834,1805,-971
105000122,273,605,-332
105000123,1228,2059,-831
105000124,1224,1291,-67
105000125,692,2650,-1958
105000126,1741,3274,-1533
105000127,2367,2361,6
105000128,483,2099,-1616
105000129,699,356,343
105000130,172,1459,-1287
105000131,768,460,308
105000132,641,477,164
105000133,320,1362,-1042
105000134,644,601,43
105000135,358,844,-486
105000136,139,434,-295
105000137,225,204,21
105000138,228,375,-147
105000139,1084,1244,-160
105000140,207,589,-382
105000141,179,790,-611
105000142,127,640,-513
105000143,222,954,-732
105000144,335,911,-576
105000145,506,668,-162
105000146,767,1010,-243
105000147,560,492,68
105000148,1093,996,97
105000149,1794,2391,-597
105000150,2197,1930,267
105000151,414,363,51
105000152,136,908,-772
105000153,652,489,163
105000154,697,1455,-758
105000155,279,661,-382
105000156,883,1353,-470
105000157,931,3311,-2380
105000158,1781,903,878
105000159,271,2019,-1748
105000160,1635,715,920
105000161,851,2650,-1799
105000162,713,1533,-820
105000163,2392,1583,809
105000164,169,390,-221
105000165,2351,4525,-2174
105000166,9822,368,9454
105000167,4207,1507,2700
105000168,226,1307,-1081
105000169,309,457,-148
105000170,79,1480,-1401
105000171,1081,427,654
105000172,44,84,-40
105000173,72,44,28
105000174,39,35,4
105000175,39,165,-126
105000176,160,80,80
105000177,220,163,57
105000178,78,1121,-1043
105000179,177,122,55
105000180,66,115,-49
105000181,62,738,-676
105000182,50,42,8
105000183,3028,1885,1143
105000184,955,769,186
105000185,800,712,88
105000186,268,890,-622
105000187,557,224,333
105000188,158,78,80
105000189,83,506,-423
105000190,203,238,-35
105000191,291,417,-126
105000192,122,71,51
105000193,80,175,-95
105000194,266,65,201
105000195,264,1349,-1085
105000196,40,119,-79
105000197,194,924,-730
105000198,669,318,351
105000199,324,280,44
105000200,90,207,-117
105000201,110,26,84
105000203,16,458,-442
105000204,58,73,-15
105000205,49,307,-258
105000207,475,176,299
105000208,213,407,-194
105000209,230,289,-59
105000211,39,4,35
105000212,871,2107,-1236
105000213,178,194,-16
105000214,42,283,-241
105000215,153,389,-236
105000216,74,279,-205
105000217,117,337,-220
105000218,679,1444,-765
105000221,348,394,-46
105000222,96,73,23
105000223,108,216,-108
105000226,69,537,-468
105000227,31,273,-242
105000228,385,865,-480
105000229,92,238,-146
105000231,219,408,-189
105000233,506,681,-175
105000234,457,1535,-1078
105000235,333,526,-193
105000237,687,86,601
105000243,26,57,-31
105000248,85,75,10
105000262,180,2422,-2242
105000269,110,211,-101
105000270,276,137,139
105000271,1,413,-412
105000282,204,62,142
105000287,308,180,128
105000288,255,491,-236
105000289,2019,825,1194
105000290,4,4,0
105000402,5493,1847,3646
105000426,339,511,-172
105000438,1757,737,1020
105000440,3,5,-2
105000446,16005,5201,10804
105000447,8704,3074,5630
105000454,311,1278,-967
105000455,261,267,-6
105000474,5,0,5
105000477,237,386,-149
105000478,1391,2381,-990
105000479,160,112,48
105000480,3112,2150,962
105000481,2667,2116,551
105000482,5194,3230,1964
105000483,1370,1360,10
105000484,2473,2888,-415
105000485,1071,1483,-412
105000486,3168,2560,608
105000488,4913,3385,1528
105000489,740,970,-230
105000549,48,158,-110
105000550,499,1575,-1076
105000551,22,114,-92
105000552,4320,2275,2045
105000555,950,618,332
105000556,29,28,1
105000557,10,131,-121
105900001,4,992,-988
105900002,2138,510,1628
105900003,9,102,-93
105900004,216,102,114
105900005,12,238,-226
105900006,6,31,-25
105900007,22,11,11
105900008,56,967,-911
105900009,12,12,0
105900011,50,60,-10
105900012,229,116,113
105900013,1,24,-23
105900014,6,96,-90
105900015,109,463,-354
105900016,159,774,-615
105900017,618,44,574
105900018,228,432,-204
105900019,42,494,-452
105900020,35,68,-33
105900021,19,201,-182
105900022,178,500,-322
105900023,2,100,-98
105900024,4,69,-65
105900025,74,70,4
105900026,284,50,234
105900027,4469,2424,2045
105900028,78,168,-90
105900029,2260,278,1982
105900030,162,262,-100
105900031,505,189,316
105900032,58,138,-80
105900033,56,102,-46
105900034,118,199,-81
105900035,123,165,-42
105900036,40,170,-130
105900037,55,72,-17
105900038,150,409,-259
105900039,92,249,-157
105900040,36,101,-65
105900041,156,667,-511
105900042,37,127,-90
105900043,2516,77,2439
105900044,2,154,-152
105900045,4,518,-514
105900046,2,190,-188
105900047,2,26,-24
105900048,58,558,-500
105900050,1413,439,974
105900051,1,1544,-1543
105900052,280,44,236
105900053,4599,1417,3182
105900054,249,394,-145
105900056,765,132,633
105900057,4,97,-93
105900058,8,52,-44
105900059,0,29,-29
106000001,3742,1771,1971
106000002,3162,5687,-2525
106000003,3321,3067,254
106000004,3098,3307,-209
106000005,2523,5652,-3129
106000006,6328,6195,133
106000007,351,511,-160
106000008,328,346,-18
106000009,445,318,127
106000010,513,567,-54
106000011,633,966,-333
106000012,809,1965,-1156
106000013,1691,1710,-19
106000014,1964,2185,-221
106000015,1130,1108,22
106000016,1172,2977,-1805
106000017,716,845,-129
106000018,543,678,-135
106000019,300,486,-186
106000020,265,630,-365
106000021,343,584,-241
106000022,317,397,-80
106000023,772,571,201
106000024,781,1117,-336
106000025,103,269,-166
106000026,148,303,-155
106000027,937,1467,-530
106000028,540,793,-253
106000029,954,1695,-741
106000030,927,402,525
106000034,223,738,-515
106000035,1037,1308,-271
106000036,438,399,39
106000037,2064,2069,-5
106000038,437,102,335
106000039,181,70,111
106000040,189,927,-738
106000041,992,299,693
106000043,707,131,576
106000046,443,56,387
106000047,83,418,-335
106000049,609,170,439
106000050,306,1214,-908
106000051,498,427,71
106000052,103,737,-634
106000053,181,101,80
106000054,502,580,-78
106000055,766,1398,-632
106000056,307,555,-248
106000057,199,270,-71
106000058,129,244,-115
106000059,254,236,18
106000060,628,853,-225
106000061,211,532,-321
106000062,162,794,-632
106000063,675,657,18
106000064,37,551,-514
106000065,333,247,86
106000066,169,491,-322
106000067,321,119,202
106000068,70,880,-810
106000069,206,151,55
106000070,459,1122,-663
106000071,891,538,353
106000072,6377,1960,4417
106000073,2120,2552,-432
106000074,411,1002,-591
106000075,326,1529,-1203
106000076,1947,2044,-97
106000077,4365,1841,2524
106000078,796,1353,-557
106000079,590,1169,-579
106000080,1229,1100,129
106000081,693,1289,-596
106000082,2510,1145,1365
106000083,403,1626,-1223
106000084,1049,811,238
106000085,1835,1472,363
106000086,636,952,-316
106000087,855,790,65
106000088,417,908,-491
106000089,1026,635,391
106000090,246,708,-462
106000091,387,1114,-727
106000092,726,273,453
106000093,370,76,294
106000094,117,590,-473
106000095,589,2109,-1520
106000096,947,796,151
106000097,848,1943,-1095
106000098,667,1116,-449
106000099,201,1120,-919
106000100,719,378,341
106000101,673,383,290
106000102,112,743,-631
106000103,324,803,-479
106000104,636,559,77
106000105,493,1315,-822
106000106,560,561,-1
106000107,115,679,-564
106000108,212,394,-182
106000109,147,577,-430
106000110,171,417,-246
106000111,139,837,-698
106000112,179,516,-337
106000113,1513,747,766
106000114,407,505,-98
106000115,286,689,-403
106000116,219,316,-97
106000117,875,1114,-239
106000118,1053,1072,-19
106000119,3176,1526,1650
106000120,596,829,-233
106000121,153,307,-154
106000122,162,478,-316
106000123,210,439,-229
106000124,44,504,-460
106000125,25,424,-399
106000126,170,264,-94
106000127,722,1111,-389
106000128,671,496,175
106000129,606,1011,-405
106000130,673,721,-48
106000131,203,1114,-911
106000132,1183,232,951
106000133,5319,1471,3848
106000134,1213,1232,-19
106000135,317,1317,-1000
106000136,809,883,-74
106000137,73,2238,-2165
106000138,992,111,881
106000139,90,192,-102
106000140,46,135,-89
106000141,70,133,-63
106000142,74,111,-37
106000143,16,95,-79
106000144,20,94,-74
106000145,179,391,-212
106000146,226,217,9
106000147,407,751,-344
106000148,700,1074,-374
106000149,485,489,-4
106000150,544,2333,-1789
106000151,6589,863,5726
106000152,1620,1729,-109
106000153,98,2021,-1923
106000154,1847,392,1455
106000155,68,330,-262
106000156,593,416,177
106000157,552,2280,-1728
106000158,4201,860,3341
106000159,6332,1455,4877
106000160,321,1953,-1632
106000161,1900,649,1251
106000162,222,783,-561
106000163,263,765,-502
106000164,267,356,-89
106000165,201,1066,-865
106000166,597,323,274
106000167,300,1815,-1515
106000168,269,251,18
106000169,130,1084,-954
106000170,399,298,101
106000171,119,1358,-1239
106000172,2370,1180,1190
106000173,921,4188,-3267
106000174,894,363,531
106000175,293,1582,-1289
106000176,983,882,101
106000177,588,3024,-2436
106000178,2475,2222,253
106000179,1075,2707,-1632
106000180,710,2248,-1538
106000181,473,2476,-2003
106000182,555,1094,-539
106000183,659,1500,-841
106000184,637,1556,-919
106000185,517,992,-475
106000186,924,136,788
106000187,228,871,-643
106000188,0,1,-1
106000189,5,75,-70
106000190,6,0,6
106000191,570,219,351
106000192,0,21,-21
106000193,293,136,157
106000194,130,254,-124
106000195,106,78,28
106000196,59,328,-269
106000197,259,468,-209
106000198,94,334,-240
106000199,980,390,590
106000200,694,193,501
106000201,549,1607,-1058
106000202,9950,774,9176
106000203,260,259,1
106000204,66,7,59
106000205,17,190,-173
106000206,58,23,35
106000207,62,1059,-997
106000208,853,125,728
106000209,946,392,554
106000210,228,1830,-1602
106000211,416,1976,-1560
106000212,567,209,358
106000213,738,1661,-923
106000214,2925,538,2387
106000215,336,687,-351
106000216,337,398,-61
106000217,352,777,-425
106000218,523,381,142
106000219,209,435,-226
106000220,398,330,68
106000221,107,387,-280
106000222,27,186,-159
106000223,98,169,-71
106000224,196,439,-243
106000225,100,75,25
106000226,148,425,-277
106000228,38,160,-122
106000229,101,972,-871
106000231,805,190,615
106000232,69,573,-504
106000233,370,219,151
106000234,64,242,-178
106000235,201,113,88
106000236,120,73,47
106000237,0,3,-3
106000238,6,7,-1
106000239,2,88,-86
106000240,20,3,17
106000241,8,1025,-1017
106000242,182,19,163
106000249,127,128,-1
106000250,54,413,-359
106000251,23,48,-25
106000252,11,139,-128
106000253,16,39,-23
106000254,37,97,-60
106000255,17,100,-83
106000256,71,89,-18
106000257,91,335,-244
106000258,86,26,60
106000259,5,39,-34
106000260,16,10,6
106000261,4,48,-44
106000262,52,9,43
106000263,5,87,-82
106000264,177,24,153
106000265,7,154,-147
106000266,86,11,75
106000267,4,100,-96
106000268,584,21,563
106000269,84,66,18
106000270,193,430,-237
106000271,31,209,-178
106000272,86,45,41
106000273,8,257,-249
106000274,190,53,137
106000275,167,208,-41
106000276,132,66,66
106000277,171,163,8
106000278,185,55,130
106000279,17,101,-84
106000280,39,276,-237
106000281,76,144,-68
106000282,64,67,-3
106000283,81,129,-48
106000284,71,145,-74
106000285,108,229,-121
106000286,79,188,-109
106000287,107,141,-34
106000288,152,175,-23
106000289,74,141,-67
106000290,76,148,-72
106000291,82,183,-101
106000292,61,147,-86
106000293,127,115,12
106000294,106,161,-55
106000295,61,62,-1
106000296,51,134,-83
106000297,82,318,-236
106000298,150,85,65
106000299,80,231,-151
106000300,59,135,-76
106000301,61,139,-78
106000303,13,115,-102
106000304,12,44,-32
106000305,28,58,-30
106000306,33,84,-51
106000307,39,23,16
106000308,22,224,-202
106000309,18,70,-52
106000310,269,813,-544
106000311,296,139,157
106000312,89,334,-245
106000313,196,246,-50
106000318,173,189,-16
106000319,675,89,586
106000320,0,22,-22
106000321,387,49,338
106000322,108,270,-162
106000324,8,204,-196
106000325,1205,761,444
106000326,1038,2297,-1259
106000327,66,193,-127
106000328,8,66,-58
106000329,58,394,-336
106000330,27,55,-28
106000428,53,207,-154
106000429,143,866,-723
106000430,478,2149,-1671
106000431,1553,402,1151
106000432,2198,4031,-1833
106000433,1645,1134,511
106000434,2649,1096,1553
106000435,2492,3780,-1288
106000436,17,507,-490
106000437,186,21,165
106000438,157,94,63
106000439,24,655,-631
106000440,206,655,-449
106000441,0,1,-1
106000442,250,11,239
106000443,84,641,-557
106000450,4,310,-306
106000451,20,14,6
106000454,6,138,-132
106000455,12,200,-188
106000456,114,37,77
106000457,7,1475,-1468
106000458,309,369,-60
106000459,137,652,-515
106000460,624,74,550
106000461,85,2699,-2614
106000462,0,30,-30
106000463,0,58,-58
106000464,1,830,-829
106000465,272,1,271
106000466,2,1091,-1089
106000467,745,663,82
106000468,55,285,-230
106000469,513,6,507
106000470,237,1503,-1266
106000471,55,1016,-961
106000472,114,17,97
106000473,22,45,-23
106000474,282,938,-656
106000475,219,191,28
106000476,228,191,37
106000477,23,160,-137
106000480,0,206,-206
106900001,0,40,-40
106900002,3,933,-930
106900003,229,1313,-1084
106900004,2,109,-107
106900006,0,25,-25
106900007,1,30,-29
106900008,170,451,-281
106900009,232,693,-461
106900010,251,549,-298
106900012,3210,1787,1423
106900013,411,95,316
106900014,20,2,18
106900015,16,0,16
106900016,173,2,171
106900017,2,0,2
106900018,0,0,0
106900019,57,3,54
106900020,3957,1234,2723
106900021,47,123,-76
106900022,329,0,329
106900023,28,343,-315
106900024,252,34,218
106900025,47,885,-838
106900026,5,1140,-1135
106900027,311,2,309
107000001,2658,2006,652
107000002,3276,4340,-1064
107000003,3591,4931,-1340
107000004,4872,6299,-1427
107000005,2180,4191,-2011
107000006,3847,7830,-3983
107000007,3788,7256,-3468
107000008,15480,12232,3248
107000009,3869,4877,-1008
107000010,9817,12651,-2834
107000011,1165,1340,-175
107000012,4982,4490,492
107000013,54,166,-112
107000014,30,325,-295
107000015,471,978,-507
107000016,469,1565,-1096
107000017,1833,870,963
107000018,5,214,-209
107000020,901,376,525
107000021,768,805,-37
107000022,584,1073,-489
107000023,1288,463,825
107000024,344,1969,-1625
107000025,155,436,-281
107000026,168,875,-707
107000027,905,1000,-95
107000028,1068,2254,-1186
107000029,1763,1792,-29
107000030,3070,3919,-849
107000031,2652,1831,821
107000032,376,1013,-637
107000033,4019,3987,32
107000034,5567,2456,3111
107000035,275,200,75
107000036,432,1327,-895
107000037,60,604,-544
107000038,244,297,-53
107000039,688,637,51
107000040,155,340,-185
107000041,1543,773,770
107000042,837,1830,-993
107000043,3376,1057,2319
107000044,834,390,444
107000045,132,406,-274
107000046,725,467,258
107000047,566,1018,-452
107000048,862,395,467
107000049,638,979,-341
107000050,1082,576,506
107000051,854,421,433
107000052,1303,1027,276
107000053,415,237,178
107000054,44,393,-349
107000055,390,202,188
107000056,610,1088,-478
107000057,2803,256,2547
107000058,1683,2340,-657
107000059,2714,4233,-1519
107000060,2957,5029,-2072
107000061,5881,5227,654
107000062,2974,2923,51
107000063,4324,8394,-4070
107000064,3390,1960,1430
107000065,4091,7150,-3059
107000066,1078,1885,-807
107000067,629,951,-322
107000068,1237,577,660
107000069,728,468,260
107000070,492,2,490
107000071,1708,42,1666
107000072,54,4639,-4585
107000073,324,216,108
107000074,123,1114,-991
107000075,1024,441,583
107000076,969,1891,-922
107000077,2449,1115,1334
107000078,2266,3792,-1526
107000079,1611,620,991
107000080,1174,3678,-2504
107000081,875,628,247
107000082,514,3234,-2720
107000083,786,342,444
107000084,506,2927,-2421
107000085,2437,3183,-746
107000086,3377,3491,-114
107000087,2338,1857,481
107000088,2443,3866,-1423
107000089,1507,1701,-194
107000090,1239,1401,-162
107000091,981,985,-4
107000092,702,1519,-817
107000093,944,805,139
107000094,1032,1747,-715
107000095,496,763,-267
107000096,615,1428,-813
107000097,488,426,62
107000098,519,1440,-921
107000099,516,313,203
107000100,356,470,-114
107000101,91,221,-130
107000102,539,531,8
107000103,473,254,219
107000104,405,582,-177
107000105,410,123,287
107000106,181,502,-321
107000107,494,245,249
107000108,171,1139,-968
107000109,535,146,389
107000110,134,938,-804
107000111,243,30,213
107000112,32,679,-647
107000113,524,135,389
107000114,120,1248,-1128
107000115,560,131,429
107000116,123,1356,-1233
107000117,105,389,-284
107000118,216,410,-194
107000119,2656,1419,1237
107000120,4116,499,3617
107000121,467,927,-460
107000122,1309,1088,221
107000123,342,1217,-875
107000124,632,1132,-500
107000125,607,1285,-678
107000126,681,1139,-458
107000129,205,1591,-1386
107000130,365,289,76
107000131,544,992,-448
107000132,593,409,184
107000133,425,94,331
107000134,162,1,161
107000135,6,244,-238
107000136,468,6,462
107000137,20,537,-517
107000138,207,23,184
107000139,20,409,-389
107000140,884,55,829
107000141,118,940,-822
107000142,286,63,223
107000143,72,1065,-993
107000144,229,311,-82
107000145,151,622,-471
107000146,127,177,-50
107000147,4884,1131,3753
107000150,879,1717,-838
107000151,43,62,-19
107000152,610,525,85
107000153,618,530,88
107000154,243,152,91
107000155,465,7,458
107000156,697,6,691
107000157,23,2615,-2592
107000158,396,15,381
107000159,56,2056,-2000
107000160,506,66,440
107000161,69,2546,-2477
107000162,135,245,-110
107000163,35,0,35
107000164,203,1,202
107000165,428,1,427
107000166,43,1936,-1893
107000167,399,313,86
107000168,607,309,298
107000169,1207,1077,130
107000170,979,511,468
107000171,370,3394,-3024
107000172,636,754,-118
107000173,787,1647,-860
107000174,700,2708,-2008
107000175,11221,1865,9356
107000176,0,1,-1
107000177,1,1,0
107000178,9,59,-50
107000179,235,3804,-3569
107000180,996,412,584
107000181,502,1954,-1452
107000182,1446,1178,268
107000183,139,1146,-1007
107000184,876,1104,-228
107000185,544,1464,-920
107000186,1009,385,624
107000187,904,1611,-707
107000188,368,595,-227
107000189,272,1155,-883
107000190,503,1128,-625
107000191,629,1482,-853
107000192,1348,1372,-24
107000193,273,378,-105
107000194,1144,1045,99
107000197,657,221,436
107000198,464,955,-491
107000199,590,631,-41
107000200,1226,570,656
107000201,322,166,156
107000202,213,412,-199
107000203,707,398,309
107000204,1007,538,469
107000205,1912,1116,796
107000206,672,973,-301
107000207,717,1251,-534
107000208,1192,440,752
107000209,2126,1038,1088
107000210,1146,495,651
107000211,6,37,-31
107000212,5,318,-313
107000213,6,23,-17
107000214,24,221,-197
107000215,227,605,-378
107000216,196,590,-394
107000217,91,163,-72
107000219,49,107,-58
107000220,122,313,-191
107000222,201,728,-527
107000224,229,65,164
107000225,164,680,-516
107000226,142,79,63
107000227,74,527,-453
107000228,102,193,-91
107000229,401,89,312
107000230,1260,640,620
107000231,1432,763,669
107000232,88,152,-64
107000233,1230,560,670
107000234,2,24,-22
107000235,63,4,59
107000236,9,323,-314
107000237,0,0,0
107000238,12,0,12
107000239,6580,663,5917
107000240,77,1531,-1454
107000243,0,83,-83
107000244,11,73,-62
107000246,4,1324,-1320
107000249,6,1327,-1321
107000251,1,353,-352
107000252,4,1758,-1754
107000255,1087,107,980
107000257,5,775,-770
107000258,1,212,-211
107000259,0,355,-355
107000260,377,2,375
107000262,13,1055,-1042
107000263,162,1,161
107000266,6,2,4
107000267,65,228,-163
107000268,120,197,-77
107000269,353,80,273
107000270,2,5,-3
107000271,4,1244,-1240
107000272,10,256,-246
107000273,2,283,-281
107000274,419,154,265
107000275,43,600,-557
107000280,392,23,369
107000281,17,1571,-1554
107000282,20,1523,-1503
107000290,5,33,-28
107000291,6,10,-4
107000292,2,31,-29
107000293,36,6,30
107000294,0,32,-32
107000295,28,1,27
107000296,0,13,-13
107000444,139,5,134
107000496,2,22,-20
107000497,1408,3669,-2261
107000500,335,345,-10
107000501,109,220,-111
107000502,279,496,-217
107000505,1170,1003,167
107000506,0,15,-15
107000508,9,846,-837
107000509,167,522,-355
107000510,9,15,-6
107000514,20,237,-217
107000515,18,378,-360
107000516,301,289,12
107000518,998,701,297
107000519,5266,1334,3932
107000520,58,16,42
107000521,458,668,-210
107000522,519,1396,-877
107900001,11,305,-294
107900002,48,4,44
107900003,163,11,152
107900004,12,0,12
107900005,579,4,575
107900006,73,0,73
107900007,177,18,159
107900008,51,41,10
107900009,93,3,90
107900010,11,0,11
107900012,374,44,330
107900013,287,94,193
107900014,11,8,3
107900015,536,3,533
107900016,433,89,344
107900017,8,2,6
107900018,41,68,-27
107900019,13,105,-92
107900020,35,5,30
107900021,32,212,-180
107900023,1,0,1
107900024,0,44,-44
107900025,178,375,-197
107900026,32,207,-175
107900027,69,29,40
107900028,35,98,-63
107900030,170,23,147
107900031,64,413,-349
107900032,5,6,-1
107900033,5,5,0
107900034,283,5,278
107900035,476,21,455
107900036,36,4,32
107900037,1,50,-49
107900038,173,125,48
107900039,7,141,-134
107900040,32,56,-24
107900041,2,1,1
107900043,49,341,-292
107900044,0,8,-8
107900045,68,20,48
107900046,79,111,-32
107900047,11,120,-109
107900048,119,6,113
107900049,364,359,5
107900050,104,339,-235
107900051,74,113,-39
107900052,32,12,20
107900053,13,80,-67
107900055,714,264,450
107900056,85,29,56
107900057,0,0,0
107900058,11,904,-893
107900060,5,58,-53
107900061,23,6,17
107900063,141,176,-35
107900064,358,63,295
107900065,147,7,140
107900066,9,15,-6
107900067,0,0,0
107900068,157,175,-18
107900069,26,835,-809
107900070,65,15,50
107900071,10,1334,-1324
107900072,44,252,-208
107900073,49,164,-115
107900074,1132,144,988
107900076,180,76,104
107900077,62,5,57
107900079,6,15,-9
107900080,101,188,-87
107900081,17,125,-108
107900082,27,15,12
107900083,272,128,144
107900084,161,145,16
107900086,37,115,-78
107900087,467,81,386
107900088,8,11,-3
107900089,226,871,-645
107900090,495,1140,-645
107900091,176,551,-375
107900093,69,71,-2
107900095,3274,1396,1878
107900097,21,94,-73
107900098,43,200,-157
107900100,1083,837,246
107900101,1401,180,1221
107900102,31,3,28
107900103,50,163,-113
107900104,147,3,144
107900105,2,595,-593
107900106,3,1865,-1862
107900107,1102,248,854
107900108,346,125,221
107900109,700,8,692
107900110,12,190,-178
107900111,4,1454,-1450
107900112,114,408,-294
107900113,95,149,-54
107900114,66,310,-244
107900115,2,55,-53
107900116,74,315,-241
107900117,235,559,-324
107900118,68,173,-105
107900119,30,100,-70
107900120,16,8,8
107900121,1,100,-99
107900122,1,41,-40
107900123,5,23,-18
107900124,14,8,6
107900125,33,226,-193
107900126,7,26,-19
107900127,355,124,231
107900128,109,88,21
107900129,27,56,-29
107900130,40,35,5
107900131,542,106,436
107900132,100,491,-391
107900133,0,99,-99
107900134,36,29,7
107900135,7,232,-225
107900136,29,24,5
107900137,106,97,9
107900138,20,33,-13
107900139,19,43,-24
107900141,35,47,-12
107900142,53,1485,-1432
107900143,28,32,-4
107900144,1,179,-178
107900145,10,123,-113
107900146,22,150,-128
107900147,68,23,45
107900148,230,199,31
107900149,2169,249,1920
107900150,73,1217,-1144
107900151,10,127,-117
107900152,2,245,-243
107900153,147,259,-112
107900154,33,9,24
107900155,39,44,-5
107900156,1,486,-485
107900157,17,96,-79
107900158,421,7,414
107900159,37,1499,-1462
107900160,60,195,-135
107900161,13,281,-268
107900162,1,62,-61
107900163,30,11,19
107900164,5,29,-24
107900165,9,55,-46
107900166,11,388,-377
107900167,54,8,46
107900168,9,41,-32
107900169,0,144,-144
107900171,21,2608,-2587
107900172,0,346,-346
107900173,8,265,-257
107900174,63,4,59
107900175,10,12,-2
107900176,14,55,-41
107900177,0,33,-33
107900178,1,270,-269
107900179,3,185,-182
107900180,1231,291,940
107900181,295,608,-313
107900182,7,2249,-2242
107900183,14,471,-457
107900184,66,320,-254
107900185,77,8,69
107900186,6,31,-25
107900187,0,128,-128
107900188,1058,107,951
107900189,15,142,-127
107900190,99,66,33
107900191,68,166,-98
107900193,14,27,-13
107900194,118,4,114
107900195,5300,633,4667
107900196,32,51,-19
107900197,666,171,495
107900199,0,1201,-1201
107900201,111,190,-79
107900203,38,66,-28
107900204,290,283,7
107900206,373,183,190
107900207,1,948,-947
107900208,6,948,-942
107900209,373,122,251
107900210,74,195,-121
107900213,532,441,91
107900214,4,219,-215
107900215,179,260,-81
107900216,97,92,5
107900217,18,50,-32
107900218,8,1818,-1810
107900219,30,223,-193
107900220,171,134,37
107900221,193,255,-62
107900223,54,764,-710
107900224,169,299,-130
107900225,9,1152,-1143
107900226,57,122,-65
107900227,136,540,-404
107900228,19,102,-83
107900229,3,440,-437
107900230,6,247,-241
107900231,9,247,-238
107900232,51,287,-236
107900233,6,102,-96
107900234,83,180,-97
107900235,21,96,-75
107900236,60,102,-42
107900237,103,601,-498
107900238,10,165,-155
107900239,1773,408,1365
107900240,8,181,-173
107900241,7,80,-73
107900242,16,518,-502
107900243,4,47,-43
107900244,212,1,211
107900245,278,26,252
107900246,67,6,61
107900248,152,554,-402
107900249,261,4,257
107900250,4,661,-657
107900251,59,1647,-1588
107900252,480,9,471
107900253,91,2,89
107900254,58,122,-64
107900255,330,75,255
107900256,334,372,-38
107900257,101,54,47
107900258,55,271,-216
107900259,63,973,-910
107900261,11,568,-557
107900262,25,199,-174
107900264,91,7,84
107900265,43,244,-201
107900267,118,16,102
107900268,81,11,70
107900269,1,16,-15
107900270,1,0,1
107900271,2,9,-7
107900272,159,8,151
107900273,16,107,-91
107900274,24,0,24
107900275,4,0,4
107900276,1,106,-105
107900277,2,248,-246
107900278,163,406,-243
107900279,138,91,47
107900280,1636,1259,377
107900281,4706,1355,3351
107900282,124,257,-133
107900283,1679,407,1272
107900284,251,900,-649
107900285,44,203,-159
107900286,165,97,68
107900287,66,207,-141
107900290,2,101,-99
107900291,535,19,516
107900292,99,331,-232
107900293,41,756,-715
107900295,92,209,-117
107900297,1,270,-269
107900298,900,1075,-175
107900299,5097,2596,2501
107900301,430,393,37
107900302,84,22,62
107900303,79,393,-314
107900304,201,683,-482
107900305,159,9,150
107900306,21,19,2
107900307,32,396,-364
107900308,250,58,192
107900309,34,1,33
107900310,19,0,19
107900311,242,83,159
107900312,7,0,7
107900313,0,67,-67
107900314,0,46,-46
107900315,4,42,-38
107900316,39,2,37
107900317,83,3,80
107900318,4,138,-134
107900319,3,280,-277
107900320,3,172,-169
107900321,90,2,88
107900322,6,235,-229
107900323,7,152,-145
107900324,103,1,102
107900325,63,1,62
107900326,179,547,-368
107900327,1,2,-1
107900328,9,0,9
107900329,3,1,2
107900330,8,531,-523
107900331,107,26,81
107900332,134,34,100
107900333,37,18,19
107900334,13,484,-471
107900335,49,82,-33
107900336,24,81,-57
107900337,1898,552,1346
107900338,4,122,-118
107900339,1,12,-11
107900340,0,77,-77
107900341,30,0,30
107900342,157,146,11
107900343,29,2,27
107900344,3,199,-196
107900345,83,22,61
107900346,50,1,49
107900347,20,1,19
107900348,0,1,-1
107900349,37,6,31
107900350,48,311,-263
107900351,1,331,-330
107900352,0,98,-98
107900353,12,14,-2
107900354,6,85,-79
108000001,2235,3718,-1483
108000002,2316,3987,-1671
108000003,2599,2180,419
108000004,18425,18531,-106
108000005,5645,3710,1935
108000006,7641,7866,-225
108000007,3947,3428,519
108000008,5961,6722,-761
108000009,3187,3411,-224
108000010,3560,5772,-2212
108000011,9850,10064,-214
108000012,20334,18494,1840
108000014,919,705,214
108000015,558,402,156
108000016,227,728,-501
108000017,668,374,294
108000018,1149,469,680
108000019,1143,669,474
108000020,1192,470,722
108000021,421,1959,-1538
108000022,490,1837,-1347
108000023,986,212,774
108000024,213,901,-688
108000025,211,254,-43
108000026,427,765,-338
108000027,525,836,-311
108000028,336,297,39
108000029,320,1220,-900
108000030,321,234,87
108000031,248,557,-309
108000032,939,499,440
108000033,583,1778,-1195
108000034,1196,373,823
108000035,943,2915,-1972
108000036,399,1838,-1439
108000037,1414,345,1069
108000038,1990,401,1589
108000039,498,3678,-3180
108000040,1189,722,467
108000041,622,3324,-2702
108000042,144,298,-154
108000043,152,315,-163
108000044,258,177,81
108000045,224,767,-543
108000046,924,254,670
108000047,326,1285,-959
108000048,132,496,-364
108000049,437,194,243
108000050,140,882,-742
108000051,225,105,120
108000052,318,815,-497
108000053,266,87,179
108000054,606,1155,-549
108000055,1082,399,683
108000056,1174,1458,-284
108000057,517,720,-203
108000058,2132,2839,-707
108000059,4376,2511,1865
108000060,192,627,-435
108000061,341,744,-403
108000062,582,487,95
108000063,343,748,-405
108000064,157,236,-79
108000065,471,741,-270
108000066,1878,797,1081
108000067,1513,487,1026
108000068,611,325,286
108000069,287,1289,-1002
108000070,1472,601,871
108000071,597,1904,-1307
108000072,1205,987,218
108000073,1626,2357,-731
108000074,299,358,-59
108000075,414,973,-559
108000076,656,521,135
108000077,859,780,79
108000078,1506,1566,-60
108000079,992,2261,-1269
108000080,638,548,90
108000081,383,3215,-2832
108000082,1035,2268,-1233
108000083,1576,832,744
108000084,437,1602,-1165
108000085,510,360,150
108000086,846,971,-125
108000087,150,1520,-1370
108000088,572,156,416
108000089,218,277,-59
108000091,109,921,-812
108000092,77,139,-62
108000093,113,1268,-1155
108000094,675,172,503
108000095,183,798,-615
108000096,234,159,75
108000097,143,1035,-892
108000098,808,1513,-705
108000099,948,388,560
108000100,74,474,-400
108000101,699,1356,-657
108000102,1322,2665,-1343
108000106,679,0,679
108000107,2,817,-815
108000108,490,39,451
108000109,9,1067,-1058
108000110,189,246,-57
108000111,165,1074,-909
108000112,52,109,-57
108000113,584,378,206
108000115,473,509,-36
108000117,742,377,365
108000118,486,1122,-636
108000119,852,617,235
108000120,96,796,-700
108000121,179,781,-602
108000122,262,368,-106
108000123,373,366,7
108000124,201,667,-466
108000125,187,439,-252
108000126,113,780,-667
108000127,257,452,-195
108000128,369,796,-427
108000129,183,1661,-1478
108000130,239,306,-67
108000131,728,378,350
108000132,2136,1720,416
108000133,511,503,8
108000134,647,823,-176
108000135,707,307,400
108000136,1073,1191,-118
108000137,259,492,-233
108000138,297,1331,-1034
108000139,223,435,-212
108000140,38,28,10
108000141,11,232,-221
108000142,33,268,-235
108000143,27,970,-943
108000144,299,188,111
108000145,21,91,-70
108000146,347,66,281
108000147,16,116,-100
108000148,234,74,160
108000149,62,47,15
108000150,23,2,21
108000151,354,64,290
108000152,94,986,-892
108000153,289,161,128
108000154,87,43,44
108000155,22,9,13
108000156,869,664,205
108000157,85,554,-469
108000158,66,618,-552
108000159,798,206,592
108000160,6783,887,5896
108000161,5746,1501,4245
108000165,0,80,-80
108000172,3,198,-195
108000173,3319,1601,1718
108000175,309,117,192
108000178,364,423,-59
108000179,256,569,-313
108000181,75,72,3
108000182,381,119,262
108000183,90,447,-357
108000184,1409,1765,-356
108000185,118,700,-582
108000186,146,877,-731
108000187,53,985,-932
108000188,309,281,28
108000189,3091,4085,-994
108000190,37,118,-81
108000192,129,791,-662
108000193,1145,45,1100
108000194,32,37,-5
108000195,3,1764,-1761
108000196,99,147,-48
108000198,569,417,152
108000199,0,191,-191
108000200,176,941,-765
108000203,81,1088,-1007
108000204,71,30,41
108000205,349,778,-429
108000339,1725,373,1352
108000364,380,824,-444
108000365,61,462,-401
108000367,158,421,-263
108000368,6,53,-47
108000369,1799,97,1702
108000371,19,787,-768
108000372,499,8,491
108000373,122,173,-51
108000376,48,13,35
108000377,278,408,-130
108000378,8193,9485,-1292
108000379,20,175,-155
108000381,47,12,35
108000382,141,1,140
108000383,0,193,-193
108900001,138,1491,-1353
108900002,239,72,167
108900003,328,1352,-1024
108900004,2217,380,1837
108900007,132,167,-35
108900008,40,148,-108
108900009,58,107,-49
108900010,89,163,-74
108900011,274,496,-222
108900012,289,528,-239
108900013,110,295,-185
108900014,7,97,-90
108900015,0,19,-19
108900016,2,220,-218
108900017,131,212,-81
108900018,82,684,-602
108900019,18,1657,-1639
108900020,30,362,-332
108900021,88,322,-234
108900022,47,10,37
108900023,3,19,-16
108900024,16,169,-153
108900025,52,130,-78
108900026,12,98,-86
108900027,0,99,-99
108900028,42,538,-496
108900029,45,198,-153
108900030,0,109,-109
108900031,68,831,-763
108900032,6,327,-321
108900033,0,88,-88
108900034,3,342,-339
108900035,228,2018,-1790
108900038,2,557,-555
108900039,1,745,-744
108900040,3,170,-167
108900041,6245,2458,3787
108900042,10,306,-296
108900043,30,634,-604
108900044,5,962,-957
108900045,43,1049,-1006
108900046,72,1711,-1639
108900047,1,85,-84
108900048,107,1490,-1383
108900049,7299,968,6331
108900050,0,368,-368
108900051,1,301,-300
108900052,11,329,-318
108900053,127,161,-34
108900054,56,221,-165
108900055,61,537,-476
108900056,2,189,-187
108900057,2,184,-182
108900058,12,483,-471
108900059,324,18,306
108900060,45,148,-103
108900061,60,21,39
108900062,6,385,-379
108900063,11,549,-538
108900064,95,82,13
108900065,9,421,-412
108900066,209,99,110
108900067,16,277,-261
108900068,7,323,-316
108900069,49,137,-88
108900070,19,229,-210
108900071,45,71,-26
108900072,2590,268,2322
108900073,24,769,-745
108900074,99,688,-589
108900075,58,64,-6
108900076,163,91,72
108900077,160,710,-550
108900078,13,225,-212
108900079,1107,356,751
108900080,26,519,-493
108900081,54,328,-274
108900082,39,180,-141
108900083,28,230,-202
108900085,2935,145,2790
108900086,52,552,-500
108900087,143,274,-131
108900088,665,243,422
108900089,14,94,-80
108900090,18,535,-517
108900091,134,149,-15
108900092,317,288,29
108900093,108,41,67
108900094,243,74,169
108900095,73,838,-765
108900096,565,38,527
108900097,401,195,206
108900098,4056,425,3631
108900099,282,350,-68
108900100,57,232,-175
108900101,163,87,76
108900102,101,753,-652
108900103,71,86,-15
108900105,8,871,-863
108900106,241,763,-522
108900108,204,22,182
108900109,186,35,151
108900110,135,682,-547
108900111,250,1007,-757
108900113,88,43,45
108900114,46,13,33
108900115,55,67,-12
108900116,63,9,54
108900117,103,21,82
108900118,415,4,411
108900119,124,34,90
108900120,203,185,18
108900121,308,67,241
108900122,79,35,44
108900123,69,61,8
108900124,325,167,158
108900125,217,0,217
108900126,106,6,100
108900127,110,36,74
108900128,73,21,52
108900129,590,92,498
108900130,182,0,182
108900131,271,2,269
108900132,314,66,248
108900133,118,49,69
108900134,175,302,-127
108900135,85,2,83
108900136,13,1,12
108900137,95,1,94
108900138,357,40,317
108900140,178,263,-85
108900141,161,6,155
108900142,57,0,57
108900143,24,0,24
108900144,33,0,33
108900145,75,8,67
108900146,48,0,48
108900147,135,0,135
108900148,64,22,42
108900150,200,4,196
108900151,44,0,44
108900152,39,5,34
108900153,74,553,-479
108900154,3311,461,2850
108900156,67,5,62
108900157,6,829,-823
108900158,219,24,195
108900159,7,432,-425
108900160,9,395,-386
108900161,21,638,-617
108900162,63,0,63
108900163,1,190,-189
108900164,42,77,-35
108900168,11942,2227,9715
108900169,28,198,-170
108900171,8666,1906,6760
108900172,224,35,189
108900173,182,517,-335
108900174,440,488,-48
108900176,173,856,-683
108900177,10661,2886,7775
108900178,6361,2636,3725
108900180,48,177,-129
108900183,133,213,-80
108900184,305,139,166
108900185,40,320,-280
108900186,46,351,-305
108900189,144,133,11
108900190,48,4695,-4647
108900192,61,281,-220
108900195,80,515,-435
108900196,17,790,-773
108900199,177,284,-107
108900200,465,337,128
108900201,363,1363,-1000
108900203,453,54,399
108900204,377,3,374
108900205,247,23,224
108900206,242,19,223
108900207,146,55,91
108900208,20,452,-432
108900209,263,750,-487
108900210,97,281,-184
108900211,66,377,-311
108900212,917,882,35
108900215,96,829,-733
108900216,405,116,289
108900217,81,3,78
108900218,83,11,72
108900221,46,112,-66
108900224,15,116,-101
108900225,1,141,-140
108900227,116,149,-33
108900230,711,448,263
108900232,1,596,-595
108900233,182,38,144
108900234,201,77,124
108900235,266,681,-415
108900236,32,353,-321
108900240,65,83,-18
108900241,21,50,-29
108900245,6,828,-822
108900250,155,100,55
108900258,23,388,-365
108900259,39,114,-75
108900260,5,142,-137
108900261,181,171,10
108900262,264,158,106
108900263,72,354,-282
108900264,560,297,263
108900265,1477,235,1242
108900266,1814,382,1432
108900267,6,99,-93
108900268,2,7,-5
108900269,51,5,46
108900270,38,8,30
108900271,41,5,36
108900272,134,3,131
108900273,1127,489,638
108900274,30,109,-79
109000001,4900,1285,3615
109000002,4056,1669,2387
109000003,1979,795,1184
109000004,558,3310,-2752
109000005,2044,1186,858
109000006,795,2775,-1980
109000007,1255,885,370
109000008,558,2489,-1931
109000009,3053,1414,1639
109000010,1520,5417,-3897
109000011,2341,1692,649
109000012,1631,5450,-3819
109000013,2479,2247,232
109000014,1292,4543,-3251
109000015,3068,5219,-2151
109000016,14099,5392,8707
109000017,1858,1294,564
109000018,996,4288,-3292
109000019,2466,1555,911
109000020,1566,2974,-1408
109000023,199,31,168
109000024,4,149,-145
109000025,415,493,-78
109000026,933,389,544
109000027,103,408,-305
109000028,152,109,43
109000029,122,182,-60
109000030,78,690,-612
109000031,99,112,-13
109000032,70,642,-572
109000033,256,110,146
109000034,39,66,-27
109000035,13,49,-36
109000036,59,446,-387
109000037,147,795,-648
109000038,401,449,-48
109000039,621,475,146
109000040,7490,4450,3040
109000041,7060,1296,5764
109000042,1315,1237,78
109000044,249,68,181
109000045,94,513,-419
109000046,268,110,158
109000047,49,477,-428
109000048,515,144,371
109000049,192,582,-390
109000050,233,221,12
109000051,311,267,44
109000052,343,2445,-2102
109000053,101,56,45
109000054,66,859,-793
109000055,106,156,-50
109000056,167,776,-609
109000057,251,217,34
109000058,875,269,606
109000059,567,853,-286
109000060,341,289,52
109000061,1725,569,1156
109000062,94,209,-115
109000063,142,248,-106
109000064,104,244,-140
109000065,77,355,-278
109000066,181,160,21
109000067,18,417,-399
109000068,1063,4,1059
109000069,733,17,716
109000070,3,1059,-1056
109000071,346,76,270
109000072,46,341,-295
109000073,32,107,-75
109000074,16,270,-254
109000075,42,474,-432
109000076,107,190,-83
109000077,468,361,107
109000078,73,128,-55
109000079,128,326,-198
109000080,111,137,-26
109000081,81,774,-693
109000082,512,355,157
109000083,317,1015,-698
109000088,136,861,-725
109000089,159,28,131
109000090,147,819,-672
109000091,206,111,95
109000092,340,969,-629
109000093,186,173,13
109000094,266,1,265
109000095,106,932,-826
109000096,525,250,275
109000097,67,161,-94
109000098,61,118,-57
109000099,719,623,96
109000100,240,680,-440
109000101,748,1080,-332
109000102,233,880,-647
109000103,267,613,-346
109000104,881,694,187
109000105,408,1608,-1200
109000106,1244,754,490
109000107,509,2530,-2021
109000108,1204,576,628
109000109,364,2473,-2109
109000110,1086,517,569
109000111,933,2757,-1824
109000112,281,161,120
109000113,186,143,43
109000114,152,444,-292
109000115,1327,121,1206
109000116,16,218,-202
109000117,98,95,3
109000118,24,357,-333
109000119,621,724,-103
109000120,106,1447,-1341
109000121,213,62,151
109000122,85,1246,-1161
109000123,16,78,-62
109000124,421,353,68
109000125,401,332,69
109000126,309,1127,-818
109000127,413,191,222
109000128,401,3258,-2857
109000129,1205,547,658
109000130,465,3328,-2863
109000131,540,308,232
109000132,508,2465,-1957
109000133,306,1167,-861
109000134,871,1619,-748
109000135,933,1398,-465
109000136,255,478,-223
109000137,159,458,-299
109000138,338,501,-163
109000139,402,481,-79
109000140,97,629,-532
109000141,291,478,-187
109000142,108,722,-614
109000143,60,67,-7
109000145,67,220,-153
109000146,165,87,78
109000148,4610,790,3820
109000149,25,35,-10
109000150,112,211,-99
109000155,417,715,-298
109000156,1621,1074,547
109000158,45,268,-223
109000159,68,959,-891
109000160,700,266,434
109000161,238,1888,-1650
109000162,1332,1132,200
109000163,787,2431,-1644
109000164,904,3362,-2458
109000165,1024,688,336
109000166,547,151,396
109000167,108,1174,-1066
109000170,45,67,-22
109000171,27,58,-31
109000172,39,60,-21
109000173,26,66,-40
109000174,112,69,43
109000175,41,125,-84
109000176,245,292,-47
109000177,12,183,-171
109000178,460,714,-254
109000179,9188,2734,6454
109000180,4984,2515,2469
109000181,8,64,-56
109000182,41,62,-21
109000183,32,27,5
109000184,43,23,20
109000185,26,90,-64
109000188,274,4093,-3819
109000189,1350,925,425
109000190,483,581,-98
109000191,170,827,-657
109000192,294,261,33
109000193,167,656,-489
109000194,132,166,-34
109000195,66,611,-545
109000196,210,99,111
109000197,151,739,-588
109000198,169,56,113
109000199,76,802,-726
109000206,301,25,276
109000207,113,32,81
109000208,80,77,3
109000209,132,104,28
109000210,184,711,-527
109000211,327,369,-42
109000214,218,848,-630
109000215,101,66,35
109000216,255,165,90
109000217,158,80,78
109000218,182,125,57
109000221,396,1651,-1255
109000222,805,208,597
109000223,206,275,-69
109000224,48,455,-407
109000225,54,57,-3
109000226,71,400,-329
109000227,613,1945,-1332
109000228,2,379,-377
109000231,0,714,-714
109000232,190,561,-371
109000236,196,1059,-863
109000241,2067,2701,-634
109000242,1347,1875,-528
109000293,20,36,-16
109000361,94,366,-272
109000364,136,800,-664
109000396,4,1151,-1147
109000397,383,7,376
109000399,115,946,-831
109000400,81,367,-286
109000403,52,364,-312
109000406,408,33,375
109000407,198,236,-38
109000408,1,1029,-1028
109000410,544,182,362
109000411,101,59,42
109900001,74,0,74
109900002,553,20,533
109900003,173,0,173
109900004,628,286,342
109900005,17,2,15
109900006,170,467,-297
109900007,407,1131,-724
109900008,0,37,-37
109900009,113,943,-830
109900010,318,12,306
109900011,65,28,37
109900012,119,131,-12
109900013,259,109,150
109900014,233,64,169
109900015,327,179,148
109900016,73,40,33
109900017,74,121,-47
109900018,101,144,-43
109900019,89,101,-12
109900020,9,30,-21
109900021,15,11,4
109900022,66,490,-424
109900023,8,5,3
109900024,16,0,16
109900025,12,114,-102
109900026,5,260,-255
109900027,36,20,16
109900028,3595,588,3007
109900029,5,855,-850
109900030,35,3,32
109900031,0,63,-63
109900032,7,396,-389
109900033,3,717,-714
109900034,11,0,11
109900035,6,8,-2
109900036,13,101,-88
109900037,28,714,-686
109900038,23,260,-237
109900039,10,1,9
109900040,39,849,-810
109900041,26,639,-613
109900042,17,543,-526
109900044,77,337,-260
109900045,62,47,15
109900046,27,101,-74
109900047,304,434,-130
109900048,21,106,-85
109900049,3,23,-20
109900050,1,445,-444
109900051,0,43,-43
109900052,62,301,-239
109900053,2,802,-800
109900054,387,170,217
109900055,44,319,-275
109900056,46,169,-123
109900057,10,347,-337
109900058,0,175,-175
109900059,386,106,280
109900060,406,167,239
109900061,92,328,-236
109900062,1,439,-438
109900063,2,335,-333
109900064,347,363,-16
109900065,132,137,-5
109900066,249,1300,-1051
109900067,0,687,-687
109900068,40,5,35
109900069,1,46,-45
109900070,39,300,-261
109900071,3,27,-24
109900072,18,131,-113
109900073,220,975,-755
109900074,10,31,-21
109900075,7,28,-21
109900076,21,722,-701
109900077,30,38,-8
109900078,108,447,-339
109900080,121,465,-344
109900081,11,100,-89
109900082,51,668,-617
109900083,17,56,-39
109900084,39,178,-139
109900085,210,1764,-1554
109900086,117,206,-89
109900087,264,420,-156
109900089,453,107,346
109900090,407,1961,-1554
109900091,139,73,66
109900092,254,13,241
109900093,455,105,350
109900094,70,80,-10
109900095,94,363,-269
109900096,17,1,16
109900097,72,0,72
109900098,197,18,179
109900099,113,0,113
109900100,15,0,15
109900101,185,5,180
109900102,370,13,357
109900103,26,52,-26
109900104,343,1642,-1299
109900105,469,37,432
109900106,151,105,46
109900107,207,84,123
109900108,52,528,-476
109900109,19,226,-207
109900110,50,719,-669
109900111,308,2160,-1852
109900112,380,1549,-1169
109900113,422,312,110
109900114,431,273,158
109900115,66,77,-11
109900117,546,113,433
109900118,279,534,-255
109900119,432,383,49
109900120,30,14,16
109900121,222,268,-46
109900122,254,3,251
109900123,12,238,-226
109900124,37,1118,-1081
109900125,2,324,-322
109900126,113,222,-109
109900128,145,58,87
109900130,17049,1380,15669
109900131,89,182,-93
109900132,26,216,-190
109900133,73,573,-500
109900134,47,78,-31
109900135,493,68,425
109900136,34,148,-114
109900137,59,582,-523
109900140,114,558,-444
109900142,673,261,412
109900145,1,165,-164
109900146,266,23,243
109900148,39,65,-26
109900149,41,58,-17
109900150,4,80,-76
109900151,6,55,-49
109900152,0,14,-14
109900153,1,80,-79
109900154,25,0,25
109900155,19,5,14
109900157,62,432,-370
109900158,43,156,-113
109900159,124,21,103
109900160,103,42,61
109900161,182,78,104
109900162,143,63,80
109900163,692,407,285
109900164,23,277,-254
109900165,136,3,133
109900166,0,186,-186
109900167,148,742,-594
109900168,94,617,-523
109900169,148,169,-21
109900170,230,634,-404
109900171,118,111,7
109900172,94,160,-66
109900173,5349,1556,3793
109900174,38,154,-116
109900175,41,68,-27
109900176,65,288,-223
109900177,24,413,-389
109900178,3,137,-134
109900179,28,39,-11
109900180,6,8,-2
110000001,886,638,248
110000002,697,496,201
110000003,883,638,245
110000004,537,497,40
110000005,698,1270,-572
110000006,712,345,367
110000007,124,188,-64
110000008,9,36,-27
110000009,32,64,-32
110000010,19,41,-22
110000011,22,176,-154
110000012,886,625,261
110000013,40,463,-423
110000014,723,435,288
110000015,317,393,-76
110000016,281,938,-657
110000017,4644,313,4331
110000018,4803,456,4347
110000019,13,236,-223
110000020,736,333,403
110000021,331,344,-13
110000022,408,128,280
110000023,8,247,-239
110000024,544,484,60
110000025,146,4,142
110000026,8,1004,-996
110000027,490,340,150
110000028,625,677,-52
110000029,460,1353,-893
110000030,159,264,-105
110000031,231,864,-633
110000032,598,399,199
110000033,169,78,91
110000034,190,588,-398
110000035,406,1184,-778
110000036,389,509,-120
110000037,158,836,-678
110000038,143,433,-290
110000039,539,1521,-982
110000040,263,437,-174
110000041,231,888,-657
110000042,64,215,-151
110000043,330,193,137
110000044,55,62,-7
110000045,243,70,173
110000046,4,14,-10
110000047,10,14,-4
110000048,11,43,-32
110000049,25,3,22
110000050,20,50,-30
110000051,61,9,52
110000052,34,41,-7
110000053,36,4,32
110000054,148,340,-192
110000055,256,75,181
110000056,178,54,124
110000057,205,1213,-1008
110000058,714,705,9
110000059,598,557,41
110000060,414,739,-325
110000061,783,898,-115
110000062,693,732,-39
110000063,18,73,-55
110000064,63,169,-106
110000065,43,87,-44
110000066,40,28,12
110000067,41,476,-435
110000068,112,873,-761
110000069,88,87,1
110000071,60,121,-61
110000073,1,19,-18
110000075,6,89,-83
110000076,270,185,85
110000077,534,394,140
110000078,11,34,-23
110000080,267,738,-471
110000081,16,240,-224
110000082,22,232,-210
110000083,193,749,-556
110000084,632,575,57
110000085,2847,1675,1172
110000086,1149,1214,-65
110000087,5,66,-61
110000088,41,234,-193
110000089,118,211,-93
110000090,59,420,-361
110000091,2446,367,2079
110000092,7,151,-144
110000093,55,13,42
110000094,566,253,313
110000095,61,567,-506
110000096,4742,1608,3134
110000097,820,1071,-251
110000098,1440,598,842
110000099,695,1687,-992
110000100,433,1183,-750
110000101,9,746,-737
110000102,50,19,31
110000104,120,81,39
110000105,34,327,-293
110000106,441,279,162
110000107,419,363,56
110000108,145,56,89
110000109,260,304,-44
110000110,4523,3627,896
110000111,8489,1973,6516
110000112,1468,431,1037
110000113,747,1282,-535
110000114,82,399,-317
110000115,175,244,-69
110000116,21,41,-20
110000117,108,844,-736
110000118,225,300,-75
110000119,166,583,-417
110000120,197,220,-23
110000121,71,356,-285
110000122,282,640,-358
110000123,398,431,-33
110000124,0,772,-772
110000125,728,5,723
110000126,267,7,260
110000127,623,34,589
110000128,18,1587,-1569
110000129,4,597,-593
110000130,175,114,61
110000131,79,437,-358
110000132,4,658,-654
110000133,49,309,-260
110000134,25,371,-346
110000135,193,25,168
110000136,33,317,-284
110000137,371,785,-414
110000138,459,1087,-628
110000139,543,1906,-1363
110000140,1012,525,487
110000143,663,370,293
110000144,3985,1178,2807
110000145,1105,598,507
110000146,1269,609,660
110000147,221,706,-485
110000148,275,394,-119
110000151,729,436,293
110000152,665,385,280
110000153,61,125,-64
110000154,3,9,-6
110000155,1503,2512,-1009
110000156,793,1572,-779
110000157,920,1457,-537
110000160,250,410,-160
110000161,91,625,-534
110000166,281,174,107
110000167,545,469,76
110000168,653,321,332
110000169,592,275,317
110000170,87,69,18
110000171,507,183,324
110000172,142,966,-824
110000173,1474,1309,165
110000174,76,1804,-1728
110000175,288,85,203
110000176,27,205,-178
110000177,140,628,-488
110000178,475,669,-194
110000179,1885,464,1421
110000180,101,389,-288
110000181,206,391,-185
110000182,382,381,1
110000183,14053,4830,9223
110000184,1386,1595,-209
110000185,560,670,-110
110000186,545,698,-153
110000191,385,415,-30
110000192,211,2,209
110000193,424,5,419
110000194,48,1569,-1521
110000195,287,444,-157
110000196,257,705,-448
110000197,59,248,-189
110000198,72,98,-26
110000199,37,122,-85
110000200,1268,585,683
110000201,475,654,-179
110000202,1141,502,639
110000203,730,1095,-365
110000204,8,477,-469
110000205,65,51,14
110000206,628,2151,-1523
110000207,472,351,121
110000208,95,104,-9
110000209,96,1176,-1080
110000210,596,784,-188
110000211,438,951,-513
110000212,435,834,-399
110000213,92,39,53
110000214,68,90,-22
110000215,76,832,-756
110000216,37,808,-771
110000217,158,304,-146
110000218,113,676,-563
110000219,158,69,89
110000220,15,567,-552
110000221,187,82,105
110000222,33,424,-391
110000223,3,83,-80
110000224,50,14,36
110000225,166,634,-468
110000226,163,51,112
110000227,578,435,143
110000228,386,250,136
110000229,1,316,-315
110000230,421,812,-391
110000231,103,154,-51
110000232,96,196,-100
110000233,110,390,-280
110000234,453,336,117
110000235,1608,953,655
110000236,297,1199,-902
110000237,1132,1157,-25
110000238,856,1398,-542
110000239,1185,1342,-157
110000240,2,117,-115
110000242,0,25,-25
110000243,53,279,-226
110000244,90,577,-487
110000245,34,673,-639
110000246,473,844,-371
110000247,1246,5177,-3931
110000248,1637,1753,-116
110000249,44,2,42
110000250,15,345,-330
110000251,114,699,-585
110000252,117,283,-166
110000253,858,569,289
110000254,448,1773,-1325
110000255,145,1630,-1485
110000256,324,199,125
110000257,598,493,105
110000258,2,659,-657
110000259,54,12,42
110000260,6,559,-553
110000263,470,138,332
110000264,162,894,-732
110000265,780,1315,-535
110000266,1612,1876,-264
110000267,15,202,-187
110000268,196,694,-498
110000269,10,82,-72
110000270,43,3,40
110000271,3054,251,2803
110000272,770,947,-177
110000273,2254,1161,1093
110000274,153,803,-650
110000275,3976,439,3537
110000276,109,206,-97
110000277,137,578,-441
110000278,183,1110,-927
110000279,495,661,-166
110000280,182,427,-245
110000281,15,175,-160
110000282,206,62,144
110000283,41,50,-9
110000284,29,44,-15
110000285,1,229,-228
110000286,15,0,15
110000287,50,1,49
110000288,0,81,-81
110000289,518,1200,-682
110000290,1415,652,763
110000291,8023,1447,6576
110000292,1166,3124,-1958
110000293,322,1068,-746
110000294,562,666,-104
110000295,70,1236,-1166
110000296,219,294,-75
110000297,2209,304,1905
110000298,294,649,-355
110000299,432,36,396
110000301,134,11,123
110000302,161,1913,-1752
110000303,205,3,202
110000304,106,379,-273
110000305,517,10,507
110000306,73,2610,-2537
110000307,802,5,797
110000308,281,10,271
110000309,7,1630,-1623
110000310,385,75,310
110000311,22,1060,-1038
110000312,325,58,267
110000313,2213,2670,-457
110000314,2,463,-461
110000315,3357,1685,1672
110000316,687,1009,-322
110000317,322,255,67
110000318,3,181,-178
110000319,6,10,-4
110000320,40,86,-46
110000321,10,29,-19
110000322,191,744,-553
110000323,213,209,4
110000324,6719,1154,5565
110000325,2185,1606,579
110000327,369,268,101
110000328,143,467,-324
110000333,416,354,62
110000334,497,1536,-1039
110000335,542,437,105
110000336,333,1526,-1193
110000337,828,484,344
110000338,201,284,-83
110000339,205,261,-56
110000340,11,258,-247
110000341,332,645,-313
110000342,338,4,334
110000343,0,13,-13
110000344,59,220,-161
110000345,19,58,-39
110000346,2348,1093,1255
110000347,826,629,197
110000348,12,22,-10
110000349,9,21,-12
110000350,29,6,23
110000351,550,798,-248
110000352,316,1492,-1176
110000353,4193,643,3550
110000354,1009,1706,-697
110000355,59,62,-3
110000356,858,11,847
110000357,172,13,159
110000361,10,152,-142
110000362,17,87,-70
110000363,192,126,66
110000364,94,554,-460
110000365,105,1,104
110000366,1,87,-86
110000367,205,266,-61
110000368,0,66,-66
110000369,31,1,30
110000373,32,350,-318
110000374,62,7,55
110000375,156,805,-649
110000376,27,124,-97
110000377,63,317,-254
110000378,21,312,-291
110000379,4860,1104,3756
110000380,42,18,24
110000383,1,923,-922
110000384,1589,715,874
110000385,1,214,-213
110000387,95,43,52
110000388,33,249,-216
110000389,460,3,457
110000391,310,414,-104
110000396,87,157,-70
110000397,65,274,-209
110000398,5,23,-18
110000399,115,0,115
110000587,58,40,18
110000589,154,143,11
110000640,126,94,32
110000652,5,153,-148
110000653,140,507,-367
110000654,18,25,-7
110000656,0,730,-730
110000674,16,26,-10
110000675,3,3,0
110000676,9,58,-49
110000679,544,911,-367
110000682,77,145,-68
110000683,265,453,-188
110000684,0,47,-47
110000685,12,19,-7
110000686,1,23,-22
110000687,22,3,19
110000688,33,606,-573
110000689,38,53,-15
110000692,59,384,-325
110000693,111,225,-114
110000694,0,114,-114
110000695,140,809,-669
110000696,181,197,-16
110900001,135,3,132
110900002,101,276,-175
110900003,321,1164,-843
110900004,222,211,11
110900005,5887,1433,4454
110900006,41,5,36
110900007,88,13,75
110900008,9,115,-106
110900009,265,36,229
110900010,2,44,-42
110900011,13,111,-98
110900012,3,120,-117
110900013,604,182,422
110900014,81,12,69
110900015,1173,456,717
110900016,21,234,-213
110900017,255,42,213
110900018,333,40,293
110900019,86,21,65
110900020,48,614,-566
110900021,51,729,-678
110900022,72,504,-432
110900023,78,789,-711
110900024,17,648,-631
110900025,0,38,-38
110900027,32,339,-307
110900028,20,245,-225
110900029,28,516,-488
110900030,11,537,-526
110900031,1,144,-143
110900032,0,107,-107
110900033,32,381,-349
110900035,22,604,-582
110900036,124,20,104
110900037,57,27,30
110900038,1831,274,1557
110900039,5,268,-263
110900040,194,36,158
110900041,8,218,-210
110900042,62,55,7
110900043,1,203,-202
110900044,286,15,271
110900045,30,769,-739
110900046,167,351,-184
110900047,1006,144,862
110900049,36,25,11
110900050,5,10,-5
110900051,32,216,-184
110900052,3,234,-231
110900053,69,52,17
110900054,24,427,-403
110900055,17,2,15
110900056,40,101,-61
110900057,0,291,-291
110900058,90,306,-216
110900059,583,1081,-498
110900060,344,102,242
110900061,23,36,-13
110900062,90,366,-276
110900063,51,79,-28
110900064,13,0,13
110900065,342,101,241
110900066,14,63,-49
110900067,632,526,106
110900068,244,304,-60
110900069,1,37,-36
110900070,126,48,78
110900071,305,357,-52
110900073,0,21,-21
110900074,278,115,163
110900075,259,59,200
110900077,416,414,2
110900078,9,113,-104
110900079,2423,675,1748
110900080,84,59,25
110900081,1,85,-84
110900082,78,367,-289
110900083,56,26,30
110900084,29,165,-136
110900085,53,587,-534
110900086,34,217,-183
110900087,178,55,123
110900088,27,2,25
110900090,34,23,11
110900091,8,66,-58
110900093,213,53,160
110900095,33,60,-27
110900097,10,16,-6
110900098,18,182,-164
110900099,32,741,-709
110900100,0,35,-35
110900102,32,25,7
110900105,664,568,96
110900108,14,193,-179
110900111,246,89,157
110900112,568,4,564
110900113,590,47,543
110900115,5,124,-119
110900116,305,3441,-3136
110900118,104,1838,-1734
110900119,6567,314,6253
110900120,8,622,-614
110900121,48,1,47
110900122,201,166,35
110900125,235,261,-26
110900127,335,792,-457
110900128,360,269,91
110900129,245,353,-108
110900130,1374,380,994
110900131,117,41,76
110900132,193,28,165
110900133,53,345,-292
110900135,56,684,-628
110900136,203,12,191
110900138,0,0,0
110900139,13,0,13
110900140,0,0,0
110900141,285,131,154
110900142,52,298,-246
110900143,70,82,-12
110900144,1,939,-938
110900145,79,16,63
110900146,289,86,203
110900147,325,332,-7
110900148,3,374,-371
110900149,0,93,-93
110900150,13,33,-20
110900151,0,93,-93
110900152,24,617,-593
110900153,88,25,63
111000001,343,488,-145
111000002,799,789,10
111000003,774,734,40
111000004,590,1343,-753
111000005,1043,892,151
111000006,1036,1527,-491
111000007,5445,2606,2839
111000008,4869,3542,1327
111000009,354,1072,-718
111000010,639,299,340
111000011,388,983,-595
111000012,460,337,123
111000013,318,1379,-1061
111000014,754,655,99
111000017,115,581,-466
111000018,196,395,-199
111000020,3080,2662,418
111000021,75,173,-98
111000023,69,183,-114
111000025,8543,2476,6067
111000029,65,115,-50
111000030,23,83,-60
111000031,1678,968,710
111000032,509,223,286
111000033,297,167,130
111000034,410,224,186
111000037,4054,1255,2799
111000038,3183,3041,142
111000039,1138,3159,-2021
111000040,1499,3456,-1957
111000041,1568,2139,-571
111000042,7453,2914,4539
111000043,2190,1811,379
111000044,1161,771,390
111000045,1354,1989,-635
111000046,705,1432,-727
111000047,1467,2191,-724
111000049,238,615,-377
111000050,2388,2020,368
111000051,394,1311,-917
111000052,493,1594,-1101
111000053,360,1311,-951
111000054,193,1534,-1341
111000055,1266,2363,-1097
111000056,80,817,-737
111000057,54,1067,-1013
111000058,139,144,-5
111000059,215,353,-138
111000060,2273,768,1505
111000061,336,309,27
111000062,557,221,336
111000063,1350,910,440
111000064,350,608,-258
111000065,843,789,54
111000066,269,269,0
111000067,385,786,-401
111000068,282,808,-526
111000069,1577,1875,-298
111000070,2739,1242,1497
111000071,261,1116,-855
111000072,583,395,188
111000073,207,617,-410
111000074,1265,1463,-198
111000075,794,951,-157
111000076,292,978,-686
111000077,1183,1516,-333
111000078,1928,1141,787
111000079,1234,779,455
111000080,350,693,-343
111000081,2310,3180,-870
111000082,470,778,-308
111000084,482,570,-88
111000085,898,1666,-768
111000086,4268,1503,2765
111000087,810,925,-115
111000088,8139,1934,6205
111000089,635,1036,-401
111000090,1380,1451,-71
111000091,600,838,-238
111000092,893,1263,-370
111000093,348,787,-439
111000094,1228,909,319
111000095,727,1967,-1240
111000096,2734,6509,-3775
111000097,7442,1086,6356
111000098,646,1726,-1080
111000099,453,2893,-2440
111000100,280,2855,-2575
111000101,339,862,-523
111000102,106,1166,-1060
111000104,250,280,-30
111000107,73,996,-923
111000109,180,235,-55
111000110,695,458,237
111000111,1200,449,751
111000112,1097,389,708
111000113,770,836,-66
111000114,1982,1982,0
111000115,9016,1089,7927
111000116,772,1069,-297
111000117,461,888,-427
111000118,1326,1265,61
111000119,686,2080,-1394
111000120,291,610,-319
111000121,229,567,-338
111000122,526,1010,-484
111000123,743,3698,-2955
111000124,382,4371,-3989
111000125,175,2480,-2305
111000126,86,1253,-1167
111000127,548,169,379
111000128,936,371,565
111000129,1380,407,973
111000130,1166,663,503
111000131,951,526,425
111000132,686,423,263
111000133,112,160,-48
111000134,119,159,-40
111000135,35,106,-71
111000136,264,264,0
111000138,10,11,-1
111000140,1,6,-5
111000141,139,323,-184
111000142,24,175,-151
111000143,8,122,-114
111000144,22,128,-106
111000145,1071,14,1057
111000146,93,10,83
111000147,240,20,220
111000148,130,82,48
111000149,2,27,-25
111000150,11,8,3
111000151,4,27,-23
111000153,593,560,33
111000154,750,227,523
111000155,107,176,-69
111000156,397,436,-39
111000157,148,584,-436
111000158,825,561,264
111000159,2960,720,2240
111000160,193,442,-249
111000161,8,271,-263
111000162,6,207,-201
111000163,412,916,-504
111000164,834,2536,-1702
111000165,1413,506,907
111000166,1645,413,1232
111000167,181,554,-373
111000168,168,496,-328
111000169,261,582,-321
111000170,431,433,-2
111000171,326,1109,-783
111000172,129,843,-714
111000173,219,2204,-1985
111000174,103,1113,-1010
111000175,34,318,-284
111000176,111,171,-60
111000177,181,338,-157
111000178,538,378,160
111000179,69,258,-189
111000180,101,333,-232
111000181,621,340,281
111000182,100,183,-83
111000183,166,303,-137
111000184,253,218,35
111000185,269,513,-244
111000186,179,319,-140
111000187,96,287,-191
111000188,124,462,-338
111000189,1796,519,1277
111000190,152,613,-461
111000191,115,518,-403
111000192,295,756,-461
111000193,600,395,205
111000194,32,481,-449
111000195,85,626,-541
111000196,36,432,-396
111000197,217,181,36
111000198,280,141,139
111000199,145,158,-13
111000200,153,315,-162
111000201,309,203,106
111000202,121,177,-56
111000203,156,212,-56
111000204,246,521,-275
111000213,166,391,-225
111000214,1226,2263,-1037
111000215,916,1893,-977
111000217,1012,1380,-368
111000218,843,1021,-178
111000219,347,251,96
111000220,3493,429,3064
111000221,764,131,633
111000224,153,486,-333
111000225,242,182,60
111000226,183,1,182
111000227,46,3,43
111000228,8,171,-163
111000229,26,312,-286
111000230,214,822,-608
111000231,572,1763,-1191
111000232,236,844,-608
111000233,311,816,-505
111000234,61,186,-125
111000239,109,211,-102
111000240,38,148,-110
111000241,33,520,-487
111000242,61,95,-34
111000243,62,1034,-972
111000244,258,140,118
111000245,537,718,-181
111000246,230,810,-580
111000247,110,1316,-1206
111000248,433,520,-87
111000249,360,934,-574
111000250,23,143,-120
111000251,33,159,-126
111000253,5,12,-7
111000255,17,10,7
111000257,24,4,20
111000260,76,1370,-1294
111000261,548,57,491
111000271,51,333,-282
111000273,9056,1607,7449
111000274,1208,1719,-511
111000275,79,75,4
111000276,288,2659,-2371
111000277,103,505,-402
111000278,455,245,210
111000291,448,2753,-2305
111000298,406,341,65
111000299,547,160,387
111000300,82,748,-666
111000302,196,87,109
111000303,97,330,-233
111000312,56,69,-13
111000315,42,457,-415
111000320,286,830,-544
111000321,149,63,86
111000322,187,581,-394
111000323,99,18,81
111000324,263,316,-53
111000325,9,41,-32
111000326,87,374,-287
111000327,329,615,-286
111000328,157,433,-276
111000329,1,20,-19
111000330,19,8,11
111000331,9,7,2
111000332,347,1523,-1176
111000334,338,1931,-1593
111000335,339,132,207
111000337,579,440,139
111000338,24,146,-122
111000339,194,732,-538
111000340,85,1217,-1132
111000341,758,428,330
111000342,180,300,-120
111000344,666,889,-223
111000345,212,42,170
111000346,30,123,-93
111000347,73,0,73
111000350,91,172,-81
111000351,74,193,-119
111000352,112,168,-56
111000353,73,247,-174
111000354,253,186,67
111000355,178,685,-507
111000358,89,2507,-2418
111000360,87,1266,-1179
111000361,89,582,-493
111000546,244,914,-670
111000547,172,1071,-899
111000548,61,203,-142
111000549,177,617,-440
111000550,54,452,-398
111000551,598,224,374
111000552,1031,72,959
111000907,597,18,579
111000908,14,1,13
111000916,826,261,565
111000917,25,422,-397
111000918,135,1532,-1397
111000920,282,15,267
111000921,1,553,-552
111000922,195,332,-137
111000924,49,1458,-1409
111000925,1306,1948,-642
111000926,845,3490,-2645
111000927,2353,3983,-1630
111000928,7140,4676,2464
111000929,735,975,-240
111000930,604,2949,-2345
111000931,1377,1812,-435
111000932,4491,2818,1673
111000933,2893,1642,1251
111000934,2381,2926,-545
111000935,819,882,-63
111000936,980,2623,-1643
111000937,611,1056,-445
111000938,1845,2816,-971
111000939,220,50,170
111000940,214,199,15
111000941,149,851,-702
111000943,161,286,-125
111000944,112,740,-628
111000945,48,3022,-2974
111001109,327,204,123
111001110,200,678,-478
111001111,22,7,15
111001112,169,66,103
111001113,2,141,-139
111001114,1217,115,1102
111001115,165,364,-199
111001116,5968,2427,3541
111001117,671,849,-178
111001120,62,498,-436
111001121,163,418,-255
111001122,176,899,-723
111001123,113,147,-34
111001124,49,460,-411
111001125,3,23,-20
111001126,15,106,-91
111900001,1,116,-115
111900002,7,1083,-1076
111900003,1,496,-495
111900004,22,166,-144
111900006,11,23,-12
111900007,49,9,40
111900008,49,1,48
111900009,100,145,-45
111900010,318,749,-431
111900012,112,163,-51
111900013,7,58,-51
111900014,9644,2309,7335
111900015,4,85,-81
111900016,0,228,-228
111900017,0,217,-217
111900018,62,0,62
111900019,1,118,-117
111900020,5,63,-58
111900021,42,94,-52
111900022,9,80,-71
111900023,175,83,92
111900024,0,82,-82
111900025,0,38,-38
111900026,2,150,-148
111900027,7,215,-208
111900028,7,530,-523
111900029,1,139,-138
111900030,52,581,-529
111900031,0,26,-26
111900032,3,554,-551
111900033,2,153,-151
111900034,399,1048,-649
111900035,13,293,-280
111900036,2,500,-498
111900038,406,975,-569
111900039,32,583,-551
111900040,4,980,-976
111900042,20,148,-128
111900043,4,601,-597
111900044,245,424,-179
111900046,36,305,-269
111900048,158,1199,-1041
111900049,23,343,-320
111900050,63,15,48
111900051,5,438,-433
111900052,477,784,-307
111900053,1594,444,1150
111900054,67,3,64
111900055,16,899,-883
111900056,196,129,67
111900057,18,23,-5
111900058,177,1151,-974
111900059,3999,300,3699
111900060,213,1,212
111900061,4,361,-357
111900062,16,20,-4
111900063,136,246,-110
111900064,117,386,-269
111900065,53,29,24
111900066,83,118,-35
111900067,0,441,-441
111900068,19,18,1
111900069,25,9,16
111900070,85,111,-26
111900071,1,377,-376
111900072,39,19,20
111900073,388,78,310
111900074,17,298,-281
111900075,62,3,59
111900076,69,23,46
111900077,11,0,11
111900078,137,7,130
111900079,22,16,6
111900080,190,157,33
111900082,84,18,66
111900083,63,3,60
111900084,39,3,36
111900085,23,64,-41
111900086,39,8,31
111900087,16,0,16
111900088,298,4,294
111900089,74,3,71
111900090,48,15,33
111900091,143,16,127
111900092,21,1,20
111900093,206,6,200
111900094,56,4,52
111900095,80,1,79
111900096,66,0,66
111900097,13,0,13
111900098,90,0,90
111900099,34,0,34
111900100,23,1,22
111900101,44,17,27
111900102,187,1102,-915
111900103,58,56,2
111900104,65,77,-12
111900105,220,118,102
111900106,1737,50,1687
111900110,3401,299,3102
111900111,56,279,-223
111900112,1171,1148,23
111900113,315,72,243
111900118,196,38,158
111900119,208,75,133
111900122,53,18,35
111900123,16,10,6
111900124,13,209,-196
111900125,271,11,260
111900126,132,1,131
111900127,5,895,-890
111900128,3,814,-811
111900129,173,28,145
111900130,110,12,98
111900131,206,1,205
111900132,39,2094,-2055
111900133,3,456,-453
111900134,12,418,-406
111900135,7,15,-8
111900136,62,131,-69
111900137,82,83,-1
111900138,6,181,-175
111900139,9,355,-346
111900140,32,19,13
111900141,46,3,43
111900142,56,14,42
111900143,16,263,-247
111900144,0,149,-149
111900145,6,837,-831
111900146,2,451,-449
111900147,198,651,-453
111900148,33,1319,-1286
111900149,8,561,-553
111900150,16,252,-236
111900151,4,22,-18
111900152,97,85,12
111900153,1958,275,1683
111900154,11,163,-152
111900155,30,37,-7
111900156,24,45,-21
111900157,52,7,45
111900158,206,16,190
111900159,133,3,130
111900160,116,0,116
111900161,72,9,63
111900162,91,131,-40
111900163,50,474,-424
111900164,53,47,6
111901113,166,523,-357
111901114,107,505,-398
111901115,32,2,30
111901116,27,2,25
111901117,34,33,1
111901118,231,124,107
111901119,2366,171,2195
111901121,199,674,-475
111901122,7,916,-909
111901123,78,592,-514
111901124,92,1,91
111901125,217,280,-63
111901127,1382,299,1083
111901128,12,140,-128
111901129,0,284,-284
111901130,1,408,-407
111901131,3,359,-356
111901132,33,5,28
111901133,35,3,32
111901134,45,5,40
111901135,18,2,16
111901136,5,9,-4
111901137,0,4,-4
111901138,84,72,12
111901139,24,58,-34
111901140,10,160,-150
111901141,11,372,-361
111901142,9,308,-299
111901143,2,222,-220
111901144,32,35,-3
111901145,126,137,-11
111901146,421,22,399
111901147,1113,79,1034
111901148,16,27,-11
111901149,3,2,1
112000001,1287,891,396
112000002,660,2677,-2017
112000003,519,1071,-552
112000004,592,2183,-1591
112000005,1789,1714,75
112000006,1806,2798,-992
112000007,1543,1277,266
112000008,2045,3594,-1549
112000009,4552,4654,-102
112000010,1843,2416,-573
112000011,1874,2834,-960
112000012,3847,2297,1550
112000013,4821,3330,1491
112000014,2062,611,1451
112000015,2252,2528,-276
112000016,2987,706,2281
112000017,1416,1206,210
112000024,2842,784,2058
112000026,5186,6313,-1127
112000027,801,469,332
112000028,2316,2019,297
112000029,278,507,-229
112000030,207,146,61
112000031,1066,2894,-1828
112000032,439,69,370
112000033,1472,864,608
112000034,222,32,190
112000035,59,239,-180
112000036,625,610,15
112000037,722,677,45
112000038,955,810,145
112000039,59,78,-19
112000040,139,287,-148
112000041,460,519,-59
112000042,1206,347,859
112000050,848,1384,-536
112000051,628,776,-148
112000054,1692,2910,-1218
112000057,417,443,-26
112000058,249,550,-301
112000059,544,653,-109
112000061,5008,2132,2876
112000062,2482,658,1824
112000063,1782,1142,640
112000064,4998,6497,-1499
112000065,2374,3287,-913
112000066,3068,1070,1998
112000067,823,796,27
112000068,2140,1464,676
112000069,635,2313,-1678
112000070,1341,681,660
112000071,665,3306,-2641
112000072,1161,952,209
112000073,1098,1884,-786
112000074,887,871,16
112000075,895,1119,-224
112000076,3097,3021,76
112000077,372,833,-461
112000078,979,720,259
112000079,870,1518,-648
112000080,456,978,-522
112000081,1318,2157,-839
112000082,1107,769,338
112000083,552,1613,-1061
112000084,903,782,121
112000085,769,1632,-863
112000086,1137,1878,-741
112000087,178,593,-415
112000088,306,913,-607
112000089,180,298,-118
112000090,118,457,-339
112000091,565,1347,-782
112000092,1153,989,164
112000093,1360,1200,160
112000094,388,873,-485
112000095,431,810,-379
112000096,321,738,-417
112000097,601,482,119
112000098,911,1947,-1036
112000099,468,654,-186
112000100,872,1077,-205
112000101,309,1199,-890
112000102,521,803,-282
112000103,244,1516,-1272
112000105,536,2906,-2370
112000106,962,678,284
112000107,45,172,-127
112000108,191,2555,-2364
112000109,105,110,-5
112000110,1188,520,668
112000111,1077,4456,-3379
112000112,1890,658,1232
112000113,850,2233,-1383
112000114,1477,1076,401
112000115,244,668,-424
112000116,237,1123,-886
112000117,624,930,-306
112000118,1074,1022,52
112000119,381,1144,-763
112000120,74,466,-392
112000121,66,970,-904
112000122,146,139,7
112000123,318,168,150
112000124,180,63,117
112000125,100,133,-33
112000126,132,1237,-1105
112000127,1854,1394,460
112000128,1051,738,313
112000129,69,149,-80
112000130,105,44,61
112000131,18,609,-591
112000132,80,316,-236
112000133,205,460,-255
112000134,276,403,-127
112000135,525,713,-188
112000136,899,1209,-310
112000137,775,1588,-813
112000138,934,1266,-332
112000139,971,295,676
112000140,969,1337,-368
112000141,440,256,184
112000142,172,1131,-959
112000143,715,261,454
112000144,304,2497,-2193
112000145,1325,659,666
112000146,562,3187,-2625
112000147,1414,1797,-383
112000148,1488,3166,-1678
112000149,205,1195,-990
112000150,110,763,-653
112000151,341,894,-553
112000152,146,408,-262
112000153,264,387,-123
112000154,80,157,-77
112000155,142,104,38
112000157,613,463,150
112000158,195,1125,-930
112000159,275,341,-66
112000167,200,32,168
112000169,424,328,96
112000173,436,238,198
112000175,199,521,-322
112000176,4064,2222,1842
112000177,252,79,173
112000178,52,788,-736
112000179,110,175,-65
112000180,163,320,-157
112000181,1096,2376,-1280
112000182,547,2292,-1745
112000183,43,64,-21
112000184,219,800,-581
112000185,237,553,-316
112000187,2802,2106,696
112000195,138,9,129
112000196,111,0,111
112000197,62,117,-55
112000198,24,396,-372
112000199,1370,975,395
112000202,231,1,230
112000216,56,219,-163
112000230,29,1,28
112000231,1,363,-362
112000256,39,152,-113
112000313,153,144,9
112000314,28,18,10
112000337,182,586,-404
112000352,269,217,52
112000392,1963,1488,475
112000398,698,813,-115
112000399,3679,1352,2327
112000400,1758,4841,-3083
112000401,2555,3122,-567
112000402,1330,1904,-574
112000403,1796,1542,254
112000404,286,584,-298
112000405,1214,2194,-980
112000406,3514,3695,-181
112000407,3417,5509,-2092
112000408,8976,8117,859
112000409,1502,6071,-4569
112000410,304,116,188
112000411,6572,651,5921
112000412,1242,428,814
112000413,12475,2663,9812
112000414,79,165,-86
112000415,71,60,11
112000416,1222,1260,-38
112000417,187,65,122
112000421,24,216,-192
112000422,218,738,-520
112000424,3470,1745,1725
112000425,438,2275,-1837
112000426,82,274,-192
112000427,1,16,-15
112000428,106,612,-506
112000429,1848,3016,-1168
112000430,2135,2830,-695
112000431,57,125,-68
112000432,486,3188,-2702
112000433,442,756,-314
112000437,47,353,-306
112900001,42,1,41
112900002,150,1465,-1315
112900003,24,385,-361
112900004,13,330,-317
112900005,95,262,-167
112900006,5,514,-509
112900007,15,259,-244
112900008,1,22,-21
112900009,248,59,189
112900010,199,971,-772
112900011,395,332,63
112900012,0,69,-69
112900013,2,191,-189
112900014,2,334,-332
112900015,330,1166,-836
112900016,0,348,-348
112900017,33,295,-262
112900018,0,454,-454
112900019,58,188,-130
112900020,478,1772,-1294
112900021,4,346,-342
112900022,3,81,-78
112900023,1,388,-387
112900024,31,235,-204
112900025,69,341,-272
112900026,3,454,-451
112900027,10,1644,-1634
112900028,20,168,-148
112900029,6,881,-875
112900030,260,242,18
112900031,7,679,-672
112900032,103,253,-150
112900034,0,101,-101
112900035,5,659,-654
112900036,14,139,-125
112900037,151,135,16
112900038,293,108,185
112900039,16,402,-386
112900040,1,358,-357
112900041,1273,788,485
112900042,34,594,-560
112900043,16,39,-23
112900044,995,462,533
112900045,538,387,151
112900046,244,72,172
112900047,12,26,-14
112900049,64,73,-9
112900050,92,632,-540
112900051,290,856,-566
112900052,7,1642,-1635
112900053,333,116,217
112900054,281,23,258
112900055,128,24,104
112900056,327,127,200
112900057,6,921,-915
112900058,230,157,73
112900059,103,140,-37
112900060,8,384,-376
112900061,38,185,-147
112900062,37,143,-106
112900063,106,8,98
112900064,159,334,-175
112900065,37,9,28
112900066,122,85,37
112900067,529,167,362
112900068,18,24,-6
112900069,2741,529,2212
112900071,12,1,11
112900072,383,846,-463
112900073,201,44,157
112900074,42,118,-76
112900075,2341,547,1794
112900076,124,4,120
112900078,167,255,-88
112900079,109,12,97
112900080,23,0,23
112900081,40,88,-48
112900082,262,8,254
112900083,50,60,-10
112900084,87,69,18
112900086,54,0,54
112900087,308,112,196
112900088,82,1,81
112900089,454,19,435
112900090,15,10,5
112900091,85,3,82
112900092,155,146,9
112900093,687,5,682
112900095,39,1,38
112900096,209,72,137
112900097,64,547,-483
112900098,20,2,18
112900099,342,8,334
112900100,29,2,27
112900101,141,2,139
112900102,34,4,30
112900103,91,0,91
112900104,40,1,39
112900105,5,0,5
112900106,234,87,147
112900107,3,1,2
112900108,12,0,12
112900109,52,1,51
112900110,519,9,510
112900111,315,0,315
112900112,132,2,130
112900113,0,9,-9
112900114,48,29,19
112900115,506,1,505
112900116,50,30,20
112900117,140,110,30
112900118,39,123,-84
112900119,98,5,93
112900120,694,189,505
112900121,272,195,77
112900122,20,192,-172
112900123,127,15,112
112900124,5,200,-195
112900125,46,328,-282
112900126,153,235,-82
112900127,264,41,223
112900128,450,980,-530
112900129,5,977,-972
112900130,181,67,114
112900131,35,334,-299
112900132,59,509,-450
112900133,23,1209,-1186
112900134,2,347,-345
112900135,47,26,21
112900137,1,906,-905
112900138,4,620,-616
112900139,193,1520,-1327
112900141,354,17,337
112900142,69,80,-11
112900143,44,741,-697
112900144,1,405,-404
112900145,43,583,-540
112900146,8,2019,-2011
112900147,6,2881,-2875
112900148,34,1,33
112900149,158,620,-462
112900151,20,51,-31
112900152,5273,901,4372
112900153,2046,1179,867
112900154,0,117,-117
112900155,106,7,99
112900156,182,1980,-1798
112900157,166,233,-67
112900158,34,12,22
112900159,136,34,102
112900160,40,367,-327
112900161,60,39,21
112900162,42,20,22
112900163,154,17,137
112900164,41,72,-31
112900165,49,35,14
112900166,26,43,-17
112900167,1,28,-27
112900168,2,3,-1
112900169,5,5,0
112900170,30,131,-101
112900172,53,7,46
112900173,190,89,101
112900174,236,24,212
112900175,121,101,20
112900176,9,22,-13
112900177,156,12,144
112900178,464,1186,-722
112900179,39,584,-545
112900180,994,2315,-1321
112900181,272,1,271
112900182,31,1711,-1680
112900183,118,239,-121
112900184,442,252,190
112900185,244,323,-79
112900186,1299,578,721
112900187,63,302,-239
112900188,643,217,426
112900189,1,14,-13
112900190,2,52,-50
112900192,331,349,-18
112900193,860,203,657
112900194,16,169,-153
112900195,517,31,486
112900196,210,596,-386
112900197,152,501,-349
112900199,263,885,-622
112900200,265,358,-93
112900201,44,73,-29
112900202,279,1158,-879
112900203,104,430,-326
112900204,895,377,518
112900205,4,8,-4
112900206,4,69,-65
112900207,2,0,2
112900208,32,111,-79
112900209,488,505,-17
112900210,0,28,-28
112900211,27,24,3
112900212,0,99,-99
112900213,11,6,5
112900214,25,4,21
112900215,5,254,-249
112900216,24,102,-78
112900217,1,55,-54
112900218,28,46,-18
112900219,34,35,-1
112900220,0,0,0
112900221,5,205,-200
112900222,1,24,-23
112900223,535,12,523
112900224,144,1124,-980
112900225,227,787,-560
112900226,189,289,-100
112900227,301,1887,-1586
112900228,32,16,16
112900229,78,56,22
112900230,7855,2551,5304
112900232,95,120,-25
112900233,52,323,-271
112900234,0,182,-182
112900235,67,26,41
112900236,110,9,101
112900237,96,636,-540
112900238,1,46,-45
112900239,532,315,217
112900240,6,194,-188
112900241,5,181,-176
112900242,2,386,-384
112900243,4,309,-305
112900244,2,89,-87
112900245,1,45,-44
112900246,0,11,-11
112900247,61,22,39
112900248,23,0,23
112900249,28,6,22
112900250,34,16,18
112900251,22,19,3
112900252,21,21,0
112900253,15,6,9
112900254,7,7,0
112900255,0,14,-14
112900256,2,21,-19
112900257,9,24,-15
112900258,0,1,-1
113000001,4354,6332,-1978
113000002,3154,4158,-1004
113000003,1781,2569,-788
113000004,1968,2724,-756
113000005,1310,1280,30
113000006,948,1608,-660
113000007,1298,1635,-337
113000008,1376,2270,-894
113000009,735,1001,-266
113000010,917,1891,-974
113000011,757,1651,-894
113000012,974,1107,-133
113000013,1020,560,460
113000014,1677,1249,428
113000015,565,233,332
113000016,367,351,16
113000017,30,249,-219
113000018,282,68,214
113000019,29,224,-195
113000020,149,15,134
113000021,1688,606,1082
113000022,701,1656,-955
113000025,101,312,-211
113000026,253,422,-169
113000027,1542,360,1182
113000028,1219,343,876
113000029,833,687,146
113000030,627,614,13
113000031,285,361,-76
113000032,232,305,-73
113000033,281,441,-160
113000034,483,399,84
113000035,13,23,-10
113000036,14,36,-22
113000037,84,22,62
113000038,7,43,-36
113000039,52,717,-665
113000040,38,88,-50
113000042,836,617,219
113000051,700,2344,-1644
113000052,2297,1189,1108
113000053,268,652,-384
113000054,224,985,-761
113000055,1020,1213,-193
113000056,744,1546,-802
113000058,650,813,-163
113000059,1170,673,497
113000060,117,597,-480
113000061,711,824,-113
113000062,1419,253,1166
113000063,80,331,-251
113000064,24,592,-568
113000065,139,1570,-1431
113000066,449,105,344
113000067,1295,1565,-270
113000068,371,2612,-2241
113000069,446,1878,-1432
113000070,1249,1022,227
113000071,329,831,-502
113000072,520,567,-47
113000073,504,1732,-1228
113000074,772,380,392
113000075,1924,712,1212
113000076,1481,2066,-585
113000077,1199,494,705
113000078,804,2209,-1405
113000079,659,759,-100
113000080,548,480,68
113000081,631,742,-111
113000082,989,710,279
113000083,513,851,-338
113000084,1582,1135,447
113000085,803,711,92
113000086,912,1466,-554
113000087,844,779,65
113000088,2376,1404,972
113000089,855,1258,-403
113000090,236,509,-273
113000091,679,271,408
113000094,927,212,715
113000095,232,1360,-1128
113000096,188,1141,-953
113000097,891,373,518
113000098,125,29,96
113000099,1071,294,777
113000100,159,507,-348
113000101,356,598,-242
113000102,507,325,182
113000103,2926,641,2285
113000104,302,3355,-3053
113000105,420,553,-133
113000106,280,583,-303
113000107,647,1177,-530
113000108,1116,1930,-814
113000109,512,4528,-4016
113000110,1333,499,834
113000111,232,948,-716
113000112,325,450,-125
113000113,1559,459,1100
113000114,317,1540,-1223
113000116,599,263,336
113000117,875,108,767
113000118,143,321,-178
113000119,234,281,-47
113000120,39,226,-187
113000121,398,820,-422
113000124,169,135,34
113000125,42,599,-557
113000127,4232,652,3580
113000128,506,529,-23
113000129,486,1671,-1185
113000133,4629,1407,3222
113000134,4,980,-976
113000135,2946,3012,-66
113000137,1945,2288,-343
113000139,266,163,103
113000140,142,336,-194
113000141,240,160,80
113000142,480,960,-480
113000143,186,222,-36
113000144,320,768,-448
113000145,26,191,-165
113000146,113,92,21
113000147,108,153,-45
113000148,103,209,-106
113000149,51,145,-94
113000150,495,516,-21
113000151,64,75,-11
113000152,27,144,-117
113000153,1799,512,1287
113000154,593,1600,-1007
113000155,271,484,-213
113000156,118,454,-336
113000157,262,968,-706
113000158,577,209,368
113000159,693,703,-10
113000160,687,1378,-691
113000161,255,638,-383
113000162,499,426,73
113000163,62,59,3
113000164,45,117,-72
113000166,99,78,21
113000167,22,196,-174
113000168,42,202,-160
113000169,108,88,20
113000170,82,147,-65
113000171,64,110,-46
113000172,188,75,113
113000173,40,19,21
113000174,113,659,-546
113000175,363,144,219
113000176,420,204,216
113000177,226,535,-309
113000178,135,432,-297
113000179,243,150,93
113000180,631,1825,-1194
113000181,875,1276,-401
113000182,197,423,-226
113000183,180,558,-378
113000184,18,106,-88
113000189,445,672,-227
113000190,1145,510,635
113000192,3096,1233,1863
113000193,6450,1055,5395
113000194,2536,1013,1523
113000195,2694,568,2126
113000196,123,106,17
113000197,1450,941,509
113000198,41,316,-275
113000199,810,431,379
113000201,1138,158,980
113000202,4321,3542,779
113000203,557,284,273
113000204,2302,1413,889
113000205,29,36,-7
113000206,7,24,-17
113000207,55,25,30
113000208,28,43,-15
113000209,20,18,2
113000210,5,22,-17
113000211,367,227,140
113000212,338,27,311
113000213,22,190,-168
113000214,168,285,-117
113000234,160,1650,-1490
113000410,148,128,20
113000411,2515,4329,-1814
113000412,10781,2686,8095
113000413,3991,2670,1321
113000414,8829,9671,-842
113000415,2431,3065,-634
113000416,9637,4035,5602
113000417,3089,3123,-34
113000418,2585,2457,128
113000419,1259,1737,-478
113000420,3135,4284,-1149
113000421,3538,5184,-1646
113000422,14916,9793,5123
113000423,2099,4065,-1966
113000424,4475,10026,-5551
113000425,9,88,-79
113000428,206,47,159
113000430,66,67,-1
113000432,1530,117,1413
113000433,92,1254,-1162
113000434,18,374,-356
113000435,18,1185,-1167
113000436,46,1817,-1771
113000437,434,23,411
113000438,177,28,149
113000439,18,184,-166
113000440,85,21,64
113000441,149,328,-179
113000442,115,427,-312
113000443,142,537,-395
113000444,103,418,-315
113000445,70,235,-165
113000446,46,96,-50
113000448,485,158,327
113000449,364,1229,-865
113000450,848,4391,-3543
113000451,2486,216,2270
113000452,562,593,-31
113000453,154,302,-148
113000454,2148,52,2096
113000455,88,144,-56
113000456,3545,2061,1484
113000468,3503,269,3234
113000469,388,101,287
113000470,717,91,626
113000471,11,628,-617
113000472,104,305,-201
113000474,287,711,-424
113000475,1426,2002,-576
113000476,757,1811,-1054
113000477,1745,1935,-190
113000478,3707,6671,-2964
113000479,19,293,-274
113000485,7,0,7
113000486,7,0,7
113000487,2,0,2
113000488,1,1,0
113000489,0,0,0
113000490,0,3,-3
113000491,2,41,-39
113000492,2,6,-4
113000493,0,0,0
113000495,222,304,-82
113000496,109,161,-52
113000497,0,0,0
113000499,0,0,0
113900001,2,255,-253
113900002,0,284,-284
113900003,6,277,-271
113900004,1,72,-71
113900005,1,59,-58
113900006,6,30,-24
113900007,124,24,100
113900008,198,1,197
113900009,645,0,645
113900010,302,3,299
113900011,81,0,81
113900012,13,3,10
113900013,1854,6,1848
113900014,736,8,728
113900015,0,44,-44
113900016,40,0,40
113900017,5,66,-61
113900018,394,91,303
113900019,64,41,23
113900020,57,1,56
113900022,9,1,8
113900023,25,0,25
113900024,49,107,-58
113900025,313,19,294
113900026,34,0,34
113900027,2,120,-118
113900028,30,553,-523
113900029,21,334,-313
113900030,112,4,108
113900031,4,0,4
113900032,19,0,19
113900033,52,111,-59
113900035,76,0,76
113900036,15,169,-154
113900037,63,619,-556
113900038,105,99,6
113900039,129,6,123
113900040,4,6,-2
113900041,0,4,-4
113900042,43,38,5
113900043,183,122,61
113900044,206,87,119
113900045,56,0,56
113900046,205,800,-595
113900047,31,162,-131
113900048,292,59,233
113900049,900,271,629
113900050,187,434,-247
113900051,230,493,-263
113900052,202,134,68
113900053,413,256,157
113900054,19,24,-5
113900055,95,654,-559
113900056,68,189,-121
113900057,8,115,-107
113900058,60,234,-174
113900059,235,390,-155
113900060,69,234,-165
113900061,921,143,778
113900062,80,20,60
113900063,52,156,-104
113900064,14,194,-180
113900065,658,21,637
113900066,254,588,-334
113900067,28,353,-325
113900068,343,383,-40
113900069,110,22,88
113900070,154,428,-274
113900071,62,101,-39
113900072,42,183,-141
113900073,120,405,-285
113900074,33,477,-444
113900075,1019,1061,-42
113900076,98,13,85
113900077,18,247,-229
113900078,58,83,-25
113900079,0,56,-56
113900080,355,171,184
113900081,31,215,-184
113900082,63,248,-185
113900083,128,799,-671
113900084,259,110,149
113900085,53,428,-375
113900086,36,15,21
113900087,27,232,-205
113900088,58,44,14
113900089,374,48,326
113900090,488,331,157
113900091,39,35,4
113900092,44,73,-29
113900093,109,584,-475
113900094,251,573,-322
113900095,101,80,21
113900096,162,59,103
113900097,7,143,-136
113900098,493,71,422
113900099,0,105,-105
113900100,4,3,1
113900101,7,47,-40
113900102,116,106,10
113900103,214,206,8
113900104,110,201,-91
113900105,25,412,-387
113900106,0,160,-160
113900107,1,47,-46
113900108,241,172,69
113900109,288,85,203
113900110,35,24,11
113900111,81,134,-53
113900112,78,93,-15
113900113,695,417,278
113900114,1,140,-139
113900115,0,147,-147
113900116,61,87,-26
113900117,56,18,38
113900118,165,165,0
113900119,251,440,-189
113900120,48,51,-3
113900121,34,97,-63
113900122,235,1704,-1469
113900123,360,218,142
113900124,0,86,-86
113900125,1527,134,1393
113900126,153,44,109
113900127,177,496,-319
113900128,104,77,27
113900129,22,129,-107
113900130,3,8,-5
113900131,160,102,58
113900132,60,47,13
113900133,5,28,-23
113900135,244,572,-328
113900136,85,93,-8
113900137,358,301,57
113900138,38,157,-119
113900139,526,75,451
113900140,315,224,91
113900141,275,625,-350
113900142,55,113,-58
113900143,4,22,-18
113900144,291,148,143
113900145,279,258,21
113900146,99,53,46
113900148,139,250,-111
113900149,135,59,76
113900150,835,706,129
113900151,200,251,-51
113900152,12,46,-34
113900153,434,574,-140
113900154,3,110,-107
113900155,193,97,96
113900156,304,681,-377
113900157,47,225,-178
113900158,297,202,95
113900159,14,197,-183
113900160,378,738,-360
113900161,38,188,-150
113900162,397,515,-118
113900163,237,276,-39
113900164,309,29,280
113900165,517,555,-38
113900166,176,122,54
113900167,179,33,146
113900168,115,82,33
113900169,225,442,-217
113900171,105,54,51
113900172,4,198,-194
113900173,43,893,-850
113900174,372,663,-291
113900175,247,93,154
113900176,161,762,-601
113900177,272,206,66
113900178,143,94,49
113900179,18,875,-857
113900180,203,106,97
113900181,460,80,380
113900182,398,994,-596
113900183,61,109,-48
113900184,19,761,-742
113900185,158,91,67
113900186,35,39,-4
113900187,30,160,-130
113900188,33,195,-162
113900189,254,44,210
113900190,379,135,244
113900191,95,204,-109
113900192,3,251,-248
113900193,40,364,-324
113900194,2619,1017,1602
113900195,295,554,-259
113900196,5,117,-112
113900197,3,374,-371
113900198,19,133,-114
113900199,165,723,-558
113900200,16,278,-262
113900201,0,294,-294
113900202,35,294,-259
113900203,1,197,-196
113900204,45,709,-664
113900205,3,152,-149
113900206,6,147,-141
113900207,0,58,-58
113900208,0,61,-61
113900209,1,98,-97
113900210,577,588,-11
113900211,101,49,52
113900212,109,789,-680
113900214,413,365,48
113900215,75,197,-122
113900216,66,1462,-1396
113900217,53,433,-380
113900218,69,44,25
113900219,130,679,-549
113900220,120,74,46
113900221,252,135,117
113900222,359,357,2
113900223,82,1247,-1165
113900224,111,88,23
113900225,865,203,662
113900226,280,136,144
113900227,192,184,8
113900228,250,285,-35
113900229,62,409,-347
113900230,4693,1990,2703
113900231,121,256,-135
113900232,46,106,-60
113900233,28,51,-23
113900234,174,382,-208
113900235,49,30,19
113900236,60,544,-484
113900237,108,9,99
113900238,193,447,-254
113900239,58,83,-25
113900240,5,118,-113
113900241,82,81,1
113900242,34,177,-143
113900243,131,462,-331
113900244,470,213,257
113900245,1323,239,1084
113900246,12,20,-8
113900247,160,271,-111
113900248,3897,1485,2412
113900249,1497,251,1246
113900250,51,148,-97
113900251,454,235,219
113900252,338,11,327
113900253,544,48,496
113900254,614,131,483
113900255,340,29,311
113900256,314,40,274
113900257,37,1016,-979
113900258,17,691,-674
113900259,402,284,118
113900260,145,25,120
113900261,15,154,-139
113900262,181,953,-772
113900263,176,679,-503
113900264,23,800,-777
113900265,112,281,-169
113900266,25,322,-297
113900267,127,513,-386
113900268,227,341,-114
113900269,60,142,-82
113900270,404,355,49
113900271,407,1475,-1068
113900273,31,3,28
113900274,38,6,32
113900275,10,44,-34
113900276,5,335,-330
113900277,80,3,77
113900278,227,145,82
113900279,93,106,-13
113900280,1137,519,618
113900281,445,947,-502
113900282,996,549,447
113900283,294,472,-178
113900284,729,172,557
113900285,119,42,77
113900286,17,107,-90
113900287,13,27,-14
113900288,1,65,-64
113900289,1565,101,1464
113900290,514,161,353
113900291,118,145,-27
113900292,11,8,3
113900293,25,269,-244
113900294,346,27,319
113900295,335,325,10
113900296,2832,333,2499
113900297,820,34,786
113900298,12,1858,-1846
113900299,24,301,-277
113900300,6992,2668,4324
113900301,1054,364,690
113900302,2783,734,2049
113900303,616,289,327
113900304,0,165,-165
113900305,40,0,40
113900306,23,0,23
113900307,33,0,33
113900308,71,97,-26
113900309,4,1037,-1033
113900310,0,20,-20
113900311,1,3,-2
113900312,134,107,27
113900313,22,20,2
114000001,1064,4658,-3594
114000002,105,563,-458
114000003,17,324,-307
114000004,292,478,-186
114000005,119,234,-115
114000006,2472,2643,-171
114000007,413,1546,-1133
114000008,1132,1265,-133
114000009,343,199,144
114000011,2225,4626,-2401
114000012,1399,3600,-2201
114000013,1174,2840,-1666
114000014,332,514,-182
114000015,1008,710,298
114000016,196,527,-331
114000017,92,146,-54
114000018,735,73,662
114000026,986,2154,-1168
114000027,1755,2383,-628
114000028,2048,2272,-224
114000038,118,136,-18
114000039,76,164,-88
114000040,66,151,-85
114000042,109,259,-150
114000043,35,175,-140
114000044,96,53,43
114000045,30,156,-126
114000046,2259,5617,-3358
114000047,10,73,-63
114000048,115,53,62
114000049,1125,1465,-340
114000050,1430,1599,-169
114000051,2821,1672,1149
114000052,2506,1064,1442
114000053,45,544,-499
114000054,131,1953,-1822
114000055,184,17,167
114000056,937,658,279
114000057,12355,2664,9691
114000058,491,900,-409
114000059,277,251,26
114000060,455,740,-285
114000061,3558,1701,1857
114000062,2235,925,1310
114000063,3241,1737,1504
114000064,7499,2840,4659
114000065,1887,2610,-723
114000066,337,721,-384
114000067,13,388,-375
114000068,357,429,-72
114000069,713,508,205
114000070,1853,1489,364
114000071,423,631,-208
114000072,160,554,-394
114000073,13,189,-176
114000074,18,16,2
114000075,31,252,-221
114000076,10,254,-244
114000077,16,98,-82
114000078,93,1205,-1112
114000079,44,37,7
114000080,63,89,-26
114000081,38,107,-69
114000082,63,815,-752
114000083,42,333,-291
114000084,131,76,55
114000085,105,883,-778
114000086,196,859,-663
114000087,24,308,-284
114000088,52,87,-35
114000089,1901,512,1389
114000090,485,483,2
114000091,1344,536,808
114000092,649,285,364
114000093,706,640,66
114000094,296,453,-157
114000095,87,104,-17
114000096,87,609,-522
114000097,132,1029,-897
114000098,244,51,193
114000099,282,1246,-964
114000100,678,890,-212
114000101,315,1331,-1016
114000102,234,361,-127
114000103,86,647,-561
114000104,6,426,-420
114000105,42,48,-6
114000106,1380,467,913
114000107,129,98,31
114000108,3992,1549,2443
114000109,320,676,-356
114000110,555,2286,-1731
114000111,881,534,347
114000112,432,2901,-2469
114000113,752,441,311
114000114,1130,2213,-1083
114000115,1419,792,627
114000116,353,975,-622
114000117,1471,330,1141
114000118,1409,395,1014
114000119,951,373,578
114000120,459,1343,-884
114000121,374,662,-288
114000122,291,303,-12
114000123,850,310,540
114000124,596,285,311
114000125,868,2475,-1607
114000126,887,189,698
114000127,118,196,-78
114000128,698,782,-84
114000130,394,632,-238
114000131,132,60,72
114000132,580,846,-266
114000133,781,1712,-931
114000134,26,221,-195
114000138,31,216,-185
114000139,232,144,88
114000144,520,443,77
114000145,55,171,-116
114000146,93,408,-315
114000147,911,1168,-257
114000148,2628,1473,1155
114000149,227,211,16
114000150,688,535,153
114000151,1030,915,115
114000152,68,18,50
114000153,750,1193,-443
114000154,545,523,22
114000155,1079,1867,-788
114000156,728,475,253
114000157,317,865,-548
114000158,2723,647,2076
114000159,144,384,-240
114000160,101,194,-93
114000161,1323,1642,-319
114000162,693,1165,-472
114000163,8,132,-124
114000165,204,134,70
114000166,545,209,336
114000167,5704,1307,4397
114000168,750,654,96
114000169,1815,642,1173
114000170,796,777,19
114000171,672,1727,-1055
114000174,123,453,-330
114000176,625,372,253
114000177,3014,771,2243
114000178,22,44,-22
114000179,1182,797,385
114000180,576,662,-86
114000181,1509,2530,-1021
114000182,7521,2741,4780
114000183,878,1145,-267
114000184,8683,1714,6969
114000185,783,882,-99
114000189,309,65,244
114000190,1410,233,1177
114000191,20,44,-24
114000192,345,2538,-2193
114000193,1113,4915,-3802
114000194,1212,1772,-560
114000195,68,8,60
114000196,1,559,-558
114000197,825,57,768
114000198,1666,429,1237
114000199,2279,1311,968
114000200,553,3102,-2549
114000201,145,1594,-1449
114000202,861,1095,-234
114000203,430,1246,-816
114000204,115,616,-501
114000205,209,2245,-2036
114000206,374,1298,-924
114000207,654,2926,-2272
114000208,465,4647,-4182
114000209,630,4670,-4040
114000210,364,2257,-1893
114000211,882,1926,-1044
114000212,462,903,-441
114000213,951,742,209
114000214,93,243,-150
114000215,136,108,28
114000216,932,375,557
114000217,164,435,-271
114000218,94,448,-354
114000219,756,289,467
114000220,25,2567,-2542
114000221,462,152,310
114000222,209,1750,-1541
114000223,346,88,258
114000224,153,1163,-1010
114000225,156,734,-578
114000226,96,260,-164
114000227,563,576,-13
114000228,642,1300,-658
114000229,897,1508,-611
114000230,1475,1967,-492
114000231,788,1414,-626
114000232,373,109,264
114000233,1267,109,1158
114000234,981,1324,-343
114000235,842,2202,-1360
114000236,1,647,-646
114000237,102,1403,-1301
114000238,41,280,-239
114000239,111,1856,-1745
114000240,601,788,-187
114000241,240,1533,-1293
114000242,1078,1305,-227
114000243,1047,923,124
114000244,662,377,285
114000245,363,613,-250
114000246,203,44,159
114000247,518,809,-291
114000248,581,685,-104
114000249,411,631,-220
114000250,357,785,-428
114000251,177,444,-267
114000252,66,135,-69
114000253,38,371,-333
114000254,22,99,-77
114000255,798,166,632
114000256,1910,969,941
114000257,501,2164,-1663
114000258,103,539,-436
114000259,61,392,-331
114000260,1,34,-33
114000261,31,32,-1
114000262,51,175,-124
114000263,11,3,8
114000264,464,719,-255
114000265,0,1,-1
114000267,4,1665,-1661
114000268,4,2627,-2623
114000270,76,0,76
114000271,484,134,350
114000283,561,508,53
114000285,40,496,-456
114000288,55,535,-480
114000289,724,236,488
114000293,98,560,-462
114000294,154,288,-134
114000395,1259,91,1168
114000396,228,428,-200
114000402,279,428,-149
114000403,204,920,-716
114000405,74,733,-659
114000423,146,630,-484
114000424,138,220,-82
114000425,288,732,-444
114000426,273,708,-435
114000427,26,133,-107
114000428,260,98,162
114000429,12,231,-219
114000432,68,228,-160
114000434,20,94,-74
114000435,0,157,-157
114900001,369,1969,-1600
114900002,329,52,277
114900003,325,2868,-2543
114900004,137,199,-62
114900005,327,1095,-768
114900006,32,31,1
114900007,112,11,101
114900008,61,89,-28
114900010,2634,1748,886
114900011,92,144,-52
114900013,116,98,18
114900015,60,248,-188
114900018,911,55,856
114900020,144,62,82
114900022,21,919,-898
114900024,227,120,107
114900025,264,315,-51
114900026,55,75,-20
114900027,99,298,-199
114900029,66,27,39
114900030,212,304,-92
114900031,191,28,163
114900032,214,46,168
114900033,1786,320,1466
114900034,25,302,-277
114900035,107,286,-179
114900036,249,1428,-1179
114900037,61,262,-201
114900038,133,1269,-1136
114900039,374,772,-398
114900040,66,411,-345
114900041,400,697,-297
114900042,509,900,-391
114900043,1235,378,857
114900044,85,27,58
114900046,38,151,-113
114900047,295,1289,-994
114900048,85,352,-267
114900049,31,382,-351
114900050,22,838,-816
114900051,11,729,-718
114900052,49,234,-185
114900053,59,266,-207
114900054,50,138,-88
114900057,147,4,143
114900058,0,49,-49
114900059,37,28,9
114900060,1185,479,706
114900061,114,156,-42
114900062,227,384,-157
114900063,46,347,-301
114900064,642,662,-20
114900065,248,629,-381
114900067,20,355,-335
114900068,67,393,-326
114900069,169,214,-45
114900070,292,958,-666
114900072,8,325,-317
114900073,0,182,-182
114900074,306,1502,-1196
114900075,98,3,95
114900076,2,347,-345
114900080,4057,394,3663
114900082,3959,1430,2529
114900083,1018,863,155
114900090,183,225,-42
114900091,147,209,-62
114900095,468,125,343
114900096,386,635,-249
114900097,53,1,52
114900098,2,305,-303
114900099,63,6,57
115000001,10862,7129,3733
115000002,3160,3074,86
115000003,4137,5048,-911
115000004,2588,4357,-1769
115000005,1470,3641,-2171
115000006,634,1594,-960
115000007,80,183,-103
115000008,493,588,-95
115000009,153,592,-439
115000010,306,163,143
115000013,62,166,-104
115000015,93,302,-209
115000016,44,212,-168
115000019,11,397,-386
115000020,227,362,-135
115000021,338,392,-54
115000022,444,379,65
115000023,285,386,-101
115000024,1266,442,824
115000025,640,432,208
115000026,99,396,-297
115000027,166,225,-59
115000028,135,844,-709
115000029,305,139,166
115000030,372,967,-595
115000031,838,253,585
115000032,8,297,-289
115000033,130,15,115
115000034,139,947,-808
115000035,985,49,936
115000036,2,373,-371
115000037,323,6,317
115000038,51,236,-185
115000039,3659,2221,1438
115000040,7496,4610,2886
115000041,1066,2600,-1534
115000042,488,772,-284
115000043,2951,3107,-156
115000044,2606,5546,-2940
115000045,2037,3031,-994
115000046,1352,3154,-1802
115000047,1373,2328,-955
115000048,1194,3385,-2191
115000049,1439,3412,-1973
115000050,3076,2202,874
115000051,2309,1954,355
115000052,4204,2235,1969
115000053,1340,1488,-148
115000054,737,1779,-1042
115000055,79,409,-330
115000056,150,265,-115
115000057,333,519,-186
115000058,100,88,12
115000059,157,137,20
115000061,146,105,41
115000062,157,324,-167
115000063,202,389,-187
115000064,168,155,13
115000065,45,314,-269
115000067,318,39,279
115000069,59,262,-203
115000070,59,748,-689
115000071,88,7,81
115000072,12,69,-57
115000073,1512,65,1447
115000075,68,63,5
115000076,4432,4376,56
115000077,1220,4418,-3198
115000078,717,2399,-1682
115000079,901,3263,-2362
115000080,1642,3738,-2096
115000081,353,1076,-723
115000082,2809,3733,-924
115000083,1967,4012,-2045
115000084,1177,1441,-264
115000085,498,1086,-588
115000086,680,1239,-559
115000087,518,1622,-1104
115000088,1809,751,1058
115000089,1560,1624,-64
115000090,714,836,-122
115000091,502,1229,-727
115000092,290,362,-72
115000093,443,1,442
115000094,10973,5375,5598
115000095,7539,4677,2862
115000096,499,2892,-2393
115000097,661,800,-139
115000098,710,912,-202
115000099,1657,5190,-3533
115000100,633,741,-108
115000101,424,1723,-1299
115000102,357,215,142
115000103,347,1046,-699
115000105,36,277,-241
115000106,284,282,2
115000107,104,686,-582
115000108,4930,2821,2109
115000109,6672,2822,3850
115000110,1217,892,325
115000111,624,1556,-932
115000112,466,463,3
115000113,590,787,-197
115000114,1383,668,715
115000116,3829,1574,2255
115000117,4623,1989,2634
115000118,1556,1535,21
115000119,1556,1853,-297
115000120,539,915,-376
115000121,1359,837,522
115000122,3338,1423,1915
115000123,1767,1628,139
115000124,806,995,-189
115000125,370,577,-207
115000126,128,212,-84
115000127,400,158,242
115000128,1528,819,709
115000129,337,215,122
115000130,292,1350,-1058
115000131,501,242,259
115000132,136,818,-682
115000133,298,410,-112
115000134,102,240,-138
115000135,94,317,-223
115000136,128,251,-123
115000137,97,239,-142
115000138,218,267,-49
115000139,211,286,-75
115000140,154,211,-57
115000141,134,404,-270
115000142,122,398,-276
115000143,452,557,-105
115000144,361,121,240
115000145,179,599,-420
115000146,250,302,-52
115000147,381,587,-206
115000148,286,2052,-1766
115000149,433,178,255
115000150,642,1775,-1133
115000151,642,523,119
115000152,491,2099,-1608
115000153,801,456,345
115000154,498,344,154
115000155,511,1499,-988
115000156,1175,648,527
115000157,930,1135,-205
115000158,543,368,175
115000159,848,361,487
115000160,673,320,353
115000161,134,648,-514
115000162,612,529,83
115000163,788,695,93
115000164,609,634,-25
115000165,312,363,-51
115000167,140,86,54
115000168,570,263,307
115000169,594,242,352
115000170,128,133,-5
115000171,231,147,84
115000172,2201,528,1673
115000173,297,313,-16
115000174,122,232,-110
115000175,138,60,78
115000176,181,71,110
115000177,101,36,65
115000178,11,271,-260
115000179,34,12,22
115000180,37,809,-772
115000181,359,159,200
115000182,426,533,-107
115000183,166,1323,-1157
115000186,564,299,265
115000187,132,842,-710
115000188,391,606,-215
115000189,212,516,-304
115000190,785,567,218
115000191,259,443,-184
115000194,144,172,-28
115000195,309,307,2
115000196,59,175,-116
115000197,125,474,-349
115000198,121,286,-165
115000199,141,402,-261
115000200,228,138,90
115000201,86,474,-388
115000206,178,119,59
115000207,60,385,-325
115000208,733,773,-40
115000209,348,182,166
115000210,94,91,3
115000211,177,252,-75
115000212,1798,284,1514
115000224,283,57,226
115000225,56,80,-24
115000229,329,180,149
115000230,116,603,-487
115000231,257,3063,-2806
115000232,935,388,547
115000233,63,168,-105
115000234,15,281,-266
115000241,42,307,-265
115000242,64,396,-332
115000243,32,333,-301
115000244,7,106,-99
115000246,49,12,37
115000247,34,9,25
115000248,24,22,2
115000249,47,20,27
115000250,254,56,198
115000251,158,150,8
115000252,66,187,-121
115000253,13,299,-286
115000258,217,266,-49
115000259,355,161,194
115000261,9,29,-20
115000262,7,25,-18
115000263,8,52,-44
115000264,13,43,-30
115000267,58,69,-11
115000268,33,171,-138
115000269,144,70,74
115000270,4,20,-16
115000272,41,180,-139
115000273,210,24,186
115000280,1767,101,1666
115000281,420,161,259
115000282,940,347,593
115000284,286,135,151
115000296,733,4,729
115000297,188,57,131
115000298,50,126,-76
115000300,128,237,-109
115000302,241,244,-3
115000303,513,171,342
115000304,453,106,347
115000305,70,1369,-1299
115000306,81,863,-782
115000307,49,382,-333
115000308,110,34,76
115000309,34,18,16
115000310,668,1246,-578
115000311,455,1910,-1455
115000313,122,995,-873
115000314,289,86,203
115000315,1325,483,842
115000316,53,64,-11
115000317,129,840,-711
115000318,548,259,289
115000319,43,346,-303
115000320,9,241,-232
115000321,380,18,362
115000322,34,303,-269
115000449,318,181,137
115000557,1,682,-681
115000558,246,73,173
115000587,327,380,-53
115000588,2338,4703,-2365
115000589,2687,3314,-627
115000590,607,1708,-1101
115000591,683,682,1
115000592,501,1837,-1336
115000593,1011,600,411
115000594,862,2046,-1184
115000609,141,227,-86
115000617,2031,1753,278
115000624,133,99,34
115000633,301,1694,-1393
115000634,2558,680,1878
115000635,342,89,253
115000638,1814,876,938
115000641,92,113,-21
115000642,273,300,-27
115000643,77,526,-449
115000644,116,370,-254
115000646,661,1191,-530
115000647,104,435,-331
115000648,1037,2036,-999
115000893,3467,1503,1964
115000894,73,1090,-1017
115000895,396,836,-440
115000896,1393,287,1106
115000897,419,141,278
115000898,580,266,314
115000899,1101,1258,-157
115000900,141,375,-234
115000901,76,142,-66
115000912,166,102,64
115000913,3,57,-54
115000915,64,0,64
115000916,7,0,7
115000917,0,5,-5
115000918,86,263,-177
115000919,14,7,7
115000920,42,50,-8
115000921,1616,109,1507
115000922,1623,657,966
115000923,469,974,-505
115000925,37,62,-25
115000927,41,50,-9
115000933,410,147,263
115000934,83,232,-149
115000935,46,94,-48
115000936,37,366,-329
115000937,1487,151,1336
115000938,188,188,0
115000939,194,168,26
115000940,2,10,-8
115000941,6,13,-7
115000942,77,105,-28
115000943,79,19,60
115000944,12,4,8
115900001,37,95,-58
115900002,108,289,-181
115900003,116,178,-62
115900004,1,67,-66
115900005,88,8,80
115900006,77,735,-658
115900008,27,15,12
115900009,78,580,-502
115900010,123,256,-133
115900011,207,297,-90
115900012,80,125,-45
115900013,272,165,107
115900014,63,189,-126
115900015,36,169,-133
115900016,22,26,-4
115900017,0,0,0
115900018,173,126,47
115900019,420,20,400
115900020,12,0,12
115900021,1591,115,1476
115900022,3527,14,3513
115900023,9,5,4
115900025,52,191,-139
115900026,768,456,312
115900027,0,499,-499
115900028,593,65,528
115900029,11,656,-645
115900030,11,25,-14
115900031,350,231,119
115900032,273,962,-689
115900033,1,41,-40
115900034,25,678,-653
115900035,28,34,-6
115900036,413,337,76
115900037,19,541,-522
115900038,21,0,21
115900039,96,482,-386
115900041,512,407,105
115900042,9,4,5
115900043,86,205,-119
115900044,327,190,137
115900046,166,332,-166
115900047,90,74,16
115900049,109,301,-192
115900051,1,73,-72
115900052,24,355,-331
115900053,115,363,-248
115900054,101,61,40
115900055,20,232,-212
115900056,123,439,-316
115900057,23,6,17
115900058,21,91,-70
115900060,38,146,-108
115900061,108,3,105
115900062,17,354,-337
115900063,38,7,31
115900064,141,277,-136
115900065,48,119,-71
115900066,220,208,12
115900067,5,1184,-1179
115900068,4278,304,3974
115900069,34,222,-188
115900070,179,305,-126
115900071,4,927,-923
115900072,76,265,-189
115900073,21,51,-30
115900074,5,430,-425
115900075,15,370,-355
115900076,6,117,-111
115900077,3,416,-413
115900078,19,170,-151
115900079,106,20,86
115900080,664,331,333
115900081,8,109,-101
115900082,165,120,45
115900084,176,19,157
115900085,61,46,15
115900086,2070,478,1592
115900088,30,39,-9
115900089,154,868,-714
115900090,174,36,138
115900091,0,14,-14
115900092,17,327,-310
115900093,0,18,-18
115900094,6,573,-567
115900096,4,14,-10
115900097,11,708,-697
115900098,89,773,-684
115900099,15,116,-101
115900100,14,763,-749
115900101,97,620,-523
115900102,32,130,-98
115900103,221,378,-157
115900104,37,219,-182
115900105,75,953,-878
115900106,25,37,-12
115900107,22,246,-224
115900108,39,25,14
115900109,41,476,-435
115900110,0,21,-21
115900111,3,80,-77
115900112,23,1289,-1266
115900113,24,27,-3
115900114,1,199,-198
115900115,53,149,-96
115900116,47,1283,-1236
115900117,37,34,3
115900118,2,440,-438
115900119,101,94,7
115900120,24,543,-519
115900121,74,302,-228
115900124,137,417,-280
115900125,182,28,154
115900126,422,47,375
115900127,427,45,382
115900128,3,62,-59
115900129,438,39,399
115900130,14,255,-241
115900131,119,25,94
115900132,274,6,268
115900134,251,14,237
115900135,669,842,-173
115900137,26,3,23
115900139,33,50,-17
115900140,106,18,88
115900141,4,31,-27
115900142,21,13,8
115900143,163,341,-178
115900144,67,250,-183
115900146,4,202,-198
115900147,202,188,14
115900148,26,2,24
115900149,35,34,1
115900150,39,89,-50
115900151,8,62,-54
115900152,70,559,-489
115900153,83,363,-280
115900154,915,299,616
115900155,0,116,-116
115900156,545,722,-177
115900157,91,474,-383
115900158,36,7,29
115900159,44,331,-287
115900160,8,2,6
115900161,28,241,-213
115900163,83,166,-83
115900164,290,35,255
115900166,153,425,-272
115900168,41,185,-144
115900171,72,589,-517
115900172,36,137,-101
115900173,163,160,3
115900174,409,247,162
115900175,59,191,-132
115900178,3,1002,-999
115900179,157,16,141
115900180,40,497,-457
115900181,96,312,-216
115900182,245,392,-147
115900183,46,19,27
115900184,1763,9,1754
115900187,6,124,-118
115900189,1,140,-139
115900190,280,953,-673
115900191,38,655,-617
115900192,5,84,-79
115900193,77,124,-47
115900194,330,44,286
115900195,580,960,-380
115900198,137,331,-194
115900199,144,356,-212
115900200,287,421,-134
115900201,236,271,-35
115900202,0,13,-13
115900203,1,2,-1
115900204,0,4,-4
115900205,35,13,22
115900206,118,175,-57
115900207,12,43,-31
115900208,84,577,-493
115900209,4,209,-205
115900210,1,151,-150
115900211,3,274,-271
115900212,99,310,-211
115900213,70,34,36
115900214,214,287,-73
115900215,35,44,-9
115900216,8,95,-87
115900217,2,116,-114
115900218,1,59,-58
115900219,50,6,44
115900220,91,13,78
115900221,26,8,18
115900222,43,7,36
115900223,4,121,-117
115900224,2151,429,1722
115900225,62,34,28
115900226,13,52,-39
115900227,12,52,-40
115900228,9,64,-55
115900229,10,80,-70
115900230,33,142,-109
115900231,89,4,85
115900232,18,2,16
115900233,41,14,27
115900234,38,33,5
115900235,6,27,-21
115900236,10,6,4
115900237,16,39,-23
115900238,16,38,-22
115900239,13,25,-12
115900240,12,83,-71
115900241,85,101,-16
115900242,240,278,-38
115900243,8,11,-3
115900244,2,24,-22
115900245,44,27,17
115900246,7,5,2
115900247,10,22,-12
115900248,7,5,2
115900249,9,8,1
115900250,3,12,-9
115900251,0,5,-5
115900252,0,4,-4
115900253,4,4,0
115900254,16,42,-26
115900255,2,13,-11
115900256,15,13,2
115900257,0,3,-3
115900258,0,3,-3
115900259,5,4,1
115900260,12,2,10
115900261,2,0,2
115900262,0,0,0
115900263,5,0,5
115900264,1,5,-4
115900265,1,5,-4
115900266,4,6,-2
115900267,1,1,0
115900268,1,6,-5
115900269,253,415,-162
115900270,236,1193,-957
115900271,31,0,31
115900272,14,1,13
115900273,4,8,-4
115900274,2,23,-21
115900275,3,66,-63
115900276,0,113,-113
115900277,1,255,-254
115900278,6,173,-167
115900279,5,169,-164
115900280,6,218,-212
115900281,638,144,494
115900282,16,5,11
115900283,5,19,-14
115900284,3,8,-5
116000001,18082,5857,12225
116000002,3558,6175,-2617
116000003,1364,2218,-854
116000004,2157,1956,201
116000005,3216,4506,-1290
116000006,1932,1121,811
116000007,3563,5591,-2028
116000008,2035,1818,217
116000009,1927,3298,-1371
116000010,1350,1002,348
116000011,795,2204,-1409
116000012,631,708,-77
116000013,21287,5203,16084
116000014,23705,9897,13808
116000015,513,825,-312
116000016,9321,2372,6949
116000017,32,472,-440
116000018,702,476,226
116000019,479,329,150
116000020,375,1479,-1104
116000021,321,330,-9
116000022,193,613,-420
116000023,725,597,128
116000024,575,1784,-1209
116000025,759,535,224
116000026,1437,2268,-831
116000027,455,567,-112
116000028,348,518,-170
116000029,662,435,227
116000030,442,382,60
116000031,91,177,-86
116000032,362,208,154
116000033,265,684,-419
116000034,459,984,-525
116000035,348,454,-106
116000036,2102,581,1521
116000037,740,648,92
116000038,809,320,489
116000039,678,207,471
116000040,1274,175,1099
116000041,248,497,-249
116000042,415,149,266
116000043,39,466,-427
116000044,22,369,-347
116000045,1549,1131,418
116000046,1219,1159,60
116000047,2013,1867,146
116000048,1874,1566,308
116000049,827,1928,-1101
116000050,1143,1259,-116
116000051,3359,1698,1661
116000052,3259,3640,-381
116000053,1192,1055,137
116000054,617,2005,-1388
116000055,449,1326,-877
116000056,490,1010,-520
116000057,2547,2026,521
116000058,2553,1572,981
116000059,2124,4220,-2096
116000060,2455,929,1526
116000061,647,810,-163
116000062,789,272,517
116000063,622,1185,-563
116000066,148,475,-327
116000067,213,695,-482
116000068,199,265,-66
116000069,354,514,-160
116000078,238,1133,-895
116000080,1180,1158,22
116000082,9,147,-138
116000083,904,328,576
116000084,2591,4955,-2364
116000085,1473,1052,421
116000086,3478,1792,1686
116000087,976,1156,-180
116000088,842,1374,-532
116000089,146,137,9
116000090,140,183,-43
116000091,144,159,-15
116000093,320,1404,-1084
116000094,363,793,-430
116000095,438,1200,-762
116000096,523,1161,-638
116000097,471,1255,-784
116000098,364,3413,-3049
116000099,14192,550,13642
116000100,80,8,72
116000101,329,2227,-1898
116000102,234,2010,-1776
116000103,220,217,3
116000104,123,2371,-2248
116000105,617,227,390
116000106,162,1687,-1525
116000107,815,556,259
116000108,58,255,-197
116000111,90,19,71
116000113,51,65,-14
116000114,20,144,-124
116000115,133,103,30
116000116,165,573,-408
116000117,1055,2683,-1628
116000118,1091,1982,-891
116000119,1817,2060,-243
116000120,2764,5862,-3098
116000121,496,440,56
116000122,1403,3141,-1738
116000123,371,634,-263
116000124,236,1364,-1128
116000125,1567,713,854
116000126,164,1640,-1476
116000127,1167,2079,-912
116000128,1161,900,261
116000129,682,176,506
116000130,301,270,31
116000133,415,1292,-877
116000134,1372,3943,-2571
116000135,1139,1502,-363
116000136,814,3331,-2517
116000137,551,657,-106
116000138,875,463,412
116000139,1392,2428,-1036
116000140,182,309,-127
116000141,411,1327,-916
116000142,4510,5082,-572
116000143,1822,1713,109
116000144,988,3788,-2800
116000145,1348,1788,-440
116000146,286,538,-252
116000147,417,138,279
116000148,406,443,-37
116000149,329,468,-139
116000151,581,1398,-817
116000153,72,718,-646
116000155,262,258,4
116000156,356,1767,-1411
116000157,28,37,-9
116000158,360,271,89
116000159,5,9,-4
116000160,15,140,-125
116000161,5,111,-106
116000162,33,56,-23
116000163,15,11,4
116000164,4,14,-10
116000177,42,169,-127
116000194,65,407,-342
116000195,1950,776,1174
116000196,2,2,0
116000197,4,10,-6
116000198,2765,890,1875
116000200,778,218,560
116000201,580,628,-48
116000202,6,430,-424
116000203,1,123,-122
116000204,14,72,-58
116000205,0,180,-180
116000206,2,109,-107
116000207,3,46,-43
116000233,141,1093,-952
116000287,85,744,-659
116000288,109,327,-218
116000292,31,161,-130
116000296,33,356,-323
116000297,56,23,33
116000304,38,70,-32
116000305,14,121,-107
116000346,144,166,-22
116000352,43,28,15
116000354,28,18,10
116000357,5,6,-1
116000358,173,43,130
116000361,791,13,778
116000372,12369,2924,9445
116000381,128,1,127
116000388,1,45,-44
116000389,459,572,-113
116000445,186,826,-640
116000446,284,1709,-1425
116000447,10,437,-427
116000448,664,470,194
116000563,774,526,248
116000565,110,425,-315
116000568,46,155,-109
116000579,14,106,-92
116000583,14,17,-3
116000584,12,12,0
116000585,13,10,3
116000586,199,71,128
116000587,370,727,-357
116000589,42,79,-37
116000590,30,72,-42
116000591,91,376,-285
116000592,10,137,-127
116000593,2,133,-131
116000594,283,591,-308
116000595,405,191,214
116000596,53,6,47
116000597,197,70,127
116000598,10,201,-191
116000605,355,191,164
116000606,53,170,-117
116000607,3,71,-68
116000609,270,738,-468
116000611,139,672,-533
116000612,525,2069,-1544
116000613,317,406,-89
116000614,517,1107,-590
116000615,3,169,-166
116000616,43,173,-130
116000617,59,129,-70
116000618,0,208,-208
116000619,20,29,-9
116000620,41,47,-6
116000621,26,74,-48
116000622,34,129,-95
116000624,44,79,-35
116000627,18,143,-125
116000628,54,2188,-2134
116000629,45,1211,-1166
116000630,204,84,120
116000631,111,101,10
116000632,303,328,-25
116000633,115,704,-589
116000634,190,407,-217
116000635,3449,1631,1818
116000636,2107,1080,1027
116000637,239,134,105
116000638,87,770,-683
116000640,3,12,-9
116000641,165,180,-15
116000644,13,1791,-1778
116900001,135,161,-26
116900002,351,4,347
116900003,13,68,-55
116900004,44,67,-23
116900005,151,56,95
116900006,336,126,210
116900007,80,217,-137
116900008,165,698,-533
116900009,8,5,3
116900010,7,2305,-2298
116900011,6,39,-33
116900012,72,238,-166
116900013,15,190,-175
116900014,57,355,-298
116900015,182,118,64
116900016,61,0,61
116900017,5,1082,-1077
116900018,52,31,21
116900019,1,561,-560
116900020,2096,364,1732
116900023,33,11,22
116900024,245,130,115
116900025,444,1215,-771
116900026,212,1024,-812
116900027,21,65,-44
116900028,11,163,-152
116900029,6,25,-19
116900031,3,17,-14
116900032,13,545,-532
116900033,5,4,1
116900034,10,112,-102
116900035,92,342,-250
116900036,1,132,-131
116900038,27,1,26
116900041,11,19,-8
116900042,1091,255,836
116900043,6,97,-91
116900047,167,63,104
116900049,36,378,-342
116900050,65,720,-655
116900051,39,461,-422
116900052,148,95,53
116900055,0,1,-1
116900057,6,435,-429
116900058,16,651,-635
116900059,4,330,-326
116900060,254,317,-63
116900062,1,3,-2
116900064,40,1370,-1330
116900065,13,174,-161
116900067,93,195,-102
116900068,88,289,-201
116900070,2,5,-3
116900072,8,573,-565
116900073,6,312,-306
116900074,9,45,-36
116900076,12,56,-44
116900077,79,488,-409
116900078,249,167,82
116900079,28,564,-536
116900080,5,11,-6
116900081,269,2190,-1921
116900082,197,792,-595
116900083,51,96,-45
116900084,233,64,169
116900085,49,208,-159
116900086,21,352,-331
116900088,473,70,403
116900090,112,99,13
116900091,129,79,50
116900092,56,1211,-1155
116900093,1532,2228,-696
116900094,6162,2529,3633
116900095,579,330,249
116900096,90,230,-140
116900097,5720,2070,3650
116900098,808,199,609
116900099,497,573,-76
116900100,496,27,469
116900101,239,757,-518
116900103,4,4,0
116900104,28,107,-79
116900105,205,73,132
116900106,832,786,46
116900107,5407,1433,3974
116900110,10,1,9
116900111,222,1671,-1449
116900112,107,1707,-1600
116900113,4614,1035,3579
116900116,130,249,-119
116900117,27,116,-89
116900118,1211,763,448
116900120,119,181,-62
116900121,55,80,-25
116900122,359,1060,-701
116900123,85,1322,-1237
116900124,124,1424,-1300
116900125,181,372,-191
116900126,332,616,-284
116900128,0,48,-48
116900129,7,374,-367
116900130,1301,1855,-554
116900131,58,167,-109
116900132,39,73,-34
116900133,74,87,-13
116900134,150,176,-26
116900136,92,130,-38
116900137,313,218,95
116900138,72,299,-227
116900139,59,447,-388
116900140,80,170,-90
116900141,364,300,64
116900142,2,44,-42
116900143,147,477,-330
116900144,25,45,-20
116900145,125,470,-345
116900147,787,279,508
116900148,2,35,-33
116900149,30,111,-81
116900150,21,9,12
116900151,56,19,37
116900153,51,76,-25
116900154,393,298,95
116900155,71,38,33
116900157,365,418,-53
116900158,131,150,-19
116900159,22,282,-260
116900160,589,268,321
116900161,10120,3892,6228
116900162,7,213,-206
116900163,105,194,-89
116900164,65,41,24
116900165,130,117,13
116900166,19,144,-125
116900167,216,90,126
116900168,166,109,57
116900169,853,256,597
116900170,122,258,-136
116900171,24,271,-247
116900172,268,135,133
116900173,90,67,23
116900174,15,20,-5
116900175,198,85,113
116900178,13,187,-174
116900179,75,120,-45
116900180,81,23,58
116900182,339,157,182
116900183,109,97,12
116900185,19,21,-2
116900186,81,396,-315
116900187,24,17,7
116900188,91,19,72
116900189,19,0,19
116900191,292,397,-105
116900192,133,260,-127
116900194,111,598,-487
116900195,27,8,19
116900196,7,170,-163
116900197,40,6,34
116900198,266,177,89
116900200,13,37,-24
116900201,59,13,46
116900202,105,80,25
116900203,50,4,46
116900204,27,85,-58
116900206,13,66,-53
116900207,19,25,-6
116900208,18,163,-145
116900209,17,230,-213
116900210,263,206,57
116900211,222,11,211
116900212,6,104,-98
116900213,152,359,-207
116900214,96,129,-33
116900215,45,115,-70
116900216,303,345,-42
116900218,7,388,-381
116900219,818,297,521
116900220,53,173,-120
116900221,50,221,-171
116900222,365,296,69
116900223,95,158,-63
116900226,37,85,-48
116900227,97,85,12
116900228,210,366,-156
116900230,39,504,-465
116900231,30,635,-605
116900232,11,927,-916
116900233,192,96,96
116900234,3,4,-1
116900235,168,359,-191
116900238,1685,540,1145
116900239,57,849,-792
116900240,8441,2478,5963
116900241,32,207,-175
116900242,2220,240,1980
116900243,3,69,-66
116900245,21,2,19
116900246,51,19,32
116900247,354,24,330
116900248,50,29,21
116900249,156,162,-6
116900250,153,39,114
116900251,526,198,328
116900252,47,1533,-1486
116900253,83,142,-59
116900254,5,110,-105
116900255,51,33,18
116900256,140,93,47
116900257,7,841,-834
116900258,2,393,-391
116900259,72,10,62
116900260,1,121,-120
116900261,18,0,18
116900262,103,131,-28
116900263,0,12,-12
116900264,28,43,-15
116900265,32,0,32
116900266,7,133,-126
116900267,1,2,-1
116900268,24,3,21
116900269,241,536,-295
116900271,1438,130,1308
116900272,473,812,-339
116900273,433,128,305
116900274,59,146,-87
116900275,92,195,-103
116900276,1243,67,1176
116900277,719,12,707
116900278,6,9,-3
116900279,1,47,-46
116900280,3,54,-51
116900281,10359,2363,7996
116900282,4,202,-198
116900283,9,257,-248
116900284,23,276,-253
116900285,500,594,-94
116900286,204,10,194
116900287,6,140,-134
116900288,33,200,-167
116900289,21,48,-27
116900290,0,51,-51
116900291,3,9,-6
116900292,0,14,-14
116900293,31,99,-68
116900294,33,141,-108
116900295,355,44,311
116900296,92,85,7
116900297,7,93,-86
116900298,166,39,127
116900299,55,43,12
116900300,4,119,-115
116900301,111,124,-13
116900302,94,59,35
116900303,721,83,638
116900304,0,192,-192
116900305,30,72,-42
116900306,58,254,-196
116900307,46,1,45
116900308,3,313,-310
116900309,55,272,-217
117000001,1673,1437,236
117000002,2362,5832,-3470
117000003,8716,2820,5896
117000004,5356,7537,-2181
117000005,1798,1414,384
117000006,1360,6527,-5167
117000007,2873,1325,1548
117000008,1484,7095,-5611
117000009,4047,1757,2290
117000010,3218,6820,-3602
117000011,1350,2318,-968
117000012,1290,2773,-1483
117000013,1386,1444,-58
117000014,1203,3510,-2307
117000015,3823,1440,2383
117000016,777,37,740
117000017,706,225,481
117000018,224,392,-168
117000019,412,11,401
117000020,782,1009,-227
117000021,4179,734,3445
117000022,775,61,714
117000023,1330,176,1154
117000024,977,80,897
117000025,1787,514,1273
117000026,5390,833,4557
117000027,2623,1590,1033
117000028,3889,805,3084
117000030,850,741,109
117000031,341,243,98
117000032,2446,1639,807
117000033,1449,959,490
117000034,334,467,-133
117000035,248,210,38
117000036,476,529,-53
117000037,341,212,129
117000038,424,790,-366
117000039,466,364,102
117000040,177,1892,-1715
117000041,401,149,252
117000044,33,2194,-2161
117000045,395,57,338
117000046,639,1144,-505
117000047,802,431,371
117000048,2960,2534,426
117000049,125,489,-364
117000050,126,3473,-3347
117000051,1528,192,1336
117000052,18,920,-902
117000053,206,102,104
117000054,1141,6,1135
117000055,19,4947,-4928
117000056,419,23,396
117000057,671,2824,-2153
117000060,393,2015,-1622
117000061,1625,1109,516
117000062,190,814,-624
117000063,1614,873,741
117000064,1061,1399,-338
117000066,1214,927,287
117000067,216,327,-111
117000074,142,215,-73
117000076,86,63,23
117000077,97,99,-2
117000078,172,942,-770
117000079,224,195,29
117000080,1,528,-527
117000081,868,118,750
117000082,39,82,-43
117000083,144,13,131
117000084,325,3,322
117000085,166,603,-437
117000086,1181,879,302
117000087,99,772,-673
117000088,269,276,-7
117000089,1217,374,843
117000090,287,2266,-1979
117000091,514,304,210
117000092,350,2370,-2020
117000093,822,731,91
117000094,1088,3891,-2803
117000095,2385,829,1556
117000096,474,3923,-3449
117000097,988,1286,-298
117000098,3211,7919,-4708
117000099,2411,1007,1404
117000100,186,193,-7
117000101,212,1713,-1501
117000102,1368,677,691
117000103,894,2611,-1717
117000104,1121,612,509
117000105,954,2466,-1512
117000106,990,937,53
117000107,600,2781,-2181
117000108,1349,937,412
117000109,2475,3633,-1158
117000110,1099,794,305
117000111,4150,6263,-2113
117000112,2393,2643,-250
117000113,110,498,-388
117000114,137,214,-77
117000115,66,257,-191
117000116,108,373,-265
117000117,1780,474,1306
117000118,479,165,314
117000119,624,69,555
117000120,571,207,364
117000121,160,814,-654
117000122,698,1253,-555
117000123,2591,26,2565
117000124,923,45,878
117000125,885,77,808
117000126,148,54,94
117000127,236,411,-175
117000128,585,804,-219
117000129,1240,393,847
117000130,112,4,108
117000131,1,391,-390
117000132,1050,12,1038
117000133,766,93,673
117000134,7,44,-37
117000135,2,31,-29
117000136,3,48,-45
117000137,86,47,39
117000138,3,599,-596
117000140,593,2263,-1670
117000141,1569,660,909
117000181,1450,552,898
117000182,404,196,208
117000195,207,1749,-1542
117000196,113,83,30
117000225,416,18,398
117000226,16,190,-174
117000276,120,3,117
117000277,5,896,-891
117000310,2895,3692,-797
117000315,46,1320,-1274
117000320,87,0,87
117000906,195,13,182
117000907,18,691,-673
117000909,63,27,36
117000910,132,201,-69
117000911,117,250,-133
117000915,10,924,-914
117000916,6,2,4
117000917,545,13,532
117000918,34,75,-41
117000919,5,235,-230
117000920,5,2304,-2299
117000921,10,3081,-3071
117000922,110,146,-36
117000924,513,786,-273
117000926,1457,78,1379
117000927,1866,497,1369
117000928,0,456,-456
117000929,101,1067,-966
117000930,87,21,66
117000931,452,143,309
117900002,259,514,-255
117900003,871,435,436
117900005,3,38,-35
117900006,0,25,-25
117900007,137,200,-63
117900008,0,99,-99
117900010,413,162,251
117900011,42,22,20
117900012,80,295,-215
117900013,4,620,-616
117900014,980,331,649
117900015,35,364,-329
117900016,2018,486,1532
117900017,640,767,-127
117900018,348,49,299
117900019,293,831,-538
117900020,42,303,-261
117900021,49,152,-103
117900022,12,5,7
117900023,722,332,390
117900024,118,197,-79
117900025,29,12,17
117900026,243,985,-742
117900028,78,9,69
117900029,157,1923,-1766
117900030,324,196,128
117900031,302,204,98
117900032,529,408,121
117900033,189,1385,-1196
117900034,69,72,-3
117900035,156,52,104
117900036,159,960,-801
117900037,49,118,-69
117900038,31,573,-542
117900039,3,118,-115
117900040,70,876,-806
117900041,7,101,-94
117900042,5697,521,5176
117900043,66,79,-13
117900044,27,4245,-4218
117900045,163,121,42
117900048,175,412,-237
117900049,135,1301,-1166
117900050,24,78,-54
117900051,90,1,89
117900052,53,275,-222
117900053,874,818,56
117900054,3,26,-23
117900055,219,383,-164
117900056,411,36,375
117900057,814,1564,-750
117900058,187,15,172
117900059,472,49,423
117900060,914,7187,-6273
117900061,23,273,-250
117900063,323,295,28
117900065,643,1381,-738
117900066,11,37,-26
117900067,371,501,-130
117900069,545,697,-152
117900070,421,5,416
117900071,108,149,-41
117900073,278,680,-402
117900074,276,6,270
117900075,66,77,-11
117900076,21,56,-35
117900077,158,134,24
117900078,186,532,-346
117900080,256,60,196
117900081,536,605,-69
117900082,253,258,-5
117900083,259,1184,-925
117900086,118,33,85
117900087,34,53,-19
117900088,3039,2598,441
117900089,1258,456,802
117900090,519,1575,-1056
117900091,301,200,101
117900092,59,53,6
117900093,44,108,-64
117900094,21,10,11
117900095,456,1056,-600
117900096,74,307,-233
117900097,79,106,-27
117900098,1,6,-5
117900099,204,556,-352
117900100,86,0,86
117900101,434,994,-560
117900102,34,38,-4
117900103,26,1,25
117900104,26,205,-179
117900105,164,371,-207
117900106,26,46,-20
117900107,8,0,8
117900109,346,327,19
117900110,17,2,15
117900111,238,11,227
117900112,52,9,43
117900113,5994,2122,3872
117900114,11,0,11
117900115,358,71,287
117900116,1033,1155,-122
117900117,209,413,-204
117900118,20,0,20
117900119,93,365,-272
117900120,62,185,-123
117900121,40,32,8
117900122,1346,1641,-295
117900123,952,1151,-199
117900124,492,752,-260
117900125,1253,1148,105
117900126,312,835,-523
117900127,413,970,-557
117900128,236,1407,-1171
117900129,16,2,14
117900130,716,518,198
117900131,1,137,-136
117900132,15,116,-101
117900133,9,138,-129
117900134,42,202,-160
117900135,38,254,-216
117900136,0,80,-80
117900137,23,387,-364
117900138,0,57,-57
117900139,35,201,-166
117900140,7521,553,6968
117900141,334,422,-88
117900142,101,7,94
117900144,165,137,28
117900145,41,19,22
117900146,385,96,289
117900147,90,108,-18
117900148,3796,903,2893
117900149,30,208,-178
117900150,30,108,-78
117900151,37,194,-157
117900152,141,105,36
117900153,34,129,-95
117900154,452,1050,-598
117900156,1026,1212,-186
117900157,125,525,-400
117900158,92,78,14
117900160,375,322,53
117900161,2910,3355,-445
117900162,273,616,-343
117900163,153,18,135
117900165,0,9,-9
117900166,41,265,-224
117900168,42,195,-153
117900169,0,146,-146
117900170,2,46,-44
117900171,0,17,-17
117900172,9,37,-28
117900173,130,58,72
117900174,12,61,-49
117900175,2,55,-53
117900176,5,65,-60
117900177,10,83,-73
117900178,89,42,47
117900180,338,46,292
117900181,235,264,-29
117900182,3,19,-16
117900183,41,150,-109
117900184,9,34,-25
117900185,13,30,-17
117900186,38,17,21
117900187,9,15,-6
117900188,176,52,124
117900189,52,18,34
117900190,13,0,13
117900191,77,0,77
117900192,165,0,165
117900193,2,51,-49
117900194,10,6,4
117900195,3,27,-24
117900196,8,33,-25
117900207,168,93,75
117900208,12,24,-12
117900209,167,175,-8
117900210,96,198,-102
117900211,4,195,-191
117900212,56,239,-183
117900213,25,22,3
117900214,1,63,-62
117900215,16,74,-58
117900216,146,21,125
117900217,231,125,106
117900218,390,397,-7
117900219,6,68,-62
117900220,224,76,148
117900222,144,324,-180
117900223,139,262,-123
118000001,776,550,226
118000002,1165,1980,-815
118000003,2768,1790,978
118000004,3463,2029,1434
118000005,4983,3564,1419
118000006,6899,8942,-2043
118000007,7167,2078,5089
118000008,5611,2873,2738
118000009,2678,2658,20
118000010,2644,3920,-1276
118000011,970,3217,-2247
118000012,1098,3561,-2463
118000013,3735,3502,233
118000014,1834,4314,-2480
118000016,174,489,-315
118000017,242,378,-136
118000018,299,585,-286
118000019,2005,1393,612
118000020,1139,1522,-383
118000021,798,2021,-1223
118000022,1788,729,1059
118000023,1126,330,796
118000024,1396,868,528
118000027,16870,8430,8440
118000029,902,649,253
118000032,1415,2986,-1571
118000033,2334,2845,-511
118000034,4984,1959,3025
118000035,1251,1949,-698
118000036,1231,1068,163
118000037,672,1038,-366
118000038,76,155,-79
118000039,74,588,-514
118000040,1296,2747,-1451
118000041,1999,1837,162
118000045,716,76,640
118000046,2365,447,1918
118000047,2532,500,2032
118000048,4376,1158,3218
118000051,1990,608,1382
118000052,1652,345,1307
118000053,1175,510,665
118000054,2367,1813,554
118000055,1785,1884,-99
118000056,192,277,-85
118000057,231,376,-145
118000058,3426,1119,2307
118000059,2467,611,1856
118000060,853,754,99
118000061,658,1782,-1124
118000062,425,284,141
118000063,268,411,-143
118000064,1076,1304,-228
118000065,5088,1914,3174
118000066,1021,1320,-299
118000067,1332,700,632
118000068,1816,3895,-2079
118000069,3921,1252,2669
118000070,8331,1875,6456
118000071,3697,6157,-2460
118000072,2477,906,1571
118000073,3040,413,2627
118000074,605,742,-137
118000075,839,228,611
118000076,1582,1164,418
118000077,1453,1257,196
118000078,1979,1597,382
118000079,275,326,-51
118000080,1230,1094,136
118000081,2183,934,1249
118000082,311,827,-516
118000083,2487,1259,1228
118000084,2675,1398,1277
118000086,220,534,-314
118000087,7565,2754,4811
118000088,1872,2179,-307
118000089,4605,2637,1968
118000090,2562,2918,-356
118000091,1920,2512,-592
118000092,1600,572,1028
118000093,120,770,-650
118000096,550,617,-67
118000097,756,763,-7
118000098,305,234,71
118000099,302,927,-625
118000101,693,377,316
118000102,324,1559,-1235
118000107,4845,524,4321
118000108,718,1486,-768
118000110,3,29,-26
118000111,1,906,-905
118000112,183,4,179
118000113,7,1561,-1554
118000114,188,6,182
118000115,17,17,0
118000116,52,3,49
118000117,1550,1238,312
118000118,967,649,318
118000119,699,1141,-442
118000120,1687,1812,-125
118000121,154,596,-442
118000122,1500,323,1177
118000123,48,332,-284
118000125,2283,1305,978
118000126,890,1326,-436
118000127,2297,708,1589
118000128,786,1240,-454
118000129,1274,291,983
118000130,3287,4893,-1606
118000131,886,1239,-353
118000132,2078,1496,582
118000133,785,468,317
118000135,605,347,258
118000136,122,724,-602
118000137,961,94,867
118000138,322,1296,-974
118000139,249,126,123
118000140,2081,3195,-1114
118000141,1522,2173,-651
118000142,1107,2295,-1188
118000143,1262,1160,102
118000144,1461,1043,418
118000145,1301,2622,-1321
118000146,848,1246,-398
118000147,614,2114,-1500
118000148,344,1711,-1367
118000149,575,1436,-861
118000150,246,387,-141
118000151,211,419,-208
118000153,734,1419,-685
118000154,723,2062,-1339
118000155,715,1536,-821
118000156,2654,2620,34
118000157,408,465,-57
118000158,155,486,-331
118000159,18,66,-48
118000160,365,459,-94
118000161,291,803,-512
118000162,743,921,-178
118000163,518,767,-249
118000164,2743,1538,1205
118000168,1806,244,1562
118000169,993,1973,-980
118000170,3432,7611,-4179
118000171,189,798,-609
118000172,128,392,-264
118000173,771,1182,-411
118000175,151,348,-197
118000176,167,395,-228
118000177,116,501,-385
118000178,172,63,109
118000179,1324,647,677
118000180,643,689,-46
118000181,638,301,337
118000182,285,279,6
118000183,213,256,-43
118000184,500,1147,-647
118000185,734,713,21
118000186,411,596,-185
118000187,874,783,91
118000188,553,256,297
118000189,279,1172,-893
118000190,5,28,-23
118000191,22,53,-31
118000192,246,207,39
118000193,249,294,-45
118000194,2497,1139,1358
118000195,867,574,293
118000196,595,87,508
118000197,341,102,239
118000198,723,441,282
118000199,1073,329,744
118000200,55,284,-229
118000201,498,405,93
118000202,48,37,11
118000203,1410,346,1064
118000204,203,307,-104
118000205,310,329,-19
118000206,168,234,-66
118000207,0,187,-187
118000208,854,1660,-806
118000209,1480,2444,-964
118000210,19,30,-11
118000211,18,32,-14
118000213,1005,752,253
118000214,696,438,258
118000215,156,420,-264
118000216,1386,3858,-2472
118000217,19,130,-111
118000218,67,138,-71
118000219,378,469,-91
118000220,2,27,-25
118000221,75,232,-157
118000222,75,28,47
118000223,24,35,-11
118000224,342,85,257
118000225,105,1431,-1326
118000226,1075,192,883
118000227,935,331,604
118000228,75,110,-35
118000229,265,33,232
118000230,75,323,-248
118000231,41,282,-241
118000232,465,1149,-684
118000233,612,960,-348
118000234,237,357,-120
118000236,245,592,-347
118000237,59,738,-679
118000238,117,505,-388
118000239,186,392,-206
118000240,649,89,560
118000241,88,335,-247
118000242,244,767,-523
118000243,128,292,-164
118000244,30,237,-207
118000246,0,8,-8
118000255,78,249,-171
118000256,155,276,-121
118000259,10,70,-60
118000260,120,194,-74
118000261,26,108,-82
118000263,71,325,-254
118000266,58,492,-434
118000267,0,93,-93
118000268,383,2,381
118000270,51,53,-2
118000271,170,350,-180
118000272,47,37,10
118000273,50,93,-43
118000274,120,383,-263
118000276,200,331,-131
118000295,1,55,-54
118000298,90,543,-453
118000299,77,217,-140
118000301,0,100,-100
118000302,44,122,-78
118000311,197,110,87
118000312,199,182,17
118000313,21,219,-198
118000314,51,125,-74
118000315,11,95,-84
118000316,384,798,-414
118000325,19,84,-65
118000326,15,41,-26
118000331,5,41,-36
118000332,22,39,-17
118000333,19,58,-39
118000335,171,0,171
118000336,2,440,-438
118000407,81,82,-1
118000457,9,29,-20
118000465,3442,3253,189
118000480,36,199,-163
118000489,121,222,-101
118000490,135,601,-466
118000492,207,289,-82
118000510,69,14,55
118000514,200,450,-250
118000515,670,459,211
118000517,477,257,220
118000524,895,279,616
118000525,680,787,-107
118000530,13,108,-95
118000531,134,330,-196
118000532,138,304,-166
118000533,361,179,182
118000534,559,357,202
118000535,181,120,61
118000536,877,1063,-186
118000537,33,91,-58
118000538,36,152,-116
118000539,12,63,-51
118000540,307,272,35
118000541,234,129,105
118000542,79,164,-85
118000543,279,210,69
118000546,36,18,18
118000553,0,4,-4
118000557,0,0,0
118000560,3388,976,2412
118000562,21,628,-607
118000563,2229,1507,722
118000576,132,310,-178
118000577,208,112,96
118000578,187,176,11
118000579,959,1141,-182
118000583,0,0,0
118000595,127,80,47
118000596,0,99,-99
118000597,122,146,-24
118000598,3,1,2
118000599,22,58,-36
118000600,4,9,-5
118000601,3,0,3
118000602,0,14,-14
118000603,1,65,-64
118000605,65,1061,-996
118900001,1506,1097,409
118900002,1170,683,487
118900003,122,15,107
118900004,6,101,-95
118900005,42,4,38
118900006,74,5,69
118900007,14,13,1
118900008,1081,40,1041
118900009,19,10,9
118900010,41,1,40
118900011,143,18,125
118900012,211,256,-45
118900013,813,41,772
118900015,86,31,55
118900016,5,38,-33
118900017,200,256,-56
118900018,1702,15,1687
118900019,40,9,31
118900020,201,116,85
118900021,131,417,-286
118900022,106,84,22
118900023,100,126,-26
118900024,65,287,-222
118900025,41,17,24
118900026,25,77,-52
118900027,625,377,248
118900028,68,166,-98
118900029,103,698,-595
118900030,145,84,61
118900031,107,156,-49
118900032,116,261,-145
118900033,391,1024,-633
118900034,55,9,46
118900035,106,345,-239
118900036,647,941,-294
118900037,306,392,-86
118900038,281,412,-131
118900039,301,381,-80
118900040,127,160,-33
118900041,283,232,51
118900042,82,119,-37
118900045,219,204,15
118900046,756,221,535
118900047,1081,311,770
118900048,338,229,109
118900049,59,31,28
118900050,13,135,-122
118900051,113,70,43
118900052,273,288,-15
118900053,20,91,-71
118900054,48,102,-54
118900055,27,166,-139
118900056,105,224,-119
118900057,499,299,200
118900058,314,523,-209
118900059,27,103,-76
118900060,30,225,-195
118900062,71,240,-169
118900064,630,605,25
118900065,30,178,-148
118900066,51,118,-67
118900067,6246,2512,3734
118900068,1,343,-342
118900069,264,354,-90
118900071,6,70,-64
118900072,439,404,35
118900073,44,153,-109
118900074,85,170,-85
118900075,21,79,-58
118900076,211,61,150
118900077,108,210,-102
118900078,42,10,32
118900079,54,179,-125
118900080,8,105,-97
118900081,57,26,31
118900082,414,189,225
118900083,19,8,11
118900084,18,15,3
118900085,509,1021,-512
118900086,21,70,-49
118900087,24,206,-182
118900088,0,21,-21
118900089,23,4,19
118900090,301,465,-164
118900091,148,163,-15
118900092,49,73,-24
118900093,112,10,102
118900096,46,77,-31
118900097,146,889,-743
118900099,26,372,-346
118900100,137,280,-143
118900101,61,682,-621
118900102,16,65,-49
118900103,26,78,-52
118900104,59,250,-191
118900105,149,95,54
118900107,154,113,41
118900108,45,84,-39
118900110,2053,683,1370
118900111,259,809,-550
118900112,51,152,-101
118900113,79,897,-818
118900114,29,124,-95
118900115,65,376,-311
118900116,111,156,-45
118900117,64,125,-61
118900118,214,634,-420
118900119,112,295,-183
118900120,67,243,-176
118900121,8,331,-323
118900122,7,542,-535
118900123,92,198,-106
118900124,78,167,-89
118900126,13,210,-197
118900129,355,169,186
118900130,77,144,-67
118900131,68,276,-208
118900132,256,212,44
118900133,26,67,-41
118900135,119,246,-127
118900136,185,916,-731
118900137,9,20,-11
118900139,119,916,-797
118900140,281,852,-571
118900141,50,421,-371
118900144,135,679,-544
118900145,17,245,-228
118900146,209,961,-752
118900147,294,84,210
118900148,39,99,-60
118900150,145,433,-288
118900152,317,1011,-694
118900157,200,206,-6
118900158,27,167,-140
118900159,3,301,-298
118900161,97,9,88
118900163,326,58,268
118900164,6,136,-130
118900165,31,341,-310
118900166,32,5,27
118900167,61,196,-135
118900168,1,56,-55
118900169,55,418,-363
118900170,68,135,-67
118900171,6,26,-20
118900174,38,109,-71
118900175,226,293,-67
118900176,89,176,-87
118900177,24,64,-40
118900178,46,130,-84
118900179,1,37,-36
118900181,67,118,-51
118900182,55,27,28
118900183,15,66,-51
118900184,136,44,92
118900185,97,129,-32
118900186,45,87,-42
118900187,148,376,-228
118900188,153,367,-214
118900189,23,389,-366
118900190,15,802,-787
118900191,126,63,63
118900192,108,51,57
118900193,214,13,201
118900195,376,1296,-920
118900196,19,204,-185
118900197,91,114,-23
118900198,5,34,-29
118900199,23,63,-40
118900200,12,3,9
118900201,19,11,8
118900202,5,55,-50
118900203,7,34,-27
118900204,6,31,-25
118900205,5,29,-24
118900206,2,31,-29
119000001,914,1325,-411
119000002,1978,2936,-958
119000003,1166,2021,-855
119000004,1463,1756,-293
119000005,1666,2079,-413
119000006,1702,1723,-21
119000007,2771,3250,-479
119000008,1529,2267,-738
119000009,3312,2996,316
119000010,8319,3624,4695
119000011,5504,2429,3075
119000012,3963,3239,724
119000013,1846,1252,594
119000014,2187,3424,-1237
119000019,173,202,-29
119000020,1033,1468,-435
119000021,2456,1982,474
119000022,3561,1642,1919
119000023,273,302,-29
119000024,2118,6268,-4150
119000025,14489,1372,13117
119000026,185,305,-120
119000027,512,392,120
119000028,2255,1305,950
119000029,137,255,-118
119000030,402,1430,-1028
119000031,619,727,-108
119000032,2055,2578,-523
119000033,1796,2228,-432
119000034,773,1264,-491
119000035,24,466,-442
119000036,887,1459,-572
119000037,781,2802,-2021
119000038,85,1521,-1436
119000039,159,353,-194
119000040,1278,444,834
119000041,1280,1372,-92
119000048,3302,5032,-1730
119000049,1209,4412,-3203
119000050,1468,3266,-1798
119000051,1693,1015,678
119000052,2662,3874,-1212
119000053,1534,1316,218
119000054,2394,5267,-2873
119000055,2297,4135,-1838
119000056,1434,2419,-985
119000057,1200,3243,-2043
119000058,1583,2695,-1112
119000059,866,2327,-1461
119000060,897,863,34
119000061,757,989,-232
119000062,800,1283,-483
119000063,310,352,-42
119000064,1652,1909,-257
119000065,1702,3135,-1433
119000066,1215,943,272
119000067,1842,3413,-1571
119000068,1075,1141,-66
119000069,1266,3695,-2429
119000070,1477,1419,58
119000071,532,1255,-723
119000072,8416,4396,4020
119000073,4889,5530,-641
119000074,823,5360,-4537
119000075,908,2767,-1859
119000076,358,928,-570
119000077,566,548,18
119000078,229,325,-96
119000079,87,878,-791
119000080,292,374,-82
119000081,142,371,-229
119000082,448,281,167
119000083,365,367,-2
119000084,320,668,-348
119000085,648,389,259
119000086,260,422,-162
119000087,1937,1162,775
119000088,216,223,-7
119000089,56,156,-100
119000090,131,237,-106
119000091,158,297,-139
119000092,631,306,325
119000093,4924,4639,285
119000094,1856,6154,-4298
119000095,1049,3890,-2841
119000097,2770,1969,801
119000098,614,1640,-1026
119000099,2201,2218,-17
119000100,2323,2323,0
119000101,1921,2090,-169
119000102,503,642,-139
119000103,1150,498,652
119000104,4063,1827,2236
119000105,637,1067,-430
119000106,250,2617,-2367
119000107,404,626,-222
119000108,207,1795,-1588
119000109,78,246,-168
119000110,351,347,4
119000111,31,542,-511
119000112,121,86,35
119000113,2062,288,1774
119000114,782,600,182
119000115,143,180,-37
119000116,75,82,-7
119000117,89,303,-214
119000118,1,1,0
119000123,3443,617,2826
119000124,329,285,44
119000125,1766,1374,392
119000126,507,1321,-814
119000127,363,1367,-1004
119000128,17,7,10
119000131,620,1354,-734
119000132,3,5,-2
119000133,3,17,-14
119000134,3458,643,2815
119000135,94,224,-130
119000136,129,431,-302
119000137,102,699,-597
119000138,176,605,-429
119000139,203,350,-147
119000140,128,236,-108
119000284,1457,3548,-2091
119000285,2694,2669,25
119000286,7422,5814,1608
119000287,1345,2628,-1283
119000288,2003,1952,51
119000289,2736,4694,-1958
119000290,180,723,-543
119000291,9,472,-463
119000293,88,251,-163
119000294,44,45,-1
119000295,2807,654,2153
119000296,136,111,25
119000302,5050,1455,3595
119000303,42,256,-214
119000304,0,1,-1
119000310,0,2,-2
119000314,1414,6054,-4640
119000315,1,901,-900
119000316,63,184,-121
119000317,30,619,-589
119900001,173,907,-734
119900002,151,313,-162
119900003,71,1604,-1533
119900004,347,477,-130
119900005,41,200,-159
119900006,199,365,-166
119900007,630,89,541
119900008,9,28,-19
119900009,345,532,-187
119900010,619,1024,-405
119900011,13,48,-35
119900012,13,27,-14
119900013,1336,553,783
119900014,404,204,200
119900015,68,11,57
119900016,34,130,-96
119900017,9,36,-27
119900018,1725,312,1413
119900019,21,3,18
119900020,53,170,-117
119900021,74,65,9
119900022,187,231,-44
119900023,1092,677,415
119900025,81,27,54
119900026,999,97,902
119900027,10,25,-15
119900028,137,50,87
119900029,0,6,-6
119900030,437,643,-206
119900031,23,198,-175
119900033,1684,125,1559
119900034,219,159,60
119900037,126,49,77
119900038,23,165,-142
119900039,27,1,26
119900040,67,8,59
119900041,53,41,12
119900042,59,229,-170
119900043,28,192,-164
119900044,175,376,-201
119900046,32,55,-23
119900047,177,49,128
119900048,48,67,-19
119900049,62,15,47
119900050,52,71,-19
119900051,434,4,430
119900052,18,38,-20
119900053,92,285,-193
119900054,58,5,53
119900055,691,321,370
119900057,76,59,17
119900058,113,0,113
119900059,159,43,116
119900060,116,5,111
119900061,75,7,68
119900062,17,23,-6
119900063,11,30,-19
119900065,185,11,174
119900066,0,0,0
119900067,30,32,-2
119900068,203,3,200
119900069,47,22,25
119900070,340,5,335
119900071,240,10,230
119900073,2120,444,1676
119900074,18,17,1
119900075,7162,2160,5002
119900076,244,673,-429
119900077,401,1762,-1361
119900078,352,1133,-781
119900079,604,396,208
119900080,257,423,-166
119900081,210,168,42
119900082,611,238,373
119900083,263,103,160
119900084,681,273,408
119900085,230,80,150
119900086,261,1478,-1217
119900087,414,280,134
119900088,43,58,-15
119900089,7,834,-827
119900090,185,76,109
119900091,62,1709,-1647
119900092,14,500,-486
119900093,761,135,626
119900094,35,280,-245
119900095,167,75,92
119900096,23,106,-83
119900097,533,180,353
119900098,31,105,-74
119900099,43,358,-315
119900100,3805,1760,2045
119900101,174,946,-772
119900102,19,441,-422
119900103,25,814,-789
119900104,22,340,-318
119900105,470,1045,-575
119900106,18,323,-305
119900107,400,5560,-5160
119900108,2129,776,1353
119900109,16,413,-397
119900110,411,898,-487
119900111,42,561,-519
119900112,4589,537,4052
119900113,75,610,-535
119900114,143,2373,-2230
119900115,140,1914,-1774
119900116,137,380,-243
119900117,149,1082,-933
119900118,25,1772,-1747
119900119,138,359,-221
119900120,571,826,-255
119900121,173,2010,-1837
119900122,491,518,-27
119900123,185,324,-139
119900124,120,1380,-1260
119900125,41,548,-507
119900126,6065,268,5797
119900127,3390,1089,2301
119900128,268,1149,-881
119900129,139,1255,-1116
119900130,37,381,-344
119900131,22,425,-403
119900132,4,643,-639
119900133,25,33,-8
119900134,3026,286,2740
119900135,2,800,-798
119900136,172,681,-509
119900138,416,817,-401
119900139,5,71,-66
119900140,6,258,-252
119900141,179,444,-265
119900142,2,12,-10
119900143,4,224,-220
119900144,2752,257,2495
119900145,66,248,-182
119900146,106,162,-56
119900147,13,178,-165
119900148,93,57,36
119900149,2094,1911,183
119900150,177,210,-33
119900151,1644,733,911
119900152,57,507,-450
119900153,54,57,-3
119900154,12,839,-827
119900155,23,30,-7
119900156,2,2,0
119900157,34,294,-260
119900158,72,70,2
119900159,10,2631,-2621
119900160,5,274,-269
119900161,155,414,-259
119900162,544,799,-255
119900163,133,114,19
119900164,0,1,-1
119900165,88,399,-311
119900166,64,32,32
119900167,156,150,6
119900168,355,436,-81
119900169,166,237,-71
119900170,141,175,-34
119900171,542,624,-82
119900172,102,26,76
119900173,7,693,-686
119900174,11,316,-305
119900175,631,787,-156
119900177,24,319,-295
119900178,7,252,-245
119900179,54,228,-174
119900180,711,640,71
119900181,39,72,-33
119900182,0,758,-758
119900183,122,1111,-989
119900184,3742,588,3154
119900185,22,112,-90
119900186,107,443,-336
119900187,16,878,-862
119900188,37,295,-258
119900189,352,253,99
119900190,43,148,-105
119900191,273,113,160
119900192,15,239,-224
119900193,173,268,-95
119900194,7,62,-55
119900195,16,286,-270
119900196,1863,423,1440
119900197,96,96,0
119900198,60,529,-469
119900199,127,22,105
119900200,355,572,-217
119900201,422,219,203
119900202,194,116,78
119900203,109,285,-176
119900204,131,360,-229
119900205,287,805,-518
119900206,67,142,-75
119900208,95,111,-16
119900209,306,724,-418
119900210,31,45,-14
119900211,95,16,79
119900212,108,458,-350
119900213,2,45,-43
119900214,19,171,-152
119900215,29,138,-109
119900216,5,120,-115
119900217,5,91,-86
119900218,18,77,-59
119900219,2,173,-171
119900220,7,149,-142
119900221,12,611,-599
119900222,9,374,-365
119900223,29,146,-117
119900224,22,62,-40
119900225,1577,45,1532
119900226,1017,1272,-255
119900227,1365,413,952
119900228,5,285,-280
119900229,296,577,-281
119900230,1771,796,975
119900231,124,261,-137
119900232,155,52,103
119900233,24,5,19
119900234,17,35,-18
119900235,23,28,-5
119900236,33,342,-309
119900237,18,670,-652
119900238,1,131,-130
119900240,43,172,-129
119900241,135,241,-106
119900242,1976,1383,593
119900244,866,1001,-135
119900245,94,139,-45
119900246,240,314,-74
119900247,14,89,-75
119900248,42,88,-46
119900249,138,69,69
119900253,5447,309,5138
119900254,69,299,-230
119900255,37,534,-497
119900256,187,1536,-1349
119900257,25,0,25
119900258,37,4,33
119900259,1,308,-307
119900260,53,1,52
119900261,154,217,-63
119900262,4,392,-388
119900263,986,442,544
119900264,36,348,-312
119900265,128,401,-273
119900266,155,342,-187
119900267,196,454,-258
119900268,57,301,-244
119900269,406,1450,-1044
119900271,11,107,-96
119900272,167,46,121
119900275,65,0,65
119900276,20,3,17
119900277,12,5,7
119900278,251,49,202
119900279,101,131,-30
119900280,1342,184,1158
119900281,1,91,-90
119900282,33,27,6
119900283,4,481,-477
119900284,59,171,-112
119900285,16,88,-72
119900286,7,14,-7
119900288,1,47,-46
119900289,0,26,-26
119900290,2,47,-45
119900291,0,55,-55
119900292,32,26,6
119900293,7,68,-61
119900294,15,109,-94
119900295,27,75,-48
119900296,7,307,-300
119900297,0,17,-17
119900298,2,6,-4
119900299,38,323,-285
119900300,102,245,-143
119900301,41,30,11
119900302,21,54,-33
119900303,127,292,-165
119900304,69,25,44
119900305,23,108,-85
119900306,9,2,7
119900307,22,219,-197
119900308,2,18,-16
119900309,15,74,-59
119900310,204,481,-277
119900311,19,214,-195
119900312,58,90,-32
119900313,158,472,-314
119900314,90,258,-168
119900315,630,3691,-3061
119900318,3,20,-17
119900319,0,475,-475
119900320,62,1067,-1005
119900321,33,1,32
120000001,8969,12226,-3257
120000002,2071,4272,-2201
120000003,3429,2425,1004
120000004,2854,2989,-135
120000005,4781,2278,2503
120000006,1237,1617,-380
120000007,3829,2781,1048
120000008,1019,1645,-626
120000009,6236,1205,5031
120000010,1775,3708,-1933
120000011,1360,2759,-1399
120000012,1371,3905,-2534
120000013,2261,3256,-995
120000014,630,1858,-1228
120000015,2951,1777,1174
120000016,3059,3597,-538
120000017,2491,2806,-315
120000018,6508,10068,-3560
120000019,799,1485,-686
120000020,3267,3120,147
120000021,2048,2361,-313
120000022,2386,3796,-1410
120000023,807,2000,-1193
120000024,1311,2513,-1202
120000025,2177,2563,-386
120000026,835,2308,-1473
120000027,1154,2094,-940
120000028,818,518,300
120000029,2459,535,1924
120000030,83,770,-687
120000031,1464,6622,-5158
120000032,12343,3808,8535
120000033,3501,2276,1225
120000034,1314,2970,-1656
120000035,1760,3656,-1896
120000036,2743,5345,-2602
120000037,593,1294,-701
120000038,13617,3822,9795
120000039,402,1177,-775
120000040,53,95,-42
120000041,619,2248,-1629
120000042,1289,5121,-3832
120000043,3913,3747,166
120000044,3462,1625,1837
120000045,3452,1161,2291
120000046,1783,1888,-105
120000047,2654,3702,-1048
120000048,9835,4509,5326
120000049,3581,3616,-35
120000050,3370,7118,-3748
120000051,4224,5624,-1400
120000052,19407,3493,15914
120000053,1036,5997,-4961
120000054,1347,9455,-8108
120000055,1470,7896,-6426
120000056,2535,6715,-4180
120000057,1448,945,503
120000058,786,266,520
120000059,41,1118,-1077
120000061,101,891,-790
120000062,182,367,-185
120000063,2169,4163,-1994
120000064,272,2292,-2020
120000065,420,2741,-2321
120000066,197,556,-359
120000067,20,816,-796
120000068,172,1870,-1698
120000069,625,2324,-1699
120000070,33,1460,-1427
120000071,213,297,-84
120000072,316,708,-392
120000073,414,116,298
120000074,41,73,-32
120000075,460,331,129
120000076,1008,468,540
120000077,968,711,257
120000078,2874,878,1996
120000079,268,804,-536
120000080,119,264,-145
120000081,187,204,-17
120000082,155,288,-133
120000083,127,465,-338
120000084,466,695,-229
120000085,275,553,-278
120000086,415,852,-437
120000087,206,1772,-1566
120000088,673,1772,-1099
120000089,996,912,84
120000090,347,647,-300
120000091,568,1236,-668
120000092,945,684,261
120000093,295,568,-273
120000094,128,564,-436
120000095,797,945,-148
120000096,203,1612,-1409
120000098,717,1407,-690
120000099,267,924,-657
120000100,652,1154,-502
120000101,383,638,-255
120000102,364,668,-304
120000103,845,520,325
120000104,1206,337,869
120000105,1744,444,1300
120000106,1389,451,938
120000107,1991,576,1415
120000108,652,114,538
120000109,741,49,692
120000110,96,1534,-1438
120000111,132,2073,-1941
120000112,822,6087,-5265
120000113,635,4622,-3987
120000114,892,4752,-3860
120000115,433,3916,-3483
120000116,575,3114,-2539
120000117,1966,2141,-175
120000118,30,54,-24
120000119,40,83,-43
120000120,55,70,-15
120000121,40,89,-49
120000122,343,335,8
120000123,8706,3866,4840
120000124,355,671,-316
120000125,342,849,-507
120000126,343,1032,-689
120000127,2116,1021,1095
120000128,3997,2834,1163
120000129,309,396,-87
120000130,681,1028,-347
120000131,280,577,-297
120000134,398,2082,-1684
120000135,212,343,-131
120000137,162,3351,-3189
120000138,333,575,-242
120000139,162,1754,-1592
120000140,367,826,-459
120000141,123,710,-587
120000142,192,763,-571
120000143,2,115,-113
120000144,59,1,58
120000145,217,0,217
120000146,3110,1039,2071
120000149,444,1093,-649
120000150,6055,7932,-1877
120000151,409,687,-278
120000152,236,363,-127
120000153,116,1368,-1252
120000154,498,498,0
120000155,66,307,-241
120000156,2201,699,1502
120000157,762,739,23
120000158,689,1512,-823
120000159,1561,2884,-1323
120000160,1762,1528,234
120000161,1095,3077,-1982
120000162,126,297,-171
120000163,392,2390,-1998
120000164,290,670,-380
120000165,285,1387,-1102
120000166,745,839,-94
120000167,16,20,-4
120000168,2,68,-66
120000169,79,290,-211
120000170,89,129,-40
120000171,19,33,-14
120000172,45,33,12
120000173,2830,194,2636
120000174,634,6,628
120000175,844,8,836
120000176,341,49,292
120000177,1349,240,1109
120000178,57,5,52
120000179,394,5,389
120000180,405,25,380
120000181,50,96,-46
120000182,79,62,17
120000183,4,118,-114
120000184,107,687,-580
120000186,67,82,-15
120000187,115,32,83
120000188,369,64,305
120000190,1117,10,1107
120000191,2132,15,2117
120000192,2012,12,2000
120000193,554,4,550
120000195,91,4,87
120000196,214,37,177
120000197,75,120,-45
120000198,90,210,-120
120000199,59,1,58
120000200,57,0,57
120000201,17,13,4
120000202,3,106,-103
120000203,28,501,-473
120000207,0,124,-124
120000208,11,516,-505
120000209,2,147,-145
120000210,201,96,105
120000211,33,2,31
120000212,67,0,67
120000213,80,443,-363
120000214,2,610,-608
120000215,4,176,-172
120000216,40,7,33
120000217,879,1457,-578
120000218,300,1590,-1290
120000219,14,947,-933
120000220,13,3596,-3583
120000225,653,1,652
120000226,139,3,136
120000227,512,24,488
120000228,6927,2235,4692
120000230,175,13,162
120000231,623,3293,-2670
120000233,279,139,140
120000235,113,1230,-1117
120000236,507,1,506
120000237,5,3273,-3268
120000238,1,109,-108
120000241,1168,4690,-3522
120000412,2491,22,2469
120000413,155,758,-603
120000414,78,3,75
120000415,3,329,-326
120000416,46,12,34
120000417,3,160,-157
120000418,72,23,49
120000419,21,825,-804
120000420,114,49,65
120000421,17388,7144,10244
120000422,286,567,-281
120000423,8,44,-36
120000424,77,315,-238
120000436,140,467,-327
120000437,208,271,-63
120000438,6606,501,6105
120000439,132,325,-193
120000443,125,0,125
120000444,778,1089,-311
120000445,1586,1840,-254
120000446,1704,406,1298
120000447,98,1,97
120000449,62,21,41
120000450,4,657,-653
120000451,82,328,-246
120000452,58,1,57
120000453,1,424,-423
120000454,117,42,75
120000455,107,90,17
120000456,3492,3157,335
120000457,1584,1392,192
120000458,715,1051,-336
120000459,37,91,-54
120000665,832,126,706
120000668,89,159,-70
120000669,54,636,-582
120000670,262,506,-244
120000671,752,334,418
120000672,131,641,-510
120900001,39,41,-2
120900002,329,288,41
120900003,184,31,153
120900004,6,46,-40
120900005,39,1937,-1898
120900006,170,233,-63
120900007,92,209,-117
120900008,114,1641,-1527
120900009,588,57,531
120900010,243,63,180
120900011,421,150,271
120900012,1394,894,500
120900013,204,54,150
120900014,5,1172,-1167
120900015,253,76,177
120900016,389,55,334
120900017,4000,82,3918
120900018,57,606,-549
120900019,466,139,327
120900020,998,813,185
120900021,441,112,329
120900022,129,665,-536
120900023,128,42,86
120900024,1538,452,1086
120900025,2086,1186,900
120900026,79,256,-177
120900027,767,57,710
120900028,185,63,122
120900029,172,260,-88
120900030,788,527,261
120900031,103,49,54
120900032,510,242,268
120900033,774,60,714
120900034,68,1979,-1911
120900035,33,117,-84
120900037,130,6,124
120900038,42,134,-92
120900039,80,16,64
120900040,187,10,177
120900041,149,37,112
120900042,216,93,123
120900043,41,22,19
120900044,8,521,-513
120900045,124,205,-81
120900046,271,15,256
120900047,75,49,26
120900048,80,13,67
120900049,204,2,202
120900050,5205,1177,4028
120900051,221,156,65
120900052,294,8,286
120900053,120,106,14
120900054,1445,1234,211
120900055,194,0,194
120900056,276,7,269
120900057,112,12,100
120900058,293,0,293
120900059,58,3,55
120900060,26,48,-22
120900061,190,630,-440
120900062,142,0,142
120900063,364,2,362
120900064,260,1,259
120900065,258,2,256
120900066,148,340,-192
120900067,294,49,245
120900068,141,0,141
120900069,121,139,-18
120900071,15,0,15
120900072,391,1,390
120900073,231,274,-43
120900074,347,7,340
120900076,193,0,193
120900077,5068,333,4735
120900078,450,1032,-582
120900079,345,89,256
120900080,307,3647,-3340
120900081,393,1770,-1377
120900082,861,231,630
120900083,51,7,44
120900084,169,269,-100
120900085,141,196,-55
120900086,234,203,31
120900087,306,145,161
120900088,174,293,-119
120900089,6139,1520,4619
120900090,80,231,-151
120900091,435,331,104
120900092,1324,1061,263
120900093,5611,313,5298
120900094,491,344,147
120900095,214,20,194
120900096,17,195,-178
120900097,649,1492,-843
120900098,266,207,59
120900099,46,70,-24
120900100,51,547,-496
120900101,647,429,218
120900102,13,151,-138
120900103,28,223,-195
120900104,33,57,-24
120900105,26,1183,-1157
120900106,1476,771,705
120900107,485,198,287
120900108,8,1456,-1448
120900109,32,1008,-976
120900110,12,1030,-1018
120900111,114,566,-452
120900112,2,2116,-2114
120900113,18,1411,-1393
120900114,42,260,-218
120900115,149,245,-96
120900116,166,1085,-919
120900117,3,843,-840
120900118,9,1343,-1334
120900119,2942,4432,-1490
120900120,20,1146,-1126
120900121,83,684,-601
120900122,216,1098,-882
120900123,2,782,-780
120900124,3,1145,-1142
120900125,6,1871,-1865
120900126,1687,1238,449
120900127,5,699,-694
120900128,1109,1404,-295
120900129,56,561,-505
120900130,2,512,-510
120900131,16,47,-31
120900132,430,536,-106
120900133,207,1537,-1330
120900134,706,546,160
120900135,6,1022,-1016
120900136,14,26,-12
120900137,120,145,-25
120900138,16,274,-258
120900139,4,1379,-1375
120900140,3,61,-58
120900141,84,116,-32
120900142,32,1422,-1390
120900143,8,1500,-1492
120900144,1,387,-386
120900145,49,1218,-1169
120900146,3,1730,-1727
120900147,0,380,-380
120900148,105,166,-61
120900149,1,685,-684
120900150,46,1012,-966
120900151,1,1225,-1224
120900152,1,42,-41
120900153,7,58,-51
120900154,1,696,-695
120900155,79,1896,-1817
120900156,49,577,-528
120900157,13,314,-301
120900158,21,801,-780
120900159,49,462,-413
120900160,13,543,-530
120900161,18,636,-618
120900162,18,729,-711
120900163,13,110,-97
120900164,1,1,0
120900165,16,3,13
120900166,63,178,-115
120900167,306,121,185
120900169,42,925,-883
120900170,3798,1842,1956
120900171,1282,503,779
120900172,1049,137,912
120900173,1,82,-81
120900174,6,223,-217
120900175,252,302,-50
120900176,9,287,-278
120900177,2,598,-596
120900178,0,217,-217
120900179,1045,580,465
120900180,82,75,7
120900181,38,58,-20
120900182,3,664,-661
120900183,362,169,193
120900184,150,71,79
120900185,3,396,-393
120900186,1,819,-818
120900187,300,1030,-730
120900188,83,9,74
120900189,182,556,-374
120900190,36,11,25
120900191,0,24,-24
120900192,18547,3079,15468
120900194,14,90,-76
120900195,86,318,-232
120900196,627,30,597
120900197,359,68,291
120900198,247,873,-626
120900199,179,244,-65
120900200,88,123,-35
120900201,795,172,623
120900202,1,331,-330
120900203,19,52,-33
120900204,244,533,-289
120900205,49,112,-63
120900206,7,16,-9
120900207,60,1775,-1715
121000001,1170,1270,-100
121000002,2866,1934,932
121000003,4556,2200,2356
121000004,2803,5871,-3068
121000005,2236,3024,-788
121000006,3236,1601,1635
121000007,3426,3421,5
121000008,7539,3243,4296
121000009,6929,7373,-444
121000010,10421,6228,4193
121000011,9622,17014,-7392
121000012,15500,11663,3837
121000013,6247,10101,-3854
121000014,7690,8367,-677
121000015,6443,8224,-1781
121000016,5464,4947,517
121000017,1849,4077,-2228
121000018,2076,2018,58
121000019,20252,10162,10090
121000020,12794,10062,2732
121000021,2895,3245,-350
121000022,1546,1654,-108
121000023,4146,3772,374
121000024,2981,3684,-703
121000025,683,1147,-464
121000026,255,140,115
121000027,1464,1311,153
121000028,856,491,365
121000029,765,659,106
121000030,531,376,155
121000031,705,734,-29
121000032,151,82,69
121000034,476,203,273
121000035,176,92,84
121000036,1381,919,462
121000037,794,601,193
121000038,633,711,-78
121000039,375,304,71
121000041,384,404,-20
121000042,200,384,-184
121000043,694,776,-82
121000044,1992,661,1331
121000045,394,344,50
121000046,299,906,-607
121000047,40,42,-2
121000049,2205,594,1611
121000050,248,1144,-896
121000051,690,321,369
121000052,331,602,-271
121000053,458,110,348
121000054,46,231,-185
121000055,1541,1607,-66
121000056,830,1150,-320
121000057,138,293,-155
121000058,344,132,212
121000059,1957,1153,804
121000060,407,1108,-701
121000061,172,133,39
121000062,110,267,-157
121000063,678,612,66
121000064,575,805,-230
121000065,582,396,186
121000066,620,459,161
121000067,1035,278,757
121000068,506,297,209
121000069,463,293,170
121000070,2002,1348,654
121000071,1164,863,301
121000072,1053,841,212
121000073,1156,759,397
121000074,96,137,-41
121000075,43,43,0
121000076,1100,296,804
121000077,109,103,6
121000078,70,93,-23
121000080,2493,631,1862
121000081,2291,2513,-222
121000082,95,258,-163
121000083,251,152,99
121000084,160,104,56
121000085,250,479,-229
121000086,135,760,-625
121000087,86,276,-190
121000088,303,818,-515
121000089,472,317,155
121000090,368,437,-69
121000091,1762,1044,718
121000092,140,129,11
121000093,112,255,-143
121000094,383,594,-211
121000095,238,390,-152
121000096,2234,3506,-1272
121000097,1171,2510,-1339
121000098,446,1677,-1231
121000099,386,1071,-685
121000100,667,697,-30
121000101,170,284,-114
121000102,130,405,-275
121000103,112,343,-231
121000104,198,200,-2
121000105,242,285,-43
121000106,172,499,-327
121000107,2600,4519,-1919
121000109,1588,1307,281
121000110,340,778,-438
121000114,2882,2385,497
121000115,1168,907,261
121000116,538,1162,-624
121000117,1135,368,767
121000118,1139,350,789
121000119,267,378,-111
121000120,186,450,-264
121000121,381,986,-605
121000123,1161,682,479
121000127,175,151,24
121000128,733,518,215
121000129,541,448,93
121000130,348,1409,-1061
121000131,2070,1423,647
121000132,1276,1636,-360
121000135,261,263,-2
121000136,830,543,287
121000137,394,225,169
121000138,716,499,217
121000139,396,82,314
121000141,176,126,50
121000142,794,550,244
121000143,157,20,137
121000144,1038,941,97
121000145,489,1745,-1256
121000146,1030,927,103
121000147,655,519,136
121000148,816,1265,-449
121000149,1949,1333,616
121000152,457,721,-264
121000153,1706,700,1006
121000154,723,751,-28
121000155,1279,1232,47
121000156,346,1235,-889
121000157,1322,2590,-1268
121000158,354,963,-609
121000159,163,713,-550
121000160,259,824,-565
121000161,102,397,-295
121000162,46,290,-244
121000165,1674,1608,66
121000166,31,846,-815
121000168,206,291,-85
121000169,48,153,-105
121000170,184,122,62
121000171,35,198,-163
121000172,511,472,39
121000173,892,845,47
121000174,181,403,-222
121000175,608,479,129
121000176,285,241,44
121000177,739,578,161
121000178,119,68,51
121000179,87,76,11
121000181,451,468,-17
121000182,63,163,-100
121000183,25,65,-40
121000184,29,56,-27
121000185,29,123,-94
121000186,106,233,-127
121000187,133,371,-238
121000188,112,237,-125
121000192,551,410,141
121000193,544,479,65
121000194,2852,2244,608
121000195,428,1188,-760
121000196,1362,254,1108
121000197,403,901,-498
121000198,362,89,273
121000199,110,547,-437
121000200,289,107,182
121000201,10,259,-249
121000202,1041,121,920
121000203,591,2635,-2044
121000204,2010,674,1336
121000205,179,391,-212
121000206,153,37,116
121000207,1578,544,1034
121000208,11,515,-504
121000209,190,595,-405
121000210,287,889,-602
121000211,314,136,178
121000212,175,1151,-976
121000213,10307,2926,7381
121000214,913,2415,-1502
121000215,1518,911,607
121000216,442,567,-125
121000217,4435,3319,1116
121000218,608,2172,-1564
121000219,1826,478,1348
121000220,392,73,319
121000221,119,276,-157
121000222,3197,2720,477
121000223,749,440,309
121000224,368,121,247
121000225,2673,1160,1513
121000226,5512,920,4592
121000227,11,345,-334
121000228,15,1024,-1009
121000229,166,628,-462
121000230,54,2292,-2238
121000231,670,29,641
121000232,435,243,192
121000233,474,405,69
121000234,15,41,-26
121000235,109,53,56
121000236,4,55,-51
121000237,22,12,10
121000238,5,96,-91
121000239,39,4,35
121000240,4,308,-304
121000241,78,10,68
121000242,40,197,-157
121000243,399,87,312
121000244,6,67,-61
121000245,44,21,23
121000246,3,97,-94
121000247,76,5,71
121000248,844,784,60
121000249,97,257,-160
121000250,435,100,335
121000251,19,892,-873
121000252,85,47,38
121000253,436,660,-224
121000254,808,375,433
121000255,196,178,18
121000256,280,145,135
121000257,47,77,-30
121000258,143,49,94
121000259,58,42,16
121000260,108,212,-104
121000261,140,49,91
121000262,961,1037,-76
121000263,315,549,-234
121000271,238,2270,-2032
121000273,182,9,173
121000274,15,52,-37
121000275,7,38,-31
121000276,2,15,-13
121000278,110,36,74
121000279,40,12,28
121000280,40,48,-8
121000289,243,25,218
121000290,1400,778,622
121000294,62,211,-149
121000297,1060,1213,-153
121000299,324,376,-52
121000300,577,529,48
121000302,190,1140,-950
121000303,580,484,96
121000304,318,58,260
121000305,128,32,96
121000306,80,149,-69
121000308,154,505,-351
121000309,428,752,-324
121000310,82,479,-397
121000311,77,927,-850
121000312,218,214,4
121000313,550,606,-56
121000314,194,113,81
121000315,75,122,-47
121000530,953,1710,-757
121000531,982,1764,-782
121000532,5450,5361,89
121000533,2379,3010,-631
121000918,70,220,-150
121000919,19,70,-51
121000938,472,395,77
121000939,823,393,430
121000956,582,2062,-1480
121000957,4,12,-8
121000958,164,48,116
121000959,442,1250,-808
121000960,1799,3056,-1257
121000961,129,103,26
121000962,440,1270,-830
121000963,0,0,0
121000973,1,417,-416
121000976,3,141,-138
121000979,311,58,253
121000981,326,227,99
121000982,212,338,-126
121000983,443,583,-140
121000984,26,61,-35
121000985,409,1190,-781
121000986,253,710,-457
121000987,251,2190,-1939
121000988,543,177,366
121001302,298,111,187
121001308,14,15,-1
121001309,135,34,101
121001313,211,365,-154
121001314,3339,4078,-739
121001315,4599,2082,2517
121001326,23,60,-37
121900001,55,164,-109
121900002,54,27,27
121900003,248,6,242
121900004,161,393,-232
121900005,5,5,0
121900006,56,9,47
121900007,2151,2089,62
121900008,561,79,482
121900009,541,11,530
121900010,237,3,234
121900011,150,402,-252
121900012,6,1,5
121900013,1210,38,1172
121900014,1222,291,931
121900015,91,202,-111
121900016,5,53,-48
121900017,263,624,-361
121900018,180,3,177
121900019,262,305,-43
121900020,58,0,58
121900021,811,11,800
121900022,133,181,-48
121900023,55,375,-320
121900024,435,61,374
121900025,330,422,-92
121900026,278,33,245
121900027,138,111,27
121900028,324,12,312
121900029,81,144,-63
121900030,496,458,38
121900031,1557,6096,-4539
121900032,59,82,-23
121900033,112,192,-80
121900034,359,65,294
121900035,2171,1558,613
121900036,61,512,-451
121900037,114,598,-484
121900038,28,198,-170
121900039,289,17,272
121900040,27,76,-49
121900041,54,173,-119
121900042,236,154,82
121900043,0,2,-2
121900044,287,42,245
121900046,156,138,18
121900047,104,69,35
121900048,22,177,-155
121900050,7,47,-40
121900051,104,197,-93
121900052,87,36,51
121900053,209,186,23
121900054,485,756,-271
121900055,0,9,-9
121900058,227,245,-18
121900059,202,99,103
121900060,176,311,-135
121900061,153,109,44
121900062,90,83,7
121900063,684,289,395
121900064,166,770,-604
121900066,16,25,-9
121900067,17,25,-8
121900069,188,136,52
121900070,203,101,102
121900071,141,211,-70
121900072,11,182,-171
121900073,217,225,-8
121900074,581,569,12
121900075,1004,353,651
121900076,311,554,-243
121900077,3,58,-55
121900078,32,34,-2
121900079,0,1,-1
121900080,563,367,196
121900082,24,106,-82
121900084,3,230,-227
121900085,2,8,-6
121900086,18,43,-25
121900087,162,85,77
121900088,1860,3114,-1254
121900089,140,417,-277
121900090,11,87,-76
121900091,19,114,-95
121900092,38,86,-48
121900093,35,77,-42
121900094,25,10,15
121900095,141,90,51
121900096,1244,478,766
121900097,316,119,197
121900098,9,11,-2
121900099,151,62,89
121900100,177,225,-48
121900101,130,104,26
121900102,6,108,-102
121900103,522,170,352
121900104,1128,360,768
121900105,117,111,6
121900106,3,2,1
121900107,30,10,20
121900108,0,5,-5
121900109,246,160,86
121900110,261,1448,-1187
121900111,714,94,620
121900112,112,65,47
121900113,66,255,-189
121900117,79,16,63
121900118,2472,453,2019
121900119,71,99,-28
121900120,20,1468,-1448
121900121,586,83,503
121900122,23,22,1
121900123,147,460,-313
121900124,82,208,-126
121900125,755,1106,-351
121900127,5,51,-46
121900128,58,130,-72
121900129,756,179,577
121900130,101,246,-145
121900131,178,117,61
121900132,29,132,-103
121900133,105,415,-310
121900134,39,131,-92
121900135,2147,200,1947
121900136,152,456,-304
121900137,46,317,-271
121900138,59,235,-176
121900139,402,478,-76
121900140,90,171,-81
121900141,48,10,38
121900142,42,95,-53
121900143,3,120,-117
121900144,168,302,-134
121900145,169,164,5
121900146,415,797,-382
121900147,54,225,-171
121900148,127,239,-112
121900149,321,733,-412
121900150,80,190,-110
121900151,52,185,-133
121900152,55,126,-71
121900153,91,503,-412
121900154,10,211,-201
121900155,0,67,-67
121900156,150,75,75
121900157,6,518,-512
121900158,51,65,-14
121900159,2,228,-226
121900160,55,218,-163
121900161,409,362,47
121900162,137,82,55
121900163,123,867,-744
121900164,393,234,159
121900165,167,188,-21
121900166,172,185,-13
121900167,130,118,12
121900168,237,127,110
121900169,5,585,-580
121900170,1,173,-172
121900171,391,597,-206
121900172,263,227,36
121900173,848,192,656
121900174,10,29,-19
121900175,154,154,0
121900176,463,2176,-1713
121900177,141,56,85
121900178,29,74,-45
121900179,224,98,126
121900180,5649,2859,2790
121900182,986,264,722
121900183,319,452,-133
121900184,45,519,-474
121900186,8,299,-291
121900187,25,116,-91
121900188,546,527,19
121900189,34,80,-46
121900190,222,480,-258
121900191,35,122,-87
121900192,366,686,-320
121900193,34,159,-125
121900194,0,138,-138
121900195,119,75,44
121900196,885,894,-9
121900197,287,2318,-2031
121900198,948,1461,-513
121900199,2,22,-20
121900200,70,216,-146
121900201,1076,536,540
121900202,144,369,-225
121900203,177,1007,-830
121900204,1103,954,149
121900205,10,60,-50
121900206,13,6,7
121900207,154,22,132
121900208,300,311,-11
121900209,30,26,4
121900210,1528,1287,241
121900211,163,615,-452
121900212,140,113,27
121900213,108,123,-15
121900214,8,484,-476
121900215,27,51,-24
121900216,32,81,-49
121900217,169,61,108
121900218,278,546,-268
121900220,117,11,106
121900221,254,638,-384
121900222,129,184,-55
121900223,127,49,78
121900224,79,67,12
121900225,152,66,86
121900226,265,319,-54
121900227,125,338,-213
121900228,161,241,-80
121900230,91,67,24
121900231,288,282,6
121900232,202,320,-118
121900233,244,234,10
121900234,243,367,-124
121900235,326,302,24
121900236,290,165,125
121900237,175,205,-30
121900238,138,158,-20
121900239,75,43,32
121900240,136,125,11
121900241,14,44,-30
121900242,10,54,-44
121900245,153,145,8
121900246,1735,449,1286
121900247,174,234,-60
121900248,1336,956,380
121900250,214,292,-78
121900251,265,38,227
121900252,431,118,313
121900253,180,1325,-1145
121900254,449,242,207
121900255,155,74,81
121900258,2951,1815,1136
121900259,316,504,-188
121900260,72,253,-181
121900261,128,421,-293
121900262,416,950,-534
121900263,93,348,-255
121900264,2099,1362,737
121900265,164,285,-121
121900266,164,152,12
121900267,45,20,25
121900269,94,380,-286
121900270,4,161,-157
121900271,20,156,-136
121900273,540,1452,-912
121900274,152,255,-103
121900277,241,1535,-1294
121900278,133,934,-801
121900279,118,301,-183
121900280,180,357,-177
121900281,371,68,303
121900284,53,5,48
121900286,36,107,-71
121900287,5,13,-8
121900288,9,2,7
121900290,180,266,-86
121900291,515,732,-217
121900292,322,126,196
121900293,860,3683,-2823
121900294,168,3,165
121900295,60,313,-253
121900296,43,30,13
121900298,461,435,26
121900299,0,0,0
121900300,32,7,25
121900301,64,0,64
121900302,0,13,-13
121900303,366,447,-81
121900304,2,5,-3
121900305,1,3,-2
121900306,41,0,41
121900307,12,21,-9
121900308,8,344,-336
121900309,9,278,-269
121900310,27,459,-432
121900311,185,12,173
121900312,141,3,138
121900313,245,10,235
121900314,1,66,-65
121900315,3,0,3
121900316,0,52,-52
121900317,0,0,0
121900318,0,14,-14
121900319,13,94,-81
121900320,69,102,-33
121900321,5,9,-4
121900322,0,34,-34
121900323,17,19,-2
121900324,13,45,-32
121900325,2,0,2
121900326,4,30,-26
121900327,5,66,-61
121900328,0,31,-31
121900329,2,297,-295
121900330,0,18,-18
121900331,21,3,18
121900332,64,15,49
121900333,33,1,32
121900334,156,31,125
122000001,2495,3939,-1444
122000002,5397,1740,3657
122000003,2038,1666,372
122000004,3202,1534,1668
122000005,3246,1235,2011
122000006,3143,559,2584
122000007,1733,1829,-96
122000008,6657,6083,574
122000009,553,403,150
122000010,2495,3394,-899
122000011,3183,1197,1986
122000012,1574,1058,516
122000013,3201,1559,1642
122000014,1851,3114,-1263
122000015,1906,1124,782
122000016,639,1013,-374
122000017,1156,1119,37
122000018,1398,1098,300
122000019,881,1693,-812
122000020,177,232,-55
122000021,548,657,-109
122000022,1618,1870,-252
122000023,552,3569,-3017
122000024,1210,931,279
122000025,2325,1263,1062
122000026,2215,900,1315
122000027,656,6352,-5696
122000028,917,452,465
122000029,536,288,248
122000030,291,136,155
122000031,199,304,-105
122000032,1816,4428,-2612
122000033,1361,892,469
122000034,799,639,160
122000035,281,898,-617
122000036,529,590,-61
122000037,310,243,67
122000038,298,312,-14
122000039,623,533,90
122000040,394,454,-60
122000041,546,506,40
122000042,554,495,59
122000043,187,202,-15
122000044,127,232,-105
122000045,1713,562,1151
122000046,983,1192,-209
122000047,338,227,111
122000048,2807,5606,-2799
122000049,4986,2356,2630
122000050,2717,796,1921
122000051,522,465,57
122000052,585,241,344
122000053,153,466,-313
122000054,2526,2046,480
122000055,2876,2514,362
122000056,6124,4377,1747
122000057,4063,3057,1006
122000058,5537,1089,4448
122000059,4122,1529,2593
122000060,942,610,332
122000061,618,472,146
122000062,1446,324,1122
122000063,2027,565,1462
122000064,4269,2728,1541
122000065,6313,2833,3480
122000066,1429,884,545
122000067,2443,1441,1002
122000068,1156,1815,-659
122000069,575,651,-76
122000070,588,4640,-4052
122000071,1017,2133,-1116
122000072,453,421,32
122000073,695,460,235
122000074,2102,1470,632
122000075,547,1594,-1047
122000076,1819,1200,619
122000077,1853,596,1257
122000078,3219,2056,1163
122000079,2958,813,2145
122000080,1569,415,1154
122000081,243,406,-163
122000082,1366,681,685
122000083,1042,5109,-4067
122000084,964,845,119
122000085,211,2123,-1912
122000086,2164,5896,-3732
122000087,374,130,244
122000088,219,288,-69
122000089,6740,3345,3395
122000090,191,441,-250
122000091,352,68,284
122000092,187,13,174
122000093,2237,793,1444
122000094,7800,1404,6396
122000095,3122,2509,613
122000096,2526,1958,568
122000098,3290,1408,1882
122000099,4694,687,4007
122000100,1403,686,717
122000101,249,1088,-839
122000102,1619,1062,557
122000103,1472,1330,142
122000104,281,161,120
122000105,256,249,7
122000106,555,529,26
122000107,1079,522,557
122000108,287,787,-500
122000109,400,437,-37
122000110,324,556,-232
122000111,2433,1076,1357
122000112,877,1277,-400
122000113,601,672,-71
122000114,5693,1718,3975
122000115,1751,2517,-766
122000116,403,407,-4
122000117,958,285,673
122000118,354,522,-168
122000119,2827,1546,1281
122000120,1889,2418,-529
122000121,2220,2101,119
122000122,799,1215,-416
122000123,2072,1549,523
122000124,717,339,378
122000125,540,597,-57
122000126,554,847,-293
122000127,1413,941,472
122000128,591,764,-173
122000129,337,818,-481
122000130,2111,551,1560
122000131,1032,571,461
122000132,685,391,294
122000133,1004,2001,-997
122000134,494,523,-29
122000135,706,755,-49
122000136,359,314,45
122000137,1152,673,479
122000139,2119,2805,-686
122000140,1810,516,1294
122000141,5365,1156,4209
122000142,739,675,64
122000143,349,278,71
122000144,1239,857,382
122000145,1628,585,1043
122000146,615,935,-320
122000147,1131,361,770
122000148,3162,1219,1943
122000149,1790,955,835
122000150,993,638,355
122000151,261,355,-94
122000152,474,298,176
122000153,442,315,127
122000154,308,204,104
122000155,1258,1901,-643
122000156,1786,1962,-176
122000157,2117,1251,866
122000158,458,590,-132
122000159,1130,1579,-449
122000160,3027,1123,1904
122000161,833,609,224
122000162,1942,1251,691
122000163,283,67,216
122000164,24,70,-46
122000165,708,807,-99
122000166,1274,1444,-170
122000167,199,207,-8
122000168,209,676,-467
122000169,557,173,384
122000170,246,310,-64
122000171,31,61,-30
122000172,1685,1905,-220
122000173,1459,3116,-1657
122000174,2646,808,1838
122000175,1467,286,1181
122000176,316,794,-478
122000177,1987,1538,449
122000178,2933,3596,-663
122000179,1798,3420,-1622
122000180,1680,1296,384
122000181,1623,3679,-2056
122000182,1904,1684,220
122000183,1681,1522,159
122000184,2553,2183,370
122000185,1038,1216,-178
122000186,622,1112,-490
122000187,2813,1050,1763
122000188,450,178,272
122000189,242,440,-198
122000190,1261,1005,256
122000191,1300,699,601
122000192,779,420,359
122000193,341,668,-327
122000194,733,172,561
122000195,226,561,-335
122000196,733,628,105
122000197,530,669,-139
122000198,625,1176,-551
122000199,422,362,60
122000200,1856,711,1145
122000201,1239,1547,-308
122000202,1103,1198,-95
122000203,2220,1619,601
122000204,1001,2096,-1095
122000205,1325,1223,102
122000206,2329,749,1580
122000207,1170,1119,51
122000208,2417,1569,848
122000209,3081,462,2619
122000210,2820,2237,583
122000211,1495,1159,336
122000212,719,407,312
122000213,1024,1214,-190
122000214,1840,1737,103
122000215,2100,1532,568
122000217,2411,1492,919
122000218,972,72,900
122000219,1526,1088,438
122000220,287,730,-443
122000221,128,502,-374
122000222,522,73,449
122000223,964,377,587
122000225,756,196,560
122000226,1157,2313,-1156
122000227,338,3403,-3065
122000228,271,423,-152
122000229,36,457,-421
122000230,84,649,-565
122000231,280,883,-603
122000232,535,1269,-734
122000233,0,117,-117
122000234,147,246,-99
122000235,452,227,225
122000236,516,182,334
122000237,99,73,26
122000238,181,221,-40
122000239,363,103,260
122000240,734,402,332
122000241,736,582,154
122000242,284,95,189
122000243,125,69,56
122000244,41,612,-571
122000245,68,336,-268
122000246,120,205,-85
122000247,469,896,-427
122000248,1628,2199,-571
122000249,447,709,-262
122000250,1309,812,497
122000251,151,397,-246
122000252,514,88,426
122000253,17,243,-226
122000254,152,65,87
122000255,610,1789,-1179
122000256,405,1660,-1255
122000257,149,422,-273
122000258,80,216,-136
122000259,10,822,-812
122000260,26,127,-101
122000261,3,295,-292
122000262,3,87,-84
122000263,106,133,-27
122000264,958,555,403
122000265,2722,906,1816
122000266,5693,631,5062
122000267,57,90,-33
122000268,80,407,-327
122000269,986,301,685
122000270,1244,126,1118
122000271,369,1333,-964
122000272,293,1324,-1031
122000273,278,550,-272
122000274,87,140,-53
122000275,36,216,-180
122000276,353,658,-305
122000277,789,1272,-483
122000278,728,1068,-340
122000279,145,470,-325
122000280,839,759,80
122000281,508,749,-241
122000282,152,115,37
122000283,313,52,261
122000284,95,83,12
122000285,321,110,211
122000286,91,169,-78
122000287,618,1452,-834
122000288,270,283,-13
122000291,777,393,384
122000293,435,254,181
122000294,125,194,-69
122000295,1371,284,1087
122000296,67,522,-455
122000297,3578,2394,1184
122000299,295,430,-135
122000300,520,640,-120
122000301,17658,2847,14811
122000302,1136,914,222
122000303,4998,1323,3675
122000304,32,192,-160
122000305,750,269,481
122000306,28,1048,-1020
122000307,104,148,-44
122000309,76,67,9
122000310,45,56,-11
122000311,195,122,73
122000312,165,83,82
122000313,76,48,28
122000314,187,266,-79
122000315,259,14,245
122000316,461,303,158
122000317,911,292,619
122000318,252,564,-312
122000319,225,716,-491
122000320,361,3286,-2925
122000321,86,291,-205
122000322,2623,4505,-1882
122000323,1852,2322,-470
122000324,1793,1844,-51
122000325,1178,1300,-122
122000326,42,152,-110
122000327,318,569,-251
122000328,1378,835,543
122000330,2049,632,1417
122000332,268,422,-154
122000333,2,285,-283
122000337,706,1830,-1124
122000338,272,416,-144
122000340,513,382,131
122000342,3458,1070,2388
122000343,491,2134,-1643
122000344,58,22,36
122000345,11,66,-55
122000346,271,662,-391
122000348,336,864,-528
122000349,55,558,-503
122000351,172,304,-132
122000352,245,117,128
122000353,85,202,-117
122000355,133,144,-11
122000356,2583,895,1688
122000357,26,7,19
122000358,1,102,-101
122000359,0,38,-38
122000360,1,58,-57
122000362,13,115,-102
122000364,81,496,-415
122000365,4,22,-18
122000366,5,7,-2
122000368,433,862,-429
122000370,9,39,-30
122000371,8,0,8
122000372,7,0,7
122000381,56,490,-434
122000382,49,231,-182
122000384,5541,2394,3147
122000385,42,1,41
122000386,1026,969,57
122000387,664,611,53
122000388,2522,471,2051
122000389,255,853,-598
122000390,588,270,318
122000391,381,172,209
122000392,136,234,-98
122000393,14,187,-173
122000394,335,318,17
122000395,133,194,-61
122000396,229,140,89
122000397,43,98,-55
122000398,8,66,-58
122000399,94,90,4
122000400,230,320,-90
122000401,93,105,-12
122000402,214,114,100
122000403,457,1416,-959
122000404,89,414,-325
122000408,930,1337,-407
122000503,17,106,-89
122000524,187,115,72
122000544,53,3248,-3195
122000616,542,4,538
122000640,23,196,-173
122000641,35,530,-495
122000642,836,1546,-710
122000643,20,94,-74
122000644,195,26,169
122000645,84,259,-175
122000651,3121,736,2385
122000664,161,48,113
122000665,950,559,391
122000666,634,1210,-576
122000673,27,534,-507
122000674,95,48,47
122000675,1519,1556,-37
122000686,298,1562,-1264
122000687,1121,445,676
122000688,127,1035,-908
122000689,523,737,-214
122000690,661,891,-230
122000691,381,3542,-3161
122000692,757,329,428
122000693,320,2027,-1707
122000695,139,629,-490
122000696,194,378,-184
122000698,123,1212,-1089
122000699,113,60,53
122000701,1023,505,518
122000702,593,2938,-2345
122000703,133,85,48
122000712,0,0,0
122000717,202,44,158
122000718,344,550,-206
122000719,63,89,-26
122000720,118,331,-213
122000724,159,319,-160
122900001,27,3,24
122900002,1329,3031,-1702
122900003,295,52,243
122900004,401,24,377
122900005,41,14,27
122900006,455,124,331
122900007,97,34,63
122900008,529,39,490
122900009,719,358,361
122900010,287,248,39
122900012,158,320,-162
122900014,103,353,-250
122900015,2170,422,1748
122900016,85,374,-289
122900017,523,875,-352
122900018,190,8,182
122900019,6,138,-132
122900020,413,395,18
122900021,71,655,-584
122900022,330,973,-643
122900023,243,373,-130
122900024,95,88,7
122900025,14,157,-143
122900026,178,336,-158
122900027,87,888,-801
122900028,105,158,-53
122900029,4993,2328,2665
122900030,1808,414,1394
122900031,121,138,-17
122900032,116,183,-67
122900033,174,165,9
122900034,4029,5551,-1522
122900035,74,14,60
122900036,71,292,-221
122900037,381,155,226
122900038,143,2219,-2076
122900039,86,445,-359
122900040,281,489,-208
122900041,166,177,-11
122900042,129,289,-160
122900043,383,282,101
122900044,110,382,-272
122900045,81,122,-41
122900046,101,73,28
122900047,467,121,346
122900048,73,202,-129
122900049,1909,145,1764
122900051,83,111,-28
122900052,42,156,-114
122900053,26,16,10
122900055,213,130,83
122900057,306,39,267
122900061,285,160,125
122900062,286,367,-81
122900063,117,393,-276
122900064,883,605,278
122900065,433,125,308
122900066,367,246,121
122900067,1880,927,953
122900068,20,113,-93
122900069,148,903,-755
122900070,228,32,196
122900071,132,516,-384
122900072,25,857,-832
122900073,52,413,-361
122900074,244,928,-684
122900075,0,89,-89
122900076,5,255,-250
122900077,1,211,-210
122900078,81,165,-84
122900080,81,14,67
122900081,137,178,-41
122900082,675,228,447
122900083,193,144,49
122900084,3,316,-313
122900086,1,27,-26
122900087,125,533,-408
122900088,63,105,-42
122900089,1,151,-150
122900090,10,981,-971
122900091,119,1,118
122900092,0,268,-268
122900093,0,469,-469
122900094,1,296,-295
122900095,117,2,115
122900096,148,416,-268
122900097,27,17,10
122900098,81,136,-55
122900099,22,3,19
122900100,272,186,86
122900101,1008,259,749
122900102,12,6,6
122900103,58,7,51
122900104,48,4,44
122900105,5,8,-3
122900106,1,102,-101
122900107,2,345,-343
122900108,10,324,-314
123000001,2277,434,1843
123000002,7145,3002,4143
123000003,3688,3086,602
123000004,3411,5548,-2137
123000005,2675,2813,-138
123000006,3341,3723,-382
123000007,3036,2605,431
123000008,2618,4548,-1930
123000009,4372,3024,1348
123000010,3774,4385,-611
123000011,4709,806,3903
123000012,1284,3019,-1735
123000013,3405,946,2459
123000014,1522,4775,-3253
123000015,4893,895,3998
123000016,8178,2962,5216
123000017,3595,1374,2221
123000018,31,136,-105
123000019,108,323,-215
123000020,90,125,-35
123000021,57,193,-136
123000022,513,1471,-958
123000023,1334,1309,25
123000024,1228,663,565
123000025,120,82,38
123000026,17,137,-120
123000027,268,324,-56
123000028,788,130,658
123000029,1094,366,728
123000030,171,731,-560
123000031,54,587,-533
123000032,195,321,-126
123000033,206,92,114
123000034,793,711,82
123000035,217,277,-60
123000036,219,579,-360
123000037,274,314,-40
123000038,97,277,-180
123000039,466,1027,-561
123000040,1314,356,958
123000041,1563,583,980
123000042,1266,454,812
123000043,4273,5213,-940
123000044,6424,2082,4342
123000045,11432,2295,9137
123000046,873,903,-30
123000047,2320,1518,802
123000048,89,508,-419
123000049,7636,5151,2485
123000050,764,1369,-605
123000051,80,180,-100
123000052,533,3101,-2568
123000053,2002,3746,-1744
123000054,905,1267,-362
123000055,909,1255,-346
123000056,1334,2057,-723
123000057,19487,5893,13594
123000058,716,657,59
123000059,376,503,-127
123000060,673,308,365
123000061,137,853,-716
123000063,570,679,-109
123000064,758,220,538
123000065,8611,4023,4588
123000066,1076,996,80
123000067,451,518,-67
123000068,3105,4310,-1205
123000069,7853,4290,3563
123000070,247,984,-737
123000071,581,1212,-631
123000072,811,1988,-1177
123000073,818,1014,-196
123000074,824,2948,-2124
123000075,293,1048,-755
123000076,509,1438,-929
123000077,2450,4691,-2241
123000078,1060,1914,-854
123000079,1084,2207,-1123
123000080,1959,3448,-1489
123000081,195,810,-615
123000082,334,1497,-1163
123000083,697,172,525
123000084,448,1029,-581
123000085,129,163,-34
123000086,259,636,-377
123000087,155,620,-465
123000088,894,1533,-639
123000089,446,1621,-1175
123000090,1067,1515,-448
123000091,1664,1626,38
123000092,1173,1417,-244
123000094,383,315,68
123000095,378,660,-282
123000096,383,583,-200
123000097,249,1490,-1241
123000098,505,661,-156
123000099,450,1178,-728
123000100,477,549,-72
123000101,646,496,150
123000102,590,589,1
123000104,241,341,-100
123000105,485,674,-189
123000106,411,445,-34
123000107,377,797,-420
123000108,853,1890,-1037
123000111,489,282,207
123000112,586,774,-188
123000113,535,2291,-1756
123000114,476,533,-57
123000115,251,339,-88
123000116,24,199,-175
123000117,1112,2695,-1583
123000118,329,1267,-938
123000119,215,1428,-1213
123000120,371,1281,-910
123000121,380,749,-369
123000122,423,252,171
123000123,453,723,-270
123000124,503,678,-175
123000125,1121,997,124
123000126,1601,2683,-1082
123000127,1115,993,122
123000128,296,467,-171
123000129,369,289,80
123000130,350,79,271
123000131,651,586,65
123000132,332,653,-321
123000133,326,432,-106
123000134,540,240,300
123000135,1269,1624,-355
123000136,166,1758,-1592
123000137,87,520,-433
123000138,96,572,-476
123000139,305,154,151
123000140,113,718,-605
123000141,699,107,592
123000142,1069,1194,-125
123000143,1462,3130,-1668
123000144,21,8,13
123000145,312,135,177
123000146,54,124,-70
123000147,162,145,17
123000149,325,329,-4
123000150,150,251,-101
123000151,287,399,-112
123000152,44,443,-399
123000153,123,462,-339
123000154,2131,1406,725
123000155,2842,787,2055
123000156,34,95,-61
123000157,516,778,-262
123000158,595,601,-6
123000159,3934,1981,1953
123000160,551,497,54
123000161,1168,847,321
123000162,486,1382,-896
123000163,211,71,140
123000164,887,260,627
123000165,300,2429,-2129
123000166,30,241,-211
123000167,104,330,-226
123000168,151,455,-304
123000169,437,91,346
123000170,43,510,-467
123000171,280,83,197
123000172,157,800,-643
123000173,446,173,273
123000174,695,243,452
123000175,1052,1400,-348
123000176,408,118,290
123000177,269,1061,-792
123000178,605,121,484
123000179,41,1028,-987
123000180,987,352,635
123000181,308,1640,-1332
123000182,95,642,-547
123000183,94,304,-210
123000184,42,1026,-984
123000185,342,608,-266
123000186,3,719,-716
123000187,285,4,281
123000188,101,1,100
123000189,158,172,-14
123000190,44,77,-33
123000192,36,374,-338
123000193,24,738,-714
123000194,488,333,155
123000195,206,10,196
123000196,192,10,182
123000197,61,105,-44
123000198,15,292,-277
123000199,8,675,-667
123000200,309,19,290
123000201,652,18,634
123000202,43,1570,-1527
123000203,662,56,606
123000204,89,1406,-1317
123000205,531,2452,-1921
123000206,1379,172,1207
123000207,145,1254,-1109
123000208,273,95,178
123000209,1428,404,1024
123000210,455,2114,-1659
123000211,498,3335,-2837
123000212,1803,383,1420
123000213,461,45,416
123000215,206,149,57
123000216,262,482,-220
123000217,135,33,102
123000218,116,377,-261
123000219,1191,53,1138
123000220,409,72,337
123000221,137,149,-12
123000222,231,696,-465
123000223,100,820,-720
123000224,329,821,-492
123000225,185,134,51
123000226,51,391,-340
123000227,80,354,-274
123000228,152,65,87
123000229,1157,2531,-1374
123000232,83,677,-594
123000233,472,158,314
123000234,152,750,-598
123000235,435,380,55
123000236,211,950,-739
123000237,257,53,204
123000238,63,844,-781
123000239,431,2549,-2118
123000240,41,337,-296
123000241,1077,130,947
123000242,67,243,-176
123000243,605,1105,-500
123000244,906,590,316
123000245,69,185,-116
123000249,637,937,-300
123000252,460,191,269
123000253,568,418,150
123000254,390,1198,-808
123000255,664,675,-11
123000256,53,268,-215
123000257,4149,2700,1449
123000258,846,1365,-519
123000259,150,501,-351
123000260,337,767,-430
123000261,99,303,-204
123000262,95,385,-290
123000263,319,143,176
123000264,135,54,81
123000265,53,225,-172
123000266,394,803,-409
123000267,280,274,6
123000268,24,77,-53
123000269,18,55,-37
123000270,20,31,-11
123000271,92,98,-6
123000272,780,263,517
123000273,209,499,-290
123000274,901,417,484
123000275,216,1114,-898
123000278,3682,2661,1021
123000279,107,116,-9
123000280,288,393,-105
123000281,266,75,191
123000282,101,253,-152
123000283,76,33,43
123000284,61,165,-104
123000286,234,247,-13
123000287,515,321,194
123000288,853,517,336
123000289,485,608,-123
123000291,311,789,-478
123000294,334,272,62
123000295,805,785,20
123000296,325,326,-1
123000297,259,1323,-1064
123000298,323,846,-523
123000299,29,414,-385
123000300,655,841,-186
123000301,47,192,-145
123000302,38,276,-238
123000303,75,91,-16
123000305,1038,1031,7
123000306,71,328,-257
123000309,29,72,-43
123000310,58,15,43
123000311,0,145,-145
123000312,1198,1119,79
123000313,254,331,-77
123000315,42,500,-458
123000316,2561,146,2415
123000317,251,74,177
123000318,47,447,-400
123000329,19,20,-1
123000337,301,283,18
123000338,459,55,404
123000339,110,295,-185
123000340,122,429,-307
123000342,28,286,-258
123000343,102,0,102
123000344,1368,564,804
123000345,331,724,-393
123000346,181,101,80
123000352,2463,768,1695
123000353,17,237,-220
123000354,280,15,265
123000355,3,655,-652
123000356,127,3,124
123000357,1,359,-358
123000359,2,248,-246
123000360,155,41,114
123000361,781,276,505
123000362,181,184,-3
123000363,54,215,-161
123000364,487,301,186
123000365,38,256,-218
123000366,267,1460,-1193
123000367,231,1325,-1094
123000370,15,410,-395
123000371,136,24,112
123000372,115,7,108
123000373,9,473,-464
123000374,9,285,-276
123000375,191,16,175
123000376,774,689,85
123000377,170,18,152
123000378,10,691,-681
123000379,0,243,-243
123000380,38,225,-187
123000381,210,31,179
123000382,1188,59,1129
123000383,342,718,-376
123000384,470,105,365
123000385,263,962,-699
123000436,106,1009,-903
123000507,184,537,-353
123000508,223,435,-212
123000517,241,30,211
123000518,24,398,-374
123000519,108,68,40
123000520,90,309,-219
123000521,237,95,142
123000522,141,814,-673
123000541,1,0,1
123000542,0,39,-39
123000565,370,21,349
123000566,91,1035,-944
123000567,106,308,-202
123000573,39,1141,-1102
123000574,407,56,351
123000575,980,1517,-537
123000576,535,3285,-2750
123000577,102,755,-653
123000578,734,73,661
123000579,5161,3445,1716
123000580,69,11,58
123000582,198,21,177
123000583,9,708,-699
123000584,119,252,-133
123000585,0,141,-141
123000586,67,0,67
123000596,129,187,-58
123000597,41,90,-49
123000602,12,1,11
123000603,284,1021,-737
123000604,421,1743,-1322
123000605,1017,212,805
123000606,2,194,-192
123000609,19,335,-316
123000610,137,126,11
123000613,49,216,-167
123000614,149,54,95
123000615,44,364,-320
123000616,234,52,182
123000617,40,551,-511
123000618,66,714,-648
123000619,468,26,442
123000620,4,764,-760
123000622,207,18,189
123000624,92,155,-63
123000630,689,416,273
123000631,314,3242,-2928
123000632,1289,1618,-329
123000633,1,290,-289
123000634,138,67,71
123000635,305,99,206
123000636,10,931,-921
123000637,155,76,79
123000638,323,218,105
123000639,1016,2366,-1350
123000640,42,1448,-1406
123000648,219,82,137
123000649,29,978,-949
123900001,1483,56,1427
123900002,22,928,-906
123900003,292,908,-616
123900005,217,112,105
123900006,165,42,123
124000001,1321,119,1202
124000002,129,2615,-2486
124000003,453,131,322
124000004,74,989,-915
124000005,610,256,354
124000006,310,1658,-1348
124000007,997,107,890
124000008,36,556,-520
124000009,354,485,-131
124000010,88,699,-611
124000011,978,424,554
124000012,241,1286,-1045
124000017,123,112,11
124000018,90,95,-5
124000019,124,75,49
124000020,77,231,-154
124000021,76,41,35
124000022,68,223,-155
124000023,1359,1208,151
124000024,1073,853,220
124000025,981,1482,-501
124000026,1171,1221,-50
124000027,4552,4698,-146
124000028,3208,4853,-1645
124000030,3411,1422,1989
124000031,1051,1385,-334
124000032,9124,1425,7699
124000033,730,444,286
124000034,4214,1516,2698
124000035,168,122,46
124000036,139,767,-628
124000037,157,682,-525
124000038,41,137,-96
124000039,839,313,526
124000040,738,701,37
124000041,182,60,122
124000042,42,434,-392
124000043,64,72,-8
124000044,47,364,-317
124000045,417,619,-202
124000046,237,973,-736
124000047,942,1086,-144
124000048,715,2669,-1954
124000049,1040,716,324
124000050,545,3336,-2791
124000051,459,502,-43
124000052,534,1885,-1351
124000053,441,1066,-625
124000054,968,824,144
124000055,1110,1390,-280
124000056,5261,1769,3492
124000057,723,523,200
124000058,430,1928,-1498
124000059,414,792,-378
124000060,1123,1211,-88
124000061,1244,3609,-2365
124000062,10895,2208,8687
124000063,1395,2226,-831
124000064,2774,2009,765
124000065,541,344,197
124000066,440,69,371
124000067,110,326,-216
124000068,23,150,-127
124000069,478,311,167
124000070,113,671,-558
124000071,90,93,-3
124000072,180,590,-410
124000073,631,128,503
124000074,260,1038,-778
124000075,109,29,80
124000076,12,287,-275
124000077,2750,785,1965
124000078,1608,774,834
124000079,579,1022,-443
124000080,201,101,100
124000081,131,955,-824
124000082,34,108,-74
124000083,51,227,-176
124000084,47,295,-248
124000085,73,84,-11
124000086,66,101,-35
124000087,97,53,44
124000088,45,418,-373
124000089,440,410,30
124000090,89,420,-331
124000091,739,195,544
124000092,205,798,-593
124000093,97,72,25
124000094,127,497,-370
124000095,39,77,-38
124000096,103,412,-309
124000097,72,105,-33
124000098,68,156,-88
124000099,140,117,23
124000100,58,128,-70
124000101,44,92,-48
124000102,79,131,-52
124000103,48,101,-53
124000104,112,118,-6
124000105,49,82,-33
124000106,147,115,32
124000107,12,113,-101
124000108,70,61,9
124000109,82,87,-5
124000110,243,155,88
124000111,223,120,103
124000112,495,903,-408
124000113,64,72,-8
124000114,221,778,-557
124000115,326,1093,-767
124000116,62,67,-5
124000117,129,148,-19
124000118,27,68,-41
124000119,767,648,119
124000120,422,711,-289
124000121,3794,842,2952
124000122,649,1182,-533
124000123,826,451,375
124000124,577,986,-409
124000125,327,350,-23
124000126,350,617,-267
124000127,570,355,215
124000128,568,1001,-433
124000129,1579,1328,251
124000130,702,753,-51
124000131,918,448,470
124000132,766,1004,-238
124000133,626,664,-38
124000134,742,894,-152
124000135,1563,1443,120
124000136,901,1205,-304
124000137,938,492,446
124000138,1242,1270,-28
124000139,409,26,383
124000140,23,455,-432
124000141,293,21,272
124000142,40,590,-550
124000143,59,10,49
124000144,6,248,-242
124000145,49,12,37
124000146,9,117,-108
124000148,22,60,-38
124000149,773,309,464
124000150,329,646,-317
124000151,516,340,176
124000152,730,1469,-739
124000153,393,521,-128
124000154,339,1009,-670
124000155,1068,704,364
124000156,1911,1055,856
124000169,214,330,-116
124000170,747,446,301
124000171,217,210,7
124000172,315,668,-353
124000173,281,397,-116
124000174,270,805,-535
124000175,3,107,-104
124000176,6,10,-4
124000177,12,27,-15
124000178,12,23,-11
124000190,218,33,185
124000191,1435,91,1344
124000192,2518,315,2203
124000193,589,1604,-1015
124000194,365,561,-196
124000195,214,622,-408
124000196,1019,1299,-280
124000197,38,92,-54
124000198,11,40,-29
124000201,309,1410,-1101
124000202,452,147,305
124000203,127,1534,-1407
124000204,336,962,-626
124000205,36,916,-880
124000206,251,673,-422
124000207,1,47,-46
124000209,311,1022,-711
124000210,206,229,-23
124000211,276,3,273
124000212,2,755,-753
124000213,201,577,-376
124000214,187,1326,-1139
124000215,161,7,154
124000216,2,775,-773
124000329,71,4111,-4040
124000338,35,2252,-2217
124000339,355,101,254
124000341,519,48,471
124000344,18,5,13
124000357,878,2365,-1487
124000358,686,1410,-724
124000359,797,666,131
124000360,439,422,17
124000361,1810,727,1083
124000362,1971,3506,-1535
124000363,313,539,-226
124000364,540,1094,-554
124000365,585,1257,-672
124000366,2322,867,1455
124000367,180,1150,-970
124000368,284,235,49
124000369,203,107,96
124000370,143,1282,-1139
124000402,16,4,12
124000403,62,11,51
124000404,5,111,-106
124000405,760,562,198
124000406,906,842,64
124000407,2,37,-35
124000411,6,453,-447
124000412,154,11,143
124000413,356,45,311
124000414,42,116,-74
124000415,45,312,-267
124000416,106,482,-376
124000417,81,108,-27
124000418,81,131,-50
124000419,65,327,-262
124000420,30,78,-48
124000421,36,442,-406
124000422,12,11,1
124000423,120,31,89
124000424,11,215,-204
124000425,62,5,57
124000426,7,351,-344
124000427,63,14,49
124000428,21,28,-7
124000429,32,51,-19
124000430,658,897,-239
124000431,243,865,-622
124000432,94,1085,-991
124000439,4,18,-14
124000443,0,3,-3
124000445,319,983,-664
124000446,3689,104,3585
124000447,7,86,-79
124900001,363,259,104
124900002,97,544,-447
124900003,688,666,22
124900004,418,389,29
124900005,231,293,-62
124900006,490,371,119
124900008,1225,464,761
124900009,104,192,-88
124900010,72,44,28
124900011,246,148,98
124900012,311,74,237
124900013,318,151,167
124900014,140,102,38
124900015,122,209,-87
124900016,57,53,4
124900017,594,419,175
124900018,30,4,26
124900020,42,58,-16
124900021,105,37,68
124900022,49,18,31
124900024,178,43,135
124900026,153,81,72
124900027,42,247,-205
124900028,711,129,582
124900029,11,421,-410
124900030,2,152,-150
124900031,23,482,-459
124900032,217,176,41
124900033,75,478,-403
124900034,7,149,-142
124900035,153,577,-424
124900036,1,31,-30
124900037,130,537,-407
124900038,261,538,-277
124900039,0,20,-20
124900040,79,124,-45
124900041,342,1904,-1562
124900042,58,2,56
124900043,464,1763,-1299
124900044,45,2,43
124900045,625,1005,-380
124900047,111,244,-133
124900048,208,241,-33
124900050,157,424,-267
124900052,100,416,-316
124900053,39,382,-343
124900054,5180,395,4785
124900055,0,126,-126
124900057,7,105,-98
124900060,108,345,-237
124900061,43,10,33
124900062,70,20,50
124900066,1,15,-14
124900067,11,356,-345
124900068,182,246,-64
124900070,30,20,10
124900072,49,25,24
124900075,142,221,-79
124900076,18,647,-629
124900077,24,123,-99
124900078,46,9,37
124900079,827,84,743
124900080,285,1104,-819
124900081,686,274,412
124900082,393,1655,-1262
124900083,198,819,-621
124900085,1225,221,1004
124900086,70,1034,-964
124900087,634,85,549
124900088,650,118,532
124900089,2002,49,1953
124900090,234,205,29
124900091,195,748,-553
124900092,203,559,-356
124900093,173,165,8
124900094,210,268,-58
124900095,68,334,-266
124900096,469,224,245
124900097,168,61,107
124900098,96,460,-364
124900099,749,450,299
124900100,175,62,113
124900101,24,241,-217
124900102,171,36,135
124900103,134,477,-343
124900104,64,251,-187
124900105,70,179,-109
124900106,287,49,238
124900107,51,7,44
124900108,217,49,168
124900111,2,54,-52
124900112,34,1046,-1012
124900113,120,234,-114
124900114,195,92,103
124900115,21,29,-8
124900116,116,88,28
124900117,1116,150,966
124900118,145,172,-27
124900119,295,117,178
124900120,43,508,-465
124900121,94,207,-113
124900122,668,272,396
124900123,367,76,291
124900124,182,222,-40
204000001,55,25,30
204000002,18,14,4
204000003,13,1,12
204000004,6,0,6
204000005,458,598,-140
204000006,983,1981,-998
204000011,5,76,-71
204000012,45,96,-51
204000019,495,572,-77
204000020,465,1182,-717
204000021,2396,966,1430
204000022,407,597,-190
204000023,400,1251,-851
204000031,97,28,69
204000032,512,28,484
204000034,13,284,-271
204000035,1,6,-5
204000036,8,23,-15
204000037,5,26,-21
204000038,4,27,-23
204000039,13,56,-43
204000040,3,60,-57
204000041,7,52,-45
204000042,21,15,6
204000043,13,5,8
204000044,22,0,22
204000045,16,4,12
204000046,6,3,3
204000057,2,15,-13
204000062,23,187,-164
204000068,23,169,-146
204000069,25,274,-249
204000070,48,132,-84
204000080,31,60,-29
204000085,1310,1854,-544
204000086,3179,2570,609
204000087,72,18,54
204000088,5,150,-145
204000090,25,449,-424
204000093,156,121,35
204000096,617,1024,-407
204000097,214,131,83
204000099,849,1376,-527
204000100,896,1335,-439
204000105,1661,2160,-499
204000110,760,1270,-510
204000111,350,901,-551
204000112,432,1166,-734
204000113,350,1077,-727
204000114,414,466,-52
204000115,416,402,14
204000116,538,704,-166
204000119,1474,2533,-1059
204000132,395,179,216
204000133,558,251,307
204000134,121,126,-5
204000135,285,137,148
204000136,269,284,-15
204000138,258,210,48
204000140,180,124,56
204000141,125,87,38
204000144,7,37,-30
204000145,398,26,372
204000146,21,478,-457
204000147,33,134,-101
204000148,242,73,169
204000154,3,2,1
204000155,1,7,-6
204000177,54,90,-36
204000179,12,16,-4
204000180,0,25,-25
204000222,2,3,-1
204000235,7,12,-5
204000236,71,353,-282
204000238,9,63,-54
204000240,234,73,161
204000263,463,1586,-1123
204000268,1050,815,235
204000308,242,41,201
204000317,7,61,-54
204000322,1,41,-40
204000323,30,24,6
204000328,193,170,23
204000329,59,233,-174
204000330,241,226,15
204000331,76,177,-101
205000001,1007,1546,-539
205000013,12,67,-55
205000014,16,72,-56
205000015,29,182,-153
205000016,19,129,-110
205000017,17,76,-59
205000022,275,704,-429
205000025,1725,1078,647
205000029,151,3,148
205000045,96,269,-173
205000046,72,629,-557
205000047,34,568,-534
205000048,207,1325,-1118
205000049,116,849,-733
205000050,1504,310,1194
205000059,0,312,-312
205000060,0,85,-85
205000061,1,36,-35
205000062,7,72,-65
205000063,21,112,-91
205000064,21,109,-88
205000065,67,662,-595
205000066,98,968,-870
205000067,58,1285,-1227
205000069,172,36,136
205000082,144,423,-279
205000110,100,218,-118
205000111,203,259,-56
205000112,123,210,-87
205000113,145,261,-116
205000121,173,97,76
205000123,33,158,-125
205000126,482,234,248
205000127,715,339,376
205000128,655,208,447
205000129,747,224,523
205000130,994,82,912
205000131,696,7,689
205000132,798,1,797
205000133,463,0,463
205000134,241,2,239
205000137,47,103,-56
205000138,122,247,-125
205000139,6,91,-85
205000144,66,73,-7
205000145,197,318,-121
205000151,198,82,116
205000152,169,77,92
205000153,162,104,58
205000154,54,117,-63
205000155,109,33,76
205000207,5,206,-201
205000233,24,1,23
205000234,0,2,-2
205000243,1,0,1
205000244,0,1,-1
205000245,17,426,-409
205000249,1,28,-27
205000250,4,1,3
205000264,9,80,-71
206000027,0,5,-5
206000028,2,2,0
206000043,12,144,-132
206000053,3,10,-7
206000054,3,20,-17
206000055,0,32,-32
206000075,5,7,-2
206000076,15,15,0
206000077,11,6,5
206000078,10,6,4
206000079,7,8,-1
206000082,425,39,386
206000100,101,1058,-957
206000103,3,14,-11
206000104,10,11,-1
206000105,10,33,-23
206000106,14,42,-28
206000125,30,0,30
206000157,76,1031,-955
206000170,3,242,-239
206000171,2,223,-221
206000172,7,1066,-1059
206000173,3,412,-409
206000174,7,175,-168
206000175,2,223,-221
206000176,11,398,-387
206000177,1,296,-295
206000178,3,250,-247
206000179,8,99,-91
206000180,18,355,-337
206000181,8,530,-522
206000182,12,476,-464
206000183,18,1475,-1457
206000184,2,555,-553
206000185,3,608,-605
206000186,75,2594,-2519
206000223,4,333,-329
206000226,12,4,8
206000227,15,2,13
206000237,39,651,-612
206000238,46,1065,-1019
206000239,833,3979,-3146
206000240,1,68,-67
206000241,0,237,-237
206000242,19,593,-574
206000243,10,620,-610
206000244,78,1321,-1243
206000245,336,52,284
206000246,45,5,40
206000247,120,13,107
206000248,161,14,147
206000252,54,18,36
206000258,13,29,-16
206000315,35,3,32
206000317,279,75,204
206000318,286,46,240
206000319,388,56,332
206000320,50,22,28
206000321,46,4,42
206000322,188,12,176
206000323,69,5,64
206000324,46,7,39
206000325,96,13,83
206000326,92,7,85
206000327,246,19,227
206000328,72,3,69
206000329,75,3,72
206000330,34,4,30
206000331,42,2,40
206000332,17,3,14
206000333,213,1,212
206000334,143,0,143
206000335,0,18,-18
206000361,4,309,-305
206000392,2,48,-46
206000405,94,0,94
206000441,12,19,-7
206000498,40,0,40
206000515,101,32,69
206000530,83,53,30
206000531,120,68,52
206000532,3330,135,3195
206000535,349,3844,-3495
206000536,34,436,-402
206000537,17,266,-249
206000613,1198,160,1038
206000784,494,33,461
207000001,175,597,-422
207000002,133,413,-280
207000003,152,271,-119
207000007,457,254,203
207000008,41,10,31
207000009,34,38,-4
207000010,439,809,-370
207000012,263,255,8
207000015,293,2311,-2018
207000019,277,90,187
207000021,483,132,351
207000022,188,88,100
207000023,124,37,87
207000024,2,4,-2
207000025,15,69,-54
207000026,107,52,55
207000027,28,81,-53
207000028,136,255,-119
207000029,302,468,-166
207000033,266,273,-7
207000034,196,69,127
207000039,230,145,85
207000040,151,115,36
207000041,57,37,20
207000042,201,64,137
207000043,178,162,16
207000051,95,454,-359
207000052,17,242,-225
207000053,424,987,-563
207000054,27,193,-166
207000055,115,278,-163
207000056,266,638,-372
207000057,116,419,-303
207000058,78,702,-624
207000059,75,1381,-1306
207000060,41,435,-394
207000061,145,283,-138
207000062,207,52,155
207000063,203,159,44
207000064,302,189,113
207000065,300,213,87
207000066,145,184,-39
207000067,37,136,-99
207000068,106,79,27
207000069,644,366,278
207000082,32,491,-459
207000083,63,587,-524
207000084,119,190,-71
207000085,117,13,104
207000086,119,5,114
207000106,35,20,15
207000107,30,26,4
207000108,33,12,21
207000109,28,14,14
207000110,36,40,-4
207000111,46,63,-17
207000112,160,303,-143
207000114,14,38,-24
207000115,13,92,-79
207000116,16,348,-332
207000117,8,131,-123
207000118,6,120,-114
207000119,37,107,-70
207000123,158,22,136
207000124,66,30,36
207000125,51,39,12
207000126,61,37,24
207000134,49,347,-298
207000135,16,382,-366
207000148,31,167,-136
207000149,82,47,35
207000152,160,371,-211
207000153,820,1202,-382
207000154,508,186,322
207000159,84,358,-274
207000160,139,836,-697
207000238,0,108,-108
207000242,1,200,-199
207000248,17,18,-1
207000249,151,62,89
207000250,815,61,754
207000251,82,57,25
207000252,19,74,-55
207000278,41,109,-68
207000279,20,342,-322
207000280,254,60,194
207000281,106,1910,-1804
207000282,196,43,153
207000283,153,419,-266
207000284,56,101,-45
207000285,197,51,146
207000291,9,139,-130
207000304,104,54,50
207000306,74,558,-484
207000310,34,50,-16
207000353,278,2,276
207000356,26,24,2
207000357,19,10,9
207000358,15,15,0
207000415,17,203,-186
207000417,21,8,13
207000418,117,187,-70
207000438,0,1,-1
207000439,922,473,449
207000446,98,12,86
207000460,12,14,-2
207000466,266,237,29
207000467,134,98,36
207000468,31,694,-663
207000476,3,104,-101
207000477,402,105,297
207000478,0,17,-17
207000523,0,19,-19
207000524,44,0,44
207000527,92,166,-74
207000530,252,8,244
207000531,199,13,186
207000532,36,11,25
207000534,575,36,539
207000535,41,271,-230
207000537,37,139,-102
207000540,5,191,-186
207000541,1,338,-337
207000548,9,328,-319
207000549,189,10,179
207000561,70,152,-82
207000562,38,230,-192
207000567,161,360,-199
207000568,71,159,-88
207000569,246,1482,-1236
207000584,313,161,152
207000585,60,262,-202
207000587,39,15,24
207000616,0,248,-248
207000617,92,0,92
207000624,50,34,16
207000631,2,38,-36
207900008,106,379,-273
208000001,351,874,-523
208000002,451,579,-128
208000003,821,720,101
208000004,990,850,140
208000005,23,19,4
208000019,415,917,-502
208000020,137,467,-330
208000021,140,839,-699
208000022,733,963,-230
208000028,1430,853,577
208000033,397,945,-548
208000034,1247,2473,-1226
208000037,651,93,558
208000040,71,152,-81
208000041,725,448,277
208000042,795,522,273
208000047,96,546,-450
208000064,2342,1645,697
208000066,1472,1396,76
208000070,284,440,-156
208000071,301,1034,-733
208000072,267,1528,-1261
208000080,198,385,-187
208000081,206,254,-48
208000082,271,396,-125
208000083,134,467,-333
208000084,19,15,4
208000085,923,663,260
208000086,484,1104,-620
208000087,269,794,-525
208000089,804,964,-160
208000090,597,1459,-862
208000093,116,157,-41
208000094,465,792,-327
208000095,535,491,44
208000104,722,1180,-458
208000105,480,1283,-803
208000114,71,188,-117
208000115,452,509,-57
208000116,272,1044,-772
208000117,68,134,-66
208000118,119,114,5
208000155,595,1137,-542
208000158,1442,3731,-2289
208000186,3176,3590,-414
208000204,480,1417,-937
208000205,1082,1902,-820
208000282,4393,2470,1923
209000004,153,234,-81
209000005,34,26,8
209000006,593,105,488
209000007,363,224,139
209000010,515,154,361
209000011,210,251,-41
209000012,85,299,-214
209000013,178,751,-573
209000014,600,2053,-1453
209000025,236,46,190
209000026,574,123,451
209000027,401,1386,-985
209000028,185,1221,-1036
209000029,772,1297,-525
209000030,579,2445,-1866
209000031,5680,3161,2519
209000034,195,183,12
209000035,121,156,-35
209000036,145,120,25
209000037,134,271,-137
209000038,67,216,-149
209000039,31,221,-190
209000040,307,573,-266
209000041,162,497,-335
209000042,256,399,-143
209000043,690,745,-55
209000044,161,718,-557
209000045,1299,473,826
209000046,478,573,-95
209000047,345,235,110
209000048,382,252,130
209000049,81,207,-126
209000050,159,300,-141
209000051,302,693,-391
209000052,178,558,-380
209000062,36,258,-222
209000063,20,254,-234
209000064,33,255,-222
209000065,34,49,-15
209000066,31,47,-16
209000067,35,64,-29
209000080,39,190,-151
209000082,66,60,6
209000091,31,162,-131
209000093,79,41,38
209000094,188,260,-72
209000110,21,79,-58
209000111,258,1361,-1103
209000112,538,621,-83
209000113,1412,440,972
209000114,256,313,-57
209000115,76,218,-142
209000116,1242,929,313
209000118,31,58,-27
209000119,39,17,22
209000121,146,891,-745
209000135,95,132,-37
209000142,607,1142,-535
209000143,126,93,33
209000144,51,95,-44
209000229,190,197,-7
209000240,41,532,-491
209000259,111,202,-91
209000260,46,1152,-1106
209000261,2,727,-725
209000262,1,607,-606
209000263,0,144,-144
209000264,1,54,-53
209000265,251,0,251
209000266,53,1,52
209000267,438,10,428
209000268,420,22,398
210000037,65,23,42
210000047,53,25,28
210000048,46,49,-3
210000049,54,42,12
210000052,30,174,-144
210000053,15,107,-92
210000054,39,146,-107
210000070,106,0,106
210000071,51,2,49
210000072,12,0,12
210000073,0,52,-52
210000074,0,148,-148
210000075,1,76,-75
210000076,5,124,-119
210000077,51,39,12
210000078,61,27,34
210000079,56,15,41
210000080,204,44,160
210000081,151,10,141
210000082,38,3,35
210000083,67,0,67
210000084,21,0,21
210000085,0,119,-119
210000086,7,149,-142
210000099,32,272,-240
210000100,42,305,-263
210000101,75,351,-276
210000105,60,298,-238
210000159,0,164,-164
210000163,183,331,-148
210000164,317,106,211
210000168,168,18,150
210000187,0,3,-3
210000188,0,30,-30
210000214,25,0,25
210000219,41,87,-46
210000220,33,140,-107
210000232,2,22,-20
210000233,17,60,-43
210000234,22,154,-132
210000235,18,169,-151
210000245,1,41,-40
210000246,30,1,29
210000258,10,80,-70
210000259,213,21,192
210000282,56,218,-162
210000285,3,112,-109
210000286,13,138,-125
210000290,3,8,-5
210000295,37,226,-189
210000296,49,144,-95
210000320,115,183,-68
210000321,86,104,-18
210000338,76,170,-94
210000339,583,1102,-519
210000340,86,399,-313
210000341,125,329,-204
210000342,160,293,-133
210000343,164,275,-111
210000344,305,166,139
210000345,288,201,87
210000346,96,152,-56
210000347,207,42,165
210000348,182,11,171
210000349,119,19,100
210000350,71,74,-3
210000351,77,135,-58
210000352,43,130,-87
210000353,49,156,-107
210000354,65,164,-99
210000355,84,138,-54
210000356,123,93,30
210000357,83,78,5
210000358,511,108,403
210000359,195,58,137
210000360,160,127,33
210000361,110,190,-80
210000362,181,194,-13
210000363,985,185,800
210000364,115,153,-38
210000365,90,63,27
210000366,106,44,62
210000367,65,39,26
210000368,167,21,146
210000369,32,37,-5
210000370,78,86,-8
210000372,95,63,32
210000373,139,23,116
210000374,65,32,33
210000375,40,144,-104
210000376,103,218,-115
210000404,48,166,-118
210000439,22,52,-30
210000472,102,7,95
210000482,85,62,23
210000564,606,277,329
210000567,0,16,-16
210000568,523,2,521
211000092,11,84,-73
211000094,30,4,26
211000169,238,9,229
211000172,6,427,-421
211000209,1,24,-23
211000226,14,29,-15
211000270,45,10,35
211000275,41,27,14
211000276,75,29,46
211000279,12,92,-80
211000281,25,106,-81
211000302,7,88,-81
211507980,3,22,-19
211977296,10,7,3
212000003,110,62,48
212000004,106,24,82
212000005,28,37,-9
212000006,32,142,-110
212000008,136,357,-221
212000009,24,236,-212
212000012,32,95,-63
212000013,10,66,-56
212000014,231,237,-6
212000015,207,277,-70
212000016,407,826,-419
212000027,373,711,-338
212000028,234,641,-407
212000029,149,457,-308
212000030,32,32,0
212000031,42,99,-57
212000048,23,119,-96
212000049,22,98,-76
212000050,23,14,9
212000051,160,329,-169
212000052,149,528,-379
212000053,324,721,-397
212000054,120,166,-46
212000055,179,409,-230
212000056,19,52,-33
212000057,13,31,-18
212000058,637,41,596
212000070,101,409,-308
212000077,104,958,-854
212000099,134,363,-229
212000108,352,252,100
212000111,149,143,6
212000120,239,178,61
212000138,83,25,58
212000156,8,168,-160
212000158,18,9,9
212000159,220,62,158
212000160,320,281,39
212000161,46,14,32
212000310,22,15,7
212000311,2,113,-111
212000374,10,10,0
213000001,26,891,-865
213000005,269,129,140
213000006,853,160,693
213000007,142,22,120
213000009,572,348,224
213000010,155,283,-128
213000011,205,139,66
213000012,170,342,-172
213000014,33,11,22
213000015,209,2,207
213000016,342,1,341
213000017,45,0,45
213000018,3,197,-194
213000019,0,229,-229
213000020,89,413,-324
213000021,3,159,-156
213000023,198,213,-15
213000033,256,1290,-1034
213000034,689,356,333
213000035,63,229,-166
213000045,115,303,-188
213000046,213,237,-24
213000047,681,848,-167
213000056,48,43,5
213000069,118,2,116
213000073,1,25,-24
213000074,163,738,-575
213000075,363,5,358
213000076,37,0,37
213000085,4,33,-29
213000086,16,243,-227
213000091,68,11,57
213000092,51,5,46
213000099,191,1015,-824
213000100,1223,251,972
213000101,204,152,52
213000102,202,432,-230
213000103,616,992,-376
213000104,41,648,-607
213000105,2,125,-123
213000106,28,235,-207
213000107,125,957,-832
213000108,20,703,-683
213000109,1,346,-345
213000110,12,76,-64
213000111,14,73,-59
213000112,143,141,2
213000115,28,3,25
213000116,104,1190,-1086
213000117,12,1736,-1724
213000118,217,411,-194
213000119,55,1047,-992
213000120,110,1070,-960
213000122,417,952,-535
213000123,846,1436,-590
213000124,66,1261,-1195
213000125,171,10,161
213000126,28,104,-76
213000127,157,171,-14
213000128,945,962,-17
213000129,501,412,89
213000130,242,255,-13
213000132,164,95,69
213000133,250,79,171
213000134,595,4,591
213000136,255,26,229
213000137,379,59,320
213000139,447,18,429
213000147,88,2,86
213000148,44,22,22
213000149,27,4,23
213000150,0,135,-135
213000151,1,110,-109
213000152,3,90,-87
213000153,0,50,-50
213000154,17,363,-346
213000155,47,520,-473
213000156,85,1133,-1048
213000157,1250,697,553
213000158,238,924,-686
213000159,377,885,-508
213000163,297,74,223
213000165,465,233,232
213000171,0,226,-226
213000172,3,403,-400
213000173,1,337,-336
213000174,3,261,-258
213000175,3,127,-124
213000176,16,20,-4
213000177,18,2,16
213000178,40,1,39
213000179,95,0,95
213000180,58,0,58
213000184,60,600,-540
213000188,238,84,154
213000189,200,35,165
213000190,651,1081,-430
213000191,136,543,-407
213000192,139,688,-549
213000193,2664,226,2438
213000194,1,40,-39
213000195,31,666,-635
213000196,237,1266,-1029
213000197,255,519,-264
213000198,56,3,53
213000200,96,1345,-1249
213000201,87,70,17
213000202,18,1181,-1163
213000203,4410,499,3911
213000204,559,79,480
213000205,156,92,64
213000206,231,36,195
213000207,116,8,108
213000208,85,0,85
213000209,142,1,141
213000210,394,12,382
213000211,11,5,6
213000212,27,14,13
213000213,10,28,-18
213000218,189,1357,-1168
213000219,338,11,327
213000220,356,5,351
213000223,218,168,50
213000224,38,50,-12
213000225,44,11,33
213000226,67,14,53
213000227,531,245,286
213000228,198,77,121
213000229,405,33,372
213000230,355,43,312
213000232,97,690,-593
213000233,9,17,-8
213000234,4,31,-27
213000293,27,68,-41
213000294,112,10,102
213000295,9,105,-96
213000296,65,20,45
213000297,5,119,-114
213000298,10,122,-112
213000299,32,53,-21
213000300,7,6,1
213000303,4,36,-32
213000304,4,12,-8
213000305,4,11,-7
213000306,96,44,52
213000307,405,66,339
213000308,100,350,-250
213000309,115,55,60
213000310,127,85,42
213000311,298,828,-530
213000315,75,207,-132
213000316,53,69,-16
213000322,76,256,-180
213000323,53,136,-83
213000324,28,52,-24
213000325,18,149,-131
213000326,7,31,-24
213000327,3,96,-93
213000328,10,110,-100
213000329,34,69,-35
213000340,115,1250,-1135
213000341,182,57,125
213000346,105,154,-49
213000347,819,272,547
213000348,7,219,-212
213000349,16,15,1
213000350,269,1955,-1686
213000366,52,648,-596
213000367,112,43,69
213000379,52,109,-57
213000386,19,256,-237
213000406,90,471,-381
213000417,855,325,530
213000425,69,58,11
213000426,61,134,-73
213000427,35,567,-532
213000428,14,345,-331
213000429,6,1,5
213000430,90,1492,-1402
213000431,18,1,17
213000432,1,12,-11
213000433,13,162,-149
213000434,35,94,-59
213000435,51,112,-61
213000436,10,116,-106
213000437,4,16,-12
213000438,70,120,-50
213000439,41,11,30
213000440,13,264,-251
213000441,5,0,5
213000442,1,44,-43
213000443,346,672,-326
213000444,19,101,-82
213000445,1,205,-204
213000446,0,12,-12
213000447,18,34,-16
213000448,3,78,-75
213000449,153,0,153
213000450,20,45,-25
213000451,107,65,42
213000452,5,37,-32
213000453,76,474,-398
213000455,298,17,281
213000456,2,139,-137
213000481,15,8,7
213000482,46,15,31
213000489,418,55,363
213000491,1,157,-156
213000492,278,2,276
213000493,0,49,-49
213000494,106,159,-53
213000495,0,125,-125
213000496,235,327,-92
213000497,38,358,-320
213000498,47,264,-217
213000499,104,705,-601
213000500,210,116,94
213000501,79,29,50
213000502,219,62,157
213000503,5,101,-96
213000504,1,150,-149
213000505,4,12,-8
213000506,0,7,-7
213000507,7,180,-173
213900244,34,0,34
213900245,1,45,-44
218000003,20,23,-3
218000004,30,22,8
218000005,36,55,-19
218000006,76,34,42
218000007,8,5,3
218000012,469,151,318
218000013,60,153,-93
218000014,385,459,-74
218000019,681,652,29
218000020,286,542,-256
218000021,18,77,-59
218000022,14,42,-28
218000023,0,38,-38
218000024,0,23,-23
218000025,7,34,-27
218000026,5,72,-67
218000027,1,18,-17
218000028,5,5,0
218000029,0,3,-3
218000030,14,25,-11
218000031,4,41,-37
218000032,0,41,-41
218000040,3,2,1
218000046,42,202,-160
218000047,23,282,-259
218000048,70,274,-204
218000049,85,252,-167
218000050,282,398,-116
218000051,61,515,-454
218000052,1,180,-179
218000053,16,12,4
218000054,22,32,-10
218000055,7,24,-17
218000056,10,30,-20
218000057,3,53,-50
218000064,4,12,-8
218000065,63,60,3
218000066,5,55,-50
218000067,35,122,-87
218000068,60,97,-37
218000069,126,275,-149
218000070,94,344,-250
218000071,143,275,-132
218000072,229,293,-64
218000078,594,1710,-1116
218000079,59,82,-23
218000080,50,101,-51
218000081,169,348,-179
218000082,23,146,-123
218000083,31,75,-44
218000084,63,216,-153
218000085,70,495,-425
218000086,35,202,-167
218000087,135,272,-137
218000090,3,53,-50
218000091,761,476,285
218000092,57,210,-153
218000093,44,90,-46
218000094,344,863,-519
218000099,193,536,-343
218000100,150,346,-196
218000101,180,182,-2
218000102,214,412,-198
218000103,54,214,-160
218000104,60,46,14
218000105,25,9,16
218000106,6,9,-3
218000107,32,74,-42
218000108,3,65,-62
218000112,55,23,32
218000117,36,44,-8
218000134,472,1148,-676
218000135,63,179,-116
218000136,258,69,189
218000137,138,141,-3
218000138,13,96,-83
218000139,102,374,-272
218000140,263,241,22
218000141,55,77,-22
218000142,161,113,48
218000143,114,147,-33
218000144,91,49,42
218000145,250,434,-184
218000146,52,160,-108
218000151,8,45,-37
218000152,75,92,-17
218000153,4,6,-2
218000154,2,6,-4
218000155,1,3,-2
218000156,23,23,0
218000157,7,25,-18
218000158,1,13,-12
218000159,2,8,-6
218000160,1,2,-1
218000161,9,6,3
218000162,24,15,9
218000163,2,2,0
218000164,28,12,16
218000165,25,20,5
218000170,1,44,-43
218000171,50,12,38
218000172,21,8,13
218000173,43,18,25
218000174,81,2,79
218000176,100,13,87
218000177,219,144,75
218000178,38,164,-126
218000179,77,85,-8
218000180,44,23,21
218000181,87,79,8
218000187,5,24,-19
218000188,36,45,-9
218000189,8,57,-49
218000190,9,14,-5
218000191,84,88,-4
218000192,121,599,-478
218000193,315,814,-499
218000194,69,760,-691
218000195,133,91,42
218000196,214,341,-127
218000197,135,354,-219
218000198,9,158,-149
218000199,32,50,-18
218000200,59,66,-7
218000201,6,16,-10
218000202,258,186,72
218000207,10,133,-123
218000208,40,90,-50
218000211,40,11,29
218000212,1,0,1
218000213,129,110,19
218000214,3,37,-34
218000215,40,127,-87
218000217,4,199,-195
218000218,233,137,96
218000219,76,33,43
218000220,214,319,-105
218000221,1118,169,949
218000222,29,21,8
218000223,53,189,-136
218000224,12,119,-107
218000225,120,18,102
218000226,49,103,-54
218000230,0,7,-7
218000232,33,121,-88
218000239,151,8,143
218000240,7,2,5
218000241,16,0,16
218000242,65,1,64
218000243,37,1,36
218000244,16,2,14
218000245,8,6,2
218000246,0,0,0
218000247,2,0,2
218000248,0,32,-32
218000249,1,2,-1
218000250,15,5,10
218000251,4,10,-6
218000252,2,18,-16
218000253,3,23,-20
218000254,0,5,-5
218000255,2,7,-5
218000256,9,69,-60
218000267,1073,1042,31
218000268,11,79,-68
218000269,4,8,-4
218000270,60,70,-10
218000271,23,111,-88
218000273,2,13,-11
218000274,11,7,4
218000275,3,25,-22
218000276,6,51,-45
218000278,18,21,-3
218000279,41,89,-48
218000280,9,65,-56
218000281,18,22,-4
218000282,594,296,298
218000284,133,13,120
218000301,66,99,-33
218000302,50,32,18
218000303,31,61,-30
218000316,554,1237,-683
218000317,615,1243,-628
218000318,305,1008,-703
218000319,671,2401,-1730
218000320,555,1022,-467
218000338,70,29,41
218000345,115,41,74
218000346,31,125,-94
218000459,52,365,-313
218000490,37,59,-22
218000501,68,26,42
218000502,41,114,-73
218000503,102,23,79
218000504,189,15,174
218000505,60,185,-125
218000506,41,265,-224
218000508,0,0,0
218000510,168,11,157
218000520,130,102,28
218000521,8,141,-133
218000522,0,141,-141
218000523,116,5,111
218000524,52,173,-121
218000525,68,9,59
218000526,22,96,-74
218000529,33,632,-599
218000530,5,7,-2
218000531,12,27,-15
218000532,8,31,-23
218000534,81,10,71
218000537,62,53,9
218000538,111,107,4
218000540,309,74,235
218000543,65,26,39
218000544,34,133,-99
218000545,51,67,-16
218000546,32,174,-142
218000547,154,94,60
218000548,130,281,-151
218000549,280,168,112
218000550,264,668,-404
218000551,165,548,-383
218000552,445,54,391
218000553,45,73,-28
218000554,14,25,-11
218000555,24,66,-42
218000556,132,545,-413
218000557,215,197,18
218000558,91,2,89
218000559,0,48,-48
218000560,0,15,-15
218000561,17,0,17
218000562,41,239,-198
218000563,203,18,185
218000564,16,98,-82
218000565,158,25,133
218000566,365,21,344
218000567,0,42,-42
218000568,18,4,14
218000569,21,157,-136
218000570,216,14,202
218000571,0,117,-117
218000572,83,0,83
218000573,17,69,-52
218000574,124,58,66
218000575,97,0,97
218000576,1,57,-56
218000577,140,0,140
218000578,0,104,-104
218000579,28,6,22
218000581,11,62,-51
218000582,32,10,22
218000583,6,0,6
218000584,0,24,-24
218000585,15,0,15
218000586,2,36,-34
218000587,2,2,0
218000588,0,2,-2
218000589,1,0,1
218000590,1,0,1
218000591,1,8,-7
218000592,19,2,17
218000593,0,1,-1
218000594,0,1,-1
218000597,1,0,1
218000598,0,0,0
218000599,1,1,0
218000600,0,0,0
218000601,0,0,0
218000602,0,7,-7
218000603,0,2,-2
218000604,51,55,-4
218000605,0,17,-17
218000606,98,0,98
218000607,5,52,-47
218000608,35,23,12
218000609,0,57,-57
218000610,60,4,56
218000611,21,0,21
218000612,0,16,-16
218000613,12,17,-5
218000614,1,33,-32
218000615,63,0,63
218000616,8,151,-143
218000617,11,2,9
218000618,0,31,-31
218000619,15,34,-19
218000620,4,9,-5
218000621,0,3,-3
218000622,0,2,-2
218000623,14,0,14
218000624,5,13,-8
218000625,34,1,33
218000626,0,22,-22
218000628,91,36,55
218000631,37,21,16
218000632,0,75,-75
218000633,49,0,49
218000634,13,31,-18
218000635,10,13,-3
218000636,722,2174,-1452
218000637,474,589,-115
218000638,78,75,3
218000639,7,181,-174
218000640,109,25,84
218000641,24,335,-311
218000652,45,161,-116
218000653,137,78,59
218000663,9,193,-184
218000675,75,81,-6
218000676,1,35,-34
218000677,7,18,-11
218000680,141,915,-774
218000681,299,151,148
218000691,96,755,-659
218000693,98,181,-83
218000703,8,67,-59
218000718,657,681,-24
218000719,968,159,809
218000720,9,93,-84
218000721,83,4,79
218000725,5,2,3
218001147,1,363,-362
218001214,12,16,-4
218001258,68,9,59
218001329,142,141,1
218001330,103,162,-59
218001351,33,20,13
218001352,6,26,-20
218001353,21,7,14
218001354,3,20,-17
218001355,34,608,-574
218001356,195,10,185
218001357,51,492,-441
218001358,144,23,121
218001361,125,20,105
218001362,2,543,-541
219000001,24,80,-56
219000002,49,80,-31
219000003,25,22,3
219000004,48,62,-14
219000017,153,16,137
219000020,66,29,37
219000022,73,6,67
219000023,63,0,63
219000029,1,85,-84
219000034,43,12,31
219000039,18,61,-43
219000040,16,21,-5
219000041,58,40,18
219000051,0,36,-36
219000052,0,14,-14
219000053,4,300,-296
219000054,13,150,-137
219000055,57,0,57
219000056,6,0,6
219000057,53,1,52
219000062,20,338,-318
219000063,65,11,54
219000064,2,90,-88
219000110,198,41,157
219000111,73,34,39
219000112,126,36,90
219000113,79,33,46
219000114,255,41,214
219000116,62,35,27
219000117,123,210,-87
219000118,87,62,25
219000123,478,118,360
219000124,52,64,-12
219000125,11,20,-9
219000126,70,99,-29
219000127,1,7,-6
219000128,18,141,-123
219000129,21,213,-192
219000130,680,1003,-323
219000131,620,787,-167
219000133,36,39,-3
219000134,11,29,-18
219000135,19,52,-33
219000136,210,176,34
219000138,46,19,27
219000139,21,66,-45
219000140,33,1,32
219000141,11,131,-120
219000142,7,127,-120
219000143,12,130,-118
219000145,7,94,-87
219000146,5,63,-58
219000147,2,59,-57
219000148,1,97,-96
219000149,19,234,-215
219000150,1,147,-146
219000151,2,100,-98
219000157,96,134,-38
219000158,100,281,-181
219000161,150,10,140
219000163,1474,495,979
219000166,73,175,-102
219000167,64,261,-197
219000168,211,113,98
219000174,291,99,192
219000175,40,0,40
219000176,43,1,42
219000177,10,2,8
219000178,8,0,8
219000179,7,5,2
219000180,17,33,-16
219000182,68,14,54
219000183,39,42,-3
219000184,55,11,44
219000185,2,114,-112
219000186,58,49,9
219000187,16,147,-131
219000189,138,219,-81
219000190,143,317,-174
219000191,1220,1198,22
219000192,170,129,41
219000193,586,194,392
219000195,1,68,-67
219000196,4,172,-168
219000198,9,180,-171
219000199,111,202,-91
219000200,31,216,-185
219000201,88,255,-167
219000203,34,163,-129
219000204,87,202,-115
219000205,68,203,-135
219000207,151,256,-105
219000209,22,99,-77
219000210,56,109,-53
219000213,9,430,-421
219000239,162,297,-135
219000240,163,397,-234
219000241,66,331,-265
219000242,68,213,-145
219000243,134,521,-387
219000244,31,194,-163
219000245,37,45,-8
219000246,31,12,19
219000247,100,22,78
219000248,359,210,149
219000249,79,51,28
219000250,84,93,-9
219000251,272,144,128
219000252,200,97,103
219000253,181,55,126
219000255,52,103,-51
219000256,72,101,-29
219000257,68,4,64
219000262,61,304,-243
219000263,34,277,-243
219000267,2,259,-257
219000268,4,13,-9
219000269,12,0,12
219000270,10,0,10
219000271,84,3,81
219000278,0,21,-21
219000279,2,4,-2
219000283,0,15,-15
219000295,5,121,-116
219000296,76,610,-534
219000297,20,206,-186
219000298,8,242,-234
219000299,354,103,251
219000300,24,318,-294
219000301,276,340,-64
219000302,22,185,-163
219000307,29,32,-3
219000308,51,35,16
219000311,111,37,74
219000312,365,53,312
219000313,161,32,129
219000314,80,575,-495
219000315,143,52,91
219000316,341,53,288
219000317,38,19,19
219000320,0,48,-48
219000321,0,15,-15
219000323,2,97,-95
219000325,1,33,-32
219000326,63,112,-49
219000327,39,27,12
219000328,25,49,-24
219000329,186,96,90
219000330,19,25,-6
219000331,38,22,16
219000332,49,69,-20
219000333,7,4,3
219000335,42,0,42
219000337,21,1,20
219000338,101,32,69
219000344,17,72,-55
219000345,52,136,-84
219000346,21,150,-129
219000348,117,308,-191
219000349,26,435,-409
219000350,48,94,-46
219000351,35,4,31
219000352,140,42,98
219000353,67,58,9
219000354,65,135,-70
219000355,103,68,35
219000356,1457,623,834
219000363,249,40,209
219000364,93,19,74
219000365,91,11,80
219000366,210,175,35
219000368,382,328,54
219000370,925,280,645
219000371,9,15,-6
219000382,4,20,-16
219000383,627,922,-295
219000385,508,586,-78
219000386,972,1567,-595
219000387,0,1,-1
219000390,8,2,6
219000391,1,1,0
219000397,61,73,-12
219000398,57,25,32
219000401,15,139,-124
219000402,25,109,-84
219000403,149,186,-37
219000404,19,64,-45
219000407,4,30,-26
219000409,39,36,3
219000410,46,17,29
219000411,43,12,31
219000446,267,539,-272
219000447,2,29,-27
219000448,3,6,-3
219000452,84,46,38
219000453,76,140,-64
219000454,301,184,117
219000556,120,80,40
219000558,85,434,-349
219000590,22,213,-191
219000591,38,61,-23
219000592,117,437,-320
219000595,2,53,-51
219000635,88,67,21
219000636,26,105,-79
219000657,11,10,1
219000658,9,39,-30
219000673,0,12,-12
219000676,3,0,3
219000679,27,6,21
219000684,60,2,58
219000685,7,83,-76
219000686,2,1,1
219000688,0,108,-108
219000689,37,282,-245
219000690,143,19,124
219000691,77,197,-120
219000692,168,26,142
219000693,0,17,-17
219000694,2,0,2
219000695,11,0,11
219000698,88,0,88
219000699,0,8,-8
219000727,0,276,-276
219000728,29,2,27
219000770,18,0,18
219000771,1,40,-39
219000788,239,264,-25
219001150,0,13,-13
219001151,0,3,-3
219001166,39,10,29
219001167,5,119,-114
219001178,28,0,28
220000001,44,38,6
220000002,11,241,-230
220000003,438,325,113
220000004,616,801,-185
220000005,1338,1541,-203
220000006,160,925,-765
220000007,292,749,-457
220000008,353,1564,-1211
220000009,163,704,-541
220000010,175,231,-56
220000011,839,2936,-2097
220000012,188,400,-212
220000014,95,53,42
220000015,105,251,-146
220000017,58,467,-409
220000018,7000,2407,4593
220000019,78,222,-144
220000020,354,217,137
220000021,386,183,203
220000022,345,496,-151
220000023,133,168,-35
220000024,1307,346,961
220000025,653,542,111
220000026,193,117,76
220000027,27,80,-53
220000028,15,33,-18
220000029,75,247,-172
220000030,128,107,21
220000031,197,264,-67
220000064,27,1257,-1230
221000046,17,0,17
221000047,0,2,-2
221000048,0,4,-4
221000049,0,12,-12
221000050,12,0,12
221000055,51,54,-3
221000057,36,5,31
221000068,302,124,178
221000069,294,69,225
221000070,249,32,217
221000071,95,8,87
221000072,204,18,186
221000073,135,48,87
221000074,2,20,-18
221000075,17,14,3
221000076,6,29,-23
221000077,31,68,-37
221000081,45,4,41
221000082,53,2,51
221000083,81,3,78
221000084,3,2,1
221000085,12,91,-79
221000086,10,120,-110
221000087,6,247,-241
221000088,18,226,-208
221000089,35,340,-305
221000090,127,616,-489
221000098,94,17,77
221000099,110,12,98
221000100,63,4,59
221000101,202,14,188
221000102,118,20,98
221000109,5,82,-77
221000110,16,102,-86
221000111,16,194,-178
221000112,2,186,-184
221000113,20,208,-188
221000114,11,191,-180
221000120,10,48,-38
221000121,4,26,-22
221000122,30,43,-13
221000123,31,11,20
221000124,27,373,-346
221000155,99,16,83
221000156,38,26,12
221000175,1,4,-3
221000176,0,4,-4
221000182,27,5,22
221000241,686,223,463
221000242,178,606,-428
221000243,538,114,424
221000244,154,642,-488
221000245,57,138,-81
221000246,19,417,-398
221000247,111,160,-49
221000248,132,293,-161
221000267,53,1094,-1041
221000325,30,83,-53
221000331,2,144,-142
221000338,16,51,-35
221000378,114,26,88
221000381,88,128,-40
222000282,8,0,8
222000296,0,29,-29
222000568,265,17,248
222000569,125,17,108
222000570,90,11,79
222000571,275,17,258
222000577,9,371,-362
222000578,20,291,-271
222000579,25,175,-150
222000580,153,958,-805
222000599,0,127,-127
222000600,1,344,-343
222000601,11,901,-890
222000603,18,25,-7
222000604,2,39,-37
222000605,21,13,8
222000606,4,4,0
222000607,2,8,-6
222000608,8,18,-10
222000609,56,469,-413
222000616,163,70,93
222000617,15,13,2
222000618,4,3,1
222000620,68,13,55
222000621,41,5,36
222000623,417,3,414
222000624,194,5,189
222000625,286,35,251
222000636,51,0,51
222000686,20,14,6
222000687,13,29,-16
222001066,448,0,448
222001067,10,17,-7
222001068,30,155,-125
222001069,11,76,-65
222001082,1,44,-43
222001083,4,49,-45
222001084,0,29,-29
222001085,0,57,-57
222001111,13,287,-274
222001112,52,76,-24
222001313,49,3,46
222001314,3,50,-47
222001464,123,74,49
222001465,31,424,-393
222001484,74,70,4
222001485,23,83,-60
222001494,199,133,66
222001495,101,703,-602
222001496,161,66,95
222001497,105,832,-727
222001502,9,125,-116
222001503,56,39,17
222001504,9,314,-305
222001505,155,13,142
222001506,26,259,-233
222001507,126,15,111
222001510,230,25,205
222001511,24,421,-397
222001514,387,131,256
222001515,185,813,-628
222001518,130,47,83
222001519,34,436,-402
222001527,176,23,153
222001528,52,249,-197
222001529,81,29,52
222001530,48,311,-263
222001533,99,418,-319
222001534,132,39,93
222001535,137,191,-54
222001536,64,610,-546
222001537,137,10,127
222001538,45,624,-579
222001563,287,82,205
222001564,43,969,-926
222001568,347,80,267
222001576,1,3,-2
222001579,3,5,-2
222001583,27,323,-296
222001584,57,39,18
222001596,500,2045,-1545
222001597,787,191,596
222001626,0,199,-199
222001650,31,72,-41
222001651,58,167,-109
222001914,100,39,61
222001915,46,240,-194
222001968,308,183,125
222001969,364,1310,-946
222001970,130,372,-242
222001971,9,94,-85
222001972,0,15,-15
225000001,308,172,136
225000002,250,100,150
225000003,271,87,184
225000004,157,312,-155
225000005,26,81,-55
225000006,3,167,-164
225000007,4207,1235,2972
225000010,160,2,158
225000011,635,920,-285
225000012,164,568,-404
225000013,78,197,-119
225000014,576,75,501
225000015,75,264,-189
225000021,546,254,292
225000027,258,585,-327
225000032,509,152,357
225000042,78,881,-803
225000049,30,53,-23
225000050,56,19,37
225000053,2,231,-229
225000058,586,142,444
225000067,126,230,-104
225000068,50,681,-631
225000069,136,685,-549
225000070,59,659,-600
225000071,28,383,-355
225000075,20,1246,-1226
225000076,67,123,-56
225000078,80,62,18
225000085,32,71,-39
225000086,194,40,154
225000087,175,35,140
225000088,18,168,-150
225000089,246,804,-558
225000090,33,505,-472
225000091,128,266,-138
225000092,29,73,-44
225000093,131,517,-386
225000094,7,603,-596
225000095,292,645,-353
225000096,316,614,-298
225000098,409,181,228
225000099,196,127,69
225000100,138,111,27
225000104,66,517,-451
225000110,13,588,-575
225000111,218,1374,-1156
225000112,360,1157,-797
225000113,120,724,-604
225000114,53,368,-315
225000115,3347,680,2667
225000116,825,131,694
225000117,986,323,663
225000118,703,263,440
225000119,133,120,13
225000120,424,71,353
225000121,235,25,210
225000123,1201,25,1176
225000125,221,358,-137
225000126,1279,210,1069
225000127,913,522,391
225000128,442,483,-41
225000132,209,26,183
225000133,206,15,191
225000134,460,89,371
225000135,30,11,19
225000136,139,10,129
225000137,100,65,35
225000138,311,36,275
225000143,106,155,-49
225000144,4,388,-384
225000145,31,52,-21
225000146,54,166,-112
225000147,21,436,-415
225000148,3,304,-301
225000149,47,557,-510
225000151,22,330,-308
225000155,302,517,-215
225000156,211,747,-536
225000157,180,448,-268
225000158,133,464,-331
225000171,3,204,-201
225000180,22,9,13
225000181,0,68,-68
225000182,108,14,94
225000185,4,442,-438
225000187,37,521,-484
225000191,78,2,76
225000194,0,3,-3
225000208,5,44,-39
225000209,73,17,56
225000210,1,298,-297
225000217,0,14,-14
225000218,18,0,18
225000223,0,149,-149
225000224,372,1,371
225000225,0,65,-65
225000226,82,0,82
225000227,40,57,-17
225000228,8,9,-1
225000229,0,97,-97
225000230,2,0,2
225000231,0,91,-91
225000232,56,1,55
225000241,120,2,118
225000242,0,33,-33
225000249,5,0,5
225000250,44,878,-834
225000251,299,29,270
226000042,534,510,24
226000043,62,266,-204
226000044,157,976,-819
226000045,76,592,-516
226000046,441,36,405
226000047,268,49,219
226000048,275,48,227
226000049,172,107,65
226000070,0,86,-86
226000071,0,105,-105
226000072,0,8,-8
226000073,0,10,-10
226000074,0,19,-19
226000084,3,67,-64
226000085,7,11,-4
226000086,6,16,-10
226000087,2,19,-17
226000088,20,12,8
226000090,34,43,-9
226000091,13,9,4
226000092,1,1,0
226000093,32,3,29
226000094,32,3,29
226000095,22,4,18
226000105,11,1,10
226000106,7,0,7
226000107,7,0,7
226000108,10,0,10
226000109,58,0,58
226000124,123,43,80
226000134,311,473,-162
226000135,549,662,-113
226000136,196,366,-170
226000137,8,771,-763
226000138,7,527,-520
226000139,2,27,-25
226000156,80,3,77
226000157,67,9,58
226000163,42,42,0
226000202,4,741,-737
226000231,192,10,182
226000232,19,7,12
227000033,197,59,138
227000036,144,20,124
227000037,169,32,137
227000038,136,24,112
227000049,0,18,-18
227000050,0,65,-65
227000055,21,2,19
227000056,9,0,9
227000084,5,72,-67
227000085,0,47,-47
227000088,74,3,71
227000089,65,3,62
227000090,46,2,44
227000091,18,0,18
227000093,73,0,73
227000094,26,0,26
227000130,38,67,-29
227000131,10,342,-332
227000132,11,323,-312
227000133,12,298,-286
227000134,6,537,-531
227000152,0,2,-2
227000153,0,43,-43
227000155,2,8,-6
227000156,0,16,-16
227000165,6,17,-11
227000196,112,490,-378
227000199,93,1060,-967
227000230,24,1269,-1245
227000232,174,25,149
227000242,30,533,-503
227000243,283,81,202
227000245,13,459,-446
227000246,66,590,-524
227000247,208,93,115
227000248,194,44,150
227000249,32,227,-195
227000250,361,142,219
227000251,211,338,-127
227000252,15,373,-358
227000253,79,17,62
227000262,206,33,173
227000266,507,18,489
227000267,62,4737,-4675
227000282,19,570,-551
227000284,184,22,162
227000286,1,122,-121
227000287,6,181,-175
227000291,16,1176,-1160
227000484,217,17,200
227000485,34,1653,-1619
227000655,72,87,-15
227000656,410,33,377
227000657,22,18,4
227000661,279,11,268
227000680,220,54,166
229000265,5,56,-51
229000296,0,28,-28
229000297,4,78,-74
229000298,18,191,-173
229000320,3,9,-6
229000321,7,3,4
229000412,4,42,-38
229000414,16,75,-59
229000415,5,0,5
229000416,3,3,0
229000417,5,7,-2
229000419,93,249,-156
229000440,231,66,165
229000442,37,0,37
229000443,0,5,-5
229000444,3,27,-24
229000445,35,5,30
229000446,51,16,35
229000491,1,10,-9
229000492,10,108,-98
229000493,0,76,-76
229000494,8,1,7
229000495,54,4,50
229000496,37,4,33
229000507,0,30,-30
229000508,0,24,-24
229000509,0,28,-28
229000510,3,16,-13
229000511,0,21,-21
229000512,0,13,-13
229000513,0,1,-1
229000514,0,2,-2
229000517,1,6,-5
229000518,6,28,-22
229000519,2,11,-9
229000520,3,22,-19
229000521,14,12,2
229000522,11,5,6
229000523,5,15,-10
229000524,0,4,-4
229000527,1,0,1
229000528,2,0,2
229000529,5,0,5
229000530,19,1,18
229000531,15,1,14
229000532,15,2,13
229000533,47,0,47
229000534,32,0,32
229000564,25,0,25
229000565,3,0,3
229000566,0,10,-10
229000567,1,36,-35
229000582,37,0,37
229000583,3,1,2
229000584,0,20,-20
229000585,2,24,-22
229000718,0,1,-1
229000719,0,0,0
229000720,0,6,-6
229000721,0,11,-11
229000722,0,12,-12
229000723,0,13,-13
229000724,0,0,0
229000725,0,2,-2
229000738,0,0,0
229000739,0,0,0
229000740,2,0,2
229000741,7,0,7
229000742,7,0,7
229000743,3,0,3
229000744,1,0,1
229000745,0,0,0
229000746,16,0,16
229000847,29,1,28
229000848,7,0,7
229000849,72,1,71
229000851,17,1,16
229000854,0,80,-80
229000856,2,200,-198
229000857,0,40,-40
229000858,0,127,-127
229000919,11,91,-80
229000930,5,328,-323
229000937,71,11,60
229000966,26,15,11
229000981,10,88,-78
229000985,6,40,-34
229000986,0,13,-13
229000987,0,5,-5
229000988,8,1,7
229000989,3,5,-2
229000990,0,1,-1
229000991,0,1,-1
229000992,1,4,-3
229000993,179,6,173
229000998,7,68,-61
229000999,49,14,35
229001034,0,11,-11
229001035,10,1,9
229001037,41,7,34
229001042,8,7,1
229001047,6,72,-66
229001050,32,68,-36
229001168,0,2,-2
229001200,6,0,6
229001338,4,13,-9
229001394,125,4,121
229001422,60,17,43
229001423,47,151,-104
229001431,31,29,2
229001432,24,91,-67
229001444,125,48,77
229001445,51,204,-153
229001479,2,1,1
229001503,160,72,88
229001504,63,291,-228
229001505,72,39,33
229001506,36,255,-219
229001509,23,25,-2
229001545,47,9,38
229001546,3,93,-90
229001553,24,21,3
229001554,21,94,-73
229001559,2,3,-1
229001560,0,22,-22
229001630,39,8,31
229001631,7,43,-36
229001635,0,5,-5
229001636,0,0,0
229001658,5,132,-127
229001659,35,5,30
229001660,3,1,2
229001661,0,17,-17
229001662,59,2,57
229001663,0,17,-17
229002584,121,143,-22
229002831,195,115,80
229002841,2,17,-15
229002842,13,16,-3
229002843,86,15,71
229002844,35,35,0
229002845,9,45,-36
229002846,21,10,11
229002847,2,4,-2
229002848,5,9,-4
229002849,2,62,-60
229002850,2,0,2
229002851,17,102,-85
229002852,79,16,63
229002853,81,16,65
229002854,26,38,-12
229002855,9,28,-19
229002856,11,10,1
229002857,3,25,-22
229002858,4,6,-2
229002859,20,8,12
229002860,53,8,45
229002861,30,21,9
229002862,25,14,11
229002863,29,22,7
229002864,6,33,-27
229002865,49,10,39
229002866,11,13,-2
229002867,1,12,-11
229002868,8,9,-1
229002869,9,112,-103
229002870,57,11,46
235000066,282,126,156
235000067,84,181,-97
235000072,16,67,-51
235000073,41,256,-215
235000074,25,62,-37
235000080,69,96,-27
235000081,45,183,-138
235000082,99,67,32
235000083,89,115,-26
235000084,58,55,3
235000085,62,86,-24
235000089,8,40,-32
235000092,6,141,-135
235000093,6,3,3
235000097,4,10,-6
235000098,49,13,36
235000099,11,34,-23
235000116,42,33,9
235000117,1131,20,1111
235000133,18,266,-248
235000134,13,121,-108
235000206,4,0,4
235000207,4,3,1
235000208,4,4,0
235000209,6,2,4
235000210,11,0,11
235000212,5,30,-25
235000213,1,14,-13
235000220,2,3,-1
235000221,38,6,32
235000238,7,28,-21
235000239,1,6,-5
235000242,180,252,-72
235000245,1279,173,1106
235000246,8,46,-38
235000284,5,86,-81
235000295,111,6,105
235000305,123,13,110
235000306,92,4,88
235000307,14,3,11
235000308,40,0,40
235000309,24,0,24
235000310,13,0,13
235000311,47,7,40
235000322,0,35,-35
235000323,1,55,-54
235000324,3,14,-11
235000325,1,17,-16
235000326,8,347,-339
235000351,2,95,-93
235000352,11,37,-26
235000353,1,41,-40
235000354,2,40,-38
235000355,1,57,-56
235000356,44,13,31
235000357,13,21,-8
235000358,38,11,27
235000359,9,2,7
235000360,18,12,6
235000361,34,4,30
235000381,60,350,-290
235000382,75,40,35
235000390,8,6,2
235000391,58,16,42
235000392,63,171,-108
235000393,51,132,-81
235000395,64,19,45
235000396,191,52,139
235000400,125,49,76
235000401,61,204,-143
235000405,104,291,-187
235000406,31,305,-274
235000407,36,148,-112
235000409,163,172,-9
235000410,25,318,-293
235000411,0,112,-112
235000485,0,3,-3
235000486,2,0,2
235000549,24,99,-75
235000550,73,225,-152
235000599,74,94,-20
235000600,20,13,7
235000601,12,48,-36
235000602,53,218,-165
235000614,0,0,0
235000648,0,22,-22
235000649,24,7,17
235000685,0,5,-5
235000815,4,23,-19
235000834,0,4,-4
235000855,31,62,-31
235000862,28,202,-174
235000891,0,7,-7
235000892,23,7,16
235000901,50,85,-35
235000907,8,10,-2
235001010,32,119,-87
235001029,487,422,65
235001030,243,214,29
235001078,55,53,2
235001079,57,120,-63
235001147,3,29,-26
235001166,8,130,-122
235001167,16,74,-58
235001169,33,302,-269
235001188,1,9,-8
235001189,3,1,2
235001197,27,28,-1
235001200,17,40,-23
235001207,158,46,112
235001210,39,271,-232
235001215,34,248,-214
235001239,1,48,-47
235001244,1,4,-3
235016267,2,19,-17
277101746,0,3,-3
277102712,0,0,0
277103813,0,0,0
277103814,0,0,0
277103898,0,3,-3
277104249,0,4,-4
277104250,0,18,-18
277104251,1,19,-18
277104252,0,2,-2
990011530,1,268,-267
990014944,2,458,-456
990015176,53,43,10
990015618,0,134,-134
990016032,0,606,-606
990032570,4,116,-112
990070001,65,1,64
990070103,0,1,-1
990070601,0,57,-57
990070751,271,0,271
990070766,0,837,-837
990071180,830,276,554
990071343,21,0,21
990071387,0,12,-12
990071823,215,2,213
990072600,1,725,-724
990072964,0,486,-486
990073285,0,2,-2
990074393,5,1756,-1751
990074870,594,5,589
990075106,771,5,766
990075746,269,3,266
990076437,525,50,475
990076458,3,1696,-1693
997000007,190,4,186
997000041,0,93,-93
997000058,38,0,38
997000062,90,1,89
997000069,0,3,-3
997000070,1,168,-167
997000100,11,0,11
997000141,0,430,-430
997000198,532,930,-398
998000475,1,15,-14
998000736,1,311,-310
998000965,0,30,-30
998001031,0,64,-64
998001700,0,42,-42
998001899,0,0,0
998001900,6,2,4
998003073,578,6,572
998101900,0,0,0
998102850,3,104,-101
998501927,674,314,360
998501929,88,6,82
998501930,71,0,71
998501931,73,7,66
998501932,4,0,4
998501933,46,2,44
998501937,19,2,17
998501944,0,1,-1
998501950,2,3,-1
998501970,25,4,21
998501971,0,57,-57
998501973,1,112,-111
998501974,2,270,-268
998501975,248,5,243
998501976,91,0,91
998501977,0,17,-17
998501978,13,2,11
998501979,0,15,-15
998501980,284,25,259
998501981,19,14,5
998501982,0,84,-84
998501983,0,0,0
998502024,0,3,-3
998502032,0,6,-6
998502062,15,1,14
998502063,0,0,0
998502173,32,0,32
998502269,0,4,-4
998502546,1,148,-147
998502578,0,6,-6
998502599,237,247,-10
998601159,2,398,-396
998601292,0,25,-25
999033574,1,1491,-1490
999800001,27,1,26
999800002,0,2,-2
999800003,12,2,10
999800004,0,6,-6
999800005,0,4,-4
