ID,insum,outsum,diff
100000001,747,832,-85
100000002,4707,6567,-1860
100000003,3939,5882,-1943
100000004,289,1144,-855
100000005,2392,4152,-1760
100000006,461,242,219
100000007,2139,803,1336
100000008,73,483,-410
100000009,253,272,-19
100000010,9,71,-62
100000011,378,110,268
100000012,27,523,-496
100000013,23,151,-128
100000014,124,314,-190
100000015,1456,1941,-485
100000016,475,1725,-1250
100000017,522,1493,-971
100000018,741,771,-30
100000019,3225,2570,655
100000020,1304,5555,-4251
100000021,3955,1713,2242
100000022,739,4100,-3361
100000023,3430,1686,1744
100000025,509,2407,-1898
100000028,376,1698,-1322
100000029,42,612,-570
100000030,57,45,12
100000031,1958,6631,-4673
100000032,1711,3919,-2208
100000033,938,3174,-2236
100000034,140,1703,-1563
100000035,683,1458,-775
100000036,716,2101,-1385
100000037,633,375,258
100000038,2184,969,1215
100000039,240,246,-6
100000040,381,178,203
100000041,1279,518,761
100000042,908,323,585
100000043,676,392,284
100000044,183,540,-357
100000045,306,586,-280
100000046,309,419,-110
100000047,159,291,-132
100000048,196,520,-324
100000049,1129,817,312
100000051,490,428,62
100000053,39,15,24
100000054,243,26,217
100000055,439,316,123
100000056,330,789,-459
100000057,1722,583,1139
100000058,552,642,-90
100000059,4,154,-150
100000060,611,230,381
100000061,1735,482,1253
100000062,1191,538,653
100000063,755,277,478
100000064,1005,702,303
100000065,224,794,-570
100000066,165,484,-319
100000067,145,477,-332
100000068,375,973,-598
100000069,237,906,-669
100000072,169,298,-129
100000073,784,705,79
100000075,797,145,652
100000076,1083,5053,-3970
100000077,71,571,-500
100000078,11,65,-54
100000079,13,59,-46
100000080,16,78,-62
100000081,30,256,-226
100000102,3275,7940,-4665
100000103,1230,1901,-671
100000104,2815,2144,671
100000105,1070,2364,-1294
100000106,784,4710,-3926
100000107,85,1636,-1551
100000108,204,1003,-799
100000109,560,1541,-981
100000116,361,606,-245
100000117,43,250,-207
100000118,534,1205,-671
100000119,796,1403,-607
100000121,137,698,-561
100000122,458,2736,-2278
100000123,923,2412,-1489
100000124,1830,2398,-568
100000125,6678,2265,4413
100000126,543,1232,-689
100000127,767,1091,-324
100000128,710,2552,-1842
100000129,220,1036,-816
100000130,545,237,308
100000131,674,1506,-832
100000132,920,1626,-706
100000133,1195,760,435
100000135,643,1359,-716
100000139,134,591,-457
100000140,124,266,-142
100000142,557,595,-38
100000143,1105,327,778
100000144,1320,558,762
100000147,1532,3999,-2467
100000150,62,568,-506
100000151,501,2899,-2398
100000153,94,692,-598
100000154,20,693,-673
100000155,15,55,-40
100000156,209,374,-165
100000157,295,247,48
100000158,226,293,-67
100000159,120,1418,-1298
100000165,430,494,-64
100000169,30,1908,-1878
100000174,205,1015,-810
100000179,44,1069,-1025
100000180,367,1452,-1085
100000181,208,331,-123
100000188,45,150,-105
100000189,739,429,310
100000190,423,2129,-1706
100000191,796,778,18
100000192,12,142,-130
100000193,217,213,4
100000330,452,1104,-652
100000355,166,597,-431
100000362,1848,999,849
100000363,5943,7267,-1324
100000364,98,323,-225
100000365,6070,10575,-4505
100000366,1475,1127,348
100000367,4564,6579,-2015
100000368,2025,887,1138
100000369,723,2685,-1962
100000370,126,988,-862
100000376,52,233,-181
100000379,682,2361,-1679
100000380,2950,6727,-3777
100000384,5377,8295,-2918
100000385,1054,4493,-3439
100000386,1923,8419,-6496
100000387,2516,8183,-5667
100000388,1712,6323,-4611
100000389,3074,9090,-6016
100000390,2788,5174,-2386
100000391,1944,11054,-9110
100000392,770,3446,-2676
100000393,705,6802,-6097
100000394,2552,7190,-4638
100000395,1402,6488,-5086
100000396,1903,2769,-866
100000397,2064,9275,-7211
100000398,5455,4062,1393
100000413,5,2,3
100900002,4,6,-2
100900003,323,211,112
100900004,4,499,-495
100900005,97,29,68
100900006,35,11,24
100900007,153,6,147
100900008,1,240,-239
100900009,22,115,-93
100900010,54,8,46
100900011,137,58,79
100900012,0,47,-47
100900013,949,4,945
100900014,10,2,8
100900015,26,79,-53
100900016,1,48,-47
100900017,812,44,768
100900018,0,8,-8
100900019,61,64,-3
100900020,321,3,318
100900021,300,1,299
100900022,9,22,-13
100900023,0,26,-26
100900024,363,2,361
100900025,5,6,-1
100900026,123,40,83
100900027,497,2003,-1506
100900028,159,517,-358
100900029,51,3,48
100900030,1,313,-312
100900031,526,57,469
100900032,399,1,398
100900033,79,501,-422
100900034,997,1,996
100900035,159,1,158
100900036,3,1,2
100900037,156,65,91
100900038,53,171,-118
100900039,127,152,-25
100900040,607,176,431
100900041,1189,143,1046
100900042,663,1915,-1252
100900043,2,41,-39
100900044,900,625,275
100900045,8,0,8
100900046,830,8,822
100900047,510,202,308
100900048,114,21,93
100900049,59,58,1
100900050,5,12,-7
100900051,19,159,-140
100900052,203,10,193
100900053,644,16,628
100900054,18,23,-5
100900055,297,880,-583
100900056,36,65,-29
100900057,1695,658,1037
100900058,114,49,65
100900059,155,6,149
100900060,183,4,179
100900061,111,148,-37
100900062,1,61,-60
100900063,302,687,-385
100900064,456,11,445
100900065,60,144,-84
100900066,197,142,55
100900067,0,1,-1
100900068,56,95,-39
100900069,146,1,145
100900070,458,1,457
100900071,184,124,60
100900072,1,58,-57
100900073,102,185,-83
100900074,0,28,-28
100900075,1398,97,1301
100900076,2,20,-18
100900077,66,24,42
100900078,35,187,-152
100900079,2,22,-20
100900080,57,55,2
100900081,29,89,-60
100900082,120,118,2
100900083,4,47,-43
100900085,9,357,-348
100900086,34,334,-300
100900088,148,125,23
100900089,0,22,-22
100900090,118,853,-735
100900091,6,7,-1
100900092,45,108,-63
100900093,312,279,33
100900094,98,139,-41
100900095,3,60,-57
100900096,15,261,-246
100900097,1,1,0
100900098,5,19,-14
100900099,17,415,-398
100900100,10,470,-460
100900101,128,55,73
100900102,0,41,-41
100900103,11,18,-7
100900104,1,162,-161
100900105,17,416,-399
100900106,9,2,7
100900107,2207,835,1372
100900108,1,11,-10
100900109,4,22,-18
100900110,2,17,-15
100900111,14,198,-184
100900112,4,22,-18
100900113,14,9,5
100900114,3,13,-10
100900115,2,20,-18
100900116,516,287,229
100900117,151,1171,-1020
100900118,15,12,3
100900119,2,19,-17
100900120,39,1,38
100900121,112,310,-198
100900122,59,97,-38
100900123,168,54,114
100900124,0,12,-12
100900125,8,43,-35
100900126,394,33,361
100900127,0,1,-1
100900128,56,544,-488
100900129,0,248,-248
100900131,25,109,-84
100900133,79,34,45
100900134,3,6,-3
100900135,0,825,-825
100900137,270,142,128
100900138,250,324,-74
100900139,3,10,-7
100900140,0,186,-186
100900141,1,509,-508
100900142,1,4,-3
100900143,264,639,-375
100900144,4,2,2
100900145,27,165,-138
100900146,1,15,-14
100900147,3,914,-911
100900148,51,101,-50
100900149,20,442,-422
100900150,3,31,-28
100900151,47,342,-295
100900152,46,10,36
100900153,1,176,-175
100900154,2,115,-113
100900155,2,3,-1
100900156,10,0,10
100900157,7,262,-255
100900159,1,20,-19
100900160,21,27,-6
100900161,15,3,12
100900162,9,158,-149
100900163,52,60,-8
100900164,107,12,95
100900165,11,49,-38
100900166,14,1,13
100900167,9,54,-45
100900168,19,86,-67
100900169,51,510,-459
100900170,18,0,18
100900171,5,374,-369
100900172,2,80,-78
100900173,2,74,-72
100900174,11,13,-2
100900176,1437,232,1205
100900177,346,142,204
100900178,100,206,-106
100900179,373,191,182
100900180,5,0,5
100900181,36,40,-4
100900182,39,16,23
100900184,8,65,-57
100900186,259,205,54
100900187,35,44,-9
100900188,10,22,-12
100900189,1314,104,1210
100900191,336,1182,-846
100900192,118,593,-475
100900195,77,277,-200
100900197,25,45,-20
100900198,19,26,-7
100900199,1,7,-6
100900200,518,342,176
100900201,18,559,-541
100900202,34,0,34
100900203,0,107,-107
100900204,30,308,-278
100900205,146,535,-389
100900206,194,162,32
100900207,244,139,105
100900210,80,151,-71
100900211,290,132,158
100900213,63,19,44
100900214,341,143,198
100900215,35,42,-7
100900217,73,110,-37
101000001,1410,1697,-287
101000002,5740,6926,-1186
101000003,297,656,-359
101000004,4780,4454,326
101000005,3075,4424,-1349
101000006,4427,7710,-3283
101000007,2376,4447,-2071
101000008,1332,3136,-1804
101000009,2306,694,1612
101000010,698,526,172
101000011,1155,271,884
101000012,240,504,-264
101000013,513,1050,-537
101000014,265,351,-86
101000015,2034,1391,643
101000016,224,626,-402
101000017,231,431,-200
101000018,1142,5345,-4203
101000020,1022,792,230
101000021,417,1083,-666
101000022,44,301,-257
101000023,639,1198,-559
101000025,297,493,-196
101000026,195,32,163
101000027,1624,4546,-2922
101000028,786,402,384
101000029,74,1320,-1246
101000030,500,147,353
101000031,68,763,-695
101000032,1871,5205,-3334
101000033,876,5435,-4559
101000034,565,2958,-2393
101000035,266,378,-112
101000036,554,2638,-2084
101000037,825,4647,-3822
101000039,1216,3444,-2228
101000040,2543,5668,-3125
101000041,1801,6761,-4960
101000042,79,941,-862
101000043,2485,7474,-4989
101000045,166,957,-791
101000046,666,2361,-1695
101000047,676,4209,-3533
101000048,382,335,47
101000049,498,1894,-1396
101000050,448,1885,-1437
101000051,562,2510,-1948
101000052,1474,1953,-479
101000053,375,1363,-988
101000054,1643,858,785
101000055,897,1971,-1074
101000056,21,207,-186
101000057,851,1817,-966
101000058,556,2065,-1509
101000059,1765,2382,-617
101000060,1577,1276,301
101000061,271,2013,-1742
101000062,253,663,-410
101000063,216,1846,-1630
101000064,356,1116,-760
101000065,192,1193,-1001
101000066,337,1558,-1221
101000067,273,1086,-813
101000068,67,362,-295
101000069,81,62,19
101000070,368,748,-380
101000071,2653,1069,1584
101000072,453,2383,-1930
101000073,413,1271,-858
101000074,1649,3099,-1450
101000075,1642,3204,-1562
101000077,1535,1502,33
101000078,485,1030,-545
101000079,912,1089,-177
101000080,1015,1151,-136
101000081,1724,1410,314
101000082,1743,1726,17
101000083,3605,2124,1481
101000084,778,511,267
101000085,1231,1138,93
101000086,745,1104,-359
101000087,713,808,-95
101000088,1663,1047,616
101000089,921,1721,-800
101000090,1446,684,762
101000091,476,491,-15
101000092,2582,776,1806
101000093,1526,606,920
101000094,1022,780,242
101000095,435,412,23
101000096,725,285,440
101000097,291,669,-378
101000098,398,639,-241
101000099,431,942,-511
101000100,641,1111,-470
101000101,219,558,-339
101000102,341,1029,-688
101000103,341,1022,-681
101000104,338,1112,-774
101000105,178,493,-315
101000106,185,1470,-1285
101000107,255,469,-214
101000108,448,107,341
101000109,641,93,548
101000110,42,124,-82
101000111,50,148,-98
101000113,79,760,-681
101000114,1999,8324,-6325
101000115,16,17,-1
101000116,1,26,-25
101000117,1082,165,917
101000119,13,59,-46
101000120,32,78,-46
101000121,37,71,-34
101000122,98,92,6
101000123,29,87,-58
101000124,557,551,6
101000125,102,175,-73
101000128,173,1319,-1146
101000130,109,164,-55
101000131,1363,297,1066
101000132,843,545,298
101000135,13,13,0
101000136,131,169,-38
101000137,31,604,-573
101000141,483,4671,-4188
101000147,994,308,686
101000148,733,10,723
101000149,33,88,-55
101000150,89,179,-90
101000151,362,27,335
101000152,311,251,60
101000153,405,141,264
101000154,385,386,-1
101000155,430,166,264
101000156,71,437,-366
101000157,72,96,-24
101000160,9,11,-2
101000163,91,601,-510
101000164,252,85,167
101000165,360,460,-100
101000166,179,252,-73
101000168,812,702,110
101000252,2447,984,1463
101000254,24,96,-72
101000258,91,10,81
101000261,104,80,24
101000262,991,4810,-3819
101000263,189,1298,-1109
101000265,41,736,-695
101000266,179,106,73
101000269,5,26,-21
101000290,236,3190,-2954
101000293,3,45,-42
101000294,574,426,148
101000295,315,208,107
101000301,222,619,-397
101000304,1972,2814,-842
101000305,2447,1075,1372
101000328,97,1019,-922
101900001,19,28,-9
101900002,0,7,-7
101900003,18,180,-162
101900004,2,295,-293
101900005,1097,3456,-2359
101900006,1478,77,1401
101900007,362,309,53
101900008,40,237,-197
101900009,20,351,-331
101900010,401,629,-228
101900011,70,1041,-971
101900012,293,53,240
101900013,261,74,187
101900017,4,68,-64
101900018,588,223,365
101900019,39,137,-98
101900020,70,30,40
101900021,0,55,-55
101900022,202,369,-167
101900023,169,97,72
101900026,123,29,94
101900027,21,138,-117
102000001,3124,6112,-2988
102000002,1973,1564,409
102000003,2107,6689,-4582
102000004,2926,2450,476
102000005,1039,4119,-3080
102000006,628,1519,-891
102000007,1821,4825,-3004
102000008,3693,1450,2243
102000009,6868,8470,-1602
102000010,2940,2343,597
102000011,4074,4155,-81
102000012,3302,2522,780
102000018,2979,2953,26
102000019,2035,1699,336
102000026,493,377,116
102000029,269,270,-1
102000030,153,334,-181
102000031,59,85,-26
102000032,678,323,355
102000033,508,282,226
102000034,401,346,55
102000035,1240,456,784
102000036,8,176,-168
102000037,289,44,245
102000038,119,695,-576
102000039,104,231,-127
102000040,142,593,-451
102000041,36,1142,-1106
102000042,84,726,-642
102000043,37,626,-589
102000044,364,1421,-1057
102000045,677,897,-220
102000046,1193,806,387
102000047,757,806,-49
102000048,542,562,-20
102000049,891,1240,-349
102000050,1065,1322,-257
102000051,199,1015,-816
102000052,1118,1380,-262
102000053,636,1837,-1201
102000054,907,826,81
102000055,1422,290,1132
102000056,1564,278,1286
102000057,1625,451,1174
102000058,869,767,102
102000059,852,1034,-182
102000060,839,832,7
102000061,1582,1162,420
102000062,2222,924,1298
102000063,1081,1191,-110
102000064,490,506,-16
102000065,33,125,-92
102000066,686,779,-93
102000067,4462,3092,1370
102000068,8813,2937,5876
102000069,81,2896,-2815
102000070,1663,43,1620
102000071,7380,9158,-1778
102000072,2063,3973,-1910
102000073,537,358,179
102000074,672,612,60
102000075,99,112,-13
102000076,368,227,141
102000077,708,238,470
102000078,1559,218,1341
102000079,142,62,80
102000080,399,208,191
102000081,184,705,-521
102000082,527,269,258
102000083,894,132,762
102000084,730,181,549
102000085,2116,709,1407
102000086,1704,806,898
102000087,596,1009,-413
102000088,404,283,121
102000089,1368,371,997
102000090,239,961,-722
102000091,1359,483,876
102000092,301,463,-162
102000093,678,446,232
102000094,531,366,165
102000095,598,945,-347
102000096,325,433,-108
102000097,657,507,150
102000098,286,712,-426
102000099,697,1156,-459
102000100,165,1726,-1561
102000101,356,626,-270
102000102,645,1037,-392
102000103,3165,432,2733
102000104,869,314,555
102000105,267,521,-254
102000106,772,414,358
102000107,1889,225,1664
102000108,542,247,295
102000109,839,354,485
102000110,1564,647,917
102000111,12,466,-454
102000112,72,120,-48
102000113,31,36,-5
102000114,926,330,596
102000115,213,378,-165
102000116,181,655,-474
102000117,53,1006,-953
102000118,655,1528,-873
102000119,841,1907,-1066
102000120,171,500,-329
102000121,737,238,499
102000122,373,942,-569
102000123,822,533,289
102000124,976,1353,-377
102000125,322,486,-164
102000126,275,734,-459
102000127,740,387,353
102000128,493,907,-414
102000129,972,350,622
102000130,497,542,-45
102000131,643,446,197
102000132,208,414,-206
102000133,2722,1332,1390
102000134,898,636,262
102000135,860,574,286
102000136,1061,472,589
102000137,268,894,-626
102000138,268,283,-15
102000139,36,710,-674
102000140,68,1264,-1196
102000141,101,248,-147
102000142,405,228,177
102000143,334,189,145
102000144,407,135,272
102000145,372,210,162
102000146,365,212,153
102000147,422,343,79
102000148,289,514,-225
102000149,203,129,74
102000150,611,59,552
102000151,175,113,62
102000152,262,167,95
102000153,725,824,-99
102000154,183,415,-232
102000155,17,817,-800
102000156,184,235,-51
102000157,32,1456,-1424
102000158,246,347,-101
102000159,1759,1250,509
102000161,1844,1600,244
102000162,90,204,-114
102000163,78,305,-227
102000164,558,622,-64
102000165,207,139,68
102000166,51,155,-104
102000167,167,222,-55
102000168,137,152,-15
102000169,83,484,-401
102000170,813,131,682
102000171,79,54,25
102000172,29,253,-224
102000173,369,262,107
102000174,96,56,40
102000175,38,82,-44
102000176,49,12,37
102000178,184,440,-256
102000179,399,230,169
102000180,910,238,672
102000181,1008,242,766
102000182,488,219,269
102000183,1768,833,935
102000184,2105,613,1492
102000185,3159,604,2555
102000186,2176,950,1226
102000187,1166,645,521
102000188,1284,973,311
102000189,1655,273,1382
102000190,537,2300,-1763
102000191,789,226,563
102000192,2226,1590,636
102000193,83,98,-15
102000194,41,235,-194
102000195,477,311,166
102000196,268,238,30
102000197,932,142,790
102000198,254,378,-124
102000199,1270,135,1135
102000200,260,347,-87
102000201,1431,273,1158
102000202,2,131,-129
102000203,406,150,256
102000204,603,502,101
102000205,1471,419,1052
102000206,610,344,266
102000207,593,535,58
102000208,418,519,-101
102000209,41,158,-117
102000210,529,363,166
102000211,411,181,230
102000212,337,10,327
102000213,9,93,-84
102000214,378,9,369
102000215,3,149,-146
102000216,83,102,-19
102000217,0,38,-38
102000218,241,176,65
102000219,129,95,34
102000225,258,521,-263
102000226,160,226,-66
102000227,145,0,145
102000228,1,117,-116
102000229,36,48,-12
102000230,330,309,21
102000231,238,277,-39
102000232,79,204,-125
102000233,1119,311,808
102000234,81,945,-864
102000236,273,61,212
102000237,584,456,128
102000238,263,384,-121
102000240,407,892,-485
102000241,182,73,109
102000243,31,34,-3
102000245,9,94,-85
102000246,13,65,-52
102000247,249,321,-72
102000248,322,751,-429
102000249,132,82,50
102000250,60,128,-68
102000254,291,142,149
102000266,1,703,-702
102000271,28,0,28
102000286,303,186,117
102000297,1990,1179,811
102000301,2,8,-6
102000303,0,0,0
102000307,0,9,-9
102900001,773,445,328
102900002,266,27,239
102900003,80,140,-60
102900005,381,124,257
102900006,490,46,444
102900007,659,2,657
102900008,331,24,307
102900009,260,364,-104
102900010,123,857,-734
102900011,879,438,441
102900012,582,130,452
102900013,43,42,1
102900015,675,411,264
102900016,76,35,41
102900017,299,178,121
102900018,72,48,24
102900019,344,437,-93
102900020,259,15,244
102900021,46,27,19
102900022,138,96,42
102900023,3,10,-7
102900024,60,42,18
102900025,75,45,30
102900026,374,1991,-1617
102900027,119,45,74
102900028,209,831,-622
102900029,93,315,-222
102900030,294,293,1
102900031,265,102,163
102900032,105,38,67
102900033,51,185,-134
102900034,699,42,657
102900035,203,230,-27
102900036,368,207,161
102900037,231,133,98
102900038,511,181,330
102900039,10,615,-605
102900040,175,258,-83
102900041,99,122,-23
102900042,261,123,138
102900043,279,111,168
102900044,480,966,-486
102900045,274,291,-17
102900046,298,109,189
102900047,99,579,-480
102900048,497,187,310
102900049,87,427,-340
102900050,229,336,-107
102900051,138,140,-2
102900052,30,111,-81
102900053,222,502,-280
102900054,270,1353,-1083
102900055,170,263,-93
102900056,150,358,-208
102900057,5,39,-34
102900058,617,69,548
102900059,49,22,27
102900060,109,280,-171
102900061,130,165,-35
102900062,371,367,4
102900063,1726,247,1479
102900064,127,383,-256
102900065,648,226,422
102900066,244,11,233
102900068,83,165,-82
102900070,171,330,-159
102900072,7,55,-48
102900073,40,3,37
102900075,3,91,-88
102900076,42,107,-65
102900077,18,14,4
102900078,14,42,-28
102900079,244,1,243
102900080,380,15,365
102900081,48,293,-245
102900082,12,229,-217
102900083,156,7,149
102900084,6,74,-68
102900085,143,92,51
102900086,6,47,-41
102900087,193,126,67
102900088,29,42,-13
102900089,183,263,-80
102900090,0,225,-225
102900091,184,3,181
102900092,441,150,291
102900093,367,92,275
102900094,2,308,-306
102900095,47,1,46
102900096,48,11,37
102900097,9,23,-14
102900098,12,2,10
103000001,2005,2378,-373
103000002,2331,2814,-483
103000003,2827,3182,-355
103000004,677,592,85
103000005,1617,4317,-2700
103000006,1146,1492,-346
103000007,433,442,-9
103000008,957,1102,-145
103000009,2143,1216,927
103000010,149,76,73
103000011,949,706,243
103000012,1170,1583,-413
103000013,2443,1288,1155
103000014,1176,3223,-2047
103000015,2261,818,1443
103000016,554,1765,-1211
103000017,271,653,-382
103000018,715,174,541
103000019,348,558,-210
103000020,1185,1417,-232
103000021,1647,2733,-1086
103000022,718,956,-238
103000023,849,2634,-1785
103000024,73,55,18
103000025,111,1165,-1054
103000026,399,68,331
103000027,214,577,-363
103000028,109,182,-73
103000029,93,173,-80
103000030,1499,1468,31
103000031,671,2419,-1748
103000032,1722,1043,679
103000033,2692,2469,223
103000034,923,742,181
103000035,258,908,-650
103000036,291,203,88
103000037,525,372,153
103000038,408,811,-403
103000039,703,241,462
103000040,552,426,126
103000041,1887,978,909
103000042,1680,178,1502
103000043,974,545,429
103000044,215,63,152
103000046,386,393,-7
103000047,645,205,440
103000048,163,115,48
103000049,94,73,21
103000050,693,189,504
103000051,526,418,108
103000052,731,148,583
103000053,202,280,-78
103000054,1868,632,1236
103000055,1793,1247,546
103000056,860,674,186
103000057,1551,168,1383
103000058,522,473,49
103000059,770,425,345
103000060,687,214,473
103000061,561,607,-46
103000062,608,236,372
103000063,897,738,159
103000064,76,93,-17
103000065,4,130,-126
103000066,172,5,167
103000069,322,151,171
103000070,665,352,313
103000071,1512,509,1003
103000072,137,387,-250
103000073,956,97,859
103000074,754,94,660
103000075,118,414,-296
103000076,280,968,-688
103000077,15,266,-251
103000078,881,1593,-712
103000079,500,1170,-670
103000080,418,354,64
103000081,204,1280,-1076
103000082,395,179,216
103000083,101,450,-349
103000084,130,5,125
103000085,0,189,-189
103000086,322,541,-219
103000087,204,599,-395
103000088,169,461,-292
103000089,272,821,-549
103000090,5202,1197,4005
103000091,1770,636,1134
103000092,372,235,137
103000093,347,679,-332
103000094,207,125,82
103000095,90,306,-216
103000096,503,48,455
103000097,79,781,-702
103000098,552,126,426
103000099,126,706,-580
103000100,166,317,-151
103000101,1316,107,1209
103000102,91,260,-169
103000103,727,106,621
103000104,72,80,-8
103000105,249,69,180
103000106,6,161,-155
103000107,230,109,121
103000108,1920,1124,796
103000109,828,679,149
103000110,885,611,274
103000111,241,736,-495
103000112,186,534,-348
103000113,264,1506,-1242
103000114,1249,1212,37
103000115,757,716,41
103000116,702,313,389
103000117,635,480,155
103000118,356,311,45
103000119,884,238,646
103000120,74,219,-145
103000121,71,161,-90
103000122,328,358,-30
103000125,29,63,-34
103000126,563,1,562
103000127,19,57,-38
103000128,132,2,130
103000129,2,69,-67
103000130,96,38,58
103000131,61,100,-39
103000132,64,85,-21
103000133,11,98,-87
103000134,138,1080,-942
103000135,593,219,374
103000136,430,521,-91
103000137,362,812,-450
103000138,614,777,-163
103000139,1,113,-112
103000140,155,25,130
103000141,32,194,-162
103000142,76,143,-67
103000143,49,271,-222
103000144,137,81,56
103000145,1,172,-171
103000150,60,26,34
103000152,196,379,-183
103000153,220,419,-199
103000156,5,76,-71
103000157,430,1,429
103000159,209,84,125
103000162,36,12,24
103000163,8,16,-8
103000164,1,6,-5
103000165,56,146,-90
103000166,300,535,-235
103000167,235,241,-6
103000168,172,128,44
103000169,185,603,-418
103000170,1080,127,953
103000171,17,118,-101
103000172,759,139,620
103000173,834,139,695
103000174,346,191,155
103000175,237,130,107
103000176,871,733,138
103000177,244,312,-68
103000178,73,189,-116
103000179,112,50,62
103000183,365,13,352
103000185,197,31,166
103000186,266,62,204
103000187,1020,105,915
103000188,11,97,-86
103000189,708,468,240
103000191,423,508,-85
103000292,391,1544,-1153
103000293,544,2908,-2364
103000295,48,160,-112
103000296,36,2,34
103000297,2,66,-64
103000504,19,9,10
103000505,2,47,-45
103000506,3,76,-73
103000507,210,2,208
103000508,88,56,32
103000509,240,535,-295
103900001,25,47,-22
103900002,512,114,398
103900003,818,259,559
103900004,118,0,118
103900005,0,33,-33
103900006,0,2,-2
103900007,159,1,158
103900008,4,0,4
103900009,426,281,145
103900010,261,97,164
103900011,474,53,421
103900012,5,27,-22
103900013,124,33,91
103900014,60,10,50
103900015,87,6,81
103900016,160,78,82
103900017,66,83,-17
103900018,251,33,218
103900019,25,276,-251
103900020,262,420,-158
103900021,78,24,54
103900022,476,418,58
103900023,307,0,307
103900024,70,189,-119
103900025,9,17,-8
103900026,0,0,0
103900027,395,197,198
103900028,76,278,-202
103900029,1037,90,947
103900030,504,185,319
103900031,41,2,39
103900032,92,121,-29
103900033,72,40,32
103900034,25,36,-11
103900035,48,8,40
103900036,109,53,56
103900037,124,14,110
103900038,44,188,-144
103900039,178,59,119
103900040,15,56,-41
103900041,51,25,26
103900042,141,58,83
103900043,314,18,296
103900044,35,775,-740
103900045,235,134,101
103900047,108,7,101
103900048,14,79,-65
103900049,77,1529,-1452
103900050,35,135,-100
103900051,3,46,-43
103900052,222,286,-64
103900053,430,114,316
103900054,185,117,68
103900055,425,141,284
103900056,41,42,-1
103900057,179,25,154
103900058,352,185,167
103900059,0,63,-63
103900060,61,54,7
103900061,216,14,202
103900062,567,175,392
103900063,2,0,2
103900064,260,5,255
103900065,209,193,16
103900066,320,99,221
103900067,237,8,229
103900068,0,0,0
103900069,121,9,112
103900070,80,95,-15
103900071,17,33,-16
103900072,24,66,-42
103900073,52,68,-16
103900074,133,18,115
103900075,448,18,430
103900076,763,165,598
103900077,41,256,-215
103900078,314,33,281
103900079,78,130,-52
103900080,3,21,-18
103900081,7,13,-6
103900082,47,124,-77
103900083,907,1994,-1087
103900084,74,105,-31
103900085,53,64,-11
103900086,1097,213,884
103900088,208,373,-165
103900089,18,121,-103
103900090,3,30,-27
103900091,606,128,478
103900092,435,706,-271
103900093,43,264,-221
103900094,4,49,-45
103900095,162,408,-246
103900096,83,83,0
103900097,10,227,-217
103900098,367,86,281
103900099,232,11,221
103900100,347,106,241
103900101,158,602,-444
103900102,0,44,-44
103900104,1,11,-10
103900105,23,68,-45
103900106,0,145,-145
103900107,199,34,165
103900108,24,82,-58
103900109,177,11,166
103900110,234,22,212
103900111,128,178,-50
103900112,22,67,-45
103900113,44,233,-189
103900114,831,132,699
103900115,139,139,0
103900116,1299,2102,-803
103900117,62,21,41
103900119,27,115,-88
103900120,80,26,54
103900122,224,39,185
103900123,331,651,-320
103900124,46,125,-79
103900125,145,50,95
103900126,544,111,433
103900127,155,168,-13
103900128,147,30,117
103900131,19,102,-83
103900133,867,3,864
103900134,0,11,-11
103900135,2,2,0
103900137,0,5,-5
103900138,172,59,113
103900139,124,3095,-2971
103900140,6,271,-265
103900141,189,36,153
103900142,318,36,282
103900143,108,0,108
103900144,0,13,-13
103900145,111,151,-40
103900146,133,96,37
103900147,472,67,405
103900148,288,61,227
103900149,209,148,61
103900150,3266,5131,-1865
103900151,11,97,-86
103900152,1242,93,1149
103900153,3,4,-1
103900154,209,2169,-1960
103900155,44,63,-19
103900156,73,24,49
103900157,114,31,83
103900158,197,21,176
103900159,227,19,208
103900160,49,28,21
103900161,71,162,-91
103900162,35,48,-13
103900163,1,211,-210
103900167,3,104,-101
103900168,56,88,-32
103900169,7,41,-34
103900170,0,34,-34
103900171,3,29,-26
103900172,7,9,-2
103900173,13,16,-3
103900174,253,11,242
103900175,8,68,-60
103900176,5,36,-31
103900177,14,12,2
103900178,59,7,52
103900179,52,16,36
103900180,7,21,-14
103900181,15,30,-15
103900182,2,42,-40
103900184,156,64,92
103900185,33,702,-669
103900187,13,125,-112
103900188,127,46,81
103900189,92,10,82
103900190,84,20,64
103900191,32,60,-28
103900192,16,58,-42
103900193,43,97,-54
103900194,52,65,-13
103900195,3,116,-113
103900196,49,28,21
103900197,6,15,-9
103900198,7,7,0
103900199,109,67,42
103900200,176,52,124
103900201,64,64,0
103900202,9,32,-23
103900203,32,41,-9
103900204,1,9,-8
103900207,1,11,-10
103900208,142,3,139
103900209,1,37,-36
103900210,19,11,8
103900211,699,73,626
103900212,219,84,135
103900213,41,278,-237
103900214,218,329,-111
103900215,156,310,-154
103900216,5,95,-90
103900217,210,39,171
103900218,1,242,-241
103900219,219,72,147
103900233,148,18,130
103900235,7,274,-267
103900236,2,4,-2
103900242,1,0,1
103900243,3,3,0
103900244,105,87,18
103900245,85,49,36
103900246,19,59,-40
103900247,2,47,-45
103900248,2,86,-84
103900249,1,42,-41
103900250,29,44,-15
103900251,1,30,-29
103900253,2,57,-55
103900254,1,39,-38
103900255,6,43,-37
103900256,13,26,-13
103900257,286,172,114
103900258,9,6,3
103900259,7,6,1
103900261,15,0,15
103900262,26,0,26
103900263,11,43,-32
103900264,14,9,5
103900265,9,0,9
103900266,2,63,-61
103900267,2,70,-68
103900268,16,19,-3
103900269,165,11,154
103900270,59,49,10
103900271,24,24,0
103900272,55,16,39
103900273,63,7,56
103900274,180,1,179
103900275,117,10,107
103900276,6,7,-1
103900277,4,19,-15
103900278,1,24,-23
103900279,2,18,-16
103900280,0,13,-13
104000001,3399,2009,1390
104000002,1983,1762,221
104000003,2305,1998,307
104000004,2457,2345,112
104000005,2304,2045,259
104000006,2875,2171,704
104000007,4085,3436,649
104000008,213,198,15
104000009,276,127,149
104000010,186,449,-263
104000011,328,206,122
104000012,137,224,-87
104000013,357,341,16
104000014,200,337,-137
104000015,543,139,404
104000016,275,215,60
104000018,973,222,751
104000019,617,227,390
104000020,86,261,-175
104000021,391,195,196
104000022,291,358,-67
104000023,1177,332,845
104000024,212,219,-7
104000026,79,174,-95
104000027,273,240,33
104000028,477,220,257
104000029,274,186,88
104000030,394,266,128
104000031,1302,282,1020
104000032,130,126,4
104000033,646,431,215
104000034,343,137,206
104000035,1111,299,812
104000036,1256,265,991
104000037,218,103,115
104000038,508,298,210
104000039,205,115,90
104000040,111,467,-356
104000041,526,299,227
104000042,107,170,-63
104000043,211,150,61
104000044,278,226,52
104000045,680,496,184
104000046,473,740,-267
104000047,483,664,-181
104000048,751,769,-18
104000049,738,196,542
104000050,113,619,-506
104000051,400,539,-139
104000052,2266,1861,405
104000053,1053,471,582
104000054,772,161,611
104000055,2513,2087,426
104000056,620,169,451
104000057,281,226,55
104000058,921,800,121
104000059,587,913,-326
104000060,1228,1239,-11
104000061,1084,580,504
104000062,245,95,150
104000064,690,313,377
104000065,123,440,-317
104000069,493,1597,-1104
104000070,96,467,-371
104000071,112,297,-185
104000072,471,178,293
104000075,60,173,-113
104000076,383,44,339
104000082,2313,4763,-2450
104000083,572,202,370
104000084,100,292,-192
104000085,444,168,276
104000086,216,329,-113
104000087,281,1474,-1193
104000090,1223,590,633
104000092,1585,1058,527
104000094,859,638,221
104000095,3483,1266,2217
104000096,2025,56,1969
104000097,2381,444,1937
104000098,3840,487,3353
104000100,2343,546,1797
104000101,1396,1261,135
104000106,12,543,-531
104000107,648,149,499
104000108,187,217,-30
104000109,317,139,178
104000110,534,884,-350
104000111,2002,2758,-756
104000112,571,293,278
104000116,0,426,-426
104000117,326,249,77
104000118,1101,134,967
104000119,772,206,566
104000120,295,205,90
104000121,225,385,-160
104000122,1135,701,434
104000123,818,532,286
104000124,356,900,-544
104000125,1933,4527,-2594
104000126,641,497,144
104000127,1127,1167,-40
104000128,537,149,388
104000129,351,10,341
104000130,10,180,-170
104000131,257,303,-46
104000132,219,409,-190
104000133,1550,594,956
104000134,1056,1235,-179
104000135,602,1402,-800
104000136,810,2817,-2007
104000137,2297,209,2088
104000138,1306,319,987
104000139,2446,2043,403
104000141,930,541,389
104000142,661,339,322
104000143,642,254,388
104000144,143,159,-16
104000145,429,165,264
104000146,132,459,-327
104000147,143,300,-157
104000148,458,152,306
104000149,189,117,72
104000150,1111,478,633
104000151,236,140,96
104000152,642,237,405
104000153,650,465,185
104000154,702,255,447
104000155,448,758,-310
104000157,1352,820,532
104000158,112,429,-317
104000159,779,627,152
104000160,1564,2374,-810
104000161,234,134,100
104000162,128,117,11
104000165,538,668,-130
104000167,773,1606,-833
104000168,671,5,666
104000169,204,34,170
104000170,224,355,-131
104000248,306,350,-44
104000251,83,132,-49
104000272,0,0,0
104000273,0,0,0
104000274,0,0,0
104000275,0,0,0
104000279,522,310,212
104000290,64,234,-170
104000291,487,1085,-598
104000293,1483,1047,436
104000294,111,1,110
104000295,754,745,9
104000296,606,551,55
104000297,816,1632,-816
104000298,1772,1111,661
104000299,844,1179,-335
104900001,104,205,-101
104900002,57,280,-223
104900003,55,192,-137
104900004,78,88,-10
104900005,470,246,224
104900006,828,62,766
104900007,444,130,314
104900009,116,146,-30
104900010,62,28,34
104900011,3,19,-16
104900012,170,42,128
104900013,92,11,81
104900014,1392,369,1023
104900015,106,2,104
104900016,245,123,122
104900017,70,179,-109
104900018,28,77,-49
104900019,159,5988,-5829
104900020,28,187,-159
104900021,3,33,-30
104900022,2,179,-177
104900023,3,22,-19
104900024,18,213,-195
104900025,63,110,-47
104900026,0,72,-72
104900027,638,314,324
104900028,20,143,-123
104900029,24,19,5
104900030,584,173,411
104900031,45,231,-186
104900032,55,37,18
104900033,225,186,39
104900034,473,125,348
104900035,419,240,179
104900036,307,44,263
104900037,148,128,20
104900038,109,1006,-897
104900039,299,301,-2
104900040,565,64,501
104900041,367,145,222
104900042,218,232,-14
104900043,35,266,-231
104900044,1044,142,902
104900045,352,56,296
104900046,355,52,303
104900047,560,72,488
104900048,500,31,469
104900049,33,36,-3
104900050,266,24,242
104900051,254,10,244
104900052,194,6,188
104900053,525,68,457
104900054,149,19,130
104900055,195,1,194
104900056,254,11,243
104900057,38,1,37
104900058,300,294,6
104900059,123,82,41
104900060,0,163,-163
104900061,113,238,-125
104900063,0,205,-205
104900064,0,100,-100
104900065,0,332,-332
104900066,1,77,-76
104900067,0,261,-261
104900068,106,113,-7
104900070,64,148,-84
104900071,0,350,-350
104900072,42,162,-120
104900073,69,28,41
104900074,55,87,-32
104900075,32,7,25
104900076,134,111,23
104900077,235,174,61
104900078,184,212,-28
104900079,82,1094,-1012
104900080,131,348,-217
104900082,16,175,-159
104900085,1,89,-88
104900087,308,3,305
104900089,440,0,440
104900090,1375,773,602
104900091,422,311,111
104900093,142,275,-133
104900097,1112,3105,-1993
104900098,314,35,279
104900099,82,697,-615
104900100,272,154,118
104900102,55,38,17
104900103,237,39,198
104900104,1359,1653,-294
104900106,215,89,126
104900107,73,92,-19
104900108,22,97,-75
104900109,84,84,0
104900110,11,53,-42
104900111,375,27,348
104900112,316,212,104
104900113,790,175,615
104900114,543,263,280
104900115,765,127,638
104900116,640,70,570
104900118,3,13,-10
104900119,0,21,-21
104900120,9,638,-629
104900121,0,16,-16
104900122,0,44,-44
104900123,96,19,77
104900124,47,0,47
104900125,442,1,441
104900126,27,15,12
104900127,12,64,-52
104900128,116,100,16
104900129,757,2578,-1821
105000001,2983,1373,1610
105000002,2581,1636,945
105000003,2506,4010,-1504
105000004,850,676,174
105000005,1385,1210,175
105000006,1336,2070,-734
105000007,1700,2957,-1257
105000008,1006,3938,-2932
105000009,2742,3056,-314
105000010,1953,774,1179
105000011,3256,2878,378
105000012,2062,1419,643
105000013,1106,1171,-65
105000014,3128,3265,-137
105000015,7290,12627,-5337
105000016,831,781,50
105000017,1222,651,571
105000018,780,1871,-1091
105000019,830,1104,-274
105000020,91,547,-456
105000021,229,197,32
105000022,85,158,-73
105000023,746,160,586
105000028,45,43,2
105000029,533,1241,-708
105000030,2370,1321,1049
105000033,669,1015,-346
105000034,111,856,-745
105000037,475,106,369
105000038,1056,1528,-472
105000039,944,703,241
105000040,675,1052,-377
105000041,184,633,-449
105000042,1505,1431,74
105000043,611,992,-381
105000044,582,357,225
105000045,139,253,-114
105000046,922,272,650
105000047,407,339,68
105000048,939,220,719
105000049,193,349,-156
105000050,959,450,509
105000051,163,291,-128
105000052,649,681,-32
105000053,77,81,-4
105000054,386,536,-150
105000055,547,144,403
105000056,1446,1246,200
105000057,1069,301,768
105000058,1010,533,477
105000059,960,606,354
105000060,411,332,79
105000061,1410,648,762
105000062,451,375,76
105000063,220,195,25
105000064,2152,698,1454
105000065,285,453,-168
105000066,638,988,-350
105000067,1695,1073,622
105000068,219,733,-514
105000069,1403,2372,-969
105000070,364,1293,-929
105000071,251,1732,-1481
105000072,1354,4784,-3430
105000073,981,575,406
105000074,451,439,12
105000075,486,458,28
105000076,986,1190,-204
105000077,1953,886,1067
105000078,727,1290,-563
105000079,778,2454,-1676
105000080,1688,1499,189
105000081,1159,1075,84
105000082,574,1818,-1244
105000083,1959,3025,-1066
105000084,530,464,66
105000085,2040,2021,19
105000086,724,671,53
105000087,1117,1079,38
105000088,1833,2184,-351
105000089,1305,1122,183
105000090,517,431,86
105000091,570,1072,-502
105000092,439,1334,-895
105000093,348,382,-34
105000094,167,157,10
105000095,110,592,-482
105000096,1147,1990,-843
105000097,517,575,-58
105000098,1427,1515,-88
105000099,609,1626,-1017
105000100,1656,802,854
105000101,2269,1270,999
105000102,1607,1395,212
105000103,1160,1685,-525
105000104,1934,758,1176
105000105,1103,1374,-271
105000106,1411,894,517
105000107,1511,617,894
105000108,1423,969,454
105000109,2107,874,1233
105000110,807,412,395
105000111,1713,326,1387
105000112,987,460,527
105000113,571,692,-121
105000114,1310,1363,-53
105000115,398,1648,-1250
105000116,1099,457,642
105000117,730,628,102
105000118,820,252,568
105000119,318,279,39
105000120,1509,420,1089
105000121,702,431,271
105000122,339,536,-197
105000123,658,654,4
105000124,2250,596,1654
105000125,691,826,-135
105000126,1742,1152,590
105000127,2567,954,1613
105000128,607,923,-316
105000129,1106,143,963
105000130,130,3030,-2900
105000131,343,144,199
105000132,1358,632,726
105000133,462,560,-98
105000134,1167,591,576
105000135,327,549,-222
105000136,110,159,-49
105000137,803,225,578
105000138,204,137,67
105000139,717,359,358
105000140,579,285,294
105000141,334,226,108
105000142,324,295,29
105000143,208,336,-128
105000144,194,419,-225
105000145,624,179,445
105000146,258,537,-279
105000147,645,344,301
105000148,792,689,103
105000149,2670,2340,330
105000150,980,681,299
105000151,568,379,189
105000152,163,337,-174
105000153,819,496,323
105000154,618,441,177
105000155,537,600,-63
105000156,258,504,-246
105000157,486,1241,-755
105000158,1990,752,1238
105000159,274,785,-511
105000160,3842,885,2957
105000161,580,1222,-642
105000162,829,2817,-1988
105000163,854,897,-43
105000164,142,311,-169
105000165,690,8827,-8137
105000166,4253,1214,3039
105000167,978,2762,-1784
105000168,346,268,78
105000169,834,107,727
105000170,257,789,-532
105000171,1075,116,959
105000172,217,19,198
105000173,299,14,285
105000174,107,14,93
105000175,97,45,52
105000176,447,30,417
105000177,358,171,187
105000178,304,258,46
105000179,952,51,901
105000180,259,37,222
105000181,202,99,103
105000182,126,24,102
105000183,1461,2367,-906
105000184,335,617,-282
105000185,606,876,-270
105000186,350,414,-64
105000187,739,135,604
105000188,72,159,-87
105000189,54,432,-378
105000190,204,207,-3
105000191,252,221,31
105000192,294,44,250
105000193,62,114,-52
105000194,792,71,721
105000195,272,478,-206
105000196,81,223,-142
105000197,147,321,-174
105000198,267,168,99
105000199,83,352,-269
105000200,115,345,-230
105000201,69,29,40
105000203,11,117,-106
105000204,64,40,24
105000205,82,121,-39
105000207,157,97,60
105000208,127,537,-410
105000209,208,98,110
105000212,982,371,611
105000213,75,219,-144
105000214,95,122,-27
105000215,179,128,51
105000216,187,66,121
105000217,261,164,97
105000218,1777,961,816
105000221,160,192,-32
105000222,226,29,197
105000223,362,66,296
105000226,76,98,-22
105000227,68,67,1
105000228,67,1604,-1537
105000229,221,576,-355
105000231,468,293,175
105000233,783,609,174
105000234,426,656,-230
105000235,386,549,-163
105000237,1178,111,1067
105000243,78,21,57
105000248,26,85,-59
105000262,417,318,99
105000269,161,142,19
105000270,645,25,620
105000271,0,145,-145
105000282,20,33,-13
105000287,225,47,178
105000288,536,279,257
105000289,751,1505,-754
105000290,3,14,-11
105000402,1380,3500,-2120
105000426,171,400,-229
105000438,1096,901,195
105000446,5328,2982,2346
105000447,1649,1042,607
105000454,811,163,648
105000455,165,89,76
105000474,49,0,49
105000477,639,360,279
105000478,2171,4805,-2634
105000479,166,191,-25
105000480,4565,7540,-2975
105000481,4764,4701,63
105000482,1945,3235,-1290
105000483,2009,3120,-1111
105000484,1076,1474,-398
105000485,1040,3230,-2190
105000486,1150,1811,-661
105000488,3164,1710,1454
105000489,1248,878,370
105000549,80,81,-1
105000550,268,1082,-814
105000551,32,46,-14
105000552,1833,930,903
105000555,728,1252,-524
105000556,32,8,24
105000557,15,26,-11
105900001,5,1363,-1358
105900002,535,850,-315
105900003,24,103,-79
105900004,145,62,83
105900005,26,70,-44
105900006,2,60,-58
105900007,22,16,6
105900008,98,224,-126
105900009,17,18,-1
105900011,125,18,107
105900012,321,42,279
105900013,1,28,-27
105900014,6,40,-34
105900015,62,245,-183
105900016,423,150,273
105900017,1061,17,1044
105900018,88,107,-19
105900019,62,136,-74
105900020,34,41,-7
105900021,12,125,-113
105900022,166,87,79
105900023,4,32,-28
105900024,2,208,-206
105900025,252,5,247
105900026,122,11,111
105900027,7537,3208,4329
105900028,75,82,-7
105900029,2154,404,1750
105900030,217,287,-70
105900031,354,145,209
105900032,119,163,-44
105900033,47,62,-15
105900034,316,118,198
105900035,258,85,173
105900036,137,78,59
105900037,153,29,124
105900038,139,159,-20
105900039,89,45,44
105900040,100,62,38
105900041,145,67,78
105900042,111,130,-19
105900043,723,51,672
105900044,2,319,-317
105900045,4,1098,-1094
105900046,0,212,-212
105900047,3,40,-37
105900048,107,274,-167
105900050,1805,4329,-2524
105900051,32,885,-853
105900052,643,106,537
105900053,896,2626,-1730
105900054,146,82,64
105900056,264,359,-95
105900057,8,74,-66
105900058,15,14,1
105900059,2,76,-74
106000001,1642,1917,-275
106000002,811,2567,-1756
106000003,2446,3677,-1231
106000004,1312,1857,-545
106000005,3761,3509,252
106000006,3791,1388,2403
106000007,480,361,119
106000008,368,266,102
106000009,462,273,189
106000010,377,394,-17
106000011,1928,928,1000
106000012,754,819,-65
106000013,1864,1548,316
106000014,1432,925,507
106000015,2328,911,1417
106000016,1085,957,128
106000017,538,690,-152
106000018,485,395,90
106000019,376,407,-31
106000020,384,221,163
106000021,357,379,-22
106000022,389,129,260
106000023,810,239,571
106000024,361,328,33
106000025,156,134,22
106000026,51,142,-91
106000027,1864,1491,373
106000028,556,219,337
106000029,543,491,52
106000030,141,370,-229
106000034,117,258,-141
106000035,827,1681,-854
106000036,116,256,-140
106000037,1050,819,231
106000038,107,156,-49
106000039,39,130,-91
106000040,89,701,-612
106000041,542,318,224
106000043,494,274,220
106000046,318,63,255
106000047,20,369,-349
106000049,1016,126,890
106000050,263,256,7
106000051,878,469,409
106000052,110,218,-108
106000053,486,140,346
106000054,208,182,26
106000055,782,523,259
106000056,250,112,138
106000057,455,188,267
106000058,108,81,27
106000059,475,274,201
106000060,221,223,-2
106000061,236,665,-429
106000062,118,234,-116
106000063,962,632,330
106000064,15,160,-145
106000065,419,171,248
106000066,78,215,-137
106000067,416,72,344
106000068,93,392,-299
106000069,351,75,276
106000070,354,410,-56
106000071,714,224,490
106000072,2278,1192,1086
106000073,1301,4456,-3155
106000074,559,699,-140
106000075,408,1037,-629
106000076,1439,1274,165
106000077,1583,732,851
106000078,1179,452,727
106000079,896,506,390
106000080,1038,308,730
106000081,1051,679,372
106000082,1545,440,1105
106000083,521,1041,-520
106000084,827,494,333
106000085,1301,1178,123
106000086,425,593,-168
106000087,792,341,451
106000088,338,687,-349
106000089,963,247,716
106000090,401,495,-94
106000091,170,241,-71
106000092,1154,195,959
106000093,463,110,353
106000094,68,162,-94
106000095,1002,557,445
106000096,1051,414,637
106000097,1285,595,690
106000098,905,480,425
106000099,180,524,-344
106000100,1248,125,1123
106000101,640,177,463
106000102,84,452,-368
106000103,184,317,-133
106000104,945,211,734
106000105,427,326,101
106000106,829,204,625
106000107,146,134,12
106000108,633,136,497
106000109,199,96,103
106000110,319,85,234
106000111,154,130,24
106000112,330,638,-308
106000113,448,450,-2
106000114,428,842,-414
106000115,263,289,-26
106000116,476,147,329
106000117,626,376,250
106000118,1400,1248,152
106000119,829,467,362
106000120,900,1592,-692
106000121,325,120,205
106000122,249,103,146
106000123,759,100,659
106000124,126,68,58
106000125,58,106,-48
106000126,497,49,448
106000127,1320,439,881
106000128,890,114,776
106000129,633,292,341
106000130,965,241,724
106000131,97,634,-537
106000132,382,134,248
106000133,1470,1507,-37
106000134,423,2884,-2461
106000135,68,574,-506
106000136,631,1263,-632
106000137,46,524,-478
106000138,2130,82,2048
106000139,105,25,80
106000140,57,38,19
106000141,148,31,117
106000142,123,37,86
106000143,37,51,-14
106000144,33,70,-37
106000145,450,121,329
106000146,519,77,442
106000147,283,195,88
106000148,350,396,-46
106000149,618,263,355
106000150,595,1829,-1234
106000151,2283,523,1760
106000152,596,2263,-1667
106000153,119,1543,-1424
106000154,887,86,801
106000155,209,289,-80
106000156,1588,123,1465
106000157,487,1346,-859
106000158,1343,648,695
106000159,1999,1967,32
106000160,550,3914,-3364
106000161,980,208,772
106000162,384,1326,-942
106000163,350,133,217
106000164,759,199,560
106000165,267,260,7
106000166,993,149,844
106000167,341,411,-70
106000168,942,150,792
106000169,218,244,-26
106000170,1009,94,915
106000171,191,911,-720
106000172,2470,1452,1018
106000173,744,2484,-1740
106000174,1219,326,893
106000175,197,394,-197
106000176,1925,561,1364
106000177,682,1247,-565
106000178,2618,1043,1575
106000179,470,1307,-837
106000180,487,460,27
106000181,995,892,103
106000182,1686,445,1241
106000183,1660,289,1371
106000184,1237,361,876
106000185,1011,855,156
106000186,398,35,363
106000187,48,816,-768
106000188,0,0,0
106000189,20,24,-4
106000190,32,0,32
106000191,513,86,427
106000192,2,4,-2
106000193,362,146,216
106000194,77,194,-117
106000195,165,53,112
106000196,19,161,-142
106000197,514,119,395
106000198,191,57,134
106000199,455,684,-229
106000200,216,148,68
106000201,424,3648,-3224
106000202,1809,388,1421
106000203,43,179,-136
106000204,107,8,99
106000205,12,100,-88
106000206,98,21,77
106000207,17,255,-238
106000208,1423,130,1293
106000209,1773,294,1479
106000210,155,489,-334
106000211,135,834,-699
106000212,988,430,558
106000213,139,724,-585
106000214,1023,270,753
106000215,312,282,30
106000216,498,295,203
106000217,221,252,-31
106000218,347,218,129
106000219,148,176,-28
106000220,555,123,432
106000221,257,72,185
106000222,133,50,83
106000223,542,120,422
106000224,249,47,202
106000225,63,98,-35
106000226,43,103,-60
106000228,103,87,16
106000229,64,402,-338
106000231,941,82,859
106000232,53,120,-67
106000233,439,52,387
106000234,76,132,-56
106000235,185,84,101
106000236,34,43,-9
106000237,1,12,-11
106000238,9,23,-14
106000239,0,92,-92
106000240,39,2,37
106000241,7,497,-490
106000242,245,13,232
106000249,94,45,49
106000250,25,491,-466
106000251,125,8,117
106000252,10,53,-43
106000253,40,47,-7
106000254,87,27,60
106000255,21,140,-119
106000256,43,22,21
106000257,119,113,6
106000258,77,20,57
106000259,1,29,-28
106000260,42,1,41
106000261,4,30,-26
106000262,64,4,60
106000263,5,14,-9
106000264,140,9,131
106000265,9,66,-57
106000266,109,21,88
106000267,1,44,-43
106000268,160,30,130
106000269,10,42,-32
106000270,78,190,-112
106000271,103,121,-18
106000272,96,39,57
106000273,31,181,-150
106000274,124,26,98
106000275,153,145,8
106000276,62,15,47
106000277,110,130,-20
106000278,55,21,34
106000279,7,14,-7
106000280,107,46,61
106000281,103,26,77
106000282,50,29,21
106000283,85,36,49
106000284,155,54,101
106000285,74,48,26
106000286,150,63,87
106000287,96,48,48
106000288,61,87,-26
106000289,69,56,13
106000290,61,22,39
106000291,64,76,-12
106000292,39,43,-4
106000293,96,81,15
106000294,41,49,-8
106000295,27,60,-33
106000296,34,55,-21
106000297,30,189,-159
106000298,38,72,-34
106000299,33,69,-36
106000300,53,79,-26
106000301,52,68,-16
106000303,16,39,-23
106000304,29,6,23
106000305,59,19,40
106000306,31,33,-2
106000307,87,11,76
106000308,29,64,-35
106000309,3,27,-24
106000310,296,228,68
106000311,397,106,291
106000312,139,63,76
106000313,368,99,269
106000318,39,285,-246
106000319,1150,242,908
106000320,3,51,-48
106000321,200,92,108
106000322,241,35,206
106000324,14,34,-20
106000325,2086,793,1293
106000326,924,968,-44
106000327,200,46,154
106000328,20,46,-26
106000329,61,135,-74
106000330,48,60,-12
106000428,82,167,-85
106000429,179,243,-64
106000430,333,668,-335
106000431,2556,421,2135
106000432,943,1793,-850
106000433,2288,1283,1005
106000434,3260,1098,2162
106000435,881,1490,-609
106000436,11,131,-120
106000437,419,76,343
106000438,194,299,-105
106000439,90,305,-215
106000440,138,335,-197
106000441,2,1,1
106000442,135,3,132
106000443,299,147,152
106000450,3,47,-44
106000451,14,111,-97
106000454,3,53,-50
106000455,2,165,-163
106000456,60,24,36
106000457,49,306,-257
106000458,941,48,893
106000459,301,97,204
106000460,1457,13,1444
106000461,180,275,-95
106000462,2,52,-50
106000463,4,5,-1
106000464,3,136,-133
106000465,748,2,746
106000466,2,153,-151
106000467,156,180,-24
106000468,71,81,-10
106000469,67,0,67
106000470,158,1842,-1684
106000471,14,317,-303
106000472,110,19,91
106000473,24,8,16
106000474,297,277,20
106000475,411,134,277
106000476,99,263,-164
106000477,37,56,-19
106000480,0,480,-480
106900001,0,12,-12
106900002,0,137,-137
106900003,82,755,-673
106900004,0,5,-5
106900006,0,2,-2
106900007,0,1,-1
106900008,628,59,569
106900009,474,85,389
106900010,264,146,118
106900012,796,2807,-2011
106900013,413,166,247
106900014,66,0,66
106900015,25,0,25
106900016,388,9,379
106900017,13,0,13
106900018,15,0,15
106900019,129,3,126
106900020,1203,2237,-1034
106900021,134,77,57
106900022,1148,5,1143
106900023,30,94,-64
106900024,712,33,679
106900025,9,359,-350
106900026,0,135,-135
106900027,902,3,899
107000001,2429,5881,-3452
107000002,1186,2025,-839
107000003,7345,6066,1279
107000004,2860,1552,1308
107000005,7684,6089,1595
107000006,2717,1345,1372
107000007,5498,8429,-2931
107000008,3657,2648,1009
107000009,9497,7384,2113
107000010,4719,3503,1216
107000011,444,566,-122
107000012,1572,1294,278
107000013,133,25,108
107000014,59,90,-31
107000015,353,295,58
107000016,802,287,515
107000017,531,1726,-1195
107000018,2,1612,-1610
107000020,533,1791,-1258
107000021,880,331,549
107000022,732,1226,-494
107000023,1402,145,1257
107000024,547,1099,-552
107000025,194,301,-107
107000026,315,281,34
107000027,1404,570,834
107000028,1084,570,514
107000029,3546,2834,712
107000030,1459,1172,287
107000031,5323,2140,3183
107000032,253,580,-327
107000033,1802,2885,-1083
107000034,3123,804,2319
107000035,434,183,251
107000036,336,1042,-706
107000037,104,732,-628
107000038,177,128,49
107000039,874,611,263
107000040,226,146,80
107000041,1156,625,531
107000042,354,1900,-1546
107000043,1463,945,518
107000044,257,197,60
107000045,28,149,-121
107000046,901,331,570
107000047,388,475,-87
107000048,685,189,496
107000049,424,531,-107
107000050,851,377,474
107000051,143,217,-74
107000052,842,1218,-376
107000053,328,338,-10
107000054,54,127,-73
107000055,311,148,163
107000056,363,333,30
107000057,1009,122,887
107000058,1659,2362,-703
107000059,1641,1978,-337
107000060,5191,4843,348
107000061,3139,1647,1492
107000062,6328,2727,3601
107000063,3245,2143,1102
107000064,5179,2713,2466
107000065,2320,2106,214
107000066,1654,2834,-1180
107000067,1414,1655,-241
107000068,795,1392,-597
107000069,1057,752,305
107000070,987,8,979
107000071,3790,59,3731
107000072,23,939,-916
107000073,1019,623,396
107000074,104,432,-328
107000075,2152,391,1761
107000076,227,654,-427
107000077,3787,1169,2618
107000078,959,1336,-377
107000079,2762,871,1891
107000080,504,1331,-827
107000081,2662,458,2204
107000082,450,499,-49
107000083,1480,525,955
107000084,260,564,-304
107000085,2853,2979,-126
107000086,2256,2105,151
107000087,3227,2313,914
107000088,2194,2378,-184
107000089,2001,2036,-35
107000090,956,758,198
107000091,1787,1199,588
107000092,898,648,250
107000093,1404,910,494
107000094,725,607,118
107000095,891,513,378
107000096,493,349,144
107000097,845,236,609
107000098,273,287,-14
107000099,458,354,104
107000100,249,172,77
107000101,146,221,-75
107000102,181,189,-8
107000103,315,165,150
107000104,140,182,-42
107000105,481,138,343
107000106,99,122,-23
107000107,549,68,481
107000108,121,297,-176
107000109,621,115,506
107000110,45,178,-133
107000111,486,31,455
107000112,49,93,-44
107000113,819,83,736
107000114,57,227,-170
107000115,864,380,484
107000116,71,387,-316
107000117,97,1557,-1460
107000118,38,115,-77
107000119,1115,1604,-489
107000120,650,613,37
107000121,953,590,363
107000122,799,381,418
107000123,613,474,139
107000124,643,275,368
107000125,1299,354,945
107000126,1154,186,968
107000129,228,254,-26
107000130,920,203,717
107000131,223,292,-69
107000132,456,214,242
107000133,263,298,-35
107000134,270,0,270
107000135,0,397,-397
107000136,530,2,528
107000137,6,633,-627
107000138,122,21,101
107000139,5,765,-760
107000140,1684,45,1639
107000141,51,573,-522
107000142,587,63,524
107000143,54,451,-397
107000144,508,577,-69
107000145,136,250,-114
107000146,214,274,-60
107000147,4098,603,3495
107000150,313,3466,-3153
107000151,22,39,-17
107000152,997,2129,-1132
107000153,57,154,-97
107000154,36,375,-339
107000155,947,1,946
107000156,1161,5,1156
107000157,20,371,-351
107000158,1184,10,1174
107000159,15,307,-292
107000160,1648,106,1542
107000161,41,304,-263
107000162,278,529,-251
107000163,168,1,167
107000164,737,2,735
107000165,1464,5,1459
107000166,12,237,-225
107000167,891,159,732
107000168,998,416,582
107000169,303,315,-12
107000170,3209,538,2671
107000171,430,514,-84
107000172,1351,1581,-230
107000173,210,315,-105
107000174,981,6104,-5123
107000175,2260,684,1576
107000176,0,0,0
107000177,1,0,1
107000178,16,2,14
107000179,254,624,-370
107000180,2032,101,1931
107000181,453,425,28
107000182,2118,382,1736
107000183,209,395,-186
107000184,1379,395,984
107000185,299,656,-357
107000186,1226,298,928
107000187,1072,890,182
107000188,542,337,205
107000189,642,522,120
107000190,549,438,111
107000191,972,818,154
107000192,1453,401,1052
107000193,360,492,-132
107000194,712,466,246
107000197,806,206,600
107000198,245,307,-62
107000199,1017,477,540
107000200,615,576,39
107000201,370,480,-110
107000202,357,337,20
107000203,561,1589,-1028
107000204,557,1653,-1096
107000205,951,608,343
107000206,381,1810,-1429
107000207,450,1302,-852
107000208,405,528,-123
107000209,568,891,-323
107000210,118,175,-57
107000211,0,67,-67
107000212,10,142,-132
107000213,2,22,-20
107000214,8,69,-61
107000215,532,169,363
107000216,504,192,312
107000217,154,101,53
107000219,87,330,-243
107000220,195,94,101
107000222,207,270,-63
107000224,439,50,389
107000225,136,135,1
107000226,457,53,404
107000227,101,102,-1
107000228,161,409,-248
107000229,39,90,-51
107000230,981,385,596
107000231,366,2039,-1673
107000232,154,30,124
107000233,183,990,-807
107000234,6,66,-60
107000235,53,14,39
107000236,11,364,-353
107000237,28,0,28
107000238,19,1,18
107000239,1278,461,817
107000240,55,181,-126
107000243,0,25,-25
107000244,4,55,-51
107000246,0,794,-794
107000249,0,905,-905
107000251,0,228,-228
107000252,1,316,-315
107000255,140,200,-60
107000257,4,255,-251
107000258,0,136,-136
107000259,2,89,-87
107000260,1784,11,1773
107000262,4,128,-124
107000263,452,4,448
107000266,22,12,10
107000267,36,48,-12
107000268,106,40,66
107000269,63,15,48
107000270,201,38,163
107000271,13,0,13
107000272,123,0,123
107000273,1,151,-150
107000274,325,130,195
107000275,5,743,-738
107000280,1092,21,1071
107000281,31,227,-196
107000282,18,237,-219
107000290,7,35,-28
107000291,7,1,6
107000292,0,161,-161
107000293,26,4,22
107000294,0,41,-41
107000295,17,2,15
107000296,0,10,-10
107000444,304,1,303
107000496,2,2,0
107000497,913,815,98
107000500,351,263,88
107000501,66,149,-83
107000502,144,266,-122
107000505,231,506,-275
107000506,0,1,-1
107000508,2,122,-120
107000509,87,662,-575
107000510,57,56,1
107000514,40,418,-378
107000515,8,67,-59
107000516,561,234,327
107000518,1318,2563,-1245
107000519,892,436,456
107000520,112,47,65
107000521,743,122,621
107000522,1147,262,885
107900001,94,47,47
107900002,72,10,62
107900003,242,3,239
107900004,42,2,40
107900005,2153,4,2149
107900006,172,6,166
107900007,459,38,421
107900008,11,8,3
107900009,109,7,102
107900010,41,7,34
107900012,333,90,243
107900013,120,2,118
107900014,56,0,56
107900015,1072,5,1067
107900016,389,124,265
107900017,12,0,12
107900018,78,293,-215
107900019,23,4,19
107900020,20,17,3
107900021,112,22,90
107900023,2,0,2
107900024,0,14,-14
107900025,193,128,65
107900026,60,11,49
107900027,4,39,-35
107900028,187,39,148
107900030,263,34,229
107900031,127,65,62
107900032,4,2,2
107900033,13,2,11
107900034,197,15,182
107900035,1475,79,1396
107900036,53,33,20
107900037,0,7,-7
107900038,50,264,-214
107900039,20,28,-8
107900040,2,187,-185
107900041,0,0,0
107900043,41,39,2
107900044,38,3,35
107900045,89,38,51
107900046,257,160,97
107900047,65,14,51
107900048,203,37,166
107900049,213,784,-571
107900050,36,79,-43
107900051,34,21,13
107900052,3,45,-42
107900053,89,42,47
107900055,441,189,252
107900056,73,100,-27
107900057,0,0,0
107900058,16,192,-176
107900060,1,29,-28
107900061,3,10,-7
107900063,98,108,-10
107900064,176,293,-117
107900065,421,16,405
107900066,25,2,23
107900067,0,0,0
107900068,93,987,-894
107900069,15,3060,-3045
107900070,175,110,65
107900071,19,190,-171
107900072,293,47,246
107900073,95,48,47
107900074,172,269,-97
107900076,197,21,176
107900077,127,3,124
107900079,11,10,1
107900080,129,890,-761
107900081,60,61,-1
107900082,0,5,-5
107900083,424,135,289
107900084,107,88,19
107900086,66,175,-109
107900087,120,90,30
107900088,125,16,109
107900089,242,601,-359
107900090,206,1651,-1445
107900091,93,53,40
107900092,6,1,5
107900093,43,81,-38
107900095,935,1326,-391
107900097,20,59,-39
107900098,76,157,-81
107900100,752,1266,-514
107900101,282,55,227
107900102,51,5,46
107900103,53,113,-60
107900104,183,0,183
107900105,0,78,-78
107900106,3,303,-300
107900107,392,335,57
107900108,101,57,44
107900109,1817,63,1754
107900110,44,16,28
107900111,7,241,-234
107900112,36,532,-496
107900113,152,44,108
107900114,286,38,248
107900115,1,11,-10
107900116,217,42,175
107900117,196,66,130
107900118,13,76,-63
107900119,97,169,-72
107900120,43,48,-5
107900121,0,77,-77
107900122,1,104,-103
107900123,28,38,-10
107900124,1,59,-58
107900125,6,169,-163
107900126,30,38,-8
107900127,183,226,-43
107900128,74,73,1
107900129,104,5,99
107900130,118,7,111
107900131,65,543,-478
107900132,13,182,-169
107900133,0,24,-24
107900134,29,78,-49
107900135,6,87,-81
107900136,10,30,-20
107900137,42,67,-25
107900138,62,17,45
107900139,46,17,29
107900141,10,11,-1
107900142,13,361,-348
107900143,13,6,7
107900144,1,62,-61
107900145,4,28,-24
107900146,13,62,-49
107900147,38,48,-10
107900148,158,57,101
107900149,362,48,314
107900150,10,156,-146
107900151,56,37,19
107900152,1,60,-59
107900153,51,229,-178
107900154,47,41,6
107900155,69,22,47
107900156,2,43,-41
107900157,4,20,-16
107900158,1053,21,1032
107900159,21,220,-199
107900160,187,44,143
107900161,55,17,38
107900162,0,18,-18
107900163,7,68,-61
107900164,29,31,-2
107900165,15,143,-128
107900166,46,27,19
107900167,5,36,-31
107900168,73,28,45
107900169,0,72,-72
107900171,1,173,-172
107900172,2,91,-89
107900173,16,37,-21
107900174,154,4,150
107900175,6,80,-74
107900176,52,10,42
107900177,1,44,-43
107900178,0,58,-58
107900179,17,51,-34
107900180,339,1022,-683
107900181,157,172,-15
107900182,0,178,-178
107900183,60,41,19
107900184,94,52,42
107900185,175,3,172
107900186,25,26,-1
107900187,1,50,-49
107900188,232,75,157
107900189,18,67,-49
107900190,19,195,-176
107900191,31,54,-23
107900193,2,65,-63
107900194,164,9,155
107900195,604,135,469
107900196,113,19,94
107900197,134,333,-199
107900199,2,175,-173
107900201,93,18,75
107900203,13,15,-2
107900204,207,120,87
107900206,509,479,30
107900207,3,128,-125
107900208,23,121,-98
107900209,162,104,58
107900210,33,29,4
107900213,165,249,-84
107900214,8,26,-18
107900215,75,322,-247
107900216,40,21,19
107900217,52,47,5
107900218,9,754,-745
107900219,27,18,9
107900220,48,136,-88
107900221,75,105,-30
107900223,151,69,82
107900224,33,333,-300
107900225,6,252,-246
107900226,34,38,-4
107900227,51,150,-99
107900228,51,68,-17
107900229,0,46,-46
107900230,21,9,12
107900231,25,53,-28
107900232,130,35,95
107900233,22,31,-9
107900234,121,35,86
107900235,6,73,-67
107900236,340,28,312
107900237,15,158,-143
107900238,42,21,21
107900239,228,426,-198
107900240,32,19,13
107900241,9,13,-4
107900242,33,90,-57
107900243,4,23,-19
107900244,337,4,333
107900245,763,18,745
107900246,240,25,215
107900248,576,88,488
107900249,988,38,950
107900250,0,183,-183
107900251,18,821,-803
107900252,828,68,760
107900253,233,13,220
107900254,33,71,-38
107900255,73,38,35
107900256,205,462,-257
107900257,244,82,162
107900258,109,51,58
107900259,48,2830,-2782
107900261,1,70,-69
107900262,18,20,-2
107900264,407,23,384
107900265,136,88,48
107900267,384,8,376
107900268,13,1,12
107900269,0,0,0
107900270,1,0,1
107900271,1,27,-26
107900272,20,40,-20
107900273,41,63,-22
107900274,151,0,151
107900275,40,0,40
107900276,0,39,-39
107900277,0,78,-78
107900278,437,70,367
107900279,47,73,-26
107900280,2094,1045,1049
107900281,459,5008,-4549
107900282,14,816,-802
107900283,531,873,-342
107900284,726,158,568
107900285,166,19,147
107900286,9,27,-18
107900287,340,87,253
107900290,1,311,-310
107900291,517,24,493
107900292,117,54,63
107900293,68,124,-56
107900295,57,13,44
107900297,3,195,-192
107900298,430,225,205
107900299,1202,2712,-1510
107900300,55,144,-89
107900301,674,751,-77
107900302,80,20,60
107900303,242,129,113
107900304,487,100,387
107900305,282,12,270
107900306,0,30,-30
107900307,10,148,-138
107900308,155,103,52
107900309,32,0,32
107900310,35,0,35
107900311,0,166,-166
107900312,14,1,13
107900313,0,114,-114
107900314,0,69,-69
107900315,1,27,-26
107900316,12,0,12
107900317,65,3,62
107900318,2,120,-118
107900319,8,53,-45
107900320,1,55,-54
107900321,192,6,186
107900322,0,30,-30
107900323,3,47,-44
107900324,102,2,100
107900325,98,0,98
107900326,349,60,289
107900327,0,117,-117
107900328,19,0,19
107900329,64,162,-98
107900330,8,75,-67
107900331,462,6,456
107900332,466,5,461
107900333,41,25,16
107900334,3,30,-27
107900335,17,37,-20
107900336,22,64,-42
107900337,311,948,-637
107900338,2,37,-35
107900339,0,12,-12
107900340,0,62,-62
107900341,39,0,39
107900342,149,66,83
107900343,25,0,25
107900344,5,22,-17
107900345,84,23,61
107900346,13,0,13
107900347,7,1,6
107900348,1,5,-4
107900349,15,3,12
107900350,6,101,-95
107900351,0,41,-41
107900352,6,4,2
107900353,17,3,14
107900354,10,18,-8
108000001,4439,3918,521
108000002,1684,1274,410
108000003,2594,3511,-917
108000004,8331,9132,-801
108000005,6716,5213,1503
108000006,3186,3503,-317
108000007,5002,4471,531
108000008,2775,3184,-409
108000009,4948,4840,108
108000010,2193,2744,-551
108000011,11631,9942,1689
108000012,7461,7123,338
108000014,477,1241,-764
108000015,887,203,684
108000016,176,778,-602
108000017,1209,316,893
108000018,1622,519,1103
108000019,723,657,66
108000020,1135,384,751
108000021,278,901,-623
108000022,275,657,-382
108000023,1543,210,1333
108000024,346,214,132
108000025,429,117,312
108000026,985,186,799
108000027,739,160,579
108000028,817,121,696
108000029,719,281,438
108000030,399,105,294
108000031,161,314,-153
108000032,2259,495,1764
108000033,497,467,30
108000034,1757,410,1347
108000035,471,951,-480
108000036,263,551,-288
108000037,2184,233,1951
108000038,3177,388,2789
108000039,362,932,-570
108000040,2195,794,1401
108000041,388,1349,-961
108000042,319,78,241
108000043,191,68,123
108000044,796,60,736
108000045,343,108,235
108000046,1691,257,1434
108000047,252,348,-96
108000048,61,121,-60
108000049,795,104,691
108000050,48,213,-165
108000051,469,201,268
108000052,85,280,-195
108000053,504,199,305
108000054,226,618,-392
108000055,1105,687,418
108000056,549,1058,-509
108000057,571,1322,-751
108000058,1641,3963,-2322
108000059,1746,991,755
108000060,257,654,-397
108000061,124,246,-122
108000062,1054,492,562
108000063,353,182,171
108000064,352,174,178
108000065,552,250,302
108000066,1224,706,518
108000067,2033,617,1416
108000068,999,370,629
108000069,129,374,-245
108000070,2209,674,1535
108000071,364,789,-425
108000072,1710,656,1054
108000073,655,846,-191
108000074,649,330,319
108000075,319,295,24
108000076,990,392,598
108000077,438,262,176
108000078,2264,711,1553
108000079,474,581,-107
108000080,1769,334,1435
108000081,449,716,-267
108000082,497,903,-406
108000083,1764,790,974
108000084,283,510,-227
108000085,1243,464,779
108000086,379,328,51
108000087,239,2117,-1878
108000088,571,70,501
108000089,307,215,92
108000090,240,42,198
108000091,176,269,-93
108000092,211,62,149
108000093,263,296,-33
108000094,764,82,682
108000095,210,151,59
108000096,397,181,216
108000097,215,171,44
108000098,1825,844,981
108000099,674,113,561
108000100,161,418,-257
108000101,1411,1402,9
108000102,1414,3362,-1948
108000106,715,1,714
108000107,1,607,-606
108000108,649,78,571
108000109,1,472,-471
108000110,341,276,65
108000111,156,410,-254
108000112,41,148,-107
108000113,235,131,104
108000115,226,226,0
108000117,349,319,30
108000118,164,1319,-1155
108000119,456,171,285
108000120,194,882,-688
108000121,168,221,-53
108000122,729,332,397
108000123,646,107,539
108000124,367,215,152
108000125,822,159,663
108000126,196,196,0
108000127,687,183,504
108000128,668,169,499
108000129,320,251,69
108000130,485,166,319
108000131,699,307,392
108000132,506,702,-196
108000133,1100,375,725
108000134,471,271,200
108000135,1118,560,558
108000136,227,380,-153
108000137,520,110,410
108000138,421,372,49
108000139,556,176,380
108000140,442,19,423
108000141,24,31,-7
108000142,38,29,9
108000143,48,89,-41
108000144,460,29,431
108000145,80,5,75
108000146,759,26,733
108000147,33,7,26
108000148,457,28,429
108000149,21,5,16
108000150,83,9,74
108000151,23,4,19
108000152,90,176,-86
108000153,855,119,736
108000154,46,3,43
108000155,86,34,52
108000156,345,194,151
108000157,146,1699,-1553
108000158,125,1022,-897
108000159,184,298,-114
108000160,1314,1162,152
108000161,1178,3957,-2779
108000165,0,271,-271
108000172,0,274,-274
108000173,534,2249,-1715
108000175,829,77,752
108000178,229,250,-21
108000179,91,944,-853
108000181,114,29,85
108000182,107,36,71
108000183,6,103,-97
108000184,617,3493,-2876
108000185,238,135,103
108000186,306,50,256
108000187,114,159,-45
108000188,733,69,664
108000189,645,8071,-7426
108000190,16,52,-36
108000192,311,157,154
108000193,277,7,270
108000194,9,8,1
108000195,1,570,-569
108000196,138,75,63
108000198,768,78,690
108000199,0,295,-295
108000200,438,120,318
108000203,161,168,-7
108000204,164,46,118
108000205,83,112,-29
108000339,669,382,287
108000364,100,300,-200
108000365,44,177,-133
108000367,176,154,22
108000368,6,30,-24
108000369,293,94,199
108000371,1,448,-447
108000372,585,3,582
108000373,195,69,126
108000376,129,25,104
108000377,701,98,603
108000378,8054,12857,-4803
108000379,30,112,-82
108000381,159,4,155
108000382,85,1,84
108000383,0,235,-235
108900001,21,234,-213
108900002,85,65,20
108900003,190,359,-169
108900004,393,373,20
108900005,24,230,-206
108900006,350,56,294
108900007,333,74,259
108900008,151,65,86
108900009,135,95,40
108900010,336,88,248
108900011,1048,214,834
108900012,392,187,205
108900013,161,180,-19
108900014,12,87,-75
108900015,0,121,-121
108900016,0,202,-202
108900017,146,322,-176
108900018,110,200,-90
108900019,14,139,-125
108900020,50,103,-53
108900021,141,79,62
108900022,97,13,84
108900023,5,12,-7
108900024,58,22,36
108900025,279,45,234
108900026,20,27,-7
108900027,0,15,-15
108900028,90,54,36
108900029,88,98,-10
108900030,0,25,-25
108900031,145,104,41
108900032,0,75,-75
108900033,0,22,-22
108900034,1,40,-39
108900035,191,255,-64
108900036,24,82,-58
108900037,29,56,-27
108900038,0,37,-37
108900039,1,80,-79
108900040,12,44,-32
108900041,2481,2907,-426
108900042,2,346,-344
108900043,29,175,-146
108900044,1,97,-96
108900045,65,97,-32
108900046,10,118,-108
108900047,1,122,-121
108900048,78,270,-192
108900049,860,2431,-1571
108900050,0,66,-66
108900051,0,55,-55
108900052,28,89,-61
108900053,58,366,-308
108900054,25,63,-38
108900055,5,186,-181
108900056,0,52,-52
108900057,0,36,-36
108900058,32,78,-46
108900059,1023,37,986
108900060,65,155,-90
108900061,46,11,35
108900062,5,63,-58
108900063,3,69,-66
108900064,347,3,344
108900065,10,56,-46
108900066,463,72,391
108900067,4,88,-84
108900068,4,24,-20
108900069,80,13,67
108900070,16,21,-5
108900071,157,45,112
108900072,868,279,589
108900073,28,52,-24
108900074,357,44,313
108900075,16,17,-1
108900076,541,54,487
108900077,34,144,-110
108900078,77,31,46
108900079,180,87,93
108900080,18,1019,-1001
108900081,14,168,-154
108900082,107,21,86
108900083,7,274,-267
108900084,60,39,21
108900085,798,91,707
108900086,155,49,106
108900087,36,117,-81
108900088,636,285,351
108900089,19,97,-78
108900090,87,39,48
108900091,109,31,78
108900092,464,221,243
108900093,56,51,5
108900094,272,70,202
108900095,7,142,-135
108900096,178,4,174
108900097,348,64,284
108900098,726,954,-228
108900099,410,47,363
108900100,34,70,-36
108900101,220,295,-75
108900102,23,1195,-1172
108900103,149,129,20
108900104,33,104,-71
108900105,3,2014,-2011
108900106,481,106,375
108900108,279,14,265
108900109,716,68,648
108900110,200,145,55
108900111,475,172,303
108900112,149,7,142
108900113,51,59,-8
108900114,105,4,101
108900115,117,77,40
108900116,121,10,111
108900117,254,10,244
108900118,876,37,839
108900119,429,20,409
108900120,323,219,104
108900121,245,123,122
108900122,280,17,263
108900123,225,103,122
108900124,851,230,621
108900125,672,5,667
108900126,207,28,179
108900127,211,20,191
108900128,232,33,199
108900129,1090,172,918
108900130,531,2,529
108900131,389,16,373
108900132,604,25,579
108900133,360,25,335
108900134,945,65,880
108900135,367,7,360
108900136,29,0,29
108900137,294,6,288
108900138,1064,44,1020
108900139,289,25,264
108900140,575,35,540
108900141,521,9,512
108900142,80,9,71
108900143,117,0,117
108900144,102,0,102
108900145,402,16,386
108900146,123,0,123
108900147,338,2,336
108900148,39,35,4
108900149,123,63,60
108900150,236,10,226
108900151,44,5,39
108900152,162,11,151
108900153,219,73,146
108900154,4548,301,4247
108900155,146,32,114
108900156,114,3,111
108900157,11,138,-127
108900158,532,17,515
108900159,0,56,-56
108900160,14,92,-78
108900161,1,108,-107
108900162,210,4,206
108900163,5,335,-330
108900164,29,24,5
108900165,21,14,7
108900167,289,5199,-4910
108900168,2536,2257,279
108900169,52,83,-31
108900171,1523,3302,-1779
108900172,233,42,191
108900173,74,224,-150
108900174,1232,290,942
108900176,83,298,-215
108900177,2129,8323,-6194
108900178,1498,4533,-3035
108900179,102,945,-843
108900180,63,222,-159
108900182,15,180,-165
108900183,48,125,-77
108900184,435,98,337
108900185,48,253,-205
108900186,44,170,-126
108900187,291,10,281
108900188,469,18,451
108900189,456,49,407
108900190,86,1020,-934
108900191,61,26,35
108900192,60,89,-29
108900193,13,5,8
108900194,0,84,-84
108900195,50,65,-15
108900196,62,120,-58
108900198,2,62,-60
108900199,127,189,-62
108900200,516,228,288
108900201,334,671,-337
108900203,436,172,264
108900204,411,14,397
108900205,304,28,276
108900206,367,72,295
108900207,207,254,-47
108900208,15,185,-170
108900209,117,295,-178
108900210,75,92,-17
108900211,175,638,-463
108900212,159,1591,-1432
108900215,68,285,-217
108900216,250,397,-147
108900217,39,0,39
108900218,42,6,36
108900219,15,1,14
108900220,16,8,8
108900221,34,55,-21
108900222,116,2,114
108900223,1,53,-52
108900224,18,114,-96
108900225,0,109,-109
108900227,171,279,-108
108900230,47,115,-68
108900231,5,27,-22
108900232,1,89,-88
108900233,465,111,354
108900234,257,163,94
108900235,121,145,-24
108900236,44,135,-91
108900237,20,42,-22
108900240,117,59,58
108900241,22,30,-8
108900245,2,1535,-1533
108900249,45,9,36
108900250,230,61,169
108900257,96,39,57
108900258,5,59,-54
108900259,19,13,6
108900260,6,7,-1
108900261,35,39,-4
108900262,68,102,-34
108900263,27,85,-58
108900264,110,266,-156
108900265,399,525,-126
108900266,179,1195,-1016
108900267,4,264,-260
108900268,7,19,-12
108900269,149,10,139
108900270,132,9,123
108900271,61,6,55
108900272,314,7,307
108900273,195,759,-564
108900274,88,16,72
109000001,2817,2665,152
109000002,727,2128,-1401
109000003,3238,448,2790
109000004,515,1577,-1062
109000005,2270,614,1656
109000006,660,1487,-827
109000007,2108,723,1385
109000008,772,1325,-553
109000009,3402,1093,2309
109000010,799,2116,-1317
109000011,4919,1953,2966
109000012,1631,2056,-425
109000013,4756,3801,955
109000014,1547,1694,-147
109000015,3710,10588,-6878
109000016,4087,1871,2216
109000017,3237,1135,2102
109000018,1073,1502,-429
109000019,2787,1316,1471
109000020,848,1559,-711
109000023,212,16,196
109000024,4,87,-83
109000025,319,649,-330
109000026,535,341,194
109000027,145,460,-315
109000028,112,35,77
109000029,93,299,-206
109000030,26,282,-256
109000031,242,116,126
109000032,150,266,-116
109000033,374,237,137
109000034,43,44,-1
109000035,13,50,-37
109000036,31,240,-209
109000037,330,2226,-1896
109000038,259,175,84
109000039,1098,750,348
109000040,2350,13049,-10699
109000041,1081,2446,-1365
109000042,366,1312,-946
109000044,368,108,260
109000045,63,261,-198
109000046,531,53,478
109000047,47,362,-315
109000048,448,312,136
109000049,169,351,-182
109000050,322,268,54
109000051,118,95,23
109000052,424,353,71
109000053,262,29,233
109000054,68,157,-89
109000055,206,148,58
109000056,334,140,194
109000057,749,391,358
109000058,432,109,323
109000059,289,1114,-825
109000060,157,461,-304
109000061,385,1410,-1025
109000062,108,380,-272
109000063,132,56,76
109000064,365,101,264
109000065,180,95,85
109000066,426,30,396
109000067,55,104,-49
109000068,617,5,612
109000069,515,13,502
109000070,110,1346,-1236
109000071,391,71,320
109000072,77,191,-114
109000073,73,92,-19
109000074,28,102,-74
109000075,78,227,-149
109000076,108,258,-150
109000077,230,92,138
109000078,111,93,18
109000079,91,66,25
109000080,270,66,204
109000081,156,224,-68
109000082,1105,109,996
109000083,268,307,-39
109000088,171,155,16
109000089,263,59,204
109000090,114,279,-165
109000091,484,122,362
109000092,203,254,-51
109000093,331,169,162
109000094,915,4,911
109000095,150,172,-22
109000096,919,198,721
109000097,59,86,-27
109000098,42,85,-43
109000099,627,135,492
109000100,243,366,-123
109000101,1527,335,1192
109000102,480,410,70
109000103,621,349,272
109000104,2047,273,1774
109000105,565,489,76
109000106,1843,468,1375
109000107,439,845,-406
109000108,2009,395,1614
109000109,349,777,-428
109000110,1232,370,862
109000111,621,1286,-665
109000112,220,54,166
109000113,270,80,190
109000114,177,226,-49
109000115,919,61,858
109000116,6,208,-202
109000117,254,26,228
109000118,14,157,-143
109000119,1388,76,1312
109000120,266,214,52
109000121,578,18,560
109000122,164,185,-21
109000123,33,37,-4
109000124,930,195,735
109000125,1014,199,815
109000126,423,290,133
109000127,1326,146,1180
109000128,560,521,39
109000129,2732,474,2258
109000130,221,522,-301
109000131,870,682,188
109000132,306,706,-400
109000133,167,451,-284
109000134,487,647,-160
109000135,561,677,-116
109000136,218,146,72
109000137,382,264,118
109000138,573,107,466
109000139,682,175,507
109000140,133,117,16
109000141,607,200,407
109000142,131,344,-213
109000143,65,77,-12
109000145,131,397,-266
109000146,44,48,-4
109000148,1370,1425,-55
109000149,9,106,-97
109000150,65,340,-275
109000155,1015,629,386
109000156,814,278,536
109000158,62,176,-114
109000159,83,207,-124
109000160,1216,119,1097
109000161,566,554,12
109000162,1989,308,1681
109000163,1327,899,428
109000164,1383,1455,-72
109000165,1549,344,1205
109000166,1204,54,1150
109000167,132,314,-182
109000170,22,22,0
109000171,127,22,105
109000172,7,44,-37
109000173,21,87,-66
109000174,211,10,201
109000175,48,40,8
109000176,471,121,350
109000177,23,38,-15
109000178,942,199,743
109000179,1929,5332,-3403
109000180,2471,2604,-133
109000181,37,3,34
109000182,94,14,80
109000183,54,4,50
109000184,21,11,10
109000185,66,14,52
109000188,318,709,-391
109000189,2321,406,1915
109000190,712,248,464
109000191,412,305,107
109000192,554,84,470
109000193,270,66,204
109000194,287,33,254
109000195,121,62,59
109000196,284,34,250
109000197,127,204,-77
109000198,325,35,290
109000199,157,218,-61
109000206,213,51,162
109000207,198,26,172
109000208,113,107,6
109000209,138,93,45
109000210,103,215,-112
109000211,853,236,617
109000214,381,118,263
109000215,148,46,102
109000216,397,281,116
109000217,61,70,-9
109000218,236,114,122
109000221,205,466,-261
109000222,716,157,559
109000223,470,317,153
109000224,82,44,38
109000225,169,20,149
109000226,36,101,-65
109000227,1673,277,1396
109000228,4,2074,-2070
109000231,0,99,-99
109000232,565,128,437
109000236,175,361,-186
109000241,1659,958,701
109000242,1229,634,595
109000293,41,67,-26
109000361,50,125,-75
109000364,69,236,-167
109000396,1,178,-177
109000397,725,9,716
109000399,77,250,-173
109000400,101,106,-5
109000403,25,828,-803
109000406,424,0,424
109000407,209,69,140
109000408,2,192,-190
109000410,759,122,637
109000411,317,32,285
109900001,200,0,200
109900002,901,17,884
109900003,510,4,506
109900004,408,46,362
109900005,16,2,14
109900006,360,77,283
109900007,1249,131,1118
109900008,0,8,-8
109900009,69,180,-111
109900010,561,9,552
109900011,61,59,2
109900012,273,149,124
109900013,339,120,219
109900014,437,32,405
109900015,211,108,103
109900016,136,10,126
109900017,164,135,29
109900018,124,4,120
109900019,211,14,197
109900020,42,12,30
109900021,11,11,0
109900022,138,107,31
109900023,28,6,22
109900024,25,0,25
109900025,17,21,-4
109900026,2,84,-82
109900027,44,25,19
109900028,282,1575,-1293
109900029,0,81,-81
109900030,44,1,43
109900031,1,199,-198
109900032,7,131,-124
109900033,0,271,-271
109900034,45,1,44
109900035,26,13,13
109900036,22,22,0
109900037,14,198,-184
109900038,105,151,-46
109900039,9,0,9
109900040,34,173,-139
109900041,47,149,-102
109900042,5,355,-350
109900044,79,98,-19
109900045,51,39,12
109900046,44,32,12
109900047,117,151,-34
109900048,0,51,-51
109900049,9,17,-8
109900050,0,53,-53
109900051,1,5,-4
109900052,47,76,-29
109900053,3,72,-69
109900054,980,111,869
109900055,44,81,-37
109900056,30,373,-343
109900057,5,56,-51
109900058,0,61,-61
109900059,1138,89,1049
109900060,902,58,844
109900061,49,119,-70
109900062,0,58,-58
109900063,10,251,-241
109900064,680,100,580
109900065,47,105,-58
109900066,146,339,-193
109900067,0,97,-97
109900068,66,8,58
109900069,19,18,1
109900070,11,142,-131
109900071,3,5,-2
109900072,3,66,-63
109900073,399,85,314
109900074,7,8,-1
109900075,34,10,24
109900076,11,42,-31
109900077,18,16,2
109900078,59,132,-73
109900080,93,88,5
109900081,14,157,-143
109900082,21,125,-104
109900083,7,33,-26
109900084,55,69,-14
109900085,97,189,-92
109900086,119,427,-308
109900087,48,297,-249
109900089,880,131,749
109900090,154,389,-235
109900091,409,62,347
109900092,258,26,232
109900093,1162,88,1074
109900094,114,57,57
109900095,27,120,-93
109900096,162,5,157
109900097,176,2,174
109900098,587,17,570
109900099,411,3,408
109900100,79,0,79
109900101,697,16,681
109900102,492,30,462
109900103,18,18,0
109900104,1197,126,1071
109900105,630,13,617
109900106,285,22,263
109900107,534,27,507
109900108,174,149,25
109900109,41,62,-21
109900110,64,106,-42
109900111,90,183,-93
109900112,138,143,-5
109900113,827,529,298
109900114,602,1052,-450
109900115,127,56,71
109900117,1125,47,1078
109900118,57,219,-162
109900119,200,253,-53
109900120,50,13,37
109900121,225,346,-121
109900122,758,5,753
109900123,15,34,-19
109900124,13,141,-128
109900125,0,104,-104
109900126,305,12,293
109900128,339,17,322
109900130,1921,2838,-917
109900131,12,78,-66
109900132,10,74,-64
109900133,99,171,-72
109900134,22,77,-55
109900135,155,17,138
109900136,28,44,-16
109900137,179,96,83
109900140,210,47,163
109900142,1481,113,1368
109900145,3,515,-512
109900146,183,39,144
109900148,22,58,-36
109900149,6,34,-28
109900150,3,29,-26
109900151,7,11,-4
109900152,0,23,-23
109900153,1,33,-32
109900154,20,0,20
109900155,51,16,35
109900157,28,139,-111
109900158,22,144,-122
109900159,195,40,155
109900160,128,81,47
109900161,300,99,201
109900162,221,72,149
109900163,190,133,57
109900164,45,184,-139
109900165,308,2,306
109900166,5,47,-42
109900167,157,182,-25
109900168,201,332,-131
109900169,149,61,88
109900170,221,1247,-1026
109900171,254,54,200
109900172,206,262,-56
109900173,807,2606,-1799
109900174,34,71,-37
109900175,91,57,34
109900176,110,58,52
109900177,47,58,-11
109900178,1,90,-89
109900179,7,9,-2
109900180,10,12,-2
110000001,563,442,121
110000002,481,529,-48
110000003,651,619,32
110000004,376,577,-201
110000005,239,1615,-1376
110000006,165,194,-29
110000007,82,83,-1
110000008,27,86,-59
110000009,51,27,24
110000010,44,84,-40
110000011,25,33,-8
110000012,502,130,372
110000013,44,714,-670
110000014,326,253,73
110000015,160,553,-393
110000016,190,1359,-1169
110000017,1972,204,1768
110000018,1553,213,1340
110000019,5,63,-58
110000020,511,144,367
110000021,161,309,-148
110000022,698,91,607
110000023,11,94,-83
110000024,369,184,185
110000025,434,2,432
110000026,1,180,-179
110000027,419,1008,-589
110000028,869,386,483
110000029,348,466,-118
110000030,309,298,11
110000031,201,210,-9
110000032,882,233,649
110000033,112,143,-31
110000034,342,319,23
110000035,443,297,146
110000036,963,309,654
110000037,197,273,-76
110000038,154,424,-270
110000039,827,4028,-3201
110000040,182,146,36
110000041,217,1871,-1654
110000042,75,255,-180
110000043,491,233,258
110000044,13,432,-419
110000045,80,73,7
110000046,1,45,-44
110000047,8,77,-69
110000048,3,42,-39
110000049,17,5,12
110000050,3,59,-56
110000051,15,2,13
110000052,52,28,24
110000053,20,7,13
110000054,110,566,-456
110000055,95,113,-18
110000056,71,126,-55
110000057,278,411,-133
110000058,599,346,253
110000059,795,352,443
110000060,1013,702,311
110000061,454,464,-10
110000062,596,818,-222
110000063,86,196,-110
110000064,113,33,80
110000065,147,78,69
110000066,77,18,59
110000067,63,126,-63
110000068,297,55,242
110000069,437,46,391
110000071,270,27,243
110000073,76,7,69
110000075,13,47,-34
110000076,248,246,2
110000077,210,711,-501
110000078,72,5,67
110000080,214,335,-121
110000081,44,188,-144
110000082,44,284,-240
110000083,233,337,-104
110000084,1163,918,245
110000085,705,983,-278
110000086,910,2359,-1449
110000087,17,25,-8
110000088,111,192,-81
110000089,314,35,279
110000090,56,123,-67
110000091,708,120,588
110000092,14,28,-14
110000093,31,12,19
110000094,393,96,297
110000095,143,676,-533
110000096,1032,1671,-639
110000097,794,1440,-646
110000098,1657,607,1050
110000099,661,1127,-466
110000100,1382,173,1209
110000101,35,109,-74
110000102,118,33,85
110000104,292,150,142
110000105,42,146,-104
110000106,415,433,-18
110000107,144,211,-67
110000108,128,76,52
110000109,115,185,-70
110000110,1326,2945,-1619
110000111,2657,2784,-127
110000112,174,894,-720
110000113,98,2193,-2095
110000114,288,512,-224
110000115,389,192,197
110000116,82,37,45
110000117,302,158,144
110000118,614,87,527
110000119,295,144,151
110000120,224,82,142
110000121,71,182,-111
110000122,204,294,-90
110000123,618,368,250
110000124,2,467,-465
110000125,1010,3,1007
110000126,234,31,203
110000127,1272,55,1217
110000128,43,428,-385
110000129,0,194,-194
110000130,251,227,24
110000131,48,142,-94
110000132,2,273,-271
110000133,29,371,-342
110000134,24,306,-282
110000135,187,13,174
110000136,86,187,-101
110000137,579,271,308
110000138,837,379,458
110000139,988,370,618
110000140,757,706,51
110000143,360,221,139
110000144,2113,1933,180
110000145,1365,1097,268
110000146,775,475,300
110000147,358,418,-60
110000148,650,127,523
110000151,460,1806,-1346
110000152,419,615,-196
110000153,181,7,174
110000154,51,30,21
110000155,561,2635,-2074
110000156,674,2003,-1329
110000157,1022,1950,-928
110000160,374,235,139
110000161,163,100,63
110000166,623,25,598
110000167,1127,511,616
110000168,740,567,173
110000169,767,278,489
110000170,225,49,176
110000171,709,97,612
110000172,226,387,-161
110000173,466,564,-98
110000174,129,442,-313
110000175,936,43,893
110000176,37,463,-426
110000177,204,1186,-982
110000178,291,1854,-1563
110000179,549,143,406
110000180,191,130,61
110000181,793,246,547
110000182,171,72,99
110000183,3843,6530,-2687
110000184,201,2311,-2110
110000185,324,547,-223
110000186,492,583,-91
110000191,1376,108,1268
110000192,519,9,510
110000193,1006,10,996
110000194,7,361,-354
110000195,619,128,491
110000196,456,53,403
110000197,135,43,92
110000198,114,34,80
110000199,19,103,-84
110000200,410,211,199
110000201,648,829,-181
110000202,863,385,478
110000203,279,365,-86
110000204,0,157,-157
110000205,195,29,166
110000206,310,412,-102
110000207,1110,161,949
110000208,212,169,43
110000209,30,373,-343
110000210,1414,305,1109
110000211,754,335,419
110000212,334,1079,-745
110000213,279,36,243
110000214,422,58,364
110000215,83,126,-43
110000216,78,85,-7
110000217,460,59,401
110000218,150,109,41
110000219,625,19,606
110000220,47,128,-81
110000221,393,12,381
110000222,39,206,-167
110000223,21,91,-70
110000224,5,2,3
110000225,128,493,-365
110000226,289,31,258
110000227,428,622,-194
110000228,285,92,193
110000229,0,57,-57
110000230,491,400,91
110000231,181,191,-10
110000232,110,79,31
110000233,173,147,26
110000234,329,661,-332
110000235,780,694,86
110000236,598,286,312
110000237,1961,918,1043
110000238,875,712,163
110000239,1670,659,1011
110000240,0,12,-12
110000242,0,7,-7
110000243,182,30,152
110000244,90,194,-104
110000245,17,212,-195
110000246,710,230,480
110000247,575,2924,-2349
110000248,849,979,-130
110000249,51,1,50
110000250,3,104,-101
110000251,345,204,141
110000252,234,120,114
110000253,1205,289,916
110000254,288,405,-117
110000255,89,461,-372
110000256,262,136,126
110000257,361,240,121
110000258,3,207,-204
110000259,177,4,173
110000260,18,61,-43
110000263,313,40,273
110000264,497,163,334
110000265,1047,1327,-280
110000266,765,1917,-1152
110000267,19,102,-83
110000268,221,247,-26
110000269,1,36,-35
110000270,111,1,110
110000271,1119,134,985
110000272,969,682,287
110000273,1071,923,148
110000274,144,1820,-1676
110000275,1047,475,572
110000276,301,401,-100
110000277,220,165,55
110000278,225,484,-259
110000279,749,504,245
110000280,614,328,286
110000281,54,267,-213
110000282,149,14,135
110000283,20,29,-9
110000284,7,38,-31
110000285,5,576,-571
110000286,3,0,3
110000287,107,2,105
110000288,1,56,-55
110000289,501,2299,-1798
110000290,367,472,-105
110000291,2815,688,2127
110000292,763,5316,-4553
110000293,441,355,86
110000294,1293,905,388
110000295,122,465,-343
110000296,505,211,294
110000297,1843,187,1656
110000298,93,296,-203
110000299,70,45,25
110000301,238,26,212
110000302,378,334,44
110000303,396,3,393
110000304,130,106,24
110000305,1201,18,1183
110000306,257,599,-342
110000307,1644,5,1639
110000308,476,3,473
110000309,2,423,-421
110000310,804,34,770
110000311,11,361,-350
110000312,363,69,294
110000313,1258,1768,-510
110000314,1,125,-124
110000315,1361,1610,-249
110000316,349,811,-462
110000317,92,526,-434
110000318,5,33,-28
110000319,10,3,7
110000320,63,41,22
110000321,22,24,-2
110000322,218,156,62
110000323,487,82,405
110000324,1985,1225,760
110000325,1130,3091,-1961
110000327,265,243,22
110000328,155,271,-116
110000333,716,723,-7
110000334,379,854,-475
110000335,401,242,159
110000336,534,734,-200
110000337,1539,419,1120
110000338,452,257,195
110000339,368,94,274
110000340,16,104,-88
110000341,570,336,234
110000342,81,2,79
110000343,0,5,-5
110000344,29,81,-52
110000345,50,142,-92
110000346,897,1285,-388
110000347,1306,490,816
110000348,11,5,6
110000349,2,14,-12
110000350,93,1,92
110000351,1221,332,889
110000352,707,1334,-627
110000353,1743,321,1422
110000354,955,3478,-2523
110000355,90,32,58
110000356,436,3,433
110000357,510,20,490
110000361,20,9,11
110000362,112,9,103
110000363,709,68,641
110000364,340,173,167
110000365,109,0,109
110000366,0,98,-98
110000367,383,84,299
110000368,5,44,-39
110000369,61,5,56
110000373,2,183,-181
110000374,71,12,59
110000375,64,797,-733
110000376,12,56,-44
110000377,42,374,-332
110000378,11,294,-283
110000379,1593,2010,-417
110000380,32,2,30
110000383,1,728,-727
110000384,463,202,261
110000385,2,171,-169
110000387,72,5,67
110000388,29,111,-82
110000389,1159,4,1155
110000391,850,79,771
110000396,155,52,103
110000397,142,32,110
110000398,5,18,-13
110000399,160,1,159
110000587,79,36,43
110000589,210,90,120
110000640,168,18,150
110000652,6,324,-318
110000653,270,131,139
110000654,8,982,-974
110000656,0,118,-118
110000674,43,6,37
110000675,20,7,13
110000676,0,19,-19
110000679,63,779,-716
110000682,44,190,-146
110000683,161,312,-151
110000684,0,19,-19
110000685,6,4,2
110000686,3,69,-66
110000687,9,2,7
110000688,26,1098,-1072
110000689,25,11,14
110000692,7,78,-71
110000693,8,285,-277
110000694,0,65,-65
110000695,93,317,-224
110000696,31,62,-31
110900001,317,11,306
110900002,221,132,89
110900003,920,139,781
110900004,463,32,431
110900005,1130,3780,-2650
110900006,93,56,37
110900007,205,40,165
110900008,3,26,-23
110900009,365,189,176
110900010,7,28,-21
110900011,20,105,-85
110900012,16,38,-22
110900013,1026,67,959
110900014,180,4,176
110900015,264,549,-285
110900016,70,47,23
110900017,572,35,537
110900018,308,32,276
110900019,295,6,289
110900020,144,145,-1
110900021,72,177,-105
110900022,58,59,-1
110900023,18,308,-290
110900024,21,133,-112
110900025,5,17,-12
110900027,31,113,-82
110900028,31,67,-36
110900029,10,104,-94
110900030,25,68,-43
110900031,1,89,-88
110900032,0,25,-25
110900033,22,143,-121
110900035,16,378,-362
110900036,134,5,129
110900037,92,13,79
110900038,379,105,274
110900039,3,248,-245
110900040,316,23,293
110900041,30,23,7
110900042,84,49,35
110900043,0,15,-15
110900044,133,12,121
110900045,82,116,-34
110900046,13,91,-78
110900047,173,272,-99
110900049,148,52,96
110900050,58,3,55
110900051,33,130,-97
110900052,0,43,-43
110900053,85,5,80
110900054,11,73,-62
110900055,19,2,17
110900056,16,80,-64
110900057,2,36,-34
110900058,288,74,214
110900059,288,125,163
110900060,325,88,237
110900061,8,29,-21
110900062,112,65,47
110900063,35,28,7
110900064,12,0,12
110900065,76,96,-20
110900066,5,19,-14
110900067,102,514,-412
110900068,234,69,165
110900069,2,5,-3
110900070,118,35,83
110900071,136,665,-529
110900073,0,8,-8
110900074,577,55,522
110900075,351,25,326
110900077,1104,344,760
110900078,78,13,65
110900079,875,1415,-540
110900080,144,68,76
110900081,5,6,-1
110900082,189,50,139
110900083,67,29,38
110900084,93,23,70
110900085,29,147,-118
110900086,101,291,-190
110900087,326,37,289
110900088,14,1,13
110900090,90,80,10
110900091,0,26,-26
110900093,212,62,150
110900095,38,49,-11
110900097,9,6,3
110900098,23,57,-34
110900099,19,196,-177
110900100,0,2,-2
110900102,31,6,25
110900105,560,86,474
110900108,3,12,-9
110900111,214,35,179
110900112,668,6,662
110900113,226,59,167
110900115,13,52,-39
110900116,1089,442,647
110900118,64,3474,-3410
110900119,1113,107,1006
110900120,71,33,38
110900121,95,0,95
110900122,706,169,537
110900125,459,436,23
110900127,228,1319,-1091
110900128,161,382,-221
110900129,142,988,-846
110900130,364,555,-191
110900131,289,18,271
110900132,343,28,315
110900133,23,39,-16
110900135,37,152,-115
110900136,384,5,379
110900139,5,0,5
110900140,1,0,1
110900141,333,370,-37
110900142,70,84,-14
110900143,182,49,133
110900144,1,145,-144
110900145,106,90,16
110900146,113,330,-217
110900147,32,279,-247
110900148,3,120,-117
110900149,3,49,-46
110900150,44,8,36
110900151,1,39,-38
110900152,22,35,-13
110900153,267,64,203
111000001,818,431,387
111000002,550,300,250
111000003,1850,898,952
111000004,536,680,-144
111000005,916,1605,-689
111000006,803,1595,-792
111000007,3554,3839,-285
111000008,2331,2531,-200
111000009,287,586,-299
111000010,924,250,674
111000011,129,495,-366
111000012,340,351,-11
111000013,361,542,-181
111000014,1463,316,1147
111000017,67,657,-590
111000018,101,287,-186
111000020,432,1130,-698
111000021,37,59,-22
111000023,82,37,45
111000025,3949,2848,1101
111000029,56,72,-16
111000030,45,74,-29
111000031,1336,555,781
111000032,503,249,254
111000033,172,137,35
111000034,27,203,-176
111000037,997,347,650
111000038,1462,1476,-14
111000039,1231,1312,-81
111000040,1302,1095,207
111000041,407,445,-38
111000042,1512,1589,-77
111000043,2469,5008,-2539
111000044,1738,795,943
111000045,3109,2161,948
111000046,2535,1848,687
111000047,2934,5511,-2577
111000049,308,319,-11
111000050,750,578,172
111000051,415,526,-111
111000052,388,905,-517
111000053,209,545,-336
111000054,188,596,-408
111000055,1524,1000,524
111000056,184,194,-10
111000057,161,392,-231
111000058,777,39,738
111000059,730,174,556
111000060,3940,776,3164
111000061,830,271,559
111000062,1090,342,748
111000063,1401,928,473
111000064,1035,394,641
111000065,1385,633,752
111000066,690,286,404
111000067,882,304,578
111000068,569,391,178
111000069,1285,1116,169
111000070,675,468,207
111000071,130,294,-164
111000072,1283,547,736
111000073,254,1123,-869
111000074,1373,1134,239
111000075,627,447,180
111000076,708,354,354
111000077,1039,922,117
111000078,1639,763,876
111000079,786,601,185
111000080,553,378,175
111000081,1463,4098,-2635
111000082,887,361,526
111000084,992,332,660
111000085,825,697,128
111000086,1356,674,682
111000087,610,340,270
111000088,2989,2901,88
111000089,686,470,216
111000090,488,691,-203
111000091,587,198,389
111000092,1814,527,1287
111000093,763,860,-97
111000094,1488,1083,405
111000095,701,2181,-1480
111000096,583,7083,-6500
111000097,2234,912,1322
111000098,324,648,-324
111000099,341,936,-595
111000100,311,540,-229
111000101,242,423,-181
111000102,148,264,-116
111000104,730,41,689
111000107,57,174,-117
111000109,529,72,457
111000110,1256,400,856
111000111,3543,248,3295
111000112,2512,293,2219
111000113,827,1991,-1164
111000114,1163,4152,-2989
111000115,2602,763,1839
111000116,708,586,122
111000117,232,554,-322
111000118,716,468,248
111000119,1377,532,845
111000120,602,434,168
111000121,291,528,-237
111000122,514,525,-11
111000123,932,1006,-74
111000124,461,988,-527
111000125,283,461,-178
111000126,121,334,-213
111000127,1264,69,1195
111000128,3095,206,2889
111000129,3382,324,3058
111000130,2822,302,2520
111000131,2784,335,2449
111000132,2295,1394,901
111000133,251,48,203
111000134,172,81,91
111000135,31,64,-33
111000136,349,229,120
111000138,8,10,-2
111000140,0,2,-2
111000141,140,291,-151
111000142,7,290,-283
111000143,5,519,-514
111000144,71,2494,-2423
111000145,65,6,59
111000146,93,18,75
111000147,80,48,32
111000148,88,84,4
111000149,14,11,3
111000150,40,20,20
111000151,4,12,-8
111000153,444,398,46
111000154,289,206,83
111000155,152,141,11
111000156,723,410,313
111000157,133,646,-513
111000158,663,809,-146
111000159,2823,941,1882
111000160,426,350,76
111000161,17,559,-542
111000162,11,103,-92
111000163,821,601,220
111000164,416,2139,-1723
111000165,518,199,319
111000166,364,111,253
111000167,128,199,-71
111000168,286,256,30
111000169,279,311,-32
111000170,272,183,89
111000171,412,281,131
111000172,200,173,27
111000173,250,513,-263
111000174,244,103,141
111000175,42,158,-116
111000176,416,26,390
111000177,733,77,656
111000178,2007,136,1871
111000179,345,64,281
111000180,391,306,85
111000181,1509,91,1418
111000182,238,75,163
111000183,143,139,4
111000184,318,134,184
111000185,369,181,188
111000186,217,101,116
111000187,203,43,160
111000188,458,202,256
111000189,304,311,-7
111000190,150,161,-11
111000191,111,92,19
111000192,101,164,-63
111000193,256,128,128
111000194,52,171,-119
111000195,68,139,-71
111000196,61,59,2
111000197,769,113,656
111000198,714,44,670
111000199,285,137,148
111000200,739,264,475
111000201,911,100,811
111000202,531,97,434
111000203,382,257,125
111000204,331,1764,-1433
111000213,221,408,-187
111000214,1179,692,487
111000215,1235,626,609
111000217,1736,633,1103
111000218,1388,708,680
111000219,186,159,27
111000220,548,527,21
111000221,259,57,202
111000224,32,149,-117
111000225,455,305,150
111000226,71,1,70
111000227,12,0,12
111000228,3,599,-596
111000229,20,1146,-1126
111000230,111,107,4
111000231,911,153,758
111000232,730,247,483
111000233,1370,390,980
111000234,204,499,-295
111000239,76,33,43
111000240,45,204,-159
111000241,60,97,-37
111000242,249,41,208
111000243,103,195,-92
111000244,759,54,705
111000245,910,96,814
111000246,524,106,418
111000247,589,188,401
111000248,680,235,445
111000249,424,158,266
111000250,53,32,21
111000251,51,24,27
111000253,35,11,24
111000255,74,16,58
111000257,95,7,88
111000260,22,458,-436
111000261,1309,43,1266
111000271,17,201,-184
111000273,2446,856,1590
111000274,1521,2656,-1135
111000275,144,19,125
111000276,220,604,-384
111000277,186,145,41
111000278,377,109,268
111000291,1291,11309,-10018
111000298,429,137,292
111000299,678,130,548
111000300,50,393,-343
111000302,266,45,221
111000303,151,87,64
111000312,31,52,-21
111000315,2,69,-67
111000320,125,228,-103
111000321,532,128,404
111000322,365,182,183
111000323,325,29,296
111000324,313,132,181
111000325,49,33,16
111000326,165,158,7
111000327,273,198,75
111000328,296,430,-134
111000329,0,22,-22
111000330,62,6,56
111000331,22,2,20
111000332,488,731,-243
111000334,153,500,-347
111000335,1138,115,1023
111000337,1569,108,1461
111000338,62,29,33
111000339,642,42,600
111000340,103,230,-127
111000341,1277,482,795
111000342,30,764,-734
111000344,995,495,500
111000345,66,69,-3
111000346,29,292,-263
111000347,145,3,142
111000350,184,46,138
111000351,102,177,-75
111000352,158,53,105
111000353,131,75,56
111000354,495,104,391
111000355,259,269,-10
111000358,91,380,-289
111000360,203,130,73
111000361,120,58,62
111000546,593,185,408
111000547,339,131,208
111000548,157,159,-2
111000549,294,118,176
111000550,16,649,-633
111000551,249,98,151
111000552,261,125,136
111000907,752,7,745
111000908,116,2,114
111000916,1912,134,1778
111000917,42,237,-195
111000918,228,222,6
111000920,654,7,647
111000921,15,52,-37
111000922,538,94,444
111000924,21,163,-142
111000925,4389,1939,2450
111000926,1042,777,265
111000927,2481,4851,-2370
111000928,2717,1283,1434
111000929,1950,1061,889
111000930,754,1066,-312
111000931,2024,2316,-292
111000932,2149,937,1212
111000933,3280,3041,239
111000934,1331,1490,-159
111000935,2736,946,1790
111000936,965,951,14
111000937,1339,1307,32
111000938,844,604,240
111000939,584,13,571
111000940,684,31,653
111000941,293,159,134
111000943,685,191,494
111000944,127,106,21
111000945,154,483,-329
111001109,444,701,-257
111001110,210,321,-111
111001111,77,5,72
111001112,65,2,63
111001113,0,187,-187
111001114,487,284,203
111001115,25,1445,-1420
111001116,1299,4275,-2976
111001117,264,2047,-1783
111001120,104,77,27
111001121,106,110,-4
111001122,193,113,80
111001123,428,82,346
111001124,114,24,90
111001125,4,227,-223
111900001,16,27,-11
111900002,83,112,-29
111900003,2,103,-101
111900004,7,30,-23
111900006,12,62,-50
111900007,266,12,254
111900008,325,1,324
111900009,265,19,246
111900010,101,251,-150
111900012,19,44,-25
111900013,14,8,6
111900014,1562,6172,-4610
111900015,0,10,-10
111900016,0,11,-11
111900017,0,26,-26
111900018,198,5,193
111900019,0,49,-49
111900020,0,25,-25
111900021,12,27,-15
111900022,3,12,-9
111900023,51,14,37
111900024,31,15,16
111900025,0,7,-7
111900026,0,8,-8
111900027,5,17,-12
111900028,4,64,-60
111900029,0,20,-20
111900030,7,150,-143
111900031,6,15,-9
111900032,0,63,-63
111900033,0,57,-57
111900034,56,212,-156
111900035,67,97,-30
111900036,1,57,-56
111900038,114,259,-145
111900039,19,101,-82
111900040,0,135,-135
111900042,5,38,-33
111900043,0,100,-100
111900044,92,131,-39
111900046,8,20,-12
111900048,492,206,286
111900049,10,73,-63
111900050,78,23,55
111900051,0,95,-95
111900052,94,191,-97
111900053,243,2088,-1845
111900054,156,5,151
111900055,4,115,-111
111900056,37,274,-237
111900057,100,3,97
111900058,734,154,580
111900059,844,690,154
111900060,291,2,289
111900061,5,75,-70
111900062,54,86,-32
111900063,255,153,102
111900064,55,77,-22
111900065,120,32,88
111900066,139,123,16
111900067,1,144,-143
111900068,47,66,-19
111900069,94,14,80
111900070,268,42,226
111900071,0,82,-82
111900072,73,35,38
111900073,1441,220,1221
111900074,2,78,-76
111900075,78,12,66
111900076,466,82,384
111900077,49,0,49
111900078,395,44,351
111900079,55,30,25
111900080,110,123,-13
111900082,230,42,188
111900083,249,30,219
111900084,249,4,245
111900085,24,90,-66
111900086,86,16,70
111900087,99,4,95
111900088,877,34,843
111900089,143,12,131
111900090,27,44,-17
111900091,508,7,501
111900092,177,6,171
111900093,545,12,533
111900094,108,1,107
111900095,342,44,298
111900096,373,2,371
111900097,137,1,136
111900098,416,5,411
111900099,76,0,76
111900100,211,3,208
111900101,99,26,73
111900102,731,171,560
111900103,30,41,-11
111900104,83,22,61
111900105,176,187,-11
111900106,240,17,223
111900110,935,176,759
111900111,186,16,170
111900112,265,4256,-3991
111900113,154,43,111
111900118,299,103,196
111900119,297,155,142
111900122,90,70,20
111900123,9,23,-14
111900124,10,11,-1
111900125,513,74,439
111900126,366,4,362
111900127,0,128,-128
111900128,6,173,-167
111900129,222,5,217
111900130,194,44,150
111900131,750,4,746
111900132,23,278,-255
111900133,2,99,-97
111900134,2,65,-63
111900135,11,40,-29
111900136,47,129,-82
111900137,7,21,-14
111900138,0,51,-51
111900139,15,26,-11
111900140,127,19,108
111900141,93,4,89
111900142,49,15,34
111900143,10,34,-24
111900144,4,16,-12
111900145,1,96,-95
111900146,0,54,-54
111900147,14,180,-166
111900148,5,206,-201
111900149,6,66,-60
111900150,12,58,-46
111900151,3,31,-28
111900152,40,66,-26
111900153,362,704,-342
111900154,28,700,-672
111900155,48,111,-63
111900156,91,67,24
111900157,315,33,282
111900158,760,94,666
111900159,465,70,395
111900160,320,1,319
111900161,451,2,449
111900162,115,234,-119
111900163,29,116,-87
111900164,110,38,72
111901113,588,40,548
111901114,183,72,111
111901115,239,0,239
111901116,37,0,37
111901117,28,74,-46
111901118,40,440,-400
111901119,209,20,189
111901121,29,56,-27
111901122,1,79,-78
111901123,358,72,286
111901124,419,2,417
111901125,709,118,591
111901127,159,1298,-1139
111901128,5,36,-31
111901129,0,41,-41
111901130,4,43,-39
111901131,2,111,-109
111901132,74,31,43
111901133,62,0,62
111901134,205,2,203
111901135,79,2,77
111901136,31,20,11
111901137,2,28,-26
111901138,29,15,14
111901139,1,7,-6
111901140,2,28,-26
111901141,12,25,-13
111901142,1,35,-34
111901143,0,41,-41
111901144,43,23,20
111901145,51,225,-174
111901146,51,5,46
111901147,78,170,-92
111901148,4,45,-41
112000001,2225,562,1663
112000002,719,1223,-504
112000003,2205,938,1267
112000004,671,255,416
112000005,3947,3717,230
112000006,803,586,217
112000007,4771,3156,1615
112000008,2887,3945,-1058
112000009,2468,1260,1208
112000010,3556,4891,-1335
112000011,1582,993,589
112000012,3553,6098,-2545
112000013,1707,3080,-1373
112000014,1139,3581,-2442
112000015,1416,3073,-1657
112000016,1959,2909,-950
112000017,356,3357,-3001
112000024,734,417,317
112000026,1417,1338,79
112000027,567,609,-42
112000028,577,730,-153
112000029,635,701,-66
112000030,130,29,101
112000031,1650,4094,-2444
112000032,93,12,81
112000033,1147,3395,-2248
112000034,92,26,66
112000035,17,849,-832
112000036,237,1307,-1070
112000037,492,967,-475
112000038,854,1432,-578
112000039,99,59,40
112000040,24,118,-94
112000041,215,259,-44
112000042,548,248,300
112000050,1224,895,329
112000051,1217,2215,-998
112000054,1139,984,155
112000057,666,161,505
112000058,144,283,-139
112000059,383,569,-186
112000061,1785,789,996
112000062,542,1236,-694
112000063,234,3422,-3188
112000064,2102,2411,-309
112000065,703,1792,-1089
112000066,2937,1218,1719
112000067,366,351,15
112000068,3233,3055,178
112000069,320,1162,-842
112000070,1538,783,755
112000071,750,1033,-283
112000072,2064,633,1431
112000073,910,1530,-620
112000074,970,834,136
112000075,1233,1100,133
112000076,2586,1684,902
112000077,1141,248,893
112000078,2180,412,1768
112000079,1683,849,834
112000080,736,402,334
112000081,720,1423,-703
112000082,955,487,468
112000083,672,594,78
112000084,1131,417,714
112000085,1504,495,1009
112000086,1768,570,1198
112000087,618,176,442
112000088,758,156,602
112000089,211,197,14
112000090,126,129,-3
112000091,666,390,276
112000092,2487,835,1652
112000093,1262,355,907
112000094,745,632,113
112000095,749,395,354
112000096,696,411,285
112000097,1898,718,1180
112000098,379,358,21
112000099,557,1845,-1288
112000100,2156,415,1741
112000101,498,288,210
112000102,1634,322,1312
112000103,363,351,12
112000105,381,406,-25
112000106,2359,367,1992
112000107,84,103,-19
112000108,578,598,-20
112000109,280,66,214
112000110,1986,498,1488
112000111,292,1418,-1126
112000112,2089,364,1725
112000113,458,653,-195
112000114,2592,582,2010
112000115,285,138,147
112000116,475,338,137
112000117,889,417,472
112000118,562,452,110
112000119,265,355,-90
112000120,47,172,-125
112000121,156,172,-16
112000122,356,82,274
112000123,991,94,897
112000124,685,67,618
112000125,376,244,132
112000126,425,171,254
112000127,1751,2195,-444
112000128,469,404,65
112000129,101,80,21
112000130,288,107,181
112000131,25,103,-78
112000132,174,152,22
112000133,404,84,320
112000134,517,234,283
112000135,1032,571,461
112000136,589,703,-114
112000137,1310,1401,-91
112000138,692,687,5
112000139,566,758,-192
112000140,214,948,-734
112000141,1168,501,667
112000142,84,284,-200
112000143,1445,107,1338
112000144,136,439,-303
112000145,2857,344,2513
112000146,416,761,-345
112000147,2688,1372,1316
112000148,690,837,-147
112000149,382,310,72
112000150,445,147,298
112000151,321,99,222
112000152,1020,200,820
112000153,126,165,-39
112000154,173,360,-187
112000155,188,175,13
112000157,314,797,-483
112000158,240,143,97
112000159,812,189,623
112000167,362,154,208
112000169,194,736,-542
112000173,1188,132,1056
112000175,424,221,203
112000176,698,1220,-522
112000177,1032,217,815
112000178,71,128,-57
112000179,320,45,275
112000180,265,227,38
112000181,1001,684,317
112000182,1681,451,1230
112000183,20,7,13
112000184,398,126,272
112000185,1221,178,1043
112000187,3727,2137,1590
112000195,167,7,160
112000196,114,0,114
112000197,81,110,-29
112000198,25,212,-187
112000199,360,443,-83
112000202,644,17,627
112000216,93,138,-45
112000230,124,3,121
112000231,8,60,-52
112000256,63,272,-209
112000313,23,39,-16
112000314,52,66,-14
112000337,156,426,-270
112000352,89,255,-166
112000392,1765,793,972
112000398,2110,611,1499
112000399,970,6820,-5850
112000400,840,983,-143
112000401,1073,764,309
112000402,4565,5069,-504
112000403,1217,6789,-5572
112000404,1631,1009,622
112000405,2914,2960,-46
112000406,1423,700,723
112000407,9407,7091,2316
112000408,4043,2055,1988
112000409,947,1354,-407
112000410,273,319,-46
112000411,1180,1280,-100
112000412,355,308,47
112000413,2479,7644,-5165
112000414,170,21,149
112000415,98,15,83
112000416,3541,1129,2412
112000417,244,82,162
112000421,122,33,89
112000422,193,98,95
112000424,747,3061,-2314
112000425,354,315,39
112000426,244,183,61
112000427,0,22,-22
112000428,309,81,228
112000429,1969,1725,244
112000430,2469,3325,-856
112000431,139,132,7
112000432,390,336,54
112000433,286,445,-159
112000437,60,58,2
112900001,74,2,72
112900002,766,228,538
112900003,53,80,-27
112900004,72,43,29
112900005,269,42,227
112900006,8,69,-61
112900007,64,78,-14
112900008,1,66,-65
112900009,554,139,415
112900010,492,246,246
112900011,47,152,-105
112900012,1,9,-8
112900013,22,50,-28
112900014,4,56,-52
112900015,113,496,-383
112900016,5,78,-73
112900017,16,39,-23
112900018,2,53,-51
112900019,21,116,-95
112900020,139,547,-408
112900021,3,72,-69
112900022,10,16,-6
112900023,0,23,-23
112900024,5,46,-41
112900025,18,82,-64
112900026,3,37,-34
112900027,1,204,-203
112900028,6,49,-43
112900029,12,94,-82
112900030,20,30,-10
112900031,6,117,-111
112900032,199,142,57
112900034,2,17,-15
112900035,1,109,-108
112900036,8,78,-70
112900037,240,217,23
112900038,591,66,525
112900039,9,83,-74
112900040,4,211,-207
112900041,247,844,-597
112900042,28,98,-70
112900043,27,37,-10
112900044,214,154,60
112900045,88,101,-13
112900046,43,50,-7
112900047,4,12,-8
112900049,398,24,374
112900050,7,402,-395
112900051,73,160,-87
112900052,1,207,-206
112900053,72,116,-44
112900054,66,55,11
112900055,58,37,21
112900056,387,192,195
112900057,12,110,-98
112900058,228,298,-70
112900059,94,380,-286
112900060,32,21,11
112900061,93,131,-38
112900062,75,26,49
112900063,38,13,25
112900064,27,178,-151
112900065,8,31,-23
112900066,181,256,-75
112900067,228,43,185
112900068,14,27,-13
112900069,1139,1350,-211
112900071,37,4,33
112900072,44,4025,-3981
112900073,341,134,207
112900074,80,365,-285
112900075,487,1440,-953
112900076,17,36,-19
112900078,242,467,-225
112900079,208,12,196
112900080,103,19,84
112900081,55,419,-364
112900082,587,25,562
112900083,186,128,58
112900084,379,234,145
112900086,104,2,102
112900087,1648,117,1531
112900088,274,10,264
112900089,758,36,722
112900090,98,45,53
112900091,391,18,373
112900092,60,715,-655
112900093,1099,20,1079
112900095,75,0,75
112900096,671,145,526
112900097,87,129,-42
112900098,49,1,48
112900099,1044,10,1034
112900100,154,4,150
112900101,413,4,409
112900102,136,17,119
112900103,294,13,281
112900104,175,0,175
112900105,25,0,25
112900106,403,89,314
112900107,4,0,4
112900108,2,0,2
112900109,223,1,222
112900110,1680,13,1667
112900111,1062,8,1054
112900112,277,1,276
112900113,0,4,-4
112900114,299,7,292
112900115,1677,2,1675
112900116,78,16,62
112900117,37,28,9
112900118,3,162,-159
112900119,197,5,192
112900120,185,183,2
112900121,47,34,13
112900122,3,44,-41
112900123,102,26,76
112900124,7,35,-28
112900125,13,251,-238
112900126,51,58,-7
112900127,377,71,306
112900128,45,183,-138
112900129,1,257,-256
112900130,172,46,126
112900131,20,128,-108
112900132,41,225,-184
112900133,6,603,-597
112900134,0,124,-124
112900135,77,58,19
112900137,0,209,-209
112900138,0,45,-45
112900139,46,335,-289
112900141,794,13,781
112900142,46,263,-217
112900143,3,156,-153
112900144,0,77,-77
112900145,11,197,-186
112900146,4,201,-197
112900147,0,278,-278
112900148,71,3,68
112900149,148,185,-37
112900151,3,40,-37
112900152,1773,229,1544
112900153,253,2278,-2025
112900154,1,27,-26
112900155,81,5,76
112900156,570,352,218
112900157,601,39,562
112900158,68,1,67
112900159,95,182,-87
112900160,29,115,-86
112900161,198,36,162
112900162,8,16,-8
112900163,25,59,-34
112900164,110,97,13
112900165,20,31,-11
112900166,14,96,-82
112900167,2,50,-48
112900168,1,1,0
112900169,6,4,2
112900170,115,39,76
112900172,24,33,-9
112900173,40,67,-27
112900174,257,45,212
112900175,129,168,-39
112900176,6,48,-42
112900177,172,56,116
112900178,497,3114,-2617
112900179,17,228,-211
112900180,1921,945,976
112900181,1051,4,1047
112900182,40,183,-143
112900183,51,153,-102
112900184,389,424,-35
112900185,111,416,-305
112900186,530,919,-389
112900187,38,359,-321
112900188,610,2983,-2373
112900189,5,5,0
112900190,21,12,9
112900192,586,441,145
112900193,731,273,458
112900194,57,7,50
112900195,555,39,516
112900196,273,297,-24
112900197,69,281,-212
112900199,919,243,676
112900200,406,59,347
112900201,173,72,101
112900202,496,349,147
112900203,340,71,269
112900204,351,293,58
112900205,9,1,8
112900206,20,63,-43
112900207,17,0,17
112900208,46,280,-234
112900209,120,176,-56
112900210,0,13,-13
112900211,64,2,62
112900212,0,37,-37
112900213,68,10,58
112900214,10,13,-3
112900215,11,27,-16
112900216,11,21,-10
112900217,0,31,-31
112900218,73,8,65
112900219,124,11,113
112900220,2,0,2
112900221,42,37,5
112900222,0,14,-14
112900223,925,52,873
112900224,441,114,327
112900225,553,113,440
112900226,77,275,-198
112900227,888,211,677
112900228,94,33,61
112900229,460,17,443
112900230,6562,1966,4596
112900232,269,264,5
112900233,47,53,-6
112900234,16,7,9
112900235,12,8,4
112900236,517,17,500
112900237,408,58,350
112900238,9,4,5
112900239,466,585,-119
112900240,2,9,-7
112900241,16,20,-4
112900242,7,23,-16
112900243,7,15,-8
112900244,7,21,-14
112900245,0,22,-22
112900246,0,6,-6
112900247,22,14,8
112900248,0,0,0
112900249,16,0,16
112900250,38,1,37
112900251,105,3,102
112900252,35,0,35
112900253,42,1,41
112900254,26,2,24
112900255,5,17,-12
112900256,2,37,-35
112900257,6,29,-23
113000001,5192,5003,189
113000002,3868,3135,733
113000003,1860,1580,280
113000004,1883,1935,-52
113000005,1817,1225,592
113000006,1121,1471,-350
113000007,2641,1340,1301
113000008,1775,1710,65
113000009,1474,559,915
113000010,1320,937,383
113000011,1188,911,277
113000012,1427,567,860
113000013,697,445,252
113000014,834,1333,-499
113000015,95,188,-93
113000016,362,576,-214
113000017,28,352,-324
113000018,246,29,217
113000019,83,150,-67
113000020,287,55,232
113000021,1247,881,366
113000022,687,2426,-1739
113000025,189,297,-108
113000026,407,982,-575
113000027,388,1556,-1168
113000028,368,1870,-1502
113000029,882,736,146
113000030,174,349,-175
113000031,135,132,3
113000032,154,391,-237
113000033,250,338,-88
113000034,140,90,50
113000035,10,26,-16
113000036,13,64,-51
113000037,27,18,9
113000038,11,101,-90
113000039,19,190,-171
113000040,65,142,-77
113000042,665,513,152
113000051,1580,2252,-672
113000052,2177,413,1764
113000053,589,327,262
113000054,660,630,30
113000055,1960,432,1528
113000056,1472,881,591
113000058,399,770,-371
113000059,812,280,532
113000060,418,504,-86
113000061,445,719,-274
113000062,303,271,32
113000063,435,40,395
113000064,77,149,-72
113000065,198,307,-109
113000066,1074,84,990
113000067,2768,593,2175
113000068,503,353,150
113000069,612,424,188
113000070,2563,610,1953
113000071,515,297,218
113000072,1104,284,820
113000073,293,1286,-993
113000074,855,430,425
113000075,1424,863,561
113000076,434,3095,-2661
113000077,669,921,-252
113000078,285,1646,-1361
113000079,299,1125,-826
113000080,445,890,-445
113000081,735,782,-47
113000082,798,630,168
113000083,572,761,-189
113000084,1577,770,807
113000085,903,626,277
113000086,792,999,-207
113000087,754,1288,-534
113000088,1612,1150,462
113000089,677,1637,-960
113000090,167,593,-426
113000091,244,486,-242
113000094,1323,298,1025
113000095,226,727,-501
113000096,170,833,-663
113000097,1240,554,686
113000098,107,58,49
113000099,1121,627,494
113000100,111,478,-367
113000101,156,909,-753
113000102,668,741,-73
113000103,2572,300,2272
113000104,628,3322,-2694
113000105,879,335,544
113000106,414,194,220
113000107,1094,905,189
113000108,957,807,150
113000109,370,1025,-655
113000110,6106,620,5486
113000111,156,589,-433
113000112,593,259,334
113000113,1435,389,1046
113000114,178,1159,-981
113000116,366,209,157
113000117,843,63,780
113000118,38,631,-593
113000119,405,276,129
113000120,51,341,-290
113000121,373,964,-591
113000124,364,115,249
113000125,22,1097,-1075
113000127,1574,205,1369
113000128,1815,231,1584
113000129,358,754,-396
113000133,2749,546,2203
113000134,1,1322,-1321
113000135,3785,3995,-210
113000137,719,3311,-2592
113000139,295,180,115
113000140,39,96,-57
113000141,52,138,-86
113000142,148,390,-242
113000143,149,109,40
113000144,202,305,-103
113000145,98,105,-7
113000146,102,13,89
113000147,140,28,112
113000148,224,111,113
113000149,143,123,20
113000150,271,377,-106
113000151,28,18,10
113000152,25,203,-178
113000153,1180,266,914
113000154,347,1442,-1095
113000155,318,572,-254
113000156,201,320,-119
113000157,289,382,-93
113000158,551,161,390
113000159,946,385,561
113000160,576,303,273
113000161,460,151,309
113000162,857,211,646
113000163,152,31,121
113000164,13,32,-19
113000166,224,57,167
113000167,60,69,-9
113000168,106,94,12
113000169,224,21,203
113000170,102,72,30
113000171,51,50,1
113000172,327,24,303
113000173,74,19,55
113000174,192,95,97
113000175,563,63,500
113000176,519,41,478
113000177,243,130,113
113000178,150,161,-11
113000179,267,95,172
113000180,709,1425,-716
113000181,1158,679,479
113000182,139,344,-205
113000183,201,663,-462
113000184,25,70,-45
113000189,210,541,-331
113000190,108,223,-115
113000192,566,5970,-5404
113000193,1299,5033,-3734
113000194,756,3519,-2763
113000195,855,3276,-2421
113000196,199,72,127
113000197,922,2760,-1838
113000198,125,199,-74
113000199,1384,261,1123
113000201,433,803,-370
113000202,13471,1997,11474
113000203,142,1257,-1115
113000204,435,7426,-6991
113000205,18,4,14
113000206,3,65,-62
113000207,32,7,25
113000208,16,46,-30
113000209,7,14,-7
113000210,6,24,-18
113000211,72,427,-355
113000212,27,68,-41
113000213,19,108,-89
113000214,95,327,-232
113000234,274,686,-412
113000410,37,164,-127
113000411,1265,2116,-851
113000412,4339,1250,3089
113000413,648,2696,-2048
113000414,3047,10700,-7653
113000415,1759,1209,550
113000416,2170,2020,150
113000417,786,1340,-554
113000418,4148,3474,674
113000419,1193,1791,-598
113000420,2216,5522,-3306
113000421,3854,6342,-2488
113000422,6748,8556,-1808
113000423,939,5422,-4483
113000424,1608,10189,-8581
113000425,21,68,-47
113000428,36,14,22
113000430,2,43,-41
113000432,2211,238,1973
113000433,59,457,-398
113000434,13,61,-48
113000435,35,154,-119
113000436,9,561,-552
113000437,1124,21,1103
113000438,433,14,419
113000439,25,29,-4
113000440,187,30,157
113000441,186,150,36
113000442,206,19,187
113000443,335,82,253
113000444,263,53,210
113000445,105,33,72
113000446,59,91,-32
113000448,1094,178,916
113000449,153,877,-724
113000450,1067,2188,-1121
113000451,4078,239,3839
113000452,94,545,-451
113000453,35,897,-862
113000454,342,151,191
113000455,9,2312,-2303
113000456,1607,1904,-297
113000468,935,85,850
113000469,39,81,-42
113000470,531,14,517
113000471,14,349,-335
113000472,33,167,-134
113000474,1458,710,748
113000475,1070,810,260
113000476,2229,1717,512
113000477,4371,1662,2709
113000478,2452,2024,428
113000479,140,100,40
113000483,0,0,0
113000484,0,0,0
113000485,0,0,0
113000486,0,0,0
113000487,0,0,0
113000488,0,0,0
113000489,0,0,0
113000490,0,0,0
113000491,0,0,0
113000492,0,0,0
113000493,0,0,0
113000495,268,92,176
113000496,280,73,207
113000499,0,0,0
113900001,14,2873,-2859
113900002,0,115,-115
113900003,3,327,-324
113900004,3,435,-432
113900005,5,974,-969
113900006,0,72,-72
113900007,57,43,14
113900008,15,0,15
113900009,89,0,89
113900010,85,1,84
113900011,126,0,126
113900012,70,11,59
113900013,106,4,102
113900014,841,4,837
113900015,0,20,-20
113900016,36,1,35
113900017,2,77,-75
113900018,144,220,-76
113900019,116,29,87
113900020,156,8,148
113900022,93,3,90
113900023,44,0,44
113900024,44,33,11
113900025,156,2,154
113900026,68,0,68
113900027,5,83,-78
113900028,38,146,-108
113900029,136,87,49
113900030,324,4,320
113900031,51,3,48
113900032,39,1,38
113900033,89,33,56
113900035,34,0,34
113900036,23,85,-62
113900037,160,149,11
113900038,21,158,-137
113900039,225,28,197
113900040,10,32,-22
113900041,22,9,13
113900042,92,13,79
113900043,135,52,83
113900044,114,279,-165
113900045,71,0,71
113900046,270,1469,-1199
113900047,70,98,-28
113900048,114,71,43
113900049,133,227,-94
113900050,231,292,-61
113900051,237,174,63
113900052,78,68,10
113900053,360,705,-345
113900054,30,1,29
113900055,104,316,-212
113900056,81,111,-30
113900057,6,31,-25
113900058,64,30,34
113900059,226,122,104
113900060,93,153,-60
113900061,436,94,342
113900062,144,8,136
113900063,95,75,20
113900064,20,41,-21
113900065,531,7,524
113900066,501,138,363
113900067,140,65,75
113900068,396,859,-463
113900069,26,18,8
113900070,84,162,-78
113900071,108,13,95
113900072,38,47,-9
113900073,469,312,157
113900074,117,99,18
113900075,830,2114,-1284
113900076,123,6,117
113900077,47,115,-68
113900078,25,10,15
113900079,0,16,-16
113900080,539,130,409
113900081,61,73,-12
113900082,111,120,-9
113900083,305,43,262
113900084,169,107,62
113900085,55,97,-42
113900086,81,5,76
113900087,77,47,30
113900088,92,107,-15
113900089,443,44,399
113900090,436,290,146
113900091,9,10,-1
113900092,21,65,-44
113900093,69,996,-927
113900094,408,176,232
113900095,111,198,-87
113900096,218,54,164
113900097,23,44,-21
113900098,932,173,759
113900099,1,6,-5
113900100,0,0,0
113900101,6,56,-50
113900102,47,131,-84
113900103,144,341,-197
113900104,79,300,-221
113900105,194,32,162
113900106,0,27,-27
113900107,1,2,-1
113900108,76,256,-180
113900109,209,205,4
113900110,46,5,41
113900111,190,50,140
113900112,182,30,152
113900113,864,359,505
113900114,0,12,-12
113900115,0,21,-21
113900116,48,150,-102
113900117,21,38,-17
113900118,94,347,-253
113900119,50,321,-271
113900120,60,30,30
113900121,45,38,7
113900122,260,3445,-3185
113900123,582,202,380
113900124,0,60,-60
113900125,953,135,818
113900126,47,47,0
113900127,305,599,-294
113900128,202,31,171
113900129,0,139,-139
113900130,0,111,-111
113900131,296,40,256
113900132,45,94,-49
113900133,6,42,-36
113900135,252,346,-94
113900136,68,47,21
113900137,275,352,-77
113900138,20,175,-155
113900139,276,170,106
113900140,39,205,-166
113900141,686,212,474
113900142,77,25,52
113900143,4,40,-36
113900144,55,179,-124
113900145,266,123,143
113900146,167,22,145
113900148,26,270,-244
113900149,145,88,57
113900150,211,244,-33
113900151,315,121,194
113900152,30,38,-8
113900153,114,432,-318
113900154,0,61,-61
113900155,88,168,-80
113900156,274,225,49
113900157,29,322,-293
113900158,71,205,-134
113900159,5,145,-140
113900160,290,253,37
113900161,135,255,-120
113900162,75,379,-304
113900163,191,127,64
113900164,415,42,373
113900165,458,316,142
113900166,27,39,-12
113900167,322,12,310
113900168,69,38,31
113900169,268,242,26
113900171,239,61,178
113900172,0,47,-47
113900173,34,229,-195
113900174,434,378,56
113900175,195,135,60
113900176,207,163,44
113900177,269,167,102
113900178,234,124,110
113900179,22,196,-174
113900180,113,100,13
113900181,1058,201,857
113900182,569,385,184
113900183,91,29,62
113900184,4,228,-224
113900185,88,49,39
113900186,35,36,-1
113900187,15,92,-77
113900188,5,44,-39
113900189,265,269,-4
113900190,83,71,12
113900191,33,56,-23
113900192,2,497,-495
113900193,9,81,-72
113900194,975,339,636
113900195,147,385,-238
113900196,0,64,-64
113900197,2,67,-65
113900198,10,562,-552
113900199,25,437,-412
113900200,7,55,-48
113900201,0,50,-50
113900202,41,99,-58
113900203,0,39,-39
113900204,17,155,-138
113900205,6,47,-41
113900206,2,49,-47
113900207,1,37,-36
113900208,0,33,-33
113900209,0,30,-30
113900210,390,540,-150
113900211,113,33,80
113900212,226,183,43
113900214,266,368,-102
113900215,239,66,173
113900216,160,143,17
113900217,131,52,79
113900218,98,82,16
113900219,94,808,-714
113900220,75,170,-95
113900221,144,199,-55
113900222,92,555,-463
113900223,125,197,-72
113900224,64,51,13
113900225,216,92,124
113900226,323,85,238
113900227,229,137,92
113900228,139,476,-337
113900229,31,764,-733
113900230,1337,2573,-1236
113900231,160,63,97
113900232,162,18,144
113900233,94,25,69
113900234,462,366,96
113900235,128,16,112
113900236,283,136,147
113900237,109,2,107
113900238,205,503,-298
113900239,33,140,-107
113900240,6,171,-165
113900241,53,98,-45
113900242,35,341,-306
113900243,25,191,-166
113900244,90,164,-74
113900245,482,296,186
113900246,7,30,-23
113900247,66,581,-515
113900248,1994,1585,409
113900249,309,491,-182
113900250,34,284,-250
113900251,1049,64,985
113900252,930,17,913
113900253,619,33,586
113900254,453,193,260
113900255,766,12,754
113900256,415,22,393
113900257,30,241,-211
113900258,12,321,-309
113900259,774,60,714
113900260,281,12,269
113900261,26,31,-5
113900262,203,238,-35
113900263,15,282,-267
113900264,2,191,-189
113900265,52,246,-194
113900266,36,66,-30
113900267,62,1015,-953
113900268,231,274,-43
113900269,119,138,-19
113900270,105,442,-337
113900271,626,368,258
113900273,4,8,-4
113900274,23,21,2
113900275,7,142,-135
113900276,4,76,-72
113900277,121,13,108
113900278,142,103,39
113900279,27,36,-9
113900280,919,427,492
113900281,208,1188,-980
113900282,174,356,-182
113900283,412,420,-8
113900284,981,60,921
113900285,84,10,74
113900286,13,13,0
113900287,64,15,49
113900288,3,108,-105
113900289,209,71,138
113900290,193,205,-12
113900291,58,52,6
113900292,7,1,6
113900293,0,104,-104
113900294,567,19,548
113900295,299,265,34
113900296,1625,255,1370
113900297,2044,63,1981
113900298,15,785,-770
113900299,139,18,121
113900300,4431,3988,443
113900301,615,496,119
113900302,876,822,54
113900303,125,612,-487
113900304,0,93,-93
113900305,143,0,143
113900306,124,1,123
113900307,4,0,4
113900308,19,92,-73
113900309,1,186,-185
113900310,1,2,-1
113900311,4,2,2
113900312,95,181,-86
113900313,9,2,7
114000001,733,1568,-835
114000002,449,215,234
114000003,59,130,-71
114000004,430,127,303
114000005,290,106,184
114000006,865,1347,-482
114000007,467,656,-189
114000008,1034,1952,-918
114000009,803,200,603
114000011,3084,1524,1560
114000012,3504,1052,2452
114000013,2028,744,1284
114000014,376,69,307
114000015,1738,113,1625
114000016,181,81,100
114000017,93,522,-429
114000018,90,11,79
114000026,2843,760,2083
114000027,4105,1688,2417
114000028,1989,3150,-1161
114000038,268,76,192
114000039,67,14,53
114000040,100,174,-74
114000042,268,118,150
114000043,67,45,22
114000044,236,10,226
114000045,20,19,1
114000046,1186,3972,-2786
114000047,11,124,-113
114000048,46,58,-12
114000049,1360,1335,25
114000050,1349,1881,-532
114000051,2054,1925,129
114000052,2454,2007,447
114000053,55,612,-557
114000054,149,493,-344
114000055,219,31,188
114000056,116,1137,-1021
114000057,2959,1439,1520
114000058,47,888,-841
114000059,14,517,-503
114000060,385,582,-197
114000061,2190,3358,-1168
114000062,382,1730,-1348
114000063,822,953,-131
114000064,1335,3091,-1756
114000065,722,2021,-1299
114000066,428,645,-217
114000067,19,883,-864
114000068,387,568,-181
114000069,663,471,192
114000070,1665,1720,-55
114000071,518,419,99
114000072,404,96,308
114000073,10,21,-11
114000074,92,15,77
114000075,29,17,12
114000076,17,25,-8
114000077,3,9,-6
114000078,221,186,35
114000079,271,13,258
114000080,41,30,11
114000081,47,92,-45
114000082,15,170,-155
114000083,52,49,3
114000084,222,94,128
114000085,58,150,-92
114000086,171,93,78
114000087,161,44,117
114000088,46,6,40
114000089,299,116,183
114000090,788,1081,-293
114000091,844,947,-103
114000092,479,359,120
114000093,993,377,616
114000094,473,315,158
114000095,143,212,-69
114000096,49,145,-96
114000097,100,216,-116
114000098,546,95,451
114000099,821,70,751
114000100,1647,278,1369
114000101,427,202,225
114000102,634,288,346
114000103,101,85,16
114000104,2,111,-109
114000105,117,74,43
114000106,587,1844,-1257
114000107,664,60,604
114000108,486,532,-46
114000109,768,1483,-715
114000110,385,504,-119
114000111,2219,965,1254
114000112,303,733,-430
114000113,1366,495,871
114000114,389,496,-107
114000115,1795,850,945
114000116,1030,3514,-2484
114000117,4322,600,3722
114000118,3297,401,2896
114000119,2709,408,2301
114000120,517,426,91
114000121,425,536,-111
114000122,399,230,169
114000123,2088,348,1740
114000124,1146,340,806
114000125,839,709,130
114000126,1554,166,1388
114000127,152,52,100
114000128,827,156,671
114000130,385,365,20
114000131,274,91,183
114000132,492,256,236
114000133,398,715,-317
114000134,17,14,3
114000138,10,99,-89
114000139,292,451,-159
114000144,660,739,-79
114000145,44,47,-3
114000146,83,50,33
114000147,1334,2491,-1157
114000148,710,1374,-664
114000149,214,428,-214
114000150,215,465,-250
114000151,498,1923,-1425
114000152,62,24,38
114000153,375,2022,-1647
114000154,423,413,10
114000155,924,2558,-1634
114000156,754,625,129
114000157,344,1450,-1106
114000158,768,422,346
114000159,82,271,-189
114000160,35,471,-436
114000161,985,3001,-2016
114000162,1218,2840,-1622
114000163,10,24,-14
114000165,392,428,-36
114000166,404,487,-83
114000167,1929,1022,907
114000168,287,230,57
114000169,882,1358,-476
114000170,924,1218,-294
114000171,1404,8656,-7252
114000174,140,225,-85
114000176,192,397,-205
114000177,530,254,276
114000178,30,54,-24
114000179,785,649,136
114000180,211,226,-15
114000181,1267,5218,-3951
114000182,806,2065,-1259
114000183,427,494,-67
114000184,1572,451,1121
114000185,1272,723,549
114000189,1380,101,1279
114000190,3523,443,3080
114000191,67,266,-199
114000192,97,513,-416
114000193,174,701,-527
114000194,1525,499,1026
114000195,326,148,178
114000196,0,46,-46
114000197,2074,12,2062
114000198,484,230,254
114000199,1008,1078,-70
114000200,358,683,-325
114000201,159,493,-334
114000202,688,301,387
114000203,423,368,55
114000204,118,248,-130
114000205,100,623,-523
114000206,638,894,-256
114000207,313,563,-250
114000208,265,785,-520
114000209,139,905,-766
114000210,124,472,-348
114000211,1195,895,300
114000212,641,693,-52
114000213,1692,322,1370
114000214,33,53,-20
114000215,120,68,52
114000216,1553,284,1269
114000217,431,137,294
114000218,211,41,170
114000219,1590,116,1474
114000220,17,323,-306
114000221,1029,106,923
114000222,93,348,-255
114000223,670,122,548
114000224,44,281,-237
114000225,309,247,62
114000226,220,117,103
114000227,750,350,400
114000228,950,400,550
114000229,1473,672,801
114000230,1674,644,1030
114000231,1075,1066,9
114000232,965,203,762
114000233,2474,89,2385
114000234,947,427,520
114000235,1402,843,559
114000236,0,251,-251
114000237,97,364,-267
114000238,66,203,-137
114000239,127,561,-434
114000240,822,828,-6
114000241,292,439,-147
114000242,558,459,99
114000243,2033,786,1247
114000244,524,230,294
114000245,421,717,-296
114000246,108,27,81
114000247,441,360,81
114000248,1799,458,1341
114000249,555,256,299
114000250,650,266,384
114000251,334,116,218
114000252,52,20,32
114000253,31,23,8
114000254,78,14,64
114000255,452,154,298
114000256,334,2271,-1937
114000257,214,622,-408
114000258,296,90,206
114000259,86,174,-88
114000260,1,23,-22
114000261,34,27,7
114000262,194,59,135
114000263,8,1,7
114000264,993,209,784
114000265,0,1,-1
114000267,5,1293,-1288
114000268,0,322,-322
114000270,122,1,121
114000271,194,55,139
114000283,1269,222,1047
114000285,9,64,-55
114000288,203,191,12
114000289,1610,97,1513
114000293,211,321,-110
114000294,173,163,10
114000395,996,16,980
114000396,596,698,-102
114000402,977,154,823
114000403,324,167,157
114000405,227,126,101
114000423,378,75,303
114000424,368,54,314
114000425,764,79,685
114000426,307,706,-399
114000427,141,47,94
114000428,57,154,-97
114000429,2,79,-77
114000432,121,25,96
114000434,11,43,-32
114000435,1,22,-21
114900001,729,223,506
114900002,241,57,184
114900003,969,244,725
114900004,229,363,-134
114900005,584,180,404
114900006,42,47,-5
114900007,209,16,193
114900008,199,124,75
114900010,768,1312,-544
114900011,150,78,72
114900013,193,84,109
114900015,90,454,-364
114900018,685,22,663
114900020,102,64,38
114900022,11,453,-442
114900024,143,113,30
114900025,462,83,379
114900026,38,80,-42
114900027,179,125,54
114900029,58,15,43
114900030,193,155,38
114900031,487,16,471
114900032,404,10,394
114900033,458,1234,-776
114900034,9,23,-14
114900035,47,186,-139
114900036,166,173,-7
114900037,66,51,15
114900038,194,205,-11
114900039,475,102,373
114900040,106,44,62
114900041,1008,100,908
114900042,1335,150,1185
114900043,223,90,133
114900044,138,40,98
114900046,8,59,-51
114900047,171,3194,-3023
114900048,22,87,-65
114900049,11,59,-48
114900050,33,92,-59
114900051,16,97,-81
114900052,13,100,-87
114900053,21,80,-59
114900054,14,28,-14
114900057,151,11,140
114900058,0,14,-14
114900059,68,57,11
114900060,167,708,-541
114900061,74,27,47
114900062,61,265,-204
114900063,51,37,14
114900064,2016,102,1914
114900065,585,520,65
114900067,21,230,-209
114900068,10,80,-70
114900069,76,31,45
114900070,472,174,298
114900072,0,114,-114
114900073,2,33,-31
114900074,782,120,662
114900075,226,3,223
114900076,4,94,-90
114900080,707,126,581
114900082,1444,2516,-1072
114900083,308,607,-299
114900090,396,137,259
114900091,41,105,-64
114900095,144,34,110
114900096,142,341,-199
114900097,114,1,113
114900098,3,57,-54
114900099,188,8,180
115000001,3713,1836,1877
115000002,4617,5467,-850
115000003,3477,1329,2148
115000004,5041,5742,-701
115000005,1712,1949,-237
115000006,1138,1274,-136
115000007,469,184,285
115000008,417,420,-3
115000009,574,176,398
115000010,303,173,130
115000013,68,202,-134
115000015,18,272,-254
115000016,22,232,-210
115000019,20,393,-373
115000020,184,1069,-885
115000021,277,232,45
115000022,460,194,266
115000023,302,418,-116
115000024,738,227,511
115000025,802,484,318
115000026,227,215,12
115000027,324,175,149
115000028,152,518,-366
115000029,814,61,753
115000030,525,810,-285
115000031,752,142,610
115000032,6,181,-175
115000033,207,41,166
115000034,71,802,-731
115000035,926,72,854
115000036,0,381,-381
115000037,437,13,424
115000038,50,146,-96
115000039,3535,3928,-393
115000040,3069,2418,651
115000041,1970,4468,-2498
115000042,265,427,-162
115000043,3814,2511,1303
115000044,2363,3135,-772
115000045,2201,1030,1171
115000046,3317,2905,412
115000047,3137,1571,1566
115000048,2353,1467,886
115000049,865,2442,-1577
115000050,3500,1334,2166
115000051,1714,4296,-2582
115000052,989,1063,-74
115000053,2463,2442,21
115000054,543,629,-86
115000055,165,734,-569
115000056,115,386,-271
115000057,503,1197,-694
115000058,192,295,-103
115000059,286,363,-77
115000061,89,110,-21
115000062,173,294,-121
115000063,409,310,99
115000064,211,110,101
115000065,65,347,-282
115000067,344,31,313
115000069,53,227,-174
115000070,28,940,-912
115000071,42,20,22
115000072,16,67,-51
115000073,1303,82,1221
115000075,95,52,43
115000076,1966,1729,237
115000077,1998,1176,822
115000078,1743,691,1052
115000079,1457,825,632
115000080,3372,1051,2321
115000081,242,472,-230
115000082,4535,4166,369
115000083,1906,748,1158
115000084,3050,795,2255
115000085,1213,569,644
115000086,1360,449,911
115000087,376,1350,-974
115000088,1746,540,1206
115000089,1090,740,350
115000090,436,928,-492
115000091,231,350,-119
115000092,915,667,248
115000093,591,1,590
115000094,4331,7213,-2882
115000095,2950,6725,-3775
115000096,1171,731,440
115000097,1944,1095,849
115000098,2008,545,1463
115000099,2376,1206,1170
115000100,1365,294,1071
115000101,509,653,-144
115000102,641,216,425
115000103,271,398,-127
115000105,121,66,55
115000106,930,324,606
115000107,181,201,-20
115000108,1511,1491,20
115000109,2866,5221,-2355
115000110,1170,1689,-519
115000111,380,876,-496
115000112,598,528,70
115000113,304,626,-322
115000114,1005,346,659
115000116,1745,1392,353
115000117,1356,1585,-229
115000118,1476,1336,140
115000119,1068,1281,-213
115000120,448,1263,-815
115000121,518,515,3
115000122,517,1207,-690
115000123,741,1831,-1090
115000124,570,891,-321
115000125,317,796,-479
115000126,97,378,-281
115000127,381,112,269
115000128,180,789,-609
115000129,169,479,-310
115000130,400,325,75
115000131,867,184,683
115000132,310,139,171
115000133,700,117,583
115000134,212,189,23
115000135,92,76,16
115000136,216,177,39
115000137,73,91,-18
115000138,401,138,263
115000139,175,163,12
115000140,462,134,328
115000141,247,124,123
115000142,201,86,115
115000143,909,711,198
115000144,469,57,412
115000145,309,171,138
115000146,505,468,37
115000147,309,407,-98
115000148,311,472,-161
115000149,850,164,686
115000150,475,328,147
115000151,1488,339,1149
115000152,638,866,-228
115000153,1290,357,933
115000154,1006,228,778
115000155,564,975,-411
115000156,649,1056,-407
115000157,299,1143,-844
115000158,142,406,-264
115000159,381,597,-216
115000160,365,376,-11
115000161,150,391,-241
115000162,430,889,-459
115000163,434,688,-254
115000164,420,818,-398
115000165,186,705,-519
115000167,91,67,24
115000168,414,596,-182
115000169,173,1044,-871
115000170,40,187,-147
115000171,159,455,-296
115000172,593,519,74
115000173,259,717,-458
115000174,64,452,-388
115000175,171,136,35
115000176,37,87,-50
115000177,80,173,-93
115000178,10,95,-85
115000179,15,59,-44
115000180,83,230,-147
115000181,848,117,731
115000182,1145,203,942
115000183,366,349,17
115000186,674,147,527
115000187,175,362,-187
115000188,336,438,-102
115000189,189,300,-111
115000190,577,341,236
115000191,296,461,-165
115000194,66,106,-40
115000195,106,399,-293
115000196,204,81,123
115000197,273,99,174
115000198,497,103,394
115000199,591,76,515
115000200,339,116,223
115000201,177,160,17
115000206,281,21,260
115000207,253,134,119
115000208,191,479,-288
115000209,391,229,162
115000210,85,79,6
115000211,285,200,85
115000212,927,298,629
115000224,148,40,108
115000225,96,47,49
115000229,120,81,39
115000230,139,349,-210
115000231,337,653,-316
115000232,2830,365,2465
115000233,128,233,-105
115000234,24,386,-362
115000241,124,84,40
115000242,172,87,85
115000243,125,75,50
115000244,13,161,-148
115000246,112,21,91
115000247,52,20,32
115000248,68,9,59
115000249,2,9,-7
115000250,226,29,197
115000251,356,53,303
115000252,105,132,-27
115000253,9,375,-366
115000258,322,50,272
115000259,168,44,124
115000261,39,6,33
115000262,2,10,-8
115000263,19,31,-12
115000264,9,18,-9
115000267,39,54,-15
115000268,72,98,-26
115000269,126,33,93
115000270,2,8,-6
115000272,39,55,-16
115000273,587,23,564
115000280,759,113,646
115000281,171,381,-210
115000282,769,646,123
115000284,122,187,-65
115000296,655,7,648
115000297,123,108,15
115000298,34,281,-247
115000300,209,108,101
115000302,613,91,522
115000303,898,59,839
115000304,752,47,705
115000305,100,280,-180
115000306,133,90,43
115000307,124,140,-16
115000308,27,18,9
115000309,15,31,-16
115000310,1831,378,1453
115000311,1562,922,640
115000313,59,277,-218
115000314,624,177,447
115000315,979,1155,-176
115000316,184,124,60
115000317,205,391,-186
115000318,539,258,281
115000319,83,164,-81
115000320,11,467,-456
115000321,135,16,119
115000322,60,127,-67
115000449,160,167,-7
115000557,2,1497,-1495
115000558,245,99,146
115000587,690,259,431
115000588,2172,2067,105
115000589,3712,2495,1217
115000590,673,1456,-783
115000591,1069,768,301
115000592,393,1841,-1448
115000593,1405,758,647
115000594,247,2842,-2595
115000609,352,197,155
115000617,352,1882,-1530
115000624,413,17,396
115000633,225,858,-633
115000634,2783,611,2172
115000635,670,140,530
115000638,176,310,-134
115000641,20,276,-256
115000642,149,150,-1
115000643,63,295,-232
115000644,159,251,-92
115000646,523,1271,-748
115000647,142,432,-290
115000648,2526,817,1709
115000893,1689,1395,294
115000894,66,569,-503
115000895,173,1116,-943
115000896,1112,527,585
115000897,521,106,415
115000898,313,352,-39
115000899,304,1712,-1408
115000900,30,611,-581
115000901,88,311,-223
115000912,479,107,372
115000913,2,30,-28
115000915,22,0,22
115000916,6,1,5
115000917,0,2,-2
115000918,47,585,-538
115000919,1,33,-32
115000920,12,56,-44
115000921,249,98,151
115000922,316,1356,-1040
115000923,89,2344,-2255
115000925,144,113,31
115000927,53,51,2
115000933,85,832,-747
115000934,116,87,29
115000935,199,23,176
115000936,37,624,-587
115000937,1121,305,816
115000938,42,339,-297
115000939,9,114,-105
115000940,0,28,-28
115000941,0,34,-34
115000942,2,172,-170
115000943,5,95,-90
115000944,2,5,-3
115900001,159,8,151
115900002,89,64,25
115900003,196,75,121
115900004,0,19,-19
115900005,222,9,213
115900006,48,66,-18
115900008,78,1,77
115900009,65,210,-145
115900010,432,61,371
115900011,278,128,150
115900012,327,8,319
115900013,250,105,145
115900014,162,54,108
115900015,173,10,163
115900016,41,29,12
115900017,11,7,4
115900018,138,17,121
115900019,88,8,80
115900020,120,0,120
115900021,498,302,196
115900022,586,2,584
115900023,5,6,-1
115900025,11,183,-172
115900026,493,93,400
115900027,0,109,-109
115900028,210,70,140
115900029,6,142,-136
115900030,42,13,29
115900031,91,236,-145
115900032,260,609,-349
115900033,0,33,-33
115900034,16,107,-91
115900035,74,12,62
115900036,30,2233,-2203
115900037,16,92,-76
115900038,64,10,54
115900039,194,102,92
115900041,121,856,-735
115900042,34,6,28
115900043,95,27,68
115900044,140,312,-172
115900046,575,109,466
115900047,66,215,-149
115900049,187,92,95
115900051,21,23,-2
115900052,6,61,-55
115900053,240,67,173
115900054,416,26,390
115900055,45,56,-11
115900056,99,89,10
115900057,16,12,4
115900058,13,35,-22
115900060,102,42,60
115900061,336,1,335
115900062,40,72,-32
115900063,31,4,27
115900064,143,193,-50
115900065,121,19,102
115900066,50,28,22
115900067,6,80,-74
115900068,927,1177,-250
115900069,66,159,-93
115900070,171,90,81
115900071,0,132,-132
115900072,28,73,-45
115900073,177,135,42
115900074,0,112,-112
115900075,12,133,-121
115900076,12,19,-7
115900077,1,74,-73
115900078,21,50,-29
115900079,314,10,304
115900080,99,61,38
115900081,49,24,25
115900082,83,68,15
115900084,686,9,677
115900085,57,108,-51
115900086,687,301,386
115900088,0,70,-70
115900089,556,280,276
115900090,711,12,699
115900091,2,18,-16
115900092,29,54,-25
115900093,7,20,-13
115900094,4,58,-54
115900096,7,15,-8
115900097,2,81,-79
115900098,307,121,186
115900099,52,23,29
115900100,31,118,-87
115900101,266,95,171
115900102,121,17,104
115900103,292,128,164
115900104,103,31,72
115900105,192,102,90
115900106,85,8,77
115900107,74,42,32
115900108,163,22,141
115900109,11,158,-147
115900110,20,4,16
115900111,2,54,-52
115900112,21,480,-459
115900113,63,10,53
115900114,3,30,-27
115900115,76,151,-75
115900116,43,344,-301
115900117,80,3,77
115900118,1,68,-67
115900119,121,125,-4
115900120,22,107,-85
115900121,235,84,151
115900124,199,800,-601
115900125,387,24,363
115900126,888,34,854
115900127,960,45,915
115900128,4,60,-56
115900129,536,58,478
115900130,11,423,-412
115900131,336,19,317
115900132,716,1,715
115900134,343,36,307
115900135,449,900,-451
115900137,13,8,5
115900139,13,128,-115
115900140,550,61,489
115900141,1,62,-61
115900142,12,50,-38
115900143,280,179,101
115900144,167,129,38
115900146,8,42,-34
115900147,187,224,-37
115900148,117,1,116
115900149,199,7,192
115900150,96,6,90
115900151,20,63,-43
115900152,252,117,135
115900153,158,58,100
115900154,337,390,-53
115900155,0,4,-4
115900156,757,696,61
115900157,373,442,-69
115900158,13,3,10
115900159,112,154,-42
115900160,4,12,-8
115900161,20,64,-44
115900163,268,69,199
115900164,670,5,665
115900166,86,126,-40
115900168,214,43,171
115900171,98,288,-190
115900172,44,97,-53
115900173,192,49,143
115900174,143,488,-345
115900175,193,107,86
115900178,0,142,-142
115900179,364,3,361
115900180,68,52,16
115900181,254,38,216
115900182,628,52,576
115900183,4,113,-109
115900184,445,1,444
115900187,8,300,-292
115900189,0,175,-175
115900190,85,1084,-999
115900191,28,83,-55
115900192,7,80,-73
115900193,130,41,89
115900194,945,48,897
115900195,334,2627,-2293
115900198,226,170,56
115900199,260,60,200
115900200,202,80,122
115900201,200,263,-63
115900202,0,49,-49
115900203,5,22,-17
115900204,0,7,-7
115900205,28,11,17
115900206,310,63,247
115900207,56,4,52
115900208,105,51,54
115900209,0,86,-86
115900210,2,67,-65
115900211,1,36,-35
115900212,138,96,42
115900213,95,119,-24
115900214,757,95,662
115900215,14,226,-212
115900216,4,47,-43
115900217,1,6,-5
115900218,0,7,-7
115900219,167,0,167
115900220,371,6,365
115900221,131,13,118
115900222,86,56,30
115900223,9,640,-631
115900224,370,1855,-1485
115900225,32,24,8
115900226,17,57,-40
115900227,4,84,-80
115900228,14,28,-14
115900229,1,27,-26
115900230,20,38,-18
115900231,140,1,139
115900232,66,1,65
115900233,129,2,127
115900234,92,42,50
115900235,30,32,-2
115900236,17,34,-17
115900237,6,5,1
115900238,22,4,18
115900239,18,15,3
115900240,6,14,-8
115900241,178,24,154
115900242,322,400,-78
115900243,23,6,17
115900244,6,6,0
115900245,94,4,90
115900246,14,8,6
115900247,13,8,5
115900248,14,3,11
115900249,34,10,24
115900250,29,14,15
115900251,7,2,5
115900252,5,0,5
115900253,13,8,5
115900254,10,35,-25
115900255,9,56,-47
115900256,10,46,-36
115900257,1,3,-2
115900258,0,0,0
115900259,0,1,-1
115900260,5,1,4
115900261,7,0,7
115900262,0,0,0
115900263,4,0,4
115900264,26,2,24
115900265,2,8,-6
115900266,2,12,-10
115900267,2,12,-10
115900268,2,12,-10
115900269,572,94,478
115900270,265,60,205
115900271,140,2,138
115900272,71,8,63
115900273,9,26,-17
115900274,0,1,-1
115900275,0,1,-1
115900276,0,31,-31
115900277,0,68,-68
115900278,47,56,-9
115900279,7,201,-194
115900280,7,775,-768
115900281,119,285,-166
115900282,39,62,-23
115900283,10,9,1
115900284,13,11,2
116000001,5295,1509,3786
116000002,4709,14791,-10082
116000003,1036,1095,-59
116000004,3186,5405,-2219
116000005,757,3168,-2411
116000006,2965,4550,-1585
116000007,1107,1539,-432
116000008,5034,2711,2323
116000009,625,1049,-424
116000010,2951,1691,1260
116000011,461,808,-347
116000012,1993,1050,943
116000013,3615,4427,-812
116000014,9082,21366,-12284
116000015,81,1562,-1481
116000016,3840,4688,-848
116000017,34,583,-549
116000018,350,275,75
116000019,1284,225,1059
116000020,561,890,-329
116000021,710,233,477
116000022,514,276,238
116000023,1839,1013,826
116000024,547,826,-279
116000025,850,786,64
116000026,1182,4162,-2980
116000027,290,705,-415
116000028,378,918,-540
116000029,318,372,-54
116000030,461,537,-76
116000031,62,135,-73
116000032,231,106,125
116000033,504,406,98
116000034,631,707,-76
116000035,337,226,111
116000036,430,3693,-3263
116000037,345,469,-124
116000038,157,1348,-1191
116000039,243,1745,-1502
116000040,462,1466,-1004
116000041,81,1091,-1010
116000042,812,868,-56
116000043,137,436,-299
116000044,19,28,-9
116000045,1227,1103,124
116000046,809,1657,-848
116000047,1343,2379,-1036
116000048,2095,982,1113
116000049,1321,2455,-1134
116000050,1273,893,380
116000051,3447,2733,714
116000052,3519,3103,416
116000053,2170,501,1669
116000054,931,2134,-1203
116000055,781,714,67
116000056,1534,612,922
116000057,2341,1129,1212
116000058,4947,2942,2005
116000059,2018,3051,-1033
116000060,2386,1207,1179
116000061,617,1314,-697
116000062,429,279,150
116000063,559,2162,-1603
116000066,227,533,-306
116000067,313,220,93
116000068,142,238,-96
116000069,327,146,181
116000078,529,898,-369
116000080,1621,503,1118
116000082,35,26,9
116000083,2042,286,1756
116000084,948,1616,-668
116000085,1889,1679,210
116000086,719,601,118
116000087,3021,1780,1241
116000088,813,540,273
116000089,146,61,85
116000090,137,114,23
116000091,166,408,-242
116000093,530,430,100
116000094,743,216,527
116000095,826,419,407
116000096,1195,1340,-145
116000097,896,441,455
116000098,49,7757,-7708
116000099,3531,206,3325
116000100,307,11,296
116000101,908,324,584
116000102,329,528,-199
116000103,304,282,22
116000104,183,524,-341
116000105,1490,81,1409
116000106,428,345,83
116000107,2267,131,2136
116000108,16,98,-82
116000111,136,17,119
116000113,130,37,93
116000114,26,51,-25
116000115,203,80,123
116000116,190,106,84
116000117,1470,1201,269
116000118,1841,668,1173
116000119,3840,1285,2555
116000120,2369,1928,441
116000121,907,558,349
116000122,657,548,109
116000123,1196,400,796
116000124,329,289,40
116000125,2830,496,2334
116000126,250,431,-181
116000127,674,488,186
116000128,1882,602,1280
116000129,1406,151,1255
116000130,963,479,484
116000133,1512,530,982
116000134,1268,724,544
116000135,2848,1129,1719
116000136,687,972,-285
116000137,1127,540,587
116000138,1558,933,625
116000139,1626,3764,-2138
116000140,169,246,-77
116000141,449,335,114
116000142,2718,1659,1059
116000143,2203,1222,981
116000144,1819,1501,318
116000145,2533,640,1893
116000146,969,82,887
116000147,223,266,-43
116000148,881,1563,-682
116000149,791,595,196
116000151,496,585,-89
116000153,46,232,-186
116000155,142,331,-189
116000156,508,574,-66
116000157,96,17,79
116000158,438,128,310
116000159,12,39,-27
116000160,38,16,22
116000161,1,54,-53
116000162,57,208,-151
116000163,83,19,64
116000164,7,24,-17
116000177,74,88,-14
116000194,58,220,-162
116000195,1113,407,706
116000196,46,1,45
116000197,18,18,0
116000198,1849,891,958
116000200,544,782,-238
116000201,344,393,-49
116000202,11,101,-90
116000203,1,24,-23
116000204,5,22,-17
116000205,0,58,-58
116000206,1,59,-58
116000207,4,37,-33
116000233,115,387,-272
116000287,187,140,47
116000288,288,137,151
116000292,68,81,-13
116000296,30,77,-47
116000297,149,19,130
116000304,149,8,141
116000305,24,98,-74
116000346,183,107,76
116000352,126,93,33
116000354,30,29,1
116000357,10,8,2
116000358,306,46,260
116000361,90,1,89
116000372,3559,8487,-4928
116000381,61,1,60
116000388,1,14,-13
116000389,701,212,489
116000445,632,167,465
116000446,708,256,452
116000447,41,511,-470
116000448,528,119,409
116000563,645,554,91
116000565,19,167,-148
116000568,32,573,-541
116000579,24,54,-30
116000584,24,4,20
116000585,30,17,13
116000586,37,44,-7
116000587,232,285,-53
116000589,16,59,-43
116000590,96,57,39
116000591,230,150,80
116000592,12,16,-4
116000593,0,6,-6
116000594,1058,126,932
116000595,704,39,665
116000596,216,12,204
116000597,603,246,357
116000598,19,77,-58
116000605,64,93,-29
116000606,35,298,-263
116000607,0,176,-176
116000609,91,1008,-917
116000611,240,126,114
116000612,1510,1812,-302
116000613,815,354,461
116000614,405,148,257
116000615,1,698,-697
116000616,123,43,80
116000617,116,11,105
116000618,6,23,-17
116000619,48,63,-15
116000620,240,88,152
116000621,159,45,114
116000622,119,49,70
116000624,165,38,127
116000627,77,10,67
116000628,31,158,-127
116000629,25,92,-67
116000630,964,9,955
116000631,443,23,420
116000632,1144,19,1125
116000633,236,94,142
116000634,391,42,349
116000635,1879,3760,-1881
116000636,314,1918,-1604
116000637,722,40,682
116000638,138,160,-22
116000640,19,26,-7
116000641,15,24,-9
116000644,70,106,-36
116900001,467,98,369
116900002,361,0,361
116900003,57,10,47
116900004,39,64,-25
116900005,238,38,200
116900006,92,90,2
116900007,167,263,-96
116900008,626,72,554
116900009,18,4,14
116900010,1,367,-366
116900011,11,8,3
116900012,269,337,-68
116900013,5,29,-24
116900014,231,22,209
116900015,652,33,619
116900016,219,0,219
116900017,2,299,-297
116900018,88,53,35
116900019,6,57,-51
116900020,287,1687,-1400
116900023,39,9,30
116900024,744,9,735
116900025,1198,323,875
116900026,35,329,-294
116900027,19,49,-30
116900028,4,27,-23
116900029,0,115,-115
116900031,6,5,1
116900032,1,112,-111
116900033,42,7,35
116900034,1,25,-24
116900035,100,105,-5
116900036,6,62,-56
116900038,4,4,0
116900041,54,16,38
116900042,156,174,-18
116900043,4,35,-31
116900047,13,160,-147
116900049,13,131,-118
116900050,52,176,-124
116900051,242,24,218
116900052,196,34,162
116900055,1,24,-23
116900057,8,48,-40
116900058,18,186,-168
116900059,1,70,-69
116900060,77,373,-296
116900062,4,25,-21
116900064,98,166,-68
116900065,17,83,-66
116900067,162,50,112
116900068,144,82,62
116900070,5,3,2
116900072,52,128,-76
116900073,7,75,-68
116900074,1,17,-16
116900076,14,43,-29
116900077,3,27,-24
116900078,124,40,84
116900079,36,110,-74
116900080,9,13,-4
116900081,147,472,-325
116900082,152,685,-533
116900083,1,9,-8
116900084,42,40,2
116900085,28,58,-30
116900086,36,141,-105
116900088,197,17,180
116900090,41,7,34
116900091,296,55,241
116900092,42,285,-243
116900093,3260,1280,1980
116900094,3159,5604,-2445
116900095,222,752,-530
116900096,41,295,-254
116900097,1047,3342,-2295
116900098,640,472,168
116900099,195,1010,-815
116900100,884,67,817
116900101,216,713,-497
116900103,17,0,17
116900104,21,210,-189
116900105,234,173,61
116900106,2551,96,2455
116900107,941,2577,-1636
116900110,17,2,15
116900111,795,109,686
116900112,249,424,-175
116900113,737,3117,-2380
116900116,50,1140,-1090
116900117,179,49,130
116900118,1545,933,612
116900120,428,31,397
116900121,200,17,183
116900122,957,90,867
116900123,311,162,149
116900124,100,321,-221
116900125,462,63,399
116900126,50,431,-381
116900128,0,80,-80
116900129,1,125,-124
116900130,1563,3670,-2107
116900131,26,218,-192
116900132,53,47,6
116900133,169,89,80
116900134,276,184,92
116900136,165,60,105
116900137,187,95,92
116900138,118,105,13
116900139,54,192,-138
116900140,87,41,46
116900141,376,127,249
116900142,0,42,-42
116900143,165,108,57
116900144,34,34,0
116900145,69,83,-14
116900147,172,2372,-2200
116900148,8,22,-14
116900149,52,180,-128
116900150,4,6,-2
116900151,83,63,20
116900153,63,84,-21
116900154,107,435,-328
116900155,34,66,-32
116900157,632,59,573
116900158,46,270,-224
116900159,61,668,-607
116900160,770,1078,-308
116900161,2836,8419,-5583
116900162,6,52,-46
116900163,229,28,201
116900164,83,48,35
116900165,545,424,121
116900166,55,20,35
116900167,399,32,367
116900168,492,35,457
116900169,210,2173,-1963
116900170,484,464,20
116900171,40,44,-4
116900172,71,430,-359
116900173,201,14,187
116900174,89,115,-26
116900175,312,616,-304
116900178,75,69,6
116900179,62,434,-372
116900180,58,11,47
116900182,1083,212,871
116900183,178,62,116
116900185,43,45,-2
116900186,148,76,72
116900187,35,64,-29
116900188,78,13,65
116900189,49,0,49
116900191,192,292,-100
116900192,320,101,219
116900194,84,1760,-1676
116900195,29,20,9
116900196,28,42,-14
116900197,111,4,107
116900198,44,329,-285
116900200,171,9,162
116900201,169,2,167
116900202,60,6,54
116900203,156,27,129
116900204,26,152,-126
116900206,18,2,16
116900207,11,15,-4
116900208,7,52,-45
116900209,13,24,-11
116900210,762,303,459
116900211,208,4,204
116900212,109,16,93
116900213,230,98,132
116900214,258,157,101
116900215,53,20,33
116900216,275,174,101
116900218,1,203,-202
116900219,486,157,329
116900220,142,186,-44
116900221,154,212,-58
116900222,392,262,130
116900223,69,152,-83
116900226,79,14,65
116900227,186,20,166
116900228,258,144,114
116900230,62,94,-32
116900231,71,98,-27
116900232,39,144,-105
116900233,182,79,103
116900234,4,0,4
116900235,129,191,-62
116900238,655,159,496
116900239,2,650,-648
116900240,2992,2667,325
116900241,77,26,51
116900242,413,896,-483
116900243,1,8,-7
116900245,35,13,22
116900246,127,10,117
116900247,890,45,845
116900248,71,10,61
116900249,581,28,553
116900250,395,37,358
116900251,215,953,-738
116900252,172,376,-204
116900253,130,14,116
116900254,27,72,-45
116900255,181,112,69
116900256,692,97,595
116900257,13,70,-57
116900258,2,69,-67
116900259,290,11,279
116900260,0,24,-24
116900261,79,0,79
116900262,170,38,132
116900263,0,14,-14
116900264,85,152,-67
116900265,80,0,80
116900266,35,15,20
116900267,15,0,15
116900268,28,40,-12
116900269,316,1841,-1525
116900271,472,357,115
116900272,617,284,333
116900273,33,677,-644
116900274,126,13,113
116900275,230,51,179
116900276,237,339,-102
116900277,145,24,121
116900278,7,3,4
116900279,0,13,-13
116900280,42,17,25
116900281,2310,5236,-2926
116900282,0,26,-26
116900283,4,44,-40
116900284,7,58,-51
116900285,109,301,-192
116900286,66,3,63
116900287,0,11,-11
116900288,100,66,34
116900289,19,0,19
116900290,16,0,16
116900291,36,16,20
116900292,0,48,-48
116900293,86,6,80
116900294,3,61,-58
116900295,149,346,-197
116900296,70,442,-372
116900297,3,93,-90
116900298,90,319,-229
116900299,33,288,-255
116900300,1,224,-223
116900301,34,1290,-1256
116900302,19,143,-124
116900303,113,181,-68
116900304,0,353,-353
116900305,15,30,-15
116900306,229,48,181
116900307,81,1,80
116900308,0,32,-32
116900309,177,19,158
117000001,2871,2933,-62
117000002,1762,3324,-1562
117000003,6071,3473,2598
117000004,1852,4602,-2750
117000005,3983,2372,1611
117000006,875,1657,-782
117000007,6473,1038,5435
117000008,887,2252,-1365
117000009,4568,1550,3018
117000010,1363,2204,-841
117000011,3028,1221,1807
117000012,1555,757,798
117000013,2284,908,1376
117000014,1030,2005,-975
117000015,2947,1486,1461
117000016,434,704,-270
117000017,91,1696,-1605
117000018,102,1307,-1205
117000019,71,186,-115
117000020,796,2343,-1547
117000021,2478,1028,1450
117000022,196,823,-627
117000023,53,1505,-1452
117000024,99,1370,-1271
117000025,118,4473,-4355
117000026,1687,4768,-3081
117000027,1080,4377,-3297
117000028,1009,3398,-2389
117000030,365,246,119
117000031,485,403,82
117000032,1306,1553,-247
117000033,1671,782,889
117000034,204,178,26
117000035,313,455,-142
117000036,388,227,161
117000037,276,189,87
117000038,324,424,-100
117000039,377,357,20
117000040,182,487,-305
117000041,1251,129,1122
117000044,4,659,-655
117000045,1099,136,963
117000046,398,681,-283
117000047,1158,806,352
117000048,1364,760,604
117000049,25,342,-317
117000050,251,984,-733
117000051,2923,45,2878
117000052,43,133,-90
117000053,905,30,875
117000054,1699,4,1695
117000055,2,972,-970
117000056,659,29,630
117000057,279,1088,-809
117000060,348,997,-649
117000061,2538,1124,1414
117000062,130,873,-743
117000063,1952,792,1160
117000064,618,529,89
117000066,476,601,-125
117000067,165,642,-477
117000074,17,146,-129
117000076,44,38,6
117000077,204,159,45
117000078,136,388,-252
117000079,321,223,98
117000080,2,410,-408
117000081,757,117,640
117000082,7,51,-44
117000083,92,17,75
117000084,125,4,121
117000085,427,745,-318
117000086,602,176,426
117000087,108,393,-285
117000088,278,110,168
117000089,2249,162,2087
117000090,244,548,-304
117000091,1243,183,1060
117000092,441,584,-143
117000093,1725,515,1210
117000094,836,984,-148
117000095,3440,508,2932
117000096,562,1075,-513
117000097,2227,678,1549
117000098,1332,1924,-592
117000099,4734,784,3950
117000100,203,258,-55
117000101,52,529,-477
117000102,2130,534,1596
117000103,332,654,-322
117000104,1841,570,1271
117000105,357,683,-326
117000106,1929,471,1458
117000107,420,804,-384
117000108,2710,742,1968
117000109,824,1087,-263
117000110,2121,1646,475
117000111,4091,3426,665
117000112,3431,1229,2202
117000113,80,72,8
117000114,291,74,217
117000115,84,29,55
117000116,152,121,31
117000117,1909,1047,862
117000118,418,220,198
117000119,130,1020,-890
117000120,73,2191,-2118
117000121,43,1354,-1311
117000122,1029,2050,-1021
117000123,2836,61,2775
117000124,117,270,-153
117000125,62,1343,-1281
117000126,21,12,9
117000127,102,555,-453
117000128,82,1578,-1496
117000129,244,2125,-1881
117000130,239,0,239
117000131,0,80,-80
117000132,3698,35,3663
117000133,2725,11,2714
117000134,0,270,-270
117000135,6,342,-336
117000136,0,124,-124
117000137,244,132,112
117000138,9,1065,-1056
117000140,240,609,-369
117000141,2320,358,1962
117000181,285,246,39
117000182,2939,890,2049
117000195,103,268,-165
117000196,316,147,169
117000225,57,321,-264
117000226,6,435,-429
117000276,312,13,299
117000277,0,97,-97
117000310,1142,1826,-684
117000315,285,779,-494
117000320,83,0,83
117000906,524,7,517
117000907,5,155,-150
117000909,71,113,-42
117000910,267,122,145
117000911,48,80,-32
117000915,6,132,-126
117000916,122,13,109
117000917,1993,36,1957
117000918,257,59,198
117000919,11,28,-17
117000920,0,563,-563
117000921,1,257,-256
117000922,12,43,-31
117000924,836,799,37
117000926,781,742,39
117000927,230,880,-650
117000928,1,120,-119
117000929,452,97,355
117000930,640,11,629
117000931,98,161,-63
117900002,51,1123,-1072
117900003,90,211,-121
117900005,2,360,-358
117900006,0,16,-16
117900007,158,61,97
117900008,0,4,-4
117900010,538,107,431
117900011,22,983,-961
117900012,81,33,48
117900013,0,135,-135
117900014,893,210,683
117900015,13,89,-76
117900016,672,745,-73
117900017,931,531,400
117900018,435,1454,-1019
117900019,915,160,755
117900020,46,380,-334
117900021,51,114,-63
117900022,27,1,26
117900023,3812,107,3705
117900024,82,82,0
117900025,15,3,12
117900026,501,105,396
117900028,102,6,96
117900029,422,342,80
117900030,511,240,271
117900031,295,780,-485
117900032,771,424,347
117900033,659,391,268
117900034,63,30,33
117900035,284,62,222
117900036,455,134,321
117900037,135,38,97
117900038,14,44,-30
117900039,2,19,-17
117900040,72,113,-41
117900041,2,27,-25
117900042,1774,237,1537
117900043,6,15,-9
117900044,13,4883,-4870
117900045,342,81,261
117900048,334,56,278
117900049,564,248,316
117900050,22,1095,-1073
117900051,11,6,5
117900052,105,469,-364
117900053,1460,112,1348
117900054,3,14,-11
117900055,2981,507,2474
117900056,57,161,-104
117900057,767,566,201
117900058,13,180,-167
117900059,119,99,20
117900060,2194,1405,789
117900061,32,518,-486
117900063,563,136,427
117900065,156,507,-351
117900066,4,63,-59
117900067,1163,124,1039
117900069,1154,149,1005
117900070,96,305,-209
117900071,334,120,214
117900073,888,154,734
117900074,36,713,-677
117900075,76,57,19
117900076,97,121,-24
117900077,617,62,555
117900078,339,542,-203
117900080,283,33,250
117900081,239,191,48
117900082,554,280,274
117900083,719,281,438
117900086,310,39,271
117900087,158,10,148
117900088,861,713,148
117900089,2174,493,1681
117900090,620,308,312
117900091,120,28,92
117900092,125,35,90
117900093,70,13,57
117900094,78,41,37
117900095,510,925,-415
117900096,127,404,-277
117900097,220,8,212
117900098,82,11,71
117900099,304,690,-386
117900100,501,4,497
117900101,946,2071,-1125
117900102,91,9,82
117900103,57,7,50
117900104,8,429,-421
117900105,72,82,-10
117900106,39,8,31
117900107,47,0,47
117900109,867,271,596
117900110,120,2,118
117900111,529,38,491
117900112,30,2,28
117900113,793,2065,-1272
117900114,47,0,47
117900115,77,423,-346
117900116,483,375,108
117900117,869,119,750
117900118,125,0,125
117900119,224,29,195
117900120,762,24,738
117900121,114,3,111
117900122,1047,4309,-3262
117900123,1249,256,993
117900124,234,348,-114
117900125,1097,1244,-147
117900126,99,251,-152
117900127,484,157,327
117900128,260,207,53
117900129,150,4,146
117900130,405,251,154
117900131,4,46,-42
117900132,12,65,-53
117900133,36,44,-8
117900134,31,44,-13
117900135,14,25,-11
117900136,0,9,-9
117900137,51,153,-102
117900138,0,2,-2
117900139,91,74,17
117900140,5170,910,4260
117900141,107,362,-255
117900142,18,547,-529
117900144,52,1914,-1862
117900145,15,226,-211
117900146,212,398,-186
117900147,103,79,24
117900148,2801,2960,-159
117900149,93,111,-18
117900150,85,53,32
117900151,37,177,-140
117900152,110,78,32
117900153,36,130,-94
117900154,618,360,258
117900156,386,488,-102
117900157,78,413,-335
117900158,289,77,212
117900160,676,574,102
117900161,754,852,-98
117900162,1036,421,615
117900163,12,854,-842
117900165,0,11,-11
117900166,40,407,-367
117900168,28,52,-24
117900169,0,21,-21
117900170,0,3,-3
117900171,2,4,-2
117900172,9,5,4
117900173,29,64,-35
117900174,15,25,-10
117900175,1,12,-11
117900176,8,10,-2
117900177,10,12,-2
117900178,43,25,18
117900180,103,44,59
117900181,21,294,-273
117900182,0,44,-44
117900183,75,129,-54
117900184,33,45,-12
117900185,29,7,22
117900186,28,1,27
117900187,13,4,9
117900188,114,49,65
117900189,59,14,45
117900190,17,0,17
117900191,89,0,89
117900192,148,2,146
117900193,0,43,-43
117900194,13,2,11
117900195,4,44,-40
117900196,12,12,0
117900207,62,90,-28
117900208,21,8,13
117900209,118,75,43
117900210,109,99,10
117900211,0,72,-72
117900212,106,205,-99
117900213,64,1,63
117900214,4,3,1
117900215,35,27,8
117900216,20,79,-59
117900217,45,342,-297
117900218,117,166,-49
117900219,0,219,-219
117900220,29,577,-548
117900222,186,101,85
117900223,89,230,-141
118000001,719,2271,-1552
118000002,279,1153,-874
118000003,2448,5521,-3073
118000004,1280,5580,-4300
118000005,4110,3200,910
118000006,4152,4830,-678
118000007,4376,8933,-4557
118000008,963,4555,-3592
118000009,1205,2762,-1557
118000010,3765,2954,811
118000011,1772,861,911
118000012,981,977,4
118000013,2156,1738,418
118000014,1646,875,771
118000016,306,189,117
118000017,932,351,581
118000018,364,199,165
118000019,1130,2309,-1179
118000020,617,2577,-1960
118000021,580,3648,-3068
118000022,920,696,224
118000023,346,331,15
118000024,492,1018,-526
118000027,9042,7319,1723
118000029,423,634,-211
118000032,166,2123,-1957
118000033,1804,4915,-3111
118000034,3248,3784,-536
118000035,1788,2623,-835
118000036,813,1129,-316
118000037,678,2024,-1346
118000038,849,83,766
118000039,102,59,43
118000040,1533,1882,-349
118000041,3327,1356,1971
118000045,314,217,97
118000046,802,2145,-1343
118000047,493,4438,-3945
118000048,1143,4901,-3758
118000051,561,3531,-2970
118000052,225,1434,-1209
118000053,309,510,-201
118000054,2310,506,1804
118000055,2456,1223,1233
118000056,71,477,-406
118000057,144,288,-144
118000058,1361,4222,-2861
118000059,1283,2440,-1157
118000060,976,446,530
118000061,947,1049,-102
118000062,401,266,135
118000063,299,772,-473
118000064,427,1222,-795
118000065,1376,1540,-164
118000066,1480,4321,-2841
118000067,418,536,-118
118000068,744,9381,-8637
118000069,915,1257,-342
118000070,5102,2255,2847
118000071,3561,10644,-7083
118000072,590,3565,-2975
118000073,412,1860,-1448
118000074,405,596,-191
118000075,391,341,50
118000076,1719,6844,-5125
118000077,1150,2705,-1555
118000078,1576,3151,-1575
118000079,185,532,-347
118000080,533,1551,-1018
118000081,1398,2522,-1124
118000082,355,1439,-1084
118000083,1323,2157,-834
118000084,1767,2246,-479
118000086,154,511,-357
118000087,3988,2427,1561
118000088,1130,1905,-775
118000089,3619,3085,534
118000090,708,3287,-2579
118000091,1074,4469,-3395
118000092,839,814,25
118000093,82,710,-628
118000096,462,895,-433
118000097,499,863,-364
118000098,283,435,-152
118000099,913,385,528
118000101,2049,376,1673
118000102,413,474,-61
118000107,2603,696,1907
118000108,642,3787,-3145
118000110,0,34,-34
118000111,1,165,-164
118000112,825,0,825
118000113,8,180,-172
118000114,649,5,644
118000115,20,12,8
118000116,25,0,25
118000117,646,823,-177
118000118,917,2281,-1364
118000119,975,2223,-1248
118000120,1299,1216,83
118000121,28,671,-643
118000122,513,293,220
118000123,55,283,-228
118000125,930,1652,-722
118000126,507,1980,-1473
118000127,1148,1219,-71
118000128,274,2088,-1814
118000129,1616,603,1013
118000130,1995,2797,-802
118000131,214,589,-375
118000132,3070,2415,655
118000133,1321,791,530
118000135,419,1108,-689
118000136,188,940,-752
118000137,394,122,272
118000138,357,390,-33
118000139,388,126,262
118000140,3638,7593,-3955
118000141,2915,1474,1441
118000142,2955,1399,1556
118000143,3473,1230,2243
118000144,748,405,343
118000145,1211,944,267
118000146,1178,350,828
118000147,1040,861,179
118000148,623,1038,-415
118000149,955,385,570
118000150,632,205,427
118000151,782,230,552
118000153,2010,701,1309
118000154,1536,1102,434
118000155,2979,951,2028
118000156,1752,2971,-1219
118000157,626,252,374
118000158,229,493,-264
118000159,31,67,-36
118000160,858,218,640
118000161,584,192,392
118000162,1195,797,398
118000163,946,914,32
118000164,1691,1295,396
118000168,424,773,-349
118000169,982,667,315
118000170,2295,1784,511
118000171,369,289,80
118000172,108,106,2
118000173,758,873,-115
118000175,153,293,-140
118000176,388,452,-64
118000177,391,649,-258
118000178,34,35,-1
118000179,687,783,-96
118000180,604,426,178
118000181,585,123,462
118000182,232,133,99
118000183,287,195,92
118000184,1231,439,792
118000185,481,1755,-1274
118000186,385,981,-596
118000187,2247,258,1989
118000188,858,49,809
118000189,800,233,567
118000190,10,3,7
118000191,10,24,-14
118000192,17,106,-89
118000193,20,182,-162
118000194,1593,752,841
118000195,191,5597,-5406
118000196,108,734,-626
118000197,45,176,-131
118000198,301,1542,-1241
118000199,314,1182,-868
118000200,69,914,-845
118000201,115,910,-795
118000202,19,291,-272
118000203,272,1151,-879
118000204,40,583,-543
118000205,35,286,-251
118000206,179,249,-70
118000207,0,42,-42
118000208,1194,1147,47
118000209,2630,798,1832
118000210,140,38,102
118000211,118,42,76
118000213,276,4078,-3802
118000214,279,722,-443
118000215,549,85,464
118000216,6377,1379,4998
118000217,13,49,-36
118000218,57,30,27
118000219,193,203,-10
118000220,27,53,-26
118000221,548,362,186
118000222,67,41,26
118000223,140,31,109
118000224,139,65,74
118000225,132,1583,-1451
118000226,1027,164,863
118000227,874,456,418
118000228,14,432,-418
118000229,47,750,-703
118000230,155,143,12
118000231,40,280,-240
118000232,850,264,586
118000233,1281,494,787
118000234,606,69,537
118000236,223,207,16
118000237,138,186,-48
118000238,200,90,110
118000239,339,247,92
118000240,114,89,25
118000241,186,98,88
118000242,420,191,229
118000243,242,116,126
118000244,90,26,64
118000246,0,38,-38
118000255,65,226,-161
118000256,189,182,7
118000259,12,50,-38
118000260,217,61,156
118000261,41,5,36
118000263,67,144,-77
118000266,163,219,-56
118000267,0,304,-304
118000268,185,4,181
118000270,173,5,168
118000271,280,147,133
118000272,53,16,37
118000273,283,26,257
118000274,87,218,-131
118000276,519,142,377
118000295,35,75,-40
118000298,77,118,-41
118000299,65,77,-12
118000301,0,126,-126
118000302,142,12,130
118000311,893,41,852
118000312,380,95,285
118000313,26,50,-24
118000314,92,14,78
118000315,34,13,21
118000316,861,364,497
118000325,90,2,88
118000326,59,31,28
118000331,33,10,23
118000332,25,11,14
118000333,25,32,-7
118000335,521,0,521
118000336,1,129,-128
118000407,236,64,172
118000457,8,118,-110
118000465,628,2361,-1733
118000480,38,26,12
118000489,6,485,-479
118000490,2,134,-132
118000492,470,177,293
118000510,26,34,-8
118000514,95,723,-628
118000515,421,862,-441
118000517,291,172,119
118000524,84,408,-324
118000525,421,559,-138
118000530,10,172,-162
118000531,411,169,242
118000532,256,174,82
118000533,238,87,151
118000534,475,275,200
118000535,354,128,226
118000536,59,489,-430
118000537,22,75,-53
118000538,8,75,-67
118000539,4,69,-65
118000540,137,253,-116
118000541,57,94,-37
118000542,53,277,-224
118000543,109,392,-283
118000546,60,15,45
118000553,0,1,-1
118000560,885,2035,-1150
118000562,54,108,-54
118000563,1054,742,312
118000576,214,65,149
118000577,167,149,18
118000578,171,79,92
118000579,612,1794,-1182
118000583,0,0,0
118000595,197,64,133
118000596,2,544,-542
118000597,93,79,14
118000598,1,0,1
118000599,183,54,129
118000600,1,0,1
118000601,5,0,5
118000602,0,1,-1
118000603,0,4,-4
118000605,47,72,-25
118900001,395,1051,-656
118900002,482,760,-278
118900003,465,8,457
118900004,32,13,19
118900005,86,2,84
118900006,208,8,200
118900007,0,0,0
118900008,823,36,787
118900009,53,91,-38
118900010,87,10,77
118900011,161,5,156
118900012,229,191,38
118900013,818,340,478
118900015,188,34,154
118900016,2,2,0
118900017,22,241,-219
118900018,1046,34,1012
118900019,10,36,-26
118900020,27,292,-265
118900021,96,387,-291
118900022,123,36,87
118900023,68,160,-92
118900024,113,133,-20
118900025,45,25,20
118900026,69,16,53
118900027,399,122,277
118900028,188,66,122
118900029,174,315,-141
118900030,614,54,560
118900031,88,20,68
118900032,289,68,221
118900033,299,623,-324
118900034,117,16,101
118900035,101,47,54
118900036,907,350,557
118900037,208,583,-375
118900038,446,47,399
118900039,629,84,545
118900040,243,120,123
118900041,597,317,280
118900042,85,43,42
118900045,149,150,-1
118900046,368,302,66
118900047,291,298,-7
118900048,149,698,-549
118900049,65,45,20
118900050,37,11,26
118900051,61,154,-93
118900052,187,589,-402
118900053,8,99,-91
118900054,99,22,77
118900055,104,10,94
118900056,60,373,-313
118900057,660,376,284
118900058,388,555,-167
118900059,9,112,-103
118900060,40,34,6
118900062,201,101,100
118900064,138,448,-310
118900065,22,115,-93
118900066,77,48,29
118900067,3094,3532,-438
118900068,30,257,-227
118900069,485,167,318
118900071,2,10,-8
118900072,804,398,406
118900073,233,54,179
118900074,281,64,217
118900075,159,13,146
118900076,206,186,20
118900077,335,99,236
118900078,8,1,7
118900079,39,132,-93
118900080,64,45,19
118900081,51,65,-14
118900082,1703,133,1570
118900083,11,0,11
118900084,13,16,-3
118900085,412,398,14
118900086,49,88,-39
118900087,96,418,-322
118900088,0,1,-1
118900089,29,8,21
118900090,327,138,189
118900091,73,265,-192
118900092,194,21,173
118900093,98,6,92
118900096,46,187,-141
118900097,204,423,-219
118900099,36,79,-43
118900100,43,265,-222
118900101,115,158,-43
118900102,19,73,-54
118900103,11,137,-126
118900104,191,52,139
118900105,204,61,143
118900107,63,31,32
118900108,54,46,8
118900110,1166,847,319
118900111,734,269,465
118900112,136,237,-101
118900113,51,262,-211
118900114,29,240,-211
118900115,48,272,-224
118900116,52,102,-50
118900117,134,73,61
118900118,297,160,137
118900119,197,89,108
118900120,124,189,-65
118900121,7,54,-47
118900122,5,728,-723
118900123,157,233,-76
118900124,75,155,-80
118900126,14,304,-290
118900129,252,191,61
118900130,21,308,-287
118900131,411,97,314
118900132,242,163,79
118900133,8,164,-156
118900135,227,104,123
118900136,191,215,-24
118900137,22,94,-72
118900139,260,142,118
118900140,561,284,277
118900141,168,31,137
118900144,211,177,34
118900145,5,38,-33
118900146,339,361,-22
118900147,127,477,-350
118900148,67,23,44
118900150,100,426,-326
118900152,500,377,123
118900157,61,200,-139
118900158,157,48,109
118900159,0,42,-42
118900161,37,15,22
118900163,51,48,3
118900164,2,36,-34
118900165,50,27,23
118900166,10,3,7
118900167,99,44,55
118900168,13,164,-151
118900169,80,49,31
118900170,232,22,210
118900171,43,38,5
118900174,103,49,54
118900175,554,345,209
118900176,206,207,-1
118900177,66,6,60
118900178,64,81,-17
118900179,5,22,-17
118900181,96,33,63
118900182,9,27,-18
118900183,26,78,-52
118900184,179,79,100
118900185,121,46,75
118900186,57,76,-19
118900187,120,344,-224
118900188,171,285,-114
118900189,20,512,-492
118900190,50,152,-102
118900191,392,16,376
118900192,363,8,355
118900193,570,3,567
118900195,172,327,-155
118900196,33,120,-87
118900197,322,11,311
118900198,29,0,29
118900199,71,7,64
118900200,13,16,-3
118900201,27,46,-19
118900202,12,42,-30
118900203,19,0,19
118900204,16,1,15
118900205,1,2,-1
118900206,1,4,-3
119000001,1369,1863,-494
119000002,3037,2790,247
119000003,3074,613,2461
119000004,2567,1677,890
119000005,2415,2378,37
119000006,4599,1575,3024
119000007,3526,3149,377
119000008,1680,1349,331
119000009,2476,5905,-3429
119000010,3154,3633,-479
119000011,1735,2538,-803
119000012,891,2582,-1691
119000013,3256,1828,1428
119000014,1253,1552,-299
119000019,277,107,170
119000020,2513,1741,772
119000021,5693,3532,2161
119000022,1022,3291,-2269
119000023,235,223,12
119000024,1708,18942,-17234
119000025,2995,834,2161
119000026,59,599,-540
119000027,175,349,-174
119000028,1408,443,965
119000029,51,201,-150
119000030,473,742,-269
119000031,846,376,470
119000032,1513,1397,116
119000033,1990,1114,876
119000034,1250,435,815
119000035,16,155,-139
119000036,2847,392,2455
119000037,1418,615,803
119000038,199,268,-69
119000039,664,323,341
119000040,873,831,42
119000041,644,1311,-667
119000048,1947,1387,560
119000049,2962,1306,1656
119000050,1236,1156,80
119000051,2700,836,1864
119000052,2731,1909,822
119000053,2173,937,1236
119000054,3391,1183,2208
119000055,6099,1845,4254
119000056,4058,1362,2696
119000057,1831,847,984
119000058,1558,990,568
119000059,998,893,105
119000060,1868,649,1219
119000061,795,598,197
119000062,883,768,115
119000063,719,530,189
119000064,678,640,38
119000065,977,2253,-1276
119000066,1864,1026,838
119000067,1771,1103,668
119000068,1761,746,1015
119000069,1565,1142,423
119000070,2848,650,2198
119000071,317,387,-70
119000072,3846,2087,1759
119000073,3155,9161,-6006
119000074,1532,1234,298
119000075,3582,1777,1805
119000076,127,870,-743
119000077,330,361,-31
119000078,442,158,284
119000079,82,436,-354
119000080,932,86,846
119000081,213,235,-22
119000082,724,133,591
119000083,769,408,361
119000084,227,230,-3
119000085,464,100,364
119000086,408,655,-247
119000087,600,239,361
119000088,437,135,302
119000089,113,168,-55
119000090,71,39,32
119000091,96,228,-132
119000092,213,104,109
119000093,3396,1861,1535
119000094,4965,5262,-297
119000095,2360,3180,-820
119000097,1473,790,683
119000098,1373,3990,-2617
119000099,1985,771,1214
119000100,4551,2693,1858
119000101,2839,1299,1540
119000102,397,1490,-1093
119000103,829,495,334
119000104,1084,647,437
119000105,838,2763,-1925
119000106,480,421,59
119000107,1191,521,670
119000108,619,314,305
119000109,105,551,-446
119000110,172,338,-166
119000111,23,790,-767
119000112,155,83,72
119000113,992,341,651
119000114,1465,984,481
119000115,105,112,-7
119000116,53,53,0
119000117,94,337,-243
119000118,5,0,5
119000123,2303,3014,-711
119000124,1183,102,1081
119000125,5455,351,5104
119000126,1834,346,1488
119000127,970,207,763
119000128,7,0,7
119000131,1114,202,912
119000132,1,6,-5
119000133,5,3,2
119000134,1024,558,466
119000135,237,155,82
119000136,441,121,320
119000137,220,134,86
119000138,938,50,888
119000139,182,76,106
119000140,299,273,26
119000284,725,1428,-703
119000285,1295,1095,200
119000286,2916,2200,716
119000287,1083,1126,-43
119000288,1747,770,977
119000289,897,2685,-1788
119000290,227,190,37
119000291,100,147,-47
119000293,162,81,81
119000294,55,26,29
119000295,938,121,817
119000296,256,93,163
119000299,0,1,-1
119000302,1325,1035,290
119000303,11,303,-292
119000310,0,0,0
119000314,1259,14717,-13458
119000315,0,79,-79
119000316,228,38,190
119000317,98,72,26
119900001,102,1628,-1526
119900002,205,174,31
119900003,21,394,-373
119900004,123,2186,-2063
119900005,299,66,233
119900006,128,382,-254
119900007,596,175,421
119900008,19,9,10
119900009,423,218,205
119900010,432,431,1
119900011,24,256,-232
119900012,6,100,-94
119900013,1622,1260,362
119900014,262,92,170
119900015,322,35,287
119900016,67,41,26
119900017,47,28,19
119900018,877,1202,-325
119900019,55,4,51
119900020,72,89,-17
119900021,148,17,131
119900022,74,776,-702
119900023,248,3017,-2769
119900025,376,20,356
119900026,458,129,329
119900027,8,23,-15
119900028,195,156,39
119900029,4,2,2
119900030,372,169,203
119900031,42,761,-719
119900033,921,212,709
119900034,741,31,710
119900037,159,7,152
119900038,40,446,-406
119900039,20,5,15
119900040,128,15,113
119900041,196,8,188
119900042,38,101,-63
119900043,87,39,48
119900044,187,847,-660
119900046,238,7,231
119900047,360,178,182
119900048,77,8,69
119900049,199,1,198
119900050,130,89,41
119900051,1084,10,1074
119900052,108,11,97
119900053,382,82,300
119900054,443,5,438
119900055,1392,375,1017
119900057,348,22,326
119900058,454,3,451
119900059,75,9,66
119900060,208,13,195
119900061,147,2,145
119900062,89,8,81
119900063,6,60,-54
119900065,210,3,207
119900066,0,0,0
119900067,56,6,50
119900068,798,5,793
119900069,161,13,148
119900070,767,1,766
119900071,670,19,651
119900073,791,252,539
119900074,14,13,1
119900075,997,1326,-329
119900076,943,128,815
119900077,1113,260,853
119900078,742,412,330
119900079,621,69,552
119900080,360,268,92
119900081,787,42,745
119900082,1668,205,1463
119900083,396,105,291
119900084,369,499,-130
119900085,33,38,-5
119900086,362,216,146
119900087,298,681,-383
119900088,33,16,17
119900089,9,87,-78
119900090,38,15,23
119900091,19,139,-120
119900092,27,131,-104
119900093,1625,160,1465
119900094,6,62,-56
119900095,80,66,14
119900096,12,54,-42
119900097,136,158,-22
119900098,44,29,15
119900099,25,82,-57
119900100,396,2343,-1947
119900101,61,1367,-1306
119900102,64,84,-20
119900103,26,109,-83
119900104,27,83,-56
119900105,457,2120,-1663
119900106,7,54,-47
119900107,155,810,-655
119900108,3254,455,2799
119900109,17,98,-81
119900110,553,248,305
119900111,98,74,24
119900112,492,740,-248
119900113,69,191,-122
119900114,203,407,-204
119900115,369,223,146
119900116,51,294,-243
119900117,319,196,123
119900118,116,158,-42
119900119,377,96,281
119900120,406,220,186
119900121,583,249,334
119900122,88,153,-65
119900123,95,110,-15
119900124,241,237,4
119900125,16,182,-166
119900126,1881,178,1703
119900127,553,366,187
119900128,305,173,132
119900129,257,96,161
119900130,2,137,-135
119900131,27,48,-21
119900132,0,44,-44
119900133,100,38,62
119900134,374,90,284
119900135,0,91,-91
119900136,68,133,-65
119900138,113,228,-115
119900139,4,63,-59
119900140,3,44,-41
119900141,54,770,-716
119900142,5,19,-14
119900143,14,177,-163
119900144,720,115,605
119900145,77,65,12
119900146,56,73,-17
119900147,3,151,-148
119900148,335,41,294
119900149,351,5266,-4915
119900150,71,67,4
119900151,1228,567,661
119900152,141,98,43
119900153,117,18,99
119900154,11,117,-106
119900155,57,14,43
119900156,6,6,0
119900157,170,57,113
119900158,181,28,153
119900159,13,305,-292
119900160,25,35,-10
119900161,76,72,4
119900162,1090,721,369
119900163,51,70,-19
119900164,0,2,-2
119900165,202,52,150
119900166,103,42,61
119900167,11,45,-34
119900168,1262,236,1026
119900169,6,221,-215
119900170,116,256,-140
119900171,506,240,266
119900172,37,28,9
119900173,2,70,-68
119900174,16,55,-39
119900175,1623,272,1351
119900177,10,81,-71
119900178,2,60,-58
119900179,170,745,-575
119900180,1083,450,633
119900181,16,116,-100
119900182,3,99,-96
119900183,112,401,-289
119900184,548,282,266
119900185,58,260,-202
119900186,10,1501,-1491
119900187,0,158,-158
119900188,117,218,-101
119900189,116,242,-126
119900190,99,256,-157
119900191,142,412,-270
119900192,38,84,-46
119900193,368,63,305
119900194,14,64,-50
119900195,33,82,-49
119900196,193,96,97
119900197,306,234,72
119900198,112,153,-41
119900199,109,11,98
119900200,557,331,226
119900201,153,106,47
119900202,35,218,-183
119900203,137,588,-451
119900204,301,277,24
119900205,983,173,810
119900206,363,100,263
119900208,84,120,-36
119900209,590,1629,-1039
119900210,60,9,51
119900211,46,1,45
119900212,456,216,240
119900213,14,65,-51
119900214,64,19,45
119900215,69,23,46
119900216,13,14,-1
119900217,23,8,15
119900218,11,55,-44
119900219,5,13,-8
119900220,12,15,-3
119900221,33,59,-26
119900222,23,48,-25
119900223,7,9,-2
119900224,8,3,5
119900225,208,14,194
119900226,227,1492,-1265
119900227,234,171,63
119900228,11,106,-95
119900229,124,158,-34
119900230,547,194,353
119900231,264,45,219
119900232,130,71,59
119900233,81,2,79
119900234,11,62,-51
119900235,8,16,-8
119900236,22,156,-134
119900237,49,217,-168
119900238,0,55,-55
119900240,88,53,35
119900241,119,97,22
119900242,985,1128,-143
119900244,450,682,-232
119900245,134,157,-23
119900246,180,497,-317
119900247,11,85,-74
119900248,20,330,-310
119900249,288,55,233
119900253,886,241,645
119900254,72,1107,-1035
119900255,88,972,-884
119900256,700,209,491
119900257,80,0,80
119900258,182,10,172
119900259,7,17,-10
119900260,111,8,103
119900261,624,32,592
119900262,0,72,-72
119900263,1427,157,1270
119900264,138,25,113
119900265,298,151,147
119900266,485,116,369
119900267,121,155,-34
119900268,171,58,113
119900269,848,316,532
119900271,16,44,-28
119900272,153,242,-89
119900275,94,1,93
119900276,154,5,149
119900277,25,12,13
119900278,183,70,113
119900279,91,153,-62
119900280,276,48,228
119900281,0,393,-393
119900282,38,119,-81
119900283,10,77,-67
119900284,31,109,-78
119900285,4,67,-63
119900286,2,15,-13
119900288,0,1,-1
119900289,0,4,-4
119900290,7,2,5
119900291,0,30,-30
119900292,32,45,-13
119900293,33,20,13
119900294,28,4,24
119900295,14,3,11
119900296,13,4,9
119900297,0,1,-1
119900298,2,2,0
119900299,24,68,-44
119900300,123,121,2
119900301,26,74,-48
119900302,15,83,-68
119900303,177,102,75
119900304,235,5,230
119900305,3,65,-62
119900306,22,2,20
119900307,44,27,17
119900308,5,15,-10
119900309,14,245,-231
119900310,201,167,34
119900311,154,29,125
119900312,139,22,117
119900313,259,153,106
119900314,192,405,-213
119900315,2202,809,1393
119900318,17,67,-50
119900319,0,43,-43
119900320,242,116,126
119900321,175,1,174
119900322,5,23,-18
119900323,0,52,-52
119900324,1,10,-9
119900325,110,36,74
119900326,27,15,12
120000001,6307,30948,-24641
120000002,2286,2422,-136
120000003,1857,1036,821
120000004,2428,915,1513
120000005,2190,1267,923
120000006,1458,933,525
120000007,2276,4817,-2541
120000008,960,988,-28
120000009,1354,735,619
120000010,2368,1858,510
120000011,1052,1097,-45
120000012,1443,1522,-79
120000013,3856,2362,1494
120000014,779,1098,-319
120000015,2591,1345,1246
120000016,4586,1914,2672
120000017,4962,3940,1022
120000018,3218,18448,-15230
120000019,1157,1636,-479
120000020,2424,3665,-1241
120000021,1728,2402,-674
120000022,2797,3751,-954
120000023,1430,1436,-6
120000024,1334,2183,-849
120000025,3141,1700,1441
120000026,3617,1893,1724
120000027,2736,2177,559
120000028,797,3041,-2244
120000029,605,1636,-1031
120000030,106,719,-613
120000031,1771,4734,-2963
120000032,4001,2346,1655
120000033,4023,1072,2951
120000034,2979,823,2156
120000035,3295,1544,1751
120000036,3496,4740,-1244
120000037,691,1732,-1041
120000038,2733,2516,217
120000039,767,781,-14
120000040,70,799,-729
120000041,339,759,-420
120000042,1704,966,738
120000043,4646,753,3893
120000044,6577,1029,5548
120000045,9134,601,8533
120000046,6274,3211,3063
120000047,497,9802,-9305
120000048,6933,3973,2960
120000049,4188,3203,985
120000050,3798,4795,-997
120000051,2299,4044,-1745
120000052,6464,1413,5051
120000053,1394,1364,30
120000054,1256,2094,-838
120000055,1318,2832,-1514
120000056,4394,3019,1375
120000057,4147,1433,2714
120000058,993,2282,-1289
120000059,20,1866,-1846
120000061,77,287,-210
120000062,120,296,-176
120000063,546,1638,-1092
120000064,192,385,-193
120000065,337,586,-249
120000066,174,294,-120
120000067,11,261,-250
120000068,265,324,-59
120000069,530,241,289
120000070,125,258,-133
120000071,755,80,675
120000072,827,294,533
120000073,1085,69,1016
120000074,60,76,-16
120000075,1144,240,904
120000076,2706,251,2455
120000077,2874,674,2200
120000078,2549,1093,1456
120000079,522,210,312
120000080,227,243,-16
120000081,553,151,402
120000082,582,325,257
120000083,97,1020,-923
120000084,289,221,68
120000085,166,198,-32
120000086,212,262,-50
120000087,191,173,18
120000088,687,605,82
120000089,1128,340,788
120000090,900,266,634
120000091,948,592,356
120000092,1111,349,762
120000093,876,511,365
120000094,272,821,-549
120000095,761,208,553
120000096,355,303,52
120000098,972,289,683
120000099,295,331,-36
120000100,802,396,406
120000101,742,246,496
120000102,842,996,-154
120000103,1581,900,681
120000104,2370,365,2005
120000105,3314,434,2880
120000106,3104,435,2669
120000107,6080,422,5658
120000108,2249,82,2167
120000109,1329,42,1287
120000110,57,399,-342
120000111,76,459,-383
120000112,398,1148,-750
120000113,515,938,-423
120000114,350,937,-587
120000115,245,1108,-863
120000116,374,1093,-719
120000117,435,697,-262
120000118,74,61,13
120000119,59,33,26
120000120,187,177,10
120000121,33,32,1
120000122,243,963,-720
120000123,1813,10238,-8425
120000124,470,409,61
120000125,1010,336,674
120000126,321,2173,-1852
120000127,975,1613,-638
120000128,2077,4845,-2768
120000129,183,229,-46
120000130,836,458,378
120000131,494,568,-74
120000134,232,265,-33
120000135,986,426,560
120000137,236,263,-27
120000138,1833,147,1686
120000139,210,145,65
120000140,1397,163,1234
120000141,309,143,166
120000142,1026,209,817
120000143,0,27,-27
120000144,159,4,155
120000145,798,8,790
120000146,887,1801,-914
120000149,476,553,-77
120000150,1579,12596,-11017
120000151,445,341,104
120000152,784,104,680
120000153,494,389,105
120000154,845,598,247
120000155,206,405,-199
120000156,331,2621,-2290
120000157,1057,422,635
120000158,1008,600,408
120000159,1848,1466,382
120000160,2353,1549,804
120000161,3339,2265,1074
120000162,173,376,-203
120000163,742,403,339
120000164,641,85,556
120000165,699,183,516
120000166,1204,242,962
120000167,319,174,145
120000168,6,733,-727
120000169,63,2962,-2899
120000170,24,2476,-2452
120000171,11,830,-819
120000172,11,590,-579
120000173,228,1986,-1758
120000174,36,66,-30
120000175,40,133,-93
120000176,30,47,-17
120000177,415,101,314
120000178,4,23,-19
120000179,12,46,-34
120000180,41,33,8
120000181,28,1040,-1012
120000182,44,878,-834
120000183,2,292,-290
120000184,242,1281,-1039
120000186,14,1958,-1944
120000187,19,936,-917
120000188,17,820,-803
120000190,61,90,-29
120000191,60,144,-84
120000192,86,42,44
120000193,32,4,28
120000195,11,3,8
120000196,28,5,23
120000197,1,5,-4
120000198,343,36,307
120000199,532,0,532
120000200,327,0,327
120000201,23,59,-36
120000202,6,45,-39
120000203,199,85,114
120000207,1,26,-25
120000208,9,42,-33
120000209,6,26,-20
120000210,60,24,36
120000211,423,2,421
120000212,397,0,397
120000213,265,71,194
120000214,0,108,-108
120000215,5,65,-60
120000216,237,23,214
120000217,235,781,-546
120000218,23,466,-443
120000219,0,286,-286
120000220,2,615,-613
120000225,2554,7,2547
120000226,567,6,561
120000227,1172,58,1114
120000228,10019,4481,5538
120000230,558,17,541
120000231,1908,683,1225
120000233,660,30,630
120000235,312,310,2
120000236,1293,2,1291
120000237,1,535,-534
120000238,3,820,-817
120000241,1122,4391,-3269
120000412,208,8,200
120000413,560,70,490
120000414,289,0,289
120000415,0,23,-23
120000416,95,4,91
120000417,0,102,-102
120000418,381,19,362
120000419,3,35,-32
120000420,77,13,64
120000421,6705,3616,3089
120000422,136,2096,-1960
120000423,1,107,-106
120000424,254,83,171
120000436,98,941,-843
120000437,83,99,-16
120000438,1244,229,1015
120000439,343,706,-363
120000443,133,0,133
120000444,1654,287,1367
120000445,2458,1057,1401
120000446,1735,156,1579
120000447,274,3,271
120000449,383,5,378
120000450,4,51,-47
120000451,229,130,99
120000452,527,1,526
120000453,0,40,-40
120000454,36,63,-27
120000455,123,44,79
120000456,2130,4919,-2789
120000457,416,302,114
120000458,253,282,-29
120000459,164,62,102
120000665,140,317,-177
120000668,117,1932,-1815
120000669,371,116,255
120000670,51,1303,-1252
120000671,2791,856,1935
120000672,54,329,-275
120900001,48,65,-17
120900002,75,671,-596
120900003,146,13,133
120900004,9,111,-102
120900005,202,387,-185
120900006,928,158,770
120900007,236,43,193
120900008,449,264,185
120900009,248,11,237
120900010,842,79,763
120900011,39,199,-160
120900012,27,1230,-1203
120900013,457,81,376
120900014,15,175,-160
120900015,919,49,870
120900016,1919,44,1875
120900017,1411,94,1317
120900018,112,126,-14
120900019,549,498,51
120900020,517,891,-374
120900021,689,167,522
120900022,76,182,-106
120900023,374,12,362
120900024,1333,291,1042
120900025,916,900,16
120900026,91,79,12
120900027,453,15,438
120900028,670,200,470
120900029,34,1038,-1004
120900030,3148,624,2524
120900031,489,114,375
120900032,1418,62,1356
120900033,1611,65,1546
120900034,20,3764,-3744
120900035,24,35,-11
120900037,316,16,300
120900038,165,446,-281
120900039,146,35,111
120900040,509,4,505
120900041,70,68,2
120900042,582,29,553
120900043,158,32,126
120900044,3,430,-427
120900045,103,17,86
120900046,875,7,868
120900047,300,177,123
120900048,286,24,262
120900049,738,5,733
120900050,682,2166,-1484
120900051,258,70,188
120900052,1136,6,1130
120900053,684,22,662
120900054,554,241,313
120900055,806,7,799
120900056,1211,30,1181
120900057,419,16,403
120900058,902,2,900
120900059,189,3,186
120900060,80,12,68
120900061,135,91,44
120900062,468,5,463
120900063,1432,12,1420
120900064,950,2,948
120900065,907,3,904
120900066,647,66,581
120900067,279,118,161
120900068,435,0,435
120900069,682,16,666
120900071,17,2,15
120900072,1485,11,1474
120900073,1130,32,1098
120900074,850,68,782
120900076,537,0,537
120900077,1008,236,772
120900078,973,236,737
120900079,1291,53,1238
120900080,1285,317,968
120900081,1657,601,1056
120900082,258,307,-49
120900083,114,1,113
120900084,1017,621,396
120900085,76,81,-5
120900086,43,589,-546
120900087,432,275,157
120900088,215,809,-594
120900089,1041,4221,-3180
120900090,240,14,226
120900091,353,889,-536
120900092,250,204,46
120900093,855,75,780
120900094,194,104,90
120900095,155,5,150
120900096,42,121,-79
120900097,517,359,158
120900098,75,109,-34
120900099,46,68,-22
120900100,44,118,-74
120900101,113,68,45
120900102,70,30,40
120900103,73,175,-102
120900104,12,55,-43
120900105,24,233,-209
120900106,329,105,224
120900107,92,71,21
120900108,17,207,-190
120900109,17,149,-132
120900110,22,158,-136
120900111,139,182,-43
120900112,31,261,-230
120900113,18,212,-194
120900114,9,135,-126
120900115,124,205,-81
120900116,588,94,494
120900117,20,76,-56
120900118,12,200,-188
120900119,8130,1677,6453
120900120,91,294,-203
120900121,75,202,-127
120900122,847,79,768
120900123,2,71,-69
120900124,2,156,-154
120900125,2,248,-246
120900126,410,408,2
120900127,15,133,-118
120900128,313,779,-466
120900129,11,111,-100
120900130,3,179,-176
120900131,149,56,93
120900132,1080,88,992
120900133,29,354,-325
120900134,132,159,-27
120900135,2,166,-164
120900136,61,30,31
120900137,405,61,344
120900138,15,107,-92
120900139,1,182,-181
120900140,6,95,-89
120900141,149,130,19
120900142,3,67,-64
120900143,0,205,-205
120900144,0,42,-42
120900145,102,232,-130
120900146,0,221,-221
120900147,0,284,-284
120900148,158,59,99
120900149,0,88,-88
120900150,54,126,-72
120900151,1,110,-109
120900152,1,10,-9
120900153,0,0,0
120900154,1,44,-43
120900155,160,243,-83
120900156,125,118,7
120900157,0,0,0
120900158,71,169,-98
120900159,1,19,-18
120900160,40,245,-205
120900161,32,224,-192
120900162,52,377,-325
120900163,90,944,-854
120900164,0,101,-101
120900165,6,344,-338
120900166,49,699,-650
120900167,135,102,33
120900169,138,112,26
120900170,279,4638,-4359
120900171,223,146,77
120900172,64,2026,-1962
120900173,0,17,-17
120900174,0,101,-101
120900175,110,77,33
120900176,40,337,-297
120900177,2,1479,-1477
120900178,0,573,-573
120900179,203,212,-9
120900180,45,147,-102
120900181,9,21,-12
120900182,31,99,-68
120900183,559,51,508
120900184,183,47,136
120900185,862,1557,-695
120900186,1,79,-78
120900187,513,660,-147
120900188,313,3,310
120900189,63,4042,-3979
120900190,205,4,201
120900191,71,11,60
120900192,3891,15506,-11615
120900194,72,117,-45
120900195,60,134,-74
120900196,305,22,283
120900197,710,110,600
120900198,115,186,-71
120900199,347,391,-44
120900200,10,63,-53
120900201,174,58,116
120900202,1,49,-48
120900203,38,29,9
120900204,57,138,-81
120900205,28,20,8
120900206,127,87,40
120900207,34,445,-411
121000001,465,2431,-1966
121000002,2311,2199,112
121000003,5157,1902,3255
121000004,2185,3158,-973
121000005,1789,2535,-746
121000006,3072,3186,-114
121000007,2144,6755,-4611
121000008,3443,6643,-3200
121000009,3551,9059,-5508
121000010,6068,7196,-1128
121000011,5965,11092,-5127
121000012,10953,6820,4133
121000013,6307,7621,-1314
121000014,5636,5125,511
121000015,5370,9920,-4550
121000016,3958,4427,-469
121000017,2105,1541,564
121000018,3102,1726,1376
121000019,6266,5795,471
121000020,10348,13110,-2762
121000021,1122,1172,-50
121000022,1921,2412,-491
121000023,1894,912,982
121000024,3890,4220,-330
121000025,408,1295,-887
121000026,370,175,195
121000027,1783,1647,136
121000028,755,826,-71
121000029,667,646,21
121000030,567,555,12
121000031,465,847,-382
121000032,199,196,3
121000034,288,439,-151
121000035,224,241,-17
121000036,662,1057,-395
121000037,499,1821,-1322
121000038,264,952,-688
121000039,146,340,-194
121000041,514,480,34
121000042,167,315,-148
121000043,496,790,-294
121000044,1247,1102,145
121000045,442,206,236
121000046,700,1013,-313
121000047,44,51,-7
121000049,809,680,129
121000050,306,2385,-2079
121000051,585,396,189
121000052,470,1366,-896
121000053,287,122,165
121000054,42,493,-451
121000055,674,3776,-3102
121000056,982,1333,-351
121000057,165,743,-578
121000058,160,188,-28
121000059,3185,1320,1865
121000060,533,1482,-949
121000061,72,292,-220
121000062,184,850,-666
121000063,871,1458,-587
121000064,537,995,-458
121000065,137,1046,-909
121000066,740,1437,-697
121000067,407,785,-378
121000068,424,630,-206
121000069,123,1453,-1330
121000070,1016,1438,-422
121000071,1453,1982,-529
121000072,564,1083,-519
121000073,837,1751,-914
121000074,31,247,-216
121000075,14,80,-66
121000076,311,284,27
121000077,100,105,-5
121000078,77,198,-121
121000080,1968,607,1361
121000081,3731,3666,65
121000082,122,405,-283
121000083,71,144,-73
121000084,203,285,-82
121000085,380,467,-87
121000086,1162,586,576
121000087,35,243,-208
121000088,546,639,-93
121000089,98,646,-548
121000090,131,450,-319
121000091,1157,1091,66
121000092,179,59,120
121000093,156,256,-100
121000094,253,715,-462
121000095,98,978,-880
121000096,5916,2891,3025
121000097,452,3068,-2616
121000098,628,458,170
121000099,650,604,46
121000100,788,160,628
121000101,218,164,54
121000102,215,98,117
121000103,160,133,27
121000104,160,26,134
121000105,337,39,298
121000106,225,139,86
121000107,1667,3109,-1442
121000109,1226,849,377
121000110,197,747,-550
121000114,5060,2856,2204
121000115,4694,932,3762
121000116,409,1405,-996
121000117,215,338,-123
121000118,1373,253,1120
121000119,240,225,15
121000120,333,377,-44
121000121,397,1653,-1256
121000123,611,519,92
121000127,133,128,5
121000128,842,105,737
121000129,899,134,765
121000130,480,496,-16
121000131,837,703,134
121000132,551,1422,-871
121000135,175,269,-94
121000136,843,1148,-305
121000137,840,321,519
121000138,477,1380,-903
121000139,213,554,-341
121000141,237,252,-15
121000142,408,842,-434
121000143,100,24,76
121000144,404,799,-395
121000145,448,900,-452
121000146,899,1671,-772
121000147,775,518,257
121000148,736,889,-153
121000149,1839,2837,-998
121000152,239,251,-12
121000153,1372,416,956
121000154,1791,515,1276
121000155,2908,1183,1725
121000156,368,1039,-671
121000157,973,1132,-159
121000158,264,289,-25
121000159,231,353,-122
121000160,283,494,-211
121000161,306,282,24
121000162,179,66,113
121000165,1128,2067,-939
121000166,17,430,-413
121000168,341,219,122
121000169,52,182,-130
121000170,256,66,190
121000171,47,186,-139
121000172,1055,1033,22
121000173,1754,1454,300
121000174,738,666,72
121000175,1817,782,1035
121000176,524,429,95
121000177,665,659,6
121000178,35,67,-32
121000179,47,60,-13
121000181,390,348,42
121000182,139,419,-280
121000183,64,160,-96
121000184,19,134,-115
121000185,34,413,-379
121000186,292,777,-485
121000187,311,118,193
121000188,343,55,288
121000192,752,450,302
121000193,524,258,266
121000194,1969,1941,28
121000195,320,1553,-1233
121000196,667,723,-56
121000197,105,1870,-1765
121000198,146,241,-95
121000199,131,215,-84
121000200,588,149,439
121000201,7,263,-256
121000202,543,114,429
121000203,444,2633,-2189
121000204,2967,884,2083
121000205,68,250,-182
121000206,82,107,-25
121000207,1751,786,965
121000208,7,267,-260
121000209,786,74,712
121000210,802,265,537
121000211,299,72,227
121000212,406,579,-173
121000213,18154,3144,15010
121000214,1024,2086,-1062
121000215,762,2582,-1820
121000216,513,684,-171
121000217,3773,3879,-106
121000218,512,2621,-2109
121000219,1498,1037,461
121000220,218,77,141
121000221,219,675,-456
121000222,4030,3129,901
121000223,241,1432,-1191
121000224,144,1048,-904
121000225,570,4229,-3659
121000226,1018,1802,-784
121000227,45,178,-133
121000228,18,889,-871
121000229,430,365,65
121000230,34,2870,-2836
121000231,1710,18,1692
121000232,670,388,282
121000233,682,293,389
121000234,11,69,-58
121000235,42,49,-7
121000236,4,66,-62
121000237,9,19,-10
121000238,7,112,-105
121000239,49,9,40
121000240,4,180,-176
121000241,100,39,61
121000242,41,584,-543
121000243,203,102,101
121000244,5,86,-81
121000245,58,32,26
121000246,0,103,-103
121000247,141,1,140
121000248,521,1170,-649
121000249,45,223,-178
121000250,475,348,127
121000251,15,262,-247
121000252,148,124,24
121000253,378,375,3
121000254,735,159,576
121000255,107,188,-81
121000256,215,182,33
121000257,17,104,-87
121000258,51,127,-76
121000259,26,113,-87
121000260,54,176,-122
121000261,78,127,-49
121000262,2528,362,2166
121000263,379,426,-47
121000271,1445,2245,-800
121000273,40,14,26
121000274,6,110,-104
121000275,0,16,-16
121000276,30,63,-33
121000278,38,32,6
121000279,21,13,8
121000280,20,17,3
121000289,525,36,489
121000290,2156,1974,182
121000294,230,29,201
121000297,324,1000,-676
121000299,116,2330,-2214
121000300,1880,891,989
121000302,26,638,-612
121000303,373,211,162
121000304,462,90,372
121000305,276,82,194
121000306,235,229,6
121000308,68,239,-171
121000309,205,358,-153
121000310,73,251,-178
121000311,72,264,-192
121000312,646,480,166
121000313,363,209,154
121000314,25,67,-42
121000315,3,23,-20
121000530,1702,2149,-447
121000531,1589,1331,258
121000532,5553,6757,-1204
121000533,3284,4318,-1034
121000918,27,38,-11
121000919,31,117,-86
121000938,98,156,-58
121000939,45,201,-156
121000956,1600,1311,289
121000957,1,21,-20
121000958,3,97,-94
121000959,917,213,704
121000960,1163,1235,-72
121000961,362,68,294
121000962,772,515,257
121000963,0,0,0
121000973,1,283,-282
121000976,10,86,-76
121000979,466,134,332
121000981,437,136,301
121000982,447,195,252
121000983,404,133,271
121000984,5,49,-44
121000985,953,331,622
121000986,438,106,332
121000987,126,541,-415
121000988,1127,169,958
121001302,157,153,4
121001308,1,31,-30
121001309,7,387,-380
121001313,168,79,89
121001314,1450,1435,15
121001315,6183,4122,2061
121900001,97,335,-238
121900002,27,72,-45
121900003,378,19,359
121900004,43,683,-640
121900005,19,11,8
121900006,122,22,100
121900007,2104,1390,714
121900008,50,239,-189
121900009,1385,22,1363
121900010,279,3,276
121900011,207,93,114
121900012,8,1,7
121900013,243,61,182
121900014,2173,403,1770
121900015,125,94,31
121900016,8,21,-13
121900017,481,1151,-670
121900018,663,4,659
121900019,510,160,350
121900020,82,3,79
121900021,878,23,855
121900022,188,208,-20
121900023,88,308,-220
121900024,405,31,374
121900025,477,530,-53
121900026,478,120,358
121900027,343,150,193
121900028,175,7,168
121900029,109,244,-135
121900030,334,465,-131
121900031,1209,5518,-4309
121900032,111,94,17
121900033,152,429,-277
121900034,212,205,7
121900035,5456,3228,2228
121900036,127,447,-320
121900037,66,1335,-1269
121900038,35,114,-79
121900039,223,32,191
121900040,17,80,-63
121900041,37,329,-292
121900042,375,215,160
121900043,0,1,-1
121900044,48,37,11
121900046,138,170,-32
121900047,171,124,47
121900048,73,61,12
121900050,17,139,-122
121900051,81,385,-304
121900052,126,35,91
121900053,394,204,190
121900054,214,1540,-1326
121900055,4,13,-9
121900058,450,574,-124
121900059,347,175,172
121900060,88,606,-518
121900061,148,114,34
121900062,94,72,22
121900063,1182,361,821
121900064,285,710,-425
121900066,36,18,18
121900067,25,20,5
121900069,162,174,-12
121900070,120,166,-46
121900071,882,371,511
121900072,59,151,-92
121900073,177,424,-247
121900074,258,504,-246
121900075,232,968,-736
121900076,329,1039,-710
121900077,36,6,30
121900078,81,14,67
121900079,0,0,0
121900080,738,276,462
121900082,78,108,-30
121900084,27,9,18
121900085,0,4,-4
121900086,27,64,-37
121900087,80,224,-144
121900088,1251,1974,-723
121900089,237,155,82
121900090,18,36,-18
121900091,82,9,73
121900092,100,108,-8
121900093,75,50,25
121900094,10,16,-6
121900095,306,122,184
121900096,714,717,-3
121900097,568,83,485
121900098,4,4,0
121900099,158,19,139
121900100,24,226,-202
121900101,86,99,-13
121900102,3,87,-84
121900103,258,244,14
121900104,1934,454,1480
121900105,236,117,119
121900106,24,3,21
121900107,40,10,30
121900108,0,6,-6
121900109,220,157,63
121900110,661,441,220
121900111,533,172,361
121900112,89,287,-198
121900113,44,337,-293
121900114,17,15,2
121900117,140,93,47
121900118,3032,792,2240
121900119,117,51,66
121900120,44,654,-610
121900121,603,38,565
121900122,26,30,-4
121900123,151,313,-162
121900124,250,179,71
121900125,2989,1376,1613
121900127,7,118,-111
121900128,86,79,7
121900129,138,180,-42
121900130,75,334,-259
121900131,283,104,179
121900132,50,77,-27
121900133,14,614,-600
121900134,18,590,-572
121900135,4883,488,4395
121900136,286,366,-80
121900137,32,279,-247
121900138,28,137,-109
121900139,281,4486,-4205
121900140,31,140,-109
121900141,58,8,50
121900142,86,45,41
121900143,26,81,-55
121900144,136,1054,-918
121900145,76,229,-153
121900146,356,976,-620
121900147,42,428,-386
121900148,288,485,-197
121900149,208,474,-266
121900150,35,208,-173
121900151,51,534,-483
121900152,153,68,85
121900153,22,212,-190
121900154,13,489,-476
121900155,1,180,-179
121900156,97,203,-106
121900157,4,401,-397
121900158,74,138,-64
121900159,2,218,-216
121900160,54,393,-339
121900161,178,727,-549
121900162,53,163,-110
121900163,359,168,191
121900164,136,407,-271
121900165,118,191,-73
121900166,64,244,-180
121900167,35,105,-70
121900168,53,107,-54
121900169,19,246,-227
121900170,7,78,-71
121900171,783,1086,-303
121900172,636,463,173
121900173,560,393,167
121900174,40,29,11
121900175,56,470,-414
121900176,497,2117,-1620
121900177,117,65,52
121900178,47,104,-57
121900179,348,393,-45
121900180,1578,5345,-3767
121900182,547,1017,-470
121900183,437,1384,-947
121900184,21,1417,-1396
121900186,6,725,-719
121900187,12,110,-98
121900188,895,184,711
121900189,65,20,45
121900190,213,406,-193
121900191,32,765,-733
121900192,172,3108,-2936
121900193,31,351,-320
121900194,15,238,-223
121900195,30,32,-2
121900196,685,992,-307
121900197,208,997,-789
121900198,4280,2650,1630
121900199,1,43,-42
121900200,57,195,-138
121900201,939,558,381
121900202,167,756,-589
121900203,54,1702,-1648
121900204,1897,968,929
121900205,7,147,-140
121900206,11,48,-37
121900207,49,23,26
121900208,111,510,-399
121900209,48,44,4
121900210,2596,2051,545
121900211,946,407,539
121900212,6,115,-109
121900213,348,30,318
121900214,5,409,-404
121900215,38,116,-78
121900216,19,148,-129
121900217,172,189,-17
121900218,147,1125,-978
121900220,61,22,39
121900221,431,516,-85
121900222,297,72,225
121900223,192,180,12
121900224,51,129,-78
121900225,134,282,-148
121900226,219,28,191
121900227,235,1722,-1487
121900228,100,122,-22
121900230,27,315,-288
121900231,31,1226,-1195
121900232,81,463,-382
121900233,394,220,174
121900234,217,199,18
121900235,496,165,331
121900236,253,139,114
121900237,189,875,-686
121900238,197,299,-102
121900239,171,45,126
121900240,122,158,-36
121900241,27,19,8
121900242,38,29,9
121900243,2,0,2
121900244,0,1,-1
121900245,347,98,249
121900246,8808,632,8176
121900247,434,181,253
121900248,1627,777,850
121900250,119,712,-593
121900251,556,20,536
121900252,261,168,93
121900253,180,1837,-1657
121900254,236,625,-389
121900255,441,209,232
121900258,5507,1168,4339
121900259,138,455,-317
121900260,145,104,41
121900261,98,780,-682
121900262,897,1361,-464
121900263,232,181,51
121900264,771,658,113
121900265,376,117,259
121900266,442,69,373
121900267,87,36,51
121900269,222,786,-564
121900270,62,154,-92
121900271,32,158,-126
121900273,370,1484,-1114
121900274,293,356,-63
121900277,263,700,-437
121900278,57,1468,-1411
121900279,123,215,-92
121900280,71,454,-383
121900281,74,384,-310
121900284,26,1,25
121900286,93,71,22
121900287,0,12,-12
121900288,1,26,-25
121900290,208,1748,-1540
121900291,415,1462,-1047
121900292,177,253,-76
121900293,726,5962,-5236
121900294,361,3,358
121900295,97,113,-16
121900296,94,140,-46
121900298,95,1077,-982
121900299,0,9,-9
121900300,73,16,57
121900301,62,1,61
121900302,1,54,-53
121900303,127,782,-655
121900304,13,30,-17
121900305,7,11,-4
121900306,249,2,247
121900307,153,5,148
121900308,5,79,-74
121900309,2,63,-61
121900310,6,60,-54
121900311,613,16,597
121900312,488,6,482
121900313,575,20,555
121900314,4,10,-6
121900315,29,0,29
121900316,0,5,-5
121900317,12,6,6
121900318,1,2,-1
121900319,54,260,-206
121900320,26,27,-1
121900321,35,0,35
121900322,10,5,5
121900323,71,38,33
121900324,0,15,-15
121900325,31,5,26
121900326,0,3,-3
121900327,2,31,-29
121900328,0,16,-16
121900329,5,78,-73
121900330,2,184,-182
121900331,26,11,15
121900332,40,22,18
121900333,55,1,54
121900334,58,51,7
122000001,1151,5531,-4380
122000002,1827,979,848
122000003,972,2628,-1656
122000004,829,1315,-486
122000005,6564,3084,3480
122000006,620,1895,-1275
122000007,751,2523,-1772
122000008,1190,4263,-3073
122000009,555,801,-246
122000010,3309,3963,-654
122000011,8153,3281,4872
122000012,697,5995,-5298
122000013,554,3086,-2532
122000014,7637,1947,5690
122000015,1157,1023,134
122000016,469,703,-234
122000017,1388,1801,-413
122000018,3171,2838,333
122000019,878,2468,-1590
122000020,168,752,-584
122000021,118,450,-332
122000022,1792,2366,-574
122000023,1484,2200,-716
122000024,548,4071,-3523
122000025,572,4883,-4311
122000026,268,1762,-1494
122000027,729,1022,-293
122000028,2158,895,1263
122000029,191,1277,-1086
122000030,159,219,-60
122000031,133,447,-314
122000032,9479,4384,5095
122000033,345,6428,-6083
122000034,357,1287,-930
122000035,166,803,-637
122000036,526,607,-81
122000037,1451,344,1107
122000038,281,653,-372
122000039,465,1368,-903
122000040,207,357,-150
122000041,1258,1267,-9
122000042,446,1178,-732
122000043,101,302,-201
122000044,98,145,-47
122000045,3205,1324,1881
122000046,1001,1810,-809
122000047,93,296,-203
122000048,1761,3424,-1663
122000049,7935,4351,3584
122000050,782,1577,-795
122000051,164,633,-469
122000052,428,619,-191
122000053,244,1264,-1020
122000054,1158,3154,-1996
122000055,1471,5088,-3617
122000056,2968,3193,-225
122000057,5019,4518,501
122000058,717,2804,-2087
122000059,809,5516,-4707
122000060,222,1446,-1224
122000061,128,1300,-1172
122000062,404,312,92
122000063,297,2162,-1865
122000064,3014,8721,-5707
122000065,2181,4089,-1908
122000066,664,2504,-1840
122000067,1141,2140,-999
122000068,3366,1124,2242
122000069,1552,1230,322
122000070,1239,1375,-136
122000071,5389,1362,4027
122000072,1995,1300,695
122000073,281,2542,-2261
122000074,2154,1923,231
122000075,1240,956,284
122000076,12942,2841,10101
122000077,571,3422,-2851
122000078,497,6376,-5879
122000079,234,4145,-3911
122000080,444,1094,-650
122000081,101,339,-238
122000082,191,1721,-1530
122000083,6958,808,6150
122000084,5902,1582,4320
122000085,344,675,-331
122000086,3302,7446,-4144
122000087,305,291,14
122000088,36,213,-177
122000089,6698,2513,4185
122000090,304,1316,-1012
122000091,73,762,-689
122000092,36,123,-87
122000093,1867,6054,-4187
122000094,7164,2951,4213
122000095,679,4923,-4244
122000096,331,2927,-2596
122000098,4236,4803,-567
122000099,555,2141,-1586
122000100,602,1314,-712
122000101,300,462,-162
122000102,4459,1526,2933
122000103,1046,2641,-1595
122000104,2621,212,2409
122000105,294,834,-540
122000106,500,2858,-2358
122000107,1181,566,615
122000108,678,935,-257
122000109,493,304,189
122000110,878,877,1
122000111,4830,1809,3021
122000112,2380,1691,689
122000113,940,939,1
122000114,1518,3840,-2322
122000115,2158,1380,778
122000116,274,571,-297
122000117,1093,269,824
122000118,483,438,45
122000119,2155,1284,871
122000120,585,2412,-1827
122000121,448,1472,-1024
122000122,229,617,-388
122000123,845,1424,-579
122000124,530,485,45
122000125,329,504,-175
122000126,278,508,-230
122000127,260,432,-172
122000128,186,315,-129
122000129,308,1598,-1290
122000130,1998,964,1034
122000131,664,853,-189
122000132,160,354,-194
122000133,630,882,-252
122000134,806,557,249
122000135,392,150,242
122000136,665,404,261
122000137,2000,842,1158
122000139,723,3383,-2660
122000140,291,1939,-1648
122000141,5059,3147,1912
122000142,64,3299,-3235
122000143,217,471,-254
122000144,1281,925,356
122000145,647,1086,-439
122000146,382,3262,-2880
122000147,450,792,-342
122000148,341,1530,-1189
122000149,1664,1194,470
122000150,1137,769,368
122000151,103,410,-307
122000152,356,415,-59
122000153,331,602,-271
122000154,240,169,71
122000155,1345,2411,-1066
122000156,9856,5305,4551
122000157,501,9674,-9173
122000158,246,1019,-773
122000159,511,1142,-631
122000160,1452,1424,28
122000161,880,840,40
122000162,876,1357,-481
122000163,450,202,248
122000164,65,297,-232
122000165,1293,1956,-663
122000166,739,2895,-2156
122000167,254,590,-336
122000168,149,1517,-1368
122000169,465,229,236
122000170,348,459,-111
122000171,30,80,-50
122000172,2347,1833,514
122000173,1604,3238,-1634
122000174,1431,2141,-710
122000175,723,353,370
122000176,278,1704,-1426
122000177,1021,1886,-865
122000178,7039,3863,3176
122000179,3725,4810,-1085
122000180,574,1186,-612
122000181,848,2097,-1249
122000182,1707,1095,612
122000183,3280,1022,2258
122000184,3468,3986,-518
122000185,1167,4045,-2878
122000186,694,2949,-2255
122000187,1482,1930,-448
122000188,468,350,118
122000189,203,418,-215
122000190,668,2501,-1833
122000191,623,939,-316
122000192,1074,411,663
122000193,320,685,-365
122000194,452,259,193
122000195,93,1063,-970
122000196,587,292,295
122000197,339,574,-235
122000198,349,3043,-2694
122000199,293,493,-200
122000200,1068,782,286
122000201,1239,3737,-2498
122000202,761,2872,-2111
122000203,1740,1310,430
122000204,689,1185,-496
122000205,576,730,-154
122000206,5633,1150,4483
122000207,1492,1661,-169
122000208,1787,2669,-882
122000209,2172,761,1411
122000210,1563,3096,-1533
122000211,798,1619,-821
122000212,617,428,189
122000213,908,1463,-555
122000214,1613,1561,52
122000215,2571,1919,652
122000217,1455,3283,-1828
122000218,684,88,596
122000219,1199,1134,65
122000220,141,751,-610
122000221,92,285,-193
122000222,575,147,428
122000223,674,725,-51
122000225,487,461,26
122000226,909,1254,-345
122000227,125,1418,-1293
122000228,137,178,-41
122000229,12,260,-248
122000230,28,247,-219
122000231,182,592,-410
122000232,453,446,7
122000233,0,59,-59
122000234,392,37,355
122000235,568,68,500
122000236,1069,49,1020
122000237,86,51,35
122000238,248,263,-15
122000239,712,171,541
122000240,1163,586,577
122000241,1797,412,1385
122000242,529,61,468
122000243,345,37,308
122000244,64,158,-94
122000245,78,92,-14
122000246,374,191,183
122000247,492,198,294
122000248,772,668,104
122000249,1224,925,299
122000250,1703,920,783
122000251,66,365,-299
122000252,161,68,93
122000253,28,190,-162
122000254,331,73,258
122000255,372,555,-183
122000256,162,364,-202
122000257,244,72,172
122000258,208,209,-1
122000259,15,238,-223
122000260,3,34,-31
122000261,17,192,-175
122000262,0,18,-18
122000263,207,256,-49
122000264,1425,385,1040
122000265,2380,1320,1060
122000266,3754,702,3052
122000267,102,79,23
122000268,150,481,-331
122000269,857,420,437
122000270,465,178,287
122000271,199,2194,-1995
122000272,372,1678,-1306
122000273,495,610,-115
122000274,235,190,45
122000275,37,163,-126
122000276,786,327,459
122000277,964,1179,-215
122000278,1741,215,1526
122000279,103,171,-68
122000280,478,295,183
122000281,472,344,128
122000282,126,372,-246
122000283,154,164,-10
122000284,108,61,47
122000285,259,50,209
122000286,38,104,-66
122000287,1703,1325,378
122000288,498,260,238
122000291,3391,750,2641
122000293,133,124,9
122000294,136,336,-200
122000295,1178,149,1029
122000296,11,810,-799
122000297,1347,3564,-2217
122000299,587,294,293
122000300,388,301,87
122000301,6840,2940,3900
122000302,417,2390,-1973
122000303,1699,754,945
122000304,49,154,-105
122000305,1388,463,925
122000306,105,270,-165
122000307,97,117,-20
122000309,41,26,15
122000310,23,116,-93
122000311,74,108,-34
122000312,86,399,-313
122000313,81,109,-28
122000314,133,480,-347
122000315,255,39,216
122000316,1113,367,746
122000317,2231,387,1844
122000318,280,1040,-760
122000319,95,444,-349
122000320,224,983,-759
122000321,50,151,-101
122000322,2013,2444,-431
122000323,602,4622,-4020
122000324,2336,3187,-851
122000325,688,5765,-5077
122000326,116,75,41
122000327,288,1116,-828
122000328,365,488,-123
122000330,2810,2361,449
122000332,225,347,-122
122000333,12,69,-57
122000337,817,253,564
122000338,429,176,253
122000340,159,4301,-4142
122000342,1142,600,542
122000343,444,336,108
122000344,90,3,87
122000345,17,10,7
122000346,137,118,19
122000348,485,343,142
122000349,40,295,-255
122000351,164,192,-28
122000352,142,173,-31
122000353,153,109,44
122000355,94,230,-136
122000356,380,2765,-2385
122000357,57,4,53
122000358,1,11,-10
122000359,0,45,-45
122000360,1,10,-9
122000362,2,26,-24
122000364,186,182,4
122000365,0,33,-33
122000366,9,5,4
122000368,341,688,-347
122000370,14,8,6
122000371,33,3,30
122000372,4,1,3
122000381,169,374,-205
122000382,64,165,-101
122000384,1346,1568,-222
122000385,42,1,41
122000386,130,2122,-1992
122000387,382,1644,-1262
122000388,766,1635,-869
122000389,186,1940,-1754
122000390,330,563,-233
122000391,114,1449,-1335
122000392,152,118,34
122000393,46,84,-38
122000394,578,138,440
122000395,196,93,103
122000396,370,95,275
122000397,33,45,-12
122000398,10,96,-86
122000399,101,44,57
122000400,30,1446,-1416
122000401,135,70,65
122000402,452,183,269
122000403,627,347,280
122000404,177,171,6
122000408,483,734,-251
122000503,11,118,-107
122000524,50,610,-560
122000544,45,2285,-2240
122000616,257,1,256
122000640,77,27,50
122000641,244,150,94
122000642,1303,428,875
122000643,24,291,-267
122000644,86,22,64
122000645,41,222,-181
122000651,424,4061,-3637
122000664,204,108,96
122000665,1289,536,753
122000666,372,869,-497
122000673,45,110,-65
122000674,329,153,176
122000675,1996,433,1563
122000686,361,2328,-1967
122000687,1523,322,1201
122000688,212,303,-91
122000689,982,126,856
122000690,2820,165,2655
122000691,924,430,494
122000692,910,188,722
122000693,341,698,-357
122000695,338,199,139
122000696,621,77,544
122000698,275,164,111
122000699,186,31,155
122000701,1978,247,1731
122000702,395,1159,-764
122000703,186,109,77
122000712,0,0,0
122000717,54,70,-16
122000718,191,1347,-1156
122000719,90,84,6
122000720,726,87,639
122000724,55,10,45
122900001,26,10,16
122900002,692,6635,-5943
122900003,376,30,346
122900004,1371,66,1305
122900005,87,70,17
122900006,191,561,-370
122900007,63,77,-14
122900008,123,97,26
122900009,1287,354,933
122900010,213,123,90
122900012,141,349,-208
122900014,80,125,-45
122900015,689,702,-13
122900016,213,168,45
122900017,199,1532,-1333
122900018,99,4,95
122900019,7,76,-69
122900020,144,320,-176
122900021,25,229,-204
122900022,1130,885,245
122900023,721,176,545
122900024,87,81,6
122900025,5,203,-198
122900026,2,137,-135
122900027,44,413,-369
122900028,52,60,-8
122900029,7067,2050,5017
122900030,2166,358,1808
122900031,41,341,-300
122900032,601,360,241
122900033,166,209,-43
122900034,3302,3501,-199
122900035,28,4,24
122900036,66,47,19
122900037,416,285,131
122900038,41,2955,-2914
122900039,41,481,-440
122900040,151,1401,-1250
122900041,135,318,-183
122900042,139,331,-192
122900043,291,272,19
122900044,70,258,-188
122900045,205,424,-219
122900046,91,274,-183
122900047,74,175,-101
122900048,27,220,-193
122900049,3547,227,3320
122900051,27,711,-684
122900052,132,50,82
122900053,2,18,-16
122900055,172,33,139
122900057,271,47,224
122900061,402,37,365
122900062,494,607,-113
122900063,246,131,115
122900064,615,355,260
122900065,500,215,285
122900066,663,218,445
122900067,518,395,123
122900068,119,230,-111
122900069,365,1355,-990
122900070,303,35,268
122900071,124,297,-173
122900072,1,257,-256
122900073,14,63,-49
122900074,813,126,687
122900075,0,31,-31
122900076,2,245,-243
122900077,0,44,-44
122900078,236,72,164
122900080,23,43,-20
122900081,137,131,6
122900082,902,125,777
122900083,40,84,-44
122900084,15,67,-52
122900086,5,102,-97
122900087,308,306,2
122900088,31,758,-727
122900089,5,105,-100
122900090,4,285,-281
122900091,246,1,245
122900092,0,63,-63
122900093,1,95,-94
122900094,0,109,-109
122900095,147,32,115
122900096,463,26,437
122900097,11,26,-15
122900098,18,154,-136
122900099,102,20,82
122900100,51,859,-808
122900101,537,235,302
122900102,33,22,11
122900103,264,11,253
122900104,267,8,259
122900105,21,21,0
122900106,2,28,-26
122900107,1,41,-40
122900108,0,81,-81
123000001,738,1945,-1207
123000002,2189,7954,-5765
123000003,5077,4438,639
123000004,2874,3623,-749
123000005,3440,2474,966
123000006,2391,1907,484
123000007,3755,2471,1284
123000008,2241,2518,-277
123000009,4040,3071,969
123000010,2939,4856,-1917
123000011,1558,2367,-809
123000012,577,5625,-5048
123000013,5154,1726,3428
123000014,607,3980,-3373
123000015,1936,1473,463
123000016,2426,2957,-531
123000017,4609,2072,2537
123000018,105,87,18
123000019,622,26,596
123000020,431,27,404
123000021,282,289,-7
123000022,492,1951,-1459
123000023,2277,2936,-659
123000024,1891,1141,750
123000025,326,90,236
123000026,42,105,-63
123000027,18,851,-833
123000028,587,1616,-1029
123000029,299,1368,-1069
123000030,237,37,200
123000031,283,160,123
123000032,718,80,638
123000033,357,134,223
123000034,1164,794,370
123000035,368,593,-225
123000036,156,1399,-1243
123000037,127,98,29
123000038,59,482,-423
123000039,535,2041,-1506
123000040,420,230,190
123000041,522,2073,-1551
123000042,388,1522,-1134
123000043,1374,16286,-14912
123000044,2247,2313,-66
123000045,3875,2379,1496
123000046,203,1249,-1046
123000047,570,1768,-1198
123000048,34,1883,-1849
123000049,5444,8979,-3535
123000050,1850,1621,229
123000051,72,219,-147
123000052,684,3379,-2695
123000053,2311,2838,-527
123000054,2405,1439,966
123000055,2120,5379,-3259
123000056,944,649,295
123000057,3356,5251,-1895
123000058,565,1408,-843
123000059,191,462,-271
123000060,978,389,589
123000061,246,617,-371
123000063,1355,908,447
123000064,1433,181,1252
123000065,2973,2130,843
123000066,459,505,-46
123000067,1139,475,664
123000068,1475,1928,-453
123000069,2973,1284,1689
123000070,192,537,-345
123000071,2310,806,1504
123000072,1243,380,863
123000073,3012,929,2083
123000074,1204,764,440
123000075,571,2000,-1429
123000076,725,445,280
123000077,2409,1318,1091
123000078,3230,1320,1910
123000079,3157,2021,1136
123000080,2797,861,1936
123000081,184,341,-157
123000082,221,912,-691
123000083,1379,247,1132
123000084,1029,451,578
123000085,622,102,520
123000086,1243,60,1183
123000087,587,208,379
123000088,1288,566,722
123000089,1230,995,235
123000090,1879,808,1071
123000091,1993,1464,529
123000092,1047,1248,-201
123000094,788,135,653
123000095,1109,532,577
123000096,1602,283,1319
123000097,842,315,527
123000098,1127,392,735
123000099,667,341,326
123000100,302,785,-483
123000101,407,427,-20
123000102,585,823,-238
123000104,477,514,-37
123000105,257,352,-95
123000106,625,346,279
123000107,285,428,-143
123000108,655,1127,-472
123000111,1256,361,895
123000112,1258,382,876
123000113,725,552,173
123000114,345,616,-271
123000115,252,229,23
123000116,39,71,-32
123000117,1737,1030,707
123000118,481,399,82
123000119,248,374,-126
123000120,202,494,-292
123000121,791,1015,-224
123000122,504,368,136
123000123,598,730,-132
123000124,423,408,15
123000125,1700,1376,324
123000126,1272,5067,-3795
123000127,536,606,-70
123000128,244,440,-196
123000129,1009,320,689
123000130,955,85,870
123000131,1844,1040,804
123000132,387,562,-175
123000133,183,275,-92
123000134,224,137,87
123000135,2439,861,1578
123000136,191,330,-139
123000137,112,194,-82
123000138,85,265,-180
123000139,619,133,486
123000140,24,393,-369
123000141,543,92,451
123000142,897,654,243
123000143,867,1486,-619
123000144,3,18,-15
123000145,113,164,-51
123000146,10,183,-173
123000147,59,213,-154
123000149,385,413,-28
123000150,127,221,-94
123000151,182,609,-427
123000152,11,254,-243
123000153,54,685,-631
123000154,1069,2145,-1076
123000155,1671,1133,538
123000156,34,103,-69
123000157,491,623,-132
123000158,434,946,-512
123000159,2859,3783,-924
123000160,1120,1070,50
123000161,1496,885,611
123000162,1468,1804,-336
123000163,747,201,546
123000164,2143,197,1946
123000165,400,675,-275
123000166,32,122,-90
123000167,151,143,8
123000168,409,140,269
123000169,1080,92,988
123000170,119,27,92
123000171,1340,5,1335
123000172,118,297,-179
123000173,614,396,218
123000174,861,511,350
123000175,288,835,-547
123000176,887,264,623
123000177,230,480,-250
123000178,1192,118,1074
123000179,36,300,-264
123000180,1850,321,1529
123000181,246,745,-499
123000182,186,98,88
123000183,146,524,-378
123000184,48,281,-233
123000185,1044,390,654
123000186,13,285,-272
123000187,532,20,512
123000188,203,0,203
123000189,184,114,70
123000190,105,93,12
123000192,13,255,-242
123000193,61,464,-403
123000194,153,223,-70
123000195,289,24,265
123000196,477,25,452
123000197,71,87,-16
123000198,100,957,-857
123000199,26,496,-470
123000200,720,10,710
123000201,1284,10,1274
123000202,9,341,-332
123000203,1190,27,1163
123000204,56,307,-251
123000205,213,536,-323
123000206,2826,207,2619
123000207,46,322,-276
123000208,689,167,522
123000209,2150,646,1504
123000210,221,1057,-836
123000211,308,974,-666
123000212,4218,307,3911
123000213,584,45,539
123000215,103,252,-149
123000216,176,1058,-882
123000217,220,20,200
123000218,17,506,-489
123000219,547,72,475
123000220,541,71,470
123000221,121,250,-129
123000222,304,316,-12
123000223,589,147,442
123000224,383,314,69
123000225,279,40,239
123000226,87,197,-110
123000227,102,191,-89
123000228,315,38,277
123000229,648,1143,-495
123000232,94,393,-299
123000233,762,82,680
123000234,144,377,-233
123000235,1116,227,889
123000236,219,363,-144
123000237,480,85,395
123000238,45,330,-285
123000239,315,567,-252
123000240,64,1266,-1202
123000241,585,135,450
123000242,234,276,-42
123000243,824,693,131
123000244,806,444,362
123000245,22,140,-118
123000249,175,501,-326
123000252,919,324,595
123000253,1379,589,790
123000254,665,520,145
123000255,858,641,217
123000256,9,76,-67
123000257,1751,929,822
123000258,1029,459,570
123000259,523,390,133
123000260,628,214,414
123000261,377,155,222
123000262,97,168,-71
123000263,516,88,428
123000264,142,143,-1
123000265,38,81,-43
123000266,361,374,-13
123000267,641,227,414
123000268,67,24,43
123000269,55,102,-47
123000270,42,98,-56
123000271,44,44,0
123000272,761,278,483
123000273,222,1020,-798
123000274,1165,983,182
123000275,108,639,-531
123000278,1249,2919,-1670
123000279,177,88,89
123000280,258,244,14
123000281,259,124,135
123000282,72,357,-285
123000283,266,45,221
123000284,77,33,44
123000286,135,484,-349
123000287,313,412,-99
123000288,995,1200,-205
123000289,182,1345,-1163
123000291,127,895,-768
123000294,152,271,-119
123000295,619,1266,-647
123000296,773,520,253
123000297,803,286,517
123000298,1094,205,889
123000299,145,150,-5
123000300,1368,1180,188
123000301,178,503,-325
123000302,144,96,48
123000303,33,359,-326
123000305,1047,945,102
123000306,278,36,242
123000309,35,108,-73
123000310,48,69,-21
123000311,0,61,-61
123000312,315,302,13
123000313,601,401,200
123000315,92,189,-97
123000316,782,374,408
123000317,212,65,147
123000318,35,134,-99
123000329,4,17,-13
123000337,298,700,-402
123000338,97,290,-193
123000339,414,32,382
123000340,94,257,-163
123000342,8,64,-56
123000343,95,49,46
123000344,482,256,226
123000345,313,494,-181
123000346,714,33,681
123000352,925,770,155
123000353,64,75,-11
123000354,178,2,176
123000355,0,140,-140
123000356,436,8,428
123000357,0,83,-83
123000359,18,65,-47
123000360,204,142,62
123000361,171,153,18
123000362,419,72,347
123000363,99,101,-2
123000364,492,673,-181
123000365,15,385,-370
123000366,342,2957,-2615
123000367,265,410,-145
123000370,11,87,-76
123000371,337,63,274
123000372,336,19,317
123000373,3,218,-215
123000374,8,67,-59
123000375,346,46,300
123000376,904,870,34
123000377,543,14,529
123000378,9,127,-118
123000379,2,133,-131
123000380,15,374,-359
123000381,35,99,-64
123000382,382,133,249
123000383,76,688,-612
123000384,663,116,547
123000385,111,593,-482
123000436,64,1233,-1169
123000507,70,163,-93
123000508,185,1222,-1037
123000517,220,24,196
123000518,13,121,-108
123000519,90,80,10
123000520,24,113,-89
123000521,680,118,562
123000522,180,166,14
123000541,6,0,6
123000542,0,4,-4
123000565,901,21,880
123000566,329,93,236
123000567,44,63,-19
123000573,14,369,-355
123000574,689,20,669
123000575,1657,561,1096
123000576,550,962,-412
123000577,83,787,-704
123000578,429,160,269
123000579,1000,8379,-7379
123000580,122,39,83
123000582,408,29,379
123000583,7,291,-284
123000584,184,267,-83
123000585,0,15,-15
123000586,81,0,81
123000596,82,79,3
123000597,85,188,-103
123000602,170,13,157
123000603,1234,238,996
123000604,721,188,533
123000605,804,60,744
123000606,1,564,-563
123000609,11,315,-304
123000610,75,71,4
123000613,29,83,-54
123000614,195,19,176
123000615,52,78,-26
123000616,555,24,531
123000617,79,103,-24
123000618,24,390,-366
123000619,366,52,314
123000620,7,297,-290
123000622,410,6,404
123000624,131,93,38
123000630,2056,341,1715
123000631,194,536,-342
123000632,643,659,-16
123000633,0,189,-189
123000634,41,322,-281
123000635,58,135,-77
123000636,19,280,-261
123000637,169,14,155
123000638,562,14,548
123000639,490,4962,-4472
123000640,15,209,-194
123000648,613,32,581
123000649,19,291,-272
123900001,1055,40,1015
123900002,28,1207,-1179
123900003,129,363,-234
123900005,328,285,43
123900006,473,82,391
124000001,1553,161,1392
124000002,39,812,-773
124000003,1173,101,1072
124000004,47,314,-267
124000005,1198,665,533
124000006,126,360,-234
124000007,721,87,634
124000008,4,303,-299
124000009,960,380,580
124000010,204,280,-76
124000011,1048,483,565
124000012,144,205,-61
124000017,287,83,204
124000018,84,83,1
124000019,249,143,106
124000020,24,102,-78
124000021,178,67,111
124000022,65,123,-58
124000023,1146,1490,-344
124000024,993,400,593
124000025,1231,1485,-254
124000026,762,873,-111
124000027,3923,3631,292
124000028,1088,3021,-1933
124000030,1493,1225,268
124000031,1208,5322,-4114
124000032,1304,369,935
124000033,721,658,63
124000034,607,577,30
124000035,255,148,107
124000036,121,301,-180
124000037,254,851,-597
124000038,9,67,-58
124000039,221,245,-24
124000040,153,896,-743
124000041,409,72,337
124000042,117,243,-126
124000043,75,49,26
124000044,53,93,-40
124000045,1262,225,1037
124000046,170,363,-193
124000047,1909,396,1513
124000048,608,595,13
124000049,2062,296,1766
124000050,785,795,-10
124000051,1344,261,1083
124000052,669,497,172
124000053,503,2107,-1604
124000054,481,224,257
124000055,1024,4363,-3339
124000056,1108,712,396
124000057,1335,386,949
124000058,452,687,-235
124000059,1135,1130,5
124000060,403,350,53
124000061,1464,6694,-5230
124000062,2369,1362,1007
124000063,1185,932,253
124000064,1214,934,280
124000065,61,571,-510
124000066,185,99,86
124000067,144,116,28
124000068,105,94,11
124000069,592,95,497
124000070,298,142,156
124000071,108,109,-1
124000072,198,226,-28
124000073,897,183,714
124000074,134,338,-204
124000075,379,10,369
124000076,41,27,14
124000077,284,439,-155
124000078,1107,1043,64
124000079,107,860,-753
124000080,847,97,750
124000081,136,267,-131
124000082,49,132,-83
124000083,10,59,-49
124000084,35,982,-947
124000085,52,28,24
124000086,14,183,-169
124000087,54,108,-54
124000088,65,353,-288
124000089,588,175,413
124000090,189,154,35
124000091,537,89,448
124000092,198,294,-96
124000093,79,92,-13
124000094,66,310,-244
124000095,140,48,92
124000096,158,86,72
124000097,165,153,12
124000098,52,40,12
124000099,249,78,171
124000100,33,94,-61
124000101,153,139,14
124000102,82,22,60
124000103,295,201,94
124000104,79,18,61
124000105,184,118,66
124000106,121,24,97
124000107,35,257,-222
124000108,75,28,47
124000109,186,81,105
124000110,47,44,3
124000111,225,67,158
124000112,906,420,486
124000113,157,156,1
124000114,288,236,52
124000115,275,763,-488
124000116,152,189,-37
124000117,13,93,-80
124000118,38,93,-55
124000119,871,907,-36
124000120,621,844,-223
124000121,1166,718,448
124000122,275,977,-702
124000123,832,388,444
124000124,290,480,-190
124000125,368,267,101
124000126,208,316,-108
124000127,906,228,678
124000128,378,351,27
124000129,1550,1136,414
124000130,334,309,25
124000131,729,603,126
124000132,445,484,-39
124000133,1156,805,351
124000134,764,431,333
124000135,1256,1603,-347
124000136,398,609,-211
124000137,672,767,-95
124000138,709,902,-193
124000139,269,34,235
124000140,17,277,-260
124000141,362,8,354
124000142,23,192,-169
124000143,110,4,106
124000144,2,60,-58
124000145,94,22,72
124000146,14,19,-5
124000148,5,67,-62
124000149,795,218,577
124000150,135,466,-331
124000151,961,245,716
124000152,564,757,-193
124000153,489,421,68
124000154,170,275,-105
124000155,1081,642,439
124000156,651,569,82
124000169,128,548,-420
124000170,838,567,271
124000171,294,279,15
124000172,326,420,-94
124000173,744,247,497
124000174,404,362,42
124000175,0,23,-23
124000176,47,6,41
124000177,0,14,-14
124000178,19,36,-17
124000190,29,45,-16
124000191,48,248,-200
124000192,942,578,364
124000193,81,3185,-3104
124000194,192,336,-144
124000195,317,521,-204
124000196,653,681,-28
124000197,61,49,12
124000198,32,71,-39
124000201,90,361,-271
124000202,614,159,455
124000203,531,117,414
124000204,1097,100,997
124000205,90,128,-38
124000206,820,147,673
124000207,0,12,-12
124000209,154,77,77
124000210,778,123,655
124000211,850,2,848
124000212,0,88,-88
124000213,591,84,507
124000214,466,242,224
124000215,430,26,404
124000216,1,85,-84
124000329,74,414,-340
124000338,63,224,-161
124000339,1460,30,1430
124000341,1672,19,1653
124000344,38,7,31
124000357,1302,2709,-1407
124000358,692,1638,-946
124000359,1169,957,212
124000360,1026,538,488
124000361,2351,1212,1139
124000362,1176,2186,-1010
124000363,433,265,168
124000364,543,513,30
124000365,656,838,-182
124000366,1946,632,1314
124000367,70,174,-104
124000368,440,624,-184
124000369,90,113,-23
124000370,74,653,-579
124000402,18,14,4
124000403,135,28,107
124000404,6,24,-18
124000405,741,447,294
124000406,392,288,104
124000407,0,8,-8
124000411,5,129,-124
124000412,307,4,303
124000413,66,132,-66
124000414,154,67,87
124000415,24,11,13
124000416,79,146,-67
124000417,183,95,88
124000418,337,23,314
124000419,74,26,48
124000420,185,11,174
124000421,37,32,5
124000422,31,13,18
124000423,101,42,59
124000424,6,17,-11
124000425,89,13,76
124000426,5,56,-51
124000427,144,1,143
124000428,4,276,-272
124000429,36,15,21
124000430,731,294,437
124000431,222,171,51
124000432,240,562,-322
124000439,2,1,1
124000443,0,2,-2
124000445,142,2820,-2678
124000446,1064,237,827
124000447,0,9,-9
124900001,1100,245,855
124900002,303,113,190
124900003,1465,306,1159
124900004,1231,228,1003
124900005,143,94,49
124900006,973,200,773
124900008,679,487,192
124900009,118,360,-242
124900010,118,137,-19
124900011,581,241,340
124900012,372,82,290
124900013,526,182,344
124900014,303,32,271
124900015,112,204,-92
124900016,60,97,-37
124900017,377,2063,-1686
124900018,73,13,60
124900020,117,28,89
124900021,257,22,235
124900022,36,6,30
124900024,447,2,445
124900026,46,26,20
124900027,126,463,-337
124900028,234,93,141
124900029,30,508,-478
124900030,2,54,-52
124900031,14,229,-215
124900032,104,149,-45
124900033,86,123,-37
124900034,18,52,-34
124900035,61,202,-141
124900036,1,51,-50
124900037,64,92,-28
124900038,124,182,-58
124900039,3,41,-38
124900040,113,127,-14
124900041,267,491,-224
124900042,10,1,9
124900043,531,394,137
124900044,125,3,122
124900045,213,902,-689
124900047,30,91,-61
124900048,213,55,158
124900050,203,74,129
124900052,55,237,-182
124900053,115,169,-54
124900054,547,287,260
124900055,0,88,-88
124900057,7,19,-12
124900060,48,81,-33
124900061,80,5,75
124900062,165,9,156
124900066,0,4,-4
124900067,5,46,-41
124900068,129,451,-322
124900070,61,18,43
124900072,144,23,121
124900075,468,160,308
124900076,7,1915,-1908
124900077,20,55,-35
124900078,90,12,78
124900079,172,145,27
124900080,329,239,90
124900081,1700,234,1466
124900082,367,484,-117
124900083,396,292,104
124900085,467,603,-136
124900086,29,1315,-1286
124900087,153,119,34
124900088,170,64,106
124900089,482,10,472
124900090,600,181,419
124900091,301,148,153
124900092,246,142,104
124900093,481,135,346
124900094,799,228,571
124900095,149,572,-423
124900096,271,124,147
124900097,403,34,369
124900098,113,178,-65
124900099,183,559,-376
124900100,343,35,308
124900101,59,234,-175
124900102,252,5,247
124900103,130,87,43
124900104,37,39,-2
124900105,118,30,88
124900106,289,30,259
124900107,65,3,62
124900108,126,127,-1
124900111,1,112,-111
124900112,97,187,-90
124900113,24,186,-162
124900114,56,92,-36
124900115,28,20,8
124900116,231,274,-43
124900117,121,201,-80
124900118,71,743,-672
124900119,223,151,72
124900120,19,122,-103
124900121,38,295,-257
124900122,135,119,16
124900123,109,52,57
124900124,36,308,-272
204000001,142,1,141
204000002,9,3,6
204000003,5,1,4
204000004,0,2,-2
204000005,489,430,59
204000006,908,1112,-204
204000011,12,32,-20
204000012,55,104,-49
204000019,1296,307,989
204000020,1160,469,691
204000021,1127,740,387
204000022,1320,434,886
204000023,509,374,135
204000031,23,8,15
204000032,185,35,150
204000034,72,68,4
204000035,0,2,-2
204000036,5,14,-9
204000037,2,17,-15
204000038,1,14,-13
204000039,9,6,3
204000040,1,13,-12
204000041,1,11,-10
204000042,24,8,16
204000043,27,9,18
204000044,45,3,42
204000045,18,5,13
204000046,9,1,8
204000057,6,3,3
204000062,18,44,-26
204000068,23,640,-617
204000069,176,467,-291
204000070,29,74,-45
204000080,109,59,50
204000085,1204,894,310
204000086,1805,1083,722
204000087,87,3,84
204000088,11,102,-91
204000090,52,140,-88
204000093,539,58,481
204000096,1492,736,756
204000097,358,15,343
204000099,1139,2251,-1112
204000100,1951,1385,566
204000105,1167,629,538
204000110,208,765,-557
204000111,524,467,57
204000112,440,347,93
204000113,248,380,-132
204000114,864,1061,-197
204000115,1207,401,806
204000116,659,568,91
204000119,2140,1729,411
204000132,629,387,242
204000133,809,117,692
204000134,198,70,128
204000135,536,19,517
204000136,300,143,157
204000138,289,642,-353
204000140,225,115,110
204000141,196,56,140
204000144,12,17,-5
204000145,448,39,409
204000146,9,148,-139
204000147,17,205,-188
204000148,290,24,266
204000154,6,1,5
204000155,0,1,-1
204000177,40,22,18
204000179,58,14,44
204000180,1,34,-33
204000222,2,3,-1
204000235,34,17,17
204000236,43,172,-129
204000238,18,19,-1
204000240,283,54,229
204000263,482,730,-248
204000268,637,386,251
204000308,110,56,54
204000317,11,79,-68
204000322,36,50,-14
204000323,17,1,16
204000328,187,65,122
204000329,65,98,-33
204000330,211,20,191
204000331,111,130,-19
205000001,619,857,-238
205000013,26,84,-58
205000014,53,66,-13
205000015,41,79,-38
205000016,21,50,-29
205000017,32,49,-17
205000022,216,488,-272
205000025,1303,642,661
205000029,409,12,397
205000045,143,468,-325
205000046,180,465,-285
205000047,97,232,-135
205000048,415,342,73
205000049,102,379,-277
205000050,552,215,337
205000059,1,208,-207
205000060,0,287,-287
205000061,5,625,-620
205000062,6,775,-769
205000063,24,730,-706
205000064,57,108,-51
205000065,200,604,-404
205000066,173,393,-220
205000067,108,434,-326
205000069,185,19,166
205000082,60,176,-116
205000110,62,124,-62
205000111,110,152,-42
205000112,162,155,7
205000113,72,177,-105
205000121,153,32,121
205000123,43,96,-53
205000126,565,70,495
205000127,685,150,535
205000128,432,82,350
205000129,679,80,599
205000130,61,29,32
205000131,48,12,36
205000132,131,5,126
205000133,95,0,95
205000134,303,1,302
205000137,172,55,117
205000138,180,85,95
205000139,37,47,-10
205000144,81,60,21
205000145,277,93,184
205000151,157,20,137
205000152,91,16,75
205000153,168,20,148
205000154,71,32,39
205000155,89,5,84
205000207,2,99,-97
205000233,47,6,41
205000234,0,3,-3
205000243,1,1,0
205000244,0,2,-2
205000245,9,184,-175
205000249,1,7,-6
205000250,3,1,2
205000264,13,55,-42
206000027,1,2,-1
206000028,0,1,-1
206000043,4,22,-18
206000053,0,0,0
206000054,1,7,-6
206000055,2,3,-1
206000075,18,9,9
206000076,17,20,-3
206000077,18,9,9
206000078,14,3,11
206000079,28,1,27
206000082,296,136,160
206000100,11,441,-430
206000103,4,5,-1
206000104,13,4,9
206000105,12,3,9
206000106,2,26,-24
206000125,87,0,87
206000157,13,383,-370
206000170,0,83,-83
206000171,10,124,-114
206000172,9,76,-67
206000173,1,67,-66
206000174,5,31,-26
206000175,1,30,-29
206000176,21,47,-26
206000177,0,29,-29
206000178,1,119,-118
206000179,1,103,-102
206000180,4,56,-52
206000181,5,21,-16
206000182,13,59,-46
206000183,7,116,-109
206000184,0,57,-57
206000185,3,31,-28
206000186,51,218,-167
206000223,5,144,-139
206000226,27,0,27
206000227,19,1,18
206000237,18,83,-65
206000238,22,211,-189
206000239,204,986,-782
206000240,0,39,-39
206000241,0,60,-60
206000242,1,132,-131
206000243,8,60,-52
206000244,46,135,-89
206000245,888,37,851
206000246,392,12,380
206000247,425,6,419
206000248,423,29,394
206000252,43,45,-2
206000258,5,35,-30
206000315,57,3,54
206000317,558,90,468
206000318,795,75,720
206000319,1781,44,1737
206000320,382,15,367
206000321,324,2,322
206000322,638,10,628
206000323,254,5,249
206000324,291,7,284
206000325,223,11,212
206000326,178,13,165
206000327,35,27,8
206000328,190,6,184
206000329,251,9,242
206000330,67,2,65
206000331,305,2,303
206000332,50,1,49
206000333,848,3,845
206000334,275,2,273
206000335,0,26,-26
206000361,15,103,-88
206000392,1,4,-3
206000405,110,0,110
206000441,113,19,94
206000498,15,1,14
206000515,40,25,15
206000530,408,68,340
206000531,240,352,-112
206000532,1328,413,915
206000535,83,3380,-3297
206000536,7,42,-35
206000537,3,95,-92
206000613,1295,206,1089
206000784,476,47,429
207000001,110,555,-445
207000002,121,447,-326
207000003,142,197,-55
207000007,1519,277,1242
207000008,159,3,156
207000009,77,13,64
207000010,272,224,48
207000012,421,147,274
207000015,212,474,-262
207000019,286,114,172
207000021,484,193,291
207000022,189,196,-7
207000023,236,71,165
207000024,3,17,-14
207000025,10,67,-57
207000026,112,35,77
207000027,8,78,-70
207000028,73,93,-20
207000029,145,314,-169
207000033,310,396,-86
207000034,247,90,157
207000039,703,78,625
207000040,565,38,527
207000041,66,24,42
207000042,192,25,167
207000043,307,148,159
207000051,83,217,-134
207000052,9,126,-117
207000053,313,297,16
207000054,55,62,-7
207000055,148,71,77
207000056,249,177,72
207000057,136,154,-18
207000058,154,189,-35
207000059,115,172,-57
207000060,75,159,-84
207000061,126,985,-859
207000062,687,50,637
207000063,722,52,670
207000064,441,80,361
207000065,364,152,212
207000066,388,135,253
207000067,65,28,37
207000068,163,42,121
207000069,895,342,553
207000082,20,127,-107
207000083,48,120,-72
207000084,490,309,181
207000085,255,37,218
207000086,314,9,305
207000106,30,27,3
207000107,65,12,53
207000108,108,2,106
207000109,63,1,62
207000110,51,50,1
207000111,62,68,-6
207000112,63,925,-862
207000114,14,24,-10
207000115,9,47,-38
207000116,21,389,-368
207000117,11,56,-45
207000118,1,40,-39
207000119,50,39,11
207000123,197,4,193
207000124,66,19,47
207000125,56,24,32
207000126,86,36,50
207000134,163,97,66
207000135,35,132,-97
207000148,80,314,-234
207000149,46,27,19
207000152,96,362,-266
207000153,270,897,-627
207000154,288,242,46
207000159,62,96,-34
207000160,185,129,56
207000238,0,133,-133
207000242,2,85,-83
207000248,22,51,-29
207000249,123,16,107
207000250,325,102,223
207000251,90,99,-9
207000252,31,26,5
207000278,133,136,-3
207000279,11,80,-69
207000280,1152,91,1061
207000281,187,221,-34
207000282,48,267,-219
207000283,30,183,-153
207000284,43,869,-826
207000285,54,132,-78
207000291,14,69,-55
207000304,97,70,27
207000306,54,237,-183
207000310,127,83,44
207000353,117,2,115
207000356,11,63,-52
207000357,0,13,-13
207000358,3,12,-9
207000415,9,96,-87
207000417,18,3,15
207000418,81,93,-12
207000438,0,1,-1
207000439,477,473,4
207000446,164,5,159
207000460,64,4,60
207000466,290,112,178
207000467,363,85,278
207000468,41,106,-65
207000476,2,11,-9
207000477,572,16,556
207000478,1,52,-51
207000523,0,28,-28
207000524,45,1,44
207000527,217,111,106
207000530,583,9,574
207000531,288,4,284
207000532,43,19,24
207000534,198,37,161
207000535,43,460,-417
207000537,20,39,-19
207000540,4,40,-36
207000541,4,191,-187
207000548,14,81,-67
207000549,290,6,284
207000561,208,171,37
207000562,17,95,-78
207000567,84,144,-60
207000568,220,18,202
207000569,518,98,420
207000584,90,188,-98
207000585,13,161,-148
207000587,149,19,130
207000616,0,53,-53
207000617,158,0,158
207000624,54,28,26
207000631,10,26,-16
207900008,289,63,226
208000001,549,1191,-642
208000002,594,622,-28
208000003,952,422,530
208000004,803,855,-52
208000005,0,12,-12
208000019,832,506,326
208000020,261,351,-90
208000021,247,146,101
208000022,777,441,336
208000028,706,1152,-446
208000033,430,346,84
208000034,817,1623,-806
208000037,350,27,323
208000040,209,73,136
208000041,799,497,302
208000042,1061,418,643
208000047,138,103,35
208000064,1643,1440,203
208000066,1122,1902,-780
208000070,527,350,177
208000071,741,366,375
208000072,667,681,-14
208000080,282,485,-203
208000081,430,131,299
208000082,503,110,393
208000083,265,172,93
208000084,4,44,-40
208000085,668,411,257
208000086,528,765,-237
208000087,312,505,-193
208000089,1022,298,724
208000090,918,288,630
208000093,69,117,-48
208000094,450,281,169
208000095,949,380,569
208000104,1112,457,655
208000105,665,532,133
208000114,104,320,-216
208000115,312,271,41
208000116,886,1002,-116
208000117,55,75,-20
208000118,175,252,-77
208000155,557,963,-406
208000158,1383,2650,-1267
208000186,1216,2851,-1635
208000204,785,971,-186
208000205,1580,580,1000
208000282,1186,1573,-387
209000004,436,120,316
209000005,65,25,40
209000006,373,224,149
209000007,376,510,-134
209000010,228,197,31
209000011,66,278,-212
209000012,54,68,-14
209000013,312,71,241
209000014,341,396,-55
209000025,472,94,378
209000026,878,96,782
209000027,219,265,-46
209000028,186,203,-17
209000029,276,1343,-1067
209000030,207,1264,-1057
209000031,2666,977,1689
209000034,244,321,-77
209000035,257,322,-65
209000036,388,250,138
209000037,463,233,230
209000038,223,135,88
209000039,79,134,-55
209000040,309,437,-128
209000041,122,268,-146
209000042,206,267,-61
209000043,434,585,-151
209000044,231,781,-550
209000045,721,262,459
209000046,473,375,98
209000047,436,143,293
209000048,554,309,245
209000049,100,60,40
209000050,218,68,150
209000051,271,153,118
209000052,157,157,0
209000062,69,55,14
209000063,67,32,35
209000064,28,16,12
209000065,185,35,150
209000066,121,14,107
209000067,217,47,170
209000080,14,119,-105
209000082,73,52,21
209000091,23,86,-63
209000093,33,19,14
209000094,66,142,-76
209000110,72,196,-124
209000111,438,1823,-1385
209000112,1195,663,532
209000113,1652,950,702
209000114,802,770,32
209000115,49,92,-43
209000116,412,181,231
209000118,11,95,-84
209000119,8,18,-10
209000121,86,264,-178
209000135,44,194,-150
209000142,582,1800,-1218
209000143,22,78,-56
209000144,69,264,-195
209000229,164,123,41
209000240,30,152,-122
209000259,31,109,-78
209000260,54,667,-613
209000261,3,193,-190
209000262,0,170,-170
209000263,0,275,-275
209000264,0,259,-259
209000265,292,16,276
209000266,72,0,72
209000267,1129,6,1123
209000268,430,59,371
210000037,104,13,91
210000047,59,8,51
210000048,162,25,137
210000049,57,1,56
210000052,58,78,-20
210000053,52,37,15
210000054,8,69,-61
210000070,118,2,116
210000071,103,1,102
210000072,32,0,32
210000073,0,24,-24
210000074,0,135,-135
210000075,0,166,-166
210000076,10,209,-199
210000077,5,151,-146
210000078,31,101,-70
210000079,12,21,-9
210000080,25,157,-132
210000081,115,20,95
210000082,39,1,38
210000083,61,0,61
210000084,81,1,80
210000085,1,54,-53
210000086,4,82,-78
210000099,58,152,-94
210000100,93,110,-17
210000101,108,107,1
210000105,27,208,-181
210000159,0,233,-233
210000163,71,212,-141
210000164,245,263,-18
210000168,190,59,131
210000187,0,21,-21
210000188,0,10,-10
210000214,13,0,13
210000219,87,49,38
210000220,101,22,79
210000232,1,23,-22
210000233,33,38,-5
210000234,31,111,-80
210000235,45,60,-15
210000245,0,31,-31
210000246,4,1,3
210000258,11,53,-42
210000259,208,28,180
210000282,28,140,-112
210000285,2,86,-84
210000286,7,88,-81
210000290,3,5,-2
210000295,44,161,-117
210000296,62,40,22
210000320,291,46,245
210000321,121,14,107
210000338,80,49,31
210000339,113,743,-630
210000340,87,210,-123
210000341,148,222,-74
210000342,246,172,74
210000343,123,186,-63
210000344,66,149,-83
210000345,102,253,-151
210000346,42,134,-92
210000347,77,75,2
210000348,91,52,39
210000349,36,34,2
210000350,121,49,72
210000351,152,21,131
210000352,57,47,10
210000353,37,38,-1
210000354,48,37,11
210000355,36,83,-47
210000356,20,127,-107
210000357,43,177,-134
210000358,296,217,79
210000359,41,139,-98
210000360,165,239,-74
210000361,151,111,40
210000362,264,164,100
210000363,450,221,229
210000364,150,220,-70
210000365,219,71,148
210000366,188,37,151
210000367,113,26,87
210000368,114,23,91
210000369,22,46,-24
210000370,50,76,-26
210000372,38,16,22
210000373,7,69,-62
210000374,43,72,-29
210000375,31,42,-11
210000376,37,149,-112
210000404,37,65,-28
210000439,29,12,17
210000472,31,1,30
210000482,90,97,-7
210000564,210,240,-30
210000567,0,32,-32
210000568,194,4,190
211000092,25,29,-4
211000094,14,0,14
211000169,146,6,140
211000172,12,157,-145
211000209,2,96,-94
211000226,3,7,-4
211000270,29,14,15
211000275,12,13,-1
211000276,69,20,49
211000279,20,27,-7
211000281,109,13,96
211000302,0,8,-8
211507980,0,43,-43
211977296,16,2,14
212000003,196,34,162
212000004,13,66,-53
212000005,17,59,-42
212000006,41,56,-15
212000008,178,118,60
212000009,30,79,-49
212000012,84,27,57
212000013,19,17,2
212000014,223,69,154
212000015,271,147,124
212000016,408,310,98
212000027,450,208,242
212000028,312,229,83
212000029,190,130,60
212000030,40,10,30
212000031,56,36,20
212000048,22,296,-274
212000049,26,214,-188
212000050,11,2,9
212000051,200,78,122
212000052,168,95,73
212000053,189,245,-56
212000054,428,51,377
212000055,429,106,323
212000056,17,27,-10
212000057,8,43,-35
212000058,139,25,114
212000070,111,92,19
212000077,150,251,-101
212000099,306,164,142
212000108,222,124,98
212000111,266,68,198
212000120,160,82,78
212000138,149,16,133
212000156,4,89,-85
212000158,11,19,-8
212000159,526,33,493
212000160,619,111,508
212000161,79,4,75
212000310,74,7,67
212000311,8,50,-42
212000374,31,2,29
213000001,15,267,-252
213000005,393,90,303
213000006,539,214,325
213000007,30,20,10
213000009,302,168,134
213000010,323,194,129
213000011,222,126,96
213000012,195,189,6
213000014,50,14,36
213000015,242,4,238
213000016,311,0,311
213000017,82,0,82
213000018,0,14,-14
213000019,0,44,-44
213000020,132,128,4
213000021,1,46,-45
213000023,400,208,192
213000033,314,1016,-702
213000034,395,169,226
213000035,155,275,-120
213000045,224,258,-34
213000046,164,135,29
213000047,333,869,-536
213000056,138,26,112
213000069,133,6,127
213000073,0,79,-79
213000074,180,519,-339
213000075,619,0,619
213000076,12,3,9
213000085,3,29,-26
213000086,12,86,-74
213000091,353,7,346
213000092,38,8,30
213000099,199,1198,-999
213000100,786,262,524
213000101,749,66,683
213000102,680,86,594
213000103,687,428,259
213000104,70,227,-157
213000105,55,1397,-1342
213000106,23,52,-29
213000107,108,216,-108
213000108,49,148,-99
213000109,5,100,-95
213000110,6,69,-63
213000111,9,30,-21
213000112,47,34,13
213000115,74,5,69
213000116,61,465,-404
213000117,5,443,-438
213000118,955,272,683
213000119,50,324,-274
213000120,75,132,-57
213000122,118,224,-106
213000123,152,387,-235
213000124,179,542,-363
213000125,173,57,116
213000126,6,102,-96
213000127,34,181,-147
213000128,91,874,-783
213000129,138,1140,-1002
213000130,1167,470,697
213000132,616,157,459
213000133,1311,82,1229
213000134,1692,19,1673
213000136,539,17,522
213000137,752,45,707
213000139,214,11,203
213000147,22,12,10
213000148,27,13,14
213000149,80,8,72
213000150,0,403,-403
213000151,1,184,-183
213000152,4,149,-145
213000153,5,177,-172
213000154,112,148,-36
213000155,32,144,-112
213000156,106,296,-190
213000157,675,206,469
213000158,373,523,-150
213000159,844,270,574
213000163,1265,128,1137
213000165,917,275,642
213000171,3,26,-23
213000172,1,77,-76
213000173,0,57,-57
213000174,0,26,-26
213000175,3,18,-15
213000176,104,36,68
213000177,97,2,95
213000178,292,2,290
213000179,241,0,241
213000180,229,0,229
213000184,74,311,-237
213000188,362,57,305
213000189,449,25,424
213000190,588,359,229
213000191,395,161,234
213000192,392,120,272
213000193,497,216,281
213000194,2,114,-112
213000195,19,259,-240
213000196,219,1371,-1152
213000197,619,629,-10
213000198,8,4,4
213000200,116,355,-239
213000201,20,40,-20
213000202,44,430,-386
213000203,1764,331,1433
213000204,977,43,934
213000205,415,60,355
213000206,636,34,602
213000207,57,10,47
213000208,91,3,88
213000209,76,4,72
213000210,207,3,204
213000211,15,60,-45
213000212,27,56,-29
213000213,19,39,-20
213000218,337,348,-11
213000219,853,17,836
213000220,750,3,747
213000223,169,207,-38
213000224,11,67,-56
213000225,32,16,16
213000226,69,9,60
213000227,1123,156,967
213000228,540,48,492
213000229,37,23,14
213000230,438,22,416
213000232,100,168,-68
213000233,9,112,-103
213000234,9,46,-37
213000293,11,66,-55
213000294,72,48,24
213000295,45,91,-46
213000296,72,25,47
213000297,15,64,-49
213000298,6,76,-70
213000299,46,21,25
213000300,3,8,-5
213000303,8,21,-13
213000304,2,28,-26
213000305,5,21,-16
213000306,20,320,-300
213000307,99,236,-137
213000308,86,139,-53
213000309,130,75,55
213000310,304,206,98
213000311,83,881,-798
213000315,74,231,-157
213000316,207,92,115
213000322,70,27,43
213000323,179,59,120
213000324,92,6,86
213000325,51,28,23
213000326,24,6,18
213000327,81,11,70
213000328,13,59,-46
213000329,121,28,93
213000340,126,177,-51
213000341,846,68,778
213000346,115,257,-142
213000347,240,583,-343
213000348,1,453,-452
213000349,5,36,-31
213000350,221,796,-575
213000366,76,134,-58
213000367,412,22,390
213000379,50,164,-114
213000386,26,58,-32
213000406,180,91,89
213000417,1574,427,1147
213000425,314,42,272
213000426,174,46,128
213000427,54,102,-48
213000428,25,66,-41
213000429,9,7,2
213000430,60,252,-192
213000431,2,1,1
213000432,0,123,-123
213000433,18,72,-54
213000434,144,68,76
213000435,138,139,-1
213000436,79,51,28
213000437,0,7,-7
213000438,141,34,107
213000439,43,9,34
213000440,5,139,-134
213000441,0,1,-1
213000442,1,10,-9
213000443,347,292,55
213000444,33,3,30
213000445,1,59,-58
213000446,1,76,-75
213000447,1,40,-39
213000448,23,166,-143
213000449,725,5,720
213000450,21,19,2
213000451,286,40,246
213000452,11,10,1
213000453,27,154,-127
213000455,115,3,112
213000456,1,213,-212
213000481,3,0,3
213000482,35,3,32
213000489,109,36,73
213000491,8,183,-175
213000492,61,2,59
213000493,1,154,-153
213000494,251,93,158
213000495,0,8,-8
213000496,649,86,563
213000497,75,116,-41
213000498,91,82,9
213000499,125,119,6
213000500,636,70,566
213000501,200,17,183
213000502,124,69,55
213000503,1,51,-50
213000504,8,31,-23
213000505,21,4,17
213000506,0,17,-17
213000507,4,62,-58
213900244,99,1,98
213900245,0,8,-8
218000003,8,23,-15
218000004,34,51,-17
218000005,43,30,13
218000006,48,42,6
218000007,8,8,0
218000012,200,115,85
218000013,186,163,23
218000014,408,191,217
218000019,390,402,-12
218000020,196,226,-30
218000021,16,20,-4
218000022,18,2,16
218000023,3,5,-2
218000024,1,1,0
218000025,9,10,-1
218000026,5,9,-4
218000027,2,0,2
218000028,0,5,-5
218000029,1,4,-3
218000030,2,8,-6
218000031,1,12,-11
218000032,0,8,-8
218000040,0,4,-4
218000046,86,19,67
218000047,24,29,-5
218000048,34,35,-1
218000049,56,31,25
218000050,165,123,42
218000051,62,82,-20
218000052,4,22,-18
218000053,1,17,-16
218000054,8,32,-24
218000055,2,14,-12
218000056,11,36,-25
218000057,1,15,-14
218000064,0,28,-28
218000065,84,134,-50
218000066,10,30,-20
218000067,114,52,62
218000068,107,39,68
218000069,314,71,243
218000070,178,113,65
218000071,141,128,13
218000072,119,192,-73
218000078,1318,294,1024
218000079,199,49,150
218000080,152,34,118
218000081,645,91,554
218000082,94,54,40
218000083,119,29,90
218000084,191,65,126
218000085,159,127,32
218000086,88,45,43
218000087,215,79,136
218000090,27,91,-64
218000091,1164,372,792
218000092,155,110,45
218000093,80,40,40
218000094,489,333,156
218000099,247,528,-281
218000100,412,267,145
218000101,293,136,157
218000102,567,134,433
218000103,85,42,43
218000104,149,17,132
218000105,6,52,-46
218000106,21,10,11
218000107,133,26,107
218000108,2,50,-48
218000112,77,27,50
218000117,20,96,-76
218000134,605,267,338
218000135,7,90,-83
218000136,112,82,30
218000137,197,179,18
218000138,52,84,-32
218000139,166,168,-2
218000140,604,182,422
218000141,96,54,42
218000142,146,76,70
218000143,64,223,-159
218000144,18,182,-164
218000145,571,291,280
218000146,146,94,52
218000151,11,20,-9
218000152,79,35,44
218000153,5,5,0
218000154,4,2,2
218000155,47,0,47
218000156,89,5,84
218000157,33,3,30
218000158,12,4,8
218000159,3,6,-3
218000160,10,3,7
218000161,24,1,23
218000162,30,2,28
218000163,8,1,7
218000164,59,4,55
218000165,67,34,33
218000170,3,17,-14
218000171,53,26,27
218000172,12,14,-2
218000173,20,36,-16
218000174,13,16,-3
218000176,201,74,127
218000177,416,149,267
218000178,79,117,-38
218000179,143,54,89
218000180,134,10,124
218000181,335,61,274
218000187,13,42,-29
218000188,15,87,-72
218000189,21,79,-58
218000190,23,12,11
218000191,210,37,173
218000192,228,104,124
218000193,397,161,236
218000194,145,162,-17
218000195,136,35,101
218000196,256,164,92
218000197,536,157,379
218000198,48,42,6
218000199,55,9,46
218000200,38,18,20
218000201,10,82,-72
218000202,47,419,-372
218000207,3,14,-11
218000208,31,20,11
218000211,58,26,32
218000212,1,4,-3
218000213,88,46,42
218000214,2,15,-13
218000215,46,22,24
218000217,1,29,-28
218000218,93,10,83
218000219,3,64,-61
218000220,29,721,-692
218000221,400,189,211
218000222,1,105,-104
218000223,40,271,-231
218000224,19,154,-135
218000225,248,30,218
218000226,203,62,141
218000230,0,5,-5
218000232,62,26,36
218000239,112,13,99
218000240,6,2,4
218000241,14,1,13
218000242,12,0,12
218000243,11,16,-5
218000244,30,7,23
218000245,9,3,6
218000246,0,0,0
218000247,0,0,0
218000248,0,28,-28
218000249,0,2,-2
218000250,12,19,-7
218000251,4,49,-45
218000252,7,310,-303
218000253,8,166,-158
218000254,6,30,-24
218000255,3,41,-38
218000256,10,100,-90
218000267,353,964,-611
218000268,14,27,-13
218000269,1,11,-10
218000270,181,30,151
218000271,5,40,-35
218000273,35,0,35
218000274,13,2,11
218000275,22,40,-18
218000276,12,30,-18
218000278,12,91,-79
218000279,99,40,59
218000280,1,19,-18
218000281,5,19,-14
218000282,475,573,-98
218000284,38,0,38
218000301,77,95,-18
218000302,47,46,1
218000303,5,61,-56
218000316,1102,567,535
218000317,1695,596,1099
218000318,1093,271,822
218000319,1273,524,749
218000320,1361,429,932
218000338,21,113,-92
218000345,108,62,46
218000346,81,165,-84
218000459,17,77,-60
218000490,34,69,-35
218000501,42,42,0
218000502,58,18,40
218000503,67,24,43
218000504,87,31,56
218000505,28,102,-74
218000506,23,222,-199
218000508,0,8,-8
218000510,108,12,96
218000520,97,81,16
218000521,5,22,-17
218000522,0,210,-210
218000523,151,4,147
218000524,8,696,-688
218000525,63,48,15
218000526,12,446,-434
218000529,57,64,-7
218000530,8,2,6
218000531,14,16,-2
218000532,16,17,-1
218000534,153,22,131
218000537,10,39,-29
218000538,103,261,-158
218000540,71,55,16
218000543,213,59,154
218000544,33,52,-19
218000545,73,61,12
218000546,23,58,-35
218000547,139,132,7
218000548,69,61,8
218000549,551,218,333
218000550,93,157,-64
218000551,110,448,-338
218000552,213,292,-79
218000553,17,116,-99
218000554,45,89,-44
218000555,9,61,-52
218000556,170,169,1
218000557,462,199,263
218000558,67,0,67
218000559,0,28,-28
218000560,0,46,-46
218000561,3,0,3
218000562,28,111,-83
218000563,224,42,182
218000564,6,81,-75
218000565,80,72,8
218000566,73,12,61
218000567,0,61,-61
218000568,6,2,4
218000569,2,436,-434
218000570,19,28,-9
218000571,0,80,-80
218000572,134,3,131
218000573,4,240,-236
218000574,22,23,-1
218000575,91,1,90
218000576,3,95,-92
218000577,106,0,106
218000578,1,220,-219
218000579,15,22,-7
218000581,8,61,-53
218000582,55,7,48
218000583,4,0,4
218000584,0,35,-35
218000585,34,5,29
218000586,17,20,-3
218000587,1,14,-13
218000588,1,8,-7
218000589,1,3,-2
218000590,2,1,1
218000591,6,4,2
218000592,4,5,-1
218000593,1,9,-8
218000594,0,5,-5
218000597,0,1,-1
218000598,0,0,0
218000599,0,0,0
218000600,1,0,1
218000601,1,2,-1
218000602,0,1,-1
218000603,0,0,0
218000604,1,0,1
218000605,0,21,-21
218000606,90,1,89
218000607,4,58,-54
218000608,70,16,54
218000609,2,30,-28
218000610,68,9,59
218000611,22,0,22
218000612,0,30,-30
218000613,64,0,64
218000614,1,60,-59
218000615,128,4,124
218000616,3,101,-98
218000617,5,12,-7
218000618,0,29,-29
218000619,10,18,-8
218000620,2,8,-6
218000621,0,2,-2
218000622,1,33,-32
218000623,15,0,15
218000624,1,56,-55
218000625,2,0,2
218000626,0,10,-10
218000628,231,157,74
218000631,27,38,-11
218000632,0,125,-125
218000633,97,2,95
218000634,2,40,-38
218000635,5,28,-23
218000636,837,421,416
218000637,865,221,644
218000638,214,24,190
218000639,23,37,-14
218000640,333,7,326
218000641,78,104,-26
218000652,28,14,14
218000653,284,83,201
218000663,5,43,-38
218000675,17,103,-86
218000676,4,6,-2
218000677,22,5,17
218000680,233,172,61
218000681,434,171,263
218000691,192,160,32
218000693,435,112,323
218000703,4,14,-10
218000718,16,142,-126
218000719,51,243,-192
218000720,5,193,-188
218000721,51,99,-48
218000725,5,2,3
218001147,0,46,-46
218001214,23,27,-4
218001258,140,2,138
218001329,103,90,13
218001330,135,151,-16
218001351,18,20,-2
218001352,4,73,-69
218001353,6,10,-4
218001354,2,48,-46
218001355,4,89,-85
218001356,536,37,499
218001357,12,25,-13
218001358,336,19,317
218001361,465,3,462
218001362,1,29,-28
219000001,33,26,7
219000002,55,33,22
219000003,55,21,34
219000004,61,55,6
219000017,49,96,-47
219000020,128,23,105
219000022,99,4,95
219000023,54,4,50
219000029,0,90,-90
219000034,21,9,12
219000039,68,186,-118
219000040,24,81,-57
219000041,109,27,82
219000051,0,67,-67
219000052,0,17,-17
219000053,0,28,-28
219000054,7,65,-58
219000055,219,0,219
219000056,2,0,2
219000057,40,0,40
219000062,17,104,-87
219000063,66,21,45
219000064,0,63,-63
219000110,175,112,63
219000111,82,38,44
219000112,191,35,156
219000113,150,36,114
219000114,109,46,63
219000116,150,51,99
219000117,160,92,68
219000118,152,91,61
219000123,142,53,89
219000124,54,30,24
219000125,21,10,11
219000126,33,105,-72
219000127,0,1,-1
219000128,7,116,-109
219000129,14,146,-132
219000130,168,608,-440
219000131,797,1200,-403
219000133,22,53,-31
219000134,11,30,-19
219000135,16,55,-39
219000136,73,145,-72
219000138,160,16,144
219000139,100,17,83
219000140,104,0,104
219000141,48,42,6
219000142,11,30,-19
219000143,41,27,14
219000145,11,21,-10
219000146,7,7,0
219000147,3,40,-37
219000148,6,9,-3
219000149,2,25,-23
219000150,0,27,-27
219000151,5,21,-16
219000157,143,59,84
219000158,170,152,18
219000161,96,3,93
219000163,960,328,632
219000166,73,172,-99
219000167,114,111,3
219000168,168,85,83
219000174,542,128,414
219000175,129,3,126
219000176,261,11,250
219000177,104,1,103
219000178,78,1,77
219000179,82,9,73
219000180,23,14,9
219000182,201,7,194
219000183,96,14,82
219000184,141,10,131
219000185,0,20,-20
219000186,59,5,54
219000187,13,62,-49
219000189,27,180,-153
219000190,31,168,-137
219000191,157,1584,-1427
219000192,131,137,-6
219000193,131,123,8
219000195,4,47,-43
219000196,3,107,-104
219000198,22,46,-24
219000199,18,104,-86
219000200,50,94,-44
219000201,52,90,-38
219000203,19,109,-90
219000204,49,344,-295
219000205,29,199,-170
219000207,57,120,-63
219000209,32,19,13
219000210,16,149,-133
219000213,4,144,-140
219000239,126,163,-37
219000240,148,331,-183
219000241,173,115,58
219000242,33,185,-152
219000243,123,295,-172
219000244,14,61,-47
219000245,18,25,-7
219000246,18,41,-23
219000247,157,25,132
219000248,415,521,-106
219000249,130,153,-23
219000250,203,110,93
219000251,531,219,312
219000252,328,138,190
219000253,258,64,194
219000255,163,139,24
219000256,334,57,277
219000257,142,0,142
219000262,55,39,16
219000263,69,78,-9
219000267,1,29,-28
219000268,0,26,-26
219000269,6,12,-6
219000270,13,0,13
219000271,146,1,145
219000278,0,15,-15
219000279,3,8,-5
219000283,0,3,-3
219000295,9,55,-46
219000296,75,205,-130
219000297,55,62,-7
219000298,17,53,-36
219000299,366,61,305
219000300,35,36,-1
219000301,61,208,-147
219000302,19,103,-84
219000307,48,20,28
219000308,66,56,10
219000311,171,81,90
219000312,462,120,342
219000313,470,38,432
219000314,41,155,-114
219000315,293,18,275
219000316,583,46,537
219000317,200,24,176
219000320,17,81,-64
219000321,0,38,-38
219000323,1,53,-52
219000325,1,4,-3
219000326,45,48,-3
219000327,25,13,12
219000328,5,23,-18
219000329,154,86,68
219000330,16,39,-23
219000331,41,59,-18
219000332,230,96,134
219000333,27,5,22
219000335,54,2,52
219000337,11,0,11
219000338,27,1,26
219000344,14,31,-17
219000345,59,35,24
219000346,39,35,4
219000348,119,45,74
219000349,27,68,-41
219000350,68,358,-290
219000351,0,6,-6
219000352,194,56,138
219000353,96,51,45
219000354,213,76,137
219000355,120,62,58
219000356,354,1876,-1522
219000363,106,39,67
219000364,109,31,78
219000365,69,17,52
219000366,134,398,-264
219000368,272,461,-189
219000370,547,877,-330
219000371,1,21,-20
219000382,15,19,-4
219000383,206,1500,-1294
219000385,279,711,-432
219000386,621,1629,-1008
219000387,0,28,-28
219000390,8,1,7
219000391,0,1,-1
219000397,45,38,7
219000398,38,45,-7
219000401,6,66,-60
219000402,24,35,-11
219000403,58,162,-104
219000404,13,71,-58
219000407,7,18,-11
219000409,76,22,54
219000410,89,25,64
219000411,106,11,95
219000446,97,292,-195
219000447,0,33,-33
219000448,3,10,-7
219000452,67,65,2
219000453,61,222,-161
219000454,140,333,-193
219000556,288,52,236
219000558,110,126,-16
219000590,38,164,-126
219000591,209,86,123
219000592,46,213,-167
219000595,6,7,-1
219000635,164,52,112
219000636,59,25,34
219000657,10,8,2
219000658,10,123,-113
219000673,0,19,-19
219000676,4,3,1
219000679,21,10,11
219000684,90,8,82
219000685,0,52,-52
219000686,1,0,1
219000688,0,21,-21
219000689,9,169,-160
219000690,134,23,111
219000691,29,161,-132
219000692,113,22,91
219000693,2,8,-6
219000694,8,0,8
219000695,49,0,49
219000698,17,0,17
219000699,1,103,-102
219000727,3,69,-66
219000728,47,1,46
219000770,31,0,31
219000771,1,113,-112
219000788,194,273,-79
219001150,1,40,-39
219001151,0,0,0
219001166,24,56,-32
219001167,2,54,-52
219001178,25,1,24
220000001,49,146,-97
220000002,11,97,-86
220000003,176,96,80
220000004,319,202,117
220000005,373,952,-579
220000006,71,443,-372
220000007,276,123,153
220000008,194,350,-156
220000009,253,366,-113
220000010,99,60,39
220000011,260,2855,-2595
220000012,24,206,-182
220000014,100,47,53
220000015,84,636,-552
220000017,23,301,-278
220000018,6399,1778,4621
220000019,158,460,-302
220000020,524,135,389
220000021,1024,141,883
220000022,1248,271,977
220000023,300,118,182
220000024,818,485,333
220000025,541,1359,-818
220000026,255,409,-154
220000027,30,98,-68
220000028,37,71,-34
220000029,26,59,-33
220000030,33,135,-102
220000031,544,301,243
220000064,33,1572,-1539
221000046,5,0,5
221000047,0,0,0
221000048,0,0,0
221000049,0,31,-31
221000050,10,0,10
221000055,58,38,20
221000057,70,4,66
221000068,242,97,145
221000069,361,46,315
221000070,263,16,247
221000071,136,7,129
221000072,327,7,320
221000073,156,29,127
221000074,0,5,-5
221000075,42,33,9
221000076,2,15,-13
221000077,6,52,-46
221000081,10,5,5
221000082,63,3,60
221000083,16,8,8
221000084,20,6,14
221000085,11,60,-49
221000086,10,89,-79
221000087,5,89,-84
221000088,12,73,-61
221000089,20,164,-144
221000090,73,307,-234
221000098,133,9,124
221000099,202,15,187
221000100,154,9,145
221000101,147,11,136
221000102,130,16,114
221000109,8,106,-98
221000110,2,29,-27
221000111,17,154,-137
221000112,3,94,-91
221000113,10,90,-80
221000114,11,104,-93
221000120,31,34,-3
221000121,3,34,-31
221000122,21,39,-18
221000123,15,62,-47
221000124,20,138,-118
221000155,64,10,54
221000156,83,79,4
221000175,8,9,-1
221000176,0,2,-2
221000182,30,6,24
221000241,373,286,87
221000242,121,510,-389
221000243,433,235,198
221000244,156,656,-500
221000245,130,95,35
221000246,52,378,-326
221000247,147,74,73
221000248,198,204,-6
221000267,33,601,-568
221000325,15,102,-87
221000331,8,35,-27
221000338,18,23,-5
221000378,200,56,144
221000381,44,110,-66
222000282,5,1,4
222000296,1,14,-13
222000568,342,13,329
222000569,142,59,83
222000570,196,30,166
222000571,380,17,363
222000577,3,57,-54
222000578,7,76,-69
222000579,11,63,-52
222000580,52,402,-350
222000599,1,80,-79
222000600,0,142,-142
222000601,7,543,-536
222000603,8,60,-52
222000604,2,47,-45
222000605,10,42,-32
222000606,0,18,-18
222000607,12,12,0
222000608,22,31,-9
222000609,63,116,-53
222000616,361,32,329
222000617,22,54,-32
222000618,4,9,-5
222000620,32,33,-1
222000621,46,59,-13
222000623,636,13,623
222000624,484,2,482
222000625,792,10,782
222000636,31,4,27
222000686,30,54,-24
222000687,31,54,-23
222001066,249,0,249
222001067,38,2,36
222001068,48,2,46
222001069,86,6,80
222001082,12,5,7
222001083,26,9,17
222001084,0,21,-21
222001085,0,83,-83
222001111,36,37,-1
222001112,210,11,199
222001313,7,21,-14
222001314,7,94,-87
222001464,231,49,182
222001465,13,80,-67
222001484,215,66,149
222001485,12,45,-33
222001494,670,203,467
222001495,169,108,61
222001496,421,126,295
222001497,73,141,-68
222001502,15,21,-6
222001503,152,27,125
222001504,21,155,-134
222001505,441,8,433
222001506,35,261,-226
222001507,180,12,168
222001510,526,6,520
222001511,41,118,-77
222001514,548,97,451
222001515,106,292,-186
222001518,416,40,376
222001519,45,47,-2
222001527,152,44,108
222001528,20,81,-61
222001529,374,11,363
222001530,41,107,-66
222001533,116,69,47
222001534,428,44,384
222001535,205,277,-72
222001536,34,76,-42
222001537,392,25,367
222001538,52,316,-264
222001563,1029,33,996
222001564,101,223,-122
222001568,157,173,-16
222001576,0,3,-3
222001579,0,19,-19
222001583,12,41,-29
222001584,63,39,24
222001596,562,643,-81
222001597,1058,115,943
222001626,0,41,-41
222001650,6,47,-41
222001651,34,366,-332
222001914,173,17,156
222001915,26,220,-194
222001968,410,224,186
222001969,215,356,-141
222001970,116,301,-185
222001971,36,7,29
222001972,1,3,-2
225000001,293,101,192
225000002,568,138,430
225000003,586,70,516
225000004,473,160,313
225000005,65,26,39
225000006,0,179,-179
225000007,815,953,-138
225000010,179,14,165
225000011,268,1374,-1106
225000012,330,689,-359
225000013,94,87,7
225000014,543,107,436
225000015,95,120,-25
225000021,700,102,598
225000027,101,337,-236
225000032,594,94,500
225000042,59,367,-308
225000049,47,51,-4
225000050,147,3,144
225000053,2,168,-166
225000058,610,178,432
225000067,131,111,20
225000068,129,153,-24
225000069,45,193,-148
225000070,121,190,-69
225000071,36,69,-33
225000075,20,531,-511
225000076,25,124,-99
225000078,46,32,14
225000085,118,92,26
225000086,332,85,247
225000087,185,14,171
225000088,7,161,-154
225000089,70,717,-647
225000090,35,291,-256
225000091,93,48,45
225000092,46,29,17
225000093,155,167,-12
225000094,12,128,-116
225000095,225,247,-22
225000096,131,301,-170
225000098,746,257,489
225000099,458,116,342
225000100,418,107,311
225000104,77,285,-208
225000110,6,298,-292
225000111,174,559,-385
225000112,230,762,-532
225000113,211,509,-298
225000114,107,252,-145
225000115,861,503,358
225000116,478,134,344
225000117,771,252,519
225000118,1075,308,767
225000119,313,98,215
225000120,722,24,698
225000121,156,10,146
225000123,536,5,531
225000125,604,198,406
225000126,934,280,654
225000127,512,1483,-971
225000128,486,829,-343
225000132,517,16,501
225000133,250,22,228
225000134,784,129,655
225000135,69,4,65
225000136,418,8,410
225000137,247,52,195
225000138,399,50,349
225000143,41,161,-120
225000144,6,219,-213
225000145,23,10,13
225000146,35,24,11
225000147,54,55,-1
225000148,2,69,-67
225000149,29,165,-136
225000151,44,87,-43
225000155,186,212,-26
225000156,202,764,-562
225000157,399,381,18
225000158,41,145,-104
225000171,8,118,-110
225000180,17,0,17
225000181,0,58,-58
225000182,36,7,29
225000185,3,235,-232
225000187,43,227,-184
225000191,34,2,32
225000194,0,6,-6
225000208,0,37,-37
225000209,88,12,76
225000210,3,169,-166
225000217,0,7,-7
225000218,7,1,6
225000223,0,78,-78
225000224,23,0,23
225000225,0,78,-78
225000226,11,0,11
225000227,42,62,-20
225000228,2,4,-2
225000229,0,33,-33
225000230,5,0,5
225000231,0,27,-27
225000232,114,0,114
225000241,52,1,51
225000242,0,67,-67
225000249,20,0,20
225000250,60,281,-221
225000251,482,69,413
226000042,97,219,-122
226000043,29,206,-177
226000044,83,328,-245
226000045,35,191,-156
226000046,532,82,450
226000047,392,91,301
226000048,418,138,280
226000049,312,286,26
226000070,0,19,-19
226000071,0,34,-34
226000072,0,20,-20
226000073,0,9,-9
226000074,1,32,-31
226000084,0,15,-15
226000085,3,5,-2
226000086,0,25,-25
226000087,0,75,-75
226000088,4,37,-33
226000090,35,118,-83
226000091,11,43,-32
226000092,1,9,-8
226000093,7,2,5
226000094,11,7,4
226000095,5,2,3
226000105,25,0,25
226000106,22,0,22
226000107,10,0,10
226000108,15,0,15
226000109,81,0,81
226000124,154,71,83
226000134,771,419,352
226000135,1360,587,773
226000136,457,359,98
226000137,12,102,-90
226000138,19,27,-8
226000139,0,19,-19
226000156,321,1,320
226000157,275,1,274
226000163,28,55,-27
226000202,11,96,-85
226000231,557,2,555
226000232,31,1,30
227000033,532,66,466
227000036,596,33,563
227000037,505,20,485
227000038,162,26,136
227000049,1,28,-27
227000050,0,64,-64
227000055,47,2,45
227000056,31,0,31
227000084,0,121,-121
227000085,0,104,-104
227000088,21,1,20
227000089,96,3,93
227000090,21,2,19
227000091,21,0,21
227000092,1,0,1
227000093,96,0,96
227000094,7,0,7
227000130,38,212,-174
227000131,28,139,-111
227000132,8,78,-70
227000133,11,85,-74
227000134,14,169,-155
227000152,0,8,-8
227000153,0,93,-93
227000154,0,1,-1
227000155,1,36,-35
227000156,0,15,-15
227000165,2,148,-146
227000196,295,91,204
227000199,442,189,253
227000230,21,166,-145
227000232,532,18,514
227000242,28,483,-455
227000243,430,93,337
227000245,17,263,-246
227000246,101,183,-82
227000247,616,35,581
227000248,184,96,88
227000249,26,244,-218
227000250,456,346,110
227000251,121,518,-397
227000252,68,166,-98
227000253,258,28,230
227000262,675,41,634
227000266,1388,34,1354
227000267,28,703,-675
227000282,1,71,-70
227000284,687,21,666
227000286,0,28,-28
227000287,5,43,-38
227000291,5,218,-213
227000484,166,5,161
227000485,9,527,-518
227000655,96,5,91
227000656,590,42,548
227000657,76,5,71
227000661,410,15,395
227000680,155,50,105
229000265,13,19,-6
229000296,0,17,-17
229000297,3,8,-5
229000298,2,91,-89
229000320,5,5,0
229000321,7,2,5
229000412,5,18,-13
229000414,1,23,-22
229000415,8,2,6
229000416,2,5,-3
229000417,2,3,-1
229000419,63,157,-94
229000440,260,70,190
229000442,15,34,-19
229000443,7,5,2
229000444,0,17,-17
229000445,47,1,46
229000446,44,14,30
229000491,4,8,-4
229000492,2,20,-18
229000493,3,44,-41
229000494,22,1,21
229000495,78,6,72
229000496,56,6,50
229000507,0,26,-26
229000508,0,24,-24
229000509,0,55,-55
229000510,0,15,-15
229000511,1,12,-11
229000512,0,12,-12
229000513,0,5,-5
229000514,0,3,-3
229000517,0,1,-1
229000518,16,2,14
229000519,1,1,0
229000520,3,7,-4
229000521,49,5,44
229000522,4,4,0
229000523,2,2,0
229000524,0,2,-2
229000527,0,0,0
229000528,0,0,0
229000529,7,1,6
229000530,80,1,79
229000531,10,0,10
229000532,7,1,6
229000533,41,0,41
229000534,23,2,21
229000564,35,0,35
229000565,9,1,8
229000566,1,1,0
229000567,0,28,-28
229000582,43,1,42
229000583,2,3,-1
229000584,0,2,-2
229000585,0,17,-17
229000718,0,2,-2
229000719,0,0,0
229000720,0,0,0
229000721,0,11,-11
229000722,0,7,-7
229000723,0,1,-1
229000724,0,1,-1
229000725,0,0,0
229000738,0,0,0
229000739,0,0,0
229000740,1,0,1
229000741,7,1,6
229000742,13,0,13
229000743,18,0,18
229000744,0,0,0
229000745,1,0,1
229000746,5,0,5
229000847,38,1,37
229000848,10,0,10
229000849,26,7,19
229000851,48,0,48
229000854,0,9,-9
229000856,0,29,-29
229000857,0,5,-5
229000858,0,14,-14
229000919,5,26,-21
229000930,3,238,-235
229000937,85,5,80
229000966,72,11,61
229000981,13,10,3
229000985,18,21,-3
229000986,0,9,-9
229000987,0,0,0
229000988,1,3,-2
229000989,7,3,4
229000990,0,1,-1
229000991,2,0,2
229000992,14,4,10
229000993,136,6,130
229000998,4,34,-30
229000999,51,7,44
229001034,1,3,-2
229001035,3,0,3
229001037,101,0,101
229001042,8,16,-8
229001047,2,24,-22
229001050,34,14,20
229001168,0,9,-9
229001200,11,23,-12
229001338,0,3,-3
229001394,162,13,149
229001422,125,9,116
229001423,20,60,-40
229001431,34,44,-10
229001432,15,43,-28
229001444,213,42,171
229001445,38,79,-41
229001479,15,3,12
229001503,257,67,190
229001504,116,133,-17
229001505,118,23,95
229001506,58,59,-1
229001509,36,8,28
229001545,85,2,83
229001546,8,38,-30
229001553,81,10,71
229001554,10,27,-17
229001559,7,12,-5
229001560,4,26,-22
229001630,108,4,104
229001631,4,5,-1
229001635,0,12,-12
229001636,0,0,0
229001658,0,74,-74
229001659,58,1,57
229001660,0,4,-4
229001661,5,25,-20
229001662,25,0,25
229001663,0,13,-13
229002584,137,144,-7
229002831,84,68,16
229002841,6,14,-8
229002842,38,22,16
229002843,35,32,3
229002844,18,44,-26
229002845,7,70,-63
229002846,30,25,5
229002847,1,4,-3
229002848,5,4,1
229002849,4,29,-25
229002850,33,0,33
229002851,16,133,-117
229002852,101,23,78
229002853,111,36,75
229002854,35,45,-10
229002855,8,21,-13
229002856,11,7,4
229002857,16,40,-24
229002858,12,4,8
229002859,25,9,16
229002860,53,7,46
229002861,31,17,14
229002862,10,30,-20
229002863,28,27,1
229002864,30,32,-2
229002865,7,14,-7
229002866,16,69,-53
229002867,1,20,-19
229002868,14,46,-32
229002869,9,87,-78
229002870,27,9,18
235000066,203,29,174
235000067,98,47,51
235000072,25,75,-50
235000073,91,243,-152
235000074,19,18,1
235000080,7,32,-25
235000081,82,77,5
235000082,189,11,178
235000083,232,23,209
235000084,36,44,-8
235000085,181,66,115
235000089,26,15,11
235000092,56,79,-23
235000093,14,26,-12
235000097,1,1,0
235000098,39,2,37
235000099,22,12,10
235000116,32,6,26
235000117,338,3,335
235000133,13,577,-564
235000134,16,148,-132
235000206,8,7,1
235000207,1,5,-4
235000208,2,0,2
235000209,4,4,0
235000210,7,3,4
235000212,3,17,-14
235000213,0,13,-13
235000220,3,3,0
235000221,54,41,13
235000238,11,174,-163
235000239,0,69,-69
235000242,296,783,-487
235000245,260,189,71
235000246,22,52,-30
235000284,2,117,-115
235000295,94,32,62
235000305,190,42,148
235000306,246,7,239
235000307,20,4,16
235000308,6,2,4
235000309,42,0,42
235000310,47,0,47
235000311,421,11,410
235000322,0,26,-26
235000323,0,39,-39
235000324,0,22,-22
235000325,4,29,-25
235000326,5,36,-31
235000351,6,65,-59
235000352,3,40,-37
235000353,4,30,-26
235000354,17,34,-17
235000355,29,65,-36
235000356,54,4,50
235000357,56,1,55
235000358,10,7,3
235000359,6,4,2
235000360,27,7,20
235000361,103,0,103
235000381,86,79,7
235000382,118,18,100
235000390,8,3,5
235000391,233,24,209
235000392,207,271,-64
235000393,114,136,-22
235000395,102,40,62
235000396,446,65,381
235000400,68,100,-32
235000401,3,123,-120
235000405,126,124,2
235000406,26,78,-52
235000407,45,57,-12
235000409,108,53,55
235000410,33,144,-111
235000411,2,25,-23
235000485,0,10,-10
235000486,16,0,16
235000549,99,68,31
235000550,120,54,66
235000599,182,22,160
235000600,7,16,-9
235000601,22,13,9
235000602,139,49,90
235000614,0,18,-18
235000648,0,8,-8
235000649,15,13,2
235000685,4,7,-3
235000815,23,65,-42
235000834,0,14,-14
235000855,41,30,11
235000862,22,56,-34
235000891,0,35,-35
235000892,8,2,6
235000901,32,38,-6
235000907,3,7,-4
235001010,51,29,22
235001029,172,144,28
235001030,253,159,94
235001078,104,76,28
235001079,30,63,-33
235001147,0,107,-107
235001166,6,25,-19
235001167,56,14,42
235001169,31,315,-284
235001188,0,11,-11
235001189,5,0,5
235001197,5,51,-46
235001200,65,51,14
235001207,162,54,108
235001210,21,58,-37
235001215,25,94,-69
235001239,0,20,-20
235001244,2,19,-17
235016267,0,27,-27
277101746,0,0,0
277102712,0,0,0
277103813,0,1,-1
277103814,0,0,0
277103898,0,2,-2
277104249,0,3,-3
277104250,0,4,-4
277104251,0,4,-4
277104252,0,1,-1
990011530,0,257,-257
990014944,4,131,-127
990015176,162,0,162
990015618,1,127,-126
990016032,0,145,-145
990032570,0,10,-10
990070001,55,0,55
990070103,0,4,-4
990070601,0,35,-35
990070751,1428,2,1426
990070766,1,117,-116
990071180,389,174,215
990071343,51,25,26
990071387,0,3,-3
990071823,273,4,269
990072600,1,973,-972
990072964,2,229,-227
990073285,0,1,-1
990074393,0,317,-317
990074870,1583,16,1567
990075106,559,3,556
990075746,622,5,617
990076437,2572,3,2569
990076458,2,182,-180
997000007,255,14,241
997000041,0,216,-216
997000058,66,36,30
997000062,5,2,3
997000069,0,1,-1
997000070,0,18,-18
997000100,92,0,92
997000141,1,205,-204
997000198,27,352,-325
998000475,0,2,-2
998000736,0,37,-37
998000965,0,6,-6
998001031,0,36,-36
998001700,0,12,-12
998001899,0,0,0
998001900,5,0,5
998003073,811,4,807
998101900,0,0,0
998102850,1,120,-119
998501927,427,998,-571
998501929,104,0,104
998501930,50,0,50
998501931,123,23,100
998501932,4,0,4
998501933,37,4,33
998501937,7,0,7
998501944,5,0,5
998501950,1,19,-18
998501970,117,4,113
998501971,1,37,-36
998501973,0,15,-15
998501974,0,107,-107
998501975,100,2,98
998501976,280,0,280
998501977,0,12,-12
998501978,7,0,7
998501979,0,4,-4
998501980,70,0,70
998501981,17,0,17
998501982,1,90,-89
998501983,0,4,-4
998502024,0,8,-8
998502032,0,0,0
998502062,6,1,5
998502063,0,0,0
998502173,18,0,18
998502269,0,0,0
998502546,0,223,-223
998502578,1,1,0
998502599,7,496,-489
998601159,1,30,-29
998601292,0,11,-11
999033574,1,188,-187
999800001,39,11,28
999800002,0,5,-5
999800003,2,1,1
999800004,0,3,-3
999800005,0,13,-13
