ID,insum,outsum,diff
100000001,817,1392,-575
100000002,5300,1087,4213
100000003,7462,4020,3442
100000004,1895,1549,346
100000005,2517,5751,-3234
100000006,961,176,785
100000007,4655,797,3858
100000008,265,830,-565
100000009,749,263,486
100000010,43,56,-13
100000011,793,79,714
100000012,134,928,-794
100000013,29,309,-280
100000014,549,370,179
100000015,2979,2768,211
100000016,1596,2111,-515
100000017,1480,1297,183
100000018,2222,876,1346
100000019,8184,2759,5425
100000020,2776,8941,-6165
100000021,8480,4125,4355
100000022,4671,1926,2745
100000023,10363,2323,8040
100000025,5490,1257,4233
100000028,4383,1541,2842
100000029,648,314,334
100000030,913,133,780
100000031,12552,10259,2293
100000032,4163,5683,-1520
100000033,1778,3690,-1912
100000034,1515,743,772
100000035,3418,1215,2203
100000036,4330,1595,2735
100000037,619,571,48
100000038,2044,1277,767
100000039,1201,217,984
100000040,371,172,199
100000041,1657,499,1158
100000042,1915,482,1433
100000043,1376,494,882
100000044,521,899,-378
100000045,893,1907,-1014
100000046,1088,1928,-840
100000047,627,1129,-502
100000048,973,881,92
100000049,2492,3349,-857
100000051,724,1460,-736
100000053,94,6,88
100000054,522,57,465
100000055,1556,273,1283
100000056,651,777,-126
100000057,2229,1057,1172
100000058,1210,1783,-573
100000059,17,171,-154
100000060,526,520,6
100000061,2903,654,2249
100000062,2716,678,2038
100000063,767,365,402
100000064,1966,505,1461
100000065,774,1241,-467
100000066,311,1168,-857
100000067,646,1128,-482
100000068,819,2279,-1460
100000069,434,2360,-1926
100000072,595,1416,-821
100000073,2182,1897,285
100000075,813,430,383
100000076,4747,3736,1011
100000077,1324,242,1082
100000078,156,80,76
100000079,70,89,-19
100000080,45,26,19
100000081,206,70,136
100000102,9932,2054,7878
100000103,6837,1351,5486
100000104,7454,2978,4476
100000105,6138,1565,4573
100000106,5226,3058,2168
100000107,1573,914,659
100000108,2373,1502,871
100000109,8364,1906,6458
100000116,2160,1262,898
100000117,89,42,47
100000118,3002,1359,1643
100000119,1184,597,587
100000121,305,659,-354
100000122,4221,1406,2815
100000123,5311,8715,-3404
100000124,8053,14137,-6084
100000125,4906,1591,3315
100000126,2255,474,1781
100000127,4887,496,4391
100000128,1941,2485,-544
100000129,1023,530,493
100000130,407,766,-359
100000131,3787,5497,-1710
100000132,2014,3874,-1860
100000133,8561,4647,3914
100000135,661,909,-248
100000139,487,254,233
100000140,683,349,334
100000142,492,665,-173
100000143,2286,1140,1146
100000144,5964,1182,4782
100000147,1624,3541,-1917
100000150,78,603,-525
100000151,1182,1339,-157
100000153,1578,648,930
100000154,717,199,518
100000155,34,82,-48
100000156,262,101,161
100000157,39,78,-39
100000158,210,72,138
100000159,1535,642,893
100000165,2051,1078,973
100000169,1498,536,962
100000174,3119,576,2543
100000179,136,649,-513
100000180,2158,1515,643
100000181,321,338,-17
100000188,126,736,-610
100000189,1254,407,847
100000190,1099,658,441
100000191,1244,497,747
100000192,135,182,-47
100000193,172,201,-29
100000330,2994,1207,1787
100000355,324,743,-419
100000362,7357,4855,2502
100000363,4159,5841,-1682
100000364,594,204,390
100000365,5183,6162,-979
100000366,7840,3715,4125
100000367,6124,5233,891
100000368,3170,2337,833
100000369,2250,2771,-521
100000370,377,633,-256
100000376,237,206,31
100000379,8305,2384,5921
100000380,12410,4130,8280
100000384,12217,6584,5633
100000385,10512,6115,4397
100000386,16351,8915,7436
100000387,14215,7041,7174
100000388,13122,11290,1832
100000389,13450,9664,3786
100000390,14495,7138,7357
100000391,9423,10684,-1261
100000392,7476,3799,3677
100000393,4048,4378,-330
100000394,14720,7846,6874
100000395,8566,2864,5702
100000396,9213,3550,5663
100000397,6000,3472,2528
100000398,15770,10785,4985
100000413,0,0,0
100900002,51,48,3
100900003,380,137,243
100900004,30,913,-883
100900005,201,15,186
100900006,21,197,-176
100900007,689,19,670
100900008,5,502,-497
100900009,106,78,28
100900010,51,151,-100
100900011,132,447,-315
100900012,0,306,-306
100900013,732,10,722
100900014,4,12,-8
100900015,180,178,2
100900016,1,46,-45
100900017,1332,135,1197
100900018,0,20,-20
100900019,25,159,-134
100900020,633,4,629
100900021,456,3,453
100900022,9,12,-3
100900023,0,20,-20
100900024,1738,8,1730
100900025,20,32,-12
100900026,185,211,-26
100900027,839,3894,-3055
100900028,225,311,-86
100900029,96,31,65
100900030,14,41,-27
100900031,852,126,726
100900032,207,3,204
100900033,438,294,144
100900034,564,3,561
100900035,1171,2,1169
100900036,21,2,19
100900037,96,356,-260
100900038,355,23,332
100900039,558,902,-344
100900040,375,924,-549
100900041,598,1178,-580
100900042,1153,398,755
100900043,0,21,-21
100900044,4847,797,4050
100900045,346,1,345
100900046,1222,19,1203
100900047,890,159,731
100900048,234,52,182
100900049,68,323,-255
100900050,5,41,-36
100900051,124,71,53
100900052,489,54,435
100900053,336,28,308
100900054,34,132,-98
100900055,449,732,-283
100900056,268,487,-219
100900057,1137,1916,-779
100900058,652,127,525
100900059,154,4,150
100900060,144,8,136
100900061,484,477,7
100900062,3,61,-58
100900063,232,677,-445
100900064,967,20,947
100900065,311,141,170
100900066,128,174,-46
100900067,4,17,-13
100900068,167,143,24
100900069,3373,3,3370
100900070,324,4,320
100900071,936,493,443
100900072,1,49,-48
100900073,173,796,-623
100900074,1,13,-12
100900075,2787,703,2084
100900076,39,85,-46
100900077,16,146,-130
100900078,119,923,-804
100900079,3,22,-19
100900080,29,190,-161
100900081,86,281,-195
100900082,99,925,-826
100900083,15,29,-14
100900085,6,143,-137
100900086,357,2195,-1838
100900088,113,1066,-953
100900089,2,27,-25
100900090,254,722,-468
100900091,2,34,-32
100900092,442,343,99
100900093,197,386,-189
100900094,126,1034,-908
100900095,10,26,-16
100900096,41,162,-121
100900097,0,12,-12
100900098,11,15,-4
100900099,40,830,-790
100900100,16,467,-451
100900101,561,78,483
100900102,102,99,3
100900103,9,10,-1
100900104,10,282,-272
100900105,19,253,-234
100900106,82,9,73
100900107,3171,1090,2081
100900108,9,39,-30
100900109,26,34,-8
100900110,4,57,-53
100900111,63,249,-186
100900112,0,6,-6
100900113,12,25,-13
100900114,17,19,-2
100900115,7,33,-26
100900116,890,2025,-1135
100900117,404,925,-521
100900118,178,139,39
100900119,17,28,-11
100900120,2,10,-8
100900121,327,1205,-878
100900122,167,262,-95
100900123,117,192,-75
100900124,2,5,-3
100900125,29,123,-94
100900126,166,285,-119
100900127,2,11,-9
100900128,140,275,-135
100900129,1,195,-194
100900131,119,306,-187
100900133,118,78,40
100900134,12,6,6
100900135,0,192,-192
100900137,543,297,246
100900138,675,668,7
100900139,9,13,-4
100900140,8,1147,-1139
100900141,3,503,-500
100900142,1,17,-16
100900143,1486,557,929
100900144,20,13,7
100900145,60,163,-103
100900146,6,78,-72
100900147,50,313,-263
100900148,21,1369,-1348
100900149,23,154,-131
100900150,6,47,-41
100900151,153,819,-666
100900152,87,11,76
100900153,6,247,-241
100900154,12,41,-29
100900155,11,20,-9
100900156,22,8,14
100900157,6,169,-163
100900159,5,32,-27
100900160,28,31,-3
100900161,105,5,100
100900162,33,275,-242
100900163,216,305,-89
100900164,53,50,3
100900165,42,73,-31
100900166,39,0,39
100900167,46,128,-82
100900168,50,179,-129
100900169,188,1215,-1027
100900170,43,12,31
100900171,24,869,-845
100900172,0,12,-12
100900173,8,808,-800
100900174,615,61,554
100900176,2044,380,1664
100900177,1206,710,496
100900178,925,157,768
100900179,168,200,-32
100900180,7,3,4
100900181,96,29,67
100900182,49,28,21
100900184,7,196,-189
100900186,1170,1087,83
100900187,12,179,-167
100900188,34,33,1
100900189,1185,268,917
100900191,2176,1597,579
100900192,405,337,68
100900195,255,184,71
100900197,45,150,-105
100900198,21,545,-524
100900199,20,19,1
100900200,727,604,123
100900201,143,1321,-1178
100900202,32,1,31
100900203,0,75,-75
100900204,513,373,140
100900205,245,497,-252
100900206,171,86,85
100900207,220,109,111
100900210,96,1083,-987
100900211,489,303,186
100900213,71,57,14
100900214,1265,254,1011
100900215,7,62,-55
100900217,260,107,153
101000001,6326,2548,3778
101000002,5746,6655,-909
101000003,1430,3164,-1734
101000004,13903,14265,-362
101000005,6245,8498,-2253
101000006,11587,14686,-3099
101000007,4409,4668,-259
101000008,9070,4921,4149
101000009,2554,2770,-216
101000010,1363,2295,-932
101000011,3448,1108,2340
101000012,3182,981,2201
101000013,719,1635,-916
101000014,1051,1059,-8
101000015,1721,955,766
101000016,1934,694,1240
101000017,1571,957,614
101000018,11191,3702,7489
101000020,8225,1544,6681
101000021,4206,521,3685
101000022,868,133,735
101000023,3494,1148,2346
101000025,448,598,-150
101000026,642,47,595
101000027,4592,2089,2503
101000028,2084,211,1873
101000029,183,1196,-1013
101000030,2099,127,1972
101000031,960,677,283
101000032,11752,3803,7949
101000033,6108,3678,2430
101000034,7775,1978,5797
101000035,2938,652,2286
101000036,4458,841,3617
101000037,9223,1999,7224
101000039,6748,3394,3354
101000040,8129,4619,3510
101000041,20282,8869,11413
101000042,2037,1507,530
101000043,14387,7856,6531
101000045,2670,991,1679
101000046,4162,949,3213
101000047,2957,2172,785
101000048,1969,1605,364
101000049,1856,1700,156
101000050,4114,3517,597
101000051,3574,2886,688
101000052,2932,1045,1887
101000053,1973,2511,-538
101000054,2808,2202,606
101000055,2042,2846,-804
101000056,111,123,-12
101000057,4688,1402,3286
101000058,4761,1532,3229
101000059,8196,2212,5984
101000060,3057,756,2301
101000061,1647,1624,23
101000062,1434,1074,360
101000063,1046,925,121
101000064,2688,789,1899
101000065,503,539,-36
101000066,868,418,450
101000067,1661,751,910
101000068,781,546,235
101000069,812,91,721
101000070,2398,1343,1055
101000071,3366,1419,1947
101000072,1902,5980,-4078
101000073,937,889,48
101000074,7597,4764,2833
101000075,8550,3967,4583
101000077,1778,1514,264
101000078,1322,2823,-1501
101000079,575,467,108
101000080,711,456,255
101000081,1520,2208,-688
101000082,4880,3638,1242
101000083,2704,3074,-370
101000084,1806,1357,449
101000085,2300,1554,746
101000086,1604,1555,49
101000087,1174,1861,-687
101000088,1337,1433,-96
101000089,1166,2182,-1016
101000090,3580,1969,1611
101000091,421,1845,-1424
101000092,772,1603,-831
101000093,2318,1263,1055
101000094,934,2073,-1139
101000095,382,1125,-743
101000096,409,922,-513
101000097,1739,471,1268
101000098,1390,871,519
101000099,1979,2337,-358
101000100,1470,1133,337
101000101,949,559,390
101000102,3657,520,3137
101000103,1379,709,670
101000104,764,945,-181
101000105,2638,368,2270
101000106,1862,582,1280
101000107,229,553,-324
101000108,2270,568,1702
101000109,294,94,200
101000110,50,1129,-1079
101000111,197,352,-155
101000113,428,1414,-986
101000114,8215,3533,4682
101000115,193,256,-63
101000116,322,413,-91
101000117,1785,339,1446
101000119,431,117,314
101000120,400,76,324
101000121,150,38,112
101000122,277,91,186
101000123,114,82,32
101000124,331,223,108
101000125,259,643,-384
101000128,2211,439,1772
101000130,367,512,-145
101000131,935,915,20
101000132,730,2701,-1971
101000135,149,37,112
101000136,668,133,535
101000137,55,376,-321
101000141,4694,4686,8
101000147,1444,787,657
101000148,2594,42,2552
101000149,131,150,-19
101000150,84,1599,-1515
101000151,147,92,55
101000152,472,566,-94
101000153,816,658,158
101000154,315,2522,-2207
101000155,305,246,59
101000156,51,388,-337
101000157,133,82,51
101000160,200,74,126
101000163,340,123,217
101000164,692,637,55
101000165,311,537,-226
101000166,460,611,-151
101000168,1163,528,635
101000252,2099,1183,916
101000254,822,69,753
101000258,27,13,14
101000261,100,54,46
101000262,3493,1737,1756
101000263,691,1703,-1012
101000265,117,917,-800
101000266,722,520,202
101000269,301,19,282
101000290,3927,5020,-1093
101000293,35,99,-64
101000294,878,638,240
101000295,241,915,-674
101000301,1696,519,1177
101000304,6030,3775,2255
101000305,4817,2992,1825
101000328,161,570,-409
101900001,28,79,-51
101900002,0,23,-23
101900003,221,178,43
101900004,15,51,-36
101900005,8355,2515,5840
101900006,1545,141,1404
101900007,1175,122,1053
101900008,305,547,-242
101900009,167,829,-662
101900010,1421,889,532
101900011,600,2785,-2185
101900012,233,676,-443
101900013,1912,213,1699
101900017,56,228,-172
101900018,3292,484,2808
101900019,468,197,271
101900020,132,192,-60
101900021,2,94,-92
101900022,195,2119,-1924
101900023,164,351,-187
101900026,161,62,99
101900027,9,174,-165
102000001,10021,6330,3691
102000002,6332,1974,4358
102000003,5331,10954,-5623
102000004,12217,5363,6854
102000005,3114,3912,-798
102000006,3979,3619,360
102000007,2802,9051,-6249
102000008,8922,3525,5397
102000009,7880,10800,-2920
102000010,7456,7839,-383
102000011,5295,3652,1643
102000012,6825,6265,560
102000018,6115,4449,1666
102000019,4337,3504,833
102000026,566,2206,-1640
102000029,513,320,193
102000030,163,638,-475
102000031,87,318,-231
102000032,525,710,-185
102000033,317,812,-495
102000034,675,1176,-501
102000035,1503,1082,421
102000036,7,821,-814
102000037,210,160,50
102000038,695,297,398
102000039,820,171,649
102000040,988,265,723
102000041,390,506,-116
102000042,535,375,160
102000043,820,337,483
102000044,2173,982,1191
102000045,1410,2116,-706
102000046,2213,1052,1161
102000047,1072,2340,-1268
102000048,464,1446,-982
102000049,2272,1288,984
102000050,2178,1898,280
102000051,621,1167,-546
102000052,2413,1427,986
102000053,2359,1563,796
102000054,700,1215,-515
102000055,1149,1512,-363
102000056,809,2626,-1817
102000057,1533,1023,510
102000058,1473,3141,-1668
102000059,2256,2395,-139
102000060,2094,1753,341
102000061,1796,3417,-1621
102000062,1914,1920,-6
102000063,1842,2683,-841
102000064,814,1159,-345
102000065,40,248,-208
102000066,1143,3136,-1993
102000067,3970,5819,-1849
102000068,18554,5353,13201
102000069,93,2587,-2494
102000070,2113,82,2031
102000071,12621,13418,-797
102000072,4697,8519,-3822
102000073,2222,1390,832
102000074,1083,1617,-534
102000075,388,572,-184
102000076,303,882,-579
102000077,565,1571,-1006
102000078,875,1457,-582
102000079,161,358,-197
102000080,292,331,-39
102000081,510,995,-485
102000082,1266,513,753
102000083,563,569,-6
102000084,217,583,-366
102000085,2358,1864,494
102000086,1462,1764,-302
102000087,1463,2351,-888
102000088,374,450,-76
102000089,1505,749,756
102000090,745,1425,-680
102000091,2831,691,2140
102000092,442,1397,-955
102000093,588,877,-289
102000094,1591,799,792
102000095,1434,2006,-572
102000096,1251,1395,-144
102000097,1589,1725,-136
102000098,818,1510,-692
102000099,1874,985,889
102000100,1109,1661,-552
102000101,2296,1160,1136
102000102,512,5259,-4747
102000103,2227,759,1468
102000104,1881,602,1279
102000105,401,1370,-969
102000106,930,1540,-610
102000107,1398,833,565
102000108,907,615,292
102000109,980,961,19
102000110,869,2418,-1549
102000111,22,586,-564
102000112,177,177,0
102000113,14,58,-44
102000114,1560,532,1028
102000115,297,426,-129
102000116,974,499,475
102000117,472,737,-265
102000118,3390,1613,1777
102000119,3788,932,2856
102000120,298,789,-491
102000121,1343,772,571
102000122,816,1402,-586
102000123,2018,1777,241
102000124,1837,1627,210
102000125,1001,1806,-805
102000126,785,1053,-268
102000127,1405,1288,117
102000128,925,1547,-622
102000129,1650,1361,289
102000130,712,1069,-357
102000131,3129,1201,1928
102000132,1153,1224,-71
102000133,1702,3403,-1701
102000134,865,1242,-377
102000135,1359,2083,-724
102000136,1706,1207,499
102000137,1417,1292,125
102000138,277,631,-354
102000139,120,453,-333
102000140,377,316,61
102000141,463,750,-287
102000142,448,501,-53
102000143,194,651,-457
102000144,307,490,-183
102000145,399,672,-273
102000146,555,372,183
102000147,464,552,-88
102000148,388,676,-288
102000149,235,925,-690
102000150,316,538,-222
102000151,218,557,-339
102000152,138,323,-185
102000153,1388,697,691
102000154,789,1042,-253
102000155,169,468,-299
102000156,967,122,845
102000157,352,289,63
102000158,1241,933,308
102000159,2264,722,1542
102000161,6370,3055,3315
102000162,375,254,121
102000163,177,796,-619
102000164,1653,1498,155
102000165,423,246,177
102000166,37,212,-175
102000167,340,333,7
102000168,338,152,186
102000169,144,1176,-1032
102000170,1041,251,790
102000171,504,109,395
102000172,539,575,-36
102000173,1141,421,720
102000174,60,88,-28
102000175,181,252,-71
102000176,57,75,-18
102000178,458,835,-377
102000179,668,288,380
102000180,859,923,-64
102000181,642,883,-241
102000182,599,920,-321
102000183,1895,2778,-883
102000184,2134,1272,862
102000185,3024,1968,1056
102000186,1359,3175,-1816
102000187,757,2557,-1800
102000188,1014,2227,-1213
102000189,4389,1377,3012
102000190,884,4521,-3637
102000191,1767,878,889
102000192,1338,1718,-380
102000193,94,226,-132
102000194,210,235,-25
102000195,963,870,93
102000196,232,785,-553
102000197,632,712,-80
102000198,249,1290,-1041
102000199,1036,524,512
102000200,530,1742,-1212
102000201,837,802,35
102000202,3,200,-197
102000203,495,545,-50
102000204,571,1685,-1114
102000205,1553,960,593
102000206,1382,1167,215
102000207,1903,744,1159
102000208,856,966,-110
102000209,55,52,3
102000210,454,767,-313
102000211,741,686,55
102000212,267,30,237
102000213,8,557,-549
102000214,259,38,221
102000215,10,734,-724
102000216,64,90,-26
102000217,5,301,-296
102000218,246,234,12
102000219,629,474,155
102000225,933,1049,-116
102000226,7584,1328,6256
102000227,436,2,434
102000228,1,171,-170
102000229,56,42,14
102000230,327,784,-457
102000231,435,763,-328
102000232,28,470,-442
102000233,656,1763,-1107
102000234,120,1573,-1453
102000236,305,155,150
102000237,1337,240,1097
102000238,227,686,-459
102000240,1005,760,245
102000241,262,198,64
102000243,12,188,-176
102000245,38,126,-88
102000246,15,67,-52
102000247,1810,1726,84
102000248,956,1001,-45
102000249,160,270,-110
102000250,41,607,-566
102000254,81,621,-540
102000266,60,278,-218
102000271,88,1,87
102000286,798,625,173
102000297,2965,1878,1087
102000299,0,0,0
102000301,0,1,-1
102000305,0,1,-1
102000307,0,2,-2
102900001,1725,1524,201
102900002,438,41,397
102900003,66,402,-336
102900005,339,527,-188
102900006,672,421,251
102900007,370,24,346
102900008,289,150,139
102900009,751,409,342
102900010,913,442,471
102900011,3069,773,2296
102900012,461,98,363
102900013,29,90,-61
102900015,1164,633,531
102900016,61,149,-88
102900017,179,894,-715
102900018,43,199,-156
102900019,858,1223,-365
102900020,192,71,121
102900021,29,147,-118
102900022,769,132,637
102900023,38,108,-70
102900024,58,82,-24
102900025,436,174,262
102900026,1313,2130,-817
102900027,61,112,-51
102900028,177,1131,-954
102900029,171,264,-93
102900030,701,480,221
102900031,178,220,-42
102900032,103,162,-59
102900033,126,305,-179
102900034,457,196,261
102900035,160,614,-454
102900036,321,831,-510
102900037,265,1198,-933
102900038,610,1166,-556
102900039,61,528,-467
102900040,268,387,-119
102900041,98,343,-245
102900042,250,639,-389
102900043,194,440,-246
102900044,912,2910,-1998
102900045,128,841,-713
102900046,120,397,-277
102900047,140,1015,-875
102900048,831,1027,-196
102900049,120,587,-467
102900050,433,598,-165
102900051,218,381,-163
102900052,72,48,24
102900053,481,1240,-759
102900054,1352,1540,-188
102900055,206,215,-9
102900056,218,710,-492
102900057,8,56,-48
102900058,408,138,270
102900059,40,48,-8
102900060,226,654,-428
102900061,152,752,-600
102900062,254,1917,-1663
102900063,1403,656,747
102900064,269,858,-589
102900065,2657,753,1904
102900066,490,90,400
102900068,180,93,87
102900070,432,892,-460
102900072,34,83,-49
102900073,220,17,203
102900075,56,74,-18
102900076,346,131,215
102900077,67,52,15
102900078,68,158,-90
102900079,364,14,350
102900080,427,35,392
102900081,75,397,-322
102900082,11,326,-315
102900083,512,18,494
102900084,16,51,-35
102900085,274,153,121
102900086,5,74,-69
102900087,105,162,-57
102900088,109,59,50
102900089,410,214,196
102900090,0,697,-697
102900091,223,5,218
102900092,387,1513,-1126
102900093,334,397,-63
102900094,4,95,-91
102900095,282,8,274
102900096,95,30,65
102900097,3,180,-177
102900098,44,13,31
103000001,3426,4085,-659
103000002,4502,3768,734
103000003,8952,4555,4397
103000004,1307,1018,289
103000005,3324,5185,-1861
103000006,949,2261,-1312
103000007,643,1131,-488
103000008,1910,1449,461
103000009,1990,1658,332
103000010,192,193,-1
103000011,2016,1795,221
103000012,1368,1976,-608
103000013,8883,2991,5892
103000014,1999,4662,-2663
103000015,3992,1099,2893
103000016,669,2147,-1478
103000017,258,672,-414
103000018,1694,534,1160
103000019,279,404,-125
103000020,4477,2240,2237
103000021,3494,2174,1320
103000022,1366,1734,-368
103000023,841,2839,-1998
103000024,117,284,-167
103000025,108,914,-806
103000026,2146,212,1934
103000027,386,925,-539
103000028,779,589,190
103000029,328,341,-13
103000030,2606,1034,1572
103000031,2250,3398,-1148
103000032,2365,2602,-237
103000033,3705,4125,-420
103000034,2184,1614,570
103000035,632,2165,-1533
103000036,633,837,-204
103000037,776,748,28
103000038,799,1844,-1045
103000039,414,792,-378
103000040,501,2126,-1625
103000041,2075,3748,-1673
103000042,1280,1078,202
103000043,599,1964,-1365
103000044,161,383,-222
103000046,339,785,-446
103000047,883,985,-102
103000048,211,320,-109
103000049,99,313,-214
103000050,1190,1174,16
103000051,744,905,-161
103000052,1107,762,345
103000053,270,853,-583
103000054,3239,1797,1442
103000055,2250,3243,-993
103000056,731,3003,-2272
103000057,342,552,-210
103000058,656,1371,-715
103000059,487,1186,-699
103000060,1073,1221,-148
103000061,585,1492,-907
103000062,1646,1090,556
103000063,964,1140,-176
103000064,225,430,-205
103000065,5,543,-538
103000066,251,7,244
103000069,268,634,-366
103000070,1339,1443,-104
103000071,1443,509,934
103000072,154,1468,-1314
103000073,825,224,601
103000074,1139,165,974
103000075,187,1316,-1129
103000076,362,543,-181
103000077,70,514,-444
103000078,2756,959,1797
103000079,2238,837,1401
103000080,1554,597,957
103000081,736,1309,-573
103000082,852,387,465
103000083,176,536,-360
103000084,278,18,260
103000085,11,192,-181
103000086,1593,689,904
103000087,408,761,-353
103000088,726,470,256
103000089,544,928,-384
103000090,2452,1108,1344
103000091,865,626,239
103000092,522,421,101
103000093,450,695,-245
103000094,345,162,183
103000095,95,664,-569
103000096,999,238,761
103000097,136,1158,-1022
103000098,1498,333,1165
103000099,605,796,-191
103000100,192,1346,-1154
103000101,1231,252,979
103000102,175,1108,-933
103000103,909,432,477
103000104,130,190,-60
103000105,174,305,-131
103000106,30,111,-81
103000107,484,120,364
103000108,893,835,58
103000109,796,490,306
103000110,773,572,201
103000111,1339,565,774
103000112,812,314,498
103000113,2212,1119,1093
103000114,3970,610,3360
103000115,555,800,-245
103000116,587,800,-213
103000117,370,791,-421
103000118,2658,1451,1207
103000119,2975,1038,1937
103000120,246,110,136
103000121,388,937,-549
103000122,600,429,171
103000125,9,556,-547
103000126,606,17,589
103000127,2,310,-308
103000128,154,3,151
103000129,0,217,-217
103000130,56,48,8
103000131,212,149,63
103000132,123,208,-85
103000133,16,122,-106
103000134,1019,1353,-334
103000135,1313,395,918
103000136,1443,647,796
103000137,1206,901,305
103000138,1490,1083,407
103000139,6,89,-83
103000140,272,42,230
103000141,60,168,-108
103000142,137,120,17
103000143,183,372,-189
103000144,270,133,137
103000145,59,30,29
103000150,104,102,2
103000152,657,343,314
103000153,568,274,294
103000156,11,572,-561
103000157,427,9,418
103000159,262,175,87
103000162,203,29,174
103000163,16,37,-21
103000164,51,30,21
103000165,422,636,-214
103000166,299,393,-94
103000167,638,155,483
103000168,109,251,-142
103000169,336,681,-345
103000170,706,736,-30
103000171,44,92,-48
103000172,451,518,-67
103000173,559,1358,-799
103000174,215,511,-296
103000175,203,551,-348
103000176,1443,638,805
103000177,1320,615,705
103000178,387,407,-20
103000179,217,51,166
103000183,145,35,110
103000185,99,135,-36
103000186,118,307,-189
103000187,631,1059,-428
103000188,17,68,-51
103000189,2538,1392,1146
103000191,966,1118,-152
103000292,3626,1820,1806
103000293,1763,2588,-825
103000295,186,134,52
103000296,426,8,418
103000297,187,25,162
103000504,257,54,203
103000505,14,19,-5
103000506,2,372,-370
103000507,271,1,270
103000508,65,40,25
103000509,341,841,-500
103900001,12,625,-613
103900002,3212,269,2943
103900003,3080,167,2913
103900004,116,0,116
103900005,2,303,-301
103900006,5,1,4
103900007,47,19,28
103900008,41,2,39
103900009,300,481,-181
103900010,200,438,-238
103900011,301,322,-21
103900012,14,33,-19
103900013,46,99,-53
103900014,69,42,27
103900015,46,18,28
103900016,365,306,59
103900017,33,138,-105
103900018,955,287,668
103900019,67,403,-336
103900020,326,676,-350
103900021,1233,78,1155
103900022,1719,1018,701
103900023,141,4,137
103900024,154,1274,-1120
103900025,20,101,-81
103900026,2,0,2
103900027,901,556,345
103900028,23,351,-328
103900029,1466,236,1230
103900030,736,43,693
103900031,24,0,24
103900032,86,82,4
103900033,507,20,487
103900034,31,458,-427
103900035,85,94,-9
103900036,119,50,69
103900037,207,50,157
103900038,114,262,-148
103900039,65,534,-469
103900040,21,298,-277
103900041,64,54,10
103900042,63,600,-537
103900043,178,238,-60
103900044,470,453,17
103900045,343,253,90
103900047,108,25,83
103900048,81,31,50
103900049,320,2156,-1836
103900050,10,136,-126
103900051,2,35,-33
103900052,277,831,-554
103900053,261,1692,-1431
103900054,79,797,-718
103900055,608,368,240
103900056,45,56,-11
103900057,38,386,-348
103900058,255,1190,-935
103900059,1,1,0
103900060,64,413,-349
103900061,169,111,58
103900062,465,212,253
103900063,0,0,0
103900064,117,8,109
103900065,1017,666,351
103900066,189,24,165
103900067,227,9,218
103900068,1,0,1
103900069,170,21,149
103900070,200,453,-253
103900071,22,233,-211
103900072,9,447,-438
103900073,52,66,-14
103900074,74,148,-74
103900075,232,183,49
103900076,527,1177,-650
103900077,126,162,-36
103900078,246,214,32
103900079,106,346,-240
103900080,12,50,-38
103900081,168,28,140
103900082,10,152,-142
103900083,2839,1805,1034
103900084,88,277,-189
103900085,129,242,-113
103900086,842,507,335
103900088,512,483,29
103900089,53,316,-263
103900090,28,550,-522
103900091,1240,328,912
103900092,1892,703,1189
103900093,143,542,-399
103900094,8,189,-181
103900095,1505,259,1246
103900096,33,378,-345
103900097,13,818,-805
103900098,287,178,109
103900099,74,384,-310
103900100,283,566,-283
103900101,82,1535,-1453
103900102,2,39,-37
103900104,1,56,-55
103900105,145,319,-174
103900106,0,17,-17
103900107,216,421,-205
103900108,42,614,-572
103900109,104,107,-3
103900110,348,98,250
103900111,102,1327,-1225
103900112,56,51,5
103900113,204,343,-139
103900114,879,571,308
103900115,349,440,-91
103900116,10807,3977,6830
103900117,230,173,57
103900119,33,61,-28
103900120,76,221,-145
103900122,79,446,-367
103900123,3067,829,2238
103900124,89,712,-623
103900125,158,127,31
103900126,633,893,-260
103900127,153,1036,-883
103900128,90,278,-188
103900131,25,183,-158
103900133,1531,20,1511
103900134,1,5,-4
103900135,12,16,-4
103900137,4,128,-124
103900138,98,485,-387
103900139,550,2291,-1741
103900140,6,102,-96
103900141,455,127,328
103900142,277,435,-158
103900143,41,3,38
103900144,5,169,-164
103900145,196,578,-382
103900146,450,631,-181
103900147,585,214,371
103900148,286,333,-47
103900149,281,1089,-808
103900150,13033,5621,7412
103900151,43,238,-195
103900152,540,944,-404
103900153,25,1,24
103900154,2052,3681,-1629
103900155,31,410,-379
103900156,21,301,-280
103900157,61,509,-448
103900158,62,396,-334
103900159,162,142,20
103900160,76,22,54
103900161,159,340,-181
103900162,71,419,-348
103900163,8,847,-839
103900167,23,134,-111
103900168,168,217,-49
103900169,43,69,-26
103900170,1,196,-195
103900171,1,118,-117
103900172,15,59,-44
103900173,10,25,-15
103900174,161,72,89
103900175,103,93,10
103900176,11,29,-18
103900177,12,60,-48
103900178,88,162,-74
103900179,41,402,-361
103900180,24,221,-197
103900181,101,88,13
103900182,41,37,4
103900184,934,119,815
103900185,602,297,305
103900187,134,106,28
103900188,74,38,36
103900189,123,14,109
103900190,193,73,120
103900191,50,82,-32
103900192,47,131,-84
103900193,285,273,12
103900194,150,529,-379
103900195,7,60,-53
103900196,43,45,-2
103900197,21,40,-19
103900198,16,70,-54
103900199,223,85,138
103900200,206,234,-28
103900201,131,334,-203
103900202,2,58,-56
103900203,69,45,24
103900204,2,195,-193
103900207,1,293,-292
103900208,106,5,101
103900209,21,167,-146
103900210,83,28,55
103900211,731,1042,-311
103900212,172,718,-546
103900213,363,333,30
103900214,835,229,606
103900215,927,359,568
103900216,17,620,-603
103900217,548,57,491
103900218,2,603,-601
103900219,208,573,-365
103900233,132,11,121
103900235,123,37,86
103900236,66,4,62
103900242,2,27,-25
103900243,12,33,-21
103900244,109,696,-587
103900245,181,371,-190
103900246,75,70,5
103900247,173,186,-13
103900248,8,47,-39
103900249,46,80,-34
103900250,109,38,71
103900251,1,56,-55
103900253,92,102,-10
103900254,20,30,-10
103900255,87,36,51
103900256,107,63,44
103900257,244,303,-59
103900258,150,14,136
103900259,115,17,98
103900261,16,3,13
103900262,35,10,25
103900263,105,160,-55
103900264,93,78,15
103900265,84,17,67
103900266,1,119,-118
103900267,17,104,-87
103900268,13,154,-141
103900269,157,42,115
103900270,46,227,-181
103900271,31,251,-220
103900272,88,170,-82
103900273,39,174,-135
103900274,87,22,65
103900275,52,12,40
103900276,6,342,-336
103900277,9,327,-318
103900278,36,171,-135
103900279,4,27,-23
103900280,1,193,-192
104000001,2969,3393,-424
104000002,2662,5240,-2578
104000003,3504,3589,-85
104000004,4442,4620,-178
104000005,1965,3062,-1097
104000006,3526,4797,-1271
104000007,5935,6169,-234
104000008,551,608,-57
104000009,277,170,107
104000010,196,321,-125
104000011,1318,550,768
104000012,285,687,-402
104000013,226,249,-23
104000014,390,1208,-818
104000015,353,276,77
104000016,802,688,114
104000018,928,216,712
104000019,775,221,554
104000020,249,864,-615
104000021,435,827,-392
104000022,191,422,-231
104000023,696,546,150
104000024,359,532,-173
104000026,72,548,-476
104000027,533,619,-86
104000028,516,444,72
104000029,517,798,-281
104000030,323,378,-55
104000031,1289,548,741
104000032,300,539,-239
104000033,725,608,117
104000034,425,569,-144
104000035,1065,614,451
104000036,900,950,-50
104000037,410,430,-20
104000038,413,481,-68
104000039,266,485,-219
104000040,680,612,68
104000041,633,494,139
104000042,386,637,-251
104000043,331,596,-265
104000044,314,1115,-801
104000045,1591,1912,-321
104000046,2152,2345,-193
104000047,1180,1895,-715
104000048,1573,2634,-1061
104000049,719,604,115
104000050,253,1190,-937
104000051,165,1069,-904
104000052,1778,2626,-848
104000053,1302,1044,258
104000054,840,819,21
104000055,7122,4014,3108
104000056,2379,412,1967
104000057,227,667,-440
104000058,868,1171,-303
104000059,870,2162,-1292
104000060,1382,1783,-401
104000061,2305,1863,442
104000062,401,287,114
104000064,926,664,262
104000065,352,707,-355
104000069,2651,1577,1074
104000070,111,657,-546
104000071,192,649,-457
104000072,908,434,474
104000075,101,605,-504
104000076,861,206,655
104000082,3765,4305,-540
104000083,1118,418,700
104000084,161,781,-620
104000085,409,445,-36
104000086,298,591,-293
104000087,584,2435,-1851
104000090,982,2558,-1576
104000092,1438,4200,-2762
104000094,1582,3146,-1564
104000095,2407,2166,241
104000096,1909,868,1041
104000097,2177,1789,388
104000098,2136,1898,238
104000100,2196,986,1210
104000101,1724,4698,-2974
104000106,263,894,-631
104000107,867,794,73
104000108,475,1018,-543
104000109,419,157,262
104000110,1145,1573,-428
104000111,7969,3778,4191
104000112,3493,950,2543
104000116,5,2023,-2018
104000117,187,1858,-1671
104000118,631,436,195
104000119,693,490,203
104000120,299,1730,-1431
104000121,248,1135,-887
104000122,729,1066,-337
104000123,1830,1850,-20
104000124,1874,4301,-2427
104000125,8826,5684,3142
104000126,469,651,-182
104000127,2162,5108,-2946
104000128,1154,657,497
104000129,777,63,714
104000130,6,386,-380
104000131,2189,641,1548
104000132,1430,856,574
104000133,1547,1554,-7
104000134,1023,2541,-1518
104000135,474,2401,-1927
104000136,1009,5475,-4466
104000137,1839,541,1298
104000138,1551,907,644
104000139,11952,4704,7248
104000141,1274,2479,-1205
104000142,851,1251,-400
104000143,795,928,-133
104000144,154,354,-200
104000145,675,307,368
104000146,556,1021,-465
104000147,182,556,-374
104000148,375,235,140
104000149,238,514,-276
104000150,1252,852,400
104000151,482,773,-291
104000152,821,1042,-221
104000153,686,717,-31
104000154,1616,1072,544
104000155,508,612,-104
104000157,1406,2613,-1207
104000158,499,615,-116
104000159,1154,642,512
104000160,2372,2713,-341
104000161,428,272,156
104000162,33,230,-197
104000165,2024,1820,204
104000167,724,1183,-459
104000168,1049,19,1030
104000169,132,82,50
104000170,776,710,66
104000248,493,1542,-1049
104000251,100,361,-261
104000272,0,0,0
104000273,0,0,0
104000274,0,0,0
104000275,0,0,0
104000279,929,690,239
104000290,128,526,-398
104000291,1062,1992,-930
104000293,1320,978,342
104000294,17,0,17
104000295,944,1373,-429
104000296,530,1485,-955
104000297,1303,2696,-1393
104000298,2885,1633,1252
104000299,1179,2892,-1713
104900001,221,675,-454
104900002,68,210,-142
104900003,67,487,-420
104900004,119,522,-403
104900005,299,320,-21
104900006,375,163,212
104900007,348,363,-15
104900009,168,633,-465
104900010,83,72,11
104900011,9,5,4
104900012,232,32,200
104900013,164,19,145
104900014,5219,485,4734
104900015,224,8,216
104900016,250,531,-281
104900017,217,324,-107
104900018,16,287,-271
104900019,648,3290,-2642
104900020,88,485,-397
104900021,0,361,-361
104900022,16,202,-186
104900023,0,179,-179
104900024,35,182,-147
104900025,109,713,-604
104900026,3,181,-178
104900027,653,427,226
104900028,19,133,-114
104900029,51,136,-85
104900030,686,369,317
104900031,147,368,-221
104900032,41,280,-239
104900033,190,384,-194
104900034,438,195,243
104900035,264,268,-4
104900036,194,123,71
104900037,170,478,-308
104900038,1005,994,11
104900039,1052,231,821
104900040,395,147,248
104900041,258,248,10
104900042,152,599,-447
104900043,10,72,-62
104900044,574,344,230
104900045,605,98,507
104900046,171,255,-84
104900047,332,267,65
104900048,337,150,187
104900049,15,14,1
104900050,272,191,81
104900051,414,75,339
104900052,46,1,45
104900053,624,115,509
104900054,160,163,-3
104900055,79,1,78
104900056,181,22,159
104900057,34,2,32
104900058,1996,333,1663
104900059,39,45,-6
104900060,2,614,-612
104900061,450,976,-526
104900063,0,197,-197
104900064,0,167,-167
104900065,0,209,-209
104900066,4,272,-268
104900067,7,401,-394
104900068,16,369,-353
104900070,232,356,-124
104900071,6,1241,-1235
104900072,66,299,-233
104900073,71,514,-443
104900074,111,308,-197
104900075,66,169,-103
104900076,142,578,-436
104900077,2525,249,2276
104900078,218,956,-738
104900079,234,682,-448
104900080,90,817,-727
104900082,17,574,-557
104900085,5,308,-303
104900087,548,4,544
104900089,129,1,128
104900090,1020,840,180
104900091,619,1254,-635
104900093,305,943,-638
104900097,5481,2648,2833
104900098,101,71,30
104900099,189,820,-631
104900100,1402,464,938
104900102,36,493,-457
104900103,744,200,544
104900104,5743,2447,3296
104900106,56,177,-121
104900107,144,458,-314
104900108,41,604,-563
104900109,110,820,-710
104900110,8,57,-49
104900111,168,217,-49
104900112,407,1529,-1122
104900113,788,703,85
104900114,408,1080,-672
104900115,858,893,-35
104900116,326,438,-112
104900118,39,109,-70
104900119,0,37,-37
104900120,161,111,50
104900121,0,158,-158
104900122,7,150,-143
104900123,37,5,32
104900124,38,0,38
104900125,659,15,644
104900126,118,97,21
104900127,58,87,-29
104900128,104,170,-66
104900129,4482,3009,1473
105000001,3782,2568,1214
105000002,4051,2849,1202
105000003,6617,5554,1063
105000004,816,2222,-1406
105000005,863,2033,-1170
105000006,2131,2841,-710
105000007,2216,2174,42
105000008,3150,3819,-669
105000009,2378,4404,-2026
105000010,5212,4648,564
105000011,2926,3594,-668
105000012,5520,4590,930
105000013,1270,1672,-402
105000014,1860,2970,-1110
105000015,11305,12894,-1589
105000016,6146,3560,2586
105000017,3513,1459,2054
105000018,2635,2056,579
105000019,2805,1577,1228
105000020,548,615,-67
105000021,607,238,369
105000022,365,86,279
105000023,657,305,352
105000028,95,220,-125
105000029,566,1685,-1119
105000030,6199,5769,430
105000033,1686,3227,-1541
105000034,372,1143,-771
105000037,959,740,219
105000038,2093,2239,-146
105000039,3700,2774,926
105000040,909,1454,-545
105000041,760,1937,-1177
105000042,3125,1880,1245
105000043,2491,3028,-537
105000044,502,605,-103
105000045,461,1226,-765
105000046,1030,542,488
105000047,603,2132,-1529
105000048,954,389,565
105000049,401,1323,-922
105000050,817,593,224
105000051,381,1071,-690
105000052,704,1502,-798
105000053,231,369,-138
105000054,540,1534,-994
105000055,1476,669,807
105000056,1595,4169,-2574
105000057,1629,1491,138
105000058,2608,2473,135
105000059,863,899,-36
105000060,909,1156,-247
105000061,825,893,-68
105000062,1394,1865,-471
105000063,522,1205,-683
105000064,1758,1113,645
105000065,690,1443,-753
105000066,2141,3247,-1106
105000067,1831,948,883
105000068,1466,1696,-230
105000069,6640,1884,4756
105000070,1550,1207,343
105000071,1044,1141,-97
105000072,1655,3115,-1460
105000073,1590,972,618
105000074,2130,1464,666
105000075,1462,1223,239
105000076,2713,1575,1138
105000077,3793,1295,2498
105000078,2687,1742,945
105000079,3367,2470,897
105000080,3383,1516,1867
105000081,3551,1064,2487
105000082,2079,981,1098
105000083,3810,1365,2445
105000084,1405,1477,-72
105000085,2238,1609,629
105000086,760,1597,-837
105000087,4427,3100,1327
105000088,2064,2285,-221
105000089,4062,3440,622
105000090,1420,1323,97
105000091,2114,2477,-363
105000092,1478,1849,-371
105000093,655,300,355
105000094,399,399,0
105000095,152,722,-570
105000096,1879,1184,695
105000097,1884,1214,670
105000098,2652,889,1763
105000099,2918,1361,1557
105000100,1483,2072,-589
105000101,2568,3455,-887
105000102,2955,2473,482
105000103,2400,3840,-1440
105000104,2985,1744,1241
105000105,1578,3813,-2235
105000106,1985,2691,-706
105000107,1550,1850,-300
105000108,1681,3190,-1509
105000109,1901,2761,-860
105000110,771,1777,-1006
105000111,962,1141,-179
105000112,1729,1602,127
105000113,644,1122,-478
105000114,7091,1883,5208
105000115,639,1437,-798
105000116,1156,834,322
105000117,1204,2183,-979
105000118,563,553,10
105000119,796,2076,-1280
105000120,1161,896,265
105000121,1244,2234,-990
105000122,545,870,-325
105000123,1902,2429,-527
105000124,2247,1408,839
105000125,1261,3203,-1942
105000126,3055,3572,-517
105000127,3360,3204,156
105000128,988,2269,-1281
105000129,1544,486,1058
105000130,347,2800,-2453
105000131,1089,896,193
105000132,1123,906,217
105000133,709,1871,-1162
105000134,1283,883,400
105000135,836,1222,-386
105000136,198,662,-464
105000137,410,347,63
105000138,309,635,-326
105000139,1686,1611,75
105000140,310,701,-391
105000141,363,1064,-701
105000142,179,724,-545
105000143,366,1326,-960
105000144,530,1340,-810
105000145,997,666,331
105000146,811,1400,-589
105000147,689,685,4
105000148,1512,1086,426
105000149,3039,3047,-8
105000150,3291,2375,916
105000151,685,623,62
105000152,323,1083,-760
105000153,1136,871,265
105000154,1436,1598,-162
105000155,539,1034,-495
105000156,1487,1631,-144
105000157,1429,3817,-2388
105000158,3049,1211,1838
105000159,360,2386,-2026
105000160,2697,978,1719
105000161,1349,2805,-1456
105000162,1212,2752,-1540
105000163,3396,1862,1534
105000164,234,429,-195
105000165,4076,8202,-4126
105000166,11952,841,11111
105000167,5459,2470,2989
105000168,449,1519,-1070
105000169,695,645,50
105000170,323,2415,-2092
105000171,1618,673,945
105000172,199,86,113
105000173,158,66,92
105000174,76,47,29
105000175,98,254,-156
105000176,367,159,208
105000177,379,233,146
105000178,200,1359,-1159
105000179,403,241,162
105000180,158,183,-25
105000181,130,851,-721
105000182,45,76,-31
105000183,5014,3266,1748
105000184,1221,1298,-77
105000185,1561,1114,447
105000186,548,1120,-572
105000187,913,340,573
105000188,733,183,550
105000189,384,776,-392
105000190,554,457,97
105000191,570,440,130
105000192,520,99,421
105000193,312,218,94
105000194,308,92,216
105000195,470,1760,-1290
105000196,33,206,-173
105000197,407,1200,-793
105000198,915,564,351
105000199,630,768,-138
105000200,304,322,-18
105000201,223,33,190
105000203,19,447,-428
105000204,97,148,-51
105000205,98,316,-218
105000207,710,288,422
105000208,382,688,-306
105000209,375,391,-16
105000212,1693,2471,-778
105000213,274,266,8
105000214,126,363,-237
105000215,372,427,-55
105000216,154,529,-375
105000217,262,462,-200
105000218,1204,1670,-466
105000221,371,529,-158
105000222,516,64,452
105000223,344,309,35
105000226,101,618,-517
105000227,71,417,-346
105000228,463,1580,-1117
105000229,205,467,-262
105000231,377,479,-102
105000233,782,734,48
105000234,734,2277,-1543
105000235,553,856,-303
105000237,1180,154,1026
105000243,34,463,-429
105000248,239,96,143
105000262,372,2872,-2500
105000269,139,291,-152
105000270,513,127,386
105000271,3,420,-417
105000282,445,68,377
105000287,418,342,76
105000288,541,886,-345
105000289,4288,1824,2464
105000290,18,3,15
105000402,7564,3936,3628
105000426,1130,762,368
105000438,3633,1033,2600
105000446,22231,8033,14198
105000447,12107,5190,6917
105000454,478,1378,-900
105000455,421,311,110
105000474,33,3,30
105000477,472,773,-301
105000478,2290,4074,-1784
105000479,420,189,231
105000480,5775,3937,1838
105000481,4574,3561,1013
105000482,8792,5711,3081
105000483,1981,2113,-132
105000484,4150,4039,111
105000485,2421,2581,-160
105000486,7105,3912,3193
105000488,8488,6431,2057
105000489,1391,1320,71
105000549,94,250,-156
105000550,991,2203,-1212
105000551,54,188,-134
105000552,6235,3285,2950
105000555,1345,1073,272
105900001,23,1861,-1838
105900002,2604,728,1876
105900003,22,157,-135
105900004,434,194,240
105900005,13,363,-350
105900006,15,105,-90
105900007,56,31,25
105900008,53,1063,-1010
105900009,19,22,-3
105900011,209,111,98
105900012,601,317,284
105900013,4,36,-32
105900014,10,107,-97
105900015,315,626,-311
105900016,447,940,-493
105900017,1355,130,1225
105900018,309,608,-299
105900019,77,770,-693
105900020,55,103,-48
105900021,46,471,-425
105900022,341,548,-207
105900023,5,146,-141
105900024,9,197,-188
105900025,126,62,64
105900026,532,108,424
105900027,9086,7180,1906
105900028,529,194,335
105900029,3435,599,2836
105900030,386,370,16
105900031,696,281,415
105900032,93,199,-106
105900033,235,216,19
105900034,316,331,-15
105900035,317,286,31
105900036,55,255,-200
105900037,99,141,-42
105900038,182,672,-490
105900039,106,303,-197
105900040,116,159,-43
105900041,224,818,-594
105900042,100,174,-74
105900043,3974,89,3885
105900044,11,413,-402
105900045,8,1253,-1245
105900046,29,397,-368
105900047,15,61,-46
105900048,117,817,-700
105900050,4755,1898,2857
105900051,17,2242,-2225
105900052,739,173,566
105900053,6061,3741,2320
105900054,423,477,-54
105900056,1422,372,1050
105900057,65,245,-180
105900058,25,72,-47
105900059,0,65,-65
106000001,5918,3443,2475
106000002,4094,7634,-3540
106000003,4350,5662,-1312
106000004,3586,4373,-787
106000005,3463,8280,-4817
106000006,8879,7578,1301
106000007,536,761,-225
106000008,499,483,16
106000009,635,553,82
106000010,784,761,23
106000011,1143,1511,-368
106000012,1212,2405,-1193
106000013,2287,2617,-330
106000014,2783,2823,-40
106000015,1858,1753,105
106000016,1671,3596,-1925
106000017,826,1038,-212
106000018,922,846,76
106000019,495,628,-133
106000020,363,643,-280
106000021,336,664,-328
106000022,471,407,64
106000023,864,555,309
106000024,1026,1158,-132
106000025,107,308,-201
106000026,115,415,-300
106000027,1298,2088,-790
106000028,703,931,-228
106000029,1114,1725,-611
106000030,1201,515,686
106000034,256,986,-730
106000035,1184,2268,-1084
106000036,476,674,-198
106000037,2964,2363,601
106000038,691,174,517
106000039,377,152,225
106000040,371,1036,-665
106000041,1310,674,636
106000043,905,257,648
106000046,521,84,437
106000047,57,680,-623
106000049,1044,293,751
106000050,486,1443,-957
106000051,1076,587,489
106000052,106,1085,-979
106000053,258,205,53
106000054,454,768,-314
106000055,1147,1844,-697
106000056,381,627,-246
106000057,334,446,-112
106000058,207,341,-134
106000059,355,386,-31
106000060,720,938,-218
106000061,249,749,-500
106000062,185,927,-742
106000063,757,851,-94
106000064,63,622,-559
106000065,494,423,71
106000066,155,562,-407
106000067,403,165,238
106000068,72,1004,-932
106000069,265,176,89
106000070,540,1269,-729
106000071,1282,522,760
106000072,7320,2808,4512
106000073,2779,4337,-1558
106000074,755,1215,-460
106000075,499,1977,-1478
106000076,2123,2762,-639
106000077,5667,2020,3647
106000078,1150,1516,-366
106000079,830,1560,-730
106000080,1520,1240,280
106000081,682,1747,-1065
106000082,3326,1356,1970
106000083,457,2357,-1900
106000084,1536,1057,479
106000085,2336,2167,169
106000086,803,1313,-510
106000087,1277,1005,272
106000088,477,1128,-651
106000089,1402,639,763
106000090,355,880,-525
106000091,420,1500,-1080
106000092,961,321,640
106000093,349,130,219
106000094,138,561,-423
106000095,830,1742,-912
106000096,1265,1041,224
106000097,1158,1866,-708
106000098,836,1624,-788
106000099,316,1119,-803
106000100,1193,361,832
106000101,957,325,632
106000102,201,883,-682
106000103,318,884,-566
106000104,950,722,228
106000105,499,1227,-728
106000106,647,796,-149
106000107,167,627,-460
106000108,242,442,-200
106000109,124,553,-429
106000110,235,352,-117
106000111,174,744,-570
106000112,197,704,-507
106000113,1552,882,670
106000114,614,646,-32
106000115,348,839,-491
106000116,264,360,-96
106000117,1236,1220,16
106000118,1647,1903,-256
106000119,3251,1998,1253
106000120,1040,1384,-344
106000121,245,280,-35
106000122,177,471,-294
106000123,399,341,58
106000124,57,422,-365
106000125,41,419,-378
106000126,249,283,-34
106000127,1140,1459,-319
106000128,863,490,373
106000129,651,991,-340
106000130,810,630,180
106000131,212,1338,-1126
106000132,1356,270,1086
106000133,5288,1911,3377
106000134,1178,1958,-780
106000135,297,1366,-1069
106000136,816,1122,-306
106000137,124,1928,-1804
106000138,1306,136,1170
106000139,40,210,-170
106000140,77,129,-52
106000141,151,148,3
106000142,82,131,-49
106000143,48,125,-77
106000144,22,138,-116
106000145,324,428,-104
106000146,394,291,103
106000147,647,876,-229
106000148,923,1331,-408
106000149,596,666,-70
106000150,875,3355,-2480
106000151,7249,1126,6123
106000152,1942,3068,-1126
106000153,166,2132,-1966
106000154,2068,402,1666
106000155,109,386,-277
106000156,987,553,434
106000157,1010,3091,-2081
106000158,4905,1372,3533
106000159,7120,2409,4711
106000160,394,4459,-4065
106000161,2117,822,1295
106000162,230,1428,-1198
106000163,463,866,-403
106000164,428,583,-155
106000165,260,1136,-876
106000166,1605,456,1149
106000167,657,1913,-1256
106000168,474,362,112
106000169,208,1080,-872
106000170,1024,404,620
106000171,208,1719,-1511
106000172,4800,1455,3345
106000173,1746,4374,-2628
106000174,1428,533,895
106000175,493,1666,-1173
106000176,2171,1268,903
106000177,1170,3852,-2682
106000178,4418,2521,1897
106000179,1606,3476,-1870
106000180,1337,2494,-1157
106000181,830,2924,-2094
106000182,1240,1297,-57
106000183,1328,1421,-93
106000184,1926,1590,336
106000185,1144,1594,-450
106000186,1483,202,1281
106000187,313,1610,-1297
106000188,2,2,0
106000189,13,66,-53
106000190,9,5,4
106000191,774,274,500
106000192,1,62,-61
106000193,489,257,232
106000194,221,587,-366
106000195,601,204,397
106000196,183,650,-467
106000197,546,516,30
106000198,209,401,-192
106000199,1250,1111,139
106000200,670,300,370
106000201,912,3372,-2460
106000202,10097,1140,8957
106000203,255,255,0
106000204,117,9,108
106000205,23,170,-147
106000206,107,41,66
106000207,66,1345,-1279
106000208,1274,221,1053
106000209,1699,521,1178
106000210,304,2072,-1768
106000211,471,2163,-1692
106000212,1104,388,716
106000213,1405,2094,-689
106000214,4509,928,3581
106000215,345,794,-449
106000216,405,564,-159
106000217,377,728,-351
106000218,600,645,-45
106000219,222,424,-202
106000220,492,513,-21
106000221,173,363,-190
106000222,72,205,-133
106000223,132,214,-82
106000224,319,431,-112
106000225,142,139,3
106000226,258,506,-248
106000228,63,211,-148
106000229,126,1112,-986
106000231,1132,279,853
106000232,117,559,-442
106000233,742,243,499
106000234,120,279,-159
106000235,434,161,273
106000236,188,90,98
106000237,7,7,0
106000238,59,12,47
106000239,3,180,-177
106000240,60,9,51
106000241,12,1004,-992
106000242,279,38,241
106000249,99,172,-73
106000250,91,793,-702
106000251,83,74,9
106000252,18,126,-108
106000253,45,81,-36
106000254,68,88,-20
106000255,17,207,-190
106000256,126,113,13
106000257,267,417,-150
106000258,234,35,199
106000259,11,42,-31
106000260,38,20,18
106000261,13,49,-36
106000262,109,38,71
106000263,21,72,-51
106000264,231,26,205
106000265,14,182,-168
106000266,269,38,231
106000267,7,112,-105
106000268,797,42,755
106000269,64,81,-17
106000270,245,761,-516
106000271,88,262,-174
106000272,193,93,100
106000273,16,321,-305
106000274,289,59,230
106000275,255,365,-110
106000276,238,70,168
106000277,214,276,-62
106000278,244,53,191
106000279,10,116,-106
106000280,74,292,-218
106000281,131,151,-20
106000282,107,73,34
106000283,123,187,-64
106000284,53,171,-118
106000285,151,190,-39
106000286,106,199,-93
106000287,104,163,-59
106000288,99,256,-157
106000289,96,144,-48
106000290,136,175,-39
106000291,141,160,-19
106000292,132,215,-83
106000293,185,154,31
106000294,186,200,-14
106000295,54,83,-29
106000296,82,193,-111
106000297,101,392,-291
106000298,223,114,109
106000299,98,236,-138
106000300,86,150,-64
106000301,97,204,-107
106000303,46,138,-92
106000304,69,51,18
106000305,41,50,-9
106000306,91,114,-23
106000307,60,20,40
106000308,36,269,-233
106000309,28,107,-79
106000310,398,866,-468
106000311,394,277,117
106000312,112,338,-226
106000313,206,386,-180
106000318,230,452,-222
106000319,1161,232,929
106000320,2,58,-56
106000321,536,88,448
106000322,135,303,-168
106000324,6,203,-197
106000325,1954,1358,596
106000326,1375,2848,-1473
106000327,134,185,-51
106000328,18,128,-110
106000329,134,506,-372
106000330,40,101,-61
106000428,78,271,-193
106000429,152,838,-686
106000430,546,2107,-1561
106000431,2280,672,1608
106000432,2785,4620,-1835
106000433,2681,1574,1107
106000434,4997,2156,2841
106000435,3232,4500,-1268
106000436,33,441,-408
106000437,347,52,295
106000438,676,246,430
106000439,74,803,-729
106000440,244,616,-372
106000441,1,1,0
106000442,320,8,312
106000443,127,644,-517
106000450,4,315,-311
106000451,47,76,-29
106000454,8,183,-175
106000455,39,245,-206
106000456,188,54,134
106000457,5,1343,-1338
106000458,687,369,318
106000459,156,463,-307
106000460,1162,71,1091
106000461,101,2260,-2159
106000462,0,37,-37
106000463,1,57,-56
106000464,3,706,-703
106000465,558,8,550
106000466,9,1035,-1026
106000467,821,902,-81
106000468,74,381,-307
106000469,498,6,492
106000470,353,2675,-2322
106000471,48,976,-928
106000472,236,30,206
106000473,39,41,-2
106000474,429,1017,-588
106000475,390,202,188
106000476,268,239,29
106000477,33,219,-186
106000480,0,235,-235
106900001,1,30,-29
106900002,4,807,-803
106900003,316,1270,-954
106900004,2,109,-107
106900006,1,31,-30
106900007,0,32,-32
106900008,300,434,-134
106900009,388,636,-248
106900010,300,578,-278
106900012,3824,2755,1069
106900013,676,173,503
106900014,55,3,52
106900015,24,0,24
106900016,353,7,346
106900017,3,0,3
106900018,1,0,1
106900019,38,1,37
106900020,4385,1931,2454
106900021,106,95,11
106900022,613,2,611
106900023,36,348,-312
106900024,607,24,583
106900025,88,1011,-923
106900026,2,1159,-1157
106900027,875,11,864
107000001,5433,3612,1821
107000002,7419,7454,-35
107000003,6033,7480,-1447
107000004,7936,8669,-733
107000005,4217,6772,-2555
107000006,5676,10096,-4420
107000007,5705,12975,-7270
107000008,20407,16398,4009
107000009,6876,8352,-1476
107000010,14558,17451,-2893
107000011,1504,1977,-473
107000012,6504,6129,375
107000013,50,168,-118
107000014,46,337,-291
107000015,595,1165,-570
107000016,821,1640,-819
107000017,4396,1330,3066
107000018,24,470,-446
107000020,2237,601,1636
107000021,1610,1087,523
107000022,1242,1590,-348
107000023,2118,490,1628
107000024,653,2358,-1705
107000025,228,636,-408
107000026,244,914,-670
107000027,1592,1705,-113
107000028,1614,2444,-830
107000029,3251,2973,278
107000030,3951,5165,-1214
107000031,4458,3296,1162
107000032,564,1451,-887
107000033,6000,7431,-1431
107000034,7352,3358,3994
107000035,591,319,272
107000036,737,2247,-1510
107000037,112,1187,-1075
107000038,455,363,92
107000039,1292,1019,273
107000040,247,434,-187
107000041,2288,930,1358
107000042,1158,2691,-1533
107000043,4400,1365,3035
107000044,1004,419,585
107000045,235,395,-160
107000046,899,632,267
107000047,689,1193,-504
107000048,965,439,526
107000049,736,1270,-534
107000050,1246,862,384
107000051,819,512,307
107000052,1733,1349,384
107000053,561,381,180
107000054,74,487,-413
107000055,282,238,44
107000056,540,1186,-646
107000057,2166,303,1863
107000058,3112,3366,-254
107000059,3521,5596,-2075
107000060,5152,7419,-2267
107000061,8966,5973,2993
107000062,4664,4252,412
107000063,5696,8962,-3266
107000064,5150,3263,1887
107000065,5739,8406,-2667
107000066,2249,3271,-1022
107000067,1191,1499,-308
107000068,2256,832,1424
107000069,1307,809,498
107000070,799,8,791
107000071,3144,67,3077
107000072,71,5320,-5249
107000073,634,345,289
107000074,153,1369,-1216
107000075,1680,713,967
107000076,1285,2376,-1091
107000077,3950,1492,2458
107000078,2978,4773,-1795
107000079,2999,908,2091
107000080,1670,4606,-2936
107000081,1719,823,896
107000082,805,3425,-2620
107000083,1479,487,992
107000084,588,3231,-2643
107000085,3932,4530,-598
107000086,4861,5507,-646
107000087,4379,3056,1323
107000088,4844,6050,-1206
107000089,1756,2949,-1193
107000090,1726,2124,-398
107000091,1576,1263,313
107000092,1199,2103,-904
107000093,1616,1257,359
107000094,1964,2211,-247
107000095,990,1092,-102
107000096,880,1558,-678
107000097,896,640,256
107000098,573,1179,-606
107000099,706,529,177
107000100,473,549,-76
107000101,135,352,-217
107000102,637,564,73
107000103,439,310,129
107000104,341,659,-318
107000105,477,231,246
107000106,294,646,-352
107000107,632,283,349
107000108,343,1212,-869
107000109,650,243,407
107000110,130,836,-706
107000111,347,53,294
107000112,58,609,-551
107000113,657,158,499
107000114,149,1291,-1142
107000115,584,182,402
107000116,145,1744,-1599
107000117,141,709,-568
107000118,136,490,-354
107000119,2989,1910,1079
107000120,4627,649,3978
107000121,875,1074,-199
107000122,1501,1450,51
107000123,457,1410,-953
107000124,626,1447,-821
107000125,955,1365,-410
107000126,1105,1472,-367
107000129,379,1509,-1130
107000130,651,387,264
107000131,619,1103,-484
107000132,670,456,214
107000133,804,136,668
107000134,278,1,277
107000135,12,411,-399
107000136,909,4,905
107000137,31,624,-593
107000138,465,33,432
107000139,29,633,-604
107000140,1893,103,1790
107000141,136,1309,-1173
107000142,562,97,465
107000143,74,1425,-1351
107000144,562,686,-124
107000145,204,956,-752
107000146,146,518,-372
107000147,4366,1119,3247
107000150,1276,3126,-1850
107000151,58,142,-84
107000152,1089,1111,-22
107000153,774,669,105
107000154,287,247,40
107000155,867,33,834
107000156,1295,49,1246
107000157,38,3020,-2982
107000158,805,33,772
107000159,55,1989,-1934
107000160,1003,150,853
107000161,134,2488,-2354
107000162,233,483,-250
107000163,70,0,70
107000164,562,0,562
107000165,830,2,828
107000166,93,2054,-1961
107000167,684,399,285
107000168,1019,602,417
107000169,1519,1225,294
107000170,2304,1032,1272
107000171,790,3522,-2732
107000172,1235,1602,-367
107000173,946,1944,-998
107000174,1094,5831,-4737
107000175,13336,2660,10676
107000176,1,0,1
107000177,6,2,4
107000178,6,72,-66
107000179,338,4097,-3759
107000180,1357,531,826
107000181,478,2029,-1551
107000182,1901,1358,543
107000183,163,1313,-1150
107000184,1130,1081,49
107000185,522,1801,-1279
107000186,1190,445,745
107000187,1576,2091,-515
107000188,727,825,-98
107000189,507,1536,-1029
107000190,797,1193,-396
107000191,925,1533,-608
107000192,2414,1576,838
107000193,520,720,-200
107000194,1424,1253,171
107000197,979,346,633
107000198,370,1068,-698
107000199,967,1292,-325
107000200,1901,951,950
107000201,487,357,130
107000202,385,718,-333
107000203,1243,808,435
107000204,2104,891,1213
107000205,2580,1550,1030
107000206,1245,1738,-493
107000207,1280,1908,-628
107000208,1968,686,1282
107000209,3158,1670,1488
107000210,1230,665,565
107000211,17,69,-52
107000212,23,674,-651
107000213,12,51,-39
107000214,27,369,-342
107000215,436,736,-300
107000216,418,701,-283
107000217,142,203,-61
107000219,148,158,-10
107000220,251,514,-263
107000222,444,1147,-703
107000224,333,102,231
107000225,212,861,-649
107000226,334,113,221
107000227,110,485,-375
107000228,76,265,-189
107000229,724,295,429
107000230,2046,965,1081
107000231,2457,1284,1173
107000232,177,131,46
107000233,1650,956,694
107000234,1,70,-69
107000235,64,9,55
107000236,20,747,-727
107000237,18,2,16
107000238,24,0,24
107000239,7378,1058,6320
107000240,189,1738,-1549
107000241,153,31,122
107000242,1072,68,1004
107000243,1,128,-127
107000244,10,67,-57
107000246,6,1553,-1547
107000249,7,1394,-1387
107000251,0,374,-374
107000252,7,1664,-1657
107000255,1206,182,1024
107000257,5,746,-741
107000258,1,247,-246
107000259,6,348,-342
107000260,640,11,629
107000262,12,915,-903
107000263,250,5,245
107000266,18,7,11
107000267,110,306,-196
107000268,188,253,-65
107000269,724,46,678
107000270,1,17,-16
107000271,19,1222,-1203
107000272,19,254,-235
107000273,4,288,-284
107000274,1660,265,1395
107000275,31,1026,-995
107000280,815,50,765
107000281,52,1608,-1556
107000282,25,1474,-1449
107000290,4,26,-22
107000291,25,12,13
107000292,3,36,-33
107000293,168,6,162
107000294,1,42,-41
107000295,27,1,26
107000296,0,41,-41
107000444,368,9,359
107000496,3,29,-26
107000497,1777,4083,-2306
107000500,519,524,-5
107000501,115,250,-135
107000502,643,635,8
107000505,1207,1303,-96
107000506,1,22,-21
107000508,3,967,-964
107000509,289,1033,-744
107000510,25,27,-2
107000514,151,494,-343
107000515,21,459,-438
107000516,257,413,-156
107000518,1469,1309,160
107000519,5609,1625,3984
107000520,137,25,112
107000521,638,759,-121
107000522,786,1249,-463
107900001,49,268,-219
107900002,55,5,50
107900003,456,28,428
107900004,54,0,54
107900005,1067,3,1064
107900006,267,2,265
107900007,375,40,335
107900008,88,63,25
107900009,199,7,192
107900010,40,1,39
107900012,387,26,361
107900013,342,70,272
107900014,12,3,9
107900015,979,7,972
107900016,584,145,439
107900017,25,2,23
107900018,92,205,-113
107900019,19,104,-85
107900020,140,13,127
107900021,55,247,-192
107900023,4,2,2
107900024,0,30,-30
107900025,230,471,-241
107900026,59,212,-153
107900027,81,76,5
107900028,71,126,-55
107900030,202,34,168
107900031,89,287,-198
107900032,7,6,1
107900033,25,6,19
107900034,560,22,538
107900035,1022,58,964
107900036,77,10,67
107900037,1,42,-41
107900038,182,248,-66
107900039,29,133,-104
107900040,97,128,-31
107900041,3,1,2
107900043,52,299,-247
107900044,7,7,0
107900045,167,40,127
107900046,164,167,-3
107900047,27,105,-78
107900048,209,9,200
107900049,495,1314,-819
107900050,99,573,-474
107900051,85,146,-61
107900052,38,13,25
107900053,44,173,-129
107900055,816,331,485
107900056,108,33,75
107900057,3,0,3
107900058,32,1217,-1185
107900060,22,72,-50
107900061,42,14,28
107900063,109,197,-88
107900064,612,131,481
107900065,268,18,250
107900066,12,16,-4
107900067,1,0,1
107900068,303,361,-58
107900069,60,2195,-2135
107900070,152,55,97
107900071,42,1314,-1272
107900072,63,295,-232
107900073,78,177,-99
107900074,1273,237,1036
107900076,157,82,75
107900077,51,4,47
107900078,422,47,375
107900079,11,31,-20
107900080,271,429,-158
107900081,42,161,-119
107900082,39,22,17
107900083,598,173,425
107900084,197,175,22
107900086,51,219,-168
107900087,821,132,689
107900088,35,30,5
107900089,493,1298,-805
107900090,819,3149,-2330
107900091,324,729,-405
107900092,2525,691,1834
107900093,119,112,7
107900095,4497,2381,2116
107900097,26,81,-55
107900098,96,247,-151
107900100,1391,1664,-273
107900101,1471,266,1205
107900102,30,13,17
107900103,69,209,-140
107900104,188,13,175
107900105,1,760,-759
107900106,4,1897,-1893
107900107,1645,466,1179
107900108,561,160,401
107900109,1322,33,1289
107900110,46,154,-108
107900111,13,1659,-1646
107900112,126,499,-373
107900113,214,210,4
107900114,142,302,-160
107900115,0,67,-67
107900116,164,347,-183
107900117,521,668,-147
107900118,101,256,-155
107900119,115,230,-115
107900120,28,19,9
107900121,2,167,-165
107900122,9,83,-74
107900123,4,40,-36
107900124,49,31,18
107900125,56,306,-250
107900126,7,37,-30
107900127,529,263,266
107900128,168,124,44
107900129,35,65,-30
107900130,85,44,41
107900131,838,236,602
107900132,156,630,-474
107900133,2,127,-125
107900134,40,62,-22
107900135,4,270,-266
107900136,36,39,-3
107900137,133,203,-70
107900138,61,38,23
107900139,40,64,-24
107900140,31,15,16
107900141,58,57,1
107900142,90,1722,-1632
107900143,44,46,-2
107900144,0,232,-232
107900145,16,140,-124
107900146,28,247,-219
107900147,101,34,67
107900148,213,250,-37
107900149,2595,334,2261
107900150,111,1419,-1308
107900151,33,125,-92
107900152,14,356,-342
107900153,270,407,-137
107900154,59,20,39
107900155,100,43,57
107900156,4,608,-604
107900157,59,128,-69
107900158,1020,15,1005
107900159,48,1997,-1949
107900160,87,208,-121
107900161,53,332,-279
107900162,0,162,-162
107900163,107,40,67
107900164,5,58,-53
107900165,18,93,-75
107900166,24,387,-363
107900167,56,26,30
107900168,21,54,-33
107900169,2,192,-190
107900171,13,2791,-2778
107900172,0,528,-528
107900173,13,278,-265
107900174,72,6,66
107900175,9,16,-7
107900176,36,54,-18
107900177,2,201,-199
107900178,0,339,-339
107900179,20,189,-169
107900180,1534,594,940
107900181,493,628,-135
107900182,2,2107,-2105
107900183,40,545,-505
107900184,97,291,-194
107900185,94,4,90
107900186,25,93,-68
107900187,0,169,-169
107900188,1170,134,1036
107900189,17,162,-145
107900190,133,139,-6
107900191,69,183,-114
107900193,10,49,-39
107900194,266,1,265
107900195,6067,776,5291
107900196,68,88,-20
107900197,1670,397,1273
107900199,3,1334,-1331
107900201,111,212,-101
107900203,42,110,-68
107900204,335,343,-8
107900205,308,673,-365
107900206,964,257,707
107900207,1,977,-976
107900208,11,1072,-1061
107900209,587,163,424
107900210,153,196,-43
107900213,645,593,52
107900214,8,243,-235
107900215,212,429,-217
107900216,150,115,35
107900217,22,97,-75
107900218,17,2062,-2045
107900219,42,186,-144
107900220,239,229,10
107900221,283,254,29
107900223,121,871,-750
107900224,191,513,-322
107900225,6,1250,-1244
107900226,93,184,-91
107900227,197,732,-535
107900228,12,170,-158
107900229,4,403,-399
107900230,32,231,-199
107900231,16,347,-331
107900232,57,308,-251
107900233,8,210,-202
107900234,121,241,-120
107900235,25,132,-107
107900236,99,112,-13
107900237,168,638,-470
107900238,19,218,-199
107900239,1769,678,1091
107900240,23,231,-208
107900241,15,115,-100
107900242,15,568,-553
107900243,0,49,-49
107900244,381,8,373
107900245,737,85,652
107900246,219,17,202
107900248,182,695,-513
107900249,714,39,675
107900250,3,902,-899
107900251,76,2088,-2012
107900252,1243,15,1228
107900253,197,9,188
107900254,71,307,-236
107900255,490,94,396
107900256,1140,756,384
107900257,168,98,70
107900258,98,490,-392
107900259,153,2084,-1931
107900261,3,624,-621
107900262,52,305,-253
107900264,317,7,310
107900265,117,369,-252
107900267,248,28,220
107900268,70,22,48
107900269,0,13,-13
107900270,3,0,3
107900271,4,20,-16
107900272,156,20,136
107900273,28,140,-112
107900274,60,0,60
107900275,18,0,18
107900276,3,98,-95
107900277,1,357,-356
107900278,311,539,-228
107900279,205,146,59
107900280,2564,2781,-217
107900281,5623,2727,2896
107900282,149,496,-347
107900283,2093,711,1382
107900284,380,956,-576
107900285,93,170,-77
107900286,176,173,3
107900287,182,260,-78
107900290,1,118,-117
107900291,621,26,595
107900292,163,423,-260
107900293,98,838,-740
107900295,50,162,-112
107900297,5,336,-331
107900298,1054,1186,-132
107900299,5747,3079,2668
107900300,50,402,-352
107900301,775,688,87
107900302,148,38,110
107900303,137,396,-259
107900304,233,801,-568
107900305,275,17,258
107900306,36,27,9
107900307,58,415,-357
107900308,264,81,183
107900309,183,1,182
107900310,163,12,151
107900311,0,63,-63
107900312,73,4,69
107900313,1,101,-100
107900314,0,51,-51
107900315,0,106,-106
107900316,92,3,89
107900317,264,14,250
107900318,5,239,-234
107900319,2,289,-287
107900320,1,274,-273
107900321,150,8,142
107900322,3,207,-204
107900323,10,320,-310
107900324,220,1,219
107900325,108,1,107
107900326,277,388,-111
107900327,3,46,-43
107900328,231,2,229
107900329,196,86,110
107900330,9,740,-731
107900331,258,53,205
107900332,228,66,162
107900333,56,30,26
107900334,15,388,-373
107900335,77,138,-61
107900336,29,37,-8
107900337,2038,962,1076
107900338,8,188,-180
107900339,3,32,-29
107900340,0,81,-81
107900341,43,0,43
107900342,164,155,9
107900343,68,1,67
107900344,5,151,-146
107900345,174,35,139
107900346,25,2,23
107900347,56,4,52
107900348,4,8,-4
107900349,42,12,30
107900350,25,343,-318
107900351,4,447,-443
107900352,1,67,-66
107900353,11,6,5
107900354,15,59,-44
108000001,3433,5773,-2340
108000002,3509,4639,-1130
108000003,5704,3490,2214
108000004,24123,23790,333
108000005,8446,5774,2672
108000006,10936,10979,-43
108000007,6330,5509,821
108000008,7865,9038,-1173
108000009,4551,5643,-1092
108000010,5084,7554,-2470
108000011,13149,15826,-2677
108000012,25698,25690,8
108000014,910,724,186
108000015,656,462,194
108000016,281,669,-388
108000017,1113,571,542
108000018,1957,853,1104
108000019,2063,1047,1016
108000020,1624,722,902
108000021,632,2267,-1635
108000022,679,2175,-1496
108000023,1521,265,1256
108000024,228,882,-654
108000025,321,387,-66
108000026,534,756,-222
108000027,758,719,39
108000028,422,315,107
108000029,552,650,-98
108000030,781,268,513
108000031,381,796,-415
108000032,1527,797,730
108000033,1020,1866,-846
108000034,1861,590,1271
108000035,1294,3567,-2273
108000036,448,2227,-1779
108000037,1929,562,1367
108000038,2782,606,2176
108000039,747,3793,-3046
108000040,2189,1188,1001
108000041,859,4126,-3267
108000042,296,295,1
108000043,234,398,-164
108000044,419,226,193
108000045,365,919,-554
108000046,1395,481,914
108000047,533,1521,-988
108000048,175,598,-423
108000049,581,275,306
108000050,117,700,-583
108000051,288,161,127
108000052,371,1106,-735
108000053,369,206,163
108000054,702,1640,-938
108000055,1506,559,947
108000056,1552,1587,-35
108000057,893,1270,-377
108000058,2653,4578,-1925
108000059,5446,3044,2402
108000060,251,521,-270
108000061,243,428,-185
108000062,755,816,-61
108000063,513,915,-402
108000064,225,362,-137
108000065,843,952,-109
108000066,3073,1162,1911
108000067,2547,729,1818
108000068,825,395,430
108000069,323,1533,-1210
108000070,1913,1009,904
108000071,1004,2421,-1417
108000072,1770,1405,365
108000073,2075,2804,-729
108000074,466,483,-17
108000075,433,1186,-753
108000076,926,734,192
108000077,991,967,24
108000078,2330,2162,168
108000079,1230,2536,-1306
108000080,1161,821,340
108000081,617,3379,-2762
108000082,1479,2891,-1412
108000083,2638,1162,1476
108000084,576,1994,-1418
108000085,771,622,149
108000086,1166,1422,-256
108000087,176,2533,-2357
108000088,322,14,308
108000089,646,500,146
108000090,673,213,460
108000091,255,937,-682
108000092,198,172,26
108000093,207,1231,-1024
108000094,792,246,546
108000095,184,794,-610
108000096,302,349,-47
108000097,187,927,-740
108000098,1699,1997,-298
108000099,198,156,42
108000100,45,294,-249
108000101,1342,1756,-414
108000102,1808,3429,-1621
108000106,1121,1,1120
108000107,1,1084,-1083
108000108,796,56,740
108000109,16,1160,-1144
108000110,158,435,-277
108000111,264,1245,-981
108000112,101,230,-129
108000113,722,421,301
108000115,508,704,-196
108000117,1485,540,945
108000118,280,275,5
108000119,1204,703,501
108000120,178,1199,-1021
108000121,303,883,-580
108000122,493,549,-56
108000123,579,379,200
108000124,286,873,-587
108000125,317,530,-213
108000126,154,804,-650
108000127,480,505,-25
108000128,661,893,-232
108000129,314,1659,-1345
108000130,364,436,-72
108000131,1137,534,603
108000132,2552,2125,427
108000133,1040,658,382
108000134,709,888,-179
108000135,1250,559,691
108000136,1189,1448,-259
108000137,443,535,-92
108000138,385,1511,-1126
108000139,340,490,-150
108000140,69,42,27
108000141,52,219,-167
108000142,83,207,-124
108000143,28,79,-51
108000144,40,26,14
108000145,47,100,-53
108000146,64,10,54
108000147,28,84,-56
108000148,57,12,45
108000149,45,41,4
108000150,42,1,41
108000151,49,19,30
108000152,145,828,-683
108000153,420,250,170
108000154,72,24,48
108000155,30,38,-8
108000156,510,161,349
108000157,238,1110,-872
108000158,140,821,-681
108000159,1087,298,789
108000160,7703,1427,6276
108000161,6368,2504,3864
108000165,5,245,-240
108000172,3,319,-316
108000173,3943,2275,1668
108000175,226,113,113
108000178,677,459,218
108000179,399,879,-480
108000181,77,52,25
108000182,195,24,171
108000183,30,48,-18
108000184,1997,2661,-664
108000185,379,947,-568
108000186,137,63,74
108000187,102,1181,-1079
108000188,555,301,254
108000189,1080,1670,-590
108000190,42,174,-132
108000192,224,853,-629
108000193,1317,79,1238
108000194,38,19,19
108000195,5,2363,-2358
108000196,260,187,73
108000198,625,479,146
108000199,0,171,-171
108000200,352,922,-570
108000202,0,118,-118
108000203,142,1341,-1199
108000204,92,52,40
108000205,409,778,-369
108000339,2225,451,1774
108000364,263,404,-141
108000365,86,496,-410
108000367,265,501,-236
108000368,17,71,-54
108000369,1921,191,1730
108000371,2,808,-806
108000372,517,5,512
108000373,191,234,-43
108000376,65,48,17
108000377,359,426,-67
108000378,12188,14290,-2102
108000379,34,317,-283
108000381,59,16,43
108000382,203,2,201
108000383,0,143,-143
108900001,179,1565,-1386
108900002,321,110,211
108900003,485,1497,-1012
108900004,138,358,-220
108900005,78,381,-303
108900006,790,240,550
108900007,210,305,-95
108900008,83,217,-134
108900009,97,152,-55
108900010,187,280,-93
108900011,501,556,-55
108900012,356,685,-329
108900013,124,357,-233
108900014,21,140,-119
108900015,0,21,-21
108900016,1,311,-310
108900017,216,341,-125
108900018,103,770,-667
108900019,38,1539,-1501
108900020,52,432,-380
108900021,141,427,-286
108900022,166,4,162
108900023,33,31,2
108900024,20,208,-188
108900025,112,184,-72
108900026,18,132,-114
108900027,0,131,-131
108900028,95,619,-524
108900029,90,372,-282
108900030,1,144,-143
108900031,113,664,-551
108900032,18,441,-423
108900033,0,96,-96
108900034,0,359,-359
108900035,399,2036,-1637
108900036,248,481,-233
108900037,75,660,-585
108900038,1,622,-621
108900039,4,729,-725
108900040,4,141,-137
108900041,8235,3995,4240
108900042,5,415,-410
108900043,65,615,-550
108900044,3,1053,-1050
108900045,46,929,-883
108900046,80,1450,-1370
108900047,0,129,-129
108900048,116,1554,-1438
108900049,8158,1488,6670
108900050,2,351,-349
108900051,2,350,-348
108900052,29,353,-324
108900053,167,273,-106
108900054,91,304,-213
108900055,108,665,-557
108900056,1,273,-272
108900057,0,255,-255
108900058,36,562,-526
108900059,493,70,423
108900060,147,261,-114
108900061,81,48,33
108900062,10,489,-479
108900063,22,411,-389
108900064,177,84,93
108900065,21,433,-412
108900066,279,188,91
108900067,24,292,-268
108900068,6,296,-290
108900069,45,166,-121
108900070,31,218,-187
108900071,115,100,15
108900072,3571,600,2971
108900073,50,702,-652
108900074,212,817,-605
108900075,76,93,-17
108900076,313,88,225
108900077,196,859,-663
108900078,28,234,-206
108900079,1192,389,803
108900080,29,980,-951
108900081,79,418,-339
108900082,62,145,-83
108900083,30,344,-314
108900084,598,223,375
108900085,3509,278,3231
108900086,140,395,-255
108900087,107,337,-230
108900088,1394,400,994
108900089,16,175,-159
108900090,61,612,-551
108900091,185,182,3
108900092,573,420,153
108900093,108,113,-5
108900094,285,129,156
108900095,99,910,-811
108900096,591,43,548
108900097,474,311,163
108900098,4584,712,3872
108900099,454,417,37
108900100,66,277,-211
108900101,335,139,196
108900102,245,1267,-1022
108900103,108,148,-40
108900104,251,659,-408
108900105,5,1346,-1341
108900106,392,666,-274
108900108,518,45,473
108900109,430,114,316
108900110,217,652,-435
108900111,385,850,-465
108900112,221,28,193
108900113,68,77,-9
108900114,60,18,42
108900115,75,113,-38
108900116,50,14,36
108900117,179,27,152
108900118,636,12,624
108900119,229,67,162
108900120,274,295,-21
108900121,470,85,385
108900122,132,44,88
108900123,125,125,0
108900124,502,227,275
108900125,404,2,402
108900126,161,15,146
108900127,218,33,185
108900128,114,43,71
108900129,874,171,703
108900130,226,5,221
108900131,566,5,561
108900132,497,88,409
108900133,245,87,158
108900134,314,398,-84
108900135,131,24,107
108900136,15,0,15
108900137,126,2,124
108900138,710,31,679
108900139,461,114,347
108900140,318,362,-44
108900141,345,18,327
108900142,64,5,59
108900143,54,1,53
108900144,92,0,92
108900145,167,13,154
108900146,83,0,83
108900147,234,1,233
108900148,83,42,41
108900149,662,730,-68
108900150,314,9,305
108900151,137,53,84
108900152,80,3,77
108900153,132,700,-568
108900154,5952,646,5306
108900155,478,151,327
108900156,149,77,72
108900157,18,778,-760
108900158,301,64,237
108900159,15,494,-479
108900160,19,371,-352
108900161,9,660,-651
108900162,57,2,55
108900163,8,291,-283
108900164,60,110,-50
108900165,267,125,142
108900167,3277,6755,-3478
108900168,14097,3157,10940
108900169,58,202,-144
108900171,13577,3430,10147
108900172,233,45,188
108900173,204,593,-389
108900174,889,824,65
108900176,221,1018,-797
108900177,12099,5143,6956
108900178,8187,3966,4221
108900179,1019,2041,-1022
108900180,215,323,-108
108900182,37,419,-382
108900183,306,326,-20
108900184,649,246,403
108900185,93,529,-436
108900186,82,633,-551
108900187,377,105,272
108900188,578,65,513
108900189,552,172,380
108900190,71,5173,-5102
108900191,267,58,209
108900192,154,368,-214
108900193,355,100,255
108900194,27,410,-383
108900195,84,489,-405
108900196,23,805,-782
108900198,5,809,-804
108900199,265,458,-193
108900200,787,435,352
108900201,540,2013,-1473
108900203,622,92,530
108900204,552,14,538
108900205,318,34,284
108900206,450,52,398
108900207,194,90,104
108900208,18,618,-600
108900209,332,1031,-699
108900210,200,361,-161
108900211,250,662,-412
108900212,1176,1510,-334
108900215,136,910,-774
108900216,621,142,479
108900217,67,0,67
108900218,139,12,127
108900219,77,5,72
108900220,49,19,30
108900221,39,132,-93
108900222,230,25,205
108900223,12,109,-97
108900224,34,210,-176
108900225,0,218,-218
108900226,297,15,282
108900227,183,330,-147
108900230,682,511,171
108900231,76,394,-318
108900232,2,582,-580
108900233,579,85,494
108900234,331,154,177
108900235,384,931,-547
108900236,42,485,-443
108900237,74,378,-304
108900240,126,108,18
108900241,36,46,-10
108900245,6,1640,-1634
108900249,176,27,149
108900250,460,328,132
108900257,231,756,-525
108900258,2,377,-375
108900259,60,111,-51
108900260,12,159,-147
108900261,198,241,-43
108900262,391,225,166
108900263,73,355,-282
108900264,638,389,249
108900265,1912,459,1453
108900266,1944,616,1328
108900267,6,122,-116
108900268,44,10,34
108900269,93,11,82
108900270,74,9,65
108900271,39,12,27
108900272,211,10,201
108900273,1424,801,623
108900274,39,128,-89
109000001,5390,1832,3558
109000002,3291,2200,1091
109000003,3406,926,2480
109000004,806,3996,-3190
109000005,3416,1142,2274
109000006,1088,3622,-2534
109000007,1778,1096,682
109000008,709,2976,-2267
109000009,4993,1995,2998
109000010,2018,6038,-4020
109000011,4364,2828,1536
109000012,2726,6165,-3439
109000013,4209,4225,-16
109000014,2313,5563,-3250
109000015,4283,8622,-4339
109000016,14913,6884,8029
109000017,2863,1977,886
109000018,1312,5689,-4377
109000019,4188,1920,2268
109000020,2033,3209,-1176
109000023,293,56,237
109000024,9,195,-186
109000025,596,669,-73
109000026,1479,529,950
109000027,124,422,-298
109000028,148,131,17
109000029,176,283,-107
109000030,80,847,-767
109000031,347,164,183
109000032,201,761,-560
109000033,628,205,423
109000034,90,45,45
109000035,11,91,-80
109000036,94,471,-377
109000037,261,1525,-1264
109000038,730,564,166
109000039,1156,789,367
109000040,9329,8369,960
109000041,6742,1882,4860
109000042,1646,1850,-204
109000044,787,108,679
109000045,205,588,-383
109000046,450,155,295
109000047,118,602,-484
109000048,1523,200,1323
109000049,589,703,-114
109000050,570,312,258
109000051,561,418,143
109000052,645,2472,-1827
109000053,239,119,120
109000054,348,1289,-941
109000055,352,435,-83
109000056,327,1090,-763
109000057,846,453,393
109000058,1297,421,876
109000059,1191,1225,-34
109000060,693,304,389
109000061,2191,1246,945
109000062,131,324,-193
109000063,355,369,-14
109000064,244,249,-5
109000065,136,466,-330
109000066,362,192,170
109000067,46,570,-524
109000068,1266,11,1255
109000069,900,41,859
109000070,13,1330,-1317
109000071,653,113,540
109000072,128,524,-396
109000073,83,152,-69
109000074,51,338,-287
109000075,143,546,-403
109000076,180,267,-87
109000077,522,408,114
109000078,90,195,-105
109000079,111,291,-180
109000080,157,183,-26
109000081,118,808,-690
109000082,737,373,364
109000083,318,1227,-909
109000088,147,744,-597
109000089,270,61,209
109000090,323,632,-309
109000091,340,229,111
109000092,537,825,-288
109000093,241,252,-11
109000094,508,2,506
109000095,137,773,-636
109000096,704,330,374
109000097,103,260,-157
109000098,122,105,17
109000099,885,632,253
109000100,205,816,-611
109000101,1597,1352,245
109000102,391,1211,-820
109000103,401,991,-590
109000104,1785,1045,740
109000105,556,2118,-1562
109000106,2437,1120,1317
109000107,798,3028,-2230
109000108,2245,854,1391
109000109,570,2796,-2226
109000110,2260,798,1462
109000111,1625,3468,-1843
109000112,600,242,358
109000113,666,291,375
109000114,193,596,-403
109000115,1938,56,1882
109000116,9,365,-356
109000117,159,147,12
109000118,10,404,-394
109000119,1159,652,507
109000120,142,1628,-1486
109000121,419,109,310
109000122,141,1465,-1324
109000123,66,150,-84
109000124,726,598,128
109000125,790,565,225
109000126,527,1425,-898
109000127,1001,341,660
109000128,676,3177,-2501
109000129,2344,935,1409
109000130,814,3711,-2897
109000131,1028,575,453
109000132,902,2876,-1974
109000133,513,1558,-1045
109000134,1097,2346,-1249
109000135,1590,1996,-406
109000136,428,574,-146
109000137,414,465,-51
109000138,607,608,-1
109000139,589,661,-72
109000140,190,756,-566
109000141,506,646,-140
109000142,107,790,-683
109000143,81,101,-20
109000145,102,251,-149
109000146,69,202,-133
109000148,6436,1947,4489
109000149,35,50,-15
109000150,175,311,-136
109000155,888,933,-45
109000156,1956,1244,712
109000158,275,390,-115
109000159,208,887,-679
109000160,1411,344,1067
109000161,487,2004,-1517
109000162,2668,1220,1448
109000163,1270,2796,-1526
109000164,1544,3967,-2423
109000165,1354,961,393
109000166,667,219,448
109000167,138,1280,-1142
109000170,53,81,-28
109000171,61,54,7
109000172,45,116,-71
109000173,22,107,-85
109000174,97,67,30
109000175,75,168,-93
109000176,304,336,-32
109000177,40,185,-145
109000178,873,789,84
109000179,12311,5874,6437
109000180,9564,4919,4645
109000181,15,73,-58
109000182,74,61,13
109000183,60,80,-20
109000184,38,28,10
109000185,32,141,-109
109000188,665,3674,-3009
109000189,2455,1366,1089
109000190,664,820,-156
109000191,385,919,-534
109000192,394,320,74
109000193,230,660,-430
109000194,271,206,65
109000195,147,669,-522
109000196,355,238,117
109000197,195,742,-547
109000198,341,125,216
109000199,153,824,-671
109000206,296,57,239
109000207,124,42,82
109000208,114,127,-13
109000209,179,177,2
109000210,214,770,-556
109000211,645,636,9
109000214,495,811,-316
109000215,309,161,148
109000216,418,239,179
109000217,201,128,73
109000218,250,265,-15
109000221,586,1522,-936
109000222,1019,278,741
109000223,307,378,-71
109000224,98,385,-287
109000225,118,83,35
109000226,64,434,-370
109000227,1091,1938,-847
109000228,0,391,-391
109000231,3,604,-601
109000232,280,564,-284
109000236,400,1134,-734
109000241,2643,3141,-498
109000242,2065,2286,-221
109000293,17,89,-72
109000361,127,384,-257
109000364,240,920,-680
109000396,8,1033,-1025
109000397,515,13,502
109000399,205,920,-715
109000400,104,399,-295
109000403,120,768,-648
109000406,604,9,595
109000407,317,264,53
109000408,2,1333,-1331
109000410,1417,325,1092
109000411,218,71,147
109900001,93,1,92
109900002,866,19,847
109900003,251,1,250
109900004,934,408,526
109900005,23,6,17
109900006,376,416,-40
109900007,768,1299,-531
109900008,0,60,-60
109900009,151,1081,-930
109900010,569,24,545
109900011,140,59,81
109900012,378,277,101
109900013,460,193,267
109900014,421,94,327
109900015,654,238,416
109900016,170,68,102
109900017,165,230,-65
109900018,306,122,184
109900019,162,83,79
109900020,37,39,-2
109900021,33,6,27
109900022,83,455,-372
109900023,10,4,6
109900024,23,0,23
109900025,7,96,-89
109900026,5,297,-292
109900027,48,7,41
109900028,3681,1101,2580
109900029,4,713,-709
109900030,30,8,22
109900031,1,83,-82
109900032,20,387,-367
109900033,5,1037,-1032
109900034,33,2,31
109900035,12,23,-11
109900036,18,133,-115
109900037,29,874,-845
109900038,87,397,-310
109900039,6,2,4
109900040,25,970,-945
109900041,91,616,-525
109900042,11,569,-558
109900044,108,334,-226
109900045,68,31,37
109900046,17,79,-62
109900047,479,501,-22
109900048,1,137,-136
109900049,9,50,-41
109900050,1,358,-357
109900051,2,73,-71
109900052,181,501,-320
109900053,5,602,-597
109900054,712,277,435
109900055,73,390,-317
109900056,51,149,-98
109900057,16,358,-342
109900058,1,207,-206
109900059,707,203,504
109900060,551,211,340
109900061,153,553,-400
109900062,0,452,-452
109900063,4,532,-528
109900064,580,419,161
109900065,182,228,-46
109900066,393,1552,-1159
109900067,1,612,-611
109900068,75,14,61
109900069,0,72,-72
109900070,82,517,-435
109900071,13,52,-39
109900072,29,240,-211
109900073,415,1056,-641
109900074,8,64,-56
109900075,21,45,-24
109900076,21,383,-362
109900077,30,85,-55
109900078,137,400,-263
109900080,146,489,-343
109900081,54,195,-141
109900082,62,752,-690
109900083,33,89,-56
109900084,113,207,-94
109900085,292,1474,-1182
109900086,152,471,-319
109900087,409,657,-248
109900089,789,183,606
109900090,734,1873,-1139
109900091,307,130,177
109900092,493,20,473
109900093,902,161,741
109900094,103,166,-63
109900095,135,434,-299
109900096,43,2,41
109900097,148,4,144
109900098,434,59,375
109900099,243,0,243
109900100,56,1,55
109900101,490,12,478
109900102,446,33,413
109900103,42,72,-30
109900104,513,1457,-944
109900105,628,41,587
109900106,512,89,423
109900107,573,120,453
109900108,101,767,-666
109900109,30,256,-226
109900110,93,714,-621
109900111,448,1944,-1496
109900112,531,1404,-873
109900113,878,505,373
109900114,1297,935,362
109900115,122,102,20
109900117,1057,194,863
109900118,334,710,-376
109900119,1073,490,583
109900120,60,16,44
109900121,825,461,364
109900122,397,8,389
109900123,17,255,-238
109900124,62,959,-897
109900125,1,278,-277
109900126,261,314,-53
109900128,243,100,143
109900130,17251,2867,14384
109900131,80,215,-135
109900132,39,301,-262
109900133,55,610,-555
109900134,46,98,-52
109900135,510,110,400
109900136,77,250,-173
109900137,99,594,-495
109900140,258,550,-292
109900142,1532,478,1054
109900145,9,437,-428
109900146,660,59,601
109900148,47,171,-124
109900149,43,104,-61
109900150,5,108,-103
109900151,2,71,-69
109900152,0,22,-22
109900153,0,44,-44
109900154,11,0,11
109900155,53,14,39
109900157,128,464,-336
109900158,81,203,-122
109900159,236,38,198
109900160,173,82,91
109900161,264,94,170
109900162,206,139,67
109900163,1054,655,399
109900164,49,312,-263
109900165,228,5,223
109900166,1,248,-247
109900167,232,867,-635
109900168,235,884,-649
109900169,213,274,-61
109900170,410,1115,-705
109900171,219,135,84
109900172,208,324,-116
109900173,5904,3103,2801
109900174,48,257,-209
109900175,63,111,-48
109900176,83,250,-167
109900177,41,492,-451
109900178,0,97,-97
109900179,10,31,-21
109900180,6,4,2
110000001,1233,897,336
110000002,912,878,34
110000003,1419,859,560
110000004,829,717,112
110000005,854,2105,-1251
110000006,847,485,362
110000007,228,238,-10
110000008,18,67,-49
110000009,67,78,-11
110000010,72,81,-9
110000011,41,194,-153
110000012,1123,722,401
110000013,63,688,-625
110000014,830,559,271
110000015,381,831,-450
110000016,438,1720,-1282
110000017,4583,365,4218
110000018,5036,778,4258
110000019,5,207,-202
110000020,733,346,387
110000021,1315,700,615
110000022,1481,384,1097
110000023,8,253,-245
110000024,949,566,383
110000025,266,9,257
110000026,12,803,-791
110000027,1421,627,794
110000028,1140,929,211
110000029,685,1409,-724
110000030,300,561,-261
110000031,302,879,-577
110000032,1065,578,487
110000033,367,114,253
110000034,651,1026,-375
110000035,882,1159,-277
110000036,1051,1001,50
110000037,268,850,-582
110000038,274,1003,-729
110000039,972,3336,-2364
110000040,476,630,-154
110000041,316,1602,-1286
110000042,99,453,-354
110000043,839,407,432
110000044,93,92,1
110000045,681,151,530
110000046,2,7,-5
110000047,34,16,18
110000048,8,14,-6
110000049,121,13,108
110000050,7,18,-11
110000051,130,3,127
110000052,35,32,3
110000053,517,6,511
110000054,139,328,-189
110000055,378,26,352
110000056,379,75,304
110000057,445,1212,-767
110000058,1374,809,565
110000059,1165,745,420
110000060,971,1497,-526
110000061,1200,1225,-25
110000062,923,1177,-254
110000063,44,141,-97
110000064,125,194,-69
110000065,94,123,-29
110000066,126,55,71
110000067,116,570,-454
110000068,328,667,-339
110000069,257,171,86
110000071,135,238,-103
110000073,9,35,-26
110000075,12,163,-151
110000076,385,595,-210
110000077,676,2005,-1329
110000078,34,105,-71
110000080,360,1000,-640
110000081,50,530,-480
110000082,70,642,-572
110000083,313,879,-566
110000084,1219,1062,157
110000085,3172,2074,1098
110000086,1650,2901,-1251
110000087,7,111,-104
110000088,64,423,-359
110000089,333,264,69
110000090,95,504,-409
110000091,2558,490,2068
110000092,32,150,-118
110000093,61,14,47
110000094,710,326,384
110000095,260,1065,-805
110000096,4820,2438,2382
110000097,1272,1554,-282
110000098,2521,1058,1463
110000099,1291,2336,-1045
110000100,878,1062,-184
110000101,25,651,-626
110000102,45,63,-18
110000104,300,118,182
110000105,128,369,-241
110000106,712,443,269
110000107,522,622,-100
110000108,282,47,235
110000109,314,425,-111
110000110,6035,6919,-884
110000111,10853,3524,7329
110000112,1991,1293,698
110000113,1104,3159,-2055
110000114,152,869,-717
110000115,281,492,-211
110000116,34,78,-44
110000117,219,698,-479
110000118,470,370,100
110000119,213,525,-312
110000120,423,325,98
110000121,156,438,-282
110000122,452,954,-502
110000123,642,950,-308
110000124,1,1128,-1127
110000125,1153,9,1144
110000126,382,23,359
110000127,1499,105,1394
110000128,56,2156,-2100
110000129,3,813,-810
110000130,251,264,-13
110000131,118,511,-393
110000132,3,895,-892
110000133,84,513,-429
110000134,36,490,-454
110000135,252,54,198
110000136,83,462,-379
110000137,816,1053,-237
110000138,971,1164,-193
110000139,935,2186,-1251
110000140,1519,829,690
110000143,975,571,404
110000144,6552,2137,4415
110000145,1837,1414,423
110000146,2732,1722,1010
110000147,494,1202,-708
110000148,504,531,-27
110000151,2055,817,1238
110000152,1499,620,879
110000153,127,91,36
110000154,101,49,52
110000155,2988,4707,-1719
110000156,1299,2880,-1581
110000157,2200,2538,-338
110000160,411,544,-133
110000161,211,710,-499
110000166,598,161,437
110000167,1044,852,192
110000168,1108,623,485
110000169,854,481,373
110000170,132,171,-39
110000171,810,294,516
110000172,194,1310,-1116
110000173,1796,1869,-73
110000174,225,1920,-1695
110000175,506,132,374
110000176,69,365,-296
110000177,233,1122,-889
110000178,721,1403,-682
110000179,2062,609,1453
110000180,158,462,-304
110000181,454,684,-230
110000182,466,383,83
110000183,18227,8560,9667
110000184,1849,3117,-1268
110000185,1460,1033,427
110000186,1113,1053,60
110000191,735,444,291
110000192,509,9,500
110000193,918,3,915
110000194,28,1735,-1707
110000195,510,523,-13
110000196,361,649,-288
110000197,142,355,-213
110000198,176,127,49
110000199,73,160,-87
110000200,1939,744,1195
110000201,934,1026,-92
110000202,1654,680,974
110000203,1100,1247,-147
110000204,1,479,-478
110000205,143,94,49
110000206,880,2233,-1353
110000207,850,441,409
110000208,170,177,-7
110000209,163,1327,-1164
110000210,964,929,35
110000211,779,1398,-619
110000212,627,1457,-830
110000213,193,73,120
110000214,207,136,71
110000215,164,827,-663
110000216,135,837,-702
110000217,294,316,-22
110000218,174,709,-535
110000219,378,145,233
110000220,69,567,-498
110000221,322,104,218
110000222,54,381,-327
110000223,4,156,-152
110000224,64,14,50
110000225,245,980,-735
110000226,275,74,201
110000227,1003,930,73
110000228,511,351,160
110000229,1,355,-354
110000230,707,836,-129
110000231,210,358,-148
110000232,215,288,-73
110000233,184,393,-209
110000234,744,604,140
110000235,1787,1271,516
110000236,713,1366,-653
110000237,2152,1689,463
110000238,1433,1938,-505
110000239,2543,1646,897
110000240,2,137,-135
110000242,0,26,-26
110000243,100,221,-121
110000244,208,640,-432
110000245,61,697,-636
110000246,911,874,37
110000247,2137,7675,-5538
110000248,3333,2611,722
110000249,111,31,80
110000250,47,442,-395
110000251,340,992,-652
110000252,190,348,-158
110000253,1674,831,843
110000254,929,2215,-1286
110000255,346,1700,-1354
110000256,722,397,325
110000257,1039,597,442
110000258,15,789,-774
110000259,101,45,56
110000260,13,569,-556
110000263,845,167,678
110000264,348,942,-594
110000265,1386,2804,-1418
110000266,2544,3483,-939
110000267,33,335,-302
110000268,395,836,-441
110000269,2,166,-164
110000270,48,9,39
110000271,3310,473,2837
110000272,1575,1451,124
110000273,4707,1943,2764
110000274,307,1846,-1539
110000275,4270,631,3639
110000276,226,481,-255
110000277,222,676,-454
110000278,292,1416,-1124
110000279,913,992,-79
110000280,455,500,-45
110000281,51,281,-230
110000282,387,58,329
110000283,63,138,-75
110000284,67,63,4
110000285,3,464,-461
110000286,36,1,35
110000287,78,0,78
110000288,1,143,-142
110000289,753,2276,-1523
110000290,1711,817,894
110000291,9501,1975,7526
110000292,1813,6046,-4233
110000293,612,1282,-670
110000294,927,1490,-563
110000295,113,1556,-1443
110000296,389,489,-100
110000297,3768,424,3344
110000298,457,892,-435
110000299,702,116,586
110000301,271,31,240
110000302,465,1953,-1488
110000303,508,8,500
110000304,252,454,-202
110000305,1457,31,1426
110000306,186,2600,-2414
110000307,1920,14,1906
110000308,739,5,734
110000309,12,1752,-1740
110000310,779,117,662
110000311,35,1372,-1337
110000312,803,151,652
110000313,4825,4424,401
110000314,7,426,-419
110000315,4630,2668,1962
110000316,871,1697,-826
110000317,919,360,559
110000318,5,111,-106
110000319,3,18,-15
110000320,41,65,-24
110000321,25,75,-50
110000322,321,738,-417
110000323,424,290,134
110000324,6526,1742,4784
110000325,3328,3670,-342
110000327,764,524,240
110000328,217,702,-485
110000333,1281,1012,269
110000334,1138,2024,-886
110000335,1056,802,254
110000336,909,1556,-647
110000337,2067,819,1248
110000338,458,251,207
110000339,315,359,-44
110000340,27,307,-280
110000341,639,697,-58
110000342,709,9,700
110000343,0,24,-24
110000344,57,229,-172
110000345,92,146,-54
110000346,3092,2052,1040
110000347,1490,1160,330
110000348,30,35,-5
110000349,18,22,-4
110000350,68,7,61
110000351,974,1172,-198
110000352,711,2316,-1605
110000353,4685,951,3734
110000354,1579,3635,-2056
110000355,141,155,-14
110000356,1219,11,1208
110000357,438,32,406
110000361,35,101,-66
110000362,64,221,-157
110000363,397,146,251
110000364,161,635,-474
110000365,253,2,251
110000366,2,167,-165
110000367,333,305,28
110000368,5,116,-111
110000369,47,0,47
110000373,5,443,-438
110000374,178,7,171
110000375,267,1335,-1068
110000376,54,136,-82
110000377,102,740,-638
110000378,23,500,-477
110000379,4885,1815,3070
110000380,47,15,32
110000383,4,1079,-1075
110000384,2363,1043,1320
110000385,2,283,-281
110000387,127,10,117
110000388,51,330,-279
110000389,766,2,764
110000391,466,464,2
110000396,204,181,23
110000397,139,346,-207
110000398,5,51,-46
110000399,240,1,239
110000587,126,39,87
110000589,213,208,5
110000640,194,159,35
110000652,66,150,-84
110000653,345,677,-332
110000654,23,51,-28
110000656,5,845,-840
110000674,41,26,15
110000675,47,33,14
110000676,9,55,-46
110000679,615,1574,-959
110000682,144,262,-118
110000683,535,799,-264
110000684,14,128,-114
110000685,11,11,0
110000686,8,56,-48
110000687,18,2,16
110000688,71,1089,-1018
110000689,27,72,-45
110000692,376,341,35
110000693,460,393,67
110000694,1,291,-290
110000695,212,1050,-838
110000696,212,233,-21
110900001,441,20,421
110900002,797,622,175
110900003,820,1492,-672
110900004,501,314,187
110900005,6223,2641,3582
110900006,48,16,32
110900007,155,26,129
110900008,5,34,-29
110900009,556,122,434
110900010,15,140,-125
110900011,45,156,-111
110900012,22,180,-158
110900013,1233,243,990
110900014,233,20,213
110900015,1420,841,579
110900016,67,288,-221
110900017,385,62,323
110900018,639,67,572
110900019,160,29,131
110900020,111,649,-538
110900021,111,987,-876
110900022,127,619,-492
110900023,131,934,-803
110900024,54,806,-752
110900025,5,81,-76
110900027,68,340,-272
110900028,41,266,-225
110900029,31,644,-613
110900030,34,527,-493
110900031,5,217,-212
110900032,0,167,-167
110900033,40,470,-430
110900035,54,764,-710
110900036,172,47,125
110900037,88,28,60
110900038,2006,381,1625
110900039,15,368,-353
110900040,268,71,197
110900041,31,289,-258
110900042,143,91,52
110900043,5,268,-263
110900044,407,46,361
110900045,60,889,-829
110900046,155,547,-392
110900047,1251,240,1011
110900049,170,100,70
110900050,19,7,12
110900051,74,376,-302
110900052,6,340,-334
110900053,110,96,14
110900054,25,404,-379
110900055,36,5,31
110900056,69,192,-123
110900057,9,325,-316
110900058,228,393,-165
110900059,949,1132,-183
110900060,638,219,419
110900061,42,75,-33
110900062,168,482,-314
110900063,78,207,-129
110900064,14,0,14
110900065,565,293,272
110900066,13,144,-131
110900067,860,950,-90
110900068,347,374,-27
110900069,3,38,-35
110900070,149,68,81
110900071,440,770,-330
110900073,1,31,-30
110900074,353,134,219
110900075,556,117,439
110900077,913,830,83
110900078,37,184,-147
110900079,2816,1387,1429
110900080,156,90,66
110900081,4,129,-125
110900082,166,377,-211
110900083,138,78,60
110900084,49,196,-147
110900085,55,618,-563
110900086,82,387,-305
110900087,394,104,290
110900088,31,0,31
110900090,80,51,29
110900091,5,101,-96
110900093,391,153,238
110900095,82,82,0
110900097,14,22,-8
110900098,55,198,-143
110900099,66,930,-864
110900100,0,13,-13
110900102,76,35,41
110900105,1018,665,353
110900108,11,183,-172
110900111,502,154,348
110900112,889,11,878
110900113,901,102,799
110900115,25,155,-130
110900116,661,3783,-3122
110900118,186,3135,-2949
110900119,7867,670,7197
110900120,24,220,-196
110900121,89,0,89
110900122,465,229,236
110900125,409,527,-118
110900127,1127,1445,-318
110900128,376,330,46
110900129,595,854,-259
110900130,1675,822,853
110900131,236,73,163
110900132,368,69,299
110900133,101,420,-319
110900135,174,753,-579
110900136,371,33,338
110900137,155,1,154
110900138,1332,314,1018
110900139,116,44,72
110900140,135,2,133
110900141,2,96,-94
110900142,103,356,-253
110900143,206,169,37
110900144,5,1090,-1085
110900145,148,38,110
110900146,434,205,229
110900147,268,391,-123
110900148,13,517,-504
110900149,2,116,-114
110900150,115,15,100
110900151,4,157,-153
110900152,31,526,-495
110900153,183,76,107
111000001,733,601,132
111000002,923,1176,-253
111000003,1758,1732,26
111000004,1131,1663,-532
111000005,2286,1968,318
111000006,1537,1979,-442
111000007,8041,5440,2601
111000008,5565,5450,115
111000009,492,1314,-822
111000010,1016,509,507
111000011,448,1264,-816
111000012,945,680,265
111000013,484,1754,-1270
111000014,1620,944,676
111000017,149,908,-759
111000018,284,456,-172
111000020,3356,3341,15
111000021,145,202,-57
111000023,125,251,-126
111000025,10950,4372,6578
111000029,63,193,-130
111000030,45,173,-128
111000031,2672,1413,1259
111000032,691,343,348
111000033,434,264,170
111000034,604,307,297
111000037,4397,1921,2476
111000038,5544,3997,1547
111000039,2655,3991,-1336
111000040,2255,4435,-2180
111000041,2196,2784,-588
111000042,8507,3727,4780
111000043,3182,3600,-418
111000044,1635,1400,235
111000045,2965,2908,57
111000046,2109,1988,121
111000047,3468,4551,-1083
111000049,636,744,-108
111000050,2805,2351,454
111000051,733,1754,-1021
111000052,825,2386,-1561
111000053,550,1709,-1159
111000054,414,1719,-1305
111000055,1481,2916,-1435
111000056,125,858,-733
111000057,85,1056,-971
111000058,349,148,201
111000059,369,349,20
111000060,4093,1167,2926
111000061,694,485,209
111000062,1025,356,669
111000063,2224,1246,978
111000064,584,858,-274
111000065,1323,1209,114
111000066,536,490,46
111000067,797,960,-163
111000068,569,1258,-689
111000069,2396,2961,-565
111000070,3447,1660,1787
111000071,329,1290,-961
111000072,1269,729,540
111000073,339,1117,-778
111000074,1972,2361,-389
111000075,1009,1445,-436
111000076,609,1195,-586
111000077,1714,2047,-333
111000078,3281,1815,1466
111000079,1748,1144,604
111000080,526,1214,-688
111000081,3058,5482,-2424
111000082,827,1000,-173
111000084,945,738,207
111000085,1506,2416,-910
111000086,5717,2144,3573
111000087,953,1192,-239
111000088,11413,2961,8452
111000089,913,1127,-214
111000090,1446,1690,-244
111000091,938,993,-55
111000092,1776,1464,312
111000093,907,1127,-220
111000094,2882,1228,1654
111000095,985,3311,-2326
111000096,3091,10030,-6939
111000097,9038,1594,7444
111000098,949,2104,-1155
111000099,678,3317,-2639
111000100,494,2935,-2441
111000101,596,1294,-698
111000102,212,1113,-901
111000104,568,414,154
111000107,110,1219,-1109
111000109,584,360,224
111000110,1994,986,1008
111000111,2088,709,1379
111000112,2028,647,1381
111000113,994,1528,-534
111000114,2618,3804,-1186
111000115,10443,1840,8603
111000116,1161,1445,-284
111000117,582,1183,-601
111000118,2013,1470,543
111000119,1177,2207,-1030
111000120,553,888,-335
111000121,351,897,-546
111000122,922,1522,-600
111000123,1316,4268,-2952
111000124,704,4727,-4023
111000125,281,2593,-2312
111000126,115,1291,-1176
111000127,963,268,695
111000128,1560,539,1021
111000129,3255,662,2593
111000130,2006,863,1143
111000131,1676,690,986
111000132,1444,890,554
111000133,172,254,-82
111000134,169,180,-11
111000135,45,194,-149
111000136,445,548,-103
111000138,5,28,-23
111000140,6,7,-1
111000141,407,472,-65
111000142,11,141,-130
111000143,5,67,-62
111000144,24,105,-81
111000145,921,4,917
111000146,76,13,63
111000147,212,67,145
111000148,251,169,82
111000149,11,47,-36
111000150,11,14,-3
111000151,11,26,-15
111000153,794,883,-89
111000154,1256,254,1002
111000155,116,250,-134
111000156,659,796,-137
111000157,223,1178,-955
111000158,1235,997,238
111000159,4020,991,3029
111000160,312,500,-188
111000161,10,418,-408
111000162,11,271,-260
111000163,663,1328,-665
111000164,1189,4359,-3170
111000165,1734,582,1152
111000166,2252,595,1657
111000167,217,727,-510
111000168,326,615,-289
111000169,414,850,-436
111000170,653,642,11
111000171,656,1165,-509
111000172,161,957,-796
111000173,451,2017,-1566
111000174,203,1040,-837
111000175,73,442,-369
111000176,285,176,109
111000177,294,439,-145
111000178,1501,496,1005
111000179,200,287,-87
111000180,289,480,-191
111000181,936,435,501
111000182,157,352,-195
111000183,303,537,-234
111000184,341,426,-85
111000185,431,638,-207
111000186,366,421,-55
111000187,170,385,-215
111000188,178,691,-513
111000189,2195,718,1477
111000190,244,603,-359
111000191,172,673,-501
111000192,279,872,-593
111000193,633,519,114
111000194,80,531,-451
111000195,171,635,-464
111000196,97,416,-319
111000197,441,269,172
111000198,443,162,281
111000199,241,221,20
111000200,357,429,-72
111000201,565,326,239
111000202,270,303,-33
111000203,339,340,-1
111000204,537,1115,-578
111000213,284,624,-340
111000214,1756,2570,-814
111000215,1280,2106,-826
111000217,1590,1621,-31
111000218,1286,1567,-281
111000219,658,357,301
111000220,4237,844,3393
111000221,1457,210,1247
111000224,162,851,-689
111000225,358,288,70
111000226,335,0,335
111000227,84,10,74
111000228,26,344,-318
111000229,43,778,-735
111000230,329,850,-521
111000231,1068,1888,-820
111000232,442,1142,-700
111000233,759,1148,-389
111000234,120,381,-261
111000239,188,366,-178
111000240,49,257,-208
111000241,40,665,-625
111000242,172,110,62
111000243,103,1174,-1071
111000244,478,186,292
111000245,1077,888,189
111000246,456,939,-483
111000247,253,1305,-1052
111000248,695,677,18
111000249,627,1134,-507
111000250,39,157,-118
111000251,41,181,-140
111000253,43,20,23
111000255,29,4,25
111000257,43,14,29
111000260,85,1672,-1587
111000261,1168,94,1074
111000271,64,414,-350
111000273,10492,2054,8438
111000274,1740,2935,-1195
111000275,189,121,68
111000276,393,3116,-2723
111000277,291,645,-354
111000278,799,334,465
111000291,736,6989,-6253
111000298,768,353,415
111000299,931,158,773
111000300,110,879,-769
111000302,262,131,131
111000303,107,391,-284
111000312,56,87,-31
111000315,53,420,-367
111000320,466,993,-527
111000321,401,157,244
111000322,345,767,-422
111000323,166,30,136
111000324,446,429,17
111000325,60,119,-59
111000326,183,529,-346
111000327,437,900,-463
111000328,314,713,-399
111000329,2,38,-36
111000330,65,35,30
111000331,6,20,-14
111000332,508,2038,-1530
111000334,461,2473,-2012
111000335,809,272,537
111000337,1082,589,493
111000338,39,176,-137
111000339,456,810,-354
111000340,122,1303,-1181
111000341,1105,722,383
111000342,249,426,-177
111000344,1165,1182,-17
111000345,226,82,144
111000346,23,101,-78
111000347,141,10,131
111000350,251,223,28
111000351,120,348,-228
111000352,189,259,-70
111000353,169,382,-213
111000354,610,355,255
111000355,384,1076,-692
111000358,179,2621,-2442
111000360,160,1337,-1177
111000361,107,642,-535
111000546,678,941,-263
111000547,352,1267,-915
111000548,127,350,-223
111000549,335,725,-390
111000550,139,771,-632
111000551,1064,284,780
111000552,1420,96,1324
111000907,527,34,493
111000908,35,0,35
111000916,1816,371,1445
111000917,39,611,-572
111000918,201,1647,-1446
111000920,529,26,503
111000921,1,546,-545
111000922,347,471,-124
111000924,26,1583,-1557
111000925,2147,3231,-1084
111000926,1078,3516,-2438
111000927,3380,6744,-3364
111000928,7532,5953,1579
111000929,965,1418,-453
111000930,992,4045,-3053
111000931,2219,2929,-710
111000932,5622,3461,2161
111000933,4454,2746,1708
111000934,3403,4397,-994
111000935,1777,1403,374
111000936,1559,3368,-1809
111000937,1028,1610,-582
111000938,2701,3306,-605
111000939,500,56,444
111000940,399,237,162
111000941,270,1003,-733
111000943,388,349,39
111000944,177,676,-499
111000945,75,3019,-2944
111001109,755,347,408
111001110,299,843,-544
111001111,46,13,33
111001112,364,13,351
111001113,2,224,-222
111001114,2184,187,1997
111001115,193,418,-225
111001116,8460,4711,3749
111001117,924,2107,-1183
111001120,124,556,-432
111001121,242,478,-236
111001122,246,1001,-755
111001123,285,224,61
111001124,103,394,-291
111001125,1,45,-44
111900001,14,176,-162
111900002,22,1345,-1323
111900003,9,721,-712
111900004,58,235,-177
111900006,13,52,-39
111900007,84,4,80
111900008,157,0,157
111900009,200,281,-81
111900010,356,848,-492
111900012,80,240,-160
111900013,11,100,-89
111900014,10543,3592,6951
111900015,0,90,-90
111900016,0,190,-190
111900017,0,181,-181
111900018,208,10,198
111900019,4,144,-140
111900020,1,81,-80
111900021,51,122,-71
111900022,16,61,-45
111900023,152,73,79
111900024,9,92,-83
111900025,0,36,-36
111900026,0,111,-111
111900027,4,232,-228
111900028,2,598,-596
111900029,1,140,-139
111900030,64,669,-605
111900031,66,170,-104
111900032,2,578,-576
111900033,3,106,-103
111900034,309,1134,-825
111900035,44,277,-233
111900036,5,510,-505
111900038,437,1017,-580
111900039,74,616,-542
111900040,7,853,-846
111900042,72,214,-142
111900043,5,645,-640
111900044,374,466,-92
111900046,72,342,-270
111900048,193,1282,-1089
111900049,53,447,-394
111900050,155,32,123
111900051,6,508,-502
111900052,563,781,-218
111900053,2033,1237,796
111900054,149,4,145
111900055,39,988,-949
111900056,419,254,165
111900057,84,59,25
111900058,337,1084,-747
111900059,4962,636,4326
111900060,278,1,277
111900061,13,446,-433
111900062,20,47,-27
111900063,232,307,-75
111900064,205,452,-247
111900065,72,44,28
111900066,112,222,-110
111900067,1,537,-536
111900068,60,66,-6
111900069,52,30,22
111900070,175,186,-11
111900071,2,419,-417
111900072,45,20,25
111900073,727,118,609
111900074,23,297,-274
111900075,60,5,55
111900076,170,56,114
111900077,22,1,21
111900078,207,21,186
111900079,37,21,16
111900080,301,245,56
111900082,166,25,141
111900083,103,13,90
111900084,111,2,109
111900085,47,137,-90
111900086,19,8,11
111900087,45,0,45
111900088,453,9,444
111900089,46,1,45
111900090,73,28,45
111900091,142,5,137
111900092,88,4,84
111900093,337,1,336
111900094,120,0,120
111900095,134,19,115
111900096,141,0,141
111900097,24,0,24
111900098,143,4,139
111900099,69,0,69
111900100,73,2,71
111900101,99,21,78
111900102,386,939,-553
111900103,83,91,-8
111900104,192,101,91
111900105,351,203,148
111900106,2226,95,2131
111900110,3638,486,3152
111900111,94,239,-145
111900112,1440,2347,-907
111900113,399,140,259
111900118,462,88,374
111900119,379,158,221
111900122,99,28,71
111900123,15,46,-31
111900124,23,97,-74
111900125,551,24,527
111900126,309,5,304
111900127,2,1002,-1000
111900128,10,763,-753
111900129,235,3,232
111900130,347,36,311
111900131,405,2,403
111900132,50,2127,-2077
111900133,12,539,-527
111900134,23,464,-441
111900135,16,29,-13
111900136,91,187,-96
111900137,85,68,17
111900138,9,102,-93
111900139,15,144,-129
111900140,116,32,84
111900141,73,14,59
111900142,110,53,57
111900143,44,276,-232
111900144,0,149,-149
111900145,5,773,-768
111900146,3,419,-416
111900147,271,733,-462
111900148,38,1178,-1140
111900149,14,482,-468
111900150,27,238,-211
111900151,9,30,-21
111900152,82,95,-13
111900153,2166,397,1769
111900154,11,275,-264
111900155,69,112,-43
111900156,51,65,-14
111900157,73,19,54
111900158,483,37,446
111900159,331,16,315
111900160,272,2,270
111900161,109,0,109
111900162,121,270,-149
111900163,43,484,-441
111900164,135,95,40
111901113,374,377,-3
111901114,161,475,-314
111901115,68,1,67
111901116,37,0,37
111901117,24,31,-7
111901118,299,201,98
111901119,1863,152,1711
111901121,293,572,-279
111901122,4,854,-850
111901123,149,619,-470
111901124,113,0,113
111901125,346,332,14
111901127,1387,484,903
111901128,10,210,-200
111901129,13,255,-242
111901130,22,427,-405
111901131,1,268,-267
111901132,165,14,151
111901133,58,2,56
111901134,92,2,90
111901135,20,9,11
111901136,41,73,-32
111901137,1,19,-18
111901138,153,62,91
111901139,14,82,-68
111901140,7,263,-256
111901141,6,603,-597
111901142,5,291,-286
111901143,19,187,-168
111901144,74,46,28
111901145,288,396,-108
111901146,623,30,593
112000001,2225,1661,564
112000002,1133,3981,-2848
112000003,1447,1608,-161
112000004,987,2487,-1500
112000005,3106,3096,10
112000006,2840,3411,-571
112000007,2696,2206,490
112000008,3321,5413,-2092
112000009,5673,5970,-297
112000010,3580,4327,-747
112000011,3014,3670,-656
112000012,6869,4307,2562
112000013,7115,4578,2537
112000014,4110,1241,2869
112000015,4247,4532,-285
112000016,9001,1366,7635
112000017,3784,2579,1205
112000024,3124,1170,1954
112000026,6436,7771,-1335
112000027,1391,729,662
112000028,2841,2504,337
112000029,522,1261,-739
112000030,332,193,139
112000031,2494,6278,-3784
112000032,559,84,475
112000033,2897,1804,1093
112000034,435,67,368
112000035,74,390,-316
112000036,1270,1198,72
112000037,1359,1077,282
112000038,1743,1196,547
112000039,72,90,-18
112000040,138,314,-176
112000041,780,637,143
112000042,1945,461,1484
112000050,1302,2322,-1020
112000051,1152,1688,-536
112000054,3157,4278,-1121
112000057,739,497,242
112000058,485,811,-326
112000059,705,1011,-306
112000061,6302,3318,2984
112000062,2619,1174,1445
112000063,2544,2302,242
112000064,6374,8875,-2501
112000065,2944,3842,-898
112000066,4738,1845,2893
112000067,1075,891,184
112000068,4354,2592,1762
112000069,995,2846,-1851
112000070,2600,1163,1437
112000071,1286,4290,-3004
112000072,2316,1365,951
112000073,2865,2662,203
112000074,2508,1408,1100
112000075,1682,1692,-10
112000076,4568,3731,837
112000077,626,1023,-397
112000078,1789,929,860
112000079,1682,1890,-208
112000080,771,1278,-507
112000081,1976,3094,-1118
112000082,1839,998,841
112000083,728,2118,-1390
112000084,1510,1198,312
112000085,1549,1737,-188
112000086,2096,2193,-97
112000087,327,619,-292
112000088,545,1048,-503
112000089,355,412,-57
112000090,368,515,-147
112000091,748,1687,-939
112000092,1804,1501,303
112000093,2204,1501,703
112000094,698,1281,-583
112000095,843,1244,-401
112000096,572,1021,-449
112000097,1479,859,620
112000098,1413,2312,-899
112000099,1021,1318,-297
112000100,1878,1433,445
112000101,715,1496,-781
112000102,1206,812,394
112000103,438,1650,-1212
112000105,643,2669,-2026
112000106,1535,697,838
112000107,28,210,-182
112000108,273,2551,-2278
112000109,117,106,11
112000110,1961,837,1124
112000111,1780,5105,-3325
112000112,4272,950,3322
112000113,1213,2559,-1346
112000114,3032,1515,1517
112000115,470,861,-391
112000116,782,1688,-906
112000117,1538,1400,138
112000118,1497,1180,317
112000119,705,1264,-559
112000120,80,578,-498
112000121,133,943,-810
112000122,233,198,35
112000123,662,197,465
112000124,380,109,271
112000125,205,239,-34
112000126,189,1020,-831
112000127,3172,2460,712
112000128,1268,1289,-21
112000129,138,173,-35
112000130,199,59,140
112000131,45,646,-601
112000132,141,402,-261
112000133,483,573,-90
112000134,526,515,11
112000135,960,981,-21
112000136,1380,1523,-143
112000137,1608,2234,-626
112000138,1993,1757,236
112000139,1345,475,870
112000140,1259,1541,-282
112000141,1042,393,649
112000142,240,1221,-981
112000143,1294,401,893
112000144,475,2418,-1943
112000145,2369,1017,1352
112000146,853,3143,-2290
112000147,2404,2334,70
112000148,2232,3249,-1017
112000149,426,1180,-754
112000150,181,865,-684
112000151,427,1024,-597
112000152,271,655,-384
112000153,260,493,-233
112000154,117,247,-130
112000155,366,120,246
112000157,1878,824,1054
112000158,324,1398,-1074
112000159,591,486,105
112000167,564,88,476
112000169,1666,772,894
112000173,777,319,458
112000175,455,639,-184
112000176,5339,3475,1864
112000177,851,201,650
112000178,121,878,-757
112000179,286,203,83
112000180,368,409,-41
112000181,1775,2565,-790
112000182,1292,2886,-1594
112000183,71,101,-30
112000184,383,1077,-694
112000185,546,820,-274
112000187,4719,3325,1394
112000195,272,40,232
112000196,292,3,289
112000197,241,171,70
112000198,33,425,-392
112000199,1718,1387,331
112000202,408,2,406
112000216,61,368,-307
112000230,93,8,85
112000231,2,305,-303
112000256,82,253,-171
112000313,172,229,-57
112000314,51,27,24
112000337,295,797,-502
112000352,544,423,121
112000392,2652,2401,251
112000398,1351,1233,118
112000399,12330,3724,8606
112000400,2549,6073,-3524
112000401,3684,4348,-664
112000402,3088,3159,-71
112000403,6057,3593,2464
112000404,716,988,-272
112000405,1965,3647,-1682
112000406,5021,4668,353
112000407,6389,8887,-2498
112000408,11291,11208,83
112000409,2319,7994,-5675
112000410,534,226,308
112000411,8195,1653,6542
112000412,1899,699,1200
112000413,15117,5544,9573
112000414,121,180,-59
112000415,76,82,-6
112000416,2559,1784,775
112000417,290,100,190
112000421,46,276,-230
112000422,560,973,-413
112000424,5104,3642,1462
112000425,610,1665,-1055
112000426,196,468,-272
112000427,1,18,-17
112000428,197,713,-516
112000429,4020,5206,-1186
112000430,5570,4738,832
112000431,103,224,-121
112000432,795,2803,-2008
112000433,626,1556,-930
112000437,67,368,-301
112900001,73,0,73
112900002,374,1640,-1266
112900003,42,478,-436
112900004,51,426,-375
112900005,235,376,-141
112900006,8,620,-612
112900007,28,345,-317
112900008,0,15,-15
112900009,512,101,411
112900010,337,1064,-727
112900011,438,445,-7
112900012,1,57,-56
112900013,0,350,-350
112900014,6,433,-427
112900015,519,1340,-821
112900016,2,333,-331
112900017,53,427,-374
112900018,2,425,-423
112900019,61,310,-249
112900020,661,2146,-1485
112900021,4,386,-382
112900022,16,144,-128
112900023,2,364,-362
112900024,42,382,-340
112900025,151,551,-400
112900026,3,453,-450
112900027,17,1760,-1743
112900028,25,217,-192
112900029,7,1062,-1055
112900030,294,318,-24
112900031,6,880,-874
112900032,195,377,-182
112900034,1,111,-110
112900035,31,748,-717
112900036,71,242,-171
112900037,328,170,158
112900038,750,247,503
112900039,23,523,-500
112900040,4,540,-536
112900041,2325,1842,483
112900042,29,699,-670
112900043,44,82,-38
112900044,1112,719,393
112900045,548,501,47
112900046,337,131,206
112900047,13,19,-6
112900049,202,128,74
112900050,163,904,-741
112900051,383,1217,-834
112900052,14,1693,-1679
112900053,487,171,316
112900054,327,56,271
112900055,237,38,199
112900056,581,221,360
112900057,17,1140,-1123
112900058,394,366,28
112900059,210,228,-18
112900060,13,434,-421
112900061,58,261,-203
112900062,58,208,-150
112900063,128,8,120
112900064,275,337,-62
112900065,55,54,1
112900066,215,189,26
112900067,730,268,462
112900068,37,44,-7
112900069,4222,910,3312
112900071,27,6,21
112900072,482,1861,-1379
112900073,420,101,319
112900074,134,239,-105
112900075,3347,1136,2211
112900076,159,14,145
112900078,327,501,-174
112900079,174,32,142
112900080,34,2,32
112900081,53,217,-164
112900082,536,25,511
112900083,163,73,90
112900084,291,124,167
112900086,55,1,54
112900087,760,141,619
112900088,117,10,107
112900089,879,29,850
112900090,41,12,29
112900091,223,2,221
112900092,218,300,-82
112900093,1531,29,1502
112900095,35,0,35
112900096,411,152,259
112900097,61,667,-606
112900098,202,2,200
112900099,900,18,882
112900100,52,1,51
112900101,239,5,234
112900102,165,14,151
112900103,217,4,213
112900104,141,3,138
112900105,13,0,13
112900106,520,161,359
112900107,4,1,3
112900108,11,1,10
112900109,91,0,91
112900110,1058,11,1047
112900111,645,6,639
112900112,373,2,371
112900113,0,15,-15
112900114,134,33,101
112900115,1057,7,1050
112900116,61,29,32
112900117,162,156,6
112900118,36,132,-96
112900119,219,1,218
112900120,1096,382,714
112900121,441,254,187
112900122,16,216,-200
112900123,125,31,94
112900124,10,202,-192
112900125,94,701,-607
112900126,196,335,-139
112900127,427,88,339
112900128,619,1202,-583
112900129,5,1457,-1452
112900130,327,94,233
112900131,88,333,-245
112900132,103,573,-470
112900133,54,1816,-1762
112900134,0,376,-376
112900135,112,72,40
112900137,10,1093,-1083
112900138,5,784,-779
112900139,370,1751,-1381
112900141,1339,347,992
112900142,109,223,-114
112900143,80,863,-783
112900144,2,701,-699
112900145,64,796,-732
112900146,16,2217,-2201
112900147,3,3387,-3384
112900148,69,2,67
112900149,280,902,-622
112900151,22,57,-35
112900152,6361,1365,4996
112900153,2741,2513,228
112900154,2,180,-178
112900155,346,14,332
112900156,391,2621,-2230
112900157,231,136,95
112900158,66,35,31
112900159,270,116,154
112900160,47,528,-481
112900161,119,39,80
112900162,40,27,13
112900163,149,35,114
112900164,49,137,-88
112900165,101,63,38
112900166,102,63,39
112900167,3,53,-50
112900168,1,6,-5
112900169,7,14,-7
112900170,63,137,-74
112900172,99,18,81
112900173,300,157,143
112900174,429,50,379
112900175,231,258,-27
112900176,12,28,-16
112900177,250,52,198
112900178,885,3036,-2151
112900179,60,677,-617
112900180,2526,2608,-82
112900181,583,6,577
112900182,59,2024,-1965
112900183,217,407,-190
112900184,749,671,78
112900185,454,790,-336
112900186,2174,1311,863
112900187,126,570,-444
112900188,1067,541,526
112900189,31,77,-46
112900190,160,82,78
112900192,788,964,-176
112900193,1758,563,1195
112900194,84,196,-112
112900195,1935,65,1870
112900196,412,775,-363
112900197,246,612,-366
112900199,537,952,-415
112900200,636,456,180
112900201,62,163,-101
112900202,422,1425,-1003
112900203,261,555,-294
112900204,1351,696,655
112900205,5,17,-12
112900206,10,83,-73
112900207,15,0,15
112900208,92,305,-213
112900209,663,627,36
112900210,0,35,-35
112900211,156,89,67
112900212,2,133,-131
112900213,15,27,-12
112900214,54,8,46
112900215,10,367,-357
112900216,30,133,-103
112900217,1,95,-94
112900218,13,33,-20
112900219,35,0,35
112900220,2,0,2
112900221,17,217,-200
112900222,0,35,-35
112900223,1458,18,1440
112900224,223,1189,-966
112900225,408,868,-460
112900226,341,408,-67
112900227,529,1829,-1300
112900228,59,59,0
112900229,182,95,87
112900230,11651,5737,5914
112900232,272,281,-9
112900233,65,299,-234
112900234,14,193,-179
112900235,99,31,68
112900236,268,19,249
112900237,191,552,-361
112900238,3,56,-53
112900239,1127,479,648
113000001,7809,12819,-5010
113000002,5405,6298,-893
113000003,2987,5261,-2274
113000004,2877,4816,-1939
113000005,2747,2239,508
113000006,2055,2776,-721
113000007,2954,2415,539
113000008,3134,3332,-198
113000009,1515,1802,-287
113000010,1583,2780,-1197
113000011,1437,2063,-626
113000012,2020,2040,-20
113000013,1627,1041,586
113000014,2054,1660,394
113000015,751,306,445
113000016,812,801,11
113000017,99,381,-282
113000018,665,133,532
113000019,276,304,-28
113000020,186,52,134
113000021,4701,1123,3578
113000022,1085,1788,-703
113000025,119,393,-274
113000026,867,664,203
113000027,4106,649,3457
113000028,3326,669,2657
113000029,1159,998,161
113000030,819,976,-157
113000031,406,522,-116
113000032,409,527,-118
113000033,419,555,-136
113000034,659,633,26
113000035,68,56,12
113000036,31,34,-3
113000037,110,70,40
113000038,21,74,-53
113000039,116,1614,-1498
113000040,146,144,2
113000042,1399,1010,389
113000051,1096,4065,-2969
113000052,3439,2343,1096
113000053,521,1081,-560
113000054,465,1714,-1249
113000055,1447,1406,41
113000056,1277,1938,-661
113000058,1213,1030,183
113000059,1657,1103,554
113000060,253,720,-467
113000061,1186,1479,-293
113000062,2412,492,1920
113000063,142,578,-436
113000064,52,804,-752
113000065,216,1779,-1563
113000066,897,246,651
113000067,2503,2259,244
113000068,525,3015,-2490
113000069,923,2239,-1316
113000070,2742,1724,1018
113000071,470,1187,-717
113000072,934,925,9
113000073,1112,2676,-1564
113000074,1504,890,614
113000075,3471,1216,2255
113000076,2310,2741,-431
113000077,1928,836,1092
113000078,1423,3951,-2528
113000079,963,1362,-399
113000080,1019,877,142
113000081,1263,1396,-133
113000082,2235,1073,1162
113000083,817,1435,-618
113000084,2713,1721,992
113000085,1093,1067,26
113000086,1664,1897,-233
113000087,1330,1343,-13
113000088,5046,2158,2888
113000089,1373,2445,-1072
113000090,523,1157,-634
113000091,1115,591,524
113000094,2571,395,2176
113000095,745,1562,-817
113000096,393,1302,-909
113000097,2281,707,1574
113000098,204,79,125
113000099,2652,491,2161
113000100,255,675,-420
113000101,801,919,-118
113000102,1176,660,516
113000103,4245,797,3448
113000104,618,5341,-4723
113000105,1123,877,246
113000106,629,880,-251
113000107,1465,1701,-236
113000108,1814,2481,-667
113000109,1267,9329,-8062
113000110,2220,833,1387
113000111,433,2047,-1614
113000112,601,601,0
113000113,2186,380,1806
113000114,425,2846,-2421
113000116,1172,313,859
113000117,1261,167,1094
113000118,325,715,-390
113000119,402,566,-164
113000120,116,369,-253
113000121,905,1384,-479
113000124,346,221,125
113000125,114,957,-843
113000127,5172,780,4392
113000128,983,1027,-44
113000129,810,2163,-1353
113000133,5957,2602,3355
113000134,23,2448,-2425
113000135,4975,5793,-818
113000137,2752,3977,-1225
113000139,598,296,302
113000140,200,429,-229
113000141,470,304,166
113000142,870,1805,-935
113000143,392,300,92
113000144,495,1012,-517
113000145,96,238,-142
113000146,176,177,-1
113000147,197,222,-25
113000148,192,158,34
113000149,88,202,-114
113000150,838,693,145
113000151,138,174,-36
113000152,23,181,-158
113000153,2778,861,1917
113000154,1058,2406,-1348
113000155,485,869,-384
113000156,205,633,-428
113000157,405,1550,-1145
113000158,847,378,469
113000159,1116,1155,-39
113000160,833,2060,-1227
113000161,346,934,-588
113000162,934,777,157
113000163,115,113,2
113000164,28,134,-106
113000166,181,118,63
113000167,47,251,-204
113000168,71,211,-140
113000169,189,113,76
113000170,167,168,-1
113000171,92,151,-59
113000172,276,105,171
113000173,60,23,37
113000174,127,845,-718
113000175,491,264,227
113000176,642,246,396
113000177,174,848,-674
113000178,217,635,-418
113000179,425,250,175
113000180,1481,2824,-1343
113000181,1469,1384,85
113000182,315,1072,-757
113000183,229,894,-665
113000184,55,117,-62
113000189,767,1133,-366
113000190,1770,853,917
113000192,4175,2039,2136
113000193,11270,1451,9819
113000194,4896,1573,3323
113000195,6697,1014,5683
113000196,308,170,138
113000197,4294,1666,2628
113000198,64,529,-465
113000199,1938,700,1238
113000201,2647,239,2408
113000202,7021,8351,-1330
113000203,1011,385,626
113000204,3404,2394,1010
113000205,63,37,26
113000206,27,38,-11
113000207,106,29,77
113000208,45,82,-37
113000209,40,34,6
113000210,3,47,-44
113000211,751,412,339
113000212,708,51,657
113000213,43,473,-430
113000214,347,648,-301
113000234,192,1905,-1713
113000410,301,365,-64
113000411,3825,7036,-3211
113000412,13576,3681,9895
113000413,6497,4632,1865
113000414,12321,18848,-6527
113000415,3852,5435,-1583
113000416,13373,7421,5952
113000417,4822,6704,-1882
113000418,4743,3869,874
113000419,2363,3215,-852
113000420,5172,8077,-2905
113000421,5747,9521,-3774
113000422,21122,18225,2897
113000423,4241,7636,-3395
113000424,5737,16433,-10696
113000425,22,215,-193
113000428,119,9,110
113000430,42,34,8
113000432,3351,242,3109
113000433,178,1446,-1268
113000434,32,335,-303
113000435,50,1143,-1093
113000436,107,1974,-1867
113000437,1005,25,980
113000438,304,8,296
113000439,54,282,-228
113000440,170,31,139
113000441,289,486,-197
113000442,195,393,-198
113000443,240,638,-398
113000444,230,363,-133
113000445,149,407,-258
113000446,52,128,-76
113000448,492,376,116
113000449,589,2539,-1950
113000450,1961,11663,-9702
113000451,3191,352,2839
113000452,738,1341,-603
113000453,272,548,-276
113000454,4370,114,4256
113000455,153,204,-51
113000456,5768,4032,1736
113000468,4350,455,3895
113000469,1443,520,923
113000470,1168,142,1026
113000471,31,1048,-1017
113000472,142,498,-356
113000474,433,1073,-640
113000475,2058,3123,-1065
113000476,1268,2537,-1269
113000477,3031,3032,-1
113000478,5495,9450,-3955
113000479,116,388,-272
113000480,293,168,125
113000484,0,0,0
113000485,0,0,0
113000486,0,0,0
113000487,0,0,0
113000488,0,0,0
113000489,0,2,-2
113000490,0,2,-2
113000491,0,2,-2
113000492,0,1,-1
113000493,0,0,0
113000495,266,396,-130
113000496,181,216,-35
113000499,0,0,0
113900001,0,391,-391
113900002,2,396,-394
113900003,0,295,-295
113900004,3,143,-140
113900005,2,122,-120
113900006,0,43,-43
113900007,621,59,562
113900008,921,2,919
113900009,2001,5,1996
113900010,1222,5,1217
113900011,144,11,133
113900012,46,9,37
113900013,2343,52,2291
113900014,740,4,736
113900015,0,56,-56
113900016,45,0,45
113900017,2,72,-70
113900018,653,195,458
113900019,115,83,32
113900020,141,1,140
113900022,19,2,17
113900023,21,0,21
113900024,75,163,-88
113900025,531,42,489
113900026,91,0,91
113900027,5,147,-142
113900028,19,719,-700
113900029,51,346,-295
113900030,253,4,249
113900031,23,0,23
113900032,37,2,35
113900033,125,155,-30
113900035,87,2,85
113900036,36,189,-153
113900037,102,776,-674
113900038,143,213,-70
113900039,168,32,136
113900040,7,15,-8
113900041,9,4,5
113900042,112,100,12
113900043,337,191,146
113900044,230,233,-3
113900045,101,1,100
113900046,344,964,-620
113900047,51,219,-168
113900048,350,107,243
113900049,1267,454,813
113900050,278,678,-400
113900051,425,721,-296
113900052,228,170,58
113900053,968,869,99
113900054,46,3,43
113900055,192,798,-606
113900056,145,281,-136
113900057,18,168,-150
113900058,104,379,-275
113900059,487,575,-88
113900060,133,361,-228
113900061,1465,285,1180
113900062,118,30,88
113900063,163,212,-49
113900064,45,366,-321
113900065,671,32,639
113900066,437,661,-224
113900067,135,450,-315
113900068,760,693,67
113900069,158,53,105
113900070,301,607,-306
113900071,119,111,8
113900072,82,257,-175
113900073,403,614,-211
113900074,69,555,-486
113900075,1893,1615,278
113900076,190,9,181
113900077,86,357,-271
113900078,112,90,22
113900079,2,92,-90
113900080,653,286,367
113900081,86,357,-271
113900082,201,517,-316
113900083,333,856,-523
113900084,478,193,285
113900085,62,463,-401
113900086,44,26,18
113900087,56,197,-141
113900088,80,85,-5
113900089,565,83,482
113900090,944,582,362
113900091,52,66,-14
113900092,59,121,-62
113900093,188,1285,-1097
113900094,439,658,-219
113900095,307,208,99
113900096,345,87,258
113900097,15,228,-213
113900098,901,173,728
113900099,3,192,-189
113900100,0,6,-6
113900101,23,97,-74
113900102,279,170,109
113900103,716,351,365
113900104,226,343,-117
113900105,93,558,-465
113900106,1,162,-161
113900107,0,70,-70
113900108,465,339,126
113900109,635,229,406
113900110,91,19,72
113900111,162,141,21
113900112,155,104,51
113900113,1076,783,293
113900114,2,191,-189
113900115,1,145,-144
113900116,229,248,-19
113900117,210,33,177
113900118,341,537,-196
113900119,408,655,-247
113900120,112,48,64
113900121,40,115,-75
113900122,637,2576,-1939
113900123,816,333,483
113900124,2,115,-113
113900125,2736,269,2467
113900126,208,92,116
113900127,273,875,-602
113900128,185,87,98
113900129,23,237,-214
113900130,8,24,-16
113900131,288,155,133
113900132,135,85,50
113900133,21,44,-23
113900135,513,831,-318
113900136,160,115,45
113900137,720,418,302
113900138,99,289,-190
113900139,777,211,566
113900140,591,388,203
113900141,633,827,-194
113900142,200,142,58
113900143,22,43,-21
113900144,330,248,82
113900145,581,432,149
113900146,208,107,101
113900148,337,551,-214
113900149,289,169,120
113900150,1405,1049,356
113900151,506,439,67
113900152,36,83,-47
113900153,599,979,-380
113900154,5,155,-150
113900155,298,212,86
113900156,396,957,-561
113900157,52,419,-367
113900158,660,432,228
113900159,34,272,-238
113900160,684,970,-286
113900161,122,433,-311
113900162,716,963,-247
113900163,515,419,96
113900164,404,77,327
113900165,1193,829,364
113900166,336,248,88
113900167,284,63,221
113900168,230,136,94
113900169,455,660,-205
113900171,203,114,89
113900172,12,271,-259
113900173,44,1008,-964
113900174,797,989,-192
113900175,589,200,389
113900176,383,1034,-651
113900177,686,277,409
113900178,462,162,300
113900179,30,1021,-991
113900180,271,146,125
113900181,1367,166,1201
113900182,959,1358,-399
113900183,138,108,30
113900184,20,754,-734
113900185,375,140,235
113900186,18,93,-75
113900187,48,233,-185
113900188,45,229,-184
113900189,374,159,215
113900190,575,178,397
113900191,200,350,-150
113900192,19,917,-898
113900193,40,316,-276
113900194,3492,1756,1736
113900195,515,809,-294
113900196,5,146,-141
113900197,6,390,-384
113900198,35,216,-181
113900199,199,1110,-911
113900200,23,350,-327
113900201,2,365,-363
113900202,55,478,-423
113900203,6,261,-255
113900204,63,844,-781
113900205,10,308,-298
113900206,5,216,-211
113900207,1,77,-76
113900208,2,94,-92
113900209,3,102,-99
113900210,888,1251,-363
113900211,215,83,132
113900212,224,883,-659
113900214,705,584,121
113900215,58,252,-194
113900216,123,1803,-1680
113900217,81,400,-319
113900218,117,68,49
113900219,150,709,-559
113900220,351,173,178
113900221,579,267,312
113900222,503,763,-260
113900223,144,1573,-1429
113900224,139,90,49
113900225,985,344,641
113900226,418,227,191
113900227,497,350,147
113900228,374,523,-149
113900229,82,1014,-932
113900230,7246,4724,2522
113900231,249,429,-180
113900232,147,155,-8
113900233,119,96,23
113900234,550,876,-326
113900235,101,50,51
113900236,199,604,-405
113900237,232,20,212
113900238,497,868,-371
113900239,260,148,112
113900240,8,226,-218
113900241,167,137,30
113900242,99,301,-202
113900243,211,707,-496
113900244,757,348,409
113900245,2015,401,1614
113900246,22,30,-8
113900247,239,519,-280
113900248,5109,2801,2308
113900249,1837,548,1289
113900250,90,218,-128
113900251,818,328,490
113900252,668,23,645
113900253,1070,69,1001
113900254,1141,253,888
113900255,479,45,434
113900256,491,34,457
113900257,46,1056,-1010
113900258,16,844,-828
113900259,594,336,258
113900260,236,21,215
113900261,82,162,-80
113900262,217,1126,-909
113900263,265,1021,-756
113900264,7,876,-869
113900265,241,428,-187
113900266,52,401,-349
113900267,190,752,-562
113900268,490,551,-61
113900269,65,277,-212
113900270,474,607,-133
113900271,915,1928,-1013
113900273,253,20,233
113900274,55,34,21
113900275,42,100,-58
113900276,3,352,-349
113900277,185,5,180
113900278,351,276,75
113900279,99,150,-51
113900280,1658,783,875
113900281,704,1959,-1255
113900282,1263,781,482
113900283,568,630,-62
113900284,1221,287,934
113900285,137,17,120
113900286,11,170,-159
113900287,36,115,-79
113900288,1,102,-101
113900289,2046,176,1870
113900290,699,246,453
113900291,138,205,-67
113900292,21,16,5
113900293,4,457,-453
113900294,650,53,597
113900295,670,555,115
113900296,3648,528,3120
113900297,2318,62,2256
113900298,22,2206,-2184
113900299,72,357,-285
113900300,9592,5415,4177
113900301,1543,663,880
113900302,3690,1370,2320
113900303,854,417,437
113900304,2,220,-218
113900305,114,0,114
113900306,38,0,38
113900307,106,1,105
113900308,128,198,-70
113900309,1,1165,-1164
113900310,0,26,-26
113900311,2,3,-1
113900312,276,209,67
113900313,41,20,21
114000001,1434,6228,-4794
114000002,239,765,-526
114000003,64,545,-481
114000004,367,566,-199
114000005,292,361,-69
114000006,4593,3422,1171
114000007,1148,2339,-1191
114000008,2496,2160,336
114000009,1046,337,709
114000011,3698,5699,-2001
114000012,2955,4482,-1527
114000013,2174,3652,-1478
114000014,612,573,39
114000015,1974,781,1193
114000016,266,620,-354
114000017,249,419,-170
114000018,810,55,755
114000026,1994,2818,-824
114000027,3692,3530,162
114000028,3332,3780,-448
114000038,376,215,161
114000039,104,139,-35
114000040,110,322,-212
114000042,287,301,-14
114000043,100,279,-179
114000044,136,96,40
114000045,67,113,-46
114000046,4362,7792,-3430
114000047,44,102,-58
114000048,256,60,196
114000049,2414,2229,185
114000050,2536,2752,-216
114000051,4804,2801,2003
114000052,4868,2102,2766
114000053,134,825,-691
114000054,222,2121,-1899
114000055,372,55,317
114000056,1889,988,901
114000057,15991,3717,12274
114000058,997,2216,-1219
114000059,480,582,-102
114000060,1197,1392,-195
114000061,6320,3530,2790
114000062,3852,1844,2008
114000063,4677,2677,2000
114000064,10405,5563,4842
114000065,2682,4056,-1374
114000066,608,941,-333
114000067,52,1158,-1106
114000068,509,987,-478
114000069,1959,849,1110
114000070,3792,2474,1318
114000071,1216,854,362
114000072,471,831,-360
114000073,9,178,-169
114000074,51,33,18
114000075,78,312,-234
114000076,32,302,-270
114000077,18,113,-95
114000078,364,1307,-943
114000079,155,53,102
114000080,119,200,-81
114000081,103,106,-3
114000082,38,918,-880
114000083,53,497,-444
114000084,395,140,255
114000085,169,1271,-1102
114000086,306,844,-538
114000087,114,335,-221
114000088,71,125,-54
114000089,2783,852,1931
114000090,1174,877,297
114000091,3093,964,2129
114000092,1583,595,988
114000093,1548,1053,495
114000094,567,761,-194
114000095,335,157,178
114000096,228,687,-459
114000097,186,1109,-923
114000098,543,130,413
114000099,581,1282,-701
114000100,1541,1494,47
114000101,513,1551,-1038
114000102,613,508,105
114000103,198,763,-565
114000104,8,681,-673
114000105,185,89,96
114000106,2402,1198,1204
114000107,329,150,179
114000108,4810,1735,3075
114000109,504,1197,-693
114000110,762,2671,-1909
114000111,1798,1068,730
114000112,561,2764,-2203
114000113,1277,630,647
114000114,1663,2289,-626
114000115,2508,1077,1431
114000116,700,2003,-1303
114000117,3161,628,2533
114000118,2873,678,2195
114000119,2056,595,1461
114000120,918,1154,-236
114000121,652,1029,-377
114000122,623,366,257
114000123,2044,444,1600
114000124,1728,474,1254
114000125,1054,2578,-1524
114000126,1577,299,1278
114000127,199,293,-94
114000128,1339,837,502
114000130,624,775,-151
114000131,262,122,140
114000132,794,1001,-207
114000133,1353,2406,-1053
114000134,94,301,-207
114000138,89,340,-251
114000139,658,223,435
114000144,1093,675,418
114000145,117,271,-154
114000146,141,594,-453
114000147,1604,2256,-652
114000148,2999,2477,522
114000149,428,403,25
114000150,1265,953,312
114000151,1500,1485,15
114000152,260,52,208
114000153,1326,2234,-908
114000154,1379,948,431
114000155,1717,3206,-1489
114000156,2053,741,1312
114000157,534,1603,-1069
114000158,3231,1046,2185
114000159,212,498,-286
114000160,179,304,-125
114000161,2798,3342,-544
114000162,1527,2736,-1209
114000163,8,220,-212
114000165,756,252,504
114000166,1234,473,761
114000167,7032,1979,5053
114000168,1050,975,75
114000169,3381,1400,1981
114000170,1716,1424,292
114000171,1149,4077,-2928
114000174,328,796,-468
114000176,1326,621,705
114000177,3379,1265,2114
114000178,53,115,-62
114000179,1977,1297,680
114000180,785,1054,-269
114000181,2261,4615,-2354
114000182,9312,3593,5719
114000183,1330,1485,-155
114000184,9610,2022,7588
114000185,1339,1368,-29
114000189,849,134,715
114000190,2681,427,2254
114000191,49,122,-73
114000192,413,2851,-2438
114000193,1149,4661,-3512
114000194,1892,1546,346
114000195,162,38,124
114000196,4,512,-508
114000197,1529,121,1408
114000198,1782,562,1220
114000199,3215,1755,1460
114000200,907,3485,-2578
114000201,484,1632,-1148
114000202,1621,1142,479
114000203,615,1198,-583
114000204,122,768,-646
114000205,252,2550,-2298
114000206,784,2069,-1285
114000207,1104,3321,-2217
114000208,807,4925,-4118
114000209,900,4644,-3744
114000210,456,2419,-1963
114000211,1425,2109,-684
114000212,1154,1082,72
114000213,1812,988,824
114000214,139,335,-196
114000215,236,118,118
114000216,1855,473,1382
114000217,252,443,-191
114000218,122,414,-292
114000219,1799,349,1450
114000220,21,2187,-2166
114000221,945,235,710
114000222,273,2022,-1749
114000223,628,154,474
114000224,177,1239,-1062
114000225,278,861,-583
114000226,139,352,-213
114000227,1010,642,368
114000228,1022,1416,-394
114000229,1437,1817,-380
114000230,2146,2118,28
114000231,1314,1878,-564
114000232,828,252,576
114000233,2494,199,2295
114000234,1564,1314,250
114000235,1226,2027,-801
114000236,1,785,-784
114000237,132,1559,-1427
114000238,147,379,-232
114000239,231,2055,-1824
114000240,942,933,9
114000241,364,1918,-1554
114000242,1329,1653,-324
114000243,2485,1230,1255
114000244,1058,563,495
114000245,484,902,-418
114000246,256,51,205
114000247,979,1068,-89
114000248,1372,1036,336
114000249,814,743,71
114000250,656,1034,-378
114000251,439,602,-163
114000252,125,153,-28
114000253,95,456,-361
114000254,22,149,-127
114000255,1411,342,1069
114000256,3932,2233,1699
114000257,663,2491,-1828
114000258,355,602,-247
114000259,71,413,-342
114000260,0,34,-34
114000261,66,79,-13
114000262,127,280,-153
114000263,24,1,23
114000264,1343,985,358
114000265,0,0,0
114000267,5,2136,-2131
114000268,7,2417,-2410
114000270,181,0,181
114000271,786,121,665
114000283,1212,657,555
114000285,50,367,-317
114000288,72,582,-510
114000289,1513,195,1318
114000293,175,761,-586
114000294,179,409,-230
114000395,2256,114,2142
114000396,536,641,-105
114000402,568,427,141
114000403,435,804,-369
114000405,192,786,-594
114000423,304,680,-376
114000424,366,274,92
114000425,606,689,-83
114000426,388,1126,-738
114000427,49,151,-102
114000428,414,222,192
114000429,30,327,-297
114000432,177,202,-25
114000434,78,181,-103
114000435,13,270,-257
114900001,721,1988,-1267
114900002,612,148,464
114900003,659,3085,-2426
114900004,226,504,-278
114900005,592,1356,-764
114900006,62,134,-72
114900007,211,32,179
114900008,208,95,113
114900010,3980,3047,933
114900011,230,177,53
114900013,213,174,39
114900015,89,448,-359
114900018,1105,51,1054
114900020,341,89,252
114900022,18,1028,-1010
114900024,465,186,279
114900025,454,363,91
114900026,54,161,-107
114900027,333,348,-15
114900029,37,46,-9
114900030,400,363,37
114900031,343,34,309
114900032,390,68,322
114900033,2787,826,1961
114900034,84,332,-248
114900035,157,446,-289
114900036,444,1307,-863
114900037,160,294,-134
114900038,256,1052,-796
114900039,535,877,-342
114900040,118,465,-347
114900041,676,862,-186
114900042,862,1116,-254
114900043,1490,573,917
114900044,160,31,129
114900046,125,266,-141
114900047,359,2055,-1696
114900048,109,408,-299
114900049,26,408,-382
114900050,33,929,-896
114900051,28,683,-655
114900052,92,326,-234
114900053,111,447,-336
114900054,39,185,-146
114900057,360,15,345
114900058,1,123,-122
114900059,99,70,29
114900060,1961,942,1019
114900061,185,249,-64
114900062,440,469,-29
114900063,68,361,-293
114900064,1349,799,550
114900065,385,1036,-651
114900067,68,538,-470
114900068,108,324,-216
114900069,324,304,20
114900070,648,796,-148
114900072,18,484,-466
114900073,2,316,-314
114900074,579,1335,-756
114900075,338,9,329
114900076,16,475,-459
114900080,4278,633,3645
114900082,5710,2699,3011
114900083,1744,1584,160
114900090,469,290,179
114900091,234,334,-100
114900095,702,179,523
114900096,788,1004,-216
114900097,142,1,141
114900098,14,401,-387
114900099,244,5,239
115000001,12237,8380,3857
115000002,5487,5264,223
115000003,7180,6022,1158
115000004,5611,7492,-1881
115000005,2861,4215,-1354
115000006,1629,2387,-758
115000007,113,334,-221
115000008,904,801,103
115000009,389,629,-240
115000010,610,203,407
115000013,157,383,-226
115000015,110,591,-481
115000016,266,295,-29
115000019,35,679,-644
115000020,289,814,-525
115000021,364,733,-369
115000022,795,693,102
115000023,493,804,-311
115000024,1798,860,938
115000025,1196,984,212
115000026,190,763,-573
115000027,282,429,-147
115000028,316,1184,-868
115000029,787,202,585
115000030,944,1489,-545
115000031,1592,600,992
115000032,11,347,-336
115000033,163,28,135
115000034,168,1565,-1397
115000035,1479,81,1398
115000036,2,482,-480
115000037,627,11,616
115000038,59,245,-186
115000039,4905,4018,887
115000040,10020,5114,4906
115000041,1553,3697,-2144
115000042,1107,1255,-148
115000043,4845,3980,865
115000044,5077,6791,-1714
115000045,4080,3653,427
115000046,2388,4383,-1995
115000047,2082,3154,-1072
115000048,1927,4394,-2467
115000049,1974,5408,-3434
115000050,4725,3143,1582
115000051,3164,3832,-668
115000052,5066,3016,2050
115000053,2097,2596,-499
115000054,912,2295,-1383
115000055,198,592,-394
115000056,327,469,-142
115000057,690,732,-42
115000058,262,223,39
115000059,194,183,11
115000061,429,134,295
115000062,441,453,-12
115000063,326,496,-170
115000064,281,194,87
115000065,228,529,-301
115000067,272,64,208
115000069,103,514,-411
115000070,57,1503,-1446
115000071,157,14,143
115000072,10,101,-91
115000073,2371,105,2266
115000075,167,97,70
115000076,6923,4771,2152
115000077,2447,4608,-2161
115000078,1527,2583,-1056
115000079,1675,3469,-1794
115000080,3130,4122,-992
115000081,559,1381,-822
115000082,4879,5105,-226
115000083,2787,4153,-1366
115000084,2479,1962,517
115000085,903,1572,-669
115000086,1287,1686,-399
115000087,597,2420,-1823
115000088,2707,1087,1620
115000089,2311,2069,242
115000090,1145,1376,-231
115000091,564,1865,-1301
115000092,460,516,-56
115000093,705,3,702
115000094,13457,7281,6176
115000095,10002,6913,3089
115000096,909,3190,-2281
115000097,905,1227,-322
115000098,1183,1261,-78
115000099,2789,5243,-2454
115000100,1226,815,411
115000101,560,2364,-1804
115000102,688,352,336
115000103,445,1135,-690
115000105,61,289,-228
115000106,567,390,177
115000107,187,970,-783
115000108,5922,3738,2184
115000109,8875,5052,3823
115000110,1897,1728,169
115000111,981,2555,-1574
115000112,862,890,-28
115000113,818,1265,-447
115000114,2463,1291,1172
115000116,5734,2692,3042
115000117,6047,3942,2105
115000118,2625,2406,219
115000119,2477,3056,-579
115000120,774,1429,-655
115000121,1887,1308,579
115000122,5216,3607,1609
115000123,2987,2776,211
115000124,1328,1953,-625
115000125,822,839,-17
115000126,354,436,-82
115000127,925,285,640
115000128,1773,1172,601
115000129,600,384,216
115000130,513,1673,-1160
115000131,1012,481,531
115000132,174,883,-709
115000133,621,491,130
115000134,332,330,2
115000135,433,359,74
115000136,316,355,-39
115000137,198,258,-60
115000138,255,382,-127
115000139,398,339,59
115000140,299,338,-39
115000141,255,434,-179
115000142,219,430,-211
115000143,737,880,-143
115000144,710,144,566
115000145,501,638,-137
115000146,775,434,341
115000147,1235,722,513
115000148,562,2325,-1763
115000149,978,390,588
115000150,1061,2038,-977
115000151,1226,716,510
115000152,1277,2245,-968
115000153,2241,880,1361
115000154,1109,555,554
115000155,1336,1758,-422
115000156,2649,1034,1615
115000157,2286,1420,866
115000158,1592,581,1011
115000159,1703,849,854
115000160,1130,1141,-11
115000161,847,975,-128
115000162,1129,949,180
115000163,970,717,253
115000164,990,646,344
115000165,667,607,60
115000167,300,127,173
115000168,1644,461,1183
115000169,2085,367,1718
115000170,483,191,292
115000171,669,262,407
115000172,3218,1006,2212
115000173,810,770,40
115000174,287,374,-87
115000175,346,178,168
115000176,306,148,158
115000177,278,156,122
115000178,53,432,-379
115000179,47,32,15
115000180,164,1226,-1062
115000181,753,253,500
115000182,899,624,275
115000183,327,1692,-1365
115000186,900,465,435
115000187,264,1165,-901
115000188,663,994,-331
115000189,461,785,-324
115000190,1618,864,754
115000191,629,809,-180
115000194,332,217,115
115000195,470,453,17
115000196,182,219,-37
115000197,233,482,-249
115000198,287,347,-60
115000199,399,354,45
115000200,402,191,211
115000201,184,661,-477
115000206,485,179,306
115000207,192,566,-374
115000208,861,1105,-244
115000209,761,410,351
115000210,175,221,-46
115000211,366,441,-75
115000212,4096,454,3642
115000224,595,114,481
115000225,60,100,-40
115000229,391,230,161
115000230,105,809,-704
115000231,406,3768,-3362
115000232,2002,434,1568
115000233,343,293,50
115000234,57,420,-363
115000241,82,425,-343
115000242,118,561,-443
115000243,69,412,-343
115000244,4,132,-128
115000246,80,30,50
115000247,25,37,-12
115000248,41,32,9
115000249,67,24,43
115000250,903,61,842
115000251,245,276,-31
115000252,115,366,-251
115000253,22,532,-510
115000258,319,359,-40
115000259,525,239,286
115000261,24,63,-39
115000262,7,60,-53
115000263,23,136,-113
115000264,17,95,-78
115000267,87,111,-24
115000268,38,200,-162
115000269,161,91,70
115000270,11,40,-29
115000272,55,264,-209
115000273,514,66,448
115000280,3241,270,2971
115000281,963,663,300
115000282,2662,826,1836
115000284,465,252,213
115000296,1300,14,1286
115000297,808,179,629
115000298,344,397,-53
115000300,260,328,-68
115000302,547,352,195
115000303,952,232,720
115000304,989,193,796
115000305,129,1649,-1520
115000306,246,908,-662
115000307,109,414,-305
115000308,106,31,75
115000309,38,54,-16
115000310,1239,1396,-157
115000311,979,2339,-1360
115000313,205,1344,-1139
115000314,502,199,303
115000315,1715,482,1233
115000316,74,134,-60
115000317,276,1039,-763
115000318,1267,542,725
115000319,117,467,-350
115000320,29,452,-423
115000321,767,10,757
115000322,75,393,-318
115000449,437,357,80
115000557,3,1802,-1799
115000558,723,86,637
115000587,786,614,172
115000588,4446,5663,-1217
115000589,5409,4275,1134
115000590,1682,2162,-480
115000591,1950,1470,480
115000592,1220,2840,-1620
115000593,2271,1217,1054
115000594,1162,3527,-2365
115000609,206,353,-147
115000617,2873,4308,-1435
115000624,279,96,183
115000633,644,2996,-2352
115000634,4809,1382,3427
115000635,736,254,482
115000638,2078,1315,763
115000641,158,196,-38
115000642,574,468,106
115000643,101,804,-703
115000644,190,578,-388
115000646,1037,1866,-829
115000647,312,916,-604
115000648,1975,2812,-837
115000893,5042,2507,2535
115000894,184,1629,-1445
115000895,705,1229,-524
115000896,2236,646,1590
115000897,762,157,605
115000898,1337,363,974
115000899,1477,2086,-609
115000900,177,853,-676
115000901,115,220,-105
115000912,477,160,317
115000913,3,59,-56
115000915,104,1,103
115000916,36,1,35
115000917,0,18,-18
115000918,115,450,-335
115000919,33,20,13
115000920,238,124,114
115000921,1647,399,1248
115000922,2933,1407,1526
115000923,1139,1208,-69
115000925,116,128,-12
115000927,95,57,38
115000933,928,223,705
115000934,178,307,-129
115000935,155,214,-59
115000936,95,754,-659
115000937,2021,384,1637
115000938,188,324,-136
115000939,139,213,-74
115900001,71,90,-19
115900002,118,325,-207
115900003,188,204,-16
115900004,2,85,-83
115900005,234,15,219
115900006,230,691,-461
115900008,60,22,38
115900009,93,525,-432
115900010,316,320,-4
115900011,440,429,11
115900012,145,154,-9
115900013,614,365,249
115900014,113,235,-122
115900015,80,135,-55
115900016,97,82,15
115900017,9,4,5
115900018,254,151,103
115900019,578,40,538
115900020,32,1,31
115900021,2595,230,2365
115900022,3937,18,3919
115900023,11,8,3
115900025,101,389,-288
115900026,1233,434,799
115900027,1,554,-553
115900028,827,113,714
115900029,25,725,-700
115900030,98,39,59
115900031,768,390,378
115900032,687,1371,-684
115900033,2,58,-56
115900034,46,807,-761
115900035,144,27,117
115900036,466,932,-466
115900037,81,654,-573
115900038,156,13,143
115900039,221,540,-319
115900041,603,680,-77
115900042,67,16,51
115900043,164,232,-68
115900044,398,376,22
115900046,255,448,-193
115900047,199,133,66
115900049,229,373,-144
115900051,6,130,-124
115900052,14,346,-332
115900053,224,391,-167
115900054,217,108,109
115900055,20,208,-188
115900056,244,539,-295
115900057,134,20,114
115900058,19,78,-59
115900060,77,183,-106
115900061,251,0,251
115900062,33,436,-403
115900063,41,18,23
115900064,245,624,-379
115900065,128,133,-5
115900066,242,268,-26
115900067,22,1037,-1015
115900068,4619,1050,3569
115900069,68,355,-287
115900070,317,344,-27
115900071,2,901,-899
115900072,69,319,-250
115900073,101,91,10
115900074,6,516,-510
115900075,23,362,-339
115900076,8,121,-113
115900077,10,420,-410
115900078,28,158,-130
115900079,231,23,208
115900080,719,383,336
115900081,20,91,-71
115900082,220,217,3
115900084,404,61,343
115900085,121,64,57
115900086,2410,652,1758
115900088,51,106,-55
115900089,278,963,-685
115900090,343,27,316
115900091,24,38,-14
115900092,43,292,-249
115900093,13,52,-39
115900094,5,609,-604
115900096,0,24,-24
115900097,14,692,-678
115900098,212,770,-558
115900099,62,71,-9
115900100,13,825,-812
115900101,155,660,-505
115900102,120,119,1
115900103,341,403,-62
115900104,50,219,-169
115900105,150,1088,-938
115900106,62,42,20
115900107,33,235,-202
115900108,85,59,26
115900109,71,602,-531
115900110,0,38,-38
115900111,5,123,-118
115900112,67,1603,-1536
115900113,35,26,9
115900114,2,184,-182
115900115,86,260,-174
115900116,129,1462,-1333
115900117,68,40,28
115900118,4,415,-411
115900119,529,168,361
115900120,32,635,-603
115900121,192,428,-236
115900124,199,746,-547
115900125,312,45,267
115900126,840,98,742
115900127,777,90,687
115900128,8,81,-73
115900129,850,59,791
115900130,55,354,-299
115900131,388,52,336
115900132,587,22,565
115900134,336,16,320
115900135,856,1274,-418
115900137,23,1,22
115900139,126,117,9
115900140,185,43,142
115900141,25,66,-41
115900142,32,23,9
115900143,255,610,-355
115900144,115,376,-261
115900146,14,208,-194
115900147,499,341,158
115900148,44,5,39
115900149,74,47,27
115900150,85,75,10
115900151,13,103,-90
115900152,164,530,-366
115900153,136,359,-223
115900154,956,409,547
115900155,2,112,-110
115900156,812,1204,-392
115900157,210,732,-522
115900158,37,11,26
115900159,113,443,-330
115900160,4,21,-17
115900161,72,246,-174
115900163,189,217,-28
115900164,564,57,507
115900166,262,456,-194
115900168,154,254,-100
115900171,182,601,-419
115900172,86,191,-105
115900173,304,223,81
115900174,601,268,333
115900175,121,318,-197
115900178,4,995,-991
115900179,234,28,206
115900180,37,478,-441
115900181,160,409,-249
115900182,363,477,-114
115900183,185,101,84
115900184,2256,19,2237
115900187,10,163,-153
115900189,1,200,-199
115900190,901,1874,-973
115900191,45,664,-619
115900192,13,124,-111
115900193,94,153,-59
115900194,694,88,606
115900195,879,2134,-1255
115900198,235,459,-224
115900199,208,457,-249
115900200,356,454,-98
115900201,494,343,151
115900202,4,29,-25
115900203,6,7,-1
115900204,0,3,-3
115900205,176,18,158
115900206,192,240,-48
115900207,29,59,-30
115900208,199,443,-244
115900209,3,223,-220
115900210,3,197,-194
115900211,4,384,-380
115900212,145,375,-230
115900213,143,89,54
115900214,386,366,20
115900215,42,104,-62
115900216,8,127,-119
115900217,0,78,-78
115900218,2,72,-70
115900219,78,9,69
115900220,129,25,104
115900221,131,19,112
115900222,44,33,11
115900223,14,275,-261
115900224,2551,981,1570
115900225,89,48,41
115900226,16,79,-63
115900227,2,58,-56
115900228,9,55,-46
115900229,9,85,-76
115900230,54,145,-91
115900231,162,2,160
115900232,93,1,92
115900233,101,14,87
115900234,56,33,23
115900235,29,49,-20
115900236,29,17,12
115900237,17,26,-9
115900238,13,24,-11
115900239,5,35,-30
115900240,7,85,-78
115900241,284,152,132
115900242,518,555,-37
115900243,35,9,26
115900244,20,19,1
115900245,65,18,47
115900246,20,1,19
115900247,30,10,20
115900248,21,1,20
115900249,17,15,2
115900250,16,25,-9
115900251,0,18,-18
115900252,5,9,-4
115900253,13,14,-1
115900254,69,44,25
115900255,17,69,-52
115900256,37,70,-33
115900257,8,5,3
115900258,1,3,-2
115900259,15,3,12
115900260,15,4,11
115900261,10,4,6
115900262,4,1,3
115900263,12,12,0
115900264,1,11,-10
115900265,2,6,-4
115900266,8,12,-4
115900267,3,11,-8
115900268,19,7,12
115900269,503,656,-153
115900270,507,1097,-590
115900271,103,1,102
115900272,68,0,68
115900273,10,18,-8
115900274,2,29,-27
115900275,1,34,-33
115900276,0,84,-84
115900277,0,178,-178
115900278,29,218,-189
115900279,20,251,-231
115900280,10,395,-385
115900281,981,186,795
115900282,50,15,35
115900283,8,29,-21
115900284,5,21,-16
116000001,19540,10439,9101
116000002,6039,15380,-9341
116000003,2421,3372,-951
116000004,5535,4926,609
116000005,7494,5413,2081
116000006,7540,2150,5390
116000007,4539,6473,-1934
116000008,4339,2557,1782
116000009,2798,3946,-1148
116000010,2425,1726,699
116000011,1218,2941,-1723
116000012,1264,1177,87
116000013,29716,7794,21922
116000014,28838,19579,9259
116000015,856,2469,-1613
116000016,13326,6499,6827
116000017,81,1259,-1178
116000018,927,887,40
116000019,1747,593,1154
116000020,817,2018,-1201
116000021,871,494,377
116000022,437,814,-377
116000023,1979,1288,691
116000024,991,1867,-876
116000025,2159,950,1209
116000026,2524,3387,-863
116000027,1536,981,555
116000028,642,1266,-624
116000029,1349,900,449
116000030,1053,790,263
116000031,174,312,-138
116000032,751,365,386
116000033,566,811,-245
116000034,1281,1836,-555
116000035,832,1014,-182
116000036,3208,1002,2206
116000037,1260,1093,167
116000038,1266,647,619
116000039,1244,301,943
116000040,3294,394,2900
116000041,419,592,-173
116000042,924,347,577
116000043,78,775,-697
116000044,38,173,-135
116000045,3061,2095,966
116000046,2025,1872,153
116000047,3287,4017,-730
116000048,3716,2400,1316
116000049,1403,3134,-1731
116000050,1835,2507,-672
116000051,6501,3145,3356
116000052,5903,6030,-127
116000053,3468,1855,1613
116000054,1518,3455,-1937
116000055,734,2148,-1414
116000056,1085,2184,-1099
116000057,5210,2877,2333
116000058,4373,3030,1343
116000059,3371,8730,-5359
116000060,3618,1294,2324
116000061,1602,1902,-300
116000062,1768,284,1484
116000063,1429,2028,-599
116000066,374,1024,-650
116000067,319,1046,-727
116000068,515,666,-151
116000069,541,751,-210
116000078,496,1623,-1127
116000080,2219,1532,687
116000082,12,113,-101
116000083,1790,584,1206
116000084,3350,5841,-2491
116000085,2532,2061,471
116000086,3300,2156,1144
116000087,1865,1951,-86
116000088,1249,1970,-721
116000089,329,187,142
116000090,267,236,31
116000091,231,225,6
116000093,995,1356,-361
116000094,820,1144,-324
116000095,875,1529,-654
116000096,1069,2080,-1011
116000097,858,1712,-854
116000098,690,7186,-6496
116000099,17411,689,16722
116000100,185,18,167
116000101,759,2206,-1447
116000102,374,2527,-2153
116000103,423,353,70
116000104,219,2996,-2777
116000105,1241,300,941
116000106,434,1894,-1460
116000107,2097,638,1459
116000108,321,244,77
116000111,207,24,183
116000113,141,119,22
116000114,33,186,-153
116000115,286,169,117
116000116,296,703,-407
116000117,1852,3600,-1748
116000118,1585,2435,-850
116000119,3147,3041,106
116000120,3804,6896,-3092
116000121,892,870,22
116000122,1967,2820,-853
116000123,1036,864,172
116000124,482,1542,-1060
116000125,2838,1022,1816
116000126,417,2146,-1729
116000127,1575,2387,-812
116000128,2074,1401,673
116000129,1283,255,1028
116000130,595,493,102
116000133,966,1771,-805
116000134,2343,3985,-1642
116000135,2674,2012,662
116000136,1667,3426,-1759
116000137,1209,909,300
116000138,963,805,158
116000139,2484,2976,-492
116000140,396,377,19
116000141,530,1570,-1040
116000142,5446,5410,36
116000143,2647,2851,-204
116000144,1822,4238,-2416
116000145,2159,2349,-190
116000146,488,561,-73
116000147,811,189,622
116000148,756,651,105
116000149,703,793,-90
116000151,1090,1303,-213
116000153,134,1263,-1129
116000155,506,549,-43
116000156,1025,2033,-1008
116000157,63,38,25
116000158,777,535,242
116000159,22,26,-4
116000160,6,146,-140
116000161,5,206,-201
116000162,85,135,-50
116000163,41,21,20
116000164,15,21,-6
116000177,159,169,-10
116000194,196,639,-443
116000195,3126,966,2160
116000196,16,9,7
116000197,10,30,-20
116000198,6170,2057,4113
116000200,1144,549,595
116000201,1174,1066,108
116000202,20,495,-475
116000203,5,132,-127
116000204,13,58,-45
116000205,0,246,-246
116000206,0,144,-144
116000207,4,30,-26
116000233,324,1313,-989
116000287,158,806,-648
116000288,240,457,-217
116000292,167,282,-115
116000296,29,366,-337
116000297,60,4,56
116000304,114,87,27
116000305,46,117,-71
116000346,277,287,-10
116000352,255,62,193
116000354,294,35,259
116000357,51,20,31
116000358,308,69,239
116000361,157,7,150
116000372,15441,5491,9950
116000381,159,0,159
116000388,1,82,-81
116000389,1213,903,310
116000445,397,941,-544
116000446,544,1631,-1087
116000447,19,630,-611
116000448,1006,570,436
116000563,1298,1334,-36
116000565,97,553,-456
116000568,79,432,-353
116000579,22,154,-132
116000584,37,22,15
116000585,26,32,-6
116000586,296,115,181
116000587,689,973,-284
116000589,22,101,-79
116000590,59,62,-3
116000591,197,439,-242
116000592,20,135,-115
116000593,0,71,-71
116000594,747,669,78
116000595,1129,219,910
116000596,94,10,84
116000597,359,89,270
116000598,18,226,-208
116000602,104,1012,-908
116000605,500,240,260
116000606,77,274,-197
116000607,12,115,-103
116000609,391,1283,-892
116000611,179,739,-560
116000612,780,3001,-2221
116000613,646,541,105
116000614,759,1120,-361
116000615,0,326,-326
116000616,85,179,-94
116000617,115,146,-31
116000618,5,267,-262
116000619,31,61,-30
116000620,110,123,-13
116000621,57,201,-144
116000622,52,250,-198
116000624,74,102,-28
116000627,56,85,-29
116000628,43,1272,-1229
116000629,33,824,-791
116000630,386,140,246
116000631,126,184,-58
116000632,437,719,-282
116000633,78,921,-843
116000634,549,66,483
116000635,5576,2553,3023
116000636,3376,1477,1899
116000637,408,25,383
116000638,26,860,-834
116900001,290,204,86
116900002,308,4,304
116900003,37,125,-88
116900004,61,60,1
116900005,253,75,178
116900006,190,121,69
116900007,183,318,-135
116900008,415,591,-176
116900009,27,10,17
116900010,10,2948,-2938
116900011,9,82,-73
116900012,233,328,-95
116900013,15,287,-272
116900014,125,415,-290
116900015,375,111,264
116900016,240,4,236
116900017,5,1257,-1252
116900018,101,55,46
116900019,25,685,-660
116900020,2869,1094,1775
116900023,83,14,69
116900024,597,123,474
116900025,1121,1440,-319
116900026,286,1309,-1023
116900027,54,123,-69
116900028,2,184,-182
116900029,1,101,-100
116900031,7,8,-1
116900032,8,674,-666
116900033,12,21,-9
116900034,9,97,-88
116900035,256,485,-229
116900036,1,221,-220
116900038,19,6,13
116900041,77,25,52
116900042,1261,357,904
116900043,15,179,-164
116900047,203,130,73
116900049,53,589,-536
116900050,169,945,-776
116900051,153,437,-284
116900052,434,105,329
116900055,0,9,-9
116900057,56,517,-461
116900058,37,886,-849
116900059,4,320,-316
116900060,490,297,193
116900062,0,7,-7
116900064,88,1489,-1401
116900065,32,266,-234
116900067,130,237,-107
116900068,153,451,-298
116900070,3,6,-3
116900072,46,703,-657
116900073,14,347,-333
116900074,21,95,-74
116900076,13,37,-24
116900077,14,284,-270
116900078,331,197,134
116900079,38,717,-679
116900080,15,30,-15
116900081,508,2480,-1972
116900082,447,1263,-816
116900083,75,112,-37
116900084,507,71,436
116900085,43,236,-193
116900086,59,455,-396
116900088,655,155,500
116900090,128,91,37
116900091,267,219,48
116900092,98,1366,-1268
116900093,2130,4015,-1885
116900094,8505,6482,2023
116900095,809,258,551
116900096,131,441,-310
116900097,7493,3574,3919
116900098,1279,443,836
116900099,878,805,73
116900100,1182,52,1130
116900101,303,1051,-748
116900103,4,0,4
116900104,81,155,-74
116900105,476,116,360
116900106,1691,442,1249
116900107,7069,2948,4121
116900110,19,1,18
116900111,486,1825,-1339
116900112,244,2071,-1827
116900113,5811,1922,3889
116900116,288,489,-201
116900117,65,167,-102
116900118,1362,1356,6
116900120,277,210,67
116900121,46,70,-24
116900122,670,1254,-584
116900123,279,1274,-995
116900124,177,1850,-1673
116900125,324,459,-135
116900126,459,919,-460
116900128,0,42,-42
116900129,4,599,-595
116900130,1791,4652,-2861
116900131,140,346,-206
116900132,62,81,-19
116900133,164,105,59
116900134,384,291,93
116900136,274,305,-31
116900137,779,287,492
116900138,182,370,-188
116900139,93,591,-498
116900140,162,270,-108
116900141,712,410,302
116900142,2,79,-77
116900143,305,599,-294
116900144,18,62,-44
116900145,266,437,-171
116900147,1575,434,1141
116900148,0,23,-23
116900149,35,252,-217
116900150,12,2,10
116900151,123,43,80
116900153,129,141,-12
116900154,1110,611,499
116900155,110,89,21
116900157,590,575,15
116900158,602,272,330
116900159,55,524,-469
116900160,1850,592,1258
116900161,15354,8592,6762
116900162,24,225,-201
116900163,201,251,-50
116900164,91,56,35
116900165,316,229,87
116900166,30,127,-97
116900167,467,96,371
116900168,466,131,335
116900169,1714,519,1195
116900170,321,444,-123
116900171,56,399,-343
116900172,475,273,202
116900173,250,96,154
116900174,26,46,-20
116900175,644,235,409
116900178,48,290,-242
116900179,196,293,-97
116900180,202,49,153
116900182,540,415,125
116900183,163,121,42
116900185,40,59,-19
116900186,168,525,-357
116900187,45,45,0
116900188,208,32,176
116900189,44,0,44
116900191,443,709,-266
116900192,222,304,-82
116900194,106,1232,-1126
116900195,49,29,20
116900196,16,176,-160
116900197,120,5,115
116900198,441,282,159
116900200,54,50,4
116900201,77,13,64
116900202,166,78,88
116900203,175,8,167
116900204,53,121,-68
116900205,0,1,-1
116900206,10,41,-31
116900207,27,37,-10
116900208,25,191,-166
116900209,54,239,-185
116900210,687,368,319
116900211,312,16,296
116900212,63,192,-129
116900213,202,348,-146
116900214,190,156,34
116900215,58,140,-82
116900216,566,397,169
116900218,7,536,-529
116900219,1318,531,787
116900220,101,363,-262
116900221,86,487,-401
116900222,468,508,-40
116900223,145,334,-189
116900226,86,166,-80
116900227,219,131,88
116900228,482,422,60
116900230,42,578,-536
116900231,29,830,-801
116900232,21,937,-916
116900233,291,146,145
116900234,18,5,13
116900235,217,428,-211
116900238,2122,656,1466
116900239,71,2127,-2056
116900240,12141,4795,7346
116900241,72,517,-445
116900242,583,733,-150
116900243,3,58,-55
116900245,34,16,18
116900246,71,6,65
116900247,533,15,518
116900248,112,51,61
116900249,394,189,205
116900250,295,64,231
116900251,811,697,114
116900252,101,1809,-1708
116900253,158,230,-72
116900254,33,178,-145
116900255,108,69,39
116900256,321,189,132
116900257,37,951,-914
116900258,3,514,-511
116900259,131,9,122
116900260,8,246,-238
116900261,45,3,42
116900262,149,204,-55
116900263,1,35,-34
116900264,0,13,-13
116900265,46,0,46
116900266,16,96,-80
116900267,3,4,-1
116900268,338,7,331
116900269,616,1008,-392
116900271,2087,308,1779
116900272,753,1049,-296
116900273,852,121,731
116900274,174,175,-1
116900275,162,291,-129
116900276,1958,145,1813
116900277,1176,25,1151
116900278,5,53,-48
116900279,1,35,-34
116900280,17,44,-27
116900281,14071,5495,8576
116900282,7,236,-229
116900283,27,265,-238
116900284,22,407,-385
116900285,717,786,-69
116900286,311,26,285
116900287,9,130,-121
116900288,48,206,-158
116900289,23,55,-32
116900290,8,79,-71
116900291,18,15,3
116900292,0,17,-17
116900293,47,93,-46
116900294,81,233,-152
116900295,1069,91,978
116900296,276,135,141
116900297,14,199,-185
116900298,295,68,227
116900299,217,102,115
116900300,13,272,-259
116900301,229,178,51
116900302,166,85,81
116900303,1234,145,1089
116900304,0,230,-230
116900305,86,208,-122
116900306,102,247,-145
117000001,3055,3101,-46
117000002,3472,7783,-4311
117000003,14689,4519,10170
117000004,8163,10072,-1909
117000005,3141,2614,527
117000006,2089,7671,-5582
117000007,5605,2033,3572
117000008,2127,8920,-6793
117000009,7298,2820,4478
117000010,4682,8246,-3564
117000011,2572,3212,-640
117000012,2118,3069,-951
117000013,2991,2007,984
117000014,2813,4689,-1876
117000015,6068,2074,3994
117000016,2824,80,2744
117000017,1516,326,1190
117000018,524,867,-343
117000019,731,17,714
117000020,1031,2983,-1952
117000021,4434,1361,3073
117000022,1670,85,1585
117000023,1894,353,1541
117000024,1950,112,1838
117000025,5434,743,4691
117000026,11345,1389,9956
117000027,4637,2871,1766
117000028,7113,2079,5034
117000030,1496,1117,379
117000031,609,358,251
117000032,4858,2034,2824
117000033,1978,1743,235
117000034,588,676,-88
117000035,420,473,-53
117000036,723,799,-76
117000037,482,423,59
117000038,591,1228,-637
117000039,711,472,239
117000040,216,1783,-1567
117000041,1077,289,788
117000044,65,1861,-1796
117000045,833,98,735
117000046,1130,1127,3
117000047,1476,1121,355
117000048,3582,2735,847
117000049,161,890,-729
117000050,233,3682,-3449
117000051,2578,203,2375
117000052,26,842,-816
117000053,389,116,273
117000054,1983,9,1974
117000055,46,5507,-5461
117000056,755,21,734
117000057,919,3846,-2927
117000060,556,2934,-2378
117000061,2912,1933,979
117000062,441,972,-531
117000063,3477,1240,2237
117000064,1234,1645,-411
117000066,1896,1289,607
117000067,372,614,-242
117000074,193,452,-259
117000076,105,97,8
117000077,199,172,27
117000078,244,1174,-930
117000079,440,356,84
117000080,1,580,-579
117000081,1714,171,1543
117000082,29,108,-79
117000083,204,12,192
117000084,729,4,725
117000085,258,968,-710
117000086,1548,891,657
117000087,136,840,-704
117000088,285,431,-146
117000089,1941,578,1363
117000090,406,2374,-1968
117000091,800,531,269
117000092,494,2481,-1987
117000093,1420,1033,387
117000094,1501,4486,-2985
117000095,4087,1263,2824
117000096,808,4143,-3335
117000097,1435,1862,-427
117000098,3790,8868,-5078
117000099,3683,1651,2032
117000100,191,361,-170
117000101,303,2221,-1918
117000102,1881,979,902
117000103,1185,3093,-1908
117000104,1602,964,638
117000105,1396,2657,-1261
117000106,1446,1424,22
117000107,781,3173,-2392
117000108,1832,1427,405
117000109,3083,4022,-939
117000110,1660,1395,265
117000111,6042,8805,-2763
117000112,4257,3824,433
117000113,129,476,-347
117000114,202,286,-84
117000115,101,232,-131
117000116,150,468,-318
117000117,3327,903,2424
117000118,797,190,607
117000119,1145,163,982
117000120,1301,503,798
117000121,344,1880,-1536
117000122,1364,2598,-1234
117000123,4611,56,4555
117000124,1701,96,1605
117000125,1700,148,1552
117000126,183,61,122
117000127,449,593,-144
117000128,806,1281,-475
117000129,2327,696,1631
117000130,298,1,297
117000131,1,287,-286
117000132,2734,144,2590
117000133,1489,249,1240
117000134,1,52,-51
117000135,3,32,-29
117000136,3,57,-54
117000137,125,102,23
117000138,8,924,-916
117000140,627,2562,-1935
117000141,1865,965,900
117000181,1515,401,1114
117000182,465,549,-84
117000195,303,2083,-1780
117000196,246,129,117
117000225,560,19,541
117000226,11,395,-384
117000276,309,12,297
117000277,3,904,-901
117000310,4203,5520,-1317
117000315,74,2979,-2905
117000320,276,2,274
117000906,365,19,346
117000907,14,720,-706
117000908,265,34,231
117000909,178,75,103
117000910,250,207,43
117000911,133,315,-182
117000915,14,1111,-1097
117000916,53,27,26
117000917,1154,56,1098
117000918,100,146,-46
117000919,9,224,-215
117000920,15,2228,-2213
117000921,12,2534,-2522
117000922,101,289,-188
117000924,1463,1549,-86
117000926,1735,116,1619
117000927,2600,856,1744
117000928,5,360,-355
117000929,232,962,-730
117000930,271,52,219
117000931,706,225,481
117900002,586,646,-60
117900003,961,736,225
117900005,25,424,-399
117900006,1,42,-41
117900007,289,195,94
117900008,0,61,-61
117900010,988,167,821
117900011,70,30,40
117900012,97,310,-213
117900013,2,659,-657
117900014,1528,365,1163
117900015,54,278,-224
117900016,2895,922,1973
117900017,974,678,296
117900018,548,87,461
117900019,617,674,-57
117900020,82,481,-399
117900021,46,141,-95
117900022,42,15,27
117900023,1108,1141,-33
117900024,112,196,-84
117900025,68,11,57
117900026,407,587,-180
117900028,447,21,426
117900029,265,1546,-1281
117900030,504,382,122
117900031,974,296,678
117900032,1113,677,436
117900033,244,1309,-1065
117900034,113,143,-30
117900035,208,80,128
117900036,300,965,-665
117900037,106,170,-64
117900038,39,529,-490
117900039,5,102,-97
117900040,154,1005,-851
117900041,10,86,-76
117900042,7667,941,6726
117900043,60,84,-24
117900044,67,6412,-6345
117900045,356,268,88
117900048,209,359,-150
117900049,229,1036,-807
117900050,13,96,-83
117900051,133,9,124
117900052,82,505,-423
117900053,1616,976,640
117900054,3,40,-37
117900055,274,676,-402
117900056,731,72,659
117900057,1268,2181,-913
117900058,344,30,314
117900059,1335,117,1218
117900060,1978,8356,-6378
117900061,35,610,-575
117900063,591,408,183
117900065,824,1898,-1074
117900066,14,78,-64
117900067,511,453,58
117900069,1237,738,499
117900070,839,12,827
117900071,258,234,24
117900073,527,785,-258
117900074,741,28,713
117900075,232,170,62
117900076,62,77,-15
117900077,285,208,77
117900078,368,850,-482
117900080,571,94,477
117900081,707,697,10
117900082,462,488,-26
117900083,547,1190,-643
117900086,199,76,123
117900087,118,92,26
117900088,4068,3964,104
117900089,1974,627,1347
117900090,910,1316,-406
117900091,430,332,98
117900092,91,52,39
117900093,82,111,-29
117900094,40,30,10
117900095,926,1055,-129
117900096,108,447,-339
117900097,214,119,95
117900098,38,12,26
117900099,252,630,-378
117900100,229,3,226
117900101,824,2003,-1179
117900102,66,79,-13
117900103,47,2,45
117900104,35,233,-198
117900105,263,455,-192
117900106,114,76,38
117900107,36,0,36
117900109,677,538,139
117900110,69,2,67
117900111,391,30,361
117900112,44,34,10
117900113,10884,3813,7071
117900114,11,0,11
117900115,349,102,247
117900116,1348,1878,-530
117900117,557,580,-23
117900118,79,2,77
117900119,107,424,-317
117900120,166,282,-116
117900121,194,50,144
117900122,2381,3621,-1240
117900123,1419,1041,378
117900124,870,1022,-152
117900125,2159,1857,302
117900126,359,1007,-648
117900127,818,1054,-236
117900128,408,1529,-1121
117900129,80,1,79
117900130,1245,758,487
117900131,6,148,-142
117900132,6,189,-183
117900133,12,144,-132
117900134,103,317,-214
117900135,20,276,-256
117900136,0,76,-76
117900137,48,456,-408
117900138,0,71,-71
117900139,87,247,-160
117900140,9653,807,8846
117900141,980,402,578
117900142,146,70,76
117900144,264,155,109
117900145,24,83,-59
117900146,992,167,825
117900147,75,144,-69
117900148,6590,1754,4836
117900149,72,291,-219
117900150,54,156,-102
117900151,100,199,-99
117900152,253,183,70
117900153,86,181,-95
117900154,795,1230,-435
117900156,1423,1787,-364
117900157,162,725,-563
117900158,214,158,56
117900160,854,576,278
117900161,3861,4257,-396
117900162,531,763,-232
117900163,457,39,418
117900165,1,15,-14
117900166,185,525,-340
117900168,59,230,-171
117900169,2,220,-218
117900170,1,67,-66
117900171,1,25,-24
117900172,15,50,-35
117900173,190,108,82
117900174,42,91,-49
117900175,7,88,-81
117900176,14,93,-79
117900177,12,82,-70
117900178,146,73,73
117900180,383,70,313
117900181,417,391,26
117900182,29,54,-25
117900183,91,309,-218
117900184,19,69,-50
117900185,31,68,-37
117900186,43,26,17
117900187,20,16,4
117900188,330,62,268
117900189,103,31,72
117900190,15,1,14
117900191,117,6,111
117900192,272,0,272
117900193,27,95,-68
117900194,17,3,14
117900195,10,54,-44
117900196,17,28,-11
117900207,260,202,58
117900208,46,53,-7
117900209,228,306,-78
117900210,176,383,-207
117900211,29,420,-391
117900212,145,397,-252
117900213,39,30,9
117900214,5,84,-79
117900215,72,87,-15
117900216,178,26,152
117900217,403,253,150
117900218,580,578,2
117900219,8,111,-103
117900220,456,163,293
117900222,226,407,-181
117900223,215,475,-260
118000001,1541,1056,485
118000002,2577,4202,-1625
118000003,9699,3906,5793
118000004,9085,3097,5988
118000005,8638,8853,-215
118000006,12029,17170,-5141
118000007,14302,3972,10330
118000008,11929,5357,6572
118000009,3860,6054,-2194
118000010,7136,6992,144
118000011,1866,4395,-2529
118000012,2844,4633,-1789
118000013,6347,5429,918
118000014,2720,5400,-2680
118000016,313,585,-272
118000017,325,631,-306
118000018,507,683,-176
118000019,3549,2005,1544
118000020,3316,3172,144
118000021,2241,3724,-1483
118000022,4351,1319,3032
118000023,2541,552,1989
118000024,3925,1691,2234
118000027,28828,17716,11112
118000029,1637,1118,519
118000032,2374,7105,-4731
118000033,5060,6932,-1872
118000034,9001,3440,5561
118000035,2207,3647,-1440
118000036,3717,1564,2153
118000037,1680,1474,206
118000038,207,159,48
118000039,247,1019,-772
118000040,2833,3110,-277
118000041,4267,2708,1559
118000045,1751,240,1511
118000046,3765,872,2893
118000047,6751,855,5896
118000048,12076,2276,9800
118000051,6200,1479,4721
118000052,4840,1001,3839
118000053,3783,1576,2207
118000054,3746,5469,-1723
118000055,2476,5679,-3203
118000056,229,718,-489
118000057,258,1250,-992
118000058,11472,2608,8864
118000059,9371,1433,7938
118000060,2282,1158,1124
118000061,1136,2508,-1372
118000062,854,834,20
118000063,804,852,-48
118000064,2067,2095,-28
118000065,9182,4736,4446
118000066,2168,2618,-450
118000067,2160,1067,1093
118000068,4454,7168,-2714
118000069,7066,2264,4802
118000070,12879,3240,9639
118000071,6441,13523,-7082
118000072,6163,1382,4781
118000073,5863,793,5070
118000074,1067,552,515
118000075,824,445,379
118000076,4229,2231,1998
118000077,2983,2017,966
118000078,4394,2980,1414
118000079,740,737,3
118000080,2450,1545,905
118000081,4211,1510,2701
118000082,539,1704,-1165
118000083,3780,2349,1431
118000084,5277,3041,2236
118000086,676,1050,-374
118000087,10062,3842,6220
118000088,3763,3486,277
118000089,6251,3488,2763
118000090,3274,5694,-2420
118000091,2770,4809,-2039
118000092,2085,837,1248
118000093,230,1355,-1125
118000096,1191,1027,164
118000097,1734,1149,585
118000098,513,347,166
118000099,710,1285,-575
118000101,1211,492,719
118000102,523,2451,-1928
118000107,5415,922,4493
118000108,1412,4523,-3111
118000110,2,37,-35
118000111,2,867,-865
118000112,569,7,562
118000113,12,1647,-1635
118000114,483,16,467
118000115,16,42,-26
118000116,127,6,121
118000117,3294,1621,1673
118000118,3349,1041,2308
118000119,1583,1813,-230
118000120,2867,2244,623
118000121,174,758,-584
118000122,2604,466,2138
118000123,95,399,-304
118000125,3739,1805,1934
118000126,2941,2417,524
118000127,4593,1306,3287
118000128,1475,1854,-379
118000129,2615,692,1923
118000130,4511,6909,-2398
118000131,1309,1533,-224
118000132,3174,2437,737
118000133,3059,665,2394
118000135,1329,630,699
118000136,281,792,-511
118000137,2864,155,2709
118000138,621,1325,-704
118000139,798,184,614
118000140,3527,6496,-2969
118000141,2839,3586,-747
118000142,2417,3428,-1011
118000143,2526,2043,483
118000144,2504,1862,642
118000145,2371,4007,-1636
118000146,1575,1846,-271
118000147,1305,2568,-1263
118000148,525,2530,-2005
118000149,1076,1928,-852
118000150,506,576,-70
118000151,395,840,-445
118000153,1491,2174,-683
118000154,1448,2897,-1449
118000155,1379,2351,-972
118000156,5092,4504,588
118000157,982,776,206
118000158,227,857,-630
118000159,47,158,-111
118000160,605,676,-71
118000161,633,1258,-625
118000162,1799,1339,460
118000163,1026,1375,-349
118000164,4504,2707,1797
118000168,2825,788,2037
118000169,1632,2702,-1070
118000170,6450,10837,-4387
118000171,568,1117,-549
118000172,149,777,-628
118000173,1536,2425,-889
118000175,362,614,-252
118000176,322,614,-292
118000177,296,804,-508
118000178,275,84,191
118000179,2454,1782,672
118000180,1288,1375,-87
118000181,1400,495,905
118000182,411,411,0
118000183,347,490,-143
118000184,731,1671,-940
118000185,1369,1397,-28
118000186,885,1277,-392
118000187,1579,1131,448
118000188,1527,409,1118
118000189,821,1735,-914
118000190,26,18,8
118000191,21,54,-33
118000192,89,155,-66
118000193,88,871,-783
118000194,4960,2235,2725
118000195,2764,1068,1696
118000196,1726,223,1503
118000197,723,126,597
118000198,1424,872,552
118000199,2740,664,2076
118000200,210,367,-157
118000201,1464,827,637
118000202,153,103,50
118000203,3358,603,2755
118000204,467,569,-102
118000205,525,645,-120
118000206,353,342,11
118000207,0,140,-140
118000208,1929,3038,-1109
118000209,2467,2769,-302
118000210,56,58,-2
118000211,19,58,-39
118000213,3377,1572,1805
118000214,1320,1180,140
118000215,338,994,-656
118000216,3368,9093,-5725
118000217,38,185,-147
118000218,95,152,-57
118000219,1116,1016,100
118000220,9,50,-41
118000221,169,616,-447
118000222,177,22,155
118000223,49,68,-19
118000224,683,176,507
118000225,229,1536,-1307
118000226,3350,254,3096
118000227,1464,627,837
118000228,243,289,-46
118000229,755,109,646
118000230,234,410,-176
118000231,195,409,-214
118000232,1202,1780,-578
118000233,1138,1438,-300
118000234,536,513,23
118000236,724,573,151
118000237,86,1058,-972
118000238,321,362,-41
118000239,351,497,-146
118000240,830,199,631
118000241,265,529,-264
118000242,632,1197,-565
118000243,317,302,15
118000244,74,208,-134
118000246,0,13,-13
118000255,57,447,-390
118000256,185,380,-195
118000259,6,131,-125
118000260,447,210,237
118000261,53,214,-161
118000263,269,393,-124
118000266,118,775,-657
118000267,0,99,-99
118000268,1645,6,1639
118000270,104,74,30
118000271,242,512,-270
118000272,177,61,116
118000273,145,173,-28
118000274,122,532,-410
118000276,516,561,-45
118000295,5,172,-167
118000298,274,703,-429
118000299,107,271,-164
118000301,2,150,-148
118000302,154,161,-7
118000311,509,246,263
118000312,390,345,45
118000313,118,293,-175
118000314,93,117,-24
118000315,62,151,-89
118000316,947,1068,-121
118000325,67,108,-41
118000326,58,65,-7
118000331,30,69,-39
118000332,10,57,-47
118000333,54,100,-46
118000335,306,0,306
118000336,3,532,-529
118000407,226,107,119
118000457,15,41,-26
118000465,5426,7669,-2243
118000480,85,248,-163
118000489,68,667,-599
118000490,42,739,-697
118000492,279,383,-104
118000510,147,24,123
118000514,355,703,-348
118000515,1666,1381,285
118000517,707,490,217
118000524,1354,339,1015
118000525,1316,1249,67
118000530,19,229,-210
118000531,305,428,-123
118000532,283,518,-235
118000533,718,234,484
118000534,1128,639,489
118000535,291,231,60
118000536,1563,2751,-1188
118000537,151,223,-72
118000538,68,222,-154
118000539,89,339,-250
118000540,757,407,350
118000541,650,118,532
118000542,309,400,-91
118000543,775,377,398
118000546,39,68,-29
118000553,0,0,0
118000557,0,0,0
118000560,5780,2600,3180
118000562,66,724,-658
118000563,3831,2686,1145
118000576,215,320,-105
118000577,293,137,156
118000578,208,177,31
118000579,1278,1808,-530
118000583,0,0,0
118000595,232,117,115
118000596,0,108,-108
118000597,95,194,-99
118000598,16,0,16
118000599,34,124,-90
118000600,3,15,-12
118000601,2,1,1
118000602,0,27,-27
118000603,0,105,-105
118900001,1807,2038,-231
118900002,1813,1412,401
118900003,391,42,349
118900004,69,89,-20
118900005,108,6,102
118900006,172,13,159
118900007,19,9,10
118900008,2158,75,2083
118900009,48,45,3
118900010,60,4,56
118900011,304,55,249
118900012,581,363,218
118900013,1008,179,829
118900015,283,99,184
118900016,1,29,-28
118900017,362,333,29
118900018,1914,34,1880
118900019,62,13,49
118900020,327,163,164
118900021,266,686,-420
118900022,159,127,32
118900023,421,210,211
118900024,181,316,-135
118900025,166,52,114
118900026,84,109,-25
118900027,836,542,294
118900028,246,311,-65
118900029,450,801,-351
118900030,376,192,184
118900031,171,186,-15
118900032,382,303,79
118900033,1550,1066,484
118900034,281,19,262
118900035,246,379,-133
118900036,1456,1402,54
118900037,862,379,483
118900038,515,469,46
118900039,608,382,226
118900040,232,357,-125
118900041,767,304,463
118900042,265,232,33
118900045,433,355,78
118900046,1459,383,1076
118900047,1508,480,1028
118900048,1371,234,1137
118900049,105,74,31
118900050,24,205,-181
118900051,70,102,-32
118900052,635,401,234
118900053,46,183,-137
118900054,190,196,-6
118900055,89,205,-116
118900056,41,487,-446
118900057,882,646,236
118900058,1023,616,407
118900059,47,168,-121
118900060,71,256,-185
118900062,272,337,-65
118900064,938,1067,-129
118900065,65,441,-376
118900066,193,181,12
118900067,8381,5246,3135
118900068,14,1331,-1317
118900069,493,552,-59
118900071,3,89,-86
118900072,734,864,-130
118900073,108,250,-142
118900074,150,334,-184
118900075,45,137,-92
118900076,777,154,623
118900077,352,388,-36
118900078,44,17,27
118900079,70,407,-337
118900080,28,235,-207
118900081,90,37,53
118900082,1056,300,756
118900083,36,14,22
118900084,32,31,1
118900085,740,1764,-1024
118900086,26,141,-115
118900087,21,432,-411
118900088,0,24,-24
118900089,87,9,78
118900090,507,781,-274
118900091,241,342,-101
118900092,123,166,-43
118900093,291,12,279
118900096,60,17,43
118900097,319,1345,-1026
118900099,78,685,-607
118900100,278,461,-183
118900101,112,1013,-901
118900102,83,136,-53
118900103,65,194,-129
118900104,247,351,-104
118900105,291,175,116
118900107,205,143,62
118900108,154,125,29
118900110,2547,1241,1306
118900111,527,1113,-586
118900112,128,275,-147
118900113,181,1113,-932
118900114,27,168,-141
118900115,147,755,-608
118900116,185,271,-86
118900117,160,217,-57
118900118,404,670,-266
118900119,189,431,-242
118900120,143,516,-373
118900121,25,412,-387
118900122,27,1290,-1263
118900123,231,433,-202
118900124,207,376,-169
118900126,35,547,-512
118900129,446,314,132
118900130,121,263,-142
118900131,164,414,-250
118900132,949,355,594
118900133,58,155,-97
118900135,264,345,-81
118900136,286,1159,-873
118900137,15,37,-22
118900139,365,1056,-691
118900140,674,1222,-548
118900141,84,354,-270
118900144,329,862,-533
118900145,38,285,-247
118900146,477,1338,-861
118900147,882,232,650
118900148,72,126,-54
118900150,284,895,-611
118900152,684,1517,-833
118900157,329,336,-7
118900158,72,184,-112
118900159,12,345,-333
118900161,327,14,313
118900163,415,93,322
118900164,12,183,-171
118900165,70,464,-394
118900166,46,3,43
118900167,118,225,-107
118900168,22,109,-87
118900169,143,679,-536
118900170,163,219,-56
118900171,14,51,-37
118900174,89,118,-29
118900175,430,606,-176
118900176,160,328,-168
118900177,56,108,-52
118900178,61,154,-93
118900179,4,79,-75
118900181,124,233,-109
118900182,188,91,97
118900183,29,184,-155
118900184,387,101,286
118900185,114,256,-142
118900186,106,144,-38
118900187,318,565,-247
118900188,360,487,-127
118900189,28,987,-959
118900190,25,839,-814
118900191,206,119,87
118900192,261,56,205
118900193,669,27,642
118900195,614,1673,-1059
118900196,44,332,-288
118900197,153,195,-42
118900198,27,48,-21
118900199,66,81,-15
118900200,27,27,0
118900201,70,51,19
118900202,12,135,-123
118900203,12,59,-47
118900204,21,59,-38
118900205,12,25,-13
118900206,4,32,-28
119000001,1937,3019,-1082
119000002,4657,6047,-1390
119000003,2840,2365,475
119000004,4288,2919,1369
119000005,4744,4132,612
119000006,2983,2515,468
119000007,5236,5605,-369
119000008,3216,3246,-30
119000009,5532,6148,-616
119000010,11949,5861,6088
119000011,9069,4231,4838
119000012,6741,5231,1510
119000013,2908,1830,1078
119000014,4269,5807,-1538
119000019,399,335,64
119000020,2632,2448,184
119000021,5014,4232,782
119000022,6877,4925,1952
119000023,732,492,240
119000024,3695,13984,-10289
119000025,22159,2294,19865
119000026,344,415,-71
119000027,797,836,-39
119000028,3453,2610,843
119000029,149,413,-264
119000030,772,2352,-1580
119000031,1138,1006,132
119000032,2679,3877,-1198
119000033,3128,3214,-86
119000034,1357,1522,-165
119000035,42,528,-486
119000036,1899,1805,94
119000037,1271,3407,-2136
119000038,159,1872,-1713
119000039,409,577,-168
119000040,2285,925,1360
119000041,1844,2213,-369
119000048,4951,5858,-907
119000049,2684,5089,-2405
119000050,2869,4750,-1881
119000051,3477,1635,1842
119000052,3407,5343,-1936
119000053,2304,1662,642
119000054,3781,6506,-2725
119000055,4178,5337,-1159
119000056,2732,3187,-455
119000057,1780,4295,-2515
119000058,2588,3860,-1272
119000059,1622,3232,-1610
119000060,2052,1377,675
119000061,1345,1466,-121
119000062,1630,2063,-433
119000063,583,567,16
119000064,2376,2435,-59
119000065,2848,5161,-2313
119000066,2718,1569,1149
119000067,2738,4244,-1506
119000068,1956,1644,312
119000069,2000,4609,-2609
119000070,2584,1617,967
119000071,652,1418,-766
119000072,11767,5354,6413
119000073,7762,9035,-1273
119000074,1559,5756,-4197
119000075,1845,3890,-2045
119000076,542,1213,-671
119000077,932,668,264
119000078,463,312,151
119000079,161,1034,-873
119000080,333,433,-100
119000081,344,584,-240
119000082,1091,429,662
119000083,602,564,38
119000084,384,824,-440
119000085,861,534,327
119000086,266,546,-280
119000087,2579,1519,1060
119000088,336,284,52
119000089,84,266,-182
119000090,168,304,-136
119000091,184,506,-322
119000092,835,334,501
119000093,6448,5441,1007
119000094,3076,12709,-9633
119000095,1836,4760,-2924
119000097,4626,2748,1878
119000098,1077,3405,-2328
119000099,3351,3785,-434
119000100,4476,3502,974
119000101,4448,3102,1346
119000102,1136,1299,-163
119000103,2058,717,1341
119000104,4856,2412,2444
119000105,1480,2067,-587
119000106,473,3228,-2755
119000107,874,783,91
119000108,507,1842,-1335
119000109,209,450,-241
119000110,785,472,313
119000111,83,847,-764
119000112,214,117,97
119000113,3220,339,2881
119000114,1159,1580,-421
119000115,217,441,-224
119000116,248,163,85
119000117,219,548,-329
119000118,3,4,-1
119000123,10520,1113,9407
119000124,878,295,583
119000125,3412,1630,1782
119000126,1108,1556,-448
119000127,616,1348,-732
119000128,37,8,29
119000131,1244,1451,-207
119000132,2,12,-10
119000133,7,18,-11
119000134,5774,1097,4677
119000135,194,206,-12
119000136,232,313,-81
119000137,206,802,-596
119000138,338,636,-298
119000139,286,498,-212
119000140,205,382,-177
119000284,1891,5401,-3510
119000285,3856,3600,256
119000286,10012,8989,1023
119000287,1900,3717,-1817
119000288,3803,2505,1298
119000289,5329,6388,-1059
119000290,256,1149,-893
119000291,7,565,-558
119000293,122,350,-228
119000294,54,32,22
119000295,4010,1033,2977
119000296,182,179,3
119000299,0,0,0
119000302,6073,2268,3805
119000303,93,383,-290
119000314,2329,12457,-10128
119000315,1,867,-866
119000316,128,208,-80
119000317,59,753,-694
119900001,336,1487,-1151
119900002,254,535,-281
119900003,74,1895,-1821
119900004,466,1013,-547
119900005,235,264,-29
119900006,329,587,-258
119900007,1168,167,1001
119900008,51,35,16
119900009,754,810,-56
119900010,1830,1518,312
119900011,27,90,-63
119900012,32,156,-124
119900013,2307,1078,1229
119900014,710,325,385
119900015,124,40,84
119900016,54,184,-130
119900017,33,41,-8
119900018,2499,825,1674
119900019,55,8,47
119900020,199,226,-27
119900021,236,103,133
119900022,246,581,-335
119900023,1715,1436,279
119900025,172,42,130
119900026,1619,170,1449
119900027,26,33,-7
119900028,232,115,117
119900029,6,7,-1
119900030,655,899,-244
119900031,71,441,-370
119900033,2374,370,2004
119900034,399,203,196
119900037,123,79,44
119900038,51,394,-343
119900039,70,9,61
119900040,115,35,80
119900041,142,59,83
119900042,60,284,-224
119900043,94,331,-237
119900044,393,902,-509
119900046,110,89,21
119900047,393,63,330
119900048,31,70,-39
119900049,119,25,94
119900050,130,143,-13
119900051,590,15,575
119900052,53,76,-23
119900053,198,351,-153
119900054,94,16,78
119900055,1557,550,1007
119900057,172,138,34
119900058,199,2,197
119900059,309,60,249
119900060,335,33,302
119900062,60,49,11
119900063,16,85,-69
119900065,308,14,294
119900066,5,2,3
119900067,60,53,7
119900068,446,3,443
119900069,96,44,52
119900070,980,11,969
119900071,659,19,640
119900073,2841,889,1952
119900074,133,27,106
119900075,10137,3467,6670
119900076,471,733,-262
119900077,846,2147,-1301
119900078,516,1253,-737
119900079,217,494,-277
119900080,1707,2156,-449
119900081,277,67,210
119900082,1420,434,986
119900083,556,160,396
119900084,1578,326,1252
119900085,293,141,152
119900087,2520,509,2011
119900088,44,74,-30
119900089,29,769,-740
119900090,329,80,249
119900091,165,2039,-1874
119900092,118,717,-599
119900093,1541,295,1246
119900094,129,421,-292
119900095,280,129,151
119900096,80,172,-92
119900097,938,315,623
119900098,69,104,-35
119900099,36,437,-401
119900100,4244,3055,1189
119900101,273,1888,-1615
119900102,29,584,-555
119900103,32,867,-835
119900104,54,442,-388
119900105,1320,2064,-744
119900106,26,356,-330
119900107,602,6272,-5670
119900108,3529,1121,2408
119900109,71,574,-503
119900110,722,1544,-822
119900111,98,538,-440
119900112,4974,956,4018
119900113,134,567,-433
119900114,381,3146,-2765
119900115,294,2003,-1709
119900116,175,752,-577
119900117,341,1801,-1460
119900118,80,1734,-1654
119900119,321,524,-203
119900120,924,1270,-346
119900121,433,2498,-2065
119900122,557,591,-34
119900123,333,462,-129
119900124,214,1915,-1701
119900125,47,711,-664
119900126,9779,640,9139
119900127,4110,1503,2607
119900128,508,1475,-967
119900129,302,1665,-1363
119900130,49,544,-495
119900131,47,562,-515
119900132,4,600,-596
119900133,55,69,-14
119900134,4106,457,3649
119900135,3,817,-814
119900136,233,875,-642
119900138,533,1253,-720
119900139,38,146,-108
119900140,10,227,-217
119900141,240,1032,-792
119900142,25,46,-21
119900143,35,278,-243
119900144,4254,497,3757
119900145,189,372,-183
119900146,193,292,-99
119900147,7,337,-330
119900148,293,81,212
119900149,3347,4574,-1227
119900150,310,304,6
119900151,3836,1611,2225
119900152,151,863,-712
119900153,188,147,41
119900154,11,566,-555
119900155,50,62,-12
119900156,12,8,4
119900157,145,594,-449
119900158,183,101,82
119900159,9,2942,-2933
119900160,26,321,-295
119900161,234,576,-342
119900162,1169,1502,-333
119900163,194,300,-106
119900164,0,3,-3
119900165,170,500,-330
119900166,118,61,57
119900167,193,209,-16
119900168,933,700,233
119900169,211,862,-651
119900170,312,273,39
119900171,1115,852,263
119900172,183,33,150
119900173,11,951,-940
119900174,6,343,-337
119900175,1254,1010,244
119900177,36,337,-301
119900178,34,369,-335
119900179,164,436,-272
119900180,1366,1122,244
119900181,82,122,-40
119900182,8,1125,-1117
119900183,172,1475,-1303
119900184,5665,1074,4591
119900185,81,215,-134
119900186,180,954,-774
119900187,18,1131,-1113
119900188,93,454,-361
119900189,596,402,194
119900190,107,283,-176
119900191,722,198,524
119900192,44,327,-283
119900193,408,378,30
119900194,29,81,-52
119900195,23,400,-377
119900196,2647,683,1964
119900197,457,167,290
119900198,99,629,-530
119900199,212,44,168
119900200,616,961,-345
119900201,463,248,215
119900202,313,282,31
119900203,279,540,-261
119900204,332,531,-199
119900205,765,1205,-440
119900206,143,306,-163
119900208,299,256,43
119900209,706,1547,-841
119900210,45,58,-13
119900211,123,32,91
119900212,195,506,-311
119900213,16,86,-70
119900214,40,154,-114
119900215,67,116,-49
119900216,9,157,-148
119900217,12,107,-95
119900218,37,107,-70
119900219,3,189,-186
119900220,5,232,-227
119900221,49,656,-607
119900222,34,492,-458
119900223,29,181,-152
119900224,26,52,-26
119900225,2074,80,1994
119900226,1317,2629,-1312
119900227,1923,749,1174
119900228,74,359,-285
119900229,442,1069,-627
119900230,2755,1191,1564
119900231,241,358,-117
119900232,236,137,99
119900233,62,1,61
119900234,58,96,-38
119900235,57,82,-25
119900236,18,411,-393
119900237,77,1056,-979
119900238,2,130,-128
119900240,79,212,-133
119900241,222,412,-190
119900242,3217,4887,-1670
119900244,1439,1957,-518
119900245,226,288,-62
119900246,382,638,-256
119900247,40,119,-79
119900248,78,157,-79
119900249,268,111,157
119900253,6806,658,6148
119900254,125,684,-559
119900255,140,844,-704
119900256,531,1874,-1343
119900257,93,5,88
119900258,125,24,101
119900259,6,341,-335
119900260,114,11,103
119900261,282,303,-21
119900262,1,582,-581
119900263,1587,638,949
119900264,74,393,-319
119900265,353,507,-154
119900266,369,626,-257
119900267,344,820,-476
119900268,154,447,-293
119900269,970,2143,-1173
119900271,35,156,-121
119900272,664,132,532
119900275,197,6,191
119900276,34,2,32
119900277,13,9,4
119900278,619,162,457
119900279,285,611,-326
119900280,1684,341,1343
119900281,0,188,-188
119900282,96,85,11
119900283,4,605,-601
119900284,93,336,-243
119900285,48,99,-51
119900286,2,29,-27
119900288,5,51,-46
119900289,0,53,-53
119900290,11,69,-58
119900291,0,94,-94
119900292,22,27,-5
119900293,27,7,20
119900294,39,0,39
119900295,0,0,0
119900296,0,0,0
119900299,64,383,-319
119900300,255,355,-100
119900301,476,104,372
119900302,315,218,97
119900303,303,400,-97
119900304,260,67,193
119900305,32,222,-190
119900306,22,3,19
119900307,64,294,-230
119900308,9,45,-36
119900309,47,95,-48
119900310,517,538,-21
119900311,64,334,-270
119900312,159,175,-16
119900313,302,703,-401
119900314,233,554,-321
119900315,1467,4411,-2944
119900318,11,46,-35
119900319,4,614,-610
119900320,306,1158,-852
119900321,62,4,58
119900322,59,134,-75
119900323,7,281,-274
119900324,7,113,-106
119900325,196,730,-534
119900326,377,152,225
120000001,17042,21518,-4476
120000002,3123,5316,-2193
120000003,4808,2711,2097
120000004,3820,3495,325
120000005,7382,3019,4363
120000006,1966,1959,7
120000007,5560,3988,1572
120000008,1371,2332,-961
120000009,7151,1526,5625
120000010,2324,4319,-1995
120000011,1549,3570,-2021
120000012,2153,5120,-2967
120000013,3127,4576,-1449
120000014,853,2854,-2001
120000015,3713,2598,1115
120000016,5345,4858,487
120000017,3801,4484,-683
120000018,8158,15886,-7728
120000019,1290,2236,-946
120000020,4666,4620,46
120000021,2799,3446,-647
120000022,3827,5418,-1591
120000023,1132,2600,-1468
120000024,1934,3415,-1481
120000025,2886,3617,-731
120000026,1745,3124,-1379
120000027,1933,2959,-1026
120000028,1534,700,834
120000029,8866,1018,7848
120000030,201,2055,-1854
120000031,2976,18374,-15398
120000032,16391,5577,10814
120000033,5753,3533,2220
120000034,2524,4057,-1533
120000035,2741,4393,-1652
120000036,4229,7762,-3533
120000037,987,2355,-1368
120000038,15800,5356,10444
120000039,692,1313,-621
120000040,93,226,-133
120000041,1239,2673,-1434
120000042,2539,5758,-3219
120000043,6852,4666,2186
120000044,5951,2061,3890
120000045,5800,1527,4273
120000046,2763,3451,-688
120000047,3321,6324,-3003
120000048,13510,6004,7506
120000049,7976,4576,3400
120000050,8591,7751,840
120000051,5197,9071,-3874
120000052,21778,4100,17678
120000053,1173,5785,-4612
120000054,1796,9860,-8064
120000055,2016,8589,-6573
120000056,4504,7271,-2767
120000057,3534,962,2572
120000058,1503,447,1056
120000059,88,1585,-1497
120000061,267,1099,-832
120000062,279,538,-259
120000063,2818,4529,-1711
120000064,347,2443,-2096
120000065,749,2919,-2170
120000066,183,696,-513
120000067,65,928,-863
120000068,280,1738,-1458
120000069,953,2547,-1594
120000070,80,1477,-1397
120000071,384,364,20
120000072,549,830,-281
120000073,777,160,617
120000074,128,110,18
120000075,715,411,304
120000076,2037,598,1439
120000077,1842,848,994
120000078,5567,1397,4170
120000079,306,205,101
120000080,133,265,-132
120000081,247,197,50
120000082,163,216,-53
120000083,114,593,-479
120000084,577,793,-216
120000085,441,675,-234
120000086,410,977,-567
120000087,246,1698,-1452
120000088,953,2401,-1448
120000089,1446,1186,260
120000090,852,903,-51
120000091,1010,1853,-843
120000092,1735,1058,677
120000093,513,847,-334
120000094,152,1037,-885
120000095,1388,1059,329
120000096,376,1730,-1354
120000098,1065,1715,-650
120000099,525,1217,-692
120000100,946,1459,-513
120000101,674,778,-104
120000102,676,1115,-439
120000103,1557,882,675
120000104,2097,606,1491
120000105,3531,807,2724
120000106,2424,794,1630
120000107,3854,977,2877
120000108,1080,207,873
120000109,1322,116,1206
120000110,119,1683,-1564
120000111,171,2013,-1842
120000112,1157,6669,-5512
120000113,768,5068,-4300
120000114,1165,5348,-4183
120000115,485,4387,-3902
120000116,906,3398,-2492
120000117,2479,2442,37
120000118,113,84,29
120000119,54,118,-64
120000120,87,81,6
120000121,50,120,-70
120000122,533,616,-83
120000123,10279,8012,2267
120000124,464,904,-440
120000125,536,1521,-985
120000126,597,1360,-763
120000127,4557,1451,3106
120000128,10150,4196,5954
120000129,281,520,-239
120000130,1206,1170,36
120000131,351,862,-511
120000134,510,2371,-1861
120000135,441,595,-154
120000137,280,3566,-3286
120000138,890,825,65
120000139,331,1569,-1238
120000140,786,1015,-229
120000141,242,777,-535
120000142,419,960,-541
120000143,2,156,-154
120000144,117,1,116
120000145,362,1,361
120000146,4881,1947,2934
120000149,878,1577,-699
120000150,7213,11858,-4645
120000151,581,852,-271
120000152,499,456,43
120000153,231,1618,-1387
120000154,849,796,53
120000155,106,489,-383
120000156,2802,1167,1635
120000157,1295,1007,288
120000158,1082,1708,-626
120000159,2658,3944,-1286
120000160,2919,2362,557
120000161,2818,5237,-2419
120000162,276,563,-287
120000163,793,2366,-1573
120000164,504,638,-134
120000165,524,1706,-1182
120000166,1532,1103,429
120000167,87,133,-46
120000168,15,519,-504
120000169,244,767,-523
120000170,416,365,51
120000171,74,102,-28
120000172,109,68,41
120000173,6590,517,6073
120000174,996,28,968
120000175,2274,33,2241
120000176,996,94,902
120000177,3035,477,2558
120000178,146,11,135
120000179,889,55,834
120000180,909,160,749
120000181,220,482,-262
120000182,162,179,-17
120000183,14,228,-214
120000184,228,1263,-1035
120000186,146,153,-7
120000187,233,87,146
120000188,1357,138,1219
120000190,3163,37,3126
120000191,3242,47,3195
120000192,2119,41,2078
120000193,853,15,838
120000195,87,4,83
120000196,324,182,142
120000197,137,655,-518
120000198,167,256,-89
120000199,139,2,137
120000200,93,0,93
120000201,13,19,-6
120000202,6,92,-86
120000203,55,462,-407
120000207,5,111,-106
120000208,5,477,-472
120000209,5,92,-87
120000210,226,133,93
120000211,89,2,87
120000212,115,0,115
120000213,118,560,-442
120000214,1,578,-577
120000215,2,225,-223
120000216,60,20,40
120000217,1229,1784,-555
120000218,278,1473,-1195
120000219,13,913,-900
120000220,10,3341,-3331
120000225,1256,1,1255
120000226,294,5,289
120000227,785,28,757
120000228,9044,3870,5174
120000230,395,9,386
120000231,1420,3858,-2438
120000233,349,81,268
120000235,193,1324,-1131
120000236,1225,5,1220
120000237,9,3445,-3436
120000238,1,424,-423
120000241,1849,6656,-4807
120000412,2932,48,2884
120000413,303,751,-448
120000414,110,1,109
120000415,1,349,-348
120000416,67,8,59
120000417,4,178,-174
120000418,184,48,136
120000419,24,830,-806
120000420,104,39,65
120000421,21999,8645,13354
120000422,347,1162,-815
120000423,4,58,-54
120000424,79,219,-140
120000436,159,783,-624
120000437,234,251,-17
120000438,7262,913,6349
120000439,212,562,-350
120000443,212,2,210
120000444,1648,1289,359
120000445,2374,2109,265
120000446,1754,532,1222
120000447,210,14,196
120000449,104,14,90
120000450,10,515,-505
120000451,188,597,-409
120000452,116,3,113
120000453,3,873,-870
120000454,170,89,81
120000455,98,127,-29
120000456,4387,5371,-984
120000457,2182,1417,765
120000458,819,1221,-402
120000459,111,183,-72
120000665,3812,252,3560
120000668,157,394,-237
120000669,77,572,-495
120000670,379,616,-237
120000671,2328,826,1502
120000672,150,759,-609
120900001,72,75,-3
120900002,1496,620,876
120900003,649,82,567
120900004,12,134,-122
120900005,17,2316,-2299
120900006,353,313,40
120900007,147,283,-136
120900008,377,1857,-1480
120900009,781,107,674
120900010,463,102,361
120900011,636,242,394
120900012,1892,1586,306
120900013,292,123,169
120900014,4,1376,-1372
120900015,561,143,418
120900016,915,91,824
120900017,5535,176,5359
120900018,127,863,-736
120900019,985,289,696
120900020,1345,1358,-13
120900021,790,188,602
120900022,164,853,-689
120900023,207,65,142
120900024,2655,606,2049
120900025,3046,1803,1243
120900026,284,338,-54
120900027,1277,131,1146
120900028,383,90,293
120900029,261,465,-204
120900030,1564,923,641
120900031,278,108,170
120900032,998,224,774
120900033,1267,85,1182
120900034,53,3325,-3272
120900035,52,167,-115
120900037,286,10,276
120900038,72,255,-183
120900039,92,75,17
120900040,255,4,251
120900041,185,79,106
120900042,442,89,353
120900043,58,33,25
120900044,26,865,-839
120900045,180,213,-33
120900046,423,7,416
120900047,151,103,48
120900048,116,42,74
120900049,403,3,400
120900050,6087,2036,4051
120900051,319,220,99
120900052,635,5,630
120900053,242,141,101
120900054,2196,1409,787
120900055,326,4,322
120900056,562,26,536
120900057,112,36,76
120900058,512,2,510
120900059,73,2,71
120900060,104,73,31
120900061,249,747,-498
120900062,190,0,190
120900063,495,5,490
120900064,525,2,523
120900065,419,1,418
120900066,300,645,-345
120900067,267,87,180
120900068,226,0,226
120900069,176,105,71
120900071,27,16,11
120900072,636,3,633
120900073,414,369,45
120900074,922,121,801
120900076,289,0,289
120900077,6668,362,6306
120900078,677,1144,-467
120900079,803,159,644
120900080,515,3448,-2933
120900081,1012,1554,-542
120900082,1115,492,623
120900083,55,1,54
120900084,409,472,-63
120900085,232,179,53
120900086,247,393,-146
120900087,577,272,305
120900088,269,493,-224
120900089,7542,2917,4625
120900090,138,402,-264
120900091,737,714,23
120900092,1834,1254,580
120900093,5993,456,5537
120900094,775,403,372
120900095,637,64,573
120900096,92,453,-361
120900097,1100,1495,-395
120900098,361,277,84
120900099,77,123,-46
120900100,94,582,-488
120900101,863,465,398
120900102,15,345,-330
120900103,71,272,-201
120900104,36,65,-29
120900105,39,1224,-1185
120900106,2033,1034,999
120900107,424,205,219
120900108,12,1519,-1507
120900109,40,1172,-1132
120900110,18,2294,-2276
120900111,216,630,-414
120900112,12,2158,-2146
120900113,28,1537,-1509
120900114,42,290,-248
120900115,214,334,-120
120900116,417,1103,-686
120900117,3,1037,-1034
120900118,34,1419,-1385
120900119,4839,11433,-6594
120900120,94,1179,-1085
120900121,164,880,-716
120900122,461,1244,-783
120900123,8,782,-774
120900124,1,1253,-1252
120900125,4,2154,-2150
120900126,2142,1531,611
120900127,14,898,-884
120900128,1334,1946,-612
120900129,57,601,-544
120900130,4,716,-712
120900131,62,162,-100
120900132,877,633,244
120900133,286,2115,-1829
120900134,850,722,128
120900135,15,1042,-1027
120900136,56,89,-33
120900137,297,187,110
120900138,17,302,-285
120900139,0,1353,-1353
120900140,7,99,-92
120900141,330,192,138
120900142,46,1473,-1427
120900143,9,1563,-1554
120900144,2,283,-281
120900145,90,1215,-1125
120900146,6,1684,-1678
120900147,0,653,-653
120900148,171,263,-92
120900149,1,623,-622
120900150,31,966,-935
120900151,1,1174,-1173
120900152,18,56,-38
120900153,28,130,-102
120900154,0,576,-576
120900155,204,1822,-1618
120900156,73,447,-374
120900157,99,317,-218
120900158,60,757,-697
120900159,122,457,-335
120900160,48,749,-701
120900161,34,973,-939
120900162,28,965,-937
120900163,39,462,-423
120900164,1,1,0
120900165,7,10,-3
120900166,719,373,346
120900167,576,170,406
120900169,73,902,-829
120900170,4281,3053,1228
120900171,1929,622,1307
120900172,3742,444,3298
120900173,2,95,-93
120900174,10,226,-216
120900175,378,461,-83
120900176,13,535,-522
120900177,5,1292,-1287
120900178,0,662,-662
120900179,1267,853,414
120900180,323,151,172
120900181,69,105,-36
120900182,18,1995,-1977
120900183,521,367,154
120900184,186,159,27
120900185,9,749,-740
120900186,5,904,-899
120900187,667,1354,-687
120900188,156,30,126
120900189,319,1244,-925
120900190,71,46,25
120900191,5,63,-58
120900192,21881,6277,15604
120900194,50,143,-93
120900195,208,454,-246
120900196,1132,95,1037
120900197,613,166,447
120900198,332,945,-613
120900199,437,518,-81
120900200,158,211,-53
120900201,860,209,651
120900202,3,336,-333
120900203,31,117,-86
120900204,234,497,-263
120900205,90,152,-62
120900206,13,31,-18
120900207,68,2763,-2695
121000001,2380,1687,693
121000002,8550,4510,4040
121000003,6497,3248,3249
121000004,5870,16790,-10920
121000005,3711,4958,-1247
121000006,6484,3250,3234
121000007,6133,4139,1994
121000008,16127,6711,9416
121000009,11398,10440,958
121000010,18944,14701,4243
121000011,14789,24030,-9241
121000012,26235,22420,3815
121000013,8645,14521,-5876
121000014,11048,13973,-2925
121000015,11643,11945,-302
121000016,7887,8843,-956
121000017,3214,5614,-2400
121000018,3609,3120,489
121000019,29024,15819,13205
121000020,19050,18594,456
121000021,4712,5312,-600
121000022,3266,3348,-82
121000023,6098,5379,719
121000024,5369,5937,-568
121000025,1250,2830,-1580
121000026,548,285,263
121000027,2469,1616,853
121000028,1523,732,791
121000029,1817,1307,510
121000030,1175,727,448
121000031,1530,1115,415
121000032,359,114,245
121000034,2145,240,1905
121000035,953,132,821
121000036,2981,1561,1420
121000037,1554,915,639
121000038,1567,1309,258
121000039,1299,972,327
121000041,883,937,-54
121000042,461,511,-50
121000043,1791,1313,478
121000044,4186,1365,2821
121000045,756,516,240
121000046,954,1575,-621
121000047,156,183,-27
121000049,3718,1027,2691
121000050,622,1818,-1196
121000051,1491,503,988
121000052,584,1094,-510
121000053,1028,182,846
121000054,50,620,-570
121000055,2584,1847,737
121000056,1356,1782,-426
121000057,456,653,-197
121000058,522,203,319
121000059,3710,2297,1413
121000060,682,1318,-636
121000061,968,373,595
121000062,292,397,-105
121000063,1237,923,314
121000064,1308,1451,-143
121000065,1063,549,514
121000066,1233,770,463
121000067,2104,561,1543
121000068,1312,713,599
121000069,2122,995,1127
121000070,3761,1840,1921
121000071,2333,2205,128
121000072,2558,1141,1417
121000073,3945,1064,2881
121000074,233,215,18
121000075,149,498,-349
121000076,2301,709,1592
121000077,361,341,20
121000078,203,150,53
121000080,3895,1143,2752
121000081,6245,7132,-887
121000082,247,389,-142
121000083,569,267,302
121000084,346,165,181
121000085,449,989,-540
121000086,208,1131,-923
121000087,110,447,-337
121000088,579,1289,-710
121000089,840,552,288
121000090,1062,640,422
121000091,2728,1518,1210
121000092,243,147,96
121000093,223,353,-130
121000094,519,1162,-643
121000095,565,822,-257
121000096,3207,4013,-806
121000097,1965,3185,-1220
121000098,680,2007,-1327
121000099,756,1401,-645
121000100,1324,808,516
121000101,448,451,-3
121000102,294,531,-237
121000103,155,460,-305
121000104,299,253,46
121000105,524,291,233
121000106,312,566,-254
121000107,4644,5590,-946
121000109,2571,1788,783
121000110,471,1228,-757
121000114,5264,3117,2147
121000115,1633,1183,450
121000116,541,1577,-1036
121000117,1332,458,874
121000118,2034,528,1506
121000119,437,748,-311
121000120,352,652,-300
121000121,980,1493,-513
121000123,3028,876,2152
121000126,223,572,-349
121000127,574,143,431
121000128,1077,713,364
121000129,1021,691,330
121000130,686,1632,-946
121000131,3153,2454,699
121000132,2011,2042,-31
121000135,689,1097,-408
121000136,2283,761,1522
121000137,687,446,241
121000138,1675,1423,252
121000139,1061,228,833
121000141,709,233,476
121000142,1649,1181,468
121000143,162,55,107
121000144,1521,2793,-1272
121000145,1127,1830,-703
121000146,2553,1503,1050
121000147,1633,939,694
121000148,1795,1551,244
121000149,4931,2074,2857
121000152,931,1457,-526
121000153,3023,1580,1443
121000154,1277,2473,-1196
121000155,2703,2093,610
121000156,659,2201,-1542
121000157,1848,4371,-2523
121000158,455,1616,-1161
121000159,308,1207,-899
121000160,452,1035,-583
121000161,276,541,-265
121000162,83,399,-316
121000165,2912,2472,440
121000166,45,1180,-1135
121000168,976,583,393
121000169,149,272,-123
121000170,597,595,2
121000171,127,256,-129
121000172,1076,733,343
121000173,1866,1449,417
121000174,417,535,-118
121000175,1470,675,795
121000176,610,329,281
121000177,2782,1051,1731
121000178,169,74,95
121000179,194,80,114
121000181,498,949,-451
121000182,190,200,-10
121000183,57,72,-15
121000184,548,75,473
121000185,80,224,-144
121000186,285,629,-344
121000187,253,357,-104
121000188,292,382,-90
121000192,1151,713,438
121000193,1034,798,236
121000194,4208,3655,553
121000195,1059,1424,-365
121000196,2747,421,2326
121000197,860,1338,-478
121000198,982,181,801
121000199,467,753,-286
121000200,1584,133,1451
121000201,23,379,-356
121000202,4804,190,4614
121000203,1365,3562,-2197
121000204,4001,1012,2989
121000205,550,526,24
121000206,507,51,456
121000207,2866,665,2201
121000208,32,601,-569
121000209,358,598,-240
121000210,442,1066,-624
121000211,417,308,109
121000212,467,1426,-959
121000213,14720,5217,9503
121000214,1354,5835,-4481
121000215,2415,1526,889
121000216,1234,1359,-125
121000217,11233,5830,5403
121000218,1127,2803,-1676
121000219,4956,815,4141
121000220,594,79,515
121000221,319,473,-154
121000222,4513,3569,944
121000223,1279,351,928
121000224,597,174,423
121000225,5069,1782,3287
121000226,16241,1671,14570
121000227,8,431,-423
121000228,26,970,-944
121000229,449,696,-247
121000230,86,2716,-2630
121000231,1274,42,1232
121000232,655,679,-24
121000233,963,474,489
121000234,24,57,-33
121000235,106,28,78
121000236,15,74,-59
121000237,32,13,19
121000238,8,121,-113
121000239,30,9,21
121000240,14,558,-544
121000241,77,12,65
121000242,49,256,-207
121000243,289,71,218
121000244,4,71,-67
121000245,21,14,7
121000246,2,115,-113
121000247,69,3,66
121000248,935,728,207
121000249,210,345,-135
121000250,993,164,829
121000251,30,851,-821
121000252,120,118,2
121000253,881,820,61
121000254,1559,472,1087
121000255,569,239,330
121000256,1041,336,705
121000257,134,95,39
121000258,319,82,237
121000259,133,73,60
121000260,346,273,73
121000261,405,54,351
121000262,1736,2022,-286
121000263,426,659,-233
121000271,431,2580,-2149
121000273,395,16,379
121000274,125,58,67
121000275,5,34,-29
121000276,11,19,-8
121000278,283,79,204
121000279,254,31,223
121000280,378,75,303
121000289,308,36,272
121000290,2318,1127,1191
121000294,134,242,-108
121000297,2004,2282,-278
121000299,1059,316,743
121000300,1173,797,376
121000302,159,1570,-1411
121000303,761,732,29
121000304,628,97,531
121000305,211,73,138
121000306,190,216,-26
121000308,323,827,-504
121000309,869,962,-93
121000310,298,573,-275
121000311,107,1374,-1267
121000312,542,500,42
121000313,669,1071,-402
121000314,198,174,24
121000315,96,131,-35
121000530,1882,2347,-465
121000531,1746,2397,-651
121000532,9341,8529,812
121000533,3649,5205,-1556
121000918,91,212,-121
121000919,54,92,-38
121000938,210,202,8
121000939,206,237,-31
121000956,1280,2406,-1126
121000957,12,20,-8
121000958,789,77,712
121000959,928,1368,-440
121000960,3024,3142,-118
121000961,256,168,88
121000962,418,2153,-1735
121000973,1,211,-210
121000976,34,299,-265
121000979,506,193,313
121000981,331,188,143
121000982,590,394,196
121000983,769,652,117
121000984,296,77,219
121000985,753,1432,-679
121000986,694,735,-41
121000987,343,2299,-1956
121000988,1166,183,983
121001302,684,258,426
121001308,94,9,85
121001309,319,88,231
121001311,0,0,0
121001313,389,431,-42
121001314,4606,5805,-1199
121001315,6427,4882,1545
121001318,0,0,0
121900001,121,236,-115
121900002,191,30,161
121900003,597,20,577
121900004,435,608,-173
121900005,108,76,32
121900006,152,40,112
121900007,3847,3613,234
121900008,3045,1089,1956
121900009,741,29,712
121900010,348,8,340
121900011,433,702,-269
121900012,56,3,53
121900013,2631,85,2546
121900014,2157,571,1586
121900015,318,270,48
121900016,23,53,-30
121900017,685,751,-66
121900018,417,10,407
121900019,645,450,195
121900020,48,1,47
121900021,1179,40,1139
121900022,302,351,-49
121900023,179,599,-420
121900024,724,109,615
121900025,941,726,215
121900026,741,97,644
121900027,525,181,344
121900028,425,36,389
121900029,256,394,-138
121900030,1168,1439,-271
121900031,2418,14391,-11973
121900032,155,169,-14
121900033,188,243,-55
121900034,1278,129,1149
121900035,4178,3825,353
121900036,190,545,-355
121900037,262,816,-554
121900038,63,271,-208
121900039,724,96,628
121900040,104,116,-12
121900041,118,283,-165
121900042,511,252,259
121900043,4,7,-3
121900044,358,110,248
121900046,447,297,150
121900047,286,85,201
121900048,87,245,-158
121900050,29,39,-10
121900051,212,208,4
121900052,230,86,144
121900053,564,792,-228
121900054,1097,1186,-89
121900055,3,16,-13
121900058,845,426,419
121900059,579,305,274
121900060,140,430,-290
121900061,346,229,117
121900062,163,216,-53
121900063,2164,473,1691
121900064,363,1151,-788
121900066,69,35,34
121900067,49,64,-15
121900069,195,248,-53
121900070,703,170,533
121900071,324,417,-93
121900072,45,247,-202
121900073,454,273,181
121900074,987,1659,-672
121900075,1663,560,1103
121900076,1378,891,487
121900077,31,60,-29
121900078,87,53,34
121900079,0,0,0
121900080,1239,701,538
121900082,80,171,-91
121900084,16,319,-303
121900085,4,22,-18
121900086,28,56,-28
121900087,191,121,70
121900088,3273,5175,-1902
121900089,298,574,-276
121900090,31,176,-145
121900091,42,191,-149
121900092,106,118,-12
121900093,90,119,-29
121900094,24,8,16
121900095,312,211,101
121900096,2644,954,1690
121900097,823,238,585
121900098,11,12,-1
121900099,320,99,221
121900100,293,524,-231
121900101,236,165,71
121900102,5,167,-162
121900103,1059,295,764
121900104,2119,594,1525
121900105,321,329,-8
121900106,15,6,9
121900107,79,56,23
121900108,1,54,-53
121900109,689,221,468
121900110,474,1719,-1245
121900111,1510,182,1328
121900112,180,177,3
121900113,203,1045,-842
121900114,54,172,-118
121900117,662,54,608
121900118,4042,872,3170
121900119,228,172,56
121900120,58,2986,-2928
121900121,1416,132,1284
121900122,36,81,-45
121900123,353,824,-471
121900124,173,256,-83
121900125,2280,2459,-179
121900127,15,116,-101
121900128,161,183,-22
121900129,1108,255,853
121900130,268,419,-151
121900131,499,98,401
121900132,72,168,-96
121900133,123,560,-437
121900134,55,238,-183
121900135,3237,391,2846
121900136,540,722,-182
121900137,81,642,-561
121900138,222,349,-127
121900139,579,736,-157
121900140,116,302,-186
121900141,101,28,73
121900142,178,268,-90
121900143,20,299,-279
121900144,250,426,-176
121900145,269,364,-95
121900146,1296,1112,184
121900147,99,264,-165
121900148,293,357,-64
121900149,734,1199,-465
121900150,139,236,-97
121900151,100,343,-243
121900152,151,222,-71
121900153,119,783,-664
121900154,20,312,-292
121900155,6,232,-226
121900156,248,142,106
121900157,12,637,-625
121900158,97,110,-13
121900159,2,312,-310
121900160,128,380,-252
121900161,699,534,165
121900162,181,228,-47
121900163,288,960,-672
121900164,610,306,304
121900165,280,238,42
121900166,222,241,-19
121900167,231,159,72
121900168,381,221,160
121900169,6,467,-461
121900170,3,373,-370
121900171,743,1007,-264
121900172,629,451,178
121900173,1605,390,1215
121900174,61,112,-51
121900175,651,230,421
121900176,1085,2658,-1573
121900177,267,114,153
121900178,103,94,9
121900179,579,151,428
121900180,8319,5980,2339
121900182,2005,402,1603
121900183,792,1285,-493
121900184,79,786,-707
121900186,15,383,-368
121900187,30,241,-211
121900188,787,981,-194
121900189,65,119,-54
121900190,557,849,-292
121900191,96,346,-250
121900192,652,1092,-440
121900193,149,309,-160
121900194,9,181,-172
121900195,154,142,12
121900196,1676,2411,-735
121900197,531,3039,-2508
121900198,1707,2830,-1123
121900199,3,35,-32
121900200,368,333,35
121900201,1911,957,954
121900202,254,910,-656
121900203,359,2195,-1836
121900204,1684,2774,-1090
121900205,22,153,-131
121900206,18,15,3
121900207,414,69,345
121900208,322,356,-34
121900209,51,38,13
121900210,3268,2252,1016
121900211,274,881,-607
121900212,174,187,-13
121900213,199,167,32
121900214,18,1147,-1129
121900215,101,192,-91
121900216,340,226,114
121900217,315,157,158
121900218,332,1024,-692
121900220,169,33,136
121900221,402,1052,-650
121900222,351,269,82
121900223,428,121,307
121900224,158,104,54
121900225,686,104,582
121900226,460,1547,-1087
121900227,220,666,-446
121900228,401,644,-243
121900230,331,538,-207
121900231,922,2926,-2004
121900232,820,564,256
121900233,401,349,52
121900234,618,507,111
121900235,702,382,320
121900236,453,218,235
121900237,339,355,-16
121900238,249,472,-223
121900239,208,74,134
121900240,243,210,33
121900241,64,78,-14
121900242,6,1,5
121900243,16,0,16
121900244,25,0,25
121900245,384,137,247
121900246,3998,794,3204
121900247,401,365,36
121900248,2081,1670,411
121900250,321,406,-85
121900251,431,87,344
121900252,833,242,591
121900253,203,1154,-951
121900254,801,399,402
121900255,280,164,116
121900258,4571,3535,1036
121900259,475,1096,-621
121900260,260,370,-110
121900261,220,1080,-860
121900262,655,2487,-1832
121900263,204,814,-610
121900264,3365,3029,336
121900265,544,553,-9
121900266,410,298,112
121900267,99,63,36
121900269,279,924,-645
121900270,28,276,-248
121900271,66,263,-197
121900273,1355,3439,-2084
121900274,440,361,79
121900277,685,1806,-1121
121900278,489,1060,-571
121900279,269,270,-1
121900280,571,493,78
121900281,1237,598,639
121900284,114,40,74
121900286,303,221,82
121900287,17,33,-16
121900288,0,2,-2
121900290,380,406,-26
121900291,746,1058,-312
121900292,601,232,369
121900293,1721,4853,-3132
121900294,366,9,357
121900295,141,401,-260
121900296,265,225,40
121900298,840,926,-86
121900299,0,0,0
121900300,22,0,22
121900301,26,0,26
121900302,1,41,-40
121900303,1109,467,642
121900304,7,6,1
121900305,4,13,-9
121900306,144,2,142
121900307,30,3,27
121900308,20,417,-397
121900309,17,328,-311
121900310,49,574,-525
121900311,374,34,340
121900312,262,32,230
121900313,620,42,578
121900314,18,104,-86
121900315,5,0,5
121900316,0,39,-39
121900317,8,4,4
121900318,4,32,-28
121900319,25,251,-226
121900320,127,218,-91
121900321,12,0,12
121900322,0,38,-38
121900323,32,43,-11
121900324,12,121,-109
121900325,13,5,8
121900326,0,28,-28
121900327,4,33,-29
121900328,0,14,-14
121900329,1,122,-121
121900330,1,13,-12
121900331,152,31,121
121900332,142,98,44
121900333,34,5,29
121900334,234,124,110
122000001,3319,5734,-2415
122000002,6961,2581,4380
122000003,2677,2760,-83
122000004,4367,2409,1958
122000005,4577,1908,2669
122000006,4343,958,3385
122000007,2383,2686,-303
122000008,9260,8538,722
122000009,673,542,131
122000010,3090,5480,-2390
122000011,4877,2249,2628
122000012,2404,1909,495
122000013,6214,2344,3870
122000014,2936,4516,-1580
122000015,2998,1750,1248
122000016,964,1237,-273
122000017,1529,1479,50
122000018,2339,1421,918
122000019,1679,2204,-525
122000020,398,357,41
122000021,871,919,-48
122000022,2606,2651,-45
122000023,1021,5793,-4772
122000024,1679,1532,147
122000025,4333,2031,2302
122000026,1898,1116,782
122000027,920,9246,-8326
122000028,1173,691,482
122000029,1069,542,527
122000030,655,239,416
122000031,462,455,7
122000032,3783,6512,-2729
122000033,2426,1532,894
122000034,2332,1063,1269
122000035,491,1927,-1436
122000036,1178,811,367
122000037,453,400,53
122000038,471,457,14
122000039,869,928,-59
122000040,520,1686,-1166
122000041,1139,701,438
122000042,981,566,415
122000043,227,215,12
122000044,270,313,-43
122000045,2725,707,2018
122000046,1680,1870,-190
122000047,612,305,307
122000048,5420,8300,-2880
122000049,9722,3094,6628
122000050,3321,1049,2272
122000051,880,385,495
122000052,1071,342,729
122000053,429,767,-338
122000054,4118,3144,974
122000055,5372,3778,1594
122000056,8040,7115,925
122000057,4999,4943,56
122000058,6604,1375,5229
122000059,5274,2405,2869
122000060,1311,984,327
122000061,889,678,211
122000062,2336,379,1957
122000063,2730,1147,1583
122000064,8785,3405,5380
122000065,12156,3897,8259
122000066,3057,1607,1450
122000067,6286,1992,4294
122000068,2655,3463,-808
122000069,1057,1248,-191
122000070,1217,10523,-9306
122000071,1661,3734,-2073
122000072,712,683,29
122000073,774,789,-15
122000074,4721,2468,2253
122000075,948,3704,-2756
122000076,3168,1905,1263
122000077,2393,928,1465
122000078,3999,3050,949
122000079,3125,1420,1705
122000080,2159,540,1619
122000081,472,615,-143
122000082,1267,961,306
122000083,2208,6538,-4330
122000084,2129,1507,622
122000085,438,5420,-4982
122000086,3879,10548,-6669
122000087,760,328,432
122000088,363,565,-202
122000089,14654,7362,7292
122000090,557,739,-182
122000091,1141,89,1052
122000092,599,40,559
122000093,5806,1420,4386
122000094,14991,3001,11990
122000095,5625,5321,304
122000096,4654,3658,996
122000098,5460,2270,3190
122000099,8255,1000,7255
122000100,2165,1412,753
122000101,453,2745,-2292
122000102,2844,1606,1238
122000103,3640,1969,1671
122000104,645,310,335
122000105,610,390,220
122000106,774,791,-17
122000107,1581,929,652
122000108,477,1002,-525
122000109,569,732,-163
122000110,632,636,-4
122000111,4621,1521,3100
122000112,1246,2357,-1111
122000113,1174,1081,93
122000114,10855,2830,8025
122000115,2251,4599,-2348
122000116,711,851,-140
122000117,1796,661,1135
122000118,562,1079,-517
122000119,4356,3208,1148
122000120,3645,5960,-2315
122000121,5089,4310,779
122000122,1304,2361,-1057
122000123,3446,2955,491
122000124,1689,938,751
122000125,831,972,-141
122000126,950,1479,-529
122000127,1896,1569,327
122000128,1083,1485,-402
122000129,669,2496,-1827
122000130,4856,1536,3320
122000131,2567,1916,651
122000132,1263,825,438
122000133,1861,3307,-1446
122000134,1189,1101,88
122000135,1031,1058,-27
122000136,1008,687,321
122000137,2523,1185,1338
122000139,4302,7215,-2913
122000140,3666,953,2713
122000141,8627,1885,6742
122000142,1184,1262,-78
122000143,1044,784,260
122000144,3930,1863,2067
122000145,4103,1321,2782
122000146,1394,1551,-157
122000147,2249,789,1460
122000148,4589,2058,2531
122000149,2971,2181,790
122000150,2186,1621,565
122000151,352,613,-261
122000152,827,546,281
122000153,741,451,290
122000154,534,289,245
122000155,2101,3979,-1878
122000156,2338,2779,-441
122000157,3073,1677,1396
122000158,1049,895,154
122000159,2228,2723,-495
122000160,7206,3350,3856
122000161,1618,1615,3
122000162,3342,3059,283
122000163,333,93,240
122000164,45,91,-46
122000165,1286,1201,85
122000166,2183,2270,-87
122000167,262,245,17
122000168,321,801,-480
122000169,1049,342,707
122000170,397,356,41
122000171,59,81,-22
122000172,2051,2715,-664
122000173,1983,3455,-1472
122000174,4825,1369,3456
122000175,2331,603,1728
122000176,561,1060,-499
122000177,2841,2087,754
122000178,5744,7426,-1682
122000179,3368,4460,-1092
122000180,2698,2150,548
122000181,3252,5628,-2376
122000182,3265,3172,93
122000183,2850,2574,276
122000184,3298,2908,390
122000185,1611,1710,-99
122000186,1164,1155,9
122000187,4733,1832,2901
122000188,698,340,358
122000189,573,658,-85
122000190,2571,1704,867
122000191,2460,1494,966
122000192,1985,542,1443
122000193,739,846,-107
122000194,2101,348,1753
122000195,646,587,59
122000196,1342,869,473
122000197,844,992,-148
122000198,1279,1088,191
122000199,971,599,372
122000200,2776,1512,1264
122000201,1930,1821,109
122000202,1612,1508,104
122000203,4513,2028,2485
122000204,2562,3047,-485
122000205,2224,2871,-647
122000206,3796,1546,2250
122000207,2641,2230,411
122000208,6645,2330,4315
122000209,6532,791,5741
122000210,4735,2851,1884
122000211,4036,1593,2443
122000212,1662,850,812
122000213,2335,2137,198
122000214,3601,3267,334
122000215,3259,2153,1106
122000217,4372,1912,2460
122000218,1733,232,1501
122000219,2629,1485,1144
122000220,518,936,-418
122000221,193,882,-689
122000222,872,239,633
122000223,2195,669,1526
122000225,1835,458,1377
122000226,2593,3544,-951
122000227,661,6373,-5712
122000228,576,583,-7
122000229,31,741,-710
122000230,56,938,-882
122000231,419,1293,-874
122000232,1002,1709,-707
122000233,2,231,-229
122000234,425,355,70
122000235,974,368,606
122000236,1379,280,1099
122000237,135,143,-8
122000238,396,550,-154
122000239,776,244,532
122000240,1689,757,932
122000241,1995,773,1222
122000242,1106,191,915
122000243,434,127,307
122000244,80,852,-772
122000245,126,484,-358
122000246,354,326,28
122000247,879,1408,-529
122000248,2447,3483,-1036
122000249,1153,1411,-258
122000250,2858,1989,869
122000251,308,671,-363
122000252,850,214,636
122000253,52,422,-370
122000254,361,174,187
122000255,1156,2755,-1599
122000256,487,2535,-2048
122000257,227,705,-478
122000258,259,405,-146
122000259,24,1051,-1027
122000260,10,135,-125
122000261,13,366,-353
122000262,2,112,-110
122000263,371,208,163
122000264,2606,786,1820
122000265,6946,1342,5604
122000266,14317,1056,13261
122000267,140,182,-42
122000268,315,552,-237
122000269,2503,405,2098
122000270,4215,250,3965
122000271,1140,1769,-629
122000272,587,1773,-1186
122000273,692,717,-25
122000274,296,311,-15
122000275,59,372,-313
122000276,978,997,-19
122000277,1626,2346,-720
122000278,1516,1378,138
122000279,305,748,-443
122000280,1544,1178,366
122000281,1354,1331,23
122000282,195,323,-128
122000283,481,92,389
122000284,191,140,51
122000285,612,171,441
122000286,195,310,-115
122000287,1407,2295,-888
122000288,712,424,288
122000291,2012,794,1218
122000293,616,374,242
122000294,193,351,-158
122000295,2210,402,1808
122000296,82,965,-883
122000297,5248,3996,1252
122000299,441,805,-364
122000300,714,978,-264
122000301,22700,4652,18048
122000302,1816,2457,-641
122000303,7044,2185,4859
122000304,146,361,-215
122000305,1283,594,689
122000306,48,1113,-1065
122000307,234,179,55
122000309,115,82,33
122000310,53,79,-26
122000311,414,335,79
122000312,279,132,147
122000313,127,78,49
122000314,232,340,-108
122000315,334,46,288
122000316,887,388,499
122000317,1633,462,1171
122000318,459,1541,-1082
122000319,410,1163,-753
122000320,433,3615,-3182
122000321,203,494,-291
122000322,3450,6344,-2894
122000323,2316,4139,-1823
122000324,2701,2434,267
122000325,1546,2511,-965
122000326,89,256,-167
122000327,863,1055,-192
122000328,2964,1300,1664
122000330,3678,1189,2489
122000332,336,568,-232
122000333,4,230,-226
122000337,1286,2634,-1348
122000338,548,746,-198
122000340,955,520,435
122000342,4827,1765,3062
122000343,631,2435,-1804
122000344,86,52,34
122000345,25,110,-85
122000346,430,957,-527
122000348,979,1302,-323
122000349,166,1155,-989
122000351,227,342,-115
122000352,512,246,266
122000353,133,190,-57
122000355,212,241,-29
122000356,5281,1234,4047
122000357,51,23,28
122000358,0,91,-91
122000359,0,64,-64
122000360,1,58,-57
122000362,12,153,-141
122000364,170,654,-484
122000365,0,64,-64
122000366,14,8,6
122000368,880,973,-93
122000370,20,71,-51
122000371,28,0,28
122000372,3,9,-6
122000381,86,714,-628
122000382,97,323,-226
122000384,9288,3635,5653
122000385,53,0,53
122000386,2259,2180,79
122000387,2472,715,1757
122000388,7303,788,6515
122000389,609,933,-324
122000390,1545,348,1197
122000391,1003,197,806
122000392,289,372,-83
122000393,88,257,-169
122000394,780,534,246
122000395,242,249,-7
122000396,664,207,457
122000397,140,187,-47
122000398,85,115,-30
122000399,232,89,143
122000400,461,704,-243
122000401,278,156,122
122000402,406,269,137
122000403,732,1881,-1149
122000404,204,651,-447
122000408,974,2160,-1186
122000503,8,337,-329
122000524,219,127,92
122000544,190,8697,-8507
122000616,542,5,537
122000640,53,207,-154
122000641,97,571,-474
122000642,1625,1921,-296
122000643,50,300,-250
122000644,322,27,295
122000645,102,702,-600
122000651,4825,1063,3762
122000664,508,97,411
122000665,1589,661,928
122000666,949,1733,-784
122000673,55,550,-495
122000674,155,86,69
122000675,2504,2216,288
122000686,559,2006,-1447
122000687,4466,514,3952
122000688,269,1068,-799
122000689,1333,1068,265
122000690,1512,989,523
122000691,557,3827,-3270
122000692,1959,646,1313
122000693,670,2953,-2283
122000695,367,997,-630
122000696,432,605,-173
122000698,407,1583,-1176
122000699,265,257,8
122000701,1780,565,1215
122000702,664,3162,-2498
122000703,248,212,36
122000712,0,0,0
122000717,355,93,262
122000718,582,1825,-1243
122000719,207,120,87
122000720,437,561,-124
122000724,192,51,141
122900001,48,5,43
122900002,2285,7265,-4980
122900003,604,66,538
122900004,1983,101,1882
122900005,124,145,-21
122900006,1166,797,369
122900007,398,47,351
122900008,993,148,845
122900009,1671,887,784
122900010,367,345,22
122900012,330,460,-130
122900014,243,541,-298
122900015,4099,1241,2858
122900016,218,474,-256
122900017,1129,1412,-283
122900018,482,21,461
122900019,15,214,-199
122900020,626,600,26
122900021,57,1162,-1105
122900022,1025,1622,-597
122900023,689,497,192
122900024,132,158,-26
122900025,11,292,-281
122900026,196,489,-293
122900027,131,1014,-883
122900028,201,313,-112
122900029,7608,4345,3263
122900030,2360,736,1624
122900031,395,316,79
122900032,178,512,-334
122900033,340,215,125
122900034,6268,13922,-7654
122900035,99,16,83
122900036,100,566,-466
122900037,910,175,735
122900038,332,5382,-5050
122900039,91,750,-659
122900040,864,561,303
122900041,367,310,57
122900042,318,402,-84
122900043,1170,330,840
122900044,153,621,-468
122900045,156,175,-19
122900046,264,162,102
122900047,965,383,582
122900048,61,592,-531
122900049,2658,229,2429
122900051,162,180,-18
122900052,85,188,-103
122900053,18,32,-14
122900055,688,196,492
122900057,824,48,776
122900061,671,347,324
122900062,628,899,-271
122900063,281,523,-242
122900064,1718,917,801
122900065,981,235,746
122900066,786,398,388
122900067,2653,1324,1329
122900068,196,597,-401
122900069,418,2340,-1922
122900070,478,90,388
122900071,190,679,-489
122900072,27,890,-863
122900073,62,453,-391
122900074,854,1096,-242
122900075,0,88,-88
122900076,9,304,-295
122900077,3,256,-253
122900078,152,199,-47
122900080,116,35,81
122900081,972,221,751
122900082,1209,325,884
122900083,259,188,71
122900084,7,432,-425
122900086,16,66,-50
122900087,289,658,-369
122900088,58,122,-64
122900089,180,265,-85
122900090,19,885,-866
122900091,248,0,248
122900092,3,299,-296
122900093,5,568,-563
122900094,8,481,-473
122900095,219,10,209
122900096,443,548,-105
122900097,31,44,-13
122900098,149,228,-79
122900099,41,17,24
122900100,771,685,86
122900101,1823,639,1184
122900102,30,25,5
122900103,119,10,109
122900104,124,12,112
122900105,6,15,-9
122900106,3,114,-111
122900107,8,386,-378
122900108,4,391,-387
123000001,3831,547,3284
123000002,9895,5346,4549
123000003,5649,5724,-75
123000004,4480,7299,-2819
123000005,4072,5095,-1023
123000006,4284,4644,-360
123000007,4856,5082,-226
123000008,4144,5842,-1698
123000009,8410,5110,3300
123000010,5806,5484,322
123000011,10926,1551,9375
123000012,2643,3557,-914
123000013,6612,1332,5280
123000014,2401,6099,-3698
123000015,7995,1339,6656
123000016,11022,5823,5199
123000017,4736,1982,2754
123000018,75,178,-103
123000019,321,459,-138
123000020,183,168,15
123000021,100,430,-330
123000022,632,2889,-2257
123000023,2077,2084,-7
123000024,2769,845,1924
123000025,303,250,53
123000026,25,125,-100
123000027,521,607,-86
123000028,1765,357,1408
123000029,1683,707,976
123000030,660,770,-110
123000031,219,630,-411
123000032,440,431,9
123000033,668,137,531
123000034,1512,1190,322
123000035,331,609,-278
123000036,288,1316,-1028
123000037,329,449,-120
123000038,155,382,-227
123000039,705,1775,-1070
123000040,1751,496,1255
123000041,2651,1226,1425
123000042,2125,689,1436
123000043,7093,11984,-4891
123000044,8923,3327,5596
123000045,16185,3929,12256
123000046,1715,1949,-234
123000047,4021,2123,1898
123000048,92,684,-592
123000049,12443,11333,1110
123000050,1587,2344,-757
123000051,144,326,-182
123000052,830,5370,-4540
123000053,2944,5857,-2913
123000054,1890,2161,-271
123000055,1375,2557,-1182
123000056,1891,3073,-1182
123000057,28259,10771,17488
123000058,1209,1520,-311
123000059,696,843,-147
123000060,1226,528,698
123000061,228,1220,-992
123000063,1230,1358,-128
123000064,1598,399,1199
123000065,11708,6326,5382
123000066,1566,1557,9
123000067,1214,1008,206
123000068,5490,6341,-851
123000069,10619,6386,4233
123000070,355,1496,-1141
123000071,1176,1942,-766
123000072,1434,2355,-921
123000073,1676,1518,158
123000074,1553,3141,-1588
123000075,648,1768,-1120
123000076,1116,1729,-613
123000077,3444,5556,-2112
123000078,1775,2947,-1172
123000079,2097,3575,-1478
123000080,3273,3885,-612
123000081,215,960,-745
123000082,507,1862,-1355
123000083,1659,288,1371
123000084,894,1428,-534
123000085,344,182,162
123000086,658,568,90
123000087,566,696,-130
123000088,1895,1780,115
123000089,722,2636,-1914
123000090,2077,1916,161
123000091,2583,2655,-72
123000092,1691,2125,-434
123000094,910,517,393
123000095,686,1227,-541
123000096,956,765,191
123000097,764,1712,-948
123000098,966,1120,-154
123000099,837,1367,-530
123000100,717,1030,-313
123000101,942,1105,-163
123000102,962,1092,-130
123000104,577,667,-90
123000105,844,832,12
123000106,673,752,-79
123000107,544,764,-220
123000108,1079,2364,-1285
123000111,1138,569,569
123000112,1388,1158,230
123000113,998,2972,-1974
123000114,783,972,-189
123000115,434,534,-100
123000116,43,325,-282
123000117,2604,4206,-1602
123000118,757,1451,-694
123000119,447,1837,-1390
123000120,694,1526,-832
123000121,770,957,-187
123000122,904,325,579
123000123,758,918,-160
123000124,1013,720,293
123000125,2163,1828,335
123000126,3006,5401,-2395
123000127,1669,1049,620
123000128,555,594,-39
123000129,817,390,427
123000130,766,139,627
123000131,1601,1162,439
123000132,715,1014,-299
123000133,599,647,-48
123000134,763,389,374
123000135,2911,2354,557
123000136,363,1728,-1365
123000137,177,715,-538
123000138,213,734,-521
123000139,873,254,619
123000140,262,1289,-1027
123000141,1444,227,1217
123000142,1422,1624,-202
123000143,2866,3956,-1090
123000144,62,42,20
123000145,480,357,123
123000146,134,159,-25
123000147,185,209,-24
123000149,595,558,37
123000150,441,434,7
123000151,488,736,-248
123000152,135,666,-531
123000153,288,996,-708
123000154,3049,3700,-651
123000155,3920,1443,2477
123000156,100,220,-120
123000157,905,1476,-571
123000158,1075,1335,-260
123000159,7668,3981,3687
123000160,1485,1134,351
123000161,2193,1963,230
123000162,1064,2558,-1494
123000163,676,120,556
123000164,1854,440,1414
123000165,602,2853,-2251
123000166,53,245,-192
123000167,234,574,-340
123000168,304,429,-125
123000169,1018,243,775
123000170,121,631,-510
123000171,737,93,644
123000172,266,1100,-834
123000173,948,408,540
123000174,1557,625,932
123000175,1166,2041,-875
123000176,1488,430,1058
123000177,560,1606,-1046
123000178,1543,261,1282
123000179,58,1137,-1079
123000180,1978,490,1488
123000181,576,2801,-2225
123000182,346,774,-428
123000183,209,664,-455
123000184,130,1203,-1073
123000185,622,847,-225
123000186,4,941,-937
123000187,686,14,672
123000188,355,2,353
123000189,254,329,-75
123000190,114,98,16
123000192,24,605,-581
123000193,84,1067,-983
123000194,622,445,177
123000195,371,39,332
123000196,381,29,352
123000197,77,181,-104
123000198,72,310,-238
123000199,24,812,-788
123000200,738,30,708
123000201,1076,30,1046
123000202,50,1853,-1803
123000203,1062,123,939
123000204,110,1825,-1715
123000205,697,3107,-2410
123000206,2184,271,1913
123000207,162,1454,-1292
123000208,776,185,591
123000209,2992,646,2346
123000210,684,2540,-1856
123000211,876,4142,-3266
123000212,4059,614,3445
123000213,964,107,857
123000215,271,247,24
123000216,238,1004,-766
123000217,316,61,255
123000218,210,901,-691
123000219,1793,184,1609
123000220,836,143,693
123000221,251,253,-2
123000222,776,825,-49
123000223,358,937,-579
123000224,584,1090,-506
123000225,332,136,196
123000226,55,576,-521
123000227,137,475,-338
123000228,328,101,227
123000229,2197,2901,-704
123000232,141,1110,-969
123000233,1088,309,779
123000234,330,1227,-897
123000235,1090,498,592
123000236,396,1408,-1012
123000237,482,117,365
123000238,140,1107,-967
123000239,840,2955,-2115
123000240,103,808,-705
123000241,1808,238,1570
123000242,258,361,-103
123000243,1110,1329,-219
123000244,1334,957,377
123000245,130,229,-99
123000249,570,1392,-822
123000252,1488,371,1117
123000253,1487,697,790
123000254,758,1678,-920
123000255,1491,1212,279
123000256,45,456,-411
123000257,5663,4194,1469
123000258,1471,1991,-520
123000259,418,599,-181
123000260,709,845,-136
123000261,268,368,-100
123000262,166,440,-274
123000263,541,162,379
123000264,244,89,155
123000265,88,309,-221
123000266,831,1348,-517
123000267,667,488,179
123000268,64,104,-40
123000269,48,74,-26
123000270,31,59,-28
123000271,182,103,79
123000272,1314,439,875
123000273,523,847,-324
123000274,1802,722,1080
123000275,530,1705,-1175
123000278,5656,4276,1380
123000279,183,235,-52
123000280,721,560,161
123000281,505,146,359
123000282,286,442,-156
123000283,169,99,70
123000284,107,193,-86
123000286,552,463,89
123000287,951,441,510
123000288,2369,1280,1089
123000289,923,1616,-693
123000291,620,1248,-628
123000294,235,380,-145
123000295,1254,1327,-73
123000296,566,436,130
123000297,712,1474,-762
123000298,722,1271,-549
123000299,66,414,-348
123000300,1445,1292,153
123000301,277,444,-167
123000302,116,359,-243
123000303,368,145,223
123000305,1776,1359,417
123000306,167,343,-176
123000309,68,107,-39
123000310,197,64,133
123000311,1,155,-154
123000312,1508,1475,33
123000313,526,597,-71
123000315,106,559,-453
123000316,3712,108,3604
123000317,411,98,313
123000318,60,476,-416
123000329,13,20,-7
123000337,418,326,92
123000338,944,63,881
123000339,249,422,-173
123000340,234,891,-657
123000342,12,159,-147
123000343,266,1,265
123000344,1602,714,888
123000345,420,941,-521
123000346,532,162,370
123000352,3751,1263,2488
123000353,22,204,-182
123000354,529,8,521
123000355,1,1079,-1078
123000356,420,3,417
123000357,1,491,-490
123000359,7,340,-333
123000360,261,161,100
123000361,1098,459,639
123000362,425,191,234
123000363,169,331,-162
123000364,1186,800,386
123000365,45,583,-538
123000366,441,2989,-2548
123000367,461,2121,-1660
123000370,83,475,-392
123000371,451,29,422
123000372,433,25,408
123000373,31,684,-653
123000374,13,419,-406
123000375,350,84,266
123000376,1266,867,399
123000377,493,21,472
123000378,18,589,-571
123000379,9,413,-404
123000380,140,514,-374
123000381,517,67,450
123000382,1895,176,1719
123000383,468,1589,-1121
123000384,1142,167,975
123000385,795,1006,-211
123000436,171,1705,-1534
123000507,142,863,-721
123000508,149,1069,-920
123000517,479,56,423
123000518,48,395,-347
123000519,156,143,13
123000520,77,324,-247
123000521,426,180,246
123000522,216,649,-433
123000541,2,4,-2
123000542,0,34,-34
123000565,532,41,491
123000566,217,1013,-796
123000567,146,381,-235
123000573,57,1224,-1167
123000574,843,147,696
123000575,1718,1772,-54
123000576,1104,3761,-2657
123000577,268,1513,-1245
123000578,1630,97,1533
123000579,6980,6994,-14
123000580,83,31,52
123000582,715,50,665
123000583,17,856,-839
123000584,378,527,-149
123000585,0,324,-324
123000586,91,0,91
123000596,192,233,-41
123000597,99,253,-154
123000602,43,9,34
123000603,555,1416,-861
123000604,635,1579,-944
123000605,1516,245,1271
123000606,1,418,-417
123000609,45,618,-573
123000610,289,176,113
123000613,30,229,-199
123000614,163,78,85
123000615,39,207,-168
123000616,640,103,537
123000617,203,793,-590
123000618,110,1034,-924
123000619,1028,82,946
123000620,48,996,-948
123000622,438,25,413
123000624,130,66,64
123000630,963,777,186
123000631,542,3838,-3296
123000632,1826,1870,-44
123000633,0,444,-444
123000634,190,194,-4
123000635,537,162,375
123000636,42,1371,-1329
123000637,145,246,-101
123000638,867,197,670
123000639,1756,4779,-3023
123000640,41,1586,-1545
123000648,649,104,545
123000649,62,1053,-991
123900001,2455,108,2347
123900002,37,2009,-1972
123900003,773,1149,-376
123900005,547,200,347
123900006,860,83,777
124000001,2695,183,2512
124000002,193,3045,-2852
124000003,906,252,654
124000004,70,1163,-1093
124000005,1173,588,585
124000006,386,1866,-1480
124000007,962,238,724
124000008,39,1074,-1035
124000009,766,503,263
124000010,219,858,-639
124000011,2678,559,2119
124000012,827,1156,-329
124000017,242,164,78
124000018,149,143,6
124000019,212,146,66
124000020,96,304,-208
124000021,232,94,138
124000022,123,377,-254
124000023,2390,2091,299
124000024,1420,1099,321
124000025,1787,2362,-575
124000026,1696,1661,35
124000027,7339,7477,-138
124000028,4114,6365,-2251
124000030,5213,2002,3211
124000031,1517,3378,-1861
124000032,6976,1271,5705
124000033,857,1102,-245
124000034,4604,1173,3431
124000035,396,231,165
124000036,284,924,-640
124000037,902,1189,-287
124000038,64,186,-122
124000039,1559,541,1018
124000040,851,1182,-331
124000041,424,148,276
124000042,80,657,-577
124000043,157,229,-72
124000044,78,409,-331
124000045,820,1016,-196
124000046,431,1313,-882
124000047,1807,1501,306
124000048,1129,3129,-2000
124000049,2088,1110,978
124000050,869,3472,-2603
124000051,1045,848,197
124000052,787,1945,-1158
124000053,704,1822,-1118
124000054,1169,1049,120
124000055,1706,2785,-1079
124000056,6103,2193,3910
124000057,1004,722,282
124000058,506,2132,-1626
124000059,915,1350,-435
124000060,1834,1418,416
124000061,2268,5973,-3705
124000062,11430,3024,8406
124000063,2080,3304,-1224
124000064,4475,2714,1761
124000065,318,378,-60
124000066,565,113,452
124000067,189,362,-173
124000068,85,233,-148
124000069,860,450,410
124000070,239,818,-579
124000071,119,123,-4
124000072,215,686,-471
124000073,1271,201,1070
124000074,303,1280,-977
124000075,329,72,257
124000076,11,353,-342
124000077,2854,1225,1629
124000078,3414,1177,2237
124000079,760,1762,-1002
124000080,403,192,211
124000081,292,1165,-873
124000082,25,169,-144
124000083,44,304,-260
124000084,91,733,-642
124000085,104,124,-20
124000086,114,142,-28
124000087,198,188,10
124000088,392,700,-308
124000089,1203,586,617
124000090,198,658,-460
124000091,1203,278,925
124000092,367,1291,-924
124000093,136,156,-20
124000094,174,819,-645
124000095,81,130,-49
124000096,171,508,-337
124000097,87,206,-119
124000098,43,141,-98
124000099,270,183,87
124000100,86,185,-99
124000101,124,166,-42
124000102,167,133,34
124000103,104,109,-5
124000104,207,120,87
124000105,104,98,6
124000106,270,127,143
124000107,19,185,-166
124000108,85,71,14
124000109,137,136,1
124000110,296,222,74
124000111,311,220,91
124000112,1036,1351,-315
124000113,63,122,-59
124000114,382,855,-473
124000115,625,1121,-496
124000116,145,121,24
124000117,122,169,-47
124000118,55,89,-34
124000119,3194,993,2201
124000120,1759,909,850
124000121,2422,989,1433
124000122,909,1729,-820
124000123,1130,711,419
124000124,793,1581,-788
124000125,594,702,-108
124000126,500,896,-396
124000127,1158,575,583
124000128,952,1310,-358
124000129,2827,2009,818
124000130,1264,865,399
124000131,1627,759,868
124000132,1304,1211,93
124000133,1029,1430,-401
124000134,1174,1273,-99
124000135,2108,2595,-487
124000136,1353,1577,-224
124000137,2211,848,1363
124000138,2787,1902,885
124000139,804,20,784
124000140,46,645,-599
124000141,383,24,359
124000142,33,333,-300
124000143,77,22,55
124000144,5,115,-110
124000145,84,44,40
124000146,14,163,-149
124000148,32,123,-91
124000149,1224,568,656
124000150,438,874,-436
124000151,952,613,339
124000152,1146,2101,-955
124000153,772,1145,-373
124000154,566,1375,-809
124000155,1743,1217,526
124000156,2538,1566,972
124000169,446,1090,-644
124000170,1459,696,763
124000171,505,571,-66
124000172,766,969,-203
124000173,793,529,264
124000174,631,1248,-617
124000175,6,218,-212
124000176,67,21,46
124000177,23,58,-35
124000178,23,43,-20
124000190,256,84,172
124000191,1617,194,1423
124000192,4585,591,3994
124000193,1213,1561,-348
124000194,545,720,-175
124000195,370,963,-593
124000196,1928,1771,157
124000197,63,113,-50
124000198,38,80,-42
124000201,458,1591,-1133
124000202,954,283,671
124000203,296,1459,-1163
124000204,647,878,-231
124000205,85,969,-884
124000206,568,589,-21
124000207,0,62,-62
124000209,492,1007,-515
124000210,441,318,123
124000211,583,3,580
124000212,2,704,-702
124000213,368,586,-218
124000214,308,1127,-819
124000215,426,36,390
124000216,1,778,-777
124000329,157,3522,-3365
124000338,119,1754,-1635
124000339,824,187,637
124000341,1284,117,1167
124000344,39,0,39
124000357,1389,3991,-2602
124000358,1129,2185,-1056
124000359,1356,1060,296
124000360,873,845,28
124000361,3421,1085,2336
124000362,2576,3514,-938
124000363,423,492,-69
124000364,861,1326,-465
124000365,1052,1659,-607
124000366,2851,1220,1631
124000367,249,1120,-871
124000368,611,452,159
124000369,174,258,-84
124000370,118,1344,-1226
124000402,37,11,26
124000403,151,9,142
124000404,11,178,-167
124000405,1440,1135,305
124000406,1287,1149,138
124000407,12,49,-37
124000411,21,659,-638
124000412,523,18,505
124000413,1222,47,1175
124000414,119,201,-82
124000415,60,287,-227
124000416,151,487,-336
124000417,155,192,-37
124000418,123,177,-54
124000419,117,211,-94
124000420,82,147,-65
124000421,42,383,-341
124000422,87,29,58
124000423,240,41,199
124000424,5,221,-216
124000425,86,127,-41
124000426,13,229,-216
124000427,75,24,51
124000428,74,41,33
124000429,37,94,-57
124000430,808,1180,-372
124000431,485,1019,-534
124000432,303,1423,-1120
124000439,1,30,-29
124000443,1,4,-3
124000445,471,1985,-1514
124000446,4310,217,4093
124900001,506,445,61
124900002,257,691,-434
124900003,1286,817,469
124900004,687,536,151
124900005,415,402,13
124900006,651,570,81
124900008,1803,782,1021
124900009,192,404,-212
124900010,183,103,80
124900011,584,312,272
124900012,591,145,446
124900013,544,217,327
124900014,379,133,246
124900015,253,392,-139
124900016,89,144,-55
124900017,1032,1357,-325
124900018,37,16,21
124900020,92,97,-5
124900021,247,60,187
124900022,105,13,92
124900024,298,89,209
124900026,115,4,111
124900027,123,440,-317
124900028,1099,250,849
124900029,16,619,-603
124900030,4,307,-303
124900031,37,627,-590
124900032,241,262,-21
124900033,132,642,-510
124900034,10,140,-130
124900035,297,845,-548
124900036,0,38,-38
124900037,301,666,-365
124900038,411,530,-119
124900039,0,30,-30
124900040,177,109,68
124900041,441,1927,-1486
124900042,74,0,74
124900043,631,1757,-1126
124900044,181,1,180
124900045,1070,1373,-303
124900046,2202,348,1854
124900047,172,382,-210
124900048,246,309,-63
124900050,226,492,-266
124900052,124,522,-398
124900053,128,604,-476
124900054,4631,456,4175
124900055,1,154,-153
124900057,15,109,-94
124900060,147,385,-238
124900061,73,13,60
124900062,126,28,98
124900066,0,22,-22
124900067,3,330,-327
124900068,270,587,-317
124900070,55,31,24
124900072,100,44,56
124900075,261,381,-120
124900076,27,1071,-1044
124900077,28,164,-136
124900078,141,31,110
124900079,1442,301,1141
124900080,420,1225,-805
124900081,1240,369,871
124900082,504,1630,-1126
124900083,280,993,-713
124900085,1534,481,1053
124900086,158,1683,-1525
124900087,876,134,742
124900088,970,140,830
124900089,2061,52,2009
124900090,335,373,-38
124900091,531,916,-385
124900092,460,646,-186
124900093,409,312,97
124900094,471,476,-5
124900095,118,622,-504
124900096,929,311,618
124900097,385,120,265
124900098,157,790,-633
124900099,1093,848,245
124900100,353,118,235
124900101,29,436,-407
124900102,324,60,264
124900103,183,406,-223
124900104,93,257,-164
124900105,183,234,-51
124900106,518,82,436
124900107,129,46,83
124900108,318,72,246
124900111,0,70,-70
124900112,78,1110,-1032
124900113,192,349,-157
124900114,350,192,158
124900115,51,60,-9
124900116,256,186,70
124900117,1232,217,1015
124900118,278,368,-90
124900119,526,255,271
124900120,49,588,-539
124900121,184,471,-287
124900122,838,382,456
124900123,529,126,403
124900124,182,435,-253
204000001,90,17,73
204000002,20,18,2
204000003,38,1,37
204000004,10,1,9
204000005,830,976,-146
204000006,1696,3396,-1700
204000011,16,78,-62
204000012,51,143,-92
204000019,566,802,-236
204000020,964,1028,-64
204000021,2615,1305,1310
204000022,580,722,-142
204000023,706,1528,-822
204000031,169,33,136
204000032,729,83,646
204000034,28,357,-329
204000035,6,2,4
204000036,18,25,-7
204000037,2,26,-24
204000038,5,23,-18
204000039,2,74,-72
204000040,11,41,-30
204000041,31,49,-18
204000042,92,14,78
204000043,53,3,50
204000044,47,2,45
204000045,135,6,129
204000046,29,2,27
204000057,16,42,-26
204000062,25,135,-110
204000068,70,333,-263
204000069,53,465,-412
204000070,64,199,-135
204000080,32,98,-66
204000085,2307,2726,-419
204000086,4762,3251,1511
204000087,58,22,36
204000088,6,136,-130
204000090,20,559,-539
204000093,287,139,148
204000096,1252,1496,-244
204000097,363,28,335
204000099,1195,2577,-1382
204000100,1377,2467,-1090
204000105,3076,2478,598
204000110,1017,1781,-764
204000111,690,1098,-408
204000112,1070,1182,-112
204000113,708,1272,-564
204000114,1014,789,225
204000115,862,575,287
204000116,746,719,27
204000119,2780,4046,-1266
204000132,745,419,326
204000133,964,430,534
204000134,370,228,142
204000135,625,168,457
204000136,444,331,113
204000138,497,602,-105
204000140,261,186,75
204000141,204,94,110
204000144,3,44,-41
204000145,691,36,655
204000146,40,521,-481
204000147,104,217,-113
204000148,534,43,491
204000154,5,5,0
204000155,5,11,-6
204000177,88,130,-42
204000179,32,17,15
204000180,3,43,-40
204000222,14,15,-1
204000235,35,9,26
204000236,119,522,-403
204000238,29,82,-53
204000240,473,129,344
204000263,977,1883,-906
204000268,1536,1310,226
204000308,335,45,290
204000317,9,119,-110
204000322,1,66,-65
204000323,22,19,3
204000328,351,132,219
204000329,55,263,-208
204000330,334,65,269
204000331,25,159,-134
204010341,45,527,-482
205000001,1507,2319,-812
205000013,16,96,-80
205000014,30,137,-107
205000015,49,285,-236
205000016,15,248,-233
205000017,54,135,-81
205000022,446,1071,-625
205000025,2164,1581,583
205000029,356,8,348
205000045,336,359,-23
205000046,109,829,-720
205000047,94,736,-642
205000048,370,1511,-1141
205000049,223,1197,-974
205000050,1739,442,1297
205000059,1,513,-512
205000060,0,141,-141
205000061,7,55,-48
205000062,11,45,-34
205000063,36,315,-279
205000064,41,311,-270
205000065,102,913,-811
205000066,157,1233,-1076
205000067,57,1660,-1603
205000069,203,33,170
205000082,273,670,-397
205000110,114,308,-194
205000111,252,371,-119
205000112,199,312,-113
205000113,282,367,-85
205000121,418,334,84
205000123,95,330,-235
205000126,529,528,1
205000127,951,666,285
205000128,805,516,289
205000129,1200,554,646
205000130,1458,163,1295
205000131,1962,54,1908
205000132,2216,16,2200
205000133,2016,4,2012
205000134,1023,2,1021
205000137,113,211,-98
205000138,213,526,-313
205000139,54,174,-120
205000144,74,155,-81
205000145,426,502,-76
205000151,259,242,17
205000152,230,169,61
205000153,305,310,-5
205000154,113,252,-139
205000155,209,90,119
205000207,6,209,-203
205000233,99,1,98
205000234,0,1,-1
205000243,0,0,0
205000244,0,10,-10
205000245,24,445,-421
205000249,0,55,-55
205000250,4,0,4
205000264,16,115,-99
206000027,9,4,5
206000028,5,8,-3
206000043,12,168,-156
206000053,1,20,-19
206000054,12,49,-37
206000055,2,65,-63
206000075,6,13,-7
206000076,24,25,-1
206000077,22,6,16
206000078,6,8,-2
206000079,18,8,10
206000082,877,38,839
206000100,111,1167,-1056
206000103,6,33,-27
206000104,26,39,-13
206000105,9,23,-14
206000106,36,40,-4
206000108,814,54,760
206000125,58,0,58
206000157,100,1079,-979
206000170,0,272,-272
206000171,7,236,-229
206000172,13,991,-978
206000173,1,420,-419
206000174,6,140,-134
206000175,0,197,-197
206000176,26,370,-344
206000177,2,253,-251
206000178,5,218,-213
206000179,24,161,-137
206000180,28,262,-234
206000181,3,453,-450
206000182,21,407,-386
206000183,29,1401,-1372
206000184,6,478,-472
206000185,12,319,-307
206000186,193,1909,-1716
206000223,17,210,-193
206000226,16,5,11
206000227,16,2,14
206000237,46,488,-442
206000238,57,739,-682
206000239,702,2804,-2102
206000240,3,82,-79
206000241,1,235,-234
206000242,5,371,-366
206000243,12,341,-329
206000244,95,991,-896
206000245,636,75,561
206000246,132,20,112
206000247,117,11,106
206000248,546,35,511
206000252,139,43,96
206000258,28,45,-17
206000315,43,4,39
206000317,532,121,411
206000318,369,79,290
206000319,918,165,753
206000320,99,65,34
206000321,111,14,97
206000322,402,25,377
206000323,145,19,126
206000324,108,12,96
206000325,253,12,241
206000326,297,9,288
206000327,683,14,669
206000328,99,7,92
206000329,151,5,146
206000330,58,16,42
206000331,108,7,101
206000332,16,11,5
206000333,453,4,449
206000334,246,2,244
206000335,0,18,-18
206000361,8,332,-324
206000392,1,45,-44
206000405,178,0,178
206000441,26,20,6
206000498,56,2,54
206000515,217,44,173
206000530,164,93,71
206000531,193,256,-63
206000532,3569,307,3262
206000535,459,3381,-2922
206000536,20,323,-303
206000537,18,302,-284
206000613,1826,375,1451
207000001,201,676,-475
207000002,154,459,-305
207000003,223,276,-53
207000007,807,385,422
207000008,59,10,49
207000009,98,34,64
207000010,641,778,-137
207000012,491,473,18
207000015,442,2107,-1665
207000019,316,134,182
207000021,906,207,699
207000022,253,160,93
207000023,259,86,173
207000024,7,22,-15
207000025,55,66,-11
207000026,138,70,68
207000027,43,122,-79
207000028,69,305,-236
207000029,340,634,-294
207000033,361,509,-148
207000034,366,137,229
207000039,428,217,211
207000040,260,195,65
207000041,99,58,41
207000042,358,125,233
207000043,390,304,86
207000051,195,477,-282
207000052,26,240,-214
207000053,624,1005,-381
207000054,89,158,-69
207000055,196,215,-19
207000056,430,540,-110
207000057,243,431,-188
207000058,186,600,-414
207000059,136,1002,-866
207000060,119,396,-277
207000061,323,466,-143
207000062,337,58,279
207000063,379,193,186
207000064,489,226,263
207000065,361,309,52
207000066,241,266,-25
207000067,75,175,-100
207000068,160,100,60
207000069,869,539,330
207000082,14,354,-340
207000083,156,518,-362
207000084,259,373,-114
207000085,199,24,175
207000086,144,7,137
207000106,37,37,0
207000107,59,36,23
207000108,83,13,70
207000109,105,18,87
207000110,62,70,-8
207000111,123,96,27
207000112,496,706,-210
207000114,35,53,-18
207000115,23,126,-103
207000116,23,432,-409
207000117,17,164,-147
207000118,10,127,-117
207000119,53,141,-88
207000123,238,47,191
207000124,118,46,72
207000125,103,68,35
207000126,70,57,13
207000134,71,204,-133
207000135,28,336,-308
207000148,61,307,-246
207000149,132,95,37
207000152,210,561,-351
207000153,1393,1583,-190
207000154,634,172,462
207000159,164,304,-140
207000160,220,775,-555
207000238,1,230,-229
207000242,10,413,-403
207000248,36,78,-42
207000249,315,84,231
207000250,1931,107,1824
207000251,209,112,97
207000252,108,134,-26
207000278,142,178,-36
207000279,19,328,-309
207000280,408,99,309
207000281,133,1578,-1445
207000282,210,69,141
207000283,173,353,-180
207000284,61,164,-103
207000285,212,37,175
207000291,17,162,-145
207000304,231,113,118
207000306,82,583,-501
207000310,119,128,-9
207000353,445,13,432
207000356,51,42,9
207000357,111,8,103
207000358,98,14,84
207000415,8,434,-426
207000417,61,7,54
207000418,144,229,-85
207000438,0,7,-7
207000439,1313,923,390
207000446,228,11,217
207000460,11,13,-2
207000466,276,191,85
207000467,271,204,67
207000468,75,560,-485
207000476,3,126,-123
207000477,796,174,622
207000478,6,46,-40
207000523,0,9,-9
207000524,47,2,45
207000527,129,294,-165
207000530,452,20,432
207000531,372,10,362
207000532,106,32,74
207000534,970,96,874
207000535,87,464,-377
207000537,29,232,-203
207000540,10,433,-423
207000541,6,586,-580
207000548,18,629,-611
207000549,355,34,321
207000561,177,272,-95
207000562,65,410,-345
207000567,221,392,-171
207000568,187,150,37
207000569,496,1730,-1234
207000584,751,428,323
207000585,160,590,-430
207000587,55,28,27
207000616,0,275,-275
207000617,115,0,115
207000624,26,20,6
207000631,0,30,-30
207900008,166,206,-40
208000001,821,1515,-694
208000002,970,1016,-46
208000003,1787,1054,733
208000004,2487,1512,975
208000005,48,31,17
208000019,653,1498,-845
208000020,263,874,-611
208000021,301,884,-583
208000022,1022,948,74
208000028,1990,1557,433
208000033,684,1171,-487
208000034,1766,3067,-1301
208000037,792,89,703
208000040,138,246,-108
208000041,1117,888,229
208000042,1348,903,445
208000047,213,652,-439
208000064,3882,2874,1008
208000066,2575,3202,-627
208000070,524,745,-221
208000071,693,1478,-785
208000072,555,2129,-1574
208000080,347,800,-453
208000081,392,345,47
208000082,478,452,26
208000083,220,593,-373
208000084,140,27,113
208000085,1951,824,1127
208000086,963,1273,-310
208000087,538,1033,-495
208000089,1317,1265,52
208000090,1159,1626,-467
208000093,162,246,-84
208000094,659,997,-338
208000095,1158,680,478
208000104,1354,1920,-566
208000105,858,1992,-1134
208000114,176,431,-255
208000115,763,582,181
208000116,598,1559,-961
208000117,103,230,-127
208000118,172,166,6
208000155,1031,1339,-308
208000158,2335,5157,-2822
208000186,4745,5939,-1194
208000204,871,2068,-1197
208000205,1557,2291,-734
208000282,6820,3630,3190
209000004,307,394,-87
209000005,27,58,-31
209000006,968,262,706
209000007,923,450,473
209000010,1086,211,875
209000011,287,376,-89
209000012,140,377,-237
209000013,292,919,-627
209000014,935,2119,-1184
209000025,429,114,315
209000026,1069,204,865
209000027,591,1650,-1059
209000028,667,1592,-925
209000029,2106,1511,595
209000030,1339,2703,-1364
209000031,7028,4414,2614
209000034,297,416,-119
209000035,168,298,-130
209000036,334,201,133
209000037,337,449,-112
209000038,173,265,-92
209000039,112,265,-153
209000040,465,858,-393
209000041,250,705,-455
209000042,358,673,-315
209000043,1172,1292,-120
209000044,302,1095,-793
209000045,1969,646,1323
209000046,766,664,102
209000047,722,314,408
209000048,1065,396,669
209000049,124,247,-123
209000050,218,332,-114
209000051,429,692,-263
209000052,305,666,-361
209000062,64,238,-174
209000063,50,211,-161
209000064,36,274,-238
209000065,89,79,10
209000066,75,83,-8
209000067,110,110,0
209000080,28,370,-342
209000082,85,86,-1
209000091,60,174,-114
209000093,156,60,96
209000094,341,293,48
209000110,61,142,-81
209000111,601,2694,-2093
209000112,1265,1147,118
209000113,5018,988,4030
209000114,631,740,-109
209000115,189,270,-81
209000116,1416,1053,363
209000118,173,53,120
209000119,213,16,197
209000121,255,972,-717
209000135,96,237,-141
209000142,1045,3565,-2520
209000143,382,239,143
209000144,250,200,50
209000229,298,291,7
209000240,96,644,-548
209000259,162,207,-45
209000260,77,1749,-1672
209000261,2,892,-890
209000262,3,757,-754
209000263,0,180,-180
209000264,0,96,-96
209000265,428,5,423
209000266,105,0,105
209000267,773,20,753
209000268,1181,110,1071
210000037,98,52,46
210000047,100,69,31
210000048,147,66,81
210000049,90,57,33
210000052,58,191,-133
210000053,32,114,-82
210000054,75,109,-34
210000070,180,5,175
210000071,86,1,85
210000072,32,0,32
210000073,1,37,-36
210000074,2,187,-185
210000075,3,83,-80
210000076,9,189,-180
210000077,160,58,102
210000078,120,46,74
210000079,180,21,159
210000080,631,85,546
210000081,379,27,352
210000082,334,4,330
210000083,127,3,124
210000084,37,1,36
210000085,1,113,-112
210000086,4,212,-208
210000099,53,460,-407
210000100,80,430,-350
210000101,94,493,-399
210000105,68,524,-456
210000159,0,258,-258
210000163,265,372,-107
210000164,469,243,226
210000168,340,52,288
210000187,1,29,-28
210000188,1,23,-22
210000214,60,0,60
210000219,35,103,-68
210000220,96,114,-18
210000232,1,33,-32
210000233,35,134,-99
210000234,43,242,-199
210000235,66,222,-156
210000245,1,95,-94
210000246,28,1,27
210000258,22,131,-109
210000259,434,51,383
210000282,105,402,-297
210000285,1,129,-128
210000286,19,228,-209
210000290,4,11,-7
210000295,66,334,-268
210000296,158,88,70
210000320,247,146,101
210000321,98,160,-62
210000338,329,146,183
210000339,633,2041,-1408
210000340,190,870,-680
210000341,346,473,-127
210000342,308,405,-97
210000343,403,342,61
210000344,923,285,638
210000345,416,555,-139
210000346,167,228,-61
210000347,669,79,590
210000348,364,27,337
210000349,437,41,396
210000350,176,95,81
210000351,172,148,24
210000352,83,181,-98
210000353,54,251,-197
210000354,67,220,-153
210000355,150,221,-71
210000356,285,102,183
210000357,105,89,16
210000358,679,194,485
210000359,395,142,253
210000360,312,209,103
210000361,315,249,66
210000362,371,333,38
210000363,1388,312,1076
210000364,177,217,-40
210000365,182,137,45
210000366,164,127,37
210000367,136,42,94
210000368,229,53,176
210000369,80,26,54
210000370,130,70,60
210000372,159,75,84
210000373,284,31,253
210000374,130,14,116
210000375,45,182,-137
210000376,230,263,-33
210000404,96,330,-234
210000439,32,104,-72
210000472,329,11,318
210000482,148,132,16
210000564,744,444,300
210000567,4,35,-31
210000568,854,5,849
211000092,45,82,-37
211000094,39,17,22
211000169,313,18,295
211000172,21,414,-393
211000209,3,21,-18
211000226,43,78,-35
211000270,34,27,7
211000275,29,39,-10
211000276,115,46,69
211000279,14,90,-76
211000281,38,93,-55
211507980,0,48,-48
211977296,72,5,67
212000003,292,147,145
212000004,305,40,265
212000005,62,52,10
212000006,87,155,-68
212000008,186,273,-87
212000009,25,215,-190
212000012,83,135,-52
212000013,27,71,-44
212000014,390,192,198
212000015,350,294,56
212000016,748,732,16
212000027,664,934,-270
212000028,318,807,-489
212000029,284,682,-398
212000030,29,50,-21
212000031,60,103,-43
212000048,69,229,-160
212000049,33,150,-117
212000050,37,11,26
212000051,239,292,-53
212000052,217,584,-367
212000053,445,816,-371
212000054,224,252,-28
212000055,222,471,-249
212000056,32,108,-76
212000057,18,65,-47
212000058,694,57,637
212000070,123,437,-314
212000077,129,1149,-1020
212000099,308,524,-216
212000108,471,484,-13
212000111,310,211,99
212000120,241,141,100
212000138,372,49,323
212000156,4,211,-207
212000158,9,14,-5
212000159,320,97,223
212000160,547,497,50
212000161,94,14,80
212000310,59,25,34
212000311,5,181,-176
212000374,64,11,53
213000001,56,853,-797
213000005,571,272,299
213000006,1765,340,1425
213000007,307,20,287
213000009,929,613,316
213000010,278,471,-193
213000011,442,238,204
213000012,305,612,-307
213000014,68,33,35
213000015,279,7,272
213000016,459,2,457
213000017,135,0,135
213000018,4,261,-257
213000019,2,244,-242
213000020,171,616,-445
213000021,8,165,-157
213000023,380,306,74
213000033,344,1933,-1589
213000034,889,506,383
213000035,85,569,-484
213000045,154,321,-167
213000046,192,252,-60
213000047,784,1269,-485
213000056,127,113,14
213000069,206,3,203
213000073,5,28,-23
213000074,122,802,-680
213000075,853,11,842
213000076,34,2,32
213000085,0,72,-72
213000086,37,403,-366
213000091,166,16,150
213000092,57,14,43
213000099,290,1358,-1068
213000100,1880,448,1432
213000101,345,229,116
213000102,537,502,35
213000103,1250,1364,-114
213000104,62,721,-659
213000105,9,121,-112
213000106,22,276,-254
213000107,202,1127,-925
213000108,41,881,-840
213000109,13,371,-358
213000110,11,134,-123
213000111,17,129,-112
213000112,289,174,115
213000115,47,5,42
213000116,74,1210,-1136
213000117,18,1686,-1668
213000118,620,564,56
213000119,95,1419,-1324
213000120,168,1383,-1215
213000122,488,1374,-886
213000123,1152,2610,-1458
213000124,202,2193,-1991
213000125,187,19,168
213000126,141,129,12
213000127,205,198,7
213000128,990,1343,-353
213000129,651,953,-302
213000130,440,591,-151
213000132,307,231,76
213000133,419,180,239
213000134,1259,24,1235
213000136,517,42,475
213000137,733,168,565
213000139,660,64,596
213000147,124,9,115
213000148,85,6,79
213000149,271,15,256
213000150,0,140,-140
213000151,11,128,-117
213000152,1,105,-104
213000153,2,61,-59
213000154,30,398,-368
213000155,32,604,-572
213000156,115,1187,-1072
213000157,1405,713,692
213000158,400,1326,-926
213000159,533,1104,-571
213000163,609,166,443
213000165,1082,537,545
213000171,0,161,-161
213000172,0,447,-447
213000173,4,366,-362
213000174,3,236,-233
213000175,10,148,-138
213000176,27,59,-32
213000177,33,3,30
213000178,109,7,102
213000179,248,1,247
213000180,149,4,145
213000184,186,750,-564
213000188,570,139,431
213000189,418,46,372
213000190,1240,1699,-459
213000191,366,1039,-673
213000192,275,1062,-787
213000193,3013,420,2593
213000194,1,49,-48
213000195,19,668,-649
213000196,308,1606,-1298
213000197,342,1465,-1123
213000198,131,1,130
213000200,214,1648,-1434
213000201,161,75,86
213000202,37,1450,-1413
213000203,5395,1114,4281
213000204,689,197,492
213000205,334,302,32
213000206,1233,193,1040
213000207,214,36,178
213000208,243,2,241
213000209,284,16,268
213000210,1316,15,1301
213000211,83,24,59
213000212,33,22,11
213000213,43,36,7
213000218,384,1362,-978
213000219,618,40,578
213000220,707,15,692
213000223,553,364,189
213000224,91,71,20
213000225,79,28,51
213000226,96,35,61
213000227,1069,427,642
213000228,323,191,132
213000229,493,70,423
213000230,439,82,357
213000232,200,784,-584
213000233,23,73,-50
213000234,4,109,-105
213000293,27,71,-44
213000294,271,17,254
213000295,72,96,-24
213000296,66,47,19
213000297,8,193,-185
213000298,24,178,-154
213000299,124,88,36
213000300,2,14,-12
213000303,3,42,-39
213000304,2,12,-10
213000305,3,8,-5
213000306,386,40,346
213000307,1387,88,1299
213000308,199,353,-154
213000309,277,74,203
213000310,1060,152,908
213000311,478,1117,-639
213000315,164,210,-46
213000316,101,110,-9
213000322,96,285,-189
213000323,81,140,-59
213000324,82,103,-21
213000325,26,157,-131
213000326,54,44,10
213000327,25,80,-55
213000328,16,167,-151
213000329,65,75,-10
213000340,241,1327,-1086
213000341,424,181,243
213000346,385,288,97
213000347,1441,489,952
213000348,6,161,-155
213000349,24,16,8
213000350,402,2151,-1749
213000366,68,559,-491
213000367,246,46,200
213000379,110,109,1
213000386,18,403,-385
213000406,114,721,-607
213000417,1997,750,1247
213000425,144,58,86
213000426,111,152,-41
213000427,45,586,-541
213000428,52,281,-229
213000429,27,6,21
213000430,178,1406,-1228
213000431,53,5,48
213000432,0,34,-34
213000433,31,281,-250
213000434,85,184,-99
213000435,81,137,-56
213000436,22,147,-125
213000437,0,43,-43
213000438,158,122,36
213000439,89,27,62
213000440,18,423,-405
213000441,1,1,0
213000442,2,36,-34
213000443,676,895,-219
213000444,62,91,-29
213000445,3,145,-142
213000446,0,23,-23
213000447,18,126,-108
213000448,11,144,-133
213000449,280,7,273
213000450,28,90,-62
213000451,308,141,167
213000452,31,54,-23
213000453,64,491,-427
213000455,409,2,407
213000456,1,220,-219
213000481,23,18,5
213000482,42,6,36
213000489,692,216,476
213000491,2,224,-222
213000492,1181,46,1135
213000493,2,225,-223
213000494,190,212,-22
213000495,1,174,-173
213000496,393,368,25
213000497,62,535,-473
213000498,113,423,-310
213000499,205,961,-756
213000500,394,128,266
213000501,117,34,83
213000502,540,140,400
213000503,1,139,-138
213000504,14,300,-286
213000505,15,15,0
213000506,0,18,-18
213000507,8,191,-183
213900244,27,0,27
213900245,0,41,-41
218000003,42,30,12
218000004,68,30,38
218000005,64,46,18
218000006,125,55,70
218000007,7,22,-15
218000012,664,391,273
218000013,112,209,-97
218000014,550,518,32
218000019,926,936,-10
218000020,411,860,-449
218000021,42,109,-67
218000022,24,55,-31
218000023,6,46,-40
218000024,6,29,-23
218000025,17,32,-15
218000026,9,73,-64
218000027,3,23,-20
218000028,2,3,-1
218000029,2,1,1
218000030,34,30,4
218000031,3,36,-33
218000032,3,34,-31
218000040,4,6,-2
218000046,62,120,-58
218000047,24,181,-157
218000048,84,183,-99
218000049,145,181,-36
218000050,407,357,50
218000051,80,361,-281
218000052,1,162,-161
218000053,2,7,-5
218000054,11,38,-27
218000055,11,21,-10
218000056,31,15,16
218000057,3,36,-33
218000064,0,9,-9
218000065,75,89,-14
218000066,7,160,-153
218000067,54,151,-97
218000068,138,146,-8
218000069,203,226,-23
218000070,191,382,-191
218000071,245,322,-77
218000072,406,394,12
218000078,990,1766,-776
218000079,73,141,-68
218000080,88,157,-69
218000081,358,451,-93
218000082,37,240,-203
218000083,68,84,-16
218000084,136,260,-124
218000085,153,618,-465
218000086,48,256,-208
218000087,184,280,-96
218000090,15,187,-172
218000091,1301,861,440
218000092,129,261,-132
218000093,123,104,19
218000094,666,1014,-348
218000099,478,734,-256
218000100,316,430,-114
218000101,299,207,92
218000102,366,404,-38
218000103,142,301,-159
218000104,107,67,40
218000105,55,26,29
218000106,22,22,0
218000107,41,106,-65
218000108,2,51,-49
218000112,137,27,110
218000117,77,112,-35
218000134,888,1443,-555
218000135,105,203,-98
218000136,377,75,302
218000137,353,148,205
218000138,41,138,-97
218000139,256,472,-216
218000140,556,449,107
218000141,120,75,45
218000142,189,241,-52
218000143,120,345,-225
218000144,88,98,-10
218000145,470,637,-167
218000146,57,247,-190
218000151,82,55,27
218000152,149,77,72
218000153,13,4,9
218000154,12,4,8
218000155,24,6,18
218000156,65,34,31
218000157,37,24,13
218000158,4,18,-14
218000159,4,4,0
218000160,6,6,0
218000161,35,7,28
218000162,49,16,33
218000163,8,4,4
218000164,49,7,42
218000165,80,47,33
218000170,2,60,-58
218000171,79,26,53
218000172,38,10,28
218000173,60,11,49
218000174,54,10,44
218000176,117,53,64
218000177,292,255,37
218000178,68,300,-232
218000179,92,122,-30
218000180,69,59,10
218000181,155,96,59
218000187,21,16,5
218000188,65,61,4
218000189,21,68,-47
218000190,14,11,3
218000191,121,89,32
218000192,227,533,-306
218000193,493,751,-258
218000194,85,687,-602
218000195,199,120,79
218000196,379,439,-60
218000197,300,567,-267
218000198,4,217,-213
218000199,92,40,52
218000200,135,63,72
218000201,21,7,14
218000202,301,433,-132
218000207,6,109,-103
218000208,78,67,11
218000211,68,14,54
218000212,3,6,-3
218000213,115,71,44
218000214,7,26,-19
218000215,87,95,-8
218000217,0,172,-172
218000218,280,156,124
218000219,189,40,149
218000220,544,518,26
218000221,4565,339,4226
218000222,108,29,79
218000223,37,265,-228
218000224,11,219,-208
218000225,182,39,143
218000226,138,88,50
218000230,0,5,-5
218000232,40,130,-90
218000239,172,6,166
218000240,11,2,9
218000241,24,0,24
218000242,38,1,37
218000243,24,0,24
218000244,17,2,15
218000245,41,3,38
218000246,2,2,0
218000247,0,0,0
218000248,0,46,-46
218000249,1,3,-2
218000250,16,39,-23
218000251,4,18,-14
218000252,0,25,-25
218000253,2,26,-24
218000254,0,22,-22
218000255,3,20,-17
218000256,8,33,-25
218000267,1145,1651,-506
218000268,4,87,-83
218000269,3,11,-8
218000270,86,88,-2
218000271,32,98,-66
218000273,12,13,-1
218000274,18,12,6
218000275,20,72,-52
218000276,12,65,-53
218000278,20,49,-29
218000279,73,118,-45
218000280,7,53,-46
218000281,36,25,11
218000282,913,592,321
218000284,136,41,95
218000301,118,156,-38
218000302,117,54,63
218000303,63,66,-3
218000316,807,2141,-1334
218000317,1077,2040,-963
218000318,527,1584,-1057
218000319,1548,2439,-891
218000320,949,1125,-176
218000338,169,29,140
218000345,284,79,205
218000346,214,284,-70
218000459,67,383,-316
218000490,171,82,89
218000501,69,58,11
218000502,43,97,-54
218000503,70,26,44
218000504,227,16,211
218000505,66,180,-114
218000506,44,304,-260
218000508,0,0,0
218000510,211,11,200
218000520,173,134,39
218000521,3,92,-89
218000522,1,173,-172
218000523,326,3,323
218000524,65,222,-157
218000525,157,17,140
218000526,47,160,-113
218000529,55,390,-335
218000530,14,9,5
218000531,24,40,-16
218000532,36,24,12
218000534,203,31,172
218000537,58,89,-31
218000538,186,195,-9
218000540,386,77,309
218000543,202,68,134
218000544,84,163,-79
218000545,88,92,-4
218000546,91,172,-81
218000547,71,144,-73
218000548,138,267,-129
218000549,510,361,149
218000550,338,579,-241
218000551,266,756,-490
218000552,816,56,760
218000553,108,79,29
218000554,70,23,47
218000555,37,75,-38
218000556,122,527,-405
218000557,255,380,-125
218000558,113,1,112
218000559,0,33,-33
218000560,0,24,-24
218000561,28,1,27
218000562,52,264,-212
218000563,286,39,247
218000564,23,140,-117
218000565,167,36,131
218000566,403,43,360
218000567,1,64,-63
218000568,6,7,-1
218000569,6,146,-140
218000570,84,8,76
218000571,0,127,-127
218000572,174,9,165
218000573,8,65,-57
218000574,56,67,-11
218000575,164,1,163
218000576,0,103,-103
218000577,373,2,371
218000578,5,83,-78
218000579,79,45,34
218000581,3,93,-90
218000582,84,7,77
218000583,5,0,5
218000584,0,24,-24
218000585,41,6,35
218000586,9,62,-53
218000587,4,1,3
218000588,0,5,-5
218000589,2,2,0
218000590,11,1,10
218000591,0,5,-5
218000592,2,2,0
218000593,1,0,1
218000594,0,0,0
218000597,0,0,0
218000598,0,0,0
218000599,0,0,0
218000600,1,0,1
218000601,0,0,0
218000602,0,2,-2
218000603,0,2,-2
218000604,23,2,21
218000605,0,23,-23
218000606,99,0,99
218000607,14,51,-37
218000608,90,27,63
218000609,8,60,-52
218000610,222,5,217
218000611,114,5,109
218000612,0,41,-41
218000613,65,5,60
218000614,9,40,-31
218000615,272,5,267
218000616,21,167,-146
218000617,50,0,50
218000618,0,29,-29
218000619,43,37,6
218000620,12,11,1
218000621,0,10,-10
218000622,0,16,-16
218000623,40,2,38
218000624,8,31,-23
218000625,10,0,10
218000626,1,9,-8
218000628,143,55,88
218000631,44,44,0
218000632,0,121,-121
218000633,114,2,112
218000634,2,21,-19
218000635,19,16,3
218000636,1069,2459,-1390
218000637,931,1124,-193
218000638,136,72,64
218000639,14,267,-253
218000640,285,50,235
218000641,152,522,-370
218000652,99,140,-41
218000653,187,90,97
218000663,5,229,-224
218000675,116,59,57
218000676,2,43,-41
218000677,17,12,5
218000680,258,710,-452
218000681,397,288,109
218000691,180,541,-361
218000693,216,315,-99
218000703,19,71,-52
218000718,1046,885,161
218000719,1959,421,1538
218000720,12,65,-53
218000721,53,19,34
218000725,9,5,4
218001147,3,229,-226
218001214,17,51,-34
218001258,94,4,90
218001329,165,200,-35
218001330,187,130,57
218001351,75,26,49
218001352,18,20,-2
218001353,11,12,-1
218001354,2,11,-9
218001355,23,654,-631
218001356,389,10,379
218001357,20,343,-323
218001358,209,6,203
218001361,203,39,164
218001362,2,473,-471
219000001,26,98,-72
219000002,69,117,-48
219000003,61,21,40
219000004,63,58,5
219000017,587,33,554
219000020,148,41,107
219000022,160,4,156
219000023,140,0,140
219000029,0,97,-97
219000034,110,36,74
219000039,63,81,-18
219000040,113,34,79
219000041,204,57,147
219000051,0,60,-60
219000052,1,22,-21
219000053,2,228,-226
219000054,46,153,-107
219000055,193,7,186
219000056,73,3,70
219000057,300,2,298
219000062,27,288,-261
219000063,128,16,112
219000064,5,128,-123
219000110,381,78,303
219000111,135,43,92
219000112,240,71,169
219000113,223,83,140
219000114,387,85,302
219000116,77,42,35
219000117,148,110,38
219000118,170,92,78
219000123,400,179,221
219000124,109,116,-7
219000125,14,44,-30
219000126,130,147,-17
219000127,0,9,-9
219000128,15,125,-110
219000129,36,207,-171
219000130,1146,1159,-13
219000131,1063,1404,-341
219000133,95,74,21
219000134,5,30,-25
219000135,76,68,8
219000136,184,251,-67
219000138,67,36,31
219000139,37,64,-27
219000140,53,3,50
219000141,12,205,-193
219000142,14,171,-157
219000143,11,157,-146
219000145,35,109,-74
219000146,8,89,-81
219000147,3,71,-68
219000148,6,85,-79
219000149,20,198,-178
219000150,0,149,-149
219000151,6,121,-115
219000157,227,217,10
219000158,207,413,-206
219000161,278,15,263
219000163,2349,645,1704
219000166,198,248,-50
219000167,109,359,-250
219000168,447,193,254
219000174,563,148,415
219000175,101,2,99
219000176,73,3,70
219000177,35,4,31
219000178,37,2,35
219000179,29,38,-9
219000180,57,47,10
219000182,141,32,109
219000183,79,45,34
219000184,101,18,83
219000185,0,115,-115
219000186,53,98,-45
219000187,13,173,-160
219000189,203,232,-29
219000190,162,330,-168
219000191,2211,1804,407
219000192,214,153,61
219000193,518,187,331
219000195,3,119,-116
219000196,5,208,-203
219000198,48,219,-171
219000199,138,337,-199
219000200,59,302,-243
219000201,105,356,-251
219000203,43,155,-112
219000204,187,254,-67
219000205,83,236,-153
219000207,247,376,-129
219000209,33,140,-107
219000210,319,156,163
219000213,10,399,-389
219000239,272,419,-147
219000240,379,579,-200
219000241,134,379,-245
219000242,149,292,-143
219000243,187,430,-243
219000244,51,164,-113
219000245,24,77,-53
219000246,77,30,47
219000247,148,49,99
219000248,777,467,310
219000249,174,97,77
219000250,270,134,136
219000251,821,327,494
219000252,383,213,170
219000253,414,103,311
219000255,150,196,-46
219000256,186,130,56
219000257,315,8,307
219000262,62,285,-223
219000263,76,320,-244
219000267,5,203,-198
219000268,5,11,-6
219000269,25,4,21
219000270,21,0,21
219000271,187,37,150
219000278,0,14,-14
219000279,3,13,-10
219000283,0,27,-27
219000295,15,155,-140
219000296,97,763,-666
219000297,14,240,-226
219000298,40,305,-265
219000299,609,160,449
219000300,29,403,-374
219000301,316,500,-184
219000302,55,357,-302
219000307,56,79,-23
219000308,55,32,23
219000311,286,60,226
219000312,706,76,630
219000313,420,60,360
219000314,113,883,-770
219000315,260,90,170
219000316,554,144,410
219000317,95,38,57
219000320,1,57,-56
219000321,0,12,-12
219000323,4,99,-95
219000325,1,27,-26
219000326,77,163,-86
219000327,120,68,52
219000328,65,78,-13
219000329,393,212,181
219000330,49,43,6
219000331,108,38,70
219000332,72,160,-88
219000333,13,17,-4
219000335,86,3,83
219000337,23,5,18
219000338,206,4,202
219000344,42,102,-60
219000345,60,141,-81
219000346,57,206,-149
219000348,244,243,1
219000349,61,348,-287
219000350,87,201,-114
219000351,4,4,0
219000352,384,88,296
219000353,118,64,54
219000354,146,213,-67
219000355,188,72,116
219000356,2689,1407,1282
219000363,387,63,324
219000364,88,47,41
219000365,149,20,129
219000366,345,632,-287
219000368,767,579,188
219000370,1903,548,1355
219000371,30,49,-19
219000382,7,31,-24
219000383,1122,1137,-15
219000385,748,718,30
219000386,1240,2149,-909
219000387,2,13,-11
219000390,19,12,7
219000391,5,1,4
219000397,134,132,2
219000398,103,57,46
219000401,28,224,-196
219000402,31,155,-124
219000403,210,368,-158
219000404,24,194,-170
219000407,8,55,-47
219000409,76,58,18
219000410,116,54,62
219000411,84,15,69
219000446,278,582,-304
219000447,0,28,-28
219000448,13,28,-15
219000452,204,104,100
219000453,105,215,-110
219000454,476,273,203
219000556,326,100,226
219000558,217,307,-90
219000590,60,309,-249
219000591,69,116,-47
219000592,194,624,-430
219000595,2,21,-19
219000635,173,119,54
219000636,44,150,-106
219000657,20,21,-1
219000658,32,117,-85
219000673,0,19,-19
219000676,241,2,239
219000679,92,16,76
219000684,245,4,241
219000685,1,97,-96
219000686,1,10,-9
219000688,1,134,-133
219000689,43,427,-384
219000690,265,57,208
219000691,65,294,-229
219000692,231,40,191
219000693,0,21,-21
219000694,8,0,8
219000695,26,19,7
219000698,110,0,110
219000699,0,4,-4
219000727,4,249,-245
219000728,110,3,107
219000770,89,4,85
219000771,0,46,-46
219000788,526,234,292
219001150,1,36,-35
219001151,3,4,-1
219001166,29,14,15
219001167,3,118,-115
219001178,51,1,50
220000001,177,100,77
220000002,24,274,-250
220000003,1000,427,573
220000004,1673,893,780
220000005,2400,2539,-139
220000006,325,1362,-1037
220000007,473,854,-381
220000008,579,1517,-938
220000009,412,817,-405
220000010,333,259,74
220000011,1521,5398,-3877
220000012,97,818,-721
220000014,165,58,107
220000015,198,250,-52
220000017,60,634,-574
220000018,9989,4469,5520
220000019,200,424,-224
220000020,767,352,415
220000021,639,312,327
220000022,677,806,-129
220000023,260,329,-69
220000024,2986,469,2517
220000025,2174,1408,766
220000026,364,299,65
220000027,19,195,-176
220000028,43,44,-1
220000029,105,429,-324
220000030,195,98,97
220000031,631,517,114
220000064,49,1262,-1213
221000046,10,1,9
221000047,0,2,-2
221000048,0,5,-5
221000049,0,16,-16
221000050,29,0,29
221000055,82,53,29
221000057,68,8,60
221000068,477,208,269
221000069,403,95,308
221000070,216,38,178
221000071,114,10,104
221000072,361,27,334
221000073,227,66,161
221000074,2,39,-37
221000075,38,27,11
221000076,12,45,-33
221000077,56,135,-79
221000081,63,19,44
221000082,59,14,45
221000083,73,5,68
221000084,11,6,5
221000085,11,102,-91
221000086,30,184,-154
221000087,10,253,-243
221000088,33,302,-269
221000089,55,429,-374
221000090,203,705,-502
221000098,154,14,140
221000099,166,19,147
221000100,124,9,115
221000101,258,29,229
221000102,192,19,173
221000109,13,117,-104
221000110,13,147,-134
221000111,32,258,-226
221000112,8,206,-198
221000113,26,284,-258
221000114,22,265,-243
221000120,35,52,-17
221000121,9,46,-37
221000122,94,55,39
221000123,15,24,-9
221000124,77,370,-293
221000155,102,16,86
221000156,107,33,74
221000175,2,21,-19
221000176,1,5,-4
221000182,61,10,51
221000241,867,332,535
221000242,255,670,-415
221000243,815,171,644
221000244,359,838,-479
221000245,155,178,-23
221000246,57,407,-350
221000247,159,195,-36
221000248,293,269,24
221000267,96,1067,-971
221000325,74,76,-2
221000331,36,140,-104
221000338,90,48,42
221000378,270,28,242
221000381,103,74,29
222000282,26,1,25
222000296,0,50,-50
222000568,402,24,378
222000569,168,37,131
222000570,159,17,142
222000571,327,17,310
222000577,44,299,-255
222000578,37,270,-233
222000579,33,179,-146
222000580,131,1223,-1092
222000599,0,172,-172
222000600,1,381,-380
222000601,14,1362,-1348
222000603,35,34,1
222000604,19,52,-33
222000605,59,28,31
222000606,0,10,-10
222000607,4,5,-1
222000608,29,9,20
222000609,53,368,-315
222000616,268,82,186
222000617,7,19,-12
222000618,7,7,0
222000620,75,13,62
222000621,172,13,159
222000623,729,7,722
222000624,322,7,315
222000625,509,62,447
222000636,78,1,77
222000686,62,22,40
222000687,61,43,18
222001066,485,3,482
222001067,9,8,1
222001068,27,59,-32
222001069,25,85,-60
222001082,19,66,-47
222001083,28,85,-57
222001084,0,81,-81
222001085,0,125,-125
222001111,19,225,-206
222001112,131,58,73
222001313,78,2,76
222001314,17,152,-135
222001464,118,99,19
222001465,52,135,-83
222001484,121,57,64
222001485,27,73,-46
222001494,387,245,142
222001495,162,440,-278
222001496,312,141,171
222001497,141,784,-643
222001502,17,139,-122
222001503,116,95,21
222001504,29,333,-304
222001505,297,27,270
222001506,37,352,-315
222001507,331,67,264
222001510,414,39,375
222001511,47,569,-522
222001514,567,220,347
222001515,361,896,-535
222001518,183,92,91
222001519,63,438,-375
222001527,361,85,276
222001528,76,211,-135
222001529,198,58,140
222001530,52,338,-286
222001533,147,478,-331
222001534,231,93,138
222001535,234,266,-32
222001536,154,419,-265
222001537,318,38,280
222001538,71,716,-645
222001563,463,113,350
222001564,50,909,-859
222001568,441,120,321
222001576,3,4,-1
222001579,6,10,-4
222001583,51,277,-226
222001584,120,38,82
222001596,745,2000,-1255
222001597,1481,311,1170
222001626,1,219,-218
222001650,77,90,-13
222001651,139,221,-82
222001914,233,89,144
222001915,74,320,-246
222001968,449,317,132
222001969,546,1117,-571
222001970,334,416,-82
222001971,16,49,-33
222001972,0,28,-28
225000001,690,262,428
225000002,590,257,333
225000003,611,195,416
225000004,356,531,-175
225000005,48,120,-72
225000006,0,177,-177
225000007,4577,2094,2483
225000010,365,21,344
225000011,785,2273,-1488
225000012,227,1011,-784
225000013,238,235,3
225000014,2381,147,2234
225000015,156,325,-169
225000021,975,450,525
225000027,463,900,-437
225000032,931,328,603
225000042,185,1264,-1079
225000049,63,68,-5
225000050,95,27,68
225000053,8,646,-638
225000058,1107,244,863
225000067,250,278,-28
225000068,161,718,-557
225000069,226,825,-599
225000070,114,727,-613
225000071,34,397,-363
225000075,48,1524,-1476
225000076,153,267,-114
225000078,230,70,160
225000085,75,200,-125
225000086,902,81,821
225000087,372,76,296
225000088,27,304,-277
225000089,483,1368,-885
225000090,26,672,-646
225000091,227,365,-138
225000092,31,75,-44
225000093,207,625,-418
225000094,20,621,-601
225000095,454,771,-317
225000096,488,907,-419
225000098,933,305,628
225000099,438,234,204
225000100,307,207,100
225000104,157,709,-552
225000110,23,777,-754
225000111,574,1932,-1358
225000112,765,1676,-911
225000113,341,861,-520
225000114,116,555,-439
225000115,3938,906,3032
225000116,1616,317,1299
225000117,1462,601,861
225000118,1366,600,766
225000119,335,188,147
225000120,748,92,656
225000121,392,46,346
225000123,2962,27,2935
225000125,627,561,66
225000126,2205,446,1759
225000127,1360,1651,-291
225000128,516,1155,-639
225000132,280,68,212
225000133,427,48,379
225000134,704,172,532
225000135,65,14,51
225000136,209,18,191
225000137,214,77,137
225000138,515,94,421
225000143,137,304,-167
225000144,0,539,-539
225000145,74,92,-18
225000146,49,200,-151
225000147,23,520,-497
225000148,12,426,-414
225000149,77,731,-654
225000151,31,493,-462
225000155,429,825,-396
225000156,672,1459,-787
225000157,447,659,-212
225000158,166,629,-463
225000171,3,308,-305
225000180,24,2,22
225000181,1,108,-107
225000182,110,30,80
225000185,8,665,-657
225000187,87,682,-595
225000191,185,0,185
225000194,0,22,-22
225000208,0,89,-89
225000209,94,45,49
225000210,1,500,-499
225000217,1,23,-22
225000218,17,0,17
225000223,2,100,-98
225000224,377,1,376
225000225,8,57,-49
225000226,495,6,489
225000227,75,168,-93
225000228,27,11,16
225000229,0,105,-105
225000230,5,0,5
225000231,0,89,-89
225000232,107,1,106
225000241,121,0,121
225000242,0,80,-80
225000249,14,0,14
225000250,45,1438,-1393
225000251,460,65,395
225000254,37,0,37
225000256,45,117,-72
225000257,0,272,-272
226000042,694,691,3
226000043,124,449,-325
226000044,444,1068,-624
226000045,136,652,-516
226000046,725,147,578
226000047,686,180,506
226000048,490,175,315
226000049,455,254,201
226000070,0,141,-141
226000071,0,114,-114
226000072,0,26,-26
226000073,0,34,-34
226000074,0,24,-24
226000084,0,85,-85
226000085,5,13,-8
226000086,11,20,-9
226000087,1,29,-28
226000088,113,38,75
226000090,518,110,408
226000091,47,39,8
226000092,2,8,-6
226000093,42,1,41
226000094,68,4,64
226000095,58,6,52
226000105,53,1,52
226000106,22,0,22
226000107,19,0,19
226000108,69,0,69
226000109,104,0,104
226000124,299,70,229
226000134,535,710,-175
226000135,1201,1092,109
226000136,474,690,-216
226000137,8,746,-738
226000138,10,535,-525
226000139,1,30,-29
226000156,209,3,206
226000157,149,6,143
226000163,109,91,18
226000202,8,874,-866
226000231,358,12,346
226000232,143,13,130
227000033,353,113,240
227000036,233,81,152
227000037,171,35,136
227000038,275,53,222
227000084,1,69,-68
227000085,3,63,-60
227000088,237,2,235
227000089,176,0,176
227000090,181,1,180
227000091,20,0,20
227000092,70,0,70
227000093,269,0,269
227000094,7,0,7
227000130,42,72,-30
227000131,16,371,-355
227000132,12,376,-364
227000133,17,371,-354
227000134,17,583,-566
227000152,0,0,0
227000153,0,45,-45
227000154,0,33,-33
227000155,3,24,-21
227000156,0,16,-16
227000165,7,29,-22
227000196,352,433,-81
227000199,301,1049,-748
227000230,46,940,-894
227000232,381,45,336
227000242,55,622,-567
227000243,617,150,467
227000245,12,489,-477
227000246,91,726,-635
227000247,389,121,268
227000248,471,57,414
227000249,50,315,-265
227000250,846,216,630
227000251,283,300,-17
227000252,18,510,-492
227000253,99,33,66
227000262,292,68,224
227000266,1026,20,1006
227000267,53,3356,-3303
227000282,6,432,-426
227000284,439,46,393
227000286,2,152,-150
227000287,12,179,-167
227000291,15,1000,-985
227000296,510,452,58
227000484,442,31,411
227000485,38,1280,-1242
227000655,143,40,103
227000656,799,42,757
227000657,49,47,2
227000661,525,25,500
227000680,516,83,433
229000265,31,63,-32
229000296,2,82,-80
229000297,6,87,-81
229000298,18,347,-329
229000320,13,11,2
229000321,7,12,-5
229000412,53,61,-8
229000414,20,64,-44
229000415,20,2,18
229000416,3,4,-1
229000417,6,20,-14
229000419,140,497,-357
229000440,310,83,227
229000442,10,1,9
229000443,4,10,-6
229000444,17,32,-15
229000445,93,23,70
229000446,87,18,69
229000491,1,18,-17
229000492,10,159,-149
229000493,7,123,-116
229000494,48,3,45
229000495,114,7,107
229000496,71,6,65
229000507,1,52,-51
229000508,1,47,-46
229000509,0,61,-61
229000510,3,34,-31
229000511,0,45,-45
229000512,2,45,-43
229000513,0,7,-7
229000514,0,0,0
229000517,1,9,-8
229000518,17,52,-35
229000519,0,12,-12
229000520,10,36,-26
229000521,37,34,3
229000522,13,10,3
229000523,9,19,-10
229000524,3,18,-15
229000527,2,0,2
229000528,0,0,0
229000529,10,0,10
229000530,56,1,55
229000531,65,2,63
229000532,84,1,83
229000533,75,0,75
229000534,55,2,53
229000564,65,1,64
229000565,16,1,15
229000566,1,17,-16
229000567,0,57,-57
229000582,128,6,122
229000583,19,7,12
229000584,1,44,-43
229000585,3,75,-72
229000718,0,2,-2
229000719,0,1,-1
229000720,0,8,-8
229000721,0,8,-8
229000722,0,15,-15
229000723,0,15,-15
229000724,0,3,-3
229000725,0,2,-2
229000738,1,0,1
229000739,0,0,0
229000740,2,0,2
229000741,20,0,20
229000742,4,0,4
229000743,26,1,25
229000744,4,0,4
229000745,5,0,5
229000746,41,0,41
229000847,38,0,38
229000848,15,1,14
229000849,146,1,145
229000851,41,0,41
229000854,0,57,-57
229000856,0,210,-210
229000857,0,53,-53
229000858,0,149,-149
229000919,31,114,-83
229000930,2,356,-354
229000937,94,17,77
229000966,43,34,9
229000981,25,43,-18
229000985,7,86,-79
229000986,0,11,-11
229000987,0,2,-2
229000988,2,9,-7
229000989,47,17,30
229000990,1,0,1
229000991,3,1,2
229000992,3,7,-4
229000993,281,18,263
229000998,5,128,-123
229000999,85,9,76
229001034,0,14,-14
229001035,11,2,9
229001037,53,5,48
229001042,15,17,-2
229001047,2,103,-101
229001050,61,73,-12
229001168,0,6,-6
229001200,11,3,8
229001338,12,35,-23
229001394,270,19,251
229001422,175,33,142
229001423,71,188,-117
229001431,59,69,-10
229001432,53,86,-33
229001444,131,65,66
229001445,52,347,-295
229001479,13,5,8
229001503,193,152,41
229001504,108,270,-162
229001505,119,66,53
229001506,40,211,-171
229001509,29,52,-23
229001545,88,10,78
229001546,8,99,-91
229001553,55,14,41
229001554,25,115,-90
229001559,6,8,-2
229001560,2,35,-33
229001630,94,6,88
229001631,5,84,-79
229001635,0,7,-7
229001636,2,7,-5
229001658,1,157,-156
229001659,91,6,85
229001660,6,3,3
229001661,2,32,-30
229001662,83,1,82
229001663,0,23,-23
229002584,210,293,-83
229002831,372,215,157
229002841,14,18,-4
229002842,18,18,0
229002843,140,25,115
229002844,163,81,82
229002845,38,71,-33
229002846,29,20,9
229002847,39,22,17
229002848,17,20,-3
229002849,34,79,-45
229002850,7,0,7
229002851,112,133,-21
229002852,183,17,166
229002853,167,12,155
229002854,152,46,106
229002855,13,39,-26
229002856,71,31,40
229002857,8,46,-38
229002858,19,24,-5
229002859,141,36,105
229002860,156,20,136
229002861,76,30,46
229002862,41,65,-24
229002863,38,36,2
229002864,43,50,-7
229002865,29,15,14
229002866,11,19,-8
229002867,12,39,-27
229002868,25,9,16
229002869,42,205,-163
229002870,35,8,27
235000066,458,96,362
235000067,144,147,-3
235000072,42,99,-57
235000073,104,410,-306
235000074,32,114,-82
235000080,42,110,-68
235000081,106,165,-59
235000082,141,112,29
235000083,203,145,58
235000084,84,64,20
235000085,61,70,-9
235000089,27,46,-19
235000092,16,189,-173
235000093,7,3,4
235000097,23,14,9
235000098,34,11,23
235000099,37,34,3
235000116,52,42,10
235000117,975,31,944
235000133,19,486,-467
235000134,7,148,-141
235000206,10,9,1
235000207,0,2,-2
235000208,7,2,5
235000209,3,0,3
235000210,0,2,-2
235000212,12,28,-16
235000213,3,8,-5
235000220,1,12,-11
235000221,169,7,162
235000238,30,77,-47
235000239,1,6,-5
235000242,374,526,-152
235000245,812,197,615
235000246,19,72,-53
235000284,2,134,-132
235000295,134,35,99
235000305,156,38,118
235000306,105,18,87
235000307,20,15,5
235000308,44,5,39
235000309,78,0,78
235000310,132,1,131
235000311,413,33,380
235000322,0,41,-41
235000323,0,62,-62
235000324,1,9,-8
235000325,0,15,-15
235000326,7,302,-295
235000351,5,78,-73
235000352,31,55,-24
235000353,3,33,-30
235000354,11,36,-25
235000355,10,121,-111
235000356,147,1,146
235000357,30,19,11
235000358,36,13,23
235000359,4,4,0
235000360,121,26,95
235000361,112,22,90
235000381,79,311,-232
235000382,137,63,74
235000390,6,5,1
235000391,97,32,65
235000392,135,254,-119
235000393,124,154,-30
235000395,94,33,61
235000396,347,96,251
235000400,297,38,259
235000401,234,225,9
235000405,144,294,-150
235000406,71,363,-292
235000407,75,124,-49
235000409,130,235,-105
235000410,75,313,-238
235000411,2,87,-85
235000485,0,1,-1
235000486,13,0,13
235000549,62,122,-60
235000550,91,207,-116
235000599,98,86,12
235000600,10,15,-5
235000601,37,46,-9
235000602,59,144,-85
235000614,0,2,-2
235000648,1,30,-29
235000649,73,13,60
235000685,1,11,-10
235000815,5,32,-27
235000834,0,6,-6
235000855,11,65,-54
235000862,66,228,-162
235000891,0,11,-11
235000892,63,3,60
235000901,52,107,-55
235000907,4,22,-18
235001010,39,120,-81
235001029,700,606,94
235001030,399,308,91
235001078,97,115,-18
235001079,101,150,-49
235001147,5,85,-80
235001166,24,101,-77
235001167,26,73,-47
235001169,16,358,-342
235001188,0,13,-13
235001189,0,3,-3
235001197,22,21,1
235001200,46,39,7
235001207,142,30,112
235001210,58,123,-65
235001215,50,181,-131
235001239,4,61,-57
235001244,1,5,-4
235016267,0,41,-41
277101746,0,3,-3
277102712,4,0,4
277103813,0,0,0
277103814,0,0,0
277103898,0,3,-3
277104249,0,3,-3
277104250,0,16,-16
277104251,1,14,-13
277104252,0,5,-5
990011530,1,328,-327
990014944,3,626,-623
990015176,164,9,155
990015618,0,208,-208
990016032,1,543,-542
990032570,8,69,-61
990070001,78,3,75
990070103,0,3,-3
990070601,0,77,-77
990070751,574,143,431
990070766,1,793,-792
990071180,1059,269,790
990071343,44,1,43
990071387,0,17,-17
990071823,611,19,592
990072600,6,801,-795
990072964,0,714,-714
990073285,0,1,-1
990074393,1,1757,-1756
990074870,1022,86,936
990075106,872,4,868
990075746,448,5,443
990076437,1177,6,1171
990076458,5,1496,-1491
997000007,325,26,299
997000041,0,162,-162
997000058,35,0,35
997000062,257,0,257
997000069,0,6,-6
997000070,0,116,-116
997000100,35,0,35
997000141,15,3164,-3149
997000198,765,1843,-1078
998000475,0,29,-29
998000736,4,373,-369
998000965,0,35,-35
998001031,0,64,-64
998001700,0,62,-62
998001899,0,1,-1
998001900,5,0,5
998003073,1389,17,1372
998101900,0,0,0
998102850,8,114,-106
998501927,757,519,238
998501929,176,77,99
998501930,66,1,65
998501931,139,2,137
998501932,11,9,2
998501933,90,2,88
998501937,22,1,21
998501944,3,0,3
998501950,0,62,-62
998501970,35,4,31
998501971,0,100,-100
998501973,0,74,-74
998501974,2,356,-354
998501975,733,1,732
998501976,335,0,335
998501977,2,15,-13
998501978,72,0,72
998501979,0,11,-11
998501980,382,0,382
998501981,48,13,35
998501982,0,148,-148
998501983,0,25,-25
998502006,0,0,0
998502024,0,5,-5
998502032,0,0,0
998502062,41,4,37
998502063,0,0,0
998502173,17,0,17
998502269,0,3,-3
998502546,5,245,-240
998502578,1,1,0
998601159,5,241,-236
998601292,0,18,-18
999033574,1,1406,-1405
999800001,24,4,20
999800002,0,3,-3
999800003,2,2,0
999800004,0,9,-9
999800005,0,5,-5
