ID,insum,outsum,diff
100000001,525,578,-53
100000002,1802,448,1354
100000003,3915,1737,2178
100000004,1207,614,593
100000005,1308,2567,-1259
100000006,419,89,330
100000007,1401,472,929
100000008,157,540,-383
100000009,299,97,202
100000010,34,30,4
100000011,494,62,432
100000012,103,800,-697
100000013,34,170,-136
100000014,332,265,67
100000015,1388,1071,317
100000016,1089,1328,-239
100000017,681,1011,-330
100000018,1430,492,938
100000019,4795,1699,3096
100000020,1225,3086,-1861
100000021,5809,2086,3723
100000022,1567,858,709
100000023,5529,886,4643
100000025,2196,412,1784
100000028,1738,764,974
100000029,298,168,130
100000030,539,39,500
100000031,4480,4245,235
100000032,2009,2348,-339
100000033,796,1766,-970
100000034,626,242,384
100000035,1662,749,913
100000036,2222,904,1318
100000037,324,447,-123
100000038,1213,756,457
100000039,630,166,464
100000040,121,107,14
100000041,574,365,209
100000042,512,279,233
100000043,659,312,347
100000044,359,822,-463
100000045,515,1749,-1234
100000046,633,1420,-787
100000047,352,750,-398
100000048,454,679,-225
100000049,1742,2780,-1038
100000051,513,1140,-627
100000053,42,3,39
100000054,242,22,220
100000055,613,248,365
100000056,286,723,-437
100000057,1244,858,386
100000058,685,1294,-609
100000059,3,115,-112
100000060,306,336,-30
100000061,1509,467,1042
100000062,1279,473,806
100000063,329,282,47
100000064,848,409,439
100000065,392,1014,-622
100000066,200,1084,-884
100000067,378,918,-540
100000068,425,1675,-1250
100000069,304,2105,-1801
100000072,503,963,-460
100000073,1051,1245,-194
100000075,491,317,174
100000076,2175,1676,499
100000077,636,112,524
100000078,74,23,51
100000079,24,35,-11
100000080,20,8,12
100000081,98,32,66
100000102,3624,999,2625
100000103,3468,653,2815
100000104,3950,1146,2804
100000105,2776,570,2206
100000106,2015,972,1043
100000107,538,336,202
100000108,788,933,-145
100000109,3606,965,2641
100000116,1175,550,625
100000117,28,30,-2
100000118,1086,645,441
100000119,683,466,217
100000121,245,605,-360
100000122,1359,840,519
100000123,2654,4377,-1723
100000124,4419,6350,-1931
100000125,2165,718,1447
100000126,666,243,423
100000127,1907,313,1594
100000128,800,861,-61
100000129,454,312,142
100000130,210,528,-318
100000131,2288,2805,-517
100000132,1019,1772,-753
100000133,5443,2617,2826
100000135,358,622,-264
100000139,296,345,-49
100000140,145,151,-6
100000142,351,494,-143
100000143,1827,884,943
100000144,4713,973,3740
100000147,821,1930,-1109
100000150,13,463,-450
100000151,597,465,132
100000153,411,187,224
100000154,165,34,131
100000155,7,26,-19
100000156,69,36,33
100000157,30,367,-337
100000158,77,191,-114
100000159,604,349,255
100000165,1169,606,563
100000169,695,403,292
100000174,1597,409,1188
100000179,60,451,-391
100000180,1118,1132,-14
100000181,133,227,-94
100000188,112,478,-366
100000189,576,294,282
100000190,512,262,250
100000191,483,398,85
100000192,66,95,-29
100000193,102,142,-40
100000330,1645,519,1126
100000355,110,484,-374
100000362,4615,2840,1775
100000363,1898,3118,-1220
100000364,431,135,296
100000365,2998,7349,-4351
100000366,4627,2034,2593
100000367,2651,3898,-1247
100000368,1810,1580,230
100000369,854,1058,-204
100000370,83,316,-233
100000376,77,73,4
100000379,2956,1043,1913
100000380,3926,1573,2353
100000384,4696,2239,2457
100000385,4894,2346,2548
100000386,7053,2773,4280
100000387,6153,3039,3114
100000388,6877,3390,3487
100000389,6783,3596,3187
100000390,7632,2542,5090
100000391,5557,3439,2118
100000392,4490,1147,3343
100000393,2060,1373,687
100000394,7543,2881,4662
100000395,3528,1136,2392
100000396,5686,1451,4235
100000397,2807,1259,1548
100000398,10222,6756,3466
100000413,20,17,3
100900002,0,82,-82
100900003,184,49,135
100900004,22,662,-640
100900005,91,17,74
100900006,13,258,-245
100900007,401,3,398
100900008,4,438,-434
100900009,36,49,-13
100900010,36,207,-171
100900011,47,317,-270
100900012,7,287,-280
100900013,365,8,357
100900014,0,12,-12
100900015,84,103,-19
100900016,4,34,-30
100900017,472,47,425
100900018,0,16,-16
100900019,19,51,-32
100900020,265,7,258
100900021,242,0,242
100900022,11,12,-1
100900023,0,11,-11
100900024,697,1,696
100900025,14,2,12
100900026,47,159,-112
100900027,333,1803,-1470
100900028,77,101,-24
100900029,121,15,106
100900030,8,20,-12
100900031,275,86,189
100900032,99,0,99
100900033,148,94,54
100900034,263,2,261
100900035,378,0,378
100900036,17,0,17
100900037,47,314,-267
100900038,137,9,128
100900039,396,866,-470
100900040,319,966,-647
100900041,234,1133,-899
100900042,453,172,281
100900043,1,14,-13
100900044,2617,292,2325
100900045,33,0,33
100900046,756,8,748
100900047,986,106,880
100900048,104,29,75
100900049,53,230,-177
100900050,2,9,-7
100900051,32,40,-8
100900052,138,24,114
100900053,197,17,180
100900054,6,112,-106
100900055,132,305,-173
100900056,62,129,-67
100900057,349,812,-463
100900058,239,15,224
100900059,64,3,61
100900060,67,6,61
100900061,295,248,47
100900062,4,92,-88
100900063,91,379,-288
100900064,378,9,369
100900065,84,55,29
100900066,51,80,-29
100900067,1,5,-4
100900068,63,134,-71
100900069,416,4,412
100900070,129,3,126
100900071,624,242,382
100900072,1,71,-70
100900073,69,636,-567
100900074,3,11,-8
100900075,1989,258,1731
100900076,14,50,-36
100900077,10,166,-156
100900078,66,226,-160
100900079,5,29,-24
100900080,11,162,-151
100900081,20,88,-68
100900082,62,1071,-1009
100900083,2,46,-44
100900085,4,55,-51
100900086,78,538,-460
100900088,57,885,-828
100900089,4,29,-25
100900090,66,309,-243
100900091,0,21,-21
100900092,132,112,20
100900093,164,186,-22
100900094,70,673,-603
100900095,3,42,-39
100900096,24,65,-41
100900097,0,8,-8
100900098,7,8,-1
100900099,46,638,-592
100900100,19,317,-298
100900101,376,39,337
100900102,4,35,-31
100900103,1,10,-9
100900104,12,203,-191
100900105,5,102,-97
100900106,71,7,64
100900107,1684,406,1278
100900108,2,10,-8
100900109,8,31,-23
100900110,1,45,-44
100900111,65,161,-96
100900112,0,6,-6
100900113,2,15,-13
100900114,0,30,-30
100900115,1,32,-31
100900116,474,405,69
100900117,217,620,-403
100900118,5,81,-76
100900119,3,31,-28
100900120,1,14,-13
100900121,193,264,-71
100900122,150,159,-9
100900123,56,102,-46
100900124,10,5,5
100900125,15,66,-51
100900126,54,162,-108
100900127,0,14,-14
100900128,43,134,-91
100900129,1,65,-64
100900131,56,131,-75
100900133,36,43,-7
100900134,2,7,-5
100900135,1,68,-67
100900137,317,144,173
100900138,378,283,95
100900139,2,8,-6
100900140,6,882,-876
100900141,2,351,-349
100900142,0,0,0
100900143,797,288,509
100900144,7,6,1
100900145,63,72,-9
100900146,3,3,0
100900147,13,187,-174
100900148,40,1374,-1334
100900149,12,63,-51
100900150,2,2,0
100900151,96,492,-396
100900152,132,5,127
100900153,0,120,-120
100900154,2,8,-6
100900155,1,8,-7
100900156,18,0,18
100900157,5,87,-82
100900159,0,1,-1
100900160,5,14,-9
100900161,177,5,172
100900162,15,138,-123
100900163,176,237,-61
100900164,23,35,-12
100900165,12,102,-90
100900166,35,2,33
100900167,10,106,-96
100900168,13,92,-79
100900169,178,854,-676
100900170,21,22,-1
100900171,17,682,-665
100900172,0,2,-2
100900173,12,715,-703
100900174,242,37,205
100900176,1155,91,1064
100900177,926,263,663
100900178,218,128,90
100900179,73,51,22
100900180,4,8,-4
100900181,107,20,87
100900182,17,9,8
100900184,4,138,-134
100900186,1185,529,656
100900187,4,189,-185
100900188,34,17,17
100900189,668,122,546
100900191,1044,502,542
100900192,314,150,164
100900195,69,84,-15
100900197,19,155,-136
100900198,18,347,-329
100900199,24,17,7
100900200,492,301,191
100900201,33,609,-576
100900202,14,0,14
100900203,0,63,-63
100900204,173,185,-12
100900205,78,366,-288
100900206,54,39,15
100900207,106,85,21
100900210,108,794,-686
100900211,225,65,160
100900213,29,27,2
100900214,993,98,895
100900215,6,31,-25
100900217,153,40,113
101000001,4130,2045,2085
101000002,3438,3834,-396
101000003,746,1365,-619
101000004,7823,6872,951
101000005,1453,3114,-1661
101000006,8083,6197,1886
101000007,1830,2318,-488
101000008,3955,2365,1590
101000009,1481,2429,-948
101000010,819,1820,-1001
101000011,2491,798,1693
101000012,1899,524,1375
101000013,384,777,-393
101000014,489,658,-169
101000015,828,732,96
101000016,457,303,154
101000017,484,488,-4
101000018,3922,2013,1909
101000020,5121,1112,4009
101000021,1420,236,1184
101000022,204,55,149
101000023,1388,591,797
101000025,166,294,-128
101000026,553,15,538
101000027,1604,1116,488
101000028,1019,110,909
101000029,72,594,-522
101000030,898,54,844
101000031,406,121,285
101000032,5184,1674,3510
101000033,2477,1930,547
101000034,2978,906,2072
101000035,1080,227,853
101000036,1819,332,1487
101000037,4699,989,3710
101000039,2747,1267,1480
101000040,3919,2992,927
101000041,10604,3256,7348
101000042,704,483,221
101000043,7271,2602,4669
101000045,1640,452,1188
101000046,1846,518,1328
101000047,985,927,58
101000048,754,786,-32
101000049,751,782,-31
101000050,1526,759,767
101000051,2132,1177,955
101000052,1792,421,1371
101000053,909,1246,-337
101000054,1312,1078,234
101000055,1547,911,636
101000056,109,55,54
101000057,2083,501,1582
101000058,1979,673,1306
101000059,3620,1360,2260
101000060,1912,286,1626
101000061,1011,799,212
101000062,1131,410,721
101000063,625,440,185
101000064,1560,357,1203
101000065,252,228,24
101000066,515,233,282
101000067,1062,339,723
101000068,417,204,213
101000069,604,35,569
101000070,1418,831,587
101000071,1884,827,1057
101000072,869,3020,-2151
101000073,608,422,186
101000074,3574,2840,734
101000075,4464,3053,1411
101000077,795,1824,-1029
101000078,854,1489,-635
101000079,379,811,-432
101000080,491,485,6
101000081,1020,1493,-473
101000082,3691,2559,1132
101000083,1841,1742,99
101000084,1408,1046,362
101000085,1415,933,482
101000086,1168,1164,4
101000087,1025,1293,-268
101000088,847,950,-103
101000089,664,1254,-590
101000090,2338,1640,698
101000091,324,1784,-1460
101000092,533,1035,-502
101000093,1307,826,481
101000094,557,1336,-779
101000095,216,875,-659
101000096,248,664,-416
101000097,404,286,118
101000098,498,436,62
101000099,940,1180,-240
101000100,796,495,301
101000101,355,275,80
101000102,1196,278,918
101000103,712,340,372
101000104,379,352,27
101000105,962,219,743
101000106,892,423,469
101000107,123,337,-214
101000108,1634,324,1310
101000109,136,105,31
101000110,33,791,-758
101000111,99,236,-137
101000113,78,473,-395
101000114,2935,1064,1871
101000115,103,165,-62
101000116,179,203,-24
101000117,507,308,199
101000119,129,27,102
101000120,181,16,165
101000121,84,11,73
101000122,109,20,89
101000123,67,37,30
101000124,138,191,-53
101000125,208,510,-302
101000128,826,317,509
101000130,221,292,-71
101000131,456,784,-328
101000132,368,2131,-1763
101000135,98,13,85
101000136,250,75,175
101000137,10,236,-226
101000141,1796,1553,243
101000147,810,568,242
101000148,2408,24,2384
101000149,222,110,112
101000150,49,1397,-1348
101000151,94,99,-5
101000152,333,279,54
101000153,537,433,104
101000154,147,1862,-1715
101000155,113,166,-53
101000156,22,253,-231
101000157,47,18,29
101000160,87,81,6
101000163,209,61,148
101000164,449,506,-57
101000165,222,467,-245
101000166,247,333,-86
101000168,832,336,496
101000252,1189,907,282
101000254,369,46,323
101000258,27,27,0
101000261,44,239,-195
101000262,703,662,41
101000263,170,647,-477
101000265,74,529,-455
101000266,353,300,53
101000269,127,8,119
101000290,1623,1975,-352
101000293,29,83,-54
101000294,415,406,9
101000295,104,427,-323
101000301,772,166,606
101000304,1707,2438,-731
101000305,2157,1585,572
101000328,123,360,-237
101900001,16,98,-82
101900002,0,16,-16
101900003,171,77,94
101900004,9,34,-25
101900005,5856,1231,4625
101900006,726,20,706
101900007,445,40,405
101900008,121,208,-87
101900009,61,323,-262
101900010,1098,539,559
101900011,348,1042,-694
101900012,96,284,-188
101900013,1291,133,1158
101900017,34,111,-77
101900018,2004,201,1803
101900019,352,148,204
101900020,104,87,17
101900021,0,53,-53
101900022,68,1513,-1445
101900023,30,305,-275
101900026,99,56,43
101900027,10,112,-102
102000001,1964,3434,-1470
102000002,2597,1434,1163
102000003,2778,4428,-1650
102000004,7260,2679,4581
102000005,1478,1853,-375
102000006,1508,1652,-144
102000007,1286,3708,-2422
102000008,5051,1873,3178
102000009,4035,6251,-2216
102000010,4765,3533,1232
102000011,2598,2303,295
102000012,2985,3374,-389
102000018,3306,2368,938
102000019,2900,1440,1460
102000026,212,835,-623
102000029,420,275,145
102000030,81,333,-252
102000031,41,218,-177
102000032,300,510,-210
102000033,164,505,-341
102000034,468,549,-81
102000035,1033,653,380
102000036,7,438,-431
102000037,143,106,37
102000038,388,93,295
102000039,438,71,367
102000040,762,102,660
102000041,297,286,11
102000042,308,131,177
102000043,391,208,183
102000044,723,706,17
102000045,798,1212,-414
102000046,875,507,368
102000047,483,1381,-898
102000048,281,935,-654
102000049,1191,795,396
102000050,1117,1160,-43
102000051,545,641,-96
102000052,1357,850,507
102000053,1097,907,190
102000054,327,913,-586
102000055,675,1401,-726
102000056,521,1806,-1285
102000057,915,567,348
102000058,901,2650,-1749
102000059,1065,1507,-442
102000060,998,1033,-35
102000061,894,2590,-1696
102000062,1046,1346,-300
102000063,1310,1487,-177
102000064,550,741,-191
102000065,29,151,-122
102000066,952,1658,-706
102000067,2110,2834,-724
102000068,10952,3335,7617
102000069,29,2508,-2479
102000070,2201,72,2129
102000071,7165,9733,-2568
102000072,2751,5962,-3211
102000073,550,1421,-871
102000074,496,916,-420
102000075,137,399,-262
102000076,232,577,-345
102000077,333,1604,-1271
102000078,616,1016,-400
102000079,192,326,-134
102000080,216,224,-8
102000081,247,930,-683
102000082,812,289,523
102000083,317,481,-164
102000084,111,550,-439
102000085,1525,1330,195
102000086,914,1106,-192
102000087,698,1882,-1184
102000088,170,280,-110
102000089,814,475,339
102000090,372,1072,-700
102000091,1295,459,836
102000092,303,851,-548
102000093,777,705,72
102000094,738,583,155
102000095,886,942,-56
102000096,722,662,60
102000097,865,790,75
102000098,547,745,-198
102000099,854,530,324
102000100,1066,857,209
102000101,1290,445,845
102000102,312,3109,-2797
102000103,1235,354,881
102000104,1172,443,729
102000105,241,1060,-819
102000106,493,1150,-657
102000107,633,686,-53
102000108,397,290,107
102000109,308,740,-432
102000110,554,2300,-1746
102000111,5,411,-406
102000112,163,79,84
102000113,19,38,-19
102000114,1393,487,906
102000115,237,179,58
102000116,415,266,149
102000117,192,610,-418
102000118,1785,973,812
102000119,2972,630,2342
102000120,169,598,-429
102000121,788,486,302
102000122,270,838,-568
102000123,1135,861,274
102000124,856,909,-53
102000125,737,807,-70
102000126,508,665,-157
102000127,763,649,114
102000128,439,1052,-613
102000129,643,1020,-377
102000130,314,628,-314
102000131,759,501,258
102000132,282,427,-145
102000133,1027,2450,-1423
102000134,409,782,-373
102000135,1164,1070,94
102000136,1196,476,720
102000137,791,777,14
102000138,163,342,-179
102000139,61,351,-290
102000140,341,285,56
102000141,135,522,-387
102000142,151,423,-272
102000143,67,592,-525
102000144,134,459,-325
102000145,233,450,-217
102000146,197,357,-160
102000147,285,327,-42
102000148,271,293,-22
102000149,158,685,-527
102000150,134,388,-254
102000151,139,421,-282
102000152,79,198,-119
102000153,907,378,529
102000154,585,709,-124
102000155,86,276,-190
102000156,569,56,513
102000157,264,156,108
102000158,668,373,295
102000159,1787,255,1532
102000161,4587,1624,2963
102000162,191,156,35
102000163,81,391,-310
102000164,1013,794,219
102000165,227,133,94
102000166,42,143,-101
102000167,159,153,6
102000168,136,97,39
102000169,90,554,-464
102000170,630,107,523
102000171,154,57,97
102000172,61,275,-214
102000173,461,221,240
102000174,31,69,-38
102000175,127,223,-96
102000176,20,32,-12
102000178,309,702,-393
102000179,310,255,55
102000180,395,769,-374
102000181,303,775,-472
102000182,359,822,-463
102000183,1226,2429,-1203
102000184,1136,898,238
102000185,1425,2171,-746
102000186,736,2344,-1608
102000187,459,2261,-1802
102000188,543,1578,-1035
102000189,3083,1124,1959
102000190,486,2054,-1568
102000191,1197,576,621
102000192,711,1042,-331
102000193,52,229,-177
102000194,98,166,-68
102000195,391,708,-317
102000196,88,725,-637
102000197,341,605,-264
102000198,100,1131,-1031
102000199,407,374,33
102000200,260,1619,-1359
102000201,387,478,-91
102000202,3,165,-162
102000203,186,407,-221
102000204,249,1154,-905
102000205,742,721,21
102000206,595,822,-227
102000207,727,520,207
102000208,301,609,-308
102000209,36,85,-49
102000210,209,629,-420
102000211,465,642,-177
102000212,146,8,138
102000213,0,555,-555
102000214,146,26,120
102000215,5,793,-788
102000216,108,70,38
102000217,10,308,-298
102000218,150,83,67
102000219,554,403,151
102000225,823,888,-65
102000226,3440,786,2654
102000227,99,2,97
102000228,1,131,-130
102000229,20,18,2
102000230,232,698,-466
102000231,251,496,-245
102000232,6,280,-274
102000233,404,668,-264
102000234,139,1150,-1011
102000236,184,90,94
102000237,687,197,490
102000238,120,356,-236
102000240,591,416,175
102000241,126,107,19
102000243,12,55,-43
102000245,29,89,-60
102000246,16,39,-23
102000247,2058,1025,1033
102000248,1073,1008,65
102000249,91,230,-139
102000250,71,639,-568
102000254,39,515,-476
102000266,47,135,-88
102000271,30,19,11
102000286,493,397,96
102000297,1577,1195,382
102000301,0,1,-1
102000303,0,0,0
102000305,0,0,0
102000307,0,3,-3
102900001,1039,1478,-439
102900002,197,18,179
102900003,32,355,-323
102900005,194,401,-207
102900006,434,271,163
102900007,311,29,282
102900008,160,111,49
102900009,395,200,195
102900010,473,425,48
102900011,1863,297,1566
102900012,278,98,180
102900013,27,100,-73
102900015,800,323,477
102900016,30,96,-66
102900017,73,631,-558
102900018,17,200,-183
102900019,360,574,-214
102900020,87,56,31
102900021,23,164,-141
102900022,556,123,433
102900023,27,102,-75
102900024,20,27,-7
102900025,320,132,188
102900026,624,1105,-481
102900027,48,77,-29
102900028,116,585,-469
102900029,166,137,29
102900030,209,259,-50
102900031,110,235,-125
102900032,26,167,-141
102900033,56,139,-83
102900034,238,146,92
102900035,67,594,-527
102900036,167,792,-625
102900037,144,843,-699
102900038,337,691,-354
102900039,138,325,-187
102900040,85,212,-127
102900041,53,217,-164
102900042,119,467,-348
102900043,78,282,-204
102900044,602,2236,-1634
102900045,74,628,-554
102900046,87,364,-277
102900047,72,790,-718
102900048,535,893,-358
102900049,76,440,-364
102900050,241,419,-178
102900051,139,223,-84
102900053,288,811,-523
102900054,918,834,84
102900055,68,93,-25
102900056,132,511,-379
102900057,1,33,-32
102900058,259,48,211
102900059,13,53,-40
102900060,87,486,-399
102900061,85,683,-598
102900062,129,1860,-1731
102900063,647,501,146
102900064,78,448,-370
102900065,2052,425,1627
102900066,264,70,194
102900068,97,90,7
102900070,135,830,-695
102900072,15,41,-26
102900073,158,8,150
102900075,63,44,19
102900076,323,54,269
102900077,49,39,10
102900078,70,93,-23
102900079,281,5,276
102900080,304,19,285
102900081,59,316,-257
102900082,16,314,-298
102900083,284,8,276
102900084,5,23,-18
102900085,159,59,100
102900086,2,50,-48
102900087,87,143,-56
102900088,24,31,-7
102900089,232,138,94
102900090,1,527,-526
102900091,114,0,114
102900092,263,1443,-1180
102900094,1,75,-74
102900095,143,0,143
102900096,20,7,13
102900097,0,106,-106
103000001,2456,3195,-739
103000002,2664,2533,131
103000003,3782,2872,910
103000004,1029,658,371
103000005,2427,2749,-322
103000006,623,1583,-960
103000007,490,917,-427
103000008,1063,1334,-271
103000009,780,873,-93
103000010,238,234,4
103000011,1663,1077,586
103000012,1067,1481,-414
103000013,5186,1788,3398
103000014,1286,1869,-583
103000015,3092,796,2296
103000016,623,950,-327
103000017,171,375,-204
103000018,1283,490,793
103000019,144,169,-25
103000020,1864,1305,559
103000021,1543,1568,-25
103000022,1524,1399,125
103000023,588,1392,-804
103000024,161,202,-41
103000025,87,319,-232
103000026,1666,153,1513
103000027,231,352,-121
103000028,478,361,117
103000029,239,147,92
103000030,1729,605,1124
103000031,1327,1841,-514
103000032,2242,1714,528
103000033,2217,2666,-449
103000034,1275,801,474
103000035,380,1229,-849
103000036,354,484,-130
103000037,553,407,146
103000038,391,920,-529
103000039,172,495,-323
103000040,247,1467,-1220
103000041,1536,2804,-1268
103000042,733,907,-174
103000043,302,1484,-1182
103000044,143,308,-165
103000046,241,444,-203
103000047,601,723,-122
103000048,181,180,1
103000049,70,206,-136
103000050,663,800,-137
103000051,326,613,-287
103000052,754,547,207
103000053,171,586,-415
103000054,1853,1307,546
103000055,1443,1883,-440
103000056,552,2687,-2135
103000057,300,312,-12
103000058,363,1046,-683
103000059,253,879,-626
103000060,660,983,-323
103000061,238,944,-706
103000062,823,932,-109
103000063,498,670,-172
103000064,104,379,-275
103000065,1,395,-394
103000066,73,5,68
103000069,185,398,-213
103000070,715,1557,-842
103000071,773,406,367
103000072,76,1132,-1056
103000073,427,149,278
103000074,470,77,393
103000075,129,981,-852
103000076,199,237,-38
103000077,75,446,-371
103000078,1720,476,1244
103000079,1687,562,1125
103000080,1332,280,1052
103000081,507,900,-393
103000082,456,210,246
103000083,96,367,-271
103000084,146,9,137
103000085,5,80,-75
103000086,972,368,604
103000087,196,417,-221
103000088,463,374,89
103000089,309,452,-143
103000090,1677,1040,637
103000091,488,455,33
103000092,255,272,-17
103000093,253,538,-285
103000094,138,117,21
103000095,34,450,-416
103000096,716,146,570
103000097,54,700,-646
103000098,922,235,687
103000099,390,670,-280
103000100,88,1126,-1038
103000101,464,168,296
103000102,78,947,-869
103000103,443,273,170
103000104,48,167,-119
103000105,79,197,-118
103000106,7,113,-106
103000107,284,60,224
103000108,935,491,444
103000109,400,326,74
103000110,405,393,12
103000111,556,350,206
103000112,297,231,66
103000113,846,778,68
103000114,1632,351,1281
103000115,312,611,-299
103000116,300,706,-406
103000117,237,636,-399
103000118,1870,1076,794
103000119,2387,602,1785
103000120,72,98,-26
103000121,501,958,-457
103000122,522,350,172
103000125,3,559,-556
103000126,373,1,372
103000127,2,265,-263
103000128,102,3,99
103000129,3,184,-181
103000130,41,27,14
103000131,260,109,151
103000132,52,99,-47
103000133,11,155,-144
103000134,706,677,29
103000135,878,231,647
103000136,833,318,515
103000137,775,555,220
103000138,978,636,342
103000139,3,70,-67
103000140,216,26,190
103000141,30,133,-103
103000142,106,72,34
103000143,87,163,-76
103000144,224,114,110
103000145,13,12,1
103000150,99,72,27
103000152,450,261,189
103000153,377,156,221
103000156,3,559,-556
103000157,234,4,230
103000159,39,39,0
103000162,129,30,99
103000163,18,27,-9
103000164,51,15,36
103000165,328,597,-269
103000166,173,176,-3
103000167,166,147,19
103000168,98,176,-78
103000169,161,303,-142
103000170,286,589,-303
103000171,65,63,2
103000172,242,427,-185
103000173,273,1031,-758
103000174,113,384,-271
103000175,136,477,-341
103000176,832,354,478
103000177,793,398,395
103000178,273,288,-15
103000179,174,43,131
103000183,97,32,65
103000185,44,104,-60
103000186,61,174,-113
103000187,234,836,-602
103000188,3,65,-62
103000189,1237,1228,9
103000191,408,600,-192
103000292,2920,941,1979
103000293,1366,1134,232
103000295,94,68,26
103000296,167,0,167
103000297,20,11,9
103000504,28,28,0
103000505,6,10,-4
103000506,2,291,-289
103000507,151,2,149
103000508,60,22,38
103000509,325,616,-291
103900001,0,432,-432
103900002,2029,172,1857
103900003,1900,264,1636
103900004,44,5,39
103900005,4,267,-263
103900006,5,51,-46
103900007,29,17,12
103900008,22,0,22
103900009,151,351,-200
103900010,137,264,-127
103900011,106,252,-146
103900012,10,16,-6
103900013,16,76,-60
103900014,24,16,8
103900015,19,31,-12
103900016,262,274,-12
103900017,26,82,-56
103900018,761,220,541
103900019,36,185,-149
103900020,212,369,-157
103900021,974,236,738
103900022,1000,616,384
103900023,109,1,108
103900024,72,741,-669
103900025,6,51,-45
103900026,55,0,55
103900027,487,304,183
103900028,42,182,-140
103900029,877,145,732
103900030,425,37,388
103900031,11,1,10
103900032,48,55,-7
103900033,55,8,47
103900034,25,387,-362
103900035,47,84,-37
103900036,35,27,8
103900037,49,38,11
103900038,63,117,-54
103900039,26,606,-580
103900040,9,270,-261
103900041,24,41,-17
103900042,27,576,-549
103900043,87,210,-123
103900044,270,179,91
103900045,205,157,48
103900047,24,34,-10
103900048,45,22,23
103900049,217,1570,-1353
103900050,1,53,-52
103900051,1,19,-18
103900052,141,801,-660
103900053,99,1522,-1423
103900054,64,737,-673
103900055,409,280,129
103900056,28,68,-40
103900057,12,358,-346
103900058,96,813,-717
103900059,0,6,-6
103900060,30,342,-312
103900061,57,103,-46
103900062,144,67,77
103900063,1,0,1
103900064,44,3,41
103900065,758,416,342
103900066,74,9,65
103900067,82,5,77
103900068,2,0,2
103900069,65,9,56
103900070,109,360,-251
103900071,19,255,-236
103900072,3,453,-450
103900073,25,12,13
103900074,36,144,-108
103900075,112,123,-11
103900076,320,874,-554
103900077,41,53,-12
103900078,107,136,-29
103900079,71,223,-152
103900080,16,23,-7
103900081,185,37,148
103900082,12,129,-117
103900083,1878,715,1163
103900084,29,143,-114
103900085,71,101,-30
103900086,295,307,-12
103900088,359,233,126
103900089,50,261,-211
103900090,2,334,-332
103900091,1007,277,730
103900092,470,735,-265
103900093,88,382,-294
103900094,6,166,-160
103900095,238,207,31
103900096,11,357,-346
103900097,8,606,-598
103900098,193,78,115
103900099,48,298,-250
103900100,108,481,-373
103900101,52,1045,-993
103900102,0,31,-31
103900104,1,37,-36
103900105,97,238,-141
103900106,1,18,-17
103900107,57,308,-251
103900108,52,522,-470
103900109,33,123,-90
103900110,186,70,116
103900111,44,982,-938
103900112,34,91,-57
103900113,159,214,-55
103900114,551,409,142
103900115,266,138,128
103900116,8696,1920,6776
103900117,286,206,80
103900119,25,33,-8
103900120,45,119,-74
103900122,36,476,-440
103900123,2053,558,1495
103900124,45,730,-685
103900125,80,87,-7
103900126,382,709,-327
103900127,91,1001,-910
103900128,44,314,-270
103900131,17,158,-141
103900133,973,39,934
103900134,0,2,-2
103900135,4,9,-5
103900137,0,72,-72
103900138,50,428,-378
103900139,286,884,-598
103900140,3,44,-41
103900141,241,72,169
103900142,61,268,-207
103900143,20,18,2
103900144,1,89,-88
103900145,121,346,-225
103900146,219,363,-144
103900147,185,115,70
103900148,104,260,-156
103900149,158,841,-683
103900150,8282,2255,6027
103900151,53,233,-180
103900152,197,860,-663
103900153,5,4,1
103900154,1247,1113,134
103900155,19,294,-275
103900156,17,215,-198
103900157,12,307,-295
103900158,32,308,-276
103900159,64,78,-14
103900160,19,21,-2
103900161,59,189,-130
103900162,81,353,-272
103900163,3,572,-569
103900167,8,87,-79
103900168,79,152,-73
103900169,27,47,-20
103900170,3,143,-140
103900171,1,112,-111
103900172,11,68,-57
103900173,10,9,1
103900174,64,46,18
103900175,50,30,20
103900176,8,13,-5
103900177,6,48,-42
103900178,22,156,-134
103900179,27,374,-347
103900180,6,191,-185
103900181,83,75,8
103900182,46,21,25
103900184,809,47,762
103900185,473,137,336
103900187,117,37,80
103900188,46,16,30
103900189,95,6,89
103900190,50,57,-7
103900191,24,26,-2
103900192,35,90,-55
103900193,172,164,8
103900194,90,417,-327
103900195,1,34,-33
103900196,19,13,6
103900197,8,20,-12
103900198,8,63,-55
103900199,94,141,-47
103900200,104,186,-82
103900201,53,190,-137
103900202,2,40,-38
103900203,23,18,5
103900204,2,192,-190
103900207,5,232,-227
103900208,44,0,44
103900209,17,138,-121
103900210,12,37,-25
103900211,278,895,-617
103900212,45,550,-505
103900213,107,208,-101
103900214,369,129,240
103900215,674,230,444
103900216,7,551,-544
103900217,410,110,300
103900218,13,449,-436
103900219,110,473,-363
103900233,50,1,49
103900235,32,17,15
103900236,36,1,35
103900242,5,22,-17
103900243,5,10,-5
103900244,89,413,-324
103900245,102,264,-162
103900246,134,36,98
103900247,44,134,-90
103900248,7,51,-44
103900249,21,36,-15
103900250,78,29,49
103900251,1,44,-43
103900253,36,65,-29
103900254,22,40,-18
103900255,16,17,-1
103900256,39,33,6
103900257,130,162,-32
103900258,49,1,48
103900259,101,4,97
103900261,8,5,3
103900262,22,6,16
103900263,132,107,25
103900264,95,36,59
103900265,114,22,92
103900266,2,54,-52
103900267,3,89,-86
103900268,11,200,-189
103900269,107,57,50
103900270,32,229,-197
103900271,57,275,-218
103900272,63,106,-43
103900273,18,136,-118
103900274,55,9,46
103900275,14,5,9
103900276,3,209,-206
103900277,3,167,-164
103900278,8,75,-67
103900279,1,10,-9
103900280,2,323,-321
104000001,1433,2164,-731
104000002,1739,3784,-2045
104000003,2013,2463,-450
104000004,2974,3315,-341
104000005,1175,2060,-885
104000006,2576,3364,-788
104000007,4540,4553,-13
104000008,238,364,-126
104000009,98,119,-21
104000010,140,237,-97
104000011,1072,450,622
104000012,169,566,-397
104000013,117,172,-55
104000014,263,861,-598
104000015,225,190,35
104000016,604,512,92
104000018,529,193,336
104000019,427,124,303
104000020,286,1014,-728
104000021,307,728,-421
104000022,169,318,-149
104000023,482,452,30
104000024,261,475,-214
104000026,78,368,-290
104000027,289,423,-134
104000028,338,412,-74
104000029,674,774,-100
104000030,238,358,-120
104000031,740,415,325
104000032,223,427,-204
104000033,490,557,-67
104000034,316,498,-182
104000035,545,568,-23
104000036,478,750,-272
104000037,318,388,-70
104000038,270,380,-110
104000039,210,509,-299
104000040,767,560,207
104000041,459,389,70
104000042,199,563,-364
104000043,256,523,-267
104000044,285,1053,-768
104000045,1008,1680,-672
104000046,1665,1849,-184
104000047,618,1670,-1052
104000048,1162,2051,-889
104000049,401,336,65
104000050,173,633,-460
104000051,127,929,-802
104000052,845,1526,-681
104000053,596,1048,-452
104000054,266,465,-199
104000055,3795,2644,1151
104000056,2733,295,2438
104000057,205,713,-508
104000058,555,957,-402
104000059,514,1591,-1077
104000060,659,1367,-708
104000061,1117,1534,-417
104000062,347,428,-81
104000064,401,356,45
104000065,109,498,-389
104000069,793,325,468
104000070,101,334,-233
104000071,231,546,-315
104000072,506,581,-75
104000075,41,343,-302
104000076,477,30,447
104000082,1888,2599,-711
104000083,675,238,437
104000084,106,538,-432
104000085,265,269,-4
104000086,207,540,-333
104000087,381,1009,-628
104000090,494,1860,-1366
104000092,650,3340,-2690
104000094,726,2334,-1608
104000095,1454,1669,-215
104000096,961,350,611
104000097,1200,1503,-303
104000098,1190,1740,-550
104000100,944,873,71
104000101,968,3235,-2267
104000106,266,804,-538
104000107,562,606,-44
104000108,425,699,-274
104000109,235,58,177
104000110,992,1022,-30
104000111,5743,1764,3979
104000112,2455,674,1781
104000116,6,1803,-1797
104000117,76,1586,-1510
104000118,304,277,27
104000119,249,287,-38
104000120,216,1414,-1198
104000121,148,864,-716
104000122,407,640,-233
104000123,795,1422,-627
104000124,1135,3134,-1999
104000125,5719,2935,2784
104000126,239,461,-222
104000127,1545,3969,-2424
104000128,882,535,347
104000129,505,26,479
104000130,14,268,-254
104000131,1154,747,407
104000132,838,1104,-266
104000133,1005,1034,-29
104000134,660,1673,-1013
104000135,283,1287,-1004
104000136,634,2549,-1915
104000137,1276,275,1001
104000138,1340,516,824
104000139,8681,2921,5760
104000141,1079,2419,-1340
104000142,656,1246,-590
104000143,604,1048,-444
104000144,60,220,-160
104000145,385,211,174
104000146,392,753,-361
104000147,111,494,-383
104000148,173,179,-6
104000149,154,520,-366
104000150,489,564,-75
104000151,368,716,-348
104000152,435,862,-427
104000153,320,456,-136
104000154,1118,833,285
104000155,355,486,-131
104000157,970,2202,-1232
104000158,243,346,-103
104000159,420,386,34
104000160,1514,1693,-179
104000161,283,176,107
104000162,77,170,-93
104000165,1863,1095,768
104000167,470,724,-254
104000168,309,5,304
104000169,40,91,-51
104000170,511,345,166
104000248,231,1502,-1271
104000251,127,372,-245
104000272,0,0,0
104000273,0,0,0
104000274,0,0,0
104000275,0,0,0
104000279,536,433,103
104000290,55,460,-405
104000291,607,1352,-745
104000293,705,837,-132
104000294,10,1,9
104000295,428,827,-399
104000296,451,949,-498
104000297,882,1607,-725
104000298,1475,1049,426
104000299,648,1962,-1314
104000302,88,179,-91
104000303,102,183,-81
104900001,118,490,-372
104900002,39,107,-68
104900003,37,414,-377
104900004,41,364,-323
104900005,160,150,10
104900006,120,96,24
104900007,207,305,-98
104900009,92,468,-376
104900010,31,24,7
104900011,6,0,6
104900012,145,12,133
104900013,71,14,57
104900014,1416,217,1199
104900015,109,6,103
104900016,112,367,-255
104900017,73,237,-164
104900018,5,197,-192
104900019,333,1205,-872
104900020,50,292,-242
104900021,2,505,-503
104900022,4,171,-167
104900023,2,222,-220
104900024,15,116,-101
104900025,53,549,-496
104900026,4,222,-218
104900027,229,249,-20
104900028,10,97,-87
104900029,30,181,-151
104900030,310,192,118
104900031,116,195,-79
104900032,44,190,-146
104900033,107,264,-157
104900034,200,98,102
104900035,149,108,41
104900036,103,67,36
104900037,121,471,-350
104900038,601,333,268
104900039,1339,129,1210
104900040,167,88,79
104900041,149,190,-41
104900042,73,508,-435
104900043,17,93,-76
104900044,249,202,47
104900045,307,43,264
104900046,95,143,-48
104900047,152,116,36
104900048,124,86,38
104900049,8,3,5
104900050,114,84,30
104900051,196,31,165
104900052,18,1,17
104900053,239,68,171
104900054,61,51,10
104900055,32,0,32
104900056,199,19,180
104900057,6,1,5
104900058,385,144,241
104900059,41,46,-5
104900060,86,376,-290
104900061,294,584,-290
104900063,13,219,-206
104900064,0,218,-218
104900065,0,150,-150
104900066,2,326,-324
104900067,4,235,-231
104900068,7,198,-191
104900070,123,323,-200
104900071,3,893,-890
104900072,30,202,-172
104900073,36,545,-509
104900074,43,256,-213
104900075,38,126,-88
104900076,43,567,-524
104900077,1886,111,1775
104900078,140,811,-671
104900079,120,206,-86
104900080,54,603,-549
104900082,11,357,-346
104900085,35,401,-366
104900087,242,8,234
104900089,50,0,50
104900090,319,490,-171
104900091,277,713,-436
104900093,222,590,-368
104900097,3813,1312,2501
104900098,61,44,17
104900099,134,427,-293
104900100,997,184,813
104900102,24,335,-311
104900103,362,148,214
104900104,3318,1138,2180
104900106,58,138,-80
104900107,38,479,-441
104900108,31,499,-468
104900109,64,203,-139
104900110,6,69,-63
104900111,127,97,30
104900112,215,1174,-959
104900113,418,526,-108
104900114,245,879,-634
104900115,348,686,-338
104900116,162,328,-166
104900118,6,88,-82
104900119,2,34,-32
104900120,245,120,125
104900121,1,164,-163
104900122,6,144,-138
104900123,14,4,10
104900124,20,0,20
104900125,257,4,253
104900126,57,82,-25
104900127,28,41,-13
104900128,31,40,-9
104900129,2892,1154,1738
105000001,1458,1478,-20
105000002,2502,1982,520
105000003,4065,4131,-66
105000004,474,1408,-934
105000005,1118,1446,-328
105000006,1040,1746,-706
105000007,1081,1476,-395
105000008,973,2252,-1279
105000009,1239,2844,-1605
105000010,3581,3505,76
105000011,1602,2183,-581
105000012,3502,3761,-259
105000013,637,1089,-452
105000014,1039,1900,-861
105000015,7682,6030,1652
105000016,4133,1791,2342
105000017,2025,1197,828
105000018,1472,966,506
105000019,1511,1038,473
105000020,262,313,-51
105000021,325,149,176
105000022,151,39,112
105000023,385,247,138
105000028,108,253,-145
105000029,454,1046,-592
105000030,3976,4206,-230
105000031,3,16,-13
105000033,899,2603,-1704
105000034,232,543,-311
105000037,570,743,-173
105000038,1125,1174,-49
105000039,2462,1756,706
105000040,492,762,-270
105000041,404,1476,-1072
105000042,1597,1137,460
105000043,1667,2133,-466
105000044,303,374,-71
105000045,260,996,-736
105000046,668,406,262
105000047,482,1620,-1138
105000048,425,220,205
105000049,269,966,-697
105000050,377,423,-46
105000051,266,805,-539
105000052,360,1143,-783
105000053,170,290,-120
105000054,216,1344,-1128
105000055,395,501,-106
105000056,752,3713,-2961
105000057,1035,1272,-237
105000058,1494,1852,-358
105000059,648,690,-42
105000060,690,961,-271
105000061,357,495,-138
105000062,1081,1456,-375
105000063,409,1016,-607
105000064,1140,761,379
105000065,510,1506,-996
105000066,1051,2806,-1755
105000067,767,547,220
105000068,795,1141,-346
105000069,4316,911,3405
105000070,1105,736,369
105000071,369,644,-275
105000072,1263,1397,-134
105000073,753,607,146
105000074,804,1059,-255
105000075,648,895,-247
105000076,1424,1182,242
105000077,1894,739,1155
105000078,1566,1379,187
105000079,1540,1468,72
105000080,1630,1001,629
105000081,1952,959,993
105000082,666,443,223
105000083,1224,676,548
105000084,855,1108,-253
105000085,1214,993,221
105000086,700,1151,-451
105000087,3565,2275,1290
105000088,1388,1571,-183
105000089,3048,2469,579
105000090,674,915,-241
105000091,1415,1895,-480
105000092,588,1272,-684
105000093,337,169,168
105000094,270,241,29
105000095,109,398,-289
105000096,1175,622,553
105000097,1396,851,545
105000098,730,585,145
105000099,975,1158,-183
105000100,729,1476,-747
105000101,1616,2519,-903
105000102,907,1922,-1015
105000103,1104,2678,-1574
105000104,1403,1417,-14
105000105,913,2679,-1766
105000106,888,1981,-1093
105000107,677,1388,-711
105000108,960,2785,-1825
105000109,1035,2194,-1159
105000110,629,1279,-650
105000111,686,708,-22
105000112,1051,1104,-53
105000113,376,616,-240
105000114,5489,1345,4144
105000115,337,841,-504
105000116,609,483,126
105000117,875,2011,-1136
105000118,210,433,-223
105000119,402,1761,-1359
105000120,465,702,-237
105000121,683,1736,-1053
105000122,261,524,-263
105000123,1109,2098,-989
105000124,1110,1248,-138
105000125,562,2675,-2113
105000126,1694,3043,-1349
105000127,2256,2236,20
105000128,458,2053,-1595
105000129,700,538,162
105000130,119,1342,-1223
105000131,704,454,250
105000132,644,458,186
105000133,323,1391,-1068
105000134,529,552,-23
105000135,444,808,-364
105000136,118,405,-287
105000137,256,213,43
105000138,241,445,-204
105000139,890,1257,-367
105000140,234,575,-341
105000141,193,835,-642
105000142,134,691,-557
105000143,248,1002,-754
105000144,348,971,-623
105000145,497,630,-133
105000146,742,1044,-302
105000147,485,470,15
105000148,866,994,-128
105000149,1553,2160,-607
105000150,2008,1867,141
105000151,400,424,-24
105000152,197,913,-716
105000153,633,528,105
105000154,603,1534,-931
105000155,244,632,-388
105000156,824,1371,-547
105000157,749,3183,-2434
105000158,1615,992,623
105000159,320,1955,-1635
105000160,1395,809,586
105000161,839,2713,-1874
105000162,715,1521,-806
105000163,2173,1723,450
105000164,177,426,-249
105000165,2494,4068,-1574
105000166,9928,382,9546
105000167,4399,1263,3136
105000168,187,1258,-1071
105000169,267,482,-215
105000170,71,1578,-1507
105000171,1022,469,553
105000172,42,74,-32
105000173,32,29,3
105000174,26,42,-16
105000175,29,167,-138
105000176,126,83,43
105000177,210,139,71
105000178,87,1015,-928
105000179,148,119,29
105000180,100,115,-15
105000181,56,731,-675
105000182,58,64,-6
105000183,3290,1914,1376
105000184,971,808,163
105000185,740,614,126
105000186,318,978,-660
105000187,519,239,280
105000188,214,94,120
105000189,156,576,-420
105000190,209,281,-72
105000191,359,465,-106
105000192,152,87,65
105000193,64,173,-109
105000194,353,59,294
105000195,221,1277,-1056
105000196,62,128,-66
105000197,218,828,-610
105000198,657,282,375
105000199,386,359,27
105000200,90,222,-132
105000201,109,19,90
105000203,9,571,-562
105000204,66,89,-23
105000205,84,391,-307
105000207,464,212,252
105000208,187,400,-213
105000209,202,337,-135
105000211,114,7,107
105000212,843,2226,-1383
105000213,148,171,-23
105000214,45,254,-209
105000215,135,309,-174
105000216,79,314,-235
105000217,101,315,-214
105000218,611,1364,-753
105000221,213,360,-147
105000222,131,91,40
105000223,109,223,-114
105000226,38,549,-511
105000227,36,296,-260
105000228,479,829,-350
105000229,75,235,-160
105000231,200,392,-192
105000233,531,582,-51
105000234,432,1425,-993
105000235,308,579,-271
105000237,741,92,649
105000243,19,89,-70
105000248,58,52,6
105000262,184,2432,-2248
105000269,77,233,-156
105000270,292,129,163
105000271,2,473,-471
105000282,250,58,192
105000287,275,193,82
105000288,349,587,-238
105000289,1943,844,1099
105000290,6,3,3
105000402,5508,1636,3872
105000426,363,485,-122
105000438,1921,933,988
105000440,16,32,-16
105000446,15658,5039,10619
105000447,8225,2944,5281
105000454,234,1167,-933
105000455,316,308,8
105000474,16,0,16
105000477,225,434,-209
105000478,1405,2248,-843
105000479,146,82,64
105000480,3043,1925,1118
105000481,2362,2081,281
105000482,4840,3067,1773
105000483,1173,1213,-40
105000484,2454,2788,-334
105000485,950,1324,-374
105000486,3381,2413,968
105000488,4685,3060,1625
105000489,704,896,-192
105000549,29,131,-102
105000550,523,1581,-1058
105000551,19,136,-117
105000552,4234,2197,2037
105000555,1204,585,619
105000556,36,40,-4
105000557,56,392,-336
105900001,6,892,-886
105900002,2143,409,1734
105900003,10,88,-78
105900004,171,128,43
105900005,4,311,-307
105900006,4,34,-30
105900007,24,13,11
105900008,40,1048,-1008
105900009,9,14,-5
105900011,82,33,49
105900012,237,129,108
105900013,2,25,-23
105900014,6,113,-107
105900015,94,397,-303
105900016,199,793,-594
105900017,623,58,565
105900018,202,424,-222
105900019,37,433,-396
105900020,24,84,-60
105900021,39,253,-214
105900022,169,386,-217
105900023,3,126,-123
105900024,3,108,-105
105900025,55,51,4
105900026,308,64,244
105900027,3968,2268,1700
105900028,98,179,-81
105900029,1854,256,1598
105900030,149,203,-54
105900031,498,168,330
105900032,46,114,-68
105900033,65,120,-55
105900034,90,263,-173
105900035,137,170,-33
105900036,57,179,-122
105900037,54,84,-30
105900038,158,407,-249
105900039,82,245,-163
105900040,46,80,-34
105900041,161,633,-472
105900042,31,93,-62
105900043,2236,39,2197
105900044,1,141,-140
105900045,0,457,-457
105900046,3,180,-177
105900047,1,31,-30
105900048,48,526,-478
105900050,1362,450,912
105900051,4,1281,-1277
105900052,218,42,176
105900053,4279,1412,2867
105900054,251,340,-89
105900056,792,199,593
105900057,16,123,-107
105900058,23,44,-21
105900059,0,40,-40
106000001,3678,1695,1983
106000002,3133,5574,-2441
106000003,3119,2934,185
106000004,2990,2947,43
106000005,2133,5039,-2906
106000006,5791,5616,175
106000007,412,530,-118
106000008,269,366,-97
106000009,367,291,76
106000010,416,581,-165
106000011,606,998,-392
106000012,719,1910,-1191
106000013,1582,1683,-101
106000014,1937,1881,56
106000015,1025,1014,11
106000016,1140,3110,-1970
106000017,750,673,77
106000018,604,763,-159
106000019,281,469,-188
106000020,212,577,-365
106000021,316,570,-254
106000022,359,346,13
106000023,619,606,13
106000024,654,809,-155
106000025,112,237,-125
106000026,153,295,-142
106000027,1003,1540,-537
106000028,476,822,-346
106000029,1002,1958,-956
106000030,1021,373,648
106000034,178,729,-551
106000035,1137,1194,-57
106000036,302,376,-74
106000037,2019,2029,-10
106000038,454,100,354
106000039,180,59,121
106000040,189,1050,-861
106000041,1011,307,704
106000043,703,148,555
106000046,517,59,458
106000047,82,473,-391
106000049,556,158,398
106000050,317,1148,-831
106000051,435,501,-66
106000052,143,764,-621
106000053,181,132,49
106000054,391,662,-271
106000055,704,1372,-668
106000056,247,603,-356
106000057,178,278,-100
106000058,168,250,-82
106000059,256,309,-53
106000060,647,770,-123
106000061,215,532,-317
106000062,169,854,-685
106000063,676,723,-47
106000064,50,525,-475
106000065,307,265,42
106000066,152,499,-347
106000067,274,147,127
106000068,98,874,-776
106000069,155,102,53
106000070,395,955,-560
106000071,836,484,352
106000072,6531,1931,4600
106000073,2131,2452,-321
106000074,369,923,-554
106000075,311,1303,-992
106000076,1810,1976,-166
106000077,4126,1715,2411
106000078,732,1309,-577
106000079,556,1248,-692
106000080,1135,1143,-8
106000081,700,1307,-607
106000082,2243,1114,1129
106000083,390,1445,-1055
106000084,1001,787,214
106000085,1762,1307,455
106000086,648,828,-180
106000087,946,774,172
106000088,386,910,-524
106000089,868,655,213
106000090,282,682,-400
106000091,312,1082,-770
106000092,713,261,452
106000093,358,94,264
106000094,60,371,-311
106000095,644,1786,-1142
106000096,867,902,-35
106000097,805,1867,-1062
106000098,589,1228,-639
106000099,186,1256,-1070
106000100,796,381,415
106000101,734,365,369
106000102,143,783,-640
106000103,294,900,-606
106000104,723,535,188
106000105,474,1325,-851
106000106,543,620,-77
106000107,146,789,-643
106000108,289,545,-256
106000109,130,631,-501
106000110,116,412,-296
106000111,189,1021,-832
106000112,163,539,-376
106000113,1679,901,778
106000114,426,498,-72
106000115,281,691,-410
106000116,224,327,-103
106000117,894,1022,-128
106000118,997,1043,-46
106000119,3240,1449,1791
106000120,510,763,-253
106000121,203,303,-100
106000122,157,530,-373
106000123,213,465,-252
106000124,33,534,-501
106000125,84,481,-397
106000126,200,337,-137
106000127,656,1278,-622
106000128,673,561,112
106000129,498,900,-402
106000130,627,678,-51
106000131,196,1112,-916
106000132,1126,223,903
106000133,5927,1448,4479
106000134,1265,1133,132
106000135,421,1519,-1098
106000136,764,736,28
106000137,126,3059,-2933
106000138,875,127,748
106000139,69,189,-120
106000140,46,170,-124
106000141,81,168,-87
106000142,60,101,-41
106000143,35,165,-130
106000144,36,98,-62
106000145,221,407,-186
106000146,257,281,-24
106000147,678,1625,-947
106000148,827,1578,-751
106000149,468,1308,-840
106000150,543,2203,-1660
106000151,7756,916,6840
106000152,1711,1529,182
106000153,119,1781,-1662
106000154,1963,382,1581
106000155,80,312,-232
106000156,458,377,81
106000157,620,2267,-1647
106000158,4195,856,3339
106000159,6305,1452,4853
106000160,354,1763,-1409
106000161,1728,703,1025
106000162,137,728,-591
106000163,254,822,-568
106000164,197,359,-162
106000165,206,1115,-909
106000166,644,234,410
106000167,313,2042,-1729
106000168,231,241,-10
106000169,128,1089,-961
106000170,297,329,-32
106000171,76,1409,-1333
106000172,1974,994,980
106000173,821,3938,-3117
106000174,645,335,310
106000175,251,1333,-1082
106000176,863,892,-29
106000177,562,2975,-2413
106000178,2094,2075,19
106000179,899,2524,-1625
106000180,553,2370,-1817
106000181,455,2617,-2162
106000182,506,977,-471
106000183,610,1572,-962
106000184,578,1579,-1001
106000185,486,1049,-563
106000186,764,127,637
106000187,208,824,-616
106000188,0,0,0
106000189,8,74,-66
106000190,2,0,2
106000191,486,187,299
106000192,0,16,-16
106000193,319,154,165
106000194,111,239,-128
106000195,156,79,77
106000196,53,342,-289
106000197,259,417,-158
106000198,99,266,-167
106000199,890,370,520
106000200,648,147,501
106000201,525,1431,-906
106000202,9498,651,8847
106000203,316,272,44
106000204,55,9,46
106000205,20,208,-188
106000206,64,30,34
106000207,42,996,-954
106000208,664,132,532
106000209,848,409,439
106000210,232,1825,-1593
106000211,331,2200,-1869
106000212,616,227,389
106000213,796,1669,-873
106000214,2832,549,2283
106000215,303,750,-447
106000216,393,381,12
106000217,341,669,-328
106000218,627,370,257
106000219,185,396,-211
106000220,428,298,130
106000221,98,335,-237
106000222,33,197,-164
106000223,98,124,-26
106000224,198,390,-192
106000225,73,60,13
106000226,187,381,-194
106000228,43,204,-161
106000229,129,1027,-898
106000231,744,195,549
106000232,53,592,-539
106000233,194,228,-34
106000234,36,238,-202
106000235,272,75,197
106000236,186,83,103
106000237,2,6,-4
106000238,27,9,18
106000239,0,152,-152
106000240,21,3,18
106000241,15,829,-814
106000242,215,30,185
106000249,98,119,-21
106000250,33,386,-353
106000251,29,48,-19
106000252,12,157,-145
106000253,41,71,-30
106000254,24,88,-64
106000255,18,87,-69
106000256,75,116,-41
106000257,96,302,-206
106000258,108,21,87
106000259,1,35,-34
106000260,16,9,7
106000261,0,50,-50
106000262,49,13,36
106000263,9,110,-101
106000264,168,19,149
106000265,5,158,-153
106000266,79,17,62
106000267,1,90,-89
106000268,539,30,509
106000269,113,75,38
106000270,195,399,-204
106000271,40,147,-107
106000272,101,53,48
106000273,6,230,-224
106000274,171,53,118
106000275,179,231,-52
106000276,123,67,56
106000277,168,199,-31
106000278,148,50,98
106000279,9,111,-102
106000280,32,314,-282
106000281,80,137,-57
106000282,93,71,22
106000283,107,166,-59
106000284,36,136,-100
106000285,108,234,-126
106000286,88,188,-100
106000287,122,141,-19
106000288,106,211,-105
106000289,76,131,-55
106000290,76,139,-63
106000291,83,196,-113
106000292,69,179,-110
106000293,91,126,-35
106000294,153,204,-51
106000295,36,72,-36
106000296,58,177,-119
106000297,70,319,-249
106000298,160,67,93
106000299,98,205,-107
106000300,46,139,-93
106000301,57,138,-81
106000303,21,79,-58
106000304,30,66,-36
106000305,20,42,-22
106000306,52,129,-77
106000307,24,17,7
106000308,19,221,-202
106000309,17,97,-80
106000310,229,849,-620
106000311,301,159,142
106000312,81,325,-244
106000313,166,251,-85
106000318,162,202,-40
106000319,618,131,487
106000320,3,37,-34
106000321,360,88,272
106000322,102,266,-164
106000324,1,249,-248
106000325,1110,830,280
106000326,1024,2228,-1204
106000327,81,213,-132
106000328,1,83,-82
106000329,58,400,-342
106000330,22,53,-31
106000428,44,236,-192
106000429,116,940,-824
106000430,522,2117,-1595
106000431,1619,404,1215
106000432,2372,4021,-1649
106000433,1659,1109,550
106000434,2703,1049,1654
106000435,2425,3758,-1333
106000436,6,462,-456
106000437,196,34,162
106000438,118,91,27
106000439,19,522,-503
106000440,230,649,-419
106000441,0,0,0
106000442,234,5,229
106000443,85,698,-613
106000450,5,305,-300
106000451,33,25,8
106000454,10,164,-154
106000455,43,294,-251
106000456,222,26,196
106000457,10,1571,-1561
106000458,240,399,-159
106000459,75,546,-471
106000460,592,73,519
106000461,76,2733,-2657
106000462,0,26,-26
106000463,1,65,-64
106000464,2,887,-885
106000465,203,1,202
106000466,5,980,-975
106000467,742,632,110
106000468,47,308,-261
106000469,547,6,541
106000470,262,1362,-1100
106000471,39,1014,-975
106000472,69,9,60
106000473,28,38,-10
106000474,400,1466,-1066
106000475,294,320,-26
106000476,216,186,30
106000477,38,242,-204
106000480,0,142,-142
106900001,1,41,-40
106900002,5,920,-915
106900003,216,1164,-948
106900004,2,123,-121
106900006,0,52,-52
106900007,0,42,-42
106900008,178,418,-240
106900009,219,756,-537
106900010,274,491,-217
106900012,3016,1698,1318
106900013,498,73,425
106900014,23,3,20
106900015,9,0,9
106900016,140,3,137
106900017,4,1,3
106900018,0,0,0
106900019,15,6,9
106900020,3877,1219,2658
106900021,36,154,-118
106900022,265,0,265
106900023,12,354,-342
106900024,291,15,276
106900025,55,952,-897
106900026,7,1139,-1132
106900027,564,7,557
107000001,2591,2010,581
107000002,3612,4056,-444
107000003,3005,4602,-1597
107000004,4675,6093,-1418
107000005,1809,3592,-1783
107000006,3494,7449,-3955
107000007,3302,6164,-2862
107000008,14925,11441,3484
107000009,3647,4488,-841
107000010,9311,11399,-2088
107000011,1282,1424,-142
107000012,4864,4473,391
107000013,41,188,-147
107000014,18,437,-419
107000015,439,1055,-616
107000016,461,1420,-959
107000017,2036,896,1140
107000018,11,241,-230
107000020,952,365,587
107000021,771,833,-62
107000022,690,1269,-579
107000023,1250,395,855
107000024,405,1938,-1533
107000025,147,477,-330
107000026,178,866,-688
107000027,822,1031,-209
107000028,984,2249,-1265
107000029,1609,1910,-301
107000030,3395,4277,-882
107000031,2313,1855,458
107000032,417,1004,-587
107000033,4004,4014,-10
107000034,5736,2509,3227
107000035,355,231,124
107000036,500,1295,-795
107000037,41,679,-638
107000038,212,250,-38
107000039,520,549,-29
107000040,152,338,-186
107000041,1550,774,776
107000042,658,1736,-1078
107000043,3435,956,2479
107000044,711,331,380
107000045,155,341,-186
107000046,611,442,169
107000047,444,1044,-600
107000048,692,342,350
107000049,616,840,-224
107000050,924,639,285
107000051,839,391,448
107000052,1110,907,203
107000053,351,190,161
107000054,79,319,-240
107000055,450,185,265
107000056,623,875,-252
107000057,2878,316,2562
107000058,1781,2220,-439
107000059,1535,2295,-760
107000060,2730,4751,-2021
107000061,5163,5232,-69
107000062,2652,2657,-5
107000063,4203,7708,-3505
107000064,3017,1875,1142
107000065,5238,8490,-3252
107000066,1152,1807,-655
107000067,764,803,-39
107000068,1280,536,744
107000069,757,425,332
107000070,415,4,411
107000071,1580,26,1554
107000072,47,4574,-4527
107000073,369,178,191
107000074,146,1206,-1060
107000075,933,364,569
107000076,992,1757,-765
107000077,2007,838,1169
107000078,2038,3399,-1361
107000079,1512,600,912
107000080,1220,3443,-2223
107000081,736,539,197
107000082,524,3160,-2636
107000083,682,247,435
107000084,401,3029,-2628
107000085,2184,2830,-646
107000086,3253,3288,-35
107000087,2229,1716,513
107000088,2410,3813,-1403
107000089,1239,1567,-328
107000090,1094,1370,-276
107000091,932,917,15
107000092,741,1462,-721
107000093,982,754,228
107000094,862,1682,-820
107000095,415,785,-370
107000096,536,1383,-847
107000097,465,386,79
107000098,481,1439,-958
107000099,400,246,154
107000100,349,431,-82
107000101,47,201,-154
107000102,466,499,-33
107000103,329,226,103
107000104,347,578,-231
107000105,310,149,161
107000106,189,454,-265
107000107,459,235,224
107000108,194,1143,-949
107000109,410,166,244
107000110,93,1001,-908
107000111,150,68,82
107000112,37,722,-685
107000113,518,134,384
107000114,102,1323,-1221
107000115,433,104,329
107000116,115,1345,-1230
107000117,118,327,-209
107000118,204,432,-228
107000119,2322,1347,975
107000120,4349,405,3944
107000121,502,901,-399
107000122,1203,1025,178
107000123,249,1014,-765
107000124,472,1117,-645
107000125,474,1187,-713
107000126,644,1275,-631
107000129,192,1696,-1504
107000130,346,248,98
107000131,418,1082,-664
107000132,458,317,141
107000133,375,149,226
107000134,164,2,162
107000135,4,263,-259
107000136,407,5,402
107000137,16,517,-501
107000138,243,20,223
107000139,17,400,-383
107000140,773,51,722
107000141,144,968,-824
107000142,297,64,233
107000143,43,996,-953
107000144,234,297,-63
107000145,152,670,-518
107000146,152,212,-60
107000147,4653,1197,3456
107000150,964,1631,-667
107000151,49,61,-12
107000152,703,596,107
107000153,734,464,270
107000154,276,137,139
107000155,470,15,455
107000156,675,17,658
107000157,29,2582,-2553
107000158,299,22,277
107000159,77,2190,-2113
107000160,419,74,345
107000161,81,2637,-2556
107000162,165,254,-89
107000163,44,1,43
107000164,210,0,210
107000165,393,7,386
107000166,35,1830,-1795
107000167,410,357,53
107000168,542,325,217
107000169,1254,911,343
107000170,856,538,318
107000171,384,3188,-2804
107000172,504,744,-240
107000173,621,1613,-992
107000174,607,2452,-1845
107000175,10460,1756,8704
107000176,5,0,5
107000177,1,5,-4
107000178,5,72,-67
107000179,253,3887,-3634
107000180,825,406,419
107000181,442,1903,-1461
107000182,1146,1125,21
107000183,120,1150,-1030
107000184,709,964,-255
107000185,469,1362,-893
107000186,766,373,393
107000187,893,1510,-617
107000188,317,542,-225
107000189,265,1062,-797
107000190,404,1129,-725
107000191,607,1408,-801
107000192,1163,1470,-307
107000193,286,362,-76
107000194,1010,998,12
107000197,675,224,451
107000198,345,977,-632
107000199,553,612,-59
107000200,1349,635,714
107000201,312,184,128
107000202,238,448,-210
107000203,600,422,178
107000204,878,507,371
107000205,1777,928,849
107000206,719,865,-146
107000207,735,979,-244
107000208,1010,329,681
107000209,1926,835,1091
107000210,865,407,458
107000211,20,33,-13
107000212,5,322,-317
107000213,9,34,-25
107000214,7,193,-186
107000215,235,515,-280
107000216,189,567,-378
107000217,92,129,-37
107000219,52,95,-43
107000220,121,345,-224
107000222,197,739,-542
107000224,147,58,89
107000225,147,742,-595
107000226,146,90,56
107000227,77,516,-439
107000228,121,214,-93
107000229,590,117,473
107000230,1209,638,571
107000231,1612,746,866
107000232,114,198,-84
107000233,1364,604,760
107000234,0,28,-28
107000235,45,4,41
107000236,9,313,-304
107000237,5,0,5
107000238,16,0,16
107000239,6821,520,6301
107000240,50,1606,-1556
107000243,0,66,-66
107000244,9,72,-63
107000246,2,1254,-1252
107000249,3,1427,-1424
107000251,3,333,-330
107000252,4,1630,-1626
107000255,1014,85,929
107000257,4,736,-732
107000258,1,242,-241
107000259,3,303,-300
107000260,326,0,326
107000262,18,1090,-1072
107000263,187,11,176
107000266,8,8,0
107000267,69,296,-227
107000268,116,214,-98
107000269,357,35,322
107000270,1,6,-5
107000271,15,1318,-1303
107000272,8,269,-261
107000273,0,329,-329
107000274,526,9,517
107000275,254,968,-714
107000280,362,16,346
107000281,32,1617,-1585
107000282,27,1650,-1623
107000290,1,25,-24
107000291,11,16,-5
107000292,1,57,-56
107000293,57,13,44
107000294,0,23,-23
107000295,17,3,14
107000296,0,26,-26
107000444,177,3,174
107000496,0,33,-33
107000497,1373,3639,-2266
107000500,266,397,-131
107000501,138,282,-144
107000502,224,470,-246
107000505,1100,874,226
107000506,0,10,-10
107000508,10,842,-832
107000509,176,446,-270
107000510,16,18,-2
107000514,29,231,-202
107000515,25,386,-361
107000516,262,213,49
107000518,892,679,213
107000519,5652,1258,4394
107000520,51,20,31
107000521,454,617,-163
107000522,523,1285,-762
107900001,31,311,-280
107900002,27,1,26
107900003,59,107,-48
107900004,8,1,7
107900005,468,1,467
107900006,52,0,52
107900007,179,13,166
107900008,51,70,-19
107900009,111,4,107
107900010,9,0,9
107900012,305,22,283
107900013,319,97,222
107900014,13,6,7
107900015,425,2,423
107900016,284,71,213
107900017,12,3,9
107900018,56,77,-21
107900019,9,101,-92
107900020,49,6,43
107900021,37,214,-177
107900023,2,3,-1
107900024,0,27,-27
107900025,141,282,-141
107900026,18,171,-153
107900027,86,35,51
107900028,22,112,-90
107900030,162,21,141
107900031,47,460,-413
107900032,2,8,-6
107900033,10,5,5
107900034,220,10,210
107900035,396,14,382
107900036,12,5,7
107900037,3,63,-60
107900038,193,93,100
107900039,10,106,-96
107900040,21,44,-23
107900041,1,1,0
107900043,60,397,-337
107900044,3,6,-3
107900045,56,13,43
107900046,85,82,3
107900047,7,100,-93
107900048,103,3,100
107900049,378,452,-74
107900050,108,383,-275
107900051,34,147,-113
107900052,12,11,1
107900053,17,91,-74
107900055,503,205,298
107900056,84,25,59
107900057,0,0,0
107900058,28,847,-819
107900060,8,50,-42
107900061,16,2,14
107900063,91,179,-88
107900064,270,48,222
107900065,107,8,99
107900066,4,9,-5
107900067,0,0,0
107900068,139,177,-38
107900069,37,706,-669
107900070,47,14,33
107900071,35,1116,-1081
107900072,45,264,-219
107900073,25,176,-151
107900074,1189,205,984
107900076,255,63,192
107900077,47,1,46
107900079,10,14,-4
107900080,89,158,-69
107900081,15,124,-109
107900082,19,32,-13
107900083,241,133,108
107900084,97,95,2
107900086,60,88,-28
107900087,397,86,311
107900088,10,9,1
107900089,233,719,-486
107900090,431,1007,-576
107900091,183,625,-442
107900093,68,98,-30
107900095,3059,1276,1783
107900097,27,74,-47
107900098,39,151,-112
107900100,971,672,299
107900101,1147,187,960
107900102,12,3,9
107900103,51,149,-98
107900104,170,5,165
107900105,1,818,-817
107900106,7,1882,-1875
107900107,1062,178,884
107900108,372,110,262
107900109,546,7,539
107900110,16,184,-168
107900111,20,1449,-1429
107900112,180,380,-200
107900113,88,194,-106
107900114,79,320,-241
107900115,4,71,-67
107900116,39,326,-287
107900117,213,551,-338
107900118,65,165,-100
107900119,38,90,-52
107900120,8,13,-5
107900121,1,126,-125
107900122,1,34,-33
107900123,0,26,-26
107900124,18,27,-9
107900125,30,164,-134
107900126,2,42,-40
107900127,362,103,259
107900128,122,79,43
107900129,26,82,-56
107900130,23,40,-17
107900131,514,112,402
107900132,113,495,-382
107900133,2,75,-73
107900134,9,16,-7
107900135,4,225,-221
107900136,35,27,8
107900137,75,93,-18
107900138,32,28,4
107900139,13,35,-22
107900141,23,32,-9
107900142,57,1340,-1283
107900143,34,34,0
107900144,1,215,-214
107900145,5,107,-102
107900146,19,147,-128
107900147,42,31,11
107900148,164,164,0
107900149,2074,221,1853
107900150,86,1233,-1147
107900151,9,107,-98
107900152,14,297,-283
107900153,161,270,-109
107900154,14,11,3
107900155,32,23,9
107900156,5,498,-493
107900157,18,108,-90
107900158,341,25,316
107900159,18,1529,-1511
107900160,44,187,-143
107900161,15,376,-361
107900162,1,53,-52
107900163,37,21,16
107900164,2,27,-25
107900165,14,55,-41
107900166,16,414,-398
107900167,8,3,5
107900168,15,53,-38
107900169,5,151,-146
107900171,8,2861,-2853
107900172,2,370,-368
107900173,6,291,-285
107900174,59,6,53
107900175,26,9,17
107900176,19,54,-35
107900177,1,22,-21
107900178,0,290,-290
107900179,5,171,-166
107900180,1264,213,1051
107900181,218,689,-471
107900182,5,2154,-2149
107900183,23,494,-471
107900184,83,234,-151
107900185,56,8,48
107900186,4,25,-21
107900187,0,118,-118
107900188,1045,117,928
107900189,10,144,-134
107900190,99,45,54
107900191,58,190,-132
107900193,43,38,5
107900194,80,10,70
107900195,5015,521,4494
107900196,37,54,-17
107900197,800,190,610
107900199,3,1309,-1306
107900201,92,160,-68
107900203,49,56,-7
107900204,265,260,5
107900206,374,162,212
107900207,2,720,-718
107900208,6,859,-853
107900209,370,134,236
107900210,86,207,-121
107900213,418,414,4
107900214,3,222,-219
107900215,188,276,-88
107900216,97,79,18
107900217,13,51,-38
107900218,29,1928,-1899
107900219,37,227,-190
107900220,134,112,22
107900221,179,243,-64
107900223,64,824,-760
107900224,203,271,-68
107900225,15,1162,-1147
107900226,57,111,-54
107900227,126,491,-365
107900228,10,103,-93
107900229,3,443,-440
107900230,29,222,-193
107900231,7,256,-249
107900232,39,292,-253
107900233,2,116,-114
107900234,76,195,-119
107900235,35,79,-44
107900236,57,94,-37
107900237,154,547,-393
107900238,14,125,-111
107900239,1957,328,1629
107900240,2,211,-209
107900241,10,105,-95
107900242,31,609,-578
107900243,1,59,-58
107900244,306,3,303
107900245,183,48,135
107900246,54,1,53
107900248,182,382,-200
107900249,269,7,262
107900250,0,641,-641
107900251,63,1674,-1611
107900252,363,10,353
107900253,75,0,75
107900254,52,119,-67
107900255,318,42,276
107900256,447,437,10
107900257,63,41,22
107900258,54,269,-215
107900259,100,778,-678
107900261,3,521,-518
107900262,40,179,-139
107900264,123,3,120
107900265,75,258,-183
107900267,92,15,77
107900268,62,13,49
107900269,1,6,-5
107900270,0,0,0
107900271,5,1,4
107900272,145,8,137
107900273,15,129,-114
107900274,24,0,24
107900275,12,0,12
107900276,0,73,-73
107900277,0,249,-249
107900278,129,329,-200
107900279,185,108,77
107900280,1781,1297,484
107900281,4911,1119,3792
107900282,152,183,-31
107900283,1348,339,1009
107900284,190,900,-710
107900285,35,232,-197
107900286,117,113,4
107900287,75,194,-119
107900290,0,91,-91
107900291,367,21,346
107900292,99,363,-264
107900293,44,853,-809
107900295,84,191,-107
107900297,2,272,-270
107900298,890,1147,-257
107900299,4838,2176,2662
107900301,388,353,35
107900302,104,22,82
107900303,52,470,-418
107900304,139,657,-518
107900305,136,3,133
107900306,12,8,4
107900307,31,430,-399
107900308,224,31,193
107900309,59,0,59
107900310,34,1,33
107900311,220,98,122
107900312,9,0,9
107900313,1,64,-63
107900314,1,46,-45
107900315,1,43,-42
107900316,38,0,38
107900317,81,3,78
107900318,6,129,-123
107900319,3,287,-284
107900320,2,192,-190
107900321,55,1,54
107900322,5,261,-256
107900323,14,181,-167
107900324,117,3,114
107900325,43,0,43
107900326,99,445,-346
107900327,0,3,-3
107900328,6,0,6
107900329,3,3,0
107900330,4,642,-638
107900331,76,39,37
107900332,123,51,72
107900333,29,15,14
107900334,5,392,-387
107900335,32,55,-23
107900336,20,39,-19
107900337,1652,445,1207
107900338,3,105,-102
107900339,1,13,-12
107900340,1,42,-41
107900341,19,0,19
107900342,132,170,-38
107900343,26,2,24
107900344,3,216,-213
107900345,76,28,48
107900346,25,1,24
107900347,21,2,19
107900348,21,21,0
107900349,49,1,48
107900350,31,279,-248
107900351,5,314,-309
107900352,27,132,-105
107900353,8,5,3
107900354,6,99,-93
108000001,2140,3140,-1000
108000002,1752,2963,-1211
108000003,2253,2023,230
108000004,16493,15408,1085
108000005,5298,3690,1608
108000006,7994,7933,61
108000007,3593,3218,375
108000008,5582,6480,-898
108000009,2856,3174,-318
108000010,3152,5772,-2620
108000011,8369,8316,53
108000012,19588,18147,1441
108000014,766,656,110
108000015,477,321,156
108000016,158,719,-561
108000017,573,388,185
108000018,1006,519,487
108000019,1145,646,499
108000020,1102,484,618
108000021,409,1873,-1464
108000022,553,1659,-1106
108000023,838,145,693
108000024,178,872,-694
108000025,155,263,-108
108000026,377,885,-508
108000027,444,768,-324
108000028,267,321,-54
108000029,253,1253,-1000
108000030,305,249,56
108000031,162,618,-456
108000032,1046,448,598
108000033,512,1543,-1031
108000034,950,411,539
108000035,922,2946,-2024
108000036,368,1731,-1363
108000037,1273,333,940
108000038,1763,350,1413
108000039,481,3650,-3169
108000040,1136,587,549
108000041,617,3413,-2796
108000042,168,296,-128
108000043,113,399,-286
108000044,227,157,70
108000045,186,836,-650
108000046,813,240,573
108000047,405,1335,-930
108000048,144,486,-342
108000049,364,231,133
108000050,164,819,-655
108000051,219,96,123
108000052,457,936,-479
108000053,251,107,144
108000054,623,1202,-579
108000055,1003,382,621
108000056,1132,1439,-307
108000057,531,682,-151
108000058,1937,2302,-365
108000059,4291,2301,1990
108000060,174,494,-320
108000061,385,665,-280
108000062,460,436,24
108000063,320,745,-425
108000064,150,280,-130
108000065,483,802,-319
108000066,1782,852,930
108000067,1244,451,793
108000068,614,368,246
108000069,269,1382,-1113
108000070,1230,678,552
108000071,531,2035,-1504
108000072,1046,902,144
108000073,1645,2059,-414
108000074,241,370,-129
108000075,371,891,-520
108000076,664,482,182
108000077,859,755,104
108000078,1296,1487,-191
108000079,926,2019,-1093
108000080,612,608,4
108000081,395,3080,-2685
108000082,969,2164,-1195
108000083,1305,804,501
108000084,399,1549,-1150
108000085,441,347,94
108000086,798,961,-163
108000087,155,1305,-1150
108000088,560,176,384
108000089,210,265,-55
108000091,101,834,-733
108000092,66,155,-89
108000093,102,1324,-1222
108000094,514,122,392
108000095,129,776,-647
108000096,169,192,-23
108000097,168,925,-757
108000098,676,1649,-973
108000099,833,280,553
108000100,60,424,-364
108000101,552,1055,-503
108000102,1192,2355,-1163
108000106,616,1,615
108000107,2,839,-837
108000108,472,30,442
108000109,11,1084,-1073
108000110,186,248,-62
108000111,166,1045,-879
108000112,70,111,-41
108000113,454,294,160
108000115,480,594,-114
108000117,676,352,324
108000118,486,922,-436
108000119,745,573,172
108000120,89,701,-612
108000121,225,869,-644
108000122,286,331,-45
108000123,359,374,-15
108000124,138,561,-423
108000125,190,525,-335
108000126,81,877,-796
108000127,268,509,-241
108000128,375,853,-478
108000129,207,1630,-1423
108000130,202,316,-114
108000131,562,354,208
108000132,1942,1526,416
108000133,534,483,51
108000134,724,733,-9
108000135,800,311,489
108000136,1292,1301,-9
108000137,215,468,-253
108000138,312,1336,-1024
108000139,188,359,-171
108000140,37,25,12
108000141,17,249,-232
108000142,36,293,-257
108000143,28,1065,-1037
108000144,162,106,56
108000145,24,94,-70
108000146,292,48,244
108000147,9,127,-118
108000148,183,65,118
108000149,40,74,-34
108000150,16,2,14
108000151,299,94,205
108000152,103,1001,-898
108000153,220,106,114
108000154,56,55,1
108000155,24,8,16
108000156,868,763,105
108000157,125,433,-308
108000158,68,494,-426
108000159,893,195,698
108000160,6689,855,5834
108000161,5500,1250,4250
108000165,5,104,-99
108000172,3,244,-241
108000173,3495,1291,2204
108000175,223,113,110
108000178,368,388,-20
108000179,237,602,-365
108000181,68,43,25
108000182,333,116,217
108000183,89,637,-548
108000184,1348,1469,-121
108000185,108,683,-575
108000186,139,853,-714
108000187,52,1042,-990
108000188,266,300,-34
108000189,2925,3550,-625
108000190,38,119,-81
108000192,113,818,-705
108000193,1058,37,1021
108000194,34,35,-1
108000195,2,1508,-1506
108000196,85,111,-26
108000198,559,423,136
108000199,1,107,-106
108000200,145,1075,-930
108000203,90,1258,-1168
108000204,72,31,41
108000205,390,738,-348
108000339,1415,340,1075
108000364,364,813,-449
108000365,60,464,-404
108000367,188,476,-288
108000368,7,52,-45
108000369,1822,100,1722
108000371,14,838,-824
108000372,499,6,493
108000373,104,166,-62
108000376,38,24,14
108000377,282,431,-149
108000378,7441,7783,-342
108000379,26,202,-176
108000381,36,14,22
108000382,174,4,170
108000383,0,215,-215
108900001,153,1782,-1629
108900002,179,78,101
108900003,352,1396,-1044
108900004,1052,309,743
108900007,114,169,-55
108900008,44,147,-103
108900009,51,96,-45
108900010,68,170,-102
108900011,265,416,-151
108900012,207,518,-311
108900013,85,256,-171
108900014,3,79,-76
108900015,0,31,-31
108900016,1,239,-238
108900017,129,166,-37
108900018,95,714,-619
108900019,10,1893,-1883
108900020,27,371,-344
108900021,76,277,-201
108900022,51,3,48
108900023,4,15,-11
108900024,11,178,-167
108900025,40,171,-131
108900026,18,86,-68
108900027,0,112,-112
108900028,40,603,-563
108900029,44,214,-170
108900030,0,134,-134
108900031,43,877,-834
108900032,9,338,-329
108900033,0,84,-84
108900034,0,398,-398
108900035,227,2052,-1825
108900038,2,513,-511
108900039,2,829,-827
108900040,2,199,-197
108900041,5760,1922,3838
108900042,6,258,-252
108900043,30,656,-626
108900044,0,875,-875
108900045,31,990,-959
108900046,55,1540,-1485
108900047,0,99,-99
108900048,89,1523,-1434
108900049,7310,781,6529
108900050,1,412,-411
108900051,2,276,-274
108900052,31,359,-328
108900053,125,110,15
108900054,46,306,-260
108900055,53,501,-448
108900056,2,218,-216
108900057,1,257,-256
108900058,18,541,-523
108900059,245,16,229
108900060,40,139,-99
108900061,71,23,48
108900062,3,487,-484
108900063,5,468,-463
108900064,50,88,-38
108900065,4,411,-407
108900066,173,87,86
108900067,16,281,-265
108900068,7,352,-345
108900069,17,156,-139
108900070,21,185,-164
108900071,32,65,-33
108900072,2640,229,2411
108900073,35,869,-834
108900074,68,713,-645
108900075,63,79,-16
108900076,123,70,53
108900077,167,751,-584
108900078,13,202,-189
108900079,1007,283,724
108900080,31,326,-295
108900081,63,331,-268
108900082,31,188,-157
108900083,17,161,-144
108900085,3065,195,2870
108900086,49,524,-475
108900087,111,206,-95
108900088,593,271,322
108900089,18,77,-59
108900090,15,556,-541
108900091,139,131,8
108900092,255,280,-25
108900093,58,44,14
108900094,220,103,117
108900095,72,938,-866
108900096,520,27,493
108900097,296,251,45
108900098,3947,445,3502
108900099,224,362,-138
108900100,42,190,-148
108900101,191,109,82
108900102,90,632,-542
108900103,39,55,-16
108900105,5,707,-702
108900106,194,700,-506
108900108,161,22,139
108900109,173,28,145
108900110,99,799,-700
108900111,164,1115,-951
108900113,64,32,32
108900114,43,7,36
108900115,61,62,-1
108900116,24,13,11
108900117,66,31,35
108900118,325,4,321
108900119,76,64,12
108900120,187,106,81
108900121,257,46,211
108900122,65,45,20
108900123,76,58,18
108900124,309,126,183
108900125,169,1,168
108900126,78,13,65
108900127,81,37,44
108900128,85,25,60
108900129,574,75,499
108900130,185,0,185
108900131,180,1,179
108900132,220,51,169
108900133,124,57,67
108900134,187,304,-117
108900135,64,6,58
108900136,9,0,9
108900137,82,1,81
108900138,274,19,255
108900140,141,279,-138
108900141,144,6,138
108900142,61,2,59
108900143,30,1,29
108900144,31,1,30
108900145,63,3,60
108900146,49,0,49
108900147,77,0,77
108900148,59,33,26
108900150,137,4,133
108900151,43,1,42
108900152,96,44,52
108900153,68,745,-677
108900154,3031,453,2578
108900156,118,68,50
108900157,4,796,-792
108900158,126,31,95
108900159,8,448,-440
108900160,16,347,-331
108900161,13,632,-619
108900162,59,0,59
108900163,6,172,-166
108900164,41,73,-32
108900168,12022,1941,10081
108900169,21,162,-141
108900171,9412,1808,7604
108900172,138,28,110
108900173,152,462,-310
108900174,376,485,-109
108900176,147,1011,-864
108900177,11097,2633,8464
108900178,6385,2182,4203
108900180,54,196,-142
108900183,183,181,2
108900184,223,132,91
108900185,28,334,-306
108900186,16,357,-341
108900189,125,127,-2
108900190,56,4622,-4566
108900192,63,253,-190
108900195,69,540,-471
108900196,22,885,-863
108900199,165,331,-166
108900200,323,332,-9
108900201,356,1371,-1015
108900203,366,60,306
108900204,338,15,323
108900205,142,25,117
108900206,171,51,120
108900207,170,52,118
108900208,25,512,-487
108900209,270,766,-496
108900210,106,242,-136
108900211,102,344,-242
108900212,965,716,249
108900215,110,851,-741
108900216,416,118,298
108900217,61,0,61
108900218,62,6,56
108900221,50,76,-26
108900224,25,109,-84
108900225,1,196,-195
108900227,77,128,-51
108900230,584,399,185
108900232,2,558,-556
108900233,130,39,91
108900234,150,73,77
108900235,213,742,-529
108900236,40,383,-343
108900240,37,65,-28
108900241,10,59,-49
108900245,3,564,-561
108900250,138,97,41
108900258,10,414,-404
108900259,61,137,-76
108900260,3,197,-194
108900261,235,266,-31
108900262,277,154,123
108900263,46,321,-275
108900264,629,317,312
108900265,1774,250,1524
108900266,1948,361,1587
108900267,2,80,-78
108900268,5,10,-5
108900269,48,7,41
108900270,36,7,29
108900271,20,2,18
108900272,94,7,87
108900273,1246,460,786
108900274,18,109,-91
109000001,4807,1261,3546
109000002,4079,1501,2578
109000003,1704,832,872
109000004,536,2759,-2223
109000005,1900,1105,795
109000006,734,2694,-1960
109000007,1098,853,245
109000008,531,2399,-1868
109000009,2674,1282,1392
109000010,1416,4961,-3545
109000011,2008,1777,231
109000012,1065,3867,-2802
109000013,1998,2151,-153
109000014,1270,4751,-3481
109000015,3278,4856,-1578
109000016,11971,4757,7214
109000017,1663,1209,454
109000018,3171,5280,-2109
109000019,2233,1424,809
109000020,1422,2763,-1341
109000023,169,18,151
109000024,4,225,-221
109000025,427,480,-53
109000026,1059,335,724
109000027,65,368,-303
109000028,159,89,70
109000029,137,155,-18
109000030,93,362,-269
109000031,103,67,36
109000032,142,1179,-1037
109000033,228,93,135
109000034,36,58,-22
109000035,21,44,-23
109000036,53,418,-365
109000037,147,720,-573
109000038,424,425,-1
109000039,506,366,140
109000040,6131,3496,2635
109000041,6685,1238,5447
109000042,1291,1225,66
109000044,230,155,75
109000045,119,553,-434
109000046,204,96,108
109000047,54,438,-384
109000048,919,452,467
109000049,223,504,-281
109000050,403,533,-130
109000051,333,236,97
109000052,351,2383,-2032
109000053,578,262,316
109000054,57,971,-914
109000055,83,175,-92
109000056,167,693,-526
109000057,240,280,-40
109000058,1655,520,1135
109000059,697,867,-170
109000060,596,287,309
109000061,1894,531,1363
109000062,66,201,-135
109000063,172,247,-75
109000064,95,195,-100
109000065,52,440,-388
109000066,222,180,42
109000067,23,472,-449
109000068,938,9,929
109000069,663,30,633
109000070,6,965,-959
109000071,288,73,215
109000072,102,714,-612
109000073,25,121,-96
109000074,15,311,-296
109000075,53,384,-331
109000076,112,173,-61
109000077,444,352,92
109000078,42,100,-58
109000079,141,299,-158
109000080,82,112,-30
109000081,66,753,-687
109000082,468,303,165
109000083,203,1198,-995
109000088,107,747,-640
109000089,192,19,173
109000090,156,785,-629
109000091,169,67,102
109000092,326,880,-554
109000093,128,131,-3
109000094,178,1,177
109000095,89,947,-858
109000096,347,233,114
109000097,66,167,-101
109000098,52,106,-54
109000099,644,570,74
109000100,178,539,-361
109000101,678,1239,-561
109000102,211,884,-673
109000103,418,663,-245
109000104,825,752,73
109000105,372,1643,-1271
109000106,1097,751,346
109000107,530,2415,-1885
109000108,1037,532,505
109000109,387,2474,-2087
109000110,860,450,410
109000111,1153,3576,-2423
109000112,340,186,154
109000113,193,143,50
109000114,150,376,-226
109000115,1195,119,1076
109000116,10,450,-440
109000117,115,142,-27
109000118,8,379,-371
109000119,455,658,-203
109000120,128,1352,-1224
109000121,285,167,118
109000122,93,1333,-1240
109000123,41,398,-357
109000124,338,419,-81
109000125,390,406,-16
109000126,303,1020,-717
109000127,617,266,351
109000128,405,3229,-2824
109000129,942,440,502
109000130,786,4646,-3860
109000131,851,508,343
109000132,791,3870,-3079
109000133,320,1228,-908
109000134,761,1594,-833
109000135,979,1416,-437
109000136,315,484,-169
109000137,178,367,-189
109000138,333,513,-180
109000139,301,535,-234
109000140,132,1261,-1129
109000141,383,558,-175
109000142,92,692,-600
109000143,60,86,-26
109000145,74,215,-141
109000146,127,88,39
109000148,4565,835,3730
109000149,26,22,4
109000150,159,193,-34
109000155,333,615,-282
109000156,1700,1145,555
109000158,34,265,-231
109000159,46,971,-925
109000160,615,229,386
109000161,202,2055,-1853
109000162,1222,998,224
109000163,696,2393,-1697
109000164,835,3423,-2588
109000165,858,749,109
109000166,481,165,316
109000167,89,1161,-1072
109000170,58,50,8
109000171,38,63,-25
109000172,74,105,-31
109000173,52,44,8
109000174,64,71,-7
109000175,98,535,-437
109000176,241,290,-49
109000177,18,161,-143
109000178,350,675,-325
109000179,8831,2457,6374
109000180,5060,2280,2780
109000181,8,47,-39
109000182,20,70,-50
109000183,38,42,-4
109000184,22,21,1
109000185,29,103,-74
109000188,341,3999,-3658
109000189,1335,902,433
109000190,366,674,-308
109000191,174,764,-590
109000192,238,272,-34
109000193,133,591,-458
109000194,83,123,-40
109000195,75,619,-544
109000196,195,105,90
109000197,146,646,-500
109000198,144,51,93
109000199,83,716,-633
109000206,233,30,203
109000207,119,26,93
109000208,109,53,56
109000209,114,137,-23
109000210,195,630,-435
109000211,275,406,-131
109000214,287,1817,-1530
109000215,92,79,13
109000216,250,145,105
109000217,152,56,96
109000218,129,117,12
109000221,511,1544,-1033
109000222,636,201,435
109000223,193,243,-50
109000224,56,447,-391
109000225,42,47,-5
109000226,55,494,-439
109000227,544,2008,-1464
109000228,1,360,-359
109000231,2,655,-653
109000232,116,596,-480
109000236,175,811,-636
109000241,1835,2552,-717
109000242,1316,1918,-602
109000293,58,160,-102
109000361,70,364,-294
109000364,138,789,-651
109000396,7,1195,-1188
109000397,342,7,335
109000399,119,803,-684
109000400,80,410,-330
109000403,79,591,-512
109000406,439,14,425
109000407,163,275,-112
109000408,2,995,-993
109000410,567,190,377
109000411,79,40,39
109900001,84,2,82
109900002,496,11,485
109900003,108,1,107
109900004,59,36,23
109900005,10,0,10
109900006,158,420,-262
109900007,395,1235,-840
109900008,0,29,-29
109900009,79,1052,-973
109900010,284,15,269
109900011,50,57,-7
109900012,119,134,-15
109900013,288,111,177
109900014,194,26,168
109900015,285,166,119
109900016,68,53,15
109900017,65,117,-52
109900018,85,174,-89
109900019,90,89,1
109900020,12,30,-18
109900021,23,10,13
109900022,78,489,-411
109900023,6,1,5
109900024,10,1,9
109900025,13,125,-112
109900026,0,33,-33
109900027,36,12,24
109900028,3766,575,3191
109900029,14,791,-777
109900030,19,3,16
109900031,0,66,-66
109900032,5,361,-356
109900033,1,632,-631
109900034,8,4,4
109900035,7,13,-6
109900036,4,120,-116
109900037,35,684,-649
109900038,37,257,-220
109900039,4,0,4
109900040,18,883,-865
109900041,49,683,-634
109900042,22,538,-516
109900044,66,363,-297
109900045,88,35,53
109900046,37,116,-79
109900047,321,398,-77
109900048,17,102,-85
109900049,7,29,-22
109900050,1,555,-554
109900051,1,61,-60
109900052,59,363,-304
109900053,7,863,-856
109900054,293,128,165
109900055,26,278,-252
109900056,25,138,-113
109900057,9,383,-374
109900058,0,161,-161
109900059,29,5,24
109900060,373,237,136
109900061,67,308,-241
109900062,1,422,-421
109900063,1,24,-23
109900064,384,440,-56
109900065,144,113,31
109900066,239,1331,-1092
109900067,1,673,-672
109900068,20,1,19
109900069,1,34,-33
109900070,8,31,-23
109900071,1,43,-42
109900072,12,128,-116
109900073,165,1055,-890
109900074,10,61,-51
109900075,17,15,2
109900076,30,728,-698
109900077,30,44,-14
109900078,82,412,-330
109900080,85,466,-381
109900081,16,112,-96
109900082,33,755,-722
109900083,13,50,-37
109900084,37,157,-120
109900085,206,1735,-1529
109900086,104,287,-183
109900087,303,344,-41
109900089,319,131,188
109900090,44,208,-164
109900091,13,6,7
109900092,247,15,232
109900093,397,98,299
109900094,73,91,-18
109900095,82,329,-247
109900096,20,2,18
109900097,32,0,32
109900098,224,19,205
109900099,90,0,90
109900100,24,0,24
109900101,185,3,182
109900102,299,18,281
109900103,27,44,-17
109900104,297,1714,-1417
109900105,323,29,294
109900106,145,74,71
109900107,183,79,104
109900108,58,616,-558
109900109,26,210,-184
109900110,10,130,-120
109900111,273,2123,-1850
109900112,33,182,-149
109900113,39,36,3
109900114,440,245,195
109900115,101,66,35
109900117,440,120,320
109900118,31,69,-38
109900119,41,54,-13
109900120,7,2,5
109900121,208,293,-85
109900122,12,0,12
109900123,5,228,-223
109900124,5,144,-139
109900125,2,372,-370
109900126,111,280,-169
109900128,8,9,-1
109900130,16983,1196,15787
109900131,95,196,-101
109900132,50,222,-172
109900133,4,64,-60
109900134,35,53,-18
109900135,505,76,429
109900136,1,12,-11
109900137,63,621,-558
109900140,120,567,-447
109900142,48,30,18
109900145,1,15,-14
109900146,28,3,25
109900148,4,7,-3
109900149,45,66,-21
109900150,11,66,-55
109900151,1,66,-65
109900152,2,19,-17
109900153,0,57,-57
109900154,33,0,33
109900155,21,12,9
109900157,42,394,-352
109900158,5,15,-10
109900159,148,20,128
109900160,12,6,6
109900161,145,56,89
109900162,105,54,51
109900163,655,424,231
109900164,47,277,-230
109900165,118,6,112
109900166,0,224,-224
109900167,128,632,-504
109900168,87,543,-456
109900169,130,154,-24
109900170,219,474,-255
109900171,83,79,4
109900172,94,150,-56
109900173,4698,1198,3500
109900174,57,172,-115
109900175,39,48,-9
109900176,83,259,-176
109900177,25,359,-334
109900178,2,106,-104
109900179,19,25,-6
109900180,2,10,-8
110000001,765,551,214
110000002,587,438,149
110000003,726,644,82
110000004,471,484,-13
110000005,767,1141,-374
110000006,851,399,452
110000007,108,202,-94
110000008,10,49,-39
110000009,25,71,-46
110000010,45,43,2
110000011,38,202,-164
110000012,816,627,189
110000013,34,467,-433
110000014,662,407,255
110000015,231,443,-212
110000016,236,947,-711
110000017,4767,290,4477
110000018,4687,554,4133
110000019,8,210,-202
110000020,805,265,540
110000021,536,344,192
110000022,407,124,283
110000023,5,239,-234
110000024,478,507,-29
110000025,135,2,133
110000026,7,985,-978
110000027,572,333,239
110000028,563,640,-77
110000029,422,1332,-910
110000030,141,274,-133
110000031,188,864,-676
110000032,504,400,104
110000033,157,95,62
110000034,182,606,-424
110000035,302,1443,-1141
110000036,439,557,-118
110000037,108,968,-860
110000038,146,382,-236
110000039,533,1595,-1062
110000040,216,483,-267
110000041,227,891,-664
110000042,75,279,-204
110000043,362,249,113
110000044,66,51,15
110000045,263,88,175
110000046,5,8,-3
110000047,11,15,-4
110000048,13,43,-30
110000049,56,6,50
110000050,13,45,-32
110000051,53,8,45
110000052,27,32,-5
110000053,46,3,43
110000054,132,291,-159
110000055,238,19,219
110000056,183,39,144
110000057,209,1127,-918
110000058,827,811,16
110000059,494,520,-26
110000060,398,626,-228
110000061,667,839,-172
110000062,627,628,-1
110000063,23,50,-27
110000064,49,164,-115
110000065,42,42,0
110000066,45,19,26
110000067,57,469,-412
110000068,108,930,-822
110000069,97,82,15
110000071,46,118,-72
110000073,7,23,-16
110000075,7,72,-65
110000076,273,182,91
110000077,567,488,79
110000078,11,40,-29
110000080,289,661,-372
110000081,21,268,-247
110000082,28,209,-181
110000083,225,692,-467
110000084,615,473,142
110000085,2547,1469,1078
110000086,979,1042,-63
110000087,3,66,-63
110000088,55,226,-171
110000089,151,255,-104
110000090,45,432,-387
110000091,2744,362,2382
110000092,15,107,-92
110000093,58,8,50
110000094,587,284,303
110000095,69,479,-410
110000096,4980,1675,3305
110000097,779,975,-196
110000098,1539,620,919
110000099,706,1491,-785
110000100,331,1200,-869
110000101,29,622,-593
110000102,35,31,4
110000104,135,81,54
110000105,32,342,-310
110000106,445,243,202
110000107,453,444,9
110000108,155,43,112
110000109,234,314,-80
110000110,4176,2353,1823
110000111,8454,1782,6672
110000112,1424,421,1003
110000113,616,979,-363
110000114,88,320,-232
110000115,158,240,-82
110000116,28,52,-24
110000117,82,884,-802
110000118,191,321,-130
110000119,122,596,-474
110000120,233,225,8
110000121,97,321,-224
110000122,271,668,-397
110000123,376,396,-20
110000124,2,790,-788
110000125,796,2,794
110000126,176,14,162
110000127,530,28,502
110000128,29,1407,-1378
110000129,5,785,-780
110000130,155,119,36
110000131,90,521,-431
110000132,2,682,-680
110000133,50,313,-263
110000134,36,322,-286
110000135,177,14,163
110000136,47,371,-324
110000137,349,775,-426
110000138,385,1098,-713
110000139,522,2016,-1494
110000140,900,367,533
110000143,679,348,331
110000144,3769,1134,2635
110000145,1060,696,364
110000146,1253,557,696
110000147,277,705,-428
110000148,293,442,-149
110000151,592,350,242
110000152,523,278,245
110000153,60,143,-83
110000154,13,8,5
110000155,1144,1997,-853
110000156,602,1166,-564
110000157,879,1365,-486
110000160,239,517,-278
110000161,104,681,-577
110000166,246,168,78
110000167,464,457,7
110000168,614,277,337
110000169,585,306,279
110000170,104,71,33
110000171,438,224,214
110000172,172,882,-710
110000173,1560,1482,78
110000174,82,1973,-1891
110000175,271,74,197
110000176,47,226,-179
110000177,153,666,-513
110000178,346,717,-371
110000179,1800,380,1420
110000180,99,406,-307
110000181,204,389,-185
110000182,350,438,-88
110000183,13484,4813,8671
110000184,1288,1641,-353
110000185,537,593,-56
110000186,491,659,-168
110000191,376,389,-13
110000192,192,4,188
110000193,349,1,348
110000194,30,1715,-1685
110000195,233,511,-278
110000196,179,672,-493
110000197,43,214,-171
110000198,75,109,-34
110000199,40,100,-60
110000200,1162,562,600
110000201,386,559,-173
110000202,953,431,522
110000203,720,1049,-329
110000204,6,520,-514
110000205,86,89,-3
110000206,637,2221,-1584
110000207,389,369,20
110000208,86,83,3
110000209,99,1131,-1032
110000210,529,832,-303
110000211,365,963,-598
110000212,407,796,-389
110000213,70,64,6
110000214,85,123,-38
110000215,68,828,-760
110000216,44,936,-892
110000217,155,347,-192
110000218,105,702,-597
110000219,185,71,114
110000220,27,638,-611
110000221,129,70,59
110000222,20,487,-467
110000223,6,136,-130
110000224,65,20,45
110000225,164,667,-503
110000226,136,41,95
110000227,746,499,247
110000228,430,383,47
110000229,2,297,-295
110000230,370,714,-344
110000231,125,186,-61
110000232,78,219,-141
110000233,108,388,-280
110000234,394,355,39
110000235,1556,771,785
110000236,353,1007,-654
110000237,1067,1044,23
110000238,740,1444,-704
110000239,1154,1467,-313
110000240,2,169,-167
110000242,0,21,-21
110000243,30,348,-318
110000244,89,665,-576
110000245,20,637,-617
110000246,356,850,-494
110000247,959,4859,-3900
110000248,1537,1892,-355
110000249,68,6,62
110000250,10,303,-293
110000251,118,586,-468
110000252,112,313,-201
110000253,727,510,217
110000254,434,1809,-1375
110000255,154,1522,-1368
110000256,323,254,69
110000257,678,452,226
110000258,5,724,-719
110000259,36,13,23
110000260,10,640,-630
110000263,334,105,229
110000264,140,919,-779
110000265,810,1202,-392
110000266,1378,1745,-367
110000267,5,212,-207
110000268,226,698,-472
110000269,2,103,-101
110000270,42,1,41
110000271,2832,268,2564
110000272,730,891,-161
110000273,1780,1128,652
110000274,152,665,-513
110000275,4488,494,3994
110000276,137,198,-61
110000277,125,677,-552
110000278,186,1090,-904
110000279,512,740,-228
110000280,144,394,-250
110000281,14,147,-133
110000282,171,63,108
110000283,24,52,-28
110000284,45,51,-6
110000285,2,171,-169
110000286,17,0,17
110000287,27,0,27
110000288,0,57,-57
110000289,526,1219,-693
110000290,1546,636,910
110000291,8134,1317,6817
110000292,1042,2761,-1719
110000293,362,1096,-734
110000294,421,679,-258
110000295,64,1111,-1047
110000296,175,298,-123
110000297,1703,280,1423
110000298,286,738,-452
110000299,373,34,339
110000301,201,5,196
110000302,195,2102,-1907
110000303,152,1,151
110000304,95,416,-321
110000305,424,8,416
110000306,82,2487,-2405
110000307,752,9,743
110000308,225,4,221
110000309,13,1681,-1668
110000310,331,115,216
110000311,26,1100,-1074
110000312,338,54,284
110000313,1878,2439,-561
110000314,1,519,-518
110000315,3313,1462,1851
110000316,708,1050,-342
110000317,276,265,11
110000318,2,168,-166
110000319,5,14,-9
110000320,28,91,-63
110000321,6,46,-40
110000322,120,723,-603
110000323,245,239,6
110000324,6563,985,5578
110000325,2010,1415,595
110000327,334,207,127
110000328,132,502,-370
110000333,478,322,156
110000334,434,1546,-1112
110000335,464,465,-1
110000336,331,1417,-1086
110000337,738,405,333
110000338,150,278,-128
110000339,140,311,-171
110000340,6,246,-240
110000341,247,647,-400
110000342,252,1,251
110000343,0,10,-10
110000344,52,204,-152
110000345,77,62,15
110000346,2272,1199,1073
110000347,788,566,222
110000348,19,36,-17
110000349,9,20,-11
110000350,38,4,34
110000351,411,905,-494
110000352,309,1405,-1096
110000353,4073,665,3408
110000354,977,1570,-593
110000355,51,74,-23
110000356,942,8,934
110000357,157,11,146
110000361,14,168,-154
110000362,37,133,-96
110000363,163,163,0
110000364,79,574,-495
110000365,110,0,110
110000366,0,95,-95
110000367,151,299,-148
110000368,2,80,-78
110000369,34,0,34
110000373,2,427,-425
110000374,41,2,39
110000375,177,615,-438
110000376,18,102,-84
110000377,64,332,-268
110000378,25,295,-270
110000379,5073,901,4172
110000380,36,12,24
110000383,1,1254,-1253
110000384,2207,1100,1107
110000385,3,218,-215
110000387,36,3,33
110000388,37,261,-224
110000389,411,2,409
110000391,263,386,-123
110000396,52,156,-104
110000397,56,276,-220
110000398,2,70,-68
110000399,108,2,106
110000587,48,50,-2
110000589,143,185,-42
110000640,105,103,2
110000652,9,130,-121
110000653,144,589,-445
110000654,48,42,6
110000656,3,827,-824
110000674,11,23,-12
110000675,3,13,-10
110000676,1,77,-76
110000679,588,596,-8
110000682,104,135,-31
110000683,251,405,-154
110000684,0,58,-58
110000685,8,8,0
110000686,0,36,-36
110000687,30,3,27
110000688,65,531,-466
110000689,31,63,-32
110000692,60,366,-306
110000693,111,158,-47
110000694,0,134,-134
110000695,138,977,-839
110000696,196,175,21
110900001,83,6,77
110900002,113,273,-160
110900003,240,1156,-916
110900004,145,260,-115
110900005,5691,1186,4505
110900006,37,6,31
110900007,107,9,98
110900008,5,80,-75
110900009,202,29,173
110900010,11,75,-64
110900011,6,135,-129
110900012,15,143,-128
110900013,480,183,297
110900014,83,9,74
110900015,1399,299,1100
110900016,20,255,-235
110900017,179,59,120
110900018,274,68,206
110900019,48,20,28
110900020,28,592,-564
110900021,64,727,-663
110900022,76,522,-446
110900023,42,770,-728
110900024,11,586,-575
110900025,3,65,-62
110900027,23,365,-342
110900028,33,244,-211
110900029,15,530,-515
110900030,13,544,-531
110900031,84,169,-85
110900032,0,117,-117
110900033,17,380,-363
110900035,30,555,-525
110900036,117,19,98
110900037,59,26,33
110900038,1777,244,1533
110900039,12,258,-246
110900040,162,28,134
110900041,8,288,-280
110900042,59,58,1
110900043,2,215,-213
110900044,285,34,251
110900045,35,813,-778
110900046,193,366,-173
110900047,999,140,859
110900049,27,46,-19
110900050,12,4,8
110900051,43,259,-216
110900052,6,308,-302
110900053,51,54,-3
110900054,9,384,-375
110900055,14,2,12
110900056,27,104,-77
110900057,2,310,-308
110900058,111,356,-245
110900059,536,978,-442
110900060,303,108,195
110900061,24,36,-12
110900062,119,386,-267
110900063,26,97,-71
110900064,19,0,19
110900065,425,122,303
110900066,16,63,-47
110900067,663,389,274
110900068,276,277,-1
110900069,2,29,-27
110900070,87,46,41
110900071,243,326,-83
110900073,0,36,-36
110900074,196,119,77
110900075,219,70,149
110900077,336,483,-147
110900078,14,220,-206
110900079,2492,557,1935
110900080,45,75,-30
110900081,4,156,-152
110900082,63,439,-376
110900083,70,23,47
110900084,39,415,-376
110900085,28,574,-546
110900086,46,169,-123
110900087,157,75,82
110900088,13,2,11
110900090,46,28,18
110900091,4,78,-74
110900093,196,68,128
110900095,29,32,-3
110900097,3,29,-26
110900098,13,191,-178
110900099,29,741,-712
110900100,0,31,-31
110900102,26,33,-7
110900105,746,609,137
110900108,14,166,-152
110900111,258,84,174
110900112,425,6,419
110900113,473,39,434
110900115,10,154,-144
110900116,233,3452,-3219
110900118,209,1654,-1445
110900119,6495,276,6219
110900120,7,261,-254
110900121,39,0,39
110900122,148,133,15
110900125,191,266,-75
110900127,346,679,-333
110900128,435,326,109
110900129,270,297,-27
110900130,1303,422,881
110900131,80,51,29
110900132,216,23,193
110900133,59,386,-327
110900135,69,594,-525
110900136,227,8,219
110900138,0,0,0
110900139,14,0,14
110900140,0,0,0
110900141,255,121,134
110900142,51,316,-265
110900143,69,75,-6
110900144,2,878,-876
110900145,76,18,58
110900146,272,54,218
110900147,339,293,46
110900148,3,370,-367
110900149,2,126,-124
110900150,14,38,-24
110900151,0,67,-67
110900152,16,571,-555
110900153,81,28,53
111000001,411,489,-78
111000002,785,1047,-262
111000003,924,833,91
111000004,706,1734,-1028
111000005,1040,1045,-5
111000006,980,2308,-1328
111000007,5365,2659,2706
111000008,5667,3705,1962
111000009,386,1082,-696
111000010,632,273,359
111000011,351,1052,-701
111000012,478,363,115
111000013,316,1424,-1108
111000014,828,662,166
111000017,117,491,-374
111000018,198,401,-203
111000020,3060,2144,916
111000021,81,199,-118
111000023,86,201,-115
111000025,9000,2446,6554
111000029,61,78,-17
111000030,29,67,-38
111000031,1789,845,944
111000032,612,245,367
111000033,312,175,137
111000034,471,216,255
111000037,3551,1241,2310
111000038,2988,2958,30
111000039,1129,3015,-1886
111000040,1366,3505,-2139
111000041,1666,1860,-194
111000042,7243,2549,4694
111000043,2351,1691,660
111000044,1155,839,316
111000045,1264,1835,-571
111000046,591,1636,-1045
111000047,1366,2380,-1014
111000049,341,536,-195
111000050,2229,1857,372
111000051,609,1460,-851
111000052,474,1636,-1162
111000053,372,1463,-1091
111000054,225,1615,-1390
111000055,1373,2497,-1124
111000056,90,900,-810
111000057,62,1070,-1008
111000058,210,152,58
111000059,229,355,-126
111000060,2293,667,1626
111000061,288,352,-64
111000062,527,273,254
111000063,1191,889,302
111000064,317,580,-263
111000065,734,742,-8
111000066,268,262,6
111000067,410,663,-253
111000068,307,763,-456
111000069,1592,1987,-395
111000070,2848,1323,1525
111000071,298,1015,-717
111000072,540,410,130
111000073,227,717,-490
111000074,1114,1344,-230
111000075,780,1016,-236
111000076,347,1123,-776
111000077,1068,1544,-476
111000078,1957,1091,866
111000079,1385,768,617
111000080,346,684,-338
111000081,2521,3124,-603
111000082,394,703,-309
111000084,515,543,-28
111000085,929,1688,-759
111000086,4225,1397,2828
111000087,625,824,-199
111000088,8544,1872,6672
111000089,535,959,-424
111000090,1054,1454,-400
111000091,503,788,-285
111000092,748,1224,-476
111000093,336,719,-383
111000094,1240,830,410
111000095,583,1839,-1256
111000096,2573,5642,-3069
111000097,7579,1120,6459
111000098,647,1562,-915
111000099,471,2992,-2521
111000100,276,2849,-2573
111000101,320,897,-577
111000102,97,1138,-1041
111000104,248,258,-10
111000107,64,1220,-1156
111000109,211,251,-40
111000110,673,541,132
111000111,958,463,495
111000112,992,352,640
111000113,692,849,-157
111000114,2059,1791,268
111000115,8752,958,7794
111000116,740,964,-224
111000117,471,934,-463
111000118,1391,1205,186
111000119,698,2000,-1302
111000120,347,625,-278
111000121,184,606,-422
111000122,415,1071,-656
111000123,847,3851,-3004
111000124,385,4394,-4009
111000125,158,2580,-2422
111000126,81,1272,-1191
111000127,486,193,293
111000128,760,322,438
111000129,1208,340,868
111000130,1068,672,396
111000131,812,463,349
111000132,574,413,161
111000133,103,170,-67
111000134,77,142,-65
111000135,25,89,-64
111000136,244,284,-40
111000138,5,11,-6
111000140,1,2,-1
111000141,102,384,-282
111000142,16,160,-144
111000143,9,128,-119
111000144,17,157,-140
111000145,995,3,992
111000146,45,9,36
111000147,229,21,208
111000148,154,64,90
111000149,3,33,-30
111000150,5,14,-9
111000151,3,22,-19
111000153,594,639,-45
111000154,772,203,569
111000155,101,151,-50
111000156,421,411,10
111000157,163,569,-406
111000158,770,620,150
111000159,3339,734,2605
111000160,185,447,-262
111000161,5,336,-331
111000162,8,199,-191
111000163,447,836,-389
111000164,896,2496,-1600
111000165,1511,499,1012
111000166,1537,363,1174
111000167,168,563,-395
111000168,149,498,-349
111000169,261,583,-322
111000170,511,455,56
111000171,290,1134,-844
111000172,99,982,-883
111000173,190,2149,-1959
111000174,123,1025,-902
111000175,39,353,-314
111000176,126,224,-98
111000177,140,412,-272
111000178,492,441,51
111000179,103,314,-211
111000180,69,330,-261
111000181,563,499,64
111000182,140,215,-75
111000183,221,253,-32
111000184,234,201,33
111000185,305,563,-258
111000186,203,327,-124
111000187,110,354,-244
111000188,110,560,-450
111000189,2065,574,1491
111000190,130,661,-531
111000191,116,566,-450
111000192,197,800,-603
111000193,684,455,229
111000194,24,539,-515
111000195,97,653,-556
111000196,45,527,-482
111000197,235,224,11
111000198,323,162,161
111000199,103,160,-57
111000200,107,386,-279
111000201,264,243,21
111000202,132,188,-56
111000203,188,196,-8
111000204,337,489,-152
111000213,163,453,-290
111000214,1167,2385,-1218
111000215,849,1769,-920
111000217,908,1081,-173
111000218,696,877,-181
111000219,444,299,145
111000220,3604,424,3180
111000221,752,186,566
111000224,132,366,-234
111000225,261,219,42
111000226,182,1,181
111000227,58,7,51
111000228,15,138,-123
111000229,19,335,-316
111000230,218,759,-541
111000231,526,1760,-1234
111000232,302,857,-555
111000233,322,743,-421
111000234,57,223,-166
111000239,112,236,-124
111000240,26,90,-64
111000241,25,559,-534
111000242,58,89,-31
111000243,73,1042,-969
111000244,255,138,117
111000245,547,717,-170
111000246,187,863,-676
111000247,131,1350,-1219
111000248,329,479,-150
111000249,383,998,-615
111000250,24,175,-151
111000251,24,162,-138
111000253,7,16,-9
111000255,19,9,10
111000257,21,9,12
111000260,46,1464,-1418
111000261,485,54,431
111000271,68,403,-335
111000273,8682,1746,6936
111000274,1111,1690,-579
111000275,87,88,-1
111000276,286,2555,-2269
111000277,86,514,-428
111000278,453,259,194
111000291,535,2544,-2009
111000298,348,314,34
111000299,451,136,315
111000300,95,722,-627
111000302,172,107,65
111000303,66,372,-306
111000312,45,58,-13
111000315,52,554,-502
111000320,283,792,-509
111000321,207,71,136
111000322,249,695,-446
111000323,125,18,107
111000324,272,284,-12
111000325,33,55,-22
111000326,86,353,-267
111000327,308,565,-257
111000328,155,407,-252
111000329,4,19,-15
111000330,28,11,17
111000331,10,2,8
111000332,275,1268,-993
111000334,338,2040,-1702
111000335,289,176,113
111000337,414,449,-35
111000338,34,155,-121
111000339,133,744,-611
111000340,56,1236,-1180
111000341,726,355,371
111000342,222,332,-110
111000344,624,772,-148
111000345,227,63,164
111000346,34,115,-81
111000347,58,2,56
111000350,158,192,-34
111000351,69,195,-126
111000352,168,208,-40
111000353,61,251,-190
111000354,267,219,48
111000355,158,639,-481
111000358,100,2548,-2448
111000360,121,1202,-1081
111000361,90,569,-479
111000546,309,846,-537
111000547,189,1071,-882
111000548,49,220,-171
111000549,118,619,-501
111000550,91,383,-292
111000551,547,218,329
111000552,1161,109,1052
111000907,577,11,566
111000908,18,1,17
111000916,655,234,421
111000917,19,383,-364
111000918,143,1462,-1319
111000920,295,6,289
111000921,1,593,-592
111000922,232,346,-114
111000924,61,1488,-1427
111000925,1599,1972,-373
111000926,893,3555,-2662
111000927,2305,3783,-1478
111000928,6544,4291,2253
111000929,837,1078,-241
111000930,686,2824,-2138
111000931,1329,1713,-384
111000932,3993,2640,1353
111000933,2862,1509,1353
111000934,2213,2923,-710
111000935,880,1027,-147
111000936,839,2619,-1780
111000937,644,1161,-517
111000938,1773,2916,-1143
111000939,172,51,121
111000940,241,275,-34
111000941,156,909,-753
111000943,153,271,-118
111000944,81,831,-750
111000945,47,3408,-3361
111001109,393,218,175
111001110,201,631,-430
111001111,21,6,15
111001112,81,0,81
111001113,9,154,-145
111001114,1363,74,1289
111001115,107,357,-250
111001116,6208,2076,4132
111001117,722,740,-18
111001120,103,473,-370
111001121,122,452,-330
111001122,154,962,-808
111001123,84,180,-96
111001124,81,524,-443
111001125,2,27,-25
111001126,2,0,2
111001127,2,213,-211
111001128,228,631,-403
111900001,6,382,-376
111900002,6,1134,-1128
111900003,3,604,-601
111900004,18,205,-187
111900006,7,21,-14
111900007,68,4,64
111900008,73,0,73
111900009,48,0,48
111900010,283,589,-306
111900012,103,150,-47
111900013,2,23,-21
111900014,9456,2006,7450
111900015,0,98,-98
111900016,1,226,-225
111900017,0,169,-169
111900018,67,2,65
111900019,2,99,-97
111900020,7,54,-47
111900021,31,98,-67
111900022,23,99,-76
111900023,195,72,123
111900024,3,122,-119
111900025,0,62,-62
111900026,0,138,-138
111900027,6,241,-235
111900028,6,463,-457
111900029,1,132,-131
111900030,60,634,-574
111900031,3,16,-13
111900032,2,487,-485
111900033,6,133,-127
111900034,299,1079,-780
111900035,27,360,-333
111900036,3,458,-455
111900038,416,994,-578
111900039,41,774,-733
111900040,6,977,-971
111900042,37,197,-160
111900043,7,594,-587
111900044,256,429,-173
111900046,52,264,-212
111900048,110,1286,-1176
111900049,40,328,-288
111900050,43,18,25
111900051,7,500,-493
111900052,438,605,-167
111900053,1518,554,964
111900054,59,3,56
111900055,33,916,-883
111900056,208,117,91
111900057,32,119,-87
111900058,158,1025,-867
111900059,4414,282,4132
111900060,173,3,170
111900061,15,428,-413
111900062,36,25,11
111900063,138,269,-131
111900064,138,446,-308
111900065,70,20,50
111900066,63,129,-66
111900067,0,471,-471
111900068,34,10,24
111900069,53,15,38
111900070,92,121,-29
111900071,1,481,-480
111900072,32,11,21
111900073,324,91,233
111900074,15,301,-286
111900075,41,12,29
111900076,70,23,47
111900077,32,1,31
111900078,110,16,94
111900079,13,4,9
111900080,193,130,63
111900082,72,17,55
111900083,44,1,43
111900084,26,4,22
111900085,23,63,-40
111900086,14,2,12
111900087,18,0,18
111900088,255,4,251
111900089,62,5,57
111900090,44,25,19
111900091,95,7,88
111900092,31,1,30
111900093,198,2,196
111900094,41,1,40
111900095,143,9,134
111900096,38,2,36
111900097,17,0,17
111900098,139,33,106
111900099,42,0,42
111900100,56,2,54
111900101,46,16,30
111900102,171,1157,-986
111900103,46,52,-6
111900104,89,41,48
111900105,187,84,103
111900106,1828,68,1760
111900110,3853,304,3549
111900111,60,283,-223
111900112,1196,1070,126
111900113,265,61,204
111900118,173,48,125
111900119,182,70,112
111900122,60,45,15
111900123,19,25,-6
111900124,19,182,-163
111900125,241,12,229
111900126,133,0,133
111900127,2,966,-964
111900128,3,854,-851
111900129,118,14,104
111900130,65,4,61
111900131,185,0,185
111900132,33,2009,-1976
111900133,2,502,-500
111900134,20,467,-447
111900135,4,12,-8
111900136,66,99,-33
111900137,62,67,-5
111900138,20,157,-137
111900139,15,305,-290
111900140,77,26,51
111900141,50,7,43
111900142,64,16,48
111900143,2,302,-300
111900144,3,150,-147
111900145,1,925,-924
111900146,5,479,-474
111900147,161,598,-437
111900148,23,1262,-1239
111900149,5,534,-529
111900150,10,226,-216
111900151,2,13,-11
111900152,63,42,21
111900153,2046,236,1810
111900154,4,145,-141
111900155,37,42,-5
111900156,16,31,-15
111900157,48,8,40
111900158,246,10,236
111900159,94,5,89
111900160,121,1,120
111900161,49,2,47
111900162,126,123,3
111900163,34,462,-428
111900164,59,35,24
111901113,160,415,-255
111901114,211,566,-355
111901115,47,0,47
111901116,40,1,39
111901117,18,44,-26
111901118,230,230,0
111901119,2250,126,2124
111901121,233,637,-404
111901122,4,923,-919
111901123,84,639,-555
111901124,76,1,75
111901125,191,259,-68
111901127,1368,201,1167
111901128,12,148,-136
111901129,0,263,-263
111901130,8,410,-402
111901131,0,361,-361
111901132,103,10,93
111901133,15,2,13
111901134,35,2,33
111901135,4,2,2
111901136,1,11,-10
111901138,109,37,72
111901139,11,49,-38
111901140,11,232,-221
111901141,11,523,-512
111901142,4,428,-424
111901143,3,177,-174
111901144,29,26,3
111901145,146,175,-29
111901146,491,18,473
111901147,1777,115,1662
111901148,37,37,0
111901149,3,0,3
111901150,24,0,24
111901151,0,0,0
112000001,1241,1025,216
112000002,738,2570,-1832
112000003,465,1003,-538
112000004,538,2131,-1593
112000005,1600,1762,-162
112000006,1714,2553,-839
112000007,1355,1253,102
112000008,1861,3688,-1827
112000009,4401,4548,-147
112000010,1910,2394,-484
112000011,1875,2655,-780
112000012,3519,1727,1792
112000013,4329,2892,1437
112000014,1846,466,1380
112000015,2118,2087,31
112000016,3188,639,2549
112000017,1478,1004,474
112000024,2543,739,1804
112000026,5176,5861,-685
112000027,713,408,305
112000028,2414,2124,290
112000029,292,428,-136
112000030,233,102,131
112000031,1093,2108,-1015
112000032,338,41,297
112000033,1286,659,627
112000034,220,32,188
112000035,38,218,-180
112000036,760,500,260
112000037,719,703,16
112000038,840,794,46
112000039,40,101,-61
112000040,125,274,-149
112000041,564,528,36
112000042,1219,341,878
112000050,703,1315,-612
112000051,596,779,-183
112000054,1689,2941,-1252
112000057,385,341,44
112000058,224,434,-210
112000059,526,587,-61
112000061,4736,1581,3155
112000062,1978,544,1434
112000063,1602,988,614
112000064,4890,6393,-1503
112000065,2542,3124,-582
112000066,2825,955,1870
112000067,823,709,114
112000068,1769,1348,421
112000069,602,2166,-1564
112000070,1074,698,376
112000071,579,3319,-2740
112000072,943,1001,-58
112000073,1040,1836,-796
112000074,841,828,13
112000075,822,1079,-257
112000076,3107,3235,-128
112000077,289,826,-537
112000078,917,655,262
112000079,738,1308,-570
112000080,420,965,-545
112000081,1441,1815,-374
112000082,965,716,249
112000083,554,1637,-1083
112000084,807,699,108
112000085,791,1720,-929
112000086,1032,1942,-910
112000087,227,1254,-1027
112000088,268,940,-672
112000089,158,325,-167
112000090,146,473,-327
112000091,444,1283,-839
112000092,980,884,96
112000093,1453,1310,143
112000094,395,860,-465
112000095,439,805,-366
112000096,294,668,-374
112000097,605,470,135
112000098,793,2008,-1215
112000099,421,661,-240
112000100,739,1211,-472
112000101,366,1135,-769
112000102,432,877,-445
112000103,224,1459,-1235
112000105,580,3099,-2519
112000106,882,700,182
112000107,39,159,-120
112000108,215,2623,-2408
112000109,110,143,-33
112000110,1049,583,466
112000111,1133,4126,-2993
112000112,1678,570,1108
112000113,803,2225,-1422
112000114,1300,1134,166
112000115,212,711,-499
112000116,230,1176,-946
112000117,692,903,-211
112000118,827,918,-91
112000119,365,1152,-787
112000120,58,480,-422
112000121,76,930,-854
112000122,173,181,-8
112000123,336,180,156
112000124,145,66,79
112000125,86,160,-74
112000126,68,1218,-1150
112000127,1737,1178,559
112000128,1008,546,462
112000129,99,137,-38
112000130,142,56,86
112000131,32,581,-549
112000132,83,323,-240
112000133,168,473,-305
112000134,232,446,-214
112000135,411,776,-365
112000136,772,1413,-641
112000137,668,1677,-1009
112000138,841,1136,-295
112000139,898,319,579
112000140,948,1364,-416
112000141,395,255,140
112000142,171,1281,-1110
112000143,648,279,369
112000144,275,2434,-2159
112000145,1281,700,581
112000146,546,3239,-2693
112000147,1251,1719,-468
112000148,1565,3286,-1721
112000149,213,1386,-1173
112000150,121,899,-778
112000151,395,853,-458
112000152,193,379,-186
112000153,195,404,-209
112000154,100,103,-3
112000155,149,104,45
112000157,615,449,166
112000158,186,1232,-1046
112000159,249,290,-41
112000167,180,47,133
112000169,398,329,69
112000173,314,207,107
112000175,255,580,-325
112000176,3537,1717,1820
112000177,279,92,187
112000178,70,867,-797
112000179,131,190,-59
112000180,166,246,-80
112000181,1006,2225,-1219
112000182,487,2417,-1930
112000183,30,67,-37
112000184,201,890,-689
112000185,239,642,-403
112000187,2413,2062,351
112000195,135,6,129
112000196,50,0,50
112000197,31,69,-38
112000198,21,328,-307
112000199,1239,858,381
112000202,186,1,185
112000216,51,250,-199
112000230,23,4,19
112000231,2,391,-389
112000256,35,177,-142
112000313,166,144,22
112000314,27,29,-2
112000337,192,568,-376
112000352,252,203,49
112000392,1894,1324,570
112000398,657,758,-101
112000399,3134,1381,1753
112000400,1634,4173,-2539
112000401,2847,3144,-297
112000402,1244,1844,-600
112000403,1593,1537,56
112000404,368,525,-157
112000405,1156,2088,-932
112000406,3624,3962,-338
112000407,3387,5019,-1632
112000408,7898,7515,383
112000409,1881,6431,-4550
112000410,253,114,139
112000411,6497,650,5847
112000412,1301,422,879
112000413,12157,2342,9815
112000414,53,174,-121
112000415,59,60,-1
112000416,1195,1141,54
112000417,190,63,127
112000421,25,213,-188
112000422,246,861,-615
112000424,3339,1541,1798
112000425,373,2262,-1889
112000426,89,238,-149
112000427,0,25,-25
112000428,143,746,-603
112000429,1732,2872,-1140
112000430,1924,2980,-1056
112000431,79,96,-17
112000432,591,3326,-2735
112000433,407,713,-306
112000437,31,365,-334
112900001,52,2,50
112900002,150,1605,-1455
112900003,27,473,-446
112900004,17,339,-322
112900005,103,284,-181
112900007,18,290,-272
112900008,1,19,-18
112900009,283,45,238
112900010,155,963,-808
112900011,475,346,129
112900012,1,66,-65
112900013,0,187,-187
112900014,0,288,-288
112900015,279,960,-681
112900016,1,427,-426
112900017,39,329,-290
112900018,61,1085,-1024
112900019,81,133,-52
112900020,490,1722,-1232
112900021,9,333,-324
112900022,7,85,-78
112900023,2,417,-415
112900024,23,267,-244
112900025,74,354,-280
112900026,2,478,-476
112900027,6,1638,-1632
112900028,24,165,-141
112900029,16,982,-966
112900030,306,227,79
112900031,4,696,-692
112900032,116,300,-184
112900034,0,85,-85
112900035,4,646,-642
112900036,23,163,-140
112900037,129,148,-19
112900038,248,144,104
112900039,16,394,-378
112900040,2,332,-330
112900041,1283,657,626
112900042,57,716,-659
112900043,17,41,-24
112900044,1031,415,616
112900045,442,348,94
112900046,185,71,114
112900047,18,20,-2
112900049,78,68,10
112900050,58,595,-537
112900051,272,899,-627
112900052,6,1656,-1650
112900053,374,190,184
112900054,265,29,236
112900055,98,18,80
112900056,281,118,163
112900057,14,996,-982
112900058,222,162,60
112900059,154,154,0
112900060,9,370,-361
112900061,58,182,-124
112900062,27,150,-123
112900063,128,3,125
112900064,133,258,-125
112900065,26,11,15
112900066,94,83,11
112900067,579,150,429
112900068,21,11,10
112900069,2636,448,2188
112900071,21,4,17
112900072,436,859,-423
112900073,179,34,145
112900074,52,139,-87
112900075,2440,520,1920
112900076,133,7,126
112900078,142,223,-81
112900079,143,27,116
112900080,30,3,27
112900081,32,72,-40
112900082,171,16,155
112900083,54,48,6
112900084,84,45,39
112900086,42,0,42
112900087,282,81,201
112900088,54,2,52
112900089,323,19,304
112900090,13,6,7
112900091,88,6,82
112900092,145,196,-51
112900093,679,14,665
112900095,29,3,26
112900096,182,58,124
112900097,33,527,-494
112900098,29,0,29
112900099,306,7,299
112900100,16,0,16
112900101,144,4,140
112900102,39,6,33
112900103,74,5,69
112900104,242,3,239
112900105,4,0,4
112900106,271,79,192
112900107,1,0,1
112900108,4,0,4
112900109,51,1,50
112900110,435,7,428
112900111,268,3,265
112900112,171,1,170
112900113,0,9,-9
112900114,52,26,26
112900115,383,3,380
112900116,47,37,10
112900117,253,168,85
112900118,33,93,-60
112900119,87,1,86
112900120,786,248,538
112900121,360,163,197
112900122,21,179,-158
112900123,142,6,136
112900124,0,182,-182
112900125,35,230,-195
112900126,143,248,-105
112900127,213,58,155
112900128,428,982,-554
112900129,5,1026,-1021
112900130,168,35,133
112900131,44,366,-322
112900132,64,668,-604
112900133,36,1270,-1234
112900134,0,329,-329
112900135,38,30,8
112900137,3,915,-912
112900138,4,522,-518
112900139,197,1128,-931
112900141,264,15,249
112900142,59,54,5
112900143,34,859,-825
112900144,12,1440,-1428
112900145,53,521,-468
112900146,19,2170,-2151
112900147,1,3018,-3017
112900148,25,0,25
112900149,181,606,-425
112900151,22,71,-49
112900152,6337,856,5481
112900153,1980,1070,910
112900154,0,149,-149
112900155,88,7,81
112900156,195,2119,-1924
112900157,128,247,-119
112900158,21,13,8
112900159,107,40,67
112900160,29,353,-324
112900161,49,28,21
112900162,41,14,27
112900163,167,20,147
112900164,38,102,-64
112900165,66,83,-17
112900166,38,26,12
112900167,4,34,-30
112900168,1,1,0
112900169,5,3,2
112900170,27,147,-120
112900172,89,6,83
112900173,215,126,89
112900174,225,28,197
112900175,119,84,35
112900176,14,11,3
112900177,159,31,128
112900178,395,1281,-886
112900179,57,553,-496
112900180,886,2270,-1384
112900181,259,3,256
112900182,30,1649,-1619
112900183,118,195,-77
112900184,403,300,103
112900185,211,307,-96
112900186,1302,522,780
112900187,54,258,-204
112900188,501,248,253
112900189,2,16,-14
112900190,2,55,-53
112900192,263,262,1
112900193,724,213,511
112900194,13,175,-162
112900195,378,19,359
112900196,272,553,-281
112900197,162,443,-281
112900199,205,889,-684
112900200,262,335,-73
112900201,44,96,-52
112900202,219,1107,-888
112900203,74,467,-393
112900204,915,409,506
112900205,1,12,-11
112900206,17,97,-80
112900207,6,0,6
112900208,71,112,-41
112900209,518,472,46
112900210,1,16,-15
112900211,46,30,16
112900212,1,106,-105
112900213,25,14,11
112900214,15,6,9
112900215,1,295,-294
112900216,29,65,-36
112900217,0,73,-73
112900218,35,57,-22
112900219,29,55,-26
112900220,1,0,1
112900221,6,192,-186
112900222,0,22,-22
112900223,392,7,385
112900224,124,1073,-949
112900225,197,711,-514
112900226,156,206,-50
112900227,162,1358,-1196
112900228,20,30,-10
112900229,90,71,19
112900230,7477,2566,4911
112900232,131,89,42
112900233,46,302,-256
112900234,3,187,-184
112900235,60,17,43
112900236,138,10,128
112900237,76,662,-586
112900238,0,55,-55
112900239,702,288,414
112900240,7,268,-261
112900241,2,298,-296
112900242,14,613,-599
112900243,4,448,-444
112900244,4,235,-231
112900245,0,56,-56
112900246,1,23,-22
112900247,108,21,87
112900248,28,1,27
112900249,22,5,17
112900250,18,31,-13
112900251,27,16,11
112900252,54,30,24
112900253,14,10,4
112900254,6,4,2
112900255,0,20,-20
112900256,3,14,-11
112900257,21,10,11
112900258,16,25,-9
113000001,4371,5838,-1467
113000002,3041,3780,-739
113000003,1663,2354,-691
113000004,1817,2531,-714
113000005,1297,1188,109
113000006,912,1535,-623
113000007,1220,1412,-192
113000008,1220,2086,-866
113000009,686,1043,-357
113000010,958,1751,-793
113000011,762,1647,-885
113000012,826,1091,-265
113000013,1297,658,639
113000014,1779,1210,569
113000015,587,177,410
113000016,335,393,-58
113000017,22,251,-229
113000018,330,68,262
113000019,39,212,-173
113000020,164,19,145
113000021,1784,582,1202
113000022,639,1684,-1045
113000025,215,312,-97
113000026,237,446,-209
113000027,1188,360,828
113000028,942,307,635
113000029,766,715,51
113000030,434,531,-97
113000031,303,286,17
113000032,279,285,-6
113000033,241,385,-144
113000034,363,310,53
113000035,24,21,3
113000036,36,58,-22
113000037,57,10,47
113000038,6,68,-62
113000039,57,692,-635
113000040,39,113,-74
113000042,854,517,337
113000051,610,2259,-1649
113000052,2319,1210,1109
113000053,329,702,-373
113000054,191,966,-775
113000055,800,1319,-519
113000056,738,1721,-983
113000058,605,697,-92
113000059,1293,577,716
113000060,97,511,-414
113000061,770,846,-76
113000062,1520,269,1251
113000063,78,343,-265
113000064,16,554,-538
113000065,100,1658,-1558
113000066,356,108,248
113000067,974,1322,-348
113000068,329,2741,-2412
113000069,379,1955,-1576
113000070,1046,929,117
113000071,237,782,-545
113000072,404,490,-86
113000073,563,1595,-1032
113000074,761,385,376
113000075,1718,575,1143
113000076,1382,1976,-594
113000077,1156,452,704
113000078,707,1805,-1098
113000079,559,683,-124
113000080,606,569,37
113000081,636,687,-51
113000082,863,660,203
113000083,452,779,-327
113000084,1328,1046,282
113000085,689,591,98
113000086,795,1344,-549
113000087,851,705,146
113000088,1997,1177,820
113000089,897,1267,-370
113000090,222,412,-190
113000091,620,290,330
113000094,774,217,557
113000095,291,1461,-1170
113000096,155,1111,-956
113000097,716,329,387
113000098,79,56,23
113000099,811,295,516
113000100,136,568,-432
113000101,355,619,-264
113000102,473,318,155
113000103,2761,593,2168
113000104,412,3422,-3010
113000105,372,634,-262
113000106,292,529,-237
113000107,676,1238,-562
113000108,1031,1879,-848
113000109,408,4859,-4451
113000110,1252,486,766
113000111,199,899,-700
113000112,330,471,-141
113000113,1540,445,1095
113000114,304,1331,-1027
113000116,621,299,322
113000117,919,155,764
113000118,173,377,-204
113000119,224,378,-154
113000120,38,277,-239
113000121,335,869,-534
113000124,182,139,43
113000125,36,615,-579
113000127,4020,578,3442
113000128,447,371,76
113000129,367,1426,-1059
113000133,5104,1132,3972
113000134,12,1126,-1114
113000135,2639,2439,200
113000137,1731,2080,-349
113000139,256,126,130
113000140,130,230,-100
113000141,188,112,76
113000142,402,762,-360
113000143,205,178,27
113000144,233,644,-411
113000145,45,174,-129
113000146,84,85,-1
113000147,80,128,-48
113000148,93,192,-99
113000149,55,148,-93
113000150,368,431,-63
113000151,45,81,-36
113000152,19,137,-118
113000153,1730,482,1248
113000154,561,1350,-789
113000155,248,359,-111
113000156,122,417,-295
113000157,231,803,-572
113000158,450,177,273
113000159,620,619,1
113000160,561,1160,-599
113000161,231,617,-386
113000162,358,423,-65
113000163,68,59,9
113000164,34,83,-49
113000166,88,83,5
113000167,23,217,-194
113000168,73,200,-127
113000169,88,117,-29
113000170,86,106,-20
113000171,43,101,-58
113000172,196,106,90
113000173,30,25,5
113000174,96,547,-451
113000175,284,160,124
113000176,332,184,148
113000177,200,508,-308
113000178,179,491,-312
113000179,252,168,84
113000180,668,1969,-1301
113000181,1099,1454,-355
113000182,233,373,-140
113000183,223,635,-412
113000184,15,110,-95
113000189,420,627,-207
113000190,1012,481,531
113000192,3263,1228,2035
113000193,5665,1028,4637
113000194,2564,1080,1484
113000195,2450,506,1944
113000196,204,98,106
113000197,1447,954,493
113000198,56,347,-291
113000199,667,352,315
113000201,1161,188,973
113000202,4247,3229,1018
113000203,588,252,336
113000204,2156,1265,891
113000205,26,17,9
113000206,10,22,-12
113000207,55,20,35
113000208,35,48,-13
113000209,14,14,0
113000210,3,38,-35
113000211,324,202,122
113000212,327,22,305
113000213,25,164,-139
113000214,143,351,-208
113000234,154,1473,-1319
113000410,550,148,402
113000411,2368,4157,-1789
113000412,10210,2298,7912
113000413,3426,2229,1197
113000414,7953,8477,-524
113000415,2221,2686,-465
113000416,8751,3655,5096
113000417,2720,2550,170
113000418,2841,2649,192
113000419,1114,1559,-445
113000420,3177,3529,-352
113000421,3288,4520,-1232
113000422,14698,8394,6304
113000423,2285,3452,-1167
113000424,4414,8771,-4357
113000425,7,65,-58
113000428,155,19,136
113000430,32,47,-15
113000432,1437,133,1304
113000433,166,1088,-922
113000434,19,378,-359
113000435,26,1156,-1130
113000436,57,1932,-1875
113000437,335,23,312
113000438,100,28,72
113000439,27,209,-182
113000440,72,27,45
113000441,128,324,-196
113000442,108,370,-262
113000443,100,476,-376
113000444,108,487,-379
113000445,61,266,-205
113000446,34,120,-86
113000448,538,187,351
113000449,429,1344,-915
113000450,825,4590,-3765
113000451,2767,210,2557
113000452,498,598,-100
113000453,156,313,-157
113000454,2175,27,2148
113000455,74,177,-103
113000456,3339,1804,1535
113000468,3580,228,3352
113000469,357,123,234
113000470,738,117,621
113000471,11,740,-729
113000472,81,297,-216
113000474,334,715,-381
113000475,1554,2050,-496
113000476,788,1851,-1063
113000477,1705,2065,-360
113000478,3571,6640,-3069
113000479,17,345,-328
113000485,2,0,2
113000486,19,0,19
113000487,0,1,-1
113000488,0,0,0
113000489,1,0,1
113000490,0,0,0
113000491,0,21,-21
113000492,2,13,-11
113000493,7,0,7
113000495,309,291,18
113000496,154,145,9
113000499,0,0,0
113900001,7,314,-307
113900002,0,284,-284
113900003,1,277,-276
113900004,7,99,-92
113900005,2,84,-82
113900006,11,88,-77
113900007,157,0,157
113900008,177,0,177
113900009,592,1,591
113900010,238,2,236
113900011,47,2,45
113900012,13,1,12
113900013,1704,9,1695
113900014,726,1,725
113900015,0,54,-54
113900016,31,0,31
113900017,1,74,-73
113900018,456,102,354
113900019,77,67,10
113900020,43,0,43
113900022,6,0,6
113900023,19,0,19
113900024,30,74,-44
113900025,284,14,270
113900026,38,0,38
113900027,3,133,-130
113900028,19,625,-606
113900029,27,337,-310
113900030,125,3,122
113900031,4,0,4
113900032,4,0,4
113900033,62,64,-2
113900035,59,1,58
113900036,9,146,-137
113900037,50,721,-671
113900038,108,122,-14
113900039,91,3,88
113900040,5,4,1
113900041,1,2,-1
113900042,44,33,11
113900043,169,86,83
113900044,282,99,183
113900045,51,1,50
113900046,166,725,-559
113900047,39,194,-155
113900048,284,48,236
113900049,1012,228,784
113900050,118,482,-364
113900051,195,493,-298
113900052,132,114,18
113900053,326,230,96
113900054,5,34,-29
113900055,93,446,-353
113900056,90,171,-81
113900057,18,134,-116
113900058,46,211,-165
113900059,166,347,-181
113900060,63,260,-197
113900061,1008,156,852
113900062,91,12,79
113900063,59,147,-88
113900064,4,163,-159
113900065,634,16,618
113900066,213,532,-319
113900067,51,372,-321
113900068,304,290,14
113900069,27,24,3
113900070,180,400,-220
113900071,73,117,-44
113900072,39,161,-122
113900073,127,414,-287
113900074,31,496,-465
113900075,878,919,-41
113900076,127,9,118
113900077,25,247,-222
113900078,36,80,-44
113900079,0,53,-53
113900080,236,175,61
113900081,46,208,-162
113900082,91,219,-128
113900083,122,825,-703
113900084,252,83,169
113900085,46,404,-358
113900086,37,20,17
113900087,26,235,-209
113900088,41,71,-30
113900089,268,56,212
113900090,417,328,89
113900091,12,12,0
113900092,44,65,-21
113900093,90,564,-474
113900094,206,457,-251
113900095,97,98,-1
113900096,109,56,53
113900097,1,130,-129
113900098,421,61,360
113900099,0,96,-96
113900100,0,3,-3
113900101,15,41,-26
113900102,104,76,28
113900103,150,181,-31
113900104,80,156,-76
113900105,47,442,-395
113900106,1,146,-145
113900107,0,25,-25
113900108,228,131,97
113900109,277,80,197
113900110,30,14,16
113900111,80,117,-37
113900112,173,161,12
113900113,584,383,201
113900114,0,154,-154
113900115,1,100,-99
113900116,64,80,-16
113900117,65,19,46
113900118,161,167,-6
113900119,221,283,-62
113900120,81,43,38
113900121,29,86,-57
113900122,289,1506,-1217
113900123,321,166,155
113900124,0,80,-80
113900125,1468,133,1335
113900126,103,40,63
113900127,205,379,-174
113900128,63,41,22
113900129,9,70,-61
113900130,0,18,-18
113900131,127,72,55
113900132,26,39,-13
113900133,6,21,-15
113900135,232,620,-388
113900136,84,81,3
113900137,316,192,124
113900138,49,108,-59
113900139,601,79,522
113900140,334,181,153
113900141,212,661,-449
113900142,68,104,-36
113900143,6,19,-13
113900144,230,125,105
113900145,215,263,-48
113900146,62,54,8
113900148,178,179,-1
113900149,112,45,67
113900150,744,484,260
113900151,155,190,-35
113900152,8,46,-38
113900153,385,383,2
113900154,2,82,-80
113900155,186,92,94
113900156,228,600,-372
113900157,13,182,-169
113900158,245,214,31
113900159,14,227,-213
113900160,372,718,-346
113900161,23,184,-161
113900162,326,386,-60
113900163,229,237,-8
113900164,271,53,218
113900165,426,532,-106
113900166,152,103,49
113900167,191,43,148
113900168,147,109,38
113900169,177,380,-203
113900171,64,36,28
113900172,4,239,-235
113900173,43,835,-792
113900174,360,694,-334
113900175,220,87,133
113900176,157,696,-539
113900177,308,185,123
113900178,144,95,49
113900179,16,904,-888
113900180,153,103,50
113900181,383,118,265
113900182,349,915,-566
113900183,44,83,-39
113900184,15,766,-751
113900185,151,79,72
113900186,34,37,-3
113900187,27,98,-71
113900188,42,141,-99
113900189,288,81,207
113900190,248,87,161
113900191,93,237,-144
113900192,8,227,-219
113900193,52,376,-324
113900194,2581,908,1673
113900195,288,496,-208
113900196,1,134,-133
113900197,7,406,-399
113900198,19,107,-88
113900199,157,688,-531
113900200,20,253,-233
113900201,3,322,-319
113900202,60,273,-213
113900203,2,210,-208
113900204,48,705,-657
113900205,5,157,-152
113900206,3,146,-143
113900207,1,89,-88
113900208,0,52,-52
113900209,1,108,-107
113900210,661,439,222
113900211,95,67,28
113900212,103,701,-598
113900214,318,400,-82
113900215,52,126,-74
113900216,43,1481,-1438
113900217,44,467,-423
113900218,74,47,27
113900219,117,598,-481
113900220,89,65,24
113900221,223,122,101
113900222,442,318,124
113900223,69,1248,-1179
113900224,116,99,17
113900225,844,173,671
113900226,217,98,119
113900227,200,135,65
113900228,302,302,0
113900229,53,409,-356
113900230,3993,1517,2476
113900231,110,217,-107
113900232,38,86,-48
113900233,26,58,-32
113900234,144,350,-206
113900235,43,29,14
113900236,48,517,-469
113900237,63,3,60
113900238,162,390,-228
113900239,72,71,1
113900240,1,86,-85
113900241,68,88,-20
113900242,37,188,-151
113900243,153,352,-199
113900244,415,145,270
113900245,1177,196,981
113900246,15,6,9
113900247,140,209,-69
113900248,3408,1305,2103
113900249,1612,283,1329
113900250,34,137,-103
113900251,315,291,24
113900252,254,15,239
113900253,435,31,404
113900254,600,111,489
113900255,241,23,218
113900256,326,25,301
113900257,29,1017,-988
113900258,14,724,-710
113900259,297,304,-7
113900260,98,20,78
113900261,16,128,-112
113900262,112,946,-834
113900263,160,693,-533
113900264,6,766,-760
113900265,148,226,-78
113900266,29,294,-265
113900267,130,455,-325
113900268,168,289,-121
113900269,70,128,-58
113900270,399,345,54
113900271,343,1354,-1011
113900273,25,6,19
113900274,48,13,35
113900275,17,45,-28
113900276,5,324,-319
113900277,43,2,41
113900278,242,127,115
113900279,79,113,-34
113900280,1013,661,352
113900281,324,864,-540
113900282,893,449,444
113900283,283,457,-174
113900284,671,153,518
113900285,120,69,51
113900286,11,118,-107
113900287,15,152,-137
113900288,1,54,-53
113900289,1594,96,1498
113900290,511,151,360
113900291,139,136,3
113900292,1,10,-9
113900293,93,242,-149
113900294,258,17,241
113900295,321,299,22
113900296,2858,408,2450
113900297,603,15,588
113900298,10,2015,-2005
113900299,49,197,-148
113900300,5917,2322,3595
113900301,1044,390,654
113900302,3020,620,2400
113900303,645,259,386
113900304,0,196,-196
113900305,44,1,43
113900306,15,0,15
113900307,45,0,45
113900308,76,104,-28
113900309,8,1075,-1067
113900310,0,34,-34
113900311,3,1,2
113900312,122,148,-26
113900313,9,10,-1
113900314,0,31,-31
113900315,40,1,39
114000001,1032,4247,-3215
114000002,146,626,-480
114000003,167,1653,-1486
114000004,210,486,-276
114000005,142,272,-130
114000006,2101,2480,-379
114000007,449,1522,-1073
114000008,1078,1075,3
114000009,294,189,105
114000011,2027,4541,-2514
114000012,1254,3702,-2448
114000013,1082,2793,-1711
114000014,368,884,-516
114000015,848,726,122
114000016,156,529,-373
114000017,118,138,-20
114000018,788,102,686
114000026,811,2108,-1297
114000027,1406,2467,-1061
114000028,1754,2152,-398
114000038,122,126,-4
114000039,131,368,-237
114000040,60,130,-70
114000042,105,266,-161
114000043,237,320,-83
114000044,173,206,-33
114000045,40,132,-92
114000046,1950,5185,-3235
114000047,6,57,-51
114000048,68,193,-125
114000049,1018,1299,-281
114000050,1343,1399,-56
114000051,2391,1561,830
114000052,2103,953,1150
114000053,37,545,-508
114000054,126,1944,-1818
114000055,207,16,191
114000056,876,573,303
114000057,11760,2365,9395
114000058,479,872,-393
114000059,286,206,80
114000060,458,700,-242
114000061,3172,1445,1727
114000062,1978,781,1197
114000063,2519,1280,1239
114000064,6532,2506,4026
114000065,2006,2316,-310
114000066,316,735,-419
114000067,7,269,-262
114000068,294,437,-143
114000069,428,438,-10
114000070,1623,1247,376
114000071,356,466,-110
114000072,181,739,-558
114000073,18,186,-168
114000074,16,15,1
114000075,39,242,-203
114000076,13,222,-209
114000077,17,94,-77
114000078,122,1140,-1018
114000079,82,24,58
114000080,85,69,16
114000081,36,102,-66
114000082,48,661,-613
114000083,50,285,-235
114000084,120,67,53
114000085,91,933,-842
114000086,196,806,-610
114000087,18,317,-299
114000088,36,69,-33
114000089,2305,499,1806
114000090,423,454,-31
114000091,1033,478,555
114000092,608,290,318
114000093,546,623,-77
114000094,282,433,-151
114000095,85,97,-12
114000096,85,454,-369
114000097,103,671,-568
114000098,217,67,150
114000099,262,1625,-1363
114000100,590,898,-308
114000101,241,1150,-909
114000102,250,393,-143
114000103,115,721,-606
114000104,18,472,-454
114000105,43,31,12
114000106,1504,473,1031
114000107,145,120,25
114000108,6164,1784,4380
114000109,303,789,-486
114000110,495,2429,-1934
114000111,760,472,288
114000112,364,4277,-3913
114000113,800,442,358
114000114,1034,2802,-1768
114000115,1352,799,553
114000116,352,935,-583
114000117,1216,360,856
114000118,1424,353,1071
114000119,773,383,390
114000120,529,1162,-633
114000121,402,659,-257
114000122,286,310,-24
114000123,827,328,499
114000124,490,380,110
114000125,858,2395,-1537
114000126,810,224,586
114000127,115,295,-180
114000128,711,902,-191
114000130,374,557,-183
114000131,118,69,49
114000132,560,840,-280
114000133,721,1548,-827
114000134,30,200,-170
114000138,37,164,-127
114000139,184,121,63
114000144,493,420,73
114000145,61,175,-114
114000146,63,366,-303
114000147,845,1053,-208
114000148,2884,1258,1626
114000149,224,244,-20
114000150,1828,919,909
114000151,2603,1101,1502
114000152,97,15,82
114000153,1085,1721,-636
114000154,735,820,-85
114000155,1109,1736,-627
114000156,710,442,268
114000157,266,980,-714
114000158,2608,597,2011
114000159,187,365,-178
114000160,82,192,-110
114000161,1243,1470,-227
114000162,642,1168,-526
114000163,22,139,-117
114000165,190,165,25
114000166,545,264,281
114000167,5417,1198,4219
114000168,622,586,36
114000169,1610,538,1072
114000170,754,634,120
114000171,637,1569,-932
114000174,157,455,-298
114000176,610,331,279
114000177,3153,663,2490
114000178,47,63,-16
114000179,1109,888,221
114000180,582,565,17
114000181,1369,2131,-762
114000182,7234,2243,4991
114000183,1148,1279,-131
114000184,8495,1718,6777
114000185,693,968,-275
114000189,309,66,243
114000190,1220,190,1030
114000191,27,30,-3
114000192,353,1946,-1593
114000193,1130,4354,-3224
114000194,1137,1657,-520
114000195,90,5,85
114000196,2,642,-640
114000197,693,253,440
114000198,1626,509,1117
114000199,2325,1184,1141
114000200,652,3102,-2450
114000201,148,1462,-1314
114000202,802,1140,-338
114000203,519,1424,-905
114000204,148,646,-498
114000205,204,2208,-2004
114000206,400,1656,-1256
114000207,1306,2923,-1617
114000208,430,4650,-4220
114000209,746,4729,-3983
114000210,370,3107,-2737
114000211,891,2036,-1145
114000212,369,877,-508
114000213,900,792,108
114000214,83,221,-138
114000215,110,103,7
114000216,812,424,388
114000217,149,495,-346
114000218,108,402,-294
114000219,718,297,421
114000220,22,2599,-2577
114000221,406,150,256
114000222,263,2051,-1788
114000223,277,82,195
114000224,120,1211,-1091
114000225,215,684,-469
114000226,50,264,-214
114000227,646,574,72
114000228,609,1446,-837
114000229,839,1472,-633
114000230,1310,2072,-762
114000231,734,1442,-708
114000232,415,133,282
114000233,1154,120,1034
114000234,905,1411,-506
114000235,864,2054,-1190
114000236,1,629,-628
114000237,75,1438,-1363
114000238,66,285,-219
114000239,130,1898,-1768
114000240,608,731,-123
114000241,222,1524,-1302
114000242,1061,1414,-353
114000243,1070,939,131
114000244,646,403,243
114000245,344,655,-311
114000246,195,50,145
114000247,602,857,-255
114000248,599,654,-55
114000249,446,657,-211
114000250,241,693,-452
114000251,197,440,-243
114000252,75,105,-30
114000253,34,364,-330
114000254,30,89,-59
114000255,796,178,618
114000256,1677,876,801
114000257,971,2377,-1406
114000258,137,492,-355
114000259,53,366,-313
114000260,0,20,-20
114000261,25,31,-6
114000262,38,170,-132
114000263,9,2,7
114000264,505,740,-235
114000265,4,0,4
114000267,4,1678,-1674
114000268,6,2691,-2685
114000270,73,0,73
114000271,602,109,493
114000283,489,462,27
114000285,50,463,-413
114000288,38,631,-593
114000289,677,265,412
114000293,95,541,-446
114000294,127,228,-101
114000395,1319,95,1224
114000396,233,384,-151
114000402,256,431,-175
114000403,213,948,-735
114000405,60,816,-756
114000423,137,675,-538
114000424,117,256,-139
114000425,233,814,-581
114000426,198,675,-477
114000427,53,122,-69
114000428,324,89,235
114000429,17,220,-203
114000432,48,255,-207
114000434,17,121,-104
114000435,0,175,-175
114900001,245,1920,-1675
114900002,275,62,213
114900003,294,3106,-2812
114900004,134,170,-36
114900005,271,1233,-962
114900006,23,15,8
114900007,99,17,82
114900008,70,54,16
114900010,2335,1502,833
114900011,81,108,-27
114900013,105,81,24
114900020,150,50,100
114900025,171,357,-186
114900026,42,66,-24
114900029,70,38,32
114900030,194,290,-96
114900031,172,44,128
114900032,137,50,87
114900034,30,228,-198
114900035,88,270,-182
114900036,225,1344,-1119
114900039,297,686,-389
114900040,77,349,-272
114900041,387,647,-260
114900042,438,782,-344
114900044,97,12,85
114900047,205,1120,-915
114900048,62,510,-448
114900049,27,544,-517
114900050,36,1008,-972
114900051,9,654,-645
114900052,51,182,-131
114900053,49,296,-247
114900054,43,99,-56
114900057,126,16,110
114900058,0,74,-74
114900059,38,24,14
114900063,54,249,-195
114900064,542,611,-69
114900065,238,576,-338
114900067,26,343,-317
114900068,93,547,-454
114900069,252,184,68
114900070,250,905,-655
114900072,8,309,-301
114900073,1,209,-208
114900074,202,1522,-1320
114900075,104,1,103
114900076,5,354,-349
114900080,4355,450,3905
114900082,4248,1370,2878
114900083,1044,817,227
114900090,143,221,-78
114900091,255,172,83
114900097,69,3,66
114900098,3,306,-303
114900099,76,3,73
115000001,11081,6774,4307
115000002,2873,2915,-42
115000003,3914,5055,-1141
115000004,2340,4047,-1707
115000005,1464,3588,-2124
115000006,607,1529,-922
115000007,74,216,-142
115000008,519,580,-61
115000009,168,647,-479
115000010,295,161,134
115000013,85,182,-97
115000015,77,301,-224
115000016,62,181,-119
115000019,29,346,-317
115000020,198,347,-149
115000021,278,386,-108
115000022,418,321,97
115000023,249,408,-159
115000024,1086,487,599
115000025,631,478,153
115000026,99,405,-306
115000027,157,209,-52
115000028,131,732,-601
115000029,282,161,121
115000030,426,823,-397
115000031,809,202,607
115000032,10,311,-301
115000033,134,21,113
115000034,188,935,-747
115000035,790,39,751
115000036,1,400,-399
115000037,292,6,286
115000038,31,287,-256
115000039,3475,2324,1151
115000040,7345,4171,3174
115000041,993,2364,-1371
115000042,478,723,-245
115000043,2781,2487,294
115000044,2458,5021,-2563
115000045,2081,3450,-1369
115000046,1310,3196,-1886
115000047,1238,2570,-1332
115000048,1315,3315,-2000
115000049,1448,3300,-1852
115000050,2941,2445,496
115000051,2154,1932,222
115000052,4236,2135,2101
115000053,1327,1355,-28
115000054,733,1691,-958
115000055,110,439,-329
115000056,174,240,-66
115000057,314,560,-246
115000058,109,82,27
115000059,126,110,16
115000061,176,98,78
115000062,226,403,-177
115000063,154,434,-280
115000064,181,174,7
115000065,29,279,-250
115000067,335,27,308
115000069,32,327,-295
115000070,39,723,-684
115000071,91,9,82
115000072,20,65,-45
115000073,1524,56,1468
115000075,62,52,10
115000076,4551,4462,89
115000077,1053,4702,-3649
115000078,696,2546,-1850
115000079,727,3126,-2399
115000080,1601,3582,-1981
115000081,465,995,-530
115000082,2508,3012,-504
115000083,1863,3980,-2117
115000084,1070,1502,-432
115000085,481,1167,-686
115000086,606,1470,-864
115000087,585,1574,-989
115000088,1812,786,1026
115000089,1655,1545,110
115000090,884,845,39
115000091,548,1522,-974
115000092,270,351,-81
115000093,349,0,349
115000094,11598,5069,6529
115000095,8205,4568,3637
115000096,434,3073,-2639
115000097,580,874,-294
115000098,555,896,-341
115000099,1696,5440,-3744
115000100,583,781,-198
115000101,401,1709,-1308
115000102,321,233,88
115000103,412,1076,-664
115000105,45,278,-233
115000106,289,309,-20
115000107,109,692,-583
115000108,4960,2924,2036
115000109,7073,2779,4294
115000110,1023,824,199
115000111,643,1454,-811
115000112,484,421,63
115000113,574,673,-99
115000114,1429,699,730
115000116,3620,1543,2077
115000117,4703,1806,2897
115000118,1227,1506,-279
115000119,1369,1637,-268
115000120,437,808,-371
115000121,1306,743,563
115000122,2763,1157,1606
115000123,1496,1334,162
115000124,725,751,-26
115000125,378,550,-172
115000126,89,236,-147
115000127,366,111,255
115000128,1524,771,753
115000129,278,242,36
115000130,270,1273,-1003
115000131,382,242,140
115000132,143,881,-738
115000133,279,442,-163
115000134,123,245,-122
115000135,161,296,-135
115000136,130,199,-69
115000137,75,184,-109
115000138,170,259,-89
115000139,195,244,-49
115000140,175,248,-73
115000141,126,434,-308
115000142,103,410,-307
115000143,362,604,-242
115000144,341,99,242
115000145,190,495,-305
115000146,217,245,-28
115000147,370,544,-174
115000148,253,1762,-1509
115000149,311,207,104
115000150,573,1551,-978
115000151,634,474,160
115000152,487,2200,-1713
115000153,772,442,330
115000154,457,358,99
115000155,510,1389,-879
115000156,1208,572,636
115000157,863,969,-106
115000158,679,455,224
115000159,963,358,605
115000160,545,259,286
115000161,128,617,-489
115000162,563,494,69
115000163,801,659,142
115000164,513,551,-38
115000165,289,288,1
115000167,161,110,51
115000168,475,198,277
115000169,554,258,296
115000170,128,120,8
115000171,221,135,86
115000172,2535,600,1935
115000173,309,237,72
115000174,108,232,-124
115000175,138,83,55
115000176,81,49,32
115000177,88,46,42
115000178,16,292,-276
115000179,19,20,-1
115000180,63,790,-727
115000181,277,127,150
115000182,337,472,-135
115000183,165,1323,-1158
115000186,462,273,189
115000187,138,805,-667
115000188,280,615,-335
115000189,215,402,-187
115000190,851,603,248
115000191,244,414,-170
115000194,134,142,-8
115000195,217,241,-24
115000196,66,172,-106
115000197,147,547,-400
115000198,123,346,-223
115000199,133,471,-338
115000200,190,131,59
115000201,129,462,-333
115000206,212,114,98
115000207,28,326,-298
115000208,691,794,-103
115000209,310,165,145
115000210,75,96,-21
115000211,154,283,-129
115000212,1601,206,1395
115000224,263,99,164
115000225,41,65,-24
115000229,305,130,175
115000230,91,703,-612
115000231,285,3405,-3120
115000232,879,432,447
115000233,93,202,-109
115000234,16,380,-364
115000241,43,347,-304
115000242,57,425,-368
115000243,29,317,-288
115000244,6,109,-103
115000246,57,19,38
115000247,16,31,-15
115000248,16,16,0
115000249,45,14,31
115000250,237,44,193
115000251,118,188,-70
115000252,46,193,-147
115000253,9,265,-256
115000258,197,301,-104
115000259,343,182,161
115000261,7,27,-20
115000262,4,25,-21
115000263,11,54,-43
115000264,7,49,-42
115000267,62,91,-29
115000268,31,139,-108
115000269,101,64,37
115000270,6,27,-21
115000272,36,232,-196
115000273,193,21,172
115000280,2396,133,2263
115000281,538,297,241
115000282,767,413,354
115000284,223,125,98
115000296,831,4,827
115000297,148,60,88
115000298,85,178,-93
115000300,97,223,-126
115000302,236,233,3
115000303,285,167,118
115000304,326,120,206
115000305,59,1468,-1409
115000306,82,922,-840
115000307,35,343,-308
115000308,156,17,139
115000310,646,1307,-661
115000311,449,2007,-1558
115000313,121,896,-775
115000314,233,90,143
115000315,1257,473,784
115000316,50,70,-20
115000317,91,811,-720
115000318,400,206,194
115000319,48,381,-333
115000320,6,174,-168
115000321,476,12,464
115000322,51,352,-301
115000449,361,141,220
115000557,4,705,-701
115000558,265,75,190
115000587,287,329,-42
115000588,2067,4464,-2397
115000589,2453,3233,-780
115000590,565,1842,-1277
115000591,727,699,28
115000592,466,1515,-1049
115000593,907,634,273
115000594,690,1686,-996
115000609,102,219,-117
115000617,2051,1778,273
115000624,122,114,8
115000633,315,1520,-1205
115000634,2519,722,1797
115000635,323,155,168
115000638,1905,781,1124
115000641,61,108,-47
115000642,281,273,8
115000643,57,516,-459
115000644,154,315,-161
115000646,643,1053,-410
115000647,117,501,-384
115000648,1104,1953,-849
115000893,3194,1099,2095
115000894,72,1100,-1028
115000895,488,891,-403
115000896,1530,317,1213
115000897,363,107,256
115000898,462,171,291
115000899,973,1157,-184
115000900,146,382,-236
115000901,78,129,-51
115000912,144,109,35
115000913,2,55,-53
115000915,42,0,42
115000916,6,1,5
115000917,0,5,-5
115000918,70,187,-117
115000919,19,6,13
115000920,28,40,-12
115000921,1581,83,1498
115000922,1541,606,935
115000923,514,926,-412
115000925,65,79,-14
115000927,26,34,-8
115000933,416,191,225
115000934,106,223,-117
115000935,67,139,-72
115000936,65,312,-247
115000937,1443,140,1303
115000938,271,178,93
115000939,292,169,123
115000940,5,14,-9
115000941,9,19,-10
115000942,108,61,47
115000943,58,15,43
115000944,10,4,6
115900001,41,130,-89
115900002,73,222,-149
115900003,101,164,-63
115900004,3,98,-95
115900005,93,8,85
115900006,60,625,-565
115900008,25,17,8
115900009,35,461,-426
115900010,104,235,-131
115900011,227,335,-108
115900012,63,135,-72
115900013,204,153,51
115900014,38,238,-200
115900015,48,240,-192
115900016,31,18,13
115900017,3,1,2
115900018,146,125,21
115900019,241,14,227
115900020,19,0,19
115900021,1715,137,1578
115900022,3434,12,3422
115900023,20,1,19
115900025,39,175,-136
115900026,756,446,310
115900027,1,528,-527
115900028,642,75,567
115900029,9,708,-699
115900030,8,15,-7
115900031,311,143,168
115900032,285,830,-545
115900033,0,46,-46
115900034,41,745,-704
115900035,25,55,-30
115900036,545,363,182
115900037,35,592,-557
115900038,28,3,25
115900039,73,439,-366
115900041,487,395,92
115900042,5,8,-3
115900043,41,212,-171
115900044,328,117,211
115900046,134,322,-188
115900047,120,66,54
115900049,78,297,-219
115900051,1,83,-82
115900052,18,325,-307
115900053,66,408,-342
115900054,89,63,26
115900055,18,133,-115
115900056,56,488,-432
115900057,21,7,14
115900058,25,45,-20
115900060,22,168,-146
115900061,89,1,88
115900062,16,460,-444
115900063,39,8,31
115900064,119,224,-105
115900065,63,138,-75
115900066,246,224,22
115900067,13,1332,-1319
115900068,4041,337,3704
115900069,27,131,-104
115900070,123,343,-220
115900071,0,835,-835
115900072,89,336,-247
115900073,28,38,-10
115900074,3,461,-458
115900075,19,371,-352
115900076,1,106,-105
115900077,7,486,-479
115900078,24,160,-136
115900079,83,13,70
115900080,749,350,399
115900081,11,119,-108
115900082,110,168,-58
115900084,165,29,136
115900085,39,78,-39
115900086,1963,438,1525
115900088,14,35,-21
115900089,161,906,-745
115900090,129,20,109
115900091,4,8,-4
115900092,27,321,-294
115900093,9,37,-28
115900094,3,521,-518
115900096,0,36,-36
115900097,11,659,-648
115900098,89,706,-617
115900099,33,105,-72
115900100,9,862,-853
115900101,79,734,-655
115900102,53,113,-60
115900103,223,378,-155
115900104,29,201,-172
115900105,80,953,-873
115900106,36,52,-16
115900107,23,255,-232
115900108,22,50,-28
115900109,57,513,-456
115900110,2,23,-21
115900111,0,69,-69
115900112,25,1230,-1205
115900113,14,40,-26
115900114,3,193,-190
115900115,28,138,-110
115900116,41,1222,-1181
115900117,24,27,-3
115900118,9,472,-463
115900119,166,84,82
115900120,34,490,-456
115900121,79,306,-227
115900124,102,323,-221
115900125,139,32,107
115900126,289,56,233
115900127,300,48,252
115900128,11,140,-129
115900129,429,54,375
115900130,25,181,-156
115900131,79,35,44
115900132,205,12,193
115900134,242,17,225
115900135,549,542,7
115900137,20,1,19
115900139,55,40,15
115900140,75,27,48
115900141,8,24,-16
115900142,9,9,0
115900143,140,329,-189
115900144,57,251,-194
115900146,5,238,-233
115900147,230,173,57
115900148,16,4,12
115900149,25,34,-9
115900150,43,101,-58
115900151,11,59,-48
115900152,67,554,-487
115900153,54,316,-262
115900154,897,303,594
115900155,0,147,-147
115900156,405,511,-106
115900157,117,366,-249
115900158,59,9,50
115900159,52,328,-276
115900160,6,3,3
115900161,35,251,-216
115900163,54,158,-104
115900164,177,116,61
115900166,146,345,-199
115900168,50,135,-85
115900171,51,489,-438
115900172,31,127,-96
115900173,133,142,-9
115900174,338,211,127
115900175,78,248,-170
115900178,4,1016,-1012
115900179,143,14,129
115900180,40,556,-516
115900181,103,354,-251
115900182,210,395,-185
115900183,81,20,61
115900184,1329,19,1310
115900187,3,141,-138
115900189,0,107,-107
115900190,280,686,-406
115900191,78,630,-552
115900192,3,69,-66
115900193,59,87,-28
115900194,258,48,210
115900195,497,730,-233
115900198,167,254,-87
115900199,136,294,-158
115900200,181,416,-235
115900201,282,248,34
115900202,1,26,-25
115900203,1,4,-3
115900204,0,3,-3
115900205,36,9,27
115900206,53,133,-80
115900207,16,34,-18
115900208,68,482,-414
115900209,2,210,-208
115900210,2,169,-167
115900211,0,263,-263
115900212,85,282,-197
115900213,67,31,36
115900214,195,301,-106
115900215,27,56,-29
115900216,8,82,-74
115900217,1,129,-128
115900218,1,66,-65
115900219,25,1,24
115900220,62,15,47
115900221,29,4,25
115900222,23,9,14
115900223,6,129,-123
115900224,2058,405,1653
115900225,77,39,38
115900226,16,59,-43
115900227,2,62,-60
115900228,9,55,-46
115900229,9,73,-64
115900230,56,141,-85
115900231,82,3,79
115900232,31,0,31
115900233,39,10,29
115900234,53,21,32
115900235,27,24,3
115900236,36,6,30
115900237,3,46,-43
115900238,17,35,-18
115900239,0,33,-33
115900240,14,49,-35
115900241,92,69,23
115900242,314,228,86
115900243,1,11,-10
115900244,2,28,-26
115900245,45,22,23
115900246,6,1,5
115900247,7,16,-9
115900248,6,4,2
115900249,3,9,-6
115900250,4,17,-13
115900251,0,6,-6
115900252,0,1,-1
115900253,1,7,-6
115900254,12,23,-11
115900255,2,15,-13
115900256,43,34,9
115900257,0,5,-5
115900258,0,0,0
115900259,0,4,-4
115900260,9,3,6
115900261,1,0,1
115900262,1,1,0
115900263,4,2,2
115900264,2,5,-3
115900265,0,1,-1
115900266,1,4,-3
115900267,1,4,-3
115900268,3,8,-5
115900269,148,344,-196
115900270,184,1124,-940
115900271,39,1,38
115900272,19,1,18
115900273,5,8,-3
115900274,5,27,-22
115900275,1,53,-52
115900276,0,106,-106
115900277,2,223,-221
115900278,11,136,-125
115900279,6,152,-146
115900280,9,191,-182
115900281,850,138,712
115900282,10,7,3
115900283,3,8,-5
115900284,8,10,-2
116000001,16032,5549,10483
116000002,3525,5624,-2099
116000003,1303,2220,-917
116000004,2256,1927,329
116000005,3255,4338,-1083
116000006,2130,1138,992
116000007,3358,5268,-1910
116000008,1690,1528,162
116000009,1807,3182,-1375
116000010,1335,821,514
116000011,943,2529,-1586
116000012,696,654,42
116000013,20460,4657,15803
116000014,23701,9113,14588
116000015,542,800,-258
116000016,9492,2158,7334
116000017,41,473,-432
116000018,750,500,250
116000019,397,297,100
116000020,390,1585,-1195
116000021,286,300,-14
116000022,219,637,-418
116000023,626,536,90
116000024,551,1649,-1098
116000025,614,526,88
116000026,1319,2124,-805
116000027,389,573,-184
116000028,415,632,-217
116000029,909,595,314
116000030,501,372,129
116000031,105,195,-90
116000032,338,260,78
116000033,299,638,-339
116000034,598,1096,-498
116000035,409,555,-146
116000036,2072,578,1494
116000037,810,662,148
116000038,771,327,444
116000039,712,250,462
116000040,1437,193,1244
116000041,246,547,-301
116000042,414,180,234
116000043,45,510,-465
116000044,24,197,-173
116000045,1781,1095,686
116000046,1335,1247,88
116000047,2289,2072,217
116000048,2000,1770,230
116000049,808,1965,-1157
116000050,1220,1469,-249
116000051,3336,1802,1534
116000052,3351,3620,-269
116000053,1167,1208,-41
116000054,628,2223,-1595
116000055,433,1443,-1010
116000056,514,1179,-665
116000057,3138,1977,1161
116000058,3104,1807,1297
116000059,2888,4425,-1537
116000060,3262,1097,2165
116000061,690,837,-147
116000062,1028,391,637
116000063,528,1100,-572
116000066,156,501,-345
116000067,211,622,-411
116000068,183,281,-98
116000069,277,425,-148
116000078,314,1038,-724
116000080,1056,1106,-50
116000082,8,146,-138
116000083,951,406,545
116000084,2561,4664,-2103
116000085,1458,1069,389
116000086,3481,1899,1582
116000087,944,1251,-307
116000088,683,1263,-580
116000089,118,114,4
116000090,137,171,-34
116000091,126,129,-3
116000093,333,670,-337
116000094,219,804,-585
116000095,319,871,-552
116000096,445,1073,-628
116000097,353,1148,-795
116000098,447,3392,-2945
116000099,13182,528,12654
116000100,107,8,99
116000101,355,2179,-1824
116000102,164,2006,-1842
116000103,250,250,0
116000104,100,2434,-2334
116000105,572,217,355
116000106,342,2126,-1784
116000107,1091,651,440
116000108,77,272,-195
116000111,107,20,87
116000113,42,64,-22
116000114,20,109,-89
116000115,84,100,-16
116000116,176,520,-344
116000117,846,2268,-1422
116000118,777,1600,-823
116000119,1608,2250,-642
116000120,2159,5117,-2958
116000121,422,434,-12
116000122,1243,2971,-1728
116000123,303,593,-290
116000124,185,1319,-1134
116000125,1006,467,539
116000126,216,1618,-1402
116000127,1113,2041,-928
116000128,1281,789,492
116000129,423,178,245
116000130,201,210,-9
116000133,367,1348,-981
116000134,1312,3953,-2641
116000135,1103,1484,-381
116000136,765,3302,-2537
116000137,643,653,-10
116000138,797,389,408
116000139,1382,2699,-1317
116000140,132,342,-210
116000141,425,1550,-1125
116000142,4385,4754,-369
116000143,1921,1650,271
116000144,1041,3662,-2621
116000145,1262,1833,-571
116000146,230,485,-255
116000147,371,153,218
116000148,303,383,-80
116000149,256,585,-329
116000151,564,1577,-1013
116000153,60,708,-648
116000155,248,208,40
116000156,281,1171,-890
116000157,35,30,5
116000158,310,328,-18
116000159,25,11,14
116000160,9,139,-130
116000161,5,163,-158
116000162,64,64,0
116000163,24,2,22
116000164,2,18,-16
116000177,65,158,-93
116000194,103,324,-221
116000195,1951,734,1217
116000196,4,13,-9
116000197,4,10,-6
116000198,2346,1021,1325
116000200,821,229,592
116000201,672,719,-47
116000202,10,473,-463
116000203,25,115,-90
116000204,8,67,-59
116000205,2,156,-154
116000206,1,124,-123
116000207,2,45,-43
116000233,154,1163,-1009
116000287,71,831,-760
116000288,90,405,-315
116000292,27,203,-176
116000296,13,327,-314
116000297,55,18,37
116000304,38,32,6
116000305,16,110,-94
116000346,185,224,-39
116000352,67,41,26
116000354,36,24,12
116000357,17,15,2
116000358,130,40,90
116000361,1035,5,1030
116000372,13225,2729,10496
116000381,46,3,43
116000388,0,25,-25
116000389,407,730,-323
116000445,178,751,-573
116000446,295,1798,-1503
116000447,9,449,-440
116000448,598,435,163
116000563,1000,735,265
116000565,112,435,-323
116000568,30,80,-50
116000579,33,141,-108
116000584,18,10,8
116000585,7,18,-11
116000586,259,131,128
116000587,445,647,-202
116000589,55,91,-36
116000590,45,63,-18
116000591,102,442,-340
116000592,8,158,-150
116000593,0,181,-181
116000594,230,680,-450
116000595,360,149,211
116000596,78,7,71
116000597,126,56,70
116000598,16,221,-205
116000605,327,178,149
116000606,30,147,-117
116000607,1,84,-83
116000609,407,720,-313
116000611,97,668,-571
116000612,497,1789,-1292
116000613,348,419,-71
116000614,442,1126,-684
116000615,1,137,-136
116000616,29,168,-139
116000617,61,150,-89
116000618,2,301,-299
116000619,14,41,-27
116000620,37,403,-366
116000621,16,106,-90
116000622,33,174,-141
116000624,67,73,-6
116000627,54,273,-219
116000628,64,1274,-1210
116000629,33,825,-792
116000630,147,64,83
116000631,53,101,-48
116000632,195,244,-49
116000633,79,759,-680
116000634,142,338,-196
116000635,3660,1669,1991
116000636,2239,1116,1123
116000637,227,108,119
116000638,81,763,-682
116000639,40,2,38
116000640,8,7,1
116000641,54,274,-220
116000643,2,272,-270
116000644,11,1433,-1422
116000645,6,63,-57
116900001,126,178,-52
116900002,329,5,324
116900003,14,70,-56
116900004,47,84,-37
116900005,152,63,89
116900006,265,156,109
116900007,89,261,-172
116900008,158,604,-446
116900009,25,20,5
116900010,6,2285,-2279
116900011,7,48,-41
116900012,88,239,-151
116900013,4,205,-201
116900014,68,488,-420
116900015,230,56,174
116900016,86,3,83
116900017,6,1044,-1038
116900019,10,585,-575
116900020,1963,279,1684
116900023,53,9,44
116900024,342,133,209
116900025,406,1342,-936
116900026,205,1040,-835
116900027,24,48,-24
116900028,4,187,-183
116900029,1,10,-9
116900031,0,18,-18
116900032,5,544,-539
116900033,23,57,-34
116900034,9,113,-104
116900035,85,293,-208
116900036,0,110,-110
116900038,4,1,3
116900041,10,10,0
116900042,1208,209,999
116900043,11,123,-112
116900047,155,46,109
116900049,25,418,-393
116900050,85,713,-628
116900051,48,360,-312
116900052,148,75,73
116900055,0,1,-1
116900057,14,474,-460
116900058,13,666,-653
116900059,0,280,-280
116900060,311,313,-2
116900062,0,10,-10
116900064,41,1535,-1494
116900065,7,147,-140
116900067,90,160,-70
116900068,95,292,-197
116900070,0,4,-4
116900072,23,660,-637
116900073,4,353,-349
116900074,13,56,-43
116900076,6,47,-41
116900077,40,401,-361
116900078,264,173,91
116900079,17,713,-696
116900080,4,10,-6
116900081,250,2116,-1866
116900082,117,715,-598
116900083,55,116,-61
116900084,189,77,112
116900085,23,196,-173
116900086,28,338,-310
116900088,394,50,344
116900090,138,90,48
116900091,99,60,39
116900092,57,1302,-1245
116900093,1348,2179,-831
116900094,5584,2185,3399
116900095,299,314,-15
116900096,100,129,-29
116900097,6052,2146,3906
116900098,748,247,501
116900099,526,523,3
116900100,468,39,429
116900101,212,706,-494
116900103,7,0,7
116900104,26,101,-75
116900105,215,70,145
116900106,853,592,261
116900107,5606,1333,4273
116900110,15,0,15
116900111,174,887,-713
116900112,100,1529,-1429
116900113,2649,499,2150
116900116,169,275,-106
116900117,22,98,-76
116900118,1171,639,532
116900120,97,199,-102
116900121,32,78,-46
116900122,259,1113,-854
116900123,86,1364,-1278
116900124,131,1636,-1505
116900125,147,395,-248
116900126,358,614,-256
116900128,0,45,-45
116900129,1,321,-320
116900130,1351,1830,-479
116900131,52,170,-118
116900132,23,84,-61
116900133,49,108,-59
116900134,141,202,-61
116900136,100,166,-66
116900137,263,233,30
116900138,82,254,-172
116900139,58,429,-371
116900140,119,171,-52
116900141,417,241,176
116900142,1,44,-43
116900143,168,453,-285
116900144,14,45,-31
116900145,84,392,-308
116900147,777,291,486
116900148,3,43,-40
116900149,16,129,-113
116900150,22,3,19
116900151,62,28,34
116900153,65,70,-5
116900154,375,240,135
116900155,58,31,27
116900157,329,403,-74
116900158,285,129,156
116900159,29,281,-252
116900160,589,219,370
116900161,10036,3678,6358
116900163,89,182,-93
116900164,45,25,20
116900165,131,110,21
116900166,7,205,-198
116900167,233,75,158
116900168,146,95,51
116900169,906,237,669
116900170,130,284,-154
116900171,19,168,-149
116900172,280,140,140
116900173,63,68,-5
116900174,4,32,-28
116900175,179,55,124
116900178,18,263,-245
116900179,83,112,-29
116900180,78,33,45
116900182,229,188,41
116900183,117,98,19
116900185,13,22,-9
116900186,38,280,-242
116900187,14,9,5
116900188,80,22,58
116900189,15,1,14
116900191,244,412,-168
116900192,103,308,-205
116900194,186,649,-463
116900195,31,10,21
116900196,70,345,-275
116900197,58,7,51
116900198,252,125,127
116900200,14,32,-18
116900201,53,5,48
116900202,125,202,-77
116900203,56,3,53
116900204,49,75,-26
116900206,7,68,-61
116900207,29,26,3
116900208,7,171,-164
116900209,13,183,-170
116900210,238,207,31
116900211,209,14,195
116900212,14,124,-110
116900213,132,298,-166
116900214,137,144,-7
116900215,53,124,-71
116900216,295,278,17
116900218,10,402,-392
116900219,805,296,509
116900220,56,183,-127
116900221,44,253,-209
116900222,383,281,102
116900223,81,203,-122
116900226,18,93,-75
116900227,78,79,-1
116900228,213,324,-111
116900230,77,1329,-1252
116900231,14,1106,-1092
116900232,671,220,451
116900233,395,717,-322
116900234,25,4,21
116900235,353,590,-237
116900238,1726,603,1123
116900239,0,674,-674
116900240,8963,2794,6169
116900241,28,174,-146
116900242,1927,212,1715
116900243,0,50,-50
116900245,33,4,29
116900246,35,21,14
116900247,339,14,325
116900248,56,23,33
116900249,117,320,-203
116900250,122,44,78
116900251,634,368,266
116900252,495,2049,-1554
116900254,1249,314,935
116900255,58,37,21
116900256,147,110,37
116900257,3,952,-949
116900258,6,472,-466
116900259,60,4,56
116900260,0,151,-151
116900261,29,2,27
116900262,61,152,-91
116900263,0,9,-9
116900264,35,16,19
116900265,8,0,8
116900266,9,118,-109
116900267,1,5,-4
116900268,35,1,34
116900269,261,615,-354
116900271,1300,83,1217
116900272,608,835,-227
116900273,505,51,454
116900274,46,127,-81
116900275,59,366,-307
116900276,653,54,599
116900277,668,20,648
116900278,7,9,-2
116900279,1,28,-27
116900280,12,41,-29
116900281,10243,2395,7848
116900282,6,299,-293
116900283,12,328,-316
116900284,14,257,-243
116900285,480,292,188
116900286,181,14,167
116900287,6,148,-142
116900288,44,246,-202
116900289,1,33,-32
116900290,0,67,-67
116900291,8,14,-6
116900292,0,6,-6
116900293,30,115,-85
116900294,27,173,-146
116900295,378,51,327
116900296,106,104,2
116900297,6,104,-98
116900298,162,61,101
116900299,77,50,27
116900300,0,113,-113
116900301,75,131,-56
116900302,83,55,28
116900303,455,63,392
116900304,1,197,-196
116900305,38,88,-50
116900306,38,419,-381
116900307,26,1,25
116900308,0,355,-355
116900309,36,155,-119
116900310,6,69,-63
117000001,1484,1428,56
117000002,2496,5823,-3327
117000003,8564,2584,5980
117000004,5329,7600,-2271
117000005,1856,1426,430
117000006,1255,6772,-5517
117000007,2523,1175,1348
117000008,1447,7095,-5648
117000009,3776,1654,2122
117000010,3147,6934,-3787
117000011,1214,2243,-1029
117000012,1281,2704,-1423
117000013,1344,1722,-378
117000014,1162,3573,-2411
117000015,4089,1364,2725
117000016,990,58,932
117000017,719,311,408
117000018,220,299,-79
117000019,285,8,277
117000020,753,961,-208
117000021,4104,682,3422
117000022,786,66,720
117000023,1206,166,1040
117000024,895,93,802
117000025,1697,503,1194
117000026,5612,886,4726
117000027,2481,1728,753
117000028,3846,833,3013
117000030,900,964,-64
117000031,363,316,47
117000032,2340,1674,666
117000033,1455,1030,425
117000034,384,606,-222
117000035,316,275,41
117000036,496,617,-121
117000037,408,247,161
117000038,541,753,-212
117000039,488,366,122
117000040,145,1851,-1706
117000041,384,132,252
117000044,43,1957,-1914
117000045,414,49,365
117000046,631,1337,-706
117000047,874,560,314
117000048,3175,2598,577
117000049,140,511,-371
117000050,121,3931,-3810
117000051,1617,223,1394
117000052,24,832,-808
117000053,175,135,40
117000054,1058,4,1054
117000055,164,4898,-4734
117000056,373,26,347
117000057,627,2931,-2304
117000060,393,2278,-1885
117000061,1464,1137,327
117000062,213,710,-497
117000063,1775,820,955
117000064,1109,1419,-310
117000066,1103,888,215
117000067,252,334,-82
117000074,126,224,-98
117000076,77,83,-6
117000077,133,96,37
117000078,134,940,-806
117000079,294,153,141
117000080,1,549,-548
117000081,825,124,701
117000082,36,66,-30
117000083,373,234,139
117000084,395,2,393
117000085,196,564,-368
117000086,1097,927,170
117000087,179,707,-528
117000088,281,250,31
117000089,1352,410,942
117000090,331,2199,-1868
117000091,545,345,200
117000092,360,2638,-2278
117000093,766,774,-8
117000094,1089,4004,-2915
117000095,2148,971,1177
117000096,530,3876,-3346
117000097,861,1297,-436
117000098,3338,8028,-4690
117000099,2193,978,1215
117000100,240,206,34
117000101,263,1828,-1565
117000102,1211,655,556
117000103,933,2781,-1848
117000104,1039,594,445
117000105,1031,2602,-1571
117000106,1072,1050,22
117000107,587,2866,-2279
117000108,1367,1042,325
117000109,2154,3522,-1368
117000110,1028,774,254
117000111,4281,6500,-2219
117000112,2326,2574,-248
117000113,97,550,-453
117000114,147,228,-81
117000115,55,283,-228
117000116,126,389,-263
117000117,1720,511,1209
117000118,533,196,337
117000119,711,77,634
117000120,568,217,351
117000121,111,1093,-982
117000122,633,1265,-632
117000123,2491,25,2466
117000124,889,53,836
117000125,700,82,618
117000126,129,43,86
117000127,303,495,-192
117000128,694,792,-98
117000129,1237,450,787
117000130,98,5,93
117000131,0,405,-405
117000132,1055,31,1024
117000133,643,70,573
117000134,4,82,-78
117000135,10,19,-9
117000136,1,37,-36
117000137,68,56,12
117000138,3,737,-734
117000140,877,2496,-1619
117000141,1671,721,950
117000181,1363,616,747
117000182,337,198,139
117000195,161,1774,-1613
117000196,100,50,50
117000225,331,10,321
117000226,11,159,-148
117000276,121,5,116
117000277,3,888,-885
117000310,2834,3730,-896
117000315,47,1471,-1424
117000320,105,0,105
117000906,163,20,143
117000907,12,724,-712
117000909,81,35,46
117000910,170,145,25
117000911,109,241,-132
117000915,9,1041,-1032
117000916,13,0,13
117000917,438,23,415
117000918,46,211,-165
117000919,3,270,-267
117000920,11,2225,-2214
117000921,12,3141,-3129
117000922,141,244,-103
117000924,466,708,-242
117000926,1427,76,1351
117000927,1678,528,1150
117000928,0,515,-515
117000929,119,1271,-1152
117000930,144,20,124
117000931,511,144,367
117900002,308,495,-187
117900003,920,399,521
117900005,9,72,-63
117900006,0,52,-52
117900007,116,224,-108
117900008,1,107,-106
117900010,374,154,220
117900011,31,20,11
117900012,65,244,-179
117900013,9,591,-582
117900014,1456,394,1062
117900015,49,430,-381
117900016,2247,445,1802
117900017,1025,993,32
117900018,405,52,353
117900019,306,922,-616
117900020,50,310,-260
117900021,41,168,-127
117900023,837,396,441
117900024,98,222,-124
117900025,14,11,3
117900026,241,891,-650
117900028,103,3,100
117900029,168,2031,-1863
117900031,368,200,168
117900032,438,443,-5
117900033,226,1538,-1312
117900034,94,96,-2
117900035,112,42,70
117900036,200,1045,-845
117900037,57,163,-106
117900038,26,596,-570
117900039,2,131,-129
117900040,97,1026,-929
117900041,4,75,-71
117900042,6051,527,5524
117900043,63,97,-34
117900044,73,4914,-4841
117900045,142,134,8
117900048,153,409,-256
117900049,156,1450,-1294
117900050,12,82,-70
117900051,44,4,40
117900052,81,276,-195
117900053,742,886,-144
117900054,0,31,-31
117900055,181,364,-183
117900056,323,58,265
117900057,889,1700,-811
117900058,115,12,103
117900059,755,97,658
117900060,880,7521,-6641
117900061,17,336,-319
117900063,275,351,-76
117900065,698,1445,-747
117900066,14,30,-16
117900067,298,489,-191
117900069,518,685,-167
117900070,316,6,310
117900071,96,192,-96
117900073,277,690,-413
117900074,287,11,276
117900075,113,105,8
117900076,15,75,-60
117900077,179,120,59
117900078,147,400,-253
117900080,292,46,246
117900081,581,530,51
117900082,225,261,-36
117900083,216,1279,-1063
117900086,196,37,159
117900087,29,65,-36
117900088,2869,2515,354
117900089,1069,364,705
117900090,614,1676,-1062
117900091,241,177,64
117900092,35,50,-15
117900093,24,124,-100
117900094,12,9,3
117900095,545,1680,-1135
117900096,28,291,-263
117900097,79,101,-22
117900098,12,8,4
117900099,201,700,-499
117900100,103,1,102
117900101,467,1099,-632
117900102,30,54,-24
117900103,13,3,10
117900104,32,212,-180
117900105,111,397,-286
117900106,72,64,8
117900107,18,0,18
117900109,309,293,16
117900110,25,0,25
117900111,229,8,221
117900112,40,17,23
117900113,6428,2333,4095
117900114,4,0,4
117900115,354,50,304
117900116,1021,1131,-110
117900117,234,360,-126
117900118,31,0,31
117900119,81,396,-315
117900120,82,242,-160
117900121,63,29,34
117900122,1308,1494,-186
117900123,934,1233,-299
117900124,588,763,-175
117900125,1261,992,269
117900126,275,868,-593
117900127,451,934,-483
117900128,255,1545,-1290
117900129,25,0,25
117900130,842,529,313
117900131,1,131,-130
117900132,8,114,-106
117900133,7,176,-169
117900134,38,248,-210
117900135,43,325,-282
117900136,0,85,-85
117900137,20,438,-418
117900138,0,69,-69
117900139,36,220,-184
117900140,7838,435,7403
117900141,333,430,-97
117900142,284,13,271
117900144,165,147,18
117900145,58,5,53
117900146,360,88,272
117900147,80,97,-17
117900148,3946,916,3030
117900149,37,241,-204
117900150,42,141,-99
117900151,47,222,-175
117900152,137,127,10
117900153,39,163,-124
117900154,430,1208,-778
117900156,987,1119,-132
117900157,73,568,-495
117900158,91,70,21
117900160,373,308,65
117900161,2548,3263,-715
117900162,317,637,-320
117900163,221,26,195
117900165,0,14,-14
117900166,75,251,-176
117900168,34,207,-173
117900169,1,138,-137
117900170,0,54,-54
117900171,3,25,-22
117900172,10,49,-39
117900173,170,54,116
117900174,13,47,-34
117900175,0,72,-72
117900176,6,40,-34
117900177,5,108,-103
117900178,85,60,25
117900180,310,24,286
117900181,286,232,54
117900182,0,18,-18
117900183,34,163,-129
117900184,8,45,-37
117900185,16,28,-12
117900186,29,12,17
117900187,7,13,-6
117900188,123,27,96
117900189,67,24,43
117900190,12,3,9
117900191,84,15,69
117900192,151,2,149
117900193,20,68,-48
117900194,4,10,-6
117900195,14,20,-6
117900196,27,20,7
117900207,137,116,21
117900208,15,29,-14
117900209,194,181,13
117900210,144,234,-90
117900211,8,267,-259
117900212,94,196,-102
117900213,12,6,6
117900214,1,42,-41
117900215,28,112,-84
117900216,45,48,-3
117900217,222,87,135
117900218,329,285,44
117900219,15,42,-27
117900220,236,96,140
117900222,173,355,-182
117900223,168,244,-76
118000001,747,577,170
118000002,1175,1866,-691
118000003,2797,1650,1147
118000004,3325,1864,1461
118000005,5120,3020,2100
118000006,6316,7750,-1434
118000007,6674,2087,4587
118000008,5469,2908,2561
118000009,2820,2477,343
118000010,2722,3740,-1018
118000011,722,3217,-2495
118000012,940,3551,-2611
118000013,3568,3270,298
118000014,1854,4442,-2588
118000016,187,455,-268
118000017,201,424,-223
118000018,206,628,-422
118000019,2065,1401,664
118000020,774,1202,-428
118000021,711,1702,-991
118000022,1512,714,798
118000023,934,325,609
118000024,1351,675,676
118000027,16392,7713,8679
118000029,848,621,227
118000032,1466,2631,-1165
118000033,2253,2536,-283
118000034,4366,1848,2518
118000035,1234,1813,-579
118000036,1308,1022,286
118000037,650,1003,-353
118000038,123,192,-69
118000039,77,604,-527
118000040,1180,2758,-1578
118000041,1802,1672,130
118000045,637,88,549
118000046,2636,474,2162
118000047,2481,557,1924
118000048,4120,1132,2988
118000051,1977,604,1373
118000052,1537,369,1168
118000053,1009,532,477
118000054,2152,1963,189
118000055,1511,2084,-573
118000056,231,337,-106
118000057,177,477,-300
118000058,3240,1236,2004
118000059,2571,666,1905
118000060,751,741,10
118000061,568,1754,-1186
118000062,413,295,118
118000063,222,405,-183
118000064,881,1141,-260
118000065,4349,1680,2669
118000066,988,1031,-43
118000067,1083,673,410
118000068,1603,3555,-1952
118000069,3489,1169,2320
118000070,7734,1541,6193
118000071,3387,5494,-2107
118000072,2327,939,1388
118000073,2699,374,2325
118000074,484,752,-268
118000075,624,259,365
118000076,1547,1211,336
118000077,1508,1248,260
118000078,2138,1546,592
118000079,258,315,-57
118000080,1229,1051,178
118000081,2059,994,1065
118000082,308,780,-472
118000083,2277,1153,1124
118000084,2598,1429,1169
118000086,215,474,-259
118000087,7198,2519,4679
118000088,1658,2031,-373
118000089,4643,2606,2037
118000090,2708,2681,27
118000091,1888,2247,-359
118000092,1406,536,870
118000093,130,661,-531
118000096,486,562,-76
118000097,630,733,-103
118000098,248,232,16
118000099,289,1059,-770
118000101,641,347,294
118000102,236,1544,-1308
118000107,4865,485,4380
118000108,545,1291,-746
118000110,0,25,-25
118000111,4,1111,-1107
118000112,262,5,257
118000113,8,1691,-1683
118000114,151,4,147
118000115,21,18,3
118000116,77,1,76
118000117,1386,1092,294
118000118,793,572,221
118000119,531,996,-465
118000120,1659,1932,-273
118000121,204,664,-460
118000122,1578,351,1227
118000123,86,346,-260
118000125,2255,1222,1033
118000126,781,1199,-418
118000127,2210,728,1482
118000128,846,1340,-494
118000129,1247,358,889
118000130,3151,4733,-1582
118000131,1094,1313,-219
118000132,1991,1460,531
118000133,748,564,184
118000135,636,334,302
118000136,112,689,-577
118000137,961,112,849
118000138,317,1274,-957
118000139,261,154,107
118000140,1933,3197,-1264
118000141,1223,1952,-729
118000142,1000,2111,-1111
118000143,1141,1191,-50
118000144,1507,1022,485
118000145,1315,2807,-1492
118000146,847,1317,-470
118000147,558,1914,-1356
118000148,384,1895,-1511
118000149,466,1587,-1121
118000150,246,472,-226
118000151,220,471,-251
118000153,635,1404,-769
118000154,723,2107,-1384
118000155,746,1550,-804
118000156,2478,2526,-48
118000157,457,531,-74
118000158,150,405,-255
118000159,12,78,-66
118000160,290,484,-194
118000161,340,798,-458
118000162,702,1168,-466
118000163,461,777,-316
118000164,2559,1555,1004
118000168,1661,283,1378
118000169,886,1682,-796
118000170,3282,7346,-4064
118000171,155,805,-650
118000172,136,395,-259
118000173,869,1407,-538
118000175,182,412,-230
118000176,213,435,-222
118000177,142,568,-426
118000178,234,51,183
118000179,1699,946,753
118000180,576,882,-306
118000181,831,309,522
118000182,327,304,23
118000183,220,308,-88
118000184,539,1233,-694
118000185,895,758,137
118000186,454,617,-163
118000187,808,892,-84
118000188,461,278,183
118000189,312,1053,-741
118000190,6,28,-22
118000191,13,50,-37
118000192,224,199,25
118000193,180,349,-169
118000194,2391,1021,1370
118000195,868,556,312
118000196,645,119,526
118000197,224,116,108
118000198,534,361,173
118000199,828,354,474
118000200,45,234,-189
118000201,487,405,82
118000202,47,45,2
118000203,1479,296,1183
118000204,175,251,-76
118000205,626,414,212
118000206,211,202,9
118000207,2,197,-195
118000208,750,1633,-883
118000209,1345,2601,-1256
118000210,29,24,5
118000211,16,34,-18
118000213,847,800,47
118000214,687,530,157
118000215,192,363,-171
118000216,1148,3819,-2671
118000217,12,139,-127
118000218,56,121,-65
118000219,382,440,-58
118000220,2,23,-21
118000221,55,277,-222
118000222,49,34,15
118000223,26,37,-11
118000224,368,86,282
118000225,103,1390,-1287
118000226,764,183,581
118000227,998,328,670
118000228,94,151,-57
118000229,305,54,251
118000230,95,326,-231
118000231,61,329,-268
118000232,486,1099,-613
118000233,643,966,-323
118000234,211,330,-119
118000236,263,589,-326
118000237,58,680,-622
118000238,120,524,-404
118000239,191,351,-160
118000240,539,113,426
118000241,77,459,-382
118000242,209,664,-455
118000243,132,242,-110
118000244,35,215,-180
118000246,0,2,-2
118000255,45,213,-168
118000256,92,272,-180
118000259,4,45,-41
118000260,89,183,-94
118000261,23,118,-95
118000263,47,314,-267
118000266,97,519,-422
118000267,1,81,-80
118000268,464,4,460
118000270,38,44,-6
118000271,239,378,-139
118000272,47,15,32
118000273,70,93,-23
118000274,109,383,-274
118000276,199,341,-142
118000295,1,68,-67
118000298,82,529,-447
118000299,48,224,-176
118000301,0,76,-76
118000302,79,91,-12
118000311,185,144,41
118000312,151,242,-91
118000313,25,187,-162
118000314,38,124,-86
118000315,8,75,-67
118000316,414,713,-299
118000325,10,61,-51
118000326,13,47,-34
118000331,7,44,-37
118000332,32,38,-6
118000333,22,49,-27
118000335,122,0,122
118000336,2,416,-414
118000407,54,101,-47
118000457,7,36,-29
118000465,3376,3051,325
118000480,35,181,-146
118000489,93,194,-101
118000490,178,687,-509
118000492,165,306,-141
118000510,54,7,47
118000514,197,425,-228
118000515,539,462,77
118000517,479,227,252
118000524,916,232,684
118000525,686,799,-113
118000530,12,130,-118
118000531,143,434,-291
118000532,130,304,-174
118000533,449,183,266
118000534,554,338,216
118000535,185,159,26
118000536,810,813,-3
118000537,31,95,-64
118000538,37,141,-104
118000539,7,74,-67
118000540,351,222,129
118000541,248,122,126
118000542,67,188,-121
118000543,209,237,-28
118000546,23,25,-2
118000553,0,1,-1
118000560,3165,963,2202
118000562,17,574,-557
118000563,2366,1585,781
118000576,121,227,-106
118000577,281,226,55
118000578,115,109,6
118000579,1158,1091,67
118000583,0,0,0
118000595,113,88,25
118000596,0,118,-118
118000597,212,229,-17
118000598,9,7,2
118000599,35,84,-49
118000600,3,21,-18
118000601,1,0,1
118000602,3,20,-17
118000603,0,85,-85
118000605,48,1183,-1135
118000606,7,68,-61
118900001,1427,912,515
118900002,1286,561,725
118900003,136,25,111
118900004,28,82,-54
118900005,43,1,42
118900006,41,0,41
118900007,12,5,7
118900008,1092,45,1047
118900009,15,17,-2
118900010,67,3,64
118900011,141,26,115
118900012,287,257,30
118900013,920,30,890
118900015,117,21,96
118900016,9,66,-57
118900017,215,310,-95
118900018,1287,18,1269
118900019,40,8,32
118900020,147,110,37
118900021,146,421,-275
118900022,127,110,17
118900023,123,149,-26
118900024,52,213,-161
118900025,42,20,22
118900026,47,114,-67
118900027,497,326,171
118900028,80,199,-119
118900029,102,621,-519
118900030,127,81,46
118900031,105,179,-74
118900032,116,202,-86
118900033,386,910,-524
118900034,62,16,46
118900035,99,384,-285
118900036,613,890,-277
118900037,355,345,10
118900038,338,411,-73
118900039,228,312,-84
118900040,130,202,-72
118900041,226,292,-66
118900042,139,101,38
118900045,229,208,21
118900046,697,207,490
118900047,998,340,658
118900048,347,217,130
118900049,56,49,7
118900050,6,174,-168
118900051,173,71,102
118900052,184,254,-70
118900053,29,83,-54
118900054,71,120,-49
118900055,22,150,-128
118900056,16,180,-164
118900057,343,338,5
118900058,234,451,-217
118900059,18,100,-82
118900060,21,223,-202
118900062,60,207,-147
118900064,557,360,197
118900065,18,148,-130
118900066,58,150,-92
118900067,5880,2267,3613
118900068,7,324,-317
118900069,311,369,-58
118900071,5,63,-58
118900072,343,413,-70
118900073,65,141,-76
118900074,70,151,-81
118900075,23,91,-68
118900076,202,58,144
118900077,103,163,-60
118900078,50,10,40
118900079,58,181,-123
118900080,15,68,-53
118900081,67,22,45
118900082,392,157,235
118900083,9,15,-6
118900084,11,9,2
118900085,399,1013,-614
118900086,15,74,-59
118900087,17,150,-133
118900088,0,12,-12
118900089,29,6,23
118900090,292,488,-196
118900091,149,142,7
118900092,72,96,-24
118900093,103,2,101
118900096,113,143,-30
118900097,160,769,-609
118900099,36,358,-322
118900100,132,283,-151
118900101,35,580,-545
118900102,24,91,-67
118900103,23,60,-37
118900104,59,125,-66
118900105,160,138,22
118900107,192,101,91
118900108,46,105,-59
118900110,1757,567,1190
118900111,228,746,-518
118900112,60,147,-87
118900113,68,812,-744
118900114,13,86,-73
118900115,40,391,-351
118900116,80,158,-78
118900117,64,170,-106
118900118,206,636,-430
118900119,103,443,-340
118900120,61,393,-332
118900121,11,436,-425
118900122,8,570,-562
118900123,106,242,-136
118900124,46,181,-135
118900126,22,285,-263
118900129,257,166,91
118900130,52,153,-101
118900131,72,342,-270
118900132,292,172,120
118900133,26,59,-33
118900135,108,233,-125
118900136,116,847,-731
118900137,12,13,-1
118900139,124,898,-774
118900140,372,963,-591
118900141,30,373,-343
118900144,99,680,-581
118900145,15,259,-244
118900146,229,999,-770
118900147,228,109,119
118900148,35,100,-65
118900150,125,500,-375
118900152,262,1037,-775
118900157,141,163,-22
118900158,30,93,-63
118900159,1,312,-311
118900161,86,6,80
118900163,346,47,299
118900164,5,124,-119
118900165,26,286,-260
118900166,23,1,22
118900167,53,183,-130
118900168,5,45,-40
118900169,70,427,-357
118900170,59,165,-106
118900171,10,30,-20
118900174,38,85,-47
118900175,250,357,-107
118900176,60,219,-159
118900177,27,61,-34
118900178,33,116,-83
118900179,0,34,-34
118900181,63,148,-85
118900182,67,46,21
118900183,20,66,-46
118900184,118,36,82
118900185,101,262,-161
118900186,56,89,-33
118900187,123,417,-294
118900188,176,316,-140
118900189,26,460,-434
118900190,14,868,-854
118900191,128,40,88
118900192,82,20,62
118900193,210,6,204
118900195,263,1193,-930
118900196,17,186,-169
118900197,68,129,-61
118900198,6,37,-31
118900199,22,49,-27
118900200,8,10,-2
118900201,23,19,4
118900202,7,56,-49
118900203,5,73,-68
118900204,7,49,-42
118900205,6,24,-18
118900206,0,31,-31
119000001,1009,1481,-472
119000002,1704,2878,-1174
119000003,1191,2031,-840
119000004,1446,1840,-394
119000005,1771,2311,-540
119000006,1617,1636,-19
119000007,2753,3214,-461
119000008,1422,2290,-868
119000009,3246,2613,633
119000010,8181,3681,4500
119000011,4988,2073,2915
119000012,3534,2828,706
119000013,1746,1216,530
119000014,2299,3401,-1102
119000019,152,256,-104
119000020,1059,1332,-273
119000021,2126,1874,252
119000022,3916,1712,2204
119000023,292,214,78
119000024,2102,5692,-3590
119000025,13309,1252,12057
119000026,181,239,-58
119000027,330,328,2
119000028,2297,1516,781
119000029,119,269,-150
119000030,391,1325,-934
119000031,596,837,-241
119000032,2057,2398,-341
119000033,1628,1865,-237
119000034,719,1075,-356
119000035,21,414,-393
119000036,767,1619,-852
119000037,851,2627,-1776
119000038,209,1736,-1527
119000039,205,459,-254
119000040,1413,492,921
119000041,1066,1300,-234
119000048,3376,4763,-1387
119000049,1250,4725,-3475
119000050,1462,3028,-1566
119000051,1661,1023,638
119000052,2699,3776,-1077
119000053,1478,1173,305
119000054,2287,5291,-3004
119000055,2342,4342,-2000
119000056,1466,2419,-953
119000057,1135,3413,-2278
119000058,1619,2874,-1255
119000059,821,2080,-1259
119000060,862,816,46
119000061,705,1057,-352
119000062,895,1278,-383
119000063,402,393,9
119000064,1960,2045,-85
119000065,1748,3096,-1348
119000066,1354,1002,352
119000067,1761,3476,-1715
119000068,1070,1058,12
119000069,1273,3611,-2338
119000070,1464,1307,157
119000071,555,1133,-578
119000072,8034,4377,3657
119000073,4998,5279,-281
119000074,782,5588,-4806
119000075,773,2819,-2046
119000076,433,1008,-575
119000077,519,639,-120
119000078,305,586,-281
119000079,125,1002,-877
119000080,116,27,89
119000081,138,420,-282
119000082,354,310,44
119000083,319,366,-47
119000084,280,745,-465
119000085,707,396,311
119000086,181,316,-135
119000087,1989,1124,865
119000088,218,308,-90
119000090,129,194,-65
119000091,100,218,-118
119000092,643,277,366
119000093,4338,4653,-315
119000094,1653,5763,-4110
119000095,1189,4088,-2899
119000097,2638,1880,758
119000098,612,1673,-1061
119000099,2097,2071,26
119000100,1960,2257,-297
119000101,2000,2099,-99
119000102,595,602,-7
119000103,1010,447,563
119000104,4261,1702,2559
119000105,631,1067,-436
119000106,201,2668,-2467
119000107,369,536,-167
119000108,220,2020,-1800
119000109,80,249,-169
119000110,332,344,-12
119000111,29,540,-511
119000112,126,54,72
119000113,2092,279,1813
119000114,697,674,23
119000115,173,172,1
119000116,85,96,-11
119000117,110,301,-191
119000118,1,5,-4
119000123,3252,632,2620
119000124,322,343,-21
119000125,1592,1308,284
119000126,506,1465,-959
119000127,331,1300,-969
119000128,15,5,10
119000131,557,1430,-873
119000132,0,3,-3
119000133,1,14,-13
119000134,3281,615,2666
119000135,75,232,-157
119000136,105,356,-251
119000137,80,692,-612
119000138,142,620,-478
119000139,188,354,-166
119000140,130,298,-168
119000284,1322,3147,-1825
119000285,2588,2339,249
119000286,7031,5167,1864
119000287,1292,2442,-1150
119000288,1928,1843,85
119000289,2464,4522,-2058
119000290,138,682,-544
119000291,8,457,-449
119000293,157,383,-226
119000294,35,27,8
119000295,2872,652,2220
119000296,291,313,-22
119000302,5062,1456,3606
119000303,274,216,58
119000310,0,0,0
119000314,1162,5390,-4228
119000315,1,878,-877
119000316,67,181,-114
119000317,31,664,-633
119000319,89,348,-259
119900001,130,872,-742
119900002,51,312,-261
119900003,86,1424,-1338
119900004,309,436,-127
119900005,68,218,-150
119900006,122,348,-226
119900007,713,70,643
119900008,26,23,3
119900009,352,599,-247
119900010,747,1126,-379
119900011,5,44,-39
119900012,9,66,-57
119900013,1374,588,786
119900014,456,271,185
119900015,44,17,27
119900016,22,114,-92
119900017,12,54,-42
119900018,1723,324,1399
119900019,18,3,15
119900020,67,124,-57
119900021,90,74,16
119900022,201,238,-37
119900023,1172,652,520
119900025,50,40,10
119900026,960,83,877
119900027,12,42,-30
119900028,244,47,197
119900029,0,7,-7
119900030,302,585,-283
119900031,19,205,-186
119900033,1532,155,1377
119900034,185,192,-7
119900037,114,52,62
119900038,23,128,-105
119900039,27,4,23
119900040,51,16,35
119900041,40,69,-29
119900042,35,216,-181
119900043,22,228,-206
119900044,135,330,-195
119900046,46,85,-39
119900047,178,42,136
119900048,73,88,-15
119900049,35,11,24
119900050,49,41,8
119900051,536,10,526
119900052,20,59,-39
119900053,95,280,-185
119900054,55,6,49
119900055,557,353,204
119900057,71,93,-22
119900058,120,3,117
119900059,98,48,50
119900060,140,9,131
119900061,80,3,77
119900062,31,26,5
119900063,28,42,-14
119900065,164,2,162
119900067,43,31,12
119900068,178,4,174
119900069,53,22,31
119900070,371,3,368
119900071,247,11,236
119900073,2111,519,1592
119900074,23,19,4
119900075,7351,1858,5493
119900076,312,751,-439
119900077,322,1781,-1459
119900078,266,1262,-996
119900079,342,440,-98
119900080,237,387,-150
119900081,194,215,-21
119900082,460,124,336
119900083,258,71,187
119900084,641,278,363
119900085,221,89,132
119900086,234,1586,-1352
119900087,362,281,81
119900088,56,60,-4
119900089,9,825,-816
119900090,216,64,152
119900091,42,1873,-1831
119900092,19,571,-552
119900093,751,134,617
119900094,48,323,-275
119900095,184,102,82
119900096,33,103,-70
119900097,632,145,487
119900098,19,71,-52
119900099,23,323,-300
119900100,3823,1521,2302
119900101,237,982,-745
119900102,19,436,-417
119900103,18,718,-700
119900104,23,287,-264
119900105,532,1171,-639
119900106,9,297,-288
119900107,438,5733,-5295
119900108,2120,729,1391
119900109,18,500,-482
119900110,361,938,-577
119900111,28,564,-536
119900112,4494,508,3986
119900113,96,645,-549
119900114,150,2383,-2233
119900115,113,2117,-2004
119900116,117,347,-230
119900117,156,1253,-1097
119900118,34,1825,-1791
119900119,157,388,-231
119900120,470,795,-325
119900121,175,2156,-1981
119900122,444,505,-61
119900123,173,300,-127
119900124,116,1417,-1301
119900125,43,571,-528
119900126,6132,231,5901
119900127,3898,1019,2879
119900128,294,1135,-841
119900129,121,1318,-1197
119900130,49,411,-362
119900131,27,447,-420
119900132,1,721,-720
119900133,10,40,-30
119900134,3265,332,2933
119900135,3,805,-802
119900136,167,716,-549
119900138,396,818,-422
119900139,13,61,-48
119900140,2,241,-239
119900141,187,366,-179
119900142,0,27,-27
119900143,3,262,-259
119900144,2977,289,2688
119900145,64,295,-231
119900146,129,120,9
119900147,7,121,-114
119900148,92,59,33
119900149,2307,1960,347
119900150,159,214,-55
119900151,1507,620,887
119900152,57,487,-430
119900153,53,66,-13
119900154,12,1460,-1448
119900155,11,22,-11
119900156,5,6,-1
119900157,43,341,-298
119900158,72,58,14
119900159,8,2463,-2455
119900160,13,304,-291
119900161,180,385,-205
119900162,527,703,-176
119900163,108,125,-17
119900164,0,1,-1
119900165,63,426,-363
119900166,64,32,32
119900167,208,184,24
119900168,395,520,-125
119900169,187,297,-110
119900170,122,142,-20
119900171,531,633,-102
119900172,106,22,84
119900173,5,719,-714
119900174,9,347,-338
119900175,623,898,-275
119900177,21,281,-260
119900178,17,246,-229
119900179,54,172,-118
119900180,668,671,-3
119900181,31,59,-28
119900182,0,687,-687
119900183,116,1070,-954
119900184,3828,654,3174
119900185,19,108,-89
119900186,66,341,-275
119900187,8,919,-911
119900188,32,310,-278
119900189,343,239,104
119900190,37,129,-92
119900191,236,128,108
119900192,9,247,-238
119900193,171,296,-125
119900194,5,63,-58
119900195,15,264,-249
119900196,2129,481,1648
119900197,72,90,-18
119900198,73,580,-507
119900199,116,20,96
119900200,348,600,-252
119900201,378,164,214
119900202,228,109,119
119900203,93,311,-218
119900204,129,407,-278
119900205,273,917,-644
119900206,38,129,-91
119900208,106,123,-17
119900209,286,644,-358
119900210,28,56,-28
119900211,98,30,68
119900212,85,523,-438
119900213,2,42,-40
119900214,14,113,-99
119900215,36,126,-90
119900216,3,135,-132
119900217,6,64,-58
119900218,20,107,-87
119900219,3,207,-204
119900220,4,186,-182
119900221,16,613,-597
119900222,12,431,-419
119900223,39,165,-126
119900224,18,72,-54
119900225,1624,48,1576
119900226,836,1054,-218
119900227,1154,365,789
119900228,8,297,-289
119900229,262,517,-255
119900230,1715,701,1014
119900231,83,305,-222
119900232,137,71,66
119900233,26,1,25
119900234,34,34,0
119900235,17,21,-4
119900236,23,321,-298
119900237,22,712,-690
119900238,5,105,-100
119900240,56,158,-102
119900241,136,308,-172
119900242,1881,1178,703
119900244,1002,1029,-27
119900245,78,137,-59
119900246,189,329,-140
119900247,17,71,-54
119900248,31,66,-35
119900249,125,62,63
119900253,5201,311,4890
119900254,43,265,-222
119900255,58,528,-470
119900256,175,1917,-1742
119900257,21,0,21
119900258,21,2,19
119900259,8,306,-298
119900260,26,1,25
119900261,160,234,-74
119900262,1,382,-381
119900263,888,363,525
119900264,58,369,-311
119900265,165,354,-189
119900266,162,403,-241
119900267,188,431,-243
119900268,110,314,-204
119900269,383,1613,-1230
119900271,15,90,-75
119900272,104,55,49
119900275,65,12,53
119900276,34,0,34
119900277,12,3,9
119900278,261,41,220
119900279,79,149,-70
119900280,1398,218,1180
119900281,0,76,-76
119900282,42,28,14
119900283,5,472,-467
119900284,34,160,-126
119900285,24,64,-40
119900286,12,11,1
119900288,6,53,-47
119900289,0,66,-66
119900290,0,67,-67
119900291,0,43,-43
119900292,18,28,-10
119900293,17,86,-69
119900294,17,80,-63
119900295,15,73,-58
119900296,16,355,-339
119900297,1,32,-31
119900298,1,5,-4
119900299,30,378,-348
119900300,58,212,-154
119900301,49,31,18
119900302,23,34,-11
119900303,115,341,-226
119900304,82,32,50
119900305,29,151,-122
119900306,11,2,9
119900307,17,254,-237
119900308,4,26,-22
119900309,14,75,-61
119900310,187,387,-200
119900311,35,242,-207
119900312,44,117,-73
119900313,154,496,-342
119900314,76,267,-191
119900315,584,3785,-3201
119900318,15,17,-2
119900319,0,397,-397
119900320,51,1064,-1013
119900321,40,2,38
120000001,8999,10752,-1753
120000002,2067,3790,-1723
120000003,3613,2233,1380
120000004,2763,2737,26
120000005,4641,2292,2349
120000006,1061,1578,-517
120000007,3767,2674,1093
120000008,1038,1696,-658
120000009,5940,942,4998
120000010,2054,3810,-1756
120000011,1423,2738,-1315
120000012,1226,3418,-2192
120000013,2257,3473,-1216
120000014,648,2096,-1448
120000015,2585,1713,872
120000016,2769,3529,-760
120000017,2453,2682,-229
120000018,6099,8267,-2168
120000019,907,1580,-673
120000020,3442,3089,353
120000021,2250,2086,164
120000022,2526,3748,-1222
120000023,746,1980,-1234
120000024,1399,2492,-1093
120000025,2050,2748,-698
120000026,809,2239,-1430
120000027,1080,2084,-1004
120000028,904,660,244
120000029,3072,542,2530
120000030,132,783,-651
120000031,1528,6102,-4574
120000032,12175,3958,8217
120000033,3523,2420,1103
120000034,1297,3205,-1908
120000035,1684,3446,-1762
120000036,2724,4778,-2054
120000037,516,1136,-620
120000038,12790,3570,9220
120000039,448,1426,-978
120000040,68,148,-80
120000041,659,2375,-1716
120000042,1385,5261,-3876
120000043,3635,3430,205
120000044,3341,1511,1830
120000045,2969,1080,1889
120000046,1878,1930,-52
120000047,2433,3127,-694
120000048,9397,4116,5281
120000049,3347,3684,-337
120000050,3130,6531,-3401
120000051,3963,4611,-648
120000052,19483,3218,16265
120000053,1170,6563,-5393
120000054,1470,9456,-7986
120000055,1396,6877,-5481
120000056,2503,6178,-3675
120000057,1432,1032,400
120000058,964,260,704
120000059,17,1083,-1066
120000061,116,735,-619
120000062,204,329,-125
120000063,1987,3932,-1945
120000064,252,2289,-2037
120000065,437,2750,-2313
120000066,160,624,-464
120000067,46,806,-760
120000068,208,1757,-1549
120000069,672,2350,-1678
120000070,46,1375,-1329
120000071,167,337,-170
120000072,236,735,-499
120000073,420,156,264
120000074,48,118,-70
120000075,361,335,26
120000076,879,423,456
120000077,909,606,303
120000078,2257,771,1486
120000079,211,1128,-917
120000080,176,295,-119
120000081,163,231,-68
120000082,169,306,-137
120000083,110,404,-294
120000084,470,722,-252
120000085,295,619,-324
120000086,381,1132,-751
120000087,213,2021,-1808
120000088,631,1787,-1156
120000089,925,656,269
120000090,404,744,-340
120000091,573,1079,-506
120000092,864,696,168
120000093,308,743,-435
120000094,123,572,-449
120000095,791,1099,-308
120000096,172,1634,-1462
120000098,471,1319,-848
120000099,161,860,-699
120000100,676,1236,-560
120000101,463,680,-217
120000102,355,605,-250
120000103,735,441,294
120000104,1019,335,684
120000105,1578,455,1123
120000106,1260,456,804
120000107,1766,505,1261
120000108,586,108,478
120000109,628,62,566
120000110,136,1534,-1398
120000111,174,2127,-1953
120000112,815,6603,-5788
120000113,526,4656,-4130
120000114,846,4965,-4119
120000115,382,4095,-3713
120000116,650,3005,-2355
120000117,1903,2198,-295
120000118,63,48,15
120000119,55,126,-71
120000120,58,56,2
120000121,127,138,-11
120000122,347,226,121
120000123,8366,3681,4685
120000124,361,756,-395
120000125,420,840,-420
120000126,348,838,-490
120000127,1839,941,898
120000128,3949,2723,1226
120000129,335,434,-99
120000130,843,1292,-449
120000131,297,603,-306
120000134,407,2089,-1682
120000135,174,324,-150
120000137,104,3411,-3307
120000138,320,593,-273
120000139,176,1930,-1754
120000140,300,841,-541
120000141,179,829,-650
120000142,221,763,-542
120000143,0,112,-112
120000144,35,4,31
120000145,147,5,142
120000146,3348,1013,2335
120000149,481,1240,-759
120000150,6040,8466,-2426
120000151,379,746,-367
120000152,270,443,-173
120000153,80,1150,-1070
120000154,350,552,-202
120000155,102,335,-233
120000156,2581,786,1795
120000157,771,951,-180
120000158,585,1423,-838
120000159,1694,2651,-957
120000160,1836,1538,298
120000161,1104,3141,-2037
120000162,111,284,-173
120000163,290,2601,-2311
120000164,345,605,-260
120000165,263,1386,-1123
120000166,624,872,-248
120000167,20,26,-6
120000168,14,99,-85
120000169,96,347,-251
120000170,131,209,-78
120000171,30,90,-60
120000172,32,46,-14
120000173,3174,274,2900
120000174,723,13,710
120000175,845,10,835
120000176,446,53,393
120000177,1252,291,961
120000178,77,5,72
120000179,335,26,309
120000180,472,67,405
120000181,86,144,-58
120000182,94,143,-49
120000183,7,124,-117
120000184,81,769,-688
120000186,83,76,7
120000187,72,73,-1
120000188,345,93,252
120000190,1260,10,1250
120000191,2168,20,2148
120000192,2040,13,2027
120000193,543,4,539
120000195,113,1,112
120000196,217,52,165
120000197,76,203,-127
120000198,111,197,-86
120000199,41,0,41
120000200,43,0,43
120000201,7,8,-1
120000202,1,78,-77
120000203,28,450,-422
120000207,2,119,-117
120000208,15,471,-456
120000209,2,190,-188
120000210,238,256,-18
120000211,42,1,41
120000212,35,1,34
120000213,51,475,-424
120000214,3,552,-549
120000215,5,174,-169
120000216,17,4,13
120000217,959,1665,-706
120000218,269,1659,-1390
120000219,17,1152,-1135
120000220,19,3924,-3905
120000225,523,3,520
120000226,146,1,145
120000227,414,18,396
120000228,7889,1997,5892
120000230,167,10,157
120000231,637,3431,-2794
120000233,167,73,94
120000235,105,1302,-1197
120000236,435,0,435
120000237,3,3054,-3051
120000238,11,138,-127
120000241,1018,4258,-3240
120000412,2569,34,2535
120000413,192,727,-535
120000414,58,4,54
120000415,4,310,-306
120000416,56,26,30
120000417,5,173,-168
120000418,62,25,37
120000419,19,873,-854
120000420,397,124,273
120000421,16673,6378,10295
120000422,259,549,-290
120000423,2,37,-35
120000424,44,223,-179
120000436,139,395,-256
120000437,248,262,-14
120000438,6876,424,6452
120000439,82,264,-182
120000443,96,0,96
120000444,661,1024,-363
120000445,1584,1940,-356
120000446,1596,497,1099
120000447,96,9,87
120000449,54,24,30
120000450,10,743,-733
120000451,105,427,-322
120000452,12,1,11
120000453,1,435,-434
120000454,196,221,-25
120000455,100,83,17
120000456,3695,3046,649
120000457,1304,1447,-143
120000458,643,1028,-385
120000459,67,127,-60
120000665,1063,151,912
120000668,82,191,-109
120000669,82,614,-532
120000670,235,441,-206
120000671,807,384,423
120000672,127,562,-435
120900001,37,49,-12
120900002,289,268,21
120900003,123,39,84
120900004,18,84,-66
120900005,3,2052,-2049
120900006,202,218,-16
120900007,88,211,-123
120900008,120,1572,-1452
120900009,615,72,543
120900010,200,61,139
120900011,473,111,362
120900012,1477,784,693
120900013,180,25,155
120900014,3,1223,-1220
120900015,280,102,178
120900016,287,55,232
120900017,4016,120,3896
120900018,27,643,-616
120900019,436,137,299
120900020,1046,674,372
120900021,393,73,320
120900022,39,519,-480
120900023,123,45,78
120900024,1334,427,907
120900025,2206,1104,1102
120900026,74,232,-158
120900027,690,89,601
120900028,177,38,139
120900029,132,224,-92
120900030,685,489,196
120900031,118,53,65
120900032,411,269,142
120900033,631,51,580
120900034,123,1765,-1642
120900035,34,90,-56
120900037,123,15,108
120900038,26,141,-115
120900039,81,20,61
120900040,166,3,163
120900041,122,29,93
120900042,146,123,23
120900043,27,28,-1
120900044,12,598,-586
120900045,101,149,-48
120900046,204,6,198
120900047,101,49,52
120900048,69,18,51
120900049,191,1,190
120900050,5552,1146,4406
120900051,229,129,100
120900052,294,9,285
120900053,164,113,51
120900054,1415,1028,387
120900055,159,0,159
120900056,280,12,268
120900057,77,29,48
120900058,264,1,263
120900059,34,1,33
120900060,59,44,15
120900061,204,546,-342
120900062,117,2,115
120900063,336,3,333
120900064,232,0,232
120900065,236,0,236
120900066,115,353,-238
120900067,150,33,117
120900068,94,0,94
120900069,126,123,3
120900071,4,1,3
120900072,334,2,332
120900073,209,370,-161
120900074,220,5,215
120900076,158,1,157
120900077,4761,266,4495
120900078,386,1252,-866
120900079,275,121,154
120900080,357,3685,-3328
120900081,474,2120,-1646
120900082,764,254,510
120900083,50,8,42
120900084,147,207,-60
120900085,129,148,-19
120900086,259,201,58
120900087,202,115,87
120900088,174,232,-58
120900089,6292,1419,4873
120900090,88,299,-211
120900091,460,311,149
120900092,1297,1014,283
120900093,5920,339,5581
120900094,487,311,176
120900095,179,16,163
120900096,25,158,-133
120900097,599,1486,-887
120900098,312,167,145
120900099,57,64,-7
120900100,59,551,-492
120900101,675,414,261
120900102,28,151,-123
120900103,40,177,-137
120900104,24,59,-35
120900105,56,1299,-1243
120900106,1463,793,670
120900107,412,118,294
120900108,7,1515,-1508
120900109,40,1108,-1068
120900110,2,895,-893
120900111,110,656,-546
120900112,8,2269,-2261
120900113,13,1433,-1420
120900114,66,201,-135
120900115,139,171,-32
120900116,134,1150,-1016
120900117,6,838,-832
120900118,10,1426,-1416
120900119,3220,4834,-1614
120900120,40,1111,-1071
120900121,68,540,-472
120900122,156,1166,-1010
120900123,11,849,-838
120900124,3,1241,-1238
120900125,6,1842,-1836
120900126,1660,1095,565
120900127,11,865,-854
120900128,1029,1406,-377
120900129,48,539,-491
120900130,2,402,-400
120900131,19,48,-29
120900132,461,610,-149
120900133,193,1670,-1477
120900134,764,583,181
120900135,10,984,-974
120900136,15,34,-19
120900137,91,162,-71
120900138,20,267,-247
120900139,3,1335,-1332
120900140,1,51,-50
120900141,43,135,-92
120900142,28,1558,-1530
120900143,11,1634,-1623
120900144,1,363,-362
120900145,36,1466,-1430
120900146,8,1660,-1652
120900147,0,419,-419
120900148,79,186,-107
120900149,3,655,-652
120900150,29,1008,-979
120900151,6,1172,-1166
120900152,0,53,-53
120900153,4,81,-77
120900154,1,591,-590
120900155,106,1816,-1710
120900156,34,536,-502
120900157,26,313,-287
120900158,18,793,-775
120900159,100,511,-411
120900160,41,514,-473
120900161,21,637,-616
120900162,24,812,-788
120900163,23,198,-175
120900164,3,1,2
120900165,1,22,-21
120900166,30,151,-121
120900167,209,116,93
120900169,73,900,-827
120900170,4298,1580,2718
120900171,1157,460,697
120900172,1076,216,860
120900173,3,69,-66
120900174,5,207,-202
120900175,253,269,-16
120900176,9,240,-231
120900177,0,510,-510
120900178,0,179,-179
120900179,1068,559,509
120900180,83,95,-12
120900181,34,74,-40
120900182,11,622,-611
120900183,367,131,236
120900184,126,67,59
120900185,5,435,-430
120900186,1,850,-849
120900187,208,1020,-812
120900188,76,9,67
120900189,238,492,-254
120900190,39,11,28
120900191,2,26,-24
120900192,18070,2658,15412
120900194,41,98,-57
120900195,130,296,-166
120900196,648,60,588
120900197,289,66,223
120900198,283,904,-621
120900199,173,180,-7
120900200,106,142,-36
120900201,770,141,629
120900202,1,323,-322
120900203,21,75,-54
120900204,218,559,-341
120900205,59,135,-76
120900206,12,21,-9
120900207,38,1765,-1727
121000001,1004,1265,-261
121000002,2701,1721,980
121000003,4062,2060,2002
121000004,2426,5296,-2870
121000005,2143,2716,-573
121000006,2760,1443,1317
121000007,3351,3186,165
121000008,6528,3107,3421
121000009,5888,6143,-255
121000010,9060,5330,3730
121000011,8273,12578,-4305
121000012,13401,9359,4042
121000013,5230,8025,-2795
121000014,7424,7088,336
121000015,5308,6930,-1622
121000016,5088,4754,334
121000017,1856,3536,-1680
121000018,1696,1784,-88
121000019,18740,9532,9208
121000020,12283,10073,2210
121000021,3591,3609,-18
121000022,1557,1952,-395
121000023,3564,3466,98
121000024,2562,3511,-949
121000025,709,1204,-495
121000026,304,147,157
121000027,1463,1006,457
121000028,767,424,343
121000029,796,698,98
121000030,452,366,86
121000031,698,596,102
121000032,187,58,129
121000034,507,181,326
121000035,228,109,119
121000036,1080,901,179
121000037,696,686,10
121000038,565,563,2
121000039,331,262,69
121000041,357,337,20
121000042,188,357,-169
121000043,680,811,-131
121000044,1819,685,1134
121000045,330,344,-14
121000046,317,863,-546
121000047,155,195,-40
121000049,1864,592,1272
121000050,257,1119,-862
121000051,619,341,278
121000052,243,641,-398
121000053,534,104,430
121000054,40,223,-183
121000055,1307,1342,-35
121000056,793,1057,-264
121000057,113,260,-147
121000058,346,92,254
121000059,1886,985,901
121000060,323,958,-635
121000061,162,87,75
121000062,85,266,-181
121000063,754,566,188
121000064,709,755,-46
121000065,569,384,185
121000066,610,455,155
121000067,894,311,583
121000068,515,251,264
121000069,270,375,-105
121000070,1877,1352,525
121000071,958,947,11
121000072,1068,837,231
121000073,949,666,283
121000074,89,171,-82
121000075,22,34,-12
121000076,912,327,585
121000077,91,95,-4
121000078,77,104,-27
121000080,2465,651,1814
121000081,2258,2447,-189
121000082,109,249,-140
121000083,221,208,13
121000084,217,88,129
121000085,196,415,-219
121000086,168,819,-651
121000087,92,257,-165
121000088,195,669,-474
121000089,340,329,11
121000090,336,401,-65
121000091,1322,744,578
121000092,122,90,32
121000093,117,222,-105
121000094,482,527,-45
121000095,267,482,-215
121000096,2095,2745,-650
121000097,1386,1969,-583
121000098,387,1773,-1386
121000099,402,1188,-786
121000100,643,633,10
121000101,181,361,-180
121000102,153,367,-214
121000103,84,396,-312
121000104,177,135,42
121000105,227,208,19
121000106,150,462,-312
121000107,2536,4137,-1601
121000109,1300,1152,148
121000110,246,608,-362
121000114,2529,2227,302
121000115,975,825,150
121000116,565,961,-396
121000117,1092,317,775
121000118,1140,298,842
121000119,1075,553,522
121000120,206,572,-366
121000121,391,885,-494
121000123,1241,576,665
121000127,130,143,-13
121000128,799,533,266
121000129,414,509,-95
121000130,310,1391,-1081
121000131,2074,1342,732
121000132,1250,1586,-336
121000135,348,232,116
121000136,781,505,276
121000137,397,209,188
121000138,683,478,205
121000139,355,64,291
121000141,232,125,107
121000142,779,542,237
121000143,167,21,146
121000144,941,1110,-169
121000145,401,1588,-1187
121000146,1121,1097,24
121000147,697,647,50
121000148,840,1148,-308
121000149,1906,1346,560
121000152,375,775,-400
121000153,1616,632,984
121000154,809,832,-23
121000155,1248,1313,-65
121000156,299,1188,-889
121000157,1558,2568,-1010
121000158,292,855,-563
121000159,155,822,-667
121000160,262,876,-614
121000161,103,390,-287
121000162,29,326,-297
121000165,1604,1530,74
121000166,40,756,-716
121000168,245,362,-117
121000169,47,152,-105
121000170,260,145,115
121000171,30,173,-143
121000172,497,511,-14
121000173,1090,789,301
121000174,206,386,-180
121000175,530,498,32
121000176,326,305,21
121000177,823,723,100
121000178,152,50,102
121000179,111,81,30
121000181,384,406,-22
121000182,95,154,-59
121000183,45,63,-18
121000184,30,71,-41
121000185,30,160,-130
121000186,125,242,-117
121000187,164,340,-176
121000188,94,290,-196
121000192,525,456,69
121000193,496,494,2
121000194,2609,2059,550
121000195,444,1324,-880
121000196,1111,235,876
121000197,331,905,-574
121000198,399,103,296
121000199,121,552,-431
121000200,333,106,227
121000201,5,268,-263
121000202,525,118,407
121000203,511,2710,-2199
121000204,1775,710,1065
121000205,197,423,-226
121000206,157,34,123
121000207,1508,535,973
121000208,10,515,-505
121000209,202,586,-384
121000210,222,951,-729
121000211,353,132,221
121000212,237,1239,-1002
121000213,10227,2680,7547
121000214,843,2287,-1444
121000215,1331,883,448
121000216,430,621,-191
121000217,4124,2954,1170
121000218,589,2051,-1462
121000219,1772,446,1326
121000220,321,55,266
121000221,162,288,-126
121000222,2785,2533,252
121000223,727,421,306
121000224,406,173,233
121000225,2772,1154,1618
121000226,5161,835,4326
121000227,3,174,-171
121000228,32,976,-944
121000229,168,653,-485
121000230,57,2395,-2338
121000231,476,54,422
121000232,437,230,207
121000233,393,302,91
121000234,9,30,-21
121000235,78,31,47
121000236,2,64,-62
121000237,27,21,6
121000238,3,88,-85
121000239,31,3,28
121000240,17,308,-291
121000241,79,8,71
121000242,72,176,-104
121000243,379,96,283
121000244,5,71,-66
121000245,27,9,18
121000246,5,109,-104
121000247,61,2,59
121000248,736,816,-80
121000249,107,268,-161
121000250,416,113,303
121000251,24,784,-760
121000252,68,38,30
121000253,319,552,-233
121000254,576,384,192
121000255,161,171,-10
121000256,279,192,87
121000257,49,80,-31
121000258,172,51,121
121000259,78,33,45
121000260,114,181,-67
121000261,83,50,33
121000262,994,1098,-104
121000263,314,475,-161
121000271,222,2117,-1895
121000273,205,11,194
121000274,33,42,-9
121000275,5,38,-33
121000276,2,22,-20
121000278,53,67,-14
121000279,38,12,26
121000280,53,57,-4
121000289,81,4,77
121000290,1328,721,607
121000294,55,235,-180
121000297,1138,1042,96
121000299,455,360,95
121000300,524,523,1
121000302,166,1179,-1013
121000303,587,520,67
121000304,409,46,363
121000305,105,62,43
121000306,71,171,-100
121000308,134,393,-259
121000309,321,665,-344
121000310,87,454,-367
121000311,60,882,-822
121000312,231,232,-1
121000313,461,464,-3
121000314,213,146,67
121000315,56,163,-107
121000530,999,1594,-595
121000531,1018,1793,-775
121000532,5652,4932,720
121000533,2220,2742,-522
121000918,56,239,-183
121000919,26,87,-61
121000938,398,394,4
121000939,644,341,303
121000956,617,1939,-1322
121000957,13,35,-22
121000958,103,40,63
121000959,418,1150,-732
121000960,2174,2852,-678
121000961,125,126,-1
121000962,471,1147,-676
121000963,0,0,0
121000973,0,397,-397
121000976,5,139,-134
121000979,257,51,206
121000981,305,198,107
121000982,195,450,-255
121000983,538,443,95
121000984,16,44,-28
121000985,304,1368,-1064
121000986,151,665,-514
121000987,284,2241,-1957
121000988,545,164,381
121001302,279,123,156
121001308,2,8,-6
121001309,121,54,67
121001313,178,348,-170
121001314,3197,4113,-916
121001315,4544,1999,2545
121001326,445,400,45
121900001,84,167,-83
121900002,52,28,24
121900003,161,6,155
121900004,140,376,-236
121900005,8,6,2
121900006,61,11,50
121900007,2116,2045,71
121900008,181,47,134
121900009,613,16,597
121900010,163,1,162
121900011,126,423,-297
121900012,4,0,4
121900013,1691,73,1618
121900014,1197,312,885
121900015,110,161,-51
121900016,5,50,-45
121900017,225,576,-351
121900018,181,2,179
121900019,233,270,-37
121900020,28,0,28
121900021,847,18,829
121900022,106,155,-49
121900023,53,444,-391
121900024,357,101,256
121900025,333,375,-42
121900026,220,31,189
121900027,161,135,26
121900028,429,12,417
121900029,55,180,-125
121900030,485,460,25
121900031,1467,5733,-4266
121900032,51,67,-16
121900033,130,175,-45
121900034,234,70,164
121900035,2370,1417,953
121900036,63,454,-391
121900037,126,654,-528
121900038,13,148,-135
121900039,289,20,269
121900040,30,81,-51
121900041,75,140,-65
121900042,238,159,79
121900043,1,12,-11
121900044,251,48,203
121900046,160,227,-67
121900047,103,58,45
121900048,13,160,-147
121900050,15,37,-22
121900051,143,236,-93
121900052,58,36,22
121900053,263,258,5
121900054,460,802,-342
121900055,1,11,-10
121900058,167,242,-75
121900059,210,104,106
121900060,178,374,-196
121900062,70,67,3
121900063,751,348,403
121900064,129,808,-679
121900066,15,19,-4
121900067,25,35,-10
121900069,161,112,49
121900070,195,122,73
121900071,116,203,-87
121900072,30,236,-206
121900073,242,179,63
121900074,598,508,90
121900075,867,310,557
121900076,312,647,-335
121900078,20,58,-38
121900079,0,0,0
121900080,467,340,127
121900082,31,119,-88
121900084,4,266,-262
121900086,12,36,-24
121900087,175,80,95
121900088,1570,2169,-599
121900089,135,506,-371
121900090,5,135,-130
121900091,14,132,-118
121900092,55,84,-29
121900093,33,75,-42
121900094,17,7,10
121900095,143,109,34
121900096,1166,496,670
121900097,299,139,160
121900098,16,0,16
121900099,142,89,53
121900100,151,205,-54
121900101,92,111,-19
121900102,7,93,-86
121900103,423,171,252
121900104,743,286,457
121900105,174,94,80
121900106,2,2,0
121900107,35,18,17
121900108,3,17,-14
121900109,338,150,188
121900110,210,1430,-1220
121900111,641,101,540
121900112,112,101,11
121900113,62,287,-225
121900114,18,36,-18
121900117,57,21,36
121900118,2176,297,1879
121900119,94,138,-44
121900120,34,1427,-1393
121900121,492,58,434
121900122,21,43,-22
121900123,217,487,-270
121900124,55,165,-110
121900125,661,873,-212
121900127,20,66,-46
121900128,48,97,-49
121900129,739,139,600
121900130,111,193,-82
121900131,152,80,72
121900132,21,113,-92
121900133,114,543,-429
121900134,28,86,-58
121900135,2202,214,1988
121900136,139,549,-410
121900137,46,238,-192
121900138,71,207,-136
121900139,380,548,-168
121900140,42,126,-84
121900141,23,10,13
121900142,77,101,-24
121900143,7,97,-90
121900144,141,288,-147
121900145,156,157,-1
121900146,404,693,-289
121900147,68,210,-142
121900148,126,256,-130
121900149,311,668,-357
121900150,57,154,-97
121900151,50,183,-133
121900152,57,134,-77
121900153,85,482,-397
121900154,7,173,-166
121900155,2,47,-45
121900156,128,79,49
121900157,2,510,-508
121900158,56,72,-16
121900159,1,221,-220
121900160,95,229,-134
121900161,283,348,-65
121900162,103,127,-24
121900163,143,768,-625
121900164,369,241,128
121900165,266,218,48
121900166,155,189,-34
121900167,80,114,-34
121900168,178,151,27
121900169,12,491,-479
121900170,3,233,-230
121900171,370,548,-178
121900172,266,246,20
121900173,857,155,702
121900174,20,30,-10
121900175,158,115,43
121900176,497,2046,-1549
121900177,96,54,42
121900178,53,103,-50
121900179,219,108,111
121900180,5360,2442,2918
121900182,862,290,572
121900183,286,399,-113
121900184,52,568,-516
121900186,7,314,-307
121900187,19,110,-91
121900188,482,415,67
121900189,33,60,-27
121900190,343,531,-188
121900191,43,195,-152
121900192,331,683,-352
121900193,46,195,-149
121900194,5,130,-125
121900195,86,44,42
121900196,911,640,271
121900197,322,2461,-2139
121900198,841,1263,-422
121900199,3,26,-23
121900200,106,201,-95
121900201,1086,516,570
121900202,138,332,-194
121900203,175,706,-531
121900204,991,829,162
121900205,23,95,-72
121900206,3,7,-4
121900207,138,31,107
121900208,223,278,-55
121900209,33,15,18
121900210,1274,1008,266
121900211,274,811,-537
121900212,98,115,-17
121900213,73,113,-40
121900214,1,338,-337
121900215,32,45,-13
121900216,37,64,-27
121900217,152,71,81
121900218,281,421,-140
121900220,115,8,107
121900221,254,570,-316
121900222,136,172,-36
121900223,84,43,41
121900224,48,47,1
121900225,162,80,82
121900226,159,93,66
121900227,129,356,-227
121900228,159,310,-151
121900230,112,62,50
121900231,160,232,-72
121900232,170,366,-196
121900233,252,189,63
121900234,180,424,-244
121900235,273,285,-12
121900236,245,202,43
121900237,155,166,-11
121900238,100,163,-63
121900239,55,29,26
121900240,128,96,32
121900241,34,55,-21
121900242,2,0,2
121900243,4,0,4
121900244,5,0,5
121900245,155,120,35
121900246,1515,378,1137
121900248,1335,1157,178
121900250,271,271,0
121900251,269,34,235
121900252,427,117,310
121900253,194,1115,-921
121900254,427,283,144
121900255,161,69,92
121900258,2653,1718,935
121900259,249,443,-194
121900260,17,173,-156
121900261,122,386,-264
121900262,377,789,-412
121900263,114,357,-243
121900264,2106,1288,818
121900265,153,299,-146
121900266,178,187,-9
121900267,64,20,44
121900269,108,300,-192
121900270,11,205,-194
121900271,16,137,-121
121900273,511,1559,-1048
121900274,137,226,-89
121900277,299,1574,-1275
121900278,102,904,-802
121900279,113,271,-158
121900280,199,300,-101
121900281,238,71,167
121900284,79,10,69
121900286,47,145,-98
121900287,14,5,9
121900288,1,2,-1
121900290,221,289,-68
121900291,510,603,-93
121900292,227,106,121
121900293,843,3676,-2833
121900294,207,5,202
121900295,43,270,-227
121900296,42,22,20
121900298,394,456,-62
121900299,0,0,0
121900300,9,0,9
121900301,25,1,24
121900302,1,48,-47
121900303,389,365,24
121900304,0,7,-7
121900305,0,4,-4
121900306,47,0,47
121900307,16,35,-19
121900308,37,345,-308
121900309,11,216,-205
121900310,30,482,-452
121900311,214,24,190
121900312,76,16,60
121900313,212,15,197
121900314,3,77,-74
121900315,9,0,9
121900316,0,43,-43
121900317,0,0,0
121900318,1,30,-29
121900319,14,75,-61
121900320,86,115,-29
121900321,8,3,5
121900322,0,19,-19
121900323,29,14,15
121900324,14,75,-61
121900325,6,1,5
121900326,0,17,-17
121900327,5,78,-73
121900328,1,39,-38
121900329,4,284,-280
121900330,0,25,-25
121900331,8,3,5
121900332,39,15,24
121900333,23,0,23
121900334,224,62,162
122000001,2040,3869,-1829
122000002,5142,1595,3547
122000003,1754,1686,68
122000004,3045,1355,1690
122000005,3139,1186,1953
122000006,3026,606,2420
122000007,1583,1694,-111
122000008,5693,5186,507
122000009,517,338,179
122000010,2211,3043,-832
122000011,2895,1018,1877
122000012,1561,1018,543
122000013,3351,1472,1879
122000014,1705,3082,-1377
122000015,1782,1187,595
122000016,618,845,-227
122000017,1056,1012,44
122000018,1521,1200,321
122000019,915,1554,-639
122000020,126,229,-103
122000021,524,464,60
122000022,1472,1589,-117
122000023,582,3328,-2746
122000024,1140,844,296
122000025,2335,1151,1184
122000026,2116,769,1347
122000027,656,6251,-5595
122000028,881,372,509
122000029,427,309,118
122000031,191,301,-110
122000032,1796,4184,-2388
122000033,1216,924,292
122000034,599,403,196
122000035,332,975,-643
122000036,451,585,-134
122000037,319,307,12
122000038,305,432,-127
122000039,222,236,-14
122000040,732,815,-83
122000041,518,567,-49
122000042,685,471,214
122000043,147,177,-30
122000044,107,196,-89
122000045,1739,501,1238
122000046,955,1107,-152
122000047,329,219,110
122000048,2889,5170,-2281
122000049,4658,2092,2566
122000050,2536,714,1822
122000051,594,491,103
122000052,659,270,389
122000053,159,504,-345
122000054,2374,1905,469
122000055,2631,2353,278
122000056,5607,4103,1504
122000057,3796,2694,1102
122000058,5149,1010,4139
122000059,3669,1230,2439
122000060,860,517,343
122000061,552,332,220
122000062,1523,468,1055
122000063,1790,472,1318
122000064,4214,2890,1324
122000065,5816,2911,2905
122000066,559,384,175
122000067,2012,1244,768
122000068,1022,1637,-615
122000069,968,748,220
122000070,689,4416,-3727
122000071,864,1917,-1053
122000072,274,289,-15
122000073,1290,577,713
122000074,1943,1357,586
122000075,511,1629,-1118
122000076,1664,975,689
122000077,1730,505,1225
122000078,3115,2051,1064
122000079,2764,679,2085
122000080,1716,385,1331
122000081,273,400,-127
122000082,1164,663,501
122000083,1243,4619,-3376
122000084,996,822,174
122000085,249,1681,-1432
122000086,2333,5963,-3630
122000087,351,113,238
122000088,180,291,-111
122000089,5987,3162,2825
122000090,226,330,-104
122000091,310,59,251
122000092,177,8,169
122000093,1844,684,1160
122000094,7040,1367,5673
122000095,3016,2506,510
122000096,2477,1761,716
122000098,3083,1341,1742
122000099,3926,558,3368
122000100,1308,605,703
122000101,227,1119,-892
122000102,1535,1056,479
122000103,1425,1334,91
122000104,244,191,53
122000105,301,221,80
122000106,412,430,-18
122000107,912,563,349
122000108,274,869,-595
122000109,394,442,-48
122000110,283,492,-209
122000111,2255,970,1285
122000112,745,1350,-605
122000113,578,694,-116
122000114,5026,1492,3534
122000115,1542,2409,-867
122000116,365,417,-52
122000117,943,252,691
122000118,298,556,-258
122000119,2835,1580,1255
122000120,2120,2503,-383
122000121,2423,2088,335
122000122,735,1164,-429
122000123,2087,1459,628
122000124,828,393,435
122000125,439,564,-125
122000126,502,722,-220
122000127,1294,846,448
122000128,610,817,-207
122000129,372,740,-368
122000130,2270,583,1687
122000131,962,688,274
122000132,674,423,251
122000133,949,1932,-983
122000134,523,567,-44
122000135,659,697,-38
122000136,358,309,49
122000137,941,680,261
122000139,1649,2576,-927
122000140,1658,471,1187
122000141,5035,1094,3941
122000142,696,654,42
122000143,339,251,88
122000144,1163,966,197
122000145,1471,594,877
122000146,553,993,-440
122000147,1001,390,611
122000148,2812,1050,1762
122000149,1643,989,654
122000150,910,748,162
122000151,197,353,-156
122000152,456,321,135
122000153,398,335,63
122000154,235,178,57
122000155,1148,1992,-844
122000156,1652,1670,-18
122000157,1989,1103,886
122000158,492,533,-41
122000159,888,1540,-652
122000160,3390,1200,2190
122000161,812,668,144
122000162,1673,1329,344
122000163,270,64,206
122000164,32,81,-49
122000165,727,812,-85
122000166,1272,1487,-215
122000167,198,221,-23
122000168,166,627,-461
122000169,506,274,232
122000170,210,334,-124
122000171,29,58,-29
122000172,1519,1823,-304
122000173,1429,2583,-1154
122000174,2223,896,1327
122000175,675,269,406
122000176,324,838,-514
122000177,1446,1437,9
122000178,2633,3353,-720
122000179,1858,3409,-1551
122000180,1576,1133,443
122000181,1550,2800,-1250
122000182,1608,1130,478
122000183,1674,1366,308
122000184,2229,1695,534
122000185,1071,1209,-138
122000186,577,1123,-546
122000187,2369,1099,1270
122000188,529,242,287
122000189,263,368,-105
122000190,1200,1026,174
122000191,1142,509,633
122000192,452,272,180
122000193,318,653,-335
122000194,1479,327,1152
122000195,213,555,-342
122000196,939,678,261
122000197,547,706,-159
122000198,648,1144,-496
122000199,291,327,-36
122000200,1847,741,1106
122000201,1399,1513,-114
122000202,1029,931,98
122000203,2106,1549,557
122000204,1126,1932,-806
122000205,1258,1280,-22
122000206,2274,793,1481
122000207,1204,1103,101
122000208,2291,1550,741
122000209,3004,381,2623
122000210,2072,2041,31
122000211,1358,1089,269
122000212,717,465,252
122000213,840,1105,-265
122000214,1725,1683,42
122000215,1916,1536,380
122000217,2327,1403,924
122000218,781,73,708
122000219,1498,923,575
122000220,333,626,-293
122000221,143,546,-403
122000222,140,37,103
122000223,1058,352,706
122000225,624,244,380
122000226,1219,1865,-646
122000227,326,2826,-2500
122000228,287,446,-159
122000229,25,418,-393
122000230,69,699,-630
122000231,226,837,-611
122000232,471,1183,-712
122000233,0,124,-124
122000234,134,206,-72
122000235,327,223,104
122000236,833,255,578
122000237,59,56,3
122000238,245,414,-169
122000239,360,69,291
122000240,762,320,442
122000241,759,601,158
122000242,256,109,147
122000243,130,58,72
122000244,38,513,-475
122000245,78,366,-288
122000246,174,188,-14
122000247,503,936,-433
122000248,1569,2019,-450
122000249,454,652,-198
122000250,1239,794,445
122000251,280,261,19
122000252,437,84,353
122000253,76,315,-239
122000254,129,66,63
122000255,566,1767,-1201
122000256,414,1569,-1155
122000257,133,399,-266
122000258,92,164,-72
122000259,20,805,-785
122000261,14,370,-356
122000262,2,61,-59
122000263,121,142,-21
122000264,776,491,285
122000265,2444,900,1544
122000266,4827,583,4244
122000267,62,124,-62
122000268,121,482,-361
122000269,921,336,585
122000270,1256,139,1117
122000271,348,1295,-947
122000272,247,1265,-1018
122000273,191,530,-339
122000274,94,210,-116
122000275,51,179,-128
122000276,313,689,-376
122000277,724,1326,-602
122000278,751,957,-206
122000279,115,520,-405
122000280,854,749,105
122000281,476,758,-282
122000282,147,99,48
122000283,311,36,275
122000284,106,75,31
122000285,355,125,230
122000286,67,147,-80
122000287,561,1337,-776
122000288,243,270,-27
122000291,744,400,344
122000293,524,267,257
122000294,82,166,-84
122000295,1445,263,1182
122000296,41,623,-582
122000297,3416,2520,896
122000299,242,387,-145
122000300,476,656,-180
122000301,16698,2302,14396
122000302,514,576,-62
122000303,3929,1193,2736
122000304,10,169,-159
122000305,676,1035,-359
122000306,24,999,-975
122000307,95,119,-24
122000309,88,93,-5
122000310,33,40,-7
122000311,155,121,34
122000312,161,71,90
122000313,96,62,34
122000314,223,225,-2
122000315,124,7,117
122000316,317,229,88
122000317,512,210,302
122000318,224,394,-170
122000319,223,752,-529
122000320,1019,3672,-2653
122000321,89,300,-211
122000322,2435,4408,-1973
122000323,1846,2384,-538
122000324,1665,1787,-122
122000325,1061,1146,-85
122000326,34,176,-142
122000327,452,590,-138
122000328,1385,883,502
122000330,1906,656,1250
122000332,234,253,-19
122000333,13,386,-373
122000337,595,1818,-1223
122000338,258,417,-159
122000340,504,343,161
122000342,3403,1089,2314
122000343,463,2174,-1711
122000344,42,19,23
122000345,99,95,4
122000346,209,606,-397
122000348,298,875,-577
122000349,149,770,-621
122000351,140,540,-400
122000352,633,198,435
122000353,104,192,-88
122000355,125,165,-40
122000356,2011,682,1329
122000357,30,14,16
122000358,0,96,-96
122000359,0,38,-38
122000360,0,62,-62
122000362,12,115,-103
122000364,84,448,-364
122000365,2,18,-16
122000366,8,4,4
122000368,448,855,-407
122000370,26,78,-52
122000371,5,0,5
122000372,9,0,9
122000381,53,447,-394
122000382,57,340,-283
122000384,5459,2233,3226
122000385,38,0,38
122000386,1045,831,214
122000387,586,616,-30
122000388,2431,350,2081
122000389,232,801,-569
122000390,713,340,373
122000391,326,141,185
122000392,189,307,-118
122000393,4,51,-47
122000394,383,315,68
122000395,108,236,-128
122000396,234,151,83
122000397,41,95,-54
122000398,8,34,-26
122000399,108,103,5
122000400,154,260,-106
122000401,167,156,11
122000402,193,134,59
122000403,482,1349,-867
122000404,111,352,-241
122000408,1040,1337,-297
122000503,7,104,-97
122000524,193,98,95
122000544,36,3213,-3177
122000614,506,268,238
122000616,398,2,396
122000640,25,189,-164
122000641,67,625,-558
122000642,741,1497,-756
122000643,17,94,-77
122000644,139,20,119
122000645,66,245,-179
122000651,2787,647,2140
122000664,172,31,141
122000665,981,505,476
122000666,487,1088,-601
122000673,36,505,-469
122000674,81,42,39
122000675,1463,1520,-57
122000686,268,1696,-1428
122000687,1321,406,915
122000688,126,1135,-1009
122000689,524,738,-214
122000690,597,802,-205
122000691,262,3738,-3476
122000692,816,350,466
122000693,248,2414,-2166
122000695,166,612,-446
122000696,154,381,-227
122000698,155,1212,-1057
122000699,95,94,1
122000701,991,388,603
122000702,492,2872,-2380
122000703,131,82,49
122000712,0,0,0
122000717,189,88,101
122000718,1098,1175,-77
122000719,62,77,-15
122000720,175,361,-186
122000724,203,344,-141
122900001,13,5,8
122900002,1275,2517,-1242
122900003,281,57,224
122900004,484,23,461
122900005,34,30,4
122900006,448,122,326
122900007,92,22,70
122900008,544,53,491
122900009,587,264,323
122900010,168,165,3
122900012,134,340,-206
122900014,104,295,-191
122900015,2195,429,1766
122900016,123,362,-239
122900017,558,815,-257
122900018,244,16,228
122900019,41,173,-132
122900020,404,383,21
122900021,73,704,-631
122900024,86,110,-24
122900025,23,136,-113
122900026,177,357,-180
122900027,101,876,-775
122900028,117,177,-60
122900029,4789,2902,1887
122900030,1606,374,1232
122900031,138,135,3
122900032,76,190,-114
122900033,164,152,12
122900034,3817,5037,-1220
122900035,66,2,64
122900036,36,307,-271
122900037,307,121,186
122900038,120,2071,-1951
122900039,82,429,-347
122900040,263,443,-180
122900041,144,160,-16
122900042,109,242,-133
122900043,409,251,158
122900044,98,333,-235
122900045,80,118,-38
122900046,56,83,-27
122900047,393,153,240
122900048,35,198,-163
122900049,1897,151,1746
122900051,108,149,-41
122900052,35,211,-176
122900053,9,7,2
122900055,205,105,100
122900057,348,27,321
122900061,246,125,121
122900062,252,330,-78
122900063,110,393,-283
122900064,759,590,169
122900065,224,34,190
122900066,389,263,126
122900067,1672,800,872
122900069,236,987,-751
122900070,214,249,-35
122900071,127,519,-392
122900073,45,451,-406
122900074,211,947,-736
122900075,6,77,-71
122900076,11,255,-244
122900077,10,370,-360
122900078,47,25,22
122900080,56,10,46
122900081,180,169,11
122900082,605,211,394
122900083,193,100,93
122900084,3,323,-320
122900086,5,22,-17
122900087,112,553,-441
122900088,51,76,-25
122900089,28,231,-203
122900090,8,1057,-1049
122900091,116,6,110
122900092,89,601,-512
122900093,4,527,-523
122900094,2,288,-286
122900095,98,6,92
122900096,60,158,-98
122900097,23,11,12
122900098,80,112,-32
122900099,14,1,13
122900100,239,227,12
122900101,708,222,486
122900102,18,5,13
122900103,77,6,71
122900104,44,6,38
122900105,4,5,-1
122900106,3,105,-102
122900107,5,359,-354
122900108,5,315,-310
122900109,258,589,-331
123000001,2116,384,1732
123000002,6193,2869,3324
123000003,3540,3024,516
123000004,3341,5136,-1795
123000005,2325,2727,-402
123000006,3163,3345,-182
123000007,3203,2543,660
123000008,2746,4247,-1501
123000009,4182,2919,1263
123000010,3574,4083,-509
123000011,4438,823,3615
123000012,1275,2858,-1583
123000013,2855,828,2027
123000014,1519,4295,-2776
123000015,4916,876,4040
123000016,7568,3116,4452
123000017,3027,1206,1821
123000018,30,99,-69
123000019,100,351,-251
123000020,79,121,-42
123000021,54,202,-148
123000022,482,1419,-937
123000023,1118,1281,-163
123000024,1226,745,481
123000025,154,111,43
123000026,17,168,-151
123000027,242,331,-89
123000028,896,137,759
123000029,1080,326,754
123000030,175,757,-582
123000031,86,627,-541
123000032,220,374,-154
123000033,321,145,176
123000034,707,593,114
123000035,250,290,-40
123000036,180,581,-401
123000037,228,299,-71
123000038,79,227,-148
123000039,459,822,-363
123000040,1318,300,1018
123000041,1369,585,784
123000042,1163,425,738
123000043,3679,4635,-956
123000044,6087,2021,4066
123000045,11243,2185,9058
123000046,827,790,37
123000047,1916,1387,529
123000048,33,411,-378
123000049,6929,4667,2262
123000050,663,1215,-552
123000051,83,180,-97
123000052,505,2467,-1962
123000053,1915,2867,-952
123000054,830,1178,-348
123000055,844,1245,-401
123000056,1476,2028,-552
123000057,18443,5701,12742
123000058,633,673,-40
123000059,387,512,-125
123000060,615,335,280
123000061,135,785,-650
123000063,529,599,-70
123000064,689,162,527
123000065,8147,3624,4523
123000066,1161,953,208
123000067,424,634,-210
123000068,3037,3736,-699
123000069,6898,3809,3089
123000070,260,969,-709
123000071,472,1227,-755
123000072,797,1806,-1009
123000073,708,910,-202
123000074,819,2689,-1870
123000075,310,833,-523
123000076,503,1393,-890
123000077,2263,4387,-2124
123000078,911,1866,-955
123000079,912,2140,-1228
123000080,1711,3158,-1447
123000081,164,756,-592
123000082,422,1467,-1045
123000083,634,157,477
123000084,476,834,-358
123000085,101,144,-43
123000086,187,542,-355
123000087,132,580,-448
123000088,782,1481,-699
123000089,336,1652,-1316
123000090,882,1383,-501
123000091,1551,1443,108
123000092,1172,1190,-18
123000094,316,324,-8
123000095,306,677,-371
123000096,316,528,-212
123000097,302,1482,-1180
123000098,469,627,-158
123000099,480,1070,-590
123000100,438,556,-118
123000101,513,452,61
123000102,575,667,-92
123000104,255,353,-98
123000105,497,632,-135
123000106,412,363,49
123000107,334,691,-357
123000108,747,1763,-1016
123000111,537,326,211
123000112,523,799,-276
123000113,485,2253,-1768
123000114,503,489,14
123000115,152,294,-142
123000116,36,221,-185
123000117,1035,2672,-1637
123000118,314,1195,-881
123000119,170,1471,-1301
123000120,334,1151,-817
123000121,422,611,-189
123000122,355,323,32
123000123,386,633,-247
123000124,550,635,-85
123000125,1133,807,326
123000126,1405,2278,-873
123000127,1036,906,130
123000128,337,485,-148
123000129,354,241,113
123000130,265,100,165
123000131,610,556,54
123000132,336,658,-322
123000133,262,486,-224
123000134,435,191,244
123000135,1102,1513,-411
123000136,193,1697,-1504
123000137,85,536,-451
123000138,75,537,-462
123000139,347,182,165
123000140,109,714,-605
123000141,566,114,452
123000142,1034,1135,-101
123000143,2080,3266,-1186
123000144,11,22,-11
123000147,273,110,163
123000149,279,368,-89
123000150,162,262,-100
123000151,279,373,-94
123000152,46,332,-286
123000153,112,455,-343
123000154,1345,1401,-56
123000155,2539,587,1952
123000156,47,81,-34
123000157,495,947,-452
123000158,583,570,13
123000159,3512,1808,1704
123000160,527,464,63
123000161,1042,880,162
123000162,388,1382,-994
123000163,214,56,158
123000164,433,122,311
123000165,236,1658,-1422
123000167,5,300,-295
123000168,121,474,-353
123000169,353,68,285
123000170,60,559,-499
123000171,186,116,70
123000172,947,973,-26
123000173,463,298,165
123000174,751,306,445
123000175,1017,1545,-528
123000176,429,106,323
123000177,334,1244,-910
123000178,553,119,434
123000179,25,1169,-1144
123000180,788,244,544
123000181,246,1498,-1252
123000182,120,534,-414
123000183,49,141,-92
123000184,63,997,-934
123000185,285,500,-215
123000186,1,757,-756
123000187,319,4,315
123000188,180,2,178
123000189,87,227,-140
123000190,10,93,-83
123000192,23,558,-535
123000193,74,766,-692
123000194,311,139,172
123000195,186,16,170
123000196,241,6,235
123000197,32,157,-125
123000198,25,248,-223
123000199,4,612,-608
123000200,151,14,137
123000201,298,11,287
123000202,37,1324,-1287
123000203,408,33,375
123000204,55,1251,-1196
123000205,506,2318,-1812
123000206,790,107,683
123000207,352,1472,-1120
123000208,511,116,395
123000209,1896,452,1444
123000210,776,3364,-2588
123000211,590,3504,-2914
123000212,1481,351,1130
123000213,441,50,391
123000215,172,171,1
123000216,256,462,-206
123000217,115,27,88
123000218,79,380,-301
123000219,1220,71,1149
123000220,447,84,363
123000221,129,178,-49
123000222,253,640,-387
123000223,87,834,-747
123000224,364,783,-419
123000225,138,125,13
123000226,49,394,-345
123000227,50,410,-360
123000228,159,82,77
123000229,1197,2550,-1353
123000232,81,660,-579
123000233,432,202,230
123000234,123,733,-610
123000235,369,364,5
123000236,185,912,-727
123000237,161,62,99
123000238,68,849,-781
123000239,460,2373,-1913
123000240,40,323,-283
123000241,1147,142,1005
123000242,78,243,-165
123000243,786,1168,-382
123000244,1264,539,725
123000245,84,198,-114
123000249,466,819,-353
123000252,493,169,324
123000253,485,358,127
123000254,376,1127,-751
123000255,606,670,-64
123000256,43,230,-187
123000257,4175,2656,1519
123000258,795,1429,-634
123000259,232,488,-256
123000260,392,719,-327
123000261,83,213,-130
123000263,148,158,-10
123000264,127,119,8
123000265,49,195,-146
123000266,400,786,-386
123000267,284,321,-37
123000268,33,115,-82
123000269,159,54,105
123000270,75,39,36
123000271,45,106,-61
123000272,830,226,604
123000273,227,447,-220
123000274,800,362,438
123000275,197,1096,-899
123000278,3581,2540,1041
123000279,99,125,-26
123000280,239,385,-146
123000281,197,87,110
123000282,74,280,-206
123000283,38,47,-9
123000284,47,130,-83
123000286,280,203,77
123000287,649,377,272
123000288,668,356,312
123000289,431,481,-50
123000291,283,847,-564
123000294,279,284,-5
123000295,908,913,-5
123000296,417,611,-194
123000297,310,1403,-1093
123000298,424,1367,-943
123000299,140,775,-635
123000300,632,840,-208
123000301,71,189,-118
123000302,46,265,-219
123000303,81,62,19
123000305,1082,955,127
123000306,65,354,-289
123000309,42,75,-33
123000310,27,33,-6
123000311,1,271,-270
123000312,1190,1104,86
123000313,225,325,-100
123000315,39,475,-436
123000316,2664,196,2468
123000317,263,42,221
123000318,127,588,-461
123000329,15,29,-14
123000337,450,313,137
123000338,389,48,341
123000339,133,383,-250
123000340,254,911,-657
123000342,17,277,-260
123000343,93,2,91
123000344,1398,502,896
123000345,286,712,-426
123000346,211,99,112
123000352,2173,772,1401
123000353,21,242,-221
123000354,273,8,265
123000355,1,585,-584
123000356,87,10,77
123000357,1,400,-399
123000359,2,238,-236
123000360,165,50,115
123000361,739,298,441
123000362,161,207,-46
123000363,62,232,-170
123000364,420,355,65
123000365,21,241,-220
123000366,288,1184,-896
123000367,204,1329,-1125
123000370,12,505,-493
123000371,169,6,163
123000372,209,14,195
123000373,1,517,-516
123000374,3,270,-267
123000375,161,16,145
123000376,892,801,91
123000377,155,11,144
123000378,9,566,-557
123000379,3,221,-218
123000380,62,276,-214
123000381,262,46,216
123000382,1087,86,1001
123000383,318,774,-456
123000384,449,116,333
123000385,372,963,-591
123000436,105,841,-736
123000507,279,612,-333
123000508,307,529,-222
123000517,219,27,192
123000518,49,292,-243
123000519,102,58,44
123000520,61,342,-281
123000521,194,91,103
123000522,122,738,-616
123000541,2,0,2
123000542,0,45,-45
123000565,355,37,318
123000566,90,1304,-1214
123000567,230,432,-202
123000573,37,1115,-1078
123000574,365,82,283
123000575,932,1535,-603
123000576,489,3077,-2588
123000577,63,688,-625
123000578,614,75,539
123000579,5008,3181,1827
123000580,86,56,30
123000582,235,18,217
123000583,15,686,-671
123000584,79,210,-131
123000585,0,101,-101
123000586,70,0,70
123000596,539,299,240
123000597,102,133,-31
123000602,9,3,6
123000603,322,1072,-750
123000604,364,1592,-1228
123000605,944,71,873
123000606,1,226,-225
123000609,43,312,-269
123000610,137,95,42
123000613,46,240,-194
123000614,102,55,47
123000615,49,379,-330
123000616,219,66,153
123000617,60,515,-455
123000618,60,696,-636
123000619,396,29,367
123000620,15,689,-674
123000622,203,8,195
123000624,113,145,-32
123000630,589,450,139
123000631,263,3361,-3098
123000632,1296,1623,-327
123000633,0,457,-457
123000634,178,44,134
123000635,301,78,223
123000636,5,829,-824
123000637,152,57,95
123000638,356,154,202
123000639,1015,2089,-1074
123000640,56,1369,-1313
123000648,229,74,155
123000649,38,890,-852
123000650,41,99,-58
123000651,25,184,-159
123900001,1389,58,1331
123900002,15,934,-919
123900003,282,865,-583
123900005,189,92,97
123900006,180,46,134
124000001,998,83,915
124000002,82,2076,-1994
124000003,364,122,242
124000004,60,1002,-942
124000005,523,140,383
124000006,267,1623,-1356
124000007,771,65,706
124000008,30,505,-475
124000009,250,338,-88
124000010,176,765,-589
124000011,697,347,350
124000012,167,889,-722
124000017,91,100,-9
124000018,77,94,-17
124000019,118,71,47
124000020,35,222,-187
124000021,80,64,16
124000022,80,219,-139
124000023,752,217,535
124000024,74,382,-308
124000025,702,358,344
124000026,357,477,-120
124000027,1903,815,1088
124000028,2638,1505,1133
124000031,735,1025,-290
124000032,6870,1394,5476
124000033,708,415,293
124000034,2178,1358,820
124000035,179,114,65
124000036,142,736,-594
124000037,191,556,-365
124000038,33,102,-69
124000039,742,299,443
124000040,590,543,47
124000041,232,56,176
124000042,67,429,-362
124000043,58,67,-9
124000044,38,339,-301
124000045,355,612,-257
124000046,273,1171,-898
124000047,804,1055,-251
124000048,647,2844,-2197
124000049,760,685,75
124000050,524,3379,-2855
124000051,410,450,-40
124000052,564,1777,-1213
124000053,405,936,-531
124000054,911,910,1
124000055,1028,1298,-270
124000056,5408,1598,3810
124000057,693,435,258
124000058,433,1958,-1525
124000059,376,584,-208
124000060,903,1156,-253
124000061,1084,3007,-1923
124000062,6098,1877,4221
124000063,1258,1944,-686
124000064,2816,2225,591
124000065,62,38,24
124000066,356,44,312
124000067,181,242,-61
124000068,204,158,46
124000069,328,327,1
124000070,156,474,-318
124000071,97,79,18
124000072,18,65,-47
124000073,363,95,268
124000074,225,855,-630
124000075,89,36,53
124000076,13,292,-279
124000077,1499,605,894
124000078,1379,670,709
124000079,424,848,-424
124000080,179,102,77
124000081,124,942,-818
124000082,30,106,-76
124000083,68,247,-179
124000084,65,234,-169
124000085,71,77,-6
124000086,245,37,208
124000088,85,491,-406
124000089,407,436,-29
124000090,108,442,-334
124000091,432,151,281
124000092,128,916,-788
124000093,76,85,-9
124000094,118,490,-372
124000095,43,43,0
124000096,115,374,-259
124000097,76,93,-17
124000098,64,250,-186
124000099,164,94,70
124000100,46,98,-52
124000101,38,102,-64
124000102,111,135,-24
124000103,80,111,-31
124000104,110,162,-52
124000105,46,75,-29
124000106,186,204,-18
124000107,10,139,-129
124000108,50,75,-25
124000109,118,84,34
124000110,261,191,70
124000111,195,143,52
124000112,362,940,-578
124000113,37,78,-41
124000114,200,852,-652
124000115,311,1113,-802
124000116,93,74,19
124000117,100,122,-22
124000118,41,75,-34
124000119,905,650,255
124000120,435,747,-312
124000121,2065,516,1549
124000122,590,1283,-693
124000123,730,408,322
124000124,579,963,-384
124000125,231,322,-91
124000126,332,605,-273
124000127,628,356,272
124000128,541,1118,-577
124000129,1516,1171,345
124000130,714,837,-123
124000131,775,462,313
124000132,767,858,-91
124000133,879,689,190
124000134,409,594,-185
124000135,2311,1697,614
124000136,853,905,-52
124000137,1264,827,437
124000138,1572,1388,184
124000139,646,84,562
124000140,60,852,-792
124000141,322,23,299
124000142,61,1098,-1037
124000143,75,17,58
124000144,11,297,-286
124000145,19,20,-1
124000146,10,129,-119
124000148,19,43,-24
124000149,622,256,366
124000150,283,670,-387
124000151,263,100,163
124000152,572,1209,-637
124000153,431,414,17
124000154,283,1113,-830
124000155,770,559,211
124000156,1691,1036,655
124000169,199,338,-139
124000170,824,474,350
124000171,175,257,-82
124000172,273,726,-453
124000173,246,437,-191
124000174,256,859,-603
124000175,14,119,-105
124000176,13,11,2
124000177,11,38,-27
124000178,44,27,17
124000185,55,11,44
124000186,9,188,-179
124000187,7,195,-188
124000188,18,4,14
124000190,228,17,211
124000191,1402,81,1321
124000192,1564,248,1316
124000193,378,1164,-786
124000194,365,639,-274
124000195,255,543,-288
124000196,1096,1469,-373
124000197,45,108,-63
124000198,17,42,-25
124000201,197,1411,-1214
124000202,305,19,286
124000203,78,1353,-1275
124000204,249,5,244
124000205,45,784,-739
124000206,234,157,77
124000207,0,55,-55
124000209,186,870,-684
124000210,128,237,-109
124000211,220,0,220
124000212,4,794,-790
124000213,164,524,-360
124000214,112,1507,-1395
124000215,138,4,134
124000216,3,668,-665
124000329,17,1868,-1851
124000338,85,3025,-2940
124000339,297,64,233
124000341,500,95,405
124000344,90,130,-40
124000357,1592,3058,-1466
124000358,950,2004,-1054
124000359,753,679,74
124000360,408,480,-72
124000361,1267,645,622
124000362,1638,1763,-125
124000363,261,667,-406
124000364,474,1248,-774
124000365,498,1309,-811
124000366,2381,1389,992
124000367,147,729,-582
124000368,240,193,47
124000369,158,89,69
124000370,71,587,-516
124000402,17,4,13
124000403,41,11,30
124000404,6,158,-152
124000405,817,608,209
124000406,887,860,27
124000407,7,43,-36
124000411,4,545,-541
124000412,173,14,159
124000413,321,43,278
124000414,39,94,-55
124000415,80,348,-268
124000416,127,539,-412
124000417,85,121,-36
124000418,104,137,-33
124000419,57,272,-215
124000420,38,59,-21
124000421,35,453,-418
124000422,15,14,1
124000423,111,65,46
124000424,4,192,-188
124000425,50,8,42
124000426,5,391,-386
124000427,78,4,74
124000428,20,21,-1
124000429,29,39,-10
124000430,377,349,28
124000431,317,875,-558
124000432,84,1291,-1207
124000439,1,11,-10
124000443,0,1,-1
124000445,275,471,-196
124000446,3511,86,3425
124000447,22,83,-61
124000448,46,7,39
124000449,67,6,61
124000450,28,742,-714
124000451,8,369,-361
124000452,307,115,192
124000453,2535,3071,-536
124000454,2430,3676,-1246
124900001,290,235,55
124900002,95,547,-452
124900003,382,309,73
124900004,349,379,-30
124900005,186,270,-84
124900006,388,417,-29
124900008,1228,594,634
124900009,109,156,-47
124900010,88,46,42
124900011,192,177,15
124900012,263,80,183
124900013,275,178,97
124900014,211,205,6
124900015,104,152,-48
124900016,62,54,8
124900017,706,432,274
124900018,108,19,89
124900020,53,43,10
124900021,78,34,44
124900024,155,28,127
124900026,76,4,72
124900027,51,176,-125
124900028,663,147,516
124900030,3,141,-138
124900031,6,386,-380
124900033,98,440,-342
124900035,141,534,-393
124900036,1,107,-106
124900037,109,509,-400
124900039,0,37,-37
124900040,5,43,-38
124900042,62,76,-14
124900043,269,1426,-1157
124900044,74,0,74
124900045,842,787,55
124900047,1491,478,1013
124900050,288,818,-530
124900052,99,358,-259
124900053,205,911,-706
124900054,2907,491,2416
124900055,4,371,-367
124900057,18,394,-376
124900060,2162,876,1286
124900061,94,56,38
124900062,99,65,34
124900066,4,112,-108
124900067,26,811,-785
124900068,190,244,-54
124900070,33,193,-160
124900072,209,32,177
124900075,214,389,-175
124900076,88,791,-703
124900077,202,254,-52
124900078,45,1,44
124900080,414,1565,-1151
124900081,508,260,248
124900082,644,2172,-1528
124900083,520,1702,-1182
124900085,2632,577,2055
124900086,37,614,-577
124900087,2896,79,2817
124900088,1071,278,793
124900089,2491,157,2334
124900090,152,236,-84
124900091,188,746,-558
124900092,169,579,-410
124900093,133,172,-39
124900094,231,230,1
124900095,63,291,-228
124900096,453,145,308
124900097,155,56,99
124900098,95,453,-358
124900099,617,407,210
124900100,167,67,100
124900101,9,5,4
124900102,150,36,114
124900103,119,517,-398
124900104,52,366,-314
124900105,83,256,-173
124900106,194,49,145
124900107,56,17,39
124900108,443,57,386
124900111,11,249,-238
124900112,331,1653,-1322
124900113,77,219,-142
124900114,170,95,75
124900115,21,17,4
124900116,85,79,6
124900117,1274,133,1141
124900118,125,162,-37
124900119,192,65,127
124900120,46,462,-416
124900121,160,112,48
124900122,494,332,162
124900123,326,204,122
124900124,471,479,-8
124900125,52,4,48
124900126,1,234,-233
204000001,35,11,24
204000002,16,21,-5
204000003,12,0,12
204000004,15,3,12
204000005,458,633,-175
204000006,825,1787,-962
204000011,3,73,-70
204000012,63,112,-49
204000019,539,642,-103
204000020,469,1115,-646
204000021,2336,943,1393
204000022,377,562,-185
204000023,363,1231,-868
204000031,126,25,101
204000032,520,35,485
204000034,12,295,-283
204000035,2,2,0
204000036,5,21,-16
204000037,4,31,-27
204000038,1,41,-40
204000039,3,60,-57
204000040,6,44,-38
204000041,6,44,-38
204000042,19,15,4
204000043,8,0,8
204000044,15,2,13
204000045,10,2,8
204000046,4,2,2
204000057,4,18,-14
204000062,25,292,-267
204000068,25,192,-167
204000069,24,236,-212
204000070,60,162,-102
204000080,34,57,-23
204000085,1399,1897,-498
204000086,3228,2571,657
204000087,55,16,39
204000088,19,104,-85
204000090,40,402,-362
204000093,104,186,-82
204000096,512,1082,-570
204000097,234,177,57
204000099,771,1438,-667
204000100,949,1363,-414
204000105,1748,2075,-327
204000110,881,1263,-382
204000111,340,927,-587
204000112,440,1095,-655
204000113,336,1079,-743
204000114,454,455,-1
204000115,423,409,14
204000116,508,701,-193
204000119,1519,2285,-766
204000132,397,210,187
204000133,487,322,165
204000134,108,122,-14
204000135,370,126,244
204000136,263,318,-55
204000138,234,276,-42
204000140,158,111,47
204000141,96,51,45
204000144,8,27,-19
204000145,404,46,358
204000146,16,471,-455
204000147,41,162,-121
204000148,342,51,291
204000154,5,1,4
204000155,2,7,-5
204000177,50,91,-41
204000179,25,15,10
204000180,0,40,-40
204000222,1,3,-2
204000235,5,14,-9
204000236,67,353,-286
204000238,4,60,-56
204000240,307,82,225
204000263,592,1554,-962
204000268,1047,754,293
204000308,181,34,147
204000317,9,70,-61
204000322,4,43,-39
204000323,36,35,1
204000328,207,213,-6
204000329,110,206,-96
204000330,247,287,-40
204000331,94,194,-100
205000001,958,1446,-488
205000013,14,82,-68
205000014,29,101,-72
205000015,60,206,-146
205000016,20,171,-151
205000017,18,77,-59
205000022,313,724,-411
205000025,1838,1092,746
205000029,200,2,198
205000045,80,291,-211
205000046,59,678,-619
205000047,35,587,-552
205000048,247,1470,-1223
205000049,101,941,-840
205000050,1637,322,1315
205000059,1,332,-331
205000060,1,87,-86
205000061,6,63,-57
205000062,11,93,-82
205000063,38,278,-240
205000064,12,177,-165
205000065,81,687,-606
205000066,129,925,-796
205000067,53,1121,-1068
205000069,210,35,175
205000082,177,418,-241
205000110,93,210,-117
205000111,159,309,-150
205000112,110,192,-82
205000113,135,230,-95
205000121,192,116,76
205000123,62,196,-134
205000126,446,247,199
205000127,606,317,289
205000128,614,188,426
205000129,774,169,605
205000130,1011,57,954
205000131,567,10,557
205000132,718,7,711
205000133,470,3,467
205000134,217,2,215
205000137,72,130,-58
205000138,159,291,-132
205000139,14,96,-82
205000144,90,98,-8
205000145,267,331,-64
205000151,151,63,88
205000152,205,91,114
205000153,121,99,22
205000154,52,113,-61
205000155,87,36,51
205000207,2,159,-157
205000233,49,4,45
205000234,0,2,-2
205000243,0,0,0
205000244,0,4,-4
205000245,10,354,-344
205000249,0,31,-31
205000250,1,2,-1
205000264,12,95,-83
206000027,6,1,5
206000028,1,0,1
206000043,9,165,-156
206000053,2,13,-11
206000054,2,28,-26
206000055,0,22,-22
206000075,3,7,-4
206000076,12,16,-4
206000077,8,5,3
206000078,17,4,13
206000079,7,11,-4
206000082,379,20,359
206000100,92,814,-722
206000103,3,31,-28
206000104,18,19,-1
206000105,7,23,-16
206000106,12,29,-17
206000125,45,0,45
206000157,66,769,-703
206000170,1,207,-206
206000171,2,244,-242
206000172,8,1064,-1056
206000173,1,386,-385
206000174,4,153,-149
206000175,0,248,-248
206000176,14,406,-392
206000177,2,282,-280
206000178,2,238,-236
206000179,3,127,-124
206000180,13,266,-253
206000181,6,442,-436
206000182,15,428,-413
206000183,14,1299,-1285
206000184,5,552,-547
206000185,6,549,-543
206000186,68,2447,-2379
206000223,4,314,-310
206000226,5,11,-6
206000227,19,0,19
206000237,14,658,-644
206000238,28,1155,-1127
206000239,742,3787,-3045
206000240,0,90,-90
206000241,0,199,-199
206000242,17,571,-554
206000243,4,582,-578
206000244,63,1261,-1198
206000245,308,29,279
206000246,52,10,42
206000247,80,9,71
206000248,174,17,157
206000252,61,18,43
206000258,13,32,-19
206000315,57,5,52
206000317,259,77,182
206000318,269,39,230
206000319,392,70,322
206000320,28,37,-9
206000321,45,6,39
206000322,108,8,100
206000323,97,11,86
206000324,49,4,45
206000325,108,15,93
206000326,70,11,59
206000327,189,10,179
206000328,65,8,57
206000329,76,6,70
206000330,14,10,4
206000331,33,3,30
206000332,9,5,4
206000333,220,2,218
206000334,112,1,111
206000335,0,16,-16
206000361,10,294,-284
206000392,3,67,-64
206000405,97,0,97
206000441,11,22,-11
206000498,35,4,31
206000515,95,23,72
206000530,97,32,65
206000531,140,92,48
206000532,3037,111,2926
206000535,377,4294,-3917
206000536,19,500,-481
206000537,16,286,-270
206000613,1138,137,1001
206000784,378,25,353
207000001,138,457,-319
207000002,162,387,-225
207000003,148,299,-151
207000007,485,227,258
207000008,30,9,21
207000009,39,38,1
207000010,391,783,-392
207000012,205,215,-10
207000015,320,2464,-2144
207000019,227,94,133
207000021,378,168,210
207000022,124,90,34
207000023,121,39,82
207000024,4,15,-11
207000025,13,93,-80
207000026,144,71,73
207000027,16,83,-67
207000028,76,250,-174
207000029,291,421,-130
207000033,266,280,-14
207000034,209,86,123
207000039,219,98,121
207000040,155,103,52
207000041,51,34,17
207000042,164,49,115
207000043,156,139,17
207000051,82,360,-278
207000052,16,259,-243
207000053,325,895,-570
207000054,21,162,-141
207000055,88,225,-137
207000056,200,612,-412
207000057,105,393,-288
207000058,106,685,-579
207000059,85,1401,-1316
207000060,59,483,-424
207000061,193,263,-70
207000062,184,59,125
207000063,188,138,50
207000064,276,184,92
207000065,227,206,21
207000066,123,149,-26
207000067,42,124,-82
207000068,117,65,52
207000069,551,330,221
207000082,34,620,-586
207000083,75,632,-557
207000084,127,230,-103
207000085,116,18,98
207000086,94,3,91
207000106,23,18,5
207000107,27,18,9
207000108,29,12,17
207000109,25,13,12
207000110,41,54,-13
207000111,65,70,-5
207000112,145,307,-162
207000114,10,49,-39
207000115,7,62,-55
207000116,14,324,-310
207000117,8,131,-123
207000118,10,85,-75
207000119,17,109,-92
207000123,144,26,118
207000124,41,27,14
207000125,48,30,18
207000126,55,50,5
207000134,61,367,-306
207000135,21,462,-441
207000148,44,192,-148
207000149,64,44,20
207000152,222,346,-124
207000153,893,936,-43
207000154,414,158,256
207000159,76,372,-296
207000160,121,886,-765
207000238,0,134,-134
207000242,4,221,-217
207000248,31,21,10
207000249,143,39,104
207000250,841,49,792
207000251,103,62,41
207000252,46,63,-17
207000278,66,80,-14
207000279,10,291,-281
207000280,210,82,128
207000281,85,2013,-1928
207000282,202,53,149
207000283,149,449,-300
207000284,68,101,-33
207000285,192,62,130
207000291,6,152,-146
207000304,88,54,34
207000306,75,523,-448
207000310,62,41,21
207000353,306,6,300
207000356,15,43,-28
207000357,32,12,20
207000358,11,13,-2
207000415,23,196,-173
207000417,18,6,12
207000418,101,167,-66
207000438,0,0,0
207000439,993,337,656
207000446,102,7,95
207000460,12,6,6
207000466,264,150,114
207000467,119,78,41
207000468,20,761,-741
207000476,7,89,-82
207000477,268,88,180
207000478,1,35,-34
207000523,0,28,-28
207000524,62,0,62
207000527,78,165,-87
207000530,188,12,176
207000531,165,14,151
207000532,52,7,45
207000534,509,62,447
207000535,38,198,-160
207000537,28,92,-64
207000540,11,169,-158
207000541,1,384,-383
207000548,12,333,-321
207000549,168,9,159
207000561,42,93,-51
207000562,33,208,-175
207000567,185,359,-174
207000568,80,157,-77
207000569,271,1547,-1276
207000584,244,147,97
207000585,46,224,-178
207000587,46,26,20
207000616,0,213,-213
207000617,93,0,93
207000624,63,37,26
207000631,7,51,-44
207900008,122,387,-265
208000001,333,843,-510
208000002,435,673,-238
208000003,752,773,-21
208000004,986,898,88
208000005,27,21,6
208000019,372,856,-484
208000020,157,514,-357
208000021,166,834,-668
208000022,666,937,-271
208000028,1483,905,578
208000033,352,977,-625
208000034,1313,2482,-1169
208000037,523,56,467
208000040,78,151,-73
208000041,704,396,308
208000042,743,495,248
208000047,103,635,-532
208000064,2200,1493,707
208000066,1406,1366,40
208000070,256,473,-217
208000071,271,1053,-782
208000072,271,1630,-1359
208000080,164,442,-278
208000081,207,294,-87
208000082,225,421,-196
208000083,140,537,-397
208000084,18,12,6
208000085,964,701,263
208000086,446,1040,-594
208000087,244,931,-687
208000089,646,1064,-418
208000090,574,1683,-1109
208000093,118,148,-30
208000094,437,804,-367
208000095,592,536,56
208000104,743,1234,-491
208000105,543,1227,-684
208000114,58,208,-150
208000115,430,436,-6
208000116,294,930,-636
208000117,86,158,-72
208000118,112,124,-12
208000155,573,1212,-639
208000158,1489,3277,-1788
208000186,3083,2810,273
208000204,369,1321,-952
208000205,948,1975,-1027
208000282,3916,1852,2064
209000004,107,261,-154
209000005,27,25,2
209000006,558,100,458
209000007,395,203,192
209000010,542,178,364
209000011,205,244,-39
209000012,143,323,-180
209000013,217,711,-494
209000014,645,1954,-1309
209000025,185,49,136
209000026,447,98,349
209000027,433,1317,-884
209000028,223,1202,-979
209000029,879,1022,-143
209000030,612,2129,-1517
209000031,5243,2800,2443
209000034,162,217,-55
209000035,106,160,-54
209000036,181,131,50
209000037,138,298,-160
209000038,95,229,-134
209000039,60,203,-143
209000040,310,545,-235
209000041,179,451,-272
209000042,233,440,-207
209000043,802,786,16
209000044,180,821,-641
209000045,1141,407,734
209000046,408,469,-61
209000047,308,231,77
209000048,383,227,156
209000049,76,166,-90
209000050,180,314,-134
209000051,273,590,-317
209000052,187,575,-388
209000062,48,247,-199
209000063,31,206,-175
209000064,21,225,-204
209000065,13,44,-31
209000066,50,55,-5
209000067,39,103,-64
209000080,40,231,-191
209000082,64,38,26
209000091,46,143,-97
209000093,84,34,50
209000094,222,182,40
209000110,26,66,-40
209000111,329,1209,-880
209000112,573,589,-16
209000113,1443,449,994
209000114,244,342,-98
209000115,58,271,-213
209000116,1158,865,293
209000118,56,42,14
209000119,41,10,31
209000121,139,846,-707
209000135,67,98,-31
209000142,646,1217,-571
209000143,82,128,-46
209000144,82,86,-4
209000229,154,226,-72
209000240,43,532,-489
209000259,96,174,-78
209000260,68,979,-911
209000261,2,667,-665
209000262,1,651,-650
209000263,0,177,-177
209000264,2,60,-58
209000265,197,1,196
209000266,46,0,46
209000267,386,10,376
209000268,335,8,327
210000037,37,27,10
210000047,42,56,-14
210000048,48,63,-15
210000049,52,48,4
210000052,22,144,-122
210000053,25,109,-84
210000054,47,153,-106
210000070,63,2,61
210000071,53,0,53
210000072,22,1,21
210000073,1,44,-43
210000074,0,139,-139
210000075,0,69,-69
210000076,12,123,-111
210000077,42,39,3
210000078,56,47,9
210000079,37,14,23
210000080,160,41,119
210000081,99,15,84
210000082,45,1,44
210000083,67,1,66
210000084,22,0,22
210000085,0,115,-115
210000086,2,129,-127
210000099,40,256,-216
210000100,42,270,-228
210000101,71,319,-248
210000105,28,236,-208
210000159,1,117,-116
210000163,172,254,-82
210000164,243,85,158
210000168,232,37,195
210000187,0,12,-12
210000188,0,31,-31
210000214,36,0,36
210000219,13,87,-74
210000220,63,143,-80
210000232,2,16,-14
210000233,27,61,-34
210000234,21,191,-170
210000235,39,204,-165
210000245,1,39,-38
210000246,14,1,13
210000258,10,99,-89
210000259,233,37,196
210000282,62,211,-149
210000285,0,109,-109
210000286,13,174,-161
210000290,3,12,-9
210000295,31,213,-182
210000296,39,133,-94
210000320,124,173,-49
210000321,91,105,-14
210000338,87,160,-73
210000339,489,806,-317
210000340,111,283,-172
210000341,104,271,-167
210000342,109,197,-88
210000343,105,201,-96
210000344,276,123,153
210000345,184,233,-49
210000346,77,126,-49
210000347,202,43,159
210000348,154,11,143
210000349,120,19,101
210000350,71,59,12
210000351,62,126,-64
210000352,31,123,-92
210000353,29,146,-117
210000354,42,144,-102
210000355,64,131,-67
210000356,119,66,53
210000357,79,83,-4
210000358,451,121,330
210000359,214,59,155
210000360,142,148,-6
210000361,132,176,-44
210000362,173,173,0
210000363,916,182,734
210000364,85,95,-10
210000365,78,58,20
210000366,128,58,70
210000367,48,27,21
210000368,162,31,131
210000369,31,32,-1
210000370,35,92,-57
210000372,96,57,39
210000373,122,14,108
210000374,60,20,40
210000375,20,109,-89
210000376,72,204,-132
210000404,98,174,-76
210000439,36,92,-56
210000472,88,8,80
210000482,81,73,8
210000564,434,163,271
210000567,0,25,-25
210000568,598,0,598
211000092,26,71,-45
211000094,29,4,25
211000169,152,6,146
211000172,8,339,-331
211000209,1,17,-16
211000226,5,42,-37
211000270,35,14,21
211000275,42,25,17
211000276,53,43,10
211000279,9,80,-71
211000281,22,92,-70
211000302,11,154,-143
211507980,0,38,-38
211977296,22,7,15
212000003,120,52,68
212000004,84,35,49
212000005,29,26,3
212000006,29,125,-96
212000008,101,285,-184
212000009,19,249,-230
212000012,31,92,-61
212000013,18,59,-41
212000014,172,172,0
212000015,191,274,-83
212000016,343,664,-321
212000027,353,733,-380
212000028,218,530,-312
212000029,119,341,-222
212000030,19,45,-26
212000031,34,91,-57
212000048,20,85,-65
212000049,16,67,-51
212000050,6,5,1
212000051,160,315,-155
212000052,99,496,-397
212000053,234,719,-485
212000054,118,214,-96
212000055,137,422,-285
212000056,14,68,-54
212000057,14,25,-11
212000058,504,29,475
212000070,92,407,-315
212000077,127,888,-761
212000099,162,305,-143
212000108,355,239,116
212000111,162,164,-2
212000120,212,180,32
212000138,59,24,35
212000156,7,167,-160
212000158,7,14,-7
212000159,217,64,153
212000160,338,271,67
212000161,48,8,40
212000310,12,13,-1
212000311,2,104,-102
212000374,8,20,-12
213000001,14,871,-857
213000005,268,100,168
213000006,835,133,702
213000007,137,13,124
213000009,551,287,264
213000010,200,200,0
213000011,210,146,64
213000012,122,320,-198
213000014,37,8,29
213000015,180,5,175
213000016,222,0,222
213000017,30,0,30
213000018,2,212,-210
213000019,0,177,-177
213000020,79,392,-313
213000021,7,145,-138
213000023,230,208,22
213000033,206,1133,-927
213000034,637,347,290
213000035,101,245,-144
213000045,107,339,-232
213000046,194,265,-71
213000047,632,772,-140
213000056,56,32,24
213000069,92,1,91
213000073,1,20,-19
213000074,144,751,-607
213000075,401,8,393
213000076,13,0,13
213000085,7,37,-30
213000086,16,272,-256
213000091,76,1,75
213000092,31,12,19
213000099,164,923,-759
213000100,1037,308,729
213000101,176,141,35
213000102,198,415,-217
213000103,583,944,-361
213000104,50,625,-575
213000105,3,95,-92
213000106,15,285,-270
213000107,115,851,-736
213000108,14,608,-594
213000109,5,336,-331
213000110,5,53,-48
213000111,2,73,-71
213000112,109,178,-69
213000115,36,3,33
213000116,104,1231,-1127
213000117,9,1700,-1691
213000118,251,440,-189
213000119,50,1151,-1101
213000120,119,1029,-910
213000122,403,930,-527
213000123,876,1307,-431
213000124,64,1272,-1208
213000125,90,10,80
213000126,38,132,-94
213000127,134,184,-50
213000128,1029,653,376
213000129,501,424,77
213000130,197,198,-1
213000132,148,65,83
213000133,214,100,114
213000134,655,14,641
213000136,222,8,214
213000137,366,70,296
213000139,483,21,462
213000147,99,2,97
213000148,23,18,5
213000149,63,3,60
213000150,3,129,-126
213000151,1,111,-110
213000152,5,85,-80
213000153,1,61,-60
213000154,38,326,-288
213000155,37,358,-321
213000156,87,954,-867
213000157,1134,629,505
213000158,220,690,-470
213000159,312,836,-524
213000163,288,108,180
213000165,326,149,177
213000171,15,224,-209
213000172,41,490,-449
213000173,25,357,-332
213000174,4,224,-220
213000175,26,161,-135
213000176,4,131,-127
213000177,45,64,-19
213000178,54,42,12
213000179,169,82,87
213000180,92,82,10
213000184,72,615,-543
213000188,178,85,93
213000189,197,22,175
213000190,594,999,-405
213000191,129,619,-490
213000192,115,796,-681
213000193,2577,195,2382
213000194,0,32,-32
213000195,16,642,-626
213000196,204,1010,-806
213000197,214,590,-376
213000198,45,0,45
213000200,96,1339,-1243
213000201,83,56,27
213000202,17,1102,-1085
213000203,4613,513,4100
213000204,441,66,375
213000205,109,84,25
213000206,242,63,179
213000207,166,13,153
213000208,87,0,87
213000209,189,1,188
213000210,390,2,388
213000211,4,10,-6
213000212,32,20,12
213000213,19,28,-9
213000218,181,1124,-943
213000219,370,15,355
213000220,297,2,295
213000223,200,130,70
213000224,27,29,-2
213000225,22,8,14
213000226,55,6,49
213000227,500,217,283
213000228,203,85,118
213000229,363,31,332
213000230,334,31,303
213000232,73,715,-642
213000233,10,38,-28
213000234,8,32,-24
213000293,19,63,-44
213000294,199,6,193
213000295,17,87,-70
213000296,69,36,33
213000297,4,122,-118
213000298,12,115,-103
213000299,40,51,-11
213000300,12,5,7
213000303,5,30,-25
213000304,2,10,-8
213000305,1,11,-10
213000306,62,39,23
213000307,362,72,290
213000308,76,406,-330
213000309,109,69,40
213000310,127,78,49
213000311,224,755,-531
213000315,49,224,-175
213000316,46,61,-15
213000322,58,112,-54
213000323,18,96,-78
213000340,108,1316,-1208
213000341,183,94,89
213000346,116,112,4
213000347,712,220,492
213000348,2,198,-196
213000349,33,10,23
213000350,239,1838,-1599
213000366,59,601,-542
213000367,110,47,63
213000379,54,183,-129
213000386,21,226,-205
213000406,92,368,-276
213000417,840,317,523
213000425,41,47,-6
213000426,37,116,-79
213000427,45,532,-487
213000428,28,318,-290
213000429,10,10,0
213000430,124,1622,-1498
213000431,34,1,33
213000432,1,16,-15
213000433,19,187,-168
213000435,70,149,-79
213000439,80,23,57
213000441,2,0,2
213000443,299,604,-305
213000445,0,168,-168
213000446,1,12,-11
213000447,9,44,-35
213000448,71,137,-66
213000449,128,5,123
213000450,46,133,-87
213000451,23,52,-29
213000452,103,109,-6
213000453,54,451,-397
213000455,228,1,227
213000456,1,148,-147
213000481,30,11,19
213000482,30,6,24
213000489,416,73,343
213000491,1,146,-145
213000492,335,53,282
213000493,0,104,-104
213000494,83,114,-31
213000495,1,110,-109
213000496,166,259,-93
213000497,28,291,-263
213000498,57,249,-192
213000499,100,871,-771
213000500,248,113,135
213000501,64,28,36
213000502,179,45,134
213000503,5,50,-45
213000504,7,174,-167
213000505,5,15,-10
213000506,0,7,-7
213000507,5,112,-107
213900244,8,0,8
213900245,0,44,-44
218000003,16,20,-4
218000004,38,16,22
218000005,47,51,-4
218000006,75,25,50
218000007,8,11,-3
218000012,524,199,325
218000013,73,161,-88
218000014,335,388,-53
218000019,752,608,144
218000020,281,557,-276
218000040,8,5,3
218000046,9,184,-175
218000047,14,300,-286
218000048,35,330,-295
218000049,84,248,-164
218000050,260,436,-176
218000051,57,544,-487
218000052,5,213,-208
218000053,9,19,-10
218000054,16,54,-38
218000055,4,37,-33
218000056,19,40,-21
218000057,1,49,-48
218000064,0,9,-9
218000065,33,57,-24
218000066,9,63,-54
218000067,78,167,-89
218000068,74,139,-65
218000069,106,271,-165
218000070,87,349,-262
218000071,173,294,-121
218000072,233,301,-68
218000078,528,1865,-1337
218000079,40,74,-34
218000080,47,85,-38
218000081,144,349,-205
218000082,25,156,-131
218000083,27,56,-29
218000084,58,159,-101
218000085,88,561,-473
218000086,31,227,-196
218000087,125,315,-190
218000090,4,47,-43
218000091,874,540,334
218000092,62,198,-136
218000093,50,101,-51
218000094,387,901,-514
218000099,216,441,-225
218000100,163,332,-169
218000101,131,152,-21
218000102,173,320,-147
218000103,36,223,-187
218000104,39,70,-31
218000105,26,18,8
218000106,11,8,3
218000107,28,71,-43
218000108,0,57,-57
218000112,55,24,31
218000117,23,42,-19
218000134,367,1138,-771
218000135,63,193,-130
218000136,262,93,169
218000137,155,117,38
218000138,16,117,-101
218000139,139,476,-337
218000140,251,262,-11
218000141,64,70,-6
218000142,117,115,2
218000143,76,135,-59
218000144,85,58,27
218000145,182,393,-211
218000146,27,146,-119
218000151,13,37,-24
218000152,65,52,13
218000170,3,34,-31
218000171,42,18,24
218000172,10,12,-2
218000173,49,37,12
218000174,27,6,21
218000176,105,29,76
218000177,205,185,20
218000178,86,214,-128
218000179,72,66,6
218000180,59,27,32
218000181,122,48,74
218000187,3,26,-23
218000188,41,58,-17
218000189,14,67,-53
218000190,2,14,-12
218000191,71,135,-64
218000192,110,539,-429
218000193,238,666,-428
218000194,65,725,-660
218000195,82,106,-24
218000196,212,363,-151
218000197,119,369,-250
218000198,8,175,-167
218000199,32,28,4
218000200,79,60,19
218000201,15,9,6
218000202,329,208,121
218000207,15,154,-139
218000208,39,98,-59
218000211,54,9,45
218000213,112,166,-54
218000214,12,50,-38
218000215,47,103,-56
218000217,5,230,-225
218000218,167,120,47
218000219,66,19,47
218000220,216,332,-116
218000221,1053,179,874
218000222,44,14,30
218000223,60,177,-117
218000224,17,95,-78
218000225,109,6,103
218000226,72,72,0
218000232,38,134,-96
218000239,127,10,117
218000240,15,2,13
218000241,24,4,20
218000242,45,3,42
218000243,34,2,32
218000244,49,21,28
218000245,14,2,12
218000246,0,1,-1
218000247,4,0,4
218000248,1,27,-26
218000249,0,5,-5
218000250,12,11,1
218000251,2,6,-4
218000252,5,18,-13
218000253,3,20,-17
218000254,1,12,-11
218000255,1,6,-5
218000256,22,87,-65
218000267,1279,1165,114
218000268,21,71,-50
218000269,1,24,-23
218000270,49,66,-17
218000271,28,87,-59
218000273,18,33,-15
218000274,12,16,-4
218000275,9,29,-20
218000276,10,50,-40
218000278,21,32,-11
218000279,31,105,-74
218000280,4,66,-62
218000281,13,17,-4
218000282,652,310,342
218000284,205,41,164
218000301,71,94,-23
218000302,49,30,19
218000303,39,75,-36
218000316,476,1373,-897
218000317,626,1314,-688
218000318,286,986,-700
218000319,674,2298,-1624
218000320,562,945,-383
218000338,72,25,47
218000345,154,63,91
218000346,59,146,-87
218000459,66,370,-304
218000490,61,77,-16
218000501,59,42,17
218000502,41,148,-107
218000503,75,23,52
218000504,146,13,133
218000505,41,223,-182
218000506,55,246,-191
218000508,0,7,-7
218000510,159,13,146
218000520,118,141,-23
218000521,10,130,-120
218000522,0,153,-153
218000523,121,10,111
218000524,45,243,-198
218000525,54,10,44
218000526,20,85,-65
218000529,42,512,-470
218000531,7,24,-17
218000532,22,33,-11
218000534,58,24,34
218000537,55,32,23
218000538,95,99,-4
218000540,237,68,169
218000543,71,41,30
218000544,38,146,-108
218000545,54,55,-1
218000546,32,149,-117
218000547,82,103,-21
218000548,81,279,-198
218000549,316,196,120
218000550,229,591,-362
218000551,198,542,-344
218000552,436,37,399
218000553,40,113,-73
218000554,21,46,-25
218000555,30,55,-25
218000556,110,556,-446
218000557,178,171,7
218000558,56,0,56
218000559,0,28,-28
218000560,0,16,-16
218000561,9,0,9
218000562,40,228,-188
218000563,187,32,155
218000564,14,133,-119
218000565,137,23,114
218000566,257,40,217
218000567,5,49,-44
218000568,19,1,18
218000569,13,228,-215
218000570,158,10,148
218000571,0,132,-132
218000572,122,2,120
218000573,38,99,-61
218000574,121,67,54
218000575,94,0,94
218000576,1,64,-63
218000577,111,0,111
218000578,1,65,-64
218000579,40,6,34
218000581,11,113,-102
218000582,33,15,18
218000583,7,2,5
218000584,1,34,-33
218000585,47,1,46
218000586,4,36,-32
218000587,1,3,-2
218000588,0,7,-7
218000589,0,5,-5
218000590,5,1,4
218000591,0,3,-3
218000592,17,2,15
218000593,9,2,7
218000594,1,1,0
218000597,1,0,1
218000598,0,0,0
218000599,0,5,-5
218000600,1,5,-4
218000601,0,1,-1
218000602,0,10,-10
218000603,0,4,-4
218000604,4,0,4
218000605,0,28,-28
218000606,117,1,116
218000607,2,60,-58
218000608,64,20,44
218000609,1,56,-55
218000610,113,6,107
218000611,12,4,8
218000612,1,25,-24
218000613,14,14,0
218000614,1,32,-31
218000615,66,0,66
218000616,14,181,-167
218000617,14,3,11
218000618,1,40,-39
218000619,13,52,-39
218000620,4,10,-6
218000621,0,7,-7
218000622,0,8,-8
218000623,21,0,21
218000624,4,9,-5
218000625,17,1,16
218000626,0,10,-10
218000628,83,28,55
218000631,58,27,31
218000632,0,62,-62
218000633,62,0,62
218000634,4,32,-28
218000635,16,7,9
218000636,591,2132,-1541
218000637,488,603,-115
218000638,61,123,-62
218000639,2,246,-244
218000640,112,37,75
218000641,35,338,-303
218000652,59,161,-102
218000653,132,44,88
218000663,7,260,-253
218000675,37,61,-24
218000680,156,878,-722
218000681,371,169,202
218000691,117,742,-625
218000693,96,187,-91
218000718,664,580,84
218000719,1155,212,943
218000720,10,102,-92
218000721,67,19,48
218001147,9,666,-657
218001214,25,21,4
218001258,93,3,90
218001329,124,130,-6
218001330,154,187,-33
218001351,15,11,4
218001352,6,16,-10
218001353,27,14,13
218001354,9,30,-21
218001355,56,609,-553
218001356,170,8,162
218001357,38,540,-502
218001358,133,11,122
218001361,105,29,76
218001362,3,460,-457
219000001,26,103,-77
219000002,55,122,-67
219000003,27,31,-4
219000004,62,59,3
219000017,237,26,211
219000020,60,33,27
219000022,92,0,92
219000023,72,0,72
219000029,1,104,-103
219000034,31,4,27
219000039,28,52,-24
219000040,43,14,29
219000041,86,32,54
219000051,0,49,-49
219000052,0,11,-11
219000053,5,235,-230
219000055,70,1,69
219000056,8,1,7
219000057,73,0,73
219000062,17,337,-320
219000063,71,5,66
219000064,4,66,-62
219000110,241,49,192
219000111,108,22,86
219000112,137,49,88
219000113,72,34,38
219000114,132,42,90
219000116,42,38,4
219000117,118,137,-19
219000118,90,76,14
219000123,515,108,407
219000124,51,91,-40
219000125,12,41,-29
219000126,77,119,-42
219000127,0,6,-6
219000128,32,153,-121
219000129,27,193,-166
219000130,609,833,-224
219000131,603,717,-114
219000133,69,43,26
219000134,8,44,-36
219000135,18,56,-38
219000136,130,129,1
219000138,56,29,27
219000139,11,80,-69
219000140,12,1,11
219000141,8,150,-142
219000142,7,141,-134
219000143,14,113,-99
219000145,18,67,-49
219000146,0,59,-59
219000147,2,57,-55
219000148,2,92,-90
219000149,10,235,-225
219000150,2,125,-123
219000151,9,103,-94
219000157,107,130,-23
219000158,129,289,-160
219000161,115,16,99
219000163,1501,444,1057
219000166,63,232,-169
219000167,51,305,-254
219000168,231,87,144
219000174,228,88,140
219000175,26,2,24
219000176,63,4,59
219000177,20,5,15
219000178,24,2,22
219000179,6,9,-3
219000180,13,37,-24
219000182,63,33,30
219000183,28,37,-9
219000184,48,11,37
219000185,1,75,-74
219000186,54,59,-5
219000187,21,152,-131
219000189,203,205,-2
219000190,151,355,-204
219000191,1178,1096,82
219000192,149,105,44
219000193,597,221,376
219000195,0,85,-85
219000196,6,146,-140
219000198,21,157,-136
219000199,94,168,-74
219000200,47,153,-106
219000201,75,236,-161
219000203,34,172,-138
219000204,65,201,-136
219000205,56,204,-148
219000207,135,244,-109
219000209,15,98,-83
219000210,83,134,-51
219000213,17,502,-485
219000239,154,322,-168
219000240,144,349,-205
219000241,63,346,-283
219000242,35,287,-252
219000243,95,525,-430
219000244,55,256,-201
219000245,36,93,-57
219000246,48,25,23
219000247,63,27,36
219000248,409,223,186
219000249,83,55,28
219000250,64,81,-17
219000251,335,163,172
219000252,195,114,81
219000253,189,28,161
219000255,56,88,-32
219000256,124,91,33
219000257,83,13,70
219000262,92,285,-193
219000263,38,257,-219
219000267,5,296,-291
219000268,6,6,0
219000269,5,0,5
219000270,6,0,6
219000271,113,3,110
219000278,0,19,-19
219000279,0,2,-2
219000283,0,10,-10
219000295,10,123,-113
219000296,68,679,-611
219000297,10,202,-192
219000298,8,245,-237
219000299,334,84,250
219000300,21,326,-305
219000301,360,342,18
219000302,35,242,-207
219000307,35,44,-9
219000308,37,22,15
219000311,119,54,65
219000312,361,70,291
219000313,155,23,132
219000314,86,596,-510
219000315,150,58,92
219000316,293,59,234
219000317,37,28,9
219000320,3,50,-47
219000321,0,20,-20
219000323,4,134,-130
219000325,3,29,-26
219000326,44,108,-64
219000327,41,33,8
219000328,18,67,-49
219000329,173,102,71
219000330,20,31,-11
219000331,25,34,-9
219000332,57,71,-14
219000333,8,1,7
219000335,68,9,59
219000337,6,3,3
219000338,75,6,69
219000344,34,70,-36
219000345,71,118,-47
219000346,55,170,-115
219000348,101,290,-189
219000349,48,406,-358
219000350,36,107,-71
219000351,18,3,15
219000352,125,49,76
219000353,80,39,41
219000354,66,136,-70
219000355,98,42,56
219000356,1379,619,760
219000363,207,44,163
219000364,89,29,60
219000365,121,12,109
219000366,238,243,-5
219000368,339,347,-8
219000370,933,233,700
219000371,5,10,-5
219000382,8,29,-21
219000383,695,825,-130
219000385,484,569,-85
219000386,1035,1574,-539
219000387,0,3,-3
219000390,11,5,6
219000391,5,0,5
219000397,50,86,-36
219000398,46,27,19
219000401,12,138,-126
219000402,18,132,-114
219000403,118,176,-58
219000404,12,101,-89
219000407,3,27,-24
219000409,27,42,-15
219000410,43,25,18
219000411,37,16,21
219000446,254,568,-314
219000447,5,26,-21
219000448,16,5,11
219000452,113,59,54
219000453,104,160,-56
219000454,291,161,130
219000556,98,89,9
219000558,89,497,-408
219000590,21,250,-229
219000591,51,92,-41
219000592,68,410,-342
219000595,2,45,-43
219000635,83,44,39
219000636,31,102,-71
219000657,11,9,2
219000658,12,51,-39
219000673,0,4,-4
219000676,3,0,3
219000679,37,2,35
219000684,64,0,64
219000685,0,106,-106
219000686,0,2,-2
219000688,0,68,-68
219000689,33,291,-258
219000690,159,15,144
219000691,69,182,-113
219000692,142,26,116
219000693,0,27,-27
219000694,3,0,3
219000695,13,4,9
219000698,63,0,63
219000699,0,13,-13
219000727,4,317,-313
219000728,65,1,64
219000770,15,0,15
219000771,2,36,-34
219000788,278,386,-108
219001150,0,15,-15
219001151,0,3,-3
219001166,43,12,31
219001167,1,144,-143
219001178,20,0,20
220000001,32,68,-36
220000002,12,200,-188
220000003,475,324,151
220000004,550,666,-116
220000005,1225,1414,-189
220000006,185,1000,-815
220000007,293,862,-569
220000008,325,1459,-1134
220000009,207,682,-475
220000010,190,163,27
220000011,749,4064,-3315
220000012,140,366,-226
220000014,61,48,13
220000015,49,313,-264
220000017,45,471,-426
220000018,7291,1020,6271
220000019,89,238,-149
220000020,355,228,127
220000021,438,222,216
220000022,384,544,-160
220000023,140,194,-54
220000024,1257,371,886
220000025,709,652,57
220000026,213,152,61
220000027,15,89,-74
220000028,24,40,-16
220000029,71,283,-212
220000030,75,96,-21
220000031,174,328,-154
220000064,23,1312,-1289
221000046,9,0,9
221000047,0,1,-1
221000048,0,4,-4
221000049,0,15,-15
221000050,14,0,14
221000055,38,48,-10
221000068,341,99,242
221000069,277,69,208
221000070,152,23,129
221000071,69,15,54
221000072,201,10,191
221000073,151,40,111
221000074,0,22,-22
221000075,14,18,-4
221000076,10,30,-20
221000077,34,88,-54
221000081,129,19,110
221000082,25,6,19
221000083,57,2,55
221000084,2,0,2
221000085,14,71,-57
221000086,11,168,-157
221000087,4,220,-216
221000088,20,200,-180
221000089,28,314,-286
221000090,91,594,-503
221000098,138,23,115
221000099,118,20,98
221000100,52,6,46
221000101,208,16,192
221000102,0,0,0
221000107,2,2,0
221000108,15,2,13
221000109,7,14,-7
221000110,12,158,-146
221000111,15,223,-208
221000112,5,186,-181
221000113,17,277,-260
221000114,15,223,-208
221000120,26,28,-2
221000121,8,29,-21
221000122,26,23,3
221000123,15,45,-30
221000124,27,361,-334
221000155,57,18,39
221000156,47,20,27
221000175,2,0,2
221000176,0,10,-10
221000182,42,14,28
221000241,577,196,381
221000242,215,442,-227
221000243,368,102,266
221000244,173,602,-429
221000245,82,116,-34
221000246,28,403,-375
221000247,112,142,-30
221000248,106,314,-208
221000267,64,1131,-1067
221000325,48,76,-28
221000331,2,129,-127
221000338,16,17,-1
221000378,92,36,56
221000381,95,154,-59
222000282,6,1,5
222000296,2,29,-27
222000568,239,10,229
222000569,84,17,67
222000570,89,6,83
222000571,256,24,232
222000577,1,296,-295
222000578,14,262,-248
222000579,36,157,-121
222000580,119,988,-869
222000599,1,118,-117
222000600,2,370,-368
222000601,4,899,-895
222000603,20,27,-7
222000604,4,31,-27
222000605,18,10,8
222000606,0,5,-5
222000607,6,5,1
222000608,14,9,5
222000609,41,478,-437
222000616,129,59,70
222000617,34,18,16
222000618,7,0,7
222000620,93,8,85
222000621,51,21,30
222000623,468,5,463
222000624,216,3,213
222000625,270,30,240
222000636,83,1,82
222000686,62,12,50
222000687,18,30,-12
222001066,385,1,384
222001067,6,37,-31
222001068,25,137,-112
222001069,13,91,-78
222001082,6,52,-46
222001083,6,45,-39
222001084,0,30,-30
222001085,0,83,-83
222001111,15,293,-278
222001112,72,61,11
222001313,40,3,37
222001314,9,85,-76
222001464,79,53,26
222001465,11,396,-385
222001484,65,60,5
222001485,13,104,-91
222001494,171,144,27
222001495,51,681,-630
222001496,172,101,71
222001497,93,811,-718
222001502,12,115,-103
222001503,50,25,25
222001504,16,229,-213
222001505,180,12,168
222001506,16,195,-179
222001507,127,16,111
222001510,228,21,207
222001511,30,419,-389
222001514,375,92,283
222001515,150,761,-611
222001518,89,55,34
222001519,37,439,-402
222001527,140,39,101
222001528,48,206,-158
222001529,102,26,76
222001530,33,327,-294
222001533,105,442,-337
222001534,142,46,96
222001535,124,189,-65
222001536,66,640,-574
222001537,155,18,137
222001538,41,637,-596
222001563,291,112,179
222001564,48,938,-890
222001568,225,113,112
222001576,0,1,-1
222001579,0,6,-6
222001583,17,278,-261
222001584,62,41,21
222001596,526,2051,-1525
222001597,881,207,674
222001626,0,209,-209
222001650,37,69,-32
222001651,36,185,-149
222001914,124,46,78
222001915,41,299,-258
222001968,251,212,39
222001969,277,1206,-929
222001970,115,395,-280
222001971,7,82,-75
222001972,1,13,-12
225000001,339,177,162
225000002,265,132,133
225000003,277,86,191
225000004,137,236,-99
225000005,25,74,-49
225000006,1,143,-142
225000007,4410,1137,3273
225000010,146,6,140
225000011,448,845,-397
225000012,158,533,-375
225000013,140,183,-43
225000014,670,67,603
225000015,84,265,-181
225000021,490,220,270
225000027,240,608,-368
225000032,421,168,253
225000042,75,936,-861
225000049,37,73,-36
225000050,50,26,24
225000053,3,186,-183
225000058,594,127,467
225000067,124,242,-118
225000068,57,786,-729
225000069,142,759,-617
225000070,60,712,-652
225000071,29,425,-396
225000075,32,1148,-1116
225000076,83,145,-62
225000078,76,68,8
225000085,38,90,-52
225000086,215,62,153
225000087,190,11,179
225000088,10,124,-114
225000089,285,813,-528
225000090,32,399,-367
225000091,113,277,-164
225000092,40,85,-45
225000093,150,532,-382
225000094,8,688,-680
225000095,293,759,-466
225000096,318,647,-329
225000098,395,189,206
225000099,174,124,50
225000100,188,155,33
225000104,148,1088,-940
225000110,8,1154,-1146
225000111,320,2844,-2524
225000112,700,2412,-1712
225000113,242,1560,-1318
225000114,92,734,-642
225000115,7278,1050,6228
225000116,1704,290,1414
225000117,1756,704,1052
225000118,1218,576,642
225000119,242,224,18
225000120,850,110,740
225000121,474,114,360
225000123,2632,52,2580
225000125,442,824,-382
225000126,2834,456,2378
225000127,1874,1102,772
225000128,860,1052,-192
225000132,378,88,290
225000133,376,44,332
225000134,1114,230,884
225000135,26,8,18
225000136,296,32,264
225000137,266,188,78
225000138,722,74,648
225000143,234,346,-112
225000144,16,726,-710
225000145,36,146,-110
225000146,140,294,-154
225000147,18,990,-972
225000148,12,580,-568
225000149,114,1216,-1102
225000151,54,628,-574
225000155,604,1038,-434
225000156,546,1502,-956
225000157,414,876,-462
225000158,220,870,-650
225000171,6,340,-334
225000180,56,8,48
225000181,0,132,-132
225000182,274,26,248
225000185,30,1030,-1000
225000187,100,1032,-932
225000191,162,2,160
225000194,0,20,-20
225000208,2,112,-110
225000209,116,42,74
225000210,4,616,-612
225000217,0,42,-42
225000218,12,0,12
225000223,2,376,-374
225000224,960,2,958
225000225,4,160,-156
225000226,268,2,266
225000227,96,178,-82
225000228,46,30,16
225000229,0,252,-252
225000230,16,0,16
225000231,0,226,-226
225000232,134,0,134
225000241,192,0,192
225000242,0,86,-86
225000249,12,2,10
225000250,92,2182,-2090
225000251,562,104,458
226000042,1158,1218,-60
226000043,230,630,-400
226000044,418,1854,-1436
226000045,186,1156,-970
226000046,598,90,508
226000047,502,142,360
226000048,494,198,296
226000049,334,264,70
226000070,0,180,-180
226000071,0,226,-226
226000072,0,48,-48
226000073,2,16,-14
226000074,4,22,-18
226000084,0,146,-146
226000085,4,78,-74
226000086,2,22,-20
226000087,2,14,-12
226000088,8,14,-6
226000090,172,82,90
226000091,14,20,-6
226000092,2,0,2
226000093,38,0,38
226000094,52,2,50
226000095,38,2,36
226000105,12,0,12
226000106,12,0,12
226000107,20,4,16
226000108,54,0,54
226000109,166,0,166
226000124,236,94,142
226000134,556,854,-298
226000135,1356,1270,86
226000136,374,860,-486
226000137,14,1668,-1654
226000138,30,1172,-1142
226000139,0,40,-40
226000156,152,0,152
226000157,176,18,158
226000163,146,530,-384
226000202,10,1694,-1684
226000231,414,12,402
226000232,48,20,28
227000033,392,110,282
227000036,226,82,144
227000037,332,76,256
227000038,316,58,258
227000049,0,12,-12
227000050,4,94,-90
227000055,62,0,62
227000056,74,0,74
227000084,4,72,-68
227000085,0,50,-50
227000088,182,10,172
227000089,108,4,104
227000090,48,12,36
227000091,34,12,22
227000093,186,0,186
227000094,26,0,26
227000130,64,150,-86
227000131,10,552,-542
227000132,24,544,-520
227000133,14,504,-490
227000134,20,706,-686
227000152,0,6,-6
227000153,0,48,-48
227000155,0,24,-24
227000156,0,8,-8
227000165,14,42,-28
227000196,158,816,-658
227000199,240,1336,-1096
227000230,32,722,-690
227000232,324,58,266
227000242,94,892,-798
227000243,546,148,398
227000245,32,754,-722
227000246,100,898,-798
227000247,476,120,356
227000248,868,100,768
227000249,34,508,-474
227000250,794,424,370
227000251,384,674,-290
227000252,22,726,-704
227000253,140,40,100
227000262,356,74,282
227000266,776,20,756
227000267,80,4344,-4264
227000282,10,336,-326
227000284,286,28,258
227000286,4,150,-146
227000287,6,234,-228
227000291,26,920,-894
227000484,276,16,260
227000485,46,896,-850
227000655,120,32,88
227000656,668,46,622
227000657,42,40,2
227000661,254,34,220
227000680,626,140,486
229000265,42,146,-104
229000296,0,32,-32
229000297,4,82,-78
229000298,16,394,-378
229000320,20,22,-2
229000321,22,14,8
229000412,40,74,-34
229000414,32,134,-102
229000415,26,0,26
229000416,0,24,-24
229000417,2,24,-22
229000419,150,468,-318
229000440,362,176,186
229000442,58,2,56
229000443,2,12,-10
229000444,4,112,-108
229000445,72,38,34
229000446,66,30,36
229000847,74,0,74
229000848,22,2,20
229000849,132,4,128
229000851,70,0,70
229000854,10,144,-134
229000856,4,502,-498
229000857,0,92,-92
229000858,0,292,-292
229000919,38,178,-140
229000930,0,668,-668
229000937,76,18,58
229000966,78,62,16
229000981,44,168,-124
229000985,26,96,-70
229000986,4,12,-8
229000987,0,0,0
229000988,6,6,0
229000989,12,16,-4
229000990,0,0,0
229000991,0,0,0
229000992,10,38,-28
229000993,544,34,510
229000998,14,128,-114
229000999,126,54,72
229001034,0,26,-26
229001035,34,0,34
229001037,58,24,34
229001042,16,36,-20
229001047,4,160,-156
229001050,108,142,-34
229001200,12,2,10
229001338,0,44,-44
229001394,330,8,322
229001422,108,34,74
229001423,58,364,-306
229001431,46,46,0
229001432,58,214,-156
229001444,228,168,60
229001445,94,346,-252
229001503,234,94,140
229001504,214,660,-446
229001505,122,98,24
229001506,62,614,-552
229001509,70,96,-26
229001545,84,8,76
229001546,16,222,-206
229001553,38,16,22
229001554,24,224,-200
229001559,2,6,-4
229001560,10,50,-40
229001630,72,14,58
229001631,14,66,-52
229001635,0,14,-14
229001636,2,2,0
229001658,0,212,-212
229001659,112,10,102
229001660,2,4,-2
229001661,4,32,-28
229001662,138,0,138
229001663,0,20,-20
229002584,312,348,-36
229002831,438,198,240
229002841,22,22,0
229002842,14,34,-20
229002843,92,34,58
229002844,56,72,-16
229002845,26,100,-74
229002846,56,76,-20
229002847,8,24,-16
229002848,6,16,-10
229002849,2,108,-106
229002850,24,2,22
229002851,50,236,-186
229002852,184,28,156
229002853,168,30,138
229002854,156,94,62
229002855,22,48,-26
229002856,36,34,2
229002857,6,70,-64
229002858,6,14,-8
229002859,38,24,14
229002860,94,32,62
229002861,86,20,66
229002862,34,32,2
229002863,60,20,40
229002864,6,70,-64
229002865,80,14,66
229002866,36,28,8
229002867,6,32,-26
229002868,26,18,8
229002869,40,216,-176
229002870,104,24,80
235000066,384,164,220
235000067,176,348,-172
235000072,34,66,-32
235000073,64,420,-356
235000074,32,164,-132
235000080,48,180,-132
235000081,78,282,-204
235000082,276,104,172
235000083,212,186,26
235000084,90,112,-22
235000085,96,128,-32
235000089,16,60,-44
235000092,12,230,-218
235000093,10,4,6
235000097,14,4,10
235000098,50,22,28
235000099,26,44,-18
235000116,84,86,-2
235000117,2320,32,2288
235000133,18,444,-426
235000134,8,204,-196
235000206,18,6,12
235000207,6,2,4
235000208,4,2,2
235000209,10,0,10
235000210,12,2,10
235000212,6,46,-40
235000213,2,20,-18
235000220,0,6,-6
235000221,58,16,42
235000238,4,58,-54
235000239,0,12,-12
235000242,454,482,-28
235000245,2140,370,1770
235000246,10,122,-112
235000284,6,222,-216
235000295,250,10,240
235000305,194,18,176
235000306,204,8,196
235000307,104,48,56
235000308,24,0,24
235000309,38,0,38
235000310,22,0,22
235000311,110,10,100
235000322,2,62,-60
235000323,2,126,-124
235000324,0,42,-42
235000325,2,28,-26
235000326,22,762,-740
235000351,10,158,-148
235000352,12,62,-50
235000353,2,56,-54
235000354,8,60,-52
235000355,8,88,-80
235000356,64,58,6
235000357,16,26,-10
235000358,74,36,38
235000359,10,16,-6
235000360,84,30,54
235000361,70,14,56
235000381,82,708,-626
235000382,152,64,88
235000390,12,2,10
235000391,94,28,66
235000392,102,276,-174
235000393,60,182,-122
235000395,58,28,30
235000396,306,102,204
235000400,190,214,-24
235000401,156,408,-252
235000405,216,398,-182
235000406,44,520,-476
235000407,94,276,-182
235000409,370,398,-28
235000410,74,596,-522
235000411,0,196,-196
235000485,0,10,-10
235000486,8,2,6
235000549,26,144,-118
235000550,82,352,-270
235000599,94,156,-62
235000600,28,48,-20
235000601,32,74,-42
235000602,90,308,-218
235000614,2,8,-6
235000648,0,28,-28
235000649,32,12,20
235000685,2,2,0
235000815,10,46,-36
235000834,0,38,-38
235000855,44,88,-44
235000862,32,390,-358
235000891,0,6,-6
235000892,30,6,24
235000901,84,188,-104
235000907,14,46,-32
235001010,42,180,-138
235001029,716,916,-200
235001030,430,298,132
235001078,96,122,-26
235001079,112,192,-80
235001147,12,72,-60
235001166,18,184,-166
235001167,18,74,-56
235001169,70,688,-618
235001188,0,20,-20
235001189,12,4,8
235001197,26,78,-52
235001200,26,46,-20
235001207,276,64,212
235001210,158,726,-568
235001215,96,604,-508
235001239,0,52,-52
235001244,2,4,-2
235016267,0,44,-44
277102712,2,0,2
277103813,0,0,0
277103814,0,0,0
277104249,0,18,-18
277104250,0,34,-34
277104251,0,20,-20
277104252,0,2,-2
990011530,0,572,-572
990014944,2,858,-856
990015176,14,14,0
990015618,0,150,-150
990016032,0,1192,-1192
990032570,2,168,-166
990070001,172,8,164
990070103,0,10,-10
990070601,0,92,-92
990070751,460,4,456
990070766,0,2210,-2210
990071180,1660,390,1270
990071343,50,0,50
990071387,0,10,-10
990071823,24,2,22
990072600,4,1390,-1386
990072964,2,1008,-1006
990073285,0,0,0
990074393,12,2892,-2880
990074870,948,6,942
990075106,1154,14,1140
990075746,556,2,554
990076437,802,2,800
990076458,18,4338,-4320
997000007,306,62,244
997000041,0,174,-174
997000058,50,0,50
997000062,88,0,88
997000069,0,20,-20
997000070,2,306,-304
997000100,28,0,28
997000141,6,2268,-2262
997000198,1030,1222,-192
998000475,0,26,-26
998000736,2,868,-866
998000965,0,12,-12
998001031,0,120,-120
998001700,2,80,-78
998001899,0,0,0
998001900,28,6,22
998003073,1024,20,1004
998101900,0,0,0
998102850,0,128,-128
998501927,1392,662,730
998501929,128,0,128
998501930,146,0,146
998501931,168,2,166
998501932,4,0,4
998501933,156,76,80
998501937,6,2,4
998501944,8,0,8
998501950,0,8,-8
998501970,58,2,56
998501971,0,102,-102
998501973,2,192,-190
998501974,2,574,-572
998501975,436,6,430
998501976,220,50,170
998501977,0,46,-46
998501978,18,0,18
998501979,0,24,-24
998501980,196,2,194
998501981,66,42,24
998501982,0,224,-224
998501983,0,2,-2
998502006,0,0,0
998502024,0,2,-2
998502032,0,2,-2
998502062,96,70,26
998502063,0,0,0
998502173,144,0,144
998502269,0,4,-4
998502546,6,250,-244
998502578,4,2,2
998502599,528,622,-94
998502621,0,2,-2
998601159,0,824,-824
998601292,0,40,-40
999033574,4,2732,-2728
999800001,46,0,46
999800002,0,2,-2
999800003,14,6,8
999800004,0,10,-10
999800005,0,10,-10
