ID,insum,outsum,diff
100000001,178,202,-24
100000002,60,76,-16
100000003,403,260,143
100000004,86,29,57
100000005,135,330,-195
100000006,0,0,0
100000007,6,1,5
100000008,5,38,-33
100000009,0,0,0
100000010,0,0,0
100000011,0,0,0
100000012,3,78,-75
100000013,1,12,-11
100000014,12,37,-25
100000015,8,2,6
100000016,33,101,-68
100000017,15,91,-76
100000018,119,62,57
100000019,672,244,428
100000020,19,15,4
100000021,481,134,347
100000022,40,22,18
100000023,319,36,283
100000025,588,30,558
100000028,384,299,85
100000029,43,56,-13
100000030,0,0,0
100000031,186,201,-15
100000032,497,199,298
100000033,102,280,-178
100000034,436,415,21
100000035,71,64,7
100000036,165,127,38
100000037,1,0,1
100000038,0,2,-2
100000039,2,1,1
100000040,1,0,1
100000041,1,0,1
100000042,2,0,2
100000043,0,0,0
100000044,16,84,-68
100000045,73,129,-56
100000046,22,135,-113
100000047,26,179,-153
100000048,76,179,-103
100000049,216,474,-258
100000051,39,194,-155
100000053,1,2,-1
100000054,4,1,3
100000055,89,75,14
100000056,0,0,0
100000057,3,0,3
100000058,103,259,-156
100000059,0,6,-6
100000060,28,33,-5
100000061,75,53,22
100000062,80,64,16
100000063,31,31,0
100000064,44,51,-7
100000065,59,174,-115
100000066,27,133,-106
100000067,36,119,-83
100000068,54,156,-102
100000069,20,171,-151
100000072,63,72,-9
100000073,177,424,-247
100000075,88,89,-1
100000076,89,149,-60
100000077,0,0,0
100000078,0,0,0
100000079,0,0,0
100000080,0,0,0
100000081,0,0,0
100000102,25,104,-79
100000103,195,70,125
100000104,342,144,198
100000105,326,78,248
100000106,46,34,12
100000107,31,18,13
100000108,140,257,-117
100000109,760,543,217
100000116,221,104,117
100000117,0,0,0
100000118,577,1169,-592
100000119,64,373,-309
100000121,0,0,0
100000122,12,127,-115
100000123,466,637,-171
100000124,1792,1007,785
100000125,228,13,215
100000126,35,18,17
100000127,89,18,71
100000128,76,75,1
100000129,29,108,-79
100000130,0,0,0
100000131,909,513,396
100000132,203,63,140
100000133,2916,1347,1569
100000135,0,0,0
100000139,7,169,-162
100000140,51,148,-97
100000142,0,0,0
100000143,208,324,-116
100000144,569,279,290
100000147,65,144,-79
100000150,4,44,-40
100000151,0,0,0
100000153,0,0,0
100000154,0,3,-3
100000155,0,0,0
100000156,0,0,0
100000157,0,0,0
100000158,0,0,0
100000159,30,36,-6
100000165,226,109,117
100000169,0,0,0
100000174,11,24,-13
100000179,0,0,0
100000180,0,9,-9
100000181,8,30,-22
100000188,0,1,-1
100000189,0,0,0
100000190,292,101,191
100000191,38,27,11
100000192,0,0,0
100000193,0,0,0
100000330,168,94,74
100000355,12,60,-48
100000362,756,688,68
100000363,97,111,-14
100000364,9,39,-30
100000365,1392,1342,50
100000366,1506,880,626
100000367,669,1134,-465
100000368,599,662,-63
100000369,1,6,-5
100000370,0,16,-16
100000376,2,5,-3
100000379,133,128,5
100000380,377,520,-143
100000384,1622,853,769
100000385,886,762,124
100000386,1152,621,531
100000387,1664,640,1024
100000388,4252,1675,2577
100000389,3545,823,2722
100000390,4056,1376,2680
100000391,2641,606,2035
100000392,1238,477,761
100000393,328,204,124
100000394,1787,1358,429
100000395,741,355,386
100000396,996,827,169
100000397,758,342,416
100000398,4070,3336,734
100000413,0,0,0
100000414,160,55,105
100900002,0,0,0
100900003,0,0,0
100900004,2,85,-83
100900005,0,0,0
100900006,0,0,0
100900007,0,0,0
100900008,0,63,-63
100900009,0,0,0
100900010,0,0,0
100900011,0,0,0
100900012,0,24,-24
100900013,0,0,0
100900014,0,0,0
100900015,0,0,0
100900016,0,0,0
100900017,0,0,0
100900018,0,0,0
100900019,0,0,0
100900020,0,0,0
100900021,0,0,0
100900022,0,0,0
100900023,0,0,0
100900024,0,0,0
100900025,0,0,0
100900026,0,0,0
100900027,0,0,0
100900028,0,0,0
100900029,0,0,0
100900030,0,0,0
100900031,0,0,0
100900032,0,0,0
100900033,0,0,0
100900034,0,0,0
100900035,0,0,0
100900036,0,0,0
100900037,0,0,0
100900038,0,0,0
100900039,11,33,-22
100900040,0,94,-94
100900041,0,59,-59
100900042,0,0,0
100900043,0,0,0
100900044,0,0,0
100900045,0,0,0
100900046,0,0,0
100900047,0,0,0
100900048,0,0,0
100900049,0,0,0
100900050,0,0,0
100900051,0,0,0
100900052,0,0,0
100900053,0,0,0
100900054,0,0,0
100900055,0,0,0
100900056,0,0,0
100900057,0,0,0
100900058,0,0,0
100900059,0,0,0
100900060,0,0,0
100900061,0,0,0
100900062,0,0,0
100900063,0,0,0
100900064,0,0,0
100900065,0,0,0
100900066,0,0,0
100900067,0,0,0
100900068,0,0,0
100900069,0,0,0
100900070,0,0,0
100900071,0,0,0
100900072,0,0,0
100900073,0,0,0
100900074,0,0,0
100900075,108,5,103
100900076,0,0,0
100900077,0,0,0
100900078,0,0,0
100900079,0,0,0
100900080,0,0,0
100900081,0,0,0
100900082,0,0,0
100900083,0,0,0
100900085,0,0,0
100900086,0,0,0
100900088,0,0,0
100900089,0,0,0
100900090,0,0,0
100900091,0,0,0
100900092,0,0,0
100900093,0,0,0
100900094,0,0,0
100900095,0,0,0
100900096,0,0,0
100900097,0,0,0
100900098,0,0,0
100900099,0,3,-3
100900100,0,0,0
100900101,0,0,0
100900102,0,0,0
100900103,0,0,0
100900104,0,0,0
100900105,0,0,0
100900106,0,0,0
100900107,0,0,0
100900108,0,0,0
100900109,0,0,0
100900110,0,0,0
100900111,0,0,0
100900112,0,0,0
100900113,0,0,0
100900114,0,0,0
100900115,0,0,0
100900116,0,0,0
100900117,0,0,0
100900118,0,0,0
100900119,0,0,0
100900120,0,0,0
100900121,0,0,0
100900122,14,8,6
100900123,0,0,0
100900124,0,0,0
100900125,0,0,0
100900126,0,0,0
100900127,0,0,0
100900128,0,5,-5
100900129,0,0,0
100900131,0,0,0
100900133,0,0,0
100900134,0,0,0
100900135,0,0,0
100900137,0,0,0
100900138,0,0,0
100900139,0,0,0
100900140,0,25,-25
100900141,0,0,0
100900142,0,0,0
100900143,0,0,0
100900144,0,0,0
100900145,0,0,0
100900146,0,0,0
100900147,0,0,0
100900148,1,74,-73
100900149,0,0,0
100900150,0,0,0
100900151,0,40,-40
100900152,0,0,0
100900153,0,0,0
100900154,0,0,0
100900155,0,0,0
100900156,0,0,0
100900157,0,0,0
100900159,0,0,0
100900160,0,0,0
100900161,0,0,0
100900162,0,0,0
100900163,3,22,-19
100900164,0,0,0
100900165,0,0,0
100900166,0,0,0
100900167,0,0,0
100900168,0,0,0
100900169,9,93,-84
100900170,0,0,0
100900171,0,67,-67
100900172,0,0,0
100900173,0,56,-56
100900174,0,0,0
100900176,0,0,0
100900177,0,0,0
100900178,0,0,0
100900179,0,0,0
100900180,0,0,0
100900181,0,0,0
100900182,0,0,0
100900184,0,0,0
100900186,0,0,0
100900187,0,0,0
100900188,0,0,0
100900189,0,0,0
100900191,0,0,0
100900192,0,0,0
100900195,0,0,0
100900197,0,0,0
100900198,0,0,0
100900199,0,0,0
100900200,24,18,6
100900201,2,44,-42
100900202,0,0,0
100900203,0,0,0
100900204,0,0,0
100900205,0,0,0
100900206,0,0,0
100900207,0,0,0
100900210,2,50,-48
100900211,0,0,0
100900213,0,0,0
100900214,94,3,91
100900215,0,0,0
100900217,0,0,0
101000001,459,151,308
101000002,822,336,486
101000003,97,46,51
101000004,0,0,0
101000005,161,182,-21
101000006,731,781,-50
101000007,57,301,-244
101000008,2922,684,2238
101000009,73,178,-105
101000010,58,84,-26
101000011,252,22,230
101000012,0,0,0
101000013,137,40,97
101000014,26,22,4
101000015,155,104,51
101000016,8,8,0
101000017,120,76,44
101000018,542,467,75
101000020,477,126,351
101000021,54,9,45
101000022,142,28,114
101000023,343,339,4
101000025,0,0,0
101000026,13,0,13
101000027,477,149,328
101000028,221,73,148
101000029,1,67,-66
101000030,121,9,112
101000031,26,3,23
101000032,425,459,-34
101000033,705,362,343
101000034,546,326,220
101000035,258,71,187
101000036,279,109,170
101000037,664,86,578
101000039,602,393,209
101000040,922,301,621
101000041,504,111,393
101000042,7,118,-111
101000043,565,260,305
101000045,106,28,78
101000046,279,103,176
101000047,44,33,11
101000048,58,26,32
101000049,39,95,-56
101000050,52,22,30
101000051,244,131,113
101000052,463,71,392
101000053,75,33,42
101000054,230,29,201
101000055,418,45,373
101000056,20,6,14
101000057,896,192,704
101000058,549,38,511
101000059,217,19,198
101000060,514,125,389
101000061,52,15,37
101000062,803,116,687
101000063,3,9,-6
101000064,512,131,381
101000065,25,13,12
101000066,2,27,-25
101000067,192,140,52
101000068,137,58,79
101000069,125,21,104
101000070,307,493,-186
101000071,430,226,204
101000072,308,325,-17
101000073,26,12,14
101000074,1094,411,683
101000075,3659,1584,2075
101000077,324,320,4
101000078,147,82,65
101000079,109,116,-7
101000080,489,338,151
101000081,135,102,33
101000082,333,177,156
101000083,139,96,43
101000084,187,173,14
101000085,54,3,51
101000086,424,278,146
101000087,303,199,104
101000088,23,6,17
101000089,29,17,12
101000090,514,245,269
101000091,25,84,-59
101000092,276,89,187
101000093,102,33,69
101000094,179,329,-150
101000095,44,215,-171
101000096,27,17,10
101000097,27,75,-48
101000098,7,22,-15
101000099,169,137,32
101000100,170,162,8
101000101,12,24,-12
101000102,327,101,226
101000103,69,25,44
101000104,35,41,-6
101000105,0,0,0
101000106,22,42,-20
101000107,14,11,3
101000108,0,0,0
101000109,6,5,1
101000110,0,0,0
101000111,0,18,-18
101000113,0,0,0
101000114,1180,453,727
101000115,0,0,0
101000116,0,0,0
101000117,0,0,0
101000119,51,5,46
101000120,109,6,103
101000121,42,2,40
101000122,34,21,13
101000123,16,13,3
101000124,263,240,23
101000125,38,131,-93
101000128,38,38,0
101000130,216,71,145
101000131,34,22,12
101000132,86,302,-216
101000135,23,7,16
101000136,107,50,57
101000137,4,25,-21
101000141,177,137,40
101000147,178,175,3
101000148,132,1,131
101000149,0,0,0
101000150,0,0,0
101000151,0,3,-3
101000152,22,42,-20
101000153,39,8,31
101000154,4,72,-68
101000155,24,30,-6
101000156,17,75,-58
101000157,0,0,0
101000160,0,0,0
101000163,9,5,4
101000164,31,89,-58
101000165,92,31,61
101000166,17,18,-1
101000168,30,60,-30
101000252,36,97,-61
101000254,225,31,194
101000258,1,0,1
101000261,0,0,0
101000262,24,117,-93
101000263,10,7,3
101000265,5,96,-91
101000266,70,15,55
101000269,151,21,130
101000290,212,37,175
101000293,0,0,0
101000294,166,76,90
101000295,11,37,-26
101000301,132,62,70
101000304,631,830,-199
101000305,335,342,-7
101000328,20,57,-37
101900001,0,0,0
101900002,0,0,0
101900003,8,8,0
101900004,0,0,0
101900005,157,19,138
101900006,18,29,-11
101900007,0,0,0
101900008,0,0,0
101900009,0,0,0
101900010,0,0,0
101900011,0,0,0
101900012,0,0,0
101900013,46,0,46
101900017,0,0,0
101900018,0,0,0
101900019,0,0,0
101900020,0,0,0
101900021,0,0,0
101900022,0,0,0
101900023,0,0,0
101900026,0,0,0
101900027,0,0,0
102000001,57,198,-141
102000002,10,7,3
102000003,1027,637,390
102000004,396,152,244
102000005,815,383,432
102000006,628,153,475
102000007,634,503,131
102000008,500,196,304
102000009,1018,1018,0
102000010,627,272,355
102000011,1901,1071,830
102000012,2032,929,1103
102000018,109,24,85
102000019,69,65,4
102000026,0,0,0
102000029,0,0,0
102000030,6,4,2
102000031,0,0,0
102000032,4,3,1
102000033,0,0,0
102000034,5,7,-2
102000035,0,0,0
102000036,0,0,0
102000038,0,0,0
102000039,0,0,0
102000040,7,1,6
102000041,0,0,0
102000042,0,0,0
102000043,6,2,4
102000044,0,0,0
102000045,42,48,-6
102000046,46,22,24
102000047,37,60,-23
102000048,1,1,0
102000049,11,13,-2
102000050,39,85,-46
102000051,21,9,12
102000052,52,77,-25
102000053,19,19,0
102000054,29,81,-52
102000055,146,127,19
102000056,41,80,-39
102000057,101,18,83
102000058,129,173,-44
102000059,220,205,15
102000060,52,30,22
102000061,134,322,-188
102000062,43,56,-13
102000063,151,220,-69
102000064,92,145,-53
102000065,6,16,-10
102000066,501,129,372
102000067,193,260,-67
102000068,775,308,467
102000069,0,0,0
102000070,174,8,166
102000071,1240,1383,-143
102000072,808,1198,-390
102000073,6,177,-171
102000074,38,89,-51
102000075,11,73,-62
102000076,16,127,-111
102000077,26,289,-263
102000078,48,215,-167
102000079,3,53,-50
102000080,2,2,0
102000081,21,124,-103
102000082,130,112,18
102000083,29,81,-52
102000084,0,0,0
102000085,125,114,11
102000086,49,17,32
102000087,67,235,-168
102000088,19,8,11
102000089,0,0,0
102000090,107,147,-40
102000091,300,163,137
102000092,197,70,127
102000093,107,74,33
102000094,0,0,0
102000095,71,155,-84
102000096,0,0,0
102000097,206,215,-9
102000098,12,18,-6
102000099,99,61,38
102000100,16,13,3
102000101,70,23,47
102000102,39,6,33
102000103,110,50,60
102000104,44,12,32
102000105,1,24,-23
102000106,2,36,-34
102000107,0,0,0
102000108,21,10,11
102000109,0,0,0
102000110,0,0,0
102000111,0,0,0
102000112,4,3,1
102000113,0,0,0
102000114,0,0,0
102000115,24,6,18
102000116,2,9,-7
102000117,15,94,-79
102000118,22,88,-66
102000119,566,49,517
102000120,13,6,7
102000121,31,76,-45
102000122,18,5,13
102000123,78,45,33
102000124,59,21,38
102000125,51,31,20
102000126,33,16,17
102000127,86,30,56
102000128,45,30,15
102000129,62,61,1
102000130,24,34,-10
102000131,35,34,1
102000132,34,16,18
102000133,98,291,-193
102000134,34,48,-14
102000135,0,0,0
102000136,2,4,-2
102000137,26,9,17
102000138,0,0,0
102000139,0,0,0
102000140,4,5,-1
102000141,0,29,-29
102000142,2,18,-16
102000143,4,27,-23
102000144,3,35,-32
102000145,2,27,-25
102000146,1,3,-2
102000147,9,9,0
102000148,0,0,0
102000149,0,2,-2
102000150,1,0,1
102000151,0,0,0
102000152,0,0,0
102000153,0,0,0
102000154,9,15,-6
102000155,18,13,5
102000156,34,5,29
102000157,1,5,-4
102000158,9,4,5
102000159,42,3,39
102000161,466,149,317
102000162,148,69,79
102000163,0,0,0
102000164,0,0,0
102000165,88,37,51
102000166,22,48,-26
102000167,40,75,-35
102000168,24,43,-19
102000169,46,93,-47
102000170,209,87,122
102000171,108,51,57
102000172,5,64,-59
102000173,45,34,11
102000174,14,11,3
102000175,5,2,3
102000176,1,0,1
102000178,17,45,-28
102000179,6,40,-34
102000180,40,62,-22
102000181,5,89,-84
102000182,147,140,7
102000183,55,140,-85
102000184,17,28,-11
102000185,44,88,-44
102000186,99,250,-151
102000187,59,327,-268
102000188,18,75,-57
102000189,532,437,95
102000190,68,120,-52
102000191,194,31,163
102000192,185,184,1
102000193,0,0,0
102000194,0,0,0
102000195,15,30,-15
102000196,0,0,0
102000197,21,44,-23
102000198,0,0,0
102000199,9,33,-24
102000200,0,0,0
102000201,20,30,-10
102000202,0,0,0
102000203,4,31,-27
102000204,0,2,-2
102000205,0,1,-1
102000206,70,80,-10
102000207,0,0,0
102000208,14,49,-35
102000209,6,11,-5
102000210,0,106,-106
102000211,9,48,-39
102000212,0,0,0
102000213,1,13,-12
102000214,0,0,0
102000215,0,45,-45
102000216,0,0,0
102000217,0,30,-30
102000218,0,0,0
102000219,25,19,6
102000225,0,0,0
102000226,0,0,0
102000227,0,0,0
102000228,0,7,-7
102000229,6,4,2
102000230,6,28,-22
102000231,36,9,27
102000232,0,0,0
102000233,13,20,-7
102000234,0,0,0
102000236,6,7,-1
102000237,2,3,-1
102000238,1,4,-3
102000240,224,264,-40
102000241,35,10,25
102000243,4,3,1
102000245,4,22,-18
102000246,0,0,0
102000247,122,163,-41
102000248,180,225,-45
102000249,40,176,-136
102000250,4,72,-68
102000254,0,0,0
102000266,1,3,-2
102000271,0,0,0
102000286,0,0,0
102000297,74,13,61
102000303,0,0,0
102000305,0,0,0
102000307,0,3,-3
102900001,0,0,0
102900002,0,0,0
102900003,0,19,-19
102900005,0,0,0
102900006,0,0,0
102900007,0,0,0
102900008,0,0,0
102900009,0,0,0
102900010,0,0,0
102900011,0,0,0
102900012,0,0,0
102900013,0,0,0
102900015,0,0,0
102900016,0,0,0
102900017,0,0,0
102900018,0,0,0
102900019,0,0,0
102900020,0,0,0
102900021,0,0,0
102900022,18,7,11
102900023,0,0,0
102900024,0,0,0
102900025,0,0,0
102900026,0,0,0
102900027,0,0,0
102900028,0,0,0
102900029,1,2,-1
102900030,0,0,0
102900031,0,0,0
102900032,0,2,-2
102900033,0,0,0
102900034,0,0,0
102900035,1,37,-36
102900036,0,0,0
102900037,0,0,0
102900038,0,0,0
102900039,0,0,0
102900040,0,0,0
102900041,0,0,0
102900042,0,0,0
102900043,0,0,0
102900044,0,0,0
102900045,0,0,0
102900046,0,0,0
102900047,0,0,0
102900048,0,0,0
102900049,0,0,0
102900050,0,0,0
102900051,0,0,0
102900053,0,0,0
102900054,0,0,0
102900055,0,0,0
102900056,0,0,0
102900057,0,0,0
102900058,0,0,0
102900059,0,0,0
102900060,0,0,0
102900061,0,0,0
102900062,0,0,0
102900063,0,0,0
102900064,0,0,0
102900065,0,0,0
102900066,0,0,0
102900068,0,0,0
102900070,0,37,-37
102900072,0,4,-4
102900073,6,1,5
102900075,0,0,0
102900076,0,0,0
102900077,0,0,0
102900078,0,0,0
102900079,0,0,0
102900080,0,0,0
102900081,0,0,0
102900082,0,0,0
102900083,0,0,0
102900084,0,0,0
102900085,0,0,0
102900086,0,0,0
102900087,0,0,0
102900088,0,0,0
102900089,0,0,0
102900090,0,51,-51
102900091,1,0,1
102900092,2,57,-55
102900094,0,0,0
102900095,0,0,0
102900096,0,1,-1
102900097,0,4,-4
103000001,413,520,-107
103000002,264,315,-51
103000003,527,419,108
103000004,99,138,-39
103000005,67,129,-62
103000006,27,104,-77
103000007,24,49,-25
103000008,64,148,-84
103000009,0,0,0
103000010,30,25,5
103000011,297,197,100
103000012,169,114,55
103000013,1600,365,1235
103000014,49,35,14
103000015,328,183,145
103000016,41,6,35
103000017,0,0,0
103000018,0,0,0
103000019,0,0,0
103000020,182,322,-140
103000021,9,23,-14
103000022,129,204,-75
103000023,4,33,-29
103000024,0,0,0
103000025,0,0,0
103000026,0,0,0
103000027,0,0,0
103000028,0,0,0
103000029,19,1,18
103000030,486,105,381
103000031,72,55,17
103000032,314,286,28
103000033,95,39,56
103000034,645,245,400
103000035,117,108,9
103000036,73,36,37
103000037,233,106,127
103000038,98,74,24
103000039,20,93,-73
103000040,8,34,-26
103000041,395,617,-222
103000042,138,109,29
103000043,6,49,-43
103000044,10,3,7
103000046,44,10,34
103000047,0,0,0
103000048,10,1,9
103000049,0,0,0
103000050,11,33,-22
103000051,13,9,4
103000052,8,2,6
103000053,2,14,-12
103000054,271,128,143
103000055,72,34,38
103000056,54,166,-112
103000057,41,77,-36
103000058,41,118,-77
103000059,20,46,-26
103000060,176,137,39
103000061,14,29,-15
103000062,171,213,-42
103000063,45,31,14
103000064,32,68,-36
103000065,0,0,0
103000066,1,0,1
103000069,3,0,3
103000070,58,216,-158
103000071,29,6,23
103000072,35,119,-84
103000073,0,0,0
103000074,0,0,0
103000075,53,138,-85
103000076,0,0,0
103000077,8,36,-28
103000078,0,0,0
103000079,120,42,78
103000080,0,0,0
103000081,55,92,-37
103000082,0,0,0
103000083,2,87,-85
103000084,0,0,0
103000085,1,19,-18
103000086,44,8,36
103000087,23,66,-43
103000088,83,37,46
103000089,20,14,6
103000090,306,189,117
103000091,94,45,49
103000092,0,0,0
103000093,53,134,-81
103000094,0,0,0
103000095,19,63,-44
103000096,0,0,0
103000097,5,80,-75
103000098,0,0,0
103000099,10,63,-53
103000100,11,165,-154
103000101,0,0,0
103000102,23,141,-118
103000103,0,8,-8
103000104,0,37,-37
103000105,0,8,-8
103000106,0,60,-60
103000107,3,11,-8
103000108,35,57,-22
103000109,105,51,54
103000110,207,103,104
103000111,133,67,66
103000112,6,10,-4
103000113,49,95,-46
103000114,10,8,2
103000115,10,31,-21
103000116,14,16,-2
103000117,15,17,-2
103000118,74,235,-161
103000119,280,268,12
103000120,5,21,-16
103000121,58,109,-51
103000122,14,16,-2
103000125,0,0,0
103000126,1,0,1
103000127,0,0,0
103000128,0,0,0
103000129,0,0,0
103000130,0,0,0
103000131,0,0,0
103000132,3,1,2
103000133,0,0,0
103000134,158,73,85
103000135,29,37,-8
103000136,191,122,69
103000137,110,67,43
103000138,263,52,211
103000139,0,19,-19
103000140,0,0,0
103000141,3,21,-18
103000142,0,0,0
103000143,7,27,-20
103000144,0,0,0
103000145,0,0,0
103000150,14,5,9
103000152,40,36,4
103000153,11,3,8
103000156,0,0,0
103000157,0,0,0
103000159,0,0,0
103000162,0,0,0
103000163,0,0,0
103000164,0,0,0
103000165,0,1,-1
103000166,0,0,0
103000167,2,3,-1
103000168,5,33,-28
103000169,0,0,0
103000170,67,57,10
103000171,0,0,0
103000172,0,1,-1
103000173,19,97,-78
103000174,0,0,0
103000175,65,200,-135
103000176,6,0,6
103000177,73,89,-16
103000178,117,90,27
103000179,2,0,2
103000183,0,10,-10
103000185,0,11,-11
103000186,0,0,0
103000187,37,97,-60
103000188,0,16,-16
103000189,89,267,-178
103000191,0,0,0
103000292,273,14,259
103000293,0,0,0
103000295,0,0,0
103000296,0,0,0
103000297,0,0,0
103000504,0,0,0
103000505,0,0,0
103000506,0,0,0
103000507,3,0,3
103000508,9,9,0
103000509,34,130,-96
103900001,0,0,0
103900002,0,0,0
103900003,0,0,0
103900004,0,0,0
103900005,0,0,0
103900006,0,0,0
103900007,0,0,0
103900008,0,0,0
103900010,3,30,-27
103900012,0,0,0
103900014,0,0,0
103900015,0,0,0
103900017,0,14,-14
103900018,36,4,32
103900019,0,0,0
103900020,0,0,0
103900021,0,0,0
103900022,2,42,-40
103900023,0,0,0
103900024,0,0,0
103900025,0,0,0
103900026,0,0,0
103900027,0,0,0
103900028,1,27,-26
103900029,6,14,-8
103900030,0,0,0
103900031,0,0,0
103900032,0,0,0
103900033,0,0,0
103900034,0,22,-22
103900035,1,2,-1
103900036,0,0,0
103900037,0,0,0
103900038,0,0,0
103900039,0,70,-70
103900040,1,6,-5
103900041,0,0,0
103900042,0,79,-79
103900043,0,0,0
103900044,0,0,0
103900045,0,0,0
103900047,0,3,-3
103900048,0,0,0
103900049,0,0,0
103900050,0,44,-44
103900051,0,3,-3
103900052,5,17,-12
103900053,1,51,-50
103900054,0,0,0
103900055,1,9,-8
103900056,1,10,-9
103900057,0,0,0
103900058,0,39,-39
103900059,0,0,0
103900060,0,0,0
103900061,0,0,0
103900062,1,5,-4
103900063,0,0,0
103900064,0,0,0
103900065,71,12,59
103900066,0,0,0
103900067,0,0,0
103900068,0,0,0
103900069,0,0,0
103900070,0,0,0
103900071,0,9,-9
103900072,0,35,-35
103900073,0,0,0
103900074,0,0,0
103900075,0,0,0
103900076,3,24,-21
103900077,0,0,0
103900078,0,0,0
103900079,0,0,0
103900080,0,0,0
103900081,0,0,0
103900082,0,0,0
103900083,0,0,0
103900084,0,0,0
103900085,0,0,0
103900086,0,0,0
103900088,0,0,0
103900089,0,0,0
103900090,0,0,0
103900091,0,0,0
103900092,0,11,-11
103900093,0,0,0
103900094,0,0,0
103900095,1,1,0
103900096,0,0,0
103900097,0,0,0
103900098,2,1,1
103900099,0,0,0
103900100,0,28,-28
103900101,0,0,0
103900102,0,0,0
103900104,0,0,0
103900105,0,4,-4
103900106,0,0,0
103900107,0,0,0
103900108,5,81,-76
103900109,0,0,0
103900110,1,2,-1
103900111,1,52,-51
103900112,0,0,0
103900113,8,9,-1
103900114,12,19,-7
103900115,14,1,13
103900116,153,0,153
103900117,32,4,28
103900119,0,0,0
103900120,0,0,0
103900122,0,35,-35
103900123,14,11,3
103900124,1,73,-72
103900125,3,4,-1
103900126,0,0,0
103900127,6,44,-38
103900128,8,33,-25
103900131,0,7,-7
103900133,0,0,0
103900134,0,0,0
103900135,0,0,0
103900137,0,0,0
103900138,0,0,0
103900139,0,45,-45
103900140,0,0,0
103900141,0,0,0
103900142,0,0,0
103900143,0,0,0
103900144,0,0,0
103900145,0,0,0
103900146,0,0,0
103900147,1,16,-15
103900148,6,34,-28
103900149,0,0,0
103900150,0,21,-21
103900151,0,0,0
103900152,0,0,0
103900153,0,0,0
103900154,23,2,21
103900155,0,0,0
103900156,0,0,0
103900157,0,0,0
103900158,0,0,0
103900159,0,0,0
103900160,0,0,0
103900161,0,0,0
103900162,34,36,-2
103900163,0,0,0
103900167,0,0,0
103900168,0,0,0
103900169,0,0,0
103900170,0,0,0
103900171,0,0,0
103900172,0,0,0
103900173,0,0,0
103900174,0,0,0
103900175,0,0,0
103900176,0,0,0
103900177,0,0,0
103900178,0,1,-1
103900179,0,2,-2
103900180,0,0,0
103900181,0,0,0
103900182,0,0,0
103900184,0,0,0
103900185,0,0,0
103900187,1,0,1
103900188,0,0,0
103900189,2,0,2
103900190,0,0,0
103900191,0,0,0
103900192,0,0,0
103900193,0,0,0
103900194,0,0,0
103900195,0,0,0
103900196,0,0,0
103900197,0,0,0
103900198,0,0,0
103900199,0,0,0
103900200,0,0,0
103900201,0,0,0
103900202,0,0,0
103900203,4,0,4
103900204,0,0,0
103900207,0,0,0
103900208,0,0,0
103900209,0,0,0
103900210,0,0,0
103900211,1,0,1
103900212,2,57,-55
103900213,68,178,-110
103900214,44,15,29
103900215,779,168,611
103900216,0,1,-1
103900217,0,0,0
103900218,0,0,0
103900219,0,0,0
103900233,0,0,0
103900235,0,0,0
103900236,0,0,0
103900242,0,0,0
103900243,0,0,0
103900244,0,0,0
103900245,0,0,0
103900246,0,0,0
103900247,0,0,0
103900248,0,0,0
103900249,0,0,0
103900250,0,0,0
103900251,0,0,0
103900253,0,0,0
103900254,0,0,0
103900255,0,0,0
103900256,0,0,0
103900257,0,0,0
103900258,0,0,0
103900259,0,0,0
103900261,0,0,0
103900262,0,0,0
103900263,0,0,0
103900264,0,0,0
103900265,0,0,0
103900266,0,0,0
103900267,0,8,-8
103900268,0,1,-1
103900269,3,0,3
103900270,1,1,0
103900271,0,0,0
103900272,0,0,0
103900273,0,0,0
103900274,0,0,0
103900275,0,0,0
103900276,0,0,0
103900277,0,0,0
103900278,0,0,0
103900279,0,0,0
103900280,0,0,0
104000001,440,543,-103
104000002,433,605,-172
104000003,358,631,-273
104000004,2070,668,1402
104000005,144,303,-159
104000006,411,639,-228
104000007,628,835,-207
104000008,417,448,-31
104000009,9,39,-30
104000010,0,0,0
104000011,303,337,-34
104000012,23,223,-200
104000013,0,0,0
104000014,57,272,-215
104000015,0,0,0
104000016,64,171,-107
104000018,23,9,14
104000019,32,15,17
104000020,0,10,-10
104000021,22,10,12
104000022,5,9,-4
104000023,49,38,11
104000024,11,6,5
104000026,2,1,1
104000027,54,200,-146
104000028,49,34,15
104000029,121,288,-167
104000030,18,49,-31
104000031,1,4,-3
104000032,9,182,-173
104000033,8,4,4
104000034,44,198,-154
104000035,8,12,-4
104000036,15,11,4
104000037,52,111,-59
104000038,42,28,14
104000039,5,24,-19
104000040,31,9,22
104000041,38,25,13
104000042,15,58,-43
104000043,63,44,19
104000044,39,77,-38
104000045,63,131,-68
104000046,123,113,10
104000047,2,15,-13
104000048,35,71,-36
104000049,8,6,2
104000050,1,13,-12
104000051,33,195,-162
104000052,129,298,-169
104000053,98,134,-36
104000054,12,42,-30
104000055,433,286,147
104000056,91,106,-15
104000057,28,218,-190
104000058,189,165,24
104000059,40,196,-156
104000060,93,183,-90
104000061,74,164,-90
104000062,1,1,0
104000064,67,21,46
104000065,1,7,-6
104000069,179,31,148
104000070,3,1,2
104000071,24,165,-141
104000072,1,6,-5
104000075,0,0,0
104000076,0,0,0
104000082,274,467,-193
104000083,39,11,28
104000084,5,38,-33
104000085,3,7,-4
104000086,9,36,-27
104000087,4,38,-34
104000090,44,209,-165
104000092,29,349,-320
104000094,34,371,-337
104000095,418,408,10
104000096,0,29,-29
104000097,0,0,0
104000098,0,0,0
104000100,0,0,0
104000101,82,291,-209
104000106,1,6,-5
104000107,31,128,-97
104000108,27,45,-18
104000109,0,0,0
104000110,52,66,-14
104000111,57,103,-46
104000112,93,33,60
104000116,0,351,-351
104000117,2,122,-120
104000118,11,23,-12
104000119,6,27,-21
104000120,2,90,-88
104000121,8,38,-30
104000122,39,93,-54
104000123,146,316,-170
104000124,219,378,-159
104000125,320,123,197
104000126,9,61,-52
104000127,469,888,-419
104000128,29,58,-29
104000129,16,9,7
104000130,0,27,-27
104000131,739,650,89
104000132,373,667,-294
104000133,182,180,2
104000134,229,181,48
104000135,58,109,-51
104000136,436,249,187
104000137,716,126,590
104000138,316,83,233
104000139,2224,405,1819
104000141,212,393,-181
104000142,72,395,-323
104000143,123,406,-283
104000144,0,0,0
104000145,0,0,0
104000146,149,494,-345
104000147,46,175,-129
104000148,0,0,0
104000149,46,148,-102
104000150,0,0,0
104000151,65,207,-142
104000152,72,327,-255
104000153,0,0,0
104000154,272,196,76
104000155,0,0,0
104000157,130,392,-262
104000158,59,67,-8
104000159,54,30,24
104000160,612,202,410
104000161,0,0,0
104000162,0,0,0
104000165,0,0,0
104000167,10,69,-59
104000168,0,0,0
104000169,0,0,0
104000170,188,19,169
104000248,1,82,-81
104000251,19,66,-47
104000272,5,0,5
104000273,6,2,4
104000274,5,0,5
104000275,20,1,19
104000279,61,31,30
104000290,18,94,-76
104000291,114,176,-62
104000293,12,20,-8
104000294,0,0,0
104000295,102,288,-186
104000296,20,147,-127
104000297,385,560,-175
104000298,341,135,206
104000299,129,346,-217
104000302,3,2,1
104000303,114,120,-6
104900001,0,0,0
104900002,0,0,0
104900003,0,0,0
104900004,0,0,0
104900005,0,0,0
104900006,0,0,0
104900007,0,3,-3
104900009,0,0,0
104900010,0,0,0
104900011,0,0,0
104900012,0,0,0
104900013,0,0,0
104900014,0,0,0
104900015,0,0,0
104900016,0,0,0
104900017,0,0,0
104900018,0,0,0
104900019,0,0,0
104900020,0,0,0
104900021,0,0,0
104900022,0,0,0
104900023,0,0,0
104900024,0,0,0
104900025,0,0,0
104900026,0,0,0
104900027,0,0,0
104900028,0,0,0
104900029,0,0,0
104900030,0,0,0
104900031,0,0,0
104900032,0,0,0
104900033,0,0,0
104900034,0,0,0
104900035,0,0,0
104900036,0,0,0
104900037,0,0,0
104900038,0,0,0
104900039,0,0,0
104900040,0,0,0
104900041,0,0,0
104900042,0,0,0
104900043,0,0,0
104900044,0,0,0
104900045,0,0,0
104900046,0,0,0
104900047,0,0,0
104900048,0,0,0
104900049,0,0,0
104900050,0,0,0
104900051,0,0,0
104900052,0,0,0
104900053,0,0,0
104900054,0,0,0
104900055,0,0,0
104900056,0,0,0
104900057,0,0,0
104900058,0,0,0
104900059,0,0,0
104900061,0,0,0
104900063,0,0,0
104900064,0,0,0
104900065,0,0,0
104900066,0,0,0
104900067,0,0,0
104900068,0,0,0
104900070,0,0,0
104900071,1,63,-62
104900072,0,0,0
104900073,0,0,0
104900074,0,0,0
104900075,0,0,0
104900076,0,0,0
104900077,0,0,0
104900078,0,0,0
104900079,0,0,0
104900080,0,0,0
104900082,0,0,0
104900085,0,0,0
104900089,0,0,0
104900091,0,0,0
104900093,0,0,0
104900097,0,0,0
104900098,0,0,0
104900099,0,0,0
104900100,0,0,0
104900102,0,0,0
104900103,0,0,0
104900106,0,0,0
104900107,0,0,0
104900108,0,0,0
104900109,0,0,0
104900110,0,0,0
104900111,0,0,0
104900112,0,0,0
104900113,3,4,-1
104900114,0,0,0
104900115,1,6,-5
104900116,0,0,0
104900118,0,0,0
104900119,0,0,0
104900120,0,0,0
104900121,0,0,0
104900122,0,0,0
104900123,0,0,0
104900124,0,0,0
104900125,0,0,0
104900126,0,0,0
104900127,0,0,0
104900128,0,0,0
104900129,0,0,0
105000001,316,523,-207
105000002,177,287,-110
105000003,278,416,-138
105000004,75,242,-167
105000005,95,205,-110
105000006,63,212,-149
105000007,52,196,-144
105000008,37,327,-290
105000009,102,159,-57
105000010,516,748,-232
105000011,150,169,-19
105000012,881,1164,-283
105000013,108,108,0
105000014,129,92,37
105000015,917,306,611
105000016,696,376,320
105000017,289,151,138
105000018,137,173,-36
105000019,7,3,4
105000020,9,111,-102
105000021,0,1,-1
105000022,0,0,0
105000023,0,0,0
105000028,16,35,-19
105000029,61,62,-1
105000030,795,1095,-300
105000031,0,0,0
105000033,306,929,-623
105000034,0,2,-2
105000037,20,18,2
105000038,90,67,23
105000039,895,822,73
105000040,12,26,-14
105000041,129,557,-428
105000042,106,67,39
105000043,471,995,-524
105000044,36,10,26
105000045,34,293,-259
105000046,29,12,17
105000047,51,457,-406
105000048,5,4,1
105000049,50,193,-143
105000050,0,0,0
105000051,56,185,-129
105000052,2,39,-37
105000053,11,64,-53
105000054,2,56,-54
105000055,6,44,-38
105000056,9,124,-115
105000057,72,139,-67
105000058,108,132,-24
105000059,17,35,-18
105000060,51,107,-56
105000061,9,17,-8
105000062,124,182,-58
105000063,55,161,-106
105000064,44,48,-4
105000065,37,172,-135
105000066,104,283,-179
105000067,49,40,9
105000068,94,127,-33
105000069,241,76,165
105000070,31,71,-40
105000071,0,0,0
105000072,66,16,50
105000073,16,8,8
105000074,92,301,-209
105000075,78,159,-81
105000076,242,191,51
105000077,575,159,416
105000078,181,148,33
105000079,327,659,-332
105000080,47,24,23
105000081,258,202,56
105000082,17,69,-52
105000083,8,6,2
105000084,59,237,-178
105000085,21,29,-8
105000086,98,196,-98
105000087,126,456,-330
105000088,32,9,23
105000089,640,810,-170
105000090,317,425,-108
105000091,562,754,-192
105000092,94,224,-130
105000093,28,43,-15
105000094,11,7,4
105000095,3,65,-62
105000096,1,2,-1
105000097,89,133,-44
105000098,0,0,0
105000099,94,170,-76
105000100,157,175,-18
105000101,157,204,-47
105000102,128,208,-80
105000103,81,205,-124
105000104,96,107,-11
105000105,25,176,-151
105000106,49,164,-115
105000107,45,32,13
105000108,119,50,69
105000109,93,162,-69
105000110,31,12,19
105000111,17,43,-26
105000112,143,21,122
105000113,8,32,-24
105000114,0,0,0
105000115,44,48,-4
105000116,18,16,2
105000117,59,116,-57
105000118,3,10,-7
105000119,36,108,-72
105000120,16,2,14
105000121,61,111,-50
105000122,22,38,-16
105000123,75,149,-74
105000124,51,128,-77
105000125,55,182,-127
105000126,130,261,-131
105000127,100,186,-86
105000128,11,148,-137
105000129,32,48,-16
105000130,0,0,0
105000131,30,66,-36
105000132,0,0,0
105000133,46,174,-128
105000134,0,0,0
105000135,53,124,-71
105000136,17,88,-71
105000137,0,0,0
105000138,53,69,-16
105000139,105,145,-40
105000140,0,0,0
105000141,16,105,-89
105000142,0,0,0
105000143,29,137,-108
105000144,36,202,-166
105000145,0,0,0
105000146,90,159,-69
105000147,0,0,0
105000148,0,0,0
105000149,0,0,0
105000150,300,321,-21
105000151,20,20,0
105000152,9,90,-81
105000153,30,15,15
105000154,39,105,-66
105000155,13,14,-1
105000156,33,102,-69
105000157,56,216,-160
105000158,61,45,16
105000159,48,192,-144
105000160,40,26,14
105000161,44,257,-213
105000162,9,30,-21
105000163,95,116,-21
105000164,75,25,50
105000165,55,143,-88
105000166,568,29,539
105000167,132,85,47
105000168,3,131,-128
105000169,38,112,-74
105000170,0,0,0
105000171,60,11,49
105000172,0,0,0
105000173,0,0,0
105000174,0,0,0
105000175,5,33,-28
105000176,3,7,-4
105000177,0,13,-13
105000178,0,0,0
105000179,8,21,-13
105000180,4,27,-23
105000181,0,0,0
105000182,1,12,-11
105000183,8,1,7
105000184,304,338,-34
105000185,151,58,93
105000186,60,357,-297
105000187,76,47,29
105000188,10,17,-7
105000189,19,149,-130
105000190,0,0,0
105000191,59,168,-109
105000192,21,57,-36
105000193,40,36,4
105000194,14,27,-13
105000195,21,174,-153
105000196,6,18,-12
105000197,13,107,-94
105000198,117,59,58
105000199,33,35,-2
105000200,5,22,-17
105000201,2,8,-6
105000203,2,36,-34
105000204,31,22,9
105000205,13,23,-10
105000207,105,79,26
105000208,0,0,0
105000209,40,129,-89
105000211,0,0,0
105000212,60,135,-75
105000213,0,0,0
105000214,0,0,0
105000215,3,41,-38
105000216,21,138,-117
105000217,21,125,-104
105000218,4,116,-112
105000221,7,13,-6
105000222,3,5,-2
105000223,5,33,-28
105000226,0,0,0
105000227,0,0,0
105000228,2,49,-47
105000229,0,0,0
105000231,0,0,0
105000233,81,41,40
105000234,144,522,-378
105000235,2,16,-14
105000237,0,0,0
105000243,1,0,1
105000248,15,41,-26
105000262,9,120,-111
105000269,4,10,-6
105000270,23,22,1
105000271,0,9,-9
105000282,0,2,-2
105000287,11,3,8
105000288,6,54,-48
105000289,93,164,-71
105000290,0,0,0
105000402,214,82,132
105000426,42,40,2
105000438,83,50,33
105000440,0,0,0
105000446,875,890,-15
105000447,1000,585,415
105000454,1,25,-24
105000455,0,0,0
105000474,0,0,0
105000477,0,0,0
105000478,87,134,-47
105000479,0,17,-17
105000480,314,279,35
105000481,530,287,243
105000482,1140,897,243
105000483,326,301,25
105000484,359,836,-477
105000485,477,598,-121
105000486,727,874,-147
105000488,432,598,-166
105000489,63,97,-34
105000549,0,0,0
105000550,101,266,-165
105000551,0,0,0
105000552,1346,602,744
105000555,53,23,30
105000556,1,0,1
105000557,0,0,0
105900001,0,0,0
105900002,1,6,-5
105900003,0,4,-4
105900004,63,11,52
105900005,1,15,-14
105900006,0,0,0
105900007,0,0,0
105900008,0,66,-66
105900009,0,0,0
105900011,0,0,0
105900012,0,0,0
105900013,0,0,0
105900014,0,0,0
105900015,6,24,-18
105900016,0,0,0
105900017,0,0,0
105900018,19,9,10
105900019,0,0,0
105900020,1,2,-1
105900021,0,0,0
105900022,4,6,-2
105900023,0,0,0
105900024,0,0,0
105900025,0,0,0
105900026,3,1,2
105900027,0,0,0
105900028,0,17,-17
105900029,6,48,-42
105900030,20,35,-15
105900031,14,23,-9
105900032,1,19,-18
105900033,0,32,-32
105900034,2,33,-31
105900035,6,10,-4
105900036,0,7,-7
105900037,5,10,-5
105900038,1,13,-12
105900039,1,5,-4
105900040,8,29,-21
105900041,6,16,-10
105900042,1,21,-20
105900043,11,0,11
105900044,0,7,-7
105900045,0,16,-16
105900046,0,38,-38
105900047,0,8,-8
105900048,0,52,-52
105900050,0,0,0
105900051,0,0,0
105900052,0,0,0
105900053,186,19,167
105900054,18,10,8
105900056,0,0,0
105900057,0,0,0
105900058,0,0,0
105900059,0,0,0
106000001,240,87,153
106000002,401,826,-425
106000003,350,274,76
106000004,346,479,-133
106000005,327,332,-5
106000006,1098,954,144
106000007,134,41,93
106000008,154,194,-40
106000009,99,22,77
106000010,133,242,-109
106000011,40,53,-13
106000012,137,438,-301
106000013,147,114,33
106000014,429,543,-114
106000015,72,135,-63
106000016,523,679,-156
106000017,169,160,9
106000018,388,421,-33
106000019,25,39,-14
106000020,33,207,-174
106000021,62,63,-1
106000022,129,149,-20
106000023,31,47,-16
106000024,101,233,-132
106000025,58,36,22
106000026,151,220,-69
106000027,48,57,-9
106000028,132,353,-221
106000029,375,671,-296
106000030,64,50,14
106000034,130,161,-31
106000035,48,83,-35
106000036,43,81,-38
106000037,249,275,-26
106000038,0,0,0
106000039,0,0,0
106000040,35,209,-174
106000041,63,60,3
106000043,0,0,0
106000046,0,0,0
106000047,3,52,-49
106000049,9,9,0
106000050,38,294,-256
106000051,1,21,-20
106000052,21,227,-206
106000053,0,0,0
106000054,87,206,-119
106000055,0,0,0
106000056,81,308,-227
106000057,0,0,0
106000058,16,115,-99
106000059,0,3,-3
106000060,100,265,-165
106000061,6,4,2
106000062,68,266,-198
106000063,2,2,0
106000064,7,167,-160
106000065,1,4,-3
106000066,8,115,-107
106000067,0,5,-5
106000068,4,187,-183
106000069,1,4,-3
106000070,25,182,-157
106000071,8,11,-3
106000072,360,389,-29
106000073,287,184,103
106000074,29,166,-137
106000075,46,165,-119
106000076,67,260,-193
106000077,271,305,-34
106000078,95,272,-177
106000079,41,169,-128
106000080,148,294,-146
106000081,22,161,-139
106000082,316,337,-21
106000083,25,189,-164
106000084,70,309,-239
106000085,45,183,-138
106000086,30,122,-92
106000087,81,183,-102
106000088,3,169,-166
106000089,65,168,-103
106000090,0,204,-204
106000091,62,105,-43
106000092,0,19,-19
106000093,0,0,0
106000094,31,70,-39
106000095,17,125,-108
106000096,14,122,-108
106000097,80,178,-98
106000098,7,234,-227
106000099,6,242,-236
106000100,8,27,-19
106000101,4,19,-15
106000102,0,124,-124
106000103,7,67,-60
106000104,65,58,7
106000105,40,92,-52
106000106,34,49,-15
106000107,10,69,-59
106000108,41,39,2
106000109,7,62,-55
106000110,17,22,-5
106000111,8,75,-67
106000112,11,17,-6
106000113,51,46,5
106000114,75,23,52
106000115,25,68,-43
106000116,32,29,3
106000117,118,112,6
106000118,79,108,-29
106000119,282,207,75
106000120,0,0,0
106000121,3,5,-2
106000122,1,15,-14
106000123,7,11,-4
106000124,4,23,-19
106000125,0,35,-35
106000126,3,1,2
106000127,7,60,-53
106000128,2,3,-1
106000129,36,99,-63
106000130,0,0,0
106000131,19,91,-72
106000132,0,0,0
106000133,386,185,201
106000134,0,0,0
106000135,30,181,-151
106000136,0,0,0
106000137,11,304,-293
106000138,0,0,0
106000139,0,0,0
106000140,6,88,-82
106000141,4,77,-73
106000142,0,0,0
106000143,5,108,-103
106000144,0,0,0
106000145,17,172,-155
106000146,0,0,0
106000147,74,121,-47
106000148,61,198,-137
106000149,36,98,-62
106000150,61,236,-175
106000151,448,122,326
106000152,78,66,12
106000153,18,80,-62
106000154,93,9,84
106000155,2,5,-3
106000156,24,30,-6
106000157,51,248,-197
106000158,228,46,182
106000159,445,231,214
106000160,9,157,-148
106000161,169,104,65
106000162,10,58,-48
106000163,21,107,-86
106000164,45,30,15
106000165,25,156,-131
106000166,42,48,-6
106000167,36,256,-220
106000168,9,39,-30
106000169,25,138,-113
106000170,21,35,-14
106000171,3,150,-147
106000172,202,152,50
106000173,89,349,-260
106000174,12,70,-58
106000175,34,220,-186
106000176,26,53,-27
106000177,60,396,-336
106000178,112,112,0
106000179,118,398,-280
106000180,166,367,-201
106000181,26,396,-370
106000182,32,118,-86
106000183,36,116,-80
106000184,56,86,-30
106000185,40,146,-106
106000186,75,31,44
106000187,16,167,-151
106000188,0,2,-2
106000189,0,0,0
106000190,0,0,0
106000191,20,43,-23
106000192,0,28,-28
106000193,18,14,4
106000194,16,70,-54
106000195,11,12,-1
106000196,2,46,-44
106000197,18,35,-17
106000198,12,83,-71
106000199,104,45,59
106000200,56,39,17
106000201,35,31,4
106000202,551,74,477
106000203,6,42,-36
106000204,0,0,0
106000205,3,32,-29
106000206,0,0,0
106000207,24,268,-244
106000208,9,0,9
106000209,8,20,-12
106000210,13,311,-298
106000211,104,496,-392
106000212,1,3,-2
106000213,46,269,-223
106000214,196,20,176
106000215,9,35,-26
106000216,39,42,-3
106000217,8,47,-39
106000218,31,37,-6
106000219,9,40,-31
106000220,17,21,-4
106000221,7,70,-63
106000222,0,0,0
106000223,0,0,0
106000224,8,60,-52
106000225,0,0,0
106000226,10,74,-64
106000228,3,95,-92
106000229,5,195,-190
106000231,3,4,-1
106000232,1,97,-96
106000233,2,3,-1
106000234,2,63,-61
106000235,4,0,4
106000236,6,10,-4
106000237,1,1,0
106000238,0,0,0
106000239,0,4,-4
106000240,0,0,0
106000241,4,232,-228
106000242,3,0,3
106000249,0,0,0
106000250,3,95,-92
106000251,0,0,0
106000252,3,32,-29
106000253,0,0,0
106000254,5,20,-15
106000255,0,0,0
106000256,16,14,2
106000257,24,39,-15
106000258,0,0,0
106000259,0,5,-5
106000260,0,0,0
106000261,0,28,-28
106000262,0,0,0
106000263,0,15,-15
106000264,0,0,0
106000265,15,36,-21
106000266,0,0,0
106000267,0,14,-14
106000268,0,0,0
106000269,11,6,5
106000270,16,145,-129
106000271,0,0,0
106000272,4,10,-6
106000273,0,3,-3
106000274,27,1,26
106000275,0,2,-2
106000276,15,5,10
106000277,0,0,0
106000278,14,2,12
106000279,0,7,-7
106000280,4,10,-6
106000281,26,13,13
106000282,12,8,4
106000283,5,7,-2
106000284,3,15,-12
106000285,7,14,-7
106000286,8,23,-15
106000287,0,12,-12
106000288,3,19,-16
106000289,2,7,-5
106000290,2,11,-9
106000291,2,4,-2
106000292,3,18,-15
106000293,5,9,-4
106000294,12,6,6
106000295,4,3,1
106000296,2,13,-11
106000297,11,14,-3
106000298,11,10,1
106000299,0,10,-10
106000300,1,19,-18
106000301,6,37,-31
106000303,0,0,0
106000304,5,5,0
106000305,0,0,0
106000306,6,10,-4
106000307,0,0,0
106000308,5,15,-10
106000309,2,3,-1
106000310,13,73,-60
106000311,7,8,-1
106000312,21,24,-3
106000313,17,13,4
106000318,16,26,-10
106000319,57,0,57
106000320,0,0,0
106000321,0,0,0
106000322,2,36,-34
106000324,0,0,0
106000325,66,29,37
106000326,266,603,-337
106000327,0,0,0
106000328,0,0,0
106000329,5,23,-18
106000330,9,26,-17
106000428,17,42,-25
106000429,11,91,-80
106000430,52,250,-198
106000431,47,32,15
106000432,239,459,-220
106000433,133,110,23
106000434,164,46,118
106000435,477,643,-166
106000436,5,67,-62
106000437,0,0,0
106000438,0,0,0
106000439,11,87,-76
106000440,21,57,-36
106000441,0,0,0
106000442,0,0,0
106000443,3,25,-22
106000450,5,57,-52
106000451,0,0,0
106000454,0,10,-10
106000455,4,62,-58
106000456,0,0,0
106000457,5,283,-278
106000458,0,0,0
106000459,10,100,-90
106000460,0,0,0
106000461,11,424,-413
106000462,1,5,-4
106000463,0,0,0
106000464,6,148,-142
106000465,0,0,0
106000466,2,177,-175
106000467,145,123,22
106000468,0,0,0
106000469,0,0,0
106000470,52,140,-88
106000471,1,100,-99
106000472,0,0,0
106000473,6,0,6
106000474,177,253,-76
106000475,50,29,21
106000476,12,19,-7
106000477,5,97,-92
106000480,0,32,-32
106900001,0,0,0
106900002,0,0,0
106900003,0,0,0
106900004,0,0,0
106900006,0,0,0
106900007,0,1,-1
106900008,0,0,0
106900009,0,0,0
106900010,0,0,0
106900012,0,0,0
106900013,0,0,0
106900014,0,0,0
106900015,0,0,0
106900016,0,0,0
106900017,0,0,0
106900018,0,0,0
106900019,0,0,0
106900020,0,0,0
106900021,0,0,0
106900022,0,0,0
106900023,0,0,0
106900024,0,0,0
106900025,0,0,0
106900026,0,0,0
106900027,0,0,0
107000001,276,302,-26
107000002,586,1163,-577
107000003,535,670,-135
107000004,1321,2141,-820
107000005,168,364,-196
107000006,782,1979,-1197
107000007,557,591,-34
107000008,5239,4494,745
107000009,357,442,-85
107000010,8022,4232,3790
107000011,311,301,10
107000012,469,635,-166
107000013,65,142,-77
107000014,5,88,-83
107000015,74,336,-262
107000016,69,406,-337
107000017,210,92,118
107000018,0,49,-49
107000020,65,50,15
107000021,157,265,-108
107000022,61,280,-219
107000023,268,101,167
107000024,66,622,-556
107000025,29,70,-41
107000026,24,195,-171
107000027,282,83,199
107000028,200,266,-66
107000029,230,127,103
107000030,262,656,-394
107000031,135,173,-38
107000032,6,31,-25
107000033,360,799,-439
107000034,476,390,86
107000035,5,1,4
107000036,45,118,-73
107000037,1,21,-20
107000038,43,109,-66
107000039,0,0,0
107000040,21,133,-112
107000041,134,66,68
107000042,98,412,-314
107000043,197,81,116
107000044,113,221,-108
107000045,11,112,-101
107000046,38,50,-12
107000047,48,231,-183
107000048,49,73,-24
107000049,31,177,-146
107000050,29,79,-50
107000051,55,84,-29
107000052,141,45,96
107000053,8,18,-10
107000054,12,81,-69
107000055,103,30,73
107000056,84,284,-200
107000057,264,59,205
107000058,0,0,0
107000059,257,965,-708
107000060,33,27,6
107000061,821,1091,-270
107000062,27,34,-7
107000063,543,1209,-666
107000064,27,57,-30
107000065,744,1489,-745
107000066,18,27,-9
107000067,25,32,-7
107000068,0,0,0
107000069,0,0,0
107000070,0,1,-1
107000071,0,0,0
107000072,3,504,-501
107000073,0,0,0
107000074,28,305,-277
107000075,0,0,0
107000076,131,611,-480
107000077,0,0,0
107000078,151,929,-778
107000079,0,0,0
107000080,156,817,-661
107000081,12,3,9
107000082,48,402,-354
107000083,3,3,0
107000084,152,938,-786
107000085,353,380,-27
107000086,794,909,-115
107000087,231,271,-40
107000088,341,635,-294
107000089,61,92,-31
107000090,149,321,-172
107000091,87,92,-5
107000092,198,351,-153
107000093,53,145,-92
107000094,360,475,-115
107000095,0,0,0
107000096,218,297,-79
107000097,0,0,0
107000098,120,277,-157
107000099,0,0,0
107000100,42,112,-70
107000101,0,0,0
107000102,100,132,-32
107000103,0,0,0
107000104,41,122,-81
107000105,2,0,2
107000106,17,90,-73
107000107,6,2,4
107000108,30,207,-177
107000109,0,0,0
107000110,6,115,-109
107000111,0,0,0
107000112,5,110,-105
107000113,0,0,0
107000114,9,137,-128
107000115,0,0,0
107000116,2,200,-198
107000117,0,0,0
107000118,15,46,-31
107000119,80,28,52
107000120,231,188,43
107000121,23,14,9
107000122,107,253,-146
107000123,17,15,2
107000124,29,297,-268
107000125,19,11,8
107000126,70,338,-268
107000129,21,297,-276
107000130,0,0,0
107000131,54,209,-155
107000132,0,0,0
107000133,3,2,1
107000134,0,0,0
107000135,0,6,-6
107000136,7,1,6
107000137,1,9,-8
107000138,6,0,6
107000139,0,17,-17
107000140,35,1,34
107000141,12,50,-38
107000142,6,3,3
107000143,7,48,-41
107000144,7,1,6
107000145,7,18,-11
107000146,1,0,1
107000147,392,42,350
107000150,25,11,14
107000151,1,7,-6
107000152,1,40,-39
107000153,6,28,-22
107000154,24,5,19
107000155,22,0,22
107000156,39,0,39
107000157,2,200,-198
107000158,19,1,18
107000159,1,95,-94
107000160,17,5,12
107000161,6,82,-76
107000162,14,18,-4
107000163,2,6,-4
107000164,0,0,0
107000165,0,0,0
107000166,10,208,-198
107000167,12,30,-18
107000168,80,10,70
107000169,64,310,-246
107000170,49,16,33
107000171,47,512,-465
107000172,20,27,-7
107000173,67,466,-399
107000174,90,141,-51
107000175,1123,586,537
107000176,0,0,0
107000177,0,0,0
107000178,0,0,0
107000179,33,612,-579
107000180,0,0,0
107000181,51,323,-272
107000182,2,48,-46
107000183,15,254,-239
107000184,6,72,-66
107000185,25,327,-302
107000186,0,0,0
107000187,51,24,27
107000188,49,55,-6
107000189,8,24,-16
107000190,55,125,-70
107000191,25,65,-40
107000192,116,97,19
107000193,1,1,0
107000194,148,85,63
107000197,0,0,0
107000198,54,202,-148
107000199,132,204,-72
107000200,0,0,0
107000201,34,74,-40
107000202,0,0,0
107000203,125,130,-5
107000204,14,3,11
107000205,977,445,532
107000206,0,0,0
107000207,16,17,-1
107000208,18,10,8
107000209,36,3,33
107000210,145,23,122
107000211,0,0,0
107000212,0,46,-46
107000213,0,0,0
107000214,0,11,-11
107000215,2,7,-5
107000216,0,16,-16
107000217,2,7,-5
107000219,3,4,-1
107000220,0,26,-26
107000222,38,134,-96
107000224,0,0,0
107000225,29,75,-46
107000226,0,0,0
107000227,7,78,-71
107000228,8,16,-8
107000229,4,5,-1
107000230,244,241,3
107000231,6,20,-14
107000232,0,0,0
107000233,14,14,0
107000234,0,0,0
107000235,0,1,-1
107000236,8,219,-211
107000237,0,0,0
107000238,0,1,-1
107000239,35,4,31
107000240,5,175,-170
107000243,0,37,-37
107000244,5,42,-37
107000246,3,467,-464
107000249,0,197,-197
107000251,1,30,-29
107000252,1,298,-297
107000255,28,14,14
107000257,0,53,-53
107000258,0,8,-8
107000259,1,17,-16
107000260,0,0,0
107000262,0,52,-52
107000263,0,0,0
107000266,0,0,0
107000267,2,4,-2
107000268,9,4,5
107000269,0,0,0
107000270,0,2,-2
107000271,0,79,-79
107000272,2,51,-49
107000273,1,33,-32
107000274,6,1,5
107000275,6,71,-65
107000280,21,2,19
107000281,1,65,-64
107000282,1,154,-153
107000290,1,3,-2
107000291,0,0,0
107000292,0,13,-13
107000293,0,0,0
107000294,0,14,-14
107000295,0,0,0
107000296,0,0,0
107000444,26,0,26
107000496,0,0,0
107000497,167,822,-655
107000500,0,0,0
107000501,0,0,0
107000502,0,0,0
107000505,59,220,-161
107000506,0,0,0
107000508,1,137,-136
107000509,16,9,7
107000510,0,0,0
107000514,1,13,-12
107000515,1,25,-24
107000516,0,0,0
107000518,0,0,0
107000519,203,603,-400
107000520,0,0,0
107000521,117,150,-33
107000522,1,48,-47
107900001,0,8,-8
107900002,0,0,0
107900003,6,7,-1
107900004,0,0,0
107900005,20,0,20
107900006,0,0,0
107900007,1,0,1
107900008,3,2,1
107900009,0,0,0
107900010,0,0,0
107900012,4,0,4
107900013,15,2,13
107900014,0,0,0
107900015,38,0,38
107900016,15,1,14
107900017,0,0,0
107900018,0,1,-1
107900019,0,10,-10
107900020,0,0,0
107900021,0,10,-10
107900023,0,0,0
107900024,0,0,0
107900025,6,6,0
107900026,1,17,-16
107900027,0,0,0
107900028,0,10,-10
107900030,5,0,5
107900031,8,32,-24
107900032,0,0,0
107900033,0,0,0
107900034,13,1,12
107900035,15,0,15
107900036,0,0,0
107900037,0,0,0
107900038,4,4,0
107900039,0,6,-6
107900040,0,0,0
107900041,0,0,0
107900043,0,15,-15
107900044,0,2,-2
107900045,2,0,2
107900046,4,6,-2
107900047,0,0,0
107900048,6,0,6
107900049,18,14,4
107900050,7,17,-10
107900051,0,7,-7
107900052,0,0,0
107900053,0,7,-7
107900055,7,12,-5
107900056,1,0,1
107900057,0,0,0
107900058,1,45,-44
107900060,0,0,0
107900061,0,0,0
107900063,1,8,-7
107900064,6,1,5
107900065,4,1,3
107900066,0,0,0
107900067,0,0,0
107900068,4,1,3
107900069,0,3,-3
107900070,0,0,0
107900071,1,55,-54
107900072,0,9,-9
107900073,0,0,0
107900074,0,0,0
107900076,1,4,-3
107900077,0,0,0
107900079,1,2,-1
107900080,8,6,2
107900081,0,0,0
107900082,0,0,0
107900083,3,2,1
107900084,1,4,-3
107900086,6,3,3
107900087,49,4,45
107900088,0,0,0
107900089,34,58,-24
107900090,29,27,2
107900091,3,16,-13
107900093,0,0,0
107900095,146,45,101
107900097,1,4,-3
107900098,0,2,-2
107900100,106,33,73
107900101,106,7,99
107900102,0,0,0
107900103,5,9,-4
107900104,0,0,0
107900105,0,79,-79
107900106,1,201,-200
107900107,55,25,30
107900108,3,0,3
107900109,0,0,0
107900110,0,8,-8
107900111,0,150,-150
107900112,2,44,-42
107900113,0,0,0
107900114,0,16,-16
107900115,0,0,0
107900116,0,20,-20
107900117,9,36,-27
107900118,7,19,-12
107900119,1,2,-1
107900120,0,0,0
107900121,0,1,-1
107900122,0,0,0
107900123,0,1,-1
107900124,0,2,-2
107900125,0,21,-21
107900126,0,2,-2
107900127,53,8,45
107900128,1,1,0
107900129,0,6,-6
107900130,0,0,0
107900131,9,6,3
107900132,4,42,-38
107900133,0,1,-1
107900134,0,0,0
107900135,0,27,-27
107900136,2,0,2
107900137,1,2,-1
107900138,0,4,-4
107900139,0,0,0
107900141,2,1,1
107900142,34,69,-35
107900143,2,1,1
107900144,1,24,-23
107900145,0,3,-3
107900146,1,9,-8
107900147,0,1,-1
107900148,11,27,-16
107900149,146,9,137
107900150,8,74,-66
107900151,0,13,-13
107900152,1,10,-9
107900153,3,4,-1
107900154,0,0,0
107900155,0,0,0
107900156,0,11,-11
107900157,1,16,-15
107900158,17,2,15
107900159,11,119,-108
107900160,0,15,-15
107900161,1,46,-45
107900162,0,2,-2
107900163,0,1,-1
107900164,0,0,0
107900165,4,1,3
107900166,2,62,-60
107900167,0,0,0
107900168,0,3,-3
107900169,0,9,-9
107900171,0,206,-206
107900172,0,43,-43
107900173,0,48,-48
107900174,4,0,4
107900175,0,0,0
107900176,0,10,-10
107900177,0,4,-4
107900178,0,28,-28
107900179,0,26,-26
107900180,5,0,5
107900181,47,62,-15
107900182,1,194,-193
107900183,0,64,-64
107900184,0,0,0
107900185,2,1,1
107900186,0,0,0
107900187,0,16,-16
107900188,36,5,31
107900189,2,11,-9
107900190,7,0,7
107900191,3,15,-12
107900193,2,21,-19
107900194,3,1,2
107900195,284,22,262
107900196,0,0,0
107900197,10,0,10
107900199,0,121,-121
107900201,6,21,-15
107900203,3,10,-7
107900204,26,42,-16
107900206,4,2,2
107900207,0,108,-108
107900208,0,75,-75
107900209,33,10,23
107900210,7,5,2
107900213,19,33,-14
107900214,0,26,-26
107900215,14,35,-21
107900216,2,2,0
107900217,0,0,0
107900218,2,117,-115
107900219,0,10,-10
107900220,11,7,4
107900221,50,39,11
107900223,0,0,0
107900224,10,48,-38
107900225,0,59,-59
107900226,0,7,-7
107900227,22,41,-19
107900228,0,23,-23
107900229,0,64,-64
107900230,0,17,-17
107900231,0,0,0
107900232,1,27,-26
107900233,0,19,-19
107900234,9,34,-25
107900235,5,12,-7
107900236,3,36,-33
107900237,8,94,-86
107900238,0,0,0
107900239,118,62,56
107900240,1,17,-16
107900241,0,3,-3
107900242,1,76,-75
107900243,0,3,-3
107900244,0,0,0
107900245,4,0,4
107900246,0,0,0
107900248,4,24,-20
107900249,0,0,0
107900250,0,59,-59
107900251,1,124,-123
107900252,0,0,0
107900253,0,0,0
107900254,1,5,-4
107900255,41,3,38
107900256,6,38,-32
107900257,0,1,-1
107900258,0,13,-13
107900259,0,4,-4
107900261,1,48,-47
107900262,0,0,0
107900264,0,0,0
107900265,1,13,-12
107900267,0,0,0
107900268,0,0,0
107900269,0,0,0
107900270,0,0,0
107900271,0,0,0
107900272,0,0,0
107900273,0,5,-5
107900274,0,0,0
107900275,0,0,0
107900276,0,5,-5
107900277,0,23,-23
107900278,0,25,-25
107900279,5,3,2
107900280,0,37,-37
107900281,127,48,79
107900282,5,28,-23
107900283,22,8,14
107900284,5,146,-141
107900285,0,18,-18
107900286,1,1,0
107900287,3,3,0
107900290,0,14,-14
107900291,15,0,15
107900292,1,19,-18
107900293,3,33,-30
107900295,0,20,-20
107900297,0,63,-63
107900298,48,68,-20
107900299,495,59,436
107900301,6,24,-18
107900302,2,2,0
107900303,1,30,-29
107900304,4,81,-77
107900305,5,0,5
107900306,0,0,0
107900307,3,51,-48
107900308,21,0,21
107900309,0,0,0
107900310,0,0,0
107900311,4,0,4
107900312,0,0,0
107900313,0,2,-2
107900314,0,8,-8
107900315,0,5,-5
107900316,0,0,0
107900317,5,0,5
107900318,3,10,-7
107900319,1,23,-22
107900320,0,10,-10
107900321,0,0,0
107900322,0,22,-22
107900323,0,13,-13
107900324,1,0,1
107900325,1,0,1
107900326,0,90,-90
107900327,0,0,0
107900328,0,0,0
107900329,0,0,0
107900330,0,32,-32
107900331,0,0,0
107900332,5,1,4
107900333,1,0,1
107900334,3,41,-38
107900335,4,14,-10
107900336,0,3,-3
107900337,155,29,126
107900338,0,24,-24
107900339,1,17,-16
107900340,0,14,-14
107900341,0,0,0
107900342,5,17,-12
107900343,0,0,0
107900344,0,22,-22
107900345,0,3,-3
107900346,0,0,0
107900347,0,0,0
107900348,0,0,0
107900349,0,0,0
107900350,7,30,-23
107900351,0,16,-16
107900352,0,7,-7
107900353,0,0,0
107900354,0,13,-13
108000001,366,331,35
108000002,816,1269,-453
108000003,315,238,77
108000004,4580,5755,-1175
108000005,309,243,66
108000006,894,2607,-1713
108000007,336,382,-46
108000008,1149,2201,-1052
108000009,137,425,-288
108000010,648,2032,-1384
108000011,1218,720,498
108000012,4887,5801,-914
108000014,11,44,-33
108000015,3,27,-24
108000016,51,262,-211
108000017,4,23,-19
108000018,2,26,-24
108000019,1,46,-45
108000020,0,0,0
108000021,71,503,-432
108000022,65,314,-249
108000023,0,0,0
108000024,9,144,-135
108000025,0,0,0
108000026,14,107,-93
108000027,4,121,-117
108000028,5,47,-42
108000029,8,226,-218
108000030,5,55,-50
108000031,10,206,-196
108000032,0,0,0
108000033,134,365,-231
108000034,0,0,0
108000035,137,900,-763
108000036,46,443,-397
108000037,79,18,61
108000038,53,13,40
108000039,76,605,-529
108000040,20,13,7
108000041,210,740,-530
108000042,1,34,-33
108000043,10,187,-177
108000044,0,41,-41
108000045,14,202,-188
108000046,0,0,0
108000047,62,388,-326
108000048,26,295,-269
108000049,29,13,16
108000050,28,209,-181
108000051,10,4,6
108000052,13,133,-120
108000053,12,14,-2
108000054,62,182,-120
108000055,33,19,14
108000056,264,480,-216
108000057,17,45,-28
108000058,26,184,-158
108000059,540,331,209
108000060,0,14,-14
108000061,57,144,-87
108000062,22,6,16
108000063,21,130,-109
108000064,0,0,0
108000065,77,117,-40
108000066,202,44,158
108000067,36,23,13
108000068,0,0,0
108000069,74,423,-349
108000070,0,0,0
108000071,60,678,-618
108000072,0,0,0
108000073,146,571,-425
108000074,0,0,0
108000075,25,268,-243
108000076,0,0,0
108000077,100,282,-182
108000078,23,15,8
108000079,112,365,-253
108000080,8,7,1
108000081,237,972,-735
108000082,148,384,-236
108000083,9,4,5
108000084,39,277,-238
108000085,1,0,1
108000086,107,177,-70
108000087,0,18,-18
108000088,9,0,9
108000089,13,25,-12
108000091,13,237,-224
108000092,2,0,2
108000093,46,237,-191
108000094,0,0,0
108000095,50,179,-129
108000096,0,0,0
108000097,38,205,-167
108000098,27,75,-48
108000099,31,31,0
108000100,11,32,-21
108000101,0,0,0
108000102,49,156,-107
108000106,0,0,0
108000107,0,129,-129
108000108,0,0,0
108000109,0,176,-176
108000110,11,46,-35
108000111,45,381,-336
108000112,0,0,0
108000113,25,25,0
108000115,38,26,12
108000117,52,61,-9
108000118,7,85,-78
108000119,27,168,-141
108000120,3,79,-76
108000121,4,133,-129
108000122,17,38,-21
108000123,5,0,5
108000124,13,104,-91
108000125,4,2,2
108000126,12,219,-207
108000127,4,2,2
108000128,24,259,-235
108000129,18,366,-348
108000130,2,3,-1
108000131,0,6,-6
108000132,214,302,-88
108000133,2,1,1
108000134,131,421,-290
108000135,6,2,4
108000136,86,1081,-995
108000137,0,0,0
108000138,15,89,-74
108000139,0,0,0
108000140,18,6,12
108000141,8,38,-30
108000142,30,52,-22
108000143,5,62,-57
108000144,4,3,1
108000145,7,38,-31
108000146,3,4,-1
108000147,3,54,-51
108000148,5,1,4
108000149,7,22,-15
108000150,2,1,1
108000151,6,0,6
108000152,10,39,-29
108000153,1,1,0
108000154,7,14,-7
108000155,3,3,0
108000156,78,17,61
108000157,1,9,-8
108000158,19,62,-43
108000159,4,0,4
108000160,300,181,119
108000161,116,152,-36
108000165,0,0,0
108000172,0,0,0
108000173,178,19,159
108000175,1,62,-61
108000178,121,150,-29
108000179,0,0,0
108000181,2,4,-2
108000182,10,3,7
108000183,1,31,-30
108000184,39,113,-74
108000185,1,113,-112
108000186,5,28,-23
108000187,2,78,-76
108000188,0,10,-10
108000189,18,31,-13
108000190,14,92,-78
108000192,8,96,-88
108000193,111,7,104
108000194,0,1,-1
108000195,2,477,-475
108000196,0,24,-24
108000198,66,63,3
108000199,1,56,-55
108000200,7,27,-20
108000203,3,185,-182
108000204,17,2,15
108000205,53,29,24
108000339,33,18,15
108000364,26,19,7
108000365,0,26,-26
108000367,4,17,-13
108000368,0,15,-15
108000369,113,13,100
108000371,0,174,-174
108000372,0,0,0
108000373,0,0,0
108000376,11,1,10
108000377,5,1,4
108000378,1466,782,684
108000379,4,42,-38
108000381,0,0,0
108000382,0,1,-1
108000383,1,16,-15
108900001,13,35,-22
108900002,2,1,1
108900003,19,63,-44
108900004,49,32,17
108900007,2,5,-3
108900008,1,8,-7
108900009,1,7,-6
108900010,2,10,-8
108900011,4,38,-34
108900012,6,52,-46
108900013,3,26,-23
108900014,0,9,-9
108900015,0,2,-2
108900016,0,18,-18
108900017,4,5,-1
108900018,2,44,-42
108900019,0,104,-104
108900020,0,17,-17
108900021,3,20,-17
108900022,0,0,0
108900023,0,0,0
108900024,0,19,-19
108900025,0,0,0
108900026,0,8,-8
108900027,0,14,-14
108900028,0,52,-52
108900029,0,14,-14
108900030,0,26,-26
108900031,1,38,-37
108900032,0,15,-15
108900033,0,11,-11
108900034,0,18,-18
108900035,1,189,-188
108900038,0,36,-36
108900039,0,20,-20
108900040,0,11,-11
108900041,279,66,213
108900042,0,10,-10
108900043,4,19,-15
108900044,0,69,-69
108900045,0,32,-32
108900046,1,43,-42
108900047,0,19,-19
108900048,6,34,-28
108900049,163,13,150
108900050,0,19,-19
108900051,0,26,-26
108900052,0,29,-29
108900053,0,0,0
108900054,1,10,-9
108900055,0,25,-25
108900056,0,34,-34
108900057,0,30,-30
108900058,2,33,-31
108900059,2,0,2
108900060,0,0,0
108900061,1,0,1
108900062,0,61,-61
108900063,0,16,-16
108900064,0,1,-1
108900065,0,12,-12
108900066,0,0,0
108900067,0,34,-34
108900068,0,3,-3
108900069,0,5,-5
108900070,1,6,-5
108900071,0,0,0
108900072,0,0,0
108900073,1,24,-23
108900074,0,11,-11
108900075,1,7,-6
108900076,0,0,0
108900077,2,23,-21
108900078,0,5,-5
108900079,7,0,7
108900080,0,0,0
108900081,8,29,-21
108900082,0,2,-2
108900083,0,0,0
108900085,44,4,40
108900086,0,12,-12
108900087,5,4,1
108900088,0,0,0
108900089,0,0,0
108900090,0,11,-11
108900091,6,2,4
108900092,0,0,0
108900093,0,0,0
108900094,2,0,2
108900095,1,19,-18
108900096,22,0,22
108900097,0,77,-77
108900098,1,0,1
108900099,0,41,-41
108900100,2,10,-8
108900101,0,0,0
108900102,0,7,-7
108900103,0,0,0
108900105,0,0,0
108900106,1,52,-51
108900108,0,0,0
108900109,0,0,0
108900110,1,46,-45
108900111,4,66,-62
108900113,0,1,-1
108900114,0,0,0
108900115,0,0,0
108900116,0,0,0
108900117,0,0,0
108900118,0,0,0
108900119,0,0,0
108900120,0,0,0
108900121,0,0,0
108900122,0,0,0
108900123,0,0,0
108900124,0,0,0
108900125,0,0,0
108900126,1,0,1
108900127,0,0,0
108900128,0,0,0
108900129,0,0,0
108900130,0,0,0
108900131,0,0,0
108900132,0,0,0
108900133,0,0,0
108900134,0,0,0
108900135,0,0,0
108900136,0,0,0
108900137,1,0,1
108900138,0,0,0
108900140,0,0,0
108900141,0,0,0
108900142,0,0,0
108900143,0,0,0
108900144,0,0,0
108900145,0,0,0
108900146,0,0,0
108900147,2,0,2
108900148,0,0,0
108900150,0,0,0
108900151,0,0,0
108900152,0,0,0
108900153,0,12,-12
108900154,0,0,0
108900156,0,0,0
108900157,0,23,-23
108900158,0,1,-1
108900159,1,13,-12
108900160,0,18,-18
108900161,0,24,-24
108900162,0,0,0
108900163,0,0,0
108900164,1,8,-7
108900168,224,11,213
108900169,1,4,-3
108900171,119,85,34
108900172,0,0,0
108900173,11,8,3
108900174,0,0,0
108900176,2,21,-19
108900177,465,57,408
108900178,93,4,89
108900180,0,0,0
108900183,7,16,-9
108900184,0,2,-2
108900185,7,12,-5
108900186,2,28,-26
108900189,0,0,0
108900190,2,187,-185
108900192,1,14,-13
108900195,1,21,-20
108900196,3,42,-39
108900199,8,15,-7
108900200,25,16,9
108900201,9,84,-75
108900203,3,1,2
108900204,3,1,2
108900205,1,0,1
108900206,0,0,0
108900207,0,0,0
108900208,12,20,-8
108900209,18,57,-39
108900210,3,0,3
108900211,0,1,-1
108900212,5,17,-12
108900215,1,52,-51
108900216,0,3,-3
108900217,0,0,0
108900218,0,0,0
108900221,0,4,-4
108900224,1,1,0
108900225,0,14,-14
108900227,0,0,0
108900230,17,14,3
108900232,0,25,-25
108900233,0,0,0
108900234,0,0,0
108900235,2,29,-27
108900236,0,12,-12
108900240,0,3,-3
108900241,0,0,0
108900245,0,0,0
108900250,0,18,-18
108900258,0,4,-4
108900259,2,1,1
108900260,0,3,-3
108900261,4,10,-6
108900262,1,1,0
108900263,0,0,0
108900264,1,0,1
108900265,1,1,0
108900266,2,0,2
108900267,0,0,0
108900268,0,0,0
108900269,0,0,0
108900270,0,0,0
108900271,0,0,0
108900272,0,0,0
108900273,1,0,1
108900274,1,6,-5
109000001,351,71,280
109000002,1365,311,1054
109000003,169,81,88
109000004,203,950,-747
109000005,128,103,25
109000006,204,847,-643
109000007,89,71,18
109000008,114,696,-582
109000009,467,143,324
109000010,439,1147,-708
109000011,303,183,120
109000012,490,1521,-1031
109000013,303,165,138
109000014,302,1479,-1177
109000015,579,338,241
109000016,1309,2079,-770
109000017,238,142,96
109000018,350,2218,-1868
109000019,256,124,132
109000020,498,986,-488
109000023,0,0,0
109000024,0,18,-18
109000025,133,25,108
109000026,29,28,1
109000027,19,43,-24
109000028,3,6,-3
109000029,34,20,14
109000030,3,113,-110
109000031,0,0,0
109000032,3,122,-119
109000033,0,0,0
109000034,2,5,-3
109000035,0,0,0
109000036,20,76,-56
109000037,8,41,-33
109000038,187,67,120
109000039,94,12,82
109000040,0,0,0
109000041,646,186,460
109000042,44,156,-112
109000044,8,18,-10
109000045,22,127,-105
109000046,1,8,-7
109000047,20,227,-207
109000048,62,12,50
109000049,66,356,-290
109000050,6,34,-28
109000051,112,151,-39
109000052,17,223,-206
109000053,17,58,-41
109000054,3,69,-66
109000055,6,18,-12
109000056,14,46,-32
109000057,10,27,-17
109000058,136,39,97
109000059,10,56,-46
109000060,15,2,13
109000061,160,59,101
109000062,6,3,3
109000063,27,25,2
109000064,5,1,4
109000065,5,35,-30
109000066,3,0,3
109000067,6,38,-32
109000068,0,0,0
109000069,0,0,0
109000070,0,191,-191
109000071,109,4,105
109000072,8,53,-45
109000073,6,37,-31
109000074,1,25,-24
109000075,15,270,-255
109000076,0,16,-16
109000077,29,69,-40
109000078,1,25,-24
109000079,9,42,-33
109000080,4,25,-21
109000081,3,65,-62
109000082,6,31,-25
109000083,7,143,-136
109000088,7,40,-33
109000089,7,0,7
109000090,52,56,-4
109000091,20,5,15
109000092,35,114,-79
109000093,41,12,29
109000094,6,1,5
109000095,3,120,-117
109000096,22,0,22
109000097,2,9,-7
109000098,0,0,0
109000099,25,21,4
109000100,23,181,-158
109000101,44,66,-22
109000102,17,318,-301
109000103,23,65,-42
109000104,85,54,31
109000105,24,437,-413
109000106,107,41,66
109000107,41,445,-404
109000108,51,49,2
109000109,50,445,-395
109000110,95,68,27
109000111,190,433,-243
109000112,13,24,-11
109000113,18,85,-67
109000114,1,60,-59
109000115,49,21,28
109000116,0,71,-71
109000117,0,7,-7
109000118,0,94,-94
109000119,21,26,-5
109000120,8,303,-295
109000121,9,12,-3
109000122,4,282,-278
109000123,1,18,-17
109000124,30,67,-37
109000125,32,81,-49
109000126,65,356,-291
109000127,31,29,2
109000128,39,637,-598
109000129,5,28,-23
109000130,128,679,-551
109000131,70,44,26
109000132,143,408,-265
109000133,26,263,-237
109000134,101,591,-490
109000135,153,432,-279
109000136,9,11,-2
109000137,42,39,3
109000138,22,14,8
109000139,21,65,-44
109000140,2,36,-34
109000141,10,72,-62
109000142,14,35,-21
109000143,17,0,17
109000145,9,5,4
109000146,0,0,0
109000148,552,63,489
109000149,23,9,14
109000150,0,0,0
109000155,22,123,-101
109000156,174,87,87
109000158,7,84,-77
109000159,4,57,-53
109000160,74,100,-26
109000161,5,177,-172
109000162,145,194,-49
109000163,27,174,-147
109000164,132,400,-268
109000165,31,73,-42
109000166,39,20,19
109000167,9,59,-50
109000170,0,0,0
109000171,0,0,0
109000172,0,0,0
109000173,0,1,-1
109000174,0,0,0
109000175,0,0,0
109000176,16,87,-71
109000177,0,0,0
109000178,22,14,8
109000179,631,124,507
109000180,786,342,444
109000181,6,7,-1
109000182,4,13,-9
109000183,0,8,-8
109000184,18,21,-3
109000185,0,5,-5
109000188,4,90,-86
109000189,47,124,-77
109000190,65,193,-128
109000191,0,0,0
109000192,2,12,-10
109000193,9,89,-80
109000194,1,8,-7
109000195,6,57,-51
109000196,0,4,-4
109000197,11,117,-106
109000198,1,4,-3
109000199,2,91,-89
109000206,8,8,0
109000207,5,6,-1
109000208,16,9,7
109000209,4,10,-6
109000210,26,35,-9
109000211,6,20,-14
109000214,12,55,-43
109000215,0,3,-3
109000216,14,27,-13
109000217,12,6,6
109000218,18,6,12
109000221,8,103,-95
109000222,34,4,30
109000223,29,62,-33
109000224,1,28,-27
109000225,5,23,-18
109000226,21,83,-62
109000227,27,71,-44
109000228,0,85,-85
109000231,0,87,-87
109000232,7,101,-94
109000236,21,352,-331
109000241,136,336,-200
109000242,36,137,-101
109000293,1,18,-17
109000361,5,28,-23
109000364,6,31,-25
109000396,0,148,-148
109000397,14,0,14
109000399,39,67,-28
109000400,5,97,-92
109000403,4,23,-19
109000406,16,4,12
109000407,10,9,1
109000408,0,94,-94
109000410,126,44,82
109000411,0,0,0
109000412,0,11,-11
109900001,0,0,0
109900002,0,0,0
109900003,0,0,0
109900005,0,0,0
109900006,0,3,-3
109900007,0,97,-97
109900008,0,2,-2
109900009,3,125,-122
109900010,0,0,0
109900011,3,3,0
109900012,11,2,9
109900013,10,8,2
109900014,5,3,2
109900015,6,6,0
109900016,3,5,-2
109900017,3,5,-2
109900018,1,18,-17
109900019,3,8,-5
109900020,0,0,0
109900021,0,0,0
109900022,0,22,-22
109900023,0,0,0
109900024,0,0,0
109900025,0,9,-9
109900027,1,0,1
109900028,174,14,160
109900029,0,20,-20
109900030,1,0,1
109900031,0,5,-5
109900032,0,35,-35
109900033,0,1,-1
109900034,0,0,0
109900035,2,1,1
109900036,0,12,-12
109900037,1,60,-59
109900038,0,0,0
109900039,0,0,0
109900040,0,95,-95
109900041,0,32,-32
109900042,2,45,-43
109900044,3,9,-6
109900045,0,0,0
109900046,4,2,2
109900047,8,27,-19
109900048,1,6,-5
109900049,0,2,-2
109900050,0,35,-35
109900051,0,5,-5
109900052,1,19,-18
109900053,2,56,-54
109900054,0,0,0
109900055,2,24,-22
109900056,0,0,0
109900057,1,14,-13
109900058,0,6,-6
109900060,0,0,0
109900061,2,42,-40
109900062,0,23,-23
109900064,6,3,3
109900065,7,12,-5
109900066,8,112,-104
109900067,0,35,-35
109900068,0,0,0
109900069,0,4,-4
109900071,0,2,-2
109900072,0,8,-8
109900073,0,33,-33
109900074,0,10,-10
109900075,0,0,0
109900076,2,166,-164
109900077,2,7,-5
109900078,2,17,-15
109900080,3,18,-15
109900081,0,4,-4
109900082,0,28,-28
109900083,1,12,-11
109900084,0,5,-5
109900085,3,55,-52
109900086,0,0,0
109900087,0,15,-15
109900089,0,0,0
109900092,0,0,0
109900093,0,0,0
109900094,0,5,-5
109900095,0,3,-3
109900096,0,0,0
109900097,0,0,0
109900098,0,0,0
109900099,0,0,0
109900100,0,0,0
109900101,0,0,0
109900102,0,0,0
109900103,1,3,-2
109900104,0,174,-174
109900105,0,0,0
109900106,0,0,0
109900107,0,0,0
109900108,2,101,-99
109900109,1,24,-23
109900111,3,67,-64
109900114,0,0,0
109900115,0,0,0
109900117,0,0,0
109900121,23,4,19
109900123,0,6,-6
109900125,0,10,-10
109900126,0,5,-5
109900130,198,5,193
109900131,0,0,0
109900132,0,0,0
109900134,0,0,0
109900135,22,4,18
109900137,0,0,0
109900140,1,49,-48
109900149,1,1,0
109900150,0,11,-11
109900151,0,5,-5
109900152,0,3,-3
109900153,0,1,-1
109900154,0,0,0
109900155,2,0,2
109900157,7,15,-8
109900159,3,4,-1
109900161,2,2,0
109900162,5,5,0
109900163,13,5,8
109900164,2,34,-32
109900165,6,1,5
109900166,0,15,-15
109900167,1,67,-66
109900168,4,75,-71
109900169,13,35,-22
109900170,18,27,-9
109900171,0,8,-8
109900172,9,7,2
109900173,341,45,296
109900174,0,3,-3
109900175,11,17,-6
109900176,9,23,-14
109900177,4,45,-41
109900178,0,12,-12
109900179,0,0,0
109900180,0,0,0
110000001,119,238,-119
110000002,65,67,-2
110000003,1201,387,814
110000004,159,81,78
110000005,407,154,253
110000006,96,136,-40
110000007,2,17,-15
110000008,1,9,-8
110000009,0,0,0
110000010,1,26,-25
110000011,0,14,-14
110000012,194,131,63
110000013,3,28,-25
110000014,116,38,78
110000015,1,4,-3
110000016,34,77,-43
110000017,81,24,57
110000018,197,53,144
110000019,1,42,-41
110000020,40,52,-12
110000021,16,9,7
110000022,25,2,23
110000023,2,38,-36
110000024,131,192,-61
110000025,9,1,8
110000026,0,67,-67
110000027,74,37,37
110000028,10,16,-6
110000029,77,196,-119
110000030,5,9,-4
110000031,27,148,-121
110000032,5,10,-5
110000033,8,4,4
110000034,76,206,-130
110000035,9,43,-34
110000036,34,106,-72
110000037,2,31,-29
110000038,36,67,-31
110000039,66,77,-11
110000040,94,72,22
110000041,0,0,0
110000042,18,51,-33
110000043,0,0,0
110000044,2,26,-24
110000045,0,0,0
110000046,0,1,-1
110000047,0,0,0
110000048,0,1,-1
110000049,0,0,0
110000050,1,0,1
110000051,0,0,0
110000052,0,0,0
110000053,0,0,0
110000054,0,4,-4
110000055,0,0,0
110000056,0,0,0
110000057,54,188,-134
110000058,20,25,-5
110000059,119,283,-164
110000060,64,78,-14
110000061,357,458,-101
110000062,196,176,20
110000063,27,20,7
110000064,0,0,0
110000065,4,20,-16
110000066,4,10,-6
110000067,0,0,0
110000068,0,2,-2
110000069,5,22,-17
110000071,6,8,-2
110000073,0,3,-3
110000075,1,37,-36
110000076,19,4,15
110000077,34,12,22
110000078,1,4,-3
110000080,33,207,-174
110000081,3,42,-39
110000082,4,41,-37
110000083,55,194,-139
110000084,28,55,-27
110000085,836,350,486
110000086,55,167,-112
110000087,0,22,-22
110000088,0,115,-115
110000089,0,10,-10
110000090,6,41,-35
110000091,228,56,172
110000092,0,6,-6
110000093,57,1,56
110000094,64,150,-86
110000095,10,95,-85
110000096,607,437,170
110000097,156,117,39
110000098,79,68,11
110000099,87,325,-238
110000100,2,106,-104
110000101,1,84,-83
110000102,6,4,2
110000104,4,8,-4
110000105,5,27,-22
110000106,18,8,10
110000107,17,10,7
110000108,57,0,57
110000109,27,200,-173
110000110,468,3,465
110000111,604,331,273
110000112,99,24,75
110000113,63,33,30
110000114,6,31,-25
110000115,4,20,-16
110000116,3,11,-8
110000117,2,71,-69
110000118,37,12,25
110000119,11,69,-58
110000120,20,14,6
110000121,13,44,-31
110000122,416,176,240
110000123,14,35,-21
110000124,1,244,-243
110000125,0,0,0
110000126,0,0,0
110000127,0,0,0
110000128,4,262,-258
110000129,1,226,-225
110000130,0,0,0
110000131,29,312,-283
110000132,2,307,-305
110000133,9,42,-33
110000134,12,54,-42
110000135,0,0,0
110000136,7,64,-57
110000137,1,37,-36
110000138,18,139,-121
110000139,23,74,-51
110000140,0,0,0
110000143,12,34,-22
110000144,563,208,355
110000145,161,95,66
110000146,291,98,193
110000147,17,149,-132
110000148,0,0,0
110000151,88,147,-59
110000152,762,147,615
110000153,0,14,-14
110000154,1,3,-2
110000155,293,629,-336
110000156,77,355,-278
110000157,188,478,-290
110000160,29,40,-11
110000161,37,58,-21
110000166,1,5,-4
110000167,46,68,-22
110000168,69,22,47
110000169,10,17,-7
110000170,2,7,-5
110000171,19,25,-6
110000172,22,247,-225
110000173,137,283,-146
110000174,9,223,-214
110000175,0,0,0
110000176,0,0,0
110000177,0,25,-25
110000178,279,104,175
110000179,206,84,122
110000180,13,57,-44
110000181,19,66,-47
110000182,84,62,22
110000183,776,485,291
110000184,60,117,-57
110000185,57,237,-180
110000186,151,76,75
110000191,4,63,-59
110000192,6,0,6
110000193,3,0,3
110000194,1,261,-260
110000195,5,17,-12
110000196,17,61,-44
110000197,0,12,-12
110000198,4,1,3
110000199,6,16,-10
110000200,60,127,-67
110000201,26,58,-32
110000202,57,71,-14
110000203,21,158,-137
110000204,0,59,-59
110000205,3,4,-1
110000206,8,208,-200
110000207,16,67,-51
110000208,0,11,-11
110000209,32,166,-134
110000210,0,0,0
110000211,0,0,0
110000212,31,83,-52
110000213,2,5,-3
110000214,4,11,-7
110000215,13,109,-96
110000216,5,87,-82
110000217,9,27,-18
110000218,14,117,-103
110000219,5,8,-3
110000220,7,57,-50
110000221,9,5,4
110000222,3,48,-45
110000223,3,7,-4
110000224,4,3,1
110000225,11,112,-101
110000226,2,7,-5
110000227,35,59,-24
110000228,19,4,15
110000229,0,51,-51
110000230,59,64,-5
110000231,7,25,-18
110000232,5,56,-51
110000233,1,20,-19
110000234,2,64,-62
110000235,23,84,-61
110000236,101,371,-270
110000237,252,321,-69
110000238,18,133,-115
110000239,116,296,-180
110000240,0,17,-17
110000242,0,18,-18
110000243,12,33,-21
110000244,7,73,-66
110000245,2,135,-133
110000246,21,63,-42
110000247,103,78,25
110000248,0,0,0
110000249,0,0,0
110000250,0,9,-9
110000251,3,26,-23
110000252,19,43,-24
110000253,13,6,7
110000254,108,291,-183
110000255,9,209,-200
110000256,5,5,0
110000257,34,50,-16
110000258,1,34,-33
110000259,7,2,5
110000260,1,62,-61
110000263,68,17,51
110000264,14,50,-36
110000265,275,186,89
110000266,181,252,-71
110000267,2,43,-41
110000268,1,43,-42
110000269,1,25,-24
110000270,0,0,0
110000271,11,10,1
110000272,94,360,-266
110000273,183,400,-217
110000274,7,133,-126
110000275,252,65,187
110000276,30,130,-100
110000277,6,30,-24
110000278,35,99,-64
110000279,7,83,-76
110000280,1,49,-48
110000281,0,38,-38
110000282,3,9,-6
110000283,0,5,-5
110000284,2,5,-3
110000285,0,66,-66
110000286,0,0,0
110000287,0,0,0
110000288,0,21,-21
110000289,18,328,-310
110000290,168,219,-51
110000291,24,5,19
110000292,208,281,-73
110000293,41,406,-365
110000294,58,174,-116
110000295,107,352,-245
110000296,11,104,-93
110000297,190,106,84
110000298,66,92,-26
110000299,0,0,0
110000301,0,0,0
110000302,17,245,-228
110000303,0,0,0
110000304,16,68,-52
110000305,10,0,10
110000306,11,350,-339
110000307,3,0,3
110000308,0,1,-1
110000309,6,276,-270
110000310,13,7,6
110000311,6,500,-494
110000312,25,2,23
110000313,216,438,-222
110000314,0,66,-66
110000315,432,413,19
110000316,206,525,-319
110000317,88,114,-26
110000318,0,27,-27
110000319,0,0,0
110000320,4,21,-17
110000321,0,1,-1
110000322,1,19,-18
110000323,32,107,-75
110000324,837,296,541
110000325,9,31,-22
110000327,1,35,-34
110000328,59,253,-194
110000333,2,2,0
110000334,27,122,-95
110000335,30,57,-27
110000336,43,318,-275
110000337,15,41,-26
110000338,3,21,-18
110000339,13,48,-35
110000340,2,34,-32
110000341,37,399,-362
110000342,0,0,0
110000343,0,16,-16
110000344,3,33,-30
110000345,1,0,1
110000346,386,267,119
110000347,218,30,188
110000348,0,9,-9
110000349,0,4,-4
110000350,0,0,0
110000351,37,129,-92
110000352,34,476,-442
110000353,295,149,146
110000354,137,823,-686
110000355,0,18,-18
110000356,0,0,0
110000357,42,3,39
110000361,0,11,-11
110000362,2,6,-4
110000363,5,14,-9
110000364,0,37,-37
110000365,0,0,0
110000366,0,29,-29
110000367,29,28,1
110000368,0,16,-16
110000369,0,0,0
110000373,0,52,-52
110000374,0,0,0
110000375,2,179,-177
110000376,16,49,-33
110000377,0,0,0
110000378,4,114,-110
110000379,507,193,314
110000380,3,3,0
110000383,0,131,-131
110000384,0,25,-25
110000385,0,139,-139
110000387,0,7,-7
110000388,9,87,-78
110000389,0,5,-5
110000391,1,68,-67
110000396,8,26,-18
110000397,1,5,-4
110000398,1,6,-5
110000399,0,1,-1
110000587,2,0,2
110000589,2,2,0
110000640,18,11,7
110000652,3,4,-1
110000653,28,128,-100
110000654,0,1,-1
110000656,0,132,-132
110000674,4,6,-2
110000675,0,6,-6
110000676,0,15,-15
110000679,225,110,115
110000682,0,0,0
110000683,4,7,-3
110000684,0,18,-18
110000685,0,0,0
110000686,1,10,-9
110000687,0,0,0
110000688,29,7,22
110000689,4,10,-6
110000692,3,11,-8
110000693,5,68,-63
110000694,0,119,-119
110000695,29,349,-320
110000696,0,0,0
110000698,104,91,13
110000699,192,269,-77
110900001,0,1,-1
110900002,0,10,-10
110900003,1,111,-110
110900004,0,47,-47
110900005,139,9,130
110900006,0,0,0
110900007,0,0,0
110900008,0,3,-3
110900009,0,0,0
110900010,0,2,-2
110900011,0,6,-6
110900012,0,6,-6
110900013,0,0,0
110900014,0,0,0
110900015,0,0,0
110900016,0,16,-16
110900017,0,0,0
110900018,0,0,0
110900019,0,0,0
110900020,0,55,-55
110900021,7,89,-82
110900022,6,44,-38
110900023,2,35,-33
110900024,2,93,-91
110900025,0,9,-9
110900027,1,11,-10
110900028,4,17,-13
110900029,8,59,-51
110900030,0,20,-20
110900031,0,27,-27
110900032,0,9,-9
110900033,7,19,-12
110900035,3,24,-21
110900036,2,0,2
110900037,0,2,-2
110900038,29,4,25
110900039,1,17,-16
110900040,11,0,11
110900041,0,22,-22
110900042,0,0,0
110900043,0,48,-48
110900044,0,0,0
110900045,1,54,-53
110900046,8,33,-25
110900047,0,0,0
110900049,0,0,0
110900050,0,1,-1
110900051,2,15,-13
110900052,0,18,-18
110900053,0,0,0
110900054,0,26,-26
110900055,0,0,0
110900056,7,3,4
110900057,0,24,-24
110900058,0,0,0
110900059,29,99,-70
110900060,3,0,3
110900061,4,1,3
110900062,0,0,0
110900063,0,6,-6
110900064,0,0,0
110900065,14,6,8
110900066,0,1,-1
110900067,0,0,0
110900068,14,18,-4
110900069,0,1,-1
110900070,5,2,3
110900071,0,0,0
110900073,1,4,-3
110900074,0,6,-6
110900075,2,1,1
110900077,0,0,0
110900078,0,19,-19
110900079,92,27,65
110900080,0,0,0
110900081,0,37,-37
110900082,0,0,0
110900083,0,0,0
110900084,0,38,-38
110900085,6,44,-38
110900086,0,0,0
110900087,0,0,0
110900088,0,0,0
110900090,0,0,0
110900091,0,0,0
110900093,0,0,0
110900095,0,2,-2
110900097,0,1,-1
110900098,1,6,-5
110900099,0,34,-34
110900100,0,7,-7
110900102,1,1,0
110900105,24,20,4
110900108,0,7,-7
110900111,6,2,4
110900112,0,0,0
110900113,0,0,0
110900115,0,0,0
110900116,12,348,-336
110900118,3,16,-13
110900119,509,14,495
110900120,0,19,-19
110900121,0,0,0
110900122,0,3,-3
110900125,1,1,0
110900127,28,82,-54
110900128,10,48,-38
110900129,0,0,0
110900130,54,6,48
110900131,0,0,0
110900132,3,0,3
110900133,2,32,-30
110900135,3,42,-39
110900136,0,0,0
110900138,0,0,0
110900139,0,0,0
110900140,0,0,0
110900141,0,26,-26
110900142,0,21,-21
110900143,0,0,0
110900144,0,138,-138
110900145,0,0,0
110900146,9,0,9
110900147,33,68,-35
110900148,0,44,-44
110900149,1,14,-13
110900150,3,1,2
110900151,1,15,-14
110900152,3,44,-41
110900153,0,0,0
111000001,317,119,198
111000002,326,308,18
111000003,45,49,-4
111000004,148,387,-239
111000005,92,89,3
111000006,263,526,-263
111000007,388,324,64
111000008,891,612,279
111000009,185,382,-197
111000010,92,95,-3
111000011,656,567,89
111000012,212,100,112
111000013,121,488,-367
111000014,128,128,0
111000017,26,107,-81
111000018,32,104,-72
111000020,289,872,-583
111000021,0,0,0
111000023,0,0,0
111000025,650,430,220
111000029,5,34,-29
111000030,7,14,-7
111000031,64,10,54
111000032,22,8,14
111000033,0,0,0
111000034,16,141,-125
111000037,80,208,-128
111000038,252,367,-115
111000039,117,255,-138
111000040,183,284,-101
111000041,94,133,-39
111000042,388,225,163
111000043,0,0,0
111000044,0,0,0
111000045,20,28,-8
111000046,10,31,-21
111000047,80,140,-60
111000049,42,146,-104
111000050,244,671,-427
111000051,97,351,-254
111000052,189,425,-236
111000053,107,234,-127
111000054,67,260,-193
111000055,73,354,-281
111000056,62,156,-94
111000057,17,133,-116
111000058,4,34,-30
111000059,19,73,-54
111000060,75,79,-4
111000061,38,54,-16
111000062,29,67,-38
111000063,61,80,-19
111000064,30,42,-12
111000065,41,90,-49
111000066,58,87,-29
111000067,32,128,-96
111000068,16,113,-97
111000069,449,492,-43
111000070,475,290,185
111000071,44,233,-189
111000072,0,0,0
111000073,0,0,0
111000074,0,0,0
111000075,0,0,0
111000076,0,0,0
111000077,75,85,-10
111000078,275,398,-123
111000079,172,126,46
111000080,52,133,-81
111000081,341,277,64
111000082,73,109,-36
111000084,66,120,-54
111000085,64,86,-22
111000086,96,108,-12
111000087,55,99,-44
111000088,394,144,250
111000089,104,215,-111
111000090,202,316,-114
111000091,87,185,-98
111000092,124,233,-109
111000093,32,135,-103
111000094,90,186,-96
111000095,33,337,-304
111000096,238,1550,-1312
111000097,976,256,720
111000098,108,315,-207
111000099,48,584,-536
111000100,65,473,-408
111000101,63,208,-145
111000102,21,210,-189
111000104,0,0,0
111000107,13,159,-146
111000109,0,0,0
111000110,9,7,2
111000111,12,5,7
111000112,17,3,14
111000113,7,5,2
111000114,15,14,1
111000115,591,79,512
111000116,43,68,-25
111000117,34,122,-88
111000118,131,60,71
111000119,61,104,-43
111000120,17,58,-41
111000121,27,64,-37
111000122,44,301,-257
111000123,30,387,-357
111000124,50,694,-644
111000125,20,401,-381
111000126,80,374,-294
111000127,0,0,0
111000128,0,0,0
111000129,0,0,0
111000130,24,78,-54
111000131,50,40,10
111000132,0,0,0
111000133,2,13,-11
111000134,0,14,-14
111000135,6,28,-22
111000136,16,19,-3
111000138,0,1,-1
111000140,5,1,4
111000141,23,49,-26
111000142,0,23,-23
111000143,0,9,-9
111000144,1,32,-31
111000145,0,0,0
111000146,0,0,0
111000147,0,0,0
111000148,0,3,-3
111000149,5,21,-16
111000150,0,0,0
111000151,2,21,-19
111000153,37,73,-36
111000154,23,51,-28
111000155,11,45,-34
111000156,0,0,0
111000157,0,0,0
111000158,0,0,0
111000159,0,0,0
111000160,0,0,0
111000161,0,0,0
111000162,0,36,-36
111000163,42,188,-146
111000164,223,378,-155
111000165,169,146,23
111000166,123,40,83
111000167,49,106,-57
111000168,23,42,-19
111000169,7,29,-22
111000170,15,32,-17
111000171,26,83,-57
111000172,10,82,-72
111000173,34,160,-126
111000174,4,83,-79
111000175,5,27,-22
111000176,11,44,-33
111000177,13,33,-20
111000178,55,77,-22
111000179,8,57,-49
111000180,11,71,-60
111000181,39,24,15
111000182,8,19,-11
111000183,25,23,2
111000184,20,24,-4
111000185,49,168,-119
111000186,27,107,-80
111000187,8,92,-84
111000188,2,103,-101
111000189,205,91,114
111000190,37,113,-76
111000191,35,112,-77
111000192,69,152,-83
111000193,90,100,-10
111000194,6,94,-88
111000195,9,103,-94
111000196,7,71,-64
111000197,0,0,0
111000198,0,0,0
111000199,0,0,0
111000200,0,0,0
111000201,0,0,0
111000202,0,0,0
111000203,0,0,0
111000204,0,0,0
111000213,6,8,-2
111000214,70,182,-112
111000215,78,196,-118
111000217,94,112,-18
111000218,55,149,-94
111000219,94,168,-74
111000220,10,132,-122
111000221,0,0,0
111000224,141,134,7
111000225,21,35,-14
111000226,0,0,0
111000227,0,0,0
111000228,2,52,-50
111000229,5,60,-55
111000230,0,0,0
111000231,0,0,0
111000232,37,210,-173
111000233,42,233,-191
111000234,6,74,-68
111000239,34,30,4
111000240,0,0,0
111000241,1,74,-73
111000242,0,0,0
111000243,12,260,-248
111000244,0,0,0
111000245,1,2,-1
111000246,0,7,-7
111000247,25,290,-265
111000248,2,3,-1
111000249,74,167,-93
111000250,4,11,-7
111000251,2,14,-12
111000253,0,0,0
111000255,0,0,0
111000257,0,0,0
111000260,20,193,-173
111000261,16,0,16
111000271,7,94,-87
111000273,377,190,187
111000274,150,267,-117
111000275,0,0,0
111000276,125,561,-436
111000277,25,51,-26
111000278,64,20,44
111000291,47,111,-64
111000298,6,10,-4
111000299,0,0,0
111000300,4,56,-52
111000302,5,1,4
111000303,10,33,-23
111000312,5,9,-4
111000315,40,119,-79
111000320,14,63,-49
111000321,13,5,8
111000322,4,46,-42
111000323,2,3,-1
111000324,0,0,0
111000325,3,18,-15
111000326,8,70,-62
111000327,30,64,-34
111000328,15,66,-51
111000329,5,36,-31
111000330,1,0,1
111000331,0,0,0
111000332,41,152,-111
111000334,57,454,-397
111000335,21,29,-8
111000337,46,191,-145
111000338,2,26,-24
111000339,8,139,-131
111000340,13,158,-145
111000341,53,26,27
111000342,15,109,-94
111000344,110,98,12
111000345,2,2,0
111000346,1,9,-8
111000347,7,3,4
111000350,6,0,6
111000351,10,62,-52
111000352,2,0,2
111000353,8,36,-28
111000354,2,1,1
111000355,14,86,-72
111000358,11,338,-327
111000360,2,201,-199
111000361,5,65,-60
111000546,50,230,-180
111000547,3,52,-49
111000548,18,69,-51
111000549,12,27,-15
111000550,10,119,-109
111000551,50,12,38
111000552,6,2,4
111000907,0,1,-1
111000908,0,0,0
111000916,65,66,-1
111000917,13,101,-88
111000918,8,235,-227
111000920,0,0,0
111000921,4,134,-130
111000922,28,136,-108
111000924,6,272,-266
111000925,131,346,-215
111000926,292,962,-670
111000927,764,669,95
111000928,1701,1203,498
111000929,89,154,-65
111000930,173,999,-826
111000931,173,328,-155
111000932,723,1037,-314
111000933,206,141,65
111000934,569,1107,-538
111000935,36,108,-72
111000936,145,781,-636
111000937,157,49,108
111000938,312,1099,-787
111000939,0,0,0
111000940,28,57,-29
111000941,0,61,-61
111000943,2,60,-58
111000944,16,53,-37
111000945,0,585,-585
111001109,1,0,1
111001110,30,258,-228
111001111,1,4,-3
111001112,19,2,17
111001113,2,63,-61
111001114,0,0,0
111001115,14,100,-86
111001116,373,33,340
111001117,265,232,33
111001120,16,61,-45
111001121,25,52,-27
111001122,19,113,-94
111001123,0,0,0
111001124,6,21,-15
111001125,0,2,-2
111001126,0,0,0
111001127,0,0,0
111001128,35,128,-93
111900001,0,21,-21
111900002,0,30,-30
111900003,0,21,-21
111900004,1,6,-5
111900006,0,0,0
111900007,0,0,0
111900008,0,0,0
111900009,0,0,0
111900010,11,29,-18
111900012,18,5,13
111900013,0,5,-5
111900014,427,28,399
111900015,0,8,-8
111900016,0,32,-32
111900017,0,15,-15
111900018,0,0,0
111900019,0,7,-7
111900020,0,2,-2
111900021,2,6,-4
111900022,1,6,-5
111900023,14,3,11
111900024,0,17,-17
111900025,0,1,-1
111900026,0,8,-8
111900027,0,22,-22
111900028,0,78,-78
111900029,0,1,-1
111900030,0,0,0
111900032,0,43,-43
111900033,0,3,-3
111900034,0,0,0
111900035,0,24,-24
111900036,0,43,-43
111900038,0,0,0
111900039,2,12,-10
111900040,3,52,-49
111900042,0,0,0
111900043,1,19,-18
111900044,0,0,0
111900046,10,34,-24
111900048,2,127,-125
111900049,1,39,-38
111900050,0,0,0
111900051,0,25,-25
111900052,28,50,-22
111900053,0,0,0
111900054,0,0,0
111900055,1,77,-76
111900056,0,0,0
111900057,0,2,-2
111900058,2,124,-122
111900059,0,0,0
111900060,0,0,0
111900061,0,34,-34
111900062,0,0,0
111900063,0,32,-32
111900064,12,26,-14
111900065,0,0,0
111900066,0,0,0
111900067,0,79,-79
111900068,0,0,0
111900069,0,0,0
111900070,0,0,0
111900071,0,22,-22
111900072,0,0,0
111900073,0,0,0
111900074,0,1,-1
111900075,0,0,0
111900076,0,0,0
111900077,0,0,0
111900078,0,0,0
111900079,0,0,0
111900080,0,0,0
111900082,3,0,3
111900083,0,0,0
111900084,0,0,0
111900085,0,0,0
111900086,0,0,0
111900087,0,0,0
111900088,0,0,0
111900089,0,0,0
111900090,3,0,3
111900091,0,0,0
111900092,0,0,0
111900093,0,0,0
111900094,0,0,0
111900095,2,0,2
111900096,0,0,0
111900097,0,0,0
111900098,0,0,0
111900099,0,0,0
111900100,6,0,6
111900101,0,0,0
111900102,1,83,-82
111900103,0,0,0
111900104,0,0,0
111900105,0,0,0
111900106,79,2,77
111900110,100,1,99
111900111,0,7,-7
111900112,25,2,23
111900113,0,0,0
111900118,0,0,0
111900119,0,0,0
111900122,0,0,0
111900123,0,0,0
111900124,4,3,1
111900125,0,0,0
111900126,0,0,0
111900127,0,0,0
111900128,0,0,0
111900129,0,0,0
111900130,0,0,0
111900131,0,0,0
111900132,0,0,0
111900133,0,0,0
111900134,7,20,-13
111900135,0,0,0
111900136,0,0,0
111900137,7,0,7
111900138,0,2,-2
111900139,0,12,-12
111900140,0,0,0
111900141,0,0,0
111900142,0,0,0
111900143,0,10,-10
111900144,0,9,-9
111900145,1,39,-38
111900146,0,14,-14
111900147,5,46,-41
111900148,0,34,-34
111900149,1,13,-12
111900150,0,10,-10
111900151,0,0,0
111900152,7,2,5
111900153,2,0,2
111900154,0,0,0
111900155,0,0,0
111900156,0,0,0
111900157,0,0,0
111900158,0,0,0
111900159,0,0,0
111900160,0,0,0
111900161,0,0,0
111900162,0,0,0
111900163,0,0,0
111900164,0,0,0
111901113,0,21,-21
111901114,0,0,0
111901115,0,0,0
111901116,0,0,0
111901117,0,0,0
111901118,0,0,0
111901119,0,0,0
111901121,2,17,-15
111901122,0,32,-32
111901123,0,36,-36
111901124,0,0,0
111901125,0,0,0
111901127,0,0,0
111901128,0,0,0
111901129,0,0,0
111901130,0,0,0
111901131,0,19,-19
111901132,0,0,0
111901133,0,0,0
111901134,0,0,0
111901135,0,0,0
111901138,0,0,0
111901139,0,0,0
111901140,0,0,0
111901141,0,0,0
111901142,0,0,0
111901143,0,0,0
111901144,0,0,0
111901145,0,0,0
111901146,1,0,1
111901147,10,1,9
111901148,0,0,0
111901149,0,0,0
111901150,0,0,0
111901151,0,0,0
111901152,0,0,0
112000001,164,114,50
112000002,205,679,-474
112000003,84,150,-66
112000004,110,390,-280
112000005,232,235,-3
112000006,267,587,-320
112000007,85,102,-17
112000008,206,350,-144
112000009,601,768,-167
112000010,152,207,-55
112000011,278,704,-426
112000012,192,266,-74
112000013,1297,946,351
112000014,60,76,-16
112000015,300,555,-255
112000016,53,87,-34
112000017,197,397,-200
112000024,465,163,302
112000026,844,1320,-476
112000027,5,11,-6
112000028,409,583,-174
112000029,2,4,-2
112000030,50,15,35
112000031,184,140,44
112000032,236,14,222
112000033,320,76,244
112000034,76,7,69
112000035,17,50,-33
112000036,63,28,35
112000037,24,108,-84
112000038,40,70,-30
112000039,0,0,0
112000040,4,21,-17
112000041,19,37,-18
112000042,70,55,15
112000050,0,0,0
112000051,13,51,-38
112000054,592,417,175
112000057,29,116,-87
112000058,63,65,-2
112000059,0,0,0
112000061,1098,421,677
112000062,431,66,365
112000063,45,51,-6
112000064,1521,1540,-19
112000065,525,557,-32
112000066,1,2,-1
112000067,76,153,-77
112000068,0,1,-1
112000069,49,459,-410
112000070,3,14,-11
112000071,67,571,-504
112000072,7,23,-16
112000073,104,297,-193
112000074,0,29,-29
112000075,14,26,-12
112000076,162,317,-155
112000077,30,131,-101
112000078,33,108,-75
112000079,105,320,-215
112000080,16,121,-105
112000081,255,369,-114
112000082,23,16,7
112000083,97,229,-132
112000084,17,11,6
112000085,93,224,-131
112000086,17,18,-1
112000087,18,182,-164
112000088,5,5,0
112000089,5,62,-57
112000090,5,6,-1
112000091,91,478,-387
112000092,70,56,14
112000093,274,435,-161
112000094,42,73,-31
112000095,100,277,-177
112000096,20,51,-31
112000097,8,5,3
112000098,99,344,-245
112000099,7,5,2
112000100,21,10,11
112000101,40,212,-172
112000102,18,6,12
112000103,49,296,-247
112000105,110,518,-408
112000106,14,9,5
112000107,0,0,0
112000108,15,139,-124
112000109,0,0,0
112000110,61,18,43
112000111,154,1484,-1330
112000112,48,31,17
112000113,235,687,-452
112000114,9,17,-8
112000115,6,79,-73
112000116,3,71,-68
112000117,5,45,-40
112000118,52,199,-147
112000119,43,162,-119
112000120,20,85,-65
112000121,0,0,0
112000122,0,0,0
112000123,0,0,0
112000124,0,0,0
112000125,0,0,0
112000126,0,0,0
112000127,183,68,115
112000128,138,49,89
112000129,2,27,-25
112000130,18,15,3
112000131,0,40,-40
112000132,12,77,-65
112000133,0,37,-37
112000134,7,109,-102
112000135,9,8,1
112000136,77,224,-147
112000137,8,10,-2
112000138,115,306,-191
112000139,0,2,-2
112000140,77,179,-102
112000141,0,0,0
112000142,27,176,-149
112000143,0,0,0
112000144,27,338,-311
112000145,1,0,1
112000146,81,581,-500
112000147,0,3,-3
112000148,117,541,-424
112000149,0,0,0
112000150,11,84,-73
112000151,2,3,-1
112000152,12,50,-38
112000153,7,8,-1
112000154,4,10,-6
112000155,22,2,20
112000157,65,67,-2
112000158,10,38,-28
112000159,10,44,-34
112000167,7,1,6
112000169,10,19,-9
112000173,1,10,-9
112000175,0,13,-13
112000176,746,530,216
112000177,1,4,-3
112000178,0,7,-7
112000179,1,18,-17
112000180,32,60,-28
112000181,172,461,-289
112000182,17,262,-245
112000183,0,0,0
112000184,0,0,0
112000185,11,77,-66
112000187,237,442,-205
112000195,0,0,0
112000196,0,0,0
112000197,0,0,0
112000198,0,0,0
112000199,32,34,-2
112000202,0,1,-1
112000216,8,9,-1
112000230,0,0,0
112000231,0,0,0
112000256,0,0,0
112000313,3,4,-1
112000314,0,0,0
112000337,1,87,-86
112000352,4,9,-5
112000392,140,192,-52
112000398,76,47,29
112000399,19,34,-15
112000400,161,826,-665
112000401,2340,745,1595
112000402,133,180,-47
112000403,8,52,-44
112000404,38,43,-5
112000405,51,137,-86
112000406,606,978,-372
112000407,417,302,115
112000408,1704,1780,-76
112000409,332,1638,-1306
112000410,0,0,0
112000411,13,2,11
112000412,43,21,22
112000413,70,3,67
112000414,3,10,-7
112000415,0,0,0
112000416,128,77,51
112000417,0,0,0
112000421,1,15,-14
112000422,19,29,-10
112000424,53,132,-79
112000425,45,384,-339
112000426,2,60,-58
112000427,0,1,-1
112000428,1,16,-15
112000429,376,680,-304
112000430,431,879,-448
112000431,0,0,0
112000432,71,547,-476
112000433,57,50,7
112000437,2,48,-46
112900001,0,0,0
112900002,0,0,0
112900003,2,43,-41
112900004,0,35,-35
112900005,0,19,-19
112900007,0,0,0
112900008,0,0,0
112900009,0,0,0
112900010,0,18,-18
112900011,32,14,18
112900012,0,14,-14
112900013,0,0,0
112900014,1,26,-25
112900015,40,102,-62
112900016,0,16,-16
112900017,0,0,0
112900018,0,74,-74
112900019,0,7,-7
112900020,76,199,-123
112900021,0,42,-42
112900022,0,0,0
112900023,1,23,-22
112900024,0,25,-25
112900025,0,0,0
112900026,0,26,-26
112900027,0,0,0
112900028,4,17,-13
112900029,0,0,0
112900030,45,26,19
112900031,0,0,0
112900032,2,25,-23
112900034,0,0,0
112900035,0,0,0
112900036,1,10,-9
112900037,0,0,0
112900038,0,4,-4
112900039,0,0,0
112900040,0,11,-11
112900041,36,18,18
112900042,0,35,-35
112900043,0,1,-1
112900044,21,25,-4
112900045,0,0,0
112900046,10,1,9
112900047,4,0,4
112900049,0,3,-3
112900050,14,52,-38
112900051,50,82,-32
112900052,1,80,-79
112900053,5,31,-26
112900054,1,0,1
112900055,1,0,1
112900056,0,0,0
112900057,0,49,-49
112900058,7,1,6
112900059,0,15,-15
112900060,1,11,-10
112900061,3,6,-3
112900062,1,4,-3
112900063,0,0,0
112900064,2,11,-9
112900065,0,0,0
112900066,1,5,-4
112900067,18,4,14
112900068,0,0,0
112900069,145,13,132
112900071,0,0,0
112900072,0,0,0
112900073,3,0,3
112900074,0,0,0
112900075,6,0,6
112900076,0,0,0
112900078,0,0,0
112900079,0,0,0
112900080,0,0,0
112900081,0,0,0
112900082,8,1,7
112900083,1,0,1
112900084,0,0,0
112900086,0,0,0
112900087,0,0,0
112900088,0,0,0
112900089,6,0,6
112900090,0,0,0
112900091,0,0,0
112900092,0,0,0
112900093,0,0,0
112900095,0,0,0
112900096,3,0,3
112900097,0,22,-22
112900098,0,0,0
112900099,9,0,9
112900100,1,0,1
112900101,0,0,0
112900102,0,0,0
112900103,0,0,0
112900104,0,0,0
112900105,0,0,0
112900106,2,1,1
112900107,0,0,0
112900108,0,0,0
112900109,0,0,0
112900110,0,0,0
112900111,0,0,0
112900112,0,0,0
112900113,0,0,0
112900114,0,0,0
112900115,6,0,6
112900116,0,1,-1
112900117,8,6,2
112900118,0,3,-3
112900119,0,0,0
112900120,89,49,40
112900121,10,8,2
112900122,0,11,-11
112900123,0,0,0
112900124,0,12,-12
112900125,0,14,-14
112900126,10,27,-17
112900127,0,0,0
112900128,46,172,-126
112900129,0,124,-124
112900130,1,1,0
112900131,5,45,-40
112900132,3,78,-75
112900133,2,104,-102
112900134,0,40,-40
112900135,0,0,0
112900137,0,72,-72
112900138,0,96,-96
112900139,38,213,-175
112900141,0,2,-2
112900142,0,0,0
112900143,8,138,-130
112900144,1,103,-102
112900145,14,62,-48
112900146,0,105,-105
112900147,0,546,-546
112900148,3,0,3
112900149,1,20,-19
112900151,0,0,0
112900152,393,67,326
112900153,8,4,4
112900154,0,0,0
112900155,0,0,0
112900156,1,106,-105
112900157,17,2,15
112900158,0,0,0
112900159,1,10,-9
112900160,1,16,-15
112900161,0,0,0
112900162,3,0,3
112900163,0,0,0
112900164,0,0,0
112900165,2,2,0
112900166,0,0,0
112900167,0,0,0
112900168,0,0,0
112900169,0,0,0
112900170,0,0,0
112900172,0,0,0
112900173,8,2,6
112900174,1,1,0
112900175,0,0,0
112900176,0,0,0
112900177,0,0,0
112900178,0,0,0
112900179,4,53,-49
112900180,0,218,-218
112900181,0,0,0
112900182,0,66,-66
112900183,7,1,6
112900184,30,20,10
112900185,1,1,0
112900186,81,6,75
112900187,0,0,0
112900188,71,28,43
112900189,0,3,-3
112900190,0,3,-3
112900192,2,3,-1
112900193,14,4,10
112900194,0,2,-2
112900195,0,0,0
112900196,21,81,-60
112900197,17,36,-19
112900199,0,0,0
112900200,0,0,0
112900201,0,0,0
112900202,0,73,-73
112900203,0,0,0
112900204,32,6,26
112900205,0,0,0
112900206,0,4,-4
112900207,0,0,0
112900208,4,4,0
112900209,12,52,-40
112900210,0,7,-7
112900211,0,0,0
112900212,0,0,0
112900213,0,0,0
112900214,0,0,0
112900215,0,11,-11
112900216,1,0,1
112900217,0,23,-23
112900218,0,0,0
112900219,0,0,0
112900220,0,0,0
112900221,0,0,0
112900222,0,0,0
112900223,0,0,0
112900224,2,88,-86
112900225,1,93,-92
112900226,0,1,-1
112900227,0,181,-181
112900228,0,0,0
112900229,0,0,0
112900230,343,85,258
112900232,13,7,6
112900233,2,26,-24
112900234,0,1,-1
112900235,1,0,1
112900236,0,0,0
112900237,0,17,-17
112900238,0,0,0
112900239,71,27,44
112900240,0,6,-6
112900241,0,7,-7
112900242,0,10,-10
112900243,0,6,-6
112900244,0,30,-30
112900245,0,9,-9
112900246,0,1,-1
112900247,0,1,-1
112900248,0,0,0
112900249,0,0,0
112900250,0,0,0
112900251,0,0,0
112900252,0,0,0
112900253,0,0,0
112900254,0,0,0
112900255,0,0,0
112900256,0,0,0
112900257,0,0,0
112900258,0,0,0
113000001,968,916,52
113000002,477,212,265
113000003,632,306,326
113000004,640,203,437
113000005,201,200,1
113000006,79,109,-30
113000007,166,269,-103
113000008,229,109,120
113000009,339,248,91
113000010,142,78,64
113000011,91,408,-317
113000012,152,87,65
113000013,297,162,135
113000014,77,238,-161
113000015,11,27,-16
113000016,47,121,-74
113000017,4,73,-69
113000018,17,1,16
113000019,4,98,-94
113000020,0,0,0
113000021,59,209,-150
113000022,39,375,-336
113000025,13,43,-30
113000026,6,20,-14
113000027,8,29,-21
113000028,109,47,62
113000029,0,0,0
113000030,306,209,97
113000031,198,81,117
113000032,0,0,0
113000033,0,0,0
113000034,187,148,39
113000035,1,11,-10
113000036,0,0,0
113000037,31,7,24
113000038,0,0,0
113000039,18,25,-7
113000040,28,15,13
113000042,108,45,63
113000051,140,136,4
113000052,357,80,277
113000053,24,66,-42
113000054,14,52,-38
113000055,67,59,8
113000056,65,226,-161
113000058,155,290,-135
113000059,0,0,0
113000060,5,89,-84
113000061,62,44,18
113000062,57,0,57
113000063,0,0,0
113000064,0,0,0
113000065,25,197,-172
113000066,28,15,13
113000067,31,67,-36
113000068,58,417,-359
113000069,98,225,-127
113000070,42,50,-8
113000071,44,129,-85
113000072,19,19,0
113000073,75,298,-223
113000074,82,39,43
113000075,86,48,38
113000076,301,308,-7
113000077,0,0,0
113000078,134,402,-268
113000079,190,155,35
113000080,2,0,2
113000081,0,0,0
113000082,179,190,-11
113000083,0,0,0
113000084,159,244,-85
113000085,29,43,-14
113000086,143,180,-37
113000087,48,20,28
113000088,620,293,327
113000089,33,42,-9
113000090,1,29,-28
113000091,231,80,151
113000094,46,19,27
113000095,53,282,-229
113000096,39,184,-145
113000097,16,12,4
113000098,0,0,0
113000099,6,19,-13
113000100,33,109,-76
113000101,48,121,-73
113000102,6,15,-9
113000103,205,188,17
113000104,0,0,0
113000105,0,1,-1
113000106,22,175,-153
113000107,54,43,11
113000108,81,333,-252
113000109,91,154,-63
113000110,0,0,0
113000111,12,34,-22
113000112,2,6,-4
113000113,0,0,0
113000114,104,119,-15
113000116,32,4,28
113000117,42,4,38
113000118,1,12,-11
113000119,10,15,-5
113000120,2,8,-6
113000121,26,60,-34
113000124,0,0,0
113000125,0,0,0
113000127,513,105,408
113000128,7,2,5
113000129,505,184,321
113000133,616,184,432
113000134,0,73,-73
113000135,42,35,7
113000137,0,0,0
113000139,0,0,0
113000140,109,187,-78
113000141,0,0,0
113000142,98,129,-31
113000143,0,0,0
113000144,81,72,9
113000145,0,0,0
113000146,35,38,-3
113000147,21,38,-17
113000148,0,0,0
113000149,0,0,0
113000150,79,47,32
113000151,58,17,41
113000152,0,0,0
113000153,201,36,165
113000154,133,96,37
113000155,34,41,-7
113000156,34,50,-16
113000157,42,111,-69
113000158,145,64,81
113000159,200,164,36
113000160,121,159,-38
113000161,6,42,-36
113000162,141,98,43
113000163,0,0,0
113000164,18,27,-9
113000166,0,0,0
113000167,10,121,-111
113000168,15,138,-123
113000169,0,0,0
113000170,0,0,0
113000171,35,84,-49
113000172,0,0,0
113000173,0,0,0
113000174,38,259,-221
113000175,0,0,0
113000176,0,0,0
113000177,37,226,-189
113000178,25,232,-207
113000179,0,0,0
113000180,29,114,-85
113000181,97,221,-124
113000182,42,30,12
113000183,58,166,-108
113000184,9,28,-19
113000189,37,50,-13
113000190,99,27,72
113000192,516,207,309
113000193,392,166,226
113000194,282,219,63
113000195,115,66,49
113000196,19,16,3
113000197,66,62,4
113000198,0,53,-53
113000199,6,8,-2
113000201,11,26,-15
113000202,279,61,218
113000203,0,0,0
113000204,175,184,-9
113000205,4,4,0
113000206,0,0,0
113000207,5,4,1
113000208,0,0,0
113000209,7,12,-5
113000210,0,0,0
113000211,17,5,12
113000212,33,1,32
113000213,0,6,-6
113000214,5,37,-32
113000234,29,303,-274
113000410,26,17,9
113000411,373,1099,-726
113000412,1894,486,1408
113000413,1038,523,515
113000414,1927,449,1478
113000415,943,982,-39
113000416,2181,1149,1032
113000417,726,771,-45
113000418,732,651,81
113000419,253,359,-106
113000420,1202,607,595
113000421,433,283,150
113000422,4232,793,3439
113000423,1471,771,700
113000424,1543,1010,533
113000425,0,33,-33
113000428,3,3,0
113000430,1,1,0
113000432,45,4,41
113000433,21,177,-156
113000434,11,145,-134
113000435,2,204,-202
113000436,14,269,-255
113000437,0,0,0
113000438,0,0,0
113000439,10,37,-27
113000440,0,0,0
113000441,0,0,0
113000442,20,87,-67
113000443,0,0,0
113000444,16,78,-62
113000445,0,0,0
113000446,6,43,-37
113000448,46,22,24
113000449,0,0,0
113000450,14,2,12
113000451,262,48,214
113000452,0,0,0
113000453,59,72,-13
113000454,0,0,0
113000455,23,41,-18
113000456,135,74,61
113000468,105,4,101
113000469,0,5,-5
113000470,0,0,0
113000471,0,0,0
113000472,12,17,-5
113000474,47,141,-94
113000475,241,474,-233
113000476,156,522,-366
113000477,269,646,-377
113000478,641,1158,-517
113000479,4,144,-140
113000484,0,0,0
113000485,0,0,0
113000486,0,0,0
113000487,0,0,0
113000488,0,0,0
113000489,0,0,0
113000490,0,0,0
113000491,0,0,0
113000492,0,0,0
113000493,0,0,0
113000495,42,110,-68
113000496,0,0,0
113000497,0,0,0
113000499,0,1,-1
113900001,0,0,0
113900002,0,0,0
113900003,0,0,0
113900004,0,0,0
113900005,0,0,0
113900006,0,0,0
113900007,0,0,0
113900008,0,0,0
113900009,0,0,0
113900010,0,0,0
113900011,0,0,0
113900012,0,0,0
113900013,0,0,0
113900014,0,0,0
113900015,0,7,-7
113900016,0,0,0
113900017,0,0,0
113900018,19,1,18
113900019,1,1,0
113900020,0,0,0
113900022,0,0,0
113900023,0,0,0
113900024,0,1,-1
113900025,0,0,0
113900026,0,0,0
113900027,0,0,0
113900028,0,0,0
113900029,2,42,-40
113900030,0,0,0
113900031,0,0,0
113900032,0,0,0
113900033,0,2,-2
113900035,0,0,0
113900036,0,0,0
113900037,0,0,0
113900038,6,1,5
113900039,0,0,0
113900040,0,0,0
113900041,0,0,0
113900042,0,3,-3
113900043,5,4,1
113900044,0,0,0
113900045,0,0,0
113900046,23,55,-32
113900047,0,0,0
113900048,33,2,31
113900049,44,1,43
113900050,5,23,-18
113900051,0,22,-22
113900052,0,0,0
113900053,0,0,0
113900054,0,0,0
113900055,2,35,-33
113900056,0,0,0
113900057,2,5,-3
113900058,0,5,-5
113900059,1,21,-20
113900060,0,0,0
113900061,0,0,0
113900062,0,0,0
113900063,0,0,0
113900064,0,4,-4
113900065,0,0,0
113900066,2,34,-32
113900067,0,0,0
113900068,0,0,0
113900069,0,0,0
113900070,8,70,-62
113900071,0,0,0
113900072,0,2,-2
113900073,8,14,-6
113900074,0,0,0
113900075,0,0,0
113900076,0,0,0
113900077,1,36,-35
113900078,0,0,0
113900079,0,1,-1
113900080,0,0,0
113900081,2,9,-7
113900082,1,14,-13
113900083,0,0,0
113900084,0,0,0
113900085,0,44,-44
113900086,0,0,0
113900087,0,0,0
113900088,0,0,0
113900089,0,0,0
113900090,0,0,0
113900091,0,0,0
113900092,0,8,-8
113900093,1,29,-28
113900094,0,0,0
113900095,0,0,0
113900096,0,0,0
113900097,0,2,-2
113900098,0,0,0
113900099,0,0,0
113900100,0,0,0
113900101,0,3,-3
113900102,0,2,-2
113900103,0,0,0
113900104,0,0,0
113900105,0,29,-29
113900106,0,0,0
113900107,0,0,0
113900108,0,19,-19
113900109,1,5,-4
113900110,0,0,0
113900111,0,0,0
113900112,0,4,-4
113900113,9,5,4
113900114,0,0,0
113900115,0,0,0
113900116,0,9,-9
113900117,2,0,2
113900118,0,0,0
113900119,0,0,0
113900120,0,0,0
113900121,0,0,0
113900122,0,0,0
113900123,2,2,0
113900124,0,0,0
113900125,1,4,-3
113900126,5,3,2
113900127,3,15,-12
113900128,0,0,0
113900129,0,0,0
113900130,0,0,0
113900131,2,2,0
113900132,0,0,0
113900133,1,2,-1
113900135,13,48,-35
113900136,2,2,0
113900137,3,4,-1
113900138,0,0,0
113900139,50,4,46
113900140,0,0,0
113900141,2,16,-14
113900142,1,5,-4
113900143,0,0,0
113900144,0,1,-1
113900145,2,10,-8
113900146,0,1,-1
113900148,2,12,-10
113900149,0,2,-2
113900150,138,51,87
113900151,7,6,1
113900152,0,0,0
113900153,37,13,24
113900154,0,0,0
113900155,21,5,16
113900156,20,86,-66
113900157,0,1,-1
113900158,22,3,19
113900159,0,0,0
113900160,47,99,-52
113900161,0,6,-6
113900162,34,21,13
113900163,6,10,-4
113900164,0,0,0
113900165,63,76,-13
113900166,3,3,0
113900167,0,0,0
113900168,13,8,5
113900169,5,44,-39
113900171,0,0,0
113900172,0,27,-27
113900173,2,46,-44
113900174,12,98,-86
113900175,0,0,0
113900176,15,104,-89
113900177,1,3,-2
113900178,0,0,0
113900179,1,77,-76
113900180,2,11,-9
113900181,0,0,0
113900182,28,127,-99
113900183,1,2,-1
113900184,2,62,-60
113900185,27,7,20
113900186,0,3,-3
113900187,3,10,-7
113900188,0,5,-5
113900189,0,0,0
113900190,65,11,54
113900191,5,5,0
113900192,82,0,82
113900193,0,26,-26
113900194,64,78,-14
113900195,20,64,-44
113900196,0,13,-13
113900197,1,39,-38
113900198,0,19,-19
113900199,22,37,-15
113900200,1,29,-28
113900201,0,27,-27
113900202,0,14,-14
113900203,0,34,-34
113900204,2,43,-41
113900205,5,4,1
113900206,0,4,-4
113900207,0,3,-3
113900208,0,7,-7
113900209,0,7,-7
113900210,11,11,0
113900211,12,0,12
113900212,0,57,-57
113900214,37,16,21
113900215,0,9,-9
113900216,0,89,-89
113900217,0,0,0
113900218,0,0,0
113900219,5,25,-20
113900220,1,0,1
113900221,0,0,0
113900222,6,4,2
113900223,0,48,-48
113900224,8,4,4
113900225,0,0,0
113900226,0,0,0
113900227,0,1,-1
113900228,16,3,13
113900229,0,2,-2
113900230,122,26,96
113900231,4,17,-13
113900232,1,1,0
113900233,1,6,-5
113900234,8,25,-17
113900235,0,0,0
113900236,0,0,0
113900237,0,0,0
113900238,5,11,-6
113900239,0,0,0
113900240,0,2,-2
113900241,1,1,0
113900242,4,10,-6
113900243,5,36,-31
113900244,62,12,50
113900245,102,6,96
113900246,0,0,0
113900247,0,0,0
113900248,186,9,177
113900249,0,0,0
113900250,0,0,0
113900251,2,21,-19
113900252,0,0,0
113900253,0,0,0
113900254,0,0,0
113900255,0,0,0
113900256,0,0,0
113900257,11,74,-63
113900258,1,51,-50
113900259,0,21,-21
113900260,0,1,-1
113900261,0,19,-19
113900262,1,64,-63
113900263,10,48,-38
113900264,0,44,-44
113900265,11,17,-6
113900266,1,38,-37
113900267,7,26,-19
113900268,0,0,0
113900269,2,7,-5
113900270,6,60,-54
113900271,28,184,-156
113900273,0,0,0
113900274,0,0,0
113900275,0,3,-3
113900276,0,26,-26
113900277,0,0,0
113900278,5,16,-11
113900279,3,3,0
113900280,46,19,27
113900281,12,39,-27
113900282,28,3,25
113900283,0,0,0
113900284,0,2,-2
113900285,0,0,0
113900286,0,0,0
113900287,2,2,0
113900288,0,13,-13
113900289,62,1,61
113900290,23,3,20
113900291,9,17,-8
113900292,0,0,0
113900293,0,12,-12
113900294,0,0,0
113900295,2,4,-2
113900296,2,0,2
113900297,0,0,0
113900298,0,146,-146
113900299,0,0,0
113900300,144,3,141
113900301,0,0,0
113900302,0,2,-2
113900303,15,2,13
113900304,0,31,-31
113900305,0,0,0
113900306,0,0,0
113900307,0,0,0
113900308,6,4,2
113900309,0,69,-69
113900310,0,0,0
113900311,0,0,0
113900312,0,3,-3
113900313,0,0,0
113900314,0,0,0
113900315,0,0,0
114000001,193,410,-217
114000002,1,2,-1
114000003,7,124,-117
114000004,4,31,-27
114000005,5,3,2
114000006,190,122,68
114000007,69,194,-125
114000008,165,157,8
114000009,7,10,-3
114000011,302,417,-115
114000012,146,335,-189
114000013,149,255,-106
114000014,116,79,37
114000015,71,47,24
114000016,12,65,-53
114000017,10,5,5
114000018,12,8,4
114000026,92,222,-130
114000027,155,346,-191
114000028,223,327,-104
114000038,0,3,-3
114000039,13,32,-19
114000040,14,9,5
114000042,21,65,-44
114000043,1,18,-17
114000044,8,32,-24
114000045,1,10,-9
114000046,302,499,-197
114000047,0,4,-4
114000048,9,19,-10
114000049,25,38,-13
114000050,10,71,-61
114000051,105,69,36
114000052,75,54,21
114000053,1,1,0
114000054,1,11,-10
114000055,0,2,-2
114000056,108,140,-32
114000057,739,449,290
114000058,9,24,-15
114000059,8,32,-24
114000060,77,205,-128
114000061,124,10,114
114000062,30,20,10
114000063,544,569,-25
114000064,1123,419,704
114000065,226,580,-354
114000066,28,154,-126
114000067,0,0,0
114000068,18,14,4
114000069,25,18,7
114000070,60,20,40
114000071,10,26,-16
114000072,6,32,-26
114000073,0,0,0
114000074,2,9,-7
114000075,0,0,0
114000076,0,0,0
114000077,0,0,0
114000078,2,41,-39
114000079,4,19,-15
114000080,0,2,-2
114000081,0,0,0
114000082,18,111,-93
114000083,5,47,-42
114000084,3,1,2
114000085,16,108,-92
114000086,12,92,-80
114000087,0,24,-24
114000088,0,0,0
114000089,67,35,32
114000090,25,9,16
114000091,97,46,51
114000092,41,39,2
114000093,12,115,-103
114000094,26,31,-5
114000095,0,0,0
114000096,7,140,-133
114000097,4,148,-144
114000098,0,0,0
114000099,9,53,-44
114000100,6,26,-20
114000101,18,184,-166
114000102,0,0,0
114000103,4,20,-16
114000104,0,18,-18
114000105,5,5,0
114000106,47,17,30
114000107,7,8,-1
114000108,333,184,149
114000109,0,0,0
114000110,73,280,-207
114000111,0,0,0
114000112,50,497,-447
114000113,0,0,0
114000114,142,354,-212
114000115,0,0,0
114000116,61,24,37
114000117,41,11,30
114000118,64,6,58
114000119,42,7,35
114000120,81,256,-175
114000121,51,98,-47
114000122,50,64,-14
114000123,4,6,-2
114000124,0,1,-1
114000125,143,526,-383
114000126,12,4,8
114000127,2,63,-61
114000128,31,75,-44
114000130,0,0,0
114000131,0,0,0
114000132,83,159,-76
114000133,140,185,-45
114000134,2,33,-31
114000138,5,28,-23
114000139,0,0,0
114000144,0,0,0
114000145,2,22,-20
114000146,3,29,-26
114000147,0,0,0
114000148,71,4,67
114000149,2,9,-7
114000150,233,144,89
114000151,15,7,8
114000152,1,6,-5
114000153,179,165,14
114000154,57,124,-67
114000155,50,79,-29
114000156,27,33,-6
114000157,23,89,-66
114000158,176,91,85
114000159,22,61,-39
114000160,10,17,-7
114000161,56,30,26
114000162,9,7,2
114000163,0,5,-5
114000165,0,0,0
114000166,57,10,47
114000167,235,299,-64
114000168,74,49,25
114000169,244,80,164
114000170,84,75,9
114000171,86,56,30
114000174,53,139,-86
114000176,84,206,-122
114000177,278,165,113
114000178,0,0,0
114000179,16,3,13
114000180,91,186,-95
114000181,123,240,-117
114000182,388,685,-297
114000183,278,426,-148
114000184,393,608,-215
114000185,29,18,11
114000189,0,0,0
114000190,0,0,0
114000191,0,0,0
114000192,49,344,-295
114000193,146,448,-302
114000194,198,255,-57
114000195,0,0,0
114000196,1,58,-57
114000197,0,16,-16
114000198,123,56,67
114000199,180,104,76
114000200,49,446,-397
114000201,9,235,-226
114000202,122,163,-41
114000203,112,267,-155
114000204,13,55,-42
114000205,5,256,-251
114000206,59,359,-300
114000207,136,538,-402
114000208,53,565,-512
114000209,108,699,-591
114000210,56,386,-330
114000211,29,102,-73
114000212,45,119,-74
114000213,164,31,133
114000214,9,24,-15
114000215,0,17,-17
114000216,72,0,72
114000217,2,61,-59
114000218,2,40,-38
114000219,48,54,-6
114000220,7,395,-388
114000221,28,26,2
114000222,17,291,-274
114000223,0,0,0
114000224,38,133,-95
114000225,51,185,-134
114000226,7,77,-70
114000227,51,65,-14
114000228,16,79,-63
114000229,75,243,-168
114000230,47,105,-58
114000231,96,283,-187
114000232,3,26,-23
114000233,26,8,18
114000234,37,57,-20
114000235,98,321,-223
114000236,1,326,-325
114000237,28,201,-173
114000238,0,6,-6
114000239,6,300,-294
114000240,124,185,-61
114000241,46,236,-190
114000242,167,202,-35
114000243,112,91,21
114000244,0,0,0
114000245,55,250,-195
114000246,61,12,49
114000247,20,40,-20
114000248,64,60,4
114000249,26,47,-21
114000250,45,226,-181
114000251,9,66,-57
114000252,13,15,-2
114000253,0,0,0
114000254,0,7,-7
114000255,17,29,-12
114000256,10,15,-5
114000257,111,575,-464
114000258,15,66,-51
114000259,10,73,-63
114000260,0,45,-45
114000261,14,1,13
114000262,2,49,-47
114000263,0,0,0
114000264,8,52,-44
114000265,0,2,-2
114000267,0,355,-355
114000268,0,373,-373
114000270,0,0,0
114000271,36,23,13
114000283,34,50,-16
114000285,6,57,-51
114000288,3,98,-95
114000289,19,17,2
114000293,15,132,-117
114000294,5,5,0
114000395,82,1,81
114000396,0,0,0
114000402,7,33,-26
114000403,2,18,-16
114000405,6,161,-155
114000423,4,115,-111
114000424,12,31,-19
114000425,14,149,-135
114000426,0,0,0
114000427,11,38,-27
114000428,0,0,0
114000429,3,35,-32
114000432,0,0,0
114000434,4,13,-9
114000435,0,32,-32
114900001,0,0,0
114900002,0,0,0
114900003,0,0,0
114900004,0,0,0
114900005,0,0,0
114900006,0,0,0
114900007,0,0,0
114900008,0,0,0
114900010,87,14,73
114900011,0,0,0
114900013,0,0,0
114900018,0,0,0
114900020,0,0,0
114900022,0,20,-20
114900025,0,0,0
114900026,0,0,0
114900029,0,0,0
114900030,0,0,0
114900031,0,0,0
114900032,0,0,0
114900034,1,27,-26
114900035,3,13,-10
114900036,23,126,-103
114900039,12,103,-91
114900040,1,6,-5
114900041,10,107,-97
114900042,12,143,-131
114900044,0,0,0
114900047,4,44,-40
114900048,0,9,-9
114900049,7,46,-39
114900050,5,64,-59
114900051,1,63,-62
114900052,1,9,-8
114900053,4,14,-10
114900054,1,8,-7
114900057,0,0,0
114900058,0,25,-25
114900059,0,0,0
114900063,2,30,-28
114900064,10,100,-90
114900065,6,69,-63
114900067,2,22,-20
114900068,4,28,-24
114900069,15,4,11
114900070,0,0,0
114900072,2,25,-23
114900073,0,30,-30
114900074,0,0,0
114900075,0,0,0
114900076,0,51,-51
114900080,0,0,0
114900082,2,92,-90
114900083,0,45,-45
114900090,0,0,0
114900091,6,6,0
114900097,0,0,0
114900098,0,0,0
114900099,0,0,0
115000001,1312,2113,-801
115000002,370,169,201
115000003,667,1421,-754
115000004,285,281,4
115000005,343,1145,-802
115000006,69,128,-59
115000007,0,0,0
115000008,29,32,-3
115000009,4,8,-4
115000010,0,0,0
115000013,11,28,-17
115000015,15,51,-36
115000016,81,49,32
115000019,1,36,-35
115000020,0,0,0
115000021,49,94,-45
115000022,88,115,-27
115000023,78,2,76
115000024,78,155,-77
115000025,24,6,18
115000026,31,94,-63
115000027,19,11,8
115000028,19,116,-97
115000029,26,3,23
115000030,61,224,-163
115000031,68,0,68
115000032,3,93,-90
115000033,0,0,0
115000034,3,256,-253
115000035,0,0,0
115000036,1,126,-125
115000037,0,0,0
115000038,0,0,0
115000039,78,108,-30
115000040,367,290,77
115000041,33,196,-163
115000042,27,59,-32
115000043,129,443,-314
115000044,781,937,-156
115000045,230,749,-519
115000046,47,228,-181
115000047,98,154,-56
115000048,282,945,-663
115000049,364,833,-469
115000050,184,113,71
115000051,317,137,180
115000052,499,475,24
115000053,159,153,6
115000054,123,181,-58
115000055,21,138,-117
115000056,0,15,-15
115000057,14,141,-127
115000058,1,27,-26
115000059,1,58,-57
115000061,0,0,0
115000062,6,77,-71
115000063,9,75,-66
115000064,0,0,0
115000065,0,36,-36
115000067,0,0,0
115000069,3,72,-69
115000070,2,95,-93
115000071,0,0,0
115000072,3,7,-4
115000073,168,5,163
115000075,0,7,-7
115000076,320,377,-57
115000077,94,445,-351
115000078,50,290,-240
115000079,105,348,-243
115000080,96,508,-412
115000081,33,68,-35
115000082,213,415,-202
115000083,199,458,-259
115000084,0,0,0
115000085,47,236,-189
115000086,0,0,0
115000087,43,377,-334
115000088,0,0,0
115000089,488,434,54
115000090,32,46,-14
115000091,26,196,-170
115000092,6,84,-78
115000093,0,0,0
115000094,702,527,175
115000095,506,1019,-513
115000096,37,287,-250
115000097,21,187,-166
115000098,30,238,-208
115000099,49,428,-379
115000100,10,33,-23
115000101,85,451,-366
115000102,11,13,-2
115000103,80,231,-151
115000105,0,0,0
115000106,2,9,-7
115000107,10,215,-205
115000108,855,985,-130
115000109,197,89,108
115000110,229,84,145
115000111,97,294,-197
115000112,58,80,-22
115000113,53,133,-80
115000114,204,175,29
115000116,187,120,67
115000117,87,192,-105
115000118,102,194,-92
115000119,152,193,-41
115000120,97,173,-76
115000121,494,143,351
115000122,497,187,310
115000123,114,151,-37
115000124,53,86,-33
115000125,25,60,-35
115000126,4,47,-43
115000127,38,21,17
115000128,20,56,-36
115000129,4,23,-19
115000130,8,108,-100
115000131,7,37,-30
115000132,4,48,-44
115000133,5,49,-44
115000134,8,31,-23
115000135,3,34,-31
115000136,0,0,0
115000137,2,49,-47
115000138,0,0,0
115000139,27,90,-63
115000140,0,0,0
115000141,16,83,-67
115000142,17,101,-84
115000143,3,1,2
115000144,6,10,-4
115000145,16,148,-132
115000146,0,0,0
115000147,10,81,-71
115000148,57,151,-94
115000149,8,1,7
115000150,66,123,-57
115000151,10,2,8
115000152,35,192,-157
115000153,2,1,1
115000154,2,1,1
115000155,53,186,-133
115000156,3,1,2
115000157,85,110,-25
115000158,17,23,-6
115000159,4,0,4
115000160,0,0,0
115000161,26,54,-28
115000162,0,0,0
115000163,112,159,-47
115000164,111,118,-7
115000165,0,0,0
115000167,0,0,0
115000168,0,0,0
115000169,132,128,4
115000170,71,68,3
115000171,0,0,0
115000172,48,67,-19
115000173,0,0,0
115000174,0,0,0
115000175,20,28,-8
115000176,0,0,0
115000177,1,13,-12
115000178,9,49,-40
115000179,0,0,0
115000180,0,84,-84
115000181,0,0,0
115000182,0,0,0
115000183,14,135,-121
115000186,28,38,-10
115000187,8,155,-147
115000188,168,54,114
115000189,71,89,-18
115000190,74,31,43
115000191,12,113,-101
115000194,7,17,-10
115000195,0,0,0
115000196,0,0,0
115000197,4,44,-40
115000198,0,0,0
115000199,4,39,-35
115000200,0,0,0
115000201,22,80,-58
115000206,0,0,0
115000207,1,78,-77
115000208,31,202,-171
115000209,78,21,57
115000210,2,5,-3
115000211,44,42,2
115000212,162,144,18
115000224,0,0,0
115000225,0,0,0
115000229,0,0,0
115000230,0,0,0
115000231,14,390,-376
115000232,9,49,-40
115000233,9,96,-87
115000234,0,0,0
115000241,0,0,0
115000242,0,0,0
115000243,0,0,0
115000244,0,0,0
115000246,0,0,0
115000247,0,0,0
115000248,0,0,0
115000249,0,0,0
115000250,3,5,-2
115000251,0,0,0
115000252,0,0,0
115000253,0,0,0
115000258,0,0,0
115000259,0,0,0
115000261,0,0,0
115000262,0,0,0
115000263,0,0,0
115000264,0,0,0
115000267,0,0,0
115000268,6,4,2
115000269,0,0,0
115000270,0,0,0
115000272,0,0,0
115000273,0,0,0
115000280,0,0,0
115000281,162,41,121
115000282,34,20,14
115000284,144,75,69
115000296,0,0,0
115000297,0,0,0
115000298,18,13,5
115000300,1,49,-48
115000302,0,0,0
115000303,0,0,0
115000304,0,0,0
115000305,7,154,-147
115000306,1,85,-84
115000307,1,38,-37
115000308,0,0,0
115000310,54,274,-220
115000311,0,0,0
115000313,27,94,-67
115000314,0,0,0
115000315,232,129,103
115000316,0,0,0
115000317,3,100,-97
115000318,44,33,11
115000319,7,66,-59
115000320,3,48,-45
115000321,56,1,55
115000322,9,48,-39
115000449,0,0,0
115000557,0,8,-8
115000558,0,0,0
115000587,1,0,1
115000588,754,1537,-783
115000589,579,340,239
115000590,114,497,-383
115000591,42,118,-76
115000592,111,569,-458
115000593,79,37,42
115000594,173,667,-494
115000609,0,1,-1
115000617,296,43,253
115000624,0,0,0
115000633,15,535,-520
115000634,419,131,288
115000635,18,8,10
115000638,0,0,0
115000641,0,0,0
115000642,17,28,-11
115000643,4,94,-90
115000644,11,72,-61
115000646,117,145,-28
115000647,13,85,-72
115000648,30,341,-311
115000893,373,126,247
115000894,25,480,-455
115000895,139,449,-310
115000896,136,22,114
115000897,88,2,86
115000898,113,22,91
115000899,142,90,52
115000900,12,28,-16
115000901,37,23,14
115000912,17,4,13
115000913,0,0,0
115000915,0,0,0
115000916,0,0,0
115000917,0,0,0
115000918,0,0,0
115000919,0,0,0
115000920,0,6,-6
115000921,77,6,71
115000922,86,53,33
115000923,110,375,-265
115000925,7,19,-12
115000927,0,0,0
115000933,64,34,30
115000934,0,0,0
115000935,0,0,0
115000936,0,0,0
115000937,174,5,169
115000938,78,21,57
115000939,34,37,-3
115000940,0,0,0
115000941,0,0,0
115000942,0,0,0
115000943,9,8,1
115000944,2,6,-4
115900001,0,0,0
115900002,0,0,0
115900003,0,0,0
115900004,0,0,0
115900005,0,0,0
115900006,0,0,0
115900008,0,0,0
115900009,0,0,0
115900010,0,0,0
115900011,3,16,-13
115900012,0,0,0
115900013,0,0,0
115900014,1,4,-3
115900015,0,0,0
115900016,0,0,0
115900017,0,0,0
115900018,5,1,4
115900019,0,0,0
115900020,0,0,0
115900021,49,0,49
115900022,0,0,0
115900023,0,0,0
115900025,0,0,0
115900026,0,0,0
115900027,0,3,-3
115900028,25,2,23
115900029,0,41,-41
115900030,0,0,0
115900031,0,0,0
115900032,0,0,0
115900033,0,0,0
115900034,1,30,-29
115900035,0,0,0
115900036,2,2,0
115900037,0,32,-32
115900038,0,0,0
115900039,0,0,0
115900041,1,1,0
115900042,0,0,0
115900043,0,0,0
115900044,0,0,0
115900046,1,3,-2
115900047,0,0,0
115900049,0,0,0
115900051,0,25,-25
115900052,2,30,-28
115900053,0,0,0
115900054,0,8,-8
115900055,0,13,-13
115900056,0,0,0
115900057,0,0,0
115900058,3,4,-1
115900060,0,0,0
115900061,0,0,0
115900062,1,48,-47
115900063,6,1,5
115900064,0,0,0
115900065,0,0,0
115900066,5,6,-1
115900067,0,79,-79
115900068,290,2,288
115900069,0,0,0
115900070,0,0,0
115900071,0,11,-11
115900072,8,18,-10
115900073,0,0,0
115900074,0,55,-55
115900075,0,0,0
115900076,0,0,0
115900077,1,42,-41
115900078,0,0,0
115900079,0,0,0
115900080,0,0,0
115900081,3,9,-6
115900082,0,0,0
115900084,0,0,0
115900085,0,0,0
115900086,0,0,0
115900088,0,5,-5
115900089,0,60,-60
115900090,0,0,0
115900091,0,0,0
115900092,0,7,-7
115900093,0,0,0
115900094,1,41,-40
115900096,0,1,-1
115900097,0,35,-35
115900098,1,19,-18
115900099,0,0,0
115900100,0,0,0
115900101,3,18,-15
115900102,0,0,0
115900103,4,12,-8
115900104,0,0,0
115900105,0,0,0
115900106,0,0,0
115900107,0,0,0
115900108,0,0,0
115900109,0,0,0
115900110,0,0,0
115900111,0,6,-6
115900112,0,0,0
115900113,0,0,0
115900114,0,26,-26
115900115,0,9,-9
115900116,0,0,0
115900117,0,0,0
115900118,0,98,-98
115900119,0,2,-2
115900120,0,0,0
115900121,0,0,0
115900124,0,0,0
115900125,0,0,0
115900126,0,0,0
115900127,0,0,0
115900128,0,1,-1
115900129,0,0,0
115900130,0,0,0
115900131,0,0,0
115900132,0,0,0
115900134,0,0,0
115900135,0,0,0
115900137,0,0,0
115900139,2,0,2
115900140,0,0,0
115900141,0,0,0
115900142,0,0,0
115900143,0,9,-9
115900144,0,25,-25
115900146,0,0,0
115900147,0,0,0
115900148,0,0,0
115900149,0,3,-3
115900150,0,0,0
115900151,0,0,0
115900152,0,0,0
115900153,0,0,0
115900154,0,0,0
115900155,0,0,0
115900156,0,0,0
115900157,0,0,0
115900158,0,0,0
115900159,0,0,0
115900160,0,0,0
115900161,0,0,0
115900163,0,0,0
115900164,0,0,0
115900166,0,0,0
115900168,0,0,0
115900171,0,0,0
115900172,0,0,0
115900173,0,0,0
115900174,0,0,0
115900175,1,4,-3
115900178,0,88,-88
115900179,0,0,0
115900180,0,0,0
115900181,1,12,-11
115900182,27,3,24
115900183,0,0,0
115900184,0,0,0
115900187,0,1,-1
115900189,0,0,0
115900190,0,0,0
115900191,0,0,0
115900192,0,0,0
115900193,0,0,0
115900194,0,0,0
115900195,0,0,0
115900198,0,0,0
115900199,0,0,0
115900200,0,0,0
115900201,0,0,0
115900202,0,0,0
115900203,0,0,0
115900204,0,0,0
115900205,0,0,0
115900206,0,5,-5
115900207,0,0,0
115900208,0,0,0
115900209,0,0,0
115900210,0,0,0
115900211,0,0,0
115900212,0,0,0
115900213,0,0,0
115900214,0,13,-13
115900215,0,0,0
115900216,1,22,-21
115900217,0,15,-15
115900218,0,12,-12
115900219,0,0,0
115900220,0,0,0
115900221,0,0,0
115900222,0,0,0
115900223,0,0,0
115900224,0,0,0
115900225,0,0,0
115900226,0,0,0
115900227,0,0,0
115900228,0,0,0
115900229,0,0,0
115900230,0,0,0
115900231,0,0,0
115900232,0,0,0
115900233,0,0,0
115900234,0,0,0
115900235,0,0,0
115900236,0,1,-1
115900237,0,4,-4
115900238,0,4,-4
115900239,0,8,-8
115900240,0,14,-14
115900241,0,0,0
115900242,0,0,0
115900243,0,0,0
115900244,0,0,0
115900245,0,0,0
115900246,0,0,0
115900247,0,0,0
115900248,0,0,0
115900249,0,0,0
115900250,0,0,0
115900251,0,0,0
115900252,0,0,0
115900253,0,0,0
115900254,0,0,0
115900255,0,0,0
115900256,0,0,0
115900257,0,0,0
115900258,0,0,0
115900259,0,0,0
115900260,0,0,0
115900261,0,0,0
115900262,0,0,0
115900263,0,0,0
115900264,0,0,0
115900265,0,0,0
115900266,0,0,0
115900267,0,0,0
115900268,0,0,0
115900269,2,5,-3
115900270,0,0,0
115900271,0,0,0
115900272,0,0,0
115900273,0,0,0
115900274,0,0,0
115900275,0,0,0
115900276,0,0,0
115900277,0,0,0
115900278,0,5,-5
115900279,1,18,-17
115900280,1,9,-8
115900281,0,8,-8
115900282,0,0,0
115900283,0,0,0
115900284,0,0,0
116000001,3705,886,2819
116000002,854,167,687
116000003,391,466,-75
116000004,611,73,538
116000005,223,484,-261
116000006,223,130,93
116000007,563,762,-199
116000008,396,317,79
116000009,159,368,-209
116000010,147,54,93
116000011,60,147,-87
116000012,120,112,8
116000013,1585,610,975
116000014,479,98,381
116000015,30,139,-109
116000016,209,47,162
116000017,5,103,-98
116000018,37,15,22
116000019,26,77,-51
116000020,24,33,-9
116000021,18,70,-52
116000022,5,16,-11
116000023,12,39,-27
116000024,23,59,-36
116000025,22,53,-31
116000026,77,373,-296
116000027,9,72,-63
116000028,0,0,0
116000029,94,109,-15
116000030,0,0,0
116000031,47,65,-18
116000032,14,60,-46
116000033,3,119,-116
116000034,16,154,-138
116000035,29,174,-145
116000036,51,38,13
116000037,0,0,0
116000038,0,0,0
116000039,61,46,15
116000040,0,0,0
116000041,11,43,-32
116000042,0,0,0
116000043,17,78,-61
116000044,7,14,-7
116000045,0,0,0
116000046,161,316,-155
116000047,202,338,-136
116000048,35,45,-10
116000049,33,91,-58
116000050,181,252,-71
116000051,61,77,-16
116000052,218,479,-261
116000053,0,0,0
116000054,44,323,-279
116000055,80,150,-70
116000056,0,0,0
116000057,546,244,302
116000058,413,152,261
116000059,194,59,135
116000060,581,67,514
116000061,106,62,44
116000062,53,84,-31
116000063,24,92,-68
116000066,0,0,0
116000067,71,99,-28
116000068,0,0,0
116000069,55,113,-58
116000078,0,0,0
116000080,155,185,-30
116000082,1,37,-36
116000083,100,77,23
116000084,61,253,-192
116000085,200,75,125
116000086,110,108,2
116000087,201,79,122
116000088,104,118,-14
116000089,10,11,-1
116000090,0,0,0
116000091,7,38,-31
116000093,43,32,11
116000094,6,129,-123
116000095,62,36,26
116000096,24,139,-115
116000097,31,86,-55
116000098,6,217,-211
116000099,686,22,664
116000100,2,0,2
116000101,7,49,-42
116000102,9,117,-108
116000103,3,20,-17
116000104,5,146,-141
116000105,4,25,-21
116000106,7,148,-141
116000107,21,62,-41
116000108,0,36,-36
116000111,0,0,0
116000113,0,0,0
116000114,3,6,-3
116000115,0,0,0
116000116,12,23,-11
116000117,0,0,0
116000118,73,272,-199
116000119,4,22,-18
116000120,248,713,-465
116000121,0,0,0
116000122,243,733,-490
116000123,0,0,0
116000124,54,369,-315
116000125,2,7,-5
116000126,54,488,-434
116000127,155,363,-208
116000128,6,4,2
116000129,6,3,3
116000130,1,5,-4
116000133,116,196,-80
116000134,96,549,-453
116000135,44,159,-115
116000136,87,446,-359
116000137,20,79,-59
116000138,145,51,94
116000139,64,377,-313
116000140,20,39,-19
116000141,22,118,-96
116000142,618,1034,-416
116000143,415,58,357
116000144,186,689,-503
116000145,210,132,78
116000146,25,26,-1
116000147,44,7,37
116000148,7,35,-28
116000149,0,58,-58
116000151,74,232,-158
116000153,0,0,0
116000155,0,0,0
116000156,31,128,-97
116000157,0,0,0
116000158,9,107,-98
116000159,0,0,0
116000160,0,6,-6
116000161,1,8,-7
116000162,37,1,36
116000163,2,1,1
116000164,0,3,-3
116000177,1,20,-19
116000194,1,80,-79
116000195,69,60,9
116000196,0,0,0
116000197,0,1,-1
116000198,78,45,33
116000200,0,0,0
116000201,89,83,6
116000202,0,0,0
116000203,0,9,-9
116000204,1,8,-7
116000205,0,26,-26
116000206,0,17,-17
116000207,0,7,-7
116000233,2,16,-14
116000287,15,135,-120
116000288,0,0,0
116000292,0,12,-12
116000296,0,0,0
116000297,2,16,-14
116000304,0,0,0
116000305,0,0,0
116000346,1,24,-23
116000352,2,1,1
116000354,0,1,-1
116000357,0,1,-1
116000358,0,0,0
116000361,0,0,0
116000372,384,281,103
116000381,0,0,0
116000388,1,10,-9
116000389,21,26,-5
116000445,16,262,-246
116000446,0,0,0
116000447,5,183,-178
116000448,0,0,0
116000563,0,0,0
116000565,17,39,-22
116000568,4,2,2
116000579,2,11,-9
116000583,0,0,0
116000584,0,3,-3
116000585,0,0,0
116000586,26,8,18
116000587,0,64,-64
116000589,18,12,6
116000590,0,0,0
116000591,0,0,0
116000592,0,0,0
116000593,0,0,0
116000594,7,67,-60
116000595,5,21,-16
116000596,0,5,-5
116000597,0,0,0
116000598,1,19,-18
116000605,1,10,-9
116000606,0,0,0
116000607,0,8,-8
116000609,1,42,-41
116000611,11,163,-152
116000612,105,142,-37
116000613,0,0,0
116000614,43,235,-192
116000615,0,92,-92
116000616,0,16,-16
116000617,2,5,-3
116000618,0,18,-18
116000619,0,2,-2
116000620,4,43,-39
116000621,0,0,0
116000622,0,0,0
116000624,0,0,0
116000627,0,0,0
116000628,0,0,0
116000629,0,0,0
116000630,0,0,0
116000631,0,0,0
116000632,0,0,0
116000633,0,0,0
116000634,26,100,-74
116000635,135,168,-33
116000636,435,183,252
116000637,14,52,-38
116000638,0,0,0
116000639,0,0,0
116000640,0,0,0
116000641,43,83,-40
116000643,1,50,-49
116000644,13,430,-417
116000645,0,0,0
116900001,0,0,0
116900002,0,0,0
116900003,0,0,0
116900004,0,0,0
116900005,0,1,-1
116900006,0,0,0
116900007,0,0,0
116900008,0,58,-58
116900009,0,0,0
116900010,0,90,-90
116900011,0,2,-2
116900012,0,0,0
116900013,0,25,-25
116900014,0,0,0
116900015,0,0,0
116900016,0,0,0
116900017,0,20,-20
116900018,0,0,0
116900019,1,36,-35
116900020,7,3,4
116900023,0,0,0
116900024,0,0,0
116900025,0,38,-38
116900026,0,23,-23
116900027,0,0,0
116900028,1,8,-7
116900029,0,0,0
116900031,0,0,0
116900032,0,6,-6
116900033,0,0,0
116900034,0,9,-9
116900035,1,2,-1
116900036,0,11,-11
116900038,0,0,0
116900041,0,0,0
116900042,102,12,90
116900043,0,2,-2
116900047,0,0,0
116900049,1,21,-20
116900050,0,8,-8
116900051,0,0,0
116900052,0,0,0
116900055,0,0,0
116900057,1,14,-13
116900058,0,10,-10
116900059,0,0,0
116900060,3,16,-13
116900062,0,0,0
116900064,2,92,-90
116900065,1,5,-4
116900067,0,0,0
116900068,30,18,12
116900070,0,0,0
116900072,0,52,-52
116900073,0,0,0
116900074,0,0,0
116900076,0,0,0
116900077,0,5,-5
116900078,8,11,-3
116900079,0,1,-1
116900080,0,0,0
116900081,7,42,-35
116900082,4,48,-44
116900083,0,0,0
116900084,2,1,1
116900085,0,3,-3
116900086,0,15,-15
116900088,0,0,0
116900090,0,0,0
116900091,0,13,-13
116900092,3,29,-26
116900093,3,0,3
116900094,138,7,131
116900095,0,10,-10
116900096,2,9,-7
116900097,10,0,10
116900098,70,1,69
116900099,13,1,12
116900100,0,0,0
116900101,6,31,-25
116900103,0,0,0
116900104,0,2,-2
116900105,0,0,0
116900106,0,0,0
116900107,10,2,8
116900110,0,0,0
116900111,0,2,-2
116900112,0,1,-1
116900113,0,0,0
116900116,0,0,0
116900117,1,10,-9
116900118,5,219,-214
116900120,0,0,0
116900121,0,0,0
116900122,4,145,-141
116900123,3,102,-99
116900124,0,18,-18
116900125,0,7,-7
116900126,6,20,-14
116900128,0,7,-7
116900129,0,44,-44
116900130,75,106,-31
116900131,2,45,-43
116900132,0,9,-9
116900133,2,21,-19
116900134,5,15,-10
116900136,1,8,-7
116900137,3,13,-10
116900138,5,16,-11
116900139,6,33,-27
116900140,2,6,-4
116900141,2,6,-4
116900142,0,1,-1
116900143,3,36,-33
116900144,1,0,1
116900145,2,14,-12
116900147,6,17,-11
116900148,0,0,0
116900149,0,0,0
116900150,0,0,0
116900151,0,0,0
116900153,0,0,0
116900154,0,1,-1
116900155,3,8,-5
116900157,0,0,0
116900158,1,1,0
116900159,2,50,-48
116900160,0,0,0
116900161,685,69,616
116900162,0,0,0
116900163,0,0,0
116900164,0,1,-1
116900165,0,0,0
116900166,0,0,0
116900167,0,0,0
116900168,1,1,0
116900169,0,0,0
116900170,0,0,0
116900171,0,0,0
116900172,0,0,0
116900173,1,2,-1
116900174,0,13,-13
116900175,0,0,0
116900178,0,0,0
116900179,0,0,0
116900180,2,0,2
116900182,0,0,0
116900183,0,0,0
116900185,0,0,0
116900186,0,0,0
116900187,0,0,0
116900188,0,0,0
116900189,0,0,0
116900191,0,0,0
116900192,0,0,0
116900194,0,0,0
116900195,0,0,0
116900196,0,0,0
116900197,0,0,0
116900198,10,9,1
116900200,0,0,0
116900201,0,0,0
116900202,0,0,0
116900203,0,0,0
116900204,1,0,1
116900206,0,0,0
116900207,0,1,-1
116900208,0,0,0
116900209,0,0,0
116900210,0,5,-5
116900211,0,0,0
116900212,0,0,0
116900213,0,0,0
116900214,1,4,-3
116900215,0,0,0
116900216,0,1,-1
116900218,0,30,-30
116900219,54,34,20
116900220,0,0,0
116900221,4,13,-9
116900222,0,0,0
116900223,0,0,0
116900226,1,2,-1
116900227,0,3,-3
116900228,2,23,-21
116900230,3,7,-4
116900231,0,18,-18
116900232,0,10,-10
116900233,0,0,0
116900234,0,0,0
116900235,4,82,-78
116900238,23,12,11
116900239,0,11,-11
116900240,64,8,56
116900241,0,0,0
116900242,26,6,20
116900243,0,0,0
116900245,0,0,0
116900246,2,4,-2
116900247,0,0,0
116900248,0,1,-1
116900249,0,0,0
116900250,3,8,-5
116900251,0,0,0
116900252,0,0,0
116900254,0,0,0
116900255,2,1,1
116900256,3,5,-2
116900257,0,76,-76
116900258,0,45,-45
116900259,0,0,0
116900260,0,13,-13
116900261,0,0,0
116900262,0,15,-15
116900263,0,0,0
116900264,0,0,0
116900265,0,0,0
116900266,0,0,0
116900267,0,0,0
116900268,0,0,0
116900269,0,8,-8
116900271,0,0,0
116900272,31,24,7
116900273,0,1,-1
116900274,0,0,0
116900275,0,0,0
116900276,0,0,0
116900277,0,0,0
116900278,0,0,0
116900279,0,2,-2
116900280,0,1,-1
116900281,56,23,33
116900282,0,1,-1
116900283,0,3,-3
116900284,0,4,-4
116900285,0,0,0
116900286,0,0,0
116900287,0,0,0
116900288,0,0,0
116900289,0,0,0
116900290,0,0,0
116900291,0,0,0
116900292,0,0,0
116900293,0,0,0
116900294,1,12,-11
116900295,0,0,0
116900296,0,0,0
116900297,0,0,0
116900298,0,0,0
116900299,0,0,0
116900300,0,0,0
116900301,0,0,0
116900302,0,3,-3
116900303,0,3,-3
116900304,0,9,-9
116900305,0,0,0
116900306,0,0,0
116900307,0,0,0
116900308,0,0,0
116900309,0,0,0
116900310,0,0,0
117000001,15,65,-50
117000002,308,537,-229
117000003,160,67,93
117000004,518,728,-210
117000005,159,46,113
117000006,143,861,-718
117000007,91,7,84
117000008,204,888,-684
117000009,0,0,0
117000010,428,832,-404
117000011,0,0,0
117000012,135,509,-374
117000013,0,0,0
117000014,81,483,-402
117000015,0,0,0
117000016,6,21,-15
117000017,20,16,4
117000018,2,87,-85
117000019,2,1,1
117000020,39,222,-183
117000021,332,48,284
117000022,15,3,12
117000023,23,40,-17
117000024,45,44,1
117000025,58,81,-23
117000026,35,15,20
117000027,329,569,-240
117000028,0,0,0
117000030,19,33,-14
117000031,0,0,0
117000032,193,207,-14
117000033,127,141,-14
117000034,21,25,-4
117000035,0,0,0
117000036,29,32,-3
117000037,0,0,0
117000038,5,45,-40
117000039,3,11,-8
117000040,15,241,-226
117000041,0,0,0
117000044,3,165,-162
117000045,0,0,0
117000046,45,162,-117
117000047,0,0,0
117000048,233,149,84
117000049,21,20,1
117000050,4,405,-401
117000051,40,7,33
117000052,0,24,-24
117000053,46,13,33
117000054,29,0,29
117000055,32,617,-585
117000056,13,1,12
117000057,33,365,-332
117000060,19,93,-74
117000061,1,8,-7
117000062,9,25,-16
117000063,0,0,0
117000064,72,75,-3
117000066,81,56,25
117000067,5,24,-19
117000074,0,0,0
117000076,0,0,0
117000077,11,9,2
117000078,3,20,-17
117000079,2,13,-11
117000080,1,125,-124
117000081,8,5,3
117000082,8,54,-46
117000083,0,8,-8
117000084,0,0,0
117000085,12,75,-63
117000086,6,96,-90
117000087,22,93,-71
117000088,0,0,0
117000089,11,15,-4
117000090,38,437,-399
117000091,4,8,-4
117000092,43,421,-378
117000093,5,9,-4
117000094,62,535,-473
117000095,8,27,-19
117000096,89,671,-582
117000097,2,30,-28
117000098,301,1053,-752
117000099,14,15,-1
117000100,1,8,-7
117000101,22,117,-95
117000102,0,0,0
117000103,248,490,-242
117000104,0,0,0
117000105,126,395,-269
117000106,0,0,0
117000107,83,373,-290
117000108,0,0,0
117000109,553,859,-306
117000110,0,0,0
117000111,376,362,14
117000112,96,137,-41
117000113,2,24,-22
117000114,0,0,0
117000115,6,10,-4
117000116,0,16,-16
117000117,17,10,7
117000118,7,20,-13
117000119,1,4,-3
117000120,0,0,0
117000121,0,3,-3
117000122,0,0,0
117000123,0,0,0
117000124,0,0,0
117000125,0,1,-1
117000126,0,0,0
117000127,1,1,0
117000128,3,10,-7
117000129,0,0,0
117000130,0,0,0
117000131,1,39,-38
117000132,45,49,-4
117000133,0,17,-17
117000134,0,15,-15
117000135,0,11,-11
117000136,0,15,-15
117000137,0,0,0
117000138,2,93,-91
117000140,86,361,-275
117000141,0,0,0
117000181,57,2,55
117000182,0,0,0
117000195,7,88,-81
117000196,0,0,0
117000225,0,0,0
117000226,2,2,0
117000276,0,0,0
117000277,0,51,-51
117000310,316,367,-51
117000315,0,0,0
117000320,0,0,0
117000906,0,0,0
117000907,3,105,-102
117000909,10,7,3
117000910,23,24,-1
117000911,7,15,-8
117000915,0,68,-68
117000916,0,0,0
117000917,0,0,0
117000918,0,0,0
117000919,1,8,-7
117000920,0,443,-443
117000921,0,243,-243
117000922,0,0,0
117000924,68,17,51
117000926,168,16,152
117000927,1,18,-17
117000928,0,41,-41
117000929,11,57,-46
117000930,33,26,7
117000931,50,3,47
117900002,11,18,-7
117900003,9,15,-6
117900005,0,0,0
117900006,0,5,-5
117900007,1,27,-26
117900008,1,5,-4
117900010,0,22,-22
117900011,1,1,0
117900012,0,20,-20
117900013,1,26,-25
117900014,1,48,-47
117900015,0,30,-30
117900016,57,7,50
117900017,2,63,-61
117900018,3,3,0
117900019,0,51,-51
117900020,0,14,-14
117900021,0,15,-15
117900023,3,1,2
117900024,10,9,1
117900025,1,0,1
117900026,1,37,-36
117900028,0,0,0
117900029,1,100,-99
117900031,0,0,0
117900032,14,4,10
117900033,0,89,-89
117900034,0,0,0
117900035,5,0,5
117900036,1,62,-61
117900037,0,0,0
117900038,0,41,-41
117900039,1,18,-17
117900040,8,34,-26
117900041,0,7,-7
117900042,92,9,83
117900043,2,5,-3
117900044,0,12,-12
117900045,0,0,0
117900048,7,42,-35
117900049,1,51,-50
117900050,0,0,0
117900051,0,0,0
117900052,0,0,0
117900053,22,61,-39
117900054,0,0,0
117900055,0,0,0
117900056,0,0,0
117900057,15,134,-119
117900058,0,0,0
117900059,0,0,0
117900060,4,285,-281
117900061,0,0,0
117900063,1,8,-7
117900065,110,66,44
117900066,0,0,0
117900067,1,19,-18
117900069,0,20,-20
117900070,0,0,0
117900071,0,0,0
117900073,2,16,-14
117900074,0,0,0
117900075,0,0,0
117900076,0,21,-21
117900077,0,0,0
117900078,3,21,-18
117900080,0,0,0
117900081,28,25,3
117900082,4,7,-3
117900083,1,50,-49
117900086,0,0,0
117900087,0,0,0
117900088,92,52,40
117900089,27,5,22
117900090,3,45,-42
117900091,8,5,3
117900092,0,0,0
117900093,0,0,0
117900094,0,0,0
117900095,5,62,-57
117900096,0,0,0
117900097,0,0,0
117900098,0,0,0
117900099,0,27,-27
117900100,0,0,0
117900101,18,24,-6
117900102,0,0,0
117900103,0,0,0
117900104,0,2,-2
117900105,2,11,-9
117900106,0,0,0
117900107,0,0,0
117900109,10,21,-11
117900110,0,0,0
117900111,0,0,0
117900112,0,0,0
117900113,0,0,0
117900114,0,0,0
117900115,0,0,0
117900116,25,27,-2
117900117,10,18,-8
117900118,0,0,0
117900119,0,41,-41
117900120,0,6,-6
117900121,0,2,-2
117900122,23,19,4
117900123,18,61,-43
117900124,20,28,-8
117900125,157,68,89
117900126,27,31,-4
117900127,3,33,-30
117900128,1,43,-42
117900129,0,0,0
117900130,0,33,-33
117900131,0,11,-11
117900132,0,11,-11
117900133,0,10,-10
117900134,1,16,-15
117900135,0,25,-25
117900136,0,11,-11
117900137,0,27,-27
117900138,0,5,-5
117900139,0,10,-10
117900140,4,1,3
117900141,4,27,-23
117900142,0,0,0
117900144,0,0,0
117900145,0,0,0
117900146,0,0,0
117900147,0,0,0
117900148,100,79,21
117900149,0,4,-4
117900150,1,12,-11
117900151,1,17,-16
117900152,0,3,-3
117900153,1,10,-9
117900154,1,21,-20
117900156,14,20,-6
117900157,0,5,-5
117900158,0,0,0
117900160,26,14,12
117900161,101,158,-57
117900162,1,14,-13
117900163,1,0,1
117900165,0,0,0
117900166,0,8,-8
117900168,0,0,0
117900169,0,0,0
117900170,0,0,0
117900171,0,0,0
117900172,0,0,0
117900173,0,0,0
117900174,0,0,0
117900175,0,0,0
117900176,0,0,0
117900177,0,0,0
117900178,0,0,0
117900180,0,0,0
117900181,0,0,0
117900182,0,0,0
117900183,0,0,0
117900184,0,0,0
117900185,0,0,0
117900186,0,0,0
117900187,0,0,0
117900188,0,0,0
117900189,0,0,0
117900190,0,0,0
117900191,0,0,0
117900192,0,0,0
117900193,0,0,0
117900194,0,0,0
117900195,0,0,0
117900196,0,0,0
117900207,0,0,0
117900208,0,0,0
117900209,0,1,-1
117900210,0,0,0
117900211,0,0,0
117900212,2,4,-2
117900213,0,0,0
117900214,0,0,0
117900215,0,0,0
117900216,0,0,0
117900217,0,12,-12
117900218,0,0,0
117900219,0,7,-7
117900220,0,0,0
117900222,9,25,-16
117900223,0,8,-8
118000001,67,77,-10
118000002,169,322,-153
118000003,164,205,-41
118000004,284,274,10
118000005,882,534,348
118000006,1149,1100,49
118000007,635,387,248
118000008,529,522,7
118000009,540,584,-44
118000010,201,474,-273
118000011,70,295,-225
118000012,102,267,-165
118000013,282,301,-19
118000014,157,481,-324
118000016,24,51,-27
118000017,0,0,0
118000018,21,74,-53
118000019,567,167,400
118000020,275,353,-78
118000021,238,452,-214
118000022,118,28,90
118000023,128,169,-41
118000024,121,163,-42
118000027,2442,561,1881
118000029,111,41,70
118000032,71,55,16
118000033,150,131,19
118000034,526,323,203
118000035,42,387,-345
118000036,25,131,-106
118000037,102,165,-63
118000038,0,0,0
118000039,12,20,-8
118000040,55,356,-301
118000041,171,262,-91
118000045,20,2,18
118000046,79,24,55
118000047,92,35,57
118000048,239,202,37
118000051,21,13,8
118000052,9,7,2
118000053,2,6,-4
118000054,99,38,61
118000055,69,14,55
118000056,0,6,-6
118000057,6,4,2
118000058,34,16,18
118000059,20,25,-5
118000060,12,26,-14
118000061,7,26,-19
118000062,12,7,5
118000063,14,12,2
118000064,21,18,3
118000065,171,41,130
118000066,23,21,2
118000067,371,180,191
118000068,119,268,-149
118000069,242,70,172
118000070,680,70,610
118000071,316,320,-4
118000072,214,121,93
118000073,82,17,65
118000074,6,8,-2
118000075,24,35,-11
118000076,170,154,16
118000077,403,184,219
118000078,101,76,25
118000079,57,166,-109
118000080,289,230,59
118000081,119,82,37
118000082,8,29,-21
118000083,39,36,3
118000084,258,63,195
118000086,16,21,-5
118000087,2174,428,1746
118000088,94,120,-26
118000089,483,663,-180
118000090,803,290,513
118000091,48,67,-19
118000092,145,23,122
118000093,24,23,1
118000096,6,33,-27
118000097,16,20,-4
118000098,1,1,0
118000099,16,121,-105
118000101,98,77,21
118000102,11,100,-89
118000107,188,78,110
118000108,3,27,-24
118000110,0,6,-6
118000111,0,168,-168
118000112,0,0,0
118000113,1,229,-228
118000114,0,0,0
118000115,0,0,0
118000116,0,0,0
118000117,189,165,24
118000118,23,30,-7
118000119,29,35,-6
118000120,235,447,-212
118000121,1,76,-75
118000122,141,6,135
118000123,5,32,-27
118000125,164,384,-220
118000126,10,20,-10
118000127,16,14,2
118000128,219,558,-339
118000129,68,37,31
118000130,644,879,-235
118000131,84,355,-271
118000132,36,48,-12
118000133,28,48,-20
118000135,0,0,0
118000136,7,55,-48
118000137,176,24,152
118000138,1,53,-52
118000139,8,23,-15
118000140,448,285,163
118000141,87,85,2
118000142,135,368,-233
118000143,11,38,-27
118000144,27,21,6
118000145,101,231,-130
118000146,166,269,-103
118000147,133,318,-185
118000148,30,201,-171
118000149,18,81,-63
118000150,3,17,-14
118000151,2,7,-5
118000153,10,30,-20
118000154,21,74,-53
118000155,10,37,-27
118000156,296,262,34
118000157,28,34,-6
118000158,1,44,-43
118000159,0,0,0
118000160,0,0,0
118000161,52,127,-75
118000162,7,54,-47
118000163,17,37,-20
118000164,96,57,39
118000168,10,28,-18
118000169,266,502,-236
118000170,283,487,-204
118000171,0,0,0
118000172,0,0,0
118000173,94,159,-65
118000175,15,20,-5
118000176,8,49,-41
118000177,1,33,-32
118000178,1,4,-3
118000179,0,0,0
118000180,0,0,0
118000181,17,5,12
118000182,77,73,4
118000183,62,161,-99
118000184,0,0,0
118000185,305,148,157
118000186,138,189,-51
118000187,56,170,-114
118000188,12,36,-24
118000189,21,59,-38
118000190,1,0,1
118000191,0,0,0
118000192,287,435,-148
118000193,1,43,-42
118000194,283,51,232
118000195,3,0,3
118000196,0,0,0
118000197,29,9,20
118000198,14,3,11
118000199,78,71,7
118000200,0,0,0
118000201,27,4,23
118000202,0,0,0
118000203,52,15,37
118000204,100,53,47
118000205,46,23,23
118000206,3,0,3
118000207,0,3,-3
118000208,44,84,-40
118000209,150,431,-281
118000210,0,0,0
118000211,0,0,0
118000213,11,6,5
118000214,141,22,119
118000215,65,106,-41
118000216,0,0,0
118000217,3,4,-1
118000218,0,3,-3
118000219,2,1,1
118000220,0,0,0
118000221,0,16,-16
118000222,62,2,60
118000223,0,0,0
118000224,0,0,0
118000225,1,111,-110
118000226,0,0,0
118000227,94,17,77
118000228,51,35,16
118000229,0,0,0
118000230,2,10,-8
118000231,1,8,-7
118000232,52,162,-110
118000233,6,16,-10
118000234,7,11,-4
118000236,0,43,-43
118000237,0,0,0
118000238,4,22,-18
118000239,0,0,0
118000240,34,3,31
118000241,2,0,2
118000242,4,111,-107
118000243,4,7,-3
118000244,1,8,-7
118000246,0,0,0
118000255,0,10,-10
118000256,0,3,-3
118000259,1,1,0
118000260,0,0,0
118000261,0,2,-2
118000263,0,9,-9
118000266,21,24,-3
118000267,0,21,-21
118000268,0,2,-2
118000270,0,0,0
118000271,2,11,-9
118000272,0,0,0
118000273,0,18,-18
118000274,5,33,-28
118000276,0,3,-3
118000295,0,9,-9
118000298,30,125,-95
118000299,15,78,-63
118000301,1,8,-7
118000302,0,1,-1
118000311,3,19,-16
118000312,2,16,-14
118000313,1,24,-23
118000314,0,2,-2
118000315,1,12,-11
118000316,4,40,-36
118000325,0,0,0
118000326,0,0,0
118000331,0,0,0
118000332,0,0,0
118000333,0,0,0
118000335,0,0,0
118000336,0,101,-101
118000407,0,0,0
118000457,1,20,-19
118000465,372,199,173
118000480,0,2,-2
118000489,0,0,0
118000490,3,130,-127
118000492,5,6,-1
118000510,5,1,4
118000514,7,81,-74
118000515,2,28,-26
118000517,86,31,55
118000524,442,166,276
118000525,155,247,-92
118000530,0,0,0
118000531,1,1,0
118000532,29,68,-39
118000533,138,55,83
118000534,100,169,-69
118000535,0,4,-4
118000536,15,18,-3
118000537,0,13,-13
118000538,5,8,-3
118000539,0,0,0
118000540,21,25,-4
118000541,2,30,-28
118000542,0,0,0
118000543,0,0,0
118000546,1,9,-8
118000553,0,2,-2
118000557,0,0,0
118000560,218,41,177
118000562,0,0,0
118000563,166,57,109
118000576,4,17,-13
118000577,26,11,15
118000578,26,9,17
118000579,69,97,-28
118000583,0,0,0
118000595,0,0,0
118000596,0,7,-7
118000597,17,17,0
118000598,0,0,0
118000599,0,0,0
118000600,0,0,0
118000601,0,0,0
118000602,0,0,0
118000603,0,25,-25
118000605,0,2,-2
118000606,0,0,0
118900001,0,0,0
118900002,2,8,-6
118900003,0,0,0
118900004,0,0,0
118900005,0,0,0
118900006,0,0,0
118900007,0,0,0
118900008,0,0,0
118900009,0,0,0
118900010,0,0,0
118900011,2,0,2
118900012,0,0,0
118900013,0,0,0
118900015,0,0,0
118900016,0,4,-4
118900017,0,0,0
118900018,0,0,0
118900019,2,0,2
118900020,0,0,0
118900021,0,0,0
118900022,1,2,-1
118900023,0,0,0
118900024,0,0,0
118900025,0,0,0
118900026,2,1,1
118900027,0,0,0
118900028,0,0,0
118900029,0,0,0
118900030,0,0,0
118900031,5,7,-2
118900032,0,0,0
118900033,0,0,0
118900034,0,0,0
118900035,4,17,-13
118900036,1,33,-32
118900037,0,0,0
118900038,3,20,-17
118900039,0,0,0
118900040,6,1,5
118900041,0,0,0
118900042,0,6,-6
118900045,3,8,-5
118900046,56,3,53
118900047,35,3,32
118900048,0,0,0
118900049,0,0,0
118900050,0,12,-12
118900051,0,0,0
118900052,0,0,0
118900053,0,0,0
118900054,0,8,-8
118900055,0,17,-17
118900056,0,0,0
118900057,0,19,-19
118900058,0,0,0
118900059,0,0,0
118900060,0,2,-2
118900062,0,0,0
118900064,0,0,0
118900065,0,0,0
118900066,0,0,0
118900067,194,13,181
118900068,0,0,0
118900069,1,30,-29
118900071,0,0,0
118900072,0,0,0
118900073,1,6,-5
118900074,0,0,0
118900075,0,0,0
118900076,0,0,0
118900077,0,6,-6
118900078,0,1,-1
118900079,0,0,0
118900080,0,0,0
118900081,0,0,0
118900082,0,7,-7
118900083,1,0,1
118900084,0,0,0
118900085,8,54,-46
118900086,0,0,0
118900087,0,6,-6
118900088,0,4,-4
118900089,0,0,0
118900090,2,26,-24
118900091,0,0,0
118900092,2,5,-3
118900093,0,0,0
118900096,13,15,-2
118900097,4,71,-67
118900099,1,20,-19
118900100,0,0,0
118900101,0,22,-22
118900102,1,2,-1
118900103,0,4,-4
118900104,1,18,-17
118900105,26,5,21
118900107,8,14,-6
118900108,1,6,-5
118900110,0,0,0
118900111,0,0,0
118900112,0,0,0
118900113,0,0,0
118900114,0,0,0
118900115,0,0,0
118900116,5,52,-47
118900117,2,39,-37
118900118,6,71,-65
118900119,0,26,-26
118900120,6,28,-22
118900121,0,0,0
118900122,0,10,-10
118900123,8,49,-41
118900124,0,0,0
118900126,0,34,-34
118900129,1,3,-2
118900130,0,0,0
118900131,1,53,-52
118900132,1,3,-2
118900133,0,0,0
118900135,6,15,-9
118900136,3,50,-47
118900137,0,0,0
118900139,0,0,0
118900140,17,80,-63
118900141,0,0,0
118900144,3,99,-96
118900145,0,0,0
118900146,8,63,-55
118900147,0,0,0
118900148,0,0,0
118900150,0,0,0
118900152,6,69,-63
118900157,0,0,0
118900158,0,0,0
118900159,0,0,0
118900161,0,0,0
118900163,0,0,0
118900164,0,0,0
118900165,1,21,-20
118900166,15,0,15
118900167,0,8,-8
118900168,0,5,-5
118900169,4,52,-48
118900170,0,5,-5
118900171,1,5,-4
118900174,2,5,-3
118900175,1,19,-18
118900176,1,10,-9
118900177,0,2,-2
118900178,0,2,-2
118900179,1,7,-6
118900181,3,2,1
118900182,1,6,-5
118900183,0,5,-5
118900184,0,0,0
118900185,2,13,-11
118900186,2,40,-38
118900187,0,0,0
118900188,0,1,-1
118900189,0,12,-12
118900190,0,0,0
118900191,0,0,0
118900192,0,0,0
118900193,0,0,0
118900195,0,0,0
118900196,4,14,-10
118900197,0,0,0
118900198,0,3,-3
118900199,0,6,-6
118900200,0,0,0
118900201,1,0,1
118900202,0,2,-2
118900203,0,5,-5
118900204,0,3,-3
118900205,0,1,-1
118900206,0,6,-6
119000001,24,23,1
119000002,100,127,-27
119000003,62,182,-120
119000004,77,120,-43
119000005,94,136,-42
119000006,122,115,7
119000007,95,195,-100
119000008,222,606,-384
119000009,369,481,-112
119000010,1327,1148,179
119000011,667,366,301
119000012,954,757,197
119000013,608,265,343
119000014,442,1127,-685
119000019,10,15,-5
119000020,66,88,-22
119000021,169,136,33
119000022,128,157,-29
119000023,0,0,0
119000024,100,197,-97
119000025,120,1,119
119000026,0,0,0
119000027,772,161,611
119000028,290,295,-5
119000029,0,0,0
119000030,60,152,-92
119000031,113,220,-107
119000032,121,250,-129
119000033,379,322,57
119000034,124,245,-121
119000035,1,134,-133
119000036,104,245,-141
119000037,100,352,-252
119000038,70,136,-66
119000039,16,41,-25
119000040,462,55,407
119000041,534,84,450
119000048,1604,578,1026
119000049,92,514,-422
119000050,77,58,19
119000051,45,33,12
119000052,70,54,16
119000053,94,28,66
119000054,31,88,-57
119000055,158,201,-43
119000056,188,241,-53
119000057,76,363,-287
119000058,78,211,-133
119000059,14,18,-4
119000060,50,156,-106
119000061,17,6,11
119000062,96,230,-134
119000063,43,35,8
119000064,27,45,-18
119000065,43,131,-88
119000066,117,120,-3
119000067,45,124,-79
119000068,135,181,-46
119000069,32,98,-66
119000070,192,186,6
119000071,0,0,0
119000072,507,235,272
119000073,318,416,-98
119000074,97,350,-253
119000075,62,574,-512
119000076,0,0,0
119000077,0,0,0
119000078,2,2,0
119000079,0,0,0
119000080,1,0,1
119000081,0,0,0
119000082,0,3,-3
119000083,2,4,-2
119000084,0,0,0
119000085,0,0,0
119000086,2,1,1
119000087,31,15,16
119000088,1,1,0
119000089,1,3,-2
119000090,0,0,0
119000091,8,7,1
119000092,0,0,0
119000093,378,380,-2
119000094,290,451,-161
119000095,144,262,-118
119000097,699,209,490
119000098,125,359,-234
119000099,229,318,-89
119000100,367,370,-3
119000101,432,637,-205
119000102,10,17,-7
119000103,64,1,63
119000104,221,336,-115
119000105,0,0,0
119000106,131,353,-222
119000107,0,0,0
119000108,34,353,-319
119000109,0,4,-4
119000110,51,59,-8
119000111,1,18,-17
119000112,8,6,2
119000113,115,10,105
119000114,0,2,-2
119000115,36,24,12
119000116,0,0,0
119000117,1,22,-21
119000118,3,1,2
119000123,12,14,-2
119000124,0,0,0
119000125,0,0,0
119000126,0,0,0
119000127,1,38,-37
119000128,18,13,5
119000131,97,572,-475
119000132,8,5,3
119000133,0,0,0
119000134,0,0,0
119000135,0,0,0
119000136,6,47,-41
119000137,0,0,0
119000138,10,90,-80
119000139,0,0,0
119000140,1,22,-21
119000284,323,975,-652
119000285,585,1120,-535
119000286,830,1013,-183
119000287,263,710,-447
119000288,117,420,-303
119000289,215,583,-368
119000290,7,46,-39
119000291,10,132,-122
119000293,51,39,12
119000294,0,0,0
119000295,237,50,187
119000296,4,2,2
119000302,1121,105,1016
119000303,0,0,0
119000314,2,0,2
119000315,0,1,-1
119000316,2,28,-26
119000317,0,0,0
119000319,1,3,-2
119900001,2,13,-11
119900002,0,0,0
119900003,0,44,-44
119900004,0,1,-1
119900005,0,0,0
119900006,6,5,1
119900007,0,0,0
119900008,0,0,0
119900009,0,16,-16
119900010,3,49,-46
119900011,0,0,0
119900012,0,0,0
119900013,39,44,-5
119900014,4,6,-2
119900015,0,0,0
119900016,0,0,0
119900017,0,0,0
119900018,0,0,0
119900019,0,0,0
119900020,0,0,0
119900021,0,2,-2
119900022,0,0,0
119900023,0,0,0
119900025,0,0,0
119900026,0,0,0
119900027,0,0,0
119900028,0,0,0
119900029,0,0,0
119900030,0,2,-2
119900031,0,0,0
119900033,76,0,76
119900034,0,0,0
119900037,0,0,0
119900038,0,0,0
119900039,0,0,0
119900040,0,0,0
119900041,0,0,0
119900042,0,0,0
119900043,0,0,0
119900044,0,0,0
119900046,0,0,0
119900047,0,0,0
119900049,0,0,0
119900050,0,0,0
119900051,0,0,0
119900052,0,0,0
119900053,0,0,0
119900054,0,0,0
119900055,4,12,-8
119900057,0,0,0
119900058,0,0,0
119900059,0,1,-1
119900060,0,0,0
119900061,0,0,0
119900062,0,0,0
119900063,0,0,0
119900065,0,0,0
119900067,0,0,0
119900068,0,0,0
119900069,0,0,0
119900070,0,0,0
119900071,0,0,0
119900073,0,1,-1
119900074,0,0,0
119900075,225,87,138
119900076,0,2,-2
119900077,0,56,-56
119900078,0,0,0
119900079,0,0,0
119900080,6,11,-5
119900081,0,1,-1
119900082,0,0,0
119900083,0,0,0
119900084,0,3,-3
119900085,6,4,2
119900086,2,158,-156
119900087,0,5,-5
119900088,0,5,-5
119900089,1,161,-160
119900090,6,1,5
119900091,0,181,-181
119900092,0,41,-41
119900093,12,1,11
119900094,3,26,-23
119900095,0,1,-1
119900096,1,6,-5
119900097,57,16,41
119900098,0,0,0
119900099,4,26,-22
119900100,341,116,225
119900101,17,82,-65
119900102,2,23,-21
119900103,0,27,-27
119900104,0,12,-12
119900105,45,171,-126
119900106,0,16,-16
119900107,9,104,-95
119900108,129,80,49
119900109,3,2,1
119900110,7,92,-85
119900111,0,0,0
119900112,53,1,52
119900113,0,0,0
119900114,4,173,-169
119900115,0,0,0
119900116,0,0,0
119900117,5,94,-89
119900118,0,0,0
119900119,0,0,0
119900120,26,45,-19
119900121,1,24,-23
119900122,0,0,0
119900123,0,0,0
119900124,0,17,-17
119900125,0,0,0
119900126,224,4,220
119900127,0,0,0
119900128,0,0,0
119900129,0,9,-9
119900130,0,0,0
119900131,0,5,-5
119900132,0,0,0
119900133,0,0,0
119900134,10,1,9
119900135,0,0,0
119900136,0,0,0
119900138,0,0,0
119900139,0,3,-3
119900140,0,0,0
119900141,0,0,0
119900142,0,0,0
119900143,0,0,0
119900144,0,0,0
119900145,0,0,0
119900146,5,8,-3
119900147,0,0,0
119900148,0,0,0
119900149,2,6,-4
119900150,0,0,0
119900151,26,16,10
119900152,0,0,0
119900153,0,0,0
119900154,1,166,-165
119900155,1,2,-1
119900156,0,0,0
119900157,0,0,0
119900158,0,0,0
119900159,0,146,-146
119900160,1,11,-10
119900161,0,0,0
119900162,0,0,0
119900163,0,5,-5
119900164,0,0,0
119900165,0,0,0
119900166,0,0,0
119900167,3,5,-2
119900168,0,0,0
119900169,0,3,-3
119900170,1,1,0
119900171,0,0,0
119900172,0,0,0
119900173,1,44,-43
119900174,0,6,-6
119900175,0,0,0
119900177,0,17,-17
119900178,0,2,-2
119900179,0,2,-2
119900180,0,0,0
119900181,0,0,0
119900182,0,33,-33
119900183,2,47,-45
119900184,3,0,3
119900185,0,0,0
119900186,0,0,0
119900187,2,55,-53
119900188,0,10,-10
119900189,18,1,17
119900190,0,0,0
119900191,0,0,0
119900192,0,6,-6
119900193,0,0,0
119900194,0,0,0
119900195,0,4,-4
119900196,0,0,0
119900197,0,0,0
119900198,3,46,-43
119900199,0,0,0
119900200,0,0,0
119900201,11,4,7
119900202,0,0,0
119900203,0,0,0
119900204,0,0,0
119900205,0,0,0
119900206,0,0,0
119900208,0,0,0
119900209,0,20,-20
119900210,0,0,0
119900211,0,0,0
119900212,0,37,-37
119900213,1,0,1
119900214,0,26,-26
119900215,0,18,-18
119900216,1,15,-14
119900217,0,4,-4
119900218,0,1,-1
119900219,0,3,-3
119900220,0,2,-2
119900221,0,0,0
119900222,0,0,0
119900223,0,0,0
119900224,0,0,0
119900225,0,0,0
119900226,0,0,0
119900227,168,18,150
119900228,0,0,0
119900229,0,0,0
119900230,0,0,0
119900231,0,0,0
119900232,0,0,0
119900233,0,0,0
119900234,0,0,0
119900235,0,1,-1
119900236,0,0,0
119900237,0,0,0
119900238,0,15,-15
119900240,0,21,-21
119900241,4,19,-15
119900242,0,10,-10
119900244,0,0,0
119900245,0,3,-3
119900246,0,0,0
119900247,0,0,0
119900248,0,1,-1
119900249,0,0,0
119900253,0,0,0
119900254,0,0,0
119900255,3,69,-66
119900256,0,70,-70
119900257,0,0,0
119900258,0,0,0
119900259,0,13,-13
119900260,0,0,0
119900261,0,0,0
119900262,0,23,-23
119900263,32,27,5
119900264,0,0,0
119900265,0,0,0
119900266,0,0,0
119900267,0,0,0
119900268,0,0,0
119900269,0,10,-10
119900271,0,0,0
119900272,0,0,0
119900275,0,0,0
119900276,0,0,0
119900277,0,0,0
119900278,3,1,2
119900279,1,0,1
119900280,63,9,54
119900281,0,13,-13
119900282,0,0,0
119900283,0,0,0
119900284,4,33,-29
119900285,0,0,0
119900286,0,0,0
119900288,0,8,-8
119900289,0,5,-5
119900290,0,4,-4
119900291,0,1,-1
119900292,2,2,0
119900293,0,0,0
119900294,0,4,-4
119900295,0,4,-4
119900296,0,12,-12
119900297,0,7,-7
119900298,0,2,-2
119900299,0,0,0
119900300,0,0,0
119900301,0,0,0
119900302,1,1,0
119900303,1,6,-5
119900304,0,2,-2
119900305,0,0,0
119900306,0,0,0
119900307,0,0,0
119900308,0,0,0
119900309,0,0,0
119900310,1,8,-7
119900311,0,0,0
119900312,0,0,0
119900313,0,0,0
119900314,0,0,0
119900315,2,162,-160
119900318,0,0,0
119900319,0,41,-41
119900320,0,49,-49
119900321,0,0,0
120000001,784,295,489
120000002,365,747,-382
120000003,464,560,-96
120000004,636,772,-136
120000005,2993,759,2234
120000006,460,531,-71
120000007,303,633,-330
120000008,231,704,-473
120000009,197,66,131
120000010,286,583,-297
120000011,155,557,-402
120000012,261,869,-608
120000013,242,652,-410
120000014,63,381,-318
120000015,341,731,-390
120000016,211,67,144
120000017,65,67,-2
120000018,479,301,178
120000019,84,113,-29
120000020,315,246,69
120000021,293,274,19
120000022,1502,366,1136
120000023,138,181,-43
120000024,208,340,-132
120000025,190,397,-207
120000026,52,425,-373
120000027,281,675,-394
120000028,17,180,-163
120000029,173,67,106
120000030,3,32,-29
120000031,206,151,55
120000032,1533,354,1179
120000033,85,245,-160
120000034,62,305,-243
120000035,43,221,-178
120000036,120,267,-147
120000037,0,0,0
120000038,1261,180,1081
120000039,25,86,-61
120000040,6,6,0
120000041,30,115,-85
120000042,67,660,-593
120000043,114,221,-107
120000044,127,95,32
120000045,187,108,79
120000046,255,271,-16
120000047,73,180,-107
120000048,689,275,414
120000049,280,297,-17
120000050,199,541,-342
120000051,591,583,8
120000052,1545,139,1406
120000053,49,368,-319
120000054,102,1042,-940
120000055,103,715,-612
120000056,74,675,-601
120000057,41,161,-120
120000058,23,59,-36
120000059,4,15,-11
120000061,12,140,-128
120000062,5,44,-39
120000063,254,612,-358
120000064,31,315,-284
120000065,14,310,-296
120000066,5,73,-68
120000067,3,65,-62
120000068,8,217,-209
120000069,58,351,-293
120000070,5,159,-154
120000071,17,27,-10
120000072,26,42,-16
120000073,32,44,-12
120000074,5,11,-6
120000075,11,38,-27
120000076,33,80,-47
120000077,53,119,-66
120000078,423,201,222
120000079,0,3,-3
120000080,0,0,0
120000081,1,0,1
120000082,0,5,-5
120000083,1,6,-5
120000084,27,50,-23
120000085,41,64,-23
120000086,11,128,-117
120000087,3,304,-301
120000088,15,46,-31
120000089,0,0,0
120000090,0,0,0
120000091,0,0,0
120000092,0,0,0
120000093,0,0,0
120000094,0,0,0
120000095,19,56,-37
120000096,9,80,-71
120000098,21,81,-60
120000099,8,52,-44
120000100,24,62,-38
120000101,25,42,-17
120000102,20,31,-11
120000103,37,45,-8
120000104,33,16,17
120000105,46,14,32
120000106,40,20,20
120000107,70,30,40
120000108,20,4,16
120000109,60,6,54
120000110,4,129,-125
120000111,19,274,-255
120000112,88,631,-543
120000113,116,601,-485
120000114,63,530,-467
120000115,58,523,-465
120000116,82,493,-411
120000117,297,529,-232
120000118,0,0,0
120000119,0,0,0
120000120,0,0,0
120000121,0,0,0
120000122,0,0,0
120000123,48,52,-4
120000124,7,4,3
120000125,21,79,-58
120000126,2,30,-28
120000127,40,36,4
120000128,137,105,32
120000129,3,0,3
120000130,0,0,0
120000131,16,56,-40
120000134,0,0,0
120000135,1,25,-24
120000137,0,0,0
120000138,3,20,-17
120000139,0,0,0
120000140,9,23,-14
120000141,0,0,0
120000142,1,21,-20
120000143,0,0,0
120000144,0,0,0
120000145,1,0,1
120000146,205,60,145
120000149,31,50,-19
120000150,35,87,-52
120000151,1,0,1
120000152,0,0,0
120000153,21,178,-157
120000154,132,308,-176
120000155,0,0,0
120000156,0,0,0
120000157,0,0,0
120000158,121,544,-423
120000159,468,1629,-1161
120000160,362,132,230
120000161,204,590,-386
120000162,1,24,-23
120000163,8,76,-68
120000164,58,286,-228
120000165,14,192,-178
120000166,18,110,-92
120000167,1,1,0
120000168,6,13,-7
120000169,79,10,69
120000170,124,15,109
120000171,37,6,31
120000172,4,2,2
120000173,178,7,171
120000174,62,1,61
120000175,27,1,26
120000176,5,40,-35
120000177,102,260,-158
120000178,5,2,3
120000179,19,6,13
120000180,55,12,43
120000181,5,14,-9
120000182,27,3,24
120000183,3,48,-45
120000184,11,685,-674
120000186,1,2,-1
120000187,0,7,-7
120000188,0,1,-1
120000190,0,0,0
120000191,0,0,0
120000192,0,0,0
120000193,0,0,0
120000195,0,0,0
120000196,0,0,0
120000197,0,0,0
120000198,0,12,-12
120000199,0,0,0
120000200,0,0,0
120000201,0,0,0
120000202,1,3,-2
120000203,0,46,-46
120000207,0,0,0
120000208,0,0,0
120000209,0,0,0
120000210,0,0,0
120000211,0,0,0
120000212,0,0,0
120000213,0,0,0
120000214,0,0,0
120000215,0,0,0
120000216,0,0,0
120000217,38,88,-50
120000218,13,172,-159
120000219,0,47,-47
120000220,0,311,-311
120000225,0,0,0
120000226,0,0,0
120000227,0,0,0
120000228,703,128,575
120000230,0,0,0
120000231,0,0,0
120000233,0,0,0
120000235,40,146,-106
120000236,0,0,0
120000237,0,210,-210
120000238,0,26,-26
120000241,0,0,0
120000412,0,0,0
120000413,0,0,0
120000414,0,0,0
120000415,0,0,0
120000416,0,0,0
120000417,0,0,0
120000418,0,0,0
120000419,0,0,0
120000420,0,0,0
120000421,2158,2939,-781
120000422,42,26,16
120000423,0,8,-8
120000424,0,9,-9
120000436,15,19,-4
120000437,33,24,9
120000438,247,72,175
120000439,12,57,-45
120000443,0,0,0
120000444,18,101,-83
120000445,35,29,6
120000446,30,3,27
120000447,0,0,0
120000449,0,0,0
120000450,0,0,0
120000451,3,12,-9
120000452,0,0,0
120000453,0,268,-268
120000454,0,0,0
120000455,4,11,-7
120000456,670,399,271
120000457,119,40,79
120000458,98,374,-276
120000459,0,0,0
120000665,33,4,29
120000668,3,45,-42
120000669,0,0,0
120000670,10,22,-12
120000671,69,50,19
120000672,18,131,-113
120900001,0,0,0
120900002,0,0,0
120900003,0,0,0
120900004,0,0,0
120900005,0,0,0
120900006,0,0,0
120900007,0,9,-9
120900008,0,3,-3
120900009,0,0,0
120900010,1,0,1
120900011,0,0,0
120900012,9,12,-3
120900013,0,0,0
120900014,0,0,0
120900015,0,0,0
120900016,0,0,0
120900017,122,6,116
120900018,0,3,-3
120900019,2,2,0
120900020,2,7,-5
120900021,0,0,0
120900022,0,0,0
120900023,0,0,0
120900024,20,31,-11
120900025,6,0,6
120900026,0,0,0
120900027,0,0,0
120900028,0,1,-1
120900029,0,0,0
120900030,0,3,-3
120900031,0,0,0
120900032,0,0,0
120900033,0,0,0
120900034,0,0,0
120900035,0,0,0
120900037,1,0,1
120900038,0,0,0
120900039,0,0,0
120900040,0,0,0
120900041,0,0,0
120900042,0,0,0
120900043,0,0,0
120900044,0,0,0
120900045,0,0,0
120900046,1,0,1
120900047,0,0,0
120900048,0,0,0
120900049,0,0,0
120900050,0,0,0
120900051,0,0,0
120900052,0,0,0
120900053,0,0,0
120900054,0,0,0
120900055,1,0,1
120900056,0,0,0
120900057,0,1,-1
120900058,0,0,0
120900059,0,0,0
120900060,0,0,0
120900061,0,0,0
120900062,4,1,3
120900063,0,0,0
120900064,0,0,0
120900065,0,0,0
120900066,0,50,-50
120900067,0,0,0
120900068,0,0,0
120900069,0,0,0
120900071,0,0,0
120900072,0,0,0
120900073,0,0,0
120900074,0,0,0
120900076,0,0,0
120900077,0,0,0
120900078,1,127,-126
120900079,0,0,0
120900080,0,161,-161
120900081,0,0,0
120900082,0,11,-11
120900083,0,0,0
120900084,0,0,0
120900085,0,0,0
120900086,6,2,4
120900087,0,0,0
120900088,0,0,0
120900089,174,16,158
120900090,0,1,-1
120900091,0,0,0
120900092,6,26,-20
120900093,0,0,0
120900094,32,18,14
120900095,0,0,0
120900096,0,0,0
120900097,28,54,-26
120900098,0,0,0
120900099,2,3,-1
120900100,0,2,-2
120900101,0,0,0
120900102,0,0,0
120900103,1,3,-2
120900104,0,1,-1
120900105,0,0,0
120900106,79,34,45
120900107,32,7,25
120900108,0,2,-2
120900109,8,66,-58
120900110,0,0,0
120900111,1,9,-8
120900112,0,2,-2
120900113,1,101,-100
120900114,0,24,-24
120900115,15,24,-9
120900116,0,25,-25
120900117,0,2,-2
120900118,1,119,-118
120900119,0,0,0
120900120,1,76,-75
120900121,23,32,-9
120900122,0,51,-51
120900123,0,1,-1
120900124,0,80,-80
120900125,0,59,-59
120900126,39,49,-10
120900127,0,3,-3
120900128,76,128,-52
120900129,2,55,-53
120900130,0,29,-29
120900131,0,0,0
120900132,0,0,0
120900133,22,116,-94
120900134,13,47,-34
120900135,2,80,-78
120900136,0,0,0
120900137,0,0,0
120900138,0,14,-14
120900139,0,96,-96
120900140,0,3,-3
120900141,0,0,0
120900142,0,109,-109
120900143,1,127,-126
120900144,1,25,-24
120900145,7,100,-93
120900146,0,87,-87
120900147,0,5,-5
120900148,0,3,-3
120900149,0,44,-44
120900150,2,40,-38
120900151,0,66,-66
120900152,0,1,-1
120900153,0,0,0
120900154,0,26,-26
120900155,4,160,-156
120900156,0,52,-52
120900157,0,5,-5
120900158,2,66,-64
120900159,0,15,-15
120900160,16,86,-70
120900161,0,66,-66
120900162,0,64,-64
120900163,0,1,-1
120900164,0,0,0
120900165,0,0,0
120900166,0,1,-1
120900167,0,6,-6
120900169,2,60,-58
120900170,34,14,20
120900171,48,1,47
120900172,0,0,0
120900173,0,21,-21
120900174,0,13,-13
120900175,0,0,0
120900176,0,3,-3
120900177,0,10,-10
120900178,0,7,-7
120900179,48,17,31
120900180,0,1,-1
120900181,0,0,0
120900182,0,0,0
120900183,0,0,0
120900184,0,0,0
120900185,0,5,-5
120900186,0,75,-75
120900187,0,4,-4
120900188,0,0,0
120900189,0,0,0
120900190,0,0,0
120900191,0,0,0
120900192,239,18,221
120900194,0,0,0
120900195,0,8,-8
120900196,0,0,0
120900197,0,0,0
120900198,17,51,-34
120900199,0,0,0
120900200,0,0,0
120900201,49,14,35
120900202,0,29,-29
120900203,0,1,-1
120900204,81,61,20
120900205,0,0,0
120900206,0,0,0
120900207,4,60,-56
121000001,196,241,-45
121000002,231,128,103
121000003,1433,614,819
121000004,489,220,269
121000005,660,567,93
121000006,807,333,474
121000007,882,948,-66
121000008,991,363,628
121000009,2336,1652,684
121000010,2607,545,2062
121000011,4775,1412,3363
121000012,4349,837,3512
121000013,2649,1831,818
121000014,2581,1421,1160
121000015,1324,1953,-629
121000016,2589,1783,806
121000017,226,590,-364
121000018,563,306,257
121000019,3219,1322,1897
121000020,2852,1174,1678
121000021,487,772,-285
121000022,487,434,53
121000023,948,784,164
121000024,617,996,-379
121000025,143,52,91
121000026,53,33,20
121000027,828,134,694
121000028,85,64,21
121000029,15,37,-22
121000030,43,34,9
121000031,67,70,-3
121000032,41,33,8
121000034,0,0,0
121000035,6,15,-9
121000036,32,84,-52
121000037,139,114,25
121000038,125,156,-31
121000039,34,26,8
121000041,16,24,-8
121000042,0,0,0
121000043,31,12,19
121000044,115,107,8
121000045,2,24,-22
121000046,6,53,-47
121000047,10,13,-3
121000049,312,217,95
121000050,90,548,-458
121000051,34,35,-1
121000052,33,127,-94
121000053,0,0,0
121000054,1,67,-66
121000055,354,180,174
121000056,228,232,-4
121000057,38,43,-5
121000058,122,73,49
121000059,73,95,-22
121000060,87,74,13
121000061,3,34,-31
121000062,37,8,29
121000063,137,198,-61
121000064,26,25,1
121000065,35,26,9
121000066,66,65,1
121000067,124,35,89
121000068,0,1,-1
121000069,0,0,0
121000070,152,125,27
121000071,138,156,-18
121000072,82,100,-18
121000073,127,152,-25
121000074,14,57,-43
121000075,8,18,-10
121000076,58,15,43
121000077,0,0,0
121000078,26,57,-31
121000080,361,139,222
121000081,245,263,-18
121000082,95,94,1
121000083,0,0,0
121000084,45,63,-18
121000085,289,144,145
121000086,0,0,0
121000087,0,0,0
121000088,116,232,-116
121000089,0,0,0
121000090,70,211,-141
121000091,628,514,114
121000092,42,22,20
121000093,11,33,-22
121000094,87,64,23
121000095,0,0,0
121000096,1553,516,1037
121000097,329,389,-60
121000098,52,160,-108
121000099,100,169,-69
121000100,38,153,-115
121000101,0,0,0
121000102,6,79,-73
121000103,0,0,0
121000104,9,38,-29
121000105,11,70,-59
121000106,0,0,0
121000107,895,956,-61
121000109,491,631,-140
121000110,32,48,-16
121000114,800,836,-36
121000115,263,343,-80
121000116,237,384,-147
121000117,51,1,50
121000118,121,5,116
121000119,13,16,-3
121000120,0,0,0
121000121,0,0,0
121000123,0,0,0
121000127,0,14,-14
121000128,36,167,-131
121000129,48,126,-78
121000130,86,141,-55
121000131,223,184,39
121000132,194,133,61
121000135,13,4,9
121000136,92,21,71
121000137,52,0,52
121000138,49,61,-12
121000139,116,60,56
121000141,18,31,-13
121000142,170,67,103
121000143,0,0,0
121000144,18,45,-27
121000145,43,105,-62
121000146,67,59,8
121000147,67,69,-2
121000148,33,98,-65
121000149,281,220,61
121000152,79,58,21
121000153,288,80,208
121000154,208,14,194
121000155,241,133,108
121000156,117,158,-41
121000157,186,49,137
121000158,47,70,-23
121000159,4,75,-71
121000160,16,68,-52
121000161,0,0,0
121000162,0,0,0
121000165,0,0,0
121000166,7,27,-20
121000168,22,55,-33
121000169,6,73,-67
121000170,49,27,22
121000171,22,75,-53
121000172,128,138,-10
121000173,275,163,112
121000174,54,192,-138
121000175,33,58,-25
121000176,186,58,128
121000177,41,69,-28
121000178,16,9,7
121000179,2,8,-6
121000181,53,59,-6
121000182,129,31,98
121000183,10,12,-2
121000184,4,2,2
121000185,0,0,0
121000186,16,54,-38
121000187,0,0,0
121000188,0,0,0
121000192,75,39,36
121000193,44,83,-39
121000194,884,559,325
121000195,43,230,-187
121000196,0,0,0
121000197,24,85,-61
121000198,5,45,-40
121000199,6,198,-192
121000200,50,23,27
121000201,1,15,-14
121000202,8,0,8
121000203,4,83,-79
121000204,37,6,31
121000205,20,159,-139
121000206,15,27,-12
121000207,49,47,2
121000208,0,52,-52
121000209,18,214,-196
121000210,52,109,-57
121000211,3,38,-35
121000212,62,111,-49
121000213,75,155,-80
121000214,59,110,-51
121000215,184,127,57
121000216,22,82,-60
121000217,512,177,335
121000218,96,442,-346
121000219,102,55,47
121000220,98,96,2
121000221,17,13,4
121000222,518,772,-254
121000223,55,132,-77
121000224,0,0,0
121000225,109,71,38
121000226,54,50,4
121000227,0,34,-34
121000228,5,405,-400
121000229,2,144,-142
121000230,36,898,-862
121000231,0,0,0
121000232,0,0,0
121000233,7,12,-5
121000234,0,0,0
121000235,0,1,-1
121000236,0,0,0
121000237,0,1,-1
121000238,0,0,0
121000239,1,0,1
121000240,0,0,0
121000241,1,2,-1
121000242,0,0,0
121000243,0,0,0
121000244,0,0,0
121000245,0,0,0
121000246,0,1,-1
121000247,0,2,-2
121000248,1,0,1
121000249,6,35,-29
121000250,13,8,5
121000251,5,116,-111
121000252,2,2,0
121000253,37,240,-203
121000254,77,30,47
121000255,24,40,-16
121000256,13,11,2
121000257,10,23,-13
121000258,6,3,3
121000259,12,13,-1
121000260,9,31,-22
121000261,2,3,-1
121000262,266,109,157
121000263,135,170,-35
121000271,96,345,-249
121000273,6,3,3
121000274,0,1,-1
121000275,0,21,-21
121000276,0,0,0
121000278,2,2,0
121000279,1,13,-12
121000280,0,2,-2
121000289,1,1,0
121000290,202,194,8
121000294,0,32,-32
121000297,71,104,-33
121000299,9,117,-108
121000300,102,60,42
121000302,7,61,-54
121000303,103,36,67
121000304,0,0,0
121000305,0,0,0
121000306,0,0,0
121000308,54,64,-10
121000309,268,121,147
121000310,17,79,-62
121000311,30,362,-332
121000312,0,0,0
121000313,79,126,-47
121000314,95,120,-25
121000315,28,27,1
121000530,84,156,-72
121000531,81,165,-84
121000532,735,270,465
121000533,598,227,371
121000918,1,65,-64
121000919,0,0,0
121000938,13,19,-6
121000939,16,0,16
121000956,66,216,-150
121000957,5,77,-72
121000958,1,76,-75
121000959,51,279,-228
121000960,105,413,-308
121000961,7,0,7
121000962,0,0,0
121000973,0,72,-72
121000976,0,0,0
121000979,0,0,0
121000981,20,1,19
121000982,0,0,0
121000983,13,113,-100
121000984,0,7,-7
121000985,41,46,-5
121000986,2,13,-11
121000987,40,474,-434
121000988,68,6,62
121001302,86,35,51
121001308,2,1,1
121001309,3,2,1
121001313,9,127,-118
121001314,2529,1877,652
121001315,969,556,413
121001326,4,7,-3
121900001,0,0,0
121900002,0,4,-4
121900003,0,0,0
121900004,0,0,0
121900005,0,0,0
121900006,0,0,0
121900007,0,0,0
121900008,0,0,0
121900009,0,0,0
121900010,0,0,0
121900011,0,0,0
121900012,0,0,0
121900013,0,0,0
121900014,0,0,0
121900015,0,0,0
121900016,0,0,0
121900017,0,0,0
121900018,0,0,0
121900019,0,0,0
121900020,0,0,0
121900021,0,0,0
121900022,0,0,0
121900023,0,0,0
121900024,0,0,0
121900025,0,0,0
121900026,0,0,0
121900027,0,0,0
121900028,0,0,0
121900029,0,0,0
121900030,0,0,0
121900031,0,0,0
121900032,0,0,0
121900033,0,0,0
121900034,0,0,0
121900035,0,0,0
121900036,0,0,0
121900037,0,0,0
121900038,0,0,0
121900039,0,0,0
121900040,0,0,0
121900041,0,0,0
121900042,0,0,0
121900043,0,0,0
121900044,0,0,0
121900046,0,0,0
121900047,0,0,0
121900048,0,0,0
121900050,0,0,0
121900051,0,0,0
121900052,0,0,0
121900053,21,26,-5
121900054,0,0,0
121900055,0,0,0
121900058,0,0,0
121900059,0,0,0
121900060,0,0,0
121900062,0,0,0
121900063,0,0,0
121900064,0,0,0
121900066,0,0,0
121900067,0,0,0
121900069,0,0,0
121900070,0,0,0
121900071,0,0,0
121900072,0,0,0
121900073,0,0,0
121900074,0,0,0
121900075,0,0,0
121900076,0,0,0
121900078,0,0,0
121900079,0,0,0
121900080,0,0,0
121900082,0,0,0
121900084,0,0,0
121900086,0,0,0
121900087,0,0,0
121900088,0,0,0
121900089,0,0,0
121900090,0,0,0
121900091,0,0,0
121900092,0,0,0
121900093,0,0,0
121900094,0,0,0
121900095,0,0,0
121900096,0,0,0
121900097,0,0,0
121900098,0,0,0
121900099,0,0,0
121900100,0,0,0
121900101,0,0,0
121900102,0,0,0
121900103,0,0,0
121900104,0,0,0
121900105,0,0,0
121900106,0,0,0
121900107,0,0,0
121900108,0,0,0
121900109,0,0,0
121900110,0,0,0
121900111,0,0,0
121900112,0,0,0
121900113,0,0,0
121900114,0,0,0
121900117,0,0,0
121900118,0,0,0
121900119,0,0,0
121900120,0,0,0
121900121,0,0,0
121900122,0,0,0
121900123,0,0,0
121900124,0,0,0
121900125,0,0,0
121900127,0,0,0
121900128,0,0,0
121900129,0,0,0
121900130,0,0,0
121900131,0,0,0
121900132,0,0,0
121900133,0,0,0
121900134,0,0,0
121900135,0,0,0
121900136,0,0,0
121900137,0,0,0
121900138,0,0,0
121900139,0,0,0
121900140,0,0,0
121900141,0,0,0
121900142,0,0,0
121900143,0,0,0
121900144,0,0,0
121900145,0,0,0
121900146,0,0,0
121900147,0,0,0
121900148,0,0,0
121900149,0,0,0
121900150,0,3,-3
121900151,0,0,0
121900152,0,0,0
121900153,0,0,0
121900154,0,0,0
121900155,0,0,0
121900156,1,0,1
121900157,0,0,0
121900158,0,0,0
121900159,0,0,0
121900160,0,0,0
121900161,0,0,0
121900162,0,2,-2
121900163,0,1,-1
121900164,0,0,0
121900165,0,0,0
121900166,0,0,0
121900167,0,0,0
121900168,0,0,0
121900169,0,37,-37
121900170,0,0,0
121900171,0,0,0
121900172,0,0,0
121900173,0,0,0
121900174,0,0,0
121900175,0,0,0
121900176,4,91,-87
121900177,0,0,0
121900178,0,0,0
121900179,0,0,0
121900180,7,1,6
121900182,0,0,0
121900183,0,0,0
121900184,0,0,0
121900186,0,0,0
121900187,0,4,-4
121900188,0,0,0
121900189,0,0,0
121900190,0,0,0
121900191,0,0,0
121900192,0,0,0
121900193,0,0,0
121900194,0,0,0
121900195,0,0,0
121900196,0,0,0
121900197,12,26,-14
121900198,0,0,0
121900199,0,0,0
121900200,0,0,0
121900201,0,0,0
121900202,0,2,-2
121900203,0,0,0
121900204,0,0,0
121900205,0,0,0
121900206,0,0,0
121900207,0,0,0
121900208,0,0,0
121900209,0,0,0
121900210,0,0,0
121900211,0,0,0
121900212,0,0,0
121900213,0,0,0
121900214,0,0,0
121900215,0,0,0
121900216,0,0,0
121900217,0,0,0
121900218,0,0,0
121900220,0,0,0
121900221,0,0,0
121900222,0,0,0
121900223,0,0,0
121900224,0,0,0
121900225,0,0,0
121900226,0,0,0
121900227,0,0,0
121900228,0,0,0
121900230,0,0,0
121900231,0,0,0
121900232,0,0,0
121900233,0,0,0
121900234,0,0,0
121900235,0,0,0
121900236,0,0,0
121900237,0,0,0
121900238,0,0,0
121900239,0,0,0
121900240,0,0,0
121900241,0,0,0
121900242,0,0,0
121900243,0,0,0
121900244,0,0,0
121900245,0,0,0
121900246,0,0,0
121900248,0,0,0
121900250,0,0,0
121900251,0,0,0
121900252,0,0,0
121900253,4,15,-11
121900254,0,0,0
121900255,0,0,0
121900258,0,0,0
121900259,0,0,0
121900260,0,0,0
121900261,0,0,0
121900262,0,0,0
121900263,0,0,0
121900264,0,0,0
121900265,0,0,0
121900266,0,0,0
121900267,0,0,0
121900269,0,0,0
121900270,0,0,0
121900271,0,0,0
121900273,0,0,0
121900274,0,0,0
121900277,0,0,0
121900278,0,0,0
121900279,0,0,0
121900280,0,0,0
121900281,0,0,0
121900284,0,0,0
121900286,0,2,-2
121900287,0,0,0
121900288,0,0,0
121900290,0,0,0
121900291,8,13,-5
121900292,0,0,0
121900293,19,132,-113
121900294,0,0,0
121900295,0,0,0
121900296,0,0,0
121900298,0,0,0
121900299,0,0,0
121900300,0,0,0
121900301,0,0,0
121900302,0,0,0
121900303,0,0,0
121900304,0,0,0
121900305,0,0,0
121900306,0,0,0
121900307,0,0,0
121900308,0,12,-12
121900309,0,25,-25
121900310,1,22,-21
121900311,0,0,0
121900312,0,0,0
121900313,0,0,0
121900314,0,0,0
121900315,0,0,0
121900316,0,0,0
121900317,0,0,0
121900318,0,0,0
121900319,0,0,0
121900320,0,0,0
121900321,0,0,0
121900322,0,0,0
121900323,0,0,0
121900324,0,0,0
121900325,0,0,0
121900326,0,0,0
121900327,0,0,0
121900328,0,0,0
121900329,0,0,0
121900330,0,0,0
121900331,0,0,0
121900332,0,0,0
121900333,0,0,0
121900334,0,0,0
122000001,431,593,-162
122000002,593,252,341
122000003,393,307,86
122000004,380,185,195
122000005,130,109,21
122000006,132,78,54
122000007,165,120,45
122000008,681,339,342
122000009,148,22,126
122000010,264,180,84
122000011,229,75,154
122000012,106,168,-62
122000013,141,140,1
122000014,110,96,14
122000015,112,41,71
122000016,90,98,-8
122000017,269,163,106
122000018,216,298,-82
122000019,118,240,-122
122000020,26,30,-4
122000021,94,44,50
122000022,191,34,157
122000023,96,37,59
122000024,71,103,-32
122000025,87,148,-61
122000026,30,9,21
122000027,174,263,-89
122000028,0,0,0
122000029,0,0,0
122000030,80,43,37
122000031,0,0,0
122000032,16,9,7
122000033,12,19,-7
122000034,164,169,-5
122000035,179,151,28
122000036,41,202,-161
122000037,97,24,73
122000038,59,29,30
122000039,107,95,12
122000040,76,73,3
122000041,0,0,0
122000042,0,0,0
122000043,0,0,0
122000044,0,0,0
122000045,4,4,0
122000046,8,5,3
122000047,100,35,65
122000048,437,255,182
122000049,685,619,66
122000050,159,170,-11
122000051,0,0,0
122000052,4,4,0
122000053,5,115,-110
122000054,304,228,76
122000055,310,387,-77
122000056,527,460,67
122000057,959,650,309
122000058,510,512,-2
122000059,635,484,151
122000060,179,143,36
122000061,100,27,73
122000062,258,63,195
122000063,77,99,-22
122000064,565,686,-121
122000065,896,619,277
122000066,235,257,-22
122000067,167,300,-133
122000068,134,97,37
122000069,631,164,467
122000070,16,14,2
122000071,49,21,28
122000072,147,55,92
122000073,80,85,-5
122000074,9,5,4
122000075,6,5,1
122000076,58,80,-22
122000077,178,200,-22
122000078,304,453,-149
122000079,142,168,-26
122000080,45,46,-1
122000081,9,19,-10
122000082,0,0,0
122000083,158,197,-39
122000084,159,162,-3
122000085,115,118,-3
122000086,252,307,-55
122000087,10,10,0
122000088,31,61,-30
122000089,481,263,218
122000090,22,22,0
122000091,36,8,28
122000092,1,2,-1
122000093,130,526,-396
122000094,979,195,784
122000095,501,258,243
122000096,103,21,82
122000098,975,580,395
122000099,54,138,-84
122000100,75,51,24
122000101,0,28,-28
122000102,430,131,299
122000103,175,149,26
122000104,22,21,1
122000105,12,19,-7
122000106,28,53,-25
122000107,18,11,7
122000108,58,138,-80
122000109,7,10,-3
122000110,88,83,5
122000111,305,71,234
122000112,21,33,-12
122000113,28,64,-36
122000114,605,790,-185
122000115,804,320,484
122000116,141,40,101
122000117,79,10,69
122000118,31,22,9
122000119,436,335,101
122000120,377,448,-71
122000121,536,304,232
122000122,109,227,-118
122000123,267,71,196
122000124,88,48,40
122000125,244,40,204
122000126,210,164,46
122000127,143,210,-67
122000128,67,161,-94
122000129,29,7,22
122000130,57,15,42
122000131,39,7,32
122000132,253,60,193
122000133,100,327,-227
122000134,84,91,-7
122000135,88,357,-269
122000136,4,9,-5
122000137,21,21,0
122000139,342,307,35
122000140,318,77,241
122000141,660,97,563
122000142,45,160,-115
122000143,43,6,37
122000144,33,27,6
122000145,73,56,17
122000146,0,0,0
122000147,12,9,3
122000148,882,418,464
122000149,227,43,184
122000150,39,25,14
122000151,66,93,-27
122000152,57,56,1
122000153,0,0,0
122000154,0,0,0
122000155,114,66,48
122000156,1504,984,520
122000157,706,550,156
122000158,32,49,-17
122000159,46,26,20
122000160,201,38,163
122000161,53,16,37
122000162,85,29,56
122000163,0,0,0
122000164,2,0,2
122000165,40,48,-8
122000166,5,5,0
122000167,90,136,-46
122000168,0,10,-10
122000169,83,55,28
122000170,49,78,-29
122000171,21,38,-17
122000172,128,263,-135
122000173,145,320,-175
122000174,402,332,70
122000175,287,81,206
122000176,4,2,2
122000177,322,562,-240
122000178,20,0,20
122000179,159,177,-18
122000180,269,630,-361
122000181,697,1308,-611
122000182,153,22,131
122000183,212,8,204
122000184,3946,629,3317
122000185,897,585,312
122000186,68,94,-26
122000187,15,126,-111
122000188,114,54,60
122000189,0,0,0
122000190,7,159,-152
122000191,27,32,-5
122000192,108,5,103
122000193,1,10,-9
122000194,42,30,12
122000195,1,4,-3
122000196,16,39,-23
122000197,20,15,5
122000198,62,65,-3
122000199,43,32,11
122000200,48,17,31
122000201,918,1067,-149
122000202,513,513,0
122000203,384,380,4
122000204,151,373,-222
122000205,102,202,-100
122000206,116,26,90
122000207,52,43,9
122000208,16,97,-81
122000209,1,1,0
122000210,182,460,-278
122000211,114,336,-222
122000212,85,67,18
122000213,120,134,-14
122000214,150,249,-99
122000215,264,216,48
122000217,323,444,-121
122000218,0,0,0
122000219,435,320,115
122000220,107,250,-143
122000221,15,30,-15
122000222,45,4,41
122000223,326,247,79
122000225,146,22,124
122000226,96,526,-430
122000227,63,312,-249
122000228,32,142,-110
122000229,8,141,-133
122000230,4,128,-124
122000231,12,127,-115
122000232,7,136,-129
122000233,0,0,0
122000234,3,1,2
122000235,21,4,17
122000236,23,13,10
122000237,9,2,7
122000238,20,3,17
122000239,6,23,-17
122000240,5,0,5
122000241,1,0,1
122000242,1,0,1
122000243,0,0,0
122000244,3,108,-105
122000245,11,44,-33
122000246,21,12,9
122000247,60,261,-201
122000248,156,358,-202
122000249,22,18,4
122000250,60,9,51
122000251,73,55,18
122000252,47,5,42
122000253,22,71,-49
122000254,10,0,10
122000255,37,41,-4
122000256,86,884,-798
122000257,20,161,-141
122000258,41,27,14
122000259,0,159,-159
122000260,9,113,-104
122000261,0,3,-3
122000262,0,26,-26
122000263,2,44,-42
122000264,0,0,0
122000265,0,0,0
122000266,0,0,0
122000267,0,0,0
122000268,0,0,0
122000269,0,0,0
122000270,0,0,0
122000271,0,0,0
122000272,0,0,0
122000273,7,11,-4
122000274,0,4,-4
122000275,2,4,-2
122000276,43,50,-7
122000277,118,163,-45
122000278,52,60,-8
122000279,16,147,-131
122000280,114,252,-138
122000281,79,162,-83
122000282,7,8,-1
122000283,134,25,109
122000284,10,19,-9
122000285,78,77,1
122000286,40,89,-49
122000287,8,1,7
122000288,11,2,9
122000291,113,37,76
122000293,10,9,1
122000294,0,0,0
122000295,10,0,10
122000296,4,42,-38
122000297,290,130,160
122000299,25,30,-5
122000300,91,260,-169
122000301,707,190,517
122000302,48,28,20
122000303,935,380,555
122000304,3,34,-31
122000305,87,64,23
122000306,9,218,-209
122000307,37,39,-2
122000309,9,78,-69
122000310,1,7,-6
122000311,7,8,-1
122000312,9,8,1
122000313,0,3,-3
122000314,3,18,-15
122000315,3,1,2
122000316,12,4,8
122000317,29,10,19
122000318,3,3,0
122000319,25,46,-21
122000320,37,298,-261
122000321,15,170,-155
122000322,444,95,349
122000323,200,127,73
122000324,130,148,-18
122000325,36,110,-74
122000326,0,0,0
122000327,26,41,-15
122000328,132,183,-51
122000330,120,27,93
122000333,1,73,-72
122000337,91,746,-655
122000338,52,199,-147
122000340,34,36,-2
122000342,196,204,-8
122000343,27,269,-242
122000344,0,0,0
122000345,9,0,9
122000346,22,23,-1
122000348,42,68,-26
122000349,2,152,-150
122000351,0,6,-6
122000352,52,5,47
122000353,0,41,-41
122000355,0,0,0
122000356,818,334,484
122000357,0,0,0
122000358,0,0,0
122000359,0,0,0
122000360,0,0,0
122000362,6,24,-18
122000364,3,69,-66
122000365,0,0,0
122000366,0,0,0
122000368,50,104,-54
122000370,2,20,-18
122000371,0,0,0
122000372,0,0,0
122000381,4,51,-47
122000382,2,32,-30
122000384,344,217,127
122000385,0,0,0
122000386,7,47,-40
122000387,27,42,-15
122000388,48,13,35
122000389,86,174,-88
122000390,4,40,-36
122000391,0,0,0
122000392,9,25,-16
122000393,5,7,-2
122000394,0,19,-19
122000395,6,19,-13
122000396,17,20,-3
122000397,5,43,-38
122000398,0,0,0
122000399,1,1,0
122000400,0,0,0
122000401,16,32,-16
122000402,0,0,0
122000403,63,413,-350
122000404,8,25,-17
122000408,212,261,-49
122000503,0,0,0
122000524,0,0,0
122000544,0,0,0
122000614,72,17,55
122000616,363,3,360
122000640,1,0,1
122000641,0,4,-4
122000642,1,5,-4
122000643,0,0,0
122000644,28,42,-14
122000645,58,153,-95
122000651,121,133,-12
122000664,16,4,12
122000665,251,186,65
122000666,51,77,-26
122000673,17,98,-81
122000674,67,18,49
122000675,134,256,-122
122000686,0,0,0
122000687,24,122,-98
122000688,0,0,0
122000689,81,229,-148
122000690,73,275,-202
122000691,0,0,0
122000692,87,95,-8
122000693,0,0,0
122000695,16,79,-63
122000696,1,12,-11
122000698,37,388,-351
122000699,38,2,36
122000701,80,98,-18
122000702,0,0,0
122000703,0,0,0
122000712,0,0,0
122000717,189,72,117
122000718,29,7,22
122000719,0,0,0
122000720,1,10,-9
122000724,52,11,41
122900001,0,0,0
122900002,0,0,0
122900003,0,0,0
122900004,0,0,0
122900005,0,0,0
122900006,0,0,0
122900007,0,0,0
122900008,0,0,0
122900009,0,0,0
122900010,0,0,0
122900012,0,0,0
122900014,0,0,0
122900015,0,0,0
122900016,0,0,0
122900017,0,0,0
122900018,0,0,0
122900020,0,0,0
122900021,0,0,0
122900022,3,47,-44
122900023,8,14,-6
122900024,1,5,-4
122900025,0,0,0
122900026,0,0,0
122900027,1,33,-32
122900028,0,0,0
122900029,0,0,0
122900030,125,17,108
122900031,0,0,0
122900032,6,11,-5
122900033,0,0,0
122900034,0,0,0
122900035,0,0,0
122900036,0,0,0
122900037,0,0,0
122900038,1,16,-15
122900039,0,0,0
122900040,0,0,0
122900041,0,0,0
122900042,0,0,0
122900043,0,0,0
122900044,0,0,0
122900045,0,0,0
122900046,0,0,0
122900047,0,0,0
122900048,0,0,0
122900049,0,0,0
122900051,0,0,0
122900052,0,2,-2
122900053,0,0,0
122900055,0,0,0
122900057,0,0,0
122900061,0,0,0
122900062,10,9,1
122900063,0,0,0
122900064,0,0,0
122900065,3,4,-1
122900066,7,11,-4
122900067,0,0,0
122900069,0,10,-10
122900070,6,1,5
122900071,0,11,-11
122900073,0,0,0
122900074,0,0,0
122900075,0,7,-7
122900076,0,7,-7
122900077,0,24,-24
122900078,0,36,-36
122900080,0,0,0
122900081,0,0,0
122900082,0,0,0
122900083,0,0,0
122900084,0,0,0
122900086,0,0,0
122900087,0,0,0
122900088,0,0,0
122900089,0,0,0
122900090,1,36,-35
122900091,0,0,0
122900092,0,0,0
122900093,0,0,0
122900094,0,0,0
122900095,0,0,0
122900096,0,0,0
122900097,0,0,0
122900098,0,0,0
122900099,0,0,0
122900100,0,0,0
122900101,0,0,0
122900102,0,0,0
122900103,0,0,0
122900104,0,0,0
122900105,0,0,0
122900106,0,0,0
122900107,0,0,0
122900108,0,0,0
122900109,0,9,-9
123000001,409,196,213
123000002,1332,537,795
123000003,719,420,299
123000004,1236,1570,-334
123000005,289,343,-54
123000006,620,1162,-542
123000007,296,287,9
123000008,668,1694,-1026
123000009,967,570,397
123000010,2112,2437,-325
123000011,457,212,245
123000012,397,1215,-818
123000013,448,145,303
123000014,511,1559,-1048
123000015,891,150,741
123000016,1224,1509,-285
123000017,320,123,197
123000018,2,18,-16
123000019,0,7,-7
123000020,0,1,-1
123000021,0,4,-4
123000022,8,10,-2
123000023,67,90,-23
123000024,45,55,-10
123000025,4,5,-1
123000026,1,17,-16
123000027,12,36,-24
123000028,11,3,8
123000029,54,62,-8
123000030,0,121,-121
123000031,1,19,-18
123000032,1,10,-9
123000033,0,0,0
123000034,40,48,-8
123000035,10,0,10
123000036,14,4,10
123000037,40,110,-70
123000038,18,99,-81
123000039,162,222,-60
123000040,183,144,39
123000041,32,16,16
123000042,120,207,-87
123000043,274,269,5
123000044,616,370,246
123000045,1903,626,1277
123000046,19,6,13
123000047,436,193,243
123000048,0,0,0
123000049,779,132,647
123000050,94,70,24
123000051,2,7,-5
123000052,102,132,-30
123000053,740,342,398
123000054,306,177,129
123000055,125,105,20
123000056,278,686,-408
123000057,2288,1252,1036
123000058,34,66,-32
123000059,23,28,-5
123000060,50,50,0
123000061,19,42,-23
123000063,119,120,-1
123000064,68,60,8
123000065,1219,956,263
123000066,231,127,104
123000067,37,75,-38
123000068,793,1217,-424
123000069,2497,1334,1163
123000070,42,43,-1
123000071,6,40,-34
123000072,245,314,-69
123000073,13,28,-15
123000074,134,366,-232
123000075,27,50,-23
123000076,62,222,-160
123000077,1234,878,356
123000078,26,44,-18
123000079,22,35,-13
123000080,306,697,-391
123000081,14,36,-22
123000082,61,116,-55
123000083,23,2,21
123000084,57,220,-163
123000085,1,8,-7
123000086,3,35,-32
123000087,5,53,-48
123000088,80,239,-159
123000089,0,2,-2
123000090,252,519,-267
123000091,0,0,0
123000092,234,449,-215
123000094,12,32,-20
123000095,1,9,-8
123000096,1,9,-8
123000097,38,269,-231
123000098,3,9,-6
123000099,107,183,-76
123000100,62,81,-19
123000101,3,1,2
123000102,33,78,-45
123000104,99,103,-4
123000105,143,141,2
123000106,107,223,-116
123000107,70,141,-71
123000108,195,228,-33
123000111,12,3,9
123000112,51,24,27
123000113,69,293,-224
123000114,3,7,-4
123000115,1,61,-60
123000116,3,34,-31
123000117,214,329,-115
123000118,63,161,-98
123000119,56,173,-117
123000120,63,98,-35
123000121,77,64,13
123000122,234,134,100
123000123,131,32,99
123000124,199,220,-21
123000125,52,12,40
123000126,27,57,-30
123000127,871,526,345
123000128,40,112,-72
123000129,0,0,0
123000130,0,0,0
123000131,15,61,-46
123000132,63,140,-77
123000133,50,135,-85
123000134,88,24,64
123000135,77,116,-39
123000136,27,277,-250
123000137,12,77,-65
123000138,12,94,-82
123000139,0,0,0
123000140,33,161,-128
123000141,0,0,0
123000142,216,292,-76
123000143,279,756,-477
123000144,2,2,0
123000145,2,8,-6
123000146,0,10,-10
123000147,1,13,-12
123000149,0,0,0
123000150,0,0,0
123000151,34,57,-23
123000152,9,98,-89
123000153,30,34,-4
123000154,130,64,66
123000155,238,140,98
123000156,9,13,-4
123000157,126,208,-82
123000158,0,0,0
123000159,88,23,65
123000160,62,54,8
123000161,165,62,103
123000162,35,11,24
123000163,0,0,0
123000164,0,0,0
123000165,43,342,-299
123000166,3,51,-48
123000167,2,69,-67
123000168,16,83,-67
123000169,0,0,0
123000170,1,70,-69
123000171,0,8,-8
123000172,28,177,-149
123000173,0,0,0
123000174,0,0,0
123000175,220,356,-136
123000176,0,0,0
123000177,21,162,-141
123000178,0,0,0
123000179,7,142,-135
123000180,153,15,138
123000181,36,377,-341
123000182,13,90,-77
123000183,26,21,5
123000184,14,164,-150
123000185,0,0,0
123000186,2,295,-293
123000187,0,1,-1
123000188,15,17,-2
123000189,0,0,0
123000190,0,21,-21
123000192,5,147,-142
123000193,5,136,-131
123000194,36,36,0
123000195,0,0,0
123000196,0,0,0
123000197,2,35,-33
123000198,2,64,-62
123000199,1,138,-137
123000200,0,0,0
123000201,0,0,0
123000202,14,366,-352
123000203,0,0,0
123000204,15,364,-349
123000205,24,378,-354
123000206,0,0,0
123000207,18,191,-173
123000208,20,11,9
123000209,221,22,199
123000210,79,402,-323
123000211,123,487,-364
123000212,0,0,0
123000213,0,0,0
123000215,129,21,108
123000216,0,0,0
123000217,0,0,0
123000218,43,92,-49
123000219,0,0,0
123000220,0,0,0
123000221,0,0,0
123000222,4,7,-3
123000223,0,9,-9
123000224,10,23,-13
123000225,7,21,-14
123000226,5,108,-103
123000227,8,90,-82
123000228,6,13,-7
123000229,247,573,-326
123000232,13,153,-140
123000233,0,0,0
123000234,28,221,-193
123000235,0,0,0
123000236,30,218,-188
123000237,0,0,0
123000238,7,137,-130
123000239,65,521,-456
123000240,6,67,-61
123000241,0,0,0
123000242,4,44,-40
123000243,141,266,-125
123000244,220,226,-6
123000245,17,110,-93
123000249,598,249,349
123000252,0,0,0
123000253,0,0,0
123000254,27,151,-124
123000255,31,57,-26
123000256,9,55,-46
123000257,381,510,-129
123000258,147,321,-174
123000259,19,66,-47
123000260,25,87,-62
123000261,18,25,-7
123000262,14,42,-28
123000263,8,1,7
123000264,6,0,6
123000265,9,21,-12
123000266,63,130,-67
123000267,0,0,0
123000268,1,18,-17
123000269,0,0,0
123000270,0,0,0
123000271,9,19,-10
123000272,0,0,0
123000273,0,0,0
123000274,0,0,0
123000275,40,309,-269
123000278,481,344,137
123000279,0,0,0
123000280,15,54,-39
123000281,0,0,0
123000282,5,83,-78
123000283,0,0,0
123000284,2,29,-27
123000286,40,30,10
123000287,43,27,16
123000288,0,0,0
123000289,0,0,0
123000291,53,319,-266
123000294,9,29,-20
123000295,143,41,102
123000296,11,12,-1
123000297,4,12,-8
123000298,2,22,-20
123000299,4,7,-3
123000300,90,148,-58
123000301,2,21,-19
123000302,0,7,-7
123000303,0,4,-4
123000305,194,190,4
123000306,0,75,-75
123000309,2,9,-7
123000310,0,0,0
123000311,2,138,-136
123000312,115,235,-120
123000313,0,0,0
123000315,0,10,-10
123000316,70,180,-110
123000317,0,0,0
123000318,1,51,-50
123000329,169,14,155
123000337,0,41,-41
123000338,7,5,2
123000339,1,197,-196
123000340,5,22,-17
123000342,0,29,-29
123000343,0,0,0
123000344,80,75,5
123000345,39,109,-70
123000346,0,0,0
123000352,208,299,-91
123000353,6,26,-20
123000354,10,4,6
123000355,0,76,-76
123000356,0,0,0
123000357,0,53,-53
123000359,0,39,-39
123000360,0,0,0
123000361,34,51,-17
123000362,1,24,-23
123000363,1,45,-44
123000364,10,21,-11
123000365,4,78,-74
123000366,94,121,-27
123000367,46,204,-158
123000370,1,71,-70
123000371,0,0,0
123000372,2,0,2
123000373,2,59,-57
123000374,0,46,-46
123000375,3,3,0
123000376,27,60,-33
123000377,0,0,0
123000378,1,52,-51
123000379,0,94,-94
123000380,0,7,-7
123000381,6,2,4
123000382,62,8,54
123000383,20,136,-116
123000384,11,0,11
123000385,6,228,-222
123000436,10,219,-209
123000507,23,24,-1
123000508,4,71,-67
123000517,111,16,95
123000518,8,49,-41
123000519,160,56,104
123000520,6,46,-40
123000521,82,54,28
123000522,25,115,-90
123000541,0,0,0
123000542,0,8,-8
123000565,27,2,25
123000566,3,167,-164
123000567,54,57,-3
123000573,18,379,-361
123000574,0,0,0
123000575,71,383,-312
123000576,16,441,-425
123000577,21,241,-220
123000578,0,0,0
123000579,245,46,199
123000580,40,25,15
123000582,0,0,0
123000583,1,103,-102
123000584,0,0,0
123000585,0,15,-15
123000586,0,0,0
123000596,19,22,-3
123000597,0,0,0
123000602,0,0,0
123000603,4,137,-133
123000604,11,302,-291
123000605,348,5,343
123000606,1,661,-660
123000609,1,165,-164
123000610,3,3,0
123000613,78,101,-23
123000614,0,0,0
123000615,74,113,-39
123000616,0,0,0
123000617,39,174,-135
123000618,14,149,-135
123000619,0,0,0
123000620,21,181,-160
123000622,0,0,0
123000624,0,0,0
123000630,17,43,-26
123000631,15,492,-477
123000632,182,234,-52
123000633,1,89,-88
123000634,0,0,0
123000635,47,29,18
123000636,19,112,-93
123000637,0,0,0
123000638,0,0,0
123000639,0,0,0
123000640,0,257,-257
123000648,0,0,0
123000649,4,99,-95
123000650,0,0,0
123000651,3,33,-30
123000652,0,0,0
123000653,0,21,-21
123000654,2,61,-59
123900001,41,1,40
123900002,0,0,0
123900003,0,0,0
123900005,0,0,0
123900006,0,0,0
124000001,181,0,181
124000002,31,386,-355
124000003,16,0,16
124000004,11,167,-156
124000005,14,0,14
124000006,44,365,-321
124000007,0,0,0
124000008,5,191,-186
124000009,0,1,-1
124000010,53,207,-154
124000011,0,0,0
124000012,60,325,-265
124000017,0,0,0
124000018,48,44,4
124000019,0,0,0
124000020,17,81,-64
124000021,0,0,0
124000022,44,100,-56
124000023,293,89,204
124000024,167,202,-35
124000025,219,59,160
124000026,201,181,20
124000027,254,36,218
124000028,771,565,206
124000031,84,1,83
124000032,700,357,343
124000033,97,1,96
124000034,198,540,-342
124000035,9,1,8
124000036,145,289,-144
124000037,6,5,1
124000038,4,32,-28
124000039,69,28,41
124000040,125,115,10
124000041,19,9,10
124000042,10,116,-106
124000043,13,10,3
124000044,24,101,-77
124000045,0,0,0
124000046,33,236,-203
124000047,0,0,0
124000048,80,402,-322
124000049,0,0,0
124000050,114,561,-447
124000051,0,0,0
124000052,86,429,-343
124000053,0,0,0
124000054,176,353,-177
124000055,0,0,0
124000056,455,603,-148
124000057,0,0,0
124000058,107,498,-391
124000059,16,53,-37
124000060,365,336,29
124000061,7,49,-42
124000062,1220,546,674
124000063,482,643,-161
124000064,634,800,-166
124000065,25,48,-23
124000066,0,0,0
124000067,0,0,0
124000068,2,18,-16
124000069,0,0,0
124000070,36,91,-55
124000071,0,0,0
124000072,29,72,-43
124000073,0,0,0
124000074,29,158,-129
124000075,0,0,0
124000076,6,52,-46
124000077,272,157,115
124000078,6,2,4
124000079,123,154,-31
124000080,0,0,0
124000081,17,189,-172
124000082,0,4,-4
124000083,7,31,-24
124000084,0,0,0
124000085,15,16,-1
124000086,0,0,0
124000087,0,0,0
124000088,2,3,-1
124000089,6,2,4
124000090,22,141,-119
124000091,5,12,-7
124000092,10,290,-280
124000093,0,0,0
124000094,10,22,-12
124000095,0,0,0
124000096,14,46,-32
124000097,0,0,0
124000098,6,60,-54
124000099,1,2,-1
124000100,4,62,-58
124000101,4,6,-2
124000102,20,44,-24
124000103,3,6,-3
124000104,10,36,-26
124000105,1,2,-1
124000106,14,35,-21
124000107,0,6,-6
124000108,36,9,27
124000109,0,0,0
124000110,8,40,-32
124000111,10,27,-17
124000112,23,73,-50
124000113,0,0,0
124000114,4,45,-41
124000115,41,71,-30
124000116,0,0,0
124000117,17,16,1
124000118,0,0,0
124000119,35,85,-50
124000120,1,6,-5
124000121,100,17,83
124000122,370,254,116
124000123,139,38,101
124000124,63,191,-128
124000125,42,43,-1
124000126,64,157,-93
124000127,72,54,18
124000128,59,330,-271
124000129,91,294,-203
124000130,297,179,118
124000131,141,67,74
124000132,338,357,-19
124000133,23,28,-5
124000134,101,162,-61
124000135,80,59,21
124000136,85,221,-136
124000137,51,25,26
124000138,137,202,-65
124000139,0,0,0
124000140,28,132,-104
124000141,14,1,13
124000142,15,115,-100
124000143,0,0,0
124000144,0,61,-61
124000145,0,0,0
124000146,3,23,-20
124000148,0,0,0
124000149,2,2,0
124000150,90,119,-29
124000151,0,1,-1
124000152,91,201,-110
124000153,3,14,-11
124000154,81,234,-153
124000155,6,10,-4
124000156,248,284,-36
124000169,7,8,-1
124000170,71,75,-4
124000171,0,10,-10
124000172,23,99,-76
124000173,9,22,-13
124000174,37,122,-85
124000175,5,44,-39
124000176,0,0,0
124000177,4,25,-21
124000178,0,0,0
124000185,2,1,1
124000186,0,9,-9
124000187,3,17,-14
124000188,0,2,-2
124000190,6,1,5
124000191,23,9,14
124000192,0,0,0
124000193,62,358,-296
124000194,92,176,-84
124000195,23,71,-48
124000196,272,504,-232
124000197,27,10,17
124000198,0,0,0
124000201,10,307,-297
124000202,0,10,-10
124000203,11,252,-241
124000204,4,71,-67
124000205,2,170,-168
124000206,4,70,-66
124000207,1,63,-62
124000209,1,90,-89
124000210,2,56,-54
124000211,0,0,0
124000212,2,156,-154
124000213,6,116,-110
124000214,4,102,-98
124000215,0,0,0
124000216,1,146,-145
124000329,15,501,-486
124000338,14,266,-252
124000339,0,0,0
124000341,0,0,0
124000344,2,3,-1
124000357,129,52,77
124000358,128,76,52
124000359,40,23,17
124000360,10,16,-6
124000361,19,9,10
124000362,268,584,-316
124000363,90,260,-170
124000364,167,635,-468
124000365,396,1141,-745
124000366,565,928,-363
124000367,22,151,-129
124000368,0,0,0
124000369,1,2,-1
124000370,23,177,-154
124000402,0,0,0
124000403,0,0,0
124000404,0,22,-22
124000405,158,74,84
124000406,169,284,-115
124000407,1,11,-10
124000411,0,72,-72
124000412,0,0,0
124000413,0,0,0
124000414,6,11,-5
124000415,10,65,-55
124000416,16,63,-47
124000417,12,24,-12
124000418,3,18,-15
124000419,7,55,-48
124000420,4,4,0
124000421,4,97,-93
124000422,6,1,5
124000423,6,2,4
124000424,3,84,-81
124000425,0,0,0
124000426,5,63,-58
124000427,0,0,0
124000428,0,5,-5
124000429,0,56,-56
124000430,23,61,-38
124000431,15,75,-60
124000432,30,123,-93
124000439,0,0,0
124000443,0,0,0
124000445,8,0,8
124000446,203,18,185
124000447,0,0,0
124000448,2,0,2
124000449,2,1,1
124000450,0,38,-38
124000451,3,33,-30
124000452,112,15,97
124000453,689,202,487
124000454,614,1531,-917
124000457,7,23,-16
124000458,1,61,-60
124900001,0,0,0
124900002,0,0,0
124900003,0,0,0
124900004,0,0,0
124900005,0,0,0
124900006,0,0,0
124900008,0,0,0
124900009,0,0,0
124900010,0,0,0
124900011,0,0,0
124900012,0,0,0
124900013,0,0,0
124900014,0,0,0
124900015,0,0,0
124900016,0,0,0
124900017,0,0,0
124900018,0,0,0
124900020,0,0,0
124900021,0,0,0
124900022,0,0,0
124900024,0,0,0
124900026,0,0,0
124900027,0,0,0
124900028,0,0,0
124900029,0,0,0
124900030,0,0,0
124900031,0,0,0
124900032,0,0,0
124900033,0,0,0
124900034,0,0,0
124900035,0,0,0
124900036,0,0,0
124900037,0,0,0
124900038,0,0,0
124900039,0,0,0
124900040,0,0,0
124900041,1,24,-23
124900042,0,0,0
124900043,5,71,-66
124900044,0,0,0
124900045,15,34,-19
124900047,8,11,-3
124900048,10,3,7
124900050,7,5,2
124900052,4,23,-19
124900053,0,42,-42
124900054,420,44,376
124900055,1,12,-11
124900057,1,28,-27
124900060,4,16,-12
124900061,0,0,0
124900062,0,0,0
124900066,0,6,-6
124900067,2,37,-35
124900068,0,0,0
124900070,0,0,0
124900072,0,0,0
124900075,0,0,0
124900076,0,0,0
124900077,0,0,0
124900078,0,0,0
124900079,5,1,4
124900080,1,45,-44
124900081,0,0,0
124900082,0,1,-1
124900083,5,22,-17
124900085,0,0,0
124900086,0,0,0
124900087,0,0,0
124900088,0,0,0
124900089,35,2,33
124900090,0,0,0
124900091,0,0,0
124900092,0,0,0
124900093,0,0,0
124900094,0,0,0
124900095,0,0,0
124900096,0,0,0
124900097,0,0,0
124900098,0,0,0
124900099,0,0,0
124900100,0,0,0
124900101,0,0,0
124900102,0,0,0
124900103,0,0,0
124900104,0,4,-4
124900105,0,1,-1
124900106,0,0,0
124900107,0,0,0
124900108,0,0,0
124900111,0,24,-24
124900112,3,60,-57
124900113,0,2,-2
124900114,0,1,-1
124900115,0,0,0
124900116,0,0,0
124900117,0,0,0
124900118,0,0,0
124900119,0,0,0
124900120,3,43,-40
124900121,0,0,0
124900122,83,10,73
124900123,0,0,0
124900124,16,4,12
124900125,0,0,0
124900126,0,27,-27
204000001,0,0,0
204000002,0,0,0
204000003,0,0,0
204000004,0,0,0
204000005,0,0,0
204000006,0,0,0
204000011,32,46,-14
204000012,16,176,-160
204000019,148,112,36
204000020,50,135,-85
204000021,206,120,86
204000022,59,83,-24
204000023,149,619,-470
204000031,0,0,0
204000032,0,0,0
204000034,79,208,-129
204000035,12,2,10
204000036,13,23,-10
204000037,17,15,2
204000038,4,16,-12
204000039,1,19,-18
204000040,7,11,-4
204000041,4,15,-11
204000042,0,0,0
204000043,0,0,0
204000044,0,0,0
204000045,0,0,0
204000046,0,0,0
204000057,3,22,-19
204000062,42,169,-127
204000068,44,122,-78
204000069,15,58,-43
204000070,0,0,0
204000080,54,76,-22
204000085,260,501,-241
204000086,875,815,60
204000087,40,81,-41
204000088,23,66,-43
204000090,35,236,-201
204000093,0,0,0
204000096,1,4,-3
204000097,0,0,0
204000099,4,10,-6
204000100,4,2,2
204000105,436,512,-76
204000110,263,538,-275
204000111,128,323,-195
204000112,159,384,-225
204000113,114,281,-167
204000114,56,54,2
204000115,23,35,-12
204000116,52,85,-33
204000119,0,1,-1
204000132,0,0,0
204000133,0,0,0
204000134,0,0,0
204000135,0,0,0
204000136,0,0,0
204000138,0,0,0
204000140,0,0,0
204000141,0,0,0
204000144,7,9,-2
204000145,0,0,0
204000146,41,152,-111
204000147,19,73,-54
204000148,0,0,0
204000154,0,0,0
204000155,4,4,0
204000177,0,0,0
204000179,0,0,0
204000180,0,84,-84
204000222,3,4,-1
204000235,24,8,16
204000236,16,169,-153
204000238,0,0,0
204000240,16,15,1
204000263,182,417,-235
204000268,0,0,0
204000308,0,0,0
204000317,20,25,-5
204000322,9,18,-9
204000323,0,0,0
204000328,0,0,0
204000329,82,83,-1
204000330,0,0,0
204000331,116,131,-15
205000001,522,441,81
205000013,2,51,-49
205000014,12,92,-80
205000015,12,155,-143
205000016,9,119,-110
205000017,12,26,-14
205000022,153,313,-160
205000025,606,545,61
205000029,40,27,13
205000045,12,92,-80
205000046,17,213,-196
205000047,18,203,-185
205000048,67,376,-309
205000049,72,357,-285
205000050,252,203,49
205000059,0,160,-160
205000060,0,20,-20
205000061,0,17,-17
205000062,1,12,-11
205000063,4,5,-1
205000064,3,59,-56
205000065,15,229,-214
205000066,20,364,-344
205000067,4,622,-618
205000069,308,180,128
205000082,0,0,0
205000110,40,139,-99
205000111,56,157,-101
205000112,0,0,0
205000113,81,97,-16
205000121,0,0,0
205000123,84,129,-45
205000126,0,0,0
205000127,0,0,0
205000128,0,0,0
205000129,0,0,0
205000130,0,0,0
205000131,0,0,0
205000132,0,0,0
205000133,0,0,0
205000134,0,0,0
205000137,34,89,-55
205000138,80,147,-67
205000139,18,43,-25
205000144,0,0,0
205000145,0,0,0
205000151,0,0,0
205000152,0,0,0
205000153,0,0,0
205000154,0,0,0
205000155,0,0,0
205000207,152,174,-22
205000233,0,0,0
205000234,0,1,-1
205000243,0,0,0
205000244,1,3,-2
205000245,9,210,-201
205000249,0,9,-9
205000250,0,0,0
205000264,5,60,-55
206000027,0,0,0
206000028,0,0,0
206000043,11,88,-77
206000053,18,15,3
206000054,16,28,-12
206000055,3,32,-29
206000075,2,6,-4
206000076,11,23,-12
206000077,5,10,-5
206000078,6,12,-6
206000079,19,4,15
206000082,0,0,0
206000100,31,397,-366
206000103,6,43,-37
206000104,11,34,-23
206000105,4,19,-15
206000106,16,52,-36
206000125,0,0,0
206000157,230,549,-319
206000170,1,235,-234
206000171,2,197,-195
206000172,6,488,-482
206000173,0,179,-179
206000174,4,137,-133
206000175,0,174,-174
206000176,13,285,-272
206000177,2,171,-169
206000178,3,119,-116
206000179,6,84,-78
206000180,24,131,-107
206000181,10,174,-164
206000182,47,182,-135
206000183,42,388,-346
206000184,12,179,-167
206000185,11,181,-170
206000186,55,603,-548
206000223,5,146,-141
206000226,0,0,0
206000227,0,0,0
206000237,15,204,-189
206000238,27,264,-237
206000239,309,590,-281
206000240,1,51,-50
206000241,0,159,-159
206000242,17,235,-218
206000243,4,233,-229
206000244,79,520,-441
206000245,37,3,34
206000246,2,0,2
206000247,7,0,7
206000248,5,4,1
206000252,16,32,-16
206000258,19,39,-20
206000315,19,5,14
206000317,62,9,53
206000318,38,8,30
206000319,83,9,74
206000320,8,2,6
206000321,6,3,3
206000322,0,0,0
206000323,0,0,0
206000324,0,0,0
206000325,0,0,0
206000326,0,0,0
206000327,3,0,3
206000328,11,1,10
206000329,10,0,10
206000330,1,0,1
206000331,3,0,3
206000332,0,0,0
206000333,25,0,25
206000334,5,0,5
206000335,1,23,-22
206000361,2,179,-177
206000392,4,42,-38
206000405,20,1,19
206000441,0,0,0
206000498,0,11,-11
206000515,186,33,153
206000530,0,0,0
206000531,0,0,0
206000532,0,0,0
206000535,84,281,-197
206000536,10,92,-82
206000537,4,45,-41
206000613,0,0,0
206000784,436,76,360
207000001,71,287,-216
207000002,19,240,-221
207000003,47,168,-121
207000007,43,4,39
207000008,1,2,-1
207000009,5,7,-2
207000010,123,159,-36
207000012,0,0,0
207000015,203,395,-192
207000019,33,15,18
207000021,31,38,-7
207000022,7,3,4
207000023,13,7,6
207000024,1,0,1
207000025,2,2,0
207000026,30,72,-42
207000027,9,56,-47
207000028,17,133,-116
207000029,89,248,-159
207000033,45,40,5
207000034,14,6,8
207000039,0,0,0
207000040,0,0,0
207000041,0,0,0
207000042,0,0,0
207000043,0,0,0
207000051,22,207,-185
207000052,4,130,-126
207000053,208,409,-201
207000054,13,114,-101
207000055,32,109,-77
207000056,93,227,-134
207000057,82,196,-114
207000058,49,289,-240
207000059,21,412,-391
207000060,11,82,-71
207000061,7,7,0
207000062,28,28,0
207000063,20,74,-54
207000064,88,34,54
207000065,43,50,-7
207000066,22,57,-35
207000067,3,63,-60
207000068,27,12,15
207000069,206,77,129
207000082,0,1,-1
207000083,6,83,-77
207000084,5,5,0
207000085,11,2,9
207000086,5,0,5
207000106,0,0,0
207000107,0,0,0
207000108,0,0,0
207000109,0,0,0
207000110,0,0,0
207000111,0,0,0
207000112,0,0,0
207000114,10,25,-15
207000115,12,53,-41
207000116,11,168,-157
207000117,0,42,-42
207000118,2,49,-47
207000119,7,84,-77
207000123,0,0,0
207000124,0,0,0
207000125,0,0,0
207000126,0,0,0
207000134,0,4,-4
207000135,0,0,0
207000148,0,0,0
207000149,24,28,-4
207000152,53,243,-190
207000153,781,591,190
207000154,61,30,31
207000159,24,136,-112
207000160,47,332,-285
207000238,1,64,-63
207000242,3,58,-55
207000248,20,13,7
207000249,57,45,12
207000250,98,33,65
207000251,26,31,-5
207000252,27,59,-32
207000278,0,0,0
207000279,36,128,-92
207000280,12,5,7
207000281,24,250,-226
207000282,1,0,1
207000283,12,51,-39
207000284,9,2,7
207000285,0,0,0
207000291,4,77,-73
207000304,16,15,1
207000306,43,231,-188
207000310,0,0,0
207000353,0,0,0
207000356,8,10,-2
207000357,0,0,0
207000358,0,0,0
207000415,4,65,-61
207000417,0,0,0
207000418,51,51,0
207000438,0,4,-4
207000439,226,56,170
207000446,0,0,0
207000460,2,0,2
207000466,82,138,-56
207000467,0,0,0
207000468,22,233,-211
207000476,4,2,2
207000477,0,10,-10
207000478,0,8,-8
207000523,0,6,-6
207000524,0,0,0
207000527,26,16,10
207000530,0,0,0
207000531,0,0,0
207000532,0,0,0
207000534,0,0,0
207000535,29,116,-87
207000537,17,47,-30
207000540,9,84,-75
207000541,2,126,-124
207000548,4,131,-127
207000549,0,0,0
207000561,0,0,0
207000562,8,118,-110
207000567,108,148,-40
207000568,0,8,-8
207000569,12,212,-200
207000584,96,39,57
207000585,0,0,0
207000587,0,0,0
207000616,0,125,-125
207000617,0,0,0
207000624,0,0,0
207000631,0,0,0
207900008,3,21,-18
208000001,20,76,-56
208000002,25,46,-21
208000003,45,68,-23
208000004,72,54,18
208000005,1,18,-17
208000019,0,0,0
208000020,0,0,0
208000021,23,122,-99
208000022,140,160,-20
208000028,39,35,4
208000033,87,169,-82
208000034,215,330,-115
208000037,0,0,0
208000040,0,0,0
208000041,0,0,0
208000042,0,0,0
208000047,12,108,-96
208000064,0,0,0
208000066,0,0,0
208000070,0,0,0
208000071,0,0,0
208000072,0,0,0
208000080,11,24,-13
208000081,7,11,-4
208000082,34,76,-42
208000083,39,217,-178
208000084,0,0,0
208000085,227,216,11
208000086,140,352,-212
208000087,95,283,-188
208000089,172,144,28
208000090,109,341,-232
208000093,14,40,-26
208000094,91,157,-66
208000095,194,167,27
208000104,0,0,0
208000105,0,0,0
208000114,0,0,0
208000115,25,148,-123
208000116,3,5,-2
208000117,0,0,0
208000118,0,0,0
208000155,117,404,-287
208000158,695,701,-6
208000186,0,0,0
208000204,81,258,-177
208000205,160,312,-152
208000282,1053,265,788
209000004,41,36,5
209000005,8,7,1
209000006,71,82,-11
209000007,61,80,-19
209000010,98,58,40
209000011,28,74,-46
209000012,38,118,-80
209000013,33,242,-209
209000014,168,549,-381
209000025,21,19,2
209000026,77,7,70
209000027,92,545,-453
209000028,92,519,-427
209000029,153,486,-333
209000030,129,659,-530
209000031,1159,1404,-245
209000034,74,261,-187
209000035,32,149,-117
209000036,51,94,-43
209000037,39,110,-71
209000038,59,158,-99
209000039,24,72,-48
209000040,81,246,-165
209000041,94,209,-115
209000042,118,186,-68
209000043,93,161,-68
209000044,158,179,-21
209000045,33,97,-64
209000046,35,124,-89
209000047,34,67,-33
209000048,22,56,-34
209000049,22,111,-89
209000050,76,171,-95
209000051,83,159,-76
209000052,51,128,-77
209000062,7,63,-56
209000063,7,60,-53
209000064,8,77,-69
209000065,0,0,0
209000066,0,0,0
209000067,0,0,0
209000080,9,65,-56
209000082,0,0,0
209000091,20,37,-17
209000093,26,25,1
209000094,170,38,132
209000110,0,0,0
209000111,125,409,-284
209000112,88,155,-67
209000113,162,106,56
209000114,64,76,-12
209000115,67,67,0
209000116,558,220,338
209000118,0,0,0
209000119,8,10,-2
209000121,63,294,-231
209000135,0,0,0
209000142,406,207,199
209000143,15,23,-8
209000144,6,15,-9
209000229,29,81,-52
209000240,21,204,-183
209000259,58,105,-47
209000260,8,324,-316
209000261,0,167,-167
209000262,0,114,-114
209000263,0,41,-41
209000264,0,17,-17
209000265,0,0,0
209000266,0,0,0
209000267,0,0,0
209000268,0,0,0
210000037,0,0,0
210000047,0,0,0
210000048,0,0,0
210000049,0,0,0
210000052,5,44,-39
210000053,8,25,-17
210000054,27,19,8
210000070,0,0,0
210000071,0,0,0
210000072,0,0,0
210000073,0,10,-10
210000074,0,43,-43
210000075,0,19,-19
210000076,1,66,-65
210000077,3,12,-9
210000078,8,18,-10
210000079,0,0,0
210000080,0,0,0
210000081,0,0,0
210000082,0,0,0
210000083,0,0,0
210000084,0,0,0
210000085,0,32,-32
210000086,1,36,-35
210000099,20,164,-144
210000100,16,144,-128
210000101,30,157,-127
210000105,13,31,-18
210000159,0,39,-39
210000163,70,110,-40
210000164,0,0,0
210000168,0,0,0
210000187,0,5,-5
210000188,0,11,-11
210000214,0,0,0
210000219,0,0,0
210000220,0,0,0
210000232,3,4,-1
210000233,0,9,-9
210000234,6,33,-27
210000235,4,54,-50
210000245,0,10,-10
210000246,0,1,-1
210000258,0,85,-85
210000259,0,0,0
210000282,20,92,-72
210000285,1,29,-28
210000286,3,47,-44
210000290,0,0,0
210000295,6,16,-10
210000296,7,18,-11
210000320,0,0,0
210000321,0,0,0
210000338,15,49,-34
210000339,281,172,109
210000340,59,74,-15
210000341,54,80,-26
210000342,50,63,-13
210000343,41,70,-29
210000344,51,40,11
210000345,26,35,-9
210000346,12,27,-15
210000347,3,8,-5
210000348,15,6,9
210000349,9,8,1
210000350,22,38,-16
210000351,27,49,-22
210000352,0,0,0
210000353,0,0,0
210000354,0,0,0
210000355,0,0,0
210000356,0,0,0
210000357,0,0,0
210000358,0,0,0
210000359,0,0,0
210000360,0,0,0
210000361,0,0,0
210000362,0,0,0
210000363,0,0,0
210000364,0,0,0
210000365,0,0,0
210000366,0,0,0
210000367,0,0,0
210000368,0,0,0
210000369,0,0,0
210000370,0,0,0
210000372,0,0,0
210000373,0,0,0
210000374,0,0,0
210000375,0,0,0
210000376,0,0,0
210000404,67,87,-20
210000439,0,0,0
210000472,0,0,0
210000482,0,0,0
210000564,0,0,0
210000567,0,1,-1
210000568,0,0,0
211000092,0,0,0
211000094,0,0,0
211000169,0,0,0
211000172,0,0,0
211000209,0,0,0
211000226,0,0,0
211000270,1,1,0
211000275,0,0,0
211000276,0,0,0
211000279,0,0,0
211000281,0,0,0
211000302,0,0,0
211507980,0,0,0
211977296,0,0,0
212000003,0,0,0
212000004,4,10,-6
212000005,9,14,-5
212000006,22,21,1
212000008,45,128,-83
212000009,5,67,-62
212000012,21,40,-19
212000013,7,60,-53
212000014,84,71,13
212000015,79,96,-17
212000016,214,257,-43
212000027,0,0,0
212000028,0,0,0
212000029,0,0,0
212000030,0,0,0
212000031,0,0,0
212000048,4,28,-24
212000049,17,27,-10
212000050,3,4,-1
212000051,52,89,-37
212000052,39,125,-86
212000053,128,233,-105
212000054,0,0,0
212000055,0,0,0
212000056,0,0,0
212000057,0,0,0
212000058,0,0,0
212000070,33,135,-102
212000077,43,296,-253
212000099,0,0,0
212000108,0,0,0
212000111,0,0,0
212000120,46,63,-17
212000138,8,23,-15
212000156,4,44,-40
212000158,0,0,0
212000159,1,0,1
212000160,4,0,4
212000161,0,0,0
212000310,7,6,1
212000311,0,0,0
212000374,5,4,1
213000001,6,115,-109
213000005,8,1,7
213000006,5,1,4
213000007,0,0,0
213000009,0,0,0
213000010,0,0,0
213000011,0,0,0
213000014,0,0,0
213000015,0,0,0
213000016,0,0,0
213000017,0,0,0
213000018,1,72,-71
213000019,0,47,-47
213000020,9,46,-37
213000021,0,33,-33
213000023,0,0,0
213000033,14,138,-124
213000034,0,0,0
213000035,0,0,0
213000045,26,45,-19
213000046,20,35,-15
213000047,120,49,71
213000056,0,0,0
213000069,0,0,0
213000073,0,4,-4
213000074,38,100,-62
213000075,0,0,0
213000076,0,0,0
213000085,1,17,-16
213000086,2,121,-119
213000091,0,0,0
213000092,0,0,0
213000099,69,210,-141
213000100,0,0,0
213000101,1,41,-40
213000102,2,91,-89
213000103,45,128,-83
213000104,26,72,-46
213000105,0,8,-8
213000106,0,43,-43
213000107,15,149,-134
213000108,2,24,-22
213000109,3,110,-107
213000110,3,43,-40
213000111,1,12,-11
213000112,26,2,24
213000115,0,0,0
213000116,22,93,-71
213000117,1,128,-127
213000118,63,53,10
213000119,7,100,-93
213000120,17,92,-75
213000122,36,264,-228
213000123,158,225,-67
213000124,14,324,-310
213000125,0,0,0
213000126,24,29,-5
213000127,9,31,-22
213000128,102,101,1
213000129,0,0,0
213000130,0,0,0
213000132,0,0,0
213000133,0,0,0
213000134,0,0,0
213000136,0,0,0
213000137,0,0,0
213000139,0,0,0
213000147,0,0,0
213000148,0,0,0
213000149,0,0,0
213000150,0,31,-31
213000151,0,28,-28
213000152,0,28,-28
213000153,0,3,-3
213000154,10,70,-60
213000155,14,103,-89
213000156,12,142,-130
213000157,122,222,-100
213000158,33,129,-96
213000159,0,0,0
213000163,0,0,0
213000165,0,0,0
213000171,0,48,-48
213000172,0,56,-56
213000173,0,33,-33
213000174,1,18,-17
213000175,0,24,-24
213000176,0,24,-24
213000177,0,0,0
213000178,3,3,0
213000179,2,3,-1
213000180,11,6,5
213000184,6,19,-13
213000188,0,0,0
213000189,0,0,0
213000190,21,196,-175
213000191,8,140,-132
213000192,3,142,-139
213000193,546,158,388
213000194,0,6,-6
213000195,3,132,-129
213000196,14,334,-320
213000197,0,0,0
213000198,0,0,0
213000200,74,391,-317
213000201,38,16,22
213000202,9,334,-325
213000203,0,0,0
213000204,0,0,0
213000205,0,0,0
213000206,0,0,0
213000207,0,0,0
213000208,0,0,0
213000209,0,0,0
213000210,0,0,0
213000211,0,0,0
213000212,0,4,-4
213000213,0,10,-10
213000218,37,229,-192
213000219,0,0,0
213000220,0,0,0
213000223,0,0,0
213000224,0,0,0
213000225,0,0,0
213000226,0,0,0
213000227,0,0,0
213000228,0,0,0
213000229,0,0,0
213000230,0,0,0
213000232,5,182,-177
213000233,1,5,-4
213000234,1,22,-21
213000293,0,27,-27
213000294,0,0,0
213000295,0,27,-27
213000296,0,0,0
213000297,7,17,-10
213000298,32,13,19
213000299,0,0,0
213000300,0,0,0
213000303,5,19,-14
213000304,0,4,-4
213000305,0,0,0
213000306,14,3,11
213000307,0,0,0
213000308,29,68,-39
213000309,0,0,0
213000310,0,0,0
213000311,95,123,-28
213000315,24,38,-14
213000316,0,0,0
213000322,1,14,-13
213000323,0,0,0
213000340,38,533,-495
213000341,0,0,0
213000346,0,0,0
213000347,0,0,0
213000348,0,47,-47
213000349,1,3,-2
213000350,55,394,-339
213000366,7,77,-70
213000367,3,0,3
213000379,4,55,-51
213000386,2,110,-108
213000406,20,129,-109
213000417,31,4,27
213000425,0,0,0
213000426,0,0,0
213000427,3,33,-30
213000428,0,34,-34
213000429,0,0,0
213000430,0,45,-45
213000431,22,0,22
213000432,0,0,0
213000433,1,27,-26
213000434,0,0,0
213000435,0,0,0
213000439,1,0,1
213000441,0,0,0
213000443,1,14,-13
213000445,0,8,-8
213000446,0,1,-1
213000447,1,4,-3
213000448,0,0,0
213000449,0,0,0
213000450,0,0,0
213000451,0,0,0
213000452,0,0,0
213000453,14,78,-64
213000455,0,1,-1
213000456,1,45,-44
213000481,0,0,0
213000482,0,0,0
213000489,0,0,0
213000491,1,16,-15
213000492,0,1,-1
213000493,0,8,-8
213000494,0,0,0
213000495,0,17,-17
213000496,0,0,0
213000497,30,95,-65
213000498,9,77,-68
213000499,7,118,-111
213000500,0,0,0
213000501,0,0,0
213000502,0,0,0
213000504,3,116,-113
213000505,0,9,-9
213000506,0,2,-2
213000507,11,163,-152
213900244,0,0,0
213900245,0,10,-10
218000003,1,8,-7
218000004,4,14,-10
218000005,0,0,0
218000006,2,34,-32
218000007,0,12,-12
218000012,115,29,86
218000013,32,106,-74
218000014,226,208,18
218000019,539,217,322
218000020,236,210,26
218000040,1,3,-2
218000046,3,79,-76
218000047,3,78,-75
218000048,7,165,-158
218000049,16,93,-77
218000050,77,140,-63
218000051,16,183,-167
218000052,0,15,-15
218000053,1,3,-2
218000054,1,9,-8
218000055,0,2,-2
218000056,1,23,-22
218000057,1,7,-6
218000064,0,0,0
218000065,0,0,0
218000066,0,0,0
218000067,12,80,-68
218000068,19,68,-49
218000069,32,191,-159
218000070,42,199,-157
218000071,88,156,-68
218000072,232,187,45
218000078,187,482,-295
218000079,9,54,-45
218000080,48,87,-39
218000081,87,84,3
218000082,4,57,-53
218000083,6,38,-32
218000084,35,113,-78
218000085,110,187,-77
218000086,31,75,-44
218000087,73,101,-28
218000090,18,59,-41
218000091,184,129,55
218000092,42,128,-86
218000093,67,80,-13
218000094,161,530,-369
218000099,107,204,-97
218000100,72,203,-131
218000101,29,98,-69
218000102,48,132,-84
218000103,17,89,-72
218000104,6,24,-18
218000105,4,10,-6
218000106,4,10,-6
218000107,11,114,-103
218000108,0,58,-58
218000112,17,7,10
218000117,0,0,0
218000134,120,288,-168
218000135,12,12,0
218000136,27,8,19
218000137,19,69,-50
218000138,0,15,-15
218000139,15,115,-100
218000140,21,58,-37
218000141,0,12,-12
218000142,26,60,-34
218000143,3,51,-48
218000144,3,11,-8
218000145,47,134,-87
218000146,23,97,-74
218000151,4,3,1
218000152,16,37,-21
218000170,0,16,-16
218000171,12,3,9
218000172,3,2,1
218000173,1,5,-4
218000174,3,3,0
218000176,32,19,13
218000177,148,24,124
218000178,33,11,22
218000179,51,10,41
218000180,22,16,6
218000181,28,0,28
218000187,0,3,-3
218000188,2,13,-11
218000189,2,15,-13
218000190,1,2,-1
218000191,35,97,-62
218000192,37,210,-173
218000193,264,187,77
218000194,20,276,-256
218000195,74,55,19
218000196,89,157,-68
218000197,49,139,-90
218000198,3,58,-55
218000199,16,14,2
218000200,3,23,-20
218000201,2,6,-4
218000202,83,45,38
218000207,1,16,-15
218000208,6,14,-8
218000211,5,28,-23
218000213,43,13,30
218000214,4,1,3
218000215,7,28,-21
218000217,0,26,-26
218000218,53,26,27
218000219,1,4,-3
218000220,57,125,-68
218000221,64,85,-21
218000222,16,16,0
218000223,144,45,99
218000224,0,24,-24
218000225,86,19,67
218000226,28,23,5
218000232,16,34,-18
218000239,0,0,0
218000240,0,0,0
218000241,0,0,0
218000242,0,0,0
218000243,0,0,0
218000244,0,0,0
218000245,0,0,0
218000246,0,0,0
218000247,0,0,0
218000248,0,2,-2
218000249,0,0,0
218000250,1,7,-6
218000251,1,7,-6
218000252,1,14,-13
218000253,0,2,-2
218000254,0,2,-2
218000255,0,0,0
218000256,1,15,-14
218000267,51,456,-405
218000268,7,52,-45
218000269,3,16,-13
218000270,21,167,-146
218000271,67,242,-175
218000273,0,0,0
218000274,0,0,0
218000275,13,62,-49
218000276,14,121,-107
218000278,55,38,17
218000279,12,42,-30
218000280,3,27,-24
218000281,1,13,-12
218000282,46,25,21
218000284,0,0,0
218000301,6,27,-21
218000302,5,2,3
218000303,19,15,4
218000316,271,257,14
218000317,158,385,-227
218000318,50,284,-234
218000319,208,672,-464
218000320,233,403,-170
218000338,2,8,-6
218000345,21,40,-19
218000346,0,0,0
218000459,19,67,-48
218000490,3,6,-3
218000501,8,2,6
218000502,9,72,-63
218000503,8,3,5
218000504,11,0,11
218000505,8,123,-115
218000506,36,75,-39
218000508,0,3,-3
218000510,48,3,45
218000520,47,59,-12
218000521,0,5,-5
218000522,1,20,-19
218000523,4,2,2
218000524,9,9,0
218000525,2,2,0
218000526,4,14,-10
218000529,2,20,-18
218000531,0,0,0
218000532,5,23,-18
218000534,0,0,0
218000537,0,0,0
218000538,14,32,-18
218000540,80,21,59
218000543,79,20,59
218000544,51,185,-134
218000545,13,28,-15
218000546,13,87,-74
218000547,17,26,-9
218000548,24,82,-58
218000549,40,73,-33
218000550,84,230,-146
218000551,127,191,-64
218000552,48,19,29
218000553,0,21,-21
218000554,4,23,-19
218000555,6,15,-9
218000556,37,282,-245
218000557,92,52,40
218000558,0,0,0
218000559,0,3,-3
218000560,0,0,0
218000561,0,0,0
218000562,3,61,-58
218000563,11,4,7
218000564,3,69,-66
218000565,16,6,10
218000566,5,3,2
218000568,0,0,0
218000569,3,7,-4
218000570,3,1,2
218000571,0,8,-8
218000572,0,0,0
218000573,0,33,-33
218000574,0,5,-5
218000575,0,0,0
218000576,0,4,-4
218000577,0,0,0
218000578,0,6,-6
218000579,1,0,1
218000581,0,14,-14
218000582,1,0,1
218000583,0,0,0
218000584,0,6,-6
218000585,0,1,-1
218000586,0,10,-10
218000587,0,0,0
218000588,0,0,0
218000589,0,0,0
218000590,0,0,0
218000591,0,0,0
218000592,0,0,0
218000593,0,0,0
218000594,0,0,0
218000597,0,0,0
218000598,0,0,0
218000599,0,0,0
218000600,0,0,0
218000601,0,0,0
218000602,0,0,0
218000603,0,0,0
218000604,0,0,0
218000605,0,8,-8
218000606,0,0,0
218000607,0,5,-5
218000608,0,0,0
218000609,0,3,-3
218000610,7,0,7
218000611,0,0,0
218000612,0,7,-7
218000613,0,0,0
218000614,0,11,-11
218000615,0,0,0
218000616,0,40,-40
218000617,0,0,0
218000618,1,8,-7
218000619,0,1,-1
218000620,0,8,-8
218000621,0,0,0
218000622,0,4,-4
218000623,0,0,0
218000624,0,2,-2
218000625,0,0,0
218000626,0,1,-1
218000628,10,5,5
218000631,0,0,0
218000632,1,18,-17
218000633,0,0,0
218000634,1,5,-4
218000635,1,10,-9
218000636,247,545,-298
218000637,162,160,2
218000638,0,0,0
218000639,5,311,-306
218000640,0,0,0
218000641,15,218,-203
218000652,19,38,-19
218000653,112,65,47
218000663,0,11,-11
218000675,1,1,0
218000680,15,54,-39
218000681,0,0,0
218000691,13,56,-43
218000693,0,0,0
218000718,76,95,-19
218000719,8,22,-14
218000720,0,20,-20
218000721,1,1,0
218001147,3,184,-181
218001214,7,4,3
218001258,0,0,0
218001329,0,0,0
218001330,18,16,2
218001351,0,0,0
218001352,1,2,-1
218001353,0,0,0
218001354,0,4,-4
218001355,30,173,-143
218001356,0,0,0
218001357,4,107,-103
218001358,0,0,0
218001361,0,1,-1
218001362,3,246,-243
219000001,9,41,-32
219000002,27,60,-33
219000003,83,26,57
219000004,133,68,65
219000017,31,21,10
219000020,13,1,12
219000022,21,0,21
219000023,11,1,10
219000029,1,49,-48
219000034,0,0,0
219000039,14,18,-4
219000040,3,10,-7
219000041,33,47,-14
219000051,0,64,-64
219000052,0,13,-13
219000053,3,130,-127
219000055,14,0,14
219000056,0,0,0
219000057,18,0,18
219000062,3,94,-91
219000063,23,12,11
219000064,1,7,-6
219000110,41,12,29
219000111,32,1,31
219000112,34,11,23
219000113,35,11,24
219000114,74,3,71
219000116,42,41,1
219000117,128,102,26
219000118,28,118,-90
219000123,100,51,49
219000124,21,40,-19
219000125,8,17,-9
219000126,13,34,-21
219000127,1,5,-4
219000128,16,110,-94
219000129,22,158,-136
219000130,1247,555,692
219000131,1058,1012,46
219000133,11,48,-37
219000134,15,18,-3
219000135,111,67,44
219000136,186,142,44
219000138,2,41,-39
219000139,10,49,-39
219000140,0,0,0
219000141,7,50,-43
219000142,2,41,-39
219000143,5,65,-60
219000145,1,15,-14
219000146,6,42,-36
219000147,0,23,-23
219000148,1,37,-36
219000149,17,94,-77
219000150,1,57,-56
219000151,2,69,-67
219000157,38,54,-16
219000158,44,135,-91
219000161,81,26,55
219000163,608,148,460
219000166,50,87,-37
219000167,29,184,-155
219000168,53,13,40
219000174,0,0,0
219000175,0,0,0
219000176,0,0,0
219000177,0,0,0
219000178,0,0,0
219000179,0,0,0
219000180,14,15,-1
219000182,0,0,0
219000183,1,24,-23
219000184,0,0,0
219000185,0,88,-88
219000186,2,6,-4
219000187,3,52,-49
219000189,68,135,-67
219000190,92,153,-61
219000191,766,419,347
219000192,168,328,-160
219000193,304,196,108
219000195,0,22,-22
219000196,0,60,-60
219000198,11,60,-49
219000199,36,96,-60
219000200,21,85,-64
219000201,29,72,-43
219000203,13,81,-68
219000204,10,98,-88
219000205,20,108,-88
219000207,57,94,-37
219000209,9,35,-26
219000210,8,50,-42
219000213,9,92,-83
219000239,45,43,2
219000240,47,123,-76
219000241,10,82,-72
219000242,18,80,-62
219000243,18,114,-96
219000244,22,40,-18
219000245,3,14,-11
219000246,0,0,0
219000247,0,0,0
219000248,0,0,0
219000249,0,0,0
219000250,0,0,0
219000251,0,0,0
219000252,0,0,0
219000253,0,0,0
219000255,0,0,0
219000256,0,0,0
219000257,0,0,0
219000262,38,153,-115
219000263,41,111,-70
219000267,2,99,-97
219000268,0,7,-7
219000269,0,0,0
219000270,0,0,0
219000271,75,2,73
219000278,0,7,-7
219000279,1,5,-4
219000283,0,7,-7
219000295,8,77,-69
219000296,28,254,-226
219000297,5,62,-57
219000298,11,113,-102
219000299,0,0,0
219000300,6,182,-176
219000301,50,142,-92
219000302,11,107,-96
219000307,22,49,-27
219000308,43,46,-3
219000311,0,0,0
219000312,0,0,0
219000313,0,0,0
219000314,56,267,-211
219000315,0,0,0
219000316,0,0,0
219000317,0,0,0
219000320,1,15,-14
219000321,0,8,-8
219000323,3,39,-36
219000325,1,35,-34
219000326,24,91,-67
219000327,31,22,9
219000328,22,18,4
219000329,293,153,140
219000330,14,46,-32
219000331,10,33,-23
219000332,0,0,0
219000333,0,0,0
219000335,0,0,0
219000337,0,0,0
219000338,0,0,0
219000344,29,46,-17
219000345,63,86,-23
219000346,15,88,-73
219000348,57,68,-11
219000349,18,109,-91
219000350,15,58,-43
219000351,0,1,-1
219000352,63,26,37
219000353,40,54,-14
219000354,42,93,-51
219000355,23,7,16
219000356,645,296,349
219000363,164,44,120
219000364,112,34,78
219000365,65,10,55
219000366,341,145,196
219000368,141,48,93
219000370,263,119,144
219000371,7,13,-6
219000382,5,15,-10
219000383,312,318,-6
219000385,380,250,130
219000386,431,600,-169
219000387,0,0,0
219000390,0,0,0
219000391,0,0,0
219000397,44,66,-22
219000398,54,41,13
219000401,9,23,-14
219000402,0,17,-17
219000403,11,52,-41
219000404,6,19,-13
219000407,1,10,-9
219000409,0,0,0
219000410,0,0,0
219000411,0,0,0
219000446,95,241,-146
219000447,1,16,-15
219000448,0,0,0
219000452,0,0,0
219000453,20,47,-27
219000454,79,34,45
219000556,0,0,0
219000558,32,95,-63
219000590,6,56,-50
219000591,0,0,0
219000592,30,250,-220
219000595,4,12,-8
219000635,0,0,0
219000636,13,84,-71
219000657,10,26,-16
219000658,7,14,-7
219000673,0,27,-27
219000676,0,4,-4
219000679,7,27,-20
219000684,13,0,13
219000685,1,41,-40
219000686,6,0,6
219000688,0,123,-123
219000689,49,61,-12
219000690,0,0,0
219000691,44,24,20
219000692,3,31,-28
219000693,0,11,-11
219000694,0,0,0
219000695,0,0,0
219000698,0,0,0
219000699,0,19,-19
219000727,3,122,-119
219000728,55,5,50
219000770,0,0,0
219000771,0,23,-23
219000788,128,158,-30
219001150,0,2,-2
219001151,0,3,-3
219001166,0,0,0
219001167,3,15,-12
219001178,17,2,15
220000001,5,9,-4
220000002,9,51,-42
220000003,101,94,7
220000004,129,189,-60
220000005,458,568,-110
220000006,109,466,-357
220000007,128,461,-333
220000008,116,528,-412
220000009,140,371,-231
220000010,25,46,-21
220000011,115,64,51
220000012,7,14,-7
220000014,3,20,-17
220000015,0,0,0
220000017,10,39,-29
220000018,192,111,81
220000019,13,71,-58
220000020,31,122,-91
220000021,135,83,52
220000022,137,254,-117
220000023,61,98,-37
220000024,487,256,231
220000025,82,186,-104
220000026,63,52,11
220000027,7,19,-12
220000028,13,30,-17
220000029,298,429,-131
220000030,23,68,-45
220000031,37,67,-30
220000064,0,0,0
221000046,3,0,3
221000047,0,0,0
221000048,0,0,0
221000049,0,5,-5
221000050,1,0,1
221000055,22,23,-1
221000068,49,29,20
221000069,53,6,47
221000070,23,2,21
221000071,5,1,4
221000072,19,3,16
221000073,15,26,-11
221000074,0,6,-6
221000075,2,4,-2
221000076,4,26,-22
221000077,16,93,-77
221000081,6,2,4
221000082,5,1,4
221000083,1,0,1
221000084,0,2,-2
221000085,13,24,-11
221000086,6,98,-92
221000087,0,71,-71
221000088,8,66,-58
221000089,17,112,-95
221000090,157,167,-10
221000098,8,5,3
221000099,38,5,33
221000100,9,0,9
221000101,46,11,35
221000103,3,33,-30
221000104,1,65,-64
221000107,4,0,4
221000108,4,2,2
221000111,13,106,-93
221000112,2,72,-70
221000113,16,111,-95
221000114,8,108,-100
221000120,0,1,-1
221000121,0,0,0
221000122,0,0,0
221000123,0,1,-1
221000124,0,35,-35
221000155,0,0,0
221000156,0,0,0
221000175,0,0,0
221000176,0,0,0
221000182,23,1,22
221000241,214,29,185
221000242,245,184,61
221000243,76,22,54
221000244,61,177,-116
221000245,9,53,-44
221000246,14,87,-73
221000247,3,45,-42
221000248,9,81,-72
221000267,1,83,-82
221000325,1,1,0
221000331,1,4,-3
221000338,0,0,0
221000378,0,0,0
221000381,3,11,-8
222000282,0,0,0
222000296,0,1,-1
222000568,0,0,0
222000569,0,0,0
222000570,0,0,0
222000571,0,0,0
222000577,0,31,-31
222000578,2,16,-14
222000579,9,5,4
222000580,15,51,-36
222000599,0,11,-11
222000600,0,23,-23
222000601,0,47,-47
222000603,1,2,-1
222000604,0,0,0
222000605,0,0,0
222000606,0,0,0
222000607,0,0,0
222000608,0,0,0
222000609,0,6,-6
222000616,0,0,0
222000617,0,0,0
222000618,0,0,0
222000620,0,0,0
222000621,0,0,0
222000623,0,0,0
222000624,0,0,0
222000625,0,1,-1
222000636,0,0,0
222000686,0,0,0
222000687,0,0,0
222001066,0,0,0
222001067,0,0,0
222001068,0,0,0
222001069,0,0,0
222001082,0,5,-5
222001083,2,7,-5
222001084,0,6,-6
222001085,0,29,-29
222001111,0,33,-33
222001112,0,0,0
222001313,0,0,0
222001314,0,5,-5
222001464,0,0,0
222001465,0,0,0
222001484,0,0,0
222001485,0,0,0
222001494,0,0,0
222001495,0,0,0
222001496,0,0,0
222001497,0,0,0
222001503,0,0,0
222001504,7,77,-70
222001505,0,0,0
222001506,8,107,-99
222001507,0,0,0
222001510,0,0,0
222001514,0,0,0
222001518,0,0,0
222001519,22,130,-108
222001527,0,0,0
222001529,0,0,0
222001530,16,83,-67
222001533,67,292,-225
222001534,0,0,0
222001535,0,0,0
222001536,0,0,0
222001537,0,0,0
222001538,50,290,-240
222001563,0,0,0
222001564,18,157,-139
222001568,4,60,-56
222001576,0,0,0
222001579,0,0,0
222001583,0,2,-2
222001584,0,0,0
222001596,21,464,-443
222001597,0,0,0
222001626,0,11,-11
222001650,0,23,-23
222001651,0,0,0
222001914,0,0,0
222001915,20,123,-103
222001968,0,0,0
222001969,0,0,0
222001970,0,0,0
222001971,0,0,0
222001972,0,2,-2
225000001,32,0,32
225000002,19,0,19
225000003,15,1,14
225000004,7,30,-23
225000005,0,3,-3
225000006,0,49,-49
225000007,1160,317,843
225000010,109,3,106
225000011,0,0,0
225000012,0,0,0
225000013,0,0,0
225000014,0,0,0
225000015,43,67,-24
225000021,0,0,0
225000027,86,210,-124
225000032,0,0,0
225000042,23,270,-247
225000049,15,32,-17
225000050,36,3,33
225000053,5,110,-105
225000058,0,0,0
225000067,22,124,-102
225000068,32,250,-218
225000069,43,225,-182
225000070,30,188,-158
225000071,22,111,-89
225000075,31,257,-226
225000076,21,51,-30
225000078,0,0,0
225000085,0,0,0
225000086,0,0,0
225000087,0,0,0
225000088,2,51,-49
225000089,409,224,185
225000090,5,102,-97
225000091,14,79,-65
225000092,5,30,-25
225000093,30,192,-162
225000094,5,193,-188
225000095,105,254,-149
225000096,42,116,-74
225000098,29,4,25
225000099,6,2,4
225000100,14,6,8
225000104,8,192,-184
225000110,4,136,-132
225000111,33,289,-256
225000112,49,395,-346
225000113,14,197,-183
225000114,23,84,-61
225000115,718,116,602
225000116,0,0,0
225000117,0,0,0
225000118,0,0,0
225000119,0,0,0
225000120,0,0,0
225000121,0,0,0
225000123,0,0,0
225000125,9,28,-19
225000126,209,7,202
225000127,266,15,251
225000128,21,8,13
225000132,54,14,40
225000133,58,12,46
225000134,162,20,142
225000135,48,5,43
225000136,41,4,37
225000137,10,7,3
225000138,105,16,89
225000143,19,69,-50
225000144,1,144,-143
225000145,0,0,0
225000146,7,56,-49
225000147,5,170,-165
225000148,1,91,-90
225000149,62,247,-185
225000151,13,112,-99
225000155,51,105,-54
225000156,48,175,-127
225000157,29,112,-83
225000158,24,173,-149
225000171,2,86,-84
225000180,14,2,12
225000181,0,14,-14
225000182,0,0,0
225000185,5,85,-80
225000187,41,117,-76
225000191,0,0,0
225000194,0,24,-24
225000208,0,19,-19
225000209,0,0,0
225000210,2,62,-60
225000217,0,16,-16
225000218,0,0,0
225000223,2,42,-40
225000224,0,0,0
225000225,0,4,-4
225000226,0,0,0
225000227,28,41,-13
225000228,0,0,0
225000229,0,30,-30
225000230,0,0,0
225000231,0,55,-55
225000232,0,0,0
225000241,0,0,0
225000242,0,43,-43
225000249,0,0,0
225000250,35,335,-300
225000251,92,13,79
226000042,39,116,-77
226000043,33,175,-142
226000044,40,224,-184
226000045,34,382,-348
226000046,45,7,38
226000047,23,11,12
226000048,35,10,25
226000049,32,11,21
226000070,1,10,-9
226000071,0,17,-17
226000072,0,12,-12
226000073,0,2,-2
226000074,0,5,-5
226000084,1,8,-7
226000085,4,12,-8
226000086,1,5,-4
226000087,1,6,-5
226000088,0,3,-3
226000090,6,3,3
226000091,1,1,0
226000092,0,1,-1
226000093,1,1,0
226000094,2,0,2
226000095,1,1,0
226000105,0,0,0
226000106,0,0,0
226000107,0,0,0
226000108,0,0,0
226000109,2,0,2
226000124,28,6,22
226000134,166,98,68
226000135,231,142,89
226000136,50,48,2
226000137,4,88,-84
226000138,4,127,-123
226000139,1,27,-26
226000156,3,4,-1
226000157,26,0,26
226000163,29,116,-87
226000202,4,179,-175
226000231,28,0,28
226000232,0,0,0
227000033,0,0,0
227000036,0,0,0
227000037,0,0,0
227000038,0,0,0
227000049,2,12,-10
227000050,0,26,-26
227000055,0,0,0
227000056,0,0,0
227000084,1,7,-6
227000085,0,17,-17
227000088,0,0,0
227000089,0,0,0
227000090,0,0,0
227000091,0,0,0
227000093,0,0,0
227000094,0,0,0
227000130,6,44,-38
227000131,1,152,-151
227000132,4,169,-165
227000133,3,139,-136
227000134,7,196,-189
227000152,0,4,-4
227000153,0,21,-21
227000155,0,11,-11
227000156,0,17,-17
227000165,0,10,-10
227000196,18,100,-82
227000199,2,134,-132
227000230,17,155,-138
227000232,0,0,0
227000241,0,0,0
227000242,46,256,-210
227000243,0,0,0
227000245,31,257,-226
227000246,39,308,-269
227000247,0,0,0
227000248,0,0,0
227000249,14,224,-210
227000250,4,1,3
227000251,101,234,-133
227000252,8,305,-297
227000253,0,0,0
227000262,0,0,0
227000266,0,0,0
227000267,13,479,-466
227000282,1,27,-26
227000284,0,0,0
227000286,2,11,-9
227000287,1,19,-18
227000291,4,45,-41
227000484,0,0,0
227000485,6,91,-85
227000655,0,0,0
227000656,0,0,0
227000657,0,0,0
227000661,0,0,0
227000680,0,0,0
229000265,0,2,-2
229000296,0,2,-2
229000297,1,5,-4
229000298,1,12,-11
229000320,0,2,-2
229000321,0,0,0
229000412,0,16,-16
229000414,0,14,-14
229000415,0,0,0
229000416,0,1,-1
229000417,0,1,-1
229000419,8,49,-41
229000440,24,5,19
229000442,0,0,0
229000443,0,0,0
229000444,2,6,-4
229000445,1,0,1
229000446,0,5,-5
229000847,20,2,18
229000848,23,3,20
229000849,229,2,227
229000851,6,1,5
229000854,1,29,-28
229000856,0,75,-75
229000857,1,16,-15
229000858,0,58,-58
229000919,8,79,-71
229000930,7,100,-93
229000937,182,27,155
229000966,39,24,15
229000981,2,44,-42
229000985,0,4,-4
229000986,0,1,-1
229000987,0,1,-1
229000988,0,2,-2
229000989,0,0,0
229000990,0,0,0
229000991,0,0,0
229000992,0,0,0
229000993,4,0,4
229000998,5,2,3
229000999,3,0,3
229001034,0,0,0
229001035,0,2,-2
229001037,3,17,-14
229001042,1,0,1
229001047,2,6,-4
229001050,0,15,-15
229001200,0,0,0
229001338,0,11,-11
229001394,175,6,169
229001422,257,13,244
229001423,14,83,-69
229001431,160,42,118
229001432,13,39,-26
229001444,2,1,1
229001445,2,64,-62
229001503,208,39,169
229001504,36,65,-29
229001505,303,65,238
229001506,24,98,-74
229001509,1,5,-4
229001545,71,4,67
229001546,3,34,-31
229001553,47,8,39
229001554,5,53,-48
229001559,0,4,-4
229001560,0,1,-1
229001630,3,0,3
229001631,1,3,-2
229001635,0,3,-3
229001636,0,0,0
229001658,1,41,-40
229001659,141,5,136
229001660,0,0,0
229001661,0,5,-5
229001662,28,0,28
229001663,0,11,-11
229002584,26,7,19
229002831,11,21,-10
229002841,0,7,-7
229002842,0,4,-4
229002843,0,0,0
229002844,6,7,-1
229002845,0,25,-25
229002846,4,0,4
229002847,0,4,-4
229002848,1,0,1
229002849,0,4,-4
229002850,0,0,0
229002851,5,17,-12
229002852,5,2,3
229002853,4,5,-1
229002854,1,9,-8
229002855,0,10,-10
229002856,1,2,-1
229002857,1,6,-5
229002858,0,0,0
229002859,0,5,-5
229002860,2,0,2
229002861,1,1,0
229002862,3,3,0
229002863,1,4,-3
229002864,0,5,-5
229002865,0,0,0
229002866,0,7,-7
229002867,0,1,-1
229002868,0,1,-1
229002869,1,19,-18
229002870,1,0,1
235000066,0,0,0
235000067,0,0,0
235000072,13,26,-13
235000073,33,113,-80
235000074,4,15,-11
235000080,2,35,-33
235000081,12,75,-63
235000082,0,0,0
235000083,0,0,0
235000084,0,0,0
235000085,0,0,0
235000089,0,0,0
235000092,5,99,-94
235000093,0,0,0
235000097,0,0,0
235000098,0,0,0
235000099,0,0,0
235000116,0,0,0
235000117,0,0,0
235000133,2,81,-79
235000134,0,29,-29
235000206,0,0,0
235000207,0,0,0
235000208,0,0,0
235000209,0,0,0
235000210,0,0,0
235000212,2,3,-1
235000213,0,5,-5
235000220,0,2,-2
235000238,0,1,-1
235000239,0,0,0
235000242,16,0,16
235000245,482,106,376
235000246,1,22,-21
235000284,1,33,-32
235000295,0,0,0
235000305,0,0,0
235000306,0,0,0
235000307,0,0,0
235000308,0,0,0
235000309,0,0,0
235000310,0,0,0
235000311,0,1,-1
235000322,0,2,-2
235000323,0,4,-4
235000324,0,6,-6
235000325,0,4,-4
235000326,0,81,-81
235000351,0,21,-21
235000352,1,21,-20
235000353,0,2,-2
235000354,1,16,-15
235000355,1,9,-8
235000356,0,0,0
235000357,0,0,0
235000358,0,0,0
235000359,0,0,0
235000360,0,0,0
235000361,0,0,0
235000381,18,153,-135
235000382,0,0,0
235000390,0,0,0
235000391,0,0,0
235000392,0,0,0
235000393,0,0,0
235000395,0,0,0
235000396,0,0,0
235000400,0,0,0
235000401,10,75,-65
235000405,40,183,-143
235000406,6,110,-104
235000407,24,79,-55
235000409,110,86,24
235000410,14,103,-89
235000411,0,32,-32
235000485,0,10,-10
235000486,0,0,0
235000549,0,0,0
235000550,18,55,-37
235000599,32,26,6
235000600,3,3,0
235000601,0,0,0
235000602,0,0,0
235000614,0,3,-3
235000648,0,44,-44
235000649,0,0,0
235000685,1,3,-2
235000815,2,16,-14
235000834,0,2,-2
235000855,0,0,0
235000862,11,93,-82
235000891,1,12,-11
235000892,0,2,-2
235000901,43,43,0
235000907,1,3,-2
235001010,0,0,0
235001029,212,157,55
235001030,0,0,0
235001078,0,0,0
235001079,9,52,-43
235001147,0,0,0
235001166,0,0,0
235001167,1,23,-22
235001169,3,102,-99
235001188,0,3,-3
235001189,0,0,0
235001197,1,14,-13
235001200,19,27,-8
235001207,0,0,0
235001210,11,148,-137
235001215,13,139,-126
235001239,1,30,-29
235001244,0,0,0
235016267,0,7,-7
277102712,0,0,0
277103813,1,0,1
277103814,0,0,0
277104249,0,4,-4
277104250,0,0,0
277104251,0,1,-1
277104252,0,0,0
990011530,0,85,-85
990014944,0,164,-164
990015176,0,1,-1
990016032,0,62,-62
990032570,2,12,-10
990070001,0,1,-1
990070103,1,5,-4
990070601,0,9,-9
990070751,0,0,0
990070766,1,83,-82
990071180,0,30,-30
990071343,0,0,0
990071387,0,5,-5
990071823,0,0,0
990072600,2,220,-218
990072964,0,173,-173
990073285,0,0,0
990074393,0,134,-134
990074870,0,2,-2
990075106,0,0,0
990075746,0,3,-3
990076437,0,1,-1
990076458,1,308,-307
997000007,0,3,-3
997000041,0,45,-45
997000058,0,2,-2
997000062,0,0,0
997000069,0,2,-2
997000070,0,14,-14
997000100,0,0,0
997000141,0,0,0
997000198,0,0,0
998000475,0,8,-8
998000736,1,45,-44
998000965,0,0,0
998001031,0,13,-13
998001700,0,19,-19
998001899,0,1,-1
998001900,31,0,31
998003073,0,0,0
998101900,0,0,0
998102850,0,0,0
998501927,1,154,-153
998501929,7,1,6
998501930,8,0,8
998501931,3,0,3
998501932,22,0,22
998501933,0,0,0
998501937,3,10,-7
998501944,0,0,0
998501950,0,16,-16
998501970,2,2,0
998501971,1,50,-49
998501973,0,19,-19
998501974,0,94,-94
998501975,0,0,0
998501976,1,2,-1
998501977,1,24,-23
998501978,0,0,0
998501979,0,15,-15
998501980,0,2,-2
998501981,0,0,0
998501982,0,81,-81
998501983,0,2,-2
998502006,0,0,0
998502024,0,4,-4
998502032,0,0,0
998502062,0,0,0
998502063,0,0,0
998502173,0,0,0
998502269,0,6,-6
998502546,0,10,-10
998502578,0,0,0
998502599,0,4,-4
998502621,0,0,0
998601159,0,39,-39
998601292,0,0,0
999033574,1,204,-203
999800001,0,0,0
999800002,0,2,-2
999800003,0,8,-8
999800004,0,14,-14
999800005,0,10,-10
