ID,insum,outsum,diff
100000001,115,161,-46
100000002,45,48,-3
100000003,310,185,125
100000004,49,18,31
100000005,116,241,-125
100000006,0,0,0
100000007,4,1,3
100000008,1,35,-34
100000009,0,0,0
100000010,0,0,0
100000011,0,0,0
100000012,1,72,-71
100000013,0,16,-16
100000014,8,35,-27
100000015,9,2,7
100000016,24,95,-71
100000017,7,70,-63
100000018,72,36,36
100000019,424,174,250
100000020,12,6,6
100000021,380,84,296
100000022,28,24,4
100000023,216,33,183
100000025,449,155,294
100000028,260,180,80
100000029,24,36,-12
100000030,0,0,0
100000031,251,186,65
100000032,353,227,126
100000033,52,200,-148
100000034,345,350,-5
100000035,18,32,-14
100000036,63,134,-71
100000037,3,0,3
100000038,4,3,1
100000039,4,4,0
100000040,0,0,0
100000041,1,1,0
100000042,0,0,0
100000043,0,0,0
100000044,21,86,-65
100000045,76,118,-42
100000046,43,108,-65
100000047,23,131,-108
100000048,55,255,-200
100000049,208,406,-198
100000051,62,191,-129
100000053,0,1,-1
100000054,1,1,0
100000055,94,76,18
100000056,0,0,0
100000057,6,0,6
100000058,102,246,-144
100000059,0,4,-4
100000060,24,42,-18
100000061,51,43,8
100000062,84,49,35
100000063,45,25,20
100000064,53,64,-11
100000065,61,135,-74
100000066,26,95,-69
100000067,20,115,-95
100000068,51,112,-61
100000069,36,163,-127
100000072,18,47,-29
100000073,167,292,-125
100000075,45,85,-40
100000076,48,109,-61
100000077,0,0,0
100000078,0,0,0
100000079,0,0,0
100000080,0,0,0
100000081,0,0,0
100000102,24,68,-44
100000103,261,48,213
100000104,314,81,233
100000105,348,50,298
100000106,15,33,-18
100000107,15,9,6
100000108,198,228,-30
100000109,697,434,263
100000116,164,63,101
100000117,0,0,0
100000118,558,957,-399
100000119,49,317,-268
100000121,0,0,0
100000122,26,103,-77
100000123,349,440,-91
100000124,1357,675,682
100000125,145,12,133
100000126,27,11,16
100000127,53,18,35
100000128,69,103,-34
100000129,23,74,-51
100000130,0,0,0
100000131,781,412,369
100000132,153,50,103
100000133,2191,773,1418
100000135,3,0,3
100000139,0,0,0
100000140,66,131,-65
100000142,0,0,0
100000143,215,219,-4
100000144,403,143,260
100000147,32,102,-70
100000150,3,44,-41
100000151,0,0,0
100000153,0,0,0
100000154,2,62,-60
100000155,0,0,0
100000156,0,0,0
100000157,0,0,0
100000158,0,0,0
100000159,26,21,5
100000165,215,131,84
100000169,0,0,0
100000174,13,20,-7
100000179,0,0,0
100000180,0,11,-11
100000181,4,33,-29
100000188,0,0,0
100000189,0,0,0
100000190,160,62,98
100000191,19,23,-4
100000192,0,0,0
100000193,0,0,0
100000330,54,56,-2
100000355,9,61,-52
100000362,727,457,270
100000363,93,147,-54
100000364,8,28,-20
100000365,1010,1157,-147
100000366,1334,669,665
100000367,632,760,-128
100000368,422,371,51
100000369,1,4,-3
100000370,1,9,-8
100000376,2,11,-9
100000379,127,69,58
100000380,230,341,-111
100000384,1401,540,861
100000385,601,539,62
100000386,864,553,311
100000387,982,444,538
100000388,3141,973,2168
100000389,2175,688,1487
100000390,2833,897,1936
100000391,1466,487,979
100000392,718,242,476
100000393,172,152,20
100000394,1151,755,396
100000395,554,213,341
100000396,804,443,361
100000397,639,269,370
100000398,3486,2259,1227
100000413,0,0,0
100900002,0,0,0
100900003,0,0,0
100900004,3,82,-79
100900005,0,0,0
100900006,0,0,0
100900007,0,0,0
100900008,0,65,-65
100900009,0,0,0
100900010,0,0,0
100900011,0,0,0
100900012,0,17,-17
100900013,0,0,0
100900014,0,0,0
100900015,0,0,0
100900016,0,0,0
100900017,0,0,0
100900018,0,0,0
100900019,0,0,0
100900020,0,0,0
100900021,0,0,0
100900022,0,0,0
100900023,0,0,0
100900024,0,0,0
100900025,0,0,0
100900026,0,0,0
100900027,0,0,0
100900028,0,0,0
100900029,0,0,0
100900030,0,0,0
100900031,0,0,0
100900032,0,0,0
100900033,0,0,0
100900034,0,0,0
100900035,0,0,0
100900036,0,0,0
100900037,0,0,0
100900038,0,0,0
100900039,14,30,-16
100900040,1,86,-85
100900041,0,26,-26
100900042,0,0,0
100900043,0,0,0
100900044,0,0,0
100900045,0,0,0
100900046,0,0,0
100900047,0,0,0
100900048,0,0,0
100900049,0,0,0
100900050,0,0,0
100900051,0,0,0
100900052,0,0,0
100900053,2,0,2
100900054,0,0,0
100900055,0,0,0
100900056,0,0,0
100900057,0,0,0
100900058,0,0,0
100900059,0,0,0
100900060,0,0,0
100900061,0,0,0
100900062,0,0,0
100900063,0,0,0
100900064,0,0,0
100900065,0,0,0
100900066,0,0,0
100900067,0,0,0
100900068,0,0,0
100900069,0,0,0
100900070,0,0,0
100900071,0,0,0
100900072,0,0,0
100900073,0,0,0
100900074,0,0,0
100900075,137,5,132
100900076,0,0,0
100900077,0,0,0
100900078,0,0,0
100900079,0,0,0
100900080,0,0,0
100900081,0,0,0
100900082,0,0,0
100900083,0,0,0
100900085,0,0,0
100900086,0,0,0
100900088,0,0,0
100900089,0,0,0
100900090,0,0,0
100900091,0,0,0
100900092,0,0,0
100900093,0,0,0
100900094,0,0,0
100900095,0,0,0
100900096,0,0,0
100900097,0,0,0
100900098,0,0,0
100900099,0,15,-15
100900100,0,0,0
100900101,0,0,0
100900102,0,0,0
100900103,0,0,0
100900104,0,2,-2
100900105,0,0,0
100900106,0,0,0
100900107,0,0,0
100900108,0,0,0
100900109,0,0,0
100900110,0,0,0
100900111,0,0,0
100900112,0,0,0
100900113,0,0,0
100900114,0,0,0
100900115,0,0,0
100900116,0,0,0
100900117,0,0,0
100900118,0,0,0
100900119,0,0,0
100900120,0,0,0
100900121,0,0,0
100900122,7,14,-7
100900123,0,0,0
100900124,0,0,0
100900125,0,0,0
100900126,0,0,0
100900127,0,0,0
100900128,1,0,1
100900129,0,0,0
100900131,0,0,0
100900133,0,0,0
100900134,0,0,0
100900135,0,0,0
100900137,0,0,0
100900138,0,0,0
100900139,0,0,0
100900140,0,30,-30
100900141,0,0,0
100900142,0,0,0
100900143,0,0,0
100900144,0,0,0
100900145,0,0,0
100900146,0,0,0
100900147,0,0,0
100900148,0,20,-20
100900149,0,0,0
100900150,0,0,0
100900151,1,22,-21
100900152,0,0,0
100900153,0,0,0
100900154,0,0,0
100900155,0,0,0
100900156,0,0,0
100900157,0,0,0
100900159,0,0,0
100900160,0,0,0
100900161,0,0,0
100900162,0,0,0
100900163,4,8,-4
100900164,0,0,0
100900165,0,0,0
100900166,0,0,0
100900167,0,0,0
100900168,0,0,0
100900169,10,90,-80
100900170,0,0,0
100900171,1,43,-42
100900172,0,0,0
100900173,0,31,-31
100900174,0,0,0
100900176,0,0,0
100900177,0,0,0
100900178,0,0,0
100900179,0,0,0
100900180,0,0,0
100900181,0,0,0
100900182,0,0,0
100900184,0,0,0
100900186,0,0,0
100900187,0,0,0
100900188,0,0,0
100900189,0,0,0
100900191,0,0,0
100900192,0,0,0
100900195,0,0,0
100900197,0,0,0
100900198,0,0,0
100900199,0,0,0
100900200,31,12,19
100900201,3,60,-57
100900202,0,0,0
100900203,0,0,0
100900204,0,0,0
100900205,1,0,1
100900206,0,0,0
100900207,0,0,0
100900210,1,40,-39
100900211,0,0,0
100900213,0,0,0
100900214,45,3,42
100900215,0,0,0
100900217,0,0,0
101000001,293,93,200
101000002,448,205,243
101000003,47,26,21
101000004,1419,160,1259
101000005,467,222,245
101000006,597,534,63
101000007,733,566,167
101000008,584,238,346
101000009,135,200,-65
101000010,33,75,-42
101000011,174,19,155
101000012,0,0,0
101000013,113,26,87
101000014,20,9,11
101000015,118,79,39
101000016,16,7,9
101000017,73,36,37
101000018,341,329,12
101000020,449,87,362
101000021,14,7,7
101000022,269,52,217
101000023,228,267,-39
101000025,0,0,0
101000026,13,0,13
101000027,241,74,167
101000028,112,51,61
101000029,2,42,-40
101000030,89,22,67
101000031,12,2,10
101000032,269,201,68
101000033,361,232,129
101000034,316,199,117
101000035,150,15,135
101000036,164,72,92
101000037,260,63,197
101000039,180,102,78
101000040,465,166,299
101000041,258,86,172
101000042,2,63,-61
101000043,352,253,99
101000045,43,23,20
101000046,248,73,175
101000047,23,44,-21
101000048,26,35,-9
101000049,17,46,-29
101000050,9,14,-5
101000051,167,57,110
101000052,167,22,145
101000053,40,10,30
101000054,90,16,74
101000055,223,37,186
101000056,8,5,3
101000057,485,108,377
101000058,129,21,108
101000059,56,18,38
101000060,172,51,121
101000061,31,7,24
101000062,402,59,343
101000063,1,2,-1
101000064,179,42,137
101000065,10,2,8
101000066,1,3,-2
101000067,119,75,44
101000068,43,18,25
101000069,147,2,145
101000070,278,193,85
101000071,381,145,236
101000072,159,200,-41
101000073,14,22,-8
101000074,1043,289,754
101000075,2372,494,1878
101000077,122,153,-31
101000078,79,66,13
101000079,74,153,-79
101000080,344,256,88
101000081,103,82,21
101000082,290,126,164
101000083,90,68,22
101000084,151,138,13
101000085,64,4,60
101000086,412,159,253
101000087,154,160,-6
101000088,27,4,23
101000089,11,25,-14
101000090,402,132,270
101000091,5,42,-37
101000092,85,66,19
101000093,77,33,44
101000094,157,197,-40
101000095,44,120,-76
101000096,10,19,-9
101000097,26,33,-7
101000098,9,32,-23
101000099,117,68,49
101000100,95,115,-20
101000101,1,12,-11
101000102,89,34,55
101000103,37,17,20
101000104,32,26,6
101000105,0,0,0
101000106,18,26,-8
101000107,5,28,-23
101000108,0,0,0
101000109,5,5,0
101000110,0,0,0
101000111,3,23,-20
101000113,0,0,0
101000114,437,196,241
101000115,0,0,0
101000116,0,0,0
101000117,0,0,0
101000119,11,4,7
101000120,37,2,35
101000121,19,2,17
101000122,6,12,-6
101000123,10,13,-3
101000124,200,141,59
101000125,16,54,-38
101000128,93,65,28
101000130,128,50,78
101000131,22,22,0
101000132,69,195,-126
101000135,15,4,11
101000136,67,36,31
101000137,3,8,-5
101000141,97,88,9
101000147,219,118,101
101000148,119,1,118
101000149,0,0,0
101000150,0,0,0
101000151,2,8,-6
101000152,12,38,-26
101000153,33,16,17
101000154,4,117,-113
101000155,26,32,-6
101000156,12,64,-52
101000157,0,0,0
101000160,0,0,0
101000163,0,0,0
101000164,21,42,-21
101000165,52,44,8
101000166,0,20,-20
101000168,32,36,-4
101000252,47,92,-45
101000254,91,12,79
101000258,0,0,0
101000261,0,0,0
101000262,23,83,-60
101000263,8,5,3
101000265,5,48,-43
101000266,37,32,5
101000269,119,29,90
101000290,124,14,110
101000293,0,0,0
101000294,81,37,44
101000295,11,57,-46
101000301,111,30,81
101000304,432,518,-86
101000305,300,203,97
101000328,5,18,-13
101900001,0,0,0
101900002,0,0,0
101900003,5,2,3
101900004,0,0,0
101900005,239,10,229
101900006,0,0,0
101900007,0,0,0
101900008,0,0,0
101900009,0,0,0
101900010,0,0,0
101900011,0,0,0
101900012,0,0,0
101900013,15,0,15
101900017,0,0,0
101900018,0,0,0
101900019,0,0,0
101900020,0,0,0
101900021,0,0,0
101900022,0,0,0
101900023,0,0,0
101900026,0,0,0
101900027,0,0,0
102000001,219,409,-190
102000002,98,120,-22
102000003,636,398,238
102000004,564,146,418
102000005,351,302,49
102000006,188,103,85
102000007,451,564,-113
102000008,532,145,387
102000009,809,924,-115
102000010,1001,388,613
102000011,456,440,16
102000012,207,250,-43
102000018,140,33,107
102000019,16,26,-10
102000026,0,0,0
102000029,0,0,0
102000030,5,0,5
102000031,0,0,0
102000032,1,8,-7
102000033,0,0,0
102000034,8,8,0
102000035,0,0,0
102000036,0,0,0
102000037,5,4,1
102000038,1,5,-4
102000039,0,0,0
102000040,23,1,22
102000041,0,0,0
102000042,0,0,0
102000043,2,5,-3
102000044,0,0,0
102000045,42,33,9
102000046,104,7,97
102000047,9,33,-24
102000048,3,14,-11
102000049,16,10,6
102000050,35,58,-23
102000051,12,11,1
102000052,33,44,-11
102000053,13,22,-9
102000054,33,99,-66
102000055,94,130,-36
102000056,36,76,-40
102000057,72,10,62
102000058,94,130,-36
102000059,95,189,-94
102000060,42,20,22
102000061,86,249,-163
102000062,20,43,-23
102000063,100,166,-66
102000064,50,76,-26
102000065,5,5,0
102000066,257,117,140
102000067,234,332,-98
102000068,499,206,293
102000069,0,0,0
102000070,195,8,187
102000071,1083,1169,-86
102000072,745,1101,-356
102000073,12,101,-89
102000074,19,105,-86
102000075,1,46,-45
102000076,7,132,-125
102000077,20,255,-235
102000078,63,301,-238
102000079,3,51,-48
102000080,39,52,-13
102000081,11,178,-167
102000082,79,62,17
102000083,16,81,-65
102000084,0,0,0
102000085,77,102,-25
102000086,49,21,28
102000087,48,124,-76
102000088,11,13,-2
102000089,0,0,0
102000090,50,68,-18
102000091,242,60,182
102000092,140,55,85
102000093,28,71,-43
102000094,0,0,0
102000095,102,171,-69
102000096,0,0,0
102000097,357,252,105
102000098,11,23,-12
102000099,128,54,74
102000100,4,9,-5
102000101,38,17,21
102000102,38,5,33
102000103,107,34,73
102000104,39,6,33
102000105,1,29,-28
102000106,3,45,-42
102000107,0,0,0
102000108,7,11,-4
102000109,0,0,0
102000110,0,0,0
102000111,0,0,0
102000112,4,3,1
102000113,0,0,0
102000114,0,0,0
102000115,16,8,8
102000116,2,11,-9
102000117,4,56,-52
102000118,18,46,-28
102000119,364,56,308
102000120,3,4,-1
102000121,42,44,-2
102000122,15,5,10
102000123,55,43,12
102000124,54,9,45
102000125,40,21,19
102000126,22,12,10
102000127,61,21,40
102000128,25,23,2
102000129,15,25,-10
102000130,33,24,9
102000131,18,20,-2
102000132,18,10,8
102000133,108,248,-140
102000134,48,29,19
102000135,0,0,0
102000136,3,3,0
102000137,54,3,51
102000138,0,0,0
102000139,0,0,0
102000140,1,6,-5
102000141,0,11,-11
102000142,2,14,-12
102000143,2,33,-31
102000144,3,17,-14
102000145,6,8,-2
102000146,0,0,0
102000147,8,5,3
102000148,0,0,0
102000149,0,0,0
102000150,0,2,-2
102000151,0,0,0
102000152,0,0,0
102000153,0,0,0
102000154,8,29,-21
102000155,21,14,7
102000156,36,2,34
102000157,0,3,-3
102000158,9,6,3
102000159,73,2,71
102000161,324,93,231
102000162,34,28,6
102000163,0,0,0
102000164,0,0,0
102000165,86,34,52
102000166,13,10,3
102000167,18,48,-30
102000168,40,34,6
102000169,30,52,-22
102000170,210,36,174
102000171,13,16,-3
102000172,4,30,-26
102000173,33,8,25
102000174,3,11,-8
102000175,2,0,2
102000176,0,0,0
102000178,21,70,-49
102000179,16,14,2
102000180,31,65,-34
102000181,15,79,-64
102000182,118,82,36
102000183,88,144,-56
102000184,121,287,-166
102000185,59,77,-18
102000186,84,430,-346
102000187,62,317,-255
102000188,12,78,-66
102000189,757,174,583
102000190,96,146,-50
102000191,115,9,106
102000192,105,184,-79
102000193,0,0,0
102000194,0,0,0
102000195,5,23,-18
102000196,0,0,0
102000197,9,18,-9
102000198,0,0,0
102000199,10,21,-11
102000200,0,0,0
102000201,7,30,-23
102000202,0,0,0
102000203,15,36,-21
102000204,0,0,0
102000205,0,0,0
102000206,79,75,4
102000207,0,0,0
102000208,11,53,-42
102000209,5,3,2
102000210,0,126,-126
102000211,4,55,-51
102000212,0,0,0
102000213,0,32,-32
102000214,0,0,0
102000215,0,48,-48
102000216,0,0,0
102000217,0,49,-49
102000218,0,0,0
102000219,40,34,6
102000225,0,0,0
102000226,0,0,0
102000227,0,0,0
102000228,0,6,-6
102000229,1,1,0
102000230,7,20,-13
102000231,9,5,4
102000232,0,0,0
102000233,13,18,-5
102000234,0,0,0
102000236,0,6,-6
102000237,16,4,12
102000238,4,2,2
102000240,169,271,-102
102000241,16,6,10
102000243,1,1,0
102000245,9,20,-11
102000246,0,0,0
102000247,43,58,-15
102000248,33,90,-57
102000249,8,28,-20
102000250,1,70,-69
102000254,0,0,0
102000266,0,0,0
102000271,0,0,0
102000286,0,0,0
102000297,27,8,19
102000301,0,2,-2
102000303,0,0,0
102000307,0,2,-2
102900001,0,0,0
102900002,0,0,0
102900003,0,22,-22
102900005,0,0,0
102900006,0,0,0
102900007,0,0,0
102900008,0,0,0
102900009,0,0,0
102900010,0,0,0
102900011,0,0,0
102900012,0,0,0
102900013,0,0,0
102900015,0,0,0
102900016,0,0,0
102900017,0,0,0
102900018,0,0,0
102900019,0,0,0
102900020,0,0,0
102900021,0,0,0
102900022,15,3,12
102900023,0,0,0
102900024,0,0,0
102900025,0,0,0
102900026,0,0,0
102900027,0,0,0
102900028,0,0,0
102900029,0,1,-1
102900030,0,0,0
102900031,0,0,0
102900032,0,8,-8
102900033,0,0,0
102900034,0,0,0
102900035,1,24,-23
102900036,0,0,0
102900037,0,0,0
102900038,0,0,0
102900039,0,0,0
102900040,0,0,0
102900041,0,0,0
102900042,0,0,0
102900043,0,0,0
102900044,0,0,0
102900045,0,0,0
102900046,0,0,0
102900047,0,0,0
102900048,0,0,0
102900049,0,0,0
102900050,0,0,0
102900051,0,0,0
102900052,0,0,0
102900053,0,0,0
102900054,0,0,0
102900055,0,0,0
102900056,0,0,0
102900057,0,0,0
102900058,0,0,0
102900059,0,0,0
102900060,0,0,0
102900061,0,0,0
102900062,0,0,0
102900063,0,0,0
102900064,0,0,0
102900065,0,0,0
102900066,0,0,0
102900068,0,0,0
102900070,1,30,-29
102900072,0,1,-1
102900073,5,0,5
102900075,0,0,0
102900076,0,0,0
102900077,0,0,0
102900078,0,0,0
102900079,0,0,0
102900080,0,0,0
102900081,0,0,0
102900082,0,0,0
102900083,0,0,0
102900084,0,0,0
102900085,0,0,0
102900086,0,0,0
102900087,0,0,0
102900088,0,0,0
102900089,0,0,0
102900090,0,50,-50
102900091,0,0,0
102900092,7,54,-47
102900093,0,0,0
102900094,0,0,0
102900095,0,0,0
102900096,0,0,0
102900097,2,7,-5
102900098,1,0,1
103000001,419,319,100
103000002,132,264,-132
103000003,560,362,198
103000004,123,94,29
103000005,52,62,-10
103000006,26,58,-32
103000007,18,34,-16
103000008,57,242,-185
103000009,13,8,5
103000010,1,4,-3
103000011,270,115,155
103000012,98,58,40
103000013,1253,277,976
103000014,55,20,35
103000015,540,208,332
103000016,24,10,14
103000017,0,0,0
103000018,0,0,0
103000019,0,0,0
103000020,186,277,-91
103000021,31,20,11
103000022,159,166,-7
103000023,13,15,-2
103000024,0,0,0
103000025,0,0,0
103000026,0,0,0
103000027,0,0,0
103000028,0,0,0
103000029,16,1,15
103000030,517,87,430
103000031,43,44,-1
103000032,247,206,41
103000033,101,23,78
103000034,449,209,240
103000035,84,69,15
103000036,39,11,28
103000037,172,77,95
103000038,50,42,8
103000039,19,74,-55
103000040,0,39,-39
103000041,249,433,-184
103000042,91,135,-44
103000043,6,42,-36
103000044,11,8,3
103000046,31,3,28
103000047,0,0,0
103000048,11,4,7
103000049,0,0,0
103000050,5,2,3
103000051,16,8,8
103000052,10,2,8
103000053,3,12,-9
103000054,274,98,176
103000055,59,39,20
103000056,98,86,12
103000057,35,38,-3
103000058,55,94,-39
103000059,14,45,-31
103000060,128,163,-35
103000061,18,23,-5
103000062,128,129,-1
103000063,31,30,1
103000064,46,33,13
103000065,0,0,0
103000066,1,0,1
103000069,0,0,0
103000070,33,132,-99
103000071,10,7,3
103000072,14,182,-168
103000073,0,0,0
103000074,0,0,0
103000075,40,142,-102
103000076,0,0,0
103000077,2,54,-52
103000078,0,0,0
103000079,139,26,113
103000080,2,0,2
103000081,45,53,-8
103000082,0,0,0
103000083,4,41,-37
103000084,0,0,0
103000085,0,14,-14
103000086,16,5,11
103000087,19,60,-41
103000088,67,42,25
103000089,3,4,-1
103000090,212,158,54
103000091,53,43,10
103000092,2,2,0
103000093,22,108,-86
103000094,0,1,-1
103000095,2,42,-40
103000096,0,0,0
103000097,6,71,-65
103000098,0,0,0
103000099,12,50,-38
103000100,17,171,-154
103000101,0,0,0
103000102,15,142,-127
103000103,0,5,-5
103000104,0,41,-41
103000105,0,18,-18
103000106,0,49,-49
103000107,5,12,-7
103000108,33,49,-16
103000109,41,39,2
103000110,143,73,70
103000111,103,68,35
103000112,3,9,-6
103000113,29,131,-102
103000114,23,5,18
103000115,16,49,-33
103000116,24,30,-6
103000117,11,33,-22
103000118,103,142,-39
103000119,437,159,278
103000120,16,13,3
103000121,40,49,-9
103000122,4,3,1
103000125,0,0,0
103000126,2,0,2
103000127,0,0,0
103000128,1,0,1
103000129,0,0,0
103000130,0,0,0
103000131,0,0,0
103000132,0,1,-1
103000133,0,0,0
103000134,110,58,52
103000135,89,20,69
103000136,113,72,41
103000137,46,47,-1
103000138,104,40,64
103000139,0,11,-11
103000140,0,0,0
103000141,1,17,-16
103000142,0,0,0
103000143,5,38,-33
103000144,0,0,0
103000145,0,0,0
103000150,2,1,1
103000152,27,52,-25
103000153,0,4,-4
103000156,0,0,0
103000157,1,0,1
103000159,25,16,9
103000162,0,0,0
103000163,0,0,0
103000164,0,0,0
103000165,0,0,0
103000166,0,0,0
103000167,3,3,0
103000168,2,17,-15
103000169,0,0,0
103000170,52,26,26
103000171,0,0,0
103000172,2,0,2
103000173,22,131,-109
103000174,0,0,0
103000175,58,198,-140
103000176,0,0,0
103000177,130,73,57
103000178,149,84,65
103000179,0,0,0
103000183,0,12,-12
103000185,0,12,-12
103000186,0,0,0
103000187,27,104,-77
103000188,1,19,-18
103000189,48,225,-177
103000191,12,28,-16
103000292,181,12,169
103000293,0,0,0
103000295,0,0,0
103000296,0,0,0
103000297,0,0,0
103000504,0,0,0
103000505,0,0,0
103000506,0,0,0
103000507,0,0,0
103000508,7,2,5
103000509,32,92,-60
103900001,0,0,0
103900002,0,0,0
103900003,0,3,-3
103900004,0,0,0
103900005,0,0,0
103900006,0,0,0
103900007,0,0,0
103900008,0,0,0
103900009,2,29,-27
103900010,5,23,-18
103900011,2,20,-18
103900012,0,0,0
103900013,0,11,-11
103900014,0,0,0
103900015,0,0,0
103900016,9,30,-21
103900017,2,9,-7
103900018,28,6,22
103900019,0,0,0
103900020,0,0,0
103900021,0,0,0
103900022,0,36,-36
103900023,0,0,0
103900024,0,0,0
103900025,0,0,0
103900026,0,0,0
103900027,0,0,0
103900028,1,41,-40
103900029,12,21,-9
103900030,0,0,0
103900031,0,0,0
103900032,0,0,0
103900033,0,0,0
103900034,1,15,-14
103900035,1,1,0
103900036,0,0,0
103900037,0,0,0
103900038,0,0,0
103900039,0,55,-55
103900040,0,3,-3
103900041,0,0,0
103900042,0,63,-63
103900043,0,0,0
103900044,0,0,0
103900045,0,0,0
103900047,0,8,-8
103900048,0,0,0
103900049,0,0,0
103900050,0,17,-17
103900051,0,2,-2
103900052,8,7,1
103900053,2,76,-74
103900054,0,0,0
103900055,6,3,3
103900056,2,3,-1
103900057,0,0,0
103900058,2,55,-53
103900059,0,0,0
103900060,0,0,0
103900061,0,0,0
103900062,4,3,1
103900063,0,0,0
103900064,0,0,0
103900065,46,13,33
103900066,0,0,0
103900067,0,0,0
103900068,0,0,0
103900069,0,0,0
103900070,0,0,0
103900071,3,7,-4
103900072,0,51,-51
103900073,0,0,0
103900074,0,0,0
103900075,0,0,0
103900076,1,6,-5
103900077,0,0,0
103900078,0,0,0
103900079,0,0,0
103900080,0,0,0
103900081,0,0,0
103900082,0,0,0
103900083,0,0,0
103900084,0,0,0
103900085,0,0,0
103900086,0,0,0
103900088,0,0,0
103900089,0,0,0
103900090,0,0,0
103900091,0,0,0
103900092,2,11,-9
103900093,0,0,0
103900094,0,0,0
103900095,0,7,-7
103900096,0,0,0
103900097,0,0,0
103900098,0,1,-1
103900099,0,0,0
103900100,6,29,-23
103900101,0,0,0
103900102,0,0,0
103900104,0,0,0
103900105,1,8,-7
103900106,0,0,0
103900107,0,0,0
103900108,8,80,-72
103900109,0,0,0
103900110,9,3,6
103900111,3,62,-59
103900112,0,0,0
103900113,8,3,5
103900114,11,13,-2
103900115,37,2,35
103900116,215,8,207
103900117,18,7,11
103900119,0,0,0
103900120,0,0,0
103900122,0,45,-45
103900123,10,14,-4
103900124,0,50,-50
103900125,2,5,-3
103900126,0,0,0
103900127,1,51,-50
103900128,1,23,-22
103900131,0,11,-11
103900133,0,0,0
103900134,0,0,0
103900135,0,0,0
103900137,0,0,0
103900138,0,0,0
103900139,0,45,-45
103900140,0,0,0
103900141,0,1,-1
103900142,0,0,0
103900143,0,0,0
103900144,0,0,0
103900145,0,0,0
103900146,0,0,0
103900147,3,10,-7
103900148,5,19,-14
103900149,0,0,0
103900150,0,56,-56
103900151,0,0,0
103900152,0,0,0
103900153,0,0,0
103900154,41,8,33
103900155,0,0,0
103900156,0,0,0
103900157,0,0,0
103900158,0,0,0
103900159,0,0,0
103900160,0,0,0
103900161,0,0,0
103900162,12,11,1
103900163,0,0,0
103900167,0,0,0
103900168,0,0,0
103900169,0,0,0
103900170,0,0,0
103900171,0,0,0
103900172,0,0,0
103900173,0,0,0
103900174,0,0,0
103900175,0,0,0
103900176,0,0,0
103900177,0,0,0
103900178,0,0,0
103900179,0,0,0
103900180,0,0,0
103900181,0,0,0
103900182,0,0,0
103900184,0,0,0
103900185,0,0,0
103900187,1,0,1
103900188,0,0,0
103900189,3,0,3
103900190,0,0,0
103900191,0,0,0
103900192,0,0,0
103900193,0,0,0
103900194,0,0,0
103900195,0,0,0
103900196,0,0,0
103900197,0,0,0
103900198,0,0,0
103900199,0,1,-1
103900200,0,1,-1
103900201,0,0,0
103900202,0,0,0
103900203,1,0,1
103900204,0,0,0
103900207,0,0,0
103900208,3,0,3
103900209,0,0,0
103900210,0,0,0
103900211,2,0,2
103900212,2,54,-52
103900213,34,110,-76
103900214,17,5,12
103900215,459,130,329
103900216,0,0,0
103900217,0,0,0
103900218,0,0,0
103900219,0,0,0
103900233,0,0,0
103900235,0,0,0
103900236,0,0,0
103900242,0,0,0
103900243,0,0,0
103900244,0,0,0
103900245,0,0,0
103900246,1,0,1
103900247,0,0,0
103900248,0,0,0
103900249,0,0,0
103900250,0,0,0
103900251,0,0,0
103900253,0,0,0
103900254,0,0,0
103900255,0,0,0
103900256,0,0,0
103900257,0,0,0
103900258,0,0,0
103900259,0,0,0
103900261,0,0,0
103900262,0,0,0
103900263,0,0,0
103900264,0,0,0
103900265,0,0,0
103900266,0,0,0
103900267,0,1,-1
103900268,0,2,-2
103900269,1,1,0
103900270,0,2,-2
103900271,0,2,-2
103900272,0,0,0
103900273,0,0,0
103900274,0,0,0
103900275,0,0,0
103900276,0,0,0
103900277,0,0,0
103900278,0,0,0
103900279,0,0,0
103900280,0,0,0
104000001,290,304,-14
104000002,297,484,-187
104000003,311,498,-187
104000004,996,463,533
104000005,91,287,-196
104000006,381,556,-175
104000007,698,680,18
104000008,203,231,-28
104000009,11,50,-39
104000010,0,0,0
104000011,206,237,-31
104000012,29,173,-144
104000013,0,0,0
104000014,123,275,-152
104000015,0,0,0
104000016,69,155,-86
104000018,25,3,22
104000019,20,3,17
104000020,0,3,-3
104000021,17,5,12
104000022,8,4,4
104000023,73,27,46
104000024,4,3,1
104000026,2,1,1
104000027,42,218,-176
104000028,36,18,18
104000029,114,228,-114
104000030,30,44,-14
104000031,5,3,2
104000032,38,139,-101
104000033,10,2,8
104000034,42,204,-162
104000035,4,9,-5
104000036,5,16,-11
104000037,33,102,-69
104000038,48,27,21
104000039,4,13,-9
104000040,11,5,6
104000041,50,21,29
104000042,14,44,-30
104000043,27,48,-21
104000044,59,88,-29
104000045,81,110,-29
104000046,138,117,21
104000047,2,10,-8
104000048,36,21,15
104000049,2,12,-10
104000050,2,20,-18
104000051,14,151,-137
104000052,126,284,-158
104000053,108,131,-23
104000054,14,40,-26
104000055,438,205,233
104000056,35,9,26
104000057,5,117,-112
104000058,181,155,26
104000059,27,180,-153
104000060,59,168,-109
104000061,79,129,-50
104000062,0,0,0
104000064,68,17,51
104000065,1,12,-11
104000069,124,44,80
104000070,1,2,-1
104000071,20,68,-48
104000072,0,0,0
104000075,0,0,0
104000076,0,0,0
104000082,345,413,-68
104000083,63,17,46
104000084,7,48,-41
104000085,7,26,-19
104000086,25,47,-22
104000087,8,26,-18
104000090,27,220,-193
104000092,17,340,-323
104000094,23,236,-213
104000095,344,309,35
104000096,0,30,-30
104000097,0,0,0
104000098,0,0,0
104000100,0,0,0
104000101,76,244,-168
104000106,3,25,-22
104000107,36,90,-54
104000108,24,38,-14
104000109,0,0,0
104000110,95,76,19
104000111,91,70,21
104000112,126,36,90
104000116,1,435,-434
104000117,1,149,-148
104000118,17,14,3
104000119,3,15,-12
104000120,2,128,-126
104000121,8,35,-27
104000122,29,61,-32
104000123,143,170,-27
104000124,253,240,13
104000125,484,182,302
104000126,21,70,-49
104000127,349,602,-253
104000128,20,41,-21
104000129,30,14,16
104000130,2,41,-39
104000131,482,325,157
104000132,309,432,-123
104000133,189,149,40
104000134,167,118,49
104000135,52,83,-31
104000136,291,188,103
104000137,581,56,525
104000138,253,47,206
104000139,1505,273,1232
104000141,153,234,-81
104000142,88,226,-138
104000143,58,239,-181
104000144,0,0,0
104000145,0,0,0
104000146,119,285,-166
104000147,46,117,-71
104000148,0,0,0
104000149,60,125,-65
104000150,0,0,0
104000151,40,237,-197
104000152,48,250,-202
104000153,0,0,0
104000154,275,214,61
104000155,0,0,0
104000157,96,253,-157
104000158,22,34,-12
104000159,53,21,32
104000160,371,143,228
104000161,0,0,0
104000162,0,0,0
104000165,0,0,0
104000167,16,58,-42
104000168,0,0,0
104000169,0,0,0
104000170,153,36,117
104000248,0,69,-69
104000251,27,82,-55
104000272,6,2,4
104000273,4,0,4
104000274,3,2,1
104000275,10,0,10
104000279,92,39,53
104000290,27,63,-36
104000291,72,139,-67
104000293,8,10,-2
104000294,0,0,0
104000295,56,276,-220
104000296,21,114,-93
104000297,276,352,-76
104000298,283,119,164
104000299,85,256,-171
104900001,0,0,0
104900002,0,0,0
104900003,0,0,0
104900004,0,0,0
104900005,2,4,-2
104900006,0,0,0
104900007,3,5,-2
104900009,0,0,0
104900010,0,0,0
104900011,0,0,0
104900012,0,0,0
104900013,0,0,0
104900014,0,0,0
104900015,0,0,0
104900016,0,0,0
104900017,0,0,0
104900018,0,0,0
104900019,0,0,0
104900020,0,0,0
104900021,0,0,0
104900022,0,0,0
104900023,0,0,0
104900024,0,0,0
104900025,0,0,0
104900026,0,0,0
104900027,0,0,0
104900028,0,0,0
104900029,0,0,0
104900030,0,0,0
104900031,0,0,0
104900032,0,0,0
104900033,0,0,0
104900034,0,0,0
104900035,0,0,0
104900036,0,0,0
104900037,0,0,0
104900038,0,0,0
104900039,0,0,0
104900040,0,0,0
104900041,0,0,0
104900042,0,0,0
104900043,0,0,0
104900044,0,0,0
104900045,0,0,0
104900046,0,0,0
104900047,0,0,0
104900048,0,0,0
104900049,0,0,0
104900050,0,0,0
104900051,0,0,0
104900052,0,0,0
104900053,0,0,0
104900054,0,0,0
104900055,0,0,0
104900056,0,0,0
104900057,0,0,0
104900058,0,0,0
104900059,0,0,0
104900060,0,0,0
104900061,0,0,0
104900063,0,0,0
104900064,0,0,0
104900065,0,0,0
104900066,0,0,0
104900067,0,0,0
104900068,0,0,0
104900070,0,0,0
104900071,1,68,-67
104900072,0,0,0
104900073,0,0,0
104900074,0,0,0
104900075,0,0,0
104900076,0,0,0
104900077,0,0,0
104900078,0,0,0
104900079,0,0,0
104900080,0,0,0
104900082,0,0,0
104900085,0,0,0
104900087,0,0,0
104900089,0,0,0
104900090,0,0,0
104900091,0,0,0
104900093,0,0,0
104900097,0,0,0
104900098,0,0,0
104900099,0,0,0
104900100,0,0,0
104900102,0,0,0
104900103,0,0,0
104900104,0,0,0
104900106,0,0,0
104900107,0,0,0
104900108,0,0,0
104900109,0,0,0
104900110,0,0,0
104900111,0,0,0
104900112,0,0,0
104900113,11,7,4
104900114,0,0,0
104900115,1,8,-7
104900116,0,0,0
104900118,0,0,0
104900119,0,0,0
104900120,0,0,0
104900121,0,0,0
104900122,0,0,0
104900123,0,0,0
104900124,0,0,0
104900125,0,0,0
104900126,0,0,0
104900127,0,0,0
104900128,0,0,0
104900129,0,0,0
105000001,346,424,-78
105000002,111,220,-109
105000003,208,377,-169
105000004,75,151,-76
105000005,94,179,-85
105000006,57,151,-94
105000007,52,131,-79
105000008,23,221,-198
105000009,86,209,-123
105000010,498,746,-248
105000011,126,169,-43
105000012,766,1108,-342
105000013,75,111,-36
105000014,103,87,16
105000015,829,269,560
105000016,748,326,422
105000017,217,144,73
105000018,86,113,-27
105000019,8,1,7
105000020,4,94,-90
105000021,0,0,0
105000022,0,0,0
105000023,0,0,0
105000028,5,37,-32
105000029,62,59,3
105000030,945,989,-44
105000033,246,723,-477
105000034,0,1,-1
105000037,25,17,8
105000038,59,65,-6
105000039,655,651,4
105000040,18,23,-5
105000041,116,458,-342
105000042,73,37,36
105000043,444,722,-278
105000044,40,18,22
105000045,38,198,-160
105000046,35,15,20
105000047,63,415,-352
105000048,0,2,-2
105000049,71,207,-136
105000050,0,0,0
105000051,31,117,-86
105000052,3,56,-53
105000053,26,87,-61
105000054,3,50,-47
105000055,14,50,-36
105000056,15,85,-70
105000057,59,165,-106
105000058,111,166,-55
105000059,12,33,-21
105000060,56,129,-73
105000061,18,17,1
105000062,102,244,-142
105000063,58,119,-61
105000064,44,73,-29
105000065,48,202,-154
105000066,95,252,-157
105000067,56,50,6
105000068,83,115,-32
105000069,223,116,107
105000070,37,62,-25
105000071,0,0,0
105000072,32,19,13
105000073,17,6,11
105000074,88,190,-102
105000075,61,80,-19
105000076,241,217,24
105000077,492,120,372
105000078,131,74,57
105000079,348,486,-138
105000080,29,32,-3
105000081,203,170,33
105000082,28,53,-25
105000083,6,5,1
105000084,61,204,-143
105000085,24,29,-5
105000086,63,133,-70
105000087,385,333,52
105000088,20,2,18
105000089,457,594,-137
105000090,229,305,-76
105000091,540,456,84
105000092,157,203,-46
105000093,24,39,-15
105000094,3,8,-5
105000095,9,54,-45
105000096,1,2,-1
105000097,103,114,-11
105000098,0,0,0
105000099,74,191,-117
105000100,111,157,-46
105000101,135,192,-57
105000102,103,227,-124
105000103,58,235,-177
105000104,126,107,19
105000105,26,173,-147
105000106,55,169,-114
105000107,50,29,21
105000108,71,53,18
105000109,99,144,-45
105000110,28,7,21
105000111,13,43,-30
105000112,103,25,78
105000113,19,23,-4
105000114,0,0,0
105000115,22,32,-10
105000116,4,7,-3
105000117,73,92,-19
105000118,3,5,-2
105000119,25,84,-59
105000120,4,2,2
105000121,61,106,-45
105000122,9,55,-46
105000123,128,138,-10
105000124,45,153,-108
105000125,52,202,-150
105000126,175,334,-159
105000127,134,186,-52
105000128,30,185,-155
105000129,43,65,-22
105000130,0,0,0
105000131,43,50,-7
105000132,0,0,0
105000133,67,185,-118
105000134,0,0,0
105000135,44,99,-55
105000136,5,69,-64
105000137,0,0,0
105000138,54,73,-19
105000139,165,171,-6
105000140,0,0,0
105000141,36,139,-103
105000142,0,0,0
105000143,22,144,-122
105000144,73,157,-84
105000145,0,0,0
105000146,60,229,-169
105000147,0,0,0
105000148,0,0,0
105000149,0,0,0
105000150,295,284,11
105000151,12,10,2
105000152,6,125,-119
105000153,20,16,4
105000154,15,132,-117
105000155,3,33,-30
105000156,29,170,-141
105000157,99,365,-266
105000158,78,53,25
105000159,24,303,-279
105000160,35,39,-4
105000161,58,399,-341
105000162,10,52,-42
105000163,107,157,-50
105000164,63,40,23
105000165,44,144,-100
105000166,1197,25,1172
105000167,141,132,9
105000168,14,167,-153
105000169,44,109,-65
105000170,0,0,0
105000171,66,8,58
105000172,0,0,0
105000173,0,0,0
105000174,0,0,0
105000175,5,12,-7
105000176,4,11,-7
105000177,3,23,-20
105000178,0,0,0
105000179,12,22,-10
105000180,2,20,-18
105000181,0,0,0
105000182,2,13,-11
105000183,10,5,5
105000184,344,253,91
105000185,123,92,31
105000186,38,284,-246
105000187,81,25,56
105000188,5,25,-20
105000189,9,148,-139
105000190,0,0,0
105000191,51,171,-120
105000192,13,36,-23
105000193,20,34,-14
105000194,31,41,-10
105000195,20,182,-162
105000196,9,23,-14
105000197,15,131,-116
105000198,112,62,50
105000199,30,44,-14
105000200,3,21,-18
105000201,10,5,5
105000203,0,10,-10
105000204,27,20,7
105000205,1,10,-9
105000207,110,69,41
105000208,0,0,0
105000209,26,148,-122
105000212,53,110,-57
105000213,0,0,0
105000214,0,0,0
105000215,5,45,-40
105000216,30,140,-110
105000217,7,113,-106
105000218,8,148,-140
105000221,5,19,-14
105000222,4,6,-2
105000223,4,32,-28
105000226,0,0,0
105000227,0,0,0
105000228,1,44,-43
105000229,0,0,0
105000231,0,0,0
105000233,54,36,18
105000234,181,446,-265
105000235,4,14,-10
105000237,0,0,0
105000243,1,3,-2
105000248,29,18,11
105000262,16,187,-171
105000269,3,13,-10
105000270,13,28,-15
105000271,0,3,-3
105000282,2,0,2
105000287,6,2,4
105000288,12,63,-51
105000289,78,146,-68
105000290,0,0,0
105000402,347,84,263
105000426,48,13,35
105000438,48,48,0
105000446,1034,673,361
105000447,1000,537,463
105000454,0,21,-21
105000455,0,0,0
105000474,0,0,0
105000477,0,2,-2
105000478,69,102,-33
105000479,2,6,-4
105000480,227,271,-44
105000481,395,228,167
105000482,1016,753,263
105000483,208,280,-72
105000484,405,581,-176
105000485,480,506,-26
105000486,796,576,220
105000488,414,552,-138
105000489,30,79,-49
105000549,0,0,0
105000550,140,244,-104
105000551,0,0,0
105000552,1139,399,740
105000555,27,11,16
105000556,0,0,0
105000557,0,0,0
105900001,0,0,0
105900002,1,5,-4
105900003,1,5,-4
105900004,60,17,43
105900005,0,27,-27
105900006,0,0,0
105900007,0,0,0
105900008,2,90,-88
105900009,0,0,0
105900011,0,0,0
105900012,0,0,0
105900013,0,0,0
105900014,0,0,0
105900015,0,29,-29
105900016,0,0,0
105900017,0,0,0
105900018,8,27,-19
105900019,0,0,0
105900020,1,7,-6
105900021,0,0,0
105900022,7,19,-12
105900023,0,0,0
105900024,0,0,0
105900025,0,0,0
105900026,3,1,2
105900027,0,0,0
105900028,1,13,-12
105900029,6,25,-19
105900030,19,18,1
105900031,10,42,-32
105900032,4,19,-15
105900033,1,17,-16
105900034,5,34,-29
105900035,17,15,2
105900036,3,4,-1
105900037,10,4,6
105900038,4,12,-8
105900039,1,7,-6
105900040,8,10,-2
105900041,7,13,-6
105900042,5,19,-14
105900043,30,0,30
105900044,0,11,-11
105900045,0,31,-31
105900046,0,33,-33
105900047,0,2,-2
105900048,0,50,-50
105900050,0,0,0
105900051,0,0,0
105900052,0,0,0
105900053,115,9,106
105900054,6,10,-4
105900056,0,0,0
105900057,0,0,0
105900058,0,0,0
105900059,0,0,0
106000001,219,162,57
106000002,585,961,-376
106000003,551,344,207
106000004,668,554,114
106000005,336,387,-51
106000006,1138,1007,131
106000007,94,32,62
106000008,143,133,10
106000009,48,18,30
106000010,122,163,-41
106000011,28,37,-9
106000012,129,424,-295
106000013,147,87,60
106000014,436,485,-49
106000015,46,108,-62
106000016,247,573,-326
106000017,143,95,48
106000018,251,283,-32
106000019,20,39,-19
106000020,34,198,-164
106000021,45,37,8
106000022,70,132,-62
106000023,57,24,33
106000024,145,219,-74
106000025,28,26,2
106000026,92,117,-25
106000027,39,58,-19
106000028,125,283,-158
106000029,319,457,-138
106000030,65,44,21
106000034,144,143,1
106000035,57,79,-22
106000036,46,70,-24
106000037,251,364,-113
106000038,0,0,0
106000039,0,0,0
106000040,35,221,-186
106000041,45,41,4
106000043,0,0,0
106000046,0,0,0
106000047,3,36,-33
106000049,22,11,11
106000050,44,334,-290
106000051,3,7,-4
106000052,24,258,-234
106000053,0,0,0
106000054,78,212,-134
106000055,0,0,0
106000056,108,255,-147
106000057,0,0,0
106000058,22,86,-64
106000059,0,3,-3
106000060,147,264,-117
106000061,3,3,0
106000062,70,224,-154
106000063,1,2,-1
106000064,13,150,-137
106000065,1,6,-5
106000066,28,114,-86
106000067,1,3,-2
106000068,3,201,-198
106000069,4,9,-5
106000070,42,198,-156
106000071,8,16,-8
106000072,674,260,414
106000073,284,232,52
106000074,78,145,-67
106000075,32,184,-152
106000076,92,320,-228
106000077,352,255,97
106000078,97,274,-177
106000079,66,181,-115
106000080,133,269,-136
106000081,16,164,-148
106000082,454,286,168
106000083,16,209,-193
106000084,85,204,-119
106000085,80,203,-123
106000086,32,147,-115
106000087,50,146,-96
106000088,2,210,-208
106000089,60,125,-65
106000090,1,198,-197
106000091,63,79,-16
106000092,1,18,-17
106000093,0,0,0
106000094,24,92,-68
106000095,35,211,-176
106000096,8,122,-114
106000097,44,259,-215
106000098,5,233,-228
106000099,5,275,-270
106000100,13,24,-11
106000101,17,21,-4
106000102,1,177,-176
106000103,11,61,-50
106000104,107,52,55
106000105,27,65,-38
106000106,28,33,-5
106000107,15,55,-40
106000108,23,31,-8
106000109,4,72,-68
106000110,13,32,-19
106000111,10,63,-53
106000112,11,40,-29
106000113,71,75,-4
106000114,53,30,23
106000115,21,53,-32
106000116,28,23,5
106000117,129,135,-6
106000118,48,56,-8
106000119,433,208,225
106000120,5,5,0
106000121,0,2,-2
106000122,0,25,-25
106000123,2,6,-4
106000124,2,42,-40
106000125,1,40,-39
106000126,2,4,-2
106000127,11,46,-35
106000128,3,2,1
106000129,73,100,-27
106000130,0,0,0
106000131,10,76,-66
106000132,0,0,0
106000133,936,122,814
106000134,0,0,0
106000135,41,206,-165
106000136,0,0,0
106000137,6,489,-483
106000138,0,0,0
106000139,0,0,0
106000140,2,56,-54
106000141,3,75,-72
106000142,0,0,0
106000143,1,51,-50
106000144,0,0,0
106000145,14,140,-126
106000146,0,0,0
106000147,59,96,-37
106000148,35,140,-105
106000149,38,55,-17
106000150,36,186,-150
106000151,670,115,555
106000152,82,70,12
106000153,23,120,-97
106000154,123,17,106
106000155,0,10,-10
106000156,26,37,-11
106000157,82,288,-206
106000158,418,80,338
106000159,857,210,647
106000160,5,189,-184
106000161,224,95,129
106000162,3,77,-74
106000163,46,124,-78
106000164,15,34,-19
106000165,18,178,-160
106000166,49,61,-12
106000167,26,385,-359
106000168,10,44,-34
106000169,16,141,-125
106000170,28,43,-15
106000171,2,178,-176
106000172,278,167,111
106000173,50,505,-455
106000174,15,71,-56
106000175,25,217,-192
106000176,26,34,-8
106000177,30,482,-452
106000178,105,120,-15
106000179,129,446,-317
106000180,110,477,-367
106000181,24,397,-373
106000182,42,164,-122
106000183,41,185,-144
106000184,42,137,-95
106000185,17,152,-135
106000186,97,25,72
106000187,12,128,-116
106000188,0,0,0
106000189,0,0,0
106000190,0,0,0
106000191,16,26,-10
106000192,0,8,-8
106000193,25,17,8
106000194,6,45,-39
106000195,6,8,-2
106000196,0,58,-58
106000197,8,36,-28
106000198,9,50,-41
106000199,108,48,60
106000200,121,31,90
106000201,39,30,9
106000202,1182,77,1105
106000203,3,65,-62
106000204,0,0,0
106000205,15,57,-42
106000206,0,0,0
106000207,6,240,-234
106000208,14,1,13
106000209,12,19,-7
106000210,32,349,-317
106000211,94,543,-449
106000212,2,0,2
106000213,39,274,-235
106000214,136,25,111
106000215,14,24,-10
106000216,19,28,-9
106000217,12,43,-31
106000218,25,23,2
106000219,11,37,-26
106000220,35,31,4
106000221,5,83,-78
106000222,0,0,0
106000223,0,0,0
106000224,7,66,-59
106000225,0,0,0
106000226,15,125,-110
106000228,9,39,-30
106000229,9,274,-265
106000231,4,2,2
106000232,4,129,-125
106000233,6,0,6
106000234,9,63,-54
106000235,0,1,-1
106000236,5,10,-5
106000237,0,3,-3
106000238,0,0,0
106000239,0,7,-7
106000240,0,0,0
106000241,2,212,-210
106000242,3,1,2
106000249,0,0,0
106000250,3,73,-70
106000251,0,0,0
106000252,7,38,-31
106000253,0,0,0
106000254,18,21,-3
106000255,0,0,0
106000256,10,14,-4
106000257,13,52,-39
106000258,0,0,0
106000259,0,4,-4
106000260,0,0,0
106000261,0,14,-14
106000262,0,0,0
106000263,0,12,-12
106000264,0,0,0
106000265,0,40,-40
106000266,0,0,0
106000267,3,21,-18
106000268,0,0,0
106000269,19,6,13
106000270,15,65,-50
106000271,0,0,0
106000272,4,7,-3
106000273,0,0,0
106000274,28,3,25
106000275,2,1,1
106000276,13,9,4
106000277,0,1,-1
106000278,11,4,7
106000279,20,9,11
106000280,1,20,-19
106000281,3,8,-5
106000282,7,15,-8
106000283,3,3,0
106000284,6,17,-11
106000285,5,8,-3
106000286,10,13,-3
106000287,1,9,-8
106000288,7,20,-13
106000289,4,3,1
106000290,6,10,-4
106000291,1,8,-7
106000292,2,6,-4
106000293,7,6,1
106000294,23,14,9
106000295,3,4,-1
106000296,5,13,-8
106000297,9,12,-3
106000298,8,4,4
106000299,2,12,-10
106000300,5,9,-4
106000301,3,13,-10
106000303,0,0,0
106000304,0,2,-2
106000305,0,0,0
106000306,2,6,-4
106000307,0,0,0
106000308,2,13,-11
106000309,0,9,-9
106000310,18,92,-74
106000311,29,22,7
106000312,16,31,-15
106000313,10,20,-10
106000318,9,42,-33
106000319,31,0,31
106000320,0,0,0
106000321,0,0,0
106000322,5,47,-42
106000324,0,0,0
106000325,40,23,17
106000326,187,454,-267
106000327,0,0,0
106000328,0,0,0
106000329,1,27,-26
106000330,5,16,-11
106000428,15,33,-18
106000429,23,99,-76
106000430,76,231,-155
106000431,43,63,-20
106000432,257,528,-271
106000433,143,99,44
106000434,138,53,85
106000435,564,692,-128
106000436,5,108,-103
106000437,0,0,0
106000438,1,0,1
106000439,6,100,-94
106000440,26,26,0
106000441,0,0,0
106000442,0,0,0
106000443,5,26,-21
106000450,4,44,-40
106000451,0,0,0
106000454,2,11,-9
106000455,0,82,-82
106000456,0,0,0
106000457,3,326,-323
106000458,0,0,0
106000459,6,133,-127
106000460,0,0,0
106000461,8,496,-488
106000462,0,8,-8
106000463,0,0,0
106000464,3,156,-153
106000465,0,0,0
106000466,2,176,-174
106000467,144,119,25
106000468,0,0,0
106000469,0,0,0
106000470,53,170,-117
106000471,3,130,-127
106000472,0,0,0
106000473,2,4,-2
106000474,75,250,-175
106000475,11,28,-17
106000476,5,7,-2
106000477,16,63,-47
106000480,0,26,-26
106900001,0,0,0
106900002,0,0,0
106900003,0,0,0
106900004,0,0,0
106900006,0,0,0
106900007,0,0,0
106900008,0,0,0
106900009,0,0,0
106900010,0,0,0
106900012,0,0,0
106900013,0,0,0
106900014,0,0,0
106900015,0,0,0
106900016,0,0,0
106900017,0,0,0
106900018,0,0,0
106900019,0,0,0
106900020,0,0,0
106900021,0,0,0
106900022,0,0,0
106900023,0,0,0
106900024,0,0,0
106900025,0,0,0
106900026,0,0,0
106900027,0,0,0
107000001,245,302,-57
107000002,812,1186,-374
107000003,518,611,-93
107000004,1294,1714,-420
107000005,176,342,-166
107000006,720,1712,-992
107000007,524,523,1
107000008,5951,3505,2446
107000009,259,332,-73
107000010,3293,2433,860
107000011,310,269,41
107000012,567,621,-54
107000013,17,89,-72
107000014,6,77,-71
107000015,70,320,-250
107000016,95,426,-331
107000017,114,74,40
107000018,0,48,-48
107000020,62,35,27
107000021,161,220,-59
107000022,47,260,-213
107000023,212,97,115
107000024,59,566,-507
107000025,20,69,-49
107000026,35,170,-135
107000027,251,96,155
107000028,167,296,-129
107000029,161,108,53
107000030,226,537,-311
107000031,151,141,10
107000032,9,50,-41
107000033,426,573,-147
107000034,1302,381,921
107000035,4,5,-1
107000036,30,94,-64
107000037,1,14,-13
107000038,61,86,-25
107000039,0,0,0
107000040,30,95,-65
107000041,169,50,119
107000042,86,228,-142
107000043,262,71,191
107000044,154,93,61
107000045,6,76,-70
107000046,24,18,6
107000047,56,162,-106
107000048,40,31,9
107000049,32,132,-100
107000050,27,46,-19
107000051,67,60,7
107000052,130,50,80
107000053,10,6,4
107000054,21,86,-65
107000055,55,27,28
107000056,82,191,-109
107000057,220,51,169
107000058,0,0,0
107000059,242,721,-479
107000060,30,36,-6
107000061,826,948,-122
107000062,29,36,-7
107000063,640,1217,-577
107000064,26,56,-30
107000065,568,1304,-736
107000066,18,30,-12
107000067,10,27,-17
107000068,0,0,0
107000069,0,0,0
107000070,0,0,0
107000071,0,0,0
107000072,4,984,-980
107000073,0,0,0
107000074,42,219,-177
107000075,0,0,0
107000076,182,671,-489
107000077,0,0,0
107000078,209,957,-748
107000079,0,0,0
107000080,169,753,-584
107000081,9,3,6
107000082,64,671,-607
107000083,6,9,-3
107000084,38,575,-537
107000085,355,286,69
107000086,385,455,-70
107000087,231,221,10
107000088,242,469,-227
107000089,77,102,-25
107000090,178,227,-49
107000091,54,109,-55
107000092,112,250,-138
107000093,55,117,-62
107000094,125,260,-135
107000095,0,0,0
107000096,193,348,-155
107000097,0,0,0
107000098,119,240,-121
107000099,0,0,0
107000100,76,124,-48
107000101,0,0,0
107000102,100,101,-1
107000103,0,0,0
107000104,48,98,-50
107000105,14,2,12
107000106,34,81,-47
107000107,4,0,4
107000108,46,251,-205
107000109,0,0,0
107000110,6,113,-107
107000111,0,0,0
107000112,7,94,-87
107000113,0,0,0
107000114,14,154,-140
107000115,0,0,0
107000116,13,330,-317
107000117,0,0,0
107000118,19,76,-57
107000119,86,16,70
107000120,498,137,361
107000121,8,8,0
107000122,101,182,-81
107000123,11,14,-3
107000124,67,237,-170
107000125,29,7,22
107000126,75,347,-272
107000129,32,332,-300
107000130,0,0,0
107000131,75,195,-120
107000132,0,0,0
107000133,5,2,3
107000134,1,2,-1
107000135,0,15,-15
107000136,10,0,10
107000137,0,9,-9
107000138,3,0,3
107000139,2,33,-31
107000140,48,3,45
107000141,12,43,-31
107000142,5,1,4
107000143,2,68,-66
107000144,12,6,6
107000145,4,18,-14
107000146,1,1,0
107000147,450,55,395
107000150,8,12,-4
107000151,1,9,-8
107000152,2,45,-43
107000153,30,22,8
107000154,4,4,0
107000155,26,0,26
107000156,50,0,50
107000157,0,243,-243
107000158,6,1,5
107000159,1,101,-100
107000160,17,5,12
107000161,2,107,-105
107000162,41,14,27
107000163,0,0,0
107000164,0,0,0
107000165,0,0,0
107000166,8,259,-251
107000167,10,25,-15
107000168,39,1,38
107000169,89,237,-148
107000170,33,10,23
107000171,26,810,-784
107000172,17,22,-5
107000173,132,217,-85
107000174,66,133,-67
107000175,1451,235,1216
107000176,0,0,0
107000177,0,0,0
107000178,0,0,0
107000179,48,828,-780
107000180,0,0,0
107000181,46,270,-224
107000182,8,71,-63
107000183,28,239,-211
107000184,18,74,-56
107000185,19,282,-263
107000186,0,0,0
107000187,42,73,-31
107000188,54,42,12
107000189,12,51,-39
107000190,35,125,-90
107000191,26,69,-43
107000192,147,151,-4
107000193,0,2,-2
107000194,136,135,1
107000197,0,0,0
107000198,58,177,-119
107000199,148,181,-33
107000200,0,0,0
107000201,75,68,7
107000202,0,0,0
107000203,94,82,12
107000204,11,2,9
107000205,641,238,403
107000206,0,0,0
107000207,14,3,11
107000208,32,4,28
107000209,47,1,46
107000210,147,14,133
107000211,0,0,0
107000212,1,38,-37
107000213,0,0,0
107000214,0,9,-9
107000215,0,9,-9
107000216,2,13,-11
107000217,3,2,1
107000219,1,0,1
107000220,2,18,-16
107000222,8,80,-72
107000224,0,0,0
107000225,18,96,-78
107000226,0,0,0
107000227,7,82,-75
107000228,7,15,-8
107000229,2,5,-3
107000230,256,138,118
107000231,9,9,0
107000232,0,0,0
107000233,13,14,-1
107000234,0,0,0
107000235,0,2,-2
107000236,5,211,-206
107000237,0,0,0
107000238,0,1,-1
107000239,89,5,84
107000240,3,187,-184
107000243,0,48,-48
107000244,0,50,-50
107000246,0,347,-347
107000249,1,192,-191
107000251,0,53,-53
107000252,0,337,-337
107000255,61,17,44
107000257,0,45,-45
107000258,0,6,-6
107000259,0,24,-24
107000260,0,0,0
107000262,0,56,-56
107000263,0,0,0
107000266,0,0,0
107000267,1,11,-10
107000268,4,11,-7
107000269,0,1,-1
107000270,0,0,0
107000271,0,129,-129
107000272,0,59,-59
107000273,1,33,-32
107000274,5,6,-1
107000275,3,41,-38
107000280,10,1,9
107000281,3,72,-69
107000282,0,157,-157
107000290,1,3,-2
107000291,0,0,0
107000292,0,3,-3
107000293,0,0,0
107000294,1,18,-17
107000295,0,0,0
107000296,0,0,0
107000444,12,1,11
107000496,0,0,0
107000497,156,894,-738
107000500,0,0,0
107000501,0,0,0
107000502,0,0,0
107000505,101,221,-120
107000506,0,0,0
107000508,0,125,-125
107000509,6,12,-6
107000510,0,0,0
107000514,0,24,-24
107000515,0,22,-22
107000516,0,0,0
107000518,0,0,0
107000519,536,375,161
107000520,0,0,0
107000521,159,171,-12
107000522,2,78,-76
107900001,0,4,-4
107900002,0,0,0
107900003,0,0,0
107900004,0,0,0
107900005,20,0,20
107900006,0,0,0
107900007,1,1,0
107900008,17,2,15
107900009,0,0,0
107900010,0,0,0
107900012,20,0,20
107900013,12,2,10
107900014,0,0,0
107900015,22,1,21
107900016,12,4,8
107900017,0,0,0
107900018,0,1,-1
107900019,0,7,-7
107900020,0,0,0
107900021,2,8,-6
107900023,0,0,0
107900024,0,0,0
107900025,3,4,-1
107900026,1,10,-9
107900027,0,0,0
107900028,2,4,-2
107900030,6,0,6
107900031,1,49,-48
107900032,0,0,0
107900033,0,0,0
107900034,9,1,8
107900035,14,0,14
107900036,0,0,0
107900037,0,0,0
107900038,5,1,4
107900039,0,2,-2
107900040,0,0,0
107900041,0,0,0
107900043,1,12,-11
107900044,0,0,0
107900045,1,0,1
107900046,4,0,4
107900047,0,0,0
107900048,5,0,5
107900049,16,12,4
107900050,17,36,-19
107900051,2,3,-1
107900052,0,0,0
107900053,0,4,-4
107900055,9,27,-18
107900056,2,1,1
107900057,0,0,0
107900058,1,104,-103
107900060,0,0,0
107900061,0,0,0
107900063,4,12,-8
107900064,7,0,7
107900065,0,0,0
107900066,0,0,0
107900067,0,0,0
107900068,3,2,1
107900069,0,7,-7
107900070,0,0,0
107900071,0,121,-121
107900072,0,13,-13
107900073,0,0,0
107900074,0,0,0
107900076,6,6,0
107900077,0,0,0
107900079,2,1,1
107900080,2,6,-4
107900081,0,0,0
107900082,0,0,0
107900083,8,14,-6
107900084,1,3,-2
107900086,6,5,1
107900087,50,6,44
107900088,0,0,0
107900089,25,41,-16
107900090,6,37,-31
107900091,5,36,-31
107900092,0,0,0
107900093,0,0,0
107900095,153,54,99
107900097,0,3,-3
107900098,12,3,9
107900100,120,27,93
107900101,137,17,120
107900102,0,0,0
107900103,8,12,-4
107900104,0,0,0
107900105,0,88,-88
107900106,0,269,-269
107900107,119,13,106
107900108,7,1,6
107900109,0,0,0
107900110,0,8,-8
107900111,0,192,-192
107900112,8,44,-36
107900113,0,0,0
107900114,4,26,-22
107900115,0,0,0
107900116,0,23,-23
107900117,11,36,-25
107900118,8,18,-10
107900119,0,3,-3
107900120,0,0,0
107900121,0,1,-1
107900122,0,0,0
107900123,0,4,-4
107900124,0,0,0
107900125,1,20,-19
107900126,0,1,-1
107900127,48,6,42
107900128,0,2,-2
107900129,1,7,-6
107900130,0,0,0
107900131,10,0,10
107900132,6,53,-47
107900133,1,7,-6
107900134,0,0,0
107900135,0,23,-23
107900136,8,4,4
107900137,3,3,0
107900138,0,5,-5
107900139,0,0,0
107900141,1,1,0
107900142,7,115,-108
107900143,2,2,0
107900144,0,16,-16
107900145,2,4,-2
107900146,0,4,-4
107900147,0,1,-1
107900148,15,10,5
107900149,263,9,254
107900150,6,83,-77
107900151,0,12,-12
107900152,1,19,-18
107900153,3,2,1
107900154,1,0,1
107900155,0,0,0
107900156,0,0,0
107900157,1,12,-11
107900158,17,1,16
107900159,2,152,-150
107900160,1,27,-26
107900161,0,46,-46
107900162,1,23,-22
107900163,0,0,0
107900164,0,1,-1
107900165,2,0,2
107900166,0,59,-59
107900167,0,0,0
107900168,0,12,-12
107900169,0,34,-34
107900171,1,265,-264
107900172,0,60,-60
107900173,0,43,-43
107900174,6,1,5
107900175,0,0,0
107900176,0,6,-6
107900177,0,11,-11
107900178,0,47,-47
107900179,0,19,-19
107900180,43,8,35
107900181,69,55,14
107900182,2,234,-232
107900183,0,82,-82
107900184,0,0,0
107900185,8,3,5
107900186,0,5,-5
107900187,0,39,-39
107900188,35,4,31
107900189,0,13,-13
107900190,8,1,7
107900191,5,26,-21
107900193,1,10,-9
107900194,9,0,9
107900195,336,23,313
107900196,0,0,0
107900197,3,2,1
107900199,1,97,-96
107900201,8,9,-1
107900203,0,18,-18
107900204,57,53,4
107900206,3,7,-4
107900207,0,144,-144
107900208,0,78,-78
107900209,24,11,13
107900210,6,11,-5
107900213,55,47,8
107900214,0,32,-32
107900215,21,63,-42
107900216,8,5,3
107900217,0,0,0
107900218,0,92,-92
107900219,0,15,-15
107900220,28,18,10
107900221,60,39,21
107900223,0,0,0
107900224,17,39,-22
107900225,2,44,-42
107900226,0,16,-16
107900227,7,77,-70
107900228,0,32,-32
107900229,1,79,-78
107900230,0,13,-13
107900231,0,0,0
107900232,0,45,-45
107900233,0,12,-12
107900234,9,40,-31
107900235,5,24,-19
107900236,5,15,-10
107900237,9,118,-109
107900238,0,0,0
107900239,148,60,88
107900240,0,22,-22
107900241,0,6,-6
107900242,0,80,-80
107900243,0,4,-4
107900244,0,0,0
107900245,1,2,-1
107900246,0,0,0
107900248,3,86,-83
107900249,1,0,1
107900250,0,69,-69
107900251,1,175,-174
107900252,0,0,0
107900253,0,0,0
107900254,0,5,-5
107900255,42,1,41
107900256,5,37,-32
107900257,3,2,1
107900258,1,11,-10
107900259,0,5,-5
107900261,1,61,-60
107900262,0,0,0
107900264,0,0,0
107900265,1,9,-8
107900267,0,0,0
107900268,0,0,0
107900269,0,0,0
107900270,0,0,0
107900271,0,0,0
107900272,0,0,0
107900273,0,5,-5
107900274,0,0,0
107900275,0,0,0
107900276,0,12,-12
107900277,0,46,-46
107900278,0,43,-43
107900279,7,0,7
107900280,0,31,-31
107900281,252,50,202
107900282,3,8,-5
107900283,51,11,40
107900284,5,141,-136
107900285,1,3,-2
107900286,10,2,8
107900287,1,9,-8
107900290,0,14,-14
107900291,36,1,35
107900292,3,36,-33
107900293,0,19,-19
107900295,1,26,-25
107900297,0,57,-57
107900298,39,54,-15
107900299,483,119,364
107900300,1,15,-14
107900301,10,25,-15
107900302,3,0,3
107900303,0,42,-42
107900304,4,97,-93
107900305,4,0,4
107900306,0,0,0
107900307,6,68,-62
107900308,18,0,18
107900309,0,0,0
107900310,0,0,0
107900311,4,4,0
107900312,0,0,0
107900313,0,0,0
107900314,0,0,0
107900315,0,1,-1
107900316,0,0,0
107900317,1,0,1
107900318,0,7,-7
107900319,1,24,-23
107900320,1,20,-19
107900321,2,0,2
107900322,1,37,-36
107900323,0,22,-22
107900324,1,0,1
107900325,0,0,0
107900326,1,98,-97
107900327,3,0,3
107900328,0,0,0
107900329,0,0,0
107900330,0,43,-43
107900331,0,0,0
107900332,5,2,3
107900333,0,0,0
107900334,0,38,-38
107900335,7,14,-7
107900336,0,2,-2
107900337,135,27,108
107900338,0,40,-40
107900339,0,12,-12
107900340,0,5,-5
107900341,0,0,0
107900342,9,25,-16
107900343,1,0,1
107900344,0,18,-18
107900345,0,3,-3
107900346,0,0,0
107900347,0,0,0
107900348,0,0,0
107900349,0,0,0
107900350,3,41,-38
107900351,0,24,-24
107900352,0,7,-7
107900353,1,1,0
107900354,0,12,-12
108000001,303,344,-41
108000002,942,1261,-319
108000003,290,233,57
108000004,5825,4817,1008
108000005,248,256,-8
108000006,906,1963,-1057
108000007,286,369,-83
108000008,1015,1802,-787
108000009,176,405,-229
108000010,602,1714,-1112
108000011,952,742,210
108000012,5106,4201,905
108000014,6,34,-28
108000015,1,40,-39
108000016,61,304,-243
108000017,4,36,-32
108000018,4,22,-18
108000019,1,32,-31
108000020,0,0,0
108000021,100,680,-580
108000022,102,385,-283
108000023,0,0,0
108000024,6,144,-138
108000025,14,79,-65
108000026,10,113,-103
108000027,22,184,-162
108000028,6,85,-79
108000029,13,211,-198
108000030,2,48,-46
108000031,13,204,-191
108000032,0,0,0
108000033,149,338,-189
108000034,0,0,0
108000035,178,769,-591
108000036,67,482,-415
108000037,82,22,60
108000038,26,19,7
108000039,59,707,-648
108000040,32,22,10
108000041,171,867,-696
108000042,2,77,-75
108000043,7,145,-138
108000044,0,44,-44
108000045,17,383,-366
108000046,0,0,0
108000047,59,354,-295
108000048,24,266,-242
108000049,20,17,3
108000050,15,128,-113
108000051,27,4,23
108000052,91,158,-67
108000053,23,13,10
108000054,56,148,-92
108000055,27,16,11
108000056,149,236,-87
108000057,5,67,-62
108000058,17,176,-159
108000059,652,354,298
108000060,0,11,-11
108000061,46,129,-83
108000062,15,7,8
108000063,24,114,-90
108000064,0,0,0
108000065,59,102,-43
108000066,274,57,217
108000067,48,49,-1
108000068,0,0,0
108000069,37,368,-331
108000070,0,0,0
108000071,88,574,-486
108000072,0,0,0
108000073,230,446,-216
108000074,0,0,0
108000075,37,210,-173
108000076,0,0,0
108000077,109,260,-151
108000078,15,26,-11
108000079,312,460,-148
108000080,3,10,-7
108000081,62,692,-630
108000082,158,419,-261
108000083,5,5,0
108000084,53,245,-192
108000085,1,3,-2
108000086,97,153,-56
108000087,0,9,-9
108000088,8,0,8
108000089,9,20,-11
108000090,4,0,4
108000091,15,226,-211
108000092,3,2,1
108000093,38,327,-289
108000094,0,0,0
108000095,55,164,-109
108000096,0,0,0
108000097,28,216,-188
108000098,34,58,-24
108000099,17,13,4
108000100,4,20,-16
108000101,0,0,0
108000102,43,150,-107
108000106,0,0,0
108000107,1,174,-173
108000108,0,0,0
108000109,1,186,-185
108000110,13,51,-38
108000111,51,379,-328
108000112,0,0,0
108000113,18,9,9
108000115,51,27,24
108000117,49,39,10
108000118,7,85,-78
108000119,60,167,-107
108000120,8,60,-52
108000121,10,168,-158
108000122,8,37,-29
108000123,6,0,6
108000124,13,288,-275
108000125,5,0,5
108000126,11,294,-283
108000127,1,0,1
108000128,24,341,-317
108000129,20,508,-488
108000130,2,1,1
108000131,0,1,-1
108000132,138,230,-92
108000133,0,3,-3
108000134,99,311,-212
108000135,11,7,4
108000136,126,386,-260
108000137,1,0,1
108000138,14,76,-62
108000139,0,14,-14
108000140,34,4,30
108000141,7,42,-35
108000142,19,99,-80
108000143,10,52,-42
108000144,12,2,10
108000145,15,62,-47
108000146,6,2,4
108000147,5,62,-57
108000148,5,0,5
108000149,1,24,-23
108000150,1,2,-1
108000151,1,0,1
108000152,15,84,-69
108000153,1,4,-3
108000154,7,17,-10
108000155,3,13,-10
108000156,49,13,36
108000157,4,19,-15
108000158,38,76,-38
108000159,18,1,17
108000160,528,129,399
108000161,337,123,214
108000165,0,4,-4
108000172,0,0,0
108000173,316,10,306
108000175,1,36,-35
108000178,73,83,-10
108000179,0,0,0
108000181,2,0,2
108000182,8,2,6
108000183,1,19,-18
108000184,112,164,-52
108000185,3,110,-107
108000186,4,24,-20
108000187,4,109,-105
108000188,5,7,-2
108000189,28,43,-15
108000190,3,45,-42
108000192,12,90,-78
108000193,93,6,87
108000194,0,0,0
108000195,2,670,-668
108000196,0,15,-15
108000198,63,61,2
108000199,0,44,-44
108000200,13,57,-44
108000203,10,183,-173
108000204,11,2,9
108000205,50,46,4
108000339,31,31,0
108000364,13,26,-13
108000365,0,22,-22
108000367,5,15,-10
108000368,2,23,-21
108000369,251,22,229
108000371,1,167,-166
108000372,0,0,0
108000373,0,0,0
108000376,17,0,17
108000377,7,0,7
108000378,1363,729,634
108000379,2,48,-46
108000381,0,0,0
108000382,0,0,0
108000383,0,19,-19
108900001,6,24,-18
108900002,6,0,6
108900003,28,88,-60
108900004,106,32,74
108900005,0,5,-5
108900006,7,12,-5
108900007,8,11,-3
108900008,1,12,-11
108900009,1,14,-13
108900010,2,9,-7
108900011,5,45,-40
108900012,7,55,-48
108900013,4,37,-33
108900014,1,16,-15
108900015,0,1,-1
108900016,1,27,-26
108900017,11,8,3
108900018,0,37,-37
108900019,0,128,-128
108900020,0,25,-25
108900021,5,23,-18
108900022,0,0,0
108900023,0,2,-2
108900024,5,11,-6
108900025,0,0,0
108900026,1,11,-10
108900027,0,25,-25
108900028,1,76,-75
108900029,0,14,-14
108900030,0,13,-13
108900031,0,47,-47
108900032,1,15,-14
108900033,0,11,-11
108900034,0,4,-4
108900035,6,207,-201
108900036,9,13,-4
108900037,0,9,-9
108900038,0,26,-26
108900039,0,8,-8
108900040,0,13,-13
108900041,304,54,250
108900042,0,17,-17
108900043,3,30,-27
108900044,0,89,-89
108900045,1,24,-23
108900046,0,71,-71
108900047,0,21,-21
108900048,6,54,-48
108900049,265,30,235
108900050,0,17,-17
108900051,0,36,-36
108900052,0,24,-24
108900053,14,5,9
108900054,2,2,0
108900055,6,39,-33
108900056,0,42,-42
108900057,0,28,-28
108900058,4,33,-29
108900059,13,0,13
108900060,0,0,0
108900061,1,0,1
108900062,0,50,-50
108900063,0,19,-19
108900064,1,1,0
108900065,0,14,-14
108900066,0,0,0
108900067,1,42,-41
108900068,0,8,-8
108900069,5,3,2
108900070,2,1,1
108900071,0,0,0
108900072,5,0,5
108900073,0,29,-29
108900074,0,21,-21
108900075,0,0,0
108900076,0,0,0
108900077,1,35,-34
108900078,0,5,-5
108900079,10,5,5
108900080,0,0,0
108900081,2,44,-42
108900082,0,2,-2
108900083,0,0,0
108900084,13,5,8
108900085,119,6,113
108900086,0,18,-18
108900087,2,6,-4
108900088,0,0,0
108900089,0,0,0
108900090,0,18,-18
108900091,9,2,7
108900092,0,0,0
108900093,0,0,0
108900094,3,1,2
108900095,0,25,-25
108900096,20,1,19
108900097,1,48,-47
108900098,5,0,5
108900099,1,54,-53
108900100,3,9,-6
108900101,0,0,0
108900102,0,17,-17
108900103,0,0,0
108900104,11,10,1
108900105,0,0,0
108900106,0,64,-64
108900108,0,0,0
108900109,0,0,0
108900110,0,35,-35
108900111,3,54,-51
108900112,0,0,0
108900113,1,3,-2
108900114,0,0,0
108900115,0,0,0
108900116,0,0,0
108900117,0,0,0
108900118,0,0,0
108900119,0,0,0
108900120,0,0,0
108900121,0,0,0
108900122,0,0,0
108900123,0,0,0
108900124,0,2,-2
108900125,0,0,0
108900126,1,0,1
108900127,0,0,0
108900128,0,0,0
108900129,1,0,1
108900130,0,0,0
108900131,9,0,9
108900132,0,0,0
108900133,0,0,0
108900134,0,0,0
108900135,0,0,0
108900136,0,0,0
108900137,0,0,0
108900138,0,0,0
108900139,0,0,0
108900140,0,0,0
108900141,0,0,0
108900142,0,0,0
108900143,0,0,0
108900144,0,0,0
108900145,0,0,0
108900146,0,0,0
108900147,0,0,0
108900148,0,0,0
108900149,27,11,16
108900150,0,0,0
108900151,0,0,0
108900152,0,1,-1
108900153,0,20,-20
108900154,0,3,-3
108900155,0,5,-5
108900156,0,0,0
108900157,1,21,-20
108900158,0,0,0
108900159,0,14,-14
108900160,1,19,-18
108900161,1,37,-36
108900162,0,0,0
108900163,0,0,0
108900164,0,3,-3
108900165,8,3,5
108900167,21,8,13
108900168,398,15,383
108900169,0,5,-5
108900171,159,110,49
108900172,0,0,0
108900173,11,6,5
108900174,0,0,0
108900176,4,70,-66
108900177,600,91,509
108900178,165,15,150
108900179,1,5,-4
108900180,0,0,0
108900182,0,0,0
108900183,4,11,-7
108900184,0,0,0
108900185,7,36,-29
108900186,1,11,-10
108900187,0,0,0
108900188,0,0,0
108900189,0,0,0
108900190,1,249,-248
108900191,0,1,-1
108900192,0,19,-19
108900193,0,0,0
108900194,0,11,-11
108900195,2,37,-35
108900196,0,49,-49
108900198,0,25,-25
108900199,5,38,-33
108900200,29,31,-2
108900201,3,97,-94
108900203,2,0,2
108900204,1,0,1
108900205,0,0,0
108900206,0,0,0
108900207,0,0,0
108900208,13,23,-10
108900209,11,52,-41
108900210,2,3,-1
108900211,0,4,-4
108900212,11,12,-1
108900215,12,48,-36
108900216,0,3,-3
108900217,0,0,0
108900218,0,0,0
108900219,0,0,0
108900220,0,0,0
108900221,3,3,0
108900222,0,0,0
108900223,0,1,-1
108900224,1,4,-3
108900225,0,17,-17
108900227,1,1,0
108900230,17,10,7
108900231,2,7,-5
108900232,0,33,-33
108900233,0,0,0
108900234,0,0,0
108900235,11,30,-19
108900236,2,19,-17
108900237,0,13,-13
108900240,0,4,-4
108900241,0,0,0
108900245,0,1,-1
108900249,0,0,0
108900250,0,8,-8
108900257,0,14,-14
108900258,0,4,-4
108900259,0,0,0
108900260,0,3,-3
108900261,2,1,1
108900262,0,0,0
108900263,0,0,0
108900264,0,0,0
108900265,0,0,0
108900266,0,0,0
108900267,0,0,0
108900268,0,0,0
108900269,0,0,0
108900270,0,0,0
108900271,0,0,0
108900272,0,0,0
108900273,0,0,0
108900274,3,9,-6
109000001,302,86,216
109000002,2158,393,1765
109000003,239,67,172
109000004,227,1052,-825
109000005,166,108,58
109000006,227,997,-770
109000007,124,85,39
109000008,156,736,-580
109000009,385,152,233
109000010,450,1565,-1115
109000011,272,185,87
109000012,559,1446,-887
109000013,347,183,164
109000014,339,1352,-1013
109000015,374,319,55
109000016,3084,1549,1535
109000017,146,182,-36
109000018,259,1341,-1082
109000019,212,135,77
109000020,481,812,-331
109000023,0,0,0
109000024,2,18,-16
109000025,117,41,76
109000026,35,21,14
109000027,12,32,-20
109000028,9,14,-5
109000029,37,23,14
109000030,12,138,-126
109000031,0,0,0
109000032,2,124,-122
109000033,0,0,0
109000034,0,1,-1
109000035,0,0,0
109000036,13,70,-57
109000037,15,36,-21
109000038,225,99,126
109000039,81,9,72
109000040,408,73,335
109000041,1877,160,1717
109000042,39,121,-82
109000044,0,5,-5
109000045,13,150,-137
109000046,0,3,-3
109000047,22,232,-210
109000048,5,3,2
109000049,67,358,-291
109000050,2,1,1
109000051,112,154,-42
109000052,20,219,-199
109000053,0,0,0
109000054,7,49,-42
109000055,3,18,-15
109000056,14,58,-44
109000057,19,26,-7
109000058,90,17,73
109000059,10,90,-80
109000060,47,5,42
109000061,217,62,155
109000062,7,3,4
109000063,32,25,7
109000064,1,3,-2
109000065,7,59,-52
109000066,5,0,5
109000067,3,61,-58
109000068,0,1,-1
109000069,0,0,0
109000070,2,219,-217
109000071,71,17,54
109000072,2,28,-26
109000073,12,30,-18
109000074,1,36,-35
109000075,16,198,-182
109000076,1,13,-12
109000077,31,30,1
109000078,2,7,-5
109000079,2,46,-44
109000080,1,11,-10
109000081,4,94,-90
109000082,9,66,-57
109000083,10,119,-109
109000088,5,48,-43
109000089,9,1,8
109000090,14,61,-47
109000091,39,10,29
109000092,50,121,-71
109000093,26,9,17
109000094,14,0,14
109000095,3,102,-99
109000096,26,1,25
109000097,6,16,-10
109000098,0,0,0
109000099,29,57,-28
109000100,7,135,-128
109000101,76,74,2
109000102,14,325,-311
109000103,36,88,-52
109000104,54,21,33
109000105,33,570,-537
109000106,79,40,39
109000107,52,488,-436
109000108,74,57,17
109000109,95,517,-422
109000110,110,66,44
109000111,164,549,-385
109000112,23,25,-2
109000113,32,82,-50
109000114,1,30,-29
109000115,33,7,26
109000116,1,84,-83
109000117,2,4,-2
109000118,1,82,-81
109000119,15,21,-6
109000120,7,377,-370
109000121,5,5,0
109000122,5,468,-463
109000123,0,8,-8
109000124,41,82,-41
109000125,17,69,-52
109000126,52,612,-560
109000127,31,21,10
109000128,21,750,-729
109000129,5,8,-3
109000130,151,985,-834
109000131,42,29,13
109000132,178,466,-288
109000133,28,302,-274
109000134,66,570,-504
109000135,134,395,-261
109000136,3,9,-6
109000137,31,39,-8
109000138,2,8,-6
109000139,33,41,-8
109000140,2,15,-13
109000141,20,153,-133
109000142,6,75,-69
109000143,0,5,-5
109000145,10,21,-11
109000146,0,0,0
109000148,844,61,783
109000149,10,18,-8
109000150,0,1,-1
109000155,27,106,-79
109000156,168,162,6
109000158,4,60,-56
109000159,3,84,-81
109000160,90,63,27
109000161,16,209,-193
109000162,186,213,-27
109000163,20,166,-146
109000164,135,381,-246
109000165,49,139,-90
109000166,32,33,-1
109000167,8,142,-134
109000170,0,0,0
109000171,0,0,0
109000172,0,0,0
109000173,1,0,1
109000174,0,0,0
109000175,0,0,0
109000176,19,114,-95
109000177,0,0,0
109000178,16,35,-19
109000179,643,151,492
109000180,697,306,391
109000181,10,7,3
109000182,11,9,2
109000183,4,4,0
109000184,4,6,-2
109000185,2,2,0
109000188,2,64,-62
109000189,76,159,-83
109000190,61,153,-92
109000191,0,0,0
109000192,0,8,-8
109000193,9,69,-60
109000194,1,3,-2
109000195,6,64,-58
109000196,1,4,-3
109000197,18,95,-77
109000198,2,5,-3
109000199,10,97,-87
109000206,26,11,15
109000207,2,6,-4
109000208,21,12,9
109000209,4,6,-2
109000210,22,59,-37
109000211,3,12,-9
109000214,15,24,-9
109000215,0,2,-2
109000216,9,8,1
109000217,18,8,10
109000218,21,12,9
109000221,9,100,-91
109000222,23,1,22
109000223,31,45,-14
109000224,0,16,-16
109000225,2,5,-3
109000226,3,41,-38
109000227,45,138,-93
109000228,1,99,-98
109000231,0,88,-88
109000232,5,68,-63
109000236,22,320,-298
109000241,156,266,-110
109000242,37,101,-64
109000293,0,0,0
109000361,7,28,-21
109000364,3,49,-46
109000396,0,155,-155
109000397,15,0,15
109000399,37,121,-84
109000400,19,80,-61
109000403,5,24,-19
109000406,14,2,12
109000407,7,16,-9
109000408,0,88,-88
109000410,124,49,75
109000411,0,0,0
109900001,0,0,0
109900002,0,0,0
109900003,0,0,0
109900004,8,12,-4
109900005,0,1,-1
109900006,0,10,-10
109900007,0,97,-97
109900008,0,3,-3
109900009,4,102,-98
109900010,0,0,0
109900011,4,2,2
109900012,2,5,-3
109900013,27,10,17
109900014,2,3,-1
109900015,14,11,3
109900016,5,6,-1
109900017,2,6,-4
109900018,5,32,-27
109900019,3,9,-6
109900020,0,1,-1
109900021,1,0,1
109900022,0,21,-21
109900023,4,0,4
109900024,2,0,2
109900025,0,12,-12
109900026,0,3,-3
109900027,0,1,-1
109900028,115,22,93
109900029,0,16,-16
109900030,0,0,0
109900031,0,4,-4
109900032,1,43,-42
109900033,0,0,0
109900034,0,0,0
109900035,2,1,1
109900036,0,7,-7
109900037,2,61,-59
109900038,0,0,0
109900039,0,0,0
109900040,1,93,-92
109900041,1,47,-46
109900042,0,48,-48
109900044,3,18,-15
109900045,0,1,-1
109900046,0,1,-1
109900047,9,14,-5
109900048,5,12,-7
109900049,0,3,-3
109900050,0,34,-34
109900051,0,14,-14
109900052,0,34,-34
109900053,1,78,-77
109900054,0,0,0
109900055,5,25,-20
109900056,0,0,0
109900057,1,23,-22
109900058,0,6,-6
109900059,0,0,0
109900060,0,0,0
109900061,19,49,-30
109900062,1,11,-10
109900063,0,17,-17
109900064,12,2,10
109900065,3,19,-16
109900066,19,109,-90
109900067,0,39,-39
109900068,0,0,0
109900069,0,2,-2
109900070,9,26,-17
109900071,0,3,-3
109900072,0,19,-19
109900073,1,22,-21
109900074,0,14,-14
109900075,0,0,0
109900076,1,61,-60
109900077,3,5,-2
109900078,5,16,-11
109900080,4,22,-18
109900081,0,2,-2
109900082,1,48,-47
109900083,2,11,-9
109900084,0,9,-9
109900085,3,49,-46
109900086,0,0,0
109900087,5,36,-31
109900089,0,0,0
109900090,16,34,-18
109900091,0,0,0
109900092,0,0,0
109900093,0,0,0
109900094,3,13,-10
109900095,2,6,-4
109900096,0,0,0
109900097,0,0,0
109900098,0,0,0
109900099,0,0,0
109900100,0,0,0
109900101,0,0,0
109900102,0,0,0
109900103,1,3,-2
109900104,0,231,-231
109900105,0,0,0
109900106,0,0,0
109900107,0,0,0
109900108,3,70,-67
109900109,0,27,-27
109900110,0,12,-12
109900111,7,48,-41
109900112,3,50,-47
109900113,0,0,0
109900114,3,0,3
109900115,0,0,0
109900117,0,0,0
109900118,6,61,-55
109900119,33,30,3
109900120,0,0,0
109900121,27,3,24
109900122,0,0,0
109900123,0,11,-11
109900124,1,14,-13
109900125,0,9,-9
109900126,0,6,-6
109900128,0,0,0
109900130,216,3,213
109900131,0,0,0
109900132,0,0,0
109900133,0,0,0
109900134,0,0,0
109900135,22,10,12
109900136,3,7,-4
109900137,0,0,0
109900140,4,36,-32
109900142,39,23,16
109900145,0,10,-10
109900146,1,0,1
109900148,3,17,-14
109900149,22,4,18
109900150,0,7,-7
109900151,1,6,-5
109900152,0,1,-1
109900153,0,21,-21
109900154,0,0,0
109900155,1,0,1
109900157,3,20,-17
109900158,6,15,-9
109900159,7,2,5
109900160,8,3,5
109900161,1,5,-4
109900162,11,10,1
109900163,17,4,13
109900164,5,35,-30
109900165,2,0,2
109900166,0,12,-12
109900167,12,41,-29
109900168,1,33,-32
109900169,11,24,-13
109900170,7,39,-32
109900171,2,9,-7
109900172,26,12,14
109900173,452,53,399
109900174,4,8,-4
109900175,6,26,-20
109900176,17,52,-35
109900177,5,95,-90
109900178,0,11,-11
109900179,0,0,0
109900180,0,0,0
110000001,93,195,-102
110000002,71,43,28
110000003,468,172,296
110000004,128,61,67
110000005,276,191,85
110000006,74,113,-39
110000007,4,21,-17
110000008,0,13,-13
110000009,0,0,0
110000010,7,12,-5
110000011,1,13,-12
110000012,180,104,76
110000013,3,42,-39
110000014,109,7,102
110000015,4,8,-4
110000016,63,89,-26
110000017,21,20,1
110000018,427,20,407
110000019,7,27,-20
110000020,54,45,9
110000021,14,3,11
110000022,37,7,30
110000023,2,35,-33
110000024,159,110,49
110000025,19,0,19
110000026,1,67,-66
110000027,66,35,31
110000028,23,15,8
110000029,102,185,-83
110000030,7,14,-7
110000031,31,140,-109
110000032,19,27,-8
110000033,5,6,-1
110000034,78,196,-118
110000035,7,76,-69
110000036,33,119,-86
110000037,3,44,-41
110000038,45,73,-28
110000039,64,59,5
110000040,21,42,-21
110000041,0,0,0
110000042,2,28,-26
110000043,0,0,0
110000044,2,7,-5
110000045,0,0,0
110000046,0,0,0
110000047,0,0,0
110000048,0,0,0
110000049,0,0,0
110000050,1,1,0
110000051,0,0,0
110000052,0,0,0
110000053,0,0,0
110000054,2,13,-11
110000055,0,0,0
110000056,0,0,0
110000057,83,196,-113
110000058,16,16,0
110000059,146,234,-88
110000060,45,51,-6
110000061,330,369,-39
110000062,178,128,50
110000063,7,22,-15
110000064,0,0,0
110000065,8,19,-11
110000066,4,10,-6
110000067,0,0,0
110000068,0,3,-3
110000069,10,23,-13
110000071,3,27,-24
110000073,0,6,-6
110000075,1,20,-19
110000076,24,11,13
110000077,29,20,9
110000078,3,14,-11
110000080,45,169,-124
110000081,2,58,-56
110000082,2,48,-46
110000083,42,132,-90
110000084,54,59,-5
110000085,968,289,679
110000086,50,180,-130
110000087,0,14,-14
110000088,1,90,-89
110000089,1,12,-11
110000090,1,49,-48
110000091,306,48,258
110000092,2,11,-9
110000093,36,0,36
110000094,76,115,-39
110000095,9,87,-78
110000096,712,357,355
110000097,143,140,3
110000098,93,54,39
110000099,104,329,-225
110000100,9,91,-82
110000101,0,107,-107
110000102,13,2,11
110000104,7,2,5
110000105,1,34,-33
110000106,16,14,2
110000107,23,49,-26
110000108,40,0,40
110000109,35,131,-96
110000110,571,141,430
110000111,1618,462,1156
110000112,116,41,75
110000113,72,53,19
110000114,4,26,-22
110000115,7,22,-15
110000116,19,8,11
110000117,6,120,-114
110000118,30,24,6
110000119,7,128,-121
110000120,38,10,28
110000121,4,55,-51
110000122,38,146,-108
110000123,20,31,-11
110000124,0,228,-228
110000125,0,0,0
110000126,0,0,0
110000127,0,0,0
110000128,3,466,-463
110000129,2,159,-157
110000130,0,0,0
110000131,26,209,-183
110000132,3,241,-238
110000133,15,48,-33
110000134,6,43,-37
110000135,0,0,0
110000136,7,62,-55
110000137,0,42,-42
110000138,30,164,-134
110000139,11,84,-73
110000140,0,0,0
110000143,34,29,5
110000144,571,166,405
110000145,169,89,80
110000146,199,121,78
110000147,19,124,-105
110000148,0,0,0
110000151,27,13,14
110000152,72,49,23
110000153,1,35,-34
110000154,0,3,-3
110000155,333,506,-173
110000156,67,324,-257
110000157,169,363,-194
110000160,31,63,-32
110000161,36,51,-15
110000166,1,5,-4
110000167,48,54,-6
110000168,74,32,42
110000169,23,22,1
110000170,2,11,-9
110000171,22,10,12
110000172,15,297,-282
110000173,125,320,-195
110000174,14,263,-249
110000175,0,0,0
110000176,0,0,0
110000177,2,24,-22
110000178,275,99,176
110000179,157,100,57
110000180,14,79,-65
110000181,37,95,-58
110000182,133,58,75
110000183,717,413,304
110000184,66,113,-47
110000185,50,177,-127
110000186,88,90,-2
110000191,5,91,-86
110000192,6,0,6
110000193,16,0,16
110000194,1,233,-232
110000195,1,20,-19
110000196,24,97,-73
110000197,0,12,-12
110000198,0,1,-1
110000199,7,51,-44
110000200,75,159,-84
110000201,19,48,-29
110000202,56,36,20
110000203,29,160,-131
110000204,0,53,-53
110000205,3,5,-2
110000206,12,184,-172
110000207,10,58,-48
110000208,5,8,-3
110000209,14,203,-189
110000210,0,0,0
110000211,0,0,0
110000212,19,56,-37
110000213,0,5,-5
110000214,2,19,-17
110000215,7,118,-111
110000216,4,153,-149
110000217,5,17,-12
110000218,5,103,-98
110000219,9,0,9
110000220,0,95,-95
110000221,9,0,9
110000222,7,67,-60
110000223,0,5,-5
110000224,1,1,0
110000225,10,135,-125
110000226,8,3,5
110000227,35,47,-12
110000228,6,2,4
110000229,0,74,-74
110000230,41,45,-4
110000231,13,33,-20
110000232,7,93,-86
110000233,2,45,-43
110000234,5,25,-20
110000235,47,80,-33
110000236,96,308,-212
110000237,246,248,-2
110000238,31,160,-129
110000239,75,294,-219
110000240,1,35,-34
110000242,2,25,-23
110000243,14,33,-19
110000244,6,86,-80
110000245,6,141,-135
110000246,20,105,-85
110000247,126,574,-448
110000248,15,253,-238
110000249,0,0,0
110000250,1,17,-16
110000251,4,25,-21
110000252,11,58,-47
110000253,17,8,9
110000254,77,254,-177
110000255,9,257,-248
110000256,9,5,4
110000257,44,115,-71
110000258,0,27,-27
110000259,6,2,4
110000260,6,26,-20
110000263,40,19,21
110000264,13,43,-30
110000265,209,216,-7
110000266,220,317,-97
110000267,3,47,-44
110000268,1,36,-35
110000269,0,12,-12
110000270,0,0,0
110000271,8,14,-6
110000272,77,223,-146
110000273,222,317,-95
110000274,8,138,-130
110000275,422,93,329
110000276,22,52,-30
110000277,12,30,-18
110000278,30,139,-109
110000279,4,114,-110
110000280,1,52,-51
110000281,1,48,-47
110000282,3,4,-1
110000283,0,2,-2
110000284,3,9,-6
110000285,1,65,-64
110000286,0,0,0
110000287,0,0,0
110000288,1,14,-13
110000289,21,208,-187
110000290,356,196,160
110000291,804,221,583
110000292,182,310,-128
110000293,16,154,-138
110000294,48,149,-101
110000295,3,118,-115
110000296,22,116,-94
110000297,218,140,78
110000298,56,94,-38
110000299,0,0,0
110000301,0,0,0
110000302,10,209,-199
110000303,0,0,0
110000304,17,67,-50
110000305,2,0,2
110000306,17,517,-500
110000307,7,0,7
110000308,1,1,0
110000309,0,332,-332
110000310,32,10,22
110000311,5,225,-220
110000312,19,1,18
110000313,219,472,-253
110000314,1,75,-74
110000315,482,263,219
110000316,153,341,-188
110000317,72,42,30
110000318,2,32,-30
110000319,0,0,0
110000320,4,19,-15
110000321,1,3,-2
110000322,5,15,-10
110000323,12,76,-64
110000324,1161,495,666
110000325,6,37,-31
110000327,18,65,-47
110000328,39,173,-134
110000333,3,8,-5
110000334,40,294,-254
110000335,15,56,-41
110000336,40,325,-285
110000337,19,62,-43
110000338,4,18,-14
110000339,15,36,-21
110000340,1,35,-34
110000341,22,168,-146
110000342,0,0,0
110000343,0,6,-6
110000344,3,42,-39
110000345,1,2,-1
110000346,421,273,148
110000347,150,21,129
110000348,1,11,-10
110000349,1,4,-3
110000350,0,0,0
110000351,41,162,-121
110000352,18,355,-337
110000353,322,204,118
110000354,37,386,-349
110000355,0,8,-8
110000356,0,0,0
110000357,26,4,22
110000361,1,20,-19
110000362,4,4,0
110000363,3,19,-16
110000364,0,68,-68
110000365,0,0,0
110000366,0,25,-25
110000367,29,69,-40
110000368,0,18,-18
110000369,0,0,0
110000373,0,80,-80
110000374,0,0,0
110000375,4,210,-206
110000376,6,41,-35
110000377,0,0,0
110000378,2,106,-104
110000379,481,229,252
110000380,4,3,1
110000383,0,105,-105
110000384,0,20,-20
110000385,0,67,-67
110000387,0,6,-6
110000388,6,67,-61
110000389,0,0,0
110000391,0,50,-50
110000396,8,36,-28
110000397,1,10,-9
110000398,2,5,-3
110000399,0,1,-1
110000587,2,0,2
110000589,2,3,-1
110000640,14,6,8
110000652,0,7,-7
110000653,39,120,-81
110000654,0,2,-2
110000656,1,127,-126
110000674,0,2,-2
110000675,0,2,-2
110000676,0,8,-8
110000679,301,103,198
110000682,0,0,0
110000683,4,5,-1
110000684,0,15,-15
110000685,0,0,0
110000686,0,7,-7
110000687,0,0,0
110000688,21,4,17
110000689,6,6,0
110000692,4,8,-4
110000693,6,60,-54
110000694,0,110,-110
110000695,20,207,-187
110000696,0,0,0
110900001,0,3,-3
110900002,0,15,-15
110900003,0,147,-147
110900004,0,54,-54
110900005,209,19,190
110900006,0,0,0
110900007,0,0,0
110900008,2,4,-2
110900009,0,0,0
110900010,0,13,-13
110900011,0,5,-5
110900012,0,2,-2
110900013,0,0,0
110900014,0,0,0
110900015,0,0,0
110900016,0,12,-12
110900017,0,0,0
110900018,0,0,0
110900019,0,0,0
110900020,0,37,-37
110900021,3,96,-93
110900022,5,44,-39
110900023,5,30,-25
110900024,8,60,-52
110900025,1,2,-1
110900027,1,15,-14
110900028,2,5,-3
110900029,7,64,-57
110900030,0,9,-9
110900031,0,22,-22
110900032,0,11,-11
110900033,1,25,-24
110900035,2,46,-44
110900036,3,1,2
110900037,0,0,0
110900038,14,2,12
110900039,0,33,-33
110900040,2,1,1
110900041,0,30,-30
110900042,0,0,0
110900043,0,17,-17
110900044,0,0,0
110900045,2,67,-65
110900046,12,50,-38
110900047,0,0,0
110900049,0,1,-1
110900050,0,0,0
110900051,2,10,-8
110900052,0,13,-13
110900053,0,0,0
110900054,1,23,-22
110900055,0,0,0
110900056,9,3,6
110900057,0,19,-19
110900058,0,0,0
110900059,49,114,-65
110900060,3,3,0
110900061,2,1,1
110900062,0,0,0
110900063,0,6,-6
110900064,0,0,0
110900065,12,0,12
110900066,0,12,-12
110900067,0,0,0
110900068,10,24,-14
110900069,0,2,-2
110900070,5,5,0
110900071,0,0,0
110900073,0,3,-3
110900074,0,3,-3
110900075,0,5,-5
110900077,1,3,-2
110900078,0,15,-15
110900079,66,17,49
110900080,0,0,0
110900081,0,9,-9
110900082,0,0,0
110900083,0,0,0
110900084,0,15,-15
110900085,1,34,-33
110900086,0,0,0
110900087,0,0,0
110900088,0,0,0
110900090,0,0,0
110900091,0,0,0
110900093,0,0,0
110900095,1,5,-4
110900097,0,0,0
110900098,0,7,-7
110900099,2,29,-27
110900100,0,2,-2
110900102,0,1,-1
110900105,58,21,37
110900108,0,10,-10
110900111,7,3,4
110900112,0,0,0
110900113,0,0,0
110900115,0,0,0
110900116,10,328,-318
110900118,0,23,-23
110900119,572,10,562
110900120,0,29,-29
110900121,0,0,0
110900122,0,6,-6
110900125,1,3,-2
110900127,58,88,-30
110900128,8,25,-17
110900129,0,0,0
110900130,19,5,14
110900131,0,0,0
110900132,2,1,1
110900133,3,27,-24
110900135,6,27,-21
110900136,0,0,0
110900139,0,0,0
110900140,0,0,0
110900141,0,44,-44
110900142,1,13,-12
110900143,0,0,0
110900144,0,157,-157
110900145,5,0,5
110900146,11,0,11
110900147,41,90,-49
110900148,0,62,-62
110900149,0,11,-11
110900150,1,1,0
110900151,2,7,-5
110900152,2,47,-45
110900153,0,0,0
111000001,300,107,193
111000002,317,246,71
111000003,70,67,3
111000004,159,354,-195
111000005,66,150,-84
111000006,232,426,-194
111000007,371,326,45
111000008,1126,466,660
111000009,165,367,-202
111000010,166,92,74
111000011,324,320,4
111000012,194,118,76
111000013,101,361,-260
111000014,79,110,-31
111000017,10,107,-97
111000018,28,78,-50
111000020,474,704,-230
111000021,0,0,0
111000023,0,0,0
111000025,1058,376,682
111000029,10,27,-17
111000030,1,17,-16
111000031,36,32,4
111000032,29,20,9
111000033,0,0,0
111000034,18,135,-117
111000037,272,95,177
111000038,249,280,-31
111000039,112,311,-199
111000040,200,322,-122
111000041,78,120,-42
111000042,1112,249,863
111000043,0,0,0
111000044,0,0,0
111000045,13,29,-16
111000046,5,14,-9
111000047,86,121,-35
111000049,40,137,-97
111000050,385,529,-144
111000051,89,283,-194
111000052,124,313,-189
111000053,67,246,-179
111000054,61,296,-235
111000055,161,571,-410
111000056,20,130,-110
111000057,10,182,-172
111000058,11,28,-17
111000059,19,58,-39
111000060,55,81,-26
111000061,47,63,-16
111000062,25,56,-31
111000063,66,105,-39
111000064,32,49,-17
111000065,36,70,-34
111000066,39,57,-18
111000067,46,113,-67
111000068,41,148,-107
111000069,436,434,2
111000070,564,289,275
111000071,26,246,-220
111000072,0,0,0
111000073,0,0,0
111000074,0,0,0
111000075,0,0,0
111000076,0,0,0
111000077,90,93,-3
111000078,325,320,5
111000079,162,91,71
111000080,42,101,-59
111000081,521,347,174
111000082,101,99,2
111000084,61,126,-65
111000085,56,104,-48
111000086,73,88,-15
111000087,59,72,-13
111000088,75,88,-13
111000089,48,124,-76
111000090,300,213,87
111000091,103,130,-27
111000092,157,229,-72
111000093,23,146,-123
111000094,111,161,-50
111000095,35,354,-319
111000096,302,1270,-968
111000097,1488,239,1249
111000098,120,309,-189
111000099,52,715,-663
111000100,34,564,-530
111000101,73,168,-95
111000102,15,220,-205
111000104,0,0,0
111000107,10,176,-166
111000109,0,0,0
111000110,9,2,7
111000111,10,1,9
111000112,12,1,11
111000113,7,2,5
111000114,4,13,-9
111000115,684,99,585
111000116,28,60,-32
111000117,30,101,-71
111000118,117,54,63
111000119,55,123,-68
111000120,23,43,-20
111000121,12,40,-28
111000122,55,291,-236
111000123,66,628,-562
111000124,58,911,-853
111000125,27,396,-369
111000126,7,251,-244
111000127,0,0,0
111000128,0,0,0
111000129,0,0,0
111000130,17,65,-48
111000131,53,53,0
111000132,0,0,0
111000133,14,10,4
111000134,2,11,-9
111000135,10,43,-33
111000136,13,31,-18
111000138,0,0,0
111000140,2,0,2
111000141,15,60,-45
111000142,3,24,-21
111000143,0,32,-32
111000144,1,20,-19
111000145,0,0,0
111000146,0,0,0
111000147,0,0,0
111000148,1,10,-9
111000149,7,11,-4
111000150,0,0,0
111000151,4,7,-3
111000153,56,91,-35
111000154,22,46,-24
111000155,11,44,-33
111000156,0,0,0
111000157,0,0,0
111000158,0,0,0
111000159,0,0,0
111000160,0,0,0
111000161,0,0,0
111000162,0,31,-31
111000163,48,153,-105
111000164,160,306,-146
111000165,164,105,59
111000166,109,71,38
111000167,28,110,-82
111000168,19,39,-20
111000169,15,22,-7
111000170,24,30,-6
111000171,37,113,-76
111000172,11,86,-75
111000173,61,186,-125
111000174,0,73,-73
111000175,2,33,-31
111000176,5,29,-24
111000177,9,39,-30
111000178,60,60,0
111000179,2,42,-40
111000180,23,41,-18
111000181,44,24,20
111000182,8,26,-18
111000183,11,14,-3
111000184,29,24,5
111000185,53,112,-59
111000186,25,70,-45
111000187,12,53,-41
111000188,6,81,-75
111000189,269,69,200
111000190,44,105,-61
111000191,13,120,-107
111000192,48,144,-96
111000193,87,129,-42
111000194,6,98,-92
111000195,10,92,-82
111000196,5,76,-71
111000197,0,0,0
111000198,0,0,0
111000199,0,0,0
111000200,0,0,0
111000201,0,0,0
111000202,0,0,0
111000203,0,0,0
111000204,0,0,0
111000213,3,9,-6
111000214,74,210,-136
111000215,82,183,-101
111000217,70,116,-46
111000218,105,141,-36
111000219,63,127,-64
111000220,8,163,-155
111000221,3,0,3
111000224,146,128,18
111000225,23,50,-27
111000226,0,0,0
111000227,0,0,0
111000228,0,41,-41
111000229,3,71,-68
111000230,0,0,0
111000231,1,5,-4
111000232,43,249,-206
111000233,47,220,-173
111000234,8,79,-71
111000239,68,50,18
111000240,0,0,0
111000241,9,136,-127
111000242,0,0,0
111000243,7,351,-344
111000244,0,0,0
111000245,7,10,-3
111000246,5,5,0
111000247,36,345,-309
111000248,5,9,-4
111000249,86,241,-155
111000250,3,21,-18
111000251,0,12,-12
111000253,0,0,0
111000255,0,0,0
111000257,0,0,0
111000260,16,283,-267
111000261,11,0,11
111000271,1,59,-58
111000273,724,91,633
111000274,137,250,-113
111000275,0,0,0
111000276,37,342,-305
111000277,22,69,-47
111000278,32,27,5
111000291,18,122,-104
111000298,20,3,17
111000299,0,0,0
111000300,3,78,-75
111000302,9,3,6
111000303,13,25,-12
111000312,10,5,5
111000315,15,112,-97
111000320,25,63,-38
111000321,21,5,16
111000322,15,50,-35
111000323,2,1,1
111000324,0,0,0
111000325,0,24,-24
111000326,4,61,-57
111000327,19,42,-23
111000328,27,70,-43
111000329,3,19,-16
111000330,0,0,0
111000331,0,0,0
111000332,31,153,-122
111000334,38,447,-409
111000335,34,21,13
111000337,47,196,-149
111000338,2,31,-29
111000339,8,149,-141
111000340,5,187,-182
111000341,52,47,5
111000342,10,54,-44
111000344,107,114,-7
111000345,1,0,1
111000346,3,16,-13
111000347,12,1,11
111000350,0,2,-2
111000351,15,30,-15
111000352,0,0,0
111000353,15,22,-7
111000354,2,0,2
111000355,25,99,-74
111000358,5,338,-333
111000360,4,201,-197
111000361,1,88,-87
111000546,44,206,-162
111000547,1,67,-66
111000548,21,57,-36
111000549,1,27,-26
111000550,14,79,-65
111000551,37,8,29
111000552,1,0,1
111000907,0,2,-2
111000908,0,0,0
111000916,69,79,-10
111000917,12,77,-65
111000918,13,253,-240
111000920,0,0,0
111000921,0,162,-162
111000922,47,154,-107
111000924,6,221,-215
111000925,137,315,-178
111000926,286,898,-612
111000927,788,714,74
111000928,2253,1027,1226
111000929,68,160,-92
111000930,169,799,-630
111000931,150,281,-131
111000932,937,738,199
111000933,208,155,53
111000934,580,769,-189
111000935,35,110,-75
111000936,147,589,-442
111000937,117,59,58
111000938,297,686,-389
111000939,0,0,0
111000940,27,49,-22
111000941,2,73,-71
111000943,8,35,-27
111000944,3,68,-65
111000945,1,623,-622
111001109,1,0,1
111001110,38,259,-221
111001111,3,0,3
111001112,26,0,26
111001113,0,46,-46
111001114,0,0,0
111001115,12,64,-52
111001116,342,27,315
111001117,203,230,-27
111001120,11,65,-54
111001121,10,61,-51
111001122,13,96,-83
111001123,0,0,0
111001124,5,29,-24
111001125,0,1,-1
111900001,0,9,-9
111900002,0,13,-13
111900003,1,6,-5
111900004,2,3,-1
111900006,0,0,0
111900007,0,0,0
111900008,0,0,0
111900009,0,5,-5
111900010,24,64,-40
111900012,16,6,10
111900013,0,7,-7
111900014,468,53,415
111900015,0,0,0
111900016,0,14,-14
111900017,1,14,-13
111900018,0,0,0
111900019,0,6,-6
111900020,0,2,-2
111900021,2,8,-6
111900022,1,3,-2
111900023,11,1,10
111900024,0,11,-11
111900025,0,2,-2
111900026,0,2,-2
111900027,0,11,-11
111900028,1,64,-63
111900029,0,2,-2
111900030,0,0,0
111900031,0,4,-4
111900032,0,49,-49
111900033,0,1,-1
111900034,0,0,0
111900035,0,9,-9
111900036,0,36,-36
111900038,0,0,0
111900039,0,16,-16
111900040,3,109,-106
111900042,1,0,1
111900043,1,57,-56
111900044,0,0,0
111900046,4,17,-13
111900048,0,148,-148
111900049,0,38,-38
111900050,0,0,0
111900051,0,23,-23
111900052,32,65,-33
111900053,0,1,-1
111900054,0,0,0
111900055,1,77,-76
111900056,0,0,0
111900057,0,0,0
111900058,1,113,-112
111900059,0,0,0
111900060,0,0,0
111900061,2,24,-22
111900062,0,0,0
111900063,1,26,-25
111900064,13,41,-28
111900065,0,0,0
111900066,0,0,0
111900067,0,35,-35
111900068,0,0,0
111900069,0,0,0
111900070,0,0,0
111900071,0,26,-26
111900072,0,0,0
111900073,2,4,-2
111900074,1,7,-6
111900075,0,0,0
111900076,0,0,0
111900077,0,0,0
111900078,0,0,0
111900079,0,0,0
111900080,0,0,0
111900082,1,2,-1
111900083,0,0,0
111900084,0,0,0
111900085,0,0,0
111900086,0,0,0
111900087,0,0,0
111900088,0,0,0
111900089,0,0,0
111900090,2,0,2
111900091,1,0,1
111900092,0,0,0
111900093,0,0,0
111900094,0,0,0
111900095,1,1,0
111900096,0,0,0
111900097,0,0,0
111900098,0,0,0
111900099,0,0,0
111900100,0,0,0
111900101,0,0,0
111900102,2,69,-67
111900103,0,0,0
111900104,0,0,0
111900105,0,0,0
111900106,33,0,33
111900110,141,1,140
111900111,0,3,-3
111900112,10,2,8
111900113,0,0,0
111900118,0,0,0
111900119,0,0,0
111900122,0,0,0
111900123,0,0,0
111900124,0,2,-2
111900125,0,0,0
111900126,0,0,0
111900127,0,0,0
111900128,0,0,0
111900129,0,0,0
111900130,0,0,0
111900131,0,0,0
111900132,0,0,0
111900133,0,0,0
111900134,3,36,-33
111900135,0,0,0
111900136,0,0,0
111900137,2,0,2
111900138,0,13,-13
111900139,0,28,-28
111900140,0,0,0
111900141,0,0,0
111900142,0,0,0
111900143,0,23,-23
111900144,0,15,-15
111900145,0,26,-26
111900146,0,19,-19
111900147,3,32,-29
111900148,2,31,-29
111900149,0,10,-10
111900150,0,13,-13
111900151,0,3,-3
111900152,0,0,0
111900153,0,0,0
111900154,0,0,0
111900155,0,0,0
111900156,0,0,0
111900157,0,0,0
111900158,0,0,0
111900159,0,0,0
111900160,0,0,0
111900161,0,0,0
111900162,0,0,0
111900163,0,0,0
111900164,0,0,0
111901113,0,10,-10
111901114,0,0,0
111901115,0,0,0
111901116,0,0,0
111901117,0,0,0
111901118,0,0,0
111901119,0,0,0
111901121,3,4,-1
111901122,0,25,-25
111901123,0,29,-29
111901124,0,0,0
111901125,0,0,0
111901127,0,0,0
111901128,0,0,0
111901129,0,0,0
111901130,0,0,0
111901131,0,34,-34
111901132,0,0,0
111901133,0,0,0
111901134,0,0,0
111901135,0,0,0
111901136,0,0,0
111901137,0,0,0
111901138,0,0,0
111901139,0,0,0
111901140,0,0,0
111901141,0,0,0
111901142,0,0,0
111901143,0,0,0
111901144,0,0,0
111901145,0,0,0
111901146,0,0,0
111901147,19,0,19
111901148,0,0,0
112000001,164,139,25
112000002,191,571,-380
112000003,85,150,-65
112000004,107,373,-266
112000005,242,195,47
112000006,278,522,-244
112000007,98,133,-35
112000008,172,290,-118
112000009,526,675,-149
112000010,191,206,-15
112000011,236,530,-294
112000012,229,303,-74
112000013,1445,672,773
112000014,53,60,-7
112000015,280,458,-178
112000016,48,91,-43
112000017,126,272,-146
112000024,402,129,273
112000026,869,1244,-375
112000027,8,6,2
112000028,373,508,-135
112000029,17,34,-17
112000030,38,29,9
112000031,261,171,90
112000032,180,18,162
112000033,344,35,309
112000034,57,11,46
112000035,1,22,-21
112000036,42,30,12
112000037,16,87,-71
112000038,40,42,-2
112000039,0,0,0
112000040,3,35,-32
112000041,14,49,-35
112000042,61,67,-6
112000050,0,0,0
112000051,15,41,-26
112000054,329,203,126
112000057,46,33,13
112000058,19,32,-13
112000059,0,0,0
112000061,919,238,681
112000062,721,52,669
112000063,84,57,27
112000064,1247,1280,-33
112000065,414,468,-54
112000066,0,0,0
112000067,77,120,-43
112000068,0,0,0
112000069,52,560,-508
112000070,24,4,20
112000071,109,731,-622
112000072,34,28,6
112000073,123,303,-180
112000074,0,41,-41
112000075,7,42,-35
112000076,242,314,-72
112000077,24,152,-128
112000078,24,94,-70
112000079,71,233,-162
112000080,28,141,-113
112000081,344,342,2
112000082,21,13,8
112000083,102,247,-145
112000084,22,10,12
112000085,91,236,-145
112000086,9,8,1
112000087,26,151,-125
112000088,6,9,-3
112000089,10,69,-59
112000090,0,5,-5
112000091,91,376,-285
112000092,65,67,-2
112000093,214,374,-160
112000094,21,62,-41
112000095,69,194,-125
112000096,7,67,-60
112000097,5,2,3
112000098,106,334,-228
112000099,13,6,7
112000100,42,13,29
112000101,55,241,-186
112000102,18,10,8
112000103,42,396,-354
112000105,92,476,-384
112000106,10,8,2
112000107,0,0,0
112000108,12,129,-117
112000109,0,0,0
112000110,49,36,13
112000111,174,1278,-1104
112000112,51,39,12
112000113,226,657,-431
112000114,31,14,17
112000115,1,65,-64
112000116,7,65,-58
112000117,0,66,-66
112000118,83,161,-78
112000119,36,177,-141
112000120,18,80,-62
112000121,0,0,0
112000122,0,0,0
112000123,0,0,0
112000124,0,0,0
112000125,0,0,0
112000126,0,0,0
112000127,133,61,72
112000128,93,21,72
112000129,2,24,-22
112000130,12,21,-9
112000131,0,51,-51
112000132,9,85,-76
112000133,0,42,-42
112000134,15,119,-104
112000135,19,12,7
112000136,84,203,-119
112000137,8,9,-1
112000138,150,247,-97
112000139,0,0,0
112000140,50,212,-162
112000141,0,0,0
112000142,27,216,-189
112000143,0,0,0
112000144,35,366,-331
112000145,0,0,0
112000146,76,581,-505
112000147,0,0,0
112000148,116,494,-378
112000149,0,0,0
112000150,19,72,-53
112000151,0,5,-5
112000152,11,36,-25
112000153,0,7,-7
112000154,6,18,-12
112000155,6,1,5
112000157,55,47,8
112000158,6,25,-19
112000159,16,56,-40
112000167,3,0,3
112000169,11,18,-7
112000173,4,23,-19
112000175,1,15,-14
112000176,750,311,439
112000177,0,5,-5
112000178,1,2,-1
112000179,3,11,-8
112000180,32,89,-57
112000181,137,466,-329
112000182,15,229,-214
112000183,0,0,0
112000184,0,0,0
112000185,15,75,-60
112000187,220,376,-156
112000195,0,0,0
112000196,0,0,0
112000197,0,0,0
112000198,0,2,-2
112000199,53,18,35
112000202,0,0,0
112000216,12,13,-1
112000230,0,0,0
112000231,0,4,-4
112000256,0,0,0
112000313,2,22,-20
112000314,0,0,0
112000337,8,108,-100
112000352,11,9,2
112000392,215,91,124
112000398,50,57,-7
112000399,8,23,-15
112000400,261,610,-349
112000401,586,410,176
112000402,90,200,-110
112000403,16,53,-37
112000404,59,41,18
112000405,51,118,-67
112000406,495,647,-152
112000407,344,300,44
112000408,1890,1260,630
112000409,218,974,-756
112000410,0,0,0
112000411,196,10,186
112000412,71,15,56
112000413,113,6,107
112000414,2,13,-11
112000415,0,0,0
112000416,141,73,68
112000417,0,0,0
112000421,7,11,-4
112000422,17,28,-11
112000424,145,165,-20
112000425,70,377,-307
112000426,2,46,-44
112000427,0,0,0
112000428,0,10,-10
112000429,224,405,-181
112000430,342,651,-309
112000431,0,0,0
112000432,57,485,-428
112000433,55,32,23
112000437,0,25,-25
112900001,0,0,0
112900002,0,0,0
112900003,6,32,-26
112900004,0,54,-54
112900005,0,17,-17
112900006,0,78,-78
112900007,0,0,0
112900008,0,0,0
112900009,0,0,0
112900010,1,39,-38
112900011,8,17,-9
112900012,0,12,-12
112900013,0,0,0
112900014,0,19,-19
112900015,34,250,-216
112900016,0,22,-22
112900017,0,0,0
112900018,0,51,-51
112900019,0,9,-9
112900020,122,356,-234
112900021,0,36,-36
112900022,0,0,0
112900023,0,22,-22
112900024,3,21,-18
112900025,0,0,0
112900026,0,26,-26
112900027,0,0,0
112900028,2,5,-3
112900029,0,0,0
112900030,31,45,-14
112900031,0,0,0
112900032,1,8,-7
112900034,0,0,0
112900035,0,0,0
112900036,2,6,-4
112900037,0,0,0
112900038,0,5,-5
112900039,0,0,0
112900040,0,6,-6
112900041,66,46,20
112900042,1,46,-45
112900043,0,4,-4
112900044,14,16,-2
112900045,0,0,0
112900046,13,3,10
112900047,0,1,-1
112900049,0,7,-7
112900050,11,73,-62
112900051,41,81,-40
112900052,1,91,-90
112900053,4,41,-37
112900054,0,0,0
112900055,0,0,0
112900056,0,0,0
112900057,0,82,-82
112900058,3,0,3
112900059,4,6,-2
112900060,0,29,-29
112900061,3,4,-1
112900062,4,5,-1
112900063,0,0,0
112900064,12,10,2
112900065,0,0,0
112900066,2,1,1
112900067,30,5,25
112900068,0,0,0
112900069,101,8,93
112900071,0,0,0
112900072,3,12,-9
112900073,6,1,5
112900074,0,0,0
112900075,1,3,-2
112900076,0,0,0
112900078,0,0,0
112900079,0,0,0
112900080,0,0,0
112900081,2,3,-1
112900082,4,0,4
112900083,0,1,-1
112900084,0,0,0
112900086,0,0,0
112900087,2,0,2
112900088,0,0,0
112900089,4,0,4
112900090,0,0,0
112900091,0,0,0
112900092,0,0,0
112900093,0,0,0
112900095,0,0,0
112900096,10,0,10
112900097,1,33,-32
112900098,0,0,0
112900099,2,0,2
112900100,0,0,0
112900101,0,0,0
112900102,0,0,0
112900103,0,0,0
112900104,0,0,0
112900105,0,0,0
112900106,7,0,7
112900107,0,0,0
112900108,0,0,0
112900109,1,0,1
112900110,0,0,0
112900111,0,0,0
112900112,0,0,0
112900113,0,1,-1
112900114,0,1,-1
112900115,9,0,9
112900116,0,0,0
112900117,2,3,-1
112900118,2,4,-2
112900119,0,0,0
112900120,86,19,67
112900121,3,1,2
112900122,2,17,-15
112900123,0,0,0
112900124,0,10,-10
112900125,0,7,-7
112900126,3,26,-23
112900127,0,0,0
112900128,30,179,-149
112900129,0,209,-209
112900130,0,0,0
112900131,6,53,-47
112900132,6,43,-37
112900133,0,113,-113
112900134,0,61,-61
112900135,0,0,0
112900137,0,74,-74
112900138,1,139,-138
112900139,74,266,-192
112900141,13,1,12
112900142,0,0,0
112900143,5,100,-95
112900144,1,37,-36
112900145,4,99,-95
112900146,0,57,-57
112900147,0,545,-545
112900148,1,0,1
112900149,1,31,-30
112900151,0,0,0
112900152,336,51,285
112900153,5,1,4
112900154,0,0,0
112900155,0,0,0
112900156,1,96,-95
112900157,10,4,6
112900158,0,0,0
112900159,0,7,-7
112900160,2,13,-11
112900161,0,0,0
112900162,3,0,3
112900163,0,0,0
112900164,0,0,0
112900165,2,18,-16
112900166,0,0,0
112900167,0,0,0
112900168,0,0,0
112900169,0,0,0
112900170,0,0,0
112900172,0,0,0
112900173,8,3,5
112900174,0,0,0
112900175,0,0,0
112900176,0,0,0
112900177,0,0,0
112900178,0,0,0
112900179,1,55,-54
112900180,0,259,-259
112900181,0,0,0
112900182,0,29,-29
112900183,0,2,-2
112900184,48,59,-11
112900185,0,6,-6
112900186,104,58,46
112900187,0,0,0
112900188,174,39,135
112900189,0,1,-1
112900190,0,1,-1
112900192,25,7,18
112900193,74,20,54
112900194,0,4,-4
112900195,3,2,1
112900196,49,143,-94
112900197,12,83,-71
112900199,0,0,0
112900200,0,0,0
112900201,0,0,0
112900202,2,74,-72
112900203,0,0,0
112900204,45,14,31
112900205,0,0,0
112900206,0,5,-5
112900207,0,0,0
112900208,2,4,-2
112900209,24,46,-22
112900210,0,2,-2
112900211,0,0,0
112900212,0,0,0
112900213,0,0,0
112900214,0,0,0
112900215,0,34,-34
112900216,2,1,1
112900217,0,16,-16
112900218,0,0,0
112900219,0,2,-2
112900220,0,0,0
112900221,0,0,0
112900222,0,0,0
112900223,45,0,45
112900224,2,73,-71
112900225,7,99,-92
112900226,5,3,2
112900227,3,229,-226
112900228,0,2,-2
112900229,0,0,0
112900230,1030,145,885
112900232,4,16,-12
112900233,1,31,-30
112900234,0,4,-4
112900235,1,0,1
112900236,0,1,-1
112900237,0,65,-65
112900238,0,0,0
112900239,41,22,19
112900240,0,4,-4
112900241,1,15,-14
112900242,0,14,-14
112900243,0,13,-13
112900244,0,6,-6
112900245,1,9,-8
112900246,0,1,-1
112900247,0,2,-2
112900248,0,0,0
112900249,0,0,0
112900250,0,0,0
112900251,0,0,0
112900252,0,0,0
112900253,0,0,0
112900254,0,0,0
112900255,0,0,0
112900256,0,0,0
112900257,0,0,0
113000001,755,674,81
113000002,367,159,208
113000003,433,238,195
113000004,426,100,326
113000005,134,142,-8
113000006,52,73,-21
113000007,160,183,-23
113000008,156,70,86
113000009,97,176,-79
113000010,132,59,73
113000011,100,315,-215
113000012,115,91,24
113000013,125,92,33
113000014,73,143,-70
113000015,8,35,-27
113000016,34,93,-59
113000017,7,72,-65
113000018,5,0,5
113000019,5,141,-136
113000020,0,0,0
113000021,43,183,-140
113000022,47,355,-308
113000025,6,27,-21
113000026,6,16,-10
113000027,17,21,-4
113000028,101,65,36
113000029,0,0,0
113000030,261,211,50
113000031,215,62,153
113000032,0,0,0
113000033,0,0,0
113000034,191,115,76
113000035,3,3,0
113000036,0,0,0
113000037,12,7,5
113000038,0,0,0
113000039,7,35,-28
113000040,13,13,0
113000042,117,46,71
113000051,61,81,-20
113000052,322,58,264
113000053,10,67,-57
113000054,16,31,-15
113000055,49,76,-27
113000056,74,192,-118
113000058,131,139,-8
113000059,0,0,0
113000060,2,77,-75
113000061,47,29,18
113000062,34,0,34
113000063,0,0,0
113000064,0,0,0
113000065,19,246,-227
113000066,13,19,-6
113000067,33,77,-44
113000068,37,387,-350
113000069,49,238,-189
113000070,30,32,-2
113000071,26,134,-108
113000072,27,16,11
113000073,111,245,-134
113000074,45,27,18
113000075,71,44,27
113000076,373,259,114
113000077,0,0,0
113000078,98,301,-203
113000079,97,83,14
113000080,2,4,-2
113000081,0,0,0
113000082,134,116,18
113000083,0,0,0
113000084,198,102,96
113000085,15,21,-6
113000086,94,133,-39
113000087,21,5,16
113000088,384,163,221
113000089,14,39,-25
113000090,2,29,-27
113000091,229,59,170
113000094,14,16,-2
113000095,53,292,-239
113000096,31,201,-170
113000097,23,7,16
113000098,0,0,0
113000099,19,14,5
113000100,28,130,-102
113000101,59,95,-36
113000102,10,4,6
113000103,231,167,64
113000104,0,0,0
113000105,0,0,0
113000106,27,90,-63
113000107,24,26,-2
113000108,116,264,-148
113000109,70,148,-78
113000110,0,0,0
113000111,10,30,-20
113000112,1,0,1
113000113,0,0,0
113000114,74,117,-43
113000116,27,3,24
113000117,31,1,30
113000118,0,6,-6
113000119,7,13,-6
113000120,0,0,0
113000121,9,41,-32
113000124,0,0,0
113000125,0,0,0
113000127,562,83,479
113000128,0,0,0
113000129,370,238,132
113000133,875,147,728
113000134,4,88,-84
113000135,26,34,-8
113000137,0,0,0
113000139,0,0,0
113000140,65,99,-34
113000141,0,0,0
113000142,66,87,-21
113000143,0,0,0
113000144,57,73,-16
113000145,0,0,0
113000146,27,44,-17
113000147,17,66,-49
113000148,0,0,0
113000149,1,1,0
113000150,102,50,52
113000151,84,25,59
113000152,0,1,-1
113000153,151,24,127
113000154,72,149,-77
113000155,73,46,27
113000156,17,50,-33
113000157,25,80,-55
113000158,159,64,95
113000159,223,128,95
113000160,99,143,-44
113000161,3,17,-14
113000162,197,75,122
113000163,0,0,0
113000164,42,31,11
113000166,0,0,0
113000167,21,127,-106
113000168,13,78,-65
113000169,0,0,0
113000170,0,0,0
113000171,34,55,-21
113000172,0,0,0
113000173,0,0,0
113000174,48,285,-237
113000175,0,0,0
113000176,0,0,0
113000177,21,241,-220
113000178,21,192,-171
113000179,0,0,0
113000180,37,123,-86
113000181,117,196,-79
113000182,17,16,1
113000183,40,155,-115
113000184,5,41,-36
113000189,25,39,-14
113000190,88,10,78
113000192,532,225,307
113000193,424,145,279
113000194,231,170,61
113000195,103,52,51
113000196,12,12,0
113000197,74,40,34
113000198,6,17,-11
113000199,1,0,1
113000201,5,23,-18
113000202,366,78,288
113000203,0,0,0
113000204,265,190,75
113000205,5,15,-10
113000206,0,0,0
113000207,10,5,5
113000208,0,0,0
113000209,9,10,-1
113000210,0,0,0
113000211,28,7,21
113000212,24,0,24
113000213,0,12,-12
113000214,13,43,-30
113000234,17,281,-264
113000410,7,0,7
113000411,337,578,-241
113000412,2116,388,1728
113000413,876,331,545
113000414,1565,402,1163
113000415,626,636,-10
113000416,2352,738,1614
113000417,411,489,-78
113000418,381,409,-28
113000419,225,218,7
113000420,957,407,550
113000421,289,278,11
113000422,3427,579,2848
113000423,1146,556,590
113000424,1106,612,494
113000425,5,43,-38
113000428,9,9,0
113000430,3,2,1
113000432,23,1,22
113000433,45,202,-157
113000434,2,133,-131
113000435,4,195,-191
113000436,28,298,-270
113000437,0,0,0
113000438,0,0,0
113000439,1,59,-58
113000440,0,0,0
113000441,0,0,0
113000442,20,71,-51
113000443,0,0,0
113000444,10,89,-79
113000445,0,0,0
113000446,2,34,-32
113000448,55,40,15
113000449,0,0,0
113000450,13,7,6
113000451,261,24,237
113000452,0,0,0
113000453,51,71,-20
113000454,0,0,0
113000455,15,36,-21
113000456,154,89,65
113000468,61,5,56
113000469,21,2,19
113000470,0,0,0
113000471,0,0,0
113000472,0,0,0
113000474,19,108,-89
113000475,163,241,-78
113000476,118,411,-293
113000477,279,519,-240
113000478,463,688,-225
113000479,0,104,-104
113000483,0,1,-1
113000484,0,0,0
113000485,0,0,0
113000486,0,0,0
113000487,0,0,0
113000488,0,0,0
113000489,0,0,0
113000490,0,0,0
113000491,0,0,0
113000492,0,0,0
113000493,0,0,0
113000495,36,64,-28
113000496,0,0,0
113000499,0,0,0
113900001,0,0,0
113900002,0,0,0
113900003,0,0,0
113900004,0,0,0
113900005,0,0,0
113900006,0,0,0
113900007,0,0,0
113900008,0,0,0
113900009,0,0,0
113900010,0,0,0
113900011,0,0,0
113900012,0,0,0
113900013,0,0,0
113900014,1,1,0
113900015,0,6,-6
113900016,0,0,0
113900017,0,0,0
113900018,12,4,8
113900019,0,1,-1
113900020,0,0,0
113900022,0,0,0
113900023,0,0,0
113900024,0,1,-1
113900025,0,0,0
113900026,0,0,0
113900027,0,0,0
113900028,0,0,0
113900029,0,7,-7
113900030,0,0,0
113900031,0,0,0
113900032,0,0,0
113900033,0,3,-3
113900035,0,0,0
113900036,0,0,0
113900037,0,0,0
113900038,3,1,2
113900039,0,0,0
113900040,0,0,0
113900041,0,0,0
113900042,0,0,0
113900043,3,6,-3
113900044,0,0,0
113900045,0,0,0
113900046,17,45,-28
113900047,0,0,0
113900048,26,2,24
113900049,32,2,30
113900050,22,15,7
113900051,4,29,-25
113900052,0,0,0
113900053,0,0,0
113900054,0,0,0
113900055,0,33,-33
113900056,0,0,0
113900057,4,11,-7
113900058,1,16,-15
113900059,2,14,-12
113900060,0,0,0
113900061,0,0,0
113900062,0,0,0
113900063,0,0,0
113900064,1,7,-6
113900065,0,0,0
113900066,4,20,-16
113900067,0,0,0
113900068,0,0,0
113900069,0,0,0
113900070,7,34,-27
113900071,0,0,0
113900072,1,14,-13
113900073,5,24,-19
113900074,0,0,0
113900075,0,0,0
113900076,0,0,0
113900077,0,26,-26
113900078,0,0,0
113900079,0,4,-4
113900080,0,0,0
113900081,0,8,-8
113900082,0,17,-17
113900083,0,0,0
113900084,0,0,0
113900085,0,40,-40
113900086,0,0,0
113900087,0,0,0
113900088,0,0,0
113900089,0,0,0
113900090,0,0,0
113900091,0,0,0
113900092,0,5,-5
113900093,2,34,-32
113900094,0,0,0
113900095,0,0,0
113900096,0,0,0
113900097,0,8,-8
113900098,0,0,0
113900099,0,0,0
113900100,0,0,0
113900101,1,4,-3
113900102,0,6,-6
113900103,0,0,0
113900104,0,0,0
113900105,0,19,-19
113900106,0,0,0
113900107,0,0,0
113900108,0,9,-9
113900109,0,2,-2
113900110,0,0,0
113900111,0,0,0
113900112,3,2,1
113900113,2,4,-2
113900114,0,0,0
113900115,0,0,0
113900116,0,2,-2
113900117,0,0,0
113900118,0,0,0
113900119,0,0,0
113900120,0,0,0
113900121,0,0,0
113900122,0,0,0
113900123,3,0,3
113900124,0,0,0
113900125,5,9,-4
113900126,3,3,0
113900127,1,15,-14
113900128,0,0,0
113900129,0,0,0
113900130,0,0,0
113900131,3,3,0
113900132,0,0,0
113900133,0,5,-5
113900135,13,74,-61
113900136,5,5,0
113900137,3,6,-3
113900138,0,0,0
113900139,77,3,74
113900140,0,0,0
113900141,4,27,-23
113900142,3,4,-1
113900143,0,2,-2
113900144,1,0,1
113900145,1,12,-11
113900146,1,0,1
113900148,2,4,-2
113900149,0,0,0
113900150,191,53,138
113900151,4,10,-6
113900152,0,0,0
113900153,42,31,11
113900154,0,0,0
113900155,18,12,6
113900156,36,87,-51
113900157,0,2,-2
113900158,26,7,19
113900159,0,0,0
113900160,35,100,-65
113900161,0,6,-6
113900162,29,12,17
113900163,11,14,-3
113900164,0,0,0
113900165,50,65,-15
113900166,3,1,2
113900167,0,0,0
113900168,14,6,8
113900169,16,77,-61
113900171,0,0,0
113900172,2,19,-17
113900173,2,53,-51
113900174,15,97,-82
113900175,0,0,0
113900176,22,118,-96
113900177,7,5,2
113900178,0,0,0
113900179,0,60,-60
113900180,5,2,3
113900181,0,0,0
113900182,28,105,-77
113900183,1,6,-5
113900184,4,64,-60
113900185,14,1,13
113900186,0,1,-1
113900187,0,10,-10
113900188,0,6,-6
113900189,0,0,0
113900190,31,15,16
113900191,2,3,-1
113900192,0,0,0
113900193,0,24,-24
113900194,76,56,20
113900195,55,44,11
113900196,1,11,-10
113900197,0,20,-20
113900198,1,9,-8
113900199,29,42,-13
113900200,1,15,-14
113900201,0,32,-32
113900202,0,8,-8
113900203,0,31,-31
113900204,1,35,-34
113900205,1,6,-5
113900206,0,8,-8
113900207,0,0,0
113900208,0,1,-1
113900209,0,6,-6
113900210,32,19,13
113900211,0,0,0
113900212,0,50,-50
113900214,37,43,-6
113900215,0,9,-9
113900216,1,48,-47
113900217,0,0,0
113900218,0,0,0
113900219,1,38,-37
113900220,0,0,0
113900221,0,0,0
113900222,0,1,-1
113900223,2,50,-48
113900224,8,5,3
113900225,0,0,0
113900226,0,0,0
113900227,1,1,0
113900228,10,5,5
113900229,0,2,-2
113900230,117,23,94
113900231,0,3,-3
113900232,1,9,-8
113900233,2,0,2
113900234,3,5,-2
113900235,0,0,0
113900236,0,0,0
113900237,0,0,0
113900238,3,6,-3
113900239,1,0,1
113900240,0,1,-1
113900241,3,4,-1
113900242,0,4,-4
113900243,3,25,-22
113900244,44,14,30
113900245,94,11,83
113900246,0,0,0
113900247,0,0,0
113900248,173,18,155
113900249,0,0,0
113900250,0,0,0
113900251,1,16,-15
113900252,0,0,0
113900253,0,0,0
113900254,0,0,0
113900255,0,0,0
113900256,0,0,0
113900257,7,65,-58
113900258,0,63,-63
113900259,1,28,-27
113900260,0,4,-4
113900261,0,16,-16
113900262,0,48,-48
113900263,2,27,-25
113900264,0,53,-53
113900265,12,27,-15
113900266,1,51,-50
113900267,5,26,-21
113900268,4,1,3
113900269,0,11,-11
113900270,14,48,-34
113900271,22,197,-175
113900273,0,0,0
113900274,0,0,0
113900275,0,0,0
113900276,0,19,-19
113900277,0,0,0
113900278,7,11,-4
113900279,3,11,-8
113900280,35,25,10
113900281,4,36,-32
113900282,21,1,20
113900283,0,0,0
113900284,0,8,-8
113900285,0,1,-1
113900286,0,0,0
113900287,0,4,-4
113900288,0,9,-9
113900289,71,2,69
113900290,33,4,29
113900291,8,11,-3
113900292,0,0,0
113900293,0,22,-22
113900294,0,0,0
113900295,15,7,8
113900296,4,1,3
113900297,0,0,0
113900298,1,241,-240
113900299,0,0,0
113900300,187,5,182
113900301,0,0,0
113900302,0,0,0
113900303,33,4,29
113900304,0,21,-21
113900305,0,0,0
113900306,0,0,0
113900307,0,0,0
113900308,3,4,-1
113900309,0,94,-94
113900310,0,0,0
113900311,0,0,0
113900312,0,0,0
113900313,0,0,0
114000001,182,491,-309
114000002,0,0,0
114000003,0,2,-2
114000004,12,23,-11
114000005,3,1,2
114000006,183,283,-100
114000007,34,190,-156
114000008,109,120,-11
114000009,7,7,0
114000011,331,428,-97
114000012,171,460,-289
114000013,140,388,-248
114000014,88,93,-5
114000015,57,73,-16
114000016,26,75,-49
114000017,26,15,11
114000018,63,6,57
114000026,84,324,-240
114000027,142,364,-222
114000028,276,299,-23
114000038,2,5,-3
114000039,13,16,-3
114000040,13,36,-23
114000042,12,43,-31
114000043,0,13,-13
114000044,3,7,-4
114000045,2,16,-14
114000046,258,600,-342
114000047,0,1,-1
114000048,3,4,-1
114000049,20,34,-14
114000050,31,43,-12
114000051,124,92,32
114000052,68,50,18
114000053,0,3,-3
114000054,1,8,-7
114000055,4,2,2
114000056,123,86,37
114000057,1244,384,860
114000058,22,8,14
114000059,13,28,-15
114000060,78,145,-67
114000061,136,18,118
114000062,34,13,21
114000063,471,404,67
114000064,1366,324,1042
114000065,251,357,-106
114000066,32,122,-90
114000067,0,0,0
114000068,22,23,-1
114000069,28,17,11
114000070,63,17,46
114000071,8,32,-24
114000072,6,25,-19
114000073,0,0,0
114000074,5,2,3
114000075,0,0,0
114000076,0,0,0
114000077,0,0,0
114000078,2,36,-34
114000079,9,8,1
114000080,1,1,0
114000081,0,0,0
114000082,16,131,-115
114000083,8,32,-24
114000084,7,3,4
114000085,20,135,-115
114000086,13,107,-94
114000087,0,39,-39
114000088,0,0,0
114000089,98,36,62
114000090,12,6,6
114000091,86,40,46
114000092,74,35,39
114000093,16,66,-50
114000094,32,34,-2
114000095,0,0,0
114000096,8,90,-82
114000097,6,101,-95
114000098,0,0,0
114000099,7,71,-64
114000100,6,44,-38
114000101,17,179,-162
114000102,0,0,0
114000103,5,34,-29
114000104,0,10,-10
114000105,2,11,-9
114000106,55,27,28
114000107,17,8,9
114000108,505,251,254
114000109,0,0,0
114000110,41,289,-248
114000111,0,0,0
114000112,48,415,-367
114000113,0,0,0
114000114,179,370,-191
114000115,0,0,0
114000116,34,37,-3
114000117,54,20,34
114000118,65,7,58
114000119,67,7,60
114000120,117,216,-99
114000121,65,113,-48
114000122,73,79,-6
114000123,6,17,-11
114000124,1,6,-5
114000125,120,402,-282
114000126,9,1,8
114000127,8,33,-25
114000128,43,76,-33
114000130,0,0,0
114000131,0,0,0
114000132,125,142,-17
114000133,124,186,-62
114000134,0,11,-11
114000138,12,15,-3
114000139,0,0,0
114000144,0,0,0
114000145,6,16,-10
114000146,3,17,-14
114000147,0,0,0
114000148,42,3,39
114000149,2,20,-18
114000150,126,112,14
114000151,8,2,6
114000152,0,7,-7
114000153,115,166,-51
114000154,59,109,-50
114000155,34,57,-23
114000156,12,23,-11
114000157,11,94,-83
114000158,281,99,182
114000159,32,26,6
114000160,3,17,-14
114000161,30,10,20
114000162,3,10,-7
114000163,0,13,-13
114000165,0,0,0
114000166,64,8,56
114000167,417,205,212
114000168,90,158,-68
114000169,171,60,111
114000170,50,73,-23
114000171,55,62,-7
114000174,23,82,-59
114000176,74,72,2
114000177,333,157,176
114000178,0,0,0
114000179,24,2,22
114000180,68,107,-39
114000181,129,250,-121
114000182,763,651,112
114000183,290,304,-14
114000184,1120,480,640
114000185,16,16,0
114000189,0,0,0
114000190,0,0,0
114000191,0,0,0
114000192,81,345,-264
114000193,239,836,-597
114000194,209,268,-59
114000195,0,0,0
114000196,0,98,-98
114000197,0,32,-32
114000198,182,92,90
114000199,205,108,97
114000200,50,429,-379
114000201,18,194,-176
114000202,120,152,-32
114000203,59,181,-122
114000204,6,83,-77
114000205,4,284,-280
114000206,49,315,-266
114000207,165,631,-466
114000208,54,673,-619
114000209,111,927,-816
114000210,70,480,-410
114000211,51,154,-103
114000212,56,144,-88
114000213,207,40,167
114000214,6,32,-26
114000215,1,26,-25
114000216,51,0,51
114000217,1,58,-57
114000218,3,30,-27
114000219,40,66,-26
114000220,3,450,-447
114000221,30,20,10
114000222,12,298,-286
114000223,0,0,0
114000224,25,176,-151
114000225,39,175,-136
114000226,4,64,-60
114000227,44,89,-45
114000228,20,65,-45
114000229,80,223,-143
114000230,44,80,-36
114000231,158,304,-146
114000232,12,13,-1
114000233,29,2,27
114000234,29,68,-39
114000235,132,306,-174
114000236,2,317,-315
114000237,35,291,-256
114000238,0,4,-4
114000239,5,262,-257
114000240,163,181,-18
114000241,35,353,-318
114000242,185,242,-57
114000243,77,75,2
114000244,0,1,-1
114000245,65,267,-202
114000246,36,13,23
114000247,23,47,-24
114000248,49,55,-6
114000249,32,46,-14
114000250,87,76,11
114000251,11,72,-61
114000252,14,9,5
114000253,0,0,0
114000254,0,14,-14
114000255,51,24,27
114000256,11,14,-3
114000257,72,619,-547
114000258,22,77,-55
114000259,6,73,-67
114000260,0,44,-44
114000261,11,2,9
114000262,3,55,-52
114000263,0,0,0
114000264,15,36,-21
114000265,0,1,-1
114000267,2,328,-326
114000268,0,473,-473
114000270,0,0,0
114000271,29,15,14
114000283,28,58,-30
114000285,13,83,-70
114000288,4,132,-128
114000289,53,21,32
114000293,10,107,-97
114000294,4,8,-4
114000395,60,2,58
114000396,0,0,0
114000402,12,17,-5
114000403,12,16,-4
114000405,5,135,-130
114000423,4,107,-103
114000424,16,27,-11
114000425,17,140,-123
114000426,0,0,0
114000427,12,32,-20
114000428,0,0,0
114000429,1,40,-39
114000432,0,0,0
114000434,7,24,-17
114000435,0,24,-24
114900001,0,0,0
114900002,0,0,0
114900003,0,0,0
114900004,0,0,0
114900005,0,0,0
114900006,0,0,0
114900007,0,0,0
114900008,0,0,0
114900010,4,0,4
114900011,0,0,0
114900013,0,0,0
114900015,0,0,0
114900018,0,0,0
114900020,0,0,0
114900022,0,13,-13
114900024,0,0,0
114900025,0,0,0
114900026,0,0,0
114900027,0,0,0
114900029,0,0,0
114900030,0,0,0
114900031,0,0,0
114900032,0,0,0
114900033,0,0,0
114900034,5,30,-25
114900035,2,9,-7
114900036,5,117,-112
114900037,7,18,-11
114900038,3,103,-100
114900039,19,81,-62
114900040,3,5,-2
114900041,18,79,-61
114900042,19,98,-79
114900043,74,9,65
114900044,0,0,0
114900046,1,13,-12
114900047,0,67,-67
114900048,0,12,-12
114900049,3,17,-14
114900050,2,82,-80
114900051,1,61,-60
114900052,4,20,-16
114900053,0,17,-17
114900054,5,14,-9
114900057,0,0,0
114900058,0,25,-25
114900059,0,0,0
114900060,30,14,16
114900061,1,12,-11
114900062,6,12,-6
114900063,0,19,-19
114900064,12,49,-37
114900065,6,41,-35
114900067,0,34,-34
114900068,12,21,-9
114900069,5,6,-1
114900070,0,0,0
114900072,1,30,-29
114900073,0,37,-37
114900074,0,0,0
114900075,0,0,0
114900076,0,48,-48
114900080,0,0,0
114900082,0,47,-47
114900083,0,38,-38
114900090,0,0,0
114900091,4,9,-5
114900095,44,4,40
114900096,4,26,-22
114900097,0,0,0
114900098,0,0,0
114900099,0,0,0
115000001,1903,1745,158
115000002,294,197,97
115000003,561,1107,-546
115000004,237,260,-23
115000005,358,1028,-670
115000006,40,137,-97
115000007,0,1,-1
115000008,21,52,-31
115000009,13,7,6
115000010,0,0,0
115000013,9,47,-38
115000015,47,71,-24
115000016,110,36,74
115000019,2,32,-30
115000020,0,0,0
115000021,51,98,-47
115000022,92,103,-11
115000023,30,2,28
115000024,226,144,82
115000025,27,5,22
115000026,38,96,-58
115000027,17,5,12
115000028,12,193,-181
115000029,16,0,16
115000030,26,237,-211
115000031,65,2,63
115000032,1,108,-107
115000033,0,0,0
115000034,6,209,-203
115000035,0,0,0
115000036,2,87,-85
115000037,0,0,0
115000038,0,0,0
115000039,98,75,23
115000040,534,316,218
115000041,42,204,-162
115000042,27,60,-33
115000043,223,652,-429
115000044,928,1200,-272
115000045,277,730,-453
115000046,39,298,-259
115000047,112,229,-117
115000048,262,1016,-754
115000049,314,732,-418
115000050,273,150,123
115000051,438,134,304
115000052,1037,535,502
115000053,236,154,82
115000054,111,220,-109
115000055,13,137,-124
115000056,0,12,-12
115000057,12,109,-97
115000058,1,28,-27
115000059,2,119,-117
115000061,0,0,0
115000062,7,63,-56
115000063,24,83,-59
115000064,0,0,0
115000065,29,43,-14
115000067,0,0,0
115000069,1,61,-60
115000070,3,62,-59
115000071,0,0,0
115000072,8,2,6
115000073,132,1,131
115000075,2,4,-2
115000076,453,385,68
115000077,120,503,-383
115000078,68,297,-229
115000079,80,423,-343
115000080,116,543,-427
115000081,34,65,-31
115000082,273,427,-154
115000083,189,533,-344
115000084,0,0,0
115000085,33,241,-208
115000086,0,0,0
115000087,78,257,-179
115000088,0,0,0
115000089,525,466,59
115000090,44,34,10
115000091,25,243,-218
115000092,11,64,-53
115000093,0,0,0
115000094,936,449,487
115000095,713,878,-165
115000096,39,392,-353
115000097,22,198,-176
115000098,47,283,-236
115000099,51,428,-377
115000100,20,22,-2
115000101,64,488,-424
115000102,19,29,-10
115000103,76,221,-145
115000105,0,0,0
115000106,8,11,-3
115000107,20,200,-180
115000108,870,771,99
115000109,187,86,101
115000110,203,100,103
115000111,90,240,-150
115000112,34,78,-44
115000113,57,131,-74
115000114,256,139,117
115000116,238,127,111
115000117,113,150,-37
115000118,68,233,-165
115000119,201,155,46
115000120,56,166,-110
115000121,467,143,324
115000122,515,165,350
115000123,155,140,15
115000124,78,144,-66
115000125,42,51,-9
115000126,5,31,-26
115000127,25,37,-12
115000128,51,80,-29
115000129,2,22,-20
115000130,8,157,-149
115000131,11,25,-14
115000132,7,91,-84
115000133,7,48,-41
115000134,6,31,-25
115000135,4,19,-15
115000136,0,0,0
115000137,9,46,-37
115000138,0,0,0
115000139,40,55,-15
115000140,0,0,0
115000141,9,65,-56
115000142,8,56,-48
115000143,2,0,2
115000144,6,2,4
115000145,11,136,-125
115000146,0,0,0
115000147,6,69,-63
115000148,30,116,-86
115000149,7,8,-1
115000150,80,110,-30
115000151,17,3,14
115000152,41,213,-172
115000153,17,3,14
115000154,9,1,8
115000155,59,154,-95
115000156,5,0,5
115000157,46,72,-26
115000158,16,10,6
115000159,13,2,11
115000160,0,0,0
115000161,25,48,-23
115000162,0,0,0
115000163,110,161,-51
115000164,126,121,5
115000165,0,0,0
115000167,0,0,0
115000168,0,0,0
115000169,122,192,-70
115000170,40,64,-24
115000171,0,0,0
115000172,150,44,106
115000173,0,0,0
115000174,0,0,0
115000175,12,37,-25
115000176,0,0,0
115000177,1,22,-21
115000178,0,37,-37
115000179,0,0,0
115000180,3,124,-121
115000181,0,0,0
115000182,0,0,0
115000183,21,185,-164
115000186,29,32,-3
115000187,8,150,-142
115000188,102,36,66
115000189,32,78,-46
115000190,67,54,13
115000191,21,50,-29
115000194,20,35,-15
115000195,0,0,0
115000196,0,0,0
115000197,4,37,-33
115000198,0,0,0
115000199,1,39,-38
115000200,0,0,0
115000201,23,61,-38
115000206,0,0,0
115000207,5,87,-82
115000208,56,194,-138
115000209,34,20,14
115000210,1,10,-9
115000211,39,50,-11
115000212,255,84,171
115000224,0,0,0
115000225,0,0,0
115000229,0,0,0
115000230,0,0,0
115000231,19,612,-593
115000232,39,53,-14
115000233,9,92,-83
115000234,0,0,0
115000241,0,0,0
115000242,0,0,0
115000243,0,0,0
115000244,0,0,0
115000246,0,0,0
115000247,0,0,0
115000248,0,0,0
115000249,0,0,0
115000250,8,2,6
115000251,0,0,0
115000252,0,0,0
115000253,0,0,0
115000258,0,0,0
115000259,0,0,0
115000261,0,0,0
115000262,0,0,0
115000263,0,0,0
115000264,0,0,0
115000267,0,0,0
115000268,3,3,0
115000269,0,0,0
115000270,0,0,0
115000272,0,0,0
115000273,0,0,0
115000280,0,0,0
115000281,40,16,24
115000282,40,11,29
115000284,75,44,31
115000296,0,0,0
115000297,0,0,0
115000298,6,4,2
115000300,1,48,-47
115000302,0,0,0
115000303,0,0,0
115000304,0,0,0
115000305,10,172,-162
115000306,9,123,-114
115000307,2,59,-57
115000308,0,0,0
115000309,0,0,0
115000310,70,249,-179
115000311,0,0,0
115000313,29,111,-82
115000314,0,0,0
115000315,296,108,188
115000316,0,0,0
115000317,7,144,-137
115000318,69,22,47
115000319,4,82,-78
115000320,8,26,-18
115000321,45,3,42
115000322,4,78,-74
115000449,0,0,0
115000557,0,11,-11
115000558,0,0,0
115000587,6,4,2
115000588,759,1422,-663
115000589,609,367,242
115000590,101,444,-343
115000591,47,60,-13
115000592,127,464,-337
115000593,101,44,57
115000594,242,440,-198
115000609,1,3,-2
115000617,117,35,82
115000624,0,0,0
115000633,11,494,-483
115000634,443,91,352
115000635,14,5,9
115000638,0,0,0
115000641,0,0,0
115000642,18,42,-24
115000643,14,83,-69
115000644,8,87,-79
115000646,102,130,-28
115000647,20,89,-69
115000648,53,360,-307
115000893,357,86,271
115000894,29,408,-379
115000895,97,418,-321
115000896,103,16,87
115000897,67,3,64
115000898,86,22,64
115000899,124,100,24
115000900,9,20,-11
115000901,14,20,-6
115000912,11,1,10
115000913,0,0,0
115000915,0,0,0
115000916,0,0,0
115000917,0,0,0
115000918,0,0,0
115000919,0,0,0
115000920,1,4,-3
115000921,78,4,74
115000922,58,40,18
115000923,65,291,-226
115000925,3,12,-9
115000927,0,0,0
115000933,29,13,16
115000934,0,0,0
115000935,0,0,0
115000936,0,0,0
115000937,112,10,102
115000938,22,12,10
115000939,20,20,0
115000940,0,0,0
115000941,0,0,0
115000942,0,0,0
115000943,14,9,5
115000944,0,3,-3
115900001,0,0,0
115900002,0,0,0
115900003,0,0,0
115900004,0,0,0
115900005,0,0,0
115900006,0,0,0
115900008,0,0,0
115900009,0,0,0
115900010,0,0,0
115900011,5,6,-1
115900012,0,0,0
115900013,0,0,0
115900014,9,12,-3
115900015,0,0,0
115900016,0,0,0
115900017,0,0,0
115900018,5,5,0
115900019,0,0,0
115900020,0,0,0
115900021,65,2,63
115900022,0,0,0
115900023,0,0,0
115900025,0,0,0
115900026,0,0,0
115900027,0,3,-3
115900028,24,1,23
115900029,0,45,-45
115900030,0,0,0
115900031,0,0,0
115900032,0,0,0
115900033,0,0,0
115900034,2,35,-33
115900035,0,0,0
115900036,3,4,-1
115900037,0,29,-29
115900038,0,0,0
115900039,0,0,0
115900041,0,0,0
115900042,0,0,0
115900043,0,0,0
115900044,0,0,0
115900046,4,8,-4
115900047,0,0,0
115900049,0,0,0
115900051,0,14,-14
115900052,1,24,-23
115900053,0,0,0
115900054,1,5,-4
115900055,0,10,-10
115900056,0,0,0
115900057,0,0,0
115900058,1,2,-1
115900060,0,0,0
115900061,0,0,0
115900062,0,23,-23
115900063,3,0,3
115900064,0,0,0
115900065,0,0,0
115900066,7,7,0
115900067,0,94,-94
115900068,297,3,294
115900069,0,0,0
115900070,0,0,0
115900071,0,11,-11
115900072,8,9,-1
115900073,0,0,0
115900074,0,38,-38
115900075,0,0,0
115900076,0,0,0
115900077,0,39,-39
115900078,0,0,0
115900079,0,0,0
115900080,0,0,0
115900081,2,9,-7
115900082,0,0,0
115900084,0,0,0
115900085,0,5,-5
115900086,0,0,0
115900088,0,5,-5
115900089,2,49,-47
115900090,0,0,0
115900091,0,3,-3
115900092,0,7,-7
115900093,0,1,-1
115900094,0,30,-30
115900096,0,3,-3
115900097,1,43,-42
115900098,0,19,-19
115900099,0,0,0
115900100,0,0,0
115900101,7,11,-4
115900102,0,0,0
115900103,3,10,-7
115900104,0,0,0
115900105,0,0,0
115900106,0,0,0
115900107,0,0,0
115900108,0,0,0
115900109,0,0,0
115900110,0,0,0
115900111,0,14,-14
115900112,0,0,0
115900113,0,0,0
115900114,0,23,-23
115900115,0,3,-3
115900116,0,0,0
115900117,0,0,0
115900118,0,60,-60
115900119,2,1,1
115900120,0,0,0
115900121,0,0,0
115900124,0,0,0
115900125,0,0,0
115900126,0,0,0
115900127,0,0,0
115900128,0,0,0
115900129,0,0,0
115900130,0,0,0
115900131,0,0,0
115900132,0,0,0
115900134,0,0,0
115900135,0,0,0
115900137,0,0,0
115900139,4,0,4
115900140,0,0,0
115900141,0,1,-1
115900142,0,0,0
115900143,1,10,-9
115900144,0,5,-5
115900146,0,0,0
115900147,0,0,0
115900148,0,0,0
115900149,0,4,-4
115900150,0,0,0
115900151,0,0,0
115900152,0,0,0
115900153,0,0,0
115900154,0,0,0
115900155,0,0,0
115900156,0,0,0
115900157,0,0,0
115900158,0,0,0
115900159,0,0,0
115900160,0,0,0
115900161,0,0,0
115900163,0,0,0
115900164,0,4,-4
115900166,0,0,0
115900168,0,0,0
115900171,0,0,0
115900172,0,0,0
115900173,0,0,0
115900174,0,0,0
115900175,2,3,-1
115900178,3,101,-98
115900179,0,0,0
115900180,0,0,0
115900181,0,15,-15
115900182,3,12,-9
115900183,4,0,4
115900184,0,0,0
115900187,0,0,0
115900189,0,0,0
115900190,0,0,0
115900191,0,0,0
115900192,0,0,0
115900193,0,0,0
115900194,0,0,0
115900195,0,0,0
115900198,0,0,0
115900199,0,0,0
115900200,0,0,0
115900201,0,0,0
115900202,0,0,0
115900203,0,0,0
115900204,0,0,0
115900205,0,0,0
115900206,0,5,-5
115900207,0,0,0
115900208,0,0,0
115900209,0,0,0
115900210,0,0,0
115900211,0,0,0
115900212,0,4,-4
115900213,0,0,0
115900214,1,15,-14
115900215,0,0,0
115900216,0,22,-22
115900217,0,17,-17
115900218,0,7,-7
115900219,0,0,0
115900220,0,0,0
115900221,0,0,0
115900222,0,0,0
115900223,0,0,0
115900224,0,0,0
115900225,0,0,0
115900226,0,0,0
115900227,0,0,0
115900228,0,0,0
115900229,0,0,0
115900230,0,0,0
115900231,0,0,0
115900232,0,0,0
115900233,0,0,0
115900234,0,0,0
115900235,0,1,-1
115900236,0,0,0
115900237,0,12,-12
115900238,0,7,-7
115900239,0,12,-12
115900240,1,14,-13
115900241,1,2,-1
115900242,1,2,-1
115900243,0,0,0
115900244,0,0,0
115900245,0,0,0
115900246,0,0,0
115900247,0,0,0
115900248,0,0,0
115900249,0,0,0
115900250,0,0,0
115900251,0,0,0
115900252,0,0,0
115900253,0,0,0
115900254,0,0,0
115900255,0,0,0
115900256,0,0,0
115900257,0,0,0
115900258,0,0,0
115900259,0,0,0
115900260,0,0,0
115900261,0,0,0
115900262,0,0,0
115900263,0,0,0
115900264,0,0,0
115900265,0,0,0
115900266,0,0,0
115900267,0,0,0
115900268,0,0,0
115900269,1,5,-4
115900270,0,0,0
115900271,0,0,0
115900272,0,0,0
115900273,0,0,0
115900274,0,0,0
115900275,0,0,0
115900276,0,0,0
115900277,0,0,0
115900278,0,5,-5
115900279,2,16,-14
115900280,0,9,-9
115900281,0,5,-5
115900282,0,0,0
115900283,0,0,0
115900284,0,0,0
116000001,4163,656,3507
116000002,523,206,317
116000003,306,304,2
116000004,455,90,365
116000005,217,427,-210
116000006,208,108,100
116000007,716,680,36
116000008,377,348,29
116000009,134,400,-266
116000010,121,47,74
116000011,92,108,-16
116000012,73,117,-44
116000013,4456,808,3648
116000014,549,130,419
116000015,50,199,-149
116000016,222,48,174
116000017,8,86,-78
116000018,42,12,30
116000019,39,54,-15
116000020,10,41,-31
116000021,23,86,-63
116000022,16,19,-3
116000023,9,42,-33
116000024,46,94,-48
116000025,39,32,7
116000026,73,266,-193
116000027,29,70,-41
116000028,0,0,0
116000029,145,61,84
116000030,0,0,0
116000031,19,32,-13
116000032,9,79,-70
116000033,0,65,-65
116000034,9,96,-87
116000035,44,78,-34
116000036,83,39,44
116000037,0,0,0
116000038,0,0,0
116000039,58,35,23
116000040,0,0,0
116000041,7,73,-66
116000042,0,0,0
116000043,6,130,-124
116000044,7,8,-1
116000045,0,0,0
116000046,131,258,-127
116000047,203,272,-69
116000048,47,37,10
116000049,18,68,-50
116000050,130,260,-130
116000051,45,65,-20
116000052,257,370,-113
116000053,0,0,0
116000054,55,339,-284
116000055,32,151,-119
116000056,0,0,0
116000057,449,271,178
116000058,245,112,133
116000059,106,37,69
116000060,411,56,355
116000061,63,60,3
116000062,55,40,15
116000063,28,80,-52
116000066,0,0,0
116000067,38,80,-42
116000068,0,0,0
116000069,37,57,-20
116000078,0,0,0
116000080,163,177,-14
116000082,7,27,-20
116000083,77,42,35
116000084,58,251,-193
116000085,160,64,96
116000086,102,99,3
116000087,154,54,100
116000088,115,125,-10
116000089,4,18,-14
116000090,0,0,0
116000091,11,48,-37
116000093,47,22,25
116000094,11,135,-124
116000095,44,53,-9
116000096,27,135,-108
116000097,62,86,-24
116000098,4,233,-229
116000099,718,29,689
116000100,2,0,2
116000101,12,23,-11
116000102,9,132,-123
116000103,6,26,-20
116000104,6,187,-181
116000105,11,23,-12
116000106,11,121,-110
116000107,11,64,-53
116000108,0,46,-46
116000111,0,0,0
116000113,0,0,0
116000114,3,5,-2
116000115,0,0,0
116000116,5,20,-15
116000117,13,20,-7
116000118,76,343,-267
116000119,5,14,-9
116000120,270,759,-489
116000121,0,0,0
116000122,258,697,-439
116000123,0,0,0
116000124,51,375,-324
116000125,1,0,1
116000126,23,573,-550
116000127,169,444,-275
116000128,8,1,7
116000129,2,5,-3
116000130,1,4,-3
116000133,119,244,-125
116000134,100,606,-506
116000135,87,133,-46
116000136,93,504,-411
116000137,13,59,-46
116000138,215,46,169
116000139,151,373,-222
116000140,16,65,-49
116000141,25,95,-70
116000142,685,834,-149
116000143,330,57,273
116000144,146,632,-486
116000145,211,143,68
116000146,10,24,-14
116000147,38,11,27
116000148,8,57,-49
116000149,2,32,-30
116000151,64,237,-173
116000153,0,0,0
116000155,0,0,0
116000156,32,121,-89
116000157,0,0,0
116000158,11,80,-69
116000159,0,0,0
116000160,0,22,-22
116000161,0,22,-22
116000162,51,2,49
116000163,3,1,2
116000164,0,1,-1
116000177,1,11,-10
116000194,1,80,-79
116000195,40,57,-17
116000196,0,1,-1
116000197,0,3,-3
116000198,74,56,18
116000200,0,0,0
116000201,46,72,-26
116000202,0,0,0
116000203,0,10,-10
116000204,0,2,-2
116000205,0,17,-17
116000206,0,11,-11
116000207,0,6,-6
116000233,2,28,-26
116000287,9,186,-177
116000288,0,0,0
116000292,0,27,-27
116000296,0,0,0
116000297,5,10,-5
116000304,0,0,0
116000305,0,0,0
116000346,5,31,-26
116000352,0,10,-10
116000354,1,2,-1
116000357,0,0,0
116000358,0,0,0
116000361,0,0,0
116000372,1128,407,721
116000381,0,0,0
116000388,0,10,-10
116000389,24,23,1
116000445,10,226,-216
116000446,0,0,0
116000447,4,146,-142
116000448,0,0,0
116000563,0,0,0
116000565,33,33,0
116000568,4,2,2
116000579,1,12,-11
116000584,0,4,-4
116000585,0,2,-2
116000586,22,7,15
116000587,0,46,-46
116000589,1,9,-8
116000590,0,0,0
116000591,0,0,0
116000592,0,0,0
116000593,0,0,0
116000594,4,95,-91
116000595,4,19,-15
116000596,4,0,4
116000597,0,0,0
116000598,1,28,-27
116000605,0,6,-6
116000606,0,0,0
116000607,0,6,-6
116000609,2,35,-33
116000611,3,180,-177
116000612,85,201,-116
116000613,0,0,0
116000614,84,213,-129
116000615,0,71,-71
116000616,0,16,-16
116000617,1,7,-6
116000618,0,28,-28
116000619,2,2,0
116000620,0,0,0
116000621,0,0,0
116000622,0,0,0
116000624,1,1,0
116000627,0,0,0
116000628,0,6,-6
116000629,0,2,-2
116000630,0,0,0
116000631,0,0,0
116000632,0,1,-1
116000633,0,0,0
116000634,21,117,-96
116000635,98,104,-6
116000636,243,116,127
116000637,17,36,-19
116000638,0,0,0
116000640,0,0,0
116000641,86,66,20
116000644,26,526,-500
116900001,0,0,0
116900002,0,0,0
116900003,0,0,0
116900004,0,0,0
116900005,2,2,0
116900006,0,0,0
116900007,0,0,0
116900008,0,63,-63
116900009,0,0,0
116900010,0,90,-90
116900011,0,2,-2
116900012,0,0,0
116900013,1,28,-27
116900014,0,0,0
116900015,0,0,0
116900016,0,0,0
116900017,0,38,-38
116900018,0,0,0
116900019,0,39,-39
116900020,15,5,10
116900023,0,0,0
116900024,0,0,0
116900025,0,49,-49
116900026,2,42,-40
116900027,0,0,0
116900028,1,3,-2
116900029,0,1,-1
116900031,0,0,0
116900032,0,22,-22
116900033,0,0,0
116900034,0,7,-7
116900035,1,12,-11
116900036,0,6,-6
116900038,0,0,0
116900041,0,0,0
116900042,86,12,74
116900043,0,0,0
116900047,0,0,0
116900049,2,19,-17
116900050,1,14,-13
116900051,0,0,0
116900052,0,0,0
116900055,0,0,0
116900057,0,37,-37
116900058,2,17,-15
116900059,0,0,0
116900060,2,17,-15
116900062,0,0,0
116900064,2,96,-94
116900065,0,3,-3
116900067,0,0,0
116900068,14,25,-11
116900070,0,0,0
116900072,0,43,-43
116900073,0,2,-2
116900074,0,0,0
116900076,0,0,0
116900077,0,8,-8
116900078,19,5,14
116900079,0,9,-9
116900080,0,0,0
116900081,3,47,-44
116900082,1,63,-62
116900083,0,0,0
116900084,1,3,-2
116900085,0,7,-7
116900086,1,13,-12
116900088,0,0,0
116900090,0,0,0
116900091,0,7,-7
116900092,1,48,-47
116900093,4,0,4
116900094,155,8,147
116900095,0,24,-24
116900096,1,1,0
116900097,30,0,30
116900098,43,4,39
116900099,9,11,-2
116900100,0,0,0
116900101,7,22,-15
116900103,0,0,0
116900104,0,2,-2
116900105,0,0,0
116900106,0,25,-25
116900107,39,3,36
116900110,0,0,0
116900111,0,0,0
116900112,0,0,0
116900113,0,0,0
116900116,0,0,0
116900117,2,12,-10
116900118,3,99,-96
116900120,0,0,0
116900121,0,0,0
116900122,5,121,-116
116900123,0,102,-102
116900124,1,37,-36
116900125,0,4,-4
116900126,2,35,-33
116900128,0,11,-11
116900129,0,46,-46
116900130,125,134,-9
116900131,4,21,-17
116900132,1,7,-6
116900133,1,21,-20
116900134,4,26,-22
116900136,0,9,-9
116900137,1,5,-4
116900138,1,11,-10
116900139,1,26,-25
116900140,3,7,-4
116900141,10,15,-5
116900142,0,1,-1
116900143,1,17,-16
116900144,0,1,-1
116900145,2,12,-10
116900147,4,9,-5
116900148,0,0,0
116900149,0,0,0
116900150,0,3,-3
116900151,0,0,0
116900153,0,0,0
116900154,2,2,0
116900155,0,3,-3
116900157,0,0,0
116900158,0,2,-2
116900159,1,21,-20
116900160,0,0,0
116900161,345,72,273
116900162,0,0,0
116900163,0,0,0
116900164,0,2,-2
116900165,0,0,0
116900166,0,0,0
116900167,0,0,0
116900168,1,8,-7
116900169,0,0,0
116900170,0,0,0
116900171,0,0,0
116900172,0,0,0
116900173,0,3,-3
116900174,1,7,-6
116900175,0,0,0
116900178,0,0,0
116900179,0,0,0
116900180,1,2,-1
116900182,0,0,0
116900183,0,0,0
116900185,0,0,0
116900186,0,0,0
116900187,0,0,0
116900188,4,0,4
116900189,0,0,0
116900191,0,0,0
116900192,0,0,0
116900194,0,0,0
116900195,0,0,0
116900196,0,0,0
116900197,0,0,0
116900198,22,11,11
116900200,0,0,0
116900201,0,0,0
116900202,0,0,0
116900203,0,0,0
116900204,1,5,-4
116900206,0,0,0
116900207,0,2,-2
116900208,0,0,0
116900209,0,0,0
116900210,1,11,-10
116900211,0,0,0
116900212,0,0,0
116900213,0,0,0
116900214,0,10,-10
116900215,0,0,0
116900216,1,4,-3
116900218,0,48,-48
116900219,72,29,43
116900220,0,0,0
116900221,4,19,-15
116900222,0,0,0
116900223,0,0,0
116900226,2,5,-3
116900227,0,3,-3
116900228,2,19,-17
116900230,0,10,-10
116900231,0,11,-11
116900232,0,15,-15
116900233,0,0,0
116900234,0,0,0
116900235,5,79,-74
116900238,7,16,-9
116900239,0,11,-11
116900240,117,26,91
116900241,0,0,0
116900242,23,8,15
116900243,0,0,0
116900245,0,0,0
116900246,0,6,-6
116900247,0,0,0
116900248,0,1,-1
116900249,0,0,0
116900250,7,6,1
116900251,0,0,0
116900252,0,0,0
116900253,0,0,0
116900254,0,0,0
116900255,4,2,2
116900256,3,5,-2
116900257,0,77,-77
116900258,0,42,-42
116900259,0,0,0
116900260,0,9,-9
116900261,0,0,0
116900262,0,14,-14
116900263,0,0,0
116900264,0,0,0
116900265,0,0,0
116900266,0,4,-4
116900267,0,0,0
116900268,0,0,0
116900269,0,5,-5
116900271,0,0,0
116900272,7,26,-19
116900273,1,0,1
116900274,0,0,0
116900275,0,0,0
116900276,0,0,0
116900277,0,0,0
116900278,0,0,0
116900279,0,1,-1
116900280,0,0,0
116900281,89,14,75
116900282,0,10,-10
116900283,0,5,-5
116900284,0,7,-7
116900285,0,0,0
116900286,0,0,0
116900287,0,0,0
116900288,0,0,0
116900289,0,0,0
116900290,0,0,0
116900291,0,0,0
116900292,0,0,0
116900293,0,0,0
116900294,1,7,-6
116900295,0,0,0
116900296,0,0,0
116900297,0,0,0
116900298,0,0,0
116900299,0,0,0
116900300,0,0,0
116900301,0,0,0
116900302,0,17,-17
116900303,1,4,-3
116900304,0,21,-21
116900305,0,0,0
116900306,0,0,0
116900307,0,0,0
116900308,0,0,0
116900309,0,1,-1
117000001,116,135,-19
117000002,291,751,-460
117000003,359,84,275
117000004,764,1026,-262
117000005,69,31,38
117000006,116,976,-860
117000007,80,4,76
117000008,194,914,-720
117000009,0,0,0
117000010,529,1028,-499
117000011,0,0,0
117000012,165,575,-410
117000013,0,0,0
117000014,115,615,-500
117000015,0,0,0
117000016,9,17,-8
117000017,11,9,2
117000018,2,52,-50
117000019,0,2,-2
117000020,73,209,-136
117000021,372,71,301
117000022,35,5,30
117000023,44,45,-1
117000024,24,51,-27
117000025,112,123,-11
117000026,38,12,26
117000027,263,386,-123
117000028,0,0,0
117000030,8,40,-32
117000031,0,0,0
117000032,224,144,80
117000033,108,102,6
117000034,28,24,4
117000035,0,0,0
117000036,32,32,0
117000037,0,0,0
117000038,5,49,-44
117000039,2,6,-4
117000040,20,235,-215
117000041,0,0,0
117000044,5,188,-183
117000045,0,0,0
117000046,31,146,-115
117000047,0,1,-1
117000048,293,175,118
117000049,18,19,-1
117000050,8,424,-416
117000051,105,14,91
117000052,0,15,-15
117000053,4,3,1
117000054,30,0,30
117000055,7,603,-596
117000056,8,0,8
117000057,41,397,-356
117000060,16,137,-121
117000061,3,11,-8
117000062,8,34,-26
117000063,0,0,0
117000064,70,118,-48
117000066,123,61,62
117000067,0,37,-37
117000074,0,0,0
117000076,0,0,0
117000077,17,17,0
117000078,5,65,-60
117000079,0,17,-17
117000080,0,126,-126
117000081,2,7,-5
117000082,4,16,-12
117000083,0,0,0
117000084,0,0,0
117000085,9,71,-62
117000086,12,118,-106
117000087,27,149,-122
117000088,0,0,0
117000089,30,16,14
117000090,26,420,-394
117000091,6,6,0
117000092,59,463,-404
117000093,5,6,-1
117000094,71,551,-480
117000095,7,13,-6
117000096,106,887,-781
117000097,9,36,-27
117000098,359,1119,-760
117000099,26,18,8
117000100,4,21,-17
117000101,16,115,-99
117000102,0,0,0
117000103,288,431,-143
117000104,0,0,0
117000105,88,486,-398
117000106,0,0,0
117000107,115,555,-440
117000108,0,0,0
117000109,347,790,-443
117000110,0,0,0
117000111,331,243,88
117000112,69,114,-45
117000113,5,22,-17
117000114,0,0,0
117000115,9,17,-8
117000116,0,16,-16
117000117,37,15,22
117000118,3,16,-13
117000119,0,1,-1
117000120,0,0,0
117000121,0,6,-6
117000122,0,0,0
117000123,0,0,0
117000124,0,0,0
117000125,0,0,0
117000126,0,0,0
117000127,5,4,1
117000128,9,8,1
117000129,0,0,0
117000130,0,0,0
117000131,0,56,-56
117000132,82,37,45
117000133,0,32,-32
117000134,0,24,-24
117000135,1,13,-12
117000136,0,11,-11
117000137,0,0,0
117000138,0,135,-135
117000140,71,331,-260
117000141,0,0,0
117000181,35,12,23
117000182,0,0,0
117000195,3,88,-85
117000196,0,0,0
117000225,0,0,0
117000226,0,5,-5
117000276,0,0,0
117000277,0,43,-43
117000310,279,429,-150
117000315,0,0,0
117000320,0,0,0
117000906,0,0,0
117000907,2,74,-72
117000909,1,2,-1
117000910,39,35,4
117000911,12,21,-9
117000915,1,74,-73
117000916,0,0,0
117000917,0,0,0
117000918,0,0,0
117000919,1,8,-7
117000920,0,470,-470
117000921,0,185,-185
117000922,0,0,0
117000924,18,19,-1
117000926,132,17,115
117000927,2,38,-36
117000928,0,74,-74
117000929,6,21,-15
117000930,5,0,5
117000931,25,7,18
117900002,12,19,-7
117900003,24,9,15
117900005,0,1,-1
117900006,0,9,-9
117900007,1,16,-15
117900008,0,5,-5
117900010,1,12,-11
117900011,0,0,0
117900012,0,10,-10
117900013,0,17,-17
117900014,6,22,-16
117900015,0,18,-18
117900016,34,13,21
117900017,1,26,-25
117900018,6,3,3
117900019,0,26,-26
117900020,1,12,-11
117900021,2,9,-7
117900022,0,1,-1
117900023,4,0,4
117900024,6,15,-9
117900025,0,0,0
117900026,1,11,-10
117900028,0,0,0
117900029,2,35,-33
117900030,0,11,-11
117900031,0,0,0
117900032,8,2,6
117900033,3,52,-49
117900034,0,0,0
117900035,5,0,5
117900036,2,23,-21
117900037,0,0,0
117900038,3,29,-26
117900039,1,9,-8
117900040,3,46,-43
117900041,0,10,-10
117900042,19,9,10
117900043,3,19,-16
117900044,0,19,-19
117900045,0,0,0
117900048,10,35,-25
117900049,0,30,-30
117900050,0,0,0
117900051,0,0,0
117900052,0,0,0
117900053,26,57,-31
117900054,0,0,0
117900055,0,0,0
117900056,0,0,0
117900057,18,85,-67
117900058,0,0,0
117900059,0,0,0
117900060,8,275,-267
117900061,0,0,0
117900063,1,14,-13
117900065,55,42,13
117900066,0,0,0
117900067,0,15,-15
117900069,3,32,-29
117900070,0,0,0
117900071,0,0,0
117900073,1,15,-14
117900074,0,0,0
117900075,0,0,0
117900076,0,10,-10
117900077,0,0,0
117900078,11,22,-11
117900080,0,0,0
117900081,39,12,27
117900082,5,11,-6
117900083,2,34,-32
117900086,0,0,0
117900087,0,0,0
117900088,55,27,28
117900089,19,5,14
117900090,1,47,-46
117900091,15,1,14
117900092,0,0,0
117900093,0,0,0
117900094,0,0,0
117900095,5,41,-36
117900096,0,0,0
117900097,0,0,0
117900098,0,0,0
117900099,0,12,-12
117900100,0,0,0
117900101,19,20,-1
117900102,0,0,0
117900103,0,0,0
117900104,0,3,-3
117900105,1,12,-11
117900106,0,0,0
117900107,0,0,0
117900109,7,15,-8
117900110,0,0,0
117900111,0,0,0
117900112,0,0,0
117900113,0,3,-3
117900114,0,0,0
117900115,4,0,4
117900116,13,25,-12
117900117,13,21,-8
117900118,0,0,0
117900119,0,40,-40
117900120,0,1,-1
117900121,0,5,-5
117900122,8,9,-1
117900123,32,47,-15
117900124,5,10,-5
117900125,150,56,94
117900126,9,24,-15
117900127,0,35,-35
117900128,2,44,-42
117900129,0,0,0
117900130,2,40,-38
117900131,0,15,-15
117900132,0,10,-10
117900133,0,10,-10
117900134,2,27,-25
117900135,0,40,-40
117900136,0,5,-5
117900137,0,29,-29
117900138,0,6,-6
117900139,0,1,-1
117900140,11,0,11
117900141,21,15,6
117900142,0,0,0
117900144,0,0,0
117900145,0,0,0
117900146,0,0,0
117900147,0,0,0
117900148,62,64,-2
117900149,0,5,-5
117900150,1,14,-13
117900151,0,8,-8
117900152,1,3,-2
117900153,0,5,-5
117900154,2,34,-32
117900156,28,23,5
117900157,1,10,-9
117900158,0,0,0
117900160,22,22,0
117900161,104,132,-28
117900162,1,20,-19
117900163,0,0,0
117900165,0,0,0
117900166,0,1,-1
117900168,0,15,-15
117900169,0,8,-8
117900170,1,3,-2
117900171,0,2,-2
117900172,0,2,-2
117900173,9,5,4
117900174,0,2,-2
117900175,0,0,0
117900176,0,0,0
117900177,0,0,0
117900178,0,0,0
117900180,0,0,0
117900181,0,0,0
117900182,0,0,0
117900183,0,0,0
117900184,0,0,0
117900185,0,0,0
117900186,0,0,0
117900187,0,0,0
117900188,0,0,0
117900189,0,0,0
117900190,0,0,0
117900191,0,0,0
117900192,0,0,0
117900193,0,5,-5
117900194,0,0,0
117900195,0,0,0
117900196,0,0,0
117900207,0,0,0
117900208,0,0,0
117900209,0,2,-2
117900210,0,0,0
117900211,0,0,0
117900212,3,8,-5
117900213,0,0,0
117900214,0,0,0
117900215,0,0,0
117900216,0,0,0
117900217,0,14,-14
117900218,0,0,0
117900219,0,13,-13
117900220,0,0,0
117900222,6,32,-26
117900223,3,4,-1
118000001,42,60,-18
118000002,150,240,-90
118000003,84,147,-63
118000004,290,205,85
118000005,598,387,211
118000006,1031,740,291
118000007,401,203,198
118000008,322,310,12
118000009,169,371,-202
118000010,202,355,-153
118000011,87,310,-223
118000012,123,291,-168
118000013,449,327,122
118000014,111,436,-325
118000016,9,54,-45
118000017,0,0,0
118000018,29,59,-30
118000019,505,110,395
118000020,171,229,-58
118000021,147,285,-138
118000022,104,14,90
118000023,93,77,16
118000024,73,99,-26
118000027,1593,353,1240
118000029,56,20,36
118000032,21,39,-18
118000033,100,110,-10
118000034,530,205,325
118000035,40,320,-280
118000036,35,132,-97
118000037,95,94,1
118000038,0,0,0
118000039,7,16,-9
118000040,37,302,-265
118000041,185,139,46
118000045,13,0,13
118000046,61,8,53
118000047,78,24,54
118000048,163,66,97
118000051,7,2,5
118000052,3,9,-6
118000053,2,3,-1
118000054,114,33,81
118000055,65,16,49
118000056,2,1,1
118000057,7,4,3
118000058,42,15,27
118000059,14,39,-25
118000060,5,12,-7
118000061,7,9,-2
118000062,17,7,10
118000063,10,16,-6
118000064,26,18,8
118000065,174,45,129
118000066,18,15,3
118000067,129,77,52
118000068,94,150,-56
118000069,153,58,95
118000070,451,34,417
118000071,183,163,20
118000072,95,86,9
118000073,59,14,45
118000074,3,5,-2
118000075,13,16,-3
118000076,125,88,37
118000077,301,132,169
118000078,62,59,3
118000079,50,73,-23
118000080,225,121,104
118000081,67,58,9
118000082,7,16,-9
118000083,20,21,-1
118000084,120,87,33
118000086,18,30,-12
118000087,1151,295,856
118000088,72,76,-4
118000089,409,788,-379
118000090,892,196,696
118000091,478,336,142
118000092,93,17,76
118000093,12,6,6
118000096,3,7,-4
118000097,37,15,22
118000098,0,0,0
118000099,25,96,-71
118000101,69,61,8
118000102,9,115,-106
118000107,388,67,321
118000108,0,23,-23
118000110,0,3,-3
118000111,2,152,-150
118000112,0,0,0
118000113,0,260,-260
118000114,0,0,0
118000115,0,0,0
118000116,0,0,0
118000117,173,145,28
118000118,12,34,-22
118000119,18,28,-10
118000120,277,313,-36
118000121,0,47,-47
118000122,86,7,79
118000123,8,26,-18
118000125,125,139,-14
118000126,10,25,-15
118000127,17,14,3
118000128,90,164,-74
118000129,38,28,10
118000130,475,652,-177
118000131,74,195,-121
118000132,34,28,6
118000133,25,51,-26
118000135,0,0,0
118000136,6,49,-43
118000137,65,19,46
118000138,2,24,-22
118000139,7,8,-1
118000140,235,211,24
118000141,80,89,-9
118000142,126,286,-160
118000143,18,28,-10
118000144,13,20,-7
118000145,246,523,-277
118000146,134,207,-73
118000147,96,276,-180
118000148,32,132,-100
118000149,26,92,-66
118000150,7,11,-4
118000151,0,5,-5
118000153,9,42,-33
118000154,21,61,-40
118000155,9,44,-35
118000156,183,180,3
118000157,16,19,-3
118000158,3,40,-37
118000159,0,0,0
118000160,0,0,0
118000161,35,155,-120
118000162,6,28,-22
118000163,5,34,-29
118000164,46,41,5
118000168,4,18,-14
118000169,180,413,-233
118000170,234,392,-158
118000171,0,0,0
118000172,0,0,0
118000173,46,85,-39
118000175,19,26,-7
118000176,8,20,-12
118000177,5,11,-6
118000178,2,7,-5
118000179,0,0,0
118000180,0,0,0
118000181,128,58,70
118000182,33,35,-2
118000183,29,52,-23
118000184,0,0,0
118000185,186,81,105
118000186,95,118,-23
118000187,45,152,-107
118000188,19,33,-14
118000189,8,67,-59
118000190,0,0,0
118000191,0,4,-4
118000192,3,15,-12
118000193,6,18,-12
118000194,152,21,131
118000195,3,1,2
118000196,0,0,0
118000197,6,12,-6
118000198,8,5,3
118000199,48,41,7
118000200,0,0,0
118000201,11,1,10
118000202,0,0,0
118000203,51,7,44
118000204,58,24,34
118000205,29,15,14
118000206,2,0,2
118000207,0,1,-1
118000208,42,62,-20
118000209,148,226,-78
118000210,0,0,0
118000211,0,0,0
118000213,1,15,-14
118000214,146,22,124
118000215,43,87,-44
118000216,0,0,0
118000217,0,3,-3
118000218,0,3,-3
118000219,0,2,-2
118000220,0,0,0
118000221,2,22,-20
118000222,15,0,15
118000223,0,0,0
118000224,3,6,-3
118000225,3,149,-146
118000226,0,0,0
118000227,55,15,40
118000228,61,29,32
118000229,0,0,0
118000230,0,6,-6
118000231,2,8,-6
118000232,54,142,-88
118000233,13,15,-2
118000234,3,7,-4
118000236,5,25,-20
118000237,0,0,0
118000238,6,22,-16
118000239,0,2,-2
118000240,16,1,15
118000241,0,8,-8
118000242,13,101,-88
118000243,4,4,0
118000244,0,3,-3
118000246,0,2,-2
118000255,0,11,-11
118000256,0,2,-2
118000259,0,2,-2
118000260,0,0,0
118000261,0,1,-1
118000263,2,11,-9
118000266,11,13,-2
118000267,0,18,-18
118000268,0,1,-1
118000270,0,0,0
118000271,0,6,-6
118000272,0,0,0
118000273,2,11,-9
118000274,6,33,-27
118000276,0,9,-9
118000295,0,7,-7
118000298,12,77,-65
118000299,20,53,-33
118000301,0,8,-8
118000302,0,3,-3
118000311,7,20,-13
118000312,4,23,-19
118000313,1,16,-15
118000314,1,4,-3
118000315,0,3,-3
118000316,5,36,-31
118000325,0,2,-2
118000326,0,0,0
118000331,0,0,0
118000332,0,1,-1
118000333,0,2,-2
118000335,0,0,0
118000336,0,85,-85
118000407,0,0,0
118000457,1,19,-18
118000465,336,146,190
118000480,0,8,-8
118000489,0,0,0
118000490,12,78,-66
118000492,1,2,-1
118000510,7,7,0
118000514,13,80,-67
118000515,0,18,-18
118000517,65,29,36
118000524,450,158,292
118000525,115,219,-104
118000530,0,0,0
118000531,0,0,0
118000532,46,60,-14
118000533,69,28,41
118000534,46,86,-40
118000535,1,1,0
118000536,23,9,14
118000537,2,14,-12
118000538,2,13,-11
118000539,0,0,0
118000540,7,24,-17
118000541,2,38,-36
118000542,0,0,0
118000543,0,0,0
118000546,4,7,-3
118000553,0,2,-2
118000560,238,40,198
118000562,0,0,0
118000563,90,23,67
118000576,6,20,-14
118000577,18,10,8
118000578,13,12,1
118000579,41,49,-8
118000583,0,0,0
118000595,0,0,0
118000596,0,4,-4
118000597,17,9,8
118000598,0,0,0
118000599,0,0,0
118000600,0,0,0
118000601,0,0,0
118000602,0,0,0
118000603,0,34,-34
118000605,0,4,-4
118900001,0,0,0
118900002,3,13,-10
118900003,0,0,0
118900004,0,0,0
118900005,0,0,0
118900006,0,0,0
118900007,1,0,1
118900008,0,0,0
118900009,0,0,0
118900010,0,0,0
118900011,0,0,0
118900012,1,0,1
118900013,0,0,0
118900015,2,0,2
118900016,0,0,0
118900017,0,0,0
118900018,0,0,0
118900019,0,1,-1
118900020,0,0,0
118900021,0,0,0
118900022,5,2,3
118900023,0,0,0
118900024,0,0,0
118900025,0,0,0
118900026,2,5,-3
118900027,0,0,0
118900028,0,0,0
118900029,0,0,0
118900030,0,0,0
118900031,6,10,-4
118900032,0,0,0
118900033,0,0,0
118900034,0,0,0
118900035,4,12,-8
118900036,3,31,-28
118900037,0,0,0
118900038,4,29,-25
118900039,0,0,0
118900040,0,6,-6
118900041,0,0,0
118900042,0,5,-5
118900045,4,8,-4
118900046,15,2,13
118900047,37,7,30
118900048,0,0,0
118900049,0,0,0
118900050,0,19,-19
118900051,0,0,0
118900052,0,0,0
118900053,0,0,0
118900054,0,5,-5
118900055,6,20,-14
118900056,0,0,0
118900057,6,9,-3
118900058,0,0,0
118900059,0,0,0
118900060,0,7,-7
118900062,0,0,0
118900064,0,0,0
118900065,0,0,0
118900066,0,0,0
118900067,12,0,12
118900068,0,0,0
118900069,2,17,-15
118900071,0,0,0
118900072,0,0,0
118900073,0,4,-4
118900074,0,0,0
118900075,0,0,0
118900076,0,0,0
118900077,0,10,-10
118900078,0,1,-1
118900079,0,0,0
118900080,0,0,0
118900081,0,0,0
118900082,0,4,-4
118900083,1,2,-1
118900084,0,0,0
118900085,10,34,-24
118900086,0,0,0
118900087,0,5,-5
118900088,0,2,-2
118900089,0,0,0
118900090,9,13,-4
118900091,0,0,0
118900092,1,6,-5
118900093,0,0,0
118900096,26,10,16
118900097,8,35,-27
118900099,0,21,-21
118900100,0,0,0
118900101,4,41,-37
118900102,3,5,-2
118900103,1,2,-1
118900104,0,10,-10
118900105,26,2,24
118900107,7,5,2
118900108,2,9,-7
118900110,0,0,0
118900111,0,0,0
118900112,0,0,0
118900113,0,0,0
118900114,0,0,0
118900115,0,0,0
118900116,5,21,-16
118900117,4,21,-17
118900118,4,46,-42
118900119,0,14,-14
118900120,5,16,-11
118900121,0,0,0
118900122,1,31,-30
118900123,15,29,-14
118900124,0,0,0
118900126,1,23,-22
118900129,3,7,-4
118900130,0,0,0
118900131,2,34,-32
118900132,11,5,6
118900133,0,0,0
118900135,9,8,1
118900136,5,61,-56
118900137,0,0,0
118900139,0,0,0
118900140,16,93,-77
118900141,0,0,0
118900144,6,109,-103
118900145,0,0,0
118900146,5,52,-47
118900147,0,0,0
118900148,0,0,0
118900150,0,0,0
118900152,4,67,-63
118900157,0,0,0
118900158,0,0,0
118900159,0,0,0
118900161,0,0,0
118900163,0,0,0
118900164,0,0,0
118900165,0,17,-17
118900166,12,1,11
118900167,0,13,-13
118900168,0,8,-8
118900169,15,37,-22
118900170,0,10,-10
118900171,0,11,-11
118900174,0,0,0
118900175,1,12,-11
118900176,0,12,-12
118900177,0,5,-5
118900178,0,5,-5
118900179,0,10,-10
118900181,1,0,1
118900182,1,1,0
118900183,0,5,-5
118900184,2,0,2
118900185,1,8,-7
118900186,2,13,-11
118900187,0,0,0
118900188,0,0,0
118900189,0,16,-16
118900190,0,0,0
118900191,0,0,0
118900192,0,0,0
118900193,0,0,0
118900195,0,0,0
118900196,2,14,-12
118900197,0,0,0
118900198,0,2,-2
118900199,0,4,-4
118900200,0,0,0
118900201,1,0,1
118900202,5,2,3
118900203,0,2,-2
118900204,0,6,-6
118900205,0,2,-2
118900206,0,3,-3
119000001,56,56,0
119000002,94,193,-99
119000003,37,220,-183
119000004,66,143,-77
119000005,103,157,-54
119000006,97,125,-28
119000007,115,206,-91
119000008,173,463,-290
119000009,310,356,-46
119000010,1239,837,402
119000011,842,286,556
119000012,981,496,485
119000013,467,232,235
119000014,243,509,-266
119000019,3,2,1
119000020,100,106,-6
119000021,150,130,20
119000022,53,93,-40
119000023,0,0,0
119000024,194,249,-55
119000025,1461,159,1302
119000026,0,0,0
119000027,43,53,-10
119000028,126,191,-65
119000029,0,0,0
119000030,39,110,-71
119000031,76,95,-19
119000032,128,155,-27
119000033,303,275,28
119000034,112,113,-1
119000035,1,67,-66
119000036,95,206,-111
119000037,66,298,-232
119000038,9,176,-167
119000039,10,66,-56
119000040,143,31,112
119000041,253,50,203
119000048,594,334,260
119000049,78,369,-291
119000050,52,49,3
119000051,81,46,35
119000052,60,64,-4
119000053,88,35,53
119000054,77,350,-273
119000055,257,352,-95
119000056,127,291,-164
119000057,49,289,-240
119000058,88,224,-136
119000059,19,20,-1
119000060,47,96,-49
119000061,14,10,4
119000062,82,186,-104
119000063,48,26,22
119000064,15,18,-3
119000065,21,82,-61
119000066,84,125,-41
119000067,37,48,-11
119000068,91,126,-35
119000069,18,56,-38
119000070,137,157,-20
119000071,0,0,0
119000072,415,162,253
119000073,257,385,-128
119000074,35,269,-234
119000075,79,552,-473
119000076,0,0,0
119000077,0,0,0
119000078,0,0,0
119000079,0,0,0
119000080,0,0,0
119000081,0,0,0
119000082,0,0,0
119000083,0,0,0
119000084,0,0,0
119000085,0,0,0
119000086,0,0,0
119000087,40,33,7
119000088,0,0,0
119000089,0,0,0
119000090,0,0,0
119000091,0,1,-1
119000092,0,0,0
119000093,330,321,9
119000094,344,539,-195
119000095,61,227,-166
119000097,329,170,159
119000098,100,213,-113
119000099,114,188,-74
119000100,253,266,-13
119000101,353,298,55
119000102,13,10,3
119000103,65,1,64
119000104,449,456,-7
119000105,0,0,0
119000106,21,434,-413
119000107,0,0,0
119000108,58,408,-350
119000109,0,3,-3
119000110,18,42,-24
119000111,0,13,-13
119000112,19,7,12
119000113,150,6,144
119000114,0,2,-2
119000115,32,13,19
119000116,0,0,0
119000117,6,14,-8
119000118,1,1,0
119000123,34,8,26
119000124,0,0,0
119000125,0,0,0
119000126,0,0,0
119000127,62,248,-186
119000128,10,2,8
119000131,120,362,-242
119000132,3,0,3
119000133,0,0,0
119000134,0,0,0
119000135,0,3,-3
119000136,6,39,-33
119000137,0,0,0
119000138,3,57,-54
119000139,0,0,0
119000140,2,15,-13
119000284,291,738,-447
119000285,515,631,-116
119000286,798,637,161
119000287,167,428,-261
119000288,129,318,-189
119000289,194,518,-324
119000290,2,9,-7
119000291,5,49,-44
119000293,22,44,-22
119000294,0,0,0
119000295,217,61,156
119000296,0,1,-1
119000299,0,0,0
119000302,456,39,417
119000303,0,0,0
119000310,0,0,0
119000314,214,332,-118
119000315,0,0,0
119000316,0,12,-12
119000317,0,0,0
119900001,7,25,-18
119900002,0,0,0
119900003,0,47,-47
119900004,0,0,0
119900005,0,0,0
119900006,5,11,-6
119900007,0,0,0
119900008,0,0,0
119900009,0,41,-41
119900010,3,63,-60
119900011,0,0,0
119900012,0,2,-2
119900013,36,59,-23
119900014,2,4,-2
119900015,0,0,0
119900016,0,0,0
119900017,0,0,0
119900018,0,0,0
119900019,0,0,0
119900020,0,0,0
119900021,0,0,0
119900022,0,0,0
119900023,0,0,0
119900025,0,0,0
119900026,0,0,0
119900027,0,0,0
119900028,0,0,0
119900029,0,0,0
119900030,2,9,-7
119900031,0,0,0
119900033,104,1,103
119900034,0,0,0
119900037,0,0,0
119900038,0,0,0
119900039,0,0,0
119900040,0,0,0
119900041,0,0,0
119900042,0,0,0
119900043,0,0,0
119900044,0,0,0
119900046,0,0,0
119900047,0,0,0
119900048,0,1,-1
119900049,0,0,0
119900050,0,0,0
119900051,0,0,0
119900052,0,0,0
119900053,0,1,-1
119900054,0,0,0
119900055,4,5,-1
119900057,0,0,0
119900058,0,0,0
119900059,0,1,-1
119900060,0,0,0
119900061,0,0,0
119900062,0,0,0
119900063,0,0,0
119900065,0,0,0
119900066,0,0,0
119900067,0,0,0
119900068,0,0,0
119900069,0,0,0
119900070,1,0,1
119900071,0,0,0
119900073,0,12,-12
119900074,0,0,0
119900075,293,78,215
119900076,0,14,-14
119900077,0,64,-64
119900078,0,0,0
119900079,0,0,0
119900080,0,31,-31
119900081,2,6,-4
119900082,0,56,-56
119900083,0,0,0
119900084,1,4,-3
119900085,14,1,13
119900086,0,89,-89
119900087,0,6,-6
119900088,2,3,-1
119900089,0,126,-126
119900090,9,8,1
119900091,1,131,-130
119900092,0,47,-47
119900093,11,2,9
119900094,2,24,-22
119900095,1,1,0
119900096,0,3,-3
119900097,40,14,26
119900098,1,0,1
119900099,0,10,-10
119900100,301,111,190
119900101,25,74,-49
119900102,1,17,-16
119900103,1,23,-22
119900104,0,12,-12
119900105,34,145,-111
119900106,0,12,-12
119900107,10,119,-109
119900108,149,99,50
119900109,2,3,-1
119900110,7,61,-54
119900111,0,0,0
119900112,104,10,94
119900113,0,0,0
119900114,5,161,-156
119900115,0,0,0
119900116,0,14,-14
119900117,4,76,-72
119900118,0,0,0
119900119,1,4,-3
119900120,33,43,-10
119900121,3,32,-29
119900122,0,0,0
119900123,5,4,1
119900124,1,17,-16
119900125,0,0,0
119900126,222,5,217
119900127,0,0,0
119900128,1,19,-18
119900129,0,7,-7
119900130,0,0,0
119900131,1,5,-4
119900132,0,0,0
119900133,0,2,-2
119900134,21,1,20
119900135,0,2,-2
119900136,0,0,0
119900138,0,0,0
119900139,0,4,-4
119900140,0,0,0
119900141,0,0,0
119900142,0,0,0
119900143,0,0,0
119900144,0,0,0
119900145,0,6,-6
119900146,0,7,-7
119900147,0,0,0
119900148,0,0,0
119900149,0,7,-7
119900150,2,13,-11
119900151,22,11,11
119900152,0,0,0
119900153,0,0,0
119900154,0,46,-46
119900155,0,4,-4
119900156,0,0,0
119900157,0,0,0
119900158,0,0,0
119900159,0,163,-163
119900160,0,12,-12
119900161,0,0,0
119900162,0,0,0
119900163,0,0,0
119900164,0,0,0
119900165,0,0,0
119900166,0,0,0
119900167,0,0,0
119900168,0,0,0
119900169,0,3,-3
119900170,1,0,1
119900171,1,10,-9
119900172,0,0,0
119900173,0,60,-60
119900174,0,0,0
119900175,0,0,0
119900177,0,42,-42
119900178,0,0,0
119900179,0,0,0
119900180,0,0,0
119900181,0,0,0
119900182,1,25,-24
119900183,0,59,-59
119900184,5,1,4
119900185,0,0,0
119900186,0,0,0
119900187,0,47,-47
119900188,0,13,-13
119900189,0,5,-5
119900190,0,0,0
119900191,0,0,0
119900192,0,9,-9
119900193,0,0,0
119900194,0,0,0
119900195,0,14,-14
119900196,0,0,0
119900197,0,0,0
119900198,1,24,-23
119900199,0,0,0
119900200,0,0,0
119900201,11,11,0
119900202,0,0,0
119900203,0,0,0
119900204,0,0,0
119900205,0,0,0
119900206,0,0,0
119900208,0,0,0
119900209,0,13,-13
119900210,0,0,0
119900211,0,0,0
119900212,0,25,-25
119900213,0,8,-8
119900214,0,30,-30
119900215,0,11,-11
119900216,0,10,-10
119900217,0,7,-7
119900218,0,1,-1
119900219,0,2,-2
119900220,0,0,0
119900221,0,0,0
119900222,0,0,0
119900223,0,0,0
119900224,0,0,0
119900225,0,0,0
119900226,0,1,-1
119900227,148,11,137
119900228,0,8,-8
119900229,0,0,0
119900230,17,3,14
119900231,0,0,0
119900232,0,0,0
119900233,0,0,0
119900234,0,2,-2
119900235,0,0,0
119900236,0,0,0
119900237,0,0,0
119900238,0,4,-4
119900240,0,6,-6
119900241,0,38,-38
119900242,0,12,-12
119900244,0,0,0
119900245,1,3,-2
119900246,0,0,0
119900247,0,0,0
119900248,0,0,0
119900249,0,0,0
119900253,0,0,0
119900254,0,0,0
119900255,3,56,-53
119900256,1,65,-64
119900257,0,0,0
119900258,0,0,0
119900259,0,17,-17
119900260,0,0,0
119900261,0,0,0
119900262,0,23,-23
119900263,17,33,-16
119900264,0,0,0
119900265,0,0,0
119900266,0,0,0
119900267,0,12,-12
119900268,0,10,-10
119900269,2,22,-20
119900271,0,0,0
119900272,0,0,0
119900275,0,1,-1
119900276,0,0,0
119900277,0,0,0
119900278,4,0,4
119900279,0,3,-3
119900280,31,15,16
119900281,0,8,-8
119900282,0,0,0
119900283,0,0,0
119900284,2,65,-63
119900285,0,0,0
119900286,0,0,0
119900288,0,3,-3
119900289,0,8,-8
119900290,0,0,0
119900291,0,3,-3
119900292,0,1,-1
119900293,0,0,0
119900294,0,0,0
119900295,0,5,-5
119900296,0,5,-5
119900297,0,0,0
119900298,0,1,-1
119900299,0,0,0
119900300,0,0,0
119900301,0,0,0
119900302,0,0,0
119900303,1,13,-12
119900304,0,1,-1
119900305,0,0,0
119900306,0,0,0
119900307,0,0,0
119900308,0,0,0
119900309,0,0,0
119900310,2,13,-11
119900311,0,0,0
119900312,0,0,0
119900313,1,9,-8
119900314,0,0,0
119900315,5,162,-157
119900318,0,0,0
119900319,0,43,-43
119900320,1,81,-80
119900321,0,0,0
119900322,4,7,-3
119900323,1,4,-3
119900324,0,1,-1
119900325,0,53,-53
119900326,16,5,11
120000001,769,334,435
120000002,249,430,-181
120000003,328,267,61
120000004,449,328,121
120000005,1366,393,973
120000006,239,203,36
120000007,408,536,-128
120000008,168,371,-203
120000009,896,247,649
120000010,176,757,-581
120000011,130,504,-374
120000012,370,793,-423
120000013,211,608,-397
120000014,54,316,-262
120000015,293,428,-135
120000016,239,46,193
120000017,42,38,4
120000018,280,247,33
120000019,48,80,-32
120000020,250,200,50
120000021,183,191,-8
120000022,788,242,546
120000023,77,122,-45
120000024,151,219,-68
120000025,150,297,-147
120000026,30,319,-289
120000027,176,326,-150
120000028,58,209,-151
120000029,139,42,97
120000030,1,24,-23
120000031,144,132,12
120000032,1332,169,1163
120000033,144,208,-64
120000034,67,318,-251
120000035,52,111,-59
120000036,50,187,-137
120000037,0,0,0
120000038,1027,91,936
120000039,18,57,-39
120000040,4,5,-1
120000041,9,144,-135
120000042,36,517,-481
120000043,127,206,-79
120000044,183,88,95
120000045,235,92,143
120000046,139,159,-20
120000047,136,267,-131
120000048,1125,241,884
120000049,216,351,-135
120000050,134,417,-283
120000051,642,486,156
120000052,2763,149,2614
120000053,60,475,-415
120000054,132,1261,-1129
120000055,101,802,-701
120000056,68,726,-658
120000057,18,167,-149
120000058,1,35,-34
120000059,0,5,-5
120000061,28,153,-125
120000062,15,14,1
120000063,370,893,-523
120000064,36,438,-402
120000065,30,318,-288
120000066,9,97,-88
120000067,1,100,-99
120000068,9,248,-239
120000069,67,404,-337
120000070,2,132,-130
120000071,11,33,-22
120000072,46,109,-63
120000073,26,13,13
120000074,1,15,-14
120000075,18,27,-9
120000076,56,75,-19
120000077,104,96,8
120000078,407,114,293
120000079,1,1,0
120000080,0,1,-1
120000081,0,0,0
120000082,0,3,-3
120000083,0,5,-5
120000084,44,49,-5
120000085,24,34,-10
120000086,15,80,-65
120000087,5,213,-208
120000088,23,67,-44
120000089,0,0,0
120000090,0,0,0
120000091,0,0,0
120000092,0,0,0
120000093,0,0,0
120000094,0,0,0
120000095,38,59,-21
120000096,5,86,-81
120000098,29,51,-22
120000099,10,66,-56
120000100,45,59,-14
120000101,17,48,-31
120000102,14,31,-17
120000103,69,43,26
120000104,54,16,38
120000105,61,17,44
120000106,45,22,23
120000107,65,30,35
120000108,25,4,21
120000109,63,3,60
120000110,18,237,-219
120000111,17,330,-313
120000112,113,802,-689
120000113,81,639,-558
120000114,52,564,-512
120000115,46,450,-404
120000116,89,496,-407
120000117,223,395,-172
120000118,0,0,0
120000119,0,0,0
120000120,0,0,0
120000121,0,0,0
120000122,0,0,0
120000123,162,53,109
120000124,8,14,-6
120000125,7,60,-53
120000126,13,61,-48
120000127,39,62,-23
120000128,72,84,-12
120000129,2,1,1
120000130,0,0,0
120000131,27,68,-41
120000134,0,0,0
120000135,2,35,-33
120000137,0,0,0
120000138,6,23,-17
120000139,0,0,0
120000140,7,23,-16
120000141,0,0,0
120000142,1,22,-21
120000143,0,0,0
120000144,0,1,-1
120000145,0,0,0
120000146,189,62,127
120000149,42,52,-10
120000150,7,76,-69
120000151,0,3,-3
120000152,0,0,0
120000153,12,152,-140
120000154,54,177,-123
120000155,0,0,0
120000156,1,0,1
120000157,0,0,0
120000158,68,245,-177
120000159,225,792,-567
120000160,275,118,157
120000161,65,374,-309
120000162,6,15,-9
120000163,16,266,-250
120000164,31,116,-85
120000165,19,344,-325
120000166,14,167,-153
120000167,1,4,-3
120000168,1,5,-4
120000169,57,9,48
120000170,76,6,70
120000171,17,6,11
120000172,0,0,0
120000173,131,2,129
120000174,18,2,16
120000175,26,1,25
120000176,5,38,-33
120000177,84,172,-88
120000178,0,0,0
120000179,21,0,21
120000180,20,13,7
120000181,11,11,0
120000182,10,0,10
120000183,0,46,-46
120000184,6,654,-648
120000186,0,3,-3
120000187,0,0,0
120000188,0,2,-2
120000190,0,0,0
120000191,0,0,0
120000192,0,0,0
120000193,0,0,0
120000195,0,0,0
120000196,0,0,0
120000197,0,0,0
120000198,0,14,-14
120000199,0,0,0
120000200,0,0,0
120000201,0,0,0
120000202,0,4,-4
120000203,0,37,-37
120000207,0,0,0
120000208,0,0,0
120000209,0,0,0
120000210,0,0,0
120000211,0,0,0
120000212,0,0,0
120000213,0,0,0
120000214,0,0,0
120000215,0,0,0
120000216,0,0,0
120000217,51,118,-67
120000218,30,160,-130
120000219,1,108,-107
120000220,0,297,-297
120000225,0,0,0
120000226,0,0,0
120000227,0,0,0
120000228,670,139,531
120000230,0,0,0
120000231,0,0,0
120000233,0,1,-1
120000235,38,235,-197
120000236,0,0,0
120000237,0,164,-164
120000238,0,8,-8
120000241,0,0,0
120000412,0,0,0
120000413,0,0,0
120000414,0,0,0
120000415,0,0,0
120000416,0,0,0
120000417,0,0,0
120000418,0,0,0
120000419,0,0,0
120000420,0,0,0
120000421,3393,1676,1717
120000422,61,35,26
120000423,0,7,-7
120000424,1,22,-21
120000436,11,24,-13
120000437,68,32,36
120000438,712,55,657
120000439,16,54,-38
120000443,0,0,0
120000444,14,142,-128
120000445,17,24,-7
120000446,70,5,65
120000447,0,0,0
120000449,0,0,0
120000450,0,0,0
120000451,3,20,-17
120000452,0,0,0
120000453,1,187,-186
120000454,0,0,0
120000455,5,5,0
120000456,264,185,79
120000457,74,72,2
120000458,81,153,-72
120000459,0,0,0
120000665,36,0,36
120000668,8,29,-21
120000669,0,0,0
120000670,4,10,-6
120000671,67,68,-1
120000672,9,93,-84
120900001,0,0,0
120900002,0,0,0
120900003,0,0,0
120900004,0,2,-2
120900005,0,0,0
120900006,1,0,1
120900007,4,8,-4
120900008,0,4,-4
120900009,0,0,0
120900010,0,3,-3
120900011,0,0,0
120900012,16,15,1
120900013,0,0,0
120900014,0,0,0
120900015,0,0,0
120900016,0,0,0
120900017,119,13,106
120900018,1,1,0
120900019,3,3,0
120900020,2,6,-4
120900021,0,0,0
120900022,0,0,0
120900023,0,0,0
120900024,42,33,9
120900025,5,0,5
120900026,0,0,0
120900027,0,0,0
120900028,1,0,1
120900029,0,0,0
120900030,1,2,-1
120900031,0,0,0
120900032,0,0,0
120900033,0,0,0
120900034,0,0,0
120900035,0,0,0
120900037,0,0,0
120900038,0,0,0
120900039,0,0,0
120900040,0,0,0
120900041,0,0,0
120900042,0,0,0
120900043,0,0,0
120900044,0,0,0
120900045,0,0,0
120900046,1,0,1
120900047,0,0,0
120900048,0,0,0
120900049,0,0,0
120900050,0,0,0
120900051,0,0,0
120900052,0,0,0
120900053,0,0,0
120900054,0,0,0
120900055,7,0,7
120900056,0,0,0
120900057,0,0,0
120900058,0,0,0
120900059,0,0,0
120900060,0,0,0
120900061,0,0,0
120900062,2,0,2
120900063,0,0,0
120900064,0,0,0
120900065,0,0,0
120900066,0,23,-23
120900067,0,0,0
120900068,0,0,0
120900069,0,1,-1
120900071,0,1,-1
120900072,0,0,0
120900073,0,1,-1
120900074,0,0,0
120900076,0,0,0
120900077,0,1,-1
120900078,1,63,-62
120900079,0,0,0
120900080,0,127,-127
120900081,0,0,0
120900082,0,16,-16
120900083,0,0,0
120900084,0,0,0
120900085,0,0,0
120900086,2,3,-1
120900087,0,0,0
120900088,0,0,0
120900089,256,36,220
120900090,0,2,-2
120900091,0,0,0
120900092,10,44,-34
120900093,0,0,0
120900094,30,24,6
120900095,0,0,0
120900096,1,3,-2
120900097,12,105,-93
120900098,0,0,0
120900099,1,9,-8
120900100,0,4,-4
120900101,0,0,0
120900102,0,0,0
120900103,2,0,2
120900104,0,4,-4
120900105,0,0,0
120900106,97,38,59
120900107,38,8,30
120900108,0,0,0
120900109,4,91,-87
120900110,0,0,0
120900111,1,15,-14
120900112,0,0,0
120900113,2,122,-120
120900114,0,33,-33
120900115,13,21,-8
120900116,0,19,-19
120900117,0,0,0
120900118,1,104,-103
120900119,0,0,0
120900120,1,79,-78
120900121,18,41,-23
120900122,0,37,-37
120900123,0,4,-4
120900124,1,88,-87
120900125,2,74,-72
120900126,51,59,-8
120900127,0,3,-3
120900128,69,122,-53
120900129,1,51,-50
120900130,0,104,-104
120900131,0,0,0
120900132,0,0,0
120900133,12,138,-126
120900134,21,34,-13
120900135,0,112,-112
120900136,0,0,0
120900137,0,0,0
120900138,1,19,-18
120900139,1,118,-117
120900140,0,0,0
120900141,0,0,0
120900142,3,108,-105
120900143,0,115,-115
120900144,1,46,-45
120900145,1,111,-110
120900146,0,126,-126
120900147,0,3,-3
120900148,0,3,-3
120900149,0,52,-52
120900150,0,52,-52
120900151,0,92,-92
120900152,0,1,-1
120900153,1,0,1
120900154,0,36,-36
120900155,2,142,-140
120900156,0,60,-60
120900157,0,0,0
120900158,1,74,-73
120900159,0,7,-7
120900160,3,70,-67
120900161,1,42,-41
120900162,0,34,-34
120900163,0,0,0
120900164,0,0,0
120900165,0,0,0
120900166,0,2,-2
120900167,4,5,-1
120900169,1,44,-43
120900170,43,29,14
120900171,65,17,48
120900172,0,0,0
120900173,0,9,-9
120900174,0,16,-16
120900175,0,0,0
120900176,0,3,-3
120900177,0,6,-6
120900178,0,3,-3
120900179,24,30,-6
120900180,0,0,0
120900181,0,0,0
120900182,0,0,0
120900183,0,0,0
120900184,0,0,0
120900185,0,1,-1
120900186,1,90,-89
120900187,1,5,-4
120900188,0,0,0
120900189,0,0,0
120900190,0,0,0
120900191,0,0,0
120900192,522,39,483
120900194,0,0,0
120900195,3,24,-21
120900196,0,0,0
120900197,0,0,0
120900198,8,97,-89
120900199,0,0,0
120900200,0,0,0
120900201,34,9,25
120900202,0,30,-30
120900203,0,0,0
120900204,115,49,66
120900205,0,0,0
120900206,0,0,0
120900207,6,74,-68
121000001,162,287,-125
121000002,193,109,84
121000003,1706,612,1094
121000004,390,222,168
121000005,618,514,104
121000006,535,238,297
121000007,820,863,-43
121000008,831,359,472
121000009,2412,1277,1135
121000010,2011,524,1487
121000011,4019,1149,2870
121000012,3276,766,2510
121000013,2211,1498,713
121000014,2126,1241,885
121000015,881,1573,-692
121000016,1758,1342,416
121000017,207,431,-224
121000018,438,262,176
121000019,2089,843,1246
121000020,1894,829,1065
121000021,407,565,-158
121000022,393,369,24
121000023,647,524,123
121000024,465,749,-284
121000025,81,26,55
121000026,42,18,24
121000027,645,109,536
121000028,85,53,32
121000029,11,23,-12
121000030,28,46,-18
121000031,19,41,-22
121000032,17,29,-12
121000034,0,0,0
121000035,9,22,-13
121000036,33,56,-23
121000037,61,88,-27
121000038,72,95,-23
121000039,9,29,-20
121000041,11,18,-7
121000042,0,0,0
121000043,16,8,8
121000044,72,66,6
121000045,2,25,-23
121000046,9,39,-30
121000047,0,9,-9
121000049,180,122,58
121000050,29,280,-251
121000051,41,23,18
121000052,23,121,-98
121000053,0,0,0
121000054,12,50,-38
121000055,247,122,125
121000056,180,109,71
121000057,13,21,-8
121000058,80,29,51
121000059,44,35,9
121000060,66,64,2
121000061,1,13,-12
121000062,10,6,4
121000063,79,179,-100
121000064,38,27,11
121000065,11,31,-20
121000066,21,37,-16
121000067,74,27,47
121000068,0,0,0
121000069,0,0,0
121000070,63,116,-53
121000071,66,145,-79
121000072,96,60,36
121000073,144,117,27
121000074,10,25,-15
121000075,6,9,-3
121000076,21,7,14
121000077,0,0,0
121000078,18,38,-20
121000080,242,97,145
121000081,216,233,-17
121000082,49,57,-8
121000083,0,0,0
121000084,39,40,-1
121000085,209,85,124
121000086,0,0,0
121000087,0,0,0
121000088,67,127,-60
121000089,0,0,0
121000090,35,85,-50
121000091,387,329,58
121000092,31,12,19
121000093,11,26,-15
121000094,103,35,68
121000095,0,0,0
121000096,823,583,240
121000097,264,277,-13
121000098,65,157,-92
121000099,84,158,-74
121000100,21,129,-108
121000101,0,0,0
121000102,8,66,-58
121000103,0,0,0
121000104,15,20,-5
121000105,22,68,-46
121000106,0,0,0
121000107,447,562,-115
121000109,314,382,-68
121000110,29,45,-16
121000114,543,682,-139
121000115,190,234,-44
121000116,105,194,-89
121000117,7,0,7
121000118,30,4,26
121000119,0,3,-3
121000120,0,0,0
121000121,0,0,0
121000123,0,0,0
121000127,4,3,1
121000128,23,171,-148
121000129,31,89,-58
121000130,66,122,-56
121000131,180,90,90
121000132,153,103,50
121000135,9,10,-1
121000136,50,18,32
121000137,14,2,12
121000138,22,20,2
121000139,52,30,22
121000141,7,31,-24
121000142,63,46,17
121000143,0,0,0
121000144,7,12,-5
121000145,27,77,-50
121000146,74,57,17
121000147,36,47,-11
121000148,55,62,-7
121000149,208,223,-15
121000152,67,29,38
121000153,202,82,120
121000154,95,14,81
121000155,158,76,82
121000156,97,86,11
121000157,115,51,64
121000158,55,30,25
121000159,1,50,-49
121000160,7,51,-44
121000161,0,0,0
121000162,0,0,0
121000165,0,0,0
121000166,4,25,-21
121000168,11,43,-32
121000169,3,68,-65
121000170,50,12,38
121000171,18,51,-33
121000172,61,91,-30
121000173,188,125,63
121000174,36,95,-59
121000175,47,70,-23
121000176,122,54,68
121000177,29,42,-13
121000178,9,6,3
121000179,1,13,-12
121000181,54,37,17
121000182,44,26,18
121000183,8,1,7
121000184,4,1,3
121000185,0,0,0
121000186,9,65,-56
121000187,0,0,0
121000188,0,0,0
121000192,61,45,16
121000193,27,47,-20
121000194,806,405,401
121000195,33,184,-151
121000196,0,0,0
121000197,24,113,-89
121000198,6,41,-35
121000199,13,189,-176
121000200,29,20,9
121000201,1,22,-21
121000202,8,2,6
121000203,3,78,-75
121000204,43,7,36
121000205,40,180,-140
121000206,20,40,-20
121000207,67,53,14
121000208,0,55,-55
121000209,15,261,-246
121000210,44,136,-92
121000211,6,25,-19
121000212,64,155,-91
121000213,130,154,-24
121000214,57,131,-74
121000215,174,174,0
121000216,30,93,-63
121000217,557,139,418
121000218,99,454,-355
121000219,104,76,28
121000220,96,48,48
121000221,18,8,10
121000222,458,713,-255
121000223,32,73,-41
121000224,0,0,0
121000225,102,106,-4
121000226,53,47,6
121000227,0,41,-41
121000228,3,385,-382
121000229,3,219,-216
121000230,34,826,-792
121000231,0,0,0
121000232,0,0,0
121000233,6,15,-9
121000234,0,0,0
121000235,1,1,0
121000236,0,0,0
121000237,0,0,0
121000238,0,0,0
121000239,0,0,0
121000240,0,0,0
121000241,2,1,1
121000242,0,0,0
121000243,0,1,-1
121000244,0,0,0
121000245,0,0,0
121000246,0,1,-1
121000247,1,0,1
121000248,2,1,1
121000249,6,35,-29
121000250,16,4,12
121000251,1,131,-130
121000252,4,1,3
121000253,34,297,-263
121000254,79,29,50
121000255,17,21,-4
121000256,3,10,-7
121000257,4,17,-13
121000258,4,5,-1
121000259,8,14,-6
121000260,13,29,-16
121000261,1,3,-2
121000262,166,125,41
121000263,104,105,-1
121000271,70,167,-97
121000273,3,4,-1
121000274,0,0,0
121000275,1,19,-18
121000276,0,0,0
121000278,1,0,1
121000279,2,7,-5
121000280,0,2,-2
121000289,7,0,7
121000290,177,127,50
121000294,0,26,-26
121000297,18,75,-57
121000299,5,86,-81
121000300,75,37,38
121000302,8,41,-33
121000303,68,43,25
121000304,0,0,0
121000305,0,0,0
121000306,0,0,0
121000308,39,64,-25
121000309,113,119,-6
121000310,12,103,-91
121000311,7,258,-251
121000312,0,0,0
121000313,165,103,62
121000314,27,17,10
121000315,37,14,23
121000530,96,236,-140
121000531,85,225,-140
121000532,731,283,448
121000533,474,265,209
121000918,0,38,-38
121000919,0,0,0
121000938,12,8,4
121000939,13,1,12
121000956,67,264,-197
121000957,5,59,-54
121000958,4,68,-64
121000959,55,330,-275
121000960,74,383,-309
121000961,4,0,4
121000962,0,0,0
121000963,0,1,-1
121000973,4,77,-73
121000976,0,0,0
121000979,0,0,0
121000981,12,0,12
121000982,0,0,0
121000983,18,121,-103
121000984,0,3,-3
121000985,48,68,-20
121000986,0,7,-7
121000987,25,373,-348
121000988,74,4,70
121001302,82,37,45
121001308,2,5,-3
121001309,2,1,1
121001313,6,85,-79
121001314,2118,952,1166
121001315,827,506,321
121900001,0,0,0
121900002,0,5,-5
121900003,0,0,0
121900004,0,0,0
121900005,0,1,-1
121900006,0,0,0
121900007,0,0,0
121900008,0,0,0
121900009,0,0,0
121900010,0,0,0
121900011,0,0,0
121900012,0,0,0
121900013,0,0,0
121900014,0,0,0
121900015,0,0,0
121900016,0,0,0
121900017,0,0,0
121900018,0,0,0
121900019,0,0,0
121900020,0,0,0
121900021,0,0,0
121900022,0,0,0
121900023,0,0,0
121900024,0,0,0
121900025,0,0,0
121900026,0,0,0
121900027,0,0,0
121900028,0,0,0
121900029,0,0,0
121900030,0,0,0
121900031,0,0,0
121900032,0,0,0
121900033,0,0,0
121900034,0,0,0
121900035,0,0,0
121900036,0,0,0
121900037,0,0,0
121900038,0,0,0
121900039,0,0,0
121900040,0,0,0
121900041,0,0,0
121900042,0,0,0
121900043,0,0,0
121900044,0,0,0
121900046,0,0,0
121900047,0,0,0
121900048,0,0,0
121900050,0,0,0
121900051,0,0,0
121900052,0,0,0
121900053,11,34,-23
121900054,0,0,0
121900055,0,0,0
121900058,0,0,0
121900059,0,0,0
121900060,0,0,0
121900061,0,0,0
121900062,0,0,0
121900063,0,0,0
121900064,0,0,0
121900066,0,0,0
121900067,0,0,0
121900069,0,0,0
121900070,0,0,0
121900071,0,0,0
121900072,0,0,0
121900073,0,0,0
121900074,0,0,0
121900075,0,0,0
121900076,0,0,0
121900077,0,0,0
121900078,0,0,0
121900079,0,0,0
121900080,0,0,0
121900082,0,0,0
121900084,0,0,0
121900085,0,0,0
121900086,0,0,0
121900087,0,0,0
121900088,0,0,0
121900089,0,0,0
121900090,0,0,0
121900091,0,0,0
121900092,0,0,0
121900093,0,0,0
121900094,0,0,0
121900095,0,0,0
121900096,0,0,0
121900097,0,0,0
121900098,0,0,0
121900099,0,0,0
121900100,0,0,0
121900101,0,0,0
121900102,0,0,0
121900103,0,0,0
121900104,0,0,0
121900105,0,0,0
121900106,0,0,0
121900107,0,0,0
121900108,0,0,0
121900109,0,0,0
121900110,0,0,0
121900111,0,0,0
121900112,0,0,0
121900113,0,0,0
121900114,0,0,0
121900117,0,0,0
121900118,0,0,0
121900119,0,0,0
121900120,0,0,0
121900121,0,0,0
121900122,0,0,0
121900123,0,0,0
121900124,0,0,0
121900125,0,0,0
121900127,0,0,0
121900128,0,0,0
121900129,0,0,0
121900130,0,0,0
121900131,0,0,0
121900132,0,0,0
121900133,0,0,0
121900134,0,0,0
121900135,0,0,0
121900136,0,0,0
121900137,0,0,0
121900138,0,0,0
121900139,0,0,0
121900140,0,0,0
121900141,0,0,0
121900142,0,0,0
121900143,0,0,0
121900144,0,0,0
121900145,0,0,0
121900146,0,0,0
121900147,0,0,0
121900148,0,0,0
121900149,0,0,0
121900150,0,0,0
121900151,0,0,0
121900152,0,0,0
121900153,0,0,0
121900154,0,0,0
121900155,0,0,0
121900156,0,0,0
121900157,0,0,0
121900158,1,1,0
121900159,0,0,0
121900160,0,0,0
121900161,0,0,0
121900162,2,1,1
121900163,0,0,0
121900164,0,0,0
121900165,0,0,0
121900166,0,0,0
121900167,0,0,0
121900168,0,0,0
121900169,0,24,-24
121900170,0,0,0
121900171,0,0,0
121900172,0,0,0
121900173,0,0,0
121900174,0,0,0
121900175,0,0,0
121900176,9,72,-63
121900177,0,2,-2
121900178,0,0,0
121900179,0,0,0
121900180,1,1,0
121900182,0,0,0
121900183,0,0,0
121900184,0,0,0
121900186,0,0,0
121900187,0,0,0
121900188,0,0,0
121900189,0,0,0
121900190,0,0,0
121900191,0,0,0
121900192,0,0,0
121900193,0,0,0
121900194,0,0,0
121900195,0,0,0
121900196,0,0,0
121900197,7,30,-23
121900198,0,0,0
121900199,0,0,0
121900200,0,0,0
121900201,0,0,0
121900202,1,3,-2
121900203,0,0,0
121900204,0,0,0
121900205,0,0,0
121900206,0,0,0
121900207,0,0,0
121900208,0,0,0
121900209,0,0,0
121900210,0,0,0
121900211,0,0,0
121900212,0,0,0
121900213,0,0,0
121900214,0,0,0
121900215,0,0,0
121900216,0,0,0
121900217,0,0,0
121900218,0,0,0
121900220,0,0,0
121900221,0,0,0
121900222,0,0,0
121900223,0,0,0
121900224,0,0,0
121900225,0,0,0
121900226,0,0,0
121900227,0,0,0
121900228,0,0,0
121900230,0,0,0
121900231,0,0,0
121900232,0,0,0
121900233,0,0,0
121900234,0,0,0
121900235,0,0,0
121900236,0,0,0
121900237,0,0,0
121900238,0,0,0
121900239,0,0,0
121900240,0,0,0
121900241,0,0,0
121900242,0,0,0
121900243,0,0,0
121900244,0,0,0
121900245,0,0,0
121900246,0,0,0
121900247,0,0,0
121900248,0,0,0
121900250,0,0,0
121900251,0,0,0
121900252,0,0,0
121900253,3,10,-7
121900254,0,0,0
121900255,0,0,0
121900258,0,0,0
121900259,0,0,0
121900260,0,0,0
121900261,0,0,0
121900262,0,0,0
121900263,0,0,0
121900264,0,0,0
121900265,0,0,0
121900266,0,0,0
121900267,0,0,0
121900269,0,0,0
121900270,0,0,0
121900271,0,0,0
121900273,0,0,0
121900274,0,0,0
121900277,0,0,0
121900278,0,0,0
121900279,0,0,0
121900280,0,0,0
121900281,0,0,0
121900284,0,0,0
121900286,1,5,-4
121900287,0,0,0
121900288,0,0,0
121900290,0,0,0
121900291,6,13,-7
121900292,0,0,0
121900293,28,123,-95
121900294,0,0,0
121900295,0,0,0
121900296,0,0,0
121900298,0,0,0
121900299,0,0,0
121900300,0,0,0
121900301,0,0,0
121900302,0,0,0
121900303,0,0,0
121900304,0,0,0
121900305,0,0,0
121900306,0,0,0
121900307,0,0,0
121900308,0,22,-22
121900309,1,19,-18
121900310,2,22,-20
121900311,0,0,0
121900312,0,0,0
121900313,0,0,0
121900314,0,0,0
121900315,0,0,0
121900316,0,0,0
121900317,0,0,0
121900318,0,0,0
121900319,0,0,0
121900320,0,0,0
121900321,0,0,0
121900322,0,0,0
121900323,0,0,0
121900324,0,0,0
121900325,0,0,0
121900326,0,0,0
121900327,0,0,0
121900328,0,0,0
121900329,0,0,0
121900330,0,0,0
121900331,0,0,0
121900332,0,0,0
121900333,0,0,0
121900334,0,0,0
122000001,301,407,-106
122000002,366,145,221
122000003,226,199,27
122000004,237,115,122
122000005,139,72,67
122000006,48,63,-15
122000007,59,85,-26
122000008,413,288,125
122000009,79,12,67
122000010,213,138,75
122000011,197,62,135
122000012,105,153,-48
122000013,137,103,34
122000014,121,101,20
122000015,46,53,-7
122000016,44,70,-26
122000017,171,127,44
122000018,138,143,-5
122000019,107,170,-63
122000020,31,14,17
122000021,85,33,52
122000022,89,34,55
122000023,39,50,-11
122000024,34,121,-87
122000025,37,121,-84
122000026,17,20,-3
122000027,178,299,-121
122000028,0,0,0
122000029,0,0,0
122000030,59,30,29
122000031,0,0,0
122000032,13,37,-24
122000033,8,22,-14
122000034,93,121,-28
122000035,108,118,-10
122000036,42,121,-79
122000037,47,22,25
122000038,34,24,10
122000039,74,72,2
122000040,62,80,-18
122000041,0,0,0
122000042,0,0,0
122000043,0,0,0
122000044,0,0,0
122000045,6,6,0
122000046,13,14,-1
122000047,47,31,16
122000048,368,192,176
122000049,738,376,362
122000050,89,175,-86
122000051,0,0,0
122000052,4,4,0
122000053,7,85,-78
122000054,158,179,-21
122000055,231,352,-121
122000056,366,330,36
122000057,695,526,169
122000058,430,474,-44
122000059,502,411,91
122000060,147,155,-8
122000061,78,35,43
122000062,168,44,124
122000063,48,75,-27
122000064,491,561,-70
122000065,715,524,191
122000066,272,244,28
122000067,170,319,-149
122000068,155,95,60
122000069,228,114,114
122000070,12,36,-24
122000071,18,39,-21
122000072,55,35,20
122000073,49,67,-18
122000074,9,1,8
122000075,2,6,-4
122000076,83,82,1
122000077,73,201,-128
122000078,242,438,-196
122000079,100,155,-55
122000080,26,44,-18
122000081,11,15,-4
122000082,0,0,0
122000083,123,263,-140
122000084,122,111,11
122000085,59,187,-128
122000086,225,299,-74
122000087,5,8,-3
122000088,18,61,-43
122000089,520,232,288
122000090,4,29,-25
122000091,21,6,15
122000092,4,0,4
122000093,104,311,-207
122000094,751,151,600
122000095,319,201,118
122000096,89,18,71
122000098,507,426,81
122000099,62,96,-34
122000100,63,30,33
122000101,7,15,-8
122000102,226,105,121
122000103,119,92,27
122000104,18,9,9
122000105,9,12,-3
122000106,45,32,13
122000107,13,21,-8
122000108,59,78,-19
122000109,9,3,6
122000110,25,61,-36
122000111,207,67,140
122000112,22,63,-41
122000113,30,46,-16
122000114,520,729,-209
122000115,485,293,192
122000116,140,27,113
122000117,63,10,53
122000118,25,16,9
122000119,327,297,30
122000120,305,438,-133
122000121,356,241,115
122000122,67,154,-87
122000123,212,38,174
122000124,64,45,19
122000125,163,87,76
122000126,92,72,20
122000127,141,165,-24
122000128,51,128,-77
122000129,54,17,37
122000130,52,18,34
122000131,36,11,25
122000132,176,63,113
122000133,103,333,-230
122000134,91,55,36
122000135,69,256,-187
122000136,5,5,0
122000137,15,8,7
122000139,216,215,1
122000140,151,54,97
122000141,577,106,471
122000142,38,138,-100
122000143,11,24,-13
122000144,51,38,13
122000145,65,75,-10
122000146,0,0,0
122000147,22,12,10
122000148,537,239,298
122000149,154,57,97
122000150,51,34,17
122000151,73,60,13
122000152,48,34,14
122000153,0,0,0
122000154,0,0,0
122000155,81,77,4
122000156,967,728,239
122000157,495,474,21
122000158,18,32,-14
122000159,10,19,-9
122000160,95,33,62
122000161,41,20,21
122000162,60,15,45
122000163,0,0,0
122000164,0,0,0
122000165,43,60,-17
122000166,6,11,-5
122000167,39,54,-15
122000168,1,2,-1
122000169,71,49,22
122000170,19,64,-45
122000171,5,32,-27
122000172,227,232,-5
122000173,110,348,-238
122000174,230,255,-25
122000175,267,53,214
122000176,2,4,-2
122000177,237,432,-195
122000178,30,7,23
122000179,208,282,-74
122000180,166,384,-218
122000181,390,865,-475
122000182,86,27,59
122000183,127,13,114
122000184,2523,476,2047
122000185,540,338,202
122000186,44,85,-41
122000187,26,78,-52
122000188,89,41,48
122000189,0,0,0
122000190,7,88,-81
122000191,48,23,25
122000192,80,5,75
122000193,2,15,-13
122000194,36,12,24
122000195,0,4,-4
122000196,17,23,-6
122000197,11,10,1
122000198,81,54,27
122000199,57,15,42
122000200,48,14,34
122000201,585,818,-233
122000202,427,363,64
122000203,370,296,74
122000204,142,325,-183
122000205,94,113,-19
122000206,51,30,21
122000207,28,43,-15
122000208,15,68,-53
122000209,1,1,0
122000210,125,377,-252
122000211,133,247,-114
122000212,105,51,54
122000213,145,89,56
122000214,109,190,-81
122000215,163,173,-10
122000217,228,395,-167
122000218,0,0,0
122000219,404,315,89
122000220,47,185,-138
122000221,13,19,-6
122000222,51,3,48
122000223,102,100,2
122000225,127,23,104
122000226,96,367,-271
122000227,33,174,-141
122000228,36,101,-65
122000229,5,96,-91
122000230,6,124,-118
122000231,8,147,-139
122000232,6,175,-169
122000233,0,0,0
122000234,5,4,1
122000235,16,6,10
122000236,29,10,19
122000237,5,2,3
122000238,17,5,12
122000239,4,5,-1
122000240,11,2,9
122000241,1,0,1
122000242,1,2,-1
122000243,0,2,-2
122000244,6,97,-91
122000245,30,69,-39
122000246,17,15,2
122000247,73,135,-62
122000248,200,269,-69
122000249,17,8,9
122000250,67,8,59
122000251,79,85,-6
122000252,18,8,10
122000253,5,72,-67
122000254,10,2,8
122000255,29,30,-1
122000256,50,571,-521
122000257,50,130,-80
122000258,39,26,13
122000259,2,118,-116
122000260,0,20,-20
122000261,0,3,-3
122000262,1,26,-25
122000263,5,38,-33
122000264,0,0,0
122000265,0,0,0
122000266,0,0,0
122000267,0,0,0
122000268,0,0,0
122000269,0,0,0
122000270,0,0,0
122000271,1,1,0
122000272,0,1,-1
122000273,4,9,-5
122000274,2,1,1
122000275,4,0,4
122000276,28,24,4
122000277,66,103,-37
122000278,58,31,27
122000279,18,125,-107
122000280,190,219,-29
122000281,68,186,-118
122000282,3,22,-19
122000283,155,15,140
122000284,12,30,-18
122000285,101,59,42
122000286,30,64,-34
122000287,6,6,0
122000288,14,2,12
122000291,87,22,65
122000293,12,18,-6
122000294,0,0,0
122000295,0,0,0
122000296,21,41,-20
122000297,179,111,68
122000299,18,23,-5
122000300,87,130,-43
122000301,1294,118,1176
122000302,48,25,23
122000303,1016,317,699
122000304,0,36,-36
122000305,123,27,96
122000306,6,217,-211
122000307,53,29,24
122000309,8,113,-105
122000310,0,5,-5
122000311,6,10,-4
122000312,4,6,-2
122000313,4,1,3
122000314,12,32,-20
122000315,10,0,10
122000316,37,9,28
122000317,34,8,26
122000318,6,9,-3
122000319,26,80,-54
122000320,38,435,-397
122000321,12,212,-200
122000322,209,67,142
122000323,99,91,8
122000324,130,136,-6
122000325,12,81,-69
122000326,0,0,0
122000327,30,32,-2
122000328,80,171,-91
122000330,83,17,66
122000332,6,67,-61
122000333,0,56,-56
122000337,102,426,-324
122000338,41,101,-60
122000340,25,18,7
122000342,262,179,83
122000343,15,240,-225
122000344,0,0,0
122000345,1,0,1
122000346,12,17,-5
122000348,32,61,-29
122000349,4,141,-137
122000351,0,1,-1
122000352,47,3,44
122000353,0,46,-46
122000355,0,0,0
122000356,439,235,204
122000357,0,0,0
122000358,0,0,0
122000359,0,0,0
122000360,0,0,0
122000362,1,25,-24
122000364,4,56,-52
122000365,0,0,0
122000366,0,0,0
122000368,59,71,-12
122000370,0,10,-10
122000371,0,0,0
122000372,0,0,0
122000381,16,54,-38
122000382,2,20,-18
122000384,317,213,104
122000385,0,0,0
122000386,3,22,-19
122000387,21,35,-14
122000388,28,17,11
122000389,99,190,-91
122000390,10,44,-34
122000391,0,0,0
122000392,3,28,-25
122000393,0,5,-5
122000394,8,24,-16
122000395,3,17,-14
122000396,13,14,-1
122000397,5,23,-18
122000398,0,0,0
122000399,5,10,-5
122000400,0,0,0
122000401,21,25,-4
122000402,0,0,0
122000403,79,675,-596
122000404,9,7,2
122000408,88,133,-45
122000503,0,0,0
122000524,0,0,0
122000544,0,0,0
122000616,310,6,304
122000640,0,0,0
122000641,0,1,-1
122000642,0,1,-1
122000643,0,0,0
122000644,25,19,6
122000645,54,123,-69
122000651,91,127,-36
122000664,11,6,5
122000665,264,148,116
122000666,25,66,-41
122000673,17,130,-113
122000674,56,18,38
122000675,144,221,-77
122000686,0,0,0
122000687,34,86,-52
122000688,0,0,0
122000689,63,224,-161
122000690,76,277,-201
122000691,0,0,0
122000692,91,105,-14
122000693,0,0,0
122000695,37,149,-112
122000696,1,5,-4
122000698,22,337,-315
122000699,33,1,32
122000701,72,82,-10
122000702,0,0,0
122000703,0,0,0
122000712,0,0,0
122000717,33,24,9
122000718,1,2,-1
122000719,0,2,-2
122000720,3,7,-4
122000724,73,12,61
122900001,0,0,0
122900002,0,0,0
122900003,0,0,0
122900004,0,0,0
122900005,0,0,0
122900006,0,0,0
122900007,0,0,0
122900008,0,0,0
122900009,0,0,0
122900010,0,0,0
122900012,0,0,0
122900014,0,0,0
122900015,0,0,0
122900016,0,0,0
122900017,0,0,0
122900018,0,0,0
122900019,0,16,-16
122900020,0,0,0
122900021,0,1,-1
122900022,5,61,-56
122900023,8,13,-5
122900024,5,0,5
122900025,0,0,0
122900026,0,0,0
122900027,0,30,-30
122900028,0,0,0
122900029,0,0,0
122900030,107,10,97
122900031,0,0,0
122900032,0,2,-2
122900033,0,0,0
122900034,0,0,0
122900035,0,0,0
122900036,0,0,0
122900037,0,0,0
122900038,1,13,-12
122900039,0,0,0
122900040,0,0,0
122900041,0,0,0
122900042,0,0,0
122900043,0,0,0
122900044,0,0,0
122900045,0,0,0
122900046,0,0,0
122900047,0,0,0
122900048,0,0,0
122900049,0,0,0
122900051,0,0,0
122900052,0,5,-5
122900053,0,0,0
122900055,0,0,0
122900057,0,0,0
122900061,0,0,0
122900062,13,11,2
122900063,0,0,0
122900064,0,0,0
122900065,6,4,2
122900066,4,6,-2
122900067,0,0,0
122900068,0,0,0
122900069,2,12,-10
122900070,1,0,1
122900071,2,5,-3
122900072,4,27,-23
122900073,0,0,0
122900074,0,0,0
122900075,0,1,-1
122900076,0,4,-4
122900077,0,25,-25
122900078,0,35,-35
122900080,0,0,0
122900081,0,0,0
122900082,0,0,0
122900083,0,0,0
122900084,0,0,0
122900086,0,0,0
122900087,0,0,0
122900088,0,0,0
122900089,0,0,0
122900090,1,10,-9
122900091,0,0,0
122900092,0,0,0
122900093,0,0,0
122900094,0,0,0
122900095,0,0,0
122900096,0,0,0
122900097,0,0,0
122900098,0,0,0
122900099,0,0,0
122900100,0,0,0
122900101,0,0,0
122900102,0,0,0
122900103,0,0,0
122900104,0,0,0
122900105,0,0,0
122900106,0,0,0
122900107,0,0,0
122900108,0,0,0
123000001,221,123,98
123000002,1115,477,638
123000003,732,569,163
123000004,1089,1121,-32
123000005,217,333,-116
123000006,722,865,-143
123000007,205,261,-56
123000008,618,1452,-834
123000009,826,621,205
123000010,1725,2144,-419
123000011,318,239,79
123000012,350,972,-622
123000013,464,112,352
123000014,552,1154,-602
123000015,1515,186,1329
123000016,1731,1107,624
123000017,214,102,112
123000018,1,15,-14
123000019,0,2,-2
123000020,0,0,0
123000021,0,0,0
123000022,0,3,-3
123000023,52,81,-29
123000024,53,44,9
123000025,2,4,-2
123000026,0,29,-29
123000027,7,38,-31
123000028,9,1,8
123000029,39,58,-19
123000030,1,140,-139
123000031,0,8,-8
123000032,1,2,-1
123000033,2,0,2
123000034,31,37,-6
123000035,5,2,3
123000036,7,7,0
123000037,39,72,-33
123000038,19,66,-47
123000039,139,177,-38
123000040,331,127,204
123000041,23,10,13
123000042,140,114,26
123000043,133,191,-58
123000044,734,416,318
123000045,1704,456,1248
123000046,9,8,1
123000047,478,164,314
123000048,0,0,0
123000049,522,140,382
123000050,71,64,7
123000051,2,14,-12
123000052,79,148,-69
123000053,491,250,241
123000054,203,135,68
123000055,71,91,-20
123000056,196,388,-192
123000057,2419,713,1706
123000058,42,49,-7
123000059,17,22,-5
123000060,80,39,41
123000061,15,37,-22
123000063,61,162,-101
123000064,64,61,3
123000065,1269,595,674
123000066,179,112,67
123000067,22,36,-14
123000068,794,769,25
123000069,2640,818,1822
123000070,49,66,-17
123000071,12,47,-35
123000072,225,340,-115
123000073,15,22,-7
123000074,154,420,-266
123000075,19,37,-18
123000076,59,142,-83
123000077,624,609,15
123000078,16,46,-30
123000079,16,27,-11
123000080,287,497,-210
123000081,27,35,-8
123000082,72,131,-59
123000083,46,10,36
123000084,38,199,-161
123000085,2,7,-5
123000086,2,35,-33
123000087,1,34,-33
123000088,121,193,-72
123000089,0,0,0
123000090,305,445,-140
123000091,0,0,0
123000092,171,251,-80
123000094,9,18,-9
123000095,7,15,-8
123000096,5,6,-1
123000097,64,260,-196
123000098,11,9,2
123000099,70,186,-116
123000100,93,84,9
123000101,2,3,-1
123000102,37,110,-73
123000104,23,66,-43
123000105,110,109,1
123000106,47,85,-38
123000107,74,115,-41
123000108,184,186,-2
123000111,14,8,6
123000112,31,17,14
123000113,62,232,-170
123000114,5,4,1
123000115,29,54,-25
123000116,7,26,-19
123000117,135,330,-195
123000118,81,146,-65
123000119,44,131,-87
123000120,57,90,-33
123000121,52,34,18
123000122,277,99,178
123000123,40,19,21
123000124,177,172,5
123000125,55,6,49
123000126,41,55,-14
123000127,793,339,454
123000128,61,118,-57
123000129,0,0,0
123000130,0,0,0
123000131,25,128,-103
123000132,62,133,-71
123000133,44,113,-69
123000134,145,34,111
123000135,65,79,-14
123000136,46,317,-271
123000137,15,88,-73
123000138,11,133,-122
123000139,0,0,0
123000140,29,163,-134
123000141,0,0,0
123000142,187,248,-61
123000143,257,694,-437
123000144,8,6,2
123000145,16,13,3
123000146,0,17,-17
123000147,1,13,-12
123000149,0,0,0
123000150,0,0,0
123000151,28,29,-1
123000152,12,97,-85
123000153,25,30,-5
123000154,201,81,120
123000155,370,83,287
123000156,2,16,-14
123000157,120,162,-42
123000158,0,0,0
123000159,214,137,77
123000160,76,24,52
123000161,142,22,120
123000162,38,34,4
123000163,0,0,0
123000164,0,0,0
123000165,21,378,-357
123000166,10,40,-30
123000167,3,73,-70
123000168,21,104,-83
123000169,0,0,0
123000170,0,53,-53
123000171,0,6,-6
123000172,42,204,-162
123000173,0,0,0
123000174,0,0,0
123000175,212,343,-131
123000176,0,0,0
123000177,16,216,-200
123000178,0,0,0
123000179,0,138,-138
123000180,158,11,147
123000181,36,368,-332
123000182,9,90,-81
123000183,25,19,6
123000184,31,182,-151
123000185,0,0,0
123000186,1,241,-240
123000187,0,0,0
123000188,0,0,0
123000189,4,48,-44
123000190,0,6,-6
123000192,1,95,-94
123000193,7,80,-73
123000194,60,52,8
123000195,0,0,0
123000196,0,1,-1
123000197,0,40,-40
123000198,0,53,-53
123000199,0,146,-146
123000200,0,0,0
123000201,0,0,0
123000202,5,377,-372
123000203,0,0,0
123000204,8,426,-418
123000205,66,469,-403
123000206,38,4,34
123000207,11,192,-181
123000208,19,4,15
123000209,67,7,60
123000210,106,344,-238
123000211,109,641,-532
123000212,0,0,0
123000213,0,0,0
123000215,464,48,416
123000216,0,0,0
123000217,0,0,0
123000218,30,64,-34
123000219,0,0,0
123000220,0,0,0
123000221,0,0,0
123000222,10,10,0
123000223,3,6,-3
123000224,15,34,-19
123000225,6,23,-17
123000226,1,133,-132
123000227,7,91,-84
123000228,1,32,-31
123000229,266,518,-252
123000232,21,138,-117
123000233,0,0,0
123000234,28,222,-194
123000235,0,0,0
123000236,20,185,-165
123000237,0,0,0
123000238,11,145,-134
123000239,81,475,-394
123000240,1,62,-61
123000241,0,0,0
123000242,6,47,-41
123000243,162,346,-184
123000244,222,204,18
123000245,10,85,-75
123000249,867,243,624
123000252,0,0,0
123000253,0,0,0
123000254,19,162,-143
123000255,14,47,-33
123000256,22,58,-36
123000257,557,535,22
123000258,103,305,-202
123000259,30,110,-80
123000260,45,110,-65
123000261,19,42,-23
123000262,9,35,-26
123000263,9,7,2
123000264,3,0,3
123000265,13,21,-8
123000266,35,114,-79
123000267,0,0,0
123000268,15,8,7
123000269,0,0,0
123000270,0,0,0
123000271,5,7,-2
123000272,0,0,0
123000273,0,0,0
123000274,0,0,0
123000275,49,337,-288
123000278,392,380,12
123000279,0,0,0
123000280,6,53,-47
123000281,0,0,0
123000282,2,54,-52
123000283,0,0,0
123000284,4,34,-30
123000286,48,41,7
123000287,39,40,-1
123000288,0,0,0
123000289,0,0,0
123000291,54,268,-214
123000294,6,21,-15
123000295,97,38,59
123000296,15,11,4
123000297,1,0,1
123000298,13,24,-11
123000299,0,0,0
123000300,24,103,-79
123000301,7,42,-35
123000302,2,1,1
123000303,0,0,0
123000305,212,160,52
123000306,0,82,-82
123000309,6,15,-9
123000310,0,0,0
123000311,0,84,-84
123000312,88,138,-50
123000313,0,0,0
123000315,2,3,-1
123000316,200,60,140
123000317,0,0,0
123000318,2,38,-36
123000329,177,26,151
123000337,0,41,-41
123000338,3,0,3
123000339,1,154,-153
123000340,3,15,-12
123000342,1,32,-31
123000343,0,0,0
123000344,110,52,58
123000345,34,91,-57
123000346,0,0,0
123000352,382,273,109
123000353,6,18,-12
123000354,9,1,8
123000355,0,80,-80
123000356,0,0,0
123000357,0,64,-64
123000359,1,59,-58
123000360,0,0,0
123000361,78,49,29
123000362,3,18,-15
123000363,3,59,-56
123000364,22,21,1
123000365,11,51,-40
123000366,71,126,-55
123000367,33,178,-145
123000370,0,61,-61
123000371,0,0,0
123000372,3,0,3
123000373,0,109,-109
123000374,1,42,-41
123000375,2,3,-1
123000376,26,45,-19
123000377,0,0,0
123000378,2,105,-103
123000379,0,71,-71
123000380,1,32,-31
123000381,2,0,2
123000382,25,4,21
123000383,40,104,-64
123000384,27,4,23
123000385,15,165,-150
123000436,23,174,-151
123000507,11,4,7
123000508,16,53,-37
123000517,125,20,105
123000518,5,27,-22
123000519,67,33,34
123000520,17,30,-13
123000521,64,42,22
123000522,21,72,-51
123000541,0,0,0
123000542,0,11,-11
123000565,48,6,42
123000566,8,136,-128
123000567,26,50,-24
123000573,18,288,-270
123000574,0,0,0
123000575,73,337,-264
123000576,23,507,-484
123000577,28,206,-178
123000578,0,0,0
123000579,211,56,155
123000580,56,5,51
123000582,0,0,0
123000583,4,117,-113
123000584,0,0,0
123000585,0,16,-16
123000586,0,0,0
123000596,4,30,-26
123000597,0,0,0
123000602,0,0,0
123000603,18,100,-82
123000604,11,300,-289
123000605,243,26,217
123000606,3,659,-656
123000609,3,200,-197
123000610,2,2,0
123000613,73,77,-4
123000614,0,0,0
123000615,48,100,-52
123000616,0,0,0
123000617,31,186,-155
123000618,11,159,-148
123000619,0,0,0
123000620,28,157,-129
123000622,0,0,0
123000624,0,0,0
123000630,27,42,-15
123000631,28,491,-463
123000632,230,275,-45
123000633,0,34,-34
123000634,0,0,0
123000635,51,45,6
123000636,4,132,-128
123000637,0,0,0
123000638,0,0,0
123000639,0,0,0
123000640,0,345,-345
123000648,0,0,0
123000649,12,163,-151
123900001,5,2,3
123900002,0,0,0
123900003,0,0,0
123900005,0,0,0
123900006,0,0,0
124000001,180,0,180
124000002,83,438,-355
124000003,4,5,-1
124000004,11,196,-185
124000005,7,3,4
124000006,78,502,-424
124000007,8,0,8
124000008,5,168,-163
124000009,2,2,0
124000010,23,186,-163
124000011,13,4,9
124000012,84,320,-236
124000017,0,0,0
124000018,57,28,29
124000019,0,0,0
124000020,15,85,-70
124000021,0,0,0
124000022,36,96,-60
124000023,180,115,65
124000024,189,183,6
124000025,116,58,58
124000026,148,163,-15
124000027,772,217,555
124000028,902,942,-40
124000030,966,336,630
124000031,47,0,47
124000032,1034,336,698
124000033,75,3,72
124000034,432,356,76
124000035,12,1,11
124000036,33,234,-201
124000037,14,4,10
124000038,4,23,-19
124000039,82,27,55
124000040,112,194,-82
124000041,30,6,24
124000042,17,161,-144
124000043,7,12,-5
124000044,21,96,-75
124000045,0,0,0
124000046,54,327,-273
124000047,0,0,0
124000048,119,563,-444
124000049,0,0,0
124000050,114,797,-683
124000051,0,0,0
124000052,69,517,-448
124000053,0,0,0
124000054,197,191,6
124000055,0,0,0
124000056,808,589,219
124000057,0,0,0
124000058,110,588,-478
124000059,18,45,-27
124000060,373,289,84
124000061,19,72,-53
124000062,2247,437,1810
124000063,494,533,-39
124000064,453,577,-124
124000065,18,46,-28
124000066,0,0,0
124000067,0,0,0
124000068,1,20,-19
124000069,0,0,0
124000070,14,130,-116
124000071,0,0,0
124000072,25,71,-46
124000073,0,0,0
124000074,42,184,-142
124000075,0,0,0
124000076,8,68,-60
124000077,289,126,163
124000078,11,3,8
124000079,157,184,-27
124000080,0,0,0
124000081,8,205,-197
124000082,0,0,0
124000083,6,28,-22
124000084,2,3,-1
124000085,7,16,-9
124000086,0,0,0
124000087,0,0,0
124000088,1,0,1
124000089,14,6,8
124000090,14,128,-114
124000091,10,7,3
124000092,11,262,-251
124000093,0,0,0
124000094,2,22,-20
124000095,0,0,0
124000096,14,28,-14
124000097,0,0,0
124000098,3,53,-50
124000099,1,1,0
124000100,0,56,-56
124000101,2,6,-4
124000102,25,36,-11
124000103,1,5,-4
124000104,4,37,-33
124000105,2,1,1
124000106,14,40,-26
124000107,0,6,-6
124000108,10,12,-2
124000109,0,0,0
124000110,10,22,-12
124000111,5,29,-24
124000112,15,72,-57
124000113,0,0,0
124000114,9,31,-22
124000115,34,63,-29
124000116,0,2,-2
124000117,27,6,21
124000118,0,1,-1
124000119,31,112,-81
124000120,1,0,1
124000121,108,30,78
124000122,339,316,23
124000123,107,43,64
124000124,64,180,-116
124000125,47,49,-2
124000126,101,135,-34
124000127,45,48,-3
124000128,77,458,-381
124000129,122,306,-184
124000130,281,171,110
124000131,104,75,29
124000132,320,369,-49
124000133,38,42,-4
124000134,122,176,-54
124000135,68,58,10
124000136,190,253,-63
124000137,42,40,2
124000138,194,192,2
124000139,0,0,0
124000140,7,94,-87
124000141,0,0,0
124000142,9,72,-63
124000143,0,0,0
124000144,4,51,-47
124000145,0,0,0
124000146,3,29,-26
124000148,0,0,0
124000149,13,1,12
124000150,77,150,-73
124000151,8,0,8
124000152,96,193,-97
124000153,2,5,-3
124000154,51,213,-162
124000155,4,10,-6
124000156,253,246,7
124000169,5,11,-6
124000170,88,86,2
124000171,3,7,-4
124000172,29,106,-77
124000173,5,21,-16
124000174,27,130,-103
124000175,6,53,-47
124000176,0,0,0
124000177,10,15,-5
124000178,0,0,0
124000190,7,2,5
124000191,23,19,4
124000192,13,1,12
124000193,53,367,-314
124000194,81,212,-131
124000195,28,110,-82
124000196,259,419,-160
124000197,19,8,11
124000198,0,4,-4
124000201,3,266,-263
124000202,0,20,-20
124000203,5,287,-282
124000204,1,51,-50
124000205,4,196,-192
124000206,1,62,-61
124000207,0,42,-42
124000209,25,201,-176
124000210,0,80,-80
124000211,0,2,-2
124000212,3,160,-157
124000213,3,124,-121
124000214,3,107,-104
124000215,0,0,0
124000216,2,154,-152
124000329,17,581,-564
124000338,17,304,-287
124000339,6,0,6
124000341,10,0,10
124000344,0,1,-1
124000357,47,46,1
124000358,92,78,14
124000359,18,16,2
124000360,9,16,-7
124000361,49,16,33
124000362,390,866,-476
124000363,97,277,-180
124000364,216,575,-359
124000365,449,910,-461
124000366,1000,577,423
124000367,47,195,-148
124000368,1,1,0
124000369,5,4,1
124000370,13,247,-234
124000402,0,0,0
124000403,0,0,0
124000404,2,37,-35
124000405,136,68,68
124000406,153,290,-137
124000407,0,10,-10
124000411,1,99,-98
124000412,0,0,0
124000413,0,0,0
124000414,4,13,-9
124000415,8,58,-50
124000416,25,74,-49
124000417,10,16,-6
124000418,3,19,-16
124000419,3,63,-60
124000420,0,22,-22
124000421,5,117,-112
124000422,1,1,0
124000423,3,1,2
124000424,1,53,-52
124000425,0,0,0
124000426,2,69,-67
124000427,0,0,0
124000428,0,5,-5
124000429,0,153,-153
124000430,43,80,-37
124000431,34,90,-56
124000432,39,119,-80
124000439,0,0,0
124000443,1,6,-5
124000445,9,6,3
124000446,451,16,435
124000447,0,0,0
124900001,0,0,0
124900002,0,0,0
124900003,0,0,0
124900004,0,0,0
124900005,0,0,0
124900006,0,0,0
124900008,0,0,0
124900009,0,0,0
124900010,0,0,0
124900011,0,0,0
124900012,0,0,0
124900013,0,0,0
124900014,0,0,0
124900015,0,0,0
124900016,0,0,0
124900017,0,0,0
124900018,0,0,0
124900020,0,0,0
124900021,0,0,0
124900022,0,0,0
124900024,0,0,0
124900026,0,0,0
124900027,0,0,0
124900028,0,0,0
124900029,0,0,0
124900030,0,0,0
124900031,0,0,0
124900032,0,0,0
124900033,0,0,0
124900034,0,0,0
124900035,0,1,-1
124900036,0,0,0
124900037,2,4,-2
124900038,0,0,0
124900039,0,0,0
124900040,0,1,-1
124900041,2,26,-24
124900042,0,0,0
124900043,17,48,-31
124900044,0,0,0
124900045,10,25,-15
124900047,0,7,-7
124900048,2,4,-2
124900050,7,12,-5
124900052,7,21,-14
124900053,0,38,-38
124900054,277,39,238
124900055,1,9,-8
124900057,0,9,-9
124900060,5,35,-30
124900061,0,0,0
124900062,0,0,0
124900066,0,4,-4
124900067,0,22,-22
124900068,0,0,0
124900070,0,0,0
124900072,0,0,0
124900075,0,0,0
124900076,0,0,0
124900077,0,0,0
124900078,0,0,0
124900079,7,0,7
124900080,7,43,-36
124900081,0,0,0
124900082,0,1,-1
124900083,2,28,-26
124900085,0,0,0
124900086,0,0,0
124900087,0,0,0
124900088,0,0,0
124900089,40,0,40
124900090,0,0,0
124900091,0,0,0
124900092,0,0,0
124900093,0,0,0
124900094,0,0,0
124900095,0,0,0
124900096,0,0,0
124900097,0,0,0
124900098,0,0,0
124900099,0,0,0
124900100,0,0,0
124900101,0,0,0
124900102,0,0,0
124900103,1,0,1
124900104,0,5,-5
124900105,1,2,-1
124900106,0,0,0
124900107,0,0,0
124900108,0,0,0
124900111,0,3,-3
124900112,5,51,-46
124900113,0,4,-4
124900114,0,2,-2
124900115,0,0,0
124900116,0,0,0
124900117,0,0,0
124900118,0,0,0
124900119,0,0,0
124900120,5,32,-27
124900121,0,0,0
124900122,43,18,25
124900123,0,0,0
124900124,9,16,-7
204000001,0,0,0
204000002,0,0,0
204000003,0,0,0
204000004,0,0,0
204000005,0,0,0
204000006,0,0,0
204000011,39,45,-6
204000012,11,104,-93
204000019,147,104,43
204000020,42,116,-74
204000021,156,107,49
204000022,58,65,-7
204000023,203,649,-446
204000031,0,0,0
204000032,0,0,0
204000034,58,254,-196
204000035,3,1,2
204000036,19,21,-2
204000037,6,11,-5
204000038,1,7,-6
204000039,6,16,-10
204000040,4,9,-5
204000041,6,7,-1
204000042,0,0,0
204000043,0,0,0
204000044,0,0,0
204000045,0,0,0
204000046,0,0,0
204000057,0,5,-5
204000062,38,77,-39
204000068,44,109,-65
204000069,10,35,-25
204000070,0,0,0
204000080,21,59,-38
204000085,306,477,-171
204000086,911,676,235
204000087,44,121,-77
204000088,29,70,-41
204000090,35,264,-229
204000093,0,0,0
204000096,1,1,0
204000097,0,0,0
204000099,13,25,-12
204000100,5,1,4
204000105,537,437,100
204000110,217,575,-358
204000111,144,277,-133
204000112,91,391,-300
204000113,73,276,-203
204000114,58,48,10
204000115,40,46,-6
204000116,67,82,-15
204000119,0,0,0
204000132,0,0,0
204000133,0,0,0
204000134,0,0,0
204000135,0,0,0
204000136,0,0,0
204000138,0,0,0
204000140,0,0,0
204000141,0,0,0
204000144,0,0,0
204000145,0,0,0
204000146,101,195,-94
204000147,30,77,-47
204000148,0,0,0
204000154,0,0,0
204000155,5,6,-1
204000177,0,0,0
204000179,0,0,0
204000180,0,85,-85
204000222,1,2,-1
204000235,12,7,5
204000236,14,161,-147
204000238,0,0,0
204000240,26,32,-6
204000263,178,426,-248
204000268,0,0,0
204000308,0,0,0
204000317,52,38,14
204000322,4,29,-25
204000323,0,0,0
204000328,0,0,0
204000329,81,96,-15
204000330,0,0,0
204000331,73,102,-29
205000001,623,373,250
205000013,2,59,-57
205000014,11,80,-69
205000015,19,169,-150
205000016,5,133,-128
205000017,21,40,-19
205000022,121,282,-161
205000025,812,475,337
205000029,55,15,40
205000045,33,106,-73
205000046,16,261,-245
205000047,17,259,-242
205000048,60,493,-433
205000049,54,430,-376
205000050,583,173,410
205000059,0,215,-215
205000060,0,21,-21
205000061,1,9,-8
205000062,0,19,-19
205000063,2,27,-25
205000064,7,54,-47
205000065,25,232,-207
205000066,29,382,-353
205000067,10,705,-695
205000069,309,197,112
205000082,0,0,0
205000110,23,109,-86
205000111,79,147,-68
205000112,0,0,0
205000113,87,63,24
205000121,0,0,0
205000123,94,90,4
205000126,0,0,0
205000127,0,0,0
205000128,0,0,0
205000129,0,0,0
205000130,0,0,0
205000131,0,0,0
205000132,0,0,0
205000133,0,0,0
205000134,0,0,0
205000137,47,79,-32
205000138,69,99,-30
205000139,9,32,-23
205000144,0,0,0
205000145,0,0,0
205000151,0,0,0
205000152,0,0,0
205000153,0,0,0
205000154,0,0,0
205000155,0,0,0
205000207,232,156,76
205000233,0,1,-1
205000234,0,0,0
205000243,0,0,0
205000244,0,2,-2
205000245,8,128,-120
205000249,0,8,-8
205000250,0,0,0
205000264,1,53,-52
206000027,0,0,0
206000028,0,0,0
206000043,7,75,-68
206000053,4,16,-12
206000054,9,16,-7
206000055,6,30,-24
206000075,5,7,-2
206000076,12,36,-24
206000077,6,11,-5
206000078,10,13,-3
206000079,16,6,10
206000082,0,0,0
206000100,30,351,-321
206000103,5,36,-31
206000104,17,44,-27
206000105,3,29,-26
206000106,33,79,-46
206000125,0,0,0
206000157,190,543,-353
206000170,0,236,-236
206000171,5,170,-165
206000172,3,436,-433
206000173,1,169,-168
206000174,3,120,-117
206000175,4,177,-173
206000176,25,200,-175
206000177,1,164,-163
206000178,2,105,-103
206000179,0,72,-72
206000180,25,99,-74
206000181,7,123,-116
206000182,45,190,-145
206000183,15,288,-273
206000184,6,177,-171
206000185,17,128,-111
206000186,64,511,-447
206000223,5,133,-128
206000226,0,0,0
206000227,0,0,0
206000237,14,147,-133
206000238,40,228,-188
206000239,323,576,-253
206000240,0,42,-42
206000241,0,129,-129
206000242,18,197,-179
206000243,7,197,-190
206000244,58,382,-324
206000245,32,3,29
206000246,7,1,6
206000247,26,1,25
206000248,14,0,14
206000252,32,51,-19
206000258,7,43,-36
206000315,47,6,41
206000317,57,6,51
206000318,24,13,11
206000319,74,5,69
206000320,20,2,18
206000321,11,1,10
206000322,0,0,0
206000323,0,0,0
206000324,0,0,0
206000325,0,0,0
206000326,0,0,0
206000327,1,0,1
206000328,9,2,7
206000329,27,0,27
206000330,3,0,3
206000331,7,0,7
206000332,0,1,-1
206000333,10,0,10
206000334,5,0,5
206000335,0,22,-22
206000361,7,179,-172
206000392,2,37,-35
206000405,22,0,22
206000441,0,0,0
206000498,11,13,-2
206000515,252,36,216
206000530,0,0,0
206000531,0,0,0
206000532,0,0,0
206000535,81,257,-176
206000536,3,75,-72
206000537,6,41,-35
206000613,0,0,0
206000784,453,91,362
207000001,95,308,-213
207000002,28,272,-244
207000003,34,234,-200
207000007,66,12,54
207000008,3,3,0
207000009,11,2,9
207000010,140,148,-8
207000012,0,0,0
207000015,179,443,-264
207000019,42,20,22
207000021,41,29,12
207000022,4,14,-10
207000023,3,7,-4
207000024,1,5,-4
207000025,0,6,-6
207000026,42,111,-69
207000027,20,86,-66
207000028,31,140,-109
207000029,99,289,-190
207000033,46,51,-5
207000034,13,9,4
207000039,0,0,0
207000040,0,0,0
207000041,0,0,0
207000042,0,0,0
207000043,0,0,0
207000051,28,214,-186
207000052,2,132,-130
207000053,265,515,-250
207000054,12,85,-73
207000055,45,118,-73
207000056,116,302,-186
207000057,114,174,-60
207000058,66,323,-257
207000059,36,513,-477
207000060,20,92,-72
207000061,2,11,-9
207000062,25,25,0
207000063,26,64,-38
207000064,63,71,-8
207000065,29,43,-14
207000066,21,59,-38
207000067,4,53,-49
207000068,11,25,-14
207000069,216,98,118
207000082,3,11,-8
207000083,15,89,-74
207000084,4,2,2
207000085,26,1,25
207000086,7,2,5
207000106,0,0,0
207000107,0,0,0
207000108,0,0,0
207000109,0,0,0
207000110,0,0,0
207000111,0,0,0
207000112,0,0,0
207000114,19,17,2
207000115,3,53,-50
207000116,12,144,-132
207000117,2,94,-92
207000118,1,104,-103
207000119,9,96,-87
207000123,0,0,0
207000124,0,0,0
207000125,0,0,0
207000126,0,0,0
207000134,1,25,-24
207000135,1,15,-14
207000148,0,0,0
207000149,31,19,12
207000152,80,290,-210
207000153,1026,659,367
207000154,67,22,45
207000159,36,136,-100
207000160,53,313,-260
207000238,0,43,-43
207000242,1,72,-71
207000248,13,11,2
207000249,28,34,-6
207000250,140,32,108
207000251,34,29,5
207000252,40,36,4
207000278,0,0,0
207000279,23,134,-111
207000280,5,5,0
207000281,29,298,-269
207000282,1,4,-3
207000283,32,44,-12
207000284,4,7,-3
207000285,0,0,0
207000291,7,71,-64
207000304,21,15,6
207000306,22,265,-243
207000310,0,0,0
207000353,0,0,0
207000356,14,17,-3
207000357,0,0,0
207000358,0,0,0
207000415,1,95,-94
207000417,0,0,0
207000418,25,65,-40
207000438,1,6,-5
207000439,241,58,183
207000446,0,0,0
207000460,0,5,-5
207000466,107,166,-59
207000467,0,0,0
207000468,21,208,-187
207000476,0,11,-11
207000477,4,9,-5
207000478,1,4,-3
207000523,0,11,-11
207000524,0,1,-1
207000527,13,28,-15
207000530,0,0,0
207000531,0,0,0
207000532,0,0,0
207000534,0,0,0
207000535,28,101,-73
207000537,12,47,-35
207000540,6,64,-58
207000541,4,216,-212
207000548,4,131,-127
207000549,0,0,0
207000561,0,0,0
207000562,4,76,-72
207000567,110,177,-67
207000568,3,12,-9
207000569,7,226,-219
207000584,134,50,84
207000585,0,0,0
207000587,0,0,0
207000616,1,160,-159
207000617,0,0,0
207000624,0,0,0
207000631,0,0,0
207900008,5,30,-25
208000001,12,115,-103
208000002,19,62,-43
208000003,37,63,-26
208000004,50,88,-38
208000005,2,27,-25
208000019,0,0,0
208000020,0,0,0
208000021,28,145,-117
208000022,154,174,-20
208000028,20,10,10
208000033,85,124,-39
208000034,177,326,-149
208000037,0,0,0
208000040,0,0,0
208000041,0,0,0
208000042,0,0,0
208000047,29,150,-121
208000064,0,0,0
208000066,0,0,0
208000070,0,0,0
208000071,0,0,0
208000072,0,0,0
208000080,12,31,-19
208000081,5,31,-26
208000082,49,96,-47
208000083,35,185,-150
208000084,0,0,0
208000085,218,320,-102
208000086,197,496,-299
208000087,45,280,-235
208000089,179,161,18
208000090,127,363,-236
208000093,12,29,-17
208000094,102,199,-97
208000095,211,184,27
208000104,0,0,0
208000105,0,0,0
208000114,0,0,0
208000115,27,139,-112
208000116,0,0,0
208000117,0,0,0
208000118,0,0,0
208000155,110,403,-293
208000158,884,761,123
208000186,0,0,0
208000204,102,288,-186
208000205,227,319,-92
208000282,1356,369,987
209000004,29,38,-9
209000005,7,9,-2
209000006,66,112,-46
209000007,82,71,11
209000010,118,63,55
209000011,27,80,-53
209000012,41,148,-107
209000013,42,281,-239
209000014,240,702,-462
209000025,41,30,11
209000026,168,32,136
209000027,67,531,-464
209000028,87,519,-432
209000029,168,540,-372
209000030,83,743,-660
209000031,2203,1033,1170
209000034,55,244,-189
209000035,47,111,-64
209000036,44,68,-24
209000037,44,91,-47
209000038,70,106,-36
209000039,45,64,-19
209000040,87,294,-207
209000041,96,269,-173
209000042,99,217,-118
209000043,129,186,-57
209000044,128,227,-99
209000045,40,122,-82
209000046,40,187,-147
209000047,25,80,-55
209000048,42,72,-30
209000049,57,126,-69
209000050,109,239,-130
209000051,88,230,-142
209000052,53,256,-203
209000062,5,67,-62
209000063,11,48,-37
209000064,9,71,-62
209000065,0,0,0
209000066,0,0,0
209000067,0,0,0
209000080,16,70,-54
209000082,0,0,0
209000091,10,35,-25
209000093,35,32,3
209000094,118,86,32
209000110,0,0,0
209000111,91,456,-365
209000112,143,163,-20
209000113,153,131,22
209000114,91,85,6
209000115,79,99,-20
209000116,1108,250,858
209000118,0,0,0
209000119,25,3,22
209000121,77,292,-215
209000135,0,0,0
209000142,401,281,120
209000143,4,19,-15
209000144,8,18,-10
209000229,25,95,-70
209000240,14,193,-179
209000259,95,100,-5
209000260,14,438,-424
209000261,0,173,-173
209000262,0,133,-133
209000263,0,20,-20
209000264,0,10,-10
209000265,0,0,0
209000266,0,0,0
209000267,0,0,0
209000268,0,0,0
210000037,0,0,0
210000047,0,0,0
210000048,0,0,0
210000049,0,0,0
210000052,1,54,-53
210000053,4,33,-29
210000054,18,30,-12
210000070,0,0,0
210000071,0,0,0
210000072,0,0,0
210000073,0,17,-17
210000074,0,53,-53
210000075,1,22,-21
210000076,3,83,-80
210000077,3,20,-17
210000078,14,19,-5
210000079,0,0,0
210000080,0,0,0
210000081,0,0,0
210000082,0,0,0
210000083,0,0,0
210000084,0,0,0
210000085,0,36,-36
210000086,2,49,-47
210000099,11,139,-128
210000100,23,128,-105
210000101,42,172,-130
210000105,19,59,-40
210000159,1,42,-41
210000163,101,96,5
210000164,0,0,0
210000168,0,0,0
210000187,0,3,-3
210000188,0,13,-13
210000214,0,0,0
210000219,0,0,0
210000220,0,0,0
210000232,3,14,-11
210000233,1,12,-11
210000234,3,38,-35
210000235,27,50,-23
210000245,0,23,-23
210000246,0,0,0
210000258,5,57,-52
210000259,0,0,0
210000282,13,78,-65
210000285,2,30,-28
210000286,5,60,-55
210000290,0,0,0
210000295,7,35,-28
210000296,4,18,-14
210000320,0,0,0
210000321,0,0,0
210000338,14,79,-65
210000339,262,314,-52
210000340,56,107,-51
210000341,51,99,-48
210000342,47,78,-31
210000343,48,128,-80
210000344,52,54,-2
210000345,116,59,57
210000346,6,26,-20
210000347,1,10,-9
210000348,21,1,20
210000349,8,15,-7
210000350,29,36,-7
210000351,27,83,-56
210000352,0,0,0
210000353,0,0,0
210000354,0,0,0
210000355,0,0,0
210000356,0,0,0
210000357,0,0,0
210000358,0,0,0
210000359,0,0,0
210000360,0,0,0
210000361,0,0,0
210000362,0,0,0
210000363,0,0,0
210000364,0,0,0
210000365,0,0,0
210000366,0,0,0
210000367,0,0,0
210000368,0,0,0
210000369,0,0,0
210000370,0,0,0
210000372,0,0,0
210000373,0,0,0
210000374,0,0,0
210000375,0,0,0
210000376,0,0,0
210000404,66,79,-13
210000439,0,0,0
210000472,0,0,0
210000482,0,0,0
210000564,0,0,0
210000567,0,0,0
210000568,0,0,0
211000092,0,0,0
211000094,0,0,0
211000169,0,0,0
211000172,0,0,0
211000209,0,0,0
211000226,0,0,0
211000270,0,0,0
211000275,0,0,0
211000276,0,0,0
211000279,0,0,0
211000281,0,0,0
211000302,0,0,0
211507980,0,0,0
211977296,0,0,0
212000003,0,0,0
212000004,1,8,-7
212000005,16,12,4
212000006,10,27,-17
212000008,49,118,-69
212000009,4,104,-100
212000012,36,37,-1
212000013,9,44,-35
212000014,113,97,16
212000015,82,123,-41
212000016,239,274,-35
212000027,0,0,0
212000028,0,0,0
212000029,0,0,0
212000030,0,0,0
212000031,0,0,0
212000048,3,32,-29
212000049,6,10,-4
212000050,10,5,5
212000051,39,118,-79
212000052,46,152,-106
212000053,158,321,-163
212000054,0,0,0
212000055,0,0,0
212000056,0,0,0
212000057,0,0,0
212000058,0,0,0
212000070,49,125,-76
212000077,42,306,-264
212000099,0,1,-1
212000108,0,0,0
212000111,0,0,0
212000120,45,55,-10
212000138,24,35,-11
212000156,5,46,-41
212000158,0,1,-1
212000159,3,0,3
212000160,1,0,1
212000161,0,0,0
212000310,4,13,-9
212000311,0,0,0
212000374,2,21,-19
213000001,4,117,-113
213000005,4,5,-1
213000006,13,5,8
213000007,0,0,0
213000009,0,0,0
213000010,0,0,0
213000011,0,0,0
213000012,33,93,-60
213000014,0,0,0
213000015,0,0,0
213000016,0,0,0
213000017,0,0,0
213000018,1,49,-48
213000019,0,47,-47
213000020,9,48,-39
213000021,2,28,-26
213000023,0,0,0
213000033,35,123,-88
213000034,0,0,0
213000035,0,0,0
213000045,25,38,-13
213000046,15,11,4
213000047,121,64,57
213000056,0,0,0
213000069,0,0,0
213000073,1,5,-4
213000074,30,180,-150
213000075,0,0,0
213000076,0,0,0
213000085,0,13,-13
213000086,2,159,-157
213000091,0,0,0
213000092,0,0,0
213000099,51,161,-110
213000100,0,0,0
213000101,0,51,-51
213000102,3,137,-134
213000103,36,139,-103
213000104,35,76,-41
213000105,1,32,-31
213000106,3,81,-78
213000107,29,227,-198
213000108,4,153,-149
213000109,1,80,-79
213000110,7,18,-11
213000111,2,7,-5
213000112,107,46,61
213000115,0,0,0
213000116,15,71,-56
213000117,2,164,-162
213000118,57,77,-20
213000119,16,366,-350
213000120,52,285,-233
213000122,57,197,-140
213000123,251,213,38
213000124,13,309,-296
213000125,0,0,0
213000126,3,20,-17
213000127,10,38,-28
213000128,114,127,-13
213000129,0,0,0
213000130,0,0,0
213000132,0,0,0
213000133,0,0,0
213000134,0,0,0
213000136,0,0,0
213000137,0,0,0
213000139,0,0,0
213000147,0,0,0
213000148,0,0,0
213000149,0,0,0
213000150,0,47,-47
213000151,0,50,-50
213000152,0,24,-24
213000153,0,5,-5
213000154,13,72,-59
213000155,11,128,-117
213000156,22,159,-137
213000157,191,221,-30
213000158,50,183,-133
213000159,0,0,0
213000163,0,0,0
213000165,0,0,0
213000171,2,52,-50
213000172,1,88,-87
213000173,0,64,-64
213000174,0,92,-92
213000175,0,44,-44
213000176,0,0,0
213000177,0,0,0
213000178,0,0,0
213000179,0,0,0
213000180,0,0,0
213000184,10,75,-65
213000188,0,0,0
213000189,0,0,0
213000190,21,229,-208
213000191,15,188,-173
213000192,18,159,-141
213000193,827,62,765
213000194,0,2,-2
213000195,12,153,-141
213000196,24,325,-301
213000197,0,0,0
213000198,0,0,0
213000200,56,333,-277
213000201,17,9,8
213000202,4,375,-371
213000203,0,0,0
213000204,0,0,0
213000205,0,0,0
213000206,0,0,0
213000207,0,0,0
213000208,0,0,0
213000209,0,0,0
213000210,0,0,0
213000211,1,1,0
213000212,1,4,-3
213000213,0,16,-16
213000218,29,233,-204
213000219,0,0,0
213000220,0,0,0
213000223,3,2,1
213000224,0,0,0
213000225,0,0,0
213000226,0,0,0
213000227,0,0,0
213000228,0,0,0
213000229,0,0,0
213000230,0,0,0
213000232,8,212,-204
213000233,1,8,-7
213000234,0,36,-36
213000293,0,26,-26
213000294,0,0,0
213000295,3,26,-23
213000296,0,0,0
213000297,3,34,-31
213000298,22,22,0
213000299,0,0,0
213000300,0,0,0
213000303,9,25,-16
213000304,6,4,2
213000305,0,0,0
213000306,12,7,5
213000307,0,0,0
213000308,23,69,-46
213000309,0,0,0
213000310,0,0,0
213000311,87,122,-35
213000315,8,42,-34
213000316,0,0,0
213000322,0,29,-29
213000323,0,0,0
213000324,5,35,-30
213000325,0,0,0
213000326,1,2,-1
213000327,0,0,0
213000328,1,10,-9
213000329,0,0,0
213000340,35,428,-393
213000341,0,0,0
213000346,0,0,0
213000347,0,0,0
213000348,0,32,-32
213000349,1,2,-1
213000350,40,332,-292
213000366,8,84,-76
213000367,2,0,2
213000379,15,40,-25
213000386,2,75,-73
213000406,20,110,-90
213000417,57,20,37
213000425,0,0,0
213000426,0,0,0
213000427,1,57,-56
213000428,1,48,-47
213000429,0,0,0
213000430,0,34,-34
213000431,22,0,22
213000432,0,1,-1
213000433,0,13,-13
213000434,0,0,0
213000435,0,0,0
213000436,0,0,0
213000437,0,0,0
213000438,0,0,0
213000439,4,0,4
213000440,3,32,-29
213000441,0,0,0
213000442,0,0,0
213000443,0,13,-13
213000444,2,33,-31
213000445,0,11,-11
213000446,1,2,-1
213000447,0,2,-2
213000448,0,0,0
213000449,0,0,0
213000450,0,0,0
213000451,0,0,0
213000452,0,0,0
213000453,13,82,-69
213000455,0,1,-1
213000456,0,34,-34
213000481,0,0,0
213000482,0,0,0
213000489,0,0,0
213000491,0,20,-20
213000492,13,16,-3
213000493,0,9,-9
213000494,0,0,0
213000495,0,38,-38
213000496,0,0,0
213000497,5,101,-96
213000498,5,54,-49
213000499,12,133,-121
213000500,0,0,0
213000501,0,0,0
213000502,0,0,0
213000503,2,19,-17
213000504,1,49,-48
213000505,0,5,-5
213000506,0,3,-3
213000507,0,112,-112
213900244,0,0,0
213900245,0,14,-14
218000003,1,4,-3
218000004,1,14,-13
218000005,0,0,0
218000006,6,36,-30
218000007,1,8,-7
218000012,114,28,86
218000013,33,109,-76
218000014,282,160,122
218000019,624,206,418
218000020,225,221,4
218000021,15,77,-62
218000022,7,40,-33
218000023,1,28,-27
218000024,1,13,-12
218000025,5,37,-32
218000026,6,53,-47
218000027,0,23,-23
218000028,0,7,-7
218000029,1,8,-7
218000030,10,20,-10
218000031,2,46,-44
218000032,1,25,-24
218000040,2,1,1
218000046,6,85,-79
218000047,3,85,-82
218000048,9,126,-117
218000049,17,95,-78
218000050,78,164,-86
218000051,8,200,-192
218000052,0,12,-12
218000053,0,1,-1
218000054,2,15,-13
218000055,2,11,-9
218000056,2,12,-10
218000057,2,16,-14
218000064,0,0,0
218000065,0,1,-1
218000066,1,1,0
218000067,7,72,-65
218000068,17,74,-57
218000069,46,206,-160
218000070,51,189,-138
218000071,131,133,-2
218000072,239,139,100
218000078,202,462,-260
218000079,14,45,-31
218000080,27,67,-40
218000081,67,105,-38
218000082,10,46,-36
218000083,6,54,-48
218000084,53,102,-49
218000085,138,236,-98
218000086,22,94,-72
218000087,85,101,-16
218000090,11,50,-39
218000091,222,123,99
218000092,49,168,-119
218000093,52,59,-7
218000094,210,374,-164
218000099,91,173,-82
218000100,80,100,-20
218000101,35,56,-21
218000102,73,74,-1
218000103,18,68,-50
218000104,12,17,-5
218000105,6,2,4
218000106,9,13,-4
218000107,16,140,-124
218000108,1,58,-57
218000112,25,13,12
218000117,0,0,0
218000134,126,271,-145
218000135,19,31,-12
218000136,27,21,6
218000137,22,52,-30
218000138,2,30,-28
218000139,15,132,-117
218000140,36,59,-23
218000141,3,7,-4
218000142,29,113,-84
218000143,5,73,-68
218000144,5,17,-12
218000145,52,135,-83
218000146,31,95,-64
218000151,9,16,-7
218000152,22,50,-28
218000153,0,14,-14
218000154,4,3,1
218000155,0,2,-2
218000156,79,48,31
218000157,8,21,-13
218000158,1,7,-6
218000159,10,2,8
218000160,2,2,0
218000161,15,11,4
218000162,35,20,15
218000163,8,8,0
218000164,58,11,47
218000165,74,49,25
218000170,0,10,-10
218000171,13,8,5
218000172,2,3,-1
218000173,5,9,-4
218000174,3,6,-3
218000176,49,14,35
218000177,181,24,157
218000178,59,19,40
218000179,65,21,44
218000180,44,8,36
218000181,42,4,38
218000187,2,8,-6
218000188,12,19,-7
218000189,2,20,-18
218000190,4,18,-14
218000191,39,52,-13
218000192,43,232,-189
218000193,225,214,11
218000194,16,206,-190
218000195,87,64,23
218000196,118,211,-93
218000197,66,168,-102
218000198,3,63,-60
218000199,7,9,-2
218000200,1,23,-22
218000201,7,4,3
218000202,57,46,11
218000207,2,20,-18
218000208,10,22,-12
218000211,1,20,-19
218000212,1,11,-10
218000213,55,32,23
218000214,3,12,-9
218000215,18,78,-60
218000217,5,57,-52
218000218,169,55,114
218000219,3,1,2
218000220,47,102,-55
218000221,71,92,-21
218000222,11,35,-24
218000223,112,94,18
218000224,2,57,-55
218000225,130,30,100
218000226,51,53,-2
218000230,0,10,-10
218000232,38,38,0
218000239,0,0,0
218000240,0,0,0
218000241,0,0,0
218000242,0,0,0
218000243,0,0,0
218000244,0,0,0
218000245,0,0,0
218000246,0,0,0
218000247,0,0,0
218000248,0,10,-10
218000249,0,1,-1
218000250,0,3,-3
218000251,0,5,-5
218000252,0,7,-7
218000253,0,2,-2
218000254,0,3,-3
218000255,0,2,-2
218000256,0,9,-9
218000267,202,232,-30
218000268,2,27,-25
218000269,0,10,-10
218000270,24,61,-37
218000271,39,110,-71
218000273,0,0,0
218000274,0,0,0
218000275,20,24,-4
218000276,6,65,-59
218000278,30,25,5
218000279,15,34,-19
218000280,0,21,-21
218000281,2,7,-5
218000282,52,34,18
218000284,0,0,0
218000301,16,47,-31
218000302,9,8,1
218000303,14,27,-13
218000316,311,308,3
218000317,198,389,-191
218000318,112,326,-214
218000319,241,641,-400
218000320,215,380,-165
218000338,1,9,-8
218000345,21,29,-8
218000346,0,0,0
218000459,38,184,-146
218000490,5,9,-4
218000501,1,0,1
218000502,5,78,-73
218000503,9,1,8
218000504,25,2,23
218000505,26,119,-93
218000506,41,74,-33
218000508,0,2,-2
218000510,37,6,31
218000520,53,75,-22
218000521,1,8,-7
218000522,0,39,-39
218000523,1,0,1
218000524,3,23,-20
218000525,1,2,-1
218000526,3,22,-19
218000529,1,24,-23
218000530,6,8,-2
218000531,0,0,0
218000532,4,25,-21
218000534,0,0,0
218000537,0,0,0
218000538,18,27,-9
218000540,118,31,87
218000543,40,18,22
218000544,34,122,-88
218000545,4,29,-25
218000546,20,71,-51
218000547,24,30,-6
218000548,39,72,-33
218000549,53,40,13
218000550,104,204,-100
218000551,127,91,36
218000552,49,23,26
218000553,1,9,-8
218000554,3,5,-2
218000555,1,13,-12
218000556,63,193,-130
218000557,108,39,69
218000558,0,0,0
218000559,0,3,-3
218000560,0,1,-1
218000561,0,0,0
218000562,12,47,-35
218000563,12,5,7
218000564,0,23,-23
218000565,5,4,1
218000566,18,3,15
218000567,0,3,-3
218000568,0,0,0
218000569,0,7,-7
218000570,6,2,4
218000571,1,10,-9
218000572,0,0,0
218000573,1,7,-6
218000574,2,9,-7
218000575,0,0,0
218000576,0,6,-6
218000577,0,0,0
218000578,0,7,-7
218000579,1,0,1
218000581,0,35,-35
218000582,0,0,0
218000583,0,0,0
218000584,0,8,-8
218000585,0,0,0
218000586,0,21,-21
218000587,0,0,0
218000588,0,0,0
218000589,0,4,-4
218000590,0,0,0
218000591,1,6,-5
218000592,0,0,0
218000593,0,0,0
218000594,0,0,0
218000597,0,0,0
218000598,0,0,0
218000599,0,0,0
218000600,0,0,0
218000601,0,0,0
218000602,0,1,-1
218000603,0,2,-2
218000604,0,0,0
218000605,0,9,-9
218000606,0,0,0
218000607,1,7,-6
218000608,2,0,2
218000609,0,14,-14
218000610,1,0,1
218000611,0,0,0
218000612,0,6,-6
218000613,2,0,2
218000614,0,6,-6
218000615,1,0,1
218000616,2,53,-51
218000617,0,0,0
218000618,0,10,-10
218000619,1,3,-2
218000620,1,6,-5
218000621,0,0,0
218000622,0,0,0
218000623,0,1,-1
218000624,0,0,0
218000625,1,0,1
218000626,0,0,0
218000628,20,4,16
218000631,0,0,0
218000632,0,15,-15
218000633,0,0,0
218000634,1,3,-2
218000635,4,1,3
218000636,247,594,-347
218000637,153,173,-20
218000638,0,0,0
218000639,5,196,-191
218000640,0,0,0
218000641,9,152,-143
218000652,46,92,-46
218000653,109,90,19
218000663,0,6,-6
218000675,0,2,-2
218000676,3,29,-26
218000677,3,7,-4
218000680,16,54,-38
218000681,0,0,0
218000691,8,59,-51
218000693,0,0,0
218000703,4,63,-59
218000718,30,70,-40
218000719,7,10,-3
218000720,2,10,-8
218000721,3,0,3
218000725,3,15,-12
218001147,1,94,-93
218001214,6,5,1
218001258,0,0,0
218001329,0,0,0
218001330,15,13,2
218001351,0,0,0
218001352,0,0,0
218001353,0,0,0
218001354,0,1,-1
218001355,26,188,-162
218001356,0,3,-3
218001357,7,127,-120
218001358,0,0,0
218001361,0,1,-1
218001362,2,210,-208
219000001,5,47,-42
219000002,22,77,-55
219000003,138,30,108
219000004,162,78,84
219000017,29,20,9
219000020,22,2,20
219000022,10,0,10
219000023,25,2,23
219000029,2,31,-29
219000034,0,0,0
219000039,12,19,-7
219000040,1,24,-23
219000041,35,64,-29
219000051,1,49,-48
219000052,0,20,-20
219000053,2,91,-89
219000054,11,61,-50
219000055,10,3,7
219000056,0,1,-1
219000057,16,0,16
219000062,1,90,-89
219000063,54,15,39
219000064,2,20,-18
219000110,28,16,12
219000111,39,14,25
219000112,66,16,50
219000113,43,12,31
219000114,45,28,17
219000116,61,54,7
219000117,129,117,12
219000118,63,134,-71
219000123,123,59,64
219000124,52,29,23
219000125,3,28,-25
219000126,34,47,-13
219000127,0,3,-3
219000128,19,96,-77
219000129,25,148,-123
219000130,1441,634,807
219000131,1313,1142,171
219000133,14,42,-28
219000134,13,16,-3
219000135,125,73,52
219000136,232,207,25
219000138,3,24,-21
219000139,10,44,-34
219000140,0,0,0
219000141,4,62,-58
219000142,3,41,-38
219000143,3,55,-52
219000145,2,10,-8
219000146,14,57,-43
219000147,1,26,-25
219000148,0,12,-12
219000149,16,106,-90
219000150,7,60,-53
219000151,2,67,-65
219000157,107,54,53
219000158,69,153,-84
219000161,118,35,83
219000163,601,226,375
219000166,30,85,-55
219000167,48,137,-89
219000168,126,10,116
219000174,0,0,0
219000175,0,0,0
219000176,0,0,0
219000177,0,0,0
219000178,0,0,0
219000179,0,0,0
219000180,2,31,-29
219000182,0,0,0
219000183,0,9,-9
219000184,0,0,0
219000185,1,83,-82
219000186,0,19,-19
219000187,7,74,-67
219000189,66,111,-45
219000190,128,147,-19
219000191,833,462,371
219000192,172,335,-163
219000193,315,205,110
219000195,0,26,-26
219000196,2,43,-41
219000198,8,81,-73
219000199,26,91,-65
219000200,11,79,-68
219000201,40,93,-53
219000203,12,101,-89
219000204,26,111,-85
219000205,16,92,-76
219000207,78,113,-35
219000209,22,25,-3
219000210,10,30,-20
219000213,12,103,-91
219000239,45,61,-16
219000240,26,79,-53
219000241,28,87,-59
219000242,26,47,-21
219000243,42,138,-96
219000244,3,32,-29
219000245,3,24,-21
219000246,0,0,0
219000247,0,0,0
219000248,0,0,0
219000249,0,0,0
219000250,0,0,0
219000251,0,0,0
219000252,0,0,0
219000253,0,0,0
219000255,0,0,0
219000256,0,0,0
219000257,0,0,0
219000262,52,211,-159
219000263,49,117,-68
219000267,1,86,-85
219000268,7,3,4
219000269,0,0,0
219000270,0,0,0
219000271,54,1,53
219000278,0,10,-10
219000279,1,4,-3
219000283,0,9,-9
219000295,12,49,-37
219000296,33,249,-216
219000297,9,122,-113
219000298,9,112,-103
219000299,0,0,0
219000300,5,195,-190
219000301,39,167,-128
219000302,11,132,-121
219000307,19,53,-34
219000308,42,45,-3
219000311,0,0,0
219000312,0,0,0
219000313,0,0,0
219000314,67,309,-242
219000315,0,0,0
219000316,0,0,0
219000317,0,0,0
219000320,0,16,-16
219000321,0,12,-12
219000323,1,31,-30
219000325,1,42,-41
219000326,35,102,-67
219000327,20,19,1
219000328,14,21,-7
219000329,288,167,121
219000330,11,52,-41
219000331,32,49,-17
219000332,0,0,0
219000333,0,0,0
219000335,0,0,0
219000337,0,0,0
219000338,0,0,0
219000344,22,42,-20
219000345,78,113,-35
219000346,5,107,-102
219000348,43,82,-39
219000349,17,131,-114
219000350,23,73,-50
219000351,0,2,-2
219000352,42,36,6
219000353,41,75,-34
219000354,63,139,-76
219000355,40,5,35
219000356,574,312,262
219000363,194,56,138
219000364,96,41,55
219000365,77,15,62
219000366,368,102,266
219000368,181,64,117
219000370,301,117,184
219000371,2,6,-4
219000382,6,20,-14
219000383,454,272,182
219000385,336,235,101
219000386,450,588,-138
219000387,0,6,-6
219000390,0,0,0
219000391,0,0,0
219000397,55,82,-27
219000398,73,47,26
219000401,0,18,-18
219000402,3,14,-11
219000403,21,46,-25
219000404,4,15,-11
219000407,2,7,-5
219000409,0,0,0
219000410,0,0,0
219000411,0,0,0
219000446,105,266,-161
219000447,0,27,-27
219000448,0,0,0
219000452,0,0,0
219000453,18,36,-18
219000454,78,60,18
219000556,0,0,0
219000558,39,109,-70
219000590,2,44,-42
219000591,0,0,0
219000592,55,295,-240
219000595,1,14,-13
219000635,0,0,0
219000636,10,88,-78
219000657,10,20,-10
219000658,7,38,-31
219000673,0,25,-25
219000676,0,4,-4
219000679,18,20,-2
219000684,23,1,22
219000685,0,50,-50
219000686,1,2,-1
219000688,0,128,-128
219000689,50,59,-9
219000690,0,0,0
219000691,13,16,-3
219000692,1,17,-16
219000693,0,13,-13
219000694,0,0,0
219000695,0,0,0
219000698,0,0,0
219000699,0,10,-10
219000727,0,103,-103
219000728,19,0,19
219000770,0,0,0
219000771,0,15,-15
219000788,85,57,28
219001150,1,2,-1
219001151,1,5,-4
219001166,0,0,0
219001167,4,20,-16
219001178,26,0,26
220000001,2,8,-6
220000002,5,34,-29
220000003,140,135,5
220000004,136,178,-42
220000005,432,458,-26
220000006,57,258,-201
220000007,127,366,-239
220000008,64,429,-365
220000009,136,197,-61
220000010,17,25,-8
220000011,82,80,2
220000012,3,18,-15
220000014,4,12,-8
220000015,0,0,0
220000017,9,51,-42
220000018,514,39,475
220000019,16,59,-43
220000020,60,62,-2
220000021,123,55,68
220000022,130,235,-105
220000023,40,78,-38
220000024,393,216,177
220000025,104,181,-77
220000026,82,60,22
220000027,2,12,-10
220000028,7,23,-16
220000029,27,55,-28
220000030,10,28,-18
220000031,22,72,-50
220000064,0,0,0
221000046,0,0,0
221000047,0,0,0
221000048,0,1,-1
221000049,0,8,-8
221000050,0,0,0
221000055,13,34,-21
221000057,15,1,14
221000068,51,22,29
221000069,34,8,26
221000070,55,1,54
221000071,8,3,5
221000072,24,2,22
221000073,9,25,-16
221000074,1,13,-12
221000075,2,8,-6
221000076,5,33,-28
221000077,11,49,-38
221000081,1,0,1
221000082,2,1,1
221000083,3,0,3
221000084,1,0,1
221000085,8,47,-39
221000086,16,90,-74
221000087,0,87,-87
221000088,13,87,-74
221000089,26,117,-91
221000090,182,250,-68
221000098,9,2,7
221000099,19,3,16
221000100,3,1,2
221000101,32,2,30
221000102,18,0,18
221000109,6,62,-56
221000110,6,105,-99
221000111,8,93,-85
221000112,5,104,-99
221000113,7,151,-144
221000114,11,143,-132
221000120,0,2,-2
221000121,0,0,0
221000122,0,0,0
221000123,2,0,2
221000124,0,25,-25
221000155,0,0,0
221000156,0,0,0
221000175,0,0,0
221000176,0,0,0
221000182,12,1,11
221000241,273,66,207
221000242,358,220,138
221000243,92,14,78
221000244,61,192,-131
221000245,14,54,-40
221000246,14,117,-103
221000247,9,47,-38
221000248,14,68,-54
221000267,1,137,-136
221000325,0,0,0
221000331,0,1,-1
221000338,0,0,0
221000378,0,0,0
221000381,3,12,-9
222000282,0,0,0
222000296,0,3,-3
222000568,0,0,0
222000569,0,0,0
222000570,0,0,0
222000571,0,0,0
222000577,3,21,-18
222000578,0,14,-14
222000579,12,7,5
222000580,11,54,-43
222000599,0,10,-10
222000600,0,15,-15
222000601,0,42,-42
222000603,0,0,0
222000604,0,0,0
222000605,0,0,0
222000606,0,0,0
222000607,0,0,0
222000608,0,0,0
222000609,0,0,0
222000616,0,0,0
222000617,0,0,0
222000618,0,0,0
222000620,0,0,0
222000621,0,0,0
222000623,0,0,0
222000624,0,0,0
222000625,0,2,-2
222000636,0,0,0
222000686,0,0,0
222000687,0,0,0
222001066,0,0,0
222001067,0,0,0
222001068,0,0,0
222001069,0,0,0
222001082,0,4,-4
222001083,2,5,-3
222001084,0,3,-3
222001085,0,17,-17
222001111,0,48,-48
222001112,0,0,0
222001313,0,0,0
222001314,0,4,-4
222001464,0,0,0
222001465,0,0,0
222001484,0,0,0
222001485,0,0,0
222001494,0,0,0
222001495,0,0,0
222001496,0,0,0
222001497,0,0,0
222001502,9,83,-74
222001503,0,0,0
222001504,2,85,-83
222001505,0,0,0
222001506,9,98,-89
222001507,0,0,0
222001510,0,0,0
222001511,11,112,-101
222001514,0,0,0
222001515,49,207,-158
222001518,0,0,0
222001519,8,109,-101
222001527,0,0,0
222001528,13,66,-53
222001529,0,0,0
222001530,9,66,-57
222001533,57,238,-181
222001534,0,0,0
222001535,0,0,0
222001536,0,0,0
222001537,0,0,0
222001538,24,131,-107
222001563,0,0,0
222001564,14,216,-202
222001568,0,11,-11
222001576,0,0,0
222001579,0,0,0
222001583,0,0,0
222001584,0,0,0
222001596,10,268,-258
222001597,0,0,0
222001626,0,10,-10
222001650,0,13,-13
222001651,0,1,-1
222001914,0,0,0
222001915,8,36,-28
222001968,0,0,0
222001969,0,0,0
222001970,0,0,0
222001971,0,0,0
222001972,0,2,-2
225000001,27,2,25
225000002,16,0,16
225000003,14,0,14
225000004,6,16,-10
225000005,1,4,-3
225000006,0,62,-62
225000007,1323,381,942
225000010,45,1,44
225000011,0,0,0
225000012,0,0,0
225000013,0,0,0
225000014,0,0,0
225000015,16,84,-68
225000021,0,0,0
225000027,78,219,-141
225000032,0,0,0
225000042,24,307,-283
225000049,13,31,-18
225000050,13,2,11
225000053,3,46,-43
225000058,0,0,0
225000067,26,119,-93
225000068,21,234,-213
225000069,32,229,-197
225000070,27,186,-159
225000071,5,132,-127
225000075,10,304,-294
225000076,24,51,-27
225000078,0,0,0
225000085,0,0,0
225000086,0,0,0
225000087,0,0,0
225000088,3,64,-61
225000089,413,188,225
225000090,9,123,-114
225000091,13,74,-61
225000092,7,20,-13
225000093,29,194,-165
225000094,12,213,-201
225000095,118,269,-151
225000096,36,168,-132
225000098,29,3,26
225000099,10,1,9
225000100,15,1,14
225000104,9,209,-200
225000110,3,134,-131
225000111,34,416,-382
225000112,46,389,-343
225000113,26,261,-235
225000114,18,133,-115
225000115,1123,154,969
225000116,0,0,0
225000117,0,0,0
225000118,0,0,0
225000119,0,0,0
225000120,0,0,0
225000121,0,0,0
225000123,0,0,0
225000125,16,29,-13
225000126,183,9,174
225000127,300,17,283
225000128,15,15,0
225000132,45,16,29
225000133,34,9,25
225000134,138,26,112
225000135,43,2,41
225000136,36,3,33
225000137,18,5,13
225000138,103,3,100
225000143,43,52,-9
225000144,1,149,-148
225000145,0,0,0
225000146,3,33,-30
225000147,4,124,-120
225000148,0,127,-127
225000149,50,169,-119
225000151,24,103,-79
225000155,83,108,-25
225000156,40,164,-124
225000157,34,97,-63
225000158,17,171,-154
225000171,1,71,-70
225000180,7,0,7
225000181,1,18,-17
225000182,0,0,0
225000185,0,113,-113
225000187,21,133,-112
225000191,0,0,0
225000194,0,30,-30
225000208,2,14,-12
225000209,0,0,0
225000210,0,49,-49
225000217,0,9,-9
225000218,0,0,0
225000223,0,30,-30
225000224,0,0,0
225000225,0,4,-4
225000226,0,0,0
225000227,23,42,-19
225000228,0,0,0
225000229,0,26,-26
225000230,0,0,0
225000231,1,47,-46
225000232,0,0,0
225000241,0,0,0
225000242,0,37,-37
225000249,0,2,-2
225000250,19,259,-240
225000251,83,10,73
226000042,88,188,-100
226000043,8,104,-96
226000044,39,331,-292
226000045,31,223,-192
226000046,61,21,40
226000047,74,16,58
226000048,76,13,63
226000049,53,16,37
226000070,0,33,-33
226000071,0,15,-15
226000072,0,2,-2
226000073,0,0,0
226000074,0,9,-9
226000084,1,20,-19
226000085,0,3,-3
226000086,0,2,-2
226000087,0,3,-3
226000088,0,2,-2
226000090,3,2,1
226000091,1,0,1
226000092,0,0,0
226000093,1,0,1
226000094,2,0,2
226000095,6,0,6
226000105,0,0,0
226000106,0,1,-1
226000107,0,0,0
226000108,4,0,4
226000109,8,1,7
226000124,72,11,61
226000134,156,70,86
226000135,216,169,47
226000136,39,80,-41
226000137,0,179,-179
226000138,7,67,-60
226000139,1,15,-14
226000156,2,0,2
226000157,28,1,27
226000163,5,25,-20
226000202,1,169,-168
226000231,36,1,35
226000232,1,1,0
227000033,0,0,0
227000036,0,0,0
227000037,0,0,0
227000038,0,0,0
227000049,0,5,-5
227000050,0,14,-14
227000055,0,0,0
227000056,0,0,0
227000084,1,25,-24
227000085,0,14,-14
227000088,0,0,0
227000089,0,0,0
227000090,0,0,0
227000091,0,0,0
227000092,0,0,0
227000093,0,0,0
227000094,2,0,2
227000130,8,50,-42
227000131,2,171,-169
227000132,3,199,-196
227000133,2,165,-163
227000134,5,229,-224
227000152,0,4,-4
227000153,2,13,-11
227000154,0,1,-1
227000155,0,19,-19
227000156,0,13,-13
227000165,1,16,-15
227000196,25,104,-79
227000199,6,207,-201
227000230,13,150,-137
227000232,0,0,0
227000242,66,311,-245
227000243,0,0,0
227000245,31,325,-294
227000246,38,363,-325
227000247,0,0,0
227000248,0,0,0
227000249,15,228,-213
227000250,27,5,22
227000251,134,299,-165
227000252,36,324,-288
227000253,0,0,0
227000262,0,0,0
227000266,0,0,0
227000267,21,767,-746
227000282,25,62,-37
227000284,0,0,0
227000286,16,54,-38
227000287,23,41,-18
227000291,40,201,-161
227000484,0,0,0
227000485,34,316,-282
227000655,0,0,0
227000656,0,0,0
227000657,0,0,0
227000661,0,0,0
227000680,0,0,0
229000265,0,9,-9
229000296,1,2,-1
229000297,8,6,2
229000298,5,19,-14
229000320,0,0,0
229000321,0,0,0
229000412,2,13,-11
229000414,0,18,-18
229000415,0,0,0
229000416,0,0,0
229000417,0,3,-3
229000419,12,75,-63
229000440,28,5,23
229000442,0,0,0
229000443,0,1,-1
229000444,0,7,-7
229000445,1,3,-2
229000446,3,2,1
229000491,3,19,-16
229000492,17,68,-51
229000493,1,49,-48
229000494,25,22,3
229000495,101,92,9
229000496,13,81,-68
229000507,0,15,-15
229000508,2,12,-10
229000509,0,15,-15
229000510,1,18,-17
229000511,1,32,-31
229000512,0,23,-23
229000513,0,1,-1
229000514,0,1,-1
229000517,1,3,-2
229000518,4,14,-10
229000519,0,5,-5
229000520,3,14,-11
229000521,20,26,-6
229000522,3,10,-7
229000523,5,12,-7
229000524,2,21,-19
229000527,2,2,0
229000528,1,2,-1
229000529,4,1,3
229000530,41,29,12
229000531,15,15,0
229000532,35,19,16
229000533,198,64,134
229000534,33,23,10
229000564,50,14,36
229000565,7,29,-22
229000566,0,19,-19
229000567,0,55,-55
229000582,161,8,153
229000583,5,14,-9
229000584,0,18,-18
229000585,7,17,-10
229000718,0,1,-1
229000719,0,0,0
229000720,0,4,-4
229000721,0,9,-9
229000722,0,24,-24
229000723,0,7,-7
229000724,0,1,-1
229000725,0,14,-14
229000738,3,1,2
229000739,1,1,0
229000740,2,0,2
229000741,25,0,25
229000742,12,1,11
229000743,61,0,61
229000744,5,1,4
229000745,4,0,4
229000746,73,0,73
229000847,16,3,13
229000848,38,1,37
229000849,256,3,253
229000851,7,0,7
229000854,0,26,-26
229000856,3,67,-64
229000857,0,17,-17
229000858,0,68,-68
229000919,2,73,-71
229000930,0,73,-73
229000937,221,23,198
229000966,61,34,27
229000981,5,37,-32
229000985,2,7,-5
229000986,0,0,0
229000987,0,0,0
229000988,0,1,-1
229000989,0,3,-3
229000990,0,0,0
229000991,0,0,0
229000992,0,1,-1
229000993,9,2,7
229000998,11,1,10
229000999,3,0,3
229001034,1,0,1
229001035,0,0,0
229001037,4,15,-11
229001042,1,0,1
229001047,0,11,-11
229001050,2,32,-30
229001168,0,4,-4
229001200,3,0,3
229001338,0,11,-11
229001394,203,5,198
229001422,302,24,278
229001423,20,121,-101
229001431,182,49,133
229001432,19,58,-39
229001444,12,5,7
229001445,2,50,-48
229001479,4,12,-8
229001503,224,51,173
229001504,17,75,-58
229001505,354,53,301
229001506,41,109,-68
229001509,6,23,-17
229001545,80,5,75
229001546,3,67,-64
229001553,49,7,42
229001554,3,64,-61
229001559,0,4,-4
229001560,0,1,-1
229001630,2,0,2
229001631,5,9,-4
229001635,0,3,-3
229001636,0,0,0
229001658,1,21,-20
229001659,143,5,138
229001660,0,0,0
229001661,0,5,-5
229001662,20,0,20
229001663,0,7,-7
229002584,17,10,7
229002831,40,34,6
229002841,1,8,-7
229002842,0,0,0
229002843,2,1,1
229002844,0,13,-13
229002845,0,32,-32
229002846,0,6,-6
229002847,0,2,-2
229002848,0,0,0
229002849,0,13,-13
229002850,0,0,0
229002851,1,12,-11
229002852,3,3,0
229002853,7,2,5
229002854,5,18,-13
229002855,0,12,-12
229002856,2,0,2
229002857,1,20,-19
229002858,2,0,2
229002859,3,1,2
229002860,1,2,-1
229002861,1,5,-4
229002862,1,4,-3
229002863,5,6,-1
229002864,1,2,-1
229002865,1,3,-2
229002866,0,2,-2
229002867,0,0,0
229002868,0,1,-1
229002869,2,26,-24
229002870,1,0,1
235000066,0,0,0
235000067,0,0,0
235000072,14,38,-24
235000073,38,170,-132
235000074,11,61,-50
235000080,0,29,-29
235000081,11,61,-50
235000082,0,0,0
235000083,0,0,0
235000084,0,0,0
235000085,0,0,0
235000089,0,0,0
235000092,4,98,-94
235000093,1,0,1
235000097,0,0,0
235000098,0,0,0
235000099,0,0,0
235000116,0,0,0
235000117,0,0,0
235000133,2,90,-88
235000134,2,35,-33
235000206,0,0,0
235000207,0,0,0
235000208,0,0,0
235000209,0,0,0
235000210,0,0,0
235000212,2,9,-7
235000213,2,5,-3
235000220,0,2,-2
235000221,8,7,1
235000238,1,0,1
235000239,0,0,0
235000242,12,1,11
235000245,520,116,404
235000246,1,37,-36
235000284,1,27,-26
235000295,0,0,0
235000305,0,0,0
235000306,0,0,0
235000307,0,0,0
235000308,0,0,0
235000309,0,0,0
235000310,0,0,0
235000311,0,0,0
235000322,0,7,-7
235000323,0,6,-6
235000324,0,3,-3
235000325,0,3,-3
235000326,1,64,-63
235000351,0,17,-17
235000352,1,8,-7
235000353,1,3,-2
235000354,0,11,-11
235000355,0,24,-24
235000356,0,0,0
235000357,0,0,0
235000358,0,0,0
235000359,0,0,0
235000360,0,0,0
235000361,0,0,0
235000381,20,133,-113
235000382,0,0,0
235000390,0,0,0
235000391,0,0,0
235000392,0,0,0
235000393,0,0,0
235000395,0,0,0
235000396,0,0,0
235000400,0,0,0
235000401,4,90,-86
235000405,29,190,-161
235000406,9,118,-109
235000407,24,85,-61
235000409,80,96,-16
235000410,14,152,-138
235000411,0,61,-61
235000485,0,16,-16
235000486,0,0,0
235000549,0,0,0
235000550,50,81,-31
235000599,73,47,26
235000600,3,5,-2
235000601,0,0,0
235000602,0,0,0
235000614,2,0,2
235000648,1,46,-45
235000649,0,0,0
235000685,0,1,-1
235000815,0,15,-15
235000834,0,2,-2
235000855,0,0,0
235000862,6,90,-84
235000891,0,4,-4
235000892,0,0,0
235000901,61,68,-7
235000907,15,1,14
235001010,0,0,0
235001029,314,227,87
235001030,0,0,0
235001078,0,0,0
235001079,14,50,-36
235001147,0,0,0
235001166,0,0,0
235001167,6,45,-39
235001169,2,85,-83
235001188,0,6,-6
235001189,0,0,0
235001197,0,4,-4
235001200,8,25,-17
235001207,0,0,0
235001210,6,68,-62
235001215,16,59,-43
235001239,0,31,-31
235001244,0,0,0
235016267,0,6,-6
277101746,0,26,-26
277102712,0,0,0
277103813,1,0,1
277103814,0,0,0
277103898,0,1,-1
277104249,0,0,0
277104250,0,0,0
277104251,0,6,-6
277104252,0,0,0
990011530,1,123,-122
990014944,0,181,-181
990015176,0,0,0
990015618,0,50,-50
990016032,1,88,-87
990032570,0,6,-6
990070001,0,1,-1
990070103,0,2,-2
990070601,0,5,-5
990070751,0,0,0
990070766,0,82,-82
990071180,0,53,-53
990071343,0,0,0
990071387,0,1,-1
990071823,0,0,0
990072600,1,210,-209
990072964,0,97,-97
990073285,0,1,-1
990074393,1,175,-174
990074870,0,1,-1
990075106,0,0,0
990075746,0,0,0
990076437,0,1,-1
990076458,3,328,-325
997000007,0,1,-1
997000041,0,56,-56
997000058,0,0,0
997000062,0,0,0
997000069,0,5,-5
997000070,0,32,-32
997000100,0,0,0
997000141,0,0,0
997000198,0,0,0
998000475,0,4,-4
998000736,0,46,-46
998000965,0,0,0
998001031,0,27,-27
998001700,0,6,-6
998001899,0,4,-4
998001900,14,0,14
998003073,0,0,0
998101900,0,0,0
998102850,0,1,-1
998501927,2,103,-101
998501929,9,0,9
998501930,14,0,14
998501931,4,0,4
998501932,7,2,5
998501933,0,1,-1
998501937,0,2,-2
998501944,0,0,0
998501950,0,6,-6
998501970,2,3,-1
998501971,0,43,-43
998501973,0,15,-15
998501974,0,84,-84
998501975,0,1,-1
998501976,4,0,4
998501977,0,15,-15
998501978,0,0,0
998501979,0,15,-15
998501980,0,3,-3
998501981,0,0,0
998501982,0,51,-51
998501983,0,4,-4
998502024,0,0,0
998502032,0,0,0
998502062,0,0,0
998502063,0,0,0
998502173,0,0,0
998502269,0,2,-2
998502546,0,8,-8
998502578,0,0,0
998502599,0,4,-4
998601159,0,25,-25
998601292,0,0,0
999033574,0,251,-251
999800001,0,1,-1
999800002,0,2,-2
999800003,0,3,-3
999800004,0,10,-10
999800005,0,15,-15
