ID,insum,outsum,diff
100000001,305,263,42
100000002,1364,2745,-1381
100000003,1933,2507,-574
100000004,103,798,-695
100000005,1646,1793,-147
100000006,195,188,7
100000007,725,1186,-461
100000008,45,184,-139
100000009,100,500,-400
100000010,7,108,-101
100000011,125,49,76
100000012,39,226,-187
100000013,0,79,-79
100000014,16,220,-204
100000015,447,801,-354
100000016,68,865,-797
100000017,92,1014,-922
100000018,268,190,78
100000019,976,1307,-331
100000020,454,1937,-1483
100000021,1837,579,1258
100000022,183,1351,-1168
100000023,1500,643,857
100000025,147,734,-587
100000028,306,843,-537
100000029,4,309,-305
100000030,44,11,33
100000031,910,3352,-2442
100000032,661,1934,-1273
100000033,396,1572,-1176
100000034,24,602,-578
100000035,173,437,-264
100000036,155,673,-518
100000037,408,270,138
100000038,1442,556,886
100000039,120,135,-15
100000040,154,65,89
100000041,575,275,300
100000042,476,145,331
100000043,230,127,103
100000044,35,117,-82
100000045,74,182,-108
100000046,91,168,-77
100000047,45,207,-162
100000048,85,143,-58
100000049,540,457,83
100000051,225,152,73
100000053,39,2,37
100000054,97,9,88
100000055,206,162,44
100000056,144,228,-84
100000057,1042,196,846
100000058,293,287,6
100000059,21,86,-65
100000060,381,215,166
100000061,1360,411,949
100000062,601,453,148
100000063,478,256,222
100000064,793,312,481
100000065,200,256,-56
100000066,55,247,-192
100000067,124,231,-107
100000068,116,544,-428
100000069,129,521,-392
100000072,89,213,-124
100000073,541,391,150
100000075,330,57,273
100000076,631,2651,-2020
100000077,29,257,-228
100000078,1,15,-14
100000079,7,82,-75
100000080,4,58,-54
100000081,3,35,-32
100000102,911,2437,-1526
100000103,607,1482,-875
100000104,1413,1075,338
100000105,536,494,42
100000106,280,1306,-1026
100000107,72,531,-459
100000108,100,221,-121
100000109,251,499,-248
100000116,102,242,-140
100000117,5,43,-38
100000118,335,425,-90
100000119,441,554,-113
100000121,46,350,-304
100000122,237,957,-720
100000123,521,1048,-527
100000124,660,1298,-638
100000125,2862,1963,899
100000126,254,255,-1
100000127,467,316,151
100000128,97,1488,-1391
100000129,71,388,-317
100000130,375,73,302
100000131,270,573,-303
100000132,325,889,-564
100000133,669,258,411
100000135,350,559,-209
100000139,82,410,-328
100000140,59,61,-2
100000142,393,199,194
100000143,338,180,158
100000144,692,159,533
100000147,694,2819,-2125
100000150,37,216,-179
100000151,70,784,-714
100000153,8,184,-176
100000154,4,275,-271
100000155,3,24,-21
100000156,12,154,-142
100000157,141,222,-81
100000158,102,162,-60
100000159,66,693,-627
100000165,477,202,275
100000169,14,737,-723
100000174,162,385,-223
100000179,19,336,-317
100000180,182,620,-438
100000181,66,94,-28
100000188,20,36,-16
100000189,328,104,224
100000190,179,525,-346
100000191,265,214,51
100000192,5,70,-65
100000193,111,58,53
100000330,192,434,-242
100000355,103,279,-176
100000362,924,471,453
100000363,3492,3726,-234
100000364,113,124,-11
100000365,3397,4744,-1347
100000366,878,445,433
100000367,2984,3577,-593
100000368,595,472,123
100000369,132,1068,-936
100000370,42,535,-493
100000376,13,338,-325
100000379,220,1462,-1242
100000380,1293,3370,-2077
100000384,2270,2997,-727
100000385,466,1984,-1518
100000386,676,2580,-1904
100000387,1042,2929,-1887
100000388,839,1912,-1073
100000389,1616,2986,-1370
100000390,1135,1207,-72
100000391,1432,3868,-2436
100000392,237,928,-691
100000393,243,1977,-1734
100000394,653,2238,-1585
100000395,372,1819,-1447
100000396,447,1056,-609
100000397,625,3164,-2539
100000398,4133,1947,2186
100000413,0,0,0
100900002,6,0,6
100900003,259,200,59
100900004,0,104,-104
100900005,113,3,110
100900006,27,7,20
100900007,99,0,99
100900008,0,37,-37
100900009,9,7,2
100900010,39,3,36
100900011,102,79,23
100900012,0,13,-13
100900013,526,19,507
100900014,0,0,0
100900015,15,6,9
100900016,1,23,-22
100900017,491,9,482
100900018,0,6,-6
100900019,2,10,-8
100900020,154,0,154
100900021,195,0,195
100900022,1,12,-11
100900023,0,3,-3
100900024,103,1,102
100900025,2,0,2
100900026,83,24,59
100900027,102,1052,-950
100900028,38,92,-54
100900029,40,0,40
100900030,0,29,-29
100900031,495,12,483
100900032,232,1,231
100900033,37,125,-88
100900034,763,0,763
100900035,96,0,96
100900036,1,0,1
100900037,79,16,63
100900038,7,9,-2
100900039,151,92,59
100900040,586,180,406
100900041,799,41,758
100900042,74,1994,-1920
100900043,0,14,-14
100900044,390,255,135
100900045,1,0,1
100900046,459,2,457
100900047,535,75,460
100900048,48,0,48
100900049,14,23,-9
100900050,3,0,3
100900051,52,70,-18
100900052,102,0,102
100900053,420,5,415
100900054,8,2,6
100900055,71,605,-534
100900056,1,28,-27
100900057,718,48,670
100900058,143,33,110
100900059,91,0,91
100900060,176,12,164
100900061,13,126,-113
100900062,0,0,0
100900063,131,361,-230
100900064,201,8,193
100900065,23,141,-118
100900066,73,13,60
100900067,1,0,1
100900068,63,49,14
100900069,45,0,45
100900070,336,5,331
100900071,99,23,76
100900072,1,3,-2
100900073,70,119,-49
100900074,2,2,0
100900075,341,36,305
100900076,1,9,-8
100900077,24,4,20
100900078,7,74,-67
100900079,1,0,1
100900080,81,56,25
100900081,11,74,-63
100900082,97,27,70
100900083,1,0,1
100900085,0,176,-176
100900086,3,177,-174
100900088,81,85,-4
100900089,0,44,-44
100900090,5,183,-178
100900091,2,0,2
100900092,20,113,-93
100900093,226,178,48
100900094,64,38,26
100900095,2,4,-2
100900096,7,25,-18
100900097,3,1,2
100900098,27,34,-7
100900099,1,98,-97
100900100,1,38,-37
100900101,67,0,67
100900102,1,48,-47
100900103,2,1,1
100900104,1,81,-80
100900105,4,23,-19
100900106,2,1,1
100900107,533,255,278
100900108,1,7,-6
100900109,17,40,-23
100900110,3,3,0
100900111,8,49,-41
100900112,0,1,-1
100900113,29,46,-17
100900114,8,19,-11
100900115,6,3,3
100900116,256,125,131
100900117,58,819,-761
100900118,6,18,-12
100900119,1,8,-7
100900120,21,0,21
100900121,178,155,23
100900122,3,39,-36
100900123,72,2,70
100900124,0,2,-2
100900125,0,6,-6
100900126,216,5,211
100900127,4,0,4
100900128,49,81,-32
100900129,1,98,-97
100900131,2,12,-10
100900133,28,0,28
100900134,4,0,4
100900135,0,107,-107
100900137,74,35,39
100900138,43,108,-65
100900139,0,0,0
100900140,1,27,-26
100900141,0,180,-180
100900142,0,0,0
100900143,112,78,34
100900144,1,4,-3
100900145,5,89,-84
100900146,3,31,-28
100900147,3,452,-449
100900148,29,78,-49
100900149,4,183,-179
100900150,0,41,-41
100900151,14,125,-111
100900152,21,0,21
100900153,2,185,-183
100900154,33,23,10
100900155,4,14,-10
100900156,0,0,0
100900157,3,123,-120
100900159,0,0,0
100900160,4,0,4
100900161,1,0,1
100900162,3,42,-39
100900163,15,18,-3
100900164,62,0,62
100900165,107,52,55
100900166,0,0,0
100900167,6,15,-9
100900168,2,18,-16
100900169,14,150,-136
100900170,11,0,11
100900171,18,171,-153
100900172,0,139,-139
100900173,0,40,-40
100900174,2,6,-4
100900176,348,24,324
100900177,100,47,53
100900178,95,115,-20
100900179,37,58,-21
100900180,0,0,0
100900181,1,1,0
100900182,3,4,-1
100900184,2,29,-27
100900186,124,66,58
100900187,39,42,-3
100900188,63,2,61
100900189,731,194,537
100900191,79,471,-392
100900192,24,120,-96
100900195,32,44,-12
100900197,6,31,-25
100900198,13,13,0
100900199,6,2,4
100900200,284,64,220
100900201,1,239,-238
100900202,31,0,31
100900203,0,19,-19
100900204,5,22,-17
100900205,22,404,-382
100900206,72,89,-17
100900207,160,37,123
100900210,11,32,-21
100900211,49,48,1
100900213,18,6,12
100900214,55,47,8
100900215,13,1,12
100900217,16,26,-10
101000001,696,1116,-420
101000002,2157,2760,-603
101000003,67,535,-468
101000004,2206,3879,-1673
101000005,1897,3244,-1347
101000006,1810,5266,-3456
101000007,598,2283,-1685
101000008,820,1255,-435
101000009,1038,326,712
101000010,344,291,53
101000011,276,106,170
101000012,92,196,-104
101000013,216,611,-395
101000014,164,210,-46
101000015,1553,609,944
101000016,58,292,-234
101000017,106,168,-62
101000018,673,1660,-987
101000020,676,442,234
101000021,185,211,-26
101000022,33,100,-67
101000023,309,359,-50
101000025,112,288,-176
101000026,253,33,220
101000027,691,1749,-1058
101000028,348,217,131
101000029,5,483,-478
101000030,240,147,93
101000031,26,420,-394
101000032,948,2332,-1384
101000033,374,1653,-1279
101000034,161,1187,-1026
101000035,75,191,-116
101000036,143,870,-727
101000037,251,1484,-1233
101000039,618,1069,-451
101000040,820,2101,-1281
101000041,813,2899,-2086
101000042,3,445,-442
101000043,1348,2319,-971
101000045,104,388,-284
101000046,445,1194,-749
101000047,469,2033,-1564
101000048,140,239,-99
101000049,162,506,-344
101000050,125,660,-535
101000051,219,1031,-812
101000052,591,820,-229
101000053,142,380,-238
101000054,348,172,176
101000055,324,798,-474
101000056,2,85,-83
101000057,260,1020,-760
101000058,268,754,-486
101000059,563,1560,-997
101000060,579,462,117
101000061,79,1235,-1156
101000062,83,275,-192
101000063,77,691,-614
101000064,92,532,-440
101000065,73,405,-332
101000066,128,766,-638
101000067,182,324,-142
101000068,56,223,-167
101000069,85,14,71
101000070,211,232,-21
101000071,1435,640,795
101000072,177,922,-745
101000073,217,896,-679
101000074,903,1573,-670
101000075,1140,1007,133
101000077,935,919,16
101000078,422,443,-21
101000079,580,661,-81
101000080,661,248,413
101000081,638,738,-100
101000082,951,768,183
101000083,1596,925,671
101000084,415,254,161
101000085,1108,612,496
101000086,441,325,116
101000087,367,419,-52
101000088,753,501,252
101000089,381,687,-306
101000090,640,285,355
101000091,224,169,55
101000092,1313,398,915
101000093,514,225,289
101000094,227,190,37
101000095,225,325,-100
101000096,306,157,149
101000097,106,178,-72
101000098,195,312,-117
101000099,219,471,-252
101000100,591,758,-167
101000101,81,305,-224
101000102,216,412,-196
101000103,176,243,-67
101000104,143,407,-264
101000105,199,383,-184
101000106,66,1341,-1275
101000107,146,166,-20
101000108,187,38,149
101000109,327,67,260
101000110,13,69,-56
101000111,26,44,-18
101000113,68,416,-348
101000114,901,2481,-1580
101000115,1,0,1
101000116,0,0,0
101000117,64,16,48
101000119,1,76,-75
101000120,13,46,-33
101000121,9,51,-42
101000122,25,97,-72
101000123,25,51,-26
101000124,708,353,355
101000125,39,51,-12
101000128,94,469,-375
101000130,73,94,-21
101000131,762,142,620
101000132,307,204,103
101000135,1,21,-20
101000136,18,80,-62
101000137,3,237,-234
101000141,208,2368,-2160
101000147,644,139,505
101000148,307,2,305
101000149,1,10,-9
101000150,71,113,-42
101000151,187,37,150
101000152,101,122,-21
101000153,152,85,67
101000154,380,245,135
101000155,383,103,280
101000156,17,139,-122
101000157,25,32,-7
101000160,1,6,-5
101000163,40,404,-364
101000164,150,59,91
101000165,95,203,-108
101000166,33,169,-136
101000168,529,147,382
101000252,1530,377,1153
101000254,11,7,4
101000258,102,2,100
101000261,115,41,74
101000262,500,2641,-2141
101000263,95,712,-617
101000265,25,259,-234
101000266,163,110,53
101000269,6,17,-11
101000290,52,1504,-1452
101000293,1,1,0
101000294,128,128,0
101000295,128,127,1
101000301,88,476,-388
101000304,868,1451,-583
101000305,1156,617,539
101000328,37,644,-607
101900001,3,15,-12
101900002,0,0,0
101900003,35,23,12
101900004,1,26,-25
101900005,551,1591,-1040
101900006,460,30,430
101900007,74,55,19
101900008,3,59,-56
101900009,0,236,-236
101900010,146,266,-120
101900011,64,521,-457
101900012,88,23,65
101900013,90,38,52
101900017,4,60,-56
101900018,234,96,138
101900019,18,15,3
101900020,41,9,32
101900021,0,11,-11
101900022,39,175,-136
101900023,45,21,24
101900026,23,25,-2
101900027,3,62,-59
102000001,1531,2955,-1424
102000002,1210,405,805
102000003,718,3524,-2806
102000004,866,1423,-557
102000005,338,1700,-1362
102000006,256,849,-593
102000007,520,2389,-1869
102000008,1807,838,969
102000009,3391,3588,-197
102000010,1511,1003,508
102000011,2215,2140,75
102000012,1760,1168,592
102000018,1127,1463,-336
102000019,824,655,169
102000026,174,279,-105
102000029,91,67,24
102000030,83,211,-128
102000031,57,38,19
102000032,408,159,249
102000033,202,155,47
102000034,134,107,27
102000035,241,136,105
102000036,10,119,-109
102000037,72,14,58
102000038,6,73,-67
102000039,23,49,-26
102000040,58,89,-31
102000041,18,283,-265
102000042,16,230,-214
102000043,4,164,-160
102000044,118,395,-277
102000045,198,319,-121
102000046,650,264,386
102000047,279,194,85
102000048,193,194,-1
102000049,462,280,182
102000050,351,627,-276
102000051,91,184,-93
102000052,471,448,23
102000053,432,621,-189
102000054,504,256,248
102000055,415,104,311
102000056,626,126,500
102000057,639,218,421
102000058,208,243,-35
102000059,250,438,-188
102000060,406,719,-313
102000061,760,641,119
102000062,1257,511,746
102000063,451,667,-216
102000064,269,350,-81
102000065,20,97,-77
102000066,437,216,221
102000067,1117,2011,-894
102000068,2784,1192,1592
102000069,34,908,-874
102000070,955,17,938
102000071,2940,5280,-2340
102000072,994,1236,-242
102000073,131,158,-27
102000074,226,177,49
102000075,77,92,-15
102000076,191,60,131
102000077,351,113,238
102000078,762,83,679
102000079,44,64,-20
102000080,205,44,161
102000081,67,232,-165
102000082,194,150,44
102000083,369,75,294
102000084,582,43,539
102000085,477,216,261
102000086,921,252,669
102000087,169,386,-217
102000088,259,80,179
102000089,767,124,643
102000090,154,552,-398
102000091,569,294,275
102000092,81,254,-173
102000093,332,400,-68
102000094,202,66,136
102000095,204,355,-151
102000096,171,116,55
102000097,176,137,39
102000098,66,103,-37
102000099,384,278,106
102000100,63,219,-156
102000101,76,192,-116
102000102,43,391,-348
102000103,911,292,619
102000104,237,225,12
102000105,93,164,-71
102000106,358,96,262
102000107,1015,77,938
102000108,252,124,128
102000109,176,139,37
102000110,700,249,451
102000111,1,159,-158
102000112,54,71,-17
102000113,1,19,-18
102000114,369,209,160
102000115,44,115,-71
102000116,108,466,-358
102000117,23,218,-195
102000118,434,1165,-731
102000119,269,661,-392
102000120,108,226,-118
102000121,341,104,237
102000122,247,521,-274
102000123,355,199,156
102000124,453,586,-133
102000125,213,193,20
102000126,147,241,-94
102000127,438,124,314
102000128,307,335,-28
102000129,464,162,302
102000130,200,338,-138
102000131,410,311,99
102000132,239,438,-199
102000133,1910,423,1487
102000134,649,299,350
102000135,153,287,-134
102000136,275,217,58
102000137,183,140,43
102000138,65,43,22
102000139,53,100,-47
102000140,46,79,-33
102000141,37,239,-202
102000142,106,91,15
102000143,111,72,39
102000144,161,36,125
102000145,148,72,76
102000146,140,54,86
102000147,159,206,-47
102000148,28,122,-94
102000149,184,67,117
102000150,355,20,335
102000151,98,24,74
102000152,174,108,66
102000153,285,223,62
102000154,62,205,-143
102000155,16,194,-178
102000156,130,90,40
102000157,24,171,-147
102000158,81,274,-193
102000159,477,528,-51
102000161,742,968,-226
102000162,53,61,-8
102000163,30,249,-219
102000164,105,309,-204
102000165,101,46,55
102000166,6,75,-69
102000167,61,47,14
102000168,42,72,-30
102000169,29,361,-332
102000170,129,28,101
102000171,4,37,-33
102000172,0,128,-128
102000173,210,207,3
102000174,90,26,64
102000175,67,19,48
102000176,12,37,-25
102000178,107,242,-135
102000179,144,134,10
102000180,502,150,352
102000181,601,164,437
102000182,319,131,188
102000183,1103,399,704
102000184,758,236,522
102000185,1505,225,1280
102000186,625,388,237
102000187,396,216,180
102000188,531,394,137
102000189,742,112,630
102000190,196,920,-724
102000191,372,155,217
102000192,488,512,-24
102000193,17,71,-54
102000194,18,65,-47
102000195,408,163,245
102000196,152,117,35
102000197,682,78,604
102000198,93,125,-32
102000199,713,72,641
102000200,93,153,-60
102000201,932,182,750
102000202,1,5,-4
102000203,199,68,131
102000204,327,144,183
102000205,554,132,422
102000206,131,71,60
102000207,321,242,79
102000208,180,157,23
102000209,24,16,8
102000210,274,17,257
102000211,318,57,261
102000212,335,8,327
102000213,2,75,-73
102000214,376,3,373
102000215,3,69,-66
102000216,118,55,63
102000217,0,28,-28
102000218,90,93,-3
102000219,30,39,-9
102000225,131,359,-228
102000226,95,92,3
102000227,56,2,54
102000228,0,17,-17
102000229,35,49,-14
102000230,197,165,32
102000231,200,184,16
102000232,31,152,-121
102000233,303,119,184
102000234,30,513,-483
102000236,78,26,52
102000237,231,47,184
102000238,56,117,-61
102000240,22,206,-184
102000241,69,12,57
102000243,1,17,-16
102000245,1,22,-21
102000246,8,71,-63
102000247,95,214,-119
102000248,223,371,-148
102000249,73,26,47
102000250,36,69,-33
102000254,375,37,338
102000266,0,48,-48
102000271,37,8,29
102000286,138,183,-45
102000297,759,259,500
102000299,0,0,0
102000301,0,0,0
102000303,0,0,0
102000305,0,0,0
102000307,0,2,-2
102900001,556,120,436
102900002,93,5,88
102900003,64,40,24
102900005,215,102,113
102900006,184,29,155
102900007,257,4,253
102900008,152,3,149
102900009,77,70,7
102900010,94,235,-141
102900011,288,107,181
102900012,75,14,61
102900013,8,3,5
102900015,319,147,172
102900016,77,4,73
102900017,68,34,34
102900018,10,3,7
102900019,65,128,-63
102900020,82,3,79
102900021,16,1,15
102900022,12,2,10
102900023,1,7,-6
102900024,17,14,3
102900025,7,5,2
102900026,86,1087,-1001
102900027,57,15,42
102900028,30,454,-424
102900029,7,57,-50
102900030,98,179,-81
102900031,118,17,101
102900032,29,19,10
102900033,34,56,-22
102900034,359,22,337
102900035,72,68,4
102900036,110,57,53
102900037,48,65,-17
102900038,71,65,6
102900039,68,256,-188
102900040,13,71,-58
102900041,23,27,-4
102900042,61,37,24
102900043,74,15,59
102900044,157,346,-189
102900045,94,115,-21
102900046,124,42,82
102900047,37,47,-10
102900048,157,72,85
102900049,3,62,-59
102900050,58,39,19
102900051,41,51,-10
102900053,74,75,-1
102900054,32,244,-212
102900055,17,128,-111
102900056,7,78,-71
102900057,0,19,-19
102900058,146,22,124
102900059,3,0,3
102900060,8,76,-68
102900061,77,68,9
102900062,128,145,-17
102900063,1095,59,1036
102900064,11,115,-104
102900065,318,48,270
102900066,92,4,88
102900068,5,53,-48
102900070,128,105,23
102900072,1,6,-5
102900073,10,1,9
102900075,0,27,-27
102900076,8,17,-9
102900077,3,2,1
102900078,2,8,-6
102900079,63,1,62
102900080,229,4,225
102900081,3,54,-51
102900082,5,11,-6
102900083,19,0,19
102900084,0,1,-1
102900085,38,1,37
102900086,0,5,-5
102900087,77,31,46
102900088,5,10,-5
102900089,76,14,62
102900090,0,4,-4
102900091,169,0,169
102900092,177,57,120
102900094,0,15,-15
102900095,52,0,52
102900096,11,5,6
102900097,0,31,-31
103000001,1367,1098,269
103000002,1479,1448,31
103000003,1504,1194,310
103000004,317,257,60
103000005,671,1589,-918
103000006,551,766,-215
103000007,223,192,31
103000008,507,316,191
103000009,774,660,114
103000010,35,27,8
103000011,810,309,501
103000012,667,800,-133
103000013,1159,645,514
103000014,661,1239,-578
103000015,621,283,338
103000016,212,641,-429
103000017,123,486,-363
103000018,147,148,-1
103000019,118,323,-205
103000020,794,796,-2
103000021,1371,1993,-622
103000022,257,703,-446
103000023,520,1197,-677
103000024,19,69,-50
103000025,23,692,-669
103000026,147,49,98
103000027,63,480,-417
103000028,153,126,27
103000029,59,67,-8
103000030,782,651,131
103000031,445,1197,-752
103000032,944,448,496
103000033,2394,1994,400
103000034,577,316,261
103000035,68,599,-531
103000036,90,144,-54
103000037,327,173,154
103000038,156,399,-243
103000039,182,106,76
103000040,490,309,181
103000041,880,649,231
103000042,575,69,506
103000043,422,243,179
103000044,171,64,107
103000046,79,150,-71
103000047,319,129,190
103000048,174,63,111
103000049,32,53,-21
103000050,357,51,306
103000051,432,210,222
103000052,417,83,334
103000053,145,112,33
103000054,843,108,735
103000055,979,484,495
103000056,375,382,-7
103000057,873,84,789
103000058,265,121,144
103000059,489,230,259
103000060,328,80,248
103000061,392,268,124
103000062,269,43,226
103000063,574,366,208
103000064,43,42,1
103000065,2,118,-116
103000066,91,4,87
103000069,99,78,21
103000070,288,61,227
103000071,580,296,284
103000072,131,184,-53
103000073,484,29,455
103000074,571,28,543
103000075,27,178,-151
103000076,127,432,-305
103000077,3,130,-127
103000078,352,350,2
103000079,149,479,-330
103000080,231,170,61
103000081,119,794,-675
103000082,222,75,147
103000083,37,143,-106
103000084,41,2,39
103000085,0,30,-30
103000086,233,187,46
103000087,60,419,-359
103000088,219,290,-71
103000089,116,426,-310
103000090,2471,933,1538
103000091,577,374,203
103000092,149,74,75
103000093,115,169,-54
103000094,165,51,114
103000095,25,151,-126
103000096,240,7,233
103000097,10,323,-313
103000098,294,12,282
103000099,33,165,-132
103000100,63,138,-75
103000101,732,31,701
103000102,119,94,25
103000103,449,46,403
103000104,69,22,47
103000105,93,36,57
103000106,1,72,-71
103000107,132,13,119
103000108,793,718,75
103000109,189,558,-369
103000110,300,656,-356
103000111,213,303,-90
103000112,89,160,-71
103000113,93,537,-444
103000114,681,248,433
103000115,536,517,19
103000116,586,219,367
103000117,342,234,108
103000118,153,209,-56
103000119,413,174,239
103000120,35,114,-79
103000121,46,120,-74
103000122,359,696,-337
103000125,3,23,-20
103000126,342,0,342
103000127,0,36,-36
103000128,108,0,108
103000129,0,91,-91
103000130,20,6,14
103000131,15,64,-49
103000132,27,41,-14
103000133,15,121,-106
103000134,121,410,-289
103000135,235,146,89
103000136,124,115,9
103000137,155,441,-286
103000138,224,417,-193
103000139,1,20,-19
103000140,47,2,45
103000141,8,30,-22
103000142,30,42,-12
103000143,42,84,-42
103000144,143,48,95
103000145,9,50,-41
103000150,20,17,3
103000152,67,125,-58
103000153,78,145,-67
103000156,0,32,-32
103000157,226,1,225
103000159,157,35,122
103000162,17,12,5
103000163,6,15,-9
103000164,1,43,-42
103000165,25,107,-82
103000166,186,256,-70
103000167,69,86,-17
103000168,102,41,61
103000169,133,388,-255
103000170,1122,166,956
103000171,6,14,-8
103000172,452,55,397
103000173,367,101,266
103000174,256,153,103
103000175,200,48,152
103000176,419,471,-52
103000177,100,208,-108
103000178,49,96,-47
103000179,38,5,33
103000183,174,0,174
103000185,110,30,80
103000186,244,44,200
103000187,620,63,557
103000188,26,52,-26
103000189,335,505,-170
103000191,185,162,23
103000292,260,833,-573
103000293,179,1478,-1299
103000295,46,24,22
103000296,43,0,43
103000297,2,3,-1
103000504,34,7,27
103000505,0,2,-2
103000506,2,50,-48
103000507,88,0,88
103000508,21,20,1
103000509,153,168,-15
103900001,3,17,-14
103900002,168,9,159
103900003,253,69,184
103900004,38,1,37
103900005,0,6,-6
103900006,0,1,-1
103900007,108,8,100
103900008,3,0,3
103900009,140,55,85
103900010,105,11,94
103900011,192,4,188
103900012,1,45,-44
103900013,22,4,18
103900014,71,6,65
103900015,37,2,35
103900016,31,17,14
103900017,51,24,27
103900018,59,8,51
103900019,1,200,-199
103900020,60,192,-132
103900021,69,6,63
103900022,234,84,150
103900023,158,1,157
103900024,9,42,-33
103900025,1,2,-1
103900026,1,0,1
103900027,149,34,115
103900028,14,84,-70
103900029,590,56,534
103900030,107,27,80
103900031,16,0,16
103900032,79,96,-17
103900033,9,4,5
103900034,11,14,-3
103900035,36,36,0
103900036,12,28,-16
103900037,18,6,12
103900038,20,151,-131
103900039,94,75,19
103900040,4,99,-95
103900041,51,2,49
103900042,121,60,61
103900043,218,12,206
103900044,15,160,-145
103900045,143,130,13
103900047,90,10,80
103900048,0,11,-11
103900049,7,345,-338
103900050,12,89,-77
103900051,0,25,-25
103900052,106,109,-3
103900053,259,54,205
103900054,100,33,67
103900055,212,87,125
103900056,3,0,3
103900057,72,15,57
103900058,217,67,150
103900059,0,11,-11
103900060,62,25,37
103900061,219,5,214
103900062,237,82,155
103900063,0,0,0
103900064,93,1,92
103900065,92,95,-3
103900066,157,23,134
103900067,160,5,155
103900068,1,0,1
103900069,18,5,13
103900070,65,83,-18
103900071,2,25,-23
103900072,5,61,-56
103900073,3,20,-17
103900074,61,4,57
103900075,147,26,121
103900076,479,128,351
103900077,10,71,-61
103900078,94,34,60
103900079,26,4,22
103900080,0,12,-12
103900081,4,2,2
103900082,8,43,-35
103900083,493,732,-239
103900084,15,27,-12
103900085,16,24,-8
103900086,510,92,418
103900088,121,135,-14
103900089,2,36,-34
103900090,0,12,-12
103900091,227,36,191
103900092,359,200,159
103900093,14,74,-60
103900094,6,17,-11
103900095,13,87,-74
103900096,38,14,24
103900097,1,49,-48
103900098,115,26,89
103900099,114,9,105
103900100,213,16,197
103900101,59,212,-153
103900102,2,4,-2
103900104,2,2,0
103900105,14,4,10
103900106,0,53,-53
103900107,164,34,130
103900108,33,35,-2
103900109,53,5,48
103900110,58,9,49
103900111,127,81,46
103900112,10,10,0
103900113,6,76,-70
103900114,194,108,86
103900115,55,51,4
103900116,317,621,-304
103900117,44,7,37
103900119,27,175,-148
103900120,13,9,4
103900122,129,74,55
103900123,95,279,-184
103900124,4,46,-42
103900125,143,9,134
103900126,350,12,338
103900127,47,26,21
103900128,116,10,106
103900131,12,25,-13
103900133,476,2,474
103900134,0,12,-12
103900135,0,0,0
103900137,0,1,-1
103900138,220,43,177
103900139,69,1394,-1325
103900140,7,296,-289
103900141,79,26,53
103900142,286,26,260
103900143,86,0,86
103900144,0,1,-1
103900145,35,43,-8
103900146,186,74,112
103900147,247,38,209
103900148,152,11,141
103900149,132,127,5
103900150,1003,2210,-1207
103900151,2,13,-11
103900152,483,70,413
103900153,4,0,4
103900154,34,1009,-975
103900155,6,33,-27
103900156,3,9,-6
103900157,80,4,76
103900158,164,7,157
103900159,169,6,163
103900160,5,5,0
103900161,14,48,-34
103900162,31,11,20
103900163,0,65,-65
103900167,0,9,-9
103900168,28,9,19
103900169,22,12,10
103900170,0,6,-6
103900171,0,1,-1
103900172,0,3,-3
103900173,15,2,13
103900174,130,4,126
103900175,2,117,-115
103900176,2,7,-5
103900177,1,0,1
103900178,8,1,7
103900179,16,3,13
103900180,6,13,-7
103900181,11,9,2
103900182,3,4,-1
103900184,40,9,31
103900185,10,258,-248
103900187,13,53,-40
103900188,33,25,8
103900189,63,0,63
103900190,42,11,31
103900191,4,24,-20
103900192,19,10,9
103900193,3,4,-1
103900194,17,10,7
103900195,1,50,-49
103900196,13,9,4
103900197,1,1,0
103900198,1,3,-2
103900199,108,13,95
103900200,118,17,101
103900201,26,6,20
103900202,2,11,-9
103900203,61,20,41
103900204,0,10,-10
103900207,0,7,-7
103900208,72,0,72
103900209,0,3,-3
103900210,23,6,17
103900211,403,48,355
103900212,20,7,13
103900213,5,48,-43
103900214,59,147,-88
103900215,66,87,-21
103900216,1,45,-44
103900217,94,11,83
103900218,0,78,-78
103900219,220,4,216
103900233,14,3,11
103900235,18,9,9
103900236,7,14,-7
103900242,0,1,-1
103900243,0,4,-4
103900244,47,38,9
103900245,51,16,35
103900246,3,1,2
103900247,3,12,-9
103900248,0,4,-4
103900249,0,71,-71
103900250,3,12,-9
103900251,1,21,-20
103900253,0,8,-8
103900254,2,7,-5
103900255,0,6,-6
103900256,13,21,-8
103900257,52,67,-15
103900258,4,0,4
103900259,2,2,0
103900261,7,0,7
103900262,3,0,3
103900263,11,3,8
103900264,1,0,1
103900265,1,0,1
103900266,0,30,-30
103900267,1,13,-12
103900268,2,8,-6
103900269,98,6,92
103900270,13,21,-8
103900271,7,11,-4
103900272,4,4,0
103900273,21,0,21
103900274,45,0,45
103900275,8,2,6
103900276,0,2,-2
103900277,4,0,4
103900278,1,5,-4
103900279,1,13,-12
103900280,0,2,-2
104000001,1412,715,697
104000002,1123,1065,58
104000003,1148,842,306
104000004,1239,1015,224
104000005,1025,1000,25
104000006,1462,1074,388
104000007,2932,2072,860
104000008,141,127,14
104000009,212,149,63
104000010,79,226,-147
104000011,118,140,-22
104000012,58,109,-51
104000013,147,260,-113
104000014,121,127,-6
104000015,232,44,188
104000016,104,100,4
104000018,451,71,380
104000019,492,98,394
104000020,27,121,-94
104000021,156,100,56
104000022,123,179,-56
104000023,797,212,585
104000024,108,108,0
104000026,27,59,-32
104000027,175,67,108
104000028,475,134,341
104000029,166,146,20
104000030,332,223,109
104000031,731,83,648
104000032,117,95,22
104000033,652,115,537
104000034,199,95,104
104000035,769,66,703
104000036,558,204,354
104000037,69,82,-13
104000038,266,149,117
104000039,137,55,82
104000040,28,190,-162
104000041,394,135,259
104000042,152,96,56
104000043,63,80,-17
104000044,183,197,-14
104000045,320,252,68
104000046,198,384,-186
104000047,257,293,-36
104000048,437,366,71
104000049,320,251,69
104000050,59,324,-265
104000051,94,228,-134
104000052,1103,728,375
104000053,575,180,395
104000054,355,70,285
104000055,1199,692,507
104000056,277,59,218
104000057,129,87,42
104000058,611,516,95
104000059,419,492,-73
104000060,740,753,-13
104000061,495,491,4
104000062,171,47,124
104000064,375,82,293
104000065,23,231,-208
104000069,222,870,-648
104000070,15,286,-271
104000071,66,38,28
104000072,307,49,258
104000075,0,61,-61
104000076,238,21,217
104000082,1151,1503,-352
104000083,235,51,184
104000084,48,160,-112
104000085,160,87,73
104000086,214,223,-9
104000087,97,320,-223
104000090,354,242,112
104000092,703,305,398
104000094,259,316,-57
104000095,1423,557,866
104000096,1074,35,1039
104000097,1237,190,1047
104000098,2195,152,2043
104000100,1621,206,1415
104000101,678,602,76
104000106,9,301,-292
104000107,323,136,187
104000108,104,87,17
104000109,108,42,66
104000110,211,652,-441
104000111,755,1270,-515
104000112,206,170,36
104000116,0,323,-323
104000117,220,128,92
104000118,592,46,546
104000119,343,117,226
104000120,263,135,128
104000121,107,176,-69
104000122,348,299,49
104000123,386,336,50
104000124,130,459,-329
104000125,633,1690,-1057
104000126,204,207,-3
104000127,839,819,20
104000128,328,55,273
104000129,109,6,103
104000130,0,293,-293
104000131,215,179,36
104000132,271,161,110
104000133,808,526,282
104000134,532,847,-315
104000135,172,687,-515
104000136,319,959,-640
104000137,1002,165,837
104000138,678,300,378
104000139,1048,1036,12
104000141,200,320,-120
104000142,413,232,181
104000143,443,132,311
104000144,36,110,-74
104000145,169,103,66
104000146,66,235,-169
104000147,45,182,-137
104000148,205,108,97
104000149,35,36,-1
104000150,556,214,342
104000151,186,166,20
104000152,239,183,56
104000153,466,332,134
104000154,288,136,152
104000155,221,588,-367
104000157,584,473,111
104000158,35,173,-138
104000159,282,135,147
104000160,1026,1288,-262
104000161,90,42,48
104000162,66,47,19
104000165,402,274,128
104000167,372,980,-608
104000168,615,9,606
104000169,199,26,173
104000170,76,125,-49
104000248,209,216,-7
104000251,2,39,-37
104000272,0,0,0
104000273,0,0,0
104000274,0,0,0
104000275,0,0,0
104000279,346,316,30
104000290,15,370,-355
104000291,459,529,-70
104000293,548,350,198
104000294,39,0,39
104000295,689,680,9
104000296,255,289,-34
104000297,722,1405,-683
104000298,1037,387,650
104000299,549,453,96
104900001,9,39,-30
104900002,14,124,-110
104900003,44,64,-20
104900004,17,24,-7
104900005,193,39,154
104900006,247,16,231
104900007,171,60,111
104900009,63,101,-38
104900010,48,2,46
104900011,0,2,-2
104900012,44,2,42
104900013,27,0,27
104900014,797,92,705
104900015,34,2,32
104900016,90,22,68
104900017,46,31,15
104900018,1,27,-26
104900019,65,3018,-2953
104900020,20,31,-11
104900021,2,8,-6
104900022,3,43,-40
104900023,0,7,-7
104900024,3,134,-131
104900025,25,71,-46
104900026,0,11,-11
104900027,533,176,357
104900028,2,108,-106
104900029,2,33,-31
104900030,251,134,117
104900031,17,46,-29
104900032,2,12,-10
104900033,149,79,70
104900034,287,62,225
104900035,193,155,38
104900036,461,41,420
104900037,58,40,18
104900038,24,634,-610
104900039,100,488,-388
104900040,488,28,460
104900041,157,23,134
104900042,116,66,50
104900043,38,245,-207
104900044,713,69,644
104900045,133,30,103
104900046,237,37,200
104900047,359,45,314
104900048,429,47,382
104900049,89,26,63
104900050,326,24,302
104900051,169,15,154
104900052,204,0,204
104900053,274,31,243
104900054,192,16,176
104900055,314,1,313
104900056,237,16,221
104900057,25,0,25
104900058,176,20,156
104900059,77,18,59
104900060,0,60,-60
104900061,57,58,-1
104900063,0,19,-19
104900064,0,50,-50
104900065,5,83,-78
104900066,5,29,-24
104900067,6,56,-50
104900068,6,28,-22
104900070,17,60,-43
104900071,0,48,-48
104900072,2,67,-65
104900073,41,12,29
104900074,5,24,-19
104900075,9,4,5
104900076,45,12,33
104900077,39,33,6
104900078,51,44,7
104900079,47,377,-330
104900080,26,72,-46
104900082,0,31,-31
104900085,0,63,-63
104900087,229,1,228
104900089,406,1,405
104900090,674,370,304
104900091,141,139,2
104900093,56,80,-24
104900097,353,1049,-696
104900098,43,9,34
104900099,39,363,-324
104900100,156,22,134
104900102,26,39,-13
104900103,44,8,36
104900104,461,1145,-684
104900106,47,11,36
104900107,38,26,12
104900108,0,21,-21
104900109,37,64,-27
104900110,2,25,-23
104900111,86,6,80
104900112,170,47,123
104900113,283,21,262
104900114,287,95,192
104900115,363,40,323
104900116,266,20,246
104900118,0,6,-6
104900119,0,11,-11
104900120,10,499,-489
104900121,0,8,-8
104900122,0,8,-8
104900123,126,30,96
104900124,93,0,93
104900125,223,2,221
104900126,6,6,0
104900127,1,3,-2
104900128,55,41,14
104900129,320,1281,-961
105000001,1428,618,810
105000002,1066,765,301
105000003,1168,1613,-445
105000004,624,361,263
105000005,804,630,174
105000006,630,1059,-429
105000007,683,987,-304
105000008,324,1315,-991
105000009,2147,1864,283
105000010,1092,479,613
105000011,1719,1822,-103
105000012,897,878,19
105000013,545,582,-37
105000014,1869,1402,467
105000015,4097,7191,-3094
105000016,624,613,11
105000017,919,589,330
105000018,332,606,-274
105000019,472,482,-10
105000020,46,220,-174
105000021,138,79,59
105000022,43,32,11
105000023,337,103,234
105000028,3,33,-30
105000029,222,586,-364
105000030,1593,952,641
105000031,1,7,-6
105000033,562,563,-1
105000034,29,485,-456
105000037,230,63,167
105000038,375,600,-225
105000039,338,345,-7
105000040,364,437,-73
105000041,110,259,-149
105000042,730,649,81
105000043,430,349,81
105000044,329,102,227
105000045,128,176,-48
105000046,570,60,510
105000047,148,181,-33
105000048,625,142,483
105000049,89,156,-67
105000050,616,226,390
105000051,104,160,-56
105000052,319,308,11
105000053,62,72,-10
105000054,222,315,-93
105000055,329,97,232
105000056,1124,780,344
105000057,904,212,692
105000058,584,451,133
105000059,696,409,287
105000060,251,199,52
105000061,898,267,631
105000062,225,273,-48
105000063,121,180,-59
105000064,1608,261,1347
105000065,245,169,76
105000066,477,343,134
105000067,1046,376,670
105000068,180,338,-158
105000069,617,1381,-764
105000070,205,595,-390
105000071,89,1041,-952
105000072,649,2575,-1926
105000073,603,409,194
105000074,206,179,27
105000075,268,213,55
105000076,604,341,263
105000077,765,200,565
105000078,340,394,-54
105000079,414,958,-544
105000080,1089,1047,42
105000081,587,546,41
105000082,412,1014,-602
105000083,1278,1679,-401
105000084,256,425,-169
105000085,1606,1270,336
105000086,357,426,-69
105000087,544,614,-70
105000088,965,1346,-381
105000089,941,415,526
105000090,166,148,18
105000091,199,220,-21
105000092,275,166,109
105000093,187,203,-16
105000094,52,78,-26
105000095,72,224,-152
105000096,636,1082,-446
105000097,189,245,-56
105000098,876,892,-16
105000099,375,396,-21
105000100,1039,331,708
105000101,1127,413,714
105000102,860,512,348
105000103,542,526,16
105000104,1135,240,895
105000105,587,396,191
105000106,866,301,565
105000107,877,195,682
105000108,1012,261,751
105000109,1236,275,961
105000110,592,98,494
105000111,927,192,735
105000112,509,195,314
105000113,373,388,-15
105000114,456,852,-396
105000115,194,988,-794
105000116,816,249,567
105000117,419,222,197
105000118,614,176,438
105000119,247,231,16
105000120,1186,245,941
105000121,602,262,340
105000122,276,188,88
105000123,245,270,-25
105000124,1071,227,844
105000125,541,400,141
105000126,1152,395,757
105000127,1541,547,994
105000128,275,796,-521
105000129,706,125,581
105000130,80,2254,-2174
105000131,119,71,48
105000132,794,450,344
105000133,172,172,0
105000134,1037,186,851
105000135,123,74,49
105000136,19,48,-29
105000137,406,45,361
105000138,62,24,38
105000139,356,124,232
105000140,524,110,414
105000141,194,77,117
105000142,192,132,60
105000143,56,153,-97
105000144,173,190,-17
105000145,608,142,466
105000146,166,138,28
105000147,523,113,410
105000148,462,331,131
105000149,1733,935,798
105000150,522,235,287
105000151,425,196,229
105000152,172,154,18
105000153,660,167,493
105000154,249,187,62
105000155,321,197,124
105000156,97,258,-161
105000157,383,337,46
105000158,1137,312,825
105000159,130,297,-167
105000160,2130,340,1790
105000161,363,257,106
105000162,371,1367,-996
105000163,415,252,163
105000164,24,97,-73
105000165,206,4676,-4470
105000166,1365,955,410
105000167,508,1512,-1004
105000168,164,62,102
105000169,405,68,337
105000170,203,498,-295
105000171,532,80,452
105000172,241,2,239
105000173,555,4,551
105000174,63,9,54
105000175,63,45,18
105000176,325,27,298
105000177,263,124,139
105000178,218,83,135
105000179,865,27,838
105000180,144,32,112
105000181,118,91,27
105000182,39,14,25
105000183,819,1455,-636
105000184,134,140,-6
105000185,127,486,-359
105000186,150,258,-108
105000187,367,193,174
105000188,133,141,-8
105000189,35,206,-171
105000190,141,108,33
105000191,126,159,-33
105000192,198,70,128
105000193,64,31,33
105000194,501,26,475
105000195,129,163,-34
105000196,44,171,-127
105000197,77,192,-115
105000198,79,60,19
105000199,56,393,-337
105000200,82,247,-165
105000201,60,16,44
105000203,3,54,-51
105000204,44,16,28
105000205,33,37,-4
105000207,70,14,56
105000208,80,174,-94
105000209,70,34,36
105000211,196,1,195
105000212,525,279,246
105000213,26,65,-39
105000214,50,57,-7
105000215,55,43,12
105000216,99,33,66
105000217,31,45,-14
105000218,1556,298,1258
105000221,87,71,16
105000222,127,35,92
105000223,236,27,209
105000226,53,78,-25
105000227,86,42,44
105000228,24,709,-685
105000229,66,220,-154
105000231,142,59,83
105000233,536,380,156
105000234,207,337,-130
105000235,468,292,176
105000237,819,40,779
105000243,58,16,42
105000248,9,27,-18
105000262,132,84,48
105000269,76,35,41
105000270,418,9,409
105000271,0,79,-79
105000282,13,12,1
105000287,99,45,54
105000288,646,246,400
105000289,587,1023,-436
105000290,15,7,8
105000402,669,1603,-934
105000426,165,156,9
105000438,652,691,-39
105000440,14,3,11
105000446,2095,1895,200
105000447,1100,773,327
105000454,374,62,312
105000455,102,55,47
105000474,56,0,56
105000477,468,223,245
105000478,1284,2701,-1417
105000479,68,22,46
105000480,3091,4045,-954
105000481,2303,1867,436
105000482,1104,1774,-670
105000483,745,1088,-343
105000484,529,756,-227
105000485,481,1439,-958
105000486,549,638,-89
105000488,1320,1225,95
105000489,757,274,483
105000549,133,51,82
105000550,142,326,-184
105000551,6,52,-46
105000552,851,405,446
105000555,382,699,-317
105000556,14,2,12
105000557,26,63,-37
105900001,8,829,-821
105900002,284,569,-285
105900003,0,39,-39
105900004,20,14,6
105900005,2,30,-28
105900006,5,21,-16
105900007,4,2,2
105900008,38,110,-72
105900009,61,4,57
105900011,18,14,4
105900012,171,22,149
105900013,1,7,-6
105900014,1,7,-6
105900015,36,78,-42
105900016,252,70,182
105900017,1159,5,1154
105900018,55,59,-4
105900019,20,28,-8
105900020,29,52,-23
105900021,1,74,-73
105900022,65,69,-4
105900023,0,15,-15
105900024,0,66,-66
105900025,195,2,193
105900026,53,4,49
105900027,2201,824,1377
105900028,137,84,53
105900029,693,105,588
105900030,78,77,1
105900031,187,34,153
105900032,16,7,9
105900033,15,19,-4
105900034,91,35,56
105900035,67,27,40
105900036,69,14,55
105900037,62,14,48
105900038,42,58,-16
105900039,56,16,40
105900040,33,12,21
105900041,30,22,8
105900042,6,33,-27
105900043,328,23,305
105900044,2,114,-112
105900045,0,309,-309
105900046,0,39,-39
105900047,6,3,3
105900048,100,75,25
105900050,160,579,-419
105900051,7,273,-266
105900052,198,5,193
105900053,705,1875,-1170
105900054,31,69,-38
105900056,106,175,-69
105900057,1,19,-18
105900058,3,11,-8
105900059,0,50,-50
106000001,1062,825,237
106000002,397,1134,-737
106000003,1621,1871,-250
106000004,1186,1444,-258
106000005,2708,2095,613
106000006,2138,871,1267
106000007,484,102,382
106000008,168,143,25
106000009,297,78,219
106000010,153,282,-129
106000011,1066,409,657
106000012,443,281,162
106000013,1477,646,831
106000014,504,420,84
106000015,1577,460,1117
106000016,501,621,-120
106000017,810,305,505
106000018,253,316,-63
106000019,457,177,280
106000020,99,137,-38
106000021,334,158,176
106000022,143,86,57
106000023,833,193,640
106000024,228,251,-23
106000025,248,143,105
106000026,56,75,-19
106000027,1700,630,1070
106000028,226,134,92
106000029,242,202,40
106000030,47,194,-147
106000034,6,83,-77
106000035,678,939,-261
106000036,46,247,-201
106000037,227,397,-170
106000038,8,42,-34
106000039,46,76,-30
106000040,57,886,-829
106000041,435,225,210
106000043,192,98,94
106000046,139,24,115
106000047,18,251,-233
106000049,756,29,727
106000050,38,187,-149
106000051,696,317,379
106000052,0,19,-19
106000053,476,69,407
106000054,7,6,1
106000055,592,219,373
106000056,9,10,-1
106000057,458,68,390
106000058,3,1,2
106000059,379,177,202
106000060,23,59,-36
106000061,113,435,-322
106000062,74,72,2
106000063,461,429,32
106000064,0,7,-7
106000065,357,107,250
106000066,36,16,20
106000067,290,38,252
106000068,44,19,25
106000069,348,19,329
106000070,146,24,122
106000071,580,109,471
106000072,968,542,426
106000073,818,3009,-2191
106000074,300,313,-13
106000075,220,432,-212
106000076,575,407,168
106000077,902,304,598
106000078,689,217,472
106000079,611,163,448
106000080,904,251,653
106000081,569,261,308
106000082,767,262,505
106000083,216,411,-195
106000084,435,265,170
106000085,547,432,115
106000086,221,73,148
106000087,371,175,196
106000088,200,161,39
106000089,572,86,486
106000090,177,230,-53
106000091,163,258,-95
106000092,376,156,220
106000093,353,41,312
106000094,28,141,-113
106000095,939,290,649
106000096,1022,82,940
106000097,819,267,552
106000098,650,89,561
106000099,63,171,-108
106000100,879,78,801
106000101,519,66,453
106000102,35,227,-192
106000103,178,160,18
106000104,940,187,753
106000105,277,158,119
106000106,642,87,555
106000107,45,108,-63
106000108,487,108,379
106000109,53,81,-28
106000110,333,43,290
106000111,103,84,19
106000112,170,537,-367
106000113,158,244,-86
106000114,214,523,-309
106000115,172,213,-41
106000116,179,62,117
106000117,325,193,132
106000118,612,628,-16
106000119,349,246,103
106000120,462,795,-333
106000121,150,58,92
106000122,217,97,120
106000123,675,37,638
106000124,109,67,42
106000125,21,178,-157
106000126,391,19,372
106000127,637,285,352
106000128,859,122,737
106000129,361,171,190
106000130,833,182,651
106000131,30,345,-315
106000132,408,93,315
106000133,803,801,2
106000134,213,1514,-1301
106000135,143,288,-145
106000136,571,891,-320
106000137,66,435,-369
106000138,1272,36,1236
106000139,90,89,1
106000140,5,5,0
106000141,16,2,14
106000142,157,83,74
106000143,2,14,-12
106000144,19,55,-36
106000145,68,36,32
106000146,468,40,428
106000147,202,253,-51
106000148,225,412,-187
106000149,536,152,384
106000150,566,1060,-494
106000151,1300,402,898
106000152,457,768,-311
106000153,28,780,-752
106000154,624,75,549
106000155,137,164,-27
106000156,757,66,691
106000157,245,610,-365
106000158,663,356,307
106000159,886,925,-39
106000160,302,1799,-1497
106000161,336,66,270
106000162,386,850,-464
106000163,131,80,51
106000164,522,30,492
106000165,126,178,-52
106000166,513,13,500
106000167,226,233,-7
106000168,598,40,558
106000169,67,93,-26
106000170,605,80,525
106000171,73,364,-291
106000172,1182,328,854
106000173,447,634,-187
106000174,911,98,813
106000175,117,149,-32
106000176,1336,254,1082
106000177,522,365,157
106000178,1816,362,1454
106000179,430,244,186
106000180,389,280,109
106000181,1218,548,670
106000182,1260,120,1140
106000183,1073,144,929
106000184,620,185,435
106000185,722,598,124
106000186,102,9,93
106000187,17,505,-488
106000188,0,0,0
106000189,5,6,-1
106000190,49,0,49
106000191,279,41,238
106000192,0,0,0
106000193,59,100,-41
106000194,21,61,-40
106000195,28,27,1
106000196,27,61,-34
106000197,372,77,295
106000198,137,33,104
106000199,280,716,-436
106000200,91,93,-2
106000201,136,3663,-3527
106000202,836,236,600
106000203,7,72,-65
106000204,35,3,32
106000205,2,69,-67
106000206,65,11,54
106000207,5,87,-82
106000208,985,37,948
106000209,1550,146,1404
106000210,153,232,-79
106000211,110,432,-322
106000212,1201,192,1009
106000213,99,647,-548
106000214,634,172,462
106000215,281,193,88
106000216,476,58,418
106000217,120,176,-56
106000218,288,62,226
106000219,62,145,-83
106000220,470,94,376
106000221,129,49,80
106000222,63,47,16
106000223,212,45,167
106000224,117,57,60
106000225,54,65,-11
106000226,20,60,-40
106000228,2,4,-2
106000229,86,151,-65
106000231,808,22,786
106000232,49,60,-11
106000233,367,46,321
106000234,24,89,-65
106000235,103,47,56
106000236,46,175,-129
106000237,2,260,-258
106000238,19,8,11
106000239,0,69,-69
106000240,1,3,-2
106000241,4,301,-297
106000242,125,9,116
106000249,93,26,67
106000250,12,284,-272
106000251,73,2,71
106000252,6,21,-15
106000253,72,8,64
106000254,29,2,27
106000255,45,36,9
106000256,16,1,15
106000257,20,61,-41
106000258,13,6,7
106000259,7,17,-10
106000260,5,2,3
106000261,0,13,-13
106000262,39,2,37
106000263,9,13,-4
106000264,72,1,71
106000265,11,23,-12
106000266,81,2,79
106000267,3,22,-19
106000268,100,7,93
106000269,4,12,-8
106000270,51,59,-8
106000271,10,31,-21
106000272,43,5,38
106000273,5,61,-56
106000274,64,4,60
106000275,115,62,53
106000276,4,5,-1
106000277,79,92,-13
106000278,21,3,18
106000279,3,2,1
106000280,100,8,92
106000281,23,21,2
106000282,33,20,13
106000283,22,9,13
106000284,74,30,44
106000285,18,28,-10
106000286,40,23,17
106000287,21,19,2
106000288,56,6,50
106000289,53,50,3
106000290,49,4,45
106000291,58,18,40
106000292,9,1,8
106000293,59,14,45
106000294,72,10,62
106000295,32,25,7
106000296,4,4,0
106000297,16,81,-65
106000298,19,22,-3
106000299,16,16,0
106000300,16,39,-23
106000301,6,23,-17
106000303,20,9,11
106000304,2,5,-3
106000305,62,25,37
106000306,10,5,5
106000307,73,0,73
106000308,1,35,-34
106000309,9,28,-19
106000310,171,152,19
106000311,233,44,189
106000312,82,46,36
106000313,112,94,18
106000318,4,112,-108
106000319,537,139,398
106000320,3,84,-81
106000321,40,159,-119
106000322,118,43,75
106000324,52,135,-83
106000325,1597,320,1277
106000326,291,434,-143
106000327,242,24,218
106000328,14,10,4
106000329,29,66,-37
106000330,7,55,-48
106000428,47,130,-83
106000429,103,269,-166
106000430,249,561,-312
106000431,1773,194,1579
106000432,472,840,-368
106000433,1788,610,1178
106000434,2466,689,1777
106000435,737,785,-48
106000436,0,64,-64
106000437,409,51,358
106000438,95,222,-127
106000439,5,300,-295
106000440,164,142,22
106000441,2,1,1
106000442,126,3,123
106000443,152,93,59
106000450,1,69,-68
106000451,34,47,-13
106000454,0,41,-41
106000455,0,65,-65
106000456,86,49,37
106000457,5,135,-130
106000458,751,495,256
106000459,125,152,-27
106000460,1460,46,1414
106000461,101,197,-96
106000462,0,14,-14
106000463,7,106,-99
106000464,0,218,-218
106000465,685,4,681
106000466,1,133,-132
106000467,91,242,-151
106000468,105,58,47
106000469,613,8,605
106000470,45,775,-730
106000471,1,135,-134
106000472,141,2,139
106000473,13,11,2
106000474,224,287,-63
106000475,282,198,84
106000476,109,186,-77
106000477,3,23,-20
106000480,1,201,-200
106900001,0,1,-1
106900002,0,71,-71
106900003,36,326,-290
106900004,0,7,-7
106900006,0,4,-4
106900007,0,0,0
106900008,267,17,250
106900009,253,50,203
106900010,202,92,110
106900012,375,1512,-1137
106900013,335,142,193
106900014,73,11,62
106900015,2,0,2
106900016,298,5,293
106900017,2,0,2
106900018,20,1,19
106900019,166,0,166
106900020,563,853,-290
106900021,109,25,84
106900022,1073,7,1066
106900023,10,40,-30
106900024,415,33,382
106900025,5,141,-136
106900026,0,96,-96
106900027,648,4,644
107000001,1658,2249,-591
107000002,700,634,66
107000003,4817,4427,390
107000004,1633,746,887
107000005,5356,3232,2124
107000006,1482,726,756
107000007,2770,3204,-434
107000008,1723,909,814
107000009,5280,3791,1489
107000010,2473,1776,697
107000011,299,319,-20
107000012,970,649,321
107000013,55,20,35
107000014,28,32,-4
107000015,170,88,82
107000016,274,136,138
107000017,405,362,43
107000018,3,287,-284
107000020,409,427,-18
107000021,317,159,158
107000022,513,591,-78
107000023,750,87,663
107000024,583,678,-95
107000025,147,110,37
107000026,231,201,30
107000027,832,264,568
107000028,751,380,371
107000029,2292,1478,814
107000030,1082,820,262
107000031,2843,993,1850
107000032,117,360,-243
107000033,774,1329,-555
107000034,1055,380,675
107000035,111,73,38
107000036,171,552,-381
107000037,78,481,-403
107000038,113,54,59
107000039,426,456,-30
107000040,111,51,60
107000041,501,166,335
107000042,140,912,-772
107000043,524,206,318
107000044,97,116,-19
107000045,29,90,-61
107000046,374,85,289
107000047,194,238,-44
107000048,328,77,251
107000049,215,257,-42
107000050,369,204,165
107000051,160,149,11
107000052,522,1005,-483
107000053,215,265,-50
107000054,20,74,-54
107000055,178,111,67
107000056,269,248,21
107000057,577,132,445
107000058,1624,1186,438
107000059,766,1213,-447
107000060,4362,2908,1454
107000061,1713,932,781
107000062,4509,1349,3160
107000063,1211,1057,154
107000064,3132,1938,1194
107000065,997,1240,-243
107000066,761,1264,-503
107000067,549,404,145
107000068,407,400,7
107000069,470,432,38
107000070,758,14,744
107000071,2193,11,2182
107000072,5,574,-569
107000073,669,260,409
107000074,44,186,-142
107000075,1170,72,1098
107000076,127,377,-250
107000077,1868,242,1626
107000078,219,508,-289
107000079,2108,385,1723
107000080,166,484,-318
107000081,2905,310,2595
107000082,240,196,44
107000083,966,415,551
107000084,135,185,-50
107000085,1416,1210,206
107000086,1121,852,269
107000087,1420,937,483
107000088,829,913,-84
107000089,922,838,84
107000090,491,267,224
107000091,1017,534,483
107000092,262,253,9
107000093,865,499,366
107000094,254,324,-70
107000095,1014,490,524
107000096,290,341,-51
107000097,1522,165,1357
107000098,163,304,-141
107000099,272,163,109
107000100,70,151,-81
107000101,72,130,-58
107000102,120,140,-20
107000103,308,129,179
107000104,86,153,-67
107000105,344,132,212
107000106,34,101,-67
107000107,562,135,427
107000108,99,192,-93
107000109,668,58,610
107000110,12,217,-205
107000111,338,8,330
107000112,3,275,-272
107000113,806,52,754
107000114,17,412,-395
107000115,600,260,340
107000116,36,244,-208
107000117,77,994,-917
107000118,21,70,-49
107000119,465,1393,-928
107000120,754,406,348
107000121,526,220,306
107000122,318,252,66
107000123,416,219,197
107000124,305,128,177
107000125,783,125,658
107000126,809,152,657
107000129,152,239,-87
107000130,787,240,547
107000131,242,575,-333
107000132,338,137,201
107000133,226,34,192
107000134,129,1,128
107000135,1,187,-186
107000136,256,0,256
107000137,5,129,-124
107000138,23,7,16
107000139,3,157,-154
107000140,704,32,672
107000141,77,175,-98
107000142,317,42,275
107000143,19,213,-194
107000144,158,393,-235
107000145,39,117,-78
107000146,120,160,-40
107000147,1719,346,1373
107000150,48,2486,-2438
107000151,5,6,-1
107000152,227,1837,-1610
107000153,19,73,-54
107000154,1,80,-79
107000155,668,0,668
107000156,809,0,809
107000157,1,245,-244
107000158,729,0,729
107000159,7,170,-163
107000160,1180,58,1122
107000161,8,269,-261
107000162,99,329,-230
107000163,69,1,68
107000164,709,0,709
107000165,1128,5,1123
107000166,1,95,-94
107000167,485,83,402
107000168,515,150,365
107000169,132,163,-31
107000170,2497,251,2246
107000171,92,256,-164
107000172,866,1127,-261
107000173,116,128,-12
107000174,779,3761,-2982
107000175,1347,227,1120
107000176,0,0,0
107000177,2,0,2
107000178,31,8,23
107000179,185,583,-398
107000180,1602,80,1522
107000181,216,278,-62
107000182,1424,213,1211
107000183,81,247,-166
107000184,988,204,784
107000185,163,327,-164
107000186,526,107,419
107000187,625,566,59
107000188,361,208,153
107000189,505,228,277
107000190,480,230,250
107000191,719,277,442
107000192,858,147,711
107000193,157,111,46
107000194,257,107,150
107000197,648,80,568
107000198,223,372,-149
107000199,217,200,17
107000200,494,316,178
107000201,118,114,4
107000202,111,208,-97
107000203,158,379,-221
107000204,126,967,-841
107000205,245,103,142
107000206,113,384,-271
107000207,113,214,-101
107000208,83,169,-86
107000209,191,178,13
107000210,75,102,-27
107000211,0,7,-7
107000212,58,29,29
107000213,1,8,-7
107000214,3,28,-25
107000215,340,48,292
107000216,250,92,158
107000217,68,15,53
107000219,20,104,-84
107000220,43,54,-11
107000222,55,78,-23
107000224,242,48,194
107000225,76,149,-73
107000226,373,29,344
107000227,30,41,-11
107000228,26,129,-103
107000229,34,68,-34
107000230,293,146,147
107000231,184,448,-264
107000232,48,7,41
107000233,53,364,-311
107000234,0,49,-49
107000235,44,3,41
107000236,0,86,-86
107000237,43,0,43
107000238,33,1,32
107000239,791,278,513
107000240,18,89,-71
107000243,0,79,-79
107000244,7,0,7
107000246,0,214,-214
107000249,1,458,-457
107000251,0,22,-22
107000252,0,112,-112
107000255,65,80,-15
107000257,0,299,-299
107000258,0,132,-132
107000259,0,58,-58
107000260,1292,5,1287
107000262,0,111,-111
107000263,424,1,423
107000266,10,0,10
107000267,10,44,-34
107000268,84,18,66
107000269,3,2,1
107000270,143,40,103
107000271,0,0,0
107000272,105,1,104
107000273,0,54,-54
107000274,189,42,147
107000275,10,207,-197
107000280,1017,7,1010
107000281,6,113,-107
107000282,5,205,-200
107000290,25,17,8
107000291,19,4,15
107000292,0,39,-39
107000293,4,1,3
107000294,1,40,-39
107000295,4,1,3
107000296,0,9,-9
107000444,165,0,165
107000496,0,12,-12
107000497,384,411,-27
107000500,206,75,131
107000501,44,76,-32
107000502,128,128,0
107000505,127,283,-156
107000506,0,0,0
107000508,0,37,-37
107000509,57,370,-313
107000510,6,15,-9
107000514,55,406,-351
107000515,4,35,-31
107000516,433,135,298
107000518,926,1259,-333
107000519,362,137,225
107000520,132,11,121
107000521,789,102,687
107000522,996,286,710
107900001,39,6,33
107900002,8,8,0
107900003,135,1,134
107900004,13,0,13
107900005,1777,9,1768
107900006,55,6,49
107900007,245,5,240
107900008,35,5,30
107900009,61,6,55
107900010,34,1,33
107900012,244,31,213
107900013,87,14,73
107900014,82,0,82
107900015,1242,14,1228
107900016,58,14,44
107900017,27,0,27
107900018,54,330,-276
107900019,3,3,0
107900020,9,20,-11
107900021,104,4,100
107900023,1,0,1
107900024,0,0,0
107900025,42,35,7
107900026,38,13,25
107900027,2,187,-185
107900028,146,3,143
107900030,193,1,192
107900031,108,11,97
107900032,12,0,12
107900033,29,1,28
107900034,92,2,90
107900035,1118,19,1099
107900036,20,23,-3
107900037,1,8,-7
107900038,8,124,-116
107900039,15,4,11
107900040,11,100,-89
107900041,0,0,0
107900043,70,24,46
107900044,3,9,-6
107900045,46,29,17
107900046,350,95,255
107900047,53,8,45
107900048,192,10,182
107900049,70,374,-304
107900050,17,63,-46
107900051,42,8,34
107900052,0,53,-53
107900053,62,24,38
107900055,176,42,134
107900056,19,84,-65
107900057,2,0,2
107900058,22,92,-70
107900060,0,16,-16
107900061,2,28,-26
107900063,32,38,-6
107900064,83,276,-193
107900065,352,1,351
107900066,8,1,7
107900067,0,0,0
107900068,16,288,-272
107900069,2,1953,-1951
107900070,87,85,2
107900071,9,146,-137
107900072,118,19,99
107900073,39,8,31
107900074,49,151,-102
107900076,89,13,76
107900077,89,1,88
107900079,8,5,3
107900080,9,159,-150
107900081,5,36,-31
107900082,0,1,-1
107900083,264,135,129
107900084,108,88,20
107900086,6,111,-105
107900087,82,17,65
107900088,20,6,14
107900089,45,125,-80
107900090,99,934,-835
107900091,54,64,-10
107900093,22,6,16
107900095,345,656,-311
107900097,23,19,4
107900098,84,118,-34
107900100,111,653,-542
107900101,116,38,78
107900102,17,1,16
107900103,15,28,-13
107900104,247,5,242
107900105,0,29,-29
107900106,0,90,-90
107900107,196,135,61
107900108,36,8,28
107900109,1544,20,1524
107900110,57,10,47
107900111,0,117,-117
107900112,50,238,-188
107900113,128,6,122
107900114,219,37,182
107900115,0,5,-5
107900116,188,22,166
107900117,102,54,48
107900118,1,54,-53
107900119,35,70,-35
107900120,13,2,11
107900121,1,23,-22
107900122,0,10,-10
107900123,5,30,-25
107900124,7,17,-10
107900125,3,40,-37
107900126,12,1,11
107900127,277,50,227
107900128,44,16,28
107900129,90,10,80
107900130,117,3,114
107900131,5,35,-30
107900132,14,59,-45
107900133,0,20,-20
107900134,10,14,-4
107900135,2,25,-23
107900136,4,18,-14
107900137,3,7,-4
107900138,79,0,79
107900139,74,1,73
107900141,10,6,4
107900142,35,94,-59
107900143,6,2,4
107900144,0,28,-28
107900145,1,5,-4
107900146,3,27,-24
107900147,7,1,6
107900148,164,28,136
107900149,183,15,168
107900150,1,88,-87
107900151,47,16,31
107900152,0,26,-26
107900153,12,42,-30
107900154,29,4,25
107900155,57,8,49
107900156,0,21,-21
107900157,1,11,-10
107900158,693,59,634
107900159,2,102,-100
107900160,59,54,5
107900161,20,37,-17
107900162,1,18,-17
107900163,0,12,-12
107900164,9,4,5
107900165,7,89,-82
107900166,23,12,11
107900167,0,33,-33
107900168,20,1,19
107900169,0,44,-44
107900171,0,120,-120
107900172,0,42,-42
107900173,101,17,84
107900174,82,6,76
107900175,1,7,-6
107900176,31,2,29
107900177,1,52,-51
107900178,0,17,-17
107900179,0,11,-11
107900180,67,694,-627
107900181,62,89,-27
107900182,0,113,-113
107900183,21,40,-19
107900184,37,7,30
107900185,42,1,41
107900186,7,4,3
107900187,0,15,-15
107900188,98,14,84
107900189,1,5,-4
107900190,19,36,-17
107900191,15,13,2
107900193,0,24,-24
107900194,60,3,57
107900195,158,62,96
107900196,19,1,18
107900197,38,93,-55
107900199,0,155,-155
107900201,31,30,1
107900203,23,10,13
107900204,78,79,-1
107900206,33,287,-254
107900207,0,37,-37
107900208,1,80,-79
107900209,54,21,33
107900210,23,16,7
107900213,43,55,-12
107900214,1,20,-19
107900215,72,116,-44
107900216,2,12,-10
107900217,38,6,32
107900218,3,173,-170
107900219,10,3,7
107900220,5,35,-30
107900221,21,33,-12
107900223,22,29,-7
107900224,7,162,-155
107900225,0,63,-63
107900226,0,61,-61
107900227,19,51,-32
107900228,7,26,-19
107900229,4,33,-29
107900230,36,19,17
107900231,26,24,2
107900232,148,6,142
107900233,2,30,-28
107900234,138,15,123
107900235,3,58,-55
107900236,256,34,222
107900237,16,162,-146
107900238,2,25,-23
107900239,75,256,-181
107900240,7,14,-7
107900241,1,53,-52
107900242,3,18,-15
107900243,0,4,-4
107900244,336,16,320
107900245,612,12,600
107900246,108,25,83
107900248,369,17,352
107900249,556,26,530
107900250,0,63,-63
107900251,1,105,-104
107900252,399,45,354
107900253,130,6,124
107900254,1,51,-50
107900255,30,20,10
107900256,50,256,-206
107900257,124,48,76
107900258,71,27,44
107900259,10,1845,-1835
107900261,0,64,-64
107900262,16,29,-13
107900264,171,12,159
107900265,74,43,31
107900267,306,0,306
107900268,3,0,3
107900269,0,0,0
107900270,1,9,-8
107900271,1,19,-18
107900272,15,26,-11
107900273,5,23,-18
107900274,75,1,74
107900275,9,0,9
107900276,0,35,-35
107900277,0,18,-18
107900278,282,39,243
107900279,11,60,-49
107900280,689,249,440
107900281,335,3827,-3492
107900282,40,556,-516
107900283,283,357,-74
107900284,421,204,217
107900285,137,23,114
107900286,1,10,-9
107900287,263,30,233
107900290,1,283,-282
107900291,375,4,371
107900292,34,30,4
107900293,15,117,-102
107900295,10,6,4
107900297,1,111,-110
107900298,174,280,-106
107900299,1003,1842,-839
107900301,205,303,-98
107900302,15,4,11
107900303,295,141,154
107900304,224,55,169
107900305,202,1,201
107900306,2,11,-9
107900307,10,80,-70
107900308,160,16,144
107900309,7,0,7
107900310,3,0,3
107900311,197,244,-47
107900312,40,0,40
107900313,0,73,-73
107900314,1,51,-50
107900315,0,22,-22
107900316,19,0,19
107900317,51,0,51
107900318,4,85,-81
107900319,0,25,-25
107900320,0,32,-32
107900321,70,0,70
107900322,1,28,-27
107900323,1,30,-29
107900324,36,0,36
107900325,191,1,190
107900326,343,80,263
107900327,1,58,-57
107900328,0,0,0
107900329,5,47,-42
107900330,10,32,-22
107900331,393,2,391
107900332,337,1,336
107900333,57,3,54
107900334,3,24,-21
107900335,33,2,31
107900336,31,7,24
107900337,215,589,-374
107900338,6,103,-97
107900339,2,24,-22
107900340,1,95,-94
107900341,30,0,30
107900342,169,40,129
107900343,23,0,23
107900344,2,36,-34
107900345,5,3,2
107900346,2,0,2
107900347,1,0,1
107900348,0,1,-1
107900349,30,0,30
107900350,4,68,-64
107900351,6,7,-1
107900352,0,3,-3
107900353,10,2,8
107900354,5,129,-124
108000001,2735,1542,1193
108000002,537,737,-200
108000003,1631,915,716
108000004,4103,3888,215
108000005,5249,2386,2863
108000006,1232,1433,-201
108000007,3485,1674,1811
108000008,1198,1233,-35
108000009,3531,1856,1675
108000010,1011,1270,-259
108000011,7949,4651,3298
108000012,3490,3519,-29
108000014,259,909,-650
108000015,481,127,354
108000016,71,277,-206
108000017,787,192,595
108000018,981,271,710
108000019,318,223,95
108000020,507,152,355
108000021,78,297,-219
108000022,214,337,-123
108000023,910,93,817
108000024,205,102,103
108000025,237,35,202
108000026,680,98,582
108000027,617,90,527
108000028,818,92,726
108000029,366,164,202
108000030,248,95,153
108000031,85,135,-50
108000032,1704,229,1475
108000033,234,216,18
108000034,1461,138,1323
108000035,211,352,-141
108000036,83,322,-239
108000037,1615,131,1484
108000038,2333,112,2221
108000039,131,503,-372
108000040,1391,314,1077
108000041,135,534,-399
108000042,391,60,331
108000043,24,34,-10
108000044,629,21,608
108000045,23,134,-111
108000046,1204,69,1135
108000047,121,224,-103
108000048,59,72,-13
108000049,632,61,571
108000050,29,141,-112
108000051,231,120,111
108000052,48,140,-92
108000053,205,89,116
108000054,119,323,-204
108000055,492,192,300
108000056,198,415,-217
108000057,458,666,-208
108000058,839,2109,-1270
108000059,806,547,259
108000060,176,338,-162
108000061,134,194,-60
108000062,622,195,427
108000063,302,152,150
108000064,208,153,55
108000065,351,176,175
108000066,596,205,391
108000067,1340,325,1015
108000068,668,115,553
108000069,64,230,-166
108000070,1743,224,1519
108000071,187,354,-167
108000072,975,253,722
108000073,265,405,-140
108000074,571,184,387
108000075,119,143,-24
108000076,657,150,507
108000077,217,199,18
108000078,2070,340,1730
108000079,131,258,-127
108000080,1426,176,1250
108000081,159,366,-207
108000082,198,312,-114
108000083,1237,374,863
108000084,155,221,-66
108000085,804,206,598
108000086,134,105,29
108000087,86,1352,-1266
108000088,739,108,631
108000089,85,142,-57
108000091,33,236,-203
108000092,339,7,332
108000093,162,195,-33
108000094,755,22,733
108000095,89,127,-38
108000096,464,111,353
108000097,47,144,-97
108000098,1577,445,1132
108000099,739,83,656
108000100,150,270,-120
108000101,943,529,414
108000102,944,2018,-1074
108000106,356,0,356
108000107,3,294,-291
108000108,455,48,407
108000109,0,202,-202
108000110,304,87,217
108000111,150,223,-73
108000112,9,78,-69
108000113,173,117,56
108000115,126,98,28
108000117,190,180,10
108000118,93,889,-796
108000119,242,131,111
108000120,71,561,-490
108000121,251,130,121
108000122,590,203,387
108000123,371,83,288
108000124,209,66,143
108000125,374,86,288
108000126,137,72,65
108000127,417,115,302
108000128,538,33,505
108000129,148,109,39
108000130,330,69,261
108000131,649,75,574
108000132,115,175,-60
108000133,1036,47,989
108000134,128,43,85
108000135,1230,208,1022
108000136,60,71,-11
108000137,452,48,404
108000138,243,149,94
108000139,498,110,388
108000140,395,8,387
108000141,16,7,9
108000142,6,12,-6
108000143,8,82,-74
108000144,602,11,591
108000145,40,1,39
108000146,698,13,685
108000147,26,3,23
108000148,567,29,538
108000149,14,0,14
108000150,38,6,32
108000151,17,35,-18
108000152,30,53,-23
108000153,634,38,596
108000154,17,0,17
108000155,53,22,31
108000156,299,111,188
108000157,52,1205,-1153
108000158,15,422,-407
108000159,62,89,-27
108000160,934,808,126
108000161,647,2122,-1475
108000165,8,167,-159
108000172,8,130,-122
108000173,241,1044,-803
108000175,731,59,672
108000178,164,105,59
108000179,24,455,-431
108000181,91,8,83
108000182,58,19,39
108000183,1,52,-51
108000184,148,1766,-1618
108000185,106,95,11
108000186,518,36,482
108000187,35,108,-73
108000188,883,41,842
108000189,379,8062,-7683
108000190,3,8,-5
108000192,136,81,55
108000193,118,0,118
108000194,12,1,11
108000195,0,183,-183
108000196,51,36,15
108000198,470,41,429
108000199,0,41,-41
108000200,711,37,674
108000203,68,126,-58
108000204,220,42,178
108000205,60,82,-22
108000339,373,148,225
108000364,83,171,-88
108000365,12,82,-70
108000367,41,74,-33
108000368,3,7,-4
108000369,158,93,65
108000371,3,379,-376
108000372,409,5,404
108000373,225,61,164
108000376,100,21,79
108000377,472,99,373
108000378,5719,7304,-1585
108000379,1,59,-58
108000381,187,13,174
108000382,48,1,47
108000383,0,95,-95
108900001,12,104,-92
108900002,109,12,97
108900003,28,223,-195
108900004,331,289,42
108900007,161,48,113
108900008,150,15,135
108900009,68,65,3
108900010,412,43,369
108900011,750,67,683
108900012,431,106,325
108900013,111,66,45
108900014,4,33,-29
108900015,0,107,-107
108900016,0,94,-94
108900017,32,116,-84
108900018,123,111,12
108900019,2,85,-83
108900020,6,40,-34
108900021,59,71,-12
108900022,75,3,72
108900023,5,44,-39
108900024,25,39,-14
108900025,169,9,160
108900026,18,20,-2
108900027,0,23,-23
108900028,87,62,25
108900029,23,40,-17
108900030,0,17,-17
108900031,37,47,-10
108900032,1,22,-21
108900033,0,42,-42
108900034,0,36,-36
108900035,74,240,-166
108900038,0,62,-62
108900039,2,52,-50
108900040,2,28,-26
108900041,1375,1306,69
108900042,1,151,-150
108900043,17,218,-201
108900044,1,91,-90
108900045,55,70,-15
108900046,4,81,-77
108900047,0,67,-67
108900048,8,138,-130
108900049,407,993,-586
108900050,0,101,-101
108900051,0,56,-56
108900052,3,20,-17
108900053,7,176,-169
108900054,22,32,-10
108900055,10,93,-83
108900056,0,30,-30
108900057,1,47,-46
108900058,5,54,-49
108900059,445,37,408
108900060,29,26,3
108900061,17,4,13
108900062,2,61,-59
108900063,34,37,-3
108900064,189,11,178
108900065,10,66,-56
108900066,216,16,200
108900067,4,71,-67
108900068,25,46,-21
108900069,31,6,25
108900070,6,17,-11
108900071,128,19,109
108900072,565,142,423
108900073,3,47,-44
108900074,279,49,230
108900075,0,15,-15
108900076,393,3,390
108900077,52,108,-56
108900078,54,15,39
108900079,121,48,73
108900080,6,542,-536
108900081,13,98,-85
108900082,25,42,-17
108900083,2,137,-135
108900085,321,42,279
108900086,95,44,51
108900087,55,31,24
108900088,208,40,168
108900089,2,47,-45
108900090,64,31,33
108900091,36,38,-2
108900092,158,54,104
108900093,33,17,16
108900094,131,44,87
108900095,27,36,-9
108900096,87,0,87
108900097,54,73,-19
108900098,469,499,-30
108900099,153,43,110
108900100,44,26,18
108900101,75,77,-2
108900102,3,762,-759
108900103,261,68,193
108900105,4,1445,-1441
108900106,217,48,169
108900108,185,14,171
108900109,545,29,516
108900110,25,52,-27
108900111,112,136,-24
108900113,49,9,40
108900114,105,3,102
108900115,139,84,55
108900116,39,1,38
108900117,141,4,137
108900118,492,19,473
108900119,341,10,331
108900120,277,110,167
108900121,145,22,123
108900122,182,5,177
108900123,341,43,298
108900124,475,40,435
108900125,513,2,511
108900126,66,49,17
108900127,206,33,173
108900128,176,7,169
108900129,754,57,697
108900130,254,0,254
108900131,586,1,585
108900132,299,9,290
108900133,185,16,169
108900134,487,26,461
108900135,240,1,239
108900136,9,1,8
108900137,172,0,172
108900138,354,6,348
108900140,501,14,487
108900141,340,10,330
108900142,41,2,39
108900143,106,0,106
108900144,63,1,62
108900145,134,10,124
108900146,78,0,78
108900147,248,1,247
108900148,28,0,28
108900150,136,19,117
108900151,40,2,38
108900152,63,4,59
108900153,61,58,3
108900154,3167,221,2946
108900156,76,1,75
108900157,8,98,-90
108900158,363,45,318
108900159,5,69,-64
108900160,6,92,-86
108900161,9,72,-63
108900162,153,20,133
108900163,2,326,-324
108900164,24,19,5
108900168,1555,1162,393
108900169,19,35,-16
108900171,814,2222,-1408
108900172,133,19,114
108900173,30,87,-57
108900174,865,56,809
108900176,18,62,-44
108900177,1189,4765,-3576
108900178,868,2832,-1964
108900180,52,116,-64
108900183,55,47,8
108900184,232,46,186
108900185,27,104,-77
108900186,12,98,-86
108900189,125,10,115
108900190,1,267,-266
108900192,17,68,-51
108900195,71,31,40
108900196,1,74,-73
108900199,77,67,10
108900200,475,193,282
108900201,118,283,-165
108900203,239,55,184
108900204,250,1,249
108900205,134,20,114
108900206,278,26,252
108900207,151,112,39
108900208,8,59,-51
108900209,100,117,-17
108900210,166,21,145
108900211,51,213,-162
108900212,46,640,-594
108900215,48,111,-63
108900216,119,170,-51
108900217,35,0,35
108900218,5,13,-8
108900221,15,41,-26
108900224,62,50,12
108900225,0,113,-113
108900227,82,99,-17
108900230,40,46,-6
108900232,4,67,-63
108900233,311,48,263
108900234,100,55,45
108900235,95,173,-78
108900236,24,110,-86
108900240,69,16,53
108900241,63,35,28
108900245,1,909,-908
108900250,131,17,114
108900258,1,27,-26
108900259,0,11,-11
108900260,7,9,-2
108900261,0,6,-6
108900262,66,6,60
108900263,26,17,9
108900264,22,18,4
108900265,90,215,-125
108900266,81,444,-363
108900267,1,118,-117
108900268,7,2,5
108900269,22,3,19
108900270,83,5,78
108900271,21,1,20
108900272,163,0,163
108900273,94,222,-128
108900274,11,13,-2
109000001,2081,2413,-332
109000002,342,1038,-696
109000003,2123,287,1836
109000004,278,826,-548
109000005,1569,275,1294
109000006,310,467,-157
109000007,1622,205,1417
109000008,325,491,-166
109000009,2556,424,2132
109000010,240,853,-613
109000011,3436,1037,2399
109000012,674,825,-151
109000013,3739,2715,1024
109000014,716,518,198
109000015,2230,7373,-5143
109000016,1020,622,398
109000017,2690,457,2233
109000018,483,618,-135
109000019,1902,559,1343
109000020,461,534,-73
109000023,119,2,117
109000024,23,138,-115
109000025,158,301,-143
109000026,177,96,81
109000027,57,248,-191
109000028,47,18,29
109000029,52,173,-121
109000030,0,91,-91
109000031,356,74,282
109000032,7,87,-80
109000033,425,71,354
109000034,19,37,-18
109000035,0,13,-13
109000036,9,293,-284
109000037,269,2081,-1812
109000038,158,157,1
109000039,614,522,92
109000040,1019,10839,-9820
109000041,558,1563,-1005
109000042,380,1080,-700
109000044,271,10,261
109000045,63,15,48
109000046,393,9,384
109000047,24,12,12
109000048,173,99,74
109000049,31,25,6
109000050,208,73,135
109000051,35,12,23
109000052,286,229,57
109000053,206,21,185
109000054,18,142,-124
109000055,76,49,27
109000056,76,94,-18
109000057,494,205,289
109000058,107,64,43
109000059,30,556,-526
109000060,34,374,-340
109000061,147,884,-737
109000062,46,232,-186
109000063,85,23,62
109000064,455,26,429
109000065,124,36,88
109000066,294,47,247
109000067,24,29,-5
109000068,219,7,212
109000069,322,4,318
109000070,0,341,-341
109000071,171,26,145
109000072,41,125,-84
109000073,56,83,-27
109000074,3,105,-102
109000075,23,26,-3
109000076,57,117,-60
109000077,118,109,9
109000078,66,78,-12
109000079,36,107,-71
109000080,149,52,97
109000081,95,136,-41
109000082,611,69,542
109000083,172,166,6
109000088,94,62,32
109000089,266,38,228
109000090,56,102,-46
109000091,371,25,346
109000092,69,106,-37
109000093,345,31,314
109000094,690,2,688
109000095,115,133,-18
109000096,779,35,744
109000097,21,61,-40
109000098,18,122,-104
109000099,584,72,512
109000100,181,238,-57
109000101,1190,184,1006
109000102,233,160,73
109000103,419,121,298
109000104,1615,118,1497
109000105,210,231,-21
109000106,1250,120,1130
109000107,345,266,79
109000108,1754,196,1558
109000109,252,226,26
109000110,815,227,588
109000111,321,325,-4
109000112,54,50,4
109000113,149,51,98
109000114,106,78,28
109000115,348,33,315
109000116,4,172,-168
109000117,161,6,155
109000118,6,106,-100
109000119,1467,55,1412
109000120,176,157,19
109000121,567,2,565
109000122,121,160,-39
109000123,14,49,-35
109000124,545,87,458
109000125,650,150,500
109000126,269,107,162
109000127,918,60,858
109000128,265,253,12
109000129,2654,120,2534
109000130,188,287,-99
109000131,404,384,20
109000132,147,540,-393
109000133,55,209,-154
109000134,187,300,-113
109000135,220,262,-42
109000136,102,124,-22
109000137,157,152,5
109000138,245,95,150
109000139,435,105,330
109000140,84,55,29
109000141,223,147,76
109000142,21,88,-67
109000143,26,23,3
109000145,50,91,-41
109000146,23,28,-5
109000148,458,484,-26
109000149,6,37,-31
109000150,20,77,-57
109000155,441,458,-17
109000156,407,76,331
109000158,23,86,-63
109000159,57,109,-52
109000160,995,54,941
109000161,363,226,137
109000162,1254,118,1136
109000163,853,302,551
109000164,832,719,113
109000165,891,209,682
109000166,657,40,617
109000167,80,118,-38
109000170,11,18,-7
109000171,52,4,48
109000172,9,10,-1
109000173,2,69,-67
109000174,153,17,136
109000175,18,25,-7
109000176,152,43,109
109000177,2,15,-13
109000178,671,59,612
109000179,1251,3506,-2255
109000180,1235,1358,-123
109000181,37,0,37
109000182,18,0,18
109000183,30,2,28
109000184,18,8,10
109000185,5,4,1
109000188,203,376,-173
109000189,1959,217,1742
109000190,395,200,195
109000191,177,180,-3
109000192,463,25,438
109000193,266,26,240
109000194,149,18,131
109000195,123,32,91
109000196,107,29,78
109000197,87,66,21
109000198,227,35,192
109000199,39,38,1
109000206,105,5,100
109000207,105,6,99
109000208,90,61,29
109000209,93,28,65
109000210,64,115,-51
109000211,1086,115,971
109000214,102,154,-52
109000215,55,25,30
109000216,279,309,-30
109000217,15,89,-74
109000218,87,74,13
109000221,69,191,-122
109000222,368,27,341
109000223,333,233,100
109000224,72,60,12
109000225,185,6,179
109000226,27,52,-25
109000227,1364,124,1240
109000228,0,147,-147
109000231,0,46,-46
109000232,511,57,454
109000236,103,255,-152
109000241,819,288,531
109000242,725,137,588
109000293,28,22,6
109000361,134,61,73
109000364,30,108,-78
109000396,1,105,-104
109000397,498,5,493
109000399,26,105,-79
109000400,116,88,28
109000403,3,550,-547
109000406,465,2,463
109000407,67,27,40
109000408,0,8,-8
109000410,350,47,303
109000411,140,7,133
109900001,51,0,51
109900002,498,5,493
109900003,540,2,538
109900004,85,53,32
109900005,11,1,10
109900006,251,26,225
109900007,959,127,832
109900008,0,5,-5
109900009,29,78,-49
109900010,448,4,444
109900011,61,24,37
109900012,262,66,196
109900013,245,55,190
109900014,173,14,159
109900015,87,10,77
109900016,73,10,63
109900017,181,55,126
109900018,103,5,98
109900019,58,8,50
109900020,27,8,19
109900021,13,3,10
109900022,108,38,70
109900023,32,4,28
109900024,0,0,0
109900025,0,8,-8
109900026,0,96,-96
109900027,27,14,13
109900028,201,1404,-1203
109900029,1,37,-36
109900030,5,14,-9
109900031,1,181,-180
109900032,19,35,-16
109900033,0,122,-122
109900034,24,13,11
109900035,8,23,-15
109900036,0,7,-7
109900037,6,110,-104
109900038,39,35,4
109900039,1,0,1
109900040,21,102,-81
109900041,20,68,-48
109900042,14,59,-45
109900044,16,39,-23
109900045,71,29,42
109900046,169,17,152
109900047,78,84,-6
109900048,0,32,-32
109900049,5,24,-19
109900050,0,22,-22
109900051,1,4,-3
109900052,5,57,-52
109900053,0,43,-43
109900054,1074,27,1047
109900055,98,81,17
109900056,4,99,-95
109900057,0,41,-41
109900058,0,16,-16
109900059,1296,39,1257
109900060,709,12,697
109900061,28,23,5
109900062,0,36,-36
109900063,23,213,-190
109900064,432,32,400
109900065,67,51,16
109900066,52,192,-140
109900067,1,72,-71
109900068,88,16,72
109900069,0,4,-4
109900070,15,46,-31
109900071,0,3,-3
109900072,8,19,-11
109900073,371,78,293
109900074,0,10,-10
109900075,2,6,-4
109900076,4,60,-56
109900077,9,19,-10
109900078,48,41,7
109900080,84,41,43
109900081,0,82,-82
109900082,17,29,-12
109900083,4,8,-4
109900084,9,42,-33
109900085,28,92,-64
109900086,20,553,-533
109900087,40,86,-46
109900089,417,31,386
109900090,217,198,19
109900091,519,12,507
109900092,82,17,65
109900093,930,60,870
109900094,12,12,0
109900095,34,60,-26
109900096,24,8,16
109900097,130,0,130
109900098,569,8,561
109900099,317,1,316
109900100,26,0,26
109900101,1027,0,1027
109900102,225,1,224
109900103,18,41,-23
109900104,876,155,721
109900105,590,24,566
109900106,289,27,262
109900107,346,20,326
109900108,30,57,-27
109900109,5,15,-10
109900110,20,85,-65
109900111,16,78,-62
109900112,63,78,-15
109900113,588,190,398
109900114,77,553,-476
109900115,57,29,28
109900117,1213,28,1185
109900118,93,75,18
109900119,49,81,-32
109900120,27,16,11
109900121,80,36,44
109900122,725,0,725
109900123,1,18,-17
109900124,5,76,-71
109900125,0,73,-73
109900126,436,12,424
109900128,263,3,260
109900130,1166,2203,-1037
109900131,2,35,-33
109900132,2,35,-33
109900133,66,73,-7
109900134,27,15,12
109900135,32,14,18
109900136,2,8,-6
109900137,109,39,70
109900140,60,23,37
109900142,1302,62,1240
109900145,1,333,-332
109900146,29,29,0
109900148,7,19,-12
109900149,16,11,5
109900150,4,21,-17
109900151,2,8,-6
109900152,2,4,-2
109900153,0,8,-8
109900154,11,0,11
109900155,5,18,-13
109900157,50,42,8
109900158,17,15,2
109900159,32,11,21
109900160,53,7,46
109900161,192,15,177
109900162,168,20,148
109900163,184,27,157
109900164,39,94,-55
109900165,42,1,41
109900166,1,14,-13
109900167,74,98,-24
109900168,59,162,-103
109900169,145,36,109
109900170,44,726,-682
109900171,196,66,130
109900172,86,100,-14
109900173,484,1228,-744
109900174,11,17,-6
109900175,18,29,-11
109900176,19,11,8
109900177,4,15,-11
109900178,1,28,-27
109900179,14,25,-11
109900180,1,0,1
110000001,185,156,29
110000002,359,297,62
110000003,196,285,-89
110000004,318,302,16
110000005,192,1460,-1268
110000006,104,233,-129
110000007,84,29,55
110000008,17,130,-113
110000009,5,4,1
110000010,22,49,-27
110000011,10,16,-6
110000012,202,123,79
110000013,7,359,-352
110000014,381,252,129
110000015,78,281,-203
110000016,132,914,-782
110000017,1276,147,1129
110000018,976,185,791
110000019,12,31,-19
110000020,105,98,7
110000021,95,96,-1
110000022,620,22,598
110000023,0,12,-12
110000024,158,131,27
110000025,624,2,622
110000026,0,66,-66
110000027,203,255,-52
110000028,546,128,418
110000029,144,235,-91
110000030,213,208,5
110000031,91,86,5
110000032,634,75,559
110000033,43,63,-20
110000034,642,228,414
110000035,247,369,-122
110000036,899,179,720
110000037,58,188,-130
110000038,141,447,-306
110000039,449,3510,-3061
110000040,161,153,8
110000041,228,2123,-1895
110000042,29,83,-54
110000043,521,218,303
110000044,39,48,-9
110000045,44,45,-1
110000046,2,35,-33
110000047,11,22,-11
110000048,3,122,-119
110000049,15,3,12
110000050,5,141,-136
110000051,4,7,-3
110000052,16,29,-13
110000053,2,0,2
110000054,39,165,-126
110000055,97,26,71
110000056,74,40,34
110000057,115,400,-285
110000058,261,161,100
110000059,223,229,-6
110000060,714,262,452
110000061,201,250,-49
110000062,449,195,254
110000063,17,99,-82
110000064,23,12,11
110000065,129,78,51
110000066,75,10,65
110000067,22,28,-6
110000068,108,40,68
110000069,565,1,564
110000071,327,3,324
110000073,17,3,14
110000075,57,6,51
110000076,394,271,123
110000077,100,609,-509
110000078,63,20,43
110000080,65,89,-24
110000081,6,25,-19
110000082,10,88,-78
110000083,96,174,-78
110000084,760,472,288
110000085,542,357,185
110000086,333,1042,-709
110000087,15,3,12
110000088,179,72,107
110000089,190,30,160
110000090,76,105,-29
110000091,217,66,151
110000092,4,23,-19
110000093,22,7,15
110000094,126,57,69
110000095,82,476,-394
110000096,522,1368,-846
110000097,331,1083,-752
110000098,817,141,676
110000099,516,754,-238
110000100,1311,47,1264
110000101,127,76,51
110000102,62,32,30
110000104,211,131,80
110000105,70,122,-52
110000106,134,336,-202
110000107,82,158,-76
110000108,48,89,-41
110000109,40,91,-51
110000110,642,1533,-891
110000111,1158,1510,-352
110000112,86,323,-237
110000113,44,1643,-1599
110000114,216,343,-127
110000115,408,79,329
110000116,36,32,4
110000117,334,57,277
110000118,572,45,527
110000119,517,104,413
110000120,179,27,152
110000121,51,241,-190
110000122,127,235,-108
110000123,288,194,94
110000124,0,275,-275
110000125,236,0,236
110000126,96,2,94
110000127,545,1,544
110000128,0,261,-261
110000129,0,116,-116
110000130,184,58,126
110000131,69,62,7
110000132,0,149,-149
110000133,6,139,-133
110000134,25,125,-100
110000135,169,3,166
110000136,40,55,-15
110000137,507,96,411
110000138,535,150,385
110000139,694,145,549
110000140,358,326,32
110000143,135,149,-14
110000144,687,646,41
110000145,477,357,120
110000146,444,146,298
110000147,131,406,-275
110000148,463,54,409
110000151,224,380,-156
110000152,191,177,14
110000153,222,20,202
110000154,14,22,-8
110000155,167,700,-533
110000156,287,451,-164
110000157,225,996,-771
110000160,85,104,-19
110000161,77,108,-31
110000166,641,17,624
110000167,1234,334,900
110000168,321,389,-68
110000169,370,202,168
110000170,82,50,32
110000171,233,66,167
110000172,187,157,30
110000173,176,126,50
110000174,44,137,-93
110000175,1151,55,1096
110000176,14,524,-510
110000177,55,952,-897
110000178,140,1816,-1676
110000179,403,94,309
110000180,158,91,67
110000181,710,212,498
110000182,57,67,-10
110000183,2757,4279,-1522
110000184,181,1755,-1574
110000185,143,316,-173
110000186,194,609,-415
110000191,1083,214,869
110000192,486,19,467
110000193,1005,4,1001
110000194,16,137,-121
110000195,324,10,314
110000196,322,18,304
110000197,43,10,33
110000198,15,9,6
110000199,56,25,31
110000200,211,81,130
110000201,467,540,-73
110000202,637,250,387
110000203,79,134,-55
110000204,5,77,-72
110000205,318,3,315
110000206,134,204,-70
110000207,1105,44,1061
110000208,49,160,-111
110000209,44,104,-60
110000210,1408,165,1243
110000211,704,238,466
110000212,222,843,-621
110000213,171,9,162
110000214,305,4,301
110000215,15,56,-41
110000216,34,48,-14
110000217,329,45,284
110000218,83,31,52
110000219,241,2,239
110000220,3,48,-45
110000221,394,5,389
110000222,53,79,-26
110000223,2,34,-32
110000224,2,0,2
110000225,83,227,-144
110000226,264,28,236
110000227,99,201,-102
110000228,162,9,153
110000229,0,76,-76
110000230,328,264,64
110000231,157,161,-4
110000232,63,67,-4
110000233,36,127,-91
110000234,288,120,168
110000235,503,328,175
110000236,214,103,111
110000237,1190,491,699
110000238,537,269,268
110000239,926,271,655
110000240,0,5,-5
110000242,0,4,-4
110000243,111,51,60
110000244,22,73,-51
110000245,5,171,-166
110000246,733,117,616
110000247,414,653,-239
110000248,640,154,486
110000249,69,9,60
110000250,9,39,-30
110000251,184,50,134
110000252,343,59,284
110000253,1371,81,1290
110000254,573,124,449
110000255,97,160,-63
110000256,334,47,287
110000257,81,42,39
110000258,13,35,-22
110000259,141,4,137
110000260,62,39,23
110000263,419,18,401
110000264,358,136,222
110000265,743,516,227
110000266,460,688,-228
110000267,19,21,-2
110000268,180,36,144
110000269,0,2,-2
110000270,60,0,60
110000271,490,42,448
110000272,407,483,-76
110000273,417,403,14
110000274,71,1564,-1493
110000275,477,200,277
110000276,120,306,-186
110000277,262,57,205
110000278,148,178,-30
110000279,594,184,410
110000280,417,117,300
110000281,64,17,47
110000282,57,5,52
110000283,1,25,-24
110000284,8,20,-12
110000285,1,52,-51
110000286,6,0,6
110000287,54,0,54
110000288,2,20,-18
110000289,209,1677,-1468
110000290,179,466,-287
110000291,977,336,641
110000292,255,4725,-4470
110000293,322,169,153
110000294,1167,1078,89
110000295,42,260,-218
110000296,393,80,313
110000297,1830,51,1779
110000298,22,132,-110
110000299,93,30,63
110000301,251,13,238
110000302,391,283,108
110000303,361,4,357
110000304,159,58,101
110000305,1404,16,1388
110000306,264,171,93
110000307,1775,11,1764
110000308,276,1,275
110000309,0,150,-150
110000310,706,10,696
110000311,0,119,-119
110000312,465,22,443
110000313,1140,478,662
110000314,0,48,-48
110000315,538,788,-250
110000316,126,445,-319
110000317,88,178,-90
110000318,0,12,-12
110000319,13,10,3
110000320,6,3,3
110000321,37,17,20
110000322,51,95,-44
110000323,535,40,495
110000324,564,488,76
110000325,854,2719,-1865
110000327,135,61,74
110000328,43,93,-50
110000333,654,520,134
110000334,111,317,-206
110000335,443,150,293
110000336,218,205,13
110000337,1380,144,1236
110000338,245,88,157
110000339,419,59,360
110000340,26,41,-15
110000341,312,101,211
110000342,28,0,28
110000343,0,1,-1
110000344,31,41,-10
110000345,29,156,-127
110000346,553,644,-91
110000347,710,226,484
110000348,20,3,17
110000349,12,8,4
110000350,35,1,34
110000351,1165,202,963
110000352,273,955,-682
110000353,1367,186,1181
110000354,297,1838,-1541
110000355,228,19,209
110000356,146,2,144
110000357,429,4,425
110000361,15,15,0
110000362,107,2,105
110000363,505,8,497
110000364,261,109,152
110000365,41,0,41
110000366,0,82,-82
110000367,227,43,184
110000368,0,51,-51
110000369,44,1,43
110000373,0,81,-81
110000374,45,17,28
110000375,39,351,-312
110000376,4,19,-15
110000377,47,195,-148
110000378,6,260,-254
110000379,928,1806,-878
110000380,56,4,52
110000383,2,200,-198
110000384,443,39,404
110000385,0,45,-45
110000387,58,0,58
110000388,8,48,-40
110000389,233,1,232
110000391,688,93,595
110000396,155,21,134
110000397,68,6,62
110000398,3,0,3
110000399,47,1,46
110000587,93,54,39
110000589,208,15,193
110000640,66,25,41
110000652,3,138,-135
110000653,198,156,42
110000654,1,165,-164
110000656,1,128,-127
110000674,49,10,39
110000675,3,6,-3
110000676,0,8,-8
110000679,61,469,-408
110000682,68,91,-23
110000683,131,55,76
110000684,0,21,-21
110000685,5,24,-19
110000686,0,36,-36
110000687,12,0,12
110000688,10,972,-962
110000689,9,8,1
110000692,39,36,3
110000693,5,172,-167
110000694,0,23,-23
110000695,15,99,-84
110000696,31,26,5
110900001,161,5,156
110900002,140,51,89
110900003,1089,52,1037
110900004,451,11,440
110900005,578,2534,-1956
110900006,44,37,7
110900007,170,85,85
110900008,0,5,-5
110900009,202,311,-109
110900010,0,16,-16
110900011,4,11,-7
110900012,1,35,-34
110900013,752,49,703
110900014,228,1,227
110900015,68,312,-244
110900016,38,17,21
110900017,347,13,334
110900018,415,17,398
110900019,301,6,295
110900020,150,79,71
110900021,77,77,0
110900022,57,63,-6
110900023,10,122,-112
110900024,24,35,-11
110900025,0,4,-4
110900027,4,28,-24
110900028,1,25,-24
110900029,4,65,-61
110900030,12,19,-7
110900031,1,67,-66
110900032,0,21,-21
110900033,25,55,-30
110900035,15,262,-247
110900036,103,0,103
110900037,70,0,70
110900038,87,39,48
110900039,0,103,-103
110900040,138,9,129
110900041,1,9,-8
110900042,62,26,36
110900043,0,6,-6
110900044,33,4,29
110900045,80,72,8
110900046,10,11,-1
110900047,47,196,-149
110900049,95,64,31
110900050,28,0,28
110900051,5,58,-53
110900052,1,135,-134
110900053,67,4,63
110900054,8,19,-11
110900055,5,0,5
110900056,15,58,-43
110900057,0,127,-127
110900058,233,18,215
110900059,159,129,30
110900060,162,11,151
110900061,1,16,-15
110900062,104,31,73
110900063,14,28,-14
110900064,18,0,18
110900065,47,40,7
110900066,22,23,-1
110900067,45,421,-376
110900068,80,25,55
110900069,7,3,4
110900070,76,10,66
110900071,47,894,-847
110900073,0,29,-29
110900074,545,21,524
110900075,409,22,387
110900077,951,61,890
110900078,82,9,73
110900079,437,210,227
110900080,141,20,121
110900081,10,8,2
110900082,163,33,130
110900083,70,45,25
110900084,49,15,34
110900085,31,49,-18
110900086,16,115,-99
110900087,289,17,272
110900088,1,0,1
110900090,16,57,-41
110900091,0,9,-9
110900093,113,22,91
110900095,7,7,0
110900097,7,1,6
110900098,0,10,-10
110900099,23,73,-50
110900100,0,3,-3
110900102,42,48,-6
110900105,123,39,84
110900108,22,31,-9
110900111,102,30,72
110900112,363,3,360
110900113,63,34,29
110900115,2,8,-6
110900116,1119,283,836
110900118,27,2890,-2863
110900119,939,61,878
110900120,81,16,65
110900121,35,0,35
110900122,298,62,236
110900125,168,369,-201
110900127,69,388,-319
110900128,92,157,-65
110900129,45,405,-360
110900130,98,220,-122
110900131,131,8,123
110900132,384,6,378
110900133,43,28,15
110900135,39,56,-17
110900136,285,1,284
110900139,5,4,1
110900140,1,0,1
110900141,118,42,76
110900142,23,21,2
110900143,241,35,206
110900144,0,66,-66
110900145,101,99,2
110900146,85,147,-62
110900147,10,14,-4
110900148,0,7,-7
110900149,0,8,-8
110900150,19,16,3
110900151,2,25,-23
110900152,18,19,-1
110900153,146,11,135
111000001,672,377,295
111000002,499,564,-65
111000003,1595,747,848
111000004,434,613,-179
111000005,479,747,-268
111000006,553,1141,-588
111000007,2108,2046,62
111000008,1675,2166,-491
111000009,225,564,-339
111000010,861,300,561
111000011,57,493,-436
111000012,166,371,-205
111000013,195,518,-323
111000014,1339,242,1097
111000017,23,420,-397
111000018,79,161,-82
111000020,194,415,-221
111000021,2,55,-53
111000023,52,43,9
111000025,1388,1422,-34
111000029,78,26,52
111000030,27,23,4
111000031,823,325,498
111000032,440,88,352
111000033,121,45,76
111000034,127,116,11
111000037,441,275,166
111000038,621,430,191
111000039,496,472,24
111000040,642,422,220
111000041,101,141,-40
111000042,1000,1020,-20
111000043,1170,2196,-1026
111000044,1173,220,953
111000045,2001,792,1209
111000046,1240,673,567
111000047,1756,3778,-2022
111000049,93,129,-36
111000050,294,242,52
111000051,189,188,1
111000052,118,282,-164
111000053,77,180,-103
111000054,118,215,-97
111000055,442,450,-8
111000056,127,201,-74
111000057,67,151,-84
111000058,526,58,468
111000059,454,134,320
111000060,2708,379,2329
111000061,577,115,462
111000062,845,140,705
111000063,864,527,337
111000064,933,171,762
111000065,1021,380,641
111000066,541,98,443
111000067,637,139,498
111000068,415,147,268
111000069,452,599,-147
111000070,254,213,41
111000071,74,62,12
111000072,883,373,510
111000073,105,767,-662
111000074,855,516,339
111000075,353,179,174
111000076,558,155,403
111000077,636,316,320
111000078,761,214,547
111000079,570,148,422
111000080,369,158,211
111000081,1047,3218,-2171
111000082,590,133,457
111000084,492,270,222
111000085,529,536,-7
111000086,828,263,565
111000087,448,177,271
111000088,1560,1851,-291
111000089,363,371,-8
111000090,301,418,-117
111000091,293,186,107
111000092,1073,298,775
111000093,643,333,310
111000094,784,344,440
111000095,452,1288,-836
111000096,429,4105,-3676
111000097,1221,453,768
111000098,97,236,-139
111000099,230,461,-231
111000100,255,437,-182
111000101,163,234,-71
111000102,59,110,-51
111000104,792,33,759
111000107,42,100,-58
111000109,823,67,756
111000110,862,274,588
111000111,2836,69,2767
111000112,1665,66,1599
111000113,661,1608,-947
111000114,738,2846,-2108
111000115,1454,340,1114
111000116,448,258,190
111000117,247,237,10
111000118,416,253,163
111000119,982,292,690
111000120,632,320,312
111000121,251,215,36
111000122,106,242,-136
111000123,463,644,-181
111000124,133,619,-486
111000125,162,240,-78
111000126,80,146,-66
111000127,799,35,764
111000128,1882,52,1830
111000129,2275,103,2172
111000130,2056,112,1944
111000131,2337,148,2189
111000132,1662,1135,527
111000133,35,21,14
111000134,98,22,76
111000135,42,80,-38
111000136,304,69,235
111000138,25,7,18
111000140,1,65,-64
111000141,31,180,-149
111000142,2,114,-112
111000143,3,116,-113
111000144,1,210,-209
111000145,45,4,41
111000146,90,18,72
111000147,55,25,30
111000148,60,58,2
111000149,1,184,-183
111000150,41,1,40
111000151,0,4,-4
111000153,153,65,88
111000154,209,81,128
111000155,120,38,82
111000156,316,119,197
111000157,145,189,-44
111000158,497,383,114
111000159,1173,385,788
111000160,393,118,275
111000161,2,234,-232
111000162,0,26,-26
111000163,462,270,192
111000164,166,1016,-850
111000165,311,98,213
111000166,82,60,22
111000167,51,103,-52
111000168,95,117,-22
111000169,113,79,34
111000170,110,71,39
111000171,142,88,54
111000172,80,238,-158
111000173,131,469,-338
111000174,232,101,131
111000175,69,45,24
111000176,340,18,322
111000177,936,165,771
111000178,1784,172,1612
111000179,477,38,439
111000180,253,135,118
111000181,1384,58,1326
111000182,196,58,138
111000183,117,58,59
111000184,134,43,91
111000185,85,61,24
111000186,116,78,38
111000187,179,63,116
111000188,237,53,184
111000189,98,196,-98
111000190,75,67,8
111000191,72,38,34
111000192,62,110,-48
111000193,143,30,113
111000194,11,49,-38
111000195,28,39,-11
111000196,38,37,1
111000197,436,22,414
111000198,225,14,211
111000199,332,72,260
111000200,430,163,267
111000201,585,38,547
111000202,328,15,313
111000203,297,70,227
111000204,184,885,-701
111000213,102,159,-57
111000214,516,187,329
111000215,701,312,389
111000217,1244,226,1018
111000218,1586,355,1231
111000219,87,78,9
111000220,376,337,39
111000221,60,27,33
111000224,20,89,-69
111000225,419,277,142
111000226,18,3,15
111000227,24,2,22
111000228,0,556,-556
111000229,8,1416,-1408
111000230,29,65,-36
111000231,463,91,372
111000232,603,189,414
111000233,1236,166,1070
111000234,125,180,-55
111000239,10,19,-9
111000240,47,219,-172
111000241,33,43,-10
111000242,189,49,140
111000243,108,62,46
111000244,601,43,558
111000245,359,84,275
111000246,564,45,519
111000247,351,109,242
111000248,453,54,399
111000249,399,98,301
111000250,37,23,14
111000251,16,41,-25
111000253,25,10,15
111000255,62,3,59
111000257,35,3,32
111000260,17,373,-356
111000261,1142,39,1103
111000271,16,88,-72
111000273,913,429,484
111000274,976,1245,-269
111000275,47,9,38
111000276,90,271,-181
111000277,104,80,24
111000278,205,69,136
111000291,731,7623,-6892
111000298,305,74,231
111000299,364,61,303
111000300,32,119,-87
111000302,290,28,262
111000303,83,52,31
111000312,34,6,28
111000315,1,98,-97
111000320,73,88,-15
111000321,243,46,197
111000322,219,92,127
111000323,314,32,282
111000324,169,31,138
111000325,16,10,6
111000326,89,70,19
111000327,239,94,145
111000328,334,217,117
111000329,0,21,-21
111000330,41,4,37
111000331,4,6,-2
111000332,333,262,71
111000334,63,247,-184
111000335,753,30,723
111000337,1455,82,1373
111000338,36,29,7
111000339,639,43,596
111000340,36,137,-101
111000341,1310,542,768
111000342,15,471,-456
111000344,760,247,513
111000345,48,101,-53
111000346,18,127,-109
111000347,98,5,93
111000350,53,49,4
111000351,49,162,-113
111000352,176,21,155
111000353,53,70,-17
111000354,300,24,276
111000355,186,137,49
111000358,76,218,-142
111000360,88,134,-46
111000361,199,90,109
111000546,496,94,402
111000547,325,74,251
111000548,52,20,32
111000549,86,33,53
111000550,12,342,-330
111000551,80,33,47
111000552,151,52,99
111000907,786,15,771
111000908,34,3,31
111000916,2023,48,1975
111000917,38,122,-84
111000918,129,167,-38
111000920,519,21,498
111000921,1,32,-31
111000922,432,22,410
111000924,11,159,-148
111000925,3027,1101,1926
111000926,733,512,221
111000927,1708,2331,-623
111000928,1860,576,1284
111000929,1612,422,1190
111000930,514,554,-40
111000931,1339,658,681
111000932,1260,613,647
111000933,2018,1661,357
111000934,458,565,-107
111000935,1744,541,1203
111000936,266,475,-209
111000937,1024,526,498
111000938,398,370,28
111000939,521,8,513
111000940,866,18,848
111000941,317,44,273
111000943,729,68,661
111000944,71,61,10
111000945,69,222,-153
111001109,310,484,-174
111001110,53,89,-36
111001111,130,0,130
111001112,142,22,120
111001113,0,132,-132
111001114,181,57,124
111001115,6,203,-197
111001116,645,4028,-3383
111001117,165,1184,-1019
111001120,89,37,52
111001121,41,61,-20
111001122,187,56,131
111001123,444,36,408
111001124,110,22,88
111001125,6,322,-316
111001126,15,1,14
111900001,7,4,3
111900002,1,23,-22
111900003,0,10,-10
111900004,1,5,-4
111900006,8,47,-39
111900007,219,0,219
111900008,303,1,302
111900009,223,1,222
111900010,22,133,-111
111900012,39,20,19
111900013,22,15,7
111900014,887,4120,-3233
111900015,0,40,-40
111900016,0,11,-11
111900017,0,26,-26
111900018,100,2,98
111900019,0,64,-64
111900020,0,17,-17
111900021,5,2,3
111900022,7,1,6
111900023,63,5,58
111900024,88,7,81
111900025,0,25,-25
111900026,0,15,-15
111900027,0,6,-6
111900028,1,66,-65
111900029,0,9,-9
111900030,1,79,-78
111900031,45,15,30
111900032,0,64,-64
111900033,1,8,-7
111900034,25,110,-85
111900035,45,68,-23
111900036,0,33,-33
111900038,47,86,-39
111900039,6,82,-76
111900040,1,86,-85
111900042,3,21,-18
111900043,0,42,-42
111900044,29,33,-4
111900046,3,10,-7
111900048,310,119,191
111900049,4,62,-58
111900050,96,6,90
111900051,0,47,-47
111900052,69,69,0
111900053,261,1659,-1398
111900054,236,5,231
111900055,1,78,-77
111900056,34,169,-135
111900057,62,8,54
111900058,475,95,380
111900059,393,537,-144
111900060,174,3,171
111900061,1,37,-36
111900062,24,19,5
111900063,215,57,158
111900064,24,56,-32
111900065,184,7,177
111900066,155,62,93
111900067,0,61,-61
111900068,15,37,-22
111900069,21,2,19
111900070,148,5,143
111900071,0,44,-44
111900072,11,9,2
111900073,755,76,679
111900074,0,21,-21
111900075,27,2,25
111900076,231,31,200
111900077,27,1,26
111900078,372,25,347
111900079,14,40,-26
111900080,52,48,4
111900082,109,56,53
111900083,205,35,170
111900084,110,12,98
111900085,31,17,14
111900086,59,10,49
111900087,104,0,104
111900088,694,10,684
111900089,41,1,40
111900090,15,46,-31
111900091,626,3,623
111900092,212,0,212
111900093,453,14,439
111900094,73,0,73
111900095,287,19,268
111900096,325,1,324
111900097,110,0,110
111900098,246,8,238
111900099,58,1,57
111900100,58,0,58
111900101,192,2,190
111900102,670,84,586
111900103,28,14,14
111900104,53,14,39
111900105,81,117,-36
111900106,40,0,40
111900110,417,71,346
111900111,219,1,218
111900112,132,3128,-2996
111900113,170,44,126
111900118,273,18,255
111900119,65,26,39
111900122,9,28,-19
111900123,14,2,12
111900124,17,10,7
111900125,237,63,174
111900126,233,3,230
111900127,0,100,-100
111900128,0,119,-119
111900129,241,23,218
111900130,91,55,36
111900131,377,0,377
111900132,0,141,-141
111900133,3,56,-53
111900134,2,44,-42
111900135,3,19,-16
111900136,2,45,-43
111900137,13,17,-4
111900138,5,11,-6
111900139,19,28,-9
111900140,91,1,90
111900141,69,0,69
111900142,69,5,64
111900143,17,21,-4
111900144,0,8,-8
111900145,0,30,-30
111900146,1,34,-33
111900147,7,45,-38
111900148,2,74,-72
111900149,9,31,-22
111900150,1,13,-12
111900151,0,16,-16
111900152,21,24,-3
111900153,125,611,-486
111900154,19,444,-425
111900155,46,106,-60
111900156,46,43,3
111900157,158,3,155
111900158,479,55,424
111900159,453,46,407
111900160,329,3,326
111900161,443,1,442
111900162,48,138,-90
111900163,2,16,-14
111900164,71,30,41
111901113,627,2,625
111901114,187,42,145
111901115,163,0,163
111901116,26,2,24
111901117,6,54,-48
111901118,6,297,-291
111901119,165,11,154
111901121,4,36,-32
111901122,0,77,-77
111901123,300,48,252
111901124,285,1,284
111901125,816,117,699
111901127,55,785,-730
111901128,6,15,-9
111901129,1,10,-9
111901130,0,4,-4
111901131,1,157,-156
111901132,35,27,8
111901133,91,0,91
111901134,158,0,158
111901135,46,0,46
111901136,1,25,-24
111901138,5,16,-11
111901139,2,12,-10
111901140,5,28,-23
111901141,2,21,-19
111901142,1,40,-39
111901143,0,16,-16
111901144,28,3,25
111901145,45,120,-75
111901146,1,3,-2
111901147,62,159,-97
111901148,0,78,-78
111901149,7,2,5
112000001,2103,590,1513
112000002,625,1453,-828
112000003,2685,418,2267
112000004,503,221,282
112000005,2695,2572,123
112000006,362,268,94
112000007,3231,2036,1195
112000008,2071,2704,-633
112000009,1204,735,469
112000010,1654,2397,-743
112000011,771,499,272
112000012,2004,2704,-700
112000013,1102,980,122
112000014,504,1980,-1476
112000015,940,1364,-424
112000016,979,2080,-1101
112000017,250,1570,-1320
112000024,152,157,-5
112000026,1050,1120,-70
112000027,432,265,167
112000028,345,370,-25
112000029,242,369,-127
112000030,107,7,100
112000031,482,1663,-1181
112000032,121,6,115
112000033,651,1650,-999
112000034,140,29,111
112000035,70,273,-203
112000036,133,569,-436
112000037,334,472,-138
112000038,281,463,-182
112000039,49,21,28
112000040,15,81,-66
112000041,93,166,-73
112000042,243,68,175
112000050,718,394,324
112000051,614,963,-349
112000054,535,412,123
112000057,206,156,50
112000058,125,149,-24
112000059,254,192,62
112000061,852,339,513
112000062,284,435,-151
112000063,135,878,-743
112000064,1139,902,237
112000065,469,465,4
112000066,1199,718,481
112000067,196,154,42
112000068,1442,937,505
112000069,222,501,-279
112000070,620,331,289
112000071,299,491,-192
112000072,1466,413,1053
112000073,313,632,-319
112000074,439,272,167
112000075,662,605,57
112000076,1135,835,300
112000077,689,215,474
112000078,1292,261,1031
112000079,958,558,400
112000080,400,300,100
112000081,466,568,-102
112000082,543,178,365
112000083,365,469,-104
112000084,805,227,578
112000085,898,394,504
112000086,1318,393,925
112000087,546,105,441
112000088,455,204,251
112000089,117,88,29
112000090,60,128,-68
112000091,244,150,94
112000092,1628,301,1327
112000093,643,198,445
112000094,503,229,274
112000095,591,120,471
112000096,587,171,416
112000097,1590,234,1356
112000098,125,147,-22
112000099,448,1448,-1000
112000100,1560,183,1377
112000101,267,123,144
112000102,1331,135,1196
112000103,188,177,11
112000105,281,238,43
112000106,2310,114,2196
112000107,205,36,169
112000108,745,274,471
112000109,392,24,368
112000110,1368,274,1094
112000111,214,781,-567
112000112,1117,126,991
112000113,282,280,2
112000114,1405,285,1120
112000115,258,50,208
112000116,326,201,125
112000117,396,211,185
112000118,253,227,26
112000119,110,176,-66
112000120,36,87,-51
112000121,48,112,-64
112000122,361,28,333
112000123,585,26,559
112000124,401,13,388
112000125,162,62,100
112000126,464,103,361
112000127,822,1057,-235
112000128,274,359,-85
112000129,33,18,15
112000130,116,38,78
112000131,24,22,2
112000132,85,32,53
112000133,327,21,306
112000134,248,81,167
112000135,715,178,537
112000136,341,307,34
112000137,767,492,275
112000138,562,319,243
112000139,213,272,-59
112000140,105,220,-115
112000141,551,83,468
112000142,57,142,-85
112000143,981,61,920
112000144,184,246,-62
112000145,2249,158,2091
112000146,277,402,-125
112000147,1966,588,1378
112000148,419,519,-100
112000149,293,100,193
112000150,224,88,136
112000151,151,95,56
112000152,530,73,457
112000153,33,55,-22
112000154,37,98,-61
112000155,66,34,32
112000157,122,302,-180
112000158,169,72,97
112000159,748,89,659
112000167,113,68,45
112000169,80,526,-446
112000173,943,65,878
112000175,227,70,157
112000176,399,438,-39
112000177,797,155,642
112000178,34,67,-33
112000179,206,25,181
112000180,258,92,166
112000181,373,258,115
112000182,1277,211,1066
112000183,13,5,8
112000184,364,96,268
112000185,607,86,521
112000187,1773,1039,734
112000195,47,6,41
112000196,29,0,29
112000197,18,110,-92
112000198,18,69,-51
112000199,189,217,-28
112000202,405,0,405
112000216,15,34,-19
112000230,101,1,100
112000231,0,54,-54
112000256,53,155,-102
112000313,25,9,16
112000314,13,21,-8
112000337,55,200,-145
112000352,23,71,-48
112000392,561,251,310
112000398,1089,222,867
112000399,298,2160,-1862
112000400,344,465,-121
112000401,492,515,-23
112000402,2424,2503,-79
112000403,424,2969,-2545
112000404,796,455,341
112000405,2088,1800,288
112000406,826,627,199
112000407,5566,4687,879
112000408,2188,906,1282
112000409,559,737,-178
112000410,53,189,-136
112000411,916,720,196
112000412,288,101,187
112000413,1155,3822,-2667
112000414,108,35,73
112000415,72,3,69
112000416,2418,329,2089
112000417,146,26,120
112000421,53,18,35
112000422,142,84,58
112000424,414,1234,-820
112000425,149,94,55
112000426,128,230,-102
112000427,0,23,-23
112000428,173,97,76
112000429,895,725,170
112000430,1234,1299,-65
112000431,51,59,-8
112000432,234,140,94
112000433,221,148,73
112000437,13,54,-41
112900001,48,0,48
112900002,496,136,360
112900003,52,28,24
112900004,41,63,-22
112900005,159,4,155
112900006,0,29,-29
112900007,20,12,8
112900008,0,22,-22
112900009,243,100,143
112900010,246,74,172
112900011,128,18,110
112900012,0,3,-3
112900013,1,32,-31
112900014,2,40,-38
112900015,17,161,-144
112900016,1,20,-19
112900017,8,25,-17
112900018,2,35,-33
112900019,8,49,-41
112900020,70,206,-136
112900021,0,72,-72
112900022,1,4,-3
112900023,1,26,-25
112900024,2,27,-25
112900025,16,27,-11
112900026,0,22,-22
112900027,4,99,-95
112900028,3,21,-18
112900029,5,21,-16
112900030,14,13,1
112900031,1,38,-37
112900032,58,22,36
112900034,0,4,-4
112900035,0,20,-20
112900036,4,22,-18
112900037,19,91,-72
112900038,500,29,471
112900039,3,28,-25
112900040,1,106,-105
112900041,40,415,-375
112900042,121,126,-5
112900043,15,12,3
112900044,42,47,-5
112900045,29,30,-1
112900046,49,11,38
112900047,8,19,-11
112900049,204,3,201
112900050,6,154,-148
112900051,24,81,-57
112900052,0,131,-131
112900053,28,83,-55
112900054,57,58,-1
112900055,23,3,20
112900056,161,153,8
112900057,3,97,-94
112900058,196,127,69
112900059,34,45,-11
112900060,1,20,-19
112900061,29,10,19
112900062,20,14,6
112900063,5,13,-8
112900064,25,10,15
112900065,1,3,-2
112900066,187,228,-41
112900067,122,12,110
112900068,15,27,-12
112900069,296,519,-223
112900071,9,11,-2
112900072,11,1914,-1903
112900073,238,97,141
112900074,30,296,-266
112900075,236,663,-427
112900076,0,18,-18
112900078,164,404,-240
112900079,130,3,127
112900080,73,2,71
112900081,41,195,-154
112900082,382,7,375
112900083,142,93,49
112900084,137,120,17
112900086,97,0,97
112900087,624,29,595
112900088,78,2,76
112900089,565,4,561
112900090,40,31,9
112900091,214,4,210
112900092,46,351,-305
112900093,960,14,946
112900095,84,1,83
112900096,381,74,307
112900097,21,34,-13
112900098,49,0,49
112900099,780,2,778
112900100,92,0,92
112900101,256,0,256
112900102,41,22,19
112900103,170,2,168
112900104,171,0,171
112900105,4,0,4
112900106,126,26,100
112900107,12,0,12
112900108,0,0,0
112900109,140,0,140
112900110,1294,3,1291
112900111,521,3,518
112900112,225,0,225
112900113,0,1,-1
112900114,289,13,276
112900115,1548,1,1547
112900116,63,4,59
112900117,41,3,38
112900118,0,4,-4
112900119,54,0,54
112900120,140,88,52
112900121,293,5,288
112900122,0,8,-8
112900123,120,18,102
112900124,0,19,-19
112900125,6,43,-37
112900126,24,24,0
112900127,211,24,187
112900128,13,53,-40
112900129,0,128,-128
112900130,83,39,44
112900131,2,77,-75
112900132,16,263,-247
112900133,0,307,-307
112900134,0,42,-42
112900135,37,5,32
112900137,0,77,-77
112900138,0,27,-27
112900139,10,234,-224
112900141,539,3,536
112900142,19,82,-63
112900143,2,296,-294
112900144,4,907,-903
112900145,1,126,-125
112900146,0,37,-37
112900147,0,225,-225
112900148,7,0,7
112900149,34,96,-62
112900151,0,9,-9
112900152,1741,124,1617
112900153,94,1042,-948
112900154,0,4,-4
112900155,64,3,61
112900156,269,218,51
112900157,338,25,313
112900158,20,0,20
112900159,104,89,15
112900160,13,56,-43
112900161,54,11,43
112900162,3,4,-1
112900163,3,36,-33
112900164,9,30,-21
112900165,4,14,-10
112900166,0,16,-16
112900167,0,32,-32
112900168,1,0,1
112900169,1,1,0
112900170,166,13,153
112900172,21,24,-3
112900173,42,8,34
112900174,159,23,136
112900175,28,33,-5
112900176,7,53,-46
112900177,264,33,231
112900178,142,1690,-1548
112900179,8,183,-175
112900180,826,503,323
112900181,654,1,653
112900182,15,159,-144
112900183,28,71,-43
112900184,66,95,-29
112900185,16,54,-38
112900186,301,274,27
112900187,15,209,-194
112900188,264,415,-151
112900189,6,0,6
112900190,0,0,0
112900192,164,111,53
112900193,227,58,169
112900194,51,1,50
112900195,257,11,246
112900196,125,99,26
112900197,9,102,-93
112900199,360,38,322
112900200,272,16,256
112900201,162,23,139
112900202,217,124,93
112900203,128,20,108
112900204,71,62,9
112900205,8,3,5
112900206,12,8,4
112900207,41,0,41
112900208,19,73,-54
112900209,18,72,-54
112900210,0,0,0
112900211,4,0,4
112900212,0,3,-3
112900213,60,0,60
112900214,5,5,0
112900215,11,20,-9
112900216,7,12,-5
112900217,0,5,-5
112900218,48,1,47
112900219,72,2,70
112900220,1,0,1
112900221,17,22,-5
112900222,0,7,-7
112900223,313,13,300
112900224,532,44,488
112900225,344,34,310
112900226,51,53,-2
112900227,609,136,473
112900228,62,34,28
112900229,327,24,303
112900230,2089,982,1107
112900232,134,164,-30
112900233,27,9,18
112900234,67,0,67
112900235,7,4,3
112900236,554,1,553
112900237,236,54,182
112900238,21,0,21
112900239,114,504,-390
112900240,1,10,-9
112900241,1,7,-6
112900242,1,16,-15
112900243,0,18,-18
112900244,1,5,-4
112900245,1,1,0
112900246,0,0,0
112900247,63,1,62
112900248,1,0,1
112900249,4,17,-13
112900250,32,2,30
112900251,53,0,53
112900252,59,2,57
112900253,20,3,17
112900254,18,14,4
112900255,0,29,-29
112900256,1,21,-20
112900257,2,6,-4
112900258,15,3,12
113000001,2287,1825,462
113000002,1838,1576,262
113000003,539,663,-124
113000004,776,874,-98
113000005,566,394,172
113000006,573,620,-47
113000007,1044,352,692
113000008,904,373,531
113000009,536,201,335
113000010,709,383,326
113000011,331,398,-67
113000012,550,228,322
113000013,240,275,-35
113000014,232,440,-208
113000015,20,91,-71
113000016,74,251,-177
113000017,24,104,-80
113000018,246,26,220
113000019,22,71,-49
113000020,146,30,116
113000021,610,163,447
113000022,559,566,-7
113000025,13,72,-59
113000026,390,209,181
113000027,399,227,172
113000028,120,151,-31
113000029,181,238,-57
113000030,63,114,-51
113000031,75,76,-1
113000032,75,59,16
113000033,141,63,78
113000034,61,37,24
113000035,8,4,4
113000036,28,22,6
113000037,10,3,7
113000038,1,21,-20
113000039,3,130,-127
113000040,25,16,9
113000042,224,153,71
113000051,442,952,-510
113000052,633,121,512
113000053,242,116,126
113000054,198,288,-90
113000055,773,145,628
113000056,972,288,684
113000058,152,335,-183
113000059,688,97,591
113000060,122,234,-112
113000061,237,295,-58
113000062,118,189,-71
113000063,272,21,251
113000064,155,61,94
113000065,155,190,-35
113000066,738,50,688
113000067,1605,152,1453
113000068,188,176,12
113000069,197,143,54
113000070,1694,155,1539
113000071,132,120,12
113000072,526,142,384
113000073,177,293,-116
113000074,411,211,200
113000075,1067,357,710
113000076,127,661,-534
113000077,304,275,29
113000078,172,414,-242
113000079,122,196,-74
113000080,189,240,-51
113000081,367,333,34
113000082,305,156,149
113000083,352,285,67
113000084,536,198,338
113000085,648,189,459
113000086,259,267,-8
113000087,520,540,-20
113000088,382,355,27
113000089,339,599,-260
113000090,35,236,-201
113000091,54,36,18
113000094,551,46,505
113000095,79,82,-3
113000096,30,172,-142
113000097,479,161,318
113000098,36,6,30
113000099,456,97,359
113000100,45,76,-31
113000101,58,114,-56
113000102,297,134,163
113000103,1508,159,1349
113000104,348,1209,-861
113000105,515,147,368
113000106,301,58,243
113000107,632,413,219
113000108,452,308,144
113000109,183,608,-425
113000110,1636,333,1303
113000111,109,235,-126
113000112,409,162,247
113000113,726,196,530
113000114,72,346,-274
113000116,139,68,71
113000117,277,98,179
113000118,17,224,-207
113000119,150,257,-107
113000120,29,199,-170
113000121,148,256,-108
113000124,183,47,136
113000125,5,620,-615
113000127,566,78,488
113000128,346,102,244
113000129,99,242,-143
113000133,635,80,555
113000134,0,555,-555
113000135,2035,1926,109
113000137,403,1432,-1029
113000139,75,53,22
113000140,32,21,11
113000141,34,18,16
113000142,85,85,0
113000143,79,42,37
113000144,57,76,-19
113000145,76,30,46
113000146,32,6,26
113000147,39,6,33
113000148,138,32,106
113000149,76,43,33
113000150,176,120,56
113000151,10,7,3
113000152,17,87,-70
113000153,176,106,70
113000154,158,686,-528
113000155,111,252,-141
113000156,31,77,-46
113000157,89,77,12
113000158,127,10,117
113000159,334,43,291
113000160,156,134,22
113000161,151,69,82
113000162,253,23,230
113000163,47,6,41
113000164,20,4,16
113000166,121,23,98
113000167,43,23,20
113000168,75,16,59
113000169,142,10,132
113000170,51,32,19
113000171,20,23,-3
113000172,164,15,149
113000173,29,11,18
113000174,87,32,55
113000175,251,8,243
113000176,450,33,417
113000177,98,40,58
113000178,33,84,-51
113000179,231,40,191
113000180,665,1199,-534
113000181,1222,687,535
113000182,22,119,-97
113000183,160,259,-99
113000184,4,6,-2
113000189,63,148,-85
113000190,152,41,111
113000192,363,1245,-882
113000193,759,962,-203
113000194,429,808,-379
113000195,746,512,234
113000196,338,90,248
113000197,693,883,-190
113000198,35,131,-96
113000199,441,150,291
113000201,135,143,-8
113000202,1880,472,1408
113000203,4,98,-94
113000204,154,1071,-917
113000205,0,0,0
113000206,6,3,3
113000207,21,1,20
113000208,22,6,16
113000209,2,13,-11
113000210,1,27,-26
113000211,25,49,-24
113000212,7,9,-2
113000213,3,22,-19
113000214,77,88,-11
113000234,63,233,-170
113000410,28,85,-57
113000411,499,885,-386
113000412,1836,669,1167
113000413,485,763,-278
113000414,1204,4945,-3741
113000415,652,481,171
113000416,796,619,177
113000417,292,392,-100
113000418,2125,1734,391
113000419,557,578,-21
113000420,1335,2039,-704
113000421,2062,3245,-1183
113000422,3378,3562,-184
113000423,488,1390,-902
113000424,586,3697,-3111
113000425,4,35,-31
113000428,56,2,54
113000430,8,55,-47
113000432,1891,51,1840
113000433,114,218,-104
113000434,20,60,-40
113000435,8,61,-53
113000436,4,354,-350
113000437,624,21,603
113000438,173,16,157
113000439,28,20,8
113000440,99,15,84
113000441,125,140,-15
113000442,78,9,69
113000443,255,44,211
113000444,128,9,119
113000445,74,9,65
113000446,10,23,-13
113000448,92,83,9
113000449,22,590,-568
113000450,148,1481,-1333
113000451,626,130,496
113000452,31,270,-239
113000453,17,169,-152
113000454,48,114,-66
113000455,2,184,-182
113000456,365,608,-243
113000468,482,105,377
113000469,53,81,-28
113000470,202,4,198
113000471,2,230,-228
113000472,33,64,-31
113000474,874,314,560
113000475,587,523,64
113000476,1148,1074,74
113000477,2787,810,1977
113000478,1368,1334,34
113000479,38,57,-19
113000484,0,0,0
113000485,0,0,0
113000486,0,0,0
113000487,0,0,0
113000488,0,0,0
113000489,0,0,0
113000490,0,0,0
113000491,0,0,0
113000492,0,0,0
113000493,0,0,0
113000495,59,30,29
113000496,28,43,-15
113000499,0,0,0
113900001,0,67,-67
113900002,0,24,-24
113900003,1,32,-31
113900004,0,48,-48
113900005,0,50,-50
113900006,0,6,-6
113900007,13,86,-73
113900008,0,0,0
113900009,37,0,37
113900010,6,0,6
113900011,103,0,103
113900012,65,0,65
113900013,21,1,20
113900014,182,5,177
113900015,0,19,-19
113900016,17,0,17
113900017,0,7,-7
113900018,21,135,-114
113900019,84,4,80
113900020,166,3,163
113900022,26,2,24
113900023,9,0,9
113900024,24,1,23
113900025,55,12,43
113900026,10,0,10
113900027,7,25,-18
113900028,5,142,-137
113900029,29,32,-3
113900030,290,6,284
113900031,3,1,2
113900032,15,0,15
113900033,19,7,12
113900035,8,0,8
113900036,11,20,-9
113900037,86,186,-100
113900038,29,61,-32
113900039,173,3,170
113900040,0,1,-1
113900041,20,0,20
113900042,12,6,6
113900043,51,22,29
113900044,18,95,-77
113900045,22,0,22
113900046,23,227,-204
113900047,84,11,73
113900048,16,28,-12
113900049,88,206,-118
113900050,36,32,4
113900051,42,16,26
113900052,2,8,-6
113900053,82,368,-286
113900054,21,1,20
113900055,15,100,-85
113900056,16,18,-2
113900057,0,10,-10
113900058,29,15,14
113900059,75,27,48
113900060,32,18,14
113900061,168,53,115
113900062,42,0,42
113900063,25,9,16
113900064,1,12,-11
113900065,325,4,321
113900066,199,23,176
113900067,138,9,129
113900068,237,320,-83
113900069,19,0,19
113900070,23,90,-67
113900071,82,16,66
113900072,2,8,-6
113900073,193,99,94
113900074,77,40,37
113900075,234,632,-398
113900076,70,2,68
113900077,27,52,-25
113900078,27,10,17
113900079,0,9,-9
113900080,159,39,120
113900081,18,7,11
113900082,18,39,-21
113900083,249,46,203
113900084,44,29,15
113900085,1,24,-23
113900086,34,4,30
113900087,31,51,-20
113900088,50,103,-53
113900089,161,5,156
113900090,94,91,3
113900091,0,0,0
113900092,2,6,-4
113900093,2,338,-336
113900094,272,66,206
113900095,100,30,70
113900096,69,20,49
113900097,15,9,6
113900098,356,57,299
113900099,0,1,-1
113900100,0,0,0
113900101,2,26,-24
113900102,5,31,-26
113900103,51,127,-76
113900104,42,28,14
113900105,91,18,73
113900106,0,0,0
113900107,0,3,-3
113900108,6,18,-12
113900109,25,25,0
113900110,5,0,5
113900111,49,29,20
113900112,99,7,92
113900113,352,58,294
113900114,0,2,-2
113900115,0,11,-11
113900116,1,17,-16
113900117,18,0,18
113900118,32,226,-194
113900119,48,120,-72
113900120,27,10,17
113900121,72,10,62
113900122,79,1740,-1661
113900123,152,8,144
113900124,0,21,-21
113900125,190,12,178
113900126,10,14,-4
113900127,35,224,-189
113900128,88,8,80
113900129,0,39,-39
113900130,0,4,-4
113900131,57,8,49
113900132,9,13,-4
113900133,0,18,-18
113900135,122,81,41
113900136,23,2,21
113900137,95,70,25
113900138,7,12,-5
113900139,17,78,-61
113900140,33,94,-61
113900141,170,75,95
113900142,14,2,12
113900143,0,9,-9
113900144,33,45,-12
113900145,50,12,38
113900146,101,20,81
113900148,12,36,-24
113900149,37,56,-19
113900150,286,46,240
113900151,221,16,205
113900152,2,32,-30
113900153,56,36,20
113900154,0,19,-19
113900155,7,23,-16
113900156,51,60,-9
113900157,5,131,-126
113900158,38,46,-8
113900159,0,55,-55
113900160,77,55,22
113900161,38,41,-3
113900162,33,78,-45
113900163,125,38,87
113900164,211,8,203
113900165,86,93,-7
113900166,12,18,-6
113900167,182,27,155
113900168,3,9,-6
113900169,40,87,-47
113900171,92,34,58
113900172,1,3,-2
113900173,1,74,-73
113900174,24,109,-85
113900175,40,79,-39
113900176,30,29,1
113900177,12,44,-32
113900178,63,59,4
113900179,4,142,-138
113900180,26,26,0
113900181,415,51,364
113900182,120,59,61
113900183,4,10,-6
113900184,4,179,-175
113900185,16,8,8
113900186,0,5,-5
113900187,6,12,-6
113900188,21,9,12
113900189,107,40,67
113900190,80,13,67
113900191,5,17,-12
113900192,0,111,-111
113900193,2,48,-46
113900194,380,87,293
113900195,53,74,-21
113900196,0,14,-14
113900197,2,23,-21
113900198,0,56,-56
113900199,14,56,-42
113900200,0,21,-21
113900201,0,33,-33
113900202,0,18,-18
113900203,0,20,-20
113900204,4,40,-36
113900205,1,4,-3
113900206,0,35,-35
113900207,0,25,-25
113900208,1,7,-6
113900209,0,10,-10
113900210,92,80,12
113900211,40,14,26
113900212,226,96,130
113900214,68,42,26
113900215,179,29,150
113900216,46,44,2
113900217,82,48,34
113900218,39,32,7
113900219,27,75,-48
113900220,24,46,-22
113900221,32,164,-132
113900222,7,186,-179
113900223,80,59,21
113900224,3,9,-6
113900225,86,27,59
113900226,48,7,41
113900227,75,26,49
113900228,25,151,-126
113900229,0,257,-257
113900230,373,651,-278
113900231,5,7,-2
113900232,7,2,5
113900233,30,25,5
113900234,71,105,-34
113900235,76,5,71
113900236,226,19,207
113900237,51,6,45
113900238,66,91,-25
113900239,7,21,-14
113900240,0,30,-30
113900241,2,14,-12
113900242,3,24,-21
113900243,6,36,-30
113900244,69,42,27
113900245,135,45,90
113900246,2,19,-17
113900247,19,222,-203
113900248,412,512,-100
113900249,85,171,-86
113900250,8,72,-64
113900251,500,18,482
113900252,333,4,329
113900253,276,3,273
113900254,156,31,125
113900255,608,12,596
113900256,262,21,241
113900257,8,92,-84
113900258,0,193,-193
113900259,274,46,228
113900260,92,1,91
113900261,10,4,6
113900262,126,72,54
113900263,1,57,-56
113900264,2,84,-82
113900265,41,43,-2
113900266,13,50,-37
113900267,18,116,-98
113900268,18,58,-40
113900269,16,35,-19
113900270,78,70,8
113900271,63,91,-28
113900273,4,0,4
113900274,19,3,16
113900275,1,11,-10
113900276,1,53,-52
113900277,125,13,112
113900278,16,24,-8
113900279,2,2,0
113900280,139,118,21
113900281,77,390,-313
113900282,46,50,-4
113900283,95,141,-46
113900284,501,47,454
113900285,31,1,30
113900286,26,10,16
113900287,23,1,22
113900288,0,62,-62
113900289,103,53,50
113900290,25,82,-57
113900291,11,31,-20
113900292,5,5,0
113900293,10,56,-46
113900294,365,16,349
113900295,91,41,50
113900296,454,158,296
113900297,848,28,820
113900298,7,162,-155
113900299,70,62,8
113900300,1034,1748,-714
113900301,93,290,-197
113900302,680,245,435
113900303,22,289,-267
113900304,0,10,-10
113900305,100,0,100
113900306,16,0,16
113900307,8,0,8
113900308,3,10,-7
113900309,0,173,-173
113900310,0,2,-2
113900311,4,0,4
113900312,4,29,-25
113900313,2,2,0
114000001,443,550,-107
114000002,154,96,58
114000003,46,94,-48
114000004,388,92,296
114000005,290,45,245
114000006,451,295,156
114000007,358,377,-19
114000008,652,442,210
114000009,970,50,920
114000011,1520,694,826
114000012,2481,539,1942
114000013,1305,417,888
114000014,187,20,167
114000015,1211,63,1148
114000016,134,30,104
114000017,79,408,-329
114000018,33,4,29
114000026,2073,356,1717
114000027,2870,855,2015
114000028,959,1574,-615
114000038,236,39,197
114000039,43,7,36
114000040,117,207,-90
114000042,73,89,-16
114000043,25,39,-14
114000044,361,18,343
114000045,11,8,3
114000046,516,1265,-749
114000047,0,79,-79
114000048,62,34,28
114000049,1167,471,696
114000050,1003,389,614
114000051,1582,955,627
114000052,1584,1401,183
114000053,14,605,-591
114000054,93,272,-179
114000055,193,12,181
114000056,19,206,-187
114000057,1268,775,493
114000058,9,280,-271
114000059,19,375,-356
114000060,142,193,-51
114000061,690,842,-152
114000062,111,363,-252
114000063,355,324,31
114000064,595,1400,-805
114000065,406,513,-107
114000066,364,320,44
114000067,6,616,-610
114000068,105,299,-194
114000069,473,91,382
114000070,885,715,170
114000071,547,57,490
114000072,556,62,494
114000073,22,38,-16
114000074,40,2,38
114000075,54,16,38
114000076,5,30,-25
114000077,2,11,-9
114000078,187,78,109
114000079,309,3,306
114000080,42,35,7
114000081,40,16,24
114000082,8,107,-99
114000083,26,4,22
114000084,135,66,69
114000085,30,40,-10
114000086,156,63,93
114000087,144,9,135
114000088,83,22,61
114000089,229,74,155
114000090,370,227,143
114000091,357,281,76
114000092,220,89,131
114000093,642,78,564
114000094,233,131,102
114000095,221,165,56
114000096,29,116,-87
114000097,55,140,-85
114000098,705,97,608
114000099,452,104,348
114000100,1488,176,1312
114000101,166,152,14
114000102,694,122,572
114000103,55,105,-50
114000104,0,29,-29
114000105,147,33,114
114000106,250,1092,-842
114000107,280,60,220
114000108,296,287,9
114000109,500,1105,-605
114000110,303,193,110
114000111,1414,575,839
114000112,132,376,-244
114000113,1375,162,1213
114000114,157,258,-101
114000115,1553,287,1266
114000116,536,2780,-2244
114000117,2863,267,2596
114000118,2560,125,2435
114000119,1967,209,1758
114000120,513,440,73
114000121,145,159,-14
114000122,237,119,118
114000123,1619,157,1462
114000124,783,151,632
114000125,593,544,49
114000126,960,151,809
114000127,88,64,24
114000128,559,101,458
114000130,248,364,-116
114000131,273,20,253
114000132,343,82,261
114000133,279,180,99
114000134,31,7,24
114000138,4,8,-4
114000139,159,91,68
114000144,361,213,148
114000145,10,2,8
114000146,40,17,23
114000147,395,1145,-750
114000148,290,569,-279
114000149,120,102,18
114000150,47,50,-3
114000151,134,1248,-1114
114000152,37,2,35
114000153,207,394,-187
114000154,172,61,111
114000155,406,1641,-1235
114000156,434,235,199
114000157,143,632,-489
114000158,211,191,20
114000159,86,74,12
114000160,19,79,-60
114000161,415,610,-195
114000162,543,952,-409
114000163,1,3,-2
114000165,158,84,74
114000166,177,151,26
114000167,974,614,360
114000168,240,59,181
114000169,400,427,-27
114000170,455,363,92
114000171,822,6113,-5291
114000174,64,36,28
114000176,112,118,-6
114000177,255,208,47
114000178,33,19,14
114000179,543,455,88
114000180,179,177,2
114000181,751,2670,-1919
114000182,338,820,-482
114000183,189,247,-58
114000184,971,187,784
114000185,709,386,323
114000189,1169,75,1094
114000190,2439,271,2168
114000191,74,231,-157
114000192,78,302,-224
114000193,136,385,-249
114000194,993,488,505
114000195,206,119,87
114000196,0,77,-77
114000197,1577,26,1551
114000198,196,203,-7
114000199,329,776,-447
114000200,279,507,-228
114000201,135,232,-97
114000202,508,417,91
114000203,559,408,151
114000204,62,100,-38
114000205,166,413,-247
114000206,306,476,-170
114000207,149,304,-155
114000208,284,310,-26
114000209,201,369,-168
114000210,98,271,-173
114000211,1443,510,933
114000212,903,683,220
114000213,1640,259,1381
114000214,55,8,47
114000215,21,5,16
114000216,1008,253,755
114000217,296,127,169
114000218,220,68,152
114000219,1269,75,1194
114000220,12,150,-138
114000221,1079,74,1005
114000222,150,199,-49
114000223,400,86,314
114000224,29,123,-94
114000225,178,120,58
114000226,248,60,188
114000227,1056,298,758
114000228,719,210,509
114000229,1211,605,606
114000230,1237,418,819
114000231,821,722,99
114000232,941,113,828
114000233,1513,33,1480
114000234,1061,387,674
114000235,1011,630,381
114000236,0,126,-126
114000237,94,252,-158
114000238,51,213,-162
114000239,59,357,-298
114000240,572,643,-71
114000241,243,329,-86
114000242,567,229,338
114000243,1432,822,610
114000244,258,165,93
114000245,307,580,-273
114000246,70,16,54
114000247,321,287,34
114000248,1143,415,728
114000249,738,226,512
114000250,592,101,491
114000251,172,65,107
114000252,37,14,23
114000253,25,24,1
114000254,33,4,29
114000255,127,100,27
114000256,109,313,-204
114000257,243,383,-140
114000258,173,67,106
114000259,110,148,-38
114000260,0,3,-3
114000261,71,15,56
114000262,139,25,114
114000263,4,1,3
114000264,1033,65,968
114000265,0,0,0
114000267,1,1132,-1131
114000268,0,478,-478
114000270,152,1,151
114000271,129,129,0
114000283,1279,118,1161
114000285,4,100,-96
114000288,67,91,-24
114000289,1510,39,1471
114000293,232,119,113
114000294,108,218,-110
114000395,936,17,919
114000396,340,151,189
114000402,503,89,414
114000403,309,90,219
114000405,221,116,105
114000423,364,111,253
114000424,456,62,394
114000425,818,65,753
114000426,286,567,-281
114000427,21,8,13
114000428,69,48,21
114000429,12,27,-15
114000432,47,7,40
114000434,20,25,-5
114000435,0,46,-46
114900001,416,122,294
114900002,180,11,169
114900003,409,142,267
114900004,65,214,-149
114900005,192,105,87
114900006,61,34,27
114900007,72,5,67
114900008,255,10,245
114900010,341,859,-518
114900011,314,51,263
114900013,164,35,129
114900015,23,441,-418
114900018,353,6,347
114900020,12,33,-21
114900022,31,221,-190
114900024,65,74,-9
114900025,352,37,315
114900026,54,29,25
114900027,101,62,39
114900029,179,8,171
114900030,221,57,164
114900031,380,12,368
114900032,516,1,515
114900033,130,1138,-1008
114900034,9,14,-5
114900035,10,80,-70
114900036,47,96,-49
114900037,34,5,29
114900038,118,116,2
114900039,472,62,410
114900040,116,13,103
114900041,717,21,696
114900042,750,36,714
114900043,117,25,92
114900044,41,16,25
114900046,17,16,1
114900047,15,1859,-1844
114900048,8,19,-11
114900049,3,28,-25
114900050,19,49,-30
114900051,8,49,-41
114900052,4,32,-28
114900053,5,61,-56
114900054,11,8,3
114900057,43,3,40
114900058,0,19,-19
114900059,124,22,102
114900060,57,198,-141
114900061,12,10,2
114900062,22,66,-44
114900063,40,2,38
114900064,1113,50,1063
114900065,165,389,-224
114900067,13,54,-41
114900068,2,18,-16
114900069,80,17,63
114900070,406,30,376
114900072,1,14,-13
114900073,0,17,-17
114900074,768,14,754
114900075,175,1,174
114900076,0,21,-21
114900080,204,61,143
114900082,898,856,42
114900083,50,140,-90
114900090,392,55,337
114900091,16,48,-32
114900095,9,21,-12
114900096,53,74,-21
114900097,118,2,116
114900098,1,31,-30
114900099,125,18,107
115000001,1653,911,742
115000002,2017,3639,-1622
115000003,1647,778,869
115000004,2664,3482,-818
115000005,760,855,-95
115000006,799,537,262
115000007,89,145,-56
115000008,176,233,-57
115000009,138,123,15
115000010,151,132,19
115000013,3,70,-67
115000015,2,80,-78
115000016,31,107,-76
115000019,6,312,-306
115000020,42,477,-435
115000021,68,168,-100
115000022,76,123,-47
115000023,165,281,-116
115000024,154,65,89
115000025,511,246,265
115000026,135,40,95
115000027,217,141,76
115000028,67,73,-6
115000029,628,20,608
115000030,219,128,91
115000031,372,45,327
115000032,0,74,-74
115000033,50,5,45
115000034,48,257,-209
115000035,404,54,350
115000036,0,71,-71
115000037,396,40,356
115000038,47,99,-52
115000039,1258,1861,-603
115000040,1484,1488,-4
115000041,676,2492,-1816
115000042,220,258,-38
115000043,1694,1334,360
115000044,1429,1292,137
115000045,1301,427,874
115000046,2315,1218,1097
115000047,1572,887,685
115000048,905,743,162
115000049,768,1011,-243
115000050,1874,824,1050
115000051,869,2572,-1703
115000052,683,902,-219
115000053,1335,1856,-521
115000054,409,482,-73
115000055,68,430,-362
115000056,117,103,14
115000057,283,620,-337
115000058,59,258,-199
115000059,86,326,-240
115000061,129,126,3
115000062,156,301,-145
115000063,278,167,111
115000064,105,59,46
115000065,29,306,-277
115000067,159,11,148
115000069,56,168,-112
115000070,30,590,-560
115000071,65,21,44
115000072,3,41,-38
115000073,796,25,771
115000075,25,59,-34
115000076,965,611,354
115000077,974,466,508
115000078,883,281,602
115000079,716,464,252
115000080,1990,644,1346
115000081,134,199,-65
115000082,2735,2005,730
115000083,1375,478,897
115000084,2113,451,1662
115000085,548,193,355
115000086,635,306,329
115000087,186,630,-444
115000088,1010,311,699
115000089,649,516,133
115000090,284,463,-179
115000091,184,269,-85
115000092,567,279,288
115000093,546,0,546
115000094,2134,4450,-2316
115000095,1588,3810,-2222
115000096,605,294,311
115000097,1148,857,291
115000098,1163,175,988
115000099,1254,618,636
115000100,1188,275,913
115000101,290,266,24
115000102,417,107,310
115000103,236,306,-70
115000105,74,50,24
115000106,534,195,339
115000107,95,120,-25
115000108,744,564,180
115000109,1370,3369,-1999
115000110,576,1210,-634
115000111,124,295,-171
115000112,232,231,1
115000113,124,205,-81
115000114,276,98,178
115000116,596,621,-25
115000117,668,647,21
115000118,675,712,-37
115000119,494,626,-132
115000120,228,702,-474
115000121,261,243,18
115000122,319,613,-294
115000123,203,625,-422
115000124,307,429,-122
115000125,147,459,-312
115000126,67,223,-156
115000127,157,61,96
115000128,95,328,-233
115000129,103,329,-226
115000130,147,167,-20
115000131,396,131,265
115000132,255,71,184
115000133,497,48,449
115000134,221,47,174
115000135,118,59,59
115000136,121,100,21
115000137,25,47,-22
115000138,139,86,53
115000139,48,28,20
115000140,269,51,218
115000141,112,58,54
115000142,59,23,36
115000143,463,197,266
115000144,278,24,254
115000145,172,71,101
115000146,218,106,112
115000147,160,117,43
115000148,115,345,-230
115000149,363,84,279
115000150,146,118,28
115000151,597,133,464
115000152,287,196,91
115000153,814,166,648
115000154,556,167,389
115000155,331,199,132
115000156,248,335,-87
115000157,129,159,-30
115000158,19,75,-56
115000159,141,157,-16
115000160,136,140,-4
115000161,74,190,-116
115000162,302,600,-298
115000163,148,165,-17
115000164,156,282,-126
115000165,79,198,-119
115000167,35,11,24
115000168,292,124,168
115000169,86,280,-194
115000170,41,131,-90
115000171,147,202,-55
115000172,336,404,-68
115000173,101,503,-402
115000174,35,216,-181
115000175,64,77,-13
115000176,16,74,-58
115000177,11,150,-139
115000178,0,134,-134
115000179,24,28,-4
115000180,41,141,-100
115000181,483,68,415
115000182,778,164,614
115000183,270,141,129
115000186,243,27,216
115000187,148,74,74
115000188,231,134,97
115000189,198,244,-46
115000190,351,212,139
115000191,123,286,-163
115000194,65,22,43
115000195,18,27,-9
115000196,217,6,211
115000197,130,90,40
115000198,317,27,290
115000199,351,63,288
115000200,304,18,286
115000201,105,95,10
115000206,446,19,427
115000207,139,64,75
115000208,64,207,-143
115000209,240,180,60
115000210,107,73,34
115000211,56,49,7
115000212,330,124,206
115000224,153,6,147
115000225,68,22,46
115000229,81,59,22
115000230,15,71,-56
115000231,192,373,-181
115000232,1685,148,1537
115000233,53,52,1
115000234,37,85,-48
115000241,82,67,15
115000242,145,25,120
115000243,29,37,-8
115000244,18,31,-13
115000246,42,3,39
115000247,2,1,1
115000248,18,0,18
115000249,3,0,3
115000250,179,6,173
115000251,209,7,202
115000252,34,49,-15
115000253,16,194,-178
115000258,124,12,112
115000259,50,13,37
115000261,25,2,23
115000262,0,13,-13
115000263,3,5,-2
115000264,2,0,2
115000267,11,15,-4
115000268,9,24,-15
115000269,21,25,-4
115000270,2,22,-20
115000272,49,18,31
115000273,270,8,262
115000280,276,270,6
115000281,58,892,-834
115000282,252,629,-377
115000284,58,142,-84
115000296,166,0,166
115000297,19,276,-257
115000298,11,446,-435
115000300,56,96,-40
115000302,315,27,288
115000303,734,22,712
115000304,634,58,576
115000305,59,61,-2
115000306,190,43,147
115000307,102,80,22
115000308,2,2,0
115000309,2,106,-104
115000310,1169,196,973
115000311,846,498,348
115000313,44,76,-32
115000314,223,98,125
115000315,95,375,-280
115000316,31,76,-45
115000317,75,125,-50
115000318,589,143,446
115000319,18,87,-69
115000320,2,226,-224
115000321,205,26,179
115000322,20,91,-71
115000449,51,101,-50
115000557,2,1677,-1675
115000558,54,32,22
115000587,466,97,369
115000588,903,1157,-254
115000589,2300,1270,1030
115000590,258,680,-422
115000591,769,350,419
115000592,324,565,-241
115000593,1274,258,1016
115000594,190,855,-665
115000609,123,148,-25
115000617,211,1520,-1309
115000624,215,3,212
115000633,202,661,-459
115000634,1647,258,1389
115000635,306,58,248
115000638,155,211,-56
115000641,5,133,-128
115000642,133,85,48
115000643,28,137,-109
115000644,60,121,-61
115000646,215,410,-195
115000647,42,204,-162
115000648,1594,261,1333
115000893,733,412,321
115000894,91,364,-273
115000895,117,451,-334
115000896,471,182,289
115000897,77,21,56
115000898,101,121,-20
115000899,72,374,-302
115000900,9,89,-80
115000901,30,140,-110
115000912,175,32,143
115000913,2,2,0
115000915,0,0,0
115000916,1,0,1
115000917,0,22,-22
115000918,12,428,-416
115000919,0,40,-40
115000920,3,14,-11
115000921,66,11,55
115000922,190,335,-145
115000923,24,604,-580
115000925,107,53,54
115000927,29,37,-8
115000933,15,175,-160
115000934,51,117,-66
115000935,39,9,30
115000936,22,473,-451
115000937,150,91,59
115000938,9,44,-35
115000939,6,56,-50
115000940,11,6,5
115000941,0,19,-19
115000942,2,52,-50
115000943,0,35,-35
115000944,1,1,0
115900001,218,1,217
115900002,29,47,-18
115900003,131,8,123
115900004,0,12,-12
115900005,289,2,287
115900006,32,59,-27
115900008,98,1,97
115900009,10,17,-7
115900010,301,12,289
115900011,135,46,89
115900012,168,2,166
115900013,194,20,174
115900014,69,43,26
115900015,120,4,116
115900016,85,11,74
115900017,34,40,-6
115900018,52,8,44
115900019,6,3,3
115900020,119,0,119
115900021,273,116,157
115900022,211,7,204
115900023,12,17,-5
115900025,9,25,-16
115900026,295,22,273
115900027,0,51,-51
115900028,89,11,78
115900029,1,53,-52
115900030,45,21,24
115900031,14,121,-107
115900032,83,121,-38
115900033,0,10,-10
115900034,10,59,-49
115900035,2,7,-5
115900036,4,926,-922
115900037,9,68,-59
115900038,18,23,-5
115900039,45,25,20
115900041,55,393,-338
115900042,22,0,22
115900043,49,13,36
115900044,26,235,-209
115900046,362,53,309
115900047,50,95,-45
115900049,82,68,14
115900051,0,3,-3
115900052,2,72,-70
115900053,173,26,147
115900054,326,9,317
115900055,19,50,-31
115900056,57,25,32
115900057,30,27,3
115900058,3,10,-7
115900060,20,41,-21
115900061,156,0,156
115900062,12,51,-39
115900063,16,0,16
115900064,87,80,7
115900065,99,19,80
115900066,25,32,-7
115900067,33,39,-6
115900068,717,1108,-391
115900069,17,57,-40
115900070,78,21,57
115900071,0,60,-60
115900072,5,37,-32
115900073,208,100,108
115900074,0,77,-77
115900075,11,40,-29
115900076,1,10,-9
115900077,1,41,-40
115900078,3,23,-20
115900079,271,1,270
115900080,42,5,37
115900081,16,15,1
115900082,60,20,40
115900084,563,25,538
115900085,4,62,-58
115900086,354,73,281
115900088,0,76,-76
115900089,328,149,179
115900090,477,1,476
115900091,0,6,-6
115900092,33,29,4
115900093,1,4,-3
115900094,3,48,-45
115900096,0,1,-1
115900097,2,118,-116
115900098,197,85,112
115900099,32,28,4
115900100,4,136,-132
115900101,108,21,87
115900102,70,20,50
115900103,165,27,138
115900104,131,21,110
115900105,230,130,100
115900106,79,0,79
115900107,83,20,63
115900108,83,6,77
115900109,11,152,-141
115900110,19,0,19
115900111,0,17,-17
115900112,28,168,-140
115900113,42,2,40
115900114,0,26,-26
115900115,52,62,-10
115900116,6,90,-84
115900117,73,0,73
115900118,1,62,-61
115900119,115,23,92
115900120,27,33,-6
115900121,186,10,176
115900124,79,519,-440
115900125,325,34,291
115900126,620,7,613
115900127,552,2,550
115900128,1,58,-57
115900129,189,5,184
115900130,1,247,-246
115900131,310,20,290
115900132,410,0,410
115900134,233,5,228
115900135,195,231,-36
115900137,26,6,20
115900139,5,26,-21
115900140,444,3,441
115900141,0,7,-7
115900142,0,7,-7
115900143,160,64,96
115900144,125,53,72
115900146,5,23,-18
115900147,55,176,-121
115900148,14,11,3
115900149,90,3,87
115900150,97,3,94
115900151,54,21,33
115900152,17,57,-40
115900153,126,39,87
115900154,68,139,-71
115900155,0,9,-9
115900156,252,208,44
115900157,189,165,24
115900158,9,7,2
115900159,173,31,142
115900160,0,1,-1
115900161,25,26,-1
115900163,173,15,158
115900164,568,4,564
115900166,29,9,20
115900168,279,24,255
115900171,60,50,10
115900172,7,27,-20
115900173,50,14,36
115900174,78,53,25
115900175,116,15,101
115900178,47,61,-14
115900179,257,3,254
115900180,45,58,-13
115900181,161,44,117
115900182,381,36,345
115900183,1,99,-98
115900184,63,1,62
115900187,1,179,-178
115900189,0,74,-74
115900190,32,294,-262
115900191,1,70,-69
115900192,3,49,-46
115900193,26,15,11
115900194,600,11,589
115900195,66,1553,-1487
115900198,91,72,19
115900199,116,5,111
115900200,86,24,62
115900201,106,200,-94
115900202,0,110,-110
115900203,1,3,-2
115900204,0,40,-40
115900205,3,2,1
115900206,370,37,333
115900207,37,7,30
115900208,76,12,64
115900209,8,34,-26
115900210,0,87,-87
115900211,19,21,-2
115900212,132,18,114
115900213,43,154,-111
115900214,347,78,269
115900215,14,73,-59
115900216,0,23,-23
115900217,8,7,1
115900218,0,3,-3
115900219,182,0,182
115900220,244,4,240
115900221,124,2,122
115900222,76,6,70
115900223,2,185,-183
115900224,167,1100,-933
115900225,21,17,4
115900226,1,6,-5
115900227,0,5,-5
115900228,0,5,-5
115900229,0,19,-19
115900230,15,9,6
115900231,90,1,89
115900232,37,0,37
115900233,97,0,97
115900234,22,2,20
115900235,2,10,-8
115900236,5,12,-7
115900237,16,10,6
115900238,5,6,-1
115900239,2,12,-10
115900240,1,2,-1
115900241,261,5,256
115900242,121,221,-100
115900243,0,7,-7
115900244,1,0,1
115900245,86,0,86
115900246,2,0,2
115900247,0,2,-2
115900248,0,0,0
115900249,2,5,-3
115900250,3,1,2
115900251,4,0,4
115900252,3,0,3
115900253,13,0,13
115900254,3,8,-5
115900255,2,15,-13
115900256,29,14,15
115900257,0,6,-6
115900258,0,3,-3
115900259,0,0,0
115900260,1,0,1
115900261,0,0,0
115900262,7,0,7
115900263,0,1,-1
115900264,3,19,-16
115900265,0,1,-1
115900266,32,8,24
115900267,0,1,-1
115900268,0,1,-1
115900269,766,63,703
115900270,269,33,236
115900271,186,0,186
115900272,21,2,19
115900273,2,15,-13
115900274,0,0,0
115900275,0,1,-1
115900276,0,5,-5
115900277,0,3,-3
115900278,52,27,25
115900279,27,137,-110
115900280,5,374,-369
115900281,74,179,-105
115900282,0,63,-63
115900283,58,4,54
115900284,0,0,0
116000001,2138,787,1351
116000002,2253,9292,-7039
116000003,380,435,-55
116000004,2128,3943,-1815
116000005,395,1237,-842
116000006,1290,2325,-1035
116000007,780,1008,-228
116000008,2428,1105,1323
116000009,426,956,-530
116000010,1887,840,1047
116000011,290,595,-305
116000012,1214,512,702
116000013,2212,1444,768
116000014,5193,11785,-6592
116000015,31,365,-334
116000016,1389,3031,-1642
116000017,14,235,-221
116000018,82,82,0
116000019,657,159,498
116000020,203,236,-33
116000021,315,177,138
116000022,231,109,122
116000023,564,471,93
116000024,424,181,243
116000025,511,276,235
116000026,587,970,-383
116000027,196,280,-84
116000028,336,439,-103
116000029,151,160,-9
116000030,317,342,-25
116000031,19,8,11
116000032,165,13,152
116000033,466,142,324
116000034,540,336,204
116000035,121,59,62
116000036,83,373,-290
116000037,99,228,-129
116000038,51,181,-130
116000039,180,258,-78
116000040,210,298,-88
116000041,20,331,-311
116000042,455,277,178
116000043,37,176,-139
116000044,6,41,-35
116000045,640,524,116
116000046,474,395,79
116000047,860,1105,-245
116000048,1604,484,1120
116000049,1085,951,134
116000050,768,484,284
116000051,1882,906,976
116000052,1327,1168,159
116000053,1412,241,1171
116000054,615,655,-40
116000055,424,247,177
116000056,1182,548,634
116000057,908,227,681
116000058,1170,1262,-92
116000059,971,2710,-1739
116000060,888,586,302
116000061,128,856,-728
116000062,277,207,70
116000063,244,988,-744
116000066,152,320,-168
116000067,78,192,-114
116000068,67,195,-128
116000069,144,63,81
116000078,216,568,-352
116000080,740,255,485
116000082,2,7,-5
116000083,1218,164,1054
116000084,391,867,-476
116000085,947,1015,-68
116000086,274,313,-39
116000087,2097,989,1108
116000088,524,366,158
116000089,106,40,66
116000090,159,108,51
116000091,153,474,-321
116000093,396,112,284
116000094,598,185,413
116000095,522,114,408
116000096,796,1098,-302
116000097,539,219,320
116000098,33,4970,-4937
116000099,2009,204,1805
116000100,151,3,148
116000101,837,65,772
116000102,137,238,-101
116000103,208,189,19
116000104,134,237,-103
116000105,844,60,784
116000106,309,282,27
116000107,1523,149,1374
116000108,4,142,-138
116000111,65,9,56
116000113,53,8,45
116000114,1,27,-26
116000115,436,326,110
116000116,90,71,19
116000117,909,590,319
116000118,878,385,493
116000119,2684,821,1863
116000120,1313,981,332
116000121,857,210,647
116000122,438,301,137
116000123,1300,102,1198
116000124,365,162,203
116000125,2122,121,2001
116000126,69,233,-164
116000127,374,251,123
116000128,1662,210,1452
116000129,798,71,727
116000130,564,239,325
116000133,1119,147,972
116000134,707,380,327
116000135,2036,414,1622
116000136,373,563,-190
116000137,867,177,690
116000138,313,166,147
116000139,1181,2243,-1062
116000140,253,177,76
116000141,246,281,-35
116000142,2499,1431,1068
116000143,1820,1317,503
116000144,1390,893,497
116000145,2099,572,1527
116000146,641,62,579
116000147,109,156,-47
116000148,479,369,110
116000149,196,215,-19
116000151,481,241,240
116000153,110,215,-105
116000155,153,187,-34
116000156,321,181,140
116000157,36,5,31
116000158,285,28,257
116000159,0,3,-3
116000160,21,39,-18
116000161,11,27,-16
116000162,9,146,-137
116000163,9,5,4
116000164,9,11,-2
116000177,34,96,-62
116000194,40,109,-69
116000195,976,156,820
116000196,21,4,17
116000197,6,19,-13
116000198,790,500,290
116000200,200,550,-350
116000201,388,119,269
116000202,6,39,-33
116000203,0,8,-8
116000204,1,2,-1
116000205,0,33,-33
116000206,0,50,-50
116000207,7,33,-26
116000233,78,103,-25
116000287,160,61,99
116000288,274,118,156
116000292,55,31,24
116000296,6,84,-78
116000297,116,2,114
116000304,214,3,211
116000305,16,10,6
116000346,208,33,175
116000352,103,20,83
116000354,14,0,14
116000357,0,2,-2
116000358,257,90,167
116000361,34,0,34
116000372,1550,3393,-1843
116000381,120,7,113
116000388,4,17,-13
116000389,489,59,430
116000445,727,97,630
116000446,588,54,534
116000447,6,308,-302
116000448,265,34,231
116000563,283,557,-274
116000565,139,96,43
116000568,20,370,-350
116000579,4,139,-135
116000583,49,24,25
116000584,26,2,24
116000585,9,26,-17
116000586,12,30,-18
116000587,207,100,107
116000589,33,36,-3
116000590,98,23,75
116000591,280,68,212
116000592,6,27,-21
116000593,0,17,-17
116000594,794,76,718
116000595,497,19,478
116000596,179,0,179
116000597,429,132,297
116000598,9,104,-95
116000605,73,28,45
116000606,59,172,-113
116000607,6,13,-7
116000609,33,817,-784
116000611,151,91,60
116000612,1054,1818,-764
116000613,582,225,357
116000614,306,85,221
116000615,0,0,0
116000616,59,22,37
116000617,79,20,59
116000618,11,13,-2
116000619,10,56,-46
116000620,294,74,220
116000621,81,42,39
116000622,60,67,-7
116000624,51,35,16
116000627,250,25,225
116000628,52,76,-24
116000629,11,94,-83
116000630,856,6,850
116000631,350,11,339
116000632,1477,25,1452
116000633,164,32,132
116000634,594,7,587
116000635,977,902,75
116000636,273,720,-447
116000637,707,9,698
116000638,108,80,28
116000640,16,9,7
116000641,0,2,-2
116000644,23,29,-6
116900001,29,17,12
116900002,159,1,158
116900003,38,2,36
116900004,41,37,4
116900005,227,1,226
116900006,51,106,-55
116900007,43,22,21
116900008,623,36,587
116900009,15,7,8
116900010,0,123,-123
116900011,4,4,0
116900012,45,47,-2
116900013,6,46,-40
116900014,121,18,103
116900015,557,9,548
116900016,199,1,198
116900017,0,148,-148
116900018,51,36,15
116900019,1,75,-74
116900020,280,1345,-1065
116900023,26,8,18
116900024,527,17,510
116900025,1048,173,875
116900026,36,191,-155
116900027,56,24,32
116900028,0,10,-10
116900029,0,109,-109
116900031,0,0,0
116900032,17,60,-43
116900033,38,1,37
116900034,2,2,0
116900035,61,30,31
116900036,1,39,-38
116900038,5,3,2
116900041,79,5,74
116900042,51,42,9
116900043,31,27,4
116900047,4,150,-146
116900049,2,42,-40
116900050,17,63,-46
116900051,171,4,167
116900052,96,22,74
116900055,0,2,-2
116900057,21,13,8
116900058,0,71,-71
116900059,0,3,-3
116900060,61,75,-14
116900062,0,12,-12
116900064,24,56,-32
116900065,0,29,-29
116900067,10,1,9
116900068,94,88,6
116900070,16,0,16
116900072,3,46,-43
116900073,3,24,-21
116900074,3,12,-9
116900076,6,21,-15
116900077,5,36,-31
116900078,43,27,16
116900079,19,69,-50
116900080,2,7,-5
116900081,27,207,-180
116900082,71,561,-490
116900083,2,4,-2
116900084,27,7,20
116900085,2,34,-32
116900086,11,238,-227
116900088,42,2,40
116900090,3,1,2
116900091,224,8,216
116900092,19,150,-131
116900093,618,639,-21
116900094,1707,3158,-1451
116900095,127,20,107
116900096,190,198,-8
116900097,600,2086,-1486
116900098,125,62,63
116900099,40,717,-677
116900100,857,55,802
116900101,66,111,-45
116900103,0,0,0
116900104,7,1285,-1278
116900105,225,106,119
116900106,2291,28,2263
116900107,698,2485,-1787
116900110,1,0,1
116900111,531,189,342
116900112,252,160,92
116900113,352,1559,-1207
116900116,7,131,-124
116900117,135,21,114
116900118,366,633,-267
116900120,351,35,316
116900121,138,7,131
116900122,1019,144,875
116900123,164,130,34
116900124,34,119,-85
116900125,376,51,325
116900126,24,296,-272
116900128,1,3,-2
116900129,0,46,-46
116900130,196,2851,-2655
116900131,3,24,-21
116900132,14,22,-8
116900133,94,28,66
116900134,170,119,51
116900136,64,13,51
116900137,51,25,26
116900138,94,11,83
116900139,0,42,-42
116900140,90,36,54
116900141,202,47,155
116900142,1,13,-12
116900143,169,29,140
116900144,22,10,12
116900145,29,39,-10
116900147,45,214,-169
116900148,1,0,1
116900149,32,141,-109
116900150,12,1,11
116900151,17,8,9
116900153,86,39,47
116900154,57,278,-221
116900155,21,22,-1
116900157,818,12,806
116900158,141,193,-52
116900159,26,155,-129
116900160,432,274,158
116900161,1089,5151,-4062
116900162,5,31,-26
116900163,282,8,274
116900164,65,27,38
116900165,428,159,269
116900166,72,41,31
116900167,342,3,339
116900168,336,26,310
116900169,42,193,-151
116900170,348,165,183
116900171,61,68,-7
116900172,64,244,-180
116900173,447,0,447
116900174,40,75,-35
116900175,120,118,2
116900178,22,28,-6
116900179,22,258,-236
116900180,71,1,70
116900182,379,85,294
116900183,179,47,132
116900185,65,41,24
116900186,114,66,48
116900187,30,43,-13
116900188,87,5,82
116900189,37,1,36
116900191,82,55,27
116900192,214,65,149
116900194,34,435,-401
116900195,26,1,25
116900196,0,43,-43
116900197,85,0,85
116900198,13,353,-340
116900200,49,0,49
116900201,287,8,279
116900202,19,8,11
116900203,127,1,126
116900204,69,149,-80
116900206,9,1,8
116900207,9,5,4
116900208,6,23,-17
116900209,12,29,-17
116900210,95,56,39
116900211,176,1,175
116900212,56,1,55
116900213,74,9,65
116900214,142,54,88
116900215,4,4,0
116900216,97,60,37
116900218,1,80,-79
116900219,192,82,110
116900220,52,81,-29
116900221,88,203,-115
116900222,168,73,95
116900223,23,36,-13
116900226,152,4,148
116900227,220,10,210
116900228,246,21,225
116900230,23,42,-19
116900231,40,73,-33
116900232,4,71,-67
116900233,241,43,198
116900234,12,1,11
116900235,31,25,6
116900238,289,50,239
116900239,14,1068,-1054
116900240,3021,2452,569
116900241,75,23,52
116900242,270,613,-343
116900243,0,4,-4
116900245,17,29,-12
116900246,50,17,33
116900247,740,22,718
116900248,77,4,73
116900249,347,21,326
116900250,196,9,187
116900251,115,478,-363
116900252,149,112,37
116900254,12,49,-37
116900255,57,63,-6
116900256,397,82,315
116900257,6,57,-51
116900258,1,23,-22
116900259,163,5,158
116900260,1,2,-1
116900261,34,2,32
116900262,41,27,14
116900263,0,2,-2
116900264,0,1,-1
116900265,83,0,83
116900266,1,1,0
116900267,0,0,0
116900268,6,157,-151
116900269,194,295,-101
116900271,154,275,-121
116900272,77,117,-40
116900273,13,49,-36
116900274,62,16,46
116900275,113,18,95
116900276,144,188,-44
116900277,72,8,64
116900278,0,0,0
116900279,0,11,-11
116900280,8,6,2
116900281,1398,3756,-2358
116900282,1,61,-60
116900283,3,6,-3
116900284,14,58,-44
116900285,22,122,-100
116900286,32,1,31
116900287,1,6,-5
116900288,113,36,77
116900289,13,0,13
116900290,27,0,27
116900291,33,13,20
116900292,0,17,-17
116900293,49,0,49
116900294,0,31,-31
116900295,65,257,-192
116900296,19,26,-7
116900297,0,27,-27
116900298,3,146,-143
116900299,0,522,-522
116900300,0,21,-21
116900301,40,62,-22
116900302,11,49,-38
116900303,89,56,33
116900304,0,73,-73
116900305,0,8,-8
116900306,197,36,161
116900307,117,0,117
116900308,0,17,-17
116900309,219,29,190
117000001,1797,1444,353
117000002,1334,1630,-296
117000003,3673,1292,2381
117000004,1334,1760,-426
117000005,2459,817,1642
117000006,576,1079,-503
117000007,3903,744,3159
117000008,652,1158,-506
117000009,2314,687,1627
117000010,574,761,-187
117000011,2092,449,1643
117000012,1276,492,784
117000013,1667,411,1256
117000014,1032,1661,-629
117000015,1606,878,728
117000016,119,207,-88
117000017,66,267,-201
117000018,15,704,-689
117000019,19,137,-118
117000020,225,1520,-1295
117000021,701,492,209
117000022,107,238,-131
117000023,46,311,-265
117000024,42,169,-127
117000025,207,1441,-1234
117000026,826,1510,-684
117000027,337,1097,-760
117000028,248,333,-85
117000030,158,200,-42
117000031,200,113,87
117000032,729,1059,-330
117000033,752,439,313
117000034,117,177,-60
117000035,150,51,99
117000036,232,218,14
117000037,181,72,109
117000038,124,341,-217
117000039,121,137,-16
117000040,35,240,-205
117000041,966,19,947
117000044,2,262,-260
117000045,549,113,436
117000046,190,525,-335
117000047,541,565,-24
117000048,766,464,302
117000049,8,141,-133
117000050,125,566,-441
117000051,2004,16,1988
117000052,55,109,-54
117000053,875,3,872
117000054,1182,7,1175
117000055,6,518,-512
117000056,505,16,489
117000057,168,695,-527
117000060,282,550,-268
117000061,1651,794,857
117000062,177,439,-262
117000063,925,504,421
117000064,336,237,99
117000066,172,242,-70
117000067,66,321,-255
117000074,8,42,-34
117000076,2,7,-5
117000077,34,30,4
117000078,134,165,-31
117000079,95,50,45
117000080,0,233,-233
117000081,197,36,161
117000082,41,47,-6
117000083,42,1,41
117000084,93,0,93
117000085,190,315,-125
117000086,257,167,90
117000087,52,211,-159
117000088,270,42,228
117000089,1946,94,1852
117000090,217,301,-84
117000091,968,47,921
117000092,221,367,-146
117000093,1545,92,1453
117000094,379,510,-131
117000095,2332,99,2233
117000096,346,659,-313
117000097,1280,345,935
117000098,811,1112,-301
117000099,3573,431,3142
117000100,156,163,-7
117000101,63,199,-136
117000102,1490,163,1327
117000103,154,370,-216
117000104,1536,168,1368
117000105,225,531,-306
117000106,1622,164,1458
117000107,207,492,-285
117000108,2147,557,1590
117000109,456,782,-326
117000110,1237,1042,195
117000111,2308,2376,-68
117000112,2358,616,1742
117000113,26,54,-28
117000114,229,31,198
117000115,24,26,-2
117000116,198,37,161
117000117,771,644,127
117000118,150,223,-73
117000119,42,302,-260
117000120,3,313,-310
117000121,5,347,-342
117000122,393,680,-287
117000123,355,49,306
117000124,35,33,2
117000125,25,368,-343
117000126,13,8,5
117000127,40,139,-99
117000128,44,189,-145
117000129,87,594,-507
117000130,137,1,136
117000131,1,49,-48
117000132,2448,46,2402
117000133,2733,15,2718
117000134,0,0,0
117000135,1,35,-34
117000136,0,9,-9
117000137,275,52,223
117000138,0,0,0
117000140,135,324,-189
117000141,1658,114,1544
117000181,49,62,-13
117000182,600,801,-201
117000195,14,228,-214
117000196,421,150,271
117000225,4,56,-52
117000226,1,78,-77
117000276,383,19,364
117000277,0,139,-139
117000310,610,2026,-1416
117000315,35,316,-281
117000320,56,1,55
117000906,594,11,583
117000907,0,64,-64
117000909,48,80,-32
117000910,208,59,149
117000911,22,39,-17
117000915,2,138,-136
117000916,81,0,81
117000917,957,25,932
117000918,118,17,101
117000919,1,22,-21
117000920,1,310,-309
117000921,0,288,-288
117000922,3,8,-5
117000924,884,574,310
117000926,249,94,155
117000927,62,174,-112
117000928,0,33,-33
117000929,358,84,274
117000930,345,4,341
117000931,61,74,-13
117900002,54,378,-324
117900003,31,16,15
117900005,0,56,-56
117900006,0,68,-68
117900007,84,23,61
117900008,0,13,-13
117900010,257,93,164
117900011,0,164,-164
117900012,14,10,4
117900013,1,64,-63
117900014,449,151,298
117900015,5,89,-84
117900016,267,598,-331
117900017,532,299,233
117900018,162,182,-20
117900019,550,106,444
117900020,23,49,-26
117900021,27,40,-13
117900023,663,25,638
117900024,42,63,-21
117900025,6,0,6
117900026,378,107,271
117900028,8,3,5
117900029,216,303,-87
117900030,97,211,-114
117900031,121,84,37
117900032,685,171,514
117900033,262,189,73
117900034,23,9,14
117900035,160,24,136
117900036,192,121,71
117900037,160,14,146
117900038,21,24,-3
117900039,0,11,-11
117900040,21,24,-3
117900041,0,14,-14
117900042,795,178,617
117900043,1,8,-7
117900044,2,2550,-2548
117900045,106,47,59
117900048,181,40,141
117900049,186,404,-218
117900050,2,80,-78
117900051,15,0,15
117900052,31,488,-457
117900053,1328,71,1257
117900054,0,8,-8
117900055,171,53,118
117900056,2,17,-15
117900057,367,277,90
117900058,3,25,-22
117900059,36,71,-35
117900060,1649,555,1094
117900061,3,149,-146
117900063,421,85,336
117900065,113,273,-160
117900066,7,113,-106
117900067,455,53,402
117900069,495,55,440
117900070,28,197,-169
117900071,113,32,81
117900073,523,25,498
117900074,27,54,-27
117900075,96,19,77
117900076,5,65,-60
117900077,414,11,403
117900078,373,197,176
117900080,132,33,99
117900081,92,93,-1
117900082,516,113,403
117900083,522,282,240
117900086,172,29,143
117900087,132,10,122
117900088,284,239,45
117900089,1658,302,1356
117900090,339,351,-12
117900091,216,23,193
117900092,153,18,135
117900093,156,4,152
117900094,14,48,-34
117900095,377,747,-370
117900096,130,121,9
117900097,124,3,121
117900098,61,7,54
117900099,144,1748,-1604
117900100,382,0,382
117900101,513,1846,-1333
117900102,50,4,46
117900103,80,0,80
117900104,1,810,-809
117900105,46,58,-12
117900106,71,10,61
117900107,39,0,39
117900109,862,552,310
117900110,133,0,133
117900111,611,36,575
117900112,38,3,35
117900113,519,1625,-1106
117900114,27,0,27
117900115,4,78,-74
117900116,288,218,70
117900117,612,156,456
117900118,104,0,104
117900119,272,13,259
117900120,281,2,279
117900121,74,12,62
117900122,163,3491,-3328
117900123,486,221,265
117900124,68,139,-71
117900125,878,332,546
117900126,19,160,-141
117900127,307,68,239
117900128,251,173,78
117900129,55,0,55
117900130,334,107,227
117900131,0,19,-19
117900132,15,13,2
117900133,9,16,-7
117900134,37,16,21
117900135,2,50,-48
117900136,0,5,-5
117900137,1,27,-26
117900138,0,7,-7
117900139,13,9,4
117900140,4961,405,4556
117900141,30,134,-104
117900142,35,260,-225
117900144,7,59,-52
117900145,0,59,-59
117900146,65,216,-151
117900147,66,41,25
117900148,931,1290,-359
117900149,31,19,12
117900150,49,24,25
117900151,19,82,-63
117900152,15,41,-26
117900153,14,109,-95
117900154,304,204,100
117900156,283,173,110
117900157,59,146,-87
117900158,370,19,351
117900160,639,376,263
117900161,339,345,-6
117900162,493,222,271
117900163,32,415,-383
117900165,1,2,-1
117900166,2,84,-82
117900168,114,54,60
117900169,0,14,-14
117900170,2,6,-4
117900171,1,2,-1
117900172,4,5,-1
117900173,22,7,15
117900174,1,3,-2
117900175,3,2,1
117900176,1,9,-8
117900177,1,1,0
117900178,4,3,1
117900180,36,17,19
117900181,5,471,-466
117900182,0,69,-69
117900183,104,59,45
117900184,34,11,23
117900185,85,0,85
117900186,54,7,47
117900187,31,1,30
117900188,50,13,37
117900189,38,6,32
117900190,59,0,59
117900191,50,0,50
117900192,139,0,139
117900193,47,55,-8
117900194,2,2,0
117900195,2,32,-30
117900196,3,20,-17
117900207,1,67,-66
117900208,11,10,1
117900209,101,29,72
117900210,11,3,8
117900211,0,13,-13
117900212,90,47,43
117900213,18,0,18
117900214,1,0,1
117900215,8,62,-54
117900216,6,39,-33
117900217,28,39,-11
117900218,45,58,-13
117900219,0,78,-78
117900220,13,62,-49
117900222,82,28,54
117900223,46,191,-145
118000001,299,827,-528
118000002,241,515,-274
118000003,1057,2083,-1026
118000004,826,1117,-291
118000005,1414,1367,47
118000006,748,1647,-899
118000007,2675,5089,-2414
118000008,627,2837,-2210
118000009,794,1791,-997
118000010,1244,1894,-650
118000011,1214,403,811
118000012,395,384,11
118000013,884,794,90
118000014,816,600,216
118000016,101,145,-44
118000017,395,243,152
118000018,147,119,28
118000019,681,1081,-400
118000020,246,1173,-927
118000021,178,1301,-1123
118000022,596,290,306
118000023,212,98,114
118000024,325,334,-9
118000027,3328,3154,174
118000029,476,510,-34
118000032,155,950,-795
118000033,989,2039,-1050
118000034,1073,1125,-52
118000035,844,888,-44
118000036,400,484,-84
118000037,295,460,-165
118000038,330,39,291
118000039,71,27,44
118000040,818,559,259
118000041,1184,597,587
118000045,75,140,-65
118000046,211,527,-316
118000047,146,789,-643
118000048,400,1071,-671
118000051,497,1789,-1292
118000052,196,870,-674
118000053,90,465,-375
118000054,1179,665,514
118000055,710,755,-45
118000056,54,228,-174
118000057,34,260,-226
118000058,665,1926,-1261
118000059,407,1751,-1344
118000060,543,247,296
118000061,532,628,-96
118000062,262,85,177
118000063,148,695,-547
118000064,232,689,-457
118000065,947,585,362
118000066,628,1473,-845
118000067,273,331,-58
118000068,280,5569,-5289
118000069,494,662,-168
118000070,1534,1245,289
118000071,1224,4846,-3622
118000072,356,2552,-2196
118000073,260,1302,-1042
118000074,210,975,-765
118000075,348,1044,-696
118000076,871,3182,-2311
118000077,445,611,-166
118000078,991,971,20
118000079,57,184,-127
118000080,261,234,27
118000081,691,593,98
118000082,76,533,-457
118000083,694,789,-95
118000084,455,814,-359
118000086,217,288,-71
118000087,1868,1282,586
118000088,574,599,-25
118000089,1548,1806,-258
118000090,583,1444,-861
118000091,592,2088,-1496
118000092,251,177,74
118000093,80,383,-303
118000096,332,231,101
118000097,174,223,-49
118000098,145,75,70
118000099,366,97,269
118000101,1016,158,858
118000102,273,277,-4
118000107,498,123,375
118000108,171,2250,-2079
118000110,0,5,-5
118000111,0,28,-28
118000112,821,4,817
118000113,2,70,-68
118000114,552,2,550
118000115,0,5,-5
118000116,14,0,14
118000117,274,392,-118
118000118,584,590,-6
118000119,575,622,-47
118000120,438,444,-6
118000121,2,111,-109
118000122,151,55,96
118000123,65,73,-8
118000125,473,877,-404
118000126,274,1127,-853
118000127,400,418,-18
118000128,223,1045,-822
118000129,514,271,243
118000130,773,1478,-705
118000131,160,368,-208
118000132,1756,1511,245
118000133,856,533,323
118000135,267,305,-38
118000136,50,177,-127
118000137,215,52,163
118000138,232,132,100
118000139,248,66,182
118000140,1653,4864,-3211
118000141,1998,1139,859
118000142,1521,713,808
118000143,1865,842,1023
118000144,320,201,119
118000145,478,462,16
118000146,635,172,463
118000147,453,411,42
118000148,476,890,-414
118000149,363,179,184
118000150,573,70,503
118000151,495,94,401
118000153,1278,393,885
118000154,1206,633,573
118000155,1611,533,1078
118000156,1047,1330,-283
118000157,383,115,268
118000158,103,363,-260
118000159,53,63,-10
118000160,491,156,335
118000161,344,151,193
118000162,540,568,-28
118000163,721,684,37
118000164,1378,888,490
118000168,171,327,-156
118000169,344,336,8
118000170,1114,1108,6
118000171,168,129,39
118000172,93,84,9
118000173,431,766,-335
118000175,58,100,-42
118000176,156,173,-17
118000177,143,219,-76
118000178,1,23,-22
118000179,480,285,195
118000180,448,223,225
118000181,267,56,211
118000182,92,60,32
118000183,102,73,29
118000184,903,255,648
118000185,178,653,-475
118000186,113,529,-416
118000187,1121,114,1007
118000188,619,18,601
118000189,596,30,566
118000190,7,3,4
118000191,1,7,-6
118000192,4,55,-51
118000193,9,156,-147
118000194,609,522,87
118000195,82,654,-572
118000196,7,124,-117
118000197,14,679,-665
118000198,179,1249,-1070
118000199,133,917,-784
118000200,15,150,-135
118000201,79,327,-248
118000202,10,119,-109
118000203,85,629,-544
118000204,19,237,-218
118000205,16,96,-80
118000206,79,96,-17
118000207,0,21,-21
118000208,716,846,-130
118000209,1287,408,879
118000210,156,13,143
118000211,91,44,47
118000213,148,1655,-1507
118000214,34,176,-142
118000215,300,41,259
118000216,3283,612,2671
118000217,4,26,-22
118000218,29,7,22
118000219,75,45,30
118000220,4,21,-17
118000221,266,327,-61
118000222,60,0,60
118000223,29,9,20
118000224,42,20,22
118000225,54,235,-181
118000226,754,72,682
118000227,141,142,-1
118000228,8,86,-78
118000229,21,68,-47
118000230,55,91,-36
118000231,13,98,-85
118000232,341,117,224
118000233,933,287,646
118000234,259,35,224
118000236,161,100,61
118000237,124,61,63
118000238,118,31,87
118000239,173,164,9
118000240,53,56,-3
118000241,108,37,71
118000242,168,72,96
118000243,101,72,29
118000244,61,27,34
118000246,0,6,-6
118000255,14,125,-111
118000256,93,67,26
118000259,1,41,-40
118000260,147,27,120
118000261,13,23,-10
118000263,51,38,13
118000266,40,68,-28
118000267,0,11,-11
118000268,49,0,49
118000270,57,8,49
118000271,242,40,202
118000272,16,9,7
118000273,125,13,112
118000274,44,31,13
118000276,314,67,247
118000295,21,46,-25
118000298,13,43,-30
118000299,5,39,-34
118000301,0,15,-15
118000302,33,6,27
118000311,811,5,806
118000312,250,54,196
118000313,39,20,19
118000314,84,13,71
118000315,11,4,7
118000316,645,171,474
118000325,50,0,50
118000326,27,10,17
118000331,73,2,71
118000332,7,3,4
118000333,22,7,15
118000335,341,1,340
118000336,0,42,-42
118000407,184,23,161
118000457,0,26,-26
118000465,387,1079,-692
118000480,9,11,-2
118000489,1,226,-225
118000490,4,105,-101
118000492,571,49,522
118000510,0,1,-1
118000514,12,107,-95
118000515,203,564,-361
118000517,57,64,-7
118000524,149,169,-20
118000525,87,218,-131
118000530,25,81,-56
118000531,270,85,185
118000532,41,78,-37
118000533,79,59,20
118000534,300,103,197
118000535,355,25,330
118000536,18,200,-182
118000537,14,14,0
118000538,2,20,-18
118000539,1,41,-40
118000540,88,35,53
118000541,44,40,4
118000542,29,84,-55
118000543,61,66,-5
118000546,63,9,54
118000553,0,0,0
118000557,0,0,0
118000560,267,901,-634
118000562,52,8,44
118000563,817,430,387
118000576,62,41,21
118000577,98,62,36
118000578,74,17,57
118000579,193,710,-517
118000583,0,0,0
118000595,163,25,138
118000596,0,38,-38
118000597,91,28,63
118000598,0,0,0
118000599,211,8,203
118000600,0,6,-6
118000601,1,0,1
118000602,0,10,-10
118000603,0,1,-1
118000605,35,18,17
118900001,378,275,103
118900002,275,304,-29
118900003,323,4,319
118900004,37,8,29
118900005,44,5,39
118900006,49,2,47
118900007,0,0,0
118900008,447,3,444
118900009,65,75,-10
118900010,48,0,48
118900011,43,4,39
118900012,74,53,21
118900013,155,175,-20
118900015,215,3,212
118900016,2,2,0
118900017,7,50,-43
118900018,439,41,398
118900019,0,1,-1
118900020,2,36,-34
118900021,77,194,-117
118900022,68,25,43
118900023,4,38,-34
118900024,64,23,41
118900025,19,32,-13
118900026,41,9,32
118900027,190,109,81
118900028,145,78,67
118900029,128,73,55
118900030,561,13,548
118900031,14,20,-6
118900032,97,24,73
118900033,156,180,-24
118900034,150,24,126
118900035,27,23,4
118900036,830,165,665
118900037,104,240,-136
118900038,378,31,347
118900039,400,65,335
118900040,175,56,119
118900041,338,97,241
118900042,72,39,33
118900045,55,103,-48
118900046,277,204,73
118900047,154,252,-98
118900048,41,243,-202
118900049,7,4,3
118900050,13,6,7
118900051,27,31,-4
118900052,60,199,-139
118900053,1,16,-15
118900054,141,26,115
118900055,72,11,61
118900056,7,45,-38
118900057,403,192,211
118900058,143,110,33
118900059,2,31,-29
118900060,107,28,79
118900062,65,51,14
118900064,70,240,-170
118900065,12,71,-59
118900066,37,26,11
118900067,1262,2811,-1549
118900068,2,124,-122
118900069,430,44,386
118900071,0,3,-3
118900072,165,115,50
118900073,176,50,126
118900074,24,14,10
118900075,54,4,50
118900076,130,10,120
118900077,151,106,45
118900078,11,1,10
118900079,17,5,12
118900080,20,8,12
118900081,19,15,4
118900082,848,88,760
118900083,12,11,1
118900084,3,0,3
118900085,213,117,96
118900086,19,25,-6
118900087,65,352,-287
118900088,0,0,0
118900089,2,14,-12
118900090,74,31,43
118900091,132,69,63
118900092,110,21,89
118900093,12,1,11
118900096,17,8,9
118900097,51,98,-47
118900099,11,24,-13
118900100,14,39,-25
118900101,103,39,64
118900102,22,12,10
118900103,5,29,-24
118900104,88,21,67
118900105,25,21,4
118900107,17,21,-4
118900108,11,34,-23
118900110,329,528,-199
118900111,101,80,21
118900112,85,42,43
118900113,28,51,-23
118900114,1,8,-7
118900115,27,82,-55
118900116,53,24,29
118900117,66,44,22
118900118,126,61,65
118900119,58,73,-15
118900120,18,79,-61
118900121,11,359,-348
118900122,1,292,-291
118900123,53,25,28
118900124,53,36,17
118900126,15,81,-66
118900129,129,48,81
118900130,0,35,-35
118900131,157,59,98
118900132,173,56,117
118900133,3,34,-31
118900135,67,80,-13
118900136,179,88,91
118900137,5,20,-15
118900139,115,84,31
118900140,302,138,164
118900141,29,25,4
118900144,113,99,14
118900145,0,58,-58
118900146,118,144,-26
118900147,21,122,-101
118900148,21,9,12
118900150,45,176,-131
118900152,347,141,206
118900157,11,61,-50
118900158,125,5,120
118900159,0,31,-31
118900161,16,21,-5
118900163,23,14,9
118900164,0,8,-8
118900165,15,53,-38
118900166,2,0,2
118900167,11,17,-6
118900168,2,28,-26
118900169,55,67,-12
118900170,131,5,126
118900171,30,0,30
118900174,15,0,15
118900175,396,161,235
118900176,117,79,38
118900177,66,2,64
118900178,32,12,20
118900179,2,3,-1
118900181,35,6,29
118900182,2,3,-1
118900183,9,34,-25
118900184,35,12,23
118900185,44,3,41
118900186,55,18,37
118900187,71,109,-38
118900188,102,121,-19
118900189,4,313,-309
118900190,8,28,-20
118900191,290,9,281
118900192,293,7,286
118900193,859,5,854
118900195,90,91,-1
118900196,16,19,-3
118900197,242,5,237
118900198,37,1,36
118900199,61,6,55
118900200,24,7,17
118900201,2,13,-11
118900202,3,28,-25
118900203,4,2,2
118900204,2,15,-13
118900205,0,1,-1
118900206,0,4,-4
119000001,1084,606,478
119000002,2146,1338,808
119000003,2316,316,2000
119000004,1702,963,739
119000005,1349,1336,13
119000006,2770,1029,1741
119000007,2502,2422,80
119000008,737,491,246
119000009,1458,3936,-2478
119000010,1859,2701,-842
119000011,1511,1310,201
119000012,623,1616,-993
119000013,2346,1301,1045
119000014,802,1222,-420
119000019,118,37,81
119000020,1423,1070,353
119000021,3103,2138,965
119000022,513,1592,-1079
119000023,131,141,-10
119000024,843,10756,-9913
119000025,1388,584,804
119000026,11,502,-491
119000027,69,274,-205
119000028,872,314,558
119000029,16,109,-93
119000030,379,454,-75
119000031,462,299,163
119000032,505,794,-289
119000033,1114,662,452
119000034,714,244,470
119000035,10,92,-82
119000036,1469,176,1293
119000037,911,380,531
119000038,95,266,-171
119000039,458,224,234
119000040,269,510,-241
119000041,336,799,-463
119000048,1163,754,409
119000049,1301,659,642
119000050,658,793,-135
119000051,1162,406,756
119000052,867,950,-83
119000053,1271,498,773
119000054,1663,450,1213
119000055,3087,818,2269
119000056,2537,666,1871
119000057,885,358,527
119000058,584,382,202
119000059,418,313,105
119000060,1068,243,825
119000061,248,231,17
119000062,533,308,225
119000063,334,256,78
119000064,170,313,-143
119000065,615,938,-323
119000066,1057,545,512
119000067,786,482,304
119000068,1146,206,940
119000069,957,360,597
119000070,2018,394,1624
119000071,102,129,-27
119000072,1405,907,498
119000073,2063,3794,-1731
119000074,970,538,432
119000075,2740,758,1982
119000076,76,151,-75
119000077,355,180,175
119000078,271,34,237
119000079,165,173,-8
119000080,468,47,421
119000081,208,61,147
119000082,393,39,354
119000083,329,142,187
119000084,212,93,119
119000085,215,40,175
119000086,170,159,11
119000087,256,146,110
119000088,209,38,171
119000089,65,59,6
119000090,58,44,14
119000091,51,139,-88
119000092,53,97,-44
119000093,1518,891,627
119000094,2809,1909,900
119000095,1285,1419,-134
119000097,567,466,101
119000098,599,2662,-2063
119000099,838,389,449
119000100,2705,1450,1255
119000101,1519,753,766
119000102,68,743,-675
119000103,385,266,119
119000104,370,174,196
119000105,484,1301,-817
119000106,185,179,6
119000107,1013,240,773
119000108,324,213,111
119000109,57,178,-121
119000110,52,71,-19
119000111,8,225,-217
119000112,55,15,40
119000113,228,58,170
119000114,298,588,-290
119000115,26,92,-66
119000116,32,72,-40
119000117,16,147,-131
119000118,4,0,4
119000123,473,1516,-1043
119000124,633,110,523
119000125,2810,252,2558
119000126,1364,332,1032
119000127,507,123,384
119000128,44,1,43
119000131,744,88,656
119000132,0,0,0
119000133,0,5,-5
119000134,506,310,196
119000135,154,77,77
119000136,164,29,135
119000137,220,35,185
119000138,530,66,464
119000139,55,23,32
119000140,84,71,13
119000284,412,921,-509
119000285,633,453,180
119000286,1582,1053,529
119000287,730,563,167
119000288,1037,310,727
119000289,486,632,-146
119000290,102,166,-64
119000291,7,138,-131
119000293,130,158,-28
119000294,23,25,-2
119000295,432,126,306
119000296,259,41,218
119000297,0,0,0
119000299,0,0,0
119000302,667,666,1
119000303,12,69,-57
119000314,724,7559,-6835
119000315,0,42,-42
119000316,109,15,94
119000317,38,45,-7
119900001,53,437,-384
119900002,76,31,45
119900003,4,86,-82
119900004,27,1149,-1122
119900005,145,42,103
119900006,60,133,-73
119900007,228,117,111
119900008,19,15,4
119900009,161,52,109
119900010,203,204,-1
119900011,14,147,-133
119900012,0,75,-75
119900013,599,518,81
119900014,251,43,208
119900015,220,10,210
119900016,21,12,9
119900017,42,13,29
119900018,467,900,-433
119900019,25,0,25
119900020,62,28,34
119900021,38,3,35
119900022,19,531,-512
119900023,153,1463,-1310
119900025,232,1,231
119900026,160,57,103
119900027,1,6,-5
119900028,110,104,6
119900029,0,0,0
119900030,204,59,145
119900031,24,475,-451
119900033,280,98,182
119900034,455,10,445
119900037,184,3,181
119900038,4,158,-154
119900039,65,47,18
119900040,64,9,55
119900041,127,5,122
119900042,11,17,-6
119900043,64,25,39
119900044,49,445,-396
119900046,125,15,110
119900047,138,142,-4
119900048,243,1,242
119900049,123,0,123
119900050,48,72,-24
119900051,911,5,906
119900052,70,17,53
119900053,134,40,94
119900054,186,5,181
119900055,645,170,475
119900057,307,27,280
119900058,220,5,215
119900059,21,2,19
119900060,375,10,365
119900061,423,5,418
119900062,60,2,58
119900063,0,19,-19
119900065,260,0,260
119900067,49,6,43
119900068,509,2,507
119900069,83,4,79
119900070,473,1,472
119900071,608,10,598
119900073,384,66,318
119900074,6,76,-70
119900075,697,1039,-342
119900076,564,114,450
119900077,974,160,814
119900078,473,188,285
119900079,357,41,316
119900080,243,115,128
119900081,655,35,620
119900082,1338,135,1203
119900083,146,66,80
119900084,141,29,112
119900085,9,22,-13
119900086,245,136,109
119900087,55,92,-37
119900088,18,17,1
119900089,13,43,-30
119900090,33,13,20
119900091,4,133,-129
119900092,4,63,-59
119900093,273,67,206
119900094,4,50,-46
119900095,34,18,16
119900096,57,15,42
119900097,34,93,-59
119900098,23,0,23
119900099,8,40,-32
119900100,319,1068,-749
119900101,42,268,-226
119900102,33,14,19
119900103,25,42,-17
119900104,47,23,24
119900105,165,497,-332
119900106,0,56,-56
119900107,37,610,-573
119900108,1040,240,800
119900109,2,84,-82
119900110,173,77,96
119900111,88,19,69
119900112,495,388,107
119900113,24,79,-55
119900114,103,121,-18
119900115,284,124,160
119900116,15,104,-89
119900117,69,92,-23
119900118,62,108,-46
119900119,98,25,73
119900120,163,110,53
119900121,301,139,162
119900122,12,40,-28
119900123,21,49,-28
119900124,91,171,-80
119900125,1,67,-66
119900126,573,82,491
119900127,203,149,54
119900128,212,121,91
119900129,141,41,100
119900130,0,23,-23
119900131,13,31,-18
119900132,1,27,-26
119900133,36,14,22
119900134,165,21,144
119900135,0,40,-40
119900136,22,34,-12
119900138,51,51,0
119900139,4,22,-18
119900140,1,12,-11
119900141,21,365,-344
119900142,1,21,-20
119900143,0,90,-90
119900144,366,40,326
119900145,8,18,-10
119900146,21,31,-10
119900147,1,80,-79
119900148,276,5,271
119900149,139,2490,-2351
119900150,42,15,27
119900151,392,397,-5
119900152,79,34,45
119900153,120,18,102
119900154,8,104,-96
119900155,4,5,-1
119900156,1,0,1
119900157,129,40,89
119900158,120,40,80
119900159,1,144,-143
119900160,19,19,0
119900161,68,50,18
119900162,571,303,268
119900163,27,39,-12
119900164,0,0,0
119900165,102,38,64
119900166,87,9,78
119900167,0,10,-10
119900168,501,93,408
119900169,2,149,-147
119900170,45,33,12
119900171,175,128,47
119900172,29,6,23
119900173,2,38,-36
119900174,0,5,-5
119900175,1182,95,1087
119900177,4,32,-28
119900178,22,41,-19
119900179,69,686,-617
119900180,551,146,405
119900181,4,21,-17
119900182,0,40,-40
119900183,37,244,-207
119900184,247,69,178
119900185,22,156,-134
119900186,4,777,-773
119900187,2,60,-58
119900188,69,75,-6
119900189,47,95,-48
119900190,26,173,-147
119900191,56,59,-3
119900192,13,58,-45
119900193,434,76,358
119900194,55,8,47
119900195,3,46,-43
119900196,69,56,13
119900197,171,56,115
119900198,34,78,-44
119900199,55,0,55
119900200,382,131,251
119900201,51,34,17
119900202,5,63,-58
119900203,52,214,-162
119900204,49,43,6
119900205,610,38,572
119900206,213,37,176
119900208,47,20,27
119900209,249,630,-381
119900210,30,8,22
119900211,25,0,25
119900212,337,138,199
119900213,7,40,-33
119900214,41,12,29
119900215,25,3,22
119900216,18,7,11
119900217,1,10,-9
119900218,25,12,13
119900219,3,7,-4
119900220,1,23,-22
119900221,0,30,-30
119900222,0,39,-39
119900223,0,6,-6
119900224,3,5,-2
119900225,143,11,132
119900226,79,928,-849
119900227,159,66,93
119900228,10,103,-93
119900229,26,54,-28
119900230,304,92,212
119900231,262,7,255
119900232,116,15,101
119900233,74,7,67
119900234,4,18,-14
119900235,3,9,-6
119900236,8,15,-7
119900237,10,121,-111
119900238,0,19,-19
119900240,36,39,-3
119900241,85,69,16
119900242,466,295,171
119900244,140,260,-120
119900245,43,107,-64
119900246,52,114,-62
119900247,1,12,-11
119900248,7,166,-159
119900249,140,17,123
119900253,432,226,206
119900254,47,533,-486
119900255,42,146,-104
119900256,740,201,539
119900257,90,8,82
119900258,98,3,95
119900259,7,30,-23
119900260,169,10,159
119900261,155,12,143
119900262,0,16,-16
119900263,445,77,368
119900264,114,16,98
119900265,387,25,362
119900266,212,17,195
119900267,46,62,-16
119900268,82,19,63
119900269,442,128,314
119900271,4,4,0
119900272,13,45,-32
119900275,109,2,107
119900276,44,1,43
119900277,23,2,21
119900278,66,40,26
119900279,25,89,-64
119900280,151,11,140
119900281,1,140,-139
119900282,9,54,-45
119900283,8,28,-20
119900284,31,66,-35
119900285,1,51,-50
119900286,0,2,-2
119900288,0,0,0
119900289,7,1,6
119900290,0,0,0
119900291,0,8,-8
119900292,16,32,-16
119900293,27,20,7
119900294,12,61,-49
119900295,23,29,-6
119900296,25,27,-2
119900297,0,13,-13
119900298,0,2,-2
119900299,13,27,-14
119900300,139,45,94
119900301,2,77,-75
119900302,2,11,-9
119900303,182,41,141
119900304,141,1,140
119900305,0,8,-8
119900306,3,6,-3
119900307,58,6,52
119900308,0,3,-3
119900309,21,130,-109
119900310,70,39,31
119900311,113,18,95
119900312,70,15,55
119900313,40,48,-8
119900314,131,171,-40
119900315,1264,462,802
119900318,9,61,-52
119900319,46,53,-7
119900320,159,56,103
119900321,96,1,95
120000001,4195,15129,-10934
120000002,1292,959,333
120000003,958,412,546
120000004,1193,464,729
120000005,1173,491,682
120000006,623,316,307
120000007,1172,1798,-626
120000008,433,333,100
120000009,776,384,392
120000010,1059,848,211
120000011,630,505,125
120000012,829,788,41
120000013,2128,1463,665
120000014,394,569,-175
120000015,1478,712,766
120000016,2507,1414,1093
120000017,2197,1828,369
120000018,1874,9915,-8041
120000019,642,567,75
120000020,1067,1487,-420
120000021,922,655,267
120000022,2215,2642,-427
120000023,1022,764,258
120000024,749,884,-135
120000025,1961,784,1177
120000026,2630,1225,1405
120000027,1649,1431,218
120000028,369,451,-82
120000029,382,408,-26
120000030,90,373,-283
120000031,818,2079,-1261
120000032,2019,953,1066
120000033,2094,423,1671
120000034,2137,393,1744
120000035,1840,526,1314
120000036,1593,2000,-407
120000037,411,1011,-600
120000038,1253,1017,236
120000039,190,510,-320
120000040,23,341,-318
120000041,302,477,-175
120000042,1056,550,506
120000043,2995,379,2616
120000044,4491,853,3638
120000045,5696,473,5223
120000046,4203,2618,1585
120000047,175,3519,-3344
120000048,3769,1848,1921
120000049,2623,1126,1497
120000050,1717,1626,91
120000051,1246,1848,-602
120000052,3148,675,2473
120000053,629,1041,-412
120000054,545,1656,-1111
120000055,657,1280,-623
120000056,1800,1371,429
120000057,1854,438,1416
120000058,681,524,157
120000059,6,1457,-1451
120000061,47,226,-179
120000062,87,120,-33
120000063,308,627,-319
120000064,209,356,-147
120000065,196,397,-201
120000066,143,140,3
120000067,29,174,-145
120000068,147,161,-14
120000069,386,187,199
120000070,89,213,-124
120000071,880,36,844
120000072,924,218,706
120000073,863,13,850
120000074,39,29,10
120000075,892,110,782
120000076,1895,165,1730
120000077,1691,127,1564
120000078,1363,302,1061
120000079,337,194,143
120000080,80,109,-29
120000081,320,86,234
120000082,454,175,279
120000083,84,625,-541
120000084,71,139,-68
120000085,77,116,-39
120000086,102,106,-4
120000087,103,118,-15
120000088,282,335,-53
120000089,471,114,357
120000090,314,119,195
120000091,933,194,739
120000092,564,110,454
120000093,735,134,601
120000094,179,225,-46
120000095,280,131,149
120000096,228,142,86
120000098,364,179,185
120000099,90,224,-134
120000100,350,192,158
120000101,350,77,273
120000102,380,722,-342
120000103,767,449,318
120000104,1658,113,1545
120000105,1905,81,1824
120000106,2290,106,2184
120000107,4135,143,3992
120000108,1515,44,1471
120000109,912,25,887
120000110,43,356,-313
120000111,44,318,-274
120000112,125,786,-661
120000113,118,587,-469
120000114,125,397,-272
120000115,100,444,-344
120000116,86,405,-319
120000117,195,352,-157
120000118,28,6,22
120000119,2,27,-25
120000120,82,78,4
120000121,7,8,-1
120000122,78,437,-359
120000123,1117,6543,-5426
120000124,214,198,16
120000125,450,223,227
120000126,158,460,-302
120000127,355,211,144
120000128,868,1221,-353
120000129,107,112,-5
120000130,376,162,214
120000131,325,173,152
120000134,97,109,-12
120000135,660,327,333
120000137,179,123,56
120000138,1143,102,1041
120000139,122,81,41
120000140,1019,39,980
120000141,217,130,87
120000142,527,174,353
120000143,1,37,-36
120000144,109,4,105
120000145,405,1,404
120000146,488,703,-215
120000149,183,162,21
120000150,574,6480,-5906
120000151,447,96,351
120000152,752,51,701
120000153,331,92,239
120000154,199,252,-53
120000155,75,129,-54
120000156,235,1050,-815
120000157,635,96,539
120000158,462,116,346
120000159,750,572,178
120000160,1099,1195,-96
120000161,2189,1431,758
120000162,125,206,-81
120000163,526,121,405
120000164,521,49,472
120000165,686,127,559
120000166,1536,118,1418
120000167,14,66,-52
120000168,2,156,-154
120000169,2,320,-318
120000170,9,249,-240
120000171,0,66,-66
120000172,5,114,-109
120000173,72,111,-39
120000174,22,28,-6
120000175,22,44,-22
120000176,14,19,-5
120000177,212,80,132
120000178,14,9,5
120000179,16,11,5
120000180,39,7,32
120000181,1,263,-262
120000182,6,317,-311
120000183,4,128,-124
120000184,14,332,-318
120000186,15,233,-218
120000187,4,50,-46
120000188,11,44,-33
120000190,72,16,56
120000191,92,29,63
120000192,58,6,52
120000193,67,0,67
120000195,12,1,11
120000196,50,3,47
120000197,7,19,-12
120000198,181,2,179
120000199,280,0,280
120000200,210,0,210
120000201,34,62,-28
120000202,0,18,-18
120000203,46,16,30
120000207,1,12,-11
120000208,4,14,-10
120000209,0,15,-15
120000210,16,6,10
120000211,146,0,146
120000212,239,0,239
120000213,168,63,105
120000214,0,23,-23
120000215,1,10,-9
120000216,99,8,91
120000217,165,205,-40
120000218,9,226,-217
120000219,2,169,-167
120000220,1,455,-454
120000225,2042,1,2041
120000226,541,5,536
120000227,693,24,669
120000228,3040,2186,854
120000230,226,13,213
120000231,1104,181,923
120000233,467,4,463
120000235,91,168,-77
120000236,1100,0,1100
120000237,0,173,-173
120000238,0,94,-94
120000241,997,2173,-1176
120000412,163,5,158
120000413,278,53,225
120000414,289,1,288
120000415,1,22,-21
120000416,83,0,83
120000417,5,22,-17
120000418,280,2,278
120000419,3,18,-15
120000420,4,4,0
120000421,3709,2068,1641
120000422,57,1411,-1354
120000423,2,27,-25
120000424,48,2,46
120000436,87,841,-754
120000437,13,31,-18
120000438,788,156,632
120000439,114,388,-274
120000443,203,0,203
120000444,1404,202,1202
120000445,1300,670,630
120000446,190,89,101
120000447,342,0,342
120000449,160,0,160
120000450,0,14,-14
120000451,77,42,35
120000452,103,2,101
120000453,0,17,-17
120000454,13,18,-5
120000455,90,14,76
120000456,540,2085,-1545
120000457,263,179,84
120000458,165,121,44
120000459,80,23,57
120000665,83,147,-64
120000668,28,392,-364
120000669,97,75,22
120000670,34,261,-227
120000671,988,420,568
120000672,25,114,-89
120900001,143,7,136
120900002,43,84,-41
120900003,30,0,30
120900004,3,61,-58
120900005,12,175,-163
120900006,484,26,458
120900007,24,35,-11
120900008,431,162,269
120900009,94,11,83
120900010,554,83,471
120900011,6,126,-120
120900012,18,831,-813
120900013,308,53,255
120900014,1,132,-131
120900015,859,29,830
120900016,1274,19,1255
120900017,607,82,525
120900018,84,101,-17
120900019,220,231,-11
120900020,223,287,-64
120900021,448,31,417
120900022,0,73,-73
120900023,507,38,469
120900024,569,146,423
120900025,493,271,222
120900026,40,58,-18
120900027,102,11,91
120900028,498,93,405
120900029,6,719,-713
120900030,1673,152,1521
120900031,442,58,384
120900032,1341,76,1265
120900033,1030,32,998
120900034,9,1450,-1441
120900035,7,13,-6
120900037,252,2,250
120900038,28,457,-429
120900039,115,18,97
120900040,381,1,380
120900041,5,15,-10
120900042,344,34,310
120900043,72,13,59
120900044,5,185,-180
120900045,25,29,-4
120900046,850,1,849
120900047,116,166,-50
120900048,80,8,72
120900049,547,1,546
120900050,487,1974,-1487
120900051,267,62,205
120900052,1066,1,1065
120900053,311,19,292
120900054,308,64,244
120900055,651,2,649
120900056,542,9,533
120900057,175,14,161
120900058,759,0,759
120900059,76,1,75
120900060,61,4,57
120900061,94,39,55
120900062,280,3,277
120900063,747,7,740
120900064,756,3,753
120900065,807,2,805
120900066,474,29,445
120900067,135,33,102
120900068,376,0,376
120900069,272,11,261
120900071,12,0,12
120900072,866,4,862
120900073,798,34,764
120900074,762,10,752
120900076,401,1,400
120900077,551,250,301
120900078,743,77,666
120900079,939,65,874
120900080,1007,274,733
120900081,1824,250,1574
120900082,180,171,9
120900083,139,3,136
120900084,271,297,-26
120900085,14,15,-1
120900086,12,357,-345
120900087,453,110,343
120900088,64,495,-431
120900089,662,2738,-2076
120900090,146,21,125
120900091,144,473,-329
120900092,63,116,-53
120900093,633,64,569
120900094,78,51,27
120900095,93,2,91
120900096,28,58,-30
120900097,200,257,-57
120900098,72,28,44
120900099,9,11,-2
120900100,9,49,-40
120900101,39,51,-12
120900102,22,12,10
120900103,30,62,-32
120900104,8,4,4
120900105,0,102,-102
120900106,207,73,134
120900107,142,26,116
120900108,0,141,-141
120900109,6,99,-93
120900110,6,65,-59
120900111,73,69,4
120900112,0,149,-149
120900113,4,128,-124
120900114,4,64,-60
120900115,67,114,-47
120900116,424,94,330
120900117,1,74,-73
120900118,7,115,-108
120900119,1987,936,1051
120900120,2,170,-168
120900121,4,116,-112
120900122,723,75,648
120900123,0,99,-99
120900124,3,115,-112
120900125,0,127,-127
120900126,146,146,0
120900127,1,103,-102
120900128,106,277,-171
120900129,3,73,-70
120900130,1,98,-97
120900131,6,25,-19
120900132,883,72,811
120900133,13,157,-144
120900134,27,119,-92
120900135,15,195,-180
120900136,8,36,-28
120900137,276,19,257
120900138,1,127,-126
120900139,1,148,-147
120900140,0,58,-58
120900141,137,64,73
120900142,0,125,-125
120900143,0,155,-155
120900144,0,75,-75
120900145,33,201,-168
120900146,0,130,-130
120900147,12,0,12
120900148,48,18,30
120900149,0,79,-79
120900150,45,74,-29
120900151,0,38,-38
120900152,2,0,2
120900153,19,0,19
120900154,0,77,-77
120900155,107,143,-36
120900156,143,79,64
120900157,0,0,0
120900158,50,70,-20
120900159,0,22,-22
120900160,3,144,-141
120900161,5,204,-199
120900162,8,150,-142
120900163,7,189,-182
120900164,0,33,-33
120900165,1,72,-71
120900166,5,185,-180
120900167,54,8,46
120900169,46,81,-35
120900170,123,3054,-2931
120900171,270,32,238
120900172,42,424,-382
120900173,0,31,-31
120900174,2,17,-15
120900175,60,22,38
120900176,2,204,-202
120900177,0,1086,-1086
120900178,0,333,-333
120900179,53,43,10
120900180,33,103,-70
120900181,4,14,-10
120900182,2,18,-16
120900183,347,63,284
120900184,36,22,14
120900185,54,469,-415
120900186,0,74,-74
120900187,394,120,274
120900188,251,27,224
120900189,16,1844,-1828
120900190,104,7,97
120900191,40,0,40
120900192,2895,8510,-5615
120900194,51,3,48
120900195,26,41,-15
120900196,64,12,52
120900197,610,14,596
120900198,57,272,-215
120900199,162,213,-51
120900200,9,45,-36
120900201,158,37,121
120900202,0,19,-19
120900203,28,6,22
120900204,37,45,-8
120900205,7,15,-8
120900206,45,18,27
120900207,4,182,-178
121000001,484,540,-56
121000002,769,1057,-288
121000003,2587,1043,1544
121000004,722,1734,-1012
121000005,1660,1988,-328
121000006,1048,1563,-515
121000007,1144,1805,-661
121000008,1550,1931,-381
121000009,2438,3187,-749
121000010,2007,2042,-35
121000011,2265,3166,-901
121000012,4215,1902,2313
121000013,2750,2466,284
121000014,2214,1311,903
121000015,2453,3375,-922
121000016,1434,1118,316
121000017,1083,1383,-300
121000018,1366,770,596
121000019,2891,3719,-828
121000020,4180,7219,-3039
121000021,631,563,68
121000022,869,1531,-662
121000023,846,379,467
121000024,1921,2419,-498
121000025,117,450,-333
121000026,66,63,3
121000027,776,740,36
121000028,338,463,-125
121000029,269,281,-12
121000030,193,258,-65
121000031,140,215,-75
121000032,57,84,-27
121000034,125,175,-50
121000035,45,166,-121
121000036,491,424,67
121000037,226,820,-594
121000038,128,396,-268
121000039,28,128,-100
121000041,131,404,-273
121000042,53,265,-212
121000043,161,587,-426
121000044,342,347,-5
121000045,199,262,-63
121000046,283,371,-88
121000047,20,119,-99
121000049,462,468,-6
121000050,64,1019,-955
121000051,290,139,151
121000052,175,956,-781
121000053,118,113,5
121000054,36,200,-164
121000055,387,675,-288
121000056,330,828,-498
121000057,90,106,-16
121000058,100,54,46
121000059,2142,497,1645
121000060,502,722,-220
121000061,6,337,-331
121000062,28,228,-200
121000063,531,768,-237
121000064,457,425,32
121000065,114,176,-62
121000066,163,274,-111
121000067,224,134,90
121000068,174,392,-218
121000069,84,1018,-934
121000070,325,344,-19
121000071,681,845,-164
121000072,216,185,31
121000073,388,549,-161
121000074,51,136,-85
121000075,5,31,-26
121000076,189,89,100
121000077,46,84,-38
121000078,24,191,-167
121000080,389,186,203
121000081,833,1585,-752
121000082,61,63,-2
121000083,50,62,-12
121000084,101,220,-119
121000085,98,105,-7
121000086,239,233,6
121000087,26,93,-67
121000088,194,160,34
121000089,58,192,-134
121000090,73,209,-136
121000091,460,445,15
121000092,97,8,89
121000093,190,46,144
121000094,118,253,-135
121000095,113,398,-285
121000096,2336,530,1806
121000097,148,704,-556
121000098,214,200,14
121000099,305,149,156
121000100,657,85,572
121000101,158,31,127
121000102,173,46,127
121000103,53,60,-7
121000104,139,14,125
121000105,99,16,83
121000106,80,80,0
121000107,817,1083,-266
121000109,433,688,-255
121000110,76,409,-333
121000114,1248,939,309
121000115,336,174,162
121000116,127,145,-18
121000117,151,53,98
121000118,713,23,690
121000119,205,124,81
121000120,183,393,-210
121000121,328,2316,-1988
121000123,199,174,25
121000127,31,97,-66
121000128,645,77,568
121000129,563,74,489
121000130,201,783,-582
121000131,492,456,36
121000132,156,555,-399
121000135,37,139,-102
121000136,304,945,-641
121000137,158,209,-51
121000138,170,2296,-2126
121000139,45,403,-358
121000141,199,61,138
121000142,173,381,-208
121000143,10,7,3
121000144,220,645,-425
121000145,221,277,-56
121000146,463,518,-55
121000147,605,199,406
121000148,224,278,-54
121000149,930,706,224
121000152,141,132,9
121000153,825,230,595
121000154,556,214,342
121000155,1247,346,901
121000156,140,360,-220
121000157,264,353,-89
121000158,142,161,-19
121000159,130,151,-21
121000160,205,97,108
121000161,123,153,-30
121000162,120,55,65
121000165,339,1195,-856
121000166,8,271,-263
121000168,179,250,-71
121000169,18,61,-43
121000170,132,26,106
121000171,56,90,-34
121000172,410,287,123
121000173,781,641,140
121000174,377,417,-40
121000175,801,199,602
121000176,203,131,72
121000177,275,268,7
121000178,79,19,60
121000179,83,20,63
121000181,24,203,-179
121000182,178,413,-235
121000183,60,277,-217
121000184,21,230,-209
121000185,34,385,-351
121000186,135,582,-447
121000187,185,37,148
121000188,120,22,98
121000192,291,249,42
121000193,307,115,192
121000194,813,937,-124
121000195,152,556,-404
121000196,195,101,94
121000197,40,195,-155
121000198,51,97,-46
121000199,92,82,10
121000200,372,82,290
121000201,6,143,-137
121000202,365,33,332
121000203,337,516,-179
121000204,1835,278,1557
121000205,140,196,-56
121000206,25,60,-35
121000207,1308,639,669
121000208,4,181,-177
121000209,717,66,651
121000210,438,214,224
121000211,155,21,134
121000212,255,304,-49
121000213,5160,1365,3795
121000214,288,903,-615
121000215,475,474,1
121000216,172,346,-174
121000217,1681,2249,-568
121000218,292,763,-471
121000219,652,256,396
121000220,194,79,115
121000221,248,332,-84
121000222,2705,2009,696
121000223,114,430,-316
121000224,46,256,-210
121000225,214,3659,-3445
121000226,576,1414,-838
121000227,15,113,-98
121000228,17,162,-145
121000229,86,206,-120
121000230,69,748,-679
121000231,834,26,808
121000232,210,57,153
121000233,368,141,227
121000234,6,79,-73
121000235,24,82,-58
121000236,1,37,-36
121000237,3,9,-6
121000238,1,19,-18
121000239,16,0,16
121000240,1,27,-26
121000241,49,2,47
121000242,4,148,-144
121000243,96,17,79
121000244,1,31,-30
121000245,25,3,22
121000246,0,55,-55
121000247,110,2,108
121000248,88,271,-183
121000249,65,102,-37
121000250,465,587,-122
121000251,2,228,-226
121000252,42,53,-11
121000253,140,368,-228
121000254,793,231,562
121000255,20,446,-426
121000256,195,299,-104
121000257,2,266,-264
121000258,18,265,-247
121000259,0,177,-177
121000260,3,83,-80
121000261,18,217,-199
121000262,434,264,170
121000263,212,227,-15
121000271,394,616,-222
121000273,26,0,26
121000274,5,136,-131
121000275,6,1,5
121000276,2,110,-108
121000278,36,29,7
121000279,6,35,-29
121000280,6,91,-85
121000289,191,28,163
121000290,344,464,-120
121000294,121,34,87
121000297,105,414,-309
121000299,44,910,-866
121000300,463,257,206
121000302,3,387,-384
121000303,223,91,132
121000304,182,26,156
121000305,122,28,94
121000306,91,56,35
121000308,38,52,-14
121000309,77,107,-30
121000310,48,39,9
121000311,14,105,-91
121000312,283,116,167
121000313,73,56,17
121000314,2,2,0
121000315,2,27,-25
121000530,1028,641,387
121000531,905,684,221
121000532,2250,3217,-967
121000533,1917,1335,582
121000918,32,98,-66
121000919,49,90,-41
121000938,23,92,-69
121000939,39,141,-102
121000956,986,642,344
121000957,22,22,0
121000958,4,82,-78
121000959,794,274,520
121000960,884,510,374
121000961,171,7,164
121000962,121,82,39
121000973,1,197,-196
121000976,0,13,-13
121000979,70,107,-37
121000981,294,15,279
121000982,389,337,52
121000983,296,60,236
121000984,3,23,-20
121000985,614,370,244
121000986,506,85,421
121000987,93,226,-133
121000988,786,45,741
121001302,53,38,15
121001308,0,8,-8
121001309,11,255,-244
121001311,0,0,0
121001313,119,114,5
121001314,505,1121,-616
121001315,2470,1905,565
121001326,143,132,11
121900001,40,146,-106
121900002,34,3,31
121900003,94,7,87
121900004,22,143,-121
121900005,7,1,6
121900006,52,11,41
121900007,1562,640,922
121900008,15,32,-17
121900009,430,73,357
121900010,38,1,37
121900011,236,41,195
121900012,17,1,16
121900013,10,9,1
121900014,605,133,472
121900015,63,58,5
121900016,4,15,-11
121900017,125,230,-105
121900018,144,2,142
121900019,154,32,122
121900020,22,1,21
121900021,576,26,550
121900022,48,56,-8
121900023,35,239,-204
121900024,52,47,5
121900025,215,67,148
121900026,102,21,81
121900027,133,46,87
121900028,117,0,117
121900029,16,320,-304
121900030,146,177,-31
121900031,188,2713,-2525
121900032,30,7,23
121900033,80,125,-45
121900034,159,53,106
121900035,1107,561,546
121900036,54,360,-306
121900037,85,635,-550
121900038,4,5,-1
121900039,116,0,116
121900040,18,15,3
121900041,59,221,-162
121900042,206,52,154
121900043,0,3,-3
121900044,11,23,-12
121900046,47,83,-36
121900047,26,44,-18
121900048,34,16,18
121900050,24,0,24
121900051,72,202,-130
121900052,16,46,-30
121900053,235,128,107
121900054,91,266,-175
121900055,1,8,-7
121900058,108,30,78
121900059,48,31,17
121900060,56,133,-77
121900061,59,1048,-989
121900062,80,78,2
121900063,821,119,702
121900064,158,218,-60
121900066,22,40,-18
121900067,17,1,16
121900069,54,17,37
121900070,48,124,-76
121900071,357,87,270
121900072,13,15,-2
121900073,10,109,-99
121900074,133,251,-118
121900075,181,305,-124
121900076,164,196,-32
121900077,10,0,10
121900078,30,39,-9
121900079,1,0,1
121900080,265,81,184
121900082,22,12,10
121900084,2,3,-1
121900085,2,0,2
121900086,4,26,-22
121900087,12,21,-9
121900088,364,434,-70
121900089,114,79,35
121900090,13,3,10
121900091,13,2,11
121900092,66,50,16
121900093,54,25,29
121900094,1,2,-1
121900095,128,69,59
121900096,395,292,103
121900097,112,53,59
121900098,3,0,3
121900099,102,19,83
121900100,7,51,-44
121900101,59,64,-5
121900102,0,17,-17
121900103,110,109,1
121900104,913,128,785
121900105,57,32,25
121900106,0,1,-1
121900107,41,9,32
121900108,0,2,-2
121900109,129,76,53
121900110,333,88,245
121900111,73,55,18
121900112,20,10,10
121900113,13,50,-37
121900114,6,6,0
121900117,7,6,1
121900118,339,53,286
121900119,108,3,105
121900120,14,168,-154
121900121,22,0,22
121900122,21,21,0
121900123,77,104,-27
121900124,54,29,25
121900125,727,247,480
121900127,1,130,-129
121900128,10,9,1
121900129,66,16,50
121900130,17,1185,-1168
121900131,81,11,70
121900132,11,10,1
121900133,1,230,-229
121900134,9,120,-111
121900135,4459,374,4085
121900136,59,23,36
121900137,1,75,-74
121900138,37,69,-32
121900139,177,1179,-1002
121900140,6,4,2
121900141,17,6,11
121900142,13,10,3
121900143,0,36,-36
121900144,38,103,-65
121900145,24,31,-7
121900146,37,40,-3
121900147,10,38,-28
121900148,18,42,-24
121900149,27,21,6
121900150,26,26,0
121900151,3,57,-54
121900152,9,4,5
121900153,1,87,-86
121900154,0,38,-38
121900155,0,36,-36
121900156,2,52,-50
121900157,0,22,-22
121900158,19,11,8
121900159,0,17,-17
121900160,0,38,-38
121900161,37,76,-39
121900162,39,8,31
121900163,204,107,97
121900164,61,69,-8
121900165,69,39,30
121900166,117,43,74
121900167,79,4,75
121900168,24,6,18
121900169,0,0,0
121900170,11,8,3
121900171,335,103,232
121900172,186,28,158
121900173,160,91,69
121900174,31,5,26
121900175,10,92,-82
121900176,127,508,-381
121900177,31,37,-6
121900178,17,1,16
121900179,62,99,-37
121900180,560,3003,-2443
121900182,255,162,93
121900183,75,1052,-977
121900184,21,877,-856
121900186,0,156,-156
121900187,1,52,-51
121900188,552,63,489
121900189,2,3,-1
121900190,76,282,-206
121900191,2,153,-151
121900192,79,761,-682
121900193,1,41,-40
121900194,1,69,-68
121900195,2,3,-1
121900196,112,470,-358
121900197,69,323,-254
121900198,2939,402,2537
121900199,1,20,-19
121900200,2,63,-61
121900201,139,253,-114
121900202,6,196,-190
121900203,19,249,-230
121900204,240,375,-135
121900205,4,41,-37
121900206,1,34,-33
121900207,4,27,-23
121900208,34,269,-235
121900209,10,11,-1
121900210,491,267,224
121900211,200,114,86
121900212,14,45,-31
121900213,66,4,62
121900214,0,156,-156
121900215,9,73,-64
121900216,1,96,-95
121900217,51,77,-26
121900218,87,133,-46
121900220,41,2,39
121900221,226,108,118
121900222,62,9,53
121900223,20,27,-7
121900224,27,27,0
121900225,22,81,-59
121900226,53,2,51
121900227,71,235,-164
121900228,18,15,3
121900230,26,108,-82
121900231,53,143,-90
121900232,48,110,-62
121900233,39,29,10
121900234,35,63,-28
121900235,223,45,178
121900236,120,44,76
121900237,21,129,-108
121900238,35,83,-48
121900239,50,16,34
121900240,61,28,33
121900241,1,13,-12
121900242,1,3,-2
121900243,0,0,0
121900244,0,0,0
121900245,144,17,127
121900246,1600,101,1499
121900248,204,139,65
121900250,25,211,-186
121900251,197,23,174
121900252,81,45,36
121900253,26,393,-367
121900254,36,110,-74
121900255,147,31,116
121900258,1985,743,1242
121900259,35,153,-118
121900260,58,3,55
121900261,19,129,-110
121900262,69,147,-78
121900263,26,50,-24
121900264,183,145,38
121900265,110,15,95
121900266,238,20,218
121900267,49,12,37
121900269,79,260,-181
121900270,29,81,-52
121900271,4,314,-310
121900273,143,835,-692
121900274,191,84,107
121900277,79,152,-73
121900278,36,316,-280
121900279,51,69,-18
121900280,24,161,-137
121900281,52,111,-59
121900284,8,1,7
121900286,69,30,39
121900287,0,6,-6
121900288,1,0,1
121900290,23,178,-155
121900291,201,248,-47
121900292,39,55,-16
121900293,326,1070,-744
121900294,80,1,79
121900295,29,19,10
121900296,60,107,-47
121900298,21,422,-401
121900299,1,67,-66
121900300,9,42,-33
121900301,18,2,16
121900302,3,40,-37
121900303,37,70,-33
121900304,0,7,-7
121900305,0,1,-1
121900306,172,1,171
121900307,136,2,134
121900308,6,12,-6
121900309,1,18,-17
121900310,6,37,-31
121900311,231,6,225
121900312,181,6,175
121900313,224,4,220
121900314,1,3,-2
121900315,36,0,36
121900316,0,0,0
121900317,6,18,-12
121900318,0,0,0
121900319,16,93,-77
121900320,0,0,0
121900321,21,0,21
121900322,0,0,0
121900323,3,19,-16
121900324,0,5,-5
121900325,0,0,0
121900326,0,0,0
121900327,0,13,-13
121900328,0,4,-4
121900329,1,35,-34
121900330,0,58,-58
121900331,4,13,-9
121900332,30,15,15
121900333,41,0,41
121900334,21,25,-4
122000001,527,987,-460
122000002,922,265,657
122000003,363,654,-291
122000004,312,350,-38
122000005,1574,1500,74
122000006,256,460,-204
122000007,168,513,-345
122000008,422,976,-554
122000009,48,144,-96
122000010,969,1008,-39
122000011,858,431,427
122000012,291,613,-322
122000013,133,701,-568
122000014,1626,584,1042
122000015,379,323,56
122000016,242,293,-51
122000017,301,631,-330
122000018,738,644,94
122000019,208,792,-584
122000020,125,177,-52
122000021,30,119,-89
122000022,261,414,-153
122000023,169,454,-285
122000024,186,543,-357
122000025,274,569,-295
122000026,242,368,-126
122000027,224,316,-92
122000028,298,223,75
122000029,129,157,-28
122000030,105,31,74
122000031,50,332,-282
122000032,838,698,140
122000033,114,533,-419
122000034,59,389,-330
122000035,38,172,-134
122000036,101,144,-43
122000037,158,89,69
122000038,102,157,-55
122000039,259,147,112
122000040,129,81,48
122000041,237,669,-432
122000042,235,508,-273
122000043,19,48,-29
122000044,24,36,-12
122000045,325,303,22
122000046,223,269,-46
122000047,65,64,1
122000048,874,1814,-940
122000049,2652,1169,1483
122000050,188,414,-226
122000051,92,423,-331
122000052,263,431,-168
122000053,127,1183,-1056
122000054,1009,826,183
122000055,1238,1983,-745
122000056,1376,1000,376
122000057,907,1652,-745
122000058,276,889,-613
122000059,338,896,-558
122000060,172,213,-41
122000061,96,114,-18
122000062,336,104,232
122000063,114,435,-321
122000064,1420,2685,-1265
122000065,1190,1528,-338
122000066,325,506,-181
122000067,476,1108,-632
122000068,711,661,50
122000069,345,264,81
122000070,257,631,-374
122000071,1389,532,857
122000072,148,170,-22
122000073,23,380,-357
122000074,715,529,186
122000075,311,261,50
122000076,1239,496,743
122000077,322,951,-629
122000078,314,917,-603
122000079,151,870,-719
122000080,175,223,-48
122000081,29,161,-132
122000082,143,422,-279
122000083,1148,488,660
122000084,1231,405,826
122000085,54,260,-206
122000086,874,2765,-1891
122000087,148,141,7
122000088,56,157,-101
122000089,1756,1179,577
122000090,78,398,-320
122000091,76,180,-104
122000092,38,43,-5
122000093,606,1420,-814
122000094,2407,1101,1306
122000095,354,1314,-960
122000096,279,826,-547
122000098,1212,1881,-669
122000099,155,749,-594
122000100,341,174,167
122000101,83,152,-69
122000102,678,350,328
122000103,432,601,-169
122000104,306,206,100
122000105,169,185,-16
122000106,148,541,-393
122000107,580,201,379
122000108,169,305,-136
122000109,145,152,-7
122000110,157,219,-62
122000111,788,460,328
122000112,469,745,-276
122000113,241,169,72
122000114,373,1377,-1004
122000115,708,1010,-302
122000116,67,184,-117
122000117,212,125,87
122000118,345,51,294
122000119,537,358,179
122000120,298,534,-236
122000121,283,448,-165
122000122,65,359,-294
122000123,354,533,-179
122000124,226,181,45
122000125,45,192,-147
122000126,68,245,-177
122000127,139,149,-10
122000128,139,129,10
122000129,116,720,-604
122000130,804,257,547
122000131,346,117,229
122000132,125,109,16
122000133,307,240,67
122000134,419,449,-30
122000135,255,207,48
122000136,250,211,39
122000137,666,238,428
122000139,320,978,-658
122000140,62,288,-226
122000141,1702,501,1201
122000142,80,726,-646
122000143,178,103,75
122000144,672,184,488
122000145,304,253,51
122000146,101,939,-838
122000147,108,204,-96
122000148,162,444,-282
122000149,507,195,312
122000150,695,182,513
122000151,15,55,-40
122000152,107,80,27
122000153,92,68,24
122000154,46,71,-25
122000155,451,729,-278
122000156,1844,1553,291
122000157,300,1988,-1688
122000158,90,175,-85
122000159,492,336,156
122000160,801,318,483
122000161,403,224,179
122000162,191,382,-191
122000163,129,30,99
122000164,3,53,-50
122000165,220,598,-378
122000166,206,977,-771
122000167,73,103,-30
122000168,76,959,-883
122000169,205,77,128
122000170,87,115,-28
122000171,5,15,-10
122000172,751,579,172
122000173,749,1012,-263
122000174,338,1324,-986
122000175,194,162,32
122000176,97,1431,-1334
122000177,463,772,-309
122000178,1567,1141,426
122000179,996,1465,-469
122000180,281,513,-232
122000181,275,908,-633
122000182,365,508,-143
122000183,410,307,103
122000184,1243,1047,196
122000185,278,848,-570
122000186,164,338,-174
122000187,846,332,514
122000188,142,59,83
122000189,66,82,-16
122000190,428,697,-269
122000191,213,204,9
122000192,505,160,345
122000193,298,299,-1
122000194,186,71,115
122000195,71,502,-431
122000196,412,167,245
122000197,225,389,-164
122000198,133,741,-608
122000199,183,90,93
122000200,270,241,29
122000201,346,1481,-1135
122000202,305,1160,-855
122000203,691,499,192
122000204,385,471,-86
122000205,192,256,-64
122000206,1315,402,913
122000207,1181,716,465
122000208,861,507,354
122000209,682,99,583
122000210,657,511,146
122000211,362,559,-197
122000212,357,364,-7
122000213,328,634,-306
122000214,761,736,25
122000215,1333,1233,100
122000217,451,521,-70
122000218,256,32,224
122000219,669,246,423
122000220,80,339,-259
122000221,110,286,-176
122000222,193,68,125
122000223,208,315,-107
122000225,268,125,143
122000226,563,525,38
122000227,18,416,-398
122000228,74,86,-12
122000229,10,228,-218
122000230,22,195,-173
122000231,76,241,-165
122000232,134,151,-17
122000233,0,45,-45
122000234,344,59,285
122000235,234,109,125
122000236,720,25,695
122000237,32,21,11
122000238,82,242,-160
122000239,245,55,190
122000240,534,136,398
122000241,826,147,679
122000242,120,30,90
122000243,128,40,88
122000244,29,114,-85
122000245,57,24,33
122000246,204,129,75
122000247,174,137,37
122000248,645,314,331
122000249,672,464,208
122000250,723,320,403
122000251,11,42,-31
122000252,89,21,68
122000253,4,34,-30
122000254,160,49,111
122000255,175,490,-315
122000256,138,329,-191
122000257,160,223,-63
122000258,93,229,-136
122000259,10,322,-312
122000260,29,343,-314
122000261,23,94,-71
122000262,0,64,-64
122000263,39,158,-119
122000264,746,87,659
122000265,959,343,616
122000266,1498,237,1261
122000267,19,168,-149
122000268,79,46,33
122000269,399,119,280
122000270,201,64,137
122000271,103,305,-202
122000272,96,110,-14
122000273,195,148,47
122000274,60,90,-30
122000275,4,110,-106
122000276,578,229,349
122000277,459,1052,-593
122000278,907,129,778
122000279,108,72,36
122000280,243,120,123
122000281,297,91,206
122000282,17,599,-582
122000283,26,121,-95
122000284,42,45,-3
122000285,280,59,221
122000286,16,148,-132
122000287,634,1320,-686
122000288,201,153,48
122000291,1032,308,724
122000293,102,81,21
122000294,52,203,-151
122000295,834,143,691
122000296,49,550,-501
122000297,799,2768,-1969
122000299,301,109,192
122000300,108,234,-126
122000301,2895,2505,390
122000302,143,1405,-1262
122000303,721,379,342
122000304,5,160,-155
122000305,1093,217,876
122000306,44,183,-139
122000307,52,67,-15
122000309,28,123,-95
122000310,6,101,-95
122000311,53,68,-15
122000312,83,167,-84
122000313,19,125,-106
122000314,92,330,-238
122000315,116,16,100
122000316,754,157,597
122000317,1469,131,1338
122000318,169,923,-754
122000319,94,217,-123
122000320,92,316,-224
122000321,44,36,8
122000322,585,577,8
122000323,230,615,-385
122000324,505,1006,-501
122000325,316,692,-376
122000326,98,39,59
122000327,97,279,-182
122000328,252,189,63
122000330,780,600,180
122000332,176,710,-534
122000333,40,112,-72
122000337,587,217,370
122000338,187,61,126
122000340,16,578,-562
122000342,602,371,231
122000343,310,218,92
122000344,69,6,63
122000345,36,46,-10
122000346,40,20,20
122000348,270,248,22
122000349,19,52,-33
122000351,95,142,-47
122000352,182,51,131
122000353,11,26,-15
122000355,61,269,-208
122000356,105,360,-255
122000357,33,10,23
122000358,0,0,0
122000359,0,1,-1
122000360,0,0,0
122000362,1,3,-2
122000364,214,67,147
122000365,0,18,-18
122000366,12,0,12
122000368,218,167,51
122000370,4,3,1
122000371,47,0,47
122000372,0,0,0
122000381,118,126,-8
122000382,14,144,-130
122000384,471,506,-35
122000385,45,4,41
122000386,52,621,-569
122000387,76,478,-402
122000388,492,265,227
122000389,96,188,-92
122000390,116,201,-85
122000391,20,431,-411
122000392,55,37,18
122000393,4,524,-520
122000394,292,211,81
122000395,45,63,-18
122000396,160,24,136
122000397,28,39,-11
122000398,3,141,-138
122000399,63,22,41
122000400,12,294,-282
122000401,10,9,1
122000402,336,67,269
122000403,128,204,-76
122000404,215,66,149
122000408,161,516,-355
122000503,6,49,-43
122000524,33,48,-15
122000544,31,1031,-1000
122000616,87,0,87
122000640,90,39,51
122000641,53,133,-80
122000642,823,210,613
122000643,13,152,-139
122000644,60,29,31
122000645,11,89,-78
122000651,126,615,-489
122000664,59,30,29
122000665,257,146,111
122000666,169,232,-63
122000673,18,93,-75
122000674,392,128,264
122000675,1322,454,868
122000686,268,475,-207
122000687,1280,141,1139
122000688,231,217,14
122000689,854,112,742
122000690,2182,84,2098
122000691,886,319,567
122000692,783,23,760
122000693,216,435,-219
122000695,269,140,129
122000696,415,43,372
122000698,148,136,12
122000699,243,34,209
122000701,949,175,774
122000702,275,547,-272
122000703,62,39,23
122000712,0,0,0
122000717,7,60,-53
122000718,41,961,-920
122000719,6,27,-21
122000720,557,46,511
122000724,38,44,-6
122900001,12,11,1
122900002,285,3960,-3675
122900003,199,1,198
122900004,1843,51,1792
122900005,27,137,-110
122900006,62,965,-903
122900007,25,49,-24
122900008,92,294,-202
122900009,88,67,21
122900010,93,46,47
122900012,149,182,-33
122900014,47,18,29
122900015,648,174,474
122900016,61,46,15
122900017,128,308,-180
122900018,39,2,37
122900019,14,172,-158
122900020,48,536,-488
122900021,8,163,-155
122900022,646,552,94
122900023,283,62,221
122900024,59,54,5
122900025,4,50,-46
122900026,0,29,-29
122900027,9,378,-369
122900028,48,11,37
122900029,2244,833,1411
122900030,313,42,271
122900031,26,234,-208
122900032,85,103,-18
122900033,129,79,50
122900034,1062,1602,-540
122900035,9,5,4
122900036,29,3,26
122900037,128,32,96
122900038,16,908,-892
122900039,16,184,-168
122900040,222,283,-61
122900041,38,238,-200
122900042,76,58,18
122900043,163,132,31
122900044,27,152,-125
122900045,33,55,-22
122900046,33,280,-247
122900047,28,25,3
122900048,2,158,-156
122900049,1422,71,1351
122900051,5,91,-86
122900052,162,57,105
122900053,3,19,-16
122900055,80,13,67
122900057,108,2,106
122900061,175,7,168
122900062,143,364,-221
122900063,117,53,64
122900064,554,339,215
122900065,74,103,-29
122900066,162,48,114
122900067,256,95,161
122900069,143,669,-526
122900070,296,8,288
122900071,24,58,-34
122900072,46,113,-67
122900073,14,45,-31
122900074,1026,71,955
122900075,0,15,-15
122900076,1,66,-65
122900077,0,16,-16
122900078,177,21,156
122900080,1,29,-28
122900081,113,32,81
122900082,867,49,818
122900083,22,17,5
122900084,0,66,-66
122900086,0,44,-44
122900087,264,645,-381
122900088,18,126,-108
122900089,0,169,-169
122900090,1,74,-73
122900091,257,1,256
122900092,0,32,-32
122900093,0,8,-8
122900094,0,44,-44
122900095,95,3,92
122900096,313,9,304
122900097,26,12,14
122900098,7,41,-34
122900099,98,31,67
122900100,13,373,-360
122900101,111,47,64
122900102,16,30,-14
122900103,293,0,293
122900104,122,0,122
122900105,9,3,6
122900106,0,5,-5
122900107,1,8,-7
122900108,0,25,-25
123000001,366,394,-28
123000002,1483,3970,-2487
123000003,1911,1506,405
123000004,1405,2150,-745
123000005,1736,1051,685
123000006,1211,1160,51
123000007,1498,1026,472
123000008,913,1526,-613
123000009,2315,1953,362
123000010,1625,2058,-433
123000011,872,699,173
123000012,278,1110,-832
123000013,2179,580,1599
123000014,242,1385,-1143
123000015,1213,655,558
123000016,1412,1436,-24
123000017,3855,1716,2139
123000018,110,45,65
123000019,386,5,381
123000020,283,26,257
123000021,201,186,15
123000022,623,1126,-503
123000023,1676,1222,454
123000024,891,463,428
123000025,277,46,231
123000026,36,141,-105
123000027,50,544,-494
123000028,70,2878,-2808
123000029,207,1332,-1125
123000030,136,60,76
123000031,292,56,236
123000032,504,150,354
123000033,186,45,141
123000034,486,437,49
123000035,112,283,-171
123000036,71,450,-379
123000037,60,83,-23
123000038,20,247,-227
123000039,240,927,-687
123000040,190,43,147
123000041,232,452,-220
123000042,198,309,-111
123000043,622,6255,-5633
123000044,1727,872,855
123000045,2012,617,1395
123000046,56,451,-395
123000047,240,346,-106
123000048,9,971,-962
123000049,2207,3610,-1403
123000050,927,738,189
123000051,16,65,-49
123000052,283,876,-593
123000053,898,1029,-131
123000054,875,885,-10
123000055,1219,2131,-912
123000056,521,291,230
123000057,1704,1974,-270
123000058,235,701,-466
123000059,44,207,-163
123000060,620,218,402
123000061,112,197,-85
123000063,522,357,165
123000064,754,49,705
123000065,1292,934,358
123000066,183,172,11
123000067,331,184,147
123000068,617,615,2
123000069,1403,461,942
123000070,62,142,-80
123000071,859,283,576
123000072,437,243,194
123000073,878,349,529
123000074,378,429,-51
123000075,101,553,-452
123000076,234,146,88
123000077,877,520,357
123000078,1281,449,832
123000079,1208,590,618
123000080,1165,243,922
123000081,64,103,-39
123000082,78,286,-208
123000083,553,87,466
123000084,437,233,204
123000085,408,23,385
123000086,496,23,473
123000087,184,55,129
123000088,580,186,394
123000089,471,322,149
123000090,535,292,243
123000091,712,509,203
123000092,355,384,-29
123000094,376,31,345
123000095,535,179,356
123000096,490,108,382
123000097,361,53,308
123000098,494,94,400
123000099,305,124,181
123000100,146,437,-291
123000101,223,99,124
123000102,282,571,-289
123000104,117,120,-3
123000105,135,39,96
123000106,244,111,133
123000107,118,78,40
123000108,273,421,-148
123000111,555,60,495
123000112,557,96,461
123000113,246,251,-5
123000114,114,181,-67
123000115,131,202,-71
123000116,56,46,10
123000117,1160,633,527
123000118,277,167,110
123000119,139,124,15
123000120,142,181,-39
123000121,274,262,12
123000122,158,64,94
123000123,231,197,34
123000124,189,117,72
123000125,681,472,209
123000126,667,1687,-1020
123000127,239,168,71
123000128,115,104,11
123000129,690,48,642
123000130,654,19,635
123000131,837,310,527
123000132,134,175,-41
123000133,89,48,41
123000134,118,25,93
123000135,1168,158,1010
123000136,89,164,-75
123000137,29,43,-14
123000138,40,78,-38
123000139,368,25,343
123000140,15,131,-116
123000141,209,27,182
123000142,718,388,330
123000143,460,689,-229
123000144,3,11,-8
123000145,105,460,-355
123000146,17,200,-183
123000147,13,321,-308
123000149,157,277,-120
123000150,34,138,-104
123000151,109,280,-171
123000152,6,57,-51
123000153,23,467,-444
123000154,543,1318,-775
123000155,716,910,-194
123000156,15,19,-4
123000157,249,460,-211
123000158,175,318,-143
123000159,882,2068,-1186
123000160,356,475,-119
123000161,710,631,79
123000162,659,1091,-432
123000163,434,101,333
123000164,1285,66,1219
123000165,103,477,-374
123000166,11,28,-17
123000167,63,33,30
123000168,175,99,76
123000169,639,24,615
123000170,90,18,72
123000171,742,5,737
123000172,15,146,-131
123000173,303,66,237
123000174,423,189,234
123000175,129,244,-115
123000176,470,103,367
123000177,98,303,-205
123000178,545,49,496
123000179,3,325,-322
123000180,876,132,744
123000181,205,415,-210
123000182,252,101,151
123000183,84,244,-160
123000184,25,157,-132
123000185,588,341,247
123000186,3,250,-247
123000187,402,0,402
123000188,209,3,206
123000189,610,51,559
123000190,33,159,-126
123000192,8,113,-105
123000193,8,143,-135
123000194,196,131,65
123000195,214,8,206
123000196,249,24,225
123000197,43,47,-4
123000198,32,462,-430
123000199,6,420,-414
123000200,529,4,525
123000201,935,4,931
123000202,1,171,-170
123000203,790,15,775
123000204,18,292,-274
123000205,77,378,-301
123000206,2197,98,2099
123000207,35,350,-315
123000208,529,33,496
123000209,1378,221,1157
123000210,99,445,-346
123000211,188,638,-450
123000212,2496,180,2316
123000213,288,35,253
123000215,49,126,-77
123000216,62,535,-473
123000217,101,9,92
123000218,86,190,-104
123000219,395,94,301
123000220,207,64,143
123000221,80,18,62
123000222,193,130,63
123000223,320,77,243
123000224,270,96,174
123000225,149,12,137
123000226,116,76,40
123000227,32,76,-44
123000228,222,22,200
123000229,341,237,104
123000232,28,157,-129
123000233,474,42,432
123000234,92,152,-60
123000235,707,163,544
123000236,143,224,-81
123000237,335,78,257
123000238,12,80,-68
123000239,141,215,-74
123000240,29,386,-357
123000241,113,6,107
123000242,63,89,-26
123000243,400,494,-94
123000244,431,190,241
123000245,3,48,-45
123000249,184,357,-173
123000252,411,94,317
123000253,921,283,638
123000254,336,237,99
123000255,442,415,27
123000256,1,61,-60
123000257,705,476,229
123000258,427,182,245
123000259,298,281,17
123000260,394,42,352
123000261,150,55,95
123000262,23,23,0
123000263,305,10,295
123000264,136,44,92
123000265,4,24,-20
123000266,244,163,81
123000267,462,130,332
123000268,6,7,-1
123000269,22,49,-27
123000270,52,53,-1
123000271,7,31,-24
123000272,364,138,226
123000273,126,788,-662
123000274,846,350,496
123000275,113,248,-135
123000278,661,1571,-910
123000279,111,29,82
123000280,136,99,37
123000281,119,29,90
123000282,14,124,-110
123000283,224,35,189
123000284,9,15,-6
123000286,84,236,-152
123000287,85,120,-35
123000288,379,656,-277
123000289,62,766,-704
123000291,57,231,-174
123000294,118,193,-75
123000295,463,1303,-840
123000296,545,661,-116
123000297,524,155,369
123000298,826,158,668
123000299,114,81,33
123000300,755,306,449
123000301,82,181,-99
123000302,176,29,147
123000303,7,590,-583
123000305,233,335,-102
123000306,214,26,188
123000309,12,37,-25
123000310,74,6,68
123000311,0,57,-57
123000312,383,217,166
123000313,439,308,131
123000315,228,29,199
123000316,640,118,522
123000317,132,155,-23
123000318,18,143,-125
123000329,7,3,4
123000337,175,768,-593
123000338,95,318,-223
123000339,285,31,254
123000340,23,76,-53
123000342,7,11,-4
123000343,126,3,123
123000344,238,59,179
123000345,75,180,-105
123000346,413,47,366
123000352,306,233,73
123000353,82,23,59
123000354,406,13,393
123000355,1,704,-703
123000356,250,1,249
123000357,0,21,-21
123000359,1,11,-10
123000360,60,90,-30
123000361,434,132,302
123000362,157,15,142
123000363,87,47,40
123000364,184,165,19
123000365,23,156,-133
123000366,122,974,-852
123000367,107,174,-67
123000370,4,28,-24
123000371,397,19,378
123000372,139,9,130
123000373,0,52,-52
123000374,0,21,-21
123000375,262,29,233
123000376,505,377,128
123000377,487,5,482
123000378,0,55,-55
123000379,0,97,-97
123000380,1,56,-55
123000381,58,147,-89
123000382,488,87,401
123000383,26,266,-240
123000384,553,115,438
123000385,12,97,-85
123000436,14,1069,-1055
123000507,76,78,-2
123000508,69,901,-832
123000517,54,5,49
123000518,17,42,-25
123000519,39,35,4
123000520,11,39,-28
123000521,221,29,192
123000522,47,91,-44
123000541,3,4,-1
123000542,0,0,0
123000565,632,20,612
123000566,285,199,86
123000567,112,94,18
123000573,3,60,-57
123000574,674,16,658
123000575,1773,72,1701
123000576,388,258,130
123000577,9,126,-117
123000578,243,72,171
123000579,482,2644,-2162
123000580,50,60,-10
123000582,275,5,270
123000583,9,87,-78
123000584,111,122,-11
123000585,0,5,-5
123000586,52,1,51
123000596,52,21,31
123000597,57,119,-62
123000602,51,16,35
123000603,1029,123,906
123000604,513,109,404
123000605,223,14,209
123000606,0,79,-79
123000609,20,119,-99
123000610,35,56,-21
123000613,52,40,12
123000614,209,31,178
123000615,16,111,-95
123000616,577,14,563
123000617,47,86,-39
123000618,12,218,-206
123000619,253,11,242
123000620,1,90,-89
123000622,341,7,334
123000624,244,43,201
123000630,1415,309,1106
123000631,75,336,-261
123000632,256,185,71
123000633,0,118,-118
123000634,4,163,-159
123000635,7,26,-19
123000636,39,402,-363
123000637,98,8,90
123000638,345,143,202
123000639,680,3684,-3004
123000640,24,90,-66
123000648,283,11,272
123000649,15,115,-100
123900001,750,36,714
123900002,34,569,-535
123900003,28,151,-123
123900005,144,147,-3
123900006,186,35,151
124000001,1132,155,977
124000002,6,492,-486
124000003,971,103,868
124000004,13,147,-134
124000005,793,832,-39
124000006,67,115,-48
124000007,468,52,416
124000008,87,256,-169
124000009,721,218,503
124000010,91,236,-145
124000011,969,163,806
124000012,116,251,-135
124000017,218,62,156
124000018,14,9,5
124000019,139,41,98
124000020,6,11,-5
124000021,82,32,50
124000022,22,31,-9
124000023,648,798,-150
124000024,583,181,402
124000025,698,946,-248
124000026,840,743,97
124000027,1850,1250,600
124000028,985,3656,-2671
124000030,898,455,443
124000031,769,6196,-5427
124000032,1114,315,799
124000033,501,724,-223
124000034,275,378,-103
124000035,215,75,140
124000036,26,209,-183
124000037,107,278,-171
124000038,0,7,-7
124000039,119,68,51
124000040,38,171,-133
124000041,368,19,349
124000042,148,33,115
124000043,81,36,45
124000044,39,20,19
124000045,883,84,799
124000046,79,140,-61
124000047,1472,148,1324
124000048,393,189,204
124000049,1420,127,1293
124000050,271,447,-176
124000051,1077,113,964
124000052,303,285,18
124000053,322,1228,-906
124000054,283,122,161
124000055,514,2142,-1628
124000056,617,233,384
124000057,1011,264,747
124000058,189,332,-143
124000059,566,538,28
124000060,168,399,-231
124000061,708,3346,-2638
124000062,1485,574,911
124000063,635,292,343
124000064,671,422,249
124000065,38,171,-133
124000066,118,77,41
124000067,101,77,24
124000068,8,19,-11
124000069,395,63,332
124000070,106,81,25
124000071,63,26,37
124000072,55,80,-25
124000073,544,38,506
124000074,57,93,-36
124000075,407,29,378
124000076,0,0,0
124000077,174,450,-276
124000078,554,526,28
124000079,62,382,-320
124000080,507,57,450
124000081,71,103,-32
124000082,31,86,-55
124000083,2,29,-27
124000084,11,576,-565
124000085,27,17,10
124000086,17,223,-206
124000087,15,146,-131
124000088,80,157,-77
124000089,333,49,284
124000090,165,90,75
124000091,356,23,333
124000092,157,204,-47
124000093,128,53,75
124000094,32,141,-109
124000095,82,10,72
124000096,29,39,-10
124000097,132,42,90
124000098,169,48,121
124000099,170,39,131
124000100,44,158,-114
124000101,122,84,38
124000102,72,19,53
124000103,123,36,87
124000104,43,45,-2
124000105,111,45,66
124000106,30,40,-10
124000107,14,143,-129
124000108,15,12,3
124000109,178,38,140
124000110,36,20,16
124000111,98,74,24
124000112,538,146,392
124000113,53,128,-75
124000114,279,204,75
124000115,91,403,-312
124000116,61,174,-113
124000117,19,52,-33
124000118,22,54,-32
124000119,371,141,230
124000120,276,95,181
124000121,538,359,179
124000122,243,566,-323
124000123,232,126,106
124000124,196,143,53
124000125,202,78,124
124000126,136,109,27
124000127,670,100,570
124000128,321,149,172
124000129,713,357,356
124000130,186,103,83
124000131,383,314,69
124000132,163,219,-56
124000133,781,301,480
124000134,280,180,100
124000135,1043,965,78
124000136,133,266,-133
124000137,373,448,-75
124000138,160,210,-50
124000139,109,19,90
124000140,28,247,-219
124000141,644,3,641
124000142,6,120,-114
124000143,78,5,73
124000144,1,50,-49
124000145,152,27,125
124000146,15,27,-12
124000148,3,41,-38
124000149,582,157,425
124000150,110,290,-180
124000151,817,258,559
124000152,268,322,-54
124000153,570,509,61
124000154,415,253,162
124000155,478,267,211
124000156,377,256,121
124000169,50,166,-116
124000170,162,131,31
124000171,158,121,37
124000172,141,102,39
124000173,344,123,221
124000174,244,138,106
124000175,0,0,0
124000176,52,4,48
124000177,0,0,0
124000178,15,32,-17
124000190,14,92,-78
124000191,47,299,-252
124000192,657,359,298
124000193,54,978,-924
124000194,120,100,20
124000195,285,203,82
124000196,243,307,-64
124000197,29,5,24
124000198,33,24,9
124000201,17,466,-449
124000202,413,17,396
124000203,451,113,338
124000204,1096,44,1052
124000205,87,36,51
124000206,939,111,828
124000207,0,17,-17
124000209,126,21,105
124000210,892,170,722
124000211,817,2,815
124000212,0,34,-34
124000213,372,75,297
124000214,540,34,506
124000215,441,35,406
124000216,13,568,-555
124000329,2,511,-509
124000338,19,207,-188
124000339,1639,12,1627
124000341,1598,11,1587
124000344,95,49,46
124000357,653,1605,-952
124000358,531,1318,-787
124000359,914,381,533
124000360,999,263,736
124000361,1972,1061,911
124000362,739,1755,-1016
124000363,212,167,45
124000364,262,250,12
124000365,330,484,-154
124000366,1115,442,673
124000367,22,221,-199
124000368,201,903,-702
124000369,69,50,19
124000370,45,655,-610
124000402,33,9,24
124000403,120,24,96
124000404,5,20,-15
124000405,448,175,273
124000406,230,115,115
124000407,3,16,-13
124000411,2,90,-88
124000412,336,0,336
124000413,28,46,-18
124000414,82,21,61
124000415,47,62,-15
124000416,99,78,21
124000417,155,39,116
124000418,251,21,230
124000419,41,40,1
124000420,141,5,136
124000421,40,59,-19
124000422,25,7,18
124000423,66,10,56
124000424,1,5,-4
124000425,107,6,101
124000426,1,25,-24
124000427,95,1,94
124000428,2,139,-137
124000429,99,27,72
124000430,590,215,375
124000431,213,72,141
124000432,164,676,-512
124000439,4,21,-17
124000443,0,0,0
124000445,25,1688,-1663
124000446,608,307,301
124000447,2,161,-159
124900001,521,44,477
124900002,79,46,33
124900003,651,118,533
124900004,516,89,427
124900005,100,40,60
124900006,542,89,453
124900008,141,144,-3
124900009,23,182,-159
124900010,101,27,74
124900011,321,112,209
124900012,153,24,129
124900013,307,23,284
124900014,154,8,146
124900015,51,246,-195
124900016,55,83,-28
124900017,97,1886,-1789
124900018,89,4,85
124900020,68,11,57
124900021,237,9,228
124900022,58,2,56
124900024,293,2,291
124900026,24,8,16
124900027,29,52,-23
124900028,162,7,155
124900029,13,232,-219
124900030,1,12,-11
124900031,4,70,-66
124900032,73,48,25
124900033,11,34,-23
124900034,23,44,-21
124900035,8,20,-12
124900036,0,42,-42
124900037,54,70,-16
124900038,30,75,-45
124900039,2,61,-59
124900040,10,56,-46
124900041,134,149,-15
124900042,12,0,12
124900043,227,149,78
124900044,9,1,8
124900045,58,262,-204
124900047,12,38,-26
124900048,146,20,126
124900050,73,36,37
124900052,28,69,-41
124900053,17,45,-28
124900054,649,74,575
124900055,0,72,-72
124900057,0,0,0
124900060,2,30,-28
124900061,39,0,39
124900062,103,2,101
124900066,0,0,0
124900067,0,4,-4
124900068,74,260,-186
124900070,1,0,1
124900072,118,6,112
124900075,222,21,201
124900076,50,666,-616
124900077,5,27,-22
124900078,15,1,14
124900079,31,24,7
124900080,209,65,144
124900081,737,59,678
124900082,121,78,43
124900083,149,57,92
124900085,132,134,-2
124900086,11,311,-300
124900087,42,20,22
124900088,34,15,19
124900089,181,0,181
124900090,410,66,344
124900091,99,48,51
124900092,75,23,52
124900093,372,33,339
124900094,421,22,399
124900095,76,279,-203
124900096,93,40,53
124900097,229,3,226
124900098,54,65,-11
124900099,72,127,-55
124900100,204,2,202
124900101,142,20,122
124900102,228,2,226
124900103,19,22,-3
124900104,3,29,-26
124900105,18,16,2
124900106,142,14,128
124900107,164,2,162
124900108,19,20,-1
124900111,0,0,0
124900112,63,63,0
124900113,4,31,-27
124900114,3,15,-12
124900115,0,6,-6
124900116,192,175,17
124900117,64,125,-61
124900118,5,541,-536
124900119,151,114,37
124900120,0,28,-28
124900121,7,197,-190
124900122,112,31,81
124900123,38,26,12
124900124,11,19,-8
204000001,143,6,137
204000002,10,6,4
204000003,23,3,20
204000004,18,0,18
204000005,247,196,51
204000006,766,983,-217
204000011,0,0,0
204000012,5,3,2
204000019,973,244,729
204000020,687,179,508
204000021,482,428,54
204000022,842,258,584
204000023,165,324,-159
204000031,29,9,20
204000032,102,7,95
204000034,39,6,33
204000035,5,10,-5
204000036,1,8,-7
204000037,0,17,-17
204000038,0,8,-8
204000039,4,12,-8
204000040,6,3,3
204000041,3,14,-11
204000042,8,22,-14
204000043,20,12,8
204000044,44,0,44
204000045,17,1,16
204000046,17,2,15
204000057,2,28,-26
204000062,3,99,-96
204000068,3,103,-100
204000069,8,148,-140
204000070,101,26,75
204000080,31,16,15
204000085,380,242,138
204000086,488,542,-54
204000087,39,10,29
204000088,0,0,0
204000090,62,11,51
204000093,462,10,452
204000096,689,259,430
204000097,316,5,311
204000099,628,1283,-655
204000100,1239,414,825
204000105,337,130,207
204000110,113,362,-249
204000111,160,245,-85
204000112,81,184,-103
204000113,119,234,-115
204000114,668,798,-130
204000115,536,189,347
204000116,294,110,184
204000119,1833,593,1240
204000132,463,367,96
204000133,495,58,437
204000134,159,24,135
204000135,431,10,421
204000136,387,84,303
204000138,184,485,-301
204000140,196,44,152
204000141,161,29,132
204000144,0,38,-38
204000145,235,14,221
204000146,2,16,-14
204000147,6,23,-17
204000148,59,16,43
204000154,4,1,3
204000155,0,32,-32
204000177,57,49,8
204000179,19,1,18
204000180,0,16,-16
204000222,6,42,-36
204000235,3,20,-17
204000236,7,17,-10
204000238,37,21,16
204000240,137,15,122
204000263,160,220,-60
204000268,425,153,272
204000308,15,0,15
204000317,2,12,-10
204000322,12,11,1
204000323,3,22,-19
204000328,234,15,219
204000329,12,19,-7
204000330,124,21,103
204000331,35,4,31
205000001,214,216,-2
205000013,3,43,-40
205000014,4,18,-14
205000015,7,10,-3
205000016,6,22,-16
205000017,35,18,17
205000022,77,156,-79
205000025,287,126,161
205000029,546,22,524
205000045,87,62,25
205000046,53,37,16
205000047,11,20,-9
205000048,182,46,136
205000049,63,60,3
205000050,119,11,108
205000059,0,24,-24
205000060,0,42,-42
205000061,0,131,-131
205000062,1,64,-63
205000063,3,150,-147
205000064,4,66,-62
205000065,16,241,-225
205000066,56,104,-48
205000067,40,141,-101
205000069,128,13,115
205000082,80,60,20
205000110,37,34,3
205000111,47,27,20
205000112,68,88,-20
205000113,29,34,-5
205000121,88,48,40
205000123,36,21,15
205000126,540,104,436
205000127,411,27,384
205000128,271,57,214
205000129,587,69,518
205000130,134,9,125
205000131,14,21,-7
205000132,64,15,49
205000133,72,2,70
205000134,235,0,235
205000137,21,11,10
205000138,31,24,7
205000139,4,15,-11
205000144,57,32,25
205000145,96,24,72
205000151,124,22,102
205000152,47,16,31
205000153,195,29,166
205000154,45,49,-4
205000155,51,18,33
205000207,0,0,0
205000233,22,0,22
205000234,0,0,0
205000243,0,0,0
205000244,0,1,-1
205000245,1,16,-15
205000249,0,24,-24
205000250,0,1,-1
205000264,1,12,-11
206000027,4,7,-3
206000028,0,6,-6
206000043,2,23,-21
206000053,0,1,-1
206000054,0,4,-4
206000055,1,4,-3
206000075,1,7,-6
206000076,17,0,17
206000077,27,0,27
206000078,22,0,22
206000079,28,2,26
206000082,244,40,204
206000100,2,182,-180
206000103,0,0,0
206000104,0,0,0
206000105,0,0,0
206000106,0,0,0
206000125,241,0,241
206000157,0,24,-24
206000170,0,112,-112
206000171,1,97,-96
206000172,8,47,-39
206000173,0,29,-29
206000174,2,14,-12
206000175,0,15,-15
206000176,12,23,-11
206000177,0,8,-8
206000178,1,106,-105
206000179,0,21,-21
206000180,8,25,-17
206000181,0,28,-28
206000182,25,24,1
206000183,11,59,-48
206000184,2,10,-8
206000185,3,4,-1
206000186,10,105,-95
206000223,0,82,-82
206000226,35,0,35
206000227,21,1,20
206000237,9,38,-29
206000238,3,103,-100
206000239,76,357,-281
206000240,0,0,0
206000241,0,69,-69
206000242,6,33,-27
206000243,3,28,-25
206000244,15,55,-40
206000245,2201,41,2160
206000246,593,2,591
206000247,795,3,792
206000248,774,5,769
206000252,29,60,-31
206000258,0,0,0
206000315,6,8,-2
206000317,522,160,362
206000318,751,41,710
206000319,2741,27,2714
206000320,972,28,944
206000321,1004,5,999
206000322,1242,2,1240
206000323,324,3,321
206000324,492,3,489
206000325,271,13,258
206000326,305,13,292
206000327,12,5,7
206000328,232,3,229
206000329,889,0,889
206000330,184,1,183
206000331,490,0,490
206000332,81,1,80
206000333,1627,1,1626
206000334,920,0,920
206000335,0,11,-11
206000361,0,11,-11
206000392,0,1,-1
206000405,287,0,287
206000441,52,30,22
206000498,39,10,29
206000515,51,27,24
206000530,473,39,434
206000531,255,175,80
206000532,752,167,585
206000535,34,682,-648
206000536,5,48,-43
206000537,1,66,-65
206000613,1097,287,810
206000784,395,19,376
207000001,28,120,-92
207000002,13,182,-169
207000003,24,130,-106
207000007,1655,131,1524
207000008,289,8,281
207000009,29,0,29
207000010,48,134,-86
207000012,476,95,381
207000015,64,294,-230
207000019,318,31,287
207000021,291,131,160
207000022,137,82,55
207000023,249,38,211
207000024,3,3,0
207000025,5,28,-23
207000026,0,0,0
207000027,0,0,0
207000028,0,48,-48
207000029,25,63,-38
207000033,144,200,-56
207000034,173,20,153
207000039,615,34,581
207000040,915,16,899
207000041,107,4,103
207000042,258,14,244
207000043,200,137,63
207000051,1,13,-12
207000052,0,8,-8
207000053,85,174,-89
207000054,24,36,-12
207000055,54,27,27
207000056,72,131,-59
207000057,38,95,-57
207000058,55,134,-79
207000059,49,126,-77
207000060,17,215,-198
207000061,77,1087,-1010
207000062,762,62,700
207000063,621,25,596
207000064,313,39,274
207000065,279,66,213
207000066,539,97,442
207000067,85,32,53
207000068,124,26,98
207000069,620,166,454
207000082,1,110,-109
207000083,28,110,-82
207000084,479,106,373
207000085,364,58,306
207000086,480,5,475
207000106,98,2,96
207000107,109,2,107
207000108,109,2,107
207000109,37,4,33
207000110,25,6,19
207000111,68,17,51
207000112,41,218,-177
207000114,0,0,0
207000115,0,0,0
207000116,0,0,0
207000117,0,0,0
207000118,0,1,-1
207000119,0,0,0
207000123,226,4,222
207000124,94,7,87
207000125,39,4,35
207000126,96,11,85
207000134,223,63,160
207000135,48,123,-75
207000148,82,117,-35
207000149,0,0,0
207000152,7,136,-129
207000153,27,366,-339
207000154,240,64,176
207000159,7,17,-10
207000160,11,22,-11
207000238,0,0,0
207000242,0,0,0
207000248,0,0,0
207000249,0,0,0
207000250,0,0,0
207000251,0,0,0
207000252,0,0,0
207000278,174,94,80
207000279,2,13,-11
207000280,1138,15,1123
207000281,38,192,-154
207000282,10,430,-420
207000283,21,118,-97
207000284,16,1350,-1334
207000285,31,102,-71
207000291,0,0,0
207000304,49,21,28
207000306,13,175,-162
207000310,172,79,93
207000353,41,0,41
207000356,0,2,-2
207000357,1,16,-15
207000358,0,10,-10
207000415,0,0,0
207000417,12,2,10
207000418,76,41,35
207000438,0,1,-1
207000439,263,103,160
207000446,50,7,43
207000460,172,7,165
207000466,1,1,0
207000467,647,33,614
207000468,8,20,-12
207000476,1,20,-19
207000477,304,67,237
207000478,0,11,-11
207000523,0,0,0
207000524,17,0,17
207000527,291,42,249
207000530,205,1,204
207000531,152,1,151
207000532,33,29,4
207000534,128,13,115
207000535,0,0,0
207000537,0,0,0
207000540,0,0,0
207000541,0,0,0
207000548,0,0,0
207000549,79,7,72
207000561,114,41,73
207000562,0,0,0
207000567,7,100,-93
207000568,181,36,145
207000569,561,64,497
207000584,0,0,0
207000585,3,29,-26
207000587,279,2,277
207000616,0,43,-43
207000617,221,0,221
207000624,11,9,2
207000631,2,19,-17
207900008,500,38,462
208000001,345,559,-214
208000002,544,549,-5
208000003,571,367,204
208000004,745,376,369
208000005,0,1,-1
208000019,856,259,597
208000020,234,109,125
208000021,184,130,54
208000022,312,242,70
208000028,397,802,-405
208000033,167,117,50
208000034,265,525,-260
208000037,191,5,186
208000040,141,36,105
208000041,337,246,91
208000042,805,238,567
208000047,53,68,-15
208000064,1197,895,302
208000066,738,575,163
208000070,560,306,254
208000071,521,99,422
208000072,664,243,421
208000080,225,243,-18
208000081,188,43,145
208000082,125,58,67
208000083,73,93,-20
208000084,7,87,-80
208000085,172,102,70
208000086,268,273,-5
208000087,251,448,-197
208000089,516,101,415
208000090,329,201,128
208000093,12,44,-32
208000094,96,150,-54
208000095,513,275,238
208000104,992,214,778
208000105,557,367,190
208000114,26,259,-233
208000115,309,203,106
208000116,999,797,202
208000117,12,84,-72
208000118,77,177,-100
208000155,429,405,24
208000158,837,1176,-339
208000186,457,957,-500
208000204,475,561,-86
208000205,789,401,388
208000282,472,395,77
209000004,409,112,297
209000005,26,15,11
209000006,360,156,204
209000007,269,255,14
209000010,0,0,0
209000011,0,0,0
209000012,14,22,-8
209000013,19,18,1
209000014,14,56,-42
209000025,581,57,524
209000026,1311,98,1213
209000027,30,45,-15
209000028,28,45,-17
209000029,75,32,43
209000030,138,136,2
209000031,639,144,495
209000034,181,239,-58
209000035,244,219,25
209000036,433,48,385
209000037,526,137,389
209000038,336,89,247
209000039,96,71,25
209000040,377,169,208
209000041,172,256,-84
209000042,255,220,35
209000043,457,315,142
209000044,342,364,-22
209000045,392,107,285
209000046,428,114,314
209000047,282,79,203
209000048,415,249,166
209000049,26,35,-9
209000050,134,50,84
209000051,134,14,120
209000052,44,26,18
209000062,1,7,-6
209000063,3,2,1
209000064,1,2,-1
209000065,221,10,211
209000066,275,14,261
209000067,247,18,229
209000080,6,11,-5
209000082,123,31,92
209000091,0,0,0
209000093,2,0,2
209000094,0,0,0
209000110,59,97,-38
209000111,395,1595,-1200
209000112,1325,328,997
209000113,1844,410,1434
209000114,1106,335,771
209000115,23,33,-10
209000116,92,103,-11
209000118,5,97,-92
209000119,0,0,0
209000121,12,38,-26
209000135,37,58,-21
209000142,537,1549,-1012
209000143,0,0,0
209000144,49,139,-90
209000229,112,44,68
209000240,2,17,-15
209000259,12,10,2
209000260,9,117,-108
209000261,0,62,-62
209000262,0,41,-41
209000263,0,49,-49
209000264,1,39,-38
209000265,152,0,152
209000266,57,0,57
209000267,789,4,785
209000268,347,52,295
210000037,222,19,203
210000047,23,11,12
210000048,48,17,31
210000049,32,0,32
210000052,34,4,30
210000053,9,3,6
210000054,12,34,-22
210000070,136,11,125
210000071,117,1,116
210000072,21,0,21
210000073,0,0,0
210000074,0,0,0
210000075,0,0,0
210000076,0,8,-8
210000077,0,29,-29
210000078,1,72,-71
210000079,29,14,15
210000080,25,149,-124
210000081,56,1,55
210000082,23,0,23
210000083,17,0,17
210000084,60,0,60
210000085,0,2,-2
210000086,0,3,-3
210000099,6,16,-10
210000100,5,17,-12
210000101,3,17,-14
210000105,2,30,-28
210000159,0,2,-2
210000163,5,32,-27
210000164,250,140,110
210000168,192,25,167
210000187,0,0,0
210000188,0,0,0
210000214,27,0,27
210000219,136,56,80
210000220,190,6,184
210000232,0,0,0
210000233,2,3,-1
210000234,0,4,-4
210000235,10,4,6
210000245,2,1,1
210000246,9,0,9
210000258,1,11,-10
210000259,151,7,144
210000282,1,4,-3
210000285,0,2,-2
210000286,2,16,-14
210000290,1,0,1
210000295,10,56,-46
210000296,6,3,3
210000320,240,13,227
210000321,107,2,105
210000338,15,11,4
210000339,4,94,-90
210000340,4,30,-26
210000341,46,31,15
210000342,72,31,41
210000343,47,58,-11
210000344,23,32,-9
210000345,21,67,-46
210000346,6,32,-26
210000347,5,37,-32
210000348,20,38,-18
210000349,8,30,-22
210000350,35,28,7
210000351,80,11,69
210000352,22,18,4
210000353,45,18,27
210000354,37,25,12
210000355,15,98,-83
210000356,27,69,-42
210000357,21,110,-89
210000358,151,178,-27
210000359,95,158,-63
210000360,158,181,-23
210000361,204,85,119
210000362,273,68,205
210000363,326,87,239
210000364,130,58,72
210000365,120,6,114
210000366,312,42,270
210000367,61,9,52
210000368,73,10,63
210000369,35,21,14
210000370,105,33,72
210000372,16,21,-5
210000373,3,12,-9
210000374,103,32,71
210000375,10,16,-6
210000376,14,105,-91
210000404,9,11,-2
210000439,9,8,1
210000472,29,2,27
210000482,103,70,33
210000564,166,91,75
210000567,0,81,-81
210000568,172,0,172
211000092,47,32,15
211000094,29,3,26
211000169,291,2,289
211000172,22,173,-151
211000209,0,23,-23
211000226,9,5,4
211000270,29,3,26
211000275,51,12,39
211000276,144,5,139
211000279,15,12,3
211000281,122,7,115
211000302,9,7,2
211507980,0,41,-41
211977296,16,1,15
212000003,215,35,180
212000004,1,50,-49
212000005,1,49,-48
212000006,10,124,-114
212000008,57,96,-39
212000009,54,57,-3
212000012,18,28,-10
212000013,8,14,-6
212000014,104,34,70
212000015,144,62,82
212000016,164,137,27
212000027,486,106,380
212000028,288,121,167
212000029,215,108,107
212000030,39,12,27
212000031,37,18,19
212000048,0,155,-155
212000049,1,129,-128
212000050,11,8,3
212000051,179,38,141
212000052,157,68,89
212000053,56,112,-56
212000054,488,25,463
212000055,440,58,382
212000056,42,20,22
212000057,17,34,-17
212000058,107,39,68
212000070,71,56,15
212000077,63,96,-33
212000099,370,58,312
212000108,330,180,150
212000111,383,52,331
212000120,24,88,-64
212000138,48,12,36
212000156,1,47,-46
212000158,0,40,-40
212000159,444,57,387
212000160,565,51,514
212000161,110,6,104
212000310,18,10,8
212000311,14,32,-18
212000374,22,9,13
213000001,2,147,-145
213000005,463,25,438
213000006,479,62,417
213000007,45,6,39
213000009,130,87,43
213000010,222,41,181
213000011,180,29,151
213000012,95,150,-55
213000014,32,7,25
213000015,213,4,209
213000016,173,1,172
213000017,17,1,16
213000018,0,16,-16
213000019,1,20,-19
213000020,73,58,15
213000021,0,21,-21
213000023,258,140,118
213000033,286,485,-199
213000034,329,70,259
213000035,130,288,-158
213000045,129,111,18
213000046,46,34,12
213000047,104,477,-373
213000056,113,6,107
213000069,43,3,40
213000073,0,32,-32
213000074,65,174,-109
213000075,365,3,362
213000076,8,0,8
213000085,0,1,-1
213000086,0,18,-18
213000091,242,14,228
213000092,5,9,-4
213000099,106,527,-421
213000100,579,149,430
213000101,488,45,443
213000102,418,106,312
213000103,265,151,114
213000104,7,159,-152
213000105,41,753,-712
213000106,18,72,-54
213000107,143,130,13
213000108,29,150,-121
213000109,6,108,-102
213000110,6,65,-59
213000111,4,109,-105
213000112,18,228,-210
213000115,34,1,33
213000116,30,186,-156
213000117,1,156,-155
213000118,841,260,581
213000119,11,211,-200
213000120,8,104,-96
213000122,52,153,-101
213000123,27,247,-220
213000124,48,345,-297
213000125,160,47,113
213000126,22,28,-6
213000127,1,70,-69
213000128,49,291,-242
213000129,170,1054,-884
213000130,915,338,577
213000132,873,75,798
213000133,737,54,683
213000134,722,16,706
213000136,480,15,465
213000137,429,22,407
213000139,226,11,215
213000147,6,3,3
213000148,18,20,-2
213000149,1,4,-3
213000150,1,236,-235
213000151,1,106,-105
213000152,2,175,-173
213000153,0,183,-183
213000154,51,231,-180
213000155,28,131,-103
213000156,67,346,-279
213000157,869,128,741
213000158,279,256,23
213000159,574,134,440
213000163,1595,156,1439
213000165,435,104,331
213000171,0,11,-11
213000172,0,16,-16
213000173,0,19,-19
213000174,0,9,-9
213000175,1,10,-9
213000176,61,32,29
213000177,138,3,135
213000178,272,1,271
213000179,268,0,268
213000180,243,0,243
213000184,42,112,-70
213000188,456,54,402
213000189,627,16,611
213000190,529,51,478
213000191,518,64,454
213000192,196,36,160
213000193,236,119,117
213000194,0,166,-166
213000195,52,332,-280
213000196,219,586,-367
213000197,411,335,76
213000198,3,0,3
213000200,107,244,-137
213000201,12,80,-68
213000202,14,216,-202
213000203,846,168,678
213000204,754,17,737
213000205,316,16,300
213000206,475,7,468
213000207,16,0,16
213000208,23,0,23
213000209,48,0,48
213000210,75,0,75
213000211,1,35,-34
213000212,10,61,-51
213000213,2,78,-76
213000218,263,269,-6
213000219,747,15,732
213000220,878,9,869
213000223,135,74,61
213000224,35,60,-25
213000225,78,11,67
213000226,36,2,34
213000227,1100,85,1015
213000228,471,27,444
213000229,133,13,120
213000230,502,4,498
213000232,66,830,-764
213000233,9,75,-66
213000234,0,26,-26
213000293,1,209,-208
213000294,48,5,43
213000295,10,158,-148
213000296,138,31,107
213000297,4,14,-10
213000298,2,21,-19
213000299,20,21,-1
213000300,0,18,-18
213000303,0,13,-13
213000304,0,20,-20
213000305,1,21,-20
213000306,8,7,1
213000307,50,88,-38
213000308,13,38,-25
213000309,69,15,54
213000310,127,53,74
213000311,73,294,-221
213000315,14,16,-2
213000316,217,49,168
213000322,84,9,75
213000323,95,17,78
213000324,18,2,16
213000325,50,29,21
213000326,44,24,20
213000327,21,20,1
213000328,17,63,-46
213000329,47,9,38
213000340,33,132,-99
213000341,971,43,928
213000346,91,227,-136
213000347,114,302,-188
213000348,2,60,-58
213000349,1,21,-20
213000350,125,263,-138
213000366,31,109,-78
213000367,308,8,300
213000379,22,85,-63
213000386,11,138,-127
213000406,84,220,-136
213000417,1090,300,790
213000425,279,15,264
213000426,178,17,161
213000427,40,49,-9
213000428,35,12,23
213000429,1,22,-21
213000430,28,64,-36
213000431,11,1,10
213000432,3,268,-265
213000433,21,36,-15
213000434,79,26,53
213000435,35,7,28
213000436,37,19,18
213000437,0,3,-3
213000438,81,20,61
213000439,30,8,22
213000440,3,93,-90
213000441,2,2,0
213000442,1,19,-18
213000443,234,299,-65
213000444,43,4,39
213000445,0,59,-59
213000446,10,211,-201
213000447,1,35,-34
213000448,45,62,-17
213000449,815,4,811
213000450,17,11,6
213000451,233,5,228
213000452,1,2,-1
213000453,1,36,-35
213000455,46,0,46
213000456,0,159,-159
213000481,1,3,-2
213000482,22,2,20
213000489,65,15,50
213000491,16,285,-269
213000492,31,1,30
213000493,1,196,-195
213000494,328,27,301
213000495,0,4,-4
213000496,371,84,287
213000497,64,425,-361
213000498,18,269,-251
213000499,43,206,-163
213000500,554,27,527
213000501,107,13,94
213000502,79,13,66
213000503,0,46,-46
213000504,8,65,-57
213000505,36,2,34
213000506,0,3,-3
213000507,3,27,-24
213900244,62,0,62
213900245,0,0,0
218000003,46,8,38
218000004,34,13,21
218000005,7,46,-39
218000006,22,24,-2
218000007,11,7,4
218000012,32,143,-111
218000013,50,49,1
218000014,81,54,27
218000019,161,153,8
218000020,135,217,-82
218000021,0,0,0
218000022,0,0,0
218000023,0,0,0
218000024,0,0,0
218000025,0,0,0
218000026,0,0,0
218000027,0,0,0
218000028,0,0,0
218000029,0,0,0
218000030,0,0,0
218000031,0,0,0
218000032,0,0,0
218000040,8,3,5
218000046,116,107,9
218000047,18,59,-41
218000048,87,61,26
218000049,12,80,-68
218000050,230,66,164
218000051,85,88,-3
218000052,0,24,-24
218000053,0,2,-2
218000054,8,11,-3
218000055,6,14,-8
218000056,22,39,-17
218000057,5,21,-16
218000064,4,1,3
218000065,35,4,31
218000066,7,47,-40
218000067,93,34,59
218000068,131,12,119
218000069,319,22,297
218000070,327,138,189
218000071,192,125,67
218000072,92,118,-26
218000078,546,269,277
218000079,261,12,249
218000080,116,6,110
218000081,635,27,608
218000082,159,41,118
218000083,35,13,22
218000084,34,36,-2
218000085,29,33,-4
218000086,15,13,2
218000087,56,14,42
218000090,31,134,-103
218000091,908,283,625
218000092,75,84,-9
218000093,70,5,65
218000094,262,140,122
218000099,86,66,20
218000100,102,43,59
218000101,86,56,30
218000102,122,45,77
218000103,48,6,42
218000104,31,4,27
218000105,28,1,27
218000106,29,7,22
218000107,63,28,35
218000108,0,18,-18
218000112,33,3,30
218000117,60,62,-2
218000134,216,253,-37
218000135,5,113,-108
218000136,75,134,-59
218000137,115,42,73
218000138,9,38,-29
218000139,112,173,-61
218000140,344,178,166
218000141,17,20,-3
218000142,60,63,-3
218000143,27,88,-61
218000144,16,143,-127
218000145,393,148,245
218000146,77,18,59
218000151,0,44,-44
218000152,57,49,8
218000153,1,5,-4
218000154,4,0,4
218000155,21,1,20
218000156,65,1,64
218000157,9,4,5
218000158,11,2,9
218000159,1,3,-2
218000160,1,6,-5
218000161,11,0,11
218000162,13,0,13
218000163,27,1,26
218000164,38,1,37
218000165,83,4,79
218000170,0,64,-64
218000171,42,13,29
218000172,2,6,-4
218000173,24,6,18
218000174,12,23,-11
218000176,243,13,230
218000177,300,24,276
218000178,122,22,100
218000179,131,36,95
218000180,64,32,32
218000181,256,35,221
218000187,5,6,-1
218000188,11,14,-3
218000189,2,17,-15
218000190,31,6,25
218000191,49,2,47
218000192,68,48,20
218000193,100,59,41
218000194,72,42,30
218000195,142,49,93
218000196,363,52,311
218000197,581,71,510
218000198,84,41,43
218000199,14,9,5
218000200,25,5,20
218000201,0,1,-1
218000202,5,205,-200
218000207,24,6,18
218000208,38,47,-9
218000211,15,3,12
218000212,0,0,0
218000213,145,124,21
218000214,1,49,-48
218000215,80,84,-4
218000217,0,46,-46
218000218,319,93,226
218000219,0,24,-24
218000220,53,306,-253
218000221,487,241,246
218000222,1,49,-48
218000223,12,293,-281
218000224,4,94,-90
218000225,109,9,100
218000226,179,31,148
218000230,0,8,-8
218000232,50,60,-10
218000239,48,13,35
218000240,2,4,-2
218000241,8,1,7
218000242,0,0,0
218000243,8,0,8
218000244,42,0,42
218000245,8,9,-1
218000246,0,7,-7
218000247,0,0,0
218000248,0,9,-9
218000249,0,1,-1
218000250,2,1,1
218000251,1,18,-17
218000252,1,21,-20
218000253,0,13,-13
218000254,1,4,-3
218000255,1,5,-4
218000256,19,21,-2
218000267,425,455,-30
218000268,0,29,-29
218000269,3,10,-7
218000270,36,4,32
218000271,7,11,-4
218000273,45,3,42
218000274,27,0,27
218000275,45,65,-20
218000276,28,18,10
218000278,4,46,-42
218000279,52,13,39
218000280,0,6,-6
218000281,3,6,-3
218000282,272,496,-224
218000284,4,1,3
218000301,11,41,-30
218000302,17,18,-1
218000303,1,26,-25
218000316,1271,372,899
218000317,2285,167,2118
218000318,1246,168,1078
218000319,649,241,408
218000320,288,138,150
218000338,17,37,-20
218000345,113,29,84
218000346,55,75,-20
218000459,22,94,-72
218000490,1,34,-33
218000501,61,27,34
218000502,39,7,32
218000503,111,8,103
218000504,48,1,47
218000505,23,37,-14
218000506,9,72,-63
218000508,0,0,0
218000510,73,3,70
218000520,111,80,31
218000521,2,17,-15
218000522,3,264,-261
218000523,49,4,45
218000524,0,187,-187
218000525,14,7,7
218000526,0,120,-120
218000529,19,56,-37
218000530,7,0,7
218000531,1,19,-18
218000532,76,6,70
218000534,415,8,407
218000537,2,153,-151
218000538,40,110,-70
218000540,48,74,-26
218000543,160,41,119
218000544,4,5,-1
218000545,153,40,113
218000546,4,14,-10
218000547,95,96,-1
218000548,50,64,-14
218000549,626,60,566
218000550,67,94,-27
218000551,34,199,-165
218000552,369,41,328
218000553,51,39,12
218000554,3,6,-3
218000555,53,22,31
218000556,96,17,79
218000557,587,106,481
218000558,11,0,11
218000559,0,43,-43
218000560,0,14,-14
218000561,9,0,9
218000562,0,78,-78
218000563,56,17,39
218000564,0,93,-93
218000565,64,20,44
218000566,77,9,68
218000567,1,70,-69
218000568,1,0,1
218000569,1,161,-160
218000570,53,2,51
218000571,3,93,-90
218000572,28,0,28
218000573,0,129,-129
218000574,12,13,-1
218000575,39,0,39
218000576,0,48,-48
218000577,30,0,30
218000578,0,64,-64
218000579,1,5,-4
218000581,1,18,-17
218000582,85,4,81
218000583,14,7,7
218000584,0,50,-50
218000585,25,1,24
218000586,0,22,-22
218000587,0,1,-1
218000588,0,5,-5
218000589,0,37,-37
218000590,2,0,2
218000591,1,75,-74
218000592,1,18,-17
218000593,2,39,-37
218000594,0,23,-23
218000597,0,36,-36
218000598,6,16,-10
218000599,1,106,-105
218000600,1,10,-9
218000601,0,54,-54
218000602,0,0,0
218000603,0,5,-5
218000604,25,1,24
218000605,0,379,-379
218000606,284,1,283
218000607,3,60,-57
218000608,13,16,-3
218000609,2,19,-17
218000610,79,1,78
218000611,2,0,2
218000612,0,12,-12
218000613,18,0,18
218000614,16,9,7
218000615,141,0,141
218000616,3,163,-160
218000617,1,0,1
218000618,0,23,-23
218000619,57,3,54
218000620,3,13,-10
218000621,0,0,0
218000622,0,86,-86
218000623,1,0,1
218000624,0,39,-39
218000625,3,0,3
218000626,0,26,-26
218000628,160,68,92
218000631,154,24,130
218000632,0,149,-149
218000633,28,1,27
218000634,1,1,0
218000635,22,4,18
218000636,309,188,121
218000637,987,107,880
218000638,377,3,374
218000639,17,36,-19
218000640,530,3,527
218000641,94,15,79
218000652,38,58,-20
218000653,230,25,205
218000663,1,7,-6
218000675,1,43,-42
218000676,0,0,0
218000677,33,0,33
218000680,120,100,20
218000681,650,29,621
218000691,158,126,32
218000693,695,39,656
218000703,0,0,0
218000718,20,74,-54
218000719,36,81,-45
218000720,1,116,-115
218000721,5,3,2
218000725,0,0,0
218001147,0,43,-43
218001214,20,12,8
218001258,343,17,326
218001329,119,98,21
218001330,45,104,-59
218001351,9,2,7
218001352,5,9,-4
218001353,1,5,-4
218001354,18,25,-7
218001355,5,39,-34
218001356,672,65,607
218001357,2,22,-20
218001358,422,3,419
218001361,675,67,608
218001362,0,25,-25
219000001,0,0,0
219000002,0,0,0
219000003,32,15,17
219000004,17,69,-52
219000017,23,19,4
219000020,180,16,164
219000022,184,0,184
219000023,47,3,44
219000029,0,0,0
219000034,65,45,20
219000039,0,4,-4
219000040,17,13,4
219000041,114,41,73
219000051,0,0,0
219000052,0,0,0
219000053,0,0,0
219000054,0,0,0
219000055,306,1,305
219000056,0,0,0
219000057,41,0,41
219000062,0,21,-21
219000063,158,1,157
219000064,0,9,-9
219000110,187,186,1
219000111,77,46,31
219000112,152,22,130
219000113,182,10,172
219000114,80,14,66
219000116,63,44,19
219000117,65,31,34
219000118,16,30,-14
219000123,97,1,96
219000124,1,0,1
219000125,0,0,0
219000126,0,0,0
219000127,0,0,0
219000128,1,9,-8
219000129,2,11,-9
219000130,53,58,-5
219000131,566,673,-107
219000133,17,50,-33
219000134,14,22,-8
219000135,4,14,-10
219000136,19,111,-92
219000138,82,1,81
219000139,46,0,46
219000140,100,0,100
219000141,103,1,102
219000142,5,0,5
219000143,0,2,-2
219000145,7,6,1
219000146,0,0,0
219000147,0,0,0
219000148,0,0,0
219000149,0,0,0
219000150,0,0,0
219000151,0,0,0
219000157,179,62,117
219000158,162,38,124
219000161,201,2,199
219000163,646,222,424
219000166,106,86,20
219000167,23,37,-14
219000168,162,21,141
219000174,508,73,435
219000175,127,3,124
219000176,204,4,200
219000177,89,2,87
219000178,105,0,105
219000179,66,32,34
219000180,38,1,37
219000182,46,3,43
219000183,60,3,57
219000184,51,4,47
219000185,0,0,0
219000186,40,8,32
219000187,35,10,25
219000189,1,6,-5
219000190,5,6,-1
219000191,18,135,-117
219000192,258,123,135
219000193,12,7,5
219000195,0,0,0
219000196,0,0,0
219000198,0,0,0
219000199,1,0,1
219000200,0,1,-1
219000201,1,1,0
219000203,0,1,-1
219000204,3,27,-24
219000205,5,19,-14
219000207,9,31,-22
219000209,1,0,1
219000210,0,0,0
219000213,0,25,-25
219000239,37,125,-88
219000240,47,174,-127
219000241,58,25,33
219000242,11,77,-66
219000243,87,236,-149
219000244,6,177,-171
219000245,21,141,-120
219000246,36,23,13
219000247,209,29,180
219000248,379,399,-20
219000249,147,92,55
219000250,156,35,121
219000251,428,87,341
219000252,256,40,216
219000253,179,7,172
219000255,107,139,-32
219000256,276,25,251
219000257,104,0,104
219000262,7,16,-9
219000263,7,16,-9
219000267,0,0,0
219000268,0,0,0
219000269,0,1,-1
219000270,4,0,4
219000271,206,0,206
219000278,0,0,0
219000279,0,0,0
219000283,0,2,-2
219000295,0,24,-24
219000296,2,48,-46
219000297,0,0,0
219000298,0,1,-1
219000299,195,34,161
219000300,6,7,-1
219000301,1,12,-11
219000302,0,10,-10
219000307,0,0,0
219000308,65,18,47
219000311,124,27,97
219000312,217,59,158
219000313,241,57,184
219000314,5,6,-1
219000315,190,11,179
219000316,319,25,294
219000317,60,12,48
219000320,0,0,0
219000321,0,0,0
219000323,0,0,0
219000325,0,0,0
219000326,1,8,-7
219000327,0,0,0
219000328,0,0,0
219000329,225,95,130
219000330,0,3,-3
219000331,19,5,14
219000332,99,9,90
219000333,54,0,54
219000335,48,2,46
219000337,1,2,-1
219000338,16,0,16
219000344,0,0,0
219000345,0,0,0
219000346,0,0,0
219000348,12,5,7
219000349,1,30,-29
219000350,0,2,-2
219000351,0,0,0
219000352,22,58,-36
219000353,112,30,82
219000354,564,47,517
219000355,60,22,38
219000356,207,513,-306
219000363,104,46,58
219000364,136,12,124
219000365,76,6,70
219000366,153,566,-413
219000368,147,238,-91
219000370,525,339,186
219000371,0,0,0
219000382,0,14,-14
219000383,50,150,-100
219000385,49,173,-124
219000386,61,367,-306
219000387,0,2,-2
219000390,3,3,0
219000391,0,0,0
219000397,0,0,0
219000398,35,25,10
219000401,7,7,0
219000402,4,19,-15
219000403,10,61,-51
219000404,31,18,13
219000407,4,7,-3
219000409,50,18,32
219000410,110,7,103
219000411,83,6,77
219000446,15,53,-38
219000447,0,0,0
219000448,4,9,-5
219000452,44,92,-48
219000453,0,115,-115
219000454,206,168,38
219000556,514,21,493
219000558,4,35,-31
219000590,2,91,-89
219000591,263,25,238
219000592,1,31,-30
219000595,0,0,0
219000635,68,71,-3
219000636,0,0,0
219000657,23,0,23
219000658,0,2,-2
219000673,0,0,0
219000676,4,0,4
219000679,27,0,27
219000684,88,0,88
219000685,0,15,-15
219000686,0,0,0
219000688,0,2,-2
219000689,5,60,-55
219000690,68,8,60
219000691,32,17,15
219000692,123,2,121
219000693,0,0,0
219000694,34,0,34
219000695,79,6,73
219000698,9,0,9
219000699,0,0,0
219000727,0,2,-2
219000728,114,0,114
219000770,20,0,20
219000771,0,0,0
219000788,67,202,-135
219001150,0,69,-69
219001151,0,0,0
219001166,14,21,-7
219001167,0,17,-17
219001178,50,0,50
220000001,10,62,-52
220000002,1,39,-38
220000003,20,24,-4
220000004,49,76,-27
220000005,143,234,-91
220000006,49,80,-31
220000007,152,64,88
220000008,56,111,-55
220000009,26,61,-35
220000010,17,41,-24
220000011,174,1961,-1787
220000012,13,247,-234
220000014,80,64,16
220000015,44,403,-359
220000017,18,152,-134
220000018,4270,778,3492
220000019,93,356,-263
220000020,243,158,85
220000021,646,128,518
220000022,932,136,796
220000023,216,50,166
220000024,615,308,307
220000025,391,1032,-641
220000026,159,500,-341
220000027,20,162,-142
220000028,18,223,-205
220000029,7,35,-28
220000030,3,22,-19
220000031,487,318,169
220000064,27,363,-336
221000046,0,0,0
221000047,0,0,0
221000048,0,0,0
221000049,0,2,-2
221000050,4,0,4
221000055,19,50,-31
221000057,110,5,105
221000068,199,83,116
221000069,218,13,205
221000070,134,2,132
221000071,77,4,73
221000072,171,4,167
221000073,211,7,204
221000074,0,0,0
221000075,0,39,-39
221000076,1,12,-11
221000077,2,8,-6
221000081,9,3,6
221000082,44,0,44
221000083,1,1,0
221000084,2,5,-3
221000085,2,95,-93
221000086,3,164,-161
221000087,0,114,-114
221000088,8,86,-78
221000089,11,69,-58
221000090,16,158,-142
221000098,134,6,128
221000099,147,4,143
221000100,145,0,145
221000101,113,3,110
221000102,81,6,75
221000109,1,14,-13
221000110,1,26,-25
221000111,1,12,-11
221000112,0,20,-20
221000113,0,29,-29
221000114,0,42,-42
221000120,5,42,-37
221000121,0,12,-12
221000122,22,40,-18
221000123,9,52,-43
221000124,8,149,-141
221000155,57,7,50
221000156,95,21,74
221000175,24,3,21
221000176,2,21,-19
221000182,49,0,49
221000241,302,229,73
221000242,25,127,-102
221000243,282,106,176
221000244,30,311,-281
221000245,57,21,36
221000246,2,196,-194
221000247,196,54,142
221000248,84,155,-71
221000267,30,184,-154
221000325,33,64,-31
221000331,0,55,-55
221000338,2,17,-15
221000378,335,21,314
221000381,15,45,-30
222000282,1,1,0
222000296,0,13,-13
222000568,193,18,175
222000569,61,20,41
222000570,147,9,138
222000571,244,2,242
222000577,2,37,-35
222000578,2,85,-83
222000579,12,32,-20
222000580,15,632,-617
222000599,0,21,-21
222000600,0,61,-61
222000601,2,149,-147
222000603,5,26,-21
222000604,1,50,-49
222000605,3,42,-39
222000606,1,8,-7
222000607,0,14,-14
222000608,2,6,-4
222000609,24,22,2
222000616,603,9,594
222000617,0,9,-9
222000618,0,0,0
222000620,10,2,8
222000621,33,17,16
222000623,355,0,355
222000624,272,2,270
222000625,896,5,891
222000636,18,0,18
222000686,6,60,-54
222000687,11,5,6
222001066,302,1,301
222001067,50,3,47
222001068,204,17,187
222001069,154,5,149
222001082,20,29,-9
222001083,70,6,64
222001084,0,27,-27
222001085,2,147,-145
222001111,86,17,69
222001112,293,19,274
222001313,9,1,8
222001314,0,42,-42
222001464,447,38,409
222001465,44,49,-5
222001484,244,25,219
222001485,6,17,-11
222001494,800,144,656
222001495,58,44,14
222001496,469,43,426
222001497,35,220,-185
222001502,0,2,-2
222001503,219,9,210
222001504,2,11,-9
222001505,332,12,320
222001506,1,4,-3
222001507,140,7,133
222001510,610,5,605
222001511,2,89,-87
222001514,598,10,588
222001515,6,112,-106
222001518,531,8,523
222001519,4,53,-49
222001527,86,30,56
222001528,0,19,-19
222001529,354,8,346
222001530,2,55,-53
222001533,1,19,-18
222001534,619,28,591
222001535,362,116,246
222001536,18,190,-172
222001537,259,4,255
222001538,2,100,-98
222001563,1029,23,1006
222001564,7,111,-104
222001568,89,30,59
222001576,0,4,-4
222001579,0,20,-20
222001583,3,39,-36
222001584,232,11,221
222001596,82,179,-97
222001597,928,94,834
222001626,0,23,-23
222001650,1,14,-13
222001651,11,126,-115
222001914,250,20,230
222001915,0,22,-22
222001968,520,114,406
222001969,73,193,-120
222001970,35,202,-167
222001971,45,3,42
222001972,4,3,1
225000001,341,81,260
225000002,531,57,474
225000003,884,51,833
225000004,469,48,421
225000005,24,28,-4
225000006,0,0,0
225000007,120,365,-245
225000010,156,17,139
225000011,115,880,-765
225000012,188,563,-375
225000013,58,39,19
225000014,399,61,338
225000015,51,53,-2
225000021,402,65,337
225000027,58,72,-14
225000032,538,38,500
225000042,39,100,-61
225000049,10,14,-4
225000050,102,10,92
225000053,0,0,0
225000058,389,75,314
225000067,10,7,3
225000068,7,19,-12
225000069,5,37,-32
225000070,3,42,-39
225000071,2,47,-45
225000075,17,355,-338
225000076,0,0,0
225000078,23,20,3
225000085,70,8,62
225000086,221,31,190
225000087,82,4,78
225000088,5,8,-3
225000089,0,0,0
225000090,0,0,0
225000091,0,0,0
225000092,3,15,-12
225000093,33,34,-1
225000094,1,22,-21
225000095,22,27,-5
225000096,6,19,-13
225000098,579,49,530
225000099,426,22,404
225000100,518,64,454
225000104,69,96,-27
225000110,1,24,-23
225000111,153,109,44
225000112,182,249,-67
225000113,26,293,-267
225000114,16,160,-144
225000115,497,336,161
225000116,155,45,110
225000117,354,266,88
225000118,619,177,442
225000119,287,23,264
225000120,463,19,444
225000121,128,7,121
225000123,511,12,499
225000125,471,125,346
225000126,374,129,245
225000127,358,1607,-1249
225000128,340,962,-622
225000132,443,17,426
225000133,181,6,175
225000134,371,51,320
225000135,55,3,52
225000136,343,3,340
225000137,316,22,294
225000138,406,66,340
225000143,1,1,0
225000144,0,0,0
225000145,58,28,30
225000146,0,0,0
225000147,0,0,0
225000148,0,0,0
225000149,0,0,0
225000151,0,0,0
225000155,9,16,-7
225000156,33,479,-446
225000157,139,150,-11
225000158,3,24,-21
225000171,0,24,-24
225000180,0,0,0
225000181,0,3,-3
225000182,20,13,7
225000185,0,112,-112
225000187,27,59,-32
225000191,14,1,13
225000194,0,1,-1
225000208,0,3,-3
225000209,46,7,39
225000210,0,0,0
225000217,0,2,-2
225000218,12,0,12
225000223,0,107,-107
225000224,6,0,6
225000225,0,216,-216
225000226,58,5,53
225000227,1,68,-67
225000228,5,4,1
225000229,0,14,-14
225000230,0,0,0
225000231,0,12,-12
225000232,105,0,105
225000241,33,0,33
225000242,0,15,-15
225000249,3,0,3
225000250,0,0,0
225000251,493,25,468
226000042,11,11,0
226000043,0,14,-14
226000044,30,33,-3
226000045,2,31,-29
226000046,637,42,595
226000047,381,74,307
226000048,426,75,351
226000049,376,146,230
226000070,0,0,0
226000071,0,0,0
226000072,0,0,0
226000073,0,0,0
226000074,0,0,0
226000084,0,0,0
226000085,0,1,-1
226000086,0,0,0
226000087,0,0,0
226000088,1,0,1
226000090,23,39,-16
226000091,4,6,-2
226000092,17,20,-3
226000093,5,35,-30
226000094,0,2,-2
226000095,24,9,15
226000105,1,0,1
226000106,2,0,2
226000107,11,0,11
226000108,4,0,4
226000109,118,0,118
226000124,206,88,118
226000134,1031,263,768
226000135,1682,265,1417
226000136,620,110,510
226000137,0,0,0
226000138,0,0,0
226000139,0,0,0
226000156,257,0,257
226000157,219,3,216
226000163,1,0,1
226000202,0,2,-2
226000231,744,10,734
226000232,41,5,36
227000033,484,5,479
227000036,681,24,657
227000037,601,10,591
227000038,192,26,166
227000049,0,0,0
227000050,0,0,0
227000055,34,0,34
227000056,16,1,15
227000084,0,0,0
227000085,0,0,0
227000088,40,3,37
227000089,25,0,25
227000090,41,0,41
227000091,68,1,67
227000093,113,0,113
227000094,12,0,12
227000130,0,0,0
227000131,0,0,0
227000132,0,0,0
227000133,0,0,0
227000134,0,0,0
227000152,0,0,0
227000153,0,0,0
227000155,0,0,0
227000156,0,0,0
227000165,0,0,0
227000196,518,30,488
227000199,589,19,570
227000230,0,109,-109
227000232,857,59,798
227000242,0,0,0
227000243,348,37,311
227000245,0,4,-4
227000246,2,4,-2
227000247,569,13,556
227000248,137,45,92
227000249,1,29,-28
227000250,307,149,158
227000251,10,58,-48
227000252,1,11,-10
227000253,315,34,281
227000262,545,8,537
227000266,1874,33,1841
227000267,1,262,-261
227000282,0,1,-1
227000284,708,12,696
227000286,0,0,0
227000287,0,0,0
227000291,0,0,0
227000484,259,4,255
227000485,0,6,-6
227000655,396,9,387
227000656,631,10,621
227000657,287,3,284
227000661,645,17,628
227000680,46,162,-116
229000265,54,16,38
229000296,0,9,-9
229000297,0,32,-32
229000298,0,129,-129
229000320,31,1,30
229000321,2,0,2
229000412,2,11,-9
229000414,1,15,-14
229000415,1,2,-1
229000416,0,0,0
229000417,1,0,1
229000419,127,123,4
229000440,130,25,105
229000442,24,1,23
229000443,7,0,7
229000444,0,26,-26
229000445,43,3,40
229000446,51,9,42
229000491,0,0,0
229000492,0,0,0
229000493,0,0,0
229000494,16,0,16
229000495,25,0,25
229000496,87,1,86
229000507,0,0,0
229000508,0,0,0
229000509,0,0,0
229000510,0,0,0
229000511,0,0,0
229000512,0,0,0
229000513,0,0,0
229000514,0,0,0
229000517,0,0,0
229000518,0,0,0
229000519,0,0,0
229000520,0,0,0
229000521,33,1,32
229000522,2,1,1
229000523,3,1,2
229000524,1,3,-2
229000527,0,0,0
229000528,0,0,0
229000529,4,0,4
229000530,48,0,48
229000531,2,0,2
229000532,2,0,2
229000533,41,0,41
229000534,7,0,7
229000564,36,0,36
229000565,51,0,51
229000566,0,0,0
229000567,0,0,0
229000582,29,0,29
229000583,4,0,4
229000584,0,0,0
229000585,0,0,0
229000718,0,0,0
229000719,0,0,0
229000720,0,0,0
229000721,0,0,0
229000722,0,0,0
229000723,0,0,0
229000724,0,0,0
229000725,0,0,0
229000738,0,0,0
229000739,0,0,0
229000740,0,0,0
229000741,3,0,3
229000742,0,0,0
229000743,1,0,1
229000744,0,0,0
229000745,0,0,0
229000746,0,0,0
229000847,88,1,87
229000848,131,0,131
229000849,184,3,181
229000851,134,0,134
229000854,0,0,0
229000856,0,0,0
229000857,0,0,0
229000858,0,0,0
229000919,0,0,0
229000930,0,0,0
229000937,70,21,49
229000966,8,22,-14
229000981,0,0,0
229000985,0,3,-3
229000986,0,1,-1
229000987,0,0,0
229000988,2,10,-8
229000989,16,2,14
229000990,1,15,-14
229000991,0,7,-7
229000992,33,5,28
229000993,129,13,116
229000998,8,39,-31
229000999,110,6,104
229001034,0,13,-13
229001035,1,2,-1
229001037,66,0,66
229001042,3,0,3
229001047,1,25,-24
229001050,62,11,51
229001168,0,0,0
229001200,23,1,22
229001338,0,1,-1
229001394,159,6,153
229001422,110,8,102
229001423,0,0,0
229001431,25,22,3
229001432,0,0,0
229001444,179,9,170
229001445,55,27,28
229001479,38,0,38
229001503,255,22,233
229001504,0,0,0
229001505,96,5,91
229001506,0,0,0
229001509,39,4,35
229001545,50,13,37
229001546,0,0,0
229001553,56,2,54
229001554,0,0,0
229001559,3,7,-4
229001560,8,24,-16
229001630,109,2,107
229001631,2,10,-8
229001635,0,14,-14
229001636,0,0,0
229001658,0,0,0
229001659,70,7,63
229001660,0,0,0
229001661,0,4,-4
229001662,44,0,44
229001663,0,0,0
229002584,220,83,137
229002831,88,59,29
229002841,0,12,-12
229002842,16,11,5
229002843,25,18,7
229002844,4,64,-60
229002845,1,75,-74
229002846,3,3,0
229002847,0,3,-3
229002848,3,25,-22
229002849,1,69,-68
229002850,7,16,-9
229002851,9,110,-101
229002852,60,72,-12
229002853,29,5,24
229002854,28,25,3
229002855,1,19,-18
229002856,40,12,28
229002857,55,39,16
229002858,34,0,34
229002859,10,3,7
229002860,30,0,30
229002861,38,58,-20
229002862,1,1,0
229002863,0,20,-20
229002864,35,19,16
229002865,0,30,-30
229002866,29,3,26
229002867,0,20,-20
229002868,1,0,1
229002869,0,60,-60
229002870,23,2,21
235000066,97,14,83
235000067,55,27,28
235000072,0,0,0
235000073,0,0,0
235000074,0,0,0
235000080,0,0,0
235000081,0,0,0
235000082,434,16,418
235000083,195,68,127
235000084,30,48,-18
235000085,214,38,176
235000089,5,14,-9
235000092,0,0,0
235000093,0,0,0
235000097,0,1,-1
235000098,71,5,66
235000099,11,14,-3
235000116,14,5,9
235000117,408,8,400
235000133,0,0,0
235000134,0,0,0
235000206,0,1,-1
235000207,1,0,1
235000208,0,0,0
235000209,1,5,-4
235000210,3,0,3
235000212,0,0,0
235000213,0,0,0
235000220,0,0,0
235000221,0,0,0
235000238,3,295,-292
235000239,0,18,-18
235000242,167,1024,-857
235000245,0,0,0
235000246,0,0,0
235000284,0,63,-63
235000295,29,2,27
235000305,173,8,165
235000306,345,0,345
235000307,8,1,7
235000308,9,0,9
235000309,71,0,71
235000310,27,0,27
235000311,36,17,19
235000322,0,6,-6
235000323,1,19,-18
235000324,0,6,-6
235000325,0,15,-15
235000326,0,47,-47
235000351,2,75,-73
235000352,19,54,-35
235000353,14,13,1
235000354,1,20,-19
235000355,7,48,-41
235000356,45,0,45
235000357,15,0,15
235000358,16,3,13
235000359,1,1,0
235000360,25,1,24
235000361,70,7,63
235000381,0,0,0
235000382,153,11,142
235000390,0,2,-2
235000391,154,1,153
235000392,130,108,22
235000393,141,105,36
235000395,114,12,102
235000396,463,39,424
235000400,35,64,-29
235000401,0,0,0
235000405,0,0,0
235000406,0,0,0
235000407,0,0,0
235000409,0,0,0
235000410,0,0,0
235000411,0,0,0
235000485,0,0,0
235000486,5,0,5
235000549,73,72,1
235000550,0,0,0
235000599,0,0,0
235000600,0,0,0
235000601,40,15,25
235000602,52,43,9
235000614,0,0,0
235000648,0,0,0
235000649,35,7,28
235000685,0,0,0
235000815,22,11,11
235000834,0,15,-15
235000855,31,23,8
235000862,0,0,0
235000891,0,0,0
235000892,4,0,4
235000901,0,0,0
235000907,0,0,0
235001010,60,33,27
235001029,0,0,0
235001030,189,27,162
235001078,178,51,127
235001079,0,0,0
235001147,19,26,-7
235001166,4,18,-14
235001167,0,0,0
235001169,19,75,-56
235001188,0,0,0
235001189,1,2,-1
235001197,0,0,0
235001200,0,0,0
235001207,453,30,423
235001210,0,0,0
235001215,0,0,0
235001239,0,0,0
235001244,0,1,-1
235016267,0,66,-66
277101746,0,0,0
277102712,0,0,0
277103813,0,0,0
277103814,0,0,0
277103898,0,0,0
277104249,0,0,0
277104250,0,9,-9
277104251,1,0,1
277104252,0,0,0
990011530,0,75,-75
990014944,0,56,-56
990015176,21,24,-3
990015618,0,37,-37
990016032,0,60,-60
990032570,8,26,-18
990070001,93,2,91
990070103,0,0,0
990070601,0,7,-7
990070751,1345,1,1344
990070766,1,57,-56
990071180,291,18,273
990071343,1,0,1
990071387,0,0,0
990071823,232,12,220
990072600,1,526,-525
990072964,0,89,-89
990073285,0,0,0
990074393,0,159,-159
990074870,1177,26,1151
990075106,135,1,134
990075746,600,26,574
990076437,2826,3,2823
990076458,0,245,-245
997000007,175,10,165
997000041,1,121,-120
997000058,47,0,47
997000062,65,1,64
997000069,0,3,-3
997000070,0,14,-14
997000100,30,0,30
997000141,0,0,0
997000198,0,3,-3
998000475,0,0,0
998000736,0,16,-16
998000965,1,28,-27
998001031,0,23,-23
998001700,0,5,-5
998001899,0,0,0
998001900,3,17,-14
998003073,1762,20,1742
998101900,0,0,0
998102850,0,98,-98
998501927,148,60,88
998501929,51,2,49
998501930,40,2,38
998501931,84,4,80
998501932,4,0,4
998501933,19,0,19
998501937,3,1,2
998501944,3,0,3
998501950,0,1,-1
998501970,45,2,43
998501971,0,12,-12
998501973,0,4,-4
998501974,0,121,-121
998501975,136,3,133
998501976,94,0,94
998501977,0,23,-23
998501978,2,0,2
998501979,0,1,-1
998501980,101,23,78
998501981,50,1,49
998501982,0,51,-51
998501983,0,1,-1
998502006,0,0,0
998502024,0,5,-5
998502032,0,0,0
998502062,9,3,6
998502063,0,0,0
998502173,6,0,6
998502269,0,0,0
998502546,0,79,-79
998502578,0,0,0
998502599,12,291,-279
998601159,0,24,-24
998601292,0,0,0
999033574,3,398,-395
999800001,24,2,22
999800002,0,2,-2
999800003,0,5,-5
999800004,0,3,-3
999800005,0,0,0
