ID,insum,outsum,diff
100000001,87,84,3
100000002,1244,2101,-857
100000003,1183,2178,-995
100000004,82,580,-498
100000005,982,1408,-426
100000006,7,26,-19
100000007,124,142,-18
100000008,0,0,0
100000009,0,36,-36
100000010,1,27,-26
100000011,32,14,18
100000012,0,0,0
100000013,0,0,0
100000014,0,0,0
100000015,146,266,-120
100000016,0,0,0
100000017,0,0,0
100000018,128,73,55
100000019,143,288,-145
100000020,55,265,-210
100000021,3,0,3
100000022,99,184,-85
100000023,11,0,11
100000025,0,16,-16
100000028,16,15,1
100000029,0,0,0
100000030,0,0,0
100000031,162,539,-377
100000032,168,200,-32
100000033,163,121,42
100000034,0,0,0
100000035,25,98,-73
100000036,61,55,6
100000037,35,43,-8
100000038,309,74,235
100000039,111,10,101
100000040,1,12,-11
100000041,70,67,3
100000042,86,61,25
100000043,34,42,-8
100000044,0,0,0
100000045,0,0,0
100000046,0,0,0
100000047,0,0,0
100000048,0,0,0
100000049,0,0,0
100000051,0,0,0
100000053,1,2,-1
100000054,9,10,-1
100000055,0,0,0
100000056,12,48,-36
100000057,168,79,89
100000058,0,0,0
100000059,8,1,7
100000060,87,37,50
100000061,129,52,77
100000062,94,65,29
100000063,119,57,62
100000064,127,12,115
100000065,23,2,21
100000066,5,6,-1
100000067,9,15,-6
100000068,21,17,4
100000069,2,32,-30
100000072,0,0,0
100000073,0,0,0
100000075,0,0,0
100000076,225,1014,-789
100000077,46,61,-15
100000078,18,193,-175
100000079,3,114,-111
100000080,1,46,-45
100000081,2,41,-39
100000102,282,1158,-876
100000103,105,112,-7
100000104,107,132,-25
100000105,0,0,0
100000106,113,1282,-1169
100000107,13,367,-354
100000108,3,4,-1
100000109,91,18,73
100000116,41,35,6
100000117,1,73,-72
100000118,389,50,339
100000119,129,45,84
100000121,20,30,-10
100000122,121,120,1
100000123,234,63,171
100000124,95,115,-20
100000125,29,52,-23
100000126,2,9,-7
100000127,3,9,-6
100000128,1,17,-16
100000129,9,7,2
100000130,0,0,0
100000131,1,1,0
100000132,18,119,-101
100000133,313,97,216
100000135,107,102,5
100000139,55,88,-33
100000140,0,0,0
100000142,112,37,75
100000143,0,0,0
100000144,0,0,0
100000147,237,1065,-828
100000150,3,16,-13
100000151,90,536,-446
100000153,0,0,0
100000154,0,0,0
100000155,0,43,-43
100000156,19,98,-79
100000157,188,82,106
100000158,21,70,-49
100000159,17,34,-17
100000165,64,17,47
100000169,0,0,0
100000174,0,0,0
100000179,9,24,-15
100000180,0,0,0
100000181,9,4,5
100000188,0,0,0
100000189,121,26,95
100000190,63,288,-225
100000191,4,171,-167
100000192,4,273,-269
100000193,49,33,16
100000330,0,0,0
100000355,1,2,-1
100000362,163,84,79
100000363,1858,2432,-574
100000364,0,0,0
100000365,2874,1263,1611
100000366,395,341,54
100000367,2233,1713,520
100000368,56,69,-13
100000369,87,738,-651
100000370,0,42,-42
100000376,0,3,-3
100000379,102,481,-379
100000380,771,1569,-798
100000384,1242,2300,-1058
100000385,125,685,-560
100000386,484,1081,-597
100000387,301,1283,-982
100000388,1491,1072,419
100000389,1218,1997,-779
100000390,758,306,452
100000391,684,1892,-1208
100000392,174,266,-92
100000393,86,908,-822
100000394,108,390,-282
100000395,90,227,-137
100000396,300,362,-62
100000397,479,749,-270
100000398,1974,903,1071
100000413,0,0,0
100900002,0,0,0
100900003,0,0,0
100900004,0,0,0
100900005,0,0,0
100900006,0,0,0
100900007,0,0,0
100900008,0,0,0
100900009,0,0,0
100900010,0,0,0
100900011,0,0,0
100900012,0,0,0
100900013,0,0,0
100900014,0,0,0
100900015,0,0,0
100900016,0,0,0
100900017,0,0,0
100900018,0,0,0
100900019,0,0,0
100900020,0,0,0
100900021,0,0,0
100900022,0,0,0
100900023,0,0,0
100900024,0,0,0
100900025,0,0,0
100900026,0,0,0
100900027,0,0,0
100900028,0,0,0
100900029,0,0,0
100900030,0,0,0
100900031,0,0,0
100900032,0,0,0
100900033,0,0,0
100900034,0,0,0
100900035,0,0,0
100900036,0,0,0
100900037,0,0,0
100900038,0,0,0
100900039,0,0,0
100900040,0,0,0
100900041,0,0,0
100900042,1,0,1
100900043,0,0,0
100900044,0,0,0
100900045,0,0,0
100900046,0,0,0
100900047,0,0,0
100900048,0,0,0
100900049,0,0,0
100900050,0,0,0
100900051,0,0,0
100900052,0,0,0
100900053,0,0,0
100900054,0,0,0
100900055,0,0,0
100900056,0,0,0
100900057,0,0,0
100900058,0,0,0
100900059,0,0,0
100900060,0,0,0
100900061,0,0,0
100900062,0,0,0
100900063,0,0,0
100900064,0,0,0
100900065,0,0,0
100900066,0,2,-2
100900067,0,0,0
100900068,0,0,0
100900069,0,0,0
100900070,0,0,0
100900071,0,0,0
100900072,0,0,0
100900073,0,0,0
100900074,0,0,0
100900075,0,0,0
100900076,0,0,0
100900077,0,0,0
100900078,0,0,0
100900079,0,0,0
100900080,0,0,0
100900081,0,0,0
100900082,0,0,0
100900083,0,0,0
100900085,0,0,0
100900086,0,0,0
100900088,0,0,0
100900089,0,0,0
100900090,0,0,0
100900091,0,0,0
100900092,0,0,0
100900093,0,0,0
100900094,0,0,0
100900095,0,0,0
100900096,0,0,0
100900097,0,0,0
100900098,0,0,0
100900099,0,0,0
100900100,0,0,0
100900101,0,0,0
100900102,0,0,0
100900103,0,0,0
100900104,0,0,0
100900105,0,0,0
100900106,0,0,0
100900107,0,0,0
100900108,0,0,0
100900109,0,0,0
100900110,0,0,0
100900111,0,0,0
100900112,0,0,0
100900113,0,0,0
100900114,0,0,0
100900115,0,0,0
100900116,0,0,0
100900117,0,0,0
100900118,0,0,0
100900119,0,0,0
100900120,0,0,0
100900121,0,0,0
100900122,0,0,0
100900123,0,0,0
100900124,0,0,0
100900125,0,0,0
100900126,0,0,0
100900127,0,0,0
100900128,0,0,0
100900129,0,0,0
100900131,0,0,0
100900133,0,0,0
100900134,0,0,0
100900135,0,0,0
100900137,0,0,0
100900138,0,0,0
100900139,0,0,0
100900140,0,0,0
100900141,0,0,0
100900142,0,0,0
100900143,0,0,0
100900144,0,0,0
100900145,0,0,0
100900146,0,0,0
100900147,0,0,0
100900148,0,0,0
100900149,0,0,0
100900150,0,0,0
100900151,0,0,0
100900152,0,0,0
100900153,0,0,0
100900154,0,0,0
100900155,0,0,0
100900156,0,0,0
100900157,0,0,0
100900159,0,0,0
100900160,0,0,0
100900161,0,0,0
100900162,0,0,0
100900163,0,0,0
100900164,0,0,0
100900165,0,0,0
100900166,0,0,0
100900167,0,0,0
100900168,0,0,0
100900169,0,0,0
100900170,0,0,0
100900171,0,0,0
100900172,0,0,0
100900173,0,0,0
100900174,0,0,0
100900176,0,0,0
100900177,0,0,0
100900178,0,0,0
100900179,0,0,0
100900180,0,0,0
100900181,0,0,0
100900182,0,0,0
100900184,0,0,0
100900186,0,0,0
100900187,0,0,0
100900188,0,0,0
100900189,0,0,0
100900191,0,0,0
100900192,0,0,0
100900195,0,0,0
100900197,0,0,0
100900198,0,0,0
100900199,0,0,0
100900200,0,0,0
100900201,0,0,0
100900202,0,0,0
100900203,0,0,0
100900204,0,0,0
100900205,0,0,0
100900206,0,0,0
100900207,0,0,0
100900210,0,0,0
100900211,0,0,0
100900213,0,0,0
100900214,0,0,0
100900215,0,0,0
100900217,0,0,0
101000001,157,294,-137
101000002,48,112,-64
101000003,3,118,-115
101000004,1330,1585,-255
101000005,793,1446,-653
101000006,360,70,290
101000007,42,364,-322
101000008,254,877,-623
101000009,220,67,153
101000010,74,42,32
101000011,20,93,-73
101000012,0,0,0
101000013,47,142,-95
101000014,63,111,-48
101000015,17,20,-3
101000016,0,0,0
101000017,0,0,0
101000018,107,20,87
101000020,121,31,90
101000021,33,113,-80
101000022,0,0,0
101000023,89,238,-149
101000025,0,0,0
101000026,0,0,0
101000027,101,191,-90
101000028,0,0,0
101000029,0,0,0
101000030,0,0,0
101000031,0,10,-10
101000032,652,971,-319
101000033,17,24,-7
101000034,76,87,-11
101000035,0,0,0
101000036,17,27,-10
101000037,67,309,-242
101000039,0,0,0
101000040,61,120,-59
101000041,1021,1835,-814
101000042,14,193,-179
101000043,56,160,-104
101000045,79,208,-129
101000046,307,454,-147
101000047,354,295,59
101000048,82,119,-37
101000049,0,8,-8
101000050,82,184,-102
101000051,99,626,-527
101000052,91,620,-529
101000053,149,163,-14
101000054,159,45,114
101000055,402,578,-176
101000056,0,0,0
101000057,72,4,68
101000058,26,357,-331
101000059,364,1400,-1036
101000060,21,2,19
101000061,86,1156,-1070
101000062,36,3,33
101000063,91,664,-573
101000064,36,2,34
101000065,108,313,-205
101000066,113,243,-130
101000067,26,8,18
101000068,27,11,16
101000069,121,0,121
101000070,123,13,110
101000071,75,54,21
101000072,618,393,225
101000073,179,105,74
101000074,1547,473,1074
101000075,1379,318,1061
101000077,255,47,208
101000078,134,45,89
101000079,292,217,75
101000080,33,3,30
101000081,213,84,129
101000082,46,37,9
101000083,405,149,256
101000084,17,21,-4
101000085,368,253,115
101000086,0,0,0
101000087,0,0,0
101000088,355,143,212
101000089,132,182,-50
101000090,0,0,0
101000091,10,4,6
101000092,285,57,228
101000093,168,70,98
101000094,19,23,-4
101000095,4,14,-10
101000096,76,23,53
101000097,9,9,0
101000098,6,25,-19
101000099,88,139,-51
101000100,6,14,-8
101000101,74,36,38
101000102,85,109,-24
101000103,57,67,-10
101000104,42,145,-103
101000105,5,25,-20
101000106,0,0,0
101000107,0,0,0
101000108,0,0,0
101000109,0,0,0
101000110,0,0,0
101000111,0,0,0
101000113,0,0,0
101000114,197,123,74
101000115,0,0,0
101000116,0,0,0
101000117,0,0,0
101000119,0,15,-15
101000120,0,0,0
101000121,0,0,0
101000122,0,0,0
101000123,0,0,0
101000124,0,0,0
101000125,3,1,2
101000128,0,0,0
101000130,29,14,15
101000131,80,26,54
101000132,5,14,-9
101000135,0,0,0
101000136,0,0,0
101000137,0,2,-2
101000141,220,1750,-1530
101000147,4,14,-10
101000148,0,0,0
101000149,0,0,0
101000150,0,0,0
101000151,0,0,0
101000152,15,5,10
101000153,54,13,41
101000154,42,9,33
101000155,0,0,0
101000156,0,0,0
101000157,0,0,0
101000160,0,0,0
101000163,42,161,-119
101000164,0,0,0
101000165,125,76,49
101000166,17,30,-13
101000168,0,0,0
101000252,309,73,236
101000254,0,0,0
101000258,0,0,0
101000261,0,0,0
101000262,280,2096,-1816
101000263,46,358,-312
101000265,0,0,0
101000266,0,0,0
101000269,0,0,0
101000290,82,129,-47
101000293,0,0,0
101000294,29,13,16
101000295,3,30,-27
101000301,2,6,-4
101000304,183,516,-333
101000305,289,262,27
101000328,45,168,-123
101900001,0,0,0
101900002,0,0,0
101900003,0,0,0
101900004,0,0,0
101900005,0,0,0
101900006,0,0,0
101900007,0,0,0
101900008,0,0,0
101900009,0,0,0
101900010,0,0,0
101900011,0,0,0
101900012,0,0,0
101900013,0,0,0
101900017,0,0,0
101900018,0,0,0
101900019,0,0,0
101900020,0,0,0
101900021,0,0,0
101900022,0,0,0
101900023,0,0,0
101900026,0,0,0
101900027,0,0,0
102000001,268,455,-187
102000002,101,76,25
102000003,98,315,-217
102000004,88,334,-246
102000005,46,399,-353
102000006,38,282,-244
102000007,51,405,-354
102000008,459,222,237
102000009,515,641,-126
102000010,259,301,-42
102000011,193,585,-392
102000012,399,439,-40
102000018,120,152,-32
102000019,0,0,0
102000026,0,0,0
102000029,0,0,0
102000030,0,0,0
102000031,0,0,0
102000032,0,0,0
102000033,0,0,0
102000034,0,0,0
102000035,0,0,0
102000036,0,0,0
102000037,0,0,0
102000038,0,0,0
102000039,0,0,0
102000040,0,0,0
102000041,0,0,0
102000042,0,0,0
102000043,0,0,0
102000044,0,0,0
102000045,82,84,-2
102000046,0,0,0
102000047,47,92,-45
102000048,0,0,0
102000049,0,0,0
102000050,100,73,27
102000051,0,0,0
102000052,165,87,78
102000053,0,0,0
102000054,83,16,67
102000055,50,6,44
102000056,298,37,261
102000057,20,123,-103
102000058,25,4,21
102000059,20,24,-4
102000060,530,316,214
102000061,5,33,-28
102000062,185,181,4
102000063,16,31,-15
102000064,9,29,-20
102000065,0,4,-4
102000066,95,29,66
102000067,57,213,-156
102000068,361,273,88
102000069,0,0,0
102000070,0,0,0
102000071,642,529,113
102000072,427,533,-106
102000073,0,0,0
102000074,0,0,0
102000075,0,0,0
102000076,0,0,0
102000077,2,1,1
102000078,0,0,0
102000079,2,0,2
102000080,0,0,0
102000081,6,4,2
102000082,0,0,0
102000083,1,0,1
102000084,146,25,121
102000085,3,0,3
102000086,162,62,100
102000087,4,15,-11
102000088,10,34,-24
102000089,169,69,100
102000090,53,180,-127
102000091,289,198,91
102000092,82,157,-75
102000093,165,186,-21
102000094,133,55,78
102000095,0,0,0
102000096,916,139,777
102000097,0,0,0
102000098,191,107,84
102000099,82,35,47
102000100,46,55,-9
102000101,29,42,-13
102000102,41,38,3
102000103,33,69,-36
102000104,0,0,0
102000105,0,0,0
102000106,0,0,0
102000107,0,0,0
102000108,0,0,0
102000109,0,0,0
102000110,0,0,0
102000111,0,0,0
102000112,0,0,0
102000113,0,0,0
102000114,0,0,0
102000115,0,0,0
102000116,2,65,-63
102000117,0,0,0
102000118,54,330,-276
102000119,0,0,0
102000120,0,0,0
102000121,0,0,0
102000122,0,0,0
102000123,0,0,0
102000124,0,0,0
102000125,0,0,0
102000126,0,0,0
102000127,0,0,0
102000128,0,0,0
102000129,0,0,0
102000130,0,0,0
102000131,0,0,0
102000132,0,0,0
102000133,259,81,178
102000134,49,91,-42
102000135,0,0,0
102000136,0,0,0
102000137,0,0,0
102000138,0,0,0
102000139,0,0,0
102000140,0,0,0
102000141,0,0,0
102000142,0,0,0
102000143,0,0,0
102000144,0,0,0
102000145,0,0,0
102000146,0,0,0
102000147,0,0,0
102000148,0,0,0
102000149,0,0,0
102000150,0,0,0
102000151,0,0,0
102000152,0,0,0
102000153,0,0,0
102000154,0,0,0
102000155,0,0,0
102000156,0,0,0
102000157,0,0,0
102000158,0,0,0
102000159,0,0,0
102000161,0,0,0
102000162,0,0,0
102000163,0,0,0
102000164,0,0,0
102000165,0,0,0
102000166,0,0,0
102000167,0,0,0
102000168,7,3,4
102000169,1,15,-14
102000170,0,0,0
102000171,0,0,0
102000172,2,4,-2
102000173,3,11,-8
102000174,0,0,0
102000175,44,5,39
102000176,0,0,0
102000178,4,1,3
102000179,20,21,-1
102000180,50,0,50
102000181,76,8,68
102000182,54,3,51
102000183,159,138,21
102000184,24,13,11
102000185,314,81,233
102000186,34,15,19
102000187,27,17,10
102000188,180,100,80
102000189,141,26,115
102000190,455,373,82
102000191,88,36,52
102000192,0,0,0
102000193,0,0,0
102000194,0,0,0
102000195,0,0,0
102000196,0,0,0
102000197,0,0,0
102000198,0,0,0
102000199,0,0,0
102000200,0,0,0
102000201,0,0,0
102000202,0,0,0
102000203,0,0,0
102000204,0,0,0
102000205,0,0,0
102000206,0,0,0
102000207,0,0,0
102000208,0,0,0
102000209,0,0,0
102000210,0,0,0
102000211,0,0,0
102000212,0,0,0
102000213,0,0,0
102000214,0,0,0
102000215,0,0,0
102000216,0,0,0
102000217,0,0,0
102000218,0,0,0
102000219,0,0,0
102000225,223,164,59
102000226,0,0,0
102000227,0,0,0
102000228,0,0,0
102000229,0,0,0
102000230,34,65,-31
102000231,0,0,0
102000232,0,0,0
102000233,62,61,1
102000234,17,355,-338
102000236,0,0,0
102000237,0,0,0
102000238,0,0,0
102000240,0,0,0
102000241,0,0,0
102000243,3,4,-1
102000245,0,0,0
102000246,0,0,0
102000247,4,45,-41
102000248,26,123,-97
102000249,0,0,0
102000250,0,0,0
102000254,43,29,14
102000266,0,0,0
102000271,0,0,0
102000286,0,0,0
102000297,0,0,0
102000299,0,0,0
102000301,0,0,0
102000305,0,0,0
102000307,0,0,0
102900001,0,0,0
102900002,0,0,0
102900003,0,0,0
102900005,0,0,0
102900006,0,0,0
102900007,0,0,0
102900008,0,0,0
102900009,0,0,0
102900010,0,0,0
102900011,0,0,0
102900012,0,0,0
102900013,0,0,0
102900015,0,0,0
102900016,0,0,0
102900017,0,0,0
102900018,0,0,0
102900019,0,0,0
102900020,0,0,0
102900021,0,0,0
102900022,0,0,0
102900023,0,0,0
102900024,0,0,0
102900025,0,0,0
102900026,0,0,0
102900027,0,0,0
102900028,0,0,0
102900029,0,0,0
102900030,0,0,0
102900031,0,0,0
102900032,0,0,0
102900033,0,0,0
102900034,0,0,0
102900035,0,0,0
102900036,0,0,0
102900037,0,0,0
102900038,0,0,0
102900039,0,0,0
102900040,0,0,0
102900041,0,0,0
102900042,0,0,0
102900043,0,0,0
102900044,0,0,0
102900045,0,0,0
102900046,0,0,0
102900047,0,0,0
102900048,0,0,0
102900049,0,0,0
102900050,0,0,0
102900051,0,0,0
102900052,0,0,0
102900053,0,0,0
102900054,0,0,0
102900055,0,0,0
102900056,0,0,0
102900057,0,0,0
102900058,0,0,0
102900059,0,0,0
102900060,0,0,0
102900061,0,0,0
102900062,0,0,0
102900063,0,0,0
102900064,0,0,0
102900065,0,0,0
102900066,0,0,0
102900068,0,0,0
102900070,0,0,0
102900072,0,0,0
102900073,0,0,0
102900075,0,0,0
102900076,0,0,0
102900077,0,0,0
102900078,0,0,0
102900079,0,0,0
102900080,0,0,0
102900081,0,0,0
102900082,0,0,0
102900083,0,0,0
102900084,0,0,0
102900085,0,0,0
102900086,0,0,0
102900087,0,0,0
102900088,0,0,0
102900089,0,0,0
102900090,0,0,0
102900091,0,0,0
102900092,0,0,0
102900093,0,0,0
102900094,0,0,0
102900095,0,0,0
102900096,0,0,0
102900097,0,0,0
102900098,0,0,0
103000001,123,107,16
103000002,66,60,6
103000003,71,99,-28
103000004,7,34,-27
103000005,444,339,105
103000006,197,149,48
103000007,3,7,-4
103000008,0,0,0
103000009,118,113,5
103000010,0,0,0
103000011,19,37,-18
103000012,439,426,13
103000013,100,4,96
103000014,476,707,-231
103000015,0,0,0
103000016,40,73,-33
103000017,125,84,41
103000018,0,0,0
103000019,146,117,29
103000020,26,59,-33
103000021,911,618,293
103000022,22,52,-30
103000023,301,591,-290
103000024,0,0,0
103000025,9,93,-84
103000026,0,0,0
103000027,55,54,1
103000028,8,44,-36
103000029,59,53,6
103000030,54,47,7
103000031,110,285,-175
103000032,226,190,36
103000033,1763,829,934
103000034,20,37,-17
103000035,43,232,-189
103000036,16,225,-209
103000037,10,20,-10
103000038,175,296,-121
103000039,3,26,-23
103000040,52,39,13
103000041,172,239,-67
103000042,89,10,79
103000043,116,97,19
103000044,0,0,0
103000046,0,0,0
103000047,0,0,0
103000048,0,0,0
103000049,0,0,0
103000050,0,0,0
103000051,0,0,0
103000052,0,0,0
103000053,0,0,0
103000054,243,33,210
103000055,493,74,419
103000056,38,17,21
103000057,362,133,229
103000058,204,29,175
103000059,33,83,-50
103000060,87,19,68
103000061,99,146,-47
103000062,0,0,0
103000063,109,81,28
103000064,0,0,0
103000065,0,0,0
103000066,0,0,0
103000069,0,0,0
103000070,0,0,0
103000071,58,41,17
103000072,0,0,0
103000073,74,4,70
103000074,93,7,86
103000075,0,0,0
103000076,17,51,-34
103000077,0,0,0
103000078,98,58,40
103000079,0,54,-54
103000080,273,62,211
103000081,4,171,-167
103000082,129,39,90
103000083,0,0,0
103000084,7,2,5
103000085,0,0,0
103000086,183,103,80
103000087,63,215,-152
103000088,0,0,0
103000089,62,108,-46
103000090,496,300,196
103000091,76,165,-89
103000092,258,25,233
103000093,0,0,0
103000094,91,18,73
103000095,0,0,0
103000096,191,14,177
103000097,0,0,0
103000098,137,8,129
103000099,0,0,0
103000100,0,0,0
103000101,169,14,155
103000102,0,0,0
103000103,146,10,136
103000104,1,0,1
103000105,29,0,29
103000106,0,0,0
103000107,68,7,61
103000108,86,27,59
103000109,16,12,4
103000110,101,70,31
103000111,0,0,0
103000112,36,28,8
103000113,0,0,0
103000114,283,94,189
103000115,67,28,39
103000116,56,12,44
103000117,83,11,72
103000118,0,0,0
103000119,0,0,0
103000120,0,0,0
103000121,15,17,-2
103000122,239,879,-640
103000125,1,26,-25
103000126,65,1,64
103000127,0,6,-6
103000128,25,0,25
103000129,0,5,-5
103000130,49,0,49
103000131,6,11,-5
103000132,3,3,0
103000133,0,23,-23
103000134,189,131,58
103000135,95,24,71
103000136,283,140,143
103000137,33,151,-118
103000138,74,161,-87
103000139,0,0,0
103000140,32,25,7
103000141,0,0,0
103000142,9,6,3
103000143,0,0,0
103000144,21,13,8
103000145,1,2,-1
103000150,0,0,0
103000152,0,0,0
103000153,102,63,39
103000156,0,19,-19
103000157,28,0,28
103000159,0,0,0
103000162,2,0,2
103000163,0,36,-36
103000164,0,0,0
103000165,0,0,0
103000166,38,74,-36
103000167,20,7,13
103000168,0,0,0
103000169,46,33,13
103000170,454,258,196
103000171,14,2,12
103000172,96,11,85
103000173,0,0,0
103000174,120,7,113
103000175,0,0,0
103000176,10,23,-13
103000177,0,0,0
103000178,0,0,0
103000179,0,0,0
103000183,68,0,68
103000185,28,0,28
103000186,14,16,-2
103000187,0,0,0
103000188,1,0,1
103000189,0,0,0
103000191,0,1,-1
103000292,3,45,-42
103000293,31,119,-88
103000295,46,7,39
103000296,1,0,1
103000297,1,0,1
103000504,0,0,0
103000505,1,0,1
103000506,0,0,0
103000507,0,0,0
103000508,0,0,0
103000509,0,0,0
103900001,0,0,0
103900002,0,0,0
103900003,0,0,0
103900004,0,0,0
103900005,0,0,0
103900006,0,0,0
103900007,0,0,0
103900008,0,0,0
103900009,0,0,0
103900010,0,0,0
103900011,0,0,0
103900012,0,0,0
103900013,0,0,0
103900014,0,0,0
103900015,0,0,0
103900016,0,0,0
103900017,0,0,0
103900018,0,0,0
103900019,0,0,0
103900020,0,0,0
103900021,0,0,0
103900022,0,0,0
103900023,0,0,0
103900024,0,0,0
103900025,0,0,0
103900026,0,0,0
103900027,0,0,0
103900028,0,0,0
103900029,0,0,0
103900030,0,0,0
103900031,0,0,0
103900032,0,0,0
103900033,0,0,0
103900034,0,0,0
103900035,0,0,0
103900036,0,0,0
103900037,0,0,0
103900038,0,0,0
103900039,0,0,0
103900040,0,0,0
103900041,0,0,0
103900042,0,0,0
103900043,0,0,0
103900044,0,0,0
103900045,0,0,0
103900047,0,0,0
103900048,0,0,0
103900049,0,0,0
103900050,0,0,0
103900051,0,0,0
103900052,0,0,0
103900053,0,0,0
103900054,0,0,0
103900055,0,0,0
103900056,0,0,0
103900057,0,0,0
103900058,0,0,0
103900059,0,0,0
103900060,0,0,0
103900061,0,0,0
103900062,0,0,0
103900063,0,0,0
103900064,0,0,0
103900065,0,0,0
103900066,0,0,0
103900067,0,0,0
103900068,0,0,0
103900069,0,0,0
103900070,0,0,0
103900071,0,0,0
103900072,0,0,0
103900073,0,0,0
103900074,0,0,0
103900075,0,0,0
103900076,0,0,0
103900077,0,0,0
103900078,0,0,0
103900079,0,0,0
103900080,0,0,0
103900081,0,0,0
103900082,0,0,0
103900083,0,0,0
103900084,0,0,0
103900085,0,0,0
103900086,0,0,0
103900088,0,0,0
103900089,0,0,0
103900090,0,0,0
103900091,0,0,0
103900092,0,0,0
103900093,0,0,0
103900094,0,0,0
103900095,0,0,0
103900096,0,0,0
103900097,0,0,0
103900098,0,0,0
103900099,0,0,0
103900100,0,0,0
103900101,0,0,0
103900102,0,0,0
103900104,0,0,0
103900105,0,0,0
103900106,0,0,0
103900107,0,0,0
103900108,0,0,0
103900109,0,0,0
103900110,0,0,0
103900111,0,0,0
103900112,0,0,0
103900113,0,0,0
103900114,0,0,0
103900115,0,0,0
103900116,0,0,0
103900117,0,0,0
103900119,0,0,0
103900120,0,0,0
103900122,0,0,0
103900123,0,0,0
103900124,0,0,0
103900125,0,0,0
103900126,0,0,0
103900127,0,0,0
103900128,0,0,0
103900131,0,0,0
103900133,0,0,0
103900134,0,0,0
103900135,0,0,0
103900137,0,0,0
103900138,0,0,0
103900139,0,0,0
103900140,0,0,0
103900141,0,0,0
103900142,0,0,0
103900143,0,0,0
103900144,0,0,0
103900145,0,0,0
103900146,0,0,0
103900147,0,0,0
103900148,0,0,0
103900149,0,0,0
103900150,0,0,0
103900151,0,0,0
103900152,0,0,0
103900153,0,0,0
103900154,0,0,0
103900155,0,0,0
103900156,0,0,0
103900157,0,0,0
103900158,0,0,0
103900159,0,0,0
103900160,0,0,0
103900161,0,0,0
103900162,0,0,0
103900163,0,0,0
103900167,0,0,0
103900168,0,0,0
103900169,0,0,0
103900170,0,0,0
103900171,0,0,0
103900172,0,0,0
103900173,0,0,0
103900174,0,0,0
103900175,0,0,0
103900176,0,0,0
103900177,0,0,0
103900178,0,0,0
103900179,0,0,0
103900180,0,0,0
103900181,0,0,0
103900182,0,0,0
103900184,0,0,0
103900185,0,0,0
103900187,0,0,0
103900188,0,0,0
103900189,0,0,0
103900190,0,0,0
103900191,0,0,0
103900192,0,0,0
103900193,0,0,0
103900194,0,0,0
103900195,0,0,0
103900196,0,0,0
103900197,0,0,0
103900198,0,0,0
103900199,0,0,0
103900200,0,0,0
103900201,0,0,0
103900202,0,0,0
103900203,0,0,0
103900204,0,0,0
103900207,0,0,0
103900208,0,0,0
103900209,0,0,0
103900210,0,0,0
103900211,0,0,0
103900212,0,0,0
103900213,4,87,-83
103900214,48,112,-64
103900215,44,42,2
103900216,0,0,0
103900217,0,0,0
103900218,0,0,0
103900219,0,0,0
103900233,0,0,0
103900235,0,0,0
103900236,0,0,0
103900242,0,0,0
103900243,0,0,0
103900244,0,0,0
103900245,0,0,0
103900246,0,0,0
103900247,0,0,0
103900248,0,0,0
103900249,0,0,0
103900250,0,0,0
103900251,0,0,0
103900253,0,0,0
103900254,0,0,0
103900255,0,0,0
103900256,0,0,0
103900257,0,0,0
103900258,0,0,0
103900259,0,0,0
103900261,0,0,0
103900262,0,0,0
103900263,0,0,0
103900264,0,0,0
103900265,0,0,0
103900266,0,0,0
103900267,0,0,0
103900268,0,0,0
103900269,0,0,0
103900270,0,0,0
103900271,0,0,0
103900272,0,0,0
103900273,0,0,0
103900274,0,0,0
103900275,0,0,0
103900276,0,0,0
103900277,0,0,0
103900278,0,0,0
103900279,0,0,0
103900280,0,0,0
104000001,554,299,255
104000002,49,93,-44
104000003,744,426,318
104000004,812,295,517
104000005,466,514,-48
104000006,1121,355,766
104000007,809,164,645
104000008,114,106,8
104000009,123,74,49
104000010,102,83,19
104000011,0,0,0
104000012,0,0,0
104000013,136,44,92
104000014,0,0,0
104000015,171,20,151
104000016,0,0,0
104000018,159,87,72
104000019,249,180,69
104000020,117,111,6
104000021,134,88,46
104000022,31,36,-5
104000023,169,24,145
104000024,0,0,0
104000026,0,0,0
104000027,29,18,11
104000028,193,50,143
104000029,19,47,-28
104000030,152,75,77
104000031,126,36,90
104000032,0,0,0
104000033,257,26,231
104000034,0,0,0
104000035,272,44,228
104000036,258,72,186
104000037,0,0,0
104000038,140,61,79
104000039,131,81,50
104000040,55,115,-60
104000041,74,22,52
104000042,69,26,43
104000043,63,52,11
104000044,63,33,30
104000045,166,42,124
104000046,71,74,-3
104000047,37,294,-257
104000048,204,456,-252
104000049,1,2,-1
104000050,0,26,-26
104000051,0,0,0
104000052,211,118,93
104000053,100,47,53
104000054,6,1,5
104000055,325,89,236
104000056,0,0,0
104000057,0,0,0
104000058,305,53,252
104000059,90,144,-54
104000060,214,88,126
104000061,57,34,23
104000062,19,5,14
104000064,0,0,0
104000065,0,0,0
104000069,0,0,0
104000070,0,0,0
104000071,0,0,0
104000072,31,5,26
104000075,0,0,0
104000076,0,0,0
104000082,219,240,-21
104000083,7,23,-16
104000084,5,21,-16
104000085,28,15,13
104000086,1,12,-11
104000087,0,4,-4
104000090,0,0,0
104000092,0,0,0
104000094,0,0,0
104000095,66,246,-180
104000096,317,1,316
104000097,609,59,550
104000098,851,84,767
104000100,905,104,801
104000101,116,181,-65
104000106,1,7,-6
104000107,166,11,155
104000108,42,12,30
104000109,60,3,57
104000110,49,13,36
104000111,159,25,134
104000112,6,16,-10
104000116,0,0,0
104000117,95,15,80
104000118,31,2,29
104000119,20,5,15
104000120,18,4,14
104000121,1,39,-38
104000122,221,49,172
104000123,50,147,-97
104000124,401,556,-155
104000125,63,29,34
104000126,210,100,110
104000127,79,392,-313
104000128,216,47,169
104000129,89,0,89
104000130,1,1,0
104000131,0,0,0
104000132,0,0,0
104000133,51,5,46
104000134,92,95,-3
104000135,71,159,-88
104000136,364,257,107
104000137,501,102,399
104000138,0,0,0
104000139,737,501,236
104000141,127,203,-76
104000142,0,0,0
104000143,0,0,0
104000144,0,0,0
104000145,279,30,249
104000146,0,0,0
104000147,0,0,0
104000148,64,52,12
104000149,0,0,0
104000150,340,170,170
104000151,0,0,0
104000152,0,0,0
104000153,153,98,55
104000154,0,0,0
104000155,78,80,-2
104000157,51,17,34
104000158,32,11,21
104000159,4,7,-3
104000160,241,79,162
104000161,22,39,-17
104000162,42,110,-68
104000165,185,356,-171
104000167,151,149,2
104000168,126,1,125
104000169,51,2,49
104000170,0,0,0
104000248,0,0,0
104000251,0,0,0
104000272,0,0,0
104000273,0,0,0
104000274,0,0,0
104000275,0,0,0
104000279,0,0,0
104000290,0,0,0
104000291,147,140,7
104000293,111,105,6
104000294,0,0,0
104000295,26,64,-38
104000296,181,145,36
104000297,51,172,-121
104000298,424,68,356
104000299,128,138,-10
104900001,0,0,0
104900002,0,0,0
104900003,0,0,0
104900004,0,0,0
104900005,0,0,0
104900006,0,0,0
104900007,0,0,0
104900009,0,0,0
104900010,0,0,0
104900011,0,0,0
104900012,0,0,0
104900013,0,0,0
104900014,0,0,0
104900015,0,0,0
104900016,0,0,0
104900017,0,0,0
104900018,0,0,0
104900019,0,0,0
104900020,0,0,0
104900021,0,0,0
104900022,0,0,0
104900023,0,0,0
104900024,0,0,0
104900025,0,0,0
104900026,0,0,0
104900027,0,0,0
104900028,0,0,0
104900029,0,0,0
104900030,0,0,0
104900031,0,0,0
104900032,0,0,0
104900033,0,0,0
104900034,0,0,0
104900035,0,0,0
104900036,0,0,0
104900037,0,0,0
104900038,0,0,0
104900039,0,0,0
104900040,0,0,0
104900041,0,0,0
104900042,0,0,0
104900043,0,0,0
104900044,0,0,0
104900045,0,0,0
104900046,0,0,0
104900047,0,0,0
104900048,0,0,0
104900049,0,0,0
104900050,0,0,0
104900051,0,0,0
104900052,0,0,0
104900053,0,0,0
104900054,0,0,0
104900055,0,0,0
104900056,0,0,0
104900057,0,0,0
104900058,0,0,0
104900059,0,0,0
104900060,0,0,0
104900061,0,0,0
104900063,0,0,0
104900064,0,0,0
104900065,0,0,0
104900066,0,0,0
104900067,0,0,0
104900068,0,0,0
104900070,0,0,0
104900071,0,0,0
104900072,0,0,0
104900073,0,0,0
104900074,0,0,0
104900075,0,0,0
104900076,0,0,0
104900077,0,0,0
104900078,0,0,0
104900079,0,0,0
104900080,0,0,0
104900082,0,0,0
104900085,0,0,0
104900087,0,0,0
104900089,0,0,0
104900090,0,0,0
104900091,0,0,0
104900093,0,0,0
104900097,0,0,0
104900098,0,0,0
104900099,0,0,0
104900100,0,0,0
104900102,0,0,0
104900103,0,0,0
104900104,0,0,0
104900106,0,0,0
104900107,0,0,0
104900108,0,0,0
104900109,0,0,0
104900110,0,0,0
104900111,0,0,0
104900112,0,0,0
104900113,0,0,0
104900114,0,0,0
104900115,0,0,0
104900116,0,0,0
104900118,0,0,0
104900119,0,0,0
104900120,0,0,0
104900121,0,0,0
104900122,0,0,0
104900123,0,0,0
104900124,0,0,0
104900125,0,0,0
104900126,0,0,0
104900127,0,0,0
104900128,0,0,0
104900129,0,0,0
105000001,936,210,726
105000002,380,301,79
105000003,374,315,59
105000004,25,56,-31
105000005,45,264,-219
105000006,156,371,-215
105000007,83,194,-111
105000008,5,408,-403
105000009,1772,937,835
105000010,35,128,-93
105000011,746,697,49
105000012,41,85,-44
105000013,283,637,-354
105000014,2341,1151,1190
105000015,1570,2087,-517
105000016,117,194,-77
105000017,30,30,0
105000018,69,145,-76
105000019,0,4,-4
105000020,0,0,0
105000021,0,0,0
105000022,7,18,-11
105000023,0,0,0
105000028,0,0,0
105000029,0,15,-15
105000030,300,267,33
105000033,30,148,-118
105000034,0,0,0
105000037,0,0,0
105000038,293,266,27
105000039,97,139,-42
105000040,219,310,-91
105000041,21,83,-62
105000042,1064,357,707
105000043,101,84,17
105000044,146,95,51
105000045,12,40,-28
105000046,395,48,347
105000047,14,78,-64
105000048,329,156,173
105000049,1,0,1
105000050,369,171,198
105000051,0,0,0
105000052,54,56,-2
105000053,2,41,-39
105000054,104,47,57
105000055,1,0,1
105000056,359,211,148
105000057,24,1,23
105000058,24,20,4
105000059,428,153,275
105000060,0,0,0
105000061,483,92,391
105000062,0,0,0
105000063,0,0,0
105000064,343,77,266
105000065,0,0,0
105000066,93,8,85
105000067,404,183,221
105000068,9,33,-24
105000069,34,92,-58
105000070,39,48,-9
105000071,222,98,124
105000072,369,68,301
105000073,229,62,167
105000074,0,0,0
105000075,6,23,-17
105000076,31,16,15
105000077,69,14,55
105000078,32,105,-73
105000079,4,38,-34
105000080,450,517,-67
105000081,25,1,24
105000082,161,541,-380
105000083,872,608,264
105000084,0,0,0
105000085,632,755,-123
105000086,0,0,0
105000087,0,0,0
105000088,278,379,-101
105000089,31,90,-59
105000090,13,13,0
105000091,0,0,0
105000092,0,0,0
105000093,0,0,0
105000094,35,6,29
105000095,0,0,0
105000096,168,144,24
105000097,0,0,0
105000098,207,87,120
105000099,0,0,0
105000100,0,0,0
105000101,139,60,79
105000102,0,0,0
105000103,224,81,143
105000104,0,0,0
105000105,231,70,161
105000106,18,6,12
105000107,29,4,25
105000108,11,8,3
105000109,39,0,39
105000110,42,21,21
105000111,0,0,0
105000112,85,24,61
105000113,0,0,0
105000114,30,111,-81
105000115,0,0,0
105000116,131,40,91
105000117,0,0,0
105000118,39,15,24
105000119,0,0,0
105000120,228,44,184
105000121,0,0,0
105000122,13,7,6
105000123,104,12,92
105000124,139,45,94
105000125,124,40,84
105000126,46,29,17
105000127,147,34,113
105000128,37,17,20
105000129,18,60,-42
105000130,19,400,-381
105000131,0,0,0
105000132,130,111,19
105000133,0,0,0
105000134,278,31,247
105000135,0,0,0
105000136,0,0,0
105000137,226,32,194
105000138,0,0,0
105000139,0,0,0
105000140,363,72,291
105000141,0,0,0
105000142,167,65,102
105000143,0,0,0
105000144,0,0,0
105000145,172,101,71
105000146,0,0,0
105000147,346,90,256
105000148,191,61,130
105000149,732,118,614
105000150,0,0,0
105000151,0,0,0
105000152,0,0,0
105000153,0,0,0
105000154,0,0,0
105000155,0,0,0
105000156,1,0,1
105000157,20,20,0
105000158,71,15,56
105000159,13,12,1
105000160,34,53,-19
105000161,75,15,60
105000162,31,36,-5
105000163,42,26,16
105000164,3,5,-2
105000165,29,55,-26
105000166,39,87,-48
105000167,22,89,-67
105000168,148,107,41
105000169,20,6,14
105000170,0,0,0
105000171,0,0,0
105000172,2,0,2
105000173,5,3,2
105000174,0,0,0
105000175,0,0,0
105000176,5,1,4
105000177,79,35,44
105000178,8,0,8
105000179,25,1,24
105000180,0,0,0
105000181,0,1,-1
105000182,0,0,0
105000183,0,0,0
105000184,0,0,0
105000185,35,336,-301
105000186,0,0,0
105000187,103,24,79
105000188,9,46,-37
105000189,0,0,0
105000190,100,109,-9
105000191,2,0,2
105000192,111,45,66
105000193,0,20,-20
105000194,63,17,46
105000195,3,21,-18
105000196,41,33,8
105000197,0,1,-1
105000198,0,0,0
105000199,3,42,-39
105000200,61,110,-49
105000201,18,0,18
105000203,0,2,-2
105000204,2,11,-9
105000205,0,0,0
105000207,0,0,0
105000208,9,170,-161
105000209,0,0,0
105000212,74,6,68
105000213,54,14,40
105000214,13,13,0
105000215,110,79,31
105000216,18,1,17
105000217,0,0,0
105000218,193,52,141
105000221,29,4,25
105000222,86,0,86
105000223,35,1,34
105000226,6,0,6
105000227,1,2,-1
105000228,0,10,-10
105000229,7,263,-256
105000231,202,58,144
105000233,234,384,-150
105000234,50,252,-202
105000235,208,127,81
105000237,42,1,41
105000243,0,0,0
105000248,0,0,0
105000262,0,0,0
105000269,0,0,0
105000270,85,0,85
105000271,0,0,0
105000282,14,2,12
105000287,0,0,0
105000288,0,9,-9
105000289,380,383,-3
105000290,0,1,-1
105000402,22,75,-53
105000426,0,0,0
105000438,6,118,-112
105000446,433,389,44
105000447,70,23,47
105000454,0,0,0
105000455,0,0,0
105000474,1,0,1
105000477,0,0,0
105000478,463,1230,-767
105000479,0,0,0
105000480,1554,1399,155
105000481,958,409,549
105000482,145,201,-56
105000483,191,792,-601
105000484,114,291,-177
105000485,187,1150,-963
105000486,194,346,-152
105000488,53,177,-124
105000489,325,107,218
105000549,0,36,-36
105000550,0,0,0
105000551,30,12,18
105000552,115,107,8
105000555,98,222,-124
105900001,0,0,0
105900002,0,0,0
105900003,0,0,0
105900004,0,0,0
105900005,0,0,0
105900006,0,0,0
105900007,0,0,0
105900008,0,0,0
105900009,0,0,0
105900011,0,0,0
105900012,0,0,0
105900013,0,0,0
105900014,0,0,0
105900015,0,0,0
105900016,0,0,0
105900017,0,0,0
105900018,0,0,0
105900019,0,0,0
105900020,0,0,0
105900021,0,0,0
105900022,0,0,0
105900023,0,0,0
105900024,0,0,0
105900025,0,0,0
105900026,0,0,0
105900027,0,0,0
105900028,0,0,0
105900029,0,0,0
105900030,0,0,0
105900031,0,0,0
105900032,0,0,0
105900033,0,0,0
105900034,0,0,0
105900035,0,0,0
105900036,0,0,0
105900037,0,0,0
105900038,0,0,0
105900039,0,0,0
105900040,0,0,0
105900041,0,0,0
105900042,0,0,0
105900043,0,0,0
105900044,0,0,0
105900045,0,0,0
105900046,0,0,0
105900047,0,0,0
105900048,35,1,34
105900050,0,0,0
105900051,0,0,0
105900052,0,0,0
105900053,0,0,0
105900054,0,0,0
105900056,0,0,0
105900057,0,0,0
105900058,0,0,0
105900059,0,0,0
106000001,663,489,174
106000002,5,136,-131
106000003,1213,687,526
106000004,47,288,-241
106000005,1844,1218,626
106000006,80,266,-186
106000007,589,95,494
106000008,54,85,-31
106000009,471,215,256
106000010,21,88,-67
106000011,745,329,416
106000012,27,42,-15
106000013,1098,406,692
106000014,50,83,-33
106000015,1144,355,789
106000016,76,105,-29
106000017,544,128,416
106000018,76,131,-55
106000019,178,132,46
106000020,1,60,-59
106000021,265,76,189
106000022,34,45,-11
106000023,426,35,391
106000024,46,55,-9
106000025,164,103,61
106000026,23,47,-24
106000027,789,456,333
106000028,10,44,-34
106000029,46,31,15
106000030,0,0,0
106000034,0,0,0
106000035,151,266,-115
106000036,0,0,0
106000037,0,0,0
106000038,0,0,0
106000039,0,0,0
106000040,0,0,0
106000041,256,66,190
106000043,65,8,57
106000046,0,0,0
106000047,0,0,0
106000049,223,19,204
106000050,0,0,0
106000051,123,119,4
106000052,0,0,0
106000053,272,23,249
106000054,0,0,0
106000055,145,5,140
106000056,0,0,0
106000057,221,53,168
106000058,0,0,0
106000059,222,107,115
106000060,0,0,0
106000061,13,165,-152
106000062,0,0,0
106000063,470,154,316
106000064,0,0,0
106000065,184,23,161
106000066,5,1,4
106000067,157,13,144
106000068,1,2,-1
106000069,22,2,20
106000070,6,1,5
106000071,216,20,196
106000072,210,186,24
106000073,313,107,206
106000074,144,95,49
106000075,135,114,21
106000076,531,101,430
106000077,541,53,488
106000078,228,45,183
106000079,466,44,422
106000080,334,26,308
106000081,480,154,326
106000082,354,11,343
106000083,362,125,237
106000084,411,20,391
106000085,550,248,302
106000086,527,85,442
106000087,209,24,185
106000088,153,24,129
106000089,415,24,391
106000090,403,25,378
106000091,1,0,1
106000092,222,40,182
106000093,110,10,100
106000094,0,0,0
106000095,213,37,176
106000096,271,18,253
106000097,262,27,235
106000098,300,15,285
106000099,7,5,2
106000100,546,4,542
106000101,337,6,331
106000102,3,2,1
106000103,0,101,-101
106000104,77,27,50
106000105,24,69,-45
106000106,102,16,86
106000107,22,106,-84
106000108,72,4,68
106000109,9,77,-68
106000110,73,7,66
106000111,11,87,-76
106000112,107,8,99
106000113,14,48,-34
106000114,57,11,46
106000115,29,49,-20
106000116,67,60,7
106000117,0,0,0
106000118,335,82,253
106000119,0,0,0
106000120,259,166,93
106000121,9,20,-11
106000122,0,0,0
106000123,26,19,7
106000124,0,0,0
106000125,0,0,0
106000126,34,4,30
106000127,0,0,0
106000128,141,18,123
106000129,0,0,0
106000130,194,43,151
106000131,0,0,0
106000132,204,7,197
106000133,0,0,0
106000134,260,48,212
106000135,0,0,0
106000136,362,66,296
106000137,0,0,0
106000138,188,3,185
106000139,99,33,66
106000140,0,0,0
106000141,0,0,0
106000142,24,8,16
106000143,0,0,0
106000144,111,22,89
106000145,0,0,0
106000146,236,151,85
106000147,71,4,67
106000148,96,82,14
106000149,204,13,191
106000150,33,69,-36
106000151,242,63,179
106000152,75,165,-90
106000153,0,15,-15
106000154,35,2,33
106000155,15,31,-16
106000156,284,33,251
106000157,187,77,110
106000158,460,101,359
106000159,171,79,92
106000160,221,229,-8
106000161,101,4,97
106000162,232,39,193
106000163,50,9,41
106000164,180,13,167
106000165,66,7,59
106000166,336,21,315
106000167,88,54,34
106000168,173,16,157
106000169,48,49,-1
106000170,177,12,165
106000171,31,121,-90
106000172,419,43,376
106000173,101,178,-77
106000174,203,21,182
106000175,73,8,65
106000176,289,75,214
106000177,0,0,0
106000178,403,33,370
106000179,0,0,0
106000180,115,89,26
106000181,62,102,-40
106000182,524,37,487
106000183,530,56,474
106000184,232,54,178
106000185,71,38,33
106000186,39,9,30
106000187,17,11,6
106000188,0,0,0
106000189,1,7,-6
106000190,3,0,3
106000191,121,20,101
106000192,0,0,0
106000193,74,25,49
106000194,2,20,-18
106000195,27,8,19
106000196,0,83,-83
106000197,166,5,161
106000198,0,16,-16
106000199,117,7,110
106000200,6,50,-44
106000201,28,28,0
106000202,38,22,16
106000203,0,0,0
106000204,8,11,-3
106000205,0,0,0
106000206,9,1,8
106000207,1,26,-25
106000208,369,52,317
106000209,674,69,605
106000210,0,30,-30
106000211,19,66,-47
106000212,771,87,684
106000213,0,0,0
106000214,253,38,215
106000215,1,44,-43
106000216,142,17,125
106000217,6,69,-63
106000218,59,35,24
106000219,1,57,-56
106000220,96,18,78
106000221,0,0,0
106000222,50,10,40
106000223,133,34,99
106000224,0,0,0
106000225,3,163,-160
106000226,0,0,0
106000228,0,0,0
106000229,0,0,0
106000231,216,4,212
106000232,0,0,0
106000233,42,8,34
106000234,0,0,0
106000235,51,22,29
106000236,0,0,0
106000237,0,0,0
106000238,0,1,-1
106000239,0,0,0
106000240,1,0,1
106000241,0,45,-45
106000242,48,32,16
106000249,140,14,126
106000250,14,53,-39
106000251,0,0,0
106000252,0,0,0
106000253,0,0,0
106000254,0,0,0
106000255,0,0,0
106000256,0,0,0
106000257,32,18,14
106000258,0,0,0
106000259,0,0,0
106000260,0,0,0
106000261,0,0,0
106000262,0,0,0
106000263,0,0,0
106000264,0,0,0
106000265,0,0,0
106000266,0,0,0
106000267,0,0,0
106000268,0,0,0
106000269,0,0,0
106000270,42,0,42
106000271,0,0,0
106000272,0,0,0
106000273,0,0,0
106000274,0,0,0
106000275,0,0,0
106000276,0,0,0
106000277,0,0,0
106000278,0,0,0
106000279,0,0,0
106000280,0,0,0
106000281,0,0,0
106000282,0,0,0
106000283,0,0,0
106000284,0,0,0
106000285,0,0,0
106000286,0,0,0
106000287,0,0,0
106000288,0,0,0
106000289,0,0,0
106000290,0,0,0
106000291,0,0,0
106000292,0,0,0
106000293,0,0,0
106000294,0,0,0
106000295,0,0,0
106000296,0,0,0
106000297,0,0,0
106000298,0,0,0
106000299,0,0,0
106000300,0,0,0
106000301,0,0,0
106000303,0,0,0
106000304,0,0,0
106000305,0,0,0
106000306,0,0,0
106000307,0,0,0
106000308,0,0,0
106000309,0,0,0
106000310,30,9,21
106000311,95,16,79
106000312,0,16,-16
106000313,6,1,5
106000318,0,0,0
106000319,317,33,284
106000320,0,0,0
106000321,0,0,0
106000322,0,0,0
106000324,0,0,0
106000325,1210,261,949
106000326,55,69,-14
106000327,100,3,97
106000328,0,0,0
106000329,1,7,-6
106000330,0,3,-3
106000428,54,169,-115
106000429,0,0,0
106000430,0,0,0
106000431,300,282,18
106000432,1,163,-162
106000433,911,548,363
106000434,1049,360,689
106000435,1,101,-100
106000436,0,0,0
106000437,20,9,11
106000438,11,9,2
106000439,0,0,0
106000440,15,49,-34
106000441,0,0,0
106000442,49,0,49
106000443,48,24,24
106000450,0,0,0
106000451,13,17,-4
106000454,0,0,0
106000455,0,22,-22
106000456,29,0,29
106000457,0,0,0
106000458,160,6,154
106000459,0,0,0
106000460,272,6,266
106000461,0,0,0
106000462,0,0,0
106000463,0,4,-4
106000464,0,0,0
106000465,169,0,169
106000466,0,0,0
106000467,2,71,-69
106000468,26,19,7
106000469,19,0,19
106000470,0,0,0
106000471,0,0,0
106000472,29,1,28
106000473,0,0,0
106000474,27,77,-50
106000475,133,77,56
106000476,2,10,-8
106000477,0,0,0
106000480,0,0,0
106900001,0,0,0
106900002,0,0,0
106900003,0,0,0
106900004,0,0,0
106900006,0,0,0
106900007,0,0,0
106900008,0,0,0
106900009,0,0,0
106900010,0,0,0
106900012,0,0,0
106900013,0,0,0
106900014,0,0,0
106900015,0,0,0
106900016,0,0,0
106900017,0,0,0
106900018,0,0,0
106900019,0,0,0
106900020,0,0,0
106900021,0,0,0
106900022,0,0,0
106900023,0,0,0
106900024,0,0,0
106900025,0,0,0
106900026,0,0,0
106900027,159,1,158
107000001,1458,2147,-689
107000002,190,318,-128
107000003,4313,4106,207
107000004,431,285,146
107000005,4200,2776,1424
107000006,300,223,77
107000007,1629,2184,-555
107000008,504,308,196
107000009,3926,2965,961
107000010,365,273,92
107000011,0,0,0
107000012,0,0,0
107000013,0,0,0
107000014,0,0,0
107000015,0,0,0
107000016,0,0,0
107000017,14,5,9
107000018,0,0,0
107000020,48,356,-308
107000021,36,3,33
107000022,67,343,-276
107000023,192,2,190
107000024,76,201,-125
107000025,53,20,33
107000026,59,60,-1
107000027,164,52,112
107000028,31,112,-81
107000029,942,85,857
107000030,47,112,-65
107000031,864,236,628
107000032,87,111,-24
107000033,160,57,103
107000034,0,0,0
107000035,22,55,-33
107000036,0,0,0
107000037,29,105,-76
107000038,0,37,-37
107000039,123,360,-237
107000040,13,9,4
107000041,447,77,370
107000042,28,73,-45
107000043,282,101,181
107000044,36,13,23
107000045,4,10,-6
107000046,393,73,320
107000047,17,55,-38
107000048,303,51,252
107000049,32,52,-20
107000050,319,72,247
107000051,19,160,-141
107000052,287,92,195
107000053,292,48,244
107000054,13,153,-140
107000055,200,65,135
107000056,32,37,-5
107000057,58,166,-108
107000058,881,950,-69
107000059,0,0,0
107000060,1896,1737,159
107000061,16,16,0
107000062,1769,1086,683
107000063,22,28,-6
107000064,1263,976,287
107000065,6,9,-3
107000066,750,654,96
107000067,182,158,24
107000068,104,141,-37
107000069,122,328,-206
107000070,157,3,154
107000071,693,1,692
107000072,0,0,0
107000073,210,40,170
107000074,0,0,0
107000075,1456,50,1406
107000076,0,0,0
107000077,1045,44,1001
107000078,0,0,0
107000079,887,58,829
107000080,0,0,0
107000081,879,183,696
107000082,0,0,0
107000083,456,497,-41
107000084,0,0,0
107000085,758,563,195
107000086,86,246,-160
107000087,542,250,292
107000088,66,129,-63
107000089,321,174,147
107000090,52,46,6
107000091,331,146,185
107000092,73,58,15
107000093,238,283,-45
107000094,42,70,-28
107000095,1174,507,667
107000096,0,0,0
107000097,266,104,162
107000098,0,0,0
107000099,304,173,131
107000100,0,0,0
107000101,101,106,-5
107000102,0,0,0
107000103,208,49,159
107000104,0,0,0
107000105,231,64,167
107000106,0,0,0
107000107,272,110,162
107000108,0,1,-1
107000109,184,35,149
107000110,0,0,0
107000111,91,4,87
107000112,0,0,0
107000113,292,30,262
107000114,0,0,0
107000115,438,38,400
107000116,0,0,0
107000117,158,47,111
107000118,0,0,0
107000119,663,233,430
107000120,0,0,0
107000121,422,65,357
107000122,6,94,-88
107000123,497,52,445
107000124,4,62,-58
107000125,629,37,592
107000126,57,61,-4
107000129,0,0,0
107000130,256,168,88
107000131,0,0,0
107000132,289,135,154
107000133,1,0,1
107000134,40,0,40
107000135,0,0,0
107000136,90,0,90
107000137,0,2,-2
107000138,1,0,1
107000139,0,3,-3
107000140,94,1,93
107000141,0,5,-5
107000142,34,0,34
107000143,0,1,-1
107000144,44,2,42
107000145,0,8,-8
107000146,0,0,0
107000147,5,53,-48
107000150,0,0,0
107000151,0,0,0
107000152,15,79,-64
107000153,0,0,0
107000154,0,0,0
107000155,70,0,70
107000156,145,0,145
107000157,0,1,-1
107000158,62,1,61
107000159,0,0,0
107000160,106,69,37
107000161,3,0,3
107000162,14,68,-54
107000163,35,0,35
107000164,0,0,0
107000165,0,0,0
107000166,0,0,0
107000167,0,0,0
107000168,530,96,434
107000169,7,4,3
107000170,587,113,474
107000171,10,10,0
107000172,275,83,192
107000173,4,6,-2
107000174,187,207,-20
107000175,24,17,7
107000176,11,0,11
107000177,0,0,0
107000178,0,0,0
107000179,0,0,0
107000180,469,26,443
107000181,0,0,0
107000182,441,21,420
107000183,0,0,0
107000184,358,36,322
107000185,0,0,0
107000186,446,52,394
107000187,73,42,31
107000188,0,0,0
107000189,10,19,-9
107000190,0,0,0
107000191,112,112,0
107000192,0,0,0
107000193,60,27,33
107000194,0,0,0
107000197,241,33,208
107000198,0,0,0
107000199,98,59,39
107000200,14,19,-5
107000201,66,46,20
107000202,54,58,-4
107000203,71,197,-126
107000204,76,571,-495
107000205,80,22,58
107000206,41,400,-359
107000207,16,52,-36
107000208,10,49,-39
107000209,0,0,0
107000210,0,0,0
107000211,0,0,0
107000212,0,0,0
107000213,0,0,0
107000214,0,0,0
107000215,0,0,0
107000216,0,0,0
107000217,0,0,0
107000219,0,0,0
107000220,0,0,0
107000222,38,15,23
107000224,11,1,10
107000225,0,0,0
107000226,95,6,89
107000227,0,0,0
107000228,0,0,0
107000229,0,0,0
107000230,23,1,22
107000231,76,92,-16
107000232,0,0,0
107000233,0,0,0
107000234,0,0,0
107000235,162,0,162
107000236,0,0,0
107000237,1,0,1
107000238,13,0,13
107000239,0,0,0
107000240,0,0,0
107000241,0,0,0
107000242,0,0,0
107000243,0,0,0
107000244,9,0,9
107000246,0,0,0
107000249,0,0,0
107000251,0,0,0
107000252,0,0,0
107000255,0,0,0
107000257,0,0,0
107000258,0,0,0
107000259,0,0,0
107000260,0,0,0
107000262,0,0,0
107000263,0,0,0
107000266,0,0,0
107000267,0,0,0
107000268,0,0,0
107000269,0,0,0
107000270,0,0,0
107000271,0,0,0
107000272,0,0,0
107000273,0,0,0
107000274,0,0,0
107000275,0,0,0
107000280,50,6,44
107000281,0,0,0
107000282,0,0,0
107000290,0,0,0
107000291,0,0,0
107000292,0,0,0
107000293,0,0,0
107000294,0,0,0
107000295,0,0,0
107000296,0,5,-5
107000444,47,0,47
107000496,0,0,0
107000497,0,0,0
107000500,0,0,0
107000501,0,0,0
107000502,0,0,0
107000505,2,31,-29
107000506,0,0,0
107000508,0,0,0
107000509,32,73,-41
107000510,0,0,0
107000514,0,1,-1
107000515,0,0,0
107000516,108,105,3
107000518,372,38,334
107000519,0,0,0
107000520,0,0,0
107000521,0,0,0
107000522,284,120,164
107900001,0,0,0
107900002,0,0,0
107900003,0,0,0
107900004,0,0,0
107900005,0,0,0
107900006,0,0,0
107900007,0,0,0
107900008,0,0,0
107900009,0,0,0
107900010,0,0,0
107900012,0,0,0
107900013,0,0,0
107900014,0,0,0
107900015,0,0,0
107900016,0,0,0
107900017,0,0,0
107900018,0,0,0
107900019,0,0,0
107900020,0,0,0
107900021,0,0,0
107900023,0,0,0
107900024,0,0,0
107900025,0,0,0
107900026,0,0,0
107900027,0,0,0
107900028,0,0,0
107900030,0,0,0
107900031,0,0,0
107900032,0,0,0
107900033,0,0,0
107900034,0,0,0
107900035,0,0,0
107900036,0,0,0
107900037,0,0,0
107900038,0,0,0
107900039,0,0,0
107900040,0,0,0
107900041,0,0,0
107900043,0,0,0
107900044,0,0,0
107900045,0,0,0
107900046,0,0,0
107900047,0,0,0
107900048,0,0,0
107900049,0,0,0
107900050,0,0,0
107900051,0,0,0
107900052,0,0,0
107900053,0,0,0
107900055,0,0,0
107900056,0,0,0
107900057,0,0,0
107900058,0,0,0
107900060,0,0,0
107900061,0,0,0
107900063,0,0,0
107900064,0,0,0
107900065,0,0,0
107900066,0,0,0
107900067,0,0,0
107900068,0,0,0
107900069,0,0,0
107900070,0,0,0
107900071,0,0,0
107900072,0,0,0
107900073,0,0,0
107900074,0,0,0
107900076,0,0,0
107900077,0,0,0
107900078,0,0,0
107900079,0,0,0
107900080,0,0,0
107900081,0,0,0
107900082,0,0,0
107900083,0,0,0
107900084,0,0,0
107900086,0,0,0
107900087,0,0,0
107900088,0,0,0
107900089,0,0,0
107900090,0,0,0
107900091,0,0,0
107900092,0,0,0
107900093,0,0,0
107900095,0,0,0
107900097,0,0,0
107900098,0,0,0
107900100,0,0,0
107900101,0,0,0
107900102,0,0,0
107900103,0,0,0
107900104,0,0,0
107900105,0,0,0
107900106,0,0,0
107900107,0,0,0
107900108,0,0,0
107900109,0,0,0
107900110,0,0,0
107900111,0,0,0
107900112,0,0,0
107900113,0,0,0
107900114,0,0,0
107900115,0,0,0
107900116,0,0,0
107900117,0,0,0
107900118,0,0,0
107900119,0,0,0
107900120,0,0,0
107900121,0,0,0
107900122,0,0,0
107900123,0,0,0
107900124,0,0,0
107900125,0,0,0
107900126,0,0,0
107900127,0,0,0
107900128,0,0,0
107900129,0,0,0
107900130,0,0,0
107900131,0,0,0
107900132,0,0,0
107900133,0,0,0
107900134,0,0,0
107900135,0,0,0
107900136,0,0,0
107900137,0,0,0
107900138,0,0,0
107900139,0,0,0
107900140,0,0,0
107900141,0,0,0
107900142,0,0,0
107900143,0,0,0
107900144,0,0,0
107900145,0,0,0
107900146,0,0,0
107900147,0,0,0
107900148,0,0,0
107900149,0,0,0
107900150,0,0,0
107900151,0,0,0
107900152,0,0,0
107900153,0,0,0
107900154,0,0,0
107900155,0,0,0
107900156,0,0,0
107900157,0,0,0
107900158,0,0,0
107900159,0,0,0
107900160,0,0,0
107900161,0,0,0
107900162,0,0,0
107900163,0,0,0
107900164,0,0,0
107900165,0,0,0
107900166,0,0,0
107900167,0,0,0
107900168,0,0,0
107900169,0,0,0
107900171,0,0,0
107900172,0,0,0
107900173,0,0,0
107900174,0,0,0
107900175,0,0,0
107900176,0,0,0
107900177,0,0,0
107900178,0,0,0
107900179,0,0,0
107900180,0,0,0
107900181,0,0,0
107900182,0,0,0
107900183,0,0,0
107900184,0,0,0
107900185,0,0,0
107900186,0,0,0
107900187,0,0,0
107900188,0,0,0
107900189,0,0,0
107900190,0,0,0
107900191,0,0,0
107900193,0,0,0
107900194,0,0,0
107900195,0,0,0
107900196,0,0,0
107900197,0,0,0
107900199,0,0,0
107900201,0,0,0
107900203,0,0,0
107900204,0,0,0
107900205,0,0,0
107900206,0,0,0
107900207,0,0,0
107900208,0,0,0
107900209,0,0,0
107900210,0,0,0
107900213,0,0,0
107900214,0,0,0
107900215,0,0,0
107900216,0,0,0
107900217,0,0,0
107900218,0,0,0
107900219,0,0,0
107900220,0,0,0
107900221,0,0,0
107900223,0,0,0
107900224,0,0,0
107900225,0,0,0
107900226,0,0,0
107900227,0,0,0
107900228,0,0,0
107900229,0,0,0
107900230,0,0,0
107900231,0,0,0
107900232,0,0,0
107900233,0,0,0
107900234,0,0,0
107900235,0,0,0
107900236,0,0,0
107900237,0,0,0
107900238,0,0,0
107900239,0,0,0
107900240,0,0,0
107900241,0,0,0
107900242,0,0,0
107900243,0,0,0
107900244,0,0,0
107900245,0,0,0
107900246,0,0,0
107900248,0,0,0
107900249,0,0,0
107900250,0,0,0
107900251,0,0,0
107900252,0,0,0
107900253,0,0,0
107900254,0,0,0
107900255,0,0,0
107900256,0,0,0
107900257,0,0,0
107900258,0,0,0
107900259,0,0,0
107900261,0,0,0
107900262,0,0,0
107900264,0,0,0
107900265,0,0,0
107900267,0,0,0
107900268,0,0,0
107900269,0,0,0
107900270,0,0,0
107900271,0,0,0
107900272,0,0,0
107900273,0,0,0
107900274,0,0,0
107900275,0,0,0
107900276,0,0,0
107900277,0,0,0
107900278,0,0,0
107900279,0,0,0
107900280,0,0,0
107900281,0,0,0
107900282,0,0,0
107900283,0,0,0
107900284,0,0,0
107900285,0,0,0
107900286,0,0,0
107900287,0,0,0
107900290,0,0,0
107900291,0,0,0
107900292,0,0,0
107900293,0,0,0
107900295,0,0,0
107900297,0,0,0
107900298,0,0,0
107900299,0,0,0
107900300,22,23,-1
107900301,6,34,-28
107900302,0,0,0
107900303,0,0,0
107900304,0,0,0
107900305,0,0,0
107900306,0,0,0
107900307,0,0,0
107900308,0,0,0
107900309,0,0,0
107900310,0,0,0
107900311,0,0,0
107900312,0,0,0
107900313,0,0,0
107900314,0,0,0
107900315,0,0,0
107900316,0,0,0
107900317,0,0,0
107900318,0,0,0
107900319,0,0,0
107900320,0,0,0
107900321,0,0,0
107900322,0,0,0
107900323,0,0,0
107900324,0,0,0
107900325,0,0,0
107900326,0,0,0
107900327,0,0,0
107900328,0,0,0
107900329,0,0,0
107900330,0,0,0
107900331,0,0,0
107900332,0,0,0
107900333,0,0,0
107900334,0,0,0
107900335,0,0,0
107900336,0,0,0
107900337,0,0,0
107900338,0,0,0
107900339,0,0,0
107900340,0,0,0
107900341,0,0,0
107900342,0,0,0
107900343,0,0,0
107900344,0,0,0
107900345,4,4,0
107900346,0,0,0
107900347,0,0,0
107900348,0,0,0
107900349,0,0,0
107900350,0,0,0
107900351,0,0,0
107900352,0,0,0
107900353,0,0,0
107900354,0,0,0
108000001,2022,1098,924
108000002,83,208,-125
108000003,1461,806,655
108000004,456,1378,-922
108000005,4462,1575,2887
108000006,93,543,-450
108000007,3824,992,2832
108000008,365,326,39
108000009,2578,1098,1480
108000010,209,257,-48
108000011,4643,1499,3144
108000012,531,596,-65
108000014,133,1,132
108000015,488,4,484
108000016,0,1,-1
108000017,614,17,597
108000018,1341,61,1280
108000019,219,71,148
108000020,456,116,340
108000021,0,0,0
108000022,51,25,26
108000023,604,59,545
108000024,87,14,73
108000025,52,8,44
108000026,448,34,414
108000027,65,1,64
108000028,478,11,467
108000029,98,3,95
108000030,323,16,307
108000031,12,1,11
108000032,1110,95,1015
108000033,0,0,0
108000034,963,49,914
108000035,0,0,0
108000036,18,24,-6
108000037,471,66,405
108000038,904,57,847
108000039,22,22,0
108000040,1097,175,922
108000041,23,14,9
108000042,229,4,225
108000043,24,0,24
108000044,589,9,580
108000045,16,0,16
108000046,1068,176,892
108000047,0,0,0
108000048,0,0,0
108000049,307,58,249
108000050,1,2,-1
108000051,136,26,110
108000052,0,4,-4
108000053,236,50,186
108000054,8,55,-47
108000055,458,108,350
108000056,39,17,22
108000057,355,399,-44
108000058,544,760,-216
108000059,3,130,-127
108000060,187,131,56
108000061,0,0,0
108000062,303,100,203
108000063,0,0,0
108000064,112,94,18
108000065,0,0,0
108000066,414,52,362
108000067,784,11,773
108000068,508,66,442
108000069,0,0,0
108000070,1448,99,1349
108000071,0,0,0
108000072,1657,164,1493
108000073,0,0,0
108000074,442,94,348
108000075,0,0,0
108000076,855,241,614
108000077,0,0,0
108000078,1728,562,1166
108000079,0,0,0
108000080,947,259,688
108000081,0,0,0
108000082,0,0,0
108000083,140,40,100
108000084,0,0,0
108000085,99,41,58
108000086,0,0,0
108000087,5,212,-207
108000088,111,2,109
108000089,0,0,0
108000090,431,32,399
108000091,0,0,0
108000092,411,26,385
108000093,0,0,0
108000094,712,98,614
108000095,0,0,0
108000096,390,290,100
108000097,0,0,0
108000098,1174,93,1081
108000099,83,17,66
108000100,92,57,35
108000101,1043,214,829
108000102,319,510,-191
108000106,192,0,192
108000107,0,0,0
108000108,95,5,90
108000109,0,0,0
108000110,13,12,1
108000111,0,0,0
108000112,0,11,-11
108000113,98,24,74
108000115,58,30,28
108000117,144,17,127
108000118,2,0,2
108000119,88,17,71
108000120,529,141,388
108000121,53,26,27
108000122,563,27,536
108000123,438,57,381
108000124,0,0,0
108000125,463,60,403
108000126,0,0,0
108000127,479,29,450
108000128,0,0,0
108000129,0,0,0
108000130,286,48,238
108000131,310,63,247
108000132,0,0,0
108000133,754,34,720
108000134,0,0,0
108000135,1347,18,1329
108000136,0,0,0
108000137,63,15,48
108000138,12,44,-32
108000139,91,36,55
108000140,0,0,0
108000141,0,0,0
108000142,0,0,0
108000143,0,0,0
108000144,0,0,0
108000145,0,0,0
108000146,0,0,0
108000147,0,0,0
108000148,0,0,0
108000149,0,0,0
108000150,0,0,0
108000151,0,0,0
108000152,0,0,0
108000153,0,0,0
108000154,0,0,0
108000155,0,0,0
108000156,0,0,0
108000157,0,0,0
108000158,0,0,0
108000159,34,10,24
108000160,84,12,72
108000161,258,29,229
108000165,0,0,0
108000172,0,0,0
108000173,0,0,0
108000175,315,15,300
108000178,0,0,0
108000179,91,494,-403
108000181,0,0,0
108000182,0,0,0
108000183,0,0,0
108000184,27,152,-125
108000185,0,0,0
108000186,0,0,0
108000187,0,0,0
108000188,0,0,0
108000189,67,25,42
108000190,0,0,0
108000192,0,0,0
108000193,0,61,-61
108000194,9,1,8
108000195,0,0,0
108000196,32,5,27
108000198,0,0,0
108000199,0,0,0
108000200,0,0,0
108000202,1,67,-66
108000203,0,0,0
108000204,0,0,0
108000205,0,0,0
108000339,201,23,178
108000364,13,22,-9
108000365,11,11,0
108000367,0,0,0
108000368,0,0,0
108000369,0,0,0
108000371,0,0,0
108000372,135,0,135
108000373,22,15,7
108000376,0,0,0
108000377,89,96,-7
108000378,5432,2775,2657
108000379,0,0,0
108000381,0,0,0
108000382,76,0,76
108000383,0,0,0
108900001,0,0,0
108900002,0,0,0
108900003,0,0,0
108900004,92,37,55
108900005,0,12,-12
108900006,2,0,2
108900007,63,22,41
108900008,7,9,-2
108900009,5,0,5
108900010,0,0,0
108900011,63,15,48
108900012,27,4,23
108900013,78,17,61
108900014,0,0,0
108900015,0,0,0
108900016,0,0,0
108900017,0,0,0
108900018,0,0,0
108900019,0,0,0
108900020,0,0,0
108900021,0,0,0
108900022,0,0,0
108900023,0,0,0
108900024,0,0,0
108900025,0,0,0
108900026,0,0,0
108900027,0,0,0
108900028,0,0,0
108900029,0,0,0
108900030,0,0,0
108900031,0,0,0
108900032,0,0,0
108900033,0,0,0
108900034,0,0,0
108900035,0,0,0
108900036,0,0,0
108900037,0,0,0
108900038,0,0,0
108900039,0,0,0
108900040,0,0,0
108900041,247,87,160
108900042,0,0,0
108900043,0,0,0
108900044,0,0,0
108900045,0,0,0
108900046,0,0,0
108900047,0,0,0
108900048,0,0,0
108900049,0,0,0
108900050,0,0,0
108900051,0,0,0
108900052,0,0,0
108900053,0,0,0
108900054,0,0,0
108900055,0,0,0
108900056,0,0,0
108900057,0,0,0
108900058,0,0,0
108900059,0,0,0
108900060,1,5,-4
108900061,0,0,0
108900062,0,0,0
108900063,0,0,0
108900064,0,0,0
108900065,0,0,0
108900066,34,7,27
108900067,0,0,0
108900068,0,0,0
108900069,0,0,0
108900070,0,0,0
108900071,3,0,3
108900072,0,0,0
108900073,0,0,0
108900074,0,0,0
108900075,0,0,0
108900076,4,2,2
108900077,0,0,0
108900078,0,0,0
108900079,0,0,0
108900080,0,0,0
108900081,0,0,0
108900082,0,0,0
108900083,0,0,0
108900084,0,0,0
108900085,0,0,0
108900086,0,0,0
108900087,0,0,0
108900088,30,4,26
108900089,0,0,0
108900090,0,0,0
108900091,0,0,0
108900092,93,12,81
108900093,0,0,0
108900094,0,0,0
108900095,0,0,0
108900096,0,0,0
108900097,8,0,8
108900098,0,0,0
108900099,42,1,41
108900100,0,0,0
108900101,0,0,0
108900102,0,0,0
108900103,0,0,0
108900104,0,0,0
108900105,0,0,0
108900106,9,0,9
108900108,0,0,0
108900109,0,0,0
108900110,4,3,1
108900111,17,0,17
108900112,0,0,0
108900113,0,0,0
108900114,0,0,0
108900115,0,0,0
108900116,0,0,0
108900117,0,0,0
108900118,0,0,0
108900119,0,0,0
108900120,0,0,0
108900121,0,0,0
108900122,0,0,0
108900123,0,0,0
108900124,0,0,0
108900125,0,0,0
108900126,0,0,0
108900127,0,0,0
108900128,0,0,0
108900129,0,0,0
108900130,0,0,0
108900131,0,0,0
108900132,0,0,0
108900133,0,0,0
108900134,0,0,0
108900135,0,0,0
108900136,0,0,0
108900137,0,0,0
108900138,0,0,0
108900139,0,0,0
108900140,0,0,0
108900141,0,0,0
108900142,0,0,0
108900143,0,0,0
108900144,0,0,0
108900145,0,0,0
108900146,0,0,0
108900147,0,0,0
108900148,0,0,0
108900149,0,0,0
108900150,0,0,0
108900151,0,0,0
108900152,0,0,0
108900153,0,0,0
108900154,2,0,2
108900155,0,0,0
108900156,0,0,0
108900157,0,0,0
108900158,0,0,0
108900159,0,0,0
108900160,0,0,0
108900161,0,0,0
108900162,0,0,0
108900163,0,0,0
108900164,0,0,0
108900165,0,0,0
108900167,0,0,0
108900168,0,0,0
108900169,0,0,0
108900171,20,104,-84
108900172,0,0,0
108900173,0,0,0
108900174,0,0,0
108900176,0,0,0
108900177,0,0,0
108900178,0,0,0
108900179,5,55,-50
108900180,2,20,-18
108900182,0,10,-10
108900183,0,0,0
108900184,44,0,44
108900185,0,0,0
108900186,0,0,0
108900187,0,0,0
108900188,0,0,0
108900189,6,1,5
108900190,0,0,0
108900191,0,0,0
108900192,0,0,0
108900193,0,0,0
108900194,0,0,0
108900195,0,0,0
108900196,0,0,0
108900198,0,0,0
108900199,0,0,0
108900200,11,0,11
108900201,0,0,0
108900203,0,0,0
108900204,0,0,0
108900205,0,0,0
108900206,0,0,0
108900207,0,0,0
108900208,0,0,0
108900209,0,0,0
108900210,0,0,0
108900211,0,0,0
108900212,0,0,0
108900215,0,0,0
108900216,0,0,0
108900217,0,0,0
108900218,0,0,0
108900219,0,0,0
108900220,0,0,0
108900221,0,0,0
108900222,0,0,0
108900223,0,0,0
108900224,0,0,0
108900225,0,0,0
108900226,0,0,0
108900227,0,0,0
108900230,0,0,0
108900231,0,0,0
108900232,0,0,0
108900233,0,0,0
108900234,0,0,0
108900235,0,0,0
108900236,0,0,0
108900237,0,0,0
108900240,0,0,0
108900241,0,0,0
108900245,0,0,0
108900249,0,0,0
108900250,0,0,0
108900257,0,0,0
108900258,0,0,0
108900259,0,0,0
108900260,0,0,0
108900261,0,0,0
108900262,0,0,0
108900263,0,0,0
108900264,0,0,0
108900265,0,0,0
108900266,0,0,0
108900267,0,0,0
108900268,0,0,0
108900269,0,0,0
108900270,0,0,0
108900271,0,0,0
108900272,0,0,0
108900273,0,0,0
108900274,0,0,0
109000001,834,574,260
109000002,0,318,-318
109000003,1781,288,1493
109000004,1,207,-206
109000005,1434,175,1259
109000006,0,141,-141
109000007,1473,269,1204
109000008,3,76,-73
109000009,1752,355,1397
109000010,22,203,-181
109000011,2247,500,1747
109000012,43,213,-170
109000013,2769,724,2045
109000014,56,245,-189
109000015,3334,547,2787
109000016,80,329,-249
109000017,2032,399,1633
109000018,54,246,-192
109000019,1647,256,1391
109000020,13,146,-133
109000023,15,1,14
109000024,0,0,0
109000025,0,0,0
109000026,42,2,40
109000027,0,0,0
109000028,15,0,15
109000029,0,0,0
109000030,0,0,0
109000031,255,27,228
109000032,0,0,0
109000033,207,32,175
109000034,0,0,0
109000035,0,0,0
109000036,2,6,-4
109000037,0,0,0
109000038,27,26,1
109000039,0,0,0
109000040,0,0,0
109000041,49,60,-11
109000042,22,14,8
109000044,136,33,103
109000045,0,0,0
109000046,195,26,169
109000047,0,0,0
109000048,278,74,204
109000049,0,0,0
109000050,244,74,170
109000051,0,0,0
109000052,0,0,0
109000053,0,0,0
109000054,0,0,0
109000055,0,0,0
109000056,0,0,0
109000057,0,0,0
109000058,0,0,0
109000059,0,0,0
109000060,6,14,-8
109000061,0,0,0
109000062,5,16,-11
109000063,0,0,0
109000064,1,51,-50
109000065,0,0,0
109000066,34,1,33
109000067,0,0,0
109000068,125,1,124
109000069,264,23,241
109000070,0,0,0
109000071,0,0,0
109000072,0,1,-1
109000073,0,0,0
109000074,1,4,-3
109000075,0,0,0
109000076,29,50,-21
109000077,28,7,21
109000078,5,7,-2
109000079,6,0,6
109000080,6,1,5
109000081,32,1,31
109000082,43,9,34
109000083,31,8,23
109000088,0,22,-22
109000089,0,0,0
109000090,1,21,-20
109000091,0,0,0
109000092,3,24,-21
109000093,0,0,0
109000094,1,0,1
109000095,0,11,-11
109000096,16,3,13
109000097,0,0,0
109000098,23,8,15
109000099,195,13,182
109000100,3,18,-15
109000101,364,18,346
109000102,18,36,-18
109000103,13,19,-6
109000104,483,21,462
109000105,9,71,-62
109000106,397,8,389
109000107,4,39,-35
109000108,418,21,397
109000109,15,58,-43
109000110,87,80,7
109000111,45,180,-135
109000112,0,0,0
109000113,14,9,5
109000114,162,98,64
109000115,184,4,180
109000116,0,0,0
109000117,125,3,122
109000118,0,0,0
109000119,356,1,355
109000120,0,0,0
109000121,178,13,165
109000122,0,0,0
109000123,0,0,0
109000124,59,0,59
109000125,622,22,600
109000126,0,0,0
109000127,583,40,543
109000128,0,0,0
109000129,466,90,376
109000130,0,0,0
109000131,116,226,-110
109000132,1,31,-30
109000133,0,0,0
109000134,0,0,0
109000135,0,0,0
109000136,24,20,4
109000137,80,7,73
109000138,24,16,8
109000139,112,30,82
109000140,14,13,1
109000141,61,7,54
109000142,0,0,0
109000143,0,0,0
109000145,0,0,0
109000146,9,42,-33
109000148,0,0,0
109000149,0,0,0
109000150,4,90,-86
109000155,0,0,0
109000156,262,17,245
109000158,0,0,0
109000159,42,32,10
109000160,0,0,0
109000161,471,63,408
109000162,52,9,43
109000163,420,36,384
109000164,51,33,18
109000165,417,124,293
109000166,57,2,55
109000167,10,13,-3
109000170,0,0,0
109000171,0,0,0
109000172,0,0,0
109000173,0,0,0
109000174,0,0,0
109000175,0,0,0
109000176,29,9,20
109000177,0,0,0
109000178,5,0,5
109000179,0,0,0
109000180,0,0,0
109000181,0,0,0
109000182,0,0,0
109000183,3,1,2
109000184,0,0,0
109000185,13,3,10
109000188,10,34,-24
109000189,63,0,63
109000190,0,0,0
109000191,395,46,349
109000192,0,0,0
109000193,0,0,0
109000194,0,0,0
109000195,0,0,0
109000196,0,0,0
109000197,0,0,0
109000198,0,0,0
109000199,0,0,0
109000206,0,0,0
109000207,0,0,0
109000208,0,0,0
109000209,0,0,0
109000210,0,0,0
109000211,0,0,0
109000214,69,64,5
109000215,241,38,203
109000216,56,217,-161
109000217,0,0,0
109000218,0,0,0
109000221,0,18,-18
109000222,2,9,-7
109000223,1,41,-40
109000224,0,0,0
109000225,0,2,-2
109000226,22,3,19
109000227,19,2,17
109000228,0,0,0
109000231,1,0,1
109000232,62,1,61
109000236,0,0,0
109000241,35,32,3
109000242,334,78,256
109000293,0,0,0
109000361,0,0,0
109000364,0,0,0
109000396,2,3,-1
109000397,3,0,3
109000399,6,20,-14
109000400,0,0,0
109000403,0,0,0
109000406,97,1,96
109000407,0,0,0
109000408,0,65,-65
109000410,0,0,0
109000411,30,0,30
109900001,0,0,0
109900002,0,0,0
109900003,0,0,0
109900004,0,0,0
109900005,0,0,0
109900006,0,0,0
109900007,0,0,0
109900008,0,0,0
109900009,0,0,0
109900010,0,0,0
109900011,0,0,0
109900012,0,0,0
109900013,0,0,0
109900014,0,0,0
109900015,0,0,0
109900016,0,0,0
109900017,0,0,0
109900018,0,0,0
109900019,0,0,0
109900020,0,0,0
109900021,0,0,0
109900022,20,0,20
109900023,0,0,0
109900024,0,0,0
109900025,0,0,0
109900026,0,0,0
109900027,0,0,0
109900028,0,0,0
109900029,0,0,0
109900030,0,0,0
109900031,0,0,0
109900032,0,0,0
109900033,0,0,0
109900034,0,0,0
109900035,0,0,0
109900036,0,0,0
109900037,0,0,0
109900038,0,0,0
109900039,0,0,0
109900040,0,0,0
109900041,0,0,0
109900042,0,0,0
109900044,0,0,0
109900045,0,0,0
109900046,0,0,0
109900047,0,0,0
109900048,0,0,0
109900049,0,0,0
109900050,0,0,0
109900051,0,0,0
109900052,0,0,0
109900053,0,0,0
109900054,0,0,0
109900055,0,0,0
109900056,0,0,0
109900057,0,0,0
109900058,0,0,0
109900059,0,0,0
109900060,0,0,0
109900061,0,0,0
109900062,0,0,0
109900063,0,0,0
109900064,14,1,13
109900065,0,0,0
109900066,0,0,0
109900067,0,0,0
109900068,0,0,0
109900069,0,0,0
109900070,0,0,0
109900071,0,0,0
109900072,0,0,0
109900073,0,0,0
109900074,0,0,0
109900075,0,0,0
109900076,0,0,0
109900077,0,0,0
109900078,0,0,0
109900080,0,0,0
109900081,0,0,0
109900082,0,0,0
109900083,0,0,0
109900084,0,0,0
109900085,0,0,0
109900086,0,0,0
109900087,0,0,0
109900089,0,0,0
109900090,0,0,0
109900091,0,0,0
109900092,0,0,0
109900093,0,0,0
109900094,0,0,0
109900095,0,0,0
109900096,0,0,0
109900097,0,0,0
109900098,0,0,0
109900099,0,0,0
109900100,0,0,0
109900101,0,0,0
109900102,0,0,0
109900103,0,0,0
109900104,0,0,0
109900105,0,0,0
109900106,0,0,0
109900107,0,0,0
109900108,0,0,0
109900109,0,0,0
109900110,0,0,0
109900111,0,0,0
109900112,0,0,0
109900113,0,0,0
109900114,0,0,0
109900115,0,0,0
109900117,0,0,0
109900118,0,0,0
109900119,0,0,0
109900120,0,0,0
109900121,0,0,0
109900122,0,0,0
109900123,0,0,0
109900124,0,0,0
109900125,0,0,0
109900126,0,0,0
109900128,0,0,0
109900130,0,0,0
109900131,0,0,0
109900132,0,0,0
109900133,0,0,0
109900134,0,0,0
109900135,0,0,0
109900136,0,0,0
109900137,0,0,0
109900140,0,0,0
109900142,0,0,0
109900145,0,0,0
109900146,0,0,0
109900148,0,0,0
109900149,0,0,0
109900150,0,0,0
109900151,0,0,0
109900152,0,0,0
109900153,0,0,0
109900154,0,0,0
109900155,0,0,0
109900157,0,0,0
109900158,0,0,0
109900159,0,0,0
109900160,0,0,0
109900161,0,0,0
109900162,0,0,0
109900163,0,0,0
109900164,0,0,0
109900165,0,0,0
109900166,0,0,0
109900167,0,0,0
109900168,0,0,0
109900169,0,0,0
109900170,0,0,0
109900171,0,0,0
109900172,0,0,0
109900173,0,0,0
109900174,0,0,0
109900175,0,0,0
109900176,0,0,0
109900177,0,0,0
109900178,0,0,0
109900179,0,0,0
109900180,0,0,0
110000001,75,102,-27
110000002,624,360,264
110000003,104,263,-159
110000004,602,208,394
110000005,41,64,-23
110000006,0,42,-42
110000007,6,4,2
110000008,0,0,0
110000009,2,0,2
110000010,0,0,0
110000011,12,1,11
110000012,0,0,0
110000013,1,7,-6
110000014,31,24,7
110000015,13,6,7
110000016,31,37,-6
110000017,92,54,38
110000018,11,31,-20
110000019,0,0,0
110000020,0,0,0
110000021,40,12,28
110000022,0,0,0
110000023,0,0,0
110000024,0,0,0
110000025,0,0,0
110000026,0,0,0
110000027,17,35,-18
110000028,161,18,143
110000029,0,0,0
110000030,56,8,48
110000031,0,0,0
110000032,127,2,125
110000033,11,0,11
110000034,5,0,5
110000035,27,24,3
110000036,55,0,55
110000037,4,30,-26
110000038,28,0,28
110000039,194,68,126
110000040,0,0,0
110000041,199,159,40
110000042,0,0,0
110000043,97,108,-11
110000044,0,0,0
110000045,5,24,-19
110000046,0,0,0
110000047,0,20,-20
110000048,0,0,0
110000049,3,3,0
110000050,0,0,0
110000051,2,2,0
110000052,6,8,-2
110000053,8,3,5
110000054,0,0,0
110000055,22,10,12
110000056,96,37,59
110000057,0,0,0
110000058,81,98,-17
110000059,17,82,-65
110000060,786,237,549
110000061,89,160,-71
110000062,655,176,479
110000063,0,0,0
110000064,13,7,6
110000065,0,0,0
110000066,0,0,0
110000067,4,4,0
110000068,2,2,0
110000069,0,0,0
110000071,0,0,0
110000073,0,0,0
110000075,0,0,0
110000076,0,0,0
110000077,0,0,0
110000078,1,0,1
110000080,28,15,13
110000081,0,0,0
110000082,0,0,0
110000083,36,110,-74
110000084,372,161,211
110000085,246,320,-74
110000086,388,255,133
110000087,0,37,-37
110000088,0,127,-127
110000089,304,1,303
110000090,0,0,0
110000091,0,0,0
110000092,0,0,0
110000093,103,9,94
110000094,6,1,5
110000095,424,81,343
110000096,107,55,52
110000097,618,64,554
110000098,438,56,382
110000099,55,78,-23
110000100,50,1,49
110000101,0,0,0
110000102,0,0,0
110000104,0,0,0
110000105,18,14,4
110000106,0,0,0
110000107,2,36,-34
110000108,386,4,382
110000109,0,0,0
110000110,1014,135,879
110000111,0,0,0
110000112,0,0,0
110000113,0,0,0
110000114,0,3,-3
110000115,5,31,-26
110000116,1,18,-17
110000117,0,0,0
110000118,164,25,139
110000119,0,0,0
110000120,71,18,53
110000121,0,0,0
110000122,20,4,16
110000123,76,54,22
110000124,0,0,0
110000125,283,21,262
110000126,97,3,94
110000127,334,6,328
110000128,0,0,0
110000129,0,0,0
110000130,29,16,13
110000131,0,0,0
110000132,0,0,0
110000133,0,0,0
110000134,0,0,0
110000135,43,0,43
110000136,0,0,0
110000137,95,2,93
110000138,0,0,0
110000139,131,4,127
110000140,598,26,572
110000143,157,10,147
110000144,1266,371,895
110000145,271,70,201
110000146,772,58,714
110000147,0,0,0
110000148,111,18,93
110000151,12,69,-57
110000152,0,0,0
110000153,0,0,0
110000154,1,5,-4
110000155,102,448,-346
110000156,17,145,-128
110000157,76,319,-243
110000160,0,0,0
110000161,0,0,0
110000166,0,0,0
110000167,342,45,297
110000168,508,63,445
110000169,234,135,99
110000170,25,20,5
110000171,197,10,187
110000172,21,34,-13
110000173,32,22,10
110000174,0,0,0
110000175,31,7,24
110000176,22,33,-11
110000177,23,54,-31
110000178,154,52,102
110000179,64,74,-10
110000180,67,36,31
110000181,109,19,90
110000182,90,13,77
110000183,274,97,177
110000184,97,50,47
110000185,0,0,0
110000186,0,0,0
110000191,168,0,168
110000192,0,0,0
110000193,0,0,0
110000194,0,0,0
110000195,0,0,0
110000196,0,0,0
110000197,0,0,0
110000198,0,0,0
110000199,0,0,0
110000200,14,0,14
110000201,0,0,0
110000202,0,0,0
110000203,0,0,0
110000204,0,0,0
110000205,0,0,0
110000206,0,0,0
110000207,0,0,0
110000208,0,0,0
110000209,0,0,0
110000210,777,206,571
110000211,648,245,403
110000212,114,18,96
110000213,2,0,2
110000214,11,1,10
110000215,0,0,0
110000216,0,0,0
110000217,134,0,134
110000218,0,0,0
110000219,57,0,57
110000220,0,0,0
110000221,16,0,16
110000222,0,0,0
110000223,0,0,0
110000224,0,0,0
110000225,0,0,0
110000226,372,26,346
110000227,0,0,0
110000228,28,2,26
110000229,0,0,0
110000230,314,56,258
110000231,78,89,-11
110000232,0,0,0
110000233,60,9,51
110000234,118,16,102
110000235,131,93,38
110000236,0,0,0
110000237,0,0,0
110000238,364,98,266
110000239,0,0,0
110000240,0,0,0
110000242,0,0,0
110000243,0,0,0
110000244,0,0,0
110000245,0,0,0
110000246,14,5,9
110000247,113,78,35
110000248,69,41,28
110000249,0,0,0
110000250,0,6,-6
110000251,6,23,-17
110000252,64,2,62
110000253,62,21,41
110000254,0,0,0
110000255,0,0,0
110000256,38,29,9
110000257,21,0,21
110000258,0,2,-2
110000259,0,0,0
110000260,2,1,1
110000263,0,0,0
110000264,11,4,7
110000265,919,144,775
110000266,379,348,31
110000267,0,0,0
110000268,4,0,4
110000269,0,0,0
110000270,62,0,62
110000271,115,29,86
110000272,147,163,-16
110000273,103,190,-87
110000274,25,172,-147
110000275,101,29,72
110000276,18,59,-41
110000277,485,74,411
110000278,3,139,-136
110000279,348,122,226
110000280,305,43,262
110000281,0,0,0
110000282,28,0,28
110000283,0,0,0
110000284,0,0,0
110000285,0,0,0
110000286,14,0,14
110000287,0,0,0
110000288,0,0,0
110000289,0,0,0
110000290,0,0,0
110000291,170,26,144
110000292,0,0,0
110000293,160,12,148
110000294,0,0,0
110000295,83,15,68
110000296,0,0,0
110000297,0,0,0
110000298,0,0,0
110000299,0,0,0
110000301,0,0,0
110000302,0,0,0
110000303,0,0,0
110000304,0,0,0
110000305,89,0,89
110000306,0,0,0
110000307,91,0,91
110000308,155,4,151
110000309,0,0,0
110000310,72,0,72
110000311,0,0,0
110000312,21,0,21
110000313,0,0,0
110000314,0,0,0
110000315,35,178,-143
110000316,3,141,-138
110000317,0,0,0
110000318,0,0,0
110000319,0,0,0
110000320,0,0,0
110000321,0,0,0
110000322,3,23,-20
110000323,0,0,0
110000324,0,0,0
110000325,548,357,191
110000327,92,1,91
110000328,0,0,0
110000333,62,121,-59
110000334,3,10,-7
110000335,37,32,5
110000336,3,4,-1
110000337,633,141,492
110000338,44,5,39
110000339,44,41,3
110000340,0,5,-5
110000341,33,0,33
110000342,5,0,5
110000343,0,0,0
110000344,0,0,0
110000345,2,3,-1
110000346,261,238,23
110000347,660,222,438
110000348,0,0,0
110000349,0,0,0
110000350,13,0,13
110000351,448,87,361
110000352,0,0,0
110000353,814,63,751
110000354,2,11,-9
110000355,0,0,0
110000356,187,2,185
110000357,0,0,0
110000361,0,0,0
110000362,0,8,-8
110000363,88,0,88
110000364,103,57,46
110000365,24,0,24
110000366,0,0,0
110000367,0,0,0
110000368,0,0,0
110000369,7,0,7
110000373,0,0,0
110000374,0,0,0
110000375,103,16,87
110000376,0,0,0
110000377,67,175,-108
110000378,0,0,0
110000379,431,174,257
110000380,111,6,105
110000383,0,0,0
110000384,198,0,198
110000385,0,0,0
110000387,27,3,24
110000388,0,0,0
110000389,663,46,617
110000391,230,17,213
110000396,0,0,0
110000397,0,0,0
110000398,0,0,0
110000399,506,2,504
110000587,2,0,2
110000589,2,2,0
110000640,0,0,0
110000652,0,0,0
110000653,0,0,0
110000654,0,0,0
110000656,0,0,0
110000674,0,0,0
110000675,0,0,0
110000676,0,0,0
110000679,0,0,0
110000682,13,34,-21
110000683,46,69,-23
110000684,0,0,0
110000685,12,4,8
110000686,0,0,0
110000687,6,0,6
110000688,34,0,34
110000689,0,0,0
110000692,1,3,-2
110000693,0,0,0
110000694,0,0,0
110000695,0,0,0
110000696,57,17,40
110900001,0,0,0
110900002,0,0,0
110900003,0,0,0
110900004,0,0,0
110900005,0,0,0
110900006,0,0,0
110900007,0,0,0
110900008,0,0,0
110900009,0,0,0
110900010,0,0,0
110900011,0,0,0
110900012,0,0,0
110900013,0,0,0
110900014,0,0,0
110900015,0,0,0
110900016,0,0,0
110900017,0,0,0
110900018,0,0,0
110900019,0,0,0
110900020,0,0,0
110900021,0,0,0
110900022,0,0,0
110900023,0,0,0
110900024,0,0,0
110900025,0,0,0
110900027,0,0,0
110900028,0,0,0
110900029,0,0,0
110900030,0,0,0
110900031,0,0,0
110900032,0,0,0
110900033,0,0,0
110900035,0,0,0
110900036,0,0,0
110900037,0,0,0
110900038,0,0,0
110900039,0,0,0
110900040,0,0,0
110900041,0,0,0
110900042,0,0,0
110900043,0,0,0
110900044,0,0,0
110900045,0,0,0
110900046,0,0,0
110900047,0,0,0
110900049,0,0,0
110900050,0,0,0
110900051,0,0,0
110900052,0,0,0
110900053,0,0,0
110900054,0,0,0
110900055,0,0,0
110900056,0,0,0
110900057,0,0,0
110900058,0,0,0
110900059,0,0,0
110900060,0,0,0
110900061,0,0,0
110900062,0,0,0
110900063,0,0,0
110900064,0,0,0
110900065,0,0,0
110900066,0,0,0
110900067,0,0,0
110900068,0,0,0
110900069,0,0,0
110900070,0,0,0
110900071,0,0,0
110900073,0,0,0
110900074,0,0,0
110900075,0,0,0
110900077,0,0,0
110900078,0,0,0
110900079,0,0,0
110900080,0,0,0
110900081,0,0,0
110900082,0,0,0
110900083,0,0,0
110900084,0,0,0
110900085,0,0,0
110900086,0,0,0
110900087,0,0,0
110900088,0,0,0
110900090,0,0,0
110900091,0,0,0
110900093,0,0,0
110900095,0,0,0
110900097,0,0,0
110900098,0,0,0
110900099,0,0,0
110900100,0,0,0
110900102,0,0,0
110900105,0,0,0
110900108,0,0,0
110900111,0,0,0
110900112,0,0,0
110900113,0,0,0
110900115,0,0,0
110900116,0,0,0
110900118,0,0,0
110900119,0,0,0
110900120,0,0,0
110900121,0,0,0
110900122,0,0,0
110900125,0,0,0
110900127,0,0,0
110900128,0,0,0
110900129,0,0,0
110900130,0,0,0
110900131,0,0,0
110900132,0,0,0
110900133,0,0,0
110900135,0,0,0
110900136,0,0,0
110900137,0,0,0
110900138,0,0,0
110900139,0,0,0
110900140,0,0,0
110900141,0,0,0
110900142,0,0,0
110900143,0,0,0
110900144,0,0,0
110900145,0,0,0
110900146,0,0,0
110900147,0,0,0
110900148,0,0,0
110900149,0,0,0
110900150,0,0,0
110900151,0,0,0
110900152,0,0,0
110900153,0,0,0
111000001,52,46,6
111000002,0,0,0
111000003,505,83,422
111000004,0,0,0
111000005,400,68,332
111000006,0,0,0
111000007,786,109,677
111000008,0,0,0
111000009,6,177,-171
111000010,667,154,513
111000011,42,47,-5
111000012,336,40,296
111000013,4,82,-78
111000014,627,135,492
111000017,0,0,0
111000018,0,0,0
111000020,0,0,0
111000021,29,6,23
111000023,54,1,53
111000025,119,168,-49
111000029,0,0,0
111000030,0,0,0
111000031,500,127,373
111000032,40,13,27
111000033,39,16,23
111000034,7,28,-21
111000037,0,0,0
111000038,43,7,36
111000039,16,4,12
111000040,5,10,-5
111000041,0,0,0
111000042,0,0,0
111000043,913,152,761
111000044,833,129,704
111000045,1062,357,705
111000046,458,181,277
111000047,577,187,390
111000049,93,12,81
111000050,0,0,0
111000051,0,0,0
111000052,0,0,0
111000053,0,0,0
111000054,0,0,0
111000055,4,0,4
111000056,0,0,0
111000057,0,0,0
111000058,103,4,99
111000059,288,69,219
111000060,1727,70,1657
111000061,198,38,160
111000062,306,15,291
111000063,656,44,612
111000064,604,47,557
111000065,674,64,610
111000066,182,18,164
111000067,0,0,0
111000068,0,0,0
111000069,0,0,0
111000070,0,0,0
111000071,0,0,0
111000072,937,165,772
111000073,509,253,256
111000074,1074,245,829
111000075,200,38,162
111000076,305,51,254
111000077,739,205,534
111000078,187,32,155
111000079,336,45,291
111000080,181,51,130
111000081,108,94,14
111000082,117,28,89
111000084,69,119,-50
111000085,72,11,61
111000086,114,18,96
111000087,113,19,94
111000088,133,40,93
111000089,115,22,93
111000090,37,45,-8
111000091,0,0,0
111000092,0,0,0
111000093,0,0,0
111000094,39,0,39
111000095,1,13,-12
111000096,71,28,43
111000097,0,0,0
111000098,0,0,0
111000099,0,0,0
111000100,0,0,0
111000101,0,0,0
111000102,0,0,0
111000104,118,37,81
111000107,0,0,0
111000109,70,29,41
111000110,305,98,207
111000111,1174,26,1148
111000112,902,16,886
111000113,472,173,299
111000114,336,163,173
111000115,1546,143,1403
111000116,251,58,193
111000117,112,29,83
111000118,273,49,224
111000119,298,73,225
111000120,306,55,251
111000121,148,58,90
111000122,3,10,-7
111000123,2,0,2
111000124,0,0,0
111000125,0,0,0
111000126,0,0,0
111000127,318,2,316
111000128,928,15,913
111000129,1235,33,1202
111000130,1197,70,1127
111000131,844,38,806
111000132,439,56,383
111000133,6,12,-6
111000134,56,14,42
111000135,0,0,0
111000136,246,14,232
111000138,12,0,12
111000140,0,0,0
111000141,3,3,0
111000142,0,0,0
111000143,0,0,0
111000144,0,0,0
111000145,1,5,-4
111000146,15,1,14
111000147,37,1,36
111000148,49,9,40
111000149,0,0,0
111000150,32,0,32
111000151,0,0,0
111000153,132,1,131
111000154,23,1,22
111000155,42,9,33
111000156,179,28,151
111000157,101,116,-15
111000158,257,165,92
111000159,293,119,174
111000160,79,44,35
111000161,2,87,-85
111000162,0,0,0
111000163,0,0,0
111000164,0,0,0
111000165,165,10,155
111000166,0,0,0
111000167,0,0,0
111000168,18,27,-9
111000169,38,22,16
111000170,40,4,36
111000171,75,11,64
111000172,7,5,2
111000173,26,21,5
111000174,4,5,-1
111000175,5,20,-15
111000176,0,0,0
111000177,0,0,0
111000178,0,0,0
111000179,0,0,0
111000180,0,0,0
111000181,128,0,128
111000182,56,1,55
111000183,67,10,57
111000184,94,24,70
111000185,8,16,-8
111000186,12,4,8
111000187,14,2,12
111000188,6,5,1
111000189,0,0,0
111000190,0,0,0
111000191,0,0,0
111000192,0,0,0
111000193,0,0,0
111000194,0,0,0
111000195,0,0,0
111000196,0,0,0
111000197,124,9,115
111000198,140,1,139
111000199,116,14,102
111000200,355,24,331
111000201,117,17,100
111000202,83,6,77
111000203,134,19,115
111000204,37,273,-236
111000213,51,66,-15
111000214,128,64,64
111000215,235,57,178
111000217,310,22,288
111000218,103,163,-60
111000219,0,0,0
111000220,161,46,115
111000221,16,11,5
111000224,0,0,0
111000225,43,9,34
111000226,14,2,12
111000227,6,0,6
111000228,0,0,0
111000229,0,0,0
111000230,6,0,6
111000231,214,19,195
111000232,0,0,0
111000233,0,0,0
111000234,0,0,0
111000239,0,0,0
111000240,47,14,33
111000241,0,0,0
111000242,70,6,64
111000243,0,0,0
111000244,73,9,64
111000245,237,31,206
111000246,137,66,71
111000247,0,0,0
111000248,103,34,69
111000249,0,0,0
111000250,0,0,0
111000251,0,0,0
111000253,0,0,0
111000255,0,0,0
111000257,0,0,0
111000260,0,0,0
111000261,126,1,125
111000271,0,0,0
111000273,103,32,71
111000274,226,206,20
111000275,61,2,59
111000276,0,0,0
111000277,0,0,0
111000278,149,3,146
111000291,200,430,-230
111000298,0,0,0
111000299,145,0,145
111000300,0,0,0
111000302,0,0,0
111000303,0,0,0
111000312,0,0,0
111000315,0,0,0
111000320,4,18,-14
111000321,7,23,-16
111000322,79,13,66
111000323,7,3,4
111000324,6,3,3
111000325,0,0,0
111000326,2,0,2
111000327,63,25,38
111000328,4,74,-70
111000329,0,0,0
111000330,4,1,3
111000331,27,1,26
111000332,135,80,55
111000334,22,22,0
111000335,26,2,24
111000337,144,4,140
111000338,3,0,3
111000339,2,0,2
111000340,17,5,12
111000341,184,16,168
111000342,0,0,0
111000344,250,30,220
111000345,11,12,-1
111000346,0,0,0
111000347,0,0,0
111000350,20,8,12
111000351,0,0,0
111000352,50,4,46
111000353,0,0,0
111000354,29,3,26
111000355,0,0,0
111000358,49,15,34
111000360,42,19,23
111000361,62,2,60
111000546,2,0,2
111000547,149,4,145
111000548,2,0,2
111000549,133,6,127
111000550,0,2,-2
111000551,69,5,64
111000552,10,11,-1
111000907,318,0,318
111000908,6,1,5
111000916,118,4,114
111000917,0,0,0
111000918,17,13,4
111000920,57,1,56
111000921,0,0,0
111000922,0,0,0
111000924,0,0,0
111000925,1939,262,1677
111000926,176,115,61
111000927,2083,453,1630
111000928,335,426,-91
111000929,1418,209,1209
111000930,43,156,-113
111000931,1495,352,1143
111000932,174,131,43
111000933,1830,593,1237
111000934,12,117,-105
111000935,899,159,740
111000936,4,52,-48
111000937,601,220,381
111000938,12,129,-117
111000939,152,3,149
111000940,0,0,0
111000941,33,5,28
111000943,0,0,0
111000944,18,7,11
111000945,27,0,27
111001109,186,9,177
111001110,0,0,0
111001111,1,0,1
111001112,248,2,246
111001113,0,165,-165
111001114,1,0,1
111001115,0,0,0
111001116,523,49,474
111001117,0,0,0
111001120,27,23,4
111001121,0,0,0
111001122,0,0,0
111001123,5,7,-2
111001124,0,0,0
111001125,0,99,-99
111900001,0,0,0
111900002,0,0,0
111900003,0,0,0
111900004,0,0,0
111900006,0,0,0
111900007,0,0,0
111900008,0,0,0
111900009,0,0,0
111900010,0,0,0
111900012,0,0,0
111900013,0,0,0
111900014,17,0,17
111900015,0,0,0
111900016,0,0,0
111900017,0,0,0
111900018,0,0,0
111900019,0,0,0
111900020,0,0,0
111900021,0,0,0
111900022,0,0,0
111900023,0,0,0
111900024,0,0,0
111900025,0,0,0
111900026,0,0,0
111900027,0,0,0
111900028,0,0,0
111900029,0,0,0
111900030,0,0,0
111900031,0,0,0
111900032,0,0,0
111900033,0,0,0
111900034,0,0,0
111900035,0,0,0
111900036,0,0,0
111900038,0,0,0
111900039,0,0,0
111900040,0,0,0
111900042,0,0,0
111900043,0,0,0
111900044,0,0,0
111900046,0,0,0
111900048,0,0,0
111900049,0,0,0
111900050,0,0,0
111900051,0,0,0
111900052,0,0,0
111900053,0,0,0
111900054,0,0,0
111900055,0,0,0
111900056,0,0,0
111900057,29,0,29
111900058,0,0,0
111900059,33,24,9
111900060,0,0,0
111900061,0,0,0
111900062,0,0,0
111900063,0,0,0
111900064,1,0,1
111900065,0,0,0
111900066,0,0,0
111900067,0,0,0
111900068,0,0,0
111900069,0,0,0
111900070,0,0,0
111900071,0,0,0
111900072,0,0,0
111900073,0,0,0
111900074,0,0,0
111900075,0,0,0
111900076,0,0,0
111900077,0,0,0
111900078,0,0,0
111900079,0,0,0
111900080,0,0,0
111900082,0,0,0
111900083,0,0,0
111900084,0,0,0
111900085,0,0,0
111900086,0,0,0
111900087,0,0,0
111900088,0,0,0
111900089,0,0,0
111900090,0,0,0
111900091,0,0,0
111900092,0,0,0
111900093,0,0,0
111900094,0,0,0
111900095,0,0,0
111900096,0,0,0
111900097,0,0,0
111900098,0,0,0
111900099,0,0,0
111900100,0,0,0
111900101,0,0,0
111900102,0,0,0
111900103,0,0,0
111900104,0,0,0
111900105,0,0,0
111900106,0,0,0
111900110,0,0,0
111900111,11,0,11
111900112,0,0,0
111900113,0,0,0
111900118,0,0,0
111900119,0,0,0
111900122,0,0,0
111900123,0,0,0
111900124,0,0,0
111900125,0,0,0
111900126,0,0,0
111900127,0,0,0
111900128,0,0,0
111900129,0,0,0
111900130,0,0,0
111900131,0,0,0
111900132,0,0,0
111900133,0,0,0
111900134,0,0,0
111900135,0,0,0
111900136,0,0,0
111900137,0,0,0
111900138,0,0,0
111900139,0,0,0
111900140,0,0,0
111900141,0,0,0
111900142,0,0,0
111900143,0,0,0
111900144,0,0,0
111900145,0,0,0
111900146,0,0,0
111900147,0,0,0
111900148,0,0,0
111900149,0,0,0
111900150,0,0,0
111900151,0,0,0
111900152,0,0,0
111900153,0,0,0
111900154,0,0,0
111900155,0,0,0
111900156,0,0,0
111900157,0,0,0
111900158,0,0,0
111900159,0,0,0
111900160,0,0,0
111900161,0,0,0
111900162,0,0,0
111900163,0,0,0
111900164,0,0,0
111901113,0,0,0
111901114,0,0,0
111901115,0,0,0
111901116,0,0,0
111901117,0,0,0
111901118,0,0,0
111901119,0,0,0
111901121,0,0,0
111901122,0,0,0
111901123,0,0,0
111901124,0,0,0
111901125,21,48,-27
111901127,0,0,0
111901128,0,0,0
111901129,0,0,0
111901130,0,0,0
111901131,0,0,0
111901132,0,0,0
111901133,0,0,0
111901134,0,0,0
111901135,0,0,0
111901136,0,0,0
111901137,0,0,0
111901138,0,0,0
111901139,0,0,0
111901140,0,0,0
111901141,0,0,0
111901142,0,0,0
111901143,0,0,0
111901144,0,0,0
111901145,0,0,0
111901146,0,0,0
112000001,1188,334,854
112000002,0,0,0
112000003,616,128,488
112000004,0,0,0
112000005,2840,1255,1585
112000006,0,0,0
112000007,1070,939,131
112000008,1730,1624,106
112000009,604,47,557
112000010,388,756,-368
112000011,98,29,69
112000012,709,1440,-731
112000013,84,78,6
112000014,205,699,-494
112000015,0,0,0
112000016,110,310,-200
112000017,0,0,0
112000024,0,0,0
112000026,0,0,0
112000027,525,487,38
112000028,0,0,0
112000029,0,0,0
112000030,0,0,0
112000031,0,33,-33
112000032,0,0,0
112000033,0,30,-30
112000034,0,0,0
112000035,0,0,0
112000036,0,0,0
112000037,0,0,0
112000038,0,0,0
112000039,22,21,1
112000040,0,0,0
112000041,0,0,0
112000042,0,0,0
112000050,719,487,232
112000051,626,958,-332
112000054,16,164,-148
112000057,0,0,0
112000058,0,0,0
112000059,0,0,0
112000061,0,0,0
112000062,27,91,-64
112000063,0,0,0
112000064,0,0,0
112000065,0,0,0
112000066,97,345,-248
112000067,0,0,0
112000068,80,207,-127
112000069,0,0,0
112000070,68,68,0
112000071,0,0,0
112000072,242,27,215
112000073,0,0,0
112000074,120,17,103
112000075,343,132,211
112000076,97,65,32
112000077,84,3,81
112000078,217,40,177
112000079,107,11,96
112000080,79,38,41
112000081,23,114,-91
112000082,129,138,-9
112000083,122,65,57
112000084,199,89,110
112000085,275,44,231
112000086,351,51,300
112000087,87,14,73
112000088,122,36,86
112000089,4,7,-3
112000090,16,1,15
112000091,40,29,11
112000092,1010,110,900
112000093,95,22,73
112000094,413,118,295
112000095,155,15,140
112000096,450,72,378
112000097,507,390,117
112000098,0,0,0
112000099,61,975,-914
112000100,639,152,487
112000101,0,0,0
112000102,425,55,370
112000103,0,0,0
112000105,0,0,0
112000106,446,81,365
112000107,1,3,-2
112000108,0,0,0
112000109,7,0,7
112000110,211,8,203
112000111,2,31,-29
112000112,237,8,229
112000113,0,21,-21
112000114,330,27,303
112000115,0,0,0
112000116,0,0,0
112000117,0,0,0
112000118,0,0,0
112000119,0,0,0
112000120,0,0,0
112000121,0,0,0
112000122,44,26,18
112000123,148,12,136
112000124,45,0,45
112000125,71,3,68
112000126,0,0,0
112000127,69,161,-92
112000128,0,0,0
112000129,112,9,103
112000130,0,0,0
112000131,0,0,0
112000132,0,0,0
112000133,37,1,36
112000134,105,8,97
112000135,177,33,144
112000136,4,2,2
112000137,263,136,127
112000138,3,0,3
112000139,10,33,-23
112000140,0,0,0
112000141,38,7,31
112000142,0,0,0
112000143,157,6,151
112000144,0,0,0
112000145,405,27,378
112000146,0,0,0
112000147,165,34,131
112000148,0,0,0
112000149,6,0,6
112000150,0,0,0
112000151,5,0,5
112000152,0,0,0
112000153,1,0,1
112000154,41,0,41
112000155,0,0,0
112000157,31,290,-259
112000158,33,6,27
112000159,0,0,0
112000167,0,0,0
112000169,0,2,-2
112000173,0,0,0
112000175,23,5,18
112000176,0,0,0
112000177,0,0,0
112000178,0,0,0
112000179,0,0,0
112000180,0,0,0
112000181,81,19,62
112000182,231,24,207
112000183,28,0,28
112000184,24,0,24
112000185,0,0,0
112000187,0,0,0
112000195,0,0,0
112000196,0,0,0
112000197,0,0,0
112000198,0,0,0
112000199,0,0,0
112000202,350,0,350
112000216,0,0,0
112000230,0,0,0
112000231,0,0,0
112000256,24,40,-16
112000313,0,0,0
112000314,0,0,0
112000337,0,0,0
112000352,0,0,0
112000392,103,132,-29
112000398,240,118,122
112000399,185,1855,-1670
112000400,8,42,-34
112000401,41,46,-5
112000402,570,1647,-1077
112000403,108,993,-885
112000404,135,316,-181
112000405,1064,781,283
112000406,12,96,-84
112000407,2671,510,2161
112000408,76,98,-22
112000409,7,73,-66
112000410,0,0,0
112000411,0,0,0
112000412,0,0,0
112000413,0,0,0
112000414,0,0,0
112000415,0,0,0
112000416,822,189,633
112000417,24,6,18
112000421,0,0,0
112000422,23,1,22
112000424,0,0,0
112000425,0,0,0
112000426,0,0,0
112000427,0,0,0
112000428,0,0,0
112000429,350,388,-38
112000430,358,699,-341
112000431,11,11,0
112000432,0,0,0
112000433,26,56,-30
112000437,0,12,-12
112900001,0,0,0
112900002,0,0,0
112900003,0,0,0
112900004,0,0,0
112900005,0,0,0
112900006,0,0,0
112900007,0,0,0
112900008,0,0,0
112900009,0,0,0
112900010,0,0,0
112900011,0,0,0
112900012,0,0,0
112900013,0,0,0
112900014,0,0,0
112900015,0,0,0
112900016,0,0,0
112900017,0,0,0
112900018,0,0,0
112900019,0,0,0
112900020,0,0,0
112900021,0,0,0
112900022,0,0,0
112900023,0,0,0
112900024,0,0,0
112900025,0,0,0
112900026,0,0,0
112900027,0,0,0
112900028,0,0,0
112900029,0,0,0
112900030,0,0,0
112900031,0,0,0
112900032,0,0,0
112900034,0,0,0
112900035,0,0,0
112900036,0,0,0
112900037,0,0,0
112900038,0,0,0
112900039,0,0,0
112900040,0,0,0
112900041,0,0,0
112900042,0,0,0
112900043,0,0,0
112900044,0,0,0
112900045,0,0,0
112900046,0,0,0
112900047,0,0,0
112900049,0,0,0
112900050,0,0,0
112900051,0,0,0
112900052,0,0,0
112900053,0,0,0
112900054,0,0,0
112900055,0,0,0
112900056,0,0,0
112900057,0,0,0
112900058,0,0,0
112900059,0,0,0
112900060,0,0,0
112900061,0,0,0
112900062,0,0,0
112900063,0,0,0
112900064,0,0,0
112900065,0,0,0
112900066,0,0,0
112900067,0,0,0
112900068,0,0,0
112900069,0,0,0
112900071,0,0,0
112900072,0,0,0
112900073,0,0,0
112900074,0,0,0
112900075,0,0,0
112900076,0,0,0
112900078,0,0,0
112900079,0,0,0
112900080,0,0,0
112900081,0,0,0
112900082,0,0,0
112900083,0,0,0
112900084,0,0,0
112900086,0,0,0
112900087,0,0,0
112900088,0,0,0
112900089,0,0,0
112900090,0,0,0
112900091,0,0,0
112900092,0,0,0
112900093,0,0,0
112900095,0,0,0
112900096,0,0,0
112900097,0,0,0
112900098,0,0,0
112900099,0,0,0
112900100,0,0,0
112900101,0,0,0
112900102,0,0,0
112900103,0,0,0
112900104,0,0,0
112900105,0,0,0
112900106,0,0,0
112900107,0,0,0
112900108,0,0,0
112900109,0,0,0
112900110,0,0,0
112900111,0,0,0
112900112,0,0,0
112900113,0,0,0
112900114,0,0,0
112900115,0,0,0
112900116,0,0,0
112900117,0,0,0
112900118,0,0,0
112900119,0,0,0
112900120,0,0,0
112900121,0,0,0
112900122,0,0,0
112900123,0,0,0
112900124,0,0,0
112900125,0,0,0
112900126,0,0,0
112900127,0,0,0
112900128,0,0,0
112900129,0,0,0
112900130,0,0,0
112900131,0,0,0
112900132,0,0,0
112900133,0,0,0
112900134,0,0,0
112900135,0,0,0
112900137,0,0,0
112900138,0,0,0
112900139,0,0,0
112900141,0,0,0
112900142,0,0,0
112900143,0,0,0
112900144,0,0,0
112900145,0,0,0
112900146,0,0,0
112900147,0,0,0
112900148,0,0,0
112900149,0,0,0
112900151,0,0,0
112900152,0,0,0
112900153,0,0,0
112900154,0,0,0
112900155,0,0,0
112900156,0,0,0
112900157,0,0,0
112900158,0,0,0
112900159,0,0,0
112900160,0,0,0
112900161,0,0,0
112900162,0,0,0
112900163,0,0,0
112900164,0,0,0
112900165,0,0,0
112900166,0,0,0
112900167,0,0,0
112900168,0,0,0
112900169,0,0,0
112900170,0,0,0
112900172,0,0,0
112900173,0,0,0
112900174,0,0,0
112900175,0,0,0
112900176,0,0,0
112900177,0,0,0
112900178,0,0,0
112900179,0,0,0
112900180,0,0,0
112900181,0,0,0
112900182,0,0,0
112900183,0,0,0
112900184,0,0,0
112900185,0,0,0
112900186,0,0,0
112900187,0,0,0
112900188,0,0,0
112900189,0,0,0
112900190,0,0,0
112900192,0,0,0
112900193,0,0,0
112900194,0,0,0
112900195,0,0,0
112900196,0,0,0
112900197,0,0,0
112900199,0,0,0
112900200,0,0,0
112900201,0,0,0
112900202,0,0,0
112900203,0,0,0
112900204,0,0,0
112900205,0,0,0
112900206,0,0,0
112900207,0,0,0
112900208,0,0,0
112900209,0,0,0
112900210,0,0,0
112900211,0,0,0
112900212,0,0,0
112900213,0,0,0
112900214,0,0,0
112900215,0,0,0
112900216,0,0,0
112900217,0,0,0
112900218,0,0,0
112900219,0,0,0
112900220,0,0,0
112900221,0,0,0
112900222,0,0,0
112900223,0,0,0
112900224,0,0,0
112900225,0,0,0
112900226,0,0,0
112900227,0,0,0
112900228,0,0,0
112900229,0,0,0
112900230,0,0,0
112900232,0,0,0
112900233,0,0,0
112900234,0,0,0
112900235,0,0,0
112900236,0,0,0
112900237,0,0,0
112900238,0,0,0
112900239,0,0,0
113000001,211,258,-47
113000002,300,383,-83
113000003,176,159,17
113000004,96,158,-62
113000005,65,62,3
113000006,74,110,-36
113000007,72,43,29
113000008,82,44,38
113000009,69,40,29
113000010,202,38,164
113000011,0,0,0
113000012,660,49,611
113000013,8,38,-30
113000014,48,2,46
113000015,4,0,4
113000016,1,1,0
113000017,0,0,0
113000018,72,16,56
113000019,0,0,0
113000020,146,9,137
113000021,259,28,231
113000022,68,4,64
113000025,0,0,0
113000026,28,9,19
113000027,107,1,106
113000028,2,0,2
113000029,41,41,0
113000030,0,0,0
113000031,0,0,0
113000032,64,43,21
113000033,94,22,72
113000034,0,0,0
113000035,0,0,0
113000036,0,0,0
113000037,0,0,0
113000038,0,0,0
113000039,0,0,0
113000040,0,0,0
113000042,0,0,0
113000051,152,109,43
113000052,130,68,62
113000053,25,23,2
113000054,31,47,-16
113000055,135,21,114
113000056,132,62,70
113000058,0,0,0
113000059,233,70,163
113000060,1,2,-1
113000061,121,82,39
113000062,0,0,0
113000063,0,0,0
113000064,0,0,0
113000065,2,22,-20
113000066,163,2,161
113000067,30,1,29
113000068,18,49,-31
113000069,28,33,-5
113000070,49,15,34
113000071,19,24,-5
113000072,120,5,115
113000073,3,69,-66
113000074,90,16,74
113000075,232,8,224
113000076,1,179,-178
113000077,112,96,16
113000078,0,0,0
113000079,0,0,0
113000080,50,33,17
113000081,166,108,58
113000082,0,0,0
113000083,185,226,-41
113000084,16,0,16
113000085,169,151,18
113000086,6,4,2
113000087,116,511,-395
113000088,10,1,9
113000089,170,449,-279
113000090,0,27,-27
113000091,40,1,39
113000094,82,20,62
113000095,0,0,0
113000096,0,0,0
113000097,47,19,28
113000098,2,0,2
113000099,67,4,63
113000100,1,0,1
113000101,1,0,1
113000102,32,30,2
113000103,0,0,0
113000104,261,154,107
113000105,652,144,508
113000106,0,0,0
113000107,257,413,-156
113000108,82,17,65
113000109,0,0,0
113000110,61,100,-39
113000111,0,0,0
113000112,4,59,-55
113000113,57,47,10
113000114,0,0,0
113000116,0,0,0
113000117,0,0,0
113000118,0,1,-1
113000119,0,0,0
113000120,0,1,-1
113000121,0,0,0
113000124,9,9,0
113000125,0,0,0
113000127,0,0,0
113000128,0,0,0
113000129,0,0,0
113000133,54,0,54
113000134,9,82,-73
113000135,1244,1176,68
113000137,428,315,113
113000139,64,46,18
113000140,0,0,0
113000141,44,10,34
113000142,0,0,0
113000143,5,11,-6
113000144,0,0,0
113000145,0,0,0
113000146,0,0,0
113000147,0,0,0
113000148,0,0,0
113000149,0,0,0
113000150,0,0,0
113000151,0,0,0
113000152,0,0,0
113000153,0,0,0
113000154,16,63,-47
113000155,45,54,-9
113000156,0,0,0
113000157,0,0,0
113000158,0,0,0
113000159,0,0,0
113000160,0,0,0
113000161,0,0,0
113000162,0,0,0
113000163,0,0,0
113000164,0,0,0
113000166,92,2,90
113000167,0,0,0
113000168,0,0,0
113000169,114,19,95
113000170,199,14,185
113000171,0,0,0
113000172,40,14,26
113000173,22,0,22
113000174,0,0,0
113000175,50,14,36
113000176,270,10,260
113000177,0,0,0
113000178,0,0,0
113000179,88,37,51
113000180,78,18,60
113000181,64,35,29
113000182,0,1,-1
113000183,2,59,-57
113000184,0,0,0
113000189,0,0,0
113000190,0,0,0
113000192,74,274,-200
113000193,84,22,62
113000194,22,48,-26
113000195,46,47,-1
113000196,85,4,81
113000197,39,23,16
113000198,0,0,0
113000199,3,0,3
113000201,0,0,0
113000202,0,0,0
113000203,5,6,-1
113000204,14,141,-127
113000205,0,0,0
113000206,0,0,0
113000207,0,0,0
113000208,0,0,0
113000209,0,0,0
113000210,0,0,0
113000211,1,1,0
113000212,0,0,0
113000213,7,2,5
113000214,0,0,0
113000234,0,0,0
113000410,0,6,-6
113000411,59,146,-87
113000412,610,318,292
113000413,451,459,-8
113000414,376,416,-40
113000415,25,78,-53
113000416,128,66,62
113000417,19,88,-69
113000418,468,272,196
113000419,108,170,-62
113000420,637,184,453
113000421,2020,1221,799
113000422,499,522,-23
113000423,404,364,40
113000424,891,431,460
113000425,0,0,0
113000428,0,0,0
113000430,0,0,0
113000432,266,8,258
113000433,0,0,0
113000434,0,0,0
113000435,0,0,0
113000436,0,0,0
113000437,37,0,37
113000438,2,1,1
113000439,0,0,0
113000440,1,0,1
113000441,0,1,-1
113000442,0,0,0
113000443,1,0,1
113000444,0,0,0
113000445,2,0,2
113000446,0,0,0
113000448,0,0,0
113000449,0,1,-1
113000450,0,1,-1
113000451,0,0,0
113000452,1,3,-2
113000453,0,0,0
113000454,1,16,-15
113000455,0,0,0
113000456,0,0,0
113000468,0,0,0
113000469,0,0,0
113000470,0,0,0
113000471,0,0,0
113000472,0,0,0
113000474,9,48,-39
113000475,56,71,-15
113000476,197,308,-111
113000477,930,367,563
113000478,445,162,283
113000479,0,0,0
113000480,0,0,0
113000484,0,0,0
113000485,0,0,0
113000486,0,0,0
113000487,0,0,0
113000488,0,0,0
113000489,0,0,0
113000490,0,0,0
113000491,0,0,0
113000492,0,0,0
113000493,0,0,0
113000495,0,0,0
113000496,0,3,-3
113000499,0,0,0
113900001,0,0,0
113900002,0,0,0
113900003,0,0,0
113900004,0,0,0
113900005,0,0,0
113900006,0,0,0
113900007,0,0,0
113900008,0,0,0
113900009,0,0,0
113900010,0,0,0
113900011,0,0,0
113900012,0,0,0
113900013,0,0,0
113900014,0,0,0
113900015,0,0,0
113900016,0,0,0
113900017,0,0,0
113900018,0,0,0
113900019,0,0,0
113900020,0,0,0
113900022,0,0,0
113900023,0,0,0
113900024,0,0,0
113900025,0,0,0
113900026,0,0,0
113900027,0,0,0
113900028,0,0,0
113900029,0,0,0
113900030,0,0,0
113900031,0,0,0
113900032,0,0,0
113900033,0,0,0
113900035,0,0,0
113900036,0,0,0
113900037,0,0,0
113900038,0,0,0
113900039,0,0,0
113900040,0,0,0
113900041,0,0,0
113900042,0,0,0
113900043,0,0,0
113900044,0,0,0
113900045,0,0,0
113900046,0,0,0
113900047,0,0,0
113900048,0,0,0
113900049,0,0,0
113900050,0,0,0
113900051,0,0,0
113900052,0,0,0
113900053,0,0,0
113900054,0,0,0
113900055,0,0,0
113900056,0,0,0
113900057,0,0,0
113900058,0,0,0
113900059,0,0,0
113900060,0,0,0
113900061,0,0,0
113900062,0,0,0
113900063,0,0,0
113900064,0,0,0
113900065,0,0,0
113900066,0,0,0
113900067,0,0,0
113900068,0,0,0
113900069,0,0,0
113900070,0,0,0
113900071,0,0,0
113900072,0,0,0
113900073,0,0,0
113900074,0,0,0
113900075,0,0,0
113900076,0,0,0
113900077,0,0,0
113900078,0,0,0
113900079,0,0,0
113900080,0,0,0
113900081,0,0,0
113900082,0,0,0
113900083,0,0,0
113900084,0,0,0
113900085,0,0,0
113900086,0,0,0
113900087,0,0,0
113900088,0,0,0
113900089,0,0,0
113900090,0,0,0
113900091,0,0,0
113900092,0,0,0
113900093,0,0,0
113900094,0,0,0
113900095,0,0,0
113900096,0,0,0
113900097,0,0,0
113900098,0,0,0
113900099,0,0,0
113900100,0,0,0
113900101,0,0,0
113900102,0,0,0
113900103,0,0,0
113900104,0,0,0
113900105,0,0,0
113900106,0,0,0
113900107,0,0,0
113900108,0,0,0
113900109,0,0,0
113900110,0,0,0
113900111,0,0,0
113900112,0,0,0
113900113,0,0,0
113900114,0,0,0
113900115,0,0,0
113900116,0,0,0
113900117,0,0,0
113900118,0,0,0
113900119,0,0,0
113900120,0,0,0
113900121,0,0,0
113900122,0,0,0
113900123,0,0,0
113900124,0,0,0
113900125,0,0,0
113900126,0,0,0
113900127,0,0,0
113900128,0,0,0
113900129,0,0,0
113900130,0,0,0
113900131,0,0,0
113900132,0,0,0
113900133,0,0,0
113900135,0,0,0
113900136,0,0,0
113900137,0,0,0
113900138,0,0,0
113900139,0,0,0
113900140,0,0,0
113900141,0,0,0
113900142,0,0,0
113900143,0,0,0
113900144,0,0,0
113900145,0,0,0
113900146,0,0,0
113900148,0,0,0
113900149,0,0,0
113900150,0,0,0
113900151,0,0,0
113900152,0,0,0
113900153,0,0,0
113900154,0,0,0
113900155,0,0,0
113900156,0,0,0
113900157,0,0,0
113900158,0,0,0
113900159,0,0,0
113900160,0,0,0
113900161,0,0,0
113900162,0,0,0
113900163,0,0,0
113900164,0,0,0
113900165,0,0,0
113900166,0,0,0
113900167,0,0,0
113900168,0,0,0
113900169,0,0,0
113900171,0,0,0
113900172,0,0,0
113900173,0,0,0
113900174,0,0,0
113900175,0,0,0
113900176,0,0,0
113900177,0,0,0
113900178,0,0,0
113900179,0,0,0
113900180,0,0,0
113900181,0,0,0
113900182,0,0,0
113900183,0,0,0
113900184,0,0,0
113900185,0,0,0
113900186,0,0,0
113900187,0,0,0
113900188,0,0,0
113900189,0,0,0
113900190,0,0,0
113900191,0,0,0
113900192,0,0,0
113900193,0,0,0
113900194,0,0,0
113900195,0,0,0
113900196,0,0,0
113900197,0,0,0
113900198,0,0,0
113900199,0,0,0
113900200,0,0,0
113900201,0,0,0
113900202,0,0,0
113900203,0,0,0
113900204,0,0,0
113900205,0,0,0
113900206,0,0,0
113900207,0,0,0
113900208,0,0,0
113900209,0,0,0
113900210,0,0,0
113900211,0,0,0
113900212,0,0,0
113900214,0,0,0
113900215,0,0,0
113900216,0,0,0
113900217,0,0,0
113900218,0,0,0
113900219,0,0,0
113900220,0,0,0
113900221,0,0,0
113900222,0,0,0
113900223,0,0,0
113900224,0,0,0
113900225,0,0,0
113900226,0,0,0
113900227,0,0,0
113900228,0,0,0
113900229,0,0,0
113900230,0,0,0
113900231,0,0,0
113900232,0,0,0
113900233,0,0,0
113900234,0,0,0
113900235,0,0,0
113900236,0,0,0
113900237,0,0,0
113900238,0,0,0
113900239,0,0,0
113900240,0,0,0
113900241,0,0,0
113900242,0,0,0
113900243,0,0,0
113900244,0,0,0
113900245,0,0,0
113900246,0,0,0
113900247,0,0,0
113900248,0,0,0
113900249,0,0,0
113900250,0,0,0
113900251,0,0,0
113900252,0,0,0
113900253,0,0,0
113900254,0,0,0
113900255,0,0,0
113900256,0,0,0
113900257,0,0,0
113900258,0,0,0
113900259,0,0,0
113900260,0,0,0
113900261,0,0,0
113900262,0,0,0
113900263,0,0,0
113900264,0,0,0
113900265,0,0,0
113900266,0,0,0
113900267,0,0,0
113900268,0,0,0
113900269,0,0,0
113900270,0,0,0
113900271,0,0,0
113900273,0,0,0
113900274,0,0,0
113900275,0,0,0
113900276,0,0,0
113900277,0,0,0
113900278,0,0,0
113900279,0,0,0
113900280,0,0,0
113900281,0,0,0
113900282,0,0,0
113900283,0,0,0
113900284,0,0,0
113900285,0,0,0
113900286,0,0,0
113900287,0,0,0
113900288,0,0,0
113900289,0,0,0
113900290,0,0,0
113900291,0,0,0
113900292,0,0,0
113900293,0,0,0
113900294,0,0,0
113900295,3,10,-7
113900296,0,0,0
113900297,0,0,0
113900298,0,0,0
113900299,0,0,0
113900300,0,0,0
113900301,0,0,0
113900302,0,0,0
113900303,0,0,0
113900304,0,0,0
113900305,0,0,0
113900306,0,0,0
113900307,0,0,0
113900308,0,0,0
113900309,0,0,0
113900310,0,0,0
113900311,0,0,0
113900312,0,0,0
113900313,0,0,0
114000001,185,108,77
114000002,19,57,-38
114000003,0,0,0
114000004,0,0,0
114000005,0,0,0
114000006,0,0,0
114000007,0,0,0
114000008,3,97,-94
114000009,13,7,6
114000011,673,122,551
114000012,476,76,400
114000013,279,123,156
114000014,0,0,0
114000015,0,0,0
114000016,0,0,0
114000017,32,6,26
114000018,0,0,0
114000026,270,149,121
114000027,313,150,163
114000028,223,204,19
114000038,0,0,0
114000039,0,0,0
114000040,6,3,3
114000042,0,0,0
114000043,0,0,0
114000044,14,2,12
114000045,0,0,0
114000046,0,0,0
114000047,0,0,0
114000048,3,29,-26
114000049,32,84,-52
114000050,10,97,-87
114000051,32,232,-200
114000052,25,139,-114
114000053,0,0,0
114000054,0,0,0
114000055,0,0,0
114000056,0,0,0
114000057,270,150,120
114000058,0,0,0
114000059,0,0,0
114000060,0,0,0
114000061,100,155,-55
114000062,48,148,-100
114000063,5,3,2
114000064,21,1,20
114000065,25,34,-9
114000066,43,46,-3
114000067,28,16,12
114000068,14,5,9
114000069,77,1,76
114000070,661,371,290
114000071,0,0,0
114000072,0,0,0
114000073,4,0,4
114000074,0,0,0
114000075,53,1,52
114000076,21,0,21
114000077,30,1,29
114000078,0,2,-2
114000079,0,0,0
114000080,0,15,-15
114000081,12,30,-18
114000082,0,0,0
114000083,0,0,0
114000084,0,0,0
114000085,0,0,0
114000086,0,0,0
114000087,0,0,0
114000088,1,2,-1
114000089,8,19,-11
114000090,71,56,15
114000091,13,36,-23
114000092,44,34,10
114000093,74,48,26
114000094,72,41,31
114000095,10,16,-6
114000096,0,0,0
114000097,0,0,0
114000098,66,3,63
114000099,0,0,0
114000100,940,7,933
114000101,0,0,0
114000102,86,16,70
114000103,0,0,0
114000104,0,0,0
114000105,0,0,0
114000106,0,0,0
114000107,0,0,0
114000108,0,0,0
114000109,387,162,225
114000110,0,0,0
114000111,500,111,389
114000112,0,0,0
114000113,380,22,358
114000114,0,0,0
114000115,703,150,553
114000116,371,179,192
114000117,971,73,898
114000118,599,94,505
114000119,738,73,665
114000120,134,12,122
114000121,0,0,0
114000122,97,22,75
114000123,406,47,359
114000124,92,63,29
114000125,22,136,-114
114000126,279,29,250
114000127,3,2,1
114000128,15,12,3
114000130,10,9,1
114000131,28,26,2
114000132,0,0,0
114000133,0,0,0
114000134,0,0,0
114000138,0,0,0
114000139,11,38,-27
114000144,172,65,107
114000145,0,0,0
114000146,0,0,0
114000147,290,31,259
114000148,23,24,-1
114000149,21,53,-32
114000150,0,0,0
114000151,68,96,-28
114000152,0,8,-8
114000153,0,0,0
114000154,97,4,93
114000155,279,112,167
114000156,84,36,48
114000157,30,61,-31
114000158,0,0,0
114000159,0,0,0
114000160,0,0,0
114000161,201,411,-210
114000162,848,819,29
114000163,0,0,0
114000165,11,33,-22
114000166,51,6,45
114000167,243,65,178
114000168,0,0,0
114000169,364,296,68
114000170,534,288,246
114000171,877,151,726
114000174,0,0,0
114000176,0,0,0
114000177,0,0,0
114000178,2,1,1
114000179,217,46,171
114000180,0,0,0
114000181,204,638,-434
114000182,158,208,-50
114000183,136,93,43
114000184,69,148,-79
114000185,380,93,287
114000189,272,13,259
114000190,831,21,810
114000191,0,0,0
114000192,0,44,-44
114000193,0,0,0
114000194,184,14,170
114000195,0,0,0
114000196,0,0,0
114000197,285,0,285
114000198,0,0,0
114000199,0,0,0
114000200,11,2,9
114000201,1,3,-2
114000202,198,63,135
114000203,44,24,20
114000204,0,0,0
114000205,0,3,-3
114000206,0,0,0
114000207,7,147,-140
114000208,4,66,-62
114000209,6,90,-84
114000210,2,70,-68
114000211,584,225,359
114000212,114,222,-108
114000213,531,222,309
114000214,20,0,20
114000215,0,0,0
114000216,330,94,236
114000217,91,16,75
114000218,26,0,26
114000219,340,3,337
114000220,0,22,-22
114000221,262,16,246
114000222,25,63,-38
114000223,259,37,222
114000224,33,43,-10
114000225,29,5,24
114000226,132,42,90
114000227,236,127,109
114000228,255,63,192
114000229,146,51,95
114000230,455,74,381
114000231,114,43,71
114000232,433,100,333
114000233,678,78,600
114000234,556,126,430
114000235,115,20,95
114000236,0,0,0
114000237,3,0,3
114000238,1,173,-172
114000239,0,0,0
114000240,99,65,34
114000241,25,64,-39
114000242,122,57,65
114000243,543,219,324
114000244,506,104,402
114000245,0,0,0
114000246,0,0,0
114000247,326,108,218
114000248,354,115,239
114000249,227,196,31
114000250,92,11,81
114000251,72,23,49
114000252,0,0,0
114000253,16,2,14
114000254,0,0,0
114000255,0,0,0
114000256,11,78,-67
114000257,0,128,-128
114000258,57,4,53
114000259,0,16,-16
114000260,0,0,0
114000261,109,20,89
114000262,0,0,0
114000263,16,0,16
114000264,0,0,0
114000265,0,0,0
114000267,0,327,-327
114000268,0,0,0
114000270,45,3,42
114000271,136,0,136
114000283,289,17,272
114000285,0,0,0
114000288,1,8,-7
114000289,0,0,0
114000293,26,5,21
114000294,2,0,2
114000395,423,6,417
114000396,102,46,56
114000402,0,0,0
114000403,26,19,7
114000405,53,45,8
114000423,147,27,120
114000424,46,22,24
114000425,133,46,87
114000426,54,31,23
114000427,0,0,0
114000428,0,0,0
114000429,0,16,-16
114000432,0,0,0
114000434,0,0,0
114000435,0,0,0
114900001,0,0,0
114900002,0,0,0
114900003,0,0,0
114900004,0,0,0
114900005,0,0,0
114900006,0,0,0
114900007,0,0,0
114900008,0,0,0
114900010,0,0,0
114900011,0,0,0
114900013,0,0,0
114900015,0,0,0
114900018,0,0,0
114900020,0,0,0
114900022,0,0,0
114900024,0,0,0
114900025,0,0,0
114900026,0,0,0
114900027,0,0,0
114900029,0,0,0
114900030,0,0,0
114900031,0,0,0
114900032,0,0,0
114900033,0,0,0
114900034,0,0,0
114900035,0,0,0
114900036,0,0,0
114900037,0,0,0
114900038,0,0,0
114900039,0,0,0
114900040,0,0,0
114900041,0,0,0
114900042,0,0,0
114900043,0,0,0
114900044,0,0,0
114900046,0,0,0
114900047,0,0,0
114900048,0,0,0
114900049,0,0,0
114900050,0,0,0
114900051,0,0,0
114900052,0,0,0
114900053,0,0,0
114900054,0,0,0
114900057,0,0,0
114900058,0,0,0
114900059,0,0,0
114900060,0,0,0
114900061,0,0,0
114900062,0,0,0
114900063,0,0,0
114900064,0,0,0
114900065,0,0,0
114900067,0,0,0
114900068,0,0,0
114900069,0,0,0
114900070,0,0,0
114900072,0,0,0
114900073,0,0,0
114900074,0,0,0
114900075,0,0,0
114900076,0,0,0
114900080,0,0,0
114900082,0,0,0
114900083,0,0,0
114900090,0,0,0
114900091,0,0,0
114900095,0,0,0
114900096,0,0,0
114900097,0,0,0
114900098,0,0,0
114900099,0,0,0
115000001,157,221,-64
115000002,1577,521,1056
115000003,178,148,30
115000004,1289,1042,247
115000005,22,120,-98
115000006,393,421,-28
115000007,0,0,0
115000008,183,153,30
115000009,0,0,0
115000010,165,192,-27
115000013,0,0,0
115000015,0,0,0
115000016,0,0,0
115000019,15,134,-119
115000020,0,0,0
115000021,1,255,-254
115000022,12,51,-39
115000023,548,255,293
115000024,22,72,-50
115000025,407,147,260
115000026,4,0,4
115000027,216,66,150
115000028,0,23,-23
115000029,541,5,536
115000030,7,104,-97
115000031,637,60,577
115000032,0,0,0
115000033,80,4,76
115000034,0,0,0
115000035,664,0,664
115000036,0,0,0
115000037,271,0,271
115000038,13,75,-62
115000039,14,48,-34
115000040,190,28,162
115000041,30,48,-18
115000042,75,32,43
115000043,970,605,365
115000044,669,94,575
115000045,157,25,132
115000046,712,282,430
115000047,1032,174,858
115000048,137,91,46
115000049,116,221,-105
115000050,1256,274,982
115000051,469,279,190
115000052,118,179,-61
115000053,380,214,166
115000054,73,68,5
115000055,0,0,0
115000056,52,30,22
115000057,0,0,0
115000058,42,17,25
115000059,0,0,0
115000061,44,8,36
115000062,0,0,0
115000063,0,0,0
115000064,70,11,59
115000065,0,0,0
115000067,9,3,6
115000069,0,0,0
115000070,0,18,-18
115000071,9,4,5
115000072,0,0,0
115000073,410,15,395
115000075,0,0,0
115000076,530,289,241
115000077,227,176,51
115000078,131,116,15
115000079,230,187,43
115000080,499,205,294
115000081,0,0,0
115000082,973,530,443
115000083,0,0,0
115000084,661,180,481
115000085,0,0,0
115000086,510,70,440
115000087,0,0,0
115000088,803,146,657
115000089,0,0,0
115000090,52,99,-47
115000091,107,37,70
115000092,427,6,421
115000093,427,1,426
115000094,1577,320,1257
115000095,1144,213,931
115000096,212,22,190
115000097,281,56,225
115000098,296,47,249
115000099,713,244,469
115000100,581,154,427
115000101,2,7,-5
115000102,341,99,242
115000103,3,0,3
115000105,4,13,-9
115000106,234,70,164
115000107,3,30,-27
115000108,84,52,32
115000109,864,885,-21
115000110,204,108,96
115000111,20,54,-34
115000112,49,43,6
115000113,42,71,-29
115000114,68,53,15
115000116,123,83,40
115000117,56,19,37
115000118,104,236,-132
115000119,68,53,15
115000120,9,248,-239
115000121,80,59,21
115000122,42,21,21
115000123,146,396,-250
115000124,49,64,-15
115000125,124,50,74
115000126,36,15,21
115000127,20,0,20
115000128,17,40,-23
115000129,65,4,61
115000130,68,26,42
115000131,78,26,52
115000132,94,8,86
115000133,57,9,48
115000134,55,2,53
115000135,30,1,29
115000136,80,14,66
115000137,0,0,0
115000138,137,29,108
115000139,0,0,0
115000140,125,30,95
115000141,0,0,0
115000142,0,0,0
115000143,213,56,157
115000144,0,0,0
115000145,0,0,0
115000146,146,35,111
115000147,0,0,0
115000148,26,47,-21
115000149,2,12,-10
115000150,33,8,25
115000151,50,12,38
115000152,41,16,25
115000153,54,17,37
115000154,31,12,19
115000155,25,25,0
115000156,11,45,-34
115000157,5,12,-7
115000158,5,43,-38
115000159,0,0,0
115000160,5,0,5
115000161,163,109,54
115000162,273,59,214
115000163,0,0,0
115000164,0,0,0
115000165,77,57,20
115000167,7,5,2
115000168,77,46,31
115000169,0,0,0
115000170,0,0,0
115000171,98,103,-5
115000172,0,0,0
115000173,4,8,-4
115000174,35,27,8
115000175,0,0,0
115000176,1,3,-2
115000177,0,0,0
115000178,0,0,0
115000179,8,3,5
115000180,0,0,0
115000181,116,2,114
115000182,233,10,223
115000183,0,0,0
115000186,173,2,171
115000187,40,36,4
115000188,171,28,143
115000189,8,63,-55
115000190,547,42,505
115000191,6,32,-26
115000194,0,0,0
115000195,1,8,-7
115000196,4,0,4
115000197,0,0,0
115000198,53,1,52
115000199,0,0,0
115000200,9,1,8
115000201,0,0,0
115000206,254,0,254
115000207,0,0,0
115000208,25,58,-33
115000209,423,5,418
115000210,15,57,-42
115000211,5,3,2
115000212,29,0,29
115000224,0,0,0
115000225,0,0,0
115000229,5,1,4
115000230,8,6,2
115000231,84,6,78
115000232,359,1,358
115000233,0,0,0
115000234,0,0,0
115000241,0,0,0
115000242,0,0,0
115000243,0,0,0
115000244,0,0,0
115000246,0,0,0
115000247,0,0,0
115000248,0,0,0
115000249,0,0,0
115000250,0,0,0
115000251,0,0,0
115000252,0,0,0
115000253,0,0,0
115000258,0,0,0
115000259,0,0,0
115000261,0,0,0
115000262,0,0,0
115000263,0,0,0
115000264,0,0,0
115000267,0,0,0
115000268,0,0,0
115000269,0,0,0
115000270,0,0,0
115000272,0,0,0
115000273,0,0,0
115000280,31,556,-525
115000281,0,0,0
115000282,234,404,-170
115000284,0,0,0
115000296,284,2,282
115000297,2,303,-301
115000298,0,0,0
115000300,0,0,0
115000302,93,13,80
115000303,124,6,118
115000304,77,23,54
115000305,0,0,0
115000306,0,0,0
115000307,0,0,0
115000308,0,0,0
115000309,0,0,0
115000310,0,0,0
115000311,353,60,293
115000313,0,0,0
115000314,29,26,3
115000315,14,62,-48
115000316,0,0,0
115000317,91,13,78
115000318,452,3,449
115000319,7,28,-21
115000320,2,69,-67
115000321,63,2,61
115000322,1,38,-37
115000449,0,0,0
115000557,0,0,0
115000558,90,1,89
115000587,3,2,1
115000588,104,236,-132
115000589,1979,1110,869
115000590,49,71,-22
115000591,545,375,170
115000592,19,92,-73
115000593,699,189,510
115000594,70,138,-68
115000609,0,6,-6
115000617,128,106,22
115000624,0,0,0
115000633,296,138,158
115000634,1186,194,992
115000635,293,60,233
115000638,0,0,0
115000641,0,0,0
115000642,132,5,127
115000643,0,26,-26
115000644,0,7,-7
115000646,81,59,22
115000647,47,19,28
115000648,307,25,282
115000893,1397,407,990
115000894,1,135,-134
115000895,15,118,-103
115000896,852,182,670
115000897,82,27,55
115000898,40,12,28
115000899,10,18,-8
115000900,0,31,-31
115000901,1,7,-6
115000912,67,1,66
115000913,0,0,0
115000915,1,0,1
115000916,7,0,7
115000917,0,0,0
115000918,0,0,0
115000919,0,0,0
115000920,0,0,0
115000921,0,0,0
115000922,127,354,-227
115000923,8,85,-77
115000925,0,0,0
115000927,0,0,0
115000933,1,13,-12
115000934,0,0,0
115000935,0,0,0
115000936,0,0,0
115000937,5,23,-18
115000938,5,7,-2
115000939,0,6,-6
115900001,0,0,0
115900002,0,0,0
115900003,0,0,0
115900004,0,0,0
115900005,0,0,0
115900006,0,0,0
115900008,0,0,0
115900009,0,0,0
115900010,0,0,0
115900011,0,0,0
115900012,0,0,0
115900013,0,0,0
115900014,0,0,0
115900015,0,0,0
115900016,0,0,0
115900017,0,0,0
115900018,0,0,0
115900019,0,0,0
115900020,0,0,0
115900021,0,0,0
115900022,0,0,0
115900023,0,0,0
115900025,0,0,0
115900026,0,0,0
115900027,0,0,0
115900028,0,0,0
115900029,0,0,0
115900030,0,0,0
115900031,0,0,0
115900032,0,0,0
115900033,0,0,0
115900034,0,0,0
115900035,0,0,0
115900036,0,0,0
115900037,0,0,0
115900038,0,0,0
115900039,0,0,0
115900041,0,0,0
115900042,0,0,0
115900043,0,0,0
115900044,0,0,0
115900046,0,0,0
115900047,0,0,0
115900049,0,0,0
115900051,0,0,0
115900052,0,0,0
115900053,0,0,0
115900054,0,0,0
115900055,0,0,0
115900056,0,0,0
115900057,0,0,0
115900058,0,0,0
115900060,0,0,0
115900061,0,0,0
115900062,0,0,0
115900063,0,0,0
115900064,0,0,0
115900065,0,0,0
115900066,0,0,0
115900067,0,0,0
115900068,0,0,0
115900069,0,0,0
115900070,0,0,0
115900071,0,0,0
115900072,0,0,0
115900073,0,0,0
115900074,0,0,0
115900075,0,0,0
115900076,0,0,0
115900077,0,0,0
115900078,0,0,0
115900079,0,0,0
115900080,0,0,0
115900081,0,0,0
115900082,0,0,0
115900084,0,0,0
115900085,0,0,0
115900086,0,0,0
115900088,0,0,0
115900089,0,0,0
115900090,0,0,0
115900091,0,0,0
115900092,0,0,0
115900093,0,0,0
115900094,0,0,0
115900096,0,0,0
115900097,0,0,0
115900098,0,0,0
115900099,0,0,0
115900100,0,0,0
115900101,0,0,0
115900102,0,0,0
115900103,0,0,0
115900104,0,0,0
115900105,0,0,0
115900106,0,0,0
115900107,0,0,0
115900108,0,0,0
115900109,0,0,0
115900110,0,0,0
115900111,0,0,0
115900112,0,0,0
115900113,0,0,0
115900114,0,0,0
115900115,0,0,0
115900116,0,0,0
115900117,0,0,0
115900118,0,0,0
115900119,0,0,0
115900120,0,0,0
115900121,0,0,0
115900124,0,0,0
115900125,0,0,0
115900126,0,0,0
115900127,0,0,0
115900128,0,0,0
115900129,0,0,0
115900130,0,0,0
115900131,0,0,0
115900132,0,0,0
115900134,0,0,0
115900135,0,0,0
115900137,0,0,0
115900139,0,0,0
115900140,0,0,0
115900141,0,0,0
115900142,0,0,0
115900143,0,0,0
115900144,0,0,0
115900146,0,0,0
115900147,0,0,0
115900148,0,0,0
115900149,0,0,0
115900150,0,0,0
115900151,0,0,0
115900152,0,0,0
115900153,0,0,0
115900154,0,0,0
115900155,0,0,0
115900156,0,0,0
115900157,0,0,0
115900158,0,0,0
115900159,0,0,0
115900160,0,0,0
115900161,0,0,0
115900163,0,0,0
115900164,0,0,0
115900166,0,0,0
115900168,0,0,0
115900171,0,0,0
115900172,0,0,0
115900173,0,0,0
115900174,0,0,0
115900175,0,0,0
115900178,0,0,0
115900179,0,0,0
115900180,0,0,0
115900181,0,0,0
115900182,0,0,0
115900183,0,0,0
115900184,0,0,0
115900187,0,0,0
115900189,0,0,0
115900190,0,0,0
115900191,0,0,0
115900192,0,0,0
115900193,0,0,0
115900194,0,0,0
115900195,0,0,0
115900198,0,0,0
115900199,0,0,0
115900200,0,0,0
115900201,0,0,0
115900202,0,0,0
115900203,0,0,0
115900204,0,0,0
115900205,0,0,0
115900206,0,0,0
115900207,0,0,0
115900208,0,0,0
115900209,0,0,0
115900210,0,0,0
115900211,0,0,0
115900212,0,0,0
115900213,0,0,0
115900214,0,0,0
115900215,0,0,0
115900216,0,0,0
115900217,0,0,0
115900218,0,0,0
115900219,0,0,0
115900220,0,0,0
115900221,0,0,0
115900222,0,0,0
115900223,0,0,0
115900224,0,0,0
115900225,0,0,0
115900226,0,0,0
115900227,0,0,0
115900228,0,0,0
115900229,0,0,0
115900230,0,0,0
115900231,0,0,0
115900232,0,0,0
115900233,0,0,0
115900234,0,0,0
115900235,0,0,0
115900236,0,0,0
115900237,0,0,0
115900238,0,0,0
115900239,0,0,0
115900240,0,0,0
115900241,0,0,0
115900242,1,0,1
115900243,0,0,0
115900244,0,0,0
115900245,0,0,0
115900246,0,0,0
115900247,0,0,0
115900248,0,0,0
115900249,0,0,0
115900250,0,0,0
115900251,0,0,0
115900252,0,0,0
115900253,0,0,0
115900254,0,0,0
115900255,0,0,0
115900256,0,0,0
115900257,0,0,0
115900258,0,0,0
115900259,0,0,0
115900260,0,0,0
115900261,0,0,0
115900262,0,0,0
115900263,0,0,0
115900264,0,0,0
115900265,0,0,0
115900266,0,0,0
115900267,0,0,0
115900268,0,0,0
115900269,0,0,0
115900270,0,0,0
115900271,0,0,0
115900272,0,0,0
115900273,0,0,0
115900274,0,0,0
115900275,0,0,0
115900276,0,0,0
115900277,0,0,0
115900278,0,0,0
115900279,0,0,0
115900280,0,0,0
115900281,0,0,0
115900282,0,0,0
115900283,0,0,0
115900284,0,0,0
116000001,142,230,-88
116000002,1388,2358,-970
116000003,47,79,-32
116000004,568,1873,-1305
116000005,43,79,-36
116000006,222,557,-335
116000007,169,135,34
116000008,748,477,271
116000009,19,150,-131
116000010,541,581,-40
116000011,39,157,-118
116000012,717,215,502
116000013,216,433,-217
116000014,0,0,0
116000015,3,1,2
116000016,745,92,653
116000017,43,9,34
116000018,90,6,84
116000019,48,0,48
116000020,298,51,247
116000021,215,0,215
116000022,119,45,74
116000023,5,17,-12
116000024,146,43,103
116000025,22,48,-26
116000026,413,84,329
116000027,195,97,98
116000028,493,447,46
116000029,0,0,0
116000030,458,295,163
116000031,0,0,0
116000032,81,1,80
116000033,439,202,237
116000034,1343,1159,184
116000035,354,84,270
116000036,0,0,0
116000037,6,59,-53
116000038,15,107,-92
116000039,0,0,0
116000040,80,161,-81
116000041,0,0,0
116000042,211,255,-44
116000043,0,0,0
116000044,0,0,0
116000045,1323,1716,-393
116000046,127,74,53
116000047,183,41,142
116000048,1426,653,773
116000049,1071,507,564
116000050,348,215,133
116000051,1240,278,962
116000052,575,171,404
116000053,574,262,312
116000054,0,0,0
116000055,0,0,0
116000056,417,952,-535
116000057,0,0,0
116000058,42,87,-45
116000059,481,1478,-997
116000060,82,116,-34
116000061,87,282,-195
116000062,46,28,18
116000063,131,414,-283
116000066,61,395,-334
116000067,0,0,0
116000068,27,95,-68
116000069,0,0,0
116000078,165,327,-162
116000080,0,0,0
116000082,0,0,0
116000083,315,191,124
116000084,42,427,-385
116000085,415,96,319
116000086,33,126,-93
116000087,844,183,661
116000088,53,58,-5
116000089,0,0,0
116000090,0,0,0
116000091,0,0,0
116000093,289,126,163
116000094,1,65,-64
116000095,411,42,369
116000096,35,185,-150
116000097,662,79,583
116000098,15,298,-283
116000099,523,38,485
116000100,53,0,53
116000101,10,4,6
116000102,81,19,62
116000103,65,41,24
116000104,10,10,0
116000105,89,2,87
116000106,45,5,40
116000107,186,1,185
116000108,0,11,-11
116000111,20,0,20
116000113,21,8,13
116000114,0,0,0
116000115,128,17,111
116000116,0,0,0
116000117,193,319,-126
116000118,0,0,0
116000119,993,275,718
116000120,0,0,0
116000121,242,221,21
116000122,0,0,0
116000123,888,98,790
116000124,0,0,0
116000125,860,76,784
116000126,0,0,0
116000127,0,0,0
116000128,689,50,639
116000129,0,0,0
116000130,0,0,0
116000133,297,9,288
116000134,145,13,132
116000135,728,178,550
116000136,124,61,63
116000137,380,121,259
116000138,0,0,0
116000139,413,733,-320
116000140,0,3,-3
116000141,25,9,16
116000142,268,660,-392
116000143,484,166,318
116000144,90,207,-117
116000145,1402,286,1116
116000146,146,2,144
116000147,124,191,-67
116000148,0,3,-3
116000149,0,0,0
116000151,22,82,-60
116000153,114,501,-387
116000155,126,334,-208
116000156,8,35,-27
116000157,43,1,42
116000158,459,45,414
116000159,18,1,17
116000160,0,0,0
116000161,0,0,0
116000162,0,0,0
116000163,0,0,0
116000164,0,0,0
116000177,9,1,8
116000194,0,0,0
116000195,834,138,696
116000196,0,0,0
116000197,0,0,0
116000198,434,381,53
116000200,5,31,-26
116000201,0,0,0
116000202,0,0,0
116000203,0,0,0
116000204,0,0,0
116000205,0,0,0
116000206,0,0,0
116000207,0,0,0
116000233,0,0,0
116000287,0,0,0
116000288,166,44,122
116000292,0,0,0
116000296,0,0,0
116000297,0,0,0
116000304,0,0,0
116000305,0,0,0
116000346,0,0,0
116000352,0,0,0
116000354,0,0,0
116000357,0,0,0
116000358,0,0,0
116000361,0,0,0
116000372,0,0,0
116000381,0,0,0
116000388,0,0,0
116000389,69,15,54
116000445,0,0,0
116000446,374,67,307
116000447,0,0,0
116000448,459,148,311
116000563,124,820,-696
116000565,0,0,0
116000568,0,0,0
116000579,0,0,0
116000584,0,0,0
116000585,0,0,0
116000586,0,0,0
116000587,405,3,402
116000589,0,0,0
116000590,1,3,-2
116000591,90,27,63
116000592,0,0,0
116000593,0,0,0
116000594,0,0,0
116000595,0,0,0
116000596,0,0,0
116000597,116,1,115
116000598,0,0,0
116000602,0,0,0
116000605,0,0,0
116000606,33,10,23
116000607,0,0,0
116000609,0,0,0
116000611,0,0,0
116000612,1020,363,657
116000613,344,91,253
116000614,0,0,0
116000615,0,0,0
116000616,0,0,0
116000617,0,0,0
116000618,0,0,0
116000619,0,6,-6
116000620,607,41,566
116000621,7,42,-35
116000622,81,38,43
116000624,0,0,0
116000627,0,0,0
116000628,0,0,0
116000629,0,0,0
116000630,20,2,18
116000631,1,3,-2
116000632,0,0,0
116000633,0,0,0
116000634,0,0,0
116000635,1129,1169,-40
116000636,119,193,-74
116000637,0,0,0
116000638,0,0,0
116900001,0,0,0
116900002,0,0,0
116900003,0,0,0
116900004,0,0,0
116900005,0,0,0
116900006,0,0,0
116900007,0,0,0
116900008,0,0,0
116900009,0,0,0
116900010,0,0,0
116900011,0,0,0
116900012,0,0,0
116900013,0,0,0
116900014,0,0,0
116900015,0,0,0
116900016,0,0,0
116900017,0,0,0
116900018,0,0,0
116900019,0,0,0
116900020,0,0,0
116900023,0,0,0
116900024,0,0,0
116900025,0,0,0
116900026,0,0,0
116900027,0,0,0
116900028,0,0,0
116900029,0,0,0
116900031,0,0,0
116900032,0,0,0
116900033,0,0,0
116900034,0,0,0
116900035,0,0,0
116900036,0,0,0
116900038,0,0,0
116900041,0,0,0
116900042,0,0,0
116900043,0,0,0
116900047,0,0,0
116900049,0,0,0
116900050,0,0,0
116900051,0,0,0
116900052,0,0,0
116900055,0,0,0
116900057,0,0,0
116900058,0,0,0
116900059,0,0,0
116900060,0,0,0
116900062,0,0,0
116900064,0,0,0
116900065,0,0,0
116900067,0,0,0
116900068,0,0,0
116900070,0,0,0
116900072,0,0,0
116900073,0,0,0
116900074,0,0,0
116900076,0,0,0
116900077,0,0,0
116900078,0,0,0
116900079,0,0,0
116900080,0,0,0
116900081,0,0,0
116900082,0,0,0
116900083,0,0,0
116900084,0,0,0
116900085,0,0,0
116900086,0,0,0
116900088,0,0,0
116900090,0,0,0
116900091,0,0,0
116900092,0,0,0
116900093,0,0,0
116900094,0,0,0
116900095,0,0,0
116900096,0,0,0
116900097,0,0,0
116900098,0,0,0
116900099,0,0,0
116900100,0,0,0
116900101,0,0,0
116900103,0,0,0
116900104,0,0,0
116900105,0,0,0
116900106,0,0,0
116900107,0,0,0
116900110,0,0,0
116900111,319,1,318
116900112,103,4,99
116900113,79,20,59
116900116,0,0,0
116900117,0,0,0
116900118,0,0,0
116900120,0,0,0
116900121,0,0,0
116900122,0,0,0
116900123,0,0,0
116900124,0,0,0
116900125,0,0,0
116900126,0,0,0
116900128,0,0,0
116900129,0,0,0
116900130,0,0,0
116900131,0,0,0
116900132,0,0,0
116900133,0,0,0
116900134,0,0,0
116900136,0,0,0
116900137,0,0,0
116900138,0,0,0
116900139,0,0,0
116900140,0,0,0
116900141,0,0,0
116900142,0,0,0
116900143,0,0,0
116900144,0,0,0
116900145,0,0,0
116900147,0,0,0
116900148,0,0,0
116900149,0,0,0
116900150,0,0,0
116900151,0,0,0
116900153,0,0,0
116900154,0,0,0
116900155,0,0,0
116900157,0,0,0
116900158,0,0,0
116900159,0,0,0
116900160,0,0,0
116900161,0,0,0
116900162,0,0,0
116900163,0,0,0
116900164,0,0,0
116900165,0,0,0
116900166,0,0,0
116900167,0,0,0
116900168,0,0,0
116900169,0,0,0
116900170,0,0,0
116900171,0,0,0
116900172,0,0,0
116900173,0,0,0
116900174,0,0,0
116900175,0,0,0
116900178,0,0,0
116900179,0,0,0
116900180,0,0,0
116900182,0,0,0
116900183,0,0,0
116900185,0,0,0
116900186,0,0,0
116900187,0,0,0
116900188,0,0,0
116900189,0,0,0
116900191,0,0,0
116900192,0,0,0
116900194,0,0,0
116900195,0,0,0
116900196,0,0,0
116900197,0,0,0
116900198,0,0,0
116900200,0,0,0
116900201,0,0,0
116900202,0,0,0
116900203,0,0,0
116900204,0,0,0
116900205,0,0,0
116900206,0,0,0
116900207,0,0,0
116900208,0,0,0
116900209,0,0,0
116900210,0,0,0
116900211,0,0,0
116900212,0,0,0
116900213,0,0,0
116900214,0,0,0
116900215,0,0,0
116900216,0,0,0
116900218,0,0,0
116900219,0,0,0
116900220,0,0,0
116900221,0,0,0
116900222,156,71,85
116900223,0,0,0
116900226,0,0,0
116900227,0,0,0
116900228,0,0,0
116900230,0,0,0
116900231,0,0,0
116900232,0,0,0
116900233,0,0,0
116900234,0,0,0
116900235,0,0,0
116900238,0,0,0
116900239,0,0,0
116900240,0,0,0
116900241,0,0,0
116900242,0,0,0
116900243,0,0,0
116900245,0,0,0
116900246,0,0,0
116900247,0,0,0
116900248,0,0,0
116900249,0,0,0
116900250,0,0,0
116900251,0,0,0
116900252,180,3,177
116900253,0,0,0
116900254,0,0,0
116900255,0,0,0
116900256,0,0,0
116900257,0,0,0
116900258,0,0,0
116900259,0,0,0
116900260,0,0,0
116900261,0,0,0
116900262,0,0,0
116900263,0,0,0
116900264,0,0,0
116900265,0,0,0
116900266,0,0,0
116900267,0,0,0
116900268,0,0,0
116900269,130,61,69
116900271,0,0,0
116900272,0,0,0
116900273,0,0,0
116900274,0,0,0
116900275,0,0,0
116900276,67,3,64
116900277,0,0,0
116900278,0,0,0
116900279,0,0,0
116900280,0,0,0
116900281,0,0,0
116900282,0,0,0
116900283,0,0,0
116900284,0,0,0
116900285,0,0,0
116900286,0,0,0
116900287,0,0,0
116900288,0,0,0
116900289,0,0,0
116900290,0,0,0
116900291,0,0,0
116900292,0,0,0
116900293,0,0,0
116900294,0,0,0
116900295,0,0,0
116900296,0,0,0
116900297,0,0,0
116900298,0,0,0
116900299,0,0,0
116900300,0,0,0
116900301,0,0,0
116900302,0,0,0
116900303,0,0,0
116900304,0,0,0
116900305,0,0,0
116900306,0,10,-10
117000001,734,452,282
117000002,13,45,-32
117000003,1966,890,1076
117000004,199,207,-8
117000005,1186,596,590
117000006,105,120,-15
117000007,2472,650,1822
117000008,63,169,-106
117000009,1763,298,1465
117000010,159,132,27
117000011,1066,310,756
117000012,164,92,72
117000013,930,187,743
117000014,14,262,-248
117000015,443,195,248
117000016,34,10,24
117000017,63,17,46
117000018,2,24,-22
117000019,13,24,-11
117000020,54,10,44
117000021,57,0,57
117000022,86,18,68
117000023,22,25,-3
117000024,0,0,0
117000025,0,0,0
117000026,800,965,-165
117000027,0,0,0
117000028,316,186,130
117000030,175,30,145
117000031,175,124,51
117000032,440,327,113
117000033,357,250,107
117000034,125,84,41
117000035,301,73,228
117000036,120,153,-33
117000037,470,47,423
117000038,151,89,62
117000039,385,73,312
117000040,0,0,0
117000041,436,21,415
117000044,0,0,0
117000045,31,38,-7
117000046,0,0,0
117000047,571,321,250
117000048,0,0,0
117000049,8,32,-24
117000050,4,2,2
117000051,586,113,473
117000052,0,0,0
117000053,0,0,0
117000054,1047,45,1002
117000055,0,34,-34
117000056,414,74,340
117000057,0,29,-29
117000060,0,0,0
117000061,353,345,8
117000062,0,0,0
117000063,172,148,24
117000064,0,0,0
117000066,3,0,3
117000067,28,64,-36
117000074,2,26,-24
117000076,0,0,0
117000077,82,43,39
117000078,0,0,0
117000079,69,29,40
117000080,0,0,0
117000081,174,4,170
117000082,0,0,0
117000083,53,0,53
117000084,64,0,64
117000085,15,26,-11
117000086,236,228,8
117000087,19,62,-43
117000088,259,134,125
117000089,1194,221,973
117000090,1,49,-48
117000091,642,114,528
117000092,4,23,-19
117000093,1006,259,747
117000094,76,112,-36
117000095,1886,159,1727
117000096,34,111,-77
117000097,1133,172,961
117000098,62,87,-25
117000099,1379,208,1171
117000100,0,0,0
117000101,0,0,0
117000102,760,240,520
117000103,36,46,-10
117000104,697,210,487
117000105,16,16,0
117000106,892,217,675
117000107,99,31,68
117000108,748,509,239
117000109,143,11,132
117000110,787,780,7
117000111,2110,1396,714
117000112,748,490,258
117000113,0,0,0
117000114,5,6,-1
117000115,0,0,0
117000116,0,2,-2
117000117,126,93,33
117000118,2,18,-16
117000119,0,58,-58
117000120,0,30,-30
117000121,0,72,-72
117000122,1,93,-92
117000123,131,84,47
117000124,0,2,-2
117000125,1,0,1
117000126,10,0,10
117000127,2,1,1
117000128,12,0,12
117000129,125,444,-319
117000130,35,0,35
117000131,0,0,0
117000132,1446,22,1424
117000133,0,0,0
117000134,0,0,0
117000135,0,0,0
117000136,0,0,0
117000137,0,0,0
117000138,0,0,0
117000140,25,52,-27
117000141,929,221,708
117000181,0,0,0
117000182,0,0,0
117000195,0,0,0
117000196,0,0,0
117000225,0,0,0
117000226,0,0,0
117000276,0,0,0
117000277,0,0,0
117000310,0,257,-257
117000315,0,0,0
117000320,126,0,126
117000906,101,4,97
117000907,0,0,0
117000908,0,0,0
117000909,13,12,1
117000910,0,0,0
117000911,0,54,-54
117000915,0,0,0
117000916,14,18,-4
117000917,274,14,260
117000918,43,49,-6
117000919,0,0,0
117000920,0,25,-25
117000921,0,0,0
117000922,3,28,-25
117000924,52,265,-213
117000926,40,6,34
117000927,105,531,-426
117000928,0,0,0
117000929,0,0,0
117000930,0,0,0
117000931,0,0,0
117900002,0,0,0
117900003,0,0,0
117900005,0,0,0
117900006,0,0,0
117900007,0,0,0
117900008,0,0,0
117900010,0,0,0
117900011,0,0,0
117900012,0,0,0
117900013,0,0,0
117900014,0,0,0
117900015,0,0,0
117900016,0,0,0
117900017,0,0,0
117900018,0,0,0
117900019,0,0,0
117900020,0,0,0
117900021,0,0,0
117900022,0,0,0
117900023,0,0,0
117900024,0,0,0
117900025,0,0,0
117900026,0,0,0
117900028,0,0,0
117900029,0,0,0
117900030,0,0,0
117900031,0,0,0
117900032,0,0,0
117900033,0,0,0
117900034,0,0,0
117900035,0,0,0
117900036,0,0,0
117900037,0,0,0
117900038,0,0,0
117900039,0,0,0
117900040,0,0,0
117900041,0,0,0
117900042,0,0,0
117900043,0,0,0
117900044,0,0,0
117900045,0,0,0
117900048,0,0,0
117900049,0,0,0
117900050,0,0,0
117900051,0,0,0
117900052,0,0,0
117900053,0,0,0
117900054,0,0,0
117900055,0,0,0
117900056,0,0,0
117900057,0,0,0
117900058,0,0,0
117900059,0,0,0
117900060,0,0,0
117900061,0,0,0
117900063,0,0,0
117900065,0,0,0
117900066,0,0,0
117900067,0,0,0
117900069,0,0,0
117900070,0,0,0
117900071,0,0,0
117900073,0,0,0
117900074,0,0,0
117900075,0,0,0
117900076,0,0,0
117900077,0,0,0
117900078,0,0,0
117900080,0,0,0
117900081,0,0,0
117900082,0,0,0
117900083,0,0,0
117900086,0,0,0
117900087,0,0,0
117900088,0,0,0
117900089,0,0,0
117900090,0,0,0
117900091,0,0,0
117900092,0,0,0
117900093,0,0,0
117900094,0,0,0
117900095,0,0,0
117900096,0,0,0
117900097,0,0,0
117900098,0,0,0
117900099,0,0,0
117900100,0,0,0
117900101,0,0,0
117900102,0,0,0
117900103,0,0,0
117900104,0,0,0
117900105,0,0,0
117900106,0,0,0
117900107,0,0,0
117900109,0,0,0
117900110,0,0,0
117900111,0,0,0
117900112,0,0,0
117900113,0,0,0
117900114,0,0,0
117900115,0,0,0
117900116,0,0,0
117900117,0,0,0
117900118,1,0,1
117900119,0,0,0
117900120,2,0,2
117900121,3,0,3
117900122,0,0,0
117900123,0,0,0
117900124,0,0,0
117900125,0,0,0
117900126,0,0,0
117900127,0,0,0
117900128,0,0,0
117900129,0,0,0
117900130,0,0,0
117900131,0,0,0
117900132,0,0,0
117900133,0,0,0
117900134,0,0,0
117900135,0,0,0
117900136,0,0,0
117900137,0,0,0
117900138,0,0,0
117900139,0,0,0
117900140,0,0,0
117900141,0,0,0
117900142,0,0,0
117900144,0,0,0
117900145,0,0,0
117900146,0,0,0
117900147,0,0,0
117900148,0,0,0
117900149,0,0,0
117900150,0,0,0
117900151,0,0,0
117900152,0,0,0
117900153,0,0,0
117900154,0,0,0
117900156,0,0,0
117900157,0,0,0
117900158,0,0,0
117900160,0,0,0
117900161,0,0,0
117900162,0,0,0
117900163,0,0,0
117900165,0,0,0
117900166,0,0,0
117900168,0,0,0
117900169,0,0,0
117900170,0,0,0
117900171,0,0,0
117900172,0,0,0
117900173,0,0,0
117900174,0,0,0
117900175,0,0,0
117900176,0,0,0
117900177,0,0,0
117900178,0,0,0
117900180,0,0,0
117900181,0,0,0
117900182,0,0,0
117900183,0,0,0
117900184,0,0,0
117900185,0,0,0
117900186,0,0,0
117900187,0,0,0
117900188,0,0,0
117900189,0,0,0
117900190,0,0,0
117900191,0,0,0
117900192,0,0,0
117900193,0,0,0
117900194,0,0,0
117900195,0,0,0
117900196,0,0,0
117900207,0,0,0
117900208,0,0,0
117900209,0,0,0
117900210,0,0,0
117900211,0,0,0
117900212,0,0,0
117900213,0,0,0
117900214,0,0,0
117900215,0,0,0
117900216,0,0,0
117900217,0,0,0
117900218,0,0,0
117900219,0,0,0
117900220,0,0,0
117900222,0,0,0
117900223,0,0,0
118000001,265,657,-392
118000002,12,92,-80
118000003,914,1739,-825
118000004,49,60,-11
118000005,1871,1683,188
118000006,146,314,-168
118000007,153,683,-530
118000008,78,330,-252
118000009,29,185,-156
118000010,112,336,-224
118000011,0,0,0
118000012,0,0,0
118000013,0,0,0
118000014,0,2,-2
118000016,0,0,0
118000017,75,101,-26
118000018,0,0,0
118000019,1,2,-1
118000020,19,94,-75
118000021,1,72,-71
118000022,141,46,95
118000023,215,107,108
118000024,237,248,-11
118000027,233,318,-85
118000029,18,397,-379
118000032,266,778,-512
118000033,780,1385,-605
118000034,123,355,-232
118000035,76,342,-266
118000036,69,170,-101
118000037,1,2,-1
118000038,50,119,-69
118000039,0,0,0
118000040,198,282,-84
118000041,0,0,0
118000045,4,29,-25
118000046,0,175,-175
118000047,0,0,0
118000048,38,153,-115
118000051,46,258,-212
118000052,13,74,-61
118000053,12,40,-28
118000054,25,107,-82
118000055,1,46,-45
118000056,0,0,0
118000057,0,10,-10
118000058,0,0,0
118000059,8,103,-95
118000060,32,11,21
118000061,28,108,-80
118000062,0,1,-1
118000063,0,27,-27
118000064,21,130,-109
118000065,95,60,35
118000066,3,283,-280
118000067,5,38,-33
118000068,38,220,-182
118000069,2,31,-29
118000070,21,85,-64
118000071,117,169,-52
118000072,243,482,-239
118000073,18,106,-88
118000074,1,12,-11
118000075,1,57,-56
118000076,472,1986,-1514
118000077,0,0,0
118000078,626,1000,-374
118000079,36,117,-81
118000080,0,0,0
118000081,446,698,-252
118000082,0,0,0
118000083,0,0,0
118000084,0,0,0
118000086,0,0,0
118000087,108,146,-38
118000088,160,407,-247
118000089,395,218,177
118000090,3,115,-112
118000091,58,201,-143
118000092,0,0,0
118000093,0,0,0
118000096,0,0,0
118000097,0,0,0
118000098,0,0,0
118000099,0,0,0
118000101,474,254,220
118000102,97,38,59
118000107,12,7,5
118000108,23,26,-3
118000110,0,0,0
118000111,0,0,0
118000112,132,1,131
118000113,0,0,0
118000114,110,1,109
118000115,0,0,0
118000116,1,0,1
118000117,10,2,8
118000118,301,380,-79
118000119,287,345,-58
118000120,53,14,39
118000121,0,0,0
118000122,0,0,0
118000123,0,0,0
118000125,0,0,0
118000126,11,20,-9
118000127,91,235,-144
118000128,0,0,0
118000129,97,70,27
118000130,6,94,-88
118000131,23,90,-67
118000132,213,314,-101
118000133,100,112,-12
118000135,171,216,-45
118000136,0,7,-7
118000137,0,0,0
118000138,2,2,0
118000139,0,0,0
118000140,16,57,-41
118000141,1094,909,185
118000142,102,17,85
118000143,442,524,-82
118000144,81,103,-22
118000145,271,117,154
118000146,332,79,253
118000147,259,51,208
118000148,43,82,-39
118000149,0,0,0
118000150,321,156,165
118000151,52,46,6
118000153,666,595,71
118000154,380,372,8
118000155,673,624,49
118000156,159,105,54
118000157,281,72,209
118000158,0,0,0
118000159,65,106,-41
118000160,656,167,489
118000161,0,0,0
118000162,174,87,87
118000163,193,133,60
118000164,656,231,425
118000168,0,0,0
118000169,0,0,0
118000170,38,43,-5
118000171,25,23,2
118000172,0,3,-3
118000173,189,138,51
118000175,193,294,-101
118000176,313,373,-60
118000177,206,229,-23
118000178,0,0,0
118000179,847,712,135
118000180,572,342,230
118000181,23,33,-10
118000182,44,38,6
118000183,70,58,12
118000184,849,219,630
118000185,0,0,0
118000186,0,0,0
118000187,0,0,0
118000188,0,0,0
118000189,0,0,0
118000190,0,0,0
118000191,0,0,0
118000192,0,39,-39
118000193,0,0,0
118000194,634,751,-117
118000195,9,58,-49
118000196,0,0,0
118000197,1,0,1
118000198,0,77,-77
118000199,154,134,20
118000200,0,0,0
118000201,0,0,0
118000202,0,0,0
118000203,0,0,0
118000204,0,13,-13
118000205,43,26,17
118000206,62,12,50
118000207,0,0,0
118000208,235,382,-147
118000209,231,53,178
118000210,66,5,61
118000211,39,3,36
118000213,0,55,-55
118000214,48,22,26
118000215,0,0,0
118000216,0,0,0
118000217,0,0,0
118000218,0,0,0
118000219,0,0,0
118000220,8,9,-1
118000221,0,0,0
118000222,0,0,0
118000223,7,17,-10
118000224,0,0,0
118000225,0,0,0
118000226,44,0,44
118000227,35,54,-19
118000228,1,19,-18
118000229,0,0,0
118000230,0,0,0
118000231,0,0,0
118000232,0,0,0
118000233,112,46,66
118000234,0,0,0
118000236,0,0,0
118000237,0,0,0
118000238,0,0,0
118000239,136,28,108
118000240,0,0,0
118000241,0,0,0
118000242,0,0,0
118000243,0,0,0
118000244,0,0,0
118000246,0,0,0
118000255,0,1,-1
118000256,1,1,0
118000259,0,0,0
118000260,0,0,0
118000261,0,0,0
118000263,0,0,0
118000266,2,0,2
118000267,0,0,0
118000268,43,6,37
118000270,0,0,0
118000271,4,1,3
118000272,0,0,0
118000273,0,0,0
118000274,0,0,0
118000276,0,0,0
118000295,0,0,0
118000298,0,0,0
118000299,0,0,0
118000301,0,0,0
118000302,0,0,0
118000311,0,0,0
118000312,0,0,0
118000313,0,0,0
118000314,0,0,0
118000315,0,0,0
118000316,0,0,0
118000325,0,0,0
118000326,0,0,0
118000331,0,0,0
118000332,0,0,0
118000333,0,0,0
118000335,102,0,102
118000336,0,0,0
118000407,0,0,0
118000457,0,0,0
118000465,68,142,-74
118000480,0,0,0
118000489,3,114,-111
118000490,0,0,0
118000492,137,23,114
118000510,0,0,0
118000514,25,0,25
118000515,32,1,31
118000517,0,0,0
118000524,0,0,0
118000525,42,72,-30
118000530,12,71,-59
118000531,89,30,59
118000532,0,0,0
118000533,0,0,0
118000534,0,0,0
118000535,93,32,61
118000536,0,0,0
118000537,0,0,0
118000538,0,0,0
118000539,20,38,-18
118000540,0,0,0
118000541,0,0,0
118000542,72,24,48
118000543,3,25,-22
118000546,0,0,0
118000553,0,0,0
118000557,0,0,0
118000560,0,0,0
118000562,0,0,0
118000563,199,604,-405
118000576,23,0,23
118000577,0,0,0
118000578,0,0,0
118000579,5,5,0
118000583,0,0,0
118000595,57,128,-71
118000596,0,0,0
118000597,0,0,0
118000598,0,0,0
118000599,0,0,0
118000600,0,0,0
118000601,0,0,0
118000602,0,0,0
118000603,0,0,0
118900001,0,0,0
118900002,0,0,0
118900003,0,0,0
118900004,0,0,0
118900005,0,0,0
118900006,0,0,0
118900007,0,0,0
118900008,0,0,0
118900009,0,0,0
118900010,0,0,0
118900011,0,0,0
118900012,0,0,0
118900013,0,0,0
118900015,0,0,0
118900016,0,0,0
118900017,0,0,0
118900018,0,0,0
118900019,0,0,0
118900020,0,0,0
118900021,0,0,0
118900022,0,0,0
118900023,0,0,0
118900024,0,0,0
118900025,0,0,0
118900026,0,0,0
118900027,0,0,0
118900028,0,0,0
118900029,0,0,0
118900030,0,0,0
118900031,0,0,0
118900032,0,0,0
118900033,0,0,0
118900034,0,0,0
118900035,0,0,0
118900036,0,0,0
118900037,0,0,0
118900038,0,0,0
118900039,0,0,0
118900040,0,0,0
118900041,0,0,0
118900042,0,0,0
118900045,0,0,0
118900046,0,0,0
118900047,0,0,0
118900048,0,0,0
118900049,0,0,0
118900050,0,0,0
118900051,0,0,0
118900052,0,0,0
118900053,0,0,0
118900054,0,0,0
118900055,0,0,0
118900056,0,0,0
118900057,0,0,0
118900058,0,0,0
118900059,0,0,0
118900060,0,0,0
118900062,0,0,0
118900064,0,0,0
118900065,0,0,0
118900066,0,0,0
118900067,0,0,0
118900068,0,0,0
118900069,0,0,0
118900071,0,0,0
118900072,0,0,0
118900073,0,0,0
118900074,0,0,0
118900075,0,0,0
118900076,0,0,0
118900077,0,0,0
118900078,0,0,0
118900079,0,0,0
118900080,0,0,0
118900081,0,0,0
118900082,0,0,0
118900083,0,0,0
118900084,0,0,0
118900085,0,0,0
118900086,0,0,0
118900087,0,0,0
118900088,0,0,0
118900089,0,0,0
118900090,0,0,0
118900091,0,0,0
118900092,0,0,0
118900093,0,0,0
118900096,0,0,0
118900097,0,0,0
118900099,0,0,0
118900100,0,0,0
118900101,0,0,0
118900102,0,0,0
118900103,0,0,0
118900104,1,0,1
118900105,0,0,0
118900107,0,0,0
118900108,0,0,0
118900110,0,0,0
118900111,0,0,0
118900112,0,0,0
118900113,0,0,0
118900114,0,0,0
118900115,0,0,0
118900116,0,0,0
118900117,0,0,0
118900118,0,0,0
118900119,0,0,0
118900120,0,0,0
118900121,0,0,0
118900122,0,0,0
118900123,0,0,0
118900124,0,0,0
118900126,0,0,0
118900129,0,0,0
118900130,0,0,0
118900131,0,0,0
118900132,0,0,0
118900133,0,0,0
118900135,0,0,0
118900136,0,0,0
118900137,0,0,0
118900139,0,0,0
118900140,0,0,0
118900141,0,0,0
118900144,0,0,0
118900145,0,0,0
118900146,0,0,0
118900147,0,0,0
118900148,0,0,0
118900150,0,0,0
118900152,0,0,0
118900157,0,0,0
118900158,0,0,0
118900159,0,0,0
118900161,0,0,0
118900163,0,0,0
118900164,0,0,0
118900165,0,0,0
118900166,0,0,0
118900167,0,0,0
118900168,0,0,0
118900169,0,0,0
118900170,0,0,0
118900171,0,0,0
118900174,0,0,0
118900175,0,0,0
118900176,0,0,0
118900177,0,0,0
118900178,0,0,0
118900179,0,0,0
118900181,3,0,3
118900182,0,0,0
118900183,0,0,0
118900184,0,0,0
118900185,0,0,0
118900186,0,0,0
118900187,0,0,0
118900188,0,0,0
118900189,0,0,0
118900190,0,0,0
118900191,0,0,0
118900192,0,0,0
118900193,0,0,0
118900195,0,0,0
118900196,0,0,0
118900197,0,0,0
118900198,0,0,0
118900199,0,0,0
118900200,0,0,0
118900201,0,0,0
118900202,0,0,0
118900203,0,0,0
118900204,0,0,0
118900205,0,0,0
118900206,0,0,0
119000001,385,342,43
119000002,580,185,395
119000003,43,75,-32
119000004,14,117,-103
119000005,160,86,74
119000006,110,49,61
119000007,820,558,262
119000008,0,0,0
119000009,298,352,-54
119000010,0,0,0
119000011,431,363,68
119000012,20,80,-60
119000013,1420,494,926
119000014,21,58,-37
119000019,54,27,27
119000020,97,142,-45
119000021,194,158,36
119000022,0,0,0
119000023,122,148,-26
119000024,219,1122,-903
119000025,37,109,-72
119000026,0,0,0
119000027,5,46,-41
119000028,72,41,31
119000029,0,0,0
119000030,40,122,-82
119000031,0,0,0
119000032,0,38,-38
119000033,294,82,212
119000034,9,3,6
119000035,0,5,-5
119000036,132,30,102
119000037,5,10,-5
119000038,0,13,-13
119000039,22,43,-21
119000040,4,211,-207
119000041,11,47,-36
119000048,324,142,182
119000049,20,58,-38
119000050,20,15,5
119000051,68,43,25
119000052,2,3,-1
119000053,59,4,55
119000054,260,98,162
119000055,1316,126,1190
119000056,591,340,251
119000057,54,55,-1
119000058,50,54,-4
119000059,671,226,445
119000060,0,0,0
119000061,106,100,6
119000062,0,0,0
119000063,31,49,-18
119000064,24,76,-52
119000065,59,54,5
119000066,93,97,-4
119000067,227,85,142
119000068,124,40,84
119000069,302,117,185
119000070,63,17,46
119000071,0,0,0
119000072,217,116,101
119000073,121,31,90
119000074,300,141,159
119000075,305,42,263
119000076,0,0,0
119000077,0,0,0
119000078,0,0,0
119000079,0,0,0
119000080,0,0,0
119000081,0,0,0
119000082,0,0,0
119000083,0,0,0
119000084,0,0,0
119000085,0,0,0
119000086,0,0,0
119000087,0,0,0
119000088,0,0,0
119000089,0,0,0
119000090,0,0,0
119000091,0,0,0
119000092,0,0,0
119000093,360,128,232
119000094,842,222,620
119000095,64,95,-31
119000097,104,94,10
119000098,196,468,-272
119000099,504,137,367
119000100,441,299,142
119000101,0,0,0
119000102,0,0,0
119000103,20,23,-3
119000104,0,0,0
119000105,64,69,-5
119000106,0,0,0
119000107,159,114,45
119000108,0,0,0
119000109,0,0,0
119000110,0,0,0
119000111,0,0,0
119000112,0,0,0
119000113,0,0,0
119000114,10,41,-31
119000115,0,0,0
119000116,4,40,-36
119000117,0,0,0
119000118,0,0,0
119000123,0,0,0
119000124,111,22,89
119000125,279,33,246
119000126,259,38,221
119000127,0,0,0
119000128,0,0,0
119000131,0,0,0
119000132,0,0,0
119000133,0,0,0
119000134,214,198,16
119000135,0,0,0
119000136,0,0,0
119000137,0,0,0
119000138,0,0,0
119000139,0,0,0
119000140,0,0,0
119000284,3,11,-8
119000285,2,5,-3
119000286,0,0,0
119000287,0,0,0
119000288,0,0,0
119000289,0,0,0
119000290,77,16,61
119000291,0,0,0
119000293,0,5,-5
119000294,122,63,59
119000295,0,0,0
119000296,0,0,0
119000299,0,0,0
119000302,13,8,5
119000303,0,40,-40
119000314,0,0,0
119000315,0,0,0
119000316,0,0,0
119000317,0,0,0
119900001,0,0,0
119900002,0,0,0
119900003,0,0,0
119900004,0,0,0
119900005,0,0,0
119900006,0,0,0
119900007,0,0,0
119900008,0,0,0
119900009,0,0,0
119900010,0,0,0
119900011,0,0,0
119900012,0,0,0
119900013,0,0,0
119900014,0,0,0
119900015,0,0,0
119900016,0,0,0
119900017,0,0,0
119900018,0,0,0
119900019,0,0,0
119900020,0,0,0
119900021,0,0,0
119900022,0,0,0
119900023,0,0,0
119900025,0,0,0
119900026,0,0,0
119900027,0,0,0
119900028,0,0,0
119900029,0,0,0
119900030,0,0,0
119900031,0,0,0
119900033,0,0,0
119900034,0,0,0
119900037,0,0,0
119900038,0,0,0
119900039,0,0,0
119900040,0,0,0
119900041,0,0,0
119900042,0,0,0
119900043,0,0,0
119900044,0,0,0
119900046,0,0,0
119900047,0,0,0
119900048,0,0,0
119900049,0,0,0
119900050,0,0,0
119900051,0,0,0
119900052,0,0,0
119900053,0,0,0
119900054,0,0,0
119900055,0,0,0
119900057,0,0,0
119900058,0,0,0
119900059,0,0,0
119900060,0,0,0
119900062,0,0,0
119900063,0,0,0
119900065,0,0,0
119900066,0,0,0
119900067,0,0,0
119900068,0,0,0
119900069,0,0,0
119900070,0,0,0
119900071,0,0,0
119900073,0,0,0
119900074,0,0,0
119900075,0,0,0
119900076,0,0,0
119900077,0,0,0
119900078,0,0,0
119900079,0,0,0
119900080,0,0,0
119900081,0,0,0
119900082,5,0,5
119900083,0,0,0
119900084,0,0,0
119900085,0,0,0
119900087,0,0,0
119900088,0,0,0
119900089,0,0,0
119900090,0,0,0
119900091,0,0,0
119900092,0,0,0
119900093,0,0,0
119900094,0,0,0
119900095,0,0,0
119900096,0,0,0
119900097,0,0,0
119900098,0,0,0
119900099,0,0,0
119900100,0,0,0
119900101,0,0,0
119900102,0,0,0
119900103,0,0,0
119900104,0,0,0
119900105,0,0,0
119900106,0,0,0
119900107,0,0,0
119900108,0,0,0
119900109,0,0,0
119900110,0,0,0
119900111,0,0,0
119900112,0,0,0
119900113,0,0,0
119900114,0,0,0
119900115,0,0,0
119900116,0,0,0
119900117,0,0,0
119900118,0,0,0
119900119,0,0,0
119900120,0,0,0
119900121,0,0,0
119900122,0,0,0
119900123,0,0,0
119900124,0,0,0
119900125,0,0,0
119900126,0,0,0
119900127,0,0,0
119900128,0,0,0
119900129,0,0,0
119900130,0,0,0
119900131,0,0,0
119900132,0,0,0
119900133,0,0,0
119900134,0,0,0
119900135,0,0,0
119900136,0,0,0
119900138,0,0,0
119900139,0,0,0
119900140,0,0,0
119900141,0,0,0
119900142,0,0,0
119900143,0,0,0
119900144,0,0,0
119900145,0,0,0
119900146,0,0,0
119900147,0,0,0
119900148,0,0,0
119900149,0,0,0
119900150,0,0,0
119900151,0,0,0
119900152,0,0,0
119900153,0,0,0
119900154,0,0,0
119900155,0,0,0
119900156,0,0,0
119900157,0,0,0
119900158,0,0,0
119900159,0,0,0
119900160,0,0,0
119900161,0,0,0
119900162,0,0,0
119900163,0,0,0
119900164,0,0,0
119900165,0,0,0
119900166,0,0,0
119900167,0,0,0
119900168,0,0,0
119900169,0,0,0
119900170,0,0,0
119900171,0,0,0
119900172,0,0,0
119900173,0,0,0
119900174,0,0,0
119900175,0,0,0
119900177,0,0,0
119900178,0,0,0
119900179,0,0,0
119900180,0,0,0
119900181,0,0,0
119900182,0,0,0
119900183,0,0,0
119900184,0,0,0
119900185,0,0,0
119900186,0,0,0
119900187,0,0,0
119900188,0,0,0
119900189,0,0,0
119900190,0,0,0
119900191,0,0,0
119900192,0,0,0
119900193,0,0,0
119900194,0,0,0
119900195,0,0,0
119900196,0,0,0
119900197,0,0,0
119900198,0,0,0
119900199,0,0,0
119900200,0,0,0
119900201,0,0,0
119900202,0,0,0
119900203,0,0,0
119900204,0,0,0
119900205,0,0,0
119900206,0,0,0
119900208,0,0,0
119900209,0,0,0
119900210,0,0,0
119900211,0,0,0
119900212,0,0,0
119900213,0,0,0
119900214,0,0,0
119900215,0,0,0
119900216,0,0,0
119900217,0,0,0
119900218,0,0,0
119900219,0,0,0
119900220,0,0,0
119900221,0,0,0
119900222,0,0,0
119900223,0,0,0
119900224,0,0,0
119900225,0,0,0
119900226,0,0,0
119900227,0,0,0
119900228,0,0,0
119900229,0,0,0
119900230,0,0,0
119900231,0,0,0
119900232,0,0,0
119900233,0,0,0
119900234,0,0,0
119900235,0,0,0
119900236,0,0,0
119900237,0,0,0
119900238,0,0,0
119900240,0,0,0
119900241,0,0,0
119900242,0,0,0
119900244,0,0,0
119900245,0,0,0
119900246,0,0,0
119900247,0,0,0
119900248,0,0,0
119900249,0,0,0
119900253,0,0,0
119900254,0,0,0
119900255,0,0,0
119900256,0,0,0
119900257,0,0,0
119900258,0,0,0
119900259,0,0,0
119900260,0,0,0
119900261,0,0,0
119900262,0,0,0
119900263,0,0,0
119900264,0,0,0
119900265,0,0,0
119900266,0,0,0
119900267,0,0,0
119900268,0,0,0
119900269,0,0,0
119900271,0,0,0
119900272,0,0,0
119900275,0,0,0
119900276,0,0,0
119900277,0,0,0
119900278,0,0,0
119900279,0,0,0
119900280,0,0,0
119900281,0,0,0
119900282,0,0,0
119900283,0,0,0
119900284,0,0,0
119900285,0,0,0
119900286,0,0,0
119900288,0,0,0
119900289,0,0,0
119900290,0,0,0
119900291,0,0,0
119900292,0,0,0
119900293,0,0,0
119900294,0,0,0
119900295,0,0,0
119900296,0,0,0
119900299,0,0,0
119900300,0,0,0
119900301,0,0,0
119900302,0,0,0
119900303,0,0,0
119900304,0,0,0
119900305,0,0,0
119900306,0,0,0
119900307,0,0,0
119900308,0,0,0
119900309,0,0,0
119900310,0,0,0
119900311,0,0,0
119900312,0,0,0
119900313,0,0,0
119900314,0,0,0
119900315,1,0,1
119900318,0,0,0
119900319,0,0,0
119900320,0,0,0
119900321,0,0,0
119900322,0,0,0
119900323,0,0,0
119900324,0,0,0
119900325,0,0,0
119900326,0,0,0
120000001,1926,2034,-108
120000002,142,141,1
120000003,69,134,-65
120000004,39,182,-143
120000005,220,180,40
120000006,72,85,-13
120000007,120,99,21
120000008,46,129,-83
120000009,49,28,21
120000010,39,49,-10
120000011,12,83,-71
120000012,47,297,-250
120000013,425,189,236
120000014,224,255,-31
120000015,763,410,353
120000016,2154,623,1531
120000017,745,444,301
120000018,1521,597,924
120000019,336,156,180
120000020,921,433,488
120000021,293,849,-556
120000022,2226,1510,716
120000023,450,294,156
120000024,280,379,-99
120000025,902,387,515
120000026,387,620,-233
120000027,628,684,-56
120000028,3,0,3
120000029,15,173,-158
120000030,11,167,-156
120000031,656,587,69
120000032,516,126,390
120000033,213,94,119
120000034,273,66,207
120000035,575,106,469
120000036,1084,884,200
120000037,356,674,-318
120000038,303,715,-412
120000039,6,39,-33
120000040,0,31,-31
120000041,30,17,13
120000042,44,36,8
120000043,124,62,62
120000044,44,10,34
120000045,19,0,19
120000046,72,33,39
120000047,23,19,4
120000048,713,243,470
120000049,626,272,354
120000050,69,209,-140
120000051,47,253,-206
120000052,0,0,0
120000053,184,37,147
120000054,102,30,72
120000055,88,27,61
120000056,409,228,181
120000057,334,77,257
120000058,39,55,-16
120000059,2,269,-267
120000061,0,7,-7
120000062,0,0,0
120000063,115,3,112
120000064,43,2,41
120000065,125,2,123
120000066,71,2,69
120000067,21,14,7
120000068,24,48,-24
120000069,78,17,61
120000070,4,12,-8
120000071,373,260,113
120000072,446,164,282
120000073,239,153,86
120000074,99,79,20
120000075,571,53,518
120000076,848,121,727
120000077,375,172,203
120000078,576,257,319
120000079,0,0,0
120000080,0,0,0
120000081,0,0,0
120000082,0,0,0
120000083,0,0,0
120000084,36,12,24
120000085,1,5,-4
120000086,38,17,21
120000087,1,8,-7
120000088,356,40,316
120000089,671,63,608
120000090,314,61,253
120000091,629,157,472
120000092,684,171,513
120000093,106,129,-23
120000094,97,361,-264
120000095,0,0,0
120000096,0,0,0
120000098,150,0,150
120000099,36,0,36
120000100,149,0,149
120000101,56,1,55
120000102,99,751,-652
120000103,579,726,-147
120000104,1143,90,1053
120000105,1723,64,1659
120000106,1461,51,1410
120000107,1756,62,1694
120000108,1008,21,987
120000109,328,25,303
120000110,2,54,-52
120000111,0,11,-11
120000112,8,26,-18
120000113,15,14,1
120000114,36,7,29
120000115,5,21,-16
120000116,41,38,3
120000117,0,0,0
120000118,0,0,0
120000119,4,56,-52
120000120,0,0,0
120000121,15,48,-33
120000122,77,113,-36
120000123,330,221,109
120000124,207,168,39
120000125,6,6,0
120000126,107,212,-105
120000127,232,87,145
120000128,94,7,87
120000129,136,53,83
120000130,550,122,428
120000131,105,112,-7
120000134,0,0,0
120000135,0,0,0
120000137,0,0,0
120000138,0,0,0
120000139,0,0,0
120000140,0,0,0
120000141,0,0,0
120000142,0,0,0
120000143,0,0,0
120000144,0,0,0
120000145,0,0,0
120000146,405,578,-173
120000149,0,0,0
120000150,0,0,0
120000151,99,48,51
120000152,172,21,151
120000153,0,0,0
120000154,70,8,62
120000155,102,51,51
120000156,137,22,115
120000157,182,73,109
120000158,0,0,0
120000159,49,245,-196
120000160,614,267,347
120000161,309,186,123
120000162,15,169,-154
120000163,0,0,0
120000164,0,0,0
120000165,99,10,89
120000166,136,89,47
120000167,0,0,0
120000168,0,0,0
120000169,0,0,0
120000170,0,0,0
120000171,0,0,0
120000172,0,0,0
120000173,0,0,0
120000174,0,0,0
120000175,0,0,0
120000176,0,0,0
120000177,0,0,0
120000178,0,0,0
120000179,0,0,0
120000180,0,0,0
120000181,0,0,0
120000182,0,0,0
120000183,0,0,0
120000184,0,0,0
120000186,0,0,0
120000187,0,0,0
120000188,0,0,0
120000190,0,0,0
120000191,0,0,0
120000192,0,0,0
120000193,0,0,0
120000195,0,0,0
120000196,0,0,0
120000197,0,0,0
120000198,0,0,0
120000199,0,0,0
120000200,0,0,0
120000201,0,0,0
120000202,0,0,0
120000203,0,0,0
120000207,0,0,0
120000208,0,0,0
120000209,0,0,0
120000210,0,0,0
120000211,0,0,0
120000212,0,0,0
120000213,0,0,0
120000214,0,0,0
120000215,0,0,0
120000216,0,0,0
120000217,0,0,0
120000218,0,0,0
120000219,0,0,0
120000220,0,0,0
120000225,0,0,0
120000226,0,0,0
120000227,0,0,0
120000228,0,0,0
120000230,0,0,0
120000231,0,0,0
120000233,309,1,308
120000235,0,38,-38
120000236,887,14,873
120000237,0,66,-66
120000238,0,0,0
120000241,623,445,178
120000412,0,0,0
120000413,0,0,0
120000414,0,0,0
120000415,0,0,0
120000416,0,0,0
120000417,0,0,0
120000418,0,0,0
120000419,0,0,0
120000420,21,3,18
120000421,429,454,-25
120000422,0,0,0
120000423,0,0,0
120000424,0,0,0
120000436,126,41,85
120000437,0,0,0
120000438,0,0,0
120000439,271,134,137
120000443,4,0,4
120000444,478,139,339
120000445,297,265,32
120000446,201,67,134
120000447,430,0,430
120000449,0,0,0
120000450,0,0,0
120000451,59,36,23
120000452,19,0,19
120000453,0,0,0
120000454,31,1,30
120000455,41,109,-68
120000456,3,166,-163
120000457,29,15,14
120000458,5,0,5
120000459,17,17,0
120000665,6,239,-233
120000668,0,43,-43
120000669,34,16,18
120000670,0,29,-29
120000671,104,16,88
120000672,0,7,-7
120900001,0,0,0
120900002,0,0,0
120900003,0,0,0
120900004,0,0,0
120900005,0,0,0
120900006,0,0,0
120900007,0,0,0
120900008,0,0,0
120900009,0,0,0
120900010,0,0,0
120900011,0,0,0
120900012,0,0,0
120900013,0,0,0
120900014,0,0,0
120900015,0,0,0
120900016,0,0,0
120900017,0,0,0
120900018,0,0,0
120900019,0,0,0
120900020,0,0,0
120900021,0,0,0
120900022,0,0,0
120900023,0,0,0
120900024,0,0,0
120900025,0,0,0
120900026,0,0,0
120900027,0,0,0
120900028,0,0,0
120900029,0,0,0
120900030,0,0,0
120900031,0,0,0
120900032,0,0,0
120900033,0,0,0
120900034,0,0,0
120900035,0,0,0
120900037,0,0,0
120900038,0,0,0
120900039,0,0,0
120900040,0,0,0
120900041,0,0,0
120900042,0,0,0
120900043,0,0,0
120900044,0,0,0
120900045,0,0,0
120900046,0,0,0
120900047,0,0,0
120900048,0,0,0
120900049,0,0,0
120900050,0,0,0
120900051,0,0,0
120900052,0,0,0
120900053,0,0,0
120900054,0,0,0
120900055,0,0,0
120900056,0,0,0
120900057,0,0,0
120900058,0,0,0
120900059,0,0,0
120900060,0,0,0
120900061,0,0,0
120900062,0,0,0
120900063,0,0,0
120900064,0,0,0
120900065,0,0,0
120900066,0,0,0
120900067,0,0,0
120900068,0,0,0
120900069,0,0,0
120900071,0,0,0
120900072,0,0,0
120900073,0,0,0
120900074,0,0,0
120900076,0,0,0
120900077,0,0,0
120900078,0,0,0
120900079,0,0,0
120900080,0,0,0
120900081,0,0,0
120900082,0,0,0
120900083,0,0,0
120900084,0,0,0
120900085,0,0,0
120900086,0,0,0
120900087,0,0,0
120900088,0,0,0
120900089,0,0,0
120900090,0,0,0
120900091,0,0,0
120900092,0,0,0
120900093,0,0,0
120900094,0,0,0
120900095,0,0,0
120900096,0,0,0
120900097,0,0,0
120900098,0,0,0
120900099,0,0,0
120900100,0,0,0
120900101,0,0,0
120900102,0,0,0
120900103,0,0,0
120900104,0,0,0
120900105,0,0,0
120900106,1,0,1
120900107,0,0,0
120900108,0,0,0
120900109,0,0,0
120900110,0,0,0
120900111,0,0,0
120900112,0,0,0
120900113,0,0,0
120900114,0,0,0
120900115,94,42,52
120900116,0,0,0
120900117,0,0,0
120900118,0,0,0
120900119,0,0,0
120900120,0,0,0
120900121,0,0,0
120900122,0,0,0
120900123,0,0,0
120900124,0,0,0
120900125,0,0,0
120900126,0,0,0
120900127,0,0,0
120900128,0,0,0
120900129,0,0,0
120900130,0,1,-1
120900131,0,0,0
120900132,0,0,0
120900133,0,0,0
120900134,0,0,0
120900135,0,0,0
120900136,0,0,0
120900137,0,0,0
120900138,0,0,0
120900139,0,0,0
120900140,0,0,0
120900141,0,0,0
120900142,0,0,0
120900143,0,0,0
120900144,0,0,0
120900145,0,0,0
120900146,0,0,0
120900147,0,0,0
120900148,0,0,0
120900149,0,0,0
120900150,0,0,0
120900151,0,0,0
120900152,0,0,0
120900153,0,0,0
120900154,0,0,0
120900155,0,0,0
120900156,0,0,0
120900157,0,0,0
120900158,0,0,0
120900159,0,0,0
120900160,0,0,0
120900161,0,0,0
120900162,0,0,0
120900163,0,0,0
120900164,0,0,0
120900165,0,0,0
120900166,0,0,0
120900167,0,0,0
120900169,0,0,0
120900170,0,0,0
120900171,0,0,0
120900172,0,0,0
120900173,0,0,0
120900174,0,0,0
120900175,0,0,0
120900176,0,0,0
120900177,0,0,0
120900178,0,0,0
120900179,0,0,0
120900180,0,0,0
120900181,0,0,0
120900182,0,0,0
120900183,0,0,0
120900184,0,0,0
120900185,0,0,0
120900186,0,0,0
120900187,0,0,0
120900188,0,0,0
120900189,0,0,0
120900190,0,0,0
120900191,0,0,0
120900192,0,0,0
120900194,0,0,0
120900195,0,0,0
120900196,0,0,0
120900197,0,0,0
120900198,0,0,0
120900199,0,0,0
120900200,0,0,0
120900201,0,0,0
120900202,0,0,0
120900203,0,0,0
120900204,0,0,0
120900205,0,0,0
120900206,0,0,0
120900207,0,0,0
121000001,0,0,0
121000002,229,117,112
121000003,0,0,0
121000004,235,192,43
121000005,3,34,-31
121000006,151,237,-86
121000007,8,31,-23
121000008,410,440,-30
121000009,40,52,-12
121000010,640,294,346
121000011,398,249,149
121000012,1853,617,1236
121000013,289,307,-18
121000014,1849,601,1248
121000015,600,846,-246
121000016,833,710,123
121000017,75,172,-97
121000018,167,176,-9
121000019,410,276,134
121000020,725,914,-189
121000021,30,26,4
121000022,73,348,-275
121000023,32,19,13
121000024,712,627,85
121000025,46,74,-28
121000026,73,65,8
121000027,50,103,-53
121000028,13,60,-47
121000029,104,19,85
121000030,0,0,0
121000031,6,7,-1
121000032,0,0,0
121000034,13,7,6
121000035,0,0,0
121000036,28,25,3
121000037,61,39,22
121000038,42,144,-102
121000039,0,0,0
121000041,0,0,0
121000042,2,43,-41
121000043,47,8,39
121000044,1,55,-54
121000045,3,27,-24
121000046,0,0,0
121000047,0,0,0
121000049,127,50,77
121000050,46,243,-197
121000051,6,24,-18
121000052,23,53,-30
121000053,11,4,7
121000054,0,0,0
121000055,0,0,0
121000056,246,363,-117
121000057,0,0,0
121000058,3,7,-4
121000059,12,23,-11
121000060,73,24,49
121000061,0,31,-31
121000062,0,14,-14
121000063,8,21,-13
121000064,32,11,21
121000065,2,17,-15
121000066,0,0,0
121000067,0,0,0
121000068,56,11,45
121000069,1,6,-5
121000070,86,187,-101
121000071,30,219,-189
121000072,11,36,-25
121000073,30,203,-173
121000074,0,0,0
121000075,0,0,0
121000076,2,1,1
121000077,16,9,7
121000078,0,0,0
121000080,150,76,74
121000081,325,274,51
121000082,22,61,-39
121000083,12,7,5
121000084,0,0,0
121000085,83,35,48
121000086,0,38,-38
121000087,0,69,-69
121000088,0,0,0
121000089,5,132,-127
121000090,0,0,0
121000091,555,80,475
121000092,16,10,6
121000093,14,65,-51
121000094,59,58,1
121000095,0,5,-5
121000096,0,0,0
121000097,0,0,0
121000098,32,36,-4
121000099,4,24,-20
121000100,0,0,0
121000101,17,27,-10
121000102,0,0,0
121000103,2,5,-3
121000104,0,0,0
121000105,0,0,0
121000106,10,14,-4
121000107,178,252,-74
121000109,57,254,-197
121000110,0,1,-1
121000114,212,441,-229
121000115,0,0,0
121000116,0,0,0
121000117,3,0,3
121000118,0,0,0
121000119,0,0,0
121000120,1,70,-69
121000121,14,10,4
121000123,1,1,0
121000126,0,0,0
121000127,0,0,0
121000128,0,0,0
121000129,0,0,0
121000130,15,52,-37
121000131,0,0,0
121000132,13,68,-55
121000135,0,0,0
121000136,37,104,-67
121000137,0,0,0
121000138,9,49,-40
121000139,0,0,0
121000141,0,0,0
121000142,0,0,0
121000143,0,0,0
121000144,0,0,0
121000145,0,1,-1
121000146,48,12,36
121000147,44,49,-5
121000148,1,1,0
121000149,174,341,-167
121000152,19,22,-3
121000153,84,6,78
121000154,138,11,127
121000155,115,56,59
121000156,113,62,51
121000157,44,11,33
121000158,52,17,35
121000159,20,20,0
121000160,8,1,7
121000161,0,0,0
121000162,0,0,0
121000165,121,658,-537
121000166,3,31,-28
121000168,8,78,-70
121000169,1,9,-8
121000170,72,46,26
121000171,25,38,-13
121000172,29,82,-53
121000173,2,10,-8
121000174,8,10,-2
121000175,14,10,4
121000176,7,9,-2
121000177,4,1,3
121000178,0,0,0
121000179,8,21,-13
121000181,43,123,-80
121000182,48,110,-62
121000183,7,30,-23
121000184,10,49,-39
121000185,1,38,-37
121000186,0,21,-21
121000187,0,0,0
121000188,0,0,0
121000192,24,12,12
121000193,0,0,0
121000194,47,143,-96
121000195,0,0,0
121000196,0,0,0
121000197,1,2,-1
121000198,0,0,0
121000199,3,2,1
121000200,0,0,0
121000201,0,0,0
121000202,0,0,0
121000203,0,0,0
121000204,0,0,0
121000205,8,16,-8
121000206,0,0,0
121000207,0,0,0
121000208,0,0,0
121000209,48,5,43
121000210,0,0,0
121000211,1,0,1
121000212,0,0,0
121000213,36,186,-150
121000214,21,123,-102
121000215,61,67,-6
121000216,46,47,-1
121000217,562,169,393
121000218,0,20,-20
121000219,130,125,5
121000220,0,0,0
121000221,2,84,-82
121000222,19,60,-41
121000223,0,0,0
121000224,0,0,0
121000225,2,33,-31
121000226,22,244,-222
121000227,0,0,0
121000228,0,0,0
121000229,0,0,0
121000230,0,0,0
121000231,172,0,172
121000232,0,0,0
121000233,141,5,136
121000234,0,9,-9
121000235,0,14,-14
121000236,0,5,-5
121000237,27,0,27
121000238,0,0,0
121000239,2,0,2
121000240,0,9,-9
121000241,33,0,33
121000242,0,1,-1
121000243,30,2,28
121000244,0,1,-1
121000245,15,0,15
121000246,0,4,-4
121000247,24,0,24
121000248,51,7,44
121000249,0,0,0
121000250,28,110,-82
121000251,0,0,0
121000252,2,45,-43
121000253,0,0,0
121000254,115,12,103
121000255,0,0,0
121000256,20,33,-13
121000257,0,0,0
121000258,24,92,-68
121000259,0,0,0
121000260,0,0,0
121000261,2,26,-24
121000262,0,0,0
121000263,36,73,-37
121000271,0,0,0
121000273,0,0,0
121000274,5,12,-7
121000275,0,0,0
121000276,0,7,-7
121000278,18,4,14
121000279,0,0,0
121000280,13,22,-9
121000289,2,0,2
121000290,53,61,-8
121000294,0,0,0
121000297,46,44,2
121000299,0,0,0
121000300,0,0,0
121000302,0,90,-90
121000303,12,16,-4
121000304,224,132,92
121000305,30,68,-38
121000306,37,33,4
121000308,0,0,0
121000309,5,16,-11
121000310,1,6,-5
121000311,0,12,-12
121000312,70,38,32
121000313,0,0,0
121000314,0,0,0
121000315,0,0,0
121000530,296,239,57
121000531,418,218,200
121000532,991,329,662
121000533,3421,1062,2359
121000918,0,0,0
121000919,0,0,0
121000938,0,0,0
121000939,14,59,-45
121000956,0,0,0
121000957,0,0,0
121000958,0,5,-5
121000959,19,13,6
121000960,27,44,-17
121000961,99,1,98
121000962,0,33,-33
121000973,0,0,0
121000976,0,0,0
121000979,0,0,0
121000981,57,28,29
121000982,0,0,0
121000983,7,3,4
121000984,0,0,0
121000985,0,0,0
121000986,0,0,0
121000987,0,0,0
121000988,217,16,201
121001302,0,0,0
121001308,0,0,0
121001309,0,0,0
121001311,0,0,0
121001313,0,0,0
121001314,0,0,0
121001315,1350,82,1268
121001318,0,0,0
121900001,6,75,-69
121900002,0,0,0
121900003,0,0,0
121900004,0,0,0
121900005,0,0,0
121900006,0,0,0
121900007,1,0,1
121900008,0,0,0
121900009,0,0,0
121900010,0,0,0
121900011,0,0,0
121900012,0,0,0
121900013,0,0,0
121900014,0,0,0
121900015,0,0,0
121900016,0,0,0
121900017,0,0,0
121900018,0,0,0
121900019,0,0,0
121900020,0,0,0
121900021,0,0,0
121900022,0,0,0
121900023,0,0,0
121900024,0,0,0
121900025,0,0,0
121900026,0,0,0
121900027,0,0,0
121900028,0,0,0
121900029,0,0,0
121900030,0,0,0
121900031,0,0,0
121900032,0,0,0
121900033,0,0,0
121900034,0,0,0
121900035,0,0,0
121900036,0,0,0
121900037,0,0,0
121900038,0,0,0
121900039,0,0,0
121900040,0,0,0
121900041,0,0,0
121900042,0,0,0
121900043,0,0,0
121900044,0,0,0
121900046,0,0,0
121900047,0,0,0
121900048,0,0,0
121900050,0,0,0
121900051,0,0,0
121900052,0,0,0
121900053,0,0,0
121900054,0,0,0
121900055,0,0,0
121900058,0,0,0
121900059,0,0,0
121900060,0,0,0
121900061,0,0,0
121900062,0,0,0
121900063,0,0,0
121900064,0,0,0
121900066,0,0,0
121900067,0,0,0
121900069,0,0,0
121900070,0,0,0
121900071,0,0,0
121900072,0,0,0
121900073,0,0,0
121900074,0,0,0
121900075,0,0,0
121900076,0,0,0
121900077,0,0,0
121900078,0,0,0
121900079,0,0,0
121900080,0,0,0
121900082,0,0,0
121900084,0,0,0
121900085,0,0,0
121900086,0,0,0
121900087,0,0,0
121900088,0,0,0
121900089,0,0,0
121900090,0,0,0
121900091,0,0,0
121900092,0,0,0
121900093,0,0,0
121900094,0,0,0
121900095,0,0,0
121900096,0,0,0
121900097,0,0,0
121900098,0,0,0
121900099,0,0,0
121900100,0,0,0
121900101,0,0,0
121900102,0,0,0
121900103,0,0,0
121900104,0,0,0
121900105,0,0,0
121900106,0,0,0
121900107,0,0,0
121900108,0,0,0
121900109,0,0,0
121900110,0,0,0
121900111,0,0,0
121900112,0,0,0
121900113,0,0,0
121900114,0,0,0
121900117,0,0,0
121900118,0,0,0
121900119,0,0,0
121900120,0,0,0
121900121,0,0,0
121900122,0,0,0
121900123,0,0,0
121900124,0,0,0
121900125,0,0,0
121900127,0,0,0
121900128,0,0,0
121900129,0,0,0
121900130,0,0,0
121900131,0,0,0
121900132,0,0,0
121900133,0,0,0
121900134,0,0,0
121900135,0,0,0
121900136,0,0,0
121900137,0,0,0
121900138,0,0,0
121900139,0,0,0
121900140,0,0,0
121900141,0,0,0
121900142,0,0,0
121900143,0,0,0
121900144,0,0,0
121900145,0,0,0
121900146,0,0,0
121900147,0,0,0
121900148,0,0,0
121900149,0,0,0
121900150,0,0,0
121900151,0,0,0
121900152,0,0,0
121900153,0,0,0
121900154,0,0,0
121900155,0,0,0
121900156,0,0,0
121900157,0,0,0
121900158,0,0,0
121900159,0,0,0
121900160,0,0,0
121900161,0,0,0
121900162,0,0,0
121900163,0,0,0
121900164,0,0,0
121900165,0,0,0
121900166,0,0,0
121900167,0,0,0
121900168,0,0,0
121900169,0,0,0
121900170,0,0,0
121900171,0,0,0
121900172,0,0,0
121900173,0,0,0
121900174,0,0,0
121900175,0,0,0
121900176,0,0,0
121900177,0,0,0
121900178,0,0,0
121900179,0,0,0
121900180,0,0,0
121900182,0,0,0
121900183,0,0,0
121900184,0,0,0
121900186,0,0,0
121900187,0,0,0
121900188,0,0,0
121900189,0,0,0
121900190,0,0,0
121900191,0,0,0
121900192,0,0,0
121900193,0,0,0
121900194,0,0,0
121900195,0,0,0
121900196,0,0,0
121900197,0,0,0
121900198,0,0,0
121900199,0,0,0
121900200,0,0,0
121900201,0,0,0
121900202,0,0,0
121900203,0,0,0
121900204,0,0,0
121900205,0,0,0
121900206,0,0,0
121900207,0,0,0
121900208,0,0,0
121900209,0,0,0
121900210,0,0,0
121900211,0,0,0
121900212,0,0,0
121900213,0,0,0
121900214,0,0,0
121900215,0,0,0
121900216,0,0,0
121900217,0,0,0
121900218,0,0,0
121900220,0,0,0
121900221,0,0,0
121900222,0,0,0
121900223,0,0,0
121900224,0,0,0
121900225,0,0,0
121900226,0,0,0
121900227,0,0,0
121900228,0,0,0
121900230,0,0,0
121900231,0,0,0
121900232,0,0,0
121900233,0,0,0
121900234,0,0,0
121900235,0,0,0
121900236,0,0,0
121900237,0,0,0
121900238,0,0,0
121900239,0,0,0
121900240,0,0,0
121900241,0,0,0
121900242,0,0,0
121900243,0,0,0
121900244,0,0,0
121900245,0,0,0
121900246,0,0,0
121900247,0,0,0
121900248,0,0,0
121900250,0,0,0
121900251,0,0,0
121900252,0,0,0
121900253,0,0,0
121900254,0,0,0
121900255,0,0,0
121900258,0,0,0
121900259,0,0,0
121900260,0,0,0
121900261,0,0,0
121900262,0,0,0
121900263,0,0,0
121900264,0,0,0
121900265,0,0,0
121900266,0,0,0
121900267,0,0,0
121900269,0,0,0
121900270,0,0,0
121900271,0,0,0
121900273,0,0,0
121900274,0,0,0
121900277,0,0,0
121900278,0,0,0
121900279,0,0,0
121900280,0,0,0
121900281,0,0,0
121900284,0,0,0
121900286,0,0,0
121900287,0,0,0
121900288,0,0,0
121900290,0,0,0
121900291,0,0,0
121900292,0,0,0
121900293,0,0,0
121900294,0,0,0
121900295,0,0,0
121900296,0,0,0
121900298,0,0,0
121900299,0,0,0
121900300,0,0,0
121900301,0,0,0
121900302,0,0,0
121900303,0,0,0
121900304,0,0,0
121900305,0,0,0
121900306,0,0,0
121900307,0,0,0
121900308,0,0,0
121900309,0,0,0
121900310,0,0,0
121900311,0,0,0
121900312,0,0,0
121900313,0,0,0
121900314,0,0,0
121900315,0,0,0
121900316,0,0,0
121900317,0,0,0
121900318,0,0,0
121900319,0,0,0
121900320,0,0,0
121900321,0,0,0
121900322,0,0,0
121900323,0,0,0
121900324,0,0,0
121900325,0,0,0
121900326,0,0,0
121900327,0,0,0
121900328,0,0,0
121900329,0,0,0
121900330,0,0,0
121900331,0,0,0
121900332,0,0,0
121900333,0,0,0
121900334,0,0,0
122000001,60,93,-33
122000002,86,55,31
122000003,50,111,-61
122000004,132,100,32
122000005,417,609,-192
122000006,83,260,-177
122000007,40,256,-216
122000008,107,189,-82
122000009,39,34,5
122000010,622,326,296
122000011,178,135,43
122000012,143,80,63
122000013,6,46,-40
122000014,1,12,-11
122000015,46,60,-14
122000016,4,82,-78
122000017,2,6,-4
122000018,5,8,-3
122000019,10,27,-17
122000020,0,0,0
122000021,0,0,0
122000022,93,27,66
122000023,12,20,-8
122000024,321,133,188
122000025,54,134,-80
122000026,439,215,224
122000027,0,0,0
122000028,86,11,75
122000029,22,7,15
122000030,0,0,0
122000031,0,7,-7
122000032,70,86,-16
122000033,127,219,-92
122000034,0,0,0
122000035,0,0,0
122000036,0,0,0
122000037,0,3,-3
122000038,20,5,15
122000039,0,0,0
122000040,0,0,0
122000041,2,10,-8
122000042,0,6,-6
122000043,2,2,0
122000044,2,2,0
122000045,150,64,86
122000046,170,53,117
122000047,0,0,0
122000048,266,587,-321
122000049,461,144,317
122000050,16,22,-6
122000051,3,15,-12
122000052,1,16,-15
122000053,16,447,-431
122000054,79,163,-84
122000055,313,650,-337
122000056,241,118,123
122000057,105,177,-72
122000058,66,78,-12
122000059,134,65,69
122000060,0,0,0
122000061,0,0,0
122000062,32,8,24
122000063,0,6,-6
122000064,59,121,-62
122000065,174,253,-79
122000066,106,87,19
122000067,159,477,-318
122000068,72,269,-197
122000069,36,41,-5
122000070,273,62,211
122000071,18,67,-49
122000072,0,0,0
122000073,0,0,0
122000074,24,50,-26
122000075,35,55,-20
122000076,125,114,11
122000077,0,0,0
122000078,421,229,192
122000079,0,24,-24
122000080,0,0,0
122000081,0,0,0
122000082,123,94,29
122000083,0,0,0
122000084,0,0,0
122000085,3,19,-16
122000086,31,291,-260
122000087,12,43,-31
122000088,0,0,0
122000089,139,294,-155
122000090,0,0,0
122000091,0,0,0
122000092,0,0,0
122000093,269,612,-343
122000094,348,374,-26
122000095,17,79,-62
122000096,10,192,-182
122000098,369,440,-71
122000099,4,14,-10
122000100,7,4,3
122000101,1,6,-5
122000102,0,0,0
122000103,0,0,0
122000104,1,3,-2
122000105,2,6,-4
122000106,6,25,-19
122000107,16,5,11
122000108,0,0,0
122000109,4,13,-9
122000110,0,0,0
122000111,319,61,258
122000112,65,20,45
122000113,71,11,60
122000114,400,591,-191
122000115,443,328,115
122000116,3,93,-90
122000117,98,17,81
122000118,31,34,-3
122000119,0,0,0
122000120,0,0,0
122000121,37,8,29
122000122,6,6,0
122000123,73,80,-7
122000124,10,65,-55
122000125,9,49,-40
122000126,6,29,-23
122000127,17,35,-18
122000128,3,8,-5
122000129,48,15,33
122000130,208,86,122
122000131,6,23,-17
122000132,0,0,0
122000133,0,0,0
122000134,47,47,0
122000135,10,36,-26
122000136,48,59,-11
122000137,24,41,-17
122000139,3,143,-140
122000140,0,0,0
122000141,10,3,7
122000142,0,0,0
122000143,0,0,0
122000144,42,12,30
122000145,2,0,2
122000146,49,36,13
122000147,7,62,-55
122000148,207,171,36
122000149,97,35,62
122000150,99,73,26
122000151,0,0,0
122000152,0,0,0
122000153,63,58,5
122000154,94,13,81
122000155,186,53,133
122000156,397,442,-45
122000157,164,225,-61
122000158,0,2,-2
122000159,53,25,28
122000160,170,46,124
122000161,92,34,58
122000162,87,62,25
122000163,0,0,0
122000164,0,0,0
122000165,1,2,-1
122000166,83,70,13
122000167,0,0,0
122000168,0,2,-2
122000169,0,0,0
122000170,0,0,0
122000171,0,0,0
122000172,0,0,0
122000173,0,0,0
122000174,316,355,-39
122000175,0,0,0
122000176,0,0,0
122000177,414,460,-46
122000178,477,117,360
122000179,4,12,-8
122000180,187,406,-219
122000181,647,538,109
122000182,125,70,55
122000183,33,6,27
122000184,585,455,130
122000185,155,170,-15
122000186,0,0,0
122000187,102,23,79
122000188,0,0,0
122000189,9,11,-2
122000190,205,58,147
122000191,27,10,17
122000192,0,0,0
122000193,0,0,0
122000194,0,0,0
122000195,0,0,0
122000196,0,0,0
122000197,3,10,-7
122000198,0,0,0
122000199,13,49,-36
122000200,37,37,0
122000201,253,208,45
122000202,193,203,-10
122000203,0,0,0
122000204,0,0,0
122000205,0,0,0
122000206,159,54,105
122000207,72,53,19
122000208,117,26,91
122000209,235,46,189
122000210,17,19,-2
122000211,3,34,-31
122000212,32,62,-30
122000213,58,164,-106
122000214,184,155,29
122000215,62,72,-10
122000217,4,9,-5
122000218,64,13,51
122000219,79,38,41
122000220,13,63,-50
122000221,0,0,0
122000222,19,1,18
122000223,42,52,-10
122000225,100,4,96
122000226,2,22,-20
122000227,1,9,-8
122000228,0,8,-8
122000229,0,0,0
122000230,0,14,-14
122000231,1,23,-22
122000232,0,7,-7
122000233,0,0,0
122000234,13,1,12
122000235,21,3,18
122000236,11,5,6
122000237,0,0,0
122000238,2,13,-11
122000239,25,2,23
122000240,79,2,77
122000241,86,30,56
122000242,0,0,0
122000243,0,0,0
122000244,0,0,0
122000245,6,0,6
122000246,29,61,-32
122000247,16,2,14
122000248,5,14,-9
122000249,108,100,8
122000250,182,80,102
122000251,0,0,0
122000252,9,2,7
122000253,0,0,0
122000254,10,2,8
122000255,0,0,0
122000256,18,39,-21
122000257,1,29,-28
122000258,25,36,-11
122000259,0,0,0
122000260,0,0,0
122000261,0,2,-2
122000262,0,0,0
122000263,0,0,0
122000264,201,23,178
122000265,166,7,159
122000266,202,2,200
122000267,0,0,0
122000268,0,0,0
122000269,0,0,0
122000270,0,0,0
122000271,0,0,0
122000272,0,0,0
122000273,0,0,0
122000274,0,0,0
122000275,0,0,0
122000276,39,82,-43
122000277,149,152,-3
122000278,135,44,91
122000279,3,19,-16
122000280,12,7,5
122000281,7,15,-8
122000282,12,2,10
122000283,0,0,0
122000284,0,0,0
122000285,0,0,0
122000286,0,0,0
122000287,487,68,419
122000288,37,6,31
122000291,941,62,879
122000293,0,0,0
122000294,97,14,83
122000295,99,3,96
122000296,33,144,-111
122000297,762,369,393
122000299,124,17,107
122000300,1,20,-19
122000301,87,46,41
122000302,0,0,0
122000303,36,105,-69
122000304,0,1,-1
122000305,311,43,268
122000306,0,19,-19
122000307,0,0,0
122000309,0,0,0
122000310,0,0,0
122000311,0,0,0
122000312,5,78,-73
122000313,24,47,-23
122000314,64,46,18
122000315,0,0,0
122000316,26,15,11
122000317,62,12,50
122000318,20,48,-28
122000319,9,6,3
122000320,0,0,0
122000321,1,0,1
122000322,65,92,-27
122000323,63,78,-15
122000324,4,9,-5
122000325,61,152,-91
122000326,3,0,3
122000327,1,16,-15
122000328,0,0,0
122000330,65,101,-36
122000332,0,0,0
122000333,0,0,0
122000337,24,17,7
122000338,0,2,-2
122000340,0,1,-1
122000342,17,29,-12
122000343,0,2,-2
122000344,26,0,26
122000345,5,0,5
122000346,0,0,0
122000348,25,41,-16
122000349,0,0,0
122000351,2,1,1
122000352,0,0,0
122000353,0,0,0
122000355,0,0,0
122000356,15,11,4
122000357,0,0,0
122000358,0,0,0
122000359,0,0,0
122000360,0,0,0
122000362,0,0,0
122000364,0,0,0
122000365,0,0,0
122000366,0,0,0
122000368,0,0,0
122000370,0,0,0
122000371,0,0,0
122000372,0,0,0
122000381,0,0,0
122000382,0,0,0
122000384,0,2,-2
122000385,0,0,0
122000386,7,180,-173
122000387,0,0,0
122000388,22,45,-23
122000389,0,0,0
122000390,9,47,-38
122000391,0,0,0
122000392,0,0,0
122000393,0,0,0
122000394,0,0,0
122000395,0,0,0
122000396,0,0,0
122000397,0,0,0
122000398,21,75,-54
122000399,0,0,0
122000400,9,55,-46
122000401,0,0,0
122000402,5,16,-11
122000403,0,0,0
122000404,129,14,115
122000408,263,285,-22
122000503,0,0,0
122000524,0,0,0
122000544,0,0,0
122000616,0,0,0
122000640,0,0,0
122000641,0,0,0
122000642,0,0,0
122000643,18,10,8
122000644,0,0,0
122000645,0,0,0
122000651,12,25,-13
122000664,22,6,16
122000665,0,0,0
122000666,79,45,34
122000673,0,0,0
122000674,41,8,33
122000675,33,11,22
122000686,54,17,37
122000687,42,12,30
122000688,64,18,46
122000689,135,16,119
122000690,247,9,238
122000691,345,55,290
122000692,33,2,31
122000693,16,26,-10
122000695,0,0,0
122000696,87,9,78
122000698,0,0,0
122000699,8,12,-4
122000701,99,10,89
122000702,73,69,4
122000703,19,29,-10
122000712,0,0,0
122000717,0,0,0
122000718,87,178,-91
122000719,0,17,-17
122000720,49,10,39
122000724,0,0,0
122900001,0,0,0
122900002,0,0,0
122900003,0,0,0
122900004,0,0,0
122900005,0,0,0
122900006,0,0,0
122900007,0,0,0
122900008,0,0,0
122900009,0,0,0
122900010,0,0,0
122900012,0,0,0
122900014,0,0,0
122900015,0,0,0
122900016,0,0,0
122900017,0,0,0
122900018,0,0,0
122900019,0,0,0
122900020,0,0,0
122900021,0,0,0
122900022,0,0,0
122900023,0,0,0
122900024,0,0,0
122900025,0,0,0
122900026,0,0,0
122900027,0,0,0
122900028,0,0,0
122900029,0,0,0
122900030,0,0,0
122900031,0,0,0
122900032,0,0,0
122900033,0,0,0
122900034,0,0,0
122900035,0,0,0
122900036,0,0,0
122900037,0,0,0
122900038,0,0,0
122900039,0,0,0
122900040,0,0,0
122900041,0,0,0
122900042,0,0,0
122900043,0,0,0
122900044,0,0,0
122900045,0,0,0
122900046,0,0,0
122900047,0,0,0
122900048,0,0,0
122900049,0,0,0
122900051,0,0,0
122900052,0,0,0
122900053,1,0,1
122900055,0,0,0
122900057,0,0,0
122900061,0,0,0
122900062,0,0,0
122900063,0,0,0
122900064,0,0,0
122900065,0,0,0
122900066,0,0,0
122900067,0,0,0
122900068,0,0,0
122900069,0,0,0
122900070,0,0,0
122900071,0,0,0
122900072,0,0,0
122900073,0,0,0
122900074,0,0,0
122900075,0,0,0
122900076,0,0,0
122900077,0,0,0
122900078,0,0,0
122900080,0,0,0
122900081,0,0,0
122900082,0,0,0
122900083,0,0,0
122900084,0,0,0
122900086,0,0,0
122900087,0,0,0
122900088,0,0,0
122900089,0,0,0
122900090,0,0,0
122900091,0,0,0
122900092,0,0,0
122900093,0,0,0
122900094,0,0,0
122900095,0,0,0
122900096,0,0,0
122900097,0,0,0
122900098,0,0,0
122900099,0,0,0
122900100,0,0,0
122900101,0,0,0
122900102,0,0,0
122900103,0,0,0
122900104,0,0,0
122900105,0,0,0
122900106,0,0,0
122900107,0,0,0
122900108,0,0,0
123000001,116,29,87
123000002,149,1033,-884
123000003,822,246,576
123000004,209,426,-217
123000005,871,297,574
123000006,140,397,-257
123000007,726,408,318
123000008,62,168,-106
123000009,2122,1505,617
123000010,52,257,-205
123000011,647,705,-58
123000012,28,183,-155
123000013,763,261,502
123000014,9,189,-180
123000015,1144,354,790
123000016,23,186,-163
123000017,846,225,621
123000018,110,8,102
123000019,135,1,134
123000020,22,0,22
123000021,83,10,73
123000022,242,34,208
123000023,175,51,124
123000024,103,50,53
123000025,0,21,-21
123000026,0,0,0
123000027,0,0,0
123000028,43,146,-103
123000029,0,0,0
123000030,0,0,0
123000031,73,6,67
123000032,47,4,43
123000033,4,18,-14
123000034,279,78,201
123000035,64,90,-26
123000036,16,389,-373
123000037,0,0,0
123000038,0,0,0
123000039,0,0,0
123000040,0,0,0
123000041,33,589,-556
123000042,0,0,0
123000043,173,140,33
123000044,36,36,0
123000045,0,0,0
123000046,0,0,0
123000047,0,0,0
123000048,3,139,-136
123000049,2809,947,1862
123000050,147,144,3
123000051,0,1,-1
123000052,120,288,-168
123000053,705,324,381
123000054,122,359,-237
123000055,645,864,-219
123000056,15,39,-24
123000057,70,138,-68
123000058,0,0,0
123000059,0,5,-5
123000060,1,0,1
123000061,0,22,-22
123000063,23,23,0
123000064,0,0,0
123000065,7,44,-37
123000066,1,28,-27
123000067,0,10,-10
123000068,47,148,-101
123000069,94,104,-10
123000070,2,0,2
123000071,120,22,98
123000072,0,0,0
123000073,148,54,94
123000074,0,0,0
123000075,38,145,-107
123000076,0,0,0
123000077,0,0,0
123000078,265,116,149
123000079,506,177,329
123000080,0,0,0
123000081,0,0,0
123000082,0,0,0
123000083,5,2,3
123000084,0,0,0
123000085,0,0,0
123000086,0,0,0
123000087,0,0,0
123000088,0,0,0
123000089,291,129,162
123000090,0,0,0
123000091,167,66,101
123000092,0,0,0
123000094,1,1,0
123000095,50,32,18
123000096,111,13,98
123000097,0,0,0
123000098,44,15,29
123000099,0,0,0
123000100,0,0,0
123000101,37,17,20
123000102,97,38,59
123000104,0,0,0
123000105,0,0,0
123000106,0,0,0
123000107,0,0,0
123000108,0,0,0
123000111,14,19,-5
123000112,19,7,12
123000113,0,0,0
123000114,4,10,-6
123000115,12,27,-15
123000116,0,0,0
123000117,3,3,0
123000118,9,5,4
123000119,3,9,-6
123000120,3,25,-22
123000121,0,0,0
123000122,0,0,0
123000123,0,0,0
123000124,0,0,0
123000125,79,111,-32
123000126,146,262,-116
123000127,0,0,0
123000128,0,0,0
123000129,199,17,182
123000130,80,7,73
123000131,38,10,28
123000132,0,0,0
123000133,0,0,0
123000134,0,0,0
123000135,51,25,26
123000136,0,0,0
123000137,0,0,0
123000138,0,0,0
123000139,129,14,115
123000140,0,0,0
123000141,47,12,35
123000142,0,0,0
123000143,0,0,0
123000144,0,0,0
123000145,0,0,0
123000146,0,0,0
123000147,0,0,0
123000149,22,63,-41
123000150,32,23,9
123000151,28,50,-22
123000152,0,0,0
123000153,4,38,-34
123000154,28,78,-50
123000155,17,17,0
123000156,0,0,0
123000157,19,10,9
123000158,59,52,7
123000159,83,139,-56
123000160,56,61,-5
123000161,143,34,109
123000162,251,105,146
123000163,51,1,50
123000164,316,7,309
123000165,0,0,0
123000166,0,0,0
123000167,21,20,1
123000168,56,2,54
123000169,157,7,150
123000170,2,0,2
123000171,218,1,217
123000172,0,0,0
123000173,50,52,-2
123000174,110,10,100
123000175,0,0,0
123000176,89,10,79
123000177,0,0,0
123000178,183,24,159
123000179,0,0,0
123000180,450,54,396
123000181,0,0,0
123000182,0,0,0
123000183,52,18,34
123000184,0,0,0
123000185,235,22,213
123000186,0,0,0
123000187,478,11,467
123000188,266,0,266
123000189,142,0,142
123000190,36,0,36
123000192,0,0,0
123000193,0,0,0
123000194,0,0,0
123000195,241,1,240
123000196,278,1,277
123000197,78,0,78
123000198,0,0,0
123000199,0,0,0
123000200,211,30,181
123000201,385,11,374
123000202,0,0,0
123000203,461,13,448
123000204,0,0,0
123000205,0,0,0
123000206,544,8,536
123000207,0,0,0
123000208,108,10,98
123000209,224,29,195
123000210,0,0,0
123000211,0,0,0
123000212,501,19,482
123000213,199,0,199
123000215,154,105,49
123000216,20,84,-64
123000217,89,2,87
123000218,0,0,0
123000219,55,18,37
123000220,129,9,120
123000221,5,5,0
123000222,8,10,-2
123000223,30,27,3
123000224,75,53,22
123000225,42,6,36
123000226,74,2,72
123000227,1,0,1
123000228,46,4,42
123000229,0,0,0
123000232,0,0,0
123000233,219,8,211
123000234,0,0,0
123000235,101,51,50
123000236,0,2,-2
123000237,56,18,38
123000238,0,0,0
123000239,0,0,0
123000240,0,0,0
123000241,15,11,4
123000242,0,0,0
123000243,6,67,-61
123000244,7,60,-53
123000245,0,0,0
123000249,0,0,0
123000252,264,121,143
123000253,320,140,180
123000254,5,19,-14
123000255,88,133,-45
123000256,0,0,0
123000257,0,0,0
123000258,0,0,0
123000259,24,3,21
123000260,9,24,-15
123000261,0,0,0
123000262,0,0,0
123000263,56,4,52
123000264,26,1,25
123000265,0,0,0
123000266,23,7,16
123000267,48,118,-70
123000268,0,0,0
123000269,3,23,-20
123000270,15,3,12
123000271,0,0,0
123000272,267,86,181
123000273,69,429,-360
123000274,203,104,99
123000275,0,0,0
123000278,0,47,-47
123000279,1,17,-16
123000280,8,2,6
123000281,64,4,60
123000282,0,0,0
123000283,0,4,-4
123000284,0,0,0
123000286,0,0,0
123000287,6,60,-54
123000288,239,120,119
123000289,74,70,4
123000291,0,0,0
123000294,0,0,0
123000295,282,186,96
123000296,93,175,-82
123000297,0,0,0
123000298,24,38,-14
123000299,9,89,-80
123000300,59,35,24
123000301,0,0,0
123000302,141,17,124
123000303,2,130,-128
123000305,1,0,1
123000306,0,0,0
123000309,0,0,0
123000310,23,2,21
123000311,0,0,0
123000312,0,0,0
123000313,111,20,91
123000315,119,15,104
123000316,534,1,533
123000317,0,0,0
123000318,0,0,0
123000329,0,0,0
123000337,46,4,42
123000338,282,5,277
123000339,0,0,0
123000340,2,29,-27
123000342,0,0,0
123000343,3,1,2
123000344,4,0,4
123000345,1,0,1
123000346,121,38,83
123000352,0,0,0
123000353,0,0,0
123000354,443,5,438
123000355,0,0,0
123000356,79,0,79
123000357,0,0,0
123000359,0,0,0
123000360,127,31,96
123000361,0,0,0
123000362,119,13,106
123000363,64,0,64
123000364,10,7,3
123000365,0,0,0
123000366,2,75,-73
123000367,0,22,-22
123000370,0,0,0
123000371,103,12,91
123000372,82,5,77
123000373,0,0,0
123000374,0,0,0
123000375,106,3,103
123000376,98,56,42
123000377,128,8,120
123000378,0,0,0
123000379,0,0,0
123000380,0,0,0
123000381,25,20,5
123000382,85,11,74
123000383,0,0,0
123000384,32,0,32
123000385,0,0,0
123000436,0,0,0
123000507,2,21,-19
123000508,294,617,-323
123000517,0,0,0
123000518,0,0,0
123000519,0,0,0
123000520,0,0,0
123000521,0,0,0
123000522,0,0,0
123000541,0,1,-1
123000542,0,0,0
123000565,67,0,67
123000566,12,1,11
123000567,0,0,0
123000573,0,0,0
123000574,62,3,59
123000575,216,8,208
123000576,75,2,73
123000577,0,0,0
123000578,34,7,27
123000579,465,235,230
123000580,1,0,1
123000582,64,4,60
123000583,0,0,0
123000584,48,66,-18
123000585,0,0,0
123000586,43,3,40
123000596,0,0,0
123000597,0,3,-3
123000602,1,1,0
123000603,171,7,164
123000604,14,9,5
123000605,756,438,318
123000606,0,0,0
123000609,0,0,0
123000610,91,58,33
123000613,0,0,0
123000614,45,3,42
123000615,0,0,0
123000616,47,4,43
123000617,0,0,0
123000618,0,0,0
123000619,15,0,15
123000620,0,0,0
123000622,85,4,81
123000624,67,16,51
123000630,442,52,390
123000631,54,28,26
123000632,0,0,0
123000633,4,362,-358
123000634,4,2,2
123000635,0,0,0
123000636,0,0,0
123000637,2,0,2
123000638,27,4,23
123000639,309,286,23
123000640,0,0,0
123000648,12,2,10
123000649,0,0,0
123900001,0,0,0
123900002,0,0,0
123900003,0,0,0
123900005,0,0,0
123900006,0,0,0
124000001,486,129,357
124000002,1,194,-193
124000003,177,17,160
124000004,1,23,-22
124000005,168,34,134
124000006,5,36,-31
124000007,54,16,38
124000008,0,0,0
124000009,156,70,86
124000010,0,0,0
124000011,229,89,140
124000012,0,0,0
124000017,143,66,77
124000018,0,0,0
124000019,162,30,132
124000020,0,0,0
124000021,251,21,230
124000022,0,0,0
124000023,409,92,317
124000024,0,0,0
124000025,394,53,341
124000026,0,0,0
124000027,1228,265,963
124000028,108,489,-381
124000030,0,0,0
124000031,313,80,233
124000032,0,28,-28
124000033,174,14,160
124000034,0,30,-30
124000035,42,12,30
124000036,0,28,-28
124000037,24,44,-20
124000038,0,4,-4
124000039,39,6,33
124000040,85,98,-13
124000041,70,2,68
124000042,1,15,-14
124000043,18,3,15
124000044,4,18,-14
124000045,107,5,102
124000046,0,0,0
124000047,187,22,165
124000048,0,0,0
124000049,246,7,239
124000050,0,0,0
124000051,202,13,189
124000052,0,0,0
124000053,128,79,49
124000054,0,0,0
124000055,400,75,325
124000056,0,0,0
124000057,124,62,62
124000058,0,0,0
124000059,112,91,21
124000060,0,0,0
124000061,82,115,-33
124000062,0,0,0
124000063,0,0,0
124000064,0,0,0
124000065,0,0,0
124000066,11,5,6
124000067,26,24,2
124000068,0,0,0
124000069,196,13,183
124000070,0,0,0
124000071,66,15,51
124000072,0,0,0
124000073,207,6,201
124000074,0,0,0
124000075,90,29,61
124000076,0,0,0
124000077,0,0,0
124000078,154,203,-49
124000079,0,0,0
124000080,274,47,227
124000081,0,0,0
124000082,9,70,-61
124000083,0,0,0
124000084,3,95,-92
124000085,0,0,0
124000086,0,0,0
124000087,0,0,0
124000088,5,32,-27
124000089,158,5,153
124000090,0,0,0
124000091,125,34,91
124000092,0,0,0
124000093,0,25,-25
124000094,0,0,0
124000095,51,1,50
124000096,0,0,0
124000097,69,13,56
124000098,0,0,0
124000099,14,3,11
124000100,0,0,0
124000101,16,18,-2
124000102,0,0,0
124000103,20,8,12
124000104,0,0,0
124000105,0,0,0
124000106,0,0,0
124000107,0,0,0
124000108,0,0,0
124000109,32,3,29
124000110,0,0,0
124000111,101,14,87
124000112,0,0,0
124000113,31,35,-4
124000114,0,0,0
124000115,0,0,0
124000116,58,42,16
124000117,0,0,0
124000118,5,7,-2
124000119,0,0,0
124000120,53,25,28
124000121,97,56,41
124000122,0,0,0
124000123,170,34,136
124000124,20,36,-16
124000125,71,11,60
124000126,5,30,-25
124000127,260,29,231
124000128,49,46,3
124000129,120,87,33
124000130,88,39,49
124000131,81,81,0
124000132,77,123,-46
124000133,307,45,262
124000134,0,0,0
124000135,362,52,310
124000136,0,0,0
124000137,55,28,27
124000138,0,0,0
124000139,43,12,31
124000140,0,0,0
124000141,3,2,1
124000142,0,0,0
124000143,2,0,2
124000144,0,0,0
124000145,35,1,34
124000146,0,0,0
124000148,0,3,-3
124000149,84,42,42
124000150,0,0,0
124000151,65,52,13
124000152,0,0,0
124000153,89,93,-4
124000154,0,0,0
124000155,114,57,57
124000156,0,0,0
124000169,4,4,0
124000170,0,0,0
124000171,25,14,11
124000172,0,0,0
124000173,23,21,2
124000174,0,0,0
124000175,0,0,0
124000176,130,28,102
124000177,0,0,0
124000178,32,5,27
124000190,13,38,-25
124000191,0,0,0
124000192,125,116,9
124000193,0,0,0
124000194,25,40,-15
124000195,122,21,101
124000196,0,0,0
124000197,0,0,0
124000198,0,10,-10
124000201,0,0,0
124000202,222,11,211
124000203,0,0,0
124000204,246,10,236
124000205,53,1,52
124000206,383,3,380
124000207,0,0,0
124000209,46,0,46
124000210,115,52,63
124000211,412,2,410
124000212,0,0,0
124000213,0,0,0
124000214,264,4,260
124000215,29,5,24
124000216,0,0,0
124000329,0,0,0
124000338,0,0,0
124000339,202,3,199
124000341,128,0,128
124000344,52,9,43
124000357,297,163,134
124000358,745,242,503
124000359,334,73,261
124000360,159,95,64
124000361,580,184,396
124000362,0,0,0
124000363,0,0,0
124000364,0,0,0
124000365,42,237,-195
124000366,32,141,-109
124000367,0,0,0
124000368,19,31,-12
124000369,22,42,-20
124000370,0,0,0
124000402,0,0,0
124000403,9,2,7
124000404,0,0,0
124000405,258,42,216
124000406,34,63,-29
124000407,0,0,0
124000411,0,0,0
124000412,53,3,50
124000413,0,28,-28
124000414,9,0,9
124000415,0,0,0
124000416,0,0,0
124000417,19,4,15
124000418,11,1,10
124000419,0,0,0
124000420,50,2,48
124000421,0,0,0
124000422,0,0,0
124000423,0,0,0
124000424,0,0,0
124000425,11,0,11
124000426,0,0,0
124000427,0,0,0
124000428,0,0,0
124000429,52,0,52
124000430,0,0,0
124000431,0,0,0
124000432,0,0,0
124000439,1,0,1
124000443,0,0,0
124000445,1,157,-156
124000446,0,0,0
124900001,0,0,0
124900002,0,0,0
124900003,0,0,0
124900004,0,0,0
124900005,0,0,0
124900006,0,0,0
124900008,0,0,0
124900009,0,0,0
124900010,0,0,0
124900011,0,0,0
124900012,0,0,0
124900013,0,0,0
124900014,0,0,0
124900015,0,0,0
124900016,0,0,0
124900017,0,0,0
124900018,0,0,0
124900020,0,0,0
124900021,0,0,0
124900022,0,0,0
124900024,0,0,0
124900026,0,0,0
124900027,0,0,0
124900028,0,0,0
124900029,0,0,0
124900030,0,0,0
124900031,0,0,0
124900032,0,0,0
124900033,0,0,0
124900034,0,0,0
124900035,0,0,0
124900036,0,0,0
124900037,0,0,0
124900038,0,0,0
124900039,0,0,0
124900040,0,0,0
124900041,0,0,0
124900042,0,0,0
124900043,0,0,0
124900044,0,0,0
124900045,0,0,0
124900046,0,0,0
124900047,0,0,0
124900048,0,0,0
124900050,0,0,0
124900052,0,0,0
124900053,0,0,0
124900054,0,0,0
124900055,0,0,0
124900057,0,0,0
124900060,0,0,0
124900061,0,0,0
124900062,0,0,0
124900066,0,0,0
124900067,0,0,0
124900068,0,0,0
124900070,0,0,0
124900072,0,0,0
124900075,0,0,0
124900076,0,0,0
124900077,0,0,0
124900078,0,0,0
124900079,0,0,0
124900080,0,0,0
124900081,0,0,0
124900082,0,0,0
124900083,0,0,0
124900085,0,0,0
124900086,0,0,0
124900087,0,0,0
124900088,0,0,0
124900089,0,0,0
124900090,0,0,0
124900091,0,0,0
124900092,0,0,0
124900093,0,0,0
124900094,0,0,0
124900095,0,0,0
124900096,0,0,0
124900097,0,0,0
124900098,0,0,0
124900099,0,0,0
124900100,0,0,0
124900101,0,0,0
124900102,0,0,0
124900103,0,0,0
124900104,0,0,0
124900105,0,0,0
124900106,0,0,0
124900107,0,0,0
124900108,0,0,0
124900111,0,0,0
124900112,0,0,0
124900113,0,0,0
124900114,0,0,0
124900115,0,0,0
124900116,0,0,0
124900117,0,0,0
124900118,0,0,0
124900119,0,0,0
124900120,0,0,0
124900121,0,0,0
124900122,0,0,0
124900123,0,0,0
124900124,0,0,0
204000001,52,2,50
204000002,3,1,2
204000003,3,18,-15
204000004,4,0,4
204000005,455,258,197
204000006,1528,952,576
204000011,0,0,0
204000012,0,0,0
204000019,526,333,193
204000020,104,78,26
204000021,152,66,86
204000022,550,233,317
204000023,0,0,0
204000031,5,4,1
204000032,205,3,202
204000034,0,0,0
204000035,0,0,0
204000036,0,0,0
204000037,0,0,0
204000038,0,0,0
204000039,0,0,0
204000040,0,0,0
204000041,0,0,0
204000042,2,8,-6
204000043,2,1,1
204000044,4,0,4
204000045,3,0,3
204000046,0,1,-1
204000057,0,0,0
204000062,0,0,0
204000068,0,0,0
204000069,0,0,0
204000070,322,197,125
204000080,0,0,0
204000085,0,0,0
204000086,0,0,0
204000087,0,0,0
204000088,0,0,0
204000090,0,0,0
204000093,373,11,362
204000096,372,237,135
204000097,108,2,106
204000099,771,481,290
204000100,781,459,322
204000105,1,0,1
204000110,0,0,0
204000111,0,0,0
204000112,0,0,0
204000113,0,0,0
204000114,82,184,-102
204000115,48,84,-36
204000116,88,56,32
204000119,1225,439,786
204000132,524,63,461
204000133,733,82,651
204000134,112,86,26
204000135,499,9,490
204000136,404,191,213
204000138,398,109,289
204000140,215,110,105
204000141,258,91,167
204000144,0,20,-20
204000145,42,5,37
204000146,0,0,0
204000147,0,0,0
204000148,157,4,153
204000154,0,0,0
204000155,0,0,0
204000177,89,39,50
204000179,17,1,16
204000180,0,0,0
204000222,0,0,0
204000235,0,0,0
204000236,15,20,-5
204000238,9,17,-8
204000240,51,1,50
204000263,0,0,0
204000268,625,153,472
204000308,38,4,34
204000317,0,0,0
204000322,0,0,0
204000323,2,4,-2
204000328,171,25,146
204000329,0,0,0
204000330,87,7,80
204000331,0,0,0
204010341,22,1,21
205000001,0,0,0
205000013,0,0,0
205000014,0,0,0
205000015,0,0,0
205000016,0,0,0
205000017,0,0,0
205000022,0,0,0
205000025,0,0,0
205000029,69,11,58
205000045,0,0,0
205000046,0,0,0
205000047,0,0,0
205000048,0,0,0
205000049,0,0,0
205000050,0,0,0
205000059,0,0,0
205000060,0,0,0
205000061,0,0,0
205000062,0,0,0
205000063,0,0,0
205000064,0,0,0
205000065,0,0,0
205000066,0,0,0
205000067,0,0,0
205000069,0,0,0
205000082,168,68,100
205000110,0,0,0
205000111,0,0,0
205000112,113,113,0
205000113,0,0,0
205000121,175,68,107
205000123,0,0,0
205000126,732,111,621
205000127,906,51,855
205000128,348,4,344
205000129,468,17,451
205000130,119,4,115
205000131,3,1,2
205000132,13,1,12
205000133,6,0,6
205000134,237,0,237
205000137,0,0,0
205000138,0,0,0
205000139,0,0,0
205000144,90,40,50
205000145,103,30,73
205000151,50,17,33
205000152,103,16,87
205000153,212,22,190
205000154,78,55,23
205000155,83,7,76
205000207,0,0,0
205000233,17,0,17
205000234,0,0,0
205000243,1,0,1
205000244,0,0,0
205000245,0,0,0
205000249,0,0,0
205000250,6,2,4
205000264,0,0,0
206000027,13,3,10
206000028,7,0,7
206000043,0,0,0
206000053,0,0,0
206000054,0,0,0
206000055,0,0,0
206000075,0,0,0
206000076,0,0,0
206000077,0,0,0
206000078,0,0,0
206000079,0,0,0
206000082,153,4,149
206000100,0,0,0
206000103,0,0,0
206000104,0,0,0
206000105,0,0,0
206000106,0,0,0
206000108,295,60,235
206000125,141,0,141
206000157,0,0,0
206000170,0,0,0
206000171,0,0,0
206000172,0,0,0
206000173,0,0,0
206000174,0,0,0
206000175,0,0,0
206000176,0,0,0
206000177,0,0,0
206000178,0,0,0
206000179,0,0,0
206000180,0,0,0
206000181,0,0,0
206000182,0,0,0
206000183,0,0,0
206000184,0,0,0
206000185,0,0,0
206000186,0,0,0
206000223,0,0,0
206000226,5,1,4
206000227,50,0,50
206000237,0,0,0
206000238,0,0,0
206000239,0,0,0
206000240,0,0,0
206000241,0,0,0
206000242,0,0,0
206000243,0,0,0
206000244,0,0,0
206000245,109,3,106
206000246,61,0,61
206000247,33,0,33
206000248,30,4,26
206000252,0,0,0
206000258,0,0,0
206000315,0,0,0
206000317,68,5,63
206000318,66,5,61
206000319,139,2,137
206000320,62,0,62
206000321,16,1,15
206000322,71,2,69
206000323,30,1,29
206000324,46,2,44
206000325,33,1,32
206000326,27,12,15
206000327,6,6,0
206000328,146,2,144
206000329,39,0,39
206000330,11,0,11
206000331,71,5,66
206000332,4,0,4
206000333,221,3,218
206000334,79,0,79
206000335,0,0,0
206000361,0,0,0
206000392,0,0,0
206000405,134,0,134
206000441,54,69,-15
206000498,14,0,14
206000515,0,0,0
206000530,9,4,5
206000531,21,4,17
206000532,48,4,44
206000535,0,0,0
206000536,0,0,0
206000537,0,0,0
206000613,117,8,109
207000001,0,0,0
207000002,0,0,0
207000003,0,0,0
207000007,246,84,162
207000008,0,0,0
207000009,0,0,0
207000010,2,12,-10
207000012,151,104,47
207000015,13,24,-11
207000019,239,15,224
207000021,328,72,256
207000022,121,23,98
207000023,226,19,207
207000024,1,11,-10
207000025,2,17,-15
207000026,0,0,0
207000027,0,0,0
207000028,0,0,0
207000029,0,0,0
207000033,249,193,56
207000034,39,37,2
207000039,160,21,139
207000040,223,16,207
207000041,49,2,47
207000042,232,44,188
207000043,173,76,97
207000051,0,0,0
207000052,0,0,0
207000053,0,0,0
207000054,0,0,0
207000055,0,0,0
207000056,0,0,0
207000057,0,0,0
207000058,0,0,0
207000059,0,0,0
207000060,0,0,0
207000061,35,307,-272
207000062,171,88,83
207000063,105,163,-58
207000064,228,76,152
207000065,316,62,254
207000066,167,60,107
207000067,26,41,-15
207000068,97,6,91
207000069,531,63,468
207000082,0,2,-2
207000083,2,7,-5
207000084,84,45,39
207000085,0,0,0
207000086,0,0,0
207000106,36,2,34
207000107,53,6,47
207000108,143,13,130
207000109,32,4,28
207000110,58,10,48
207000111,203,6,197
207000112,93,33,60
207000114,0,0,0
207000115,0,0,0
207000116,0,0,0
207000117,0,0,0
207000118,0,0,0
207000119,0,0,0
207000123,65,0,65
207000124,57,5,52
207000125,28,1,27
207000126,44,12,32
207000134,0,0,0
207000135,0,0,0
207000148,184,22,162
207000149,0,0,0
207000152,0,0,0
207000153,0,0,0
207000154,292,16,276
207000159,0,0,0
207000160,0,0,0
207000238,0,0,0
207000242,0,0,0
207000248,0,0,0
207000249,0,0,0
207000250,0,0,0
207000251,0,0,0
207000252,0,0,0
207000278,26,52,-26
207000279,0,0,0
207000280,155,6,149
207000281,38,28,10
207000282,1,3,-2
207000283,0,3,-3
207000284,0,0,0
207000285,0,3,-3
207000291,0,0,0
207000304,32,26,6
207000306,0,0,0
207000310,113,81,32
207000353,49,0,49
207000356,0,0,0
207000357,0,47,-47
207000358,0,3,-3
207000415,0,0,0
207000417,31,0,31
207000418,74,24,50
207000438,0,0,0
207000439,664,103,561
207000446,79,0,79
207000460,0,0,0
207000466,0,0,0
207000467,136,10,126
207000468,0,0,0
207000476,0,0,0
207000477,0,0,0
207000478,0,0,0
207000523,0,0,0
207000524,11,0,11
207000527,306,64,242
207000530,206,0,206
207000531,128,0,128
207000532,57,3,54
207000534,223,17,206
207000535,0,0,0
207000537,0,0,0
207000540,0,0,0
207000541,0,0,0
207000548,0,0,0
207000549,79,1,78
207000561,132,19,113
207000562,0,0,0
207000567,0,0,0
207000568,0,0,0
207000569,0,0,0
207000584,0,0,0
207000585,49,54,-5
207000587,17,0,17
207000616,0,0,0
207000617,127,3,124
207000624,1,1,0
207000631,0,2,-2
207900008,0,0,0
208000001,58,164,-106
208000002,100,95,5
208000003,228,90,138
208000004,256,127,129
208000005,0,0,0
208000019,295,157,138
208000020,267,116,151
208000021,0,0,0
208000022,0,0,0
208000028,0,0,0
208000033,0,0,0
208000034,0,0,0
208000037,84,1,83
208000040,26,57,-31
208000041,261,86,175
208000042,248,78,170
208000047,0,0,0
208000064,568,349,219
208000066,397,305,92
208000070,48,50,-2
208000071,102,59,43
208000072,53,101,-48
208000080,110,140,-30
208000081,113,34,79
208000082,0,0,0
208000083,0,0,0
208000084,2,7,-5
208000085,0,0,0
208000086,0,0,0
208000087,0,0,0
208000089,0,0,0
208000090,0,0,0
208000093,0,0,0
208000094,0,0,0
208000095,2,0,2
208000104,424,117,307
208000105,358,129,229
208000114,101,124,-23
208000115,121,91,30
208000116,229,234,-5
208000117,0,19,-19
208000118,14,9,5
208000155,0,0,0
208000158,0,0,0
208000186,592,380,212
208000204,0,0,0
208000205,0,0,0
208000282,0,0,0
209000004,5,32,-27
209000005,23,0,23
209000006,161,26,135
209000007,0,0,0
209000010,0,0,0
209000011,0,0,0
209000012,0,0,0
209000013,0,0,0
209000014,0,0,0
209000025,66,21,45
209000026,219,22,197
209000027,0,0,0
209000028,0,0,0
209000029,0,0,0
209000030,0,0,0
209000031,0,0,0
209000034,0,0,0
209000035,0,0,0
209000036,0,0,0
209000037,2,0,2
209000038,0,0,0
209000039,0,0,0
209000040,0,0,0
209000041,0,0,0
209000042,0,0,0
209000043,0,0,0
209000044,0,0,0
209000045,221,45,176
209000046,165,50,115
209000047,303,10,293
209000048,298,24,274
209000049,0,0,0
209000050,0,0,0
209000051,0,0,0
209000052,0,0,0
209000062,0,0,0
209000063,0,0,0
209000064,0,0,0
209000065,3,0,3
209000066,1,6,-5
209000067,30,7,23
209000080,0,0,0
209000082,13,3,10
209000091,0,0,0
209000093,0,0,0
209000094,0,0,0
209000110,39,50,-11
209000111,153,66,87
209000112,152,18,134
209000113,156,46,110
209000114,21,3,18
209000115,0,0,0
209000116,0,0,0
209000118,5,8,-3
209000119,0,0,0
209000121,0,0,0
209000135,24,20,4
209000142,138,16,122
209000143,0,0,0
209000144,0,0,0
209000229,61,6,55
209000240,0,0,0
209000259,0,0,0
209000260,0,0,0
209000261,0,0,0
209000262,0,0,0
209000263,0,0,0
209000264,0,0,0
209000265,26,1,25
209000266,11,0,11
209000267,218,3,215
209000268,480,10,470
210000037,22,1,21
210000047,67,0,67
210000048,27,1,26
210000049,4,0,4
210000052,0,0,0
210000053,0,0,0
210000054,0,0,0
210000070,29,0,29
210000071,56,0,56
210000072,6,0,6
210000073,0,0,0
210000074,0,0,0
210000075,0,0,0
210000076,0,0,0
210000077,0,0,0
210000078,0,0,0
210000079,14,3,11
210000080,61,7,54
210000081,37,1,36
210000082,3,1,2
210000083,46,0,46
210000084,79,0,79
210000085,0,0,0
210000086,0,0,0
210000099,0,0,0
210000100,0,0,0
210000101,0,0,0
210000105,0,0,0
210000159,0,0,0
210000163,0,0,0
210000164,53,33,20
210000168,1,0,1
210000187,0,0,0
210000188,0,0,0
210000214,26,0,26
210000219,64,23,41
210000220,5,1,4
210000232,0,0,0
210000233,0,0,0
210000234,0,0,0
210000235,0,0,0
210000245,0,0,0
210000246,11,1,10
210000258,0,0,0
210000259,82,2,80
210000282,0,0,0
210000285,0,0,0
210000286,0,0,0
210000290,0,1,-1
210000295,0,0,0
210000296,0,0,0
210000320,62,2,60
210000321,33,1,32
210000338,0,0,0
210000339,0,0,0
210000340,0,0,0
210000341,0,0,0
210000342,0,0,0
210000343,0,0,0
210000344,0,0,0
210000345,0,0,0
210000346,0,0,0
210000347,0,0,0
210000348,0,0,0
210000349,0,0,0
210000350,0,0,0
210000351,0,0,0
210000352,6,16,-10
210000353,77,19,58
210000354,44,22,22
210000355,31,15,16
210000356,0,10,-10
210000357,10,28,-18
210000358,17,10,7
210000359,44,8,36
210000360,113,63,50
210000361,76,64,12
210000362,57,44,13
210000363,296,100,196
210000364,95,57,38
210000365,88,11,77
210000366,127,10,117
210000367,84,2,82
210000368,74,6,68
210000369,20,2,18
210000370,18,10,8
210000372,0,6,-6
210000373,1,14,-13
210000374,98,2,96
210000375,11,11,0
210000376,59,19,40
210000404,0,0,0
210000439,24,0,24
210000472,33,0,33
210000482,16,13,3
210000564,419,59,360
210000567,0,0,0
210000568,16,0,16
211000092,0,0,0
211000094,0,0,0
211000169,0,0,0
211000172,0,0,0
211000209,0,0,0
211000226,2,2,0
211000270,0,0,0
211000275,0,0,0
211000276,0,0,0
211000279,0,0,0
211000281,0,0,0
211507980,0,0,0
211977296,0,0,0
212000003,44,2,42
212000004,0,0,0
212000005,0,0,0
212000006,0,0,0
212000008,0,0,0
212000009,0,0,0
212000012,0,0,0
212000013,0,0,0
212000014,0,0,0
212000015,0,0,0
212000016,0,0,0
212000027,372,65,307
212000028,187,171,16
212000029,168,112,56
212000030,12,20,-8
212000031,17,7,10
212000048,0,0,0
212000049,0,0,0
212000050,0,0,0
212000051,0,0,0
212000052,0,0,0
212000053,0,0,0
212000054,202,15,187
212000055,242,53,189
212000056,16,20,-4
212000057,0,13,-13
212000058,2,6,-4
212000070,0,0,0
212000077,0,0,0
212000099,105,38,67
212000108,162,35,127
212000111,57,4,53
212000120,0,0,0
212000138,0,0,0
212000156,0,0,0
212000158,0,25,-25
212000159,414,65,349
212000160,350,71,279
212000161,6,7,-1
212000310,0,0,0
212000311,4,40,-36
212000374,0,0,0
213000001,0,0,0
213000005,171,7,164
213000006,169,65,104
213000007,10,0,10
213000009,211,48,163
213000010,178,20,158
213000011,106,4,102
213000012,0,0,0
213000014,24,38,-14
213000015,177,0,177
213000016,115,0,115
213000017,15,0,15
213000018,0,0,0
213000019,0,0,0
213000020,0,0,0
213000021,0,0,0
213000023,862,26,836
213000033,0,0,0
213000034,254,15,239
213000035,182,36,146
213000045,0,0,0
213000046,0,0,0
213000047,0,0,0
213000056,187,7,180
213000069,9,0,9
213000073,0,0,0
213000074,0,0,0
213000075,266,8,258
213000076,2,0,2
213000085,0,0,0
213000086,0,0,0
213000091,244,2,242
213000092,11,1,10
213000099,0,0,0
213000100,307,56,251
213000101,343,8,335
213000102,401,5,396
213000103,316,7,309
213000104,0,0,0
213000105,0,0,0
213000106,0,0,0
213000107,0,0,0
213000108,0,0,0
213000109,0,0,0
213000110,0,0,0
213000111,0,0,0
213000112,0,0,0
213000115,11,0,11
213000116,0,0,0
213000117,0,0,0
213000118,92,194,-102
213000119,0,0,0
213000120,0,0,0
213000122,0,0,0
213000123,0,0,0
213000124,0,0,0
213000125,144,100,44
213000126,0,0,0
213000127,0,0,0
213000128,0,0,0
213000129,283,77,206
213000130,364,65,299
213000132,254,42,212
213000133,384,79,305
213000134,365,2,363
213000136,187,3,184
213000137,440,8,432
213000139,63,0,63
213000147,8,0,8
213000148,0,0,0
213000149,2,0,2
213000150,0,0,0
213000151,0,0,0
213000152,0,0,0
213000153,0,0,0
213000154,0,0,0
213000155,0,0,0
213000156,0,0,0
213000157,0,0,0
213000158,0,0,0
213000159,414,36,378
213000163,246,81,165
213000165,361,68,293
213000171,0,0,0
213000172,0,0,0
213000173,0,0,0
213000174,0,0,0
213000175,0,0,0
213000176,298,51,247
213000177,114,3,111
213000178,288,1,287
213000179,108,0,108
213000180,173,1,172
213000184,0,0,0
213000188,135,5,130
213000189,129,3,126
213000190,191,3,188
213000191,133,1,132
213000192,60,0,60
213000193,0,0,0
213000194,0,0,0
213000195,0,0,0
213000196,0,0,0
213000197,469,61,408
213000198,4,0,4
213000200,0,0,0
213000201,0,0,0
213000202,0,0,0
213000203,636,72,564
213000204,569,25,544
213000205,256,30,226
213000206,602,1,601
213000207,6,3,3
213000208,0,0,0
213000209,4,0,4
213000210,44,0,44
213000211,0,0,0
213000212,0,0,0
213000213,0,0,0
213000218,15,180,-165
213000219,278,17,261
213000220,123,27,96
213000223,20,97,-77
213000224,2,3,-1
213000225,30,1,29
213000226,33,1,32
213000227,464,21,443
213000228,296,11,285
213000229,7,0,7
213000230,113,0,113
213000232,0,0,0
213000233,0,0,0
213000234,0,0,0
213000293,0,0,0
213000294,21,1,20
213000295,0,0,0
213000296,16,4,12
213000297,0,0,0
213000298,0,0,0
213000299,13,5,8
213000300,0,9,-9
213000303,0,0,0
213000304,0,0,0
213000305,0,15,-15
213000306,0,0,0
213000307,3,7,-4
213000308,0,0,0
213000309,54,5,49
213000310,126,16,110
213000311,0,0,0
213000315,0,0,0
213000316,55,6,49
213000322,0,0,0
213000323,0,0,0
213000324,0,0,0
213000325,0,0,0
213000326,0,0,0
213000327,0,0,0
213000328,0,0,0
213000329,0,0,0
213000340,0,0,0
213000341,251,18,233
213000346,16,45,-29
213000347,124,26,98
213000348,0,0,0
213000349,0,0,0
213000350,0,0,0
213000366,0,0,0
213000367,57,8,49
213000379,0,0,0
213000386,0,0,0
213000406,0,0,0
213000417,550,99,451
213000425,0,0,0
213000426,0,0,0
213000427,0,0,0
213000428,0,0,0
213000429,0,0,0
213000430,0,0,0
213000431,0,0,0
213000432,0,0,0
213000433,0,0,0
213000434,0,0,0
213000435,0,0,0
213000436,0,0,0
213000437,0,0,0
213000438,0,0,0
213000439,0,0,0
213000440,0,0,0
213000441,0,0,0
213000442,0,0,0
213000443,0,0,0
213000444,0,0,0
213000445,0,0,0
213000446,0,0,0
213000447,0,0,0
213000448,0,0,0
213000449,0,0,0
213000450,0,0,0
213000451,0,0,0
213000452,0,0,0
213000453,0,0,0
213000455,12,1,11
213000456,0,0,0
213000481,10,0,10
213000482,0,0,0
213000489,38,0,38
213000491,0,0,0
213000492,73,4,69
213000493,0,0,0
213000494,152,10,142
213000495,0,0,0
213000496,472,83,389
213000497,0,0,0
213000498,0,0,0
213000499,0,0,0
213000500,167,5,162
213000501,25,5,20
213000502,42,7,35
213000503,0,0,0
213000504,0,0,0
213000505,102,5,97
213000506,0,0,0
213000507,0,0,0
213900244,104,1,103
213900245,0,0,0
218000003,0,0,0
218000004,0,0,0
218000005,3,7,-4
218000006,0,0,0
218000007,0,0,0
218000012,0,1,-1
218000013,22,46,-24
218000014,81,73,8
218000019,0,0,0
218000020,0,0,0
218000021,0,0,0
218000022,0,0,0
218000023,0,0,0
218000024,0,0,0
218000025,0,0,0
218000026,0,0,0
218000027,0,0,0
218000028,0,0,0
218000029,0,0,0
218000030,0,0,0
218000031,0,0,0
218000032,0,0,0
218000040,1,0,1
218000046,7,20,-13
218000047,0,6,-6
218000048,2,4,-2
218000049,2,8,-6
218000050,34,24,10
218000051,0,56,-56
218000052,0,5,-5
218000053,0,0,0
218000054,0,31,-31
218000055,0,2,-2
218000056,1,24,-23
218000057,0,3,-3
218000064,0,0,0
218000065,76,1,75
218000066,26,7,19
218000067,0,0,0
218000068,0,0,0
218000069,0,0,0
218000070,0,0,0
218000071,0,0,0
218000072,0,0,0
218000078,0,0,0
218000079,0,0,0
218000080,0,0,0
218000081,0,0,0
218000082,0,0,0
218000083,0,0,0
218000084,0,0,0
218000085,0,0,0
218000086,0,0,0
218000087,0,0,0
218000090,0,0,0
218000091,145,59,86
218000092,0,0,0
218000093,9,1,8
218000094,0,0,0
218000099,38,55,-17
218000100,12,34,-22
218000101,12,3,9
218000102,114,4,110
218000103,18,9,9
218000104,37,0,37
218000105,0,0,0
218000106,0,0,0
218000107,0,0,0
218000108,0,0,0
218000112,0,0,0
218000117,33,12,21
218000134,0,0,0
218000135,0,0,0
218000136,0,0,0
218000137,0,0,0
218000138,0,0,0
218000139,0,0,0
218000140,0,0,0
218000141,0,0,0
218000142,0,0,0
218000143,0,0,0
218000144,0,0,0
218000145,0,0,0
218000146,0,0,0
218000151,0,2,-2
218000152,43,3,40
218000153,0,0,0
218000154,0,0,0
218000155,0,0,0
218000156,0,0,0
218000157,0,0,0
218000158,0,0,0
218000159,0,0,0
218000160,0,0,0
218000161,0,0,0
218000162,0,0,0
218000163,0,0,0
218000164,0,0,0
218000165,0,0,0
218000170,1,0,1
218000171,44,6,38
218000172,0,2,-2
218000173,2,15,-13
218000174,14,3,11
218000176,146,10,136
218000177,210,52,158
218000178,101,20,81
218000179,252,18,234
218000180,49,1,48
218000181,110,13,97
218000187,0,0,0
218000188,0,0,0
218000189,0,0,0
218000190,0,0,0
218000191,0,0,0
218000192,0,0,0
218000193,0,0,0
218000194,0,0,0
218000195,0,0,0
218000196,0,0,0
218000197,0,0,0
218000198,0,1,-1
218000199,1,0,1
218000200,9,3,6
218000201,0,1,-1
218000202,0,0,0
218000207,0,0,0
218000208,0,0,0
218000211,0,0,0
218000212,0,0,0
218000213,8,8,0
218000214,0,1,-1
218000215,1,5,-4
218000217,0,6,-6
218000218,13,104,-91
218000219,1,34,-33
218000220,22,22,0
218000221,198,154,44
218000222,0,13,-13
218000223,31,94,-63
218000224,14,121,-107
218000225,129,53,76
218000226,108,15,93
218000230,0,0,0
218000232,0,0,0
218000239,28,0,28
218000240,0,0,0
218000241,0,0,0
218000242,0,0,0
218000243,0,0,0
218000244,1,0,1
218000245,1,2,-1
218000246,0,1,-1
218000247,0,0,0
218000248,0,0,0
218000249,0,0,0
218000250,0,0,0
218000251,0,0,0
218000252,0,0,0
218000253,0,0,0
218000254,0,0,0
218000255,0,0,0
218000256,0,0,0
218000267,0,0,0
218000268,0,0,0
218000269,0,0,0
218000270,0,0,0
218000271,0,0,0
218000273,58,10,48
218000274,34,2,32
218000275,0,0,0
218000276,0,0,0
218000278,0,0,0
218000279,0,0,0
218000280,0,0,0
218000281,0,0,0
218000282,40,9,31
218000284,95,28,67
218000301,0,0,0
218000302,0,0,0
218000303,0,0,0
218000316,19,37,-18
218000317,1,1,0
218000318,0,0,0
218000319,0,0,0
218000320,0,0,0
218000338,0,0,0
218000345,0,0,0
218000346,26,28,-2
218000459,11,19,-8
218000490,0,0,0
218000501,25,0,25
218000502,0,0,0
218000503,3,0,3
218000504,54,1,53
218000505,0,0,0
218000506,0,0,0
218000508,0,0,0
218000510,73,1,72
218000520,0,0,0
218000521,0,0,0
218000522,0,0,0
218000523,21,0,21
218000524,0,0,0
218000525,19,1,18
218000526,0,0,0
218000529,0,0,0
218000530,0,0,0
218000531,28,1,27
218000532,0,0,0
218000534,5,2,3
218000537,8,21,-13
218000538,0,0,0
218000540,0,0,0
218000543,0,0,0
218000544,0,0,0
218000545,0,0,0
218000546,0,0,0
218000547,0,0,0
218000548,0,0,0
218000549,170,16,154
218000550,0,0,0
218000551,0,0,0
218000552,64,4,60
218000553,0,0,0
218000554,0,0,0
218000555,0,0,0
218000556,0,0,0
218000557,16,13,3
218000558,26,0,26
218000559,0,0,0
218000560,0,0,0
218000561,3,0,3
218000562,0,0,0
218000563,101,0,101
218000564,0,0,0
218000565,16,0,16
218000566,4,0,4
218000567,0,0,0
218000568,2,1,1
218000569,0,0,0
218000570,0,0,0
218000571,0,0,0
218000572,1,0,1
218000573,0,0,0
218000574,3,0,3
218000575,35,0,35
218000576,0,0,0
218000577,26,0,26
218000578,0,0,0
218000579,0,0,0
218000581,0,0,0
218000582,0,0,0
218000583,0,0,0
218000584,0,0,0
218000585,0,0,0
218000586,0,0,0
218000587,0,0,0
218000588,0,0,0
218000589,0,0,0
218000590,0,0,0
218000591,0,0,0
218000592,0,0,0
218000593,0,0,0
218000594,0,0,0
218000597,0,0,0
218000598,0,0,0
218000599,0,0,0
218000600,0,0,0
218000601,0,0,0
218000602,0,0,0
218000603,0,0,0
218000604,0,0,0
218000605,0,0,0
218000606,0,0,0
218000607,0,0,0
218000608,0,0,0
218000609,0,0,0
218000610,0,0,0
218000611,0,0,0
218000612,0,0,0
218000613,0,0,0
218000614,0,0,0
218000615,0,0,0
218000616,0,0,0
218000617,0,0,0
218000618,0,0,0
218000619,1,5,-4
218000620,0,0,0
218000621,0,0,0
218000622,0,0,0
218000623,0,0,0
218000624,0,0,0
218000625,0,0,0
218000626,0,0,0
218000628,57,8,49
218000631,1,0,1
218000632,0,0,0
218000633,2,0,2
218000634,0,0,0
218000635,0,2,-2
218000636,0,0,0
218000637,0,0,0
218000638,197,51,146
218000639,0,0,0
218000640,88,19,69
218000641,0,0,0
218000652,15,4,11
218000653,245,18,227
218000663,0,0,0
218000675,0,3,-3
218000676,0,0,0
218000677,0,0,0
218000680,0,0,0
218000681,59,11,48
218000691,0,0,0
218000693,138,25,113
218000703,0,0,0
218000718,0,0,0
218000719,36,21,15
218000720,0,0,0
218000721,1,0,1
218000725,0,0,0
218001147,0,0,0
218001214,0,0,0
218001258,39,0,39
218001329,32,9,23
218001330,0,0,0
218001351,1,4,-3
218001352,0,0,0
218001353,4,0,4
218001354,0,0,0
218001355,0,0,0
218001356,71,13,58
218001357,0,0,0
218001358,24,1,23
218001361,128,2,126
218001362,0,0,0
219000001,0,0,0
219000002,0,0,0
219000003,26,3,23
219000004,13,44,-31
219000017,0,0,0
219000020,67,0,67
219000022,80,0,80
219000023,38,0,38
219000029,0,0,0
219000034,8,18,-10
219000039,0,0,0
219000040,0,0,0
219000041,0,0,0
219000051,0,0,0
219000052,0,0,0
219000053,0,0,0
219000054,0,0,0
219000055,0,0,0
219000056,0,0,0
219000057,0,0,0
219000062,0,0,0
219000063,0,0,0
219000064,0,0,0
219000110,37,20,17
219000111,31,19,12
219000112,77,11,66
219000113,77,10,67
219000114,76,0,76
219000116,0,0,0
219000117,4,0,4
219000118,4,2,2
219000123,62,0,62
219000124,2,0,2
219000125,0,0,0
219000126,0,0,0
219000127,0,0,0
219000128,0,0,0
219000129,0,0,0
219000130,0,0,0
219000131,181,117,64
219000133,0,3,-3
219000134,3,16,-13
219000135,18,9,9
219000136,37,35,2
219000138,0,0,0
219000139,0,0,0
219000140,8,0,8
219000141,0,0,0
219000142,0,0,0
219000143,0,0,0
219000145,28,1,27
219000146,0,0,0
219000147,0,0,0
219000148,0,0,0
219000149,0,0,0
219000150,0,0,0
219000151,0,0,0
219000157,19,24,-5
219000158,1,4,-3
219000161,0,0,0
219000163,16,10,6
219000166,3,21,-18
219000167,0,0,0
219000168,45,18,27
219000174,42,8,34
219000175,0,0,0
219000176,0,0,0
219000177,0,0,0
219000178,0,0,0
219000179,0,0,0
219000180,0,0,0
219000182,31,0,31
219000183,44,0,44
219000184,19,1,18
219000185,0,0,0
219000186,25,0,25
219000187,2,1,1
219000189,0,0,0
219000190,0,0,0
219000191,0,0,0
219000192,13,5,8
219000193,0,0,0
219000195,0,0,0
219000196,0,0,0
219000198,0,0,0
219000199,0,0,0
219000200,0,0,0
219000201,0,0,0
219000203,0,0,0
219000204,0,0,0
219000205,0,0,0
219000207,0,0,0
219000209,0,0,0
219000210,0,0,0
219000213,0,0,0
219000239,0,0,0
219000240,0,0,0
219000241,0,0,0
219000242,0,0,0
219000243,0,0,0
219000244,0,0,0
219000245,0,0,0
219000246,10,10,0
219000247,50,11,39
219000248,65,115,-50
219000249,43,20,23
219000250,9,18,-9
219000251,129,78,51
219000252,107,73,34
219000253,65,5,60
219000255,5,9,-4
219000256,24,14,10
219000257,55,0,55
219000262,0,0,0
219000263,0,0,0
219000267,0,0,0
219000268,0,0,0
219000269,0,0,0
219000270,0,0,0
219000271,0,0,0
219000278,0,0,0
219000279,0,0,0
219000283,0,0,0
219000295,0,0,0
219000296,0,0,0
219000297,0,0,0
219000298,0,0,0
219000299,195,1,194
219000300,0,0,0
219000301,0,0,0
219000302,0,0,0
219000307,0,0,0
219000308,0,0,0
219000311,74,2,72
219000312,58,5,53
219000313,82,2,80
219000314,0,0,0
219000315,146,2,144
219000316,134,1,133
219000317,34,1,33
219000320,0,0,0
219000321,0,0,0
219000323,0,0,0
219000325,0,0,0
219000326,0,0,0
219000327,0,0,0
219000328,0,0,0
219000329,0,0,0
219000330,0,0,0
219000331,0,0,0
219000332,18,17,1
219000333,0,0,0
219000335,0,0,0
219000337,7,0,7
219000338,12,0,12
219000344,0,0,0
219000345,0,0,0
219000346,0,0,0
219000348,0,0,0
219000349,0,0,0
219000350,0,0,0
219000351,0,0,0
219000352,6,15,-9
219000353,2,5,-3
219000354,2,16,-14
219000355,16,4,12
219000356,19,22,-3
219000363,73,4,69
219000364,47,1,46
219000365,17,0,17
219000366,61,1,60
219000368,35,27,8
219000370,45,38,7
219000371,0,0,0
219000382,0,0,0
219000383,0,0,0
219000385,0,0,0
219000386,0,0,0
219000387,0,0,0
219000390,0,0,0
219000391,0,0,0
219000397,0,0,0
219000398,0,0,0
219000401,0,0,0
219000402,0,0,0
219000403,0,0,0
219000404,0,0,0
219000407,0,0,0
219000409,9,32,-23
219000410,67,2,65
219000411,32,2,30
219000446,0,0,0
219000447,0,0,0
219000448,12,0,12
219000452,0,0,0
219000453,0,0,0
219000454,12,15,-3
219000556,61,11,50
219000558,0,0,0
219000590,0,0,0
219000591,21,15,6
219000592,0,0,0
219000595,0,0,0
219000635,35,0,35
219000636,0,0,0
219000657,0,2,-2
219000658,0,0,0
219000673,0,0,0
219000676,0,0,0
219000679,2,0,2
219000684,0,0,0
219000685,0,0,0
219000686,0,0,0
219000688,0,0,0
219000689,0,0,0
219000690,261,4,257
219000691,0,0,0
219000692,79,1,78
219000693,0,0,0
219000694,0,0,0
219000695,0,0,0
219000698,19,0,19
219000699,0,0,0
219000727,0,0,0
219000728,0,0,0
219000770,6,0,6
219000771,0,0,0
219000788,0,0,0
219001150,0,0,0
219001151,0,0,0
219001166,9,1,8
219001167,0,0,0
219001178,43,0,43
220000001,1,2,-1
220000002,0,0,0
220000003,0,0,0
220000004,0,0,0
220000005,0,0,0
220000006,0,0,0
220000007,0,0,0
220000008,0,0,0
220000009,0,0,0
220000010,0,1,-1
220000011,4,1,3
220000012,0,0,0
220000014,0,0,0
220000015,0,0,0
220000017,0,0,0
220000018,0,0,0
220000019,0,0,0
220000020,6,6,0
220000021,0,1,-1
220000022,2,0,2
220000023,0,0,0
220000024,3,3,0
220000025,8,12,-4
220000026,2,27,-25
220000027,0,4,-4
220000028,1,2,-1
220000029,0,0,0
220000030,0,0,0
220000031,14,37,-23
220000064,0,0,0
221000046,7,0,7
221000047,0,0,0
221000048,0,0,0
221000049,0,0,0
221000050,37,0,37
221000055,33,0,33
221000057,149,6,143
221000068,236,48,188
221000069,164,27,137
221000070,96,9,87
221000071,92,0,92
221000072,154,1,153
221000073,91,4,87
221000074,0,0,0
221000075,0,0,0
221000076,0,0,0
221000077,0,0,0
221000081,11,0,11
221000082,16,0,16
221000083,15,20,-5
221000084,11,0,11
221000085,0,0,0
221000086,0,0,0
221000087,0,0,0
221000088,0,0,0
221000089,0,0,0
221000090,0,0,0
221000098,65,23,42
221000099,81,9,72
221000100,113,6,107
221000101,129,7,122
221000102,80,0,80
221000109,0,0,0
221000110,0,0,0
221000111,0,0,0
221000112,0,0,0
221000113,0,0,0
221000114,0,0,0
221000120,0,0,0
221000121,0,14,-14
221000122,1,6,-5
221000123,0,0,0
221000124,0,0,0
221000155,20,7,13
221000156,1,1,0
221000175,0,2,-2
221000176,0,0,0
221000182,9,0,9
221000241,731,24,707
221000242,0,0,0
221000243,308,20,288
221000244,0,0,0
221000245,187,13,174
221000246,0,0,0
221000247,198,13,185
221000248,0,0,0
221000267,0,0,0
221000325,0,0,0
221000331,0,0,0
221000338,1,4,-3
221000378,65,4,61
221000381,0,0,0
222000282,0,0,0
222000296,0,0,0
222000568,84,2,82
222000569,87,8,79
222000570,38,0,38
222000571,255,6,249
222000577,0,0,0
222000578,0,0,0
222000579,0,0,0
222000580,0,0,0
222000599,0,0,0
222000600,0,0,0
222000601,0,0,0
222000603,0,0,0
222000604,0,0,0
222000605,0,0,0
222000606,0,0,0
222000607,0,0,0
222000608,0,0,0
222000609,0,0,0
222000616,81,1,80
222000617,0,1,-1
222000618,1,0,1
222000620,0,1,-1
222000621,16,3,13
222000623,252,1,251
222000624,204,0,204
222000625,221,0,221
222000636,6,0,6
222000686,0,0,0
222000687,1,0,1
222001066,153,2,151
222001067,31,0,31
222001068,57,1,56
222001069,4,0,4
222001082,0,0,0
222001083,0,0,0
222001084,0,0,0
222001085,0,0,0
222001111,0,0,0
222001112,40,12,28
222001313,0,0,0
222001314,0,0,0
222001464,12,2,10
222001465,0,0,0
222001484,27,0,27
222001485,0,0,0
222001494,87,11,76
222001495,0,0,0
222001496,63,7,56
222001497,0,0,0
222001502,0,0,0
222001503,64,9,55
222001504,0,0,0
222001505,181,1,180
222001506,0,0,0
222001507,163,1,162
222001510,195,6,189
222001511,0,0,0
222001514,322,23,299
222001515,0,0,0
222001518,109,14,95
222001519,0,0,0
222001527,13,27,-14
222001528,0,0,0
222001529,114,2,112
222001530,0,0,0
222001533,0,0,0
222001534,332,13,319
222001535,37,16,21
222001536,0,0,0
222001537,30,7,23
222001538,0,0,0
222001563,370,9,361
222001564,0,0,0
222001568,6,5,1
222001576,0,0,0
222001579,0,0,0
222001583,0,0,0
222001584,9,0,9
222001596,0,0,0
222001597,261,64,197
222001626,0,0,0
222001650,1,15,-14
222001651,4,0,4
222001914,41,10,31
222001915,0,0,0
222001968,55,15,40
222001969,0,0,0
222001970,33,0,33
222001971,2,1,1
222001972,0,0,0
225000001,115,46,69
225000002,187,37,150
225000003,122,3,119
225000004,110,40,70
225000005,72,17,55
225000006,0,0,0
225000007,0,0,0
225000010,16,0,16
225000011,66,234,-168
225000012,63,130,-67
225000013,48,16,32
225000014,76,13,63
225000015,0,0,0
225000021,196,27,169
225000027,0,0,0
225000032,187,59,128
225000042,0,0,0
225000049,0,0,0
225000050,10,1,9
225000053,0,0,0
225000058,190,22,168
225000067,0,0,0
225000068,0,0,0
225000069,0,0,0
225000070,0,0,0
225000071,0,0,0
225000075,0,0,0
225000076,0,0,0
225000078,1,23,-22
225000085,0,22,-22
225000086,11,1,10
225000087,62,1,61
225000088,0,0,0
225000089,0,0,0
225000090,0,0,0
225000091,0,0,0
225000092,0,0,0
225000093,0,0,0
225000094,0,0,0
225000095,0,0,0
225000096,0,0,0
225000098,195,83,112
225000099,215,21,194
225000100,43,28,15
225000104,0,0,0
225000110,0,0,0
225000111,0,0,0
225000112,0,0,0
225000113,0,0,0
225000114,0,0,0
225000115,0,0,0
225000116,139,67,72
225000117,263,125,138
225000118,335,79,256
225000119,44,1,43
225000120,147,10,137
225000121,88,9,79
225000123,603,6,597
225000125,87,45,42
225000126,171,33,138
225000127,332,93,239
225000128,250,125,125
225000132,0,0,0
225000133,0,0,0
225000134,105,83,22
225000135,19,1,18
225000136,40,1,39
225000137,4,0,4
225000138,195,0,195
225000143,0,0,0
225000144,0,0,0
225000145,54,18,36
225000146,0,0,0
225000147,0,0,0
225000148,0,0,0
225000149,0,0,0
225000151,0,0,0
225000155,0,0,0
225000156,0,0,0
225000157,0,0,0
225000158,0,0,0
225000171,0,0,0
225000180,12,0,12
225000181,0,0,0
225000182,39,0,39
225000185,0,0,0
225000187,0,0,0
225000191,12,0,12
225000194,0,0,0
225000208,0,0,0
225000209,96,13,83
225000210,0,0,0
225000217,0,0,0
225000218,31,0,31
225000223,0,0,0
225000224,1,1,0
225000225,0,0,0
225000226,394,15,379
225000227,0,0,0
225000228,1,5,-4
225000229,0,0,0
225000230,5,0,5
225000231,0,0,0
225000232,58,0,58
225000241,91,0,91
225000242,0,0,0
225000249,40,0,40
225000250,0,0,0
225000251,0,0,0
225000254,0,0,0
225000256,0,0,0
225000257,0,0,0
226000042,0,0,0
226000043,0,0,0
226000044,0,0,0
226000045,0,0,0
226000046,123,7,116
226000047,66,3,63
226000048,112,2,110
226000049,69,58,11
226000070,0,0,0
226000071,0,0,0
226000072,0,0,0
226000073,0,0,0
226000074,0,0,0
226000084,0,0,0
226000085,0,0,0
226000086,0,0,0
226000087,0,0,0
226000088,0,0,0
226000090,1,7,-6
226000091,0,1,-1
226000092,0,1,-1
226000093,0,1,-1
226000094,0,6,-6
226000095,2,57,-55
226000105,0,0,0
226000106,3,0,3
226000107,1,0,1
226000108,1,0,1
226000109,24,0,24
226000124,27,32,-5
226000134,99,41,58
226000135,136,26,110
226000136,25,20,5
226000137,0,0,0
226000138,0,0,0
226000139,0,0,0
226000156,56,0,56
226000157,120,0,120
226000163,0,0,0
226000202,0,0,0
226000231,172,0,172
226000232,0,0,0
227000033,72,4,68
227000036,96,0,96
227000037,73,4,69
227000038,37,1,36
227000084,0,0,0
227000085,0,0,0
227000088,13,0,13
227000089,2,0,2
227000090,0,0,0
227000091,6,0,6
227000092,11,0,11
227000093,8,0,8
227000094,2,0,2
227000130,0,0,0
227000131,0,0,0
227000132,0,0,0
227000133,0,0,0
227000134,0,0,0
227000152,0,0,0
227000153,0,0,0
227000154,0,0,0
227000155,0,0,0
227000156,0,0,0
227000165,0,0,0
227000196,33,1,32
227000199,165,2,163
227000230,0,0,0
227000232,50,6,44
227000242,0,0,0
227000243,149,4,145
227000245,0,0,0
227000246,0,0,0
227000247,142,2,140
227000248,8,6,2
227000249,0,0,0
227000250,35,68,-33
227000251,0,0,0
227000252,0,0,0
227000253,64,2,62
227000262,257,2,255
227000266,152,0,152
227000267,0,0,0
227000282,0,0,0
227000284,107,3,104
227000286,0,0,0
227000287,0,0,0
227000291,0,0,0
227000296,11,0,11
227000484,131,1,130
227000485,0,0,0
227000655,31,0,31
227000656,96,3,93
227000657,4,1,3
227000661,47,2,45
227000680,0,0,0
229000265,21,0,21
229000296,0,0,0
229000297,0,0,0
229000298,0,0,0
229000320,4,0,4
229000321,0,0,0
229000412,0,0,0
229000414,0,0,0
229000415,0,0,0
229000416,0,0,0
229000417,0,0,0
229000419,0,0,0
229000440,36,4,32
229000442,0,0,0
229000443,0,0,0
229000444,0,0,0
229000445,1,0,1
229000446,20,1,19
229000491,0,0,0
229000492,0,0,0
229000493,0,0,0
229000494,0,0,0
229000495,0,0,0
229000496,0,0,0
229000507,0,0,0
229000508,0,0,0
229000509,0,0,0
229000510,0,0,0
229000511,0,0,0
229000512,0,0,0
229000513,0,0,0
229000514,0,0,0
229000517,0,0,0
229000518,0,0,0
229000519,0,0,0
229000520,0,0,0
229000521,0,0,0
229000522,0,0,0
229000523,0,0,0
229000524,0,0,0
229000527,0,0,0
229000528,0,0,0
229000529,0,0,0
229000530,0,0,0
229000531,0,1,-1
229000532,0,0,0
229000533,12,2,10
229000534,6,4,2
229000564,67,7,60
229000565,17,0,17
229000566,0,0,0
229000567,0,0,0
229000582,29,17,12
229000583,1,21,-20
229000584,0,0,0
229000585,0,0,0
229000718,0,0,0
229000719,0,0,0
229000720,0,0,0
229000721,0,0,0
229000722,0,0,0
229000723,0,0,0
229000724,0,0,0
229000725,0,0,0
229000738,2,0,2
229000739,0,0,0
229000740,1,0,1
229000741,42,0,42
229000742,42,0,42
229000743,16,0,16
229000744,0,0,0
229000745,0,0,0
229000746,27,0,27
229000847,0,0,0
229000848,0,0,0
229000849,0,0,0
229000851,0,0,0
229000854,0,0,0
229000856,0,0,0
229000857,0,0,0
229000858,0,0,0
229000919,0,0,0
229000930,0,0,0
229000937,89,1,88
229000966,28,0,28
229000981,0,0,0
229000985,0,0,0
229000986,0,0,0
229000987,0,0,0
229000988,0,0,0
229000989,0,0,0
229000990,0,0,0
229000991,0,0,0
229000992,2,0,2
229000993,13,0,13
229000998,0,0,0
229000999,3,0,3
229001034,0,0,0
229001035,2,0,2
229001037,12,0,12
229001042,1,0,1
229001047,0,0,0
229001050,23,0,23
229001168,0,0,0
229001200,4,0,4
229001338,0,0,0
229001394,157,0,157
229001422,65,8,57
229001423,0,0,0
229001431,47,3,44
229001432,0,0,0
229001444,47,2,45
229001445,0,0,0
229001479,0,0,0
229001503,82,2,80
229001504,0,0,0
229001505,125,0,125
229001506,0,0,0
229001509,0,0,0
229001545,37,0,37
229001546,0,0,0
229001553,34,0,34
229001554,0,0,0
229001559,0,0,0
229001560,0,0,0
229001630,4,0,4
229001631,0,0,0
229001635,0,0,0
229001636,0,0,0
229001658,0,0,0
229001659,51,0,51
229001660,0,0,0
229001661,0,0,0
229001662,9,0,9
229001663,0,0,0
229002584,31,5,26
229002831,0,1,-1
229002841,0,0,0
229002842,0,1,-1
229002843,3,1,2
229002844,0,0,0
229002845,0,0,0
229002846,0,0,0
229002847,0,1,-1
229002848,0,4,-4
229002849,0,1,-1
229002850,22,0,22
229002851,1,0,1
229002852,21,0,21
229002853,12,0,12
229002854,0,1,-1
229002855,0,0,0
229002856,1,0,1
229002857,0,0,0
229002858,0,0,0
229002859,0,0,0
229002860,2,0,2
229002861,4,10,-6
229002862,0,0,0
229002863,0,0,0
229002864,3,2,1
229002865,0,0,0
229002866,2,1,1
229002867,0,0,0
229002868,27,1,26
229002869,0,1,-1
229002870,3,0,3
235000066,212,2,210
235000067,110,6,104
235000072,0,0,0
235000073,0,0,0
235000074,0,0,0
235000080,0,0,0
235000081,0,0,0
235000082,129,2,127
235000083,100,6,94
235000084,15,1,14
235000085,235,4,231
235000089,32,5,27
235000092,0,0,0
235000093,0,0,0
235000097,0,0,0
235000098,80,1,79
235000099,2,3,-1
235000116,5,0,5
235000117,91,0,91
235000133,0,0,0
235000134,0,0,0
235000206,0,1,-1
235000207,0,2,-2
235000208,0,0,0
235000209,0,0,0
235000210,2,1,1
235000212,0,0,0
235000213,0,0,0
235000220,0,0,0
235000221,0,0,0
235000238,0,153,-153
235000239,0,1,-1
235000242,9,362,-353
235000245,0,0,0
235000246,0,0,0
235000284,0,0,0
235000295,34,3,31
235000305,78,26,52
235000306,69,0,69
235000307,44,0,44
235000308,0,0,0
235000309,1,0,1
235000310,0,0,0
235000311,1,0,1
235000322,0,0,0
235000323,0,0,0
235000324,0,0,0
235000325,0,0,0
235000326,0,0,0
235000351,0,0,0
235000352,0,0,0
235000353,0,0,0
235000354,0,0,0
235000355,0,0,0
235000356,10,0,10
235000357,2,0,2
235000358,2,0,2
235000359,2,0,2
235000360,1,0,1
235000361,32,0,32
235000381,0,0,0
235000382,77,5,72
235000390,2,1,1
235000391,116,3,113
235000392,143,20,123
235000393,112,26,86
235000395,83,5,78
235000396,238,6,232
235000400,8,6,2
235000401,0,0,0
235000405,0,0,0
235000406,0,0,0
235000407,0,0,0
235000409,0,0,0
235000410,0,0,0
235000411,0,0,0
235000485,0,0,0
235000486,44,0,44
235000549,56,17,39
235000550,0,0,0
235000599,0,0,0
235000600,0,0,0
235000601,1,2,-1
235000602,63,6,57
235000614,0,0,0
235000648,0,0,0
235000649,44,0,44
235000685,0,0,0
235000815,0,0,0
235000834,0,0,0
235000855,35,3,32
235000862,0,0,0
235000891,0,0,0
235000892,3,0,3
235000901,0,0,0
235000907,0,0,0
235001010,29,3,26
235001029,0,0,0
235001030,247,9,238
235001078,70,8,62
235001079,0,0,0
235001147,1,1,0
235001166,10,1,9
235001167,0,0,0
235001169,0,0,0
235001188,0,0,0
235001189,3,0,3
235001197,0,0,0
235001200,0,0,0
235001207,40,6,34
235001210,0,0,0
235001215,0,0,0
235001239,0,0,0
235001244,0,0,0
235016267,0,0,0
277101746,0,0,0
277102712,6,0,6
277103813,0,0,0
277103814,0,0,0
277103898,0,0,0
277104249,0,0,0
277104250,0,0,0
277104251,0,0,0
277104252,0,0,0
990011530,0,0,0
990014944,0,5,-5
990015176,16,0,16
990015618,0,0,0
990016032,0,0,0
990032570,0,0,0
990070001,29,0,29
990070103,0,0,0
990070601,0,0,0
990070751,0,0,0
990070766,0,0,0
990071180,361,3,358
990071343,4,0,4
990071387,0,0,0
990071823,119,29,90
990072600,0,0,0
990072964,0,0,0
990073285,0,0,0
990074393,0,0,0
990074870,357,3,354
990075106,207,0,207
990075746,196,2,194
990076437,1368,27,1341
990076458,0,0,0
997000007,163,2,161
997000041,0,0,0
997000058,54,3,51
997000062,37,1,36
997000069,0,0,0
997000070,0,0,0
997000100,0,0,0
997000141,0,0,0
997000198,0,0,0
998000475,0,0,0
998000736,0,0,0
998000965,0,0,0
998001031,0,0,0
998001700,0,0,0
998001899,0,0,0
998001900,38,136,-98
998003073,460,19,441
998101900,1,33,-32
998102850,0,0,0
998501927,142,0,142
998501929,381,3,378
998501930,62,0,62
998501931,141,1,140
998501932,1,0,1
998501933,275,1,274
998501937,15,2,13
998501944,2,1,1
998501950,0,0,0
998501970,51,1,50
998501971,2,180,-178
998501973,0,0,0
998501974,0,0,0
998501975,26,0,26
998501976,25,1,24
998501977,0,1,-1
998501978,3,0,3
998501979,0,0,0
998501980,43,2,41
998501981,61,0,61
998501982,0,0,0
998501983,0,0,0
998502006,0,0,0
998502024,0,0,0
998502032,0,3,-3
998502062,7,4,3
998502063,0,0,0
998502173,2,0,2
998502269,0,0,0
998502546,0,0,0
998502578,0,0,0
998601159,0,0,0
998601292,0,0,0
999033574,0,0,0
999800001,28,9,19
999800002,0,0,0
999800003,5,0,5
999800004,0,0,0
999800005,0,0,0
