ID,insum,outsum,diff
100000001,1056,339,717
100000002,3509,6187,-2678
100000003,3161,4358,-1197
100000004,157,1011,-854
100000005,2579,2800,-221
100000006,419,712,-293
100000007,1819,1162,657
100000008,55,782,-727
100000009,222,1165,-943
100000010,10,312,-302
100000011,337,51,286
100000012,34,274,-240
100000013,1,112,-111
100000014,37,1325,-1288
100000015,693,1510,-817
100000016,160,2389,-2229
100000017,73,2969,-2896
100000018,716,612,104
100000019,2234,2079,155
100000020,954,4189,-3235
100000021,4857,1216,3641
100000022,433,3215,-2782
100000023,3806,1207,2599
100000025,336,1066,-730
100000028,219,2100,-1881
100000029,28,848,-820
100000030,40,10,30
100000031,1219,5458,-4239
100000032,1261,3712,-2451
100000033,927,2912,-1985
100000034,75,1400,-1325
100000035,529,1011,-482
100000036,428,1505,-1077
100000037,655,331,324
100000038,2092,627,1465
100000039,111,179,-68
100000040,556,107,449
100000041,1539,273,1266
100000042,1175,213,962
100000043,526,107,419
100000044,72,188,-116
100000045,105,283,-178
100000046,199,199,0
100000047,121,135,-14
100000048,128,426,-298
100000049,831,719,112
100000051,510,456,54
100000053,57,4,53
100000054,186,21,165
100000055,471,85,386
100000056,180,303,-123
100000057,1723,236,1487
100000058,762,290,472
100000059,41,254,-213
100000060,752,321,431
100000061,2046,533,1513
100000062,1534,719,815
100000063,973,366,607
100000064,1180,467,713
100000065,208,336,-128
100000066,162,398,-236
100000067,184,484,-300
100000068,221,1087,-866
100000069,136,929,-793
100000072,152,258,-106
100000073,835,650,185
100000075,658,149,509
100000076,1116,6836,-5720
100000077,40,468,-428
100000078,0,32,-32
100000079,13,67,-54
100000080,0,41,-41
100000081,8,72,-64
100000102,1812,4559,-2747
100000103,1060,4022,-2962
100000104,2872,1824,1048
100000105,966,1411,-445
100000106,520,2662,-2142
100000107,73,1014,-941
100000108,143,935,-792
100000109,336,1136,-800
100000116,174,390,-216
100000117,42,93,-51
100000118,423,947,-524
100000119,714,826,-112
100000121,144,382,-238
100000122,346,2091,-1745
100000123,668,1649,-981
100000124,1839,1988,-149
100000125,6257,1698,4559
100000126,309,519,-210
100000127,1034,680,354
100000128,558,3250,-2692
100000129,286,764,-478
100000130,868,132,736
100000131,483,776,-293
100000132,810,777,33
100000133,757,435,322
100000135,457,632,-175
100000139,116,452,-336
100000140,114,59,55
100000142,484,333,151
100000143,977,225,752
100000144,787,189,598
100000147,1284,4115,-2831
100000150,85,324,-239
100000151,197,1465,-1268
100000153,14,381,-367
100000154,20,399,-379
100000155,1,37,-36
100000156,36,125,-89
100000157,125,220,-95
100000158,102,125,-23
100000159,64,1082,-1018
100000165,650,304,346
100000169,11,1998,-1987
100000174,241,1175,-934
100000179,91,743,-652
100000180,468,1265,-797
100000181,204,208,-4
100000188,45,49,-4
100000189,707,184,523
100000190,300,1254,-954
100000191,608,428,180
100000192,1,131,-130
100000193,181,128,53
100000330,530,644,-114
100000355,148,250,-102
100000362,1375,569,806
100000363,5518,6806,-1288
100000364,43,84,-41
100000365,4423,6338,-1915
100000366,1176,547,629
100000367,4091,4275,-184
100000368,1622,1543,79
100000369,405,1693,-1288
100000370,88,757,-669
100000376,35,478,-443
100000379,520,3798,-3278
100000380,2200,6477,-4277
100000384,3718,5057,-1339
100000385,852,4122,-3270
100000386,924,5125,-4201
100000387,2382,6207,-3825
100000388,1128,3129,-2001
100000389,3509,4931,-1422
100000390,1565,1687,-122
100000391,1608,4683,-3075
100000392,280,1546,-1266
100000393,460,3212,-2752
100000394,1077,3433,-2356
100000395,455,3535,-3080
100000396,459,1396,-937
100000397,900,5179,-4279
100000398,4116,2407,1709
100000413,0,0,0
100000414,24,430,-406
100900002,25,7,18
100900003,499,313,186
100900004,8,278,-270
100900005,204,5,199
100900006,14,4,10
100900007,174,0,174
100900008,0,118,-118
100900009,8,19,-11
100900010,27,1,26
100900011,83,68,15
100900012,0,56,-56
100900013,755,3,752
100900014,1,0,1
100900015,21,19,2
100900016,0,9,-9
100900017,1025,37,988
100900018,2,23,-21
100900019,23,54,-31
100900020,400,4,396
100900021,415,2,413
100900022,5,3,2
100900023,0,58,-58
100900024,333,0,333
100900025,15,1,14
100900026,112,98,14
100900027,227,2190,-1963
100900028,88,348,-260
100900029,99,6,93
100900030,2,144,-142
100900031,991,26,965
100900032,347,1,346
100900033,35,321,-286
100900034,1667,2,1665
100900035,127,0,127
100900036,43,0,43
100900037,81,47,34
100900038,14,18,-4
100900039,204,144,60
100900040,606,344,262
100900041,1313,152,1161
100900042,302,2967,-2665
100900043,0,36,-36
100900044,594,645,-51
100900045,19,0,19
100900046,1058,5,1053
100900047,433,51,382
100900048,41,1,40
100900049,50,35,15
100900050,1,13,-12
100900051,7,140,-133
100900052,196,3,193
100900053,473,34,439
100900054,15,14,1
100900055,251,1006,-755
100900056,22,28,-6
100900057,1751,346,1405
100900058,103,7,96
100900059,167,0,167
100900060,233,3,230
100900061,57,130,-73
100900062,0,1,-1
100900063,214,984,-770
100900064,386,5,381
100900065,8,161,-153
100900066,97,39,58
100900067,25,1,24
100900068,134,457,-323
100900069,55,0,55
100900070,644,1,643
100900071,124,58,66
100900072,0,47,-47
100900073,91,126,-35
100900074,0,22,-22
100900075,1023,35,988
100900076,6,6,0
100900077,86,4,82
100900078,65,134,-69
100900079,1,10,-9
100900080,94,20,74
100900081,36,91,-55
100900082,255,42,213
100900083,2,10,-8
100900085,1,404,-403
100900086,5,238,-233
100900088,161,70,91
100900089,1,7,-6
100900090,25,771,-746
100900091,0,5,-5
100900092,36,108,-72
100900093,269,465,-196
100900094,200,33,167
100900095,8,29,-21
100900096,7,126,-119
100900097,11,0,11
100900098,5,17,-12
100900099,0,169,-169
100900100,0,136,-136
100900101,257,11,246
100900102,2,33,-31
100900103,1,61,-60
100900104,0,66,-66
100900105,3,272,-269
100900106,8,2,6
100900107,1498,532,966
100900108,0,9,-9
100900109,7,37,-30
100900110,5,14,-9
100900111,29,122,-93
100900112,3,29,-26
100900113,10,4,6
100900114,20,15,5
100900115,2,84,-82
100900116,739,288,451
100900117,183,874,-691
100900118,18,7,11
100900119,2,34,-32
100900120,46,18,28
100900121,338,150,188
100900122,20,45,-25
100900123,172,18,154
100900124,0,3,-3
100900125,3,9,-6
100900126,561,99,462
100900127,0,1,-1
100900128,43,356,-313
100900129,0,166,-166
100900131,7,30,-23
100900133,85,7,78
100900134,19,35,-16
100900135,1,247,-246
100900137,156,103,53
100900138,304,241,63
100900139,0,52,-52
100900140,2,76,-74
100900141,0,228,-228
100900142,0,2,-2
100900143,147,463,-316
100900144,0,1,-1
100900145,21,412,-391
100900146,3,7,-4
100900147,10,1429,-1419
100900148,55,73,-18
100900149,4,541,-537
100900150,1,11,-10
100900151,31,262,-231
100900152,77,1,76
100900153,0,276,-276
100900154,3,120,-117
100900155,11,0,11
100900156,4,0,4
100900157,5,453,-448
100900159,4,30,-26
100900160,18,0,18
100900161,9,0,9
100900162,7,172,-165
100900163,50,33,17
100900164,81,5,76
100900165,1,14,-13
100900166,3,1,2
100900167,9,15,-6
100900168,7,71,-64
100900169,6,481,-475
100900170,21,6,15
100900171,2,385,-383
100900172,0,92,-92
100900173,2,89,-87
100900174,12,6,6
100900176,860,101,759
100900177,180,80,100
100900178,130,98,32
100900179,110,160,-50
100900180,0,1,-1
100900181,8,5,3
100900182,26,5,21
100900184,69,99,-30
100900186,261,227,34
100900187,21,23,-2
100900188,13,11,2
100900189,2022,222,1800
100900191,267,819,-552
100900192,35,104,-69
100900195,39,281,-242
100900197,37,63,-26
100900198,7,22,-15
100900199,0,0,0
100900200,366,134,232
100900201,10,593,-583
100900202,26,0,26
100900203,1,44,-43
100900204,41,329,-288
100900205,97,415,-318
100900206,121,184,-63
100900207,315,79,236
100900210,73,35,38
100900211,450,41,409
100900213,102,15,87
100900214,120,130,-10
100900215,32,13,19
100900217,65,87,-22
101000001,1496,2011,-515
101000002,5313,6145,-832
101000003,313,657,-344
101000004,5232,5937,-705
101000005,3484,5344,-1860
101000006,4844,7981,-3137
101000007,1955,3346,-1391
101000009,2101,540,1561
101000010,862,564,298
101000011,807,275,532
101000012,189,307,-118
101000013,292,883,-591
101000014,257,199,58
101000015,2161,1031,1130
101000016,138,461,-323
101000017,125,277,-152
101000018,1066,5074,-4008
101000020,1127,1104,23
101000021,299,707,-408
101000022,5,26,-21
101000023,504,979,-475
101000025,251,575,-324
101000026,447,32,415
101000027,1227,2498,-1271
101000028,610,184,426
101000029,16,810,-794
101000030,445,108,337
101000031,35,480,-445
101000032,1624,3341,-1717
101000033,841,3996,-3155
101000034,524,1846,-1322
101000035,290,205,85
101000036,236,2066,-1830
101000037,482,3471,-2989
101000039,1624,2015,-391
101000040,2018,5357,-3339
101000041,1301,4730,-3429
101000042,50,790,-740
101000043,2227,5292,-3065
101000045,162,739,-577
101000046,483,1554,-1071
101000047,472,3197,-2725
101000048,254,216,38
101000049,290,1480,-1190
101000050,218,1256,-1038
101000051,403,1336,-933
101000052,1323,1149,174
101000053,171,894,-723
101000054,1034,533,501
101000055,761,1172,-411
101000056,2,122,-120
101000057,481,2937,-2456
101000058,464,1646,-1182
101000059,1758,2865,-1107
101000060,1871,740,1131
101000061,159,2022,-1863
101000062,126,798,-672
101000063,103,1220,-1117
101000064,106,1429,-1323
101000065,104,750,-646
101000066,191,1335,-1144
101000067,141,485,-344
101000068,71,188,-117
101000069,88,23,65
101000070,292,467,-175
101000071,2399,815,1584
101000072,320,1513,-1193
101000073,377,955,-578
101000074,1000,1824,-824
101000075,926,1477,-551
101000077,950,1134,-184
101000078,380,546,-166
101000079,581,616,-35
101000080,682,423,259
101000081,1047,891,156
101000082,999,903,96
101000083,2151,1452,699
101000084,725,310,415
101000085,1318,703,615
101000086,624,499,125
101000087,535,498,37
101000088,1517,706,811
101000089,955,1162,-207
101000090,700,400,300
101000091,338,224,114
101000092,1985,339,1646
101000093,1181,306,875
101000094,486,405,81
101000095,459,404,55
101000096,799,240,559
101000097,336,360,-24
101000098,267,361,-94
101000099,248,684,-436
101000100,668,926,-258
101000101,141,714,-573
101000102,269,853,-584
101000103,195,644,-449
101000104,246,491,-245
101000105,241,392,-151
101000106,105,1500,-1395
101000107,129,465,-336
101000108,345,64,281
101000109,724,86,638
101000110,32,142,-110
101000111,40,98,-58
101000113,68,920,-852
101000114,1026,3996,-2970
101000115,3,5,-2
101000116,1,14,-13
101000117,722,166,556
101000119,4,63,-59
101000120,26,94,-68
101000121,35,23,12
101000122,24,85,-61
101000123,22,86,-64
101000124,459,361,98
101000125,162,70,92
101000128,193,1244,-1051
101000130,93,126,-33
101000131,1582,236,1346
101000132,582,287,295
101000135,5,50,-45
101000136,68,125,-57
101000137,5,350,-345
101000141,539,3637,-3098
101000147,1194,231,963
101000148,1048,14,1034
101000149,21,48,-27
101000150,157,166,-9
101000151,401,37,364
101000152,210,201,9
101000153,207,62,145
101000154,431,319,112
101000155,539,149,390
101000156,15,568,-553
101000157,14,121,-107
101000160,11,12,-1
101000163,21,467,-446
101000164,244,67,177
101000165,136,362,-226
101000166,104,155,-51
101000168,959,180,779
101000252,2394,470,1924
101000254,35,33,2
101000258,71,4,67
101000261,52,56,-4
101000262,797,5037,-4240
101000263,201,801,-600
101000265,47,490,-443
101000266,213,162,51
101000269,7,46,-39
101000290,82,2404,-2322
101000293,0,29,-29
101000294,251,292,-41
101000295,323,147,176
101000301,201,621,-420
101000304,1833,3228,-1395
101000305,2144,1242,902
101000328,140,1117,-977
101900001,11,32,-21
101900002,0,2,-2
101900003,24,102,-78
101900004,0,112,-112
101900005,607,3027,-2420
101900006,802,274,528
101900007,209,109,100
101900008,46,215,-169
101900009,18,414,-396
101900010,326,433,-107
101900011,23,1202,-1179
101900012,263,86,177
101900013,260,64,196
101900017,13,95,-82
101900018,860,205,655
101900019,35,140,-105
101900020,39,38,1
101900021,0,23,-23
101900022,136,622,-486
101900023,149,65,84
101900026,53,20,33
101900027,17,78,-61
102000001,2813,5407,-2594
102000002,2093,1389,704
102000003,1292,3589,-2297
102000004,2462,1799,663
102000005,927,2951,-2024
102000006,422,885,-463
102000007,1294,3593,-2299
102000008,3540,1279,2261
102000009,6898,7281,-383
102000010,2789,1843,946
102000011,4060,3310,750
102000012,3127,2009,1118
102000018,2188,2944,-756
102000019,2164,1457,707
102000026,355,278,77
102000029,299,106,193
102000030,103,312,-209
102000031,156,112,44
102000032,638,291,347
102000033,545,242,303
102000034,301,239,62
102000035,547,281,266
102000036,18,151,-133
102000037,108,46,62
102000038,166,118,48
102000039,56,116,-60
102000040,147,140,7
102000041,52,367,-315
102000042,40,248,-208
102000043,53,232,-179
102000044,298,874,-576
102000045,715,573,142
102000046,1091,387,704
102000047,982,455,527
102000048,546,309,237
102000049,808,706,102
102000050,1168,915,253
102000051,124,415,-291
102000052,1028,710,318
102000053,528,651,-123
102000054,704,621,83
102000055,814,117,697
102000056,1554,209,1345
102000057,1515,354,1161
102000058,573,520,53
102000059,674,770,-96
102000060,483,675,-192
102000061,1395,908,487
102000062,1781,586,1195
102000063,887,1191,-304
102000064,382,424,-42
102000065,11,58,-47
102000066,606,343,263
102000067,4617,3795,822
102000068,5845,2944,2901
102000069,86,1720,-1634
102000070,1803,35,1768
102000071,4450,11056,-6606
102000072,1823,2890,-1067
102000073,243,196,47
102000074,588,362,226
102000075,182,52,130
102000076,407,86,321
102000077,661,307,354
102000078,1336,187,1149
102000079,194,30,164
102000080,279,132,147
102000081,122,386,-264
102000082,474,271,203
102000083,778,110,668
102000084,671,96,575
102000085,922,418,504
102000086,1248,469,779
102000087,353,784,-431
102000088,468,96,372
102000089,1259,151,1108
102000090,174,1063,-889
102000091,744,597,147
102000092,224,441,-217
102000093,742,578,164
102000094,290,111,179
102000095,462,686,-224
102000096,243,165,78
102000097,363,180,183
102000098,193,260,-67
102000099,406,469,-63
102000100,98,401,-303
102000101,132,276,-144
102000102,113,926,-813
102000103,2891,273,2618
102000104,481,235,246
102000105,228,306,-78
102000106,808,359,449
102000107,1866,63,1803
102000108,510,383,127
102000109,653,430,223
102000110,1297,330,967
102000111,0,672,-672
102000112,64,169,-105
102000113,1,38,-37
102000114,869,339,530
102000115,154,344,-190
102000116,156,594,-438
102000117,29,592,-563
102000118,611,1850,-1239
102000119,496,867,-371
102000120,205,343,-138
102000121,658,153,505
102000122,371,622,-251
102000123,539,359,180
102000124,1297,825,472
102000125,270,310,-40
102000126,370,489,-119
102000127,866,275,591
102000128,589,756,-167
102000129,929,347,582
102000130,518,719,-201
102000131,285,479,-194
102000132,173,526,-353
102000133,3877,1198,2679
102000134,1212,404,808
102000135,391,525,-134
102000136,594,332,262
102000137,210,136,74
102000138,201,41,160
102000139,34,177,-143
102000140,42,359,-317
102000141,126,280,-154
102000142,190,96,94
102000143,271,76,195
102000144,396,59,337
102000145,285,122,163
102000146,440,142,298
102000147,350,230,120
102000148,100,330,-230
102000149,395,85,310
102000150,717,40,677
102000151,87,53,34
102000152,333,74,259
102000153,525,339,186
102000154,83,132,-49
102000155,38,231,-193
102000156,191,66,125
102000157,23,380,-357
102000158,174,302,-128
102000159,805,1013,-208
102000161,2048,1826,222
102000162,89,111,-22
102000163,106,244,-138
102000164,345,622,-277
102000165,305,204,101
102000166,24,177,-153
102000167,107,184,-77
102000168,149,154,-5
102000169,76,442,-366
102000170,538,111,427
102000171,48,70,-22
102000172,6,289,-283
102000173,286,224,62
102000174,207,37,170
102000175,59,26,33
102000176,13,11,2
102000178,162,361,-199
102000179,369,168,201
102000180,850,152,698
102000181,1091,179,912
102000182,594,390,204
102000183,1611,536,1075
102000184,1851,334,1517
102000185,2616,312,2304
102000186,1718,447,1271
102000187,807,410,397
102000188,1188,980,208
102000189,1006,166,840
102000190,344,1853,-1509
102000191,625,140,485
102000192,1557,1477,80
102000193,162,90,72
102000194,36,258,-222
102000195,696,236,460
102000196,293,223,70
102000197,1213,114,1099
102000198,250,263,-13
102000199,1287,80,1207
102000200,316,276,40
102000201,1822,282,1540
102000202,4,194,-190
102000203,615,49,566
102000204,837,485,352
102000205,1105,689,416
102000206,522,472,50
102000207,542,582,-40
102000208,321,733,-412
102000209,114,123,-9
102000210,971,320,651
102000211,555,115,440
102000212,499,2,497
102000213,4,188,-184
102000214,642,2,640
102000215,11,140,-129
102000216,213,169,44
102000217,7,48,-41
102000218,289,207,82
102000219,176,90,86
102000225,161,1032,-871
102000226,219,246,-27
102000227,169,0,169
102000228,0,34,-34
102000229,98,37,61
102000230,294,160,134
102000231,381,291,90
102000232,20,157,-137
102000233,963,237,726
102000234,66,960,-894
102000236,197,32,165
102000237,904,215,689
102000238,257,201,56
102000240,253,696,-443
102000241,52,62,-10
102000243,3,47,-44
102000245,1,54,-53
102000246,2,59,-57
102000247,162,341,-179
102000248,215,761,-546
102000249,83,74,9
102000250,71,117,-46
102000254,323,89,234
102000266,0,139,-139
102000271,2,0,2
102000286,218,290,-72
102000297,1643,497,1146
102000305,0,0,0
102000307,0,7,-7
102000316,178,44,134
102900001,714,269,445
102900002,166,27,139
102900003,67,41,26
102900005,463,108,355
102900006,504,31,473
102900007,671,0,671
102900008,284,6,278
102900009,115,222,-107
102900010,300,672,-372
102900011,788,262,526
102900012,166,61,105
102900013,82,1,81
102900015,715,310,405
102900016,139,5,134
102900017,174,38,136
102900018,58,37,21
102900019,373,374,-1
102900020,122,14,108
102900021,58,10,48
102900022,18,54,-36
102900023,22,9,13
102900024,15,7,8
102900025,53,11,42
102900026,270,1763,-1493
102900027,20,23,-3
102900028,160,865,-705
102900029,57,235,-178
102900030,341,309,32
102900031,318,45,273
102900032,117,36,81
102900033,75,85,-10
102900034,635,11,624
102900035,175,59,116
102900036,355,65,290
102900037,120,223,-103
102900038,200,103,97
102900039,11,827,-816
102900040,212,228,-16
102900041,86,95,-9
102900042,264,83,181
102900043,413,83,330
102900044,443,924,-481
102900045,152,226,-74
102900046,176,111,65
102900047,160,272,-112
102900048,538,146,392
102900049,31,105,-74
102900050,132,431,-299
102900051,149,319,-170
102900053,199,461,-262
102900054,113,1013,-900
102900055,32,346,-314
102900056,73,141,-68
102900057,6,73,-67
102900058,203,71,132
102900059,13,3,10
102900060,29,175,-146
102900061,188,329,-141
102900062,249,266,-17
102900063,1944,138,1806
102900064,24,341,-317
102900065,527,95,432
102900066,196,1,195
102900068,14,107,-93
102900070,168,143,25
102900072,3,89,-86
102900073,14,0,14
102900075,1,55,-54
102900076,20,19,1
102900077,29,4,25
102900078,7,21,-14
102900079,220,4,216
102900080,389,21,368
102900081,11,81,-70
102900082,18,48,-30
102900083,52,3,49
102900084,1,7,-6
102900085,35,35,0
102900086,7,35,-28
102900087,256,14,242
102900088,21,17,4
102900089,264,95,169
102900090,3,70,-67
102900091,429,2,427
102900092,660,33,627
102900094,0,9,-9
102900095,37,0,37
102900096,127,6,121
102900097,2,9,-7
103000001,1682,1917,-235
103000002,2221,2212,9
103000003,2409,1785,624
103000004,652,365,287
103000005,1064,3680,-2616
103000006,1021,1452,-431
103000007,320,208,112
103000008,853,570,283
103000009,1864,1071,793
103000010,169,32,137
103000011,1021,318,703
103000012,974,1070,-96
103000013,2129,1252,877
103000014,883,1768,-885
103000015,1084,763,321
103000016,529,1454,-925
103000017,196,1006,-810
103000018,460,180,280
103000019,351,583,-232
103000020,1027,1036,-9
103000021,1766,2893,-1127
103000022,529,909,-380
103000023,712,1690,-978
103000024,75,66,9
103000025,85,1198,-1113
103000026,203,128,75
103000027,68,481,-413
103000028,107,137,-30
103000029,91,202,-111
103000030,1772,751,1021
103000031,587,2238,-1651
103000032,1221,724,497
103000033,3124,2136,988
103000034,941,503,438
103000035,101,669,-568
103000036,261,99,162
103000037,314,202,112
103000038,245,552,-307
103000039,590,158,432
103000040,674,279,395
103000041,2299,856,1443
103000042,2027,65,1962
103000043,910,287,623
103000044,195,53,142
103000046,195,469,-274
103000047,653,219,434
103000048,139,242,-103
103000049,62,44,18
103000050,829,85,744
103000051,569,140,429
103000052,645,94,551
103000053,196,192,4
103000054,1555,117,1438
103000055,1324,617,707
103000056,527,583,-56
103000057,1387,66,1321
103000058,768,133,635
103000059,782,268,514
103000060,571,204,367
103000061,840,634,206
103000062,569,45,524
103000063,1101,447,654
103000064,93,41,52
103000065,1,123,-122
103000066,187,2,185
103000069,319,317,2
103000070,549,171,378
103000071,1772,559,1213
103000072,104,295,-191
103000073,1233,29,1204
103000074,826,58,768
103000075,85,318,-233
103000076,208,859,-651
103000077,19,140,-121
103000078,599,1186,-587
103000079,483,630,-147
103000080,194,291,-97
103000081,212,713,-501
103000082,400,108,292
103000083,101,210,-109
103000084,61,1,60
103000085,0,78,-78
103000086,216,384,-168
103000087,78,473,-395
103000088,49,349,-300
103000089,261,693,-432
103000090,3328,865,2463
103000091,942,483,459
103000092,327,123,204
103000093,192,437,-245
103000094,338,77,261
103000095,74,279,-205
103000096,497,6,491
103000097,32,520,-488
103000098,503,48,455
103000099,68,634,-566
103000100,152,258,-106
103000101,1469,92,1377
103000102,58,177,-119
103000103,677,54,623
103000104,179,93,86
103000105,278,88,190
103000106,27,100,-73
103000107,323,77,246
103000108,1434,1524,-90
103000109,375,773,-398
103000110,369,791,-422
103000111,196,648,-452
103000112,183,435,-252
103000113,356,1173,-817
103000114,1534,797,737
103000115,670,493,177
103000116,680,249,431
103000117,414,398,16
103000118,300,225,75
103000119,880,117,763
103000120,57,208,-151
103000121,47,148,-101
103000122,351,706,-355
103000125,14,27,-13
103000126,980,1,979
103000127,2,43,-41
103000128,112,1,111
103000129,1,53,-52
103000130,80,45,35
103000131,30,81,-51
103000132,39,69,-30
103000133,8,56,-48
103000134,94,1004,-910
103000135,460,113,347
103000136,235,279,-44
103000137,152,410,-258
103000138,317,368,-51
103000139,1,36,-35
103000140,80,4,76
103000141,5,128,-123
103000142,58,40,18
103000143,47,74,-27
103000144,169,45,124
103000145,2,37,-35
103000150,58,22,36
103000152,131,472,-341
103000153,63,286,-223
103000156,3,94,-91
103000157,358,0,358
103000159,127,22,105
103000162,7,6,1
103000163,5,38,-33
103000164,0,2,-2
103000165,69,48,21
103000166,215,698,-483
103000167,211,268,-57
103000168,199,96,103
103000169,224,827,-603
103000170,1701,193,1508
103000171,8,79,-71
103000172,605,72,533
103000173,1167,63,1104
103000174,521,234,287
103000175,466,57,409
103000176,683,634,49
103000177,126,542,-416
103000178,44,163,-119
103000179,73,20,53
103000183,516,10,506
103000185,167,75,92
103000186,361,56,305
103000187,1487,50,1437
103000188,27,45,-18
103000189,563,580,-17
103000191,281,117,164
103000292,526,1917,-1391
103000293,330,3117,-2787
103000295,19,137,-118
103000296,51,4,47
103000297,0,9,-9
103000504,5,6,-1
103000505,6,10,-4
103000506,2,35,-33
103000507,194,5,189
103000508,60,25,35
103000509,228,438,-210
103900001,0,4,-4
103900002,423,23,400
103900003,584,31,553
103900004,93,0,93
103900005,2,120,-118
103900006,7,3,4
103900007,136,2,134
103900008,2,0,2
103900009,325,43,282
103900010,239,33,206
103900011,701,32,669
103900012,33,117,-84
103900013,49,6,43
103900014,119,21,98
103900015,112,5,107
103900016,106,74,32
103900017,125,33,92
103900018,92,12,80
103900019,8,177,-169
103900020,286,263,23
103900021,19,22,-3
103900022,400,198,202
103900023,253,1,252
103900024,119,148,-29
103900025,4,7,-3
103900026,1,0,1
103900027,218,123,95
103900028,59,283,-224
103900029,843,64,779
103900030,239,28,211
103900031,63,2,61
103900032,99,75,24
103900033,66,7,59
103900034,50,32,18
103900035,144,43,101
103900036,10,24,-14
103900037,208,40,168
103900038,22,121,-99
103900039,194,58,136
103900040,8,57,-49
103900041,96,14,82
103900042,127,27,100
103900043,346,18,328
103900044,12,595,-583
103900045,313,158,155
103900047,123,3,120
103900048,2,34,-32
103900049,91,664,-573
103900050,15,84,-69
103900051,0,40,-40
103900052,221,209,12
103900053,259,74,185
103900054,228,53,175
103900055,577,139,438
103900056,90,57,33
103900057,280,42,238
103900058,477,67,410
103900059,0,62,-62
103900060,115,22,93
103900061,228,4,224
103900062,744,233,511
103900063,0,0,0
103900064,213,0,213
103900065,53,193,-140
103900066,267,18,249
103900067,348,8,340
103900068,2,0,2
103900069,138,7,131
103900070,70,116,-46
103900071,9,13,-4
103900072,85,44,41
103900073,67,8,59
103900074,100,4,96
103900075,287,12,275
103900076,523,103,420
103900077,7,114,-107
103900078,253,55,198
103900079,62,127,-65
103900080,1,9,-8
103900081,25,20,5
103900082,19,78,-59
103900083,1069,1798,-729
103900084,15,139,-124
103900085,26,73,-47
103900086,1553,123,1430
103900088,228,229,-1
103900089,42,117,-75
103900090,1,43,-42
103900091,399,39,360
103900092,686,368,318
103900093,26,182,-156
103900094,3,22,-19
103900095,130,272,-142
103900096,189,16,173
103900097,12,64,-52
103900098,378,44,334
103900099,362,27,335
103900100,350,27,323
103900101,506,485,21
103900102,2,13,-11
103900104,0,0,0
103900105,15,24,-9
103900106,3,582,-579
103900107,272,16,256
103900108,91,55,36
103900109,209,12,197
103900110,315,11,304
103900111,356,94,262
103900112,27,15,12
103900113,44,26,18
103900114,441,104,337
103900115,75,116,-41
103900116,546,1499,-953
103900117,17,10,7
103900119,10,160,-150
103900120,94,18,76
103900122,193,21,172
103900123,134,660,-526
103900124,59,133,-74
103900125,148,14,134
103900126,643,53,590
103900127,120,60,60
103900128,189,22,167
103900131,6,37,-31
103900133,592,17,575
103900134,1,10,-9
103900135,0,1,-1
103900137,0,23,-23
103900138,326,21,305
103900139,187,3755,-3568
103900140,1,435,-434
103900141,111,17,94
103900142,704,76,628
103900143,336,0,336
103900144,0,25,-25
103900145,127,157,-30
103900146,199,209,-10
103900147,428,42,386
103900148,464,71,393
103900149,271,107,164
103900150,2422,4749,-2327
103900151,5,44,-39
103900152,1256,113,1143
103900153,12,3,9
103900154,155,2098,-1943
103900155,38,38,0
103900156,24,12,12
103900157,261,21,240
103900158,411,0,411
103900159,525,4,521
103900160,14,7,7
103900161,44,69,-25
103900162,47,7,40
103900163,6,183,-177
103900167,0,76,-76
103900168,67,26,41
103900169,10,27,-17
103900170,0,14,-14
103900171,0,15,-15
103900172,2,9,-7
103900173,15,29,-14
103900174,355,7,348
103900175,11,122,-111
103900176,4,28,-24
103900177,1,1,0
103900178,38,0,38
103900179,65,8,57
103900180,5,14,-9
103900181,10,13,-3
103900182,4,20,-16
103900184,86,37,49
103900185,13,1011,-998
103900187,14,118,-104
103900188,112,92,20
103900189,83,0,83
103900190,130,6,124
103900191,42,27,15
103900192,7,19,-12
103900193,7,19,-12
103900194,53,54,-1
103900195,2,195,-193
103900196,50,28,22
103900197,3,29,-26
103900198,14,15,-1
103900199,155,33,122
103900200,267,12,255
103900201,71,2,69
103900202,4,5,-1
103900203,36,49,-13
103900204,0,13,-13
103900207,0,27,-27
103900208,190,0,190
103900209,3,42,-39
103900210,59,88,-29
103900211,896,134,762
103900212,186,52,134
103900213,11,197,-186
103900214,108,368,-260
103900215,37,369,-332
103900216,37,5,32
103900217,314,6,308
103900218,50,367,-317
103900219,396,52,344
103900233,101,5,96
103900235,28,128,-100
103900236,4,1,3
103900242,0,10,-10
103900243,0,14,-14
103900244,59,17,42
103900245,157,44,113
103900246,4,52,-48
103900247,16,28,-12
103900248,0,4,-4
103900249,0,69,-69
103900250,18,8,10
103900251,0,9,-9
103900253,0,66,-66
103900254,0,11,-11
103900255,1,47,-46
103900256,54,29,25
103900257,164,312,-148
103900258,10,14,-4
103900259,21,22,-1
103900261,71,3,68
103900262,40,3,37
103900263,14,48,-34
103900264,12,0,12
103900265,1,1,0
103900266,1,71,-70
103900267,1,39,-38
103900268,99,39,60
103900269,334,64,270
103900270,80,84,-4
103900271,78,87,-9
103900272,71,28,43
103900273,209,1,208
103900274,346,1,345
103900275,86,1,85
103900277,23,5,18
103900278,24,663,-639
103900279,190,215,-25
103900280,21,17,4
103900281,140,62,78
103900282,214,1,213
103900283,236,6,230
103900284,27,38,-11
103900285,54,231,-177
103900286,8,99,-91
103900287,1,105,-104
103900288,1,180,-179
103900289,45,310,-265
103900290,42,2,40
103900291,2,7,-5
103900292,54,4,50
103900293,2,5,-3
103900294,2,53,-51
104000001,2765,1334,1431
104000002,1990,976,1014
104000003,1883,1072,811
104000004,2678,1159,1519
104000005,2359,1426,933
104000006,2369,1530,839
104000007,4181,2806,1375
104000008,180,139,41
104000009,270,137,133
104000010,180,532,-352
104000011,112,90,22
104000012,99,80,19
104000013,222,518,-296
104000014,206,106,100
104000015,497,82,415
104000016,230,106,124
104000018,719,218,501
104000019,612,331,281
104000020,41,195,-154
104000021,377,121,256
104000022,339,367,-28
104000023,1530,280,1250
104000024,232,175,57
104000026,69,96,-27
104000027,302,75,227
104000028,503,352,151
104000029,338,146,192
104000030,538,383,155
104000031,1477,92,1385
104000032,92,69,23
104000033,863,253,610
104000034,196,68,128
104000035,1051,175,876
104000036,1203,223,980
104000037,105,76,29
104000038,403,392,11
104000039,238,39,199
104000040,72,527,-455
104000041,1050,287,763
104000042,190,75,115
104000043,132,146,-14
104000044,163,849,-686
104000045,620,479,141
104000046,523,469,54
104000047,608,493,115
104000048,812,403,409
104000049,611,288,323
104000050,58,447,-389
104000051,200,364,-164
104000052,2718,1867,851
104000053,1508,306,1202
104000054,456,85,371
104000055,1597,1115,482
104000056,639,366,273
104000057,592,132,460
104000058,1148,580,568
104000059,743,814,-71
104000060,1202,879,323
104000061,877,435,442
104000062,655,147,508
104000064,629,207,422
104000065,81,300,-219
104000069,307,1407,-1100
104000070,40,550,-510
104000071,519,132,387
104000072,663,257,406
104000075,12,152,-140
104000076,592,27,565
104000082,1589,2629,-1040
104000083,457,162,295
104000084,90,142,-52
104000085,549,189,360
104000086,274,237,37
104000087,307,1238,-931
104000090,1113,318,795
104000092,1611,380,1231
104000094,615,426,189
104000095,2909,972,1937
104000096,3035,16,3019
104000097,2841,258,2583
104000098,4008,231,3777
104000100,2407,592,1815
104000101,1547,1098,449
104000106,80,439,-359
104000107,358,158,200
104000108,186,127,59
104000109,294,87,207
104000110,623,1151,-528
104000111,1531,4216,-2685
104000112,459,268,191
104000116,1,355,-354
104000117,303,145,158
104000118,1898,145,1753
104000119,1122,225,897
104000120,298,271,27
104000121,237,193,44
104000122,591,327,264
104000123,669,441,228
104000124,211,720,-509
104000125,1074,4293,-3219
104000126,402,333,69
104000127,1181,956,225
104000128,552,90,462
104000129,458,14,444
104000130,12,453,-441
104000131,178,339,-161
104000132,357,752,-395
104000133,1254,490,764
104000134,621,1279,-658
104000135,425,879,-454
104000136,383,1749,-1366
104000137,1348,189,1159
104000138,771,238,533
104000139,1607,1717,-110
104000141,581,266,315
104000142,674,211,463
104000143,769,126,643
104000144,115,183,-68
104000145,246,98,148
104000146,87,316,-229
104000147,87,265,-178
104000148,528,112,416
104000149,125,32,93
104000150,949,225,724
104000151,314,94,220
104000152,570,56,514
104000153,828,392,436
104000154,418,127,291
104000155,299,765,-466
104000157,1165,626,539
104000158,57,199,-142
104000159,654,363,291
104000160,1273,1802,-529
104000161,172,27,145
104000162,102,91,11
104000165,898,498,400
104000167,638,1520,-882
104000168,1164,1,1163
104000169,272,21,251
104000170,97,184,-87
104000248,291,340,-49
104000251,73,112,-39
104000272,0,0,0
104000273,0,0,0
104000274,0,0,0
104000275,0,0,0
104000279,1245,1243,2
104000290,66,199,-133
104000291,499,1001,-502
104000293,1312,1058,254
104000294,204,0,204
104000295,730,547,183
104000296,692,430,262
104000297,1016,1342,-326
104000298,1352,605,747
104000299,1183,436,747
104000302,158,68,90
104000303,156,136,20
104900001,57,84,-27
104900002,30,349,-319
104900003,54,38,16
104900004,42,50,-8
104900005,706,163,543
104900006,774,56,718
104900007,704,54,650
104900009,43,60,-17
104900010,90,4,86
104900011,1,5,-4
104900012,199,46,153
104900013,54,8,46
104900014,877,89,788
104900015,120,5,115
104900016,126,52,74
104900017,69,180,-111
104900018,3,77,-74
104900019,43,4874,-4831
104900020,38,166,-128
104900021,1,35,-34
104900022,1,187,-186
104900023,0,42,-42
104900024,8,314,-306
104900025,47,112,-65
104900026,16,37,-21
104900027,719,187,532
104900028,13,85,-72
104900029,3,14,-11
104900030,387,133,254
104900031,9,104,-95
104900032,8,19,-11
104900033,326,58,268
104900034,267,101,166
104900035,435,167,268
104900036,401,33,368
104900037,116,57,59
104900038,88,2210,-2122
104900039,157,440,-283
104900040,342,16,326
104900041,330,47,283
104900042,174,92,82
104900043,53,508,-455
104900044,859,47,812
104900045,289,23,266
104900046,784,56,728
104900047,320,39,281
104900048,463,19,444
104900049,107,29,78
104900050,911,94,817
104900051,338,20,318
104900052,275,1,274
104900053,581,32,549
104900054,447,67,380
104900055,492,1,491
104900056,410,2,408
104900057,142,1,141
104900058,547,22,525
104900059,143,35,108
104900061,104,52,52
104900063,53,173,-120
104900064,0,89,-89
104900065,2,256,-254
104900066,0,15,-15
104900067,0,344,-344
104900068,60,225,-165
104900070,36,127,-91
104900071,0,180,-180
104900072,25,62,-37
104900073,74,57,17
104900074,56,41,15
104900075,22,15,7
104900076,209,78,131
104900077,252,49,203
104900078,141,85,56
104900079,51,1064,-1013
104900080,169,124,45
104900082,2,139,-137
104900085,7,96,-89
104900089,830,3,827
104900091,220,201,19
104900093,103,112,-9
104900097,823,2954,-2131
104900098,297,40,257
104900099,16,393,-377
104900100,266,87,179
104900102,74,68,6
104900103,221,46,175
104900106,291,51,240
104900107,30,105,-75
104900108,1,200,-199
104900109,157,265,-108
104900110,18,14,4
104900111,211,7,204
104900112,303,61,242
104900113,753,70,683
104900114,717,230,487
104900115,967,69,898
104900116,699,16,683
104900118,4,10,-6
104900119,0,37,-37
104900120,59,1504,-1445
104900121,0,14,-14
104900122,1,33,-32
104900123,323,10,313
104900124,253,1,252
104900125,303,29,274
104900126,25,4,21
104900127,12,9,3
104900128,170,50,120
104900129,393,2486,-2093
105000001,2775,852,1923
105000002,1906,1391,515
105000003,1958,2796,-838
105000004,1229,549,680
105000005,1696,1078,618
105000006,1149,1733,-584
105000007,1414,2096,-682
105000008,542,2160,-1618
105000009,3372,3457,-85
105000010,1774,601,1173
105000011,2622,3410,-788
105000012,1239,1198,41
105000013,951,1196,-245
105000014,3604,2935,669
105000015,5749,11829,-6080
105000016,667,470,197
105000017,1258,848,410
105000018,450,1105,-655
105000019,923,767,156
105000020,16,439,-423
105000021,284,179,105
105000022,69,124,-55
105000023,829,115,714
105000028,11,59,-48
105000029,501,895,-394
105000030,2031,1498,533
105000031,14,31,-17
105000033,945,642,303
105000034,113,1281,-1168
105000037,634,103,531
105000038,636,1096,-460
105000039,418,568,-150
105000040,661,883,-222
105000041,144,296,-152
105000042,1224,750,474
105000043,472,315,157
105000044,650,215,435
105000045,235,123,112
105000046,930,162,768
105000047,392,189,203
105000048,1342,240,1102
105000049,236,343,-107
105000050,1128,413,715
105000051,190,216,-26
105000052,643,850,-207
105000053,106,115,-9
105000054,461,708,-247
105000055,1004,263,741
105000056,2265,1733,532
105000057,1570,634,936
105000058,1052,664,388
105000059,1601,727,874
105000060,630,368,262
105000061,1924,402,1522
105000062,563,541,22
105000063,355,156,199
105000064,3101,619,2482
105000065,366,270,96
105000066,709,543,166
105000067,1841,1027,814
105000068,393,550,-157
105000069,930,3153,-2223
105000070,427,1016,-589
105000071,196,2160,-1964
105000072,1417,8315,-6898
105000073,1214,660,554
105000074,335,298,37
105000075,540,400,140
105000076,1037,724,313
105000077,1819,525,1294
105000078,337,630,-293
105000079,527,1309,-782
105000080,1414,1509,-95
105000081,585,722,-137
105000082,500,1186,-686
105000083,1386,1541,-155
105000084,547,561,-14
105000085,2016,1750,266
105000086,845,813,32
105000087,1527,1402,125
105000088,1958,3165,-1207
105000089,1383,897,486
105000090,320,254,66
105000091,274,299,-25
105000092,319,354,-35
105000093,195,315,-120
105000094,204,94,110
105000095,195,596,-401
105000096,1195,1487,-292
105000097,323,477,-154
105000098,1571,1329,242
105000099,484,698,-214
105000100,2103,734,1369
105000101,2280,617,1663
105000102,1835,806,1029
105000103,1047,872,175
105000104,2442,1124,1318
105000105,1336,1242,94
105000106,2119,492,1627
105000107,1982,465,1517
105000108,1907,520,1387
105000109,3249,456,2793
105000110,1018,187,831
105000111,2183,268,1915
105000112,914,331,583
105000113,535,634,-99
105000114,757,965,-208
105000115,185,2237,-2052
105000116,1552,516,1036
105000117,926,291,635
105000118,1195,243,952
105000119,594,248,346
105000120,2231,371,1860
105000121,1132,322,810
105000122,477,402,75
105000123,485,337,148
105000124,2074,407,1667
105000125,1246,771,475
105000126,1987,918,1069
105000127,3163,863,2300
105000128,684,911,-227
105000129,1566,396,1170
105000130,106,3538,-3432
105000131,257,79,178
105000132,1792,847,945
105000133,293,298,-5
105000134,1719,228,1491
105000135,323,259,64
105000136,80,47,33
105000137,722,93,629
105000138,98,86,12
105000139,650,237,413
105000140,607,146,461
105000141,366,100,266
105000142,382,329,53
105000143,227,264,-37
105000144,347,283,64
105000145,663,135,528
105000146,471,325,146
105000147,732,195,537
105000148,782,584,198
105000149,3396,1148,2248
105000150,1304,336,968
105000151,1219,287,932
105000152,297,378,-81
105000153,1716,273,1443
105000154,789,309,480
105000155,895,221,674
105000156,253,313,-60
105000157,637,513,124
105000158,3803,359,3444
105000159,330,383,-53
105000160,4579,491,4088
105000161,541,331,210
105000162,827,3768,-2941
105000163,743,461,282
105000164,100,237,-137
105000165,601,12511,-11910
105000166,2511,2366,145
105000167,1074,4134,-3060
105000168,320,263,57
105000169,1078,116,962
105000170,536,803,-267
105000171,1380,210,1170
105000172,546,5,541
105000173,913,9,904
105000174,237,11,226
105000175,243,31,212
105000176,818,86,732
105000177,622,274,348
105000178,517,73,444
105000179,1814,57,1757
105000180,610,9,601
105000181,287,108,179
105000182,108,26,82
105000183,1647,2657,-1010
105000184,254,498,-244
105000185,279,910,-631
105000186,524,676,-152
105000187,690,216,474
105000188,78,152,-74
105000189,130,332,-202
105000190,210,148,62
105000191,338,216,122
105000192,317,44,273
105000193,92,53,39
105000194,880,46,834
105000195,341,211,130
105000196,89,439,-350
105000197,103,278,-175
105000198,109,81,28
105000199,59,1088,-1029
105000200,103,533,-430
105000201,77,43,34
105000203,40,68,-28
105000204,62,51,11
105000205,165,68,97
105000207,133,29,104
105000208,117,205,-88
105000209,147,46,101
105000211,713,8,705
105000212,1193,314,879
105000213,24,41,-17
105000214,100,91,9
105000215,199,89,110
105000216,295,54,241
105000217,161,27,134
105000218,2880,664,2216
105000221,104,146,-42
105000222,489,99,390
105000223,767,156,611
105000226,245,77,168
105000227,63,41,22
105000228,46,1161,-1115
105000229,158,680,-522
105000231,366,80,286
105000233,1063,744,319
105000234,236,449,-213
105000235,689,509,180
105000237,1490,91,1399
105000243,85,36,49
105000248,70,98,-28
105000262,547,178,369
105000269,70,135,-65
105000270,756,7,749
105000271,0,159,-159
105000282,24,34,-10
105000287,116,91,25
105000288,1079,582,497
105000289,425,775,-350
105000290,55,14,41
105000402,1046,3046,-2000
105000426,137,219,-82
105000438,573,661,-88
105000440,38,14,24
105000446,4049,2486,1563
105000447,1027,717,310
105000454,754,162,592
105000455,131,80,51
105000474,129,0,129
105000477,1372,438,934
105000478,2365,4708,-2343
105000479,52,114,-62
105000480,3101,5015,-1914
105000481,3813,3302,511
105000482,1389,1663,-274
105000483,1528,2205,-677
105000484,867,957,-90
105000485,730,2354,-1624
105000486,1047,1271,-224
105000488,1488,1011,477
105000489,2137,704,1433
105000549,127,266,-139
105000550,377,463,-86
105000551,2,58,-56
105000552,1431,560,871
105000555,772,1450,-678
105000556,58,41,17
105000557,61,105,-44
105900001,9,1363,-1354
105900002,462,1664,-1202
105900003,21,122,-101
105900004,181,22,159
105900005,8,342,-334
105900006,11,25,-14
105900007,23,17,6
105900008,153,95,58
105900009,48,31,17
105900011,155,12,143
105900012,366,51,315
105900013,4,17,-13
105900014,0,44,-44
105900015,62,163,-101
105900016,693,119,574
105900017,2415,18,2397
105900018,63,72,-9
105900019,77,33,44
105900020,82,25,57
105900021,55,65,-10
105900022,220,73,147
105900023,19,54,-35
105900024,3,241,-238
105900025,471,3,468
105900026,135,11,124
105900027,6645,2748,3897
105900028,244,400,-156
105900029,1562,177,1385
105900030,146,257,-111
105900031,497,103,394
105900032,147,31,116
105900033,158,134,24
105900034,548,66,482
105900035,443,195,248
105900036,77,41,36
105900037,248,15,233
105900038,123,188,-65
105900039,187,51,136
105900040,158,55,103
105900041,120,78,42
105900042,127,230,-103
105900043,455,19,436
105900044,2,403,-401
105900045,0,1792,-1792
105900046,0,67,-67
105900047,16,29,-13
105900048,83,362,-279
105900050,786,3127,-2341
105900051,29,614,-585
105900052,1020,78,942
105900053,2320,4499,-2179
105900054,131,173,-42
105900056,283,537,-254
105900057,1,74,-73
105900058,5,13,-8
105900059,1,179,-178
106000001,1645,2038,-393
106000002,630,1731,-1101
106000003,3152,3709,-557
106000004,1045,1536,-491
106000005,3746,2554,1192
106000006,3112,1067,2045
106000007,555,235,320
106000008,295,173,122
106000009,549,134,415
106000010,177,329,-152
106000011,1803,570,1233
106000012,769,459,310
106000013,1563,924,639
106000014,821,818,3
106000015,2320,470,1850
106000016,1057,647,410
106000017,967,408,559
106000018,416,258,158
106000019,493,254,239
106000020,277,150,127
106000021,427,251,176
106000022,258,80,178
106000023,897,207,690
106000024,377,215,162
106000025,310,202,108
106000026,39,131,-92
106000027,2316,927,1389
106000028,583,298,285
106000029,755,560,195
106000030,133,296,-163
106000034,33,299,-266
106000035,1121,1062,59
106000036,39,366,-327
106000037,773,560,213
106000038,46,180,-134
106000039,22,156,-134
106000040,60,562,-502
106000041,544,260,284
106000043,322,186,136
106000046,248,15,233
106000047,62,231,-169
106000049,1790,129,1661
106000050,184,272,-88
106000051,1297,588,709
106000052,45,107,-62
106000053,619,42,577
106000054,178,98,80
106000055,695,46,649
106000056,140,140,0
106000057,659,69,590
106000058,105,18,87
106000059,571,149,422
106000060,81,156,-75
106000061,110,469,-359
106000062,79,89,-10
106000063,1390,738,652
106000064,8,106,-98
106000065,494,153,341
106000066,100,182,-82
106000067,634,68,566
106000068,159,183,-24
106000069,599,70,529
106000070,333,156,177
106000071,821,68,753
106000072,1839,1029,810
106000073,1110,6332,-5222
106000074,776,599,177
106000075,383,781,-398
106000076,939,1106,-167
106000077,1223,283,940
106000078,1431,195,1236
106000079,897,356,541
106000080,1256,186,1070
106000081,936,419,517
106000082,1234,212,1022
106000083,541,581,-40
106000084,635,294,341
106000085,1202,493,709
106000086,341,262,79
106000087,649,234,415
106000088,344,241,103
106000089,1081,117,964
106000090,457,271,186
106000091,221,364,-143
106000092,949,207,742
106000093,702,26,676
106000094,141,149,-8
106000095,1137,369,768
106000096,1813,213,1600
106000097,1493,430,1063
106000098,1127,241,886
106000099,87,224,-137
106000100,2495,133,2362
106000101,1130,116,1014
106000102,65,346,-281
106000103,221,436,-215
106000104,1188,302,886
106000105,303,354,-51
106000106,1180,118,1062
106000107,256,163,93
106000108,790,65,725
106000109,130,96,34
106000110,560,115,445
106000111,186,109,77
106000112,345,1010,-665
106000113,354,367,-13
106000114,429,1099,-670
106000115,234,273,-39
106000116,502,115,387
106000117,653,319,334
106000118,1552,1167,385
106000119,717,250,467
106000120,1020,1943,-923
106000121,417,150,267
106000122,441,69,372
106000123,1135,30,1105
106000124,295,77,218
106000125,58,100,-42
106000126,717,58,659
106000127,824,249,575
106000128,1860,232,1628
106000129,927,217,710
106000130,1408,193,1215
106000131,215,803,-588
106000132,899,74,825
106000133,920,2049,-1129
106000134,687,4281,-3594
106000135,140,374,-234
106000136,1205,1949,-744
106000137,81,454,-373
106000138,4263,53,4210
106000139,97,41,56
106000140,47,19,28
106000141,113,18,95
106000142,124,25,99
106000143,40,37,3
106000144,117,67,50
106000145,606,41,565
106000146,701,84,617
106000147,1331,222,1109
106000148,2501,453,2048
106000149,923,233,690
106000150,1031,2815,-1784
106000151,2297,388,1909
106000152,784,3353,-2569
106000153,95,1541,-1446
106000154,997,88,909
106000155,205,306,-101
106000156,1914,81,1833
106000157,478,1429,-951
106000158,919,448,471
106000159,1946,2310,-364
106000160,922,4902,-3980
106000161,480,88,392
106000162,530,1885,-1355
106000163,377,55,322
106000164,892,172,720
106000165,150,280,-130
106000166,1823,167,1656
106000167,455,448,7
106000168,1458,123,1335
106000169,297,274,23
106000170,1225,94,1131
106000171,193,634,-441
106000172,2696,745,1951
106000173,709,1215,-506
106000174,1710,145,1565
106000175,239,185,54
106000176,3277,423,2854
106000177,1183,518,665
106000178,3519,552,2967
106000179,762,418,344
106000180,1414,380,1034
106000181,3064,702,2362
106000182,2406,188,2218
106000183,2574,143,2431
106000184,1603,253,1350
106000185,2321,1463,858
106000186,270,36,234
106000187,52,1917,-1865
106000188,0,2,-2
106000189,6,14,-8
106000190,36,2,34
106000191,398,38,360
106000192,0,8,-8
106000193,207,250,-43
106000194,47,250,-203
106000195,78,37,41
106000196,51,268,-217
106000197,791,225,566
106000198,194,134,60
106000199,372,1907,-1535
106000200,304,210,94
106000201,333,9418,-9085
106000202,2065,648,1417
106000203,16,168,-152
106000204,96,1,95
106000205,13,142,-129
106000206,83,25,58
106000207,27,188,-161
106000208,1978,32,1946
106000209,2566,133,2433
106000210,445,263,182
106000211,254,608,-354
106000212,1794,322,1472
106000213,276,761,-485
106000214,1135,139,996
106000215,320,358,-38
106000216,858,167,691
106000217,143,288,-145
106000218,342,68,274
106000219,126,149,-23
106000220,933,98,835
106000221,392,60,332
106000222,202,59,143
106000223,528,46,482
106000224,290,46,244
106000225,112,119,-7
106000226,69,59,10
106000228,18,41,-23
106000229,181,368,-187
106000231,1844,99,1745
106000232,161,163,-2
106000233,896,92,804
106000234,79,475,-396
106000235,329,417,-88
106000236,87,443,-356
106000237,4,16,-12
106000238,0,75,-75
106000239,1,211,-210
106000240,25,14,11
106000241,1,589,-588
106000242,330,24,306
106000249,141,49,92
106000250,36,948,-912
106000251,166,6,160
106000252,28,108,-80
106000253,107,43,64
106000254,179,19,160
106000255,77,185,-108
106000256,84,22,62
106000257,51,132,-81
106000258,72,179,-107
106000259,14,214,-200
106000260,39,5,34
106000261,3,81,-78
106000262,77,4,73
106000263,74,39,35
106000264,291,4,287
106000265,45,95,-50
106000266,152,27,125
106000267,6,61,-55
106000268,286,39,247
106000269,64,31,33
106000270,142,168,-26
106000271,64,59,5
106000272,136,36,100
106000273,18,143,-125
106000274,157,21,136
106000275,184,94,90
106000276,19,12,7
106000277,106,116,-10
106000278,115,3,112
106000279,16,18,-2
106000280,120,8,112
106000281,34,7,27
106000282,90,29,61
106000283,126,13,113
106000284,344,41,303
106000285,112,81,31
106000286,121,38,83
106000287,37,27,10
106000288,140,34,106
106000289,66,39,27
106000290,124,50,74
106000291,98,30,68
106000292,135,47,88
106000293,98,23,75
106000294,97,11,86
106000295,25,32,-7
106000296,7,7,0
106000297,19,116,-97
106000298,20,129,-109
106000299,23,39,-16
106000300,14,45,-31
106000301,19,75,-56
106000303,155,45,110
106000304,69,17,52
106000305,190,26,164
106000306,46,21,25
106000307,342,9,333
106000308,39,28,11
106000309,31,6,25
106000310,237,82,155
106000311,438,66,372
106000312,274,79,195
106000313,395,28,367
106000318,66,305,-239
106000319,1876,412,1464
106000320,3,87,-84
106000321,289,254,35
106000322,357,32,325
106000324,88,98,-10
106000325,2074,316,1758
106000326,560,539,21
106000327,595,36,559
106000328,21,159,-138
106000329,34,270,-236
106000330,15,71,-56
106000428,97,167,-70
106000429,122,214,-92
106000430,229,603,-374
106000431,3034,302,2732
106000432,636,950,-314
106000433,2550,887,1663
106000434,3797,648,3149
106000435,745,926,-181
106000436,6,101,-95
106000437,1259,41,1218
106000438,221,587,-366
106000439,27,807,-780
106000440,384,751,-367
106000441,12,0,12
106000442,595,7,588
106000443,367,96,271
106000450,0,54,-54
106000451,25,229,-204
106000454,1,190,-189
106000455,2,104,-102
106000456,163,25,138
106000457,33,236,-203
106000458,1696,292,1404
106000459,903,94,809
106000460,2786,18,2768
106000461,573,136,437
106000462,2,98,-96
106000463,3,45,-42
106000464,0,384,-384
106000465,1257,3,1254
106000466,0,207,-207
106000467,220,304,-84
106000468,269,63,206
106000469,275,4,271
106000470,170,2643,-2473
106000471,20,205,-185
106000472,451,5,446
106000473,36,3,33
106000474,522,296,226
106000475,1078,201,877
106000476,165,396,-231
106000477,115,54,61
106000480,0,1398,-1398
106900001,0,0,0
106900002,23,74,-51
106900003,6,55,-49
106900004,3,9,-6
106900006,0,5,-5
106900007,0,1,-1
106900008,1164,652,512
106900009,668,49,619
106900010,1405,109,1296
106900012,481,719,-238
106900013,611,3327,-2716
106900014,223,0,223
106900015,45,0,45
106900016,466,19,447
106900017,12,0,12
106900018,32,0,32
106900019,353,8,345
106900020,856,2965,-2109
106900021,403,98,305
106900022,2082,28,2054
106900023,127,608,-481
106900024,890,28,862
106900025,244,186,58
106900026,0,16,-16
106900027,1835,1,1834
106900028,0,0,0
106900029,776,168,608
106900030,0,108,-108
107000001,2902,2873,29
107000002,919,1162,-243
107000003,7553,6019,1534
107000004,1908,941,967
107000005,9779,5395,4384
107000006,1882,1021,861
107000007,3953,5841,-1888
107000008,2252,1577,675
107000009,8411,5742,2669
107000010,3385,2194,1191
107000011,473,364,109
107000012,1225,1089,136
107000013,120,36,84
107000014,102,58,44
107000015,460,240,220
107000016,961,299,662
107000017,474,783,-309
107000018,1,574,-573
107000020,576,547,29
107000021,842,303,539
107000022,1035,1393,-358
107000023,1675,93,1582
107000024,782,1553,-771
107000025,396,160,236
107000026,301,289,12
107000027,1901,382,1519
107000028,1300,400,900
107000029,4010,2365,1645
107000030,1759,875,884
107000031,5674,1871,3803
107000032,200,453,-253
107000033,1525,3102,-1577
107000034,1692,556,1136
107000035,416,125,291
107000036,265,1089,-824
107000037,166,415,-249
107000038,183,71,112
107000039,1012,400,612
107000040,339,115,224
107000041,611,314,297
107000042,347,2138,-1791
107000043,863,455,408
107000044,168,81,87
107000045,43,98,-55
107000046,597,167,430
107000047,317,304,13
107000048,404,131,273
107000049,331,314,17
107000050,599,221,378
107000051,137,203,-66
107000052,695,2326,-1631
107000053,228,575,-347
107000054,10,90,-80
107000055,248,70,178
107000056,460,378,82
107000057,997,61,936
107000058,1830,1526,304
107000059,1499,1564,-65
107000060,6163,3368,2795
107000061,2571,1173,1398
107000062,8389,2452,5937
107000063,2671,1425,1246
107000064,6182,3916,2266
107000065,1334,2098,-764
107000066,1126,2732,-1606
107000067,1280,787,493
107000068,548,690,-142
107000069,1306,667,639
107000070,765,2,763
107000071,5787,45,5742
107000072,5,589,-584
107000073,1351,1033,318
107000074,32,210,-178
107000075,2145,54,2091
107000076,140,430,-290
107000077,3157,213,2944
107000078,441,436,5
107000079,3596,521,3075
107000080,287,555,-268
107000081,4170,412,3758
107000082,307,477,-170
107000083,1476,879,597
107000084,129,461,-332
107000085,2153,2084,69
107000086,2097,1261,836
107000087,2923,1946,977
107000088,2011,1773,238
107000089,1409,1736,-327
107000090,1106,472,634
107000091,1897,535,1362
107000092,583,437,146
107000093,1476,892,584
107000094,790,411,379
107000095,1895,719,1176
107000096,628,314,314
107000097,2212,515,1697
107000098,488,331,157
107000099,651,349,302
107000100,138,161,-23
107000101,79,230,-151
107000102,173,198,-25
107000103,441,225,216
107000104,125,241,-116
107000105,766,393,373
107000106,191,92,99
107000107,1090,127,963
107000108,173,171,2
107000109,1763,133,1630
107000110,164,79,85
107000111,1253,27,1226
107000112,9,39,-30
107000113,1883,69,1814
107000114,55,154,-99
107000115,1193,1214,-21
107000116,76,217,-141
107000117,189,4468,-4279
107000118,62,47,15
107000119,997,1501,-504
107000120,465,1295,-830
107000121,1034,325,709
107000122,508,420,88
107000123,909,278,631
107000124,726,129,597
107000125,1576,303,1273
107000126,2210,138,2072
107000129,250,357,-107
107000130,911,181,730
107000131,196,236,-40
107000132,597,171,426
107000133,330,129,201
107000134,264,0,264
107000135,0,188,-188
107000136,345,3,342
107000137,6,314,-308
107000138,91,15,76
107000139,3,323,-320
107000140,1853,34,1819
107000141,47,779,-732
107000142,574,24,550
107000143,15,1140,-1125
107000144,475,678,-203
107000145,42,495,-453
107000146,129,377,-248
107000147,4066,440,3626
107000150,85,4468,-4383
107000151,1,24,-23
107000152,356,2839,-2483
107000153,44,116,-72
107000154,3,62,-59
107000155,1049,5,1044
107000156,1362,6,1356
107000157,32,281,-249
107000158,1503,7,1496
107000159,3,236,-233
107000160,2282,155,2127
107000161,44,191,-147
107000162,242,790,-548
107000163,359,3,356
107000164,1269,1,1268
107000165,1989,4,1985
107000166,13,154,-141
107000167,1249,235,1014
107000168,1072,475,597
107000169,134,277,-143
107000170,4203,379,3824
107000171,399,343,56
107000172,2123,1982,141
107000173,291,170,121
107000174,1021,6870,-5849
107000175,2071,260,1811
107000176,0,0,0
107000177,2,0,2
107000178,251,6,245
107000179,402,423,-21
107000180,2194,105,2089
107000181,478,285,193
107000182,2521,294,2227
107000183,237,251,-14
107000184,1808,293,1515
107000185,222,438,-216
107000186,794,119,675
107000187,1202,575,627
107000188,619,169,450
107000189,920,343,577
107000190,1004,225,779
107000191,1148,393,755
107000192,1418,158,1260
107000193,286,245,41
107000194,528,166,362
107000197,1047,100,947
107000198,313,305,8
107000199,599,418,181
107000200,875,605,270
107000201,232,170,62
107000202,305,290,15
107000203,430,880,-450
107000204,442,1633,-1191
107000205,525,210,315
107000206,137,542,-405
107000207,293,434,-141
107000208,339,312,27
107000209,305,340,-35
107000210,53,66,-13
107000211,0,26,-26
107000212,7,61,-54
107000213,9,3,6
107000214,26,20,6
107000215,718,98,620
107000216,490,59,431
107000217,207,299,-92
107000219,60,148,-88
107000220,14,113,-99
107000222,293,129,164
107000224,482,94,388
107000225,193,135,58
107000226,928,135,793
107000227,169,101,68
107000228,74,472,-398
107000229,64,207,-143
107000230,732,356,376
107000231,336,728,-392
107000232,103,11,92
107000233,147,327,-180
107000234,3,93,-90
107000235,33,30,3
107000236,6,522,-516
107000237,77,0,77
107000238,30,4,26
107000239,1232,592,640
107000240,74,168,-94
107000243,0,37,-37
107000244,4,71,-67
107000246,0,177,-177
107000249,0,281,-281
107000251,0,54,-54
107000252,0,170,-170
107000255,145,203,-58
107000257,1,587,-586
107000258,5,192,-187
107000259,1,89,-88
107000260,2259,4,2255
107000262,13,127,-114
107000263,808,8,800
107000266,24,29,-5
107000267,23,74,-51
107000268,90,13,77
107000269,24,8,16
107000270,310,38,272
107000271,1,0,1
107000272,150,1,149
107000273,30,149,-119
107000274,253,11,242
107000275,93,893,-800
107000280,1966,10,1956
107000281,36,183,-147
107000282,20,225,-205
107000290,2,28,-26
107000291,8,6,2
107000292,0,61,-61
107000293,55,0,55
107000294,1,192,-191
107000295,15,0,15
107000296,0,32,-32
107000444,208,1,207
107000496,21,7,14
107000497,542,646,-104
107000500,399,109,290
107000501,46,130,-84
107000502,316,257,59
107000505,333,381,-48
107000506,0,1,-1
107000508,1,81,-80
107000509,157,537,-380
107000510,99,48,51
107000514,25,387,-362
107000515,3,61,-58
107000516,534,190,344
107000518,2061,4155,-2094
107000519,459,291,168
107000520,191,38,153
107000521,1695,156,1539
107000522,2730,248,2482
107900001,125,61,64
107900002,26,2,24
107900003,795,23,772
107900004,3,0,3
107900005,4511,42,4469
107900006,150,6,144
107900007,404,24,380
107900008,3,2,1
107900009,75,4,71
107900010,106,0,106
107900012,326,57,269
107900013,153,7,146
107900014,315,0,315
107900015,2749,16,2733
107900016,184,48,136
107900017,107,0,107
107900018,47,381,-334
107900019,7,2,5
107900020,5,28,-23
107900021,228,3,225
107900023,12,1,11
107900024,0,0,0
107900025,215,34,181
107900026,78,6,72
107900027,1,51,-50
107900028,399,3,396
107900030,327,14,313
107900031,83,78,5
107900032,43,16,27
107900033,12,9,3
107900034,313,0,313
107900035,2482,282,2200
107900036,20,39,-19
107900037,0,1,-1
107900038,19,298,-279
107900039,95,6,89
107900040,2,118,-116
107900041,1,1,0
107900043,102,10,92
107900044,1,6,-5
107900045,174,49,125
107900046,483,779,-296
107900047,61,3,58
107900048,488,26,462
107900049,279,961,-682
107900050,21,59,-38
107900051,41,25,16
107900052,5,110,-105
107900053,153,34,119
107900055,305,68,237
107900056,70,183,-113
107900057,3,0,3
107900058,19,257,-238
107900060,11,70,-59
107900061,0,8,-8
107900063,65,46,19
107900064,112,991,-879
107900065,1028,33,995
107900066,37,0,37
107900067,0,0,0
107900068,63,514,-451
107900069,7,4044,-4037
107900070,145,153,-8
107900071,34,109,-75
107900072,239,4,235
107900073,64,100,-36
107900074,153,418,-265
107900076,157,5,152
107900077,119,0,119
107900079,2,16,-14
107900080,114,1109,-995
107900081,18,17,1
107900082,2,19,-17
107900083,522,127,395
107900084,254,36,218
107900086,13,390,-377
107900087,190,8,182
107900088,33,12,21
107900089,135,359,-224
107900090,408,1678,-1270
107900091,38,53,-15
107900093,20,57,-37
107900095,794,802,-8
107900097,31,60,-29
107900098,174,172,2
107900100,171,1691,-1520
107900101,241,8,233
107900102,31,0,31
107900103,20,101,-81
107900104,233,0,233
107900105,0,76,-76
107900106,0,134,-134
107900107,589,242,347
107900108,41,8,33
107900109,2640,54,2586
107900110,96,7,89
107900111,0,117,-117
107900112,37,486,-449
107900113,400,12,388
107900114,214,32,182
107900115,1,10,-9
107900116,356,37,319
107900117,185,188,-3
107900118,7,37,-30
107900119,166,216,-50
107900120,84,4,80
107900121,8,63,-55
107900122,0,43,-43
107900123,13,82,-69
107900124,1,8,-7
107900125,2,59,-57
107900126,26,30,-4
107900127,856,177,679
107900128,15,19,-4
107900129,186,2,184
107900130,182,7,175
107900131,51,66,-15
107900132,10,119,-109
107900133,1,9,-8
107900134,14,15,-1
107900135,2,19,-17
107900136,12,23,-11
107900137,25,19,6
107900138,206,2,204
107900139,119,10,109
107900141,9,6,3
107900142,4,330,-326
107900143,11,14,-3
107900144,1,7,-6
107900145,3,27,-24
107900146,33,32,1
107900147,29,2,27
107900148,130,35,95
107900149,348,15,333
107900150,8,163,-155
107900151,8,5,3
107900152,5,49,-44
107900153,49,102,-53
107900154,90,7,83
107900155,97,9,88
107900156,0,40,-40
107900157,21,13,8
107900158,2174,91,2083
107900159,39,139,-100
107900160,158,10,148
107900161,125,10,115
107900162,0,51,-51
107900163,28,12,16
107900164,64,13,51
107900165,17,377,-360
107900166,28,19,9
107900167,0,26,-26
107900168,121,8,113
107900169,0,589,-589
107900171,1,253,-252
107900172,1,69,-68
107900173,43,24,19
107900174,131,0,131
107900175,2,53,-51
107900176,101,11,90
107900177,0,147,-147
107900178,0,49,-49
107900179,28,44,-16
107900180,149,1301,-1152
107900181,79,110,-31
107900182,1,158,-157
107900183,119,32,87
107900184,226,141,85
107900185,123,3,120
107900186,11,3,8
107900187,0,45,-45
107900188,348,23,325
107900189,17,159,-142
107900190,8,75,-67
107900191,39,55,-16
107900193,5,93,-88
107900194,111,10,101
107900195,784,121,663
107900196,99,19,80
107900197,83,96,-13
107900199,0,250,-250
107900201,36,43,-7
107900203,31,9,22
107900204,129,54,75
107900206,243,857,-614
107900207,0,106,-106
107900208,0,111,-111
107900209,243,95,148
107900210,5,21,-16
107900213,246,101,145
107900214,7,31,-24
107900215,90,202,-112
107900216,0,8,-8
107900217,15,41,-26
107900218,6,522,-516
107900219,53,11,42
107900220,48,94,-46
107900221,19,43,-24
107900223,204,59,145
107900224,27,239,-212
107900225,3,163,-160
107900226,0,11,-11
107900227,80,38,42
107900228,57,22,35
107900229,6,19,-13
107900230,24,9,15
107900231,26,28,-2
107900232,451,16,435
107900233,1,36,-35
107900234,437,29,408
107900235,4,51,-47
107900236,637,45,592
107900237,2,162,-160
107900238,29,6,23
107900239,90,479,-389
107900240,63,4,59
107900241,0,6,-6
107900242,16,26,-10
107900243,0,10,-10
107900244,155,0,155
107900245,1126,40,1086
107900246,217,38,179
107900248,386,46,340
107900249,1308,225,1083
107900250,0,169,-169
107900251,2,389,-387
107900252,713,73,640
107900253,203,20,183
107900254,81,144,-63
107900255,59,18,41
107900256,350,1423,-1073
107900257,325,96,229
107900258,90,48,42
107900259,18,4213,-4195
107900261,0,134,-134
107900262,26,52,-26
107900264,753,41,712
107900265,109,132,-23
107900267,636,2,634
107900268,1,0,1
107900269,1,7,-6
107900270,0,0,0
107900271,0,38,-38
107900272,13,26,-13
107900273,60,25,35
107900274,185,0,185
107900275,18,1,17
107900276,0,2,-2
107900277,0,4,-4
107900278,417,46,371
107900279,7,12,-5
107900280,2376,643,1733
107900281,555,9280,-8725
107900282,25,1338,-1313
107900283,171,780,-609
107900284,903,282,621
107900285,179,23,156
107900286,4,30,-26
107900287,1065,49,1016
107900290,0,931,-931
107900291,451,6,445
107900292,84,53,31
107900293,82,99,-17
107900295,34,15,19
107900297,0,177,-177
107900298,380,346,34
107900299,1054,3194,-2140
107900301,602,385,217
107900302,83,12,71
107900303,709,134,575
107900304,668,50,618
107900305,473,4,469
107900306,0,35,-35
107900307,8,100,-92
107900308,213,44,169
107900309,16,0,16
107900310,11,0,11
107900311,113,194,-81
107900312,24,0,24
107900313,3,115,-112
107900314,10,318,-308
107900315,0,39,-39
107900316,35,1,34
107900317,79,8,71
107900318,2,203,-201
107900319,1,12,-11
107900320,1,89,-88
107900321,249,0,249
107900322,1,21,-20
107900323,3,49,-46
107900324,49,0,49
107900325,248,1,247
107900326,849,66,783
107900327,0,66,-66
107900328,1,0,1
107900329,15,168,-153
107900330,0,30,-30
107900331,762,14,748
107900332,827,10,817
107900333,126,14,112
107900334,2,33,-31
107900335,4,21,-17
107900336,24,28,-4
107900337,315,1573,-1258
107900338,10,53,-43
107900339,1,1,0
107900340,0,168,-168
107900341,33,0,33
107900342,157,18,139
107900343,36,0,36
107900344,2,35,-33
107900345,63,12,51
107900346,12,0,12
107900347,9,0,9
107900348,1,0,1
107900349,17,2,15
107900350,2,58,-56
107900351,34,11,23
107900352,0,25,-25
107900353,57,23,34
107900354,18,19,-1
108000001,4802,2662,2140
108000002,897,915,-18
108000003,2329,1232,1097
108000004,5374,5607,-233
108000005,7167,2907,4260
108000006,2060,1565,495
108000007,5477,2186,3291
108000008,1719,1744,-25
108000009,5943,3164,2779
108000010,1283,1683,-400
108000011,11242,7741,3501
108000012,4569,5074,-505
108000014,414,1085,-671
108000015,901,193,708
108000016,286,365,-79
108000017,1022,172,850
108000018,1717,401,1316
108000019,785,212,573
108000020,1005,197,808
108000021,77,701,-624
108000022,215,288,-73
108000023,1940,270,1670
108000024,429,95,334
108000025,603,102,501
108000026,1198,79,1119
108000027,1227,104,1123
108000028,1161,101,1060
108000029,880,216,664
108000030,471,86,385
108000031,168,322,-154
108000032,3121,361,2760
108000033,343,268,75
108000034,1883,342,1541
108000035,282,540,-258
108000036,193,291,-98
108000037,3326,291,3035
108000038,4976,196,4780
108000039,352,519,-167
108000040,2606,761,1845
108000041,189,562,-373
108000042,803,97,706
108000043,153,107,46
108000044,857,48,809
108000045,156,90,66
108000046,2586,102,2484
108000047,167,222,-55
108000048,52,113,-61
108000049,927,79,848
108000050,80,182,-102
108000051,287,300,-13
108000052,134,130,4
108000053,533,233,300
108000054,180,302,-122
108000055,1092,280,812
108000056,501,608,-107
108000057,764,916,-152
108000058,1364,4516,-3152
108000059,955,528,427
108000060,362,666,-304
108000061,182,223,-41
108000062,1438,316,1122
108000063,415,170,245
108000064,350,108,242
108000065,558,247,311
108000066,1916,837,1079
108000067,3006,684,2322
108000068,1166,253,913
108000069,110,265,-155
108000070,2239,254,1985
108000071,237,417,-180
108000072,1328,393,935
108000073,265,277,-12
108000074,747,323,424
108000075,117,121,-4
108000076,1058,245,813
108000077,294,208,86
108000078,3284,555,2729
108000079,292,320,-28
108000080,2399,361,2038
108000081,424,541,-117
108000082,373,362,11
108000083,2163,398,1765
108000084,156,508,-352
108000085,1412,264,1148
108000086,210,188,22
108000087,127,2234,-2107
108000088,1348,275,1073
108000089,273,233,40
108000091,150,245,-95
108000092,716,127,589
108000093,385,286,99
108000094,1555,132,1423
108000095,178,207,-29
108000096,1088,195,893
108000097,221,285,-64
108000098,2938,700,2238
108000099,1020,151,869
108000100,157,307,-150
108000101,1322,764,558
108000102,980,2464,-1484
108000106,1263,0,1263
108000107,0,121,-121
108000108,716,65,651
108000109,0,221,-221
108000110,790,160,630
108000111,303,311,-8
108000112,22,112,-90
108000113,284,108,176
108000115,181,92,89
108000117,255,185,70
108000118,204,2083,-1879
108000119,378,118,260
108000120,234,1098,-864
108000121,250,219,31
108000122,1215,246,969
108000123,1077,364,713
108000124,407,469,-62
108000125,878,164,714
108000126,398,166,232
108000127,741,628,113
108000128,1010,94,916
108000129,171,398,-227
108000130,762,243,519
108000131,750,74,676
108000132,283,206,77
108000133,1192,104,1088
108000134,303,166,137
108000135,1399,747,652
108000136,332,288,44
108000137,643,88,555
108000138,373,266,107
108000139,687,132,555
108000140,944,6,938
108000141,26,13,13
108000142,14,13,1
108000143,32,118,-86
108000144,1414,52,1362
108000145,70,3,67
108000146,1597,32,1565
108000147,45,1,44
108000148,1254,27,1227
108000149,27,1,26
108000150,51,9,42
108000151,10,13,-3
108000152,68,62,6
108000153,1784,112,1672
108000154,19,4,15
108000155,102,37,65
108000156,565,243,322
108000157,203,3187,-2984
108000158,21,945,-924
108000159,100,169,-69
108000160,1152,1734,-582
108000161,784,4749,-3965
108000165,0,533,-533
108000172,1,235,-234
108000173,272,2322,-2050
108000175,1173,151,1022
108000178,249,65,184
108000179,94,716,-622
108000181,112,9,103
108000182,57,25,32
108000183,2,56,-54
108000184,162,4048,-3886
108000185,265,35,230
108000186,782,122,660
108000187,158,107,51
108000188,1268,118,1150
108000189,572,17719,-17147
108000190,13,53,-40
108000192,236,64,172
108000193,179,7,172
108000194,4,7,-3
108000195,0,410,-410
108000196,112,392,-280
108000198,869,85,784
108000199,0,253,-253
108000200,1231,104,1127
108000203,293,146,147
108000204,198,32,166
108000205,53,133,-80
108000339,381,226,155
108000364,85,275,-190
108000365,90,178,-88
108000367,70,92,-22
108000368,6,37,-31
108000369,264,17,247
108000371,0,199,-199
108000372,1026,15,1011
108000373,167,64,103
108000376,340,10,330
108000377,1219,56,1163
108000378,7208,13460,-6252
108000379,19,131,-112
108000381,234,5,229
108000382,70,0,70
108000383,0,174,-174
108900001,1,86,-85
108900002,158,29,129
108900003,64,176,-112
108900004,36,315,-279
108900007,296,100,196
108900008,165,38,127
108900009,114,197,-83
108900010,498,54,444
108900011,961,99,862
108900012,561,188,373
108900013,93,166,-73
108900014,33,40,-7
108900015,1,23,-22
108900016,1,66,-65
108900017,63,230,-167
108900018,86,99,-13
108900019,36,167,-131
108900020,59,31,28
108900021,80,52,28
108900022,55,0,55
108900023,52,57,-5
108900024,37,14,23
108900025,326,18,308
108900026,8,4,4
108900027,0,26,-26
108900028,82,29,53
108900029,38,93,-55
108900030,0,4,-4
108900031,80,39,41
108900032,1,41,-40
108900033,0,18,-18
108900034,0,25,-25
108900035,119,230,-111
108900038,2,90,-88
108900039,0,47,-47
108900040,7,25,-18
108900041,2342,2499,-157
108900042,3,222,-219
108900043,8,311,-303
108900044,0,55,-55
108900045,96,36,60
108900046,3,84,-81
108900047,37,93,-56
108900048,42,152,-110
108900049,418,3209,-2791
108900050,2,58,-56
108900051,2,36,-34
108900052,22,22,0
108900053,86,651,-565
108900054,37,51,-14
108900055,23,101,-78
108900056,2,13,-11
108900057,1,34,-33
108900058,14,45,-31
108900059,1910,41,1869
108900060,72,115,-43
108900061,13,4,9
108900062,7,40,-33
108900063,44,29,15
108900064,498,3,495
108900065,30,59,-29
108900066,550,19,531
108900067,5,47,-42
108900068,19,51,-32
108900069,78,9,69
108900070,1,30,-29
108900071,185,19,166
108900072,820,124,696
108900073,25,119,-94
108900074,554,43,511
108900075,8,12,-4
108900076,664,19,645
108900077,18,173,-155
108900078,97,5,92
108900079,218,38,180
108900080,3,1075,-1072
108900081,15,77,-62
108900082,95,5,90
108900083,5,206,-201
108900085,721,38,683
108900086,346,28,318
108900087,43,75,-32
108900088,392,502,-110
108900089,33,96,-63
108900090,62,28,34
108900091,106,17,89
108900092,233,298,-65
108900093,55,51,4
108900094,251,39,212
108900095,28,30,-2
108900096,182,9,173
108900097,255,60,195
108900098,609,1213,-604
108900099,526,62,464
108900100,59,36,23
108900101,260,462,-202
108900102,4,1505,-1501
108900103,269,145,124
108900105,2,2793,-2791
108900106,599,51,548
108900108,195,4,191
108900109,1500,54,1446
108900110,167,59,108
108900111,554,56,498
108900113,82,52,30
108900114,468,20,448
108900115,190,175,15
108900116,76,3,73
108900117,509,12,497
108900118,1298,23,1275
108900119,602,12,590
108900120,488,207,281
108900121,218,47,171
108900122,446,31,415
108900123,521,62,459
108900124,1321,79,1242
108900125,1180,15,1165
108900126,258,61,197
108900127,431,8,423
108900128,213,18,195
108900129,2063,93,1970
108900130,981,2,979
108900131,722,4,718
108900132,780,32,748
108900133,391,15,376
108900134,952,59,893
108900135,540,2,538
108900136,15,1,14
108900137,384,1,383
108900138,885,29,856
108900140,1169,27,1142
108900141,813,5,808
108900142,69,20,49
108900143,211,0,211
108900144,217,2,215
108900145,423,6,417
108900146,131,0,131
108900147,560,0,560
108900148,78,12,66
108900150,225,13,212
108900151,55,0,55
108900152,148,0,148
108900153,398,48,350
108900154,7146,172,6974
108900156,285,0,285
108900157,21,88,-67
108900158,855,29,826
108900159,100,96,4
108900160,14,104,-90
108900161,50,313,-263
108900162,317,22,295
108900163,3,448,-445
108900164,78,30,48
108900168,1891,1852,39
108900169,34,63,-29
108900171,1784,3425,-1641
108900172,109,26,83
108900173,30,147,-117
108900174,909,121,788
108900176,32,164,-132
108900177,1447,10564,-9117
108900178,729,5403,-4674
108900180,72,118,-46
108900183,120,71,49
108900184,287,47,240
108900185,26,100,-74
108900186,56,110,-54
108900189,592,18,574
108900190,23,408,-385
108900192,42,63,-21
108900195,72,42,30
108900196,1,143,-142
108900199,181,136,45
108900200,647,397,250
108900201,185,457,-272
108900203,461,66,395
108900204,577,6,571
108900205,318,10,308
108900206,475,73,402
108900207,294,391,-97
108900208,0,118,-118
108900209,85,114,-29
108900210,34,47,-13
108900211,93,460,-367
108900212,30,1968,-1938
108900215,27,165,-138
108900216,102,771,-669
108900217,87,0,87
108900218,23,8,15
108900221,49,35,14
108900224,9,14,-5
108900225,0,75,-75
108900227,187,195,-8
108900230,30,43,-13
108900232,2,55,-53
108900233,419,133,286
108900234,338,141,197
108900235,24,117,-93
108900236,6,125,-119
108900240,106,40,66
108900241,126,29,97
108900245,3,1972,-1969
108900250,166,22,144
108900258,4,22,-18
108900259,0,12,-12
108900260,22,6,16
108900261,23,7,16
108900262,47,46,1
108900263,17,118,-101
108900264,44,60,-16
108900265,202,495,-293
108900266,76,1697,-1621
108900267,1,464,-463
108900268,20,26,-6
108900269,190,9,181
108900270,228,9,219
108900271,111,7,104
108900272,466,11,455
108900273,133,414,-281
108900274,158,18,140
109000001,4232,4712,-480
109000002,641,3614,-2973
109000003,3658,300,3358
109000004,803,1454,-651
109000005,2360,279,2081
109000006,985,712,273
109000007,2398,420,1978
109000008,1287,711,576
109000009,4047,876,3171
109000010,802,1297,-495
109000011,7006,1388,5618
109000012,1340,1419,-79
109000013,6417,5247,1170
109000014,1281,772,509
109000015,4098,18347,-14249
109000016,2203,839,1364
109000017,4181,798,3383
109000018,1054,1036,18
109000019,3264,1134,2130
109000020,1217,894,323
109000023,262,11,251
109000024,2,132,-130
109000025,124,618,-494
109000026,353,228,125
109000027,57,391,-334
109000028,151,10,141
109000029,44,420,-376
109000030,44,275,-231
109000031,504,65,439
109000032,37,294,-257
109000033,695,146,549
109000034,35,56,-21
109000035,35,14,21
109000036,44,226,-182
109000037,454,4886,-4432
109000038,158,107,51
109000039,1155,618,537
109000040,1639,15005,-13366
109000041,806,3616,-2810
109000042,738,2097,-1359
109000044,636,57,579
109000045,288,115,173
109000046,468,31,437
109000047,46,146,-100
109000048,333,259,74
109000049,160,244,-84
109000050,327,196,131
109000051,199,73,126
109000052,335,309,26
109000053,4121,188,3933
109000054,57,326,-269
109000055,387,498,-111
109000056,138,182,-44
109000057,1284,412,872
109000058,243,68,175
109000059,76,1066,-990
109000060,181,552,-371
109000061,206,1471,-1265
109000062,145,304,-159
109000063,223,18,205
109000064,785,39,746
109000065,375,83,292
109000066,606,26,580
109000067,98,70,28
109000068,524,30,494
109000069,509,37,472
109000070,21,765,-744
109000071,275,15,260
109000072,115,204,-89
109000073,113,57,56
109000074,11,104,-93
109000075,90,113,-23
109000076,94,334,-240
109000077,266,55,211
109000078,177,93,84
109000079,121,36,85
109000080,485,59,426
109000081,215,184,31
109000082,1015,62,953
109000083,287,179,108
109000088,222,109,113
109000089,456,121,335
109000090,112,114,-2
109000091,782,66,716
109000092,101,98,3
109000093,486,73,413
109000094,1616,1,1615
109000095,236,148,88
109000096,1538,99,1439
109000097,68,40,28
109000098,51,64,-13
109000099,807,125,682
109000100,489,227,262
109000101,2373,156,2217
109000102,591,199,392
109000103,2276,205,2071
109000104,3611,156,3455
109000105,550,267,283
109000106,2231,232,1999
109000107,437,458,-21
109000108,3042,300,2742
109000109,414,453,-39
109000110,1583,323,1260
109000111,505,634,-129
109000112,209,62,147
109000113,331,181,150
109000114,36,241,-205
109000115,679,51,628
109000116,31,659,-628
109000117,229,25,204
109000118,9,150,-141
109000119,2874,46,2828
109000120,784,161,623
109000121,1508,43,1465
109000122,502,125,377
109000123,140,72,68
109000124,1253,193,1060
109000125,929,157,772
109000126,556,235,321
109000127,3626,120,3506
109000128,664,257,407
109000129,4552,239,4313
109000130,328,355,-27
109000131,2201,988,1213
109000132,330,690,-360
109000133,105,288,-183
109000134,362,338,24
109000135,448,419,29
109000136,212,181,31
109000137,403,171,232
109000138,334,144,190
109000139,662,171,491
109000140,139,268,-129
109000141,1534,285,1249
109000142,104,239,-135
109000143,119,37,82
109000145,47,318,-271
109000146,43,31,12
109000148,949,1377,-428
109000149,12,63,-51
109000150,59,154,-95
109000155,1214,902,312
109000156,740,170,570
109000158,11,226,-215
109000159,99,202,-103
109000160,2273,89,2184
109000161,1088,600,488
109000162,2976,144,2832
109000163,1531,362,1169
109000164,1906,823,1083
109000165,1882,264,1618
109000166,1572,60,1512
109000167,100,200,-100
109000170,34,16,18
109000171,131,10,121
109000172,5,59,-54
109000173,7,129,-122
109000174,404,19,385
109000175,111,164,-53
109000176,646,128,518
109000177,12,47,-35
109000178,1564,105,1459
109000179,1989,7733,-5744
109000180,1831,2891,-1060
109000181,55,5,50
109000182,34,5,29
109000183,91,1,90
109000184,80,9,71
109000185,10,9,1
109000188,234,1178,-944
109000189,3812,1167,2645
109000190,953,222,731
109000191,247,412,-165
109000192,870,59,811
109000193,364,104,260
109000194,372,22,350
109000195,339,36,303
109000196,297,21,276
109000197,311,98,213
109000198,410,29,381
109000199,232,163,69
109000206,160,17,143
109000207,365,13,352
109000208,120,79,41
109000209,122,52,70
109000210,111,233,-122
109000211,2108,293,1815
109000214,365,165,200
109000215,140,13,127
109000216,423,481,-58
109000217,84,74,10
109000218,339,208,131
109000221,149,261,-112
109000222,745,86,659
109000223,837,338,499
109000224,160,48,112
109000225,338,5,333
109000226,108,64,44
109000227,2822,154,2668
109000228,3,274,-271
109000231,5,34,-29
109000232,1154,106,1048
109000236,183,239,-56
109000241,1751,403,1348
109000242,1470,168,1302
109000293,141,131,10
109000361,277,84,193
109000364,24,305,-281
109000396,6,149,-143
109000397,1010,29,981
109000399,130,152,-22
109000400,79,94,-15
109000403,10,2088,-2078
109000406,1275,13,1262
109000407,165,30,135
109000408,1,274,-273
109000410,788,171,617
109000411,545,24,521
109000412,0,62,-62
109900001,199,0,199
109900002,1338,12,1326
109900003,1096,1,1095
109900005,25,5,20
109900006,837,35,802
109900007,2173,65,2108
109900008,0,2,-2
109900009,96,171,-75
109900010,922,66,856
109900011,8,18,-10
109900012,487,126,361
109900013,550,79,471
109900014,168,120,48
109900015,114,13,101
109900016,107,0,107
109900017,262,60,202
109900018,140,23,117
109900019,110,28,82
109900020,65,38,27
109900021,33,0,33
109900022,183,85,98
109900023,23,2,21
109900024,16,0,16
109900025,3,15,-12
109900027,13,19,-6
109900028,292,3855,-3563
109900029,0,118,-118
109900030,58,3,55
109900031,2,718,-716
109900032,6,75,-69
109900033,1,174,-173
109900034,7,1,6
109900035,209,256,-47
109900036,3,145,-142
109900037,1,149,-148
109900038,107,71,36
109900039,0,0,0
109900040,25,92,-67
109900041,24,96,-72
109900042,40,509,-469
109900044,106,315,-209
109900045,103,29,74
109900046,278,34,244
109900047,158,149,9
109900048,2,59,-57
109900049,50,21,29
109900050,1,8,-7
109900051,0,1,-1
109900052,68,177,-109
109900053,0,26,-26
109900054,1703,70,1633
109900055,178,71,107
109900056,40,216,-176
109900057,0,47,-47
109900058,0,23,-23
109900060,1412,43,1369
109900061,109,80,29
109900062,0,63,-63
109900064,875,36,839
109900065,20,18,2
109900066,123,265,-142
109900067,0,62,-62
109900068,125,2,123
109900069,1,15,-14
109900071,0,4,-4
109900072,2,27,-25
109900073,802,95,707
109900074,0,21,-21
109900075,61,29,32
109900076,55,45,10
109900077,9,34,-25
109900078,38,25,13
109900080,113,42,71
109900081,0,120,-120
109900082,89,64,25
109900083,4,6,-2
109900084,44,101,-57
109900085,82,121,-39
109900086,109,1667,-1558
109900087,24,186,-162
109900089,688,111,577
109900092,231,119,112
109900093,1451,124,1327
109900094,70,43,27
109900095,42,64,-22
109900096,236,0,236
109900097,234,1,233
109900098,926,14,912
109900099,764,1,763
109900100,126,1,125
109900101,1176,3,1173
109900102,644,31,613
109900103,53,79,-26
109900104,1845,50,1795
109900105,776,21,755
109900106,491,14,477
109900107,734,20,714
109900108,70,80,-10
109900109,18,37,-19
109900111,29,162,-133
109900114,257,1213,-956
109900115,257,67,190
109900117,2364,71,2293
109900121,126,84,42
109900123,40,44,-4
109900125,0,51,-51
109900126,723,5,718
109900130,1946,4555,-2609
109900131,39,23,16
109900132,3,36,-33
109900134,18,59,-41
109900135,306,31,275
109900137,277,104,173
109900140,98,53,45
109900149,19,13,6
109900150,0,7,-7
109900151,0,1,-1
109900152,0,25,-25
109900153,0,22,-22
109900154,2,0,2
109900155,28,30,-2
109900157,33,45,-12
109900159,91,10,81
109900161,457,11,446
109900162,229,34,195
109900163,219,42,177
109900164,56,92,-36
109900165,372,1,371
109900166,0,87,-87
109900167,221,159,62
109900168,92,198,-106
109900169,227,122,105
109900170,191,1864,-1673
109900171,506,47,459
109900172,397,395,2
109900173,876,2304,-1428
109900174,18,44,-26
109900175,90,107,-17
109900176,93,52,41
109900177,23,21,2
109900178,0,107,-107
109900179,3,3,0
109900180,2,3,-1
110000001,555,176,379
110000002,545,315,230
110000003,452,347,105
110000004,193,330,-137
110000005,167,2559,-2392
110000006,329,183,146
110000007,106,46,60
110000008,3,407,-404
110000009,29,13,16
110000010,46,138,-92
110000011,70,37,33
110000012,432,108,324
110000013,36,762,-726
110000014,603,375,228
110000015,109,731,-622
110000016,264,1773,-1509
110000017,1942,215,1727
110000018,1897,400,1497
110000019,23,43,-20
110000020,952,434,518
110000021,154,123,31
110000022,1210,107,1103
110000023,1,59,-58
110000024,370,82,288
110000025,2061,8,2053
110000026,1,151,-150
110000027,542,1259,-717
110000028,1309,267,1042
110000029,384,254,130
110000030,433,509,-76
110000031,304,142,162
110000032,1304,90,1214
110000033,150,106,44
110000034,1009,282,727
110000035,551,317,234
110000036,1957,367,1590
110000037,235,132,103
110000038,407,846,-439
110000039,859,8586,-7727
110000040,261,292,-31
110000041,421,3386,-2965
110000042,105,381,-276
110000043,657,281,376
110000044,9,377,-368
110000045,175,28,147
110000046,7,138,-131
110000047,10,23,-13
110000048,2,223,-221
110000049,5,10,-5
110000050,1,145,-144
110000051,66,54,12
110000052,75,46,29
110000053,8,5,3
110000054,42,526,-484
110000055,66,95,-29
110000056,40,123,-83
110000057,206,181,25
110000058,937,199,738
110000059,534,314,220
110000060,1143,473,670
110000061,275,239,36
110000062,423,379,44
110000063,53,404,-351
110000064,104,7,97
110000065,247,211,36
110000066,43,2,41
110000067,17,23,-6
110000068,450,16,434
110000069,1064,8,1056
110000071,1298,9,1289
110000073,51,8,43
110000075,82,20,62
110000076,543,628,-85
110000077,170,1730,-1560
110000078,134,9,125
110000080,168,153,15
110000081,39,252,-213
110000082,15,295,-280
110000083,188,190,-2
110000084,1615,834,781
110000085,495,805,-310
110000086,611,1737,-1126
110000087,51,20,31
110000088,201,140,61
110000089,558,30,528
110000090,237,461,-224
110000091,452,103,349
110000092,27,29,-2
110000093,13,22,-9
110000094,457,66,391
110000095,67,509,-442
110000096,774,2803,-2029
110000097,712,1703,-991
110000098,1482,318,1164
110000099,1152,1339,-187
110000100,2763,124,2639
110000101,227,86,141
110000102,86,49,37
110000104,388,139,249
110000105,77,231,-154
110000106,364,469,-105
110000107,126,144,-18
110000108,146,192,-46
110000109,206,151,55
110000110,919,2172,-1253
110000111,2215,2579,-364
110000112,122,955,-833
110000113,58,3303,-3245
110000114,898,716,182
110000115,1130,119,1011
110000116,117,60,57
110000117,583,108,475
110000118,1104,74,1030
110000119,884,101,783
110000120,460,82,378
110000121,66,411,-345
110000122,203,129,74
110000123,488,93,395
110000124,2,301,-299
110000125,654,2,652
110000126,193,4,189
110000127,993,18,975
110000128,26,248,-222
110000129,4,148,-144
110000130,262,102,160
110000131,51,117,-66
110000132,2,142,-140
110000133,34,446,-412
110000134,13,371,-358
110000135,254,15,239
110000136,70,63,7
110000137,900,109,791
110000138,880,131,749
110000139,1941,210,1731
110000140,656,483,173
110000143,468,240,228
110000144,1181,1036,145
110000145,1561,1020,541
110000146,926,355,571
110000147,214,789,-575
110000148,1091,156,935
110000151,421,628,-207
110000152,166,375,-209
110000153,419,10,409
110000154,31,74,-43
110000155,279,1040,-761
110000156,776,527,249
110000157,770,1786,-1016
110000160,319,143,176
110000161,179,156,23
110000166,1329,87,1242
110000167,2012,744,1268
110000168,535,835,-300
110000169,717,330,387
110000170,174,112,62
110000171,399,87,312
110000172,384,255,129
110000173,297,320,-23
110000174,97,154,-57
110000175,1658,152,1506
110000176,47,1164,-1117
110000177,184,2337,-2153
110000178,278,4075,-3797
110000179,649,222,427
110000180,603,234,369
110000181,1469,219,1250
110000182,399,87,312
110000183,3609,7412,-3803
110000184,168,3717,-3549
110000185,306,609,-303
110000186,319,1683,-1364
110000191,1717,48,1669
110000192,1127,20,1107
110000193,1869,6,1863
110000194,1,746,-745
110000195,798,80,718
110000196,910,69,841
110000197,149,33,116
110000198,87,31,56
110000199,42,110,-68
110000200,492,765,-273
110000201,1225,1600,-375
110000202,1098,392,706
110000203,176,220,-44
110000204,1,88,-87
110000205,496,36,460
110000206,182,222,-40
110000207,2228,143,2085
110000208,107,280,-173
110000209,26,100,-74
110000210,1694,379,1315
110000211,783,428,355
110000212,528,1577,-1049
110000213,509,11,498
110000214,608,53,555
110000215,161,48,113
110000216,183,48,135
110000217,897,66,831
110000218,361,29,332
110000219,741,28,713
110000220,14,58,-44
110000221,710,12,698
110000222,60,76,-16
110000223,28,76,-48
110000224,2,9,-7
110000225,173,509,-336
110000226,382,30,352
110000227,514,829,-315
110000228,367,39,328
110000229,1,60,-59
110000230,592,479,113
110000231,365,574,-209
110000232,130,92,38
110000233,103,324,-221
110000234,352,321,31
110000235,571,593,-22
110000236,717,322,395
110000237,2614,1006,1608
110000238,833,601,232
110000239,2231,472,1759
110000240,0,20,-20
110000242,0,10,-10
110000243,338,89,249
110000244,27,108,-81
110000245,18,165,-147
110000246,1669,307,1362
110000247,1082,1072,10
110000248,798,318,480
110000249,186,10,176
110000250,18,222,-204
110000251,569,120,449
110000252,640,159,481
110000253,2259,257,2002
110000254,879,200,679
110000255,225,272,-47
110000256,517,139,378
110000257,294,137,157
110000258,0,193,-193
110000259,543,20,523
110000260,138,47,91
110000263,792,49,743
110000264,1022,162,860
110000265,1289,1121,168
110000266,811,1117,-306
110000267,9,32,-23
110000268,190,81,109
110000269,0,39,-39
110000270,76,0,76
110000271,1264,116,1148
110000272,861,733,128
110000273,867,425,442
110000274,183,4219,-4036
110000275,854,782,72
110000276,234,1189,-955
110000277,550,371,179
110000278,439,619,-180
110000279,793,239,554
110000280,924,199,725
110000281,133,90,43
110000282,100,11,89
110000283,10,52,-42
110000284,12,6,6
110000285,0,74,-74
110000286,23,0,23
110000287,61,10,51
110000288,3,46,-43
110000289,349,3445,-3096
110000290,185,809,-624
110000291,1577,617,960
110000292,463,9719,-9256
110000293,587,204,383
110000294,2149,2666,-517
110000295,151,252,-101
110000296,1058,207,851
110000297,3315,106,3209
110000298,54,217,-163
110000299,198,28,170
110000301,503,27,476
110000302,764,1212,-448
110000303,1149,3,1146
110000304,275,359,-84
110000305,2259,18,2241
110000306,562,426,136
110000307,3679,5,3674
110000308,537,1,536
110000309,4,467,-463
110000310,1233,21,1212
110000311,3,225,-222
110000312,591,42,549
110000313,2476,672,1804
110000314,2,43,-41
110000315,927,823,104
110000316,226,727,-501
110000317,121,638,-517
110000318,8,60,-52
110000319,7,4,3
110000320,13,46,-33
110000321,62,35,27
110000322,185,211,-26
110000323,1124,117,1007
110000324,1476,1001,475
110000325,1157,5459,-4302
110000327,354,67,287
110000328,34,244,-210
110000333,1127,1516,-389
110000334,174,743,-569
110000335,628,141,487
110000336,390,1116,-726
110000337,1975,505,1470
110000338,612,510,102
110000339,672,120,552
110000340,23,184,-161
110000341,679,154,525
110000342,43,2,41
110000343,0,1,-1
110000344,42,620,-578
110000345,139,479,-340
110000346,985,1394,-409
110000347,1182,286,896
110000348,48,13,35
110000349,11,10,1
110000350,118,0,118
110000351,1680,266,1414
110000352,563,1942,-1379
110000353,2205,266,1939
110000354,734,4670,-3936
110000355,320,16,304
110000356,304,5,299
110000357,934,12,922
110000361,41,6,35
110000362,372,9,363
110000363,887,49,838
110000364,360,192,168
110000365,117,0,117
110000366,1,102,-101
110000367,822,79,743
110000368,2,70,-68
110000369,73,0,73
110000373,1,419,-418
110000374,101,60,41
110000375,139,776,-637
110000376,26,73,-47
110000377,114,228,-114
110000378,9,392,-383
110000379,1010,3337,-2327
110000380,164,3,161
110000383,0,518,-518
110000384,871,92,779
110000385,0,29,-29
110000387,243,6,237
110000388,84,113,-29
110000389,729,0,729
110000391,1150,417,733
110000396,363,44,319
110000397,58,38,20
110000398,26,15,11
110000399,385,49,336
110000587,267,142,125
110000589,300,51,249
110000640,132,4,128
110000652,8,283,-275
110000653,606,97,509
110000654,1,180,-179
110000656,0,151,-151
110000674,38,5,33
110000675,1,13,-12
110000676,1,10,-9
110000679,65,1026,-961
110000682,191,252,-61
110000683,333,110,223
110000684,1,26,-25
110000685,1,13,-12
110000686,1,109,-108
110000687,8,3,5
110000688,34,1638,-1604
110000689,50,6,44
110000692,14,91,-77
110000693,14,342,-328
110000694,0,73,-73
110000695,100,388,-288
110000696,59,5,54
110000698,38,282,-244
110000699,64,97,-33
110900001,363,24,339
110900002,294,145,149
110900003,2819,67,2752
110900004,797,35,762
110900005,811,5797,-4986
110900006,98,76,22
110900007,294,196,98
110900008,2,22,-20
110900009,343,1090,-747
110900010,1,5,-4
110900011,21,24,-3
110900012,9,21,-12
110900013,1252,61,1191
110900014,518,35,483
110900015,157,420,-263
110900016,161,43,118
110900017,803,25,778
110900018,445,11,434
110900019,846,17,829
110900020,385,22,363
110900021,171,152,19
110900022,64,43,21
110900023,10,151,-141
110900024,231,81,150
110900025,4,37,-33
110900027,28,25,3
110900028,16,52,-36
110900029,18,61,-43
110900030,23,38,-15
110900031,27,77,-50
110900032,0,17,-17
110900033,8,82,-74
110900035,1,337,-336
110900036,287,3,284
110900037,181,2,179
110900038,244,55,189
110900039,1,153,-152
110900040,266,3,263
110900041,0,9,-9
110900042,83,31,52
110900043,13,28,-15
110900044,86,25,61
110900045,121,139,-18
110900046,3,99,-96
110900047,120,504,-384
110900049,221,42,179
110900050,62,0,62
110900052,4,276,-272
110900053,211,7,204
110900054,15,116,-101
110900055,23,0,23
110900056,45,42,3
110900057,9,107,-98
110900058,383,44,339
110900059,303,129,174
110900060,291,17,274
110900061,25,16,9
110900062,216,67,149
110900063,37,43,-6
110900064,0,0,0
110900065,42,60,-18
110900066,5,24,-19
110900067,68,572,-504
110900068,177,32,145
110900069,2,1,1
110900070,139,15,124
110900071,54,1347,-1293
110900073,0,2,-2
110900074,1030,89,941
110900075,871,50,821
110900077,1991,247,1744
110900078,218,18,200
110900079,710,597,113
110900080,228,43,185
110900081,26,15,11
110900082,245,24,221
110900083,167,7,160
110900084,215,12,203
110900085,4,54,-50
110900086,58,274,-216
110900087,380,137,243
110900088,1,0,1
110900090,55,88,-33
110900091,1,14,-13
110900093,213,25,188
110900095,17,8,9
110900097,32,7,25
110900098,6,12,-6
110900099,5,70,-65
110900100,0,3,-3
110900102,23,2,21
110900105,467,40,427
110900108,13,15,-2
110900111,472,30,442
110900112,487,8,479
110900113,252,152,100
110900115,0,22,-22
110900116,2316,485,1831
110900118,46,5044,-4998
110900119,1017,74,943
110900120,336,61,275
110900121,56,0,56
110900122,541,125,416
110900125,289,1059,-770
110900127,209,742,-533
110900128,50,332,-282
110900129,70,805,-735
110900130,159,317,-158
110900131,439,288,151
110900132,741,12,729
110900133,60,472,-412
110900135,22,68,-46
110900136,557,25,532
110900139,3,0,3
110900140,1,0,1
110900141,303,234,69
110900142,49,32,17
110900143,499,15,484
110900144,0,100,-100
110900145,261,127,134
110900146,109,399,-290
110900147,44,235,-191
110900148,1,179,-178
110900149,5,38,-33
110900150,25,3,22
110900151,1,21,-20
110900152,32,29,3
110900153,334,10,324
111000001,2214,1002,1212
111000002,763,384,379
111000003,4301,1537,2764
111000004,771,785,-14
111000005,2142,2076,66
111000006,638,1632,-994
111000007,3544,8005,-4461
111000008,2635,3884,-1249
111000009,395,740,-345
111000010,1576,393,1183
111000011,133,685,-552
111000012,394,483,-89
111000013,566,1285,-719
111000014,2617,491,2126
111000017,12,664,-652
111000018,52,295,-243
111000020,254,718,-464
111000021,14,78,-64
111000023,127,250,-123
111000025,2105,4363,-2258
111000029,93,109,-16
111000030,34,51,-17
111000031,1115,330,785
111000032,495,323,172
111000033,171,60,111
111000034,36,135,-99
111000037,746,228,518
111000038,1670,846,824
111000039,1517,668,849
111000040,1193,546,647
111000041,327,272,55
111000042,1365,2027,-662
111000043,1333,7134,-5801
111000044,1665,329,1336
111000045,3266,1010,2256
111000046,2613,796,1817
111000047,2515,5813,-3298
111000049,306,215,91
111000050,818,395,423
111000051,534,403,131
111000052,424,1001,-577
111000053,200,198,2
111000054,250,291,-41
111000055,469,913,-444
111000056,277,643,-366
111000057,203,145,58
111000058,1123,65,1058
111000059,870,284,586
111000060,6458,838,5620
111000061,981,152,829
111000062,1280,493,787
111000063,1076,1132,-56
111000064,978,282,696
111000065,1192,378,814
111000066,1066,212,854
111000067,1680,139,1541
111000068,1236,221,1015
111000069,1002,1121,-119
111000070,681,393,288
111000071,186,162,24
111000072,1719,665,1054
111000073,232,2140,-1908
111000074,1486,969,517
111000075,596,258,338
111000076,766,286,480
111000077,1028,463,565
111000078,1405,210,1195
111000079,651,529,122
111000080,642,270,372
111000081,1180,6780,-5600
111000082,1048,199,849
111000084,803,244,559
111000085,1059,681,378
111000086,1373,681,692
111000087,738,270,468
111000088,2289,5359,-3070
111000089,841,416,425
111000090,321,517,-196
111000091,720,175,545
111000092,2824,413,2411
111000093,1354,1194,160
111000094,1910,935,975
111000095,1039,3139,-2100
111000096,685,8311,-7626
111000097,1501,437,1064
111000098,158,379,-221
111000099,332,669,-337
111000100,501,402,99
111000101,252,295,-43
111000102,346,232,114
111000104,1229,49,1180
111000107,132,193,-61
111000109,1202,101,1101
111000110,1664,310,1354
111000111,4968,79,4889
111000112,3041,189,2852
111000113,721,3144,-2423
111000114,1017,6836,-5819
111000115,1738,479,1259
111000116,590,298,292
111000117,204,464,-260
111000118,697,611,86
111000119,1779,294,1485
111000120,858,513,345
111000121,305,747,-442
111000122,334,356,-22
111000123,1102,655,447
111000124,181,876,-695
111000125,208,495,-287
111000126,70,202,-132
111000127,1641,90,1551
111000128,4177,174,4003
111000129,4350,251,4099
111000130,3805,212,3593
111000131,3686,179,3507
111000132,2918,2560,358
111000133,216,19,197
111000134,143,40,103
111000135,109,133,-24
111000136,473,80,393
111000138,94,3,91
111000140,0,3,-3
111000141,163,237,-74
111000142,2,32,-30
111000143,5,232,-227
111000144,3,334,-331
111000145,45,4,41
111000146,207,2,205
111000147,85,11,74
111000148,124,98,26
111000149,2,51,-49
111000150,133,2,131
111000151,1,26,-25
111000153,281,177,104
111000154,194,51,143
111000155,101,48,53
111000156,372,163,209
111000157,189,267,-78
111000158,800,327,473
111000159,1714,539,1175
111000160,428,116,312
111000161,8,148,-140
111000162,0,39,-39
111000163,1212,640,572
111000164,301,2420,-2119
111000165,564,137,427
111000166,196,64,132
111000167,135,178,-43
111000168,143,185,-42
111000169,291,119,172
111000170,133,118,15
111000171,378,271,107
111000172,172,246,-74
111000173,292,289,3
111000174,410,98,312
111000175,30,137,-107
111000176,1071,35,1036
111000177,1517,85,1432
111000178,2506,80,2426
111000179,693,32,661
111000180,228,172,56
111000181,2529,106,2423
111000182,318,152,166
111000183,340,587,-247
111000184,448,48,400
111000185,286,181,105
111000186,155,595,-440
111000187,133,62,71
111000188,378,240,138
111000189,138,115,23
111000190,204,84,120
111000191,165,92,73
111000192,186,179,7
111000193,240,95,145
111000194,49,116,-67
111000195,116,93,23
111000196,82,25,57
111000197,1198,74,1124
111000198,918,16,902
111000199,568,484,84
111000200,1142,808,334
111000201,1465,36,1429
111000202,650,60,590
111000203,665,242,423
111000204,209,2097,-1888
111000213,317,238,79
111000214,1243,461,782
111000215,1006,362,644
111000217,1554,115,1439
111000218,2380,365,2015
111000219,264,91,173
111000220,559,406,153
111000221,183,6,177
111000224,60,158,-98
111000225,595,405,190
111000226,81,5,76
111000227,26,1,25
111000228,23,693,-670
111000229,2,1730,-1728
111000230,129,72,57
111000231,795,98,697
111000232,1084,669,415
111000233,2548,300,2248
111000234,356,455,-99
111000239,68,18,50
111000240,44,615,-571
111000241,60,117,-57
111000242,358,30,328
111000243,250,167,83
111000244,1618,80,1538
111000245,656,241,415
111000246,642,81,561
111000247,619,193,426
111000248,843,127,716
111000249,464,80,384
111000250,66,19,47
111000251,67,40,27
111000253,14,13,1
111000255,103,5,98
111000257,66,8,58
111000260,53,400,-347
111000261,2477,31,2446
111000271,44,132,-88
111000273,1917,612,1305
111000274,962,2572,-1610
111000275,235,17,218
111000276,141,344,-203
111000277,245,118,127
111000278,321,87,234
111000291,2049,15518,-13469
111000298,525,97,428
111000299,932,92,840
111000300,59,248,-189
111000302,476,13,463
111000303,70,82,-12
111000312,68,16,52
111000315,5,121,-116
111000320,248,152,96
111000321,482,120,362
111000322,681,88,593
111000323,581,41,540
111000324,204,49,155
111000325,24,18,6
111000326,117,138,-21
111000327,309,195,114
111000328,419,450,-31
111000329,3,21,-18
111000330,303,6,297
111000331,76,1,75
111000332,256,445,-189
111000334,139,744,-605
111000335,1737,255,1482
111000337,3303,108,3195
111000338,155,22,133
111000339,1190,58,1132
111000340,80,666,-586
111000341,2600,1718,882
111000342,109,599,-490
111000344,1297,232,1065
111000345,37,82,-45
111000346,45,83,-38
111000347,309,4,305
111000350,138,86,52
111000351,89,251,-162
111000352,179,67,112
111000353,169,116,53
111000354,541,115,426
111000355,409,187,222
111000358,136,295,-159
111000360,181,101,80
111000361,238,102,136
111000546,1492,211,1281
111000547,655,196,459
111000548,294,71,223
111000549,320,35,285
111000550,14,1358,-1344
111000551,169,27,142
111000552,438,139,299
111000907,3661,33,3628
111000908,70,7,63
111000916,3628,169,3459
111000917,64,320,-256
111000918,192,259,-67
111000920,1463,7,1456
111000921,0,55,-55
111000922,1677,47,1630
111000924,34,165,-131
111000925,5944,2176,3768
111000926,1393,1214,179
111000927,1712,4861,-3149
111000928,2781,1063,1718
111000929,1932,512,1420
111000930,1358,1602,-244
111000931,1817,667,1150
111000932,1756,643,1113
111000933,2712,2550,162
111000934,801,636,165
111000935,3306,887,2419
111000936,861,530,331
111000937,1408,966,442
111000938,946,539,407
111000939,1247,33,1214
111000940,1365,16,1349
111000941,615,130,485
111000943,961,54,907
111000944,198,95,103
111000945,428,496,-68
111001109,454,950,-496
111001110,130,74,56
111001111,230,3,227
111001112,136,43,93
111001113,1,148,-147
111001114,540,105,435
111001115,14,749,-735
111001116,1644,8147,-6503
111001117,320,3680,-3360
111001120,93,74,19
111001121,110,39,71
111001122,513,77,436
111001123,749,82,667
111001124,237,45,192
111001125,18,1152,-1134
111001126,0,0,0
111001127,0,27,-27
111001128,1735,269,1466
111900001,0,23,-23
111900002,0,51,-51
111900003,0,70,-70
111900004,1,42,-41
111900006,24,108,-84
111900007,429,4,425
111900008,562,1,561
111900009,512,1,511
111900010,21,46,-25
111900012,27,9,18
111900013,32,6,26
111900014,756,8277,-7521
111900015,0,7,-7
111900016,1,19,-18
111900017,0,12,-12
111900018,293,0,293
111900019,0,134,-134
111900020,0,14,-14
111900021,1,30,-29
111900022,7,1,6
111900023,50,7,43
111900024,698,154,544
111900025,0,26,-26
111900026,0,45,-45
111900027,1,35,-34
111900028,45,49,-4
111900029,3,19,-16
111900030,6,94,-88
111900032,0,37,-37
111900033,3,12,-9
111900034,29,94,-65
111900035,85,615,-530
111900036,0,27,-27
111900038,26,117,-91
111900039,13,89,-76
111900040,1,52,-51
111900042,7,20,-13
111900043,1,97,-96
111900044,25,64,-39
111900046,2,27,-25
111900048,684,98,586
111900049,1,57,-56
111900050,303,28,275
111900051,3,55,-52
111900052,55,47,8
111900053,408,3079,-2671
111900054,506,4,502
111900055,18,70,-52
111900056,103,305,-202
111900057,270,7,263
111900058,1100,201,899
111900059,608,808,-200
111900060,460,9,451
111900061,1,15,-14
111900062,37,116,-79
111900063,380,51,329
111900064,2,28,-26
111900065,268,33,235
111900066,89,116,-27
111900067,6,92,-86
111900068,45,157,-112
111900069,140,1,139
111900070,257,6,251
111900071,0,31,-31
111900072,35,91,-56
111900073,1803,177,1626
111900074,2,67,-65
111900075,91,10,81
111900076,553,75,478
111900077,19,0,19
111900078,695,77,618
111900079,42,72,-30
111900080,91,71,20
111900082,366,48,318
111900083,486,61,425
111900084,213,3,210
111900085,24,20,4
111900086,246,10,236
111900087,272,1,271
111900088,1173,43,1130
111900089,45,1,44
111900090,47,102,-55
111900091,1143,19,1124
111900092,362,0,362
111900093,940,43,897
111900094,76,0,76
111900095,783,24,759
111900096,361,3,358
111900097,171,0,171
111900098,602,13,589
111900099,22,0,22
111900100,154,3,151
111900101,414,7,407
111900102,1184,623,561
111900103,74,51,23
111900104,81,13,68
111900105,119,189,-70
111900106,143,2,141
111900110,1353,94,1259
111900111,201,87,114
111900112,117,6696,-6579
111900113,153,55,98
111900118,759,54,705
111900119,125,67,58
111900122,31,19,12
111900123,7,4,3
111900124,36,7,29
111900125,1141,90,1051
111900126,923,2,921
111900127,0,75,-75
111900128,11,109,-98
111900129,434,1,433
111900130,33,19,14
111900131,908,1,907
111900132,10,273,-263
111900133,13,148,-135
111900134,0,43,-43
111900135,4,10,-6
111900136,63,95,-32
111900137,21,10,11
111900138,15,31,-16
111900139,5,23,-18
111900140,166,35,131
111900141,128,0,128
111900142,108,1,107
111900143,240,37,203
111900144,0,28,-28
111900145,0,118,-118
111900146,1,46,-45
111900147,25,173,-148
111900148,10,191,-181
111900149,9,70,-61
111900150,4,30,-26
111900151,3,19,-16
111900152,57,74,-17
111900153,382,660,-278
111900154,49,1198,-1149
111900155,97,387,-290
111900156,35,51,-16
111900157,282,20,262
111900158,900,74,826
111900159,897,115,782
111900160,515,1,514
111900161,668,0,668
111900162,260,602,-342
111900163,3,34,-31
111900164,129,25,104
111901113,1590,46,1544
111901114,406,503,-97
111901115,474,2,472
111901116,141,1,140
111901117,34,100,-66
111901118,11,915,-904
111901119,112,2,110
111901121,3,18,-15
111901122,4,64,-60
111901123,561,34,527
111901124,427,3,424
111901125,1420,189,1231
111901127,630,1625,-995
111901128,4,27,-23
111901129,2,40,-38
111901130,3,95,-92
111901131,3,97,-94
111901132,176,52,124
111901133,260,0,260
111901134,512,1,511
111901135,62,5,57
111901138,7,8,-1
111901139,0,14,-14
111901140,0,20,-20
111901141,3,38,-35
111901142,2,26,-24
111901143,0,28,-28
111901144,58,16,42
111901145,24,474,-450
111901146,13,16,-3
111901147,124,1192,-1068
111901148,4,102,-98
111901149,123,2,121
111901150,285,0,285
111901151,435,0,435
111901152,1,3,-2
112000001,3283,720,2563
112000002,805,1665,-860
112000003,4783,730,4053
112000004,1245,280,965
112000005,4394,4476,-82
112000006,512,347,165
112000007,4230,2974,1256
112000008,3654,3530,124
112000009,2276,768,1508
112000010,3688,4374,-686
112000011,1338,743,595
112000012,2675,4420,-1745
112000013,1076,1333,-257
112000014,623,3291,-2668
112000015,954,2484,-1530
112000016,1577,2981,-1404
112000017,231,3797,-3566
112000024,287,115,172
112000026,1213,796,417
112000027,560,448,112
112000028,439,686,-247
112000029,456,626,-170
112000030,78,9,69
112000031,748,2802,-2054
112000032,71,4,67
112000033,1386,3849,-2463
112000034,69,7,62
112000035,26,808,-782
112000036,98,1262,-1164
112000037,556,1612,-1056
112000038,676,1216,-540
112000039,103,15,88
112000040,35,119,-84
112000041,169,157,12
112000042,361,60,301
112000050,1062,573,489
112000051,1004,2589,-1585
112000054,955,891,64
112000057,809,58,751
112000058,243,197,46
112000059,379,302,77
112000061,1614,400,1214
112000062,277,821,-544
112000063,179,3008,-2829
112000064,1643,1230,413
112000065,619,616,3
112000066,2330,861,1469
112000067,349,272,77
112000068,2694,1776,918
112000069,516,916,-400
112000070,897,581,316
112000071,892,936,-44
112000072,3285,482,2803
112000073,917,1562,-645
112000074,960,802,158
112000075,1564,1063,501
112000076,2500,1478,1022
112000077,1095,310,785
112000078,2400,407,1993
112000079,2204,758,1446
112000080,875,363,512
112000081,716,817,-101
112000082,1319,234,1085
112000083,821,495,326
112000084,1085,292,793
112000085,1917,269,1648
112000086,2675,413,2262
112000087,1240,149,1091
112000088,1093,170,923
112000089,290,175,115
112000090,98,121,-23
112000091,407,217,190
112000092,2678,362,2316
112000093,1386,258,1128
112000094,573,366,207
112000095,942,162,780
112000096,807,276,531
112000097,3315,297,3018
112000098,173,308,-135
112000099,785,2258,-1473
112000100,3250,333,2917
112000101,665,196,469
112000102,2777,233,2544
112000103,417,204,213
112000105,539,277,262
112000106,4970,223,4747
112000107,428,82,346
112000108,1479,458,1021
112000109,782,65,717
112000110,3176,515,2661
112000111,437,747,-310
112000112,2287,184,2103
112000113,835,719,116
112000114,3039,470,2569
112000115,441,116,325
112000116,626,190,436
112000117,1353,360,993
112000118,497,307,190
112000119,323,250,73
112000120,32,96,-64
112000121,281,117,164
112000122,793,68,725
112000123,1210,58,1152
112000124,773,73,700
112000125,416,192,224
112000126,1345,135,1210
112000127,1695,1773,-78
112000128,509,354,155
112000129,112,22,90
112000130,593,57,536
112000131,33,63,-30
112000132,213,66,147
112000133,834,75,759
112000134,583,132,451
112000135,1447,755,692
112000136,942,1486,-544
112000137,1577,988,589
112000138,1018,475,543
112000139,465,428,37
112000140,103,355,-252
112000141,1211,185,1026
112000142,180,254,-74
112000143,1790,64,1726
112000144,188,287,-99
112000145,3710,217,3493
112000146,486,459,27
112000147,2893,808,2085
112000148,548,433,115
112000149,591,376,215
112000150,706,166,540
112000151,464,83,381
112000152,947,130,817
112000153,190,60,130
112000154,188,491,-303
112000155,124,69,55
112000157,338,654,-316
112000158,244,72,172
112000159,1780,156,1624
112000167,453,196,257
112000169,180,1045,-865
112000173,1334,81,1253
112000175,689,168,521
112000176,443,524,-81
112000177,1293,342,951
112000178,36,94,-58
112000179,471,47,424
112000180,368,87,281
112000181,643,344,299
112000182,1961,141,1820
112000183,17,6,11
112000184,445,140,305
112000185,1496,89,1407
112000187,3767,2153,1614
112000195,310,3,307
112000196,63,0,63
112000197,25,49,-24
112000198,17,105,-88
112000199,415,288,127
112000202,1208,0,1208
112000216,63,108,-45
112000230,98,1,97
112000231,1,35,-34
112000256,43,307,-264
112000313,100,23,77
112000314,58,44,14
112000337,106,555,-449
112000352,53,158,-105
112000392,1779,364,1415
112000398,2330,466,1864
112000399,948,4690,-3742
112000400,609,635,-26
112000401,671,815,-144
112000402,4033,4050,-17
112000403,842,7960,-7118
112000404,1813,1148,665
112000405,3345,1919,1426
112000406,1421,578,843
112000407,9925,5844,4081
112000408,2879,935,1944
112000409,1024,675,349
112000410,93,210,-117
112000411,1083,1577,-494
112000412,223,107,116
112000413,1895,6915,-5020
112000414,203,16,187
112000415,172,5,167
112000416,5031,727,4304
112000417,229,62,167
112000421,86,24,62
112000422,229,98,131
112000424,765,3503,-2738
112000425,418,123,295
112000426,546,322,224
112000427,1,20,-19
112000428,374,324,50
112000429,1793,1234,559
112000430,1942,2702,-760
112000431,159,182,-23
112000432,490,271,219
112000433,267,179,88
112000437,64,47,17
112900001,90,0,90
112900002,979,56,923
112900003,29,35,-6
112900004,55,57,-2
112900005,373,43,330
112900007,3,9,-6
112900008,0,38,-38
112900009,283,222,61
112900010,435,123,312
112900011,53,86,-33
112900012,1,0,1
112900013,1,106,-105
112900014,8,14,-6
112900015,37,135,-98
112900016,6,30,-24
112900017,34,70,-36
112900018,684,124,560
112900019,4,91,-87
112900020,121,246,-125
112900021,5,103,-98
112900022,5,5,0
112900023,17,17,0
112900024,1,50,-49
112900025,65,72,-7
112900026,3,17,-14
112900027,10,141,-131
112900028,2,38,-36
112900029,2,72,-70
112900030,36,41,-5
112900031,2,164,-162
112900032,162,55,107
112900034,0,9,-9
112900035,3,37,-34
112900036,5,56,-51
112900037,133,204,-71
112900038,926,45,881
112900039,0,125,-125
112900040,2,177,-175
112900041,220,423,-203
112900042,83,64,19
112900043,29,18,11
112900044,89,51,38
112900045,64,89,-25
112900046,30,37,-7
112900047,2,3,-1
112900049,639,9,630
112900050,8,110,-102
112900051,77,131,-54
112900052,1,244,-243
112900053,67,156,-89
112900054,70,47,23
112900055,16,20,-4
112900056,134,125,9
112900057,76,248,-172
112900058,290,548,-258
112900059,77,167,-90
112900060,34,15,19
112900061,33,29,4
112900062,100,9,91
112900063,19,16,3
112900064,22,28,-6
112900065,18,6,12
112900066,213,336,-123
112900067,273,21,252
112900068,33,142,-109
112900069,635,1438,-803
112900071,32,19,13
112900072,27,6127,-6100
112900073,463,277,186
112900074,220,503,-283
112900075,498,1744,-1246
112900076,7,30,-23
112900078,191,824,-633
112900079,160,16,144
112900080,232,2,230
112900081,40,595,-555
112900082,729,8,721
112900083,224,188,36
112900084,451,465,-14
112900086,218,1,217
112900087,2107,202,1905
112900088,413,7,406
112900089,923,13,910
112900090,132,85,47
112900091,463,12,451
112900092,82,777,-695
112900093,1094,19,1075
112900095,262,0,262
112900096,672,159,513
112900097,70,57,13
112900098,117,0,117
112900099,1750,5,1745
112900100,148,5,143
112900101,433,2,431
112900102,69,28,41
112900103,394,6,388
112900104,1445,5,1440
112900105,70,0,70
112900106,565,87,478
112900107,7,0,7
112900108,1,0,1
112900109,283,0,283
112900110,2227,10,2217
112900111,1169,5,1164
112900112,573,0,573
112900113,0,1,-1
112900114,594,1,593
112900115,2789,1,2788
112900116,134,2,132
112900117,77,20,57
112900118,2,8,-6
112900119,416,17,399
112900120,307,164,143
112900121,10,21,-11
112900122,0,35,-35
112900123,372,24,348
112900124,0,18,-18
112900125,3,98,-95
112900126,22,53,-31
112900127,676,13,663
112900128,42,108,-66
112900129,0,212,-212
112900130,189,17,172
112900131,22,70,-48
112900132,75,257,-182
112900133,5,596,-591
112900134,0,77,-77
112900135,69,17,52
112900137,44,246,-202
112900138,0,54,-54
112900139,9,231,-222
112900141,838,3,835
112900142,60,344,-284
112900143,4,196,-192
112900144,15,323,-308
112900145,3,108,-105
112900146,7,165,-158
112900147,0,248,-248
112900148,24,1,23
112900149,80,154,-74
112900151,7,27,-20
112900152,1650,123,1527
112900153,86,4283,-4197
112900154,0,38,-38
112900155,92,7,85
112900156,1213,168,1045
112900157,461,9,452
112900158,76,1,75
112900159,111,320,-209
112900160,8,73,-65
112900161,232,3,229
112900162,2,13,-11
112900163,11,51,-40
112900164,12,210,-198
112900165,19,22,-3
112900166,5,36,-31
112900167,4,499,-495
112900168,1,0,1
112900169,5,5,0
112900170,120,13,107
112900172,11,17,-6
112900173,79,83,-4
112900174,365,34,331
112900175,100,147,-47
112900176,13,32,-19
112900177,319,57,262
112900178,294,4032,-3738
112900179,7,189,-182
112900180,1578,474,1104
112900181,1201,9,1192
112900182,32,182,-150
112900183,54,79,-25
112900184,137,95,42
112900185,17,194,-177
112900186,454,455,-1
112900187,13,193,-180
112900188,363,1375,-1012
112900189,0,0,0
112900190,1,3,-2
112900192,394,313,81
112900193,542,150,392
112900194,25,1,24
112900195,585,21,564
112900196,273,186,87
112900197,35,143,-108
112900199,575,47,528
112900200,558,44,514
112900201,189,137,52
112900202,730,233,497
112900203,377,52,325
112900204,143,111,32
112900205,19,5,14
112900206,31,15,16
112900207,8,0,8
112900208,32,1155,-1123
112900209,47,93,-46
112900210,1,5,-4
112900211,32,0,32
112900212,1,44,-43
112900213,46,25,21
112900214,3,2,1
112900215,1,1,0
112900216,13,4,9
112900217,1,27,-26
112900218,129,2,127
112900219,207,2,205
112900220,5,0,5
112900221,10,53,-43
112900222,0,218,-218
112900223,978,26,952
112900224,1197,84,1113
112900225,850,49,801
112900226,48,97,-49
112900227,658,70,588
112900228,130,25,105
112900229,563,19,544
112900230,4659,1883,2776
112900232,205,239,-34
112900233,89,34,55
112900234,96,0,96
112900235,2,1,1
112900236,1273,5,1268
112900237,1004,126,878
112900238,2,0,2
112900239,253,774,-521
112900240,1,9,-8
112900241,4,21,-17
112900242,10,19,-9
112900243,15,48,-33
112900244,0,44,-44
112900245,0,27,-27
112900246,0,5,-5
112900247,43,97,-54
112900248,0,0,0
112900249,41,1,40
112900250,170,2,168
112900251,422,6,416
112900252,333,4,329
112900253,191,2,189
112900254,34,2,32
112900255,14,17,-3
112900256,6,30,-24
112900257,23,16,7
112900258,78,1,77
113000001,4003,3222,781
113000002,5585,2613,2972
113000003,1636,1013,623
113000004,2520,1070,1450
113000005,1613,867,746
113000006,1615,896,719
113000007,1982,736,1246
113000008,1995,844,1151
113000009,1093,376,717
113000010,2015,481,1534
113000011,947,574,373
113000012,1113,526,587
113000013,349,298,51
113000014,484,654,-170
113000015,63,93,-30
113000016,218,294,-76
113000017,23,252,-229
113000018,432,21,411
113000019,70,208,-138
113000020,214,18,196
113000021,1967,621,1346
113000022,897,2045,-1148
113000025,50,146,-96
113000026,670,435,235
113000027,546,419,127
113000028,322,602,-280
113000029,456,387,69
113000030,115,245,-130
113000031,89,143,-54
113000032,127,78,49
113000033,170,123,47
113000034,77,33,44
113000035,18,5,13
113000036,12,19,-7
113000037,18,11,7
113000038,17,26,-9
113000039,21,161,-140
113000040,27,33,-6
113000042,792,325,467
113000051,1766,2248,-482
113000052,2039,236,1803
113000053,598,217,381
113000054,606,652,-46
113000055,2190,215,1975
113000056,2242,601,1641
113000058,258,612,-354
113000059,800,217,583
113000060,400,523,-123
113000061,645,676,-31
113000062,247,176,71
113000063,355,37,318
113000064,111,209,-98
113000065,161,272,-111
113000066,1257,82,1175
113000067,3404,257,3147
113000068,444,332,112
113000069,537,251,286
113000070,2805,257,2548
113000071,415,177,238
113000072,1368,213,1155
113000073,420,442,-22
113000074,851,427,424
113000075,1326,457,869
113000076,455,1795,-1340
113000077,394,413,-19
113000078,269,702,-433
113000079,316,385,-69
113000080,477,552,-75
113000081,586,777,-191
113000082,616,277,339
113000083,593,623,-30
113000084,1038,373,665
113000085,896,460,436
113000086,430,644,-214
113000087,964,1054,-90
113000088,759,713,46
113000089,639,1188,-549
113000090,50,573,-523
113000091,130,244,-114
113000094,1347,142,1205
113000095,227,231,-4
113000096,120,253,-133
113000097,1014,186,828
113000098,58,45,13
113000099,1082,216,866
113000100,124,186,-62
113000101,79,260,-181
113000102,535,421,114
113000103,2819,209,2610
113000104,676,2209,-1533
113000105,1181,245,936
113000106,508,146,362
113000107,1343,546,797
113000108,1106,497,609
113000109,462,798,-336
113000110,5016,448,4568
113000111,398,344,54
113000112,1113,233,880
113000113,1650,222,1428
113000114,125,496,-371
113000116,281,119,162
113000117,431,42,389
113000118,43,674,-631
113000119,201,220,-19
113000120,48,294,-246
113000121,339,450,-111
113000124,242,61,181
113000125,7,1144,-1137
113000127,803,85,718
113000128,965,70,895
113000129,168,670,-502
113000133,1192,153,1039
113000134,3,1885,-1882
113000135,3672,3560,112
113000137,557,1532,-975
113000139,160,51,109
113000140,27,27,0
113000141,31,52,-21
113000142,98,105,-7
113000143,271,46,225
113000144,110,124,-14
113000145,62,83,-21
113000146,60,3,57
113000147,152,30,122
113000148,286,33,253
113000149,169,113,56
113000150,230,134,96
113000151,20,21,-1
113000152,51,200,-149
113000153,442,112,330
113000154,228,1492,-1264
113000155,271,661,-390
113000156,114,83,31
113000157,186,79,107
113000158,384,40,344
113000159,929,93,836
113000160,268,81,187
113000161,280,54,226
113000162,794,53,741
113000163,59,20,39
113000164,23,31,-8
113000166,378,17,361
113000167,70,38,32
113000168,149,51,98
113000169,226,24,202
113000170,99,48,51
113000171,18,26,-8
113000172,266,5,261
113000173,116,13,103
113000174,130,49,81
113000175,581,27,554
113000176,711,37,674
113000177,128,35,93
113000178,173,96,77
113000179,331,32,299
113000180,758,1417,-659
113000181,1782,776,1006
113000182,67,576,-509
113000183,119,533,-414
113000184,13,50,-37
113000189,150,329,-179
113000190,143,95,48
113000192,482,2601,-2119
113000193,944,2255,-1311
113000194,878,2451,-1573
113000195,993,1391,-398
113000196,685,52,633
113000197,958,2537,-1579
113000198,147,288,-141
113000199,1934,223,1711
113000201,908,263,645
113000202,6773,1455,5318
113000203,94,530,-436
113000204,451,3092,-2641
113000205,5,21,-16
113000206,12,14,-2
113000207,65,17,48
113000208,23,24,-1
113000209,10,22,-12
113000210,15,27,-12
113000211,28,110,-82
113000212,17,4,13
113000213,33,80,-47
113000214,192,176,16
113000234,177,213,-36
113000410,4,110,-106
113000411,786,722,64
113000412,4242,849,3393
113000413,483,1042,-559
113000414,2897,11723,-8826
113000415,1256,700,556
113000416,953,838,115
113000417,318,559,-241
113000418,4037,2346,1691
113000419,830,656,174
113000420,1900,3854,-1954
113000421,3489,4355,-866
113000422,4474,6759,-2285
113000423,494,2417,-1923
113000424,829,7050,-6221
113000425,2,87,-85
113000428,2,5,-3
113000430,2,67,-65
113000432,3302,110,3192
113000433,64,343,-279
113000434,21,103,-82
113000435,35,103,-68
113000436,6,352,-346
113000437,1788,18,1770
113000438,517,13,504
113000439,55,16,39
113000440,205,15,190
113000441,218,152,66
113000442,306,22,284
113000443,657,53,604
113000444,806,18,788
113000445,55,34,21
113000446,25,153,-128
113000448,290,418,-128
113000449,124,1240,-1116
113000450,502,4652,-4150
113000451,3004,680,2324
113000452,56,792,-736
113000453,18,527,-509
113000454,169,213,-44
113000455,3,755,-752
113000456,616,814,-198
113000468,403,63,340
113000469,37,106,-69
113000470,291,12,279
113000471,9,380,-371
113000472,69,144,-75
113000474,1456,507,949
113000475,1081,525,556
113000476,3188,1568,1620
113000477,3970,1197,2773
113000478,1872,1596,276
113000479,147,157,-10
113000485,0,0,0
113000486,0,0,0
113000487,0,0,0
113000488,0,0,0
113000489,0,0,0
113000490,0,0,0
113000491,0,0,0
113000492,0,0,0
113000493,0,0,0
113000495,347,57,290
113000496,91,110,-19
113900001,5,1701,-1696
113900002,5,54,-49
113900003,1,185,-184
113900004,1,278,-277
113900005,2,516,-514
113900006,0,259,-259
113900007,0,0,0
113900008,0,0,0
113900009,0,0,0
113900010,0,0,0
113900011,0,0,0
113900012,185,0,185
113900013,63,3,60
113900014,677,1,676
113900015,3,3,0
113900016,36,0,36
113900017,3,3,0
113900018,34,157,-123
113900019,328,5,323
113900020,277,1,276
113900022,61,0,61
113900023,60,0,60
113900024,18,3,15
113900025,134,7,127
113900026,70,1,69
113900027,6,6,0
113900028,8,117,-109
113900029,90,9,81
113900030,805,0,805
113900031,11,3,8
113900032,65,0,65
113900033,85,15,70
113900035,38,0,38
113900036,43,17,26
113900037,117,378,-261
113900038,27,208,-181
113900039,298,4,294
113900040,4,11,-7
113900041,21,0,21
113900042,61,3,58
113900043,119,6,113
113900044,68,89,-21
113900045,46,1,45
113900046,46,320,-274
113900047,224,20,204
113900048,69,41,28
113900049,117,493,-376
113900050,139,63,76
113900051,217,49,168
113900052,35,36,-1
113900053,107,750,-643
113900054,24,1,23
113900055,44,247,-203
113900056,68,14,54
113900057,6,10,-4
113900058,42,4,38
113900059,294,55,239
113900060,22,320,-298
113900061,166,29,137
113900062,37,2,35
113900063,124,19,105
113900064,3,32,-29
113900065,507,3,504
113900066,1019,36,983
113900067,481,77,404
113900068,200,935,-735
113900069,10,23,-13
113900070,33,102,-69
113900071,175,2,173
113900072,15,19,-4
113900073,698,186,512
113900074,293,125,168
113900075,401,2151,-1750
113900076,39,0,39
113900077,11,23,-12
113900078,38,3,35
113900079,1,2,-1
113900080,368,80,288
113900081,131,11,120
113900082,134,126,8
113900083,583,31,552
113900084,209,29,180
113900085,2,100,-98
113900086,87,15,72
113900087,63,35,28
113900088,60,149,-89
113900089,377,9,368
113900090,346,80,266
113900091,0,5,-5
113900092,21,48,-27
113900093,25,1631,-1606
113900094,535,217,318
113900095,125,46,79
113900096,172,74,98
113900097,39,93,-54
113900098,833,193,640
113900099,0,0,0
113900100,0,0,0
113900101,2,55,-53
113900102,24,80,-56
113900103,69,318,-249
113900104,81,90,-9
113900105,433,19,414
113900106,1,16,-15
113900107,0,0,0
113900108,20,138,-118
113900109,87,225,-138
113900110,8,10,-2
113900111,151,46,105
113900112,247,42,205
113900113,889,188,701
113900114,0,6,-6
113900115,0,24,-24
113900116,1,152,-151
113900117,8,31,-23
113900118,48,924,-876
113900119,22,154,-132
113900120,79,7,72
113900121,161,10,151
113900122,85,4359,-4274
113900123,409,31,378
113900124,2,33,-31
113900125,452,79,373
113900126,20,33,-13
113900127,274,383,-109
113900128,188,18,170
113900129,4,41,-37
113900130,0,22,-22
113900131,145,12,133
113900132,17,40,-23
113900133,17,10,7
113900135,375,98,277
113900136,39,11,28
113900137,160,84,76
113900138,3,52,-49
113900139,230,363,-133
113900140,20,76,-56
113900141,762,87,675
113900142,52,16,36
113900143,6,91,-85
113900144,48,56,-8
113900145,292,44,248
113900146,210,23,187
113900148,13,108,-95
113900149,79,252,-173
113900150,112,85,27
113900151,332,85,247
113900152,25,18,7
113900153,12,73,-61
113900154,0,35,-35
113900155,24,99,-75
113900156,134,124,10
113900157,30,308,-278
113900158,31,55,-24
113900159,2,74,-72
113900160,242,348,-106
113900161,157,184,-27
113900162,47,111,-64
113900163,137,56,81
113900164,440,4,436
113900165,209,120,89
113900166,2,25,-23
113900167,301,24,277
113900168,21,18,3
113900169,102,99,3
113900171,228,16,212
113900172,15,37,-22
113900173,2,120,-118
113900174,201,164,37
113900175,173,64,109
113900176,125,105,20
113900177,120,42,78
113900178,136,97,39
113900179,4,84,-80
113900180,42,23,19
113900181,1161,40,1121
113900182,302,152,150
113900183,12,21,-9
113900184,3,112,-109
113900185,25,29,-4
113900186,5,2,3
113900187,12,62,-50
113900188,5,9,-4
113900189,192,114,78
113900190,60,2,58
113900191,19,46,-27
113900192,948,2339,-1391
113900193,1,26,-25
113900194,466,102,364
113900195,134,125,9
113900196,1,17,-16
113900197,2,11,-9
113900198,1,170,-169
113900199,11,71,-60
113900200,1,11,-10
113900201,5,27,-22
113900202,3,11,-8
113900203,27,14,13
113900204,1,81,-80
113900205,1,27,-26
113900206,0,16,-16
113900207,0,10,-10
113900208,0,11,-11
113900209,0,3,-3
113900210,215,463,-248
113900211,92,26,66
113900212,325,109,216
113900214,50,174,-124
113900215,53,43,10
113900216,155,113,42
113900217,178,73,105
113900218,19,64,-45
113900219,51,206,-155
113900220,55,120,-65
113900221,60,428,-368
113900222,289,611,-322
113900223,360,393,-33
113900224,39,10,29
113900225,408,66,342
113900226,185,77,108
113900227,146,81,65
113900228,95,325,-230
113900229,6,995,-989
113900230,739,2010,-1271
113900231,64,12,52
113900232,62,13,49
113900233,89,15,74
113900234,241,386,-145
113900235,93,10,83
113900236,308,36,272
113900237,99,5,94
113900238,78,221,-143
113900239,25,36,-11
113900240,1,77,-76
113900241,9,23,-14
113900242,11,61,-50
113900243,6,57,-51
113900244,76,45,31
113900245,148,70,78
113900246,9,52,-43
113900247,35,415,-380
113900248,1041,1704,-663
113900249,158,373,-215
113900250,18,323,-305
113900251,1154,22,1132
113900252,824,3,821
113900253,551,8,543
113900254,428,59,369
113900255,1135,10,1125
113900256,605,9,596
113900257,4,202,-198
113900258,4,95,-91
113900259,705,71,634
113900260,261,2,259
113900261,41,20,21
113900262,162,116,46
113900263,1,80,-79
113900264,0,74,-74
113900265,87,907,-820
113900266,3,57,-54
113900267,15,243,-228
113900268,56,384,-328
113900269,42,100,-58
113900270,117,121,-4
113900271,268,166,102
113900273,4,7,-3
113900274,52,52,0
113900275,0,41,-41
113900276,1,35,-34
113900277,339,5,334
113900278,49,35,14
113900279,48,13,35
113900280,472,231,241
113900281,41,325,-284
113900282,34,52,-18
113900283,373,263,110
113900284,1236,105,1131
113900285,50,17,33
113900286,13,11,2
113900287,118,4,114
113900288,0,27,-27
113900289,367,153,214
113900290,225,555,-330
113900291,23,43,-20
113900292,1,2,-1
113900293,1,62,-61
113900294,1024,20,1004
113900295,244,113,131
113900296,371,85,286
113900297,1935,21,1914
113900298,30,574,-544
113900299,165,12,153
113900300,1587,2159,-572
113900301,78,747,-669
113900302,893,560,333
113900303,161,1272,-1111
113900304,1,45,-44
113900305,204,0,204
113900306,47,1,46
113900307,2,0,2
113900308,4,38,-34
113900309,0,136,-136
113900310,0,1,-1
113900311,0,0,0
113900312,30,50,-20
113900313,0,0,0
113900314,7,3,4
113900315,379,0,379
114000001,785,617,168
114000002,430,144,286
114000003,433,372,61
114000004,1000,138,862
114000005,684,136,548
114000006,1020,421,599
114000007,783,328,455
114000008,1948,1012,936
114000009,1658,182,1476
114000011,2502,1009,1493
114000012,4647,879,3768
114000013,2515,654,1861
114000014,824,152,672
114000015,2649,135,2514
114000016,520,34,486
114000017,105,1168,-1063
114000018,80,19,61
114000026,4147,602,3545
114000027,5618,2125,3493
114000028,1636,3249,-1613
114000038,414,74,340
114000039,97,17,80
114000040,128,384,-256
114000042,87,74,13
114000043,139,163,-24
114000044,562,21,541
114000045,55,13,42
114000046,1087,2399,-1312
114000047,1,127,-126
114000048,134,120,14
114000049,2205,780,1425
114000050,1912,604,1308
114000051,3104,1324,1780
114000052,3235,2767,468
114000053,20,729,-709
114000054,263,502,-239
114000055,469,34,435
114000056,117,424,-307
114000057,1894,926,968
114000058,67,614,-547
114000059,31,1297,-1266
114000060,550,521,29
114000061,1444,1978,-534
114000062,167,552,-385
114000063,618,511,107
114000064,965,3873,-2908
114000065,790,941,-151
114000066,727,480,247
114000067,25,1574,-1549
114000068,260,822,-562
114000069,1161,227,934
114000070,1618,804,814
114000071,1009,167,842
114000072,1410,216,1194
114000073,37,6,31
114000074,106,9,97
114000075,84,21,63
114000076,65,28,37
114000077,2,3,-1
114000078,704,421,283
114000079,619,119,500
114000080,110,68,42
114000081,130,67,63
114000082,104,169,-65
114000083,56,5,51
114000084,229,113,116
114000085,93,158,-65
114000086,177,315,-138
114000087,436,31,405
114000088,18,35,-17
114000089,289,183,106
114000090,643,655,-12
114000091,772,602,170
114000092,570,221,349
114000093,1492,260,1232
114000094,637,309,328
114000095,315,245,70
114000096,36,89,-53
114000097,81,110,-29
114000098,897,102,795
114000099,1125,108,1017
114000100,2420,240,2180
114000101,469,211,258
114000102,1312,150,1162
114000103,191,83,108
114000104,5,148,-143
114000105,354,135,219
114000106,423,3003,-2580
114000107,601,176,425
114000108,729,293,436
114000109,787,6349,-5562
114000110,713,328,385
114000111,2789,2203,586
114000112,308,586,-278
114000113,3746,227,3519
114000114,294,406,-112
114000115,4550,346,4204
114000116,987,6043,-5056
114000117,6118,474,5644
114000118,5423,239,5184
114000119,4367,263,4104
114000120,940,468,472
114000121,456,242,214
114000122,484,303,181
114000123,3031,252,2779
114000124,2529,267,2262
114000125,1017,844,173
114000126,2752,254,2498
114000127,247,77,170
114000128,1183,157,1026
114000130,594,381,213
114000131,466,35,431
114000132,855,162,693
114000133,588,442,146
114000134,73,8,65
114000138,36,29,7
114000139,431,236,195
114000144,565,331,234
114000145,56,10,46
114000146,112,15,97
114000147,701,2494,-1793
114000148,510,1811,-1301
114000149,170,211,-41
114000150,304,518,-214
114000151,442,4435,-3993
114000152,67,50,17
114000153,584,1403,-819
114000154,708,403,305
114000155,773,3604,-2831
114000156,515,441,74
114000157,478,1206,-728
114000158,420,242,178
114000159,267,188,79
114000160,53,195,-142
114000161,767,966,-199
114000162,1108,1288,-180
114000163,27,5,22
114000165,371,228,143
114000166,348,145,203
114000167,1536,1193,343
114000168,232,103,129
114000169,718,606,112
114000170,905,492,413
114000171,1568,15436,-13868
114000174,70,164,-94
114000176,178,135,43
114000177,362,154,208
114000178,159,22,137
114000179,782,1075,-293
114000180,80,108,-28
114000181,925,7363,-6438
114000182,411,1660,-1249
114000183,552,354,198
114000184,1391,252,1139
114000185,1115,478,637
114000189,2415,83,2332
114000190,4647,416,4231
114000191,263,728,-465
114000192,76,326,-250
114000193,131,421,-290
114000194,1883,560,1323
114000195,550,530,20
114000196,1,91,-90
114000197,2965,23,2942
114000198,637,214,423
114000199,900,951,-51
114000200,618,511,107
114000201,290,445,-155
114000202,1092,430,662
114000203,1131,363,768
114000204,254,346,-92
114000205,406,1660,-1254
114000206,907,604,303
114000207,263,385,-122
114000208,393,372,21
114000209,213,685,-472
114000210,141,403,-262
114000211,1940,786,1154
114000212,827,1330,-503
114000213,2427,336,2091
114000214,212,40,172
114000215,133,46,87
114000216,2610,367,2243
114000217,472,194,278
114000218,609,164,445
114000219,2126,66,2060
114000220,30,266,-236
114000221,1790,99,1691
114000222,115,242,-127
114000223,1021,128,893
114000224,28,254,-226
114000225,629,202,427
114000226,341,128,213
114000227,1262,477,785
114000228,1108,210,898
114000229,2174,598,1576
114000230,1642,425,1217
114000231,1073,896,177
114000232,1512,180,1332
114000233,3679,50,3629
114000234,1409,370,1039
114000235,2043,860,1183
114000236,0,111,-111
114000237,80,288,-208
114000238,110,391,-281
114000239,175,418,-243
114000240,876,1634,-758
114000241,372,512,-140
114000242,1007,648,359
114000243,3004,1054,1950
114000244,591,225,366
114000245,510,1469,-959
114000246,201,111,90
114000247,630,384,246
114000248,2573,509,2064
114000249,670,251,419
114000250,1023,156,867
114000251,383,101,282
114000252,29,10,19
114000253,88,31,57
114000254,65,2,63
114000255,345,174,171
114000256,255,608,-353
114000257,970,751,219
114000258,1005,121,884
114000259,339,237,102
114000260,0,43,-43
114000261,40,20,20
114000262,500,194,306
114000263,5,0,5
114000264,2066,177,1889
114000265,0,0,0
114000267,3,2721,-2718
114000268,0,384,-384
114000270,400,17,383
114000271,275,32,243
114000283,2612,228,2384
114000285,34,91,-57
114000288,223,213,10
114000289,3062,67,2995
114000293,401,425,-24
114000294,292,350,-58
114000395,2544,8,2536
114000396,483,218,265
114000402,1186,103,1083
114000403,417,80,337
114000405,470,130,340
114000423,826,98,728
114000424,704,113,591
114000425,1597,91,1506
114000426,355,958,-603
114000427,85,55,30
114000428,35,80,-45
114000429,23,86,-63
114000432,148,6,142
114000434,21,26,-5
114000435,7,5,2
114900001,970,175,795
114900002,286,258,28
114900003,1052,144,908
114900004,194,508,-314
114900005,397,105,292
114900006,78,81,-3
114900007,137,4,133
114900008,384,103,281
114900010,783,1950,-1167
114900011,470,67,403
114900013,339,47,292
114900018,989,31,958
114900020,156,70,86
114900022,0,663,-663
114900025,715,64,651
114900026,148,93,55
114900029,321,13,308
114900030,306,101,205
114900031,1118,18,1100
114900032,971,5,966
114900034,15,14,1
114900035,46,132,-86
114900036,188,133,55
114900039,1048,95,953
114900040,98,5,93
114900041,1854,59,1795
114900042,2435,101,2334
114900044,204,49,155
114900047,102,5788,-5686
114900048,37,69,-32
114900049,12,35,-23
114900050,42,109,-67
114900051,13,67,-54
114900052,7,348,-341
114900053,51,220,-169
114900054,10,19,-9
114900057,196,11,185
114900058,0,23,-23
114900059,200,57,143
114900063,137,7,130
114900064,2989,66,2923
114900065,402,853,-451
114900067,51,116,-65
114900068,6,51,-45
114900069,168,18,150
114900070,824,48,776
114900072,1,62,-61
114900073,0,21,-21
114900074,1844,74,1770
114900075,166,3,163
114900076,0,57,-57
114900080,430,30,400
114900082,907,2358,-1451
114900083,99,318,-219
114900090,659,40,619
114900091,34,59,-25
114900097,205,0,205
114900098,16,51,-35
114900099,312,8,304
115000001,3396,1358,2038
115000002,3599,6453,-2854
115000003,2987,949,2038
115000004,4529,5547,-1018
115000005,1518,1633,-115
115000006,1611,1086,525
115000007,325,263,62
115000008,446,407,39
115000009,520,253,267
115000010,209,237,-28
115000013,43,165,-122
115000015,44,273,-229
115000016,12,145,-133
115000019,19,467,-448
115000020,65,996,-931
115000021,47,286,-239
115000022,134,118,16
115000023,222,536,-314
115000024,178,88,90
115000025,760,379,381
115000026,154,75,79
115000027,395,154,241
115000028,116,102,14
115000029,977,28,949
115000030,314,205,109
115000031,488,43,445
115000032,10,177,-167
115000033,184,12,172
115000034,20,1019,-999
115000035,746,134,612
115000036,0,189,-189
115000037,727,61,666
115000038,87,98,-11
115000039,2154,3984,-1830
115000040,2725,2588,137
115000041,1455,4535,-3080
115000042,537,462,75
115000043,3454,2577,877
115000044,2180,2516,-336
115000045,3465,514,2951
115000046,4136,1952,2184
115000047,3494,1024,2470
115000048,3745,1654,2091
115000049,1339,2886,-1547
115000050,2901,742,2159
115000051,1522,6205,-4683
115000052,1380,1049,331
115000053,2728,3004,-276
115000054,715,542,173
115000055,152,945,-793
115000056,165,360,-195
115000057,483,1105,-622
115000058,66,661,-595
115000059,46,249,-203
115000061,124,151,-27
115000062,351,465,-114
115000063,803,221,582
115000064,232,31,201
115000065,118,596,-478
115000067,312,9,303
115000069,63,256,-193
115000070,34,927,-893
115000071,81,22,59
115000072,2,10,-8
115000073,1472,61,1411
115000075,99,23,76
115000076,1629,1024,605
115000077,2110,810,1300
115000078,2386,422,1964
115000079,1988,753,1235
115000080,5304,702,4602
115000081,114,208,-94
115000082,6355,4350,2005
115000083,2864,477,2387
115000084,3758,469,3289
115000085,1640,259,1381
115000086,1388,237,1151
115000087,400,1586,-1186
115000088,1228,389,839
115000089,1159,521,638
115000090,471,804,-333
115000091,314,240,74
115000092,952,1331,-379
115000093,1133,1,1132
115000094,3221,9085,-5864
115000095,2451,8999,-6548
115000096,1450,401,1049
115000097,3188,2101,1087
115000098,2641,261,2380
115000099,3216,712,2504
115000100,2261,364,1897
115000101,606,488,118
115000102,787,150,637
115000103,238,286,-48
115000105,122,51,71
115000106,1039,589,450
115000107,171,149,22
115000108,1162,985,177
115000109,2423,5773,-3350
115000110,799,2619,-1820
115000111,179,319,-140
115000112,387,309,78
115000113,222,263,-41
115000114,474,182,292
115000116,1313,1114,199
115000117,1058,1910,-852
115000118,1529,1376,153
115000119,1314,1928,-614
115000120,420,649,-229
115000121,319,397,-78
115000122,230,1100,-870
115000123,517,894,-377
115000124,632,750,-118
115000125,303,768,-465
115000126,80,282,-202
115000127,369,86,283
115000128,294,697,-403
115000129,76,1012,-936
115000130,278,265,13
115000131,1014,277,737
115000132,568,354,214
115000133,1359,262,1097
115000134,472,278,194
115000135,206,175,31
115000136,232,170,62
115000137,88,112,-24
115000138,510,196,314
115000139,206,48,158
115000140,588,98,490
115000141,251,38,213
115000142,273,56,217
115000143,949,446,503
115000144,559,30,529
115000145,331,54,277
115000146,518,351,167
115000147,324,410,-86
115000148,184,458,-274
115000149,897,204,693
115000150,428,205,223
115000151,1466,218,1248
115000152,679,394,285
115000153,2044,216,1828
115000154,1230,106,1124
115000155,688,546,142
115000156,703,312,391
115000157,202,351,-149
115000158,119,224,-105
115000159,330,189,141
115000160,248,162,86
115000161,136,339,-203
115000162,319,1057,-738
115000163,397,319,78
115000164,202,356,-154
115000165,127,357,-230
115000167,43,58,-15
115000168,401,352,49
115000169,144,491,-347
115000170,70,129,-59
115000171,251,283,-32
115000172,488,552,-64
115000173,180,1360,-1180
115000174,84,331,-247
115000175,228,131,97
115000176,34,124,-90
115000177,15,165,-150
115000178,1,151,-150
115000179,25,163,-138
115000180,89,200,-111
115000181,1006,148,858
115000182,1553,105,1448
115000183,479,252,227
115000186,540,58,482
115000187,208,116,92
115000188,489,222,267
115000189,405,285,120
115000190,367,470,-103
115000191,130,514,-384
115000194,172,64,108
115000195,70,199,-129
115000196,488,179,309
115000197,448,184,264
115000198,743,106,637
115000199,930,37,893
115000200,498,71,427
115000201,324,206,118
115000206,506,9,497
115000207,765,158,607
115000208,231,334,-103
115000209,770,605,165
115000210,217,149,68
115000211,172,133,39
115000212,797,192,605
115000224,141,21,120
115000225,108,23,85
115000229,115,27,88
115000230,174,198,-24
115000231,363,343,20
115000232,4293,382,3911
115000233,147,104,43
115000234,46,129,-83
115000241,68,34,34
115000242,213,31,182
115000243,300,21,279
115000244,8,76,-68
115000246,22,34,-12
115000247,29,14,15
115000248,45,10,35
115000249,12,23,-11
115000250,263,7,256
115000251,549,50,499
115000252,191,207,-16
115000253,6,679,-673
115000258,446,27,419
115000259,144,13,131
115000261,59,16,43
115000262,7,21,-14
115000263,39,39,0
115000264,0,33,-33
115000267,63,35,28
115000268,32,30,2
115000269,131,8,123
115000270,19,31,-12
115000272,96,22,74
115000273,785,6,779
115000280,600,216,384
115000281,111,859,-748
115000282,316,1287,-971
115000284,55,288,-233
115000296,367,16,351
115000297,60,166,-106
115000298,54,577,-523
115000300,188,41,147
115000302,839,87,752
115000303,1577,24,1553
115000304,1285,90,1195
115000305,133,212,-79
115000306,439,116,323
115000307,310,205,105
115000308,37,29,8
115000310,2722,143,2579
115000311,1650,502,1148
115000313,162,166,-4
115000314,489,275,214
115000315,351,1007,-656
115000316,102,109,-7
115000317,227,217,10
115000318,1188,342,846
115000319,181,45,136
115000320,10,637,-627
115000321,237,2,235
115000322,75,81,-6
115000449,45,186,-141
115000557,9,2906,-2897
115000558,84,96,-12
115000587,993,182,811
115000588,1635,1675,-40
115000589,5539,2158,3381
115000590,804,1092,-288
115000591,1796,592,1204
115000592,540,1153,-613
115000593,1789,548,1241
115000594,184,1857,-1673
115000609,285,460,-175
115000617,555,2859,-2304
115000624,486,12,474
115000633,347,1011,-664
115000634,2714,536,2178
115000635,595,75,520
115000638,143,229,-86
115000641,21,330,-309
115000642,322,71,251
115000643,143,182,-39
115000644,116,134,-18
115000646,342,914,-572
115000647,92,240,-148
115000648,4035,384,3651
115000893,1552,635,917
115000894,125,487,-362
115000895,237,664,-427
115000896,872,325,547
115000897,335,44,291
115000898,267,229,38
115000899,108,1227,-1119
115000900,7,252,-245
115000901,77,109,-32
115000912,432,112,320
115000913,0,27,-27
115000915,19,0,19
115000916,13,11,2
115000917,0,9,-9
115000918,36,833,-797
115000919,2,62,-60
115000920,30,141,-111
115000921,191,137,54
115000922,260,544,-284
115000923,40,1269,-1229
115000925,204,141,63
115000927,25,113,-88
115000933,59,302,-243
115000934,60,118,-58
115000935,117,47,70
115000936,42,1350,-1308
115000937,623,285,338
115000938,13,179,-166
115000939,20,105,-85
115000940,3,27,-24
115000941,3,69,-66
115000942,6,100,-94
115000943,8,186,-178
115000944,2,1,1
115900001,479,22,457
115900002,60,21,39
115900003,213,39,174
115900004,0,2,-2
115900005,327,24,303
115900006,59,72,-13
115900008,252,0,252
115900009,23,55,-32
115900010,1032,45,987
115900011,405,40,365
115900012,499,8,491
115900013,447,67,380
115900014,141,20,121
115900015,473,7,466
115900016,111,20,91
115900017,204,31,173
115900018,81,10,71
115900019,32,3,29
115900020,405,0,405
115900021,233,417,-184
115900022,410,2,408
115900023,4,20,-16
115900025,5,99,-94
115900026,445,24,421
115900027,0,113,-113
115900028,90,21,69
115900029,4,61,-57
115900030,53,41,12
115900031,45,205,-160
115900032,276,520,-244
115900033,0,21,-21
115900034,3,62,-59
115900035,66,18,48
115900036,24,3757,-3733
115900037,3,81,-78
115900038,76,5,71
115900039,215,27,188
115900041,76,1355,-1279
115900042,114,2,112
115900043,91,36,55
115900044,95,885,-790
115900046,928,53,875
115900047,50,183,-133
115900049,267,78,189
115900051,0,5,-5
115900052,8,29,-21
115900053,529,55,474
115900054,495,18,477
115900055,43,22,21
115900056,330,41,289
115900057,7,10,-3
115900058,1,12,-11
115900060,71,17,54
115900061,498,1,497
115900062,118,55,63
115900063,4,2,2
115900064,143,137,6
115900065,206,18,188
115900066,30,26,4
115900067,21,42,-21
115900068,672,2129,-1457
115900069,1,76,-75
115900070,393,17,376
115900071,0,93,-93
115900072,13,35,-22
115900073,310,141,169
115900074,0,66,-66
115900075,80,78,2
115900076,0,7,-7
115900077,1,37,-36
115900078,40,390,-350
115900079,593,1,592
115900080,53,12,41
115900081,11,6,5
115900082,98,180,-82
115900084,893,0,893
115900085,47,61,-14
115900086,658,141,517
115900088,1,124,-123
115900089,781,119,662
115900090,1054,1,1053
115900091,0,8,-8
115900092,53,38,15
115900093,0,10,-10
115900094,7,76,-69
115900096,29,3,26
115900097,2,46,-44
115900098,532,74,458
115900099,141,124,17
115900100,12,123,-111
115900101,457,75,382
115900102,173,57,116
115900103,346,57,289
115900104,103,56,47
115900105,310,68,242
115900106,189,1,188
115900107,74,21,53
115900108,218,0,218
115900109,10,115,-105
115900110,0,0,0
115900111,0,9,-9
115900112,26,278,-252
115900113,38,1,37
115900114,0,27,-27
115900115,88,36,52
115900116,47,235,-188
115900117,221,2,219
115900118,1,29,-28
115900119,264,51,213
115900120,43,65,-22
115900121,369,51,318
115900124,190,796,-606
115900125,470,122,348
115900126,956,29,927
115900127,1395,41,1354
115900128,0,235,-235
115900129,558,11,547
115900130,8,342,-334
115900131,637,59,578
115900132,886,6,880
115900134,652,0,652
115900135,375,248,127
115900137,42,1,41
115900139,1,84,-83
115900140,678,7,671
115900141,1,49,-48
115900142,2,3,-1
115900143,320,54,266
115900144,401,34,367
115900146,35,13,22
115900147,107,352,-245
115900148,8,34,-26
115900149,299,8,291
115900150,273,11,262
115900151,119,60,59
115900152,205,63,142
115900153,208,71,137
115900154,108,215,-107
115900155,0,17,-17
115900156,632,492,140
115900157,384,466,-82
115900158,55,2,53
115900159,459,82,377
115900160,1,2,-1
115900161,33,11,22
115900163,350,11,339
115900164,1447,0,1447
115900166,33,22,11
115900168,487,51,436
115900171,89,125,-36
115900172,25,48,-23
115900173,310,136,174
115900174,51,141,-90
115900175,367,22,345
115900178,34,67,-33
115900179,679,2,677
115900180,27,28,-1
115900181,457,23,434
115900182,907,17,890
115900183,24,130,-106
115900184,263,2,261
115900187,1,201,-200
115900189,1,80,-79
115900190,138,672,-534
115900191,9,43,-34
115900192,8,116,-108
115900193,81,145,-64
115900194,1201,46,1155
115900195,259,3580,-3321
115900198,292,221,71
115900199,347,37,310
115900200,198,27,171
115900201,137,240,-103
115900202,0,399,-399
115900203,3,0,3
115900204,0,22,-22
115900205,6,3,3
115900206,648,29,619
115900207,110,4,106
115900208,105,75,30
115900209,22,90,-68
115900210,1,300,-299
115900211,0,61,-61
115900212,253,43,210
115900213,153,287,-134
115900214,1093,17,1076
115900215,7,150,-143
115900216,1,40,-39
115900217,1,16,-15
115900218,0,12,-12
115900219,273,1,272
115900220,491,5,486
115900221,301,2,299
115900222,45,37,8
115900223,5,549,-544
115900224,325,2565,-2240
115900225,31,7,24
115900226,18,7,11
115900227,0,13,-13
115900228,1,18,-17
115900229,5,17,-12
115900230,59,14,45
115900231,233,3,230
115900232,113,0,113
115900233,186,4,182
115900234,121,23,98
115900235,8,5,3
115900236,21,39,-18
115900237,21,21,0
115900238,37,16,21
115900239,16,21,-5
115900240,21,39,-18
115900241,311,4,307
115900242,308,463,-155
115900243,0,7,-7
115900244,51,2,49
115900245,50,0,50
115900246,1,3,-2
115900247,0,1,-1
115900248,3,0,3
115900249,15,0,15
115900250,13,3,10
115900251,3,0,3
115900252,1,0,1
115900253,38,2,36
115900254,11,49,-38
115900255,0,20,-20
115900256,4,349,-345
115900257,1,4,-3
115900258,0,1,-1
115900259,16,4,12
115900260,5,0,5
115900261,10,0,10
115900262,1,0,1
115900263,6,0,6
115900264,1,0,1
115900265,1,1,0
115900266,6,0,6
115900267,1,0,1
115900268,0,37,-37
115900269,1536,125,1411
115900270,353,59,294
115900271,513,0,513
115900272,51,5,46
115900273,13,19,-6
115900274,0,5,-5
115900275,0,0,0
115900276,0,1,-1
115900277,1,54,-53
115900278,75,32,43
115900279,9,222,-213
115900280,14,916,-902
115900281,82,543,-461
115900282,19,53,-34
115900283,56,0,56
115900284,28,0,28
116000001,3508,959,2549
116000002,4945,18223,-13278
116000003,670,643,27
116000004,5787,6888,-1101
116000005,755,2118,-1363
116000006,3029,5047,-2018
116000007,1261,1169,92
116000008,5921,2430,3491
116000009,726,699,27
116000010,3648,1426,2222
116000011,749,459,290
116000012,2786,827,1959
116000013,2804,2119,685
116000014,10109,26967,-16858
116000015,93,2155,-2062
116000016,2516,5587,-3071
116000017,59,505,-446
116000018,287,180,107
116000019,1638,113,1525
116000020,388,513,-125
116000021,1318,140,1178
116000022,670,249,421
116000023,2263,1150,1113
116000024,529,491,38
116000025,1112,538,574
116000026,1226,2917,-1691
116000027,423,599,-176
116000028,435,831,-396
116000029,265,207,58
116000030,590,392,198
116000031,10,48,-38
116000032,198,49,149
116000033,851,205,646
116000034,447,783,-336
116000035,445,155,290
116000036,168,1349,-1181
116000037,122,262,-140
116000038,58,806,-748
116000039,188,712,-524
116000040,366,918,-552
116000041,127,483,-356
116000042,1110,789,321
116000043,129,255,-126
116000044,4,90,-86
116000045,768,1193,-425
116000046,669,863,-194
116000047,1737,2623,-886
116000048,2819,1071,1748
116000049,1523,1876,-353
116000050,1052,868,184
116000051,2323,2120,203
116000052,2723,1799,924
116000053,2600,403,2197
116000054,948,1702,-754
116000055,1088,839,249
116000056,1573,811,762
116000057,1826,686,1140
116000058,3006,2092,914
116000059,2016,3751,-1735
116000060,1849,1189,660
116000061,363,1358,-995
116000062,499,273,226
116000063,572,1882,-1310
116000066,382,575,-193
116000067,294,222,72
116000068,138,179,-41
116000069,243,134,109
116000078,681,672,9
116000080,1717,308,1409
116000082,3,15,-12
116000083,2439,175,2264
116000084,1149,1104,45
116000085,1461,2228,-767
116000086,730,316,414
116000087,3377,1522,1855
116000088,1763,413,1350
116000089,152,92,60
116000090,288,95,193
116000091,178,1150,-972
116000093,681,134,547
116000094,1523,294,1229
116000095,879,171,708
116000096,2652,3697,-1045
116000097,844,275,569
116000098,48,15352,-15304
116000099,4412,783,3629
116000100,388,14,374
116000101,1937,274,1663
116000102,340,272,68
116000103,544,348,196
116000104,263,518,-255
116000105,2428,59,2369
116000106,598,1457,-859
116000107,3687,498,3189
116000108,7,1135,-1128
116000111,257,41,216
116000113,102,9,93
116000114,13,46,-33
116000115,392,31,361
116000116,245,48,197
116000117,1553,821,732
116000118,1885,415,1470
116000119,4079,832,3247
116000120,2545,1282,1263
116000121,1326,277,1049
116000122,643,283,360
116000123,1964,332,1632
116000124,636,135,501
116000125,3977,179,3798
116000126,521,188,333
116000127,821,276,545
116000128,3186,494,2692
116000129,2169,69,2100
116000130,1346,573,773
116000133,2853,389,2464
116000134,1374,446,928
116000135,4088,806,3282
116000136,851,729,122
116000137,1397,532,865
116000138,795,305,490
116000139,2362,3426,-1064
116000140,337,414,-77
116000141,1054,377,677
116000142,3365,1723,1642
116000143,2812,1224,1588
116000144,2481,1359,1122
116000145,3621,590,3031
116000146,1474,100,1374
116000147,392,302,90
116000148,1268,1237,31
116000149,653,323,330
116000151,904,553,351
116000153,122,548,-426
116000155,112,474,-362
116000156,1180,283,897
116000157,175,6,169
116000158,658,116,542
116000159,29,16,13
116000160,78,17,61
116000161,3,62,-59
116000162,21,345,-324
116000163,138,4,134
116000164,17,9,8
116000177,113,1217,-1104
116000194,41,271,-230
116000195,2114,748,1366
116000196,43,3,40
116000197,77,36,41
116000198,1862,890,972
116000200,550,1253,-703
116000201,480,299,181
116000202,31,157,-126
116000203,0,7,-7
116000204,2,6,-4
116000205,0,53,-53
116000206,1,126,-125
116000207,5,268,-263
116000233,108,144,-36
116000287,459,49,410
116000288,619,163,456
116000292,178,73,105
116000296,43,88,-45
116000297,218,2,216
116000304,342,27,315
116000305,8,52,-44
116000346,507,99,408
116000352,128,61,67
116000354,39,63,-24
116000357,0,14,-14
116000358,601,244,357
116000361,82,0,82
116000372,2905,9402,-6497
116000381,301,0,301
116000388,21,29,-8
116000389,897,71,826
116000445,1996,191,1805
116000446,1113,200,913
116000447,61,472,-411
116000448,469,31,438
116000563,445,619,-174
116000565,113,181,-68
116000568,44,438,-394
116000579,36,215,-179
116000583,121,41,80
116000584,75,6,69
116000585,75,65,10
116000586,45,73,-28
116000587,280,83,197
116000589,46,31,15
116000590,243,70,173
116000591,350,67,283
116000592,2,8,-6
116000593,0,4,-4
116000594,1714,119,1595
116000595,1110,21,1089
116000596,416,3,413
116000597,741,322,419
116000598,76,105,-29
116000605,141,65,76
116000606,93,334,-241
116000607,0,21,-21
116000609,19,1857,-1838
116000611,358,67,291
116000612,2590,1934,656
116000613,1046,419,627
116000614,555,99,456
116000615,1,357,-356
116000616,117,51,66
116000617,338,3,335
116000618,4,18,-14
116000619,21,92,-71
116000620,650,185,465
116000621,137,70,67
116000622,153,52,101
116000624,133,200,-67
116000627,465,16,449
116000628,237,101,136
116000629,91,38,53
116000630,987,11,976
116000631,677,47,630
116000632,2029,14,2015
116000633,1009,108,901
116000634,1150,52,1098
116000635,1859,2434,-575
116000636,485,1258,-773
116000637,1246,7,1239
116000638,300,178,122
116000639,129,1,128
116000640,32,42,-10
116000641,23,29,-6
116000643,0,57,-57
116000644,86,102,-16
116000645,105,2,103
116900001,153,52,101
116900002,290,2,288
116900003,113,2,111
116900004,70,99,-29
116900005,437,8,429
116900006,47,124,-77
116900007,105,79,26
116900008,1271,82,1189
116900009,22,25,-3
116900010,2915,236,2679
116900011,1,4,-3
116900012,147,153,-6
116900013,4,18,-14
116900014,334,81,253
116900015,1323,22,1301
116900016,399,38,361
116900017,258,188,70
116900018,120,109,11
116900019,2,44,-42
116900020,269,2836,-2567
116900023,16,8,8
116900024,1493,23,1470
116900025,2137,204,1933
116900026,26,260,-234
116900027,89,18,71
116900028,0,13,-13
116900029,1,283,-282
116900031,0,1,-1
116900032,0,49,-49
116900033,28,4,24
116900034,3,8,-5
116900035,217,83,134
116900036,9,56,-47
116900038,2,8,-6
116900041,147,12,135
116900042,186,149,37
116900043,11,19,-8
116900047,34,492,-458
116900049,24,70,-46
116900050,43,131,-88
116900051,602,17,585
116900052,128,54,74
116900055,0,33,-33
116900057,45,67,-22
116900058,11,205,-194
116900059,0,18,-18
116900060,93,312,-219
116900062,0,47,-47
116900064,65,98,-33
116900065,2,57,-55
116900067,107,15,92
116900068,241,72,169
116900070,21,2,19
116900072,37,48,-11
116900073,0,31,-31
116900074,12,10,2
116900076,26,109,-83
116900077,0,25,-25
116900078,81,26,55
116900079,68,52,16
116900080,0,4,-4
116900081,162,246,-84
116900082,126,1334,-1208
116900083,3,5,-2
116900084,75,24,51
116900085,1,37,-36
116900086,29,95,-66
116900088,183,3,180
116900090,2,3,-1
116900091,994,20,974
116900092,160,168,-8
116900093,1786,994,792
116900094,3867,6936,-3069
116900095,366,138,228
116900096,113,520,-407
116900097,849,6056,-5207
116900098,397,181,216
116900099,108,431,-323
116900100,1954,101,1853
116900101,215,478,-263
116900103,12,0,12
116900104,5,183,-178
116900105,711,322,389
116900106,1891,4,1887
116900107,494,4086,-3592
116900110,28,0,28
116900111,1361,248,1113
116900112,368,176,192
116900113,661,3014,-2353
116900116,17,369,-352
116900117,360,178,182
116900118,721,1176,-455
116900120,561,52,509
116900121,554,44,510
116900122,2120,282,1838
116900123,850,210,640
116900124,64,88,-24
116900125,776,46,730
116900126,137,1026,-889
116900128,0,8,-8
116900129,0,151,-151
116900130,627,5919,-5292
116900131,8,168,-160
116900132,104,49,55
116900133,197,72,125
116900134,291,94,197
116900136,184,129,55
116900137,198,42,156
116900138,124,16,108
116900139,28,63,-35
116900140,104,20,84
116900141,217,33,184
116900142,3,43,-40
116900143,326,46,280
116900144,105,3,102
116900145,68,47,21
116900147,84,1020,-936
116900148,2,10,-8
116900149,49,223,-174
116900150,12,5,7
116900151,50,35,15
116900153,209,116,93
116900154,140,613,-473
116900155,73,67,6
116900157,1590,53,1537
116900158,148,323,-175
116900159,64,454,-390
116900160,1004,478,526
116900161,2996,12657,-9661
116900162,31,89,-58
116900163,625,22,603
116900164,118,28,90
116900165,803,294,509
116900166,207,104,103
116900167,803,23,780
116900168,919,12,907
116900169,105,725,-620
116900170,684,262,422
116900171,52,57,-5
116900172,65,693,-628
116900173,736,6,730
116900174,40,233,-193
116900175,295,314,-19
116900178,63,30,33
116900179,28,613,-585
116900180,157,0,157
116900182,673,123,550
116900183,337,96,241
116900185,39,12,27
116900186,193,33,160
116900187,51,58,-7
116900188,162,3,159
116900189,14,0,14
116900191,128,105,23
116900192,513,122,391
116900194,139,1757,-1618
116900195,13,4,9
116900196,20,17,3
116900197,149,8,141
116900198,43,954,-911
116900200,202,4,198
116900201,420,1,419
116900202,28,30,-2
116900203,245,3,242
116900204,29,375,-346
116900206,73,1,72
116900207,20,12,8
116900208,22,42,-20
116900209,12,26,-14
116900210,318,192,126
116900211,213,1,212
116900212,152,1,151
116900213,145,18,127
116900214,297,118,179
116900215,35,20,15
116900216,232,94,138
116900218,3,65,-62
116900219,398,92,306
116900220,72,108,-36
116900221,215,197,18
116900222,295,191,104
116900223,16,42,-26
116900226,293,11,282
116900227,447,15,432
116900228,656,94,562
116900230,98,49,49
116900231,100,105,-5
116900232,42,120,-78
116900233,590,58,532
116900234,127,3,124
116900235,535,169,366
116900238,266,66,200
116900239,4,1766,-1762
116900240,2824,4364,-1540
116900241,64,46,18
116900242,564,1566,-1002
116900243,0,20,-20
116900245,91,30,61
116900246,184,12,172
116900247,1484,41,1443
116900248,132,7,125
116900249,633,22,611
116900250,961,74,887
116900251,236,1891,-1655
116900252,420,236,184
116900254,84,115,-31
116900255,192,249,-57
116900256,822,251,571
116900257,46,291,-245
116900258,2,16,-14
116900259,459,32,427
116900260,2,10,-8
116900261,149,4,145
116900262,64,65,-1
116900263,0,14,-14
116900264,148,58,90
116900265,269,0,269
116900266,26,9,17
116900267,18,0,18
116900268,5,390,-385
116900269,337,1007,-670
116900271,271,1250,-979
116900272,350,301,49
116900273,34,300,-266
116900274,164,34,130
116900275,329,96,233
116900276,274,543,-269
116900277,74,75,-1
116900278,3,2,1
116900279,10,8,2
116900280,74,5,69
116900281,1919,8543,-6624
116900282,0,8,-8
116900283,0,4,-4
116900284,1,43,-42
116900285,28,513,-485
116900286,93,0,93
116900287,3,12,-9
116900288,301,33,268
116900289,43,2,41
116900290,17,0,17
116900291,30,9,21
116900292,0,40,-40
116900293,126,5,121
116900294,0,50,-50
116900295,197,287,-90
116900296,88,150,-62
116900297,1,47,-46
116900298,16,148,-132
116900299,1,371,-370
116900300,0,110,-110
116900301,34,481,-447
116900302,3,70,-67
116900303,59,221,-162
116900304,0,108,-108
116900305,13,28,-15
116900306,525,49,476
116900307,208,0,208
116900308,0,41,-41
116900309,502,9,493
116900310,84,14,70
117000001,3111,4099,-988
117000002,2244,3010,-766
117000003,6111,2667,3444
117000004,1852,3433,-1581
117000005,5010,1918,3092
117000006,1429,1833,-404
117000007,9263,1125,8138
117000008,1288,1977,-689
117000009,5256,1329,3927
117000010,840,1451,-611
117000011,4741,1073,3668
117000012,2168,1027,1141
117000013,3521,1218,2303
117000014,2067,2510,-443
117000015,3517,1961,1556
117000016,258,491,-233
117000017,68,798,-730
117000018,93,1258,-1165
117000019,50,49,1
117000020,450,2927,-2477
117000021,1710,788,922
117000022,99,459,-360
117000023,61,905,-844
117000024,107,759,-652
117000025,215,3615,-3400
117000026,1805,3322,-1517
117000027,862,2252,-1390
117000028,834,1276,-442
117000030,478,361,117
117000031,741,278,463
117000032,1644,1522,122
117000033,1525,761,764
117000034,251,249,2
117000035,482,320,162
117000036,570,362,208
117000037,379,228,151
117000038,265,403,-138
117000039,238,234,4
117000040,71,368,-297
117000041,1719,89,1630
117000044,3,140,-137
117000045,1197,402,795
117000046,241,951,-710
117000047,1094,959,135
117000048,1123,592,531
117000049,42,308,-266
117000050,790,1655,-865
117000051,3571,64,3507
117000052,177,97,80
117000053,1643,20,1623
117000054,2488,5,2483
117000055,11,537,-526
117000056,795,62,733
117000057,528,898,-370
117000060,468,669,-201
117000061,2610,1914,696
117000062,168,557,-389
117000063,1664,668,996
117000064,533,432,101
117000066,189,441,-252
117000067,95,507,-412
117000074,7,210,-203
117000076,32,27,5
117000077,185,75,110
117000078,143,686,-543
117000079,288,108,180
117000080,0,543,-543
117000081,795,119,676
117000082,48,207,-159
117000083,410,462,-52
117000084,190,0,190
117000085,826,1097,-271
117000086,553,305,248
117000087,317,434,-117
117000088,540,116,424
117000089,3936,140,3796
117000090,459,309,150
117000091,2232,88,2144
117000092,589,453,136
117000093,3059,188,2871
117000094,956,525,431
117000095,4446,241,4205
117000096,827,567,260
117000097,3820,532,3288
117000098,1257,1009,248
117000099,6287,695,5592
117000100,365,238,127
117000101,110,414,-304
117000102,3018,319,2699
117000103,320,533,-213
117000104,2589,406,2183
117000105,381,474,-93
117000106,2726,284,2442
117000107,515,620,-105
117000108,3321,598,2723
117000109,599,866,-267
117000110,2096,1989,107
117000111,3947,3206,741
117000112,4511,721,3790
117000113,69,93,-24
117000114,344,188,156
117000115,60,20,40
117000116,281,180,101
117000117,1472,808,664
117000118,470,578,-108
117000119,118,652,-534
117000120,27,838,-811
117000121,29,755,-726
117000122,968,1666,-698
117000123,2023,26,1997
117000124,8,160,-152
117000125,45,716,-671
117000126,27,22,5
117000127,92,391,-299
117000128,62,882,-820
117000129,297,1909,-1612
117000130,413,0,413
117000131,0,128,-128
117000132,7285,18,7267
117000133,6008,13,5995
117000134,0,109,-109
117000135,4,135,-131
117000136,1,22,-21
117000137,426,93,333
117000138,38,901,-863
117000140,391,428,-37
117000141,2494,343,2151
117000181,228,134,94
117000182,2659,2091,568
117000195,171,219,-48
117000196,530,202,328
117000225,21,361,-340
117000226,2,320,-318
117000276,590,50,540
117000277,0,89,-89
117000310,742,3805,-3063
117000315,231,860,-629
117000320,113,0,113
117000906,1007,15,992
117000907,3,117,-114
117000909,129,90,39
117000910,258,65,193
117000911,21,84,-63
117000915,1,87,-86
117000916,175,6,169
117000917,1990,75,1915
117000918,391,90,301
117000919,1,20,-19
117000920,0,749,-749
117000921,0,269,-269
117000922,14,54,-40
117000924,1674,1022,652
117000926,566,478,88
117000927,348,559,-211
117000928,0,96,-96
117000929,1243,113,1130
117000930,1429,4,1425
117000931,122,44,78
117900002,22,928,-906
117900003,54,68,-14
117900005,0,258,-258
117900006,0,33,-33
117900007,222,46,176
117900008,0,26,-26
117900010,685,50,635
117900011,7,873,-866
117900012,96,51,45
117900013,1,320,-319
117900014,922,287,635
117900015,11,87,-76
117900016,938,1602,-664
117900017,2003,644,1359
117900018,572,521,51
117900019,1395,275,1120
117900020,55,205,-150
117900021,32,183,-151
117900023,2999,91,2908
117900024,108,194,-86
117900025,18,0,18
117900026,711,274,437
117900028,183,6,177
117900029,445,308,137
117900031,468,581,-113
117900032,1502,546,956
117900033,867,316,551
117900034,132,25,107
117900035,499,555,-56
117900036,394,186,208
117900037,356,33,323
117900038,71,41,30
117900039,0,48,-48
117900040,281,50,231
117900041,0,23,-23
117900042,2062,657,1405
117900043,0,4,-4
117900044,61,6981,-6920
117900045,330,81,249
117900048,378,147,231
117900049,470,691,-221
117900050,3,442,-439
117900051,68,37,31
117900052,168,697,-529
117900053,2704,149,2555
117900054,0,8,-8
117900055,1722,320,1402
117900056,4,137,-133
117900057,1271,453,818
117900058,2,119,-117
117900059,97,216,-119
117900060,3781,1109,2672
117900061,2,341,-339
117900063,849,261,588
117900065,183,671,-488
117900066,9,242,-233
117900067,1587,100,1487
117900069,2048,102,1946
117900070,27,478,-451
117900071,209,101,108
117900073,1747,65,1682
117900074,9,704,-695
117900075,184,71,113
117900076,62,146,-84
117900077,1156,60,1096
117900078,689,432,257
117900080,342,27,315
117900081,193,119,74
117900082,1166,212,954
117900083,1498,382,1116
117900086,291,57,234
117900087,154,7,147
117900088,447,686,-239
117900089,3737,400,3337
117900090,1551,744,807
117900091,159,54,105
117900092,300,50,250
117900093,255,18,237
117900094,98,27,71
117900095,889,1713,-824
117900096,391,299,92
117900097,256,10,246
117900098,227,13,214
117900099,353,809,-456
117900100,1108,1,1107
117900101,1241,3173,-1932
117900102,143,12,131
117900103,143,0,143
117900104,3,508,-505
117900105,35,154,-119
117900106,140,12,128
117900107,144,0,144
117900109,1558,362,1196
117900110,483,2,481
117900111,2037,187,1850
117900112,154,0,154
117900113,815,2891,-2076
117900114,127,0,127
117900115,2,364,-362
117900116,649,364,285
117900117,1120,126,994
117900118,468,1,467
117900119,424,7,417
117900120,993,36,957
117900121,134,25,109
117900122,781,8107,-7326
117900123,1292,512,780
117900124,241,467,-226
117900125,2028,707,1321
117900126,91,140,-49
117900127,1137,188,949
117900128,621,269,352
117900129,260,1,259
117900130,1144,522,622
117900131,3,69,-66
117900132,2,46,-44
117900133,13,24,-11
117900134,81,70,11
117900135,34,54,-20
117900136,0,2,-2
117900137,36,63,-27
117900138,0,3,-3
117900139,92,67,25
117900140,6836,107,6729
117900141,37,292,-255
117900142,29,519,-490
117900144,11,891,-880
117900145,0,587,-587
117900146,231,356,-125
117900147,146,65,81
117900148,2107,4160,-2053
117900149,108,28,80
117900150,161,30,131
117900151,88,172,-84
117900152,27,120,-93
117900153,16,169,-153
117900154,938,464,474
117900156,294,241,53
117900157,141,334,-193
117900158,432,28,404
117900160,1160,691,469
117900161,607,347,260
117900162,1073,415,658
117900163,21,1009,-988
117900165,0,1,-1
117900166,10,162,-152
117900168,187,81,106
117900169,2,37,-35
117900170,0,19,-19
117900171,0,4,-4
117900172,21,7,14
117900173,16,16,0
117900174,7,60,-53
117900175,5,13,-8
117900176,26,13,13
117900177,28,23,5
117900178,34,12,22
117900180,130,36,94
117900181,77,656,-579
117900182,0,95,-95
117900183,204,77,127
117900184,62,187,-125
117900185,116,14,102
117900186,115,15,100
117900187,67,6,61
117900188,189,12,177
117900189,51,16,35
117900190,7,0,7
117900191,35,0,35
117900192,203,0,203
117900193,0,38,-38
117900194,9,0,9
117900195,28,49,-21
117900196,46,8,38
117900207,40,101,-61
117900208,8,34,-26
117900209,318,103,215
117900210,62,66,-4
117900211,1,61,-60
117900212,173,80,93
117900213,28,2,26
117900214,13,9,4
117900215,175,18,157
117900216,188,24,164
117900217,55,144,-89
117900218,75,381,-306
117900219,28,171,-143
117900220,11,219,-208
117900222,217,94,123
117900223,129,550,-421
118000001,578,2259,-1681
118000002,268,746,-478
118000003,1904,3874,-1970
118000004,824,4020,-3196
118000005,3451,1657,1794
118000006,2913,2908,5
118000007,4078,10123,-6045
118000008,776,8104,-7328
118000009,1172,3214,-2042
118000010,3381,3635,-254
118000011,2916,754,2162
118000012,944,1436,-492
118000013,2167,2102,65
118000014,1541,1005,536
118000016,402,94,308
118000017,608,343,265
118000018,423,97,326
118000019,1149,1753,-604
118000020,329,1237,-908
118000021,331,1781,-1450
118000022,664,365,299
118000023,487,241,246
118000024,319,600,-281
118000027,7501,4519,2982
118000029,529,372,157
118000032,275,1355,-1080
118000033,1420,3293,-1873
118000034,1715,2098,-383
118000035,1350,1541,-191
118000036,1006,837,169
118000037,752,1217,-465
118000038,820,82,738
118000039,196,65,131
118000040,2080,1203,877
118000041,4285,1461,2824
118000045,165,183,-18
118000046,472,1000,-528
118000047,238,2057,-1819
118000048,1252,2874,-1622
118000051,708,2046,-1338
118000052,209,907,-698
118000053,343,915,-572
118000054,2472,939,1533
118000055,2043,1133,910
118000056,92,507,-415
118000057,188,417,-229
118000058,1328,4408,-3080
118000059,904,2781,-1877
118000060,1108,495,613
118000061,1345,1462,-117
118000062,438,166,272
118000063,200,667,-467
118000064,500,1022,-522
118000065,1581,1534,47
118000066,1156,2632,-1476
118000067,419,545,-126
118000068,453,11330,-10877
118000069,793,1237,-444
118000070,5285,2189,3096
118000071,2992,11357,-8365
118000072,593,4914,-4321
118000073,298,1903,-1605
118000074,456,1333,-877
118000075,570,641,-71
118000076,1701,8864,-7163
118000077,808,1117,-309
118000078,1798,2247,-449
118000079,149,408,-259
118000080,326,718,-392
118000081,1302,1434,-132
118000082,356,796,-440
118000083,877,1074,-197
118000084,1038,2512,-1474
118000086,123,492,-369
118000087,2658,1720,938
118000088,1046,1326,-280
118000089,2994,3550,-556
118000090,1200,3807,-2607
118000091,803,5621,-4818
118000092,768,443,325
118000093,54,535,-481
118000096,553,339,214
118000097,541,457,84
118000098,158,150,8
118000099,907,230,677
118000101,1878,271,1607
118000102,409,353,56
118000107,1331,247,1084
118000108,418,7497,-7079
118000110,0,30,-30
118000111,0,79,-79
118000112,2993,8,2985
118000113,0,226,-226
118000114,2178,43,2135
118000115,2,24,-22
118000116,118,0,118
118000117,472,650,-178
118000118,1235,1174,61
118000119,1712,1407,305
118000120,749,532,217
118000121,38,361,-323
118000122,361,236,125
118000123,47,210,-163
118000125,580,1326,-746
118000126,605,2871,-2266
118000127,986,644,342
118000128,242,1273,-1031
118000129,1304,870,434
118000130,1636,2326,-690
118000131,275,744,-469
118000132,2227,1956,271
118000133,2353,908,1445
118000135,518,838,-320
118000136,92,833,-741
118000137,365,70,295
118000138,441,317,124
118000139,621,137,484
118000140,3638,8924,-5286
118000141,3226,1127,2099
118000142,3563,1241,2322
118000143,3456,1132,2324
118000144,594,176,418
118000145,1233,392,841
118000146,1662,157,1505
118000147,1283,422,861
118000148,1712,1681,31
118000149,1089,337,752
118000150,980,378,602
118000151,848,108,740
118000153,2091,394,1697
118000154,3599,700,2899
118000155,2595,489,2106
118000156,1617,3621,-2004
118000157,660,257,403
118000158,389,689,-300
118000159,57,111,-54
118000160,742,204,538
118000161,609,249,360
118000162,1822,506,1316
118000163,855,856,-1
118000164,1914,1076,838
118000168,382,880,-498
118000169,964,647,317
118000170,2257,1666,591
118000171,380,306,74
118000172,59,139,-80
118000173,982,1208,-226
118000175,243,172,71
118000176,403,143,260
118000177,351,373,-22
118000178,40,23,17
118000179,431,476,-45
118000180,437,298,139
118000181,418,77,341
118000182,279,79,200
118000183,221,118,103
118000184,1480,302,1178
118000185,318,1655,-1337
118000186,262,1194,-932
118000187,2736,247,2489
118000188,1411,40,1371
118000189,1438,171,1267
118000190,9,2,7
118000191,39,25,14
118000192,13,103,-90
118000193,3,199,-196
118000194,1535,880,655
118000195,137,3034,-2897
118000196,36,615,-579
118000197,64,370,-306
118000198,225,1677,-1452
118000199,227,1252,-1025
118000200,29,698,-669
118000201,67,1034,-967
118000202,10,708,-698
118000203,265,1798,-1533
118000204,28,730,-702
118000205,88,308,-220
118000206,159,357,-198
118000207,0,78,-78
118000208,1646,894,752
118000209,2704,390,2314
118000210,293,2,291
118000211,261,24,237
118000213,385,3634,-3249
118000214,144,693,-549
118000215,444,86,358
118000216,10199,1897,8302
118000217,21,40,-19
118000218,77,24,53
118000219,190,199,-9
118000220,76,45,31
118000221,934,976,-42
118000222,165,1,164
118000223,113,15,98
118000224,80,51,29
118000225,184,612,-428
118000226,2146,119,2027
118000227,486,616,-130
118000228,13,209,-196
118000229,26,688,-662
118000230,141,108,33
118000231,7,177,-170
118000232,1065,180,885
118000233,1471,309,1162
118000234,563,74,489
118000236,299,239,60
118000237,123,145,-22
118000238,248,78,170
118000239,307,311,-4
118000240,74,100,-26
118000241,293,51,242
118000242,630,89,541
118000243,310,135,175
118000244,131,10,121
118000246,10,47,-37
118000255,41,181,-140
118000256,175,128,47
118000259,12,81,-69
118000260,254,17,237
118000261,75,4,71
118000263,73,208,-135
118000266,180,115,65
118000267,0,204,-204
118000268,392,6,386
118000270,237,10,227
118000271,317,219,98
118000272,61,18,43
118000273,459,19,440
118000274,58,78,-20
118000276,307,34,273
118000295,18,88,-70
118000298,115,112,3
118000299,45,47,-2
118000301,0,67,-67
118000302,101,12,89
118000311,1874,69,1805
118000312,480,49,431
118000313,87,25,62
118000314,157,27,130
118000315,33,16,17
118000316,1172,260,912
118000325,113,1,112
118000326,34,34,0
118000331,79,1,78
118000332,39,8,31
118000333,36,6,30
118000335,1307,1,1306
118000336,0,148,-148
118000407,343,19,324
118000457,1,67,-66
118000465,432,1971,-1539
118000480,106,30,76
118000489,87,735,-648
118000490,4,175,-171
118000492,971,144,827
118000510,12,6,6
118000514,52,275,-223
118000515,392,1989,-1597
118000517,247,176,71
118000524,233,352,-119
118000525,281,453,-172
118000530,15,114,-99
118000531,590,181,409
118000532,236,111,125
118000533,214,106,108
118000534,704,181,523
118000535,377,36,341
118000536,34,277,-243
118000537,9,41,-32
118000538,44,84,-40
118000539,9,101,-92
118000540,160,91,69
118000541,116,52,64
118000542,70,183,-113
118000543,356,216,140
118000546,58,18,40
118000553,0,0,0
118000560,570,2612,-2042
118000562,76,20,56
118000563,1136,470,666
118000576,124,14,110
118000577,394,226,168
118000578,115,10,105
118000579,550,2243,-1693
118000583,0,0,0
118000595,323,40,283
118000596,0,258,-258
118000597,366,86,280
118000598,7,0,7
118000599,339,34,305
118000600,0,1,-1
118000601,3,0,3
118000602,2,24,-22
118000603,0,7,-7
118000605,63,30,33
118000606,35,13,22
118900001,399,1021,-622
118900002,629,894,-265
118900003,642,1,641
118900004,107,5,102
118900005,52,2,50
118900006,153,0,153
118900007,0,0,0
118900008,774,16,758
118900009,125,139,-14
118900010,64,8,56
118900011,244,15,229
118900012,226,170,56
118900013,1284,678,606
118900015,469,36,433
118900016,3,2,1
118900017,6,233,-227
118900018,837,31,806
118900019,0,4,-4
118900020,0,62,-62
118900021,63,467,-404
118900022,93,26,67
118900023,8,70,-62
118900024,83,99,-16
118900025,23,77,-54
118900026,42,11,31
118900027,180,137,43
118900028,246,76,170
118900029,199,296,-97
118900030,1133,49,1084
118900031,88,32,56
118900032,229,72,157
118900033,384,660,-276
118900034,296,31,265
118900035,98,71,27
118900036,1320,194,1126
118900037,349,772,-423
118900038,604,23,581
118900039,1144,65,1079
118900040,155,72,83
118900041,914,119,795
118900042,158,37,121
118900045,125,180,-55
118900046,233,350,-117
118900047,298,560,-262
118900048,82,284,-202
118900049,22,12,10
118900050,181,7,174
118900051,117,103,14
118900052,230,276,-46
118900053,2,39,-37
118900054,213,47,166
118900055,231,17,214
118900056,125,151,-26
118900057,694,312,382
118900058,629,374,255
118900059,14,88,-74
118900060,202,75,127
118900062,201,81,120
118900064,119,555,-436
118900065,38,137,-99
118900066,147,68,79
118900067,2449,4981,-2532
118900068,8,634,-626
118900069,726,73,653
118900071,0,5,-5
118900072,588,803,-215
118900073,550,36,514
118900074,134,38,96
118900075,353,10,343
118900076,228,93,135
118900077,562,81,481
118900078,0,0,0
118900079,10,45,-35
118900080,143,25,118
118900081,66,45,21
118900082,2198,218,1980
118900083,6,0,6
118900084,19,5,14
118900085,202,112,90
118900086,32,96,-64
118900087,65,1068,-1003
118900088,6,2,4
118900089,8,7,1
118900090,231,41,190
118900091,122,192,-70
118900092,229,16,213
118900093,54,10,44
118900096,61,100,-39
118900097,329,190,139
118900099,25,27,-2
118900100,53,70,-17
118900101,171,94,77
118900102,32,86,-54
118900103,2,64,-62
118900104,268,89,179
118900105,95,6,89
118900107,24,38,-14
118900108,18,57,-39
118900110,728,1113,-385
118900111,721,242,479
118900112,296,218,78
118900113,321,104,217
118900114,0,41,-41
118900115,68,318,-250
118900116,95,33,62
118900117,197,29,168
118900118,443,100,343
118900119,433,87,346
118900120,16,215,-199
118900121,4,68,-64
118900122,1,734,-733
118900123,89,162,-73
118900124,138,132,6
118900126,63,186,-123
118900129,318,83,235
118900130,12,62,-50
118900131,571,162,409
118900132,390,118,272
118900133,4,147,-143
118900135,325,118,207
118900136,339,70,269
118900137,6,92,-86
118900139,556,96,460
118900140,688,255,433
118900141,167,180,-13
118900144,215,108,107
118900145,4,152,-148
118900146,645,272,373
118900147,79,353,-274
118900148,73,4,69
118900150,342,553,-211
118900152,447,260,187
118900157,21,193,-172
118900158,298,6,292
118900159,0,120,-120
118900161,57,27,30
118900163,37,11,26
118900164,1,50,-49
118900165,106,82,24
118900166,0,0,0
118900167,56,21,35
118900168,83,227,-144
118900169,180,145,35
118900170,468,57,411
118900171,93,1,92
118900174,28,25,3
118900175,553,195,358
118900176,155,106,49
118900177,161,8,153
118900178,93,24,69
118900179,69,6,63
118900181,190,26,164
118900182,30,15,15
118900183,59,72,-13
118900184,152,9,143
118900185,501,44,457
118900186,57,79,-22
118900187,92,517,-425
118900188,256,175,81
118900189,45,613,-568
118900190,88,68,20
118900191,576,34,542
118900192,819,5,814
118900193,1714,3,1711
118900195,117,259,-142
118900196,4,34,-30
118900197,601,18,583
118900198,68,0,68
118900199,104,7,97
118900200,46,35,11
118900201,71,48,23
118900202,3,44,-41
118900203,48,2,46
118900204,11,14,-3
118900205,0,2,-2
118900206,0,0,0
119000001,1536,1147,389
119000002,2999,2236,763
119000003,5052,658,4394
119000004,3443,2190,1253
119000005,2245,2748,-503
119000006,6555,1987,4568
119000007,4048,3138,910
119000008,1717,1551,166
119000009,2191,6163,-3972
119000010,3640,3937,-297
119000011,1606,1521,85
119000012,774,2614,-1840
119000013,3074,1376,1698
119000014,1849,2074,-225
119000019,297,86,211
119000020,2835,1380,1455
119000021,5203,3454,1749
119000022,780,3733,-2953
119000023,149,214,-65
119000024,1298,20942,-19644
119000025,2643,865,1778
119000026,33,259,-226
119000027,130,302,-172
119000028,1425,449,976
119000029,12,107,-95
119000030,665,596,69
119000031,1332,445,887
119000032,958,1260,-302
119000033,2041,807,1234
119000034,1805,433,1372
119000035,22,102,-80
119000036,3281,232,3049
119000037,2037,415,1622
119000038,369,225,144
119000039,687,467,220
119000040,995,1198,-203
119000041,1046,2023,-977
119000048,1722,697,1025
119000049,2988,857,2131
119000050,899,1582,-683
119000051,2418,977,1441
119000052,2071,1759,312
119000053,2389,816,1573
119000054,3474,602,2872
119000055,6662,838,5824
119000056,4359,866,3493
119000057,1848,363,1485
119000058,1204,494,710
119000059,618,445,173
119000060,2106,438,1668
119000061,874,243,631
119000062,712,510,202
119000063,672,555,117
119000064,452,456,-4
119000065,797,1678,-881
119000066,1671,1099,572
119000067,1211,581,630
119000068,2098,375,1723
119000069,1761,647,1114
119000070,4220,250,3970
119000071,424,183,241
119000072,2579,1815,764
119000073,4595,9881,-5286
119000074,1796,804,992
119000075,5395,1681,3714
119000076,165,206,-41
119000077,1047,229,818
119000078,518,157,361
119000079,423,187,236
119000080,959,93,866
119000081,396,156,240
119000082,993,148,845
119000083,570,476,94
119000084,380,155,225
119000085,332,36,296
119000086,322,1011,-689
119000087,491,83,408
119000088,168,75,93
119000089,50,123,-73
119000090,58,18,40
119000091,42,151,-109
119000092,89,94,-5
119000093,2450,1272,1178
119000094,5347,4225,1122
119000095,3128,2141,987
119000097,982,442,540
119000098,1206,5216,-4010
119000099,1454,494,960
119000100,4721,2357,2364
119000101,3314,1365,1949
119000102,294,1770,-1476
119000103,748,531,217
119000104,940,361,579
119000105,785,3163,-2378
119000106,448,251,197
119000107,2082,661,1421
119000108,698,308,390
119000109,181,118,63
119000110,154,52,102
119000111,46,474,-428
119000112,92,24,68
119000113,534,82,452
119000114,847,1397,-550
119000115,51,119,-68
119000116,136,69,67
119000117,95,217,-122
119000118,22,0,22
119000123,1586,1956,-370
119000124,1703,118,1585
119000125,5765,304,5461
119000126,2642,309,2333
119000127,1092,187,905
119000128,29,0,29
119000131,1024,133,891
119000132,0,1,-1
119000133,6,4,2
119000134,614,495,119
119000135,197,103,94
119000136,314,31,283
119000137,520,67,453
119000138,1099,45,1054
119000139,111,33,78
119000140,114,264,-150
119000284,928,1246,-318
119000285,1192,623,569
119000286,2504,1973,531
119000287,1343,1152,191
119000288,2173,556,1617
119000289,1191,2017,-826
119000290,262,243,19
119000291,79,319,-240
119000293,77,281,-204
119000294,41,20,21
119000295,1714,185,1529
119000296,300,66,234
119000302,1117,1052,65
119000303,19,121,-102
119000314,1391,14283,-12892
119000315,0,79,-79
119000316,260,58,202
119000317,129,88,41
119000319,1351,157,1194
119900001,77,1915,-1838
119900002,235,136,99
119900003,1,113,-112
119900004,98,2909,-2811
119900005,442,23,419
119900006,36,386,-350
119900007,398,152,246
119900008,6,143,-137
119900009,394,181,213
119900010,644,210,434
119900011,30,379,-349
119900012,3,161,-158
119900013,929,736,193
119900014,422,39,383
119900015,434,35,399
119900016,20,35,-15
119900017,43,35,8
119900018,511,1924,-1413
119900019,49,3,46
119900020,21,35,-14
119900021,123,13,110
119900022,70,1175,-1105
119900023,295,2793,-2498
119900025,515,9,506
119900026,307,46,261
119900027,5,3,2
119900028,271,254,17
119900029,3,1,2
119900030,522,233,289
119900031,48,716,-668
119900033,813,146,667
119900034,1058,10,1048
119900037,445,13,432
119900038,4,413,-409
119900039,59,3,56
119900040,108,25,83
119900041,238,6,232
119900042,39,296,-257
119900043,111,106,5
119900044,85,633,-548
119900046,339,6,333
119900047,434,293,141
119900049,236,0,236
119900050,31,91,-60
119900051,2053,4,2049
119900052,147,8,139
119900053,367,126,241
119900054,458,14,444
119900055,1283,121,1162
119900057,521,5,516
119900058,522,9,513
119900059,79,15,64
119900060,499,22,477
119900061,856,3,853
119900062,217,2,215
119900063,5,77,-72
119900065,281,3,278
119900067,123,52,71
119900068,889,3,886
119900069,156,1,155
119900070,869,4,865
119900071,1009,26,983
119900073,905,39,866
119900074,6,51,-45
119900075,960,1273,-313
119900076,138,29,109
119900077,1239,173,1066
119900078,762,364,398
119900079,971,23,948
119900080,490,171,319
119900081,1871,3,1868
119900082,2054,95,1959
119900083,524,51,473
119900084,507,117,390
119900085,37,12,25
119900086,310,283,27
119900087,159,297,-138
119900088,25,1,24
119900089,31,47,-16
119900090,35,8,27
119900091,61,162,-101
119900092,3,216,-213
119900093,995,74,921
119900094,5,162,-157
119900095,155,8,147
119900096,11,23,-12
119900097,37,277,-240
119900098,19,1,18
119900099,11,32,-21
119900100,395,2434,-2039
119900101,81,465,-384
119900102,19,51,-32
119900103,39,24,15
119900104,11,28,-17
119900105,385,618,-233
119900106,3,27,-24
119900107,139,542,-403
119900108,2156,296,1860
119900109,20,57,-37
119900110,584,292,292
119900111,366,111,255
119900112,373,806,-433
119900113,50,150,-100
119900114,271,208,63
119900115,706,145,561
119900116,103,343,-240
119900117,223,95,128
119900118,129,136,-7
119900119,313,73,240
119900120,412,137,275
119900121,726,169,557
119900122,57,63,-6
119900123,80,88,-8
119900124,273,134,139
119900125,10,95,-85
119900126,920,79,841
119900127,338,109,229
119900128,527,473,54
119900129,290,66,224
119900130,1,25,-24
119900131,16,39,-23
119900132,60,51,9
119900133,149,40,109
119900134,312,68,244
119900135,0,129,-129
119900136,61,87,-26
119900138,101,118,-17
119900139,12,218,-206
119900140,0,17,-17
119900141,13,815,-802
119900142,0,27,-27
119900143,14,76,-62
119900144,651,70,581
119900145,53,31,22
119900146,166,39,127
119900147,1,129,-128
119900148,390,20,370
119900149,184,7467,-7283
119900150,69,36,33
119900151,875,607,268
119900152,141,100,41
119900153,313,16,297
119900154,44,262,-218
119900155,24,11,13
119900156,2,0,2
119900157,165,40,125
119900158,192,39,153
119900159,1,109,-108
119900160,6,61,-55
119900161,144,41,103
119900162,1652,353,1299
119900163,107,84,23
119900164,0,0,0
119900165,172,10,162
119900166,78,14,64
119900167,0,9,-9
119900168,1964,131,1833
119900169,14,221,-207
119900170,111,153,-42
119900171,646,224,422
119900172,19,7,12
119900173,1,21,-20
119900174,15,51,-36
119900175,2580,211,2369
119900177,11,44,-33
119900178,0,47,-47
119900179,262,1256,-994
119900180,1390,539,851
119900181,4,18,-14
119900182,0,88,-88
119900183,76,289,-213
119900184,407,185,222
119900185,12,280,-268
119900186,7,1685,-1678
119900187,0,157,-157
119900188,190,160,30
119900189,39,152,-113
119900190,32,222,-190
119900191,108,261,-153
119900192,16,54,-38
119900193,712,81,631
119900194,16,13,3
119900195,2,103,-101
119900196,106,75,31
119900197,307,64,243
119900198,81,400,-319
119900199,105,6,99
119900200,820,410,410
119900201,106,41,65
119900202,19,272,-253
119900203,101,565,-464
119900204,239,208,31
119900205,1370,123,1247
119900206,504,126,378
119900208,189,54,135
119900209,632,1775,-1143
119900210,60,6,54
119900211,37,1,36
119900212,1136,298,838
119900213,0,52,-52
119900214,77,6,71
119900215,46,7,39
119900216,21,14,7
119900217,17,3,14
119900218,2,113,-111
119900219,13,26,-13
119900220,4,4,0
119900221,33,31,2
119900222,10,26,-16
119900223,6,43,-37
119900224,5,4,1
119900225,126,24,102
119900226,72,1702,-1630
119900227,107,46,61
119900228,6,539,-533
119900229,47,109,-62
119900230,674,147,527
119900231,342,51,291
119900232,87,49,38
119900233,34,0,34
119900234,1,55,-54
119900235,0,29,-29
119900236,23,82,-59
119900237,48,276,-228
119900238,2,37,-35
119900240,64,31,33
119900241,151,80,71
119900242,1295,970,325
119900244,384,793,-409
119900245,147,98,49
119900246,74,298,-224
119900247,4,9,-5
119900248,44,598,-554
119900249,429,51,378
119900253,844,256,588
119900254,46,1344,-1298
119900255,132,214,-82
119900256,1276,206,1070
119900257,139,3,136
119900258,143,1,142
119900259,30,27,3
119900260,174,7,167
119900261,527,635,-108
119900262,2,48,-46
119900263,1215,101,1114
119900264,146,7,139
119900265,557,182,375
119900266,472,65,407
119900267,55,128,-73
119900268,266,39,227
119900269,1040,271,769
119900271,23,54,-31
119900272,84,121,-37
119900275,174,0,174
119900276,176,3,173
119900277,13,4,9
119900278,241,13,228
119900279,85,329,-244
119900280,334,24,310
119900281,0,318,-318
119900282,5,77,-72
119900283,28,54,-26
119900284,31,123,-92
119900285,2,110,-108
119900286,0,13,-13
119900288,1,6,-5
119900289,0,0,0
119900290,0,3,-3
119900291,0,2,-2
119900292,42,84,-42
119900293,30,20,10
119900294,19,113,-94
119900295,22,12,10
119900296,76,15,61
119900297,0,8,-8
119900298,0,1,-1
119900299,70,92,-22
119900300,432,261,171
119900301,40,151,-111
119900302,11,43,-32
119900303,510,339,171
119900304,267,11,256
119900305,1,28,-27
119900306,12,1,11
119900307,55,34,21
119900308,5,43,-38
119900309,9,219,-210
119900310,190,75,115
119900311,249,10,239
119900312,147,10,137
119900313,190,104,86
119900314,294,400,-106
119900315,3386,554,2832
119900318,23,83,-60
119900319,0,43,-43
119900320,386,49,337
119900321,313,32,281
120000001,6527,31896,-25369
120000002,2068,1890,178
120000003,1555,611,944
120000004,2301,637,1664
120000005,2167,640,1527
120000006,1516,577,939
120000007,2491,3915,-1424
120000008,1379,523,856
120000009,1053,714,339
120000010,2384,2145,239
120000011,1323,638,685
120000012,1689,792,897
120000013,4144,2191,1953
120000014,1208,889,319
120000015,2908,1116,1792
120000016,3930,1575,2355
120000017,3956,4627,-671
120000018,2340,20445,-18105
120000019,1239,984,255
120000020,1650,2123,-473
120000021,1175,841,334
120000022,2114,2365,-251
120000023,1432,1053,379
120000024,746,1195,-449
120000025,2785,1010,1775
120000026,4231,1073,3158
120000027,2262,1400,862
120000028,455,841,-386
120000029,818,609,209
120000030,248,758,-510
120000031,1473,4156,-2683
120000032,2642,1325,1317
120000033,4365,627,3738
120000034,4859,500,4359
120000035,3663,665,2998
120000036,2975,3773,-798
120000037,453,1854,-1401
120000038,2092,1502,590
120000039,380,1104,-724
120000040,60,2631,-2571
120000041,486,957,-471
120000042,3275,899,2376
120000043,6434,524,5910
120000044,8475,1001,7474
120000045,9869,493,9376
120000046,6788,4474,2314
120000047,481,12462,-11981
120000048,5265,2261,3004
120000049,4488,2419,2069
120000050,3777,3012,765
120000051,1618,4122,-2504
120000052,3844,706,3138
120000053,1354,948,406
120000054,1083,1717,-634
120000055,1052,1752,-700
120000056,3170,1790,1380
120000057,3198,1021,2177
120000058,1218,649,569
120000059,5,1963,-1958
120000061,207,595,-388
120000062,142,92,50
120000063,374,1323,-949
120000064,457,515,-58
120000065,438,696,-258
120000066,148,144,4
120000067,10,102,-92
120000068,457,147,310
120000069,1124,232,892
120000070,248,390,-142
120000071,1331,91,1240
120000072,1533,398,1135
120000073,1545,39,1506
120000074,45,42,3
120000075,1223,222,1001
120000076,3894,412,3482
120000077,3531,297,3234
120000078,2297,500,1797
120000079,715,273,442
120000080,227,114,113
120000081,553,57,496
120000082,622,132,490
120000083,70,820,-750
120000084,168,176,-8
120000085,186,224,-38
120000086,224,128,96
120000087,222,118,104
120000088,660,412,248
120000089,906,175,731
120000090,678,245,433
120000091,1341,716,625
120000092,855,184,671
120000093,1505,309,1196
120000094,355,374,-19
120000095,781,97,684
120000096,446,205,241
120000098,605,569,36
120000099,336,225,111
120000100,726,288,438
120000101,948,319,629
120000102,1153,1005,148
120000103,1943,747,1196
120000104,3587,300,3287
120000105,3531,159,3372
120000106,5549,143,5406
120000107,9295,216,9079
120000108,3256,74,3182
120000109,1591,45,1546
120000110,15,401,-386
120000111,130,393,-263
120000112,342,676,-334
120000113,261,725,-464
120000114,285,528,-243
120000115,344,518,-174
120000116,307,758,-451
120000117,347,433,-86
120000118,74,28,46
120000119,22,33,-11
120000120,254,222,32
120000121,21,35,-14
120000122,194,1103,-909
120000123,1579,12246,-10667
120000124,453,521,-68
120000125,1179,324,855
120000126,403,882,-479
120000127,687,550,137
120000128,2144,2179,-35
120000129,229,113,116
120000130,933,339,594
120000131,648,378,270
120000134,236,124,112
120000135,1287,504,783
120000137,266,173,93
120000138,2835,127,2708
120000139,492,286,206
120000140,2522,139,2383
120000141,320,390,-70
120000142,1102,445,657
120000143,0,18,-18
120000144,100,31,69
120000145,857,0,857
120000146,585,1044,-459
120000149,327,255,72
120000150,1110,11743,-10633
120000151,824,171,653
120000152,1654,53,1601
120000153,1011,286,725
120000154,915,684,231
120000155,552,530,22
120000156,902,2760,-1858
120000157,1719,316,1403
120000158,1400,383,1017
120000159,2235,968,1267
120000160,1542,1337,205
120000161,5056,2402,2654
120000162,104,247,-143
120000163,861,219,642
120000164,1004,98,906
120000165,1909,172,1737
120000166,2592,245,2347
120000167,52,96,-44
120000168,4,295,-291
120000169,14,742,-728
120000170,20,837,-817
120000171,4,191,-187
120000172,5,173,-168
120000173,148,371,-223
120000174,34,79,-45
120000175,34,34,0
120000176,3,48,-45
120000177,258,74,184
120000178,1,8,-7
120000179,23,25,-2
120000180,22,15,7
120000181,22,371,-349
120000182,5,458,-453
120000183,0,136,-136
120000184,44,369,-325
120000186,8,283,-275
120000187,10,279,-269
120000188,22,189,-167
120000190,65,24,41
120000191,78,27,51
120000192,69,4,65
120000193,22,0,22
120000195,23,0,23
120000196,34,1,33
120000197,4,9,-5
120000198,452,25,427
120000199,251,0,251
120000200,495,1,494
120000201,41,84,-43
120000202,0,27,-27
120000203,151,84,67
120000207,3,6,-3
120000208,14,15,-1
120000209,15,3,12
120000210,6,3,3
120000211,882,7,875
120000212,721,1,720
120000213,499,95,404
120000214,0,23,-23
120000215,0,24,-24
120000216,637,38,599
120000217,123,419,-296
120000218,8,315,-307
120000219,0,170,-170
120000220,3,507,-504
120000225,3705,5,3700
120000226,736,15,721
120000227,1136,208,928
120000228,6175,4663,1512
120000230,449,30,419
120000231,2659,339,2320
120000233,1265,40,1225
120000235,725,187,538
120000236,2401,4,2397
120000237,0,279,-279
120000238,1,227,-226
120000241,1306,5677,-4371
120000412,415,14,401
120000413,826,113,713
120000414,303,2,301
120000415,0,33,-33
120000416,292,19,273
120000417,28,530,-502
120000418,578,7,571
120000419,0,34,-34
120000420,218,65,153
120000421,6406,3574,2832
120000422,44,3794,-3750
120000423,2,113,-111
120000424,551,43,508
120000436,50,1789,-1739
120000437,33,28,5
120000438,1043,204,839
120000439,197,825,-628
120000443,184,0,184
120000444,2859,372,2487
120000445,2711,1092,1619
120000446,954,278,676
120000447,985,1,984
120000449,363,29,334
120000450,4,71,-67
120000451,294,61,233
120000452,114,1,113
120000453,0,23,-23
120000454,89,91,-2
120000455,234,40,194
120000456,798,5060,-4262
120000457,259,179,80
120000458,335,289,46
120000459,253,57,196
120000665,58,215,-157
120000668,51,627,-576
120000669,628,76,552
120000670,26,274,-248
120000671,3499,1206,2293
120000672,97,326,-229
120900001,109,40,69
120900002,84,274,-190
120900003,172,1,171
120900004,22,184,-162
120900005,26,371,-345
120900006,1124,106,1018
120900007,93,92,1
120900008,593,119,474
120900009,83,21,62
120900010,1040,143,897
120900011,6,148,-142
120900012,18,1281,-1263
120900013,461,65,396
120900014,0,106,-106
120900015,1633,56,1577
120900016,3101,47,3054
120900017,1159,22,1137
120900018,492,100,392
120900019,525,410,115
120900020,273,389,-116
120900021,629,54,575
120900022,3,95,-92
120900023,733,371,362
120900024,1111,363,748
120900025,863,421,442
120900026,111,34,77
120900027,193,20,173
120900028,790,232,558
120900029,19,1205,-1186
120900030,3113,223,2890
120900031,498,61,437
120900032,2690,176,2514
120900033,2139,106,2033
120900034,9,3771,-3762
120900035,35,24,11
120900037,749,6,743
120900038,112,530,-418
120900039,176,33,143
120900040,765,23,742
120900041,34,3,31
120900042,964,21,943
120900043,214,65,149
120900044,3,402,-399
120900045,219,6,213
120900046,1488,5,1483
120900047,222,299,-77
120900048,294,21,273
120900049,1289,3,1286
120900050,536,4036,-3500
120900051,674,44,630
120900052,2291,10,2281
120900053,605,16,589
120900054,540,96,444
120900055,1378,1,1377
120900056,1070,21,1049
120900057,589,7,582
120900058,1335,3,1332
120900059,364,11,353
120900060,118,6,112
120900061,154,45,109
120900062,790,1,789
120900063,1560,32,1528
120900064,1403,2,1401
120900065,1220,4,1216
120900066,1070,58,1012
120900067,306,103,203
120900068,870,6,864
120900069,882,6,876
120900071,17,0,17
120900072,1763,10,1753
120900073,1469,21,1448
120900074,904,28,876
120900076,1092,2,1090
120900077,666,106,560
120900078,1185,184,1001
120900079,1236,29,1207
120900080,2408,201,2207
120900081,4081,255,3826
120900082,388,352,36
120900083,119,0,119
120900084,641,486,155
120900085,10,67,-57
120900086,47,849,-802
120900087,567,210,357
120900088,212,778,-566
120900089,909,5451,-4542
120900090,337,41,296
120900091,159,751,-592
120900092,91,112,-21
120900093,667,43,624
120900094,130,72,58
120900095,227,8,219
120900096,99,119,-20
120900097,481,236,245
120900098,34,89,-55
120900099,24,43,-19
120900100,49,53,-4
120900101,9,48,-39
120900102,79,8,71
120900103,90,86,4
120900104,5,4,1
120900105,10,187,-177
120900106,181,123,58
120900107,50,75,-25
120900108,22,129,-107
120900109,25,104,-79
120900110,60,90,-30
120900111,206,113,93
120900112,6,124,-118
120900113,8,162,-154
120900114,5,86,-81
120900115,133,171,-38
120900116,1257,88,1169
120900117,3,69,-66
120900118,6,85,-79
120900119,3226,1111,2115
120900120,88,128,-40
120900121,22,150,-128
120900122,1641,163,1478
120900123,1,45,-44
120900124,13,81,-68
120900125,8,161,-153
120900126,59,302,-243
120900127,6,58,-52
120900128,205,462,-257
120900129,2,126,-124
120900130,23,73,-50
120900131,52,94,-42
120900132,1661,48,1613
120900133,13,482,-469
120900134,49,90,-41
120900135,1,298,-297
120900136,15,139,-124
120900137,426,18,408
120900138,3,93,-90
120900139,4,184,-180
120900140,0,129,-129
120900141,157,91,66
120900142,0,91,-91
120900143,0,165,-165
120900144,0,23,-23
120900145,148,1232,-1084
120900146,13,70,-57
120900147,311,7,304
120900148,94,44,50
120900149,0,74,-74
120900150,113,71,42
120900151,299,52,247
120900152,446,14,432
120900153,0,0,0
120900154,4,42,-38
120900155,462,144,318
120900156,1102,127,975
120900157,0,1,-1
120900158,60,202,-142
120900159,0,20,-20
120900160,28,485,-457
120900161,17,113,-96
120900162,9,116,-107
120900163,19,274,-255
120900164,0,19,-19
120900165,0,50,-50
120900166,54,419,-365
120900167,116,17,99
120900169,152,97,55
120900170,171,5959,-5788
120900171,278,67,211
120900172,346,606,-260
120900173,14,11,3
120900174,1,56,-55
120900175,91,33,58
120900176,9,296,-287
120900177,0,2327,-2327
120900178,0,261,-261
120900179,31,142,-111
120900180,42,108,-66
120900181,9,8,1
120900182,36,45,-9
120900183,270,120,150
120900184,60,43,17
120900185,174,801,-627
120900186,0,79,-79
120900187,705,426,279
120900188,546,3,543
120900189,16,4599,-4583
120900190,431,20,411
120900191,223,3,220
120900192,4416,19531,-15115
120900194,130,33,97
120900195,134,76,58
120900196,114,21,93
120900197,888,83,805
120900198,46,252,-206
120900199,272,274,-2
120900200,7,47,-40
120900201,143,47,96
120900202,0,66,-66
120900203,18,43,-25
120900204,31,60,-29
120900205,164,31,133
120900206,86,41,45
120900207,6,622,-616
121000001,631,1359,-728
121000002,1611,1815,-204
121000003,4880,1860,3020
121000004,1667,2942,-1275
121000005,2629,2847,-218
121000006,1833,2637,-804
121000007,2924,3638,-714
121000008,3186,3545,-359
121000009,3934,5710,-1776
121000010,4196,3630,566
121000011,4062,3742,320
121000012,7800,2922,4878
121000013,4609,3947,662
121000014,3495,2399,1096
121000015,3568,5389,-1821
121000016,2890,3177,-287
121000017,1804,1302,502
121000018,1995,1523,472
121000019,5777,5593,184
121000020,6854,10453,-3599
121000021,1087,1450,-363
121000022,1982,2187,-205
121000023,2012,799,1213
121000024,3850,4007,-157
121000025,184,1320,-1136
121000026,151,158,-7
121000027,1120,925,195
121000028,647,574,73
121000029,905,414,491
121000030,534,344,190
121000031,242,457,-215
121000032,142,36,106
121000034,223,575,-352
121000035,122,135,-13
121000036,925,995,-70
121000037,492,864,-372
121000038,250,839,-589
121000039,94,396,-302
121000041,325,251,74
121000042,165,323,-158
121000043,373,381,-8
121000044,1289,630,659
121000045,362,132,230
121000046,698,495,203
121000047,401,291,110
121000049,805,422,383
121000050,202,1295,-1093
121000051,569,224,345
121000052,373,712,-339
121000053,280,184,96
121000054,26,316,-290
121000055,635,1862,-1227
121000056,672,1300,-628
121000057,100,260,-160
121000058,169,48,121
121000059,3244,692,2552
121000060,458,793,-335
121000061,4,401,-397
121000062,64,511,-447
121000063,830,1018,-188
121000064,612,714,-102
121000065,156,484,-328
121000066,579,511,68
121000067,233,773,-540
121000068,285,361,-76
121000069,82,1238,-1156
121000070,790,759,31
121000071,1413,1195,218
121000072,302,700,-398
121000073,908,1441,-533
121000074,41,341,-300
121000075,5,40,-35
121000076,384,213,171
121000077,97,158,-61
121000078,42,96,-54
121000080,1196,371,825
121000081,1971,2958,-987
121000082,84,196,-112
121000083,45,80,-35
121000084,116,136,-20
121000085,165,299,-134
121000086,868,589,279
121000087,65,147,-82
121000088,548,664,-116
121000089,100,405,-305
121000090,219,187,32
121000091,1155,624,531
121000092,168,38,130
121000093,280,127,153
121000094,267,716,-449
121000095,131,554,-423
121000096,4948,1022,3926
121000097,369,1236,-867
121000098,527,344,183
121000099,787,358,429
121000100,1041,136,905
121000101,411,71,340
121000102,365,120,245
121000103,170,247,-77
121000104,355,83,272
121000105,370,22,348
121000106,173,198,-25
121000107,1265,1641,-376
121000109,680,641,39
121000110,169,451,-282
121000114,2277,1481,796
121000115,1632,407,1225
121000116,335,405,-70
121000117,126,279,-153
121000118,1355,193,1162
121000119,275,198,77
121000120,488,557,-69
121000121,415,1099,-684
121000123,508,328,180
121000127,174,106,68
121000128,1432,81,1351
121000129,1412,146,1266
121000130,469,1394,-925
121000131,1305,598,707
121000132,408,616,-208
121000135,110,95,15
121000136,639,1348,-709
121000137,469,381,88
121000138,344,2356,-2012
121000139,143,774,-631
121000141,214,130,84
121000142,383,481,-98
121000143,82,19,63
121000144,472,483,-11
121000145,548,552,-4
121000146,944,885,59
121000147,1232,519,713
121000148,713,537,176
121000149,2351,1763,588
121000152,235,283,-48
121000153,1026,320,706
121000154,1343,460,883
121000155,1842,704,1138
121000156,317,654,-337
121000157,501,714,-213
121000158,211,148,63
121000159,251,322,-71
121000160,261,190,71
121000161,227,300,-73
121000162,240,57,183
121000165,742,1531,-789
121000166,84,343,-259
121000168,487,155,332
121000169,84,57,27
121000170,348,43,305
121000171,48,98,-50
121000172,884,991,-107
121000173,1027,1046,-19
121000174,632,432,200
121000175,1778,245,1533
121000176,384,205,179
121000177,600,506,94
121000178,44,77,-33
121000179,27,48,-21
121000181,209,311,-102
121000182,160,508,-348
121000183,21,170,-149
121000184,7,266,-259
121000185,21,320,-299
121000186,251,701,-450
121000187,276,90,186
121000188,286,30,256
121000192,662,246,416
121000193,659,119,540
121000194,1551,1504,47
121000195,201,1130,-929
121000196,404,360,44
121000197,101,1003,-902
121000198,111,180,-69
121000199,264,571,-307
121000200,643,209,434
121000201,3,130,-127
121000202,570,75,495
121000203,550,901,-351
121000204,2816,392,2424
121000205,128,162,-34
121000206,59,58,1
121000207,2196,696,1500
121000208,7,252,-245
121000209,1243,44,1199
121000210,760,396,364
121000211,537,56,481
121000212,447,514,-67
121000213,14288,3277,11011
121000214,942,1945,-1003
121000215,563,1359,-796
121000216,381,490,-109
121000217,3171,3904,-733
121000218,558,1492,-934
121000219,1285,867,418
121000220,204,45,159
121000221,643,447,196
121000222,5613,2457,3156
121000223,148,679,-531
121000224,132,483,-351
121000225,331,7711,-7380
121000226,946,2733,-1787
121000227,21,100,-79
121000228,14,519,-505
121000229,488,217,271
121000230,71,3065,-2994
121000231,2059,41,2018
121000232,384,264,120
121000233,777,398,379
121000234,1,9,-8
121000235,35,181,-146
121000236,3,19,-16
121000237,24,22,2
121000238,1,27,-26
121000239,104,8,96
121000240,12,85,-73
121000241,108,5,103
121000242,7,78,-71
121000243,188,32,156
121000244,4,23,-19
121000245,16,0,16
121000246,0,38,-38
121000247,160,1,159
121000248,316,181,135
121000249,84,234,-150
121000250,581,711,-130
121000251,4,221,-217
121000252,218,134,84
121000253,404,666,-262
121000254,1245,378,867
121000255,95,499,-404
121000256,259,474,-215
121000257,21,239,-218
121000258,15,225,-210
121000259,33,161,-128
121000260,9,131,-122
121000261,32,190,-158
121000262,1634,248,1386
121000263,484,672,-188
121000271,850,1536,-686
121000273,52,15,37
121000274,17,249,-232
121000275,17,16,1
121000276,6,131,-125
121000278,141,100,41
121000279,44,91,-47
121000280,9,122,-113
121000289,475,15,460
121000290,829,1138,-309
121000294,333,29,304
121000297,136,974,-838
121000299,99,4018,-3919
121000300,1304,484,820
121000302,25,451,-426
121000303,709,90,619
121000304,549,27,522
121000305,244,36,208
121000306,204,168,36
121000308,54,90,-36
121000309,107,169,-62
121000310,116,113,3
121000311,36,99,-63
121000312,396,245,151
121000313,198,117,81
121000314,25,31,-6
121000315,3,58,-55
121000530,2115,1397,718
121000531,1891,1365,526
121000532,3925,4411,-486
121000533,3216,2220,996
121000918,11,66,-55
121000919,27,115,-88
121000938,100,133,-33
121000939,28,214,-186
121000956,2130,1970,160
121000957,3,22,-19
121000958,14,82,-68
121000959,1722,216,1506
121000960,1547,1423,124
121000961,449,38,411
121000962,113,210,-97
121000973,1,468,-467
121000976,0,65,-65
121000979,179,46,133
121000981,598,51,547
121000982,621,397,224
121000983,862,75,787
121000984,0,31,-31
121000985,1290,579,711
121000986,1073,279,794
121000987,240,504,-264
121000988,1544,84,1460
121001302,180,23,157
121001308,1,19,-18
121001309,8,563,-555
121001313,368,200,168
121001314,2082,1649,433
121001315,4268,4142,126
121001326,327,271,56
121900001,115,327,-212
121900002,44,149,-105
121900003,436,4,432
121900004,49,726,-677
121900005,10,7,3
121900006,165,2,163
121900007,1583,980,603
121900008,42,62,-20
121900009,1052,3,1049
121900010,191,1,190
121900011,152,40,112
121900012,17,0,17
121900013,51,58,-7
121900014,2113,376,1737
121900015,56,59,-3
121900016,9,37,-28
121900017,655,743,-88
121900018,679,2,677
121900019,482,138,344
121900020,34,3,31
121900021,1113,46,1067
121900022,218,145,73
121900023,167,227,-60
121900024,175,34,141
121900025,418,344,74
121900026,166,49,117
121900027,245,153,92
121900028,227,14,213
121900029,29,379,-350
121900030,366,298,68
121900031,953,6061,-5108
121900032,75,20,55
121900033,64,269,-205
121900034,211,247,-36
121900035,4098,2219,1879
121900036,114,227,-113
121900037,113,707,-594
121900038,17,11,6
121900039,239,26,213
121900040,20,81,-61
121900041,25,272,-247
121900042,352,59,293
121900043,0,0,0
121900044,19,16,3
121900046,87,133,-46
121900047,74,74,0
121900048,26,31,-5
121900050,51,34,17
121900051,98,484,-386
121900052,112,17,95
121900053,241,322,-81
121900054,461,1487,-1026
121900055,0,14,-14
121900058,230,135,95
121900059,262,118,144
121900060,94,325,-231
121900062,44,49,-5
121900063,1878,445,1433
121900064,550,417,133
121900066,62,42,20
121900067,79,48,31
121900069,110,85,25
121900070,60,186,-126
121900071,660,231,429
121900072,22,48,-26
121900073,142,213,-71
121900074,234,250,-16
121900075,248,721,-473
121900076,416,988,-572
121900078,93,113,-20
121900079,0,0,0
121900080,742,95,647
121900082,118,36,82
121900084,18,5,13
121900086,20,62,-42
121900087,41,26,15
121900088,1007,1054,-47
121900089,447,91,356
121900090,7,23,-16
121900091,68,42,26
121900092,134,107,27
121900093,44,31,13
121900094,7,17,-10
121900095,340,72,268
121900096,689,290,399
121900097,480,64,416
121900098,2,2,0
121900099,335,11,324
121900100,10,127,-117
121900101,126,84,42
121900102,4,30,-26
121900103,362,158,204
121900104,1496,194,1302
121900105,133,80,53
121900106,1,8,-7
121900107,138,17,121
121900108,0,21,-21
121900109,249,105,144
121900110,516,140,376
121900111,399,323,76
121900112,78,88,-10
121900113,23,426,-403
121900114,46,28,18
121900117,82,82,0
121900118,1510,374,1136
121900119,85,44,41
121900120,65,530,-465
121900121,185,7,178
121900122,51,14,37
121900123,221,270,-49
121900124,138,106,32
121900125,1654,746,908
121900127,6,105,-99
121900128,56,20,36
121900129,207,50,157
121900130,24,177,-153
121900131,300,78,222
121900132,112,72,40
121900133,14,654,-640
121900134,1,170,-169
121900135,3494,269,3225
121900136,183,213,-30
121900137,16,269,-253
121900138,46,151,-105
121900139,248,1998,-1750
121900140,50,43,7
121900141,69,14,55
121900142,74,10,64
121900143,12,63,-51
121900144,139,502,-363
121900145,94,184,-90
121900146,219,291,-72
121900147,84,264,-180
121900148,95,175,-80
121900149,188,136,52
121900150,27,103,-76
121900151,5,148,-143
121900152,158,25,133
121900153,2,137,-135
121900154,0,319,-319
121900155,0,161,-161
121900156,92,149,-57
121900157,1,171,-170
121900158,74,89,-15
121900159,1,62,-61
121900160,1,195,-194
121900161,69,103,-34
121900162,9,55,-46
121900163,698,142,556
121900164,109,182,-73
121900165,160,173,-13
121900166,93,78,15
121900167,69,12,57
121900168,115,22,93
121900169,8,166,-158
121900170,18,84,-66
121900171,646,308,338
121900172,423,218,205
121900173,447,341,106
121900174,66,22,44
121900175,19,715,-696
121900176,672,1036,-364
121900177,129,26,103
121900178,58,18,40
121900179,152,220,-68
121900180,822,5467,-4645
121900182,384,356,28
121900183,251,2454,-2203
121900184,11,663,-652
121900186,3,414,-411
121900187,19,21,-2
121900188,1119,68,1051
121900189,93,38,55
121900190,154,290,-136
121900191,23,367,-344
121900192,199,2012,-1813
121900193,21,113,-92
121900194,18,220,-202
121900195,3,17,-14
121900196,688,941,-253
121900197,319,575,-256
121900198,2526,2673,-147
121900199,6,46,-40
121900200,16,141,-125
121900201,616,793,-177
121900202,125,638,-513
121900203,12,599,-587
121900204,916,1734,-818
121900205,4,64,-60
121900206,5,22,-17
121900207,21,38,-17
121900208,45,389,-344
121900209,70,56,14
121900210,2467,1040,1427
121900211,529,268,261
121900212,7,86,-79
121900213,555,32,523
121900214,2,336,-334
121900215,23,173,-150
121900216,4,311,-307
121900217,88,208,-120
121900218,119,545,-426
121900220,70,3,67
121900221,319,243,76
121900222,262,58,204
121900223,41,65,-24
121900224,52,75,-23
121900225,99,383,-284
121900226,104,22,82
121900227,319,1179,-860
121900228,81,108,-27
121900230,29,189,-160
121900231,38,412,-374
121900232,62,263,-201
121900233,139,113,26
121900234,166,181,-15
121900235,724,76,648
121900236,251,81,170
121900237,100,496,-396
121900238,126,132,-6
121900239,88,33,55
121900240,56,64,-8
121900241,18,56,-38
121900242,8,0,8
121900243,1,0,1
121900244,4,0,4
121900245,224,30,194
121900246,6236,197,6039
121900248,769,390,379
121900250,97,153,-56
121900251,284,12,272
121900252,210,64,146
121900253,39,505,-466
121900254,154,187,-33
121900255,424,37,387
121900258,4611,1349,3262
121900259,108,319,-211
121900260,102,46,56
121900261,52,417,-365
121900262,306,1073,-767
121900263,181,80,101
121900264,394,560,-166
121900265,300,54,246
121900266,837,226,611
121900267,119,10,109
121900269,215,490,-275
121900270,44,150,-106
121900271,25,141,-116
121900273,341,1730,-1389
121900274,565,127,438
121900277,280,1590,-1310
121900278,82,718,-636
121900279,203,129,74
121900280,58,313,-255
121900281,57,188,-131
121900284,37,1,36
121900286,121,86,35
121900287,3,45,-42
121900288,2,0,2
121900290,61,809,-748
121900291,228,652,-424
121900292,174,43,131
121900293,707,4420,-3713
121900294,294,9,285
121900295,138,28,110
121900296,100,143,-43
121900298,66,898,-832
121900299,0,29,-29
121900300,20,20,0
121900301,46,1,45
121900302,2,89,-87
121900303,83,442,-359
121900304,35,13,22
121900305,58,26,32
121900306,571,1,570
121900307,423,11,412
121900308,13,98,-85
121900309,15,128,-113
121900310,29,101,-72
121900311,646,14,632
121900312,519,8,511
121900313,488,1,487
121900314,0,2,-2
121900315,98,0,98
121900316,0,3,-3
121900317,46,22,24
121900318,1,0,1
121900319,68,245,-177
121900320,48,10,38
121900321,56,22,34
121900322,0,8,-8
121900323,15,43,-28
121900324,1,29,-28
121900325,31,3,28
121900326,2,0,2
121900327,15,45,-30
121900328,0,11,-11
121900329,1,23,-22
121900330,1,103,-102
121900331,3,35,-32
121900332,12,33,-21
121900333,91,0,91
121900334,27,45,-18
122000001,1022,2108,-1086
122000002,1686,398,1288
122000003,456,1073,-617
122000004,607,581,26
122000005,4015,1562,2453
122000006,403,558,-155
122000007,271,559,-288
122000008,459,1328,-869
122000009,180,211,-31
122000010,1360,1692,-332
122000011,2707,1066,1641
122000012,383,1407,-1024
122000013,401,911,-510
122000014,5047,1024,4023
122000015,844,472,372
122000016,233,463,-230
122000017,672,816,-144
122000018,1579,1142,437
122000019,668,1773,-1105
122000020,114,324,-210
122000021,87,231,-144
122000022,552,918,-366
122000023,281,1275,-994
122000024,134,1424,-1290
122000025,269,1518,-1249
122000026,217,710,-493
122000027,474,432,42
122000028,1124,440,684
122000029,223,528,-305
122000030,114,92,22
122000031,133,415,-282
122000032,1892,1597,295
122000033,192,1162,-970
122000034,184,646,-462
122000035,92,315,-223
122000036,252,226,26
122000037,396,236,160
122000038,151,248,-97
122000039,396,390,6
122000040,150,201,-51
122000041,910,766,144
122000042,241,603,-362
122000043,77,103,-26
122000044,56,71,-15
122000045,1107,640,467
122000046,535,657,-122
122000047,32,89,-57
122000048,1628,2505,-877
122000049,3731,2566,1165
122000050,401,368,33
122000051,161,444,-283
122000052,272,338,-66
122000053,160,1176,-1016
122000054,1551,1306,245
122000055,1174,2038,-864
122000056,1764,1279,485
122000057,1695,1988,-293
122000058,253,968,-715
122000059,311,1700,-1389
122000060,220,532,-312
122000061,114,219,-105
122000062,450,194,256
122000063,197,824,-627
122000064,1787,3574,-1787
122000065,1419,1720,-301
122000066,171,698,-527
122000067,653,1191,-538
122000068,1703,845,858
122000069,688,817,-129
122000070,949,1105,-156
122000071,2975,826,2149
122000072,592,418,174
122000073,88,712,-624
122000074,1797,1229,568
122000075,712,589,123
122000076,2865,996,1869
122000077,247,1241,-994
122000078,303,989,-686
122000079,163,1612,-1449
122000080,386,243,143
122000081,53,97,-44
122000082,108,1044,-936
122000083,5011,727,4284
122000084,4024,1277,2747
122000085,138,708,-570
122000086,1944,5473,-3529
122000087,118,103,15
122000088,39,95,-56
122000089,3893,2364,1529
122000090,195,1059,-864
122000091,57,535,-478
122000092,84,107,-23
122000093,977,3026,-2049
122000094,4983,2040,2943
122000095,427,2931,-2504
122000096,324,1742,-1418
122000098,2823,2722,101
122000099,278,1840,-1562
122000100,434,365,69
122000101,158,390,-232
122000102,2732,962,1770
122000103,801,1663,-862
122000104,1341,69,1272
122000105,117,376,-259
122000106,320,1347,-1027
122000107,897,177,720
122000108,418,336,82
122000109,234,155,79
122000110,365,373,-8
122000111,1375,942,433
122000112,1173,1167,6
122000113,395,244,151
122000114,858,2786,-1928
122000115,2808,1506,1302
122000116,78,592,-514
122000117,746,401,345
122000118,698,216,482
122000119,846,669,177
122000120,500,874,-374
122000121,622,795,-173
122000122,353,387,-34
122000123,771,951,-180
122000124,384,343,41
122000125,177,428,-251
122000126,148,217,-69
122000127,131,301,-170
122000128,195,200,-5
122000129,283,2109,-1826
122000130,1643,433,1210
122000131,811,321,490
122000132,142,134,8
122000133,862,430,432
122000134,827,489,338
122000135,387,140,247
122000136,489,330,159
122000137,1925,353,1572
122000139,569,2553,-1984
122000140,84,797,-713
122000141,2633,1222,1411
122000142,85,1347,-1262
122000143,144,210,-66
122000144,1850,540,1310
122000145,549,787,-238
122000146,255,1452,-1197
122000147,302,731,-429
122000148,274,1103,-829
122000149,1165,460,705
122000150,1349,777,572
122000151,79,254,-175
122000152,289,208,81
122000153,242,280,-38
122000154,139,103,36
122000155,753,1708,-955
122000156,8434,3968,4466
122000157,280,8377,-8097
122000158,227,626,-399
122000159,780,555,225
122000160,1489,701,788
122000161,934,611,323
122000162,401,815,-414
122000163,270,66,204
122000164,31,97,-66
122000165,680,1275,-595
122000166,466,1920,-1454
122000167,178,428,-250
122000168,147,1079,-932
122000169,248,173,75
122000170,212,172,40
122000171,8,61,-53
122000172,1803,1008,795
122000173,1279,1508,-229
122000174,662,3276,-2614
122000175,330,228,102
122000176,319,1510,-1191
122000177,404,1073,-669
122000178,3343,2698,645
122000179,2970,3241,-271
122000180,315,557,-242
122000181,384,877,-493
122000182,518,552,-34
122000183,1595,895,700
122000184,2090,1877,213
122000185,725,1808,-1083
122000186,541,1072,-531
122000187,1378,780,598
122000188,178,130,48
122000189,174,136,38
122000190,555,1630,-1075
122000191,409,424,-15
122000192,781,441,340
122000193,412,801,-389
122000194,199,201,-2
122000195,134,1128,-994
122000196,882,233,649
122000197,362,517,-155
122000198,287,1927,-1640
122000199,190,203,-13
122000200,583,477,106
122000201,654,2226,-1572
122000202,528,2175,-1647
122000203,1368,1094,274
122000204,940,717,223
122000205,432,387,45
122000206,4292,1206,3086
122000207,1570,1961,-391
122000208,1761,1426,335
122000209,1888,317,1571
122000210,1483,1860,-377
122000211,716,1522,-806
122000212,616,576,40
122000213,692,1636,-944
122000214,1220,1412,-192
122000215,2231,1960,271
122000217,882,1614,-732
122000218,462,67,395
122000219,791,560,231
122000220,147,632,-485
122000221,93,236,-143
122000222,430,88,342
122000223,424,581,-157
122000225,401,437,-36
122000226,794,1148,-354
122000227,135,1125,-990
122000228,136,231,-95
122000229,22,662,-640
122000230,15,265,-250
122000231,243,727,-484
122000232,261,465,-204
122000233,0,49,-49
122000234,769,44,725
122000235,1290,64,1226
122000236,1142,28,1114
122000237,72,101,-29
122000238,154,312,-158
122000239,399,472,-73
122000240,889,275,614
122000241,2632,470,2162
122000242,441,56,385
122000243,323,34,289
122000244,63,252,-189
122000245,152,38,114
122000246,478,199,279
122000247,451,685,-234
122000248,890,560,330
122000249,1703,1189,514
122000250,1351,844,507
122000251,73,138,-65
122000252,169,18,151
122000253,72,95,-23
122000254,418,45,373
122000255,348,426,-78
122000256,254,316,-62
122000257,356,137,219
122000258,295,130,165
122000259,49,243,-194
122000260,234,482,-248
122000261,11,188,-177
122000262,0,9,-9
122000263,157,88,69
122000264,1878,179,1699
122000265,2255,826,1429
122000266,2793,668,2125
122000267,198,56,142
122000268,148,119,29
122000269,953,207,746
122000270,445,188,257
122000271,121,2146,-2025
122000272,297,394,-97
122000273,528,181,347
122000274,242,257,-15
122000275,228,260,-32
122000276,1802,604,1198
122000277,726,2790,-2064
122000278,1714,258,1456
122000279,141,233,-92
122000280,413,477,-64
122000281,463,247,216
122000282,115,690,-575
122000283,474,322,152
122000284,32,144,-112
122000285,443,99,344
122000286,97,213,-116
122000287,1393,1996,-603
122000288,440,169,271
122000291,2293,478,1815
122000293,255,90,165
122000294,116,438,-322
122000295,1254,206,1048
122000296,46,1195,-1149
122000297,1560,3236,-1676
122000299,407,142,265
122000300,300,374,-74
122000301,6060,4207,1853
122000302,347,4299,-3952
122000303,1286,868,418
122000304,15,175,-160
122000305,1966,500,1466
122000306,86,177,-91
122000307,83,149,-66
122000309,22,79,-57
122000310,7,55,-48
122000311,13,73,-60
122000312,124,123,1
122000313,14,141,-127
122000314,226,469,-243
122000315,392,15,377
122000316,1340,253,1087
122000317,3030,154,2876
122000318,128,947,-819
122000319,174,202,-28
122000320,205,701,-496
122000321,72,109,-37
122000322,923,1364,-441
122000323,340,1203,-863
122000324,1206,1834,-628
122000325,677,1376,-699
122000326,147,67,80
122000327,125,580,-455
122000328,355,275,80
122000330,1287,1087,200
122000333,33,36,-3
122000337,1175,427,748
122000338,532,99,433
122000340,85,2800,-2715
122000342,1205,618,587
122000343,509,485,24
122000344,94,3,91
122000345,300,53,247
122000346,175,65,110
122000348,397,398,-1
122000349,66,219,-153
122000351,364,153,211
122000352,121,155,-34
122000353,155,28,127
122000355,68,498,-430
122000356,128,1394,-1266
122000357,56,23,33
122000358,0,10,-10
122000359,0,16,-16
122000360,0,0,0
122000362,32,18,14
122000364,478,123,355
122000365,2,30,-28
122000366,25,4,21
122000368,338,493,-155
122000370,24,22,2
122000371,32,0,32
122000372,13,0,13
122000381,221,284,-63
122000382,38,159,-121
122000384,858,719,139
122000385,57,0,57
122000386,139,1366,-1227
122000387,244,1803,-1559
122000388,1020,843,177
122000389,152,940,-788
122000390,199,583,-384
122000391,21,1151,-1130
122000392,57,126,-69
122000393,480,406,74
122000394,641,177,464
122000395,117,147,-30
122000396,365,28,337
122000397,65,78,-13
122000398,24,133,-109
122000399,86,59,27
122000400,18,1094,-1076
122000401,116,49,67
122000402,633,102,531
122000403,320,337,-17
122000404,294,104,190
122000408,361,586,-225
122000503,5,82,-77
122000524,55,175,-120
122000544,92,3021,-2929
122000614,185,174,11
122000616,143,0,143
122000640,169,63,106
122000641,164,209,-45
122000642,1524,620,904
122000643,26,188,-162
122000644,98,53,45
122000645,60,162,-102
122000651,228,1360,-1132
122000664,226,46,180
122000665,876,310,566
122000666,342,355,-13
122000673,37,114,-77
122000674,566,222,344
122000675,2460,390,2070
122000686,290,1569,-1279
122000687,2273,361,1912
122000688,221,376,-155
122000689,1900,205,1695
122000690,4380,246,4134
122000691,1203,490,713
122000692,1342,267,1075
122000693,249,494,-245
122000695,323,183,140
122000696,901,104,797
122000698,412,187,225
122000699,479,51,428
122000701,2919,155,2764
122000702,473,811,-338
122000703,186,53,133
122000717,30,81,-51
122000718,372,3922,-3550
122000719,21,59,-38
122000720,1106,119,987
122000724,120,145,-25
122900001,46,39,7
122900002,486,7205,-6719
122900003,563,0,563
122900004,4330,199,4131
122900005,34,307,-273
122900006,460,2394,-1934
122900007,6,43,-37
122900008,326,460,-134
122900009,419,187,232
122900010,193,77,116
122900012,180,310,-130
122900014,77,67,10
122900015,814,500,314
122900016,166,157,9
122900017,200,653,-453
122900018,160,11,149
122900020,238,576,-338
122900021,47,343,-296
122900022,1474,967,507
122900023,459,56,403
122900024,114,73,41
122900025,2,304,-302
122900026,1,83,-82
122900027,43,732,-689
122900028,27,30,-3
122900029,5693,1539,4154
122900030,1815,178,1637
122900031,61,279,-218
122900032,508,228,280
122900033,129,97,32
122900034,2733,3480,-747
122900035,8,3,5
122900036,11,28,-17
122900037,310,210,100
122900038,26,1942,-1916
122900039,40,385,-345
122900040,193,848,-655
122900041,70,643,-573
122900042,171,101,70
122900043,376,225,151
122900044,134,238,-104
122900045,103,122,-19
122900046,49,399,-350
122900047,94,63,31
122900048,12,205,-193
122900049,3241,81,3160
122900051,26,392,-366
122900052,110,59,51
122900053,23,9,14
122900055,191,42,149
122900057,274,7,267
122900061,504,30,474
122900062,417,937,-520
122900063,197,56,141
122900064,870,632,238
122900065,383,129,254
122900066,553,99,454
122900067,635,435,200
122900069,268,2232,-1964
122900070,378,57,321
122900071,39,183,-144
122900073,64,58,6
122900074,1546,111,1435
122900075,1,29,-28
122900076,0,97,-97
122900077,8,41,-33
122900078,209,17,192
122900080,15,45,-30
122900081,180,60,120
122900082,1912,55,1857
122900083,98,10,88
122900084,2,126,-124
122900086,3,65,-62
122900087,500,103,397
122900088,29,498,-469
122900089,296,414,-118
122900090,2,105,-103
122900091,732,1,731
122900092,0,38,-38
122900093,0,66,-66
122900094,1,114,-113
122900095,314,26,288
122900096,879,103,776
122900097,3,71,-68
122900098,4,130,-126
122900099,229,72,157
122900100,67,1204,-1137
122900101,330,191,139
122900102,91,98,-7
122900103,746,36,710
122900104,628,10,618
122900105,61,8,53
122900106,0,22,-22
122900107,0,60,-60
122900108,1,84,-83
122900109,520,56,464
123000001,691,655,36
123000002,1863,5187,-3324
123000003,4110,3527,583
123000004,2381,2841,-460
123000005,3060,1847,1213
123000006,2181,1212,969
123000007,4060,2277,1783
123000008,1830,2530,-700
123000009,4288,2304,1984
123000010,2497,2895,-398
123000011,1255,1034,221
123000012,414,2834,-2420
123000013,4354,1007,3347
123000014,557,2666,-2109
123000015,2365,877,1488
123000016,2132,2280,-148
123000017,4480,2028,2452
123000018,170,31,139
123000019,1070,45,1025
123000020,616,47,569
123000021,397,571,-174
123000022,1141,2501,-1360
123000023,1806,2404,-598
123000024,1892,957,935
123000025,634,86,548
123000026,42,97,-55
123000027,36,565,-529
123000028,591,2905,-2314
123000029,766,1941,-1175
123000030,271,230,41
123000031,640,179,461
123000032,1028,218,810
123000033,577,118,459
123000034,1177,900,277
123000035,280,581,-301
123000036,193,1228,-1035
123000037,218,137,81
123000038,23,242,-219
123000039,462,1273,-811
123000040,454,184,270
123000041,372,806,-434
123000042,334,696,-362
123000043,661,7999,-7338
123000044,2328,1546,782
123000045,1409,899,510
123000046,131,1004,-873
123000047,342,444,-102
123000048,46,1195,-1149
123000049,3624,8499,-4875
123000050,2101,1394,707
123000051,71,284,-213
123000052,750,2183,-1433
123000053,1780,1690,90
123000054,2606,1852,754
123000055,1928,4646,-2718
123000056,1219,327,892
123000057,2626,2126,500
123000058,628,2028,-1400
123000059,249,456,-207
123000060,1162,787,375
123000061,271,371,-100
123000063,1243,1060,183
123000064,1547,166,1381
123000065,1969,1790,179
123000066,205,375,-170
123000067,965,273,692
123000068,1122,1070,52
123000069,1439,645,794
123000070,131,198,-67
123000071,2107,439,1668
123000072,750,199,551
123000073,2587,495,2092
123000074,1064,480,584
123000075,298,1615,-1317
123000076,727,200,527
123000077,1711,731,980
123000078,2999,627,2372
123000079,3075,886,2189
123000080,2241,494,1747
123000081,141,229,-88
123000082,224,400,-176
123000083,770,181,589
123000084,561,225,336
123000085,537,104,433
123000086,711,56,655
123000087,821,79,742
123000088,1333,588,745
123000089,1431,590,841
123000090,1561,620,941
123000091,1801,988,813
123000092,1001,808,193
123000094,695,68,627
123000095,1206,827,379
123000096,1243,211,1032
123000097,537,169,368
123000098,1260,139,1121
123000099,801,207,594
123000100,131,439,-308
123000101,248,169,79
123000102,272,792,-520
123000104,436,310,126
123000105,287,95,192
123000106,647,177,470
123000107,221,116,105
123000108,246,473,-227
123000111,1490,246,1244
123000112,1748,202,1546
123000113,268,199,69
123000114,303,703,-400
123000115,434,411,23
123000116,97,71,26
123000117,2579,1094,1485
123000118,619,260,359
123000119,361,289,72
123000120,209,353,-144
123000121,642,374,268
123000122,336,159,177
123000123,580,268,312
123000124,429,84,345
123000125,1104,387,717
123000126,1288,6113,-4825
123000127,389,287,102
123000128,288,111,177
123000129,1360,68,1292
123000130,1243,21,1222
123000131,1710,729,981
123000132,300,254,46
123000133,193,75,118
123000134,245,68,177
123000135,1897,635,1262
123000136,167,210,-43
123000137,172,76,96
123000138,218,146,72
123000139,809,30,779
123000140,31,226,-195
123000141,447,38,409
123000142,997,690,307
123000143,762,1356,-594
123000144,1,37,-36
123000145,146,478,-332
123000146,27,253,-226
123000147,20,316,-296
123000149,422,166,256
123000150,113,122,-9
123000151,102,441,-339
123000152,28,193,-165
123000153,92,597,-505
123000154,908,1918,-1010
123000155,1022,1536,-514
123000156,8,75,-67
123000157,981,922,59
123000158,237,1041,-804
123000159,2258,3837,-1579
123000160,1174,2432,-1258
123000161,1063,1251,-188
123000162,1735,1623,112
123000163,1004,693,311
123000164,2897,129,2768
123000165,169,507,-338
123000166,5,55,-50
123000167,113,70,43
123000168,402,82,320
123000169,1144,41,1103
123000170,201,14,187
123000171,2029,3,2026
123000172,91,235,-144
123000173,547,230,317
123000174,580,433,147
123000175,139,513,-374
123000176,854,314,540
123000177,193,391,-198
123000178,1223,283,940
123000179,18,375,-357
123000180,1649,256,1393
123000181,174,411,-237
123000182,318,127,191
123000183,206,607,-401
123000185,1198,747,451
123000186,1,123,-122
123000187,812,23,789
123000188,674,1,673
123000189,86,53,33
123000190,29,165,-136
123000192,6,107,-101
123000193,19,201,-182
123000194,165,131,34
123000195,512,15,497
123000196,466,574,-108
123000197,206,169,37
123000198,18,118,-100
123000199,13,179,-166
123000200,279,1,278
123000201,1190,10,1180
123000202,24,180,-156
123000203,1483,23,1460
123000204,56,252,-196
123000205,80,330,-250
123000206,3124,125,2999
123000207,70,252,-182
123000208,1435,56,1379
123000209,1844,339,1505
123000210,96,490,-394
123000211,204,675,-471
123000212,4772,324,4448
123000213,665,77,588
123000215,71,232,-161
123000216,142,1512,-1370
123000217,206,64,142
123000218,10,564,-554
123000219,397,138,259
123000220,534,258,276
123000221,306,98,208
123000222,302,115,187
123000223,720,102,618
123000224,469,161,308
123000225,433,34,399
123000226,241,111,130
123000227,114,95,19
123000228,346,40,306
123000229,410,467,-57
123000232,85,270,-185
123000233,976,78,898
123000234,126,488,-362
123000235,1997,189,1808
123000236,359,348,11
123000237,724,125,599
123000238,32,230,-198
123000239,268,333,-65
123000240,97,754,-657
123000241,205,45,160
123000242,93,140,-47
123000243,828,667,161
123000244,738,352,386
123000245,4,110,-106
123000249,211,595,-384
123000252,811,308,503
123000253,1986,369,1617
123000254,597,230,367
123000255,916,660,256
123000256,10,103,-93
123000257,984,761,223
123000258,782,610,172
123000259,646,479,167
123000260,804,165,639
123000261,401,82,319
123000262,15,74,-59
123000263,609,38,571
123000264,137,32,105
123000265,9,78,-69
123000266,317,290,27
123000267,773,170,603
123000268,35,38,-3
123000269,38,52,-14
123000270,16,19,-3
123000271,22,37,-15
123000272,549,289,260
123000273,310,1088,-778
123000274,1343,539,804
123000275,134,490,-356
123000278,1136,3334,-2198
123000279,245,75,170
123000280,275,250,25
123000281,292,74,218
123000282,102,145,-43
123000283,291,47,244
123000284,14,63,-49
123000286,57,333,-276
123000287,199,168,31
123000288,656,1100,-444
123000289,112,1414,-1302
123000291,99,479,-380
123000294,190,201,-11
123000295,590,1288,-698
123000296,1031,668,363
123000297,1211,187,1024
123000298,1809,176,1633
123000299,413,214,199
123000300,2099,1190,909
123000301,196,509,-313
123000302,301,48,253
123000303,98,853,-755
123000305,513,446,67
123000306,431,53,378
123000309,86,14,72
123000310,96,27,69
123000311,73,164,-91
123000312,572,248,324
123000313,607,1080,-473
123000315,356,166,190
123000316,832,819,13
123000317,254,112,142
123000318,20,248,-228
123000329,13,27,-14
123000337,556,190,366
123000338,177,166,11
123000339,547,57,490
123000340,110,176,-66
123000342,2,40,-38
123000343,135,32,103
123000344,364,65,299
123000345,258,117,141
123000346,642,47,595
123000352,725,470,255
123000353,65,35,30
123000354,975,2,973
123000355,1,673,-672
123000356,370,8,362
123000357,3,57,-54
123000359,41,27,14
123000360,126,331,-205
123000361,279,137,142
123000362,430,73,357
123000363,230,66,164
123000364,346,464,-118
123000365,24,379,-355
123000366,149,2665,-2516
123000367,645,573,72
123000370,23,145,-122
123000371,902,29,873
123000372,472,39,433
123000373,18,97,-79
123000374,8,53,-45
123000375,397,116,281
123000376,947,766,181
123000377,828,9,819
123000378,0,118,-118
123000379,0,190,-190
123000380,1,152,-151
123000381,41,135,-94
123000382,584,168,416
123000383,41,548,-507
123000384,954,140,814
123000385,178,331,-153
123000436,96,1449,-1353
123000507,28,103,-75
123000508,103,1230,-1127
123000517,142,5,137
123000518,1,44,-43
123000519,141,48,93
123000520,14,60,-46
123000521,675,74,601
123000522,89,51,38
123000541,27,2,25
123000542,0,5,-5
123000565,1035,80,955
123000566,707,141,566
123000567,130,52,78
123000573,51,276,-225
123000574,1380,138,1242
123000575,3318,242,3076
123000576,1015,483,532
123000577,80,442,-362
123000578,577,50,527
123000579,861,6561,-5700
123000580,163,171,-8
123000582,564,5,559
123000583,0,97,-97
123000584,192,102,90
123000585,0,7,-7
123000586,278,0,278
123000596,35,46,-11
123000597,97,160,-63
123000602,227,23,204
123000603,2044,207,1837
123000604,1224,216,1008
123000605,1083,32,1051
123000606,1,758,-757
123000609,17,295,-278
123000610,47,121,-74
123000613,133,61,72
123000614,379,43,336
123000615,103,106,-3
123000616,1220,45,1175
123000617,88,129,-41
123000618,13,293,-280
123000619,516,10,506
123000620,24,152,-128
123000622,720,11,709
123000624,405,145,260
123000630,2978,658,2320
123000631,327,372,-45
123000632,723,376,347
123000633,0,294,-294
123000634,31,734,-703
123000635,56,244,-188
123000636,44,273,-229
123000637,362,15,347
123000638,1094,48,1046
123000639,880,8246,-7366
123000640,14,133,-119
123000648,2159,118,2041
123000649,70,559,-489
123000650,143,81,62
123000651,52,244,-192
123000652,912,12,900
123000653,97,189,-92
123000654,165,50,115
123900001,1213,47,1166
123900002,9,1162,-1153
123900003,71,201,-130
123900005,300,143,157
123900006,698,121,577
124000001,2506,216,2290
124000002,3,200,-197
124000003,1611,189,1422
124000004,73,183,-110
124000005,1108,1816,-708
124000006,166,292,-126
124000007,1226,141,1085
124000008,3,476,-473
124000009,1315,484,831
124000010,538,452,86
124000011,836,787,49
124000012,278,198,80
124000017,332,107,225
124000018,157,99,58
124000019,297,119,178
124000020,40,94,-54
124000021,106,85,21
124000022,67,114,-47
124000023,846,198,648
124000024,881,227,654
124000025,789,419,370
124000026,865,189,676
124000027,823,224,599
124000028,1526,341,1185
124000031,1248,10668,-9420
124000032,944,562,382
124000033,1063,580,483
124000034,721,577,144
124000035,529,101,428
124000036,241,445,-204
124000037,252,449,-197
124000038,4,75,-71
124000039,262,133,129
124000040,122,653,-531
124000041,973,71,902
124000042,226,275,-49
124000043,243,35,208
124000044,86,107,-21
124000045,2206,164,2042
124000046,217,510,-293
124000047,3748,316,3432
124000048,1024,241,783
124000049,2722,215,2507
124000050,1055,466,589
124000051,1890,208,1682
124000052,635,347,288
124000053,334,3073,-2739
124000054,508,180,328
124000055,910,6916,-6006
124000056,777,631,146
124000057,1998,181,1817
124000058,934,506,428
124000059,1546,985,561
124000060,430,419,11
124000061,1237,7545,-6308
124000062,2040,841,1199
124000063,1078,537,541
124000064,1159,743,416
124000065,59,1285,-1226
124000066,277,165,112
124000067,73,85,-12
124000068,97,181,-84
124000069,569,94,475
124000070,434,135,299
124000071,213,437,-224
124000072,463,1515,-1052
124000073,1026,66,960
124000074,173,349,-176
124000075,737,20,717
124000076,109,29,80
124000077,359,388,-29
124000078,1289,685,604
124000079,185,706,-521
124000080,1199,241,958
124000081,184,517,-333
124000082,91,114,-23
124000083,20,57,-37
124000084,16,1414,-1398
124000085,43,11,32
124000086,5,287,-282
124000087,65,263,-198
124000088,160,129,31
124000089,710,190,520
124000090,341,154,187
124000091,793,108,685
124000092,415,479,-64
124000093,175,36,139
124000094,115,267,-152
124000095,122,31,91
124000096,200,49,151
124000097,261,108,153
124000098,176,29,147
124000099,378,138,240
124000100,61,166,-105
124000101,181,115,66
124000102,86,13,73
124000103,272,147,125
124000104,154,11,143
124000105,266,116,150
124000106,96,22,74
124000107,37,329,-292
124000108,47,7,40
124000109,123,49,74
124000110,131,68,63
124000111,211,98,113
124000112,1399,334,1065
124000113,238,112,126
124000114,760,274,486
124000115,354,475,-121
124000116,58,230,-172
124000117,26,47,-21
124000118,46,38,8
124000119,1155,467,688
124000120,739,242,497
124000121,1223,1003,220
124000122,503,1533,-1030
124000123,546,221,325
124000124,538,431,107
124000125,413,211,202
124000126,329,278,51
124000127,881,194,687
124000128,788,182,606
124000129,1433,828,605
124000130,282,197,85
124000131,614,396,218
124000132,396,344,52
124000133,1147,542,605
124000134,674,396,278
124000135,1284,1413,-129
124000136,377,443,-66
124000137,560,596,-36
124000138,463,429,34
124000139,788,132,656
124000140,47,870,-823
124000141,1508,14,1494
124000142,47,425,-378
124000143,68,17,51
124000144,3,146,-143
124000145,101,79,22
124000146,39,161,-122
124000148,2,47,-45
124000149,1308,199,1109
124000150,247,744,-497
124000151,1513,227,1286
124000152,560,713,-153
124000153,978,305,673
124000154,336,326,10
124000155,704,574,130
124000156,745,417,328
124000169,172,755,-583
124000170,540,334,206
124000171,403,407,-4
124000172,275,259,16
124000173,1137,146,991
124000174,663,328,335
124000175,44,93,-49
124000176,77,21,56
124000177,1,68,-67
124000178,59,95,-36
124000185,30,8,22
124000186,10,30,-20
124000187,20,50,-30
124000188,248,1,247
124000190,43,65,-22
124000191,101,565,-464
124000192,1137,774,363
124000193,116,3233,-3117
124000194,226,135,91
124000195,489,383,106
124000196,576,500,76
124000197,99,15,84
124000198,70,48,22
124000201,39,247,-208
124000202,966,67,899
124000203,1225,130,1095
124000204,3222,152,3070
124000205,162,342,-180
124000206,1865,296,1569
124000207,0,13,-13
124000209,173,142,31
124000210,1626,125,1501
124000211,1515,2,1513
124000212,0,78,-78
124000213,958,172,786
124000214,1328,154,1174
124000215,1796,100,1696
124000216,6,167,-161
124000329,49,533,-484
124000338,22,381,-359
124000339,3570,23,3547
124000341,3294,25,3269
124000344,116,54,62
124000357,1759,3583,-1824
124000358,1123,3091,-1968
124000359,1163,672,491
124000360,1826,514,1312
124000361,1873,1120,753
124000362,1051,2534,-1483
124000363,698,248,450
124000364,599,363,236
124000365,1144,563,581
124000366,2482,1272,1210
124000367,76,180,-104
124000368,372,1821,-1449
124000369,31,89,-58
124000370,17,618,-601
124000402,36,16,20
124000403,172,67,105
124000404,39,23,16
124000405,650,368,282
124000406,510,263,247
124000407,4,14,-10
124000411,4,342,-338
124000412,654,7,647
124000413,135,431,-296
124000414,236,13,223
124000415,51,52,-1
124000416,120,70,50
124000417,535,66,469
124000418,473,13,460
124000419,253,22,231
124000420,277,6,271
124000421,120,70,50
124000422,24,8,16
124000423,185,7,178
124000424,12,12,0
124000425,99,227,-128
124000426,7,57,-50
124000427,365,3,362
124000428,5,1147,-1142
124000429,165,26,139
124000430,1378,505,873
124000431,614,229,385
124000432,369,890,-521
124000439,246,2,244
124000443,10,18,-8
124000445,268,4810,-4542
124000446,930,724,206
124000447,18,912,-894
124000448,327,16,311
124000449,716,6,710
124000450,19,88,-69
124000451,2,60,-58
124000452,434,65,369
124000453,1514,1334,180
124000454,1309,3593,-2284
124000455,1,271,-270
124000456,1122,28,1094
124000457,3,107,-104
124000458,18,162,-144
124000459,611,12,599
124000460,4,45,-41
124900001,1296,104,1192
124900002,194,99,95
124900003,1538,184,1354
124900004,1430,113,1317
124900005,138,60,78
124900006,1268,95,1173
124900008,396,358,38
124900009,35,386,-351
124900010,312,49,263
124900011,1181,179,1002
124900012,262,57,205
124900013,625,60,565
124900014,207,82,125
124900015,145,447,-302
124900016,132,221,-89
124900017,248,5721,-5473
124900018,188,29,159
124900020,79,34,45
124900021,484,50,434
124900022,94,48,46
124900024,937,19,918
124900026,21,24,-3
124900027,149,169,-20
124900028,189,52,137
124900029,21,604,-583
124900030,2,82,-80
124900031,9,87,-78
124900032,58,42,16
124900033,86,164,-78
124900034,0,52,-52
124900035,69,28,41
124900036,1,53,-52
124900037,179,36,143
124900038,54,142,-88
124900039,0,98,-98
124900040,67,38,29
124900041,377,321,56
124900042,11,0,11
124900043,596,252,344
124900044,93,0,93
124900045,157,834,-677
124900047,27,59,-32
124900048,242,44,198
124900050,158,41,117
124900052,180,155,25
124900053,220,91,129
124900054,794,434,360
124900055,0,22,-22
124900057,21,139,-118
124900060,54,222,-168
124900061,186,4,182
124900062,251,11,240
124900066,0,1,-1
124900067,30,38,-8
124900068,62,1044,-982
124900070,4,45,-41
124900072,160,18,142
124900075,708,79,629
124900076,23,2389,-2366
124900077,32,35,-3
124900078,104,0,104
124900079,136,164,-28
124900080,503,174,329
124900081,2075,99,1976
124900082,481,224,257
124900083,438,276,162
124900085,331,199,132
124900086,8,693,-685
124900087,164,17,147
124900088,56,88,-32
124900089,399,1,398
124900090,749,128,621
124900091,340,86,254
124900092,375,55,320
124900093,620,69,551
124900094,899,58,841
124900095,163,541,-378
124900096,220,24,196
124900097,566,22,544
124900098,206,175,31
124900099,94,411,-317
124900100,626,18,608
124900101,675,140,535
124900102,514,36,478
124900103,107,26,81
124900104,39,21,18
124900105,76,25,51
124900106,339,18,321
124900107,223,20,203
124900108,198,84,114
124900111,5,489,-484
124900112,318,146,172
124900113,34,116,-82
124900114,59,119,-60
124900115,23,93,-70
124900116,553,510,43
124900117,95,289,-194
124900118,81,1835,-1754
124900119,395,254,141
124900120,24,70,-46
124900121,46,546,-500
124900122,349,55,294
124900123,52,60,-8
124900124,41,101,-60
124900125,1462,1,1461
124900126,2,376,-374
204000001,364,19,345
204000002,26,11,15
204000003,20,3,17
204000004,11,0,11
204000005,292,334,-42
204000006,1075,1465,-390
204000011,5,6,-1
204000012,24,14,10
204000019,1428,262,1166
204000020,1804,280,1524
204000021,1119,883,236
204000022,1345,619,726
204000023,701,294,407
204000031,73,7,66
204000032,227,15,212
204000034,117,65,52
204000035,0,2,-2
204000036,5,60,-55
204000037,3,20,-17
204000038,1,4,-3
204000039,9,59,-50
204000040,5,4,1
204000041,8,11,-3
204000042,32,12,20
204000043,27,1,26
204000044,98,17,81
204000045,32,11,21
204000046,3,7,-4
204000057,8,39,-31
204000062,48,45,3
204000068,65,323,-258
204000069,122,561,-439
204000070,66,119,-53
204000080,57,46,11
204000085,1199,425,774
204000086,2006,737,1269
204000087,108,1,107
204000088,15,6,9
204000090,390,179,211
204000093,894,57,837
204000096,1526,281,1245
204000097,572,20,552
204000099,973,2206,-1233
204000100,1491,869,622
204000105,1464,601,863
204000110,539,663,-124
204000111,614,495,119
204000112,456,319,137
204000113,291,320,-29
204000114,1190,1281,-91
204000115,1747,306,1441
204000116,912,354,558
204000119,3420,1014,2406
204000132,700,712,-12
204000133,823,69,754
204000134,320,55,265
204000135,895,16,879
204000136,709,240,469
204000138,256,884,-628
204000140,246,67,179
204000141,134,36,98
204000144,14,28,-14
204000145,759,35,724
204000146,9,98,-89
204000147,23,247,-224
204000148,226,39,187
204000154,4,5,-1
204000155,0,1,-1
204000177,42,37,5
204000179,17,26,-9
204000180,0,80,-80
204000222,2,13,-11
204000235,125,18,107
204000236,21,68,-47
204000238,21,34,-13
204000240,291,23,268
204000263,641,661,-20
204000268,495,241,254
204000308,117,28,89
204000317,34,114,-80
204000322,43,98,-55
204000323,11,7,4
204000328,310,43,267
204000329,209,45,164
204000330,295,55,240
204000331,378,66,312
205000001,883,961,-78
205000013,40,94,-54
205000014,144,124,20
205000015,212,34,178
205000016,109,46,63
205000017,86,77,9
205000022,400,332,68
205000025,1788,395,1393
205000029,818,5,813
205000045,237,160,77
205000046,152,159,-7
205000047,93,196,-103
205000048,436,237,199
205000049,204,283,-79
205000050,437,82,355
205000059,0,264,-264
205000060,3,480,-477
205000061,31,1144,-1113
205000062,7,959,-952
205000063,40,1616,-1576
205000064,63,345,-282
205000065,326,758,-432
205000066,336,326,10
205000067,213,282,-69
205000069,173,4,169
205000082,169,104,65
205000110,49,53,-4
205000111,82,94,-12
205000112,76,71,5
205000113,125,72,53
205000121,119,36,83
205000123,208,75,133
205000126,806,101,705
205000127,820,116,704
205000128,356,84,272
205000129,1153,108,1045
205000130,605,26,579
205000131,41,9,32
205000132,76,6,70
205000133,27,2,25
205000134,193,0,193
205000137,339,45,294
205000138,617,149,468
205000139,43,38,5
205000144,85,67,18
205000145,187,88,99
205000151,172,54,118
205000152,92,21,71
205000153,212,35,177
205000154,96,41,55
205000155,49,16,33
205000207,1,24,-23
205000233,10,1,9
205000234,0,0,0
205000243,0,0,0
205000244,0,5,-5
205000245,1,31,-30
205000249,0,18,-18
205000250,1,0,1
205000264,17,107,-90
206000027,1,16,-15
206000028,2,5,-3
206000043,11,52,-41
206000053,0,1,-1
206000054,1,18,-17
206000055,0,10,-10
206000075,27,21,6
206000076,33,6,27
206000077,80,8,72
206000078,18,6,12
206000079,21,9,12
206000082,221,69,152
206000100,17,337,-320
206000103,0,0,0
206000104,0,0,0
206000105,0,1,-1
206000106,0,0,0
206000125,204,0,204
206000157,2,109,-107
206000170,0,93,-93
206000171,16,152,-136
206000172,33,100,-67
206000173,0,78,-78
206000174,8,34,-26
206000175,0,52,-52
206000176,28,27,1
206000177,0,21,-21
206000178,3,379,-376
206000179,0,74,-74
206000180,3,40,-37
206000181,4,17,-13
206000182,8,24,-16
206000183,23,52,-29
206000184,0,41,-41
206000185,14,20,-6
206000186,38,179,-141
206000223,12,161,-149
206000226,21,19,2
206000227,73,6,67
206000237,25,85,-60
206000238,7,312,-305
206000239,208,1012,-804
206000240,0,1,-1
206000241,0,36,-36
206000242,2,57,-55
206000243,5,16,-11
206000244,30,108,-78
206000245,2379,38,2341
206000246,636,3,633
206000247,957,8,949
206000248,1254,14,1240
206000252,101,53,48
206000258,1,3,-2
206000315,60,4,56
206000317,671,194,477
206000318,732,48,684
206000319,3287,44,3243
206000320,813,32,781
206000321,876,6,870
206000322,1378,8,1370
206000323,525,3,522
206000324,483,7,476
206000325,245,33,212
206000326,246,15,231
206000327,84,13,71
206000328,531,7,524
206000329,927,1,926
206000330,230,3,227
206000331,587,1,586
206000332,122,3,119
206000333,1825,1,1824
206000334,1108,0,1108
206000335,0,23,-23
206000361,4,67,-63
206000392,1,3,-2
206000405,313,0,313
206000441,111,21,90
206000498,59,1,58
206000515,70,31,39
206000530,469,74,395
206000531,260,273,-13
206000532,1085,262,823
206000535,98,2122,-2024
206000536,6,67,-61
206000537,10,100,-90
206000613,905,256,649
206000784,584,49,535
207000001,237,151,86
207000002,97,156,-59
207000003,115,117,-2
207000007,2439,101,2338
207000008,447,13,434
207000009,75,12,63
207000010,291,129,162
207000012,579,50,529
207000015,151,353,-202
207000019,582,58,524
207000021,311,221,90
207000022,301,118,183
207000023,412,39,373
207000024,3,18,-15
207000025,11,145,-134
207000026,131,23,108
207000027,20,52,-32
207000028,97,139,-42
207000029,282,163,119
207000033,372,157,215
207000034,347,68,279
207000039,792,32,760
207000040,974,34,940
207000041,75,10,65
207000042,551,12,539
207000043,375,198,177
207000051,90,168,-78
207000052,27,97,-70
207000053,322,161,161
207000054,32,35,-3
207000055,164,45,119
207000056,146,178,-32
207000057,132,48,84
207000058,141,107,34
207000059,75,178,-103
207000060,30,218,-188
207000061,120,2036,-1916
207000062,1356,40,1316
207000063,1203,58,1145
207000064,552,47,505
207000065,362,110,252
207000066,856,168,688
207000067,153,68,85
207000068,278,15,263
207000069,1152,260,892
207000082,58,103,-45
207000083,79,105,-26
207000084,419,117,302
207000085,440,62,378
207000086,755,13,742
207000106,111,31,80
207000107,157,12,145
207000108,199,6,193
207000109,119,2,117
207000110,46,5,41
207000111,172,20,152
207000112,58,633,-575
207000114,5,10,-5
207000115,33,38,-5
207000116,17,131,-114
207000117,0,20,-20
207000118,3,11,-8
207000119,13,36,-23
207000123,313,4,309
207000124,258,14,244
207000125,139,12,127
207000126,66,17,49
207000134,555,96,459
207000135,205,119,86
207000148,162,247,-85
207000149,80,7,73
207000152,233,361,-128
207000153,289,557,-268
207000154,466,88,378
207000159,58,98,-40
207000160,132,143,-11
207000238,0,85,-85
207000242,1,33,-32
207000248,50,30,20
207000249,72,11,61
207000250,269,62,207
207000251,34,85,-51
207000252,41,23,18
207000278,262,43,219
207000279,44,65,-21
207000280,1311,18,1293
207000281,143,227,-84
207000282,18,711,-693
207000283,14,87,-73
207000284,82,2647,-2565
207000285,56,78,-22
207000291,6,45,-39
207000304,41,48,-7
207000306,52,161,-109
207000310,352,99,253
207000353,101,1,100
207000356,0,25,-25
207000357,3,40,-37
207000358,0,4,-4
207000415,9,25,-16
207000417,26,4,22
207000418,92,45,47
207000438,0,1,-1
207000439,317,110,207
207000446,121,7,114
207000460,184,2,182
207000466,30,83,-53
207000467,600,56,544
207000468,48,130,-82
207000476,24,21,3
207000477,425,6,419
207000478,0,17,-17
207000523,0,1,-1
207000524,128,7,121
207000527,525,75,450
207000530,535,9,526
207000531,307,3,304
207000532,53,14,39
207000534,192,19,173
207000535,2,97,-95
207000537,6,51,-45
207000540,0,15,-15
207000541,3,74,-71
207000548,2,123,-121
207000549,279,2,277
207000561,184,85,99
207000562,22,85,-63
207000567,54,89,-35
207000568,1060,47,1013
207000569,1874,147,1727
207000584,7,78,-71
207000585,11,42,-31
207000587,485,19,466
207000616,0,34,-34
207000617,208,0,208
207000624,48,16,32
207000631,15,5,10
207900008,869,56,813
208000001,716,671,45
208000002,1156,546,610
208000003,954,312,642
208000004,938,808,130
208000005,1,58,-57
208000019,1775,196,1579
208000020,461,111,350
208000021,409,142,267
208000022,604,178,426
208000028,688,1497,-809
208000033,268,140,128
208000034,416,463,-47
208000037,688,42,646
208000040,399,100,299
208000041,885,443,442
208000042,2033,500,1533
208000047,140,112,28
208000064,2281,952,1329
208000066,1197,656,541
208000070,894,661,233
208000071,1040,155,885
208000072,1304,336,968
208000080,371,566,-195
208000081,544,151,393
208000082,705,159,546
208000083,430,149,281
208000084,30,118,-88
208000085,892,415,477
208000086,748,667,81
208000087,909,400,509
208000089,1420,133,1287
208000090,1041,245,796
208000093,12,42,-30
208000094,501,182,319
208000095,800,419,381
208000104,2335,243,2092
208000105,1411,376,1035
208000114,152,258,-106
208000115,766,331,435
208000116,1715,1756,-41
208000117,15,132,-117
208000118,266,366,-100
208000155,1018,855,163
208000158,2026,1765,261
208000186,888,1231,-343
208000204,1072,690,382
208000205,2220,482,1738
208000282,1268,602,666
209000004,720,114,606
209000005,141,49,92
209000006,293,226,67
209000007,410,505,-95
209000010,66,226,-160
209000011,39,140,-101
209000012,119,95,24
209000013,292,76,216
209000014,527,187,340
209000025,709,79,630
209000026,1583,201,1382
209000027,452,126,326
209000028,349,139,210
209000029,526,609,-83
209000030,435,878,-443
209000031,2789,863,1926
209000034,244,326,-82
209000035,236,379,-143
209000036,510,224,286
209000037,547,258,289
209000038,307,127,180
209000039,141,94,47
209000040,352,338,14
209000041,238,250,-12
209000042,315,131,184
209000043,538,371,167
209000044,342,502,-160
209000045,664,179,485
209000046,627,164,463
209000047,526,339,187
209000048,787,603,184
209000049,148,46,102
209000050,284,65,219
209000051,410,82,328
209000052,188,106,82
209000062,94,37,57
209000063,200,39,161
209000064,19,25,-6
209000065,256,21,235
209000066,302,21,281
209000067,328,30,298
209000080,4,125,-121
209000082,136,43,93
209000091,28,93,-65
209000093,75,83,-8
209000094,19,98,-79
209000110,43,75,-32
209000111,375,2757,-2382
209000112,1803,439,1364
209000113,3383,1001,2382
209000114,1241,889,352
209000115,83,51,32
209000116,275,202,73
209000118,14,100,-86
209000119,21,96,-75
209000121,168,383,-215
209000135,112,86,26
209000142,752,4430,-3678
209000143,2,50,-48
209000144,122,254,-132
209000229,284,81,203
209000240,39,196,-157
209000259,82,26,56
209000260,36,200,-164
209000261,21,158,-137
209000262,30,114,-84
209000263,1,146,-145
209000264,0,141,-141
209000265,282,3,279
209000266,116,0,116
209000267,1779,3,1776
209000268,487,114,373
210000037,190,66,124
210000047,155,18,137
210000048,190,49,141
210000049,251,6,245
210000052,161,20,141
210000053,51,43,8
210000054,58,93,-35
210000070,284,10,274
210000071,180,6,174
210000072,78,0,78
210000073,0,14,-14
210000074,0,73,-73
210000075,1,52,-51
210000076,1,68,-67
210000077,8,169,-161
210000078,10,204,-194
210000079,11,22,-11
210000080,111,303,-192
210000081,188,7,181
210000082,5,0,5
210000083,83,0,83
210000084,149,0,149
210000085,0,66,-66
210000086,0,34,-34
210000099,53,89,-36
210000100,37,100,-63
210000101,66,87,-21
210000105,8,287,-279
210000159,0,377,-377
210000163,20,99,-79
210000164,548,174,374
210000168,395,23,372
210000187,1,7,-6
210000188,0,23,-23
210000214,3,0,3
210000219,270,51,219
210000220,312,39,273
210000232,12,23,-11
210000233,18,2,16
210000234,17,33,-16
210000235,73,14,59
210000245,0,13,-13
210000246,179,47,132
210000258,11,48,-37
210000259,339,30,309
210000282,9,66,-57
210000285,4,110,-106
210000286,62,80,-18
210000290,22,6,16
210000295,87,190,-103
210000296,92,40,52
210000320,637,44,593
210000321,522,18,504
210000338,77,147,-70
210000339,53,781,-728
210000340,60,168,-108
210000341,204,95,109
210000342,331,139,192
210000343,178,128,50
210000344,82,229,-147
210000345,92,393,-301
210000346,60,255,-195
210000347,12,337,-325
210000348,117,265,-148
210000349,63,106,-43
210000350,263,107,156
210000351,268,30,238
210000352,70,25,45
210000353,86,17,69
210000354,59,23,36
210000355,39,315,-276
210000356,8,510,-502
210000357,53,499,-446
210000358,687,471,216
210000359,67,369,-302
210000360,441,373,68
210000361,480,132,348
210000362,570,165,405
210000363,1045,158,887
210000364,573,123,450
210000365,579,36,543
210000366,631,51,580
210000367,261,25,236
210000368,430,30,400
210000369,108,176,-68
210000370,182,169,13
210000372,53,107,-54
210000373,13,199,-186
210000374,140,269,-129
210000375,41,14,27
210000376,29,319,-290
210000404,33,43,-10
210000439,297,5,292
210000472,62,1,61
210000482,161,93,68
210000564,454,156,298
210000567,13,100,-87
210000568,675,2,673
211000092,99,6,93
211000094,13,6,7
211000169,289,8,281
211000172,37,87,-50
211000209,0,37,-37
211000226,20,14,6
211000270,159,1,158
211000275,28,26,2
211000276,276,20,256
211000279,54,71,-17
211000281,225,12,213
211000302,26,11,15
211507980,0,32,-32
211977296,38,1,37
212000003,342,188,154
212000004,0,189,-189
212000005,11,217,-206
212000006,31,261,-230
212000008,225,292,-67
212000009,117,109,8
212000012,190,46,144
212000013,43,47,-4
212000014,352,68,284
212000015,458,108,350
212000016,670,309,361
212000027,840,177,663
212000028,500,169,331
212000029,400,144,256
212000030,47,15,32
212000031,84,20,64
212000048,33,562,-529
212000049,11,388,-377
212000050,10,41,-31
212000051,526,122,404
212000052,512,104,408
212000053,338,135,203
212000054,781,51,730
212000055,867,68,799
212000056,26,25,1
212000057,13,12,1
212000058,221,22,199
212000070,302,69,233
212000077,321,89,232
212000099,620,144,476
212000108,384,483,-99
212000111,680,47,633
212000120,152,366,-214
212000138,270,71,199
212000156,2,42,-40
212000158,3,53,-50
212000159,708,51,657
212000160,874,64,810
212000161,173,8,165
212000310,64,4,60
212000311,42,66,-24
212000374,38,6,32
213000001,5,189,-184
213000005,786,46,740
213000006,742,59,683
213000007,29,24,5
213000009,350,102,248
213000010,426,61,365
213000011,249,18,231
213000012,195,76,119
213000014,81,22,59
213000015,207,8,199
213000016,412,21,391
213000017,49,0,49
213000018,0,6,-6
213000019,2,23,-21
213000020,59,66,-7
213000021,0,37,-37
213000023,584,136,448
213000033,347,1007,-660
213000034,409,108,301
213000035,254,477,-223
213000045,153,212,-59
213000046,37,46,-9
213000047,120,819,-699
213000056,303,14,289
213000069,414,57,357
213000073,0,15,-15
213000074,17,169,-152
213000075,1171,0,1171
213000076,24,2,22
213000085,1,6,-5
213000086,15,48,-33
213000091,716,21,695
213000092,43,13,30
213000099,216,858,-642
213000100,827,201,626
213000101,1090,61,1029
213000102,1097,126,971
213000103,525,203,322
213000104,19,87,-68
213000105,138,2074,-1936
213000106,59,238,-179
213000107,92,196,-104
213000108,24,219,-195
213000109,1,137,-136
213000110,12,59,-47
213000111,1,74,-73
213000112,18,56,-38
213000115,80,0,80
213000116,19,220,-201
213000117,7,257,-250
213000118,1239,345,894
213000119,22,201,-179
213000120,38,229,-191
213000122,58,260,-202
213000123,76,357,-281
213000124,188,491,-303
213000125,165,38,127
213000126,26,80,-54
213000127,28,110,-82
213000128,22,269,-247
213000129,82,2201,-2119
213000130,1442,797,645
213000132,1677,249,1428
213000133,1751,87,1664
213000134,2779,24,2755
213000136,712,5,707
213000137,673,33,640
213000139,543,18,525
213000147,60,44,16
213000148,8,69,-61
213000149,6,30,-24
213000150,1,1022,-1021
213000151,1,255,-254
213000152,1,276,-275
213000153,8,171,-163
213000154,158,147,11
213000155,122,116,6
213000156,178,119,59
213000157,1375,157,1218
213000158,374,250,124
213000159,336,203,133
213000163,2638,270,2368
213000165,579,228,351
213000171,101,16,85
213000172,110,43,67
213000173,49,30,19
213000174,3,8,-5
213000175,55,8,47
213000176,83,65,18
213000177,6,18,-12
213000178,12,0,12
213000179,348,3,345
213000180,594,15,579
213000184,65,167,-102
213000188,900,69,831
213000189,1509,24,1485
213000190,783,256,527
213000191,1099,121,978
213000192,562,164,398
213000193,364,169,195
213000194,1,309,-308
213000195,66,124,-58
213000196,561,1642,-1081
213000197,524,1190,-666
213000198,26,4,22
213000200,119,332,-213
213000201,20,55,-35
213000202,3,223,-220
213000203,1281,209,1072
213000204,1881,46,1835
213000205,809,32,777
213000206,1377,33,1344
213000207,31,8,23
213000208,11,0,11
213000209,98,1,97
213000210,220,0,220
213000211,4,11,-7
213000212,15,30,-15
213000213,34,60,-26
213000218,335,322,13
213000219,1569,65,1504
213000220,1887,5,1882
213000223,360,53,307
213000224,35,24,11
213000225,98,20,78
213000226,59,8,51
213000227,1713,70,1643
213000228,1226,55,1171
213000229,291,12,279
213000230,837,17,820
213000232,176,11,165
213000233,17,127,-110
213000234,0,22,-22
213000293,15,131,-116
213000294,108,95,13
213000295,13,70,-57
213000296,89,2,87
213000297,15,53,-38
213000298,18,57,-39
213000299,78,6,72
213000300,0,5,-5
213000303,0,28,-28
213000304,1,11,-10
213000305,2,32,-30
213000306,23,295,-272
213000307,113,94,19
213000308,48,133,-85
213000309,343,18,325
213000310,287,102,185
213000311,136,350,-214
213000315,95,192,-97
213000316,566,50,516
213000322,2,10,-8
213000323,32,28,4
213000340,86,246,-160
213000341,1768,60,1708
213000346,93,227,-134
213000347,165,528,-363
213000348,4,60,-56
213000349,0,5,-5
213000350,228,562,-334
213000366,102,111,-9
213000367,531,10,521
213000379,13,26,-13
213000386,21,36,-15
213000406,223,48,175
213000417,1998,596,1402
213000425,332,52,280
213000426,215,14,201
213000427,84,51,33
213000428,54,31,23
213000429,3,15,-12
213000430,99,141,-42
213000431,6,0,6
213000432,0,66,-66
213000433,37,27,10
213000434,278,30,248
213000435,133,47,86
213000439,60,21,39
213000441,3,0,3
213000443,603,304,299
213000445,0,86,-86
213000446,2,26,-24
213000447,1,120,-119
213000448,15,88,-73
213000449,1502,7,1495
213000450,21,28,-7
213000451,472,11,461
213000452,7,7,0
213000453,15,155,-140
213000455,42,0,42
213000456,0,140,-140
213000481,3,0,3
213000482,45,0,45
213000489,194,86,108
213000491,8,415,-407
213000492,43,0,43
213000493,1,387,-386
213000494,241,15,226
213000495,0,8,-8
213000496,518,74,444
213000497,16,124,-108
213000498,100,67,33
213000499,85,45,40
213000500,551,10,541
213000501,262,24,238
213000502,68,25,43
213000503,0,53,-53
213000504,1,39,-38
213000505,83,8,75
213000506,0,2,-2
213000507,1,29,-28
213900244,263,0,263
213900245,0,11,-11
218000003,24,9,15
218000004,93,19,74
218000005,16,41,-25
218000006,51,61,-10
218000007,9,32,-23
218000012,107,383,-276
218000013,230,226,4
218000014,378,114,264
218000019,337,217,120
218000020,257,173,84
218000040,1,3,-2
218000046,85,214,-129
218000047,31,99,-68
218000048,239,58,181
218000049,76,74,2
218000050,308,122,186
218000051,159,149,10
218000052,0,24,-24
218000053,0,16,-16
218000054,8,30,-22
218000055,5,57,-52
218000056,39,77,-38
218000057,1,74,-73
218000064,14,1,13
218000065,103,8,95
218000066,43,51,-8
218000067,222,26,196
218000068,275,11,264
218000069,596,25,571
218000070,382,231,151
218000071,172,205,-33
218000072,120,140,-20
218000078,1495,248,1247
218000079,469,21,448
218000080,308,37,271
218000081,803,49,754
218000082,304,36,268
218000083,139,40,99
218000084,139,44,95
218000085,211,75,136
218000086,48,27,21
218000087,101,42,59
218000090,16,314,-298
218000091,1443,533,910
218000092,271,34,237
218000093,176,23,153
218000094,613,152,461
218000099,256,157,99
218000100,338,130,208
218000101,263,118,145
218000102,585,96,489
218000103,166,25,141
218000104,138,16,122
218000105,34,1,33
218000106,19,1,18
218000107,213,26,187
218000108,12,20,-8
218000112,74,5,69
218000117,26,69,-43
218000134,466,171,295
218000135,6,57,-51
218000136,153,109,44
218000137,51,69,-18
218000138,78,49,29
218000139,149,129,20
218000140,642,473,169
218000141,67,48,19
218000142,203,119,84
218000143,42,236,-194
218000144,3,208,-205
218000145,606,189,417
218000146,120,58,62
218000151,1,39,-38
218000152,53,56,-3
218000170,0,37,-37
218000171,124,4,120
218000172,1,24,-23
218000173,9,9,0
218000174,14,10,4
218000176,333,27,306
218000177,379,37,342
218000178,108,40,68
218000179,265,31,234
218000180,103,41,62
218000181,306,56,250
218000187,21,47,-26
218000188,27,21,6
218000189,29,92,-63
218000190,2,2,0
218000191,193,16,177
218000192,240,57,183
218000193,309,72,237
218000194,208,138,70
218000195,231,34,197
218000196,406,131,275
218000197,835,92,743
218000198,242,56,186
218000199,35,6,29
218000200,61,36,25
218000201,15,2,13
218000202,30,703,-673
218000207,11,4,7
218000208,30,75,-45
218000211,28,16,12
218000213,276,152,124
218000214,0,36,-36
218000215,104,60,44
218000217,5,44,-39
218000218,429,40,389
218000219,2,89,-87
218000220,78,717,-639
218000221,694,281,413
218000222,1,70,-69
218000223,24,353,-329
218000224,2,109,-107
218000225,193,6,187
218000226,216,49,167
218000232,101,31,70
218000239,164,2,162
218000240,6,3,3
218000241,0,1,-1
218000242,19,0,19
218000243,32,3,29
218000244,13,3,10
218000245,13,8,5
218000246,0,0,0
218000247,0,0,0
218000248,0,34,-34
218000249,0,1,-1
218000250,0,4,-4
218000251,0,14,-14
218000252,0,46,-46
218000253,0,29,-29
218000254,0,32,-32
218000255,2,4,-2
218000256,4,20,-16
218000267,530,912,-382
218000268,3,39,-36
218000269,1,12,-11
218000270,149,35,114
218000271,25,7,18
218000273,91,1,90
218000274,81,2,79
218000275,167,117,50
218000276,43,29,14
218000278,35,31,4
218000279,82,17,65
218000280,0,5,-5
218000281,3,34,-31
218000282,500,1430,-930
218000284,76,2,74
218000301,22,66,-44
218000302,10,34,-24
218000303,3,58,-55
218000316,1869,598,1271
218000317,3163,276,2887
218000318,1792,310,1482
218000319,1656,381,1275
218000320,1409,536,873
218000338,16,27,-11
218000345,182,62,120
218000346,68,129,-61
218000459,56,141,-85
218000490,7,58,-51
218000501,155,17,138
218000502,144,24,120
218000503,117,17,100
218000504,168,34,134
218000505,27,19,8
218000506,24,89,-65
218000508,0,3,-3
218000510,90,3,87
218000520,148,140,8
218000521,17,37,-20
218000522,1,345,-344
218000523,235,8,227
218000524,2,104,-102
218000525,45,18,27
218000526,24,128,-104
218000529,101,52,49
218000531,69,22,47
218000532,75,14,61
218000534,591,29,562
218000537,21,80,-59
218000538,90,232,-142
218000540,25,40,-15
218000543,192,23,169
218000544,18,18,0
218000545,261,41,220
218000546,61,22,39
218000547,290,102,188
218000548,97,30,67
218000549,1041,101,940
218000550,177,56,121
218000551,61,228,-167
218000552,413,171,242
218000553,33,102,-69
218000554,2,44,-42
218000555,46,140,-94
218000556,198,342,-144
218000557,1162,182,980
218000558,22,0,22
218000559,0,29,-29
218000560,0,13,-13
218000561,16,0,16
218000562,5,70,-65
218000563,170,10,160
218000564,3,89,-86
218000565,75,26,49
218000566,17,34,-17
218000567,0,29,-29
218000568,4,0,4
218000569,1,165,-164
218000570,9,0,9
218000571,0,76,-76
218000572,131,0,131
218000573,2,48,-46
218000574,34,16,18
218000575,165,0,165
218000576,0,38,-38
218000577,140,0,140
218000578,0,79,-79
218000579,45,10,35
218000581,3,133,-130
218000582,66,10,56
218000583,12,0,12
218000584,1,36,-35
218000585,22,15,7
218000586,18,30,-12
218000587,1,0,1
218000588,0,7,-7
218000589,0,14,-14
218000590,1,0,1
218000591,1,86,-85
218000592,1,36,-35
218000593,11,42,-31
218000594,0,15,-15
218000597,0,20,-20
218000598,0,9,-9
218000599,2,10,-8
218000600,2,9,-7
218000601,0,21,-21
218000602,0,3,-3
218000603,0,0,0
218000604,5,0,5
218000605,0,145,-145
218000606,157,1,156
218000607,4,107,-103
218000608,51,20,31
218000609,1,78,-77
218000610,32,0,32
218000611,11,0,11
218000612,1,10,-9
218000613,41,6,35
218000614,15,35,-20
218000615,108,11,97
218000616,1,119,-118
218000617,1,4,-3
218000618,13,24,-11
218000619,22,16,6
218000620,1,170,-169
218000621,0,1,-1
218000622,0,109,-109
218000623,4,0,4
218000624,0,183,-183
218000625,0,1,-1
218000626,0,10,-10
218000628,359,158,201
218000631,156,20,136
218000632,0,71,-71
218000633,103,0,103
218000634,9,7,2
218000635,19,5,14
218000636,889,210,679
218000637,1437,148,1289
218000638,449,18,431
218000639,22,29,-7
218000640,998,27,971
218000641,244,28,216
218000652,41,36,5
218000653,207,14,193
218000663,1,63,-62
218000675,10,51,-41
218000680,364,203,161
218000681,1007,94,913
218000691,409,101,308
218000693,809,90,719
218000718,17,49,-32
218000719,86,99,-13
218000720,0,85,-85
218000721,7,13,-6
218001147,0,95,-95
218001214,76,34,42
218001258,1078,2,1076
218001329,523,63,460
218001330,107,158,-51
218001351,32,23,9
218001352,42,49,-7
218001353,12,31,-19
218001354,12,38,-26
218001355,5,63,-58
218001356,598,241,357
218001357,0,91,-91
218001358,828,8,820
218001361,1777,6,1771
218001362,0,54,-54
219000001,10,18,-8
219000002,41,46,-5
219000003,53,21,32
219000004,29,128,-99
219000017,137,170,-33
219000020,254,7,247
219000022,200,6,194
219000023,86,0,86
219000029,0,128,-128
219000034,79,21,58
219000039,27,123,-96
219000040,8,67,-59
219000041,178,61,117
219000051,0,65,-65
219000052,0,44,-44
219000053,0,104,-104
219000055,386,1,385
219000056,2,0,2
219000057,68,0,68
219000062,12,108,-96
219000063,371,4,367
219000064,1,167,-166
219000110,191,265,-74
219000111,75,55,20
219000112,346,59,287
219000113,331,17,314
219000114,253,35,218
219000116,152,52,100
219000117,141,27,114
219000118,143,62,81
219000123,200,140,60
219000124,93,61,32
219000125,54,2,52
219000126,58,88,-30
219000127,0,1,-1
219000128,19,125,-106
219000129,20,92,-72
219000130,180,308,-128
219000131,1054,669,385
219000133,33,74,-41
219000134,20,46,-26
219000135,19,78,-59
219000136,58,248,-190
219000138,126,8,118
219000139,133,45,88
219000140,307,0,307
219000141,63,56,7
219000142,42,37,5
219000143,30,14,16
219000145,4,9,-5
219000146,0,0,0
219000147,19,9,10
219000148,1,18,-17
219000149,1,46,-45
219000150,0,6,-6
219000151,0,2,-2
219000157,627,73,554
219000158,331,161,170
219000161,317,3,314
219000163,1461,333,1128
219000166,164,162,2
219000167,170,91,79
219000168,300,79,221
219000174,485,108,377
219000175,200,6,194
219000176,378,7,371
219000177,170,1,169
219000178,120,1,119
219000179,139,7,132
219000180,147,16,131
219000182,165,2,163
219000183,132,10,122
219000184,119,4,115
219000185,0,7,-7
219000186,162,14,148
219000187,28,21,7
219000189,50,109,-59
219000190,89,116,-27
219000191,104,623,-519
219000192,247,167,80
219000193,300,110,190
219000195,2,40,-38
219000196,3,58,-55
219000198,5,26,-21
219000199,27,37,-10
219000200,35,51,-16
219000201,39,84,-45
219000203,20,46,-26
219000204,54,263,-209
219000205,15,126,-111
219000207,53,104,-51
219000209,44,19,25
219000210,1,119,-118
219000213,16,219,-203
219000239,217,141,76
219000240,93,303,-210
219000241,95,144,-49
219000242,74,142,-68
219000243,90,153,-63
219000244,23,69,-46
219000245,3,55,-52
219000246,27,20,7
219000247,584,21,563
219000248,643,409,234
219000249,228,68,160
219000250,314,42,272
219000251,607,144,463
219000252,306,75,231
219000253,246,25,221
219000255,226,119,107
219000256,398,46,352
219000257,107,0,107
219000262,40,48,-8
219000263,71,61,10
219000267,2,32,-30
219000268,0,2,-2
219000269,7,2,5
219000270,9,0,9
219000271,516,6,510
219000278,1,1,0
219000279,0,0,0
219000283,0,17,-17
219000295,18,146,-128
219000296,69,134,-65
219000297,38,26,12
219000298,35,21,14
219000299,367,34,333
219000300,39,48,-9
219000301,21,155,-134
219000302,28,112,-84
219000307,7,10,-3
219000308,70,24,46
219000311,159,70,89
219000312,486,170,316
219000313,567,26,541
219000314,118,55,63
219000315,593,10,583
219000316,616,66,550
219000317,229,2,227
219000320,1,157,-156
219000321,7,30,-23
219000323,2,32,-30
219000325,0,1,-1
219000326,41,16,25
219000327,1,2,-1
219000328,49,11,38
219000329,382,120,262
219000330,23,3,20
219000331,25,9,16
219000332,216,59,157
219000333,125,2,123
219000335,54,1,53
219000337,1,0,1
219000338,20,1,19
219000344,24,40,-16
219000345,169,4,165
219000346,12,13,-1
219000348,103,60,43
219000349,35,92,-57
219000350,42,283,-241
219000351,0,5,-5
219000352,73,106,-33
219000353,299,46,253
219000354,630,71,559
219000355,137,28,109
219000356,377,801,-424
219000363,175,59,116
219000364,238,39,199
219000365,90,26,64
219000366,217,869,-652
219000368,468,422,46
219000370,742,331,411
219000371,8,6,2
219000382,4,36,-32
219000383,248,733,-485
219000385,145,495,-350
219000386,331,1275,-944
219000387,0,2,-2
219000390,10,0,10
219000391,0,0,0
219000397,36,16,20
219000398,39,59,-20
219000401,22,108,-86
219000402,17,74,-57
219000403,71,128,-57
219000404,26,59,-33
219000407,33,27,6
219000409,66,41,25
219000410,115,10,105
219000411,106,19,87
219000446,74,304,-230
219000447,0,16,-16
219000448,7,2,5
219000452,192,64,128
219000453,24,155,-131
219000454,364,340,24
219000556,768,58,710
219000558,82,195,-113
219000590,23,235,-212
219000591,243,55,188
219000592,50,166,-116
219000595,6,2,4
219000635,282,21,261
219000636,72,21,51
219000657,19,2,17
219000658,35,136,-101
219000673,0,3,-3
219000676,10,2,8
219000679,41,9,32
219000684,238,0,238
219000685,0,73,-73
219000686,0,6,-6
219000688,0,56,-56
219000689,10,93,-83
219000690,184,8,176
219000691,26,74,-48
219000692,133,3,130
219000693,0,16,-16
219000694,64,0,64
219000695,54,1,53
219000698,12,0,12
219000699,0,100,-100
219000727,1,83,-82
219000728,141,1,140
219000770,10,1,9
219000771,0,35,-35
219000788,295,431,-136
219001150,0,67,-67
219001151,0,3,-3
219001166,62,115,-53
219001167,4,54,-50
219001178,79,0,79
220000001,9,332,-323
220000002,3,244,-241
220000003,187,64,123
220000004,289,295,-6
220000005,436,840,-404
220000006,152,335,-183
220000007,508,93,415
220000008,243,284,-41
220000009,166,303,-137
220000010,79,52,27
220000011,321,4552,-4231
220000012,10,512,-502
220000014,181,87,94
220000015,75,513,-438
220000017,39,245,-206
220000018,7970,1621,6349
220000019,176,821,-645
220000020,580,145,435
220000021,1349,289,1060
220000022,1443,219,1224
220000023,346,112,234
220000024,965,520,445
220000025,436,1437,-1001
220000026,469,716,-247
220000027,1,302,-301
220000028,22,159,-137
220000029,17,57,-40
220000030,35,85,-50
220000031,904,545,359
220000064,56,947,-891
221000046,8,0,8
221000047,0,0,0
221000048,0,3,-3
221000049,0,22,-22
221000050,1,0,1
221000055,32,42,-10
221000068,147,53,94
221000069,258,18,240
221000070,325,17,308
221000071,95,4,91
221000072,445,14,431
221000073,223,15,208
221000074,0,5,-5
221000075,4,27,-23
221000076,5,26,-21
221000077,2,28,-26
221000081,127,9,118
221000082,91,8,83
221000083,5,6,-1
221000084,19,3,16
221000085,5,48,-43
221000086,7,26,-19
221000087,3,35,-32
221000088,3,96,-93
221000089,11,99,-88
221000090,12,194,-182
221000098,144,17,127
221000099,310,13,297
221000100,315,2,313
221000101,384,1,383
221000107,80,0,80
221000108,70,6,64
221000109,0,11,-11
221000110,1,8,-7
221000111,3,94,-91
221000112,3,62,-59
221000113,11,68,-57
221000114,2,48,-46
221000120,3,78,-75
221000121,1,56,-55
221000122,45,52,-7
221000123,20,14,6
221000124,19,73,-54
221000155,89,35,54
221000156,168,83,85
221000175,5,34,-29
221000176,0,0,0
221000182,129,2,127
221000241,340,164,176
221000242,30,161,-131
221000243,478,94,384
221000244,56,344,-288
221000245,265,83,182
221000246,8,195,-187
221000247,211,124,87
221000248,69,88,-19
221000267,23,412,-389
221000325,16,139,-123
221000331,2,17,-15
221000338,3,61,-58
221000378,443,65,378
221000381,45,100,-55
222000282,0,0,0
222000296,0,36,-36
222000568,393,8,385
222000569,159,24,135
222000570,141,25,116
222000571,458,22,436
222000577,15,32,-17
222000578,0,44,-44
222000579,2,18,-16
222000580,19,608,-589
222000599,0,30,-30
222000600,0,75,-75
222000601,2,364,-362
222000603,13,68,-55
222000604,0,151,-151
222000605,6,63,-57
222000606,0,69,-69
222000607,0,8,-8
222000608,3,37,-34
222000609,47,20,27
222000616,896,16,880
222000617,16,52,-36
222000618,1,16,-15
222000620,58,41,17
222000621,43,51,-8
222000623,628,1,627
222000624,785,5,780
222000625,1639,67,1572
222000636,50,2,48
222000686,23,53,-30
222000687,76,10,66
222001066,572,2,570
222001067,131,9,122
222001068,335,2,333
222001069,206,16,190
222001082,74,8,66
222001083,202,3,199
222001084,0,63,-63
222001085,2,433,-431
222001111,187,27,160
222001112,223,28,195
222001313,4,13,-9
222001314,1,117,-116
222001464,702,26,676
222001465,27,220,-193
222001484,426,48,378
222001485,39,39,0
222001494,1318,181,1137
222001495,137,69,68
222001496,648,96,552
222001497,111,147,-36
222001502,21,34,-13
222001503,463,3,460
222001504,13,50,-37
222001505,644,8,636
222001506,0,77,-77
222001507,509,5,504
222001510,1224,27,1197
222001511,12,99,-87
222001514,957,29,928
222001515,29,155,-126
222001518,890,14,876
222001519,5,116,-111
222001527,284,2,282
222001528,46,51,-5
222001529,551,2,549
222001530,19,51,-32
222001533,49,50,-1
222001534,1103,10,1093
222001535,851,165,686
222001536,14,88,-74
222001537,620,21,599
222001538,6,86,-80
222001563,1645,36,1609
222001564,30,213,-183
222001568,140,32,108
222001576,0,2,-2
222001579,0,30,-30
222001583,22,34,-12
222001584,230,28,202
222001596,205,304,-99
222001597,1701,154,1547
222001626,0,20,-20
222001650,3,64,-61
222001651,4,126,-122
222001914,324,4,320
222001915,3,66,-63
222001968,695,233,462
222001969,187,218,-31
222001970,102,122,-20
222001971,166,9,157
222001972,11,2,9
225000001,609,84,525
225000002,1343,98,1245
225000003,1603,40,1563
225000004,1132,109,1023
225000005,73,39,34
225000006,0,116,-116
225000007,865,1212,-347
225000010,330,13,317
225000011,283,1769,-1486
225000012,311,901,-590
225000013,236,74,162
225000014,720,88,632
225000015,109,193,-84
225000021,780,96,684
225000027,308,225,83
225000032,787,109,678
225000042,112,182,-70
225000049,35,71,-36
225000050,296,28,268
225000053,1,85,-84
225000058,893,139,754
225000067,310,71,239
225000068,165,190,-25
225000069,77,281,-204
225000070,188,237,-49
225000071,20,54,-34
225000075,68,1134,-1066
225000076,122,71,51
225000078,66,24,42
225000085,152,28,124
225000086,698,36,662
225000087,91,7,84
225000088,24,141,-117
225000089,53,93,-40
225000090,36,161,-125
225000091,26,49,-23
225000092,41,97,-56
225000093,331,87,244
225000094,11,89,-78
225000095,354,119,235
225000096,110,103,7
225000098,1125,160,965
225000099,680,40,640
225000100,995,56,939
225000104,122,406,-284
225000110,17,183,-166
225000111,456,306,150
225000112,588,754,-166
225000113,237,1459,-1222
225000114,128,777,-649
225000115,1454,778,676
225000116,394,128,266
225000117,586,311,275
225000118,1262,296,966
225000119,645,74,571
225000120,962,47,915
225000121,259,21,238
225000123,705,10,695
225000125,734,299,435
225000126,883,282,601
225000127,540,3941,-3401
225000128,414,1567,-1153
225000132,737,11,726
225000133,326,10,316
225000134,1047,81,966
225000135,130,3,127
225000136,441,3,438
225000137,553,78,475
225000138,580,127,453
225000143,81,217,-136
225000144,7,247,-240
225000145,11,11,0
225000146,99,56,43
225000147,27,28,-1
225000148,0,4,-4
225000149,42,64,-22
225000151,36,47,-11
225000155,125,105,20
225000156,298,1118,-820
225000157,669,367,302
225000158,47,178,-131
225000171,9,177,-168
225000180,57,41,16
225000181,2,175,-173
225000182,96,2,94
225000185,9,379,-370
225000187,134,266,-132
225000191,62,2,60
225000194,0,9,-9
225000208,0,34,-34
225000209,69,4,65
225000210,0,80,-80
225000217,0,19,-19
225000218,39,0,39
225000223,1,767,-766
225000224,13,0,13
225000225,0,436,-436
225000226,33,4,29
225000227,113,294,-181
225000228,9,5,4
225000229,0,50,-50
225000230,7,1,6
225000231,0,15,-15
225000232,232,0,232
225000241,64,0,64
225000242,0,26,-26
225000249,11,0,11
225000250,31,102,-71
225000251,1001,143,858
226000042,188,263,-75
226000043,21,249,-228
226000044,140,734,-594
226000045,41,336,-295
226000046,1230,143,1087
226000047,903,159,744
226000048,810,117,693
226000049,1144,299,845
226000070,0,11,-11
226000071,0,49,-49
226000072,0,22,-22
226000073,0,2,-2
226000074,0,1,-1
226000084,0,220,-220
226000085,0,206,-206
226000086,0,62,-62
226000087,0,56,-56
226000088,3,15,-12
226000090,1085,256,829
226000091,4,127,-123
226000092,2,12,-10
226000093,22,7,15
226000094,1,14,-13
226000095,18,52,-34
226000105,0,2,-2
226000106,2,0,2
226000107,4,0,4
226000108,13,0,13
226000109,395,1,394
226000124,281,90,191
226000134,1367,420,947
226000135,2738,773,1965
226000136,1183,374,809
226000137,12,114,-102
226000138,13,46,-33
226000139,1,33,-32
226000156,559,5,554
226000157,600,1,599
226000163,70,79,-9
226000202,11,66,-55
226000231,1704,3,1701
226000232,24,0,24
227000033,60,1,59
227000037,1180,13,1167
227000038,361,44,317
227000049,0,151,-151
227000050,2,168,-166
227000055,100,3,97
227000056,5,0,5
227000084,7,105,-98
227000085,0,132,-132
227000088,93,3,90
227000089,23,1,22
227000090,34,1,33
227000091,62,1,61
227000093,144,4,140
227000094,39,0,39
227000130,115,137,-22
227000131,29,143,-114
227000132,71,71,0
227000133,24,83,-59
227000134,80,77,3
227000152,0,4,-4
227000153,0,123,-123
227000155,2,27,-25
227000156,3,26,-23
227000165,0,112,-112
227000196,110,73,37
227000199,934,18,916
227000230,0,181,-181
227000232,844,53,791
227000241,1054,11,1043
227000242,47,204,-157
227000243,436,21,415
227000244,496,9,487
227000245,85,161,-76
227000246,86,161,-75
227000247,776,5,771
227000248,291,93,198
227000249,12,214,-202
227000250,33,42,-9
227000251,83,414,-331
227000252,85,111,-26
227000253,418,24,394
227000262,871,12,859
227000266,2800,50,2750
227000267,7,351,-344
227000486,446,361,85
227000655,960,8,952
227000661,203,36,167
227000680,89,107,-18
229000265,71,38,33
229000296,0,40,-40
229000297,1,31,-30
229000298,10,296,-286
229000320,23,1,22
229000321,21,4,17
229000412,10,45,-35
229000414,19,60,-41
229000415,2,3,-1
229000416,0,5,-5
229000417,4,1,3
229000419,74,213,-139
229000440,304,60,244
229000442,29,0,29
229000443,7,0,7
229000444,0,37,-37
229000445,80,2,78
229000446,64,57,7
229000847,59,0,59
229000848,52,0,52
229000849,116,0,116
229000851,271,0,271
229000854,1,24,-23
229000856,0,105,-105
229000857,0,23,-23
229000858,0,23,-23
229000919,0,14,-14
229000930,11,8,3
229000937,138,4,134
229000966,84,43,41
229000981,11,15,-4
229000985,42,3,39
229000986,1,2,-1
229000987,0,1,-1
229000988,0,1,-1
229000989,0,44,-44
229000990,0,26,-26
229000991,1,0,1
229000992,33,3,30
229000993,253,43,210
229000998,5,73,-68
229000999,83,0,83
229001034,1,56,-55
229001035,10,2,8
229001037,117,0,117
229001042,21,10,11
229001047,1,90,-89
229001050,113,65,48
229001200,84,1,83
229001338,0,3,-3
229001394,393,0,393
229001422,203,12,191
229001423,1,38,-37
229001431,60,24,36
229001432,8,12,-4
229001444,275,31,244
229001445,206,71,135
229001503,547,67,480
229001504,64,30,34
229001505,224,34,190
229001506,9,51,-42
229001509,99,1,98
229001545,133,20,113
229001546,0,24,-24
229001553,91,12,79
229001554,1,26,-25
229001559,2,2,0
229001560,16,45,-29
229001630,157,0,157
229001631,10,33,-23
229001635,0,23,-23
229001636,0,0,0
229001658,0,9,-9
229001659,36,10,26
229001660,1,7,-6
229001661,0,102,-102
229001662,27,0,27
229001663,0,22,-22
229002584,224,223,1
229002831,176,61,115
229002841,5,72,-67
229002842,39,43,-4
229002843,31,46,-15
229002844,13,117,-104
229002845,0,183,-183
229002846,5,39,-34
229002847,4,2,2
229002848,4,17,-13
229002849,1,131,-130
229002850,8,2,6
229002851,30,183,-153
229002852,86,60,26
229002853,52,35,17
229002854,19,35,-16
229002855,1,117,-116
229002856,95,46,49
229002857,20,111,-91
229002858,5,30,-25
229002859,18,39,-21
229002860,39,5,34
229002861,96,52,44
229002862,26,63,-37
229002863,2,6,-4
229002864,11,72,-61
229002865,1,27,-26
229002866,8,14,-6
229002867,0,13,-13
229002868,5,44,-39
229002869,7,51,-44
229002870,38,4,34
235000066,194,39,155
235000067,164,40,124
235000072,0,3,-3
235000073,3,6,-3
235000074,10,10,0
235000080,5,70,-65
235000081,16,82,-66
235000082,422,78,344
235000083,353,54,299
235000084,51,47,4
235000085,134,105,29
235000089,48,21,27
235000092,1,0,1
235000093,0,0,0
235000097,2,3,-1
235000098,153,5,148
235000099,29,28,1
235000116,8,22,-14
235000117,573,10,563
235000133,0,7,-7
235000134,1,6,-5
235000206,1,2,-1
235000207,4,3,1
235000208,1,0,1
235000209,1,7,-6
235000210,4,1,3
235000212,2,4,-2
235000213,0,6,-6
235000220,0,1,-1
235000221,1,14,-13
235000238,1,323,-322
235000239,0,30,-30
235000242,307,1307,-1000
235000245,334,121,213
235000246,58,57,1
235000284,3,90,-87
235000295,63,3,60
235000305,423,9,414
235000306,535,8,527
235000307,32,1,31
235000308,3,1,2
235000309,91,1,90
235000310,46,0,46
235000311,13,83,-70
235000322,0,93,-93
235000323,1,44,-43
235000324,0,58,-58
235000325,7,21,-14
235000326,33,58,-25
235000351,1,64,-63
235000352,16,26,-10
235000353,1,12,-11
235000354,19,19,0
235000355,4,58,-54
235000356,56,2,54
235000357,28,6,22
235000358,28,2,26
235000359,34,11,23
235000360,54,4,50
235000361,81,7,74
235000381,28,22,6
235000382,108,34,74
235000390,0,0,0
235000391,158,11,147
235000392,196,163,33
235000393,172,128,44
235000395,102,38,64
235000396,428,19,409
235000400,17,100,-83
235000401,3,98,-95
235000405,70,48,22
235000406,4,60,-56
235000407,37,33,4
235000409,102,44,58
235000410,47,75,-28
235000411,0,48,-48
235000485,0,0,0
235000486,2,0,2
235000549,122,131,-9
235000550,18,18,0
235000599,16,1,15
235000600,0,0,0
235000601,1,26,-25
235000602,94,57,37
235000614,0,0,0
235000648,0,0,0
235000649,28,5,23
235000685,0,1,-1
235000815,8,10,-2
235000834,0,29,-29
235000855,39,12,27
235000862,4,16,-12
235000891,0,0,0
235000892,4,1,3
235000901,9,0,9
235000907,1,1,0
235001010,72,46,26
235001029,70,95,-25
235001030,185,41,144
235001078,110,42,68
235001079,15,26,-11
235001147,25,27,-2
235001166,4,27,-23
235001167,5,1,4
235001169,109,110,-1
235001188,8,13,-5
235001189,1,6,-5
235001197,0,16,-16
235001200,0,0,0
235001207,635,41,594
235001210,98,93,5
235001215,2,58,-56
235001239,0,0,0
235001244,0,25,-25
235016267,1,165,-164
277102712,5,1,4
277103813,0,0,0
277104249,0,3,-3
277104250,0,24,-24
277104251,0,11,-11
277104252,0,2,-2
990011530,0,191,-191
990014944,1,72,-71
990015176,22,2,20
990016032,0,89,-89
990032570,4,15,-11
990070001,147,6,141
990070103,0,0,0
990070601,0,5,-5
990070751,2929,2,2927
990070766,0,42,-42
990071180,449,92,357
990071343,307,295,12
990071387,7,2,5
990071823,14,1,13
990072600,0,208,-208
990072964,0,68,-68
990073285,0,1,-1
990074393,0,217,-217
990074870,2640,14,2626
990075106,415,2,413
990075746,544,1,543
990076437,6015,12,6003
990076458,0,241,-241
997000007,323,3,320
997000041,0,156,-156
997000058,85,0,85
997000062,13,0,13
997000069,0,0,0
997000070,0,8,-8
997000100,193,1,192
997000141,0,150,-150
997000198,16,223,-207
998000475,0,3,-3
998000736,0,139,-139
998000965,0,80,-80
998001031,0,82,-82
998001700,0,26,-26
998001899,0,0,0
998001900,1,0,1
998003073,1589,30,1559
998101900,0,0,0
998102850,1,67,-66
998501927,312,786,-474
998501929,146,15,131
998501930,35,0,35
998501931,190,11,179
998501932,38,0,38
998501933,56,0,56
998501937,207,169,38
998501944,10,1,9
998501950,1,2,-1
998501970,295,4,291
998501971,0,54,-54
998501973,0,12,-12
998501974,1,45,-44
998501975,85,1,84
998501976,548,4,544
998501977,12,15,-3
998501978,0,0,0
998501979,0,2,-2
998501980,133,1,132
998501981,73,0,73
998501982,0,63,-63
998501983,1,1,0
998502006,0,0,0
998502024,0,4,-4
998502032,0,0,0
998502062,6,0,6
998502063,0,0,0
998502173,11,0,11
998502269,0,1,-1
998502546,1,317,-316
998502578,0,1,-1
998502599,15,940,-925
998502621,0,0,0
998601159,0,11,-11
998601292,0,3,-3
999033574,0,146,-146
999800001,32,8,24
999800002,0,2,-2
999800003,0,2,-2
999800004,0,3,-3
999800005,0,6,-6
