ID,insum,outsum,diff
100000001,584,818,-234
100000002,5839,1245,4594
100000003,7012,3810,3202
100000004,1672,1236,436
100000005,2432,4880,-2448
100000006,1099,158,941
100000007,3604,902,2702
100000008,349,525,-176
100000009,764,266,498
100000010,144,85,59
100000011,1795,93,1702
100000012,196,938,-742
100000013,93,247,-154
100000014,498,339,159
100000015,2442,3291,-849
100000016,1318,1612,-294
100000017,1141,1005,136
100000018,2512,767,1745
100000019,5883,2711,3172
100000020,2533,8947,-6414
100000021,5914,2874,3040
100000022,2803,2119,684
100000023,6230,1640,4590
100000025,2923,997,1926
100000028,2639,1021,1618
100000029,294,268,26
100000030,458,67,391
100000031,6831,9051,-2220
100000032,3310,5631,-2321
100000033,1643,3429,-1786
100000034,676,550,126
100000035,2635,1377,1258
100000036,3339,1797,1542
100000037,673,629,44
100000038,2471,1198,1273
100000039,957,248,709
100000040,315,184,131
100000041,1372,490,882
100000042,1920,612,1308
100000043,1991,507,1484
100000044,545,902,-357
100000045,880,1360,-480
100000046,838,1275,-437
100000047,463,788,-325
100000048,938,746,192
100000049,2049,2476,-427
100000051,742,1198,-456
100000053,290,15,275
100000054,961,54,907
100000055,2490,288,2202
100000056,882,670,212
100000057,2252,872,1380
100000058,1224,1369,-145
100000059,19,131,-112
100000060,534,407,127
100000061,2865,661,2204
100000062,2752,693,2059
100000063,950,306,644
100000064,1921,620,1301
100000065,673,994,-321
100000066,372,841,-469
100000067,666,877,-211
100000068,716,1787,-1071
100000069,555,1821,-1266
100000072,472,1308,-836
100000073,1494,1331,163
100000075,1052,385,667
100000076,5746,3513,2233
100000077,470,229,241
100000078,81,46,35
100000079,53,53,0
100000080,32,35,-3
100000081,151,93,58
100000102,4421,1700,2721
100000103,7450,1565,5885
100000104,6160,2984,3176
100000105,4216,1431,2785
100000106,3098,2302,796
100000107,974,949,25
100000108,1121,1013,108
100000109,4960,1439,3521
100000116,1847,994,853
100000117,113,85,28
100000118,2480,992,1488
100000119,798,686,112
100000121,379,583,-204
100000122,2060,1153,907
100000123,4002,5598,-1596
100000124,6606,8715,-2109
100000125,3364,1175,2189
100000126,1176,360,816
100000127,2852,405,2447
100000128,2347,2096,251
100000129,675,599,76
100000130,418,621,-203
100000131,2956,3696,-740
100000132,1549,2922,-1373
100000133,6886,3117,3769
100000135,617,1120,-503
100000139,605,235,370
100000140,594,245,349
100000142,460,758,-298
100000143,2019,765,1254
100000144,4946,1182,3764
100000147,1114,2975,-1861
100000150,37,478,-441
100000151,1049,985,64
100000153,482,410,72
100000154,281,124,157
100000155,41,70,-29
100000156,359,157,202
100000157,104,79,25
100000158,232,91,141
100000159,741,624,117
100000165,2031,844,1187
100000169,712,599,113
100000174,1657,630,1027
100000179,150,647,-497
100000180,4340,1399,2941
100000181,681,265,416
100000188,99,314,-215
100000189,1377,402,975
100000190,1153,631,522
100000191,763,452,311
100000192,75,151,-76
100000193,200,183,17
100000330,1922,895,1027
100000355,494,610,-116
100000362,6875,4240,2635
100000363,4036,5754,-1718
100000364,460,171,289
100000365,5571,5329,242
100000366,8526,3115,5411
100000367,5870,4813,1057
100000368,3200,1888,1312
100000369,1510,2123,-613
100000370,237,744,-507
100000376,217,120,97
100000379,5828,1612,4216
100000380,9202,3100,6102
100000384,7019,4770,2249
100000385,5984,4434,1550
100000386,10325,5944,4381
100000387,8170,5210,2960
100000388,9235,6864,2371
100000389,9288,6745,2543
100000390,9340,6022,3318
100000391,6723,7375,-652
100000392,6037,3120,2917
100000393,3394,3844,-450
100000394,10780,6182,4598
100000395,5675,3070,2605
100000396,10367,3075,7292
100000397,6995,3848,3147
100000398,13573,8710,4863
100000413,60,18,42
100900002,15,63,-48
100900003,392,181,211
100900004,22,651,-629
100900005,180,20,160
100900006,24,139,-115
100900007,619,19,600
100900008,4,408,-404
100900009,64,75,-11
100900010,97,147,-50
100900011,117,277,-160
100900012,0,267,-267
100900013,1160,11,1149
100900014,2,14,-12
100900015,165,140,25
100900016,2,35,-33
100900017,741,51,690
100900018,0,21,-21
100900019,13,180,-167
100900020,691,6,685
100900021,212,0,212
100900022,11,40,-29
100900023,4,57,-53
100900024,1244,10,1234
100900025,12,7,5
100900026,129,125,4
100900027,507,3142,-2635
100900028,163,191,-28
100900029,93,9,84
100900030,6,39,-33
100900031,649,23,626
100900032,156,0,156
100900033,245,163,82
100900034,570,6,564
100900035,1431,4,1427
100900036,19,0,19
100900037,117,257,-140
100900038,268,24,244
100900039,450,860,-410
100900040,2069,696,1373
100900041,607,729,-122
100900042,1226,288,938
100900043,0,14,-14
100900044,2816,650,2166
100900045,74,0,74
100900046,599,4,595
100900047,910,197,713
100900048,190,39,151
100900049,108,211,-103
100900050,2,27,-25
100900051,64,46,18
100900052,379,44,335
100900053,275,17,258
100900054,36,78,-42
100900055,242,691,-449
100900056,226,349,-123
100900057,454,1389,-935
100900058,326,37,289
100900059,162,6,156
100900060,125,12,113
100900061,371,293,78
100900062,3,51,-48
100900063,151,630,-479
100900064,362,9,353
100900065,135,101,34
100900066,83,181,-98
100900067,3,20,-17
100900068,98,78,20
100900069,1286,9,1277
100900070,274,2,272
100900071,830,337,493
100900072,7,71,-64
100900073,179,515,-336
100900074,2,18,-16
100900075,1698,370,1328
100900076,20,43,-23
100900077,26,96,-70
100900078,196,583,-387
100900079,11,22,-11
100900080,26,202,-176
100900081,155,203,-48
100900082,123,692,-569
100900083,7,58,-51
100900085,14,86,-72
100900086,245,1440,-1195
100900088,139,659,-520
100900089,3,36,-33
100900090,193,406,-213
100900091,2,26,-24
100900092,411,268,143
100900093,220,532,-312
100900094,89,594,-505
100900095,1,83,-82
100900096,27,100,-73
100900097,1,8,-7
100900098,37,23,14
100900099,37,597,-560
100900100,5,498,-493
100900101,357,47,310
100900102,93,75,18
100900103,14,15,-1
100900104,15,186,-171
100900105,13,329,-316
100900106,81,6,75
100900107,1946,843,1103
100900108,26,19,7
100900109,21,58,-37
100900110,1,19,-18
100900111,66,188,-122
100900112,1,7,-6
100900113,15,16,-1
100900114,15,17,-2
100900115,2,42,-40
100900116,820,1205,-385
100900117,368,796,-428
100900118,43,45,-2
100900119,32,26,6
100900120,9,15,-6
100900121,221,778,-557
100900122,168,250,-82
100900123,118,303,-185
100900124,20,21,-1
100900125,19,72,-53
100900126,141,265,-124
100900127,0,18,-18
100900128,88,197,-109
100900129,9,143,-134
100900131,80,248,-168
100900133,102,52,50
100900134,2,15,-13
100900135,1,116,-115
100900137,346,180,166
100900138,673,520,153
100900139,33,13,20
100900140,3,669,-666
100900141,1,459,-458
100900142,0,17,-17
100900143,1025,466,559
100900144,12,8,4
100900145,80,213,-133
100900146,1,38,-37
100900147,41,299,-258
100900148,40,886,-846
100900149,46,176,-130
100900150,3,52,-49
100900151,132,526,-394
100900152,99,27,72
100900153,12,184,-172
100900154,10,45,-35
100900155,17,26,-9
100900156,15,2,13
100900157,12,156,-144
100900159,4,22,-18
100900160,26,22,4
100900161,83,7,76
100900162,17,277,-260
100900163,218,259,-41
100900164,28,42,-14
100900165,16,111,-95
100900166,22,6,16
100900167,15,85,-70
100900168,52,159,-107
100900169,126,943,-817
100900170,53,12,41
100900171,21,605,-584
100900172,2,4,-2
100900173,12,579,-567
100900174,881,76,805
100900176,1500,204,1296
100900177,751,400,351
100900178,520,181,339
100900179,165,190,-25
100900180,11,6,5
100900181,91,66,25
100900182,32,25,7
100900184,10,211,-201
100900186,819,564,255
100900187,13,159,-146
100900188,34,29,5
100900189,956,213,743
100900191,1509,1254,255
100900192,409,380,29
100900195,202,149,53
100900197,7,56,-49
100900198,8,257,-249
100900199,7,4,3
100900200,654,406,248
100900201,47,654,-607
100900202,118,0,118
100900203,0,98,-98
100900204,1070,538,532
100900205,197,500,-303
100900206,119,86,33
100900207,268,156,112
100900210,116,600,-484
100900211,424,206,218
100900213,78,54,24
100900214,717,152,565
100900215,13,51,-38
100900217,190,84,106
101000001,5294,3083,2211
101000002,4866,5511,-645
101000003,1037,2295,-1258
101000004,10703,9311,1392
101000005,4774,5692,-918
101000006,7852,9200,-1348
101000007,2891,3781,-890
101000008,5716,3356,2360
101000009,2427,1885,542
101000010,1191,1433,-242
101000011,2054,635,1419
101000012,2575,987,1588
101000013,634,1144,-510
101000014,700,852,-152
101000015,1253,1022,231
101000016,774,445,329
101000017,874,533,341
101000018,5922,3031,2891
101000020,5251,1198,4053
101000021,2035,429,1606
101000022,295,62,233
101000023,2488,863,1625
101000025,262,481,-219
101000026,640,26,614
101000027,2757,2069,688
101000028,1615,260,1355
101000029,252,1372,-1120
101000030,2190,103,2087
101000031,815,307,508
101000032,12039,3198,8841
101000033,3892,3641,251
101000034,4509,1802,2707
101000035,1151,575,576
101000036,2419,973,1446
101000037,5593,1877,3716
101000039,3709,2412,1297
101000040,4661,3988,673
101000041,14489,7191,7298
101000042,1016,1054,-38
101000043,9727,5949,3778
101000045,2307,905,1402
101000046,5066,797,4269
101000047,2606,1712,894
101000048,980,903,77
101000049,1169,1587,-418
101000050,2135,1529,606
101000051,2609,2201,408
101000052,2353,829,1524
101000053,1231,2600,-1369
101000054,1877,1585,292
101000055,1659,1559,100
101000056,50,113,-63
101000057,3015,1134,1881
101000058,2046,1252,794
101000059,4499,2097,2402
101000060,1947,686,1261
101000061,1119,1795,-676
101000062,1026,939,87
101000063,1013,1056,-43
101000064,1794,832,962
101000065,506,437,69
101000066,931,612,319
101000067,1326,718,608
101000068,475,328,147
101000069,712,69,643
101000070,1641,1059,582
101000071,2669,1117,1552
101000072,1024,4100,-3076
101000073,983,719,264
101000074,7752,3507,4245
101000075,7411,3294,4117
101000077,1174,1083,91
101000078,999,2204,-1205
101000079,826,419,407
101000080,915,401,514
101000081,1450,1633,-183
101000082,3913,3528,385
101000083,2322,2561,-239
101000084,1483,1178,305
101000085,1851,1451,400
101000086,1000,1435,-435
101000087,1010,1416,-406
101000088,1062,1254,-192
101000089,947,1747,-800
101000090,2473,1568,905
101000091,363,1467,-1104
101000092,801,1439,-638
101000093,1564,914,650
101000094,649,1368,-719
101000095,344,828,-484
101000096,442,642,-200
101000097,1550,437,1113
101000098,827,637,190
101000099,1379,1616,-237
101000100,1182,825,357
101000101,482,361,121
101000102,1577,442,1135
101000103,1217,474,743
101000104,487,517,-30
101000105,1483,457,1026
101000106,1408,707,701
101000107,172,416,-244
101000108,1286,443,843
101000109,326,60,266
101000110,41,720,-679
101000111,204,338,-134
101000113,247,1035,-788
101000114,9496,3105,6391
101000115,202,335,-133
101000116,445,479,-34
101000117,1065,495,570
101000119,153,66,87
101000120,267,29,238
101000121,98,33,65
101000122,158,84,74
101000123,96,49,47
101000124,523,235,288
101000125,336,623,-287
101000128,1301,354,947
101000130,331,323,8
101000131,877,667,210
101000132,678,1778,-1100
101000135,87,37,50
101000136,643,139,504
101000137,35,337,-302
101000141,2250,3225,-975
101000147,1218,693,525
101000148,2506,19,2487
101000149,391,307,84
101000150,94,1145,-1051
101000151,161,66,95
101000152,449,418,31
101000153,684,431,253
101000154,258,1495,-1237
101000155,246,158,88
101000156,18,359,-341
101000157,47,35,12
101000160,218,117,101
101000163,339,200,139
101000164,657,540,117
101000165,280,469,-189
101000166,286,356,-70
101000168,930,391,539
101000252,1680,1020,660
101000254,548,50,498
101000258,48,9,39
101000261,237,29,208
101000262,1330,1800,-470
101000263,301,797,-496
101000265,118,949,-831
101000266,463,357,106
101000269,133,23,110
101000290,2109,4173,-2064
101000293,16,118,-102
101000294,534,487,47
101000295,140,645,-505
101000301,1065,464,601
101000304,2592,3107,-515
101000305,3905,2114,1791
101000328,175,418,-243
101900001,20,77,-57
101900002,0,23,-23
101900003,109,80,29
101900004,17,45,-28
101900005,5221,1765,3456
101900006,1028,80,948
101900007,879,141,738
101900008,176,455,-279
101900009,106,740,-634
101900010,1131,784,347
101900011,325,2161,-1836
101900012,175,615,-440
101900013,1518,203,1315
101900017,26,164,-138
101900018,1561,264,1297
101900019,398,158,240
101900020,140,90,50
101900021,1,45,-44
101900022,140,1298,-1158
101900023,138,278,-140
101900026,153,32,121
101900027,12,134,-122
102000001,5384,4844,540
102000002,4202,1699,2503
102000003,4517,7591,-3074
102000004,9110,3620,5490
102000005,1671,2827,-1156
102000006,2108,2385,-277
102000007,1944,5845,-3901
102000008,6759,2222,4537
102000009,6503,8845,-2342
102000010,6570,4732,1838
102000011,3704,3244,460
102000012,4659,4478,181
102000018,3514,3516,-2
102000019,2993,1927,1066
102000026,264,1066,-802
102000029,378,219,159
102000030,157,395,-238
102000031,64,204,-140
102000032,412,424,-12
102000033,295,500,-205
102000034,540,632,-92
102000035,974,780,194
102000036,22,411,-389
102000037,229,103,126
102000038,237,249,-12
102000039,295,99,196
102000040,526,187,339
102000041,217,374,-157
102000042,334,210,124
102000043,431,234,197
102000044,1141,570,571
102000045,753,1315,-562
102000046,1219,731,488
102000047,800,1408,-608
102000048,313,987,-674
102000049,1147,920,227
102000050,1230,1441,-211
102000051,472,792,-320
102000052,1592,974,618
102000053,1089,969,120
102000054,576,979,-403
102000055,1046,1051,-5
102000056,819,2034,-1215
102000057,1692,644,1048
102000058,1173,2166,-993
102000059,1988,1897,91
102000060,1637,1145,492
102000061,1880,2599,-719
102000062,1642,1335,307
102000063,1432,1918,-486
102000064,912,1105,-193
102000065,47,167,-120
102000066,1377,1673,-296
102000067,3257,4412,-1155
102000068,13343,4112,9231
102000069,102,2569,-2467
102000070,2849,75,2774
102000071,11005,11927,-922
102000072,4012,6278,-2266
102000073,1796,1424,372
102000074,1252,1180,72
102000075,242,480,-238
102000076,334,805,-471
102000077,531,1481,-950
102000078,1097,1262,-165
102000079,217,341,-124
102000080,340,262,78
102000081,525,1000,-475
102000082,1017,406,611
102000083,621,492,129
102000084,223,412,-189
102000085,1660,1428,232
102000086,1153,1676,-523
102000087,896,1872,-976
102000088,322,314,8
102000089,1150,447,703
102000090,635,1494,-859
102000091,2110,536,1574
102000092,440,1148,-708
102000093,930,985,-55
102000094,1072,809,263
102000095,1163,1261,-98
102000096,911,915,-4
102000097,1082,991,91
102000098,683,965,-282
102000099,993,804,189
102000100,1184,1650,-466
102000101,1701,920,781
102000102,500,3138,-2638
102000103,1595,496,1099
102000104,1043,370,673
102000105,293,806,-513
102000106,812,967,-155
102000107,1238,681,557
102000108,772,251,521
102000109,895,702,193
102000110,978,1744,-766
102000111,14,449,-435
102000112,250,96,154
102000113,20,60,-40
102000114,947,428,519
102000115,298,294,4
102000116,1151,335,816
102000117,496,523,-27
102000118,2181,1307,874
102000119,2714,927,1787
102000120,373,504,-131
102000121,967,517,450
102000122,500,966,-466
102000123,1575,1191,384
102000124,1113,1277,-164
102000125,825,1394,-569
102000126,700,789,-89
102000127,1224,954,270
102000128,797,965,-168
102000129,1581,966,615
102000130,778,632,146
102000131,1623,598,1025
102000132,731,622,109
102000133,1616,2288,-672
102000134,581,852,-271
102000135,855,1321,-466
102000136,1106,692,414
102000137,1001,750,251
102000138,309,399,-90
102000139,232,347,-115
102000140,772,280,492
102000141,362,504,-142
102000142,701,405,296
102000143,127,520,-393
102000144,260,605,-345
102000145,426,579,-153
102000146,408,336,72
102000147,478,510,-32
102000148,234,603,-369
102000149,158,660,-502
102000150,297,183,114
102000151,141,341,-200
102000152,155,190,-35
102000153,1228,580,648
102000154,447,801,-354
102000155,126,351,-225
102000156,524,90,434
102000157,121,295,-174
102000158,612,540,72
102000159,1330,433,897
102000161,4565,2494,2071
102000162,274,175,99
102000163,103,620,-517
102000164,1253,1347,-94
102000165,408,118,290
102000166,102,246,-144
102000167,296,212,84
102000168,239,191,48
102000169,168,800,-632
102000170,744,246,498
102000171,511,127,384
102000172,558,457,101
102000173,647,354,293
102000174,64,82,-18
102000175,152,110,42
102000176,64,46,18
102000178,441,499,-58
102000179,664,309,355
102000180,781,606,175
102000181,581,767,-186
102000182,560,721,-161
102000183,1771,2184,-413
102000184,1832,905,927
102000185,2617,1555,1062
102000186,1309,2120,-811
102000187,1375,1903,-528
102000188,1608,1866,-258
102000189,2607,1114,1493
102000190,672,3075,-2403
102000191,1354,710,644
102000192,1249,1574,-325
102000193,65,209,-144
102000194,96,191,-95
102000195,531,570,-39
102000196,220,573,-353
102000197,617,468,149
102000198,269,896,-627
102000199,855,382,473
102000200,368,1179,-811
102000201,854,476,378
102000202,7,206,-199
102000203,460,316,144
102000204,457,1071,-614
102000205,985,672,313
102000206,999,841,158
102000207,1547,454,1093
102000208,605,547,58
102000209,75,55,20
102000210,602,578,24
102000211,452,334,118
102000212,438,20,418
102000213,6,389,-383
102000214,338,24,314
102000215,6,532,-526
102000216,66,68,-2
102000217,12,176,-164
102000218,268,189,79
102000219,474,307,167
102000225,862,852,10
102000226,5157,1373,3784
102000227,199,2,197
102000228,1,111,-110
102000229,33,41,-8
102000230,306,579,-273
102000231,301,617,-316
102000232,32,293,-261
102000233,418,1072,-654
102000234,105,1381,-1276
102000236,288,99,189
102000237,968,181,787
102000238,177,312,-135
102000240,919,620,299
102000241,182,113,69
102000243,14,116,-102
102000245,52,146,-94
102000246,34,33,1
102000247,2244,1446,798
102000248,1182,1385,-203
102000249,198,217,-19
102000250,95,555,-460
102000254,98,365,-267
102000266,67,241,-174
102000271,25,0,25
102000286,606,544,62
102000297,1998,1272,726
102000299,0,0,0
102000301,0,0,0
102000303,0,0,0
102000305,0,0,0
102000307,0,7,-7
102900001,1148,1049,99
102900002,421,48,373
102900003,55,244,-189
102900005,180,282,-102
102900006,296,166,130
102900007,474,22,452
102900008,195,74,121
102900009,537,215,322
102900010,670,582,88
102900011,2170,352,1818
102900012,430,112,318
102900013,27,81,-54
102900015,848,510,338
102900016,66,151,-85
102900017,98,634,-536
102900018,23,187,-164
102900019,473,487,-14
102900020,123,45,78
102900021,15,169,-154
102900022,857,143,714
102900023,16,63,-47
102900024,39,47,-8
102900025,297,153,144
102900026,498,1641,-1143
102900027,51,60,-9
102900028,166,801,-635
102900029,173,176,-3
102900030,636,388,248
102900031,209,150,59
102900032,83,92,-9
102900033,139,274,-135
102900034,429,133,296
102900035,166,396,-230
102900036,316,619,-303
102900037,384,766,-382
102900038,537,769,-232
102900039,30,546,-516
102900040,167,296,-129
102900041,90,203,-113
102900042,173,354,-181
102900043,154,312,-158
102900044,596,2258,-1662
102900045,130,596,-466
102900046,166,365,-199
102900047,103,661,-558
102900048,678,729,-51
102900049,120,398,-278
102900050,301,408,-107
102900051,236,256,-20
102900053,458,840,-382
102900054,787,1142,-355
102900055,92,144,-52
102900056,160,509,-349
102900057,14,44,-30
102900058,289,69,220
102900059,16,58,-42
102900060,128,477,-349
102900061,167,603,-436
102900062,173,1212,-1039
102900063,1179,511,668
102900064,177,527,-350
102900065,2678,841,1837
102900066,197,30,167
102900068,142,104,38
102900070,183,556,-373
102900072,13,68,-55
102900073,180,8,172
102900075,114,54,60
102900076,271,81,190
102900077,39,49,-10
102900078,46,150,-104
102900079,236,15,221
102900080,377,35,342
102900081,85,308,-223
102900082,12,234,-222
102900083,319,16,303
102900084,7,45,-38
102900085,342,128,214
102900086,24,60,-36
102900087,116,105,11
102900088,58,37,21
102900089,355,154,201
102900090,7,487,-480
102900091,210,4,206
102900092,248,1148,-900
102900094,3,81,-78
102900095,96,1,95
102900096,79,47,32
102900097,0,121,-121
103000001,2695,3229,-534
103000002,2963,2904,59
103000003,4504,3332,1172
103000004,1042,866,176
103000005,2078,4114,-2036
103000006,670,1767,-1097
103000007,467,921,-454
103000008,1337,975,362
103000009,1303,1180,123
103000010,331,252,79
103000011,1690,1461,229
103000012,1403,1699,-296
103000013,6029,2561,3468
103000014,1387,3081,-1694
103000015,2432,785,1647
103000016,612,1702,-1090
103000017,210,471,-261
103000018,929,490,439
103000019,252,293,-41
103000020,3134,1520,1614
103000021,2108,1595,513
103000022,1089,1320,-231
103000023,602,2149,-1547
103000024,115,244,-129
103000025,99,658,-559
103000026,1559,175,1384
103000027,375,553,-178
103000028,564,464,100
103000029,312,296,16
103000030,2071,914,1157
103000031,1622,2344,-722
103000032,2191,2286,-95
103000033,2867,3157,-290
103000034,1992,1291,701
103000035,499,1712,-1213
103000036,401,580,-179
103000037,649,521,128
103000038,529,1159,-630
103000039,383,584,-201
103000040,523,1326,-803
103000041,1799,3140,-1341
103000042,1149,745,404
103000043,540,1328,-788
103000044,206,265,-59
103000046,232,585,-353
103000047,870,848,22
103000048,168,283,-115
103000049,71,222,-151
103000050,726,798,-72
103000051,562,688,-126
103000052,911,471,440
103000053,227,790,-563
103000054,2796,1503,1293
103000055,1970,2479,-509
103000056,609,2272,-1663
103000057,472,454,18
103000058,591,968,-377
103000059,488,1052,-564
103000060,1044,886,158
103000061,437,1064,-627
103000062,1173,855,318
103000063,714,884,-170
103000064,163,349,-186
103000065,2,497,-495
103000066,282,8,274
103000069,343,471,-128
103000070,1206,1116,90
103000071,1110,538,572
103000072,136,913,-777
103000073,654,124,530
103000074,654,117,537
103000075,111,806,-695
103000076,386,362,24
103000077,86,437,-351
103000078,1976,670,1306
103000079,1284,819,465
103000080,1546,386,1160
103000081,594,1165,-571
103000082,505,200,305
103000083,113,381,-268
103000084,174,20,154
103000085,3,177,-174
103000086,1090,392,698
103000087,161,666,-505
103000088,572,368,204
103000089,285,617,-332
103000090,2139,770,1369
103000091,540,528,12
103000092,342,270,72
103000093,305,484,-179
103000094,176,108,68
103000095,68,399,-331
103000096,610,100,510
103000097,90,712,-622
103000098,1212,220,992
103000099,525,637,-112
103000100,103,916,-813
103000101,811,119,692
103000102,101,732,-631
103000103,723,244,479
103000104,76,142,-66
103000105,110,144,-34
103000106,16,115,-99
103000107,166,70,96
103000108,1061,656,405
103000109,410,407,3
103000110,484,459,25
103000111,559,421,138
103000112,435,231,204
103000113,992,721,271
103000114,2462,360,2102
103000115,447,631,-184
103000116,441,579,-138
103000117,372,517,-145
103000118,1290,1044,246
103000119,1915,725,1190
103000120,157,155,2
103000121,1073,884,189
103000122,972,603,369
103000125,15,409,-394
103000126,591,5,586
103000127,0,198,-198
103000128,156,2,154
103000129,4,153,-149
103000130,55,44,11
103000131,184,76,108
103000132,136,191,-55
103000133,10,99,-89
103000134,904,1017,-113
103000135,803,394,409
103000136,771,597,174
103000137,679,689,-10
103000138,901,814,87
103000139,4,83,-79
103000140,161,31,130
103000141,34,117,-83
103000142,188,84,104
103000143,107,194,-87
103000144,205,67,138
103000145,29,58,-29
103000150,139,77,62
103000152,371,291,80
103000153,388,199,189
103000156,7,490,-483
103000157,384,1,383
103000159,102,34,68
103000162,195,43,152
103000163,21,63,-42
103000164,100,21,79
103000165,151,474,-323
103000166,200,331,-131
103000167,201,127,74
103000168,108,204,-96
103000169,212,563,-351
103000170,809,586,223
103000171,59,73,-14
103000172,426,459,-33
103000173,473,727,-254
103000174,180,463,-283
103000175,236,511,-275
103000176,996,657,339
103000177,747,649,98
103000178,299,384,-85
103000179,154,59,95
103000183,148,29,119
103000185,71,78,-7
103000186,136,253,-117
103000187,460,679,-219
103000188,8,50,-42
103000189,1854,1124,730
103000191,348,480,-132
103000292,2383,1687,696
103000293,1224,2045,-821
103000295,121,92,29
103000296,557,1,556
103000297,56,12,44
103000504,66,14,52
103000505,6,11,-5
103000506,4,311,-307
103000507,176,9,167
103000508,51,33,18
103000509,243,711,-468
103900001,2,167,-165
103900002,1717,197,1520
103900003,1806,440,1366
103900004,77,0,77
103900005,0,312,-312
103900006,33,72,-39
103900007,25,0,25
103900008,19,0,19
103900010,197,395,-198
103900012,19,39,-20
103900014,29,21,8
103900015,65,8,57
103900017,28,108,-80
103900018,755,237,518
103900019,51,349,-298
103900020,221,454,-233
103900021,791,393,398
103900022,1169,853,316
103900023,92,1,91
103900024,122,427,-305
103900025,4,41,-37
103900026,176,1,175
103900027,730,328,402
103900028,152,386,-234
103900029,1191,185,1006
103900030,667,64,603
103900031,26,11,15
103900032,104,68,36
103900033,189,3,186
103900034,25,257,-232
103900035,64,56,8
103900036,63,34,29
103900037,123,50,73
103900038,80,194,-114
103900039,81,496,-415
103900040,7,180,-173
103900041,46,38,8
103900042,54,447,-393
103900043,123,116,7
103900044,127,312,-185
103900045,291,265,26
103900047,88,40,48
103900048,97,22,75
103900049,259,1425,-1166
103900050,6,87,-81
103900051,0,51,-51
103900053,214,923,-709
103900054,158,563,-405
103900055,164,84,80
103900056,46,71,-25
103900057,29,255,-226
103900058,294,801,-507
103900059,0,15,-15
103900060,41,217,-176
103900061,137,55,82
103900062,340,117,223
103900063,16,0,16
103900064,95,5,90
103900065,576,239,337
103900066,156,14,142
103900067,148,32,116
103900068,3,2,1
103900069,125,12,113
103900070,184,293,-109
103900071,18,177,-159
103900072,17,265,-248
103900073,59,33,26
103900074,56,112,-56
103900075,229,94,135
103900076,346,800,-454
103900077,57,121,-64
103900078,190,139,51
103900079,109,249,-140
103900080,12,47,-35
103900081,215,40,175
103900082,30,151,-121
103900083,1819,1208,611
103900084,86,133,-47
103900085,85,125,-40
103900086,637,307,330
103900088,387,379,8
103900089,44,152,-108
103900090,2,228,-226
103900091,1218,295,923
103900092,830,603,227
103900093,102,333,-231
103900094,11,139,-128
103900095,1314,575,739
103900096,31,263,-232
103900097,4,465,-461
103900098,235,171,64
103900099,58,174,-116
103900100,165,528,-363
103900101,98,1307,-1209
103900102,0,34,-34
103900104,2,45,-43
103900105,119,242,-123
103900106,0,48,-48
103900107,102,277,-175
103900108,49,423,-374
103900109,80,87,-7
103900110,258,63,195
103900111,97,693,-596
103900112,8,54,-46
103900113,80,154,-74
103900114,677,653,24
103900115,242,219,23
103900116,6493,2709,3784
103900117,170,100,70
103900119,35,77,-42
103900120,54,108,-54
103900122,98,310,-212
103900123,1992,812,1180
103900124,51,591,-540
103900125,144,110,34
103900126,487,573,-86
103900127,242,431,-189
103900128,277,393,-116
103900131,45,164,-119
103900133,1030,91,939
103900134,0,7,-7
103900135,0,3,-3
103900137,0,25,-25
103900138,120,336,-216
103900139,452,1625,-1173
103900140,7,136,-129
103900141,336,81,255
103900142,166,236,-70
103900143,41,3,38
103900144,1,52,-51
103900145,182,314,-132
103900146,398,344,54
103900147,462,112,350
103900148,455,573,-118
103900149,253,797,-544
103900150,8036,4000,4036
103900151,97,220,-123
103900152,436,537,-101
103900153,28,1,27
103900154,2100,2185,-85
103900155,37,327,-290
103900156,42,259,-217
103900157,40,266,-226
103900158,77,201,-124
103900159,194,122,72
103900160,86,29,57
103900161,126,214,-88
103900162,280,545,-265
103900163,5,585,-580
103900167,13,88,-75
103900168,84,129,-45
103900169,56,41,15
103900170,2,143,-141
103900171,2,49,-47
103900172,4,26,-22
103900173,21,11,10
103900174,123,66,57
103900175,61,64,-3
103900176,5,35,-30
103900177,9,71,-62
103900178,54,83,-29
103900179,61,243,-182
103900180,6,108,-102
103900181,89,41,48
103900182,63,22,41
103900184,570,83,487
103900185,308,364,-56
103900187,74,69,5
103900188,33,18,15
103900189,100,9,91
103900190,106,70,36
103900191,28,38,-10
103900192,38,95,-57
103900193,190,167,23
103900194,91,353,-262
103900195,3,66,-63
103900196,29,30,-1
103900197,11,30,-19
103900198,14,63,-49
103900199,199,74,125
103900200,125,175,-50
103900201,103,207,-104
103900202,9,47,-38
103900203,31,44,-13
103900204,0,145,-145
103900207,1,137,-136
103900208,70,1,69
103900209,16,83,-67
103900210,49,28,21
103900211,510,528,-18
103900212,212,609,-397
103900213,134,291,-157
103900214,342,200,142
103900215,632,416,216
103900216,11,480,-469
103900217,401,6,395
103900218,104,733,-629
103900219,211,405,-194
103900233,38,0,38
103900235,35,18,17
103900236,45,8,37
103900242,20,33,-13
103900243,22,21,1
103900244,89,274,-185
103900245,96,229,-133
103900246,96,51,45
103900247,51,119,-68
103900248,50,55,-5
103900249,57,50,7
103900250,53,45,8
103900251,5,45,-40
103900253,151,75,76
103900254,16,54,-38
103900255,54,36,18
103900256,34,48,-14
103900257,275,325,-50
103900258,73,5,68
103900259,220,6,214
103900261,10,3,7
103900262,52,8,44
103900263,61,151,-90
103900264,105,41,64
103900265,192,39,153
103900266,2,57,-55
103900267,10,112,-102
103900268,13,118,-105
103900269,190,65,125
103900270,53,221,-168
103900271,17,152,-135
103900272,70,112,-42
103900273,53,93,-40
103900274,65,8,57
103900275,26,13,13
103900276,6,133,-127
103900277,14,91,-77
103900278,8,49,-41
103900279,4,23,-19
103900280,3,165,-162
104000001,2374,2658,-284
104000002,1951,3589,-1638
104000003,2751,2826,-75
104000004,3606,3577,29
104000005,1596,2306,-710
104000006,3663,3754,-91
104000007,5184,5045,139
104000008,361,395,-34
104000009,165,158,7
104000010,144,285,-141
104000011,828,400,428
104000012,173,456,-283
104000013,182,199,-17
104000014,306,799,-493
104000015,335,203,132
104000016,633,485,148
104000018,804,230,574
104000019,629,192,437
104000020,238,800,-562
104000021,352,656,-304
104000022,143,250,-107
104000023,727,460,267
104000024,259,398,-139
104000026,75,383,-308
104000027,397,397,0
104000028,418,355,63
104000029,482,554,-72
104000030,335,279,56
104000031,1110,434,676
104000032,238,353,-115
104000033,610,502,108
104000034,326,383,-57
104000035,838,484,354
104000036,705,621,84
104000037,267,341,-74
104000038,526,897,-371
104000039,188,378,-190
104000040,425,431,-6
104000041,1153,433,720
104000042,263,490,-227
104000043,442,508,-66
104000044,343,844,-501
104000045,1227,1395,-168
104000046,1590,1821,-231
104000047,1148,1350,-202
104000048,999,1832,-833
104000049,583,347,236
104000050,335,793,-458
104000051,137,733,-596
104000052,2110,2478,-368
104000053,1215,669,546
104000054,440,421,19
104000055,3906,2637,1269
104000056,1768,376,1392
104000057,309,732,-423
104000058,1004,909,95
104000059,684,1518,-834
104000060,1382,1478,-96
104000061,1698,1294,404
104000062,603,331,272
104000064,696,408,288
104000065,255,554,-299
104000069,1667,1198,469
104000070,95,547,-452
104000071,386,684,-298
104000072,767,516,251
104000075,78,379,-301
104000076,719,112,607
104000082,2347,3424,-1077
104000083,867,278,589
104000084,173,674,-501
104000085,283,299,-16
104000086,236,390,-154
104000087,443,1574,-1131
104000090,787,1621,-834
104000092,977,2879,-1902
104000094,894,1982,-1088
104000095,2097,1833,264
104000096,1751,278,1473
104000097,1812,1121,691
104000098,1762,1284,478
104000100,1574,728,846
104000101,1444,2683,-1239
104000106,255,792,-537
104000107,628,570,58
104000108,420,568,-148
104000109,355,86,269
104000110,975,1112,-137
104000111,4559,2572,1987
104000112,2607,602,2005
104000116,3,1491,-1488
104000117,198,936,-738
104000118,527,270,257
104000119,523,322,201
104000120,228,893,-665
104000121,206,787,-581
104000122,639,931,-292
104000123,1135,1318,-183
104000124,1039,2797,-1758
104000125,4372,4019,353
104000126,340,484,-144
104000127,1657,3504,-1847
104000128,835,534,301
104000129,496,50,446
104000130,11,310,-299
104000131,853,628,225
104000132,1160,703,457
104000133,1387,968,419
104000134,937,2035,-1098
104000135,463,1948,-1485
104000136,755,3761,-3006
104000137,1699,368,1331
104000138,1298,566,732
104000139,7511,2938,4573
104000141,1258,1662,-404
104000142,677,818,-141
104000143,615,681,-66
104000144,67,226,-159
104000145,458,222,236
104000146,391,698,-307
104000147,120,364,-244
104000148,301,165,136
104000149,179,373,-194
104000150,1016,526,490
104000151,426,537,-111
104000152,511,693,-182
104000153,499,544,-45
104000154,1252,798,454
104000155,382,573,-191
104000157,1082,1744,-662
104000158,604,447,157
104000159,725,515,210
104000160,1745,1897,-152
104000161,262,236,26
104000162,99,170,-71
104000165,1620,1146,474
104000167,626,1057,-431
104000168,539,12,527
104000169,94,65,29
104000170,494,498,-4
104000248,334,858,-524
104000251,77,286,-209
104000272,0,0,0
104000273,0,0,0
104000274,0,0,0
104000275,0,0,0
104000279,3899,2082,1817
104000290,194,344,-150
104000291,907,1475,-568
104000293,848,737,111
104000294,19,0,19
104000295,836,1038,-202
104000296,413,1077,-664
104000297,1076,2060,-984
104000298,2501,1084,1417
104000299,944,1949,-1005
104000302,145,218,-73
104000303,222,205,17
104900001,169,367,-198
104900002,40,154,-114
104900003,54,316,-262
104900004,85,334,-249
104900005,306,215,91
104900006,283,124,159
104900007,264,265,-1
104900009,93,346,-253
104900010,55,46,9
104900011,27,10,17
104900012,276,42,234
104900013,148,25,123
104900014,2777,287,2490
104900015,107,10,97
104900016,158,305,-147
104900017,202,218,-16
104900018,7,197,-190
104900019,346,2486,-2140
104900020,69,269,-200
104900021,1,281,-280
104900022,12,129,-117
104900023,2,122,-120
104900024,27,119,-92
104900025,64,317,-253
104900026,2,95,-93
104900027,450,332,118
104900028,16,95,-79
104900029,70,132,-62
104900030,574,201,373
104900031,118,279,-161
104900032,54,179,-125
104900033,116,284,-168
104900034,300,132,168
104900035,203,156,47
104900036,153,77,76
104900037,164,308,-144
104900038,534,799,-265
104900039,979,323,656
104900040,365,114,251
104900041,216,187,29
104900042,137,274,-137
104900043,19,127,-108
104900044,422,221,201
104900045,432,71,361
104900046,138,155,-17
104900047,277,131,146
104900048,217,73,144
104900049,14,17,-3
104900050,248,114,134
104900051,287,39,248
104900052,46,2,44
104900053,439,84,355
104900054,116,57,59
104900055,85,1,84
104900056,171,12,159
104900057,52,0,52
104900058,1031,172,859
104900059,157,48,109
104900061,216,594,-378
104900063,17,132,-115
104900064,0,119,-119
104900065,1,176,-175
104900066,0,185,-185
104900067,2,282,-280
104900068,14,223,-209
104900070,195,288,-93
104900071,1,628,-627
104900072,59,269,-210
104900073,47,230,-183
104900074,48,228,-180
104900075,64,54,10
104900076,93,304,-211
104900077,1256,202,1054
104900078,190,499,-309
104900079,98,467,-369
104900080,100,478,-378
104900082,13,403,-390
104900085,64,327,-263
104900089,109,1,108
104900091,462,607,-145
104900093,244,564,-320
104900097,3129,2135,994
104900098,72,45,27
104900099,62,432,-370
104900100,619,288,331
104900102,36,251,-215
104900103,415,72,343
104900106,83,152,-69
104900107,94,303,-209
104900108,31,307,-276
104900109,112,243,-131
104900110,8,49,-41
104900111,119,126,-7
104900112,235,831,-596
104900113,744,450,294
104900114,308,571,-263
104900115,600,460,140
104900116,267,237,30
104900118,29,75,-46
104900119,9,30,-21
104900120,63,208,-145
104900121,1,110,-109
104900122,3,98,-95
104900123,54,3,51
104900124,35,0,35
104900125,399,12,387
104900126,74,60,14
104900127,29,73,-44
104900128,77,84,-7
104900129,2475,1770,705
105000001,2742,1968,774
105000002,2710,2055,655
105000003,3917,4026,-109
105000004,593,1348,-755
105000005,856,1409,-553
105000006,1356,1954,-598
105000007,1447,1696,-249
105000008,2431,3016,-585
105000009,2222,3456,-1234
105000010,3733,3052,681
105000011,2914,2808,106
105000012,5288,3608,1680
105000013,977,1327,-350
105000014,1945,2713,-768
105000015,10411,10762,-351
105000016,4195,2548,1647
105000017,2291,1017,1274
105000018,1622,1702,-80
105000019,2076,1026,1050
105000020,236,476,-240
105000021,699,174,525
105000022,285,72,213
105000023,547,316,231
105000028,109,169,-60
105000029,677,1104,-427
105000030,5217,3747,1470
105000031,3,44,-41
105000033,1730,2514,-784
105000034,293,846,-553
105000037,817,424,393
105000038,1928,1672,256
105000039,3141,2137,1004
105000040,814,965,-151
105000041,614,1639,-1025
105000042,3470,1547,1923
105000043,2339,2253,86
105000044,494,387,107
105000045,394,1138,-744
105000046,907,470,437
105000047,490,1667,-1177
105000048,788,289,499
105000049,270,816,-546
105000050,830,466,364
105000051,239,642,-403
105000052,605,1044,-439
105000053,239,238,1
105000054,568,1165,-597
105000055,1277,350,927
105000056,1374,2823,-1449
105000057,1392,1001,391
105000058,1725,1573,152
105000059,771,816,-45
105000060,670,836,-166
105000061,685,715,-30
105000062,1071,1147,-76
105000063,381,749,-368
105000064,1228,890,338
105000065,534,903,-369
105000066,1339,2003,-664
105000067,1245,852,393
105000068,793,1082,-289
105000069,3095,1788,1307
105000070,936,838,98
105000071,416,856,-440
105000072,1232,2340,-1108
105000073,933,567,366
105000074,1334,1201,133
105000075,839,833,6
105000076,1955,1192,763
105000077,2926,990,1936
105000078,1589,1424,165
105000079,1987,2646,-659
105000080,1848,1220,628
105000081,3918,1089,2829
105000082,1330,971,359
105000083,3845,1924,1921
105000084,944,1174,-230
105000085,1783,1367,416
105000086,785,1334,-549
105000087,2608,2263,345
105000088,1976,1944,32
105000089,3820,2271,1549
105000090,1103,1074,29
105000091,1898,1830,68
105000092,931,1237,-306
105000093,482,278,204
105000094,299,189,110
105000095,143,657,-514
105000096,1620,1077,543
105000097,1513,724,789
105000098,1503,720,783
105000099,1638,885,753
105000100,1324,1341,-17
105000101,2407,2401,6
105000102,2133,1820,313
105000103,2096,2547,-451
105000104,2325,1189,1136
105000105,1380,2282,-902
105000106,1588,2015,-427
105000107,1162,1094,68
105000108,1287,1855,-568
105000109,1432,1971,-539
105000110,719,892,-173
105000111,873,1060,-187
105000112,1193,936,257
105000113,425,913,-488
105000114,3834,1349,2485
105000115,426,1339,-913
105000116,718,648,70
105000117,1194,1465,-271
105000118,455,461,-6
105000119,732,1258,-526
105000120,1100,654,446
105000121,899,1455,-556
105000122,372,720,-348
105000123,1373,1725,-352
105000124,1852,1233,619
105000125,960,2287,-1327
105000126,2141,2300,-159
105000127,2372,2605,-233
105000128,933,1631,-698
105000129,974,505,469
105000130,369,2113,-1744
105000131,1085,530,555
105000132,775,620,155
105000133,499,1171,-672
105000134,656,631,25
105000135,580,889,-309
105000136,183,507,-324
105000137,410,316,94
105000138,249,555,-306
105000139,1257,1347,-90
105000140,373,700,-327
105000141,308,824,-516
105000142,187,593,-406
105000143,244,909,-665
105000144,337,996,-659
105000145,584,467,117
105000146,597,1092,-495
105000147,595,409,186
105000148,1347,770,577
105000149,2271,2342,-71
105000150,2256,1993,263
105000151,576,479,97
105000152,177,724,-547
105000153,660,717,-57
105000154,705,754,-49
105000155,398,972,-574
105000156,1142,906,236
105000157,945,1960,-1015
105000158,2030,883,1147
105000159,277,1325,-1048
105000160,1811,750,1061
105000161,812,1508,-696
105000162,736,1868,-1132
105000163,1531,1173,358
105000164,208,338,-130
105000165,1413,5267,-3854
105000166,7384,832,6552
105000167,3050,1547,1503
105000168,359,881,-522
105000169,549,418,131
105000170,193,1432,-1239
105000171,1309,352,957
105000172,222,44,178
105000173,161,44,117
105000174,88,48,40
105000175,64,163,-99
105000176,264,151,113
105000177,293,178,115
105000178,126,741,-615
105000179,408,224,184
105000180,121,124,-3
105000181,79,494,-415
105000182,71,69,2
105000183,3142,1919,1223
105000184,1957,1201,756
105000185,1876,849,1027
105000186,857,923,-66
105000187,1043,257,786
105000188,511,147,364
105000189,396,575,-179
105000190,336,535,-199
105000191,501,466,35
105000192,333,89,244
105000193,140,148,-8
105000194,428,123,305
105000195,246,886,-640
105000196,90,211,-121
105000197,252,660,-408
105000198,640,382,258
105000199,501,686,-185
105000200,165,232,-67
105000201,156,39,117
105000203,9,226,-217
105000204,101,87,14
105000205,139,272,-133
105000207,667,219,448
105000208,276,583,-307
105000209,236,352,-116
105000211,239,19,220
105000212,1256,1614,-358
105000213,211,233,-22
105000214,159,397,-238
105000215,290,318,-28
105000216,159,375,-216
105000217,159,328,-169
105000218,1047,1319,-272
105000221,233,231,2
105000222,655,59,596
105000223,413,225,188
105000226,83,387,-304
105000227,47,207,-160
105000228,376,1340,-964
105000229,181,394,-213
105000231,329,318,11
105000233,1000,886,114
105000234,746,1468,-722
105000235,356,796,-440
105000237,802,84,718
105000243,47,75,-28
105000248,130,75,55
105000262,377,1669,-1292
105000269,118,265,-147
105000270,382,84,298
105000271,0,300,-300
105000282,158,63,95
105000287,432,109,323
105000288,522,488,34
105000289,3226,1666,1560
105000290,85,4,81
105000402,4648,3083,1565
105000426,670,530,140
105000438,3853,1120,2733
105000440,24,40,-16
105000446,15001,6365,8636
105000447,8709,3680,5029
105000454,378,944,-566
105000455,317,208,109
105000474,30,1,29
105000477,270,508,-238
105000478,1781,3593,-1812
105000479,172,162,10
105000480,7651,4223,3428
105000481,4003,3217,786
105000482,6595,6017,578
105000483,1621,1812,-191
105000484,3244,3371,-127
105000485,1857,2610,-753
105000486,5328,3429,1899
105000488,9402,5688,3714
105000489,886,1056,-170
105000549,155,224,-69
105000550,665,1714,-1049
105000551,37,164,-127
105000552,4400,2531,1869
105000555,1824,1080,744
105000556,51,62,-11
105000557,94,347,-253
105900001,7,1115,-1108
105900002,1575,632,943
105900003,14,157,-143
105900004,347,139,208
105900005,6,319,-313
105900006,7,101,-94
105900007,122,20,102
105900008,80,783,-703
105900009,31,17,14
105900011,213,44,169
105900012,574,125,449
105900013,1,16,-15
105900014,9,77,-68
105900015,220,365,-145
105900016,389,706,-317
105900017,1107,55,1052
105900018,152,237,-85
105900019,109,369,-260
105900020,31,57,-26
105900021,39,242,-203
105900022,294,258,36
105900023,10,123,-113
105900024,3,121,-118
105900025,217,29,188
105900026,311,35,276
105900027,4961,7846,-2885
105900028,420,208,212
105900029,1804,472,1332
105900030,257,350,-93
105900031,444,180,264
105900032,87,179,-92
105900033,293,129,164
105900034,174,244,-70
105900035,186,180,6
105900036,64,155,-91
105900037,88,94,-6
105900038,123,428,-305
105900039,109,177,-68
105900040,119,111,8
105900041,220,330,-110
105900042,58,138,-80
105900043,1958,51,1907
105900044,3,366,-363
105900045,5,894,-889
105900046,8,222,-214
105900047,5,50,-45
105900048,113,704,-591
105900050,6304,1121,5183
105900051,8,1066,-1058
105900052,457,261,196
105900053,4084,2718,1366
105900054,425,212,213
105900056,722,308,414
105900057,27,145,-118
105900058,8,31,-23
105900059,0,44,-44
106000001,4780,2703,2077
106000002,2792,6089,-3297
106000003,3709,4180,-471
106000004,2521,3710,-1189
106000005,2917,6201,-3284
106000006,6766,5481,1285
106000007,567,711,-144
106000008,468,440,28
106000009,498,455,43
106000010,624,703,-79
106000011,855,1176,-321
106000012,914,1741,-827
106000013,1893,2208,-315
106000014,1994,1981,13
106000015,1401,1357,44
106000016,1294,2508,-1214
106000017,719,907,-188
106000018,762,634,128
106000019,371,540,-169
106000020,321,520,-199
106000021,290,577,-287
106000022,443,309,134
106000023,717,552,165
106000024,618,792,-174
106000025,156,225,-69
106000026,148,387,-239
106000027,1172,1632,-460
106000028,690,716,-26
106000029,1094,1455,-361
106000030,768,420,348
106000034,355,820,-465
106000035,1238,1772,-534
106000036,294,431,-137
106000037,2486,1792,694
106000038,519,135,384
106000039,165,73,92
106000040,223,976,-753
106000041,960,480,480
106000043,670,207,463
106000046,470,52,418
106000047,86,465,-379
106000049,1053,297,756
106000050,389,1025,-636
106000051,646,442,204
106000052,102,733,-631
106000053,245,145,100
106000054,436,560,-124
106000055,895,1222,-327
106000056,362,457,-95
106000057,283,388,-105
106000058,176,243,-67
106000059,245,331,-86
106000060,496,668,-172
106000061,204,616,-412
106000062,147,615,-468
106000063,629,679,-50
106000064,66,446,-380
106000065,364,300,64
106000066,138,434,-296
106000067,428,120,308
106000068,82,811,-729
106000069,205,80,125
106000070,425,945,-520
106000071,916,314,602
106000072,4638,2002,2636
106000073,2226,3456,-1230
106000074,644,938,-294
106000075,427,1554,-1127
106000076,1935,2294,-359
106000077,3831,1756,2075
106000078,1009,1174,-165
106000079,654,1221,-567
106000080,1307,865,442
106000081,582,1468,-886
106000082,2542,1036,1506
106000083,366,1645,-1279
106000084,1155,811,344
106000085,1643,1870,-227
106000086,760,970,-210
106000087,934,685,249
106000088,484,952,-468
106000089,1089,461,628
106000090,338,803,-465
106000091,286,706,-420
106000092,724,308,416
106000093,389,115,274
106000094,125,352,-227
106000095,726,1156,-430
106000096,1062,819,243
106000097,1048,1291,-243
106000098,749,1264,-515
106000099,275,1155,-880
106000100,1457,295,1162
106000101,1656,401,1255
106000102,428,949,-521
106000103,301,734,-433
106000104,962,555,407
106000105,485,862,-377
106000106,524,594,-70
106000107,177,534,-357
106000108,379,470,-91
106000109,165,445,-280
106000110,284,379,-95
106000111,224,700,-476
106000112,207,579,-372
106000113,1065,721,344
106000114,559,547,12
106000115,273,687,-414
106000116,254,317,-63
106000117,1067,928,139
106000118,1123,1503,-380
106000119,2156,1344,812
106000120,721,1219,-498
106000121,198,157,41
106000122,113,368,-255
106000123,356,239,117
106000124,103,345,-242
106000125,30,329,-299
106000126,233,185,48
106000127,953,1133,-180
106000128,794,361,433
106000129,575,723,-148
106000130,673,534,139
106000131,131,915,-784
106000132,853,217,636
106000133,3478,1416,2062
106000134,889,2268,-1379
106000135,310,847,-537
106000136,664,1029,-365
106000137,125,1369,-1244
106000138,1080,119,961
106000139,78,133,-55
106000140,57,113,-56
106000141,110,91,19
106000142,99,72,27
106000143,70,86,-16
106000144,49,76,-27
106000145,265,325,-60
106000146,346,176,170
106000147,778,1006,-228
106000148,1204,1299,-95
106000149,538,850,-312
106000150,607,2435,-1828
106000151,5329,1050,4279
106000152,1692,2133,-441
106000153,142,2154,-2012
106000154,1869,373,1496
106000155,113,295,-182
106000156,697,303,394
106000157,619,2069,-1450
106000158,3229,932,2297
106000159,4011,1891,2120
106000160,373,2570,-2197
106000161,1617,472,1145
106000162,236,1066,-830
106000163,324,550,-226
106000164,412,445,-33
106000165,197,722,-525
106000166,702,302,400
106000167,446,1440,-994
106000168,384,298,86
106000169,194,731,-537
106000170,558,259,299
106000171,162,1199,-1037
106000172,2810,1329,1481
106000173,1082,3012,-1930
106000174,997,519,478
106000175,301,1093,-792
106000176,1563,846,717
106000177,1007,2544,-1537
106000178,3341,1834,1507
106000179,1153,2740,-1587
106000180,926,1704,-778
106000181,673,1987,-1314
106000182,1006,870,136
106000183,1090,847,243
106000184,2241,830,1411
106000185,1503,1074,429
106000186,917,168,749
106000187,230,1234,-1004
106000188,0,0,0
106000189,15,72,-57
106000190,25,0,25
106000191,650,260,390
106000192,4,31,-27
106000193,397,235,162
106000194,163,355,-192
106000195,416,127,289
106000196,112,345,-233
106000197,550,261,289
106000198,143,343,-200
106000199,964,971,-7
106000200,360,205,155
106000201,532,2970,-2438
106000202,5379,700,4679
106000203,94,298,-204
106000204,94,13,81
106000205,15,216,-201
106000206,87,19,68
106000207,52,865,-813
106000208,1149,185,964
106000209,1348,334,1014
106000210,276,1366,-1090
106000211,451,1392,-941
106000212,899,418,481
106000213,773,1819,-1046
106000214,2770,574,2196
106000215,391,546,-155
106000216,435,420,15
106000217,367,657,-290
106000218,537,492,45
106000219,156,439,-283
106000220,475,318,157
106000221,171,313,-142
106000222,30,122,-92
106000223,171,123,48
106000224,173,281,-108
106000225,70,108,-38
106000226,173,299,-126
106000228,45,157,-112
106000229,143,779,-636
106000231,914,205,709
106000232,80,383,-303
106000233,585,103,482
106000234,111,198,-87
106000235,776,134,642
106000236,324,100,224
106000237,2,14,-12
106000238,167,24,143
106000239,5,178,-173
106000240,53,2,51
106000241,23,819,-796
106000242,427,46,381
106000249,59,80,-21
106000250,70,581,-511
106000251,62,68,-6
106000252,40,103,-63
106000253,38,101,-63
106000254,59,63,-4
106000255,21,201,-180
106000256,77,92,-15
106000257,130,248,-118
106000258,336,30,306
106000259,9,56,-47
106000260,48,5,43
106000261,6,53,-47
106000262,111,11,100
106000263,23,74,-51
106000264,242,13,229
106000265,10,124,-114
106000266,145,41,104
106000267,5,90,-85
106000268,624,93,531
106000269,81,61,20
106000270,154,619,-465
106000271,67,281,-214
106000272,200,92,108
106000273,21,367,-346
106000274,198,63,135
106000275,139,312,-173
106000276,159,58,101
106000277,167,266,-99
106000278,299,55,244
106000279,41,55,-14
106000280,117,144,-27
106000281,79,73,6
106000282,68,87,-19
106000283,117,86,31
106000284,57,133,-76
106000285,121,135,-14
106000286,94,161,-67
106000287,164,130,34
106000288,77,185,-108
106000289,98,94,4
106000290,38,83,-45
106000291,87,113,-26
106000292,87,123,-36
106000293,108,99,9
106000294,141,176,-35
106000295,48,53,-5
106000296,46,105,-59
106000297,59,239,-180
106000298,152,61,91
106000299,102,195,-93
106000300,81,132,-51
106000301,111,155,-44
106000303,22,84,-62
106000304,28,42,-14
106000305,43,53,-10
106000306,18,92,-74
106000307,46,23,23
106000308,15,141,-126
106000309,24,55,-31
106000310,285,707,-422
106000311,311,174,137
106000312,101,240,-139
106000313,171,202,-31
106000318,153,387,-234
106000319,1218,272,946
106000320,7,43,-36
106000321,502,94,408
106000322,106,187,-81
106000324,8,171,-163
106000325,1441,1086,355
106000326,1083,2219,-1136
106000327,137,168,-31
106000328,20,138,-118
106000329,98,320,-222
106000330,41,78,-37
106000428,95,248,-153
106000429,176,657,-481
106000430,460,1549,-1089
106000431,2445,523,1922
106000432,2270,3678,-1408
106000433,2324,1621,703
106000434,3378,1819,1559
106000435,2272,3485,-1213
106000436,10,339,-329
106000437,420,39,381
106000438,840,220,620
106000439,41,437,-396
106000440,278,668,-390
106000441,2,2,0
106000442,323,9,314
106000443,103,510,-407
106000450,6,211,-205
106000451,45,65,-20
106000454,11,261,-250
106000455,12,248,-236
106000456,215,65,150
106000457,25,1107,-1082
106000458,748,208,540
106000459,353,491,-138
106000460,1305,72,1233
106000461,136,1616,-1480
106000462,3,69,-66
106000463,2,47,-45
106000464,4,576,-572
106000465,503,3,500
106000466,2,715,-713
106000467,528,655,-127
106000468,67,215,-148
106000469,324,3,321
106000470,294,1933,-1639
106000471,41,731,-690
106000472,132,22,110
106000473,37,26,11
106000474,547,684,-137
106000475,473,392,81
106000476,236,229,7
106000477,67,240,-173
106000480,0,467,-467
106900001,0,14,-14
106900002,1,564,-563
106900003,267,1184,-917
106900004,2,56,-54
106900006,0,15,-15
106900007,0,11,-11
106900008,254,271,-17
106900009,282,419,-137
106900010,235,382,-147
106900012,1943,2140,-197
106900013,724,121,603
106900014,55,2,53
106900015,12,3,9
106900016,274,7,267
106900017,10,1,9
106900018,4,0,4
106900019,31,4,27
106900020,3112,1361,1751
106900021,108,54,54
106900022,392,0,392
106900023,263,357,-94
106900024,572,40,532
106900025,58,749,-691
106900026,1,783,-782
106900027,1120,5,1115
107000001,4335,3366,969
107000002,4442,5792,-1350
107000003,5463,7399,-1936
107000004,5992,6505,-513
107000005,3969,5979,-2010
107000006,5029,6418,-1389
107000007,5431,11467,-6036
107000008,14932,11224,3708
107000009,6918,7987,-1069
107000010,13170,13079,91
107000011,1555,1756,-201
107000012,5137,4078,1059
107000013,69,167,-98
107000014,52,401,-349
107000015,897,1097,-200
107000016,723,1225,-502
107000017,6107,1267,4840
107000018,23,608,-585
107000020,4037,773,3264
107000021,1547,785,762
107000022,1162,1405,-243
107000023,2293,361,1932
107000024,606,1877,-1271
107000025,305,557,-252
107000026,292,687,-395
107000027,1550,1579,-29
107000028,1479,2128,-649
107000029,3675,3184,491
107000030,3744,4058,-314
107000031,3940,2890,1050
107000032,546,1187,-641
107000033,3879,6910,-3031
107000034,4947,2296,2651
107000035,529,397,132
107000036,517,1685,-1168
107000037,66,1000,-934
107000038,357,279,78
107000039,909,829,80
107000040,218,420,-202
107000041,1642,812,830
107000042,776,2056,-1280
107000043,2913,1086,1827
107000044,618,398,220
107000045,167,328,-161
107000046,838,446,392
107000047,491,1022,-531
107000048,620,365,255
107000049,622,932,-310
107000050,1084,685,399
107000051,535,456,79
107000052,1343,1106,237
107000053,408,251,157
107000054,88,400,-312
107000055,359,221,138
107000056,651,1081,-430
107000057,2473,365,2108
107000058,2273,2447,-174
107000059,2660,4381,-1721
107000060,4181,6166,-1985
107000061,6239,4679,1560
107000062,4003,3480,523
107000063,4857,6620,-1763
107000064,4943,2572,2371
107000065,5149,6147,-998
107000066,2374,2988,-614
107000067,1071,1288,-217
107000068,1755,727,1028
107000069,859,623,236
107000070,1323,8,1315
107000071,2957,51,2906
107000072,51,3690,-3639
107000073,656,366,290
107000074,198,1151,-953
107000075,1565,544,1021
107000076,864,1914,-1050
107000077,3150,1263,1887
107000078,2655,3758,-1103
107000079,2724,970,1754
107000080,1534,3911,-2377
107000081,1602,876,726
107000082,570,2221,-1651
107000083,1305,498,807
107000084,521,2188,-1667
107000085,3160,3963,-803
107000086,4111,4364,-253
107000087,3036,2494,542
107000088,3616,4377,-761
107000089,1348,2245,-897
107000090,1140,1506,-366
107000091,1300,1021,279
107000092,1010,1400,-390
107000093,1260,942,318
107000094,1302,1473,-171
107000095,781,782,-1
107000096,576,1008,-432
107000097,912,538,374
107000098,835,918,-83
107000099,572,315,257
107000100,314,347,-33
107000101,93,278,-185
107000102,517,435,82
107000103,393,288,105
107000104,233,444,-211
107000105,377,206,171
107000106,182,377,-195
107000107,764,281,483
107000108,307,908,-601
107000109,919,301,618
107000110,105,652,-547
107000111,335,66,269
107000112,61,432,-371
107000113,736,120,616
107000114,119,888,-769
107000115,482,184,298
107000116,112,1069,-957
107000117,113,829,-716
107000118,180,317,-137
107000119,1745,1756,-11
107000120,2302,511,1791
107000121,605,864,-259
107000122,1193,1144,49
107000123,337,962,-625
107000124,579,1017,-438
107000125,748,916,-168
107000126,1037,1037,0
107000129,398,1155,-757
107000130,805,247,558
107000131,538,754,-216
107000132,608,366,242
107000133,938,133,805
107000134,295,4,291
107000135,10,292,-282
107000136,1193,18,1175
107000137,22,472,-450
107000138,535,24,511
107000139,15,565,-550
107000140,1795,142,1653
107000141,174,968,-794
107000142,635,163,472
107000143,71,857,-786
107000144,455,589,-134
107000145,211,593,-382
107000146,184,478,-294
107000147,5049,1379,3670
107000150,814,3519,-2705
107000151,57,95,-38
107000152,679,1414,-735
107000153,297,479,-182
107000154,331,252,79
107000155,1259,29,1230
107000156,1178,36,1142
107000157,52,2145,-2093
107000158,676,49,627
107000159,66,1501,-1435
107000160,932,239,693
107000161,102,1815,-1713
107000162,275,769,-494
107000163,259,1,258
107000164,624,1,623
107000165,805,6,799
107000166,83,1322,-1239
107000167,553,295,258
107000168,957,594,363
107000169,1078,959,119
107000170,1840,941,899
107000171,571,2422,-1851
107000172,1163,1634,-471
107000173,802,1302,-500
107000174,874,4984,-4110
107000175,8275,2304,5971
107000176,0,1,-1
107000177,1,0,1
107000178,10,36,-26
107000179,280,2963,-2683
107000180,1121,357,764
107000181,404,1736,-1332
107000182,1593,1052,541
107000183,146,988,-842
107000184,1057,844,213
107000185,458,1420,-962
107000186,1006,428,578
107000187,1303,1567,-264
107000188,688,742,-54
107000189,421,1262,-841
107000190,610,921,-311
107000191,839,1556,-717
107000192,1630,1003,627
107000193,480,550,-70
107000194,1157,854,303
107000197,893,266,627
107000198,334,878,-544
107000199,539,1064,-525
107000200,1062,876,186
107000201,413,253,160
107000202,307,657,-350
107000203,1018,556,462
107000204,2080,638,1442
107000205,2450,1089,1361
107000206,1109,1272,-163
107000207,889,1062,-173
107000208,1351,465,886
107000209,2099,1276,823
107000210,834,524,310
107000211,6,74,-68
107000212,15,548,-533
107000213,9,32,-23
107000214,30,222,-192
107000215,344,373,-29
107000216,426,396,30
107000217,192,137,55
107000219,91,101,-10
107000220,165,233,-68
107000222,323,876,-553
107000224,335,89,246
107000225,185,558,-373
107000226,365,103,262
107000227,114,334,-220
107000228,101,244,-143
107000229,349,229,120
107000230,1399,602,797
107000231,2114,1393,721
107000232,153,90,63
107000233,1729,881,848
107000234,2,59,-57
107000235,85,10,75
107000236,19,672,-653
107000237,20,1,19
107000238,34,4,30
107000239,4760,621,4139
107000240,103,1124,-1021
107000243,1,66,-65
107000244,7,78,-71
107000246,3,1477,-1474
107000249,6,1323,-1317
107000251,3,329,-326
107000252,2,1232,-1230
107000255,547,53,494
107000257,1,611,-610
107000258,0,147,-147
107000259,7,269,-262
107000260,630,3,627
107000262,12,693,-681
107000263,222,9,213
107000266,18,23,-5
107000267,84,190,-106
107000268,176,161,15
107000269,719,43,676
107000270,0,13,-13
107000271,13,908,-895
107000272,13,198,-185
107000273,4,369,-365
107000274,2569,21,2548
107000275,1809,1491,318
107000280,646,48,598
107000281,64,1257,-1193
107000282,70,1301,-1231
107000290,6,29,-23
107000291,48,17,31
107000292,0,71,-71
107000293,240,4,236
107000294,1,41,-40
107000295,23,5,18
107000296,0,11,-11
107000444,441,6,435
107000496,0,24,-24
107000497,1548,3084,-1536
107000500,404,363,41
107000501,188,166,22
107000502,302,344,-42
107000505,625,1053,-428
107000506,0,15,-15
107000508,8,650,-642
107000509,267,1207,-940
107000510,20,20,0
107000514,54,291,-237
107000515,9,246,-237
107000516,319,283,36
107000518,1201,1293,-92
107000519,3192,1241,1951
107000520,78,32,46
107000521,774,584,190
107000522,1033,894,139
107900001,33,138,-105
107900002,31,8,23
107900003,112,38,74
107900004,1,2,-1
107900005,1229,7,1222
107900006,246,4,242
107900007,291,27,264
107900008,90,28,62
107900009,180,7,173
107900010,30,2,28
107900012,294,15,279
107900013,252,49,203
107900014,29,2,27
107900015,778,7,771
107900016,404,53,351
107900017,6,3,3
107900018,44,119,-75
107900019,22,58,-36
107900020,129,14,115
107900021,64,171,-107
107900023,2,0,2
107900024,0,30,-30
107900025,125,194,-69
107900026,84,94,-10
107900027,76,51,25
107900028,41,94,-53
107900030,198,14,184
107900031,103,205,-102
107900032,36,3,33
107900033,23,3,20
107900034,340,24,316
107900035,720,41,679
107900036,43,6,37
107900037,1,34,-33
107900038,128,201,-73
107900039,23,71,-48
107900040,60,83,-23
107900041,2,2,0
107900043,54,189,-135
107900044,2,21,-19
107900045,76,48,28
107900046,153,186,-33
107900047,30,73,-43
107900048,215,7,208
107900049,398,1424,-1026
107900050,160,374,-214
107900051,90,60,30
107900052,43,31,12
107900053,40,100,-60
107900055,483,162,321
107900056,128,25,103
107900057,0,0,0
107900058,42,733,-691
107900060,37,35,2
107900061,25,6,19
107900063,67,92,-25
107900064,281,129,152
107900065,145,11,134
107900066,12,12,0
107900067,1,0,1
107900068,239,259,-20
107900069,46,2087,-2041
107900070,95,30,65
107900071,20,913,-893
107900072,80,186,-106
107900073,82,132,-50
107900074,760,187,573
107900076,113,66,47
107900077,30,0,30
107900079,9,23,-14
107900080,337,225,112
107900081,58,116,-58
107900082,34,12,22
107900083,323,164,159
107900084,126,117,9
107900086,53,145,-92
107900087,665,102,563
107900088,28,8,20
107900089,340,1012,-672
107900090,593,2378,-1785
107900091,212,482,-270
107900093,96,87,9
107900095,3803,2236,1567
107900097,18,59,-41
107900098,48,181,-133
107900100,1219,1201,18
107900101,1077,195,882
107900102,9,7,2
107900103,33,223,-190
107900104,282,6,276
107900105,5,589,-584
107900106,3,1372,-1369
107900107,998,489,509
107900108,437,128,309
107900109,997,9,988
107900110,36,76,-40
107900111,20,1120,-1100
107900112,109,437,-328
107900113,169,153,16
107900114,122,185,-63
107900115,1,32,-31
107900116,116,197,-81
107900117,601,491,110
107900118,65,191,-126
107900119,41,180,-139
107900120,21,13,8
107900121,8,171,-163
107900122,2,69,-67
107900123,22,29,-7
107900124,32,40,-8
107900125,60,184,-124
107900126,2,41,-39
107900127,448,314,134
107900128,115,84,31
107900129,43,32,11
107900130,51,26,25
107900131,690,227,463
107900132,119,429,-310
107900133,0,69,-69
107900134,19,28,-9
107900135,6,171,-165
107900136,33,34,-1
107900137,111,114,-3
107900138,56,30,26
107900139,38,75,-37
107900141,50,41,9
107900142,86,925,-839
107900143,52,46,6
107900144,5,189,-184
107900145,11,96,-85
107900146,21,168,-147
107900147,50,22,28
107900148,173,149,24
107900149,1265,207,1058
107900150,109,844,-735
107900151,49,141,-92
107900152,12,215,-203
107900153,191,303,-112
107900154,39,31,8
107900155,57,90,-33
107900156,1,274,-273
107900157,26,61,-35
107900158,689,10,679
107900159,27,1003,-976
107900160,99,195,-96
107900161,19,191,-172
107900162,0,29,-29
107900163,77,20,57
107900164,8,32,-24
107900165,38,101,-63
107900166,20,169,-149
107900167,51,15,36
107900168,27,45,-18
107900169,97,216,-119
107900171,13,1838,-1825
107900172,0,351,-351
107900173,10,138,-128
107900174,89,11,78
107900175,29,12,17
107900176,20,37,-17
107900177,0,58,-58
107900178,3,213,-210
107900179,12,149,-137
107900180,780,480,300
107900181,328,330,-2
107900182,409,1791,-1382
107900183,26,298,-272
107900184,108,233,-125
107900185,114,6,108
107900186,13,45,-32
107900187,0,165,-165
107900188,884,147,737
107900189,24,125,-101
107900190,80,105,-25
107900191,57,139,-82
107900193,41,86,-45
107900194,261,10,251
107900195,3568,437,3131
107900196,31,83,-52
107900197,1098,273,825
107900199,8,1440,-1432
107900201,96,119,-23
107900203,56,89,-33
107900204,219,206,13
107900206,1284,164,1120
107900207,1,868,-867
107900208,5,749,-744
107900209,355,136,219
107900210,97,133,-36
107900213,348,387,-39
107900214,8,121,-113
107900215,156,294,-138
107900216,146,79,67
107900217,38,63,-25
107900218,29,1645,-1616
107900219,26,112,-86
107900220,213,281,-68
107900221,156,234,-78
107900223,90,574,-484
107900224,124,315,-191
107900225,5,905,-900
107900226,77,143,-66
107900227,144,466,-322
107900228,24,115,-91
107900229,5,256,-251
107900230,12,135,-123
107900231,7,231,-224
107900232,85,193,-108
107900233,3,130,-127
107900234,101,173,-72
107900235,24,120,-96
107900236,86,90,-4
107900237,99,404,-305
107900238,15,116,-101
107900239,1073,509,564
107900240,22,109,-87
107900241,8,82,-74
107900242,17,266,-249
107900243,2,45,-43
107900244,418,5,413
107900245,514,53,461
107900246,159,8,151
107900248,402,353,49
107900249,577,14,563
107900250,0,609,-609
107900251,93,1699,-1606
107900252,859,11,848
107900253,191,1,190
107900254,78,439,-361
107900255,361,83,278
107900256,1635,677,958
107900257,160,78,82
107900258,68,301,-233
107900259,102,1776,-1674
107900261,4,327,-323
107900262,47,143,-96
107900264,349,0,349
107900265,146,181,-35
107900267,209,25,184
107900268,21,17,4
107900269,0,3,-3
107900270,0,0,0
107900271,0,11,-11
107900272,120,20,100
107900273,15,110,-95
107900274,35,1,34
107900275,23,0,23
107900276,0,95,-95
107900277,0,226,-226
107900278,182,344,-162
107900279,146,149,-3
107900280,2206,2565,-359
107900281,2824,2549,275
107900282,86,401,-315
107900283,1363,470,893
107900284,392,505,-113
107900285,98,98,0
107900286,98,70,28
107900287,170,172,-2
107900290,0,121,-121
107900291,418,10,408
107900292,146,240,-94
107900293,104,646,-542
107900295,43,100,-57
107900297,0,342,-342
107900298,1145,954,191
107900299,3827,2333,1494
107900301,729,669,60
107900302,91,45,46
107900303,175,315,-140
107900304,158,483,-325
107900305,253,7,246
107900306,33,13,20
107900307,38,253,-215
107900308,176,49,127
107900309,369,2,367
107900310,453,4,449
107900311,11,198,-187
107900312,118,3,115
107900313,4,154,-150
107900314,2,43,-41
107900315,0,43,-43
107900316,41,4,37
107900317,109,25,84
107900318,9,165,-156
107900319,5,215,-210
107900320,1,186,-185
107900321,117,5,112
107900322,4,156,-152
107900323,3,133,-130
107900324,145,3,142
107900325,94,0,94
107900326,333,375,-42
107900327,3,88,-85
107900328,233,1,232
107900329,310,88,222
107900330,4,519,-515
107900331,169,49,120
107900332,181,33,148
107900333,38,12,26
107900334,4,197,-193
107900335,39,46,-7
107900336,45,60,-15
107900337,1156,680,476
107900338,4,147,-143
107900339,3,22,-19
107900340,0,72,-72
107900341,78,1,77
107900342,163,141,22
107900343,144,3,141
107900344,3,100,-97
107900345,97,55,42
107900346,19,1,18
107900347,22,1,21
107900348,5,2,3
107900349,8,7,1
107900350,28,325,-297
107900351,5,234,-229
107900352,18,56,-38
107900353,19,9,10
107900354,38,47,-9
108000001,2805,4173,-1368
108000002,2782,3592,-810
108000003,3619,3145,474
108000004,17113,19431,-2318
108000005,8229,5949,2280
108000006,9461,9084,377
108000007,5174,4374,800
108000008,5525,7761,-2236
108000009,3640,4660,-1020
108000010,3528,5910,-2382
108000011,11768,12711,-943
108000012,20922,19872,1050
108000014,1481,755,726
108000015,818,308,510
108000016,387,827,-440
108000017,1091,482,609
108000018,1800,676,1124
108000019,2760,1006,1754
108000020,1427,633,794
108000021,492,1935,-1443
108000022,476,1561,-1085
108000023,1214,254,960
108000024,368,718,-350
108000025,374,280,94
108000026,714,640,74
108000027,714,914,-200
108000028,661,322,339
108000029,515,1017,-502
108000030,898,277,621
108000031,325,726,-401
108000032,1542,756,786
108000033,788,1520,-732
108000034,1577,589,988
108000035,895,2959,-2064
108000036,354,1389,-1035
108000037,1719,423,1296
108000038,2387,608,1779
108000039,550,2638,-2088
108000040,1623,928,695
108000041,712,2979,-2267
108000042,254,305,-51
108000043,226,338,-112
108000044,457,238,219
108000045,257,804,-547
108000046,1489,357,1132
108000047,475,1259,-784
108000048,148,448,-300
108000049,745,239,506
108000050,192,849,-657
108000051,294,169,125
108000052,234,854,-620
108000053,429,233,196
108000054,557,1161,-604
108000055,1085,449,636
108000056,1680,1401,279
108000057,819,1069,-250
108000058,2052,3947,-1895
108000059,4037,2547,1490
108000060,256,800,-544
108000061,292,611,-319
108000062,670,612,58
108000063,331,562,-231
108000064,225,322,-97
108000065,683,657,26
108000066,1797,905,892
108000067,1681,591,1090
108000068,736,479,257
108000069,268,1317,-1049
108000070,1665,861,804
108000071,690,1888,-1198
108000072,1518,1290,228
108000073,1613,2177,-564
108000074,489,414,75
108000075,399,951,-552
108000076,664,619,45
108000077,819,754,65
108000078,2058,1695,363
108000079,1024,2122,-1098
108000080,1123,738,385
108000081,544,2269,-1725
108000082,1189,2303,-1114
108000083,1908,1119,789
108000084,494,1455,-961
108000085,666,446,220
108000086,971,926,45
108000087,103,1775,-1672
108000088,762,215,547
108000089,436,388,48
108000091,225,644,-419
108000092,168,105,63
108000093,172,772,-600
108000094,498,138,360
108000095,202,561,-359
108000096,285,200,85
108000097,158,601,-443
108000098,1443,1673,-230
108000099,1480,347,1133
108000100,164,569,-405
108000101,1456,1653,-197
108000102,1726,3518,-1792
108000106,1517,2,1515
108000107,0,733,-733
108000108,782,43,739
108000109,6,914,-908
108000110,193,500,-307
108000111,201,890,-689
108000112,76,168,-92
108000113,547,297,250
108000115,378,398,-20
108000117,837,380,457
108000118,645,1594,-949
108000119,787,487,300
108000120,116,899,-783
108000121,200,620,-420
108000122,422,408,14
108000123,637,273,364
108000124,291,713,-422
108000125,334,328,6
108000126,196,582,-386
108000127,562,410,152
108000128,614,686,-72
108000129,341,1417,-1076
108000130,462,346,116
108000131,874,515,359
108000132,2179,1748,431
108000133,816,586,230
108000134,635,774,-139
108000135,1099,581,518
108000136,593,1172,-579
108000137,400,523,-123
108000138,306,1209,-903
108000139,416,441,-25
108000140,73,28,45
108000141,44,131,-87
108000142,76,146,-70
108000143,35,654,-619
108000144,355,58,297
108000145,41,49,-8
108000146,497,75,422
108000147,97,66,31
108000148,596,124,472
108000149,77,36,41
108000150,36,7,29
108000151,638,109,529
108000152,99,647,-548
108000153,460,185,275
108000154,87,23,64
108000155,40,29,11
108000156,859,565,294
108000157,205,885,-680
108000158,90,716,-626
108000159,770,248,522
108000160,4485,1247,3238
108000161,3554,2328,1226
108000165,8,155,-147
108000172,2,335,-333
108000173,2639,1835,804
108000175,438,157,281
108000178,578,434,144
108000179,205,830,-625
108000181,66,43,23
108000182,394,101,293
108000183,191,528,-337
108000184,1271,2000,-729
108000185,206,599,-393
108000186,375,683,-308
108000187,89,743,-654
108000188,577,265,312
108000189,2918,6936,-4018
108000190,42,138,-96
108000192,210,771,-561
108000193,1151,37,1114
108000194,106,29,77
108000195,1,1278,-1277
108000196,208,246,-38
108000198,950,577,373
108000199,1,217,-216
108000200,357,642,-285
108000203,118,916,-798
108000204,98,50,48
108000205,406,532,-126
108000339,1777,538,1239
108000364,364,903,-539
108000365,73,378,-305
108000367,133,480,-347
108000368,6,98,-92
108000369,1351,208,1143
108000371,11,744,-733
108000372,747,12,735
108000373,314,198,116
108000376,62,26,36
108000377,372,392,-20
108000378,9599,11393,-1794
108000379,22,266,-244
108000381,78,21,57
108000382,332,0,332
108000383,0,224,-224
108900001,122,1344,-1222
108900002,220,71,149
108900003,429,971,-542
108900004,513,482,31
108900007,156,208,-52
108900008,56,172,-116
108900009,67,130,-63
108900010,176,167,9
108900011,365,454,-89
108900012,265,406,-141
108900013,115,250,-135
108900014,4,138,-134
108900015,32,51,-19
108900016,0,247,-247
108900017,223,256,-33
108900018,103,489,-386
108900019,50,1037,-987
108900020,53,248,-195
108900021,108,288,-180
108900022,123,7,116
108900023,5,18,-13
108900024,26,129,-103
108900025,93,170,-77
108900026,17,124,-107
108900027,0,65,-65
108900028,62,389,-327
108900029,61,345,-284
108900030,2,84,-82
108900031,67,558,-491
108900032,11,262,-251
108900033,0,65,-65
108900034,10,305,-295
108900035,304,1585,-1281
108900038,6,407,-401
108900039,0,560,-560
108900040,8,101,-93
108900041,5696,2868,2828
108900042,11,313,-302
108900043,48,447,-399
108900044,1,655,-654
108900045,39,680,-641
108900046,50,855,-805
108900047,3,132,-129
108900048,91,1082,-991
108900049,5122,1202,3920
108900050,1,287,-286
108900051,0,226,-226
108900052,43,250,-207
108900053,95,212,-117
108900054,68,218,-150
108900055,50,437,-387
108900056,2,172,-170
108900057,2,169,-167
108900058,30,402,-372
108900059,345,17,328
108900060,79,184,-105
108900061,74,28,46
108900062,10,350,-340
108900063,16,340,-324
108900064,173,86,87
108900065,10,330,-320
108900066,271,122,149
108900067,8,264,-256
108900068,5,270,-265
108900069,39,153,-114
108900070,52,151,-99
108900071,57,60,-3
108900072,2474,670,1804
108900073,29,464,-435
108900074,128,652,-524
108900075,63,56,7
108900076,262,71,191
108900077,155,553,-398
108900078,34,216,-182
108900079,989,233,756
108900080,17,879,-862
108900081,39,319,-280
108900082,58,124,-66
108900083,32,257,-225
108900085,2285,168,2117
108900086,152,327,-175
108900087,107,209,-102
108900088,983,356,627
108900089,26,106,-80
108900090,25,449,-424
108900091,130,94,36
108900092,455,342,113
108900093,83,105,-22
108900094,247,81,166
108900095,44,527,-483
108900096,398,30,368
108900097,248,318,-70
108900098,3090,536,2554
108900099,269,312,-43
108900100,66,160,-94
108900101,198,108,90
108900102,113,828,-715
108900103,94,90,4
108900105,6,1093,-1087
108900106,352,438,-86
108900108,624,75,549
108900109,372,72,300
108900110,154,548,-394
108900111,378,721,-343
108900113,68,86,-18
108900114,47,19,28
108900115,68,87,-19
108900116,59,12,47
108900117,229,26,203
108900118,451,13,438
108900119,227,51,176
108900120,240,207,33
108900121,318,88,230
108900122,109,38,71
108900123,151,102,49
108900124,394,184,210
108900125,284,3,281
108900126,124,18,106
108900127,129,31,98
108900128,113,36,77
108900129,658,194,464
108900130,302,2,300
108900131,360,5,355
108900132,440,72,368
108900133,270,64,206
108900134,242,337,-95
108900135,114,9,105
108900136,32,1,31
108900137,113,0,113
108900138,722,25,697
108900140,270,283,-13
108900141,236,9,227
108900142,134,4,130
108900143,39,0,39
108900144,96,0,96
108900145,154,6,148
108900146,65,0,65
108900147,212,1,211
108900148,86,30,56
108900150,236,3,233
108900151,247,0,247
108900152,156,6,150
108900153,141,495,-354
108900154,4482,404,4078
108900156,98,11,87
108900157,29,615,-586
108900158,355,46,309
108900159,3,316,-313
108900160,17,304,-287
108900161,6,533,-527
108900162,75,1,74
108900163,8,252,-244
108900164,49,86,-37
108900168,9696,2460,7236
108900169,40,157,-117
108900171,8653,2892,5761
108900172,173,55,118
108900173,198,387,-189
108900174,715,731,-16
108900176,129,592,-463
108900177,7429,4534,2895
108900178,4783,2971,1812
108900180,102,356,-254
108900183,193,233,-40
108900184,386,179,207
108900185,88,326,-238
108900186,53,396,-343
108900189,232,133,99
108900190,36,3113,-3077
108900192,75,241,-166
108900195,143,347,-204
108900196,25,496,-471
108900199,263,378,-115
108900200,1083,413,670
108900201,425,1497,-1072
108900203,478,82,396
108900204,356,22,334
108900205,158,22,136
108900206,385,28,357
108900207,170,74,96
108900208,32,376,-344
108900209,291,606,-315
108900210,140,209,-69
108900211,146,464,-318
108900212,701,1178,-477
108900215,110,519,-409
108900216,658,198,460
108900217,155,1,154
108900218,205,15,190
108900221,53,157,-104
108900224,37,169,-132
108900225,1,219,-218
108900227,108,230,-122
108900230,334,304,30
108900232,3,310,-307
108900233,248,85,163
108900234,287,178,109
108900235,198,598,-400
108900236,29,375,-346
108900240,100,97,3
108900241,28,31,-3
108900245,14,1199,-1185
108900250,158,143,15
108900258,8,292,-284
108900259,86,114,-28
108900260,12,131,-119
108900261,141,136,5
108900262,220,192,28
108900263,44,217,-173
108900264,683,289,394
108900265,1114,323,791
108900266,1186,519,667
108900267,5,96,-91
108900268,4,2,2
108900269,74,11,63
108900270,68,13,55
108900271,27,8,19
108900272,196,17,179
108900273,1231,662,569
108900274,53,68,-15
109000001,5092,1548,3544
109000002,2405,1853,552
109000003,2628,624,2004
109000004,588,2857,-2269
109000005,2910,870,2040
109000006,1015,2585,-1570
109000007,1529,864,665
109000008,584,2284,-1700
109000009,3789,1631,2158
109000010,1776,4718,-2942
109000011,3343,2440,903
109000012,2126,4158,-2032
109000013,3020,3327,-307
109000014,1871,3792,-1921
109000015,4962,8670,-3708
109000016,9320,4953,4367
109000017,2398,1553,845
109000018,1184,3931,-2747
109000019,3277,1689,1588
109000020,1544,2554,-1010
109000023,258,36,222
109000024,7,288,-281
109000025,418,629,-211
109000026,1109,416,693
109000027,90,358,-268
109000028,143,143,0
109000029,150,228,-78
109000030,75,664,-589
109000031,174,182,-8
109000032,147,526,-379
109000033,456,185,271
109000034,52,42,10
109000035,24,60,-36
109000036,102,402,-300
109000037,258,1212,-954
109000038,608,430,178
109000039,827,588,239
109000040,2901,5116,-2215
109000041,4600,1722,2878
109000042,878,1323,-445
109000044,434,187,247
109000045,89,460,-371
109000046,300,89,211
109000047,117,507,-390
109000048,1433,502,931
109000049,373,529,-156
109000050,641,724,-83
109000051,376,288,88
109000052,543,1417,-874
109000053,946,340,606
109000054,259,672,-413
109000055,409,336,73
109000056,314,512,-198
109000057,502,411,91
109000058,2517,644,1873
109000059,983,1336,-353
109000060,1031,481,550
109000061,1308,835,473
109000062,119,325,-206
109000063,215,241,-26
109000064,199,204,-5
109000065,111,332,-221
109000066,405,111,294
109000067,69,351,-282
109000068,3234,20,3214
109000069,1196,36,1160
109000070,7,1136,-1129
109000071,424,95,329
109000072,208,807,-599
109000073,64,135,-71
109000074,52,281,-229
109000075,93,384,-291
109000076,193,315,-122
109000077,444,444,0
109000078,108,202,-94
109000079,181,228,-47
109000080,142,145,-3
109000081,120,650,-530
109000082,618,254,364
109000083,381,864,-483
109000088,163,531,-368
109000089,255,55,200
109000090,154,454,-300
109000091,250,162,88
109000092,360,638,-278
109000093,201,199,2
109000094,421,2,419
109000095,126,466,-340
109000096,588,299,289
109000097,70,162,-92
109000098,73,142,-69
109000099,946,505,441
109000100,227,793,-566
109000101,1274,907,367
109000102,315,963,-648
109000103,794,747,47
109000104,1365,705,660
109000105,533,1543,-1010
109000106,1792,884,908
109000107,701,2389,-1688
109000108,1486,663,823
109000109,479,2190,-1711
109000110,1188,611,577
109000111,1161,2434,-1273
109000112,424,171,253
109000113,457,264,193
109000114,140,512,-372
109000115,1679,131,1548
109000116,15,718,-703
109000117,189,134,55
109000118,16,347,-331
109000119,1035,422,613
109000120,167,1034,-867
109000121,553,174,379
109000122,146,1053,-907
109000123,32,283,-251
109000124,564,531,33
109000125,965,439,526
109000126,469,1088,-619
109000127,1263,400,863
109000128,537,2038,-1501
109000129,1832,798,1034
109000130,995,3940,-2945
109000131,1373,994,379
109000132,1184,3688,-2504
109000133,467,1276,-809
109000134,899,1736,-837
109000135,1636,1673,-37
109000136,403,343,60
109000137,384,431,-47
109000138,505,386,119
109000139,471,548,-77
109000140,318,824,-506
109000141,724,710,14
109000142,174,544,-370
109000143,137,113,24
109000145,129,371,-242
109000146,157,131,26
109000148,4095,1755,2340
109000149,46,70,-24
109000150,237,233,4
109000155,623,709,-86
109000156,1487,823,664
109000158,128,332,-204
109000159,125,667,-542
109000160,1051,312,739
109000161,317,1442,-1125
109000162,1875,841,1034
109000163,1011,2176,-1165
109000164,1281,3048,-1767
109000165,1105,688,417
109000166,651,157,494
109000167,155,699,-544
109000170,49,79,-30
109000171,54,59,-5
109000172,71,100,-29
109000173,32,75,-43
109000174,117,71,46
109000175,121,388,-267
109000176,334,232,102
109000177,29,115,-86
109000178,575,460,115
109000179,5243,3684,1559
109000180,6143,3477,2666
109000181,14,37,-23
109000182,27,54,-27
109000183,45,49,-4
109000184,47,28,19
109000185,21,82,-61
109000188,817,2370,-1553
109000189,3388,1199,2189
109000190,594,629,-35
109000191,395,606,-211
109000192,354,289,65
109000193,171,406,-235
109000194,164,173,-9
109000195,132,439,-307
109000196,296,106,190
109000197,164,501,-337
109000198,241,78,163
109000199,131,516,-385
109000206,205,44,161
109000207,99,57,42
109000208,108,90,18
109000209,139,154,-15
109000210,218,643,-425
109000211,618,699,-81
109000214,466,1192,-726
109000215,181,87,94
109000216,267,229,38
109000217,173,126,47
109000218,310,238,72
109000221,522,1180,-658
109000222,884,306,578
109000223,334,240,94
109000224,66,200,-134
109000225,62,71,-9
109000226,74,279,-205
109000227,862,1177,-315
109000228,1,579,-578
109000231,4,355,-351
109000232,333,501,-168
109000236,242,914,-672
109000241,2210,2314,-104
109000242,1747,1826,-79
109000293,75,211,-136
109000361,192,349,-157
109000364,216,612,-396
109000396,6,726,-720
109000397,470,1,469
109000399,174,531,-357
109000400,84,389,-305
109000403,259,1542,-1283
109000406,611,9,602
109000407,219,230,-11
109000408,2,745,-743
109000410,1068,332,736
109000411,181,48,133
109900001,96,2,94
109900002,837,12,825
109900003,208,0,208
109900005,19,1,18
109900006,325,261,64
109900007,621,767,-146
109900008,0,41,-41
109900009,145,736,-591
109900010,501,24,477
109900011,133,46,87
109900012,328,285,43
109900013,322,175,147
109900015,432,178,254
109900017,36,24,12
109900018,142,58,84
109900019,185,79,106
109900020,44,56,-12
109900021,48,31,17
109900022,124,303,-179
109900023,25,5,20
109900024,27,5,22
109900025,15,60,-45
109900027,21,79,-58
109900028,2128,1009,1119
109900029,6,447,-441
109900030,28,26,2
109900031,0,91,-91
109900032,6,372,-366
109900033,5,488,-483
109900034,26,6,20
109900035,10,22,-12
109900036,14,104,-90
109900037,32,583,-551
109900038,44,196,-152
109900039,14,0,14
109900040,24,671,-647
109900041,42,419,-377
109900042,58,407,-349
109900044,118,302,-184
109900045,328,73,255
109900046,128,114,14
109900047,361,361,0
109900048,17,88,-71
109900049,12,33,-21
109900050,1,303,-302
109900051,1,84,-83
109900052,70,371,-301
109900053,2,480,-478
109900054,492,241,251
109900055,39,294,-255
109900056,39,222,-183
109900057,9,266,-257
109900058,1,132,-131
109900060,386,158,228
109900061,61,320,-259
109900062,0,209,-209
109900064,545,274,271
109900065,114,126,-12
109900066,368,1034,-666
109900067,1,390,-389
109900068,49,2,47
109900069,3,26,-23
109900071,2,44,-42
109900072,36,173,-137
109900073,275,608,-333
109900074,4,45,-41
109900075,17,40,-23
109900076,51,453,-402
109900077,32,75,-43
109900078,131,277,-146
109900080,124,315,-191
109900081,22,177,-155
109900082,33,465,-432
109900083,20,72,-52
109900084,52,139,-87
109900085,240,938,-698
109900086,136,507,-371
109900087,366,427,-61
109900089,611,196,415
109900092,1094,27,1067
109900093,741,184,557
109900094,79,132,-53
109900095,122,245,-123
109900096,23,1,22
109900097,74,2,72
109900098,407,26,381
109900099,140,0,140
109900100,49,0,49
109900101,313,8,305
109900102,447,17,430
109900103,264,98,166
109900104,457,966,-509
109900105,511,34,477
109900106,355,67,288
109900107,439,102,337
109900108,125,417,-292
109900109,34,168,-134
109900111,277,1096,-819
109900114,1405,313,1092
109900115,142,98,44
109900117,890,139,751
109900121,672,508,164
109900123,11,183,-172
109900125,3,199,-196
109900126,140,158,-18
109900130,9781,2385,7396
109900131,69,217,-148
109900132,34,215,-181
109900134,77,120,-43
109900135,489,101,388
109900137,101,403,-302
109900140,178,267,-89
109900149,31,52,-21
109900150,6,106,-100
109900151,5,54,-49
109900152,0,22,-22
109900153,0,40,-40
109900154,57,0,57
109900155,54,29,25
109900157,60,270,-210
109900159,309,65,244
109900161,181,52,129
109900162,313,192,121
109900163,725,307,418
109900164,54,313,-259
109900165,236,8,228
109900166,3,154,-151
109900167,219,548,-329
109900168,176,764,-588
109900169,175,225,-50
109900170,319,700,-381
109900171,150,123,27
109900172,186,272,-86
109900173,3978,2048,1930
109900174,94,148,-54
109900175,78,83,-5
109900176,87,167,-80
109900177,47,239,-192
109900178,14,108,-94
109900179,77,27,50
109900180,8,21,-13
110000001,1232,661,571
110000002,727,878,-151
110000003,956,750,206
110000004,572,724,-152
110000005,647,2083,-1436
110000006,677,462,215
110000007,171,149,22
110000008,21,57,-36
110000009,82,45,37
110000010,50,57,-7
110000011,54,102,-48
110000012,891,533,358
110000013,39,785,-746
110000014,838,511,327
110000015,282,786,-504
110000016,341,1930,-1589
110000017,3443,285,3158
110000018,3552,584,2968
110000019,6,105,-99
110000020,363,249,114
110000021,1016,503,513
110000022,848,218,630
110000023,7,151,-144
110000024,758,530,228
110000025,272,4,268
110000026,5,418,-413
110000027,1436,378,1058
110000028,1062,866,196
110000029,606,1030,-424
110000030,257,482,-225
110000031,322,605,-283
110000032,835,594,241
110000033,503,81,422
110000034,522,872,-350
110000035,1274,719,555
110000036,1332,825,507
110000037,248,602,-354
110000038,230,750,-520
110000039,829,3405,-2576
110000040,479,457,22
110000041,432,1539,-1107
110000042,147,370,-223
110000043,978,549,429
110000044,264,168,96
110000045,1482,170,1312
110000046,38,16,22
110000047,254,28,226
110000048,26,24,2
110000049,192,31,161
110000050,17,19,-2
110000051,137,19,118
110000052,54,38,16
110000053,286,18,268
110000054,304,322,-18
110000055,725,36,689
110000056,278,62,216
110000057,460,794,-334
110000058,1424,639,785
110000059,934,604,330
110000060,719,1213,-494
110000061,955,897,58
110000062,615,1004,-389
110000063,34,94,-60
110000064,146,107,39
110000065,58,89,-31
110000066,88,33,55
110000067,133,345,-212
110000068,408,333,75
110000069,197,116,81
110000071,114,140,-26
110000073,5,17,-12
110000075,12,140,-128
110000076,350,349,1
110000077,509,1299,-790
110000078,23,49,-26
110000080,384,791,-407
110000081,47,353,-306
110000082,77,340,-263
110000083,343,824,-481
110000084,1218,756,462
110000085,2601,1917,684
110000086,1513,1998,-485
110000087,6,63,-57
110000088,92,300,-208
110000089,189,113,76
110000090,159,349,-190
110000091,1720,485,1235
110000092,34,86,-52
110000093,51,6,45
110000094,653,266,387
110000095,198,757,-559
110000096,3120,1977,1143
110000097,1152,1469,-317
110000098,2142,825,1317
110000099,1007,1817,-810
110000100,745,713,32
110000101,37,459,-422
110000102,62,51,11
110000104,416,133,283
110000105,98,293,-195
110000106,780,508,272
110000107,443,411,32
110000108,154,50,104
110000109,351,336,15
110000110,3805,4109,-304
110000111,7502,3172,4330
110000112,1556,1041,515
110000113,540,2298,-1758
110000114,129,612,-483
110000115,252,291,-39
110000116,36,70,-34
110000117,202,415,-213
110000118,435,188,247
110000119,191,423,-232
110000120,360,183,177
110000121,141,419,-278
110000122,426,680,-254
110000123,518,689,-171
110000124,4,1080,-1076
110000125,970,6,964
110000126,278,23,255
110000127,1128,44,1084
110000128,28,1490,-1462
110000129,6,719,-713
110000130,469,200,269
110000131,109,485,-376
110000132,3,831,-828
110000133,60,574,-514
110000134,21,431,-410
110000135,177,35,142
110000136,90,363,-273
110000137,617,670,-53
110000138,707,857,-150
110000139,766,1399,-633
110000140,1388,700,688
110000143,706,517,189
110000144,5894,1625,4269
110000145,1937,820,1117
110000146,1780,750,1030
110000147,482,940,-458
110000148,707,296,411
110000151,972,679,293
110000152,1003,442,561
110000153,62,68,-6
110000154,3,12,-9
110000155,1526,4143,-2617
110000156,1101,2159,-1058
110000157,1871,1864,7
110000160,358,348,10
110000161,194,446,-252
110000166,360,125,235
110000167,784,614,170
110000168,914,577,337
110000169,734,412,322
110000170,161,135,26
110000171,577,196,381
110000172,156,1008,-852
110000173,1261,1516,-255
110000174,217,1344,-1127
110000175,515,102,413
110000176,67,302,-235
110000177,171,912,-741
110000178,467,1282,-815
110000179,1410,396,1014
110000180,130,319,-189
110000181,392,532,-140
110000182,357,200,157
110000183,11816,7362,4454
110000184,751,2542,-1791
110000185,1697,820,877
110000186,820,1051,-231
110000191,591,437,154
110000192,472,6,466
110000193,856,10,846
110000194,17,1296,-1279
110000195,389,439,-50
110000196,293,475,-182
110000197,96,196,-100
110000198,145,79,66
110000199,58,118,-60
110000200,1397,584,813
110000201,873,915,-42
110000202,1242,538,704
110000203,759,852,-93
110000204,1,294,-293
110000205,115,62,53
110000206,671,1583,-912
110000207,801,420,381
110000208,228,189,39
110000209,121,964,-843
110000210,924,735,189
110000211,980,1003,-23
110000212,405,1151,-746
110000213,258,69,189
110000214,256,141,115
110000215,181,474,-293
110000216,104,443,-339
110000217,257,203,54
110000218,123,486,-363
110000219,247,99,148
110000220,80,335,-255
110000221,307,112,195
110000222,86,229,-143
110000223,10,210,-200
110000224,97,14,83
110000225,210,657,-447
110000226,283,76,207
110000227,829,795,34
110000228,482,362,120
110000229,5,308,-303
110000230,640,759,-119
110000231,214,194,20
110000232,269,261,8
110000233,224,307,-83
110000234,931,571,360
110000235,1110,1120,-10
110000236,650,886,-236
110000237,2606,1380,1226
110000238,1271,1624,-353
110000239,2080,1416,664
110000240,1,92,-91
110000242,0,16,-16
110000243,112,184,-72
110000244,134,413,-279
110000245,45,437,-392
110000246,841,619,222
110000247,1240,6207,-4967
110000248,2627,2095,532
110000249,94,7,87
110000250,29,218,-189
110000251,260,762,-502
110000252,163,283,-120
110000253,1227,921,306
110000254,799,1644,-845
110000255,255,1071,-816
110000256,569,301,268
110000257,721,459,262
110000258,5,553,-548
110000259,106,7,99
110000260,11,420,-409
110000263,637,164,473
110000264,237,547,-310
110000265,1193,2119,-926
110000266,2326,2610,-284
110000267,25,243,-218
110000268,282,503,-221
110000269,2,107,-105
110000270,53,5,48
110000271,2026,295,1731
110000272,1220,1141,79
110000273,3988,1363,2625
110000274,196,1304,-1108
110000275,2483,555,1928
110000276,273,308,-35
110000277,259,422,-163
110000278,389,817,-428
110000279,754,778,-24
110000280,368,433,-65
110000281,25,254,-229
110000282,362,48,314
110000283,108,124,-16
110000284,117,65,52
110000285,0,395,-395
110000286,36,1,35
110000287,47,16,31
110000288,6,64,-58
110000289,564,1752,-1188
110000290,1146,717,429
110000291,6264,1565,4699
110000292,1408,4243,-2835
110000293,690,830,-140
110000294,939,1101,-162
110000295,160,927,-767
110000296,369,315,54
110000297,2587,343,2244
110000298,307,812,-505
110000299,573,88,485
110000301,337,30,307
110000302,399,1323,-924
110000303,476,9,467
110000304,215,306,-91
110000305,992,26,966
110000306,162,1546,-1384
110000307,1385,6,1379
110000308,473,6,467
110000309,10,1011,-1001
110000310,565,74,491
110000311,20,775,-755
110000312,580,85,495
110000313,3272,4615,-1343
110000314,10,417,-407
110000315,3810,2280,1530
110000316,576,1281,-705
110000317,631,518,113
110000318,6,121,-115
110000319,13,26,-13
110000320,109,42,67
110000321,11,37,-26
110000322,344,445,-101
110000323,399,213,186
110000324,4296,1476,2820
110000325,2991,2821,170
110000327,607,359,248
110000328,185,474,-289
110000333,860,630,230
110000334,856,1552,-696
110000335,1025,496,529
110000336,662,1325,-663
110000337,1257,591,666
110000338,361,203,158
110000339,280,245,35
110000340,90,205,-115
110000341,513,537,-24
110000342,614,11,603
110000343,0,17,-17
110000344,277,166,111
110000345,350,143,207
110000346,2563,1927,636
110000347,1354,846,508
110000348,35,31,4
110000349,11,19,-8
110000350,48,4,44
110000351,933,872,61
110000352,678,1979,-1301
110000353,3152,803,2349
110000354,1481,3390,-1909
110000355,81,97,-16
110000356,730,6,724
110000357,497,15,482
110000361,5,91,-86
110000362,36,15,21
110000363,284,151,133
110000364,196,462,-266
110000365,155,0,155
110000366,0,99,-99
110000367,393,203,190
110000368,1,50,-49
110000369,27,3,24
110000373,1,298,-297
110000374,217,16,201
110000375,69,1029,-960
110000376,36,132,-96
110000377,80,628,-548
110000378,23,409,-386
110000379,3921,1895,2026
110000380,51,10,41
110000383,4,1124,-1120
110000384,2757,889,1868
110000385,1,183,-182
110000387,78,10,68
110000388,39,287,-248
110000389,740,7,733
110000391,549,359,190
110000396,179,131,48
110000397,125,165,-40
110000398,8,69,-61
110000399,244,3,241
110000587,93,46,47
110000589,227,224,3
110000640,235,92,143
110000652,54,145,-91
110000653,415,489,-74
110000654,172,90,82
110000656,1,731,-730
110000674,19,18,1
110000675,8,17,-9
110000676,2,88,-86
110000679,682,1426,-744
110000682,152,201,-49
110000683,482,625,-143
110000684,7,42,-35
110000685,5,14,-9
110000686,0,33,-33
110000687,61,5,56
110000688,81,892,-811
110000689,56,65,-9
110000692,148,194,-46
110000693,251,292,-41
110000694,0,189,-189
110000695,245,771,-526
110000696,104,105,-1
110900001,208,9,199
110900002,664,261,403
110900003,681,907,-226
110900004,302,167,135
110900005,3436,1970,1466
110900006,50,22,28
110900007,133,24,109
110900008,39,66,-27
110900009,469,101,368
110900010,8,96,-88
110900011,19,106,-87
110900012,15,103,-88
110900013,1010,170,840
110900014,243,15,228
110900015,774,558,216
110900016,52,183,-131
110900017,356,60,296
110900018,416,53,363
110900019,147,14,133
110900020,99,422,-323
110900021,47,608,-561
110900022,104,339,-235
110900023,79,627,-548
110900024,28,440,-412
110900025,25,116,-91
110900027,45,218,-173
110900028,34,165,-131
110900029,15,339,-324
110900030,45,316,-271
110900031,123,171,-48
110900032,0,99,-99
110900033,31,262,-231
110900035,21,575,-554
110900036,115,41,74
110900037,69,52,17
110900038,1225,215,1010
110900039,18,281,-263
110900040,211,57,154
110900041,7,141,-134
110900042,123,70,53
110900043,7,175,-168
110900044,268,15,253
110900045,33,503,-470
110900046,64,349,-285
110900047,639,248,391
110900049,78,86,-8
110900050,27,0,27
110900051,35,244,-209
110900052,3,168,-165
110900053,107,37,70
110900054,30,253,-223
110900055,26,0,26
110900056,56,90,-34
110900057,3,201,-198
110900058,199,246,-47
110900059,607,665,-58
110900060,439,159,280
110900061,15,57,-42
110900062,126,296,-170
110900063,23,101,-78
110900064,13,0,13
110900065,440,152,288
110900066,16,54,-38
110900067,424,733,-309
110900068,244,257,-13
110900069,167,151,16
110900070,132,74,58
110900071,312,573,-261
110900073,0,24,-24
110900074,243,143,100
110900075,316,77,239
110900077,691,543,148
110900078,41,102,-61
110900079,2920,1151,1769
110900080,88,67,21
110900081,15,92,-77
110900082,117,161,-44
110900083,111,44,67
110900084,63,142,-79
110900085,56,383,-327
110900086,50,260,-210
110900087,310,62,248
110900088,17,2,15
110900090,21,38,-17
110900091,2,52,-50
110900093,334,121,213
110900095,67,34,33
110900097,10,23,-13
110900098,51,138,-87
110900099,65,555,-490
110900100,0,34,-34
110900102,87,23,64
110900105,684,381,303
110900108,12,93,-81
110900111,320,116,204
110900112,746,1,745
110900113,545,37,508
110900115,5,86,-81
110900116,546,1790,-1244
110900118,228,3061,-2833
110900119,4553,395,4158
110900120,7,126,-119
110900121,108,0,108
110900122,305,144,161
110900125,307,390,-83
110900127,527,1272,-745
110900128,431,535,-104
110900129,396,676,-280
110900130,1282,641,641
110900131,152,50,102
110900132,244,49,195
110900133,77,235,-158
110900135,67,362,-295
110900136,281,18,263
110900138,0,0,0
110900139,45,0,45
110900140,0,0,0
110900141,880,304,576
110900142,74,207,-133
110900143,150,110,40
110900144,5,843,-838
110900145,136,18,118
110900146,497,114,383
110900147,126,368,-242
110900148,5,273,-268
110900149,21,105,-84
110900150,63,17,46
110900151,5,84,-79
110900152,52,307,-255
110900153,97,36,61
111000001,1097,849,248
111000002,1088,1001,87
111000003,1695,1289,406
111000004,753,1427,-674
111000005,1724,1647,77
111000006,1219,2162,-943
111000007,4984,4419,565
111000008,4422,4568,-146
111000009,509,1090,-581
111000010,877,386,491
111000011,610,1427,-817
111000012,1041,534,507
111000013,463,1293,-830
111000014,1617,866,751
111000017,147,1038,-891
111000018,318,473,-155
111000020,1567,3040,-1473
111000021,81,139,-58
111000023,115,118,-3
111000025,6239,4088,2151
111000029,74,122,-48
111000030,47,129,-82
111000031,2269,1627,642
111000032,773,370,403
111000033,372,387,-15
111000034,376,330,46
111000037,2676,1768,908
111000038,4171,2773,1398
111000039,2096,2821,-725
111000040,1813,3082,-1269
111000041,1882,2148,-266
111000042,4857,3177,1680
111000043,2041,3234,-1193
111000044,1676,1176,500
111000045,2200,2338,-138
111000046,1460,1728,-268
111000047,2224,4281,-2057
111000049,479,605,-126
111000050,2226,1950,276
111000051,528,1374,-846
111000052,694,1923,-1229
111000053,430,1119,-689
111000054,361,1147,-786
111000055,1361,2282,-921
111000056,175,645,-470
111000057,117,805,-688
111000058,291,85,206
111000059,395,345,50
111000060,3980,1208,2772
111000061,529,466,63
111000062,736,409,327
111000063,2062,1167,895
111000064,577,693,-116
111000065,1120,1238,-118
111000066,489,482,7
111000067,623,777,-154
111000068,542,1187,-645
111000069,1897,2386,-489
111000070,2176,1446,730
111000071,292,704,-412
111000072,1007,499,508
111000073,315,1100,-785
111000074,1458,1794,-336
111000075,1034,766,268
111000076,453,870,-417
111000077,1693,2154,-461
111000078,2915,1429,1486
111000079,1682,880,802
111000080,498,882,-384
111000081,2028,4967,-2939
111000082,665,929,-264
111000084,913,723,190
111000085,1321,1963,-642
111000086,3255,1621,1634
111000087,837,843,-6
111000088,5186,2050,3136
111000089,820,1026,-206
111000090,1094,1635,-541
111000091,825,727,98
111000092,1203,1108,95
111000093,701,1152,-451
111000094,1981,1177,804
111000095,672,2466,-1794
111000096,2383,8214,-5831
111000097,5821,1731,4090
111000098,876,1449,-573
111000099,673,2429,-1756
111000100,396,2073,-1677
111000101,481,938,-457
111000102,214,836,-622
111000104,548,250,298
111000107,115,778,-663
111000109,473,376,97
111000110,1644,904,740
111000111,1937,645,1292
111000112,1617,616,1001
111000113,954,1670,-716
111000114,2685,4142,-1457
111000115,7420,1316,6104
111000116,996,1143,-147
111000117,541,1198,-657
111000118,1603,1137,466
111000119,1088,1450,-362
111000120,583,870,-287
111000121,302,812,-510
111000122,739,1287,-548
111000123,1168,3347,-2179
111000124,574,3397,-2823
111000125,229,1776,-1547
111000126,104,1017,-913
111000127,954,232,722
111000128,1600,390,1210
111000129,2803,537,2266
111000130,1881,825,1056
111000131,1385,754,631
111000132,1275,767,508
111000133,168,199,-31
111000134,156,177,-21
111000135,54,137,-83
111000136,345,372,-27
111000138,15,19,-4
111000140,5,13,-8
111000141,389,415,-26
111000142,22,139,-117
111000143,11,104,-93
111000144,96,225,-129
111000145,3908,44,3864
111000146,146,18,128
111000147,363,68,295
111000148,438,92,346
111000149,6,46,-40
111000150,89,14,75
111000151,9,48,-39
111000153,678,701,-23
111000154,972,190,782
111000155,119,201,-82
111000156,486,565,-79
111000157,245,926,-681
111000158,1183,870,313
111000159,3380,824,2556
111000160,387,434,-47
111000161,27,317,-290
111000162,77,208,-131
111000163,787,1165,-378
111000164,933,5278,-4345
111000165,1599,659,940
111000166,2367,536,1831
111000167,224,591,-367
111000168,250,600,-350
111000169,363,750,-387
111000170,676,623,53
111000171,553,839,-286
111000172,184,723,-539
111000173,443,1363,-920
111000174,223,589,-366
111000175,60,380,-320
111000176,362,208,154
111000177,318,283,35
111000178,1327,393,934
111000179,186,209,-23
111000180,219,522,-303
111000181,963,363,600
111000182,179,262,-83
111000183,402,438,-36
111000184,433,293,140
111000185,473,666,-193
111000186,437,370,67
111000187,149,342,-193
111000188,229,482,-253
111000189,1430,705,725
111000190,222,552,-330
111000191,216,487,-271
111000192,172,716,-544
111000193,442,459,-17
111000194,43,460,-417
111000195,196,395,-199
111000196,48,302,-254
111000197,361,194,167
111000198,636,197,439
111000199,212,218,-6
111000200,324,439,-115
111000201,497,342,155
111000202,246,286,-40
111000203,276,310,-34
111000204,517,959,-442
111000213,240,564,-324
111000214,1745,2196,-451
111000215,1119,1789,-670
111000217,1449,902,547
111000218,1145,1049,96
111000219,532,296,236
111000220,2514,716,1798
111000221,1024,145,879
111000224,153,578,-425
111000225,398,360,38
111000226,187,7,180
111000227,82,10,72
111000228,14,368,-354
111000229,44,727,-683
111000230,330,497,-167
111000231,993,1168,-175
111000232,503,1030,-527
111000233,695,935,-240
111000234,139,400,-261
111000239,94,210,-116
111000240,41,269,-228
111000241,29,372,-343
111000242,111,105,6
111000243,97,734,-637
111000244,361,110,251
111000245,1118,726,392
111000246,479,566,-87
111000247,260,1099,-839
111000248,577,581,-4
111000249,433,960,-527
111000250,57,121,-64
111000251,53,124,-71
111000253,7,16,-9
111000255,24,13,11
111000257,33,24,9
111000260,66,1316,-1250
111000261,1269,122,1147
111000271,99,363,-264
111000273,6154,2207,3947
111000274,1327,2669,-1342
111000275,204,106,98
111000276,320,2315,-1995
111000277,231,433,-202
111000278,644,327,317
111000291,842,5606,-4764
111000298,562,290,272
111000299,661,144,517
111000300,95,697,-602
111000302,286,91,195
111000303,99,235,-136
111000312,61,69,-8
111000315,34,309,-275
111000320,391,741,-350
111000321,280,138,142
111000322,303,536,-233
111000323,183,16,167
111000324,658,357,301
111000325,30,64,-34
111000326,184,431,-247
111000327,416,563,-147
111000328,281,554,-273
111000329,1,54,-53
111000330,56,22,34
111000331,19,17,2
111000332,568,1651,-1083
111000334,412,1831,-1419
111000335,951,341,610
111000337,1165,492,673
111000338,67,117,-50
111000339,430,530,-100
111000340,110,740,-630
111000341,1337,1138,199
111000342,654,698,-44
111000344,1006,690,316
111000345,528,109,419
111000346,37,110,-73
111000347,148,7,141
111000350,226,176,50
111000351,99,297,-198
111000352,185,129,56
111000353,152,337,-185
111000354,581,175,406
111000355,426,636,-210
111000358,134,1647,-1513
111000360,167,962,-795
111000361,107,406,-299
111000546,747,683,64
111000547,336,624,-288
111000548,100,282,-182
111000549,264,369,-105
111000550,88,749,-661
111000551,759,171,588
111000552,3945,174,3771
111000907,659,9,650
111000908,25,1,24
111000916,1611,427,1184
111000917,39,474,-435
111000918,162,1176,-1014
111000920,544,56,488
111000921,7,377,-370
111000922,386,421,-35
111000924,47,976,-929
111000925,2279,2752,-473
111000926,1070,2699,-1629
111000927,3100,6149,-3049
111000928,5341,4688,653
111000929,1258,1450,-192
111000930,968,3100,-2132
111000931,1857,2919,-1062
111000932,4942,2819,2123
111000933,4187,2515,1672
111000934,2656,3767,-1111
111000935,1637,1295,342
111000936,1427,2751,-1324
111000937,1059,1654,-595
111000938,1922,2671,-749
111000939,428,98,330
111000940,459,222,237
111000941,421,604,-183
111000943,327,329,-2
111000944,161,555,-394
111000945,125,2175,-2050
111001109,549,293,256
111001110,240,698,-458
111001111,53,12,41
111001112,244,31,213
111001113,5,241,-236
111001114,1732,160,1572
111001115,144,443,-299
111001116,6498,5262,1236
111001117,777,3714,-2937
111001120,121,375,-254
111001121,214,431,-217
111001122,277,705,-428
111001123,211,174,37
111001124,140,285,-145
111001125,8,139,-131
111001126,3,2,1
111001127,0,98,-98
111001128,561,686,-125
111900001,3,324,-321
111900002,6,994,-988
111900003,0,444,-444
111900004,44,129,-85
111900006,10,33,-23
111900007,64,2,62
111900008,124,1,123
111900009,110,4,106
111900010,300,507,-207
111900012,68,127,-59
111900013,9,59,-50
111900014,6282,2914,3368
111900015,0,85,-85
111900016,1,166,-165
111900017,0,184,-184
111900018,278,7,271
111900019,5,73,-68
111900020,7,73,-66
111900021,36,155,-119
111900022,24,111,-87
111900023,132,130,2
111900024,19,84,-65
111900025,0,45,-45
111900026,1,102,-101
111900027,3,216,-213
111900028,15,483,-468
111900029,0,156,-156
111900030,90,358,-268
111900032,2,370,-368
111900033,3,132,-129
111900034,382,653,-271
111900035,70,276,-206
111900036,0,340,-340
111900038,334,640,-306
111900039,64,534,-470
111900040,5,680,-675
111900042,29,165,-136
111900043,4,423,-419
111900044,372,335,37
111900046,37,185,-148
111900048,84,580,-496
111900049,52,246,-194
111900050,139,17,122
111900051,1,140,-139
111900052,542,611,-69
111900053,1370,929,441
111900054,88,4,84
111900055,16,289,-273
111900056,220,203,17
111900057,82,81,1
111900058,328,714,-386
111900059,2772,509,2263
111900060,366,2,364
111900061,11,147,-136
111900062,15,60,-45
111900063,309,244,65
111900064,86,160,-74
111900065,84,27,57
111900066,120,165,-45
111900067,2,393,-391
111900068,39,46,-7
111900069,64,23,41
111900070,91,151,-60
111900071,1,252,-251
111900072,24,12,12
111900073,562,111,451
111900074,6,130,-124
111900075,51,3,48
111900076,101,41,60
111900077,22,0,22
111900078,193,18,175
111900079,42,42,0
111900080,251,231,20
111900082,68,12,56
111900083,111,6,105
111900084,98,7,91
111900085,36,108,-72
111900086,16,1,15
111900087,37,1,36
111900088,427,6,421
111900089,65,2,63
111900090,60,39,21
111900091,84,2,82
111900092,83,0,83
111900093,331,11,320
111900094,79,0,79
111900095,170,37,133
111900096,66,1,65
111900097,41,1,40
111900098,154,1,153
111900099,57,0,57
111900100,112,5,107
111900101,137,61,76
111900102,444,707,-263
111900103,46,53,-7
111900104,183,54,129
111900105,356,163,193
111900106,1236,63,1173
111900110,2148,382,1766
111900111,127,154,-27
111900112,685,2103,-1418
111900113,368,108,260
111900118,283,69,214
111900119,312,142,170
111900122,107,87,20
111900123,16,40,-24
111900124,25,165,-140
111900125,439,25,414
111900126,244,1,243
111900127,1,718,-717
111900128,0,673,-673
111900129,307,114,193
111900130,159,18,141
111900131,341,0,341
111900132,36,1251,-1215
111900133,35,487,-452
111900134,16,295,-279
111900135,5,37,-32
111900136,82,146,-64
111900137,73,104,-31
111900138,16,132,-116
111900139,22,190,-168
111900140,60,21,39
111900141,57,13,44
111900142,52,44,8
111900143,19,179,-160
111900144,0,152,-152
111900145,1,549,-548
111900146,3,283,-280
111900147,161,507,-346
111900148,32,780,-748
111900149,0,364,-364
111900150,17,174,-157
111900151,5,15,-10
111900152,120,63,57
111900153,1834,455,1379
111900154,11,165,-154
111900155,44,87,-43
111900156,34,77,-43
111900157,74,8,66
111900158,476,40,436
111900159,286,8,278
111900160,232,0,232
111900161,143,5,138
111900162,898,490,408
111900163,75,262,-187
111900164,90,56,34
111901113,341,280,61
111901114,161,257,-96
111901115,49,1,48
111901116,19,0,19
111901117,16,21,-5
111901118,147,163,-16
111901119,975,51,924
111901121,223,226,-3
111901122,2,587,-585
111901123,101,335,-234
111901124,116,2,114
111901125,299,241,58
111901127,778,325,453
111901129,6,86,-80
111901130,38,337,-299
111901131,2,291,-289
111901132,248,25,223
111901133,34,0,34
111901134,39,1,38
111901135,12,15,-3
111901136,22,43,-21
111901138,177,41,136
111901139,89,52,37
111901140,6,97,-91
111901141,11,194,-183
111901142,25,267,-242
111901143,13,291,-278
111901144,62,39,23
111901145,276,308,-32
111901146,566,28,538
111901147,822,252,570
111901148,22,79,-57
111901149,13,3,10
111901150,45,0,45
111901151,0,0,0
111901152,6,54,-48
112000001,1615,917,698
112000002,919,2727,-1808
112000003,1115,1102,13
112000004,784,1372,-588
112000005,2771,3087,-316
112000006,2408,2302,106
112000007,2577,1964,613
112000008,2939,4408,-1469
112000009,4229,4380,-151
112000010,3147,3047,100
112000011,2431,2357,74
112000012,5718,2907,2811
112000013,6710,3388,3322
112000014,4787,992,3795
112000015,4864,3179,1685
112000016,9575,1175,8400
112000017,4107,1706,2401
112000024,2770,1015,1755
112000026,4728,5691,-963
112000027,1092,608,484
112000028,2215,1746,469
112000029,373,730,-357
112000030,222,113,109
112000031,1822,4424,-2602
112000032,521,61,460
112000033,2795,1260,1535
112000034,484,62,422
112000035,161,273,-112
112000036,1500,787,713
112000037,1563,679,884
112000038,1344,911,433
112000039,68,111,-43
112000040,156,255,-99
112000041,750,576,174
112000042,1330,354,976
112000050,1396,2196,-800
112000051,1034,1456,-422
112000054,2081,2755,-674
112000057,469,477,-8
112000058,381,608,-227
112000059,499,1003,-504
112000061,4238,2480,1758
112000062,1643,647,996
112000063,1496,1825,-329
112000064,4911,6615,-1704
112000065,2420,2949,-529
112000066,4031,1668,2363
112000067,872,782,90
112000068,3716,2526,1190
112000069,1140,1885,-745
112000070,2394,1115,1279
112000071,1224,2892,-1668
112000072,2275,1073,1202
112000073,1922,2038,-116
112000074,1695,1061,634
112000075,1665,1462,203
112000076,3917,3096,821
112000077,459,723,-264
112000078,1827,691,1136
112000079,1321,1512,-191
112000080,722,1046,-324
112000081,1681,2497,-816
112000082,1516,1076,440
112000083,676,1404,-728
112000084,1393,1094,299
112000085,1618,1366,252
112000086,2180,1739,441
112000087,372,874,-502
112000088,602,807,-205
112000089,357,387,-30
112000090,337,378,-41
112000091,691,1192,-501
112000092,1663,1314,349
112000093,1576,1029,547
112000094,557,1146,-589
112000095,691,848,-157
112000096,488,888,-400
112000097,1059,602,457
112000098,991,1449,-458
112000099,653,1272,-619
112000100,1560,1099,461
112000101,543,1133,-590
112000102,989,688,301
112000103,342,1317,-975
112000105,720,2388,-1668
112000106,1605,680,925
112000107,88,207,-119
112000108,359,2183,-1824
112000109,177,176,1
112000110,2240,782,1458
112000111,1417,3501,-2084
112000112,5341,698,4643
112000113,993,2034,-1041
112000114,2830,1144,1686
112000115,426,597,-171
112000116,580,1204,-624
112000117,1429,1249,180
112000118,1309,1094,215
112000119,583,1057,-474
112000120,105,442,-337
112000121,133,655,-522
112000122,285,172,113
112000123,536,174,362
112000124,297,85,212
112000125,240,216,24
112000126,216,769,-553
112000127,2476,1822,654
112000128,1083,665,418
112000129,131,127,4
112000130,155,109,46
112000131,86,399,-313
112000132,107,313,-206
112000133,422,339,83
112000134,457,450,7
112000135,1206,753,453
112000136,1250,1413,-163
112000137,2389,1699,690
112000138,2686,1328,1358
112000139,1287,549,738
112000140,1364,1285,79
112000141,885,390,495
112000142,346,769,-423
112000143,1052,255,797
112000144,386,1531,-1145
112000145,2276,786,1490
112000146,733,2617,-1884
112000147,2370,1785,585
112000148,1770,2963,-1193
112000149,412,819,-407
112000150,371,794,-423
112000151,365,499,-134
112000152,320,492,-172
112000153,179,300,-121
112000154,153,231,-78
112000155,190,119,71
112000157,893,599,294
112000158,237,697,-460
112000159,523,429,94
112000167,327,92,235
112000169,455,497,-42
112000173,567,214,353
112000175,435,438,-3
112000176,3930,2380,1550
112000177,599,155,444
112000178,94,583,-489
112000179,199,116,83
112000180,272,395,-123
112000181,1424,2127,-703
112000182,855,2074,-1219
112000183,57,76,-19
112000184,383,544,-161
112000185,494,707,-213
112000187,3816,2308,1508
112000195,165,18,147
112000196,246,1,245
112000197,190,109,81
112000198,34,300,-266
112000199,1240,1123,117
112000202,400,69,331
112000216,58,243,-185
112000230,84,10,74
112000231,3,269,-266
112000256,49,260,-211
112000313,101,127,-26
112000314,69,34,35
112000337,318,634,-316
112000352,545,364,181
112000392,1548,1420,128
112000398,1231,930,301
112000399,3951,2382,1569
112000400,1895,4525,-2630
112000401,3110,3070,40
112000402,2901,2903,-2
112000403,3131,3336,-205
112000404,879,838,41
112000405,1796,3059,-1263
112000406,4114,3547,567
112000407,6275,8355,-2080
112000408,9348,8476,872
112000409,1925,6248,-4323
112000410,421,222,199
112000411,4847,1620,3227
112000412,1450,503,947
112000413,10414,4924,5490
112000414,81,145,-64
112000415,97,67,30
112000416,2351,1709,642
112000417,266,96,170
112000421,51,145,-94
112000422,367,466,-99
112000424,2948,2828,120
112000425,456,1423,-967
112000426,115,378,-263
112000427,1,10,-9
112000428,251,401,-150
112000429,2706,3634,-928
112000430,2894,3565,-671
112000431,99,162,-63
112000432,566,1750,-1184
112000433,495,932,-437
112000437,60,292,-232
112900001,58,2,56
112900002,419,1415,-996
112900003,57,462,-405
112900004,35,308,-273
112900005,234,258,-24
112900007,27,231,-204
112900008,0,39,-39
112900009,300,130,170
112900010,304,843,-539
112900011,303,337,-34
112900012,2,46,-44
112900013,5,211,-206
112900014,1,301,-300
112900015,331,743,-412
112900016,1,285,-284
112900017,32,294,-262
112900018,155,901,-746
112900019,71,214,-143
112900020,400,1217,-817
112900021,4,306,-302
112900022,5,90,-85
112900023,2,223,-221
112900024,25,241,-216
112900025,97,348,-251
112900026,8,302,-294
112900027,8,1443,-1435
112900028,29,128,-99
112900029,15,760,-745
112900030,277,244,33
112900031,6,545,-539
112900032,186,302,-116
112900034,0,54,-54
112900035,7,569,-562
112900036,28,165,-137
112900037,193,240,-47
112900038,527,150,377
112900039,26,387,-361
112900040,9,371,-362
112900041,1024,1110,-86
112900042,76,391,-315
112900043,34,49,-15
112900044,719,466,253
112900045,512,368,144
112900046,254,86,168
112900047,13,16,-3
112900049,188,88,100
112900050,64,493,-429
112900051,330,721,-391
112900052,4,987,-983
112900053,402,104,298
112900054,240,52,188
112900055,119,28,91
112900056,386,174,212
112900057,35,646,-611
112900058,306,360,-54
112900059,154,188,-34
112900060,11,195,-184
112900061,63,142,-79
112900062,110,155,-45
112900063,164,10,154
112900064,199,268,-69
112900065,46,22,24
112900066,175,149,26
112900067,540,182,358
112900068,51,39,12
112900069,2363,836,1527
112900071,34,6,28
112900072,315,1916,-1601
112900073,475,77,398
112900074,88,286,-198
112900075,1707,973,734
112900076,125,21,104
112900078,239,371,-132
112900079,258,37,221
112900080,41,4,37
112900081,54,175,-121
112900082,461,24,437
112900083,105,73,32
112900084,195,121,74
112900086,122,0,122
112900087,651,133,518
112900088,123,44,79
112900089,605,28,577
112900090,41,26,15
112900091,230,31,199
112900092,134,267,-133
112900093,1345,13,1332
112900095,52,0,52
112900096,387,133,254
112900097,78,364,-286
112900098,89,2,87
112900099,837,7,830
112900100,59,2,57
112900101,254,8,246
112900102,233,6,227
112900103,175,3,172
112900104,582,3,579
112900105,21,0,21
112900106,493,139,354
112900107,5,3,2
112900108,168,1,167
112900109,91,1,90
112900110,861,10,851
112900111,749,5,744
112900112,319,2,317
112900113,0,13,-13
112900114,88,40,48
112900115,1025,2,1023
112900116,95,32,63
112900117,216,122,94
112900118,28,113,-85
112900119,163,3,160
112900120,839,240,599
112900121,247,239,8
112900122,14,107,-93
112900123,208,24,184
112900124,17,116,-99
112900125,27,314,-287
112900126,183,277,-94
112900127,315,100,215
112900128,432,829,-397
112900129,5,967,-962
112900130,292,62,230
112900131,79,266,-187
112900132,108,606,-498
112900133,29,1259,-1230
112900134,3,255,-252
112900135,114,29,85
112900137,43,790,-747
112900138,5,348,-343
112900139,244,1133,-889
112900141,744,33,711
112900142,93,131,-38
112900143,43,641,-598
112900144,10,1201,-1191
112900145,82,486,-404
112900146,13,1442,-1429
112900147,5,2440,-2435
112900148,51,1,50
112900149,239,568,-329
112900151,23,67,-44
112900152,5299,1112,4187
112900153,2108,1951,157
112900154,0,159,-159
112900155,187,45,142
112900156,317,1374,-1057
112900157,357,247,110
112900158,60,20,40
112900159,168,99,69
112900160,57,259,-202
112900161,144,43,101
112900162,24,37,-13
112900163,133,45,88
112900164,25,156,-131
112900165,122,20,102
112900166,32,56,-24
112900167,4,68,-64
112900168,4,1,3
112900169,15,11,4
112900170,77,110,-33
112900172,60,7,53
112900173,232,106,126
112900174,313,75,238
112900175,171,176,-5
112900176,11,28,-17
112900177,309,50,259
112900178,701,2661,-1960
112900179,53,597,-544
112900180,1824,1844,-20
112900181,476,6,470
112900182,42,1363,-1321
112900183,132,266,-134
112900184,499,414,85
112900185,263,599,-336
112900186,1484,974,510
112900187,102,516,-414
112900188,734,283,451
112900189,3,40,-37
112900190,45,62,-17
112900192,577,539,38
112900193,1251,338,913
112900194,59,183,-124
112900195,928,34,894
112900196,186,388,-202
112900197,262,418,-156
112900199,374,391,-17
112900200,478,303,175
112900201,51,104,-53
112900202,397,992,-595
112900203,166,376,-210
112900204,1118,580,538
112900205,33,30,3
112900206,20,77,-57
112900207,12,1,11
112900208,83,303,-220
112900209,638,354,284
112900210,0,47,-47
112900211,65,135,-70
112900212,2,166,-164
112900213,39,13,26
112900214,29,14,15
112900215,7,231,-224
112900216,50,76,-26
112900217,0,69,-69
112900218,35,10,25
112900219,45,34,11
112900220,5,0,5
112900221,23,168,-145
112900222,0,35,-35
112900223,950,8,942
112900224,255,645,-390
112900225,462,467,-5
112900226,184,295,-111
112900227,343,1061,-718
112900228,50,40,10
112900229,165,62,103
112900230,7244,4217,3027
112900232,238,230,8
112900233,75,212,-137
112900234,6,95,-89
112900235,101,22,79
112900236,171,9,162
112900237,262,396,-134
112900238,5,52,-47
112900239,1168,482,686
112900240,11,111,-100
112900241,7,163,-156
112900242,7,232,-225
112900243,9,224,-215
112900244,2,85,-83
112900245,5,50,-45
112900246,1,14,-13
112900247,137,34,103
112900248,16,2,14
112900249,49,5,44
112900250,91,30,61
112900251,62,10,52
112900252,95,28,67
112900253,49,8,41
112900254,7,7,0
112900255,0,29,-29
112900256,9,33,-24
112900257,15,36,-21
112900258,16,21,-5
113000001,5790,7944,-2154
113000002,4050,4701,-651
113000003,1949,3177,-1228
113000004,2192,3496,-1304
113000005,1949,1436,513
113000006,1173,1993,-820
113000007,2269,1653,616
113000008,2191,2408,-217
113000009,955,1113,-158
113000010,1270,2115,-845
113000011,771,1608,-837
113000012,1406,1070,336
113000013,2357,767,1590
113000014,2143,1594,549
113000015,893,213,680
113000016,553,558,-5
113000017,62,362,-300
113000018,793,55,738
113000019,145,240,-95
113000020,536,36,500
113000021,2204,835,1369
113000022,648,1421,-773
113000025,260,434,-174
113000026,679,468,211
113000027,1459,536,923
113000028,1102,439,663
113000029,801,837,-36
113000030,488,658,-170
113000031,278,393,-115
113000032,278,328,-50
113000033,229,412,-183
113000034,424,384,40
113000035,24,45,-21
113000036,21,60,-39
113000037,109,37,72
113000038,13,58,-45
113000039,86,588,-502
113000040,70,126,-56
113000042,885,663,222
113000051,890,3167,-2277
113000052,2393,1369,1024
113000053,444,634,-190
113000054,300,1058,-758
113000055,1258,961,297
113000056,951,1377,-426
113000058,885,989,-104
113000059,1205,748,457
113000060,221,605,-384
113000061,607,1082,-475
113000062,1290,260,1030
113000063,206,187,19
113000064,45,442,-397
113000065,172,1207,-1035
113000066,704,137,567
113000067,1808,1557,251
113000068,496,1954,-1458
113000069,654,1682,-1028
113000070,2175,1154,1021
113000071,323,732,-409
113000072,756,524,232
113000073,552,1773,-1221
113000074,1150,612,538
113000075,2404,908,1496
113000076,1065,2149,-1084
113000077,1557,619,938
113000078,912,2603,-1691
113000079,1236,934,302
113000080,1133,743,390
113000081,791,980,-189
113000082,1384,917,467
113000083,542,1120,-578
113000084,1869,1342,527
113000085,871,864,7
113000086,1465,1394,71
113000087,1033,1158,-125
113000088,2583,1558,1025
113000089,1016,1980,-964
113000090,290,734,-444
113000091,690,396,294
113000094,1479,288,1191
113000095,305,1030,-725
113000096,141,811,-670
113000097,1317,423,894
113000098,124,49,75
113000099,1332,395,937
113000100,177,455,-278
113000101,433,599,-166
113000102,780,422,358
113000103,3132,679,2453
113000104,434,3234,-2800
113000105,780,440,340
113000106,407,692,-285
113000107,923,1031,-108
113000108,1114,1723,-609
113000109,787,5039,-4252
113000110,1651,545,1106
113000111,348,1151,-803
113000112,421,522,-101
113000113,1507,561,946
113000114,424,1961,-1537
113000116,747,386,361
113000117,987,139,848
113000118,246,667,-421
113000119,417,331,86
113000120,90,327,-237
113000121,909,924,-15
113000124,284,154,130
113000125,63,911,-848
113000127,3245,457,2788
113000128,507,614,-107
113000129,488,1150,-662
113000133,3489,1859,1630
113000134,7,1633,-1626
113000135,4171,5418,-1247
113000137,2109,3278,-1169
113000139,394,214,180
113000140,129,325,-196
113000141,366,184,182
113000142,855,1123,-268
113000143,298,191,107
113000144,387,908,-521
113000145,66,174,-108
113000146,148,120,28
113000147,141,119,22
113000148,102,141,-39
113000149,93,148,-55
113000150,458,414,44
113000151,116,76,40
113000152,20,132,-112
113000153,1678,563,1115
113000154,649,1748,-1099
113000155,267,623,-356
113000156,168,417,-249
113000157,322,1022,-700
113000158,685,257,428
113000159,857,778,79
113000160,688,1321,-633
113000161,250,549,-299
113000162,669,513,156
113000163,117,90,27
113000164,49,103,-54
113000166,149,114,35
113000167,50,169,-119
113000168,83,181,-98
113000169,119,64,55
113000170,101,130,-29
113000171,69,122,-53
113000172,228,80,148
113000173,55,29,26
113000174,121,584,-463
113000175,406,140,266
113000176,452,213,239
113000177,207,491,-284
113000178,196,420,-224
113000179,327,213,114
113000180,875,1716,-841
113000181,1655,1297,358
113000182,310,684,-374
113000183,243,657,-414
113000184,33,93,-60
113000189,539,1071,-532
113000190,1255,689,566
113000192,2584,1669,915
113000193,5818,1328,4490
113000194,2734,1223,1511
113000195,2695,788,1907
113000196,456,94,362
113000197,2005,1263,742
113000198,75,367,-292
113000199,1676,331,1345
113000201,1807,338,1469
113000202,4261,3773,488
113000203,431,307,124
113000204,2131,1718,413
113000205,18,18,0
113000206,32,34,-2
113000207,55,18,37
113000208,22,52,-30
113000209,29,25,4
113000210,4,24,-20
113000211,360,292,68
113000212,256,44,212
113000213,67,333,-266
113000214,221,510,-289
113000234,237,1128,-891
113000410,620,274,346
113000411,3423,5278,-1855
113000412,9726,3412,6314
113000413,3880,3673,207
113000414,9448,15842,-6394
113000415,2889,3887,-998
113000416,10262,5093,5169
113000417,3021,3862,-841
113000418,5059,3713,1346
113000419,1624,1900,-276
113000420,4255,5729,-1474
113000421,4412,7213,-2801
113000422,14834,12877,1957
113000423,2690,5620,-2930
113000424,4256,12378,-8122
113000425,17,138,-121
113000428,207,51,156
113000430,54,88,-34
113000432,2824,221,2603
113000433,134,966,-832
113000434,29,155,-126
113000435,40,674,-634
113000436,66,1260,-1194
113000437,902,27,875
113000438,281,10,271
113000439,40,172,-132
113000440,180,26,154
113000441,192,323,-131
113000442,187,225,-38
113000443,245,342,-97
113000444,246,322,-76
113000445,121,140,-19
113000446,28,125,-97
113000448,391,210,181
113000449,318,2034,-1716
113000450,820,6926,-6106
113000451,1891,220,1671
113000452,625,1067,-442
113000453,123,367,-244
113000454,3238,100,3138
113000455,113,251,-138
113000456,4391,2891,1500
113000468,2402,306,2096
113000469,345,152,193
113000470,463,53,410
113000471,10,665,-655
113000472,138,430,-292
113000474,570,778,-208
113000475,1901,2376,-475
113000476,1561,2127,-566
113000477,2921,2603,318
113000478,4837,7471,-2634
113000479,63,304,-241
113000484,0,0,0
113000485,6,0,6
113000486,68,0,68
113000487,4,9,-5
113000488,3,3,0
113000489,4,3,1
113000490,0,1,-1
113000491,9,57,-48
113000492,3,13,-10
113000493,12,2,10
113000495,263,200,63
113000496,156,231,-75
113000499,0,0,0
113900001,4,396,-392
113900002,0,217,-217
113900003,2,160,-158
113900004,4,93,-89
113900005,1,106,-105
113900006,11,63,-52
113900007,322,1,321
113900008,449,4,445
113900009,770,6,764
113900010,804,9,795
113900011,142,4,138
113900012,85,3,82
113900013,2150,26,2124
113900014,795,4,791
113900015,4,59,-55
113900016,37,0,37
113900017,2,56,-54
113900018,474,190,284
113900019,84,37,47
113900020,134,1,133
113900022,6,0,6
113900023,72,0,72
113900024,54,90,-36
113900025,275,21,254
113900026,19,0,19
113900027,5,65,-60
113900028,17,451,-434
113900029,44,231,-187
113900030,245,1,244
113900031,2,0,2
113900032,30,0,30
113900033,114,77,37
113900035,46,1,45
113900036,22,113,-91
113900037,78,522,-444
113900038,82,120,-38
113900039,125,7,118
113900040,3,0,3
113900041,7,1,6
113900042,123,53,70
113900043,282,132,150
113900044,508,278,230
113900045,83,3,80
113900046,248,624,-376
113900047,55,127,-72
113900048,325,89,236
113900049,743,334,409
113900050,298,372,-74
113900051,255,448,-193
113900052,143,196,-53
113900053,563,659,-96
113900054,25,2,23
113900055,96,435,-339
113900056,45,186,-141
113900057,22,80,-58
113900058,61,196,-135
113900059,210,359,-149
113900060,108,179,-71
113900061,1016,254,762
113900062,97,17,80
113900063,70,142,-72
113900064,13,134,-121
113900065,652,22,630
113900066,337,394,-57
113900067,147,348,-201
113900068,532,482,50
113900069,18,35,-17
113900070,204,474,-270
113900071,57,64,-7
113900072,96,252,-156
113900073,216,495,-279
113900074,278,389,-111
113900075,1331,1391,-60
113900076,117,8,109
113900077,47,197,-150
113900078,44,53,-9
113900079,0,33,-33
113900080,453,251,202
113900081,73,282,-209
113900082,133,290,-157
113900083,189,547,-358
113900084,288,105,183
113900085,36,305,-269
113900086,19,23,-4
113900087,64,188,-124
113900088,62,95,-33
113900089,508,58,450
113900090,640,362,278
113900091,16,11,5
113900092,51,123,-72
113900093,93,732,-639
113900094,352,398,-46
113900095,116,119,-3
113900096,190,45,145
113900097,22,128,-106
113900098,614,103,511
113900099,0,55,-55
113900100,0,3,-3
113900101,18,56,-38
113900102,159,140,19
113900103,294,271,23
113900104,170,250,-80
113900105,93,385,-292
113900106,2,68,-66
113900107,3,25,-22
113900108,305,251,54
113900109,371,193,178
113900110,45,18,27
113900111,186,105,81
113900112,211,147,64
113900113,821,514,307
113900114,0,92,-92
113900115,1,102,-101
113900116,110,155,-45
113900117,164,28,136
113900118,231,376,-145
113900119,259,515,-256
113900120,67,19,48
113900121,49,82,-33
113900122,315,2046,-1731
113900123,421,248,173
113900124,2,80,-78
113900125,1309,147,1162
113900126,144,74,70
113900127,230,602,-372
113900128,168,56,112
113900129,13,144,-131
113900130,1,22,-21
113900131,216,105,111
113900132,99,55,44
113900133,17,67,-50
113900135,380,452,-72
113900136,110,75,35
113900137,483,306,177
113900138,74,117,-43
113900139,459,139,320
113900140,355,339,16
113900141,443,440,3
113900142,110,71,39
113900143,5,41,-36
113900144,418,224,194
113900145,377,210,167
113900146,115,58,57
113900148,207,332,-125
113900149,179,110,69
113900150,765,577,188
113900151,325,178,147
113900152,20,49,-29
113900153,355,610,-255
113900154,2,114,-112
113900155,207,166,41
113900156,303,495,-192
113900157,55,266,-211
113900158,465,325,140
113900159,25,282,-257
113900160,590,682,-92
113900161,50,233,-183
113900162,613,663,-50
113900163,360,271,89
113900164,199,50,149
113900165,719,487,232
113900166,236,159,77
113900167,238,46,192
113900168,153,120,33
113900169,192,383,-191
113900171,163,65,98
113900172,4,245,-241
113900173,58,688,-630
113900174,490,649,-159
113900175,339,111,228
113900176,311,646,-335
113900177,366,208,158
113900178,305,113,192
113900179,23,553,-530
113900180,152,113,39
113900181,800,140,660
113900182,653,909,-256
113900183,67,77,-10
113900184,14,601,-587
113900185,191,90,101
113900186,19,46,-27
113900187,36,153,-117
113900188,43,118,-75
113900189,235,91,144
113900190,383,119,264
113900191,92,160,-68
113900192,2037,1664,373
113900193,30,239,-209
113900194,1826,1256,570
113900195,410,394,16
113900196,3,85,-82
113900197,2,261,-259
113900198,18,197,-179
113900199,143,711,-568
113900200,25,280,-255
113900201,0,224,-224
113900202,31,305,-274
113900203,9,165,-156
113900204,53,565,-512
113900205,4,173,-169
113900206,7,148,-141
113900207,0,79,-79
113900208,0,53,-53
113900209,2,115,-113
113900210,893,694,199
113900211,147,78,69
113900212,202,514,-312
113900214,494,487,7
113900215,36,103,-67
113900216,102,1122,-1020
113900217,72,268,-196
113900218,140,71,69
113900219,125,371,-246
113900220,145,148,-3
113900221,364,183,181
113900222,1061,688,373
113900223,130,1210,-1080
113900224,111,82,29
113900225,617,234,383
113900226,300,122,178
113900227,391,201,190
113900228,376,428,-52
113900229,50,722,-672
113900230,4398,2558,1840
113900231,216,209,7
113900232,67,126,-59
113900233,82,59,23
113900234,294,502,-208
113900235,93,34,59
113900236,67,316,-249
113900237,124,7,117
113900238,278,612,-334
113900239,82,88,-6
113900240,1,112,-111
113900241,158,43,115
113900242,53,143,-90
113900243,107,467,-360
113900244,429,244,185
113900245,1456,320,1136
113900246,32,19,13
113900247,142,418,-276
113900248,3213,2010,1203
113900249,1048,429,619
113900250,66,217,-151
113900251,611,252,359
113900252,460,14,446
113900253,735,58,677
113900254,937,150,787
113900255,450,10,440
113900256,456,36,420
113900257,31,712,-681
113900258,13,469,-456
113900259,511,237,274
113900260,126,9,117
113900261,56,134,-78
113900262,181,655,-474
113900263,163,703,-540
113900264,8,557,-549
113900265,155,261,-106
113900266,45,203,-158
113900267,123,545,-422
113900268,252,389,-137
113900269,79,176,-97
113900270,365,452,-87
113900271,531,1292,-761
113900273,93,14,79
113900274,141,38,103
113900275,35,70,-35
113900276,8,239,-231
113900277,135,4,131
113900278,289,139,150
113900279,114,114,0
113900280,1521,530,991
113900281,511,1279,-768
113900282,1218,645,573
113900283,473,493,-20
113900284,994,242,752
113900285,125,19,106
113900286,8,120,-112
113900287,42,36,6
113900288,4,421,-417
113900289,1281,139,1142
113900290,501,201,300
113900291,117,225,-108
113900292,5,5,0
113900293,24,275,-251
113900294,540,23,517
113900295,455,487,-32
113900296,1428,268,1160
113900297,2039,29,2010
113900298,18,1787,-1769
113900299,58,284,-226
113900300,3529,2001,1528
113900301,976,341,635
113900302,2654,1098,1556
113900303,521,417,104
113900304,4,166,-162
113900305,92,0,92
113900306,12,1,11
113900307,150,0,150
113900308,73,117,-44
113900309,2,885,-883
113900310,0,9,-9
113900311,4,1,3
113900312,211,185,26
113900313,16,11,5
113900314,1,30,-29
113900315,53,0,53
114000001,1051,3488,-2437
114000002,277,499,-222
114000003,240,1155,-915
114000004,343,339,4
114000005,319,244,75
114000006,3469,3021,448
114000007,727,1581,-854
114000008,1727,1820,-93
114000009,683,254,429
114000011,2611,3489,-878
114000012,2252,2488,-236
114000013,1624,2061,-437
114000014,901,685,216
114000015,1807,555,1252
114000016,221,442,-221
114000017,165,344,-179
114000018,451,73,378
114000026,1550,1635,-85
114000027,3036,2373,663
114000028,2468,2921,-453
114000038,239,145,94
114000039,239,294,-55
114000040,79,216,-137
114000042,203,295,-92
114000043,403,300,103
114000044,307,253,54
114000045,68,88,-20
114000046,3586,5627,-2041
114000047,40,107,-67
114000048,159,137,22
114000049,1831,2034,-203
114000050,1903,2821,-918
114000051,3756,2265,1491
114000052,4747,1566,3181
114000053,74,606,-532
114000054,153,1041,-888
114000055,475,22,453
114000056,1253,904,349
114000057,7875,2473,5402
114000058,570,1452,-882
114000059,307,369,-62
114000060,862,1091,-229
114000061,4297,2571,1726
114000062,2500,1271,1229
114000063,3457,2088,1369
114000064,6681,3927,2754
114000065,1816,2905,-1089
114000066,508,846,-338
114000067,20,653,-633
114000068,563,734,-171
114000069,1039,596,443
114000070,2588,1870,718
114000071,710,524,186
114000072,446,289,157
114000073,24,116,-92
114000074,69,14,55
114000075,79,129,-50
114000076,14,142,-128
114000077,11,39,-28
114000078,319,765,-446
114000079,127,31,96
114000080,84,105,-21
114000081,68,78,-10
114000082,78,615,-537
114000083,50,308,-258
114000084,269,69,200
114000085,140,650,-510
114000086,224,530,-306
114000087,87,172,-85
114000088,41,65,-24
114000089,1435,461,974
114000090,816,882,-66
114000091,1513,966,547
114000092,1047,558,489
114000093,1214,985,229
114000094,674,493,181
114000095,392,154,238
114000096,235,481,-246
114000097,126,766,-640
114000098,476,107,369
114000099,655,918,-263
114000100,1180,768,412
114000101,451,1007,-556
114000102,535,453,82
114000103,188,473,-285
114000104,25,267,-242
114000105,146,82,64
114000106,973,907,66
114000107,286,127,159
114000108,3667,1479,2188
114000109,527,1552,-1025
114000110,606,1881,-1275
114000111,1491,734,757
114000112,539,3016,-2477
114000113,1465,457,1008
114000114,1233,2072,-839
114000115,2487,1038,1449
114000116,714,1470,-756
114000117,2594,452,2142
114000118,2425,550,1875
114000119,1770,472,1298
114000120,630,1035,-405
114000121,655,765,-110
114000122,605,416,189
114000123,1740,403,1337
114000124,886,334,552
114000125,894,1861,-967
114000126,1797,236,1561
114000127,237,242,-5
114000128,918,513,405
114000130,736,633,103
114000131,367,128,239
114000132,668,760,-92
114000133,969,1760,-791
114000134,70,187,-117
114000138,50,246,-196
114000139,629,254,375
114000144,725,528,197
114000145,96,204,-108
114000146,107,272,-165
114000147,1371,1647,-276
114000148,2419,1968,451
114000149,419,307,112
114000150,2252,1605,647
114000151,2311,1842,469
114000152,163,34,129
114000153,1418,2702,-1284
114000154,1076,1125,-49
114000155,1425,2831,-1406
114000156,1274,586,688
114000157,339,1215,-876
114000158,2125,853,1272
114000159,224,518,-294
114000160,115,328,-213
114000161,1955,2699,-744
114000162,1044,2208,-1164
114000163,9,150,-141
114000165,557,274,283
114000166,863,402,461
114000167,4252,1637,2615
114000168,821,664,157
114000169,1665,1166,499
114000170,1294,1097,197
114000171,1129,3318,-2189
114000174,193,466,-273
114000176,684,450,234
114000177,2442,872,1570
114000178,52,66,-14
114000179,1424,1031,393
114000180,531,750,-219
114000181,1699,3682,-1983
114000182,4734,2475,2259
114000183,1005,1186,-181
114000184,6505,1585,4920
114000185,1056,948,108
114000189,838,107,731
114000190,2190,296,1894
114000191,49,61,-12
114000192,355,1645,-1290
114000193,799,3246,-2447
114000194,1540,1273,267
114000195,143,14,129
114000196,2,303,-301
114000197,1142,147,995
114000198,1305,446,859
114000199,2488,1718,770
114000200,829,2126,-1297
114000201,243,998,-755
114000202,1195,934,261
114000203,705,1032,-327
114000204,202,506,-304
114000205,273,1865,-1592
114000206,555,1630,-1075
114000207,825,2222,-1397
114000208,434,3515,-3081
114000209,666,3070,-2404
114000210,378,1771,-1393
114000211,1233,1875,-642
114000212,645,933,-288
114000213,1592,688,904
114000214,111,200,-89
114000215,196,97,99
114000216,1644,447,1197
114000217,274,373,-99
114000218,164,336,-172
114000219,1496,295,1201
114000220,65,1393,-1328
114000221,749,204,545
114000222,192,1351,-1159
114000223,445,141,304
114000224,89,833,-744
114000225,296,698,-402
114000226,140,304,-164
114000227,999,658,341
114000228,846,985,-139
114000229,1012,1507,-495
114000230,1726,1577,149
114000231,957,1457,-500
114000232,662,140,522
114000233,1961,119,1842
114000234,1600,1018,582
114000235,1272,1840,-568
114000236,1,566,-565
114000237,93,1105,-1012
114000238,166,278,-112
114000239,192,1462,-1270
114000240,806,841,-35
114000241,277,1176,-899
114000242,1178,1138,40
114000243,1594,947,647
114000244,695,472,223
114000245,342,694,-352
114000246,208,44,164
114000247,837,842,-5
114000248,1031,695,336
114000249,537,683,-146
114000250,398,800,-402
114000251,269,363,-94
114000252,73,96,-23
114000253,63,193,-130
114000254,50,77,-27
114000255,936,257,679
114000256,2034,1578,456
114000257,895,1903,-1008
114000258,352,404,-52
114000259,154,293,-139
114000260,0,35,-35
114000261,60,35,25
114000262,103,144,-41
114000263,20,4,16
114000264,965,489,476
114000265,0,1,-1
114000267,1,2177,-2176
114000268,0,1688,-1688
114000270,201,3,198
114000271,777,73,704
114000283,1232,431,801
114000285,33,277,-244
114000288,81,405,-324
114000289,1408,231,1177
114000293,133,538,-405
114000294,192,317,-125
114000395,2333,127,2206
114000396,544,489,55
114000402,534,329,205
114000403,316,459,-143
114000405,137,634,-497
114000423,318,460,-142
114000424,357,199,158
114000425,602,573,29
114000426,354,953,-599
114000427,48,107,-59
114000428,296,183,113
114000429,12,200,-188
114000432,112,155,-43
114000434,54,88,-34
114000435,0,205,-205
114900001,621,1387,-766
114900002,583,92,491
114900003,658,1874,-1216
114900004,205,419,-214
114900005,516,957,-441
114900006,88,64,24
114900007,236,25,211
114900008,143,130,13
114900010,2752,2519,233
114900011,147,148,-1
114900013,230,151,79
114900018,830,22,808
114900020,269,123,146
114900022,5,707,-702
114900025,422,229,193
114900026,102,94,8
114900029,180,43,137
114900030,401,251,150
114900031,417,60,357
114900032,263,38,225
114900034,52,207,-155
114900035,157,295,-138
114900036,291,905,-614
114900039,583,621,-38
114900040,105,172,-67
114900041,679,638,41
114900042,864,798,66
114900044,161,22,139
114900047,236,1874,-1638
114900048,79,440,-361
114900049,34,314,-280
114900050,109,528,-419
114900051,20,360,-340
114900052,45,197,-152
114900053,56,316,-260
114900054,41,103,-62
114900057,216,13,203
114900058,1,85,-84
114900059,62,40,22
114900063,81,237,-156
114900064,1110,557,553
114900065,384,751,-367
114900067,96,413,-317
114900068,78,307,-229
114900069,219,142,77
114900070,551,529,22
114900072,15,282,-267
114900073,1,219,-218
114900074,498,791,-293
114900075,188,4,184
114900076,13,323,-310
114900080,2416,428,1988
114900082,4570,2179,2391
114900083,1387,1258,129
114900090,377,334,43
114900091,201,183,18
114900097,130,2,128
114900098,23,315,-292
114900099,214,12,202
115000001,8738,6051,2687
115000002,4289,4326,-37
115000003,5587,4882,705
115000004,4434,6541,-2107
115000005,1863,3002,-1139
115000006,1252,1843,-591
115000007,160,273,-113
115000008,508,643,-135
115000009,294,385,-91
115000010,454,188,266
115000013,81,283,-202
115000015,122,537,-415
115000016,74,240,-166
115000019,60,504,-444
115000020,169,565,-396
115000021,255,543,-288
115000022,544,351,193
115000023,343,520,-177
115000024,1024,449,575
115000025,772,666,106
115000026,164,401,-237
115000027,245,274,-29
115000028,168,783,-615
115000029,615,131,484
115000030,637,1016,-379
115000031,1256,247,1009
115000032,6,303,-297
115000033,232,38,194
115000034,148,1207,-1059
115000035,1142,87,1055
115000036,1,422,-421
115000037,645,19,626
115000038,74,251,-177
115000039,4067,2974,1093
115000040,6425,3862,2563
115000041,1665,3116,-1451
115000042,874,574,300
115000043,3431,2370,1061
115000044,3369,3803,-434
115000045,3073,2305,768
115000046,2198,2772,-574
115000047,2078,1992,86
115000048,1757,3138,-1381
115000049,1787,4092,-2305
115000050,3274,2288,986
115000051,1760,2981,-1221
115000052,3110,2249,861
115000053,1643,1909,-266
115000054,742,1579,-837
115000055,159,521,-362
115000056,262,411,-149
115000057,868,790,78
115000058,490,204,286
115000059,211,153,58
115000061,439,152,287
115000062,365,284,81
115000063,280,375,-95
115000064,291,144,147
115000065,50,589,-539
115000067,263,36,227
115000069,51,334,-283
115000070,58,1051,-993
115000071,200,12,188
115000072,5,87,-82
115000073,1586,72,1514
115000075,112,65,47
115000076,3857,3221,636
115000077,2029,3041,-1012
115000078,1327,1971,-644
115000079,1364,2266,-902
115000080,2185,2897,-712
115000081,511,1065,-554
115000082,3571,4002,-431
115000083,2101,2642,-541
115000084,2075,1380,695
115000085,771,1143,-372
115000086,1061,1003,58
115000087,471,1779,-1308
115000088,1731,711,1020
115000089,1689,1527,162
115000090,571,1197,-626
115000091,310,1212,-902
115000092,502,422,80
115000093,498,2,496
115000094,8172,5856,2316
115000095,6250,6065,185
115000096,632,2092,-1460
115000097,781,1024,-243
115000098,1095,929,166
115000099,2470,3317,-847
115000100,1072,527,545
115000101,563,1823,-1260
115000102,458,275,183
115000103,385,883,-498
115000105,59,223,-164
115000106,590,345,245
115000107,154,601,-447
115000108,4049,2945,1104
115000109,5363,4191,1172
115000110,1369,1437,-68
115000111,673,2003,-1330
115000112,679,712,-33
115000113,645,955,-310
115000114,1659,956,703
115000116,3187,1576,1611
115000117,3986,2956,1030
115000118,1975,1618,357
115000119,2116,2307,-191
115000120,663,1096,-433
115000121,1778,907,871
115000122,3593,1826,1767
115000123,1457,2040,-583
115000124,1035,913,122
115000125,543,739,-196
115000126,219,333,-114
115000127,568,114,454
115000128,886,931,-45
115000129,442,394,48
115000130,395,895,-500
115000131,790,361,429
115000132,213,457,-244
115000133,569,382,187
115000134,404,308,96
115000135,405,243,162
115000136,305,399,-94
115000137,193,198,-5
115000138,244,316,-72
115000139,297,296,1
115000140,242,200,42
115000141,251,317,-66
115000142,198,350,-152
115000143,544,567,-23
115000144,467,238,229
115000145,298,453,-155
115000146,420,329,91
115000147,751,619,132
115000148,277,1369,-1092
115000149,714,233,481
115000150,627,1215,-588
115000151,1104,587,517
115000152,569,1639,-1070
115000153,1207,604,603
115000154,943,413,530
115000155,625,1148,-523
115000156,1455,616,839
115000157,973,995,-22
115000158,732,364,368
115000159,928,436,492
115000160,634,317,317
115000161,147,616,-469
115000162,794,783,11
115000163,625,671,-46
115000164,700,597,103
115000165,455,419,36
115000167,199,127,72
115000168,777,354,423
115000169,814,353,461
115000170,267,137,130
115000171,408,266,142
115000172,1271,627,644
115000173,453,502,-49
115000174,276,376,-100
115000175,296,73,223
115000176,220,59,161
115000177,187,47,140
115000178,39,213,-174
115000179,64,33,31
115000180,197,697,-500
115000181,664,167,497
115000182,755,341,414
115000183,281,1063,-782
115000186,740,285,455
115000187,152,899,-747
115000188,465,630,-165
115000189,291,455,-164
115000190,790,561,229
115000191,259,559,-300
115000194,223,233,-10
115000195,361,353,8
115000196,170,150,20
115000197,179,374,-195
115000198,271,214,57
115000199,264,339,-75
115000200,351,124,227
115000201,206,461,-255
115000206,376,53,323
115000207,106,335,-229
115000208,440,699,-259
115000209,631,305,326
115000210,126,121,5
115000211,204,242,-38
115000212,1698,233,1465
115000224,454,70,384
115000225,37,83,-46
115000229,222,167,55
115000230,117,318,-201
115000231,358,2401,-2043
115000232,1444,301,1143
115000233,190,197,-7
115000234,46,306,-260
115000241,76,271,-195
115000242,88,374,-286
115000243,44,289,-245
115000244,5,107,-102
115000246,161,69,92
115000247,20,7,13
115000248,7,9,-2
115000249,14,5,9
115000250,374,111,263
115000251,502,461,41
115000252,398,411,-13
115000253,38,315,-277
115000258,378,369,9
115000259,332,135,197
115000261,5,4,1
115000262,15,35,-20
115000263,6,86,-80
115000264,101,109,-8
115000267,74,67,7
115000268,38,129,-91
115000269,141,73,68
115000270,11,21,-10
115000272,51,171,-120
115000273,344,26,318
115000280,2416,170,2246
115000281,480,884,-404
115000282,875,646,229
115000284,383,210,173
115000296,1131,14,1117
115000297,321,117,204
115000298,91,478,-387
115000300,232,129,103
115000302,674,217,457
115000303,674,177,497
115000304,677,81,596
115000305,100,970,-870
115000306,188,469,-281
115000307,92,203,-111
115000308,24,10,14
115000310,889,1082,-193
115000311,778,1459,-681
115000313,115,728,-613
115000314,407,152,255
115000315,1323,684,639
115000316,68,112,-44
115000317,221,541,-320
115000318,846,379,467
115000319,76,424,-348
115000320,13,317,-304
115000321,578,9,569
115000322,53,289,-236
115000449,191,240,-49
115000557,3,1117,-1114
115000558,807,93,714
115000587,668,451,217
115000588,2988,3701,-713
115000589,4049,2885,1164
115000590,1235,1497,-262
115000591,1500,807,693
115000592,916,1997,-1081
115000593,1632,731,901
115000594,1018,2753,-1735
115000609,252,282,-30
115000617,2286,3395,-1109
115000624,200,68,132
115000633,394,2340,-1946
115000634,2960,832,2128
115000635,645,175,470
115000638,1112,886,226
115000641,63,120,-57
115000642,506,359,147
115000643,190,638,-448
115000644,272,480,-208
115000646,926,1558,-632
115000647,139,529,-390
115000648,1706,2115,-409
115000893,4319,1867,2452
115000894,185,1439,-1254
115000895,731,1050,-319
115000896,1978,423,1555
115000897,559,152,407
115000898,639,250,389
115000899,862,1602,-740
115000900,129,535,-406
115000901,80,190,-110
115000912,417,125,292
115000913,6,23,-17
115000915,114,1,113
115000916,7,0,7
115000917,0,11,-11
115000918,62,292,-230
115000919,16,12,4
115000920,112,63,49
115000921,812,177,635
115000922,2450,897,1553
115000923,821,1286,-465
115000925,102,93,9
115000927,142,145,-3
115000933,555,331,224
115000934,124,204,-80
115000935,80,103,-23
115000936,70,787,-717
115000937,1420,243,1177
115000938,310,249,61
115000939,339,241,98
115000940,111,20,91
115000941,40,25,15
115000942,243,135,108
115000943,124,18,106
115000944,9,6,3
115900001,97,50,47
115900002,109,100,9
115900003,136,95,41
115900004,2,77,-75
115900005,121,5,116
115900006,109,340,-231
115900008,64,17,47
115900009,94,322,-228
115900010,206,165,41
115900011,667,279,388
115900012,114,86,28
115900013,366,123,243
115900014,95,138,-43
115900015,118,129,-11
115900016,95,31,64
115900017,12,13,-1
115900018,191,97,94
115900019,198,15,183
115900020,63,1,62
115900021,1504,190,1314
115900022,1978,8,1970
115900023,52,7,45
115900025,43,230,-187
115900026,823,264,559
115900027,1,340,-339
115900028,601,55,546
115900029,17,458,-441
115900030,27,27,0
115900031,372,252,120
115900032,439,757,-318
115900033,0,42,-42
115900034,27,428,-401
115900035,76,12,64
115900036,152,668,-516
115900037,66,403,-337
115900038,45,7,38
115900039,136,250,-114
115900041,510,519,-9
115900042,50,4,46
115900043,80,78,2
115900044,238,235,3
115900046,205,259,-54
115900047,130,104,26
115900049,148,258,-110
115900051,1,102,-101
115900052,10,311,-301
115900053,161,232,-71
115900054,162,63,99
115900055,23,152,-129
115900056,155,314,-159
115900057,83,13,70
115900058,20,76,-56
115900060,124,133,-9
115900061,241,3,238
115900062,30,398,-368
115900063,56,13,43
115900064,209,266,-57
115900065,112,114,-2
115900066,238,160,78
115900067,4,888,-884
115900068,3786,864,2922
115900069,28,201,-173
115900070,193,226,-33
115900071,2,379,-377
115900072,67,187,-120
115900073,54,55,-1
115900074,2,429,-427
115900075,37,265,-228
115900076,7,99,-92
115900077,9,335,-326
115900078,51,105,-54
115900079,149,11,138
115900080,547,304,243
115900081,27,69,-42
115900082,156,154,2
115900084,326,27,299
115900085,67,85,-18
115900086,1438,530,908
115900088,19,34,-15
115900089,258,798,-540
115900090,229,7,222
115900091,2,25,-23
115900092,23,212,-189
115900093,1,34,-33
115900094,4,388,-384
115900096,5,27,-22
115900097,7,448,-441
115900098,132,549,-417
115900099,90,61,29
115900100,9,624,-615
115900101,211,396,-185
115900102,62,75,-13
115900103,322,269,53
115900104,58,121,-63
115900105,143,641,-498
115900106,58,28,30
115900107,73,129,-56
115900108,96,50,46
115900109,56,377,-321
115900110,8,30,-22
115900111,1,89,-88
115900112,37,921,-884
115900113,44,36,8
115900114,8,155,-147
115900115,55,224,-169
115900116,70,831,-761
115900117,64,29,35
115900118,4,386,-382
115900119,95,97,-2
115900120,34,385,-351
115900121,132,265,-133
115900124,179,613,-434
115900125,267,47,220
115900126,576,76,500
115900127,500,63,437
115900128,16,93,-77
115900129,618,63,555
115900130,15,261,-246
115900131,360,39,321
115900132,462,22,440
115900134,323,7,316
115900135,506,889,-383
115900137,20,0,20
115900139,92,52,40
115900140,175,21,154
115900141,10,69,-59
115900142,6,49,-43
115900143,398,334,64
115900144,71,224,-153
115900146,2,159,-157
115900147,248,273,-25
115900148,36,5,31
115900149,64,30,34
115900150,110,78,32
115900151,11,96,-85
115900152,111,303,-192
115900153,126,214,-88
115900154,544,358,186
115900155,0,61,-61
115900156,665,730,-65
115900157,143,470,-327
115900158,29,15,14
115900159,107,294,-187
115900160,6,9,-3
115900161,159,187,-28
115900163,161,106,55
115900164,523,75,448
115900166,177,174,3
115900168,109,171,-62
115900171,147,380,-233
115900172,74,142,-68
115900173,201,167,34
115900174,287,209,78
115900175,82,250,-168
115900178,3,681,-678
115900179,207,12,195
115900180,26,213,-187
115900181,165,217,-52
115900182,306,330,-24
115900183,124,21,103
115900184,1883,10,1873
115900187,9,126,-117
115900189,0,192,-192
115900190,285,1193,-908
115900191,26,376,-350
115900192,7,60,-53
115900193,162,139,23
115900194,484,61,423
115900195,528,1533,-1005
115900198,194,351,-157
115900199,190,272,-82
115900200,341,263,78
115900201,487,421,66
115900202,1,42,-41
115900203,1,12,-11
115900204,2,12,-10
115900205,186,23,163
115900206,160,135,25
115900207,14,23,-9
115900208,135,275,-140
115900209,6,121,-115
115900210,4,152,-148
115900211,3,204,-201
115900212,131,269,-138
115900213,322,62,260
115900214,422,258,164
115900215,17,76,-59
115900216,6,86,-80
115900217,4,50,-46
115900218,0,43,-43
115900219,66,7,59
115900220,95,20,75
115900221,50,12,38
115900222,26,20,6
115900223,9,256,-247
115900224,1443,964,479
115900225,83,27,56
115900226,22,37,-15
115900227,14,47,-33
115900228,8,50,-42
115900229,6,67,-61
115900230,74,115,-41
115900231,107,2,105
115900232,88,2,86
115900233,129,13,116
115900234,58,31,27
115900235,32,28,4
115900236,50,15,35
115900237,20,26,-6
115900238,29,35,-6
115900239,15,34,-19
115900240,4,67,-63
115900241,157,103,54
115900242,354,486,-132
115900243,8,6,2
115900244,6,17,-11
115900245,49,4,45
115900246,7,4,3
115900247,27,9,18
115900248,10,5,5
115900249,7,14,-7
115900250,7,14,-7
115900251,0,11,-11
115900252,5,4,1
115900253,8,11,-3
115900254,10,25,-15
115900255,1,25,-24
115900256,28,86,-58
115900257,7,8,-1
115900258,0,0,0
115900259,14,2,12
115900260,12,5,7
115900261,5,5,0
115900262,1,4,-3
115900263,6,3,3
115900264,6,4,2
115900265,5,16,-11
115900266,10,14,-4
115900267,12,15,-3
115900268,6,8,-2
115900269,370,459,-89
115900270,307,653,-346
115900271,123,0,123
115900272,31,6,25
115900273,15,25,-10
115900274,6,12,-6
115900275,0,15,-15
115900276,0,31,-31
115900277,0,67,-67
115900278,53,130,-77
115900279,19,176,-157
115900280,21,352,-331
115900281,660,328,332
115900282,37,7,30
115900283,4,23,-19
115900284,9,9,0
116000001,13601,6376,7225
116000002,5016,10680,-5664
116000003,1780,2239,-459
116000004,2538,3585,-1047
116000005,4546,3548,998
116000006,4205,2109,2096
116000007,3940,4104,-164
116000008,4642,2079,2563
116000009,2100,2927,-827
116000010,2558,1333,1225
116000011,1153,2202,-1049
116000012,1337,1000,337
116000013,16160,5619,10541
116000014,19068,14530,4538
116000015,473,1429,-956
116000016,6769,3632,3137
116000017,32,895,-863
116000018,641,402,239
116000019,1176,379,797
116000020,602,1110,-508
116000021,435,398,37
116000022,462,498,-36
116000023,1096,937,159
116000024,711,1021,-310
116000025,990,670,320
116000026,2268,2299,-31
116000027,1339,697,642
116000028,476,951,-475
116000029,1263,775,488
116000030,753,548,205
116000031,119,295,-176
116000032,406,262,144
116000033,384,572,-188
116000034,1323,1329,-6
116000035,683,1114,-431
116000036,1764,823,941
116000037,706,668,38
116000038,752,409,343
116000039,632,279,353
116000040,2138,318,1820
116000041,218,463,-245
116000042,644,253,391
116000043,79,693,-614
116000044,17,122,-105
116000045,2496,1678,818
116000046,1770,1649,121
116000047,3362,4356,-994
116000048,3120,2098,1022
116000049,1269,2778,-1509
116000050,1471,2346,-875
116000051,6185,2584,3601
116000052,6699,5671,1028
116000053,3329,1582,1747
116000054,1552,3005,-1453
116000055,640,1764,-1124
116000056,941,1572,-631
116000057,5345,2327,3018
116000058,4153,2776,1377
116000059,4042,5969,-1927
116000060,2949,1040,1909
116000061,825,1227,-402
116000062,1181,247,934
116000063,1024,1407,-383
116000066,265,671,-406
116000067,311,608,-297
116000068,330,363,-33
116000069,264,413,-149
116000078,495,1277,-782
116000080,1962,1145,817
116000082,7,106,-99
116000083,1634,506,1128
116000084,2328,4467,-2139
116000085,2205,1772,433
116000086,2466,1775,691
116000087,1708,1420,288
116000088,819,1171,-352
116000089,217,112,105
116000090,156,209,-53
116000091,397,367,30
116000093,482,429,53
116000094,632,776,-144
116000095,797,695,102
116000096,815,1678,-863
116000097,814,863,-49
116000098,188,6891,-6703
116000099,9160,388,8772
116000100,191,16,175
116000101,672,1107,-435
116000102,382,1629,-1247
116000103,498,273,225
116000104,243,1756,-1513
116000105,1225,219,1006
116000106,679,1479,-800
116000107,2785,560,2225
116000108,691,251,440
116000111,191,34,157
116000113,80,108,-28
116000114,51,178,-127
116000115,227,122,105
116000116,293,561,-268
116000117,1377,2166,-789
116000118,1222,1404,-182
116000119,2447,2232,215
116000120,2933,4685,-1752
116000121,896,717,179
116000122,1543,1935,-392
116000123,855,528,327
116000124,403,1029,-626
116000125,2440,720,1720
116000126,379,1733,-1354
116000127,1214,1670,-456
116000128,1403,893,510
116000129,850,229,621
116000130,472,363,109
116000133,803,1207,-404
116000134,1982,2686,-704
116000135,2268,1506,762
116000136,1445,2540,-1095
116000137,1228,767,461
116000138,829,571,258
116000139,2040,2604,-564
116000140,187,302,-115
116000141,349,939,-590
116000142,4759,4302,457
116000143,2286,2074,212
116000144,1636,3028,-1392
116000145,1770,1679,91
116000146,492,408,84
116000147,516,157,359
116000148,496,502,-6
116000149,598,634,-36
116000151,921,861,60
116000153,103,970,-867
116000155,253,379,-126
116000156,457,1080,-623
116000157,68,11,57
116000158,334,528,-194
116000159,12,12,0
116000160,11,89,-78
116000161,5,105,-100
116000162,121,94,27
116000163,18,8,10
116000164,4,26,-22
116000177,471,134,337
116000194,134,381,-247
116000195,2077,790,1287
116000196,9,5,4
116000197,3,18,-15
116000198,3251,1336,1915
116000200,993,571,422
116000201,692,864,-172
116000202,6,317,-311
116000203,7,141,-134
116000204,25,87,-62
116000205,0,229,-229
116000206,7,145,-138
116000207,5,57,-52
116000233,214,614,-400
116000287,148,651,-503
116000288,258,300,-42
116000292,39,139,-100
116000296,25,319,-294
116000297,199,43,156
116000304,97,44,53
116000305,26,73,-47
116000346,137,104,33
116000352,154,27,127
116000354,41,15,26
116000357,11,15,-4
116000358,262,45,217
116000361,659,5,654
116000372,11065,4561,6504
116000381,104,3,101
116000388,3,67,-64
116000389,979,541,438
116000445,366,728,-362
116000446,558,1024,-466
116000447,43,629,-586
116000448,684,287,397
116000563,1375,1065,310
116000565,51,512,-461
116000568,59,129,-70
116000579,23,137,-114
116000583,162,87,75
116000584,53,9,44
116000585,34,26,8
116000586,151,128,23
116000587,686,704,-18
116000589,52,62,-10
116000590,41,83,-42
116000591,167,322,-155
116000592,22,133,-111
116000593,0,46,-46
116000594,502,532,-30
116000595,691,166,525
116000596,90,8,82
116000597,321,77,244
116000598,18,204,-186
116000605,290,112,178
116000606,56,210,-154
116000607,0,39,-39
116000609,260,946,-686
116000611,124,641,-517
116000612,859,2390,-1531
116000613,570,417,153
116000614,494,776,-282
116000615,2,277,-275
116000616,37,124,-87
116000617,83,100,-17
116000618,7,161,-154
116000619,68,77,-9
116000620,102,563,-461
116000621,29,153,-124
116000622,39,207,-168
116000624,161,118,43
116000627,59,133,-74
116000628,81,471,-390
116000629,16,367,-351
116000630,260,42,218
116000631,140,69,71
116000632,511,129,382
116000633,156,391,-235
116000634,305,213,92
116000635,4353,2268,2085
116000636,2194,1394,800
116000637,468,103,365
116000638,114,537,-423
116000639,143,3,140
116000640,11,17,-6
116000641,46,162,-116
116000643,1,155,-154
116000644,45,643,-598
116000645,87,7,80
116900001,224,188,36
116900002,244,5,239
116900003,32,79,-47
116900004,33,50,-17
116900005,202,52,150
116900006,177,152,25
116900007,126,197,-71
116900008,267,448,-181
116900009,13,7,6
116900010,224,1728,-1504
116900011,7,31,-24
116900012,187,160,27
116900013,2,163,-161
116900014,101,362,-261
116900015,264,54,210
116900016,197,5,192
116900017,12,690,-678
116900018,46,50,-4
116900019,10,374,-364
116900020,1428,791,637
116900023,61,10,51
116900024,422,58,364
116900025,895,1055,-160
116900026,148,722,-574
116900027,23,62,-39
116900028,1,146,-145
116900029,4,37,-33
116900031,1,13,-12
116900032,7,452,-445
116900033,10,9,1
116900034,7,103,-96
116900035,146,258,-112
116900036,5,110,-105
116900038,31,1,30
116900041,48,18,30
116900042,805,283,522
116900043,25,106,-81
116900047,66,101,-35
116900049,38,425,-387
116900050,96,558,-462
116900051,88,221,-133
116900052,272,91,181
116900055,1,5,-4
116900057,19,294,-275
116900058,20,445,-425
116900059,4,140,-136
116900060,169,172,-3
116900062,1,5,-4
116900064,76,907,-831
116900065,21,169,-148
116900067,78,135,-57
116900068,139,318,-179
116900070,1,2,-1
116900072,19,458,-439
116900073,14,182,-168
116900074,3,51,-48
116900076,6,44,-38
116900077,19,188,-169
116900078,274,134,140
116900079,27,345,-318
116900080,8,16,-8
116900081,359,1655,-1296
116900082,375,929,-554
116900083,54,85,-31
116900084,266,49,217
116900085,40,168,-128
116900086,84,244,-160
116900088,402,79,323
116900090,147,102,45
116900091,288,94,194
116900092,92,885,-793
116900093,1580,2371,-791
116900094,5303,4679,624
116900095,352,162,190
116900096,96,201,-105
116900097,4881,2529,2352
116900098,910,282,628
116900099,796,531,265
116900100,758,22,736
116900101,227,623,-396
116900103,2,0,2
116900104,48,91,-43
116900105,246,65,181
116900106,1339,208,1131
116900107,5118,2139,2979
116900110,15,0,15
116900111,437,958,-521
116900112,223,1199,-976
116900113,2685,1378,1307
116900116,180,373,-193
116900117,90,76,14
116900118,932,850,82
116900120,210,84,126
116900121,82,34,48
116900122,551,773,-222
116900123,148,760,-612
116900124,191,1273,-1082
116900125,233,276,-43
116900126,208,558,-350
116900128,0,31,-31
116900129,1,326,-325
116900130,794,3376,-2582
116900131,64,251,-187
116900132,19,67,-48
116900133,105,139,-34
116900134,259,272,-13
116900136,195,155,40
116900137,385,205,180
116900138,213,204,9
116900139,113,387,-274
116900140,228,147,81
116900141,682,426,256
116900142,3,59,-56
116900143,241,464,-223
116900144,24,81,-57
116900145,142,313,-171
116900147,940,379,561
116900148,13,39,-26
116900149,41,234,-193
116900150,5,6,-1
116900151,36,22,14
116900153,104,67,37
116900154,760,445,315
116900155,82,64,18
116900157,464,388,76
116900158,1234,247,987
116900159,50,338,-288
116900160,2519,390,2129
116900161,7755,5666,2089
116900162,38,170,-132
116900163,159,155,4
116900164,136,50,86
116900165,258,138,120
116900166,16,139,-123
116900167,417,52,365
116900168,375,68,307
116900169,1151,347,804
116900170,331,460,-129
116900171,42,231,-189
116900172,239,285,-46
116900173,190,52,138
116900174,45,56,-11
116900175,254,119,135
116900178,7,149,-142
116900179,98,251,-153
116900180,96,20,76
116900182,337,268,69
116900183,183,81,102
116900185,23,41,-18
116900186,108,291,-183
116900187,56,55,1
116900188,139,23,116
116900189,108,1,107
116900191,295,605,-310
116900192,216,136,80
116900194,88,976,-888
116900195,44,15,29
116900196,15,109,-94
116900197,96,9,87
116900198,248,184,64
116900200,40,38,2
116900201,82,14,68
116900202,113,68,45
116900203,96,4,92
116900204,55,77,-22
116900206,28,45,-17
116900207,43,36,7
116900208,24,141,-117
116900209,67,140,-73
116900210,479,281,198
116900211,203,5,198
116900212,60,137,-77
116900213,195,180,15
116900214,140,157,-17
116900215,53,73,-20
116900216,427,213,214
116900218,7,318,-311
116900219,1204,487,717
116900220,91,227,-136
116900221,105,424,-319
116900222,359,393,-34
116900223,101,263,-162
116900226,70,81,-11
116900227,244,82,162
116900228,259,317,-58
116900230,40,405,-365
116900231,25,488,-463
116900232,6,549,-543
116900233,187,111,76
116900234,9,8,1
116900235,372,401,-29
116900238,1701,457,1244
116900239,20,1214,-1194
116900240,7667,4535,3132
116900241,52,156,-104
116900242,1361,405,956
116900243,0,38,-38
116900245,27,19,8
116900246,128,36,92
116900247,637,18,619
116900248,127,53,74
116900249,250,104,146
116900250,329,61,268
116900251,577,626,-49
116900252,90,1109,-1019
116900254,27,108,-81
116900255,147,99,48
116900256,322,139,183
116900257,20,646,-626
116900258,1,304,-303
116900259,184,5,179
116900260,2,169,-167
116900261,44,0,44
116900262,125,152,-27
116900263,0,6,-6
116900264,63,67,-4
116900265,21,3,18
116900266,13,43,-30
116900267,1,2,-1
116900268,63,10,53
116900269,371,640,-269
116900271,1318,188,1130
116900272,782,665,117
116900273,380,64,316
116900274,83,84,-1
116900275,143,140,3
116900276,380,120,260
116900277,622,40,582
116900278,4,8,-4
116900279,0,24,-24
116900280,20,17,3
116900281,7704,3726,3978
116900282,6,147,-141
116900283,12,175,-163
116900284,8,196,-188
116900285,336,327,9
116900286,173,10,163
116900287,3,62,-59
116900288,68,163,-95
116900289,13,22,-9
116900290,5,34,-29
116900291,11,8,3
116900292,0,29,-29
116900293,56,82,-26
116900294,46,165,-119
116900295,469,21,448
116900296,250,59,191
116900297,16,94,-78
116900298,101,31,70
116900299,136,41,95
116900300,11,76,-65
116900301,93,102,-9
116900302,103,55,48
116900303,456,130,326
116900304,0,212,-212
116900305,38,94,-56
116900306,189,198,-9
116900307,87,2,85
116900308,2,205,-203
116900309,41,106,-65
116900310,15,61,-46
117000001,2358,2420,-62
117000002,2977,6655,-3678
117000003,9971,4120,5851
117000004,5521,7105,-1584
117000005,2715,2293,422
117000006,1476,5088,-3612
117000007,4526,1662,2864
117000008,1476,6092,-4616
117000009,5829,2380,3449
117000010,3154,5757,-2603
117000011,2289,2359,-70
117000012,1672,2112,-440
117000013,2418,1298,1120
117000014,2092,3260,-1168
117000015,4881,1697,3184
117000016,701,80,621
117000017,1023,164,859
117000018,225,457,-232
117000019,393,31,362
117000020,470,1362,-892
117000021,2841,878,1963
117000022,686,72,614
117000023,1221,214,1007
117000024,688,116,572
117000025,1733,527,1206
117000026,5662,1034,4628
117000027,2834,3016,-182
117000028,5917,1567,4350
117000030,885,686,199
117000031,492,340,152
117000032,3035,1600,1435
117000033,1618,1216,402
117000034,608,441,167
117000035,354,373,-19
117000036,520,453,67
117000037,349,340,9
117000038,354,827,-473
117000039,614,363,251
117000040,227,1089,-862
117000041,1174,198,976
117000044,21,1193,-1172
117000045,644,89,555
117000046,649,887,-238
117000047,1187,822,365
117000048,2545,1715,830
117000049,151,653,-502
117000050,188,2713,-2525
117000051,2446,208,2238
117000052,30,435,-405
117000053,485,97,388
117000054,1578,7,1571
117000055,160,3683,-3523
117000056,564,24,540
117000057,756,2693,-1937
117000060,503,2146,-1643
117000061,2346,1403,943
117000062,342,656,-314
117000063,2377,1125,1252
117000064,1032,1058,-26
117000066,1324,832,492
117000067,219,487,-268
117000074,165,318,-153
117000076,103,68,35
117000077,211,149,62
117000078,158,845,-687
117000079,448,321,127
117000080,0,460,-460
117000081,1114,139,975
117000082,46,79,-33
117000083,591,415,176
117000084,601,4,597
117000085,322,718,-396
117000086,1133,665,468
117000087,89,608,-519
117000088,357,258,99
117000089,1583,311,1272
117000090,288,1782,-1494
117000091,777,409,368
117000092,505,1871,-1366
117000093,1268,944,324
117000094,1275,3748,-2473
117000095,3458,1092,2366
117000096,727,3193,-2466
117000097,1461,1558,-97
117000098,2939,6192,-3253
117000099,3107,1366,1741
117000100,184,307,-123
117000101,208,1483,-1275
117000102,1643,788,855
117000103,924,2301,-1377
117000104,1510,871,639
117000105,931,2241,-1310
117000106,1179,1063,116
117000107,664,2414,-1750
117000108,1474,1063,411
117000109,2492,3225,-733
117000110,1621,1088,533
117000111,4330,6571,-2241
117000112,3075,2400,675
117000113,143,325,-182
117000114,209,172,37
117000115,106,171,-65
117000116,98,314,-216
117000117,2245,824,1421
117000118,572,222,350
117000119,1245,202,1043
117000120,869,452,417
117000121,190,1633,-1443
117000122,464,1593,-1129
117000123,2485,36,2449
117000124,1019,59,960
117000125,812,85,727
117000126,182,19,163
117000127,273,357,-84
117000128,660,728,-68
117000129,1148,828,320
117000130,158,1,157
117000131,0,157,-157
117000132,2588,37,2551
117000133,1200,88,1112
117000134,0,54,-54
117000135,2,27,-25
117000136,2,29,-27
117000137,106,89,17
117000138,5,563,-558
117000140,586,2010,-1424
117000141,1645,802,843
117000181,631,260,371
117000182,367,545,-178
117000195,232,1343,-1111
117000196,316,91,225
117000225,360,17,343
117000226,18,186,-168
117000276,238,9,229
117000277,1,521,-520
117000310,2562,3539,-977
117000315,44,1935,-1891
117000320,106,0,106
117000906,283,12,271
117000907,7,432,-425
117000909,97,42,55
117000910,187,158,29
117000911,117,226,-109
117000915,4,663,-659
117000916,32,2,30
117000917,971,35,936
117000918,96,84,12
117000919,3,168,-165
117000920,4,1669,-1665
117000921,5,1870,-1865
117000922,57,171,-114
117000924,832,1312,-480
117000926,1315,81,1234
117000927,2798,610,2188
117000928,0,160,-160
117000929,246,823,-577
117000930,282,18,264
117000931,567,133,434
117900002,186,463,-277
117900003,778,384,394
117900005,10,66,-56
117900006,0,26,-26
117900007,228,134,94
117900008,0,45,-45
117900010,1170,137,1033
117900011,56,35,21
117900012,60,126,-66
117900013,2,291,-289
117900014,1709,213,1496
117900015,26,135,-109
117900016,1553,672,881
117900017,1567,519,1048
117900018,226,73,153
117900019,434,393,41
117900020,78,463,-385
117900021,25,80,-55
117900023,565,737,-172
117900024,86,75,11
117900025,36,11,25
117900026,318,455,-137
117900028,231,7,224
117900029,252,1345,-1093
117900031,658,121,537
117900032,803,767,36
117900033,239,1263,-1024
117900034,105,59,46
117900035,259,94,165
117900036,230,815,-585
117900037,91,176,-85
117900038,25,458,-433
117900039,5,70,-65
117900040,125,590,-465
117900041,6,68,-62
117900042,5408,540,4868
117900043,43,67,-24
117900044,119,6427,-6308
117900045,231,130,101
117900048,264,371,-107
117900049,239,924,-685
117900050,46,74,-28
117900051,148,2,146
117900052,72,452,-380
117900053,1351,901,450
117900054,0,29,-29
117900055,114,476,-362
117900056,530,31,499
117900057,1384,1592,-208
117900058,137,26,111
117900059,710,80,630
117900060,1802,6340,-4538
117900061,44,456,-412
117900063,416,233,183
117900065,860,1459,-599
117900066,3,67,-64
117900067,447,237,210
117900069,1120,447,673
117900070,713,15,698
117900071,153,183,-30
117900073,412,435,-23
117900074,781,31,750
117900075,136,87,49
117900076,22,53,-31
117900077,358,142,216
117900078,294,742,-448
117900080,264,59,205
117900081,598,513,85
117900082,376,347,29
117900083,349,672,-323
117900086,251,37,214
117900087,149,81,68
117900088,3500,2498,1002
117900089,1773,543,1230
117900090,1078,768,310
117900091,190,192,-2
117900092,78,35,43
117900093,68,86,-18
117900094,23,13,10
117900095,1184,644,540
117900096,79,300,-221
117900097,198,78,120
117900098,16,7,9
117900099,272,337,-65
117900100,171,2,169
117900101,477,1701,-1224
117900102,59,64,-5
117900103,41,0,41
117900104,26,143,-117
117900105,145,280,-135
117900106,114,75,39
117900107,17,2,15
117900109,449,450,-1
117900110,68,0,68
117900111,426,15,411
117900112,50,26,24
117900113,5905,2159,3746
117900114,7,0,7
117900115,379,56,323
117900116,1100,1094,6
117900117,429,421,8
117900118,39,0,39
117900119,108,271,-163
117900120,217,77,140
117900121,80,22,58
117900122,1227,3087,-1860
117900123,1001,629,372
117900124,845,796,49
117900125,1786,1484,302
117900126,272,666,-394
117900127,563,658,-95
117900128,299,804,-505
117900129,143,0,143
117900130,951,559,392
117900131,2,115,-113
117900132,25,129,-104
117900133,20,163,-143
117900134,58,176,-118
117900135,11,211,-200
117900136,0,37,-37
117900137,57,335,-278
117900138,1,45,-44
117900139,130,126,4
117900140,5768,666,5102
117900141,335,294,41
117900142,472,76,396
117900144,142,106,36
117900145,23,27,-4
117900146,424,108,316
117900147,57,68,-11
117900148,3836,1294,2542
117900149,61,165,-104
117900150,45,63,-18
117900151,50,92,-42
117900152,175,70,105
117900153,48,115,-67
117900154,625,917,-292
117900156,1040,965,75
117900157,111,571,-460
117900158,216,129,87
117900160,644,541,103
117900161,2918,2699,219
117900162,592,680,-88
117900163,248,62,186
117900165,0,12,-12
117900166,91,435,-344
117900168,47,234,-187
117900169,1,174,-173
117900170,1,48,-47
117900171,3,26,-23
117900172,19,49,-30
117900173,232,100,132
117900174,67,76,-9
117900175,5,37,-32
117900176,18,38,-20
117900177,23,63,-40
117900178,114,45,69
117900180,365,52,313
117900181,121,240,-119
117900182,12,44,-32
117900183,69,220,-151
117900184,5,60,-55
117900185,25,71,-46
117900186,51,22,29
117900187,12,8,4
117900188,252,56,196
117900189,93,27,66
117900190,45,0,45
117900191,85,0,85
117900192,221,1,220
117900193,3,131,-128
117900194,3,5,-2
117900195,22,69,-47
117900196,15,22,-7
117900207,182,137,45
117900208,37,32,5
117900209,201,235,-34
117900210,116,259,-143
117900211,2,200,-198
117900212,127,203,-76
117900213,17,24,-7
117900214,18,36,-18
117900215,45,37,8
117900216,113,34,79
117900217,210,244,-34
117900218,240,366,-126
117900219,53,109,-56
117900220,372,233,139
117900222,217,386,-169
117900223,234,318,-84
118000001,1092,989,103
118000002,1605,2243,-638
118000003,4733,2842,1891
118000004,4537,2309,2228
118000005,6092,5999,93
118000006,7345,11538,-4193
118000007,11414,2897,8517
118000008,8334,3794,4540
118000009,3049,3813,-764
118000010,5466,4466,1000
118000011,1384,2845,-1461
118000012,1357,2965,-1608
118000013,4239,3457,782
118000014,2192,3786,-1594
118000016,328,399,-71
118000017,356,517,-161
118000018,687,492,195
118000019,2926,1594,1332
118000020,1566,2419,-853
118000021,1078,2689,-1611
118000022,2194,927,1267
118000023,1466,440,1026
118000024,1830,1164,666
118000027,19030,12359,6671
118000029,1180,923,257
118000032,1861,3888,-2027
118000033,3735,4433,-698
118000034,6495,2697,3798
118000035,2275,2670,-395
118000036,1686,1188,498
118000037,995,1030,-35
118000038,152,64,88
118000039,116,376,-260
118000040,1920,1841,79
118000041,2662,1705,957
118000045,1283,132,1151
118000046,3012,563,2449
118000047,4339,859,3480
118000048,5401,1459,3942
118000051,2813,775,2038
118000052,2071,542,1529
118000053,1136,624,512
118000054,2880,2346,534
118000055,2453,2695,-242
118000056,423,399,24
118000057,296,540,-244
118000058,4759,1280,3479
118000059,3894,724,3170
118000060,1324,610,714
118000061,1058,1599,-541
118000062,795,293,502
118000063,491,456,35
118000064,1287,1308,-21
118000065,5916,2143,3773
118000066,1008,1441,-433
118000067,1680,785,895
118000068,2873,4679,-1806
118000069,4810,1168,3642
118000070,8121,2109,6012
118000071,4115,7263,-3148
118000072,4497,1176,3321
118000073,4200,613,3587
118000074,1016,803,213
118000075,1024,332,692
118000076,2385,1962,423
118000077,1864,1351,513
118000078,2387,2218,169
118000079,262,381,-119
118000080,1459,1008,451
118000081,2341,1102,1239
118000082,391,1118,-727
118000083,1902,1642,260
118000084,3198,2070,1128
118000086,376,622,-246
118000087,6225,3114,3111
118000088,1849,2157,-308
118000089,4207,2564,1643
118000090,2193,3402,-1209
118000091,1547,3088,-1541
118000092,1296,529,767
118000093,127,905,-778
118000096,708,715,-7
118000097,875,698,177
118000098,346,185,161
118000099,529,831,-302
118000101,1222,523,699
118000102,486,1474,-988
118000107,2761,627,2134
118000108,716,2693,-1977
118000110,1,23,-22
118000111,0,667,-667
118000112,503,10,493
118000113,6,900,-894
118000114,492,7,485
118000115,17,17,0
118000116,77,0,77
118000117,1596,1044,552
118000118,1205,886,319
118000119,1115,1221,-106
118000120,1939,1366,573
118000121,140,583,-443
118000122,2019,303,1716
118000123,73,349,-276
118000125,2434,1123,1311
118000126,1474,1817,-343
118000127,2027,825,1202
118000128,882,1437,-555
118000129,1991,506,1485
118000130,3543,5312,-1769
118000131,1380,1393,-13
118000132,2786,1930,856
118000133,1557,601,956
118000135,924,464,460
118000136,109,610,-501
118000137,1235,111,1124
118000138,391,678,-287
118000139,482,119,363
118000140,2750,4856,-2106
118000141,2150,2527,-377
118000142,1797,2450,-653
118000143,1968,1586,382
118000144,1786,1272,514
118000145,2019,3110,-1091
118000146,1591,1345,246
118000147,1177,1743,-566
118000148,727,1752,-1025
118000149,898,1358,-460
118000150,309,414,-105
118000151,391,571,-180
118000153,1291,1808,-517
118000154,1546,2056,-510
118000155,1125,1944,-819
118000156,3068,3009,59
118000157,599,472,127
118000158,236,578,-342
118000159,31,108,-77
118000160,418,554,-136
118000161,504,828,-324
118000162,2166,1354,812
118000163,744,1367,-623
118000164,2745,2127,618
118000168,1515,428,1087
118000169,1520,1806,-286
118000170,4928,6314,-1386
118000171,334,699,-365
118000172,122,355,-233
118000173,1327,1545,-218
118000175,336,481,-145
118000176,335,579,-244
118000177,240,704,-464
118000178,123,64,59
118000179,1980,1591,389
118000180,882,983,-101
118000181,1156,460,696
118000182,379,306,73
118000183,346,409,-63
118000184,765,1315,-550
118000185,1279,1192,87
118000186,798,1170,-372
118000187,1248,902,346
118000188,969,201,768
118000189,540,786,-246
118000190,28,9,19
118000191,21,40,-19
118000192,653,292,361
118000193,472,571,-99
118000194,2822,1247,1575
118000195,1289,867,422
118000196,948,185,763
118000197,756,129,627
118000198,1060,661,399
118000199,2228,598,1630
118000200,69,207,-138
118000201,919,541,378
118000202,65,48,17
118000203,2294,522,1772
118000204,290,439,-149
118000205,375,507,-132
118000206,231,270,-39
118000207,1,89,-88
118000208,1520,1788,-268
118000209,2038,2258,-220
118000210,49,44,5
118000211,24,44,-20
118000213,1412,914,498
118000214,771,750,21
118000215,331,492,-161
118000216,1417,4355,-2938
118000217,34,100,-66
118000218,74,108,-34
118000219,445,473,-28
118000220,7,41,-34
118000221,124,275,-151
118000222,67,19,48
118000223,41,53,-12
118000224,345,92,253
118000225,162,969,-807
118000226,1747,175,1572
118000227,943,386,557
118000228,131,141,-10
118000229,308,55,253
118000230,144,242,-98
118000231,98,214,-116
118000232,767,1182,-415
118000233,860,875,-15
118000234,350,209,141
118000236,534,404,130
118000237,81,416,-335
118000238,230,230,0
118000239,370,397,-27
118000240,589,132,457
118000241,175,329,-154
118000242,312,672,-360
118000243,216,179,37
118000244,62,184,-122
118000246,0,13,-13
118000255,107,302,-195
118000256,116,275,-159
118000259,15,52,-37
118000260,213,118,95
118000261,24,75,-51
118000263,109,256,-147
118000266,2212,560,1652
118000267,0,106,-106
118000268,921,81,840
118000270,63,33,30
118000271,219,401,-182
118000272,109,38,71
118000273,138,89,49
118000274,128,294,-166
118000276,394,397,-3
118000295,6,106,-100
118000298,123,396,-273
118000299,76,196,-120
118000301,0,78,-78
118000302,90,97,-7
118000311,396,126,270
118000312,298,211,87
118000313,30,178,-148
118000314,49,80,-31
118000315,24,56,-32
118000316,669,612,57
118000325,49,64,-15
118000326,19,52,-33
118000331,19,52,-33
118000332,37,31,6
118000333,29,70,-41
118000335,261,0,261
118000336,0,315,-315
118000407,133,80,53
118000457,9,61,-52
118000465,4027,4603,-576
118000480,58,158,-100
118000489,158,410,-252
118000490,177,613,-436
118000492,317,269,48
118000510,95,11,84
118000514,247,393,-146
118000515,700,791,-91
118000517,428,331,97
118000524,806,208,598
118000525,1024,855,169
118000530,15,91,-76
118000531,244,355,-111
118000532,253,413,-160
118000533,512,226,286
118000534,775,501,274
118000535,270,165,105
118000536,881,1260,-379
118000537,37,73,-36
118000538,50,69,-19
118000539,22,99,-77
118000540,249,167,82
118000541,175,67,108
118000542,157,186,-29
118000543,149,188,-39
118000546,35,20,15
118000553,0,2,-2
118000560,2985,1779,1206
118000562,31,370,-339
118000563,2922,1507,1415
118000576,262,270,-8
118000577,277,238,39
118000578,218,148,70
118000579,968,1318,-350
118000583,0,0,0
118000595,221,143,78
118000596,0,53,-53
118000597,187,196,-9
118000598,1,3,-2
118000599,42,77,-35
118000600,2,11,-9
118000601,0,0,0
118000602,1,6,-5
118000603,0,89,-89
118000605,64,527,-463
118000606,32,42,-10
118900001,896,1164,-268
118900002,1160,788,372
118900003,230,19,211
118900004,76,52,24
118900005,88,12,76
118900006,118,10,108
118900007,6,3,3
118900008,1669,63,1606
118900009,59,21,38
118900010,50,12,38
118900011,149,38,111
118900012,510,226,284
118900013,507,120,387
118900015,249,56,193
118900016,7,14,-7
118900017,265,171,94
118900018,857,22,835
118900019,50,11,39
118900020,217,97,120
118900021,213,351,-138
118900022,182,124,58
118900023,151,73,78
118900024,71,139,-68
118900025,30,25,5
118900026,77,105,-28
118900027,461,292,169
118900028,139,196,-57
118900029,368,338,30
118900030,253,143,110
118900031,167,129,38
118900032,233,181,52
118900033,739,497,242
118900034,128,17,111
118900035,219,216,3
118900036,1010,798,212
118900037,733,266,467
118900038,355,292,63
118900039,431,202,229
118900040,158,222,-64
118900041,388,221,167
118900042,229,103,126
118900045,305,214,91
118900046,1045,263,782
118900047,690,294,396
118900048,299,124,175
118900049,49,32,17
118900050,33,151,-118
118900051,173,85,88
118900052,519,206,313
118900053,41,116,-75
118900054,159,81,78
118900055,58,107,-49
118900056,55,230,-175
118900057,704,475,229
118900058,522,371,151
118900059,16,89,-73
118900060,64,182,-118
118900062,171,187,-16
118900064,756,576,180
118900065,54,255,-201
118900066,81,97,-16
118900067,5925,4227,1698
118900068,5,508,-503
118900069,310,296,14
118900071,5,79,-74
118900072,397,458,-61
118900073,95,117,-22
118900074,96,297,-201
118900075,51,90,-39
118900076,227,84,143
118900077,227,187,40
118900078,50,8,42
118900079,53,232,-179
118900080,25,82,-57
118900081,71,34,37
118900082,657,160,497
118900083,29,11,18
118900084,11,16,-5
118900085,621,1203,-582
118900086,36,70,-34
118900087,16,248,-232
118900088,0,8,-8
118900089,25,16,9
118900090,520,560,-40
118900091,132,193,-61
118900092,103,118,-15
118900093,174,16,158
118900096,97,126,-29
118900097,232,731,-499
118900099,65,309,-244
118900100,113,236,-123
118900101,81,523,-442
118900102,17,76,-59
118900103,18,103,-85
118900104,180,130,50
118900105,176,128,48
118900107,127,117,10
118900108,123,82,41
118900110,1247,694,553
118900111,369,613,-244
118900112,82,161,-79
118900113,131,588,-457
118900114,12,73,-61
118900115,106,304,-198
118900116,100,177,-77
118900117,114,161,-47
118900118,262,389,-127
118900119,148,354,-206
118900120,124,472,-348
118900121,12,227,-215
118900122,17,926,-909
118900123,147,268,-121
118900124,75,221,-146
118900126,20,438,-418
118900129,297,194,103
118900130,104,143,-39
118900131,204,310,-106
118900132,570,205,365
118900133,11,116,-105
118900135,218,212,6
118900136,277,748,-471
118900137,12,36,-24
118900139,236,426,-190
118900140,475,918,-443
118900141,78,206,-128
118900144,165,641,-476
118900145,27,172,-145
118900146,279,848,-569
118900147,274,147,127
118900148,85,41,44
118900150,326,590,-264
118900152,482,902,-420
118900157,143,218,-75
118900158,76,120,-44
118900159,2,177,-175
118900161,107,6,101
118900163,200,84,116
118900164,20,87,-67
118900165,40,214,-174
118900166,29,1,28
118900167,74,134,-60
118900168,28,103,-75
118900169,127,414,-287
118900170,117,138,-21
118900171,11,50,-39
118900174,57,47,10
118900175,339,552,-213
118900176,159,304,-145
118900177,49,82,-33
118900178,41,161,-120
118900179,2,25,-23
118900181,70,116,-46
118900182,95,50,45
118900183,17,100,-83
118900184,521,90,431
118900185,193,176,17
118900186,101,98,3
118900187,252,317,-65
118900188,351,283,68
118900189,44,818,-774
118900190,6,482,-476
118900191,185,63,122
118900192,208,40,168
118900193,424,9,415
118900195,366,865,-499
118900196,28,154,-126
118900197,86,93,-7
118900198,16,44,-28
118900199,63,53,10
118900200,8,6,2
118900201,28,12,16
118900202,12,74,-62
118900203,2,40,-38
118900204,19,45,-26
118900205,6,18,-12
118900206,6,33,-27
119000001,1747,1705,42
119000002,4339,2984,1355
119000003,2335,1531,804
119000004,2789,1811,978
119000005,2037,2479,-442
119000006,2833,1922,911
119000007,4110,3979,131
119000008,2535,2163,372
119000009,3835,5216,-1381
119000010,8230,4739,3491
119000011,5194,3015,2179
119000012,3931,3815,116
119000013,2474,1563,911
119000014,3031,4147,-1116
119000019,237,189,48
119000020,2201,1642,559
119000021,4387,2733,1654
119000022,3357,2778,579
119000023,387,316,71
119000024,2189,10330,-8141
119000025,12141,1557,10584
119000026,173,382,-209
119000027,397,436,-39
119000028,2230,1605,625
119000029,135,346,-211
119000030,667,1248,-581
119000031,1050,957,93
119000032,2021,2776,-755
119000033,2391,1851,540
119000034,1624,1155,469
119000035,32,411,-379
119000036,1700,1208,492
119000037,1155,2105,-950
119000038,165,1236,-1071
119000039,344,382,-38
119000040,1148,591,557
119000041,1185,1734,-549
119000048,3689,3892,-203
119000049,1937,3460,-1523
119000050,1694,2716,-1022
119000051,2128,1180,948
119000052,2260,3594,-1334
119000053,2005,1332,673
119000054,3207,4480,-1273
119000055,3743,4417,-674
119000056,2273,2554,-281
119000057,1332,2950,-1618
119000058,1980,2521,-541
119000059,1347,1940,-593
119000060,1363,1120,243
119000061,1049,1003,46
119000062,1189,1553,-364
119000063,471,620,-149
119000064,2044,2156,-112
119000065,2118,3993,-1875
119000066,2307,1361,946
119000067,2152,2912,-760
119000068,1619,1383,236
119000069,1781,3043,-1262
119000070,2248,1379,869
119000071,663,807,-144
119000072,7597,3955,3642
119000073,6193,7317,-1124
119000074,1347,3997,-2650
119000075,1999,2975,-976
119000076,593,920,-327
119000077,1091,513,578
119000078,476,317,159
119000079,170,696,-526
119000080,449,209,240
119000081,271,405,-134
119000082,777,272,505
119000083,528,406,122
119000084,309,539,-230
119000085,534,318,216
119000086,232,503,-271
119000087,1921,1101,820
119000088,322,280,42
119000089,58,241,-183
119000090,156,209,-53
119000091,108,375,-267
119000092,485,240,245
119000093,4540,3409,1131
119000094,3024,7018,-3994
119000095,1594,3408,-1814
119000097,2886,1859,1027
119000098,847,2543,-1696
119000099,2357,2172,185
119000100,3116,2786,330
119000101,4212,2122,2090
119000102,1186,912,274
119000103,1907,539,1368
119000104,3058,1508,1550
119000105,1081,1661,-580
119000106,396,1812,-1416
119000107,728,541,187
119000108,433,1387,-954
119000109,162,317,-155
119000110,601,287,314
119000111,80,522,-442
119000112,279,99,180
119000113,2672,312,2360
119000114,789,1171,-382
119000115,237,193,44
119000116,172,141,31
119000117,187,397,-210
119000118,1,1,0
119000123,5841,735,5106
119000124,824,244,580
119000125,2868,990,1878
119000126,1013,1006,7
119000127,568,843,-275
119000128,21,3,18
119000131,936,1110,-174
119000132,4,6,-2
119000133,2,5,-3
119000134,3296,724,2572
119000135,118,179,-61
119000136,181,218,-37
119000137,118,497,-379
119000138,299,384,-85
119000139,200,303,-103
119000140,168,351,-183
119000284,1454,3644,-2190
119000285,2522,2715,-193
119000286,8082,6610,1472
119000287,1563,2942,-1379
119000288,2246,1841,405
119000289,3475,4603,-1128
119000290,174,596,-422
119000291,2,535,-533
119000293,105,217,-112
119000294,60,56,4
119000295,2507,589,1918
119000296,197,202,-5
119000297,0,0,0
119000302,4102,1812,2290
119000303,65,230,-165
119000310,0,0,0
119000314,1526,8984,-7458
119000315,0,695,-695
119000316,121,139,-18
119000317,65,505,-440
119000319,423,300,123
119900001,268,1320,-1052
119900002,119,364,-245
119900003,32,1229,-1197
119900004,397,772,-375
119900005,152,170,-18
119900006,160,421,-261
119900007,1012,197,815
119900008,91,41,50
119900009,620,714,-94
119900010,1197,1108,89
119900011,19,86,-67
119900012,28,75,-47
119900013,1874,870,1004
119900014,792,242,550
119900015,72,30,42
119900016,33,99,-66
119900017,15,48,-33
119900018,2356,764,1592
119900019,25,8,17
119900020,170,233,-63
119900021,158,103,55
119900022,174,539,-365
119900023,843,1354,-511
119900025,119,21,98
119900026,750,92,658
119900027,89,56,33
119900028,318,107,211
119900029,0,8,-8
119900030,445,545,-100
119900031,81,346,-265
119900033,2118,209,1909
119900034,309,136,173
119900037,147,40,107
119900038,45,255,-210
119900039,81,5,76
119900040,190,13,177
119900041,76,36,40
119900042,100,141,-41
119900043,75,182,-107
119900044,184,703,-519
119900046,78,72,6
119900047,230,63,167
119900049,181,11,170
119900050,64,118,-54
119900051,895,11,884
119900052,26,44,-18
119900053,181,167,14
119900054,82,7,75
119900055,1075,402,673
119900057,199,99,100
119900058,189,6,183
119900059,177,96,81
119900060,218,20,198
119900061,200,9,191
119900062,46,31,15
119900063,14,53,-39
119900065,274,2,272
119900067,98,42,56
119900068,389,2,387
119900069,85,19,66
119900070,733,6,727
119900071,578,16,562
119900073,2078,656,1422
119900074,98,40,58
119900075,6167,2504,3663
119900076,588,544,44
119900077,612,1295,-683
119900078,488,1184,-696
119900079,489,364,125
119900080,470,406,64
119900081,516,257,259
119900082,1230,169,1061
119900083,383,141,242
119900084,929,306,623
119900085,98,73,25
119900086,368,1373,-1005
119900087,731,316,415
119900088,29,37,-8
119900089,30,663,-633
119900090,167,47,120
119900091,77,1476,-1399
119900092,67,380,-313
119900093,902,251,651
119900094,99,222,-123
119900095,173,100,73
119900096,33,103,-70
119900097,779,148,631
119900098,37,61,-24
119900099,33,218,-185
119900100,2955,2426,529
119900101,291,1143,-852
119900102,32,314,-282
119900103,37,359,-322
119900104,23,163,-140
119900105,921,1337,-416
119900106,26,213,-187
119900107,440,3995,-3555
119900108,2468,705,1763
119900109,40,233,-193
119900110,503,842,-339
119900111,71,422,-351
119900112,2796,659,2137
119900113,70,400,-330
119900114,212,1918,-1706
119900115,192,1418,-1226
119900116,166,498,-332
119900117,239,1005,-766
119900118,51,1240,-1189
119900119,167,309,-142
119900120,544,751,-207
119900121,389,1486,-1097
119900122,580,378,202
119900123,223,372,-149
119900124,208,1203,-995
119900125,35,405,-370
119900126,5329,323,5006
119900127,2928,1099,1829
119900128,435,985,-550
119900129,260,971,-711
119900130,44,336,-292
119900131,50,362,-312
119900132,2,300,-298
119900133,21,57,-36
119900134,2718,268,2450
119900135,4,451,-447
119900136,139,486,-347
119900138,357,676,-319
119900139,67,128,-61
119900140,7,165,-158
119900141,144,755,-611
119900142,1,16,-15
119900143,10,236,-226
119900144,2379,277,2102
119900145,133,252,-119
119900146,226,228,-2
119900147,5,186,-181
119900148,156,72,84
119900149,1983,3596,-1613
119900150,182,246,-64
119900151,1919,771,1148
119900152,107,501,-394
119900153,124,79,45
119900154,17,890,-873
119900155,41,45,-4
119900156,24,11,13
119900157,125,285,-160
119900158,124,78,46
119900159,13,1933,-1920
119900160,28,230,-202
119900161,243,305,-62
119900162,704,880,-176
119900163,135,183,-48
119900164,0,2,-2
119900165,106,238,-132
119900166,54,39,15
119900167,168,129,39
119900168,795,558,237
119900169,102,313,-211
119900170,158,206,-48
119900171,1004,536,468
119900172,139,21,118
119900173,10,503,-493
119900174,2,192,-190
119900175,1176,880,296
119900177,50,305,-255
119900178,9,183,-174
119900179,119,386,-267
119900180,972,804,168
119900181,48,114,-66
119900182,6,535,-529
119900183,169,957,-788
119900184,2973,693,2280
119900185,28,158,-130
119900186,76,681,-605
119900187,16,509,-493
119900188,71,348,-277
119900189,509,288,221
119900190,78,240,-162
119900191,363,149,214
119900192,42,237,-195
119900193,289,243,46
119900194,22,61,-39
119900195,26,197,-171
119900196,1451,471,980
119900197,139,163,-24
119900198,136,403,-267
119900199,139,26,113
119900200,571,685,-114
119900201,398,201,197
119900202,162,212,-50
119900203,179,445,-266
119900204,278,419,-141
119900205,514,736,-222
119900206,147,146,1
119900208,200,205,-5
119900209,514,1088,-574
119900210,31,36,-5
119900211,84,22,62
119900212,220,447,-227
119900213,6,48,-42
119900214,31,128,-97
119900215,40,90,-50
119900216,16,82,-66
119900217,10,68,-58
119900218,26,68,-42
119900219,21,148,-127
119900220,5,119,-114
119900221,25,342,-317
119900222,17,247,-230
119900223,10,109,-99
119900224,21,40,-19
119900225,1014,44,970
119900226,704,1691,-987
119900227,1138,382,756
119900228,45,296,-251
119900229,328,466,-138
119900230,1730,663,1067
119900231,211,226,-15
119900232,183,70,113
119900233,48,5,43
119900234,28,48,-20
119900235,26,42,-16
119900236,22,280,-258
119900237,53,503,-450
119900238,3,84,-81
119900240,76,183,-107
119900241,213,222,-9
119900242,1635,1898,-263
119900244,962,1537,-575
119900245,148,172,-24
119900246,219,463,-244
119900247,15,78,-63
119900248,86,152,-66
119900249,189,105,84
119900253,3757,473,3284
119900254,59,611,-552
119900255,90,505,-415
119900256,424,1229,-805
119900257,59,1,58
119900258,104,7,97
119900259,6,164,-158
119900260,79,3,76
119900261,286,210,76
119900262,6,315,-309
119900263,1235,480,755
119900264,119,279,-160
119900265,480,529,-49
119900266,260,346,-86
119900267,243,399,-156
119900268,161,216,-55
119900269,939,1459,-520
119900271,22,104,-82
119900272,288,79,209
119900275,94,20,74
119900276,46,2,44
119900277,13,5,8
119900278,249,95,154
119900279,108,287,-179
119900280,1149,200,949
119900281,0,190,-190
119900282,47,67,-20
119900283,13,345,-332
119900284,44,213,-169
119900285,26,74,-48
119900286,4,21,-17
119900288,10,68,-58
119900289,0,63,-63
119900290,6,51,-45
119900291,1,42,-41
119900292,30,34,-4
119900293,27,108,-81
119900294,56,102,-46
119900295,16,90,-74
119900296,24,339,-315
119900297,0,13,-13
119900298,1,4,-3
119900299,43,236,-193
119900300,230,241,-11
119900301,118,24,94
119900302,36,73,-37
119900303,192,217,-25
119900304,172,35,137
119900305,23,139,-116
119900306,14,2,12
119900307,39,147,-108
119900308,1,15,-14
119900309,20,104,-84
119900310,368,330,38
119900311,66,163,-97
119900312,131,98,33
119900313,237,373,-136
119900314,125,399,-274
119900315,1225,2847,-1622
119900318,7,29,-22
119900319,30,401,-371
119900320,124,682,-558
119900321,87,3,84
120000001,8933,17128,-8195
120000002,3106,3411,-305
120000003,3931,2031,1900
120000004,3418,2670,748
120000005,5354,2381,2973
120000006,1478,1630,-152
120000007,4300,3217,1083
120000008,1264,1604,-340
120000009,4469,1155,3314
120000010,2036,3363,-1327
120000011,1202,2343,-1141
120000012,1692,3379,-1687
120000013,2654,3164,-510
120000014,726,1969,-1243
120000015,2988,1984,1004
120000016,3605,3240,365
120000017,3016,2903,113
120000018,5010,10934,-5924
120000019,1071,1691,-620
120000020,3445,3474,-29
120000021,1964,2670,-706
120000022,2874,4277,-1403
120000023,971,2015,-1044
120000024,1595,2675,-1080
120000025,2454,2542,-88
120000026,1472,2243,-771
120000027,1651,2413,-762
120000028,1374,603,771
120000029,5728,734,4994
120000030,391,1411,-1020
120000031,1978,10831,-8853
120000032,10402,4775,5627
120000033,5145,2390,2755
120000034,1998,2583,-585
120000035,2024,2873,-849
120000036,2912,5850,-2938
120000037,714,1776,-1062
120000038,9660,3742,5918
120000039,587,1101,-514
120000040,112,221,-109
120000041,2408,1888,520
120000042,1892,3635,-1743
120000043,5266,2465,2801
120000044,5038,1768,3270
120000045,5068,1301,3767
120000046,2348,3011,-663
120000047,1835,5581,-3746
120000048,8361,4700,3661
120000049,4593,3246,1347
120000050,4499,5612,-1113
120000051,3357,5457,-2100
120000052,13724,2752,10972
120000053,1341,4023,-2682
120000054,1472,6052,-4580
120000055,1933,6619,-4686
120000056,3844,4639,-795
120000057,2854,868,1986
120000058,4202,349,3853
120000059,28,1546,-1518
120000061,184,822,-638
120000062,280,434,-154
120000063,2199,3057,-858
120000064,307,1736,-1429
120000065,758,2068,-1310
120000066,263,555,-292
120000067,67,586,-519
120000068,216,1212,-996
120000069,912,1737,-825
120000070,86,1126,-1040
120000071,376,267,109
120000072,657,666,-9
120000073,707,151,556
120000074,147,67,80
120000075,784,315,469
120000076,1734,509,1225
120000077,1778,776,1002
120000078,4017,1233,2784
120000079,395,665,-270
120000080,278,347,-69
120000081,387,271,116
120000082,264,334,-70
120000083,181,720,-539
120000084,444,471,-27
120000085,379,478,-99
120000086,358,799,-441
120000087,263,1023,-760
120000088,969,1520,-551
120000089,1097,814,283
120000090,738,599,139
120000091,813,1281,-468
120000092,1096,822,274
120000093,380,661,-281
120000094,169,858,-689
120000095,1061,661,400
120000096,276,1190,-914
120000098,877,1303,-426
120000099,352,975,-623
120000100,695,1249,-554
120000101,516,596,-80
120000102,473,758,-285
120000103,1350,874,476
120000104,1677,562,1115
120000105,2483,742,1741
120000106,2003,640,1363
120000107,3401,745,2656
120000108,1261,167,1094
120000109,1258,95,1163
120000110,127,1222,-1095
120000111,123,1504,-1381
120000112,921,4553,-3632
120000113,812,3308,-2496
120000114,999,3854,-2855
120000115,429,3037,-2608
120000116,718,2573,-1855
120000117,1608,1752,-144
120000118,56,22,34
120000119,53,100,-47
120000120,74,61,13
120000121,47,83,-36
120000122,359,473,-114
120000123,6729,5722,1007
120000124,502,524,-22
120000125,633,826,-193
120000126,526,933,-407
120000127,2707,1053,1654
120000128,4573,3260,1313
120000129,317,344,-27
120000130,926,816,110
120000131,331,774,-443
120000134,412,1427,-1015
120000135,370,589,-219
120000137,227,2009,-1782
120000138,716,616,100
120000139,291,1062,-771
120000140,668,712,-44
120000141,444,662,-218
120000142,676,779,-103
120000143,2,130,-128
120000144,66,5,61
120000145,355,5,350
120000146,2847,1167,1680
120000149,658,1390,-732
120000150,4792,11983,-7191
120000151,443,715,-272
120000152,489,250,239
120000153,175,828,-653
120000154,530,596,-66
120000155,100,305,-205
120000156,1830,1028,802
120000157,941,767,174
120000158,956,1271,-315
120000159,2307,3001,-694
120000160,2340,1732,608
120000161,2038,3172,-1134
120000162,108,393,-285
120000163,611,1902,-1291
120000164,424,507,-83
120000165,542,1072,-530
120000166,1180,682,498
120000167,43,56,-13
120000168,6,182,-176
120000169,53,584,-531
120000170,48,399,-351
120000171,32,146,-114
120000172,74,104,-30
120000173,4883,500,4383
120000174,1184,22,1162
120000175,1213,27,1186
120000176,501,30,471
120000177,2009,158,1851
120000178,288,12,276
120000179,630,47,583
120000180,980,98,882
120000181,205,483,-278
120000182,132,252,-120
120000183,29,214,-185
120000184,132,879,-747
120000186,88,212,-124
120000187,77,81,-4
120000188,625,157,468
120000190,1901,35,1866
120000191,1819,39,1780
120000192,1317,31,1286
120000193,507,15,492
120000195,116,1,115
120000196,382,61,321
120000197,131,205,-74
120000198,150,112,38
120000199,104,1,103
120000200,83,2,81
120000201,8,12,-4
120000202,1,65,-64
120000203,33,301,-268
120000207,0,96,-96
120000208,14,360,-346
120000209,5,94,-89
120000210,124,99,25
120000211,98,1,97
120000212,117,0,117
120000213,83,401,-318
120000214,5,392,-387
120000215,4,190,-186
120000216,56,8,48
120000217,751,1237,-486
120000218,222,959,-737
120000219,1,665,-664
120000220,22,2326,-2304
120000225,1152,3,1149
120000226,322,3,319
120000227,793,29,764
120000228,6881,2907,3974
120000230,332,8,324
120000231,1138,2828,-1690
120000233,218,22,196
120000235,159,871,-712
120000236,810,3,807
120000237,4,2326,-2322
120000238,10,304,-294
120000241,1284,4235,-2951
120000412,1279,8,1271
120000413,241,363,-122
120000414,84,0,84
120000415,2,175,-173
120000416,96,18,78
120000417,5,131,-126
120000418,65,9,56
120000419,14,465,-451
120000420,80,32,48
120000421,13821,7107,6714
120000422,221,854,-633
120000423,3,61,-58
120000424,57,157,-100
120000436,159,677,-518
120000437,218,177,41
120000438,5318,452,4866
120000439,186,518,-332
120000443,185,2,183
120000444,1251,821,430
120000445,1609,1522,87
120000446,1176,355,821
120000447,197,8,189
120000449,54,6,48
120000450,6,364,-358
120000451,115,301,-186
120000452,56,2,54
120000453,1,520,-519
120000454,109,46,63
120000455,89,123,-34
120000456,2902,3848,-946
120000457,1101,870,231
120000458,599,838,-239
120000459,69,117,-48
120000665,2509,270,2239
120000668,135,313,-178
120000669,74,280,-206
120000670,422,367,55
120000671,1284,566,718
120000672,189,623,-434
120900001,64,115,-51
120900002,542,385,157
120900003,369,41,328
120900004,8,71,-63
120900005,6,1517,-1511
120900006,344,194,150
120900007,140,157,-17
120900008,213,1482,-1269
120900009,1416,103,1313
120900010,436,99,337
120900011,385,170,215
120900012,723,1045,-322
120900013,343,81,262
120900014,3,705,-702
120900015,771,48,723
120900016,775,76,699
120900017,3840,118,3722
120900018,115,555,-440
120900019,541,252,289
120900020,884,1099,-215
120900021,600,117,483
120900022,62,390,-328
120900023,183,45,138
120900024,1956,470,1486
120900025,2240,1301,939
120900026,221,204,17
120900027,1247,42,1205
120900028,292,65,227
120900029,184,358,-174
120900030,1110,718,392
120900031,230,90,140
120900032,838,142,696
120900033,1010,45,965
120900034,20,2776,-2756
120900035,36,58,-22
120900037,170,10,160
120900038,47,208,-161
120900039,95,42,53
120900040,234,1,233
120900041,153,43,110
120900042,423,56,367
120900043,51,26,25
120900044,14,446,-432
120900045,187,104,83
120900046,362,4,358
120900047,159,73,86
120900048,95,8,87
120900049,304,2,302
120900050,3477,1468,2009
120900051,297,109,188
120900052,520,5,515
120900053,193,124,69
120900054,1927,757,1170
120900055,303,3,300
120900056,451,17,434
120900057,98,11,87
120900058,400,1,399
120900059,93,4,89
120900060,61,28,33
120900061,229,324,-95
120900062,212,1,211
120900063,529,3,526
120900064,442,1,441
120900065,359,1,358
120900066,286,376,-90
120900067,176,63,113
120900068,216,0,216
120900069,168,50,118
120900071,3,0,3
120900072,626,4,622
120900073,413,104,309
120900074,424,7,417
120900076,239,1,238
120900077,3959,332,3627
120900078,735,1245,-510
120900079,675,147,528
120900080,691,2696,-2005
120900081,1015,1043,-28
120900082,573,423,150
120900083,74,3,71
120900084,255,321,-66
120900085,153,170,-17
120900086,125,340,-215
120900087,403,265,138
120900088,235,306,-71
120900089,4870,2227,2643
120900090,177,251,-74
120900091,709,726,-17
120900092,1531,779,752
120900093,3938,288,3650
120900094,671,241,430
120900095,766,37,729
120900096,44,251,-207
120900097,760,1024,-264
120900098,354,235,119
120900099,66,83,-17
120900100,147,385,-238
120900101,865,390,475
120900102,29,190,-161
120900103,53,223,-170
120900104,17,53,-36
120900105,34,743,-709
120900106,1626,671,955
120900107,295,154,141
120900108,4,914,-910
120900109,63,783,-720
120900110,17,1729,-1712
120900111,165,464,-299
120900112,8,1347,-1339
120900113,43,1158,-1115
120900114,43,159,-116
120900115,180,287,-107
120900116,264,627,-363
120900117,4,741,-737
120900118,9,1071,-1062
120900119,3844,8511,-4667
120900120,55,735,-680
120900121,120,579,-459
120900122,360,813,-453
120900123,3,609,-606
120900124,6,835,-829
120900125,4,1088,-1084
120900126,1743,1174,569
120900127,14,696,-682
120900128,1304,1583,-279
120900129,43,359,-316
120900130,10,418,-408
120900131,53,108,-55
120900132,744,337,407
120900133,200,1295,-1095
120900134,1020,529,491
120900135,8,725,-717
120900136,33,72,-39
120900137,219,123,96
120900138,20,250,-230
120900139,5,949,-944
120900140,4,169,-165
120900141,141,138,3
120900142,26,772,-746
120900143,4,1059,-1055
120900144,0,184,-184
120900145,192,1101,-909
120900146,5,1160,-1155
120900147,3,603,-600
120900148,109,193,-84
120900149,2,464,-462
120900150,18,752,-734
120900151,19,828,-809
120900152,0,43,-43
120900153,8,76,-68
120900154,4,385,-381
120900155,158,1367,-1209
120900156,59,422,-363
120900157,47,299,-252
120900158,50,688,-638
120900159,219,478,-259
120900160,38,756,-718
120900161,59,561,-502
120900162,39,766,-727
120900163,32,365,-333
120900164,12,2,10
120900165,34,18,16
120900166,153,175,-22
120900167,471,141,330
120900169,60,520,-460
120900170,2741,2435,306
120900171,1148,451,697
120900172,1888,421,1467
120900173,5,68,-63
120900174,13,139,-126
120900175,371,186,185
120900176,8,360,-352
120900177,3,995,-992
120900178,9,272,-263
120900179,1069,562,507
120900180,160,121,39
120900181,507,111,396
120900182,22,936,-914
120900183,299,177,122
120900184,141,79,62
120900185,18,428,-410
120900186,2,620,-618
120900187,432,1030,-598
120900188,212,22,190
120900189,161,1073,-912
120900190,50,15,35
120900191,6,34,-28
120900192,14694,6018,8676
120900194,49,95,-46
120900195,159,268,-109
120900196,1486,81,1405
120900197,578,86,492
120900198,296,704,-408
120900199,319,388,-69
120900200,108,131,-23
120900201,568,175,393
120900202,2,183,-181
120900203,41,117,-76
120900204,226,400,-174
120900205,44,92,-48
120900206,16,25,-9
120900207,77,1653,-1576
121000001,1475,1167,308
121000002,4682,2598,2084
121000003,3862,2205,1657
121000004,3490,8361,-4871
121000005,2678,3221,-543
121000006,4156,2163,1993
121000007,4425,3285,1140
121000008,10464,4515,5949
121000009,7712,7055,657
121000010,12586,8137,4449
121000011,9772,15051,-5279
121000012,17569,12936,4633
121000013,5954,9107,-3153
121000014,8228,8315,-87
121000015,6588,8891,-2303
121000016,5850,5848,2
121000017,2377,4002,-1625
121000018,2647,2131,516
121000019,22912,13737,9175
121000020,14907,15743,-836
121000021,4464,3665,799
121000022,2884,2799,85
121000023,4277,3741,536
121000024,4832,4885,-53
121000025,689,1884,-1195
121000026,391,206,185
121000027,1544,1112,432
121000028,914,512,402
121000029,1133,769,364
121000030,730,438,292
121000031,835,685,150
121000032,239,136,103
121000034,715,214,501
121000035,283,105,178
121000036,2193,1177,1016
121000037,890,637,253
121000038,915,837,78
121000039,698,498,200
121000041,758,475,283
121000042,342,407,-65
121000043,996,667,329
121000044,2353,919,1434
121000045,419,294,125
121000046,649,878,-229
121000047,712,287,425
121000049,2061,696,1365
121000050,444,1365,-921
121000051,1205,371,834
121000052,731,660,71
121000053,406,106,300
121000054,64,337,-273
121000055,1667,1243,424
121000056,941,1046,-105
121000057,422,551,-129
121000058,422,167,255
121000059,2224,1547,677
121000060,526,1168,-642
121000061,199,177,22
121000062,160,389,-229
121000063,1019,746,273
121000064,913,970,-57
121000065,557,429,128
121000066,796,601,195
121000067,1186,415,771
121000068,1061,350,711
121000069,919,579,340
121000070,3047,1300,1747
121000071,2073,1446,627
121000072,1646,811,835
121000073,2006,967,1039
121000074,186,233,-47
121000075,96,171,-75
121000076,1569,433,1136
121000077,188,164,24
121000078,217,155,62
121000080,2625,747,1878
121000081,3001,4213,-1212
121000082,145,290,-145
121000083,292,122,170
121000084,207,154,53
121000085,289,624,-335
121000086,230,819,-589
121000087,88,344,-256
121000088,521,699,-178
121000089,342,380,-38
121000090,668,406,262
121000091,1470,871,599
121000092,242,72,170
121000093,138,237,-99
121000094,492,805,-313
121000095,435,576,-141
121000096,2472,2712,-240
121000097,1093,2042,-949
121000098,888,1505,-617
121000099,802,1006,-204
121000100,1198,724,474
121000101,531,334,197
121000102,324,355,-31
121000103,219,282,-63
121000104,333,166,167
121000105,393,251,142
121000106,298,440,-142
121000107,2921,3847,-926
121000109,1638,1278,360
121000110,367,1024,-657
121000114,3243,2392,851
121000115,1069,928,141
121000116,393,1010,-617
121000117,920,343,577
121000118,1663,210,1453
121000119,469,400,69
121000120,237,485,-248
121000121,842,1184,-342
121000123,1995,554,1441
121000127,267,136,131
121000128,1552,696,856
121000129,934,596,338
121000130,658,1083,-425
121000131,3013,2200,813
121000132,1923,1625,298
121000135,359,286,73
121000136,1937,637,1300
121000137,416,218,198
121000138,1846,761,1085
121000139,963,122,841
121000141,456,151,305
121000142,976,1138,-162
121000143,133,33,100
121000144,1059,1635,-576
121000145,779,1378,-599
121000146,1603,921,682
121000147,1378,641,737
121000148,1270,1201,69
121000149,3433,1416,2017
121000152,557,1032,-475
121000153,2099,922,1177
121000154,992,1198,-206
121000155,1383,1550,-167
121000156,415,1422,-1007
121000157,1201,2862,-1661
121000158,409,877,-468
121000159,203,671,-468
121000160,293,592,-299
121000161,163,353,-190
121000162,46,211,-165
121000165,1712,1751,-39
121000166,29,868,-839
121000168,672,329,343
121000169,102,171,-69
121000170,327,202,125
121000171,60,186,-126
121000172,795,621,174
121000173,1508,1212,296
121000174,352,577,-225
121000175,1065,458,607
121000176,471,238,233
121000177,1555,714,841
121000178,217,73,144
121000179,114,91,23
121000181,501,482,19
121000182,111,200,-89
121000183,98,97,1
121000184,210,104,106
121000185,57,198,-141
121000186,251,399,-148
121000187,184,268,-84
121000188,190,280,-90
121000192,761,421,340
121000193,782,688,94
121000194,2796,2445,351
121000195,462,1041,-579
121000196,1277,292,985
121000197,513,698,-185
121000198,594,137,457
121000199,349,472,-123
121000200,1093,94,999
121000201,8,248,-240
121000202,1217,124,1093
121000203,1053,2139,-1086
121000204,3832,879,2953
121000205,338,295,43
121000206,282,40,242
121000207,2700,499,2201
121000208,9,430,-421
121000209,430,392,38
121000210,541,549,-8
121000211,361,211,150
121000212,399,824,-425
121000213,9398,3362,6036
121000214,848,4273,-3425
121000215,1322,885,437
121000216,810,1177,-367
121000217,6548,4512,2036
121000218,915,2076,-1161
121000219,3032,574,2458
121000220,399,47,352
121000221,215,316,-101
121000222,3687,2535,1152
121000223,1288,388,900
121000224,581,159,422
121000225,4135,1302,2833
121000226,11065,1656,9409
121000227,20,226,-206
121000228,24,606,-582
121000229,322,347,-25
121000230,56,1674,-1618
121000231,980,40,940
121000232,377,314,63
121000233,685,363,322
121000234,47,51,-4
121000235,115,92,23
121000236,17,73,-56
121000237,33,10,23
121000238,6,105,-99
121000239,72,6,66
121000240,11,423,-412
121000241,168,21,147
121000242,51,319,-268
121000243,702,190,512
121000244,8,52,-44
121000245,178,35,143
121000246,2,118,-116
121000247,91,6,85
121000248,1720,742,978
121000249,194,308,-114
121000250,900,200,700
121000251,38,513,-475
121000252,130,77,53
121000253,1048,527,521
121000254,1937,319,1618
121000255,368,176,192
121000256,581,230,351
121000257,161,92,69
121000258,529,47,482
121000259,288,117,171
121000260,342,176,166
121000261,461,69,392
121000262,1181,1057,124
121000263,439,541,-102
121000271,262,1784,-1522
121000273,258,10,248
121000274,50,49,1
121000275,3,12,-9
121000276,6,45,-39
121000278,330,61,269
121000279,88,7,81
121000280,179,33,146
121000289,245,28,217
121000290,1366,811,555
121000294,142,185,-43
121000297,1078,1459,-381
121000299,627,280,347
121000300,624,699,-75
121000302,204,1422,-1218
121000303,789,532,257
121000304,569,71,498
121000305,148,40,108
121000306,107,141,-34
121000308,199,497,-298
121000309,533,620,-87
121000310,163,356,-193
121000311,74,901,-827
121000312,406,245,161
121000313,377,636,-259
121000314,214,190,24
121000315,81,155,-74
121000530,1470,1617,-147
121000531,1647,1576,71
121000532,6720,6520,200
121000533,2834,3348,-514
121000918,197,199,-2
121000919,90,47,43
121000938,554,404,150
121000939,627,408,219
121000956,1164,1763,-599
121000957,6,9,-3
121000958,266,30,236
121000959,858,992,-134
121000960,3325,2455,870
121000961,277,206,71
121000962,347,1295,-948
121000963,0,0,0
121000973,0,113,-113
121000976,15,211,-196
121000979,440,161,279
121000981,488,331,157
121000982,559,234,325
121000983,560,440,120
121000984,56,66,-10
121000985,683,682,1
121000986,952,346,606
121000987,315,1463,-1148
121000988,937,170,767
121001302,363,157,206
121001308,9,13,-4
121001309,179,111,68
121001311,0,0,0
121001313,509,281,228
121001314,3464,4295,-831
121001315,5034,3090,1944
121001326,489,516,-27
121900001,161,223,-62
121900002,160,26,134
121900003,432,11,421
121900004,178,410,-232
121900005,21,4,17
121900006,107,17,90
121900007,1982,2857,-875
121900008,1057,213,844
121900009,547,13,534
121900010,265,2,263
121900011,191,405,-214
121900012,24,1,23
121900013,2012,81,1931
121900014,1384,403,981
121900015,215,222,-7
121900016,7,64,-57
121900017,458,607,-149
121900018,387,4,383
121900019,484,343,141
121900020,51,1,50
121900021,787,26,761
121900022,229,226,3
121900023,92,295,-203
121900024,378,134,244
121900025,553,387,166
121900026,363,39,324
121900027,316,109,207
121900028,256,52,204
121900029,131,215,-84
121900030,741,812,-71
121900031,1247,8812,-7565
121900032,100,78,22
121900033,152,174,-22
121900034,645,83,562
121900035,2524,2241,283
121900036,96,339,-243
121900037,180,668,-488
121900038,25,157,-132
121900039,520,27,493
121900040,48,83,-35
121900041,70,169,-99
121900042,389,136,253
121900043,19,17,2
121900044,215,88,127
121900046,275,269,6
121900047,183,90,93
121900048,31,128,-97
121900050,21,47,-26
121900051,149,196,-47
121900052,134,72,62
121900053,593,522,71
121900054,672,939,-267
121900055,0,17,-17
121900058,268,162,106
121900059,403,197,206
121900060,125,376,-251
121900062,171,104,67
121900063,2204,315,1889
121900064,279,699,-420
121900066,71,22,49
121900067,37,61,-24
121900069,201,91,110
121900070,400,111,289
121900071,259,295,-36
121900072,40,217,-177
121900073,293,216,77
121900074,740,1037,-297
121900075,1179,415,764
121900076,1087,671,416
121900078,97,35,62
121900079,1,0,1
121900080,827,306,521
121900082,47,120,-73
121900084,10,230,-220
121900086,33,28,5
121900087,206,88,118
121900088,1520,3072,-1552
121900089,199,371,-172
121900090,13,104,-91
121900091,83,162,-79
121900092,68,72,-4
121900093,94,74,20
121900094,11,7,4
121900095,202,155,47
121900096,1617,911,706
121900097,658,159,499
121900098,9,0,9
121900099,214,63,151
121900100,297,350,-53
121900101,143,124,19
121900102,6,131,-125
121900103,1200,276,924
121900104,1477,327,1150
121900105,240,189,51
121900106,2,5,-3
121900107,41,28,13
121900108,3,29,-26
121900109,367,165,202
121900110,444,1242,-798
121900111,1506,130,1376
121900112,217,121,96
121900113,68,706,-638
121900114,43,73,-30
121900117,302,52,250
121900118,2318,605,1713
121900119,101,130,-29
121900120,97,1713,-1616
121900121,626,50,576
121900122,23,62,-39
121900123,196,502,-306
121900124,84,149,-65
121900125,975,1214,-239
121900127,20,92,-72
121900128,125,113,12
121900129,748,180,568
121900130,134,180,-46
121900131,350,68,282
121900132,82,107,-25
121900133,98,451,-353
121900134,67,139,-72
121900135,2248,313,1935
121900136,243,522,-279
121900137,33,463,-430
121900138,130,173,-43
121900139,457,436,21
121900140,59,191,-132
121900141,85,26,59
121900142,103,132,-29
121900143,6,129,-123
121900144,129,266,-137
121900145,169,250,-81
121900146,646,813,-167
121900147,52,176,-124
121900148,164,232,-68
121900149,339,663,-324
121900150,66,135,-69
121900151,93,248,-155
121900152,100,163,-63
121900153,131,622,-491
121900154,9,206,-197
121900155,1,126,-125
121900156,108,100,8
121900157,3,476,-473
121900158,74,130,-56
121900159,4,224,-220
121900160,89,291,-202
121900161,373,330,43
121900162,135,153,-18
121900163,334,666,-332
121900164,489,175,314
121900165,264,145,119
121900166,391,189,202
121900167,149,117,32
121900168,222,224,-2
121900169,3,305,-302
121900170,2,254,-252
121900171,599,554,45
121900172,560,248,312
121900173,1002,297,705
121900174,45,58,-13
121900175,333,180,153
121900176,693,1538,-845
121900177,185,59,126
121900178,50,76,-26
121900179,500,164,336
121900180,4799,4066,733
121900182,1025,302,723
121900183,889,660,229
121900184,55,529,-474
121900186,8,224,-216
121900187,51,152,-101
121900188,533,668,-135
121900189,39,107,-68
121900190,440,598,-158
121900191,104,276,-172
121900192,343,759,-416
121900193,58,241,-183
121900194,5,129,-124
121900195,112,90,22
121900196,1204,1288,-84
121900197,447,1805,-1358
121900198,1014,1597,-583
121900199,5,20,-15
121900200,165,267,-102
121900201,1236,788,448
121900202,184,515,-331
121900203,182,1047,-865
121900204,939,1486,-547
121900205,14,92,-78
121900206,11,16,-5
121900207,175,37,138
121900208,249,342,-93
121900209,43,37,6
121900210,1892,1230,662
121900211,466,1088,-622
121900212,130,120,10
121900213,154,98,56
121900214,3,532,-529
121900215,88,100,-12
121900216,65,104,-39
121900217,211,87,124
121900218,231,476,-245
121900220,106,8,98
121900221,324,667,-343
121900222,261,174,87
121900223,212,75,137
121900224,103,64,39
121900225,313,147,166
121900226,278,532,-254
121900227,180,546,-366
121900228,227,431,-204
121900230,192,174,18
121900231,525,772,-247
121900232,414,474,-60
121900233,254,200,54
121900234,495,327,168
121900235,542,217,325
121900236,383,211,172
121900237,181,288,-107
121900238,156,267,-111
121900239,159,31,128
121900240,192,107,85
121900241,48,69,-21
121900242,5,0,5
121900243,12,0,12
121900244,16,1,15
121900245,184,68,116
121900246,2473,295,2178
121900248,1549,1272,277
121900250,249,295,-46
121900251,340,48,292
121900252,560,151,409
121900253,270,1116,-846
121900254,574,258,316
121900255,229,84,145
121900258,3086,2093,993
121900259,357,699,-342
121900260,43,182,-139
121900261,188,631,-443
121900262,409,1311,-902
121900263,167,424,-257
121900264,2162,1860,302
121900265,248,340,-92
121900266,363,199,164
121900267,60,42,18
121900269,161,650,-489
121900270,23,215,-192
121900271,36,121,-85
121900273,757,2468,-1711
121900274,380,254,126
121900277,556,1071,-515
121900278,142,846,-704
121900279,212,203,9
121900280,386,333,53
121900281,638,221,417
121900284,65,18,47
121900286,314,134,180
121900287,15,23,-8
121900288,14,3,11
121900290,243,249,-6
121900291,462,783,-321
121900292,244,147,97
121900293,1002,2933,-1931
121900294,275,1,274
121900295,84,330,-246
121900296,127,93,34
121900298,566,772,-206
121900299,0,3,-3
121900300,105,0,105
121900301,89,3,86
121900302,3,38,-35
121900303,1024,337,687
121900304,1,10,-9
121900305,10,2,8
121900306,51,2,49
121900307,42,17,25
121900308,25,271,-246
121900309,27,252,-225
121900310,25,380,-355
121900311,456,29,427
121900312,242,38,204
121900313,738,25,713
121900314,1,72,-71
121900315,12,1,11
121900316,0,13,-13
121900317,4,7,-3
121900318,1,18,-17
121900319,40,388,-348
121900320,62,149,-87
121900321,17,2,15
121900322,0,31,-31
121900323,15,9,6
121900324,15,106,-91
121900325,19,3,16
121900326,7,26,-19
121900327,5,96,-91
121900328,0,44,-44
121900329,3,223,-220
121900330,0,25,-25
121900331,7,10,-3
121900332,97,51,46
121900333,33,2,31
121900334,280,94,186
122000001,2945,5532,-2587
122000002,6413,2010,4403
122000003,2442,2725,-283
122000004,3864,1849,2015
122000005,2859,1633,1226
122000006,2260,921,1339
122000007,1557,2063,-506
122000008,5334,6093,-759
122000009,521,413,108
122000010,2307,3671,-1364
122000011,3231,1493,1738
122000012,1578,1438,140
122000013,2622,1379,1243
122000014,1791,2027,-236
122000015,1449,1131,318
122000016,619,875,-256
122000017,1179,1073,106
122000018,1501,1158,343
122000019,849,1395,-546
122000020,164,209,-45
122000021,483,406,77
122000022,1666,1286,380
122000023,885,2819,-1934
122000024,882,1067,-185
122000025,2417,1762,655
122000026,1453,1050,403
122000027,637,5008,-4371
122000028,721,407,314
122000029,468,401,67
122000030,401,166,235
122000031,211,363,-152
122000032,2170,3583,-1413
122000033,1200,1174,26
122000034,1065,747,318
122000035,320,1123,-803
122000036,670,654,16
122000037,377,299,78
122000038,324,401,-77
122000039,758,661,97
122000040,333,612,-279
122000041,635,630,5
122000042,521,585,-64
122000043,135,143,-8
122000044,117,179,-62
122000045,2102,475,1627
122000046,894,1160,-266
122000047,309,253,56
122000048,3954,5378,-1424
122000049,6689,3135,3554
122000050,1974,840,1134
122000051,500,398,102
122000052,618,381,237
122000053,270,666,-396
122000054,2845,2132,713
122000055,3151,3305,-154
122000056,5761,4446,1315
122000057,3850,3987,-137
122000058,4233,1383,2850
122000059,3927,1835,2092
122000060,873,706,167
122000061,528,546,-18
122000062,1652,443,1209
122000063,1739,740,999
122000064,4118,2944,1174
122000065,5877,2676,3201
122000066,569,407,162
122000067,2775,1336,1439
122000068,1577,1830,-253
122000069,1192,876,316
122000070,839,4652,-3813
122000071,1471,1808,-337
122000072,355,373,-18
122000073,490,577,-87
122000074,3002,1733,1269
122000075,694,1852,-1158
122000076,2187,1196,991
122000077,2345,783,1562
122000078,3194,2766,428
122000079,3192,1182,2010
122000080,1570,417,1153
122000081,257,399,-142
122000082,1343,903,440
122000083,1624,3867,-2243
122000084,1363,808,555
122000085,324,2017,-1693
122000086,2780,6241,-3461
122000087,402,222,180
122000088,385,393,-8
122000089,7542,3481,4061
122000090,343,585,-242
122000091,519,68,451
122000092,291,22,269
122000093,2545,1229,1316
122000094,8760,2192,6568
122000095,3416,3261,155
122000096,2604,2253,351
122000098,3508,1999,1509
122000099,5023,744,4279
122000100,1404,883,521
122000101,325,1659,-1334
122000102,1934,1245,689
122000103,2176,1578,598
122000104,652,182,470
122000105,647,267,380
122000106,623,630,-7
122000107,995,601,394
122000108,505,762,-257
122000109,407,487,-80
122000110,413,511,-98
122000111,2906,1252,1654
122000112,983,1759,-776
122000113,718,701,17
122000114,6410,2033,4377
122000115,1896,2806,-910
122000116,569,628,-59
122000117,1518,517,1001
122000118,607,1053,-446
122000119,3963,3255,708
122000120,3113,5946,-2833
122000121,3513,3312,201
122000122,1022,1649,-627
122000123,2398,2169,229
122000124,1121,637,484
122000125,665,806,-141
122000126,790,1376,-586
122000127,1432,1685,-253
122000128,823,922,-99
122000129,678,2022,-1344
122000130,4118,1963,2155
122000131,2321,2410,-89
122000132,868,779,89
122000133,1191,1834,-643
122000134,1029,1053,-24
122000135,920,889,31
122000136,1176,822,354
122000137,1647,1128,519
122000139,2188,3759,-1571
122000140,1694,557,1137
122000141,4940,1250,3690
122000142,516,890,-374
122000143,545,1022,-477
122000144,2036,2326,-290
122000145,1766,1042,724
122000146,636,1625,-989
122000147,1093,630,463
122000148,3004,1644,1360
122000149,2401,1947,454
122000150,1523,1172,351
122000151,309,482,-173
122000152,562,570,-8
122000153,472,419,53
122000154,362,231,131
122000155,1787,3051,-1264
122000156,2137,2254,-117
122000157,2302,1364,938
122000158,501,877,-376
122000159,1275,2539,-1264
122000160,6083,4214,1869
122000161,1790,1597,193
122000162,2477,2267,210
122000163,215,77,138
122000164,36,98,-62
122000165,1172,780,392
122000166,1923,1372,551
122000167,227,229,-2
122000168,221,581,-360
122000169,684,229,455
122000170,356,299,57
122000171,52,60,-8
122000172,1423,1810,-387
122000173,1410,2332,-922
122000174,3057,924,2133
122000175,1931,382,1549
122000176,291,683,-392
122000177,2120,1448,672
122000178,3425,4029,-604
122000179,1788,2682,-894
122000180,1680,1382,298
122000181,2007,3252,-1245
122000182,1877,1707,170
122000183,2020,1473,547
122000184,2288,2337,-49
122000185,1114,1457,-343
122000186,613,877,-264
122000187,2673,1274,1399
122000188,462,196,266
122000189,227,356,-129
122000190,1378,1396,-18
122000191,1149,607,542
122000192,1478,372,1106
122000193,571,590,-19
122000194,968,197,771
122000195,308,441,-133
122000196,1339,637,702
122000197,583,534,49
122000198,552,809,-257
122000199,471,363,108
122000200,1669,914,755
122000201,1279,1482,-203
122000202,1493,1168,325
122000203,2778,1756,1022
122000204,2016,2072,-56
122000205,1707,1749,-42
122000206,2837,985,1852
122000207,2465,1217,1248
122000208,3706,1700,2006
122000209,3775,440,3335
122000210,3366,2027,1339
122000211,2056,1159,897
122000212,1095,743,352
122000213,1237,1635,-398
122000214,2378,2213,165
122000215,2091,1744,347
122000217,2671,1529,1142
122000218,1023,169,854
122000219,1426,1144,282
122000220,504,780,-276
122000221,123,589,-466
122000222,792,192,600
122000223,1840,581,1259
122000225,1358,383,975
122000226,2729,2387,342
122000227,476,3763,-3287
122000228,543,388,155
122000229,40,471,-431
122000230,78,698,-620
122000231,375,863,-488
122000232,914,1084,-170
122000233,0,121,-121
122000234,426,167,259
122000235,1367,182,1185
122000236,1268,161,1107
122000237,104,89,15
122000238,455,442,13
122000239,573,163,410
122000240,1915,556,1359
122000241,1958,627,1331
122000242,805,135,670
122000243,338,84,254
122000244,94,481,-387
122000245,128,356,-228
122000246,494,261,233
122000247,681,864,-183
122000248,1619,2173,-554
122000249,1551,1005,546
122000250,2870,1414,1456
122000251,245,583,-338
122000252,635,123,512
122000253,36,308,-272
122000254,344,93,251
122000255,837,1747,-910
122000256,480,1306,-826
122000257,314,410,-96
122000258,643,289,354
122000259,25,724,-699
122000260,391,790,-399
122000261,43,265,-222
122000262,0,71,-71
122000263,303,93,210
122000264,1422,550,872
122000265,3529,915,2614
122000266,8355,735,7620
122000267,242,130,112
122000268,239,466,-227
122000269,1274,356,918
122000270,2637,167,2470
122000271,510,1022,-512
122000272,404,1102,-698
122000273,509,453,56
122000274,228,283,-55
122000275,407,244,163
122000276,976,562,414
122000277,1702,1634,68
122000278,2228,1020,1208
122000279,276,542,-266
122000280,1572,868,704
122000281,1180,933,247
122000282,260,138,122
122000283,1208,78,1130
122000284,223,100,123
122000285,810,87,723
122000286,356,143,213
122000287,1866,1647,219
122000288,1205,351,854
122000291,2077,1041,1036
122000293,401,341,60
122000294,162,275,-113
122000295,1833,254,1579
122000296,62,1049,-987
122000297,2970,3377,-407
122000299,385,420,-35
122000300,697,762,-65
122000301,13431,3564,9867
122000302,1033,1629,-596
122000303,4410,1633,2777
122000304,81,326,-245
122000305,1106,1001,105
122000306,28,960,-932
122000307,156,166,-10
122000309,192,87,105
122000310,101,89,12
122000311,441,246,195
122000312,226,111,115
122000313,173,70,103
122000314,216,322,-106
122000315,342,28,314
122000316,697,241,456
122000317,1413,296,1117
122000318,268,519,-251
122000319,385,585,-200
122000320,493,2129,-1636
122000321,161,269,-108
122000322,2556,3674,-1118
122000323,1718,2516,-798
122000324,1584,1500,84
122000325,1052,1727,-675
122000326,72,125,-53
122000327,735,1507,-772
122000328,1409,828,581
122000330,2451,952,1499
122000333,13,184,-171
122000337,1103,1975,-872
122000338,441,427,14
122000340,596,416,180
122000342,2489,1075,1414
122000343,505,1514,-1009
122000344,93,39,54
122000345,60,72,-12
122000346,329,587,-258
122000348,791,683,108
122000349,109,719,-610
122000351,158,212,-54
122000352,428,148,280
122000353,102,140,-38
122000355,213,192,21
122000356,2533,1001,1532
122000357,123,23,100
122000358,0,57,-57
122000359,0,40,-40
122000360,0,38,-38
122000362,11,108,-97
122000364,120,409,-289
122000365,1,52,-51
122000366,21,9,12
122000368,464,653,-189
122000370,18,65,-47
122000371,48,1,47
122000372,60,1,59
122000381,64,379,-315
122000382,114,340,-226
122000384,5398,2227,3171
122000385,48,0,48
122000386,878,1641,-763
122000387,1089,536,553
122000388,2085,823,1262
122000389,209,714,-505
122000390,674,268,406
122000391,478,120,358
122000392,181,264,-83
122000393,688,368,320
122000394,564,296,268
122000395,224,191,33
122000396,475,174,301
122000397,114,82,32
122000398,37,80,-43
122000399,197,77,120
122000400,217,492,-275
122000401,204,88,116
122000402,323,142,181
122000403,488,1210,-722
122000404,170,396,-226
122000408,1143,1592,-449
122000503,6,180,-174
122000524,172,98,74
122000544,70,5639,-5569
122000614,517,463,54
122000616,234,2,232
122000640,104,176,-72
122000641,119,431,-312
122000642,1966,1061,905
122000643,53,172,-119
122000644,246,35,211
122000645,97,424,-327
122000651,2726,721,2005
122000664,234,66,168
122000665,1257,599,658
122000666,590,1110,-520
122000673,53,411,-358
122000674,200,69,131
122000675,2111,1463,648
122000686,520,1349,-829
122000687,2515,352,2163
122000688,228,938,-710
122000689,1030,724,306
122000690,1578,652,926
122000691,474,2531,-2057
122000692,1522,451,1071
122000693,498,1918,-1420
122000695,345,521,-176
122000696,482,389,93
122000698,448,958,-510
122000699,281,53,228
122000701,1672,418,1254
122000702,506,1737,-1231
122000703,184,101,83
122000712,0,0,0
122000717,254,72,182
122000718,1158,2231,-1073
122000719,157,112,45
122000720,457,356,101
122000724,312,387,-75
122900001,38,13,25
122900002,1347,4963,-3616
122900003,416,63,353
122900004,479,48,431
122900005,80,12,68
122900006,1780,143,1637
122900007,162,52,110
122900008,1148,68,1080
122900009,859,463,396
122900010,177,237,-60
122900012,278,247,31
122900014,157,313,-156
122900015,2152,796,1356
122900016,290,223,67
122900017,475,893,-418
122900018,320,20,300
122900020,682,305,377
122900021,74,1202,-1128
122900022,850,1035,-185
122900023,280,171,109
122900024,139,120,19
122900025,18,188,-170
122900026,109,369,-260
122900027,55,916,-861
122900028,130,185,-55
122900029,4843,3005,1838
122900030,1290,454,836
122900031,154,302,-148
122900032,105,476,-371
122900033,378,143,235
122900034,4154,6910,-2756
122900035,55,5,50
122900036,40,228,-188
122900037,649,101,548
122900038,155,4269,-4114
122900039,113,588,-475
122900040,368,309,59
122900041,332,162,170
122900042,213,254,-41
122900043,629,200,429
122900044,119,385,-266
122900045,114,91,23
122900046,317,85,232
122900047,467,202,265
122900048,36,394,-358
122900049,1911,132,1779
122900051,85,122,-37
122900052,68,188,-120
122900053,33,35,-2
122900055,533,176,357
122900057,416,53,363
122900061,526,206,320
122900062,510,830,-320
122900063,269,354,-85
122900064,1737,511,1226
122900065,690,194,496
122900066,647,305,342
122900067,1244,810,434
122900069,337,2239,-1902
122900070,431,54,377
122900071,156,527,-371
122900073,24,321,-297
122900074,589,562,27
122900075,2,60,-58
122900076,10,285,-275
122900077,21,181,-160
122900078,167,98,69
122900080,58,28,30
122900081,437,188,249
122900082,768,257,511
122900083,251,208,43
122900084,8,332,-324
122900086,21,122,-101
122900087,293,523,-230
122900088,44,117,-73
122900089,324,297,27
122900090,6,688,-682
122900091,243,0,243
122900092,133,275,-142
122900093,2,265,-263
122900094,2,233,-231
122900095,204,11,193
122900096,161,174,-13
122900097,58,49,9
122900098,115,92,23
122900099,58,11,47
122900100,954,159,795
122900101,1071,325,746
122900102,31,27,4
122900103,132,7,125
122900104,108,6,102
122900105,12,10,2
122900106,0,70,-70
122900107,5,245,-240
122900108,16,334,-318
122900109,189,162,27
123000001,2302,553,1749
123000002,6425,4881,1544
123000003,4539,4218,321
123000004,3659,5415,-1756
123000005,3130,3851,-721
123000006,2826,3163,-337
123000007,4527,3692,835
123000008,3221,4359,-1138
123000009,5687,3799,1888
123000010,4084,4375,-291
123000011,5341,1082,4259
123000012,1522,2825,-1303
123000013,4419,1375,3044
123000014,1600,4274,-2674
123000015,5743,1421,4322
123000016,6573,4359,2214
123000017,3784,2265,1519
123000018,113,121,-8
123000019,249,361,-112
123000020,155,170,-15
123000021,119,520,-401
123000022,389,4202,-3813
123000023,1740,1798,-58
123000024,1868,825,1043
123000025,349,294,55
123000026,47,122,-75
123000027,1486,295,1191
123000028,2381,283,2098
123000029,3050,364,2686
123000030,559,492,67
123000031,166,412,-246
123000032,331,275,56
123000033,411,82,329
123000034,1647,1478,169
123000035,335,481,-146
123000036,335,1216,-881
123000037,284,366,-82
123000038,232,273,-41
123000039,526,1608,-1082
123000040,1134,409,725
123000041,1828,1233,595
123000042,1438,692,746
123000043,2303,5686,-3383
123000044,5807,2542,3265
123000045,8820,2843,5977
123000046,951,1918,-967
123000047,1471,925,546
123000048,68,584,-516
123000049,4711,7235,-2524
123000050,1346,1643,-297
123000051,192,250,-58
123000052,835,3935,-3100
123000053,3021,3608,-587
123000054,1873,1673,200
123000055,1360,2310,-950
123000056,1665,2055,-390
123000057,11191,4363,6828
123000058,592,365,227
123000059,185,230,-45
123000060,721,452,269
123000061,234,602,-368
123000063,900,1103,-203
123000064,2633,1047,1586
123000065,5851,3377,2474
123000066,754,704,50
123000067,1241,914,327
123000068,3613,3682,-69
123000069,7025,4140,2885
123000070,201,173,28
123000071,1887,1428,459
123000072,1443,1326,117
123000073,1274,954,320
123000074,1059,1429,-370
123000075,535,1432,-897
123000076,688,1112,-424
123000077,3096,3977,-881
123000078,1510,2180,-670
123000079,1613,2541,-928
123000080,2866,2535,331
123000081,330,772,-442
123000082,732,1547,-815
123000083,1241,666,575
123000084,2489,1248,1241
123000085,2850,1609,1241
123000086,742,759,-17
123000087,583,500,83
123000088,1711,1174,537
123000089,592,1445,-853
123000090,1268,1149,119
123000091,1894,2152,-258
123000092,1403,1544,-141
123000094,763,606,157
123000095,453,720,-267
123000096,739,494,245
123000097,610,949,-339
123000098,871,794,77
123000099,584,951,-367
123000100,595,684,-89
123000101,583,732,-149
123000102,672,702,-30
123000104,370,557,-187
123000105,572,506,66
123000106,660,642,18
123000107,425,706,-281
123000108,881,1497,-616
123000111,1831,1367,464
123000112,862,968,-106
123000113,1294,1956,-662
123000114,598,873,-275
123000115,408,377,31
123000116,34,214,-180
123000117,1842,2014,-172
123000118,541,905,-364
123000119,361,1028,-667
123000120,1171,1337,-166
123000121,508,796,-288
123000122,462,272,190
123000123,487,771,-284
123000124,660,586,74
123000125,1115,1300,-185
123000126,1452,3189,-1737
123000127,1146,920,226
123000128,455,500,-45
123000129,662,255,407
123000130,581,78,503
123000131,841,774,67
123000132,541,836,-295
123000133,385,522,-137
123000134,525,206,319
123000135,2551,3367,-816
123000136,258,1065,-807
123000137,120,350,-230
123000138,109,390,-281
123000139,513,208,305
123000140,117,879,-762
123000141,898,206,692
123000142,1124,1205,-81
123000143,2299,2778,-479
123000144,81,48,33
123000145,294,129,165
123000146,81,98,-17
123000147,181,123,58
123000149,1036,618,418
123000150,473,309,164
123000151,538,687,-149
123000152,175,413,-238
123000153,235,793,-558
123000154,2427,2467,-40
123000155,2766,1208,1558
123000156,131,241,-110
123000157,859,1076,-217
123000158,718,1125,-407
123000159,3791,3055,736
123000160,1489,1366,123
123000161,1930,1258,672
123000162,993,1234,-241
123000163,626,349,277
123000164,1125,420,705
123000165,338,1382,-1044
123000166,55,206,-151
123000167,168,386,-218
123000168,285,293,-8
123000169,853,147,706
123000170,116,304,-188
123000171,493,44,449
123000172,194,709,-515
123000173,617,279,338
123000174,1058,409,649
123000175,789,1574,-785
123000176,1052,401,651
123000177,345,1095,-750
123000178,1234,542,692
123000179,56,381,-325
123000180,1820,481,1339
123000181,417,1914,-1497
123000182,213,414,-201
123000183,251,685,-434
123000184,184,735,-551
123000185,504,634,-130
123000186,9,734,-725
123000187,621,12,609
123000188,268,4,264
123000189,19,209,-190
123000190,5,61,-56
123000192,70,677,-607
123000193,88,1192,-1104
123000194,550,447,103
123000195,627,126,501
123000196,145,95,50
123000197,64,38,26
123000198,9,219,-210
123000199,0,453,-453
123000200,522,12,510
123000201,435,16,419
123000202,9,936,-927
123000203,791,67,724
123000204,47,685,-638
123000205,598,2393,-1795
123000206,2386,337,2049
123000207,151,867,-716
123000208,1034,696,338
123000209,2980,1130,1850
123000210,443,1912,-1469
123000211,388,2653,-2265
123000212,3982,709,3273
123000213,1043,126,917
123000215,318,284,34
123000216,198,2057,-1859
123000217,199,37,162
123000218,101,594,-493
123000219,1217,210,1007
123000220,584,88,496
123000221,283,147,136
123000222,472,460,12
123000223,197,460,-263
123000224,459,698,-239
123000225,296,108,188
123000226,114,346,-232
123000227,100,336,-236
123000228,269,74,195
123000229,1355,1994,-639
123000232,98,691,-593
123000233,864,251,613
123000234,200,777,-577
123000235,847,333,514
123000236,278,900,-622
123000237,349,88,261
123000238,118,708,-590
123000239,576,1721,-1145
123000240,55,492,-437
123000241,819,144,675
123000242,88,231,-143
123000243,928,1015,-87
123000244,1153,904,249
123000245,72,219,-147
123000249,762,1040,-278
123000252,1071,249,822
123000253,1151,570,581
123000254,639,1092,-453
123000255,1381,1062,319
123000256,179,795,-616
123000257,2899,2643,256
123000258,1397,1605,-208
123000259,342,527,-185
123000260,422,567,-145
123000261,194,177,17
123000262,112,289,-177
123000263,409,118,291
123000264,227,91,136
123000265,27,179,-152
123000266,596,835,-239
123000267,580,423,157
123000268,39,83,-44
123000269,53,84,-31
123000270,20,79,-59
123000271,82,68,14
123000272,857,304,553
123000273,351,711,-360
123000274,1383,756,627
123000275,342,1106,-764
123000278,3482,3364,118
123000279,165,188,-23
123000280,464,370,94
123000281,506,140,366
123000282,175,328,-153
123000283,155,77,78
123000284,73,110,-37
123000286,345,328,17
123000287,696,287,409
123000288,1399,863,536
123000289,623,1266,-643
123000291,310,991,-681
123000294,303,351,-48
123000295,1080,913,167
123000296,763,440,323
123000297,833,1206,-373
123000298,622,534,88
123000299,159,474,-315
123000300,2453,1451,1002
123000301,175,321,-146
123000302,66,220,-154
123000303,219,91,128
123000305,1457,1146,311
123000306,131,235,-104
123000309,77,70,7
123000310,90,43,47
123000311,456,207,249
123000312,1080,943,137
123000313,452,803,-351
123000315,76,455,-379
123000316,2343,579,1764
123000317,296,78,218
123000318,107,265,-158
123000329,23,27,-4
123000337,1180,330,850
123000338,1223,68,1155
123000339,226,180,46
123000340,272,603,-331
123000342,33,198,-165
123000343,71,4,67
123000344,1355,491,864
123000345,396,666,-270
123000346,417,118,299
123000352,1643,913,730
123000353,21,193,-172
123000354,852,77,775
123000355,0,631,-631
123000356,325,5,320
123000357,2,256,-254
123000359,1,214,-213
123000360,205,176,29
123000361,508,309,199
123000362,236,146,90
123000363,62,201,-139
123000364,729,732,-3
123000365,24,386,-362
123000366,463,1910,-1447
123000367,606,2177,-1571
123000370,50,268,-218
123000371,596,32,564
123000372,480,13,467
123000373,3,471,-468
123000374,22,273,-251
123000375,266,59,207
123000376,1110,688,422
123000377,304,23,281
123000378,3,278,-275
123000379,0,237,-237
123000380,103,371,-268
123000381,272,50,222
123000382,1437,196,1241
123000383,278,1452,-1174
123000384,566,98,468
123000385,466,892,-426
123000436,90,1283,-1193
123000507,238,456,-218
123000508,387,1016,-629
123000517,363,49,314
123000518,26,316,-290
123000519,163,79,84
123000520,38,255,-217
123000521,354,131,223
123000522,136,456,-320
123000541,8,3,5
123000542,0,20,-20
123000565,801,41,760
123000566,219,913,-694
123000567,85,322,-237
123000573,50,1032,-982
123000574,799,94,705
123000575,1471,1345,126
123000576,779,2145,-1366
123000577,133,753,-620
123000578,709,66,643
123000579,4999,6176,-1177
123000580,185,35,150
123000582,383,27,356
123000583,12,406,-394
123000584,373,346,27
123000585,0,190,-190
123000586,102,0,102
123000596,103,165,-62
123000597,89,167,-78
123000602,21,8,13
123000603,635,1025,-390
123000604,658,1045,-387
123000605,1402,20,1382
123000606,3,529,-526
123000609,29,456,-427
123000610,177,150,27
123000613,74,243,-169
123000614,269,61,208
123000615,80,275,-195
123000616,546,56,490
123000617,142,567,-425
123000618,108,622,-514
123000619,711,44,667
123000620,20,429,-409
123000622,404,20,384
123000624,166,117,49
123000630,1073,619,454
123000631,336,2214,-1878
123000632,2409,1885,524
123000633,2,562,-560
123000634,76,138,-62
123000635,236,148,88
123000636,104,986,-882
123000637,291,51,240
123000638,796,100,696
123000639,1139,4447,-3308
123000640,22,921,-899
123000648,1544,909,635
123000649,273,1368,-1095
123000650,403,89,314
123000651,127,194,-67
123000652,154,4,150
123000653,0,1,-1
123900001,1458,65,1393
123900002,38,1851,-1813
123900003,423,711,-288
123900005,279,183,96
123900006,324,60,264
124000001,2031,180,1851
124000002,151,2195,-2044
124000003,772,187,585
124000004,75,629,-554
124000005,894,468,426
124000006,326,1231,-905
124000007,486,144,342
124000008,26,882,-856
124000009,613,308,305
124000010,237,783,-546
124000011,1417,294,1123
124000012,334,721,-387
124000017,196,147,49
124000018,124,101,23
124000019,148,168,-20
124000020,41,238,-197
124000021,158,85,73
124000022,139,258,-119
124000023,1085,157,928
124000024,1175,651,524
124000025,949,466,483
124000026,1014,556,458
124000027,1708,830,878
124000028,2828,1118,1710
124000031,1524,2544,-1020
124000032,3378,1501,1877
124000033,1142,883,259
124000034,839,1557,-718
124000035,394,201,193
124000036,165,784,-619
124000037,505,1104,-599
124000038,64,132,-68
124000039,1163,477,686
124000040,743,1079,-336
124000041,327,81,246
124000042,138,540,-402
124000043,234,114,120
124000044,119,317,-198
124000045,860,635,225
124000046,394,1026,-632
124000047,1435,1067,368
124000048,1014,1868,-854
124000049,1721,815,906
124000050,793,2213,-1420
124000051,999,648,351
124000052,718,1266,-548
124000053,615,1647,-1032
124000054,1000,728,272
124000055,1484,2637,-1153
124000056,3534,1854,1680
124000057,960,590,370
124000058,621,1607,-986
124000059,637,1002,-365
124000060,1408,952,456
124000061,1638,5024,-3386
124000062,8404,2339,6065
124000063,1816,2329,-513
124000064,2722,1867,855
124000065,234,567,-333
124000066,396,128,268
124000067,170,215,-45
124000068,64,157,-93
124000069,717,300,417
124000070,263,566,-303
124000071,330,179,151
124000072,254,499,-245
124000073,905,186,719
124000074,319,834,-515
124000075,244,73,171
124000076,21,257,-236
124000077,2204,682,1522
124000078,3772,1609,2163
124000079,585,1166,-581
124000080,463,172,291
124000081,183,695,-512
124000082,131,223,-92
124000083,124,200,-76
124000084,162,559,-397
124000085,140,50,90
124000086,94,171,-77
124000087,251,91,160
124000088,209,321,-112
124000089,926,460,466
124000090,179,486,-307
124000091,487,181,306
124000092,171,851,-680
124000093,115,167,-52
124000094,114,551,-437
124000095,62,120,-58
124000096,103,259,-156
124000097,161,215,-54
124000098,80,160,-80
124000099,473,176,297
124000100,81,119,-38
124000101,79,152,-73
124000102,171,85,86
124000103,98,131,-33
124000104,168,93,75
124000105,79,92,-13
124000106,250,114,136
124000107,17,147,-130
124000108,73,46,27
124000109,155,131,24
124000110,329,189,140
124000111,206,189,17
124000112,699,778,-79
124000113,81,135,-54
124000114,362,605,-243
124000115,494,777,-283
124000116,128,178,-50
124000117,114,90,24
124000118,38,86,-48
124000119,1431,639,792
124000120,816,528,288
124000121,2535,1070,1465
124000122,617,1473,-856
124000123,1043,615,428
124000124,561,1308,-747
124000125,324,564,-240
124000126,364,748,-384
124000127,912,520,392
124000128,688,1140,-452
124000129,2203,1599,604
124000130,867,815,52
124000131,1134,528,606
124000132,1085,993,92
124000133,980,1027,-47
124000134,979,988,-9
124000135,1838,1946,-108
124000136,1061,1415,-354
124000137,1360,709,651
124000138,1435,1532,-97
124000139,1400,108,1292
124000140,104,714,-610
124000141,713,44,669
124000142,51,727,-676
124000143,142,12,130
124000144,5,271,-266
124000145,113,63,50
124000146,28,146,-118
124000148,44,142,-98
124000149,1283,533,750
124000150,411,652,-241
124000151,901,395,506
124000152,917,1436,-519
124000153,610,603,7
124000154,372,885,-513
124000155,1457,1093,364
124000156,1895,1085,810
124000169,226,523,-297
124000170,683,487,196
124000171,361,254,107
124000172,410,601,-191
124000173,533,250,283
124000174,539,749,-210
124000175,17,144,-127
124000176,54,14,40
124000177,10,54,-44
124000178,43,32,11
124000185,73,13,60
124000186,7,84,-77
124000187,3,161,-158
124000188,63,12,51
124000190,152,56,96
124000191,714,162,552
124000192,3432,338,3094
124000193,948,1048,-100
124000194,504,636,-132
124000195,308,654,-346
124000196,1359,1283,76
124000197,56,60,-4
124000198,33,88,-55
124000201,328,1132,-804
124000202,645,296,349
124000203,337,844,-507
124000204,691,507,184
124000205,84,553,-469
124000206,461,402,59
124000207,1,63,-62
124000209,236,671,-435
124000210,378,203,175
124000211,545,7,538
124000212,3,509,-506
124000213,360,387,-27
124000214,306,661,-355
124000215,526,16,510
124000216,4,460,-456
124000329,141,2193,-2052
124000338,94,958,-864
124000339,683,174,509
124000341,1301,102,1199
124000344,194,118,76
124000357,1827,4213,-2386
124000358,1621,3513,-1892
124000359,1141,888,253
124000360,956,717,239
124000361,2239,795,1444
124000362,1641,1964,-323
124000363,393,462,-69
124000364,818,1136,-318
124000365,932,1495,-563
124000366,2515,1679,836
124000367,167,572,-405
124000368,722,472,250
124000369,239,198,41
124000370,109,619,-510
124000402,61,10,51
124000403,149,14,135
124000404,14,171,-157
124000405,997,959,38
124000406,842,1038,-196
124000407,5,35,-30
124000411,14,406,-392
124000412,466,24,442
124000413,1215,41,1174
124000414,92,145,-53
124000415,63,205,-142
124000416,184,346,-162
124000417,181,173,8
124000418,162,112,50
124000419,100,145,-45
124000420,92,97,-5
124000421,43,302,-259
124000422,45,22,23
124000423,221,55,166
124000424,5,184,-179
124000425,108,18,90
124000426,2,223,-221
124000427,160,4,156
124000428,79,33,46
124000429,41,66,-25
124000430,979,544,435
124000431,413,621,-208
124000432,213,1334,-1121
124000439,0,10,-10
124000443,0,14,-14
124000445,1157,1371,-214
124000446,2744,123,2621
124000447,24,234,-210
124000448,75,30,45
124000449,126,9,117
124000450,16,391,-375
124000451,7,204,-197
124000452,377,77,300
124000453,2826,4585,-1759
124000454,3447,6102,-2655
124900001,521,413,108
124900002,142,404,-262
124900003,916,688,228
124900004,538,398,140
124900005,330,206,124
124900006,538,394,144
124900008,1309,544,765
124900009,156,311,-155
124900010,150,84,66
124900011,408,279,129
124900012,424,126,298
124900013,542,159,383
124900014,227,82,145
124900015,143,338,-195
124900016,74,83,-9
124900017,690,1772,-1082
124900018,30,17,13
124900020,46,55,-9
124900021,232,56,176
124900022,94,26,68
124900024,211,50,161
124900026,376,6,370
124900027,137,296,-159
124900028,505,108,397
124900029,4,424,-420
124900030,21,111,-90
124900031,48,343,-295
124900032,162,242,-80
124900033,129,323,-194
124900034,5,96,-91
124900035,210,383,-173
124900036,2,43,-41
124900037,172,268,-96
124900038,260,551,-291
124900039,1,39,-38
124900040,226,90,136
124900041,374,1295,-921
124900042,307,2,305
124900043,571,1274,-703
124900044,93,2,91
124900045,657,1161,-504
124900047,178,187,-9
124900048,207,224,-17
124900050,186,328,-142
124900052,105,313,-208
124900053,88,359,-271
124900054,2458,416,2042
124900055,1,129,-128
124900057,13,147,-134
124900060,54,211,-157
124900061,54,8,46
124900062,136,22,114
124900066,1,17,-16
124900067,7,204,-197
124900068,265,487,-222
124900070,109,132,-23
124900072,79,61,18
124900075,182,216,-34
124900076,33,1103,-1070
124900077,27,121,-94
124900078,90,27,63
124900079,766,294,472
124900080,261,820,-559
124900081,1003,344,659
124900082,408,1281,-873
124900083,265,656,-391
124900085,1315,300,1015
124900086,46,1171,-1125
124900087,726,71,655
124900088,640,156,484
124900089,1630,51,1579
124900090,212,280,-68
124900091,283,484,-201
124900092,220,367,-147
124900093,266,190,76
124900094,317,268,49
124900095,90,447,-357
124900096,643,198,445
124900097,304,92,212
124900098,107,408,-301
124900099,568,562,6
124900100,260,119,141
124900101,79,129,-50
124900102,157,62,95
124900103,203,269,-66
124900104,70,225,-155
124900105,144,154,-10
124900106,278,79,199
124900107,104,7,97
124900108,226,94,132
124900111,4,89,-85
124900112,88,532,-444
124900113,141,331,-190
124900114,305,165,140
124900115,61,23,38
124900116,155,133,22
124900117,639,81,558
124900118,324,317,7
124900119,273,190,83
124900120,61,401,-340
124900121,133,375,-242
124900122,438,239,199
124900123,433,117,316
124900124,155,412,-257
124900125,482,16,466
124900126,0,197,-197
204000001,153,15,138
204000002,60,20,40
204000003,43,3,40
204000004,42,3,39
204000005,804,823,-19
204000006,1395,2483,-1088
204000011,15,63,-48
204000012,125,147,-22
204000019,858,762,96
204000020,801,911,-110
204000021,2568,966,1602
204000022,568,654,-86
204000023,723,1393,-670
204000031,167,35,132
204000032,700,43,657
204000034,51,213,-162
204000035,4,7,-3
204000036,7,5,2
204000037,5,17,-12
204000038,2,22,-20
204000039,10,38,-28
204000040,6,25,-19
204000041,38,35,3
204000042,96,20,76
204000043,47,7,40
204000044,43,4,39
204000045,53,6,47
204000046,14,3,11
204000057,12,20,-8
204000062,46,110,-64
204000068,72,411,-339
204000069,58,419,-361
204000070,142,233,-91
204000080,115,84,31
204000085,2194,2005,189
204000086,3386,3131,255
204000087,66,15,51
204000088,5,162,-157
204000090,124,373,-249
204000093,361,136,225
204000096,1278,1394,-116
204000097,362,96,266
204000099,1263,2367,-1104
204000100,1227,2255,-1028
204000105,2480,1920,560
204000110,1267,2111,-844
204000111,753,1150,-397
204000112,2218,1019,1199
204000113,739,1032,-293
204000114,839,973,-134
204000115,782,436,346
204000116,3987,788,3199
204000119,2624,3022,-398
204000132,756,614,142
204000133,850,619,231
204000134,316,295,21
204000135,1037,243,794
204000136,821,487,334
204000138,444,847,-403
204000140,270,244,26
204000141,234,126,108
204000144,7,44,-37
204000145,543,60,483
204000146,27,388,-361
204000147,101,285,-184
204000148,1169,49,1120
204000154,20,1,19
204000155,3,13,-10
204000177,85,112,-27
204000179,28,12,16
204000180,2,58,-56
204000222,3,1,2
204000235,17,19,-2
204000236,74,331,-257
204000238,17,37,-20
204000240,527,96,431
204000263,748,1438,-690
204000268,1389,1121,268
204000308,199,39,160
204000317,22,107,-85
204000322,3,51,-48
204000323,22,14,8
204000328,241,148,93
204000329,114,241,-127
204000330,279,173,106
204000331,210,157,53
205000001,1348,2329,-981
205000013,13,119,-106
205000014,23,93,-70
205000015,37,246,-209
205000016,28,194,-166
205000017,25,74,-49
205000022,538,1094,-556
205000025,1794,1413,381
205000029,267,4,263
205000045,204,354,-150
205000046,154,761,-607
205000047,80,748,-668
205000048,432,1677,-1245
205000049,189,1128,-939
205000050,1348,439,909
205000059,1,306,-305
205000060,2,92,-90
205000061,2,89,-87
205000062,7,85,-78
205000063,31,231,-200
205000064,23,199,-176
205000065,89,702,-613
205000066,133,1029,-896
205000067,54,1281,-1227
205000069,226,26,200
205000082,212,366,-154
205000110,91,364,-273
205000111,281,364,-83
205000112,219,241,-22
205000113,217,368,-151
205000121,231,164,67
205000123,84,226,-142
205000126,498,350,148
205000127,840,429,411
205000128,811,314,497
205000129,889,330,559
205000130,1351,105,1246
205000131,1482,25,1457
205000132,1118,7,1111
205000133,1157,0,1157
205000134,713,2,711
205000137,70,190,-120
205000138,263,395,-132
205000139,60,153,-93
205000144,165,104,61
205000145,543,276,267
205000151,213,72,141
205000152,220,47,173
205000153,271,112,159
205000154,91,148,-57
205000155,161,42,119
205000207,18,280,-262
205000233,72,1,71
205000234,0,1,-1
205000243,3,0,3
205000244,1,14,-13
205000245,11,278,-267
205000249,1,30,-29
205000250,9,2,7
205000264,14,101,-87
206000027,9,7,2
206000028,7,4,3
206000043,56,122,-66
206000053,9,19,-10
206000054,9,22,-13
206000055,1,19,-18
206000075,15,7,8
206000076,31,41,-10
206000077,39,21,18
206000078,21,8,13
206000079,12,10,2
206000082,599,49,550
206000100,72,656,-584
206000103,15,26,-11
206000104,20,33,-13
206000105,11,12,-1
206000106,15,35,-20
206000125,53,0,53
206000157,50,664,-614
206000170,1,193,-192
206000171,0,200,-200
206000172,4,756,-752
206000173,3,322,-319
206000174,15,113,-98
206000175,2,163,-161
206000176,26,271,-245
206000177,3,181,-178
206000178,3,165,-162
206000179,8,59,-51
206000180,15,160,-145
206000181,27,214,-187
206000182,20,270,-250
206000183,34,709,-675
206000184,6,402,-396
206000185,14,281,-267
206000186,176,1554,-1378
206000223,8,266,-258
206000226,17,2,15
206000227,17,3,14
206000237,33,400,-367
206000238,41,848,-807
206000239,416,2416,-2000
206000240,6,53,-47
206000241,0,111,-111
206000242,10,342,-332
206000243,12,335,-323
206000244,114,825,-711
206000245,753,61,692
206000246,145,23,122
206000247,176,16,160
206000248,350,41,309
206000252,64,29,35
206000258,34,41,-7
206000315,37,6,31
206000317,707,111,596
206000318,471,90,381
206000319,1166,203,963
206000320,153,54,99
206000321,156,16,140
206000322,494,22,472
206000323,148,11,137
206000324,141,8,133
206000325,180,10,170
206000326,175,5,170
206000327,752,15,737
206000328,183,1,182
206000329,268,12,256
206000330,53,9,44
206000331,173,2,171
206000332,34,6,28
206000333,523,2,521
206000334,208,9,199
206000335,0,21,-21
206000361,1,226,-225
206000392,4,32,-28
206000405,190,0,190
206000441,26,27,-1
206000498,50,6,44
206000515,124,40,84
206000530,249,76,173
206000531,283,219,64
206000532,3083,274,2809
206000535,372,2781,-2409
206000536,35,240,-205
206000537,35,246,-211
206000613,1720,294,1426
206000784,534,51,483
207000001,238,631,-393
207000002,169,354,-185
207000003,184,229,-45
207000007,928,440,488
207000008,81,32,49
207000009,61,42,19
207000010,658,570,88
207000012,333,455,-122
207000015,530,1714,-1184
207000019,465,133,332
207000021,703,248,455
207000022,204,171,33
207000023,273,76,197
207000024,18,9,9
207000025,19,95,-76
207000026,194,40,154
207000027,64,91,-27
207000028,119,230,-111
207000029,390,490,-100
207000033,399,470,-71
207000034,461,134,327
207000039,374,260,114
207000040,343,169,174
207000041,297,58,239
207000042,282,94,188
207000043,345,189,156
207000051,201,407,-206
207000052,314,243,71
207000053,497,739,-242
207000054,47,148,-101
207000055,197,176,21
207000056,422,412,10
207000057,143,361,-218
207000058,196,398,-202
207000059,132,792,-660
207000060,91,333,-242
207000061,348,511,-163
207000062,360,60,300
207000063,353,174,179
207000064,481,207,274
207000065,305,280,25
207000066,233,177,56
207000067,73,156,-83
207000068,189,107,82
207000069,712,545,167
207000082,11,388,-377
207000083,121,456,-335
207000084,222,361,-139
207000085,162,19,143
207000086,155,8,147
207000106,43,40,3
207000107,138,27,111
207000108,49,8,41
207000109,61,22,39
207000110,68,161,-93
207000111,108,98,10
207000112,286,765,-479
207000114,27,58,-31
207000115,30,129,-99
207000116,24,577,-553
207000117,13,193,-180
207000118,14,157,-143
207000119,32,133,-101
207000123,244,50,194
207000124,64,37,27
207000125,41,82,-41
207000126,75,103,-28
207000134,92,282,-190
207000135,31,393,-362
207000148,71,388,-317
207000149,72,81,-9
207000152,178,515,-337
207000153,1290,1416,-126
207000154,551,210,341
207000159,151,228,-77
207000160,202,625,-423
207000238,1,210,-209
207000242,4,245,-241
207000248,73,29,44
207000249,233,66,167
207000250,1014,90,924
207000251,148,103,45
207000252,65,87,-22
207000278,95,137,-42
207000279,22,252,-230
207000280,563,121,442
207000281,171,1336,-1165
207000282,391,100,291
207000283,218,375,-157
207000284,126,185,-59
207000285,267,74,193
207000291,19,194,-175
207000304,148,101,47
207000306,134,459,-325
207000310,70,99,-29
207000353,288,3,285
207000356,34,38,-4
207000357,43,20,23
207000358,23,54,-31
207000415,3,224,-221
207000417,60,4,56
207000418,139,187,-48
207000438,0,2,-2
207000439,1174,763,411
207000446,164,7,157
207000460,23,8,15
207000466,340,193,147
207000467,227,144,83
207000468,77,518,-441
207000476,12,102,-90
207000477,644,115,529
207000478,1,30,-29
207000523,0,24,-24
207000524,112,2,110
207000527,117,249,-132
207000530,423,8,415
207000531,438,21,417
207000532,108,31,77
207000534,589,63,526
207000535,61,584,-523
207000537,38,151,-113
207000540,9,301,-292
207000541,3,517,-514
207000548,27,365,-338
207000549,706,35,671
207000561,108,201,-93
207000562,57,263,-206
207000567,244,280,-36
207000568,295,111,184
207000569,568,1384,-816
207000584,445,264,181
207000585,118,491,-373
207000587,125,32,93
207000616,3,154,-151
207000617,108,0,108
207000624,99,40,59
207000631,13,172,-159
207900008,299,226,73
208000001,837,1021,-184
208000002,1097,621,476
208000003,1270,670,600
208000004,1792,905,887
208000005,61,24,37
208000019,830,1226,-396
208000020,226,647,-421
208000021,192,558,-366
208000022,1308,699,609
208000028,1924,1192,732
208000033,520,752,-232
208000034,1230,1897,-667
208000037,555,30,525
208000040,174,218,-44
208000041,1044,822,222
208000042,2177,874,1303
208000047,178,388,-210
208000064,3307,1951,1356
208000066,2102,2350,-248
208000070,463,540,-77
208000071,376,1032,-656
208000072,398,1546,-1148
208000080,338,552,-214
208000081,404,190,214
208000082,486,386,100
208000083,215,491,-276
208000084,107,17,90
208000085,1593,850,743
208000086,789,1281,-492
208000087,594,1034,-440
208000089,961,668,293
208000090,1118,1089,29
208000093,237,182,55
208000094,623,540,83
208000095,815,452,363
208000104,1037,1328,-291
208000105,1077,1401,-324
208000114,124,264,-140
208000115,523,442,81
208000116,928,1403,-475
208000117,196,233,-37
208000118,114,137,-23
208000155,1234,1090,144
208000158,2250,3640,-1390
208000186,4198,4257,-59
208000204,872,1360,-488
208000205,1327,1503,-176
208000282,6175,2754,3421
209000004,365,216,149
209000005,88,40,48
209000006,555,224,331
209000007,527,344,183
209000010,631,166,465
209000011,308,314,-6
209000012,276,304,-28
209000013,287,556,-269
209000014,706,1389,-683
209000025,368,69,299
209000026,788,193,595
209000027,572,1157,-585
209000028,465,1043,-578
209000029,1128,933,195
209000030,861,1905,-1044
209000031,3988,3130,858
209000034,196,287,-91
209000035,107,226,-119
209000036,195,146,49
209000037,266,312,-46
209000038,106,222,-116
209000039,76,191,-115
209000040,307,696,-389
209000041,222,515,-293
209000042,256,552,-296
209000043,834,1107,-273
209000044,224,886,-662
209000045,1526,470,1056
209000046,563,620,-57
209000047,479,255,224
209000048,541,313,228
209000049,144,128,16
209000050,292,241,51
209000051,366,563,-197
209000052,222,468,-246
209000062,60,177,-117
209000063,69,115,-46
209000064,67,199,-132
209000065,79,52,27
209000066,92,70,22
209000067,70,65,5
209000080,53,307,-254
209000082,87,42,45
209000091,52,150,-98
209000093,60,37,23
209000094,286,236,50
209000110,49,128,-79
209000111,473,1792,-1319
209000112,945,852,93
209000113,2417,686,1731
209000114,533,450,83
209000115,96,232,-136
209000116,1091,739,352
209000118,72,56,16
209000119,133,14,119
209000121,250,690,-440
209000135,89,214,-125
209000142,743,1674,-931
209000143,166,130,36
209000144,183,146,37
209000229,245,209,36
209000240,62,479,-417
209000259,155,200,-45
209000260,60,1157,-1097
209000261,11,631,-620
209000262,2,545,-543
209000263,0,199,-199
209000264,1,133,-132
209000265,566,18,548
209000266,98,0,98
209000267,817,13,804
209000268,730,44,686
210000037,92,25,67
210000047,87,31,56
210000048,106,50,56
210000049,37,18,19
210000052,51,110,-59
210000053,37,59,-22
210000054,97,102,-5
210000070,108,4,104
210000071,118,0,118
210000072,67,1,66
210000073,0,43,-43
210000074,0,169,-169
210000075,2,123,-121
210000076,9,214,-205
210000077,161,46,115
210000078,62,58,4
210000079,101,10,91
210000080,256,51,205
210000081,256,18,238
210000082,235,6,229
210000083,146,3,143
210000084,52,0,52
210000085,1,141,-140
210000086,4,176,-172
210000099,51,335,-284
210000100,62,282,-220
210000101,110,275,-165
210000105,31,332,-301
210000159,0,246,-246
210000163,167,281,-114
210000164,296,178,118
210000168,221,44,177
210000187,0,14,-14
210000188,0,28,-28
210000214,28,0,28
210000219,56,92,-36
210000220,86,83,3
210000232,2,25,-23
210000233,33,66,-33
210000234,31,161,-130
210000235,76,107,-31
210000245,0,48,-48
210000246,33,0,33
210000258,21,121,-100
210000259,372,56,316
210000282,112,329,-217
210000285,2,185,-183
210000286,25,211,-186
210000290,2,12,-10
210000295,66,225,-159
210000296,67,87,-20
210000320,167,85,82
210000321,116,76,40
210000338,149,75,74
210000339,445,1584,-1139
210000340,172,538,-366
210000341,373,405,-32
210000342,296,268,28
210000343,377,296,81
210000344,548,205,343
210000345,345,450,-105
210000346,213,238,-25
210000347,564,65,499
210000348,389,19,370
210000349,323,20,303
210000350,143,79,64
210000351,177,153,24
210000352,59,114,-55
210000353,66,146,-80
210000354,210,132,78
210000355,177,148,29
210000356,250,82,168
210000357,180,48,132
210000358,353,153,200
210000359,320,112,208
210000360,278,129,149
210000361,196,149,47
210000362,312,218,94
210000363,1036,232,804
210000364,152,167,-15
210000365,181,90,91
210000366,166,71,95
210000367,69,32,37
210000368,161,39,122
210000369,53,21,32
210000370,112,38,74
210000372,110,37,73
210000373,145,13,132
210000374,88,19,69
210000375,51,99,-48
210000376,147,200,-53
210000404,90,225,-135
210000439,30,50,-20
210000472,135,5,130
210000482,103,106,-3
210000564,490,329,161
210000567,4,39,-35
210000568,593,3,590
211000092,47,66,-19
211000094,37,7,30
211000169,216,17,199
211000172,10,294,-284
211000209,1,15,-14
211000226,7,35,-28
211000270,68,29,39
211000275,20,25,-5
211000276,70,28,42
211000279,54,50,4
211000281,48,33,15
211000302,27,114,-87
211507980,3,44,-41
211977296,115,3,112
212000003,309,90,219
212000004,191,38,153
212000005,77,51,26
212000006,58,71,-13
212000008,294,238,56
212000009,93,171,-78
212000012,87,111,-24
212000013,36,62,-26
212000014,310,163,147
212000015,421,261,160
212000016,592,617,-25
212000027,459,594,-135
212000028,255,591,-336
212000029,209,449,-240
212000030,75,64,11
212000031,83,83,0
212000048,45,195,-150
212000049,15,134,-119
212000050,30,5,25
212000051,199,228,-29
212000052,211,384,-173
212000053,316,790,-474
212000054,187,202,-15
212000055,229,362,-133
212000056,14,64,-50
212000057,12,64,-52
212000058,371,42,329
212000070,96,309,-213
212000077,162,816,-654
212000099,290,404,-114
212000108,439,274,165
212000111,249,184,65
212000120,327,116,211
212000138,263,30,233
212000156,36,181,-145
212000158,16,14,2
212000159,350,79,271
212000160,481,335,146
212000161,135,7,128
212000310,62,20,42
212000311,6,102,-96
212000374,49,17,32
213000001,74,440,-366
213000005,380,200,180
213000006,1195,360,835
213000007,345,18,327
213000009,793,530,263
213000010,262,309,-47
213000011,334,174,160
213000012,129,284,-155
213000014,79,13,66
213000015,237,8,229
213000016,565,4,561
213000017,85,0,85
213000018,6,149,-143
213000019,5,188,-183
213000020,82,366,-284
213000021,2,134,-132
213000023,319,270,49
213000033,383,1636,-1253
213000034,876,377,499
213000035,126,482,-356
213000045,156,335,-179
213000046,218,252,-34
213000047,881,1163,-282
213000056,139,84,55
213000069,234,7,227
213000073,0,32,-32
213000074,74,440,-366
213000075,643,17,626
213000076,115,1,114
213000085,7,27,-20
213000086,17,194,-177
213000091,137,4,133
213000092,56,13,43
213000099,181,1293,-1112
213000100,1547,440,1107
213000101,321,166,155
213000102,397,390,7
213000103,1048,1001,47
213000104,73,454,-381
213000105,5,159,-154
213000106,41,172,-131
213000107,191,775,-584
213000108,48,573,-525
213000109,5,288,-283
213000110,6,79,-73
213000111,21,51,-30
213000112,224,124,100
213000115,49,14,35
213000116,50,727,-677
213000117,12,1040,-1028
213000118,423,381,42
213000119,66,787,-721
213000120,117,691,-574
213000122,314,634,-320
213000123,516,1355,-839
213000124,85,1167,-1082
213000125,144,35,109
213000126,56,159,-103
213000127,173,190,-17
213000128,647,1171,-524
213000129,426,738,-312
213000130,521,403,118
213000132,266,149,117
213000133,512,120,392
213000134,980,32,948
213000136,562,40,522
213000137,597,121,476
213000139,1188,59,1129
213000147,269,39,230
213000148,116,23,93
213000149,105,10,95
213000150,1,154,-153
213000151,5,98,-93
213000152,12,118,-106
213000153,0,69,-69
213000154,36,320,-284
213000155,25,305,-280
213000156,130,914,-784
213000157,783,599,184
213000158,398,872,-474
213000159,403,879,-476
213000163,548,123,425
213000165,621,278,343
213000171,48,185,-137
213000172,43,382,-339
213000173,20,268,-248
213000174,3,134,-131
213000175,32,59,-27
213000176,13,137,-124
213000177,33,29,4
213000178,92,16,76
213000179,187,67,120
213000180,189,143,46
213000184,105,554,-449
213000188,434,107,327
213000189,266,39,227
213000190,825,897,-72
213000191,285,506,-221
213000192,281,573,-292
213000193,1189,221,968
213000194,2,93,-91
213000195,15,511,-496
213000196,356,1280,-924
213000197,339,1305,-966
213000198,188,6,182
213000200,138,1099,-961
213000201,88,45,43
213000202,18,619,-601
213000203,4060,1043,3017
213000204,865,173,692
213000205,260,203,57
213000206,633,201,432
213000207,378,42,336
213000208,348,4,344
213000209,385,4,381
213000210,1172,7,1165
213000211,24,12,12
213000212,91,14,77
213000213,59,49,10
213000218,311,792,-481
213000219,486,18,468
213000220,511,10,501
213000223,348,400,-52
213000224,102,76,26
213000225,148,22,126
213000226,140,23,117
213000227,1065,388,677
213000228,355,202,153
213000229,902,101,801
213000230,930,64,866
213000232,106,1030,-924
213000233,8,52,-44
213000234,2,25,-23
213000293,51,76,-25
213000294,427,14,413
213000295,81,73,8
213000296,73,23,50
213000297,15,151,-136
213000298,41,124,-83
213000299,104,62,42
213000300,27,6,21
213000303,5,26,-21
213000304,1,9,-8
213000305,15,12,3
213000306,146,37,109
213000307,602,139,463
213000308,157,280,-123
213000309,203,95,108
213000310,346,123,223
213000311,371,700,-329
213000315,168,150,18
213000316,296,94,202
213000322,72,49,23
213000323,91,107,-16
213000340,185,779,-594
213000341,499,166,333
213000346,179,261,-82
213000347,855,583,272
213000348,9,104,-95
213000349,29,4,25
213000350,325,1476,-1151
213000366,74,489,-415
213000367,252,38,214
213000379,100,100,0
213000386,19,256,-237
213000406,109,419,-310
213000417,1448,725,723
213000425,107,25,82
213000426,157,98,59
213000427,42,324,-282
213000428,37,196,-159
213000429,50,25,25
213000430,105,695,-590
213000431,122,9,113
213000432,4,51,-47
213000433,31,222,-191
213000434,56,143,-87
213000435,74,97,-23
213000439,141,12,129
213000441,4,0,4
213000443,706,563,143
213000445,1,108,-107
213000446,4,30,-26
213000447,4,64,-60
213000448,8,81,-73
213000449,262,4,258
213000450,10,65,-55
213000451,213,101,112
213000452,23,36,-13
213000453,63,307,-244
213000455,499,3,496
213000456,2,253,-251
213000481,134,11,123
213000482,62,4,58
213000489,600,113,487
213000491,1,265,-264
213000492,1030,3,1027
213000493,0,140,-140
213000494,238,146,92
213000495,0,115,-115
213000496,328,215,113
213000497,51,256,-205
213000498,70,195,-125
213000499,169,540,-371
213000500,328,91,237
213000501,135,37,98
213000502,372,127,245
213000503,2,46,-44
213000504,6,93,-87
213000505,10,22,-12
213000506,0,13,-13
213000507,8,106,-98
213900244,21,0,21
213900245,0,40,-40
218000003,43,34,9
218000004,44,46,-2
218000005,118,39,79
218000006,82,29,53
218000007,15,10,5
218000012,389,319,70
218000013,141,189,-48
218000014,466,564,-98
218000019,848,788,60
218000020,336,741,-405
218000040,12,6,6
218000046,52,132,-80
218000047,22,205,-183
218000048,59,197,-138
218000049,104,213,-109
218000050,372,353,19
218000051,128,370,-242
218000052,0,126,-126
218000053,2,20,-18
218000054,11,42,-31
218000055,7,17,-10
218000056,17,29,-12
218000057,5,33,-28
218000064,0,35,-35
218000065,92,86,6
218000066,11,106,-95
218000067,55,95,-40
218000068,74,95,-21
218000069,240,154,86
218000070,266,314,-48
218000071,211,240,-29
218000072,341,299,42
218000078,989,1266,-277
218000079,85,62,23
218000080,74,84,-10
218000081,324,222,102
218000082,38,115,-77
218000083,56,89,-33
218000084,96,214,-118
218000085,152,466,-314
218000086,80,192,-112
218000087,186,267,-81
218000090,28,369,-341
218000091,1156,771,385
218000092,51,182,-131
218000093,128,97,31
218000094,677,984,-307
218000099,307,928,-621
218000100,264,423,-159
218000101,658,200,458
218000102,443,395,48
218000103,114,202,-88
218000104,76,47,29
218000105,23,23,0
218000106,15,11,4
218000107,69,118,-49
218000108,22,55,-33
218000112,145,36,109
218000117,53,85,-32
218000134,498,975,-477
218000135,178,132,46
218000136,171,92,79
218000137,202,113,89
218000138,40,116,-76
218000139,194,346,-152
218000140,478,327,151
218000141,128,78,50
218000142,256,237,19
218000143,115,292,-177
218000144,175,82,93
218000145,399,395,4
218000146,63,163,-100
218000151,14,59,-45
218000152,239,81,158
218000170,10,55,-45
218000171,110,18,92
218000172,50,18,32
218000173,98,18,80
218000174,97,13,84
218000176,293,25,268
218000177,366,273,93
218000178,117,259,-142
218000179,120,118,2
218000180,87,57,30
218000181,200,54,146
218000187,10,25,-15
218000188,39,127,-88
218000189,27,75,-48
218000190,9,14,-5
218000191,182,91,91
218000192,255,321,-66
218000193,491,516,-25
218000194,94,447,-353
218000195,117,78,39
218000196,249,398,-149
218000197,265,329,-64
218000198,66,175,-109
218000199,44,18,26
218000200,93,50,43
218000201,20,13,7
218000202,190,456,-266
218000207,18,52,-34
218000208,63,79,-16
218000211,139,6,133
218000213,120,80,40
218000214,11,21,-10
218000215,68,76,-8
218000217,3,202,-199
218000218,175,133,42
218000219,73,34,39
218000220,359,301,58
218000221,1943,297,1646
218000222,96,60,36
218000223,76,472,-396
218000224,24,213,-189
218000225,259,31,228
218000226,117,105,12
218000232,60,129,-69
218000239,581,35,546
218000240,82,18,64
218000241,96,16,80
218000242,314,4,310
218000243,559,8,551
218000244,175,6,169
218000245,49,3,46
218000246,23,4,19
218000247,5,0,5
218000248,0,27,-27
218000249,0,1,-1
218000250,11,6,5
218000251,5,31,-26
218000252,15,46,-31
218000253,11,41,-30
218000254,0,33,-33
218000255,3,12,-9
218000256,16,65,-49
218000267,880,1670,-790
218000268,17,79,-62
218000269,13,9,4
218000270,128,102,26
218000271,67,112,-45
218000273,12,17,-5
218000274,18,11,7
218000275,22,85,-63
218000276,21,74,-53
218000278,40,54,-14
218000279,77,81,-4
218000280,8,68,-60
218000281,27,23,4
218000282,772,559,213
218000284,165,35,130
218000301,96,121,-25
218000302,132,73,59
218000303,71,99,-28
218000316,851,1740,-889
218000317,997,1689,-692
218000318,618,1104,-486
218000319,1361,1698,-337
218000320,1177,1104,73
218000338,132,40,92
218000345,163,122,41
218000346,88,260,-172
218000459,41,400,-359
218000490,55,52,3
218000501,208,64,144
218000502,44,117,-73
218000503,126,33,93
218000504,199,39,160
218000505,38,255,-217
218000506,35,328,-293
218000508,24,8,16
218000510,316,24,292
218000520,126,122,4
218000521,20,49,-29
218000522,0,155,-155
218000523,273,16,257
218000524,82,224,-142
218000525,312,28,284
218000526,31,132,-101
218000529,50,203,-153
218000531,8,41,-33
218000532,44,31,13
218000534,168,33,135
218000537,41,67,-26
218000538,187,293,-106
218000540,335,82,253
218000543,104,81,23
218000544,57,131,-74
218000545,57,70,-13
218000546,63,100,-37
218000547,203,158,45
218000548,271,159,112
218000549,631,356,275
218000550,267,411,-144
218000551,208,889,-681
218000552,587,71,516
218000553,72,118,-46
218000554,82,32,50
218000555,61,65,-4
218000556,225,465,-240
218000557,423,248,175
218000558,152,0,152
218000559,0,47,-47
218000560,0,30,-30
218000561,39,1,38
218000562,38,231,-193
218000563,308,31,277
218000564,27,150,-123
218000565,279,35,244
218000566,446,40,406
218000567,5,68,-63
218000568,57,3,54
218000569,14,177,-163
218000570,267,8,259
218000571,3,156,-153
218000572,283,4,279
218000573,23,144,-121
218000574,183,65,118
218000575,189,2,187
218000576,1,96,-95
218000577,199,5,194
218000578,1,100,-99
218000579,48,98,-50
218000581,9,50,-41
218000582,103,2,101
218000583,54,1,53
218000584,3,17,-14
218000585,56,1,55
218000586,4,45,-41
218000587,10,0,10
218000588,2,12,-10
218000589,0,5,-5
218000590,5,2,3
218000591,5,5,0
218000592,12,8,4
218000593,90,4,86
218000594,53,0,53
218000597,9,3,6
218000598,0,0,0
218000599,32,3,29
218000600,82,2,80
218000601,0,0,0
218000602,1,19,-18
218000603,0,6,-6
218000604,52,1,51
218000605,1,215,-214
218000606,704,4,700
218000607,8,75,-67
218000608,128,18,110
218000609,3,79,-76
218000610,84,3,81
218000611,48,0,48
218000612,0,18,-18
218000613,53,0,53
218000614,1,27,-26
218000615,290,6,284
218000616,7,141,-134
218000617,51,4,47
218000618,3,25,-22
218000619,169,23,146
218000620,7,8,-1
218000621,1,4,-3
218000622,0,16,-16
218000623,337,3,334
218000624,9,17,-8
218000625,48,1,47
218000626,0,20,-20
218000628,198,70,128
218000631,91,32,59
218000632,0,133,-133
218000633,131,2,129
218000634,17,46,-29
218000635,11,17,-6
218000636,1024,1771,-747
218000637,944,778,166
218000638,148,73,75
218000639,19,248,-229
218000640,299,54,245
218000641,335,380,-45
218000652,83,130,-47
218000653,255,114,141
218000663,9,192,-183
218000675,114,60,54
218000680,280,593,-313
218000681,595,190,405
218000691,147,359,-212
218000693,203,200,3
218000718,967,977,-10
218000719,1637,471,1166
218000720,50,137,-87
218000721,441,22,419
218001147,7,440,-433
218001214,35,33,2
218001258,362,10,352
218001329,248,176,72
218001330,209,206,3
218001351,60,36,24
218001352,19,34,-15
218001353,17,14,3
218001354,19,38,-19
218001355,77,377,-300
218001356,351,22,329
218001357,70,353,-283
218001358,369,38,331
218001361,282,25,257
218001362,4,385,-381
219000001,63,79,-16
219000002,71,79,-8
219000003,77,35,42
219000004,70,88,-18
219000017,274,18,256
219000020,103,68,35
219000022,156,8,148
219000023,197,1,196
219000029,2,118,-116
219000034,138,23,115
219000039,191,73,118
219000040,92,51,41
219000041,119,35,84
219000051,1,40,-39
219000052,0,22,-22
219000053,0,173,-173
219000055,176,2,174
219000056,58,0,58
219000057,127,6,121
219000062,55,142,-87
219000063,90,11,79
219000064,2,235,-233
219000110,714,64,650
219000111,163,73,90
219000112,248,77,171
219000113,165,65,100
219000114,252,145,107
219000116,77,60,17
219000117,159,101,58
219000118,220,62,158
219000123,356,108,248
219000124,104,66,38
219000125,14,21,-7
219000126,93,127,-34
219000127,0,3,-3
219000128,35,135,-100
219000129,33,161,-128
219000130,821,741,80
219000131,888,1212,-324
219000133,75,56,19
219000134,32,26,6
219000135,32,64,-32
219000136,147,241,-94
219000138,62,32,30
219000139,45,57,-12
219000140,45,5,40
219000141,22,154,-132
219000142,8,180,-172
219000143,14,133,-119
219000145,18,65,-47
219000146,7,52,-45
219000147,3,71,-68
219000148,0,40,-40
219000149,8,138,-130
219000150,3,124,-121
219000151,4,55,-51
219000157,319,179,140
219000158,175,348,-173
219000161,152,16,136
219000163,1829,624,1205
219000166,116,259,-143
219000167,149,301,-152
219000168,411,223,188
219000174,486,109,377
219000175,75,2,73
219000176,85,8,77
219000177,49,0,49
219000178,48,3,45
219000179,34,3,31
219000180,43,36,7
219000182,155,18,137
219000183,91,34,57
219000184,142,16,126
219000185,1,59,-58
219000186,43,68,-25
219000187,22,84,-62
219000189,210,244,-34
219000190,240,330,-90
219000191,1562,1422,140
219000192,257,169,88
219000193,496,222,274
219000195,1,83,-82
219000196,11,145,-134
219000198,30,193,-163
219000199,90,546,-456
219000200,59,395,-336
219000201,128,333,-205
219000203,82,217,-135
219000204,327,259,68
219000205,100,212,-112
219000207,239,333,-94
219000209,40,106,-66
219000210,131,157,-26
219000213,23,222,-199
219000239,255,427,-172
219000240,308,504,-196
219000241,86,247,-161
219000242,180,252,-72
219000243,89,305,-216
219000244,109,137,-28
219000245,52,67,-15
219000246,92,49,43
219000247,161,49,112
219000248,914,384,530
219000249,274,112,162
219000250,135,143,-8
219000251,738,197,541
219000252,287,187,100
219000253,482,100,382
219000255,143,187,-44
219000256,302,84,218
219000257,190,1,189
219000262,183,208,-25
219000263,124,246,-122
219000267,2,189,-187
219000268,4,4,0
219000269,12,0,12
219000270,7,0,7
219000271,172,10,162
219000278,2,4,-2
219000279,2,4,-2
219000283,1,35,-34
219000295,21,152,-131
219000296,69,713,-644
219000297,16,206,-190
219000298,15,174,-159
219000299,433,93,340
219000300,39,282,-243
219000301,294,439,-145
219000302,56,416,-360
219000307,65,43,22
219000308,66,65,1
219000311,218,70,148
219000312,545,150,395
219000313,433,100,333
219000314,59,692,-633
219000315,286,93,193
219000316,465,43,422
219000317,98,17,81
219000320,0,51,-51
219000321,1,7,-6
219000323,4,71,-67
219000325,0,26,-26
219000326,84,126,-42
219000327,90,42,48
219000328,45,60,-15
219000329,323,144,179
219000330,51,50,1
219000331,72,35,37
219000332,117,148,-31
219000333,15,19,-4
219000335,66,4,62
219000337,46,1,45
219000338,87,2,85
219000344,38,90,-52
219000345,67,105,-38
219000346,68,179,-111
219000348,119,110,9
219000349,61,221,-160
219000350,176,165,11
219000351,29,2,27
219000352,320,55,265
219000353,145,44,101
219000354,176,157,19
219000355,182,103,79
219000356,1744,1452,292
219000363,336,123,213
219000364,136,63,73
219000365,187,31,156
219000366,320,637,-317
219000368,643,724,-81
219000370,1493,464,1029
219000371,17,33,-16
219000382,15,35,-20
219000383,1108,1091,17
219000385,811,605,206
219000386,1138,1794,-656
219000387,12,7,5
219000390,13,2,11
219000391,14,1,13
219000397,83,81,2
219000398,108,74,34
219000401,4,226,-222
219000402,35,202,-167
219000403,152,366,-214
219000404,24,149,-125
219000407,13,71,-58
219000409,47,50,-3
219000410,127,58,69
219000411,83,25,58
219000446,232,434,-202
219000447,1,30,-29
219000448,55,24,31
219000452,152,96,56
219000453,135,186,-51
219000454,440,355,85
219000556,328,119,209
219000558,773,216,557
219000590,63,192,-129
219000591,95,76,19
219000592,147,473,-326
219000595,6,17,-11
219000635,217,85,132
219000636,29,153,-124
219000657,21,20,1
219000658,22,71,-49
219000673,0,20,-20
219000676,35,1,34
219000679,58,7,51
219000684,163,1,162
219000685,3,98,-95
219000686,1,0,1
219000688,0,86,-86
219000689,29,425,-396
219000690,155,29,126
219000691,67,293,-226
219000692,188,28,160
219000693,0,26,-26
219000694,7,0,7
219000695,16,2,14
219000698,77,2,75
219000699,0,12,-12
219000727,4,201,-197
219000728,392,5,387
219000770,47,1,46
219000771,1,42,-41
219000788,564,355,209
219001150,1,27,-26
219001151,15,3,12
219001166,51,25,26
219001167,4,143,-139
219001178,43,0,43
220000001,253,68,185
220000002,51,207,-156
220000003,923,330,593
220000004,1030,624,406
220000005,1765,1729,36
220000006,350,1129,-779
220000007,396,823,-427
220000008,439,1261,-822
220000009,337,654,-317
220000010,247,201,46
220000011,914,5709,-4795
220000012,115,522,-407
220000014,183,46,137
220000015,151,192,-41
220000017,37,377,-340
220000018,5925,1392,4533
220000019,120,369,-249
220000020,592,293,299
220000021,697,213,484
220000022,627,652,-25
220000023,434,215,219
220000024,1970,473,1497
220000025,999,1020,-21
220000026,423,251,172
220000027,137,110,27
220000028,102,57,45
220000029,198,238,-40
220000030,167,116,51
220000031,480,437,43
220000064,25,644,-619
221000046,20,0,20
221000047,0,2,-2
221000048,0,2,-2
221000049,0,10,-10
221000050,26,0,26
221000055,70,56,14
221000068,311,150,161
221000069,333,71,262
221000070,205,32,173
221000071,93,9,84
221000072,250,29,221
221000073,214,69,145
221000074,0,35,-35
221000075,25,22,3
221000076,12,60,-48
221000077,54,181,-127
221000081,82,23,59
221000082,58,17,41
221000083,28,7,21
221000084,9,7,2
221000085,31,65,-34
221000086,19,154,-135
221000087,7,213,-206
221000088,12,229,-217
221000089,32,341,-309
221000090,168,655,-487
221000098,131,19,112
221000099,204,15,189
221000100,111,6,105
221000101,349,28,321
221000103,19,40,-21
221000104,8,58,-50
221000107,36,9,27
221000108,45,30,15
221000111,39,310,-271
221000112,9,219,-210
221000113,16,204,-188
221000114,8,209,-201
221000120,41,36,5
221000121,3,27,-24
221000122,59,21,38
221000123,33,51,-18
221000124,72,205,-133
221000155,109,13,96
221000156,97,44,53
221000175,19,12,7
221000176,1,1,0
221000182,59,26,33
221000241,772,246,526
221000242,226,598,-372
221000243,877,143,734
221000244,295,700,-405
221000245,216,187,29
221000246,84,387,-303
221000247,114,192,-78
221000248,146,212,-66
221000267,87,885,-798
221000325,147,46,101
221000331,21,137,-116
221000338,2,22,-20
221000378,291,61,230
221000381,74,117,-43
222000282,27,1,26
222000296,5,19,-14
222000568,346,15,331
222000569,222,26,196
222000570,123,16,107
222000571,289,10,279
222000577,8,243,-235
222000578,33,260,-227
222000579,50,218,-168
222000580,84,1112,-1028
222000599,0,158,-158
222000600,4,357,-353
222000601,9,1174,-1165
222000603,39,29,10
222000604,9,71,-62
222000605,27,29,-2
222000606,15,6,9
222000607,15,5,10
222000608,108,19,89
222000609,66,371,-305
222000616,241,53,188
222000617,16,15,1
222000618,21,1,20
222000620,70,13,57
222000621,107,18,89
222000623,882,6,876
222000624,314,2,312
222000625,603,31,572
222000636,65,1,64
222000686,54,17,37
222000687,56,40,16
222001066,253,4,249
222001067,15,4,11
222001068,28,14,14
222001069,33,48,-15
222001082,5,41,-36
222001083,5,75,-70
222001084,0,38,-38
222001085,1,159,-158
222001111,67,205,-138
222001112,110,45,65
222001313,92,6,86
222001314,23,198,-175
222001464,158,73,85
222001465,36,272,-236
222001484,107,60,47
222001485,34,42,-8
222001494,330,220,110
222001495,131,410,-279
222001496,374,216,158
222001497,222,610,-388
222001502,26,112,-86
222001503,95,54,41
222001504,27,338,-311
222001505,298,27,271
222001506,36,314,-278
222001507,245,18,227
222001510,333,37,296
222001511,41,454,-413
222001514,511,161,350
222001515,212,602,-390
222001518,251,62,189
222001519,50,259,-209
222001527,226,91,135
222001528,89,212,-123
222001529,187,46,141
222001530,45,265,-220
222001533,150,375,-225
222001534,291,98,193
222001535,226,257,-31
222001536,123,405,-282
222001537,255,39,216
222001538,59,524,-465
222001563,570,122,448
222001564,51,774,-723
222001568,585,136,449
222001576,2,1,1
222001579,3,8,-5
222001583,23,230,-207
222001584,89,47,42
222001596,990,1568,-578
222001597,2202,347,1855
222001626,0,188,-188
222001650,115,111,4
222001651,86,217,-131
222001914,211,67,144
222001915,74,255,-181
222001968,566,384,182
222001969,547,922,-375
222001970,237,357,-120
222001971,18,15,3
222001972,4,23,-19
225000001,475,323,152
225000002,899,246,653
225000003,601,166,435
225000004,390,439,-49
225000005,75,78,-3
225000006,0,179,-179
225000007,2874,1942,932
225000010,410,17,393
225000011,634,1479,-845
225000012,216,748,-532
225000013,182,236,-54
225000014,1640,103,1537
225000015,94,215,-121
225000021,820,358,462
225000027,319,795,-476
225000032,724,228,496
225000042,131,855,-724
225000049,90,84,6
225000050,113,21,92
225000053,5,261,-256
225000058,962,182,780
225000067,316,231,85
225000068,173,495,-322
225000069,172,604,-432
225000070,81,513,-432
225000071,50,256,-206
225000075,41,1438,-1397
225000076,131,151,-20
225000078,81,96,-15
225000085,57,205,-148
225000086,286,85,201
225000087,291,28,263
225000088,17,248,-231
225000089,497,1223,-726
225000090,45,572,-527
225000091,185,221,-36
225000092,37,101,-64
225000093,305,399,-94
225000094,21,407,-386
225000095,392,591,-199
225000096,459,700,-241
225000098,538,343,195
225000099,381,313,68
225000100,390,244,146
225000104,139,597,-458
225000110,15,480,-465
225000111,334,1383,-1049
225000112,509,1424,-915
225000113,301,687,-386
225000114,74,336,-262
225000115,2624,955,1669
225000116,1218,589,629
225000117,1126,411,715
225000118,1137,396,741
225000119,233,156,77
225000120,886,181,705
225000121,288,59,229
225000123,1456,65,1391
225000125,411,300,111
225000126,1219,344,875
225000127,1159,1356,-197
225000128,532,937,-405
225000132,273,82,191
225000133,279,59,220
225000134,587,221,366
225000135,54,14,40
225000136,273,25,248
225000137,308,84,224
225000138,484,89,395
225000143,96,278,-182
225000144,9,442,-433
225000145,142,90,52
225000146,81,180,-99
225000147,42,404,-362
225000148,4,303,-299
225000149,85,553,-468
225000151,25,319,-294
225000155,548,718,-170
225000156,359,1248,-889
225000157,430,519,-89
225000158,60,374,-314
225000171,6,203,-197
225000180,75,1,74
225000181,0,85,-85
225000182,110,56,54
225000185,8,524,-516
225000187,108,469,-361
225000191,154,3,151
225000194,0,15,-15
225000208,1,77,-76
225000209,134,27,107
225000210,6,398,-392
225000217,0,27,-27
225000218,31,3,28
225000223,1,65,-64
225000224,632,0,632
225000225,4,130,-126
225000226,116,8,108
225000227,45,175,-130
225000228,11,55,-44
225000229,0,121,-121
225000230,218,0,218
225000231,0,130,-130
225000232,491,1,490
225000241,228,2,226
225000242,3,98,-95
225000249,30,0,30
225000250,57,1096,-1039
225000251,394,51,343
226000042,627,483,144
226000043,122,324,-202
226000044,251,794,-543
226000045,119,478,-359
226000046,472,115,357
226000047,422,120,302
226000048,558,169,389
226000049,348,222,126
226000070,0,56,-56
226000071,1,65,-64
226000072,0,8,-8
226000073,0,16,-16
226000074,0,10,-10
226000084,9,85,-76
226000085,14,18,-4
226000086,10,8,2
226000087,7,12,-5
226000088,59,12,47
226000090,373,157,216
226000091,21,34,-13
226000092,8,4,4
226000093,85,2,83
226000094,32,5,27
226000095,263,4,259
226000105,17,1,16
226000106,8,1,7
226000107,9,0,9
226000108,125,0,125
226000109,126,0,126
226000124,136,85,51
226000134,554,595,-41
226000135,1154,802,352
226000136,434,434,0
226000137,7,590,-583
226000138,24,400,-376
226000139,3,26,-23
226000156,230,16,214
226000157,266,14,252
226000163,164,180,-16
226000202,14,544,-530
226000231,379,24,355
226000232,69,10,59
227000033,302,95,207
227000036,284,67,217
227000037,192,49,143
227000038,369,83,286
227000049,0,91,-91
227000050,1,100,-99
227000055,215,0,215
227000056,83,1,82
227000084,7,64,-57
227000085,1,41,-40
227000088,110,4,106
227000089,185,4,181
227000090,80,1,79
227000091,34,1,33
227000093,275,1,274
227000094,36,1,35
227000130,65,83,-18
227000131,14,282,-268
227000132,59,274,-215
227000133,18,294,-276
227000134,21,391,-370
227000152,0,7,-7
227000153,0,33,-33
227000155,5,15,-10
227000156,0,29,-29
227000165,5,26,-21
227000196,223,208,15
227000199,207,447,-240
227000230,6,376,-370
227000232,272,12,260
227000242,56,587,-531
227000243,417,112,305
227000245,33,387,-354
227000246,119,517,-398
227000247,292,126,166
227000248,418,29,389
227000249,49,272,-223
227000250,630,204,426
227000251,241,411,-170
227000252,22,401,-379
227000253,104,37,67
227000262,265,68,197
227000266,919,21,898
227000267,52,1391,-1339
227000282,6,170,-164
227000284,392,17,375
227000286,3,94,-91
227000287,15,106,-91
227000291,10,429,-419
227000484,255,11,244
227000485,14,681,-667
227000655,125,20,105
227000656,427,23,404
227000657,82,22,60
227000661,166,11,155
227000680,445,45,400
229000265,15,59,-44
229000296,9,26,-17
229000297,4,38,-34
229000298,17,155,-138
229000320,13,5,8
229000321,29,4,25
229000412,25,78,-53
229000414,4,60,-56
229000415,25,4,21
229000416,1,4,-3
229000417,3,20,-17
229000419,162,333,-171
229000440,365,77,288
229000442,20,4,16
229000443,3,2,1
229000444,19,30,-11
229000445,89,12,77
229000446,71,23,48
229000847,44,0,44
229000848,33,0,33
229000849,120,1,119
229000851,32,0,32
229000854,1,46,-45
229000856,0,172,-172
229000857,0,54,-54
229000858,0,105,-105
229000919,20,182,-162
229000930,2,368,-366
229000937,126,14,112
229000966,58,19,39
229000981,16,56,-40
229000985,8,39,-31
229000986,3,7,-4
229000987,0,0,0
229000988,3,14,-11
229000989,16,11,5
229000990,0,1,-1
229000991,1,0,1
229000992,10,14,-4
229000993,175,12,163
229000998,9,60,-51
229000999,102,19,83
229001034,2,17,-15
229001035,11,3,8
229001037,57,11,46
229001042,11,31,-20
229001047,6,38,-32
229001050,72,80,-8
229001200,13,0,13
229001338,0,36,-36
229001394,191,10,181
229001422,96,37,59
229001423,28,214,-186
229001431,96,63,33
229001432,99,127,-28
229001444,118,84,34
229001445,28,227,-199
229001503,213,95,118
229001504,155,272,-117
229001505,105,42,63
229001506,158,266,-108
229001509,104,34,70
229001545,99,8,91
229001546,13,149,-136
229001553,94,18,76
229001554,55,154,-99
229001559,7,6,1
229001560,4,23,-19
229001630,46,4,42
229001631,6,60,-54
229001635,0,12,-12
229001636,4,2,2
229001658,0,194,-194
229001659,84,1,83
229001660,3,7,-4
229001661,34,33,1
229001662,98,2,96
229001663,0,37,-37
229002584,208,227,-19
229002831,245,185,60
229002841,20,28,-8
229002842,44,23,21
229002843,128,19,109
229002844,68,47,21
229002845,27,64,-37
229002846,116,22,94
229002847,21,11,10
229002848,18,9,9
229002849,31,72,-41
229002850,16,1,15
229002851,136,92,44
229002852,185,21,164
229002853,157,16,141
229002854,98,47,51
229002855,26,19,7
229002856,185,16,169
229002857,22,33,-11
229002858,36,11,25
229002859,76,23,53
229002860,178,7,171
229002861,66,26,40
229002862,53,26,27
229002863,56,9,47
229002864,14,25,-11
229002865,10,17,-7
229002866,20,12,8
229002867,3,29,-26
229002868,51,6,45
229002869,30,142,-112
229002870,31,5,26
235000066,381,113,268
235000067,104,137,-33
235000072,27,59,-32
235000073,80,351,-271
235000074,47,83,-36
235000080,46,115,-69
235000081,106,160,-54
235000082,227,108,119
235000083,206,126,80
235000084,85,77,8
235000085,100,84,16
235000089,26,62,-36
235000092,29,165,-136
235000093,22,3,19
235000097,4,14,-10
235000098,88,14,74
235000099,33,21,12
235000116,85,30,55
235000117,1135,17,1118
235000133,11,517,-506
235000134,6,189,-183
235000206,9,2,7
235000207,1,5,-4
235000208,5,1,4
235000209,8,3,5
235000210,40,4,36
235000212,2,20,-18
235000213,0,7,-7
235000220,2,6,-4
235000221,75,8,67
235000238,25,105,-80
235000239,1,30,-29
235000242,453,574,-121
235000245,891,240,651
235000246,38,104,-66
235000284,5,159,-154
235000295,309,24,285
235000305,424,33,391
235000306,148,10,138
235000307,27,2,25
235000308,82,2,80
235000309,114,0,114
235000310,25,0,25
235000311,281,70,211
235000322,0,35,-35
235000323,0,73,-73
235000324,0,18,-18
235000325,1,11,-10
235000326,7,239,-232
235000351,3,109,-106
235000352,25,44,-19
235000353,3,13,-10
235000354,10,37,-27
235000355,13,45,-32
235000356,117,7,110
235000357,44,9,35
235000358,147,2,145
235000359,23,6,17
235000360,136,9,127
235000361,82,13,69
235000381,80,388,-308
235000382,155,41,114
235000390,22,8,14
235000391,162,29,133
235000392,209,266,-57
235000393,153,193,-40
235000395,146,68,78
235000396,334,120,214
235000400,153,168,-15
235000401,55,193,-138
235000405,146,287,-141
235000406,65,259,-194
235000407,83,88,-5
235000409,214,205,9
235000410,31,292,-261
235000411,4,117,-113
235000485,0,4,-4
235000486,13,0,13
235000549,101,135,-34
235000550,105,186,-81
235000599,99,54,45
235000600,14,9,5
235000601,29,35,-6
235000602,69,94,-25
235000614,0,4,-4
235000648,1,17,-16
235000649,33,9,24
235000685,6,9,-3
235000815,21,23,-2
235000834,0,16,-16
235000855,53,57,-4
235000862,62,233,-171
235000891,0,12,-12
235000892,19,0,19
235000901,64,108,-44
235000907,2,15,-13
235001010,50,96,-46
235001029,590,468,122
235001030,418,311,107
235001078,115,136,-21
235001079,114,118,-4
235001147,47,112,-65
235001166,35,91,-56
235001167,34,60,-26
235001169,65,349,-284
235001188,0,10,-10
235001189,7,2,5
235001197,7,37,-30
235001200,43,28,15
235001207,444,72,372
235001210,104,349,-245
235001215,47,307,-260
235001239,2,60,-58
235001244,0,7,-7
235016267,0,154,-154
277102712,0,0,0
277103813,0,0,0
277103814,0,0,0
277104249,0,6,-6
277104250,0,9,-9
277104251,1,9,-8
277104252,0,5,-5
990011530,0,231,-231
990014944,1,511,-510
990015176,130,0,130
990015618,30,205,-175
990016032,2,396,-394
990032570,0,54,-54
990070001,131,4,127
990070103,0,2,-2
990070601,0,44,-44
990070751,526,0,526
990070766,0,634,-634
990071180,494,288,206
990071343,33,2,31
990071387,1,15,-14
990071823,22,2,20
990072600,2,753,-751
990072964,3,477,-474
990073285,0,1,-1
990074393,2,1045,-1043
990074870,1233,38,1195
990075106,1600,11,1589
990075746,474,4,470
990076437,1045,7,1038
990076458,8,921,-913
997000007,657,6,651
997000041,0,134,-134
997000058,30,1,29
997000062,146,19,127
997000069,0,4,-4
997000070,0,44,-44
997000100,17,0,17
997000141,1,2119,-2118
997000198,899,1698,-799
998000475,1,27,-26
998000736,0,226,-226
998000965,0,29,-29
998001031,0,84,-84
998001700,0,32,-32
998001899,1,0,1
998001900,7,3,4
998003073,1223,7,1216
998101900,0,0,0
998102850,0,87,-87
998501927,1313,565,748
998501929,90,14,76
998501930,62,0,62
998501931,130,12,118
998501932,3,0,3
998501933,72,2,70
998501937,67,39,28
998501944,3,1,2
998501950,0,0,0
998501970,37,3,34
998501971,1,72,-71
998501973,0,54,-54
998501974,0,253,-253
998501975,508,5,503
998501976,237,2,235
998501977,6,24,-18
998501978,27,0,27
998501979,0,15,-15
998501980,103,0,103
998501981,30,4,26
998501982,1,86,-85
998501983,0,2,-2
998502006,0,0,0
998502024,0,17,-17
998502032,0,4,-4
998502062,26,2,24
998502063,0,0,0
998502173,51,1,50
998502269,0,1,-1
998502546,3,195,-192
998502578,0,5,-5
998502599,82,386,-304
998502621,0,2,-2
998601159,0,229,-229
998601292,0,34,-34
999033574,2,808,-806
999800001,33,19,14
999800002,0,4,-4
999800003,3,0,3
999800004,0,5,-5
999800005,0,4,-4
