ID,insum,outsum,diff
100000001,870,376,494
100000002,3597,6304,-2707
100000003,3544,4691,-1147
100000004,193,1212,-1019
100000005,3202,3432,-230
100000006,482,880,-398
100000007,1951,1100,851
100000008,106,783,-677
100000009,230,1776,-1546
100000010,23,295,-272
100000011,320,87,233
100000012,35,316,-281
100000013,6,103,-97
100000014,75,1798,-1723
100000015,879,1578,-699
100000016,208,2274,-2066
100000017,146,3042,-2896
100000018,754,828,-74
100000019,2380,2242,138
100000020,928,4597,-3669
100000021,5684,1297,4387
100000022,555,3644,-3089
100000023,3990,1228,2762
100000025,421,1193,-772
100000028,238,2201,-1963
100000029,6,869,-863
100000030,20,16,4
100000031,1627,6696,-5069
100000032,1443,3961,-2518
100000033,1085,3240,-2155
100000034,84,1503,-1419
100000035,514,1213,-699
100000036,514,1759,-1245
100000037,731,338,393
100000038,2530,715,1815
100000039,143,220,-77
100000040,726,128,598
100000041,1609,311,1298
100000042,1339,227,1112
100000043,565,156,409
100000044,107,238,-131
100000045,132,301,-169
100000046,257,197,60
100000047,152,150,2
100000048,164,433,-269
100000049,994,878,116
100000051,532,475,57
100000053,64,10,54
100000054,192,14,178
100000055,476,148,328
100000056,258,351,-93
100000057,1878,402,1476
100000058,870,323,547
100000059,59,224,-165
100000060,828,326,502
100000061,2136,521,1615
100000062,1739,928,811
100000063,1227,455,772
100000064,1499,560,939
100000065,273,375,-102
100000066,210,421,-211
100000067,182,592,-410
100000068,254,1319,-1065
100000069,194,936,-742
100000072,187,374,-187
100000073,882,640,242
100000075,692,111,581
100000076,1351,8030,-6679
100000077,50,446,-396
100000078,1,33,-32
100000079,3,91,-88
100000080,1,52,-51
100000081,14,88,-74
100000102,1746,4608,-2862
100000103,1257,4752,-3495
100000104,3122,2193,929
100000105,935,1567,-632
100000106,516,3157,-2641
100000107,77,1128,-1051
100000108,112,951,-839
100000109,397,1182,-785
100000116,256,426,-170
100000117,39,105,-66
100000118,543,1024,-481
100000119,818,1072,-254
100000121,151,425,-274
100000122,442,2223,-1781
100000123,737,1774,-1037
100000124,1918,2258,-340
100000125,6384,1705,4679
100000126,276,596,-320
100000127,1188,744,444
100000128,512,3292,-2780
100000129,268,881,-613
100000130,955,136,819
100000131,601,930,-329
100000132,889,881,8
100000133,1010,555,455
100000135,488,735,-247
100000139,110,468,-358
100000140,86,57,29
100000142,540,555,-15
100000143,1176,240,936
100000144,1073,298,775
100000147,1337,4413,-3076
100000150,144,416,-272
100000151,205,1749,-1544
100000153,17,360,-343
100000154,9,451,-442
100000155,0,46,-46
100000156,55,140,-85
100000157,125,146,-21
100000158,104,181,-77
100000159,59,1059,-1000
100000165,566,388,178
100000169,21,2212,-2191
100000174,260,1254,-994
100000179,120,794,-674
100000180,628,1796,-1168
100000181,214,186,28
100000188,47,55,-8
100000189,781,209,572
100000190,396,1271,-875
100000191,687,501,186
100000192,3,164,-161
100000193,313,144,169
100000330,498,743,-245
100000355,162,309,-147
100000362,1504,516,988
100000363,5927,7142,-1215
100000364,94,171,-77
100000365,4427,6634,-2207
100000366,1236,756,480
100000367,4285,4865,-580
100000368,1663,1330,333
100000369,502,1862,-1360
100000370,92,940,-848
100000376,37,478,-441
100000379,579,3991,-3412
100000380,2375,7123,-4748
100000384,3668,5142,-1474
100000385,817,3827,-3010
100000386,1110,5653,-4543
100000387,2823,6417,-3594
100000388,1268,3327,-2059
100000389,3638,5400,-1762
100000390,1866,1937,-71
100000391,1797,5098,-3301
100000392,389,1792,-1403
100000393,561,3277,-2716
100000394,1201,3886,-2685
100000395,506,3684,-3178
100000396,549,1521,-972
100000397,1155,5575,-4420
100000398,4373,3000,1373
100000413,0,2,-2
100900002,11,15,-4
100900003,589,344,245
100900004,6,209,-203
100900005,176,35,141
100900006,24,7,17
100900007,249,1,248
100900008,0,117,-117
100900009,9,17,-8
100900010,22,6,16
100900011,93,141,-48
100900012,0,69,-69
100900013,982,13,969
100900014,0,0,0
100900015,44,22,22
100900016,0,22,-22
100900017,1089,33,1056
100900018,0,14,-14
100900019,45,50,-5
100900020,471,7,464
100900021,476,1,475
100900022,3,1,2
100900023,0,62,-62
100900024,397,0,397
100900025,22,6,16
100900026,97,152,-55
100900027,234,2501,-2267
100900028,114,342,-228
100900029,75,4,71
100900030,1,194,-193
100900031,1122,30,1092
100900032,386,0,386
100900033,57,302,-245
100900034,1883,2,1881
100900035,170,2,168
100900036,67,1,66
100900037,98,83,15
100900038,11,38,-27
100900039,213,125,88
100900040,728,480,248
100900041,1518,137,1381
100900042,314,3033,-2719
100900043,0,23,-23
100900044,822,746,76
100900045,28,0,28
100900046,1084,10,1074
100900047,470,138,332
100900048,36,3,33
100900049,85,27,58
100900050,3,13,-10
100900051,11,126,-115
100900052,315,1,314
100900053,659,46,613
100900054,12,20,-8
100900055,466,1260,-794
100900056,21,32,-11
100900057,1882,257,1625
100900058,97,16,81
100900059,184,0,184
100900060,228,3,225
100900061,137,178,-41
100900062,8,9,-1
100900063,284,1171,-887
100900064,470,4,466
100900065,38,199,-161
100900066,147,41,106
100900067,42,1,41
100900068,178,731,-553
100900069,77,3,74
100900070,818,0,818
100900071,148,57,91
100900072,2,36,-34
100900073,188,102,86
100900074,0,11,-11
100900075,955,52,903
100900076,18,22,-4
100900077,150,11,139
100900078,86,162,-76
100900079,1,11,-10
100900080,209,93,116
100900081,6,119,-113
100900082,331,62,269
100900083,4,21,-17
100900085,1,409,-408
100900086,11,316,-305
100900088,250,104,146
100900089,0,7,-7
100900090,41,778,-737
100900091,1,5,-4
100900092,64,139,-75
100900093,344,678,-334
100900094,290,69,221
100900095,14,37,-23
100900096,1,139,-138
100900097,9,0,9
100900098,11,5,6
100900099,3,221,-218
100900100,1,143,-142
100900101,364,30,334
100900102,5,68,-63
100900103,2,16,-14
100900104,0,98,-98
100900105,7,288,-281
100900106,3,2,1
100900107,1506,586,920
100900108,3,8,-5
100900109,6,43,-37
100900110,1,14,-13
100900111,13,161,-148
100900112,2,32,-30
100900113,10,3,7
100900114,29,27,2
100900115,27,71,-44
100900116,781,283,498
100900117,161,1120,-959
100900118,17,17,0
100900119,0,34,-34
100900120,40,9,31
100900121,309,168,141
100900122,30,73,-43
100900123,212,11,201
100900124,0,7,-7
100900125,4,14,-10
100900126,638,279,359
100900127,10,3,7
100900128,33,337,-304
100900129,0,196,-196
100900131,7,50,-43
100900133,122,21,101
100900134,8,18,-10
100900135,0,300,-300
100900137,190,173,17
100900138,622,316,306
100900139,0,53,-53
100900140,0,55,-55
100900141,2,292,-290
100900142,0,5,-5
100900143,182,393,-211
100900144,5,0,5
100900145,32,838,-806
100900146,0,18,-18
100900147,7,1523,-1516
100900148,61,87,-26
100900149,12,649,-637
100900150,2,34,-32
100900151,23,217,-194
100900152,119,0,119
100900153,0,196,-196
100900154,1,127,-126
100900155,12,2,10
100900156,11,0,11
100900157,8,381,-373
100900159,6,40,-34
100900160,28,0,28
100900161,15,0,15
100900162,12,238,-226
100900163,53,42,11
100900164,100,10,90
100900165,42,19,23
100900166,8,0,8
100900167,23,23,0
100900168,4,108,-104
100900169,16,390,-374
100900170,14,13,1
100900171,6,419,-413
100900172,1,65,-64
100900173,4,57,-53
100900174,31,12,19
100900176,968,151,817
100900177,223,123,100
100900178,127,70,57
100900179,97,159,-62
100900180,2,0,2
100900181,12,16,-4
100900182,32,13,19
100900184,92,192,-100
100900186,436,281,155
100900187,32,32,0
100900188,7,9,-2
100900189,2293,186,2107
100900191,301,892,-591
100900192,50,188,-138
100900195,47,374,-327
100900197,41,41,0
100900198,9,16,-7
100900199,1,3,-2
100900200,422,116,306
100900201,21,672,-651
100900202,32,0,32
100900203,1,64,-63
100900204,59,214,-155
100900205,97,431,-334
100900206,190,245,-55
100900207,359,77,282
100900210,57,73,-16
100900211,283,65,218
100900213,46,11,35
100900214,168,92,76
100900215,29,7,22
100900217,73,93,-20
101000001,1758,2071,-313
101000002,5808,8443,-2635
101000003,305,780,-475
101000004,5862,6506,-644
101000005,1812,4221,-2409
101000006,6886,8943,-2057
101000007,2184,3968,-1784
101000008,1504,2080,-576
101000009,2149,745,1404
101000010,1026,762,264
101000011,1042,288,754
101000012,208,382,-174
101000013,368,1055,-687
101000014,302,327,-25
101000015,2239,1236,1003
101000016,160,542,-382
101000017,195,344,-149
101000018,1106,4783,-3677
101000020,1130,1271,-141
101000021,312,707,-395
101000022,52,258,-206
101000023,785,713,72
101000025,382,578,-196
101000026,511,45,466
101000027,1269,2752,-1483
101000028,706,199,507
101000029,23,906,-883
101000030,435,86,349
101000031,86,581,-495
101000032,1577,3358,-1781
101000033,829,4523,-3694
101000034,381,2519,-2138
101000035,276,388,-112
101000036,259,2085,-1826
101000037,557,3756,-3199
101000039,1454,2341,-887
101000040,1949,6347,-4398
101000041,1298,4855,-3557
101000042,60,781,-721
101000043,2369,5383,-3014
101000045,185,647,-462
101000046,672,1622,-950
101000047,719,3714,-2995
101000048,354,301,53
101000049,460,1671,-1211
101000050,175,1508,-1333
101000051,558,1427,-869
101000052,1415,1256,159
101000053,260,1099,-839
101000054,1188,565,623
101000055,909,1170,-261
101000056,3,104,-101
101000057,576,3459,-2883
101000058,484,1900,-1416
101000059,1939,3233,-1294
101000060,1929,892,1037
101000061,182,2125,-1943
101000062,91,746,-655
101000063,89,1149,-1060
101000064,116,1519,-1403
101000065,93,960,-867
101000066,228,1221,-993
101000067,219,544,-325
101000068,39,243,-204
101000069,74,29,45
101000070,349,596,-247
101000071,2546,977,1569
101000072,340,1723,-1383
101000073,401,893,-492
101000074,1173,2009,-836
101000075,1201,1842,-641
101000077,1176,1831,-655
101000078,514,824,-310
101000079,626,790,-164
101000080,745,648,97
101000081,1125,1216,-91
101000082,1124,1080,44
101000083,2537,1819,718
101000084,954,438,516
101000085,1511,899,612
101000086,759,571,188
101000087,525,577,-52
101000088,1717,823,894
101000089,924,1383,-459
101000090,963,442,521
101000091,420,355,65
101000092,2180,389,1791
101000093,1437,401,1036
101000094,589,468,121
101000095,559,546,13
101000096,842,243,599
101000097,359,406,-47
101000098,283,405,-122
101000099,310,748,-438
101000100,763,772,-9
101000101,124,920,-796
101000102,167,1126,-959
101000103,256,718,-462
101000104,143,588,-445
101000105,255,465,-210
101000106,182,1822,-1640
101000107,205,569,-364
101000108,406,88,318
101000109,883,106,777
101000110,30,143,-113
101000111,44,117,-73
101000113,77,952,-875
101000114,991,4110,-3119
101000115,23,12,11
101000116,10,40,-30
101000117,1027,204,823
101000119,5,107,-102
101000120,11,156,-145
101000121,27,13,14
101000122,47,122,-75
101000123,19,102,-83
101000124,479,444,35
101000125,151,80,71
101000128,189,1535,-1346
101000130,126,276,-150
101000131,1693,249,1444
101000132,661,375,286
101000135,4,44,-40
101000136,55,126,-71
101000137,2,470,-468
101000141,528,3826,-3298
101000147,1315,352,963
101000148,1054,24,1030
101000149,31,139,-108
101000150,129,208,-79
101000151,499,27,472
101000152,323,270,53
101000153,267,140,127
101000154,616,393,223
101000155,592,239,353
101000156,9,806,-797
101000157,18,107,-89
101000160,0,41,-41
101000163,33,503,-470
101000164,260,81,179
101000165,165,477,-312
101000166,130,216,-86
101000168,1247,219,1028
101000252,2696,570,2126
101000254,16,51,-35
101000258,77,1,76
101000261,52,71,-19
101000262,947,5674,-4727
101000263,286,872,-586
101000265,73,633,-560
101000266,255,132,123
101000269,10,31,-21
101000290,85,2976,-2891
101000293,1,12,-11
101000294,287,365,-78
101000295,317,157,160
101000301,149,619,-470
101000304,1945,3346,-1401
101000305,2385,1171,1214
101000328,136,1436,-1300
101900001,48,97,-49
101900002,0,7,-7
101900003,26,120,-94
101900004,1,198,-197
101900005,813,3639,-2826
101900006,1098,54,1044
101900007,194,346,-152
101900008,45,205,-160
101900009,10,392,-382
101900010,754,644,110
101900011,39,1407,-1368
101900012,224,76,148
101900013,277,76,201
101900017,22,102,-80
101900018,1229,278,951
101900019,45,119,-74
101900020,43,31,12
101900021,0,33,-33
101900022,180,824,-644
101900023,176,234,-58
101900026,140,25,115
101900027,20,92,-72
102000001,3146,6717,-3571
102000002,2388,1882,506
102000003,1594,4336,-2742
102000004,3107,2589,518
102000005,1153,3242,-2089
102000006,616,970,-354
102000007,1611,3563,-1952
102000008,4174,1314,2860
102000009,7175,7796,-621
102000010,3049,1963,1086
102000011,4596,4268,328
102000012,3647,2303,1344
102000018,2562,3098,-536
102000019,2254,1756,498
102000026,365,431,-66
102000029,303,188,115
102000030,96,358,-262
102000031,136,114,22
102000032,835,319,516
102000033,581,237,344
102000034,321,270,51
102000035,651,352,299
102000036,42,179,-137
102000037,133,37,96
102000038,235,176,59
102000039,75,117,-42
102000040,165,155,10
102000041,37,337,-300
102000042,57,236,-179
102000043,94,232,-138
102000044,421,966,-545
102000045,670,535,135
102000046,1378,540,838
102000047,1232,453,779
102000048,646,414,232
102000049,805,707,98
102000050,1261,1056,205
102000051,124,437,-313
102000052,1156,822,334
102000053,579,784,-205
102000054,695,761,-66
102000055,1047,169,878
102000056,1662,202,1460
102000057,1756,385,1371
102000058,588,615,-27
102000059,724,808,-84
102000060,779,751,28
102000061,1852,1074,778
102000062,2103,829,1274
102000063,906,1259,-353
102000064,589,603,-14
102000065,23,94,-71
102000066,647,415,232
102000067,4752,4104,648
102000068,6785,3116,3669
102000069,76,2364,-2288
102000070,2206,31,2175
102000071,5153,11816,-6663
102000072,2373,3344,-971
102000073,552,321,231
102000074,813,381,432
102000075,183,82,101
102000076,482,129,353
102000077,643,520,123
102000078,1535,360,1175
102000079,140,64,76
102000080,235,109,126
102000081,160,477,-317
102000082,597,252,345
102000083,852,132,720
102000084,783,115,668
102000085,1317,467,850
102000086,1479,664,815
102000087,441,886,-445
102000088,544,142,402
102000089,1555,190,1365
102000090,209,1242,-1033
102000091,861,566,295
102000092,195,510,-315
102000093,900,558,342
102000094,424,195,229
102000095,489,693,-204
102000096,245,287,-42
102000097,429,254,175
102000098,214,251,-37
102000099,494,573,-79
102000100,176,407,-231
102000101,194,321,-127
102000102,140,1038,-898
102000103,3140,400,2740
102000104,445,311,134
102000105,214,292,-78
102000106,1036,387,649
102000107,2136,92,2044
102000108,628,703,-75
102000109,759,787,-28
102000110,1464,360,1104
102000111,2,1460,-1458
102000112,108,206,-98
102000113,7,77,-70
102000114,1722,425,1297
102000115,110,383,-273
102000116,181,674,-493
102000117,33,585,-552
102000118,795,2080,-1285
102000119,474,977,-503
102000120,257,411,-154
102000121,990,233,757
102000122,449,630,-181
102000123,708,357,351
102000124,1254,1008,246
102000125,263,365,-102
102000126,440,581,-141
102000127,1128,534,594
102000128,752,666,86
102000129,1082,468,614
102000130,570,778,-208
102000131,391,537,-146
102000132,208,488,-280
102000133,4070,1942,2128
102000134,1551,526,1025
102000135,433,612,-179
102000136,652,379,273
102000137,343,192,151
102000138,250,75,175
102000139,36,257,-221
102000140,119,233,-114
102000141,213,363,-150
102000142,330,119,211
102000143,290,70,220
102000144,461,82,379
102000145,350,136,214
102000146,693,151,542
102000147,462,272,190
102000148,218,435,-217
102000149,405,139,266
102000150,953,54,899
102000151,118,85,33
102000152,396,49,347
102000153,691,307,384
102000154,103,199,-96
102000155,45,262,-217
102000156,271,79,192
102000157,38,465,-427
102000158,266,340,-74
102000159,965,1100,-135
102000161,2215,2026,189
102000162,71,274,-203
102000163,139,329,-190
102000164,470,645,-175
102000165,231,506,-275
102000166,53,309,-256
102000167,112,161,-49
102000168,184,209,-25
102000169,151,580,-429
102000170,558,140,418
102000171,85,82,3
102000172,9,352,-343
102000173,359,311,48
102000174,200,53,147
102000175,83,41,42
102000176,27,22,5
102000178,164,368,-204
102000179,437,223,214
102000180,1086,268,818
102000181,1306,206,1100
102000182,798,991,-193
102000183,1954,634,1320
102000184,1906,450,1456
102000185,2659,331,2328
102000186,1895,462,1433
102000187,857,418,439
102000188,1482,1112,370
102000189,1059,181,878
102000190,393,1998,-1605
102000191,827,213,614
102000192,1832,1699,133
102000193,146,127,19
102000194,40,272,-232
102000195,799,315,484
102000196,257,193,64
102000197,1509,81,1428
102000198,320,293,27
102000199,1377,70,1307
102000200,369,285,84
102000201,2009,303,1706
102000202,12,105,-93
102000203,710,63,647
102000204,962,379,583
102000205,1362,769,593
102000206,567,506,61
102000207,735,734,1
102000208,367,866,-499
102000209,157,132,25
102000210,694,409,285
102000211,1010,124,886
102000212,560,2,558
102000213,7,314,-307
102000214,689,1,688
102000215,24,174,-150
102000216,228,128,100
102000217,4,39,-35
102000218,232,182,50
102000219,226,71,155
102000225,217,1110,-893
102000226,158,200,-42
102000227,161,0,161
102000228,0,79,-79
102000229,86,37,49
102000230,320,285,35
102000231,481,303,178
102000232,60,193,-133
102000233,1125,276,849
102000234,42,873,-831
102000236,262,29,233
102000237,1033,234,799
102000238,293,247,46
102000240,263,834,-571
102000241,96,125,-29
102000243,3,37,-34
102000245,6,66,-60
102000246,5,53,-48
102000247,200,300,-100
102000248,336,973,-637
102000249,142,83,59
102000250,80,159,-79
102000254,414,120,294
102000266,1,181,-180
102000271,38,0,38
102000286,319,319,0
102000297,2133,670,1463
102000301,0,0,0
102000303,0,0,0
102000305,0,0,0
102000307,0,2,-2
102900001,830,381,449
102900002,213,37,176
102900003,83,28,55
102900005,507,93,414
102900006,618,25,593
102900007,772,9,763
102900008,264,11,253
102900009,125,312,-187
102900010,256,791,-535
102900011,867,317,550
102900012,323,66,257
102900013,54,19,35
102900015,788,453,335
102900016,131,7,124
102900017,267,61,206
102900018,85,26,59
102900019,516,498,18
102900020,172,17,155
102900021,65,9,56
102900022,35,37,-2
102900023,20,3,17
102900024,59,11,48
102900025,48,15,33
102900026,396,2138,-1742
102900027,23,42,-19
102900028,193,905,-712
102900029,65,333,-268
102900030,390,422,-32
102900031,410,80,330
102900032,157,20,137
102900033,99,73,26
102900034,614,11,603
102900035,262,51,211
102900036,268,87,181
102900037,181,331,-150
102900038,263,120,143
102900039,12,816,-804
102900040,337,312,25
102900041,69,104,-35
102900042,325,90,235
102900043,415,87,328
102900044,494,1274,-780
102900045,207,273,-66
102900046,158,86,72
102900047,206,760,-554
102900048,775,163,612
102900049,47,131,-84
102900050,126,741,-615
102900051,206,295,-89
102900053,303,421,-118
102900054,185,1107,-922
102900055,62,360,-298
102900056,91,168,-77
102900057,0,64,-64
102900058,371,59,312
102900059,10,7,3
102900060,19,296,-277
102900061,204,689,-485
102900062,267,287,-20
102900063,2105,291,1814
102900064,19,300,-281
102900065,976,238,738
102900066,187,1,186
102900068,31,115,-84
102900070,141,185,-44
102900072,1,79,-78
102900073,13,2,11
102900075,2,80,-78
102900076,21,38,-17
102900077,23,6,17
102900078,13,17,-4
102900079,266,3,263
102900080,403,3,400
102900081,23,60,-37
102900082,13,57,-44
102900083,91,3,88
102900084,4,20,-16
102900085,60,41,19
102900086,15,38,-23
102900087,305,29,276
102900088,46,29,17
102900089,275,108,167
102900090,0,147,-147
102900091,475,1,474
102900092,1037,69,968
102900094,4,34,-30
102900095,22,0,22
102900096,152,4,148
102900097,12,13,-1
103000001,1944,2062,-118
103000002,2502,2682,-180
103000003,2861,1823,1038
103000004,795,391,404
103000005,1293,3883,-2590
103000006,1163,1823,-660
103000007,379,213,166
103000008,973,635,338
103000009,2481,1205,1276
103000010,221,90,131
103000011,1079,364,715
103000012,1213,1192,21
103000013,1930,1077,853
103000014,1082,2063,-981
103000015,1295,704,591
103000016,598,1724,-1126
103000017,254,983,-729
103000018,626,171,455
103000019,408,694,-286
103000020,1024,1066,-42
103000021,2020,3254,-1234
103000022,847,1139,-292
103000023,942,1968,-1026
103000024,93,85,8
103000025,103,1503,-1400
103000026,232,209,23
103000027,191,490,-299
103000028,105,149,-44
103000029,118,233,-115
103000030,1735,835,900
103000031,661,2307,-1646
103000032,1820,1040,780
103000033,3420,2639,781
103000034,1025,535,490
103000035,113,839,-726
103000036,255,179,76
103000037,359,266,93
103000038,345,604,-259
103000039,622,205,417
103000040,793,391,402
103000041,2624,1016,1608
103000042,2276,90,2186
103000043,986,415,571
103000044,328,80,248
103000046,191,603,-412
103000047,731,291,440
103000048,205,284,-79
103000049,72,93,-21
103000050,986,108,878
103000051,612,256,356
103000052,1036,95,941
103000053,234,217,17
103000054,1705,169,1536
103000055,1653,618,1035
103000056,751,658,93
103000057,1621,72,1549
103000058,905,189,716
103000059,1015,266,749
103000060,780,185,595
103000061,851,633,218
103000062,679,57,622
103000063,1246,422,824
103000064,187,29,158
103000065,1,149,-148
103000066,225,3,222
103000069,397,506,-109
103000070,623,225,398
103000071,1994,491,1503
103000072,106,300,-194
103000073,1461,47,1414
103000074,886,47,839
103000075,87,351,-264
103000076,418,968,-550
103000077,22,193,-171
103000078,745,1243,-498
103000079,405,641,-236
103000080,311,361,-50
103000081,215,795,-580
103000082,521,150,371
103000083,119,234,-115
103000084,108,1,107
103000085,1,90,-89
103000086,360,418,-58
103000087,89,642,-553
103000088,97,341,-244
103000089,342,744,-402
103000090,3334,799,2535
103000091,890,391,499
103000092,441,140,301
103000093,239,505,-266
103000094,425,79,346
103000095,75,274,-199
103000096,594,10,584
103000097,20,577,-557
103000098,515,90,425
103000099,88,688,-600
103000100,205,278,-73
103000101,1347,49,1298
103000102,95,156,-61
103000103,854,60,794
103000104,195,125,70
103000105,344,62,282
103000106,23,120,-97
103000107,322,71,251
103000108,1442,1722,-280
103000109,480,706,-226
103000110,376,727,-351
103000111,322,577,-255
103000112,235,402,-167
103000113,455,1168,-713
103000114,1635,874,761
103000115,798,561,237
103000116,703,249,454
103000117,489,484,5
103000118,337,229,108
103000119,982,227,755
103000120,41,237,-196
103000121,322,251,71
103000122,431,870,-439
103000125,10,40,-30
103000126,1188,1,1187
103000127,1,43,-42
103000128,145,1,144
103000129,0,52,-52
103000130,112,67,45
103000131,22,84,-62
103000132,36,102,-66
103000133,24,40,-16
103000134,126,1323,-1197
103000135,482,151,331
103000136,370,410,-40
103000137,248,487,-239
103000138,342,391,-49
103000139,1,55,-54
103000140,120,13,107
103000141,17,177,-160
103000142,89,59,30
103000143,36,108,-72
103000144,179,46,133
103000145,2,27,-25
103000150,66,32,34
103000152,149,529,-380
103000153,142,298,-156
103000156,0,69,-69
103000157,469,0,469
103000159,209,29,180
103000162,22,24,-2
103000163,10,26,-16
103000164,5,34,-29
103000165,67,81,-14
103000166,251,668,-417
103000167,213,264,-51
103000168,190,91,99
103000169,309,915,-606
103000170,1817,225,1592
103000171,3,121,-118
103000172,1049,74,975
103000173,1453,91,1362
103000174,594,227,367
103000175,565,72,493
103000176,924,1063,-139
103000177,135,516,-381
103000178,54,199,-145
103000179,107,6,101
103000183,596,1,595
103000185,225,76,149
103000186,466,59,407
103000187,1586,66,1520
103000188,5,44,-39
103000189,679,643,36
103000191,319,121,198
103000292,370,2010,-1640
103000293,364,3556,-3192
103000295,26,156,-130
103000296,68,0,68
103000297,0,14,-14
103000504,24,7,17
103000505,1,14,-13
103000506,0,91,-91
103000507,317,1,316
103000508,27,51,-24
103000509,232,391,-159
103900001,4,19,-15
103900002,512,42,470
103900003,741,771,-30
103900004,107,0,107
103900005,0,35,-35
103900006,20,5,15
103900007,181,2,179
103900008,9,0,9
103900009,340,63,277
103900010,283,65,218
103900011,927,54,873
103900012,29,107,-78
103900013,68,8,60
103900014,158,18,140
103900015,188,2,186
103900016,152,96,56
103900017,138,37,101
103900018,156,18,138
103900019,10,478,-468
103900020,405,242,163
103900021,48,38,10
103900022,504,343,161
103900023,251,1,250
103900024,107,128,-21
103900025,2,6,-4
103900026,1,0,1
103900027,284,135,149
103900028,73,336,-263
103900029,1428,78,1350
103900030,228,51,177
103900031,81,0,81
103900032,132,124,8
103900033,114,20,94
103900034,100,58,42
103900035,109,70,39
103900036,18,20,-2
103900037,186,44,142
103900038,54,212,-158
103900039,255,58,197
103900040,33,86,-53
103900041,79,11,68
103900042,160,32,128
103900043,433,5,428
103900044,10,560,-550
103900045,323,175,148
103900047,125,14,111
103900048,1,18,-17
103900049,83,749,-666
103900050,30,132,-102
103900051,0,48,-48
103900052,259,243,16
103900053,491,100,391
103900054,327,87,240
103900055,549,111,438
103900056,130,54,76
103900057,238,55,183
103900058,575,112,463
103900059,0,188,-188
103900060,157,37,120
103900061,305,3,302
103900062,935,252,683
103900063,0,0,0
103900064,241,0,241
103900065,150,415,-265
103900066,299,39,260
103900067,247,14,233
103900068,1,0,1
103900069,152,21,131
103900070,112,115,-3
103900071,21,24,-3
103900072,117,73,44
103900073,99,44,55
103900074,151,5,146
103900075,235,21,214
103900076,837,122,715
103900077,13,116,-103
103900078,396,95,301
103900079,87,127,-40
103900080,2,6,-4
103900081,32,22,10
103900082,39,79,-40
103900083,1019,1863,-844
103900084,18,204,-186
103900085,35,78,-43
103900086,2029,260,1769
103900088,233,357,-124
103900089,49,186,-137
103900090,2,51,-49
103900091,570,60,510
103900092,773,434,339
103900093,16,202,-186
103900094,9,45,-36
103900095,174,349,-175
103900096,179,13,166
103900097,56,88,-32
103900098,421,70,351
103900099,330,28,302
103900100,447,34,413
103900101,1431,708,723
103900102,2,68,-66
103900104,2,8,-6
103900105,45,44,1
103900106,4,1506,-1502
103900107,270,13,257
103900108,93,71,22
103900109,295,5,290
103900110,324,23,301
103900111,340,132,208
103900112,35,26,9
103900113,24,61,-37
103900114,535,128,407
103900115,77,103,-26
103900116,1078,3184,-2106
103900117,29,16,13
103900119,14,237,-223
103900120,82,30,52
103900122,227,30,197
103900123,194,799,-605
103900124,9,126,-117
103900125,142,31,111
103900126,755,57,698
103900127,154,120,34
103900128,215,17,198
103900131,42,53,-11
103900133,698,12,686
103900134,1,12,-11
103900135,0,0,0
103900137,1,21,-20
103900138,285,23,262
103900139,193,3597,-3404
103900140,2,469,-467
103900141,131,17,114
103900142,874,93,781
103900143,322,0,322
103900144,0,25,-25
103900145,119,100,19
103900146,272,212,60
103900147,500,64,436
103900148,521,137,384
103900149,334,103,231
103900150,2703,5467,-2764
103900151,9,80,-71
103900152,1300,151,1149
103900153,22,4,18
103900154,157,2482,-2325
103900155,37,23,14
103900156,57,1,56
103900157,316,14,302
103900158,546,8,538
103900159,506,7,499
103900160,22,22,0
103900161,40,57,-17
103900162,55,20,35
103900163,12,206,-194
103900167,3,105,-102
103900168,63,25,38
103900169,9,32,-23
103900170,0,30,-30
103900171,0,9,-9
103900172,3,5,-2
103900173,25,21,4
103900174,390,29,361
103900175,21,176,-155
103900176,3,18,-15
103900177,2,11,-9
103900178,66,3,63
103900179,89,17,72
103900180,9,11,-2
103900181,12,41,-29
103900182,26,29,-3
103900184,144,62,82
103900185,22,1317,-1295
103900187,17,131,-114
103900188,210,125,85
103900189,174,3,171
103900190,164,14,150
103900191,42,25,17
103900192,34,22,12
103900193,24,21,3
103900194,54,76,-22
103900195,1,213,-212
103900196,72,43,29
103900197,10,41,-31
103900198,2,10,-8
103900199,167,45,122
103900200,254,30,224
103900201,44,9,35
103900202,2,23,-21
103900203,80,69,11
103900204,0,18,-18
103900207,0,31,-31
103900208,230,0,230
103900209,1,52,-51
103900210,61,61,0
103900211,982,131,851
103900212,204,38,166
103900213,9,169,-160
103900214,160,502,-342
103900215,59,315,-256
103900216,8,68,-60
103900217,527,75,452
103900218,23,433,-410
103900219,402,61,341
103900233,144,5,139
103900235,34,182,-148
103900236,12,10,2
103900242,0,6,-6
103900243,7,13,-6
103900244,77,64,13
103900245,162,70,92
103900246,16,79,-63
103900247,4,20,-16
103900248,2,32,-30
103900249,0,60,-60
103900250,27,12,15
103900251,2,14,-12
103900253,0,38,-38
103900254,6,14,-8
103900255,2,30,-28
103900256,28,34,-6
103900257,147,226,-79
103900258,25,11,14
103900259,10,18,-8
103900261,73,1,72
103900262,56,6,50
103900263,15,91,-76
103900264,9,0,9
103900265,8,0,8
103900266,1,53,-52
103900267,1,69,-68
103900268,102,21,81
103900269,395,12,383
103900270,97,34,63
103900271,126,17,109
103900272,50,39,11
103900273,159,3,156
103900274,439,0,439
103900275,307,10,297
103900276,28,8,20
103900277,15,23,-8
103900278,8,9,-1
103900279,4,55,-51
103900280,3,36,-33
104000001,2515,1041,1474
104000002,2086,1157,929
104000003,2107,1131,976
104000004,3138,1330,1808
104000005,2324,1398,926
104000006,2776,1780,996
104000007,4751,3035,1716
104000008,116,106,10
104000009,263,101,162
104000010,231,574,-343
104000011,162,136,26
104000012,189,88,101
104000013,274,524,-250
104000014,271,132,139
104000015,550,108,442
104000016,365,160,205
104000018,774,268,506
104000019,827,336,491
104000020,34,193,-159
104000021,415,187,228
104000022,400,389,11
104000023,1568,390,1178
104000024,342,168,174
104000026,54,111,-57
104000027,368,84,284
104000028,591,336,255
104000029,440,218,222
104000030,543,313,230
104000031,1555,89,1466
104000032,173,86,87
104000033,876,219,657
104000034,263,73,190
104000035,1247,202,1045
104000036,1273,243,1030
104000037,103,101,2
104000038,515,331,184
104000039,228,61,167
104000040,98,595,-497
104000041,861,508,353
104000042,122,94,28
104000043,161,241,-80
104000044,243,1362,-1119
104000045,798,642,156
104000046,591,523,68
104000047,623,450,173
104000048,832,429,403
104000049,748,334,414
104000050,57,446,-389
104000051,330,539,-209
104000052,1949,1774,175
104000053,1496,535,961
104000054,565,196,369
104000055,1979,1444,535
104000056,1121,413,708
104000057,756,173,583
104000058,1299,671,628
104000059,869,932,-63
104000060,1220,1341,-121
104000061,1211,541,670
104000062,657,121,536
104000064,555,161,394
104000065,82,386,-304
104000069,120,872,-752
104000070,71,588,-517
104000071,535,162,373
104000072,844,292,552
104000075,9,198,-189
104000076,734,39,695
104000082,1949,2869,-920
104000083,533,142,391
104000084,106,174,-68
104000085,627,219,408
104000086,308,262,46
104000087,391,1239,-848
104000090,1242,370,872
104000092,1879,409,1470
104000094,709,483,226
104000095,2949,1152,1797
104000096,3018,29,2989
104000097,3292,255,3037
104000098,4274,250,4024
104000100,3024,728,2296
104000101,1737,1036,701
104000106,69,566,-497
104000107,602,209,393
104000108,216,218,-2
104000109,375,118,257
104000110,775,1196,-421
104000111,1816,4303,-2487
104000112,590,474,116
104000116,1,416,-415
104000117,390,148,242
104000118,2125,125,2000
104000119,1196,304,892
104000120,406,381,25
104000121,243,182,61
104000122,636,395,241
104000123,655,412,243
104000124,226,767,-541
104000125,1296,4820,-3524
104000126,436,399,37
104000127,1213,973,240
104000128,583,76,507
104000129,490,11,479
104000130,4,439,-435
104000131,186,418,-232
104000132,354,800,-446
104000133,1513,524,989
104000134,719,1368,-649
104000135,481,986,-505
104000136,421,1739,-1318
104000137,1568,286,1282
104000138,982,264,718
104000139,1867,2005,-138
104000141,569,300,269
104000142,594,230,364
104000143,903,206,697
104000144,180,216,-36
104000145,322,79,243
104000146,103,383,-280
104000147,125,339,-214
104000148,558,118,440
104000149,173,71,102
104000150,965,228,737
104000151,420,113,307
104000152,608,94,514
104000153,894,372,522
104000154,528,100,428
104000155,403,639,-236
104000157,1236,692,544
104000158,99,199,-100
104000159,855,335,520
104000160,1294,2186,-892
104000161,169,63,106
104000162,114,85,29
104000165,1027,641,386
104000167,703,1763,-1060
104000168,1308,2,1306
104000169,292,38,254
104000170,152,218,-66
104000248,421,447,-26
104000251,67,127,-60
104000272,0,0,0
104000273,0,0,0
104000274,0,0,0
104000275,0,0,0
104000279,571,388,183
104000290,36,205,-169
104000291,511,1125,-614
104000293,1359,1103,256
104000294,238,0,238
104000295,750,697,53
104000296,952,433,519
104000297,988,1564,-576
104000298,1426,585,841
104000299,1209,481,728
104000302,127,45,82
104000303,149,134,15
104900001,86,96,-10
104900002,40,336,-296
104900003,89,85,4
104900004,116,33,83
104900005,773,144,629
104900006,872,108,764
104900007,788,102,686
104900009,118,89,29
104900010,151,4,147
104900011,0,2,-2
104900012,197,40,157
104900013,36,10,26
104900014,439,114,325
104900015,139,13,126
104900016,207,87,120
104900017,68,139,-71
104900018,5,38,-33
104900019,99,5676,-5577
104900020,72,186,-114
104900021,3,13,-10
104900022,3,170,-167
104900023,1,32,-31
104900024,0,240,-240
104900025,56,85,-29
104900026,4,50,-46
104900027,827,280,547
104900028,35,79,-44
104900029,13,11,2
104900030,519,128,391
104900031,13,96,-83
104900032,26,57,-31
104900033,420,103,317
104900034,283,148,135
104900035,585,195,390
104900036,377,27,350
104900037,215,50,165
104900038,73,2217,-2144
104900039,160,452,-292
104900040,515,14,501
104900041,323,51,272
104900042,175,67,108
104900043,66,536,-470
104900044,1104,54,1050
104900045,313,35,278
104900046,922,69,853
104900047,360,61,299
104900048,566,51,515
104900049,110,50,60
104900050,963,134,829
104900051,396,17,379
104900052,282,1,281
104900053,737,27,710
104900054,408,60,348
104900055,600,1,599
104900056,446,9,437
104900057,107,1,106
104900058,670,39,631
104900059,155,39,116
104900060,88,137,-49
104900061,183,73,110
104900063,24,161,-137
104900064,0,84,-84
104900065,2,218,-216
104900066,0,13,-13
104900067,0,470,-470
104900068,37,352,-315
104900070,28,128,-100
104900071,0,170,-170
104900072,27,62,-35
104900073,122,90,32
104900074,77,44,33
104900075,43,17,26
104900076,265,78,187
104900077,315,77,238
104900078,182,97,85
104900079,59,1175,-1116
104900080,206,140,66
104900082,3,144,-141
104900085,83,216,-133
104900087,256,3,253
104900089,824,2,822
104900090,1349,690,659
104900091,284,254,30
104900093,145,142,3
104900097,799,3303,-2504
104900098,316,56,260
104900099,30,533,-503
104900100,276,88,188
104900102,57,98,-41
104900103,266,31,235
104900104,1002,1133,-131
104900106,369,66,303
104900107,36,115,-79
104900108,1,177,-176
104900109,253,345,-92
104900110,13,19,-6
104900111,206,22,184
104900112,408,99,309
104900113,766,84,682
104900114,677,285,392
104900115,1003,83,920
104900116,764,45,719
104900118,33,25,8
104900119,0,35,-35
104900120,38,1480,-1442
104900121,0,8,-8
104900122,3,20,-17
104900123,361,28,333
104900124,231,0,231
104900125,294,1,293
104900126,30,25,5
104900127,20,15,5
104900128,120,24,96
104900129,426,2793,-2367
105000001,2162,625,1537
105000002,2196,1384,812
105000003,2763,3237,-474
105000004,1325,586,739
105000005,2404,1291,1113
105000006,1202,1941,-739
105000007,1688,2451,-763
105000008,653,2750,-2097
105000009,3764,3952,-188
105000010,2089,837,1252
105000011,3129,3532,-403
105000012,1476,1324,152
105000013,1168,1481,-313
105000014,4108,3494,614
105000015,6161,13027,-6866
105000016,782,619,163
105000017,1543,951,592
105000018,558,1538,-980
105000019,870,926,-56
105000020,20,468,-448
105000021,277,166,111
105000022,106,138,-32
105000023,922,136,786
105000028,13,46,-33
105000029,608,919,-311
105000030,2329,1915,414
105000031,11,56,-45
105000033,1114,635,479
105000034,74,1503,-1429
105000037,880,143,737
105000038,698,1374,-676
105000039,486,708,-222
105000040,806,1371,-565
105000041,137,451,-314
105000042,1599,1186,413
105000043,489,272,217
105000044,716,219,497
105000045,209,142,67
105000046,1190,198,992
105000047,506,197,309
105000048,1645,270,1375
105000049,234,394,-160
105000050,1167,494,673
105000051,198,285,-87
105000052,692,1121,-429
105000053,68,129,-61
105000054,515,864,-349
105000055,898,505,393
105000056,2265,2408,-143
105000057,1891,1678,213
105000058,1268,1119,149
105000059,1865,710,1155
105000060,666,334,332
105000061,2131,548,1583
105000062,760,426,334
105000063,505,208,297
105000064,3301,624,2677
105000065,518,291,227
105000066,1022,685,337
105000067,1928,980,948
105000068,373,645,-272
105000069,982,3676,-2694
105000070,510,1163,-653
105000071,226,2157,-1931
105000072,1638,8656,-7018
105000073,1345,684,661
105000074,435,379,56
105000075,612,374,238
105000076,1035,690,345
105000077,1974,556,1418
105000078,539,816,-277
105000079,683,1326,-643
105000080,1535,1547,-12
105000081,916,1448,-532
105000082,734,1377,-643
105000083,1799,2088,-289
105000084,745,836,-91
105000085,2399,2134,265
105000086,786,696,90
105000087,1383,1384,-1
105000088,2057,3371,-1314
105000089,1364,1029,335
105000090,407,266,141
105000091,432,373,59
105000092,437,398,39
105000093,247,297,-50
105000094,240,102,138
105000095,186,560,-374
105000096,1398,1855,-457
105000097,414,586,-172
105000098,1792,1276,516
105000099,643,846,-203
105000100,2281,1247,1034
105000101,2918,724,2194
105000102,2128,1001,1127
105000103,1307,1125,182
105000104,2764,2343,421
105000105,1353,2254,-901
105000106,2137,545,1592
105000107,2077,843,1234
105000108,2460,623,1837
105000109,3521,483,3038
105000110,1268,277,991
105000111,2191,300,1891
105000112,1144,380,764
105000113,737,630,107
105000114,922,1176,-254
105000115,264,2328,-2064
105000116,1576,630,946
105000117,1317,314,1003
105000118,1425,277,1148
105000119,839,319,520
105000120,2472,399,2073
105000121,1315,381,934
105000122,503,751,-248
105000123,645,351,294
105000124,2640,474,2166
105000125,1322,954,368
105000126,2736,1045,1691
105000127,3355,962,2393
105000128,762,1137,-375
105000129,1631,924,707
105000130,147,3890,-3743
105000131,286,74,212
105000132,1939,931,1008
105000133,322,401,-79
105000134,1973,261,1712
105000135,295,249,46
105000136,62,89,-27
105000137,893,131,762
105000138,143,74,69
105000139,929,261,668
105000140,727,250,477
105000141,567,144,423
105000142,444,400,44
105000143,264,250,14
105000144,395,353,42
105000145,818,155,663
105000146,584,325,259
105000147,665,215,450
105000148,950,479,471
105000149,3760,1164,2596
105000150,1405,398,1007
105000151,1352,258,1094
105000152,298,555,-257
105000153,1770,264,1506
105000154,1002,377,625
105000155,1016,238,778
105000156,269,350,-81
105000157,829,376,453
105000158,3374,427,2947
105000159,394,309,85
105000160,5165,578,4587
105000161,827,381,446
105000162,811,3869,-3058
105000163,1030,463,567
105000164,141,232,-91
105000165,691,12670,-11979
105000166,2601,2578,23
105000167,1276,4592,-3316
105000168,427,311,116
105000169,1258,79,1179
105000170,687,967,-280
105000171,1550,244,1306
105000172,685,3,682
105000173,1052,5,1047
105000174,181,9,172
105000175,342,47,295
105000176,1070,77,993
105000177,589,322,267
105000178,535,92,443
105000179,1877,48,1829
105000180,662,34,628
105000181,317,130,187
105000182,95,63,32
105000183,1760,2965,-1205
105000184,307,569,-262
105000185,371,1123,-752
105000186,341,644,-303
105000187,911,326,585
105000188,127,192,-65
105000189,142,372,-230
105000190,287,201,86
105000191,451,281,170
105000192,383,56,327
105000193,85,96,-11
105000194,1039,65,974
105000195,423,259,164
105000196,94,472,-378
105000197,97,306,-209
105000198,117,76,41
105000199,61,1326,-1265
105000200,153,524,-371
105000201,89,40,49
105000203,31,77,-46
105000204,84,53,31
105000205,111,42,69
105000207,168,57,111
105000208,120,252,-132
105000209,210,66,144
105000211,879,9,870
105000212,1530,378,1152
105000213,75,63,12
105000214,185,95,90
105000215,354,130,224
105000216,340,51,289
105000217,218,49,169
105000218,3316,760,2556
105000221,105,153,-48
105000222,625,119,506
105000223,692,170,522
105000226,292,89,203
105000227,130,69,61
105000228,16,1274,-1258
105000229,256,685,-429
105000231,422,95,327
105000233,1270,1094,176
105000234,245,601,-356
105000235,680,542,138
105000237,1508,85,1423
105000243,80,23,57
105000248,74,77,-3
105000262,810,242,568
105000269,105,154,-49
105000270,764,6,758
105000271,1,172,-171
105000282,49,41,8
105000287,160,77,83
105000288,1331,1074,257
105000289,700,1247,-547
105000290,59,14,45
105000402,1269,3764,-2495
105000426,198,223,-25
105000438,1231,1025,206
105000440,56,10,46
105000446,4786,2911,1875
105000447,1281,889,392
105000454,784,83,701
105000455,193,43,150
105000474,166,0,166
105000477,1491,517,974
105000478,2744,4934,-2190
105000479,80,121,-41
105000480,4154,6223,-2069
105000481,4425,3847,578
105000482,1676,2234,-558
105000483,1736,2650,-914
105000484,1001,1343,-342
105000485,818,3150,-2332
105000486,1198,1384,-186
105000488,2451,1327,1124
105000489,2310,764,1546
105000549,192,266,-74
105000550,469,492,-23
105000551,4,78,-74
105000552,1644,882,762
105000555,769,1553,-784
105000556,61,31,30
105000557,61,100,-39
105900001,3,1552,-1549
105900002,566,1796,-1230
105900003,13,121,-108
105900004,223,39,184
105900005,21,518,-497
105900006,8,27,-19
105900007,34,42,-8
105900008,233,141,92
105900009,89,51,38
105900011,160,17,143
105900012,462,37,425
105900013,6,20,-14
105900014,1,24,-23
105900015,73,178,-105
105900016,701,150,551
105900017,2656,53,2603
105900018,174,90,84
105900019,109,32,77
105900020,77,23,54
105900021,36,63,-27
105900022,293,98,195
105900023,40,28,12
105900024,9,371,-362
105900025,576,1,575
105900026,158,9,149
105900027,7588,2855,4733
105900028,197,325,-128
105900029,1618,175,1443
105900030,178,229,-51
105900031,493,93,400
105900032,139,33,106
105900033,157,146,11
105900034,600,111,489
105900035,542,186,356
105900036,109,98,11
105900037,317,17,300
105900038,195,223,-28
105900039,184,66,118
105900040,218,59,159
105900041,183,93,90
105900042,174,241,-67
105900043,569,16,553
105900044,3,444,-441
105900045,1,2080,-2079
105900046,0,102,-102
105900047,13,38,-25
105900048,95,341,-246
105900050,768,3873,-3105
105900051,23,599,-576
105900052,1068,79,989
105900053,2415,4977,-2562
105900054,155,160,-5
105900056,292,566,-274
105900057,3,67,-64
105900058,10,3,7
105900059,0,243,-243
106000001,1677,2183,-506
106000002,777,2008,-1231
106000003,3693,4105,-412
106000004,1143,1583,-440
106000005,4374,2947,1427
106000006,3929,1092,2837
106000007,596,223,373
106000008,365,167,198
106000009,540,158,382
106000010,243,289,-46
106000011,1974,614,1360
106000012,885,557,328
106000013,1558,1056,502
106000014,1108,855,253
106000015,2697,623,2074
106000016,1214,872,342
106000017,923,604,319
106000018,583,275,308
106000019,618,213,405
106000020,350,184,166
106000021,615,289,326
106000022,291,118,173
106000023,897,286,611
106000024,491,186,305
106000025,145,193,-48
106000026,84,128,-44
106000027,2437,1123,1314
106000028,709,214,495
106000029,1024,575,449
106000030,196,396,-200
106000034,80,323,-243
106000035,1250,1219,31
106000036,30,326,-296
106000037,797,627,170
106000038,62,228,-166
106000039,36,195,-159
106000040,59,692,-633
106000041,710,343,367
106000043,335,174,161
106000046,262,11,251
106000047,67,202,-135
106000049,1859,112,1747
106000050,214,355,-141
106000051,1485,706,779
106000052,72,111,-39
106000053,669,67,602
106000054,156,86,70
106000055,1292,291,1001
106000056,213,159,54
106000057,861,103,758
106000058,160,21,139
106000059,686,180,506
106000060,155,195,-40
106000061,185,608,-423
106000062,136,126,10
106000063,1308,786,522
106000064,3,138,-135
106000065,583,170,413
106000066,175,515,-340
106000067,657,72,585
106000068,133,205,-72
106000069,608,91,517
106000070,400,186,214
106000071,901,106,795
106000072,2212,1094,1118
106000073,1326,7004,-5678
106000074,957,551,406
106000075,449,843,-394
106000076,1107,1101,6
106000077,1514,323,1191
106000078,1664,276,1388
106000079,1048,405,643
106000080,1458,189,1269
106000081,1168,420,748
106000082,1544,255,1289
106000083,568,634,-66
106000084,814,344,470
106000085,1263,589,674
106000086,298,249,49
106000087,605,232,373
106000088,372,337,35
106000089,1346,191,1155
106000090,514,331,183
106000091,230,434,-204
106000092,1078,259,819
106000093,778,35,743
106000094,175,56,119
106000095,1339,347,992
106000096,1837,273,1564
106000097,1846,602,1244
106000098,1494,379,1115
106000099,92,232,-140
106000100,2399,194,2205
106000101,1148,133,1015
106000102,87,407,-320
106000103,251,651,-400
106000104,1439,489,950
106000105,322,386,-64
106000106,1251,145,1106
106000107,318,169,149
106000108,757,80,677
106000109,299,115,184
106000110,657,114,543
106000111,264,96,168
106000112,458,950,-492
106000113,594,491,103
106000114,522,1176,-654
106000115,268,247,21
106000116,625,106,519
106000117,883,373,510
106000118,1642,1202,440
106000119,870,321,549
106000120,1189,2153,-964
106000121,506,143,363
106000122,434,95,339
106000123,1270,35,1235
106000124,294,81,213
106000125,88,74,14
106000126,623,76,547
106000127,2621,331,2290
106000128,2116,229,1887
106000129,1159,197,962
106000130,1689,193,1496
106000131,350,807,-457
106000132,887,67,820
106000133,1072,2284,-1212
106000134,657,4428,-3771
106000135,197,407,-210
106000136,1226,2387,-1161
106000137,298,1033,-735
106000138,4293,87,4206
106000139,73,57,16
106000140,66,40,26
106000141,139,8,131
106000142,160,50,110
106000143,63,32,31
106000144,79,85,-6
106000145,715,94,621
106000146,811,94,717
106000147,1380,343,1037
106000148,2222,546,1676
106000149,1134,301,833
106000150,1335,3029,-1694
106000151,2799,532,2267
106000152,972,3628,-2656
106000153,175,1569,-1394
106000154,995,75,920
106000155,295,299,-4
106000156,2143,77,2066
106000157,547,1540,-993
106000158,979,451,528
106000159,2290,2638,-348
106000160,1000,4944,-3944
106000161,546,121,425
106000162,569,1905,-1336
106000163,419,113,306
106000164,926,225,701
106000165,240,282,-42
106000166,1743,184,1559
106000167,549,492,57
106000168,1458,142,1316
106000169,319,393,-74
106000170,1210,119,1091
106000171,240,717,-477
106000172,2890,917,1973
106000173,876,1402,-526
106000174,1959,184,1775
106000175,257,225,32
106000176,3448,429,3019
106000177,1441,753,688
106000178,3833,592,3241
106000179,974,580,394
106000180,1425,482,943
106000181,3367,890,2477
106000182,2699,231,2468
106000183,2616,170,2446
106000184,1612,216,1396
106000185,2771,1616,1155
106000186,337,39,298
106000187,99,2148,-2049
106000188,1,2,-1
106000189,10,31,-21
106000190,34,3,31
106000191,453,49,404
106000192,0,11,-11
106000193,236,301,-65
106000194,96,402,-306
106000195,69,52,17
106000196,57,654,-597
106000197,911,502,409
106000198,229,273,-44
106000199,438,2133,-1695
106000200,246,257,-11
106000201,499,10203,-9704
106000202,2156,656,1500
106000203,14,141,-127
106000204,118,12,106
106000205,1,129,-128
106000206,97,30,67
106000207,13,209,-196
106000208,2207,45,2162
106000209,3094,133,2961
106000210,601,290,311
106000211,258,711,-453
106000212,2216,351,1865
106000213,311,806,-495
106000214,1193,253,940
106000215,445,640,-195
106000216,900,290,610
106000217,143,372,-229
106000218,325,92,233
106000219,169,110,59
106000220,958,136,822
106000221,407,71,336
106000222,230,53,177
106000223,624,36,588
106000224,288,84,204
106000225,146,176,-30
106000226,59,69,-10
106000228,26,73,-47
106000229,231,369,-138
106000231,1951,85,1866
106000232,189,314,-125
106000233,836,138,698
106000234,87,1133,-1046
106000235,368,1068,-700
106000236,81,1432,-1351
106000237,1,5,-4
106000238,7,146,-139
106000239,1,244,-243
106000240,19,6,13
106000241,2,527,-525
106000242,413,10,403
106000249,163,59,104
106000250,82,903,-821
106000251,183,4,179
106000252,22,240,-218
106000253,130,41,89
106000254,191,28,163
106000255,93,156,-63
106000256,134,35,99
106000257,67,124,-57
106000258,110,617,-507
106000259,21,556,-535
106000260,43,10,33
106000261,5,88,-83
106000262,76,7,69
106000263,68,73,-5
106000264,268,3,265
106000265,43,101,-58
106000266,234,24,210
106000267,19,68,-49
106000268,362,29,333
106000269,94,33,61
106000270,191,173,18
106000271,75,79,-4
106000272,152,56,96
106000273,29,135,-106
106000274,148,16,132
106000275,242,88,154
106000276,20,19,1
106000277,108,105,3
106000278,137,5,132
106000279,13,5,8
106000280,171,10,161
106000281,98,10,88
106000282,150,37,113
106000283,191,17,174
106000284,344,48,296
106000285,111,52,59
106000286,153,38,115
106000287,81,18,63
106000288,224,38,186
106000289,49,48,1
106000290,138,46,92
106000291,136,34,102
106000292,137,32,105
106000293,145,73,72
106000294,111,17,94
106000295,19,99,-80
106000296,9,33,-24
106000297,23,106,-83
106000298,12,133,-121
106000299,39,20,19
106000300,40,69,-29
106000301,25,107,-82
106000303,164,31,133
106000304,131,12,119
106000305,204,30,174
106000306,80,44,36
106000307,396,6,390
106000308,91,40,51
106000309,26,5,21
106000310,334,102,232
106000311,480,90,390
106000312,325,90,235
106000313,378,30,348
106000318,98,347,-249
106000319,2309,584,1725
106000320,4,225,-221
106000321,255,470,-215
106000322,409,69,340
106000324,131,105,26
106000325,2392,420,1972
106000326,746,598,148
106000327,615,51,564
106000328,18,444,-426
106000329,24,501,-477
106000330,13,131,-118
106000428,88,275,-187
106000429,133,273,-140
106000430,207,1014,-807
106000431,3429,306,3123
106000432,656,1295,-639
106000433,2867,946,1921
106000434,3993,809,3184
106000435,1097,1051,46
106000436,9,142,-133
106000437,1395,25,1370
106000438,223,580,-357
106000439,61,753,-692
106000440,195,226,-31
106000441,8,0,8
106000442,1499,10,1489
106000443,440,114,326
106000450,0,74,-74
106000451,30,229,-199
106000454,2,235,-233
106000455,2,269,-267
106000456,249,11,238
106000457,44,244,-200
106000458,1953,60,1893
106000459,1013,37,976
106000460,2912,28,2884
106000461,691,168,523
106000462,5,87,-82
106000463,2,2,0
106000464,0,262,-262
106000465,1281,23,1258
106000466,1,145,-144
106000467,148,276,-128
106000468,297,91,206
106000469,74,1,73
106000470,326,2728,-2402
106000471,18,195,-177
106000472,548,2,546
106000473,48,3,45
106000474,579,323,256
106000475,1290,265,1025
106000476,216,345,-129
106000477,112,67,45
106000480,3,1550,-1547
106900001,0,2,-2
106900002,0,89,-89
106900003,48,736,-688
106900004,18,10,8
106900006,0,1,-1
106900007,0,2,-2
106900008,1112,63,1049
106900009,894,88,806
106900010,493,170,323
106900012,695,4034,-3339
106900013,983,187,796
106900014,262,4,258
106900015,64,0,64
106900016,458,33,425
106900017,34,2,32
106900018,19,0,19
106900019,379,16,363
106900020,854,3449,-2595
106900021,325,103,222
106900022,2435,18,2417
106900023,103,90,13
106900024,877,40,837
106900025,6,172,-166
106900026,0,84,-84
106900027,2128,2,2126
107000001,3009,3035,-26
107000002,1298,1355,-57
107000003,8490,6631,1859
107000004,2530,1111,1419
107000005,10745,6789,3956
107000006,2646,1406,1240
107000007,4807,6158,-1351
107000008,2899,2134,765
107000009,8911,6649,2262
107000010,4174,2563,1611
107000011,560,654,-94
107000012,1645,2617,-972
107000013,168,39,129
107000014,201,62,139
107000015,620,281,339
107000016,1173,406,767
107000017,581,649,-68
107000018,8,602,-594
107000020,722,501,221
107000021,789,355,434
107000022,1213,1852,-639
107000023,1579,108,1471
107000024,764,1829,-1065
107000025,486,199,287
107000026,322,314,8
107000027,2523,386,2137
107000028,1487,398,1089
107000029,4819,2539,2280
107000030,1892,953,939
107000031,6273,2086,4187
107000032,286,614,-328
107000033,1723,3341,-1618
107000034,2112,723,1389
107000035,559,118,441
107000036,303,1181,-878
107000037,182,433,-251
107000038,254,69,185
107000039,1237,522,715
107000040,337,101,236
107000041,672,351,321
107000042,487,2300,-1813
107000043,1023,513,510
107000044,199,77,122
107000045,27,105,-78
107000046,864,145,719
107000047,400,282,118
107000048,482,126,356
107000049,426,411,15
107000050,610,263,347
107000051,159,281,-122
107000052,727,2518,-1791
107000053,271,622,-351
107000054,29,137,-108
107000055,348,84,264
107000056,653,546,107
107000057,1194,103,1091
107000058,2213,1817,396
107000059,946,919,27
107000060,6957,3623,3334
107000061,3284,1600,1684
107000062,9285,2779,6506
107000063,3106,1511,1595
107000064,6882,4683,2199
107000065,2513,3079,-566
107000066,1204,2832,-1628
107000067,1426,864,562
107000068,633,752,-119
107000069,1224,689,535
107000070,974,3,971
107000071,5829,25,5804
107000072,5,522,-517
107000073,1582,999,583
107000074,36,308,-272
107000075,2539,76,2463
107000076,187,511,-324
107000077,3359,315,3044
107000078,496,514,-18
107000079,4129,716,3413
107000080,316,694,-378
107000081,4808,578,4230
107000082,442,537,-95
107000083,1726,1186,540
107000084,112,623,-511
107000085,2354,2483,-129
107000086,2295,1475,820
107000087,3167,2489,678
107000088,2402,2096,306
107000089,1525,1908,-383
107000090,1208,594,614
107000091,2216,661,1555
107000092,898,464,434
107000093,1669,998,671
107000094,814,449,365
107000095,2312,801,1511
107000096,766,404,362
107000097,2448,591,1857
107000098,449,524,-75
107000099,816,378,438
107000100,173,245,-72
107000101,84,225,-141
107000102,158,247,-89
107000103,563,286,277
107000104,192,228,-36
107000105,813,642,171
107000106,179,115,64
107000107,1207,150,1057
107000108,215,213,2
107000109,2026,160,1866
107000110,170,125,45
107000111,1326,32,1294
107000112,14,52,-38
107000113,1927,65,1862
107000114,102,182,-80
107000115,1290,1059,231
107000116,101,213,-112
107000117,208,4811,-4603
107000118,64,74,-10
107000119,1118,1785,-667
107000120,497,1296,-799
107000121,1028,400,628
107000122,587,467,120
107000123,827,243,584
107000124,766,172,594
107000125,1739,269,1470
107000126,2302,139,2163
107000129,435,289,146
107000130,1067,163,904
107000131,310,266,44
107000132,814,184,630
107000133,261,96,165
107000134,236,0,236
107000135,0,181,-181
107000136,466,5,461
107000137,2,268,-266
107000138,118,26,92
107000139,1,314,-313
107000140,1847,43,1804
107000141,58,1135,-1077
107000142,665,37,628
107000143,21,1347,-1326
107000144,678,655,23
107000145,58,530,-472
107000146,223,322,-99
107000147,4300,601,3699
107000150,128,4569,-4441
107000151,1,35,-34
107000152,351,3100,-2749
107000153,60,104,-44
107000154,9,66,-57
107000155,1125,1,1124
107000156,1493,4,1489
107000157,20,292,-272
107000158,1447,36,1411
107000159,8,223,-215
107000160,2479,175,2304
107000161,76,231,-155
107000162,357,806,-449
107000163,455,3,452
107000164,1518,1,1517
107000165,2211,7,2204
107000166,19,164,-145
107000167,1406,259,1147
107000168,1141,641,500
107000169,208,223,-15
107000170,4781,579,4202
107000171,584,379,205
107000172,2335,2170,165
107000173,405,212,193
107000174,1283,7235,-5952
107000175,2340,379,1961
107000176,0,0,0
107000177,1,0,1
107000178,270,7,263
107000179,491,515,-24
107000180,2252,85,2167
107000181,587,318,269
107000182,2608,287,2321
107000183,331,243,88
107000184,2040,316,1724
107000185,361,423,-62
107000186,1031,130,901
107000187,1365,1028,337
107000188,628,277,351
107000189,1208,392,816
107000190,1170,364,806
107000191,1325,597,728
107000192,1821,214,1607
107000193,393,285,108
107000194,596,220,376
107000197,1078,90,988
107000198,323,301,22
107000199,654,454,200
107000200,1041,655,386
107000201,308,206,102
107000202,387,353,34
107000203,454,855,-401
107000204,335,1681,-1346
107000205,568,201,367
107000206,169,663,-494
107000207,417,464,-47
107000208,527,328,199
107000209,291,437,-146
107000210,63,68,-5
107000211,0,32,-32
107000212,5,65,-60
107000213,19,6,13
107000214,36,42,-6
107000215,725,165,560
107000216,554,53,501
107000217,248,327,-79
107000219,73,157,-84
107000220,69,210,-141
107000222,262,159,103
107000224,487,83,404
107000225,220,141,79
107000226,914,207,707
107000227,142,95,47
107000228,214,537,-323
107000229,54,197,-143
107000230,766,446,320
107000231,343,707,-364
107000232,92,9,83
107000233,188,393,-205
107000234,4,76,-72
107000235,38,12,26
107000236,3,525,-522
107000237,59,0,59
107000238,34,5,29
107000239,1461,640,821
107000240,97,158,-61
107000243,0,42,-42
107000244,3,137,-134
107000246,2,272,-270
107000249,1,434,-433
107000251,0,76,-76
107000252,0,150,-150
107000255,137,240,-103
107000257,1,1102,-1101
107000258,5,157,-152
107000259,4,52,-48
107000260,2454,15,2439
107000262,21,134,-113
107000263,733,3,730
107000266,49,14,35
107000267,23,81,-58
107000268,390,26,364
107000269,27,2,25
107000270,353,42,311
107000271,18,0,18
107000272,247,1,246
107000273,15,192,-177
107000274,291,9,282
107000275,65,1118,-1053
107000280,2058,50,2008
107000281,47,212,-165
107000282,10,281,-271
107000290,2,35,-33
107000291,9,12,-3
107000292,0,126,-126
107000293,29,1,28
107000294,0,370,-370
107000295,19,1,18
107000296,0,47,-47
107000444,240,0,240
107000496,49,11,38
107000497,632,803,-171
107000500,446,113,333
107000501,73,171,-98
107000502,314,192,122
107000505,320,384,-64
107000506,0,6,-6
107000508,1,94,-93
107000509,121,611,-490
107000510,98,83,15
107000514,31,400,-369
107000515,9,60,-51
107000516,620,324,296
107000518,2473,4748,-2275
107000519,444,359,85
107000520,248,31,217
107000521,1788,136,1652
107000522,2783,296,2487
107900001,105,61,44
107900002,33,0,33
107900003,711,22,689
107900004,6,0,6
107900005,4844,33,4811
107900006,241,22,219
107900007,495,30,465
107900008,16,3,13
107900009,67,11,56
107900010,121,1,120
107900012,424,54,370
107900013,216,2,214
107900014,225,4,221
107900015,3055,10,3045
107900016,180,36,144
107900017,119,0,119
107900018,36,452,-416
107900019,4,7,-3
107900020,5,32,-27
107900021,320,13,307
107900023,12,3,9
107900024,0,0,0
107900025,230,23,207
107900026,46,8,38
107900027,13,61,-48
107900028,405,7,398
107900030,377,13,364
107900031,163,58,105
107900032,118,7,111
107900033,28,26,2
107900034,399,7,392
107900035,2804,186,2618
107900036,16,28,-12
107900037,0,3,-3
107900038,23,348,-325
107900039,74,4,70
107900040,8,145,-137
107900041,1,2,-1
107900043,148,18,130
107900044,2,19,-17
107900045,184,24,160
107900046,462,497,-35
107900047,90,2,88
107900048,541,22,519
107900049,259,1171,-912
107900050,14,72,-58
107900051,22,29,-7
107900052,12,85,-73
107900053,184,28,156
107900055,310,95,215
107900056,94,187,-93
107900057,2,0,2
107900058,26,281,-255
107900060,4,85,-81
107900061,0,4,-4
107900063,128,72,56
107900064,113,912,-799
107900065,950,25,925
107900066,41,6,35
107900067,0,0,0
107900068,89,625,-536
107900069,11,4622,-4611
107900070,210,167,43
107900071,19,174,-155
107900072,262,21,241
107900073,68,252,-184
107900074,190,448,-258
107900076,190,13,177
107900077,119,0,119
107900079,12,18,-6
107900080,131,1070,-939
107900081,32,15,17
107900082,6,21,-15
107900083,607,173,434
107900084,290,77,213
107900086,31,529,-498
107900087,359,11,348
107900088,39,8,31
107900089,126,409,-283
107900090,797,1906,-1109
107900091,69,77,-8
107900093,46,71,-25
107900095,1258,911,347
107900097,16,54,-38
107900098,236,285,-49
107900100,200,1756,-1556
107900101,328,17,311
107900102,19,2,17
107900103,18,87,-69
107900104,388,1,387
107900105,0,58,-58
107900106,2,176,-174
107900107,560,316,244
107900108,102,9,93
107900109,2596,61,2535
107900110,91,20,71
107900111,0,121,-121
107900112,57,649,-592
107900113,400,7,393
107900114,280,36,244
107900115,0,3,-3
107900116,352,41,311
107900117,210,160,50
107900118,12,47,-35
107900119,197,253,-56
107900120,29,8,21
107900121,0,128,-128
107900122,0,84,-84
107900123,10,181,-171
107900124,2,13,-11
107900125,3,64,-61
107900126,25,33,-8
107900127,993,203,790
107900128,56,22,34
107900129,261,3,258
107900130,199,9,190
107900131,48,81,-33
107900132,13,161,-148
107900133,0,13,-13
107900134,6,9,-3
107900135,0,28,-28
107900136,22,20,2
107900137,45,40,5
107900138,193,6,187
107900139,106,7,99
107900141,11,13,-2
107900142,6,608,-602
107900143,14,5,9
107900144,1,27,-26
107900145,1,41,-40
107900146,40,41,-1
107900147,14,3,11
107900148,139,30,109
107900149,390,15,375
107900150,25,158,-133
107900151,8,12,-4
107900152,14,48,-34
107900153,118,138,-20
107900154,123,8,115
107900155,167,9,158
107900156,0,58,-58
107900157,26,17,9
107900158,2301,79,2222
107900159,26,225,-199
107900160,181,29,152
107900161,130,19,111
107900162,2,48,-46
107900163,24,19,5
107900164,60,6,54
107900165,15,312,-297
107900166,49,22,27
107900167,1,36,-35
107900168,133,2,131
107900169,5,1394,-1389
107900171,1,187,-186
107900172,0,71,-71
107900173,92,12,80
107900174,195,0,195
107900175,2,46,-44
107900176,120,3,117
107900177,0,160,-160
107900178,0,77,-77
107900179,30,38,-8
107900180,122,1415,-1293
107900181,148,80,68
107900182,0,250,-250
107900183,119,33,86
107900184,273,436,-163
107900185,146,4,142
107900186,29,7,22
107900187,0,38,-38
107900188,643,60,583
107900189,33,214,-181
107900190,10,90,-80
107900191,48,62,-14
107900193,4,106,-102
107900194,128,10,118
107900195,1456,174,1282
107900196,169,14,155
107900197,111,108,3
107900199,0,226,-226
107900201,84,23,61
107900203,48,8,40
107900204,81,92,-11
107900206,238,886,-648
107900207,1,104,-103
107900208,0,153,-153
107900209,321,120,201
107900210,18,18,0
107900213,253,78,175
107900214,15,34,-19
107900215,102,197,-95
107900216,4,9,-5
107900217,39,32,7
107900218,1,836,-835
107900219,85,16,69
107900220,75,70,5
107900221,28,63,-35
107900223,231,95,136
107900224,37,258,-221
107900225,1,149,-148
107900226,11,23,-12
107900227,58,89,-31
107900228,62,46,16
107900229,1,41,-40
107900230,55,10,45
107900231,15,25,-10
107900232,400,20,380
107900233,0,40,-40
107900234,511,49,462
107900235,3,30,-27
107900236,760,40,720
107900237,8,133,-125
107900238,103,13,90
107900239,93,544,-451
107900240,100,14,86
107900241,0,30,-30
107900242,27,32,-5
107900243,0,13,-13
107900244,241,7,234
107900245,1349,34,1315
107900246,259,66,193
107900248,709,56,653
107900249,1485,159,1326
107900250,0,170,-170
107900251,2,517,-515
107900252,832,66,766
107900253,245,22,223
107900254,88,148,-60
107900255,135,20,115
107900256,555,1793,-1238
107900257,437,95,342
107900258,82,36,46
107900259,25,4678,-4653
107900261,1,195,-194
107900262,87,29,58
107900264,918,42,876
107900265,95,161,-66
107900267,652,15,637
107900268,0,1,-1
107900269,0,0,0
107900270,0,0,0
107900271,1,44,-43
107900272,18,49,-31
107900273,68,38,30
107900274,171,0,171
107900275,50,0,50
107900276,0,6,-6
107900277,0,23,-23
107900278,518,78,440
107900279,16,26,-10
107900280,2776,766,2010
107900281,762,10426,-9664
107900282,24,1247,-1223
107900283,316,805,-489
107900284,941,337,604
107900285,232,34,198
107900286,4,42,-38
107900287,1013,75,938
107900290,0,1088,-1088
107900291,512,7,505
107900292,93,45,48
107900293,103,134,-31
107900295,85,7,78
107900297,4,227,-223
107900298,379,347,32
107900299,1007,3775,-2768
107900301,769,622,147
107900302,105,17,88
107900303,637,145,492
107900304,978,119,859
107900305,516,9,507
107900306,2,13,-11
107900307,8,122,-114
107900308,271,57,214
107900309,12,1,11
107900310,13,0,13
107900311,113,260,-147
107900312,30,0,30
107900313,0,138,-138
107900314,1,208,-207
107900315,0,38,-38
107900316,31,0,31
107900317,104,0,104
107900318,3,218,-215
107900319,2,15,-13
107900320,0,52,-52
107900321,244,2,242
107900322,1,15,-14
107900323,0,55,-55
107900324,79,1,78
107900325,284,0,284
107900326,1059,108,951
107900327,1,79,-78
107900328,2,0,2
107900329,7,116,-109
107900330,6,27,-21
107900331,832,10,822
107900332,758,11,747
107900333,149,9,140
107900334,14,37,-23
107900335,13,45,-32
107900336,19,31,-12
107900337,369,1457,-1088
107900338,3,65,-62
107900339,0,5,-5
107900340,0,112,-112
107900341,33,1,32
107900342,202,46,156
107900343,63,1,62
107900344,6,8,-2
107900345,204,86,118
107900346,29,0,29
107900347,19,0,19
107900348,2,1,1
107900349,20,0,20
107900350,3,70,-67
107900351,21,12,9
107900352,0,26,-26
107900353,47,8,39
107900354,22,8,14
108000001,5296,2775,2521
108000002,698,539,159
108000003,2496,1370,1126
108000004,5647,5795,-148
108000005,7652,3148,4504
108000006,2613,1920,693
108000007,6131,2908,3223
108000008,1907,2098,-191
108000009,6610,3862,2748
108000010,1740,1971,-231
108000011,13077,8688,4389
108000012,6041,6974,-933
108000014,426,1230,-804
108000015,952,241,711
108000016,289,492,-203
108000017,1271,193,1078
108000018,1985,459,1526
108000019,1026,352,674
108000020,1180,246,934
108000021,87,718,-631
108000022,300,337,-37
108000023,2094,289,1805
108000024,555,114,441
108000025,734,91,643
108000026,1336,106,1230
108000027,1118,128,990
108000028,1279,145,1134
108000029,985,234,751
108000030,531,86,445
108000031,197,395,-198
108000032,3385,461,2924
108000033,361,298,63
108000034,2190,438,1752
108000035,431,712,-281
108000036,276,319,-43
108000037,3271,240,3031
108000038,5330,233,5097
108000039,468,483,-15
108000040,3110,868,2242
108000041,265,690,-425
108000042,824,87,737
108000043,155,127,28
108000044,893,51,842
108000045,114,99,15
108000046,2924,139,2785
108000047,243,267,-24
108000048,85,209,-124
108000049,974,149,825
108000050,80,242,-162
108000051,259,317,-58
108000052,184,186,-2
108000053,527,315,212
108000054,205,358,-153
108000055,1265,284,981
108000056,610,596,14
108000057,936,1044,-108
108000058,1621,4780,-3159
108000059,1076,626,450
108000060,369,749,-380
108000061,266,214,52
108000062,1597,303,1294
108000063,463,206,257
108000064,482,166,316
108000065,647,260,387
108000066,2005,970,1035
108000067,3323,893,2430
108000068,1319,294,1025
108000069,134,278,-144
108000070,2569,287,2282
108000071,270,352,-82
108000072,1652,541,1111
108000073,405,367,38
108000074,905,364,541
108000075,163,149,14
108000076,1151,319,832
108000077,323,219,104
108000078,3675,675,3000
108000079,314,300,14
108000080,2769,529,2240
108000081,484,667,-183
108000082,472,416,56
108000083,2463,508,1955
108000084,235,644,-409
108000085,1527,493,1034
108000086,224,258,-34
108000087,148,2698,-2550
108000088,1652,415,1237
108000089,391,264,127
108000091,138,307,-169
108000092,740,99,641
108000093,338,268,70
108000094,1641,153,1488
108000095,303,174,129
108000096,1142,181,961
108000097,287,282,5
108000098,3087,788,2299
108000099,1206,236,970
108000100,166,800,-634
108000101,1302,1186,116
108000102,1262,2623,-1361
108000106,1466,2,1464
108000107,1,199,-198
108000108,815,57,758
108000109,0,306,-306
108000110,789,207,582
108000111,272,345,-73
108000112,46,120,-74
108000113,366,119,247
108000115,303,141,162
108000117,329,213,116
108000118,174,2178,-2004
108000119,477,162,315
108000120,321,1055,-734
108000121,287,265,22
108000122,1478,240,1238
108000123,1190,504,686
108000124,429,618,-189
108000125,1104,188,916
108000126,389,287,102
108000127,908,1044,-136
108000128,926,139,787
108000129,240,643,-403
108000130,939,285,654
108000131,970,90,880
108000132,352,266,86
108000133,1340,135,1205
108000134,440,93,347
108000135,1754,743,1011
108000136,532,356,176
108000137,582,92,490
108000138,463,345,118
108000139,835,137,698
108000140,1078,4,1074
108000141,29,15,14
108000142,36,35,1
108000143,43,114,-71
108000144,1576,43,1533
108000145,87,7,80
108000146,1632,53,1579
108000147,28,7,21
108000148,1330,48,1282
108000149,24,7,17
108000150,80,4,76
108000151,28,18,10
108000152,101,74,27
108000153,1982,146,1836
108000154,26,0,26
108000155,156,53,103
108000156,656,225,431
108000157,160,3284,-3124
108000158,13,1208,-1195
108000159,108,157,-49
108000160,1359,1724,-365
108000161,1154,5034,-3880
108000165,0,636,-636
108000172,10,226,-216
108000173,370,2265,-1895
108000175,1325,153,1172
108000178,342,107,235
108000179,118,672,-554
108000181,90,4,86
108000182,90,41,49
108000183,7,119,-112
108000184,211,4279,-4068
108000185,540,54,486
108000186,778,157,621
108000187,181,203,-22
108000188,1422,147,1275
108000189,626,19525,-18899
108000190,5,53,-48
108000192,246,100,146
108000193,302,13,289
108000194,4,5,-1
108000195,1,428,-427
108000196,149,798,-649
108000198,1274,56,1218
108000199,0,231,-231
108000200,1215,113,1102
108000203,523,191,332
108000204,283,50,233
108000205,64,149,-85
108000339,469,212,257
108000364,97,350,-253
108000365,116,225,-109
108000367,109,99,10
108000368,17,42,-25
108000369,261,43,218
108000371,5,337,-332
108000372,1078,9,1069
108000373,152,47,105
108000376,316,20,296
108000377,1361,110,1251
108000378,8738,13876,-5138
108000379,51,204,-153
108000381,258,18,240
108000382,127,0,127
108000383,0,222,-222
108900001,4,138,-134
108900002,165,31,134
108900003,170,191,-21
108900004,176,392,-216
108900007,393,112,281
108900008,214,35,179
108900009,174,200,-26
108900010,569,58,511
108900011,980,93,887
108900012,590,101,489
108900013,134,154,-20
108900014,23,76,-53
108900015,1,26,-25
108900016,0,92,-92
108900017,95,323,-228
108900018,80,177,-97
108900019,33,172,-139
108900020,64,56,8
108900021,79,56,23
108900022,75,9,66
108900023,6,21,-15
108900024,52,18,34
108900025,406,13,393
108900026,14,23,-9
108900027,1,25,-24
108900028,140,41,99
108900029,91,140,-49
108900030,0,7,-7
108900031,126,35,91
108900032,1,60,-59
108900033,0,13,-13
108900034,2,33,-31
108900035,243,284,-41
108900038,0,83,-83
108900039,0,45,-45
108900040,3,32,-29
108900041,2400,2562,-162
108900042,5,305,-300
108900043,25,417,-392
108900044,1,62,-61
108900045,73,54,19
108900046,3,79,-76
108900047,2,82,-80
108900048,57,156,-99
108900049,537,3233,-2696
108900050,1,50,-49
108900051,0,39,-39
108900052,25,38,-13
108900053,180,652,-472
108900054,40,54,-14
108900055,9,208,-199
108900056,1,29,-28
108900057,1,34,-33
108900058,29,56,-27
108900059,1767,84,1683
108900060,48,54,-6
108900061,29,16,13
108900062,6,38,-32
108900063,41,42,-1
108900064,495,12,483
108900065,46,78,-32
108900066,493,40,453
108900067,3,56,-53
108900068,24,36,-12
108900069,95,14,81
108900070,15,22,-7
108900071,172,9,163
108900072,989,133,856
108900073,33,127,-94
108900074,579,26,553
108900075,3,10,-7
108900076,766,4,762
108900077,16,166,-150
108900078,90,15,75
108900079,338,62,276
108900080,9,1006,-997
108900081,19,98,-79
108900082,103,25,78
108900083,6,241,-235
108900085,689,66,623
108900086,383,67,316
108900087,65,93,-28
108900088,354,525,-171
108900089,15,119,-104
108900090,77,48,29
108900091,163,34,129
108900092,349,323,26
108900093,92,32,60
108900094,369,44,325
108900095,20,54,-34
108900096,231,5,226
108900097,274,52,222
108900098,795,1506,-711
108900099,561,57,504
108900100,84,27,57
108900101,428,695,-267
108900102,10,1602,-1592
108900103,359,183,176
108900105,11,2897,-2886
108900106,580,46,534
108900108,222,23,199
108900109,1772,61,1711
108900110,178,63,115
108900111,586,98,488
108900113,82,55,27
108900114,467,20,447
108900115,198,185,13
108900116,91,8,83
108900117,496,17,479
108900118,1515,22,1493
108900119,733,16,717
108900120,584,183,401
108900121,213,83,130
108900122,453,26,427
108900123,388,51,337
108900124,1236,83,1153
108900125,1313,5,1308
108900126,259,83,176
108900127,398,10,388
108900128,220,21,199
108900129,2115,96,2019
108900130,1053,3,1050
108900131,771,2,769
108900132,830,33,797
108900133,430,8,422
108900134,1036,66,970
108900135,465,13,452
108900136,30,1,29
108900137,496,1,495
108900138,1247,54,1193
108900140,1214,14,1200
108900141,874,9,865
108900142,69,25,44
108900143,184,0,184
108900144,276,0,276
108900145,515,19,496
108900146,114,1,113
108900147,602,0,602
108900148,116,11,105
108900150,327,15,312
108900151,54,2,52
108900152,258,6,252
108900153,347,64,283
108900154,8012,402,7610
108900156,220,2,218
108900157,51,118,-67
108900158,832,69,763
108900159,129,187,-58
108900160,22,183,-161
108900161,519,448,71
108900162,339,0,339
108900163,6,420,-414
108900164,73,18,55
108900168,2750,1904,846
108900169,62,66,-4
108900171,1961,3411,-1450
108900172,111,35,76
108900173,64,149,-85
108900174,1026,235,791
108900176,51,111,-60
108900177,1757,11414,-9657
108900178,923,6025,-5102
108900180,57,120,-63
108900183,136,79,57
108900184,288,29,259
108900185,24,118,-94
108900186,89,124,-35
108900189,582,26,556
108900190,46,594,-548
108900192,62,67,-5
108900195,91,61,30
108900196,2,99,-97
108900199,223,142,81
108900200,735,415,320
108900201,262,485,-223
108900203,529,94,435
108900204,492,6,486
108900205,343,17,326
108900206,596,94,502
108900207,381,492,-111
108900208,14,126,-112
108900209,76,175,-99
108900210,53,62,-9
108900211,183,614,-431
108900212,56,2013,-1957
108900215,59,140,-81
108900216,212,802,-590
108900217,112,0,112
108900218,18,13,5
108900221,18,67,-49
108900224,14,43,-29
108900225,0,101,-101
108900227,239,262,-23
108900230,48,49,-1
108900232,1,69,-68
108900233,470,148,322
108900234,364,226,138
108900235,82,154,-72
108900236,28,150,-122
108900240,147,34,113
108900241,141,11,130
108900245,1,2572,-2571
108900250,281,36,245
108900258,8,42,-34
108900259,4,7,-3
108900260,16,9,7
108900261,23,29,-6
108900262,60,96,-36
108900263,20,151,-131
108900264,58,99,-41
108900265,241,388,-147
108900266,176,2235,-2059
108900267,2,515,-513
108900268,31,27,4
108900269,206,25,181
108900270,235,15,220
108900271,128,7,121
108900272,566,6,560
108900273,210,527,-317
108900274,130,25,105
109000001,4599,4965,-366
109000002,732,3868,-3136
109000003,4341,405,3936
109000004,878,1423,-545
109000005,2578,414,2164
109000006,933,771,162
109000007,2804,521,2283
109000008,1245,800,445
109000009,4321,788,3533
109000010,1038,1357,-319
109000011,7321,1699,5622
109000012,1169,1056,113
109000013,6955,5566,1389
109000014,1547,1111,436
109000015,4335,14881,-10546
109000016,2216,978,1238
109000017,4337,812,3525
109000018,1684,1439,245
109000019,3726,1322,2404
109000020,1412,934,478
109000023,324,4,320
109000024,7,126,-119
109000025,78,751,-673
109000026,592,183,409
109000027,72,350,-278
109000028,133,17,116
109000029,41,341,-300
109000030,68,211,-143
109000031,640,80,560
109000032,272,562,-290
109000033,767,125,642
109000034,49,82,-33
109000035,37,24,13
109000036,23,214,-191
109000037,387,4654,-4267
109000038,247,113,134
109000039,1061,751,310
109000040,1937,19363,-17426
109000041,839,3881,-3042
109000042,693,2171,-1478
109000044,664,71,593
109000045,368,136,232
109000046,611,19,592
109000047,71,171,-100
109000048,493,300,193
109000049,210,271,-61
109000050,465,248,217
109000051,297,104,193
109000052,448,369,79
109000053,3723,345,3378
109000054,75,543,-468
109000055,548,1381,-833
109000056,243,231,12
109000057,1626,481,1145
109000058,383,208,175
109000059,90,1340,-1250
109000060,157,650,-493
109000061,296,1603,-1307
109000062,276,411,-135
109000063,306,46,260
109000064,976,44,932
109000065,435,91,344
109000066,717,55,662
109000067,144,119,25
109000068,649,9,640
109000069,562,17,545
109000070,7,1642,-1635
109000071,288,51,237
109000072,77,150,-73
109000073,57,37,20
109000074,29,92,-63
109000075,104,124,-20
109000076,224,391,-167
109000077,300,97,203
109000078,196,128,68
109000079,146,42,104
109000080,481,45,436
109000081,201,178,23
109000082,1457,84,1373
109000083,326,233,93
109000088,194,130,64
109000089,384,143,241
109000090,97,105,-8
109000091,798,118,680
109000092,128,91,37
109000093,502,83,419
109000094,1624,4,1620
109000095,362,158,204
109000096,1612,113,1499
109000097,93,59,34
109000098,95,68,27
109000099,1087,120,967
109000100,397,282,115
109000101,2609,205,2404
109000102,547,215,332
109000103,2482,247,2235
109000104,4189,143,4046
109000105,617,331,286
109000106,2599,278,2321
109000107,586,529,57
109000108,3530,366,3164
109000109,469,388,81
109000110,1742,413,1329
109000111,647,1056,-409
109000112,303,104,199
109000113,547,277,270
109000114,41,267,-226
109000115,703,58,645
109000116,28,652,-624
109000117,370,26,344
109000118,24,182,-158
109000119,2888,46,2842
109000120,781,207,574
109000121,1473,50,1423
109000122,556,110,446
109000123,158,71,87
109000124,1464,242,1222
109000125,1112,261,851
109000126,758,329,429
109000127,3573,88,3485
109000128,723,244,479
109000129,4943,205,4738
109000130,436,401,35
109000131,2111,954,1157
109000132,398,656,-258
109000133,147,220,-73
109000134,436,407,29
109000135,504,522,-18
109000136,303,201,102
109000137,370,206,164
109000138,422,134,288
109000139,744,209,535
109000140,211,293,-82
109000141,1391,521,870
109000142,157,245,-88
109000143,137,89,48
109000145,86,364,-278
109000146,28,31,-3
109000148,1155,1515,-360
109000149,17,74,-57
109000150,38,129,-91
109000155,1318,964,354
109000156,761,187,574
109000158,20,155,-135
109000159,111,204,-93
109000160,2547,137,2410
109000161,1135,599,536
109000162,3010,185,2825
109000163,1842,458,1384
109000164,2348,938,1410
109000165,1919,322,1597
109000166,1696,74,1622
109000167,136,199,-63
109000170,41,41,0
109000171,191,19,172
109000172,5,80,-75
109000173,21,173,-152
109000174,440,14,426
109000175,134,176,-42
109000176,600,102,498
109000177,31,29,2
109000178,1789,130,1659
109000179,2330,8407,-6077
109000180,2402,3755,-1353
109000181,24,1,23
109000182,47,11,36
109000183,119,2,117
109000184,32,5,27
109000185,7,17,-10
109000188,461,1687,-1226
109000189,4029,2206,1823
109000190,939,311,628
109000191,236,705,-469
109000192,934,53,881
109000193,502,64,438
109000194,529,29,500
109000195,471,49,422
109000196,353,31,322
109000197,326,138,188
109000198,430,30,400
109000199,366,154,212
109000206,150,8,142
109000207,219,5,214
109000208,108,73,35
109000209,158,72,86
109000210,195,218,-23
109000211,2293,274,2019
109000214,553,199,354
109000215,170,29,141
109000216,373,445,-72
109000217,113,159,-46
109000218,336,362,-26
109000221,183,286,-103
109000222,835,119,716
109000223,971,407,564
109000224,226,29,197
109000225,373,10,363
109000226,108,48,60
109000227,3079,217,2862
109000228,3,532,-529
109000231,0,40,-40
109000232,1375,98,1277
109000236,271,338,-67
109000241,1803,354,1449
109000242,1573,295,1278
109000293,206,184,22
109000361,328,116,212
109000364,82,470,-388
109000396,6,117,-111
109000397,1061,29,1032
109000399,149,200,-51
109000400,136,98,38
109000403,21,2101,-2080
109000406,1637,44,1593
109000407,176,52,124
109000408,2,261,-259
109000410,1060,212,848
109000411,808,28,780
109900001,207,0,207
109900002,1359,18,1341
109900003,1097,2,1095
109900004,25,8,17
109900005,47,13,34
109900006,848,41,807
109900007,2337,111,2226
109900008,0,6,-6
109900009,170,223,-53
109900010,1120,95,1025
109900011,16,7,9
109900012,607,133,474
109900013,684,101,583
109900014,209,99,110
109900015,162,13,149
109900016,116,5,111
109900017,406,89,317
109900018,160,15,145
109900019,124,26,98
109900020,77,39,38
109900021,31,8,23
109900022,214,124,90
109900023,28,4,24
109900024,15,1,14
109900025,7,81,-74
109900026,0,7,-7
109900027,13,7,6
109900028,308,4507,-4199
109900029,1,146,-145
109900030,78,11,67
109900031,3,775,-772
109900032,2,98,-96
109900033,3,170,-167
109900034,18,2,16
109900035,211,164,47
109900036,46,308,-262
109900037,6,173,-167
109900038,120,79,41
109900039,5,3,2
109900040,24,154,-130
109900041,59,134,-75
109900042,35,986,-951
109900044,113,612,-499
109900045,70,70,0
109900046,227,82,145
109900047,168,154,14
109900048,0,58,-58
109900049,37,34,3
109900050,0,9,-9
109900051,0,1,-1
109900052,78,467,-389
109900053,0,52,-52
109900054,1616,63,1553
109900055,170,121,49
109900056,95,320,-225
109900057,0,72,-72
109900058,0,29,-29
109900059,296,4,292
109900060,1605,53,1552
109900061,104,26,78
109900062,0,53,-53
109900063,0,44,-44
109900064,960,46,914
109900065,44,29,15
109900066,296,237,59
109900067,0,83,-83
109900068,116,6,110
109900069,1,21,-20
109900070,1,7,-6
109900071,2,4,-2
109900072,7,47,-40
109900073,951,208,743
109900074,2,5,-3
109900075,79,45,34
109900076,79,46,33
109900077,31,14,17
109900078,94,35,59
109900080,126,57,69
109900081,0,107,-107
109900082,103,84,19
109900083,20,5,15
109900084,62,123,-61
109900085,79,126,-47
109900086,102,1582,-1480
109900087,48,195,-147
109900089,734,80,654
109900090,14,43,-29
109900091,118,7,111
109900092,226,223,3
109900093,1511,98,1413
109900094,66,51,15
109900095,40,80,-40
109900096,334,0,334
109900097,208,2,206
109900098,1082,40,1042
109900099,755,0,755
109900100,128,0,128
109900101,1250,7,1243
109900102,759,31,728
109900103,71,64,7
109900104,1855,105,1750
109900105,847,27,820
109900106,509,23,486
109900107,785,31,754
109900108,154,90,64
109900109,22,58,-36
109900110,5,13,-8
109900111,50,157,-107
109900112,17,12,5
109900113,161,32,129
109900114,262,1118,-856
109900115,236,140,96
109900117,2466,53,2413
109900118,27,20,7
109900119,22,33,-11
109900120,7,0,7
109900121,225,64,161
109900122,194,0,194
109900123,34,41,-7
109900124,3,11,-8
109900125,0,47,-47
109900126,719,9,710
109900128,58,2,56
109900130,2415,4868,-2453
109900131,24,48,-24
109900132,6,38,-32
109900133,10,21,-11
109900134,49,71,-22
109900135,353,26,327
109900136,17,14,3
109900137,322,80,242
109900140,151,46,105
109900142,614,15,599
109900145,1,120,-119
109900146,6,4,2
109900148,3,2,1
109900149,29,10,19
109900150,5,16,-11
109900151,3,20,-17
109900152,0,33,-33
109900153,0,51,-51
109900154,14,0,14
109900155,43,21,22
109900157,89,77,12
109900158,2,13,-11
109900159,78,13,65
109900160,33,5,28
109900161,423,45,378
109900162,319,41,278
109900163,216,44,172
109900164,37,131,-94
109900165,355,3,352
109900166,1,310,-309
109900167,165,176,-11
109900168,114,284,-170
109900169,323,158,165
109900170,262,2027,-1765
109900171,525,66,459
109900172,451,447,4
109900173,1415,2673,-1258
109900174,38,61,-23
109900175,92,308,-216
109900176,106,51,55
109900177,21,43,-22
109900178,3,148,-145
109900179,8,12,-4
109900180,9,4,5
110000001,769,176,593
110000002,671,390,281
110000003,571,422,149
110000004,260,354,-94
110000005,225,2470,-2245
110000006,396,228,168
110000007,124,39,85
110000008,28,441,-413
110000009,90,5,85
110000010,96,145,-49
110000011,60,42,18
110000012,694,119,575
110000013,58,828,-770
110000014,677,464,213
110000015,151,814,-663
110000016,385,1942,-1557
110000017,2238,199,2039
110000018,2133,427,1706
110000019,23,28,-5
110000020,1068,500,568
110000021,130,135,-5
110000022,1390,92,1298
110000023,2,58,-56
110000024,564,83,481
110000025,2209,2,2207
110000026,1,183,-182
110000027,544,1275,-731
110000028,1361,228,1133
110000029,526,287,239
110000030,521,448,73
110000031,465,185,280
110000032,1431,80,1351
110000033,299,206,93
110000034,1139,326,813
110000035,772,341,431
110000036,2079,355,1724
110000037,450,106,344
110000038,462,958,-496
110000039,881,9183,-8302
110000040,366,355,11
110000041,458,3534,-3076
110000042,100,364,-264
110000043,667,325,342
110000044,8,242,-234
110000045,145,61,84
110000046,0,130,-130
110000047,8,29,-21
110000048,1,170,-169
110000049,7,11,-4
110000050,8,99,-91
110000051,55,28,27
110000052,84,49,35
110000053,7,3,4
110000054,67,769,-702
110000055,112,267,-155
110000056,50,173,-123
110000057,361,250,111
110000058,1399,273,1126
110000059,785,436,349
110000060,1212,545,667
110000061,360,314,46
110000062,436,396,40
110000063,62,394,-332
110000064,203,10,193
110000065,226,241,-15
110000066,50,10,40
110000067,43,37,6
110000068,591,28,563
110000069,846,13,833
110000071,1329,8,1321
110000073,59,4,55
110000075,73,107,-34
110000076,562,642,-80
110000077,224,2029,-1805
110000078,134,11,123
110000080,137,156,-19
110000081,33,356,-323
110000082,14,442,-428
110000083,238,238,0
110000084,1764,1215,549
110000085,645,1400,-755
110000086,723,1926,-1203
110000087,42,45,-3
110000088,222,182,40
110000089,663,53,610
110000090,193,779,-586
110000091,511,104,407
110000092,16,35,-19
110000093,33,22,11
110000094,519,114,405
110000095,126,508,-382
110000096,1059,3256,-2197
110000097,880,1700,-820
110000098,1762,436,1326
110000099,1263,1495,-232
110000100,3164,84,3080
110000101,327,93,234
110000102,98,32,66
110000104,393,186,207
110000105,89,478,-389
110000106,584,458,126
110000107,170,241,-71
110000108,202,218,-16
110000109,235,158,77
110000110,1148,2587,-1439
110000111,2593,2690,-97
110000112,176,891,-715
110000113,53,3568,-3515
110000114,1027,869,158
110000115,1177,115,1062
110000116,135,93,42
110000117,807,139,668
110000118,866,88,778
110000119,879,81,798
110000120,516,93,423
110000121,81,428,-347
110000122,295,163,132
110000123,492,175,317
110000124,0,360,-360
110000125,936,2,934
110000126,242,5,237
110000127,1249,32,1217
110000128,28,346,-318
110000129,0,134,-134
110000130,352,182,170
110000131,45,127,-82
110000132,1,176,-175
110000133,46,494,-448
110000134,26,332,-306
110000135,307,17,290
110000136,124,72,52
110000137,1127,111,1016
110000138,967,139,828
110000139,1966,266,1700
110000140,927,661,266
110000143,784,240,544
110000144,1552,1235,317
110000145,1522,1036,486
110000146,1147,449,698
110000147,248,951,-703
110000148,1007,248,759
110000151,498,730,-232
110000152,169,384,-215
110000153,379,6,373
110000154,28,77,-49
110000155,368,1168,-800
110000156,951,717,234
110000157,1032,1957,-925
110000160,354,154,200
110000161,252,234,18
110000166,1323,72,1251
110000167,2378,736,1642
110000168,517,910,-393
110000169,865,582,283
110000170,152,115,37
110000171,485,115,370
110000172,417,279,138
110000173,396,374,22
110000174,119,131,-12
110000175,1981,192,1789
110000176,35,1715,-1680
110000177,198,2337,-2139
110000178,343,4121,-3778
110000179,921,263,658
110000180,629,181,448
110000181,1634,269,1365
110000182,534,77,457
110000183,4420,8397,-3977
110000184,203,3839,-3636
110000185,405,642,-237
110000186,382,1786,-1404
110000191,1871,133,1738
110000192,1330,7,1323
110000193,1909,22,1887
110000194,3,1116,-1113
110000195,843,78,765
110000196,934,107,827
110000197,144,34,110
110000198,85,49,36
110000199,42,187,-145
110000200,652,1041,-389
110000201,1355,2233,-878
110000202,1277,361,916
110000203,249,385,-136
110000204,4,112,-108
110000205,519,34,485
110000206,242,254,-12
110000207,2176,180,1996
110000208,126,306,-180
110000209,36,140,-104
110000210,1752,411,1341
110000211,1029,446,583
110000212,582,1730,-1148
110000213,644,12,632
110000214,706,83,623
110000215,182,70,112
110000216,258,56,202
110000217,913,87,826
110000218,418,46,372
110000219,709,13,696
110000220,41,48,-7
110000221,826,9,817
110000222,85,75,10
110000223,60,64,-4
110000224,3,4,-1
110000225,188,600,-412
110000226,476,50,426
110000227,828,1224,-396
110000228,411,92,319
110000229,1,91,-90
110000230,585,410,175
110000231,360,588,-228
110000232,223,229,-6
110000233,71,595,-524
110000234,367,285,82
110000235,735,604,131
110000236,858,471,387
110000237,3187,1194,1993
110000238,892,611,281
110000239,2409,578,1831
110000240,0,22,-22
110000242,0,7,-7
110000243,324,57,267
110000244,51,184,-133
110000245,24,372,-348
110000246,1751,538,1213
110000247,1179,1544,-365
110000248,885,295,590
110000249,177,8,169
110000250,21,305,-284
110000251,683,110,573
110000252,784,135,649
110000253,2552,250,2302
110000254,1062,237,825
110000255,238,263,-25
110000256,603,171,432
110000257,320,206,114
110000258,7,281,-274
110000259,629,13,616
110000260,114,71,43
110000263,844,15,829
110000264,1052,221,831
110000265,1354,1186,168
110000266,887,1219,-332
110000267,27,29,-2
110000268,218,104,114
110000269,0,26,-26
110000270,183,1,182
110000271,1360,198,1162
110000272,1120,1049,71
110000273,1342,520,822
110000274,300,4457,-4157
110000275,1159,1075,84
110000276,267,1234,-967
110000277,595,836,-241
110000278,515,937,-422
110000279,906,249,657
110000280,1020,233,787
110000281,170,68,102
110000282,105,17,88
110000283,17,58,-41
110000284,19,13,6
110000285,0,99,-99
110000286,8,0,8
110000287,103,22,81
110000288,1,117,-116
110000289,343,3272,-2929
110000290,246,870,-624
110000291,2059,874,1185
110000292,605,10260,-9655
110000293,658,352,306
110000294,2277,2965,-688
110000295,180,337,-157
110000296,1173,311,862
110000297,3275,141,3134
110000298,119,300,-181
110000299,252,40,212
110000301,621,29,592
110000302,744,2145,-1401
110000303,1299,8,1291
110000304,332,433,-101
110000305,1949,25,1924
110000306,590,467,123
110000307,3790,9,3781
110000308,664,38,626
110000309,3,690,-687
110000310,1561,41,1520
110000311,2,272,-270
110000312,683,40,643
110000313,2627,890,1737
110000314,5,66,-61
110000315,1150,1065,85
110000316,330,765,-435
110000317,157,791,-634
110000318,3,117,-114
110000319,3,17,-14
110000320,41,65,-24
110000321,62,68,-6
110000322,224,558,-334
110000323,1251,291,960
110000324,1915,1072,843
110000325,1241,5509,-4268
110000327,497,116,381
110000328,62,499,-437
110000333,1341,1785,-444
110000334,317,994,-677
110000335,665,238,427
110000336,397,1844,-1447
110000337,2239,744,1495
110000338,545,722,-177
110000339,700,155,545
110000340,39,212,-173
110000341,754,214,540
110000342,64,4,60
110000343,0,5,-5
110000344,50,1624,-1574
110000345,126,1396,-1270
110000346,1285,1815,-530
110000347,1398,404,994
110000348,69,12,57
110000349,17,5,12
110000350,177,0,177
110000351,1809,312,1497
110000352,728,2194,-1466
110000353,2288,277,2011
110000354,1341,5214,-3873
110000355,426,17,409
110000356,328,2,326
110000357,1052,5,1047
110000361,38,10,28
110000362,400,4,396
110000363,1078,47,1031
110000364,477,171,306
110000365,118,0,118
110000366,0,176,-176
110000367,948,187,761
110000368,2,70,-68
110000369,92,18,74
110000373,0,1013,-1013
110000374,125,64,61
110000375,178,948,-770
110000376,62,103,-41
110000377,104,191,-87
110000378,11,361,-350
110000379,1648,3755,-2107
110000380,196,21,175
110000383,0,538,-538
110000384,1119,136,983
110000385,1,49,-48
110000387,276,9,267
110000388,95,115,-20
110000389,999,3,996
110000391,1407,722,685
110000396,423,53,370
110000397,92,37,55
110000398,21,23,-2
110000399,256,0,256
110000587,309,378,-69
110000589,243,48,195
110000640,201,3,198
110000652,8,423,-415
110000653,672,125,547
110000654,0,291,-291
110000656,0,230,-230
110000674,65,9,56
110000675,26,12,14
110000676,0,22,-22
110000679,142,1250,-1108
110000682,170,225,-55
110000683,406,101,305
110000684,1,30,-29
110000685,9,21,-12
110000686,0,108,-108
110000687,11,2,9
110000688,54,1712,-1658
110000689,71,13,58
110000692,10,156,-146
110000693,15,361,-346
110000694,1,54,-53
110000695,107,934,-827
110000696,120,31,89
110900001,305,13,292
110900002,371,214,157
110900003,2709,134,2575
110900004,890,55,835
110900005,1043,6432,-5389
110900006,100,87,13
110900007,350,208,142
110900008,5,3,2
110900009,397,1043,-646
110900010,8,10,-2
110900011,27,26,1
110900012,5,20,-15
110900013,1362,75,1287
110900014,437,68,369
110900015,185,456,-271
110900016,145,46,99
110900017,867,24,843
110900018,461,18,443
110900019,852,28,824
110900020,471,30,441
110900021,187,158,29
110900022,93,57,36
110900023,28,172,-144
110900024,201,95,106
110900025,2,27,-25
110900027,113,28,85
110900028,27,27,0
110900029,7,66,-59
110900030,38,37,1
110900031,153,93,60
110900032,0,26,-26
110900033,7,68,-61
110900035,3,339,-336
110900036,224,3,221
110900037,220,2,218
110900038,301,104,197
110900039,1,163,-162
110900040,312,3,309
110900041,66,30,36
110900042,194,46,148
110900043,0,34,-34
110900044,107,20,87
110900045,219,189,30
110900046,1,98,-97
110900047,149,789,-640
110900049,332,41,291
110900050,63,5,58
110900051,25,32,-7
110900052,0,511,-511
110900053,282,12,270
110900054,16,141,-125
110900055,34,0,34
110900056,53,40,13
110900057,2,131,-129
110900058,526,63,463
110900059,340,393,-53
110900060,315,36,279
110900061,35,28,7
110900062,365,66,299
110900063,41,54,-13
110900064,21,0,21
110900065,30,89,-59
110900066,3,21,-18
110900067,78,680,-602
110900068,227,48,179
110900069,6,2,4
110900070,287,15,272
110900071,87,1499,-1412
110900073,0,0,0
110900074,1091,92,999
110900075,1143,28,1115
110900077,2200,192,2008
110900078,267,28,239
110900079,764,721,43
110900080,249,31,218
110900081,40,11,29
110900082,332,26,306
110900083,232,28,204
110900084,264,10,254
110900085,7,56,-49
110900086,88,240,-152
110900087,447,270,177
110900088,0,0,0
110900090,55,146,-91
110900091,0,12,-12
110900093,314,38,276
110900095,12,6,6
110900097,52,3,49
110900098,5,10,-5
110900099,11,97,-86
110900100,0,5,-5
110900102,44,8,36
110900105,622,39,583
110900108,14,5,9
110900111,1061,44,1017
110900112,656,16,640
110900113,353,125,228
110900115,1,15,-14
110900116,2569,657,1912
110900118,78,5430,-5352
110900119,1261,76,1185
110900120,285,78,207
110900121,58,0,58
110900122,517,98,419
110900125,296,1016,-720
110900127,302,986,-684
110900128,56,324,-268
110900129,83,956,-873
110900130,171,295,-124
110900131,477,592,-115
110900132,850,19,831
110900133,82,517,-435
110900135,44,81,-37
110900136,617,17,600
110900138,0,0,0
110900139,39,1,38
110900140,1,0,1
110900141,334,285,49
110900142,83,65,18
110900143,437,25,412
110900144,0,80,-80
110900145,313,178,135
110900146,106,499,-393
110900147,75,373,-298
110900148,1,308,-307
110900149,6,35,-29
110900150,67,9,58
110900151,0,41,-41
110900152,16,21,-5
110900153,296,22,274
111000001,2145,978,1167
111000002,735,345,390
111000003,4122,1748,2374
111000004,943,835,108
111000005,2286,2069,217
111000006,676,1893,-1217
111000007,3738,7689,-3951
111000008,2537,4353,-1816
111000009,325,679,-354
111000010,1911,514,1397
111000011,142,768,-626
111000012,419,496,-77
111000013,549,1243,-694
111000014,3010,659,2351
111000017,25,684,-659
111000018,120,346,-226
111000020,392,827,-435
111000021,38,75,-37
111000023,108,476,-368
111000025,2905,4531,-1626
111000029,82,105,-23
111000030,44,27,17
111000031,1537,640,897
111000032,624,790,-166
111000033,197,56,141
111000034,65,106,-41
111000037,704,214,490
111000038,1975,937,1038
111000039,1892,734,1158
111000040,1444,578,866
111000041,446,392,54
111000042,1709,2191,-482
111000043,1440,7092,-5652
111000044,1747,315,1432
111000045,3749,923,2826
111000046,2781,910,1871
111000047,2681,7127,-4446
111000049,348,201,147
111000050,1039,380,659
111000051,733,459,274
111000052,587,1032,-445
111000053,258,407,-149
111000054,331,381,-50
111000055,687,1370,-683
111000056,261,1281,-1020
111000057,230,154,76
111000058,1019,109,910
111000059,897,425,472
111000060,6373,950,5423
111000061,1076,238,838
111000062,1460,397,1063
111000063,1429,1171,258
111000064,1037,228,809
111000065,1381,388,993
111000066,1143,198,945
111000067,1809,175,1634
111000068,1209,281,928
111000069,1220,1092,128
111000070,742,406,336
111000071,259,152,107
111000072,1745,635,1110
111000073,248,2172,-1924
111000074,1925,1340,585
111000075,785,354,431
111000076,879,457,422
111000077,1011,437,574
111000078,1557,308,1249
111000079,826,436,390
111000080,714,387,327
111000081,1439,7176,-5737
111000082,1173,225,948
111000084,1024,272,752
111000085,1227,773,454
111000086,1599,710,889
111000087,852,409,443
111000088,2914,5600,-2686
111000089,1047,452,595
111000090,448,583,-135
111000091,691,148,543
111000092,3005,552,2453
111000093,1232,1467,-235
111000094,2007,934,1073
111000095,1178,3137,-1959
111000096,922,8885,-7963
111000097,1824,671,1153
111000098,270,466,-196
111000099,510,762,-252
111000100,531,617,-86
111000101,387,422,-35
111000102,427,253,174
111000104,1240,74,1166
111000107,198,281,-83
111000109,1337,149,1188
111000110,1834,354,1480
111000111,5290,129,5161
111000112,3354,242,3112
111000113,949,3496,-2547
111000114,1404,6821,-5417
111000115,2111,586,1525
111000116,697,413,284
111000117,220,598,-378
111000118,898,701,197
111000119,2097,252,1845
111000120,880,586,294
111000121,289,686,-397
111000122,526,432,94
111000123,1411,699,712
111000124,409,1034,-625
111000125,333,725,-392
111000126,105,243,-138
111000127,1950,132,1818
111000128,3975,158,3817
111000129,4669,251,4418
111000130,4183,291,3892
111000131,3918,260,3658
111000132,3008,2524,484
111000133,211,28,183
111000134,193,36,157
111000135,139,127,12
111000136,592,127,465
111000138,89,2,87
111000140,1,5,-4
111000141,178,276,-98
111000142,5,91,-86
111000143,8,313,-305
111000144,13,769,-756
111000145,40,3,37
111000146,218,3,215
111000147,62,19,43
111000148,167,49,118
111000149,3,67,-64
111000150,175,10,165
111000151,2,123,-121
111000153,306,139,167
111000154,289,57,232
111000155,110,61,49
111000156,423,187,236
111000157,247,312,-65
111000158,892,419,473
111000159,2121,537,1584
111000160,454,153,301
111000161,12,158,-146
111000162,9,44,-35
111000163,1229,677,552
111000164,419,2545,-2126
111000165,620,168,452
111000166,239,65,174
111000167,117,190,-73
111000168,222,177,45
111000169,321,195,126
111000170,201,194,7
111000171,409,242,167
111000172,233,229,4
111000173,431,294,137
111000174,493,82,411
111000175,78,179,-101
111000176,1193,38,1155
111000177,1584,63,1521
111000178,2876,71,2805
111000179,712,61,651
111000180,298,228,70
111000181,2973,151,2822
111000182,367,231,136
111000183,290,1009,-719
111000184,472,88,384
111000185,360,313,47
111000186,164,870,-706
111000187,196,76,120
111000188,442,369,73
111000189,210,196,14
111000190,299,70,229
111000191,182,101,81
111000192,230,181,49
111000193,242,87,155
111000194,74,126,-52
111000195,169,116,53
111000196,113,34,79
111000197,1144,83,1061
111000198,933,28,905
111000199,657,467,190
111000200,1227,877,350
111000201,1387,55,1332
111000202,750,65,685
111000203,609,213,396
111000204,217,1985,-1768
111000213,364,219,145
111000214,1242,582,660
111000215,1130,380,750
111000217,1962,160,1802
111000218,2573,528,2045
111000219,303,71,232
111000220,590,476,114
111000221,246,16,230
111000224,12,120,-108
111000225,559,466,93
111000226,256,1,255
111000227,30,0,30
111000228,22,783,-761
111000229,12,1730,-1718
111000230,208,112,96
111000231,1031,143,888
111000232,1088,1349,-261
111000233,2745,273,2472
111000234,369,584,-215
111000239,93,22,71
111000240,71,593,-522
111000241,60,159,-99
111000242,378,31,347
111000243,259,219,40
111000244,1920,260,1660
111000245,707,470,237
111000246,937,99,838
111000247,783,399,384
111000248,844,126,718
111000249,585,143,442
111000250,104,17,87
111000251,83,39,44
111000253,23,9,14
111000255,84,0,84
111000257,53,8,45
111000260,86,508,-422
111000261,2548,55,2493
111000271,56,198,-142
111000273,1874,716,1158
111000274,1215,2924,-1709
111000275,266,15,251
111000276,301,399,-98
111000277,346,150,196
111000278,470,132,338
111000291,2250,15753,-13503
111000298,474,85,389
111000299,988,72,916
111000300,78,261,-183
111000302,491,32,459
111000303,181,79,102
111000312,100,13,87
111000315,6,59,-53
111000320,246,123,123
111000321,540,119,421
111000322,844,146,698
111000323,553,55,498
111000324,171,60,111
111000325,64,60,4
111000326,161,164,-3
111000327,342,209,133
111000328,441,487,-46
111000329,0,13,-13
111000330,436,4,432
111000331,81,4,77
111000332,308,531,-223
111000334,158,905,-747
111000335,1755,378,1377
111000337,3061,127,2934
111000338,156,23,133
111000339,1209,55,1154
111000340,88,1015,-927
111000341,2909,1729,1180
111000342,74,674,-600
111000344,1755,263,1492
111000345,52,93,-41
111000346,33,148,-115
111000347,318,2,316
111000350,191,114,77
111000351,123,303,-180
111000352,201,69,132
111000353,168,93,75
111000354,643,158,485
111000355,432,284,148
111000358,155,351,-196
111000360,238,117,121
111000361,320,82,238
111000546,1639,357,1282
111000547,676,443,233
111000548,346,122,224
111000549,372,50,322
111000550,14,1444,-1430
111000551,234,22,212
111000552,448,214,234
111000907,3255,57,3198
111000908,88,0,88
111000916,4093,242,3851
111000917,44,397,-353
111000918,198,254,-56
111000920,1655,6,1649
111000921,0,111,-111
111000922,1775,59,1716
111000924,54,295,-241
111000925,6507,2512,3995
111000926,1365,2191,-826
111000927,2043,5469,-3426
111000928,3910,1436,2474
111000929,2166,820,1346
111000930,1502,3279,-1777
111000931,2079,853,1226
111000932,2298,1046,1252
111000933,2864,2868,-4
111000934,1133,785,348
111000935,3658,946,2712
111000936,1042,610,432
111000937,1576,1095,481
111000938,1635,794,841
111000939,1395,36,1359
111000940,1604,11,1593
111000941,606,143,463
111000943,1011,99,912
111000944,310,73,237
111000945,508,1213,-705
111001109,684,1076,-392
111001110,197,145,52
111001111,268,4,264
111001112,151,1,150
111001113,1,210,-209
111001114,506,109,397
111001115,4,856,-852
111001116,2227,8444,-6217
111001117,270,3669,-3399
111001120,140,120,20
111001121,153,69,84
111001122,493,110,383
111001123,750,112,638
111001124,186,34,152
111001125,9,1074,-1065
111001126,6,0,6
111001127,0,34,-34
111001128,1524,284,1240
111900001,15,17,-2
111900002,0,74,-74
111900003,1,65,-64
111900004,8,44,-36
111900006,47,77,-30
111900007,410,5,405
111900008,567,1,566
111900009,558,0,558
111900010,12,71,-59
111900012,16,15,1
111900013,65,4,61
111900014,825,9094,-8269
111900015,0,8,-8
111900016,0,22,-22
111900017,0,4,-4
111900018,279,1,278
111900019,1,104,-103
111900020,3,6,-3
111900021,7,21,-14
111900022,4,5,-1
111900023,45,23,22
111900024,84,209,-125
111900025,0,32,-32
111900026,0,60,-60
111900027,1,37,-36
111900028,6,20,-14
111900029,0,6,-6
111900030,8,87,-79
111900031,0,3,-3
111900032,2,65,-63
111900033,16,11,5
111900034,53,114,-61
111900035,100,1312,-1212
111900036,0,39,-39
111900038,20,113,-93
111900039,11,163,-152
111900040,0,73,-73
111900042,7,25,-18
111900043,0,60,-60
111900044,35,82,-47
111900046,2,20,-18
111900048,762,110,652
111900049,0,40,-40
111900050,338,16,322
111900051,1,53,-52
111900052,118,53,65
111900053,417,3281,-2864
111900054,658,1,657
111900055,2,62,-60
111900056,167,305,-138
111900057,236,7,229
111900058,1242,249,993
111900059,818,826,-8
111900060,435,0,435
111900061,1,29,-28
111900062,101,334,-233
111900063,436,83,353
111900064,11,45,-34
111900065,258,56,202
111900066,158,113,45
111900067,1,77,-76
111900068,69,206,-137
111900069,174,13,161
111900070,340,8,332
111900071,0,30,-30
111900072,36,70,-34
111900073,1919,253,1666
111900074,0,75,-75
111900075,85,13,72
111900076,634,84,550
111900077,41,0,41
111900078,784,70,714
111900079,40,69,-29
111900080,70,74,-4
111900082,311,66,245
111900083,518,84,434
111900084,308,7,301
111900085,19,23,-4
111900086,282,23,259
111900087,296,8,288
111900088,1220,33,1187
111900089,195,2,193
111900090,73,173,-100
111900091,1389,20,1369
111900092,330,1,329
111900093,948,33,915
111900094,205,2,203
111900095,851,35,816
111900096,374,2,372
111900097,135,0,135
111900098,688,25,663
111900099,163,0,163
111900100,166,3,163
111900101,415,5,410
111900102,1440,948,492
111900103,55,55,0
111900104,98,11,87
111900105,95,209,-114
111900106,155,4,151
111900110,2372,131,2241
111900111,479,20,459
111900112,174,7211,-7037
111900113,196,74,122
111900118,865,49,816
111900119,193,65,128
111900122,34,48,-14
111900123,29,13,16
111900124,43,12,31
111900125,1173,71,1102
111900126,888,3,885
111900127,1,89,-88
111900128,19,150,-131
111900129,499,4,495
111900130,47,27,20
111900131,917,1,916
111900132,13,229,-216
111900133,5,181,-176
111900134,0,44,-44
111900135,2,7,-5
111900136,36,102,-66
111900137,14,3,11
111900138,3,39,-36
111900139,2,14,-12
111900140,140,21,119
111900141,151,8,143
111900142,141,1,140
111900143,104,58,46
111900144,0,22,-22
111900145,0,97,-97
111900146,0,59,-59
111900147,15,168,-153
111900148,10,283,-273
111900149,8,94,-86
111900150,9,28,-19
111900151,1,23,-22
111900152,43,52,-9
111900153,362,670,-308
111900154,26,1338,-1312
111900155,80,326,-246
111900156,119,50,69
111900157,330,26,304
111900158,893,93,800
111900159,880,117,763
111900160,613,0,613
111900161,759,1,758
111900162,161,686,-525
111900163,4,42,-38
111900164,149,38,111
111901113,1763,53,1710
111901114,461,409,52
111901115,489,0,489
111901116,135,1,134
111901117,31,76,-45
111901118,5,932,-927
111901119,167,12,155
111901121,12,28,-16
111901122,1,80,-79
111901123,657,38,619
111901124,531,3,528
111901125,1889,222,1667
111901127,1375,1824,-449
111901128,10,33,-23
111901129,0,98,-98
111901130,0,879,-879
111901131,0,112,-112
111901132,210,57,153
111901133,229,3,226
111901134,512,2,510
111901135,84,1,83
111901136,1,8,-7
111901138,10,13,-3
111901139,0,20,-20
111901140,1,17,-16
111901141,3,21,-18
111901142,6,54,-48
111901143,1,16,-15
111901144,66,28,38
111901145,26,610,-584
111901146,21,1,20
111901147,257,1202,-945
111901148,6,185,-179
111901149,65,3,62
111901150,205,0,205
111901151,445,1,444
112000001,3312,708,2604
112000002,888,1727,-839
112000003,5089,1001,4088
112000004,1513,383,1130
112000005,4840,4910,-70
112000006,582,398,184
112000007,5060,3355,1705
112000008,3967,3754,213
112000009,2603,861,1742
112000010,4185,4910,-725
112000011,1431,662,769
112000012,2747,4226,-1479
112000013,1149,1382,-233
112000014,609,3269,-2660
112000015,987,2627,-1640
112000016,1763,3098,-1335
112000017,280,3687,-3407
112000024,291,163,128
112000026,1549,784,765
112000027,512,519,-7
112000028,470,722,-252
112000029,600,647,-47
112000030,97,12,85
112000031,834,2876,-2042
112000032,90,7,83
112000033,1297,3587,-2290
112000034,52,23,29
112000035,25,740,-715
112000036,111,1141,-1030
112000037,485,2092,-1607
112000038,717,1254,-537
112000039,153,47,106
112000040,31,112,-81
112000041,260,206,54
112000042,420,80,340
112000050,1243,614,629
112000051,1152,2752,-1600
112000054,1167,1126,41
112000057,724,99,625
112000058,228,188,40
112000059,434,273,161
112000061,1785,454,1331
112000062,346,773,-427
112000063,167,3026,-2859
112000064,1728,1304,424
112000065,681,665,16
112000066,2607,1000,1607
112000067,351,230,121
112000068,3026,1907,1119
112000069,510,996,-486
112000070,1111,635,476
112000071,992,1075,-83
112000072,3717,490,3227
112000073,1050,1899,-849
112000074,1061,979,82
112000075,1430,1075,355
112000076,2854,1653,1201
112000077,1304,352,952
112000078,2676,442,2234
112000079,2479,921,1558
112000080,975,417,558
112000081,827,931,-104
112000082,1468,242,1226
112000083,1003,523,480
112000084,1139,271,868
112000085,1977,250,1727
112000086,2869,372,2497
112000087,1191,137,1054
112000088,1225,179,1046
112000089,293,161,132
112000090,128,114,14
112000091,516,203,313
112000092,2703,433,2270
112000093,1446,300,1146
112000094,676,315,361
112000095,876,183,693
112000096,1037,335,702
112000097,3670,366,3304
112000098,254,283,-29
112000099,902,2441,-1539
112000100,3485,371,3114
112000101,704,253,451
112000102,2859,238,2621
112000103,506,199,307
112000105,564,261,303
112000106,5253,216,5037
112000107,509,129,380
112000108,1710,461,1249
112000109,820,95,725
112000110,3387,512,2875
112000111,436,834,-398
112000112,2528,152,2376
112000113,1010,995,15
112000114,2988,478,2510
112000115,416,173,243
112000116,747,238,509
112000117,1210,285,925
112000118,454,373,81
112000119,420,303,117
112000120,43,79,-36
112000121,396,133,263
112000122,913,69,844
112000123,1207,55,1152
112000124,701,50,651
112000125,401,224,177
112000126,1435,154,1281
112000127,1857,1746,111
112000128,672,323,349
112000129,232,37,195
112000130,578,47,531
112000131,50,104,-54
112000132,376,100,276
112000133,816,53,763
112000134,529,147,382
112000135,1660,1348,312
112000136,983,2486,-1503
112000137,1733,1335,398
112000138,1155,481,674
112000139,525,434,91
112000140,164,313,-149
112000141,1394,187,1207
112000142,271,203,68
112000143,2001,87,1914
112000144,319,345,-26
112000145,3621,242,3379
112000146,573,495,78
112000147,3131,1010,2121
112000148,641,486,155
112000149,722,328,394
112000150,872,147,725
112000151,533,96,437
112000152,1066,113,953
112000153,194,71,123
112000154,175,577,-402
112000155,117,76,41
112000157,297,729,-432
112000158,383,99,284
112000159,1832,201,1631
112000167,362,248,114
112000169,170,1159,-989
112000173,1588,88,1500
112000175,876,196,680
112000176,474,536,-62
112000177,1652,350,1302
112000178,39,78,-39
112000179,419,40,379
112000180,409,100,309
112000181,847,356,491
112000182,2789,181,2608
112000183,53,17,36
112000184,528,157,371
112000185,1496,104,1392
112000187,3952,2880,1072
112000195,229,9,220
112000196,103,0,103
112000197,51,76,-25
112000198,27,120,-93
112000199,369,263,106
112000202,1218,5,1213
112000216,54,99,-45
112000230,195,5,190
112000231,2,58,-56
112000256,71,314,-243
112000313,201,11,190
112000314,68,67,1
112000337,135,503,-368
112000352,81,222,-141
112000392,1742,330,1412
112000398,2737,546,2191
112000399,989,5342,-4353
112000400,817,599,218
112000401,928,976,-48
112000402,4403,4269,134
112000403,1105,8878,-7773
112000404,2054,1256,798
112000405,3661,2178,1483
112000406,1818,736,1082
112000407,10969,6084,4885
112000408,3697,1062,2635
112000409,1546,910,636
112000410,118,316,-198
112000411,1080,1706,-626
112000412,264,136,128
112000413,2284,7129,-4845
112000414,249,13,236
112000415,167,7,160
112000416,5406,726,4680
112000417,312,94,218
112000421,189,18,171
112000422,311,89,222
112000424,801,3528,-2727
112000425,491,121,370
112000426,582,312,270
112000427,0,16,-16
112000428,522,482,40
112000429,1815,1313,502
112000430,2228,2907,-679
112000431,176,152,24
112000432,570,291,279
112000433,222,145,77
112000437,47,83,-36
112900001,45,0,45
112900002,1103,181,922
112900003,114,50,64
112900004,86,88,-2
112900005,554,49,505
112900007,22,6,16
112900008,0,91,-91
112900009,461,279,182
112900010,500,126,374
112900011,46,92,-46
112900012,1,3,-2
112900013,2,169,-167
112900014,6,36,-30
112900015,51,123,-72
112900016,2,93,-91
112900017,62,96,-34
112900018,754,98,656
112900019,27,99,-72
112900020,140,241,-101
112900021,0,79,-79
112900022,28,29,-1
112900023,9,12,-3
112900024,4,58,-54
112900025,116,51,65
112900026,0,28,-28
112900027,1,147,-146
112900028,24,29,-5
112900029,8,81,-73
112900030,35,53,-18
112900031,5,148,-143
112900032,164,91,73
112900034,0,9,-9
112900035,0,63,-63
112900036,3,49,-46
112900037,174,188,-14
112900038,1058,38,1020
112900039,3,71,-68
112900040,9,150,-141
112900041,300,556,-256
112900042,168,80,88
112900043,22,24,-2
112900044,134,99,35
112900045,65,76,-11
112900046,21,34,-13
112900047,0,10,-10
112900049,761,25,736
112900050,8,145,-137
112900051,102,100,2
112900052,0,283,-283
112900053,96,206,-110
112900054,113,52,61
112900055,27,19,8
112900056,165,145,20
112900057,59,155,-96
112900058,312,599,-287
112900059,65,196,-131
112900060,34,34,0
112900061,38,50,-12
112900062,96,23,73
112900063,23,23,0
112900064,13,40,-27
112900065,16,7,9
112900066,203,362,-159
112900067,251,40,211
112900068,41,123,-82
112900069,681,1521,-840
112900071,49,19,30
112900072,43,7070,-7027
112900073,597,282,315
112900074,236,556,-320
112900075,499,1771,-1272
112900076,6,40,-34
112900078,183,908,-725
112900079,183,26,157
112900080,292,1,291
112900081,46,610,-564
112900082,750,12,738
112900083,158,206,-48
112900084,561,435,126
112900086,267,0,267
112900087,2492,205,2287
112900088,481,19,462
112900089,1104,12,1092
112900090,142,90,52
112900091,527,8,519
112900092,47,887,-840
112900093,1248,50,1198
112900095,296,0,296
112900096,858,200,658
112900097,96,69,27
112900098,181,3,178
112900099,1859,4,1855
112900100,174,0,174
112900101,535,4,531
112900102,71,27,44
112900103,397,6,391
112900104,1478,8,1470
112900105,88,1,87
112900106,674,155,519
112900107,3,1,2
112900108,0,6,-6
112900109,243,1,242
112900110,2183,10,2173
112900111,1046,5,1041
112900112,562,1,561
112900113,0,2,-2
112900114,697,3,694
112900115,3152,3,3149
112900116,105,5,100
112900117,134,12,122
112900118,1,16,-15
112900119,504,6,498
112900120,306,162,144
112900121,22,27,-5
112900122,1,31,-30
112900123,667,41,626
112900124,2,12,-10
112900125,2,140,-138
112900126,37,53,-16
112900127,856,39,817
112900128,30,161,-131
112900129,0,236,-236
112900130,239,42,197
112900131,23,84,-61
112900132,56,450,-394
112900133,15,957,-942
112900134,0,110,-110
112900135,83,35,48
112900137,1,207,-206
112900138,1,64,-63
112900139,24,247,-223
112900141,905,8,897
112900142,86,523,-437
112900143,12,215,-203
112900144,2,287,-285
112900145,2,138,-136
112900146,2,146,-144
112900147,1,248,-247
112900148,28,1,27
112900149,218,204,14
112900151,10,29,-19
112900152,1982,177,1805
112900153,161,5088,-4927
112900154,0,35,-35
112900155,145,14,131
112900156,785,244,541
112900157,950,42,908
112900158,50,2,48
112900159,113,360,-247
112900160,8,74,-66
112900161,251,12,239
112900162,2,9,-7
112900163,10,55,-45
112900164,33,233,-200
112900165,18,16,2
112900166,7,59,-52
112900167,2,816,-814
112900168,13,0,13
112900169,2,6,-4
112900170,124,37,87
112900172,18,28,-10
112900173,98,60,38
112900174,474,24,450
112900175,173,170,3
112900176,8,57,-49
112900177,327,78,249
112900178,302,3977,-3675
112900179,5,233,-228
112900180,2099,644,1455
112900181,1308,3,1305
112900182,67,210,-143
112900183,49,88,-39
112900184,154,104,50
112900185,16,185,-169
112900186,570,507,63
112900187,17,283,-266
112900188,378,1165,-787
112900189,2,0,2
112900190,1,1,0
112900192,349,292,57
112900193,591,191,400
112900194,48,5,43
112900195,603,20,583
112900196,365,196,169
112900197,30,129,-99
112900199,1048,123,925
112900200,559,27,532
112900201,220,183,37
112900202,825,271,554
112900203,328,50,278
112900204,225,116,109
112900205,20,2,18
112900206,44,9,35
112900207,9,0,9
112900208,39,891,-852
112900209,90,101,-11
112900210,0,9,-9
112900211,46,2,44
112900212,0,52,-52
112900213,46,19,27
112900214,2,9,-7
112900215,4,13,-9
112900216,20,15,5
112900217,1,21,-20
112900218,114,3,111
112900219,223,5,218
112900220,1,0,1
112900221,37,34,3
112900222,0,388,-388
112900223,832,14,818
112900224,1273,99,1174
112900225,947,63,884
112900226,47,118,-71
112900227,692,63,629
112900228,141,30,111
112900229,651,22,629
112900230,4566,1724,2842
112900232,278,245,33
112900233,82,33,49
112900234,87,1,86
112900235,9,1,8
112900236,1330,10,1320
112900237,948,110,838
112900238,0,1,-1
112900239,231,972,-741
112900240,6,31,-25
112900241,5,25,-20
112900242,6,21,-15
112900243,9,28,-19
112900244,1,48,-47
112900245,0,15,-15
112900246,1,2,-1
112900247,51,114,-63
112900248,3,0,3
112900249,30,1,29
112900250,280,0,280
112900251,427,3,424
112900252,379,3,376
112900253,202,4,198
112900254,28,5,23
112900255,37,25,12
112900256,3,36,-33
112900257,5,32,-27
112900258,77,1,76
113000001,5310,3551,1759
113000002,6151,2605,3546
113000003,1706,1049,657
113000004,2656,1113,1543
113000005,2028,894,1134
113000006,1859,944,915
113000007,2460,850,1610
113000008,2202,1056,1146
113000009,1571,459,1112
113000010,2070,591,1479
113000011,1074,550,524
113000012,1157,602,555
113000013,516,353,163
113000014,767,1068,-301
113000015,75,93,-18
113000016,252,453,-201
113000017,21,284,-263
113000018,566,29,537
113000019,90,281,-191
113000020,179,45,134
113000021,2329,640,1689
113000022,1017,2329,-1312
113000025,83,202,-119
113000026,803,467,336
113000027,706,556,150
113000028,378,900,-522
113000029,463,451,12
113000030,146,409,-263
113000031,102,137,-35
113000032,125,108,17
113000033,88,94,-6
113000034,118,36,82
113000035,12,6,6
113000036,13,24,-11
113000037,40,17,23
113000038,0,39,-39
113000039,6,156,-150
113000040,40,23,17
113000042,912,363,549
113000051,2093,2434,-341
113000052,2381,261,2120
113000053,659,207,452
113000054,644,555,89
113000055,2385,252,2133
113000056,2521,677,1844
113000058,313,604,-291
113000059,937,164,773
113000060,401,501,-100
113000061,710,694,16
113000062,350,242,108
113000063,457,30,427
113000064,120,170,-50
113000065,231,261,-30
113000066,1290,80,1210
113000067,3806,263,3543
113000068,571,414,157
113000069,794,228,566
113000070,3619,278,3341
113000071,571,222,349
113000072,1569,212,1357
113000073,508,538,-30
113000074,944,454,490
113000075,1644,499,1145
113000076,379,1799,-1420
113000077,473,355,118
113000078,302,747,-445
113000079,343,430,-87
113000080,495,573,-78
113000081,787,1023,-236
113000082,643,324,319
113000083,679,713,-34
113000084,1154,623,531
113000085,974,655,319
113000086,514,1029,-515
113000087,1330,1255,75
113000088,912,966,-54
113000089,672,1037,-365
113000090,59,724,-665
113000091,106,228,-122
113000094,1629,140,1489
113000095,262,265,-3
113000096,102,322,-220
113000097,969,313,656
113000098,72,83,-11
113000099,1159,400,759
113000100,93,293,-200
113000101,114,293,-179
113000102,667,287,380
113000103,3227,199,3028
113000104,752,2537,-1785
113000105,1148,305,843
113000106,595,158,437
113000107,1423,611,812
113000108,1220,492,728
113000109,512,897,-385
113000110,5439,490,4949
113000111,429,289,140
113000112,1380,249,1131
113000113,1768,247,1521
113000114,148,492,-344
113000116,366,139,227
113000117,521,49,472
113000118,68,698,-630
113000119,227,270,-43
113000120,44,374,-330
113000121,426,548,-122
113000124,343,90,253
113000125,12,1171,-1159
113000127,823,67,756
113000128,1237,96,1141
113000129,215,564,-349
113000133,1545,192,1353
113000134,8,1890,-1882
113000135,3913,3597,316
113000137,589,1694,-1105
113000139,168,35,133
113000140,41,21,20
113000141,32,20,12
113000142,89,156,-67
113000143,286,85,201
113000144,142,127,15
113000145,113,111,2
113000146,72,8,64
113000147,239,47,192
113000148,297,27,270
113000149,188,125,63
113000150,326,147,179
113000151,36,27,9
113000152,54,176,-122
113000153,599,131,468
113000154,308,1705,-1397
113000155,291,672,-381
113000156,113,86,27
113000157,232,90,142
113000158,401,57,344
113000159,904,131,773
113000160,450,130,320
113000161,314,54,260
113000162,838,48,790
113000163,49,21,28
113000164,41,95,-54
113000166,371,19,352
113000167,97,37,60
113000168,226,44,182
113000169,322,24,298
113000170,80,36,44
113000171,27,47,-20
113000172,318,9,309
113000173,152,13,139
113000174,179,89,90
113000175,620,27,593
113000176,786,36,750
113000177,155,48,107
113000178,238,126,112
113000179,335,13,322
113000180,800,1526,-726
113000181,2032,914,1118
113000182,78,517,-439
113000183,145,570,-425
113000184,28,86,-58
113000189,185,269,-84
113000190,127,111,16
113000192,485,3086,-2601
113000193,1128,2385,-1257
113000194,939,3332,-2393
113000195,1075,1563,-488
113000196,624,51,573
113000197,1078,2693,-1615
113000198,178,404,-226
113000199,1851,283,1568
113000201,918,262,656
113000202,7800,1492,6308
113000203,130,536,-406
113000204,468,3344,-2876
113000205,13,22,-9
113000206,14,16,-2
113000207,76,9,67
113000208,43,40,3
113000209,11,23,-12
113000210,25,21,4
113000211,80,109,-29
113000212,8,8,0
113000213,35,109,-74
113000214,265,183,82
113000234,239,263,-24
113000410,20,153,-133
113000411,838,755,83
113000412,4881,724,4157
113000413,676,1064,-388
113000414,2866,11946,-9080
113000415,1427,803,624
113000416,1138,971,167
113000417,350,591,-241
113000418,4354,2464,1890
113000419,902,752,150
113000420,2130,3954,-1824
113000421,4035,4728,-693
113000422,5137,7060,-1923
113000423,677,2834,-2157
113000424,903,7790,-6887
113000425,19,107,-88
113000428,4,14,-10
113000430,1,40,-39
113000432,3734,178,3556
113000433,32,352,-320
113000434,18,111,-93
113000435,10,95,-85
113000436,11,420,-409
113000437,2027,37,1990
113000438,591,15,576
113000439,46,12,34
113000440,260,12,248
113000441,290,152,138
113000442,355,10,345
113000443,678,59,619
113000444,955,10,945
113000445,95,51,44
113000446,69,191,-122
113000448,321,500,-179
113000449,183,1319,-1136
113000450,606,4674,-4068
113000451,3485,730,2755
113000452,68,786,-718
113000453,19,650,-631
113000454,139,167,-28
113000455,7,894,-887
113000456,578,866,-288
113000468,468,63,405
113000469,45,108,-63
113000470,336,11,325
113000471,3,385,-382
113000472,79,164,-85
113000474,1714,628,1086
113000475,1230,543,687
113000476,3663,1879,1784
113000477,4458,1793,2665
113000478,2231,2241,-10
113000479,149,153,-4
113000485,0,0,0
113000486,0,0,0
113000487,0,0,0
113000488,0,0,0
113000489,0,0,0
113000490,0,0,0
113000491,0,0,0
113000492,0,0,0
113000493,0,0,0
113000495,325,85,240
113000496,94,137,-43
113000499,0,0,0
113900001,11,2369,-2358
113900002,7,97,-90
113900003,3,151,-148
113900004,3,221,-218
113900005,3,529,-526
113900006,1,247,-246
113900007,0,0,0
113900008,0,0,0
113900009,0,0,0
113900010,0,0,0
113900011,0,0,0
113900012,277,2,275
113900013,91,2,89
113900014,915,5,910
113900015,0,6,-6
113900016,18,0,18
113900017,0,14,-14
113900018,46,163,-117
113900019,384,5,379
113900020,351,1,350
113900022,108,3,105
113900023,115,0,115
113900024,8,8,0
113900025,201,24,177
113900026,74,0,74
113900027,28,16,12
113900028,5,161,-156
113900029,79,41,38
113900030,836,2,834
113900031,69,5,64
113900032,79,0,79
113900033,96,13,83
113900035,49,0,49
113900036,44,24,20
113900037,136,973,-837
113900038,18,196,-178
113900039,317,19,298
113900040,3,32,-29
113900041,32,0,32
113900042,78,9,69
113900043,121,12,109
113900044,94,114,-20
113900045,100,17,83
113900046,84,319,-235
113900047,247,22,225
113900048,100,58,42
113900049,113,515,-402
113900050,172,96,76
113900051,224,34,190
113900052,43,61,-18
113900053,165,864,-699
113900054,32,12,20
113900055,61,317,-256
113900056,75,15,60
113900057,8,18,-10
113900058,56,4,52
113900059,341,73,268
113900060,47,609,-562
113900061,246,50,196
113900062,104,10,94
113900063,148,7,141
113900064,4,27,-23
113900065,567,8,559
113900066,1107,70,1037
113900067,520,72,448
113900068,248,1033,-785
113900069,23,15,8
113900070,45,80,-35
113900071,219,10,209
113900072,14,25,-11
113900073,799,118,681
113900074,395,167,228
113900075,446,2462,-2016
113900076,80,4,76
113900077,17,32,-15
113900078,46,2,44
113900079,0,14,-14
113900080,490,80,410
113900081,135,25,110
113900082,201,167,34
113900083,708,54,654
113900084,169,35,134
113900085,7,115,-108
113900086,119,11,108
113900087,67,93,-26
113900088,74,155,-81
113900089,518,11,507
113900090,257,104,153
113900091,3,3,0
113900092,16,68,-52
113900093,28,1694,-1666
113900094,805,198,607
113900095,119,67,52
113900096,301,96,205
113900097,13,99,-86
113900098,985,196,789
113900099,0,12,-12
113900100,0,0,0
113900101,14,84,-70
113900102,47,88,-41
113900103,147,401,-254
113900104,144,131,13
113900105,476,21,455
113900106,0,22,-22
113900107,0,0,0
113900108,57,132,-75
113900109,119,253,-134
113900110,13,36,-23
113900111,248,42,206
113900112,383,72,311
113900113,1034,260,774
113900114,2,8,-6
113900115,0,22,-22
113900116,17,149,-132
113900117,14,11,3
113900118,65,1085,-1020
113900119,37,170,-133
113900120,105,13,92
113900121,183,16,167
113900122,90,4755,-4665
113900123,394,34,360
113900124,0,33,-33
113900125,431,80,351
113900126,30,53,-23
113900127,233,446,-213
113900128,267,26,241
113900129,3,54,-51
113900130,0,9,-9
113900131,168,10,158
113900132,31,56,-25
113900133,17,12,5
113900135,377,151,226
113900136,25,16,9
113900137,221,131,90
113900138,4,57,-53
113900139,311,437,-126
113900140,20,81,-61
113900141,941,98,843
113900142,81,14,67
113900143,7,78,-71
113900144,59,43,16
113900145,311,46,265
113900146,219,39,180
113900148,18,112,-94
113900149,128,243,-115
113900150,129,88,41
113900151,392,111,281
113900152,36,7,29
113900153,31,63,-32
113900154,0,69,-69
113900155,33,124,-91
113900156,197,138,59
113900157,35,314,-279
113900158,45,54,-9
113900159,2,198,-196
113900160,227,568,-341
113900161,189,204,-15
113900162,59,112,-53
113900163,241,41,200
113900164,466,4,462
113900165,270,183,87
113900166,13,19,-6
113900167,372,31,341
113900168,38,14,24
113900169,139,150,-11
113900171,240,25,215
113900172,14,28,-14
113900173,2,104,-102
113900174,227,187,40
113900175,207,129,78
113900176,160,90,70
113900177,81,52,29
113900178,161,194,-33
113900179,2,112,-110
113900180,52,32,20
113900181,1064,81,983
113900182,422,151,271
113900183,29,34,-5
113900184,15,112,-97
113900185,20,27,-7
113900186,11,9,2
113900187,14,39,-25
113900188,4,18,-14
113900189,252,147,105
113900190,109,43,66
113900191,6,51,-45
113900192,1,413,-412
113900193,1,46,-45
113900194,505,115,390
113900195,213,121,92
113900196,0,26,-26
113900197,1,21,-20
113900198,1,177,-176
113900199,18,116,-98
113900200,5,25,-20
113900201,0,41,-41
113900202,9,12,-3
113900203,0,28,-28
113900204,2,68,-66
113900205,0,7,-7
113900206,2,25,-23
113900207,0,18,-18
113900208,0,1,-1
113900209,0,4,-4
113900210,288,545,-257
113900211,117,8,109
113900212,299,128,171
113900214,133,82,51
113900215,206,99,107
113900216,162,161,1
113900217,196,55,141
113900218,55,59,-4
113900219,109,215,-106
113900220,61,140,-79
113900221,124,615,-491
113900222,26,588,-562
113900223,307,176,131
113900224,31,18,13
113900225,591,67,524
113900226,199,92,107
113900227,227,123,104
113900228,200,401,-201
113900229,10,936,-926
113900230,920,2298,-1378
113900231,80,10,70
113900232,82,6,76
113900233,111,14,97
113900234,283,502,-219
113900235,93,17,76
113900236,470,55,415
113900237,173,3,170
113900238,50,301,-251
113900239,28,57,-29
113900240,2,96,-94
113900241,19,28,-9
113900242,9,79,-70
113900243,3,63,-60
113900244,142,79,63
113900245,173,71,102
113900246,10,28,-18
113900247,28,367,-339
113900248,1222,1749,-527
113900249,160,677,-517
113900250,21,320,-299
113900251,1335,30,1305
113900252,1036,16,1020
113900253,636,26,610
113900254,432,121,311
113900255,1222,16,1206
113900256,519,7,512
113900257,13,229,-216
113900258,21,118,-97
113900259,769,74,695
113900260,280,3,277
113900261,52,43,9
113900262,240,116,124
113900263,7,102,-95
113900264,0,106,-106
113900265,104,1439,-1335
113900266,9,81,-72
113900267,33,238,-205
113900268,57,1021,-964
113900269,60,128,-68
113900270,162,192,-30
113900271,392,201,191
113900273,10,8,2
113900274,40,61,-21
113900275,1,43,-42
113900276,6,43,-37
113900277,331,1,330
113900278,155,33,122
113900279,57,16,41
113900280,472,235,237
113900281,26,442,-416
113900282,73,94,-21
113900283,462,328,134
113900284,1287,79,1208
113900285,94,21,73
113900286,8,14,-6
113900287,163,11,152
113900288,0,87,-87
113900289,189,180,9
113900290,370,762,-392
113900291,73,28,45
113900292,0,2,-2
113900293,0,70,-70
113900294,911,13,898
113900295,253,58,195
113900296,677,166,511
113900297,2133,26,2107
113900298,63,771,-708
113900299,200,23,177
113900300,3218,4393,-1175
113900301,136,905,-769
113900302,1577,847,730
113900303,109,1516,-1407
113900304,4,85,-81
113900305,241,1,240
113900306,96,0,96
113900307,15,0,15
113900308,5,28,-23
113900309,0,112,-112
113900310,0,0,0
113900311,13,1,12
113900312,29,93,-64
113900313,0,0,0
113900314,0,1,-1
113900315,439,1,438
114000001,824,648,176
114000002,414,133,281
114000003,569,353,216
114000004,975,162,813
114000005,786,82,704
114000006,1291,524,767
114000007,996,405,591
114000008,2100,1073,1027
114000009,1747,186,1561
114000011,3021,1127,1894
114000012,5297,1145,4152
114000013,2949,1342,1607
114000014,1152,163,989
114000015,3018,117,2901
114000016,717,47,670
114000017,125,1209,-1084
114000018,96,21,75
114000026,4488,711,3777
114000027,6174,2357,3817
114000028,1866,3489,-1623
114000038,451,78,373
114000039,167,36,131
114000040,134,412,-278
114000042,219,130,89
114000043,213,195,18
114000044,650,22,628
114000045,37,6,31
114000046,1441,2982,-1541
114000047,7,119,-112
114000048,177,115,62
114000049,2481,823,1658
114000050,2105,646,1459
114000051,3478,1479,1999
114000052,3419,3070,349
114000053,16,634,-618
114000054,342,624,-282
114000055,478,61,417
114000056,109,457,-348
114000057,2542,1099,1443
114000058,68,881,-813
114000059,38,1307,-1269
114000060,694,671,23
114000061,1770,2235,-465
114000062,205,635,-430
114000063,866,620,246
114000064,1237,4122,-2885
114000065,1119,1035,84
114000066,847,637,210
114000067,18,1695,-1677
114000068,295,736,-441
114000069,1146,253,893
114000070,1729,858,871
114000071,1048,291,757
114000072,1722,264,1458
114000073,30,11,19
114000074,146,12,134
114000075,101,13,88
114000076,49,33,16
114000077,8,2,6
114000078,803,536,267
114000079,533,131,402
114000080,118,76,42
114000081,159,72,87
114000082,302,150,152
114000083,91,11,80
114000084,260,62,198
114000085,99,154,-55
114000086,229,418,-189
114000087,388,51,337
114000088,29,33,-4
114000089,389,171,218
114000090,787,759,28
114000091,804,650,154
114000092,641,281,360
114000093,1779,280,1499
114000094,711,310,401
114000095,294,235,59
114000096,37,110,-73
114000097,84,150,-66
114000098,996,130,866
114000099,1480,103,1377
114000100,2374,308,2066
114000101,599,221,378
114000102,1360,234,1126
114000103,251,68,183
114000104,2,226,-224
114000105,434,150,284
114000106,535,3214,-2679
114000107,665,220,445
114000108,1003,400,603
114000109,997,6331,-5334
114000110,1086,352,734
114000111,3440,2270,1170
114000112,462,675,-213
114000113,3732,237,3495
114000114,477,455,22
114000115,4630,384,4246
114000116,1118,6579,-5461
114000117,6717,500,6217
114000118,5801,233,5568
114000119,4915,289,4626
114000120,1336,477,859
114000121,545,307,238
114000122,515,325,190
114000123,3344,226,3118
114000124,2524,221,2303
114000125,1285,1045,240
114000126,2773,283,2490
114000127,318,83,235
114000128,1497,137,1360
114000130,697,377,320
114000131,575,36,539
114000132,996,137,859
114000133,765,510,255
114000134,124,8,116
114000138,60,32,28
114000139,497,348,149
114000144,691,664,27
114000145,104,18,86
114000146,175,23,152
114000147,860,2695,-1835
114000148,649,1914,-1265
114000149,366,212,154
114000150,482,779,-297
114000151,513,4288,-3775
114000152,68,46,22
114000153,765,1575,-810
114000154,891,452,439
114000155,825,4039,-3214
114000156,777,513,264
114000157,448,1410,-962
114000158,613,329,284
114000159,410,204,206
114000160,85,241,-156
114000161,853,1059,-206
114000162,1143,1441,-298
114000163,25,19,6
114000165,387,333,54
114000166,377,178,199
114000167,1788,1866,-78
114000168,301,141,160
114000169,1047,739,308
114000170,1207,662,545
114000171,1703,16260,-14557
114000174,123,356,-233
114000176,163,297,-134
114000177,413,201,212
114000178,162,121,41
114000179,859,983,-124
114000180,107,139,-32
114000181,1049,7484,-6435
114000182,616,1906,-1290
114000183,641,730,-89
114000184,1551,332,1219
114000185,1441,543,898
114000189,2453,99,2354
114000190,4844,420,4424
114000191,295,821,-526
114000192,67,222,-155
114000193,144,467,-323
114000194,3022,604,2418
114000195,605,534,71
114000196,2,96,-94
114000197,3078,32,3046
114000198,798,210,588
114000199,1285,1177,108
114000200,816,588,228
114000201,381,573,-192
114000202,1138,478,660
114000203,1338,359,979
114000204,303,374,-71
114000205,589,2676,-2087
114000206,1130,758,372
114000207,498,421,77
114000208,825,445,380
114000209,341,716,-375
114000210,185,515,-330
114000211,2148,956,1192
114000212,1030,1925,-895
114000213,2594,359,2235
114000214,315,30,285
114000215,167,54,113
114000216,2858,389,2469
114000217,533,183,350
114000218,604,265,339
114000219,2594,67,2527
114000220,32,297,-265
114000221,1976,109,1867
114000222,114,353,-239
114000223,1219,130,1089
114000224,36,346,-310
114000225,740,203,537
114000226,385,129,256
114000227,1293,572,721
114000228,1203,255,948
114000229,2343,660,1683
114000230,1904,441,1463
114000231,1093,1339,-246
114000232,1587,193,1394
114000233,4095,67,4028
114000234,1687,443,1244
114000235,2315,865,1450
114000236,0,90,-90
114000237,124,266,-142
114000238,153,447,-294
114000239,199,453,-254
114000240,1117,3690,-2573
114000241,376,513,-137
114000242,920,831,89
114000243,3351,1221,2130
114000244,654,275,379
114000245,501,2045,-1544
114000246,167,250,-83
114000247,691,399,292
114000248,2735,432,2303
114000249,768,353,415
114000250,1086,155,931
114000251,363,99,264
114000252,105,12,93
114000253,142,33,109
114000254,106,8,98
114000255,449,147,302
114000256,324,602,-278
114000257,1384,814,570
114000258,1024,194,830
114000259,337,281,56
114000260,1,36,-35
114000261,66,8,58
114000262,581,318,263
114000263,16,0,16
114000264,2251,188,2063
114000265,0,1,-1
114000267,5,3889,-3884
114000268,1,446,-445
114000270,564,20,544
114000271,299,74,225
114000283,2983,213,2770
114000285,13,89,-76
114000288,247,285,-38
114000289,3421,111,3310
114000293,420,504,-84
114000294,332,370,-38
114000395,3244,41,3203
114000396,605,424,181
114000402,1302,144,1158
114000403,552,102,450
114000405,527,111,416
114000423,1029,114,915
114000424,576,143,433
114000425,1948,53,1895
114000426,371,999,-628
114000427,104,38,66
114000428,38,108,-70
114000429,19,73,-54
114000432,202,16,186
114000434,31,39,-8
114000435,0,2,-2
114900001,1073,161,912
114900002,339,515,-176
114900003,1128,179,949
114900004,184,762,-578
114900005,482,68,414
114900006,112,170,-58
114900007,151,1,150
114900008,386,93,293
114900010,748,2260,-1512
114900011,559,76,483
114900013,393,47,346
114900020,139,69,70
114900025,736,63,673
114900026,159,71,88
114900029,278,17,261
114900030,323,102,221
114900031,1291,21,1270
114900032,949,10,939
114900034,33,15,18
114900035,105,167,-62
114900036,221,181,40
114900039,1142,90,1052
114900040,171,3,168
114900041,2088,99,1989
114900042,2480,94,2386
114900044,266,96,170
114900047,105,5989,-5884
114900048,52,65,-13
114900049,18,47,-29
114900050,61,75,-14
114900051,16,298,-282
114900052,4,798,-794
114900053,48,260,-212
114900054,11,23,-12
114900057,274,8,266
114900058,0,21,-21
114900059,169,82,87
114900063,158,8,150
114900064,3087,77,3010
114900065,397,821,-424
114900067,47,179,-132
114900068,25,41,-16
114900069,217,15,202
114900070,827,59,768
114900072,1,62,-61
114900073,0,12,-12
114900074,2013,37,1976
114900075,379,7,372
114900076,1,64,-63
114900080,412,34,378
114900082,922,2717,-1795
114900083,103,469,-366
114900090,823,63,760
114900091,75,80,-5
114900097,479,0,479
114900098,11,84,-73
114900099,407,6,401
115000001,3933,1349,2584
115000002,4196,6568,-2372
115000003,3681,1089,2592
115000004,5180,5597,-417
115000005,1629,1701,-72
115000006,1630,1073,557
115000007,378,231,147
115000008,438,439,-1
115000009,535,226,309
115000010,260,236,24
115000013,62,186,-124
115000015,46,377,-331
115000016,22,145,-123
115000019,37,549,-512
115000020,74,1000,-926
115000021,105,376,-271
115000022,188,120,68
115000023,327,510,-183
115000024,184,122,62
115000025,897,443,454
115000026,170,105,65
115000027,425,203,222
115000028,156,144,12
115000029,1127,45,1082
115000030,412,281,131
115000031,584,67,517
115000032,8,260,-252
115000033,171,3,168
115000034,44,1244,-1200
115000035,814,162,652
115000036,1,196,-195
115000037,914,139,775
115000038,91,77,14
115000039,2434,4690,-2256
115000040,3068,2974,94
115000041,1651,5882,-4231
115000042,585,528,57
115000043,3511,2746,765
115000044,2303,2624,-321
115000045,3402,602,2800
115000046,3957,2004,1953
115000047,3607,1080,2527
115000048,3862,1677,2185
115000049,1634,2811,-1177
115000050,3422,911,2511
115000051,1811,6009,-4198
115000052,1427,934,493
115000053,2890,3273,-383
115000054,686,561,125
115000055,149,968,-819
115000056,195,386,-191
115000057,579,1242,-663
115000058,81,604,-523
115000059,123,286,-163
115000061,239,221,18
115000062,301,406,-105
115000063,806,226,580
115000064,312,62,250
115000065,130,555,-425
115000067,425,12,413
115000069,117,292,-175
115000070,32,1052,-1020
115000071,101,21,80
115000072,8,28,-20
115000073,1519,86,1433
115000075,136,33,103
115000076,2043,1043,1000
115000077,2752,900,1852
115000078,2738,520,2218
115000079,2420,995,1425
115000080,5826,774,5052
115000081,255,279,-24
115000082,6401,4409,1992
115000083,3368,510,2858
115000084,4058,428,3630
115000085,1988,357,1631
115000086,1770,283,1487
115000087,682,1777,-1095
115000088,1385,458,927
115000089,1538,752,786
115000090,485,819,-334
115000091,318,252,66
115000092,1189,1425,-236
115000093,1369,1,1368
115000094,3906,10378,-6472
115000095,2756,9690,-6934
115000096,1617,543,1074
115000097,3043,2176,867
115000098,2772,283,2489
115000099,3551,752,2799
115000100,2391,317,2074
115000101,764,478,286
115000102,810,192,618
115000103,295,245,50
115000105,91,56,35
115000106,1278,601,677
115000107,203,143,60
115000108,1571,1173,398
115000109,2710,6338,-3628
115000110,1006,2845,-1839
115000111,208,409,-201
115000112,423,430,-7
115000113,259,302,-43
115000114,519,215,304
115000116,1524,1466,58
115000117,1259,2082,-823
115000118,1699,1852,-153
115000119,1326,2750,-1424
115000120,574,690,-116
115000121,361,610,-249
115000122,296,1076,-780
115000123,629,979,-350
115000124,759,806,-47
115000125,359,744,-385
115000126,81,323,-242
115000127,343,73,270
115000128,409,798,-389
115000129,93,1059,-966
115000130,336,338,-2
115000131,1280,312,968
115000132,668,792,-124
115000133,1640,672,968
115000134,556,548,8
115000135,245,375,-130
115000136,212,141,71
115000137,109,202,-93
115000138,567,217,350
115000139,244,101,143
115000140,575,91,484
115000141,312,58,254
115000142,324,58,266
115000143,1043,373,670
115000144,668,42,626
115000145,317,72,245
115000146,529,344,185
115000147,348,768,-420
115000148,305,483,-178
115000149,962,230,732
115000150,742,275,467
115000151,1681,175,1506
115000152,1097,387,710
115000153,2215,224,1991
115000154,1339,130,1209
115000155,964,596,368
115000156,726,294,432
115000157,280,456,-176
115000158,138,234,-96
115000159,425,198,227
115000160,259,195,64
115000161,139,498,-359
115000162,370,1201,-831
115000163,417,310,107
115000164,241,304,-63
115000165,142,422,-280
115000167,78,83,-5
115000168,530,410,120
115000169,171,602,-431
115000170,94,198,-104
115000171,285,260,25
115000172,559,608,-49
115000173,234,1336,-1102
115000174,87,435,-348
115000175,164,156,8
115000176,33,117,-84
115000177,15,188,-173
115000178,20,152,-132
115000179,19,142,-123
115000180,90,196,-106
115000181,1151,107,1044
115000182,1671,104,1567
115000183,547,265,282
115000186,595,66,529
115000187,169,146,23
115000188,375,221,154
115000189,390,422,-32
115000190,535,559,-24
115000191,154,644,-490
115000194,217,58,159
115000195,83,146,-63
115000196,518,255,263
115000197,397,267,130
115000198,794,110,684
115000199,946,59,887
115000200,613,67,546
115000201,418,257,161
115000206,655,22,633
115000207,931,144,787
115000208,270,593,-323
115000209,876,653,223
115000210,242,137,105
115000211,254,135,119
115000212,892,277,615
115000224,148,11,137
115000225,145,48,97
115000229,117,30,87
115000230,174,184,-10
115000231,366,400,-34
115000232,4332,360,3972
115000233,157,120,37
115000234,55,130,-75
115000241,105,41,64
115000242,254,33,221
115000243,396,42,354
115000244,8,109,-101
115000246,47,19,28
115000247,52,25,27
115000248,50,11,39
115000249,8,43,-35
115000250,353,7,346
115000251,623,30,593
115000252,185,208,-23
115000253,4,695,-691
115000258,691,38,653
115000259,176,15,161
115000261,53,29,24
115000262,14,27,-13
115000263,38,45,-7
115000264,3,31,-28
115000267,75,24,51
115000268,42,41,1
115000269,110,18,92
115000270,15,12,3
115000272,125,52,73
115000273,813,10,803
115000280,726,227,499
115000281,97,952,-855
115000282,412,1268,-856
115000284,95,270,-175
115000296,459,6,453
115000297,40,205,-165
115000298,52,570,-518
115000300,267,84,183
115000302,919,96,823
115000303,1432,53,1379
115000304,1311,58,1253
115000305,158,232,-74
115000306,460,146,314
115000307,338,310,28
115000308,47,30,17
115000310,3156,186,2970
115000311,1919,521,1398
115000313,202,167,35
115000314,586,246,340
115000315,377,1103,-726
115000316,151,115,36
115000317,301,216,85
115000318,1327,357,970
115000319,224,65,159
115000320,11,665,-654
115000321,302,6,296
115000322,95,71,24
115000449,71,179,-108
115000557,1,3058,-3057
115000558,90,127,-37
115000587,1066,177,889
115000588,1749,1886,-137
115000589,5354,2280,3074
115000590,807,1788,-981
115000591,2032,784,1248
115000592,594,1263,-669
115000593,1979,647,1332
115000594,237,2164,-1927
115000609,290,434,-144
115000617,560,3101,-2541
115000624,366,9,357
115000633,387,1201,-814
115000634,3092,671,2421
115000635,660,119,541
115000638,142,179,-37
115000641,32,392,-360
115000642,470,77,393
115000643,189,207,-18
115000644,146,177,-31
115000646,420,1368,-948
115000647,167,352,-185
115000648,4598,393,4205
115000893,1444,650,794
115000894,166,569,-403
115000895,262,829,-567
115000896,1073,286,787
115000897,397,97,300
115000898,265,231,34
115000899,120,1116,-996
115000900,19,309,-290
115000901,61,154,-93
115000912,502,154,348
115000913,1,17,-16
115000915,39,0,39
115000916,0,0,0
115000917,0,39,-39
115000918,47,838,-791
115000919,7,86,-79
115000920,5,134,-129
115000921,189,145,44
115000922,206,522,-316
115000923,51,1426,-1375
115000925,269,164,105
115000927,27,111,-84
115000933,76,311,-235
115000934,90,185,-95
115000935,131,94,37
115000936,51,1409,-1358
115000937,805,346,459
115000938,24,143,-119
115000939,5,120,-115
115000940,1,17,-16
115000941,2,33,-31
115000942,1,123,-122
115000943,14,222,-208
115000944,0,0,0
115900001,455,14,441
115900002,61,22,39
115900003,271,50,221
115900004,0,4,-4
115900005,418,16,402
115900006,166,93,73
115900008,228,0,228
115900009,71,82,-11
115900010,952,64,888
115900011,434,33,401
115900012,471,2,469
115900013,515,63,452
115900014,172,22,150
115900015,460,11,449
115900016,148,28,120
115900017,201,26,175
115900018,141,55,86
115900019,22,4,18
115900020,418,0,418
115900021,273,357,-84
115900022,592,5,587
115900023,8,7,1
115900025,11,115,-104
115900026,681,12,669
115900027,0,78,-78
115900028,125,19,106
115900029,2,78,-76
115900030,44,41,3
115900031,101,246,-145
115900032,375,596,-221
115900033,1,31,-30
115900034,3,94,-91
115900035,116,10,106
115900036,25,4229,-4204
115900037,7,106,-99
115900038,65,4,61
115900039,472,38,434
115900041,93,1410,-1317
115900042,124,10,114
115900043,188,57,131
115900044,92,888,-796
115900046,1081,70,1011
115900047,41,186,-145
115900049,355,200,155
115900051,1,22,-21
115900052,15,42,-27
115900053,651,63,588
115900054,545,6,539
115900055,39,27,12
115900056,353,38,315
115900057,8,16,-8
115900058,1,9,-8
115900060,90,19,71
115900061,634,2,632
115900062,72,39,33
115900063,39,1,38
115900064,156,248,-92
115900065,323,31,292
115900066,34,25,9
115900067,12,56,-44
115900068,1001,2250,-1249
115900069,30,128,-98
115900070,443,7,436
115900071,0,99,-99
115900072,21,43,-22
115900073,279,156,123
115900074,1,49,-48
115900075,116,105,11
115900076,3,16,-13
115900077,0,34,-34
115900078,77,806,-729
115900079,585,35,550
115900080,107,30,77
115900081,22,8,14
115900082,111,497,-386
115900084,1089,2,1087
115900085,49,61,-12
115900086,856,204,652
115900088,7,117,-110
115900089,917,174,743
115900090,1275,5,1270
115900091,0,21,-21
115900092,78,31,47
115900093,1,3,-2
115900094,0,62,-62
115900096,17,3,14
115900097,4,54,-50
115900098,649,117,532
115900099,130,158,-28
115900100,15,119,-104
115900101,460,61,399
115900102,154,53,101
115900103,329,41,288
115900104,113,87,26
115900105,393,74,319
115900106,257,2,255
115900107,85,39,46
115900108,212,6,206
115900109,17,148,-131
115900110,50,0,50
115900111,0,14,-14
115900112,64,245,-181
115900113,58,7,51
115900114,2,18,-16
115900115,67,42,25
115900116,84,264,-180
115900117,219,2,217
115900118,6,36,-30
115900119,277,58,219
115900120,40,84,-44
115900121,416,36,380
115900124,191,908,-717
115900125,523,229,294
115900126,1067,16,1051
115900127,1447,30,1417
115900128,1,319,-318
115900129,732,10,722
115900130,3,388,-385
115900131,799,99,700
115900132,872,3,869
115900134,686,3,683
115900135,407,323,84
115900137,53,3,50
115900139,4,118,-114
115900140,866,32,834
115900141,0,71,-71
115900142,5,29,-24
115900143,296,55,241
115900144,343,55,288
115900146,37,23,14
115900147,177,440,-263
115900148,15,28,-13
115900149,397,14,383
115900150,305,5,300
115900151,141,32,109
115900152,230,53,177
115900153,178,80,98
115900154,108,219,-111
115900155,0,11,-11
115900156,669,506,163
115900157,478,482,-4
115900158,24,1,23
115900159,489,85,404
115900160,0,10,-10
115900161,30,23,7
115900163,440,31,409
115900164,1476,24,1452
115900166,110,42,68
115900168,574,70,504
115900171,99,123,-24
115900172,40,103,-63
115900173,449,123,326
115900174,65,132,-67
115900175,343,44,299
115900178,33,76,-43
115900179,857,2,855
115900180,34,25,9
115900181,437,30,407
115900182,970,36,934
115900183,11,239,-228
115900184,320,0,320
115900187,11,182,-171
115900189,1,98,-97
115900190,133,739,-606
115900191,16,57,-41
115900192,23,125,-102
115900193,121,323,-202
115900194,1378,40,1338
115900195,337,3890,-3553
115900198,452,361,91
115900199,370,37,333
115900200,284,41,243
115900201,241,260,-19
115900202,2,435,-433
115900203,0,1,-1
115900204,0,16,-16
115900205,8,3,5
115900206,630,45,585
115900207,150,15,135
115900208,168,85,83
115900209,14,90,-76
115900210,0,526,-526
115900211,0,89,-89
115900212,239,39,200
115900213,144,320,-176
115900214,1341,44,1297
115900215,35,201,-166
115900216,1,15,-14
115900217,1,24,-23
115900218,9,4,5
115900219,281,3,278
115900220,486,4,482
115900221,232,1,231
115900222,58,56,2
115900223,7,533,-526
115900224,498,2884,-2386
115900225,36,29,7
115900226,28,39,-11
115900227,0,13,-13
115900228,2,21,-19
115900229,2,16,-14
115900230,55,33,22
115900231,251,5,246
115900232,117,0,117
115900233,242,2,240
115900234,75,19,56
115900235,26,27,-1
115900236,16,260,-244
115900237,18,45,-27
115900238,23,27,-4
115900239,5,20,-15
115900240,9,60,-51
115900241,331,23,308
115900242,342,535,-193
115900243,3,0,3
115900244,40,5,35
115900245,163,0,163
115900246,3,1,2
115900247,0,0,0
115900248,1,1,0
115900249,21,0,21
115900250,51,0,51
115900251,2,0,2
115900252,1,0,1
115900253,49,8,41
115900254,12,50,-38
115900255,0,14,-14
115900256,7,270,-263
115900257,1,2,-1
115900258,0,1,-1
115900259,33,1,32
115900260,9,0,9
115900261,23,0,23
115900262,0,1,-1
115900263,16,0,16
115900264,13,0,13
115900265,1,3,-2
115900266,5,2,3
115900267,4,19,-15
115900268,1,111,-110
115900269,1522,131,1391
115900270,439,80,359
115900271,416,0,416
115900272,66,15,51
115900273,24,37,-13
115900274,0,0,0
115900275,0,1,-1
115900276,0,2,-2
115900277,2,45,-43
115900278,103,34,69
115900279,21,237,-216
115900280,8,1052,-1044
115900281,166,501,-335
115900282,6,77,-71
115900283,77,1,76
115900284,81,3,78
116000001,4235,1213,3022
116000002,5612,18438,-12826
116000003,969,697,272
116000004,5987,7164,-1177
116000005,959,2400,-1441
116000006,3136,5828,-2692
116000007,1159,1416,-257
116000008,6447,2702,3745
116000009,809,686,123
116000010,4116,1876,2240
116000011,852,506,346
116000012,2921,1165,1756
116000013,2992,2241,751
116000014,10102,27684,-17582
116000015,95,2015,-1920
116000016,3444,6393,-2949
116000017,57,410,-353
116000018,432,239,193
116000019,1673,153,1520
116000020,444,661,-217
116000021,1382,148,1234
116000022,776,301,475
116000023,2583,1339,1244
116000024,665,456,209
116000025,1047,608,439
116000026,1291,2960,-1669
116000027,437,616,-179
116000028,396,941,-545
116000029,335,235,100
116000030,671,552,119
116000031,21,71,-50
116000032,311,36,275
116000033,1004,241,763
116000034,550,792,-242
116000035,485,210,275
116000036,224,1557,-1333
116000037,142,344,-202
116000038,48,791,-743
116000039,180,827,-647
116000040,378,932,-554
116000041,142,598,-456
116000042,1243,845,398
116000043,131,322,-191
116000044,16,115,-99
116000045,920,1222,-302
116000046,693,952,-259
116000047,1795,2637,-842
116000048,2981,1164,1817
116000049,1787,1858,-71
116000050,1225,971,254
116000051,2605,2267,338
116000052,2877,1867,1010
116000053,2515,442,2073
116000054,1035,1768,-733
116000055,1025,931,94
116000056,2012,997,1015
116000057,1977,832,1145
116000058,3559,2487,1072
116000059,2214,4314,-2100
116000060,2308,1322,986
116000061,520,1496,-976
116000062,599,302,297
116000063,619,2046,-1427
116000066,568,619,-51
116000067,332,203,129
116000068,235,209,26
116000069,285,132,153
116000078,829,723,106
116000080,1603,304,1299
116000082,9,17,-8
116000083,2706,206,2500
116000084,1389,1156,233
116000085,1936,2417,-481
116000086,794,340,454
116000087,3946,1483,2463
116000088,2158,510,1648
116000089,247,130,117
116000090,352,110,242
116000091,230,1298,-1068
116000093,842,123,719
116000094,1755,454,1301
116000095,885,192,693
116000096,2763,4433,-1670
116000097,1060,310,750
116000098,83,16902,-16819
116000099,6076,774,5302
116000100,373,20,353
116000101,2184,252,1932
116000102,541,331,210
116000103,699,359,340
116000104,294,890,-596
116000105,2644,125,2519
116000106,743,2799,-2056
116000107,4341,679,3662
116000108,20,2318,-2298
116000111,305,34,271
116000113,134,12,122
116000114,26,62,-36
116000115,453,65,388
116000116,418,65,353
116000117,1666,869,797
116000118,1904,510,1394
116000119,4641,1061,3580
116000120,2717,1401,1316
116000121,1378,281,1097
116000122,830,348,482
116000123,1892,338,1554
116000124,742,190,552
116000125,2566,206,2360
116000126,542,291,251
116000127,817,362,455
116000128,3823,408,3415
116000129,1618,66,1552
116000130,1088,407,681
116000133,3009,410,2599
116000134,1829,636,1193
116000135,4255,862,3393
116000136,1009,713,296
116000137,1384,563,821
116000138,743,324,419
116000139,2795,3441,-646
116000140,304,453,-149
116000141,1310,435,875
116000142,3731,1666,2065
116000143,2976,1375,1601
116000144,2784,1478,1306
116000145,3969,687,3282
116000146,1460,115,1345
116000147,460,319,141
116000148,1406,1210,196
116000149,663,450,213
116000151,876,661,215
116000153,86,580,-494
116000155,108,454,-346
116000156,1362,311,1051
116000157,164,4,160
116000158,852,131,721
116000159,43,6,37
116000160,98,26,72
116000161,7,60,-53
116000162,28,428,-400
116000163,171,6,165
116000164,27,23,4
116000177,135,2036,-1901
116000194,53,247,-194
116000195,2905,671,2234
116000196,89,5,84
116000197,87,59,28
116000198,2037,934,1103
116000200,545,1311,-766
116000201,696,324,372
116000202,37,214,-177
116000203,1,62,-61
116000204,6,4,2
116000205,1,52,-51
116000206,0,328,-328
116000207,18,327,-309
116000233,113,211,-98
116000287,485,60,425
116000288,762,242,520
116000292,173,91,82
116000296,31,83,-52
116000297,206,4,202
116000304,430,14,416
116000305,11,27,-16
116000346,570,106,464
116000352,169,68,101
116000354,47,53,-6
116000357,11,3,8
116000358,776,235,541
116000361,89,0,89
116000372,3273,9553,-6280
116000381,325,1,324
116000388,19,19,0
116000389,1146,99,1047
116000445,2153,192,1961
116000446,1214,120,1094
116000447,64,573,-509
116000448,502,33,469
116000563,574,656,-82
116000565,231,244,-13
116000568,81,535,-454
116000579,74,218,-144
116000584,75,6,69
116000585,106,52,54
116000586,34,94,-60
116000587,339,78,261
116000589,87,37,50
116000590,280,66,214
116000591,549,88,461
116000592,2,10,-8
116000593,0,34,-34
116000594,2001,97,1904
116000595,1369,36,1333
116000596,473,3,470
116000597,902,311,591
116000598,172,174,-2
116000605,154,65,89
116000606,99,374,-275
116000607,0,31,-31
116000609,58,2077,-2019
116000611,367,91,276
116000612,2800,2149,651
116000613,938,357,581
116000614,688,155,533
116000615,1,355,-354
116000616,111,28,83
116000617,424,4,420
116000618,2,15,-13
116000619,28,130,-102
116000620,715,205,510
116000621,148,66,82
116000622,231,56,175
116000624,145,280,-135
116000627,539,37,502
116000628,267,113,154
116000629,119,72,47
116000630,1160,7,1153
116000631,875,39,836
116000632,2287,16,2271
116000633,1247,82,1165
116000634,1142,55,1087
116000635,1951,2349,-398
116000636,558,1409,-851
116000637,1527,18,1509
116000638,383,200,183
116000639,139,5,134
116000640,14,71,-57
116000641,30,46,-16
116000643,0,60,-60
116000644,139,72,67
116000645,97,6,91
116900001,181,64,117
116900002,301,0,301
116900003,138,5,133
116900004,98,164,-66
116900005,542,11,531
116900006,89,147,-58
116900007,132,118,14
116900008,1236,95,1141
116900009,25,28,-3
116900010,0,235,-235
116900011,0,5,-5
116900012,139,264,-125
116900013,6,20,-14
116900014,349,52,297
116900015,1199,30,1169
116900016,435,1,434
116900017,1,226,-225
116900019,0,63,-63
116900020,300,3198,-2898
116900023,31,27,4
116900024,1374,20,1354
116900025,2134,267,1867
116900026,6,325,-319
116900027,118,95,23
116900028,1,24,-23
116900029,3,300,-297
116900031,2,3,-1
116900032,14,39,-25
116900033,115,46,69
116900034,0,31,-31
116900035,275,100,175
116900036,6,68,-62
116900038,5,2,3
116900041,72,16,56
116900042,217,153,64
116900043,20,26,-6
116900047,49,479,-430
116900049,51,111,-60
116900050,34,154,-120
116900051,654,27,627
116900052,226,124,102
116900055,0,15,-15
116900057,49,69,-20
116900058,15,213,-198
116900059,4,44,-40
116900060,167,254,-87
116900062,2,132,-130
116900064,111,125,-14
116900065,3,90,-87
116900067,140,17,123
116900068,207,82,125
116900070,32,1,31
116900072,54,53,1
116900073,1,35,-34
116900074,10,12,-2
116900076,24,128,-104
116900077,2,39,-37
116900078,106,25,81
116900079,88,71,17
116900080,0,3,-3
116900081,141,272,-131
116900082,134,1243,-1109
116900083,3,7,-4
116900084,91,29,62
116900085,3,37,-34
116900086,21,133,-112
116900088,158,7,151
116900090,12,12,0
116900091,919,3,916
116900092,116,135,-19
116900093,2067,1392,675
116900094,3783,7977,-4194
116900095,482,178,304
116900096,127,572,-445
116900097,1472,5882,-4410
116900098,537,196,341
116900099,161,443,-282
116900100,2135,127,2008
116900101,195,504,-309
116900103,4,0,4
116900104,7,210,-203
116900105,699,295,404
116900106,5554,53,5501
116900107,834,4308,-3474
116900110,19,0,19
116900111,1222,136,1086
116900112,449,198,251
116900113,506,2307,-1801
116900116,19,508,-489
116900117,367,346,21
116900118,625,1299,-674
116900120,638,46,592
116900121,570,43,527
116900122,2133,448,1685
116900123,986,314,672
116900124,138,159,-21
116900125,863,82,781
116900126,148,1137,-989
116900128,3,39,-36
116900129,0,209,-209
116900130,718,7067,-6349
116900131,53,251,-198
116900132,104,100,4
116900133,342,105,237
116900134,307,184,123
116900136,280,343,-63
116900137,267,103,164
116900138,112,51,61
116900139,44,104,-60
116900140,150,36,114
116900141,414,47,367
116900142,6,30,-24
116900143,641,55,586
116900144,116,7,109
116900145,98,63,35
116900147,157,1113,-956
116900148,1,11,-10
116900149,50,233,-183
116900150,6,2,4
116900151,29,20,9
116900153,195,133,62
116900154,212,757,-545
116900155,103,78,25
116900157,1487,55,1432
116900158,128,391,-263
116900159,93,452,-359
116900160,1171,567,604
116900161,2657,13185,-10528
116900163,656,20,636
116900164,136,28,108
116900165,831,308,523
116900166,92,103,-11
116900167,931,17,914
116900168,976,20,956
116900169,168,935,-767
116900170,718,282,436
116900171,157,102,55
116900172,74,826,-752
116900173,783,5,778
116900174,41,263,-222
116900175,512,415,97
116900178,71,50,21
116900179,32,621,-589
116900180,239,0,239
116900182,964,199,765
116900183,390,118,272
116900185,37,11,26
116900186,130,21,109
116900187,77,52,25
116900188,250,1,249
116900189,24,1,23
116900191,152,143,9
116900192,651,128,523
116900194,351,1913,-1562
116900195,20,5,15
116900196,147,33,114
116900197,187,9,178
116900198,42,902,-860
116900200,217,6,211
116900201,617,33,584
116900202,107,35,72
116900203,272,6,266
116900204,38,510,-472
116900206,49,2,47
116900207,23,91,-68
116900208,30,45,-15
116900209,53,28,25
116900210,394,181,213
116900211,272,2,270
116900212,184,3,181
116900213,200,26,174
116900214,541,190,351
116900215,42,16,26
116900216,272,127,145
116900218,0,110,-110
116900219,581,88,493
116900220,101,151,-50
116900221,268,285,-17
116900222,416,198,218
116900223,62,52,10
116900226,298,10,288
116900227,432,29,403
116900228,709,91,618
116900230,240,157,83
116900231,63,575,-512
116900232,1613,75,1538
116900233,2113,601,1512
116900234,53,7,46
116900235,652,168,484
116900238,251,98,153
116900239,0,1318,-1318
116900240,3440,5292,-1852
116900241,66,34,32
116900242,792,1588,-796
116900243,0,24,-24
116900245,87,95,-8
116900246,99,10,89
116900247,1449,42,1407
116900248,99,12,87
116900249,1059,53,1006
116900250,1024,71,953
116900251,403,2122,-1719
116900252,522,570,-48
116900254,145,918,-773
116900255,236,239,-3
116900256,893,241,652
116900257,67,452,-385
116900258,1,18,-17
116900259,408,36,372
116900260,0,14,-14
116900261,137,5,132
116900262,218,120,98
116900263,1,6,-5
116900264,184,112,72
116900265,301,0,301
116900266,33,9,24
116900267,22,0,22
116900268,2,369,-367
116900269,397,1355,-958
116900271,391,1288,-897
116900272,387,249,138
116900273,22,223,-201
116900274,211,43,168
116900275,509,218,291
116900276,275,560,-285
116900277,104,116,-12
116900278,1,2,-1
116900279,12,11,1
116900280,153,4,149
116900281,2304,9134,-6830
116900282,0,8,-8
116900283,0,10,-10
116900284,0,61,-61
116900285,66,624,-558
116900286,76,10,66
116900287,6,4,2
116900288,233,44,189
116900289,52,3,49
116900290,14,0,14
116900291,38,14,24
116900292,0,48,-48
116900293,204,3,201
116900294,1,76,-75
116900295,220,287,-67
116900296,90,150,-60
116900297,1,61,-60
116900298,21,103,-82
116900299,5,137,-132
116900300,1,94,-93
116900301,15,474,-459
116900302,4,106,-102
116900303,74,109,-35
116900304,0,250,-250
116900305,20,44,-24
116900306,606,58,548
116900307,181,1,180
116900308,0,37,-37
116900309,604,25,579
116900310,110,24,86
117000001,3325,4284,-959
117000002,2174,3367,-1193
117000003,6700,2874,3826
117000004,2017,3737,-1720
117000005,5603,2224,3379
117000006,1563,1854,-291
117000007,10065,1372,8693
117000008,1337,2268,-931
117000009,5734,1492,4242
117000010,1091,1715,-624
117000011,5330,1227,4103
117000012,2378,1308,1070
117000013,3728,1296,2432
117000014,2251,2549,-298
117000015,4013,1941,2072
117000016,287,365,-78
117000017,50,809,-759
117000018,75,1047,-972
117000019,73,95,-22
117000020,424,3067,-2643
117000021,1868,1035,833
117000022,100,449,-349
117000023,70,961,-891
117000024,113,796,-683
117000025,225,3731,-3506
117000026,2049,3478,-1429
117000027,752,2406,-1654
117000028,831,1523,-692
117000030,455,378,77
117000031,768,341,427
117000032,1616,1577,39
117000033,1634,938,696
117000034,389,273,116
117000035,530,434,96
117000036,720,366,354
117000037,446,247,199
117000038,356,419,-63
117000039,262,278,-16
117000040,74,395,-321
117000041,1838,88,1750
117000044,11,261,-250
117000045,1397,341,1056
117000046,271,1082,-811
117000047,1154,863,291
117000048,1165,642,523
117000049,90,410,-320
117000050,1042,1875,-833
117000051,3755,80,3675
117000052,120,115,5
117000053,1731,22,1709
117000054,2590,2,2588
117000055,8,646,-638
117000056,694,34,660
117000057,1258,1674,-416
117000060,487,804,-317
117000061,2780,1996,784
117000062,279,641,-362
117000063,1828,741,1087
117000064,493,553,-60
117000066,275,508,-233
117000067,108,487,-379
117000074,9,271,-262
117000076,26,40,-14
117000077,208,85,123
117000078,117,961,-844
117000079,339,107,232
117000080,1,453,-452
117000081,939,127,812
117000082,25,148,-123
117000083,546,475,71
117000084,208,0,208
117000085,815,1290,-475
117000086,652,371,281
117000087,226,642,-416
117000088,618,156,462
117000089,4296,142,4154
117000090,600,518,82
117000091,2326,123,2203
117000092,636,461,175
117000093,3273,196,3077
117000094,1240,662,578
117000095,4682,260,4422
117000096,1113,644,469
117000097,3972,590,3382
117000098,1631,1107,524
117000099,6740,754,5986
117000100,370,256,114
117000101,166,445,-279
117000102,2923,424,2499
117000103,468,576,-108
117000104,2901,430,2471
117000105,487,554,-67
117000106,2968,278,2690
117000107,614,860,-246
117000108,3383,759,2624
117000109,578,1182,-604
117000110,2257,2082,175
117000111,4305,3698,607
117000112,5128,939,4189
117000113,87,84,3
117000114,401,387,14
117000115,68,24,44
117000116,311,230,81
117000117,1294,825,469
117000118,590,589,1
117000119,105,545,-440
117000120,23,823,-800
117000121,39,895,-856
117000122,1113,1782,-669
117000123,2057,49,2008
117000124,10,217,-207
117000125,45,507,-462
117000126,50,35,15
117000127,131,544,-413
117000128,92,999,-907
117000129,279,1808,-1529
117000130,376,0,376
117000131,0,135,-135
117000132,7376,15,7361
117000133,6069,26,6043
117000134,0,114,-114
117000135,2,161,-159
117000136,0,24,-24
117000137,391,114,277
117000138,9,814,-805
117000140,642,610,32
117000141,2888,389,2499
117000181,259,114,145
117000182,2465,2033,432
117000195,220,255,-35
117000196,473,185,288
117000225,17,317,-300
117000226,6,328,-322
117000276,746,37,709
117000277,0,85,-85
117000310,832,3842,-3010
117000315,277,851,-574
117000320,136,0,136
117000906,1033,17,1016
117000907,1,87,-86
117000909,204,78,126
117000910,294,97,197
117000911,25,81,-56
117000915,0,140,-140
117000916,192,10,182
117000917,2091,97,1994
117000918,337,194,143
117000919,0,18,-18
117000920,0,1209,-1209
117000921,1,264,-263
117000922,46,60,-14
117000924,1724,1045,679
117000926,617,523,94
117000927,324,637,-313
117000928,1,99,-98
117000929,1227,85,1142
117000930,1524,9,1515
117000931,72,68,4
117900002,78,1176,-1098
117900003,101,81,20
117900005,0,259,-259
117900006,0,55,-55
117900007,401,59,342
117900008,0,36,-36
117900010,712,37,675
117900011,6,865,-859
117900012,127,43,84
117900013,0,450,-450
117900014,1028,256,772
117900015,38,50,-12
117900016,1019,1768,-749
117900017,2064,758,1306
117900018,510,580,-70
117900019,1332,230,1102
117900020,46,240,-194
117900021,74,214,-140
117900023,3177,132,3045
117900024,120,174,-54
117900025,24,2,22
117900026,848,255,593
117900028,108,1,107
117900029,494,296,198
117900031,458,582,-124
117900032,1205,549,656
117900033,855,377,478
117900034,143,38,105
117900035,379,1156,-777
117900036,542,192,350
117900037,425,60,365
117900038,66,60,6
117900039,0,54,-54
117900040,331,99,232
117900041,0,32,-32
117900042,2718,738,1980
117900043,1,10,-9
117900044,45,6399,-6354
117900045,402,93,309
117900048,435,289,146
117900049,483,500,-17
117900050,16,520,-504
117900051,74,19,55
117900052,214,746,-532
117900053,2796,204,2592
117900054,0,8,-8
117900055,1622,347,1275
117900056,27,180,-153
117900057,1481,669,812
117900058,3,119,-116
117900059,145,217,-72
117900060,4591,2235,2356
117900061,26,392,-366
117900063,979,248,731
117900065,199,862,-663
117900066,11,302,-291
117900067,1453,135,1318
117900069,2033,101,1932
117900070,14,431,-417
117900071,302,94,208
117900073,1692,85,1607
117900074,16,581,-565
117900075,260,121,139
117900076,63,130,-67
117900077,1338,91,1247
117900078,657,494,163
117900080,407,39,368
117900081,256,106,150
117900082,1209,271,938
117900083,1460,474,986
117900086,375,86,289
117900087,200,8,192
117900088,828,724,104
117900089,4004,432,3572
117900090,1601,826,775
117900091,173,36,137
117900092,336,59,277
117900093,279,7,272
117900094,68,20,48
117900095,1009,2071,-1062
117900096,383,344,39
117900097,318,16,302
117900098,237,7,230
117900099,352,960,-608
117900100,1129,2,1127
117900101,1226,3253,-2027
117900102,142,23,119
117900103,83,1,82
117900104,2,340,-338
117900105,47,169,-122
117900106,156,19,137
117900107,153,0,153
117900109,1966,485,1481
117900110,584,3,581
117900111,2050,211,1839
117900112,153,1,152
117900113,1170,3323,-2153
117900114,133,1,132
117900115,33,332,-299
117900116,1204,413,791
117900117,1212,124,1088
117900118,497,1,496
117900119,479,13,466
117900120,1593,330,1263
117900121,128,9,119
117900122,869,8387,-7518
117900123,1326,653,673
117900124,270,949,-679
117900125,2085,763,1322
117900126,171,171,0
117900127,1514,195,1319
117900128,717,280,437
117900129,255,0,255
117900130,1157,700,457
117900131,4,83,-79
117900132,14,32,-18
117900133,17,20,-3
117900134,70,109,-39
117900135,57,61,-4
117900136,0,5,-5
117900137,76,110,-34
117900138,0,1,-1
117900139,76,83,-7
117900140,7388,904,6484
117900141,36,300,-264
117900142,21,458,-437
117900144,12,899,-887
117900145,3,404,-401
117900146,152,402,-250
117900147,204,102,102
117900148,2550,4079,-1529
117900149,165,63,102
117900150,153,54,99
117900151,51,161,-110
117900152,65,134,-69
117900153,35,227,-192
117900154,971,562,409
117900156,291,298,-7
117900157,103,385,-282
117900158,566,61,505
117900160,1136,620,516
117900161,1078,391,687
117900162,1174,362,812
117900163,16,978,-962
117900165,1,5,-4
117900166,5,269,-264
117900168,193,51,142
117900169,0,28,-28
117900170,0,26,-26
117900171,0,1,-1
117900172,6,3,3
117900173,21,26,-5
117900174,5,21,-16
117900175,8,18,-10
117900176,27,8,19
117900177,39,18,21
117900178,88,34,54
117900180,107,14,93
117900181,60,661,-601
117900182,5,96,-91
117900183,266,119,147
117900184,43,336,-293
117900185,63,8,55
117900186,80,20,60
117900187,43,4,39
117900188,229,36,193
117900189,91,27,64
117900190,31,0,31
117900191,108,10,98
117900192,400,2,398
117900193,314,282,32
117900194,4,4,0
117900195,34,105,-71
117900196,53,16,37
117900207,67,140,-73
117900208,22,16,6
117900209,388,99,289
117900210,103,101,2
117900211,13,99,-86
117900212,205,99,106
117900213,60,1,59
117900214,2,6,-4
117900215,209,16,193
117900216,129,41,88
117900217,32,138,-106
117900218,89,316,-227
117900219,7,175,-168
117900220,29,218,-189
117900222,303,134,169
117900223,227,553,-326
118000001,646,2302,-1656
118000002,216,710,-494
118000003,2127,4123,-1996
118000004,1065,4111,-3046
118000005,3700,1814,1886
118000006,3027,3059,-32
118000007,4650,10540,-5890
118000008,838,8659,-7821
118000009,1539,3397,-1858
118000010,3682,3656,26
118000011,3010,866,2144
118000012,1085,1754,-669
118000013,2373,2355,18
118000014,1664,1436,228
118000016,352,92,260
118000017,717,377,340
118000018,430,123,307
118000019,1206,1806,-600
118000020,331,1278,-947
118000021,457,1868,-1411
118000022,853,454,399
118000023,466,272,194
118000024,430,648,-218
118000027,8499,5213,3286
118000029,546,459,87
118000032,319,1452,-1133
118000033,1540,3697,-2157
118000034,1904,2241,-337
118000035,1506,1705,-199
118000036,1104,976,128
118000037,760,1429,-669
118000038,869,71,798
118000039,219,77,142
118000040,2535,1461,1074
118000041,4264,1592,2672
118000045,170,146,24
118000046,587,1066,-479
118000047,308,2085,-1777
118000048,1508,3146,-1638
118000051,659,2234,-1575
118000052,128,812,-684
118000053,371,1090,-719
118000054,2862,1191,1671
118000055,2206,1399,807
118000056,103,649,-546
118000057,205,774,-569
118000058,1479,4932,-3453
118000059,1171,2961,-1790
118000060,1288,786,502
118000061,1359,1713,-354
118000062,468,190,278
118000063,296,818,-522
118000064,615,1173,-558
118000065,1784,1622,162
118000066,1261,2800,-1539
118000067,515,578,-63
118000068,557,10955,-10398
118000069,775,1244,-469
118000070,6084,2303,3781
118000071,3384,12393,-9009
118000072,702,4984,-4282
118000073,307,2053,-1746
118000074,483,1214,-731
118000075,671,441,230
118000076,1674,8719,-7045
118000077,928,1111,-183
118000078,2142,2340,-198
118000079,147,418,-271
118000080,355,702,-347
118000081,1471,1485,-14
118000082,391,931,-540
118000083,1010,1312,-302
118000084,1191,2549,-1358
118000086,152,566,-414
118000087,3320,2091,1229
118000088,1312,1480,-168
118000089,3148,3327,-179
118000090,1224,3952,-2728
118000091,1024,6430,-5406
118000092,780,527,253
118000093,52,559,-507
118000096,707,484,223
118000097,744,550,194
118000098,162,221,-59
118000099,975,238,737
118000101,1992,316,1676
118000102,484,433,51
118000107,1517,221,1296
118000108,519,8104,-7585
118000110,0,38,-38
118000111,0,151,-151
118000112,2994,3,2991
118000113,3,311,-308
118000114,2138,39,2099
118000115,3,40,-37
118000116,93,0,93
118000117,559,681,-122
118000118,1437,1214,223
118000119,1712,1397,315
118000120,1039,787,252
118000121,24,354,-330
118000122,438,234,204
118000123,88,201,-113
118000125,653,1239,-586
118000126,719,3098,-2379
118000127,1424,746,678
118000128,359,1619,-1260
118000129,1498,959,539
118000130,1735,2701,-966
118000131,253,724,-471
118000132,2510,2225,285
118000133,2497,893,1604
118000135,577,874,-297
118000136,106,844,-738
118000137,362,73,289
118000138,561,328,233
118000139,621,171,450
118000140,3801,9380,-5579
118000141,3142,1208,1934
118000142,3824,1604,2220
118000143,3645,1657,1988
118000144,653,401,252
118000145,1361,598,763
118000146,1597,254,1343
118000147,1258,484,774
118000148,1385,1604,-219
118000149,1141,388,753
118000150,1107,253,854
118000151,991,140,851
118000153,2220,521,1699
118000154,2493,614,1879
118000155,2978,694,2284
118000156,2082,3662,-1580
118000157,752,257,495
118000158,410,710,-300
118000159,62,109,-47
118000160,976,260,716
118000161,692,274,418
118000162,2151,571,1580
118000163,1063,861,202
118000164,1889,1060,829
118000168,369,1294,-925
118000169,1223,715,508
118000170,2473,2047,426
118000171,450,445,5
118000172,99,107,-8
118000173,983,1247,-264
118000175,244,200,44
118000176,405,214,191
118000177,408,382,26
118000178,22,27,-5
118000179,546,609,-63
118000180,489,310,179
118000181,481,123,358
118000182,304,104,200
118000183,238,128,110
118000184,1636,334,1302
118000185,380,2031,-1651
118000186,345,1395,-1050
118000187,3042,250,2792
118000188,1180,45,1135
118000189,1622,151,1471
118000190,6,5,1
118000191,52,15,37
118000192,21,89,-68
118000193,1,227,-226
118000194,1794,990,804
118000195,201,3240,-3039
118000196,49,851,-802
118000197,56,328,-272
118000198,275,1827,-1552
118000199,249,994,-745
118000200,50,701,-651
118000201,83,1146,-1063
118000202,16,809,-793
118000203,287,1913,-1626
118000204,22,597,-575
118000205,112,413,-301
118000206,231,260,-29
118000207,0,82,-82
118000208,1838,1141,697
118000209,2679,413,2266
118000210,422,24,398
118000211,281,20,261
118000213,438,4118,-3680
118000214,198,767,-569
118000215,424,72,352
118000216,10714,2000,8714
118000217,13,24,-11
118000218,87,28,59
118000219,206,174,32
118000220,75,35,40
118000221,1142,1094,48
118000222,165,1,164
118000223,148,42,106
118000224,99,53,46
118000225,293,710,-417
118000226,2450,134,2316
118000227,540,720,-180
118000228,18,194,-176
118000229,32,733,-701
118000230,124,122,2
118000231,11,187,-176
118000232,1110,171,939
118000233,1557,382,1175
118000234,665,81,584
118000236,328,327,1
118000237,157,115,42
118000238,285,116,169
118000239,463,363,100
118000240,89,87,2
118000241,345,75,270
118000242,760,100,660
118000243,331,111,220
118000244,103,43,60
118000246,0,10,-10
118000255,40,231,-191
118000256,160,189,-29
118000259,5,89,-84
118000260,357,18,339
118000261,137,6,131
118000263,136,214,-78
118000266,230,87,143
118000267,1,145,-144
118000268,370,1,369
118000270,265,6,259
118000271,428,184,244
118000272,48,28,20
118000273,476,24,452
118000274,40,135,-95
118000276,468,72,396
118000295,18,112,-94
118000298,101,112,-11
118000299,44,55,-11
118000301,0,65,-65
118000302,105,18,87
118000311,2085,53,2032
118000312,503,42,461
118000313,113,31,82
118000314,154,26,128
118000315,54,16,38
118000316,1311,275,1036
118000325,106,7,99
118000326,36,35,1
118000331,76,5,71
118000332,26,22,4
118000333,32,6,26
118000335,1399,1,1398
118000336,0,165,-165
118000407,404,28,376
118000457,1,89,-88
118000465,416,2217,-1801
118000480,97,37,60
118000489,2,755,-753
118000490,14,221,-207
118000492,1074,198,876
118000510,43,7,36
118000514,45,315,-270
118000515,653,2003,-1350
118000517,281,272,9
118000524,292,319,-27
118000525,381,474,-93
118000530,10,131,-121
118000531,651,157,494
118000532,251,96,155
118000533,229,116,113
118000534,759,199,560
118000535,533,48,485
118000536,50,272,-222
118000537,20,38,-18
118000538,58,74,-16
118000539,7,119,-112
118000540,156,111,45
118000541,107,78,29
118000542,114,226,-112
118000543,337,181,156
118000546,60,16,44
118000553,0,0,0
118000560,730,2686,-1956
118000562,87,49,38
118000563,1451,1155,296
118000576,156,11,145
118000577,316,227,89
118000578,111,10,101
118000579,819,2495,-1676
118000583,0,0,0
118000595,242,53,189
118000596,0,233,-233
118000597,440,123,317
118000598,7,0,7
118000599,370,35,335
118000600,11,7,4
118000601,6,0,6
118000602,5,33,-28
118000603,0,7,-7
118000605,87,50,37
118000606,23,23,0
118900001,440,1249,-809
118900002,643,968,-325
118900003,1037,3,1034
118900004,115,22,93
118900005,88,2,86
118900006,250,1,249
118900007,0,2,-2
118900008,874,43,831
118900009,134,194,-60
118900010,65,14,51
118900011,220,10,210
118900012,275,179,96
118900013,1295,784,511
118900015,499,23,476
118900016,5,1,4
118900017,26,222,-196
118900018,1005,14,991
118900019,14,4,10
118900020,8,65,-57
118900021,138,392,-254
118900022,154,4,150
118900023,11,115,-104
118900024,106,147,-41
118900025,22,155,-133
118900026,61,6,55
118900027,232,185,47
118900028,178,99,79
118900029,279,335,-56
118900030,1167,48,1119
118900031,103,36,67
118900032,248,85,163
118900033,371,730,-359
118900034,391,21,370
118900035,115,39,76
118900036,1576,168,1408
118900037,409,790,-381
118900038,814,38,776
118900039,1395,182,1213
118900040,293,103,190
118900041,786,109,677
118900042,113,54,59
118900045,141,231,-90
118900046,251,324,-73
118900047,270,521,-251
118900048,75,365,-290
118900049,40,13,27
118900050,215,22,193
118900051,117,149,-32
118900052,238,333,-95
118900053,5,32,-27
118900054,237,51,186
118900055,159,10,149
118900056,35,195,-160
118900057,789,474,315
118900058,700,405,295
118900059,12,86,-74
118900060,199,116,83
118900062,251,86,165
118900064,128,652,-524
118900065,68,171,-103
118900066,184,58,126
118900067,2407,5151,-2744
118900068,6,682,-676
118900069,685,125,560
118900071,55,9,46
118900072,789,1040,-251
118900073,543,35,508
118900074,203,29,174
118900075,480,8,472
118900076,240,87,153
118900077,509,91,418
118900078,1,0,1
118900079,10,65,-55
118900080,171,54,117
118900081,37,44,-7
118900082,2443,225,2218
118900083,4,0,4
118900084,23,3,20
118900085,212,131,81
118900086,32,93,-61
118900087,70,1020,-950
118900088,0,2,-2
118900089,29,6,23
118900090,226,53,173
118900091,234,266,-32
118900092,276,22,254
118900093,96,4,92
118900096,160,117,43
118900097,329,152,177
118900099,30,32,-2
118900100,43,90,-47
118900101,235,91,144
118900102,39,81,-42
118900103,5,49,-44
118900104,286,63,223
118900105,98,22,76
118900107,44,33,11
118900108,19,106,-87
118900110,1220,1309,-89
118900111,910,401,509
118900112,295,239,56
118900113,84,216,-132
118900114,1,78,-77
118900115,97,201,-104
118900116,96,42,54
118900117,222,41,181
118900118,477,109,368
118900119,458,107,351
118900120,49,287,-238
118900121,13,82,-69
118900122,2,785,-783
118900123,150,213,-63
118900124,157,269,-112
118900126,58,163,-105
118900129,320,75,245
118900130,12,82,-70
118900131,624,125,499
118900132,527,110,417
118900133,2,153,-151
118900135,308,114,194
118900136,454,145,309
118900137,3,87,-84
118900139,724,200,524
118900140,692,234,458
118900141,153,180,-27
118900144,248,133,115
118900145,12,183,-171
118900146,587,390,197
118900147,126,387,-261
118900148,40,21,19
118900150,118,565,-447
118900152,520,259,261
118900157,44,190,-146
118900158,378,9,369
118900159,0,77,-77
118900161,55,18,37
118900163,53,16,37
118900164,2,43,-41
118900165,124,86,38
118900166,0,0,0
118900167,36,26,10
118900168,26,58,-32
118900169,272,71,201
118900170,563,60,503
118900171,70,2,68
118900174,30,19,11
118900175,606,280,326
118900176,222,218,4
118900177,99,1,98
118900178,109,12,97
118900179,0,10,-10
118900181,211,16,195
118900182,14,17,-3
118900183,79,76,3
118900184,203,28,175
118900185,366,43,323
118900186,44,77,-33
118900187,158,435,-277
118900188,228,166,62
118900189,47,639,-592
118900190,108,83,25
118900191,678,40,638
118900192,886,20,866
118900193,1793,3,1790
118900195,88,294,-206
118900196,28,57,-29
118900197,621,7,614
118900198,65,1,64
118900199,109,22,87
118900200,47,27,20
118900201,78,38,40
118900202,6,51,-45
118900203,35,4,31
118900204,6,3,3
118900205,0,1,-1
118900206,0,2,-2
119000001,1686,1279,407
119000002,3539,2372,1167
119000003,5722,762,4960
119000004,4042,2188,1854
119000005,2438,2716,-278
119000006,6840,2286,4554
119000007,4286,3448,838
119000008,2099,1882,217
119000009,2693,6470,-3777
119000010,4428,4704,-276
119000011,1799,1656,143
119000012,1153,3023,-1870
119000013,3307,1547,1760
119000014,2195,2360,-165
119000019,451,111,340
119000020,3171,1575,1596
119000021,5800,3308,2492
119000022,931,4215,-3284
119000023,210,320,-110
119000024,1518,22060,-20542
119000025,3066,929,2137
119000026,40,274,-234
119000027,85,305,-220
119000028,1562,544,1018
119000029,35,143,-108
119000030,758,556,202
119000031,1422,664,758
119000032,1138,1310,-172
119000033,2364,748,1616
119000034,1802,404,1398
119000035,40,115,-75
119000036,3702,349,3353
119000037,2132,468,1664
119000038,788,278,510
119000039,821,427,394
119000040,842,984,-142
119000041,1190,1894,-704
119000048,2133,810,1323
119000049,3382,1113,2269
119000050,1009,1829,-820
119000051,2708,1136,1572
119000052,2100,1743,357
119000053,2714,989,1725
119000054,4140,622,3518
119000055,7586,938,6648
119000056,4617,992,3625
119000057,2021,444,1577
119000058,1524,621,903
119000059,770,528,242
119000060,2407,392,2015
119000061,890,298,592
119000062,973,442,531
119000063,689,668,21
119000064,639,483,156
119000065,1077,2047,-970
119000066,1908,1155,753
119000067,1554,689,865
119000068,2412,362,2050
119000069,2111,745,1366
119000070,4643,230,4413
119000071,400,173,227
119000072,2881,1918,963
119000073,4702,9892,-5190
119000074,2310,912,1398
119000075,5969,1784,4185
119000076,107,255,-148
119000077,1145,236,909
119000078,653,112,541
119000079,377,168,209
119000080,601,31,570
119000081,436,145,291
119000082,1069,139,930
119000083,669,385,284
119000084,568,172,396
119000085,378,60,318
119000086,276,658,-382
119000087,626,120,506
119000088,303,352,-49
119000090,119,37,82
119000091,43,154,-111
119000092,82,84,-2
119000093,2729,1448,1281
119000094,5625,4680,945
119000095,3389,2314,1075
119000097,1055,537,518
119000098,1241,5463,-4222
119000099,1570,513,1057
119000100,4857,2525,2332
119000101,3863,1396,2467
119000102,362,1823,-1461
119000103,900,530,370
119000104,1096,408,688
119000105,1108,3556,-2448
119000106,537,341,196
119000107,2483,593,1890
119000108,881,405,476
119000109,226,221,5
119000110,183,105,78
119000111,34,526,-492
119000112,112,23,89
119000113,651,116,535
119000114,1075,1570,-495
119000115,61,109,-48
119000116,134,90,44
119000117,208,200,8
119000118,31,0,31
119000123,1770,1912,-142
119000124,1839,115,1724
119000125,6907,264,6643
119000126,2837,369,2468
119000127,1164,180,984
119000128,20,1,19
119000131,1153,146,1007
119000132,0,1,-1
119000133,16,4,12
119000134,739,523,216
119000135,210,116,94
119000136,423,45,378
119000137,609,70,539
119000138,1234,35,1199
119000139,163,57,106
119000140,206,299,-93
119000284,1114,1244,-130
119000285,1438,702,736
119000286,2703,2128,575
119000287,1629,1899,-270
119000288,2602,718,1884
119000289,1360,1916,-556
119000290,280,221,59
119000291,63,368,-305
119000293,241,369,-128
119000294,24,37,-13
119000295,1808,190,1618
119000296,549,174,375
119000302,1269,1255,14
119000303,62,95,-33
119000310,0,0,0
119000314,1449,14765,-13316
119000315,1,81,-80
119000316,354,42,312
119000317,218,78,140
119000319,712,118,594
119900001,72,2210,-2138
119900002,355,134,221
119900003,1,160,-159
119900004,107,3565,-3458
119900005,432,55,377
119900006,71,451,-380
119900007,343,253,90
119900008,7,373,-366
119900009,428,259,169
119900010,577,254,323
119900011,36,356,-320
119900012,4,151,-147
119900013,1113,888,225
119900014,454,52,402
119900015,534,48,486
119900016,49,46,3
119900017,67,50,17
119900018,621,2173,-1552
119900019,105,2,103
119900020,58,55,3
119900021,154,25,129
119900022,46,967,-921
119900023,321,3397,-3076
119900025,648,15,633
119900026,416,45,371
119900027,5,10,-5
119900028,330,355,-25
119900029,7,0,7
119900030,571,410,161
119900031,63,1227,-1164
119900033,924,214,710
119900034,1273,11,1262
119900037,436,9,427
119900038,31,455,-424
119900039,68,5,63
119900040,85,24,61
119900041,341,7,334
119900042,52,601,-549
119900043,163,175,-12
119900044,104,900,-796
119900046,455,8,447
119900047,602,312,290
119900048,728,17,711
119900049,206,0,206
119900050,76,96,-20
119900051,2473,12,2461
119900052,166,10,156
119900053,434,186,248
119900054,530,7,523
119900055,1397,136,1261
119900057,640,25,615
119900058,641,4,637
119900059,91,7,84
119900060,490,25,465
119900061,893,1,892
119900062,301,6,295
119900063,14,62,-48
119900065,370,6,364
119900067,144,65,79
119900068,901,1,900
119900069,160,5,155
119900070,826,2,824
119900071,1140,41,1099
119900073,1817,153,1664
119900074,26,39,-13
119900075,1162,1334,-172
119900076,1362,158,1204
119900077,1502,140,1362
119900078,1105,625,480
119900079,1556,44,1512
119900080,559,222,337
119900081,2075,43,2032
119900082,3055,172,2883
119900083,603,85,518
119900084,412,131,281
119900085,60,24,36
119900086,437,269,168
119900087,252,463,-211
119900088,52,3,49
119900089,23,80,-57
119900090,118,9,109
119900091,39,185,-146
119900092,9,204,-195
119900093,1009,90,919
119900094,3,165,-162
119900095,227,26,201
119900096,45,40,5
119900097,46,228,-182
119900098,44,3,41
119900099,30,61,-31
119900100,400,2440,-2040
119900101,90,437,-347
119900102,66,52,14
119900103,51,34,17
119900104,16,34,-18
119900105,430,737,-307
119900106,2,55,-53
119900107,201,646,-445
119900108,2116,445,1671
119900109,4,63,-59
119900110,691,337,354
119900111,225,59,166
119900112,434,983,-549
119900113,50,223,-173
119900114,337,251,86
119900115,795,157,638
119900116,254,405,-151
119900117,349,106,243
119900118,148,158,-10
119900119,419,71,348
119900120,456,146,310
119900121,840,197,643
119900122,65,65,0
119900123,77,111,-34
119900124,381,144,237
119900125,35,99,-64
119900126,976,85,891
119900127,534,170,364
119900128,714,629,85
119900129,340,70,270
119900130,2,46,-44
119900131,24,59,-35
119900132,0,47,-47
119900133,165,37,128
119900134,315,71,244
119900135,0,161,-161
119900136,105,115,-10
119900138,146,163,-17
119900139,7,517,-510
119900140,0,30,-30
119900141,51,784,-733
119900142,2,15,-13
119900143,15,65,-50
119900144,796,127,669
119900145,66,58,8
119900146,225,65,160
119900147,0,162,-162
119900148,597,16,581
119900149,277,8145,-7868
119900150,61,43,18
119900151,1155,695,460
119900152,203,99,104
119900153,361,26,335
119900154,19,309,-290
119900155,56,28,28
119900156,10,4,6
119900157,144,95,49
119900158,296,59,237
119900159,1,145,-144
119900160,7,44,-37
119900161,183,33,150
119900162,1934,413,1521
119900163,113,90,23
119900164,0,2,-2
119900165,162,22,140
119900166,104,17,87
119900167,1,23,-22
119900168,2128,166,1962
119900169,18,257,-239
119900170,169,176,-7
119900171,704,431,273
119900172,29,6,23
119900173,3,41,-38
119900174,0,48,-48
119900175,2791,232,2559
119900177,4,48,-44
119900178,0,54,-54
119900179,263,1324,-1061
119900180,1619,558,1061
119900181,9,40,-31
119900182,1,55,-54
119900183,90,269,-179
119900184,342,186,156
119900185,18,374,-356
119900186,13,1882,-1869
119900187,49,147,-98
119900188,161,214,-53
119900189,147,175,-28
119900190,48,262,-214
119900191,105,220,-115
119900192,46,68,-22
119900193,1031,89,942
119900194,62,27,35
119900195,2,118,-116
119900196,156,113,43
119900197,384,79,305
119900198,85,519,-434
119900199,164,14,150
119900200,894,702,192
119900201,126,41,85
119900202,7,337,-330
119900203,139,519,-380
119900204,338,177,161
119900205,1491,188,1303
119900206,481,285,196
119900208,300,40,260
119900209,533,2003,-1470
119900210,120,11,109
119900211,57,4,53
119900212,600,281,319
119900213,0,58,-58
119900214,139,9,130
119900215,96,11,85
119900216,36,22,14
119900217,17,7,10
119900218,14,135,-121
119900219,3,39,-36
119900220,17,11,6
119900221,40,36,4
119900222,21,29,-8
119900223,14,43,-29
119900224,32,12,20
119900225,175,36,139
119900226,103,1886,-1783
119900227,160,83,77
119900228,13,989,-976
119900229,47,165,-118
119900230,1002,122,880
119900231,490,53,437
119900232,134,75,59
119900233,61,5,56
119900234,6,83,-77
119900235,1,42,-41
119900236,44,61,-17
119900237,67,288,-221
119900238,1,53,-52
119900240,147,64,83
119900241,214,160,54
119900242,1250,1101,149
119900244,460,840,-380
119900245,214,93,121
119900246,132,355,-223
119900247,6,19,-13
119900248,37,674,-637
119900249,478,64,414
119900253,993,260,733
119900254,55,1633,-1578
119900255,122,271,-149
119900256,1410,208,1202
119900257,122,2,120
119900258,268,10,258
119900259,17,37,-20
119900260,261,5,256
119900261,636,901,-265
119900262,1,64,-63
119900263,1491,151,1340
119900264,222,8,214
119900265,608,288,320
119900266,605,69,536
119900267,107,133,-26
119900268,222,35,187
119900269,1151,304,847
119900271,27,60,-33
119900272,69,81,-12
119900275,157,7,150
119900276,174,2,172
119900277,16,4,12
119900278,429,43,386
119900279,128,255,-127
119900280,532,22,510
119900281,1,387,-386
119900282,17,82,-65
119900283,26,62,-36
119900284,38,122,-84
119900285,1,69,-68
119900286,0,3,-3
119900288,0,3,-3
119900289,0,0,0
119900290,3,1,2
119900291,0,10,-10
119900292,38,101,-63
119900293,46,9,37
119900294,37,87,-50
119900295,63,23,40
119900296,93,23,70
119900297,0,16,-16
119900298,0,7,-7
119900299,177,100,77
119900300,481,396,85
119900301,31,143,-112
119900302,7,120,-113
119900303,589,659,-70
119900304,347,8,339
119900305,6,57,-51
119900306,16,0,16
119900307,68,44,24
119900308,11,43,-32
119900309,14,252,-238
119900310,228,89,139
119900311,270,15,255
119900312,130,12,118
119900313,240,127,113
119900314,384,419,-35
119900315,2868,553,2315
119900318,21,125,-104
119900319,1,55,-54
119900320,504,61,443
119900321,386,21,365
120000001,6791,34674,-27883
120000002,2764,2150,614
120000003,2008,669,1339
120000004,2673,727,1946
120000005,2493,812,1681
120000006,1631,668,963
120000007,2944,4405,-1461
120000008,1555,517,1038
120000009,1156,868,288
120000010,2977,3142,-165
120000011,1344,661,683
120000012,1700,774,926
120000013,4442,2351,2091
120000014,1205,1008,197
120000015,2956,1146,1810
120000016,4279,1756,2523
120000017,4554,5058,-504
120000018,2660,20614,-17954
120000019,1407,1034,373
120000020,1987,2525,-538
120000021,1365,940,425
120000022,2458,2773,-315
120000023,1534,1301,233
120000024,1028,1283,-255
120000025,3303,969,2334
120000026,4811,1231,3580
120000027,2602,1692,910
120000028,530,1307,-777
120000029,970,793,177
120000030,255,940,-685
120000031,1738,4386,-2648
120000032,3170,1487,1683
120000033,4398,746,3652
120000034,5484,591,4893
120000035,4589,949,3640
120000036,3781,4488,-707
120000037,566,2046,-1480
120000038,2865,1885,980
120000039,505,1611,-1106
120000040,72,5864,-5792
120000041,578,1212,-634
120000042,3445,777,2668
120000043,6657,553,6104
120000044,8918,1186,7732
120000045,10571,475,10096
120000046,6846,4645,2201
120000047,498,12372,-11874
120000048,5923,2604,3319
120000049,5179,2438,2741
120000050,3977,3316,661
120000051,1969,4235,-2266
120000052,4231,778,3453
120000053,1912,1054,858
120000054,1442,1650,-208
120000055,1409,1527,-118
120000056,3553,1937,1616
120000057,3788,1717,2071
120000058,1300,903,397
120000059,6,2078,-2072
120000061,182,756,-574
120000062,151,129,22
120000063,419,1174,-755
120000064,498,588,-90
120000065,454,1704,-1250
120000066,187,178,9
120000067,12,133,-121
120000068,460,134,326
120000069,1140,243,897
120000070,361,414,-53
120000071,1516,123,1393
120000072,1747,434,1313
120000073,1666,47,1619
120000074,65,62,3
120000075,1882,391,1491
120000076,4233,911,3322
120000077,3647,326,3321
120000078,2349,685,1664
120000079,770,382,388
120000080,241,193,48
120000081,517,79,438
120000082,627,166,461
120000083,56,797,-741
120000084,234,249,-15
120000085,222,502,-280
120000086,369,141,228
120000087,434,181,253
120000088,706,585,121
120000089,954,193,761
120000090,715,314,401
120000091,1597,1012,585
120000092,1164,211,953
120000093,1574,265,1309
120000094,393,380,13
120000095,938,106,832
120000096,534,201,333
120000098,692,766,-74
120000099,306,294,12
120000100,834,453,381
120000101,995,396,599
120000102,1161,1093,68
120000103,2161,831,1330
120000104,3437,330,3107
120000105,3621,181,3440
120000106,5851,193,5658
120000107,10111,390,9721
120000108,3767,122,3645
120000109,1633,60,1573
120000110,49,491,-442
120000111,194,449,-255
120000112,490,809,-319
120000113,375,1142,-767
120000114,395,670,-275
120000115,408,569,-161
120000116,392,852,-460
120000117,415,448,-33
120000118,158,56,102
120000119,12,43,-31
120000120,185,101,84
120000121,9,19,-10
120000122,274,407,-133
120000123,1842,12729,-10887
120000124,538,1163,-625
120000125,1303,381,922
120000126,669,1069,-400
120000127,840,642,198
120000128,2338,2528,-190
120000129,316,282,34
120000130,1032,489,543
120000131,735,385,350
120000134,399,188,211
120000135,1497,639,858
120000137,343,211,132
120000138,3061,146,2915
120000139,542,334,208
120000140,2682,179,2503
120000141,389,823,-434
120000142,1107,968,139
120000143,0,17,-17
120000144,175,12,163
120000145,1121,0,1121
120000146,620,1197,-577
120000149,455,281,174
120000150,1379,12246,-10867
120000151,851,243,608
120000152,1772,56,1716
120000153,1220,262,958
120000154,854,717,137
120000155,523,523,0
120000156,811,3119,-2308
120000157,1971,324,1647
120000158,1566,476,1090
120000159,2366,1002,1364
120000160,1911,1246,665
120000161,5631,2514,3117
120000162,148,241,-93
120000163,1232,269,963
120000164,1205,95,1110
120000165,1971,183,1788
120000166,2921,274,2647
120000167,62,123,-61
120000168,2,224,-222
120000169,9,641,-632
120000170,5,809,-804
120000171,1,183,-182
120000172,3,198,-195
120000173,135,460,-325
120000174,20,126,-106
120000175,20,31,-11
120000176,0,30,-30
120000177,314,61,253
120000178,5,12,-7
120000179,13,45,-32
120000180,6,27,-21
120000181,2,346,-344
120000182,2,416,-414
120000183,3,116,-113
120000184,71,389,-318
120000186,0,453,-453
120000187,4,353,-349
120000188,16,143,-127
120000190,37,25,12
120000191,60,36,24
120000192,36,9,27
120000193,23,1,22
120000195,11,0,11
120000196,25,2,23
120000197,3,12,-9
120000198,494,19,475
120000199,402,0,402
120000200,321,0,321
120000201,18,88,-70
120000202,1,33,-32
120000203,278,78,200
120000207,0,8,-8
120000208,11,26,-15
120000209,32,10,22
120000210,348,215,133
120000211,682,9,673
120000212,522,2,520
120000213,329,120,209
120000214,0,33,-33
120000215,1,19,-18
120000216,601,32,569
120000217,118,363,-245
120000218,9,364,-355
120000219,0,185,-185
120000220,0,570,-570
120000225,3818,8,3810
120000226,911,27,884
120000227,1280,205,1075
120000228,7137,5144,1993
120000230,574,28,546
120000231,2764,376,2388
120000233,1416,3,1413
120000235,756,224,532
120000236,2627,3,2624
120000237,1,333,-332
120000238,0,241,-241
120000241,1386,5605,-4219
120000412,866,13,853
120000413,890,138,752
120000414,478,14,464
120000415,2,67,-65
120000416,370,15,355
120000417,30,989,-959
120000418,646,9,637
120000419,7,69,-62
120000420,231,52,179
120000421,7196,3851,3345
120000422,94,3952,-3858
120000423,2,124,-122
120000424,598,34,564
120000436,72,1823,-1751
120000437,29,31,-2
120000438,1275,188,1087
120000439,389,859,-470
120000443,296,2,294
120000444,2747,435,2312
120000445,2709,1486,1223
120000446,1133,313,820
120000447,1112,0,1112
120000449,446,41,405
120000450,12,97,-85
120000451,350,58,292
120000452,71,0,71
120000453,0,18,-18
120000454,121,185,-64
120000455,239,27,212
120000456,1108,5628,-4520
120000457,292,222,70
120000458,481,298,183
120000459,340,83,257
120000665,63,271,-208
120000668,69,732,-663
120000669,670,78,592
120000670,40,419,-379
120000671,3945,1377,2568
120000672,99,351,-252
120900001,93,46,47
120900002,153,493,-340
120900003,212,1,211
120900004,28,204,-176
120900005,1,254,-253
120900006,1227,141,1086
120900007,142,109,33
120900008,865,336,529
120900009,134,12,122
120900010,1169,186,983
120900011,20,147,-127
120900012,27,1375,-1348
120900013,547,85,462
120900014,0,134,-134
120900015,1584,73,1511
120900016,3001,34,2967
120900017,1330,28,1302
120900018,532,117,415
120900019,582,391,191
120900020,401,365,36
120900021,577,103,474
120900022,1,85,-84
120900023,758,639,119
120900024,1112,488,624
120900025,1026,366,660
120900026,111,35,76
120900027,291,14,277
120900028,745,213,532
120900029,7,1328,-1321
120900030,3222,328,2894
120900031,564,65,499
120900032,2754,294,2460
120900033,2080,119,1961
120900034,15,4205,-4190
120900035,61,16,45
120900037,709,8,701
120900038,103,554,-451
120900039,200,67,133
120900040,873,16,857
120900041,41,16,25
120900042,1083,57,1026
120900043,149,78,71
120900044,3,516,-513
120900045,172,12,160
120900046,1382,2,1380
120900047,282,288,-6
120900048,298,20,278
120900049,1398,9,1389
120900050,610,4378,-3768
120900051,803,45,758
120900052,2343,8,2335
120900053,782,16,766
120900054,750,109,641
120900055,1458,3,1455
120900056,964,63,901
120900057,649,33,616
120900058,1419,5,1414
120900059,376,3,373
120900060,135,17,118
120900061,228,84,144
120900062,723,4,719
120900063,1658,18,1640
120900064,1424,0,1424
120900065,1492,3,1489
120900066,1900,69,1831
120900067,382,115,267
120900068,910,1,909
120900069,952,7,945
120900071,35,0,35
120900072,1788,12,1776
120900073,1654,15,1639
120900074,1210,24,1186
120900076,1272,7,1265
120900077,893,241,652
120900078,1338,184,1154
120900079,2102,86,2016
120900080,2421,311,2110
120900081,4203,325,3878
120900082,570,457,113
120900083,163,1,162
120900084,769,442,327
120900085,36,54,-18
120900086,40,848,-808
120900087,644,245,399
120900088,225,852,-627
120900089,949,5654,-4705
120900090,485,4,481
120900091,206,777,-571
120900092,148,150,-2
120900093,855,42,813
120900094,185,88,97
120900095,252,8,244
120900096,123,93,30
120900097,510,224,286
120900098,30,86,-56
120900099,81,21,60
120900100,32,92,-60
120900101,26,80,-54
120900102,148,16,132
120900103,75,126,-51
120900104,2,9,-7
120900105,4,340,-336
120900106,178,116,62
120900107,132,112,20
120900108,27,166,-139
120900109,64,158,-94
120900110,5,138,-133
120900111,203,114,89
120900112,2,123,-121
120900113,20,126,-106
120900114,16,125,-109
120900115,148,133,15
120900116,1429,111,1318
120900117,0,80,-80
120900118,6,109,-103
120900119,3969,1467,2502
120900120,106,165,-59
120900121,26,147,-121
120900122,1933,165,1768
120900123,1,66,-65
120900124,7,107,-100
120900125,0,188,-188
120900126,99,355,-256
120900127,4,84,-80
120900128,313,402,-89
120900129,5,119,-114
120900130,0,113,-113
120900131,63,162,-99
120900132,1940,64,1876
120900133,18,370,-352
120900134,83,113,-30
120900135,8,483,-475
120900136,33,146,-113
120900137,567,21,546
120900138,4,96,-92
120900139,8,180,-172
120900140,1,63,-62
120900141,205,115,90
120900142,1,86,-85
120900143,0,159,-159
120900144,0,33,-33
120900145,225,1471,-1246
120900146,0,128,-128
120900147,1,4,-3
120900148,118,87,31
120900149,0,101,-101
120900150,139,98,41
120900151,1,90,-89
120900152,0,1,-1
120900153,0,0,0
120900154,7,56,-49
120900155,447,197,250
120900156,481,116,365
120900157,0,0,0
120900158,41,195,-154
120900159,5,15,-10
120900160,25,482,-457
120900161,12,163,-151
120900162,21,144,-123
120900163,32,232,-200
120900164,0,26,-26
120900165,0,69,-69
120900166,68,381,-313
120900167,117,11,106
120900169,112,131,-19
120900170,256,6158,-5902
120900171,386,50,336
120900172,14,549,-535
120900173,10,19,-9
120900174,3,105,-102
120900175,129,46,83
120900176,17,347,-330
120900177,1,2401,-2400
120900178,1,516,-515
120900179,44,148,-104
120900180,47,108,-61
120900181,23,7,16
120900182,47,51,-4
120900183,279,43,236
120900184,72,54,18
120900185,215,934,-719
120900186,0,84,-84
120900187,783,490,293
120900188,713,6,707
120900189,9,4842,-4833
120900190,451,12,439
120900191,229,8,221
120900192,4418,19983,-15565
120900194,143,75,68
120900195,246,94,152
120900196,108,35,73
120900197,995,76,919
120900198,85,301,-216
120900199,296,359,-63
120900200,18,63,-45
120900201,139,52,87
120900202,0,72,-72
120900203,28,40,-12
120900204,33,80,-47
120900205,357,53,304
120900206,65,52,13
120900207,16,760,-744
121000001,718,1492,-774
121000002,1783,1857,-74
121000003,5143,2024,3119
121000004,1914,3278,-1364
121000005,2589,2916,-327
121000006,2110,2867,-757
121000007,3036,3974,-938
121000008,3265,3745,-480
121000009,3987,6219,-2232
121000010,4881,4195,686
121000011,4679,4131,548
121000012,8349,3292,5057
121000013,4711,4059,652
121000014,3867,2541,1326
121000015,3885,5778,-1893
121000016,3002,3584,-582
121000017,2822,1511,1311
121000018,2557,1393,1164
121000019,6443,6035,408
121000020,7347,11092,-3745
121000021,1553,2740,-1187
121000022,2381,2952,-571
121000023,2686,1296,1390
121000024,4311,5639,-1328
121000025,247,1448,-1201
121000026,208,153,55
121000027,1230,1077,153
121000028,803,514,289
121000029,1029,515,514
121000030,703,327,376
121000031,259,479,-220
121000032,148,104,44
121000034,286,607,-321
121000035,178,180,-2
121000036,1042,1038,4
121000037,613,984,-371
121000038,327,917,-590
121000039,91,415,-324
121000041,310,274,36
121000042,233,282,-49
121000043,455,419,36
121000044,1075,785,290
121000045,499,185,314
121000046,959,499,460
121000047,148,368,-220
121000049,740,495,245
121000050,201,1409,-1208
121000051,639,280,359
121000052,445,739,-294
121000053,284,141,143
121000054,30,429,-399
121000055,708,1859,-1151
121000056,850,1581,-731
121000057,133,304,-171
121000058,190,49,141
121000059,3370,809,2561
121000060,602,838,-236
121000061,8,399,-391
121000062,95,488,-393
121000063,842,1109,-267
121000064,677,845,-168
121000065,146,506,-360
121000066,648,691,-43
121000067,347,861,-514
121000068,314,366,-52
121000069,50,1320,-1270
121000070,902,1115,-213
121000071,1521,1275,246
121000072,384,1027,-643
121000073,947,1816,-869
121000074,69,466,-397
121000075,6,48,-42
121000076,402,219,183
121000077,146,183,-37
121000078,82,145,-63
121000080,1375,442,933
121000081,2310,3223,-913
121000082,91,178,-87
121000083,51,92,-41
121000084,101,118,-17
121000085,170,396,-226
121000086,1095,597,498
121000087,64,135,-71
121000088,579,618,-39
121000089,208,479,-271
121000090,323,242,81
121000091,1134,510,624
121000092,222,41,181
121000093,316,104,212
121000094,328,928,-600
121000095,132,608,-476
121000096,5325,1172,4153
121000097,555,1621,-1066
121000098,743,340,403
121000099,1102,353,749
121000100,1168,171,997
121000101,498,91,407
121000102,479,101,378
121000103,241,217,24
121000104,441,99,342
121000105,428,46,382
121000106,459,221,238
121000107,1308,1908,-600
121000109,869,752,117
121000110,104,599,-495
121000114,2594,1772,822
121000115,1775,423,1352
121000116,347,480,-133
121000117,187,291,-104
121000118,1291,176,1115
121000119,812,440,372
121000120,603,808,-205
121000121,457,1213,-756
121000123,636,239,397
121000127,273,88,185
121000128,1759,109,1650
121000129,1549,169,1380
121000130,767,1242,-475
121000131,1657,688,969
121000132,627,742,-115
121000135,150,146,4
121000136,731,1496,-765
121000137,563,406,157
121000138,363,2294,-1931
121000139,165,784,-619
121000141,195,207,-12
121000142,491,522,-31
121000143,89,21,68
121000144,514,578,-64
121000145,826,682,144
121000146,1141,902,239
121000147,1252,589,663
121000148,822,546,276
121000149,2765,2161,604
121000152,269,289,-20
121000153,1111,312,799
121000154,1533,425,1108
121000155,2317,816,1501
121000156,410,661,-251
121000157,470,807,-337
121000158,238,182,56
121000159,250,305,-55
121000160,286,214,72
121000161,232,306,-74
121000162,226,83,143
121000165,775,1715,-940
121000166,109,362,-253
121000168,454,177,277
121000169,82,87,-5
121000170,407,58,349
121000171,50,124,-74
121000172,1088,1418,-330
121000173,1289,1229,60
121000174,816,484,332
121000175,1961,306,1655
121000176,421,237,184
121000177,776,542,234
121000178,66,74,-8
121000179,16,100,-84
121000181,260,316,-56
121000182,221,560,-339
121000183,16,209,-193
121000184,5,263,-258
121000185,24,393,-369
121000186,274,776,-502
121000187,272,112,160
121000188,344,28,316
121000192,764,195,569
121000193,799,153,646
121000194,1654,1676,-22
121000195,223,1103,-880
121000196,518,411,107
121000197,108,1115,-1007
121000198,122,227,-105
121000199,346,721,-375
121000200,688,248,440
121000201,0,118,-118
121000202,621,132,489
121000203,640,1041,-401
121000204,3095,441,2654
121000205,135,199,-64
121000206,62,65,-3
121000207,2528,711,1817
121000208,10,287,-277
121000209,1272,62,1210
121000210,910,438,472
121000211,602,42,560
121000212,468,482,-14
121000213,15451,3314,12137
121000214,1106,2204,-1098
121000215,729,1420,-691
121000216,440,546,-106
121000217,3582,4245,-663
121000218,602,1715,-1113
121000219,1515,756,759
121000220,290,52,238
121000221,717,514,203
121000222,6193,2738,3455
121000223,238,634,-396
121000224,183,390,-207
121000225,455,8687,-8232
121000226,972,2847,-1875
121000227,8,52,-44
121000228,20,488,-468
121000229,611,283,328
121000230,55,3215,-3160
121000231,2142,57,2085
121000232,399,279,120
121000233,921,386,535
121000234,7,27,-20
121000235,38,142,-104
121000236,2,34,-32
121000237,22,26,-4
121000238,4,72,-68
121000239,116,16,100
121000240,9,159,-150
121000241,135,8,127
121000242,14,206,-192
121000243,278,41,237
121000244,0,44,-44
121000245,14,13,1
121000246,0,67,-67
121000247,134,3,131
121000248,346,493,-147
121000249,126,252,-126
121000250,718,854,-136
121000251,16,230,-214
121000252,235,150,85
121000253,453,787,-334
121000254,1347,388,959
121000255,117,465,-348
121000256,230,385,-155
121000257,24,293,-269
121000258,21,187,-166
121000259,12,189,-177
121000260,6,143,-137
121000261,51,242,-191
121000262,1637,242,1395
121000263,466,900,-434
121000271,1007,1518,-511
121000273,52,14,38
121000274,25,276,-251
121000275,22,4,18
121000276,9,144,-135
121000278,118,105,13
121000279,58,62,-4
121000280,14,105,-91
121000289,282,2,280
121000290,853,1180,-327
121000294,471,45,426
121000297,223,1113,-890
121000299,382,4572,-4190
121000300,1376,500,876
121000302,5,439,-434
121000303,842,132,710
121000304,683,33,650
121000305,307,22,285
121000306,331,177,154
121000308,74,129,-55
121000309,175,206,-31
121000310,142,109,33
121000311,43,120,-77
121000312,401,226,175
121000313,159,125,34
121000314,26,31,-5
121000315,25,71,-46
121000530,2304,1452,852
121000531,2319,1610,709
121000532,4593,5010,-417
121000533,3724,2385,1339
121000918,5,82,-77
121000919,38,111,-73
121000938,81,157,-76
121000939,47,207,-160
121000956,2411,2217,194
121000957,5,13,-8
121000958,3,68,-65
121000959,1654,293,1361
121000960,1574,1687,-113
121000961,476,30,446
121000962,274,239,35
121000963,0,0,0
121000973,0,467,-467
121000976,14,57,-43
121000979,218,71,147
121000981,655,64,591
121000982,687,412,275
121000983,902,44,858
121000984,2,19,-17
121000985,1561,549,1012
121000986,1207,270,937
121000987,334,587,-253
121000988,1485,78,1407
121001302,212,60,152
121001308,0,17,-17
121001309,14,681,-667
121001313,422,249,173
121001314,2214,1886,328
121001315,4853,4004,849
121001326,444,483,-39
121900001,124,431,-307
121900002,45,134,-89
121900003,409,3,406
121900004,38,819,-781
121900005,13,15,-2
121900006,175,8,167
121900007,1735,1266,469
121900008,80,132,-52
121900009,1084,2,1082
121900010,278,0,278
121900011,180,55,125
121900012,14,0,14
121900013,48,54,-6
121900014,2436,427,2009
121900015,87,58,29
121900016,20,39,-19
121900017,656,1236,-580
121900018,811,6,805
121900019,516,91,425
121900020,59,9,50
121900021,1146,43,1103
121900022,327,118,209
121900023,187,258,-71
121900024,291,26,265
121900025,519,302,217
121900026,207,81,126
121900027,255,157,98
121900028,232,16,216
121900029,61,465,-404
121900030,315,385,-70
121900031,1123,6908,-5785
121900032,114,48,66
121900033,102,234,-132
121900034,171,365,-194
121900035,4701,2572,2129
121900036,128,258,-130
121900037,165,709,-544
121900038,18,9,9
121900039,296,17,279
121900040,30,80,-50
121900041,59,188,-129
121900042,456,78,378
121900043,0,1,-1
121900044,79,53,26
121900046,147,118,29
121900047,82,58,24
121900048,41,48,-7
121900050,36,47,-11
121900051,119,330,-211
121900052,170,33,137
121900053,349,392,-43
121900054,520,1690,-1170
121900055,0,16,-16
121900058,363,158,205
121900059,365,109,256
121900060,98,373,-275
121900062,63,57,6
121900063,1882,346,1536
121900064,561,547,14
121900066,102,61,41
121900067,107,153,-46
121900069,116,146,-30
121900070,47,147,-100
121900071,928,327,601
121900072,44,60,-16
121900073,175,189,-14
121900074,344,317,27
121900075,309,731,-422
121900076,525,1213,-688
121900078,87,65,22
121900079,0,0,0
121900080,842,113,729
121900082,104,52,52
121900084,2,19,-17
121900086,49,53,-4
121900087,102,45,57
121900088,1084,1197,-113
121900089,554,150,404
121900090,6,84,-78
121900091,92,43,49
121900092,204,89,115
121900093,62,26,36
121900094,6,8,-2
121900095,361,85,276
121900096,969,373,596
121900097,571,58,513
121900098,6,0,6
121900099,486,33,453
121900100,21,216,-195
121900101,102,36,66
121900102,2,57,-55
121900103,408,201,207
121900104,1735,286,1449
121900105,165,103,62
121900106,2,8,-6
121900107,136,30,106
121900108,0,34,-34
121900109,232,74,158
121900110,645,226,419
121900111,453,282,171
121900112,109,88,21
121900113,21,497,-476
121900114,50,34,16
121900117,105,147,-42
121900118,1565,425,1140
121900119,147,194,-47
121900120,22,609,-587
121900121,276,8,268
121900122,83,33,50
121900123,224,270,-46
121900124,183,86,97
121900125,2107,929,1178
121900127,6,70,-64
121900128,96,44,52
121900129,212,54,158
121900130,30,172,-142
121900131,275,32,243
121900132,198,92,106
121900133,19,666,-647
121900134,2,246,-244
121900135,3653,261,3392
121900136,181,417,-236
121900137,22,390,-368
121900138,74,188,-114
121900139,338,2076,-1738
121900140,53,40,13
121900141,57,32,25
121900142,80,11,69
121900143,6,55,-49
121900144,98,533,-435
121900145,100,399,-299
121900146,297,352,-55
121900147,88,265,-177
121900148,92,137,-45
121900149,258,194,64
121900150,52,94,-42
121900151,22,218,-196
121900152,139,54,85
121900153,2,136,-134
121900154,1,321,-320
121900155,0,402,-402
121900156,131,141,-10
121900157,3,116,-113
121900158,56,93,-37
121900159,1,51,-50
121900160,194,191,3
121900161,73,110,-37
121900162,38,71,-33
121900163,680,134,546
121900164,117,199,-82
121900165,171,171,0
121900166,124,87,37
121900167,66,26,40
121900168,144,30,114
121900169,21,183,-162
121900170,9,82,-73
121900171,871,347,524
121900172,478,217,261
121900173,478,266,212
121900174,118,43,75
121900175,54,847,-793
121900176,796,1079,-283
121900177,202,47,155
121900178,72,28,44
121900179,149,234,-85
121900180,905,6382,-5477
121900182,449,467,-18
121900183,260,2300,-2040
121900184,19,749,-730
121900186,12,484,-472
121900187,20,52,-32
121900188,1254,92,1162
121900189,92,88,4
121900190,169,323,-154
121900191,23,443,-420
121900192,212,2229,-2017
121900193,41,125,-84
121900194,3,167,-164
121900195,1,42,-41
121900196,915,953,-38
121900197,293,656,-363
121900198,2714,2844,-130
121900199,10,32,-22
121900200,37,192,-155
121900201,752,843,-91
121900202,154,879,-725
121900203,15,759,-744
121900204,933,1795,-862
121900205,23,64,-41
121900206,22,50,-28
121900207,44,35,9
121900208,103,331,-228
121900209,107,63,44
121900210,2751,1307,1444
121900211,610,250,360
121900212,18,117,-99
121900213,630,73,557
121900214,3,421,-418
121900215,43,153,-110
121900216,11,378,-367
121900217,78,203,-125
121900218,116,620,-504
121900220,99,5,94
121900221,310,337,-27
121900222,293,39,254
121900223,62,116,-54
121900224,102,92,10
121900225,88,441,-353
121900226,196,21,175
121900227,390,1543,-1153
121900228,124,212,-88
121900230,50,231,-181
121900231,25,685,-660
121900232,74,292,-218
121900233,257,184,73
121900234,173,235,-62
121900235,878,89,789
121900236,320,147,173
121900237,151,526,-375
121900238,106,208,-102
121900239,84,32,52
121900240,66,67,-1
121900241,24,50,-26
121900242,52,0,52
121900243,7,1,6
121900244,30,0,30
121900245,312,62,250
121900246,6963,212,6751
121900248,1002,508,494
121900250,137,179,-42
121900251,384,24,360
121900252,287,66,221
121900253,43,642,-599
121900254,156,207,-51
121900255,536,44,492
121900258,4461,1515,2946
121900259,234,355,-121
121900260,135,71,64
121900261,75,457,-382
121900262,359,1045,-686
121900263,283,138,145
121900264,454,614,-160
121900265,453,25,428
121900266,974,185,789
121900267,205,20,185
121900269,281,752,-471
121900270,74,167,-93
121900271,59,139,-80
121900273,396,1975,-1579
121900274,672,177,495
121900277,256,1599,-1343
121900278,145,752,-607
121900279,255,108,147
121900280,51,272,-221
121900281,108,266,-158
121900284,33,1,32
121900286,162,88,74
121900287,1,87,-86
121900288,3,0,3
121900290,63,801,-738
121900291,293,730,-437
121900292,189,90,99
121900293,714,4598,-3884
121900294,356,10,346
121900295,189,54,135
121900296,100,171,-71
121900298,116,896,-780
121900299,0,90,-90
121900300,18,6,12
121900301,20,0,20
121900302,14,136,-122
121900303,53,475,-422
121900304,47,6,41
121900305,46,12,34
121900306,663,2,661
121900307,446,11,435
121900308,18,112,-94
121900309,0,107,-107
121900310,46,128,-82
121900311,788,17,771
121900312,540,19,521
121900313,562,6,556
121900314,4,10,-6
121900315,86,0,86
121900316,0,0,0
121900317,52,10,42
121900318,0,0,0
121900319,69,268,-199
121900320,10,17,-7
121900321,57,20,37
121900322,1,4,-3
121900323,21,32,-11
121900324,1,32,-31
121900325,40,0,40
121900326,2,1,1
121900327,9,35,-26
121900328,0,13,-13
121900329,0,30,-30
121900330,0,141,-141
121900331,8,8,0
121900332,39,21,18
121900333,92,1,91
121900334,48,35,13
122000001,1082,2314,-1232
122000002,1973,396,1577
122000003,583,1578,-995
122000004,864,739,125
122000005,4191,1649,2542
122000006,419,709,-290
122000007,332,711,-379
122000008,565,1517,-952
122000009,251,258,-7
122000010,1496,1647,-151
122000011,2810,1006,1804
122000012,355,1467,-1112
122000013,483,993,-510
122000014,5369,1197,4172
122000015,999,555,444
122000016,323,400,-77
122000017,694,763,-69
122000018,1935,1266,669
122000019,665,1869,-1204
122000020,93,383,-290
122000021,106,292,-186
122000022,607,946,-339
122000023,434,1428,-994
122000024,189,1342,-1153
122000025,335,1699,-1364
122000026,248,684,-436
122000027,541,449,92
122000028,1092,457,635
122000029,226,564,-338
122000031,184,402,-218
122000032,1992,1483,509
122000033,213,1126,-913
122000034,183,740,-557
122000035,90,353,-263
122000036,301,268,33
122000037,386,164,222
122000038,169,259,-90
122000039,104,212,-108
122000040,342,420,-78
122000041,857,811,46
122000042,303,630,-327
122000043,94,136,-42
122000044,62,84,-22
122000045,1104,584,520
122000046,628,699,-71
122000047,47,138,-91
122000048,1700,2806,-1106
122000049,4226,3378,848
122000050,348,311,37
122000051,153,442,-289
122000052,323,412,-89
122000053,234,1205,-971
122000054,1885,1434,451
122000055,1357,2313,-956
122000056,2063,1560,503
122000057,1704,1995,-291
122000058,326,1024,-698
122000059,443,1644,-1201
122000060,233,455,-222
122000061,113,240,-127
122000062,551,250,301
122000063,231,1064,-833
122000064,2032,3465,-1433
122000065,1826,1878,-52
122000066,199,765,-566
122000067,811,1248,-437
122000068,2177,1090,1087
122000069,863,944,-81
122000070,1243,1199,44
122000071,3535,895,2640
122000072,414,326,88
122000073,238,813,-575
122000074,1987,1282,705
122000075,813,621,192
122000076,3019,1027,1992
122000077,292,1475,-1183
122000078,311,1181,-870
122000079,154,1709,-1555
122000080,360,251,109
122000081,134,119,15
122000082,190,1051,-861
122000083,5141,695,4446
122000084,4418,1388,3030
122000085,232,924,-692
122000086,2349,5729,-3380
122000087,129,179,-50
122000088,56,137,-81
122000089,4362,2696,1666
122000090,261,1021,-760
122000091,43,553,-510
122000092,70,150,-80
122000093,1015,3524,-2509
122000094,5116,2188,2928
122000095,426,3009,-2583
122000096,358,2145,-1787
122000098,3129,2869,260
122000099,326,2275,-1949
122000100,495,375,120
122000101,160,691,-531
122000102,2860,902,1958
122000103,982,1847,-865
122000104,1541,110,1431
122000105,255,474,-219
122000106,407,1597,-1190
122000107,1167,211,956
122000108,468,565,-97
122000109,208,178,30
122000110,509,441,68
122000111,1393,1039,354
122000112,1289,1381,-92
122000113,568,363,205
122000114,834,3340,-2506
122000115,2485,1522,963
122000116,149,790,-641
122000117,952,467,485
122000118,813,519,294
122000119,1117,1067,50
122000120,666,986,-320
122000121,932,992,-60
122000122,498,449,49
122000123,862,1180,-318
122000124,520,373,147
122000125,260,433,-173
122000126,196,315,-119
122000127,155,317,-162
122000128,270,187,83
122000129,489,2369,-1880
122000130,1947,496,1451
122000131,1102,357,745
122000132,185,161,24
122000133,1212,442,770
122000134,909,591,318
122000135,501,139,362
122000136,698,389,309
122000137,2412,465,1947
122000139,640,2893,-2253
122000140,99,878,-779
122000141,2974,1608,1366
122000142,70,1508,-1438
122000143,214,192,22
122000144,2057,699,1358
122000145,605,1110,-505
122000146,316,2013,-1697
122000147,417,847,-430
122000148,269,1361,-1092
122000149,1586,548,1038
122000150,1588,713,875
122000151,105,271,-166
122000152,331,187,144
122000153,294,237,57
122000154,125,139,-14
122000155,755,1988,-1233
122000156,8355,4094,4261
122000157,289,8482,-8193
122000158,236,892,-656
122000159,1035,628,407
122000160,1775,867,908
122000161,1118,873,245
122000162,525,953,-428
122000163,289,55,234
122000164,41,149,-108
122000165,608,1213,-605
122000166,473,2054,-1581
122000167,188,464,-276
122000168,174,1094,-920
122000169,359,136,223
122000170,296,194,102
122000171,14,62,-48
122000172,1909,1187,722
122000173,1521,1869,-348
122000174,720,3182,-2462
122000175,306,194,112
122000176,329,1501,-1172
122000177,479,1303,-824
122000178,3283,2884,399
122000179,3247,3270,-23
122000180,337,542,-205
122000181,455,859,-404
122000182,672,632,40
122000183,1827,981,846
122000184,2206,2135,71
122000185,761,1818,-1057
122000186,560,1148,-588
122000187,1739,819,920
122000188,233,167,66
122000189,154,111,43
122000190,506,1769,-1263
122000191,351,445,-94
122000192,574,412,162
122000193,433,863,-430
122000194,477,345,132
122000195,154,1110,-956
122000196,1206,246,960
122000197,451,547,-96
122000198,297,1794,-1497
122000199,145,185,-40
122000200,731,564,167
122000201,945,2376,-1431
122000202,588,2368,-1780
122000203,1528,1222,306
122000204,1317,883,434
122000205,598,422,176
122000206,4590,1134,3456
122000207,1852,2031,-179
122000208,1765,1459,306
122000209,1868,324,1544
122000210,2068,1892,176
122000211,919,1574,-655
122000212,604,452,152
122000213,757,1411,-654
122000214,1387,1584,-197
122000215,2152,2114,38
122000217,1041,1456,-415
122000218,512,78,434
122000219,1075,631,444
122000220,160,740,-580
122000221,90,312,-222
122000222,122,36,86
122000223,622,618,4
122000225,516,525,-9
122000226,1036,1301,-265
122000227,181,1149,-968
122000228,261,473,-212
122000229,33,1032,-999
122000230,29,352,-323
122000231,279,819,-540
122000232,350,414,-64
122000233,0,51,-51
122000234,668,31,637
122000235,245,53,192
122000236,1890,116,1774
122000237,55,43,12
122000238,243,644,-401
122000239,436,429,7
122000240,1140,391,749
122000241,2986,451,2535
122000242,478,50,428
122000243,375,66,309
122000244,61,195,-134
122000245,224,61,163
122000246,425,265,160
122000247,638,1307,-669
122000248,804,803,1
122000249,1864,1779,85
122000250,1637,899,738
122000251,113,114,-1
122000252,212,27,185
122000253,80,135,-55
122000254,569,52,517
122000255,608,487,121
122000256,256,409,-153
122000257,471,199,272
122000258,395,195,200
122000259,51,172,-121
122000261,35,215,-180
122000262,0,16,-16
122000263,158,86,72
122000264,1915,280,1635
122000265,2405,904,1501
122000266,3147,727,2420
122000267,47,62,-15
122000268,163,129,34
122000269,964,203,761
122000270,572,179,393
122000271,170,2475,-2305
122000272,359,493,-134
122000273,488,228,260
122000274,238,153,85
122000275,19,116,-97
122000276,2021,500,1521
122000277,826,2877,-2051
122000278,2004,410,1594
122000279,211,275,-64
122000280,527,498,29
122000281,482,360,122
122000282,98,712,-614
122000283,404,332,72
122000284,66,333,-267
122000285,476,98,378
122000286,116,215,-99
122000287,1674,1869,-195
122000288,551,277,274
122000291,2694,607,2087
122000293,225,147,78
122000294,132,470,-338
122000295,1307,311,996
122000296,8,1506,-1498
122000297,1643,3746,-2103
122000299,523,190,333
122000300,352,452,-100
122000301,5966,3785,2181
122000302,301,3716,-3415
122000303,1182,895,287
122000304,16,162,-146
122000305,2027,432,1595
122000306,100,180,-80
122000307,77,129,-52
122000309,40,79,-39
122000310,6,39,-33
122000311,16,57,-41
122000312,114,165,-51
122000313,21,124,-103
122000314,207,533,-326
122000315,233,14,219
122000316,1452,254,1198
122000317,2822,150,2672
122000318,456,1161,-705
122000319,194,176,18
122000320,474,1252,-778
122000321,83,77,6
122000322,1026,1409,-383
122000323,339,1312,-973
122000324,1315,1777,-462
122000325,771,1545,-774
122000326,158,45,113
122000327,170,536,-366
122000328,413,340,73
122000330,1599,1456,143
122000332,153,224,-71
122000333,16,70,-54
122000337,1397,928,469
122000338,516,119,397
122000340,152,3053,-2901
122000342,1088,673,415
122000343,529,399,130
122000344,79,5,74
122000345,194,26,168
122000346,290,130,160
122000348,545,440,105
122000349,82,426,-344
122000351,381,234,147
122000352,543,229,314
122000353,381,39,342
122000355,52,505,-453
122000356,139,1486,-1347
122000357,71,23,48
122000358,0,19,-19
122000359,0,25,-25
122000360,0,3,-3
122000362,42,39,3
122000364,521,99,422
122000365,0,36,-36
122000366,16,4,12
122000368,426,615,-189
122000370,34,44,-10
122000371,43,0,43
122000372,32,1,31
122000381,228,250,-22
122000382,37,189,-152
122000384,1007,846,161
122000385,68,0,68
122000386,104,1598,-1494
122000387,384,1916,-1532
122000388,1234,898,336
122000389,156,952,-796
122000390,283,699,-416
122000391,26,1222,-1196
122000392,95,324,-229
122000393,34,54,-20
122000394,617,142,475
122000395,147,125,22
122000396,387,50,337
122000397,62,106,-44
122000398,36,172,-136
122000399,229,106,123
122000400,19,1111,-1092
122000401,381,82,299
122000402,850,90,760
122000403,304,247,57
122000404,298,62,236
122000408,567,777,-210
122000503,4,77,-73
122000524,44,194,-150
122000544,93,2787,-2694
122000614,237,157,80
122000616,183,0,183
122000640,186,67,119
122000641,283,199,84
122000642,1608,399,1209
122000643,56,177,-121
122000644,104,61,43
122000645,31,180,-149
122000651,281,1297,-1016
122000664,274,35,239
122000665,1049,340,709
122000666,367,454,-87
122000673,45,135,-90
122000674,661,299,362
122000675,2933,504,2429
122000686,277,1815,-1538
122000687,2274,636,1638
122000688,288,389,-101
122000689,2342,231,2111
122000690,5049,314,4735
122000691,1202,522,680
122000692,1377,418,959
122000693,303,509,-206
122000695,366,181,185
122000696,1174,111,1063
122000698,386,105,281
122000699,524,74,450
122000701,3091,145,2946
122000702,575,819,-244
122000703,220,59,161
122000712,0,0,0
122000717,47,87,-40
122000718,896,4013,-3117
122000719,69,88,-19
122000720,1274,101,1173
122000724,173,210,-37
122900001,31,19,12
122900002,568,8316,-7748
122900003,697,8,689
122900004,4111,259,3852
122900005,24,308,-284
122900006,391,2178,-1787
122900007,45,69,-24
122900008,262,403,-141
122900009,384,258,126
122900010,237,83,154
122900012,121,258,-137
122900014,81,79,2
122900015,877,535,342
122900016,202,118,84
122900017,205,578,-373
122900018,222,5,217
122900019,22,233,-211
122900020,328,625,-297
122900021,77,455,-378
122900024,267,91,176
122900025,4,536,-532
122900026,4,129,-125
122900027,55,741,-686
122900028,35,43,-8
122900029,5856,1567,4289
122900030,1945,218,1727
122900031,80,346,-266
122900032,406,229,177
122900033,149,111,38
122900034,2986,3762,-776
122900035,13,3,10
122900036,50,31,19
122900037,330,234,96
122900038,46,2195,-2149
122900039,55,424,-369
122900040,261,1047,-786
122900041,98,565,-467
122900042,174,128,46
122900043,418,215,203
122900044,114,298,-184
122900045,122,113,9
122900046,50,351,-301
122900047,107,82,25
122900048,22,218,-196
122900049,3031,49,2982
122900051,14,369,-355
122900052,132,104,28
122900053,13,23,-10
122900055,208,47,161
122900057,283,15,268
122900061,600,25,575
122900062,529,778,-249
122900063,311,76,235
122900064,992,618,374
122900065,356,19,337
122900066,746,235,511
122900067,507,577,-70
122900069,485,2550,-2065
122900070,487,333,154
122900071,39,193,-154
122900073,27,84,-57
122900074,1705,116,1589
122900075,4,46,-42
122900076,2,70,-68
122900077,29,46,-17
122900078,259,1,258
122900080,5,52,-47
122900081,176,62,114
122900082,1961,50,1911
122900083,164,18,146
122900084,4,109,-105
122900086,3,109,-106
122900087,389,133,256
122900088,27,556,-529
122900089,239,374,-135
122900090,1,136,-135
122900091,753,3,750
122900092,482,164,318
122900093,0,63,-63
122900094,0,84,-84
122900095,325,32,293
122900096,448,52,396
122900097,20,80,-60
122900098,6,148,-142
122900099,288,89,199
122900100,84,1335,-1251
122900101,455,289,166
122900102,130,100,30
122900103,776,11,765
122900104,616,22,594
122900105,56,29,27
122900106,0,32,-32
122900107,0,52,-52
122900108,1,69,-68
122900109,1387,377,1010
123000001,715,847,-132
123000002,2056,5641,-3585
123000003,4714,3786,928
123000004,2634,3035,-401
123000005,3427,2173,1254
123000006,2147,1371,776
123000007,4378,2708,1670
123000008,2100,2925,-825
123000009,4727,2750,1977
123000010,2753,2832,-79
123000011,1435,1085,350
123000012,482,2946,-2464
123000013,5289,1256,4033
123000014,734,2843,-2109
123000015,2503,1133,1370
123000016,2181,2497,-316
123000017,4640,2094,2546
123000018,135,88,47
123000019,1188,28,1160
123000020,741,42,699
123000021,496,630,-134
123000022,1347,2864,-1517
123000023,2053,3075,-1022
123000024,2221,1096,1125
123000025,685,99,586
123000026,15,114,-99
123000027,45,618,-573
123000028,565,3217,-2652
123000029,688,2088,-1400
123000030,410,277,133
123000031,673,151,522
123000032,1033,214,819
123000033,636,195,441
123000034,1346,918,428
123000035,302,630,-328
123000036,227,1347,-1120
123000037,320,191,129
123000038,34,243,-209
123000039,535,1306,-771
123000040,689,196,493
123000041,514,923,-409
123000042,444,881,-437
123000043,1115,13142,-12027
123000044,2508,1826,682
123000045,2097,1237,860
123000046,176,1140,-964
123000047,256,450,-194
123000048,99,1472,-1373
123000049,3864,7914,-4050
123000050,2330,1494,836
123000051,118,295,-177
123000052,895,2402,-1507
123000053,2037,1877,160
123000054,2851,2062,789
123000055,2212,5014,-2802
123000056,1246,473,773
123000057,2708,4064,-1356
123000058,617,1330,-713
123000059,160,462,-302
123000060,1454,398,1056
123000061,327,461,-134
123000063,1371,979,392
123000064,1576,137,1439
123000065,2179,2301,-122
123000066,264,373,-109
123000067,1152,236,916
123000068,1251,1185,66
123000069,1742,816,926
123000070,156,190,-34
123000071,2356,412,1944
123000072,888,283,605
123000073,2682,594,2088
123000074,1147,519,628
123000075,294,1818,-1524
123000076,923,310,613
123000077,1839,750,1089
123000078,3555,531,3024
123000079,3525,916,2609
123000080,2562,496,2066
123000081,200,198,2
123000082,207,410,-203
123000083,1010,202,808
123000084,719,310,409
123000085,726,54,672
123000086,1247,47,1200
123000087,488,157,331
123000088,1130,559,571
123000089,1542,659,883
123000090,1607,597,1010
123000091,2044,1122,922
123000092,1156,1022,134
123000094,860,89,771
123000095,1411,1364,47
123000096,1462,268,1194
123000097,718,182,536
123000098,1435,185,1250
123000099,892,158,734
123000100,192,503,-311
123000101,268,182,86
123000102,437,1126,-689
123000104,479,358,121
123000105,369,148,221
123000106,698,217,481
123000107,311,126,185
123000108,314,483,-169
123000111,1494,300,1194
123000112,2130,212,1918
123000113,626,343,283
123000114,324,880,-556
123000115,548,720,-172
123000116,80,94,-14
123000117,3318,1325,1993
123000118,656,267,389
123000119,407,387,20
123000120,190,513,-323
123000121,716,347,369
123000122,473,183,290
123000123,781,328,453
123000124,487,133,354
123000125,1535,736,799
123000126,1036,3624,-2588
123000127,490,371,119
123000128,293,100,193
123000129,1445,75,1370
123000130,1648,45,1603
123000131,1906,951,955
123000132,324,238,86
123000133,251,58,193
123000134,265,55,210
123000135,3607,1713,1894
123000136,122,250,-128
123000137,239,58,181
123000138,234,132,102
123000139,970,73,897
123000140,48,245,-197
123000141,535,64,471
123000142,1213,750,463
123000143,1125,1997,-872
123000144,0,45,-45
123000147,185,536,-351
123000149,415,179,236
123000150,127,131,-4
123000151,130,352,-222
123000152,15,225,-210
123000153,82,632,-550
123000154,776,1890,-1114
123000155,1049,1348,-299
123000156,17,38,-21
123000157,1172,986,186
123000158,375,1185,-810
123000159,2222,5742,-3520
123000160,1081,1613,-532
123000161,1409,1507,-98
123000162,2043,2420,-377
123000163,1226,163,1063
123000164,2369,57,2312
123000165,124,816,-692
123000167,0,24,-24
123000168,467,96,371
123000169,1363,18,1345
123000170,282,23,259
123000171,2172,6,2166
123000172,163,407,-244
123000173,818,349,469
123000174,1263,634,629
123000175,187,613,-426
123000176,1037,309,728
123000177,209,587,-378
123000178,1303,223,1080
123000179,27,332,-305
123000180,1895,188,1707
123000181,179,271,-92
123000182,418,193,225
123000183,100,401,-301
123000184,26,260,-234
123000185,1289,784,505
123000186,2,124,-122
123000187,931,25,906
123000188,732,2,730
123000189,72,68,4
123000190,35,61,-26
123000192,3,163,-160
123000193,9,231,-222
123000194,105,47,58
123000195,623,9,614
123000196,587,125,462
123000197,151,135,16
123000198,93,234,-141
123000199,32,278,-246
123000200,438,12,426
123000201,978,5,973
123000202,16,224,-208
123000203,1441,21,1420
123000204,18,276,-258
123000205,109,423,-314
123000206,2692,58,2634
123000207,149,351,-202
123000208,1583,75,1508
123000209,3636,538,3098
123000210,145,904,-759
123000211,241,822,-581
123000212,5147,283,4864
123000213,666,50,616
123000215,115,220,-105
123000216,135,1597,-1462
123000217,229,71,158
123000218,25,642,-617
123000219,487,135,352
123000220,733,324,409
123000221,337,71,266
123000222,414,164,250
123000223,885,125,760
123000224,773,248,525
123000225,421,13,408
123000226,271,119,152
123000227,123,118,5
123000228,379,50,329
123000229,484,551,-67
123000232,101,311,-210
123000233,1137,97,1040
123000234,135,764,-629
123000235,2270,188,2082
123000236,415,358,57
123000237,800,133,667
123000238,27,252,-225
123000239,334,374,-40
123000240,82,813,-731
123000241,290,48,242
123000242,162,165,-3
123000243,905,1550,-645
123000244,774,396,378
123000245,8,123,-115
123000249,214,593,-379
123000252,920,363,557
123000253,2117,407,1710
123000254,696,340,356
123000255,1397,918,479
123000256,3,95,-92
123000257,1405,1219,186
123000258,652,469,183
123000259,714,445,269
123000260,771,150,621
123000261,436,148,288
123000263,413,416,-3
123000264,382,81,301
123000265,30,70,-40
123000266,434,447,-13
123000267,988,205,783
123000268,52,60,-8
123000269,308,52,256
123000270,149,33,116
123000271,29,37,-8
123000272,676,304,372
123000273,373,1025,-652
123000274,1539,578,961
123000275,194,600,-406
123000278,1166,4104,-2938
123000279,309,86,223
123000280,346,385,-39
123000281,426,85,341
123000282,99,143,-44
123000283,44,38,6
123000284,65,71,-6
123000286,357,266,91
123000287,478,274,204
123000288,712,985,-273
123000289,142,1540,-1398
123000291,107,538,-431
123000294,195,174,21
123000295,669,1567,-898
123000296,1204,1168,36
123000297,1295,233,1062
123000298,2480,1023,1457
123000299,1047,255,792
123000300,1584,878,706
123000301,272,590,-318
123000302,278,57,221
123000303,141,805,-664
123000305,602,518,84
123000306,465,64,401
123000309,78,64,14
123000310,61,29,32
123000311,0,79,-79
123000312,531,198,333
123000313,837,1351,-514
123000315,470,112,358
123000316,959,830,129
123000317,782,124,658
123000318,57,522,-465
123000329,11,13,-2
123000337,509,254,255
123000338,94,287,-193
123000339,503,60,443
123000340,192,338,-146
123000342,6,39,-33
123000343,122,16,106
123000344,409,61,348
123000345,314,144,170
123000346,717,61,656
123000352,944,546,398
123000353,92,49,43
123000354,1337,5,1332
123000355,2,401,-399
123000356,482,50,432
123000357,5,90,-85
123000359,18,40,-22
123000360,191,339,-148
123000361,364,152,212
123000362,621,65,556
123000363,224,57,167
123000364,444,549,-105
123000365,26,388,-362
123000366,206,2755,-2549
123000367,250,322,-72
123000370,37,163,-126
123000371,1087,59,1028
123000372,543,134,409
123000373,23,137,-114
123000374,2,108,-106
123000375,425,432,-7
123000376,1315,1036,279
123000377,836,8,828
123000378,2,133,-131
123000379,3,209,-206
123000380,5,148,-143
123000381,41,90,-49
123000382,593,131,462
123000383,54,560,-506
123000384,1172,124,1048
123000385,100,273,-173
123000436,123,1553,-1430
123000507,43,89,-46
123000508,156,1484,-1328
123000517,184,4,180
123000518,20,27,-7
123000519,116,41,75
123000520,25,54,-29
123000521,616,87,529
123000522,70,51,19
123000541,40,4,36
123000542,1,3,-2
123000565,1305,95,1210
123000566,753,124,629
123000567,316,85,231
123000573,46,359,-313
123000574,1443,126,1317
123000575,3468,219,3249
123000576,1166,494,672
123000577,66,427,-361
123000578,611,50,561
123000579,903,7060,-6157
123000580,390,143,247
123000582,580,17,563
123000583,2,139,-137
123000584,205,106,99
123000585,1,23,-22
123000586,420,16,404
123000596,221,181,40
123000597,210,247,-37
123000602,250,29,221
123000603,2418,216,2202
123000604,1611,206,1405
123000605,1175,47,1128
123000606,1,897,-896
123000609,25,305,-280
123000610,57,79,-22
123000613,155,48,107
123000614,459,34,425
123000615,96,81,15
123000616,1418,44,1374
123000617,54,109,-55
123000618,2,296,-294
123000619,688,20,668
123000620,17,165,-148
123000622,817,33,784
123000624,444,138,306
123000630,3357,753,2604
123000631,390,468,-78
123000632,667,381,286
123000633,1,320,-319
123000634,49,840,-791
123000635,43,266,-223
123000636,64,394,-330
123000637,341,19,322
123000638,1461,54,1407
123000639,930,8466,-7536
123000640,19,165,-146
123000648,1115,38,1077
123000649,15,252,-237
123000650,149,74,75
123000651,34,105,-71
123900001,1306,56,1250
123900002,7,1208,-1201
123900003,75,223,-148
123900005,364,180,184
123900006,741,101,640
124000001,2740,250,2490
124000002,7,393,-386
124000003,1589,188,1401
124000004,95,197,-102
124000005,1084,1317,-233
124000006,219,309,-90
124000007,1317,113,1204
124000008,7,566,-559
124000009,1422,556,866
124000010,582,473,109
124000011,898,738,160
124000012,361,147,214
124000017,328,89,239
124000018,215,160,55
124000019,330,57,273
124000020,71,119,-48
124000021,140,66,74
124000022,131,193,-62
124000023,1180,439,741
124000024,247,141,106
124000025,757,693,64
124000026,358,184,174
124000027,1293,525,768
124000028,1735,754,981
124000031,1215,12030,-10815
124000032,830,553,277
124000033,1260,1537,-277
124000034,698,613,85
124000035,579,139,440
124000036,382,511,-129
124000037,310,565,-255
124000038,6,123,-117
124000039,294,231,63
124000040,137,853,-716
124000041,1102,326,776
124000042,233,409,-176
124000043,237,22,215
124000044,90,199,-109
124000045,2310,151,2159
124000046,264,567,-303
124000047,4008,406,3602
124000048,1471,257,1214
124000049,2669,326,2343
124000050,1198,629,569
124000051,2214,211,2003
124000052,852,452,400
124000053,417,3394,-2977
124000054,712,180,532
124000055,941,7190,-6249
124000056,1090,547,543
124000057,2474,240,2234
124000058,1013,574,439
124000059,1838,1099,739
124000060,432,486,-54
124000061,1477,7490,-6013
124000062,1305,742,563
124000063,1309,525,784
124000064,1432,1314,118
124000065,6,365,-359
124000066,228,109,119
124000067,199,141,58
124000068,128,474,-346
124000069,488,119,369
124000070,596,179,417
124000071,88,459,-371
124000072,121,493,-372
124000073,691,60,631
124000074,209,1010,-801
124000075,981,26,955
124000076,109,56,53
124000077,387,492,-105
124000078,1433,896,537
124000079,184,838,-654
124000080,1256,415,841
124000081,323,877,-554
124000082,138,158,-20
124000083,27,115,-88
124000084,23,1517,-1494
124000085,61,24,37
124000086,269,218,51
124000088,136,165,-29
124000089,822,188,634
124000090,363,181,182
124000091,763,117,646
124000092,460,460,0
124000093,194,21,173
124000094,137,450,-313
124000095,179,46,133
124000096,359,63,296
124000097,307,122,185
124000098,338,37,301
124000099,387,50,337
124000100,108,132,-24
124000101,256,148,108
124000102,159,17,142
124000103,379,168,211
124000104,128,20,108
124000105,330,108,222
124000106,134,27,107
124000107,36,333,-297
124000108,52,8,44
124000109,117,63,54
124000110,174,56,118
124000111,216,85,131
124000112,1656,348,1308
124000113,231,139,92
124000114,848,209,639
124000115,517,512,5
124000116,88,278,-190
124000117,35,54,-19
124000118,41,59,-18
124000119,1224,577,647
124000120,832,323,509
124000121,1110,1099,11
124000122,555,1691,-1136
124000123,579,255,324
124000124,570,626,-56
124000125,361,186,175
124000126,408,333,75
124000127,1133,253,880
124000128,1034,265,769
124000129,1621,838,783
124000130,476,202,274
124000131,658,471,187
124000132,422,478,-56
124000133,1394,518,876
124000134,508,113,395
124000135,2206,1622,584
124000136,513,716,-203
124000137,1049,878,171
124000138,782,1461,-679
124000139,1125,212,913
124000140,48,984,-936
124000141,1818,23,1795
124000142,63,449,-386
124000143,91,38,53
124000144,3,200,-197
124000145,133,323,-190
124000146,46,373,-327
124000148,6,107,-101
124000149,1399,214,1185
124000150,247,1513,-1266
124000151,1283,163,1120
124000152,619,1006,-387
124000153,1153,456,697
124000154,369,418,-49
124000155,910,569,341
124000156,920,567,353
124000169,183,877,-694
124000170,505,392,113
124000171,496,450,46
124000172,311,373,-62
124000173,1291,170,1121
124000174,695,310,385
124000175,96,115,-19
124000176,132,33,99
124000177,2,51,-49
124000178,62,88,-26
124000185,35,2,33
124000186,14,58,-44
124000187,4,67,-63
124000188,204,9,195
124000190,31,63,-32
124000191,176,599,-423
124000192,1240,788,452
124000193,142,3644,-3502
124000194,237,128,109
124000195,496,377,119
124000196,875,678,197
124000197,128,8,120
124000198,54,55,-1
124000201,32,299,-267
124000202,1075,36,1039
124000203,650,114,536
124000204,3406,10,3396
124000205,248,478,-230
124000206,2024,240,1784
124000207,0,11,-11
124000209,215,180,35
124000210,1651,227,1424
124000211,1804,2,1802
124000212,0,77,-77
124000213,1318,231,1087
124000214,1305,306,999
124000215,1424,8,1416
124000216,10,166,-156
124000329,8,244,-236
124000338,75,615,-540
124000339,4089,28,4061
124000341,3719,24,3695
124000344,227,39,188
124000357,2133,4482,-2349
124000358,1021,2644,-1623
124000359,1445,741,704
124000360,1959,520,1439
124000361,1970,1213,757
124000362,1301,3194,-1893
124000363,877,252,625
124000364,705,282,423
124000365,1146,600,546
124000366,3239,1060,2179
124000367,64,192,-128
124000368,477,1717,-1240
124000369,54,136,-82
124000370,21,784,-763
124000402,103,36,67
124000403,240,105,135
124000404,111,13,98
124000405,671,441,230
124000406,714,276,438
124000407,7,12,-5
124000411,2,329,-327
124000412,812,3,809
124000413,143,451,-308
124000414,240,76,164
124000415,73,59,14
124000416,221,84,137
124000417,583,47,536
124000418,516,31,485
124000419,307,29,278
124000420,306,11,295
124000421,169,67,102
124000422,36,7,29
124000423,263,15,248
124000424,15,15,0
124000425,184,70,114
124000426,10,45,-35
124000427,526,5,521
124000428,2,1185,-1183
124000429,249,30,219
124000430,910,428,482
124000431,765,238,527
124000432,503,955,-452
124000439,40,3,37
124000443,2,9,-7
124000445,327,5140,-4813
124000446,1182,788,394
124000447,22,575,-553
124000448,439,20,419
124000449,750,15,735
124000450,16,107,-91
124000451,2,26,-24
124000452,211,71,140
124000453,1846,2263,-417
124000454,1229,2558,-1329
124900001,1276,100,1176
124900002,277,109,168
124900003,822,119,703
124900004,1473,125,1348
124900005,200,44,156
124900006,1305,110,1195
124900008,660,469,191
124900009,124,565,-441
124900010,418,119,299
124900011,1432,258,1174
124900012,324,66,258
124900013,909,374,535
124900014,507,178,329
124900015,133,586,-453
124900016,179,267,-88
124900017,589,5703,-5114
124900018,900,37,863
124900020,192,31,161
124900021,609,81,528
124900024,1078,5,1073
124900026,31,24,7
124900027,157,189,-32
124900028,215,74,141
124900030,3,91,-88
124900031,9,143,-134
124900033,146,277,-131
124900035,122,33,89
124900036,0,66,-66
124900037,263,36,227
124900039,0,91,-91
124900040,27,78,-51
124900042,95,45,50
124900043,395,266,129
124900044,27,1,26
124900045,268,877,-609
124900047,361,218,143
124900050,486,136,350
124900052,154,142,12
124900053,612,2402,-1790
124900054,533,1022,-489
124900055,2,98,-96
124900057,9,78,-69
124900060,369,447,-78
124900061,502,28,474
124900062,302,30,272
124900066,0,12,-12
124900067,40,147,-107
124900068,85,1227,-1142
124900070,327,174,153
124900072,585,88,497
124900075,1602,318,1284
124900076,69,3242,-3173
124900077,93,93,0
124900078,99,1,98
124900080,630,276,354
124900081,1908,98,1810
124900082,746,397,349
124900083,1094,598,496
124900085,712,758,-46
124900086,16,806,-790
124900087,758,20,738
124900088,322,148,174
124900089,953,192,761
124900090,907,137,770
124900091,411,84,327
124900092,405,71,334
124900093,641,105,536
124900094,958,73,885
124900095,152,628,-476
124900096,264,51,213
124900097,662,25,637
124900098,324,200,124
124900099,97,532,-435
124900100,552,21,531
124900101,325,10,315
124900102,611,49,562
124900103,281,41,240
124900104,105,35,70
124900105,200,20,180
124900106,363,50,313
124900107,330,5,325
124900108,508,151,357
124900111,10,526,-516
124900112,794,202,592
124900113,15,177,-162
124900114,64,156,-92
124900115,18,296,-278
124900116,561,481,80
124900117,75,280,-205
124900118,86,1967,-1881
124900119,524,128,396
124900120,37,134,-97
124900121,479,402,77
124900122,530,109,421
124900123,205,573,-368
124900124,459,270,189
124900125,433,3,430
124900126,1,133,-132
204000001,402,8,394
204000002,35,14,21
204000003,18,1,17
204000004,13,4,9
204000005,382,303,79
204000006,1110,1332,-222
204000011,4,7,-3
204000012,80,31,49
204000019,1556,303,1253
204000020,1769,232,1537
204000021,1058,949,109
204000022,1433,672,761
204000023,591,299,292
204000031,83,9,74
204000032,338,8,330
204000034,123,69,54
204000035,1,3,-2
204000036,11,67,-56
204000037,2,12,-10
204000038,0,2,-2
204000039,16,39,-23
204000040,8,32,-24
204000041,14,36,-22
204000042,30,16,14
204000043,72,7,65
204000044,109,37,72
204000045,99,20,79
204000046,7,11,-4
204000057,6,12,-6
204000062,72,20,52
204000068,117,373,-256
204000069,131,716,-585
204000070,82,78,4
204000080,81,55,26
204000085,1129,492,637
204000086,1988,896,1092
204000087,120,3,117
204000088,18,21,-3
204000090,268,143,125
204000093,936,60,876
204000096,1627,414,1213
204000097,776,29,747
204000099,1159,2207,-1048
204000100,1739,730,1009
204000105,1575,582,993
204000110,611,699,-88
204000111,754,602,152
204000112,422,309,113
204000113,340,372,-32
204000114,1380,1261,119
204000115,1737,288,1449
204000116,884,254,630
204000119,3540,920,2620
204000132,673,737,-64
204000133,941,106,835
204000134,315,56,259
204000135,1009,23,986
204000136,775,286,489
204000138,270,1013,-743
204000140,218,88,130
204000141,179,44,135
204000144,1,43,-42
204000145,913,38,875
204000146,17,112,-95
204000147,16,250,-234
204000148,224,56,168
204000154,10,2,8
204000155,1,3,-2
204000177,30,75,-45
204000179,12,29,-17
204000180,0,48,-48
204000222,0,5,-5
204000235,104,18,86
204000236,18,77,-59
204000238,21,24,-3
204000240,383,29,354
204000263,741,688,53
204000268,547,153,394
204000308,84,39,45
204000317,47,103,-56
204000322,54,90,-36
204000323,9,13,-4
204000328,329,45,284
204000329,206,30,176
204000330,316,19,297
204000331,371,97,274
205000001,819,1022,-203
205000013,48,131,-83
205000014,185,112,73
205000015,224,22,202
205000016,140,83,57
205000017,57,78,-21
205000022,338,328,10
205000025,1734,362,1372
205000029,864,5,859
205000045,279,185,94
205000046,224,194,30
205000047,97,177,-80
205000048,503,199,304
205000049,243,279,-36
205000050,411,89,322
205000059,0,267,-267
205000060,0,486,-486
205000061,14,1116,-1102
205000062,3,925,-922
205000063,64,1698,-1634
205000064,43,407,-364
205000065,422,736,-314
205000066,369,303,66
205000067,279,287,-8
205000069,228,23,205
205000082,166,107,59
205000110,16,79,-63
205000111,149,97,52
205000112,92,98,-6
205000113,94,70,24
205000121,128,68,60
205000123,237,78,159
205000126,708,76,632
205000127,771,114,657
205000128,333,64,269
205000129,1156,97,1059
205000130,338,26,312
205000131,52,13,39
205000132,59,12,47
205000133,25,12,13
205000134,296,1,295
205000137,361,58,303
205000138,518,132,386
205000139,32,44,-12
205000144,67,66,1
205000145,181,97,84
205000151,145,59,86
205000152,157,31,126
205000153,287,44,243
205000154,90,63,27
205000155,58,10,48
205000207,2,17,-15
205000233,34,1,33
205000234,0,1,-1
205000243,0,0,0
205000244,0,5,-5
205000245,4,59,-55
205000249,0,20,-20
205000250,8,0,8
205000264,35,83,-48
206000027,0,35,-35
206000028,5,5,0
206000043,6,46,-40
206000053,1,5,-4
206000054,0,26,-26
206000055,0,12,-12
206000075,12,14,-2
206000076,67,5,62
206000077,54,11,43
206000078,9,7,2
206000079,30,6,24
206000082,280,63,217
206000100,35,407,-372
206000103,0,0,0
206000104,0,1,-1
206000105,0,1,-1
206000106,0,0,0
206000125,199,0,199
206000157,16,128,-112
206000170,0,80,-80
206000171,19,170,-151
206000172,32,99,-67
206000173,1,78,-77
206000174,14,32,-18
206000175,0,31,-31
206000176,9,42,-33
206000177,0,27,-27
206000178,3,331,-328
206000179,0,107,-107
206000180,1,59,-58
206000181,1,18,-17
206000182,3,36,-33
206000183,32,71,-39
206000184,1,46,-45
206000185,16,27,-11
206000186,33,213,-180
206000223,1,157,-156
206000226,36,1,35
206000227,68,5,63
206000237,44,76,-32
206000238,15,348,-333
206000239,221,1330,-1109
206000240,0,0,0
206000241,0,101,-101
206000242,2,60,-58
206000243,7,28,-21
206000244,24,93,-69
206000245,2472,28,2444
206000246,672,4,668
206000247,951,5,946
206000248,1188,31,1157
206000252,104,35,69
206000258,0,1,-1
206000315,93,3,90
206000317,748,184,564
206000318,1238,52,1186
206000319,3522,45,3477
206000320,872,54,818
206000321,1075,9,1066
206000322,1511,6,1505
206000323,559,6,553
206000324,532,8,524
206000325,308,18,290
206000326,256,16,240
206000327,104,29,75
206000328,660,4,656
206000329,1051,1,1050
206000330,287,1,286
206000331,588,0,588
206000332,105,0,105
206000333,1987,2,1985
206000334,1134,0,1134
206000335,0,13,-13
206000361,1,44,-43
206000392,1,8,-7
206000405,444,0,444
206000441,177,40,137
206000498,62,3,59
206000515,91,39,52
206000530,597,72,525
206000531,384,370,14
206000532,1625,262,1363
206000535,79,2872,-2793
206000536,8,91,-83
206000537,8,123,-115
206000613,1258,340,918
206000784,676,66,610
207000001,298,236,62
207000002,88,157,-69
207000003,88,154,-66
207000007,2406,94,2312
207000008,414,0,414
207000009,125,4,121
207000010,335,170,165
207000012,646,63,583
207000015,207,455,-248
207000019,511,34,477
207000021,324,248,76
207000022,292,159,133
207000023,363,39,324
207000024,5,24,-19
207000025,18,149,-131
207000026,104,44,60
207000027,17,78,-61
207000028,108,124,-16
207000029,322,205,117
207000033,356,176,180
207000034,299,52,247
207000039,929,35,894
207000040,1137,32,1105
207000041,119,14,105
207000042,543,11,532
207000043,490,261,229
207000051,126,195,-69
207000052,20,117,-97
207000053,369,203,166
207000054,52,36,16
207000055,164,63,101
207000056,187,208,-21
207000057,147,76,71
207000058,124,148,-24
207000059,102,209,-107
207000060,26,282,-256
207000061,129,2065,-1936
207000062,1336,46,1290
207000063,1237,45,1192
207000064,547,25,522
207000065,339,110,229
207000066,833,168,665
207000067,151,58,93
207000068,252,22,230
207000069,1231,157,1074
207000082,22,95,-73
207000083,72,160,-88
207000084,590,133,457
207000085,482,63,419
207000086,834,14,820
207000106,139,44,95
207000107,161,15,146
207000108,184,12,172
207000109,117,12,105
207000110,61,10,51
207000111,167,63,104
207000112,71,716,-645
207000114,1,5,-4
207000115,41,45,-4
207000116,16,179,-163
207000117,0,22,-22
207000118,2,21,-19
207000119,18,49,-31
207000123,437,10,427
207000124,222,19,203
207000125,95,21,74
207000126,77,20,57
207000134,612,82,530
207000135,209,113,96
207000148,181,292,-111
207000149,51,2,49
207000152,237,416,-179
207000153,346,603,-257
207000154,497,44,453
207000159,61,110,-49
207000160,175,187,-12
207000238,0,69,-69
207000242,0,33,-33
207000248,27,21,6
207000249,84,3,81
207000250,313,73,240
207000251,51,110,-59
207000252,31,34,-3
207000278,275,76,199
207000279,45,67,-22
207000280,1396,28,1368
207000281,205,244,-39
207000282,25,735,-710
207000283,24,122,-98
207000284,51,2688,-2637
207000285,64,118,-54
207000291,11,58,-47
207000304,63,37,26
207000306,37,203,-166
207000310,263,166,97
207000353,103,3,100
207000356,3,29,-26
207000357,2,52,-50
207000358,0,18,-18
207000415,14,28,-14
207000417,39,14,25
207000418,114,43,71
207000438,0,1,-1
207000439,414,101,313
207000446,171,17,154
207000460,199,2,197
207000466,78,106,-28
207000467,764,51,713
207000468,47,127,-80
207000476,15,8,7
207000477,530,6,524
207000478,0,43,-43
207000523,0,10,-10
207000524,93,0,93
207000527,504,105,399
207000530,710,11,699
207000531,391,2,389
207000532,77,51,26
207000534,152,18,134
207000535,6,97,-91
207000537,5,105,-100
207000540,3,29,-26
207000541,1,67,-66
207000548,1,115,-114
207000549,329,7,322
207000561,187,122,65
207000562,36,87,-51
207000567,50,115,-65
207000568,1049,69,980
207000569,2146,109,2037
207000584,8,92,-84
207000585,17,69,-52
207000587,452,35,417
207000616,0,35,-35
207000617,232,0,232
207000624,68,43,25
207000631,23,12,11
207900008,906,49,857
208000001,857,712,145
208000002,1241,521,720
208000003,1092,314,778
208000004,1009,860,149
208000005,0,49,-49
208000019,1773,176,1597
208000020,515,166,349
208000021,422,182,240
208000022,734,230,504
208000028,813,1709,-896
208000033,325,155,170
208000034,426,542,-116
208000037,833,34,799
208000040,477,96,381
208000041,1154,579,575
208000042,2345,590,1755
208000047,103,117,-14
208000064,2378,1057,1321
208000066,1094,842,252
208000070,886,624,262
208000071,1080,180,900
208000072,1380,333,1047
208000080,464,595,-131
208000081,486,215,271
208000082,821,157,664
208000083,408,186,222
208000084,23,127,-104
208000085,969,398,571
208000086,834,645,189
208000087,950,401,549
208000089,1420,143,1277
208000090,1098,303,795
208000093,20,117,-97
208000094,577,196,381
208000095,935,499,436
208000104,2455,270,2185
208000105,1464,400,1064
208000114,231,363,-132
208000115,860,352,508
208000116,2052,1817,235
208000117,22,87,-65
208000118,193,387,-194
208000155,1062,806,256
208000158,2075,1920,155
208000186,951,1381,-430
208000204,1057,876,181
208000205,2241,556,1685
208000282,1161,622,539
209000004,822,157,665
209000005,182,74,108
209000006,298,264,34
209000007,417,517,-100
209000010,137,239,-102
209000011,30,206,-176
209000012,112,108,4
209000013,271,87,184
209000014,534,208,326
209000025,798,86,712
209000026,1765,178,1587
209000027,411,158,253
209000028,354,131,223
209000029,437,593,-156
209000030,484,827,-343
209000031,2699,874,1825
209000034,274,377,-103
209000035,229,401,-172
209000036,503,187,316
209000037,647,243,404
209000038,344,161,183
209000039,181,166,15
209000040,374,316,58
209000041,277,250,27
209000042,373,191,182
209000043,637,469,168
209000044,334,615,-281
209000045,771,198,573
209000046,721,186,535
209000047,618,303,315
209000048,751,557,194
209000049,150,52,98
209000050,277,61,216
209000051,510,94,416
209000052,242,99,143
209000062,106,40,66
209000063,134,27,107
209000064,17,24,-7
209000065,257,17,240
209000066,342,27,315
209000067,309,31,278
209000080,19,90,-71
209000082,211,45,166
209000091,13,93,-80
209000093,93,79,14
209000094,40,97,-57
209000110,70,74,-4
209000111,479,2929,-2450
209000112,2003,462,1541
209000113,3888,958,2930
209000114,1388,848,540
209000115,85,40,45
209000116,308,208,100
209000118,11,113,-102
209000119,7,136,-129
209000121,104,244,-140
209000135,128,85,43
209000142,743,4862,-4119
209000143,12,59,-47
209000144,107,257,-150
209000229,331,77,254
209000240,39,140,-101
209000259,76,29,47
209000260,26,212,-186
209000261,8,142,-134
209000262,30,189,-159
209000263,0,197,-197
209000264,0,159,-159
209000265,287,2,285
209000266,91,0,91
209000267,1794,1,1793
209000268,502,96,406
210000037,197,46,151
210000047,138,10,128
210000048,189,37,152
210000049,198,4,194
210000052,153,21,132
210000053,29,33,-4
210000054,51,78,-27
210000070,334,17,317
210000071,161,5,156
210000072,76,0,76
210000073,0,15,-15
210000074,0,41,-41
210000075,0,55,-55
210000076,1,76,-75
210000077,7,148,-141
210000078,12,185,-173
210000079,21,26,-5
210000080,116,311,-195
210000081,215,7,208
210000082,8,4,4
210000083,84,0,84
210000084,158,0,158
210000085,0,73,-73
210000086,0,49,-49
210000099,45,132,-87
210000100,46,99,-53
210000101,69,85,-16
210000105,15,287,-272
210000159,0,262,-262
210000163,27,97,-70
210000164,451,155,296
210000168,447,28,419
210000187,0,7,-7
210000188,0,19,-19
210000214,7,0,7
210000219,240,57,183
210000220,243,25,218
210000232,10,28,-18
210000233,31,14,17
210000234,26,21,5
210000235,90,16,74
210000245,1,17,-16
210000246,97,2,95
210000258,17,62,-45
210000259,415,62,353
210000282,8,91,-83
210000285,3,89,-86
210000286,24,84,-60
210000290,35,6,29
210000295,69,173,-104
210000296,83,32,51
210000320,637,43,594
210000321,562,20,542
210000338,49,171,-122
210000339,75,699,-624
210000340,59,164,-105
210000341,200,133,67
210000342,280,152,128
210000343,197,160,37
210000344,91,243,-152
210000345,79,483,-404
210000346,62,291,-229
210000347,6,354,-348
210000348,149,266,-117
210000349,98,146,-48
210000350,226,70,156
210000351,359,30,329
210000352,52,31,21
210000353,66,18,48
210000354,65,25,40
210000355,70,311,-241
210000356,5,538,-533
210000357,35,457,-422
210000358,799,534,265
210000359,75,424,-349
210000360,469,411,58
210000361,477,146,331
210000362,565,125,440
210000363,967,162,805
210000364,625,155,470
210000365,592,35,557
210000366,647,43,604
210000367,309,5,304
210000368,393,24,369
210000369,73,136,-63
210000370,163,174,-11
210000372,55,80,-25
210000373,16,185,-169
210000374,140,214,-74
210000375,24,12,12
210000376,17,314,-297
210000404,33,42,-9
210000439,285,9,276
210000472,57,1,56
210000482,175,89,86
210000564,351,163,188
210000567,13,93,-80
210000568,599,1,598
211000092,100,15,85
211000094,23,5,18
211000169,295,7,288
211000172,51,88,-37
211000209,0,50,-50
211000226,12,17,-5
211000270,186,2,184
211000275,13,14,-1
211000276,264,12,252
211000279,52,71,-19
211000281,200,28,172
211000302,62,10,52
211507980,0,47,-47
211977296,34,1,33
212000003,308,141,167
212000004,0,164,-164
212000005,13,204,-191
212000006,33,221,-188
212000008,282,221,61
212000009,108,87,21
212000012,214,54,160
212000013,45,19,26
212000014,319,38,281
212000015,357,81,276
212000016,636,219,417
212000027,839,128,711
212000028,526,128,398
212000029,363,133,230
212000030,35,14,21
212000031,55,37,18
212000048,44,503,-459
212000049,7,346,-339
212000050,21,19,2
212000051,452,74,378
212000052,444,95,349
212000053,306,123,183
212000054,791,38,753
212000055,789,71,718
212000056,25,36,-11
212000057,11,28,-17
212000058,171,26,145
212000070,243,54,189
212000077,266,115,151
212000099,548,101,447
212000108,336,459,-123
212000111,689,61,628
212000120,123,258,-135
212000138,376,79,297
212000156,11,50,-39
212000158,5,32,-27
212000159,947,69,878
212000160,825,53,772
212000161,160,10,150
212000310,87,16,71
212000311,22,48,-26
212000374,25,14,11
213000001,7,213,-206
213000005,838,83,755
213000006,798,69,729
213000007,58,32,26
213000009,279,151,128
213000010,541,102,439
213000011,275,20,255
213000012,263,85,178
213000014,138,40,98
213000015,268,20,248
213000016,407,7,400
213000017,63,0,63
213000018,0,12,-12
213000019,2,26,-24
213000020,96,60,36
213000021,3,34,-31
213000023,662,187,475
213000033,382,1059,-677
213000034,515,95,420
213000035,307,476,-169
213000045,185,229,-44
213000046,45,60,-15
213000047,131,800,-669
213000056,393,7,386
213000069,321,60,261
213000073,0,39,-39
213000074,90,278,-188
213000075,1445,36,1409
213000076,38,7,31
213000085,0,5,-5
213000086,4,45,-41
213000091,797,13,784
213000092,11,18,-7
213000099,188,763,-575
213000100,1046,257,789
213000101,1170,66,1104
213000102,1180,90,1090
213000103,627,190,437
213000104,34,100,-66
213000105,151,2307,-2156
213000106,65,247,-182
213000107,121,213,-92
213000108,57,207,-150
213000109,1,126,-125
213000110,12,58,-46
213000111,2,57,-55
213000112,43,67,-24
213000115,82,7,75
213000116,32,278,-246
213000117,2,293,-291
213000118,1509,383,1126
213000119,25,233,-208
213000120,37,171,-134
213000122,88,286,-198
213000123,90,364,-274
213000124,263,454,-191
213000125,247,28,219
213000126,40,115,-75
213000127,12,124,-112
213000128,46,313,-267
213000129,143,2429,-2286
213000130,1648,792,856
213000132,1835,220,1615
213000133,1888,95,1793
213000134,3003,24,2979
213000136,829,14,815
213000137,806,41,765
213000139,569,25,544
213000147,14,33,-19
213000148,6,53,-47
213000149,13,36,-23
213000150,1,1070,-1069
213000151,7,258,-251
213000152,1,258,-257
213000153,4,192,-188
213000154,172,184,-12
213000155,75,131,-56
213000156,139,120,19
213000157,1271,170,1101
213000158,468,257,211
213000159,588,207,381
213000163,3074,343,2731
213000165,732,241,491
213000171,66,22,44
213000172,116,34,82
213000173,89,54,35
213000174,47,41,6
213000175,84,4,80
213000176,131,75,56
213000177,121,13,108
213000178,359,6,353
213000179,526,10,516
213000180,686,12,674
213000184,82,201,-119
213000188,879,64,815
213000189,1577,31,1546
213000190,777,272,505
213000191,1022,110,912
213000192,612,135,477
213000193,350,185,165
213000194,16,276,-260
213000195,42,119,-77
213000196,489,1809,-1320
213000197,714,1141,-427
213000198,8,3,5
213000200,199,320,-121
213000201,30,71,-41
213000202,12,265,-253
213000203,1558,200,1358
213000204,1755,49,1706
213000205,798,15,783
213000206,1351,33,1318
213000207,59,11,48
213000208,12,1,11
213000209,120,8,112
213000210,241,6,235
213000211,2,6,-4
213000212,18,65,-47
213000213,30,72,-42
213000218,474,347,127
213000219,1825,43,1782
213000220,1765,11,1754
213000223,424,63,361
213000224,46,20,26
213000225,81,17,64
213000226,69,1,68
213000227,1940,98,1842
213000228,1349,56,1293
213000229,280,31,249
213000230,838,20,818
213000232,254,20,234
213000233,36,140,-104
213000234,3,23,-20
213000293,11,149,-138
213000294,167,47,120
213000295,14,117,-103
213000296,34,8,26
213000297,17,45,-28
213000298,13,71,-58
213000299,47,13,34
213000300,15,1,14
213000303,1,39,-38
213000304,0,14,-14
213000305,3,17,-14
213000306,34,301,-267
213000307,122,108,14
213000308,37,93,-56
213000309,339,40,299
213000310,333,109,224
213000311,111,397,-286
213000315,109,184,-75
213000316,676,57,619
213000322,48,10,38
213000323,181,27,154
213000340,102,199,-97
213000341,1931,82,1849
213000346,124,244,-120
213000347,199,866,-667
213000348,2,82,-80
213000349,2,15,-13
213000350,191,696,-505
213000366,143,116,27
213000367,582,4,578
213000379,22,98,-76
213000386,26,28,-2
213000406,327,84,243
213000417,2268,658,1610
213000425,511,48,463
213000426,267,6,261
213000427,103,45,58
213000428,90,52,38
213000429,1,16,-15
213000430,124,127,-3
213000431,20,0,20
213000432,1,72,-71
213000433,22,32,-10
213000435,196,36,160
213000439,58,35,23
213000441,1,1,0
213000443,617,287,330
213000445,0,87,-87
213000446,0,23,-23
213000447,0,83,-83
213000448,120,122,-2
213000449,1567,6,1561
213000450,185,34,151
213000451,90,24,66
213000452,461,20,441
213000453,5,158,-153
213000455,113,56,57
213000456,1,102,-101
213000481,2,1,1
213000482,62,1,61
213000489,211,132,79
213000491,19,427,-408
213000492,67,0,67
213000493,4,398,-394
213000494,368,30,338
213000495,0,25,-25
213000496,751,75,676
213000497,26,119,-93
213000498,82,74,8
213000499,159,90,69
213000500,1000,8,992
213000501,338,35,303
213000502,100,33,67
213000503,0,70,-70
213000504,15,54,-39
213000505,49,1,48
213000506,0,4,-4
213000507,0,31,-31
213900244,278,0,278
213900245,0,12,-12
218000003,35,11,24
218000004,133,38,95
218000005,47,49,-2
218000006,64,65,-1
218000007,33,31,2
218000012,138,556,-418
218000013,309,230,79
218000014,415,129,286
218000019,362,228,134
218000020,320,233,87
218000040,1,0,1
218000046,104,128,-24
218000047,37,82,-45
218000048,189,71,118
218000049,71,106,-35
218000050,327,131,196
218000051,189,149,40
218000052,2,59,-57
218000053,0,15,-15
218000054,10,45,-35
218000055,13,60,-47
218000056,69,93,-24
218000057,2,69,-67
218000064,9,1,8
218000065,114,16,98
218000066,33,33,0
218000067,192,24,168
218000068,270,32,238
218000069,645,23,622
218000070,459,227,232
218000071,197,180,17
218000072,122,181,-59
218000078,1440,252,1188
218000079,548,21,527
218000080,307,25,282
218000081,867,53,814
218000082,264,40,224
218000083,158,40,118
218000084,213,51,162
218000085,183,103,80
218000086,69,29,40
218000087,150,46,104
218000090,14,387,-373
218000091,1520,615,905
218000092,253,43,210
218000093,180,38,142
218000094,597,165,432
218000099,290,214,76
218000100,361,144,217
218000101,347,121,226
218000102,594,107,487
218000103,177,30,147
218000104,163,25,138
218000105,32,4,28
218000106,28,6,22
218000107,272,40,232
218000108,11,33,-22
218000112,77,7,70
218000117,77,81,-4
218000134,526,214,312
218000135,6,85,-79
218000136,221,99,122
218000137,99,72,27
218000138,86,24,62
218000139,165,156,9
218000140,804,424,380
218000141,98,64,34
218000142,206,152,54
218000143,24,282,-258
218000144,10,232,-222
218000145,726,237,489
218000146,166,52,114
218000151,4,21,-17
218000152,61,19,42
218000170,1,50,-49
218000171,108,6,102
218000172,5,12,-7
218000173,22,10,12
218000174,29,44,-15
218000176,295,16,279
218000177,388,37,351
218000178,124,62,62
218000179,224,36,188
218000180,82,14,68
218000181,315,33,282
218000187,23,59,-36
218000188,36,51,-15
218000189,8,78,-70
218000190,1,4,-3
218000191,175,47,128
218000192,302,38,264
218000193,299,73,226
218000194,234,148,86
218000195,216,31,185
218000196,491,161,330
218000197,777,126,651
218000198,246,39,207
218000199,98,17,81
218000200,55,90,-35
218000201,21,2,19
218000202,81,850,-769
218000207,4,10,-6
218000208,16,91,-75
218000211,20,11,9
218000213,225,132,93
218000214,3,27,-24
218000215,117,36,81
218000217,2,43,-41
218000218,345,45,300
218000219,7,67,-60
218000220,59,581,-522
218000221,931,413,518
218000222,0,107,-107
218000223,44,407,-363
218000224,3,138,-135
218000225,201,6,195
218000226,261,38,223
218000232,111,42,69
218000239,200,4,196
218000240,2,2,0
218000241,8,0,8
218000242,4,0,4
218000243,15,2,13
218000244,33,3,30
218000245,8,14,-6
218000246,0,1,-1
218000247,1,0,1
218000248,0,26,-26
218000249,0,4,-4
218000250,0,6,-6
218000251,0,21,-21
218000252,1,81,-80
218000253,3,58,-55
218000254,0,38,-38
218000255,0,21,-21
218000256,12,35,-23
218000267,633,926,-293
218000268,2,35,-33
218000269,0,24,-24
218000270,182,25,157
218000271,39,9,30
218000273,110,2,108
218000274,34,6,28
218000275,135,125,10
218000276,71,38,33
218000278,44,37,7
218000279,100,21,79
218000280,1,16,-15
218000281,7,30,-23
218000282,655,1336,-681
218000284,72,9,63
218000301,33,79,-46
218000302,38,33,5
218000303,3,43,-40
218000316,1953,720,1233
218000317,3415,353,3062
218000318,1792,291,1501
218000319,1953,409,1544
218000320,1724,666,1058
218000338,16,24,-8
218000345,148,103,45
218000346,54,179,-125
218000459,32,141,-109
218000490,23,51,-28
218000501,186,22,164
218000502,136,27,109
218000503,113,28,85
218000504,125,31,94
218000505,23,45,-22
218000506,25,66,-41
218000508,0,0,0
218000510,91,6,85
218000520,93,131,-38
218000521,4,35,-31
218000522,3,309,-306
218000523,247,3,244
218000524,2,95,-93
218000525,59,29,30
218000526,5,183,-178
218000529,106,105,1
218000531,57,7,50
218000532,76,5,71
218000534,483,12,471
218000537,24,69,-45
218000538,79,283,-204
218000540,47,89,-42
218000543,230,49,181
218000544,27,16,11
218000545,251,50,201
218000546,84,7,77
218000547,245,79,166
218000548,74,31,43
218000549,1129,107,1022
218000550,237,56,181
218000551,105,194,-89
218000552,526,128,398
218000553,25,152,-127
218000554,11,41,-30
218000555,27,131,-104
218000556,262,267,-5
218000557,1078,164,914
218000558,54,1,53
218000559,0,51,-51
218000560,0,11,-11
218000561,28,0,28
218000562,30,105,-75
218000563,170,10,160
218000564,6,81,-75
218000565,83,15,68
218000566,42,6,36
218000567,1,74,-73
218000568,6,0,6
218000569,1,123,-122
218000570,21,4,17
218000571,0,167,-167
218000572,129,0,129
218000573,0,79,-79
218000574,71,18,53
218000575,112,0,112
218000576,0,52,-52
218000577,159,0,159
218000578,0,70,-70
218000579,45,41,4
218000581,5,138,-133
218000582,28,1,27
218000583,13,0,13
218000584,0,37,-37
218000585,22,16,6
218000586,14,22,-8
218000587,0,4,-4
218000588,0,6,-6
218000589,0,8,-8
218000590,0,1,-1
218000591,4,28,-24
218000592,0,11,-11
218000593,6,21,-15
218000594,0,8,-8
218000597,0,8,-8
218000598,0,12,-12
218000599,0,2,-2
218000600,0,3,-3
218000601,0,10,-10
218000602,0,8,-8
218000603,0,4,-4
218000604,39,5,34
218000605,0,97,-97
218000606,99,0,99
218000607,1,69,-68
218000608,89,25,64
218000609,0,81,-81
218000610,52,8,44
218000611,12,0,12
218000612,0,16,-16
218000613,39,5,34
218000614,0,38,-38
218000615,143,13,130
218000616,2,98,-96
218000617,0,1,-1
218000618,0,32,-32
218000619,28,12,16
218000620,3,125,-122
218000621,0,0,0
218000622,1,82,-81
218000623,14,0,14
218000624,0,80,-80
218000625,2,1,1
218000626,0,29,-29
218000628,402,168,234
218000631,104,23,81
218000632,1,120,-119
218000633,92,1,91
218000634,11,11,0
218000635,19,8,11
218000636,1011,292,719
218000637,1679,143,1536
218000638,499,18,481
218000639,24,37,-13
218000640,853,19,834
218000641,352,42,310
218000652,31,37,-6
218000653,281,13,268
218000663,6,55,-49
218000675,39,91,-52
218000680,419,206,213
218000681,991,85,906
218000691,434,107,327
218000693,1029,109,920
218000718,4,45,-41
218000719,76,106,-30
218000720,2,93,-91
218000721,70,5,65
218001147,0,39,-39
218001214,89,16,73
218001258,1215,3,1212
218001329,414,85,329
218001330,76,111,-35
218001351,26,30,-4
218001352,54,31,23
218001353,26,16,10
218001354,4,49,-45
218001355,1,65,-64
218001356,925,215,710
218001357,2,87,-85
218001358,926,3,923
218001361,1167,9,1158
218001362,1,13,-12
219000001,15,19,-4
219000002,36,33,3
219000003,80,25,55
219000004,55,139,-84
219000017,101,162,-61
219000020,279,7,272
219000022,203,5,198
219000023,127,2,125
219000029,0,180,-180
219000034,82,22,60
219000039,33,169,-136
219000040,15,65,-50
219000041,219,56,163
219000051,0,90,-90
219000052,0,49,-49
219000053,0,64,-64
219000055,438,1,437
219000056,2,0,2
219000057,62,0,62
219000062,25,154,-129
219000063,389,5,384
219000064,0,162,-162
219000110,276,310,-34
219000111,99,41,58
219000112,338,86,252
219000113,412,41,371
219000114,254,44,210
219000116,181,29,152
219000117,239,37,202
219000118,161,79,82
219000123,225,77,148
219000124,96,43,53
219000125,50,3,47
219000126,37,115,-78
219000127,0,3,-3
219000128,42,134,-92
219000129,18,90,-72
219000130,188,284,-96
219000131,1232,736,496
219000133,29,115,-86
219000134,39,64,-25
219000135,31,53,-22
219000136,62,337,-275
219000138,141,1,140
219000139,96,34,62
219000140,251,0,251
219000141,77,72,5
219000142,53,42,11
219000143,13,18,-5
219000145,6,8,-2
219000146,0,0,0
219000147,6,5,1
219000148,0,15,-15
219000149,1,46,-45
219000150,0,13,-13
219000151,0,0,0
219000157,611,85,526
219000158,364,151,213
219000161,322,4,318
219000163,1656,383,1273
219000166,119,154,-35
219000167,184,161,23
219000168,426,123,303
219000174,648,126,522
219000175,259,6,253
219000176,446,29,417
219000177,118,4,114
219000178,169,0,169
219000179,167,1,166
219000180,124,14,110
219000182,168,1,167
219000183,87,0,87
219000184,209,5,204
219000185,0,3,-3
219000186,175,24,151
219000187,9,21,-12
219000189,79,108,-29
219000190,105,133,-28
219000191,131,666,-535
219000192,285,163,122
219000193,272,113,159
219000195,3,141,-138
219000196,3,74,-71
219000198,31,47,-16
219000199,91,48,43
219000200,75,48,27
219000201,46,85,-39
219000203,28,46,-18
219000204,56,390,-334
219000205,16,197,-181
219000207,75,187,-112
219000209,38,39,-1
219000210,37,162,-125
219000213,17,185,-168
219000239,218,182,36
219000240,85,391,-306
219000241,96,126,-30
219000242,86,156,-70
219000243,124,234,-110
219000244,31,145,-114
219000245,9,74,-65
219000246,30,29,1
219000247,495,15,480
219000248,653,359,294
219000249,194,93,101
219000250,363,47,316
219000251,696,199,497
219000252,329,93,236
219000253,239,47,192
219000255,260,119,141
219000256,399,58,341
219000257,63,0,63
219000262,33,63,-30
219000263,74,85,-11
219000267,0,44,-44
219000268,0,0,0
219000269,5,0,5
219000270,25,1,24
219000271,564,5,559
219000278,0,2,-2
219000279,0,1,-1
219000283,0,18,-18
219000295,16,114,-98
219000296,51,147,-96
219000297,35,32,3
219000298,74,27,47
219000299,369,44,325
219000300,54,37,17
219000301,38,165,-127
219000302,26,98,-72
219000307,24,5,19
219000308,52,26,26
219000311,179,49,130
219000312,459,223,236
219000313,644,41,603
219000314,145,83,62
219000315,656,17,639
219000316,750,38,712
219000317,240,32,208
219000320,0,117,-117
219000321,1,9,-8
219000323,1,24,-23
219000325,0,0,0
219000326,24,17,7
219000327,15,5,10
219000328,44,12,32
219000329,543,143,400
219000330,15,15,0
219000331,69,12,57
219000332,213,79,134
219000333,119,1,118
219000335,70,0,70
219000337,2,0,2
219000338,32,0,32
219000344,23,64,-41
219000345,181,48,133
219000346,40,25,15
219000348,138,80,58
219000349,29,104,-75
219000350,43,296,-253
219000351,0,8,-8
219000352,90,83,7
219000353,351,39,312
219000354,737,83,654
219000355,183,48,135
219000356,425,891,-466
219000363,147,64,83
219000364,216,50,166
219000365,116,15,101
219000366,264,924,-660
219000368,486,399,87
219000370,828,383,445
219000371,9,3,6
219000382,15,14,1
219000383,323,855,-532
219000385,199,635,-436
219000386,429,1363,-934
219000387,1,7,-6
219000390,7,0,7
219000391,4,0,4
219000397,51,10,41
219000398,24,57,-33
219000401,6,82,-76
219000402,30,47,-17
219000403,47,216,-169
219000404,29,73,-44
219000407,82,40,42
219000409,49,48,1
219000410,121,19,102
219000411,110,18,92
219000446,114,306,-192
219000447,0,5,-5
219000448,0,2,-2
219000452,211,61,150
219000453,12,169,-157
219000454,439,367,72
219000556,743,86,657
219000558,94,197,-103
219000590,23,222,-199
219000591,294,69,225
219000592,43,174,-131
219000595,4,4,0
219000635,280,18,262
219000636,64,31,33
219000657,44,3,41
219000658,32,90,-58
219000673,0,0,0
219000676,13,0,13
219000679,33,11,22
219000684,241,1,240
219000685,0,68,-68
219000686,0,12,-12
219000688,0,57,-57
219000689,5,111,-106
219000690,158,14,144
219000691,44,83,-39
219000692,165,7,158
219000693,0,4,-4
219000694,43,0,43
219000695,65,3,62
219000698,13,1,12
219000699,0,73,-73
219000727,1,135,-134
219000728,113,0,113
219000770,21,2,19
219000771,0,68,-68
219000788,223,379,-156
219001150,0,71,-71
219001151,0,3,-3
219001166,57,93,-36
219001167,1,63,-62
219001178,74,0,74
220000001,12,359,-347
220000002,3,224,-221
220000003,181,83,98
220000004,328,244,84
220000005,413,840,-427
220000006,171,337,-166
220000007,426,99,327
220000008,220,278,-58
220000009,223,290,-67
220000010,80,37,43
220000011,381,5592,-5211
220000012,11,500,-489
220000014,212,107,105
220000015,93,460,-367
220000017,36,222,-186
220000018,8238,977,7261
220000019,170,907,-737
220000020,602,167,435
220000021,1405,279,1126
220000022,1531,229,1302
220000023,428,140,288
220000024,946,585,361
220000025,522,1502,-980
220000026,474,793,-319
220000027,23,366,-343
220000028,43,96,-53
220000029,18,69,-51
220000030,42,50,-8
220000031,1067,562,505
220000064,47,1284,-1237
221000046,1,0,1
221000047,0,0,0
221000048,0,0,0
221000049,0,10,-10
221000050,3,0,3
221000055,42,65,-23
221000068,106,55,51
221000069,297,14,283
221000070,300,10,290
221000071,165,1,164
221000072,472,6,466
221000073,278,23,255
221000074,0,14,-14
221000075,3,32,-29
221000076,7,15,-8
221000077,18,31,-13
221000081,94,9,85
221000082,77,11,66
221000083,23,2,21
221000084,4,1,3
221000085,1,71,-70
221000086,6,49,-43
221000087,5,60,-55
221000088,4,69,-65
221000089,14,85,-71
221000090,16,203,-187
221000098,179,9,170
221000099,483,13,470
221000100,297,0,297
221000101,449,2,447
221000102,0,0,0
221000107,26,1,25
221000108,20,5,15
221000109,1,4,-3
221000110,6,56,-50
221000111,8,68,-60
221000112,0,52,-52
221000113,6,54,-48
221000114,2,65,-63
221000120,11,70,-59
221000121,0,95,-95
221000122,35,77,-42
221000123,6,13,-7
221000124,51,90,-39
221000155,89,26,63
221000156,197,62,135
221000175,4,17,-13
221000176,1,1,0
221000182,165,7,158
221000241,407,196,211
221000242,37,127,-90
221000243,726,160,566
221000244,68,304,-236
221000245,330,99,231
221000246,5,212,-207
221000247,284,148,136
221000248,115,110,5
221000267,15,519,-504
221000325,17,153,-136
221000331,1,19,-18
221000338,2,57,-55
221000378,365,67,298
221000381,26,79,-53
222000282,2,3,-1
222000296,1,33,-32
222000568,406,17,389
222000569,171,45,126
222000570,148,14,134
222000571,527,35,492
222000577,21,60,-39
222000578,1,58,-57
222000579,2,28,-26
222000580,10,726,-716
222000599,0,60,-60
222000600,1,60,-59
222000601,2,438,-436
222000603,7,54,-47
222000604,1,168,-167
222000605,10,151,-141
222000606,6,141,-135
222000607,0,15,-15
222000608,8,33,-25
222000609,60,41,19
222000616,974,27,947
222000617,14,24,-10
222000618,3,24,-21
222000620,44,35,9
222000621,71,27,44
222000623,774,6,768
222000624,811,0,811
222000625,1650,7,1643
222000636,68,1,67
222000686,29,72,-43
222000687,78,17,61
222001066,581,0,581
222001067,87,2,85
222001068,288,6,282
222001069,205,15,190
222001082,64,12,52
222001083,151,3,148
222001084,0,138,-138
222001085,1,284,-283
222001111,207,14,193
222001112,280,18,262
222001313,17,3,14
222001314,6,70,-64
222001464,739,38,701
222001465,24,171,-147
222001484,485,52,433
222001485,39,14,25
222001494,1443,197,1246
222001495,155,87,68
222001496,706,100,606
222001497,70,180,-110
222001502,29,24,5
222001503,398,4,394
222001504,11,69,-58
222001505,820,19,801
222001506,2,95,-93
222001507,578,14,564
222001510,1320,22,1298
222001511,26,106,-80
222001514,1070,24,1046
222001515,43,182,-139
222001518,955,11,944
222001519,22,105,-83
222001527,214,11,203
222001528,19,53,-34
222001529,605,8,597
222001530,29,64,-35
222001533,55,55,0
222001534,1101,15,1086
222001535,850,195,655
222001536,13,115,-102
222001537,534,6,528
222001538,9,86,-77
222001563,1675,41,1634
222001564,57,204,-147
222001568,225,68,157
222001576,0,6,-6
222001579,2,40,-38
222001583,19,65,-46
222001584,248,2,246
222001596,266,377,-111
222001597,1888,177,1711
222001626,0,42,-42
222001650,2,85,-83
222001651,10,184,-174
222001914,423,21,402
222001915,7,65,-58
222001968,906,228,678
222001969,263,173,90
222001970,127,132,-5
222001971,164,3,161
222001972,19,5,14
225000001,644,100,544
225000002,1556,120,1436
225000003,1831,99,1732
225000004,1084,136,948
225000005,81,20,61
225000006,1,170,-169
225000007,826,1241,-415
225000010,382,10,372
225000011,402,2149,-1747
225000012,324,964,-640
225000013,263,80,183
225000014,831,97,734
225000015,118,185,-67
225000021,954,129,825
225000027,358,251,107
225000032,995,104,891
225000042,192,254,-62
225000049,18,77,-59
225000050,257,26,231
225000053,13,82,-69
225000058,830,169,661
225000067,299,64,235
225000068,199,169,30
225000069,67,258,-191
225000070,188,241,-53
225000071,57,71,-14
225000075,55,942,-887
225000076,104,65,39
225000078,76,33,43
225000085,230,38,192
225000086,791,19,772
225000087,137,9,128
225000088,7,128,-121
225000089,51,162,-111
225000090,42,166,-124
225000091,19,30,-11
225000092,45,118,-73
225000093,460,111,349
225000094,7,105,-98
225000095,355,136,219
225000096,97,114,-17
225000098,1280,146,1134
225000099,900,56,844
225000100,1516,102,1414
225000104,260,1046,-786
225000110,88,514,-426
225000111,1010,660,350
225000112,1272,1458,-186
225000113,596,2692,-2096
225000114,186,1430,-1244
225000115,2942,1820,1122
225000116,886,280,606
225000117,1322,752,570
225000118,2472,680,1792
225000119,1522,158,1364
225000120,2530,206,2324
225000121,442,68,374
225000123,1616,40,1576
225000125,1608,622,986
225000126,1752,594,1158
225000127,1082,8808,-7726
225000128,1076,3366,-2290
225000132,1784,34,1750
225000133,766,28,738
225000134,2178,228,1950
225000135,244,26,218
225000136,1242,12,1230
225000137,1362,250,1112
225000138,1754,380,1374
225000143,172,564,-392
225000144,22,526,-504
225000145,32,36,-4
225000146,212,58,154
225000147,76,52,24
225000148,2,38,-36
225000149,126,182,-56
225000151,86,118,-32
225000155,232,232,0
225000156,644,2586,-1942
225000157,1390,808,582
225000158,62,236,-174
225000171,2,332,-330
225000180,26,0,26
225000181,0,344,-344
225000182,212,6,206
225000185,34,784,-750
225000187,186,608,-422
225000191,140,4,136
225000194,0,38,-38
225000208,0,82,-82
225000209,210,16,194
225000210,0,156,-156
225000217,0,46,-46
225000218,92,2,90
225000223,0,1564,-1564
225000224,26,12,14
225000225,0,850,-850
225000226,74,6,68
225000227,248,616,-368
225000228,22,48,-26
225000229,0,208,-208
225000230,34,0,34
225000231,0,44,-44
225000232,566,0,566
225000241,86,0,86
225000242,0,56,-56
225000249,2,0,2
225000250,64,270,-206
225000251,1866,214,1652
226000042,380,466,-86
226000043,50,376,-326
226000044,366,1050,-684
226000045,138,542,-404
226000046,2502,290,2212
226000047,1860,276,1584
226000048,1522,294,1228
226000049,1920,740,1180
226000070,0,48,-48
226000071,0,112,-112
226000072,0,98,-98
226000073,0,16,-16
226000074,0,12,-12
226000084,8,540,-532
226000085,0,398,-398
226000086,2,94,-92
226000087,2,100,-98
226000088,40,14,26
226000090,1104,604,500
226000091,8,306,-298
226000092,0,18,-18
226000093,20,14,6
226000094,4,26,-22
226000095,24,172,-148
226000105,6,2,4
226000106,24,0,24
226000107,8,0,8
226000108,28,2,26
226000109,832,0,832
226000124,554,146,408
226000134,2862,860,2002
226000135,5648,1434,4214
226000136,2470,726,1744
226000137,22,264,-242
226000138,14,80,-66
226000139,4,94,-90
226000156,1234,44,1190
226000157,1330,18,1312
226000163,128,172,-44
226000202,24,170,-146
226000231,4112,12,4100
226000232,118,10,108
227000033,1092,26,1066
227000036,2202,40,2162
227000037,2170,42,2128
227000038,662,80,582
227000049,2,262,-260
227000050,0,354,-354
227000055,240,8,232
227000056,28,0,28
227000084,4,324,-320
227000085,4,290,-286
227000088,188,10,178
227000089,74,2,72
227000090,70,4,66
227000091,154,4,150
227000093,320,0,320
227000094,38,0,38
227000130,200,372,-172
227000131,64,344,-280
227000132,128,110,18
227000133,56,226,-170
227000134,160,236,-76
227000152,0,4,-4
227000153,2,348,-346
227000155,22,122,-100
227000156,0,42,-42
227000165,4,222,-218
227000196,1384,150,1234
227000199,1862,168,1694
227000230,0,236,-236
227000232,2066,72,1994
227000242,144,498,-354
227000243,924,62,862
227000245,174,376,-202
227000246,198,330,-132
227000247,1624,14,1610
227000248,720,116,604
227000249,50,570,-520
227000250,1002,756,246
227000251,258,832,-574
227000252,194,312,-118
227000253,868,26,842
227000262,1784,38,1746
227000266,5796,68,5728
227000267,12,754,-742
227000282,0,98,-98
227000284,2026,18,2008
227000286,24,88,-64
227000287,22,94,-72
227000291,16,248,-232
227000484,190,26,164
227000485,10,382,-372
227000655,824,12,812
227000656,1562,16,1546
227000657,354,18,336
227000661,250,28,222
227000680,1286,514,772
229000265,94,86,8
229000296,0,146,-146
229000297,22,92,-70
229000298,10,572,-562
229000320,58,2,56
229000321,46,8,38
229000412,30,132,-102
229000414,104,114,-10
229000415,20,4,16
229000416,4,14,-10
229000417,0,8,-8
229000419,244,420,-176
229000440,674,202,472
229000442,52,0,52
229000443,20,0,20
229000444,2,38,-36
229000445,224,8,216
229000446,78,110,-32
229000847,120,0,120
229000848,128,0,128
229000849,268,6,262
229000851,622,0,622
229000854,0,42,-42
229000856,2,192,-190
229000857,0,54,-54
229000858,14,52,-38
229000919,0,44,-44
229000930,0,24,-24
229000937,242,2,240
229000966,242,62,180
229000981,22,26,-4
229000985,62,8,54
229000986,0,4,-4
229000987,0,2,-2
229000988,2,16,-14
229000989,20,50,-30
229000990,0,26,-26
229000991,10,0,10
229000992,56,6,50
229000993,766,36,730
229000998,16,148,-132
229000999,202,12,190
229001034,0,92,-92
229001035,58,2,56
229001037,162,8,154
229001042,56,6,50
229001047,10,154,-144
229001050,212,118,94
229001200,136,0,136
229001338,8,16,-8
229001394,874,10,864
229001422,400,28,372
229001423,10,72,-62
229001431,86,82,4
229001432,4,28,-24
229001444,500,170,330
229001445,302,182,120
229001503,1136,68,1068
229001504,104,78,26
229001505,396,46,350
229001506,18,82,-64
229001509,208,20,188
229001545,156,62,94
229001546,2,26,-24
229001553,160,10,150
229001554,0,30,-30
229001559,20,8,12
229001560,0,74,-74
229001630,206,20,186
229001631,8,126,-118
229001635,0,36,-36
229001636,0,0,0
229001658,0,22,-22
229001659,138,20,118
229001660,0,42,-42
229001661,0,178,-178
229001662,4,0,4
229001663,0,20,-20
229002584,526,466,60
229002831,272,168,104
229002841,16,92,-76
229002842,72,146,-74
229002843,96,102,-6
229002844,16,286,-270
229002845,12,342,-330
229002846,0,40,-40
229002847,0,16,-16
229002848,8,94,-86
229002849,2,320,-318
229002850,2,6,-4
229002851,8,420,-412
229002852,176,94,82
229002853,110,110,0
229002854,12,144,-132
229002855,4,258,-254
229002856,146,80,66
229002857,4,248,-244
229002858,14,40,-26
229002859,54,68,-14
229002860,40,60,-20
229002861,188,120,68
229002862,12,108,-96
229002863,4,24,-20
229002864,52,72,-20
229002865,4,48,-44
229002866,4,84,-80
229002867,0,62,-62
229002868,10,88,-78
229002869,2,100,-98
229002870,106,10,96
235000066,544,92,452
235000067,338,104,234
235000072,10,0,10
235000073,46,90,-44
235000074,92,12,80
235000080,28,192,-164
235000081,144,150,-6
235000082,1022,114,908
235000083,776,124,652
235000084,74,206,-132
235000085,356,196,160
235000089,138,44,94
235000092,14,60,-46
235000093,0,10,-10
235000097,4,8,-4
235000098,214,0,214
235000099,68,36,32
235000116,32,36,-4
235000117,1224,32,1192
235000133,6,156,-150
235000134,2,46,-44
235000206,10,8,2
235000207,2,0,2
235000208,0,2,-2
235000209,4,12,-8
235000210,4,6,-2
235000212,6,26,-20
235000213,2,16,-14
235000220,0,10,-10
235000221,12,54,-42
235000238,32,682,-650
235000239,0,80,-80
235000242,632,3010,-2378
235000245,810,342,468
235000246,98,148,-50
235000284,10,212,-202
235000295,170,8,162
235000305,690,12,678
235000306,1176,14,1162
235000307,140,2,138
235000308,22,0,22
235000309,132,0,132
235000310,64,2,62
235000311,102,64,38
235000322,0,202,-202
235000323,2,84,-82
235000324,2,132,-130
235000325,6,50,-44
235000326,62,132,-70
235000351,0,182,-182
235000352,24,54,-30
235000353,4,60,-56
235000354,42,18,24
235000355,16,158,-142
235000356,128,4,124
235000357,88,20,68
235000358,40,2,38
235000359,80,2,78
235000360,106,22,84
235000361,200,2,198
235000381,150,78,72
235000382,282,62,220
235000390,4,2,2
235000391,348,10,338
235000392,402,262,140
235000393,318,314,4
235000395,206,132,74
235000396,1032,118,914
235000400,70,256,-186
235000401,76,372,-296
235000405,418,104,314
235000406,28,120,-92
235000407,132,74,58
235000409,298,112,186
235000410,120,148,-28
235000411,0,84,-84
235000485,0,6,-6
235000486,6,0,6
235000549,228,224,4
235000550,100,72,28
235000599,92,18,74
235000600,0,4,-4
235000601,8,26,-18
235000602,308,96,212
235000614,0,14,-14
235000648,0,4,-4
235000649,86,2,84
235000685,0,26,-26
235000815,14,30,-16
235000834,0,44,-44
235000855,188,68,120
235000862,92,100,-8
235000891,0,0,0
235000892,2,0,2
235000901,18,30,-12
235000907,4,10,-6
235001010,296,144,152
235001029,184,162,22
235001030,392,132,260
235001078,184,180,4
235001079,104,60,44
235001147,114,154,-40
235001166,20,36,-16
235001167,28,14,14
235001169,108,266,-158
235001188,0,12,-12
235001189,2,10,-8
235001197,4,44,-40
235001200,20,18,2
235001207,1644,120,1524
235001210,288,376,-88
235001215,4,114,-110
235001239,0,18,-18
235001244,0,26,-26
235016267,2,230,-228
277102712,0,0,0
277103813,0,0,0
277103814,0,0,0
277104249,0,2,-2
277104250,0,46,-46
277104251,0,8,-8
277104252,2,16,-14
990011530,0,498,-498
990014944,0,110,-110
990015176,30,0,30
990015618,0,96,-96
990016032,0,330,-330
990032570,4,54,-50
990070001,230,2,228
990070103,0,2,-2
990070601,2,20,-18
990070751,6806,4,6802
990070766,0,138,-138
990071180,954,294,660
990071343,26,0,26
990071387,0,8,-8
990071823,54,0,54
990072600,2,650,-648
990072964,4,158,-154
990073285,0,0,0
990074393,0,476,-476
990074870,5548,94,5454
990075106,868,2,866
990075746,1294,4,1290
990076437,12942,16,12926
990076458,0,686,-686
997000007,752,18,734
997000041,0,544,-544
997000058,64,2,62
997000062,54,2,52
997000069,0,0,0
997000070,0,26,-26
997000100,402,4,398
997000141,2,414,-412
997000198,86,580,-494
998000475,0,16,-16
998000736,0,490,-490
998000965,0,124,-124
998001031,0,230,-230
998001700,0,76,-76
998001899,0,0,0
998001900,30,4,26
998003073,3548,24,3524
998101900,0,0,0
998102850,2,164,-162
998501927,606,1356,-750
998501929,350,2,348
998501930,90,0,90
998501931,388,10,378
998501932,68,0,68
998501933,64,0,64
998501937,12,2,10
998501944,16,0,16
998501950,0,6,-6
998501970,686,0,686
998501971,0,222,-222
998501973,0,12,-12
998501974,0,106,-106
998501975,208,2,206
998501976,1192,6,1186
998501977,0,26,-26
998501978,8,0,8
998501979,0,2,-2
998501980,240,56,184
998501981,212,4,208
998501982,0,160,-160
998501983,0,0,0
998502006,0,0,0
998502024,0,2,-2
998502032,0,0,0
998502062,128,112,16
998502063,0,0,0
998502173,34,0,34
998502269,0,2,-2
998502546,0,622,-622
998502578,2,0,2
998502599,22,2318,-2296
998502621,0,0,0
998601159,0,10,-10
998601292,8,18,-10
999033574,0,296,-296
999800001,88,16,72
999800002,0,2,-2
999800003,10,2,8
999800004,0,14,-14
999800005,0,20,-20
