ID,insum,outsum,diff
100000001,1068,1055,13
100000002,5229,7363,-2134
100000003,4721,7013,-2292
100000004,342,1798,-1456
100000005,3131,4971,-1840
100000006,623,562,61
100000007,2795,1063,1732
100000008,127,942,-815
100000009,550,652,-102
100000010,28,91,-63
100000011,669,127,542
100000012,46,836,-790
100000013,16,231,-215
100000014,393,624,-231
100000015,1680,2549,-869
100000016,619,2343,-1724
100000017,672,2101,-1429
100000018,896,976,-80
100000019,4366,3400,966
100000020,1549,7165,-5616
100000021,5960,2366,3594
100000022,1077,4760,-3683
100000023,4692,2039,2653
100000025,492,2798,-2306
100000028,487,2535,-2048
100000029,62,1197,-1135
100000030,80,71,9
100000031,2593,8675,-6082
100000032,2309,5255,-2946
100000033,1425,4361,-2936
100000034,177,1933,-1756
100000035,976,1820,-844
100000036,833,2324,-1491
100000037,813,553,260
100000038,2739,1340,1399
100000039,310,417,-107
100000040,430,205,225
100000041,1742,794,948
100000042,1232,569,663
100000043,775,702,73
100000044,161,1020,-859
100000045,419,815,-396
100000046,471,693,-222
100000047,161,371,-210
100000048,271,648,-377
100000049,1526,1052,474
100000051,561,507,54
100000053,81,9,72
100000054,360,35,325
100000055,579,370,209
100000056,431,828,-397
100000057,2172,630,1542
100000058,740,780,-40
100000059,12,318,-306
100000060,692,383,309
100000061,2226,595,1631
100000062,1634,849,785
100000063,1022,363,659
100000064,1375,803,572
100000065,279,921,-642
100000066,249,671,-422
100000067,207,675,-468
100000068,362,1416,-1054
100000069,360,1205,-845
100000072,173,310,-137
100000073,877,923,-46
100000075,1052,235,817
100000076,1582,6250,-4668
100000077,62,607,-545
100000078,7,116,-109
100000079,26,95,-69
100000080,23,103,-80
100000081,88,271,-183
100000102,3882,8597,-4715
100000103,1638,2531,-893
100000104,3805,3095,710
100000105,1264,2732,-1468
100000106,887,5204,-4317
100000107,186,2151,-1965
100000108,213,1386,-1173
100000109,768,1955,-1187
100000116,373,675,-302
100000117,94,267,-173
100000118,496,1507,-1011
100000119,804,1354,-550
100000121,234,704,-470
100000122,527,2745,-2218
100000123,1303,3469,-2166
100000124,2283,3587,-1304
100000125,7167,2811,4356
100000126,637,1267,-630
100000127,1179,1071,108
100000128,871,3307,-2436
100000129,289,1126,-837
100000130,747,286,461
100000131,990,1940,-950
100000132,1089,1894,-805
100000133,1859,1134,725
100000135,749,1575,-826
100000139,211,806,-595
100000140,156,277,-121
100000142,678,650,28
100000143,1633,397,1236
100000144,2039,693,1346
100000147,1882,4721,-2839
100000150,98,723,-625
100000151,648,2902,-2254
100000153,130,813,-683
100000154,19,891,-872
100000155,6,74,-68
100000156,283,462,-179
100000157,603,368,235
100000158,304,330,-26
100000159,124,1810,-1686
100000165,603,767,-164
100000169,38,1908,-1870
100000174,298,1320,-1022
100000179,105,1093,-988
100000180,706,2488,-1782
100000181,350,429,-79
100000188,93,237,-144
100000189,1016,605,411
100000190,479,2217,-1738
100000191,831,896,-65
100000192,22,176,-154
100000193,276,332,-56
100000330,754,1292,-538
100000355,214,817,-603
100000362,2501,1231,1270
100000363,7286,8069,-783
100000364,106,400,-294
100000365,7300,11792,-4492
100000366,1912,1450,462
100000367,5832,8399,-2567
100000368,2465,955,1510
100000369,673,3056,-2383
100000370,186,1341,-1155
100000376,51,245,-194
100000379,905,3407,-2502
100000380,3851,9621,-5770
100000384,6299,9777,-3478
100000385,1232,5722,-4490
100000386,2635,10631,-7996
100000387,3379,9825,-6446
100000388,2012,8746,-6734
100000389,4057,10928,-6871
100000390,3560,6952,-3392
100000391,2394,14248,-11854
100000392,978,3889,-2911
100000393,902,7950,-7048
100000394,3080,8150,-5070
100000395,1491,6807,-5316
100000396,2163,3322,-1159
100000397,2497,9205,-6708
100000398,6495,4862,1633
100000413,7,11,-4
100900002,7,7,0
100900003,474,308,166
100900004,21,1055,-1034
100900005,173,41,132
100900006,39,24,15
100900007,203,17,186
100900008,4,527,-523
100900009,49,108,-59
100900010,72,12,60
100900011,255,110,145
100900012,4,109,-105
100900013,1195,31,1164
100900014,1,7,-6
100900015,41,65,-24
100900016,5,34,-29
100900017,1248,59,1189
100900018,3,17,-14
100900019,38,107,-69
100900020,398,9,389
100900021,426,3,423
100900022,4,25,-21
100900023,0,25,-25
100900024,437,0,437
100900025,12,7,5
100900026,149,87,62
100900027,524,2691,-2167
100900028,156,563,-407
100900029,117,6,111
100900030,3,463,-460
100900031,888,47,841
100900032,474,1,473
100900033,162,486,-324
100900034,1201,3,1198
100900035,239,0,239
100900036,5,0,5
100900037,177,122,55
100900038,60,151,-91
100900039,178,313,-135
100900040,793,200,593
100900041,1506,310,1196
100900042,917,2512,-1595
100900043,1,39,-38
100900044,1112,662,450
100900045,7,0,7
100900046,1148,25,1123
100900047,645,161,484
100900048,129,53,76
100900049,106,88,18
100900050,3,9,-6
100900051,28,123,-95
100900052,289,40,249
100900053,884,22,862
100900054,14,46,-32
100900055,297,1284,-987
100900056,22,118,-96
100900057,2489,874,1615
100900058,139,203,-64
100900059,134,10,124
100900060,258,10,248
100900061,208,205,3
100900062,6,80,-74
100900063,309,884,-575
100900064,570,26,544
100900065,55,172,-117
100900066,223,180,43
100900067,6,3,3
100900068,160,215,-55
100900069,157,5,152
100900070,648,13,635
100900071,255,145,110
100900072,6,88,-82
100900073,220,291,-71
100900074,2,34,-32
100900075,1902,139,1763
100900076,7,33,-26
100900077,92,15,77
100900078,67,268,-201
100900079,7,59,-52
100900080,57,64,-7
100900081,67,87,-20
100900082,158,165,-7
100900083,7,49,-42
100900085,22,555,-533
100900086,82,400,-318
100900088,279,172,107
100900089,4,18,-14
100900090,115,1033,-918
100900091,5,9,-4
100900092,89,115,-26
100900093,374,447,-73
100900094,187,134,53
100900095,11,36,-25
100900096,55,379,-324
100900097,11,0,11
100900098,16,26,-10
100900099,23,465,-442
100900100,10,574,-564
100900101,269,87,182
100900102,47,116,-69
100900103,9,40,-31
100900104,5,386,-381
100900105,15,552,-537
100900106,54,5,49
100900107,2387,1146,1241
100900108,12,19,-7
100900109,34,33,1
100900110,4,15,-11
100900111,16,264,-248
100900112,1,25,-24
100900113,21,20,1
100900114,8,37,-29
100900115,7,16,-9
100900116,1279,572,707
100900117,222,1534,-1312
100900118,11,17,-6
100900119,7,28,-21
100900120,43,4,39
100900121,349,412,-63
100900122,169,102,67
100900123,144,113,31
100900124,1,5,-4
100900125,4,89,-85
100900126,361,143,218
100900127,4,1,3
100900128,76,566,-490
100900129,2,370,-368
100900131,27,192,-165
100900133,87,38,49
100900134,12,2,10
100900135,1,1001,-1000
100900137,275,183,92
100900138,398,436,-38
100900139,3,18,-15
100900140,10,280,-270
100900141,1,892,-891
100900142,0,8,-8
100900143,439,789,-350
100900144,4,9,-5
100900145,114,322,-208
100900146,5,35,-30
100900147,15,1514,-1499
100900148,68,209,-141
100900149,66,402,-336
100900150,0,27,-27
100900151,112,458,-346
100900152,163,7,156
100900153,5,228,-223
100900154,5,215,-210
100900155,20,11,9
100900156,13,2,11
100900157,18,1836,-1818
100900159,1,40,-39
100900160,45,28,17
100900161,22,2,20
100900162,25,601,-576
100900163,102,94,8
100900164,107,43,64
100900165,30,29,1
100900166,8,1,7
100900167,27,90,-63
100900168,41,224,-183
100900169,66,815,-749
100900170,12,0,12
100900171,43,492,-449
100900172,0,56,-56
100900173,12,115,-103
100900174,28,16,12
100900176,1952,286,1666
100900177,454,240,214
100900178,181,305,-124
100900179,478,326,152
100900180,1,0,1
100900181,48,41,7
100900182,34,24,10
100900184,19,118,-99
100900186,413,279,134
100900187,24,40,-16
100900188,10,15,-5
100900189,3251,306,2945
100900191,375,1397,-1022
100900192,142,615,-473
100900195,118,294,-176
100900197,30,73,-43
100900198,29,61,-32
100900199,11,7,4
100900200,667,349,318
100900201,61,586,-525
100900202,42,0,42
100900203,0,121,-121
100900204,48,616,-568
100900205,144,715,-571
100900206,303,178,125
100900207,296,203,93
100900210,191,196,-5
100900211,513,215,298
100900213,232,95,137
100900214,457,137,320
100900215,37,46,-9
100900217,115,154,-39
101000001,1827,2126,-299
101000002,8471,8979,-508
101000003,370,1008,-638
101000004,6187,6043,144
101000005,3046,5706,-2660
101000006,6642,11146,-4504
101000007,3061,6078,-3017
101000008,1595,3456,-1861
101000009,3166,861,2305
101000010,937,568,369
101000011,1421,284,1137
101000012,357,679,-322
101000013,649,1531,-882
101000014,239,375,-136
101000015,2336,1607,729
101000016,268,933,-665
101000017,335,734,-399
101000018,1412,5594,-4182
101000020,1632,815,817
101000021,513,1030,-517
101000022,45,303,-258
101000023,990,1214,-224
101000025,393,671,-278
101000026,321,20,301
101000027,2011,5039,-3028
101000028,1091,501,590
101000029,99,1445,-1346
101000030,672,184,488
101000031,118,916,-798
101000032,2252,5436,-3184
101000033,1287,5953,-4666
101000034,998,3257,-2259
101000035,547,472,75
101000036,819,2629,-1810
101000037,1199,4318,-3119
101000039,2054,4573,-2519
101000040,2917,7842,-4925
101000041,1982,7175,-5193
101000042,88,1151,-1063
101000043,3222,8765,-5543
101000045,259,995,-736
101000046,904,2619,-1715
101000047,814,4983,-4169
101000048,482,346,136
101000049,756,2682,-1926
101000050,686,2250,-1564
101000051,680,2592,-1912
101000052,1326,1727,-401
101000053,467,1558,-1091
101000054,1727,1021,706
101000055,950,2077,-1127
101000056,30,214,-184
101000057,830,3017,-2187
101000058,962,2105,-1143
101000059,2174,3296,-1122
101000060,2004,1563,441
101000061,384,2670,-2286
101000062,281,835,-554
101000063,253,2204,-1951
101000064,424,1414,-990
101000065,252,1197,-945
101000066,408,1532,-1124
101000067,371,1111,-740
101000068,121,486,-365
101000069,139,79,60
101000070,419,886,-467
101000071,2738,1367,1371
101000072,602,2965,-2363
101000073,615,1402,-787
101000074,1946,3395,-1449
101000075,1650,4039,-2389
101000077,1705,1858,-153
101000078,621,1149,-528
101000079,1202,1262,-60
101000080,1209,1528,-319
101000081,1913,1886,27
101000082,1968,2020,-52
101000083,4214,2569,1645
101000084,891,598,293
101000085,1454,1342,112
101000086,985,1575,-590
101000087,890,1057,-167
101000088,2014,1256,758
101000089,1058,1808,-750
101000090,1819,946,873
101000091,540,482,58
101000092,2988,834,2154
101000093,1787,676,1111
101000094,1319,1027,292
101000095,639,463,176
101000096,929,393,536
101000097,376,821,-445
101000098,487,950,-463
101000099,707,1246,-539
101000100,778,1187,-409
101000101,201,672,-471
101000102,490,1249,-759
101000103,475,1053,-578
101000104,288,1130,-842
101000105,273,595,-322
101000106,276,1431,-1155
101000107,337,529,-192
101000108,654,124,530
101000109,835,107,728
101000110,51,190,-139
101000111,50,189,-139
101000113,140,1062,-922
101000114,2461,9893,-7432
101000115,55,41,14
101000116,15,45,-30
101000117,1478,202,1276
101000119,28,137,-109
101000120,86,148,-62
101000121,36,83,-47
101000122,74,115,-41
101000123,41,137,-96
101000124,758,612,146
101000125,130,204,-74
101000128,199,1158,-959
101000130,161,248,-87
101000131,1771,438,1333
101000132,960,699,261
101000135,14,40,-26
101000136,153,208,-55
101000137,56,642,-586
101000141,639,5253,-4614
101000147,1357,462,895
101000148,934,10,924
101000149,79,235,-156
101000150,158,302,-144
101000151,485,30,455
101000152,412,366,46
101000153,454,148,306
101000154,467,421,46
101000155,682,221,461
101000156,75,603,-528
101000157,129,72,57
101000160,9,34,-25
101000163,106,609,-503
101000164,359,158,201
101000165,309,592,-283
101000166,264,283,-19
101000168,1234,763,471
101000252,2937,1144,1793
101000254,45,86,-41
101000258,105,27,78
101000261,108,136,-28
101000262,1364,6088,-4724
101000263,226,1876,-1650
101000265,68,975,-907
101000266,283,225,58
101000269,11,27,-16
101000290,347,3652,-3305
101000293,16,124,-108
101000294,707,611,96
101000295,310,320,-10
101000301,281,676,-395
101000304,2538,3667,-1129
101000305,3123,1128,1995
101000328,118,689,-571
101900001,19,31,-12
101900002,0,4,-4
101900003,22,188,-166
101900004,0,370,-370
101900005,1250,4230,-2980
101900006,2038,96,1942
101900007,543,291,252
101900008,35,281,-246
101900009,34,482,-448
101900010,577,831,-254
101900011,96,1190,-1094
101900012,409,65,344
101900013,437,109,328
101900017,12,106,-94
101900018,753,352,401
101900019,85,220,-135
101900020,43,34,9
101900021,0,71,-71
101900022,305,559,-254
101900023,290,168,122
101900026,193,32,161
101900027,26,141,-115
102000001,3983,7247,-3264
102000002,2787,1866,921
102000003,2775,8442,-5667
102000004,3827,3106,721
102000005,1413,4304,-2891
102000006,729,1874,-1145
102000007,2432,5276,-2844
102000008,4594,1560,3034
102000009,8478,10208,-1730
102000010,3646,2811,835
102000011,5561,5184,377
102000012,3676,2992,684
102000018,3330,3653,-323
102000019,2490,1890,600
102000026,555,546,9
102000029,273,341,-68
102000030,208,487,-279
102000031,96,123,-27
102000032,763,469,294
102000033,429,340,89
102000034,552,454,98
102000035,1730,548,1182
102000036,35,303,-268
102000037,322,36,286
102000038,128,961,-833
102000039,138,350,-212
102000040,170,548,-378
102000041,49,1435,-1386
102000042,117,735,-618
102000043,53,642,-589
102000044,499,1639,-1140
102000045,744,1060,-316
102000046,1458,1059,399
102000047,797,964,-167
102000048,676,688,-12
102000049,1174,1568,-394
102000050,1327,1630,-303
102000051,273,1003,-730
102000052,1136,1700,-564
102000053,776,1949,-1173
102000054,1198,1293,-95
102000055,1849,275,1574
102000056,1839,233,1606
102000057,2066,473,1593
102000058,1346,835,511
102000059,1189,1701,-512
102000060,1009,985,24
102000061,2012,1818,194
102000062,2638,1120,1518
102000063,1576,1743,-167
102000064,801,825,-24
102000065,43,183,-140
102000066,962,1161,-199
102000067,5298,4467,831
102000068,11546,4258,7288
102000069,133,3462,-3329
102000070,2161,43,2118
102000071,9029,12326,-3297
102000072,2774,5461,-2687
102000073,743,620,123
102000074,946,889,57
102000075,182,217,-35
102000076,399,236,163
102000077,831,476,355
102000078,2006,396,1610
102000079,172,162,10
102000080,427,309,118
102000081,254,1212,-958
102000082,824,385,439
102000083,1095,194,901
102000084,724,281,443
102000085,3146,826,2320
102000086,1668,868,800
102000087,880,1338,-458
102000088,557,282,275
102000089,1651,325,1326
102000090,472,1239,-767
102000091,1579,548,1031
102000092,329,653,-324
102000093,1480,587,893
102000094,607,423,184
102000095,782,750,32
102000096,422,507,-85
102000097,770,495,275
102000098,339,816,-477
102000099,1231,1302,-71
102000100,225,1939,-1714
102000101,575,760,-185
102000102,790,1352,-562
102000103,4945,506,4439
102000104,936,371,565
102000105,349,650,-301
102000106,1025,490,535
102000107,2361,334,2027
102000108,838,306,532
102000109,990,512,478
102000110,1946,753,1193
102000111,19,604,-585
102000112,166,166,0
102000113,49,40,9
102000114,1147,360,787
102000115,307,414,-107
102000116,293,933,-640
102000117,120,1502,-1382
102000118,1015,2045,-1030
102000119,1215,2523,-1308
102000120,331,593,-262
102000121,1088,470,618
102000122,647,1155,-508
102000123,1237,861,376
102000124,1416,1762,-346
102000125,514,687,-173
102000126,596,961,-365
102000127,1337,601,736
102000128,829,1150,-321
102000129,1580,597,983
102000130,819,798,21
102000131,945,575,370
102000132,372,632,-260
102000133,3762,1608,2154
102000134,1134,893,241
102000135,937,787,150
102000136,1442,553,889
102000137,428,1114,-686
102000138,310,381,-71
102000139,62,1038,-976
102000140,156,1703,-1547
102000141,128,242,-114
102000142,476,218,258
102000143,403,253,150
102000144,386,288,98
102000145,478,320,158
102000146,468,361,107
102000147,563,372,191
102000148,425,559,-134
102000149,305,167,138
102000150,794,85,709
102000151,168,114,54
102000152,367,174,193
102000153,954,1131,-177
102000154,207,522,-315
102000155,63,908,-845
102000156,258,231,27
102000157,52,1481,-1429
102000158,309,580,-271
102000159,1953,1221,732
102000161,2335,2081,254
102000162,191,260,-69
102000163,115,448,-333
102000164,641,832,-191
102000165,219,256,-37
102000166,73,201,-128
102000167,269,329,-60
102000168,222,189,33
102000169,115,677,-562
102000170,937,138,799
102000171,102,79,23
102000172,22,304,-282
102000173,548,335,213
102000174,162,66,96
102000175,74,90,-16
102000176,74,37,37
102000178,279,489,-210
102000179,432,251,181
102000180,1249,299,950
102000181,1310,340,970
102000182,783,538,245
102000183,2370,1126,1244
102000184,2711,707,2004
102000185,3708,842,2866
102000186,2544,1081,1463
102000187,1534,1616,-82
102000188,1764,1504,260
102000189,2425,645,1780
102000190,553,2600,-2047
102000191,1078,308,770
102000192,3045,2201,844
102000193,121,133,-12
102000194,53,213,-160
102000195,591,426,165
102000196,300,216,84
102000197,1268,227,1041
102000198,224,482,-258
102000199,1672,185,1487
102000200,307,470,-163
102000201,1700,362,1338
102000202,5,211,-206
102000203,583,174,409
102000204,681,555,126
102000205,1625,639,986
102000206,840,476,364
102000207,719,580,139
102000208,523,670,-147
102000209,78,85,-7
102000210,579,350,229
102000211,717,238,479
102000212,512,23,489
102000213,3,186,-183
102000214,521,8,513
102000215,5,233,-228
102000216,80,111,-31
102000217,11,81,-70
102000218,340,248,92
102000219,257,129,128
102000225,387,618,-231
102000226,270,313,-43
102000227,166,1,165
102000228,0,186,-186
102000229,71,74,-3
102000230,485,379,106
102000231,364,312,52
102000232,116,314,-198
102000233,1174,450,724
102000234,149,1064,-915
102000236,332,98,234
102000237,775,505,270
102000238,266,457,-191
102000240,535,1324,-789
102000241,302,107,195
102000243,14,35,-21
102000245,9,112,-103
102000246,27,63,-36
102000247,390,559,-169
102000248,394,977,-583
102000249,247,109,138
102000250,76,183,-107
102000254,312,225,87
102000266,2,988,-986
102000271,48,0,48
102000286,488,329,159
102000297,2562,1467,1095
102000301,0,0,0
102000303,0,0,0
102000305,0,0,0
102000307,0,10,-10
102900001,1175,615,560
102900002,343,43,300
102900003,108,156,-48
102900005,516,230,286
102900006,641,80,561
102900007,791,11,780
102900008,337,16,321
102900009,373,522,-149
102900010,191,1252,-1061
102900011,1012,511,501
102900012,682,121,561
102900013,101,34,67
102900015,609,769,-160
102900016,96,33,63
102900017,413,235,178
102900018,92,79,13
102900019,522,473,49
102900020,392,28,364
102900021,65,50,15
102900022,179,114,65
102900023,17,78,-61
102900024,103,34,69
102900025,141,109,32
102900026,457,2620,-2163
102900027,143,90,53
102900028,252,939,-687
102900029,112,349,-237
102900030,487,350,137
102900031,404,94,310
102900032,167,52,115
102900033,121,176,-55
102900034,728,58,670
102900035,191,228,-37
102900036,491,192,299
102900037,325,175,150
102900038,608,216,392
102900039,9,785,-776
102900040,184,289,-105
102900041,112,126,-14
102900042,368,178,190
102900043,284,166,118
102900044,620,1324,-704
102900045,228,413,-185
102900046,301,152,149
102900047,195,623,-428
102900048,684,216,468
102900049,120,417,-297
102900050,282,470,-188
102900051,188,217,-29
102900053,370,526,-156
102900054,283,1454,-1171
102900055,251,352,-101
102900056,94,359,-265
102900057,7,67,-60
102900058,527,85,442
102900059,28,41,-13
102900060,109,386,-277
102900061,171,297,-126
102900062,470,452,18
102900063,1930,284,1646
102900064,124,486,-362
102900065,850,227,623
102900066,405,12,393
102900068,48,162,-114
102900070,244,392,-148
102900072,9,40,-31
102900073,74,12,62
102900075,9,142,-133
102900076,48,186,-138
102900077,28,31,-3
102900078,24,46,-22
102900079,287,8,279
102900080,514,25,489
102900081,83,261,-178
102900082,18,273,-255
102900083,176,22,154
102900084,3,64,-61
102900085,255,114,141
102900086,15,103,-88
102900087,272,224,48
102900088,75,56,19
102900089,211,182,29
102900090,1,236,-235
102900091,266,4,262
102900092,573,179,394
102900094,1,418,-417
102900095,67,0,67
102900096,104,13,91
102900097,5,37,-32
103000001,2186,2554,-368
103000002,2761,3160,-399
103000003,3246,3599,-353
103000004,875,704,171
103000005,1921,5197,-3276
103000006,1297,1744,-447
103000007,532,566,-34
103000008,1025,907,118
103000009,2592,1277,1315
103000010,276,165,111
103000011,1358,911,447
103000012,1433,1989,-556
103000013,2779,1745,1034
103000014,1507,3621,-2114
103000015,1745,908,837
103000016,798,2247,-1449
103000017,362,794,-432
103000018,852,224,628
103000019,584,714,-130
103000020,1462,1414,48
103000021,1859,2782,-923
103000022,790,1048,-258
103000023,774,2882,-2108
103000024,93,101,-8
103000025,158,1353,-1195
103000026,496,259,237
103000027,292,713,-421
103000028,183,351,-168
103000029,121,231,-110
103000030,2078,2066,12
103000031,803,2834,-2031
103000032,1926,1242,684
103000033,3068,3106,-38
103000034,1155,889,266
103000035,269,1241,-972
103000036,217,370,-153
103000037,610,485,125
103000038,494,978,-484
103000039,777,263,514
103000040,876,532,344
103000041,2010,1185,825
103000042,2035,189,1846
103000043,1138,537,601
103000044,352,74,278
103000046,466,544,-78
103000047,837,282,555
103000048,307,115,192
103000049,145,127,18
103000050,947,209,738
103000051,632,465,167
103000052,862,202,660
103000053,258,486,-228
103000054,1951,846,1105
103000055,1960,1385,575
103000056,928,703,225
103000057,1717,220,1497
103000058,705,532,173
103000059,864,480,384
103000060,996,308,688
103000061,646,697,-51
103000062,802,329,473
103000063,1367,970,397
103000064,174,110,64
103000065,4,168,-164
103000066,282,19,263
103000069,361,181,180
103000070,893,552,341
103000071,1945,724,1221
103000072,161,526,-365
103000073,1207,110,1097
103000074,836,183,653
103000075,178,548,-370
103000076,385,914,-529
103000077,13,347,-334
103000078,1059,1698,-639
103000079,597,1404,-807
103000080,629,428,201
103000081,356,1583,-1227
103000082,570,177,393
103000083,118,583,-465
103000084,152,14,138
103000085,1,190,-189
103000086,394,734,-340
103000087,134,878,-744
103000088,176,598,-422
103000089,318,1006,-688
103000090,5867,1382,4485
103000091,1768,536,1232
103000092,459,283,176
103000093,384,723,-339
103000094,343,184,159
103000095,64,394,-330
103000096,609,57,552
103000097,51,945,-894
103000098,648,138,510
103000099,135,819,-684
103000100,138,421,-283
103000101,1636,98,1538
103000102,142,356,-214
103000103,943,114,829
103000104,119,79,40
103000105,277,73,204
103000106,6,143,-137
103000107,268,147,121
103000108,2047,1637,410
103000109,1011,746,265
103000110,1054,632,422
103000111,345,828,-483
103000112,276,588,-312
103000113,317,1656,-1339
103000114,1718,1490,228
103000115,974,818,156
103000116,794,387,407
103000117,620,491,129
103000118,414,386,28
103000119,923,276,647
103000120,84,174,-90
103000121,125,211,-86
103000122,360,427,-67
103000125,33,91,-58
103000126,901,0,901
103000127,16,91,-75
103000128,253,3,250
103000129,0,92,-92
103000130,125,77,48
103000131,106,135,-29
103000132,89,176,-87
103000133,23,197,-174
103000134,215,1164,-949
103000135,781,234,547
103000136,584,621,-37
103000137,498,1008,-510
103000138,743,956,-213
103000139,1,122,-121
103000140,203,33,170
103000141,53,251,-198
103000142,140,173,-33
103000143,76,287,-211
103000144,173,150,23
103000145,10,519,-509
103000150,120,54,66
103000152,172,615,-443
103000153,256,482,-226
103000156,19,104,-85
103000157,591,1,590
103000159,202,39,163
103000162,30,26,4
103000163,22,14,8
103000164,6,8,-2
103000165,36,159,-123
103000166,375,655,-280
103000167,283,290,-7
103000168,184,148,36
103000169,226,807,-581
103000170,1205,196,1009
103000171,37,135,-98
103000172,999,164,835
103000173,1217,148,1069
103000174,363,230,133
103000175,341,144,197
103000176,1015,990,25
103000177,293,386,-93
103000178,129,233,-104
103000179,120,33,87
103000183,375,24,351
103000185,247,51,196
103000186,295,79,216
103000187,1123,155,968
103000188,30,77,-47
103000189,927,829,98
103000191,451,410,41
103000292,520,2249,-1729
103000293,971,4029,-3058
103000295,87,161,-74
103000296,150,4,146
103000297,1,25,-24
103000504,3,7,-4
103000505,4,74,-70
103000506,2,98,-96
103000507,267,12,255
103000508,117,102,15
103000509,316,711,-395
103900001,14,45,-31
103900002,552,106,446
103900003,744,121,623
103900004,129,1,128
103900005,1,88,-87
103900006,3,8,-5
103900007,211,1,210
103900008,28,0,28
103900009,520,350,170
103900010,332,188,144
103900011,672,88,584
103900012,9,27,-18
103900013,100,18,82
103900014,103,18,85
103900015,142,13,129
103900016,235,119,116
103900017,66,68,-2
103900018,319,106,213
103900019,36,464,-428
103900020,325,545,-220
103900021,94,13,81
103900022,813,572,241
103900023,342,1,341
103900024,94,233,-139
103900025,19,40,-21
103900026,5,0,5
103900027,496,203,293
103900028,28,353,-325
103900029,1610,213,1397
103900030,525,289,236
103900031,78,1,77
103900032,126,154,-28
103900033,62,62,0
103900034,53,51,2
103900035,65,28,37
103900036,104,72,32
103900037,162,28,134
103900038,88,293,-205
103900039,164,98,66
103900040,11,74,-63
103900041,80,28,52
103900042,147,74,73
103900043,420,46,374
103900044,37,851,-814
103900045,318,186,132
103900047,120,10,110
103900048,20,53,-33
103900049,95,1708,-1613
103900050,23,192,-169
103900051,1,43,-42
103900052,259,398,-139
103900053,428,183,245
103900054,232,169,63
103900055,444,195,249
103900056,115,28,87
103900057,128,54,74
103900058,481,194,287
103900059,1,62,-61
103900060,82,62,20
103900061,295,29,266
103900062,816,268,548
103900063,9,0,9
103900064,290,4,286
103900065,367,285,82
103900066,454,117,337
103900067,338,12,326
103900068,2,0,2
103900069,124,17,107
103900070,149,157,-8
103900071,18,44,-26
103900072,69,66,3
103900073,55,102,-47
103900074,145,8,137
103900075,472,70,402
103900076,876,179,697
103900077,35,286,-251
103900078,405,54,351
103900079,269,150,119
103900080,4,21,-17
103900081,30,65,-35
103900082,96,168,-72
103900083,1658,2240,-582
103900084,100,161,-61
103900085,98,109,-11
103900086,1462,281,1181
103900088,367,522,-155
103900089,46,133,-87
103900090,0,56,-56
103900091,739,140,599
103900092,815,760,55
103900093,39,378,-339
103900094,11,52,-41
103900095,280,409,-129
103900096,112,66,46
103900097,26,236,-210
103900098,444,82,362
103900099,239,43,196
103900100,379,141,238
103900101,201,837,-636
103900102,0,43,-43
103900104,1,13,-12
103900105,20,80,-60
103900106,0,195,-195
103900107,272,58,214
103900108,60,130,-70
103900109,255,42,213
103900110,349,42,307
103900111,163,197,-34
103900112,49,99,-50
103900113,89,264,-175
103900114,858,234,624
103900115,229,258,-29
103900116,1678,3186,-1508
103900117,86,38,48
103900119,33,119,-86
103900120,124,55,69
103900122,256,52,204
103900123,493,759,-266
103900124,72,180,-108
103900125,229,78,151
103900126,819,132,687
103900127,221,231,-10
103900128,217,40,177
103900131,29,94,-65
103900133,1178,22,1156
103900134,0,13,-13
103900135,2,0,2
103900137,0,3,-3
103900138,243,54,189
103900139,262,4164,-3902
103900140,4,374,-370
103900141,226,32,194
103900142,533,72,461
103900143,158,0,158
103900144,2,23,-21
103900145,126,119,7
103900146,266,135,131
103900147,620,73,547
103900148,436,140,296
103900149,373,225,148
103900150,4022,6618,-2596
103900151,14,129,-115
103900152,1498,148,1350
103900153,12,10,2
103900154,290,2830,-2540
103900155,73,82,-9
103900156,83,39,44
103900157,140,59,81
103900158,206,26,180
103900159,297,15,282
103900160,86,29,57
103900161,57,168,-111
103900162,58,73,-15
103900163,15,225,-210
103900167,15,128,-113
103900168,102,57,45
103900169,19,112,-93
103900170,1,55,-54
103900171,9,21,-12
103900172,7,14,-7
103900173,25,19,6
103900174,375,50,325
103900175,30,119,-89
103900176,8,48,-40
103900177,25,26,-1
103900178,78,16,62
103900179,89,20,69
103900180,8,42,-34
103900181,26,56,-30
103900182,35,37,-2
103900184,215,105,110
103900185,63,833,-770
103900187,5,155,-150
103900188,127,53,74
103900189,130,15,115
103900190,101,54,47
103900191,40,78,-38
103900192,14,85,-71
103900193,86,182,-96
103900194,77,112,-35
103900195,6,197,-191
103900196,87,56,31
103900197,10,11,-1
103900198,18,31,-13
103900199,156,98,58
103900200,301,81,220
103900201,89,94,-5
103900202,6,35,-29
103900203,45,66,-21
103900204,0,27,-27
103900207,0,12,-12
103900208,200,2,198
103900209,11,61,-50
103900210,45,23,22
103900211,902,112,790
103900212,255,137,118
103900213,70,403,-333
103900214,292,322,-30
103900215,175,382,-207
103900216,21,118,-97
103900217,232,79,153
103900218,4,330,-326
103900219,275,134,141
103900233,351,38,313
103900235,15,374,-359
103900236,4,3,1
103900242,2,7,-5
103900243,1,4,-3
103900244,146,124,22
103900245,161,102,59
103900246,24,39,-15
103900247,11,58,-47
103900248,0,64,-64
103900249,7,87,-80
103900250,60,52,8
103900251,2,35,-33
103900253,5,65,-60
103900254,16,28,-12
103900255,2,35,-33
103900256,36,23,13
103900257,318,384,-66
103900258,8,14,-6
103900259,26,6,20
103900261,28,2,26
103900262,31,3,28
103900263,15,74,-59
103900264,16,12,4
103900265,18,4,14
103900266,5,111,-106
103900267,6,65,-59
103900268,34,26,8
103900269,325,16,309
103900270,109,72,37
103900271,73,37,36
103900272,57,17,40
103900273,94,9,85
103900274,274,4,270
103900275,151,13,138
103900276,7,14,-7
103900277,6,14,-8
103900278,3,36,-33
103900279,2,65,-63
103900280,0,32,-32
104000001,3590,2374,1216
104000002,2191,1834,357
104000003,2541,2167,374
104000004,2423,2536,-113
104000005,2838,2419,419
104000006,3344,2576,768
104000007,4631,4170,461
104000008,212,232,-20
104000009,351,127,224
104000010,191,486,-295
104000011,277,228,49
104000012,144,210,-66
104000013,424,405,19
104000014,243,357,-114
104000015,529,146,383
104000016,326,234,92
104000018,1127,262,865
104000019,656,313,343
104000020,124,268,-144
104000021,451,269,182
104000022,246,352,-106
104000023,1430,414,1016
104000024,303,266,37
104000026,111,234,-123
104000027,357,217,140
104000028,618,266,352
104000029,401,280,121
104000030,396,225,171
104000031,1379,334,1045
104000032,201,116,85
104000033,823,544,279
104000034,354,110,244
104000035,1471,399,1072
104000036,1563,369,1194
104000037,285,105,180
104000038,691,397,294
104000039,213,126,87
104000040,186,507,-321
104000041,711,394,317
104000042,148,216,-68
104000043,265,248,17
104000044,319,407,-88
104000045,830,557,273
104000046,650,1019,-369
104000047,546,915,-369
104000048,973,973,0
104000049,1024,407,617
104000050,108,968,-860
104000051,333,607,-274
104000052,2502,1949,553
104000053,1296,457,839
104000054,551,136,415
104000055,2970,2174,796
104000056,785,307,478
104000057,408,357,51
104000058,1090,785,305
104000059,794,1024,-230
104000060,1302,1687,-385
104000061,1127,792,335
104000062,671,164,507
104000064,768,356,412
104000065,189,685,-496
104000069,618,2071,-1453
104000070,73,633,-560
104000071,372,437,-65
104000072,679,310,369
104000075,81,230,-149
104000076,525,74,451
104000082,2437,4301,-1864
104000083,678,281,397
104000084,127,422,-295
104000085,543,354,189
104000086,415,499,-84
104000087,403,2084,-1681
104000090,1372,869,503
104000092,1986,1134,852
104000094,976,804,172
104000095,3793,1749,2044
104000096,2306,106,2200
104000097,3019,555,2464
104000098,4129,637,3492
104000100,2996,688,2308
104000101,1568,1538,30
104000106,88,876,-788
104000107,743,221,522
104000108,221,273,-52
104000109,490,223,267
104000110,826,992,-166
104000111,2387,3269,-882
104000112,816,480,336
104000116,0,649,-649
104000117,426,302,124
104000118,1424,137,1287
104000119,1026,295,731
104000120,318,325,-7
104000121,435,487,-52
104000122,1314,676,638
104000123,743,512,231
104000124,501,990,-489
104000125,2542,5351,-2809
104000126,785,649,136
104000127,1386,1419,-33
104000128,717,194,523
104000129,396,10,386
104000130,6,270,-264
104000131,262,475,-213
104000132,310,615,-305
104000133,1742,807,935
104000134,1285,1540,-255
104000135,705,1826,-1121
104000136,914,3560,-2646
104000137,2620,299,2321
104000138,1389,433,956
104000139,3177,2478,699
104000141,1141,752,389
104000142,784,401,383
104000143,848,308,540
104000144,180,226,-46
104000145,561,187,374
104000146,170,572,-402
104000147,147,331,-184
104000148,684,191,493
104000149,203,79,124
104000150,1245,649,596
104000151,394,179,215
104000152,804,277,527
104000153,929,680,249
104000154,724,303,421
104000155,717,830,-113
104000157,1641,1079,562
104000158,132,753,-621
104000159,865,850,15
104000160,1843,2681,-838
104000161,320,170,150
104000162,134,129,5
104000165,675,758,-83
104000167,983,1697,-714
104000168,807,3,804
104000169,252,52,200
104000170,271,446,-175
104000248,416,426,-10
104000251,101,134,-33
104000272,0,0,0
104000273,0,0,0
104000274,0,0,0
104000275,0,0,0
104000279,650,465,185
104000290,85,255,-170
104000291,540,1358,-818
104000293,1652,1280,372
104000294,95,0,95
104000295,636,783,-147
104000296,680,667,13
104000297,641,1956,-1315
104000298,2013,874,1139
104000299,965,1189,-224
104000302,108,84,24
104000303,121,94,27
104900001,124,215,-91
104900002,116,322,-206
104900003,49,188,-139
104900004,84,127,-43
104900005,536,372,164
104900006,864,102,762
104900007,499,216,283
104900009,182,158,24
104900010,95,46,49
104900011,1,28,-27
104900012,256,50,206
104900013,135,19,116
104900014,1560,342,1218
104900015,127,5,122
104900016,245,155,90
104900017,152,147,5
104900018,25,139,-114
104900019,176,6319,-6143
104900020,50,325,-275
104900021,0,33,-33
104900022,13,365,-352
104900023,0,22,-22
104900024,21,509,-488
104900025,102,124,-22
104900026,6,105,-99
104900027,819,435,384
104900028,31,162,-131
104900029,22,25,-3
104900030,643,260,383
104900031,64,330,-266
104900032,90,78,12
104900033,290,228,62
104900034,518,186,332
104900035,603,227,376
104900036,320,57,263
104900037,181,156,25
104900038,227,1492,-1265
104900039,352,391,-39
104900040,619,77,542
104900041,416,151,265
104900042,167,298,-131
104900043,28,348,-320
104900044,1100,181,919
104900045,482,58,424
104900046,530,87,443
104900047,583,155,428
104900048,478,54,424
104900049,80,47,33
104900050,529,54,475
104900051,282,21,261
104900052,201,3,198
104900053,591,85,506
104900054,262,26,236
104900055,307,4,303
104900056,364,29,335
104900057,62,0,62
104900058,419,372,47
104900059,113,96,17
104900060,1,239,-238
104900061,150,283,-133
104900063,1,341,-340
104900064,2,137,-135
104900065,0,337,-337
104900066,0,96,-96
104900067,3,304,-301
104900068,90,126,-36
104900070,119,167,-48
104900071,1,393,-392
104900072,59,160,-101
104900073,81,44,37
104900074,71,76,-5
104900075,35,9,26
104900076,165,126,39
104900077,322,241,81
104900078,224,268,-44
104900079,82,1194,-1112
104900080,110,396,-286
104900082,15,222,-207
104900085,6,112,-106
104900087,406,1,405
104900089,494,0,494
104900090,1663,858,805
104900091,591,492,99
104900093,209,294,-85
104900097,1289,3646,-2357
104900098,357,52,305
104900099,166,1282,-1116
104900100,343,168,175
104900102,39,83,-44
104900103,370,63,307
104900104,1487,1988,-501
104900106,331,129,202
104900107,120,142,-22
104900108,29,123,-94
104900109,126,125,1
104900110,10,80,-70
104900111,510,38,472
104900112,358,287,71
104900113,956,228,728
104900114,884,362,522
104900115,847,162,685
104900116,747,93,654
104900118,16,23,-7
104900119,0,52,-52
104900120,25,738,-713
104900121,1,34,-33
104900122,22,51,-29
104900123,120,19,101
104900124,84,1,83
104900125,533,1,532
104900126,31,25,6
104900127,7,44,-37
104900128,130,100,30
104900129,756,3127,-2371
105000001,3455,1596,1859
105000002,2938,1924,1014
105000003,3272,4453,-1181
105000004,1063,694,369
105000005,1849,1152,697
105000006,1514,2124,-610
105000007,1781,2870,-1089
105000008,1126,4938,-3812
105000009,3254,3588,-334
105000010,2534,1026,1508
105000011,3856,3669,187
105000012,2425,1742,683
105000013,1379,1359,20
105000014,3475,4289,-814
105000015,8503,14795,-6292
105000016,1042,1169,-127
105000017,1242,834,408
105000018,1119,2217,-1098
105000019,924,1306,-382
105000020,102,625,-523
105000021,333,219,114
105000022,148,262,-114
105000023,896,208,688
105000028,40,55,-15
105000029,648,1706,-1058
105000030,2787,1843,944
105000031,5,40,-35
105000033,1058,1119,-61
105000034,138,1221,-1083
105000037,562,212,350
105000038,1431,2035,-604
105000039,1326,925,401
105000040,976,1428,-452
105000041,283,762,-479
105000042,2165,1871,294
105000043,721,1170,-449
105000044,886,413,473
105000045,272,255,17
105000046,1094,241,853
105000047,635,427,208
105000048,957,292,665
105000049,274,359,-85
105000050,1033,441,592
105000051,169,299,-130
105000052,825,984,-159
105000053,83,119,-36
105000054,533,1043,-510
105000055,990,320,670
105000056,1652,1627,25
105000057,1358,509,849
105000058,1111,646,465
105000059,986,647,339
105000060,470,370,100
105000061,1474,728,746
105000062,661,469,192
105000063,327,294,33
105000064,2506,730,1776
105000065,356,565,-209
105000066,848,1225,-377
105000067,1717,1142,575
105000068,344,724,-380
105000069,1740,2982,-1242
105000070,394,1505,-1111
105000071,359,1834,-1475
105000072,1408,5451,-4043
105000073,1256,742,514
105000074,739,469,270
105000075,565,456,109
105000076,1047,1033,14
105000077,1970,934,1036
105000078,957,1273,-316
105000079,821,2830,-2009
105000080,2042,1620,422
105000081,1721,1346,375
105000082,705,2018,-1313
105000083,2170,3483,-1313
105000084,594,583,11
105000085,2312,2432,-120
105000086,775,863,-88
105000087,1697,1556,141
105000088,1863,2427,-564
105000089,1804,1635,169
105000090,621,630,-9
105000091,811,1366,-555
105000092,550,1273,-723
105000093,454,501,-47
105000094,243,232,11
105000095,140,699,-559
105000096,1505,2215,-710
105000097,889,800,89
105000098,1401,1167,234
105000099,634,909,-275
105000100,2189,1035,1154
105000101,2667,1281,1386
105000102,1912,1472,440
105000103,1172,1806,-634
105000104,2515,857,1658
105000105,1388,1393,-5
105000106,1664,984,680
105000107,1751,594,1157
105000108,1985,1116,869
105000109,2661,1110,1551
105000110,1164,511,653
105000111,1701,496,1205
105000112,1292,610,682
105000113,642,724,-82
105000114,1669,1617,52
105000115,426,1765,-1339
105000116,1487,645,842
105000117,902,886,16
105000118,1105,389,716
105000119,492,366,126
105000120,1918,616,1302
105000121,755,524,231
105000122,456,715,-259
105000123,865,659,206
105000124,2470,607,1863
105000125,945,1077,-132
105000126,2415,1315,1100
105000127,3384,1263,2121
105000128,809,976,-167
105000129,1296,248,1048
105000130,236,3832,-3596
105000131,468,154,314
105000132,1743,739,1004
105000133,504,662,-158
105000134,1449,750,699
105000135,522,741,-219
105000136,208,248,-40
105000137,965,217,748
105000138,164,239,-75
105000139,834,400,434
105000140,675,293,382
105000141,395,272,123
105000142,396,349,47
105000143,238,337,-99
105000144,329,452,-123
105000145,925,245,680
105000146,413,677,-264
105000147,784,360,424
105000148,1012,764,248
105000149,3198,2805,393
105000150,1339,994,345
105000151,741,518,223
105000152,164,369,-205
105000153,846,695,151
105000154,697,446,251
105000155,606,778,-172
105000156,415,617,-202
105000157,679,1472,-793
105000158,2369,1079,1290
105000159,457,922,-465
105000160,4114,823,3291
105000161,764,1289,-525
105000162,1011,3246,-2235
105000163,1031,1040,-9
105000164,165,357,-192
105000165,744,9889,-9145
105000166,4825,1567,3258
105000167,1090,3001,-1911
105000168,431,340,91
105000169,1102,96,1006
105000170,408,1251,-843
105000171,1391,129,1262
105000172,321,34,287
105000173,397,35,362
105000174,97,42,55
105000175,132,72,60
105000176,713,77,636
105000177,496,265,231
105000178,381,332,49
105000179,1080,119,961
105000180,352,63,289
105000181,265,146,119
105000182,92,41,51
105000183,1934,2783,-849
105000184,713,948,-235
105000185,718,1294,-576
105000186,456,598,-142
105000187,896,225,671
105000188,142,252,-110
105000189,127,582,-455
105000190,229,254,-25
105000191,368,356,12
105000192,388,62,326
105000193,93,103,-10
105000194,1078,122,956
105000195,259,685,-426
105000196,103,424,-321
105000197,215,459,-244
105000198,313,170,143
105000199,110,787,-677
105000200,122,387,-265
105000201,57,61,-4
105000203,25,111,-86
105000204,101,63,38
105000205,108,168,-60
105000207,180,105,75
105000208,137,567,-430
105000209,165,169,-4
105000211,544,12,532
105000212,1315,495,820
105000213,74,317,-243
105000214,187,132,55
105000215,360,156,204
105000216,229,112,117
105000217,307,167,140
105000218,2350,1002,1348
105000221,190,224,-34
105000222,321,287,34
105000223,567,203,364
105000226,129,128,1
105000227,115,83,32
105000228,102,2157,-2055
105000229,223,567,-344
105000231,616,303,313
105000233,1110,821,289
105000234,581,715,-134
105000235,545,545,0
105000237,1425,147,1278
105000243,77,27,50
105000248,57,54,3
105000262,498,496,2
105000269,174,110,64
105000270,671,35,636
105000271,0,148,-148
105000282,25,79,-54
105000287,288,88,200
105000288,975,479,496
105000289,1036,2088,-1052
105000290,36,23,13
105000402,2064,3948,-1884
105000426,220,491,-271
105000438,1561,1049,512
105000440,34,8,26
105000446,5820,4394,1426
105000447,2088,1622,466
105000454,907,250,657
105000455,298,130,168
105000474,54,0,54
105000477,716,601,115
105000478,2742,6226,-3484
105000479,117,205,-88
105000480,5780,8868,-3088
105000481,5212,5244,-32
105000482,2225,3957,-1732
105000483,2262,3692,-1430
105000484,1388,2012,-624
105000485,1160,4084,-2924
105000486,1564,2224,-660
105000488,4192,2275,1917
105000489,1444,1095,349
105000549,116,187,-71
105000550,386,1170,-784
105000551,36,79,-43
105000552,2241,1083,1158
105000555,1094,1526,-432
105000556,77,28,49
105000557,64,149,-85
105900001,3,2260,-2257
105900002,782,1106,-324
105900003,15,120,-105
105900004,170,94,76
105900005,183,161,22
105900006,15,102,-87
105900007,37,38,-1
105900008,130,303,-173
105900009,23,21,2
105900011,156,16,140
105900012,491,78,413
105900013,5,39,-34
105900014,5,71,-66
105900015,70,307,-237
105900016,626,341,285
105900017,1752,32,1720
105900018,197,141,56
105900019,104,195,-91
105900020,52,74,-22
105900021,46,280,-234
105900022,235,115,120
105900023,11,91,-80
105900024,3,443,-440
105900025,286,13,273
105900026,204,14,190
105900027,11968,4930,7038
105900028,224,829,-605
105900029,2602,394,2208
105900030,271,321,-50
105900031,292,209,83
105900032,119,161,-42
105900033,58,75,-17
105900034,327,119,208
105900035,306,110,196
105900036,172,71,101
105900037,181,54,127
105900038,181,217,-36
105900039,124,58,66
105900040,130,64,66
105900041,172,100,72
105900042,103,185,-82
105900043,846,30,816
105900044,3,290,-287
105900045,2,1151,-1149
105900046,6,241,-235
105900047,16,53,-37
105900048,142,374,-232
105900050,3388,6995,-3607
105900051,76,1141,-1065
105900052,821,221,600
105900053,2175,3679,-1504
105900054,161,181,-20
105900056,476,517,-41
105900057,21,148,-127
105900058,44,10,34
105900059,1,76,-75
106000001,1842,2210,-368
106000002,915,3303,-2388
106000003,2983,4137,-1154
106000004,1270,2381,-1111
106000005,4081,4593,-512
106000006,4385,1766,2619
106000007,573,402,171
106000008,549,316,233
106000009,524,323,201
106000010,489,527,-38
106000011,1726,1085,641
106000012,956,885,71
106000013,2034,1850,184
106000014,1897,1210,687
106000015,2590,1185,1405
106000016,1440,1319,121
106000017,554,815,-261
106000018,476,490,-14
106000019,408,460,-52
106000020,436,315,121
106000021,389,481,-92
106000022,464,189,275
106000023,882,355,527
106000024,578,307,271
106000025,193,180,13
106000026,68,133,-65
106000027,2158,1632,526
106000028,868,238,630
106000029,712,603,109
106000030,210,570,-360
106000034,151,418,-267
106000035,923,2118,-1195
106000036,158,405,-247
106000037,1099,1152,-53
106000038,56,142,-86
106000039,45,144,-99
106000040,98,858,-760
106000041,690,420,270
106000043,557,318,239
106000046,409,64,345
106000047,28,508,-480
106000049,1325,189,1136
106000050,254,313,-59
106000051,1030,651,379
106000052,157,236,-79
106000053,585,157,428
106000054,294,199,95
106000055,1067,682,385
106000056,232,199,33
106000057,542,188,354
106000058,137,111,26
106000059,576,240,336
106000060,301,298,3
106000061,229,849,-620
106000062,214,270,-56
106000063,1143,885,258
106000064,33,200,-167
106000065,510,259,251
106000066,96,204,-108
106000067,502,85,417
106000068,111,429,-318
106000069,403,88,315
106000070,346,427,-81
106000071,786,293,493
106000072,2604,1557,1047
106000073,1334,5217,-3883
106000074,799,784,15
106000075,537,1226,-689
106000076,1532,1444,88
106000077,1804,824,980
106000078,1315,518,797
106000079,1046,519,527
106000080,1232,336,896
106000081,1115,814,301
106000082,1710,543,1167
106000083,538,1222,-684
106000084,891,566,325
106000085,1474,1266,208
106000086,453,599,-146
106000087,1012,350,662
106000088,445,733,-288
106000089,1069,256,813
106000090,407,623,-216
106000091,287,342,-55
106000092,1136,223,913
106000093,556,161,395
106000094,93,219,-126
106000095,1363,655,708
106000096,1247,471,776
106000097,1583,585,998
106000098,1081,641,440
106000099,154,824,-670
106000100,1490,208,1282
106000101,845,412,433
106000102,141,740,-599
106000103,298,542,-244
106000104,1224,295,929
106000105,459,464,-5
106000106,1074,296,778
106000107,216,168,48
106000108,683,189,494
106000109,253,152,101
106000110,471,130,341
106000111,271,206,65
106000112,369,807,-438
106000113,627,531,96
106000114,586,927,-341
106000115,363,355,8
106000116,406,219,187
106000117,784,531,253
106000118,1684,1371,313
106000119,1103,572,531
106000120,1007,1795,-788
106000121,354,132,222
106000122,306,131,175
106000123,1089,78,1011
106000124,148,94,54
106000125,31,145,-114
106000126,569,66,503
106000127,1516,491,1025
106000128,1013,131,882
106000129,793,349,444
106000130,1217,242,975
106000131,135,829,-694
106000132,559,158,401
106000133,2047,1793,254
106000134,421,3368,-2947
106000135,154,533,-379
106000136,741,1283,-542
106000137,70,660,-590
106000138,2219,114,2105
106000139,71,49,22
106000140,89,28,61
106000141,197,28,169
106000142,143,57,86
106000143,32,47,-15
106000144,65,84,-19
106000145,486,90,396
106000146,561,108,453
106000147,337,294,43
106000148,433,452,-19
106000149,732,289,443
106000150,795,2187,-1392
106000151,2853,630,2223
106000152,822,2762,-1940
106000153,108,1982,-1874
106000154,1146,137,1009
106000155,200,315,-115
106000156,1528,118,1410
106000157,739,1592,-853
106000158,1479,828,651
106000159,1956,2373,-417
106000160,607,4265,-3658
106000161,1053,261,792
106000162,501,1430,-929
106000163,447,214,233
106000164,845,268,577
106000165,310,252,58
106000166,1358,232,1126
106000167,438,598,-160
106000168,983,196,787
106000169,342,320,22
106000170,1227,175,1052
106000171,275,1042,-767
106000172,2594,1162,1432
106000173,981,2348,-1367
106000174,1254,322,932
106000175,198,444,-246
106000176,2300,833,1467
106000177,926,1458,-532
106000178,3007,1432,1575
106000179,584,1216,-632
106000180,623,548,75
106000181,1151,1131,20
106000182,2194,509,1685
106000183,1959,369,1590
106000184,1638,484,1154
106000185,1293,1192,101
106000186,547,74,473
106000187,59,1037,-978
106000188,0,0,0
106000189,15,24,-9
106000190,53,1,52
106000191,716,74,642
106000192,1,8,-7
106000193,368,163,205
106000194,125,235,-110
106000195,314,69,245
106000196,68,220,-152
106000197,715,146,569
106000198,266,108,158
106000199,623,1022,-399
106000200,308,199,109
106000201,483,4334,-3851
106000202,1911,411,1500
106000203,55,212,-157
106000204,102,6,96
106000205,9,151,-142
106000206,132,32,100
106000207,20,267,-247
106000208,1730,188,1542
106000209,2088,495,1593
106000210,299,558,-259
106000211,152,907,-755
106000212,1216,541,675
106000213,202,1006,-804
106000214,1190,319,871
106000215,348,379,-31
106000216,527,352,175
106000217,226,260,-34
106000218,329,283,46
106000219,165,229,-64
106000220,611,188,423
106000221,340,65,275
106000222,163,73,90
106000223,550,110,440
106000224,328,66,262
106000225,157,144,13
106000226,100,98,2
106000228,102,167,-65
106000229,120,532,-412
106000231,1294,110,1184
106000232,83,194,-111
106000233,492,100,392
106000234,81,199,-118
106000235,325,134,191
106000236,115,114,1
106000237,18,16,2
106000238,16,35,-19
106000239,5,127,-122
106000240,69,6,63
106000241,17,508,-491
106000242,307,29,278
106000249,81,53,28
106000250,43,493,-450
106000251,161,12,149
106000252,24,50,-26
106000253,54,63,-9
106000254,87,34,53
106000255,54,189,-135
106000256,39,32,7
106000257,169,156,13
106000258,146,32,114
106000259,5,78,-73
106000260,44,8,36
106000261,2,80,-78
106000262,99,8,91
106000263,24,26,-2
106000264,182,10,172
106000265,8,101,-93
106000266,174,21,153
106000267,7,75,-68
106000268,226,64,162
106000269,56,48,8
106000270,91,279,-188
106000271,167,136,31
106000272,140,34,106
106000273,26,288,-262
106000274,106,25,81
106000275,216,222,-6
106000276,60,39,21
106000277,133,273,-140
106000278,135,19,116
106000279,4,15,-11
106000280,122,48,74
106000281,137,40,97
106000282,63,47,16
106000283,143,62,81
106000284,201,58,143
106000285,110,76,34
106000286,176,67,109
106000287,148,69,79
106000288,66,127,-61
106000289,114,62,52
106000290,80,48,32
106000291,130,104,26
106000292,86,46,40
106000293,169,103,66
106000294,88,58,30
106000295,39,74,-35
106000296,38,66,-28
106000297,49,287,-238
106000298,57,107,-50
106000299,74,104,-30
106000300,63,82,-19
106000301,47,137,-90
106000303,27,47,-20
106000304,47,19,28
106000305,67,42,25
106000306,53,63,-10
106000307,122,24,98
106000308,27,90,-63
106000309,22,66,-44
106000310,413,231,182
106000311,519,151,368
106000312,190,93,97
106000313,457,136,321
106000318,45,431,-386
106000319,1358,288,1070
106000320,7,52,-45
106000321,161,134,27
106000322,306,79,227
106000324,21,64,-43
106000325,2262,902,1360
106000326,1043,1080,-37
106000327,369,68,301
106000328,63,127,-64
106000329,137,187,-50
106000330,74,89,-15
106000428,79,148,-69
106000429,161,255,-94
106000430,353,900,-547
106000431,2778,398,2380
106000432,1018,2116,-1098
106000433,2630,1478,1152
106000434,3679,1286,2393
106000435,900,1823,-923
106000436,47,140,-93
106000437,331,60,271
106000438,274,308,-34
106000439,62,352,-290
106000440,180,570,-390
106000441,4,2,2
106000442,225,5,220
106000443,310,199,111
106000450,0,71,-71
106000451,21,107,-86
106000454,11,119,-108
106000455,13,160,-147
106000456,103,55,48
106000457,55,368,-313
106000458,1176,23,1153
106000459,394,95,299
106000460,1775,19,1756
106000461,268,286,-18
106000462,1,73,-72
106000463,6,11,-5
106000464,18,179,-161
106000465,932,7,925
106000466,4,200,-196
106000467,143,290,-147
106000468,87,129,-42
106000469,50,0,50
106000470,208,2287,-2079
106000471,10,426,-416
106000472,88,20,68
106000473,42,9,33
106000474,360,289,71
106000475,715,173,542
106000476,155,312,-157
106000477,56,100,-44
106000480,1,676,-675
106900001,0,26,-26
106900002,0,179,-179
106900003,111,1236,-1125
106900004,0,10,-10
106900006,0,13,-13
106900007,0,11,-11
106900008,665,95,570
106900009,471,153,318
106900010,282,159,123
106900012,929,3191,-2262
106900013,585,267,318
106900014,100,4,96
106900015,18,1,17
106900016,571,28,543
106900017,32,0,32
106900018,6,0,6
106900019,137,0,137
106900020,2162,2474,-312
106900021,189,133,56
106900022,1497,2,1495
106900023,35,152,-117
106900024,744,69,675
106900025,23,693,-670
106900026,2,193,-191
106900027,1069,5,1064
107000001,3075,6034,-2959
107000002,1424,2555,-1131
107000003,8565,6881,1684
107000004,3428,1931,1497
107000005,9014,7046,1968
107000006,3354,1460,1894
107000007,6515,10004,-3489
107000008,4639,3273,1366
107000009,11486,9437,2049
107000010,5588,4213,1375
107000011,603,666,-63
107000012,2065,1642,423
107000013,124,42,82
107000014,75,114,-39
107000015,511,319,192
107000016,988,377,611
107000017,687,3384,-2697
107000018,9,2996,-2987
107000020,663,3120,-2457
107000021,1169,550,619
107000022,1038,2144,-1106
107000023,2113,191,1922
107000024,818,1466,-648
107000025,256,253,3
107000026,462,390,72
107000027,1784,864,920
107000028,1395,678,717
107000029,4869,3857,1012
107000030,2389,1577,812
107000031,5951,2439,3512
107000032,310,805,-495
107000033,2276,3363,-1087
107000034,4586,1130,3456
107000035,545,215,330
107000036,510,1280,-770
107000037,152,876,-724
107000038,240,139,101
107000039,1223,839,384
107000040,270,205,65
107000041,1315,731,584
107000042,473,2385,-1912
107000043,1746,1121,625
107000044,320,229,91
107000045,78,226,-148
107000046,1041,430,611
107000047,535,552,-17
107000048,759,332,427
107000049,578,692,-114
107000050,965,464,501
107000051,234,322,-88
107000052,1102,1427,-325
107000053,475,431,44
107000054,58,174,-116
107000055,454,193,261
107000056,567,488,79
107000057,1701,182,1519
107000058,2203,2850,-647
107000059,1849,2354,-505
107000060,5874,5793,81
107000061,3750,2099,1651
107000062,7050,3050,4000
107000063,3747,2546,1201
107000064,6698,3289,3409
107000065,2849,2672,177
107000066,2066,3333,-1267
107000067,1718,1888,-170
107000068,1100,1523,-423
107000069,1369,796,573
107000070,1232,6,1226
107000071,4622,49,4573
107000072,20,1111,-1091
107000073,1311,667,644
107000074,98,571,-473
107000075,2487,636,1851
107000076,306,747,-441
107000077,4215,1450,2765
107000078,1186,1659,-473
107000079,2975,1153,1822
107000080,715,1618,-903
107000081,3297,594,2703
107000082,647,601,46
107000083,1746,714,1032
107000084,283,732,-449
107000085,3520,3793,-273
107000086,2784,2447,337
107000087,4046,2746,1300
107000088,2917,3029,-112
107000089,2309,2394,-85
107000090,1349,827,522
107000091,2340,1212,1128
107000092,1079,759,320
107000093,1773,1151,622
107000094,1067,731,336
107000095,1089,618,471
107000096,508,396,112
107000097,936,263,673
107000098,463,371,92
107000099,603,328,275
107000100,313,187,126
107000101,174,237,-63
107000102,183,243,-60
107000103,395,239,156
107000104,123,279,-156
107000105,531,324,207
107000106,235,153,82
107000107,804,115,689
107000108,116,416,-300
107000109,911,149,762
107000110,101,205,-104
107000111,661,50,611
107000112,51,123,-72
107000113,1065,117,948
107000114,135,328,-193
107000115,1106,525,581
107000116,116,436,-320
107000117,131,1826,-1695
107000118,75,152,-77
107000119,1285,2060,-775
107000120,785,817,-32
107000121,1232,696,536
107000122,934,544,390
107000123,702,556,146
107000124,765,377,388
107000125,1597,426,1171
107000126,1432,251,1181
107000129,227,317,-90
107000130,889,231,658
107000131,338,390,-52
107000132,601,287,314
107000133,384,325,59
107000134,230,4,226
107000135,0,379,-379
107000136,641,1,640
107000137,10,632,-622
107000138,161,26,135
107000139,35,895,-860
107000140,2144,68,2076
107000141,115,740,-625
107000142,723,104,619
107000143,47,583,-536
107000144,771,666,105
107000145,174,364,-190
107000146,210,304,-94
107000147,4972,815,4157
107000150,353,4307,-3954
107000151,34,41,-7
107000152,1192,2517,-1325
107000153,83,220,-137
107000154,31,465,-434
107000155,1226,5,1221
107000156,1796,8,1788
107000157,115,577,-462
107000158,1463,26,1437
107000159,40,386,-346
107000160,2012,205,1807
107000161,83,410,-327
107000162,400,840,-440
107000163,205,7,198
107000164,1109,7,1102
107000165,1968,22,1946
107000166,29,272,-243
107000167,1021,219,802
107000168,1182,574,608
107000169,439,422,17
107000170,3819,754,3065
107000171,512,692,-180
107000172,2084,2123,-39
107000173,387,432,-45
107000174,1265,7601,-6336
107000175,3103,907,2196
107000176,0,3,-3
107000177,0,0,0
107000178,68,4,64
107000179,364,829,-465
107000180,2448,180,2268
107000181,508,496,12
107000182,2540,476,2064
107000183,229,475,-246
107000184,1749,459,1290
107000185,371,797,-426
107000186,1647,352,1295
107000187,1340,1248,92
107000188,737,503,234
107000189,798,737,61
107000190,776,633,143
107000191,1286,1157,129
107000192,1849,510,1339
107000193,417,590,-173
107000194,927,566,361
107000197,1075,263,812
107000198,365,449,-84
107000199,1565,715,850
107000200,591,828,-237
107000201,531,678,-147
107000202,467,454,13
107000203,820,2181,-1361
107000204,699,2358,-1659
107000205,1041,705,336
107000206,494,1853,-1359
107000207,563,1831,-1268
107000208,687,671,16
107000209,781,1182,-401
107000210,162,242,-80
107000211,0,60,-60
107000212,5,200,-195
107000213,17,31,-14
107000214,6,88,-82
107000215,650,204,446
107000216,638,323,315
107000217,255,100,155
107000219,118,392,-274
107000220,272,104,168
107000222,248,386,-138
107000224,725,60,665
107000225,251,232,19
107000226,665,82,583
107000227,112,100,12
107000228,472,456,16
107000229,75,184,-109
107000230,1271,442,829
107000231,618,2518,-1900
107000232,178,18,160
107000233,253,1224,-971
107000234,4,81,-77
107000235,100,29,71
107000236,6,545,-539
107000237,14,0,14
107000238,44,6,38
107000239,2169,694,1475
107000240,81,417,-336
107000243,0,31,-31
107000244,2,96,-94
107000246,0,913,-913
107000249,10,983,-973
107000251,3,335,-332
107000252,1,434,-433
107000255,182,266,-84
107000257,3,377,-374
107000258,5,195,-190
107000259,7,151,-144
107000260,2300,17,2283
107000262,21,265,-244
107000263,517,2,515
107000266,28,22,6
107000267,57,112,-55
107000268,145,63,82
107000269,70,5,65
107000270,403,131,272
107000271,10,0,10
107000272,233,0,233
107000273,1,220,-219
107000274,462,494,-32
107000275,25,1785,-1760
107000280,1568,34,1534
107000281,25,305,-280
107000282,52,320,-268
107000290,17,48,-31
107000291,43,10,33
107000292,1,513,-512
107000293,50,20,30
107000294,0,39,-39
107000295,74,9,65
107000296,0,18,-18
107000444,293,5,288
107000496,8,4,4
107000497,891,1170,-279
107000500,442,379,63
107000501,146,184,-38
107000502,228,296,-68
107000505,236,627,-391
107000506,0,0,0
107000508,7,140,-133
107000509,175,763,-588
107000510,135,60,75
107000514,53,565,-512
107000515,42,92,-50
107000516,670,427,243
107000518,1815,3245,-1430
107000519,1236,577,659
107000520,111,42,69
107000521,1100,179,921
107000522,1683,404,1279
107900001,117,61,56
107900002,70,11,59
107900003,834,12,822
107900004,17,0,17
107900005,2682,3,2679
107900006,214,8,206
107900007,597,65,532
107900008,48,7,41
107900009,225,23,202
107900010,79,4,75
107900012,379,99,280
107900013,218,16,202
107900014,144,3,141
107900015,1660,19,1641
107900016,350,73,277
107900017,34,1,33
107900018,97,394,-297
107900019,16,14,2
107900020,28,25,3
107900021,160,41,119
107900023,1,2,-1
107900024,0,12,-12
107900025,265,164,101
107900026,68,16,52
107900027,27,63,-36
107900028,209,21,188
107900030,302,72,230
107900031,141,85,56
107900032,5,1,4
107900033,27,6,21
107900034,337,28,309
107900035,1943,56,1887
107900036,115,50,65
107900037,0,4,-4
107900038,51,388,-337
107900039,47,31,16
107900040,7,283,-276
107900041,2,1,1
107900043,130,98,32
107900044,43,12,31
107900045,176,66,110
107900046,428,264,164
107900047,54,18,36
107900048,358,50,308
107900049,254,1217,-963
107900050,49,121,-72
107900051,64,41,23
107900052,10,116,-106
107900053,105,51,54
107900055,441,233,208
107900056,157,111,46
107900057,13,0,13
107900058,16,352,-336
107900060,11,33,-22
107900061,6,7,-1
107900063,83,107,-24
107900064,216,347,-131
107900065,560,15,545
107900066,32,16,16
107900067,0,0,0
107900068,126,1378,-1252
107900069,27,3821,-3794
107900070,217,132,85
107900071,17,276,-259
107900072,315,68,247
107900073,156,72,84
107900074,219,375,-156
107900076,198,29,169
107900077,153,11,142
107900079,15,20,-5
107900080,193,1055,-862
107900081,108,106,2
107900082,6,7,-1
107900083,408,199,209
107900084,133,118,15
107900086,96,262,-166
107900087,165,118,47
107900088,132,43,89
107900089,334,682,-348
107900090,415,2493,-2078
107900091,167,113,54
107900093,79,57,22
107900095,1492,1965,-473
107900097,31,50,-19
107900098,63,202,-139
107900100,1054,1650,-596
107900101,404,71,333
107900102,74,13,61
107900103,93,118,-25
107900104,275,4,271
107900105,4,113,-109
107900106,4,360,-356
107900107,883,391,492
107900108,164,68,96
107900109,2630,80,2550
107900110,69,36,33
107900111,22,259,-237
107900112,49,581,-532
107900113,318,72,246
107900114,326,82,244
107900115,0,17,-17
107900116,274,47,227
107900117,209,91,118
107900118,19,56,-37
107900119,149,227,-78
107900120,43,64,-21
107900121,0,124,-124
107900122,1,180,-179
107900123,29,65,-36
107900124,20,117,-97
107900125,51,162,-111
107900126,58,58,0
107900127,495,376,119
107900128,100,68,32
107900129,140,15,125
107900130,129,7,122
107900131,106,791,-685
107900132,50,187,-137
107900133,1,42,-41
107900134,50,117,-67
107900135,10,120,-110
107900136,47,24,23
107900137,93,111,-18
107900138,131,30,101
107900139,114,34,80
107900141,20,31,-11
107900142,31,472,-441
107900143,28,16,12
107900144,0,128,-128
107900145,18,64,-46
107900146,47,123,-76
107900147,37,40,-3
107900148,166,64,102
107900149,383,75,308
107900150,31,164,-133
107900151,68,37,31
107900152,11,91,-80
107900153,96,270,-174
107900154,45,29,16
107900155,102,93,9
107900156,4,81,-77
107900157,27,46,-19
107900158,1098,31,1067
107900159,30,304,-274
107900160,272,89,183
107900161,77,23,54
107900162,2,36,-34
107900163,20,82,-62
107900164,55,26,29
107900165,22,161,-139
107900166,51,34,17
107900167,12,80,-68
107900168,76,11,65
107900169,0,110,-110
107900171,2,250,-248
107900172,1,139,-138
107900173,26,61,-35
107900174,219,3,216
107900175,32,84,-52
107900176,95,13,82
107900177,0,92,-92
107900178,0,56,-56
107900179,26,73,-47
107900180,509,1233,-724
107900181,204,184,20
107900182,3,308,-305
107900183,67,37,30
107900184,126,106,20
107900185,197,9,188
107900186,39,38,1
107900187,1,76,-75
107900188,317,116,201
107900189,22,86,-64
107900190,35,186,-151
107900191,66,87,-21
107900193,2,39,-37
107900194,228,13,215
107900195,690,199,491
107900196,180,31,149
107900197,155,424,-269
107900199,2,452,-450
107900201,118,49,69
107900203,39,26,13
107900204,210,149,61
107900206,549,603,-54
107900207,2,191,-189
107900208,28,180,-152
107900209,237,147,90
107900210,17,23,-6
107900213,247,334,-87
107900214,35,40,-5
107900215,86,425,-339
107900216,37,39,-2
107900217,37,61,-24
107900218,19,1494,-1475
107900219,37,24,13
107900220,55,237,-182
107900221,70,109,-39
107900223,137,127,10
107900224,49,462,-413
107900225,2,331,-329
107900226,38,49,-11
107900227,82,197,-115
107900228,76,59,17
107900229,1,61,-60
107900230,41,30,11
107900231,23,62,-39
107900232,144,55,89
107900233,33,49,-16
107900234,171,103,68
107900235,9,59,-50
107900236,409,43,366
107900237,10,163,-153
107900238,67,29,38
107900239,221,626,-405
107900240,30,38,-8
107900241,7,36,-29
107900242,30,53,-23
107900243,0,41,-41
107900244,503,2,501
107900245,1123,51,1072
107900246,370,30,340
107900248,259,112,147
107900249,1402,90,1312
107900250,2,179,-177
107900251,34,971,-937
107900252,962,43,919
107900253,271,16,255
107900254,70,139,-69
107900255,143,95,48
107900256,497,1264,-767
107900257,311,133,178
107900258,213,94,119
107900259,59,3931,-3872
107900261,3,97,-94
107900262,30,39,-9
107900264,355,25,330
107900265,272,112,160
107900267,544,2,542
107900268,10,2,8
107900269,0,0,0
107900270,4,0,4
107900271,5,34,-29
107900272,24,42,-18
107900273,71,52,19
107900274,200,1,199
107900275,57,2,55
107900276,1,43,-42
107900277,0,79,-79
107900278,473,129,344
107900279,58,90,-32
107900280,2727,1510,1217
107900281,697,6221,-5524
107900282,66,913,-847
107900283,600,879,-279
107900284,822,308,514
107900285,131,25,106
107900286,19,59,-40
107900287,441,172,269
107900290,2,461,-459
107900291,597,45,552
107900292,126,59,67
107900293,61,151,-90
107900295,81,20,61
107900297,2,234,-232
107900298,417,367,50
107900299,1472,3009,-1537
107900301,828,934,-106
107900302,110,36,74
107900303,273,134,139
107900304,614,109,505
107900305,403,21,382
107900306,3,50,-47
107900307,25,218,-193
107900308,141,181,-40
107900309,41,3,38
107900310,57,1,56
107900311,9,442,-433
107900312,67,2,65
107900313,0,151,-151
107900314,1,107,-106
107900315,3,52,-49
107900316,32,0,32
107900317,107,3,104
107900318,5,204,-199
107900319,6,53,-47
107900320,0,46,-46
107900321,289,1,288
107900322,2,52,-50
107900323,4,73,-69
107900324,110,1,109
107900325,229,1,228
107900326,411,104,307
107900327,3,152,-149
107900328,29,0,29
107900329,77,194,-117
107900330,7,108,-101
107900331,638,25,613
107900332,654,13,641
107900333,106,32,74
107900334,11,34,-23
107900335,29,33,-4
107900336,39,93,-54
107900337,423,1272,-849
107900338,9,70,-61
107900339,3,11,-8
107900340,0,106,-106
107900341,62,1,61
107900342,140,57,83
107900343,27,1,26
107900344,12,27,-15
107900345,159,97,62
107900346,20,1,19
107900347,10,8,2
107900348,5,11,-6
107900349,25,5,20
107900350,6,100,-94
107900351,9,51,-42
107900352,2,15,-13
107900353,11,9,2
107900354,24,17,7
108000001,4755,4096,659
108000002,1997,1484,513
108000003,3146,3820,-674
108000004,9629,10734,-1105
108000005,7892,6249,1643
108000006,3935,4156,-221
108000007,5394,5147,247
108000008,2986,3867,-881
108000009,5770,5886,-116
108000010,2522,3206,-684
108000011,14261,11923,2338
108000012,9067,8613,454
108000014,609,1502,-893
108000015,1119,233,886
108000016,317,800,-483
108000017,1388,330,1058
108000018,2197,626,1571
108000019,1312,894,418
108000020,1333,508,825
108000021,254,1192,-938
108000022,324,815,-491
108000023,1678,317,1361
108000024,475,293,182
108000025,491,154,337
108000026,1372,252,1120
108000027,1000,306,694
108000028,1369,145,1224
108000029,887,318,569
108000030,578,112,466
108000031,230,334,-104
108000032,2676,767,1909
108000033,689,569,120
108000034,2211,641,1570
108000035,572,1220,-648
108000036,388,639,-251
108000037,2615,326,2289
108000038,3916,523,3393
108000039,513,1091,-578
108000040,2576,1024,1552
108000041,530,1437,-907
108000042,507,140,367
108000043,287,111,176
108000044,939,111,828
108000045,366,138,228
108000046,1983,357,1626
108000047,340,391,-51
108000048,98,218,-120
108000049,1177,218,959
108000050,64,399,-335
108000051,516,224,292
108000052,113,373,-260
108000053,553,298,255
108000054,383,788,-405
108000055,1227,838,389
108000056,733,1389,-656
108000057,776,1775,-999
108000058,2137,5091,-2954
108000059,1894,1327,567
108000060,295,1176,-881
108000061,203,367,-164
108000062,1454,695,759
108000063,430,276,154
108000064,334,172,162
108000065,648,293,355
108000066,1572,832,740
108000067,2343,814,1529
108000068,1236,465,771
108000069,207,551,-344
108000070,2633,735,1898
108000071,533,877,-344
108000072,1915,809,1106
108000073,858,902,-44
108000074,753,419,334
108000075,349,404,-55
108000076,1164,554,610
108000077,532,364,168
108000078,2696,977,1719
108000079,646,731,-85
108000080,2077,450,1627
108000081,596,799,-203
108000082,680,1060,-380
108000083,2127,1135,992
108000084,386,640,-254
108000085,1461,603,858
108000086,490,421,69
108000087,233,2572,-2339
108000088,1064,299,765
108000089,383,314,69
108000091,205,374,-169
108000092,237,71,166
108000093,332,352,-20
108000094,824,100,724
108000095,208,188,20
108000096,525,156,369
108000097,236,232,4
108000098,2370,986,1384
108000099,1221,222,999
108000100,258,632,-374
108000101,1704,1706,-2
108000102,1694,4334,-2640
108000106,1100,1,1099
108000107,1,645,-644
108000108,721,84,637
108000109,7,535,-528
108000110,512,304,208
108000111,239,438,-199
108000112,60,164,-104
108000113,329,185,144
108000115,220,291,-71
108000117,374,432,-58
108000118,389,2744,-2355
108000119,433,224,209
108000120,186,985,-799
108000121,296,262,34
108000122,848,407,441
108000123,969,250,719
108000124,489,628,-139
108000125,871,100,771
108000126,249,261,-12
108000127,799,236,563
108000128,876,188,688
108000129,576,613,-37
108000130,718,177,541
108000131,975,598,377
108000132,621,765,-144
108000133,1401,548,853
108000134,676,274,402
108000135,1343,648,695
108000136,219,365,-146
108000137,780,172,608
108000138,557,461,96
108000139,774,182,592
108000140,464,21,443
108000141,69,43,26
108000142,69,75,-6
108000143,68,213,-145
108000144,739,59,680
108000145,52,7,45
108000146,1205,54,1151
108000147,48,3,45
108000148,1018,62,956
108000149,53,5,48
108000150,108,6,102
108000151,66,75,-9
108000152,158,256,-98
108000153,1107,119,988
108000154,44,8,36
108000155,45,19,26
108000156,535,365,170
108000157,169,2189,-2020
108000158,91,1196,-1105
108000159,338,336,2
108000160,1524,1501,23
108000161,1375,4530,-3155
108000165,4,370,-366
108000172,4,388,-384
108000173,654,2487,-1833
108000175,934,147,787
108000178,305,385,-80
108000179,179,1230,-1051
108000181,172,37,135
108000182,128,77,51
108000183,9,207,-198
108000184,637,3785,-3148
108000185,345,208,137
108000186,564,145,419
108000187,183,181,2
108000188,877,120,757
108000189,1324,14700,-13376
108000190,25,76,-51
108000192,375,152,223
108000193,312,12,300
108000194,16,26,-10
108000195,1,487,-486
108000196,250,349,-99
108000198,1155,144,1011
108000199,1,414,-413
108000200,574,141,433
108000203,254,216,38
108000204,245,91,154
108000205,154,161,-7
108000339,917,452,465
108000364,159,650,-491
108000365,63,267,-204
108000367,183,175,8
108000368,25,44,-19
108000369,437,168,269
108000371,11,537,-526
108000372,922,3,919
108000373,189,48,141
108000376,152,43,109
108000377,838,104,734
108000378,8634,14070,-5436
108000379,33,179,-146
108000381,164,5,159
108000382,156,2,154
108000383,1,246,-245
108900001,44,282,-238
108900002,233,104,129
108900003,221,464,-243
108900004,340,472,-132
108900007,368,159,209
108900008,205,94,111
108900009,157,109,48
108900010,452,111,341
108900011,1164,263,901
108900012,529,287,242
108900013,191,195,-4
108900014,37,98,-61
108900015,2,231,-229
108900016,5,209,-204
108900017,249,465,-216
108900018,222,165,57
108900019,42,219,-177
108900020,53,83,-30
108900021,143,119,24
108900022,132,6,126
108900023,28,62,-34
108900024,73,40,33
108900025,340,32,308
108900026,16,31,-15
108900027,0,23,-23
108900028,123,81,42
108900029,103,206,-103
108900030,0,20,-20
108900031,231,115,116
108900032,0,69,-69
108900033,0,55,-55
108900034,0,63,-63
108900035,284,329,-45
108900038,0,86,-86
108900039,1,85,-84
108900040,17,41,-24
108900041,2830,3683,-853
108900042,5,333,-328
108900043,42,195,-153
108900044,2,113,-111
108900045,127,132,-5
108900046,24,174,-150
108900047,2,302,-300
108900048,163,346,-183
108900049,1124,2638,-1514
108900050,0,83,-83
108900051,0,85,-85
108900052,28,143,-115
108900053,59,387,-328
108900054,37,100,-63
108900055,24,318,-294
108900056,15,57,-42
108900057,0,41,-41
108900058,32,130,-98
108900059,1021,44,977
108900060,103,217,-114
108900061,59,25,34
108900062,3,118,-115
108900063,11,96,-85
108900064,396,15,381
108900065,33,64,-31
108900066,725,146,579
108900067,5,123,-118
108900068,11,47,-36
108900069,96,34,62
108900070,48,32,16
108900071,183,63,120
108900072,1070,422,648
108900073,68,130,-62
108900074,448,51,397
108900075,21,19,2
108900076,610,60,550
108900077,69,200,-131
108900078,72,42,30
108900079,316,87,229
108900080,18,1048,-1030
108900081,43,201,-158
108900082,143,40,103
108900083,6,300,-294
108900085,947,104,843
108900086,258,74,184
108900087,49,146,-97
108900088,761,417,344
108900089,35,197,-162
108900090,127,57,70
108900091,206,22,184
108900092,628,282,346
108900093,87,114,-27
108900094,310,111,199
108900095,17,120,-103
108900096,153,5,148
108900097,366,90,276
108900098,898,1059,-161
108900099,656,66,590
108900100,74,93,-19
108900101,273,330,-57
108900102,40,1515,-1475
108900103,189,177,12
108900105,6,2310,-2304
108900106,612,128,484
108900108,476,19,457
108900109,802,82,720
108900110,241,140,101
108900111,629,177,452
108900113,47,57,-10
108900114,134,19,115
108900115,142,129,13
108900116,116,10,106
108900117,291,13,278
108900118,748,30,718
108900119,421,28,393
108900120,347,208,139
108900121,382,138,244
108900122,206,23,183
108900123,275,132,143
108900124,1003,350,653
108900125,977,5,972
108900126,316,56,260
108900127,301,27,274
108900128,309,49,260
108900129,1312,207,1105
108900130,755,3,752
108900131,523,9,514
108900132,717,38,679
108900133,505,47,458
108900134,1093,107,986
108900135,304,13,291
108900136,50,2,48
108900137,282,4,278
108900138,1374,60,1314
108900140,668,86,582
108900141,718,25,693
108900142,138,5,133
108900143,143,0,143
108900144,175,1,174
108900145,328,19,309
108900146,112,1,111
108900147,335,1,334
108900148,100,10,90
108900150,279,8,271
108900151,59,4,55
108900152,299,40,259
108900153,262,116,146
108900154,5544,387,5157
108900156,117,16,101
108900157,20,185,-165
108900158,589,48,541
108900159,1,122,-121
108900160,22,169,-147
108900161,8,177,-169
108900162,205,0,205
108900163,15,485,-470
108900164,75,44,31
108900168,3337,2595,742
108900169,88,137,-49
108900171,2055,3686,-1631
108900172,240,57,183
108900173,104,195,-91
108900174,1408,409,999
108900176,120,264,-144
108900177,2435,9285,-6850
108900178,1973,5065,-3092
108900180,117,275,-158
108900183,147,188,-41
108900184,589,181,408
108900185,103,220,-117
108900186,51,228,-177
108900189,432,69,363
108900190,67,1412,-1345
108900192,69,162,-93
108900195,134,89,45
108900196,70,195,-125
108900199,196,238,-42
108900200,685,319,366
108900201,396,832,-436
108900203,524,233,291
108900204,493,14,479
108900205,365,38,327
108900206,449,105,344
108900207,247,253,-6
108900208,23,221,-198
108900209,179,321,-142
108900210,109,140,-31
108900211,203,689,-486
108900212,186,1891,-1705
108900215,60,325,-265
108900216,217,413,-196
108900217,69,0,69
108900218,45,14,31
108900221,42,80,-38
108900224,38,160,-122
108900225,1,198,-197
108900227,210,468,-258
108900230,104,134,-30
108900232,1,107,-106
108900233,510,139,371
108900234,291,163,128
108900235,142,183,-41
108900236,53,118,-65
108900240,152,94,58
108900241,56,46,10
108900245,5,1685,-1680
108900250,279,80,199
108900258,9,71,-62
108900259,52,21,31
108900260,11,28,-17
108900261,58,57,1
108900262,83,136,-53
108900263,32,189,-157
108900264,175,315,-140
108900265,719,670,49
108900266,279,1398,-1119
108900267,3,261,-258
108900268,12,19,-7
108900269,199,18,181
108900270,167,11,156
108900271,74,14,60
108900272,392,24,368
108900273,263,1069,-806
108900274,99,29,70
109000001,3363,2722,641
109000002,797,2580,-1783
109000003,3769,433,3336
109000004,657,1612,-955
109000005,2485,732,1753
109000006,762,1645,-883
109000007,2184,770,1414
109000008,840,1445,-605
109000009,3681,1471,2210
109000010,927,2560,-1633
109000011,5233,2455,2778
109000012,1712,2373,-661
109000013,5462,4578,884
109000014,1971,1779,192
109000015,4371,11345,-6974
109000016,4848,2241,2607
109000017,3950,1292,2658
109000018,1325,1711,-386
109000019,3130,1672,1458
109000020,1046,1884,-838
109000023,291,21,270
109000024,7,136,-129
109000025,397,748,-351
109000026,678,299,379
109000027,132,583,-451
109000028,122,49,73
109000029,121,456,-335
109000030,42,331,-289
109000031,290,145,145
109000032,173,380,-207
109000033,471,198,273
109000034,44,81,-37
109000035,6,84,-78
109000036,30,320,-290
109000037,508,3017,-2509
109000038,289,250,39
109000039,1143,980,163
109000040,2795,15293,-12498
109000041,1557,2722,-1165
109000042,442,1472,-1030
109000044,416,110,306
109000045,74,353,-279
109000046,556,72,484
109000047,71,359,-288
109000048,547,316,231
109000049,238,404,-166
109000050,444,287,157
109000051,141,93,48
109000052,626,459,167
109000053,370,80,290
109000054,231,343,-112
109000055,333,411,-78
109000056,392,241,151
109000057,1004,442,562
109000058,436,114,322
109000059,291,1417,-1126
109000060,262,598,-336
109000061,491,1531,-1040
109000062,147,479,-332
109000063,223,97,126
109000064,421,113,308
109000065,268,100,168
109000066,551,35,516
109000067,120,144,-24
109000068,776,8,768
109000069,678,18,660
109000070,100,1880,-1780
109000071,543,82,461
109000072,101,229,-128
109000073,81,96,-15
109000074,29,127,-98
109000075,63,282,-219
109000076,164,376,-212
109000077,270,165,105
109000078,163,188,-25
109000079,109,72,37
109000080,425,106,319
109000081,207,245,-38
109000082,1420,122,1298
109000083,371,303,68
109000088,231,231,0
109000089,340,84,256
109000090,137,236,-99
109000091,457,137,320
109000092,339,317,22
109000093,457,173,284
109000094,962,1,961
109000095,222,213,9
109000096,1063,258,805
109000097,115,131,-16
109000098,50,136,-86
109000099,810,176,634
109000100,342,593,-251
109000101,1899,508,1391
109000102,599,478,121
109000103,811,406,405
109000104,2592,475,2117
109000105,564,829,-265
109000106,2296,523,1773
109000107,628,1124,-496
109000108,2454,568,1886
109000109,454,928,-474
109000110,1479,531,948
109000111,681,1754,-1073
109000112,309,97,212
109000113,334,124,210
109000114,181,357,-176
109000115,1059,59,1000
109000116,15,268,-253
109000117,295,35,260
109000118,13,188,-175
109000119,1953,109,1844
109000120,354,304,50
109000121,852,57,795
109000122,206,246,-40
109000123,68,49,19
109000124,998,235,763
109000125,972,289,683
109000126,613,336,277
109000127,1371,156,1215
109000128,808,601,207
109000129,3252,599,2653
109000130,430,692,-262
109000131,1074,820,254
109000132,460,1108,-648
109000133,302,479,-177
109000134,663,801,-138
109000135,676,1093,-417
109000136,226,202,24
109000137,390,338,52
109000138,603,148,455
109000139,657,216,441
109000140,270,172,98
109000141,775,285,490
109000142,166,383,-217
109000143,108,91,17
109000145,127,423,-296
109000146,71,62,9
109000148,1351,1665,-314
109000149,21,119,-98
109000150,137,346,-209
109000155,1264,694,570
109000156,837,367,470
109000158,83,153,-70
109000159,69,305,-236
109000160,1314,108,1206
109000161,619,517,102
109000162,2395,390,2005
109000163,1486,1062,424
109000164,1662,1706,-44
109000165,1760,474,1286
109000166,1407,70,1337
109000167,169,306,-137
109000170,64,41,23
109000171,145,44,101
109000172,15,96,-81
109000173,44,135,-91
109000174,260,25,235
109000175,71,34,37
109000176,605,168,437
109000177,38,59,-21
109000178,1099,179,920
109000179,2560,6350,-3790
109000180,3009,3231,-222
109000181,14,18,-4
109000182,42,8,34
109000183,97,12,85
109000184,83,20,63
109000185,50,14,36
109000188,482,792,-310
109000189,2900,515,2385
109000190,831,448,383
109000191,469,409,60
109000192,700,86,614
109000193,400,100,300
109000194,337,39,298
109000195,171,82,89
109000196,339,69,270
109000197,159,223,-64
109000198,414,40,374
109000199,161,257,-96
109000206,228,49,179
109000207,234,43,191
109000208,123,141,-18
109000209,222,171,51
109000210,131,379,-248
109000211,1053,434,619
109000214,623,154,469
109000215,190,75,115
109000216,468,356,112
109000217,155,128,27
109000218,266,235,31
109000221,256,570,-314
109000222,780,206,574
109000223,531,399,132
109000224,85,75,10
109000225,190,18,172
109000226,67,151,-84
109000227,1820,412,1408
109000228,8,2433,-2425
109000231,5,112,-107
109000232,699,138,561
109000236,241,472,-231
109000241,2024,1164,860
109000242,1745,706,1039
109000293,32,82,-50
109000361,142,224,-82
109000364,154,346,-192
109000396,1,253,-252
109000397,794,15,779
109000399,106,284,-178
109000400,130,154,-24
109000403,32,1019,-987
109000406,621,38,583
109000407,344,193,151
109000408,2,305,-303
109000410,1134,217,917
109000411,440,28,412
109900001,166,1,165
109900002,1010,29,981
109900003,519,0,519
109900004,377,50,327
109900005,20,2,18
109900006,677,171,506
109900007,1594,163,1431
109900008,1,9,-8
109900009,143,166,-23
109900010,759,41,718
109900011,70,68,2
109900012,423,470,-47
109900013,432,206,226
109900014,503,37,466
109900015,228,142,86
109900016,198,14,184
109900017,277,284,-7
109900018,227,22,205
109900019,332,22,310
109900020,34,48,-14
109900021,31,20,11
109900022,209,236,-27
109900023,36,7,29
109900024,23,3,20
109900025,52,34,18
109900026,0,141,-141
109900027,44,43,1
109900028,380,1892,-1512
109900029,1,132,-131
109900030,26,12,14
109900031,0,201,-201
109900032,6,219,-213
109900033,7,369,-362
109900034,57,2,55
109900035,30,29,1
109900036,40,17,23
109900037,20,317,-297
109900038,116,175,-59
109900039,13,0,13
109900040,39,279,-240
109900041,56,123,-67
109900042,39,701,-662
109900044,125,112,13
109900045,134,164,-30
109900046,211,71,140
109900047,195,241,-46
109900048,0,30,-30
109900049,16,26,-10
109900050,0,81,-81
109900051,0,14,-14
109900052,68,107,-39
109900053,4,93,-89
109900054,1166,138,1028
109900055,91,111,-20
109900056,31,408,-377
109900057,3,52,-49
109900058,2,39,-37
109900059,1419,69,1350
109900060,1021,80,941
109900061,22,116,-94
109900062,0,36,-36
109900063,9,273,-264
109900064,698,135,563
109900065,56,108,-52
109900066,262,376,-114
109900067,1,58,-57
109900068,68,7,61
109900069,63,22,41
109900070,25,146,-121
109900071,9,11,-2
109900072,5,103,-98
109900073,542,78,464
109900074,27,14,13
109900075,31,45,-14
109900076,15,108,-93
109900077,42,25,17
109900078,56,206,-150
109900080,107,111,-4
109900081,10,237,-227
109900082,57,133,-76
109900083,25,59,-34
109900084,110,91,19
109900085,106,258,-152
109900086,181,766,-585
109900087,93,394,-301
109900089,1029,204,825
109900090,205,498,-293
109900091,499,75,424
109900092,438,45,393
109900093,1435,130,1305
109900094,127,70,57
109900095,41,122,-81
109900096,143,3,140
109900097,198,6,192
109900098,870,28,842
109900099,521,3,518
109900100,72,2,70
109900101,808,13,795
109900102,496,27,469
109900103,21,21,0
109900104,1331,210,1121
109900105,725,40,685
109900106,306,31,275
109900107,650,47,603
109900108,199,96,103
109900109,47,77,-30
109900110,76,110,-34
109900111,119,300,-181
109900112,98,233,-135
109900113,996,614,382
109900114,838,1383,-545
109900115,210,114,96
109900117,1380,89,1291
109900118,102,247,-145
109900119,308,385,-77
109900120,77,33,44
109900121,353,344,9
109900122,760,4,756
109900123,23,42,-19
109900124,51,197,-146
109900125,2,144,-142
109900126,306,21,285
109900128,403,30,373
109900130,2328,3397,-1069
109900131,15,96,-81
109900132,21,119,-98
109900133,106,184,-78
109900134,54,117,-63
109900135,266,34,232
109900136,41,46,-5
109900137,218,102,116
109900140,334,54,280
109900142,1728,181,1547
109900145,8,543,-535
109900146,233,42,191
109900148,41,75,-34
109900149,28,49,-21
109900150,28,39,-11
109900151,8,20,-12
109900152,1,24,-23
109900153,0,112,-112
109900154,58,0,58
109900155,101,25,76
109900157,53,162,-109
109900158,50,203,-153
109900159,182,50,132
109900160,182,59,123
109900161,342,106,236
109900162,411,177,234
109900163,269,165,104
109900164,62,232,-170
109900165,439,8,431
109900166,1,98,-97
109900167,203,197,6
109900168,344,391,-47
109900169,234,99,135
109900170,317,1330,-1013
109900171,302,77,225
109900172,387,414,-27
109900173,930,3179,-2249
109900174,51,138,-87
109900175,114,81,33
109900176,139,163,-24
109900177,38,92,-54
109900178,4,162,-158
109900179,21,16,5
109900180,15,17,-2
110000001,618,513,105
110000002,515,840,-325
110000003,640,742,-102
110000004,447,701,-254
110000005,338,2169,-1831
110000006,300,253,47
110000007,153,88,65
110000008,22,180,-158
110000009,40,43,-3
110000010,55,106,-51
110000011,29,34,-5
110000012,690,252,438
110000013,113,926,-813
110000014,491,312,179
110000015,204,680,-476
110000016,228,1769,-1541
110000017,2728,305,2423
110000018,2026,300,1726
110000019,8,92,-84
110000020,728,208,520
110000021,296,413,-117
110000022,924,135,789
110000023,14,127,-113
110000024,497,332,165
110000025,716,2,714
110000026,16,210,-194
110000027,529,1406,-877
110000028,1171,717,454
110000029,579,714,-135
110000030,388,389,-1
110000031,397,237,160
110000032,921,344,577
110000033,203,255,-52
110000034,592,429,163
110000035,680,417,263
110000036,1308,410,898
110000037,247,359,-112
110000038,266,625,-359
110000039,1073,4954,-3881
110000040,326,154,172
110000041,316,2245,-1929
110000042,57,385,-328
110000043,753,298,455
110000044,29,695,-666
110000045,139,134,5
110000046,3,114,-111
110000047,14,129,-115
110000048,1,44,-43
110000049,18,14,4
110000050,1,75,-74
110000051,35,6,29
110000052,86,37,49
110000053,22,10,12
110000054,170,777,-607
110000055,127,86,41
110000056,76,112,-36
110000057,358,654,-296
110000058,867,410,457
110000059,905,473,432
110000060,1287,850,437
110000061,528,643,-115
110000062,670,941,-271
110000063,103,222,-119
110000064,133,62,71
110000065,153,94,59
110000066,94,27,67
110000067,61,159,-98
110000068,356,55,301
110000069,597,27,570
110000071,409,28,381
110000073,49,6,43
110000075,27,95,-68
110000076,453,371,82
110000077,278,947,-669
110000078,101,11,90
110000080,280,424,-144
110000081,73,214,-141
110000082,40,354,-314
110000083,282,348,-66
110000084,1631,1120,511
110000085,904,1203,-299
110000086,1146,2722,-1576
110000087,21,52,-31
110000088,120,234,-114
110000089,349,33,316
110000090,69,141,-72
110000091,823,187,636
110000092,68,48,20
110000093,73,35,38
110000094,412,149,263
110000095,159,777,-618
110000096,1251,1981,-730
110000097,914,1787,-873
110000098,1918,827,1091
110000099,660,1338,-678
110000100,1535,228,1307
110000101,29,118,-89
110000102,170,42,128
110000104,519,211,308
110000105,78,218,-140
110000106,637,705,-68
110000107,183,300,-117
110000108,182,85,97
110000109,174,331,-157
110000110,1508,4125,-2617
110000111,3045,3663,-618
110000112,266,1417,-1151
110000113,88,2887,-2799
110000114,384,658,-274
110000115,579,266,313
110000116,67,75,-8
110000117,393,194,199
110000118,701,130,571
110000119,312,149,163
110000120,385,129,256
110000121,85,271,-186
110000122,334,347,-13
110000123,661,569,92
110000124,2,553,-551
110000125,1179,3,1176
110000126,340,32,308
110000127,1441,67,1374
110000128,41,538,-497
110000129,4,321,-317
110000130,376,267,109
110000131,87,357,-270
110000132,2,328,-326
110000133,31,403,-372
110000134,24,287,-263
110000135,291,43,248
110000136,121,305,-184
110000137,862,352,510
110000138,971,555,416
110000139,1447,447,1000
110000140,1042,774,268
110000143,436,309,127
110000144,2734,2540,194
110000145,1671,1600,71
110000146,1317,644,673
110000147,556,720,-164
110000148,801,152,649
110000151,598,1724,-1126
110000152,633,697,-64
110000153,148,13,135
110000154,15,35,-20
110000155,504,3655,-3151
110000156,983,2407,-1424
110000157,1374,2558,-1184
110000160,364,287,77
110000161,228,147,81
110000166,820,40,780
110000167,1122,577,545
110000168,908,552,356
110000169,929,341,588
110000170,280,102,178
110000171,740,136,604
110000172,250,502,-252
110000173,660,694,-34
110000174,134,545,-411
110000175,1154,48,1106
110000176,45,604,-559
110000177,260,1647,-1387
110000178,383,2528,-2145
110000179,900,286,614
110000180,284,212,72
110000181,1174,312,862
110000182,259,87,172
110000183,4917,8428,-3511
110000184,262,2804,-2542
110000185,625,651,-26
110000186,556,766,-210
110000191,1781,146,1635
110000192,723,31,692
110000193,1421,15,1406
110000194,14,476,-462
110000195,720,146,574
110000196,662,102,560
110000197,142,72,70
110000198,127,60,67
110000199,37,119,-82
110000200,594,281,313
110000201,1024,1291,-267
110000202,1197,613,584
110000203,406,437,-31
110000204,5,157,-152
110000205,313,47,266
110000206,511,559,-48
110000207,1401,310,1091
110000208,208,266,-58
110000209,80,636,-556
110000210,1721,329,1392
110000211,978,563,415
110000212,462,1165,-703
110000213,380,81,299
110000214,533,55,478
110000215,240,137,103
110000216,139,122,17
110000217,614,84,530
110000218,269,140,129
110000219,554,43,511
110000220,63,138,-75
110000221,532,33,499
110000222,81,322,-241
110000223,12,270,-258
110000224,5,7,-2
110000225,313,665,-352
110000226,350,48,302
110000227,910,962,-52
110000228,393,72,321
110000229,0,80,-80
110000230,607,512,95
110000231,248,186,62
110000232,220,166,54
110000233,184,237,-53
110000234,463,1370,-907
110000235,947,950,-3
110000236,715,335,380
110000237,2567,1234,1333
110000238,956,1044,-88
110000239,2167,863,1304
110000240,0,36,-36
110000242,1,12,-11
110000243,252,47,205
110000244,103,351,-248
110000245,15,237,-222
110000246,880,310,570
110000247,808,3082,-2274
110000248,1117,1211,-94
110000249,78,7,71
110000250,16,89,-73
110000251,538,228,310
110000252,364,109,255
110000253,1696,424,1272
110000254,409,524,-115
110000255,95,609,-514
110000256,468,201,267
110000257,517,335,182
110000258,7,209,-202
110000259,221,12,209
110000260,29,82,-53
110000263,425,39,386
110000264,508,183,325
110000265,1455,1696,-241
110000266,1019,2174,-1155
110000267,33,139,-106
110000268,248,267,-19
110000269,9,42,-33
110000270,130,2,128
110000271,1364,155,1209
110000272,1344,951,393
110000273,1499,1132,367
110000274,172,2249,-2077
110000275,1119,506,613
110000276,356,478,-122
110000277,341,273,68
110000278,396,628,-232
110000279,938,591,347
110000280,652,453,199
110000281,107,253,-146
110000282,215,32,183
110000283,46,58,-12
110000284,14,21,-7
110000285,2,598,-596
110000286,1,1,0
110000287,125,2,123
110000288,6,38,-32
110000289,525,2903,-2378
110000290,478,510,-32
110000291,3114,919,2195
110000292,985,5807,-4822
110000293,696,483,213
110000294,1566,1231,335
110000295,212,536,-324
110000296,630,219,411
110000297,2310,215,2095
110000298,149,412,-263
110000299,120,64,56
110000301,424,24,400
110000302,655,550,105
110000303,569,13,556
110000304,208,186,22
110000305,1427,19,1408
110000306,234,850,-616
110000307,1953,4,1949
110000308,488,2,486
110000309,0,453,-453
110000310,1081,24,1057
110000311,18,426,-408
110000312,534,70,464
110000313,1614,2026,-412
110000314,2,185,-183
110000315,1645,2051,-406
110000316,556,1000,-444
110000317,100,1066,-966
110000318,5,49,-44
110000319,13,36,-23
110000320,87,43,44
110000321,36,67,-31
110000322,272,209,63
110000323,622,142,480
110000324,2485,1569,916
110000325,1410,3974,-2564
110000327,284,231,53
110000328,185,270,-85
110000333,1083,1039,44
110000334,495,1122,-627
110000335,681,362,319
110000336,842,829,13
110000337,2388,575,1813
110000338,621,178,443
110000339,437,160,277
110000340,37,85,-48
110000341,684,342,342
110000342,116,7,109
110000343,0,9,-9
110000344,157,467,-310
110000345,252,379,-127
110000346,1235,1573,-338
110000347,1475,688,787
110000348,29,20,9
110000349,49,16,33
110000350,88,2,86
110000351,1439,482,957
110000352,873,1624,-751
110000353,2310,409,1901
110000354,995,4212,-3217
110000355,147,46,101
110000356,1072,6,1066
110000357,586,15,571
110000361,14,10,4
110000362,99,2,97
110000363,798,66,732
110000364,348,209,139
110000365,218,1,217
110000366,1,86,-85
110000367,419,94,325
110000368,3,57,-54
110000369,107,8,99
110000373,1,183,-182
110000374,159,35,124
110000375,83,935,-852
110000376,16,118,-102
110000377,87,445,-358
110000378,18,442,-424
110000379,2029,2685,-656
110000380,87,10,77
110000383,2,1208,-1206
110000384,613,619,-6
110000385,0,169,-169
110000387,62,1,61
110000388,50,175,-125
110000389,1175,3,1172
110000391,1113,127,986
110000396,277,64,213
110000397,196,51,145
110000398,7,21,-14
110000399,206,1,205
110000587,165,109,56
110000589,237,149,88
110000640,265,15,250
110000652,5,451,-446
110000653,321,300,21
110000654,30,1182,-1152
110000656,1,153,-152
110000674,38,13,25
110000675,20,9,11
110000676,4,59,-55
110000679,131,1293,-1162
110000682,105,260,-155
110000683,177,565,-388
110000684,5,27,-22
110000685,10,12,-2
110000686,5,58,-53
110000687,20,1,19
110000688,88,1519,-1431
110000689,126,24,102
110000692,31,180,-149
110000693,44,299,-255
110000694,0,119,-119
110000695,137,452,-315
110000696,72,37,35
110900001,340,19,321
110900002,315,502,-187
110900003,1085,246,839
110900004,635,48,587
110900005,1309,4091,-2782
110900006,83,39,44
110900007,216,86,130
110900008,9,36,-27
110900009,427,314,113
110900010,17,29,-12
110900011,32,94,-62
110900012,27,35,-8
110900013,1396,148,1248
110900014,320,53,267
110900015,357,755,-398
110900016,86,52,34
110900017,842,45,797
110900018,373,40,333
110900019,424,12,412
110900020,190,140,50
110900021,106,291,-185
110900022,79,84,-5
110900023,34,488,-454
110900024,33,170,-137
110900025,8,52,-44
110900027,43,179,-136
110900028,16,48,-32
110900029,17,110,-93
110900030,26,65,-39
110900031,1,119,-118
110900032,0,35,-35
110900033,40,140,-100
110900035,32,456,-424
110900036,149,8,141
110900037,100,24,76
110900038,538,206,332
110900039,5,270,-265
110900040,385,30,355
110900041,22,45,-23
110900042,186,89,97
110900043,2,34,-32
110900044,180,12,168
110900045,97,118,-21
110900046,12,128,-116
110900047,230,463,-233
110900049,166,136,30
110900050,57,3,54
110900051,52,127,-75
110900052,1,62,-61
110900053,140,5,135
110900054,18,78,-60
110900055,27,2,25
110900056,19,108,-89
110900057,3,81,-78
110900058,358,154,204
110900059,449,142,307
110900060,482,163,319
110900061,8,61,-53
110900062,215,90,125
110900063,61,71,-10
110900064,16,0,16
110900065,86,143,-57
110900066,7,21,-14
110900067,169,656,-487
110900068,200,153,47
110900069,12,9,3
110900070,120,37,83
110900071,183,983,-800
110900073,0,11,-11
110900074,586,101,485
110900075,485,74,411
110900077,1393,367,1026
110900078,109,17,92
110900079,1319,1847,-528
110900080,255,49,206
110900081,7,10,-3
110900082,250,61,189
110900083,170,36,134
110900084,120,38,82
110900085,72,133,-61
110900086,81,362,-281
110900087,453,68,385
110900088,5,0,5
110900090,112,75,37
110900091,0,37,-37
110900093,241,70,171
110900095,50,39,11
110900097,39,31,8
110900098,29,56,-27
110900099,26,294,-268
110900100,0,6,-6
110900102,100,4,96
110900105,1096,115,981
110900108,16,20,-4
110900111,413,68,345
110900112,862,17,845
110900113,244,71,173
110900115,10,74,-64
110900116,1180,566,614
110900118,68,4408,-4340
110900119,1233,181,1052
110900120,71,49,22
110900121,109,0,109
110900122,825,194,631
110900125,472,592,-120
110900127,433,1748,-1315
110900128,263,740,-477
110900129,187,1277,-1090
110900130,393,730,-337
110900131,329,29,300
110900132,565,84,481
110900133,74,98,-24
110900135,62,179,-117
110900136,511,22,489
110900139,21,0,21
110900140,0,0,0
110900141,263,390,-127
110900142,68,88,-20
110900143,193,65,128
110900144,1,213,-212
110900145,154,124,30
110900146,182,382,-200
110900147,70,294,-224
110900148,0,131,-131
110900149,3,63,-60
110900150,35,22,13
110900151,11,46,-35
110900152,31,52,-21
110900153,326,36,290
111000001,1220,590,630
111000002,767,389,378
111000003,2181,1129,1052
111000004,531,781,-250
111000005,1315,1807,-492
111000006,909,2007,-1098
111000007,4536,4427,109
111000008,2476,2900,-424
111000009,338,643,-305
111000010,1154,247,907
111000011,215,1046,-831
111000012,540,403,137
111000013,490,1071,-581
111000014,1928,497,1431
111000017,88,823,-735
111000018,169,374,-205
111000020,617,1320,-703
111000021,44,89,-45
111000023,115,35,80
111000025,4354,4229,125
111000029,111,97,14
111000030,46,104,-58
111000031,1739,729,1010
111000032,729,307,422
111000033,222,212,10
111000034,51,298,-247
111000037,1109,517,592
111000038,2105,1412,693
111000039,1759,1704,55
111000040,1815,1439,376
111000041,620,625,-5
111000042,1743,1897,-154
111000043,2433,5384,-2951
111000044,1950,1015,935
111000045,3691,2518,1173
111000046,2668,2152,516
111000047,3760,6889,-3129
111000049,409,403,6
111000050,992,764,228
111000051,577,695,-118
111000052,482,1056,-574
111000053,307,575,-268
111000054,259,692,-433
111000055,1626,1321,305
111000056,228,308,-80
111000057,199,434,-235
111000058,861,73,788
111000059,840,211,629
111000060,4670,956,3714
111000061,963,273,690
111000062,1156,469,687
111000063,1728,1183,545
111000064,1229,557,672
111000065,1360,839,521
111000066,794,314,480
111000067,1082,376,706
111000068,720,647,73
111000069,1659,1513,146
111000070,815,616,199
111000071,191,334,-143
111000072,1635,695,940
111000073,398,1721,-1323
111000074,1731,1519,212
111000075,822,544,278
111000076,795,501,294
111000077,1126,806,320
111000078,2300,932,1368
111000079,938,566,372
111000080,630,470,160
111000081,1686,4782,-3096
111000082,1097,497,600
111000084,1208,409,799
111000085,1154,886,268
111000086,1688,840,848
111000087,792,395,397
111000088,3957,3644,313
111000089,844,585,259
111000090,540,970,-430
111000091,679,276,403
111000092,2046,639,1407
111000093,989,1232,-243
111000094,1871,1387,484
111000095,806,2809,-2003
111000096,830,8343,-7513
111000097,3081,1188,1893
111000098,394,798,-404
111000099,459,1112,-653
111000100,463,726,-263
111000101,300,484,-184
111000102,238,392,-154
111000104,830,117,713
111000107,268,356,-88
111000109,937,211,726
111000110,1831,629,1202
111000111,4124,408,3716
111000112,2965,420,2545
111000113,980,2415,-1435
111000114,1513,5085,-3572
111000115,3121,941,2180
111000116,945,728,217
111000117,310,866,-556
111000118,956,659,297
111000119,1791,706,1085
111000120,745,587,158
111000121,320,638,-318
111000122,687,687,0
111000123,1191,1304,-113
111000124,522,1252,-730
111000125,338,541,-203
111000126,132,446,-314
111000127,1465,136,1329
111000128,3660,260,3400
111000129,3747,446,3301
111000130,3179,421,2758
111000131,3220,540,2680
111000132,2668,1572,1096
111000133,236,82,154
111000134,198,94,104
111000135,69,143,-74
111000136,491,311,180
111000138,18,5,13
111000140,0,6,-6
111000141,112,424,-312
111000142,8,257,-249
111000143,4,513,-509
111000144,73,2361,-2288
111000145,173,8,165
111000146,98,22,76
111000147,120,31,89
111000148,122,78,44
111000149,15,11,4
111000150,73,19,54
111000151,1,8,-7
111000153,587,607,-20
111000154,371,246,125
111000155,182,149,33
111000156,775,462,313
111000157,215,845,-630
111000158,791,1087,-296
111000159,4024,1095,2929
111000160,547,385,162
111000161,18,630,-612
111000162,21,89,-68
111000163,1102,760,342
111000164,488,2971,-2483
111000165,697,244,453
111000166,432,148,284
111000167,153,267,-114
111000168,228,317,-89
111000169,302,441,-139
111000170,314,256,58
111000171,510,441,69
111000172,282,220,62
111000173,369,590,-221
111000174,300,163,137
111000175,71,215,-144
111000176,448,58,390
111000177,837,122,715
111000178,2573,153,2420
111000179,497,85,412
111000180,377,430,-53
111000181,2301,148,2153
111000182,310,115,195
111000183,273,197,76
111000184,451,187,264
111000185,446,228,218
111000186,338,135,203
111000187,273,77,196
111000188,416,251,165
111000189,356,418,-62
111000190,209,178,31
111000191,188,147,41
111000192,155,206,-51
111000193,272,166,106
111000194,88,216,-128
111000195,143,221,-78
111000196,108,110,-2
111000197,764,140,624
111000198,837,125,712
111000199,415,131,284
111000200,750,315,435
111000201,1133,144,989
111000202,568,157,411
111000203,574,392,182
111000204,446,2002,-1556
111000213,183,394,-211
111000214,1484,881,603
111000215,1511,852,659
111000217,2064,752,1312
111000218,2374,877,1497
111000219,287,165,122
111000220,689,643,46
111000221,289,92,197
111000224,31,154,-123
111000225,522,309,213
111000226,102,3,99
111000227,32,3,29
111000228,14,805,-791
111000229,48,1615,-1567
111000230,172,132,40
111000231,1175,245,930
111000232,976,489,487
111000233,1865,526,1339
111000234,216,699,-483
111000239,130,56,74
111000240,51,309,-258
111000241,65,108,-43
111000242,393,64,329
111000243,131,217,-86
111000244,872,77,795
111000245,1162,223,939
111000246,728,129,599
111000247,803,333,470
111000248,815,297,518
111000249,613,225,388
111000250,77,46,31
111000251,59,35,24
111000253,29,25,4
111000255,81,22,59
111000257,117,18,99
111000260,79,663,-584
111000261,1587,73,1514
111000271,39,228,-189
111000273,2734,1015,1719
111000274,1908,3122,-1214
111000275,215,42,173
111000276,317,794,-477
111000277,290,161,129
111000278,489,202,287
111000291,1852,13092,-11240
111000298,561,227,334
111000299,812,158,654
111000300,57,484,-427
111000302,480,76,404
111000303,158,86,72
111000312,58,48,10
111000315,6,111,-105
111000320,117,321,-204
111000321,551,149,402
111000322,415,209,206
111000323,489,25,464
111000324,305,181,124
111000325,48,56,-8
111000326,242,203,39
111000327,371,341,30
111000328,452,538,-86
111000329,1,16,-15
111000330,114,7,107
111000331,26,5,21
111000332,1028,1169,-141
111000334,244,744,-500
111000335,1723,212,1511
111000337,2143,174,1969
111000338,186,60,126
111000339,1045,129,916
111000340,247,349,-102
111000341,1921,834,1087
111000342,64,1062,-998
111000344,1310,583,727
111000345,78,106,-28
111000346,40,321,-281
111000347,168,18,150
111000350,308,67,241
111000351,142,307,-165
111000352,201,91,110
111000353,191,132,59
111000354,407,145,262
111000355,371,352,19
111000358,184,497,-313
111000360,265,155,110
111000361,238,65,173
111000546,912,271,641
111000547,509,246,263
111000548,205,276,-71
111000549,375,208,167
111000550,69,1018,-949
111000551,520,283,237
111000552,411,189,222
111000907,922,19,903
111000908,72,1,71
111000916,2530,212,2318
111000917,57,319,-262
111000918,285,285,0
111000920,859,13,846
111000921,10,91,-81
111000922,811,175,636
111000924,27,245,-218
111000925,5049,2243,2806
111000926,1098,1076,22
111000927,3039,4952,-1913
111000928,2946,1537,1409
111000929,2493,1493,1000
111000930,1044,1199,-155
111000931,2463,2875,-412
111000932,2365,1247,1118
111000933,3697,3680,17
111000934,1555,2060,-505
111000935,3139,1049,2090
111000936,1190,1441,-251
111000937,1684,1443,241
111000938,1383,943,440
111000939,836,34,802
111000940,753,47,706
111000941,418,220,198
111000943,850,295,555
111000944,160,177,-17
111000945,193,684,-491
111001109,506,935,-429
111001110,264,345,-81
111001111,133,3,130
111001112,57,3,54
111001113,0,205,-205
111001114,632,297,335
111001115,23,2334,-2311
111001116,1865,5425,-3560
111001117,327,2961,-2634
111001120,138,170,-32
111001121,146,137,9
111001122,363,152,211
111001123,441,84,357
111001124,117,55,62
111001125,5,393,-388
111001126,8,1,7
111001127,1,17,-16
111900001,2,50,-48
111900002,1,157,-156
111900003,4,107,-103
111900004,12,29,-17
111900006,24,102,-78
111900007,329,4,325
111900008,477,1,476
111900009,250,7,243
111900010,128,248,-120
111900012,33,34,-1
111900013,13,5,8
111900014,1777,7049,-5272
111900015,0,22,-22
111900016,0,20,-20
111900017,1,22,-21
111900018,306,8,298
111900019,1,91,-90
111900020,3,23,-20
111900021,13,28,-15
111900022,7,15,-8
111900023,72,45,27
111900024,20,45,-25
111900025,0,16,-16
111900026,0,15,-15
111900027,2,43,-41
111900028,0,56,-56
111900029,11,20,-9
111900030,16,214,-198
111900031,12,20,-8
111900032,0,73,-73
111900033,5,79,-74
111900034,107,244,-137
111900035,88,128,-40
111900036,0,66,-66
111900038,133,287,-154
111900039,36,148,-112
111900040,0,127,-127
111900042,8,58,-50
111900043,0,101,-101
111900044,83,129,-46
111900046,13,43,-30
111900048,521,156,365
111900049,20,103,-83
111900050,117,27,90
111900051,8,109,-101
111900052,133,240,-107
111900053,464,2778,-2314
111900054,176,7,169
111900055,10,163,-153
111900056,126,484,-358
111900057,183,17,166
111900058,1019,257,762
111900059,1039,971,68
111900060,351,11,340
111900061,3,63,-60
111900062,27,95,-68
111900063,286,262,24
111900064,53,77,-24
111900065,194,17,177
111900066,223,183,40
111900067,0,275,-275
111900068,59,89,-30
111900069,89,27,62
111900070,360,68,292
111900071,0,118,-118
111900072,96,52,44
111900073,1564,264,1300
111900074,21,140,-119
111900075,151,12,139
111900076,377,124,253
111900077,58,7,51
111900078,565,57,508
111900079,120,72,48
111900080,143,248,-105
111900082,271,76,195
111900083,316,59,257
111900084,322,12,310
111900085,27,106,-79
111900086,90,16,74
111900087,198,3,195
111900088,985,21,964
111900089,276,16,260
111900090,58,52,6
111900091,715,9,706
111900092,252,17,235
111900093,707,14,693
111900094,176,2,174
111900095,531,41,490
111900096,362,2,360
111900097,145,2,143
111900098,454,4,450
111900099,144,0,144
111900100,214,2,212
111900101,109,41,68
111900102,954,183,771
111900103,54,67,-13
111900104,151,31,120
111900105,285,210,75
111900106,295,17,278
111900110,1051,201,850
111900111,318,29,289
111900112,370,5373,-5003
111900113,217,105,112
111900118,477,125,352
111900119,368,167,201
111900122,115,111,4
111900123,17,35,-18
111900124,15,11,4
111900125,768,82,686
111900126,443,6,437
111900127,0,193,-193
111900128,2,176,-174
111900129,384,12,372
111900130,295,76,219
111900131,958,2,956
111900132,18,336,-318
111900133,9,139,-130
111900134,0,116,-116
111900135,15,46,-31
111900136,74,187,-113
111900137,33,36,-3
111900138,11,33,-22
111900139,11,51,-40
111900140,184,33,151
111900141,135,25,110
111900142,74,43,31
111900143,61,91,-30
111900144,0,42,-42
111900145,0,131,-131
111900146,0,58,-58
111900147,27,213,-186
111900148,43,339,-296
111900149,8,101,-93
111900150,23,80,-57
111900151,8,36,-28
111900152,82,95,-13
111900153,515,989,-474
111900154,32,896,-864
111900155,111,219,-108
111900156,139,82,57
111900157,433,32,401
111900158,1105,96,1009
111900159,556,52,504
111900160,413,5,408
111900161,422,1,421
111900162,165,297,-132
111900163,24,143,-119
111900164,116,43,73
111901113,715,76,639
111901114,302,170,132
111901115,195,5,190
111901116,87,3,84
111901117,25,72,-47
111901118,29,492,-463
111901119,287,74,213
111901121,26,53,-27
111901122,2,104,-102
111901123,441,110,331
111901124,465,5,460
111901125,968,202,766
111901127,357,1157,-800
111901128,15,97,-82
111901129,0,63,-63
111901130,13,90,-77
111901131,4,235,-231
111901132,74,39,35
111901133,86,3,83
111901134,219,4,215
111901135,98,28,70
111901136,5,40,-35
111901138,65,36,29
111901139,7,14,-7
111901140,4,38,-34
111901141,10,44,-34
111901142,4,38,-34
111901143,1,52,-51
111901144,71,56,15
111901145,78,490,-412
111901146,80,16,64
111901147,177,352,-175
111901148,44,97,-53
111901149,10,11,-1
111901150,89,0,89
112000001,2753,777,1976
112000002,947,1598,-651
112000003,3049,1182,1867
112000004,784,346,438
112000005,4532,4397,135
112000006,768,711,57
112000007,5699,3718,1981
112000008,3742,4894,-1152
112000009,3157,1502,1655
112000010,4818,6340,-1522
112000011,1874,1117,757
112000012,4199,7294,-3095
112000013,2018,3838,-1820
112000014,1453,4277,-2824
112000015,1850,3996,-2146
112000016,2471,3917,-1446
112000017,643,4631,-3988
112000024,909,468,441
112000026,1927,1825,102
112000027,633,736,-103
112000028,671,878,-207
112000029,847,988,-141
112000030,143,19,124
112000031,1654,4883,-3229
112000032,115,20,95
112000033,1428,4372,-2944
112000034,131,34,97
112000035,33,1020,-987
112000036,260,1677,-1417
112000037,834,1139,-305
112000038,1301,1858,-557
112000039,141,73,68
112000040,25,90,-65
112000041,301,291,10
112000042,681,321,360
112000050,1616,1108,508
112000051,1599,2853,-1254
112000054,1343,1560,-217
112000057,856,288,568
112000058,241,480,-239
112000059,524,994,-470
112000061,2410,1069,1341
112000062,647,1504,-857
112000063,338,4538,-4200
112000064,2434,3026,-592
112000065,1046,2431,-1385
112000066,3719,1838,1881
112000067,460,603,-143
112000068,4399,4059,340
112000069,511,1686,-1175
112000070,1986,1035,951
112000071,1099,1584,-485
112000072,2954,877,2077
112000073,1202,1667,-465
112000074,1396,1155,241
112000075,1569,1302,267
112000076,3161,2125,1036
112000077,1304,332,972
112000078,2717,621,2096
112000079,2018,1109,909
112000080,1001,628,373
112000081,961,1901,-940
112000082,1238,504,734
112000083,872,817,55
112000084,1436,510,926
112000085,1811,709,1102
112000086,2247,726,1521
112000087,738,172,566
112000088,926,261,665
112000089,305,312,-7
112000090,205,159,46
112000091,619,447,172
112000092,2601,747,1854
112000093,1603,460,1143
112000094,959,751,208
112000095,962,444,518
112000096,931,793,138
112000097,2152,772,1380
112000098,444,483,-39
112000099,826,2382,-1556
112000100,2630,543,2087
112000101,644,339,305
112000102,2244,445,1799
112000103,445,394,51
112000105,498,584,-86
112000106,3442,377,3065
112000107,178,133,45
112000108,696,762,-66
112000109,350,88,262
112000110,2451,646,1805
112000111,508,1719,-1211
112000112,2843,509,2334
112000113,646,905,-259
112000114,3035,814,2221
112000115,407,322,85
112000116,667,505,162
112000117,1176,548,628
112000118,739,614,125
112000119,397,550,-153
112000120,43,231,-188
112000121,241,282,-41
112000122,446,122,324
112000123,1099,111,988
112000124,825,87,738
112000125,435,265,170
112000126,531,216,315
112000127,2331,3439,-1108
112000128,487,596,-109
112000129,151,121,30
112000130,328,152,176
112000131,58,111,-53
112000132,278,168,110
112000133,397,90,307
112000134,560,281,279
112000135,1266,720,546
112000136,803,1006,-203
112000137,1736,2024,-288
112000138,1137,908,229
112000139,639,912,-273
112000140,272,1129,-857
112000141,1340,537,803
112000142,165,372,-207
112000143,1906,257,1649
112000144,231,637,-406
112000145,3405,486,2919
112000146,562,1056,-494
112000147,3422,1827,1595
112000148,991,946,45
112000149,588,348,240
112000150,523,200,323
112000151,334,175,159
112000152,1204,288,916
112000153,160,222,-62
112000154,225,390,-165
112000155,217,156,61
112000157,585,1208,-623
112000158,342,241,101
112000159,865,135,730
112000167,467,225,242
112000169,230,676,-446
112000173,1376,230,1146
112000175,468,225,243
112000176,819,1333,-514
112000177,1414,394,1020
112000178,80,216,-136
112000179,512,79,433
112000180,494,490,4
112000181,1251,833,418
112000182,1990,550,1440
112000183,48,10,38
112000184,717,193,524
112000185,1453,259,1194
112000187,4382,2795,1587
112000195,211,15,196
112000196,142,0,142
112000197,103,145,-42
112000198,23,314,-291
112000199,700,531,169
112000202,828,4,824
112000216,82,163,-81
112000230,205,2,203
112000231,5,97,-92
112000256,105,359,-254
112000313,45,48,-3
112000314,66,114,-48
112000337,192,587,-395
112000352,111,351,-240
112000392,2443,1074,1369
112000398,2428,728,1700
112000399,1442,7795,-6353
112000400,1153,1019,134
112000401,1504,1102,402
112000402,5406,5970,-564
112000403,1386,7243,-5857
112000404,1917,1402,515
112000405,3619,3398,221
112000406,1974,1005,969
112000407,11241,8361,2880
112000408,4861,2747,2114
112000409,1617,2038,-421
112000410,342,491,-149
112000411,1705,1806,-101
112000412,511,513,-2
112000413,3392,9416,-6024
112000414,150,39,111
112000415,122,32,90
112000416,4624,1329,3295
112000417,280,79,201
112000421,102,42,60
112000422,263,137,126
112000424,902,4213,-3311
112000425,573,384,189
112000426,534,425,109
112000427,1,32,-31
112000428,475,118,357
112000429,2703,2234,469
112000430,3194,4025,-831
112000431,146,160,-14
112000432,492,499,-7
112000433,445,795,-350
112000437,85,88,-3
112900001,116,2,114
112900002,972,280,692
112900003,59,73,-14
112900004,96,88,8
112900005,438,72,366
112900006,7,135,-128
112900007,78,69,9
112900008,2,137,-135
112900009,654,156,498
112900010,693,325,368
112900011,68,236,-168
112900012,1,16,-15
112900013,4,112,-108
112900014,5,88,-83
112900015,114,607,-493
112900016,7,171,-164
112900017,37,69,-32
112900018,0,85,-85
112900019,36,202,-166
112900020,263,829,-566
112900021,2,139,-137
112900022,26,27,-1
112900023,0,28,-28
112900024,13,90,-77
112900025,86,148,-62
112900026,2,35,-33
112900027,16,221,-205
112900028,17,62,-45
112900029,12,179,-167
112900030,26,28,-2
112900031,3,114,-111
112900032,246,206,40
112900034,0,23,-23
112900035,1,96,-95
112900036,14,111,-97
112900037,335,292,43
112900038,910,99,811
112900039,20,145,-125
112900040,12,487,-475
112900041,368,1275,-907
112900042,134,134,0
112900043,57,60,-3
112900044,266,192,74
112900045,96,177,-81
112900046,70,55,15
112900047,7,22,-15
112900049,566,55,511
112900050,19,483,-464
112900051,130,309,-179
112900052,5,280,-275
112900053,138,180,-42
112900054,120,57,63
112900055,74,34,40
112900056,402,226,176
112900057,24,194,-170
112900058,358,438,-80
112900059,182,391,-209
112900060,62,79,-17
112900061,110,136,-26
112900062,106,65,41
112900063,35,18,17
112900064,61,272,-211
112900065,19,31,-12
112900066,220,266,-46
112900067,354,57,297
112900068,56,99,-43
112900069,1340,1523,-183
112900071,63,7,56
112900072,55,5169,-5114
112900073,573,240,333
112900074,104,503,-399
112900075,625,1902,-1277
112900076,22,48,-26
112900078,458,730,-272
112900079,244,39,205
112900080,149,7,142
112900081,120,524,-404
112900082,810,68,742
112900083,181,134,47
112900084,407,333,74
112900086,193,4,189
112900087,2138,164,1974
112900088,305,6,299
112900089,1132,52,1080
112900090,122,57,65
112900091,525,29,496
112900092,73,820,-747
112900093,1479,34,1445
112900095,112,2,110
112900096,685,217,468
112900097,161,156,5
112900098,98,0,98
112900099,1325,29,1296
112900100,147,5,142
112900101,461,6,455
112900102,140,35,105
112900103,376,20,356
112900104,226,4,222
112900105,41,0,41
112900106,488,157,331
112900107,5,2,3
112900108,4,0,4
112900109,268,0,268
112900110,2090,28,2062
112900111,1378,15,1363
112900112,432,4,428
112900113,1,16,-15
112900114,396,12,384
112900115,2306,3,2303
112900116,111,29,82
112900117,46,31,15
112900118,10,148,-138
112900119,313,10,303
112900120,327,232,95
112900121,42,71,-29
112900122,6,82,-76
112900123,147,26,121
112900124,11,60,-49
112900125,34,523,-489
112900126,146,75,71
112900127,491,119,372
112900128,69,314,-245
112900129,4,328,-324
112900130,231,145,86
112900131,45,186,-141
112900132,150,243,-93
112900133,20,684,-664
112900134,0,148,-148
112900135,138,66,72
112900137,0,272,-272
112900138,6,79,-73
112900139,120,490,-370
112900141,982,63,919
112900142,75,303,-228
112900143,8,246,-238
112900144,1,181,-180
112900145,12,255,-243
112900146,1,416,-415
112900147,1,521,-520
112900148,62,3,59
112900149,223,312,-89
112900151,7,60,-53
112900152,2136,368,1768
112900153,467,3389,-2922
112900154,0,44,-44
112900155,203,11,192
112900156,688,406,282
112900157,737,26,711
112900158,99,6,93
112900159,199,222,-23
112900160,29,132,-103
112900161,240,60,180
112900162,16,29,-13
112900163,34,57,-23
112900164,75,147,-72
112900165,119,41,78
112900166,20,111,-91
112900167,11,90,-79
112900168,4,6,-2
112900169,6,19,-13
112900170,149,75,74
112900172,46,36,10
112900173,92,78,14
112900174,461,59,402
112900175,172,284,-112
112900176,16,62,-46
112900177,387,80,307
112900178,617,3885,-3268
112900179,26,264,-238
112900180,2348,1141,1207
112900181,1283,9,1274
112900182,63,274,-211
112900183,82,231,-149
112900184,428,535,-107
112900185,157,774,-617
112900186,822,1071,-249
112900187,68,591,-523
112900188,635,3339,-2704
112900189,8,6,2
112900190,10,36,-26
112900192,710,643,67
112900193,951,392,559
112900194,66,10,56
112900195,799,49,750
112900196,320,410,-90
112900197,106,254,-148
112900199,1086,290,796
112900200,610,83,527
112900201,190,124,66
112900202,723,400,323
112900203,342,71,271
112900204,467,497,-30
112900205,13,4,9
112900206,26,55,-29
112900207,26,0,26
112900208,73,443,-370
112900209,171,247,-76
112900210,2,11,-9
112900211,94,6,88
112900212,0,51,-51
112900213,109,11,98
112900214,11,13,-2
112900215,7,40,-33
112900216,14,18,-4
112900217,0,70,-70
112900218,102,19,83
112900219,205,5,200
112900220,1,0,1
112900221,58,57,1
112900222,0,29,-29
112900223,1092,23,1069
112900224,656,211,445
112900225,573,196,377
112900226,117,392,-275
112900227,1289,362,927
112900228,122,54,68
112900229,577,12,565
112900230,8143,2610,5533
112900232,399,407,-8
112900233,79,90,-11
112900234,28,5,23
112900235,23,13,10
112900236,671,21,650
112900237,444,103,341
112900238,18,16,2
112900239,490,831,-341
112900240,19,19,0
112900241,8,59,-51
112900242,9,99,-90
112900243,7,50,-43
112900244,16,19,-3
112900245,0,6,-6
112900246,1,9,-8
112900247,53,31,22
112900248,5,2,3
112900249,11,2,9
112900250,79,0,79
112900251,115,6,109
112900252,107,14,93
112900253,90,2,88
112900254,36,4,32
112900255,12,36,-24
112900256,4,32,-28
112900257,9,46,-37
112900258,55,14,41
113000001,6452,6032,420
113000002,5893,4272,1621
113000003,2283,2048,235
113000004,2240,2318,-78
113000005,2345,1581,764
113000006,1470,1889,-419
113000007,2774,1592,1182
113000008,2235,2170,65
113000009,1929,748,1181
113000010,1621,1163,458
113000011,1370,923,447
113000012,1520,623,897
113000013,933,564,369
113000014,1012,1554,-542
113000015,129,189,-60
113000016,295,623,-328
113000017,31,433,-402
113000018,308,26,282
113000019,104,241,-137
113000020,414,82,332
113000021,1425,996,429
113000022,784,2575,-1791
113000025,226,421,-195
113000026,632,815,-183
113000027,501,1579,-1078
113000028,423,2165,-1742
113000029,1164,1112,52
113000030,198,464,-266
113000031,149,181,-32
113000032,263,589,-326
113000033,303,408,-105
113000034,167,150,17
113000035,32,46,-14
113000036,19,64,-45
113000037,43,18,25
113000038,23,75,-52
113000039,42,251,-209
113000040,64,146,-82
113000042,884,664,220
113000051,2038,2702,-664
113000052,2813,557,2256
113000053,790,474,316
113000054,854,844,10
113000055,2395,501,1894
113000056,1969,1219,750
113000058,632,1035,-403
113000059,1034,449,585
113000060,447,632,-185
113000061,715,835,-120
113000062,418,447,-29
113000063,450,52,398
113000064,95,142,-47
113000065,236,378,-142
113000066,1257,154,1103
113000067,3296,882,2414
113000068,633,499,134
113000069,792,485,307
113000070,3127,811,2316
113000071,762,387,375
113000072,1522,451,1071
113000073,415,1706,-1291
113000074,1097,348,749
113000075,1716,828,888
113000076,538,5039,-4501
113000077,798,1505,-707
113000078,459,2354,-1895
113000079,332,1479,-1147
113000080,618,1162,-544
113000081,833,836,-3
113000082,964,847,117
113000083,694,859,-165
113000084,2097,1003,1094
113000085,1139,810,329
113000086,1106,1259,-153
113000087,992,1739,-747
113000088,1897,1579,318
113000089,702,2066,-1364
113000090,162,881,-719
113000091,314,585,-271
113000094,1640,406,1234
113000095,241,890,-649
113000096,237,999,-762
113000097,1470,598,872
113000098,191,78,113
113000099,1321,565,756
113000100,140,468,-328
113000101,240,916,-676
113000102,744,946,-202
113000103,2931,365,2566
113000104,712,3223,-2511
113000105,1082,480,602
113000106,477,279,198
113000107,1118,1032,86
113000108,1069,834,235
113000109,623,1323,-700
113000110,7846,1124,6722
113000111,312,778,-466
113000112,827,396,431
113000113,1693,482,1211
113000114,277,1594,-1317
113000116,546,315,231
113000117,1127,201,926
113000118,67,752,-685
113000119,362,444,-82
113000120,95,402,-307
113000121,427,1130,-703
113000124,516,106,410
113000125,38,1188,-1150
113000127,1785,198,1587
113000128,1634,230,1404
113000129,445,783,-338
113000133,3040,676,2364
113000134,6,1637,-1631
113000135,5127,5191,-64
113000137,937,4166,-3229
113000139,441,274,167
113000140,37,114,-77
113000141,79,228,-149
113000142,225,623,-398
113000143,275,132,143
113000144,218,391,-173
113000145,124,148,-24
113000146,175,27,148
113000147,175,39,136
113000148,271,132,139
113000149,216,221,-5
113000150,373,413,-40
113000151,50,30,20
113000152,53,263,-210
113000153,1032,317,715
113000154,493,1661,-1168
113000155,330,690,-360
113000156,166,275,-109
113000157,311,399,-88
113000158,459,222,237
113000159,897,467,430
113000160,628,330,298
113000161,516,153,363
113000162,943,231,712
113000163,245,51,194
113000164,23,26,-3
113000166,329,64,265
113000167,81,84,-3
113000168,139,111,28
113000169,299,47,252
113000170,132,80,52
113000171,42,71,-29
113000172,445,38,407
113000173,100,17,83
113000174,181,123,58
113000175,790,71,719
113000176,774,80,694
113000177,229,134,95
113000178,186,144,42
113000179,409,119,290
113000180,685,1511,-826
113000181,1376,659,717
113000182,208,413,-205
113000183,188,787,-599
113000184,23,137,-114
113000189,269,819,-550
113000190,163,254,-91
113000192,746,8768,-8022
113000193,1649,6288,-4639
113000194,884,5835,-4951
113000195,1166,4143,-2977
113000196,349,88,261
113000197,1319,3323,-2004
113000198,154,267,-113
113000199,1934,372,1562
113000201,472,914,-442
113000202,15883,1444,14439
113000203,144,1040,-896
113000204,494,9247,-8753
113000205,12,18,-6
113000206,11,75,-64
113000207,92,9,83
113000208,32,78,-46
113000209,12,25,-13
113000210,7,28,-21
113000211,99,577,-478
113000212,68,76,-8
113000213,8,118,-110
113000214,175,343,-168
113000234,326,682,-356
113000410,36,275,-239
113000411,1519,2848,-1329
113000412,5173,1671,3502
113000413,907,3297,-2390
113000414,3683,13506,-9823
113000415,1932,1488,444
113000416,2501,2314,187
113000417,1045,1830,-785
113000418,5428,4120,1308
113000419,1402,2978,-1576
113000420,2187,6917,-4730
113000421,4865,7942,-3077
113000422,8611,9980,-1369
113000423,1181,6536,-5355
113000424,1832,12032,-10200
113000425,48,69,-21
113000428,9,16,-7
113000430,1,67,-66
113000432,2882,218,2664
113000433,89,452,-363
113000434,29,110,-81
113000435,51,185,-134
113000436,15,487,-472
113000437,1337,21,1316
113000438,522,19,503
113000439,27,61,-34
113000440,188,49,139
113000441,267,180,87
113000442,279,64,215
113000443,456,123,333
113000444,406,36,370
113000445,146,80,66
113000446,92,84,8
113000448,1347,276,1071
113000449,185,1164,-979
113000450,1947,2949,-1002
113000451,5833,506,5327
113000452,144,789,-645
113000453,335,1255,-920
113000454,499,195,304
113000455,46,2701,-2655
113000456,2306,2548,-242
113000468,1037,58,979
113000469,50,98,-48
113000470,660,33,627
113000471,21,386,-365
113000472,74,261,-187
113000474,1863,823,1040
113000475,1220,1024,196
113000476,3131,2052,1079
113000477,5422,1906,3516
113000478,3159,2812,347
113000479,211,97,114
113000484,0,0,0
113000485,0,0,0
113000486,0,0,0
113000487,0,0,0
113000488,0,0,0
113000489,0,0,0
113000490,0,0,0
113000491,0,0,0
113000492,0,0,0
113000493,0,0,0
113000495,514,135,379
113000496,406,173,233
113900001,22,3934,-3912
113900002,1,185,-184
113900003,8,329,-321
113900004,10,528,-518
113900005,8,1030,-1022
113900006,6,292,-286
113900007,18,0,18
113900008,19,2,17
113900009,114,0,114
113900010,100,5,95
113900011,169,3,166
113900012,101,6,95
113900013,94,5,89
113900014,867,4,863
113900015,0,22,-22
113900016,68,0,68
113900017,4,111,-107
113900018,167,291,-124
113900019,196,25,171
113900020,180,8,172
113900022,109,2,107
113900023,51,0,51
113900024,63,50,13
113900025,175,4,171
113900026,122,0,122
113900027,24,141,-117
113900028,53,194,-141
113900029,125,114,11
113900030,380,3,377
113900031,68,13,55
113900032,57,0,57
113900033,68,59,9
113900035,87,0,87
113900036,41,66,-25
113900037,295,207,88
113900038,44,166,-122
113900039,259,28,231
113900040,15,57,-42
113900041,28,24,4
113900042,108,25,83
113900043,159,45,114
113900044,162,379,-217
113900045,99,1,98
113900046,366,1430,-1064
113900047,108,100,8
113900048,115,138,-23
113900049,198,383,-185
113900050,268,496,-228
113900051,394,182,212
113900052,90,82,8
113900053,685,763,-78
113900054,62,1,61
113900055,142,374,-232
113900056,54,84,-30
113900057,4,29,-25
113900058,83,65,18
113900059,281,162,119
113900060,101,251,-150
113900061,515,122,393
113900062,230,4,226
113900063,142,143,-1
113900064,21,40,-19
113900065,557,18,539
113900066,758,187,571
113900067,320,107,213
113900068,527,987,-460
113900069,64,25,39
113900070,95,215,-120
113900071,111,43,68
113900072,85,62,23
113900073,563,404,159
113900074,203,254,-51
113900075,1047,2311,-1264
113900076,132,27,105
113900077,74,99,-25
113900078,45,27,18
113900079,0,13,-13
113900080,540,193,347
113900081,62,107,-45
113900082,200,199,1
113900083,492,104,388
113900084,238,154,84
113900085,77,192,-115
113900086,80,8,72
113900087,161,86,75
113900088,131,111,20
113900089,455,56,399
113900090,586,274,312
113900091,14,4,10
113900092,27,78,-51
113900093,64,1289,-1225
113900094,785,287,498
113900095,142,245,-103
113900096,279,94,185
113900097,17,56,-39
113900098,1083,182,901
113900099,2,13,-11
113900100,0,1,-1
113900101,5,92,-87
113900102,53,145,-92
113900103,224,549,-325
113900104,91,366,-275
113900105,383,45,338
113900106,2,32,-30
113900107,1,5,-4
113900108,136,337,-201
113900109,305,310,-5
113900110,40,36,4
113900111,269,54,215
113900112,242,50,192
113900113,1108,411,697
113900114,0,11,-11
113900115,1,23,-22
113900116,75,180,-105
113900117,48,61,-13
113900118,139,507,-368
113900119,110,414,-304
113900120,81,52,29
113900121,112,44,68
113900122,435,3685,-3250
113900123,448,251,197
113900124,0,90,-90
113900125,926,160,766
113900126,103,77,26
113900127,453,882,-429
113900128,272,54,218
113900129,3,202,-199
113900130,1,158,-157
113900131,278,50,228
113900132,38,103,-65
113900133,5,22,-17
113900135,343,371,-28
113900136,106,46,60
113900137,388,413,-25
113900138,21,266,-245
113900139,235,278,-43
113900140,24,289,-265
113900141,740,215,525
113900142,138,44,94
113900143,6,46,-40
113900144,91,269,-178
113900145,418,146,272
113900146,220,56,164
113900148,72,349,-277
113900149,159,149,10
113900150,218,305,-87
113900151,444,122,322
113900152,45,73,-28
113900153,91,418,-327
113900154,12,103,-91
113900155,62,193,-131
113900156,235,229,6
113900157,66,370,-304
113900158,74,292,-218
113900159,5,175,-170
113900160,403,357,46
113900161,144,393,-249
113900162,179,644,-465
113900163,218,143,75
113900164,546,45,501
113900165,613,316,297
113900166,40,55,-15
113900167,383,26,357
113900168,68,43,25
113900169,236,256,-20
113900171,253,68,185
113900172,10,47,-37
113900173,34,321,-287
113900174,419,482,-63
113900175,310,204,106
113900176,303,189,114
113900177,384,141,243
113900178,332,223,109
113900179,38,250,-212
113900180,154,101,53
113900181,1037,202,835
113900182,593,442,151
113900183,113,65,48
113900184,10,281,-271
113900185,92,55,37
113900186,52,16,36
113900187,23,111,-88
113900188,15,67,-52
113900189,378,316,62
113900190,217,86,131
113900191,56,98,-42
113900192,3,665,-662
113900193,15,102,-87
113900194,1178,476,702
113900195,218,455,-237
113900196,0,138,-138
113900197,2,79,-77
113900198,10,877,-867
113900199,59,439,-380
113900200,28,99,-71
113900201,0,77,-77
113900202,55,135,-80
113900203,0,53,-53
113900204,13,204,-191
113900205,3,60,-57
113900206,8,74,-66
113900207,0,45,-45
113900208,0,56,-56
113900209,0,31,-31
113900210,571,571,0
113900211,227,82,145
113900212,261,274,-13
113900214,304,616,-312
113900215,94,85,9
113900216,129,413,-284
113900217,190,87,103
113900218,103,103,0
113900219,103,947,-844
113900220,98,226,-128
113900221,343,380,-37
113900222,110,707,-597
113900223,265,276,-11
113900224,82,104,-22
113900225,478,76,402
113900226,457,103,354
113900227,323,192,131
113900228,214,602,-388
113900229,50,1055,-1005
113900230,1810,3278,-1468
113900231,147,83,64
113900232,195,31,164
113900233,95,48,47
113900234,525,438,87
113900235,108,45,63
113900236,426,180,246
113900237,303,13,290
113900238,235,780,-545
113900239,51,212,-161
113900240,10,215,-205
113900241,67,102,-35
113900242,47,382,-335
113900243,25,297,-272
113900244,151,201,-50
113900245,571,374,197
113900246,18,40,-22
113900247,96,705,-609
113900248,2329,1803,526
113900249,383,621,-238
113900250,22,257,-235
113900251,1429,67,1362
113900252,1182,16,1166
113900253,756,50,706
113900254,679,249,430
113900255,781,20,761
113900256,522,25,497
113900257,19,349,-330
113900258,16,358,-342
113900259,801,64,737
113900260,354,9,345
113900261,47,62,-15
113900262,234,303,-69
113900263,26,317,-291
113900264,2,215,-213
113900265,95,332,-237
113900266,40,145,-105
113900267,81,1256,-1175
113900268,273,383,-110
113900269,198,97,101
113900270,114,561,-447
113900271,613,344,269
113900273,7,5,2
113900274,52,40,12
113900275,27,205,-178
113900276,1,132,-131
113900277,162,4,158
113900278,169,195,-26
113900279,34,34,0
113900280,1382,545,837
113900281,224,1204,-980
113900282,271,346,-75
113900283,436,713,-277
113900284,1002,84,918
113900285,105,48,57
113900286,31,43,-12
113900287,126,16,110
113900288,1,169,-168
113900289,322,130,192
113900290,283,398,-115
113900291,80,85,-5
113900292,5,1,4
113900293,12,173,-161
113900294,664,17,647
113900295,473,464,9
113900296,1959,350,1609
113900297,2498,36,2462
113900298,45,1160,-1115
113900299,210,28,182
113900300,5117,4578,539
113900301,780,615,165
113900302,1142,1089,53
113900303,130,803,-673
113900304,2,99,-97
113900305,165,0,165
113900306,197,2,195
113900307,7,1,6
113900308,50,95,-45
113900309,0,253,-253
113900310,1,6,-5
113900311,13,0,13
113900312,122,222,-100
113900313,8,1,7
113900314,0,13,-13
113900315,127,2,125
114000001,832,1824,-992
114000002,397,252,145
114000003,359,458,-99
114000004,700,173,527
114000005,362,136,226
114000006,1193,1476,-283
114000007,525,949,-424
114000008,1575,2192,-617
114000009,1134,310,824
114000011,3541,1832,1709
114000012,4272,1274,2998
114000013,2589,869,1720
114000014,602,259,343
114000015,2272,125,2147
114000016,317,89,228
114000017,92,907,-815
114000018,88,6,82
114000026,3299,802,2497
114000027,5452,1936,3516
114000028,2242,3783,-1541
114000038,420,71,349
114000039,148,91,57
114000040,150,289,-139
114000042,199,176,23
114000043,273,172,101
114000044,602,114,488
114000045,56,43,13
114000046,1663,4089,-2426
114000047,14,114,-100
114000048,139,94,45
114000049,1760,1440,320
114000050,1862,1918,-56
114000051,2924,2256,668
114000052,3645,2543,1102
114000053,93,732,-639
114000054,136,730,-594
114000055,294,31,263
114000056,170,1378,-1208
114000057,3537,1898,1639
114000058,78,1109,-1031
114000059,30,716,-686
114000060,532,943,-411
114000061,2498,3826,-1328
114000062,448,1606,-1158
114000063,1187,1255,-68
114000064,1648,3943,-2295
114000065,979,2126,-1147
114000066,599,695,-96
114000067,12,1049,-1037
114000068,539,810,-271
114000069,929,624,305
114000070,1868,2087,-219
114000071,857,504,353
114000072,605,204,401
114000073,18,20,-2
114000074,96,20,76
114000075,54,19,35
114000076,22,27,-5
114000077,20,7,13
114000078,395,424,-29
114000079,284,39,245
114000080,61,63,-2
114000081,74,65,9
114000082,44,189,-145
114000083,96,64,32
114000084,273,142,131
114000085,90,252,-162
114000086,293,243,50
114000087,237,44,193
114000088,54,12,42
114000089,428,193,235
114000090,927,1245,-318
114000091,972,991,-19
114000092,725,314,411
114000093,1268,534,734
114000094,496,417,79
114000095,200,188,12
114000096,78,209,-131
114000097,118,249,-131
114000098,678,143,535
114000099,1102,119,983
114000100,1869,328,1541
114000101,631,288,343
114000102,797,389,408
114000103,137,180,-43
114000104,39,120,-81
114000105,203,119,84
114000106,789,2297,-1508
114000107,772,120,652
114000108,840,766,74
114000109,972,3005,-2033
114000110,427,718,-291
114000111,2603,1407,1196
114000112,378,1094,-716
114000113,2377,590,1787
114000114,523,704,-181
114000115,3093,1124,1969
114000116,1225,4377,-3152
114000117,5072,778,4294
114000118,4383,458,3925
114000119,3521,518,3003
114000120,607,666,-59
114000121,589,727,-138
114000122,507,329,178
114000123,2555,439,2116
114000124,1287,426,861
114000125,1148,857,291
114000126,2136,237,1899
114000127,312,114,198
114000128,1119,186,933
114000130,527,480,47
114000131,401,131,270
114000132,684,313,371
114000133,506,944,-438
114000134,79,38,41
114000138,32,161,-129
114000139,439,518,-79
114000144,743,849,-106
114000145,43,65,-22
114000146,109,73,36
114000147,1481,3124,-1643
114000148,962,2046,-1084
114000149,279,447,-168
114000150,578,1353,-775
114000151,1190,3926,-2736
114000152,83,31,52
114000153,689,2385,-1696
114000154,862,742,120
114000155,1110,3150,-2040
114000156,825,890,-65
114000157,347,1753,-1406
114000158,1108,575,533
114000159,180,485,-305
114000160,83,670,-587
114000161,1016,3521,-2505
114000162,1346,3268,-1922
114000163,33,37,-4
114000165,460,542,-82
114000166,665,550,115
114000167,2137,1298,839
114000168,340,331,9
114000169,1098,1568,-470
114000170,1200,1636,-436
114000171,1577,10597,-9020
114000174,189,323,-134
114000176,296,528,-232
114000177,699,341,358
114000178,68,71,-3
114000179,923,937,-14
114000180,211,317,-106
114000181,1527,5797,-4270
114000182,901,2569,-1668
114000183,499,616,-117
114000184,1915,567,1348
114000185,1430,681,749
114000189,1560,142,1418
114000190,4023,474,3549
114000191,104,297,-193
114000192,127,683,-556
114000193,253,969,-716
114000194,1486,739,747
114000195,348,156,192
114000196,1,79,-78
114000197,2530,11,2519
114000198,613,241,372
114000199,1339,1698,-359
114000200,472,860,-388
114000201,175,694,-519
114000202,1048,423,625
114000203,801,555,246
114000204,125,348,-223
114000205,119,879,-760
114000206,872,1208,-336
114000207,364,730,-366
114000208,473,1014,-541
114000209,349,1117,-768
114000210,175,645,-470
114000211,1489,1140,349
114000212,855,829,26
114000213,1939,380,1559
114000214,43,63,-20
114000215,242,76,166
114000216,1976,315,1661
114000217,528,173,355
114000218,291,75,216
114000219,1752,164,1588
114000220,47,367,-320
114000221,1379,147,1232
114000222,122,416,-294
114000223,838,143,695
114000224,39,336,-297
114000225,306,251,55
114000226,229,165,64
114000227,1182,502,680
114000228,1038,436,602
114000229,1588,1093,495
114000230,1825,748,1077
114000231,1380,1307,73
114000232,1249,178,1071
114000233,3032,99,2933
114000234,1311,518,793
114000235,1679,1154,525
114000236,2,245,-243
114000237,150,589,-439
114000238,151,321,-170
114000239,180,729,-549
114000240,972,1030,-58
114000241,318,486,-168
114000242,674,513,161
114000243,2202,838,1364
114000244,624,225,399
114000245,552,760,-208
114000246,86,41,45
114000247,641,506,135
114000248,2015,605,1410
114000249,589,374,215
114000250,743,293,450
114000251,382,129,253
114000252,64,11,53
114000253,49,54,-5
114000254,140,29,111
114000255,594,187,407
114000256,506,2028,-1522
114000257,535,762,-227
114000258,354,152,202
114000259,132,169,-37
114000260,0,35,-35
114000261,48,26,22
114000262,304,86,218
114000263,12,2,10
114000264,1274,282,992
114000265,0,0,0
114000267,2,1881,-1879
114000268,0,394,-394
114000270,226,13,213
114000271,291,83,208
114000283,1452,260,1192
114000285,22,134,-112
114000288,218,250,-32
114000289,2449,177,2272
114000293,286,538,-252
114000294,169,280,-111
114000395,1410,26,1384
114000396,631,839,-208
114000402,1148,164,984
114000403,367,189,178
114000405,308,170,138
114000423,448,130,318
114000424,508,138,370
114000425,1160,132,1028
114000426,315,894,-579
114000427,161,53,108
114000428,66,204,-138
114000429,4,110,-106
114000432,154,42,112
114000434,29,40,-11
114000435,0,71,-71
114900001,770,275,495
114900002,551,160,391
114900003,1186,332,854
114900004,201,540,-339
114900005,720,232,488
114900006,86,109,-23
114900007,384,13,371
114900008,311,159,152
114900010,934,1673,-739
114900011,253,114,139
114900013,304,94,210
114900018,1770,52,1718
114900020,134,88,46
114900022,8,672,-664
114900025,510,195,315
114900026,128,134,-6
114900029,247,21,226
114900030,280,204,76
114900031,665,21,644
114900032,508,38,470
114900034,36,52,-16
114900035,79,292,-213
114900036,178,240,-62
114900039,699,176,523
114900040,112,43,69
114900041,1316,140,1176
114900042,1832,184,1648
114900044,180,58,122
114900047,251,4102,-3851
114900048,43,210,-167
114900049,46,91,-45
114900050,68,137,-69
114900051,26,97,-71
114900052,78,160,-82
114900053,114,147,-33
114900054,20,27,-7
114900057,240,10,230
114900058,0,35,-35
114900059,110,114,-4
114900063,108,55,53
114900064,2774,167,2607
114900065,601,768,-167
114900067,35,333,-298
114900068,20,87,-67
114900069,145,39,106
114900070,636,205,431
114900072,0,200,-200
114900073,2,43,-41
114900074,1120,165,955
114900075,345,5,340
114900076,0,200,-200
114900080,840,161,679
114900082,1883,3318,-1435
114900083,350,768,-418
114900090,542,201,341
114900091,124,100,24
114900097,224,2,222
114900098,8,108,-100
114900099,235,10,225
115000001,4301,2123,2178
115000002,5096,6682,-1586
115000003,4212,1635,2577
115000004,6079,7096,-1017
115000005,2272,2179,93
115000006,1383,1709,-326
115000007,767,267,500
115000008,584,614,-30
115000009,541,289,252
115000010,326,173,153
115000013,64,194,-130
115000015,27,414,-387
115000016,45,242,-197
115000019,36,521,-485
115000020,239,1154,-915
115000021,286,406,-120
115000022,503,194,309
115000023,369,509,-140
115000024,820,292,528
115000025,995,628,367
115000026,194,266,-72
115000027,457,240,217
115000028,170,632,-462
115000029,883,87,796
115000030,569,913,-344
115000031,902,199,703
115000032,6,245,-239
115000033,323,51,272
115000034,55,833,-778
115000035,1177,80,1097
115000036,0,375,-375
115000037,593,22,571
115000038,101,252,-151
115000039,3840,4870,-1030
115000040,3426,2810,616
115000041,2546,5383,-2837
115000042,552,654,-102
115000043,4748,3320,1428
115000044,3233,3349,-116
115000045,2859,1185,1674
115000046,3759,3536,223
115000047,3602,1721,1881
115000048,2408,1719,689
115000049,1150,2947,-1797
115000050,4024,1559,2465
115000051,1898,4597,-2699
115000052,1029,1489,-460
115000053,2980,2708,272
115000054,551,666,-115
115000055,156,1035,-879
115000056,128,467,-339
115000057,572,1571,-999
115000058,208,424,-216
115000059,346,296,50
115000061,158,274,-116
115000062,251,382,-131
115000063,393,420,-27
115000064,305,123,182
115000065,93,483,-390
115000067,361,31,330
115000069,129,262,-133
115000070,41,1073,-1032
115000071,72,32,40
115000072,26,72,-46
115000073,1663,113,1550
115000075,142,64,78
115000076,2257,1899,358
115000077,2295,1272,1023
115000078,1954,791,1163
115000079,1819,1007,812
115000080,3793,1359,2434
115000081,351,503,-152
115000082,5736,4972,764
115000083,2162,1087,1075
115000084,3866,1007,2859
115000085,1314,678,636
115000086,1619,614,1005
115000087,487,1400,-913
115000088,1686,647,1039
115000089,1506,901,605
115000090,516,964,-448
115000091,270,496,-226
115000092,1110,907,203
115000093,760,1,759
115000094,4925,8390,-3465
115000095,3754,7675,-3921
115000096,1324,799,525
115000097,2139,1312,827
115000098,1981,584,1397
115000099,3068,1423,1645
115000100,1756,298,1458
115000101,583,823,-240
115000102,706,259,447
115000103,335,505,-170
115000105,87,79,8
115000106,937,489,448
115000107,216,251,-35
115000108,1664,1926,-262
115000109,3488,5805,-2317
115000110,1326,2129,-803
115000111,502,1061,-559
115000112,857,811,46
115000113,480,755,-275
115000114,1326,534,792
115000116,2628,1843,785
115000117,1806,2167,-361
115000118,1881,1866,15
115000119,1424,1772,-348
115000120,775,1503,-728
115000121,666,679,-13
115000122,669,1466,-797
115000123,815,2114,-1299
115000124,694,1070,-376
115000125,359,906,-547
115000126,120,452,-332
115000127,282,136,146
115000128,303,923,-620
115000129,176,559,-383
115000130,591,544,47
115000131,910,233,677
115000132,382,296,86
115000133,791,181,610
115000134,286,296,-10
115000135,163,155,8
115000136,238,190,48
115000137,80,183,-103
115000138,480,274,206
115000139,227,178,49
115000140,507,248,259
115000141,308,153,155
115000142,308,106,202
115000143,1029,746,283
115000144,597,74,523
115000145,277,194,83
115000146,754,448,306
115000147,494,326,168
115000148,325,520,-195
115000149,926,236,690
115000150,591,436,155
115000151,1645,498,1147
115000152,749,836,-87
115000153,1610,491,1119
115000154,1107,260,847
115000155,666,955,-289
115000156,717,952,-235
115000157,406,1384,-978
115000158,170,440,-270
115000159,466,639,-173
115000160,376,388,-12
115000161,234,458,-224
115000162,452,1006,-554
115000163,556,730,-174
115000164,606,1028,-422
115000165,174,802,-628
115000167,120,106,14
115000168,501,728,-227
115000169,306,1193,-887
115000170,69,231,-162
115000171,187,585,-398
115000172,682,674,8
115000173,357,877,-520
115000174,48,404,-356
115000175,206,102,104
115000176,39,57,-18
115000177,38,93,-55
115000178,16,167,-151
115000179,14,50,-36
115000180,70,276,-206
115000181,913,176,737
115000182,1238,279,959
115000183,482,430,52
115000186,641,187,454
115000187,177,392,-215
115000188,475,554,-79
115000189,234,336,-102
115000190,857,462,395
115000191,249,440,-191
115000194,86,162,-76
115000195,162,384,-222
115000196,288,121,167
115000197,417,136,281
115000198,694,107,587
115000199,616,113,503
115000200,559,159,400
115000201,270,220,50
115000206,363,24,339
115000207,208,165,43
115000208,295,605,-310
115000209,794,350,444
115000210,176,134,42
115000211,362,244,118
115000212,1092,296,796
115000224,269,78,191
115000225,112,78,34
115000229,201,75,126
115000230,189,659,-470
115000231,359,745,-386
115000232,3199,315,2884
115000233,183,267,-84
115000234,29,367,-338
115000241,117,136,-19
115000242,228,102,126
115000243,120,66,54
115000244,6,153,-147
115000246,109,38,71
115000247,86,25,61
115000248,88,14,74
115000249,26,16,10
115000250,310,26,284
115000251,483,72,411
115000252,95,253,-158
115000253,16,478,-462
115000258,499,69,430
115000259,295,90,205
115000261,15,17,-2
115000262,14,31,-17
115000263,37,25,12
115000264,24,33,-9
115000267,80,61,19
115000268,85,137,-52
115000269,116,51,65
115000270,6,22,-16
115000272,76,63,13
115000273,709,31,678
115000280,1710,181,1529
115000281,281,649,-368
115000282,822,761,61
115000284,175,181,-6
115000296,644,9,635
115000297,94,147,-53
115000298,36,497,-461
115000300,225,156,69
115000302,747,113,634
115000303,1324,57,1267
115000304,972,88,884
115000305,114,302,-188
115000306,218,153,65
115000307,139,130,9
115000308,34,25,9
115000309,20,76,-56
115000310,1996,539,1457
115000311,1735,1118,617
115000313,125,293,-168
115000314,832,287,545
115000315,1062,1362,-300
115000316,181,111,70
115000317,197,405,-208
115000318,853,253,600
115000319,85,210,-125
115000320,13,483,-470
115000321,199,8,191
115000322,85,143,-58
115000449,155,193,-38
115000557,4,2077,-2073
115000558,289,91,198
115000587,771,331,440
115000588,2587,2745,-158
115000589,4385,2821,1564
115000590,984,1990,-1006
115000591,1607,977,630
115000592,405,2110,-1705
115000593,1736,1001,735
115000594,308,3347,-3039
115000609,262,207,55
115000617,493,2546,-2053
115000624,463,32,431
115000633,272,1150,-878
115000634,3414,745,2669
115000635,936,187,749
115000638,302,424,-122
115000641,42,338,-296
115000642,200,182,18
115000643,107,308,-201
115000644,156,292,-136
115000646,746,1456,-710
115000647,188,462,-274
115000648,2951,954,1997
115000893,2021,1584,437
115000894,112,744,-632
115000895,244,1553,-1309
115000896,1353,808,545
115000897,478,177,301
115000898,395,410,-15
115000899,222,1919,-1697
115000900,55,828,-773
115000901,129,321,-192
115000912,579,120,459
115000913,2,28,-26
115000915,47,0,47
115000916,20,13,7
115000917,0,2,-2
115000918,29,626,-597
115000919,10,31,-21
115000920,19,95,-76
115000921,321,97,224
115000922,535,1859,-1324
115000923,127,3081,-2954
115000925,157,135,22
115000927,81,97,-16
115000933,88,974,-886
115000934,121,125,-4
115000935,209,66,143
115000936,71,1036,-965
115000937,1807,471,1336
115000938,77,502,-425
115000939,61,278,-217
115000940,4,27,-23
115000941,11,58,-47
115000942,1,247,-246
115000943,2,121,-119
115000944,21,11,10
115900001,235,16,219
115900002,67,68,-1
115900003,245,39,206
115900004,0,13,-13
115900005,298,15,283
115900006,92,116,-24
115900008,161,5,156
115900009,63,156,-93
115900010,532,74,458
115900011,297,502,-205
115900012,371,30,341
115900013,295,139,156
115900014,124,162,-38
115900015,262,16,246
115900016,58,51,7
115900017,35,12,23
115900018,209,37,172
115900019,46,11,35
115900020,141,1,140
115900021,985,329,656
115900022,740,3,737
115900023,3,4,-1
115900025,33,169,-136
115900026,617,111,506
115900027,0,142,-142
115900028,350,54,296
115900029,8,171,-163
115900030,55,23,32
115900031,145,281,-136
115900032,330,740,-410
115900033,1,57,-56
115900034,44,128,-84
115900035,65,92,-27
115900036,51,2546,-2495
115900037,38,117,-79
115900038,81,26,55
115900039,214,136,78
115900041,135,1102,-967
115900042,60,15,45
115900043,159,44,115
115900044,178,302,-124
115900046,657,164,493
115900047,113,265,-152
115900049,171,137,34
115900051,13,29,-16
115900052,22,93,-71
115900053,302,50,252
115900054,439,40,399
115900055,37,60,-23
115900056,220,83,137
115900057,41,24,17
115900058,24,44,-20
115900060,99,85,14
115900061,323,0,323
115900062,83,89,-6
115900063,38,6,32
115900064,156,309,-153
115900065,239,43,196
115900066,72,68,4
115900067,21,120,-99
115900068,1175,1647,-472
115900069,102,155,-53
115900070,244,55,189
115900071,0,128,-128
115900072,22,104,-82
115900073,193,156,37
115900074,1,101,-100
115900075,18,168,-150
115900076,19,34,-15
115900077,17,36,-19
115900078,32,233,-201
115900079,384,4,380
115900080,181,87,94
115900081,33,17,16
115900082,110,211,-101
115900084,722,15,707
115900085,54,105,-51
115900086,1033,430,603
115900088,7,110,-103
115900089,628,364,264
115900090,895,7,888
115900091,6,33,-27
115900092,51,65,-14
115900093,6,27,-21
115900094,19,72,-53
115900096,26,9,17
115900097,3,100,-97
115900098,427,165,262
115900099,49,42,7
115900100,8,172,-164
115900101,306,105,201
115900102,180,60,120
115900103,422,147,275
115900104,165,54,111
115900105,349,213,136
115900106,133,9,124
115900107,139,34,105
115900108,232,12,220
115900109,33,191,-158
115900110,1,3,-2
115900111,7,68,-61
115900112,39,515,-476
115900113,70,26,44
115900114,5,71,-66
115900115,116,206,-90
115900116,65,448,-383
115900117,137,14,123
115900118,3,85,-82
115900119,171,133,38
115900120,23,161,-138
115900121,337,121,216
115900124,250,1002,-752
115900125,576,54,522
115900126,1080,53,1027
115900127,1179,46,1133
115900128,6,123,-117
115900129,668,70,598
115900130,5,469,-464
115900131,416,30,386
115900132,905,4,901
115900134,325,20,305
115900135,485,991,-506
115900137,28,10,18
115900139,30,164,-134
115900140,755,54,701
115900141,2,74,-72
115900142,10,28,-18
115900143,350,676,-326
115900144,288,249,39
115900146,28,49,-21
115900147,205,283,-78
115900148,123,18,105
115900149,282,18,264
115900150,182,20,162
115900151,32,88,-56
115900152,261,168,93
115900153,198,101,97
115900154,389,453,-64
115900155,0,16,-16
115900156,831,919,-88
115900157,316,579,-263
115900158,5,5,0
115900159,207,187,20
115900160,3,8,-5
115900161,42,90,-48
115900163,294,94,200
115900164,781,10,771
115900166,131,100,31
115900168,229,71,158
115900171,96,443,-347
115900172,67,144,-77
115900173,236,84,152
115900174,238,547,-309
115900175,167,173,-6
115900178,2,214,-212
115900179,470,14,456
115900180,82,83,-1
115900181,276,86,190
115900182,761,102,659
115900183,17,114,-97
115900184,529,7,522
115900187,12,233,-221
115900189,0,190,-190
115900190,103,1272,-1169
115900191,35,128,-93
115900192,32,82,-50
115900193,166,115,51
115900194,1150,68,1082
115900195,438,3204,-2766
115900198,315,212,103
115900199,397,88,309
115900200,264,117,147
115900201,255,351,-96
115900202,3,91,-88
115900203,28,14,14
115900204,0,7,-7
115900205,31,13,18
115900206,436,84,352
115900207,75,6,69
115900208,139,68,71
115900209,6,58,-52
115900210,3,80,-77
115900211,3,68,-65
115900212,157,104,53
115900213,91,128,-37
115900214,839,105,734
115900215,25,358,-333
115900216,4,76,-72
115900217,5,15,-10
115900218,1,10,-9
115900219,170,2,168
115900220,356,11,345
115900221,165,11,154
115900222,114,65,49
115900223,21,786,-765
115900224,566,2080,-1514
115900225,48,26,22
115900226,38,69,-31
115900227,10,115,-105
115900228,13,42,-29
115900229,1,19,-18
115900230,29,69,-40
115900231,162,1,161
115900232,86,2,84
115900233,132,2,130
115900234,87,28,59
115900235,53,56,-3
115900236,18,43,-25
115900237,39,23,16
115900238,27,29,-2
115900239,17,18,-1
115900240,16,12,4
115900241,300,44,256
115900242,429,615,-186
115900243,26,7,19
115900244,31,8,23
115900245,108,14,94
115900246,28,14,14
115900247,14,7,7
115900248,21,1,20
115900249,36,7,29
115900250,11,20,-9
115900251,22,2,20
115900252,6,2,4
115900253,19,20,-1
115900254,8,88,-80
115900255,7,72,-65
115900256,24,36,-12
115900257,5,8,-3
115900258,0,1,-1
115900259,7,6,1
115900260,7,3,4
115900261,7,0,7
115900262,8,0,8
115900263,16,1,15
115900264,14,8,6
115900265,1,19,-18
115900266,4,17,-13
115900267,2,28,-26
115900268,8,9,-1
115900269,801,127,674
115900270,413,130,283
115900271,206,0,206
115900272,116,25,91
115900273,20,41,-21
115900274,0,3,-3
115900275,0,4,-4
115900276,0,13,-13
115900277,0,66,-66
115900278,105,94,11
115900279,30,239,-209
115900280,22,945,-923
115900281,299,441,-142
115900282,79,84,-5
115900283,20,15,5
115900284,32,17,15
116000001,7307,2332,4975
116000002,5958,16863,-10905
116000003,1209,1910,-701
116000004,4366,6740,-2374
116000005,1105,3731,-2626
116000006,3183,5238,-2055
116000007,1545,2099,-554
116000008,5799,3281,2518
116000009,978,1160,-182
116000010,3460,1974,1486
116000011,555,913,-358
116000012,2177,1445,732
116000013,4082,5259,-1177
116000014,11528,25516,-13988
116000015,207,1842,-1635
116000016,4583,5791,-1208
116000017,27,781,-754
116000018,549,377,172
116000019,1439,323,1116
116000020,706,1247,-541
116000021,872,352,520
116000022,543,380,163
116000023,2309,1293,1016
116000024,673,945,-272
116000025,1006,1053,-47
116000026,1695,3380,-1685
116000027,419,828,-409
116000028,503,1320,-817
116000029,388,539,-151
116000030,592,807,-215
116000031,82,183,-101
116000032,334,116,218
116000033,770,467,303
116000034,837,784,53
116000035,563,418,145
116000036,560,4832,-4272
116000037,321,615,-294
116000038,227,1793,-1566
116000039,338,2041,-1703
116000040,648,1873,-1225
116000041,92,1558,-1466
116000042,1229,1160,69
116000043,167,517,-350
116000044,19,48,-29
116000045,2025,1443,582
116000046,1026,2265,-1239
116000047,1692,3030,-1338
116000048,2899,1535,1364
116000049,1912,3468,-1556
116000050,1700,1139,561
116000051,4410,3528,882
116000052,4697,4465,232
116000053,2780,711,2069
116000054,1384,2865,-1481
116000055,1123,972,151
116000056,1868,910,958
116000057,2971,1461,1510
116000058,4351,3336,1015
116000059,2580,4431,-1851
116000060,2904,1391,1513
116000061,845,1643,-798
116000062,572,309,263
116000063,702,2378,-1676
116000066,313,700,-387
116000067,335,401,-66
116000068,158,417,-259
116000069,353,210,143
116000078,659,903,-244
116000080,2079,647,1432
116000082,24,15,9
116000083,2329,518,1811
116000084,1242,1998,-756
116000085,2365,2305,60
116000086,929,694,235
116000087,3538,2154,1384
116000088,1050,697,353
116000089,194,130,64
116000090,146,137,9
116000091,284,686,-402
116000093,736,454,282
116000094,797,290,507
116000095,1093,593,500
116000096,1322,1691,-369
116000097,1339,681,658
116000098,114,9287,-9173
116000099,4740,351,4389
116000100,580,29,551
116000101,1373,445,928
116000102,332,680,-348
116000103,506,336,170
116000104,249,790,-541
116000105,1825,113,1712
116000106,644,1042,-398
116000107,3444,282,3162
116000108,80,313,-233
116000111,216,64,152
116000113,217,98,119
116000114,50,132,-82
116000115,465,110,355
116000116,219,163,56
116000117,1672,1559,113
116000118,2330,954,1376
116000119,3895,1486,2409
116000120,3073,2531,542
116000121,1087,708,379
116000122,769,837,-68
116000123,1410,505,905
116000124,464,424,40
116000125,3854,767,3087
116000126,453,616,-163
116000127,761,563,198
116000128,2405,772,1633
116000129,1720,192,1528
116000130,1239,788,451
116000133,1869,788,1081
116000134,1658,918,740
116000135,3365,1364,2001
116000136,813,1258,-445
116000137,1412,779,633
116000138,1784,1196,588
116000139,2383,4705,-2322
116000140,181,276,-95
116000141,589,324,265
116000142,3339,1979,1360
116000143,2569,1726,843
116000144,1942,1531,411
116000145,2851,756,2095
116000146,1375,91,1284
116000147,305,354,-49
116000148,1165,1689,-524
116000149,969,926,43
116000151,669,517,152
116000153,147,350,-203
116000155,226,396,-170
116000156,758,642,116
116000157,101,31,70
116000158,489,234,255
116000159,15,27,-12
116000160,52,42,10
116000161,21,60,-39
116000162,89,337,-248
116000163,57,30,27
116000164,17,42,-25
116000177,106,279,-173
116000194,78,302,-224
116000195,1498,541,957
116000196,64,4,60
116000197,24,15,9
116000198,2363,1096,1267
116000200,765,842,-77
116000201,598,566,32
116000202,15,120,-105
116000203,4,37,-33
116000204,8,33,-25
116000205,0,124,-124
116000206,7,156,-149
116000207,7,67,-60
116000233,227,388,-161
116000287,250,187,63
116000288,405,141,264
116000292,91,124,-33
116000296,19,89,-70
116000297,221,23,198
116000304,254,43,211
116000305,17,82,-65
116000346,238,91,147
116000352,156,127,29
116000354,25,21,4
116000357,13,25,-12
116000358,440,111,329
116000361,193,0,193
116000372,4144,9399,-5255
116000381,143,3,140
116000388,6,19,-13
116000389,923,278,645
116000445,939,268,671
116000446,846,298,548
116000447,32,652,-620
116000448,550,152,398
116000563,692,763,-71
116000565,40,355,-315
116000568,61,659,-598
116000579,23,95,-72
116000583,189,36,153
116000584,39,7,32
116000585,55,35,20
116000586,90,84,6
116000587,556,502,54
116000589,48,65,-17
116000590,169,68,101
116000591,344,290,54
116000592,8,29,-21
116000593,0,15,-15
116000594,1235,167,1068
116000595,941,38,903
116000596,277,7,270
116000597,659,230,429
116000598,41,164,-123
116000605,183,135,48
116000606,47,374,-327
116000607,3,166,-163
116000609,90,1315,-1225
116000611,296,197,99
116000612,1797,2261,-464
116000613,1005,312,693
116000614,500,209,291
116000615,3,803,-800
116000616,188,59,129
116000617,174,32,142
116000618,12,83,-71
116000619,62,115,-53
116000620,172,106,66
116000621,139,76,63
116000622,199,99,100
116000624,240,89,151
116000627,194,33,161
116000628,38,183,-145
116000629,66,127,-61
116000630,1068,8,1060
116000631,504,32,472
116000632,1266,32,1234
116000633,345,136,209
116000634,641,72,569
116000635,1991,4374,-2383
116000636,487,2894,-2407
116000637,911,18,893
116000638,171,192,-21
116000639,84,6,78
116000640,49,60,-11
116000641,18,42,-24
116000643,0,44,-44
116000644,60,89,-29
116000645,52,12,40
116900001,446,121,325
116900002,343,2,341
116900003,95,37,58
116900004,39,98,-59
116900005,351,71,280
116900006,130,136,-6
116900007,192,286,-94
116900008,734,109,625
116900009,16,9,7
116900010,0,531,-531
116900011,15,14,1
116900012,339,385,-46
116900013,2,45,-43
116900014,427,47,380
116900016,359,2,357
116900017,3,372,-369
116900018,129,78,51
116900019,1,123,-122
116900020,377,1750,-1373
116900023,65,18,47
116900025,1517,426,1091
116900026,42,432,-390
116900027,43,58,-15
116900028,3,62,-59
116900029,3,127,-124
116900031,0,1,-1
116900032,1,121,-120
116900033,62,6,56
116900034,3,30,-27
116900035,153,164,-11
116900036,2,130,-128
116900038,52,4,48
116900041,90,16,74
116900042,252,163,89
116900043,14,43,-29
116900047,12,189,-177
116900049,24,208,-184
116900050,88,209,-121
116900051,230,30,200
116900052,265,51,214
116900055,3,9,-6
116900057,34,72,-38
116900058,20,272,-252
116900059,2,55,-53
116900060,206,405,-199
116900062,0,17,-17
116900064,139,248,-109
116900065,46,73,-27
116900067,192,64,128
116900068,220,117,103
116900070,7,0,7
116900072,65,150,-85
116900073,26,71,-45
116900074,4,35,-31
116900076,16,134,-118
116900077,3,37,-34
116900078,115,53,62
116900079,84,99,-15
116900080,14,5,9
116900081,182,648,-466
116900082,241,798,-557
116900083,10,17,-7
116900084,113,73,40
116900085,22,118,-96
116900086,66,141,-75
116900088,327,44,283
116900090,34,15,19
116900091,537,55,482
116900092,87,308,-221
116900093,4074,1353,2721
116900094,3261,6926,-3665
116900095,255,635,-380
116900096,67,482,-415
116900097,1506,4255,-2749
116900098,883,626,257
116900099,324,1106,-782
116900100,1295,105,1190
116900101,230,599,-369
116900103,20,0,20
116900104,45,226,-181
116900105,300,203,97
116900106,3322,81,3241
116900107,1393,3293,-1900
116900110,14,5,9
116900111,1012,236,776
116900112,340,630,-290
116900113,1137,3523,-2386
116900116,55,1622,-1567
116900117,239,113,126
116900118,1841,993,848
116900120,564,51,513
116900121,281,18,263
116900122,1205,239,966
116900123,442,249,193
116900124,134,442,-308
116900125,726,108,618
116900126,105,680,-575
116900128,0,70,-70
116900129,1,249,-248
116900130,1499,5458,-3959
116900131,42,309,-267
116900132,75,102,-27
116900133,225,143,82
116900134,361,220,141
116900136,240,153,87
116900137,227,127,100
116900138,159,98,61
116900139,53,233,-180
116900140,168,49,119
116900141,432,160,272
116900142,4,76,-72
116900143,349,149,200
116900144,41,80,-39
116900145,48,126,-78
116900147,223,2993,-2770
116900148,19,35,-16
116900149,75,244,-169
116900150,12,8,4
116900151,104,80,24
116900153,210,82,128
116900154,177,577,-400
116900155,67,104,-37
116900157,904,73,831
116900158,91,372,-281
116900159,72,734,-662
116900160,1151,1255,-104
116900161,4021,11399,-7378
116900162,23,44,-21
116900163,338,52,286
116900164,107,63,44
116900165,704,597,107
116900166,55,30,25
116900167,502,49,453
116900168,497,35,462
116900169,233,2912,-2679
116900170,659,624,35
116900171,39,68,-29
116900172,111,655,-544
116900173,308,15,293
116900174,112,123,-11
116900175,333,809,-476
116900178,93,57,36
116900179,50,552,-502
116900180,104,19,85
116900182,1829,401,1428
116900183,299,96,203
116900185,51,74,-23
116900186,137,57,80
116900187,54,110,-56
116900188,125,23,102
116900189,41,0,41
116900191,346,450,-104
116900192,405,129,276
116900194,111,1985,-1874
116900195,49,27,22
116900196,24,28,-4
116900197,139,20,119
116900198,45,435,-390
116900200,179,13,166
116900201,219,8,211
116900202,70,34,36
116900203,194,32,162
116900204,42,206,-164
116900206,34,1,33
116900207,13,16,-3
116900208,27,63,-36
116900209,19,46,-27
116900210,917,381,536
116900211,310,3,307
116900212,147,39,108
116900213,254,138,116
116900214,385,243,142
116900215,31,59,-28
116900216,442,328,114
116900218,2,304,-302
116900219,714,269,445
116900220,161,333,-172
116900221,214,297,-83
116900222,585,381,204
116900223,129,256,-127
116900226,147,49,98
116900227,311,42,269
116900228,349,161,188
116900230,149,248,-99
116900233,1046,132,914
116900234,11,7,4
116900235,186,252,-66
116900238,775,185,590
116900239,31,831,-800
116900240,3673,4169,-496
116900241,183,25,158
116900242,587,1155,-568
116900243,1,9,-8
116900245,61,43,18
116900246,190,34,156
116900247,1335,56,1279
116900248,106,21,85
116900249,643,45,598
116900250,586,38,548
116900251,350,1003,-653
116900252,230,545,-315
116900254,40,104,-64
116900255,232,115,117
116900256,767,113,654
116900257,50,195,-145
116900258,9,95,-86
116900259,568,14,554
116900260,1,41,-40
116900261,149,1,148
116900262,234,81,153
116900263,1,28,-27
116900264,80,103,-23
116900265,110,4,106
116900266,41,9,32
116900267,7,6,1
116900268,170,147,23
116900269,394,1139,-745
116900271,729,522,207
116900272,718,510,208
116900273,40,659,-619
116900274,180,22,158
116900275,220,72,148
116900276,327,326,1
116900277,192,31,161
116900278,3,3,0
116900279,2,8,-6
116900280,19,22,-3
116900281,3107,6888,-3781
116900282,3,32,-29
116900283,5,44,-39
116900284,4,80,-76
116900285,189,346,-157
116900286,70,10,60
116900287,8,8,0
116900288,119,35,84
116900289,59,3,56
116900290,26,0,26
116900291,45,19,26
116900292,0,45,-45
116900293,127,13,114
116900294,14,139,-125
116900295,190,708,-518
116900296,56,437,-381
116900297,2,119,-117
116900298,152,546,-394
116900299,43,720,-677
116900300,12,184,-172
116900301,60,1248,-1188
116900302,13,198,-185
116900303,144,305,-161
116900304,1,257,-256
116900305,22,36,-14
116900306,502,90,412
116900307,144,3,141
116900308,0,31,-31
116900309,205,27,178
116900310,22,43,-21
117000001,3337,3686,-349
117000002,2129,3974,-1845
117000003,7078,4416,2662
117000004,2431,5718,-3287
117000005,5010,2786,2224
117000006,1160,2184,-1024
117000007,7658,1517,6141
117000008,1143,2549,-1406
117000009,5455,1960,3495
117000010,1601,2700,-1099
117000011,3566,1351,2215
117000012,1862,918,944
117000013,2667,1110,1557
117000014,1505,2254,-749
117000015,3437,1669,1768
117000016,452,728,-276
117000017,113,2006,-1893
117000018,119,1434,-1315
117000019,114,145,-31
117000020,824,2886,-2062
117000021,2692,1135,1557
117000022,258,838,-580
117000023,78,1704,-1626
117000024,120,1878,-1758
117000025,142,5430,-5288
117000026,1913,5836,-3923
117000027,1522,5399,-3877
117000028,1270,4157,-2887
117000030,491,427,64
117000031,596,608,-12
117000032,1690,1934,-244
117000033,2137,974,1163
117000034,382,267,115
117000035,425,753,-328
117000036,631,274,357
117000037,380,279,101
117000038,374,516,-142
117000039,460,320,140
117000040,186,565,-379
117000041,1457,117,1340
117000044,12,678,-666
117000045,1228,190,1038
117000046,492,910,-418
117000047,1211,853,358
117000048,1511,847,664
117000049,50,351,-301
117000050,313,1373,-1060
117000051,3653,82,3571
117000052,58,212,-154
117000053,948,53,895
117000054,2363,5,2358
117000055,23,1177,-1154
117000056,851,23,828
117000057,456,1485,-1029
117000060,576,1165,-589
117000061,3176,1765,1411
117000062,173,904,-731
117000063,2574,1097,1477
117000064,814,743,71
117000066,607,754,-147
117000067,151,764,-613
117000074,43,182,-139
117000076,121,43,78
117000077,249,161,88
117000078,134,461,-327
117000079,556,292,264
117000080,0,428,-428
117000081,1279,206,1073
117000082,22,58,-36
117000083,162,8,154
117000084,178,2,176
117000085,465,862,-397
117000086,759,263,496
117000087,61,502,-441
117000088,404,122,282
117000089,2611,200,2411
117000090,362,687,-325
117000091,1392,215,1177
117000092,571,651,-80
117000093,2382,718,1664
117000094,1066,1327,-261
117000095,4271,778,3493
117000096,757,1513,-756
117000097,2523,928,1595
117000098,1669,2342,-673
117000099,5912,1195,4717
117000100,344,392,-48
117000101,154,723,-569
117000102,3032,747,2285
117000103,399,874,-475
117000104,2256,731,1525
117000105,518,917,-399
117000106,2238,640,1598
117000107,590,1124,-534
117000108,3158,972,2186
117000109,863,1438,-575
117000110,2718,2357,361
117000111,4683,4124,559
117000112,4524,1512,3012
117000113,198,79,119
117000114,411,190,221
117000115,131,43,88
117000116,256,184,72
117000117,2245,1244,1001
117000118,651,282,369
117000119,202,1035,-833
117000120,107,2417,-2310
117000121,90,1452,-1362
117000122,1459,2195,-736
117000123,3952,90,3862
117000124,152,348,-196
117000125,100,1311,-1211
117000126,69,31,38
117000127,132,584,-452
117000128,131,1872,-1741
117000129,304,2574,-2270
117000130,321,56,265
117000131,3,57,-54
117000132,4650,19,4631
117000133,3148,19,3129
117000134,1,300,-299
117000135,4,295,-291
117000136,0,89,-89
117000137,314,175,139
117000138,3,1241,-1238
117000140,376,843,-467
117000141,2661,486,2175
117000181,403,343,60
117000182,3418,1235,2183
117000195,188,696,-508
117000196,412,204,208
117000225,48,432,-384
117000226,7,625,-618
117000276,399,21,378
117000277,2,130,-128
117000310,1331,2488,-1157
117000315,282,906,-624
117000320,117,1,116
117000906,648,17,631
117000907,10,180,-170
117000909,87,113,-26
117000910,315,152,163
117000911,69,118,-49
117000915,7,193,-186
117000916,112,11,101
117000917,2053,36,2017
117000918,306,50,256
117000919,37,25,12
117000920,0,697,-697
117000921,0,304,-304
117000922,23,60,-37
117000924,1046,939,107
117000926,893,751,142
117000927,244,1010,-766
117000928,0,183,-183
117000929,559,188,371
117000930,837,19,818
117000931,91,277,-186
117900002,47,1296,-1249
117900003,124,245,-121
117900005,13,443,-430
117900006,0,40,-40
117900007,189,88,101
117900008,3,5,-2
117900010,667,80,587
117900011,40,1174,-1134
117900012,106,104,2
117900013,0,143,-143
117900014,1104,231,873
117900015,17,127,-110
117900016,986,1034,-48
117900017,1264,929,335
117900018,556,1811,-1255
117900019,1205,310,895
117900020,57,515,-458
117900021,63,134,-71
117900023,5018,126,4892
117900024,132,92,40
117900025,36,15,21
117900026,585,137,448
117900028,99,10,89
117900029,595,581,14
117900030,680,235,445
117900031,349,1038,-689
117900032,1004,779,225
117900033,724,484,240
117900034,64,27,37
117900035,345,97,248
117900036,604,214,390
117900037,208,78,130
117900038,31,67,-36
117900039,2,21,-19
117900040,172,163,9
117900041,0,53,-53
117900042,2559,372,2187
117900043,7,34,-27
117900044,9,6049,-6040
117900045,415,192,223
117900048,455,70,385
117900049,640,394,246
117900050,23,1426,-1403
117900051,41,11,30
117900052,138,594,-456
117900053,2214,230,1984
117900054,3,26,-23
117900055,3518,544,2974
117900056,48,309,-261
117900057,1028,1040,-12
117900058,23,235,-212
117900059,84,130,-46
117900060,3217,2193,1024
117900061,28,663,-635
117900063,770,160,610
117900065,446,800,-354
117900066,10,107,-97
117900067,1277,184,1093
117900069,1270,221,1049
117900070,85,417,-332
117900071,369,187,182
117900073,1031,271,760
117900074,60,819,-759
117900075,111,84,27
117900076,91,145,-54
117900077,755,128,627
117900078,496,790,-294
117900080,381,63,318
117900081,297,280,17
117900082,713,400,313
117900083,784,353,431
117900086,438,42,396
117900087,215,39,176
117900088,1263,1236,27
117900089,2919,688,2231
117900090,851,522,329
117900091,127,97,30
117900092,133,23,110
117900093,135,48,87
117900094,66,54,12
117900095,629,3081,-2452
117900096,274,542,-268
117900097,266,54,212
117900098,48,16,32
117900099,382,1128,-746
117900100,742,5,737
117900101,1059,2985,-1926
117900102,123,30,93
117900103,117,3,114
117900104,17,510,-493
117900105,98,215,-117
117900106,170,73,97
117900107,51,0,51
117900109,1165,333,832
117900110,265,0,265
117900111,726,46,680
117900112,56,8,48
117900113,1180,2490,-1310
117900114,42,2,40
117900115,68,467,-399
117900116,693,682,11
117900117,916,174,742
117900118,150,0,150
117900119,259,49,210
117900120,883,28,855
117900121,132,10,122
117900122,1250,6067,-4817
117900123,1514,313,1201
117900124,466,463,3
117900125,1616,1725,-109
117900126,177,296,-119
117900127,595,186,409
117900128,468,242,226
117900129,150,3,147
117900130,749,454,295
117900131,7,48,-41
117900132,32,72,-40
117900133,26,71,-45
117900134,26,262,-236
117900135,33,81,-48
117900136,0,23,-23
117900137,55,156,-101
117900138,0,9,-9
117900139,114,86,28
117900140,7973,1077,6896
117900141,123,377,-254
117900142,46,655,-609
117900144,57,2140,-2083
117900145,17,341,-324
117900146,183,424,-241
117900147,132,103,29
117900148,3729,3514,215
117900149,118,121,-3
117900150,131,54,77
117900151,36,261,-225
117900152,171,144,27
117900153,31,212,-181
117900154,706,486,220
117900156,567,579,-12
117900157,90,603,-513
117900158,397,148,249
117900160,843,841,2
117900161,1105,1091,14
117900162,1198,512,686
117900163,55,1379,-1324
117900165,1,14,-13
117900166,65,593,-528
117900168,59,149,-90
117900169,0,58,-58
117900170,0,20,-20
117900171,4,14,-10
117900172,12,21,-9
117900173,101,65,36
117900174,20,61,-41
117900175,17,40,-23
117900176,15,19,-4
117900177,22,11,11
117900178,91,26,65
117900180,162,42,120
117900181,51,524,-473
117900182,0,43,-43
117900183,113,177,-64
117900184,26,66,-40
117900185,80,13,67
117900186,65,9,56
117900187,21,5,16
117900188,191,65,126
117900189,62,24,38
117900190,30,2,28
117900191,142,1,141
117900192,236,0,236
117900193,4,45,-41
117900194,17,0,17
117900195,22,116,-94
117900196,19,15,4
117900207,80,183,-103
117900208,26,18,8
117900209,188,131,57
117900210,147,163,-16
117900211,3,101,-98
117900212,129,210,-81
117900213,75,7,68
117900214,17,6,11
117900215,31,48,-17
117900216,22,92,-70
117900217,79,463,-384
117900218,139,250,-111
117900219,4,363,-359
117900220,52,732,-680
117900222,297,136,161
117900223,115,380,-265
118000001,709,3128,-2419
118000002,317,1354,-1037
118000003,2740,6429,-3689
118000004,1544,6461,-4917
118000005,4843,4215,628
118000006,4972,6361,-1389
118000007,5241,11553,-6312
118000008,1378,6143,-4765
118000009,1514,3390,-1876
118000010,4729,3943,786
118000011,2320,1086,1234
118000012,1356,1547,-191
118000013,2728,2175,553
118000014,2165,1422,743
118000016,373,201,172
118000017,1083,514,569
118000018,356,216,140
118000019,1394,2788,-1394
118000020,699,3164,-2465
118000021,720,4182,-3462
118000022,1030,754,276
118000023,481,388,93
118000024,478,1261,-783
118000027,10953,8909,2044
118000029,519,851,-332
118000032,186,2757,-2571
118000033,2040,5718,-3678
118000034,3249,4485,-1236
118000035,2222,3141,-919
118000036,939,1595,-656
118000037,714,2353,-1639
118000038,1057,137,920
118000039,107,97,10
118000040,1939,1915,24
118000041,4119,1717,2402
118000045,288,225,63
118000046,1109,2565,-1456
118000047,615,4576,-3961
118000048,1511,5526,-4015
118000051,735,5689,-4954
118000052,388,2884,-2496
118000053,341,695,-354
118000054,3112,727,2385
118000055,2824,1919,905
118000056,233,629,-396
118000057,163,332,-169
118000058,1819,5555,-3736
118000059,1510,2979,-1469
118000060,1287,624,663
118000061,1326,1244,82
118000062,521,342,179
118000063,334,1280,-946
118000064,644,1511,-867
118000065,1724,1841,-117
118000066,1804,4941,-3137
118000067,592,626,-34
118000068,908,10284,-9376
118000069,1206,1571,-365
118000070,5476,2733,2743
118000071,3994,11721,-7727
118000072,829,4342,-3513
118000073,511,2144,-1633
118000074,723,909,-186
118000075,497,407,90
118000076,2383,7909,-5526
118000077,1254,2930,-1676
118000078,1934,3921,-1987
118000079,242,649,-407
118000080,691,1860,-1169
118000081,1697,3002,-1305
118000082,369,1496,-1127
118000083,1528,2202,-674
118000084,2131,2783,-652
118000086,229,714,-485
118000087,4378,2737,1641
118000088,1265,2028,-763
118000089,4403,3177,1226
118000090,870,3948,-3078
118000091,1210,5096,-3886
118000092,961,883,78
118000093,106,900,-794
118000096,684,1050,-366
118000097,630,882,-252
118000098,323,325,-2
118000099,1270,417,853
118000101,2497,479,2018
118000102,640,653,-13
118000107,3011,952,2059
118000108,775,4601,-3826
118000110,3,65,-62
118000111,2,194,-192
118000112,1357,2,1355
118000113,19,306,-287
118000114,937,8,929
118000115,8,16,-8
118000116,30,0,30
118000117,787,957,-170
118000118,1197,2693,-1496
118000119,1130,2418,-1288
118000120,1302,1359,-57
118000121,37,827,-790
118000122,676,347,329
118000123,84,358,-274
118000125,984,1985,-1001
118000126,555,2764,-2209
118000127,1453,1246,207
118000128,338,2424,-2086
118000129,1860,802,1058
118000130,2269,3046,-777
118000131,185,812,-627
118000132,3484,2684,800
118000133,1812,883,929
118000135,527,1216,-689
118000136,212,956,-744
118000137,531,176,355
118000138,417,463,-46
118000139,558,157,401
118000140,4647,9026,-4379
118000141,3584,1685,1899
118000142,3350,1736,1614
118000143,3875,1561,2314
118000144,911,538,373
118000145,1590,1167,423
118000146,1599,442,1157
118000147,1339,961,378
118000148,905,1244,-339
118000149,1099,544,555
118000150,901,311,590
118000151,1086,361,725
118000153,2518,987,1531
118000154,1861,1246,615
118000155,3531,1300,2231
118000156,2052,3591,-1539
118000157,807,316,491
118000158,433,541,-108
118000159,63,92,-29
118000160,1004,343,661
118000161,892,344,548
118000162,1450,1017,433
118000163,1215,1043,172
118000164,2274,1551,723
118000168,398,878,-480
118000169,1179,836,343
118000170,2895,2341,554
118000171,517,347,170
118000172,114,152,-38
118000173,942,1107,-165
118000175,364,324,40
118000176,445,538,-93
118000177,394,741,-347
118000178,42,31,11
118000179,1029,1220,-191
118000180,819,681,138
118000181,854,220,634
118000182,362,202,160
118000183,295,292,3
118000184,1364,576,788
118000185,705,2177,-1472
118000186,593,1425,-832
118000187,2749,441,2308
118000188,883,71,812
118000189,1144,418,726
118000190,10,13,-3
118000191,16,41,-25
118000192,38,127,-89
118000193,16,187,-171
118000194,1771,842,929
118000195,245,6951,-6706
118000196,146,900,-754
118000197,85,281,-196
118000198,406,2114,-1708
118000199,354,1539,-1185
118000200,97,770,-673
118000201,199,1032,-833
118000202,41,350,-309
118000203,453,1451,-998
118000204,55,728,-673
118000205,48,343,-295
118000206,304,311,-7
118000207,0,64,-64
118000208,1697,1477,220
118000209,2975,1034,1941
118000210,209,61,148
118000211,153,49,104
118000213,504,5920,-5416
118000214,310,927,-617
118000215,562,74,488
118000216,6923,1729,5194
118000217,14,51,-37
118000218,78,43,35
118000219,267,319,-52
118000220,35,26,9
118000221,709,644,65
118000222,76,26,50
118000223,116,60,56
118000224,180,52,128
118000225,234,1899,-1665
118000226,1391,244,1147
118000227,1219,444,775
118000228,60,558,-498
118000229,35,617,-582
118000230,222,218,4
118000231,72,408,-336
118000232,1307,322,985
118000233,1601,573,1028
118000234,695,154,541
118000236,298,399,-101
118000237,188,199,-11
118000238,267,289,-22
118000239,381,283,98
118000240,137,97,40
118000241,279,149,130
118000242,599,203,396
118000243,382,198,184
118000244,117,35,82
118000246,0,63,-63
118000255,100,263,-163
118000256,258,180,78
118000259,5,48,-43
118000260,310,53,257
118000261,52,12,40
118000263,117,146,-29
118000266,161,199,-38
118000267,0,405,-405
118000268,181,9,172
118000270,165,3,162
118000271,328,224,104
118000272,71,16,55
118000273,448,47,401
118000274,95,254,-159
118000276,621,265,356
118000295,40,147,-107
118000298,101,159,-58
118000299,101,103,-2
118000301,1,227,-226
118000302,109,26,83
118000311,1225,86,1139
118000312,403,107,296
118000313,31,40,-9
118000314,160,21,139
118000315,32,10,22
118000316,1224,428,796
118000325,99,46,53
118000326,50,17,33
118000331,35,9,26
118000332,28,28,0
118000333,30,41,-11
118000335,689,1,688
118000336,0,149,-149
118000407,362,43,319
118000457,3,149,-146
118000465,617,3328,-2711
118000480,40,51,-11
118000489,10,625,-615
118000490,8,178,-170
118000492,529,175,354
118000510,53,35,18
118000514,115,914,-799
118000515,557,1143,-586
118000517,381,207,174
118000524,126,436,-310
118000525,530,700,-170
118000530,8,220,-212
118000531,583,211,372
118000532,322,234,88
118000533,281,139,142
118000534,716,348,368
118000535,452,136,316
118000536,51,571,-520
118000537,46,91,-45
118000538,43,101,-58
118000539,8,114,-106
118000540,190,235,-45
118000541,95,101,-6
118000542,78,402,-324
118000543,146,466,-320
118000546,43,25,18
118000553,0,0,0
118000557,0,0,0
118000560,1126,2738,-1612
118000562,44,160,-116
118000563,1300,996,304
118000576,300,74,226
118000577,217,198,19
118000578,241,73,168
118000579,841,2046,-1205
118000583,0,0,0
118000595,280,126,154
118000596,3,741,-738
118000597,168,113,55
118000598,2,1,1
118000599,206,50,156
118000600,4,3,1
118000601,6,0,6
118000602,0,3,-3
118000603,0,13,-13
118000605,76,159,-83
118000606,17,21,-4
118900001,497,1436,-939
118900002,714,1098,-384
118900003,659,24,635
118900004,105,30,75
118900005,97,9,88
118900006,248,2,246
118900007,9,0,9
118900008,1082,56,1026
118900009,62,60,2
118900010,80,14,66
118900011,224,21,203
118900012,347,257,90
118900013,1200,382,818
118900015,313,57,256
118900016,6,4,2
118900017,25,276,-251
118900018,1310,39,1271
118900019,8,31,-23
118900020,68,387,-319
118900021,161,673,-512
118900022,145,46,99
118900023,102,172,-70
118900024,103,201,-98
118900025,75,43,32
118900026,114,18,96
118900027,597,145,452
118900028,246,132,114
118900029,226,580,-354
118900030,691,61,630
118900031,133,29,104
118900032,478,109,369
118900033,317,804,-487
118900034,194,29,165
118900035,138,69,69
118900036,1377,571,806
118900037,295,619,-324
118900038,635,88,547
118900039,778,134,644
118900040,290,101,189
118900041,688,343,345
118900042,132,104,28
118900045,289,230,59
118900046,516,462,54
118900047,340,402,-62
118900048,118,769,-651
118900049,109,46,63
118900050,130,39,91
118900051,59,196,-137
118900052,299,683,-384
118900053,11,126,-115
118900054,229,41,188
118900055,119,15,104
118900056,53,340,-287
118900057,784,486,298
118900058,453,548,-95
118900059,24,158,-134
118900060,85,82,3
118900062,279,147,132
118900064,208,734,-526
118900065,62,159,-97
118900066,164,74,90
118900067,3413,4719,-1306
118900068,24,277,-253
118900069,810,193,617
118900071,16,15,1
118900072,952,620,332
118900073,290,80,210
118900074,243,47,196
118900075,189,24,165
118900076,329,305,24
118900077,363,146,217
118900078,9,3,6
118900079,75,99,-24
118900080,54,49,5
118900081,64,109,-45
118900082,1956,212,1744
118900083,51,2,49
118900084,20,31,-11
118900085,531,471,60
118900086,42,155,-113
118900087,106,700,-594
118900088,0,3,-3
118900089,34,26,8
118900090,503,176,327
118900091,120,268,-148
118900092,293,69,224
118900093,83,10,73
118900096,94,228,-134
118900097,302,440,-138
118900099,64,120,-56
118900100,97,237,-140
118900101,46,74,-28
118900102,44,101,-57
118900103,16,121,-105
118900104,71,32,39
118900105,214,63,151
118900107,92,43,49
118900108,86,60,26
118900110,1430,1067,363
118900111,876,331,545
118900112,208,329,-121
118900113,96,287,-191
118900114,28,267,-239
118900115,102,438,-336
118900116,90,213,-123
118900117,180,147,33
118900118,368,220,148
118900119,187,139,48
118900120,98,268,-170
118900121,36,61,-25
118900122,9,1053,-1044
118900123,193,226,-33
118900124,97,141,-44
118900126,46,476,-430
118900129,351,204,147
118900130,36,370,-334
118900131,385,105,280
118900132,348,170,178
118900133,12,194,-182
118900135,213,130,83
118900136,281,291,-10
118900137,32,99,-67
118900139,440,163,277
118900140,563,408,155
118900141,145,75,70
118900144,281,241,40
118900145,47,67,-20
118900146,380,416,-36
118900147,144,643,-499
118900148,62,49,13
118900150,105,577,-472
118900152,585,488,97
118900157,68,389,-321
118900158,127,35,92
118900159,5,99,-94
118900161,56,16,40
118900163,37,44,-7
118900164,8,32,-24
118900165,59,30,29
118900166,41,0,41
118900167,151,51,100
118900168,12,265,-253
118900169,119,71,48
118900170,243,21,222
118900171,51,52,-1
118900174,137,47,90
118900175,682,440,242
118900176,243,246,-3
118900177,86,13,73
118900178,134,90,44
118900179,2,6,-4
118900181,121,62,59
118900182,17,43,-26
118900183,70,145,-75
118900184,241,97,144
118900185,157,43,114
118900186,88,154,-66
118900187,157,456,-299
118900188,230,297,-67
118900189,26,757,-731
118900190,55,138,-83
118900191,473,16,457
118900192,488,12,476
118900193,1013,3,1010
118900195,145,321,-176
118900196,68,168,-100
118900197,377,39,338
118900198,48,1,47
118900199,127,4,123
118900200,20,16,4
118900201,27,73,-46
118900202,17,48,-31
118900203,45,6,39
118900204,31,16,15
118900205,3,12,-9
118900206,6,3,3
119000001,1729,2557,-828
119000002,3776,3524,252
119000003,4052,817,3235
119000004,3472,2034,1438
119000005,2802,3032,-230
119000006,5337,2045,3292
119000007,4492,4215,277
119000008,2169,1821,348
119000009,2912,7714,-4802
119000010,3980,4160,-180
119000011,2049,3237,-1188
119000012,1117,3394,-2277
119000013,3898,2351,1547
119000014,1337,2177,-840
119000019,325,160,165
119000020,3258,2045,1213
119000021,6870,4401,2469
119000022,1204,4162,-2958
119000023,295,292,3
119000024,2173,22531,-20358
119000025,3769,990,2779
119000026,57,857,-800
119000027,195,457,-262
119000028,1807,565,1242
119000029,72,287,-215
119000030,678,874,-196
119000031,1047,517,530
119000032,1955,1780,175
119000033,2265,1172,1093
119000034,1445,566,879
119000035,37,163,-126
119000036,3132,480,2652
119000037,1794,691,1103
119000038,277,358,-81
119000039,785,349,436
119000040,1123,1074,49
119000041,765,1577,-812
119000048,2499,1775,724
119000049,3696,1725,1971
119000050,1674,1389,285
119000051,3278,1100,2178
119000052,3935,2638,1297
119000053,2433,1192,1241
119000054,4296,1477,2819
119000055,6553,2329,4224
119000056,4408,1572,2836
119000057,2251,1043,1208
119000058,1941,1206,735
119000059,1187,1121,66
119000060,2010,854,1156
119000061,1112,622,490
119000062,1140,984,156
119000063,804,643,161
119000064,923,855,68
119000065,1382,3352,-1970
119000066,2470,1227,1243
119000067,2228,1619,609
119000068,2254,936,1318
119000069,2274,1576,698
119000070,3645,779,2866
119000071,450,529,-79
119000072,5099,2857,2242
119000073,4050,11344,-7294
119000074,1793,1539,254
119000075,4435,2340,2095
119000076,230,1647,-1417
119000077,542,597,-55
119000078,603,282,321
119000079,253,632,-379
119000080,1181,140,1041
119000081,266,267,-1
119000082,1152,269,883
119000083,883,560,323
119000084,394,287,107
119000085,581,130,451
119000086,407,851,-444
119000087,722,295,427
119000088,373,194,179
119000089,124,250,-126
119000090,171,62,109
119000091,104,287,-183
119000092,300,124,176
119000093,4267,2480,1787
119000094,5202,6123,-921
119000095,2748,4269,-1521
119000097,1905,903,1002
119000098,1651,5266,-3615
119000099,2593,1048,1545
119000100,5461,3327,2134
119000101,3628,1643,1985
119000102,546,1976,-1430
119000103,1002,712,290
119000104,1463,871,592
119000105,961,3355,-2394
119000106,441,682,-241
119000107,1609,658,951
119000108,835,520,315
119000109,175,716,-541
119000110,418,433,-15
119000111,68,1034,-966
119000112,215,150,65
119000113,1323,389,934
119000114,1957,1438,519
119000115,172,188,-16
119000116,106,112,-6
119000117,143,341,-198
119000118,5,0,5
119000123,2828,4442,-1614
119000124,1343,171,1172
119000125,6468,430,6038
119000126,2243,493,1750
119000127,1249,213,1036
119000128,11,1,10
119000131,1346,256,1090
119000132,1,2,-1
119000133,2,13,-11
119000134,1393,669,724
119000135,306,250,56
119000136,417,86,331
119000137,400,193,207
119000138,1154,75,1079
119000139,267,107,160
119000140,478,358,120
119000284,1069,1963,-894
119000285,1700,1190,510
119000286,3555,2872,683
119000287,1418,1461,-43
119000288,2095,919,1176
119000289,1146,3198,-2052
119000290,262,222,40
119000291,67,166,-99
119000293,151,225,-74
119000294,60,39,21
119000295,1390,178,1212
119000296,281,179,102
119000297,0,0,0
119000299,0,0,0
119000302,1559,1270,289
119000303,25,442,-417
119000304,0,0,0
119000310,0,0,0
119000314,1393,16178,-14785
119000315,0,128,-128
119000316,326,81,245
119000317,122,112,10
119900001,160,2435,-2275
119900002,202,193,9
119900003,30,532,-502
119900004,172,2973,-2801
119900005,280,80,200
119900006,160,500,-340
119900007,608,259,349
119900008,29,33,-4
119900009,523,312,211
119900010,611,670,-59
119900011,34,351,-317
119900012,11,162,-151
119900013,2161,1632,529
119900014,466,184,282
119900015,389,66,323
119900016,52,70,-18
119900017,50,68,-18
119900018,986,1428,-442
119900019,47,4,43
119900020,110,132,-22
119900021,268,49,219
119900022,111,1228,-1117
119900023,321,3609,-3288
119900025,492,45,447
119900026,502,193,309
119900027,28,33,-5
119900028,289,220,69
119900029,11,5,6
119900030,468,372,96
119900031,113,1093,-980
119900033,1372,319,1053
119900034,1233,54,1179
119900037,317,6,311
119900038,56,508,-452
119900039,93,15,78
119900040,176,26,150
119900041,199,9,190
119900042,159,373,-214
119900043,184,106,78
119900044,209,1165,-956
119900046,311,11,300
119900047,452,209,243
119900048,427,22,405
119900049,317,6,311
119900050,143,150,-7
119900051,1397,18,1379
119900052,100,17,83
119900053,343,114,229
119900054,504,15,489
119900055,1843,417,1426
119900057,332,26,306
119900058,474,11,463
119900059,84,25,59
119900060,379,34,345
119900061,364,10,354
119900062,171,14,157
119900063,2,86,-84
119900065,382,6,376
119900067,160,14,146
119900068,1074,2,1072
119900069,158,9,149
119900070,1056,5,1051
119900071,999,30,969
119900073,1303,448,855
119900074,18,28,-10
119900075,1456,2076,-620
119900076,1182,165,1017
119900077,1285,320,965
119900078,1290,720,570
119900079,824,113,711
119900080,625,381,244
119900081,1233,42,1191
119900082,1911,202,1709
119900083,363,68,295
119900084,357,341,16
119900085,96,26,70
119900086,536,464,72
119900087,521,845,-324
119900088,25,23,2
119900089,46,140,-94
119900090,96,29,67
119900091,92,189,-97
119900092,47,154,-107
119900093,1780,192,1588
119900094,49,122,-73
119900095,152,97,55
119900096,29,92,-63
119900097,187,183,4
119900098,49,37,12
119900099,21,99,-78
119900100,527,2932,-2405
119900101,118,1937,-1819
119900102,68,126,-58
119900103,65,119,-54
119900104,35,79,-44
119900105,536,2974,-2438
119900106,28,99,-71
119900107,190,949,-759
119900108,4284,646,3638
119900109,30,119,-89
119900110,841,337,504
119900111,161,86,75
119900112,570,842,-272
119900113,93,234,-141
119900114,299,415,-116
119900115,516,279,237
119900116,124,416,-292
119900117,501,287,214
119900118,190,199,-9
119900119,521,109,412
119900120,497,301,196
119900121,689,328,361
119900122,100,168,-68
119900123,231,310,-79
119900124,365,291,74
119900125,26,317,-291
119900126,2233,196,2037
119900127,718,463,255
119900128,549,368,181
119900129,452,135,317
119900130,15,192,-177
119900131,49,69,-20
119900132,20,84,-64
119900133,121,96,25
119900134,548,71,477
119900135,0,149,-149
119900136,116,242,-126
119900138,180,300,-120
119900139,7,136,-129
119900140,1,107,-106
119900141,58,1049,-991
119900142,7,18,-11
119900143,35,208,-173
119900144,1036,179,857
119900145,88,101,-13
119900146,127,157,-30
119900147,2,128,-126
119900148,465,40,425
119900149,498,6766,-6268
119900150,82,62,20
119900151,1420,859,561
119900152,225,157,68
119900153,248,35,213
119900154,43,136,-93
119900155,46,34,12
119900156,24,4,20
119900157,223,132,91
119900158,243,29,214
119900159,14,362,-348
119900160,42,62,-20
119900161,140,127,13
119900162,1473,789,684
119900163,76,115,-39
119900164,8,0,8
119900165,229,60,169
119900166,109,39,70
119900167,16,51,-35
119900168,1675,338,1337
119900169,43,308,-265
119900170,93,325,-232
119900171,966,274,692
119900172,64,22,42
119900173,7,141,-134
119900174,14,99,-85
119900175,2272,323,1949
119900177,16,86,-70
119900178,4,106,-102
119900179,203,881,-678
119900180,1262,732,530
119900181,14,134,-120
119900182,6,92,-86
119900183,125,431,-306
119900184,640,250,390
119900185,79,367,-288
119900186,13,1724,-1711
119900187,6,197,-191
119900188,179,317,-138
119900189,145,290,-145
119900190,103,343,-240
119900191,155,633,-478
119900192,65,126,-61
119900193,589,126,463
119900194,32,98,-66
119900195,30,88,-58
119900196,247,129,118
119900197,359,198,161
119900198,154,154,0
119900199,117,18,99
119900200,825,443,382
119900201,210,101,109
119900202,58,292,-234
119900203,204,708,-504
119900204,334,232,102
119900205,1353,296,1057
119900206,353,95,258
119900208,109,135,-26
119900209,681,2064,-1383
119900210,52,37,15
119900211,130,2,128
119900212,520,369,151
119900213,10,105,-95
119900214,161,42,119
119900215,84,32,52
119900216,40,19,21
119900217,37,21,16
119900218,30,147,-117
119900219,13,73,-60
119900220,17,21,-4
119900221,94,74,20
119900222,68,81,-13
119900223,19,29,-10
119900224,21,19,2
119900225,333,39,294
119900226,220,1990,-1770
119900227,313,176,137
119900228,25,210,-185
119900229,204,243,-39
119900230,905,231,674
119900231,418,65,353
119900232,215,111,104
119900233,155,10,145
119900234,22,99,-77
119900235,18,35,-17
119900236,51,145,-94
119900237,91,328,-237
119900238,1,44,-43
119900240,154,60,94
119900241,175,140,35
119900242,1323,1358,-35
119900244,591,989,-398
119900245,175,215,-40
119900246,254,665,-411
119900247,20,121,-101
119900248,40,399,-359
119900249,463,105,358
119900253,1243,321,922
119900254,82,1456,-1374
119900255,169,1147,-978
119900256,1099,275,824
119900257,145,11,134
119900258,252,12,240
119900259,17,49,-32
119900260,208,19,189
119900261,616,83,533
119900262,0,111,-111
119900263,1881,241,1640
119900264,218,73,145
119900265,602,238,364
119900266,510,153,357
119900267,163,248,-85
119900268,379,71,308
119900269,1379,451,928
119900271,27,66,-39
119900272,253,428,-175
119900275,217,31,186
119900276,202,8,194
119900277,18,7,11
119900278,348,86,262
119900279,82,308,-226
119900280,542,62,480
119900281,2,448,-446
119900282,30,197,-167
119900283,31,75,-44
119900284,33,139,-106
119900285,1,68,-67
119900286,4,11,-7
119900288,0,4,-4
119900289,3,4,-1
119900290,2,5,-3
119900291,0,47,-47
119900292,63,69,-6
119900293,39,34,5
119900294,47,34,13
119900295,70,17,53
119900296,89,42,47
119900297,0,15,-15
119900298,10,14,-4
119900299,120,117,3
119900300,339,213,126
119900301,37,153,-116
119900302,31,91,-60
119900303,447,382,65
119900304,241,60,181
119900305,6,51,-45
119900306,31,3,28
119900307,58,32,26
119900308,4,34,-30
119900309,54,324,-270
119900310,228,278,-50
119900311,184,42,142
119900312,217,59,158
119900313,344,186,158
119900314,260,453,-193
119900315,2679,974,1705
119900318,27,91,-64
119900319,35,139,-104
119900320,306,190,116
119900321,209,2,207
120000001,7395,34723,-27328
120000002,2868,2751,117
120000003,2472,1333,1139
120000004,2872,1315,1557
120000005,2617,1586,1031
120000006,1902,1174,728
120000007,2622,5750,-3128
120000008,946,1360,-414
120000009,1599,858,741
120000010,2584,2251,333
120000011,1182,1235,-53
120000012,1844,1635,209
120000013,4753,2827,1926
120000014,1050,1312,-262
120000015,3151,1538,1613
120000016,5427,2344,3083
120000017,5502,4547,955
120000018,3558,20455,-16897
120000019,1463,2052,-589
120000020,2848,4491,-1643
120000021,2192,2740,-548
120000022,3075,4169,-1094
120000023,1901,1719,182
120000024,1457,2414,-957
120000025,3638,1860,1778
120000026,4610,2098,2512
120000027,3347,2904,443
120000028,1062,4038,-2976
120000029,901,2284,-1383
120000030,178,933,-755
120000031,2266,5922,-3656
120000032,4752,2996,1756
120000033,4925,1396,3529
120000034,3786,1137,2649
120000035,4146,2159,1987
120000036,4287,5941,-1654
120000037,800,2271,-1471
120000038,3945,3368,577
120000039,1034,1033,1
120000040,99,1131,-1032
120000041,625,1327,-702
120000042,2142,1776,366
120000043,5349,1163,4186
120000044,7247,1306,5941
120000045,10678,827,9851
120000046,6483,3654,2829
120000047,480,10831,-10351
120000048,8711,5062,3649
120000049,5225,3811,1414
120000050,4174,5537,-1363
120000051,2554,4806,-2252
120000052,7751,1652,6099
120000053,2096,1716,380
120000054,1605,2324,-719
120000055,1811,3311,-1500
120000056,5094,3659,1435
120000057,5177,2363,2814
120000058,1475,2890,-1415
120000059,8,2088,-2080
120000061,134,538,-404
120000062,178,384,-206
120000063,684,2118,-1434
120000064,279,675,-396
120000065,380,742,-362
120000066,261,333,-72
120000067,13,232,-219
120000068,343,405,-62
120000069,683,397,286
120000070,190,385,-195
120000071,1000,104,896
120000072,1094,458,636
120000073,1213,97,1116
120000074,96,188,-92
120000075,1342,459,883
120000076,3149,384,2765
120000077,2929,739,2190
120000078,3151,1433,1718
120000079,837,371,466
120000080,413,477,-64
120000081,650,283,367
120000082,649,425,224
120000083,182,1268,-1086
120000084,346,399,-53
120000085,272,369,-97
120000086,400,395,5
120000087,263,248,15
120000088,1023,758,265
120000089,1310,404,906
120000090,1051,366,685
120000091,1387,842,545
120000092,1427,561,866
120000093,1104,618,486
120000094,376,1059,-683
120000095,1029,328,701
120000096,383,411,-28
120000098,1080,439,641
120000099,433,452,-19
120000100,933,586,347
120000101,856,309,547
120000102,1081,1205,-124
120000103,1899,1136,763
120000104,2690,487,2203
120000105,3776,562,3214
120000106,3759,612,3147
120000107,7047,621,6426
120000108,2520,110,2410
120000109,1476,80,1396
120000110,38,541,-503
120000111,114,638,-524
120000112,626,1311,-685
120000113,525,1080,-555
120000114,460,1343,-883
120000115,344,1302,-958
120000116,553,1279,-726
120000117,564,951,-387
120000118,67,60,7
120000119,41,36,5
120000120,233,208,25
120000121,28,44,-16
120000122,261,1055,-794
120000123,2492,11650,-9158
120000124,659,497,162
120000125,1181,461,720
120000126,352,2288,-1936
120000127,1411,2329,-918
120000128,2494,6160,-3666
120000129,257,261,-4
120000130,1112,488,624
120000131,711,692,19
120000134,409,320,89
120000135,1450,586,864
120000137,315,244,71
120000138,2386,180,2206
120000139,382,213,169
120000140,1673,216,1457
120000141,315,564,-249
120000142,1109,392,717
120000143,2,54,-52
120000144,180,7,173
120000145,971,11,960
120000146,1257,2302,-1045
120000149,577,726,-149
120000150,2173,14334,-12161
120000151,682,446,236
120000152,948,126,822
120000153,630,544,86
120000154,941,859,82
120000155,265,451,-186
120000156,387,3198,-2811
120000157,1187,565,622
120000158,1250,692,558
120000159,2193,1801,392
120000160,2610,2169,441
120000161,4299,2655,1644
120000162,202,470,-268
120000163,1079,504,575
120000164,983,149,834
120000165,949,292,657
120000166,1834,275,1559
120000167,366,267,99
120000168,10,984,-974
120000169,131,3171,-3040
120000170,21,3875,-3854
120000171,17,1622,-1605
120000172,17,1027,-1010
120000173,359,3631,-3272
120000174,50,83,-33
120000175,52,196,-144
120000176,44,88,-44
120000177,680,115,565
120000178,6,20,-14
120000179,42,94,-52
120000180,60,63,-3
120000181,59,2216,-2157
120000182,41,1558,-1517
120000183,5,493,-488
120000184,436,1492,-1056
120000186,40,3654,-3614
120000187,39,1566,-1527
120000188,26,1393,-1367
120000190,87,104,-17
120000191,117,170,-53
120000192,127,40,87
120000193,31,3,28
120000195,8,2,6
120000196,19,10,9
120000197,11,12,-1
120000198,355,38,317
120000199,514,0,514
120000200,407,3,404
120000201,58,84,-26
120000202,2,42,-40
120000203,199,122,77
120000207,2,49,-47
120000208,19,52,-33
120000209,44,28,16
120000210,68,38,30
120000211,365,1,364
120000212,391,1,390
120000213,292,94,198
120000214,0,183,-183
120000215,1,67,-66
120000216,266,37,229
120000217,260,995,-735
120000218,41,471,-430
120000219,1,349,-348
120000220,3,667,-664
120000225,3180,3,3177
120000226,834,10,824
120000227,1435,91,1344
120000228,17141,6206,10935
120000230,670,38,632
120000231,2488,747,1741
120000233,549,10,539
120000235,447,340,107
120000236,1509,3,1506
120000237,0,720,-720
120000238,1,1672,-1671
120000241,1571,5707,-4136
120000412,269,53,216
120000413,693,113,580
120000414,491,4,487
120000415,1,31,-30
120000416,195,2,193
120000417,15,86,-71
120000418,391,13,378
120000419,6,45,-39
120000420,47,16,31
120000421,7452,4122,3330
120000422,104,2686,-2582
120000423,9,78,-69
120000424,368,93,275
120000436,118,1199,-1081
120000437,95,130,-35
120000438,1660,240,1420
120000439,401,707,-306
120000443,170,0,170
120000444,2084,353,1731
120000445,2878,1316,1562
120000446,1837,216,1621
120000447,356,3,353
120000449,403,0,403
120000450,12,94,-82
120000451,315,163,152
120000452,205,4,201
120000453,0,60,-60
120000454,40,103,-63
120000455,199,54,145
120000456,2876,5994,-3118
120000457,452,370,82
120000458,381,364,17
120000459,230,100,130
120000665,225,461,-236
120000668,176,2802,-2626
120000669,348,153,195
120000670,99,1778,-1679
120000671,3407,1048,2359
120000672,122,474,-352
120900001,103,80,23
120900002,119,859,-740
120900003,220,13,207
120900004,22,156,-134
120900005,17,316,-299
120900006,1081,301,780
120900007,286,63,223
120900008,482,458,24
120900009,601,28,573
120900010,1033,187,846
120900011,84,348,-264
120900012,61,1649,-1588
120900013,436,100,336
120900014,1,293,-292
120900015,1107,140,967
120900016,2206,95,2111
120900017,1556,38,1518
120900018,183,177,6
120900019,612,515,97
120900020,773,1234,-461
120900021,874,242,632
120900022,25,272,-247
120900023,615,31,584
120900024,1686,405,1281
120900025,1172,1137,35
120900026,191,152,39
120900027,997,37,960
120900028,840,197,643
120900029,88,1296,-1208
120900030,3591,891,2700
120900031,499,111,388
120900032,1836,124,1712
120900033,1853,154,1699
120900034,21,5000,-4979
120900035,18,36,-18
120900037,477,15,462
120900038,242,656,-414
120900039,283,53,230
120900040,671,4,667
120900041,33,46,-13
120900042,865,42,823
120900043,207,62,145
120900044,8,557,-549
120900045,92,44,48
120900046,1155,6,1149
120900047,409,292,117
120900048,290,61,229
120900049,797,3,794
120900050,1128,3318,-2190
120900051,484,92,392
120900052,1286,5,1281
120900053,764,51,713
120900054,699,323,376
120900055,984,5,979
120900056,1629,52,1577
120900057,455,35,420
120900058,1120,0,1120
120900059,236,6,230
120900060,99,30,69
120900061,271,140,131
120900062,481,2,479
120900063,1764,19,1745
120900064,1055,3,1052
120900065,1006,1,1005
120900066,766,162,604
120900067,385,111,274
120900068,456,5,451
120900069,882,26,856
120900071,18,2,16
120900072,2069,14,2055
120900073,1304,54,1250
120900074,1523,65,1458
120900076,595,2,593
120900077,1296,202,1094
120900078,1231,415,816
120900079,1752,65,1687
120900080,1632,477,1155
120900081,2019,411,1608
120900082,300,496,-196
120900083,138,46,92
120900084,1002,780,222
120900085,58,170,-112
120900086,73,726,-653
120900087,480,406,74
120900088,227,889,-662
120900089,1386,5201,-3815
120900090,393,23,370
120900091,513,1141,-628
120900092,373,315,58
120900093,1029,109,920
120900094,212,133,79
120900095,315,12,303
120900096,101,139,-38
120900097,664,484,180
120900098,101,118,-17
120900099,86,79,7
120900100,41,155,-114
120900101,163,127,36
120900102,79,54,25
120900103,79,215,-136
120900104,35,120,-85
120900105,40,246,-206
120900106,483,197,286
120900107,138,111,27
120900108,29,249,-220
120900109,23,211,-188
120900110,44,221,-177
120900111,182,180,2
120900112,44,369,-325
120900113,21,287,-266
120900114,23,148,-125
120900115,170,249,-79
120900116,703,149,554
120900117,15,112,-97
120900118,50,235,-185
120900119,12922,3321,9601
120900120,92,489,-397
120900121,54,257,-203
120900122,1179,125,1054
120900123,10,142,-132
120900124,0,183,-183
120900125,6,324,-318
120900126,596,527,69
120900127,26,169,-143
120900128,490,809,-319
120900129,24,161,-137
120900130,8,206,-198
120900131,380,77,303
120900132,1414,93,1321
120900133,60,368,-308
120900134,183,281,-98
120900135,3,201,-198
120900136,78,68,10
120900137,468,74,394
120900138,22,170,-148
120900139,2,270,-268
120900140,0,74,-74
120900141,259,202,57
120900142,4,116,-112
120900143,1,251,-250
120900144,0,35,-35
120900145,132,509,-377
120900146,0,299,-299
120900147,35,470,-435
120900148,215,97,118
120900149,0,66,-66
120900150,112,176,-64
120900151,0,191,-191
120900152,10,8,2
120900153,0,0,0
120900154,1,78,-77
120900155,284,326,-42
120900156,173,162,11
120900157,4,9,-5
120900158,76,166,-90
120900159,8,32,-24
120900160,19,319,-300
120900161,85,232,-147
120900162,110,485,-375
120900163,378,1391,-1013
120900164,0,127,-127
120900165,2,461,-459
120900166,73,963,-890
120900167,139,51,88
120900169,197,157,40
120900170,281,5741,-5460
120900171,334,171,163
120900172,160,3283,-3123
120900173,17,29,-12
120900174,3,120,-117
120900175,122,92,30
120900176,83,390,-307
120900177,6,1839,-1833
120900178,0,955,-955
120900179,261,214,47
120900180,75,185,-110
120900181,41,34,7
120900182,25,145,-120
120900183,1239,63,1176
120900184,554,72,482
120900185,1510,2390,-880
120900186,0,123,-123
120900187,724,997,-273
120900188,481,16,465
120900189,155,5517,-5362
120900190,287,4,283
120900191,88,23,65
120900192,4972,17991,-13019
120900194,43,117,-74
120900195,78,156,-78
120900196,631,65,566
120900197,963,155,808
120900198,220,315,-95
120900199,425,443,-18
120900200,20,127,-107
120900201,189,95,94
120900202,1,92,-91
120900203,47,56,-9
120900204,80,104,-24
120900205,36,13,23
120900206,159,100,59
120900207,30,576,-546
121000001,608,2757,-2149
121000002,2964,2359,605
121000003,6022,2288,3734
121000004,2828,3452,-624
121000005,2099,2960,-861
121000006,3781,3736,45
121000007,2398,8743,-6345
121000008,4447,7860,-3413
121000009,4901,11396,-6495
121000010,7876,9683,-1807
121000011,7612,14133,-6521
121000012,13340,9054,4286
121000013,7633,9298,-1665
121000014,6679,6164,515
121000015,6563,11470,-4907
121000016,5178,5194,-16
121000017,2552,2002,550
121000018,3967,1974,1993
121000019,8433,7603,830
121000020,12405,16787,-4382
121000021,1665,1580,85
121000022,2692,3389,-697
121000023,2591,974,1617
121000024,5430,5186,244
121000025,449,1670,-1221
121000026,532,251,281
121000027,2078,1740,338
121000028,1142,1264,-122
121000029,936,758,178
121000030,907,556,351
121000031,746,976,-230
121000032,267,159,108
121000034,412,588,-176
121000035,249,265,-16
121000036,985,1346,-361
121000037,541,2221,-1680
121000038,447,1481,-1034
121000039,220,537,-317
121000041,592,741,-149
121000042,240,403,-163
121000043,610,1044,-434
121000044,1651,1763,-112
121000045,411,297,114
121000046,958,985,-27
121000047,38,61,-23
121000049,1007,933,74
121000050,343,2871,-2528
121000051,812,410,402
121000052,559,1583,-1024
121000053,383,164,219
121000054,40,494,-454
121000055,1012,4739,-3727
121000056,1128,1535,-407
121000057,241,934,-693
121000058,178,220,-42
121000059,4037,1762,2275
121000060,655,1481,-826
121000061,78,488,-410
121000062,211,1009,-798
121000063,1177,1584,-407
121000064,778,1186,-408
121000065,202,1432,-1230
121000066,861,2011,-1150
121000067,500,986,-486
121000068,626,829,-203
121000069,161,1608,-1447
121000070,1452,1809,-357
121000071,1684,2522,-838
121000072,1249,1333,-84
121000073,1211,2201,-990
121000074,87,308,-221
121000075,14,205,-191
121000076,376,449,-73
121000077,197,210,-13
121000078,75,260,-185
121000080,2342,725,1617
121000081,4624,4568,56
121000082,112,633,-521
121000083,128,272,-144
121000084,244,311,-67
121000085,571,635,-64
121000086,1565,648,917
121000087,114,342,-228
121000088,869,874,-5
121000089,240,1083,-843
121000090,257,650,-393
121000091,1505,1465,40
121000092,263,86,177
121000093,241,310,-69
121000094,396,945,-549
121000095,185,1534,-1349
121000096,8104,3663,4441
121000097,661,3968,-3307
121000098,803,500,303
121000099,969,691,278
121000100,912,271,641
121000101,469,266,203
121000102,334,151,183
121000103,231,179,52
121000104,253,66,187
121000105,485,84,401
121000106,394,189,205
121000107,1778,3331,-1553
121000109,1354,897,457
121000110,211,926,-715
121000114,5914,2945,2969
121000115,5619,1068,4551
121000116,425,1845,-1420
121000117,322,458,-136
121000118,1956,367,1589
121000119,403,344,59
121000120,562,396,166
121000121,495,2181,-1686
121000123,866,572,294
121000127,121,148,-27
121000128,1263,174,1089
121000129,1214,257,957
121000130,706,610,96
121000131,1179,1017,162
121000132,777,1545,-768
121000135,317,358,-41
121000136,1126,1717,-591
121000137,900,438,462
121000138,696,1791,-1095
121000139,315,844,-529
121000141,313,251,62
121000142,706,1178,-472
121000143,215,36,179
121000144,544,1091,-547
121000145,711,1339,-628
121000146,1243,2064,-821
121000147,1160,906,254
121000148,1022,1188,-166
121000149,2424,3245,-821
121000152,383,346,37
121000153,1581,573,1008
121000154,2251,670,1581
121000155,3217,1521,1696
121000156,449,1329,-880
121000157,936,1361,-425
121000158,406,347,59
121000159,259,488,-229
121000160,356,580,-224
121000161,397,383,14
121000162,178,79,99
121000165,1276,2373,-1097
121000166,46,513,-467
121000168,478,398,80
121000169,125,259,-134
121000170,348,92,256
121000171,90,236,-146
121000172,1399,1324,75
121000173,2165,1865,300
121000174,855,927,-72
121000175,2366,766,1600
121000176,578,429,149
121000177,882,843,39
121000178,63,101,-38
121000179,31,70,-39
121000181,557,441,116
121000182,193,508,-315
121000183,132,167,-35
121000184,39,221,-182
121000185,47,477,-430
121000186,314,1020,-706
121000187,363,130,233
121000188,467,100,367
121000192,758,519,239
121000193,800,445,355
121000194,2235,2269,-34
121000195,372,2030,-1658
121000196,710,711,-1
121000197,110,2321,-2211
121000198,193,346,-153
121000199,162,353,-191
121000200,765,284,481
121000201,13,309,-296
121000202,805,221,584
121000203,706,2918,-2212
121000204,3515,930,2585
121000205,117,397,-280
121000206,121,132,-11
121000207,2513,700,1813
121000208,14,372,-358
121000209,820,99,721
121000210,991,290,701
121000211,536,250,286
121000212,606,801,-195
121000213,24143,3855,20288
121000214,1326,2589,-1263
121000215,985,3532,-2547
121000216,644,702,-58
121000217,4458,4432,26
121000218,577,3107,-2530
121000219,1962,1149,813
121000220,190,86,104
121000221,181,680,-499
121000222,4762,3781,981
121000223,271,1884,-1613
121000224,135,711,-576
121000225,644,5383,-4739
121000226,1101,2079,-978
121000227,39,186,-147
121000228,36,865,-829
121000229,446,708,-262
121000230,58,3224,-3166
121000231,2211,37,2174
121000232,619,549,70
121000233,744,498,246
121000234,20,87,-67
121000235,33,73,-40
121000236,6,123,-117
121000237,43,22,21
121000238,2,101,-99
121000239,104,7,97
121000240,8,205,-197
121000241,97,15,82
121000242,80,679,-599
121000243,234,97,137
121000244,11,130,-119
121000245,44,26,18
121000246,1,146,-145
121000247,216,5,211
121000248,596,1785,-1189
121000249,58,308,-250
121000250,671,479,192
121000251,8,264,-256
121000252,150,101,49
121000253,413,547,-134
121000254,1016,255,761
121000255,137,326,-189
121000256,370,272,98
121000257,37,156,-119
121000258,51,180,-129
121000259,51,145,-94
121000260,78,220,-142
121000261,98,169,-71
121000262,2984,446,2538
121000263,588,454,134
121000271,2067,2783,-716
121000273,47,14,33
121000274,21,148,-127
121000275,1,25,-24
121000276,29,77,-48
121000278,52,42,10
121000279,24,51,-27
121000280,31,21,10
121000289,586,19,567
121000290,2309,2201,108
121000294,296,34,262
121000297,446,1300,-854
121000299,135,2716,-2581
121000300,2431,1085,1346
121000302,22,776,-754
121000303,609,289,320
121000304,633,93,540
121000305,369,109,260
121000306,338,297,41
121000308,76,307,-231
121000309,265,459,-194
121000310,147,320,-173
121000311,57,390,-333
121000312,705,494,211
121000313,351,298,53
121000314,62,93,-31
121000315,45,69,-24
121000530,2227,2601,-374
121000531,2377,1788,589
121000532,6232,8359,-2127
121000533,4085,5233,-1148
121000918,19,76,-57
121000919,48,86,-38
121000938,100,120,-20
121000939,45,253,-208
121000956,1984,1876,108
121000957,4,23,-19
121000958,3,199,-196
121000959,1490,318,1172
121000960,1538,1797,-259
121000961,389,118,271
121000962,1173,635,538
121000973,1,398,-397
121000976,12,114,-102
121000979,618,192,426
121000981,470,179,291
121000982,551,239,312
121000983,550,297,253
121000984,19,115,-96
121000985,1197,351,846
121000986,497,152,345
121000987,234,645,-411
121000988,1368,192,1176
121001302,287,193,94
121001308,0,79,-79
121001309,26,451,-425
121001311,0,0,0
121001313,292,51,241
121001314,1613,1725,-112
121001315,7062,4994,2068
121001326,783,452,331
121900001,196,439,-243
121900002,14,90,-76
121900003,546,34,512
121900004,74,714,-640
121900005,37,6,31
121900006,159,23,136
121900007,2280,1754,526
121900008,75,513,-438
121900009,1295,27,1268
121900010,329,4,325
121900011,244,179,65
121900012,12,0,12
121900013,325,101,224
121900014,2425,449,1976
121900015,229,209,20
121900016,7,22,-15
121900017,911,941,-30
121900018,685,9,676
121900019,691,192,499
121900020,135,38,97
121900021,1137,30,1107
121900022,247,304,-57
121900023,155,402,-247
121900024,570,63,507
121900025,608,681,-73
121900026,543,153,390
121900027,557,207,350
121900028,236,12,224
121900029,140,297,-157
121900030,441,764,-323
121900031,1699,6999,-5300
121900032,116,35,81
121900033,263,446,-183
121900034,230,277,-47
121900035,7146,4102,3044
121900036,177,557,-380
121900037,117,1598,-1481
121900038,52,92,-40
121900039,336,61,275
121900040,52,124,-72
121900041,65,395,-330
121900042,429,236,193
121900043,3,5,-2
121900044,100,28,72
121900046,201,303,-102
121900047,288,160,128
121900048,61,49,12
121900050,24,178,-154
121900051,179,338,-159
121900052,280,74,206
121900053,647,323,324
121900054,370,2019,-1649
121900055,6,12,-6
121900058,455,513,-58
121900059,412,178,234
121900060,160,775,-615
121900061,118,103,15
121900062,94,112,-18
121900063,1668,727,941
121900064,387,770,-383
121900066,58,14,44
121900067,64,26,38
121900069,175,249,-74
121900070,163,262,-99
121900071,1041,393,648
121900072,97,201,-104
121900073,247,481,-234
121900074,426,640,-214
121900075,304,1111,-807
121900076,471,1138,-667
121900078,90,14,76
121900079,0,0,0
121900080,919,309,610
121900082,97,172,-75
121900084,31,27,4
121900086,17,61,-44
121900087,86,255,-169
121900088,1532,3057,-1525
121900089,278,242,36
121900090,70,75,-5
121900091,82,41,41
121900092,150,113,37
121900093,57,47,10
121900094,40,18,22
121900095,404,189,215
121900096,1109,911,198
121900097,853,180,673
121900098,6,0,6
121900099,288,27,261
121900100,76,345,-269
121900101,128,121,7
121900102,1,115,-114
121900103,436,398,38
121900104,2005,561,1444
121900105,353,178,175
121900106,11,9,2
121900107,68,16,52
121900108,1,27,-26
121900109,287,231,56
121900110,872,556,316
121900111,673,338,335
121900112,110,363,-253
121900113,59,501,-442
121900114,113,87,26
121900117,182,155,27
121900118,3521,924,2597
121900119,176,79,97
121900120,43,909,-866
121900121,603,44,559
121900122,57,59,-2
121900123,242,479,-237
121900124,405,237,168
121900125,3817,1723,2094
121900127,3,166,-163
121900128,101,92,9
121900129,181,287,-106
121900130,145,406,-261
121900131,378,195,183
121900132,83,93,-10
121900133,23,908,-885
121900134,12,728,-716
121900135,5860,586,5274
121900136,482,211,271
121900137,36,390,-354
121900138,67,164,-97
121900139,363,6288,-5925
121900140,57,328,-271
121900141,102,32,70
121900142,124,59,65
121900143,24,143,-119
121900144,205,1244,-1039
121900145,199,287,-88
121900146,504,975,-471
121900147,66,582,-516
121900148,323,483,-160
121900149,322,593,-271
121900150,63,211,-148
121900151,73,607,-534
121900152,202,89,113
121900153,27,233,-206
121900154,14,727,-713
121900155,2,300,-298
121900156,99,331,-232
121900157,2,482,-480
121900158,101,178,-77
121900159,3,266,-263
121900160,68,548,-480
121900161,187,843,-656
121900162,105,146,-41
121900163,511,200,311
121900164,206,552,-346
121900165,165,274,-109
121900166,118,233,-115
121900167,64,93,-29
121900168,97,161,-64
121900169,41,283,-242
121900170,36,136,-100
121900171,1166,1164,2
121900172,925,510,415
121900173,857,463,394
121900174,39,70,-31
121900175,78,622,-544
121900176,678,2410,-1732
121900177,124,127,-3
121900178,66,108,-42
121900179,486,542,-56
121900180,2008,6637,-4629
121900182,769,1536,-767
121900183,521,1897,-1376
121900184,56,1836,-1780
121900186,27,800,-773
121900187,26,176,-150
121900188,952,274,678
121900189,63,38,25
121900190,276,488,-212
121900191,71,986,-915
121900192,230,4082,-3852
121900193,77,613,-536
121900194,13,312,-299
121900195,28,61,-33
121900196,1106,1154,-48
121900197,356,1175,-819
121900198,6122,3336,2786
121900199,1,34,-33
121900200,111,222,-111
121900201,1129,773,356
121900202,142,856,-714
121900203,104,2580,-2476
121900204,1869,1719,150
121900205,18,227,-209
121900206,21,103,-82
121900207,60,57,3
121900208,91,927,-836
121900209,64,51,13
121900210,3860,2401,1459
121900211,1336,516,820
121900212,87,184,-97
121900213,465,48,417
121900214,5,524,-519
121900215,47,214,-167
121900216,39,247,-208
121900217,376,292,84
121900218,212,1570,-1358
121900220,129,28,101
121900221,719,756,-37
121900222,323,107,216
121900223,195,194,1
121900224,158,123,35
121900225,109,284,-175
121900226,340,43,297
121900227,468,2318,-1850
121900228,140,169,-29
121900230,75,474,-399
121900231,47,2040,-1993
121900232,124,494,-370
121900233,431,236,195
121900234,281,210,71
121900235,716,185,531
121900236,306,229,77
121900237,201,806,-605
121900238,209,467,-258
121900239,211,74,137
121900240,163,198,-35
121900241,52,47,5
121900242,14,0,14
121900243,20,1,19
121900244,12,7,5
121900245,463,171,292
121900246,11155,749,10406
121900248,2128,1110,1018
121900250,196,724,-528
121900251,793,30,763
121900252,390,182,208
121900253,89,1705,-1616
121900254,311,766,-455
121900255,614,187,427
121900258,6259,1566,4693
121900259,193,721,-528
121900260,79,103,-24
121900261,108,986,-878
121900262,1281,1739,-458
121900263,301,248,53
121900264,960,936,24
121900265,472,123,349
121900266,748,125,623
121900267,88,51,37
121900269,260,1079,-819
121900270,50,220,-170
121900271,48,249,-201
121900273,441,2084,-1643
121900274,378,478,-100
121900277,338,1614,-1276
121900278,91,2020,-1929
121900279,198,265,-67
121900280,81,760,-679
121900281,98,763,-665
121900284,51,2,49
121900286,180,106,74
121900287,21,26,-5
121900288,2,26,-24
121900290,266,2200,-1934
121900291,469,1648,-1179
121900292,223,252,-29
121900293,923,6974,-6051
121900294,591,6,585
121900295,126,145,-19
121900296,100,341,-241
121900298,127,1503,-1376
121900299,6,18,-12
121900300,68,15,53
121900301,55,2,53
121900302,5,152,-147
121900303,205,896,-691
121900304,2,28,-26
121900305,5,27,-22
121900306,366,3,363
121900307,198,3,195
121900308,6,117,-111
121900309,10,98,-88
121900310,10,163,-153
121900311,894,30,864
121900312,694,15,679
121900313,630,16,614
121900314,3,16,-13
121900315,59,0,59
121900316,1,13,-12
121900317,53,15,38
121900318,2,7,-5
121900319,61,345,-284
121900320,38,33,5
121900321,32,4,28
121900322,2,7,-5
121900323,98,17,81
121900324,4,43,-39
121900325,33,13,20
121900326,14,15,-1
121900327,4,47,-43
121900328,3,32,-29
121900329,1,70,-69
121900330,1,195,-194
121900331,13,17,-4
121900332,73,21,52
121900333,75,2,73
121900334,62,55,7
122000001,1400,7268,-5868
122000002,2502,1399,1103
122000003,1319,3370,-2051
122000004,1422,1522,-100
122000005,8345,3425,4920
122000006,837,2170,-1333
122000007,773,2716,-1943
122000008,1195,4568,-3373
122000009,982,815,167
122000010,4132,4268,-136
122000011,10217,3971,6246
122000012,804,7416,-6612
122000013,738,3798,-3060
122000014,8434,2799,5635
122000015,1271,1313,-42
122000016,567,975,-408
122000017,1859,2003,-144
122000018,3955,3137,818
122000019,1256,3372,-2116
122000020,193,971,-778
122000021,218,566,-348
122000022,1828,2623,-795
122000023,1532,2710,-1178
122000024,622,4871,-4249
122000025,645,6007,-5362
122000026,385,2165,-1780
122000027,728,1126,-398
122000028,2501,1010,1491
122000029,253,1497,-1244
122000030,210,301,-91
122000031,158,483,-325
122000032,11261,5384,5877
122000033,391,7810,-7419
122000034,395,1552,-1157
122000035,287,835,-548
122000036,643,851,-208
122000037,1934,520,1414
122000038,406,948,-542
122000039,669,1991,-1322
122000040,345,459,-114
122000041,1376,1714,-338
122000042,514,1337,-823
122000043,117,282,-165
122000044,132,189,-57
122000045,3883,1961,1922
122000046,1142,2352,-1210
122000047,84,410,-326
122000048,2465,4225,-1760
122000049,9471,4453,5018
122000050,633,1716,-1083
122000051,165,658,-493
122000052,627,667,-40
122000053,296,1150,-854
122000054,1729,2924,-1195
122000055,1794,5293,-3499
122000056,3158,3282,-124
122000057,6228,5579,649
122000058,792,3454,-2662
122000059,992,7027,-6035
122000060,278,2075,-1797
122000061,212,1418,-1206
122000062,511,274,237
122000063,444,2556,-2112
122000064,3327,9699,-6372
122000065,2777,4513,-1736
122000066,329,1640,-1311
122000067,1280,2809,-1529
122000068,3827,1444,2383
122000069,1745,2122,-377
122000070,1444,1679,-235
122000071,6298,1567,4731
122000072,2274,1678,596
122000073,250,3570,-3320
122000074,3334,2013,1321
122000075,1550,1226,324
122000076,15784,3485,12299
122000077,639,3857,-3218
122000078,607,7764,-7157
122000079,294,4939,-4645
122000080,513,1347,-834
122000081,89,458,-369
122000082,298,2185,-1887
122000083,8307,1041,7266
122000084,7836,2046,5790
122000085,419,1051,-632
122000086,4414,9428,-5014
122000087,309,532,-223
122000088,68,304,-236
122000089,8120,3310,4810
122000090,430,1724,-1294
122000091,126,950,-824
122000092,47,147,-100
122000093,1954,7205,-5251
122000094,8375,4105,4270
122000095,794,6821,-6027
122000096,251,3761,-3510
122000098,5272,5986,-714
122000099,697,2766,-2069
122000100,907,1324,-417
122000101,460,532,-72
122000102,4337,1324,3013
122000103,1671,2177,-506
122000104,3306,205,3101
122000105,571,987,-416
122000106,584,3346,-2762
122000107,1611,697,914
122000108,925,1026,-101
122000109,668,372,296
122000110,1099,1104,-5
122000111,6128,2251,3877
122000112,2836,2148,688
122000113,1182,1099,83
122000114,2251,5121,-2870
122000115,2798,1653,1145
122000116,394,668,-274
122000117,1469,434,1035
122000118,816,604,212
122000119,2918,1735,1183
122000120,768,3312,-2544
122000121,670,1950,-1280
122000122,310,816,-506
122000123,1246,1675,-429
122000124,714,599,115
122000125,468,635,-167
122000126,360,689,-329
122000127,417,584,-167
122000128,256,448,-192
122000129,460,2267,-1807
122000130,2799,1302,1497
122000131,1072,1030,42
122000132,198,554,-356
122000133,620,870,-250
122000134,1277,752,525
122000135,438,255,183
122000136,1125,624,501
122000137,1868,797,1071
122000139,941,4413,-3472
122000140,303,2423,-2120
122000141,5001,3765,1236
122000142,166,3943,-3777
122000143,278,608,-330
122000144,1544,1424,120
122000145,778,1655,-877
122000146,652,4930,-4278
122000147,651,1174,-523
122000148,504,2246,-1742
122000149,1868,1360,508
122000150,1687,1073,614
122000151,149,568,-419
122000152,417,494,-77
122000153,521,586,-65
122000154,349,265,84
122000155,1837,3027,-1190
122000156,12160,6304,5856
122000157,816,12297,-11481
122000158,319,1272,-953
122000159,609,1342,-733
122000160,2064,1835,229
122000161,1078,1252,-174
122000162,1085,1744,-659
122000163,531,255,276
122000164,91,370,-279
122000165,1762,2310,-548
122000166,880,3674,-2794
122000167,461,842,-381
122000168,243,1745,-1502
122000169,541,333,208
122000170,400,584,-184
122000171,40,149,-109
122000172,2882,2100,782
122000173,1992,4003,-2011
122000174,1740,2396,-656
122000175,901,588,313
122000176,354,2240,-1886
122000177,1139,2130,-991
122000178,9379,5064,4315
122000179,4560,5828,-1268
122000180,811,1492,-681
122000181,936,2665,-1729
122000182,2137,1474,663
122000183,3494,1380,2114
122000184,4294,5437,-1143
122000185,1468,5885,-4417
122000186,858,3555,-2697
122000187,2065,1946,119
122000188,615,533,82
122000189,275,664,-389
122000190,804,3351,-2547
122000191,815,1218,-403
122000192,1325,519,806
122000193,407,905,-498
122000194,542,386,156
122000195,141,1243,-1102
122000196,977,483,494
122000197,514,790,-276
122000198,575,3726,-3151
122000199,365,705,-340
122000200,1402,1087,315
122000201,1760,4491,-2731
122000202,1073,3499,-2426
122000203,2238,1631,607
122000204,1019,1589,-570
122000205,555,958,-403
122000206,7046,1516,5530
122000207,2297,2172,125
122000208,2421,3073,-652
122000209,2492,1043,1449
122000210,2107,3191,-1084
122000211,1013,2088,-1075
122000212,854,650,204
122000213,1067,1969,-902
122000214,2123,1997,126
122000215,2589,2261,328
122000217,1775,3842,-2067
122000218,913,119,794
122000219,1370,1090,280
122000220,236,820,-584
122000221,115,286,-171
122000222,662,187,475
122000223,947,739,208
122000225,756,623,133
122000226,1376,1593,-217
122000227,210,1942,-1732
122000228,251,317,-66
122000229,42,385,-343
122000230,44,352,-308
122000231,429,763,-334
122000232,595,714,-119
122000233,2,70,-68
122000234,539,77,462
122000235,634,106,528
122000236,1592,47,1545
122000237,121,100,21
122000238,323,382,-59
122000239,989,188,801
122000240,1745,763,982
122000241,2635,518,2117
122000242,870,224,646
122000243,484,41,443
122000244,151,311,-160
122000245,113,127,-14
122000246,549,234,315
122000247,775,298,477
122000248,1032,872,160
122000249,1905,1239,666
122000250,2232,1414,818
122000251,67,454,-387
122000252,212,146,66
122000253,41,217,-176
122000254,336,93,243
122000255,614,739,-125
122000256,395,502,-107
122000257,272,216,56
122000258,189,157,32
122000259,22,272,-250
122000260,2,25,-23
122000261,19,327,-308
122000262,0,26,-26
122000263,322,567,-245
122000264,1834,481,1353
122000265,3367,1524,1843
122000266,4455,795,3660
122000267,96,127,-31
122000268,172,511,-339
122000269,1103,539,564
122000270,503,300,203
122000271,268,2629,-2361
122000272,504,1836,-1332
122000273,541,780,-239
122000274,358,231,127
122000275,66,203,-137
122000276,1187,469,718
122000277,1191,1659,-468
122000278,2256,386,1870
122000279,187,230,-43
122000280,745,376,369
122000281,663,599,64
122000282,212,512,-300
122000283,165,224,-59
122000284,150,82,68
122000285,304,88,216
122000286,50,162,-112
122000287,788,415,373
122000288,1487,1132,355
122000291,4063,1162,2901
122000293,172,118,54
122000294,190,421,-231
122000295,1426,442,984
122000296,21,1066,-1045
122000297,1526,4759,-3233
122000299,897,574,323
122000300,438,409,29
122000301,5511,3538,1973
122000302,431,2995,-2564
122000303,2125,1000,1125
122000304,27,77,-50
122000305,1610,540,1070
122000306,73,343,-270
122000307,123,132,-9
122000309,58,31,27
122000310,23,142,-119
122000311,69,154,-85
122000312,115,425,-310
122000313,72,144,-72
122000314,137,550,-413
122000315,365,62,303
122000316,1481,370,1111
122000317,2714,426,2288
122000318,410,1199,-789
122000319,1936,881,1055
122000320,225,578,-353
122000321,75,174,-99
122000322,2396,2919,-523
122000323,663,5241,-4578
122000324,2767,3460,-693
122000325,752,7715,-6963
122000326,192,90,102
122000327,443,1278,-835
122000328,556,389,167
122000330,3710,3120,590
122000332,264,465,-201
122000333,25,47,-22
122000337,1141,419,722
122000338,460,239,221
122000340,226,5539,-5313
122000342,1753,771,982
122000343,602,469,133
122000344,146,17,129
122000345,10,19,-9
122000346,243,177,66
122000348,776,749,27
122000349,89,455,-366
122000351,201,364,-163
122000352,266,242,24
122000353,202,131,71
122000355,109,359,-250
122000356,461,3544,-3083
122000357,74,22,52
122000358,2,21,-19
122000359,0,24,-24
122000360,0,17,-17
122000362,10,35,-25
122000364,288,243,45
122000365,2,48,-46
122000366,13,13,0
122000368,564,851,-287
122000370,19,10,9
122000371,24,0,24
122000372,13,2,11
122000381,245,501,-256
122000382,77,234,-157
122000384,1586,1603,-17
122000385,55,0,55
122000386,154,1888,-1734
122000387,471,2027,-1556
122000388,1789,2277,-488
122000389,209,2282,-2073
122000390,406,623,-217
122000391,183,1938,-1755
122000392,200,174,26
122000393,39,151,-112
122000394,776,201,575
122000395,143,135,8
122000396,464,121,343
122000397,13,49,-36
122000398,7,84,-77
122000399,168,67,101
122000400,32,1874,-1842
122000401,159,84,75
122000402,523,298,225
122000403,613,386,227
122000404,193,224,-31
122000408,674,929,-255
122000503,7,104,-97
122000524,83,546,-463
122000544,74,2814,-2740
122000614,188,265,-77
122000616,238,1,237
122000640,132,71,61
122000641,217,187,30
122000642,1374,536,838
122000643,43,252,-209
122000644,84,35,49
122000645,46,212,-166
122000651,605,4700,-4095
122000664,248,90,158
122000665,1716,663,1053
122000666,567,1163,-596
122000673,53,143,-90
122000674,369,177,192
122000675,2271,609,1662
122000686,598,2519,-1921
122000687,1858,394,1464
122000688,350,400,-50
122000689,1304,145,1159
122000690,3567,212,3355
122000691,1165,603,562
122000692,1299,280,1019
122000693,396,869,-473
122000695,414,206,208
122000696,787,108,679
122000698,381,239,142
122000699,288,36,252
122000701,2519,258,2261
122000702,485,1469,-984
122000703,274,89,185
122000717,103,90,13
122000718,508,2460,-1952
122000719,131,127,4
122000720,1155,95,1060
122000724,191,302,-111
122900001,51,16,35
122900002,1139,4531,-3392
122900003,463,34,429
122900004,2016,99,1917
122900005,93,92,1
122900006,270,865,-595
122900007,317,1986,-1669
122900008,166,174,-8
122900009,1342,474,868
122900010,312,156,156
122900012,189,512,-323
122900014,128,145,-17
122900015,744,1075,-331
122900016,173,218,-45
122900017,1540,2019,-479
122900018,227,11,216
122900019,2,115,-113
122900020,101,118,-17
122900021,333,374,-41
122900022,1419,848,571
122900023,470,107,363
122900024,118,118,0
122900025,12,312,-300
122900026,41,161,-120
122900027,64,688,-624
122900028,83,124,-41
122900029,7651,2597,5054
122900030,2907,519,2388
122900031,168,567,-399
122900032,722,376,346
122900033,166,193,-27
122900034,3904,4689,-785
122900035,52,11,41
122900036,50,60,-10
122900037,571,311,260
122900038,124,4750,-4626
122900039,77,514,-437
122900040,254,1779,-1525
122900041,181,430,-249
122900042,174,307,-133
122900043,323,262,61
122900044,163,361,-198
122900045,225,389,-164
122900046,122,337,-215
122900047,101,232,-131
122900048,21,248,-227
122900049,3944,177,3767
122900051,31,707,-676
122900052,222,103,119
122900053,20,35,-15
122900055,322,60,262
122900057,288,65,223
122900061,505,80,425
122900062,555,727,-172
122900063,287,176,111
122900064,895,814,81
122900065,670,280,390
122900066,854,261,593
122900067,820,520,300
122900069,495,1614,-1119
122900070,452,84,368
122900071,282,776,-494
122900073,7,29,-22
122900074,1142,182,960
122900076,0,216,-216
122900077,2,113,-111
122900078,305,29,276
122900080,104,91,13
122900081,204,151,53
122900082,1206,172,1034
122900083,115,92,23
122900084,17,112,-95
122900086,40,2112,-2072
122900087,447,353,94
122900088,75,1137,-1062
122900089,21,215,-194
122900090,22,751,-729
122900091,412,6,406
122900092,0,75,-75
122900093,7,92,-85
122900094,1,103,-102
122900095,250,44,206
122900096,573,55,518
122900097,65,82,-17
122900098,54,216,-162
122900099,179,25,154
122900100,75,1024,-949
122900101,651,403,248
122900102,66,48,18
122900103,384,18,366
122900104,395,4,391
122900105,27,27,0
122900106,12,47,-35
122900107,3,30,-27
122900108,22,141,-119
122900109,305,154,151
123000001,844,2073,-1229
123000002,2552,8945,-6393
123000003,5893,5355,538
123000004,3371,4634,-1263
123000005,3902,3322,580
123000006,2742,1989,753
123000007,4748,3162,1586
123000008,2714,2931,-217
123000009,4761,3492,1269
123000010,3510,4825,-1315
123000011,1700,2655,-955
123000012,660,5663,-5003
123000013,5458,2006,3452
123000014,803,4383,-3580
123000015,2386,1553,833
123000016,2733,2980,-247
123000017,5205,2265,2940
123000018,94,109,-15
123000019,732,38,694
123000020,516,47,469
123000021,301,306,-5
123000022,597,2284,-1687
123000023,2754,3027,-273
123000024,2325,1245,1080
123000025,474,177,297
123000026,85,193,-108
123000027,63,1190,-1127
123000028,796,1884,-1088
123000029,420,1640,-1220
123000030,280,63,217
123000031,391,236,155
123000032,850,101,749
123000033,486,186,300
123000034,1321,981,340
123000035,533,720,-187
123000036,236,1653,-1417
123000037,240,156,84
123000038,73,451,-378
123000039,559,2209,-1650
123000040,453,326,127
123000041,783,2264,-1481
123000042,518,1799,-1281
123000043,1732,18664,-16932
123000044,2860,3113,-253
123000045,4210,2488,1722
123000046,329,1676,-1347
123000047,783,1934,-1151
123000048,53,1842,-1789
123000049,6283,11115,-4832
123000050,2666,1923,743
123000051,117,220,-103
123000052,858,4017,-3159
123000053,2777,3509,-732
123000054,3071,1859,1212
123000055,2522,5940,-3418
123000056,1186,853,333
123000057,3868,5921,-2053
123000058,789,1649,-860
123000059,237,471,-234
123000060,1368,518,850
123000061,393,723,-330
123000063,1679,1222,457
123000064,1942,261,1681
123000065,4323,2614,1709
123000066,523,703,-180
123000067,1206,610,596
123000068,1835,2607,-772
123000069,3457,1549,1908
123000070,242,581,-339
123000071,2492,952,1540
123000072,1440,536,904
123000073,3333,1054,2279
123000074,1549,921,628
123000075,723,2398,-1675
123000076,906,543,363
123000077,2839,1743,1096
123000078,4075,1796,2279
123000079,3235,1834,1401
123000080,3163,960,2203
123000081,205,379,-174
123000082,387,1254,-867
123000083,1430,416,1014
123000084,1044,486,558
123000085,711,152,559
123000086,1420,87,1333
123000087,645,319,326
123000088,1495,765,730
123000089,1444,1133,311
123000090,1884,970,914
123000091,2303,1769,534
123000092,1243,1378,-135
123000094,969,298,671
123000095,1258,587,671
123000096,1844,392,1452
123000097,885,405,480
123000098,1398,490,908
123000099,872,397,475
123000100,308,904,-596
123000101,422,616,-194
123000102,733,1053,-320
123000104,679,629,50
123000105,369,535,-166
123000106,642,500,142
123000107,346,450,-104
123000108,651,1111,-460
123000111,1399,555,844
123000112,1807,441,1366
123000113,769,769,0
123000114,498,874,-376
123000115,345,335,10
123000116,77,128,-51
123000117,2187,1219,968
123000118,609,577,32
123000119,310,531,-221
123000120,339,562,-223
123000121,833,1132,-299
123000122,574,462,112
123000123,684,743,-59
123000124,498,360,138
123000125,1950,1652,298
123000126,1508,5963,-4455
123000127,634,745,-111
123000128,309,455,-146
123000129,1093,294,799
123000130,1077,113,964
123000131,1984,1390,594
123000132,362,666,-304
123000133,155,245,-90
123000134,313,157,156
123000135,3168,1079,2089
123000136,227,432,-205
123000137,106,172,-66
123000138,196,247,-51
123000139,842,220,622
123000140,35,354,-319
123000141,702,149,553
123000142,1189,853,336
123000143,1038,1776,-738
123000144,17,23,-6
123000145,179,292,-113
123000146,23,215,-192
123000147,69,186,-117
123000149,355,446,-91
123000150,135,258,-123
123000151,188,777,-589
123000152,54,305,-251
123000153,140,897,-757
123000154,1172,2608,-1436
123000155,1959,1342,617
123000156,42,159,-117
123000157,692,842,-150
123000158,584,989,-405
123000159,3447,4461,-1014
123000160,1402,1429,-27
123000161,1930,1102,828
123000162,1919,2228,-309
123000163,993,300,693
123000164,2746,230,2516
123000165,438,895,-457
123000166,36,102,-66
123000167,184,173,11
123000168,476,139,337
123000169,1110,120,990
123000170,149,59,90
123000171,1341,16,1325
123000172,150,437,-287
123000173,829,458,371
123000174,952,560,392
123000175,448,1010,-562
123000176,1191,292,899
123000177,285,701,-416
123000178,1216,152,1064
123000179,41,421,-380
123000180,2364,480,1884
123000181,289,821,-532
123000182,237,197,40
123000183,152,697,-545
123000184,88,378,-290
123000185,1059,414,645
123000186,9,349,-340
123000187,790,10,780
123000188,353,1,352
123000189,268,208,60
123000190,115,118,-3
123000192,12,353,-341
123000193,87,513,-426
123000194,276,292,-16
123000195,447,48,399
123000196,600,40,560
123000197,70,125,-55
123000198,57,1070,-1013
123000199,12,563,-551
123000200,909,5,904
123000201,1675,13,1662
123000202,19,488,-469
123000203,1492,38,1454
123000204,78,451,-373
123000205,244,659,-415
123000206,3431,343,3088
123000207,104,448,-344
123000208,899,236,663
123000209,2909,823,2086
123000210,279,1247,-968
123000211,393,1463,-1070
123000212,4603,501,4102
123000213,732,74,658
123000215,128,289,-161
123000216,181,1212,-1031
123000217,283,36,247
123000218,20,646,-626
123000219,862,121,741
123000220,571,98,473
123000221,252,329,-77
123000222,327,273,54
123000223,587,126,461
123000224,498,290,208
123000225,338,54,284
123000226,135,616,-481
123000227,143,268,-125
123000228,322,36,286
123000229,733,1094,-361
123000232,164,435,-271
123000233,1156,108,1048
123000234,203,475,-272
123000235,1709,294,1415
123000236,273,449,-176
123000237,629,132,497
123000238,55,360,-305
123000239,446,612,-166
123000240,96,1454,-1358
123000241,579,163,416
123000242,151,408,-257
123000243,820,862,-42
123000244,772,570,202
123000245,33,155,-122
123000249,594,578,16
123000252,1221,436,785
123000253,1821,692,1129
123000254,745,659,86
123000255,1061,844,217
123000256,41,97,-56
123000257,2241,1052,1189
123000258,1404,533,871
123000259,769,580,189
123000260,881,281,600
123000261,370,219,151
123000262,89,151,-62
123000263,659,153,506
123000264,241,135,106
123000265,33,97,-64
123000266,518,473,45
123000267,749,328,421
123000268,41,28,13
123000269,112,138,-26
123000270,33,82,-49
123000271,51,54,-3
123000272,904,380,524
123000273,339,1296,-957
123000274,1284,950,334
123000275,258,910,-652
123000278,1697,3186,-1489
123000279,177,75,102
123000280,381,253,128
123000281,383,210,173
123000282,88,393,-305
123000283,246,70,176
123000284,49,57,-8
123000286,148,603,-455
123000287,356,450,-94
123000288,1052,1440,-388
123000289,214,1760,-1546
123000291,189,1115,-926
123000294,204,333,-129
123000295,706,1359,-653
123000296,935,575,360
123000297,1034,387,647
123000298,1419,268,1151
123000299,248,177,71
123000300,1726,1313,413
123000301,174,625,-451
123000302,146,142,4
123000303,80,381,-301
123000305,1232,1121,111
123000306,304,71,233
123000309,33,125,-92
123000310,56,50,6
123000311,1,121,-120
123000312,424,417,7
123000313,890,517,373
123000315,168,224,-56
123000316,805,599,206
123000317,296,123,173
123000318,81,164,-83
123000329,5,30,-25
123000337,411,887,-476
123000338,177,252,-75
123000339,464,50,414
123000340,128,225,-97
123000342,9,119,-110
123000343,105,58,47
123000344,599,244,355
123000345,446,552,-106
123000346,777,46,731
123000352,1718,1017,701
123000353,100,111,-11
123000354,284,0,284
123000355,1,172,-171
123000356,656,18,638
123000357,1,87,-86
123000359,24,99,-75
123000360,356,163,193
123000361,284,167,117
123000362,401,108,293
123000363,101,158,-57
123000364,601,814,-213
123000365,21,477,-456
123000366,306,3388,-3082
123000367,307,446,-139
123000370,32,1204,-1172
123000371,504,167,337
123000372,643,72,571
123000373,10,352,-342
123000374,18,78,-60
123000375,653,48,605
123000376,1168,921,247
123000377,617,29,588
123000378,10,291,-281
123000379,3,327,-324
123000380,15,362,-347
123000381,47,123,-76
123000382,550,203,347
123000383,144,873,-729
123000384,864,208,656
123000385,124,692,-568
123000436,52,1390,-1338
123000507,91,173,-82
123000508,296,1868,-1572
123000517,301,39,262
123000518,33,146,-113
123000519,241,98,143
123000520,68,100,-32
123000521,1026,126,900
123000522,112,215,-103
123000541,6,2,4
123000542,0,4,-4
123000565,1449,24,1425
123000566,461,172,289
123000567,97,97,0
123000573,37,548,-511
123000574,839,69,770
123000575,2069,646,1423
123000576,865,971,-106
123000577,70,785,-715
123000578,366,147,219
123000579,1172,9798,-8626
123000580,215,83,132
123000582,457,50,407
123000583,12,320,-308
123000584,230,351,-121
123000585,0,29,-29
123000586,125,0,125
123000596,60,123,-63
123000597,65,345,-280
123000602,180,20,160
123000603,1709,413,1296
123000604,903,313,590
123000605,935,14,921
123000606,2,569,-567
123000609,19,420,-401
123000610,133,95,38
123000613,51,153,-102
123000614,308,37,271
123000615,122,93,29
123000616,967,67,900
123000617,102,138,-36
123000618,49,464,-415
123000619,407,74,333
123000620,26,379,-353
123000622,629,9,620
123000624,238,58,180
123000630,2629,493,2136
123000631,285,535,-250
123000632,766,753,13
123000633,0,255,-255
123000634,56,402,-346
123000635,67,150,-83
123000636,50,398,-348
123000637,302,24,278
123000638,654,27,627
123000639,766,6875,-6109
123000640,17,333,-316
123000648,768,111,657
123000649,61,462,-401
123900001,977,43,934
123900002,35,1329,-1294
123900003,186,300,-114
123900005,365,313,52
123900006,563,111,452
124000001,1943,218,1725
124000002,33,962,-929
124000003,1272,179,1093
124000004,88,413,-325
124000005,1478,1086,392
124000006,169,440,-271
124000007,762,110,652
124000008,9,456,-447
124000009,1223,291,932
124000010,271,273,-2
124000011,1080,369,711
124000012,228,261,-33
124000017,352,146,206
124000018,93,72,21
124000019,327,196,131
124000020,46,90,-44
124000021,172,108,64
124000022,66,185,-119
124000023,1363,1710,-347
124000024,1241,531,710
124000025,1391,1777,-386
124000026,1057,917,140
124000027,3718,4541,-823
124000028,1214,3107,-1893
124000030,1615,1314,301
124000031,1725,6858,-5133
124000032,1661,533,1128
124000033,1122,831,291
124000034,678,700,-22
124000035,412,231,181
124000036,173,453,-280
124000037,359,1014,-655
124000038,3,135,-132
124000039,270,266,4
124000040,192,953,-761
124000041,500,140,360
124000042,148,301,-153
124000043,119,230,-111
124000044,66,146,-80
124000045,1546,279,1267
124000046,221,560,-339
124000047,2194,587,1607
124000048,888,539,349
124000049,2704,407,2297
124000050,902,1009,-107
124000051,1722,393,1329
124000052,729,514,215
124000053,746,2643,-1897
124000054,539,279,260
124000055,1235,5685,-4450
124000056,1358,835,523
124000057,1466,493,973
124000058,704,805,-101
124000059,1218,1428,-210
124000060,498,454,44
124000061,1519,7212,-5693
124000062,2787,1431,1356
124000063,1397,1059,338
124000064,1482,962,520
124000065,91,631,-540
124000066,266,192,74
124000067,148,119,29
124000068,158,156,2
124000069,757,132,625
124000070,369,203,166
124000071,239,153,86
124000072,261,239,22
124000073,1146,211,935
124000074,196,454,-258
124000075,407,16,391
124000076,42,60,-18
124000077,387,620,-233
124000078,1471,1402,69
124000079,174,1150,-976
124000080,1047,251,796
124000081,217,395,-178
124000082,113,259,-146
124000083,31,113,-82
124000084,72,1139,-1067
124000085,53,66,-13
124000086,23,163,-140
124000087,125,176,-51
124000088,110,576,-466
124000089,800,216,584
124000090,165,159,6
124000091,710,81,629
124000092,243,406,-163
124000093,162,136,26
124000094,122,390,-268
124000095,118,109,9
124000096,235,228,7
124000097,223,150,73
124000098,106,91,15
124000099,309,110,199
124000100,58,232,-174
124000101,212,201,11
124000102,149,48,101
124000103,319,210,109
124000104,139,44,95
124000105,271,187,84
124000106,194,35,159
124000107,45,406,-361
124000108,68,21,47
124000109,321,99,222
124000110,120,76,44
124000111,296,96,200
124000112,1067,460,607
124000113,110,170,-60
124000114,466,304,162
124000115,368,816,-448
124000116,180,315,-135
124000117,30,121,-91
124000118,35,98,-63
124000119,1224,1187,37
124000120,718,933,-215
124000121,1492,956,536
124000122,456,1234,-778
124000123,1038,502,536
124000124,294,702,-408
124000125,546,464,82
124000126,240,460,-220
124000127,1110,326,784
124000128,591,514,77
124000129,1935,1529,406
124000130,388,439,-51
124000131,848,868,-20
124000132,497,581,-84
124000133,1563,1025,538
124000134,808,575,233
124000135,1692,1999,-307
124000136,553,894,-341
124000137,935,999,-64
124000138,881,1159,-278
124000139,680,256,424
124000140,51,636,-585
124000141,1066,66,1000
124000142,68,409,-341
124000143,116,13,103
124000144,7,115,-108
124000145,182,64,118
124000146,44,52,-8
124000148,24,122,-98
124000149,1079,377,702
124000150,177,626,-449
124000151,1153,411,742
124000152,792,1071,-279
124000153,914,759,155
124000154,370,576,-206
124000155,1255,921,334
124000156,847,823,24
124000169,171,746,-575
124000170,1092,729,363
124000171,362,343,19
124000172,357,607,-250
124000173,893,201,692
124000174,512,635,-123
124000175,2,29,-27
124000176,94,13,81
124000177,8,12,-4
124000178,67,51,16
124000185,60,11,49
124000186,9,28,-19
124000187,4,90,-86
124000188,125,12,113
124000190,47,98,-51
124000191,45,445,-400
124000192,887,599,288
124000193,175,2556,-2381
124000194,253,376,-123
124000195,450,602,-152
124000196,746,793,-47
124000197,41,50,-9
124000198,46,65,-19
124000201,188,454,-266
124000202,680,196,484
124000203,753,174,579
124000204,1340,163,1177
124000205,151,212,-61
124000206,1102,240,862
124000207,1,17,-16
124000209,312,105,207
124000210,922,217,705
124000211,937,13,924
124000212,0,117,-117
124000213,890,109,781
124000214,618,211,407
124000215,575,17,558
124000216,1,144,-143
124000329,107,485,-378
124000338,117,289,-172
124000339,1996,100,1896
124000341,2109,41,2068
124000344,129,45,84
124000357,1210,3112,-1902
124000358,790,1988,-1198
124000359,1286,998,288
124000360,1278,677,601
124000361,1742,1235,507
124000362,1340,1744,-404
124000363,458,324,134
124000364,575,496,79
124000365,736,914,-178
124000366,2258,657,1601
124000367,89,257,-168
124000368,660,961,-301
124000369,79,109,-30
124000370,49,530,-481
124000402,65,19,46
124000403,169,28,141
124000404,16,39,-23
124000405,817,764,53
124000406,519,396,123
124000407,1,20,-19
124000411,3,154,-151
124000412,539,18,521
124000413,99,155,-56
124000414,182,126,56
124000415,56,28,28
124000416,152,171,-19
124000417,332,113,219
124000418,404,49,355
124000419,163,47,116
124000420,177,46,131
124000421,63,36,27
124000422,25,17,8
124000423,147,35,112
124000424,11,30,-19
124000425,149,22,127
124000426,6,104,-98
124000427,249,2,247
124000428,6,315,-309
124000429,72,30,42
124000430,913,325,588
124000431,449,252,197
124000432,300,741,-441
124000439,1,3,-2
124000443,0,7,-7
124000445,216,3302,-3086
124000446,764,402,362
124000447,43,261,-218
124000448,183,17,166
124000449,254,7,247
124000450,25,64,-39
124000451,1,16,-15
124900001,1066,407,659
124900002,335,196,139
124900003,1518,430,1088
124900004,1359,240,1119
124900005,222,109,113
124900006,1189,248,941
124900008,899,552,347
124900009,111,381,-270
124900010,159,208,-49
124900011,660,281,379
124900012,443,111,332
124900013,597,188,409
124900014,398,47,351
124900015,158,372,-214
124900016,92,113,-21
124900017,479,3202,-2723
124900018,118,15,103
124900020,146,66,80
124900021,390,44,346
124900022,48,1,47
124900024,440,20,420
124900026,56,50,6
124900027,143,541,-398
124900028,250,153,97
124900029,13,602,-589
124900030,5,61,-56
124900031,23,165,-142
124900032,167,191,-24
124900033,162,189,-27
124900034,4,113,-109
124900035,200,320,-120
124900036,2,88,-86
124900037,177,120,57
124900038,117,251,-134
124900039,13,61,-48
124900040,177,88,89
124900041,397,583,-186
124900042,79,6,73
124900043,767,453,314
124900044,126,2,124
124900045,307,1284,-977
124900047,58,161,-103
124900048,341,101,240
124900050,316,112,204
124900052,111,217,-106
124900053,165,159,6
124900054,755,423,332
124900055,0,171,-171
124900057,12,44,-32
124900060,21,158,-137
124900061,116,11,105
124900062,313,13,300
124900066,0,8,-8
124900067,4,62,-58
124900068,160,564,-404
124900070,70,26,44
124900072,165,19,146
124900075,600,147,453
124900076,23,2428,-2405
124900077,18,101,-83
124900078,101,28,73
124900079,253,231,22
124900080,536,334,202
124900081,1714,256,1458
124900082,426,544,-118
124900083,521,369,152
124900085,523,615,-92
124900086,30,1375,-1345
124900087,267,109,158
124900088,165,108,57
124900089,562,25,537
124900090,661,229,432
124900091,366,163,203
124900092,313,167,146
124900093,618,143,475
124900094,848,266,582
124900095,130,738,-608
124900096,367,149,218
124900097,624,39,585
124900098,197,195,2
124900099,209,517,-308
124900100,489,66,423
124900101,188,250,-62
124900102,381,25,356
124900103,191,110,81
124900104,46,113,-67
124900105,149,84,65
124900106,361,37,324
124900107,137,25,112
124900108,174,173,1
124900111,2,213,-211
124900112,108,176,-68
124900113,59,278,-219
124900114,56,202,-146
124900115,40,44,-4
124900116,321,375,-54
124900117,194,290,-96
124900118,78,1094,-1016
124900119,378,245,133
124900120,23,186,-163
124900121,58,435,-377
124900122,176,155,21
124900123,178,94,84
124900124,44,477,-433
204000001,258,16,242
204000002,19,4,15
204000003,16,4,12
204000004,5,1,4
204000005,693,536,157
204000006,1035,1341,-306
204000011,12,42,-30
204000012,73,131,-58
204000019,1426,404,1022
204000020,1267,831,436
204000021,1923,1023,900
204000022,1350,557,793
204000023,655,455,200
204000031,51,16,35
204000032,242,37,205
204000034,58,87,-29
204000035,0,1,-1
204000036,3,15,-12
204000037,2,65,-63
204000038,0,7,-7
204000039,13,7,6
204000040,7,7,0
204000041,6,17,-11
204000042,22,22,0
204000043,40,10,30
204000044,42,4,38
204000045,61,0,61
204000046,26,3,23
204000057,5,3,2
204000062,32,58,-26
204000068,37,728,-691
204000069,156,566,-410
204000070,58,88,-30
204000080,97,73,24
204000085,1548,1158,390
204000086,2080,1365,715
204000087,58,7,51
204000088,5,79,-74
204000090,170,211,-41
204000093,559,79,480
204000096,1661,917,744
204000097,494,15,479
204000099,1330,2278,-948
204000100,2113,1672,441
204000105,1115,799,316
204000110,313,1062,-749
204000111,756,610,146
204000112,587,816,-229
204000113,324,736,-412
204000114,1219,1398,-179
204000115,1351,526,825
204000116,649,1070,-421
204000119,2357,2209,148
204000132,862,488,374
204000133,854,186,668
204000134,220,68,152
204000135,767,70,697
204000136,423,264,159
204000138,452,720,-268
204000140,259,106,153
204000141,174,73,101
204000144,17,23,-6
204000145,593,63,530
204000146,18,272,-254
204000147,22,195,-173
204000148,347,40,307
204000154,12,1,11
204000155,0,2,-2
204000177,83,19,64
204000179,103,27,76
204000180,0,36,-36
204000222,2,4,-2
204000235,40,15,25
204000236,57,234,-177
204000238,15,25,-10
204000240,322,76,246
204000263,613,913,-300
204000268,750,574,176
204000308,162,38,124
204000317,19,92,-73
204000322,40,50,-10
204000323,17,8,9
204000328,212,72,140
204000329,87,145,-58
204000330,192,35,157
204000331,219,168,51
205000001,708,1058,-350
205000013,16,90,-74
205000014,62,69,-7
205000015,43,77,-34
205000016,16,71,-55
205000017,51,48,3
205000022,261,615,-354
205000025,1413,678,735
205000029,402,9,393
205000045,160,661,-501
205000046,173,656,-483
205000047,98,274,-176
205000048,469,357,112
205000049,181,492,-311
205000050,902,291,611
205000059,0,137,-137
205000060,0,181,-181
205000061,2,516,-514
205000062,0,699,-699
205000063,25,687,-662
205000064,41,105,-64
205000065,159,653,-494
205000066,108,437,-329
205000067,71,546,-475
205000069,200,26,174
205000082,147,173,-26
205000110,88,171,-83
205000111,207,205,2
205000112,180,184,-4
205000113,66,174,-108
205000121,204,56,148
205000123,42,121,-79
205000126,618,112,506
205000127,962,147,815
205000128,619,44,575
205000129,961,72,889
205000130,95,41,54
205000131,35,14,21
205000132,97,7,90
205000133,90,1,89
205000134,289,1,288
205000137,121,81,40
205000138,116,148,-32
205000139,37,59,-22
205000144,112,99,13
205000145,405,160,245
205000151,185,28,157
205000152,192,15,177
205000153,266,30,236
205000154,75,57,18
205000155,141,18,123
205000207,5,114,-109
205000233,25,1,24
205000234,0,0,0
205000243,3,0,3
205000244,0,2,-2
205000245,13,243,-230
205000249,0,11,-11
205000250,8,1,7
205000264,12,68,-56
206000027,2,6,-4
206000028,3,4,-1
206000043,3,50,-47
206000053,4,1,3
206000054,2,13,-11
206000055,2,11,-9
206000075,10,22,-12
206000076,21,14,7
206000077,29,9,20
206000078,18,6,12
206000079,34,21,13
206000082,362,106,256
206000100,48,467,-419
206000103,1,14,-13
206000104,4,18,-14
206000105,6,6,0
206000106,5,52,-47
206000125,95,0,95
206000157,22,412,-390
206000170,0,93,-93
206000171,0,186,-186
206000172,20,90,-70
206000173,2,120,-118
206000174,11,37,-26
206000175,2,35,-33
206000176,23,45,-22
206000177,1,36,-35
206000178,2,247,-245
206000179,2,220,-218
206000180,2,82,-80
206000181,11,26,-15
206000182,7,72,-65
206000183,10,79,-69
206000184,4,106,-102
206000185,9,40,-31
206000186,71,263,-192
206000223,4,270,-266
206000226,29,3,26
206000227,42,2,40
206000237,21,87,-66
206000238,31,200,-169
206000239,195,1110,-915
206000240,0,88,-88
206000241,0,64,-64
206000242,7,137,-130
206000243,8,60,-52
206000244,64,142,-78
206000245,1302,33,1269
206000246,493,10,483
206000247,535,6,529
206000248,634,38,596
206000252,43,58,-15
206000258,4,65,-61
206000315,45,5,40
206000317,740,159,581
206000318,1142,107,1035
206000319,2582,65,2517
206000320,522,30,492
206000321,530,11,519
206000322,786,10,776
206000323,282,17,265
206000324,375,20,355
206000325,265,13,252
206000326,294,21,273
206000327,73,19,54
206000328,303,4,299
206000329,419,3,416
206000330,57,2,55
206000331,306,2,304
206000332,50,3,47
206000333,1185,5,1180
206000334,446,4,442
206000335,0,12,-12
206000361,8,145,-137
206000392,11,19,-8
206000405,161,12,149
206000441,112,28,84
206000498,31,4,27
206000515,39,39,0
206000530,543,89,454
206000531,327,454,-127
206000532,1531,652,879
206000535,123,4791,-4668
206000536,22,50,-28
206000537,23,127,-104
206000613,1485,267,1218
206000784,671,48,623
207000001,126,593,-467
207000002,122,416,-294
207000003,147,146,1
207000007,1772,275,1497
207000008,186,2,184
207000009,112,43,69
207000010,300,230,70
207000012,563,185,378
207000015,261,514,-253
207000019,391,135,256
207000021,428,201,227
207000022,180,188,-8
207000023,245,72,173
207000024,6,23,-17
207000025,22,139,-117
207000026,94,49,45
207000027,16,67,-51
207000028,82,111,-29
207000029,179,352,-173
207000033,294,455,-161
207000034,293,146,147
207000039,667,95,572
207000040,650,29,621
207000041,63,25,38
207000042,167,57,110
207000043,224,146,78
207000051,83,175,-92
207000052,8,168,-160
207000053,342,417,-75
207000054,83,53,30
207000055,194,74,120
207000056,268,232,36
207000057,151,230,-79
207000058,221,226,-5
207000059,169,162,7
207000060,47,182,-135
207000061,127,1016,-889
207000062,734,43,691
207000063,729,45,684
207000064,438,85,353
207000065,359,184,175
207000066,416,135,281
207000067,65,66,-1
207000068,205,28,177
207000069,875,311,564
207000082,9,142,-133
207000083,66,131,-65
207000084,460,319,141
207000085,339,45,294
207000086,388,5,383
207000106,40,19,21
207000107,112,9,103
207000108,128,9,119
207000109,78,3,75
207000110,59,49,10
207000111,77,92,-15
207000112,89,1220,-1131
207000114,18,36,-18
207000115,23,34,-11
207000116,27,409,-382
207000117,22,85,-63
207000118,3,43,-40
207000119,69,33,36
207000123,230,10,220
207000124,122,38,84
207000125,70,32,38
207000126,87,42,45
207000134,128,111,17
207000135,35,135,-100
207000148,70,430,-360
207000149,48,24,24
207000152,124,365,-241
207000153,287,948,-661
207000154,324,250,74
207000159,78,112,-34
207000160,220,172,48
207000238,1,222,-221
207000242,4,98,-94
207000248,34,28,6
207000249,102,11,91
207000250,410,117,293
207000251,120,110,10
207000252,27,49,-22
207000278,133,126,7
207000279,8,66,-58
207000280,1267,69,1198
207000281,133,337,-204
207000282,82,374,-292
207000283,19,243,-224
207000284,42,1031,-989
207000285,57,166,-109
207000291,7,74,-67
207000304,134,87,47
207000306,69,250,-181
207000310,148,93,55
207000353,134,1,133
207000356,37,58,-21
207000357,6,32,-26
207000358,3,35,-32
207000415,13,80,-67
207000417,47,5,42
207000418,145,111,34
207000438,0,1,-1
207000439,506,505,1
207000446,250,2,248
207000460,98,7,91
207000466,267,136,131
207000467,382,78,304
207000468,95,124,-29
207000476,10,28,-18
207000477,783,39,744
207000478,0,50,-50
207000523,0,20,-20
207000524,104,0,104
207000527,241,152,89
207000530,652,15,637
207000531,385,8,377
207000532,34,22,12
207000534,167,53,114
207000535,46,534,-488
207000537,14,79,-65
207000540,13,54,-41
207000541,8,162,-154
207000548,18,119,-101
207000549,380,14,366
207000561,291,182,109
207000562,40,119,-79
207000567,124,152,-28
207000568,355,32,323
207000569,705,153,552
207000584,82,225,-143
207000585,34,189,-155
207000587,259,46,213
207000616,0,75,-75
207000617,166,2,164
207000624,85,41,44
207000631,15,55,-40
207900008,370,96,274
208000001,809,1461,-652
208000002,780,765,15
208000003,1061,560,501
208000004,1103,1012,91
208000005,3,24,-21
208000019,1046,605,441
208000020,314,350,-36
208000021,362,240,122
208000022,1136,617,519
208000028,896,1411,-515
208000033,710,448,262
208000034,1102,1893,-791
208000037,430,32,398
208000040,251,86,165
208000041,1011,560,451
208000042,1145,571,574
208000047,216,135,81
208000064,1812,1807,5
208000066,1202,2420,-1218
208000070,587,390,197
208000071,755,434,321
208000072,708,793,-85
208000080,412,550,-138
208000081,594,129,465
208000082,606,151,455
208000083,278,210,68
208000084,12,28,-16
208000085,701,476,225
208000086,560,984,-424
208000087,415,801,-386
208000089,1176,291,885
208000090,1289,383,906
208000093,70,125,-55
208000094,587,382,205
208000095,909,555,354
208000104,1394,617,777
208000105,874,752,122
208000114,94,345,-251
208000115,408,294,114
208000116,1045,1127,-82
208000117,55,104,-49
208000118,160,246,-86
208000155,611,1330,-719
208000158,1598,3633,-2035
208000186,1225,3298,-2073
208000204,897,1201,-304
208000205,1701,750,951
208000282,1586,2180,-594
209000004,692,217,475
209000005,94,34,60
209000006,420,247,173
209000007,394,661,-267
209000010,268,191,77
209000011,55,291,-236
209000012,83,113,-30
209000013,226,209,17
209000014,482,555,-73
209000025,725,79,646
209000026,1121,141,980
209000027,335,354,-19
209000028,213,262,-49
209000029,323,1349,-1026
209000030,233,1529,-1296
209000031,3126,1370,1756
209000034,329,369,-40
209000035,220,393,-173
209000036,411,270,141
209000037,467,309,158
209000038,249,170,79
209000039,122,144,-22
209000040,344,546,-202
209000041,231,320,-89
209000042,296,228,68
209000043,498,757,-259
209000044,292,901,-609
209000045,700,356,344
209000046,618,484,134
209000047,414,189,225
209000048,502,343,159
209000049,118,84,34
209000050,269,85,184
209000051,362,173,189
209000052,230,198,32
209000062,75,60,15
209000063,74,42,32
209000064,37,23,14
209000065,232,58,174
209000066,185,27,158
209000067,272,53,219
209000080,7,188,-181
209000082,97,82,15
209000091,20,72,-52
209000093,41,15,26
209000094,69,154,-85
209000110,47,273,-226
209000111,617,2279,-1662
209000112,1341,765,576
209000113,2102,1126,976
209000114,1067,890,177
209000115,70,83,-13
209000116,501,211,290
209000118,14,148,-134
209000119,9,26,-17
209000121,86,308,-222
209000135,81,339,-258
209000142,744,2345,-1601
209000143,24,65,-41
209000144,69,235,-166
209000229,238,146,92
209000240,31,190,-159
209000259,49,112,-63
209000260,63,743,-680
209000261,6,194,-188
209000262,1,217,-216
209000263,1,389,-388
209000264,0,318,-318
209000265,309,44,265
209000266,121,0,121
209000267,1276,7,1269
209000268,489,66,423
210000037,109,34,75
210000047,100,15,85
210000048,222,27,195
210000049,66,5,61
210000052,84,72,12
210000053,55,32,23
210000054,31,77,-46
210000070,209,5,204
210000071,142,2,140
210000072,43,0,43
210000073,0,23,-23
210000074,0,153,-153
210000075,4,221,-217
210000076,7,297,-290
210000077,8,170,-162
210000078,32,136,-104
210000079,28,25,3
210000080,44,180,-136
210000081,141,36,105
210000082,46,0,46
210000083,72,0,72
210000084,127,0,127
210000085,0,42,-42
210000086,1,82,-81
210000099,62,205,-143
210000100,143,120,23
210000101,100,129,-29
210000105,26,288,-262
210000159,2,231,-229
210000163,77,359,-282
210000164,230,377,-147
210000168,147,72,75
210000187,0,26,-26
210000188,0,26,-26
210000214,5,0,5
210000219,31,71,-40
210000220,135,46,89
210000232,3,24,-21
210000233,56,44,12
210000234,42,137,-95
210000235,64,71,-7
210000245,0,41,-41
210000246,40,19,21
210000258,22,52,-30
210000259,226,34,192
210000282,38,222,-184
210000285,2,134,-132
210000286,11,124,-113
210000290,9,12,-3
210000295,61,192,-131
210000296,87,59,28
210000320,322,52,270
210000321,123,30,93
210000338,67,72,-5
210000339,143,870,-727
210000340,98,370,-272
210000341,186,332,-146
210000342,220,217,3
210000343,168,285,-117
210000344,109,188,-79
210000345,137,307,-170
210000346,46,145,-99
210000347,79,63,16
210000348,107,47,60
210000349,54,32,22
210000350,140,54,86
210000351,198,38,160
210000352,79,44,35
210000353,51,42,9
210000354,86,77,9
210000355,33,99,-66
210000356,9,111,-102
210000357,93,108,-15
210000358,267,268,-1
210000359,48,168,-120
210000360,171,250,-79
210000361,178,180,-2
210000362,263,243,20
210000363,501,263,238
210000364,197,218,-21
210000365,196,101,95
210000366,172,44,128
210000367,101,30,71
210000368,117,27,90
210000369,33,33,0
210000370,52,91,-39
210000372,21,39,-18
210000373,9,58,-49
210000374,63,53,10
210000375,42,55,-13
210000376,44,131,-87
210000404,69,107,-38
210000439,58,27,31
210000472,62,3,59
210000482,69,128,-59
210000564,201,284,-83
210000567,7,63,-56
210000568,313,2,311
211000092,57,19,38
211000094,29,11,18
211000169,236,12,224
211000172,11,242,-231
211000209,0,117,-117
211000226,8,45,-37
211000270,62,13,49
211000275,37,16,21
211000276,138,16,122
211000279,14,30,-16
211000281,128,16,112
211000302,58,35,23
211507980,4,62,-58
211977296,28,9,19
212000003,200,51,149
212000004,25,58,-33
212000005,15,59,-44
212000006,44,55,-11
212000008,230,169,61
212000009,43,75,-32
212000012,112,29,83
212000013,39,30,9
212000014,226,105,121
212000015,369,189,180
212000016,502,374,128
212000027,483,263,220
212000028,386,259,127
212000029,227,184,43
212000030,64,17,47
212000031,87,38,49
212000048,43,319,-276
212000049,52,241,-189
212000050,18,14,4
212000051,250,76,174
212000052,275,144,131
212000053,260,238,22
212000054,489,79,410
212000055,542,135,407
212000056,17,27,-10
212000057,4,27,-23
212000058,160,43,117
212000070,111,111,0
212000077,171,216,-45
212000099,378,212,166
212000108,246,134,112
212000111,291,72,219
212000120,209,72,137
212000138,165,19,146
212000156,4,79,-75
212000158,12,25,-13
212000159,585,57,528
212000160,792,151,641
212000161,82,3,79
212000310,73,11,62
212000311,12,27,-15
212000374,52,5,47
213000001,29,334,-305
213000005,508,131,377
213000006,709,304,405
213000007,53,36,17
213000009,267,279,-12
213000010,320,205,115
213000011,212,186,26
213000012,275,230,45
213000014,67,27,40
213000015,376,12,364
213000016,479,3,476
213000017,103,0,103
213000018,2,26,-24
213000019,1,65,-64
213000020,104,184,-80
213000021,6,63,-57
213000023,491,303,188
213000033,356,1438,-1082
213000034,432,219,213
213000035,188,268,-80
213000045,291,299,-8
213000046,213,162,51
213000047,446,1223,-777
213000056,159,32,127
213000069,149,3,146
213000073,1,82,-81
213000074,402,679,-277
213000075,665,4,661
213000076,15,2,13
213000085,3,44,-41
213000086,8,94,-86
213000091,391,6,385
213000092,48,5,43
213000099,214,1491,-1277
213000100,826,371,455
213000101,868,71,797
213000102,837,82,755
213000103,856,402,454
213000104,68,237,-169
213000105,96,1741,-1645
213000106,44,74,-30
213000107,131,219,-88
213000108,46,277,-231
213000109,4,163,-159
213000110,17,99,-82
213000111,12,72,-60
213000112,57,85,-28
213000115,49,2,47
213000116,87,566,-479
213000117,8,569,-561
213000118,1252,305,947
213000119,50,441,-391
213000120,119,186,-67
213000122,161,257,-96
213000123,219,557,-338
213000124,185,637,-452
213000125,169,35,134
213000126,44,144,-100
213000127,46,265,-219
213000128,117,1262,-1145
213000129,202,1102,-900
213000130,1457,486,971
213000132,789,170,619
213000133,1525,107,1418
213000134,1919,21,1898
213000136,652,25,627
213000137,824,49,775
213000139,275,14,261
213000147,47,17,30
213000148,12,19,-7
213000149,65,22,43
213000150,0,362,-362
213000151,3,245,-242
213000152,2,169,-167
213000153,4,232,-228
213000154,101,210,-109
213000155,34,135,-101
213000156,127,350,-223
213000157,764,334,430
213000158,404,668,-264
213000159,827,393,434
213000163,1685,171,1514
213000165,959,389,570
213000171,1,34,-33
213000172,1,77,-76
213000173,1,76,-75
213000174,2,30,-28
213000175,7,15,-8
213000176,84,40,44
213000177,99,2,97
213000178,278,3,275
213000179,265,1,264
213000180,282,2,280
213000184,107,431,-324
213000188,421,87,334
213000189,566,40,526
213000190,577,514,63
213000191,530,229,301
213000192,420,148,272
213000193,727,215,512
213000194,0,104,-104
213000195,32,326,-294
213000196,244,1705,-1461
213000197,581,765,-184
213000198,14,1,13
213000200,88,518,-430
213000201,58,88,-30
213000202,43,583,-540
213000203,2002,432,1570
213000204,1068,38,1030
213000205,438,54,384
213000206,783,34,749
213000207,63,2,61
213000208,96,1,95
213000209,77,3,74
213000210,235,6,229
213000211,10,18,-8
213000212,27,35,-8
213000213,22,46,-24
213000218,413,393,20
213000219,1051,28,1023
213000220,859,8,851
213000223,199,255,-56
213000224,11,87,-76
213000225,79,17,62
213000226,143,31,112
213000227,1248,158,1090
213000228,619,80,539
213000229,80,24,56
213000230,672,13,659
213000232,64,132,-68
213000233,9,83,-74
213000234,1,82,-81
213000293,18,71,-53
213000294,96,63,33
213000295,28,87,-59
213000296,47,21,26
213000297,14,72,-58
213000298,12,68,-56
213000299,34,21,13
213000300,6,15,-9
213000303,7,28,-21
213000304,2,15,-13
213000305,6,53,-47
213000306,26,155,-129
213000307,105,169,-64
213000308,68,159,-91
213000309,155,56,99
213000310,427,267,160
213000311,147,1114,-967
213000315,105,154,-49
213000316,166,73,93
213000322,115,46,69
213000323,225,68,157
213000324,72,6,66
213000325,53,22,31
213000326,5,4,1
213000327,6,2,4
213000328,15,74,-59
213000329,135,18,117
213000340,140,260,-120
213000341,965,98,867
213000346,188,351,-163
213000347,383,746,-363
213000348,19,870,-851
213000349,19,60,-41
213000350,336,945,-609
213000366,86,184,-98
213000367,412,18,394
213000379,39,364,-325
213000386,57,75,-18
213000406,176,124,52
213000417,1804,512,1292
213000425,394,77,317
213000426,244,53,191
213000427,38,63,-25
213000428,48,92,-44
213000429,2,6,-4
213000430,71,317,-246
213000431,13,1,12
213000432,0,140,-140
213000433,20,65,-45
213000434,211,110,101
213000435,140,96,44
213000436,80,29,51
213000437,0,4,-4
213000438,171,40,131
213000439,45,13,32
213000440,8,154,-146
213000441,2,1,1
213000442,2,19,-17
213000443,408,306,102
213000444,38,8,30
213000445,0,46,-46
213000446,1,102,-101
213000447,1,112,-111
213000448,14,214,-200
213000449,889,7,882
213000450,25,39,-14
213000451,366,67,299
213000452,18,21,-3
213000453,32,211,-179
213000455,131,0,131
213000456,0,326,-326
213000481,7,1,6
213000482,80,0,80
213000489,164,50,114
213000491,5,226,-221
213000492,118,1,117
213000493,4,148,-144
213000494,331,125,206
213000495,0,17,-17
213000496,629,115,514
213000497,64,152,-88
213000498,141,57,84
213000499,233,143,90
213000500,772,68,704
213000501,252,24,228
213000502,156,124,32
213000503,3,25,-22
213000504,9,25,-16
213000505,9,5,4
213000506,0,16,-16
213000507,5,51,-46
213900244,138,0,138
213900245,0,16,-16
218000003,29,40,-11
218000004,34,77,-43
218000005,36,48,-12
218000006,62,43,19
218000007,28,19,9
218000012,206,159,47
218000013,183,145,38
218000014,348,320,28
218000019,482,492,-10
218000020,229,290,-61
218000021,7,13,-6
218000022,2,2,0
218000023,0,1,-1
218000024,1,1,0
218000025,2,8,-6
218000026,3,9,-6
218000027,0,3,-3
218000028,1,0,1
218000029,4,2,2
218000030,7,3,4
218000031,1,6,-5
218000032,0,1,-1
218000040,9,9,0
218000046,74,35,39
218000047,12,56,-44
218000048,42,49,-7
218000049,53,69,-16
218000050,185,112,73
218000051,40,82,-42
218000052,2,21,-19
218000053,0,23,-23
218000054,7,37,-30
218000055,4,21,-17
218000056,15,34,-19
218000057,1,8,-7
218000064,0,19,-19
218000065,52,118,-66
218000066,15,37,-22
218000067,77,49,28
218000068,114,69,45
218000069,356,73,283
218000070,200,177,23
218000071,168,187,-19
218000072,146,234,-88
218000078,1611,362,1249
218000079,223,44,179
218000080,205,35,170
218000081,673,97,576
218000082,127,76,51
218000083,103,42,61
218000084,308,104,204
218000085,194,202,-8
218000086,83,69,14
218000087,264,58,206
218000090,20,146,-126
218000091,1142,533,609
218000092,151,150,1
218000093,97,43,54
218000094,597,485,112
218000099,254,645,-391
218000100,468,283,185
218000101,335,164,171
218000102,657,142,515
218000103,161,59,102
218000104,138,26,112
218000105,32,55,-23
218000106,20,10,10
218000107,101,54,47
218000108,2,39,-37
218000112,111,43,68
218000117,42,108,-66
218000134,723,310,413
218000135,23,71,-48
218000136,150,110,40
218000137,214,141,73
218000138,62,143,-81
218000139,196,159,37
218000140,662,266,396
218000141,190,77,113
218000142,233,115,118
218000143,103,357,-254
218000144,64,148,-84
218000145,680,315,365
218000146,158,172,-14
218000151,3,13,-10
218000152,83,33,50
218000153,0,0,0
218000154,0,0,0
218000155,0,0,0
218000156,0,0,0
218000157,0,0,0
218000158,0,0,0
218000159,0,0,0
218000160,0,0,0
218000161,0,0,0
218000162,0,0,0
218000163,0,0,0
218000164,0,0,0
218000165,0,0,0
218000170,3,25,-22
218000171,56,9,47
218000172,12,8,4
218000173,21,32,-11
218000174,18,31,-13
218000176,265,44,221
218000177,428,192,236
218000178,108,200,-92
218000179,224,51,173
218000180,178,13,165
218000181,397,77,320
218000187,9,31,-22
218000188,12,113,-101
218000189,18,87,-69
218000190,51,29,22
218000191,308,63,245
218000192,376,98,278
218000193,590,233,357
218000194,242,234,8
218000195,109,49,60
218000196,321,159,162
218000197,652,194,458
218000198,47,61,-14
218000199,59,18,41
218000200,59,50,9
218000201,33,41,-8
218000202,76,471,-395
218000207,32,40,-8
218000208,35,34,1
218000211,53,43,10
218000212,0,2,-2
218000213,114,55,59
218000214,2,17,-15
218000215,50,21,29
218000217,6,44,-38
218000218,107,23,84
218000219,3,55,-52
218000220,24,746,-722
218000221,472,253,219
218000222,2,113,-111
218000223,21,329,-308
218000224,8,119,-111
218000225,196,37,159
218000226,210,55,155
218000230,0,1,-1
218000232,25,46,-21
218000239,110,13,97
218000240,4,7,-3
218000241,23,1,22
218000242,6,1,5
218000243,22,7,15
218000244,45,7,38
218000245,5,3,2
218000246,2,3,-1
218000247,0,0,0
218000248,1,16,-15
218000249,1,7,-6
218000250,2,15,-13
218000251,2,78,-76
218000252,3,274,-271
218000253,2,189,-187
218000254,0,55,-55
218000255,3,39,-36
218000256,5,80,-75
218000267,487,1155,-668
218000268,11,36,-25
218000269,5,12,-7
218000270,192,39,153
218000271,10,54,-44
218000273,48,6,42
218000274,17,1,16
218000275,45,49,-4
218000276,17,27,-10
218000278,13,106,-93
218000279,93,26,67
218000280,6,44,-38
218000281,20,19,1
218000282,547,787,-240
218000284,43,4,39
218000301,119,128,-9
218000302,71,41,30
218000303,20,58,-38
218000316,1026,572,454
218000317,1839,642,1197
218000318,1478,333,1145
218000319,1620,683,937
218000320,1496,502,994
218000338,20,101,-81
218000345,154,91,63
218000346,94,187,-93
218000459,25,115,-90
218000490,14,70,-56
218000501,104,60,44
218000502,68,37,31
218000503,100,24,76
218000504,147,27,120
218000505,35,129,-94
218000506,15,294,-279
218000508,0,10,-10
218000510,125,11,114
218000520,103,105,-2
218000521,4,35,-31
218000522,0,279,-279
218000523,164,3,161
218000524,13,774,-761
218000525,114,25,89
218000526,15,454,-439
218000529,44,101,-57
218000530,0,0,0
218000531,13,20,-7
218000532,18,18,0
218000534,179,31,148
218000537,23,46,-23
218000538,78,392,-314
218000540,97,110,-13
218000543,165,62,103
218000544,18,139,-121
218000545,116,89,27
218000546,75,64,11
218000547,173,139,34
218000548,121,54,67
218000549,762,151,611
218000550,225,155,70
218000551,123,611,-488
218000552,274,360,-86
218000553,29,119,-90
218000554,24,55,-31
218000555,24,129,-105
218000556,224,167,57
218000557,415,215,200
218000558,189,109,80
218000559,0,28,-28
218000560,0,45,-45
218000561,25,0,25
218000562,20,131,-111
218000563,214,23,191
218000564,7,92,-85
218000565,77,46,31
218000566,72,40,32
218000567,1,89,-88
218000568,29,8,21
218000569,2,578,-576
218000570,60,34,26
218000571,0,108,-108
218000572,245,1,244
218000573,5,330,-325
218000574,41,54,-13
218000575,132,0,132
218000576,0,80,-80
218000577,153,3,150
218000578,0,86,-86
218000579,29,30,-1
218000581,1,80,-79
218000582,57,12,45
218000583,3,0,3
218000584,1,48,-47
218000585,65,4,61
218000586,30,68,-38
218000587,0,5,-5
218000588,0,2,-2
218000589,0,19,-19
218000590,4,0,4
218000591,1,19,-18
218000592,4,7,-3
218000593,6,1,5
218000594,3,1,2
218000596,0,0,0
218000597,0,3,-3
218000598,0,0,0
218000599,0,1,-1
218000600,3,2,1
218000601,0,7,-7
218000602,0,5,-5
218000603,0,2,-2
218000604,12,3,9
218000605,0,38,-38
218000606,124,0,124
218000607,19,64,-45
218000608,81,17,64
218000609,3,77,-74
218000610,88,7,81
218000611,51,2,49
218000612,3,63,-60
218000613,48,0,48
218000614,2,67,-65
218000615,172,3,169
218000616,6,107,-101
218000617,14,6,8
218000618,0,29,-29
218000619,18,25,-7
218000620,3,23,-20
218000621,0,1,-1
218000622,0,49,-49
218000623,42,2,40
218000624,0,49,-49
218000625,7,1,6
218000626,0,21,-21
218000628,255,145,110
218000631,58,30,28
218000632,0,118,-118
218000633,133,0,133
218000634,5,45,-40
218000635,9,44,-35
218000636,1002,581,421
218000637,1091,292,799
218000638,265,11,254
218000639,20,61,-41
218000640,413,17,396
218000641,119,108,11
218000652,40,18,22
218000653,282,73,209
218000663,17,87,-70
218000675,43,109,-66
218000676,1,1,0
218000677,0,0,0
218000680,234,146,88
218000681,494,170,324
218000691,311,153,158
218000693,462,84,378
218000703,3,7,-4
218000718,18,158,-140
218000719,65,267,-202
218000720,4,335,-331
218000721,49,71,-22
218000725,1,1,0
218001147,5,98,-93
218001214,22,115,-93
218001258,441,9,432
218001329,128,100,28
218001330,148,117,31
218001351,34,27,7
218001352,15,62,-47
218001353,9,15,-6
218001354,11,49,-38
218001355,8,98,-90
218001356,717,69,648
218001357,18,66,-48
218001358,455,24,431
218001361,503,2,501
218001362,0,79,-79
219000001,19,43,-24
219000002,49,33,16
219000003,78,53,25
219000004,78,71,7
219000017,81,130,-49
219000020,219,59,160
219000022,156,6,150
219000023,74,3,71
219000029,0,99,-99
219000034,46,33,13
219000039,52,283,-231
219000040,34,93,-59
219000041,113,46,67
219000051,0,24,-24
219000052,0,36,-36
219000053,0,47,-47
219000054,11,65,-54
219000055,371,1,370
219000056,5,0,5
219000057,42,0,42
219000062,19,49,-30
219000063,104,20,84
219000064,1,71,-70
219000110,292,133,159
219000111,107,78,29
219000112,232,55,177
219000113,196,38,158
219000114,127,50,77
219000116,172,83,89
219000117,227,86,141
219000118,243,89,154
219000123,205,73,132
219000124,65,52,13
219000125,25,13,12
219000126,83,105,-22
219000127,0,7,-7
219000128,5,127,-122
219000129,16,180,-164
219000130,184,713,-529
219000131,887,1478,-591
219000133,42,70,-28
219000134,13,46,-33
219000135,50,88,-38
219000136,93,235,-142
219000138,118,22,96
219000139,115,20,95
219000140,129,1,128
219000141,22,53,-31
219000142,2,53,-51
219000143,35,38,-3
219000145,15,15,0
219000146,14,11,3
219000147,3,35,-32
219000148,4,3,1
219000149,4,32,-28
219000150,0,27,-27
219000151,3,16,-13
219000157,216,78,138
219000158,163,178,-15
219000161,189,5,184
219000163,1095,364,731
219000166,89,185,-96
219000167,131,107,24
219000168,205,93,112
219000174,559,141,418
219000175,125,4,121
219000176,237,12,225
219000177,133,8,125
219000178,64,0,64
219000179,57,4,53
219000180,29,25,4
219000182,266,32,234
219000183,158,36,122
219000184,175,8,167
219000185,1,18,-17
219000186,72,12,60
219000187,19,53,-34
219000189,47,257,-210
219000190,85,292,-207
219000191,177,2088,-1911
219000192,245,197,48
219000193,68,211,-143
219000195,2,68,-66
219000196,5,121,-116
219000198,12,58,-46
219000199,29,134,-105
219000200,50,138,-88
219000201,66,158,-92
219000203,24,161,-137
219000204,70,364,-294
219000205,57,201,-144
219000207,85,188,-103
219000209,43,27,16
219000210,33,222,-189
219000213,29,157,-128
219000239,225,228,-3
219000240,245,476,-231
219000241,184,177,7
219000242,91,175,-84
219000243,147,273,-126
219000244,14,73,-59
219000245,19,49,-30
219000246,18,50,-32
219000247,190,51,139
219000248,497,480,17
219000249,157,182,-25
219000250,275,132,143
219000251,548,282,266
219000252,336,187,149
219000253,354,97,257
219000255,180,150,30
219000256,332,106,226
219000257,161,0,161
219000262,54,85,-31
219000263,56,125,-69
219000267,0,58,-58
219000268,1,12,-11
219000269,5,0,5
219000270,29,0,29
219000271,208,1,207
219000278,0,15,-15
219000279,0,17,-17
219000283,0,16,-16
219000295,20,148,-128
219000296,59,260,-201
219000297,42,49,-7
219000298,38,64,-26
219000299,360,74,286
219000300,70,58,12
219000301,100,184,-84
219000302,27,176,-149
219000307,50,20,30
219000308,95,86,9
219000311,249,87,162
219000312,559,156,403
219000313,542,50,492
219000314,49,193,-144
219000315,414,41,373
219000316,620,67,553
219000317,185,49,136
219000320,13,92,-79
219000321,0,28,-28
219000323,5,57,-52
219000325,3,8,-5
219000326,64,60,4
219000327,35,10,25
219000328,19,35,-16
219000329,228,119,109
219000330,28,24,4
219000331,62,51,11
219000332,187,133,54
219000333,28,10,18
219000335,95,1,94
219000337,24,0,24
219000338,56,2,54
219000344,19,66,-47
219000345,89,46,43
219000346,31,48,-17
219000348,168,52,116
219000349,72,72,0
219000350,128,501,-373
219000351,0,12,-12
219000352,256,109,147
219000353,103,51,52
219000354,250,76,174
219000355,218,53,165
219000356,350,2600,-2250
219000363,98,85,13
219000364,143,69,74
219000365,130,25,105
219000366,217,616,-399
219000368,342,500,-158
219000370,565,968,-403
219000371,5,16,-11
219000382,28,25,3
219000383,283,1887,-1604
219000385,349,860,-511
219000386,758,1865,-1107
219000387,0,31,-31
219000390,13,0,13
219000391,4,5,-1
219000397,37,19,18
219000398,55,61,-6
219000401,24,71,-47
219000402,36,104,-68
219000403,141,299,-158
219000404,17,89,-72
219000407,11,26,-15
219000409,81,48,33
219000410,116,35,81
219000411,127,6,121
219000446,102,487,-385
219000447,3,40,-37
219000448,16,10,6
219000452,77,102,-25
219000453,62,283,-221
219000454,194,389,-195
219000556,294,96,198
219000558,103,163,-60
219000590,34,150,-116
219000591,180,124,56
219000592,56,235,-179
219000595,4,9,-5
219000635,237,73,164
219000636,56,42,14
219000657,25,22,3
219000658,21,158,-137
219000673,0,39,-39
219000676,17,3,14
219000679,25,9,16
219000684,79,2,77
219000685,0,0,0
219000686,0,5,-5
219000688,1,39,-38
219000689,15,144,-129
219000690,175,29,146
219000691,31,201,-170
219000692,187,26,161
219000693,0,22,-22
219000694,4,0,4
219000695,63,5,58
219000698,15,1,14
219000699,0,74,-74
219000727,1,121,-120
219000728,75,1,74
219000770,42,3,39
219000771,2,60,-58
219000788,210,384,-174
219001150,0,34,-34
219001151,58,48,10
219001166,50,42,8
219001167,2,61,-59
219001178,57,0,57
220000001,76,205,-129
220000002,11,115,-104
220000003,224,137,87
220000004,369,277,92
220000005,611,1092,-481
220000006,158,481,-323
220000007,360,152,208
220000008,239,463,-224
220000009,327,447,-120
220000010,132,76,56
220000011,412,3549,-3137
220000012,23,316,-293
220000014,143,52,91
220000015,132,570,-438
220000017,21,387,-366
220000018,7047,2634,4413
220000019,198,576,-378
220000020,630,164,466
220000021,1079,170,909
220000022,1363,317,1046
220000023,541,141,400
220000024,1193,601,592
220000025,720,1760,-1040
220000026,366,479,-113
220000027,12,141,-129
220000028,34,86,-52
220000029,48,89,-41
220000030,32,148,-116
220000031,829,425,404
220000064,37,2057,-2020
221000046,5,0,5
221000047,0,0,0
221000048,0,1,-1
221000049,0,16,-16
221000050,14,1,13
221000055,51,27,24
221000057,84,5,79
221000068,265,129,136
221000069,341,79,262
221000070,253,21,232
221000071,158,8,150
221000072,336,5,331
221000073,177,29,148
221000074,2,8,-6
221000075,17,54,-37
221000076,14,33,-19
221000077,16,94,-78
221000081,10,6,4
221000082,117,4,113
221000083,24,6,18
221000084,28,9,19
221000085,18,37,-19
221000086,8,83,-75
221000087,13,86,-73
221000088,5,80,-75
221000089,34,154,-120
221000090,98,364,-266
221000098,119,25,94
221000099,195,10,185
221000100,174,8,166
221000101,217,18,199
221000102,171,10,161
221000109,16,90,-74
221000110,6,36,-30
221000111,16,110,-94
221000112,4,79,-75
221000113,21,55,-34
221000114,11,75,-64
221000120,40,60,-20
221000121,10,47,-37
221000122,48,96,-48
221000123,16,41,-25
221000124,18,124,-106
221000155,117,15,102
221000156,98,111,-13
221000175,6,32,-26
221000176,0,0,0
221000182,62,5,57
221000241,397,442,-45
221000242,134,439,-305
221000243,445,449,-4
221000244,155,581,-426
221000245,123,87,36
221000246,60,419,-359
221000247,112,47,65
221000248,164,192,-28
221000267,56,866,-810
221000325,22,119,-97
221000331,6,41,-35
221000338,16,49,-33
221000378,314,69,245
221000381,63,130,-67
222000282,16,4,12
222000296,2,27,-25
222000568,410,16,394
222000569,202,69,133
222000570,186,31,155
222000571,472,11,461
222000577,11,57,-46
222000578,12,97,-85
222000579,14,68,-54
222000580,35,452,-417
222000599,0,80,-80
222000600,1,175,-174
222000601,8,568,-560
222000603,15,42,-27
222000604,1,85,-84
222000605,19,78,-59
222000606,0,33,-33
222000607,1,13,-12
222000608,24,31,-7
222000609,53,84,-31
222000616,532,29,503
222000617,23,36,-13
222000618,9,14,-5
222000620,13,16,-3
222000621,30,30,0
222000623,695,20,675
222000624,547,9,538
222000625,863,20,843
222000636,52,2,50
222000686,30,44,-14
222000687,54,44,10
222001066,265,14,251
222001067,43,2,41
222001068,44,7,37
222001069,138,16,122
222001082,18,17,1
222001083,37,23,14
222001084,0,61,-61
222001085,1,103,-102
222001111,73,28,45
222001112,341,21,320
222001313,19,8,11
222001314,3,141,-138
222001464,343,57,286
222001465,13,62,-49
222001484,239,30,209
222001485,12,70,-58
222001494,773,153,620
222001495,151,94,57
222001496,471,104,367
222001497,124,194,-70
222001502,6,31,-25
222001503,115,28,87
222001504,29,174,-145
222001505,470,9,461
222001506,53,315,-262
222001507,215,13,202
222001510,720,17,703
222001511,51,144,-93
222001514,612,112,500
222001515,101,320,-219
222001518,595,52,543
222001519,69,74,-5
222001527,184,52,132
222001528,27,100,-73
222001529,538,35,503
222001530,93,140,-47
222001533,136,106,30
222001534,471,57,414
222001535,383,299,84
222001536,45,112,-67
222001537,441,44,397
222001538,40,346,-306
222001563,1289,108,1181
222001564,90,227,-137
222001568,233,267,-34
222001576,1,1,0
222001579,0,19,-19
222001583,19,41,-22
222001584,118,54,64
222001596,735,1286,-551
222001597,1178,298,880
222001626,0,67,-67
222001650,9,118,-109
222001651,23,491,-468
222001914,225,66,159
222001915,62,274,-212
222001968,544,264,280
222001969,210,417,-207
222001970,143,453,-310
222001971,47,3,44
222001972,1,4,-3
225000001,424,114,310
225000002,737,160,577
225000003,759,71,688
225000004,507,184,323
225000005,73,53,20
225000006,0,196,-196
225000007,1077,1146,-69
225000010,248,11,237
225000011,353,1529,-1176
225000012,444,875,-431
225000013,160,95,65
225000014,580,156,424
225000015,102,91,11
225000021,749,135,614
225000027,161,341,-180
225000032,712,116,596
225000042,84,480,-396
225000049,29,66,-37
225000050,149,9,140
225000053,15,180,-165
225000058,791,185,606
225000067,153,88,65
225000068,89,186,-97
225000069,42,350,-308
225000070,110,192,-82
225000071,35,81,-46
225000075,25,583,-558
225000076,25,119,-94
225000078,57,39,18
225000085,131,135,-4
225000086,450,125,325
225000087,144,13,131
225000088,9,148,-139
225000089,71,936,-865
225000090,46,387,-341
225000091,129,85,44
225000092,85,40,45
225000093,202,188,14
225000094,19,114,-95
225000095,231,287,-56
225000096,155,345,-190
225000098,848,272,576
225000099,688,134,554
225000100,574,107,467
225000104,115,274,-159
225000110,4,288,-284
225000111,162,703,-541
225000112,279,886,-607
225000113,189,598,-409
225000114,125,273,-148
225000115,1056,558,498
225000116,641,190,451
225000117,879,350,529
225000118,1171,301,870
225000119,360,86,274
225000120,674,41,633
225000121,159,10,149
225000123,515,19,496
225000125,706,177,529
225000126,1121,272,849
225000127,684,1939,-1255
225000128,654,970,-316
225000132,639,31,608
225000133,284,34,250
225000134,886,155,731
225000135,100,10,90
225000136,558,16,542
225000137,291,58,233
225000138,534,101,433
225000143,35,167,-132
225000144,2,249,-247
225000145,86,26,60
225000146,77,35,42
225000147,47,95,-48
225000148,2,90,-88
225000149,38,191,-153
225000151,41,93,-52
225000155,278,258,20
225000156,237,809,-572
225000157,419,327,92
225000158,33,218,-185
225000171,4,127,-123
225000180,11,1,10
225000181,0,67,-67
225000182,78,12,66
225000185,3,298,-295
225000187,30,316,-286
225000191,48,1,47
225000194,0,8,-8
225000208,2,46,-44
225000209,132,7,125
225000210,3,174,-171
225000217,1,9,-8
225000218,32,0,32
225000223,0,111,-111
225000224,44,1,43
225000225,1,46,-45
225000226,15,3,12
225000227,37,89,-52
225000228,6,4,2
225000229,0,32,-32
225000230,5,1,4
225000231,0,31,-31
225000232,165,0,165
225000241,91,2,89
225000242,0,56,-56
225000249,27,0,27
225000250,74,236,-162
225000251,601,59,542
226000042,134,275,-141
226000043,32,205,-173
226000044,99,327,-228
226000045,42,193,-151
226000046,596,110,486
226000047,604,172,432
226000048,537,153,384
226000049,437,310,127
226000070,0,19,-19
226000071,0,53,-53
226000072,0,30,-30
226000073,0,15,-15
226000074,0,29,-29
226000084,0,26,-26
226000085,4,10,-6
226000086,2,23,-21
226000087,0,46,-46
226000088,7,31,-24
226000090,111,276,-165
226000091,24,104,-80
226000092,1,12,-11
226000093,16,3,13
226000094,10,8,2
226000095,7,6,1
226000105,33,3,30
226000106,5,0,5
226000107,18,0,18
226000108,20,1,19
226000109,107,0,107
226000124,173,125,48
226000134,997,690,307
226000135,1802,708,1094
226000136,686,533,153
226000137,4,131,-127
226000138,48,82,-34
226000139,1,58,-57
226000156,342,1,341
226000157,373,9,364
226000163,162,225,-63
226000202,9,152,-143
226000231,863,7,856
226000232,35,8,27
227000033,425,56,369
227000036,609,31,578
227000037,639,40,599
227000038,187,31,156
227000049,1,40,-39
227000050,0,81,-81
227000055,69,1,68
227000056,30,0,30
227000084,2,161,-159
227000085,0,62,-62
227000088,35,8,27
227000089,135,3,132
227000090,24,0,24
227000091,38,5,33
227000093,96,0,96
227000094,15,0,15
227000130,28,183,-155
227000131,22,123,-101
227000132,14,89,-75
227000133,8,76,-68
227000134,17,133,-116
227000152,0,12,-12
227000153,0,69,-69
227000155,0,38,-38
227000156,1,17,-16
227000165,3,136,-133
227000196,434,81,353
227000199,705,239,466
227000230,44,196,-152
227000232,858,41,817
227000242,38,447,-409
227000243,451,87,364
227000245,22,274,-252
227000246,89,183,-94
227000247,543,33,510
227000248,197,84,113
227000249,36,319,-283
227000250,360,263,97
227000251,113,516,-403
227000252,39,116,-77
227000253,267,35,232
227000262,685,44,641
227000266,1858,68,1790
227000267,36,802,-766
227000282,1,75,-74
227000284,932,30,902
227000286,2,36,-34
227000287,31,40,-9
227000291,7,251,-244
227000484,177,9,168
227000485,10,718,-708
227000655,200,1,199
227000656,737,39,698
227000657,135,6,129
227000661,580,32,548
227000680,175,79,96
229000265,66,27,39
229000296,1,9,-8
229000297,1,14,-13
229000298,11,103,-92
229000320,11,7,4
229000321,8,2,6
229000412,16,19,-3
229000414,13,30,-17
229000415,5,2,3
229000416,0,9,-9
229000417,1,4,-3
229000419,60,170,-110
229000440,273,68,205
229000442,10,25,-15
229000443,6,7,-1
229000444,0,26,-26
229000445,65,2,63
229000446,46,22,24
229000491,0,4,-4
229000492,1,11,-10
229000493,3,11,-8
229000494,31,0,31
229000495,72,2,70
229000496,37,1,36
229000507,0,7,-7
229000508,0,6,-6
229000509,0,9,-9
229000510,0,6,-6
229000511,0,0,0
229000512,0,2,-2
229000513,0,0,0
229000514,0,3,-3
229000517,2,0,2
229000518,5,0,5
229000519,0,3,-3
229000520,6,4,2
229000521,0,0,0
229000522,0,0,0
229000523,0,1,-1
229000524,0,3,-3
229000527,1,0,1
229000528,0,0,0
229000529,5,0,5
229000530,32,1,31
229000531,9,0,9
229000532,19,0,19
229000533,19,0,19
229000534,15,0,15
229000564,32,0,32
229000565,6,0,6
229000566,0,0,0
229000567,0,3,-3
229000582,35,0,35
229000583,2,1,1
229000584,0,6,-6
229000585,0,23,-23
229000718,0,0,0
229000719,0,0,0
229000720,0,0,0
229000721,0,0,0
229000722,0,1,-1
229000723,0,1,-1
229000724,0,2,-2
229000725,0,0,0
229000738,1,0,1
229000739,0,0,0
229000740,1,0,1
229000741,12,0,12
229000742,2,0,2
229000743,5,0,5
229000744,1,0,1
229000745,0,0,0
229000746,3,0,3
229000847,96,0,96
229000848,35,2,33
229000849,75,4,71
229000851,53,0,53
229000854,0,7,-7
229000856,3,39,-36
229000857,0,18,-18
229000858,1,16,-15
229000919,8,49,-41
229000930,1,251,-250
229000937,116,10,106
229000966,54,28,26
229000981,10,46,-36
229000985,6,21,-15
229000986,0,9,-9
229000987,0,1,-1
229000988,5,2,3
229000989,8,11,-3
229000990,5,2,3
229000991,1,1,0
229000992,6,8,-2
229000993,102,31,71
229000998,4,40,-36
229000999,78,10,68
229001034,0,10,-10
229001035,6,2,4
229001037,117,5,112
229001042,12,22,-10
229001047,7,26,-19
229001050,36,38,-2
229001168,0,3,-3
229001200,15,21,-6
229001338,3,5,-2
229001394,255,5,250
229001422,202,30,172
229001423,27,92,-65
229001431,57,51,6
229001432,17,45,-28
229001444,216,44,172
229001445,41,85,-44
229001479,8,0,8
229001503,349,74,275
229001504,137,112,25
229001505,152,32,120
229001506,71,73,-2
229001509,57,10,47
229001545,111,2,109
229001546,2,78,-76
229001553,147,10,137
229001554,20,60,-40
229001559,3,5,-2
229001560,3,28,-25
229001630,85,5,80
229001631,11,12,-1
229001635,0,16,-16
229001636,0,1,-1
229001658,0,100,-100
229001659,44,2,42
229001660,10,4,6
229001661,3,41,-38
229001662,27,2,25
229001663,1,58,-57
229002584,140,138,2
229002831,83,74,9
229002841,4,21,-17
229002842,24,18,6
229002843,52,19,33
229002844,15,36,-21
229002845,1,79,-78
229002846,36,21,15
229002847,1,17,-16
229002848,17,9,8
229002849,6,48,-42
229002850,33,0,33
229002851,19,128,-109
229002852,115,16,99
229002853,122,17,105
229002854,33,25,8
229002855,4,25,-21
229002856,26,5,21
229002857,10,80,-70
229002858,28,5,23
229002859,11,50,-39
229002860,74,17,57
229002861,45,31,14
229002862,26,24,2
229002863,33,40,-7
229002864,25,30,-5
229002865,32,25,7
229002866,37,40,-3
229002867,1,31,-30
229002868,9,42,-33
229002869,22,87,-65
229002870,55,11,44
235000066,144,37,107
235000067,76,75,1
235000072,24,73,-49
235000073,63,382,-319
235000074,36,35,1
235000080,14,27,-13
235000081,118,36,82
235000082,302,15,287
235000083,209,34,175
235000084,64,23,41
235000085,179,29,150
235000089,21,22,-1
235000092,54,154,-100
235000093,26,32,-6
235000097,2,3,-1
235000098,34,6,28
235000099,28,33,-5
235000116,16,8,8
235000117,441,16,425
235000133,15,617,-602
235000134,6,171,-165
235000206,6,12,-6
235000207,6,2,4
235000208,1,1,0
235000209,6,3,3
235000210,8,1,7
235000212,4,27,-23
235000213,1,12,-11
235000220,1,4,-3
235000221,41,32,9
235000238,22,279,-257
235000239,0,68,-68
235000242,347,1101,-754
235000245,307,168,139
235000246,27,45,-18
235000284,5,107,-102
235000295,76,24,52
235000305,263,47,216
235000306,498,28,470
235000307,36,8,28
235000308,5,4,1
235000309,65,0,65
235000310,40,0,40
235000311,397,5,392
235000322,0,36,-36
235000323,0,56,-56
235000324,1,39,-38
235000325,4,32,-28
235000326,17,70,-53
235000351,10,42,-32
235000352,6,27,-21
235000353,4,27,-23
235000354,27,37,-10
235000355,18,57,-39
235000356,46,0,46
235000357,55,2,53
235000358,25,11,14
235000359,8,3,5
235000360,35,4,31
235000361,112,5,107
235000381,113,41,72
235000382,152,22,130
235000390,5,8,-3
235000391,212,10,202
235000392,283,284,-1
235000393,147,166,-19
235000395,145,44,101
235000396,497,86,411
235000400,75,147,-72
235000401,7,149,-142
235000405,119,148,-29
235000406,46,108,-62
235000407,66,52,14
235000409,177,58,119
235000410,73,119,-46
235000411,2,27,-25
235000485,0,8,-8
235000486,16,1,15
235000549,80,76,4
235000550,126,58,68
235000599,156,35,121
235000600,2,20,-18
235000601,21,18,3
235000602,102,31,71
235000614,0,7,-7
235000648,0,9,-9
235000649,36,11,25
235000685,9,4,5
235000815,15,108,-93
235000834,0,4,-4
235000855,31,12,19
235000862,66,51,15
235000891,0,32,-32
235000892,66,49,17
235000901,51,57,-6
235000907,1,10,-9
235001010,58,27,31
235001029,196,148,48
235001030,257,148,109
235001078,117,121,-4
235001079,41,40,1
235001147,19,101,-82
235001166,7,28,-21
235001167,34,21,13
235001169,24,295,-271
235001188,2,10,-8
235001189,4,0,4
235001197,2,41,-39
235001200,54,56,-2
235001207,589,38,551
235001210,163,95,68
235001215,13,141,-128
235001239,0,42,-42
235001244,0,4,-4
235016267,0,35,-35
277101746,0,3,-3
277102712,4,1,3
277103813,0,2,-2
277103814,0,0,0
277103898,0,0,0
277104249,0,1,-1
277104250,0,7,-7
277104251,0,3,-3
277104252,0,1,-1
990011530,0,193,-193
990014944,2,216,-214
990015176,159,2,157
990015618,0,39,-39
990016032,1,190,-189
990032570,0,9,-9
990070001,160,40,120
990070103,0,1,-1
990070601,0,15,-15
990070751,1837,3,1834
990070766,0,160,-160
990071180,460,220,240
990071343,15,0,15
990071387,10,8,2
990071823,329,0,329
990072600,2,1106,-1104
990072964,2,276,-274
990073285,0,3,-3
990074393,0,327,-327
990074870,1930,13,1917
990075106,676,4,672
990075746,618,5,613
990076437,3001,5,2996
990076458,9,244,-235
997000007,396,27,369
997000041,0,200,-200
997000058,51,1,50
997000062,29,0,29
997000069,0,3,-3
997000070,0,10,-10
997000100,80,0,80
997000141,2,335,-333
997000198,56,526,-470
998000475,0,1,-1
998000736,0,46,-46
998000965,0,4,-4
998001031,0,88,-88
998001700,0,16,-16
998001899,0,0,0
998001900,8,0,8
998003073,1135,2,1133
998101900,0,0,0
998102850,1,164,-163
998501927,540,1119,-579
998501929,111,8,103
998501930,46,0,46
998501931,152,1,151
998501932,18,2,16
998501933,37,2,35
998501937,10,1,9
998501944,25,14,11
998501950,1,22,-21
998501970,96,5,91
998501971,0,32,-32
998501973,0,19,-19
998501974,6,138,-132
998501975,49,2,47
998501976,435,27,408
998501977,44,13,31
998501978,12,1,11
998501979,0,5,-5
998501980,92,0,92
998501981,49,0,49
998501982,0,124,-124
998501983,0,1,-1
998502006,0,0,0
998502024,0,3,-3
998502032,0,5,-5
998502062,18,1,17
998502063,0,0,0
998502173,46,0,46
998502269,0,0,0
998502546,0,316,-316
998502578,1,1,0
998502599,32,619,-587
998502621,0,0,0
998601159,6,41,-35
998601292,0,13,-13
999033574,1,172,-171
999800001,36,3,33
999800002,0,1,-1
999800003,15,0,15
999800004,0,1,-1
999800005,0,38,-38
