ID,insum,outsum,diff
100000001,648,1063,-415
100000002,4506,1073,3433
100000003,6710,3336,3374
100000004,1651,1163,488
100000005,2397,4691,-2294
100000006,1103,131,972
100000007,3640,722,2918
100000008,245,610,-365
100000009,752,191,561
100000010,71,34,37
100000011,1359,75,1284
100000012,148,861,-713
100000013,29,265,-236
100000014,477,344,133
100000015,3016,2860,156
100000016,1373,1757,-384
100000017,1183,1045,138
100000018,2387,762,1625
100000019,7652,2634,5018
100000020,2580,8503,-5923
100000021,7003,3388,3615
100000022,4007,1993,2014
100000023,8473,1699,6774
100000025,3788,1030,2758
100000028,3544,1066,2478
100000029,557,269,288
100000030,771,95,676
100000031,9979,9710,269
100000032,3760,5307,-1547
100000033,1526,3497,-1971
100000034,1211,528,683
100000035,3306,1260,2046
100000036,3921,1372,2549
100000037,600,666,-66
100000038,1936,1234,702
100000039,1311,228,1083
100000040,397,141,256
100000041,1307,442,865
100000042,1580,437,1143
100000043,1622,456,1166
100000044,525,999,-474
100000045,797,1765,-968
100000046,915,1672,-757
100000047,620,890,-270
100000048,1027,788,239
100000049,2110,3007,-897
100000051,944,1357,-413
100000053,128,6,122
100000054,562,30,532
100000055,1551,278,1273
100000056,715,850,-135
100000057,1958,1032,926
100000058,1124,1435,-311
100000059,9,126,-117
100000060,552,525,27
100000061,2888,717,2171
100000062,1951,671,1280
100000063,647,348,299
100000064,1828,590,1238
100000065,644,1209,-565
100000066,305,956,-651
100000067,599,972,-373
100000068,827,1861,-1034
100000069,522,2184,-1662
100000072,558,1266,-708
100000073,2003,1550,453
100000075,873,374,499
100000076,3650,4218,-568
100000077,1073,207,866
100000078,93,51,42
100000079,40,83,-43
100000080,31,23,8
100000081,137,74,63
100000102,7767,1736,6031
100000103,6743,1523,5220
100000104,6465,2811,3654
100000105,4822,1231,3591
100000106,4028,2161,1867
100000107,1062,854,208
100000108,1899,1180,719
100000109,7026,1592,5434
100000116,1915,977,938
100000117,53,48,5
100000118,2118,1148,970
100000119,1042,640,402
100000121,336,636,-300
100000122,3377,1170,2207
100000123,4265,7777,-3512
100000124,5886,12249,-6363
100000125,3516,1129,2387
100000126,1772,337,1435
100000127,4394,459,3935
100000128,1506,2250,-744
100000129,933,602,331
100000130,303,609,-306
100000131,3373,4276,-903
100000132,1676,3018,-1342
100000133,7396,3311,4085
100000135,609,896,-287
100000139,551,250,301
100000140,469,231,238
100000142,413,731,-318
100000143,2240,924,1316
100000144,5695,1107,4588
100000147,1329,3151,-1822
100000150,104,583,-479
100000151,976,1169,-193
100000153,969,378,591
100000154,539,119,420
100000155,27,62,-35
100000156,228,103,125
100000157,49,86,-37
100000158,222,127,95
100000159,1580,588,992
100000165,1812,1104,708
100000169,1246,465,781
100000174,2721,521,2200
100000179,168,568,-400
100000180,2481,1369,1112
100000181,407,297,110
100000188,119,473,-354
100000189,1302,401,901
100000190,917,535,382
100000191,745,494,251
100000192,135,133,2
100000193,167,175,-8
100000330,2320,854,1466
100000355,362,733,-371
100000362,7254,3748,3506
100000363,3597,5434,-1837
100000364,573,157,416
100000365,4684,5268,-584
100000366,7135,3104,4031
100000367,5486,4537,949
100000368,2740,1940,800
100000369,1616,1937,-321
100000370,211,593,-382
100000376,157,144,13
100000379,7738,1840,5898
100000380,10705,3176,7529
100000384,9052,5506,3546
100000385,8360,4391,3969
100000386,12638,7263,5375
100000387,11554,5231,6323
100000388,10430,8072,2358
100000389,10533,7185,3348
100000390,10878,5771,5107
100000391,7520,7780,-260
100000392,7082,2714,4368
100000393,3374,3521,-147
100000394,11712,5939,5773
100000395,6566,2263,4303
100000396,8882,2893,5989
100000397,5515,3000,2515
100000398,13676,9324,4352
100000413,32,27,5
100900002,11,48,-37
100900003,265,119,146
100900004,17,732,-715
100900005,263,29,234
100900006,13,237,-224
100900007,639,11,628
100900008,2,417,-415
100900009,74,64,10
100900010,57,133,-76
100900011,104,354,-250
100900012,2,251,-249
100900013,705,5,700
100900014,1,7,-6
100900015,121,132,-11
100900016,5,50,-45
100900017,893,83,810
100900018,0,22,-22
100900019,34,105,-71
100900020,697,9,688
100900021,175,0,175
100900022,6,21,-15
100900023,0,21,-21
100900024,1258,3,1255
100900025,25,6,19
100900026,98,167,-69
100900027,476,3020,-2544
100900028,185,197,-12
100900029,139,23,116
100900030,11,50,-39
100900031,663,73,590
100900032,103,0,103
100900033,273,174,99
100900034,535,1,534
100900035,1020,3,1017
100900036,23,1,22
100900037,64,241,-177
100900038,426,35,391
100900039,595,867,-272
100900040,1493,836,657
100900041,350,1010,-660
100900042,842,316,526
100900043,0,15,-15
100900044,3497,644,2853
100900045,219,0,219
100900046,447,7,440
100900047,646,148,498
100900048,218,26,192
100900049,59,207,-148
100900050,1,60,-59
100900051,145,76,69
100900052,356,22,334
100900053,272,28,244
100900054,37,139,-102
100900055,325,603,-278
100900056,212,409,-197
100900057,692,1566,-874
100900058,403,20,383
100900059,113,3,110
100900060,88,15,73
100900061,382,330,52
100900062,0,92,-92
100900063,194,518,-324
100900064,311,12,299
100900065,145,134,11
100900066,90,150,-60
100900067,1,10,-9
100900068,121,107,14
100900069,2451,17,2434
100900070,254,18,236
100900071,705,309,396
100900072,3,78,-75
100900073,129,576,-447
100900074,6,16,-10
100900075,2137,424,1713
100900076,32,50,-18
100900077,17,174,-157
100900078,77,777,-700
100900079,3,52,-49
100900080,23,189,-166
100900081,81,280,-199
100900082,105,977,-872
100900083,6,58,-52
100900085,12,83,-71
100900086,316,1774,-1458
100900088,100,907,-807
100900089,2,44,-42
100900090,169,393,-224
100900091,1,29,-28
100900092,350,250,100
100900093,176,417,-241
100900094,122,776,-654
100900095,1,47,-46
100900096,41,116,-75
100900097,1,4,-3
100900098,36,15,21
100900099,39,719,-680
100900100,13,379,-366
100900101,387,46,341
100900102,61,55,6
100900103,4,25,-21
100900104,7,198,-191
100900105,27,262,-235
100900106,57,3,54
100900107,2222,823,1399
100900108,4,17,-13
100900109,7,44,-37
100900110,4,55,-51
100900111,42,163,-121
100900112,0,11,-11
100900113,25,31,-6
100900114,12,24,-12
100900115,0,52,-52
100900116,783,1494,-711
100900117,291,821,-530
100900118,11,59,-48
100900119,7,22,-15
100900120,3,17,-14
100900121,316,927,-611
100900122,204,270,-66
100900123,67,169,-102
100900124,8,7,1
100900125,15,86,-71
100900126,112,256,-144
100900127,1,13,-12
100900128,114,136,-22
100900129,4,154,-150
100900131,65,207,-142
100900133,84,49,35
100900134,2,8,-6
100900135,0,151,-151
100900137,368,195,173
100900138,636,464,172
100900139,4,7,-3
100900140,5,942,-937
100900141,4,457,-453
100900142,0,9,-9
100900143,1136,430,706
100900144,11,10,1
100900145,76,157,-81
100900146,5,46,-41
100900147,35,345,-310
100900148,27,1266,-1239
100900149,39,79,-40
100900150,2,30,-28
100900151,130,582,-452
100900152,85,3,82
100900153,5,195,-190
100900154,7,22,-15
100900155,5,8,-3
100900156,10,2,8
100900157,2,136,-134
100900159,1,18,-17
100900160,24,21,3
100900161,109,7,102
100900162,18,192,-174
100900163,177,263,-86
100900164,84,57,27
100900165,49,41,8
100900166,32,3,29
100900167,3,80,-77
100900168,54,125,-71
100900169,159,929,-770
100900170,13,10,3
100900171,15,582,-567
100900172,0,10,-10
100900173,8,769,-761
100900174,643,68,575
100900176,1738,236,1502
100900177,985,634,351
100900178,558,115,443
100900179,122,134,-12
100900180,4,1,3
100900181,88,59,29
100900182,24,5,19
100900184,8,169,-161
100900186,1178,757,421
100900187,7,179,-172
100900188,34,29,5
100900189,1079,242,837
100900191,1439,1207,232
100900192,308,271,37
100900195,200,161,39
100900197,28,155,-127
100900198,14,520,-506
100900199,21,21,0
100900200,639,475,164
100900201,46,663,-617
100900202,43,0,43
100900203,1,98,-97
100900204,595,605,-10
100900205,182,443,-261
100900206,132,66,66
100900207,232,168,64
100900210,109,792,-683
100900211,463,192,271
100900213,59,44,15
100900214,1227,164,1063
100900215,11,39,-28
100900217,269,103,166
101000001,5318,2301,3017
101000002,4673,5644,-971
101000003,1060,3015,-1955
101000004,10557,12460,-1903
101000005,4932,7159,-2227
101000006,8021,11242,-3221
101000007,3346,3960,-614
101000008,6892,3928,2964
101000009,2525,2448,77
101000010,1328,1947,-619
101000011,2912,829,2083
101000012,2860,892,1968
101000013,591,1311,-720
101000014,993,874,119
101000015,1468,931,537
101000016,1558,590,968
101000017,1331,683,648
101000018,9452,2881,6571
101000020,7767,1049,6718
101000021,3270,402,2868
101000022,380,52,328
101000023,2737,970,1767
101000025,268,463,-195
101000026,654,26,628
101000027,3683,1708,1975
101000028,1792,175,1617
101000029,142,1084,-942
101000030,1636,88,1548
101000031,757,228,529
101000032,9178,2945,6233
101000033,4886,3806,1080
101000034,6410,1785,4625
101000035,2238,572,1666
101000036,3491,778,2713
101000037,7327,1731,5596
101000039,4873,2513,2360
101000040,5937,4116,1821
101000041,15306,7087,8219
101000042,1524,1078,446
101000043,10746,5738,5008
101000045,2264,838,1426
101000046,2739,729,2010
101000047,1799,1514,285
101000048,1233,1081,152
101000049,1298,1480,-182
101000050,2054,1368,686
101000051,2850,2267,583
101000052,2870,818,2052
101000053,1451,2266,-815
101000054,1806,1672,134
101000055,1811,2182,-371
101000056,75,100,-25
101000057,3446,1008,2438
101000058,3315,1255,2060
101000059,6061,1817,4244
101000060,2384,725,1659
101000061,1398,1617,-219
101000062,1271,1119,152
101000063,1153,1036,117
101000064,2100,790,1310
101000065,563,463,100
101000066,774,388,386
101000067,1444,585,859
101000068,591,325,266
101000069,723,76,647
101000070,1845,986,859
101000071,3128,1080,2048
101000072,1233,4630,-3397
101000073,873,676,197
101000074,5782,3853,1929
101000075,6404,3150,3254
101000077,1210,1279,-69
101000078,1000,2107,-1107
101000079,602,445,157
101000080,700,291,409
101000081,1415,1950,-535
101000082,4277,3064,1213
101000083,2351,2510,-159
101000084,1703,1176,527
101000085,1989,1322,667
101000086,1390,1336,54
101000087,1129,1533,-404
101000088,1085,1320,-235
101000089,962,1992,-1030
101000090,2949,1757,1192
101000091,410,1551,-1141
101000092,800,1433,-633
101000093,1882,991,891
101000094,693,1527,-834
101000095,247,905,-658
101000096,387,758,-371
101000097,1110,327,783
101000098,950,716,234
101000099,1308,1868,-560
101000100,1210,820,390
101000101,625,321,304
101000102,2655,417,2238
101000103,1267,428,839
101000104,526,602,-76
101000105,2205,398,1807
101000106,1707,612,1095
101000107,196,495,-299
101000108,1883,458,1425
101000109,305,83,222
101000110,43,974,-931
101000111,203,330,-127
101000113,320,901,-581
101000114,6217,2462,3755
101000115,131,285,-154
101000116,309,381,-72
101000117,926,504,422
101000119,170,60,110
101000120,364,17,347
101000121,165,32,133
101000122,241,60,181
101000123,98,92,6
101000124,252,176,76
101000125,270,680,-410
101000128,1527,306,1221
101000130,306,323,-17
101000131,830,941,-111
101000132,514,2423,-1909
101000135,115,30,85
101000136,398,104,294
101000137,24,308,-284
101000141,3346,3479,-133
101000147,1354,675,679
101000148,2468,32,2436
101000149,297,150,147
101000150,87,1618,-1531
101000151,99,111,-12
101000152,516,455,61
101000153,798,591,207
101000154,266,2332,-2066
101000155,211,206,5
101000156,21,348,-327
101000157,88,28,60
101000160,171,117,54
101000163,326,144,182
101000164,640,652,-12
101000165,232,492,-260
101000166,341,381,-40
101000168,1069,506,563
101000252,1690,1094,596
101000254,578,47,531
101000258,29,10,19
101000261,75,24,51
101000262,2902,1442,1460
101000263,345,840,-495
101000265,117,965,-848
101000266,501,323,178
101000269,220,13,207
101000290,2954,4934,-1980
101000293,25,109,-84
101000294,633,416,217
101000295,187,703,-516
101000301,1289,383,906
101000304,4733,3554,1179
101000305,4642,2772,1870
101000328,152,510,-358
101900001,11,90,-79
101900002,0,14,-14
101900003,308,110,198
101900004,1,59,-58
101900005,6727,1792,4935
101900006,1230,62,1168
101900007,934,120,814
101900008,324,483,-159
101900009,136,747,-611
101900010,1309,872,437
101900011,542,2341,-1799
101900012,153,602,-449
101900013,1512,142,1370
101900017,54,192,-138
101900018,2006,228,1778
101900019,545,220,325
101900020,99,99,0
101900021,1,67,-66
101900022,108,1794,-1686
101900023,91,295,-204
101900026,149,43,106
101900027,12,141,-129
102000001,7844,5326,2518
102000002,5304,1829,3475
102000003,4710,8734,-4024
102000004,10258,4481,5777
102000005,2698,3336,-638
102000006,3007,3374,-367
102000007,2151,7896,-5745
102000008,7256,3276,3980
102000009,6130,9743,-3613
102000010,6751,6616,135
102000011,3877,2865,1012
102000012,5832,5529,303
102000018,4625,3687,938
102000019,3857,2847,1010
102000026,313,1657,-1344
102000029,468,281,187
102000030,127,463,-336
102000031,86,318,-232
102000032,501,622,-121
102000033,308,658,-350
102000034,538,919,-381
102000035,1275,923,352
102000036,9,788,-779
102000037,225,151,74
102000038,498,174,324
102000039,684,137,547
102000040,739,144,595
102000041,350,708,-358
102000042,423,322,101
102000043,490,299,191
102000044,2041,953,1088
102000045,1159,1836,-677
102000046,1543,892,651
102000047,676,1977,-1301
102000048,392,1378,-986
102000049,2206,1163,1043
102000050,1764,1519,245
102000051,643,943,-300
102000052,1796,1075,721
102000053,2147,1195,952
102000054,650,1156,-506
102000055,991,1587,-596
102000056,651,2612,-1961
102000057,1463,849,614
102000058,1185,2904,-1719
102000059,2006,2172,-166
102000060,1746,1424,322
102000061,1559,3190,-1631
102000062,1435,1763,-328
102000063,1577,2261,-684
102000064,895,1130,-235
102000065,45,178,-133
102000066,1300,2855,-1555
102000067,3438,4722,-1284
102000068,15967,4806,11161
102000069,107,2617,-2510
102000070,2232,91,2141
102000071,11686,12978,-1292
102000072,4038,7617,-3579
102000073,1581,1677,-96
102000074,984,1131,-147
102000075,362,509,-147
102000076,344,846,-502
102000077,554,1736,-1182
102000078,927,1281,-354
102000079,123,347,-224
102000080,289,297,-8
102000081,431,941,-510
102000082,989,424,565
102000083,531,513,18
102000084,210,642,-432
102000085,2190,1744,446
102000086,1298,1566,-268
102000087,1271,2290,-1019
102000088,307,384,-77
102000089,1213,533,680
102000090,420,1192,-772
102000091,2201,600,1601
102000092,474,1278,-804
102000093,971,1088,-117
102000094,1240,827,413
102000095,1278,1361,-83
102000096,838,932,-94
102000097,1133,1162,-29
102000098,687,1002,-315
102000099,1364,774,590
102000100,1032,1620,-588
102000101,1900,889,1011
102000102,465,4758,-4293
102000103,2037,618,1419
102000104,1542,481,1061
102000105,395,1235,-840
102000106,786,1513,-727
102000107,1122,832,290
102000108,753,415,338
102000109,784,929,-145
102000110,878,2295,-1417
102000111,17,486,-469
102000112,168,106,62
102000113,20,60,-40
102000114,1533,484,1049
102000115,236,282,-46
102000116,1117,439,678
102000117,495,619,-124
102000118,2986,1363,1623
102000119,3752,823,2929
102000120,230,638,-408
102000121,982,528,454
102000122,501,1073,-572
102000123,1494,1201,293
102000124,1282,1283,-1
102000125,893,1247,-354
102000126,629,875,-246
102000127,1051,869,182
102000128,688,1263,-575
102000129,1137,1140,-3
102000130,561,694,-133
102000131,1702,610,1092
102000132,616,552,64
102000133,1434,2969,-1535
102000134,737,1140,-403
102000135,1290,2004,-714
102000136,1445,1054,391
102000137,961,916,45
102000138,259,520,-261
102000139,126,443,-317
102000140,611,329,282
102000141,281,674,-393
102000142,331,494,-163
102000143,151,645,-494
102000144,245,522,-277
102000145,396,611,-215
102000146,390,380,10
102000147,379,480,-101
102000148,327,571,-244
102000149,188,852,-664
102000150,238,525,-287
102000151,242,537,-295
102000152,140,306,-166
102000153,1302,603,699
102000154,788,877,-89
102000155,151,334,-183
102000156,812,99,713
102000157,255,219,36
102000158,1065,703,362
102000159,1861,657,1204
102000161,5066,2859,2207
102000162,301,168,133
102000163,129,622,-493
102000164,1357,1187,170
102000165,370,127,243
102000166,83,211,-128
102000167,363,209,154
102000168,311,176,135
102000169,156,919,-763
102000170,974,197,777
102000171,411,133,278
102000172,459,424,35
102000173,760,376,384
102000174,50,86,-36
102000175,161,218,-57
102000176,51,84,-33
102000178,438,654,-216
102000179,368,282,86
102000180,778,831,-53
102000181,500,811,-311
102000182,585,836,-251
102000183,1698,2365,-667
102000184,1898,1214,684
102000185,2399,1933,466
102000186,1112,2486,-1374
102000187,789,2276,-1487
102000188,829,1925,-1096
102000189,3405,1197,2208
102000190,806,3471,-2665
102000191,1441,777,664
102000192,1256,1653,-397
102000193,113,210,-97
102000194,96,178,-82
102000195,733,719,14
102000196,189,675,-486
102000197,625,634,-9
102000198,161,1090,-929
102000199,788,396,392
102000200,460,1237,-777
102000201,614,609,5
102000202,16,165,-149
102000203,411,516,-105
102000204,524,1519,-995
102000205,1368,878,490
102000206,1128,1093,35
102000207,1816,610,1206
102000208,701,835,-134
102000209,54,55,-1
102000210,579,734,-155
102000211,505,551,-46
102000212,215,27,188
102000213,4,540,-536
102000214,248,14,234
102000215,4,698,-694
102000216,58,91,-33
102000217,23,236,-213
102000218,150,205,-55
102000219,620,404,216
102000225,781,1066,-285
102000226,5575,1500,4075
102000227,448,7,441
102000228,1,151,-150
102000229,40,41,-1
102000230,311,758,-447
102000231,331,696,-365
102000232,19,533,-514
102000233,469,1412,-943
102000234,141,1301,-1160
102000236,255,123,132
102000237,1121,224,897
102000238,241,482,-241
102000240,1047,692,355
102000241,212,151,61
102000243,6,163,-157
102000245,56,126,-70
102000246,45,46,-1
102000247,2475,1565,910
102000248,1292,1120,172
102000249,177,210,-33
102000250,72,732,-660
102000254,95,587,-492
102000266,55,218,-163
102000271,50,1,49
102000286,570,660,-90
102000297,2553,1618,935
102000299,24,25,-1
102000301,0,0,0
102000303,0,1,-1
102000305,0,0,0
102000307,0,2,-2
102900001,1416,1580,-164
102900002,414,36,378
102900003,41,385,-344
102900005,175,344,-169
102900006,304,192,112
102900007,424,16,408
102900008,119,69,50
102900009,409,247,162
102900010,657,463,194
102900011,2196,588,1608
102900012,491,58,433
102900013,19,77,-58
102900015,930,573,357
102900016,63,153,-90
102900017,125,795,-670
102900018,36,181,-145
102900019,729,770,-41
102900020,134,35,99
102900021,35,195,-160
102900022,711,145,566
102900023,28,65,-37
102900024,35,60,-25
102900025,394,160,234
102900026,845,1584,-739
102900027,67,96,-29
102900028,139,847,-708
102900029,185,251,-66
102900030,407,354,53
102900031,137,189,-52
102900032,51,150,-99
102900033,152,281,-129
102900034,447,170,277
102900035,150,490,-340
102900036,269,773,-504
102900037,290,974,-684
102900038,608,974,-366
102900039,33,506,-473
102900040,160,291,-131
102900041,66,287,-221
102900042,205,585,-380
102900043,143,403,-260
102900044,823,2463,-1640
102900045,155,694,-539
102900046,122,328,-206
102900047,88,810,-722
102900048,639,826,-187
102900049,117,460,-343
102900050,293,446,-153
102900051,247,274,-27
102900053,392,1003,-611
102900054,1016,1186,-170
102900055,99,186,-87
102900056,146,610,-464
102900057,4,59,-55
102900058,365,117,248
102900059,22,59,-37
102900060,140,576,-436
102900061,150,705,-555
102900062,212,1665,-1453
102900063,1120,624,496
102900064,170,688,-518
102900065,3032,785,2247
102900066,273,39,234
102900068,145,93,52
102900070,275,830,-555
102900072,20,58,-38
102900073,177,8,169
102900075,86,61,25
102900076,309,92,217
102900077,52,56,-4
102900078,41,151,-110
102900079,360,11,349
102900080,350,28,322
102900081,89,392,-303
102900082,4,274,-270
102900083,478,7,471
102900084,8,27,-19
102900085,220,91,129
102900086,0,67,-67
102900087,173,170,3
102900088,88,32,56
102900089,358,159,199
102900090,2,640,-638
102900091,163,3,160
102900092,272,1534,-1262
102900094,3,102,-99
102900095,253,1,252
102900096,49,30,19
102900097,1,127,-126
103000001,3159,4149,-990
103000002,4176,3390,786
103000003,5963,3842,2121
103000004,1070,909,161
103000005,2778,4656,-1878
103000006,762,2155,-1393
103000007,546,1047,-501
103000008,1542,1253,289
103000009,1516,1400,116
103000010,311,261,50
103000011,1748,1406,342
103000012,1157,1912,-755
103000013,7066,2547,4519
103000014,1532,3494,-1962
103000015,3478,949,2529
103000016,736,1664,-928
103000017,202,539,-337
103000018,1299,527,772
103000019,244,307,-63
103000020,3033,1747,1286
103000021,2713,1778,935
103000022,1205,1467,-262
103000023,648,2338,-1690
103000024,110,257,-147
103000025,88,756,-668
103000026,1815,195,1620
103000027,331,734,-403
103000028,591,479,112
103000029,297,227,70
103000030,2247,884,1363
103000031,1893,3406,-1513
103000032,2128,2282,-154
103000033,3120,3468,-348
103000034,1909,1229,680
103000035,463,1898,-1435
103000036,627,690,-63
103000037,700,574,126
103000038,524,1452,-928
103000039,370,596,-226
103000040,496,1908,-1412
103000041,1812,3262,-1450
103000042,986,883,103
103000043,502,1817,-1315
103000044,192,318,-126
103000046,244,801,-557
103000047,849,955,-106
103000048,228,284,-56
103000049,119,282,-163
103000050,1086,988,98
103000051,510,809,-299
103000052,1077,617,460
103000053,204,814,-610
103000054,2807,1606,1201
103000055,1934,2841,-907
103000056,615,2484,-1869
103000057,369,448,-79
103000058,653,1131,-478
103000059,404,1113,-709
103000060,1045,1007,38
103000061,434,1244,-810
103000062,1345,1056,289
103000063,771,1046,-275
103000064,164,386,-222
103000065,7,438,-431
103000066,240,8,232
103000069,279,523,-244
103000070,1129,1567,-438
103000071,1422,539,883
103000072,112,1174,-1062
103000073,843,167,676
103000074,712,98,614
103000075,140,1004,-864
103000076,342,454,-112
103000077,78,471,-393
103000078,2591,738,1853
103000079,1893,969,924
103000080,1596,464,1132
103000081,663,1293,-630
103000082,609,272,337
103000083,147,483,-336
103000084,210,13,197
103000085,2,119,-117
103000086,1512,555,957
103000087,405,706,-301
103000088,719,480,239
103000089,429,918,-489
103000090,2354,917,1437
103000091,570,563,7
103000092,518,285,233
103000093,253,643,-390
103000094,218,120,98
103000095,69,524,-455
103000096,805,175,630
103000097,108,824,-716
103000098,1080,240,840
103000099,409,713,-304
103000100,79,1197,-1118
103000101,777,142,635
103000102,88,806,-718
103000103,706,346,360
103000104,127,155,-28
103000105,150,193,-43
103000106,18,87,-69
103000107,297,82,215
103000108,1360,802,558
103000109,750,477,273
103000110,574,459,115
103000111,912,455,457
103000112,607,271,336
103000113,1576,962,614
103000114,4005,441,3564
103000115,408,804,-396
103000116,452,701,-249
103000117,339,632,-293
103000118,2336,1099,1237
103000119,2577,724,1853
103000120,150,85,65
103000121,666,803,-137
103000122,879,501,378
103000125,12,526,-514
103000126,500,4,496
103000127,2,266,-264
103000128,170,4,166
103000129,3,154,-151
103000130,40,37,3
103000131,202,108,94
103000132,94,142,-48
103000133,6,146,-140
103000134,1064,1092,-28
103000135,1112,352,760
103000136,1083,617,466
103000137,1136,611,525
103000138,1275,1006,269
103000139,8,80,-72
103000140,268,41,227
103000141,31,122,-91
103000142,107,98,9
103000143,197,252,-55
103000144,212,145,67
103000145,41,25,16
103000150,122,90,32
103000152,631,292,339
103000153,715,215,500
103000156,2,536,-534
103000157,393,2,391
103000159,85,33,52
103000162,226,28,198
103000163,21,32,-11
103000164,93,30,63
103000165,323,541,-218
103000166,268,336,-68
103000167,436,124,312
103000168,91,205,-114
103000169,269,706,-437
103000170,642,665,-23
103000171,48,78,-30
103000172,355,568,-213
103000173,381,1055,-674
103000174,203,521,-318
103000175,160,509,-349
103000176,1334,567,767
103000177,1038,467,571
103000178,361,383,-22
103000179,199,64,135
103000183,86,34,52
103000185,59,96,-37
103000186,122,298,-176
103000187,458,1039,-581
103000188,7,41,-34
103000189,2472,1196,1276
103000191,498,523,-25
103000292,3535,1396,2139
103000293,1463,1993,-530
103000295,125,122,3
103000296,309,4,305
103000297,16,7,9
103000504,331,38,293
103000505,9,13,-4
103000506,0,280,-280
103000507,198,8,190
103000508,89,43,46
103000509,311,756,-445
103900001,0,197,-197
103900002,2483,221,2262
103900003,2256,437,1819
103900004,114,0,114
103900005,2,298,-296
103900006,29,97,-68
103900007,26,2,24
103900008,57,0,57
103900010,214,437,-223
103900012,16,35,-19
103900014,43,39,4
103900015,43,18,25
103900017,28,121,-93
103900018,864,338,526
103900019,67,343,-276
103900020,242,515,-273
103900021,998,457,541
103900022,1354,833,521
103900023,89,1,88
103900024,156,768,-612
103900025,11,62,-51
103900026,234,0,234
103900027,817,465,352
103900028,214,394,-180
103900029,1220,199,1021
103900030,990,23,967
103900031,43,5,38
103900032,69,83,-14
103900033,330,6,324
103900034,27,472,-445
103900035,90,79,11
103900036,77,34,43
103900037,124,37,87
103900038,85,188,-103
103900039,54,603,-549
103900040,18,253,-235
103900041,40,37,3
103900042,57,622,-565
103900043,137,167,-30
103900044,281,404,-123
103900045,266,281,-15
103900047,67,41,26
103900048,48,16,32
103900049,261,1941,-1680
103900050,7,85,-78
103900051,0,53,-53
103900053,213,1396,-1183
103900054,89,649,-560
103900055,202,63,139
103900056,27,53,-26
103900057,24,254,-230
103900058,163,976,-813
103900059,0,10,-10
103900060,51,315,-264
103900061,133,46,87
103900062,311,127,184
103900063,10,0,10
103900064,112,3,109
103900065,637,240,397
103900066,90,12,78
103900067,122,17,105
103900068,12,0,12
103900069,122,14,108
103900070,153,402,-249
103900071,10,184,-174
103900072,3,324,-321
103900073,53,24,29
103900074,69,166,-97
103900075,148,146,2
103900076,345,1051,-706
103900077,51,108,-57
103900078,191,214,-23
103900079,96,280,-184
103900080,16,84,-68
103900081,272,41,231
103900082,20,134,-114
103900083,2113,1578,535
103900084,80,196,-116
103900085,108,135,-27
103900086,752,413,339
103900088,426,430,-4
103900089,34,272,-238
103900090,3,261,-258
103900091,1015,293,722
103900092,991,805,186
103900093,108,327,-219
103900094,10,143,-133
103900095,1900,644,1256
103900096,22,293,-271
103900097,6,501,-495
103900098,308,187,121
103900099,47,234,-187
103900100,253,472,-219
103900101,103,1260,-1157
103900102,3,49,-46
103900104,3,55,-52
103900105,147,274,-127
103900106,0,35,-35
103900107,81,329,-248
103900108,45,553,-508
103900109,84,126,-42
103900110,234,57,177
103900111,91,992,-901
103900112,16,69,-53
103900113,108,161,-53
103900114,948,924,24
103900115,259,259,0
103900116,8868,3001,5867
103900117,223,183,40
103900119,25,68,-43
103900120,59,164,-105
103900122,63,488,-425
103900123,2601,721,1880
103900124,86,768,-682
103900125,132,118,14
103900126,525,807,-282
103900127,220,729,-509
103900128,334,430,-96
103900131,17,169,-152
103900133,1213,100,1113
103900134,1,3,-2
103900135,0,2,-2
103900137,1,16,-15
103900138,86,367,-281
103900139,920,1640,-720
103900140,2,105,-103
103900141,361,90,271
103900142,185,392,-207
103900143,34,3,31
103900144,1,133,-132
103900145,186,407,-221
103900146,323,538,-215
103900147,397,136,261
103900148,441,709,-268
103900149,207,1042,-835
103900150,10429,4262,6167
103900151,94,273,-179
103900152,376,767,-391
103900153,21,8,13
103900154,2868,3327,-459
103900155,19,351,-332
103900156,16,261,-245
103900157,46,434,-388
103900158,87,334,-247
103900159,154,117,37
103900160,70,19,51
103900161,112,287,-175
103900162,311,1014,-703
103900163,9,674,-665
103900167,28,99,-71
103900168,128,162,-34
103900169,54,45,9
103900170,1,150,-149
103900171,1,74,-73
103900172,15,69,-54
103900173,14,23,-9
103900174,114,38,76
103900175,123,65,58
103900176,4,32,-28
103900177,17,66,-49
103900178,66,144,-78
103900179,39,449,-410
103900180,14,207,-193
103900181,89,78,11
103900182,27,24,3
103900184,933,78,855
103900185,467,268,199
103900187,171,62,109
103900188,56,24,32
103900189,108,9,99
103900190,68,97,-29
103900191,27,42,-15
103900192,36,78,-42
103900193,196,144,52
103900194,73,451,-378
103900195,7,53,-46
103900196,13,18,-5
103900197,14,32,-18
103900198,4,66,-62
103900199,194,102,92
103900200,130,173,-43
103900201,104,203,-99
103900202,2,65,-63
103900203,76,23,53
103900204,4,160,-156
103900207,0,234,-234
103900208,98,3,95
103900209,13,132,-119
103900210,47,36,11
103900211,470,844,-374
103900212,201,817,-616
103900213,291,364,-73
103900214,676,195,481
103900215,749,411,338
103900216,9,648,-639
103900217,421,26,395
103900218,136,742,-606
103900219,166,710,-544
103900233,65,1,64
103900235,78,30,48
103900236,110,2,108
103900242,11,29,-18
103900243,30,26,4
103900244,109,545,-436
103900245,131,310,-179
103900246,121,47,74
103900247,65,156,-91
103900248,35,68,-33
103900249,42,57,-15
103900250,101,53,48
103900251,1,78,-77
103900253,45,118,-73
103900254,23,56,-33
103900255,115,32,83
103900256,83,59,24
103900257,315,310,5
103900258,152,7,145
103900259,136,6,130
103900261,10,4,6
103900262,92,14,78
103900263,173,220,-47
103900264,173,70,103
103900265,145,17,128
103900266,1,82,-81
103900267,5,65,-60
103900268,11,212,-201
103900269,214,50,164
103900270,48,238,-190
103900271,17,178,-161
103900272,130,155,-25
103900273,41,142,-101
103900274,70,17,53
103900275,56,13,43
103900276,6,178,-172
103900277,8,156,-148
103900278,13,96,-83
103900279,0,22,-22
103900280,2,388,-386
104000001,2672,3140,-468
104000002,2262,4469,-2207
104000003,2961,3165,-204
104000004,4078,4143,-65
104000005,1658,2719,-1061
104000006,3358,4811,-1453
104000007,5508,5556,-48
104000008,420,494,-74
104000009,214,178,36
104000010,171,352,-181
104000011,1089,454,635
104000012,219,625,-406
104000013,209,198,11
104000014,329,985,-656
104000015,291,246,45
104000016,658,592,66
104000018,739,182,557
104000019,661,175,486
104000020,237,865,-628
104000021,461,795,-334
104000022,179,385,-206
104000023,623,510,113
104000024,381,537,-156
104000026,77,452,-375
104000027,417,618,-201
104000028,478,331,147
104000029,530,695,-165
104000030,272,343,-71
104000031,933,451,482
104000032,274,441,-167
104000033,644,510,134
104000034,283,471,-188
104000035,842,562,280
104000036,801,724,77
104000037,336,434,-98
104000038,506,969,-463
104000039,208,429,-221
104000040,635,564,71
104000041,1000,536,464
104000042,312,582,-270
104000043,312,621,-309
104000044,286,947,-661
104000045,1380,1581,-201
104000046,1988,2110,-122
104000047,1090,1647,-557
104000048,1239,2110,-871
104000049,580,467,113
104000050,228,895,-667
104000051,164,919,-755
104000052,2061,2597,-536
104000053,1073,969,104
104000054,413,514,-101
104000055,6153,3251,2902
104000056,2439,496,1943
104000057,391,849,-458
104000058,994,1070,-76
104000059,782,1966,-1184
104000060,1123,1653,-530
104000061,1714,1617,97
104000062,554,521,33
104000064,918,533,385
104000065,348,504,-156
104000069,2551,1496,1055
104000070,88,618,-530
104000071,451,715,-264
104000072,845,763,82
104000075,67,464,-397
104000076,726,79,647
104000082,3252,3750,-498
104000083,956,318,638
104000084,167,638,-471
104000085,484,387,97
104000086,242,524,-282
104000087,562,1948,-1386
104000090,838,2345,-1507
104000092,956,3686,-2730
104000094,1190,2685,-1495
104000095,2566,2187,379
104000096,1722,453,1269
104000097,1774,1562,212
104000098,1880,2002,-122
104000100,1727,923,804
104000101,1478,4463,-2985
104000106,349,1087,-738
104000107,668,611,57
104000108,455,704,-249
104000109,377,105,272
104000110,1078,1302,-224
104000111,6888,2827,4061
104000112,2803,721,2082
104000116,5,1875,-1870
104000117,150,1548,-1398
104000118,559,324,235
104000119,554,413,141
104000120,179,1467,-1288
104000121,188,949,-761
104000122,634,849,-215
104000123,1371,1611,-240
104000124,1391,3521,-2130
104000125,6964,4359,2605
104000126,297,543,-246
104000127,1935,4372,-2437
104000128,935,538,397
104000129,694,46,648
104000130,9,370,-361
104000131,1756,590,1166
104000132,1466,715,751
104000133,1447,1159,288
104000134,884,2106,-1222
104000135,444,1919,-1475
104000136,654,3922,-3268
104000137,1509,470,1039
104000138,1455,797,658
104000139,10013,3797,6216
104000141,1239,2153,-914
104000142,751,1048,-297
104000143,646,790,-144
104000144,146,329,-183
104000145,482,290,192
104000146,570,1012,-442
104000147,138,471,-333
104000148,267,188,79
104000149,225,443,-218
104000150,882,586,296
104000151,400,640,-240
104000152,714,740,-26
104000153,532,601,-69
104000154,1470,820,650
104000155,361,610,-249
104000157,1253,2159,-906
104000158,432,479,-47
104000159,909,591,318
104000160,1870,2264,-394
104000161,315,226,89
104000162,49,194,-145
104000165,1832,1416,416
104000167,587,1024,-437
104000168,774,8,766
104000169,48,77,-29
104000170,563,601,-38
104000248,312,1339,-1027
104000251,139,353,-214
104000272,0,0,0
104000273,0,0,0
104000274,0,0,0
104000275,0,0,0
104000279,4989,2111,2878
104000290,91,409,-318
104000291,1154,2090,-936
104000293,1513,832,681
104000294,9,0,9
104000295,761,1177,-416
104000296,377,1396,-1019
104000297,1393,2229,-836
104000298,2703,1519,1184
104000299,1103,2601,-1498
104000302,113,282,-169
104000303,232,218,14
104900001,160,513,-353
104900002,43,182,-139
104900003,59,395,-336
104900004,78,398,-320
104900005,263,245,18
104900006,268,119,149
104900007,336,293,43
104900009,137,478,-341
104900010,33,30,3
104900011,14,5,9
104900012,215,25,190
104900013,145,17,128
104900014,3562,298,3264
104900015,147,25,122
104900016,204,448,-244
104900017,151,216,-65
104900018,5,282,-277
104900019,436,2501,-2065
104900020,42,383,-341
104900021,1,307,-306
104900022,16,174,-158
104900023,1,204,-203
104900024,15,177,-162
104900025,86,552,-466
104900026,2,156,-154
104900027,422,330,92
104900028,13,105,-92
104900029,34,136,-102
104900030,507,213,294
104900031,121,208,-87
104900032,54,232,-178
104900033,96,262,-166
104900034,315,139,176
104900035,226,125,101
104900036,179,72,107
104900037,122,449,-327
104900038,705,764,-59
104900039,930,151,779
104900040,278,95,183
104900041,221,212,9
104900042,126,460,-334
104900043,18,91,-73
104900044,414,219,195
104900045,420,71,349
104900046,123,173,-50
104900047,218,176,42
104900048,251,131,120
104900049,30,18,12
104900050,197,92,105
104900051,255,54,201
104900052,24,1,23
104900053,355,78,277
104900054,137,110,27
104900055,57,0,57
104900056,123,13,110
104900057,17,4,13
104900058,1090,148,942
104900059,96,21,75
104900061,292,677,-385
104900063,28,239,-211
104900064,0,122,-122
104900065,1,194,-193
104900066,0,262,-262
104900067,1,291,-290
104900068,14,292,-278
104900070,138,291,-153
104900071,1,1084,-1083
104900072,44,270,-226
104900073,45,444,-399
104900074,60,249,-189
104900075,38,125,-87
104900076,52,400,-348
104900077,2042,133,1909
104900078,151,758,-607
104900079,164,485,-321
104900080,109,593,-484
104900082,17,473,-456
104900085,42,348,-306
104900089,116,2,114
104900091,506,974,-468
104900093,230,697,-467
104900097,4627,2119,2508
104900098,68,48,20
104900099,120,593,-473
104900100,1105,320,785
104900102,39,389,-350
104900103,457,193,264
104900106,72,195,-123
104900107,128,425,-297
104900108,24,577,-553
104900109,103,569,-466
104900110,15,79,-64
104900111,171,97,74
104900112,304,1335,-1031
104900113,692,600,92
104900114,306,878,-572
104900115,611,784,-173
104900116,226,308,-82
104900118,29,98,-69
104900119,0,51,-51
104900120,168,161,7
104900121,0,133,-133
104900122,2,139,-137
104900123,41,3,38
104900124,19,0,19
104900125,331,5,326
104900126,91,78,13
104900127,33,93,-60
104900128,44,48,-4
104900129,3581,2252,1329
105000001,3144,2150,994
105000002,3628,2426,1202
105000003,5138,4849,289
105000004,700,1981,-1281
105000005,866,1774,-908
105000006,1832,2493,-661
105000007,1854,2165,-311
105000008,2470,3567,-1097
105000009,2242,3714,-1472
105000010,4431,4028,403
105000011,2379,2965,-586
105000012,4949,4054,895
105000013,1051,1573,-522
105000014,1840,2981,-1141
105000015,9880,9930,-50
105000016,5124,2764,2360
105000017,3746,1163,2583
105000018,1933,1608,325
105000019,2586,1189,1397
105000020,409,464,-55
105000021,538,192,346
105000022,357,67,290
105000023,515,284,231
105000028,97,245,-148
105000029,444,1335,-891
105000030,5585,5105,480
105000031,7,26,-19
105000033,1542,2855,-1313
105000034,348,924,-576
105000037,761,659,102
105000038,1734,1862,-128
105000039,3321,2319,1002
105000040,863,1102,-239
105000041,658,1811,-1153
105000042,2762,1613,1149
105000043,2327,2420,-93
105000044,464,465,-1
105000045,319,1125,-806
105000046,833,500,333
105000047,475,1904,-1429
105000048,855,334,521
105000049,344,1118,-774
105000050,694,512,182
105000051,320,948,-628
105000052,723,1430,-707
105000053,193,293,-100
105000054,423,1421,-998
105000055,1138,577,561
105000056,1204,4092,-2888
105000057,1470,1336,134
105000058,2401,1974,427
105000059,757,836,-79
105000060,879,993,-114
105000061,578,852,-274
105000062,1294,1619,-325
105000063,437,1077,-640
105000064,1616,982,634
105000065,650,1316,-666
105000066,1592,2723,-1131
105000067,1525,831,694
105000068,1205,1256,-51
105000069,5643,1515,4128
105000070,1542,1076,466
105000071,907,1071,-164
105000072,1924,2929,-1005
105000073,1224,775,449
105000074,1533,1110,423
105000075,1218,847,371
105000076,2246,1229,1017
105000077,2736,1042,1694
105000078,2465,1529,936
105000079,3241,2166,1075
105000080,2526,1132,1394
105000081,3375,986,2389
105000082,1897,729,1168
105000083,2801,1122,1679
105000084,1294,1418,-124
105000085,1998,1362,636
105000086,945,1531,-586
105000087,4291,2660,1631
105000088,2011,2325,-314
105000089,3376,2505,871
105000090,1178,952,226
105000091,1823,2027,-204
105000092,955,1384,-429
105000093,564,257,307
105000094,330,308,22
105000095,151,646,-495
105000096,1459,1080,379
105000097,1559,1059,500
105000098,1949,803,1146
105000099,2274,1229,1045
105000100,1145,1871,-726
105000101,2487,3089,-602
105000102,2345,2184,161
105000103,2162,3381,-1219
105000104,2282,1633,649
105000105,1284,3284,-2000
105000106,1594,2244,-650
105000107,1309,1577,-268
105000108,1211,2701,-1490
105000109,1584,2300,-716
105000110,618,1414,-796
105000111,790,976,-186
105000112,1410,1262,148
105000113,498,929,-431
105000114,6541,1613,4928
105000115,473,1286,-813
105000116,992,780,212
105000117,1274,1948,-674
105000118,419,538,-119
105000119,697,1792,-1095
105000120,1065,880,185
105000121,1149,2035,-886
105000122,395,659,-264
105000123,1588,2123,-535
105000124,2193,1275,918
105000125,1245,3025,-1780
105000126,2537,3141,-604
105000127,2685,2977,-292
105000128,1005,1940,-935
105000129,1496,673,823
105000130,268,2568,-2300
105000131,1057,705,352
105000132,882,658,224
105000133,562,1636,-1074
105000134,982,813,169
105000135,649,1027,-378
105000136,192,575,-383
105000137,395,329,66
105000138,278,544,-266
105000139,1318,1497,-179
105000140,264,679,-415
105000141,245,979,-734
105000142,153,672,-519
105000143,330,1168,-838
105000144,436,1147,-711
105000145,773,691,82
105000146,750,1195,-445
105000147,623,564,59
105000148,1509,991,518
105000149,2558,2763,-205
105000150,2514,2335,179
105000151,633,509,124
105000152,197,915,-718
105000153,822,815,7
105000154,1122,1399,-277
105000155,444,929,-485
105000156,1275,1408,-133
105000157,1119,3130,-2011
105000158,2467,1040,1427
105000159,368,1872,-1504
105000160,1871,982,889
105000161,1129,2137,-1008
105000162,894,2102,-1208
105000163,3052,1527,1525
105000164,248,444,-196
105000165,3105,6385,-3280
105000166,10470,616,9854
105000167,5173,2019,3154
105000168,342,1456,-1114
105000169,546,530,16
105000170,175,2060,-1885
105000171,1460,564,896
105000172,227,77,150
105000173,140,37,103
105000174,54,49,5
105000175,37,213,-176
105000176,256,113,143
105000177,332,161,171
105000178,105,1181,-1076
105000179,327,175,152
105000180,106,148,-42
105000181,63,753,-690
105000182,66,59,7
105000183,4440,2985,1455
105000184,1342,1286,56
105000185,1353,950,403
105000186,634,1202,-568
105000187,950,321,629
105000188,745,178,567
105000189,460,696,-236
105000190,468,532,-64
105000191,604,532,72
105000192,387,114,273
105000193,282,196,86
105000194,456,117,339
105000195,393,1357,-964
105000196,102,178,-76
105000197,295,901,-606
105000198,779,412,367
105000199,734,791,-57
105000200,193,266,-73
105000201,197,34,163
105000203,22,466,-444
105000204,110,124,-14
105000205,92,309,-217
105000207,583,230,353
105000208,266,611,-345
105000209,287,435,-148
105000211,116,19,97
105000212,1330,2081,-751
105000213,161,267,-106
105000214,94,411,-317
105000215,284,458,-174
105000216,127,379,-252
105000217,183,416,-233
105000218,927,1500,-573
105000221,300,407,-107
105000222,475,66,409
105000223,257,285,-28
105000226,67,498,-431
105000227,73,273,-200
105000228,464,1244,-780
105000229,149,388,-239
105000231,329,447,-118
105000233,877,786,91
105000234,732,1823,-1091
105000235,502,803,-301
105000237,1025,93,932
105000243,44,59,-15
105000248,153,73,80
105000262,331,2559,-2228
105000269,115,255,-140
105000270,417,142,275
105000271,1,404,-403
105000282,367,75,292
105000287,351,231,120
105000288,507,784,-277
105000289,3940,1559,2381
105000290,37,5,32
105000402,6151,2943,3208
105000426,546,648,-102
105000438,2915,897,2018
105000440,20,25,-5
105000446,19774,7195,12579
105000447,9611,4185,5426
105000454,332,1306,-974
105000455,342,278,64
105000474,38,2,36
105000477,404,580,-176
105000478,2025,3333,-1308
105000479,296,171,125
105000480,5110,3289,1821
105000481,4011,3176,835
105000482,7455,4753,2702
105000483,1725,1907,-182
105000484,3731,3775,-44
105000485,1934,2348,-414
105000486,6183,3900,2283
105000488,7449,5407,2042
105000489,1276,1078,198
105000549,113,187,-74
105000550,811,1772,-961
105000551,32,157,-125
105000552,5387,2954,2433
105000555,2095,993,1102
105000556,64,66,-2
105000557,61,474,-413
105900001,15,1396,-1381
105900002,2395,595,1800
105900003,10,164,-154
105900004,385,180,205
105900005,6,345,-339
105900006,8,69,-61
105900007,96,17,79
105900008,92,1113,-1021
105900009,21,13,8
105900011,121,52,69
105900012,375,133,242
105900013,0,29,-29
105900014,8,81,-73
105900015,208,479,-271
105900016,277,833,-556
105900017,965,64,901
105900018,235,486,-251
105900019,60,442,-382
105900020,49,62,-13
105900021,17,301,-284
105900022,278,401,-123
105900023,5,125,-120
105900024,10,148,-138
105900025,160,49,111
105900026,439,62,377
105900027,6078,4209,1869
105900028,366,157,209
105900029,2382,455,1927
105900030,340,300,40
105900031,575,225,350
105900032,96,176,-80
105900033,196,202,-6
105900034,151,353,-202
105900035,146,238,-92
105900036,58,246,-188
105900037,72,87,-15
105900038,150,519,-369
105900039,78,336,-258
105900040,79,113,-34
105900041,230,611,-381
105900042,77,157,-80
105900043,3079,41,3038
105900044,6,322,-316
105900045,8,919,-911
105900046,19,355,-336
105900047,7,42,-35
105900048,105,798,-693
105900050,2628,1127,1501
105900051,8,1531,-1523
105900052,421,103,318
105900053,5968,3249,2719
105900054,364,426,-62
105900056,1118,283,835
105900057,32,162,-130
105900058,13,93,-80
105900059,0,69,-69
106000001,4603,2733,1870
106000002,3331,6596,-3265
106000003,4064,4586,-522
106000004,3066,4274,-1208
106000005,3094,7188,-4094
106000006,7466,7054,412
106000007,534,712,-178
106000008,536,444,92
106000009,604,443,161
106000010,621,788,-167
106000011,1048,1350,-302
106000012,1031,2061,-1030
106000013,2061,2310,-249
106000014,2499,2420,79
106000015,1582,1479,103
106000016,1452,3307,-1855
106000017,773,972,-199
106000018,817,641,176
106000019,376,583,-207
106000020,346,545,-199
106000021,297,625,-328
106000022,432,346,86
106000023,709,627,82
106000024,765,992,-227
106000025,168,238,-70
106000026,195,505,-310
106000027,1071,1813,-742
106000028,719,867,-148
106000029,1017,1755,-738
106000030,1022,434,588
106000034,244,868,-624
106000035,1373,1931,-558
106000036,377,413,-36
106000037,2593,2134,459
106000038,567,114,453
106000039,281,94,187
106000040,227,1044,-817
106000041,1128,547,581
106000043,882,202,680
106000046,459,64,395
106000047,93,489,-396
106000049,886,277,609
106000050,443,1234,-791
106000051,924,532,392
106000052,117,935,-818
106000053,204,165,39
106000054,418,674,-256
106000055,940,1358,-418
106000056,335,589,-254
106000057,253,325,-72
106000058,195,266,-71
106000059,263,295,-32
106000060,638,853,-215
106000061,209,599,-390
106000062,170,830,-660
106000063,464,786,-322
106000064,51,444,-393
106000065,300,307,-7
106000066,149,567,-418
106000067,336,121,215
106000068,47,948,-901
106000069,221,107,114
106000070,461,1107,-646
106000071,924,377,547
106000072,6938,2373,4565
106000073,2578,3934,-1356
106000074,619,1022,-403
106000075,377,1677,-1300
106000076,1841,2475,-634
106000077,4554,1692,2862
106000078,989,1245,-256
106000079,674,1530,-856
106000080,1411,950,461
106000081,626,1473,-847
106000082,2565,1152,1413
106000083,377,1728,-1351
106000084,1390,904,486
106000085,1941,1745,196
106000086,669,948,-279
106000087,1004,856,148
106000088,411,921,-510
106000089,1167,595,572
106000090,269,802,-533
106000091,400,1145,-745
106000092,820,312,508
106000093,380,142,238
106000094,132,518,-386
106000095,576,1341,-765
106000096,984,1018,-34
106000097,921,1740,-819
106000098,661,1396,-735
106000099,275,1220,-945
106000100,1129,334,795
106000101,1261,324,937
106000102,233,872,-639
106000103,278,921,-643
106000104,987,642,345
106000105,489,1213,-724
106000106,528,644,-116
106000107,215,729,-514
106000108,313,571,-258
106000109,136,674,-538
106000110,234,405,-171
106000111,156,791,-635
106000112,230,579,-349
106000113,1720,849,871
106000114,626,619,7
106000115,316,832,-516
106000116,227,365,-138
106000117,1124,1055,69
106000118,1448,1641,-193
106000119,2757,1580,1177
106000120,837,1375,-538
106000121,253,253,0
106000122,162,428,-266
106000123,346,432,-86
106000124,71,530,-459
106000125,51,476,-425
106000126,274,313,-39
106000127,905,1265,-360
106000128,864,514,350
106000129,604,898,-294
106000130,708,662,46
106000131,186,1080,-894
106000132,1403,251,1152
106000133,5281,1605,3676
106000134,1178,2039,-861
106000135,311,1321,-1010
106000136,707,900,-193
106000137,99,2008,-1909
106000138,1306,123,1183
106000139,67,213,-146
106000140,36,145,-109
106000141,123,155,-32
106000142,83,132,-49
106000143,51,161,-110
106000144,67,134,-67
106000145,235,430,-195
106000146,320,285,35
106000147,811,1543,-732
106000148,1192,1737,-545
106000149,480,1364,-884
106000150,671,2884,-2213
106000151,8255,1101,7154
106000152,1722,2728,-1006
106000153,137,2091,-1954
106000154,2206,440,1766
106000155,78,322,-244
106000156,654,387,267
106000157,702,2603,-1901
106000158,4622,1061,3561
106000159,6692,2159,4533
106000160,363,3564,-3201
106000161,1739,706,1033
106000162,224,1360,-1136
106000163,386,784,-398
106000164,373,452,-79
106000165,193,1017,-824
106000166,1467,333,1134
106000167,561,1884,-1323
106000168,406,377,29
106000169,190,1080,-890
106000170,645,333,312
106000171,171,1536,-1365
106000172,4286,1287,2999
106000173,1678,3960,-2282
106000174,1169,497,672
106000175,392,1335,-943
106000176,1534,905,629
106000177,965,3284,-2319
106000178,3521,2256,1265
106000179,1306,3145,-1839
106000180,1040,2140,-1100
106000181,672,2435,-1763
106000182,975,978,-3
106000183,932,1231,-299
106000184,1286,1284,2
106000185,767,1197,-430
106000186,1165,191,974
106000187,248,1242,-994
106000188,0,1,-1
106000189,6,59,-53
106000190,19,0,19
106000191,677,176,501
106000192,20,31,-11
106000193,507,177,330
106000194,151,407,-256
106000195,438,117,321
106000196,135,370,-235
106000197,416,424,-8
106000198,117,386,-269
106000199,1033,754,279
106000200,605,215,390
106000201,707,2778,-2071
106000202,8997,823,8174
106000203,152,289,-137
106000204,92,13,79
106000205,26,196,-170
106000206,121,33,88
106000207,72,1124,-1052
106000208,1140,168,972
106000209,1315,393,922
106000210,330,1821,-1491
106000211,459,1838,-1379
106000212,951,346,605
106000213,732,1853,-1121
106000214,3136,686,2450
106000215,348,786,-438
106000216,454,487,-33
106000217,402,763,-361
106000218,606,516,90
106000219,199,461,-262
106000220,473,376,97
106000221,111,305,-194
106000222,57,202,-145
106000223,147,229,-82
106000224,247,398,-151
106000225,133,109,24
106000226,280,417,-137
106000228,32,170,-138
106000229,101,1097,-996
106000231,971,267,704
106000232,114,513,-399
106000233,609,233,376
106000234,71,228,-157
106000235,456,170,286
106000236,244,102,142
106000237,2,12,-10
106000238,39,16,23
106000239,10,166,-156
106000240,87,3,84
106000241,12,975,-963
106000242,379,22,357
106000249,80,109,-29
106000250,94,580,-486
106000251,82,51,31
106000252,25,149,-124
106000253,35,102,-67
106000254,44,57,-13
106000255,27,242,-215
106000256,114,80,34
106000257,185,380,-195
106000258,220,40,180
106000259,9,13,-4
106000260,37,18,19
106000261,7,44,-37
106000262,126,27,99
106000263,21,86,-65
106000264,243,35,208
106000265,4,168,-164
106000266,139,30,109
106000267,2,112,-110
106000268,773,44,729
106000269,69,73,-4
106000270,248,625,-377
106000271,66,278,-212
106000272,188,69,119
106000273,34,271,-237
106000274,242,67,175
106000275,223,313,-90
106000276,145,65,80
106000277,216,279,-63
106000278,264,45,219
106000279,14,83,-69
106000280,59,247,-188
106000281,87,143,-56
106000282,80,89,-9
106000283,111,167,-56
106000284,65,128,-63
106000285,93,203,-110
106000286,69,194,-125
106000287,98,152,-54
106000288,98,228,-130
106000289,75,110,-35
106000290,85,126,-41
106000291,93,104,-11
106000292,117,174,-57
106000293,130,122,8
106000294,224,235,-11
106000295,45,51,-6
106000296,64,160,-96
106000297,98,337,-239
106000298,216,112,104
106000299,84,256,-172
106000300,73,124,-51
106000301,71,148,-77
106000303,37,128,-91
106000304,42,40,2
106000305,31,71,-40
106000306,36,90,-54
106000307,41,27,14
106000308,32,232,-200
106000309,18,90,-72
106000310,271,803,-532
106000311,362,218,144
106000312,81,335,-254
106000313,167,300,-133
106000318,236,366,-130
106000319,1242,287,955
106000320,3,62,-59
106000321,502,90,412
106000322,123,244,-121
106000324,6,226,-220
106000325,1736,1078,658
106000326,1193,2701,-1508
106000327,148,221,-73
106000328,14,148,-134
106000329,114,469,-355
106000330,41,84,-43
106000428,60,282,-222
106000429,209,793,-584
106000430,517,1898,-1381
106000431,2179,558,1621
106000432,2623,4401,-1778
106000433,2497,1686,811
106000434,3514,1771,1743
106000435,2638,4019,-1381
106000436,26,439,-413
106000437,382,35,347
106000438,358,163,195
106000439,43,618,-575
106000440,303,724,-421
106000441,0,1,-1
106000442,444,4,440
106000443,137,664,-527
106000450,3,293,-290
106000451,57,72,-15
106000454,10,225,-215
106000455,24,243,-219
106000456,399,32,367
106000457,15,1354,-1339
106000458,435,315,120
106000459,255,455,-200
106000460,915,72,843
106000461,95,2160,-2065
106000462,0,26,-26
106000463,2,75,-73
106000464,9,655,-646
106000465,475,7,468
106000466,3,956,-953
106000467,753,820,-67
106000468,64,290,-226
106000469,460,3,457
106000470,276,1874,-1598
106000471,43,955,-912
106000472,165,18,147
106000473,41,27,14
106000474,548,1030,-482
106000475,426,465,-39
106000476,214,225,-11
106000477,52,262,-210
106000480,1,351,-350
106900001,0,30,-30
106900002,1,761,-760
106900003,312,1209,-897
106900004,4,123,-119
106900006,0,22,-22
106900007,1,26,-25
106900008,257,335,-78
106900009,291,588,-297
106900010,236,385,-149
106900012,2979,2307,672
106900013,708,78,630
106900014,36,7,29
106900015,19,2,17
106900016,241,7,234
106900017,10,0,10
106900018,1,0,1
106900019,20,0,20
106900020,3723,1485,2238
106900021,58,55,3
106900022,364,1,363
106900023,189,363,-174
106900024,602,35,567
106900025,47,787,-740
106900026,4,952,-948
106900027,1656,8,1648
107000001,4315,3249,1066
107000002,4843,6368,-1525
107000003,5044,7026,-1982
107000004,6640,7869,-1229
107000005,3534,5941,-2407
107000006,5026,8751,-3725
107000007,5101,11612,-6511
107000008,18126,13377,4749
107000009,5987,7492,-1505
107000010,13376,14100,-724
107000011,1464,1709,-245
107000012,5648,5240,408
107000013,80,166,-86
107000014,48,418,-370
107000015,645,1107,-462
107000016,769,1443,-674
107000017,4507,1380,3127
107000018,27,467,-440
107000020,2339,562,1777
107000021,1488,971,517
107000022,1040,1632,-592
107000023,2217,512,1705
107000024,517,2173,-1656
107000025,253,654,-401
107000026,233,819,-586
107000027,1472,1739,-267
107000028,1421,2287,-866
107000029,3304,3239,65
107000030,3881,4542,-661
107000031,3837,2781,1056
107000032,508,1379,-871
107000033,5384,6312,-928
107000034,6632,2863,3769
107000035,488,289,199
107000036,588,2101,-1513
107000037,72,974,-902
107000038,377,268,109
107000039,1148,977,171
107000040,204,327,-123
107000041,2154,826,1328
107000042,842,2038,-1196
107000043,4020,1240,2780
107000044,873,312,561
107000045,204,334,-130
107000046,808,496,312
107000047,578,969,-391
107000048,824,438,386
107000049,668,1036,-368
107000050,1092,759,333
107000051,772,477,295
107000052,1540,1222,318
107000053,449,276,173
107000054,63,392,-329
107000055,398,183,215
107000056,635,936,-301
107000057,3491,367,3124
107000058,2555,2840,-285
107000059,3231,4841,-1610
107000060,4363,6969,-2606
107000061,7023,4950,2073
107000062,3868,4043,-175
107000063,4848,7635,-2787
107000064,4180,2771,1409
107000065,4832,7314,-2482
107000066,2135,2994,-859
107000067,1102,1316,-214
107000068,1954,752,1202
107000069,1083,683,400
107000070,861,6,855
107000071,2429,36,2393
107000072,58,4811,-4753
107000073,592,312,280
107000074,188,1274,-1086
107000075,1536,498,1038
107000076,1178,2274,-1096
107000077,3318,1422,1896
107000078,2589,4028,-1439
107000079,2561,1021,1540
107000080,1643,4033,-2390
107000081,1455,815,640
107000082,531,3170,-2639
107000083,1150,503,647
107000084,566,2886,-2320
107000085,3419,4120,-701
107000086,4535,5027,-492
107000087,3944,2787,1157
107000088,4454,5547,-1093
107000089,1567,2587,-1020
107000090,1270,1944,-674
107000091,1245,1231,14
107000092,927,1773,-846
107000093,1415,1163,252
107000094,1689,1984,-295
107000095,801,1075,-274
107000096,826,1289,-463
107000097,872,569,303
107000098,680,1211,-531
107000099,703,406,297
107000100,412,416,-4
107000101,119,342,-223
107000102,498,540,-42
107000103,369,295,74
107000104,293,573,-280
107000105,553,168,385
107000106,249,539,-290
107000107,722,306,416
107000108,236,1234,-998
107000109,692,249,443
107000110,127,987,-860
107000111,258,53,205
107000112,38,600,-562
107000113,570,153,417
107000114,150,1222,-1072
107000115,480,173,307
107000116,115,1422,-1307
107000117,98,552,-454
107000118,169,413,-244
107000119,2705,1592,1113
107000120,4731,507,4224
107000121,658,1031,-373
107000122,1198,1113,85
107000123,283,1276,-993
107000124,568,1283,-715
107000125,794,1324,-530
107000126,984,1339,-355
107000129,309,1650,-1341
107000130,551,254,297
107000131,585,1073,-488
107000132,581,360,221
107000133,660,148,512
107000134,309,1,308
107000135,8,333,-325
107000136,1034,10,1024
107000137,21,628,-607
107000138,505,48,457
107000139,14,590,-576
107000140,1727,73,1654
107000141,156,1091,-935
107000142,501,93,408
107000143,58,1147,-1089
107000144,465,593,-128
107000145,176,823,-647
107000146,164,506,-342
107000147,5530,1502,4028
107000150,1166,3318,-2152
107000151,65,110,-45
107000152,998,1109,-111
107000153,726,578,148
107000154,316,195,121
107000155,937,24,913
107000156,1189,44,1145
107000157,44,2538,-2494
107000158,607,32,575
107000159,72,2006,-1934
107000160,756,192,564
107000161,95,2182,-2087
107000162,230,559,-329
107000163,136,0,136
107000164,496,3,493
107000165,703,11,692
107000166,77,1986,-1909
107000167,644,402,242
107000168,1033,572,461
107000169,1442,1036,406
107000170,1642,798,844
107000171,518,2763,-2245
107000172,942,1387,-445
107000173,750,1488,-738
107000174,927,5316,-4389
107000175,11147,2081,9066
107000176,0,1,-1
107000177,4,2,2
107000178,11,68,-57
107000179,301,3733,-3432
107000180,1031,475,556
107000181,353,1892,-1539
107000182,1581,1191,390
107000183,121,1240,-1119
107000184,911,1009,-98
107000185,385,1536,-1151
107000186,1028,471,557
107000187,1312,1912,-600
107000188,570,749,-179
107000189,347,1409,-1062
107000190,654,1119,-465
107000191,995,2028,-1033
107000192,1813,1395,418
107000193,475,549,-74
107000194,1502,1012,490
107000197,887,276,611
107000198,312,981,-669
107000199,662,1173,-511
107000200,1667,931,736
107000201,452,281,171
107000202,373,612,-239
107000203,1100,616,484
107000204,1675,663,1012
107000205,2487,1325,1162
107000206,1147,1452,-305
107000207,1075,1369,-294
107000208,1486,617,869
107000209,2249,1312,937
107000210,939,669,270
107000211,9,64,-55
107000212,17,582,-565
107000213,11,31,-20
107000214,8,286,-278
107000215,372,475,-103
107000216,378,577,-199
107000217,111,175,-64
107000219,85,123,-38
107000220,153,333,-180
107000222,334,1054,-720
107000224,323,79,244
107000225,239,781,-542
107000226,217,109,108
107000227,112,489,-377
107000228,108,262,-154
107000229,789,270,519
107000230,1660,793,867
107000231,2030,1281,749
107000232,153,153,0
107000233,1489,921,568
107000234,2,42,-40
107000235,73,6,67
107000236,31,674,-643
107000237,23,0,23
107000238,22,1,21
107000239,6849,832,6017
107000240,125,1643,-1518
107000243,0,108,-108
107000244,8,93,-85
107000246,5,1649,-1644
107000249,4,1546,-1542
107000251,0,357,-357
107000252,3,1527,-1524
107000255,912,59,853
107000257,3,672,-669
107000258,0,224,-224
107000259,3,266,-263
107000260,485,4,481
107000262,12,1013,-1001
107000263,216,11,205
107000266,10,7,3
107000267,108,274,-166
107000268,185,228,-43
107000269,425,35,390
107000270,2,14,-12
107000271,8,1081,-1073
107000272,9,216,-207
107000273,7,319,-312
107000274,1887,23,1864
107000275,1584,1421,163
107000280,576,51,525
107000281,29,1604,-1575
107000282,42,1372,-1330
107000290,3,33,-30
107000291,26,18,8
107000292,2,37,-35
107000293,130,2,128
107000294,0,29,-29
107000295,44,5,39
107000296,0,53,-53
107000444,497,20,477
107000496,1,60,-59
107000497,1407,3745,-2338
107000500,464,476,-12
107000501,139,262,-123
107000502,682,526,156
107000505,930,1057,-127
107000506,1,11,-10
107000508,5,822,-817
107000509,284,1079,-795
107000510,25,26,-1
107000514,65,321,-256
107000515,30,405,-375
107000516,248,346,-98
107000518,1382,1190,192
107000519,5452,1496,3956
107000520,96,13,83
107000521,697,679,18
107000522,904,1261,-357
107900001,52,200,-148
107900002,35,8,27
107900003,74,47,27
107900004,1,0,1
107900005,940,1,939
107900006,111,2,109
107900007,335,48,287
107900008,70,53,17
107900009,197,8,189
107900010,35,1,34
107900012,314,20,294
107900013,258,54,204
107900014,19,5,14
107900015,553,7,546
107900016,438,67,371
107900017,6,2,4
107900018,72,137,-65
107900019,13,76,-63
107900020,88,10,78
107900021,49,248,-199
107900023,4,1,3
107900024,1,25,-24
107900025,155,276,-121
107900026,57,207,-150
107900027,49,45,4
107900028,55,139,-84
107900030,232,21,211
107900031,60,303,-243
107900032,7,1,6
107900033,16,5,11
107900034,413,10,403
107900035,775,34,741
107900036,40,1,39
107900037,0,41,-41
107900038,136,151,-15
107900039,24,143,-119
107900040,53,56,-3
107900041,1,2,-1
107900043,43,262,-219
107900044,6,7,-1
107900045,76,36,40
107900046,129,125,4
107900047,18,70,-52
107900048,138,0,138
107900049,391,1232,-841
107900050,115,488,-373
107900051,97,122,-25
107900052,43,9,34
107900053,33,130,-97
107900055,459,214,245
107900056,133,39,94
107900057,0,0,0
107900058,61,972,-911
107900060,34,88,-54
107900061,20,12,8
107900063,64,138,-74
107900064,393,110,283
107900065,147,17,130
107900066,15,14,1
107900067,0,1,-1
107900068,208,256,-48
107900069,50,2026,-1976
107900070,79,50,29
107900071,48,1297,-1249
107900072,90,309,-219
107900073,78,237,-159
107900074,1039,210,829
107900076,137,75,62
107900077,33,4,29
107900079,4,17,-13
107900080,169,274,-105
107900081,30,121,-91
107900082,30,16,14
107900083,444,151,293
107900084,195,106,89
107900086,51,144,-93
107900087,551,100,451
107900088,25,18,7
107900089,353,1117,-764
107900090,679,2241,-1562
107900091,255,589,-334
107900093,103,112,-9
107900095,3935,1785,2150
107900097,32,67,-35
107900098,69,189,-120
107900100,1195,1092,103
107900101,1271,180,1091
107900102,22,3,19
107900103,42,178,-136
107900104,184,4,180
107900105,2,897,-895
107900106,5,1697,-1692
107900107,1201,379,822
107900108,468,114,354
107900109,1024,10,1014
107900110,14,150,-136
107900111,11,1481,-1470
107900112,105,383,-278
107900113,155,191,-36
107900114,117,292,-175
107900115,1,58,-57
107900116,143,378,-235
107900117,390,571,-181
107900118,97,201,-104
107900119,89,120,-31
107900120,13,26,-13
107900121,6,196,-190
107900122,6,61,-55
107900123,1,25,-24
107900124,30,39,-9
107900125,43,206,-163
107900126,7,56,-49
107900127,425,235,190
107900128,124,97,27
107900129,41,75,-34
107900130,61,51,10
107900131,675,187,488
107900132,123,552,-429
107900133,1,78,-77
107900134,30,28,2
107900135,5,216,-211
107900136,40,26,14
107900137,105,121,-16
107900138,54,35,19
107900139,32,58,-26
107900141,44,47,-3
107900142,91,1427,-1336
107900143,69,38,31
107900144,4,212,-208
107900145,6,112,-106
107900146,43,209,-166
107900147,65,18,47
107900148,194,197,-3
107900149,2338,272,2066
107900150,99,1309,-1210
107900151,21,120,-99
107900152,12,320,-308
107900153,229,372,-143
107900154,34,29,5
107900155,51,60,-9
107900156,2,515,-513
107900157,44,125,-81
107900158,566,10,556
107900159,31,1489,-1458
107900160,76,182,-106
107900161,32,275,-243
107900162,0,41,-41
107900163,76,41,35
107900164,4,33,-29
107900165,27,78,-51
107900166,35,342,-307
107900167,38,10,28
107900168,16,59,-43
107900169,80,211,-131
107900171,11,2749,-2738
107900172,2,472,-470
107900173,7,261,-254
107900174,79,4,75
107900175,31,18,13
107900176,13,60,-47
107900177,1,26,-25
107900178,2,329,-327
107900179,12,131,-119
107900180,1325,546,779
107900181,287,577,-290
107900182,298,2303,-2005
107900183,34,452,-418
107900184,95,237,-142
107900185,108,1,107
107900186,30,69,-39
107900187,2,146,-144
107900188,1290,142,1148
107900189,15,99,-84
107900190,158,105,53
107900191,57,203,-146
107900193,96,97,-1
107900194,168,7,161
107900195,5296,659,4637
107900196,86,76,10
107900197,1174,315,859
107900199,1,1477,-1476
107900201,107,206,-99
107900203,77,107,-30
107900204,269,311,-42
107900206,821,132,689
107900207,2,874,-872
107900208,10,993,-983
107900209,379,130,249
107900210,125,178,-53
107900213,365,416,-51
107900214,9,254,-245
107900215,133,358,-225
107900216,117,108,9
107900217,29,90,-61
107900218,34,1960,-1926
107900219,21,162,-141
107900220,181,220,-39
107900221,227,253,-26
107900223,106,686,-580
107900224,177,407,-230
107900225,14,1121,-1107
107900226,110,154,-44
107900227,160,535,-375
107900228,12,123,-111
107900229,9,427,-418
107900230,13,209,-196
107900231,15,297,-282
107900232,43,240,-197
107900233,3,172,-169
107900234,109,257,-148
107900235,20,81,-61
107900236,76,120,-44
107900237,110,526,-416
107900238,25,121,-96
107900239,1658,545,1113
107900240,18,217,-199
107900241,13,90,-77
107900242,24,528,-504
107900243,3,83,-80
107900244,415,4,411
107900245,660,76,584
107900246,128,3,125
107900248,337,396,-59
107900249,599,9,590
107900250,1,780,-779
107900251,56,1803,-1747
107900252,907,10,897
107900253,169,3,166
107900254,65,317,-252
107900255,393,80,313
107900256,1375,722,653
107900257,105,67,38
107900258,59,424,-365
107900259,97,1713,-1616
107900261,0,420,-420
107900262,62,213,-151
107900264,365,3,362
107900265,123,266,-143
107900267,170,21,149
107900268,52,16,36
107900269,0,13,-13
107900270,0,0,0
107900271,0,11,-11
107900272,136,9,127
107900273,21,105,-84
107900274,28,0,28
107900275,16,0,16
107900276,1,89,-88
107900277,1,298,-297
107900278,221,476,-255
107900279,182,133,49
107900280,2590,2470,120
107900281,5178,2121,3057
107900282,100,374,-274
107900283,1791,461,1330
107900284,257,580,-323
107900285,62,170,-108
107900286,102,97,5
107900287,137,239,-102
107900290,0,90,-90
107900291,485,16,469
107900292,91,310,-219
107900293,99,867,-768
107900295,57,140,-83
107900297,1,276,-275
107900298,1015,1154,-139
107900299,5638,2491,3147
107900301,568,650,-82
107900302,79,27,52
107900303,135,410,-275
107900304,147,633,-486
107900305,276,12,264
107900306,18,15,3
107900307,23,407,-384
107900308,234,54,180
107900309,194,0,194
107900310,199,3,196
107900311,2,78,-76
107900312,104,0,104
107900313,1,117,-116
107900314,1,57,-56
107900315,0,53,-53
107900316,45,1,44
107900317,127,13,114
107900318,19,173,-154
107900319,0,334,-334
107900320,1,239,-238
107900321,143,6,137
107900322,6,219,-213
107900323,6,225,-219
107900324,227,1,226
107900325,121,1,120
107900326,206,455,-249
107900327,5,72,-67
107900328,131,0,131
107900329,179,46,133
107900330,9,681,-672
107900331,179,46,133
107900332,157,37,120
107900333,31,24,7
107900334,17,329,-312
107900335,56,94,-38
107900336,32,40,-8
107900337,1938,840,1098
107900338,5,142,-137
107900339,0,19,-19
107900340,0,116,-116
107900341,39,2,37
107900342,134,205,-71
107900343,52,5,47
107900344,5,174,-169
107900345,114,32,82
107900346,31,1,30
107900347,33,1,32
107900348,1,1,0
107900349,30,7,23
107900350,43,355,-312
107900351,5,366,-361
107900352,2,75,-73
107900353,14,11,3
107900354,14,126,-112
108000001,3183,4991,-1808
108000002,3089,4272,-1183
108000003,3778,3100,678
108000004,21078,21076,2
108000005,7473,5314,2159
108000006,9443,9707,-264
108000007,5187,4656,531
108000008,6933,8282,-1349
108000009,4131,4786,-655
108000010,4609,6558,-1949
108000011,11787,13384,-1597
108000012,22840,21177,1663
108000014,1277,818,459
108000015,674,375,299
108000016,278,741,-463
108000017,957,415,542
108000018,1633,685,948
108000019,2284,989,1295
108000020,1557,592,965
108000021,494,2125,-1631
108000022,594,1960,-1366
108000023,1296,233,1063
108000024,280,896,-616
108000025,242,307,-65
108000026,665,854,-189
108000027,649,940,-291
108000028,517,355,162
108000029,478,1291,-813
108000030,538,311,227
108000031,292,653,-361
108000032,1215,666,549
108000033,805,1805,-1000
108000034,1767,557,1210
108000035,1067,3295,-2228
108000036,437,1843,-1406
108000037,1620,409,1211
108000038,2319,594,1725
108000039,555,3493,-2938
108000040,1759,1036,723
108000041,829,3683,-2854
108000042,247,316,-69
108000043,220,350,-130
108000044,342,198,144
108000045,281,835,-554
108000046,1217,325,892
108000047,458,1316,-858
108000048,126,513,-387
108000049,607,279,328
108000050,171,882,-711
108000051,311,156,155
108000052,347,887,-540
108000053,326,167,159
108000054,598,1418,-820
108000055,1173,461,712
108000056,1526,1504,22
108000057,672,1013,-341
108000058,2462,4068,-1606
108000059,5049,2985,2064
108000060,252,749,-497
108000061,392,695,-303
108000062,567,652,-85
108000063,390,718,-328
108000064,160,328,-168
108000065,760,754,6
108000066,2133,974,1159
108000067,1885,653,1232
108000068,672,474,198
108000069,298,1369,-1071
108000070,1663,823,840
108000071,866,2122,-1256
108000072,1522,1227,295
108000073,1640,2148,-508
108000074,401,441,-40
108000075,432,990,-558
108000076,740,635,105
108000077,863,921,-58
108000078,1848,1777,71
108000079,1135,2298,-1163
108000080,1063,685,378
108000081,555,3266,-2711
108000082,1278,2564,-1286
108000083,2218,1118,1100
108000084,457,1825,-1368
108000085,648,545,103
108000086,920,1133,-213
108000087,132,1954,-1822
108000088,1202,259,943
108000089,560,314,246
108000091,373,900,-527
108000092,148,158,-10
108000093,205,1233,-1028
108000094,778,151,627
108000095,240,684,-444
108000096,308,254,54
108000097,211,815,-604
108000098,1259,1904,-645
108000099,1290,429,861
108000100,94,697,-603
108000101,1182,1632,-450
108000102,1900,3590,-1690
108000106,1399,1,1398
108000107,2,882,-880
108000108,626,46,580
108000109,6,1070,-1064
108000110,146,450,-304
108000111,227,1011,-784
108000112,73,181,-108
108000113,715,341,374
108000115,480,673,-193
108000117,849,492,357
108000118,825,1777,-952
108000119,843,569,274
108000120,129,936,-807
108000121,255,837,-582
108000122,515,395,120
108000123,629,385,244
108000124,245,736,-491
108000125,303,489,-186
108000126,132,687,-555
108000127,466,460,6
108000128,576,733,-157
108000129,293,1697,-1404
108000130,332,379,-47
108000131,1102,520,582
108000132,2179,1807,372
108000133,871,699,172
108000134,724,833,-109
108000135,1221,471,750
108000136,1164,1218,-54
108000137,350,551,-201
108000138,343,1552,-1209
108000139,305,541,-236
108000140,87,41,46
108000141,37,232,-195
108000142,47,253,-206
108000143,33,996,-963
108000144,348,91,257
108000145,36,123,-87
108000146,509,81,428
108000147,27,125,-98
108000148,541,88,453
108000149,64,72,-8
108000150,38,7,31
108000151,574,80,494
108000152,168,999,-831
108000153,390,179,211
108000154,89,39,50
108000155,39,17,22
108000156,1203,696,507
108000157,148,864,-716
108000158,153,691,-538
108000159,1035,249,786
108000160,6980,1080,5900
108000161,5622,2329,3293
108000165,5,130,-125
108000172,2,276,-274
108000173,3383,1885,1498
108000175,428,143,285
108000178,491,456,35
108000179,267,722,-455
108000181,56,54,2
108000182,348,113,235
108000183,137,537,-400
108000184,1735,2344,-609
108000185,294,800,-506
108000186,330,763,-433
108000187,82,1150,-1068
108000188,443,300,143
108000189,3973,7022,-3049
108000190,29,163,-134
108000192,179,765,-586
108000193,1196,38,1158
108000194,89,23,66
108000195,1,1772,-1771
108000196,143,212,-69
108000198,899,492,407
108000199,2,204,-202
108000200,294,960,-666
108000203,136,1275,-1139
108000204,88,33,55
108000205,445,751,-306
108000339,1748,495,1253
108000364,398,986,-588
108000365,69,439,-370
108000367,228,404,-176
108000368,9,74,-65
108000369,2126,229,1897
108000371,15,914,-899
108000372,584,4,580
108000373,225,204,21
108000376,67,15,52
108000377,357,485,-128
108000378,10543,12317,-1774
108000379,19,275,-256
108000381,42,11,31
108000382,322,3,319
108000383,0,210,-210
108900001,112,1565,-1453
108900002,271,79,192
108900003,394,1265,-871
108900004,685,347,338
108900007,188,181,7
108900008,72,157,-85
108900009,57,135,-78
108900010,146,155,-9
108900011,352,499,-147
108900012,321,497,-176
108900013,163,324,-161
108900014,4,131,-127
108900015,4,19,-15
108900016,0,260,-260
108900017,201,216,-15
108900018,79,645,-566
108900019,50,1562,-1512
108900020,30,347,-317
108900021,91,323,-232
108900022,119,10,109
108900023,11,18,-7
108900024,18,189,-171
108900025,90,147,-57
108900026,12,148,-136
108900027,1,88,-87
108900028,64,532,-468
108900029,45,314,-269
108900030,0,150,-150
108900031,58,604,-546
108900032,12,345,-333
108900033,0,74,-74
108900034,2,382,-380
108900035,328,1708,-1380
108900038,1,503,-502
108900039,3,830,-827
108900040,3,126,-123
108900041,6805,3202,3603
108900042,23,400,-377
108900043,44,518,-474
108900044,4,938,-934
108900045,44,764,-720
108900046,66,1334,-1268
108900047,5,159,-154
108900048,102,1252,-1150
108900049,7391,1033,6358
108900050,0,318,-318
108900051,0,334,-334
108900052,25,328,-303
108900053,143,199,-56
108900054,63,316,-253
108900055,63,506,-443
108900056,2,235,-233
108900057,0,242,-242
108900058,23,548,-525
108900059,358,44,314
108900060,72,165,-93
108900061,84,42,42
108900062,11,438,-427
108900063,9,447,-438
108900064,140,86,54
108900065,8,401,-393
108900066,290,146,144
108900067,15,288,-273
108900068,13,293,-280
108900069,50,143,-93
108900070,30,198,-168
108900071,117,67,50
108900072,3150,491,2659
108900073,38,668,-630
108900074,112,661,-549
108900075,63,80,-17
108900076,170,94,76
108900077,205,734,-529
108900078,24,222,-198
108900079,997,306,691
108900080,13,784,-771
108900081,62,359,-297
108900082,51,170,-119
108900083,23,217,-194
108900085,3068,204,2864
108900086,200,547,-347
108900087,116,303,-187
108900088,999,315,684
108900089,16,119,-103
108900090,39,527,-488
108900091,104,152,-48
108900092,433,355,78
108900093,74,91,-17
108900094,251,103,148
108900095,72,702,-630
108900096,505,39,466
108900097,477,225,252
108900098,4033,522,3511
108900099,315,321,-6
108900100,50,199,-149
108900101,199,96,103
108900102,141,859,-718
108900103,87,103,-16
108900105,30,1089,-1059
108900106,297,569,-272
108900108,312,40,272
108900109,362,52,310
108900110,142,527,-385
108900111,320,807,-487
108900113,65,75,-10
108900114,53,30,23
108900115,64,72,-8
108900116,47,21,26
108900117,124,25,99
108900118,454,19,435
108900119,173,54,119
108900120,237,190,47
108900121,294,84,210
108900122,105,71,34
108900123,102,66,36
108900124,454,176,278
108900125,251,3,248
108900126,113,18,95
108900127,128,71,57
108900128,101,33,68
108900129,731,108,623
108900130,184,3,181
108900131,329,6,323
108900132,343,102,241
108900133,185,50,135
108900134,243,360,-117
108900135,91,10,81
108900136,21,0,21
108900137,113,0,113
108900138,559,24,535
108900140,231,343,-112
108900141,223,14,209
108900142,69,2,67
108900143,49,0,49
108900144,87,0,87
108900145,93,6,87
108900146,61,1,60
108900147,166,0,166
108900148,80,29,51
108900150,260,4,256
108900151,95,3,92
108900152,59,12,47
108900153,132,632,-500
108900154,4608,481,4127
108900156,90,16,74
108900157,18,717,-699
108900158,330,39,291
108900159,5,387,-382
108900160,14,355,-341
108900161,12,632,-620
108900162,65,2,63
108900163,11,273,-262
108900164,53,97,-44
108900168,11541,2367,9174
108900169,29,196,-167
108900171,11745,2731,9014
108900172,216,49,167
108900173,181,470,-289
108900174,679,733,-54
108900176,109,809,-700
108900177,10652,4277,6375
108900178,7058,3037,4021
108900180,139,260,-121
108900183,277,199,78
108900184,432,143,289
108900185,61,379,-318
108900186,27,431,-404
108900189,327,130,197
108900190,43,4066,-4023
108900192,69,288,-219
108900195,73,414,-341
108900196,35,711,-676
108900199,220,406,-186
108900200,662,445,217
108900201,430,1672,-1242
108900203,475,59,416
108900204,396,25,371
108900205,233,17,216
108900206,327,41,286
108900207,219,52,167
108900208,20,527,-507
108900209,308,808,-500
108900210,152,278,-126
108900211,197,498,-301
108900212,948,1240,-292
108900215,123,762,-639
108900216,693,211,482
108900217,104,0,104
108900218,115,9,106
108900221,48,112,-64
108900224,29,133,-104
108900225,1,204,-203
108900227,114,245,-131
108900230,562,440,122
108900232,3,456,-453
108900233,369,59,310
108900234,208,123,85
108900235,294,826,-532
108900236,33,462,-429
108900240,78,72,6
108900241,15,31,-16
108900245,6,1304,-1298
108900250,184,139,45
108900258,8,356,-348
108900259,57,109,-52
108900260,5,137,-132
108900261,299,193,106
108900262,309,173,136
108900263,44,266,-222
108900264,623,397,226
108900265,1737,348,1389
108900266,2085,524,1561
108900267,3,84,-81
108900268,16,1,15
108900269,60,10,50
108900270,58,12,46
108900271,31,13,18
108900272,156,7,149
108900273,1151,694,457
108900274,58,119,-61
109000001,6279,1603,4676
109000002,3481,2039,1442
109000003,2840,828,2012
109000004,689,3680,-2991
109000005,3344,1140,2204
109000006,1104,3040,-1936
109000007,1513,1038,475
109000008,527,2495,-1968
109000009,4357,1938,2419
109000010,1711,5604,-3893
109000011,3493,2584,909
109000012,2586,5529,-2943
109000013,3423,3618,-195
109000014,1954,5086,-3132
109000015,5809,9400,-3591
109000016,13765,5726,8039
109000017,2445,1980,465
109000018,1298,5048,-3750
109000019,3999,1807,2192
109000020,1900,2923,-1023
109000023,313,58,255
109000024,4,307,-303
109000025,518,650,-132
109000026,1360,481,879
109000027,84,400,-316
109000028,154,94,60
109000029,119,253,-134
109000030,65,707,-642
109000031,258,126,132
109000032,196,532,-336
109000033,523,173,350
109000034,51,45,6
109000035,21,95,-74
109000036,92,442,-350
109000037,250,1217,-967
109000038,568,409,159
109000039,831,635,196
109000040,4410,5259,-849
109000041,5954,1586,4368
109000042,1430,1292,138
109000044,631,238,393
109000045,170,574,-404
109000046,282,98,184
109000047,103,546,-443
109000048,1960,553,1407
109000049,536,619,-83
109000050,623,836,-213
109000051,431,361,70
109000052,542,2044,-1502
109000053,771,309,462
109000054,231,982,-751
109000055,396,330,66
109000056,223,650,-427
109000057,506,324,182
109000058,2345,636,1709
109000059,799,1192,-393
109000060,1022,363,659
109000061,1823,959,864
109000062,119,249,-130
109000063,243,305,-62
109000064,132,198,-66
109000065,87,417,-330
109000066,325,155,170
109000067,24,449,-425
109000068,2012,12,2000
109000069,987,47,940
109000070,14,1319,-1305
109000071,424,98,326
109000072,151,783,-632
109000073,69,116,-47
109000074,58,325,-267
109000075,75,428,-353
109000076,194,310,-116
109000077,513,468,45
109000078,87,271,-184
109000079,163,260,-97
109000080,178,161,17
109000081,89,756,-667
109000082,617,330,287
109000083,330,1125,-795
109000088,117,629,-512
109000089,201,55,146
109000090,192,526,-334
109000091,239,127,112
109000092,389,731,-342
109000093,196,158,38
109000094,434,2,432
109000095,148,607,-459
109000096,531,308,223
109000097,104,193,-89
109000098,91,101,-10
109000099,779,535,244
109000100,214,758,-544
109000101,1347,1214,133
109000102,321,1026,-705
109000103,710,871,-161
109000104,1324,854,470
109000105,579,1666,-1087
109000106,1832,938,894
109000107,654,2566,-1912
109000108,1892,716,1176
109000109,470,2518,-2048
109000110,1664,660,1004
109000111,1355,2801,-1446
109000112,493,156,337
109000113,476,264,212
109000114,136,487,-351
109000115,1865,151,1714
109000116,12,746,-734
109000117,159,168,-9
109000118,9,397,-388
109000119,886,658,228
109000120,157,1406,-1249
109000121,554,232,322
109000122,127,1275,-1148
109000123,40,430,-390
109000124,665,539,126
109000125,872,546,326
109000126,532,1153,-621
109000127,1172,460,712
109000128,510,2742,-2232
109000129,1605,698,907
109000130,1058,4612,-3554
109000131,1571,1031,540
109000132,1246,4297,-3051
109000133,464,1440,-976
109000134,974,1917,-943
109000135,1572,1797,-225
109000136,387,449,-62
109000137,387,491,-104
109000138,591,499,92
109000139,449,557,-108
109000140,303,1259,-956
109000141,722,735,-13
109000142,140,742,-602
109000143,69,104,-35
109000145,93,383,-290
109000146,164,125,39
109000148,5182,1745,3437
109000149,46,73,-27
109000150,307,245,62
109000155,578,728,-150
109000156,2002,1029,973
109000158,99,321,-222
109000159,136,906,-770
109000160,1191,359,832
109000161,403,1861,-1458
109000162,1887,1033,854
109000163,1092,2485,-1393
109000164,1297,3431,-2134
109000165,1112,854,258
109000166,589,195,394
109000167,112,1187,-1075
109000170,64,70,-6
109000171,91,63,28
109000172,80,109,-29
109000173,30,103,-73
109000174,68,75,-7
109000175,128,644,-516
109000176,295,321,-26
109000177,38,143,-105
109000178,704,669,35
109000179,8430,3472,4958
109000180,6845,3988,2857
109000181,9,71,-62
109000182,64,79,-15
109000183,53,47,6
109000184,45,44,1
109000185,31,122,-91
109000188,911,3315,-2404
109000189,3678,1277,2401
109000190,500,716,-216
109000191,314,773,-459
109000192,309,283,26
109000193,177,539,-362
109000194,190,153,37
109000195,79,577,-498
109000196,280,154,126
109000197,154,610,-456
109000198,196,80,116
109000199,95,680,-585
109000206,227,43,184
109000207,116,49,67
109000208,91,101,-10
109000209,122,174,-52
109000210,222,867,-645
109000211,531,621,-90
109000214,447,1436,-989
109000215,221,104,117
109000216,361,241,120
109000217,217,129,88
109000218,335,169,166
109000221,411,1404,-993
109000222,942,274,668
109000223,323,309,14
109000224,55,284,-229
109000225,55,95,-40
109000226,51,424,-373
109000227,850,1660,-810
109000228,0,426,-426
109000231,3,357,-354
109000232,229,441,-212
109000236,277,876,-599
109000241,2302,2399,-97
109000242,1769,2224,-455
109000293,91,251,-160
109000361,130,364,-234
109000364,143,836,-693
109000396,3,798,-795
109000397,455,12,443
109000399,200,799,-599
109000400,109,463,-354
109000403,221,1338,-1117
109000406,585,1,584
109000407,274,265,9
109000408,0,1210,-1210
109000410,1051,291,760
109000411,159,76,83
109900001,85,1,84
109900002,685,5,680
109900003,178,0,178
109900005,12,0,12
109900006,306,338,-32
109900007,631,1044,-413
109900008,0,45,-45
109900009,132,918,-786
109900010,490,12,478
109900011,151,58,93
109900012,262,273,-11
109900013,290,214,76
109900015,441,204,237
109900017,36,26,10
109900018,162,70,92
109900019,175,93,82
109900020,18,35,-17
109900021,24,21,3
109900022,108,477,-369
109900023,12,2,10
109900024,15,1,14
109900025,11,69,-58
109900027,36,43,-7
109900028,3288,796,2492
109900029,6,654,-648
109900030,33,6,27
109900031,0,88,-88
109900032,2,413,-411
109900033,3,760,-757
109900034,31,2,29
109900035,5,18,-13
109900036,14,134,-120
109900037,50,705,-655
109900038,44,336,-292
109900039,8,0,8
109900040,18,837,-819
109900041,54,627,-573
109900042,35,473,-438
109900044,129,354,-225
109900045,164,18,146
109900046,105,152,-47
109900047,384,472,-88
109900048,17,132,-115
109900049,1,50,-49
109900050,1,282,-281
109900051,2,59,-57
109900052,51,353,-302
109900053,7,537,-530
109900054,565,229,336
109900055,31,271,-240
109900056,45,246,-201
109900057,9,313,-304
109900058,0,157,-157
109900060,408,178,230
109900061,111,344,-233
109900062,1,371,-370
109900064,458,377,81
109900065,140,150,-10
109900066,324,1209,-885
109900067,2,575,-573
109900068,40,5,35
109900069,5,56,-51
109900071,0,41,-41
109900072,24,185,-161
109900073,281,981,-700
109900074,10,40,-30
109900075,30,43,-13
109900076,38,502,-464
109900077,31,64,-33
109900078,109,299,-190
109900080,213,478,-265
109900081,26,133,-107
109900082,45,652,-607
109900083,35,83,-48
109900084,98,186,-88
109900085,261,1434,-1173
109900086,143,507,-364
109900087,331,467,-136
109900089,666,162,504
109900092,732,13,719
109900093,656,139,517
109900094,95,121,-26
109900095,150,315,-165
109900096,18,0,18
109900097,61,1,60
109900098,417,21,396
109900099,157,0,157
109900100,53,2,51
109900101,419,9,410
109900102,390,15,375
109900103,314,132,182
109900104,337,1334,-997
109900105,561,34,527
109900106,308,75,233
109900107,389,93,296
109900108,113,604,-491
109900109,36,256,-220
109900111,307,1871,-1564
109900114,772,318,454
109900115,127,76,51
109900117,742,200,542
109900121,809,505,304
109900123,12,286,-274
109900125,4,225,-221
109900126,194,249,-55
109900130,15769,2115,13654
109900131,72,225,-153
109900132,56,273,-217
109900134,58,118,-60
109900135,585,64,521
109900137,119,525,-406
109900140,262,400,-138
109900149,39,64,-25
109900150,3,93,-90
109900151,2,42,-40
109900152,0,31,-31
109900153,0,40,-40
109900154,29,1,28
109900155,53,29,24
109900157,60,309,-249
109900159,370,87,283
109900161,195,70,125
109900162,319,191,128
109900163,1013,451,562
109900164,46,341,-295
109900165,143,4,139
109900166,1,147,-146
109900167,161,640,-479
109900168,247,751,-504
109900169,117,259,-142
109900170,416,866,-450
109900171,171,106,65
109900172,165,262,-97
109900173,5306,2368,2938
109900174,61,190,-129
109900175,72,70,2
109900176,86,232,-146
109900177,34,327,-293
109900178,10,81,-71
109900179,34,30,4
109900180,5,18,-13
110000001,1277,774,503
110000002,868,749,119
110000003,1129,810,319
110000004,687,743,-56
110000005,816,1922,-1106
110000006,877,522,355
110000007,206,209,-3
110000008,20,49,-29
110000009,66,51,15
110000010,82,61,21
110000011,28,182,-154
110000012,1065,654,411
110000013,34,705,-671
110000014,872,533,339
110000015,344,797,-453
110000016,408,1704,-1296
110000017,4305,337,3968
110000018,4741,529,4212
110000019,9,201,-192
110000020,636,268,368
110000021,1493,566,927
110000022,1034,168,866
110000023,11,223,-212
110000024,710,523,187
110000025,159,3,156
110000026,5,701,-696
110000027,841,552,289
110000028,840,946,-106
110000029,526,1302,-776
110000030,310,451,-141
110000031,273,805,-532
110000032,851,566,285
110000033,314,94,220
110000034,373,944,-571
110000035,763,1090,-327
110000036,878,905,-27
110000037,187,830,-643
110000038,203,813,-610
110000039,917,3386,-2469
110000040,488,482,6
110000041,349,1543,-1194
110000042,165,341,-176
110000043,673,522,151
110000044,167,102,65
110000045,705,161,544
110000046,9,18,-9
110000047,24,31,-7
110000048,21,13,8
110000049,144,8,136
110000050,27,25,2
110000051,150,20,130
110000052,57,38,19
110000053,377,10,367
110000054,193,363,-170
110000055,587,39,548
110000056,376,53,323
110000057,484,1092,-608
110000058,1367,753,614
110000059,975,662,313
110000060,812,1110,-298
110000061,1003,951,52
110000062,762,1022,-260
110000063,20,112,-92
110000064,109,189,-80
110000065,68,94,-26
110000066,124,45,79
110000067,90,493,-403
110000068,270,670,-400
110000069,130,117,13
110000071,99,174,-75
110000073,4,33,-29
110000075,4,128,-124
110000076,312,383,-71
110000077,574,1259,-685
110000078,20,61,-41
110000080,349,834,-485
110000081,40,439,-399
110000082,57,446,-389
110000083,318,837,-519
110000084,1022,850,172
110000085,2940,1820,1120
110000086,1267,2009,-742
110000087,12,98,-86
110000088,74,322,-248
110000089,202,178,24
110000090,134,459,-325
110000091,2481,454,2027
110000092,16,107,-91
110000093,60,6,54
110000094,640,295,345
110000095,220,755,-535
110000096,4340,2171,2169
110000097,1137,1462,-325
110000098,2116,809,1307
110000099,1030,1972,-942
110000100,654,1097,-443
110000101,21,582,-561
110000102,51,111,-60
110000104,232,124,108
110000105,78,367,-289
110000106,568,419,149
110000107,493,564,-71
110000108,209,61,148
110000109,292,315,-23
110000110,4923,4434,489
110000111,9130,2890,6240
110000112,1702,1024,678
110000113,857,2406,-1549
110000114,142,649,-507
110000115,236,366,-130
110000116,41,59,-18
110000117,163,613,-450
110000118,334,322,12
110000119,202,472,-270
110000120,290,278,12
110000121,189,369,-180
110000122,359,771,-412
110000123,553,664,-111
110000124,8,1126,-1118
110000125,1063,8,1055
110000126,310,21,289
110000127,1104,57,1047
110000128,40,1633,-1593
110000129,7,853,-846
110000130,300,197,103
110000131,101,624,-523
110000132,3,878,-875
110000133,61,477,-416
110000134,34,460,-426
110000135,205,29,176
110000136,71,350,-279
110000137,609,770,-161
110000138,664,983,-319
110000139,795,1882,-1087
110000140,1246,658,588
110000143,992,436,556
110000144,5396,1690,3706
110000145,1573,1006,567
110000146,1824,945,879
110000147,438,964,-526
110000148,444,435,9
110000151,1628,766,862
110000152,1428,464,964
110000153,61,145,-84
110000154,3,9,-6
110000155,1383,3850,-2467
110000156,987,2060,-1073
110000157,1367,2039,-672
110000160,320,520,-200
110000161,143,704,-561
110000166,351,122,229
110000167,799,609,190
110000168,945,533,412
110000169,694,447,247
110000170,149,93,56
110000171,565,216,349
110000172,203,1145,-942
110000173,1579,1741,-162
110000174,205,1868,-1663
110000175,497,146,351
110000176,95,332,-237
110000177,225,1104,-879
110000178,536,1088,-552
110000179,2058,404,1654
110000180,136,441,-305
110000181,291,539,-248
110000182,339,346,-7
110000183,16395,7546,8849
110000184,1742,2751,-1009
110000185,1147,824,323
110000186,831,880,-49
110000191,531,347,184
110000192,343,2,341
110000193,623,11,612
110000194,20,1731,-1711
110000195,335,508,-173
110000196,226,642,-416
110000197,77,255,-178
110000198,137,102,35
110000199,68,164,-96
110000200,1565,670,895
110000201,739,681,58
110000202,1327,487,840
110000203,888,1172,-284
110000204,2,390,-388
110000205,107,48,59
110000206,770,2018,-1248
110000207,633,354,279
110000208,209,159,50
110000209,176,1122,-946
110000210,849,963,-114
110000211,965,1150,-185
110000212,597,1251,-654
110000213,144,77,67
110000214,165,127,38
110000215,159,753,-594
110000216,88,862,-774
110000217,221,285,-64
110000218,139,649,-510
110000219,273,131,142
110000220,47,521,-474
110000221,260,92,168
110000222,47,386,-339
110000223,5,168,-163
110000224,131,24,107
110000225,226,764,-538
110000226,225,68,157
110000227,1008,801,207
110000228,567,352,215
110000229,1,335,-334
110000230,732,800,-68
110000231,191,258,-67
110000232,205,206,-1
110000233,161,408,-247
110000234,764,501,263
110000235,1775,1116,659
110000236,645,1213,-568
110000237,2313,1382,931
110000238,1229,1713,-484
110000239,1842,1366,476
110000240,1,111,-110
110000242,0,15,-15
110000243,68,167,-99
110000244,163,598,-435
110000245,51,664,-613
110000246,819,840,-21
110000247,1488,6542,-5054
110000248,2826,2426,400
110000249,115,8,107
110000250,32,334,-302
110000251,269,828,-559
110000252,212,342,-130
110000253,1306,771,535
110000254,764,1893,-1129
110000255,264,1527,-1263
110000256,633,290,343
110000257,918,475,443
110000258,12,598,-586
110000259,71,24,47
110000260,9,494,-485
110000263,577,147,430
110000264,275,696,-421
110000265,1219,2046,-827
110000266,2115,2654,-539
110000267,10,209,-199
110000268,299,599,-300
110000269,1,75,-74
110000270,43,4,39
110000271,3121,306,2815
110000272,1283,1223,60
110000273,3967,1542,2425
110000274,182,1346,-1164
110000275,3609,549,3060
110000276,339,288,51
110000277,218,514,-296
110000278,353,997,-644
110000279,901,745,156
110000280,407,493,-86
110000281,37,271,-234
110000282,418,76,342
110000283,87,121,-34
110000284,95,61,34
110000285,7,369,-362
110000286,34,0,34
110000287,26,3,23
110000288,1,61,-60
110000289,638,1620,-982
110000290,1608,738,870
110000291,8547,1884,6663
110000292,1505,5214,-3709
110000293,640,1173,-533
110000294,762,1139,-377
110000295,110,1156,-1046
110000296,324,333,-9
110000297,3044,364,2680
110000298,420,911,-491
110000299,745,70,675
110000301,314,28,286
110000302,370,1839,-1469
110000303,499,11,488
110000304,206,480,-274
110000305,1027,19,1008
110000306,162,2395,-2233
110000307,1413,8,1405
110000308,540,9,531
110000309,8,1442,-1434
110000310,628,97,531
110000311,35,1118,-1083
110000312,649,57,592
110000313,3604,4301,-697
110000314,8,492,-484
110000315,3865,2255,1610
110000316,659,1438,-779
110000317,764,515,249
110000318,3,161,-158
110000319,11,24,-13
110000320,68,84,-16
110000321,24,54,-30
110000322,249,698,-449
110000323,389,259,130
110000324,5949,1492,4457
110000325,2810,3007,-197
110000327,509,275,234
110000328,174,485,-311
110000333,1024,783,241
110000334,905,1777,-872
110000335,806,636,170
110000336,694,1290,-596
110000337,1809,775,1034
110000338,316,244,72
110000339,291,331,-40
110000340,30,235,-205
110000341,551,608,-57
110000342,540,3,537
110000343,0,11,-11
110000344,160,199,-39
110000345,151,107,44
110000346,2741,1993,748
110000347,1277,917,360
110000348,25,24,1
110000349,12,27,-15
110000350,33,6,27
110000351,814,1167,-353
110000352,616,1927,-1311
110000353,4667,906,3761
110000354,1288,3197,-1909
110000355,94,90,4
110000356,942,7,935
110000357,326,15,311
110000361,12,128,-116
110000362,43,28,15
110000363,281,180,101
110000364,156,601,-445
110000365,188,1,187
110000366,0,122,-122
110000367,282,196,86
110000368,1,71,-70
110000369,47,0,47
110000373,3,338,-335
110000374,155,10,145
110000375,240,1129,-889
110000376,34,130,-96
110000377,100,797,-697
110000378,27,388,-361
110000379,4772,1539,3233
110000380,80,14,66
110000383,4,1076,-1072
110000384,2586,985,1601
110000385,3,218,-215
110000387,75,14,61
110000388,30,335,-305
110000389,820,6,814
110000391,429,382,47
110000396,127,155,-28
110000397,110,276,-166
110000398,8,73,-65
110000399,243,1,242
110000587,75,55,20
110000589,223,234,-11
110000640,174,171,3
110000652,26,151,-125
110000653,301,643,-342
110000654,58,34,24
110000656,2,779,-777
110000674,37,11,26
110000675,21,10,11
110000676,18,45,-27
110000679,844,1267,-423
110000682,160,241,-81
110000683,564,738,-174
110000684,10,60,-50
110000685,9,10,-1
110000686,9,33,-24
110000687,35,3,32
110000688,85,821,-736
110000689,65,64,1
110000692,309,298,11
110000693,397,285,112
110000694,4,202,-198
110000695,157,886,-729
110000696,199,201,-2
110900001,235,1,234
110900002,495,519,-24
110900003,593,1259,-666
110900004,289,257,32
110900005,5306,1941,3365
110900006,55,9,46
110900007,136,15,121
110900008,16,89,-73
110900009,391,70,321
110900010,8,97,-89
110900011,27,156,-129
110900012,4,124,-120
110900013,877,171,706
110900014,217,18,199
110900015,1220,515,705
110900016,23,278,-255
110900017,351,61,290
110900018,446,68,378
110900019,118,26,92
110900020,48,628,-580
110900021,81,778,-697
110900022,135,522,-387
110900023,55,878,-823
110900024,19,627,-608
110900025,4,85,-81
110900027,44,342,-298
110900028,70,213,-143
110900029,27,550,-523
110900030,27,414,-387
110900031,169,243,-74
110900032,0,135,-135
110900033,27,314,-287
110900035,43,696,-653
110900036,155,36,119
110900037,74,38,36
110900038,1810,287,1523
110900039,10,316,-306
110900040,187,49,138
110900041,11,206,-195
110900042,145,80,65
110900043,2,200,-198
110900044,347,29,318
110900045,46,764,-718
110900046,130,420,-290
110900047,1124,274,850
110900049,50,86,-36
110900050,15,2,13
110900051,54,248,-194
110900052,8,298,-290
110900053,87,63,24
110900054,21,313,-292
110900055,22,3,19
110900056,52,140,-88
110900057,4,256,-252
110900058,209,349,-140
110900059,800,1014,-214
110900060,489,169,320
110900061,42,53,-11
110900062,154,487,-333
110900063,32,110,-78
110900064,13,0,13
110900065,504,186,318
110900066,2,65,-63
110900067,779,844,-65
110900068,290,277,13
110900069,149,150,-1
110900070,142,37,105
110900071,372,528,-156
110900073,1,28,-27
110900074,326,133,193
110900075,294,84,210
110900077,624,691,-67
110900078,38,157,-119
110900079,3310,969,2341
110900080,106,85,21
110900081,7,131,-124
110900082,92,296,-204
110900083,109,66,43
110900084,66,246,-180
110900085,60,544,-484
110900086,57,250,-193
110900087,302,72,230
110900088,21,0,21
110900090,27,28,-1
110900091,2,80,-78
110900093,400,121,279
110900095,64,26,38
110900097,10,36,-26
110900098,50,176,-126
110900099,47,857,-810
110900100,0,30,-30
110900102,46,32,14
110900105,898,568,330
110900108,10,117,-107
110900111,262,119,143
110900112,660,1,659
110900113,557,65,492
110900115,20,166,-146
110900116,357,2489,-2132
110900118,208,2654,-2446
110900119,6806,467,6339
110900120,6,191,-185
110900121,72,0,72
110900122,293,178,115
110900125,292,364,-72
110900127,962,1245,-283
110900128,494,435,59
110900129,369,540,-171
110900130,1484,622,862
110900131,169,50,119
110900132,205,57,148
110900133,54,344,-290
110900135,113,678,-565
110900136,277,19,258
110900138,0,0,0
110900139,18,1,17
110900140,14,0,14
110900141,981,270,711
110900142,37,326,-289
110900143,118,116,2
110900144,6,1065,-1059
110900145,114,33,81
110900146,480,95,385
110900147,271,328,-57
110900148,4,388,-384
110900149,0,115,-115
110900150,63,24,39
110900151,3,86,-83
110900152,24,416,-392
110900153,119,40,79
111000001,884,800,84
111000002,1205,1246,-41
111000003,1880,1617,263
111000004,1141,1989,-848
111000005,1962,1882,80
111000006,1326,2645,-1319
111000007,7334,5113,2221
111000008,6998,4970,2028
111000009,595,1273,-678
111000010,947,401,546
111000011,550,1335,-785
111000012,973,573,400
111000013,454,1723,-1269
111000014,1502,1045,457
111000017,150,816,-666
111000018,315,485,-170
111000020,3032,3072,-40
111000021,123,189,-66
111000023,124,241,-117
111000025,9346,4004,5342
111000029,92,113,-21
111000030,30,106,-76
111000031,2415,1435,980
111000032,722,367,355
111000033,383,346,37
111000034,605,371,234
111000037,4103,2198,1905
111000038,4827,3439,1388
111000039,2025,3526,-1501
111000040,1875,3952,-2077
111000041,1762,2228,-466
111000042,7705,3197,4508
111000043,2944,2972,-28
111000044,1676,1316,360
111000045,2305,2397,-92
111000046,1836,1924,-88
111000047,2624,4297,-1673
111000049,436,740,-304
111000050,2654,2283,371
111000051,550,1499,-949
111000052,788,2072,-1284
111000053,486,1473,-987
111000054,428,1572,-1144
111000055,1244,2618,-1374
111000056,157,837,-680
111000057,70,953,-883
111000058,304,142,162
111000059,386,349,37
111000060,3688,1204,2484
111000061,521,467,54
111000062,882,361,521
111000063,2153,1257,896
111000064,494,781,-287
111000065,1150,1116,34
111000066,463,472,-9
111000067,668,913,-245
111000068,469,1025,-556
111000069,2109,2512,-403
111000070,2971,1586,1385
111000071,316,1112,-796
111000072,1101,600,501
111000073,318,1078,-760
111000074,1625,2041,-416
111000075,940,1087,-147
111000076,537,1102,-565
111000077,1705,2295,-590
111000078,2774,1278,1496
111000079,1539,1061,478
111000080,519,980,-461
111000081,2804,4877,-2073
111000082,632,956,-324
111000084,804,669,135
111000085,1455,2054,-599
111000086,4712,1873,2839
111000087,810,1052,-242
111000088,7857,2123,5734
111000089,848,877,-29
111000090,1288,1580,-292
111000091,839,745,94
111000092,1302,1192,110
111000093,674,1106,-432
111000094,2271,1147,1124
111000095,722,2703,-1981
111000096,2709,8503,-5794
111000097,8033,1451,6582
111000098,855,1826,-971
111000099,580,3121,-2541
111000100,351,2742,-2391
111000101,467,1048,-581
111000102,215,1076,-861
111000104,529,359,170
111000107,115,1187,-1072
111000109,522,368,154
111000110,1562,891,671
111000111,1890,663,1227
111000112,1662,597,1065
111000113,990,1267,-277
111000114,2708,3719,-1011
111000115,9705,1485,8220
111000116,1030,1393,-363
111000117,681,1153,-472
111000118,1842,1309,533
111000119,985,2002,-1017
111000120,450,738,-288
111000121,268,829,-561
111000122,734,1371,-637
111000123,1104,4007,-2903
111000124,583,4487,-3904
111000125,283,2278,-1995
111000126,115,1350,-1235
111000127,888,261,627
111000128,1443,494,949
111000129,2493,569,1924
111000130,1708,795,913
111000131,1301,591,710
111000132,1024,643,381
111000133,162,144,18
111000134,121,135,-14
111000135,57,156,-99
111000136,322,433,-111
111000138,12,15,-3
111000140,1,12,-11
111000141,229,386,-157
111000142,21,140,-119
111000143,16,134,-118
111000144,37,186,-149
111000145,2778,21,2757
111000146,94,16,78
111000147,325,44,281
111000148,194,100,94
111000149,7,37,-30
111000150,7,17,-10
111000151,6,51,-45
111000153,695,791,-96
111000154,1125,246,879
111000155,130,260,-130
111000156,703,733,-30
111000157,221,932,-711
111000158,1174,903,271
111000159,3934,852,3082
111000160,331,506,-175
111000161,21,345,-324
111000162,58,258,-200
111000163,740,1204,-464
111000164,1248,4476,-3228
111000165,1799,623,1176
111000166,2009,496,1513
111000167,192,719,-527
111000168,285,686,-401
111000169,379,691,-312
111000170,559,584,-25
111000171,555,1090,-535
111000172,166,1017,-851
111000173,365,1939,-1574
111000174,194,1000,-806
111000175,56,370,-314
111000176,242,209,33
111000177,260,305,-45
111000178,1207,501,706
111000179,168,268,-100
111000180,224,457,-233
111000181,766,405,361
111000182,157,348,-191
111000183,385,518,-133
111000184,381,367,14
111000185,411,595,-184
111000186,380,350,30
111000187,124,380,-256
111000188,156,535,-379
111000189,2123,711,1412
111000190,183,586,-403
111000191,149,594,-445
111000192,272,856,-584
111000193,624,511,113
111000194,42,540,-498
111000195,144,574,-430
111000196,41,492,-451
111000197,302,241,61
111000198,403,153,250
111000199,151,183,-32
111000200,280,452,-172
111000201,458,298,160
111000202,244,239,5
111000203,257,265,-8
111000204,573,846,-273
111000213,260,613,-353
111000214,1734,2908,-1174
111000215,1134,2087,-953
111000217,1539,1026,513
111000218,1095,1258,-163
111000219,639,396,243
111000220,3705,703,3002
111000221,1547,163,1384
111000224,176,824,-648
111000225,361,357,4
111000226,301,1,300
111000227,79,12,67
111000228,5,258,-253
111000229,46,535,-489
111000230,293,736,-443
111000231,998,1533,-535
111000232,394,1011,-617
111000233,495,1094,-599
111000234,93,324,-231
111000239,181,258,-77
111000240,36,200,-164
111000241,41,568,-527
111000242,147,122,25
111000243,115,1101,-986
111000244,308,130,178
111000245,966,719,247
111000246,391,813,-422
111000247,208,1299,-1091
111000248,492,683,-191
111000249,566,1066,-500
111000250,51,115,-64
111000251,33,137,-104
111000253,20,16,4
111000255,21,6,15
111000257,23,11,12
111000260,79,1402,-1323
111000261,1100,93,1007
111000271,60,446,-386
111000273,9985,2471,7514
111000274,1349,2325,-976
111000275,176,113,63
111000276,339,2616,-2277
111000277,179,494,-315
111000278,711,369,342
111000291,874,6328,-5454
111000298,550,397,153
111000299,817,170,647
111000300,98,844,-746
111000302,232,124,108
111000303,80,293,-213
111000312,55,78,-23
111000315,80,678,-598
111000320,400,754,-354
111000321,342,76,266
111000322,283,633,-350
111000323,149,31,118
111000324,825,405,420
111000325,42,71,-29
111000326,147,448,-301
111000327,418,806,-388
111000328,250,553,-303
111000329,2,35,-33
111000330,35,59,-24
111000331,8,7,1
111000332,435,1715,-1280
111000334,450,2251,-1801
111000335,707,241,466
111000337,874,569,305
111000338,31,138,-107
111000339,346,712,-366
111000340,115,1065,-950
111000341,1058,892,166
111000342,495,379,116
111000344,1015,916,99
111000345,343,67,276
111000346,25,124,-99
111000347,103,5,98
111000350,178,219,-41
111000351,96,298,-202
111000352,192,219,-27
111000353,124,275,-151
111000354,463,346,117
111000355,359,880,-521
111000358,95,2363,-2268
111000360,111,1197,-1086
111000361,131,629,-498
111000546,590,937,-347
111000547,282,1079,-797
111000548,112,254,-142
111000549,297,623,-326
111000550,115,682,-567
111000551,748,240,508
111000552,2360,121,2239
111000907,649,14,635
111000908,40,2,38
111000916,1411,357,1054
111000917,51,583,-532
111000918,138,1617,-1479
111000920,460,46,414
111000921,0,517,-517
111000922,370,383,-13
111000924,58,1456,-1398
111000925,2450,3073,-623
111000926,1102,3615,-2513
111000927,3100,6343,-3243
111000928,6841,5599,1242
111000929,1061,1350,-289
111000930,901,3637,-2736
111000931,2004,2683,-679
111000932,4963,3167,1796
111000933,4288,2414,1874
111000934,3328,4024,-696
111000935,1497,1314,183
111000936,1383,3028,-1645
111000937,1066,1676,-610
111000938,2740,3253,-513
111000939,348,56,292
111000940,404,262,142
111000941,353,1034,-681
111000943,344,409,-65
111000944,170,780,-610
111000945,70,2695,-2625
111001109,580,269,311
111001110,267,717,-450
111001111,60,4,56
111001112,324,5,319
111001113,11,265,-254
111001114,1938,142,1796
111001115,150,425,-275
111001116,7678,4511,3167
111001117,862,2604,-1742
111001120,141,579,-438
111001121,220,463,-243
111001122,260,904,-644
111001123,176,341,-165
111001124,176,385,-209
111001125,5,47,-42
111001126,0,1,-1
111001127,1,202,-201
111001128,528,832,-304
111900001,4,404,-400
111900002,3,1325,-1322
111900003,4,503,-499
111900004,38,174,-136
111900006,6,28,-22
111900007,42,3,39
111900008,80,2,78
111900009,86,2,84
111900010,232,560,-328
111900012,82,130,-48
111900013,1,65,-64
111900014,8725,2620,6105
111900015,0,107,-107
111900016,0,158,-158
111900017,1,178,-177
111900018,104,3,101
111900019,2,85,-83
111900020,3,64,-61
111900021,46,131,-85
111900022,12,77,-65
111900023,126,95,31
111900024,13,82,-69
111900025,0,50,-50
111900026,2,110,-108
111900027,9,196,-187
111900028,12,578,-566
111900029,2,117,-115
111900030,76,533,-457
111900032,2,501,-499
111900033,0,83,-83
111900034,350,1070,-720
111900035,26,295,-269
111900036,3,451,-448
111900038,313,864,-551
111900039,53,568,-515
111900040,7,820,-813
111900042,33,133,-100
111900043,3,496,-493
111900044,362,576,-214
111900046,68,275,-207
111900048,153,1285,-1132
111900049,54,312,-258
111900050,103,16,87
111900051,3,314,-311
111900052,452,556,-104
111900053,1979,886,1093
111900054,117,5,112
111900055,25,825,-800
111900056,438,190,248
111900057,85,120,-35
111900058,255,909,-654
111900059,4618,519,4099
111900060,252,4,248
111900061,27,428,-401
111900062,11,44,-33
111900063,168,326,-158
111900064,161,414,-253
111900065,53,17,36
111900066,114,198,-84
111900067,1,504,-503
111900068,33,49,-16
111900069,50,15,35
111900070,93,140,-47
111900071,4,404,-400
111900072,29,21,8
111900073,510,107,403
111900074,10,261,-251
111900075,48,6,42
111900076,72,43,29
111900077,33,0,33
111900078,143,17,126
111900079,28,9,19
111900080,266,247,19
111900082,85,16,69
111900083,65,12,53
111900084,33,1,32
111900085,38,84,-46
111900086,29,6,23
111900087,22,0,22
111900088,380,3,377
111900089,56,3,53
111900090,82,23,59
111900091,107,0,107
111900092,59,2,57
111900093,276,7,269
111900094,105,1,104
111900095,129,22,107
111900096,97,1,96
111900097,25,1,24
111900098,133,0,133
111900099,85,0,85
111900100,90,3,87
111900101,121,32,89
111900102,253,932,-679
111900103,73,68,5
111900104,200,92,108
111900105,331,183,148
111900106,2070,66,2004
111900110,3280,401,2879
111900111,108,255,-147
111900112,1225,1807,-582
111900113,386,93,293
111900118,318,61,257
111900119,353,103,250
111900122,74,41,33
111900123,9,16,-7
111900124,17,86,-69
111900125,383,30,353
111900126,237,2,235
111900127,2,820,-818
111900128,8,685,-677
111900129,165,6,159
111900130,118,12,106
111900131,326,0,326
111900132,22,1509,-1487
111900133,28,555,-527
111900134,17,338,-321
111900135,8,23,-15
111900136,65,125,-60
111900137,63,77,-14
111900138,10,107,-97
111900139,12,121,-109
111900140,80,29,51
111900141,63,13,50
111900142,81,29,52
111900143,12,214,-202
111900144,1,167,-166
111900145,3,682,-679
111900146,4,413,-409
111900147,208,669,-461
111900148,25,1249,-1224
111900149,8,466,-458
111900150,12,231,-219
111900151,3,21,-18
111900152,93,80,13
111900153,2093,410,1683
111900154,6,189,-183
111900155,65,80,-15
111900156,20,62,-42
111900157,78,15,63
111900158,405,21,384
111900159,251,7,244
111900160,189,0,189
111900161,109,2,107
111900162,1449,495,954
111900163,57,385,-328
111900164,125,49,76
111901113,327,306,21
111901114,129,365,-236
111901115,51,1,50
111901116,32,1,31
111901117,25,39,-14
111901118,247,157,90
111901119,1819,144,1675
111901121,165,621,-456
111901122,7,834,-827
111901123,101,512,-411
111901124,103,4,99
111901125,272,430,-158
111901127,1195,258,937
111901129,9,158,-149
111901130,63,672,-609
111901131,14,297,-283
111901132,297,21,276
111901133,38,5,33
111901134,74,2,72
111901135,13,5,8
111901136,26,30,-4
111901138,103,53,50
111901139,45,59,-14
111901140,6,152,-146
111901141,7,436,-429
111901142,7,520,-513
111901143,12,392,-380
111901144,36,48,-12
111901145,324,383,-59
111901146,462,33,429
111901147,1764,167,1597
111901148,31,55,-24
111901149,24,2,22
111901150,104,1,103
111901151,0,0,0
111901152,6,75,-69
112000001,1917,1456,461
112000002,980,3031,-2051
112000003,1075,1578,-503
112000004,917,2158,-1241
112000005,2583,2781,-198
112000006,2412,2912,-500
112000007,2319,1936,383
112000008,3077,5188,-2111
112000009,5046,5750,-704
112000010,3272,3776,-504
112000011,2585,3472,-887
112000012,5645,3262,2383
112000013,6655,3713,2942
112000014,3314,890,2424
112000015,3557,3297,260
112000016,6932,1104,5828
112000017,3356,1797,1559
112000024,3051,1035,2016
112000026,5903,7113,-1210
112000027,1337,736,601
112000028,2980,2245,735
112000029,419,947,-528
112000030,253,151,102
112000031,1844,4935,-3091
112000032,555,67,488
112000033,2318,1301,1017
112000034,335,57,278
112000035,96,242,-146
112000036,1269,882,387
112000037,1434,838,596
112000038,1439,1019,420
112000039,58,105,-47
112000040,175,324,-149
112000041,721,630,91
112000042,1797,431,1366
112000050,1264,1952,-688
112000051,987,1544,-557
112000054,2653,3419,-766
112000057,495,471,24
112000058,416,675,-259
112000059,593,1080,-487
112000061,5586,2498,3088
112000062,2018,910,1108
112000063,1991,2015,-24
112000064,5716,7910,-2194
112000065,2876,3469,-593
112000066,4439,1831,2608
112000067,1001,852,149
112000068,3885,2489,1396
112000069,934,2522,-1588
112000070,2336,1159,1177
112000071,1140,3521,-2381
112000072,1998,1317,681
112000073,2624,2140,484
112000074,2528,1256,1272
112000075,1608,1519,89
112000076,4035,3656,379
112000077,499,890,-391
112000078,1776,882,894
112000079,1290,1593,-303
112000080,710,1121,-411
112000081,1905,2462,-557
112000082,1664,953,711
112000083,609,1878,-1269
112000084,1347,1072,275
112000085,1436,1895,-459
112000086,2001,2104,-103
112000087,317,1094,-777
112000088,528,937,-409
112000089,325,344,-19
112000090,362,501,-139
112000091,764,1520,-756
112000092,1560,1310,250
112000093,1944,1443,501
112000094,597,1248,-651
112000095,819,1085,-266
112000096,492,965,-473
112000097,1144,642,502
112000098,1054,1992,-938
112000099,852,1059,-207
112000100,1520,1214,306
112000101,621,1142,-521
112000102,813,979,-166
112000103,423,1358,-935
112000105,717,2910,-2193
112000106,1536,807,729
112000107,104,209,-105
112000108,286,2545,-2259
112000109,168,163,5
112000110,1795,764,1031
112000111,1494,4189,-2695
112000112,3495,758,2737
112000113,982,2330,-1348
112000114,2396,1374,1022
112000115,417,760,-343
112000116,472,1371,-899
112000117,1484,1539,-55
112000118,1395,1112,283
112000119,647,1320,-673
112000120,113,523,-410
112000121,124,827,-703
112000122,255,185,70
112000123,589,168,421
112000124,274,81,193
112000125,297,176,121
112000126,160,1048,-888
112000127,2381,1994,387
112000128,974,791,183
112000129,96,175,-79
112000130,140,71,69
112000131,32,635,-603
112000132,119,342,-223
112000133,387,462,-75
112000134,497,425,72
112000135,942,858,84
112000136,1317,1679,-362
112000137,1589,2027,-438
112000138,1814,1281,533
112000139,1369,418,951
112000140,1130,1376,-246
112000141,780,329,451
112000142,239,1147,-908
112000143,1086,357,729
112000144,372,2168,-1796
112000145,2247,837,1410
112000146,817,3147,-2330
112000147,2115,2089,26
112000148,2007,3076,-1069
112000149,305,1318,-1013
112000150,211,886,-675
112000151,493,848,-355
112000152,293,547,-254
112000153,317,471,-154
112000154,120,179,-59
112000155,320,133,187
112000157,1615,689,926
112000158,287,1148,-861
112000159,435,476,-41
112000167,448,71,377
112000169,1180,610,570
112000173,564,167,397
112000175,351,651,-300
112000176,4267,2499,1768
112000177,711,113,598
112000178,113,694,-581
112000179,261,200,61
112000180,295,382,-87
112000181,1455,2419,-964
112000182,868,2443,-1575
112000183,64,75,-11
112000184,308,860,-552
112000185,385,782,-397
112000187,3737,2508,1229
112000195,206,13,193
112000196,157,0,157
112000197,101,94,7
112000198,18,395,-377
112000199,1597,1259,338
112000202,293,1,292
112000216,67,351,-284
112000230,87,8,79
112000231,1,359,-358
112000256,56,185,-129
112000313,168,170,-2
112000314,50,13,37
112000337,185,748,-563
112000352,394,345,49
112000392,2150,1841,309
112000398,1214,1075,139
112000399,9713,3077,6636
112000400,2211,5777,-3566
112000401,3373,3973,-600
112000402,2404,2921,-517
112000403,4886,3252,1634
112000404,663,844,-181
112000405,1764,3298,-1534
112000406,4492,4494,-2
112000407,5691,8228,-2537
112000408,10268,9930,338
112000409,2331,7303,-4972
112000410,526,235,291
112000411,6839,1235,5604
112000412,1479,538,941
112000413,13170,4623,8547
112000414,110,175,-65
112000415,119,84,35
112000416,2167,1744,423
112000417,247,72,175
112000421,63,235,-172
112000422,344,929,-585
112000424,4447,3051,1396
112000425,560,2198,-1638
112000426,167,400,-233
112000427,1,7,-6
112000428,183,528,-345
112000429,3395,4669,-1274
112000430,4894,4861,33
112000431,114,150,-36
112000432,653,3083,-2430
112000433,732,1187,-455
112000437,83,303,-220
112900001,51,3,48
112900002,270,1596,-1326
112900003,50,506,-456
112900004,35,372,-337
112900005,190,299,-109
112900007,16,259,-243
112900008,0,28,-28
112900009,372,83,289
112900010,239,945,-706
112900011,500,414,86
112900012,1,99,-98
112900013,1,217,-216
112900014,8,316,-308
112900015,391,1153,-762
112900016,1,323,-322
112900017,58,312,-254
112900018,136,1140,-1004
112900019,85,200,-115
112900020,502,1723,-1221
112900021,2,396,-394
112900022,7,99,-92
112900023,1,292,-291
112900024,34,277,-243
112900025,116,398,-282
112900026,5,383,-378
112900027,7,1615,-1608
112900028,22,218,-196
112900029,6,1052,-1046
112900030,371,257,114
112900031,6,735,-729
112900032,133,325,-192
112900034,2,90,-88
112900035,7,632,-625
112900036,44,272,-228
112900037,293,186,107
112900038,492,137,355
112900039,31,436,-405
112900040,1,385,-384
112900041,2133,1209,924
112900042,51,558,-507
112900043,25,54,-29
112900044,922,496,426
112900045,575,371,204
112900046,303,112,191
112900047,12,17,-5
112900049,138,77,61
112900050,90,634,-544
112900051,318,927,-609
112900052,12,1485,-1473
112900053,480,137,343
112900054,263,39,224
112900055,138,17,121
112900056,416,208,208
112900057,26,1001,-975
112900058,314,357,-43
112900059,205,179,26
112900060,9,364,-355
112900061,82,185,-103
112900062,93,164,-71
112900063,128,6,122
112900064,156,296,-140
112900065,35,13,22
112900066,176,140,36
112900067,758,172,586
112900068,38,36,2
112900069,3329,685,2644
112900071,34,15,19
112900072,553,1521,-968
112900073,376,69,307
112900074,86,226,-140
112900075,2933,809,2124
112900076,135,10,125
112900078,286,349,-63
112900079,206,15,191
112900080,40,7,33
112900081,30,140,-110
112900082,444,30,414
112900083,98,63,35
112900084,224,100,124
112900086,33,1,32
112900087,540,125,415
112900088,83,17,66
112900089,588,23,565
112900090,40,5,35
112900091,214,7,207
112900092,156,290,-134
112900093,1494,19,1475
112900095,49,1,48
112900096,331,114,217
112900097,59,568,-509
112900098,191,0,191
112900099,606,6,600
112900100,44,2,42
112900101,195,2,193
112900102,145,6,139
112900103,156,2,154
112900104,416,6,410
112900105,8,0,8
112900106,437,122,315
112900107,2,3,-1
112900108,63,0,63
112900109,65,0,65
112900110,726,8,718
112900111,521,3,518
112900112,324,3,321
112900113,0,12,-12
112900114,99,22,77
112900115,847,4,843
112900116,69,35,34
112900117,244,146,98
112900118,42,130,-88
112900119,160,0,160
112900120,980,301,679
112900121,542,280,262
112900122,22,214,-192
112900123,165,14,151
112900124,13,176,-163
112900125,54,505,-451
112900126,173,244,-71
112900127,374,89,285
112900128,564,1058,-494
112900129,4,1292,-1288
112900130,257,61,196
112900131,54,370,-316
112900132,80,690,-610
112900133,27,1459,-1432
112900134,1,327,-326
112900135,86,54,32
112900137,42,1115,-1073
112900138,2,629,-627
112900139,274,1401,-1127
112900141,761,22,739
112900142,66,134,-68
112900143,42,859,-817
112900144,12,1752,-1740
112900145,73,618,-545
112900146,14,1803,-1789
112900147,8,3097,-3089
112900148,68,1,67
112900149,218,706,-488
112900151,12,89,-77
112900152,6887,1232,5655
112900153,2491,1932,559
112900154,0,208,-208
112900155,208,28,180
112900156,237,2024,-1787
112900157,237,330,-93
112900158,46,9,37
112900159,170,66,104
112900160,46,368,-322
112900161,101,23,78
112900162,46,20,26
112900163,171,59,112
112900164,36,185,-149
112900165,133,79,54
112900166,83,69,14
112900167,2,49,-47
112900168,2,2,0
112900169,11,13,-2
112900170,39,122,-83
112900172,88,16,72
112900173,231,176,55
112900174,317,40,277
112900175,153,220,-67
112900176,18,18,0
112900177,269,46,223
112900178,815,2800,-1985
112900179,52,632,-580
112900180,1836,2285,-449
112900181,449,3,446
112900182,53,1919,-1866
112900183,166,297,-131
112900184,834,523,311
112900185,302,530,-228
112900186,1809,1123,686
112900187,74,506,-432
112900188,775,382,393
112900189,3,27,-24
112900190,69,49,20
112900192,592,770,-178
112900193,1281,445,836
112900194,85,193,-108
112900195,1477,42,1435
112900196,253,645,-392
112900197,165,546,-381
112900199,305,455,-150
112900200,542,407,135
112900201,50,141,-91
112900202,386,1220,-834
112900203,170,473,-303
112900204,1071,584,487
112900205,13,50,-37
112900206,20,87,-67
112900207,7,1,6
112900208,90,207,-117
112900209,679,508,171
112900210,0,39,-39
112900211,121,62,59
112900212,1,134,-133
112900213,29,9,20
112900214,37,7,30
112900215,2,269,-267
112900216,31,74,-43
112900217,0,82,-82
112900218,12,9,3
112900219,44,43,1
112900220,2,0,2
112900221,14,242,-228
112900222,0,37,-37
112900223,944,14,930
112900224,188,882,-694
112900225,320,625,-305
112900226,194,330,-136
112900227,246,1172,-926
112900228,40,43,-3
112900229,93,64,29
112900230,9619,4694,4925
112900232,205,204,1
112900233,90,256,-166
112900234,6,132,-126
112900235,99,32,67
112900236,208,19,189
112900237,168,628,-460
112900238,5,47,-42
112900239,1130,467,663
112900240,8,191,-183
112900241,16,329,-313
112900242,6,490,-484
112900243,5,356,-351
112900244,1,211,-210
112900245,1,60,-59
112900246,3,12,-9
112900247,151,29,122
112900248,17,1,16
112900249,62,4,58
112900250,61,34,27
112900251,41,11,30
112900252,55,29,26
112900253,29,9,20
112900254,13,7,6
112900255,2,47,-45
112900256,5,51,-46
112900257,28,34,-6
112900258,47,45,2
113000001,6982,11354,-4372
113000002,4849,5619,-770
113000003,2534,4957,-2423
113000004,2814,4524,-1710
113000005,2650,1825,825
113000006,1670,2563,-893
113000007,2311,2152,159
113000008,2595,3005,-410
113000009,1423,1673,-250
113000010,1367,2450,-1083
113000011,1243,1735,-492
113000012,1466,1605,-139
113000013,1912,924,988
113000014,2008,1453,555
113000015,677,247,430
113000016,694,569,125
113000017,61,282,-221
113000018,884,124,760
113000019,79,243,-164
113000020,368,33,335
113000021,4560,989,3571
113000022,861,1867,-1006
113000025,271,423,-152
113000026,814,511,303
113000027,3547,517,3030
113000028,1806,373,1433
113000029,973,966,7
113000030,687,731,-44
113000031,377,448,-71
113000032,370,414,-44
113000033,281,503,-222
113000034,503,475,28
113000035,22,39,-17
113000036,43,60,-17
113000037,51,33,18
113000038,13,69,-56
113000039,85,1491,-1406
113000040,96,159,-63
113000042,1374,809,565
113000051,909,3498,-2589
113000052,3102,1968,1134
113000053,472,840,-368
113000054,419,1395,-976
113000055,1368,1297,71
113000056,911,1860,-949
113000058,995,887,108
113000059,1498,999,499
113000060,211,648,-437
113000061,924,1227,-303
113000062,2050,338,1712
113000063,91,531,-440
113000064,22,639,-617
113000065,187,1677,-1490
113000066,654,191,463
113000067,1932,1819,113
113000068,515,2803,-2288
113000069,722,2071,-1349
113000070,2155,1223,932
113000071,364,994,-630
113000072,771,710,61
113000073,842,2056,-1214
113000074,1122,735,387
113000075,2966,970,1996
113000076,1915,2511,-596
113000077,1720,886,834
113000078,1257,3041,-1784
113000079,994,1028,-34
113000080,987,864,123
113000081,854,1152,-298
113000082,1459,980,479
113000083,658,1218,-560
113000084,2136,1402,734
113000085,860,955,-95
113000086,1481,1633,-152
113000087,1032,1313,-281
113000088,3597,1908,1689
113000089,1226,2052,-826
113000090,469,908,-439
113000091,807,451,356
113000094,2111,302,1809
113000095,538,1428,-890
113000096,348,1152,-804
113000097,1596,507,1089
113000098,138,51,87
113000099,1834,434,1400
113000100,205,606,-401
113000101,717,822,-105
113000102,884,543,341
113000103,4004,752,3252
113000104,475,5489,-5014
113000105,1017,696,321
113000106,584,721,-137
113000107,1306,1542,-236
113000108,1503,2263,-760
113000109,1099,8624,-7525
113000110,1874,824,1050
113000111,456,1703,-1247
113000112,477,721,-244
113000113,1846,673,1173
113000114,439,2504,-2065
113000116,915,347,568
113000117,1353,148,1205
113000118,322,681,-359
113000119,307,427,-120
113000120,78,311,-233
113000121,745,1246,-501
113000124,314,192,122
113000125,59,913,-854
113000127,4574,636,3938
113000128,613,665,-52
113000129,567,1396,-829
113000133,5649,2001,3648
113000134,10,2030,-2020
113000135,4464,5792,-1328
113000137,2413,3582,-1169
113000139,381,175,206
113000140,184,331,-147
113000141,351,165,186
113000142,667,1243,-576
113000143,237,207,30
113000144,356,957,-601
113000145,69,199,-130
113000146,117,112,5
113000147,166,227,-61
113000148,162,174,-12
113000149,84,182,-98
113000150,670,544,126
113000151,151,125,26
113000152,68,200,-132
113000153,2264,604,1660
113000154,699,1902,-1203
113000155,350,624,-274
113000156,202,508,-306
113000157,340,1137,-797
113000158,680,301,379
113000159,784,836,-52
113000160,761,1496,-735
113000161,231,675,-444
113000162,629,584,45
113000163,84,78,6
113000164,47,128,-81
113000166,137,151,-14
113000167,25,198,-173
113000168,95,156,-61
113000169,190,134,56
113000170,154,168,-14
113000171,70,115,-45
113000172,276,140,136
113000173,40,37,3
113000174,143,702,-559
113000175,404,253,151
113000176,541,256,285
113000177,182,565,-383
113000178,216,505,-289
113000179,363,255,108
113000180,1111,2349,-1238
113000181,1437,1118,319
113000182,359,842,-483
113000183,278,706,-428
113000184,62,107,-45
113000189,568,1016,-448
113000190,1313,638,675
113000192,3750,1570,2180
113000193,8900,1261,7639
113000194,4476,1191,3285
113000195,4819,608,4211
113000196,543,207,336
113000197,3059,1147,1912
113000198,59,422,-363
113000199,1535,521,1014
113000201,2676,249,2427
113000202,5664,5900,-236
113000203,961,457,504
113000204,2773,1683,1090
113000205,50,39,11
113000206,11,31,-20
113000207,113,23,90
113000208,62,42,20
113000209,31,30,1
113000210,14,26,-12
113000211,687,352,335
113000212,650,58,592
113000213,55,455,-400
113000214,355,624,-269
113000234,182,1642,-1460
113000410,445,264,181
113000411,3266,6496,-3230
113000412,13309,3873,9436
113000413,5911,4025,1886
113000414,10886,16294,-5408
113000415,3308,4595,-1287
113000416,11438,5887,5551
113000417,3854,4826,-972
113000418,4646,3993,653
113000419,1910,2238,-328
113000420,4387,5789,-1402
113000421,4640,8031,-3391
113000422,18900,15136,3764
113000423,3534,5864,-2330
113000424,5140,15810,-10670
113000425,20,210,-190
113000428,274,24,250
113000430,70,37,33
113000432,2685,170,2515
113000433,158,1140,-982
113000434,17,257,-240
113000435,52,1009,-957
113000436,77,1748,-1671
113000437,740,21,719
113000438,225,24,201
113000439,33,240,-207
113000440,140,33,107
113000441,174,488,-314
113000442,198,330,-132
113000443,155,573,-418
113000444,207,363,-156
113000445,120,276,-156
113000446,49,125,-76
113000448,643,367,276
113000449,452,1855,-1403
113000450,1483,9000,-7517
113000451,3435,339,3096
113000452,741,1108,-367
113000453,198,419,-221
113000454,4301,63,4238
113000455,220,203,17
113000456,4563,2984,1579
113000468,4019,351,3668
113000469,870,233,637
113000470,1059,169,890
113000471,22,1002,-980
113000472,151,408,-257
113000474,460,1137,-677
113000475,2087,3222,-1135
113000476,1389,2401,-1012
113000477,2795,2681,114
113000478,5382,9204,-3822
113000479,55,414,-359
113000484,0,0,0
113000485,5,0,5
113000486,105,0,105
113000487,5,11,-6
113000488,0,1,-1
113000489,5,1,4
113000490,0,2,-2
113000491,2,30,-28
113000492,0,12,-12
113000493,8,0,8
113000495,361,319,42
113000496,156,278,-122
113000499,0,0,0
113900001,5,460,-455
113900002,1,378,-377
113900003,2,380,-378
113900004,9,104,-95
113900005,8,74,-66
113900006,2,74,-72
113900007,1176,0,1176
113900008,478,4,474
113900009,1156,7,1149
113900010,731,11,720
113900011,128,1,127
113900012,34,4,30
113900013,1780,30,1750
113900014,912,1,911
113900015,6,49,-43
113900016,22,0,22
113900017,5,72,-67
113900018,562,163,399
113900019,69,38,31
113900020,119,1,118
113900022,11,0,11
113900023,34,0,34
113900024,65,103,-38
113900025,433,19,414
113900026,53,0,53
113900027,12,140,-128
113900028,23,592,-569
113900029,53,367,-314
113900030,223,4,219
113900031,3,1,2
113900032,21,0,21
113900033,119,92,27
113900035,51,0,51
113900036,23,143,-120
113900037,82,785,-703
113900038,101,168,-67
113900039,131,11,120
113900040,25,6,19
113900041,6,1,5
113900042,111,58,53
113900043,249,186,63
113900044,271,217,54
113900045,92,2,90
113900046,235,752,-517
113900047,51,218,-167
113900048,295,91,204
113900049,1141,400,741
113900050,230,555,-325
113900051,347,531,-184
113900052,169,136,33
113900053,669,601,68
113900054,24,1,23
113900055,114,507,-393
113900056,88,204,-116
113900057,7,119,-112
113900058,68,329,-261
113900059,408,451,-43
113900060,85,237,-152
113900061,1083,194,889
113900062,90,15,75
113900063,97,141,-44
113900064,15,220,-205
113900065,772,24,748
113900066,345,583,-238
113900067,76,418,-342
113900068,482,483,-1
113900069,44,59,-15
113900070,186,450,-264
113900071,94,120,-26
113900072,85,190,-105
113900073,395,587,-192
113900074,77,471,-394
113900075,1389,1528,-139
113900076,261,13,248
113900077,31,239,-208
113900078,49,87,-38
113900079,1,59,-58
113900080,456,254,202
113900081,81,277,-196
113900082,157,428,-271
113900083,185,747,-562
113900084,370,159,211
113900085,33,354,-321
113900086,25,19,6
113900087,42,203,-161
113900088,51,114,-63
113900089,532,53,479
113900090,799,437,362
113900091,15,23,-8
113900092,62,116,-54
113900093,118,1110,-992
113900094,296,466,-170
113900095,168,130,38
113900096,235,41,194
113900097,10,168,-158
113900098,650,145,505
113900099,1,89,-88
113900100,0,3,-3
113900101,15,73,-58
113900102,197,135,62
113900103,463,209,254
113900104,147,229,-82
113900105,84,515,-431
113900106,0,88,-88
113900107,4,44,-40
113900108,326,283,43
113900109,462,188,274
113900110,70,13,57
113900111,150,118,32
113900112,220,136,84
113900113,929,666,263
113900114,1,152,-151
113900115,0,167,-167
113900116,149,192,-43
113900117,202,36,166
113900118,315,271,44
113900119,316,585,-269
113900120,79,36,43
113900121,47,107,-60
113900122,389,2302,-1913
113900123,549,346,203
113900124,9,94,-85
113900125,2010,177,1833
113900126,200,74,126
113900127,234,699,-465
113900128,181,80,101
113900129,21,155,-134
113900130,0,14,-14
113900131,206,98,108
113900132,87,50,37
113900133,13,59,-46
113900135,432,673,-241
113900136,109,69,40
113900137,520,382,138
113900138,96,207,-111
113900139,617,179,438
113900140,366,324,42
113900141,502,747,-245
113900142,162,104,58
113900143,5,26,-21
113900144,346,238,108
113900145,577,312,265
113900146,122,68,54
113900148,230,365,-135
113900149,231,133,98
113900150,1000,690,310
113900151,310,270,40
113900152,21,64,-43
113900153,420,748,-328
113900154,0,167,-167
113900155,226,144,82
113900156,318,664,-346
113900157,32,370,-338
113900158,446,333,113
113900159,16,324,-308
113900160,572,836,-264
113900161,81,305,-224
113900162,651,640,11
113900163,347,340,7
113900164,333,64,269
113900165,942,623,319
113900166,232,166,66
113900167,236,45,191
113900168,173,131,42
113900169,242,452,-210
113900171,145,65,80
113900172,8,262,-254
113900173,62,1022,-960
113900174,594,866,-272
113900175,320,160,160
113900176,268,759,-491
113900177,500,254,246
113900178,312,114,198
113900179,17,870,-853
113900180,213,109,104
113900181,747,151,596
113900182,649,1066,-417
113900183,131,99,32
113900184,26,848,-822
113900185,280,94,186
113900186,19,66,-47
113900187,42,179,-137
113900188,47,158,-111
113900189,293,97,196
113900190,427,152,275
113900191,159,213,-54
113900192,2601,1711,890
113900193,35,324,-289
113900194,2716,1428,1288
113900195,445,576,-131
113900196,4,126,-122
113900197,2,435,-433
113900198,16,187,-171
113900199,178,790,-612
113900200,15,279,-264
113900201,2,268,-266
113900202,34,372,-338
113900203,6,176,-170
113900204,46,723,-677
113900205,5,217,-212
113900206,5,179,-174
113900207,1,68,-67
113900208,2,31,-29
113900209,1,76,-75
113900210,846,804,42
113900211,152,91,61
113900212,194,693,-499
113900214,476,462,14
113900215,48,189,-141
113900216,85,1464,-1379
113900217,49,320,-271
113900218,173,78,95
113900219,140,687,-547
113900220,243,134,109
113900221,452,141,311
113900222,1426,614,812
113900223,161,1520,-1359
113900224,112,69,43
113900225,697,249,448
113900226,430,174,256
113900227,417,232,185
113900228,457,537,-80
113900229,39,841,-802
113900230,5292,3490,1802
113900231,203,323,-120
113900232,82,125,-43
113900233,55,73,-18
113900234,392,751,-359
113900235,63,31,32
113900236,88,452,-364
113900237,188,8,180
113900238,293,640,-347
113900239,219,131,88
113900240,5,151,-146
113900241,119,79,40
113900242,69,185,-116
113900243,135,604,-469
113900244,588,267,321
113900245,1676,297,1379
113900246,15,11,4
113900247,221,389,-168
113900248,3842,2150,1692
113900249,1376,380,996
113900250,82,208,-126
113900251,717,326,391
113900252,547,18,529
113900253,846,78,768
113900254,854,166,688
113900255,388,13,375
113900256,511,49,462
113900257,41,978,-937
113900258,8,714,-706
113900259,507,294,213
113900260,163,16,147
113900261,40,135,-95
113900262,213,965,-752
113900263,164,791,-627
113900264,11,702,-691
113900265,172,288,-116
113900266,37,238,-201
113900267,176,556,-380
113900268,285,458,-173
113900269,59,218,-159
113900270,481,542,-61
113900271,691,1477,-786
113900273,187,11,176
113900274,81,27,54
113900275,26,58,-32
113900276,4,314,-310
113900277,170,2,168
113900278,294,223,71
113900279,74,170,-96
113900280,1537,701,836
113900281,493,1276,-783
113900282,1422,720,702
113900283,475,597,-122
113900284,1030,186,844
113900285,108,33,75
113900286,8,130,-122
113900287,35,36,-1
113900288,1,115,-114
113900289,1740,139,1601
113900290,629,195,434
113900291,128,281,-153
113900292,7,6,1
113900293,39,368,-329
113900294,545,35,510
113900295,477,444,33
113900296,2163,268,1895
113900297,1537,40,1497
113900298,18,2037,-2019
113900299,38,366,-328
113900300,4440,2219,2221
113900301,1258,453,805
113900302,3246,1183,2063
113900303,725,301,424
113900304,0,191,-191
113900305,93,0,93
113900306,21,0,21
113900307,119,0,119
113900308,85,121,-36
113900309,4,1169,-1165
113900310,0,26,-26
113900311,3,4,-1
113900312,170,172,-2
113900313,10,7,3
113900314,5,45,-40
113900315,45,2,43
114000001,1098,4779,-3681
114000002,240,750,-510
114000003,254,1619,-1365
114000004,347,448,-101
114000005,227,345,-118
114000006,3383,3105,278
114000007,744,1759,-1015
114000008,2006,1553,453
114000009,719,310,409
114000011,3121,4933,-1812
114000012,2425,3997,-1572
114000013,1899,3191,-1292
114000014,687,752,-65
114000015,1570,701,869
114000016,221,561,-340
114000017,212,299,-87
114000018,621,84,537
114000026,1586,2214,-628
114000027,2944,2855,89
114000028,2837,3434,-597
114000038,219,151,68
114000039,215,356,-141
114000040,107,219,-112
114000042,297,237,60
114000043,392,349,43
114000044,231,286,-55
114000045,72,116,-44
114000046,3379,6734,-3355
114000047,17,89,-72
114000048,273,259,14
114000049,2025,2064,-39
114000050,2008,2583,-575
114000051,3642,2256,1386
114000052,3861,1607,2254
114000053,75,649,-574
114000054,123,1758,-1635
114000055,323,36,287
114000056,1446,767,679
114000057,13651,2802,10849
114000058,710,1614,-904
114000059,319,369,-50
114000060,1137,1138,-1
114000061,5306,2389,2917
114000062,3138,1282,1856
114000063,3585,2113,1472
114000064,7430,4014,3416
114000065,2127,3018,-891
114000066,591,889,-298
114000067,31,732,-701
114000068,458,629,-171
114000069,1394,522,872
114000070,2925,1966,959
114000071,729,571,158
114000072,344,741,-397
114000073,23,110,-87
114000074,45,26,19
114000075,69,250,-181
114000076,27,180,-153
114000077,6,64,-58
114000078,266,897,-631
114000079,132,32,100
114000080,108,149,-41
114000081,68,118,-50
114000082,72,733,-661
114000083,64,315,-251
114000084,288,96,192
114000085,130,1012,-882
114000086,210,732,-522
114000087,57,286,-229
114000088,56,74,-18
114000089,2441,642,1799
114000090,888,819,69
114000091,2583,880,1703
114000092,1377,503,874
114000093,1211,877,334
114000094,578,520,58
114000095,273,156,117
114000096,157,498,-341
114000097,223,877,-654
114000098,410,118,292
114000099,464,1285,-821
114000100,1204,1186,18
114000101,399,1158,-759
114000102,509,422,87
114000103,117,692,-575
114000104,4,576,-572
114000105,127,82,45
114000106,1830,886,944
114000107,271,122,149
114000108,6474,1887,4587
114000109,472,1457,-985
114000110,597,2509,-1912
114000111,1549,809,740
114000112,474,4167,-3693
114000113,1456,463,993
114000114,1301,2721,-1420
114000115,2597,1015,1582
114000116,693,1587,-894
114000117,2686,538,2148
114000118,2178,594,1584
114000119,1676,475,1201
114000120,844,1211,-367
114000121,692,808,-116
114000122,457,397,60
114000123,1481,360,1121
114000124,1473,348,1125
114000125,1061,2523,-1462
114000126,1461,277,1184
114000127,193,230,-37
114000128,1031,645,386
114000130,664,774,-110
114000131,225,74,151
114000132,685,936,-251
114000133,943,1872,-929
114000134,48,172,-124
114000138,52,211,-159
114000139,482,279,203
114000144,770,561,209
114000145,63,169,-106
114000146,112,400,-288
114000147,1325,1858,-533
114000148,3101,2327,774
114000149,364,289,75
114000150,2607,1562,1045
114000151,3647,1842,1805
114000152,247,37,210
114000153,1885,2576,-691
114000154,1335,1328,7
114000155,1455,2924,-1469
114000156,1619,637,982
114000157,486,1465,-979
114000158,2830,823,2007
114000159,228,537,-309
114000160,100,302,-202
114000161,2639,2683,-44
114000162,1112,2192,-1080
114000163,14,172,-158
114000165,588,315,273
114000166,1063,325,738
114000167,6864,1532,5332
114000168,904,719,185
114000169,2857,1148,1709
114000170,1585,1222,363
114000171,963,3356,-2393
114000174,318,522,-204
114000176,991,433,558
114000177,3184,888,2296
114000178,47,78,-31
114000179,1785,1297,488
114000180,700,797,-97
114000181,1900,3707,-1807
114000182,8227,2971,5256
114000183,1235,1344,-109
114000184,9401,1705,7696
114000185,1179,1093,86
114000189,654,110,544
114000190,1859,302,1557
114000191,46,65,-19
114000192,366,2218,-1852
114000193,892,4150,-3258
114000194,1530,1669,-139
114000195,136,16,120
114000196,0,456,-456
114000197,1100,222,878
114000198,1599,497,1102
114000199,2976,1683,1293
114000200,827,2848,-2021
114000201,380,1349,-969
114000202,1451,1130,321
114000203,644,1339,-695
114000204,156,713,-557
114000205,276,2303,-2027
114000206,648,1797,-1149
114000207,897,2744,-1847
114000208,610,4463,-3853
114000209,816,4111,-3295
114000210,395,2203,-1808
114000211,1285,2219,-934
114000212,917,973,-56
114000213,1605,886,719
114000214,100,242,-142
114000215,213,111,102
114000216,1472,593,879
114000217,227,582,-355
114000218,157,361,-204
114000219,1318,301,1017
114000220,38,1974,-1936
114000221,688,229,459
114000222,222,1925,-1703
114000223,489,152,337
114000224,131,1126,-995
114000225,275,772,-497
114000226,101,341,-240
114000227,936,575,361
114000228,933,1303,-370
114000229,1129,1637,-508
114000230,1799,1762,37
114000231,1102,1687,-585
114000232,628,145,483
114000233,2080,113,1967
114000234,1433,1198,235
114000235,1298,2307,-1009
114000236,0,754,-754
114000237,133,1263,-1130
114000238,114,433,-319
114000239,230,1743,-1513
114000240,686,750,-64
114000241,292,1780,-1488
114000242,1078,1572,-494
114000243,1995,1127,868
114000244,992,449,543
114000245,471,922,-451
114000246,245,48,197
114000247,1028,796,232
114000248,1086,958,128
114000249,632,747,-115
114000250,540,787,-247
114000251,290,457,-167
114000252,76,129,-53
114000253,62,436,-374
114000254,34,81,-47
114000255,1012,288,724
114000256,3118,1446,1672
114000257,1133,2256,-1123
114000258,309,492,-183
114000259,77,327,-250
114000260,0,27,-27
114000261,47,50,-3
114000262,85,177,-92
114000263,31,3,28
114000264,928,734,194
114000265,0,0,0
114000267,1,2405,-2404
114000268,4,2085,-2081
114000270,208,2,206
114000271,779,88,691
114000283,978,428,550
114000285,33,344,-311
114000288,88,464,-376
114000289,1514,300,1214
114000293,125,634,-509
114000294,191,299,-108
114000395,2289,134,2155
114000396,515,526,-11
114000402,444,455,-11
114000403,401,774,-373
114000405,55,766,-711
114000423,242,601,-359
114000424,272,249,23
114000425,452,618,-166
114000426,355,1120,-765
114000427,85,130,-45
114000428,410,163,247
114000429,12,210,-198
114000432,141,176,-35
114000434,43,125,-82
114000435,0,216,-216
114900001,540,2012,-1472
114900002,524,75,449
114900003,465,3018,-2553
114900004,196,305,-109
114900005,460,1247,-787
114900006,55,58,-3
114900007,149,15,134
114900008,130,156,-26
114900010,3284,2704,580
114900011,188,133,55
114900013,202,134,68
114900018,902,40,862
114900020,237,86,151
114900022,10,943,-933
114900025,350,333,17
114900026,106,79,27
114900029,162,43,119
114900030,318,376,-58
114900031,290,57,233
114900032,235,25,210
114900034,82,282,-200
114900035,147,364,-217
114900036,456,1202,-746
114900039,524,821,-297
114900040,113,351,-238
114900041,524,742,-218
114900042,704,906,-202
114900044,126,22,104
114900047,251,1819,-1568
114900048,53,577,-524
114900049,67,564,-497
114900050,50,843,-793
114900051,20,563,-543
114900052,53,283,-230
114900053,140,386,-246
114900054,42,129,-87
114900057,210,13,197
114900058,0,131,-131
114900059,69,36,33
114900063,100,301,-201
114900064,1128,747,381
114900065,361,876,-515
114900067,51,474,-423
114900068,99,513,-414
114900069,340,211,129
114900070,498,761,-263
114900072,10,361,-351
114900073,5,275,-270
114900074,393,1193,-800
114900075,164,7,157
114900076,8,342,-334
114900080,4365,538,3827
114900082,5505,2158,3347
114900083,1439,1200,239
114900090,258,345,-87
114900091,207,254,-47
114900097,96,0,96
114900098,4,418,-414
114900099,204,4,200
115000001,12018,7999,4019
115000002,5295,4696,599
115000003,6701,5905,796
115000004,4829,7117,-2288
115000005,2606,3989,-1383
115000006,1318,2344,-1026
115000007,192,323,-131
115000008,792,657,135
115000009,332,630,-298
115000010,578,200,378
115000013,168,307,-139
115000015,98,631,-533
115000016,79,171,-92
115000019,31,591,-560
115000020,248,511,-263
115000021,310,625,-315
115000022,589,380,209
115000023,332,577,-245
115000024,1380,601,779
115000025,902,664,238
115000026,140,522,-382
115000027,239,296,-57
115000028,167,965,-798
115000029,639,165,474
115000030,512,1158,-646
115000031,1135,211,924
115000032,22,348,-326
115000033,213,26,187
115000034,149,1170,-1021
115000035,1065,87,978
115000036,0,388,-388
115000037,549,19,530
115000038,51,244,-193
115000039,4562,3133,1429
115000040,7155,4483,2672
115000041,1692,3333,-1641
115000042,902,767,135
115000043,4065,2936,1129
115000044,3741,5093,-1352
115000045,3844,3161,683
115000046,2193,3913,-1720
115000047,1858,2785,-927
115000048,1713,3889,-2176
115000049,1678,4586,-2908
115000050,3595,2706,889
115000051,2722,3197,-475
115000052,5067,2653,2414
115000053,1716,2051,-335
115000054,883,1913,-1030
115000055,213,618,-405
115000056,277,355,-78
115000057,665,594,71
115000058,246,217,29
115000059,141,131,10
115000061,347,138,209
115000062,399,418,-19
115000063,307,440,-133
115000064,232,191,41
115000065,196,554,-358
115000067,304,67,237
115000069,84,404,-320
115000070,64,1107,-1043
115000071,171,25,146
115000072,8,96,-88
115000073,1921,94,1827
115000075,132,97,35
115000076,5941,4400,1541
115000077,1911,4197,-2286
115000078,1140,2364,-1224
115000079,1286,3249,-1963
115000080,2466,4013,-1547
115000081,545,1178,-633
115000082,3858,4280,-422
115000083,2158,3582,-1424
115000084,1827,1845,-18
115000085,733,1298,-565
115000086,1004,1514,-510
115000087,631,1830,-1199
115000088,2307,964,1343
115000089,1878,1736,142
115000090,832,1350,-518
115000091,462,1669,-1207
115000092,394,449,-55
115000093,623,2,621
115000094,11952,6318,5634
115000095,8921,5914,3007
115000096,748,2908,-2160
115000097,837,1115,-278
115000098,916,1163,-247
115000099,2326,4906,-2580
115000100,1061,777,284
115000101,494,2138,-1644
115000102,553,274,279
115000103,408,970,-562
115000105,54,316,-262
115000106,514,409,105
115000107,160,900,-740
115000108,5460,3161,2299
115000109,7657,4345,3312
115000110,1457,1244,213
115000111,715,2251,-1536
115000112,630,659,-29
115000113,585,1054,-469
115000114,1783,900,883
115000116,4086,1808,2278
115000117,4306,3033,1273
115000118,1951,1697,254
115000119,2117,2365,-248
115000120,566,1052,-486
115000121,1842,1000,842
115000122,3778,2517,1261
115000123,1874,2065,-191
115000124,1131,1188,-57
115000125,798,849,-51
115000126,221,371,-150
115000127,667,151,516
115000128,1481,1045,436
115000129,570,391,179
115000130,468,1105,-637
115000131,906,437,469
115000132,169,601,-432
115000133,618,502,116
115000134,461,414,47
115000135,361,350,11
115000136,350,512,-162
115000137,264,216,48
115000138,273,407,-134
115000139,330,326,4
115000140,234,222,12
115000141,221,373,-152
115000142,189,357,-168
115000143,573,698,-125
115000144,518,403,115
115000145,387,514,-127
115000146,654,352,302
115000147,1420,731,689
115000148,421,2115,-1694
115000149,816,304,512
115000150,820,1811,-991
115000151,882,651,231
115000152,755,2313,-1558
115000153,1765,661,1104
115000154,837,459,378
115000155,830,1621,-791
115000156,2530,785,1745
115000157,1440,1167,273
115000158,833,515,318
115000159,1621,467,1154
115000160,729,294,435
115000161,219,751,-532
115000162,906,848,58
115000163,872,826,46
115000164,821,692,129
115000165,507,572,-65
115000167,317,115,202
115000168,1320,373,947
115000169,1344,392,952
115000170,372,170,202
115000171,709,263,446
115000172,2242,850,1392
115000173,610,546,64
115000174,229,350,-121
115000175,336,102,234
115000176,215,55,160
115000177,163,76,87
115000178,34,336,-302
115000179,53,23,30
115000180,94,967,-873
115000181,664,225,439
115000182,670,569,101
115000183,265,1484,-1219
115000186,716,314,402
115000187,170,1088,-918
115000188,480,818,-338
115000189,346,565,-219
115000190,1052,721,331
115000191,251,595,-344
115000194,170,185,-15
115000195,295,419,-124
115000196,122,185,-63
115000197,181,546,-365
115000198,238,348,-110
115000199,193,416,-223
115000200,281,179,102
115000201,318,500,-182
115000206,333,75,258
115000207,84,430,-346
115000208,710,872,-162
115000209,633,301,332
115000210,97,140,-43
115000211,275,269,6
115000212,2854,252,2602
115000224,440,103,337
115000225,56,81,-25
115000229,291,215,76
115000230,98,570,-472
115000231,380,3195,-2815
115000232,1699,431,1268
115000233,305,207,98
115000234,33,377,-344
115000241,50,377,-327
115000242,85,424,-339
115000243,77,312,-235
115000244,3,140,-137
115000246,192,69,123
115000247,11,10,1
115000248,5,9,-4
115000249,10,10,0
115000250,751,190,561
115000251,527,630,-103
115000252,395,580,-185
115000253,51,342,-291
115000258,286,572,-286
115000259,409,176,233
115000261,7,16,-9
115000262,17,59,-42
115000263,10,99,-89
115000264,119,183,-64
115000267,85,99,-14
115000268,32,170,-138
115000269,165,89,76
115000270,5,32,-27
115000272,39,216,-177
115000273,349,25,324
115000280,2740,156,2584
115000281,724,621,103
115000282,1230,427,803
115000284,415,195,220
115000296,895,8,887
115000297,434,114,320
115000298,180,361,-181
115000300,240,231,9
115000302,548,261,287
115000303,654,167,487
115000304,766,117,649
115000305,140,1205,-1065
115000306,164,734,-570
115000307,107,275,-168
115000308,64,12,52
115000310,888,1275,-387
115000311,780,2087,-1307
115000313,230,1046,-816
115000314,397,169,228
115000315,1586,705,881
115000316,62,89,-27
115000317,180,784,-604
115000318,927,408,519
115000319,71,472,-401
115000320,40,282,-242
115000321,794,6,788
115000322,52,377,-325
115000449,238,278,-40
115000557,4,1325,-1321
115000558,672,76,596
115000587,871,494,377
115000588,3834,5317,-1483
115000589,4563,3964,599
115000590,1361,1990,-629
115000591,1611,1135,476
115000592,1130,2480,-1350
115000593,1850,864,986
115000594,1094,3220,-2126
115000609,220,246,-26
115000617,2391,3479,-1088
115000624,154,89,65
115000633,434,2727,-2293
115000634,3814,984,2830
115000635,557,224,333
115000638,1645,977,668
115000641,97,172,-75
115000642,616,445,171
115000643,151,826,-675
115000644,290,531,-241
115000646,996,1421,-425
115000647,176,669,-493
115000648,1554,2490,-936
115000893,5056,2255,2801
115000894,157,1651,-1494
115000895,802,1268,-466
115000896,2778,530,2248
115000897,592,167,425
115000898,922,298,624
115000899,1352,2244,-892
115000900,141,702,-561
115000901,124,212,-88
115000912,422,147,275
115000913,0,18,-18
115000915,65,0,65
115000916,21,0,21
115000917,0,6,-6
115000918,109,311,-202
115000919,20,8,12
115000920,164,83,81
115000921,1260,268,992
115000922,3119,1101,2018
115000923,979,1493,-514
115000925,164,110,54
115000927,139,120,19
115000933,1033,323,710
115000934,134,219,-85
115000935,79,162,-83
115000936,127,756,-629
115000937,1932,288,1644
115000938,370,303,67
115000939,430,296,134
115000940,52,18,34
115000941,15,27,-12
115000942,208,142,66
115000943,169,19,150
115000944,25,22,3
115900001,71,81,-10
115900002,70,208,-138
115900003,159,191,-32
115900004,2,81,-79
115900005,164,5,159
115900006,150,546,-396
115900008,38,16,22
115900009,54,412,-358
115900010,226,212,14
115900011,399,382,17
115900012,93,125,-32
115900013,370,191,179
115900014,91,233,-142
115900015,48,179,-131
115900016,54,33,21
115900017,3,2,1
115900018,186,96,90
115900019,251,38,213
115900020,45,0,45
115900021,2105,147,1958
115900022,3620,14,3606
115900023,54,5,49
115900025,50,256,-206
115900026,932,361,571
115900027,2,437,-435
115900028,682,99,583
115900029,9,608,-599
115900030,39,20,19
115900031,552,243,309
115900032,405,1133,-728
115900033,0,44,-44
115900034,31,609,-578
115900035,128,27,101
115900036,479,701,-222
115900037,37,541,-504
115900038,78,10,68
115900039,161,497,-336
115900041,570,507,63
115900042,42,14,28
115900043,107,145,-38
115900044,356,211,145
115900046,210,386,-176
115900047,119,72,47
115900049,177,329,-152
115900051,1,113,-112
115900052,10,364,-354
115900053,120,355,-235
115900054,170,98,72
115900055,25,180,-155
115900056,173,425,-252
115900057,64,12,52
115900058,30,66,-36
115900060,84,132,-48
115900061,176,1,175
115900062,10,542,-532
115900063,48,14,34
115900064,170,465,-295
115900065,113,140,-27
115900066,227,249,-22
115900067,4,1000,-996
115900068,4377,708,3669
115900069,31,229,-198
115900070,223,263,-40
115900071,2,635,-633
115900072,76,253,-177
115900073,49,66,-17
115900074,5,526,-521
115900075,11,346,-335
115900076,3,117,-114
115900077,12,376,-364
115900078,39,192,-153
115900079,172,22,150
115900080,632,378,254
115900081,18,69,-51
115900082,136,178,-42
115900084,299,44,255
115900085,118,72,46
115900086,1811,469,1342
115900088,20,51,-31
115900089,284,893,-609
115900090,224,24,200
115900091,4,31,-27
115900092,36,283,-247
115900093,5,27,-22
115900094,3,472,-469
115900096,0,24,-24
115900097,8,645,-637
115900098,138,665,-527
115900099,30,85,-55
115900100,10,647,-637
115900101,123,610,-487
115900102,43,90,-47
115900103,277,376,-99
115900104,75,233,-158
115900105,138,784,-646
115900106,37,25,12
115900107,66,219,-153
115900108,56,73,-17
115900109,43,430,-387
115900110,1,35,-34
115900111,0,90,-90
115900112,41,1163,-1122
115900113,19,34,-15
115900114,6,177,-171
115900115,50,183,-133
115900116,76,1033,-957
115900117,51,23,28
115900118,4,451,-447
115900119,377,109,268
115900120,25,469,-444
115900121,130,338,-208
115900124,194,620,-426
115900125,234,37,197
115900126,552,77,475
115900127,695,26,669
115900128,8,109,-101
115900129,677,36,641
115900130,26,287,-261
115900131,236,33,203
115900132,431,7,424
115900134,257,12,245
115900135,728,849,-121
115900137,24,2,22
115900139,69,60,9
115900140,181,19,162
115900141,15,68,-53
115900142,18,47,-29
115900143,238,440,-202
115900144,76,338,-262
115900146,13,250,-237
115900147,372,238,134
115900148,16,4,12
115900149,56,48,8
115900150,46,97,-51
115900151,6,86,-80
115900152,111,448,-337
115900153,85,304,-219
115900154,922,328,594
115900155,0,115,-115
115900156,646,797,-151
115900157,148,559,-411
115900158,42,12,30
115900159,60,326,-266
115900160,17,10,7
115900161,61,248,-187
115900163,144,134,10
115900164,379,105,274
115900166,192,292,-100
115900168,118,148,-30
115900171,216,593,-377
115900172,69,152,-83
115900173,287,153,134
115900174,545,205,340
115900175,94,254,-160
115900178,7,1003,-996
115900179,146,24,122
115900180,16,469,-453
115900181,127,353,-226
115900182,287,453,-166
115900183,166,58,108
115900184,1786,30,1756
115900187,12,141,-129
115900189,2,169,-167
115900190,457,1441,-984
115900191,57,534,-477
115900192,9,83,-74
115900193,94,117,-23
115900194,513,56,457
115900195,565,1653,-1088
115900198,188,380,-192
115900199,165,363,-198
115900200,266,453,-187
115900201,393,290,103
115900202,1,50,-49
115900203,1,5,-4
115900204,2,2,0
115900205,107,9,98
115900206,156,145,11
115900207,25,55,-30
115900208,149,401,-252
115900209,3,175,-172
115900210,1,139,-138
115900211,1,284,-283
115900212,150,310,-160
115900213,167,57,110
115900214,380,324,56
115900215,31,66,-35
115900216,2,100,-98
115900217,1,68,-67
115900218,5,57,-52
115900219,56,4,52
115900220,86,11,75
115900221,45,9,36
115900222,32,29,3
115900223,15,210,-195
115900224,2393,798,1595
115900225,83,37,46
115900226,21,43,-22
115900227,4,56,-52
115900228,7,79,-72
115900229,11,88,-77
115900230,69,157,-88
115900231,157,5,152
115900232,108,1,107
115900233,80,11,69
115900234,86,29,57
115900235,56,55,1
115900236,48,11,37
115900237,13,18,-5
115900238,15,27,-12
115900239,12,46,-34
115900240,12,70,-58
115900241,182,104,78
115900242,502,595,-93
115900243,9,5,4
115900244,3,17,-14
115900245,56,14,42
115900246,16,5,11
115900247,26,3,23
115900248,8,4,4
115900249,6,6,0
115900250,4,24,-20
115900251,0,8,-8
115900252,0,2,-2
115900253,4,19,-15
115900254,38,21,17
115900255,2,27,-25
115900256,29,76,-47
115900257,4,9,-5
115900258,0,1,-1
115900259,4,1,3
115900260,25,4,21
115900261,8,4,4
115900262,0,2,-2
115900263,14,5,9
115900264,6,11,-5
115900265,1,9,-8
115900266,2,8,-6
115900267,2,7,-5
115900268,10,12,-2
115900269,384,586,-202
115900270,294,1063,-769
115900271,62,0,62
115900272,32,3,29
115900273,24,15,9
115900274,3,13,-10
115900275,1,39,-38
115900276,0,48,-48
115900277,1,159,-158
115900278,25,196,-171
115900279,17,203,-186
115900280,19,276,-257
115900281,1087,213,874
115900282,32,8,24
115900283,11,12,-1
115900284,7,5,2
116000001,16251,9229,7022
116000002,4964,11862,-6898
116000003,1609,2810,-1201
116000004,3735,3786,-51
116000005,6139,4645,1494
116000006,5643,1843,3800
116000007,4109,4922,-813
116000008,3969,2139,1830
116000009,2009,3395,-1386
116000010,2038,1233,805
116000011,1186,2904,-1718
116000012,1052,996,56
116000013,27220,6410,20810
116000014,26138,16799,9339
116000015,589,1776,-1187
116000016,10596,4900,5696
116000017,29,991,-962
116000018,715,618,97
116000019,1148,546,602
116000020,635,1726,-1091
116000021,707,463,244
116000022,373,726,-353
116000023,1652,1093,559
116000024,795,1594,-799
116000025,1593,736,857
116000026,2111,2686,-575
116000027,837,741,96
116000028,601,1090,-489
116000029,1226,766,460
116000030,812,604,208
116000031,131,255,-124
116000032,581,287,294
116000033,446,672,-226
116000034,1213,1299,-86
116000035,825,840,-15
116000036,2673,737,1936
116000037,1045,865,180
116000038,1066,545,521
116000039,876,264,612
116000040,2465,319,2146
116000041,354,518,-164
116000042,678,242,436
116000043,70,701,-631
116000044,28,164,-136
116000045,2872,1628,1244
116000046,1772,1717,55
116000047,3094,3415,-321
116000048,3249,2169,1080
116000049,1207,2687,-1480
116000050,1580,2131,-551
116000051,5406,2695,2711
116000052,5386,5013,373
116000053,2202,1630,572
116000054,955,2950,-1995
116000055,608,1744,-1136
116000056,851,1771,-920
116000057,4942,2712,2230
116000058,4426,2826,1600
116000059,3426,7859,-4433
116000060,2694,1033,1661
116000061,1469,1833,-364
116000062,1653,258,1395
116000063,1267,1746,-479
116000066,340,827,-487
116000067,255,999,-744
116000068,475,460,15
116000069,318,546,-228
116000078,414,1315,-901
116000080,1807,1330,477
116000082,13,84,-71
116000083,1490,568,922
116000084,2729,5382,-2653
116000085,2120,1732,388
116000086,3321,2079,1242
116000087,1618,1878,-260
116000088,927,1527,-600
116000089,255,183,72
116000090,259,205,54
116000091,251,246,5
116000093,731,939,-208
116000094,723,868,-145
116000095,856,1123,-267
116000096,951,1801,-850
116000097,782,1417,-635
116000098,594,6825,-6231
116000099,15690,507,15183
116000100,173,18,155
116000101,586,2049,-1463
116000102,337,2400,-2063
116000103,513,327,186
116000104,179,2705,-2526
116000105,1154,239,915
116000106,638,2064,-1426
116000107,2153,638,1515
116000108,654,250,404
116000111,164,26,138
116000113,66,94,-28
116000114,23,150,-127
116000115,155,126,29
116000116,236,547,-311
116000117,1543,2764,-1221
116000118,1303,1822,-519
116000119,2225,3043,-818
116000120,3159,5491,-2332
116000121,839,706,133
116000122,1927,2445,-518
116000123,727,668,59
116000124,360,1172,-812
116000125,2156,878,1278
116000126,345,1924,-1579
116000127,1361,1950,-589
116000128,1562,1112,450
116000129,972,206,766
116000130,500,407,93
116000133,704,1733,-1029
116000134,1942,3157,-1215
116000135,2048,1840,208
116000136,1576,2842,-1266
116000137,1146,896,250
116000138,829,564,265
116000139,2144,2850,-706
116000140,254,379,-125
116000141,454,1283,-829
116000142,5682,4852,830
116000143,2576,2440,136
116000144,1586,3833,-2247
116000145,1754,2165,-411
116000146,376,427,-51
116000147,791,193,598
116000148,562,481,81
116000149,690,736,-46
116000151,986,1077,-91
116000153,98,948,-850
116000155,473,276,197
116000156,774,1382,-608
116000157,87,33,54
116000158,480,462,18
116000159,15,12,3
116000160,7,133,-126
116000161,3,136,-133
116000162,95,81,14
116000163,20,13,7
116000164,0,21,-21
116000177,597,175,422
116000194,165,490,-325
116000195,2941,960,1981
116000196,14,11,3
116000197,6,28,-22
116000198,5255,1725,3530
116000200,998,550,448
116000201,874,975,-101
116000202,14,449,-435
116000203,7,139,-132
116000204,6,80,-74
116000205,1,190,-189
116000206,1,123,-122
116000207,4,32,-28
116000233,225,938,-713
116000287,147,787,-640
116000288,167,390,-223
116000292,53,149,-96
116000296,13,333,-320
116000297,105,29,76
116000304,62,46,16
116000305,43,142,-99
116000346,208,176,32
116000352,213,52,161
116000354,198,14,184
116000357,9,25,-16
116000358,212,37,175
116000361,943,1,942
116000372,16445,5199,11246
116000381,73,0,73
116000388,2,48,-46
116000389,855,713,142
116000445,284,834,-550
116000446,418,1529,-1111
116000447,20,633,-613
116000448,888,555,333
116000563,1192,1160,32
116000565,80,426,-346
116000568,52,124,-72
116000579,28,123,-95
116000583,171,132,39
116000584,53,5,48
116000585,16,12,4
116000586,274,150,124
116000587,611,701,-90
116000589,59,99,-40
116000590,72,105,-33
116000591,137,410,-273
116000592,6,142,-136
116000593,0,62,-62
116000594,418,592,-174
116000595,846,194,652
116000596,99,5,94
116000597,226,60,166
116000598,7,186,-179
116000605,434,184,250
116000606,63,258,-195
116000607,6,60,-54
116000609,304,1054,-750
116000611,102,713,-611
116000612,853,2760,-1907
116000613,494,479,15
116000614,628,961,-333
116000615,4,296,-292
116000616,53,174,-121
116000617,83,126,-43
116000618,2,239,-237
116000619,32,57,-25
116000620,105,654,-549
116000621,45,126,-81
116000622,35,207,-172
116000624,187,92,95
116000627,71,160,-89
116000628,84,884,-800
116000629,42,593,-551
116000630,203,47,156
116000631,69,80,-11
116000632,476,265,211
116000633,145,557,-412
116000634,303,252,51
116000635,5786,1991,3795
116000636,4087,1615,2472
116000637,313,114,199
116000638,98,725,-627
116000639,143,1,142
116000640,23,11,12
116000641,52,156,-104
116000643,2,193,-191
116000644,16,1000,-984
116000645,38,27,11
116900001,209,174,35
116900002,300,5,295
116900003,20,85,-65
116900004,39,48,-9
116900005,179,63,116
116900006,273,184,89
116900007,142,257,-115
116900008,314,507,-193
116900009,17,6,11
116900010,188,2595,-2407
116900011,15,89,-74
116900012,146,237,-91
116900013,3,177,-174
116900014,79,383,-304
116900015,264,74,190
116900016,174,1,173
116900017,4,1129,-1125
116900018,47,59,-12
116900019,36,498,-462
116900020,2394,760,1634
116900023,122,11,111
116900024,365,85,280
116900025,808,1303,-495
116900026,143,964,-821
116900027,28,110,-82
116900028,3,163,-160
116900029,0,54,-54
116900031,3,3,0
116900032,7,688,-681
116900033,4,26,-22
116900034,6,117,-111
116900035,187,402,-215
116900036,6,149,-143
116900038,54,3,51
116900041,46,23,23
116900042,1042,291,751
116900043,12,136,-124
116900047,152,82,70
116900049,44,514,-470
116900050,106,777,-671
116900051,102,391,-289
116900052,388,77,311
116900055,0,3,-3
116900057,31,440,-409
116900058,28,784,-756
116900059,3,257,-254
116900060,395,260,135
116900062,4,10,-6
116900064,73,1406,-1333
116900065,19,274,-255
116900067,80,210,-130
116900068,113,341,-228
116900070,3,7,-4
116900072,16,619,-603
116900073,15,356,-341
116900074,18,72,-54
116900076,7,39,-32
116900077,6,288,-282
116900078,316,213,103
116900079,38,649,-611
116900080,5,19,-14
116900081,312,2317,-2005
116900082,269,991,-722
116900083,59,98,-39
116900084,457,69,388
116900085,20,187,-167
116900086,63,394,-331
116900088,431,91,340
116900090,141,93,48
116900091,134,157,-23
116900092,61,1185,-1124
116900093,1561,3160,-1599
116900094,6705,5180,1525
116900095,907,363,544
116900096,153,304,-151
116900097,7417,2808,4609
116900098,1233,333,900
116900099,724,750,-26
116900100,730,34,696
116900101,241,797,-556
116900103,2,2,0
116900104,44,117,-73
116900105,366,96,270
116900106,1052,369,683
116900107,6318,2347,3971
116900110,10,1,9
116900111,367,1479,-1112
116900112,182,1611,-1429
116900113,4737,1392,3345
116900116,202,419,-217
116900117,47,119,-72
116900118,1217,999,218
116900120,213,138,75
116900121,55,57,-2
116900122,521,1016,-495
116900123,148,1103,-955
116900124,158,1721,-1563
116900125,276,398,-122
116900126,326,780,-454
116900128,0,34,-34
116900129,0,356,-356
116900130,1323,3812,-2489
116900131,75,199,-124
116900132,29,71,-42
116900133,75,81,-6
116900134,332,222,110
116900136,241,209,32
116900137,575,240,335
116900138,153,276,-123
116900139,72,516,-444
116900140,156,170,-14
116900141,643,354,289
116900142,4,57,-53
116900143,260,467,-207
116900144,17,78,-61
116900145,159,324,-165
116900147,1167,329,838
116900148,2,27,-25
116900149,33,240,-207
116900150,4,13,-9
116900151,45,22,23
116900153,86,89,-3
116900154,665,417,248
116900155,102,61,41
116900157,411,457,-46
116900158,496,201,295
116900159,67,441,-374
116900160,1382,395,987
116900161,13278,6564,6714
116900162,16,239,-223
116900163,106,174,-68
116900164,135,55,80
116900165,394,164,230
116900166,16,139,-123
116900167,418,91,327
116900168,389,109,280
116900169,1314,349,965
116900170,297,433,-136
116900171,26,287,-261
116900172,380,187,193
116900173,187,82,105
116900174,35,49,-14
116900175,532,148,384
116900178,18,241,-223
116900179,123,196,-73
116900180,115,28,87
116900182,338,282,56
116900183,163,99,64
116900185,26,19,7
116900186,97,451,-354
116900187,46,31,15
116900188,139,28,111
116900189,33,2,31
116900191,374,594,-220
116900192,163,238,-75
116900194,121,851,-730
116900195,30,18,12
116900196,11,143,-132
116900197,81,7,74
116900198,321,222,99
116900200,47,40,7
116900201,82,20,62
116900202,69,88,-19
116900203,99,1,98
116900204,41,91,-50
116900206,9,43,-34
116900207,36,52,-16
116900208,13,199,-186
116900209,39,197,-158
116900210,411,374,37
116900211,246,7,239
116900212,53,122,-69
116900213,146,297,-151
116900214,184,155,29
116900215,30,121,-91
116900216,457,232,225
116900218,7,405,-398
116900219,1041,417,624
116900220,85,245,-160
116900221,55,391,-336
116900222,440,439,1
116900223,76,310,-234
116900226,34,114,-80
116900227,139,122,17
116900228,379,377,2
116900230,41,646,-605
116900231,31,750,-719
116900232,15,803,-788
116900233,259,120,139
116900234,10,2,8
116900235,401,564,-163
116900238,1785,653,1132
116900239,1,939,-938
116900240,10737,4258,6479
116900241,52,236,-184
116900242,1820,572,1248
116900243,1,64,-63
116900245,20,14,6
116900246,150,31,119
116900247,460,9,451
116900248,101,35,66
116900249,237,128,109
116900250,272,53,219
116900251,630,531,99
116900252,57,1661,-1604
116900254,15,133,-118
116900255,117,58,59
116900256,208,173,35
116900257,30,849,-819
116900258,3,461,-458
116900259,113,4,109
116900260,3,255,-252
116900261,35,6,29
116900262,85,175,-90
116900263,0,23,-23
116900264,73,46,27
116900265,33,0,33
116900266,12,101,-89
116900267,1,4,-3
116900268,197,1,196
116900269,542,850,-308
116900271,1237,151,1086
116900272,717,729,-12
116900273,945,76,869
116900274,182,138,44
116900275,108,188,-80
116900276,728,120,608
116900277,831,25,806
116900278,7,20,-13
116900279,2,32,-30
116900280,20,71,-51
116900281,11656,3769,7887
116900282,4,227,-223
116900283,25,279,-254
116900284,13,385,-372
116900285,550,831,-281
116900286,248,24,224
116900287,4,139,-135
116900288,37,217,-180
116900289,13,33,-20
116900290,2,54,-52
116900291,10,20,-10
116900292,0,8,-8
116900293,19,90,-71
116900294,46,193,-147
116900295,615,25,590
116900296,165,49,116
116900297,13,120,-107
116900298,147,57,90
116900299,76,49,27
116900300,2,118,-116
116900301,65,130,-65
116900302,128,40,88
116900303,949,102,847
116900304,0,165,-165
116900305,62,172,-110
116900306,76,329,-253
116900307,66,1,65
116900308,0,293,-293
116900309,55,195,-140
116900310,8,63,-55
117000001,2756,2730,26
117000002,3357,7429,-4072
117000003,12780,4033,8747
117000004,6524,9354,-2830
117000005,2654,2359,295
117000006,1771,7659,-5888
117000007,4950,1913,3037
117000008,1818,8466,-6648
117000009,5817,2612,3205
117000010,3716,7612,-3896
117000011,2342,2906,-564
117000012,1815,2838,-1023
117000013,2776,1991,785
117000014,2364,4038,-1674
117000015,5752,1894,3858
117000016,1758,58,1700
117000017,1386,196,1190
117000018,349,476,-127
117000019,656,18,638
117000020,706,1741,-1035
117000021,3673,1284,2389
117000022,1211,52,1159
117000023,1689,291,1398
117000024,1076,100,976
117000025,4058,614,3444
117000026,10174,948,9226
117000027,3494,2557,937
117000028,6254,1489,4765
117000030,1477,953,524
117000031,621,341,280
117000032,4295,1962,2333
117000033,1753,1537,216
117000034,723,636,87
117000035,389,411,-22
117000036,817,753,64
117000037,445,328,117
117000038,554,981,-427
117000039,527,416,111
117000040,191,1338,-1147
117000041,714,180,534
117000044,55,1797,-1742
117000045,855,87,768
117000046,759,1149,-390
117000047,1221,852,369
117000048,3546,2943,603
117000049,124,815,-691
117000050,190,3672,-3482
117000051,2529,234,2295
117000052,29,705,-676
117000053,428,82,346
117000054,1675,5,1670
117000055,158,4834,-4676
117000056,550,21,529
117000057,928,3548,-2620
117000060,481,2511,-2030
117000061,2698,1731,967
117000062,298,707,-409
117000063,2468,1105,1363
117000064,1269,1539,-270
117000066,1250,1032,218
117000067,310,442,-132
117000074,154,360,-206
117000076,123,64,59
117000077,167,162,5
117000078,161,1104,-943
117000079,410,337,73
117000080,0,512,-512
117000081,1732,161,1571
117000082,54,102,-48
117000083,692,327,365
117000084,652,3,649
117000085,281,714,-433
117000086,1409,974,435
117000087,118,776,-658
117000088,374,425,-51
117000089,1493,406,1087
117000090,337,2365,-2028
117000091,704,464,240
117000092,437,2406,-1969
117000093,1128,972,156
117000094,1304,4001,-2697
117000095,3328,1257,2071
117000096,633,3865,-3232
117000097,1219,1671,-452
117000098,3338,7661,-4323
117000099,2981,1349,1632
117000100,222,222,0
117000101,287,2064,-1777
117000102,1353,864,489
117000103,1025,2488,-1463
117000104,1315,886,429
117000105,1123,2410,-1287
117000106,1154,1202,-48
117000107,715,2588,-1873
117000108,1480,1337,143
117000109,2742,3683,-941
117000110,1484,1183,301
117000111,5184,8231,-3047
117000112,3213,3311,-98
117000113,96,421,-325
117000114,169,234,-65
117000115,75,218,-143
117000116,92,416,-324
117000117,2774,649,2125
117000118,714,244,470
117000119,788,240,548
117000120,853,559,294
117000121,200,1755,-1555
117000122,871,2030,-1159
117000123,3605,41,3564
117000124,1352,53,1299
117000125,1195,98,1097
117000126,165,45,120
117000127,404,492,-88
117000128,661,978,-317
117000129,2463,719,1744
117000130,135,5,130
117000131,1,246,-245
117000132,2506,37,2469
117000133,1015,157,858
117000134,2,77,-75
117000135,11,23,-12
117000136,4,35,-31
117000137,152,82,70
117000138,12,794,-782
117000140,513,2169,-1656
117000141,1535,846,689
117000181,1134,367,767
117000182,450,388,62
117000195,215,1655,-1440
117000196,194,80,114
117000225,496,15,481
117000226,27,350,-323
117000276,260,4,256
117000277,1,743,-742
117000310,3603,5027,-1424
117000315,68,2431,-2363
117000320,141,0,141
117000906,294,8,286
117000907,9,557,-548
117000909,199,68,131
117000910,205,156,49
117000911,136,316,-180
117000915,13,1030,-1017
117000916,22,4,18
117000917,852,30,822
117000918,76,136,-60
117000919,5,205,-200
117000920,4,2134,-2130
117000921,6,2426,-2420
117000922,103,219,-116
117000924,1265,1440,-175
117000926,1491,75,1416
117000927,2550,759,1791
117000928,1,302,-301
117000929,186,1332,-1146
117000930,199,39,160
117000931,662,191,471
117900002,493,477,16
117900003,837,528,309
117900005,16,197,-181
117900006,0,29,-29
117900007,229,158,71
117900008,0,42,-42
117900010,871,215,656
117900011,64,27,37
117900012,63,164,-101
117900013,5,486,-481
117900014,2158,295,1863
117900015,35,254,-219
117900016,2641,619,2022
117900017,1571,712,859
117900018,406,100,306
117900019,481,682,-201
117900020,87,525,-438
117900021,46,117,-71
117900023,713,932,-219
117900024,73,158,-85
117900025,36,5,31
117900026,325,622,-297
117900028,423,28,395
117900029,181,1923,-1742
117900031,761,197,564
117900032,1193,755,438
117900033,216,1654,-1438
117900034,102,74,28
117900035,232,91,141
117900036,248,1016,-768
117900037,95,172,-77
117900038,26,512,-486
117900039,8,69,-61
117900040,143,750,-607
117900041,2,61,-59
117900042,7874,816,7058
117900043,55,64,-9
117900044,95,6591,-6496
117900045,268,189,79
117900048,192,417,-225
117900049,166,1117,-951
117900050,9,63,-54
117900051,99,4,95
117900052,101,486,-385
117900053,1484,864,620
117900054,5,32,-27
117900055,159,531,-372
117900056,537,42,495
117900057,1465,2274,-809
117900058,248,22,226
117900059,1371,92,1279
117900060,1437,8049,-6612
117900061,32,519,-487
117900063,528,370,158
117900065,950,1614,-664
117900066,7,53,-46
117900067,464,372,92
117900069,1274,671,603
117900070,680,17,663
117900071,287,271,16
117900073,541,561,-20
117900074,567,31,536
117900075,189,123,66
117900076,21,89,-68
117900077,274,191,83
117900078,263,826,-563
117900080,495,60,435
117900081,688,631,57
117900082,360,372,-12
117900083,430,950,-520
117900086,219,47,172
117900087,88,68,20
117900088,3450,3413,37
117900089,1851,531,1320
117900090,1152,1057,95
117900091,355,180,175
117900092,93,39,54
117900093,40,99,-59
117900094,31,13,18
117900095,1159,1166,-7
117900096,80,288,-208
117900097,180,109,71
117900098,25,15,10
117900099,275,559,-284
117900100,154,2,152
117900101,703,1687,-984
117900102,43,60,-17
117900103,26,0,26
117900104,43,156,-113
117900105,121,400,-279
117900106,76,65,11
117900107,26,0,26
117900109,476,384,92
117900110,41,0,41
117900111,348,18,330
117900112,36,15,21
117900113,9410,3105,6305
117900114,15,0,15
117900115,368,67,301
117900116,1136,1670,-534
117900117,377,543,-166
117900118,45,0,45
117900119,98,303,-205
117900120,71,186,-115
117900121,105,29,76
117900122,1956,3119,-1163
117900123,1117,998,119
117900124,883,902,-19
117900125,1560,1637,-77
117900126,376,1020,-644
117900127,561,891,-330
117900128,421,1160,-739
117900129,76,0,76
117900130,1014,662,352
117900131,6,150,-144
117900132,12,130,-118
117900133,13,134,-121
117900134,62,214,-152
117900135,34,219,-185
117900136,0,57,-57
117900137,57,356,-299
117900138,0,75,-75
117900139,72,159,-87
117900140,8105,468,7637
117900141,628,354,274
117900142,320,54,266
117900144,194,121,73
117900145,27,40,-13
117900146,864,93,771
117900147,59,89,-30
117900148,5204,1378,3826
117900149,66,217,-151
117900150,17,94,-77
117900151,79,192,-113
117900152,242,140,102
117900153,49,136,-87
117900154,753,1145,-392
117900156,1035,1467,-432
117900157,127,628,-501
117900158,158,99,59
117900160,721,525,196
117900161,3118,3428,-310
117900162,462,859,-397
117900163,379,30,349
117900165,1,28,-27
117900166,158,501,-343
117900168,44,245,-201
117900169,0,169,-169
117900170,3,45,-42
117900171,3,28,-25
117900172,20,58,-38
117900173,175,107,68
117900174,32,70,-38
117900175,2,59,-57
117900176,6,105,-99
117900177,9,70,-61
117900178,119,63,56
117900180,353,52,301
117900181,306,326,-20
117900182,8,38,-30
117900183,64,273,-209
117900184,9,55,-46
117900185,23,45,-22
117900186,35,20,15
117900187,12,13,-1
117900188,268,56,212
117900189,69,25,44
117900190,11,1,10
117900191,77,1,76
117900192,239,0,239
117900193,1,83,-82
117900194,11,9,2
117900195,22,43,-21
117900196,13,31,-18
117900207,189,102,87
117900208,41,50,-9
117900209,226,322,-96
117900210,153,277,-124
117900211,3,311,-308
117900212,74,211,-137
117900213,34,20,14
117900214,14,49,-35
117900215,43,73,-30
117900216,58,24,34
117900217,228,189,39
117900218,288,241,47
117900219,11,116,-105
117900220,314,180,134
117900222,206,383,-177
117900223,256,394,-138
118000001,1126,1070,56
118000002,1753,3502,-1749
118000003,8895,3297,5598
118000004,8515,2930,5585
118000005,6672,7005,-333
118000006,7888,13827,-5939
118000007,12455,3068,9387
118000008,10132,4537,5595
118000009,3774,3928,-154
118000010,4041,4964,-923
118000011,1264,3666,-2402
118000012,2190,4000,-1810
118000013,5078,4401,677
118000014,2442,5251,-2809
118000016,296,548,-252
118000017,290,594,-304
118000018,453,629,-176
118000019,3006,1937,1069
118000020,1530,2266,-736
118000021,1535,2903,-1368
118000022,2477,1140,1337
118000023,1836,637,1199
118000024,1869,1458,411
118000027,20951,13891,7060
118000029,1231,1138,93
118000032,1904,6388,-4484
118000033,3601,5276,-1675
118000034,6630,2573,4057
118000035,1999,3305,-1306
118000036,3522,1620,1902
118000037,1192,1424,-232
118000038,162,160,2
118000039,163,676,-513
118000040,2272,3071,-799
118000041,3630,2269,1361
118000045,1031,96,935
118000046,4468,725,3743
118000047,6457,747,5710
118000048,8065,1621,6444
118000051,4766,845,3921
118000052,3964,604,3360
118000053,2332,911,1421
118000054,3405,4124,-719
118000055,2666,5261,-2595
118000056,399,466,-67
118000057,254,1060,-806
118000058,9812,1603,8209
118000059,8138,926,7212
118000060,2180,869,1311
118000061,872,1997,-1125
118000062,715,599,116
118000063,699,569,130
118000064,1698,1669,29
118000065,7702,3526,4176
118000066,1768,1810,-42
118000067,1944,997,947
118000068,3337,5676,-2339
118000069,5995,1587,4408
118000070,9339,2547,6792
118000071,4704,10780,-6076
118000072,5133,1158,3975
118000073,4564,644,3920
118000074,805,846,-41
118000075,1088,430,658
118000076,3081,1980,1101
118000077,2486,1713,773
118000078,4172,2545,1627
118000079,448,562,-114
118000080,2138,1080,1058
118000081,3738,1423,2315
118000082,470,1387,-917
118000083,2999,1828,1171
118000084,4178,2389,1789
118000086,514,727,-213
118000087,9588,3297,6291
118000088,3096,2906,190
118000089,5541,3570,1971
118000090,2804,4281,-1477
118000091,2433,4268,-1835
118000092,1747,683,1064
118000093,166,1008,-842
118000096,783,812,-29
118000097,1549,991,558
118000098,432,251,181
118000099,574,1113,-539
118000101,961,620,341
118000102,570,2008,-1438
118000107,4787,750,4037
118000108,903,3569,-2666
118000110,1,29,-28
118000111,3,1086,-1083
118000112,595,7,588
118000113,15,1627,-1612
118000114,458,10,448
118000115,17,48,-31
118000116,117,2,115
118000117,2683,1024,1659
118000118,2861,851,2010
118000119,1362,1414,-52
118000120,2490,1461,1029
118000121,176,655,-479
118000122,2341,300,2041
118000123,50,355,-305
118000125,3876,1430,2446
118000126,2335,2220,115
118000127,3708,1043,2665
118000128,1451,1640,-189
118000129,2568,658,1910
118000130,4264,6373,-2109
118000131,1527,1694,-167
118000132,3072,2388,684
118000133,3230,783,2447
118000135,1072,426,646
118000136,191,848,-657
118000137,2706,113,2593
118000138,477,1140,-663
118000139,632,182,450
118000140,3197,5661,-2464
118000141,2306,3056,-750
118000142,1907,2897,-990
118000143,2156,1751,405
118000144,2395,1532,863
118000145,2088,3402,-1314
118000146,1263,1657,-394
118000147,1142,2478,-1336
118000148,635,2459,-1824
118000149,1144,1828,-684
118000150,284,549,-265
118000151,370,781,-411
118000153,1268,1977,-709
118000154,1491,2732,-1241
118000155,1090,2175,-1085
118000156,3705,3535,170
118000157,672,571,101
118000158,226,615,-389
118000159,30,146,-116
118000160,527,567,-40
118000161,591,964,-373
118000162,1280,1478,-198
118000163,945,1257,-312
118000164,3946,2389,1557
118000168,2169,492,1677
118000169,1611,2253,-642
118000170,5239,8884,-3645
118000171,423,894,-471
118000172,129,539,-410
118000173,1404,1936,-532
118000175,312,502,-190
118000176,310,581,-271
118000177,265,749,-484
118000178,301,69,232
118000179,2175,1574,601
118000180,1005,1283,-278
118000181,1284,497,787
118000182,409,365,44
118000183,286,476,-190
118000184,729,1599,-870
118000185,1166,1239,-73
118000186,739,995,-256
118000187,1355,880,475
118000188,1188,278,910
118000189,567,1234,-667
118000190,26,20,6
118000191,17,71,-54
118000192,280,186,94
118000193,348,690,-342
118000194,4676,1896,2780
118000195,1867,994,873
118000196,1311,208,1103
118000197,708,131,577
118000198,1149,770,379
118000199,2616,510,2106
118000200,93,352,-259
118000201,1090,729,361
118000202,99,59,40
118000203,2702,505,2197
118000204,396,498,-102
118000205,388,610,-222
118000206,318,296,22
118000207,1,116,-115
118000208,1374,2416,-1042
118000209,2094,2812,-718
118000210,50,47,3
118000211,28,51,-23
118000213,2643,1270,1373
118000214,1085,1166,-81
118000215,316,655,-339
118000216,1991,6976,-4985
118000217,18,165,-147
118000218,66,185,-119
118000219,824,808,16
118000220,6,36,-30
118000221,113,359,-246
118000222,102,21,81
118000223,20,48,-28
118000224,471,119,352
118000225,168,1490,-1322
118000226,2595,196,2399
118000227,1271,526,745
118000228,128,220,-92
118000229,540,63,477
118000230,207,344,-137
118000231,70,285,-215
118000232,732,1311,-579
118000233,944,1199,-255
118000234,364,293,71
118000236,499,460,39
118000237,83,505,-422
118000238,182,446,-264
118000239,322,443,-121
118000240,747,165,582
118000241,177,542,-365
118000242,424,875,-451
118000243,181,227,-46
118000244,28,212,-184
118000246,1,6,-5
118000255,132,412,-280
118000256,181,474,-293
118000259,8,82,-74
118000260,261,152,109
118000261,31,116,-85
118000263,95,257,-162
118000266,131,642,-511
118000267,1,90,-89
118000268,1427,76,1351
118000270,42,38,4
118000271,238,610,-372
118000272,119,47,72
118000273,112,148,-36
118000274,123,383,-260
118000276,351,405,-54
118000295,2,104,-102
118000298,124,627,-503
118000299,97,287,-190
118000301,0,84,-84
118000302,109,137,-28
118000311,332,163,169
118000312,270,225,45
118000313,46,245,-199
118000314,47,133,-86
118000315,21,111,-90
118000316,764,987,-223
118000325,34,59,-25
118000326,23,71,-48
118000331,14,66,-52
118000332,14,41,-27
118000333,54,67,-13
118000335,203,4,199
118000336,1,437,-436
118000407,129,109,20
118000457,10,58,-48
118000465,4376,6462,-2086
118000480,36,216,-180
118000489,140,575,-435
118000490,143,783,-640
118000492,211,271,-60
118000510,104,27,77
118000514,263,501,-238
118000515,1313,998,315
118000517,560,472,88
118000524,1266,257,1009
118000525,952,969,-17
118000530,8,130,-122
118000531,283,469,-186
118000532,340,333,7
118000533,701,200,501
118000534,957,482,475
118000535,284,143,141
118000536,979,1566,-587
118000537,126,128,-2
118000538,62,165,-103
118000539,8,138,-130
118000540,494,221,273
118000541,441,82,359
118000542,177,198,-21
118000543,418,213,205
118000546,27,27,0
118000553,0,1,-1
118000560,4070,1852,2218
118000562,40,702,-662
118000563,3851,2076,1775
118000576,258,411,-153
118000577,393,183,210
118000578,348,244,104
118000579,1491,1771,-280
118000583,0,0,0
118000595,172,111,61
118000596,0,99,-99
118000597,150,189,-39
118000598,3,1,2
118000599,63,87,-24
118000600,1,10,-9
118000601,2,1,1
118000602,1,26,-25
118000603,0,116,-116
118000605,42,671,-629
118000606,35,55,-20
118900001,1387,1377,10
118900002,1471,1188,283
118900003,168,29,139
118900004,45,64,-19
118900005,74,2,72
118900006,108,3,105
118900007,3,0,3
118900008,1928,74,1854
118900009,27,14,13
118900010,43,4,39
118900011,160,22,138
118900012,497,246,251
118900013,902,100,802
118900015,184,53,131
118900016,7,12,-5
118900017,241,244,-3
118900018,1284,15,1269
118900019,35,13,22
118900020,263,118,145
118900021,275,466,-191
118900022,146,116,30
118900023,251,118,133
118900024,86,204,-118
118900025,84,28,56
118900026,57,108,-51
118900027,692,352,340
118900028,215,287,-72
118900029,308,552,-244
118900030,250,122,128
118900031,195,156,39
118900032,240,225,15
118900033,1140,907,233
118900034,195,13,182
118900035,194,376,-182
118900036,1046,1174,-128
118900037,635,321,314
118900038,463,469,-6
118900039,408,296,112
118900040,170,312,-142
118900041,567,321,246
118900042,271,204,67
118900045,365,375,-10
118900046,1013,349,664
118900047,1340,458,882
118900048,892,208,684
118900049,90,50,40
118900050,22,143,-121
118900051,436,97,339
118900052,477,287,190
118900053,31,119,-88
118900054,137,134,3
118900055,39,131,-92
118900056,43,277,-234
118900057,701,464,237
118900058,683,436,247
118900059,28,123,-95
118900060,72,296,-224
118900062,128,188,-60
118900064,786,797,-11
118900065,34,262,-228
118900066,101,109,-8
118900067,7382,4211,3171
118900068,9,932,-923
118900069,481,560,-79
118900071,1,65,-64
118900072,538,487,51
118900073,117,229,-112
118900074,106,308,-202
118900075,43,119,-76
118900076,533,53,480
118900077,172,256,-84
118900078,51,5,46
118900079,84,339,-255
118900080,23,102,-79
118900081,76,32,44
118900082,681,223,458
118900083,15,20,-5
118900084,12,36,-24
118900085,673,1321,-648
118900086,30,81,-51
118900087,60,285,-225
118900088,0,14,-14
118900089,67,10,57
118900090,512,695,-183
118900091,166,282,-116
118900092,84,80,4
118900093,214,18,196
118900096,145,127,18
118900097,188,1025,-837
118900099,44,472,-428
118900100,137,286,-149
118900101,53,711,-658
118900102,29,107,-78
118900103,19,98,-79
118900104,110,164,-54
118900105,231,110,121
118900107,153,137,16
118900108,99,108,-9
118900110,1689,847,842
118900111,434,639,-205
118900112,91,153,-62
118900113,197,814,-617
118900114,14,92,-78
118900115,85,498,-413
118900116,137,238,-101
118900117,106,200,-94
118900118,275,755,-480
118900119,149,478,-329
118900120,139,574,-435
118900121,19,324,-305
118900122,17,1156,-1139
118900123,170,272,-102
118900124,131,256,-125
118900126,29,456,-427
118900129,393,263,130
118900130,144,161,-17
118900131,138,402,-264
118900132,756,249,507
118900133,19,99,-80
118900135,155,271,-116
118900136,214,1036,-822
118900137,7,24,-17
118900139,218,742,-524
118900140,519,1020,-501
118900141,63,285,-222
118900144,260,840,-580
118900145,20,221,-201
118900146,305,1187,-882
118900147,424,167,257
118900148,49,85,-36
118900150,463,797,-334
118900152,580,1188,-608
118900157,201,226,-25
118900158,57,133,-76
118900159,1,225,-224
118900161,197,12,185
118900163,310,81,229
118900164,4,106,-102
118900165,41,280,-239
118900166,20,0,20
118900167,80,170,-90
118900168,83,42,41
118900169,160,614,-454
118900170,135,152,-17
118900171,7,25,-18
118900174,69,74,-5
118900175,378,589,-211
118900176,125,316,-191
118900177,30,86,-56
118900178,44,165,-121
118900179,0,33,-33
118900181,67,174,-107
118900182,118,66,52
118900183,32,125,-93
118900184,220,69,151
118900185,192,228,-36
118900186,70,124,-54
118900187,292,386,-94
118900188,288,442,-154
118900189,51,864,-813
118900190,19,963,-944
118900191,204,56,148
118900192,183,36,147
118900193,435,22,413
118900195,351,1330,-979
118900196,18,248,-230
118900197,100,148,-48
118900198,7,43,-36
118900199,28,48,-20
118900200,31,14,17
118900201,30,18,12
118900202,14,78,-64
118900203,2,63,-61
118900204,7,23,-16
118900205,7,8,-1
118900206,2,20,-18
119000001,1633,1843,-210
119000002,2938,3640,-702
119000003,2060,2386,-326
119000004,3173,2402,771
119000005,3990,3265,725
119000006,3004,2494,510
119000007,5168,5002,166
119000008,2810,2815,-5
119000009,5028,4871,157
119000010,10610,5088,5522
119000011,7368,3306,4062
119000012,5231,3985,1246
119000013,2650,1705,945
119000014,3423,4648,-1225
119000019,369,270,99
119000020,2346,2142,204
119000021,4184,3231,953
119000022,4694,3838,856
119000023,750,457,293
119000024,3427,11324,-7897
119000025,20565,1864,18701
119000026,288,416,-128
119000027,768,550,218
119000028,3032,2091,941
119000029,195,322,-127
119000030,675,1946,-1271
119000031,1026,900,126
119000032,2389,3228,-839
119000033,2683,2694,-11
119000034,1182,1280,-98
119000035,32,482,-450
119000036,1620,1818,-198
119000037,1213,2809,-1596
119000038,127,1536,-1409
119000039,315,514,-199
119000040,1922,790,1132
119000041,1489,1950,-461
119000048,4193,4830,-637
119000049,2425,4620,-2195
119000050,2317,3803,-1486
119000051,2760,1453,1307
119000052,2920,4531,-1611
119000053,2007,1520,487
119000054,3196,6456,-3260
119000055,3533,4828,-1295
119000056,2134,2766,-632
119000057,1332,4172,-2840
119000058,2252,3520,-1268
119000059,1455,2707,-1252
119000060,1748,1206,542
119000061,1157,1214,-57
119000062,1235,1757,-522
119000063,542,618,-76
119000064,3033,3022,11
119000065,2434,3918,-1484
119000066,2476,1429,1047
119000067,2508,4048,-1540
119000068,1560,1524,36
119000069,1824,4429,-2605
119000070,2154,1590,564
119000071,793,1320,-527
119000072,10409,5150,5259
119000073,6712,7875,-1163
119000074,1359,5834,-4475
119000075,1505,3802,-2297
119000076,543,1140,-597
119000077,920,770,150
119000078,415,484,-69
119000079,163,1050,-887
119000080,297,283,14
119000081,389,482,-93
119000082,847,402,445
119000083,492,526,-34
119000084,389,657,-268
119000085,769,391,378
119000086,206,605,-399
119000087,2380,1189,1191
119000088,313,312,1
119000089,78,246,-168
119000090,150,243,-93
119000091,115,384,-269
119000092,781,312,469
119000093,5619,4991,628
119000094,2551,9790,-7239
119000095,1514,4437,-2923
119000097,4713,2429,2284
119000098,955,2794,-1839
119000099,2731,3063,-332
119000100,3509,2885,624
119000101,3443,2425,1018
119000102,875,906,-31
119000103,1798,491,1307
119000104,4434,2038,2396
119000105,1118,1605,-487
119000106,376,2925,-2549
119000107,656,659,-3
119000108,400,1942,-1542
119000109,163,336,-173
119000110,638,335,303
119000111,78,577,-499
119000112,219,87,132
119000113,2664,283,2381
119000114,942,1034,-92
119000115,192,374,-182
119000116,212,199,13
119000117,159,490,-331
119000118,8,11,-3
119000123,7341,755,6586
119000124,754,331,423
119000125,2543,1441,1102
119000126,886,1539,-653
119000127,562,1352,-790
119000128,23,4,19
119000131,984,1425,-441
119000132,3,13,-10
119000133,4,15,-11
119000134,5383,944,4439
119000135,154,206,-52
119000136,180,291,-111
119000137,136,626,-490
119000138,293,485,-192
119000139,214,332,-118
119000140,165,409,-244
119000284,1683,4573,-2890
119000285,3605,3330,275
119000286,8452,7702,750
119000287,1953,3523,-1570
119000288,3173,2243,930
119000289,4759,5668,-909
119000290,239,915,-676
119000291,10,517,-507
119000293,116,282,-166
119000294,44,42,2
119000295,4249,804,3445
119000296,162,173,-11
119000297,0,0,0
119000302,5421,2054,3367
119000303,59,294,-235
119000310,0,1,-1
119000314,1658,9273,-7615
119000315,0,857,-857
119000316,109,198,-89
119000317,77,654,-577
119000319,418,512,-94
119900001,201,1247,-1046
119900002,252,477,-225
119900003,87,1506,-1419
119900004,434,625,-191
119900005,175,181,-6
119900006,210,447,-237
119900007,837,131,706
119900008,62,32,30
119900009,602,735,-133
119900010,1180,1151,29
119900011,16,70,-54
119900012,40,67,-27
119900013,2059,906,1153
119900014,705,250,455
119900015,64,19,45
119900016,38,165,-127
119900017,21,61,-40
119900018,2276,641,1635
119900019,53,9,44
119900020,115,210,-95
119900021,123,72,51
119900022,170,403,-233
119900023,1442,1182,260
119900025,60,26,34
119900026,1253,111,1142
119900027,8,48,-40
119900028,245,110,135
119900029,2,7,-5
119900030,554,691,-137
119900031,22,325,-303
119900033,2023,210,1813
119900034,225,172,53
119900037,207,42,165
119900038,58,251,-193
119900039,38,4,34
119900040,109,5,104
119900041,85,32,53
119900042,72,228,-156
119900043,81,246,-165
119900044,289,619,-330
119900046,52,60,-8
119900047,256,49,207
119900049,114,11,103
119900050,57,100,-43
119900051,848,5,843
119900052,44,45,-1
119900053,128,283,-155
119900054,94,2,92
119900055,1145,534,611
119900057,154,60,94
119900058,191,2,189
119900059,187,76,111
119900060,252,4,248
119900061,169,6,163
119900062,33,20,13
119900063,16,53,-37
119900065,248,21,227
119900067,78,31,47
119900068,286,2,284
119900069,107,13,94
119900070,622,9,613
119900071,540,11,529
119900073,2548,676,1872
119900074,94,32,62
119900075,8167,2704,5463
119900076,636,749,-113
119900077,693,1688,-995
119900078,471,1354,-883
119900079,651,553,98
119900080,450,533,-83
119900081,545,411,134
119900082,1022,242,780
119900083,329,112,217
119900084,1442,291,1151
119900085,251,83,168
119900086,303,1625,-1322
119900087,1199,295,904
119900088,58,46,12
119900089,13,733,-720
119900090,201,69,132
119900091,87,1992,-1905
119900092,22,488,-466
119900093,1025,202,823
119900094,69,346,-277
119900095,201,100,101
119900096,38,67,-29
119900097,687,254,433
119900098,60,48,12
119900099,33,290,-257
119900100,3937,2634,1303
119900101,250,1389,-1139
119900102,22,447,-425
119900103,31,682,-651
119900104,31,274,-243
119900105,918,1511,-593
119900106,18,310,-292
119900107,485,5476,-4991
119900108,3058,867,2191
119900109,44,349,-305
119900110,624,1405,-781
119900111,59,474,-415
119900112,4402,784,3618
119900113,66,498,-432
119900114,174,3055,-2881
119900115,196,1623,-1427
119900116,132,554,-422
119900117,210,1506,-1296
119900118,35,1620,-1585
119900119,206,458,-252
119900120,603,938,-335
119900121,303,2352,-2049
119900122,445,427,18
119900123,238,368,-130
119900124,147,1621,-1474
119900125,50,525,-475
119900126,7887,444,7443
119900127,3485,1450,2035
119900128,436,1218,-782
119900129,192,1507,-1315
119900130,22,529,-507
119900131,55,470,-415
119900132,2,584,-582
119900133,25,56,-31
119900134,3689,336,3353
119900135,3,724,-721
119900136,180,689,-509
119900138,441,875,-434
119900139,28,133,-105
119900140,2,257,-255
119900141,165,737,-572
119900142,1,23,-22
119900143,17,323,-306
119900144,3077,300,2777
119900145,115,304,-189
119900146,173,242,-69
119900147,5,205,-200
119900148,125,58,67
119900149,2817,3222,-405
119900150,316,221,95
119900151,2881,1233,1648
119900152,66,678,-612
119900153,132,82,50
119900154,42,1181,-1139
119900155,32,37,-5
119900156,7,2,5
119900157,98,454,-356
119900158,115,93,22
119900159,11,2405,-2394
119900160,30,236,-206
119900161,212,396,-184
119900162,763,1068,-305
119900163,124,159,-35
119900164,0,1,-1
119900165,104,439,-335
119900166,35,50,-15
119900167,249,164,85
119900168,693,611,82
119900169,159,443,-284
119900170,192,215,-23
119900171,854,648,206
119900172,119,23,96
119900173,8,744,-736
119900174,7,281,-274
119900175,978,995,-17
119900177,51,283,-232
119900178,6,293,-287
119900179,106,301,-195
119900180,1149,921,228
119900181,48,70,-22
119900182,6,778,-772
119900183,160,1266,-1106
119900184,4292,749,3543
119900185,28,150,-122
119900186,192,731,-539
119900187,3,861,-858
119900188,82,405,-323
119900189,438,276,162
119900190,87,230,-143
119900191,417,141,276
119900192,26,322,-296
119900193,248,305,-57
119900194,23,58,-35
119900195,11,283,-272
119900196,1888,522,1366
119900197,203,135,68
119900198,71,592,-521
119900199,144,20,124
119900200,450,718,-268
119900201,429,200,229
119900202,235,137,98
119900203,176,438,-262
119900204,172,372,-200
119900205,546,1116,-570
119900206,127,236,-109
119900208,174,264,-90
119900209,600,1069,-469
119900210,18,44,-26
119900211,86,22,64
119900212,188,452,-264
119900213,4,62,-58
119900214,19,114,-95
119900215,20,104,-84
119900216,2,85,-83
119900217,17,60,-43
119900218,10,78,-68
119900219,9,149,-140
119900220,1,114,-113
119900221,19,429,-410
119900222,18,329,-311
119900223,30,127,-97
119900224,19,25,-6
119900225,1317,36,1281
119900226,1059,1671,-612
119900227,1341,511,830
119900228,24,371,-347
119900229,297,554,-257
119900230,2005,847,1158
119900231,155,323,-168
119900232,186,65,121
119900233,30,4,26
119900234,41,32,9
119900235,40,43,-3
119900236,11,298,-287
119900237,59,659,-600
119900238,2,149,-147
119900240,56,156,-100
119900241,197,290,-93
119900242,2287,3370,-1083
119900244,1296,1482,-186
119900245,167,236,-69
119900246,241,427,-186
119900247,30,102,-72
119900248,63,109,-46
119900249,181,70,111
119900253,5838,462,5376
119900254,81,541,-460
119900255,68,672,-604
119900256,375,1556,-1181
119900257,38,0,38
119900258,47,1,46
119900259,9,260,-251
119900260,40,1,39
119900261,226,259,-33
119900262,2,408,-406
119900263,1458,512,946
119900264,56,390,-334
119900265,411,594,-183
119900266,265,478,-213
119900267,219,559,-340
119900268,169,303,-134
119900269,827,2030,-1203
119900271,28,161,-133
119900272,282,71,211
119900275,91,15,76
119900276,44,2,42
119900277,10,2,8
119900278,289,86,203
119900279,158,360,-202
119900280,1562,246,1316
119900281,0,128,-128
119900282,43,50,-7
119900283,8,440,-432
119900284,75,281,-206
119900285,31,74,-43
119900286,1,16,-15
119900288,4,55,-51
119900289,0,40,-40
119900290,2,48,-46
119900291,0,42,-42
119900292,18,32,-14
119900293,39,84,-45
119900294,24,101,-77
119900295,26,96,-70
119900296,16,272,-256
119900297,1,14,-13
119900298,5,4,1
119900299,40,351,-311
119900300,168,239,-71
119900301,232,27,205
119900302,74,40,34
119900303,206,268,-62
119900304,114,28,86
119900305,32,141,-109
119900306,14,5,9
119900307,50,224,-174
119900308,14,27,-13
119900309,32,71,-39
119900310,407,394,13
119900311,42,216,-174
119900312,114,97,17
119900313,300,573,-273
119900314,128,380,-252
119900315,1148,3790,-2642
119900318,7,26,-19
119900319,39,542,-503
119900320,107,898,-791
119900321,88,3,85
120000001,13441,18506,-5065
120000002,2791,4464,-1673
120000003,4296,2283,2013
120000004,3430,3102,328
120000005,6017,2652,3365
120000006,1652,1798,-146
120000007,5119,3393,1726
120000008,1333,1874,-541
120000009,6416,1277,5139
120000010,1856,4204,-2348
120000011,1412,3016,-1604
120000012,1607,3898,-2291
120000013,2650,3786,-1136
120000014,741,2404,-1663
120000015,3135,2156,979
120000016,4250,4391,-141
120000017,3084,3526,-442
120000018,7146,12568,-5422
120000019,1114,1855,-741
120000020,4326,3777,549
120000021,2498,3249,-751
120000022,3220,5027,-1807
120000023,916,2590,-1674
120000024,1846,3208,-1362
120000025,2398,3166,-768
120000026,1407,2981,-1574
120000027,1560,2543,-983
120000028,1405,671,734
120000029,5466,758,4708
120000030,290,1474,-1184
120000031,2582,12752,-10170
120000032,14801,4745,10056
120000033,4635,2968,1667
120000034,2146,3511,-1365
120000035,2166,3985,-1819
120000036,3358,6807,-3449
120000037,693,1969,-1276
120000038,14785,4182,10603
120000039,609,1141,-532
120000040,144,172,-28
120000041,1372,2616,-1244
120000042,1960,5034,-3074
120000043,5485,3963,1522
120000044,4989,1961,3028
120000045,4772,1319,3453
120000046,2430,3030,-600
120000047,2828,5136,-2308
120000048,11350,5304,6046
120000049,6979,4021,2958
120000050,6436,7294,-858
120000051,4274,6964,-2690
120000052,19440,3403,16037
120000053,1335,5751,-4416
120000054,1475,8600,-7125
120000055,1702,7421,-5719
120000056,3644,5558,-1914
120000057,2701,946,1755
120000058,2180,325,1855
120000059,35,1259,-1224
120000061,154,891,-737
120000062,276,416,-140
120000063,2701,4034,-1333
120000064,343,2150,-1807
120000065,620,2554,-1934
120000066,221,576,-355
120000067,64,795,-731
120000068,219,1530,-1311
120000069,925,2350,-1425
120000070,73,1480,-1407
120000071,347,385,-38
120000072,490,761,-271
120000073,639,151,488
120000074,105,91,14
120000075,610,342,268
120000076,1511,600,911
120000077,1556,799,757
120000078,4264,1167,3097
120000079,396,1050,-654
120000080,251,491,-240
120000081,357,285,72
120000082,240,345,-105
120000083,244,697,-453
120000084,582,714,-132
120000085,346,552,-206
120000086,440,921,-481
120000087,336,1721,-1385
120000088,778,1913,-1135
120000089,994,831,163
120000090,702,706,-4
120000091,807,1441,-634
120000092,1264,894,370
120000093,372,839,-467
120000094,162,853,-691
120000095,1197,932,265
120000096,286,1571,-1285
120000098,868,1689,-821
120000099,375,969,-594
120000100,719,1272,-553
120000101,477,636,-159
120000102,505,858,-353
120000103,1355,739,616
120000104,1722,491,1231
120000105,2762,684,2078
120000106,1936,668,1268
120000107,3105,789,2316
120000108,833,199,634
120000109,1011,56,955
120000110,158,1459,-1301
120000111,144,1975,-1831
120000112,1035,5791,-4756
120000113,706,4361,-3655
120000114,1012,4995,-3983
120000115,452,3986,-3534
120000116,755,3167,-2412
120000117,2114,2114,0
120000118,99,24,75
120000119,28,93,-65
120000120,57,91,-34
120000121,41,75,-34
120000122,489,474,15
120000123,8746,6743,2003
120000124,407,802,-395
120000125,581,1296,-715
120000126,577,1180,-603
120000127,3377,1369,2008
120000128,8247,3452,4795
120000129,400,477,-77
120000130,1123,1048,75
120000131,283,816,-533
120000134,505,1917,-1412
120000135,345,494,-149
120000137,181,3295,-3114
120000138,627,669,-42
120000139,235,1669,-1434
120000140,594,891,-297
120000141,205,744,-539
120000142,358,848,-490
120000143,4,142,-138
120000144,80,0,80
120000145,259,5,254
120000146,4328,1516,2812
120000149,622,1430,-808
120000150,6464,10625,-4161
120000151,522,945,-423
120000152,343,394,-51
120000153,163,1327,-1164
120000154,572,689,-117
120000155,154,385,-231
120000156,3670,1014,2656
120000157,1203,1039,164
120000158,926,1605,-679
120000159,2034,3166,-1132
120000160,2435,1938,497
120000161,1981,4471,-2490
120000162,240,445,-205
120000163,581,2268,-1687
120000164,430,659,-229
120000165,400,1451,-1051
120000166,1314,987,327
120000167,34,54,-20
120000168,15,199,-184
120000169,72,589,-517
120000170,96,323,-227
120000171,26,159,-133
120000172,86,110,-24
120000173,5131,492,4639
120000174,967,15,952
120000175,1577,28,1549
120000176,722,47,675
120000177,2211,218,1993
120000178,235,10,225
120000179,801,46,755
120000180,840,95,745
120000181,176,375,-199
120000182,151,181,-30
120000183,18,204,-186
120000184,198,928,-730
120000186,214,114,100
120000187,204,83,121
120000188,944,260,684
120000190,2387,30,2357
120000191,2300,38,2262
120000192,1528,35,1493
120000193,490,8,482
120000195,93,5,88
120000196,297,71,226
120000197,108,247,-139
120000198,103,208,-105
120000199,78,3,75
120000200,59,6,53
120000201,11,12,-1
120000202,2,78,-76
120000203,27,375,-348
120000207,0,90,-90
120000208,24,430,-406
120000209,1,111,-110
120000210,168,88,80
120000211,68,2,66
120000212,105,0,105
120000213,81,399,-318
120000214,1,463,-462
120000215,3,235,-232
120000216,47,12,35
120000217,978,1600,-622
120000218,314,1365,-1051
120000219,7,890,-883
120000220,19,3094,-3075
120000225,1070,1,1069
120000226,262,2,260
120000227,672,19,653
120000228,8446,3048,5398
120000230,335,13,322
120000231,1061,3650,-2589
120000233,247,86,161
120000235,191,1296,-1105
120000236,749,4,745
120000237,3,3128,-3125
120000238,2,194,-192
120000241,1352,5397,-4045
120000412,1400,38,1362
120000413,247,540,-293
120000414,91,4,87
120000415,3,238,-235
120000416,89,13,76
120000417,2,138,-136
120000418,113,30,83
120000419,17,529,-512
120000420,101,32,69
120000421,18289,7498,10791
120000422,271,1065,-794
120000423,0,66,-66
120000424,108,212,-104
120000436,194,667,-473
120000437,223,251,-28
120000438,7884,860,7024
120000439,133,461,-328
120000443,173,0,173
120000444,1209,1159,50
120000445,2174,1920,254
120000446,1627,508,1119
120000447,134,26,108
120000449,93,29,64
120000450,5,355,-350
120000451,101,477,-376
120000452,51,0,51
120000453,0,747,-747
120000454,199,30,169
120000455,105,90,15
120000456,3998,4428,-430
120000457,1381,1326,55
120000458,818,1012,-194
120000459,106,155,-49
120000665,2793,214,2579
120000668,134,328,-194
120000669,66,551,-485
120000670,342,530,-188
120000671,1477,595,882
120000672,126,604,-478
120900001,71,64,7
120900002,929,456,473
120900003,342,43,299
120900004,14,97,-83
120900005,7,2180,-2173
120900006,244,282,-38
120900007,127,273,-146
120900008,210,1740,-1530
120900009,1233,89,1144
120900010,384,100,284
120900011,541,207,334
120900012,1496,1244,252
120900013,323,61,262
120900014,3,1066,-1063
120900015,539,120,419
120900016,669,87,582
120900017,4952,114,4838
120900018,81,725,-644
120900019,595,202,393
120900020,1275,1134,141
120900021,549,113,436
120900022,36,607,-571
120900023,184,42,142
120900024,1971,486,1485
120900025,2763,1521,1242
120900026,249,272,-23
120900027,1342,108,1234
120900028,265,57,208
120900029,191,368,-177
120900030,1205,754,451
120900031,185,62,123
120900032,843,203,640
120900033,1018,73,945
120900034,86,2992,-2906
120900035,53,72,-19
120900037,203,11,192
120900038,47,232,-185
120900039,78,43,35
120900040,185,1,184
120900041,175,40,135
120900042,334,105,229
120900043,42,22,20
120900044,11,723,-712
120900045,168,107,61
120900046,261,7,254
120900047,146,79,67
120900048,90,35,55
120900049,249,0,249
120900050,5789,1569,4220
120900051,274,196,78
120900052,447,10,437
120900053,188,178,10
120900054,1887,981,906
120900055,283,2,281
120900056,400,20,380
120900057,112,17,95
120900058,342,0,342
120900059,81,5,76
120900060,89,48,41
120900061,256,463,-207
120900062,225,2,223
120900063,510,5,505
120900064,413,0,413
120900065,306,1,305
120900066,257,424,-167
120900067,191,50,141
120900068,221,0,221
120900069,155,64,91
120900071,11,0,11
120900072,496,3,493
120900073,386,172,214
120900074,403,7,396
120900076,249,0,249
120900077,4708,307,4401
120900078,611,1127,-516
120900079,662,137,525
120900080,568,3179,-2611
120900081,841,1946,-1105
120900082,1035,412,623
120900083,65,3,62
120900084,312,352,-40
120900085,144,193,-49
120900086,241,307,-66
120900087,392,243,149
120900088,252,307,-55
120900089,6599,2218,4381
120900090,109,308,-199
120900091,716,579,137
120900092,1217,1043,174
120900093,5778,403,5375
120900094,667,287,380
120900095,560,76,484
120900096,51,365,-314
120900097,727,1367,-640
120900098,320,208,112
120900099,101,63,38
120900100,67,560,-493
120900101,694,439,255
120900102,28,315,-287
120900103,64,263,-199
120900104,20,43,-23
120900105,71,1150,-1079
120900106,1855,854,1001
120900107,322,170,152
120900108,12,1367,-1355
120900109,65,958,-893
120900110,20,2146,-2126
120900111,171,563,-392
120900112,14,2182,-2168
120900113,31,1339,-1308
120900114,32,237,-205
120900115,191,311,-120
120900116,251,905,-654
120900117,5,946,-941
120900118,14,1376,-1362
120900119,3943,8624,-4681
120900120,47,1066,-1019
120900121,82,624,-542
120900122,400,1108,-708
120900123,7,705,-698
120900124,5,1143,-1138
120900125,7,1871,-1864
120900126,1689,1178,511
120900127,12,849,-837
120900128,1360,1611,-251
120900129,56,424,-368
120900130,1,588,-587
120900131,30,66,-36
120900132,652,508,144
120900133,290,1642,-1352
120900134,769,567,202
120900135,6,954,-948
120900136,15,56,-41
120900137,211,102,109
120900138,19,280,-261
120900139,3,1144,-1141
120900140,2,85,-83
120900141,184,166,18
120900142,25,1278,-1253
120900143,3,1226,-1223
120900144,0,292,-292
120900145,100,1145,-1045
120900146,5,1431,-1426
120900147,0,440,-440
120900148,113,242,-129
120900149,2,581,-579
120900150,27,931,-904
120900151,12,1015,-1003
120900152,0,55,-55
120900153,19,66,-47
120900154,1,538,-537
120900155,162,1683,-1521
120900156,61,579,-518
120900157,72,294,-222
120900158,35,836,-801
120900159,231,472,-241
120900160,40,730,-690
120900161,77,756,-679
120900162,47,832,-785
120900163,44,345,-301
120900164,2,5,-3
120900165,12,11,1
120900166,286,227,59
120900167,684,151,533
120900169,81,814,-733
120900170,4370,2265,2105
120900171,1295,519,776
120900172,2106,385,1721
120900173,3,95,-92
120900174,14,167,-153
120900175,323,269,54
120900176,9,369,-360
120900177,2,1045,-1043
120900178,73,274,-201
120900179,1119,615,504
120900180,123,112,11
120900181,86,97,-11
120900182,28,1594,-1566
120900183,496,317,179
120900184,180,100,80
120900185,3,568,-565
120900186,1,820,-819
120900187,413,1145,-732
120900188,122,22,100
120900189,271,911,-640
120900190,28,16,12
120900191,4,44,-40
120900192,19295,5178,14117
120900194,41,110,-69
120900195,144,289,-145
120900196,1595,63,1532
120900197,528,107,421
120900198,314,891,-577
120900199,289,293,-4
120900200,129,171,-42
120900201,739,144,595
120900202,2,280,-278
120900203,21,82,-61
120900204,231,516,-285
120900205,44,92,-48
120900206,9,27,-18
120900207,75,1891,-1816
121000001,1720,1626,94
121000002,7211,3761,3450
121000003,5259,2663,2596
121000004,3879,12971,-9092
121000005,3130,4038,-908
121000006,5006,2626,2380
121000007,5052,3778,1274
121000008,13500,5643,7857
121000009,9219,8900,319
121000010,15400,11450,3950
121000011,10842,17732,-6890
121000012,20139,16565,3574
121000013,7146,11877,-4731
121000014,9466,11997,-2531
121000015,9017,10525,-1508
121000016,6846,8222,-1376
121000017,2827,4478,-1651
121000018,2620,2492,128
121000019,26124,14178,11946
121000020,15666,15189,477
121000021,3950,4344,-394
121000022,2679,2717,-38
121000023,4951,4472,479
121000024,4172,5028,-856
121000025,975,2023,-1048
121000026,464,209,255
121000027,2145,1129,1016
121000028,1138,601,537
121000029,1665,1008,657
121000030,941,530,411
121000031,971,856,115
121000032,228,101,127
121000034,2021,206,1815
121000035,628,103,525
121000036,2260,1226,1034
121000037,1463,871,592
121000038,1143,980,163
121000039,900,559,341
121000041,666,572,94
121000042,348,444,-96
121000043,1274,929,345
121000044,3237,1142,2095
121000045,409,374,35
121000046,492,1082,-590
121000047,401,338,63
121000049,2602,865,1737
121000050,493,1712,-1219
121000051,1283,360,923
121000052,543,797,-254
121000053,808,140,668
121000054,74,389,-315
121000055,1994,1550,444
121000056,1160,1391,-231
121000057,315,552,-237
121000058,407,125,282
121000059,3242,1958,1284
121000060,619,1213,-594
121000061,844,238,606
121000062,204,357,-153
121000063,1155,760,395
121000064,1172,995,177
121000065,889,447,442
121000066,1050,533,517
121000067,1600,380,1220
121000068,973,352,621
121000069,956,575,381
121000070,3761,1528,2233
121000071,1992,1836,156
121000072,2285,943,1342
121000073,3649,1058,2591
121000074,233,256,-23
121000075,56,123,-67
121000076,1686,452,1234
121000077,277,198,79
121000078,154,138,16
121000080,3153,880,2273
121000081,3669,5955,-2286
121000082,200,310,-110
121000083,436,160,276
121000084,299,150,149
121000085,300,722,-422
121000086,180,1096,-916
121000087,115,319,-204
121000088,578,909,-331
121000089,446,367,79
121000090,808,438,370
121000091,1893,1044,849
121000092,167,114,53
121000093,123,242,-119
121000094,380,869,-489
121000095,414,635,-221
121000096,2638,3089,-451
121000097,1434,2310,-876
121000098,804,1925,-1121
121000099,706,1285,-579
121000100,1129,777,352
121000101,397,383,14
121000102,193,423,-230
121000103,191,360,-169
121000104,238,187,51
121000105,388,249,139
121000106,279,440,-161
121000107,3909,4877,-968
121000109,2146,1406,740
121000110,387,1211,-824
121000114,4072,2838,1234
121000115,1351,1176,175
121000116,537,1322,-785
121000117,1110,419,691
121000118,1957,334,1623
121000119,473,552,-79
121000120,306,569,-263
121000121,715,1327,-612
121000123,1953,660,1293
121000127,309,217,92
121000128,1410,702,708
121000129,762,610,152
121000130,586,1318,-732
121000131,2512,2022,490
121000132,1745,1648,97
121000135,356,275,81
121000136,1412,633,779
121000137,440,231,209
121000138,1194,900,294
121000139,766,103,663
121000141,497,179,318
121000142,1233,1028,205
121000143,115,21,94
121000144,989,2025,-1036
121000145,1009,1746,-737
121000146,2276,1421,855
121000147,1334,799,535
121000148,1439,1512,-73
121000149,4037,1753,2284
121000152,802,1251,-449
121000153,2610,1313,1297
121000154,1161,1988,-827
121000155,2114,1947,167
121000156,491,1826,-1335
121000157,1625,3513,-1888
121000158,355,1225,-870
121000159,254,952,-698
121000160,365,908,-543
121000161,236,449,-213
121000162,94,315,-221
121000165,2218,1898,320
121000166,41,975,-934
121000168,827,562,265
121000169,94,193,-99
121000170,515,504,11
121000171,73,215,-142
121000172,874,721,153
121000173,1688,1295,393
121000174,343,451,-108
121000175,1319,440,879
121000176,593,240,353
121000177,2230,950,1280
121000178,186,70,116
121000179,173,80,93
121000181,424,715,-291
121000182,162,173,-11
121000183,76,56,20
121000184,161,75,86
121000185,59,207,-148
121000186,235,430,-195
121000187,199,257,-58
121000188,291,337,-46
121000192,932,609,323
121000193,836,704,132
121000194,3599,2851,748
121000195,725,1248,-523
121000196,1725,316,1409
121000197,656,896,-240
121000198,934,137,797
121000199,317,607,-290
121000200,833,114,719
121000201,25,282,-257
121000202,3108,122,2986
121000203,992,2556,-1564
121000204,3029,903,2126
121000205,481,451,30
121000206,368,45,323
121000207,2681,580,2101
121000208,14,544,-530
121000209,400,520,-120
121000210,389,985,-596
121000211,526,193,333
121000212,407,1269,-862
121000213,11758,3838,7920
121000214,1075,5090,-4015
121000215,1825,1197,628
121000216,1092,1247,-155
121000217,9341,5165,4176
121000218,1109,2699,-1590
121000219,4217,667,3550
121000220,446,59,387
121000221,249,454,-205
121000222,3861,2906,955
121000223,1581,362,1219
121000224,875,174,701
121000225,4581,1410,3171
121000226,12072,1606,10466
121000227,12,424,-412
121000228,29,931,-902
121000229,386,654,-268
121000230,57,2449,-2392
121000231,888,49,839
121000232,481,419,62
121000233,943,339,604
121000234,42,38,4
121000235,72,52,20
121000236,5,88,-83
121000237,36,23,13
121000238,5,108,-103
121000239,50,8,42
121000240,48,463,-415
121000241,90,6,84
121000242,51,175,-124
121000243,577,119,458
121000244,2,68,-66
121000245,92,29,63
121000246,1,107,-106
121000247,103,3,100
121000248,1245,803,442
121000249,257,335,-78
121000250,897,212,685
121000251,35,618,-583
121000252,144,74,70
121000253,938,703,235
121000254,1673,452,1221
121000255,484,185,299
121000256,847,222,625
121000257,133,98,35
121000258,403,77,326
121000259,159,48,111
121000260,458,258,200
121000261,419,54,365
121000262,1297,1505,-208
121000263,383,534,-151
121000271,408,2511,-2103
121000273,449,15,434
121000274,73,64,9
121000275,7,29,-22
121000276,9,59,-50
121000278,224,108,116
121000279,133,15,118
121000280,280,66,214
121000289,255,33,222
121000290,1852,858,994
121000294,125,205,-80
121000297,1464,1818,-354
121000299,721,245,476
121000300,747,671,76
121000302,233,1456,-1223
121000303,850,635,215
121000304,676,86,590
121000305,158,58,100
121000306,150,153,-3
121000308,266,727,-461
121000309,681,878,-197
121000310,259,483,-224
121000311,126,1118,-992
121000312,451,346,105
121000313,586,1039,-453
121000314,237,134,103
121000315,100,171,-71
121000530,1725,1941,-216
121000531,1636,2045,-409
121000532,7276,6324,952
121000533,2958,4064,-1106
121000918,123,208,-85
121000919,59,64,-5
121000938,540,413,127
121000939,714,399,315
121000956,988,2568,-1580
121000957,5,17,-12
121000958,704,67,637
121000959,893,1184,-291
121000960,3439,2523,916
121000961,229,207,22
121000962,372,1773,-1401
121000963,0,0,0
121000973,1,161,-160
121000976,16,198,-182
121000979,330,128,202
121000981,419,247,172
121000982,352,300,52
121000983,710,511,199
121000984,97,60,37
121000985,535,1178,-643
121000986,460,517,-57
121000987,415,2296,-1881
121000988,997,211,786
121001302,524,265,259
121001308,48,11,37
121001309,273,56,217
121001311,0,0,0
121001313,279,309,-30
121001314,4046,5174,-1128
121001315,5517,3562,1955
121001326,488,549,-61
121900001,138,200,-62
121900002,166,13,153
121900003,362,4,358
121900004,302,414,-112
121900005,23,5,18
121900006,124,30,94
121900007,2803,3390,-587
121900008,918,201,717
121900009,670,29,641
121900010,242,2,240
121900011,236,462,-226
121900012,28,0,28
121900013,2656,55,2601
121900014,1869,525,1344
121900015,205,257,-52
121900016,4,39,-35
121900017,501,691,-190
121900018,294,2,292
121900019,399,400,-1
121900020,74,4,70
121900021,1800,15,1785
121900022,218,292,-74
121900023,88,399,-311
121900024,432,123,309
121900025,601,495,106
121900026,487,60,427
121900027,348,150,198
121900028,339,20,319
121900029,200,215,-15
121900030,823,1169,-346
121900031,2114,11105,-8991
121900032,104,83,21
121900033,195,217,-22
121900034,765,109,656
121900035,3126,2776,350
121900036,138,494,-356
121900037,148,669,-521
121900038,31,154,-123
121900039,533,51,482
121900040,34,106,-72
121900041,86,187,-101
121900042,418,168,250
121900043,10,8,2
121900044,298,96,202
121900046,292,247,45
121900047,219,63,156
121900048,22,141,-119
121900050,10,50,-40
121900051,154,225,-71
121900052,147,50,97
121900053,491,586,-95
121900054,995,1017,-22
121900055,0,7,-7
121900058,572,260,312
121900059,513,194,319
121900060,150,424,-274
121900062,136,99,37
121900063,1624,326,1298
121900064,283,930,-647
121900066,57,20,37
121900067,35,37,-2
121900069,186,126,60
121900070,482,140,342
121900071,238,355,-117
121900072,37,277,-240
121900073,317,226,91
121900074,726,1167,-441
121900075,1621,432,1189
121900076,1151,778,373
121900078,66,37,29
121900079,0,0,0
121900080,969,379,590
121900082,41,177,-136
121900084,11,217,-206
121900086,23,49,-26
121900087,142,113,29
121900088,1827,3580,-1753
121900089,209,523,-314
121900090,15,122,-107
121900091,32,163,-131
121900092,57,81,-24
121900093,66,111,-45
121900094,15,20,-5
121900095,229,168,61
121900096,1928,679,1249
121900097,666,159,507
121900098,1,0,1
121900099,265,66,199
121900100,229,307,-78
121900101,168,129,39
121900102,6,126,-120
121900103,856,222,634
121900104,1250,511,739
121900105,273,231,42
121900106,2,1,1
121900107,62,23,39
121900108,4,41,-37
121900109,530,187,343
121900110,388,1466,-1078
121900111,1025,120,905
121900112,147,103,44
121900113,173,949,-776
121900114,26,102,-76
121900117,205,58,147
121900118,3253,671,2582
121900119,165,153,12
121900120,41,2234,-2193
121900121,856,59,797
121900122,35,48,-13
121900123,290,613,-323
121900124,61,129,-68
121900125,987,1547,-560
121900127,17,109,-92
121900128,115,122,-7
121900129,887,255,632
121900130,285,270,15
121900131,437,81,356
121900132,90,110,-20
121900133,88,514,-426
121900134,98,134,-36
121900135,2758,287,2471
121900136,266,662,-396
121900137,65,469,-404
121900138,162,242,-80
121900139,445,590,-145
121900140,60,202,-142
121900141,93,27,66
121900142,81,162,-81
121900143,8,211,-203
121900144,210,298,-88
121900145,183,231,-48
121900146,719,865,-146
121900147,63,210,-147
121900148,228,348,-120
121900149,511,898,-387
121900150,96,214,-118
121900151,85,334,-249
121900152,129,187,-58
121900153,101,572,-471
121900154,12,253,-241
121900155,0,130,-130
121900156,136,81,55
121900157,2,548,-546
121900158,74,76,-2
121900159,5,293,-288
121900160,127,316,-189
121900161,516,375,141
121900162,109,114,-5
121900163,209,872,-663
121900164,553,239,314
121900165,243,202,41
121900166,243,252,-9
121900167,187,130,57
121900168,233,178,55
121900169,4,430,-426
121900170,10,378,-368
121900171,651,682,-31
121900172,535,322,213
121900173,1156,238,918
121900174,22,60,-38
121900175,477,132,345
121900176,775,2206,-1431
121900177,185,103,82
121900178,75,113,-38
121900179,524,128,396
121900180,6657,4358,2299
121900182,1809,288,1521
121900183,511,795,-284
121900184,43,728,-685
121900186,16,339,-323
121900187,46,157,-111
121900188,681,956,-275
121900189,23,92,-69
121900190,846,743,103
121900191,80,347,-267
121900192,470,889,-419
121900193,81,255,-174
121900194,6,179,-173
121900195,89,76,13
121900196,1468,1835,-367
121900197,512,2616,-2104
121900198,1102,2082,-980
121900199,9,38,-29
121900200,431,268,163
121900201,1325,625,700
121900202,246,584,-338
121900203,201,1265,-1064
121900204,1156,1959,-803
121900205,34,128,-94
121900206,15,17,-2
121900207,214,79,135
121900208,304,284,20
121900209,47,24,23
121900210,2207,1604,603
121900211,444,1517,-1073
121900212,151,154,-3
121900213,119,144,-25
121900214,5,733,-728
121900215,62,77,-15
121900216,175,131,44
121900217,232,107,125
121900218,289,698,-409
121900220,163,15,148
121900221,341,625,-284
121900222,197,164,33
121900223,259,95,164
121900224,94,95,-1
121900225,677,106,571
121900226,301,445,-144
121900227,215,527,-312
121900228,312,599,-287
121900230,244,178,66
121900231,497,927,-430
121900232,499,556,-57
121900233,306,215,91
121900234,497,495,2
121900235,478,300,178
121900236,392,213,179
121900237,267,283,-16
121900238,189,297,-108
121900239,186,25,161
121900240,155,136,19
121900241,34,73,-39
121900242,1,0,1
121900243,15,1,14
121900244,11,1,10
121900245,220,67,153
121900246,3056,483,2573
121900248,1557,1314,243
121900250,208,329,-121
121900251,289,65,224
121900252,612,158,454
121900253,326,1383,-1057
121900254,775,274,501
121900255,274,101,173
121900258,3689,2419,1270
121900259,344,799,-455
121900260,35,207,-172
121900261,198,843,-645
121900262,505,1988,-1483
121900263,144,676,-532
121900264,2634,2560,74
121900265,268,443,-175
121900266,253,229,24
121900267,102,41,61
121900269,202,656,-454
121900270,8,231,-223
121900271,35,158,-123
121900273,1203,3170,-1967
121900274,350,258,92
121900277,452,1423,-971
121900278,369,957,-588
121900279,146,201,-55
121900280,496,412,84
121900281,662,247,415
121900284,72,16,56
121900286,116,174,-58
121900287,13,28,-15
121900288,12,15,-3
121900290,342,381,-39
121900291,623,946,-323
121900292,506,206,300
121900293,1340,4050,-2710
121900294,297,3,294
121900295,68,352,-284
121900296,172,92,80
121900298,716,688,28
121900299,0,0,0
121900300,19,0,19
121900301,104,4,100
121900302,1,44,-43
121900303,1079,501,578
121900304,20,7,13
121900305,2,2,0
121900306,82,1,81
121900307,17,1,16
121900308,35,315,-280
121900309,19,266,-247
121900310,44,516,-472
121900311,374,23,351
121900312,183,18,165
121900313,520,17,503
121900314,3,88,-85
121900315,19,0,19
121900316,1,49,-48
121900317,2,1,1
121900318,1,10,-9
121900319,22,204,-182
121900320,66,67,-1
121900321,9,2,7
121900322,0,18,-18
121900323,37,19,18
121900324,18,96,-78
121900325,3,1,2
121900326,0,10,-10
121900327,0,30,-30
121900328,0,5,-5
121900329,0,80,-80
121900330,1,40,-39
121900331,8,14,-6
121900332,128,42,86
121900333,53,3,50
121900334,290,139,151
122000001,2993,5537,-2544
122000002,6607,2210,4397
122000003,2197,2613,-416
122000004,3864,1924,1940
122000005,3746,1702,2044
122000006,3561,883,2678
122000007,2009,2414,-405
122000008,7062,7154,-92
122000009,666,441,225
122000010,2597,4860,-2263
122000011,3681,1710,1971
122000012,2075,1482,593
122000013,5316,2016,3300
122000014,2433,4180,-1747
122000015,2031,1278,753
122000016,777,955,-178
122000017,1394,1419,-25
122000018,1689,1244,445
122000019,1298,1902,-604
122000020,171,258,-87
122000021,772,457,315
122000022,2159,2213,-54
122000023,893,4991,-4098
122000024,1421,1252,169
122000025,3718,1601,2117
122000026,1943,1022,921
122000027,764,8264,-7500
122000028,898,580,318
122000029,734,405,329
122000030,360,210,150
122000031,362,442,-80
122000032,3328,5483,-2155
122000033,1955,1265,690
122000034,1677,933,744
122000035,420,1606,-1186
122000036,743,659,84
122000037,370,324,46
122000038,349,431,-82
122000039,789,740,49
122000040,407,1284,-877
122000041,868,604,264
122000042,707,546,161
122000043,140,261,-121
122000044,142,288,-146
122000045,2559,712,1847
122000046,1382,1720,-338
122000047,469,278,191
122000048,4718,6690,-1972
122000049,7977,3009,4968
122000050,2982,910,2072
122000051,894,462,432
122000052,913,409,504
122000053,289,741,-452
122000054,3294,2366,928
122000055,4355,3390,965
122000056,6313,5978,335
122000057,4316,4610,-294
122000058,6093,1398,4695
122000059,4326,1994,2332
122000060,1004,768,236
122000061,675,485,190
122000062,2045,318,1727
122000063,1858,864,994
122000064,6930,3203,3727
122000065,9890,3224,6666
122000066,935,519,416
122000067,5275,1628,3647
122000068,2042,2958,-916
122000069,1866,1168,698
122000070,987,8984,-7997
122000071,1400,3223,-1823
122000072,480,556,-76
122000073,691,732,-41
122000074,3837,2042,1795
122000075,752,3114,-2362
122000076,2311,1475,836
122000077,1965,734,1231
122000078,3386,2905,481
122000079,2722,1152,1570
122000080,1883,495,1388
122000081,307,510,-203
122000082,1194,833,361
122000083,1765,5318,-3553
122000084,1770,1083,687
122000085,382,4434,-4052
122000086,2934,9449,-6515
122000087,572,255,317
122000088,326,408,-82
122000089,11255,6391,4864
122000090,410,629,-219
122000091,892,61,831
122000092,534,25,509
122000093,4585,1032,3553
122000094,12063,2265,9798
122000095,4333,3684,649
122000096,3525,2852,673
122000098,3950,2082,1868
122000099,6961,808,6153
122000100,1900,1174,726
122000101,307,2386,-2079
122000102,2351,1263,1088
122000103,2749,1661,1088
122000104,490,229,261
122000105,525,276,249
122000106,580,518,62
122000107,1143,759,384
122000108,469,837,-368
122000109,407,624,-217
122000110,388,507,-119
122000111,3706,1375,2331
122000112,1092,2097,-1005
122000113,996,969,27
122000114,8357,2151,6206
122000115,1736,4343,-2607
122000116,556,606,-50
122000117,1575,517,1058
122000118,467,896,-429
122000119,3626,2701,925
122000120,2789,4978,-2189
122000121,3582,3372,210
122000122,1067,1810,-743
122000123,2457,2282,175
122000124,1296,708,588
122000125,679,790,-111
122000126,852,1290,-438
122000127,1632,1361,271
122000128,941,1084,-143
122000129,527,2153,-1626
122000130,3718,1529,2189
122000131,1640,1739,-99
122000132,1035,653,382
122000133,1477,2396,-919
122000134,877,813,64
122000135,845,869,-24
122000136,887,675,212
122000137,1869,1071,798
122000139,3776,5481,-1705
122000140,3101,695,2406
122000141,6615,1489,5126
122000142,974,981,-7
122000143,703,734,-31
122000144,2353,1735,618
122000145,3568,868,2700
122000146,1051,1260,-209
122000147,1733,635,1098
122000148,3757,1359,2398
122000149,2273,1906,367
122000150,1758,1386,372
122000151,339,467,-128
122000152,531,462,69
122000153,530,414,116
122000154,379,256,123
122000155,1673,3195,-1522
122000156,1563,2071,-508
122000157,2489,1260,1229
122000158,561,692,-131
122000159,1570,2391,-821
122000160,4445,2824,1621
122000161,1242,1219,23
122000162,2322,2228,94
122000163,259,92,167
122000164,49,71,-22
122000165,1057,928,129
122000166,1935,2091,-156
122000167,193,231,-38
122000168,297,781,-484
122000169,949,241,708
122000170,327,375,-48
122000171,35,67,-32
122000172,1515,2248,-733
122000173,1452,2699,-1247
122000174,3459,1073,2386
122000175,1575,429,1146
122000176,436,828,-392
122000177,1981,1668,313
122000178,3941,6623,-2682
122000179,2374,3892,-1518
122000180,1959,1562,397
122000181,2722,3925,-1203
122000182,2411,2054,357
122000183,2353,1962,391
122000184,2363,2495,-132
122000185,1084,1460,-376
122000186,870,942,-72
122000187,3867,1649,2218
122000188,649,305,344
122000189,337,595,-258
122000190,2012,1535,477
122000191,1865,949,916
122000192,1390,439,951
122000193,560,649,-89
122000194,1473,307,1166
122000195,540,484,56
122000196,1098,675,423
122000197,564,651,-87
122000198,1019,910,109
122000199,706,461,245
122000200,2346,1410,936
122000201,1255,1792,-537
122000202,1236,1206,30
122000203,3269,1731,1538
122000204,1998,2595,-597
122000205,1759,2474,-715
122000206,3415,1150,2265
122000207,2062,1582,480
122000208,5459,2079,3380
122000209,5645,572,5073
122000210,3880,2586,1294
122000211,3417,1267,2150
122000212,1364,720,644
122000213,1825,1727,98
122000214,2833,2899,-66
122000215,2414,1873,541
122000217,3711,1616,2095
122000218,1438,201,1237
122000219,2157,1312,845
122000220,462,791,-329
122000221,188,739,-551
122000222,712,196,516
122000223,1752,503,1249
122000225,1178,345,833
122000226,1931,2911,-980
122000227,622,5273,-4651
122000228,501,444,57
122000229,45,601,-556
122000230,66,923,-857
122000231,358,1067,-709
122000232,987,1371,-384
122000233,2,140,-138
122000234,339,256,83
122000235,1147,276,871
122000236,840,194,646
122000237,107,121,-14
122000238,295,380,-85
122000239,607,211,396
122000240,1919,561,1358
122000241,1614,601,1013
122000242,690,103,587
122000243,276,115,161
122000244,62,757,-695
122000245,133,485,-352
122000246,377,363,14
122000247,734,1179,-445
122000248,2215,2982,-767
122000249,993,1166,-173
122000250,2473,1735,738
122000251,278,560,-282
122000252,659,139,520
122000253,42,330,-288
122000254,227,143,84
122000255,913,2270,-1357
122000256,524,2199,-1675
122000257,168,540,-372
122000258,237,316,-79
122000259,16,973,-957
122000260,265,759,-494
122000261,8,344,-336
122000262,1,77,-76
122000263,266,129,137
122000264,2265,731,1534
122000265,5334,1149,4185
122000266,11191,799,10392
122000267,158,155,3
122000268,289,543,-254
122000269,1850,398,1452
122000270,3874,198,3676
122000271,1072,1421,-349
122000272,457,1408,-951
122000273,567,601,-34
122000274,271,353,-82
122000275,155,323,-168
122000276,846,849,-3
122000277,1274,1936,-662
122000278,1466,1252,214
122000279,228,562,-334
122000280,1302,962,340
122000281,1096,999,97
122000282,190,213,-23
122000283,368,108,260
122000284,172,122,50
122000285,515,120,395
122000286,147,232,-85
122000287,1195,1887,-692
122000288,576,366,210
122000291,1714,752,962
122000293,522,303,219
122000294,160,310,-150
122000295,2235,293,1942
122000296,82,801,-719
122000297,4086,3920,166
122000299,412,573,-161
122000300,684,826,-142
122000301,20893,3665,17228
122000302,1221,1866,-645
122000303,6072,1725,4347
122000304,77,307,-230
122000305,1111,1337,-226
122000306,64,1053,-989
122000307,194,199,-5
122000309,147,104,43
122000310,70,90,-20
122000311,318,243,75
122000312,256,116,140
122000313,79,60,19
122000314,237,354,-117
122000315,317,24,293
122000316,642,257,385
122000317,1464,391,1073
122000318,282,605,-323
122000319,346,1010,-664
122000320,493,3297,-2804
122000321,288,460,-172
122000322,2933,5783,-2850
122000323,1934,3113,-1179
122000324,1987,2226,-239
122000325,1091,1946,-855
122000326,86,150,-64
122000327,667,1091,-424
122000328,2285,1005,1280
122000330,2806,842,1964
122000333,14,297,-283
122000337,960,2351,-1391
122000338,485,498,-13
122000340,880,380,500
122000342,4003,1412,2591
122000343,550,2127,-1577
122000344,74,34,40
122000345,25,115,-90
122000346,305,810,-505
122000348,708,907,-199
122000349,122,887,-765
122000351,129,341,-212
122000352,353,182,171
122000353,115,148,-33
122000355,205,202,3
122000356,4248,993,3255
122000357,61,16,45
122000358,1,93,-92
122000359,0,33,-33
122000360,0,56,-56
122000362,10,150,-140
122000364,104,459,-355
122000365,4,49,-45
122000366,20,8,12
122000368,766,811,-45
122000370,20,64,-44
122000371,17,0,17
122000372,5,4,1
122000381,75,569,-494
122000382,103,325,-222
122000384,7918,3116,4802
122000385,36,0,36
122000386,2375,1815,560
122000387,2224,652,1572
122000388,5972,698,5274
122000389,429,733,-304
122000390,1151,279,872
122000391,655,119,536
122000392,227,255,-28
122000393,219,436,-217
122000394,705,341,364
122000395,195,225,-30
122000396,532,155,377
122000397,113,159,-46
122000398,67,93,-26
122000399,141,85,56
122000400,343,503,-160
122000401,188,134,54
122000402,319,207,112
122000403,520,1521,-1001
122000404,147,495,-348
122000408,1054,1770,-716
122000503,22,262,-240
122000524,160,114,46
122000544,113,7922,-7809
122000614,798,667,131
122000616,359,2,357
122000640,55,232,-177
122000641,77,444,-367
122000642,1307,1361,-54
122000643,27,232,-205
122000644,227,30,197
122000645,103,418,-315
122000651,4051,883,3168
122000664,382,50,332
122000665,1045,621,424
122000666,658,1494,-836
122000673,78,515,-437
122000674,156,65,91
122000675,2222,2087,135
122000686,491,1696,-1205
122000687,3739,405,3334
122000688,230,1096,-866
122000689,1057,808,249
122000690,1254,815,439
122000691,447,3548,-3101
122000692,1478,426,1052
122000693,488,2471,-1983
122000695,381,711,-330
122000696,385,430,-45
122000698,294,1189,-895
122000699,196,82,114
122000701,1600,441,1159
122000702,603,2848,-2245
122000703,225,111,114
122000712,0,0,0
122000717,339,77,262
122000718,1351,3067,-1716
122000719,240,67,173
122000720,437,396,41
122000724,317,516,-199
122900001,28,7,21
122900002,1772,5462,-3690
122900003,595,47,548
122900004,836,41,795
122900005,78,48,30
122900006,859,351,508
122900007,226,34,192
122900008,799,36,763
122900009,1100,552,548
122900010,239,224,15
122900012,216,288,-72
122900014,168,375,-207
122900015,3142,761,2381
122900016,224,368,-144
122900017,891,1074,-183
122900018,546,18,528
122900020,458,478,-20
122900021,88,925,-837
122900022,536,1220,-684
122900023,288,226,62
122900024,153,116,37
122900025,24,179,-155
122900026,188,343,-155
122900027,125,1133,-1008
122900028,188,197,-9
122900029,6232,4372,1860
122900030,2104,529,1575
122900031,368,267,101
122900032,96,400,-304
122900033,209,169,40
122900034,5199,11294,-6095
122900035,49,14,35
122900036,73,371,-298
122900037,777,117,660
122900038,281,4408,-4127
122900039,82,603,-521
122900040,616,371,245
122900041,214,173,41
122900042,228,288,-60
122900043,881,262,619
122900044,183,396,-213
122900045,118,119,-1
122900046,117,115,2
122900047,861,299,562
122900048,40,386,-346
122900049,2537,167,2370
122900051,181,157,24
122900052,86,225,-139
122900053,24,27,-3
122900055,471,158,313
122900057,538,33,505
122900061,519,171,348
122900062,495,593,-98
122900063,215,385,-170
122900064,1302,673,629
122900065,815,148,667
122900066,615,286,329
122900067,1837,1049,788
122900069,269,1687,-1418
122900070,368,61,307
122900071,202,565,-363
122900073,37,411,-374
122900074,568,749,-181
122900075,1,118,-117
122900076,12,312,-300
122900077,5,211,-206
122900078,129,124,5
122900080,84,40,44
122900081,725,242,483
122900082,1098,293,805
122900083,209,159,50
122900084,5,354,-349
122900086,29,37,-8
122900087,208,495,-287
122900088,64,99,-35
122900089,119,325,-206
122900090,15,882,-867
122900091,275,2,273
122900092,153,440,-287
122900093,1,463,-462
122900094,4,317,-313
122900095,163,6,157
122900096,150,289,-139
122900097,85,20,65
122900098,135,133,2
122900099,38,10,28
122900100,489,278,211
122900101,1275,392,883
122900102,22,23,-1
122900103,158,17,141
122900104,81,3,78
122900105,9,3,6
122900106,2,129,-127
122900107,7,349,-342
122900108,6,449,-443
122900109,232,187,45
123000001,2969,544,2425
123000002,8637,4551,4086
123000003,5560,5475,85
123000004,4004,6378,-2374
123000005,3540,5122,-1582
123000006,3363,4150,-787
123000007,4824,4632,192
123000008,3757,5507,-1750
123000009,7182,4619,2563
123000010,5178,5011,167
123000011,10470,1516,8954
123000012,2525,3466,-941
123000013,6166,1343,4823
123000014,2404,5617,-3213
123000015,7261,1337,5924
123000016,9335,4950,4385
123000017,4280,1791,2489
123000018,50,135,-85
123000019,189,378,-189
123000020,110,142,-32
123000021,63,271,-208
123000022,627,2504,-1877
123000023,1978,1825,153
123000024,2427,849,1578
123000025,422,178,244
123000026,18,151,-133
123000027,394,274,120
123000028,1217,201,1016
123000029,1413,394,1019
123000030,570,692,-122
123000031,117,533,-416
123000032,324,383,-59
123000033,686,115,571
123000034,1298,1008,290
123000035,325,509,-184
123000036,277,1165,-888
123000037,265,432,-167
123000038,232,418,-186
123000039,661,1711,-1050
123000040,1686,407,1279
123000041,2086,1027,1059
123000042,2062,612,1450
123000043,3023,6411,-3388
123000044,7649,2757,4892
123000045,11473,2805,8668
123000046,1383,1878,-495
123000047,2085,1249,836
123000048,65,657,-592
123000049,5001,7480,-2479
123000050,1246,1965,-719
123000051,132,365,-233
123000052,820,4350,-3530
123000053,2653,4471,-1818
123000054,1785,2056,-271
123000055,1179,2406,-1227
123000056,1844,2428,-584
123000057,15716,4848,10868
123000058,669,492,177
123000059,189,240,-51
123000060,735,614,121
123000061,201,706,-505
123000063,947,1151,-204
123000064,3902,1423,2479
123000065,8366,4446,3920
123000066,975,1070,-95
123000067,969,799,170
123000068,4422,4738,-316
123000069,8165,4822,3343
123000070,196,213,-17
123000071,2377,1820,557
123000072,1471,1934,-463
123000073,1352,1258,94
123000074,1204,2099,-895
123000075,765,1780,-1015
123000076,938,1592,-654
123000077,4050,5015,-965
123000078,1469,2982,-1513
123000079,1703,3309,-1606
123000080,3487,3479,8
123000081,316,1250,-934
123000082,1073,2062,-989
123000083,1677,750,927
123000084,3079,1665,1414
123000085,3884,1886,1998
123000086,1001,1029,-28
123000087,795,702,93
123000088,2239,1561,678
123000089,599,2324,-1725
123000090,1825,1724,101
123000091,2248,2327,-79
123000092,1747,1941,-194
123000094,990,790,200
123000095,477,1133,-656
123000096,778,601,177
123000097,642,1491,-849
123000098,702,904,-202
123000099,862,1275,-413
123000100,584,817,-233
123000101,620,845,-225
123000102,777,838,-61
123000104,548,671,-123
123000105,719,624,95
123000106,746,757,-11
123000107,525,805,-280
123000108,998,1983,-985
123000111,2420,1492,928
123000112,885,1211,-326
123000113,1561,2788,-1227
123000114,721,890,-169
123000115,295,440,-145
123000116,25,294,-269
123000117,2181,2979,-798
123000118,672,1254,-582
123000119,409,1417,-1008
123000120,1651,1917,-266
123000121,749,811,-62
123000122,644,306,338
123000123,659,966,-307
123000124,886,653,233
123000125,1445,1632,-187
123000126,2024,3668,-1644
123000127,1631,1081,550
123000128,563,673,-110
123000129,673,336,337
123000130,747,141,606
123000131,1062,855,207
123000132,596,907,-311
123000133,451,608,-157
123000134,733,410,323
123000135,3169,3795,-626
123000136,283,1616,-1333
123000137,161,527,-366
123000138,160,600,-440
123000139,734,246,488
123000140,158,1022,-864
123000141,1073,146,927
123000142,1546,1512,34
123000143,2504,3728,-1224
123000144,52,41,11
123000145,295,116,179
123000146,115,127,-12
123000147,168,170,-2
123000149,897,543,354
123000150,592,398,194
123000151,590,727,-137
123000152,125,452,-327
123000153,270,963,-693
123000154,2929,3334,-405
123000155,3333,1133,2200
123000156,82,188,-106
123000157,961,1135,-174
123000158,897,1260,-363
123000159,5380,3448,1932
123000160,1684,1566,118
123000161,1440,1627,-187
123000162,586,1530,-944
123000163,661,456,205
123000164,1093,361,732
123000165,352,1767,-1415
123000166,40,231,-191
123000167,154,376,-222
123000168,188,418,-230
123000169,847,157,690
123000170,97,442,-345
123000171,535,69,466
123000172,211,894,-683
123000173,788,343,445
123000174,1149,405,744
123000175,1017,1631,-614
123000176,889,401,488
123000177,386,1302,-916
123000178,1472,583,889
123000179,17,428,-411
123000180,1684,451,1233
123000181,580,2474,-1894
123000182,244,554,-310
123000183,168,675,-507
123000184,173,988,-815
123000185,498,677,-179
123000186,1,839,-838
123000187,598,5,593
123000188,315,9,306
123000189,37,323,-286
123000190,4,64,-60
123000192,33,851,-818
123000193,64,1163,-1099
123000194,712,521,191
123000195,689,69,620
123000196,176,23,153
123000197,84,19,65
123000198,10,200,-190
123000199,4,503,-499
123000200,456,12,444
123000201,410,11,399
123000202,9,964,-955
123000203,835,52,783
123000204,51,791,-740
123000205,556,2934,-2378
123000206,2160,291,1869
123000207,115,926,-811
123000208,794,554,240
123000209,3117,939,2178
123000210,377,1940,-1563
123000211,594,3122,-2528
123000212,3643,741,2902
123000213,1201,146,1055
123000215,220,286,-66
123000216,275,1691,-1416
123000217,230,39,191
123000218,123,642,-519
123000219,1294,143,1151
123000220,674,119,555
123000221,252,163,89
123000222,583,611,-28
123000223,179,841,-662
123000224,617,1032,-415
123000225,288,88,200
123000226,61,337,-276
123000227,84,459,-375
123000228,283,74,209
123000229,2080,2566,-486
123000232,110,873,-763
123000233,1120,286,834
123000234,246,962,-716
123000235,793,424,369
123000236,256,1091,-835
123000237,336,70,266
123000238,95,876,-781
123000239,670,2386,-1716
123000240,70,512,-442
123000241,1642,200,1442
123000242,106,236,-130
123000243,1036,1220,-184
123000244,1216,813,403
123000245,85,175,-90
123000249,686,1562,-876
123000252,1129,267,862
123000253,1062,572,490
123000254,586,1416,-830
123000255,1212,982,230
123000256,145,1142,-997
123000257,3489,3323,166
123000258,1394,2260,-866
123000259,336,564,-228
123000260,445,718,-273
123000261,154,249,-95
123000262,164,358,-194
123000263,458,128,330
123000264,229,67,162
123000265,80,256,-176
123000266,601,1037,-436
123000267,476,368,108
123000268,42,100,-58
123000269,37,70,-33
123000270,30,63,-33
123000271,127,93,34
123000272,1188,432,756
123000273,402,729,-327
123000274,1644,703,941
123000275,363,1353,-990
123000278,4965,4478,487
123000279,160,237,-77
123000280,541,481,60
123000281,533,128,405
123000282,260,401,-141
123000283,89,81,8
123000284,58,151,-93
123000286,445,379,66
123000287,825,359,466
123000288,2052,851,1201
123000289,864,1234,-370
123000291,417,1115,-698
123000294,448,384,64
123000295,1088,1103,-15
123000296,471,396,75
123000297,619,1624,-1005
123000298,597,900,-303
123000299,149,701,-552
123000300,3211,1588,1623
123000301,207,303,-96
123000302,82,312,-230
123000303,370,117,253
123000305,1753,1266,487
123000306,94,344,-250
123000309,63,86,-23
123000310,105,57,48
123000311,378,250,128
123000312,1517,1417,100
123000313,450,735,-285
123000315,55,481,-426
123000316,3681,461,3220
123000317,346,57,289
123000318,80,379,-299
123000329,17,13,4
123000337,813,429,384
123000338,621,81,540
123000339,244,318,-74
123000340,247,806,-559
123000342,63,276,-213
123000343,190,6,184
123000344,1468,615,853
123000345,329,804,-475
123000346,514,121,393
123000352,2904,1079,1825
123000353,19,233,-214
123000354,685,28,657
123000355,1,803,-802
123000356,305,9,296
123000357,2,393,-391
123000359,5,238,-233
123000360,206,151,55
123000361,824,374,450
123000362,302,118,184
123000363,75,213,-138
123000364,1031,776,255
123000365,38,449,-411
123000366,379,2368,-1989
123000367,648,2726,-2078
123000370,46,488,-442
123000371,387,58,329
123000372,310,42,268
123000373,9,544,-535
123000374,7,306,-299
123000375,234,40,194
123000376,1362,944,418
123000377,272,20,252
123000378,16,554,-538
123000379,1,277,-276
123000380,104,394,-290
123000381,389,47,342
123000382,1477,112,1365
123000383,383,1420,-1037
123000384,722,92,630
123000385,632,1006,-374
123000436,162,1361,-1199
123000507,259,895,-636
123000508,338,986,-648
123000517,412,42,370
123000518,38,407,-369
123000519,140,98,42
123000520,63,304,-241
123000521,461,147,314
123000522,199,658,-459
123000541,1,0,1
123000542,0,39,-39
123000565,590,28,562
123000566,177,1203,-1026
123000567,137,357,-220
123000573,51,1383,-1332
123000574,589,97,492
123000575,1552,1559,-7
123000576,764,3138,-2374
123000577,186,1123,-937
123000578,1121,93,1028
123000579,6147,6746,-599
123000580,113,21,92
123000582,495,34,461
123000583,13,567,-554
123000584,387,504,-117
123000585,0,193,-193
123000586,123,0,123
123000596,224,237,-13
123000597,92,208,-116
123000602,38,5,33
123000603,464,1356,-892
123000604,671,1511,-840
123000605,1440,19,1421
123000606,1,505,-504
123000609,20,469,-449
123000610,211,138,73
123000613,46,292,-246
123000614,201,64,137
123000615,66,384,-318
123000616,486,72,414
123000617,123,627,-504
123000618,90,850,-760
123000619,879,52,827
123000620,13,754,-741
123000622,336,8,328
123000624,139,121,18
123000630,902,605,297
123000631,437,3290,-2853
123000632,3233,2711,522
123000633,1,687,-686
123000634,189,136,53
123000635,328,151,177
123000636,22,1133,-1111
123000637,233,74,159
123000638,778,135,643
123000639,1222,4153,-2931
123000640,32,1328,-1296
123000648,2203,875,1328
123000649,363,1547,-1184
123000650,134,99,35
123000651,30,301,-271
123000652,150,4,146
123000653,0,0,0
123900001,1782,89,1693
123900002,47,1648,-1601
123900003,493,921,-428
123900005,444,155,289
123900006,632,113,519
124000001,2131,150,1981
124000002,171,2530,-2359
124000003,660,202,458
124000004,85,890,-805
124000005,969,398,571
124000006,392,1645,-1253
124000007,775,116,659
124000008,38,966,-928
124000009,562,339,223
124000010,192,877,-685
124000011,1908,425,1483
124000012,624,911,-287
124000017,185,163,22
124000018,121,111,10
124000019,142,128,14
124000020,48,223,-175
124000021,191,105,86
124000022,97,292,-195
124000023,1389,262,1127
124000024,1438,892,546
124000025,950,677,273
124000026,946,805,141
124000027,1581,930,651
124000028,3024,1321,1703
124000031,1494,2198,-704
124000032,5341,1653,3688
124000033,1183,820,363
124000034,1471,1637,-166
124000035,359,176,183
124000036,196,902,-706
124000037,479,953,-474
124000038,51,124,-73
124000039,1230,437,793
124000040,697,898,-201
124000041,380,157,223
124000042,66,578,-512
124000043,146,181,-35
124000044,81,356,-275
124000045,680,744,-64
124000046,331,1201,-870
124000047,1387,1284,103
124000048,1057,2526,-1469
124000049,1651,999,652
124000050,794,3073,-2279
124000051,889,683,206
124000052,734,1705,-971
124000053,556,1528,-972
124000054,1121,956,165
124000055,1531,2487,-956
124000056,5330,1857,3473
124000057,1077,669,408
124000058,530,2074,-1544
124000059,592,1121,-529
124000060,1493,1274,219
124000061,1799,5062,-3263
124000062,10523,2700,7823
124000063,1667,3003,-1336
124000064,3858,2503,1355
124000065,612,520,92
124000066,562,96,466
124000067,144,238,-94
124000068,65,146,-81
124000069,553,352,201
124000070,195,625,-430
124000071,218,161,57
124000072,246,543,-297
124000073,1087,159,928
124000074,334,986,-652
124000075,232,73,159
124000076,12,307,-295
124000077,2098,825,1273
124000078,2676,1380,1296
124000079,656,1246,-590
124000080,427,164,263
124000081,153,1063,-910
124000082,71,205,-134
124000083,101,363,-262
124000084,145,464,-319
124000085,101,77,24
124000086,114,174,-60
124000087,158,124,34
124000088,219,474,-255
124000089,736,445,291
124000090,241,499,-258
124000091,1338,273,1065
124000092,356,1069,-713
124000093,126,172,-46
124000094,145,637,-492
124000095,73,89,-16
124000096,95,362,-267
124000097,137,186,-49
124000098,58,210,-152
124000099,255,154,101
124000100,82,145,-63
124000101,92,141,-49
124000102,149,137,12
124000103,119,154,-35
124000104,230,145,85
124000105,87,113,-26
124000106,308,189,119
124000107,27,159,-132
124000108,101,72,29
124000109,135,84,51
124000110,284,231,53
124000111,290,205,85
124000112,835,1259,-424
124000113,96,125,-29
124000114,350,870,-520
124000115,564,1174,-610
124000116,119,180,-61
124000117,143,153,-10
124000118,41,85,-44
124000119,2664,836,1828
124000120,1502,744,758
124000121,3623,1089,2534
124000122,651,1697,-1046
124000123,993,619,374
124000124,721,1498,-777
124000125,442,555,-113
124000126,454,823,-369
124000127,975,470,505
124000128,683,1189,-506
124000129,2178,1787,391
124000130,993,904,89
124000131,1469,578,891
124000132,1294,1108,186
124000133,1114,1118,-4
124000134,865,1215,-350
124000135,1896,1981,-85
124000136,1138,1443,-305
124000137,1543,779,764
124000138,1884,1440,444
124000139,1204,70,1134
124000140,123,880,-757
124000141,640,30,610
124000142,61,950,-889
124000143,92,22,70
124000144,6,323,-317
124000145,120,37,83
124000146,23,165,-142
124000148,20,109,-89
124000149,1094,449,645
124000150,424,733,-309
124000151,844,494,350
124000152,1009,1817,-808
124000153,707,751,-44
124000154,467,1143,-676
124000155,1277,1034,243
124000156,2188,1189,999
124000169,394,849,-455
124000170,1139,599,540
124000171,470,457,13
124000172,649,757,-108
124000173,550,512,38
124000174,452,1019,-567
124000175,11,144,-133
124000176,43,13,30
124000177,10,46,-36
124000178,33,34,-1
124000185,66,16,50
124000186,8,154,-146
124000187,10,222,-212
124000188,38,18,20
124000190,274,35,239
124000191,1913,187,1726
124000192,3128,356,2772
124000193,738,1123,-385
124000194,553,674,-121
124000195,317,645,-328
124000196,1892,1600,292
124000197,54,96,-42
124000198,22,44,-22
124000201,262,1397,-1135
124000202,624,211,413
124000203,228,1224,-996
124000204,499,746,-247
124000205,43,783,-740
124000206,412,456,-44
124000207,0,47,-47
124000209,334,745,-411
124000210,289,199,90
124000211,465,3,462
124000212,1,698,-697
124000213,249,578,-329
124000214,241,920,-679
124000215,356,18,338
124000216,4,714,-710
124000329,127,2889,-2762
124000338,74,1486,-1412
124000339,558,107,451
124000341,1046,75,971
124000344,135,89,46
124000357,1842,5117,-3275
124000358,2013,3704,-1691
124000359,1331,1107,224
124000360,806,777,29
124000361,2750,862,1888
124000362,1977,1982,-5
124000363,377,591,-214
124000364,784,1246,-462
124000365,844,1430,-586
124000366,2723,1983,740
124000367,165,614,-449
124000368,552,355,197
124000369,239,224,15
124000370,88,728,-640
124000402,18,14,4
124000403,64,10,54
124000404,8,133,-125
124000405,999,870,129
124000406,1097,1105,-8
124000407,7,35,-28
124000411,5,472,-467
124000412,395,20,375
124000413,1010,54,956
124000414,90,185,-95
124000415,71,289,-218
124000416,165,516,-351
124000417,140,164,-24
124000418,137,177,-40
124000419,55,309,-254
124000420,64,128,-64
124000421,43,420,-377
124000422,68,27,41
124000423,223,64,159
124000424,7,229,-222
124000425,107,21,86
124000426,4,319,-315
124000427,124,7,117
124000428,96,34,62
124000429,15,75,-60
124000430,835,716,119
124000431,394,740,-346
124000432,174,1533,-1359
124000439,7,11,-4
124000443,0,5,-5
124000445,593,1107,-514
124000446,4123,225,3898
124000447,36,195,-159
124000448,71,15,56
124000449,124,8,116
124000450,20,657,-637
124000451,6,421,-415
124000452,363,100,263
124000453,3393,5029,-1636
124000454,4413,6161,-1748
124900001,425,356,69
124900002,172,592,-420
124900003,959,764,195
124900004,501,538,-37
124900005,349,279,70
124900006,534,549,-15
124900008,1546,578,968
124900009,158,298,-140
124900010,124,61,63
124900011,394,339,55
124900012,464,111,353
124900013,413,161,252
124900014,281,112,169
124900015,203,221,-18
124900016,52,71,-19
124900017,765,1141,-376
124900018,32,17,15
124900020,73,91,-18
124900021,144,51,93
124900022,47,17,30
124900024,240,61,179
124900026,205,2,203
124900027,133,308,-175
124900028,804,156,648
124900029,12,488,-476
124900030,9,217,-208
124900031,28,460,-432
124900032,183,189,-6
124900033,99,446,-347
124900034,3,78,-75
124900035,231,549,-318
124900036,0,48,-48
124900037,177,472,-295
124900038,266,495,-229
124900039,0,29,-29
124900040,130,97,33
124900041,383,1563,-1180
124900042,142,1,141
124900043,520,1493,-973
124900044,177,3,174
124900045,589,1113,-524
124900047,152,204,-52
124900048,188,200,-12
124900050,192,370,-178
124900052,127,361,-234
124900053,105,414,-309
124900054,3930,496,3434
124900055,0,136,-136
124900057,21,184,-163
124900060,75,319,-244
124900061,46,9,37
124900062,111,10,101
124900066,0,19,-19
124900067,17,264,-247
124900068,217,424,-207
124900070,68,133,-65
124900072,61,47,14
124900075,138,244,-106
124900076,15,763,-748
124900077,17,103,-86
124900078,79,20,59
124900079,1146,265,881
124900080,265,1054,-789
124900081,993,327,666
124900082,414,1532,-1118
124900083,244,765,-521
124900085,1452,210,1242
124900086,75,1260,-1185
124900087,619,83,536
124900088,633,164,469
124900089,1699,35,1664
124900090,222,258,-36
124900091,326,674,-348
124900092,314,527,-213
124900093,331,226,105
124900094,330,309,21
124900095,93,468,-375
124900096,652,234,418
124900097,223,108,115
124900098,107,581,-474
124900099,669,510,159
124900100,213,115,98
124900101,49,151,-102
124900102,200,60,140
124900103,218,424,-206
124900104,70,338,-268
124900105,116,213,-97
124900106,320,50,270
124900107,72,21,51
124900108,206,79,127
124900111,3,88,-85
124900112,107,802,-695
124900113,155,335,-180
124900114,271,157,114
124900115,59,48,11
124900116,142,140,2
124900117,1156,130,1026
124900118,197,240,-43
124900119,394,200,194
124900120,49,502,-453
124900121,145,286,-141
124900122,587,298,289
124900123,465,123,342
124900124,211,354,-143
124900125,238,0,238
124900126,1,365,-364
204000001,86,30,56
204000002,49,34,15
204000003,71,9,62
204000004,11,1,10
204000005,765,998,-233
204000006,1621,3330,-1709
204000011,9,103,-94
204000012,92,151,-59
204000019,791,748,43
204000020,868,1228,-360
204000021,3068,1124,1944
204000022,594,663,-69
204000023,625,1677,-1052
204000031,236,30,206
204000032,875,53,822
204000034,48,296,-248
204000035,4,3,1
204000036,12,21,-9
204000037,6,32,-26
204000038,1,32,-31
204000039,7,59,-52
204000040,4,49,-45
204000041,14,41,-27
204000042,101,23,78
204000043,29,10,19
204000044,21,5,16
204000045,57,6,51
204000046,21,0,21
204000057,5,35,-30
204000062,42,207,-165
204000068,93,371,-278
204000069,56,416,-360
204000070,105,202,-97
204000080,51,70,-19
204000085,1947,2518,-571
204000086,4335,3534,801
204000087,93,44,49
204000088,10,168,-158
204000090,108,520,-412
204000093,295,175,120
204000096,1067,1508,-441
204000097,353,136,217
204000099,1128,2315,-1187
204000100,1148,2397,-1249
204000105,2661,2427,234
204000110,1207,2262,-1055
204000111,720,1381,-661
204000112,1956,1213,743
204000113,798,1340,-542
204000114,862,1074,-212
204000115,872,628,244
204000116,2673,935,1738
204000119,2165,3858,-1693
204000132,685,440,245
204000133,856,552,304
204000134,256,229,27
204000135,902,184,718
204000136,566,413,153
204000138,472,761,-289
204000140,310,226,84
204000141,185,102,83
204000144,9,29,-20
204000145,615,40,575
204000146,7,489,-482
204000147,157,261,-104
204000148,614,89,525
204000154,10,2,8
204000155,5,9,-4
204000177,95,86,9
204000179,42,16,26
204000180,0,50,-50
204000222,5,9,-4
204000235,8,15,-7
204000236,62,442,-380
204000238,17,82,-65
204000240,571,87,484
204000263,876,1904,-1028
204000268,1460,1342,118
204000308,348,68,280
204000317,21,114,-93
204000322,7,57,-50
204000323,37,32,5
204000328,254,225,29
204000329,202,272,-70
204000330,453,233,220
204000331,162,237,-75
205000001,1334,2178,-844
205000013,18,111,-93
205000014,23,106,-83
205000015,65,282,-217
205000016,24,218,-194
205000017,64,138,-74
205000022,471,1051,-580
205000025,2178,1502,676
205000029,330,10,320
205000045,283,280,3
205000046,134,756,-622
205000047,78,684,-606
205000048,329,1558,-1229
205000049,190,1156,-966
205000050,1736,486,1250
205000059,1,324,-323
205000060,0,129,-129
205000061,8,43,-35
205000062,7,47,-40
205000063,28,266,-238
205000064,24,223,-199
205000065,60,773,-713
205000066,101,1077,-976
205000067,29,1424,-1395
205000069,235,40,195
205000082,194,667,-473
205000110,118,319,-201
205000111,230,420,-190
205000112,131,285,-154
205000113,269,330,-61
205000121,334,249,85
205000123,71,291,-220
205000126,532,473,59
205000127,890,613,277
205000128,862,416,446
205000129,1051,430,621
205000130,1352,164,1188
205000131,1494,49,1445
205000132,2266,13,2253
205000133,2250,8,2242
205000134,701,0,701
205000137,80,193,-113
205000138,256,411,-155
205000139,41,162,-121
205000144,88,141,-53
205000145,317,565,-248
205000151,161,197,-36
205000152,212,131,81
205000153,234,216,18
205000154,85,228,-143
205000155,224,73,151
205000207,12,265,-253
205000233,105,2,103
205000234,0,0,0
205000243,0,0,0
205000244,0,3,-3
205000245,34,427,-393
205000249,0,32,-32
205000250,4,0,4
205000264,22,129,-107
206000027,19,9,10
206000028,5,3,2
206000043,21,144,-123
206000053,6,14,-8
206000054,7,26,-19
206000055,1,49,-48
206000075,3,9,-6
206000076,21,27,-6
206000077,33,13,20
206000078,35,8,27
206000079,16,8,8
206000082,702,49,653
206000100,107,915,-808
206000103,10,30,-20
206000104,28,31,-3
206000105,11,15,-4
206000106,19,31,-12
206000125,47,0,47
206000157,80,791,-711
206000170,0,213,-213
206000171,4,238,-234
206000172,4,949,-945
206000173,1,339,-338
206000174,9,114,-105
206000175,2,189,-187
206000176,15,318,-303
206000177,1,192,-191
206000178,5,192,-187
206000179,18,97,-79
206000180,34,204,-170
206000181,7,367,-360
206000182,15,273,-258
206000183,23,1013,-990
206000184,3,402,-399
206000185,6,341,-335
206000186,124,1749,-1625
206000223,12,248,-236
206000226,11,2,9
206000227,16,1,15
206000237,32,516,-484
206000238,53,799,-746
206000239,586,2631,-2045
206000240,3,59,-56
206000241,0,172,-172
206000242,17,429,-412
206000243,18,366,-348
206000244,91,889,-798
206000245,576,78,498
206000246,93,20,73
206000247,135,16,119
206000248,726,19,707
206000252,103,26,77
206000258,28,42,-14
206000315,46,9,37
206000317,606,117,489
206000318,395,70,325
206000319,710,192,518
206000320,100,74,26
206000321,85,22,63
206000322,278,17,261
206000323,128,14,114
206000324,108,13,95
206000325,231,7,224
206000326,315,7,308
206000327,614,20,594
206000328,87,5,82
206000329,175,11,164
206000330,35,9,26
206000331,81,3,78
206000332,33,11,22
206000333,401,1,400
206000334,165,4,161
206000335,0,30,-30
206000361,13,259,-246
206000392,2,32,-30
206000405,189,0,189
206000441,22,21,1
206000498,86,3,83
206000515,134,56,78
206000530,171,47,124
206000531,378,227,151
206000532,4045,286,3759
206000535,422,3643,-3221
206000536,28,301,-273
206000537,14,194,-180
206000613,1875,254,1621
206000784,611,56,555
207000001,229,686,-457
207000002,159,412,-253
207000003,230,291,-61
207000007,862,319,543
207000008,60,28,32
207000009,97,48,49
207000010,628,707,-79
207000012,343,370,-27
207000015,408,2202,-1794
207000019,460,107,353
207000021,775,262,513
207000022,135,195,-60
207000023,185,89,96
207000024,8,22,-14
207000025,36,124,-88
207000026,184,55,129
207000027,69,122,-53
207000028,77,260,-183
207000029,354,556,-202
207000033,353,436,-83
207000034,366,129,237
207000039,335,224,111
207000040,243,192,51
207000041,51,61,-10
207000042,390,106,284
207000043,308,241,67
207000051,195,372,-177
207000052,32,254,-222
207000053,551,997,-446
207000054,69,229,-160
207000055,215,257,-42
207000056,452,618,-166
207000057,184,428,-244
207000058,237,624,-387
207000059,127,1133,-1006
207000060,126,427,-301
207000061,373,472,-99
207000062,324,55,269
207000063,290,158,132
207000064,556,211,345
207000065,270,323,-53
207000066,231,258,-27
207000067,92,193,-101
207000068,174,114,60
207000069,905,487,418
207000082,27,424,-397
207000083,118,494,-376
207000084,236,387,-151
207000085,228,18,210
207000086,203,6,197
207000106,24,43,-19
207000107,48,20,28
207000108,40,21,19
207000109,60,13,47
207000110,47,90,-43
207000111,70,67,3
207000112,407,660,-253
207000114,22,59,-37
207000115,18,108,-90
207000116,24,425,-401
207000117,19,157,-138
207000118,4,95,-91
207000119,38,145,-107
207000123,243,29,214
207000124,76,36,40
207000125,79,55,24
207000126,77,76,1
207000134,90,296,-206
207000135,27,385,-358
207000148,48,263,-215
207000149,101,77,24
207000152,201,490,-289
207000153,1292,1540,-248
207000154,608,197,411
207000159,128,293,-165
207000160,150,784,-634
207000238,0,235,-235
207000242,5,329,-324
207000248,62,30,32
207000249,220,66,154
207000250,1560,79,1481
207000251,164,94,70
207000252,56,101,-45
207000278,130,119,11
207000279,45,308,-263
207000280,482,87,395
207000281,98,1756,-1658
207000282,390,89,301
207000283,204,350,-146
207000284,98,217,-119
207000285,271,47,224
207000291,18,145,-127
207000304,206,120,86
207000306,125,616,-491
207000310,95,85,10
207000353,317,5,312
207000356,18,28,-10
207000357,47,19,28
207000358,24,27,-3
207000415,8,286,-278
207000417,49,7,42
207000418,125,224,-99
207000438,0,0,0
207000439,1256,734,522
207000446,167,8,159
207000460,13,23,-10
207000466,281,156,125
207000467,298,225,73
207000468,76,615,-539
207000476,14,119,-105
207000477,486,177,309
207000478,2,37,-35
207000523,0,15,-15
207000524,78,0,78
207000527,135,274,-139
207000530,334,10,324
207000531,300,11,289
207000532,76,16,60
207000534,906,56,850
207000535,77,389,-312
207000537,36,189,-153
207000540,10,353,-343
207000541,6,428,-422
207000548,7,512,-505
207000549,325,8,317
207000561,151,168,-17
207000562,62,320,-258
207000567,242,367,-125
207000568,210,96,114
207000569,588,2223,-1635
207000584,557,303,254
207000585,113,364,-251
207000587,105,29,76
207000616,0,224,-224
207000617,97,1,96
207000624,61,47,14
207000631,14,56,-42
207900008,193,322,-129
208000001,688,1316,-628
208000002,980,928,52
208000003,1694,1115,579
208000004,2227,1342,885
208000005,38,25,13
208000019,619,1299,-680
208000020,228,648,-420
208000021,269,820,-551
208000022,1115,868,247
208000028,1780,1028,752
208000033,618,1041,-423
208000034,1650,2832,-1182
208000037,777,72,705
208000040,113,225,-112
208000041,1023,760,263
208000042,1547,774,773
208000047,160,806,-646
208000064,3481,2581,900
208000066,2075,2800,-725
208000070,454,601,-147
208000071,643,1181,-538
208000072,420,1840,-1420
208000080,315,727,-412
208000081,395,361,34
208000082,446,442,4
208000083,200,580,-380
208000084,139,8,131
208000085,2065,841,1224
208000086,846,1248,-402
208000087,574,1098,-524
208000089,1183,1043,140
208000090,1035,1574,-539
208000093,136,232,-96
208000094,711,916,-205
208000095,970,609,361
208000104,1065,1730,-665
208000105,745,1669,-924
208000114,113,376,-263
208000115,626,467,159
208000116,577,1430,-853
208000117,104,266,-162
208000118,126,152,-26
208000155,875,1339,-464
208000158,2475,4605,-2130
208000186,3961,5065,-1104
208000204,795,1780,-985
208000205,1491,2172,-681
208000282,5867,2867,3000
209000004,332,362,-30
209000005,72,90,-18
209000006,831,223,608
209000007,741,383,358
209000010,1035,194,841
209000011,383,353,30
209000012,193,412,-219
209000013,303,855,-552
209000014,870,1765,-895
209000025,521,72,449
209000026,902,218,684
209000027,565,1517,-952
209000028,639,1173,-534
209000029,1744,1232,512
209000030,1597,2384,-787
209000031,5742,3479,2263
209000034,211,363,-152
209000035,180,283,-103
209000036,320,222,98
209000037,258,418,-160
209000038,99,301,-202
209000039,69,240,-171
209000040,319,651,-332
209000041,202,528,-326
209000042,271,516,-245
209000043,911,1095,-184
209000044,248,1063,-815
209000045,1710,496,1214
209000046,606,562,44
209000047,622,287,335
209000048,1046,313,733
209000049,103,177,-74
209000050,201,298,-97
209000051,354,512,-158
209000052,251,524,-273
209000062,53,211,-158
209000063,54,192,-138
209000064,46,219,-173
209000065,52,88,-36
209000066,57,62,-5
209000067,72,119,-47
209000080,47,403,-356
209000082,99,91,8
209000091,79,153,-74
209000093,124,47,77
209000094,353,230,123
209000110,64,151,-87
209000111,474,2373,-1899
209000112,1085,982,103
209000113,3857,977,2880
209000114,513,677,-164
209000115,147,247,-100
209000116,1066,912,154
209000118,118,62,56
209000119,103,19,84
209000121,291,965,-674
209000135,75,240,-165
209000142,1085,3003,-1918
209000143,274,162,112
209000144,224,135,89
209000229,290,213,77
209000240,87,683,-596
209000259,174,184,-10
209000260,71,1371,-1300
209000261,4,679,-675
209000262,2,603,-601
209000263,0,207,-207
209000264,0,136,-136
209000265,361,72,289
209000266,107,0,107
209000267,612,8,604
209000268,837,46,791
210000037,133,40,93
210000047,77,59,18
210000048,77,41,36
210000049,115,42,73
210000052,41,164,-123
210000053,26,98,-72
210000054,78,120,-42
210000070,152,2,150
210000071,71,0,71
210000072,51,0,51
210000073,0,57,-57
210000074,2,239,-237
210000075,2,89,-87
210000076,8,210,-202
210000077,125,48,77
210000078,105,52,53
210000079,198,19,179
210000080,584,98,486
210000081,343,19,324
210000082,271,2,269
210000083,129,2,127
210000084,37,0,37
210000085,0,137,-137
210000086,0,197,-197
210000099,23,422,-399
210000100,108,404,-296
210000101,113,539,-426
210000105,55,471,-416
210000159,1,238,-237
210000163,184,299,-115
210000164,421,255,166
210000168,397,57,340
210000187,0,9,-9
210000188,0,25,-25
210000214,54,0,54
210000219,43,79,-36
210000220,94,85,9
210000232,3,23,-20
210000233,34,108,-74
210000234,32,214,-182
210000235,62,218,-156
210000245,4,69,-65
210000246,17,5,12
210000258,5,122,-117
210000259,423,50,373
210000282,91,344,-253
210000285,2,149,-147
210000286,21,223,-202
210000290,7,30,-23
210000295,74,325,-251
210000296,104,111,-7
210000320,165,146,19
210000321,100,80,20
210000338,262,108,154
210000339,609,1855,-1246
210000340,156,769,-613
210000341,270,532,-262
210000342,226,353,-127
210000343,379,323,56
210000344,1004,208,796
210000345,349,453,-104
210000346,186,223,-37
210000347,531,50,481
210000348,284,26,258
210000349,371,36,335
210000350,114,59,55
210000351,137,128,9
210000352,65,207,-142
210000353,38,193,-155
210000354,99,226,-127
210000355,132,195,-63
210000356,283,117,166
210000357,198,91,107
210000358,744,176,568
210000359,332,151,181
210000360,309,180,129
210000361,180,222,-42
210000362,266,287,-21
210000363,1122,273,849
210000364,187,228,-41
210000365,168,115,53
210000366,173,115,58
210000367,127,61,66
210000368,188,44,144
210000369,96,25,71
210000370,181,80,101
210000372,139,67,72
210000373,283,43,240
210000374,184,16,168
210000375,43,142,-99
210000376,217,240,-23
210000404,108,329,-221
210000439,30,68,-38
210000472,227,10,217
210000482,121,111,10
210000564,661,311,350
210000567,5,35,-30
210000568,797,5,792
211000092,26,71,-45
211000094,21,11,10
211000169,328,11,317
211000172,25,366,-341
211000209,1,20,-19
211000226,24,65,-41
211000270,37,24,13
211000275,44,37,7
211000276,102,22,80
211000279,18,55,-37
211000281,46,72,-26
211000302,35,140,-105
211507980,0,29,-29
211977296,109,1,108
212000003,384,152,232
212000004,277,30,247
212000005,70,52,18
212000006,90,169,-79
212000008,135,225,-90
212000009,19,192,-173
212000012,77,104,-27
212000013,29,62,-33
212000014,282,217,65
212000015,300,284,16
212000016,545,682,-137
212000027,497,842,-345
212000028,307,787,-480
212000029,229,574,-345
212000030,48,70,-22
212000031,80,102,-22
212000048,63,154,-91
212000049,23,104,-81
212000050,23,6,17
212000051,178,298,-120
212000052,153,455,-302
212000053,370,719,-349
212000054,184,261,-77
212000055,191,480,-289
212000056,15,81,-66
212000057,11,60,-49
212000058,670,51,619
212000070,118,331,-213
212000077,117,976,-859
212000099,285,504,-219
212000108,490,416,74
212000111,229,240,-11
212000120,190,142,48
212000138,326,32,294
212000156,16,199,-183
212000158,16,29,-13
212000159,378,68,310
212000160,495,526,-31
212000161,109,22,87
212000310,28,20,8
212000311,11,131,-120
212000374,47,8,39
213000001,29,635,-606
213000005,486,220,266
213000006,1354,336,1018
213000007,274,27,247
213000009,837,511,326
213000010,208,282,-74
213000011,437,193,244
213000012,233,501,-268
213000014,61,2,59
213000015,221,5,216
213000016,294,6,288
213000017,69,0,69
213000018,6,198,-192
213000019,1,192,-191
213000020,136,423,-287
213000021,2,142,-140
213000023,294,295,-1
213000033,315,1581,-1266
213000034,642,400,242
213000035,127,603,-476
213000045,138,362,-224
213000046,206,258,-52
213000047,754,1301,-547
213000056,110,113,-3
213000069,237,5,232
213000073,1,15,-14
213000074,120,746,-626
213000075,645,10,635
213000076,59,3,56
213000085,7,46,-39
213000086,18,294,-276
213000091,134,15,119
213000092,42,17,25
213000099,228,1270,-1042
213000100,1675,371,1304
213000101,300,140,160
213000102,348,318,30
213000103,1071,951,120
213000104,58,482,-424
213000105,1,131,-130
213000106,24,248,-224
213000107,189,867,-678
213000108,36,746,-710
213000109,3,317,-314
213000110,5,103,-98
213000111,17,94,-77
213000112,194,126,68
213000115,48,10,38
213000116,70,925,-855
213000117,10,1471,-1461
213000118,420,525,-105
213000119,91,1430,-1339
213000120,139,1258,-1119
213000122,518,1039,-521
213000123,1009,1843,-834
213000124,138,1681,-1543
213000125,157,19,138
213000126,58,133,-75
213000127,167,197,-30
213000128,832,1158,-326
213000129,493,902,-409
213000130,397,512,-115
213000132,255,160,95
213000133,374,150,224
213000134,1142,25,1117
213000136,346,29,317
213000137,585,170,415
213000139,732,53,679
213000147,258,8,250
213000148,108,10,98
213000149,258,12,246
213000150,1,110,-109
213000151,5,116,-111
213000152,18,90,-72
213000153,8,36,-28
213000154,24,444,-420
213000155,28,529,-501
213000156,92,1255,-1163
213000157,1288,703,585
213000158,328,861,-533
213000159,416,944,-528
213000163,471,94,377
213000165,543,346,197
213000171,29,224,-195
213000172,44,499,-455
213000173,23,304,-281
213000174,24,194,-170
213000175,32,112,-80
213000176,10,212,-202
213000177,26,22,4
213000178,87,20,67
213000179,192,71,121
213000180,176,74,102
213000184,110,740,-630
213000188,405,104,301
213000189,311,47,264
213000190,887,1396,-509
213000191,235,758,-523
213000192,208,845,-637
213000193,3113,277,2836
213000194,0,46,-46
213000195,29,744,-715
213000196,340,1477,-1137
213000197,299,1587,-1288
213000198,175,2,173
213000200,155,1388,-1233
213000201,135,64,71
213000202,18,1374,-1356
213000203,5168,961,4207
213000204,764,183,581
213000205,235,280,-45
213000206,628,251,377
213000207,271,64,207
213000208,309,4,305
213000209,370,0,370
213000210,1299,17,1282
213000211,88,26,62
213000212,136,9,127
213000213,86,57,29
213000218,372,954,-582
213000219,575,38,537
213000220,716,9,707
213000223,475,293,182
213000224,79,75,4
213000225,89,24,65
213000226,110,40,70
213000227,928,431,497
213000228,293,142,151
213000229,538,62,476
213000230,551,116,435
213000232,131,1068,-937
213000233,7,29,-22
213000234,7,42,-35
213000293,118,58,60
213000294,268,34,234
213000295,71,103,-32
213000296,98,45,53
213000297,12,170,-158
213000298,13,150,-137
213000299,86,65,21
213000300,55,4,51
213000303,8,46,-38
213000304,7,22,-15
213000305,6,7,-1
213000306,224,42,182
213000307,1023,100,923
213000308,119,326,-207
213000309,178,92,86
213000310,212,122,90
213000311,309,893,-584
213000315,164,183,-19
213000316,123,71,52
213000322,63,51,12
213000323,61,118,-57
213000340,190,1305,-1115
213000341,368,156,212
213000346,270,179,91
213000347,961,285,676
213000348,7,169,-162
213000349,14,8,6
213000350,346,1830,-1484
213000366,66,575,-509
213000367,226,68,158
213000379,88,122,-34
213000386,8,270,-262
213000406,103,554,-451
213000417,1625,552,1073
213000425,88,53,35
213000426,126,122,4
213000427,60,389,-329
213000428,36,219,-183
213000429,11,15,-4
213000430,113,1051,-938
213000431,48,4,44
213000432,2,28,-26
213000433,21,160,-139
213000434,102,163,-61
213000435,63,183,-120
213000439,94,40,54
213000441,2,1,1
213000443,506,779,-273
213000445,2,160,-158
213000446,0,8,-8
213000447,2,96,-94
213000448,6,98,-92
213000449,199,1,198
213000450,16,55,-39
213000451,185,93,92
213000452,18,27,-9
213000453,75,477,-402
213000455,483,2,481
213000456,1,218,-217
213000481,12,20,-8
213000482,69,8,61
213000489,536,281,255
213000491,1,373,-372
213000492,1194,3,1191
213000493,0,279,-279
213000494,107,159,-52
213000495,0,140,-140
213000496,220,352,-132
213000497,75,310,-235
213000498,99,259,-160
213000499,170,674,-504
213000500,258,97,161
213000501,65,34,31
213000502,460,84,376
213000503,2,85,-83
213000504,8,185,-177
213000505,3,29,-26
213000506,0,21,-21
213000507,2,176,-174
213900244,13,0,13
213900245,0,44,-44
218000003,69,39,30
218000004,38,21,17
218000005,100,41,59
218000006,124,32,92
218000007,11,24,-13
218000012,621,339,282
218000013,113,189,-76
218000014,496,623,-127
218000019,857,748,109
218000020,345,849,-504
218000040,8,4,4
218000046,81,165,-84
218000047,58,231,-173
218000048,62,266,-204
218000049,122,269,-147
218000050,370,438,-68
218000051,77,497,-420
218000052,1,157,-156
218000053,10,21,-11
218000054,17,48,-31
218000055,11,36,-25
218000056,33,34,-1
218000057,3,63,-60
218000064,3,26,-23
218000065,69,70,-1
218000066,5,111,-106
218000067,56,139,-83
218000068,140,117,23
218000069,163,297,-134
218000070,134,381,-247
218000071,214,277,-63
218000072,296,328,-32
218000078,994,1737,-743
218000079,80,91,-11
218000080,93,135,-42
218000081,326,423,-97
218000082,39,227,-188
218000083,54,89,-35
218000084,124,216,-92
218000085,153,554,-401
218000086,59,243,-184
218000087,163,294,-131
218000090,9,151,-142
218000091,1246,967,279
218000092,89,231,-142
218000093,155,83,72
218000094,703,1011,-308
218000099,393,795,-402
218000100,235,443,-208
218000101,243,197,46
218000102,363,375,-12
218000103,117,279,-162
218000104,99,61,38
218000105,84,18,66
218000106,23,8,15
218000107,58,77,-19
218000108,12,47,-35
218000112,87,14,73
218000117,53,110,-57
218000134,655,1393,-738
218000135,89,206,-117
218000136,292,89,203
218000137,265,122,143
218000138,63,115,-52
218000139,261,413,-152
218000140,446,332,114
218000141,127,74,53
218000142,236,202,34
218000143,187,246,-59
218000144,169,109,60
218000145,395,507,-112
218000146,36,215,-179
218000151,71,41,30
218000152,165,61,104
218000170,2,50,-48
218000171,49,8,41
218000172,40,13,27
218000173,61,34,27
218000174,73,16,57
218000176,149,48,101
218000177,288,255,33
218000178,105,241,-136
218000179,92,176,-84
218000180,55,63,-8
218000181,197,101,96
218000187,11,25,-14
218000188,83,79,4
218000189,45,94,-49
218000190,0,7,-7
218000191,172,115,57
218000192,242,475,-233
218000193,448,626,-178
218000194,121,602,-481
218000195,136,122,14
218000196,286,382,-96
218000197,239,453,-214
218000198,22,281,-259
218000199,84,66,18
218000200,130,48,82
218000201,63,7,56
218000202,383,438,-55
218000207,25,139,-114
218000208,129,99,30
218000211,126,20,106
218000213,171,122,49
218000214,10,51,-41
218000215,61,105,-44
218000217,4,239,-235
218000218,204,134,70
218000219,254,42,212
218000220,510,367,143
218000221,3788,342,3446
218000222,85,55,30
218000223,44,340,-296
218000224,23,154,-131
218000225,214,35,179
218000226,137,78,59
218000232,56,211,-155
218000239,265,13,252
218000240,72,10,62
218000241,56,2,54
218000242,231,2,229
218000243,132,6,126
218000244,58,7,51
218000245,27,2,25
218000246,5,1,4
218000247,5,0,5
218000248,0,21,-21
218000249,2,0,2
218000250,7,9,-2
218000251,6,26,-20
218000252,3,34,-31
218000253,5,20,-15
218000254,0,5,-5
218000255,2,14,-12
218000256,10,75,-65
218000267,1297,1716,-419
218000268,17,82,-65
218000269,10,23,-13
218000270,85,96,-11
218000271,72,121,-49
218000273,9,24,-15
218000274,27,14,13
218000275,23,56,-33
218000276,10,61,-51
218000278,60,53,7
218000279,72,115,-43
218000280,8,73,-65
218000281,32,16,16
218000282,886,557,329
218000284,209,53,156
218000301,101,137,-36
218000302,89,72,17
218000303,87,100,-13
218000316,864,2229,-1365
218000317,1060,2177,-1117
218000318,461,1505,-1044
218000319,1417,2470,-1053
218000320,1167,1349,-182
218000338,214,30,184
218000345,218,55,163
218000346,205,271,-66
218000459,67,393,-326
218000490,245,55,190
218000501,111,110,1
218000502,39,159,-120
218000503,133,50,83
218000504,264,31,233
218000505,67,258,-191
218000506,49,318,-269
218000508,2,8,-6
218000510,313,17,296
218000520,143,143,0
218000521,18,82,-64
218000522,0,163,-163
218000523,281,9,272
218000524,59,233,-174
218000525,184,21,163
218000526,56,125,-69
218000529,61,389,-328
218000531,9,31,-22
218000532,37,36,1
218000534,136,26,110
218000537,111,108,3
218000538,213,216,-3
218000540,449,73,376
218000543,203,66,137
218000544,128,143,-15
218000545,66,76,-10
218000546,81,171,-90
218000547,115,137,-22
218000548,151,272,-121
218000549,470,280,190
218000550,350,565,-215
218000551,254,923,-669
218000552,618,40,578
218000553,125,109,16
218000554,159,21,138
218000555,45,88,-43
218000556,315,531,-216
218000557,427,410,17
218000558,132,1,131
218000559,0,49,-49
218000560,0,18,-18
218000561,29,0,29
218000562,62,292,-230
218000563,310,26,284
218000564,17,123,-106
218000565,305,41,264
218000566,456,31,425
218000567,1,51,-50
218000568,28,1,27
218000569,21,175,-154
218000570,213,11,202
218000571,0,117,-117
218000572,163,1,162
218000573,32,101,-69
218000574,152,93,59
218000575,211,2,209
218000576,1,65,-64
218000577,350,4,346
218000578,1,67,-66
218000579,70,59,11
218000581,12,69,-57
218000582,128,2,126
218000583,0,0,0
218000584,0,35,-35
218000585,90,3,87
218000586,9,54,-45
218000587,20,1,19
218000588,9,2,7
218000589,0,2,-2
218000590,5,1,4
218000591,2,7,-5
218000592,18,0,18
218000593,15,2,13
218000594,4,0,4
218000597,2,0,2
218000598,0,0,0
218000599,3,0,3
218000600,22,12,10
218000601,0,0,0
218000602,0,5,-5
218000603,0,8,-8
218000604,22,0,22
218000605,0,79,-79
218000606,269,2,267
218000607,5,75,-70
218000608,82,25,57
218000609,5,71,-66
218000610,203,5,198
218000611,68,0,68
218000612,2,33,-31
218000613,37,1,36
218000614,1,46,-45
218000615,267,2,265
218000616,13,153,-140
218000617,65,4,61
218000618,0,19,-19
218000619,32,42,-10
218000620,2,14,-12
218000621,0,10,-10
218000622,0,24,-24
218000623,143,3,140
218000624,37,32,5
218000625,16,5,11
218000626,0,20,-20
218000628,160,39,121
218000631,94,29,65
218000632,2,101,-99
218000633,111,1,110
218000634,10,28,-18
218000635,30,8,22
218000636,957,2388,-1431
218000637,737,1068,-331
218000638,125,129,-4
218000639,20,244,-224
218000640,182,51,131
218000641,68,370,-302
218000652,89,149,-60
218000653,167,72,95
218000663,15,253,-238
218000675,71,59,12
218000680,261,777,-516
218000681,533,293,240
218000691,172,517,-345
218000693,218,241,-23
218000718,905,939,-34
218000719,1600,454,1146
218000720,14,94,-80
218000721,198,17,181
218001147,13,606,-593
218001214,35,28,7
218001258,170,3,167
218001329,295,182,113
218001330,303,199,104
218001351,51,47,4
218001352,35,38,-3
218001353,29,23,6
218001354,14,47,-33
218001355,81,683,-602
218001356,218,11,207
218001357,52,506,-454
218001358,177,14,163
218001361,206,41,165
218001362,1,612,-611
219000001,47,125,-78
219000002,74,106,-32
219000003,47,31,16
219000004,68,81,-13
219000017,548,41,507
219000020,154,46,108
219000022,161,2,159
219000023,116,0,116
219000029,0,144,-144
219000034,108,22,86
219000039,47,83,-36
219000040,85,40,45
219000041,225,67,158
219000051,0,39,-39
219000052,0,20,-20
219000053,3,279,-276
219000055,175,4,171
219000056,89,3,86
219000057,246,4,242
219000062,44,256,-212
219000063,143,12,131
219000064,2,129,-127
219000110,342,71,271
219000111,157,55,102
219000112,199,74,125
219000113,196,72,124
219000114,320,105,215
219000116,82,43,39
219000117,138,108,30
219000118,140,75,65
219000123,403,186,217
219000124,177,112,65
219000125,18,39,-21
219000126,144,148,-4
219000127,0,4,-4
219000128,27,166,-139
219000129,62,244,-182
219000130,1047,1095,-48
219000131,1220,1251,-31
219000133,97,61,36
219000134,24,35,-11
219000135,72,70,2
219000136,175,265,-90
219000138,72,29,43
219000139,19,58,-39
219000140,63,1,62
219000141,14,187,-173
219000142,21,158,-137
219000143,13,172,-159
219000145,20,130,-110
219000146,5,73,-68
219000147,1,71,-70
219000148,3,64,-61
219000149,12,182,-170
219000150,3,109,-106
219000151,3,86,-83
219000157,256,184,72
219000158,205,402,-197
219000161,335,16,319
219000163,1984,563,1421
219000166,232,247,-15
219000167,129,279,-150
219000168,520,198,322
219000174,480,129,351
219000175,108,3,105
219000176,63,20,43
219000177,44,3,41
219000178,41,5,36
219000179,20,16,4
219000180,23,42,-19
219000182,109,36,73
219000183,74,45,29
219000184,145,16,129
219000185,2,79,-77
219000186,55,92,-37
219000187,21,175,-154
219000189,211,203,8
219000190,199,366,-167
219000191,2632,1856,776
219000192,266,243,23
219000193,624,252,372
219000195,0,116,-116
219000196,1,231,-230
219000198,41,241,-200
219000199,165,394,-229
219000200,75,353,-278
219000201,134,320,-186
219000203,85,152,-67
219000204,222,272,-50
219000205,84,216,-132
219000207,371,377,-6
219000209,27,104,-77
219000210,352,170,182
219000213,18,369,-351
219000239,184,356,-172
219000240,341,393,-52
219000241,124,338,-214
219000242,100,289,-189
219000243,93,481,-388
219000244,67,225,-158
219000245,86,91,-5
219000246,142,31,111
219000247,103,35,68
219000248,646,405,241
219000249,275,109,166
219000250,232,94,138
219000251,630,198,432
219000252,408,198,210
219000253,303,55,248
219000255,142,189,-47
219000256,210,151,59
219000257,324,2,322
219000262,138,325,-187
219000263,51,390,-339
219000267,3,241,-238
219000268,6,8,-2
219000269,21,10,11
219000270,24,1,23
219000271,220,22,198
219000278,0,20,-20
219000279,0,9,-9
219000283,0,39,-39
219000295,8,168,-160
219000296,125,799,-674
219000297,12,258,-246
219000298,12,284,-272
219000299,491,206,285
219000300,36,454,-418
219000301,303,489,-186
219000302,53,429,-376
219000307,40,92,-52
219000308,54,27,27
219000311,224,48,176
219000312,640,136,504
219000313,335,61,274
219000314,107,832,-725
219000315,208,73,135
219000316,452,96,356
219000317,90,13,77
219000320,0,56,-56
219000321,0,22,-22
219000323,5,88,-83
219000325,1,29,-28
219000326,83,173,-90
219000327,76,54,22
219000328,48,60,-12
219000329,278,168,110
219000330,36,40,-4
219000331,81,42,39
219000332,84,132,-48
219000333,12,7,5
219000335,125,9,116
219000337,24,8,16
219000338,305,3,302
219000344,46,129,-83
219000345,60,131,-71
219000346,81,211,-130
219000348,202,246,-44
219000349,77,302,-225
219000350,84,191,-107
219000351,12,6,6
219000352,270,84,186
219000353,145,75,70
219000354,103,212,-109
219000355,127,87,40
219000356,2607,1249,1358
219000363,380,96,284
219000364,133,64,69
219000365,154,29,125
219000366,353,713,-360
219000368,664,553,111
219000370,1720,466,1254
219000371,21,28,-7
219000382,12,16,-4
219000383,1178,1199,-21
219000385,737,749,-12
219000386,1157,2176,-1019
219000387,6,9,-3
219000390,31,17,14
219000391,30,2,28
219000397,96,118,-22
219000398,80,44,36
219000401,9,158,-149
219000402,22,159,-137
219000403,153,309,-156
219000404,42,154,-112
219000407,9,63,-54
219000409,59,61,-2
219000410,64,38,26
219000411,98,12,86
219000446,248,482,-234
219000447,10,44,-34
219000448,7,44,-37
219000452,230,97,133
219000453,227,232,-5
219000454,558,289,269
219000556,303,91,212
219000558,217,337,-120
219000590,33,225,-192
219000591,88,110,-22
219000592,139,611,-472
219000595,3,75,-72
219000635,213,106,107
219000636,56,161,-105
219000657,25,16,9
219000658,38,100,-62
219000673,0,9,-9
219000676,75,1,74
219000679,144,5,139
219000684,197,3,194
219000685,2,115,-113
219000686,1,5,-4
219000688,1,121,-120
219000689,33,377,-344
219000690,212,33,179
219000691,89,268,-179
219000692,176,27,149
219000693,0,21,-21
219000694,2,1,1
219000695,18,19,-1
219000698,175,0,175
219000699,0,17,-17
219000727,5,280,-275
219000728,173,3,170
219000770,37,15,22
219000771,4,59,-55
219000788,636,436,200
219001150,0,19,-19
219001151,3,2,1
219001166,70,22,48
219001167,3,151,-148
219001178,33,2,31
220000001,105,91,14
220000002,24,228,-204
220000003,762,388,374
220000004,1409,787,622
220000005,1970,1796,174
220000006,331,1178,-847
220000007,448,867,-419
220000008,440,1475,-1035
220000009,352,752,-400
220000010,472,257,215
220000011,1266,7830,-6564
220000012,123,827,-704
220000014,126,76,50
220000015,158,230,-72
220000017,59,453,-394
220000018,8568,1688,6880
220000019,203,371,-168
220000020,568,318,250
220000021,654,289,365
220000022,656,665,-9
220000023,296,279,17
220000024,2328,546,1782
220000025,1400,1030,370
220000026,341,243,98
220000027,51,137,-86
220000028,85,68,17
220000029,205,325,-120
220000030,168,152,16
220000031,508,469,39
220000064,37,1035,-998
221000046,4,0,4
221000047,0,4,-4
221000048,0,7,-7
221000049,0,15,-15
221000050,35,0,35
221000055,90,63,27
221000068,362,186,176
221000069,380,98,282
221000070,192,17,175
221000071,95,7,88
221000072,319,16,303
221000073,227,91,136
221000074,1,45,-44
221000075,25,16,9
221000076,43,79,-36
221000077,57,193,-136
221000081,117,13,104
221000082,61,18,43
221000083,63,8,55
221000084,10,6,4
221000085,30,75,-45
221000086,24,185,-161
221000087,3,248,-245
221000088,18,295,-277
221000089,64,359,-295
221000090,152,620,-468
221000098,139,19,120
221000099,186,26,160
221000100,129,6,123
221000101,360,38,322
221000103,23,49,-26
221000104,20,72,-52
221000107,57,5,52
221000108,35,29,6
221000111,26,320,-294
221000112,6,261,-255
221000113,15,240,-225
221000114,11,238,-227
221000120,24,48,-24
221000121,10,19,-9
221000122,75,37,38
221000123,36,35,1
221000124,82,323,-241
221000155,86,15,71
221000156,143,49,94
221000175,4,18,-14
221000176,2,4,-2
221000182,49,14,35
221000241,826,334,492
221000242,198,610,-412
221000243,801,127,674
221000244,266,688,-422
221000245,170,132,38
221000246,65,401,-336
221000247,132,151,-19
221000248,339,308,31
221000267,114,1165,-1051
221000325,108,78,30
221000331,17,153,-136
221000338,87,34,53
221000378,294,44,250
221000381,131,97,34
222000282,9,0,9
222000296,4,30,-26
222000568,355,14,341
222000569,216,18,198
222000570,153,12,141
222000571,444,10,434
222000577,12,333,-321
222000578,24,262,-238
222000579,38,199,-161
222000580,140,1199,-1059
222000599,2,182,-180
222000600,2,385,-383
222000601,10,1277,-1267
222000603,45,31,14
222000604,26,54,-28
222000605,53,46,7
222000606,10,5,5
222000607,10,3,7
222000608,79,13,66
222000609,87,410,-323
222000616,221,80,141
222000617,40,19,21
222000618,7,5,2
222000620,105,22,83
222000621,113,15,98
222000623,674,8,666
222000624,337,2,335
222000625,396,52,344
222000636,86,8,78
222000686,131,15,116
222000687,82,43,39
222001066,271,3,268
222001067,7,3,4
222001068,37,38,-1
222001069,38,39,-1
222001082,22,53,-31
222001083,10,57,-47
222001084,0,35,-35
222001085,2,158,-156
222001111,33,194,-161
222001112,105,31,74
222001313,134,11,123
222001314,21,147,-126
222001464,151,65,86
222001465,61,327,-266
222001484,126,76,50
222001485,22,93,-71
222001494,316,212,104
222001495,143,574,-431
222001496,314,123,191
222001497,160,800,-640
222001502,22,124,-102
222001503,89,87,2
222001504,15,335,-320
222001505,243,18,225
222001506,23,265,-242
222001507,244,40,204
222001510,445,34,411
222001511,41,488,-447
222001514,620,159,461
222001515,229,805,-576
222001518,160,49,111
222001519,42,460,-418
222001527,408,63,345
222001528,64,171,-107
222001529,210,28,182
222001530,46,252,-206
222001533,154,364,-210
222001534,243,87,156
222001535,235,308,-73
222001536,90,487,-397
222001537,253,32,221
222001538,50,633,-583
222001563,493,92,401
222001564,28,938,-910
222001568,414,110,304
222001576,0,1,-1
222001579,1,8,-7
222001583,32,272,-240
222001584,106,41,65
222001596,749,1950,-1201
222001597,1767,381,1386
222001626,0,237,-237
222001650,68,99,-31
222001651,55,203,-148
222001914,260,61,199
222001915,56,311,-255
222001968,556,274,282
222001969,595,1178,-583
222001970,283,453,-170
222001971,16,35,-19
222001972,0,15,-15
225000001,641,311,330
225000002,617,308,309
225000003,614,212,402
225000004,312,512,-200
225000005,46,111,-65
225000006,0,260,-260
225000007,4162,1847,2315
225000010,471,7,464
225000011,670,2147,-1477
225000012,197,991,-794
225000013,302,299,3
225000014,2494,149,2345
225000015,170,335,-165
225000021,850,371,479
225000027,352,814,-462
225000032,808,219,589
225000042,91,1159,-1068
225000049,54,96,-42
225000050,66,43,23
225000053,15,458,-443
225000058,1227,184,1043
225000067,209,242,-33
225000068,177,592,-415
225000069,209,656,-447
225000070,119,692,-573
225000071,70,404,-334
225000075,47,1882,-1835
225000076,125,179,-54
225000078,216,126,90
225000085,43,155,-112
225000086,635,81,554
225000087,408,46,362
225000088,27,246,-219
225000089,436,1224,-788
225000090,31,572,-541
225000091,187,297,-110
225000092,34,98,-64
225000093,204,569,-365
225000094,10,589,-579
225000095,455,749,-294
225000096,397,688,-291
225000098,743,340,403
225000099,471,213,258
225000100,277,197,80
225000104,159,713,-554
225000110,20,734,-714
225000111,440,1699,-1259
225000112,904,1575,-671
225000113,265,902,-637
225000114,103,501,-398
225000115,3561,855,2706
225000116,1349,251,1098
225000117,1252,543,709
225000118,1050,463,587
225000119,211,171,40
225000120,667,70,597
225000121,303,36,267
225000123,2476,24,2452
225000125,578,521,57
225000126,2230,376,1854
225000127,1459,1418,41
225000128,479,971,-492
225000132,239,52,187
225000133,335,34,301
225000134,623,153,470
225000135,68,8,60
225000136,221,39,182
225000137,122,140,-18
225000138,644,95,549
225000143,149,269,-120
225000144,2,522,-520
225000145,63,87,-24
225000146,76,195,-119
225000147,22,490,-468
225000148,5,356,-351
225000149,86,763,-677
225000151,41,445,-404
225000155,484,742,-258
225000156,561,1303,-742
225000157,402,638,-236
225000158,199,540,-341
225000171,3,217,-214
225000180,40,1,39
225000181,1,90,-89
225000182,129,22,107
225000185,16,595,-579
225000187,63,608,-545
225000191,155,4,151
225000194,0,24,-24
225000208,3,70,-67
225000209,111,32,79
225000210,3,420,-417
225000217,0,32,-32
225000218,11,0,11
225000223,0,191,-191
225000224,312,0,312
225000225,4,180,-176
225000226,412,4,408
225000227,79,193,-114
225000228,23,10,13
225000229,0,139,-139
225000230,10,0,10
225000231,0,180,-180
225000232,80,0,80
225000241,105,1,104
225000242,1,78,-77
225000249,12,0,12
225000250,54,1387,-1333
225000251,405,52,353
226000042,761,726,35
226000043,119,411,-292
226000044,415,839,-424
226000045,85,557,-472
226000046,590,153,437
226000047,611,169,442
226000048,529,163,366
226000049,456,237,219
226000070,1,150,-149
226000071,0,145,-145
226000072,0,35,-35
226000073,0,16,-16
226000074,0,10,-10
226000084,6,63,-57
226000085,7,11,-4
226000086,0,18,-18
226000087,1,15,-14
226000088,86,18,68
226000090,458,111,347
226000091,3,28,-25
226000092,3,4,-1
226000093,35,1,34
226000094,70,11,59
226000095,60,6,54
226000105,9,9,0
226000106,44,0,44
226000107,11,0,11
226000108,98,1,97
226000109,115,0,115
226000124,285,114,171
226000134,495,685,-190
226000135,1067,1081,-14
226000136,368,701,-333
226000137,8,782,-774
226000138,9,655,-646
226000139,4,26,-22
226000156,184,8,176
226000157,169,8,161
226000163,186,376,-190
226000202,12,749,-737
226000231,471,22,449
226000232,82,18,64
227000033,276,208,68
227000036,229,73,156
227000037,171,53,118
227000038,286,109,177
227000049,0,20,-20
227000050,1,80,-79
227000055,159,1,158
227000056,292,1,291
227000084,7,64,-57
227000085,1,41,-40
227000088,277,24,253
227000089,194,10,184
227000090,168,6,162
227000091,32,6,26
227000093,256,0,256
227000094,49,1,48
227000130,56,77,-21
227000131,18,279,-261
227000132,14,274,-260
227000133,13,227,-214
227000134,24,444,-420
227000152,0,4,-4
227000153,0,52,-52
227000155,0,27,-27
227000156,2,13,-11
227000165,5,44,-39
227000196,241,324,-83
227000199,177,594,-417
227000230,24,354,-330
227000232,240,39,201
227000242,46,552,-506
227000243,498,153,345
227000245,19,441,-422
227000246,98,542,-444
227000247,314,162,152
227000248,710,69,641
227000249,60,282,-222
227000250,737,314,423
227000251,260,330,-70
227000252,15,382,-367
227000253,82,31,51
227000262,277,78,199
227000266,774,11,763
227000267,66,1730,-1664
227000282,2,180,-178
227000284,187,18,169
227000286,2,67,-65
227000287,11,108,-97
227000291,8,514,-506
227000484,300,12,288
227000485,15,603,-588
227000655,58,26,32
227000656,472,27,445
227000657,40,40,0
227000661,365,28,337
227000680,536,40,496
229000265,30,76,-46
229000296,3,54,-51
229000297,6,76,-70
229000298,28,284,-256
229000320,9,10,-1
229000321,9,5,4
229000412,38,61,-23
229000414,18,123,-105
229000415,19,0,19
229000416,1,4,-3
229000417,14,14,0
229000419,146,415,-269
229000440,292,138,154
229000442,9,6,3
229000443,4,2,2
229000444,7,52,-45
229000445,65,22,43
229000446,83,28,55
229000847,47,0,47
229000848,10,2,8
229000849,165,1,164
229000851,47,0,47
229000854,0,46,-46
229000856,1,161,-160
229000857,0,46,-46
229000858,0,144,-144
229000919,7,120,-113
229000930,3,302,-299
229000937,83,19,64
229000966,49,29,20
229000981,22,76,-54
229000985,5,56,-51
229000986,6,18,-12
229000987,0,1,-1
229000988,10,2,8
229000989,32,21,11
229000990,0,0,0
229000991,1,0,1
229000992,19,11,8
229000993,335,23,312
229000998,17,119,-102
229000999,102,18,84
229001034,1,8,-7
229001035,16,1,15
229001037,51,23,28
229001042,10,25,-15
229001047,8,71,-63
229001050,55,114,-59
229001200,9,2,7
229001338,7,22,-15
229001394,269,38,231
229001422,167,42,125
229001423,47,183,-136
229001431,55,65,-10
229001432,69,99,-30
229001444,164,94,70
229001445,55,341,-286
229001503,215,120,95
229001504,115,329,-214
229001505,133,54,79
229001506,75,299,-224
229001509,53,73,-20
229001545,70,7,63
229001546,7,112,-105
229001553,64,11,53
229001554,28,129,-101
229001559,2,6,-4
229001560,5,14,-9
229001630,104,14,90
229001631,10,115,-105
229001635,0,6,-6
229001636,5,0,5
229001658,2,154,-152
229001659,87,7,80
229001660,2,1,1
229001661,1,39,-38
229001662,95,0,95
229001663,0,9,-9
229002584,238,220,18
229002831,331,179,152
229002841,17,6,11
229002842,17,25,-8
229002843,131,31,100
229002844,110,30,80
229002845,41,66,-25
229002846,53,17,36
229002847,36,11,25
229002848,15,30,-15
229002849,12,56,-44
229002850,20,0,20
229002851,148,72,76
229002852,181,14,167
229002853,205,18,187
229002854,38,48,-10
229002855,33,20,13
229002856,49,20,29
229002857,3,37,-34
229002858,10,32,-22
229002859,159,16,143
229002860,151,19,132
229002861,52,27,25
229002862,24,33,-9
229002863,27,11,16
229002864,27,42,-15
229002865,17,18,-1
229002866,16,18,-2
229002867,7,38,-31
229002868,25,13,12
229002869,28,170,-142
229002870,64,5,59
235000066,474,132,342
235000067,125,212,-87
235000072,38,67,-29
235000073,79,333,-254
235000074,33,86,-53
235000080,46,129,-83
235000081,48,145,-97
235000082,156,123,33
235000083,125,163,-38
235000084,64,84,-20
235000085,47,77,-30
235000089,36,50,-14
235000092,13,206,-193
235000093,5,2,3
235000097,15,5,10
235000098,47,24,23
235000099,55,35,20
235000116,54,41,13
235000117,958,47,911
235000133,9,421,-412
235000134,16,144,-128
235000206,4,5,-1
235000207,1,2,-1
235000208,3,0,3
235000209,14,3,11
235000210,5,1,4
235000212,2,16,-14
235000213,3,7,-4
235000220,1,2,-1
235000221,127,12,115
235000238,69,63,6
235000239,3,8,-5
235000242,379,431,-52
235000245,1049,245,804
235000246,56,96,-40
235000284,5,163,-158
235000295,225,12,213
235000305,314,55,259
235000306,81,13,68
235000307,21,1,20
235000308,30,3,27
235000309,51,0,51
235000310,93,2,91
235000311,317,9,308
235000322,0,17,-17
235000323,0,77,-77
235000324,0,13,-13
235000325,3,10,-7
235000326,7,249,-242
235000351,4,99,-95
235000352,28,48,-20
235000353,2,38,-36
235000354,5,37,-32
235000355,24,72,-48
235000356,97,7,90
235000357,39,7,32
235000358,64,14,50
235000359,7,7,0
235000360,83,17,66
235000361,103,4,99
235000381,68,420,-352
235000382,118,55,63
235000390,7,2,5
235000391,105,31,74
235000392,96,167,-71
235000393,115,129,-14
235000395,41,50,-9
235000396,248,113,135
235000400,241,183,58
235000401,138,202,-64
235000405,100,248,-148
235000406,31,250,-219
235000407,76,117,-41
235000409,236,271,-35
235000410,43,313,-270
235000411,0,87,-87
235000485,0,5,-5
235000486,4,0,4
235000549,28,58,-30
235000550,47,159,-112
235000599,73,61,12
235000600,24,18,6
235000601,13,42,-29
235000602,61,119,-58
235000614,1,7,-6
235000648,0,20,-20
235000649,88,8,80
235000685,1,7,-6
235000815,15,39,-24
235000834,0,9,-9
235000855,43,60,-17
235000862,37,262,-225
235000891,0,4,-4
235000892,96,6,90
235000901,54,98,-44
235000907,2,21,-19
235001010,42,86,-44
235001029,601,572,29
235001030,372,226,146
235001078,81,92,-11
235001079,105,102,3
235001147,19,94,-75
235001166,25,71,-46
235001167,32,56,-24
235001169,24,291,-267
235001188,10,12,-2
235001189,2,1,1
235001197,24,23,1
235001200,44,25,19
235001207,254,56,198
235001210,76,368,-292
235001215,65,289,-224
235001239,3,54,-51
235001244,0,4,-4
235016267,0,24,-24
277102712,11,6,5
277103813,0,4,-4
277103814,1,0,1
277104249,0,5,-5
277104250,0,29,-29
277104251,0,16,-16
277104252,0,5,-5
990011530,0,309,-309
990014944,3,621,-618
990015176,68,7,61
990015618,30,305,-275
990016032,1,629,-628
990032570,2,76,-74
990070001,110,2,108
990070103,0,4,-4
990070601,0,41,-41
990070751,345,2,343
990070766,4,797,-793
990071180,876,279,597
990071343,83,3,80
990071387,0,18,-18
990071823,19,0,19
990072600,1,878,-877
990072964,1,557,-556
990073285,0,1,-1
990074393,3,1404,-1401
990074870,1056,34,1022
990075106,1205,10,1195
990075746,466,7,459
990076437,856,3,853
990076458,4,1316,-1312
997000007,313,2,311
997000041,1,116,-115
997000058,19,0,19
997000062,174,1,173
997000069,0,4,-4
997000070,0,104,-104
997000100,22,0,22
997000141,3,1414,-1411
997000198,775,1350,-575
998000475,1,27,-26
998000736,1,305,-304
998000965,0,6,-6
998001031,0,79,-79
998001700,0,23,-23
998001899,0,2,-2
998001900,12,4,8
998003073,1158,5,1153
998101900,0,0,0
998102850,1,99,-98
998501927,1040,604,436
998501929,75,0,75
998501930,58,2,56
998501931,129,3,126
998501932,8,0,8
998501933,46,0,46
998501937,78,44,34
998501944,5,0,5
998501950,0,8,-8
998501970,50,2,48
998501971,0,83,-83
998501973,0,58,-58
998501974,0,342,-342
998501975,530,2,528
998501976,228,0,228
998501977,3,19,-16
998501978,57,1,56
998501979,0,15,-15
998501980,126,4,122
998501981,12,28,-16
998501982,1,116,-115
998501983,0,2,-2
998502006,0,0,0
998502024,0,11,-11
998502032,0,4,-4
998502062,33,1,32
998502063,0,0,0
998502173,59,0,59
998502269,0,1,-1
998502546,5,201,-196
998502578,2,5,-3
998502599,160,644,-484
998502621,0,0,0
998601159,3,214,-211
998601292,0,5,-5
999033574,1,1671,-1670
999800001,96,68,28
999800002,0,4,-4
999800003,3,1,2
999800004,0,6,-6
999800005,0,4,-4
