ID,insum,outsum,diff
100000001,654,365,289
100000002,1089,382,707
100000003,8209,1501,6708
100000004,2050,601,1449
100000005,2011,1818,193
100000006,162,70,92
100000007,407,296,111
100000008,100,458,-358
100000009,170,119,51
100000010,11,24,-13
100000011,321,67,254
100000012,96,592,-496
100000013,17,184,-167
100000014,231,361,-130
100000015,708,515,193
100000016,922,1041,-119
100000017,380,987,-607
100000018,852,399,453
100000019,4911,1212,3699
100000020,1475,1479,-4
100000021,6261,1455,4806
100000022,999,501,498
100000023,6104,685,5419
100000025,2450,265,2185
100000028,1268,567,701
100000029,286,154,132
100000030,574,28,546
100000031,5315,2370,2945
100000032,2639,1950,689
100000033,426,1419,-993
100000034,829,199,630
100000035,1541,574,967
100000036,2006,677,1329
100000037,229,283,-54
100000038,506,532,-26
100000039,294,106,188
100000040,51,58,-7
100000041,243,217,26
100000042,286,318,-32
100000043,353,189,164
100000044,390,605,-215
100000045,333,1309,-976
100000046,346,1244,-898
100000047,166,761,-595
100000048,265,722,-457
100000049,1435,2517,-1082
100000051,210,1109,-899
100000053,6,1,5
100000054,66,17,49
100000055,261,302,-41
100000056,130,404,-274
100000057,1000,552,448
100000058,431,1398,-967
100000059,1,83,-82
100000060,221,210,11
100000061,894,412,482
100000062,960,359,601
100000063,331,197,134
100000064,466,302,164
100000065,299,1168,-869
100000066,158,985,-827
100000067,273,876,-603
100000068,303,1377,-1074
100000069,155,1643,-1488
100000072,503,1018,-515
100000073,757,1238,-481
100000075,369,308,61
100000076,1477,1243,234
100000077,621,43,578
100000078,152,16,136
100000079,87,28,59
100000080,12,6,6
100000081,18,20,-2
100000102,1422,761,661
100000103,2772,598,2174
100000104,3672,715,2957
100000105,3685,357,3328
100000106,1673,719,954
100000107,334,188,146
100000108,574,1068,-494
100000109,2698,998,1700
100000116,957,280,677
100000117,13,22,-9
100000118,933,425,508
100000119,366,382,-16
100000121,102,505,-403
100000122,581,613,-32
100000123,3941,3585,356
100000124,8644,4002,4642
100000125,3675,555,3120
100000126,655,173,482
100000127,1686,349,1337
100000128,705,622,83
100000129,385,350,35
100000130,336,500,-164
100000131,4419,2063,2356
100000132,2733,945,1788
100000133,9940,2717,7223
100000135,259,474,-215
100000139,183,369,-186
100000140,122,306,-184
100000142,206,578,-372
100000143,1608,1070,538
100000144,3491,1011,2480
100000147,690,1366,-676
100000150,8,439,-431
100000151,409,245,164
100000153,265,211,54
100000154,64,28,36
100000155,3,21,-18
100000156,29,63,-34
100000157,81,155,-74
100000158,54,81,-27
100000159,268,332,-64
100000165,912,790,122
100000169,454,233,221
100000174,1705,238,1467
100000179,92,568,-476
100000180,301,842,-541
100000181,36,256,-220
100000188,52,324,-272
100000189,328,213,115
100000190,293,162,131
100000191,302,330,-28
100000192,90,69,21
100000193,111,128,-17
100000330,1955,258,1697
100000355,267,452,-185
100000362,4022,3106,916
100000363,1379,2512,-1133
100000364,313,209,104
100000365,2476,3782,-1306
100000366,3190,2119,1071
100000367,1671,2519,-848
100000368,1657,1575,82
100000369,564,875,-311
100000370,65,249,-184
100000376,50,43,7
100000379,1803,715,1088
100000380,2585,1155,1430
100000384,5274,1557,3717
100000385,4693,2234,2459
100000386,8223,1739,6484
100000387,7168,2222,4946
100000388,13939,2030,11909
100000389,11766,2157,9609
100000390,11965,1794,10171
100000391,7925,2170,5755
100000392,3042,694,2348
100000393,1098,781,317
100000394,5338,1709,3629
100000395,2316,595,1721
100000396,3420,1095,2325
100000397,1645,800,845
100000398,9800,6672,3128
100000413,28,4,24
100900002,3,44,-41
100900003,93,77,16
100900004,16,726,-710
100900005,39,17,22
100900006,2,162,-160
100900007,93,5,88
100900008,3,435,-432
100900009,15,20,-5
100900010,5,125,-120
100900011,17,260,-243
100900012,1,270,-269
100900013,136,6,130
100900014,1,3,-2
100900015,100,75,25
100900016,0,54,-54
100900017,253,30,223
100900018,0,9,-9
100900019,4,12,-8
100900020,98,0,98
100900021,549,0,549
100900022,2,19,-17
100900023,0,5,-5
100900024,380,1,379
100900025,11,1,10
100900026,11,101,-90
100900027,436,1186,-750
100900028,76,81,-5
100900029,132,9,123
100900030,0,11,-11
100900031,174,21,153
100900032,39,0,39
100900033,240,62,178
100900034,148,0,148
100900035,160,2,158
100900036,29,0,29
100900037,9,265,-256
100900038,18,14,4
100900039,317,620,-303
100900040,88,898,-810
100900041,183,926,-743
100900042,169,191,-22
100900043,0,0,0
100900044,2333,152,2181
100900045,20,0,20
100900046,389,4,385
100900047,688,52,636
100900048,28,2,26
100900049,19,208,-189
100900050,0,13,-13
100900051,6,30,-24
100900052,42,18,24
100900053,85,13,72
100900054,3,168,-165
100900055,75,130,-55
100900056,44,83,-39
100900057,306,184,122
100900058,110,19,91
100900059,4,1,3
100900060,25,14,11
100900061,250,196,54
100900062,1,79,-78
100900063,50,251,-201
100900064,222,9,213
100900065,37,26,11
100900066,31,32,-1
100900067,1,7,-6
100900068,15,141,-126
100900069,105,0,105
100900070,64,1,63
100900071,477,183,294
100900072,0,96,-96
100900073,28,451,-423
100900074,0,6,-6
100900075,2052,164,1888
100900076,19,20,-1
100900077,2,116,-114
100900078,67,83,-16
100900079,0,41,-41
100900080,4,107,-103
100900081,18,19,-1
100900082,19,802,-783
100900083,1,57,-56
100900085,1,60,-59
100900086,58,223,-165
100900088,25,691,-666
100900089,2,30,-28
100900090,38,334,-296
100900091,0,10,-10
100900092,54,42,12
100900093,45,97,-52
100900094,32,630,-598
100900095,2,23,-21
100900096,10,63,-53
100900097,6,3,3
100900098,4,89,-85
100900099,12,368,-356
100900100,10,165,-155
100900101,270,15,255
100900102,4,15,-11
100900103,0,36,-36
100900104,14,124,-110
100900105,2,56,-54
100900106,55,0,55
100900107,1373,295,1078
100900108,1,3,-2
100900109,2,56,-54
100900110,1,14,-13
100900111,51,102,-51
100900112,0,4,-4
100900113,1,10,-9
100900114,4,39,-35
100900115,0,16,-16
100900116,446,165,281
100900117,136,241,-105
100900118,1,34,-33
100900119,1,28,-27
100900120,2,9,-7
100900121,137,126,11
100900122,95,157,-62
100900123,11,86,-75
100900124,1,5,-4
100900125,10,46,-36
100900126,33,75,-42
100900127,0,7,-7
100900128,46,75,-29
100900129,0,65,-65
100900131,19,82,-63
100900133,16,46,-30
100900134,3,5,-2
100900135,0,73,-73
100900137,227,151,76
100900138,273,128,145
100900139,1,4,-3
100900140,4,945,-941
100900141,1,159,-158
100900142,0,2,-2
100900143,967,187,780
100900144,12,0,12
100900145,16,54,-38
100900146,7,11,-4
100900147,0,138,-138
100900148,30,961,-931
100900149,1,21,-20
100900150,0,1,-1
100900151,62,421,-359
100900152,77,3,74
100900153,5,104,-99
100900154,1,5,-4
100900155,2,5,-3
100900156,25,1,24
100900157,0,69,-69
100900159,1,10,-9
100900160,4,10,-6
100900161,117,0,117
100900162,4,131,-127
100900163,138,203,-65
100900164,11,31,-20
100900165,34,42,-8
100900166,13,3,10
100900167,15,56,-41
100900168,9,94,-85
100900169,153,1158,-1005
100900170,1,5,-4
100900171,17,738,-721
100900172,0,2,-2
100900173,1,640,-639
100900174,49,22,27
100900176,1014,27,987
100900177,748,127,621
100900178,109,119,-10
100900179,35,25,10
100900180,0,2,-2
100900181,44,24,20
100900182,16,14,2
100900184,1,75,-74
100900186,799,409,390
100900187,2,172,-170
100900188,19,2,17
100900189,494,75,419
100900191,896,394,502
100900192,151,60,91
100900195,42,106,-64
100900197,0,59,-59
100900198,8,158,-150
100900199,4,5,-1
100900200,496,291,205
100900201,22,654,-632
100900202,17,0,17
100900203,0,25,-25
100900204,151,97,54
100900205,57,174,-117
100900206,29,18,11
100900207,68,50,18
100900210,39,667,-628
100900211,173,39,134
100900213,21,10,11
100900214,793,49,744
100900215,1,38,-37
100900217,94,23,71
101000001,4192,2148,2044
101000002,2711,2226,485
101000003,613,1104,-491
101000004,8496,4181,4315
101000005,2319,3375,-1056
101000006,8561,4602,3959
101000007,1874,2182,-308
101000008,2752,1917,835
101000009,823,1926,-1103
101000010,570,1253,-683
101000011,1868,497,1371
101000012,1482,267,1215
101000013,283,507,-224
101000014,350,364,-14
101000015,696,779,-83
101000016,232,291,-59
101000017,289,336,-47
101000018,2921,1913,1008
101000020,4079,645,3434
101000021,759,147,612
101000022,326,50,276
101000023,1313,601,712
101000025,96,210,-114
101000026,347,25,322
101000027,1023,984,39
101000028,705,100,605
101000029,11,576,-565
101000030,364,36,328
101000031,149,80,69
101000032,3269,1305,1964
101000033,2286,1545,741
101000034,2225,797,1428
101000035,1030,198,832
101000036,1195,234,961
101000037,3928,767,3161
101000039,3343,654,2689
101000040,3774,1661,2113
101000041,6525,1827,4698
101000042,400,310,90
101000043,4336,1421,2915
101000045,672,226,446
101000046,1258,571,687
101000047,742,776,-34
101000048,466,626,-160
101000049,467,492,-25
101000050,1059,271,788
101000051,1665,584,1081
101000052,1465,297,1168
101000053,697,1014,-317
101000054,1302,1114,188
101000055,1355,481,874
101000056,57,32,25
101000057,2427,475,1952
101000058,1793,447,1346
101000059,3197,1160,2037
101000060,2079,177,1902
101000061,1636,548,1088
101000062,1856,197,1659
101000063,501,212,289
101000064,1142,199,943
101000065,156,226,-70
101000066,145,140,5
101000067,517,183,334
101000068,190,117,73
101000069,269,32,237
101000070,1506,419,1087
101000071,1333,608,725
101000072,855,2183,-1328
101000073,567,253,314
101000074,3425,1541,1884
101000075,5234,2198,3036
101000077,916,855,61
101000078,762,1254,-492
101000079,323,852,-529
101000080,523,583,-60
101000081,781,835,-54
101000082,2598,1986,612
101000083,1230,964,266
101000084,798,1189,-391
101000085,1224,790,434
101000086,1100,998,102
101000087,846,1313,-467
101000088,567,650,-83
101000089,635,948,-313
101000090,2233,1474,759
101000091,279,1533,-1254
101000092,693,968,-275
101000093,1032,534,498
101000094,322,1072,-750
101000095,162,725,-563
101000096,312,509,-197
101000097,169,270,-101
101000098,343,381,-38
101000099,992,1118,-126
101000100,743,447,296
101000101,236,230,6
101000102,546,198,348
101000103,583,289,294
101000104,143,214,-71
101000105,1100,168,932
101000106,558,310,248
101000107,105,179,-74
101000108,1336,321,1015
101000109,78,66,12
101000110,19,754,-735
101000111,103,160,-57
101000113,96,268,-172
101000114,1490,820,670
101000115,89,60,29
101000116,19,86,-67
101000117,86,246,-160
101000119,185,12,173
101000120,246,2,244
101000121,72,12,60
101000122,77,10,67
101000123,24,18,6
101000124,284,231,53
101000125,152,312,-160
101000128,562,252,310
101000130,304,181,123
101000131,371,632,-261
101000132,210,1725,-1515
101000135,87,6,81
101000136,137,60,77
101000137,38,132,-94
101000141,2239,899,1340
101000147,1011,506,505
101000148,2738,32,2706
101000149,72,25,47
101000150,22,1209,-1187
101000151,36,109,-73
101000152,384,221,163
101000153,619,374,245
101000154,109,1700,-1591
101000155,55,83,-28
101000156,12,198,-186
101000157,58,16,42
101000160,28,65,-37
101000163,96,37,59
101000164,409,292,117
101000165,151,273,-122
101000166,185,276,-91
101000168,475,266,209
101000252,521,478,43
101000254,257,14,243
101000258,54,25,29
101000261,168,171,-3
101000262,400,766,-366
101000263,119,455,-336
101000265,47,464,-417
101000266,236,180,56
101000269,107,4,103
101000290,1482,1086,396
101000293,2,93,-91
101000294,369,485,-116
101000295,109,324,-215
101000301,842,153,689
101000304,1399,2131,-732
101000305,1818,1467,351
101000328,53,381,-328
101900001,17,96,-79
101900002,0,18,-18
101900003,50,72,-22
101900004,4,39,-35
101900005,5059,581,4478
101900006,635,6,629
101900007,317,19,298
101900008,99,88,11
101900009,46,174,-128
101900010,830,230,600
101900011,231,449,-218
101900012,66,112,-46
101900013,1003,83,920
101900017,14,55,-41
101900018,1713,73,1640
101900019,76,64,12
101900020,94,59,35
101900021,0,32,-32
101900022,23,1526,-1503
101900023,21,272,-251
101900026,60,31,29
101900027,4,94,-90
102000001,1743,3150,-1407
102000002,2498,1251,1247
102000003,3270,2856,414
102000004,8132,1690,6442
102000005,1386,1716,-330
102000006,1881,1027,854
102000007,1281,2827,-1546
102000008,6882,1414,5468
102000009,4919,5836,-917
102000010,6256,2455,3801
102000011,1681,1954,-273
102000012,2753,3023,-270
102000018,2920,1585,1335
102000019,2268,782,1486
102000026,255,345,-90
102000029,547,142,405
102000030,58,171,-113
102000031,15,206,-191
102000032,175,300,-125
102000033,92,447,-355
102000034,346,279,67
102000035,772,443,329
102000036,4,143,-139
102000037,135,83,52
102000038,37,83,-46
102000039,62,50,12
102000040,333,48,285
102000041,120,115,5
102000042,51,50,1
102000043,92,147,-55
102000044,208,387,-179
102000045,515,799,-284
102000046,657,334,323
102000047,584,988,-404
102000048,126,630,-504
102000049,511,403,108
102000050,661,843,-182
102000051,172,315,-143
102000052,739,688,51
102000053,315,597,-282
102000054,239,639,-400
102000055,516,945,-429
102000056,391,1070,-679
102000057,1056,407,649
102000058,982,1723,-741
102000059,1198,1145,53
102000060,984,744,240
102000061,1050,2746,-1696
102000062,574,1197,-623
102000063,905,1357,-452
102000064,502,630,-128
102000065,30,130,-100
102000066,979,982,-3
102000067,2254,2046,208
102000068,7966,2610,5356
102000069,36,1525,-1489
102000070,2796,52,2744
102000071,6459,8698,-2239
102000072,3229,4449,-1220
102000073,419,992,-573
102000074,279,766,-487
102000075,250,324,-74
102000076,304,377,-73
102000077,276,1496,-1220
102000078,521,979,-458
102000079,70,283,-213
102000080,108,193,-85
102000081,274,719,-445
102000082,635,164,471
102000083,166,708,-542
102000084,66,469,-403
102000085,1386,1305,81
102000086,847,1023,-176
102000087,445,2174,-1729
102000088,147,281,-134
102000089,602,620,-18
102000090,376,1270,-894
102000091,1080,453,627
102000092,550,933,-383
102000093,679,526,153
102000094,938,348,590
102000095,697,626,71
102000096,1092,454,638
102000097,1272,724,548
102000098,495,653,-158
102000099,606,314,292
102000100,890,479,411
102000101,897,195,702
102000102,401,1216,-815
102000103,1362,236,1126
102000104,914,345,569
102000105,102,890,-788
102000106,333,879,-546
102000107,390,478,-88
102000108,333,262,71
102000109,169,528,-359
102000110,374,1570,-1196
102000111,7,263,-256
102000112,107,84,23
102000113,1,23,-22
102000114,797,252,545
102000115,183,128,55
102000116,226,210,16
102000117,185,455,-270
102000118,1774,912,862
102000119,2688,427,2261
102000120,50,401,-351
102000121,589,383,206
102000122,225,748,-523
102000123,1134,645,489
102000124,766,872,-106
102000125,658,555,103
102000126,414,597,-183
102000127,862,644,218
102000128,383,915,-532
102000129,570,1030,-460
102000130,304,610,-306
102000131,490,590,-100
102000132,322,408,-86
102000133,687,2711,-2024
102000134,300,566,-266
102000135,1082,453,629
102000136,898,240,658
102000137,601,676,-75
102000138,192,391,-199
102000139,42,340,-298
102000140,151,206,-55
102000141,101,521,-420
102000142,106,325,-219
102000143,31,471,-440
102000144,40,418,-378
102000145,91,343,-252
102000146,133,277,-144
102000147,191,186,5
102000148,124,171,-47
102000149,104,762,-658
102000150,154,203,-49
102000151,59,357,-298
102000152,101,112,-11
102000153,519,183,336
102000154,266,443,-177
102000155,87,230,-143
102000156,294,25,269
102000157,43,110,-67
102000158,260,162,98
102000159,1353,102,1251
102000161,3825,800,3025
102000162,158,75,83
102000163,64,259,-195
102000164,1060,451,609
102000165,231,82,149
102000166,21,75,-54
102000167,130,155,-25
102000168,169,93,76
102000169,49,282,-233
102000170,687,85,602
102000171,95,47,48
102000172,15,169,-154
102000173,229,204,25
102000174,28,37,-9
102000175,58,239,-181
102000176,27,40,-13
102000178,169,563,-394
102000179,174,191,-17
102000180,279,522,-243
102000181,169,781,-612
102000182,241,683,-442
102000183,676,1943,-1267
102000184,631,854,-223
102000185,874,1712,-838
102000186,376,1691,-1315
102000187,291,1789,-1498
102000188,343,1333,-990
102000189,2601,876,1725
102000190,528,1374,-846
102000191,1186,474,712
102000192,536,790,-254
102000193,15,169,-154
102000194,37,142,-105
102000195,203,511,-308
102000196,50,578,-528
102000197,151,450,-299
102000198,66,1007,-941
102000199,199,403,-204
102000200,123,1125,-1002
102000201,242,463,-221
102000202,1,136,-135
102000203,111,355,-244
102000204,170,1058,-888
102000205,412,885,-473
102000206,277,651,-374
102000207,359,475,-116
102000208,136,534,-398
102000209,22,51,-29
102000210,84,488,-404
102000211,176,468,-292
102000212,51,12,39
102000213,2,376,-374
102000214,42,19,23
102000215,0,551,-551
102000216,10,17,-7
102000217,7,223,-216
102000218,50,28,22
102000219,271,364,-93
102000225,964,722,242
102000226,2607,133,2474
102000227,38,4,34
102000228,2,100,-98
102000229,36,13,23
102000230,262,653,-391
102000231,187,414,-227
102000232,5,108,-103
102000233,339,542,-203
102000234,91,1586,-1495
102000236,325,62,263
102000237,312,170,142
102000238,130,237,-107
102000240,833,480,353
102000241,281,83,198
102000243,3,54,-51
102000245,28,154,-126
102000246,33,22,11
102000247,1945,948,997
102000248,839,644,195
102000249,80,151,-71
102000250,30,446,-416
102000254,25,605,-580
102000266,26,142,-116
102000271,14,1,13
102000286,336,243,93
102000297,1106,711,395
102000301,0,0,0
102000303,0,0,0
102000305,0,0,0
102000307,0,6,-6
102900001,984,748,236
102900002,279,35,244
102900003,10,312,-302
102900005,221,292,-71
102900006,273,167,106
102900007,320,25,295
102900008,155,41,114
102900009,281,56,225
102900010,583,391,192
102900011,2003,165,1838
102900012,315,42,273
102900013,6,48,-42
102900015,562,95,467
102900016,30,129,-99
102900017,48,540,-492
102900018,7,127,-120
102900019,138,325,-187
102900020,17,42,-25
102900021,10,101,-91
102900022,253,34,219
102900023,13,38,-25
102900024,11,40,-29
102900025,191,84,107
102900026,342,1018,-676
102900027,28,54,-26
102900028,74,361,-287
102900029,41,71,-30
102900030,213,127,86
102900031,67,155,-88
102900032,36,155,-119
102900033,23,140,-117
102900034,116,129,-13
102900035,55,460,-405
102900036,50,687,-637
102900037,69,667,-598
102900038,344,442,-98
102900039,5,265,-260
102900040,73,138,-65
102900041,37,122,-85
102900042,93,303,-210
102900043,93,232,-139
102900044,361,1777,-1416
102900045,44,467,-423
102900046,58,283,-225
102900047,41,711,-670
102900048,327,708,-381
102900049,53,305,-252
102900050,162,285,-123
102900051,111,134,-23
102900053,174,596,-422
102900054,567,528,39
102900055,21,80,-59
102900056,89,369,-280
102900057,0,16,-16
102900058,196,25,171
102900059,1,37,-36
102900060,29,265,-236
102900061,37,404,-367
102900062,56,1272,-1216
102900063,430,373,57
102900064,132,282,-150
102900065,1359,512,847
102900066,187,15,172
102900068,35,47,-12
102900070,59,706,-647
102900072,6,16,-10
102900073,91,2,89
102900075,12,14,-2
102900076,158,26,132
102900077,12,12,0
102900078,20,60,-40
102900079,149,5,144
102900080,147,26,121
102900081,59,241,-182
102900082,4,235,-231
102900083,265,5,260
102900084,3,10,-7
102900085,41,41,0
102900086,1,20,-19
102900087,11,104,-93
102900088,8,38,-30
102900089,161,85,76
102900090,5,451,-446
102900091,43,0,43
102900092,82,1072,-990
102900094,2,47,-45
102900095,59,1,58
102900096,20,6,14
102900097,0,88,-88
103000001,1650,2412,-762
103000002,1326,1581,-255
103000003,2253,1984,269
103000004,874,498,376
103000005,1600,1774,-174
103000006,550,1112,-562
103000007,424,724,-300
103000008,593,1013,-420
103000009,453,556,-103
103000010,190,198,-8
103000011,1654,713,941
103000012,784,934,-150
103000013,6348,1647,4701
103000014,971,956,15
103000015,2210,838,1372
103000016,579,631,-52
103000017,116,227,-111
103000018,945,362,583
103000019,105,83,22
103000020,1239,1262,-23
103000021,766,998,-232
103000022,701,1099,-398
103000023,364,814,-450
103000024,93,162,-69
103000025,46,174,-128
103000026,1974,159,1815
103000027,253,222,31
103000028,656,271,385
103000029,498,99,399
103000030,1953,518,1435
103000031,1252,900,352
103000032,1881,1655,226
103000033,2433,2077,356
103000034,1376,554,822
103000035,381,665,-284
103000036,440,368,72
103000037,731,327,404
103000038,516,619,-103
103000039,127,502,-375
103000040,168,1255,-1087
103000041,1295,3268,-1973
103000042,470,713,-243
103000043,235,1315,-1080
103000044,88,284,-196
103000046,117,282,-165
103000047,285,685,-400
103000048,80,91,-11
103000049,65,169,-104
103000050,377,589,-212
103000051,245,411,-166
103000052,818,432,386
103000053,139,317,-178
103000054,1100,1046,54
103000055,961,1224,-263
103000056,498,2303,-1805
103000057,412,285,127
103000058,219,931,-712
103000059,247,893,-646
103000060,808,848,-40
103000061,466,648,-182
103000062,636,883,-247
103000063,513,747,-234
103000064,101,282,-181
103000065,2,300,-298
103000066,44,4,40
103000069,67,357,-290
103000070,439,1385,-946
103000071,472,324,148
103000072,67,1040,-973
103000073,178,90,88
103000074,241,45,196
103000075,101,826,-725
103000076,161,84,77
103000077,34,344,-310
103000078,1320,175,1145
103000079,1269,351,918
103000080,960,95,865
103000081,393,558,-165
103000082,252,155,97
103000083,38,392,-354
103000084,146,3,143
103000085,2,98,-96
103000086,562,173,389
103000087,101,258,-157
103000088,299,241,58
103000089,122,223,-101
103000090,1118,891,227
103000091,403,361,42
103000092,191,246,-55
103000093,248,513,-265
103000094,103,96,7
103000095,17,368,-351
103000096,496,58,438
103000097,24,673,-649
103000098,742,81,661
103000099,282,538,-256
103000100,36,768,-732
103000101,280,180,100
103000102,84,634,-550
103000103,302,157,145
103000104,30,146,-116
103000105,31,77,-46
103000106,10,101,-91
103000107,264,50,214
103000108,457,526,-69
103000109,263,303,-40
103000110,344,283,61
103000111,313,277,36
103000112,127,213,-86
103000113,293,502,-209
103000114,536,232,304
103000115,267,431,-164
103000116,199,389,-190
103000117,120,407,-287
103000118,999,1103,-104
103000119,1682,709,973
103000120,17,83,-66
103000121,270,589,-319
103000122,220,162,58
103000125,3,568,-565
103000126,150,8,142
103000127,0,368,-368
103000128,62,3,59
103000129,0,226,-226
103000130,22,16,6
103000131,208,87,121
103000132,97,55,42
103000133,3,213,-210
103000134,579,336,243
103000135,770,209,561
103000136,600,277,323
103000137,467,416,51
103000138,847,468,379
103000139,1,41,-40
103000140,88,20,68
103000141,34,94,-60
103000142,157,43,114
103000143,25,180,-155
103000144,155,56,99
103000145,9,17,-8
103000150,81,71,10
103000152,176,166,10
103000153,105,145,-40
103000156,3,648,-645
103000157,178,1,177
103000159,73,51,22
103000162,71,12,59
103000163,8,13,-5
103000164,23,10,13
103000165,135,456,-321
103000166,96,129,-33
103000167,90,102,-12
103000168,47,152,-105
103000169,92,176,-84
103000170,561,547,14
103000171,37,52,-15
103000172,131,274,-143
103000173,123,722,-599
103000174,118,270,-152
103000175,101,597,-496
103000176,578,189,389
103000177,661,419,242
103000178,397,237,160
103000179,85,24,61
103000183,48,18,30
103000185,41,84,-43
103000186,38,142,-104
103000187,126,860,-734
103000188,5,75,-70
103000189,478,943,-465
103000191,421,436,-15
103000292,2592,388,2204
103000293,1546,683,863
103000295,55,67,-12
103000296,52,6,46
103000297,18,3,15
103000504,30,9,21
103000505,13,1,12
103000506,1,183,-182
103000507,69,3,66
103000508,58,19,39
103000509,144,455,-311
103900001,3,435,-432
103900002,1749,153,1596
103900003,1343,62,1281
103900004,12,0,12
103900005,2,205,-203
103900006,0,0,0
103900007,10,8,2
103900008,2,1,1
103900009,60,213,-153
103900010,112,244,-132
103900011,49,289,-240
103900012,3,15,-12
103900013,14,86,-72
103900014,14,27,-13
103900015,33,26,7
103900016,169,390,-221
103900017,9,55,-46
103900018,796,135,661
103900019,41,102,-61
103900020,74,212,-138
103900021,904,42,862
103900022,491,582,-91
103900023,31,0,31
103900024,77,509,-432
103900025,0,23,-23
103900026,7,0,7
103900027,216,134,82
103900028,6,220,-214
103900029,540,97,443
103900030,371,14,357
103900031,1,3,-2
103900032,30,19,11
103900033,18,4,14
103900034,9,236,-227
103900035,6,57,-51
103900036,47,4,43
103900037,14,36,-22
103900038,81,56,25
103900039,12,490,-478
103900040,8,225,-217
103900041,5,10,-5
103900042,17,566,-549
103900043,45,113,-68
103900044,136,57,79
103900045,138,141,-3
103900047,19,18,1
103900048,14,14,0
103900049,166,944,-778
103900050,0,70,-70
103900051,0,21,-21
103900052,62,755,-693
103900053,56,1121,-1065
103900054,18,732,-714
103900055,113,146,-33
103900056,11,55,-44
103900057,1,282,-281
103900058,27,721,-694
103900059,0,1,-1
103900060,12,173,-161
103900061,19,75,-56
103900062,49,32,17
103900063,0,0,0
103900064,7,0,7
103900065,720,175,545
103900066,17,5,12
103900067,20,0,20
103900068,0,1,-1
103900069,23,2,21
103900070,79,244,-165
103900071,19,170,-151
103900072,1,361,-360
103900073,9,6,3
103900074,5,101,-96
103900075,62,96,-34
103900076,119,696,-577
103900077,52,32,20
103900078,34,140,-106
103900079,87,205,-118
103900080,6,27,-21
103900081,127,5,122
103900082,1,73,-72
103900083,1598,154,1444
103900084,6,96,-90
103900085,88,114,-26
103900086,160,192,-32
103900088,513,158,355
103900089,110,247,-137
103900090,3,177,-174
103900091,814,199,615
103900092,156,494,-338
103900093,61,374,-313
103900094,8,207,-199
103900095,106,151,-45
103900096,14,371,-357
103900097,1,474,-473
103900098,73,56,17
103900099,11,173,-162
103900100,47,296,-249
103900101,30,718,-688
103900102,0,31,-31
103900104,0,29,-29
103900105,97,136,-39
103900106,0,23,-23
103900107,21,157,-136
103900108,5,459,-454
103900109,14,66,-52
103900110,100,42,58
103900111,12,754,-742
103900112,11,46,-35
103900113,121,115,6
103900114,446,308,138
103900115,172,50,122
103900116,6201,592,5609
103900117,221,126,95
103900119,19,40,-21
103900120,21,73,-52
103900122,10,333,-323
103900123,1290,317,973
103900124,19,649,-630
103900125,63,96,-33
103900126,131,476,-345
103900127,95,827,-732
103900128,15,224,-209
103900131,1,149,-148
103900133,586,18,568
103900134,1,0,1
103900135,8,8,0
103900137,0,48,-48
103900138,14,455,-441
103900139,239,714,-475
103900140,0,25,-25
103900141,141,83,58
103900142,27,155,-128
103900143,8,3,5
103900144,0,65,-65
103900145,88,276,-188
103900146,235,279,-44
103900147,133,82,51
103900148,77,202,-125
103900149,26,758,-732
103900150,6864,1045,5819
103900151,18,135,-117
103900152,105,688,-583
103900153,1,2,-1
103900154,1260,479,781
103900155,13,215,-202
103900156,8,142,-134
103900157,6,216,-210
103900158,21,205,-184
103900159,23,43,-20
103900160,29,8,21
103900161,20,108,-88
103900162,72,197,-125
103900163,4,269,-265
103900167,4,46,-42
103900168,21,110,-89
103900169,3,31,-28
103900170,0,97,-97
103900171,2,70,-68
103900172,4,37,-33
103900173,1,5,-4
103900174,35,41,-6
103900175,35,17,18
103900176,2,13,-11
103900177,2,40,-38
103900178,10,59,-49
103900179,10,151,-141
103900180,9,124,-115
103900181,69,23,46
103900182,23,3,20
103900184,444,23,421
103900185,196,64,132
103900187,33,18,15
103900188,19,8,11
103900189,27,5,22
103900190,15,50,-35
103900191,17,23,-6
103900192,12,79,-67
103900193,120,113,7
103900194,19,268,-249
103900195,2,20,-18
103900196,2,18,-16
103900197,3,39,-36
103900198,5,46,-41
103900199,22,73,-51
103900200,84,206,-122
103900201,32,206,-174
103900202,5,44,-39
103900203,17,19,-2
103900204,3,120,-117
103900207,1,160,-159
103900208,6,2,4
103900209,7,115,-108
103900210,11,29,-18
103900211,159,688,-529
103900212,30,514,-484
103900213,80,227,-147
103900214,172,64,108
103900215,849,247,602
103900216,10,408,-398
103900217,223,48,175
103900218,1,165,-164
103900219,32,302,-270
103900233,53,1,52
103900235,19,11,8
103900236,22,3,19
103900242,4,7,-3
103900243,2,7,-5
103900244,31,282,-251
103900245,23,258,-235
103900246,62,26,36
103900247,23,99,-76
103900248,2,25,-23
103900249,0,11,-11
103900250,22,10,12
103900251,4,18,-14
103900253,29,21,8
103900254,5,12,-7
103900255,3,8,-5
103900256,15,23,-8
103900257,84,51,33
103900258,17,0,17
103900259,59,7,52
103900261,2,0,2
103900262,12,0,12
103900263,35,46,-11
103900264,39,7,32
103900265,48,7,41
103900266,0,35,-35
103900267,8,40,-32
103900268,2,138,-136
103900269,56,52,4
103900270,10,170,-160
103900271,52,219,-167
103900272,2,17,-15
103900273,1,19,-18
103900274,3,1,2
103900275,4,4,0
103900276,1,16,-15
103900277,0,27,-27
103900278,0,4,-4
103900279,1,4,-3
103900280,0,48,-48
104000001,1356,2063,-707
104000002,1038,2220,-1182
104000003,1798,1950,-152
104000004,3203,2124,1079
104000005,730,1490,-760
104000006,2068,2591,-523
104000007,2826,2863,-37
104000008,207,547,-340
104000009,91,113,-22
104000010,73,174,-101
104000011,546,492,54
104000012,94,479,-385
104000013,37,117,-80
104000014,128,579,-451
104000015,135,154,-19
104000016,286,354,-68
104000018,334,113,221
104000019,208,85,123
104000020,161,962,-801
104000021,228,752,-524
104000022,59,352,-293
104000023,380,301,79
104000024,109,316,-207
104000026,39,238,-199
104000027,131,472,-341
104000028,203,277,-74
104000029,296,681,-385
104000030,102,270,-168
104000031,396,169,227
104000032,157,388,-231
104000033,260,258,2
104000034,216,440,-224
104000035,294,376,-82
104000036,267,583,-316
104000037,160,330,-170
104000038,194,192,2
104000039,110,543,-433
104000040,381,519,-138
104000041,369,271,98
104000042,163,518,-355
104000043,201,375,-174
104000044,176,863,-687
104000045,515,1284,-769
104000046,1180,1582,-402
104000047,497,1435,-938
104000048,1013,2213,-1200
104000049,309,393,-84
104000050,189,602,-413
104000051,64,633,-569
104000052,577,1089,-512
104000053,538,750,-212
104000054,266,450,-184
104000055,3464,2587,877
104000056,1888,296,1592
104000057,94,643,-549
104000058,418,642,-224
104000059,227,1115,-888
104000060,308,911,-603
104000061,1018,1122,-104
104000062,161,315,-154
104000064,669,231,438
104000065,70,293,-223
104000069,1128,538,590
104000070,59,237,-178
104000071,182,474,-292
104000072,974,396,578
104000075,25,230,-205
104000076,328,26,302
104000082,1456,1828,-372
104000083,649,180,469
104000084,71,434,-363
104000085,125,190,-65
104000086,147,352,-205
104000087,383,686,-303
104000090,430,1648,-1218
104000092,421,2610,-2189
104000094,501,2145,-1644
104000095,980,1301,-321
104000096,685,398,287
104000097,967,979,-12
104000098,875,1293,-418
104000100,760,602,158
104000101,868,2564,-1696
104000106,121,578,-457
104000107,361,586,-225
104000108,363,525,-162
104000109,281,35,246
104000110,825,852,-27
104000111,4546,1168,3378
104000112,2074,475,1599
104000116,5,1483,-1478
104000117,61,1082,-1021
104000118,186,257,-71
104000119,371,248,123
104000120,111,963,-852
104000121,131,691,-560
104000122,437,708,-271
104000123,646,1424,-778
104000124,1522,2556,-1034
104000125,4552,2120,2432
104000126,144,353,-209
104000127,1487,4345,-2858
104000128,733,468,265
104000129,407,14,393
104000130,12,242,-230
104000131,1006,803,203
104000132,573,1096,-523
104000133,871,700,171
104000134,669,1031,-362
104000135,349,541,-192
104000136,759,1410,-651
104000137,1649,190,1459
104000138,1148,297,851
104000139,8995,2869,6126
104000141,1397,1997,-600
104000142,560,1160,-600
104000143,353,947,-594
104000144,42,189,-147
104000145,271,112,159
104000146,371,539,-168
104000147,69,315,-246
104000148,116,77,39
104000149,175,411,-236
104000150,384,295,89
104000151,184,608,-424
104000152,287,756,-469
104000153,107,331,-224
104000154,1093,720,373
104000155,230,323,-93
104000157,1124,2029,-905
104000158,124,188,-64
104000159,403,298,105
104000160,1295,1039,256
104000161,122,132,-10
104000162,11,90,-79
104000165,1290,1018,272
104000167,307,367,-60
104000168,406,7,399
104000169,22,40,-18
104000170,1004,222,782
104000248,99,665,-566
104000251,52,347,-295
104000272,0,0,0
104000273,0,0,0
104000274,0,0,0
104000275,0,0,0
104000279,512,385,127
104000290,36,308,-272
104000291,779,1088,-309
104000293,414,594,-180
104000294,1,0,1
104000295,284,711,-427
104000296,224,741,-517
104000297,607,1309,-702
104000298,1808,824,984
104000299,428,1254,-826
104000302,92,107,-15
104000303,131,116,15
104900001,62,360,-298
104900002,9,76,-67
104900003,28,417,-389
104900004,32,352,-320
104900005,90,137,-47
104900006,59,54,5
104900007,121,237,-116
104900009,76,536,-460
104900010,5,3,2
104900011,1,1,0
104900012,91,3,88
104900013,39,0,39
104900014,3947,257,3690
104900015,49,0,49
104900016,49,302,-253
104900017,21,202,-181
104900018,3,227,-224
104900019,233,780,-547
104900020,12,305,-293
104900021,0,231,-231
104900022,3,111,-108
104900023,1,99,-98
104900024,6,87,-81
104900025,40,376,-336
104900026,0,99,-99
104900027,162,124,38
104900028,17,99,-82
104900029,15,57,-42
104900030,187,152,35
104900031,109,157,-48
104900032,34,153,-119
104900033,34,68,-34
104900034,163,48,115
104900035,62,65,-3
104900036,47,44,3
104900037,96,309,-213
104900038,545,152,393
104900039,491,42,449
104900040,62,74,-12
104900041,132,73,59
104900042,71,282,-211
104900043,3,12,-9
104900044,127,133,-6
104900045,114,28,86
104900046,25,87,-62
104900047,104,96,8
104900048,81,52,29
104900049,4,2,2
104900050,47,56,-9
104900051,45,20,25
104900052,4,0,4
104900053,166,22,144
104900054,49,7,42
104900055,13,0,13
104900056,97,3,94
104900057,19,1,18
104900058,114,87,27
104900059,8,7,1
104900060,2,266,-264
104900061,262,612,-350
104900063,1,112,-111
104900064,0,100,-100
104900065,0,66,-66
104900066,4,171,-167
104900067,2,189,-187
104900068,4,237,-233
104900070,41,298,-257
104900071,1,805,-804
104900072,10,196,-186
104900073,17,232,-215
104900074,23,190,-167
104900075,21,61,-40
104900076,41,451,-410
104900077,1090,36,1054
104900078,61,857,-796
104900079,80,119,-39
104900080,21,636,-615
104900082,12,266,-254
104900085,2,307,-305
104900087,213,3,210
104900089,17,0,17
104900090,222,267,-45
104900091,383,749,-366
104900093,127,514,-387
104900097,2649,924,1725
104900098,16,46,-30
104900099,209,331,-122
104900100,786,114,672
104900102,10,215,-205
104900103,307,73,234
104900104,2587,595,1992
104900106,12,113,-101
104900107,38,326,-288
104900108,6,289,-283
104900109,27,45,-18
104900110,6,35,-29
104900111,62,80,-18
104900112,100,913,-813
104900113,292,337,-45
104900114,190,642,-452
104900115,246,574,-328
104900116,60,312,-252
104900118,6,88,-82
104900119,1,45,-44
104900120,113,12,101
104900121,0,63,-63
104900122,1,40,-39
104900123,3,2,1
104900124,2,0,2
104900125,169,3,166
104900126,82,52,30
104900127,31,7,24
104900128,41,98,-57
104900129,2303,480,1823
105000001,1524,1770,-246
105000002,1441,1612,-171
105000003,1914,3517,-1603
105000004,341,967,-626
105000005,533,1024,-491
105000006,692,1173,-481
105000007,519,927,-408
105000008,420,1211,-791
105000009,798,2150,-1352
105000010,2409,2218,191
105000011,1189,1584,-395
105000012,3128,2844,284
105000013,473,802,-329
105000014,724,1500,-776
105000015,4941,3312,1629
105000016,2549,1438,1111
105000017,1258,1016,242
105000018,966,746,220
105000019,1182,840,342
105000020,97,246,-149
105000021,216,139,77
105000022,68,18,50
105000023,246,158,88
105000028,41,116,-75
105000029,292,614,-322
105000030,3537,3506,31
105000031,2,17,-15
105000033,951,2112,-1161
105000034,77,431,-354
105000037,541,455,86
105000038,1070,825,245
105000039,3055,1780,1275
105000040,390,579,-189
105000041,402,1298,-896
105000042,1418,735,683
105000043,1609,2177,-568
105000044,186,264,-78
105000045,168,903,-735
105000046,372,338,34
105000047,308,1484,-1176
105000048,300,204,96
105000049,228,764,-536
105000050,292,246,46
105000051,176,587,-411
105000052,223,858,-635
105000053,73,209,-136
105000054,136,908,-772
105000055,230,343,-113
105000056,438,2407,-1969
105000057,775,1095,-320
105000058,1448,1454,-6
105000059,370,389,-19
105000060,387,576,-189
105000061,221,318,-97
105000062,828,1047,-219
105000063,198,704,-506
105000064,320,452,-132
105000065,219,1054,-835
105000066,492,1920,-1428
105000067,286,368,-82
105000068,325,819,-494
105000069,2365,459,1906
105000070,700,720,-20
105000071,110,323,-213
105000072,597,665,-68
105000073,519,343,176
105000074,734,992,-258
105000075,344,782,-438
105000076,1084,1051,33
105000077,1500,845,655
105000078,1136,868,268
105000079,1266,1395,-129
105000080,1072,567,505
105000081,640,616,24
105000082,379,246,133
105000083,426,388,38
105000084,293,1222,-929
105000085,686,717,-31
105000086,471,860,-389
105000087,2044,1701,343
105000088,1040,1002,38
105000089,2675,2427,248
105000090,867,894,-27
105000091,1865,1954,-89
105000092,461,1245,-784
105000093,304,192,112
105000094,225,162,63
105000095,61,387,-326
105000096,684,473,211
105000097,866,523,343
105000098,389,396,-7
105000099,529,870,-341
105000100,612,1377,-765
105000101,1224,1824,-600
105000102,751,1630,-879
105000103,985,2094,-1109
105000104,726,925,-199
105000105,549,1557,-1008
105000106,635,1205,-570
105000107,623,782,-159
105000108,821,1520,-699
105000109,691,1196,-505
105000110,434,668,-234
105000111,315,527,-212
105000112,549,689,-140
105000113,191,382,-191
105000114,2945,665,2280
105000115,212,532,-320
105000116,227,411,-184
105000117,567,1507,-940
105000118,142,337,-195
105000119,300,1307,-1007
105000120,347,642,-295
105000121,545,1031,-486
105000122,190,349,-159
105000123,941,1395,-454
105000124,1095,895,200
105000125,516,1637,-1121
105000126,1212,1916,-704
105000127,1329,1552,-223
105000128,246,1226,-980
105000129,464,266,198
105000130,67,651,-584
105000131,264,353,-89
105000132,373,327,46
105000133,179,986,-807
105000134,182,469,-287
105000135,290,705,-415
105000136,56,327,-271
105000137,199,263,-64
105000138,201,336,-135
105000139,726,1034,-308
105000140,153,422,-269
105000141,88,634,-546
105000142,50,401,-351
105000143,131,655,-524
105000144,221,643,-422
105000145,328,440,-112
105000146,436,603,-167
105000147,424,269,155
105000148,880,496,384
105000149,1138,838,300
105000150,1819,1220,599
105000151,215,208,7
105000152,117,537,-420
105000153,390,322,68
105000154,775,787,-12
105000155,261,365,-104
105000156,762,723,39
105000157,961,1464,-503
105000158,1359,680,679
105000159,328,1119,-791
105000160,926,528,398
105000161,466,1716,-1250
105000162,199,1043,-844
105000163,1074,1054,20
105000164,165,290,-125
105000165,1263,2498,-1235
105000166,6762,176,6586
105000167,2269,882,1387
105000168,131,903,-772
105000169,166,477,-311
105000170,42,1026,-984
105000171,865,268,597
105000172,23,40,-17
105000173,19,13,6
105000174,37,20,17
105000175,35,122,-87
105000176,64,63,1
105000177,43,71,-28
105000178,111,659,-548
105000179,45,100,-55
105000180,57,136,-79
105000181,36,499,-463
105000182,34,94,-60
105000183,2273,1151,1122
105000184,1364,710,654
105000185,919,425,494
105000186,344,986,-642
105000187,414,277,137
105000188,138,103,35
105000189,117,575,-458
105000190,87,299,-212
105000191,237,469,-232
105000192,45,72,-27
105000193,46,131,-85
105000194,124,61,63
105000195,114,1081,-967
105000196,19,48,-29
105000197,126,703,-577
105000198,369,207,162
105000199,139,119,20
105000200,49,157,-108
105000201,26,14,12
105000203,12,317,-305
105000204,37,80,-43
105000205,89,237,-148
105000207,559,192,367
105000208,140,240,-100
105000209,155,345,-190
105000211,50,9,41
105000212,639,1309,-670
105000213,168,119,49
105000214,58,213,-155
105000215,119,232,-113
105000216,44,379,-335
105000217,89,328,-239
105000218,358,903,-545
105000221,75,273,-198
105000222,67,44,23
105000223,83,156,-73
105000226,10,353,-343
105000227,12,179,-167
105000228,157,469,-312
105000229,47,217,-170
105000231,102,229,-127
105000233,443,537,-94
105000234,470,1108,-638
105000235,120,407,-287
105000237,318,25,293
105000243,11,31,-20
105000248,31,37,-6
105000262,93,1811,-1718
105000269,38,147,-109
105000270,148,124,24
105000271,0,346,-346
105000282,45,29,16
105000287,208,83,125
105000288,176,336,-160
105000289,439,562,-123
105000290,5,2,3
105000402,4048,976,3072
105000426,213,420,-207
105000438,343,436,-93
105000440,1,17,-16
105000446,9871,3839,6032
105000447,5333,1997,3336
105000454,87,955,-868
105000455,322,231,91
105000474,5,0,5
105000477,49,303,-254
105000478,748,1243,-495
105000479,42,85,-43
105000480,877,1260,-383
105000481,1601,1485,116
105000482,3426,2527,899
105000483,792,803,-11
105000484,1842,2538,-696
105000485,839,993,-154
105000486,2426,1953,473
105000488,1845,2105,-260
105000489,444,642,-198
105000549,16,97,-81
105000550,385,926,-541
105000551,5,89,-84
105000552,3201,1806,1395
105000555,673,486,187
105000556,23,22,1
105000557,36,328,-292
105900001,5,614,-609
105900002,1437,303,1134
105900003,12,62,-50
105900004,284,62,222
105900005,2,188,-186
105900006,1,32,-31
105900007,9,11,-2
105900008,12,713,-701
105900009,6,11,-5
105900011,36,45,-9
105900012,188,146,42
105900013,1,11,-10
105900014,2,72,-70
105900015,88,274,-186
105900016,96,676,-580
105900017,358,23,335
105900018,128,247,-119
105900019,29,594,-565
105900020,15,72,-57
105900021,6,275,-269
105900022,126,253,-127
105900023,3,122,-119
105900024,8,152,-144
105900025,20,28,-8
105900026,146,17,129
105900027,4013,1714,2299
105900028,17,118,-101
105900029,1576,221,1355
105900030,97,205,-108
105900031,289,148,141
105900032,35,109,-74
105900033,10,86,-76
105900034,71,191,-120
105900035,67,92,-25
105900036,7,110,-103
105900037,18,57,-39
105900038,77,248,-171
105900039,16,136,-120
105900040,34,82,-48
105900041,144,287,-143
105900042,24,79,-55
105900043,1352,22,1330
105900044,1,100,-99
105900045,3,346,-343
105900046,7,113,-106
105900047,1,17,-16
105900048,33,416,-383
105900050,1143,399,744
105900051,5,1125,-1120
105900052,156,29,127
105900053,3428,750,2678
105900054,205,201,4
105900056,980,130,850
105900057,19,185,-166
105900058,8,35,-27
105900059,0,18,-18
106000001,2239,811,1428
106000002,2054,2820,-766
106000003,2273,1655,618
106000004,1898,1816,82
106000005,1596,3560,-1964
106000006,4426,3721,705
106000007,405,443,-38
106000008,297,264,33
106000009,384,255,129
106000010,360,451,-91
106000011,332,874,-542
106000012,505,1402,-897
106000013,941,1528,-587
106000014,1622,1499,123
106000015,669,881,-212
106000016,846,1911,-1065
106000017,498,621,-123
106000018,370,594,-224
106000019,189,403,-214
106000020,156,386,-230
106000021,175,496,-321
106000022,190,368,-178
106000023,344,371,-27
106000024,268,814,-546
106000025,89,171,-82
106000026,107,388,-281
106000027,451,843,-392
106000028,429,782,-353
106000029,697,1592,-895
106000030,600,165,435
106000034,132,459,-327
106000035,605,686,-81
106000036,321,198,123
106000037,973,1236,-263
106000038,317,69,248
106000039,101,35,66
106000040,125,529,-404
106000041,629,168,461
106000043,379,63,316
106000046,263,21,242
106000047,30,316,-286
106000049,264,77,187
106000050,187,713,-526
106000051,195,260,-65
106000052,58,518,-460
106000053,99,80,19
106000054,246,454,-208
106000055,314,530,-216
106000056,190,587,-397
106000057,141,107,34
106000058,85,203,-118
106000059,98,202,-104
106000060,431,565,-134
106000061,132,194,-62
106000062,175,565,-390
106000063,330,304,26
106000064,16,383,-367
106000065,107,83,24
106000066,66,307,-241
106000067,96,64,32
106000068,38,637,-599
106000069,53,89,-36
106000070,223,748,-525
106000071,302,192,110
106000072,3663,989,2674
106000073,1296,1289,7
106000074,170,548,-378
106000075,141,679,-538
106000076,728,1167,-439
106000077,1638,973,665
106000078,275,731,-456
106000079,236,761,-525
106000080,556,800,-244
106000081,310,740,-430
106000082,1564,806,758
106000083,189,786,-597
106000084,479,514,-35
106000085,905,763,142
106000086,422,439,-17
106000087,337,438,-101
106000088,274,620,-346
106000089,328,350,-22
106000090,163,600,-437
106000091,190,650,-460
106000092,290,183,107
106000093,131,69,62
106000094,44,363,-319
106000095,209,1043,-834
106000096,360,655,-295
106000097,444,1313,-869
106000098,217,931,-714
106000099,105,920,-815
106000100,299,315,-16
106000101,386,349,37
106000102,94,551,-457
106000103,199,706,-507
106000104,361,413,-52
106000105,258,934,-676
106000106,291,516,-225
106000107,67,584,-517
106000108,105,353,-248
106000109,34,451,-417
106000110,95,264,-169
106000111,106,763,-657
106000112,67,329,-262
106000113,1117,677,440
106000114,323,307,16
106000115,133,542,-409
106000116,78,269,-191
106000117,656,805,-149
106000118,647,902,-255
106000119,2190,911,1279
106000120,523,651,-128
106000121,80,188,-108
106000122,39,338,-299
106000123,107,287,-180
106000124,24,299,-275
106000125,22,321,-299
106000126,82,209,-127
106000127,324,967,-643
106000128,275,269,6
106000129,214,755,-541
106000130,352,313,39
106000131,63,529,-466
106000132,834,110,724
106000133,3842,670,3172
106000134,520,462,58
106000135,132,825,-693
106000136,351,302,49
106000137,39,1722,-1683
106000138,371,49,322
106000139,17,69,-52
106000140,19,104,-85
106000141,22,122,-100
106000142,20,44,-24
106000143,14,148,-134
106000144,15,41,-26
106000145,72,362,-290
106000146,81,116,-35
106000147,249,467,-218
106000148,493,698,-205
106000149,260,292,-32
106000150,363,1434,-1071
106000151,3930,655,3275
106000152,1245,846,399
106000153,69,1111,-1042
106000154,1375,176,1199
106000155,31,122,-91
106000156,287,256,31
106000157,286,1320,-1034
106000158,2982,567,2415
106000159,4482,878,3604
106000160,97,1089,-992
106000161,870,415,455
106000162,108,405,-297
106000163,123,438,-315
106000164,92,243,-151
106000165,100,634,-534
106000166,204,194,10
106000167,131,1440,-1309
106000168,79,208,-129
106000169,57,810,-753
106000170,191,181,10
106000171,32,724,-692
106000172,1550,634,916
106000173,503,2102,-1599
106000174,524,196,328
106000175,212,896,-684
106000176,747,531,216
106000177,464,1855,-1391
106000178,2179,1077,1102
106000179,920,1605,-685
106000180,754,1534,-780
106000181,258,1697,-1439
106000182,264,603,-339
106000183,352,911,-559
106000184,583,976,-393
106000185,445,734,-289
106000186,678,135,543
106000187,129,644,-515
106000188,0,2,-2
106000189,0,45,-45
106000190,2,0,2
106000191,532,147,385
106000192,0,27,-27
106000193,246,128,118
106000194,129,425,-296
106000195,98,59,39
106000196,27,278,-251
106000197,124,240,-116
106000198,72,310,-238
106000199,759,556,203
106000200,370,139,231
106000201,343,746,-403
106000202,6083,491,5592
106000203,176,146,30
106000204,14,1,13
106000205,12,104,-92
106000206,38,9,29
106000207,42,947,-905
106000208,345,58,287
106000209,543,223,320
106000210,149,1166,-1017
106000211,245,1391,-1146
106000212,276,116,160
106000213,473,815,-342
106000214,1994,309,1685
106000215,148,380,-232
106000216,168,290,-122
106000217,124,442,-318
106000218,248,237,11
106000219,51,286,-235
106000220,248,223,25
106000221,31,190,-159
106000222,23,175,-152
106000223,33,99,-66
106000224,56,305,-249
106000225,30,46,-16
106000226,68,348,-280
106000228,9,108,-99
106000229,60,718,-658
106000231,249,72,177
106000232,33,462,-429
106000233,238,76,162
106000234,90,256,-166
106000235,74,38,36
106000236,39,37,2
106000237,0,12,-12
106000238,5,4,1
106000239,2,52,-50
106000240,13,4,9
106000241,16,544,-528
106000242,119,10,109
106000249,21,37,-16
106000250,21,314,-293
106000251,13,27,-14
106000252,8,121,-113
106000253,8,44,-36
106000254,20,70,-50
106000255,8,62,-54
106000256,51,85,-34
106000257,92,240,-148
106000258,65,28,37
106000259,1,66,-65
106000260,9,9,0
106000261,2,53,-51
106000262,6,20,-14
106000263,0,104,-104
106000264,52,12,40
106000265,2,104,-102
106000266,56,12,44
106000267,6,71,-65
106000268,255,6,249
106000269,61,39,22
106000270,140,376,-236
106000271,26,251,-225
106000272,95,33,62
106000273,7,133,-126
106000274,154,39,115
106000275,55,154,-99
106000276,70,60,10
106000277,83,130,-47
106000278,176,21,155
106000279,9,62,-53
106000280,23,108,-85
106000281,62,64,-2
106000282,47,36,11
106000283,33,108,-75
106000284,31,100,-69
106000285,55,141,-86
106000286,71,110,-39
106000287,48,96,-48
106000288,41,119,-78
106000289,29,74,-45
106000290,35,86,-51
106000291,23,77,-54
106000292,32,147,-115
106000293,55,55,0
106000294,90,141,-51
106000295,21,23,-2
106000296,41,77,-36
106000297,58,141,-83
106000298,98,35,63
106000299,36,133,-97
106000300,28,84,-56
106000301,51,90,-39
106000303,3,36,-33
106000304,38,35,3
106000305,21,11,10
106000306,55,69,-14
106000307,10,12,-2
106000308,49,162,-113
106000309,9,66,-57
106000310,105,496,-391
106000311,143,91,52
106000312,38,174,-136
106000313,63,202,-139
106000318,119,126,-7
106000319,276,18,258
106000320,4,28,-24
106000321,172,45,127
106000322,40,195,-155
106000324,3,136,-133
106000325,598,783,-185
106000326,513,1643,-1130
106000327,61,195,-134
106000328,4,75,-71
106000329,32,212,-180
106000330,25,54,-29
106000428,35,182,-147
106000429,71,557,-486
106000430,214,1520,-1306
106000431,482,264,218
106000432,1077,2342,-1265
106000433,683,444,239
106000434,1577,519,1058
106000435,1761,2242,-481
106000436,16,293,-277
106000437,104,12,92
106000438,180,44,136
106000439,80,355,-275
106000440,120,400,-280
106000441,0,0,0
106000442,109,3,106
106000443,52,579,-527
106000450,1,136,-135
106000451,13,3,10
106000454,5,74,-69
106000455,8,140,-132
106000456,59,14,45
106000457,4,1063,-1059
106000458,117,146,-29
106000459,15,415,-400
106000460,235,34,201
106000461,17,1916,-1899
106000462,0,13,-13
106000463,6,27,-21
106000464,11,663,-652
106000465,126,0,126
106000466,2,597,-595
106000467,516,506,10
106000468,30,157,-127
106000469,212,1,211
106000470,202,990,-788
106000471,18,523,-505
106000472,65,6,59
106000473,11,17,-6
106000474,175,732,-557
106000475,181,134,47
106000476,163,115,48
106000477,32,157,-125
106000480,1,38,-37
106900001,1,8,-7
106900002,2,484,-482
106900003,163,552,-389
106900004,0,48,-48
106900006,0,11,-11
106900007,0,9,-9
106900008,57,226,-169
106900009,102,359,-257
106900010,58,314,-256
106900012,1566,644,922
106900013,110,12,98
106900014,18,1,17
106900015,2,0,2
106900016,38,1,37
106900017,1,1,0
106900018,1,0,1
106900019,11,1,10
106900020,2220,308,1912
106900021,14,41,-27
106900022,71,0,71
106900023,2,274,-272
106900024,108,6,102
106900025,58,441,-383
106900026,4,807,-803
106900027,154,2,152
107000001,2006,1179,827
107000002,2383,3466,-1083
107000003,3457,3713,-256
107000004,4862,5807,-945
107000005,1464,2578,-1114
107000006,2604,6767,-4163
107000007,3951,3646,305
107000008,18739,11280,7459
107000009,3486,3583,-97
107000010,9706,11818,-2112
107000011,821,1444,-623
107000012,3534,3543,-9
107000013,53,183,-130
107000014,12,298,-286
107000015,304,988,-684
107000016,238,1269,-1031
107000017,1378,731,647
107000018,6,232,-226
107000020,831,267,564
107000021,530,929,-399
107000022,577,1430,-853
107000023,866,404,462
107000024,321,2285,-1964
107000025,102,370,-268
107000026,100,797,-697
107000027,848,713,135
107000028,915,1763,-848
107000029,1038,1055,-17
107000030,2985,3259,-274
107000031,1579,1127,452
107000032,193,811,-618
107000033,4323,3452,871
107000034,5082,1876,3206
107000035,362,148,214
107000036,369,733,-364
107000037,38,592,-554
107000038,255,269,-14
107000039,352,419,-67
107000040,76,290,-214
107000041,946,473,473
107000042,496,1421,-925
107000043,2470,640,1830
107000044,437,406,31
107000045,131,270,-139
107000046,319,179,140
107000047,215,893,-678
107000048,244,278,-34
107000049,303,615,-312
107000050,470,412,58
107000051,385,235,150
107000052,1005,487,518
107000053,237,105,132
107000054,45,232,-187
107000055,229,166,63
107000056,473,758,-285
107000057,1803,253,1550
107000058,1415,1380,35
107000059,1334,2510,-1176
107000060,2119,3437,-1318
107000061,4260,3552,708
107000062,1545,2317,-772
107000063,2509,5349,-2840
107000064,1592,1533,59
107000065,2545,5762,-3217
107000066,985,1413,-428
107000067,472,879,-407
107000068,1086,493,593
107000069,279,306,-27
107000070,184,0,184
107000071,629,17,612
107000072,28,3333,-3305
107000073,111,93,18
107000074,94,766,-672
107000075,507,92,415
107000076,691,1995,-1304
107000077,1211,243,968
107000078,1295,3084,-1789
107000079,897,275,622
107000080,829,3147,-2318
107000081,584,416,168
107000082,313,3016,-2703
107000083,462,162,300
107000084,328,2627,-2299
107000085,2315,2819,-504
107000086,3172,2433,739
107000087,1781,1716,65
107000088,2072,2910,-838
107000089,1081,1601,-520
107000090,785,1049,-264
107000091,603,1032,-429
107000092,510,1152,-642
107000093,558,731,-173
107000094,632,1350,-718
107000095,257,566,-309
107000096,499,859,-360
107000097,319,385,-66
107000098,251,803,-552
107000099,228,158,70
107000100,196,364,-168
107000101,38,105,-67
107000102,292,349,-57
107000103,293,123,170
107000104,165,275,-110
107000105,159,92,67
107000106,90,245,-155
107000107,270,138,132
107000108,87,961,-874
107000109,211,89,122
107000110,30,537,-507
107000111,83,22,61
107000112,19,380,-361
107000113,204,102,102
107000114,47,639,-592
107000115,138,60,78
107000116,43,927,-884
107000117,234,157,77
107000118,151,221,-70
107000119,1420,667,753
107000120,2405,320,2085
107000121,224,484,-260
107000122,564,681,-117
107000123,146,737,-591
107000124,265,759,-494
107000125,340,868,-528
107000126,436,1153,-717
107000129,102,1090,-988
107000130,164,164,0
107000131,167,746,-579
107000132,206,236,-30
107000133,278,102,176
107000134,53,2,51
107000135,2,238,-236
107000136,238,3,235
107000137,11,299,-288
107000138,130,10,120
107000139,16,318,-302
107000140,455,26,429
107000141,146,894,-748
107000142,193,18,175
107000143,19,839,-820
107000144,161,132,29
107000145,115,551,-436
107000146,165,95,70
107000147,4137,924,3213
107000150,924,1029,-105
107000151,35,32,3
107000152,446,311,135
107000153,328,216,112
107000154,142,47,95
107000155,370,12,358
107000156,474,12,462
107000157,17,2804,-2787
107000158,224,5,219
107000159,28,1624,-1596
107000160,255,61,194
107000161,71,2159,-2088
107000162,86,198,-112
107000163,9,1,8
107000164,94,1,93
107000165,219,0,219
107000166,51,1382,-1331
107000167,215,297,-82
107000168,420,218,202
107000169,849,1120,-271
107000170,504,326,178
107000171,347,2930,-2583
107000172,584,479,105
107000173,911,1164,-253
107000174,921,1290,-369
107000175,11362,1517,9845
107000176,0,1,-1
107000177,1,0,1
107000178,0,40,-40
107000179,118,3234,-3116
107000180,404,306,98
107000181,111,1315,-1204
107000182,472,565,-93
107000183,52,1016,-964
107000184,260,616,-356
107000185,134,1291,-1157
107000186,203,264,-61
107000187,809,911,-102
107000188,396,354,42
107000189,163,695,-532
107000190,224,567,-343
107000191,481,1142,-661
107000192,807,885,-78
107000193,288,317,-29
107000194,645,645,0
107000197,217,183,34
107000198,121,740,-619
107000199,477,834,-357
107000200,967,350,617
107000201,229,277,-48
107000202,129,357,-228
107000203,485,455,30
107000204,567,587,-20
107000205,2280,1173,1107
107000206,617,643,-26
107000207,554,665,-111
107000208,1040,216,824
107000209,1839,340,1499
107000210,1262,145,1117
107000211,4,28,-24
107000212,9,146,-137
107000213,18,16,2
107000214,17,89,-72
107000215,125,438,-313
107000216,69,403,-334
107000217,42,113,-71
107000219,42,113,-71
107000220,33,307,-274
107000222,294,657,-363
107000224,198,25,173
107000225,113,704,-591
107000226,100,41,59
107000227,60,467,-407
107000228,80,155,-75
107000229,173,70,103
107000230,799,494,305
107000231,759,285,474
107000232,38,49,-11
107000233,452,185,267
107000234,1,9,-8
107000235,15,3,12
107000236,11,245,-234
107000237,0,0,0
107000238,4,1,3
107000239,5786,268,5518
107000240,35,1314,-1279
107000243,1,31,-30
107000244,14,75,-61
107000246,3,1161,-1158
107000249,4,834,-830
107000251,0,398,-398
107000252,3,1660,-1657
107000255,615,75,540
107000257,4,769,-765
107000258,2,151,-149
107000259,1,229,-228
107000260,189,1,188
107000262,9,867,-858
107000263,80,1,79
107000266,6,6,0
107000267,40,184,-144
107000268,119,191,-72
107000269,93,48,45
107000270,0,1,-1
107000271,5,1040,-1035
107000272,8,248,-240
107000273,0,294,-294
107000274,396,312,84
107000275,7,583,-576
107000280,195,10,185
107000281,15,1303,-1288
107000282,6,1778,-1772
107000290,1,57,-56
107000291,6,8,-2
107000292,4,40,-36
107000293,26,2,24
107000294,0,28,-28
107000295,14,3,11
107000296,0,4,-4
107000444,188,4,184
107000496,0,31,-31
107000497,965,3364,-2399
107000500,232,410,-178
107000501,67,173,-106
107000502,87,374,-287
107000505,520,724,-204
107000506,0,14,-14
107000508,1,947,-946
107000509,146,325,-179
107000510,42,26,16
107000514,5,246,-241
107000515,17,322,-305
107000516,69,122,-53
107000518,295,230,65
107000519,3277,1152,2125
107000520,45,8,37
107000521,197,479,-282
107000522,281,767,-486
107900001,11,238,-227
107900002,13,1,12
107900003,92,9,83
107900004,3,0,3
107900005,245,1,244
107900006,25,0,25
107900007,70,10,60
107900008,18,51,-33
107900009,42,0,42
107900010,3,1,2
107900012,113,3,110
107900013,127,46,81
107900014,2,2,0
107900015,168,3,165
107900016,357,101,256
107900017,4,0,4
107900018,12,26,-14
107900019,3,76,-73
107900020,42,5,37
107900021,11,162,-151
107900023,0,0,0
107900024,1,45,-44
107900025,156,301,-145
107900026,17,117,-100
107900027,6,85,-79
107900028,12,83,-71
107900030,83,3,80
107900031,23,236,-213
107900032,3,0,3
107900033,4,1,3
107900034,108,9,99
107900035,291,7,284
107900036,18,5,13
107900037,1,61,-60
107900038,93,46,47
107900039,4,74,-70
107900040,27,26,1
107900041,0,0,0
107900043,11,100,-89
107900044,1,0,1
107900045,6,8,-2
107900046,101,30,71
107900047,31,97,-66
107900048,27,1,26
107900049,187,140,47
107900050,100,344,-244
107900051,47,82,-35
107900052,2,5,-3
107900053,13,68,-55
107900055,135,112,23
107900056,37,9,28
107900057,0,0,0
107900058,24,717,-693
107900060,3,31,-28
107900061,21,2,19
107900063,50,90,-40
107900064,142,14,128
107900065,38,7,31
107900066,2,10,-8
107900067,0,0,0
107900068,77,207,-130
107900069,26,321,-295
107900070,19,9,10
107900071,6,848,-842
107900072,31,173,-142
107900073,34,103,-69
107900074,789,75,714
107900076,46,54,-8
107900077,22,0,22
107900079,9,9,0
107900080,107,106,1
107900081,4,42,-38
107900082,18,13,5
107900083,76,63,13
107900084,27,57,-30
107900086,55,60,-5
107900087,190,32,158
107900088,1,3,-2
107900089,221,731,-510
107900090,260,405,-145
107900091,97,435,-338
107900093,48,44,4
107900095,2987,698,2289
107900097,4,15,-11
107900098,26,84,-58
107900100,785,328,457
107900101,952,91,861
107900102,5,0,5
107900103,23,194,-171
107900104,52,1,51
107900105,1,631,-630
107900106,2,1612,-1610
107900107,1109,84,1025
107900108,217,31,186
107900109,173,5,168
107900110,6,85,-79
107900111,16,1530,-1514
107900112,86,165,-79
107900113,42,101,-59
107900114,49,232,-183
107900115,1,20,-19
107900116,38,238,-200
107900117,142,351,-209
107900118,34,121,-87
107900119,32,31,1
107900120,7,9,-2
107900121,0,133,-133
107900122,1,41,-40
107900123,0,8,-8
107900124,2,57,-55
107900125,14,185,-171
107900126,0,17,-17
107900127,415,45,370
107900128,100,33,67
107900129,9,37,-28
107900130,5,22,-17
107900131,134,24,110
107900132,66,388,-322
107900133,1,67,-66
107900134,9,7,2
107900135,0,189,-189
107900136,28,19,9
107900137,53,52,1
107900138,4,33,-29
107900139,6,13,-7
107900141,67,3,64
107900142,62,974,-912
107900143,34,25,9
107900144,0,115,-115
107900145,6,88,-82
107900146,29,86,-57
107900147,9,13,-4
107900148,50,118,-68
107900149,1706,85,1621
107900150,63,654,-591
107900151,1,74,-73
107900152,9,203,-194
107900153,75,120,-45
107900154,10,13,-3
107900155,13,24,-11
107900156,0,419,-419
107900157,26,71,-45
107900158,170,6,164
107900159,43,1001,-958
107900160,8,131,-123
107900161,3,274,-271
107900162,1,59,-58
107900163,21,44,-23
107900164,2,16,-14
107900165,19,46,-27
107900166,11,244,-233
107900167,6,9,-3
107900168,7,92,-85
107900169,0,240,-240
107900171,6,1733,-1727
107900172,0,351,-351
107900173,5,155,-150
107900174,32,1,31
107900175,1,6,-5
107900176,2,60,-58
107900177,0,35,-35
107900178,1,365,-364
107900179,2,100,-98
107900180,1142,142,1000
107900181,169,355,-186
107900182,7,1681,-1674
107900183,10,349,-339
107900184,36,221,-185
107900185,17,0,17
107900186,7,27,-20
107900187,1,118,-117
107900188,830,69,761
107900189,2,119,-117
107900190,160,28,132
107900191,7,113,-106
107900193,4,11,-7
107900194,39,0,39
107900195,4194,303,3891
107900196,39,46,-7
107900197,367,46,321
107900199,2,1156,-1154
107900201,40,96,-56
107900203,52,59,-7
107900204,160,139,21
107900206,132,152,-20
107900207,2,671,-669
107900208,5,925,-920
107900209,239,78,161
107900210,39,115,-76
107900213,142,244,-102
107900214,7,171,-164
107900215,94,205,-111
107900216,34,29,5
107900217,19,31,-12
107900218,10,1761,-1751
107900219,12,116,-104
107900220,109,37,72
107900221,146,247,-101
107900223,31,666,-635
107900224,101,257,-156
107900225,5,797,-792
107900226,27,95,-68
107900227,75,424,-349
107900228,6,67,-61
107900229,1,244,-243
107900230,3,130,-127
107900231,2,229,-227
107900232,26,248,-222
107900233,2,131,-129
107900234,24,179,-155
107900235,17,72,-55
107900236,43,104,-61
107900237,86,356,-270
107900238,16,115,-99
107900239,1173,269,904
107900240,6,174,-168
107900241,9,86,-77
107900242,7,375,-368
107900243,4,28,-24
107900244,148,1,147
107900245,114,20,94
107900246,31,10,21
107900248,37,441,-404
107900249,120,2,118
107900250,2,499,-497
107900251,3,1042,-1039
107900252,141,2,139
107900253,32,1,31
107900254,26,58,-32
107900255,487,63,424
107900256,130,539,-409
107900257,56,16,40
107900258,34,185,-151
107900259,109,416,-307
107900261,0,563,-563
107900262,27,143,-116
107900264,49,2,47
107900265,22,160,-138
107900267,39,27,12
107900268,83,9,74
107900269,0,11,-11
107900270,0,0,0
107900271,2,0,2
107900272,142,29,113
107900273,6,49,-43
107900274,15,0,15
107900275,5,1,4
107900276,0,41,-41
107900277,0,221,-221
107900278,65,324,-259
107900279,129,67,62
107900280,1648,657,991
107900281,3304,677,2627
107900282,47,135,-88
107900283,1454,244,1210
107900284,52,855,-803
107900285,28,111,-83
107900286,65,54,11
107900287,48,79,-31
107900290,0,29,-29
107900291,159,5,154
107900292,52,238,-186
107900293,22,494,-472
107900295,16,105,-89
107900297,2,219,-217
107900298,526,758,-232
107900299,3416,763,2653
107900301,286,173,113
107900302,45,4,41
107900303,19,269,-250
107900304,58,481,-423
107900305,106,6,100
107900306,10,8,2
107900307,22,308,-286
107900308,132,12,120
107900309,9,1,8
107900310,0,0,0
107900311,97,39,58
107900312,0,0,0
107900313,0,84,-84
107900314,1,60,-59
107900315,0,38,-38
107900316,9,0,9
107900317,20,1,19
107900318,2,97,-95
107900319,3,217,-214
107900320,3,175,-172
107900321,23,0,23
107900322,1,232,-231
107900323,20,123,-103
107900324,73,0,73
107900325,12,0,12
107900326,93,424,-331
107900327,0,0,0
107900328,0,0,0
107900329,0,0,0
107900330,3,466,-463
107900331,44,29,15
107900332,46,51,-5
107900333,20,2,18
107900334,6,235,-229
107900335,24,55,-31
107900336,8,19,-11
107900337,1298,342,956
107900338,2,110,-108
107900339,2,16,-14
107900340,0,64,-64
107900341,10,0,10
107900342,40,82,-42
107900343,8,1,7
107900344,0,93,-93
107900345,33,47,-14
107900346,5,0,5
107900347,13,3,10
107900348,2,1,1
107900349,5,1,4
107900350,27,239,-212
107900351,4,230,-226
107900352,1,59,-58
107900353,0,1,-1
107900354,0,42,-42
108000001,1767,1854,-87
108000002,2140,2945,-805
108000003,1952,1116,836
108000004,14581,13511,1070
108000005,2822,1903,919
108000006,3378,5085,-1707
108000007,2763,2412,351
108000008,4043,5264,-1221
108000009,1441,2103,-662
108000010,1851,4946,-3095
108000011,6952,5196,1756
108000012,14825,14348,477
108000014,487,359,128
108000015,299,258,41
108000016,145,677,-532
108000017,370,311,59
108000018,636,422,214
108000019,737,450,287
108000020,543,292,251
108000021,241,1395,-1154
108000022,342,1182,-840
108000023,524,93,431
108000024,111,649,-538
108000025,90,189,-99
108000026,187,554,-367
108000027,171,603,-432
108000028,149,271,-122
108000029,121,910,-789
108000030,131,174,-43
108000031,104,532,-428
108000032,459,326,133
108000033,309,1247,-938
108000034,737,259,478
108000035,529,2350,-1821
108000036,143,1309,-1166
108000037,630,178,452
108000038,824,214,610
108000039,284,2212,-1928
108000040,669,341,328
108000041,559,2352,-1793
108000042,63,247,-184
108000043,132,288,-156
108000044,123,162,-39
108000045,68,724,-656
108000046,519,138,381
108000047,194,999,-805
108000048,67,446,-379
108000049,228,117,111
108000050,116,683,-567
108000051,97,56,41
108000052,221,684,-463
108000053,129,80,49
108000054,288,774,-486
108000055,496,191,305
108000056,1058,919,139
108000057,298,457,-159
108000058,1492,1311,181
108000059,2890,1457,1433
108000060,42,429,-387
108000061,272,609,-337
108000062,218,271,-53
108000063,161,653,-492
108000064,96,224,-128
108000065,298,582,-284
108000066,959,407,552
108000067,668,192,476
108000068,296,266,30
108000069,147,1072,-925
108000070,582,409,173
108000071,306,1766,-1460
108000072,569,546,23
108000073,907,1668,-761
108000074,169,243,-74
108000075,218,679,-461
108000076,311,249,62
108000077,519,778,-259
108000078,1144,871,273
108000079,967,1971,-1004
108000080,467,385,82
108000081,272,3185,-2913
108000082,981,1248,-267
108000083,1104,479,625
108000084,263,976,-713
108000085,140,163,-23
108000086,666,683,-17
108000087,145,750,-605
108000088,251,84,167
108000089,131,246,-115
108000091,70,411,-341
108000092,61,59,2
108000093,74,727,-653
108000094,221,82,139
108000095,78,458,-380
108000096,116,112,4
108000097,51,513,-462
108000098,446,1234,-788
108000099,438,242,196
108000100,29,384,-355
108000101,491,639,-148
108000102,747,1160,-413
108000106,404,1,403
108000107,1,573,-572
108000108,264,10,254
108000109,5,667,-662
108000110,60,201,-141
108000111,98,602,-504
108000112,33,77,-44
108000113,505,260,245
108000115,340,267,73
108000117,616,160,456
108000118,285,486,-201
108000119,659,431,228
108000120,60,385,-325
108000121,78,478,-400
108000122,138,204,-66
108000123,315,280,35
108000124,157,616,-459
108000125,47,418,-371
108000126,52,721,-669
108000127,108,481,-373
108000128,159,920,-761
108000129,125,1730,-1605
108000130,82,394,-312
108000131,385,125,260
108000132,1281,1174,107
108000133,322,231,91
108000134,685,885,-200
108000135,410,206,204
108000136,708,1283,-575
108000137,121,367,-246
108000138,174,1095,-921
108000139,67,337,-270
108000140,21,28,-7
108000141,16,145,-129
108000142,33,102,-69
108000143,24,608,-584
108000144,72,39,33
108000145,9,23,-14
108000146,113,33,80
108000147,5,32,-27
108000148,101,21,80
108000149,18,29,-11
108000150,18,4,14
108000151,160,32,128
108000152,58,720,-662
108000153,104,79,25
108000154,23,16,7
108000155,13,11,2
108000156,599,383,216
108000157,67,264,-197
108000158,36,253,-217
108000159,523,76,447
108000160,4521,403,4118
108000161,3983,673,3310
108000165,1,76,-75
108000172,3,111,-108
108000173,2468,592,1876
108000175,125,71,54
108000178,347,341,6
108000179,164,393,-229
108000181,48,50,-2
108000182,226,45,181
108000183,43,333,-290
108000184,941,850,91
108000185,52,807,-755
108000186,82,525,-443
108000187,23,896,-873
108000188,112,195,-83
108000189,1433,1578,-145
108000190,12,76,-64
108000192,36,690,-654
108000193,552,20,532
108000194,6,5,1
108000195,1,882,-881
108000196,42,62,-20
108000198,260,420,-160
108000199,0,107,-107
108000200,105,569,-464
108000203,50,1068,-1018
108000204,51,28,23
108000205,571,526,45
108000339,1357,224,1133
108000364,389,404,-15
108000365,31,384,-353
108000367,97,184,-87
108000368,10,40,-30
108000369,1556,69,1487
108000371,5,598,-593
108000372,179,0,179
108000373,94,169,-75
108000376,60,10,50
108000377,195,357,-162
108000378,7033,5018,2015
108000379,33,116,-83
108000381,8,15,-7
108000382,79,0,79
108000383,0,120,-120
108900001,125,1138,-1013
108900002,159,23,136
108900003,211,829,-618
108900004,1313,144,1169
108900007,51,114,-63
108900008,13,129,-116
108900009,23,88,-65
108900010,41,144,-103
108900011,111,244,-133
108900012,108,392,-284
108900013,26,212,-186
108900014,3,56,-53
108900015,0,13,-13
108900016,0,127,-127
108900017,80,140,-60
108900018,33,485,-452
108900019,6,1120,-1114
108900020,8,291,-283
108900021,73,248,-175
108900022,8,1,7
108900023,1,18,-17
108900024,19,146,-127
108900025,14,82,-68
108900026,7,57,-50
108900027,0,128,-128
108900028,5,470,-465
108900029,14,238,-224
108900030,0,141,-141
108900031,20,658,-638
108900032,0,208,-208
108900033,0,73,-73
108900034,1,250,-249
108900035,98,2015,-1917
108900038,1,394,-393
108900039,3,657,-654
108900040,3,68,-65
108900041,4672,1140,3532
108900042,3,204,-201
108900043,19,424,-405
108900044,1,777,-776
108900045,11,650,-639
108900046,22,1028,-1006
108900047,0,80,-80
108900048,42,838,-796
108900049,4827,461,4366
108900050,0,300,-300
108900051,1,164,-163
108900052,13,218,-205
108900053,65,60,5
108900054,20,180,-160
108900055,36,460,-424
108900056,1,194,-193
108900057,2,197,-195
108900058,17,472,-455
108900059,92,3,89
108900060,13,51,-38
108900061,21,10,11
108900062,3,348,-345
108900063,4,384,-380
108900064,21,88,-67
108900065,3,357,-354
108900066,99,54,45
108900067,12,215,-203
108900068,3,248,-245
108900069,9,130,-121
108900070,24,184,-160
108900071,24,33,-9
108900072,1929,123,1806
108900073,7,545,-538
108900074,20,500,-480
108900075,30,57,-27
108900076,78,40,38
108900077,111,641,-530
108900078,1,204,-203
108900079,680,187,493
108900080,15,189,-174
108900081,37,216,-179
108900082,15,127,-112
108900083,7,98,-91
108900085,2003,85,1918
108900086,27,381,-354
108900087,78,154,-76
108900088,280,141,139
108900089,7,53,-46
108900090,43,422,-379
108900091,116,77,39
108900092,145,149,-4
108900093,26,28,-2
108900094,122,38,84
108900095,100,815,-715
108900096,420,21,399
108900097,85,139,-54
108900098,2925,150,2775
108900099,186,279,-93
108900100,13,68,-55
108900101,72,40,32
108900102,116,276,-160
108900103,24,29,-5
108900105,2,256,-254
108900106,118,499,-381
108900108,53,9,44
108900109,55,37,18
108900110,27,422,-395
108900111,110,611,-501
108900113,13,14,-1
108900114,19,6,13
108900115,20,40,-20
108900116,4,2,2
108900117,20,13,7
108900118,105,1,104
108900119,43,22,21
108900120,95,65,30
108900121,95,27,68
108900122,19,23,-4
108900123,42,23,19
108900124,135,34,101
108900125,49,0,49
108900126,28,1,27
108900127,37,18,19
108900128,21,6,15
108900129,253,35,218
108900130,74,0,74
108900131,73,0,73
108900132,123,36,87
108900133,64,14,50
108900134,41,205,-164
108900135,32,4,28
108900136,0,0,0
108900137,18,0,18
108900138,114,1,113
108900140,66,272,-206
108900141,49,3,46
108900142,18,0,18
108900143,4,0,4
108900144,14,0,14
108900145,19,1,18
108900146,16,0,16
108900147,41,0,41
108900148,39,24,15
108900150,104,2,102
108900151,24,3,21
108900152,5,1,4
108900153,49,412,-363
108900154,1704,198,1506
108900156,31,5,26
108900157,4,618,-614
108900158,45,23,22
108900159,4,365,-361
108900160,4,218,-214
108900161,5,470,-465
108900162,19,0,19
108900163,3,75,-72
108900164,8,61,-53
108900168,9909,993,8916
108900169,18,84,-66
108900171,5206,790,4416
108900172,83,19,64
108900173,164,231,-67
108900174,149,353,-204
108900176,111,726,-615
108900177,7793,1085,6708
108900178,4621,707,3914
108900180,37,85,-48
108900183,155,141,14
108900184,104,115,-11
108900185,13,241,-228
108900186,12,235,-223
108900189,64,94,-30
108900190,90,2832,-2742
108900192,25,252,-227
108900195,32,319,-287
108900196,10,538,-528
108900199,60,239,-179
108900200,203,213,-10
108900201,97,898,-801
108900203,103,8,95
108900204,72,0,72
108900205,70,7,63
108900206,78,8,70
108900207,78,20,58
108900208,33,334,-301
108900209,185,542,-357
108900210,102,118,-16
108900211,94,118,-24
108900212,415,429,-14
108900215,57,691,-634
108900216,255,47,208
108900217,51,0,51
108900218,71,4,67
108900221,29,26,3
108900224,21,56,-35
108900225,1,91,-90
108900227,41,67,-26
108900230,343,264,79
108900232,2,318,-316
108900233,106,14,92
108900234,113,44,69
108900235,103,543,-440
108900236,11,363,-352
108900240,16,41,-25
108900241,4,7,-3
108900245,1,261,-260
108900250,116,61,55
108900258,9,249,-240
108900259,37,48,-11
108900260,6,138,-132
108900261,98,96,2
108900262,278,83,195
108900263,35,261,-226
108900264,270,190,80
108900265,1250,133,1117
108900266,987,109,878
108900267,0,44,-44
108900268,3,4,-1
108900269,21,6,15
108900270,15,5,10
108900271,10,4,6
108900272,28,2,26
108900273,844,203,641
108900274,18,35,-17
109000001,2158,703,1455
109000002,2974,1210,1764
109000003,1148,342,806
109000004,386,2758,-2372
109000005,822,528,294
109000006,499,2035,-1536
109000007,555,477,78
109000008,279,1811,-1532
109000009,2085,620,1465
109000010,1130,3598,-2468
109000011,1329,1078,251
109000012,1248,3955,-2707
109000013,1537,1153,384
109000014,1027,3715,-2688
109000015,2145,2463,-318
109000016,8626,4002,4624
109000017,1212,831,381
109000018,543,3197,-2654
109000019,1316,704,612
109000020,1091,2200,-1109
109000023,138,11,127
109000024,3,197,-194
109000025,312,232,80
109000026,500,234,266
109000027,48,200,-152
109000028,51,72,-21
109000029,95,92,3
109000030,51,473,-422
109000031,70,51,19
109000032,53,393,-340
109000033,109,56,53
109000034,52,21,31
109000035,19,49,-30
109000036,55,302,-247
109000037,124,413,-289
109000038,460,214,246
109000039,381,172,209
109000040,4478,1822,2656
109000041,4987,732,4255
109000042,716,766,-50
109000044,151,52,99
109000045,31,538,-507
109000046,84,43,41
109000047,38,430,-392
109000048,363,86,277
109000049,188,401,-213
109000050,184,149,35
109000051,263,244,19
109000052,234,1630,-1396
109000053,47,77,-30
109000054,52,596,-544
109000055,34,135,-101
109000056,113,558,-445
109000057,115,164,-49
109000058,751,201,550
109000059,340,1076,-736
109000060,196,153,43
109000061,1412,288,1124
109000062,95,149,-54
109000063,114,168,-54
109000064,40,139,-99
109000065,49,349,-300
109000066,119,99,20
109000067,28,321,-293
109000068,135,0,135
109000069,334,6,328
109000070,6,810,-804
109000071,195,68,127
109000072,41,367,-326
109000073,27,46,-19
109000074,13,234,-221
109000075,31,400,-369
109000076,80,90,-10
109000077,336,268,68
109000078,30,107,-77
109000079,124,246,-122
109000080,52,177,-125
109000081,23,541,-518
109000082,147,325,-178
109000083,86,832,-746
109000088,61,328,-267
109000089,48,8,40
109000090,186,438,-252
109000091,132,28,104
109000092,333,593,-260
109000093,128,34,94
109000094,69,0,69
109000095,48,796,-748
109000096,188,80,108
109000097,79,103,-24
109000098,29,46,-17
109000099,456,227,229
109000100,121,619,-498
109000101,400,629,-229
109000102,222,881,-659
109000103,189,562,-373
109000104,597,465,132
109000105,247,1543,-1296
109000106,934,389,545
109000107,302,1865,-1563
109000108,500,312,188
109000109,283,1712,-1429
109000110,604,276,328
109000111,717,2183,-1466
109000112,230,130,100
109000113,102,149,-47
109000114,61,568,-507
109000115,722,100,622
109000116,11,158,-147
109000117,38,100,-62
109000118,7,319,-312
109000119,231,264,-33
109000120,59,1312,-1253
109000121,115,64,51
109000122,101,1097,-996
109000123,10,75,-65
109000124,242,309,-67
109000125,357,318,39
109000126,283,904,-621
109000127,314,212,102
109000128,277,2503,-2226
109000129,775,237,538
109000130,375,2619,-2244
109000131,408,185,223
109000132,526,1458,-932
109000133,255,798,-543
109000134,433,1279,-846
109000135,549,960,-411
109000136,128,412,-284
109000137,56,267,-211
109000138,155,382,-227
109000139,152,349,-197
109000140,44,454,-410
109000141,131,458,-327
109000142,88,482,-394
109000143,55,43,12
109000145,57,95,-38
109000146,163,79,84
109000148,3467,457,3010
109000149,25,22,3
109000150,123,152,-29
109000155,143,331,-188
109000156,749,825,-76
109000158,18,182,-164
109000159,41,547,-506
109000160,220,239,-19
109000161,161,1417,-1256
109000162,761,854,-93
109000163,455,1625,-1170
109000164,499,1991,-1492
109000165,479,744,-265
109000166,222,137,85
109000167,81,916,-835
109000170,26,45,-19
109000171,53,43,10
109000172,37,44,-7
109000173,54,26,28
109000174,9,66,-57
109000175,14,137,-123
109000176,83,255,-172
109000177,15,167,-152
109000178,274,396,-122
109000179,6947,1598,5349
109000180,4588,2770,1818
109000181,2,36,-34
109000182,14,58,-44
109000183,11,47,-36
109000184,8,21,-13
109000185,6,84,-78
109000188,322,2634,-2312
109000189,1102,889,213
109000190,209,486,-277
109000191,160,677,-517
109000192,106,219,-113
109000193,70,487,-417
109000194,76,121,-45
109000195,53,422,-369
109000196,62,72,-10
109000197,84,535,-451
109000198,74,48,26
109000199,56,508,-452
109000206,88,28,60
109000207,37,35,2
109000208,59,42,17
109000209,99,72,27
109000210,203,430,-227
109000211,123,338,-215
109000214,216,630,-414
109000215,45,48,-3
109000216,85,82,3
109000217,104,69,35
109000218,79,98,-19
109000221,129,927,-798
109000222,246,38,208
109000223,121,140,-19
109000224,48,304,-256
109000225,35,32,3
109000226,26,279,-253
109000227,363,1350,-987
109000228,0,229,-229
109000231,1,426,-425
109000232,96,550,-454
109000236,128,726,-598
109000241,599,1392,-793
109000242,510,1043,-533
109000293,13,24,-11
109000361,58,193,-135
109000364,138,629,-491
109000396,6,966,-960
109000397,104,1,103
109000399,96,480,-384
109000400,30,450,-420
109000403,26,125,-99
109000406,72,4,68
109000407,101,227,-126
109000408,1,625,-624
109000410,433,144,289
109000411,32,25,7
109900001,47,14,33
109900002,167,11,156
109900003,42,0,42
109900004,434,166,268
109900005,3,0,3
109900006,157,194,-37
109900007,174,824,-650
109900008,0,14,-14
109900009,60,870,-810
109900010,204,6,198
109900011,19,16,3
109900012,95,134,-39
109900013,155,56,99
109900014,51,38,13
109900015,180,36,144
109900016,20,47,-27
109900017,28,37,-9
109900018,43,111,-68
109900019,36,52,-16
109900020,7,17,-10
109900021,5,0,5
109900022,66,392,-326
109900023,3,0,3
109900024,0,0,0
109900025,4,61,-57
109900026,1,131,-130
109900027,15,7,8
109900028,2273,271,2002
109900029,7,503,-496
109900030,4,0,4
109900031,0,16,-16
109900032,2,212,-210
109900033,0,360,-360
109900034,8,0,8
109900035,3,17,-14
109900036,29,90,-61
109900037,11,458,-447
109900038,4,217,-213
109900039,2,0,2
109900040,9,652,-643
109900041,22,405,-383
109900042,9,487,-478
109900044,24,283,-259
109900045,36,17,19
109900046,45,76,-31
109900047,272,304,-32
109900048,2,54,-52
109900049,5,20,-15
109900050,1,290,-289
109900051,0,27,-27
109900052,10,231,-221
109900053,6,402,-396
109900054,187,71,116
109900055,16,224,-208
109900056,19,40,-21
109900057,2,196,-194
109900058,0,99,-99
109900059,132,50,82
109900060,161,129,32
109900061,67,297,-230
109900062,0,196,-196
109900063,4,283,-279
109900064,150,169,-19
109900065,74,77,-3
109900066,207,895,-688
109900067,2,394,-392
109900068,1,2,-1
109900069,1,23,-22
109900070,44,286,-242
109900071,1,24,-23
109900072,7,101,-94
109900073,44,576,-532
109900074,1,45,-44
109900075,3,5,-2
109900076,31,566,-535
109900077,11,63,-52
109900078,50,175,-125
109900080,92,285,-193
109900081,4,76,-72
109900082,24,428,-404
109900083,3,40,-37
109900084,2,108,-106
109900085,108,1156,-1048
109900086,38,107,-69
109900087,97,266,-169
109900089,116,40,76
109900090,315,855,-540
109900091,72,77,-5
109900092,91,6,85
109900093,180,91,89
109900094,22,89,-67
109900095,73,202,-129
109900096,3,0,3
109900097,15,0,15
109900098,138,12,126
109900099,17,0,17
109900100,11,0,11
109900101,90,1,89
109900102,151,7,144
109900103,0,25,-25
109900104,95,1222,-1127
109900105,143,19,124
109900106,45,64,-19
109900107,77,46,31
109900108,30,566,-536
109900109,32,146,-114
109900110,16,463,-447
109900111,135,938,-803
109900112,200,890,-690
109900113,181,124,57
109900114,588,66,522
109900115,47,34,13
109900117,200,101,99
109900118,114,338,-224
109900119,421,216,205
109900120,13,4,9
109900121,181,58,123
109900122,142,1,141
109900123,2,149,-147
109900124,12,865,-853
109900125,4,240,-236
109900126,35,160,-125
109900128,32,30,2
109900130,11162,823,10339
109900131,46,111,-65
109900132,19,163,-144
109900133,29,462,-433
109900134,22,12,10
109900135,337,60,277
109900136,16,92,-76
109900137,23,423,-400
109900140,84,362,-278
109900142,252,164,88
109900145,2,50,-48
109900146,193,15,178
109900148,11,44,-33
109900149,26,22,4
109900150,4,57,-53
109900151,2,60,-58
109900152,0,26,-26
109900153,0,25,-25
109900154,3,0,3
109900155,8,1,7
109900157,23,179,-156
109900158,37,87,-50
109900159,35,10,25
109900160,33,15,18
109900161,97,16,81
109900162,44,32,12
109900163,646,191,455
109900164,20,209,-189
109900165,28,4,24
109900166,0,141,-141
109900167,71,718,-647
109900168,64,587,-523
109900169,42,156,-114
109900170,167,198,-31
109900171,35,44,-9
109900172,29,88,-59
109900173,4047,549,3498
109900174,36,87,-51
109900175,22,61,-39
109900176,49,177,-128
109900177,12,249,-237
109900178,0,84,-84
109900179,0,17,-17
109900180,4,5,-1
110000001,477,438,39
110000002,341,413,-72
110000003,847,482,365
110000004,519,491,28
110000005,692,894,-202
110000006,549,313,236
110000007,78,157,-79
110000008,3,82,-79
110000009,6,68,-62
110000010,12,112,-100
110000011,16,88,-72
110000012,564,373,191
110000013,49,307,-258
110000014,684,335,349
110000015,489,494,-5
110000016,246,703,-457
110000017,4213,280,3933
110000018,3521,429,3092
110000019,21,178,-157
110000020,450,211,239
110000021,319,387,-68
110000022,387,83,304
110000023,10,167,-157
110000024,542,381,161
110000025,106,2,104
110000026,7,634,-627
110000027,432,231,201
110000028,538,863,-325
110000029,371,789,-418
110000030,166,327,-161
110000031,166,498,-332
110000032,495,564,-69
110000033,90,69,21
110000034,199,1338,-1139
110000035,201,1013,-812
110000036,208,1245,-1037
110000037,69,687,-618
110000038,130,773,-643
110000039,337,1053,-716
110000040,333,480,-147
110000041,93,403,-310
110000042,89,326,-237
110000043,269,75,194
110000044,39,60,-21
110000045,123,25,98
110000046,2,5,-3
110000047,1,2,-1
110000048,10,9,1
110000049,4,2,2
110000050,5,13,-8
110000051,6,1,5
110000052,11,41,-30
110000053,11,1,10
110000054,93,218,-125
110000055,157,45,112
110000056,94,46,48
110000057,266,688,-422
110000058,456,553,-97
110000059,415,489,-74
110000060,319,869,-550
110000061,812,798,14
110000062,614,603,11
110000063,19,85,-66
110000064,27,105,-78
110000065,41,151,-110
110000066,47,107,-60
110000067,53,263,-210
110000068,55,443,-388
110000069,57,215,-158
110000071,25,318,-293
110000073,3,17,-14
110000075,4,149,-145
110000076,265,98,167
110000077,353,205,148
110000078,4,80,-76
110000080,208,618,-410
110000081,16,266,-250
110000082,9,187,-178
110000083,152,605,-453
110000084,421,336,85
110000085,3341,1316,2025
110000086,1581,501,1080
110000087,3,38,-35
110000088,24,205,-181
110000089,124,156,-32
110000090,27,207,-180
110000091,1656,276,1380
110000092,23,126,-103
110000093,33,3,30
110000094,320,245,75
110000095,64,337,-273
110000096,3360,1641,1719
110000097,682,693,-11
110000098,831,322,509
110000099,862,1437,-575
110000100,119,748,-629
110000101,6,610,-604
110000102,28,21,7
110000104,45,61,-16
110000105,34,298,-264
110000106,153,131,22
110000107,262,467,-205
110000108,153,17,136
110000109,242,248,-6
110000110,4676,2710,1966
110000111,8405,1193,7212
110000112,1342,283,1059
110000113,742,567,175
110000114,68,259,-191
110000115,138,314,-176
110000116,25,41,-16
110000117,86,598,-512
110000118,141,188,-47
110000119,103,367,-264
110000120,160,167,-7
110000121,88,237,-149
110000122,199,481,-282
110000123,138,368,-230
110000124,3,967,-964
110000125,566,1,565
110000126,106,11,95
110000127,311,18,293
110000128,26,1602,-1576
110000129,8,854,-846
110000130,79,42,37
110000131,75,583,-508
110000132,6,820,-814
110000133,34,248,-214
110000134,21,283,-262
110000135,188,44,144
110000136,28,333,-305
110000137,212,671,-459
110000138,332,886,-554
110000139,492,1551,-1059
110000140,431,179,252
110000143,717,280,437
110000144,3605,688,2917
110000145,1091,507,584
110000146,1520,498,1022
110000147,132,459,-327
110000148,244,352,-108
110000151,801,588,213
110000152,894,217,677
110000153,31,77,-46
110000154,1,7,-6
110000155,857,1162,-305
110000156,592,872,-280
110000157,953,1255,-302
110000160,293,397,-104
110000161,113,457,-344
110000166,143,93,50
110000167,368,331,37
110000168,536,184,352
110000169,187,263,-76
110000170,83,148,-65
110000171,353,309,44
110000172,118,859,-741
110000173,1066,1288,-222
110000174,45,1370,-1325
110000175,180,125,55
110000176,25,307,-282
110000177,130,753,-623
110000178,383,430,-47
110000179,1114,270,844
110000180,63,324,-261
110000181,124,354,-230
110000182,234,254,-20
110000183,10079,3230,6849
110000184,449,1364,-915
110000185,384,469,-85
110000186,441,454,-13
110000191,104,361,-257
110000192,139,1,138
110000193,220,0,220
110000194,7,1216,-1209
110000195,78,373,-295
110000196,189,611,-422
110000197,16,218,-202
110000198,53,57,-4
110000199,34,102,-68
110000200,1118,586,532
110000201,378,392,-14
110000202,512,250,262
110000203,456,732,-276
110000204,2,281,-279
110000205,18,98,-80
110000206,369,1517,-1148
110000207,179,261,-82
110000208,41,120,-79
110000209,45,689,-644
110000210,184,689,-505
110000211,313,664,-351
110000212,184,683,-499
110000213,45,87,-42
110000214,64,128,-64
110000215,47,624,-577
110000216,29,581,-552
110000217,77,237,-160
110000218,61,483,-422
110000219,104,67,37
110000220,16,452,-436
110000221,146,103,43
110000222,35,373,-338
110000223,5,45,-40
110000224,145,12,133
110000225,81,430,-349
110000226,102,37,65
110000227,330,279,51
110000228,142,322,-180
110000229,2,245,-243
110000230,209,609,-400
110000231,78,134,-56
110000232,58,142,-84
110000233,60,264,-204
110000234,276,315,-39
110000235,827,683,144
110000236,124,947,-823
110000237,754,955,-201
110000238,653,1286,-633
110000239,746,1016,-270
110000240,1,87,-86
110000242,0,9,-9
110000243,31,151,-120
110000244,82,328,-246
110000245,18,371,-353
110000246,334,754,-420
110000247,3676,3217,459
110000248,4162,1219,2943
110000249,88,7,81
110000250,5,168,-163
110000251,90,411,-321
110000252,239,302,-63
110000253,1020,378,642
110000254,1272,1355,-83
110000255,206,1125,-919
110000256,380,167,213
110000257,658,307,351
110000258,5,486,-481
110000259,72,29,43
110000260,22,436,-414
110000263,913,62,851
110000264,169,626,-457
110000265,822,1440,-618
110000266,1444,2345,-901
110000267,5,138,-133
110000268,179,355,-176
110000269,3,68,-65
110000270,12,3,9
110000271,2199,258,1941
110000272,468,781,-313
110000273,1924,988,936
110000274,121,1050,-929
110000275,2763,344,2419
110000276,75,303,-228
110000277,85,281,-196
110000278,183,782,-599
110000279,530,690,-160
110000280,115,426,-311
110000281,10,210,-200
110000282,166,69,97
110000283,18,101,-83
110000284,19,29,-10
110000285,1,142,-141
110000286,18,0,18
110000287,40,1,39
110000288,1,73,-72
110000289,282,840,-558
110000290,1373,661,712
110000291,5577,1111,4466
110000292,1078,5650,-4572
110000293,260,954,-694
110000294,361,1079,-718
110000295,78,877,-799
110000296,152,251,-99
110000297,4427,269,4158
110000298,1015,451,564
110000299,1651,25,1626
110000301,310,4,306
110000302,171,1343,-1172
110000303,187,2,185
110000304,99,301,-202
110000305,372,3,369
110000306,72,2237,-2165
110000307,458,1,457
110000308,137,5,132
110000309,9,1515,-1506
110000310,277,64,213
110000311,22,958,-936
110000312,1182,23,1159
110000313,6101,1395,4706
110000314,1,246,-245
110000315,2394,1153,1241
110000316,523,1005,-482
110000317,349,229,120
110000318,2,76,-74
110000319,9,20,-11
110000320,23,67,-44
110000321,1,60,-59
110000322,91,513,-422
110000323,244,328,-84
110000324,4767,859,3908
110000325,1964,2826,-862
110000327,391,155,236
110000328,127,453,-326
110000333,630,625,5
110000334,582,1190,-608
110000335,1028,664,364
110000336,306,1303,-997
110000337,488,442,46
110000338,91,220,-129
110000339,91,196,-105
110000340,17,165,-148
110000341,190,508,-318
110000342,318,6,312
110000343,0,13,-13
110000344,20,160,-140
110000345,78,103,-25
110000346,2006,1316,690
110000347,968,781,187
110000348,1,19,-18
110000349,7,41,-34
110000350,43,3,40
110000351,354,825,-471
110000352,187,1205,-1018
110000353,3125,846,2279
110000354,511,1299,-788
110000355,31,77,-46
110000356,287,2,285
110000357,213,7,206
110000361,7,90,-83
110000362,12,49,-37
110000363,137,112,25
110000364,36,329,-293
110000365,98,3,95
110000366,1,73,-72
110000367,215,205,10
110000368,0,79,-79
110000369,20,0,20
110000373,1,281,-280
110000374,13,2,11
110000375,119,631,-512
110000376,32,103,-71
110000377,44,141,-97
110000378,17,234,-217
110000379,3580,620,2960
110000380,20,22,-2
110000383,0,406,-406
110000384,2142,196,1946
110000385,1,165,-164
110000387,37,10,27
110000388,18,280,-262
110000389,151,2,149
110000391,187,422,-235
110000396,29,128,-99
110000397,18,185,-167
110000398,1,56,-55
110000399,102,0,102
110000587,46,51,-5
110000589,78,248,-170
110000640,96,215,-119
110000652,8,137,-129
110000653,91,500,-409
110000654,2,18,-16
110000656,2,548,-546
110000674,14,5,9
110000675,12,4,8
110000676,6,30,-24
110000679,924,309,615
110000682,75,66,9
110000683,242,637,-395
110000684,2,64,-62
110000685,2,6,-4
110000686,4,22,-18
110000687,4,1,3
110000688,42,346,-304
110000689,21,108,-87
110000692,44,268,-224
110000693,73,289,-216
110000694,1,79,-78
110000695,88,667,-579
110000696,110,141,-31
110900001,111,12,99
110900002,108,157,-49
110900003,144,1080,-936
110900004,82,295,-213
110900005,4016,882,3134
110900006,48,4,44
110900007,15,16,-1
110900008,8,46,-38
110900009,158,23,135
110900010,2,24,-22
110900011,2,67,-65
110900012,0,104,-104
110900013,346,109,237
110900014,57,10,47
110900015,719,188,531
110900016,9,166,-157
110900017,85,31,54
110900018,235,17,218
110900019,59,14,45
110900020,14,439,-425
110900021,39,672,-633
110900022,61,481,-420
110900023,26,450,-424
110900024,34,555,-521
110900025,1,37,-36
110900027,15,203,-188
110900028,13,125,-112
110900029,20,425,-405
110900030,12,282,-270
110900031,0,168,-168
110900032,0,104,-104
110900033,12,237,-225
110900035,23,502,-479
110900036,18,21,-3
110900037,14,28,-14
110900038,907,168,739
110900039,15,258,-243
110900040,87,23,64
110900041,1,184,-183
110900042,31,47,-16
110900043,2,152,-150
110900044,181,12,169
110900045,35,685,-650
110900046,86,291,-205
110900047,735,34,701
110900049,20,23,-3
110900050,6,1,5
110900051,25,148,-123
110900052,2,273,-271
110900053,14,63,-49
110900054,16,263,-247
110900055,7,0,7
110900056,49,97,-48
110900057,1,248,-247
110900058,34,243,-209
110900059,429,874,-445
110900060,207,61,146
110900061,48,22,26
110900062,19,354,-335
110900063,6,55,-49
110900064,10,0,10
110900065,393,86,307
110900066,1,48,-47
110900067,522,290,232
110900068,218,202,16
110900069,0,16,-16
110900070,78,51,27
110900071,262,246,16
110900073,0,15,-15
110900074,168,73,95
110900075,71,47,24
110900077,161,273,-112
110900078,8,113,-105
110900079,2426,402,2024
110900080,25,35,-10
110900081,1,111,-110
110900082,26,195,-169
110900083,57,17,40
110900084,10,204,-194
110900085,29,284,-255
110900086,18,95,-77
110900087,123,53,70
110900088,15,0,15
110900090,13,12,1
110900091,0,69,-69
110900093,143,59,84
110900095,19,34,-15
110900097,5,24,-19
110900098,3,91,-88
110900099,31,475,-444
110900100,0,23,-23
110900102,10,30,-20
110900105,424,275,149
110900108,0,90,-90
110900111,159,39,120
110900112,236,2,234
110900113,463,19,444
110900115,2,89,-87
110900116,188,2335,-2147
110900118,125,722,-597
110900119,5794,207,5587
110900120,2,158,-156
110900121,48,0,48
110900122,126,136,-10
110900125,101,176,-75
110900127,471,411,60
110900128,401,190,211
110900129,205,104,101
110900130,897,148,749
110900131,52,20,32
110900132,112,20,92
110900133,28,338,-310
110900135,62,454,-392
110900136,139,2,137
110900139,30,0,30
110900140,8,1,7
110900141,84,92,-8
110900142,30,226,-196
110900143,40,14,26
110900144,3,607,-604
110900145,45,4,41
110900146,225,23,202
110900147,154,182,-28
110900148,0,226,-226
110900149,4,59,-55
110900150,4,15,-11
110900151,2,50,-48
110900152,10,422,-412
110900153,37,17,20
111000001,227,421,-194
111000002,547,696,-149
111000003,280,298,-18
111000004,348,1166,-818
111000005,450,415,35
111000006,581,1181,-600
111000007,2915,989,1926
111000008,3331,3032,299
111000009,269,846,-577
111000010,374,211,163
111000011,435,954,-519
111000012,595,255,340
111000013,263,1207,-944
111000014,834,477,357
111000017,94,325,-231
111000018,117,313,-196
111000020,2302,1586,716
111000021,56,184,-128
111000023,71,153,-82
111000025,6221,1500,4721
111000029,55,98,-43
111000030,35,58,-23
111000031,1747,497,1250
111000032,429,171,258
111000033,195,102,93
111000034,269,147,122
111000037,2422,1214,1208
111000038,2321,1601,720
111000039,1142,1805,-663
111000040,1012,2019,-1007
111000041,1290,1126,164
111000042,6070,2459,3611
111000043,1539,989,550
111000044,669,334,335
111000045,797,1176,-379
111000046,612,1030,-418
111000047,1174,1745,-571
111000049,224,461,-237
111000050,1574,1599,-25
111000051,286,989,-703
111000052,538,1243,-705
111000053,378,819,-441
111000054,385,939,-554
111000055,950,1961,-1011
111000056,77,713,-636
111000057,41,909,-868
111000058,90,134,-44
111000059,140,327,-187
111000060,1683,621,1062
111000061,573,303,270
111000062,457,204,253
111000063,1998,733,1265
111000064,200,562,-362
111000065,543,621,-78
111000066,146,192,-46
111000067,228,552,-324
111000068,148,495,-347
111000069,1155,1715,-560
111000070,2248,1228,1020
111000071,210,705,-495
111000072,304,160,144
111000073,69,395,-326
111000074,1186,976,210
111000075,319,514,-195
111000076,178,673,-495
111000077,472,622,-150
111000078,1319,909,410
111000079,1111,698,413
111000080,278,671,-393
111000081,2107,2514,-407
111000082,365,703,-338
111000084,484,532,-48
111000085,701,1974,-1273
111000086,2753,1624,1129
111000087,701,904,-203
111000088,5509,1533,3976
111000089,344,871,-527
111000090,1077,1419,-342
111000091,406,830,-424
111000092,583,1243,-660
111000093,431,742,-311
111000094,1538,736,802
111000095,913,1407,-494
111000096,2805,4556,-1751
111000097,5385,994,4391
111000098,300,1387,-1087
111000099,256,2423,-2167
111000100,161,2221,-2060
111000101,368,962,-594
111000102,50,884,-834
111000104,120,181,-61
111000107,39,719,-680
111000109,126,194,-68
111000110,342,367,-25
111000111,559,327,232
111000112,615,210,405
111000113,434,257,177
111000114,865,595,270
111000115,7214,596,6618
111000116,868,511,357
111000117,478,535,-57
111000118,1734,793,941
111000119,550,1420,-870
111000120,209,446,-237
111000121,169,439,-270
111000122,191,928,-737
111000123,537,3192,-2655
111000124,317,3973,-3656
111000125,98,2227,-2129
111000126,46,1174,-1128
111000127,356,100,256
111000128,378,220,158
111000129,788,271,517
111000130,582,599,-17
111000131,407,577,-170
111000132,347,314,33
111000133,44,195,-151
111000134,62,127,-65
111000135,20,118,-98
111000136,98,248,-150
111000138,6,3,3
111000140,0,2,-2
111000141,40,180,-140
111000142,6,128,-122
111000143,1,90,-89
111000144,1,97,-96
111000145,76,4,72
111000146,11,1,10
111000147,74,12,62
111000148,39,81,-42
111000149,2,27,-25
111000150,9,7,2
111000151,1,13,-12
111000153,547,362,185
111000154,662,177,485
111000155,39,161,-122
111000156,379,164,215
111000157,101,257,-156
111000158,599,397,202
111000159,2130,564,1566
111000160,173,490,-317
111000161,4,245,-241
111000162,6,161,-155
111000163,187,729,-542
111000164,771,1558,-787
111000165,1323,418,905
111000166,793,215,578
111000167,155,467,-312
111000168,175,408,-233
111000169,221,389,-168
111000170,420,318,102
111000171,322,939,-617
111000172,79,663,-584
111000173,200,1338,-1138
111000174,76,561,-485
111000175,16,249,-233
111000176,83,195,-112
111000177,92,423,-331
111000178,328,479,-151
111000179,67,270,-203
111000180,121,317,-196
111000181,239,234,5
111000182,75,165,-90
111000183,154,204,-50
111000184,225,204,21
111000185,235,509,-274
111000186,145,403,-258
111000187,57,338,-281
111000188,98,473,-375
111000189,1408,611,797
111000190,179,575,-396
111000191,80,503,-423
111000192,178,753,-575
111000193,420,424,-4
111000194,20,541,-521
111000195,65,469,-404
111000196,19,352,-333
111000197,84,188,-104
111000198,174,152,22
111000199,30,178,-148
111000200,84,372,-288
111000201,191,270,-79
111000202,110,194,-84
111000203,162,207,-45
111000204,204,281,-77
111000213,68,314,-246
111000214,899,1578,-679
111000215,717,1247,-530
111000217,582,926,-344
111000218,653,889,-236
111000219,280,202,78
111000220,2650,481,2169
111000221,448,93,355
111000224,109,285,-176
111000225,210,189,21
111000226,75,0,75
111000227,37,12,25
111000228,11,108,-97
111000229,19,235,-216
111000230,112,499,-387
111000231,192,1412,-1220
111000232,107,988,-881
111000233,202,824,-622
111000234,14,123,-109
111000239,157,157,0
111000240,19,53,-34
111000241,15,426,-411
111000242,29,25,4
111000243,32,936,-904
111000244,51,70,-19
111000245,132,597,-465
111000246,102,570,-468
111000247,61,1324,-1263
111000248,136,319,-183
111000249,334,966,-632
111000250,24,181,-157
111000251,12,101,-89
111000253,0,0,0
111000255,0,0,0
111000257,0,0,0
111000260,20,1191,-1171
111000261,198,49,149
111000271,47,362,-315
111000273,5131,1241,3890
111000274,811,1482,-671
111000275,88,69,19
111000276,236,2510,-2274
111000277,91,545,-454
111000278,367,253,114
111000291,326,1929,-1603
111000298,179,269,-90
111000299,378,45,333
111000300,53,524,-471
111000302,121,63,58
111000303,64,232,-168
111000312,24,33,-9
111000315,24,218,-194
111000320,213,617,-404
111000321,127,24,103
111000322,79,544,-465
111000323,60,12,48
111000324,245,288,-43
111000325,16,71,-55
111000326,59,494,-435
111000327,238,622,-384
111000328,149,300,-151
111000329,5,33,-28
111000330,25,22,3
111000331,14,2,12
111000332,346,1520,-1174
111000334,290,1801,-1511
111000335,177,93,84
111000337,162,467,-305
111000338,8,128,-120
111000339,66,684,-618
111000340,52,914,-862
111000341,412,140,272
111000342,32,181,-149
111000344,440,610,-170
111000345,66,34,32
111000346,9,88,-79
111000347,25,0,25
111000350,155,166,-11
111000351,48,228,-180
111000352,79,147,-68
111000353,29,281,-252
111000354,166,262,-96
111000355,132,701,-569
111000358,50,1884,-1834
111000360,50,1046,-996
111000361,43,451,-408
111000546,92,675,-583
111000547,92,606,-514
111000548,44,141,-97
111000549,113,343,-230
111000550,78,167,-89
111000551,515,84,431
111000552,231,59,172
111000907,128,16,112
111000908,9,0,9
111000916,411,191,220
111000917,20,327,-307
111000918,48,1074,-1026
111000920,143,25,118
111000921,2,439,-437
111000922,85,380,-295
111000924,15,1065,-1050
111000925,962,1143,-181
111000926,766,2607,-1841
111000927,2543,2392,151
111000928,6367,3389,2978
111000929,501,739,-238
111000930,524,2236,-1712
111000931,854,1113,-259
111000932,2894,2065,829
111000933,2018,1251,767
111000934,1888,2488,-600
111000935,529,811,-282
111000936,529,2248,-1719
111000937,535,882,-347
111000938,1422,2701,-1279
111000939,194,38,156
111000940,138,300,-162
111000941,90,626,-536
111000943,111,237,-126
111000944,66,518,-452
111000945,11,2301,-2290
111001109,147,75,72
111001110,112,643,-531
111001111,7,2,5
111001112,42,1,41
111001113,49,112,-63
111001114,843,62,781
111001115,84,272,-188
111001116,5074,935,4139
111001117,395,394,1
111001120,73,330,-257
111001121,115,375,-260
111001122,133,848,-715
111001123,51,109,-58
111001124,49,580,-531
111001125,1,11,-10
111001126,0,1,-1
111001127,0,56,-56
111900001,2,202,-200
111900002,3,683,-680
111900003,2,371,-369
111900004,18,129,-111
111900006,3,6,-3
111900007,21,1,20
111900008,15,0,15
111900009,24,7,17
111900010,138,462,-324
111900012,62,80,-18
111900013,3,44,-41
111900014,7177,936,6241
111900015,1,60,-59
111900016,1,166,-165
111900017,1,119,-118
111900018,53,2,51
111900019,1,64,-63
111900020,1,51,-50
111900021,20,60,-40
111900022,8,53,-45
111900023,135,45,90
111900024,4,82,-78
111900025,0,36,-36
111900026,0,107,-107
111900027,2,194,-192
111900028,3,420,-417
111900029,1,77,-76
111900030,64,281,-217
111900031,4,55,-51
111900032,3,436,-433
111900033,16,100,-84
111900034,132,532,-400
111900035,4,258,-254
111900036,0,371,-371
111900038,213,498,-285
111900039,41,407,-366
111900040,3,853,-850
111900042,37,35,2
111900043,4,486,-482
111900044,199,219,-20
111900046,63,205,-142
111900048,25,864,-839
111900049,10,349,-339
111900050,26,5,21
111900051,1,294,-293
111900052,339,560,-221
111900053,1106,159,947
111900054,18,0,18
111900055,16,579,-563
111900056,93,92,1
111900057,19,48,-29
111900058,80,834,-754
111900059,1901,164,1737
111900060,89,0,89
111900061,11,261,-250
111900062,4,14,-10
111900063,57,149,-92
111900064,106,245,-139
111900065,23,9,14
111900066,21,59,-38
111900067,0,250,-250
111900068,29,19,10
111900069,13,19,-6
111900070,29,121,-92
111900071,1,224,-223
111900072,0,2,-2
111900073,154,26,128
111900074,3,155,-152
111900075,14,3,11
111900076,13,7,6
111900077,3,2,1
111900078,56,3,53
111900079,5,6,-1
111900080,128,45,83
111900082,19,9,10
111900083,12,0,12
111900084,11,0,11
111900085,8,22,-14
111900086,21,0,21
111900087,16,0,16
111900088,78,0,78
111900089,13,0,13
111900090,24,15,9
111900091,24,0,24
111900092,13,0,13
111900093,44,2,42
111900094,21,1,20
111900095,56,5,51
111900096,22,0,22
111900097,11,0,11
111900098,14,0,14
111900099,4,0,4
111900100,8,2,6
111900101,56,3,53
111900102,73,727,-654
111900103,46,46,0
111900104,42,68,-26
111900105,64,97,-33
111900106,1281,24,1257
111900110,3107,114,2993
111900111,16,204,-188
111900112,588,474,114
111900113,249,54,195
111900118,48,9,39
111900119,132,32,100
111900122,71,10,61
111900123,3,23,-20
111900124,28,81,-53
111900125,96,1,95
111900126,29,2,27
111900127,2,726,-724
111900128,1,576,-575
111900129,39,6,33
111900130,85,7,78
111900131,76,0,76
111900132,29,1275,-1246
111900133,2,302,-300
111900134,13,277,-264
111900135,3,2,1
111900136,22,50,-28
111900137,35,23,12
111900138,4,45,-41
111900139,38,134,-96
111900140,10,7,3
111900141,4,1,3
111900142,46,10,36
111900143,9,386,-377
111900144,0,184,-184
111900145,3,695,-692
111900146,0,383,-383
111900147,108,547,-439
111900148,32,842,-810
111900149,7,443,-436
111900150,4,224,-220
111900151,3,21,-18
111900152,104,23,81
111900153,1396,94,1302
111900154,3,89,-86
111900155,26,16,10
111900156,2,12,-10
111900157,7,4,3
111900158,67,7,60
111900159,45,0,45
111900160,35,1,34
111900161,22,0,22
111900162,91,85,6
111900163,36,185,-149
111900164,32,16,16
111901113,40,155,-115
111901114,13,396,-383
111901115,8,0,8
111901116,35,1,34
111901117,4,4,0
111901118,55,24,31
111901119,1215,49,1166
111901121,117,303,-186
111901122,2,591,-589
111901123,18,452,-434
111901124,30,0,30
111901125,77,124,-47
111901127,718,59,659
111901128,8,70,-62
111901129,11,111,-100
111901130,8,198,-190
111901131,1,331,-330
111901132,25,2,23
111901133,9,2,7
111901134,8,2,6
111901135,3,1,2
111901136,0,6,-6
111901138,54,25,29
111901139,10,44,-34
111901140,4,141,-137
111901141,3,243,-240
111901142,4,157,-153
111901143,0,99,-99
111901144,53,29,24
111901145,107,83,24
111901146,114,3,111
111901147,1074,55,1019
111901148,11,20,-9
111901149,2,0,2
111901150,8,0,8
112000001,879,613,266
112000002,577,2298,-1721
112000003,376,523,-147
112000004,435,1763,-1328
112000005,876,831,45
112000006,1043,2026,-983
112000007,1082,845,237
112000008,1618,2287,-669
112000009,3564,3394,170
112000010,1414,1906,-492
112000011,1423,2488,-1065
112000012,5897,1065,4832
112000013,6584,3174,3410
112000014,2388,363,2025
112000015,3150,1884,1266
112000016,2294,588,1706
112000017,970,857,113
112000024,1491,569,922
112000026,5058,5549,-491
112000027,544,283,261
112000028,1662,1849,-187
112000029,126,341,-215
112000030,169,112,57
112000031,1256,1403,-147
112000032,582,35,547
112000033,2102,494,1608
112000034,371,21,350
112000035,49,185,-136
112000036,459,408,51
112000037,447,1006,-559
112000038,511,851,-340
112000039,14,83,-69
112000040,98,307,-209
112000041,405,524,-119
112000042,624,238,386
112000050,373,1141,-768
112000051,353,584,-231
112000054,1416,2319,-903
112000057,489,318,171
112000058,343,383,-40
112000059,811,332,479
112000061,7408,1298,6110
112000062,3316,410,2906
112000063,2417,520,1897
112000064,5707,6000,-293
112000065,2609,2931,-322
112000066,2384,595,1789
112000067,567,721,-154
112000068,1253,751,502
112000069,589,2186,-1597
112000070,908,378,530
112000071,574,3051,-2477
112000072,489,694,-205
112000073,804,1883,-1079
112000074,376,562,-186
112000075,519,692,-173
112000076,2689,2693,-4
112000077,344,727,-383
112000078,651,640,11
112000079,795,1322,-527
112000080,359,883,-524
112000081,856,1884,-1028
112000082,646,512,134
112000083,411,1770,-1359
112000084,557,545,12
112000085,672,1513,-841
112000086,863,1473,-610
112000087,131,510,-379
112000088,131,713,-582
112000089,167,336,-169
112000090,154,377,-223
112000091,388,1202,-814
112000092,666,494,172
112000093,1082,1218,-136
112000094,219,747,-528
112000095,255,697,-442
112000096,302,1108,-806
112000097,371,375,-4
112000098,431,1812,-1381
112000099,327,275,52
112000100,503,729,-226
112000101,238,962,-724
112000102,420,541,-121
112000103,170,1482,-1312
112000105,401,2452,-2051
112000106,613,399,214
112000107,22,71,-49
112000108,119,1987,-1868
112000109,63,85,-22
112000110,764,396,368
112000111,1081,4452,-3371
112000112,1694,365,1329
112000113,813,2228,-1415
112000114,1141,584,557
112000115,130,547,-417
112000116,130,870,-740
112000117,279,472,-193
112000118,419,804,-385
112000119,243,904,-661
112000120,30,305,-275
112000121,39,768,-729
112000122,104,124,-20
112000123,198,118,80
112000124,85,66,19
112000125,32,86,-54
112000126,66,901,-835
112000127,2045,735,1310
112000128,1097,505,592
112000129,47,103,-56
112000130,18,44,-26
112000131,12,317,-305
112000132,21,331,-310
112000133,134,199,-65
112000134,261,429,-168
112000135,419,513,-94
112000136,521,1333,-812
112000137,612,1103,-491
112000138,1016,1343,-327
112000139,595,153,442
112000140,775,1083,-308
112000141,189,154,35
112000142,118,969,-851
112000143,337,202,135
112000144,148,1696,-1548
112000145,799,564,235
112000146,457,2415,-1958
112000147,832,1026,-194
112000148,981,2179,-1198
112000149,92,708,-616
112000150,96,630,-534
112000151,233,594,-361
112000152,110,301,-191
112000153,227,303,-76
112000154,68,108,-40
112000155,85,55,30
112000157,373,290,83
112000158,108,709,-601
112000159,90,171,-81
112000167,98,12,86
112000169,246,240,6
112000173,242,186,56
112000175,121,338,-217
112000176,6111,1603,4508
112000177,149,70,79
112000178,43,507,-464
112000179,75,156,-81
112000180,272,380,-108
112000181,712,1695,-983
112000182,271,1786,-1515
112000183,21,35,-14
112000184,149,526,-377
112000185,131,561,-430
112000187,1492,1862,-370
112000195,78,6,72
112000196,60,0,60
112000197,23,92,-69
112000198,19,437,-418
112000199,555,1151,-596
112000202,64,2,62
112000216,31,154,-123
112000230,24,4,20
112000231,0,434,-434
112000256,9,69,-60
112000313,136,241,-105
112000314,5,5,0
112000337,109,490,-381
112000352,111,115,-4
112000392,2317,1040,1277
112000398,481,593,-112
112000399,1301,943,358
112000400,1370,3827,-2457
112000401,2406,3035,-629
112000402,972,1448,-476
112000403,1219,1081,138
112000404,197,377,-180
112000405,916,1887,-971
112000406,2830,3027,-197
112000407,2259,4175,-1916
112000408,6785,6098,687
112000409,1400,5188,-3788
112000410,105,64,41
112000411,4181,284,3897
112000412,682,195,487
112000413,8381,1098,7283
112000414,37,106,-69
112000415,73,50,23
112000416,997,1067,-70
112000417,103,52,51
112000421,22,123,-101
112000422,154,486,-332
112000424,1934,1025,909
112000425,243,1412,-1169
112000426,81,305,-224
112000427,0,12,-12
112000428,37,444,-407
112000429,1350,2870,-1520
112000430,1277,3329,-2052
112000431,33,62,-29
112000432,342,2454,-2112
112000433,591,450,141
112000437,12,400,-388
112900001,22,0,22
112900002,51,1258,-1207
112900003,21,225,-204
112900004,5,336,-331
112900005,52,266,-214
112900006,9,402,-393
112900007,3,120,-117
112900008,0,6,-6
112900009,206,63,143
112900010,37,672,-635
112900011,303,237,66
112900012,0,53,-53
112900013,1,126,-125
112900014,0,323,-323
112900015,245,885,-640
112900016,0,276,-276
112900017,31,168,-137
112900018,3,470,-467
112900019,46,105,-59
112900020,391,1490,-1099
112900021,2,264,-262
112900022,7,42,-35
112900023,3,338,-335
112900024,14,146,-132
112900025,58,117,-59
112900026,3,242,-239
112900027,10,1324,-1314
112900028,27,79,-52
112900029,5,598,-593
112900030,354,125,229
112900031,2,551,-549
112900032,54,259,-205
112900034,1,40,-39
112900035,2,486,-484
112900036,15,113,-98
112900037,102,71,31
112900038,98,64,34
112900039,15,322,-307
112900040,4,277,-273
112900041,1007,335,672
112900042,40,361,-321
112900043,19,34,-15
112900044,371,263,108
112900045,510,204,306
112900046,195,68,127
112900047,12,9,3
112900049,29,73,-44
112900050,48,650,-602
112900051,296,661,-365
112900052,5,1121,-1116
112900053,181,71,110
112900054,219,11,208
112900055,116,10,106
112900056,125,68,57
112900057,5,684,-679
112900058,201,73,128
112900059,45,153,-108
112900060,1,180,-179
112900061,21,121,-100
112900062,26,126,-100
112900063,47,4,43
112900064,89,86,3
112900065,7,2,5
112900066,60,19,41
112900067,619,86,533
112900068,13,1,12
112900069,2722,210,2512
112900071,8,1,7
112900072,121,250,-129
112900073,172,19,153
112900074,14,38,-24
112900075,2259,225,2034
112900076,47,6,41
112900078,64,105,-41
112900079,47,5,42
112900080,7,2,5
112900081,28,39,-11
112900082,116,6,110
112900083,11,14,-3
112900084,63,17,46
112900086,6,0,6
112900087,133,18,115
112900088,14,0,14
112900089,263,5,258
112900090,5,5,0
112900091,31,1,30
112900092,58,48,10
112900093,216,2,214
112900095,2,2,0
112900096,98,26,72
112900097,14,361,-347
112900098,7,0,7
112900099,144,5,139
112900100,10,0,10
112900101,55,0,55
112900102,44,0,44
112900103,46,0,46
112900104,9,2,7
112900105,0,0,0
112900106,190,50,140
112900107,0,0,0
112900108,1,0,1
112900109,21,0,21
112900110,171,4,167
112900111,117,3,114
112900112,30,0,30
112900113,0,5,-5
112900114,13,15,-2
112900115,179,3,176
112900116,34,48,-14
112900117,115,75,40
112900118,12,52,-40
112900119,18,3,15
112900120,684,141,543
112900121,176,110,66
112900122,12,156,-144
112900123,118,4,114
112900124,2,107,-105
112900125,37,224,-187
112900126,83,270,-187
112900127,107,15,92
112900128,434,620,-186
112900129,3,964,-961
112900130,69,33,36
112900131,26,217,-191
112900132,39,392,-353
112900133,13,1258,-1245
112900134,1,243,-242
112900135,30,10,20
112900137,2,789,-787
112900138,5,487,-482
112900139,137,923,-786
112900141,142,15,127
112900142,44,30,14
112900143,40,580,-540
112900144,3,430,-427
112900145,36,386,-350
112900146,6,1550,-1544
112900147,7,2480,-2473
112900148,7,1,6
112900149,104,473,-369
112900151,32,35,-3
112900152,4866,886,3980
112900153,887,430,457
112900154,0,77,-77
112900155,44,1,43
112900156,31,1651,-1620
112900157,29,240,-211
112900158,4,4,0
112900159,86,18,68
112900160,18,258,-240
112900161,19,15,4
112900162,15,14,1
112900163,61,17,44
112900164,22,38,-16
112900165,57,14,43
112900166,8,31,-23
112900167,0,10,-10
112900168,3,0,3
112900169,8,2,6
112900170,12,68,-56
112900172,71,4,67
112900173,181,80,101
112900174,115,7,108
112900175,95,39,56
112900176,12,7,5
112900177,85,10,75
112900178,252,312,-60
112900179,38,567,-529
112900180,298,2427,-2129
112900181,110,29,81
112900182,10,1631,-1621
112900183,72,88,-16
112900184,301,174,127
112900185,141,380,-239
112900186,1100,355,745
112900187,39,118,-79
112900188,678,206,472
112900189,1,22,-21
112900190,0,74,-74
112900192,181,112,69
112900193,533,117,416
112900194,8,131,-123
112900195,147,6,141
112900196,201,582,-381
112900197,88,398,-310
112900199,112,514,-402
112900200,121,210,-89
112900201,48,65,-17
112900202,63,801,-738
112900203,22,232,-210
112900204,529,178,351
112900205,3,9,-6
112900206,0,43,-43
112900207,0,0,0
112900208,30,28,2
112900209,243,314,-71
112900210,0,16,-16
112900211,26,11,15
112900212,0,41,-41
112900213,1,6,-5
112900214,7,2,5
112900215,2,168,-166
112900216,25,29,-4
112900217,0,71,-71
112900218,4,11,-7
112900219,6,0,6
112900220,0,0,0
112900221,2,97,-95
112900222,0,12,-12
112900223,205,3,202
112900224,71,691,-620
112900225,110,518,-408
112900226,172,119,53
112900227,83,1516,-1433
112900228,12,23,-11
112900229,19,60,-41
112900230,7226,1404,5822
112900232,148,99,49
112900233,32,173,-141
112900234,0,128,-128
112900235,14,4,10
112900236,23,8,15
112900237,45,323,-278
112900238,1,43,-42
112900239,408,206,202
112900240,4,161,-157
112900241,4,216,-212
112900242,4,280,-276
112900243,1,212,-211
112900244,0,200,-200
112900245,1,35,-34
112900246,1,10,-9
112900247,58,11,47
112900248,16,1,15
112900249,25,7,18
112900250,24,10,14
112900251,7,10,-3
112900252,12,16,-4
112900253,4,16,-12
112900254,1,6,-5
112900255,0,13,-13
112900256,1,17,-16
112900257,6,9,-3
112900258,11,13,-2
113000001,4194,4016,178
113000002,3175,3024,151
113000003,1879,1521,358
113000004,1826,1783,43
113000005,985,858,127
113000006,728,1233,-505
113000007,1194,1107,87
113000008,887,1599,-712
113000009,527,896,-369
113000010,486,1511,-1025
113000011,491,1665,-1174
113000012,564,522,42
113000013,924,294,630
113000014,1852,1447,405
113000015,515,296,219
113000016,178,231,-53
113000017,6,203,-197
113000018,96,30,66
113000019,24,215,-191
113000020,41,4,37
113000021,457,582,-125
113000022,325,1193,-868
113000025,62,249,-187
113000026,87,235,-148
113000027,453,246,207
113000028,497,294,203
113000029,679,494,185
113000030,575,567,8
113000031,277,211,66
113000032,341,162,179
113000033,355,302,53
113000034,412,252,160
113000035,13,23,-10
113000036,18,54,-36
113000037,32,22,10
113000038,6,34,-28
113000039,52,562,-510
113000040,46,138,-92
113000042,756,630,126
113000051,387,1231,-844
113000052,2120,1187,933
113000053,192,691,-499
113000054,114,597,-483
113000055,467,855,-388
113000056,402,1921,-1519
113000058,631,1046,-415
113000059,1124,775,349
113000060,45,609,-564
113000061,541,838,-297
113000062,1300,115,1185
113000063,31,175,-144
113000064,11,386,-375
113000065,171,1323,-1152
113000066,235,83,152
113000067,764,923,-159
113000068,425,2268,-1843
113000069,292,1550,-1258
113000070,620,621,-1
113000071,169,806,-637
113000072,225,301,-76
113000073,407,1466,-1059
113000074,774,231,543
113000075,1717,384,1333
113000076,1201,1591,-390
113000077,1880,421,1459
113000078,1203,1227,-24
113000079,1087,587,500
113000080,806,519,287
113000081,917,707,210
113000082,1130,753,377
113000083,469,640,-171
113000084,1869,954,915
113000085,964,505,459
113000086,1025,936,89
113000087,1242,819,423
113000088,1815,1059,756
113000089,867,1379,-512
113000090,297,256,41
113000091,661,223,438
113000094,446,118,328
113000095,179,1147,-968
113000096,161,778,-617
113000097,333,241,92
113000098,45,25,20
113000099,1037,158,879
113000100,102,373,-271
113000101,325,374,-49
113000102,331,150,181
113000103,2107,605,1502
113000104,245,1907,-1662
113000105,266,419,-153
113000106,192,604,-412
113000107,376,909,-533
113000108,746,1690,-944
113000109,412,2352,-1940
113000110,1321,358,963
113000111,132,476,-344
113000112,403,462,-59
113000113,2177,331,1846
113000114,578,873,-295
113000116,552,243,309
113000117,588,148,440
113000118,87,233,-146
113000119,105,308,-203
113000120,11,201,-190
113000121,223,669,-446
113000124,83,154,-71
113000125,12,560,-548
113000127,3244,435,2809
113000128,267,315,-48
113000129,573,712,-139
113000133,3679,551,3128
113000134,8,400,-392
113000135,2384,1609,775
113000137,2570,978,1592
113000139,478,121,357
113000140,186,219,-33
113000141,319,42,277
113000142,620,562,58
113000143,361,136,225
113000144,378,557,-179
113000145,63,138,-75
113000146,58,62,-4
113000147,72,107,-35
113000148,54,118,-64
113000149,79,97,-18
113000150,410,305,105
113000151,137,62,75
113000152,22,128,-106
113000153,1363,385,978
113000154,412,702,-290
113000155,174,190,-16
113000156,118,315,-197
113000157,206,577,-371
113000158,341,117,224
113000159,517,403,114
113000160,507,876,-369
113000161,146,701,-555
113000162,280,239,41
113000163,51,46,5
113000164,51,66,-15
113000166,72,37,35
113000167,24,221,-197
113000168,26,191,-165
113000169,73,31,42
113000170,48,55,-7
113000171,27,85,-58
113000172,207,55,152
113000173,23,7,16
113000174,78,561,-483
113000175,182,82,100
113000176,272,57,215
113000177,62,453,-391
113000178,145,388,-243
113000179,195,75,120
113000180,289,1297,-1008
113000181,538,1063,-525
113000182,150,166,-16
113000183,152,505,-353
113000184,20,101,-81
113000189,952,493,459
113000190,1506,307,1199
113000192,2234,1007,1227
113000193,3472,691,2781
113000194,1519,1016,503
113000195,1792,408,1384
113000196,64,55,9
113000197,953,685,268
113000198,21,279,-258
113000199,366,384,-18
113000201,165,129,36
113000202,2633,841,1792
113000203,400,85,315
113000204,1142,973,169
113000205,11,23,-12
113000206,4,25,-21
113000207,49,13,36
113000208,39,43,-4
113000209,24,24,0
113000210,7,19,-12
113000211,314,115,199
113000212,306,26,280
113000213,12,121,-109
113000214,61,151,-90
113000234,111,1404,-1293
113000410,39,68,-29
113000411,2104,4079,-1975
113000412,12672,1659,11013
113000413,4529,1481,3048
113000414,12971,5929,7042
113000415,2650,1858,792
113000416,10484,2681,7803
113000417,3564,2059,1505
113000418,2961,2439,522
113000419,1729,1500,229
113000420,4106,2233,1873
113000421,4522,3422,1100
113000422,18026,5315,12711
113000423,2641,2216,425
113000424,4939,5555,-616
113000425,14,40,-26
113000428,33,6,27
113000430,19,4,15
113000432,681,47,634
113000433,186,1019,-833
113000434,11,390,-379
113000435,9,919,-910
113000436,54,1534,-1480
113000437,159,16,143
113000438,80,13,67
113000439,9,206,-197
113000440,36,36,0
113000441,59,161,-102
113000442,90,370,-280
113000443,53,221,-168
113000444,70,435,-365
113000445,37,117,-80
113000446,19,106,-87
113000448,217,103,114
113000449,202,564,-362
113000450,550,1136,-586
113000451,1469,123,1346
113000452,394,270,124
113000453,143,253,-110
113000454,591,39,552
113000455,52,118,-66
113000456,2810,1538,1272
113000468,2499,237,2262
113000469,170,44,126
113000470,459,84,375
113000471,8,272,-264
113000472,50,214,-164
113000474,148,712,-564
113000475,1068,1774,-706
113000476,836,2034,-1198
113000477,1413,2266,-853
113000478,2478,5498,-3020
113000479,14,344,-330
113000484,0,0,0
113000485,0,0,0
113000486,0,0,0
113000487,0,0,0
113000488,0,0,0
113000489,0,0,0
113000490,0,0,0
113000491,0,0,0
113000492,0,0,0
113000493,0,0,0
113000495,185,252,-67
113000496,64,89,-25
113900001,1,45,-44
113900002,0,113,-113
113900003,1,58,-57
113900004,0,5,-5
113900005,1,5,-4
113900006,0,22,-22
113900007,59,0,59
113900008,7,0,7
113900009,106,1,105
113900010,33,0,33
113900011,2,0,2
113900012,6,0,6
113900013,169,2,167
113900014,1252,4,1248
113900015,0,60,-60
113900016,27,0,27
113900017,0,35,-35
113900018,427,43,384
113900019,10,46,-36
113900020,53,0,53
113900022,7,0,7
113900023,1,0,1
113900024,19,65,-46
113900025,280,6,274
113900026,31,0,31
113900027,0,69,-69
113900028,11,418,-407
113900029,19,282,-263
113900030,79,0,79
113900031,1,0,1
113900032,4,0,4
113900033,78,69,9
113900035,7,0,7
113900036,2,67,-65
113900037,25,622,-597
113900038,82,30,52
113900039,27,9,18
113900040,1,1,0
113900041,0,3,-3
113900042,12,19,-7
113900043,140,76,64
113900044,94,26,68
113900045,10,1,9
113900046,347,624,-277
113900047,8,150,-142
113900048,263,20,243
113900049,858,90,768
113900050,120,253,-133
113900051,150,323,-173
113900052,182,88,94
113900053,255,82,173
113900054,13,0,13
113900055,105,414,-309
113900056,26,102,-76
113900057,20,130,-110
113900058,24,171,-147
113900059,95,343,-248
113900060,117,226,-109
113900061,863,23,840
113900062,68,5,63
113900063,52,114,-62
113900064,25,166,-141
113900065,921,14,907
113900066,164,558,-394
113900067,26,357,-331
113900068,336,358,-22
113900069,108,14,94
113900070,188,368,-180
113900071,45,36,9
113900072,25,187,-162
113900073,88,346,-258
113900074,17,463,-446
113900075,637,1233,-596
113900076,83,9,74
113900077,20,203,-183
113900078,40,52,-12
113900079,0,60,-60
113900080,244,150,94
113900081,30,244,-214
113900082,84,212,-128
113900083,54,737,-683
113900084,141,68,73
113900085,43,339,-296
113900086,11,12,-1
113900087,21,205,-184
113900088,19,34,-15
113900089,243,20,223
113900090,218,247,-29
113900091,9,13,-4
113900092,37,39,-2
113900093,59,418,-359
113900094,84,557,-473
113900095,28,100,-72
113900096,54,34,20
113900097,0,97,-97
113900098,162,43,119
113900099,2,48,-46
113900100,0,0,0
113900101,14,46,-32
113900102,47,73,-26
113900103,171,259,-88
113900104,65,111,-46
113900105,10,385,-375
113900106,0,70,-70
113900107,1,23,-22
113900108,183,126,57
113900109,178,103,75
113900110,5,16,-11
113900111,17,60,-43
113900112,32,48,-16
113900113,443,314,129
113900114,0,113,-113
113900115,0,113,-113
113900116,69,114,-45
113900117,39,4,35
113900118,87,128,-41
113900119,289,191,98
113900120,30,38,-8
113900121,25,58,-33
113900122,136,1374,-1238
113900123,141,114,27
113900124,0,82,-82
113900125,1257,147,1110
113900126,92,22,70
113900127,155,318,-163
113900128,56,29,27
113900129,6,53,-47
113900130,0,3,-3
113900131,53,47,6
113900132,15,44,-29
113900133,14,29,-15
113900135,163,395,-232
113900136,100,46,54
113900137,151,160,-9
113900138,32,98,-66
113900139,510,46,464
113900140,332,106,226
113900141,137,456,-319
113900142,32,71,-39
113900143,5,16,-11
113900144,289,57,232
113900145,131,226,-95
113900146,19,49,-30
113900148,117,117,0
113900149,67,35,32
113900150,1029,407,622
113900151,80,210,-130
113900152,9,68,-59
113900153,491,321,170
113900154,1,49,-48
113900155,212,35,177
113900156,104,528,-424
113900157,10,259,-249
113900158,226,100,126
113900159,7,134,-127
113900160,306,627,-321
113900161,13,153,-140
113900162,462,247,215
113900163,281,133,148
113900164,96,26,70
113900165,753,458,295
113900166,132,41,91
113900167,109,10,99
113900168,110,108,2
113900169,92,361,-269
113900171,35,29,6
113900172,8,197,-189
113900173,31,645,-614
113900174,330,732,-402
113900175,107,47,60
113900176,101,742,-641
113900177,161,126,35
113900178,117,93,24
113900179,11,639,-628
113900180,57,121,-64
113900181,185,55,130
113900182,291,928,-637
113900183,20,60,-40
113900184,20,492,-472
113900185,118,68,50
113900186,18,33,-15
113900187,24,134,-110
113900188,32,116,-84
113900189,119,30,89
113900190,284,86,198
113900191,86,158,-72
113900192,1,146,-145
113900193,9,227,-218
113900194,1708,781,927
113900195,278,434,-156
113900196,1,122,-121
113900197,2,357,-355
113900198,17,149,-132
113900199,160,612,-452
113900200,7,247,-240
113900201,2,281,-279
113900202,23,202,-179
113900203,2,267,-265
113900204,22,594,-572
113900205,2,102,-100
113900206,9,121,-112
113900207,0,61,-61
113900208,0,67,-67
113900209,0,96,-96
113900210,360,286,74
113900211,108,27,81
113900212,86,490,-404
113900214,394,237,157
113900215,19,144,-125
113900216,12,1473,-1461
113900217,16,339,-323
113900218,35,26,9
113900219,66,394,-328
113900220,74,52,22
113900221,246,115,131
113900222,248,132,116
113900223,28,1176,-1148
113900224,99,65,34
113900225,611,143,468
113900226,206,85,121
113900227,275,81,194
113900228,276,257,19
113900229,24,413,-389
113900230,4111,822,3289
113900231,104,163,-59
113900232,20,99,-79
113900233,23,63,-40
113900234,99,338,-239
113900235,9,27,-18
113900236,20,267,-247
113900237,44,9,35
113900238,137,262,-125
113900239,30,27,3
113900240,3,51,-48
113900241,78,34,44
113900242,34,139,-105
113900243,71,385,-314
113900244,424,126,298
113900245,1167,161,1006
113900246,21,17,4
113900247,119,102,17
113900248,3446,585,2861
113900249,834,120,714
113900250,24,119,-95
113900251,232,152,80
113900252,291,11,280
113900253,346,29,317
113900254,173,50,123
113900255,230,12,218
113900256,283,21,262
113900257,37,833,-796
113900258,10,441,-431
113900259,246,205,41
113900260,71,16,55
113900261,15,159,-144
113900262,55,773,-718
113900263,24,423,-399
113900264,3,633,-630
113900265,93,189,-96
113900266,23,271,-248
113900267,91,337,-246
113900268,143,203,-60
113900269,29,121,-92
113900270,140,245,-105
113900271,414,1415,-1001
113900273,5,0,5
113900274,15,5,10
113900275,10,50,-40
113900276,1,296,-295
113900277,27,0,27
113900278,206,161,45
113900279,80,93,-13
113900280,978,344,634
113900281,172,734,-562
113900282,774,256,518
113900283,223,294,-71
113900284,682,104,578
113900285,83,20,63
113900286,4,137,-133
113900287,15,49,-34
113900288,0,67,-67
113900289,1597,41,1556
113900290,397,34,363
113900291,148,178,-30
113900292,2,5,-3
113900293,8,241,-233
113900294,166,9,157
113900295,622,212,410
113900296,2389,266,2123
113900297,339,16,323
113900298,9,1304,-1295
113900299,10,154,-144
113900300,5382,1525,3857
113900301,624,204,420
113900302,2401,505,1896
113900303,508,97,411
113900304,0,167,-167
113900305,14,0,14
113900306,2,0,2
113900307,32,0,32
113900308,66,77,-11
113900309,3,748,-745
113900310,0,10,-10
113900311,0,1,-1
113900312,85,76,9
113900313,26,10,16
113900314,0,14,-14
113900315,5,0,5
114000001,974,3058,-2084
114000002,90,543,-453
114000003,189,1518,-1329
114000004,285,468,-183
114000005,147,290,-143
114000006,5659,2094,3565
114000007,509,1400,-891
114000008,1936,830,1106
114000009,168,160,8
114000011,1755,2756,-1001
114000012,976,2608,-1632
114000013,659,2118,-1459
114000014,532,690,-158
114000015,602,591,11
114000016,251,453,-202
114000017,63,271,-208
114000018,289,91,198
114000026,477,1693,-1216
114000027,1074,1966,-892
114000028,1124,1682,-558
114000038,56,150,-94
114000039,91,411,-320
114000040,52,194,-142
114000042,43,223,-180
114000043,45,320,-275
114000044,105,378,-273
114000045,44,192,-148
114000046,2883,4426,-1543
114000047,6,44,-38
114000048,80,257,-177
114000049,1622,996,626
114000050,2269,1103,1166
114000051,5552,1392,4160
114000052,3269,974,2295
114000053,22,378,-356
114000054,31,1418,-1387
114000055,162,20,142
114000056,910,518,392
114000057,7938,2034,5904
114000058,368,350,18
114000059,216,162,54
114000060,466,1014,-548
114000061,4066,1069,2997
114000062,1551,473,1078
114000063,4445,1544,2901
114000064,8467,1965,6502
114000065,1923,1876,47
114000066,182,536,-354
114000067,38,252,-214
114000068,429,344,85
114000069,636,272,364
114000070,2509,1106,1403
114000071,269,553,-284
114000072,83,317,-234
114000073,6,107,-101
114000074,8,16,-8
114000075,19,165,-146
114000076,8,140,-132
114000077,1,76,-75
114000078,72,1414,-1342
114000079,46,29,17
114000080,71,127,-56
114000081,29,90,-61
114000082,85,668,-583
114000083,16,401,-385
114000084,51,93,-42
114000085,109,931,-822
114000086,53,761,-708
114000087,16,370,-354
114000088,12,63,-51
114000089,1580,612,968
114000090,642,336,306
114000091,1611,313,1298
114000092,1111,279,832
114000093,771,695,76
114000094,286,455,-169
114000095,64,48,16
114000096,65,602,-537
114000097,44,1178,-1134
114000098,136,37,99
114000099,105,1102,-997
114000100,290,684,-394
114000101,118,1563,-1445
114000102,140,228,-88
114000103,68,538,-470
114000104,1,403,-402
114000105,30,81,-51
114000106,622,233,389
114000107,53,97,-44
114000108,2971,1479,1492
114000109,150,419,-269
114000110,368,2012,-1644
114000111,353,251,102
114000112,178,2825,-2647
114000113,432,217,215
114000114,998,2277,-1279
114000115,830,328,502
114000116,204,484,-280
114000117,714,276,438
114000118,716,228,488
114000119,464,140,324
114000120,472,968,-496
114000121,389,512,-123
114000122,246,228,18
114000123,397,179,218
114000124,144,172,-28
114000125,598,1782,-1184
114000126,463,116,347
114000127,75,106,-31
114000128,412,381,31
114000130,200,252,-52
114000131,78,17,61
114000132,636,959,-323
114000133,1438,1535,-97
114000134,42,330,-288
114000138,65,215,-150
114000139,753,93,660
114000144,472,192,280
114000145,56,224,-168
114000146,61,427,-366
114000147,604,556,48
114000148,2137,730,1407
114000149,350,116,234
114000150,3195,922,2273
114000151,1907,794,1113
114000152,232,16,216
114000153,1842,1683,159
114000154,1228,968,260
114000155,1468,1154,314
114000156,995,356,639
114000157,288,565,-277
114000158,2803,611,2192
114000159,362,339,23
114000160,187,189,-2
114000161,1970,725,1245
114000162,986,512,474
114000163,11,170,-159
114000165,233,68,165
114000166,772,142,630
114000167,5039,1104,3935
114000168,950,668,282
114000169,1784,350,1434
114000170,858,292,566
114000171,406,719,-313
114000174,196,435,-239
114000176,785,418,367
114000177,1798,739,1059
114000178,29,66,-37
114000179,966,421,545
114000180,240,481,-241
114000181,1113,1502,-389
114000182,5109,1844,3265
114000183,951,994,-43
114000184,6391,1745,4646
114000185,528,691,-163
114000189,140,20,120
114000190,813,67,746
114000191,13,25,-12
114000192,265,1561,-1296
114000193,825,3094,-2269
114000194,724,1185,-461
114000195,24,1,23
114000196,13,341,-328
114000197,348,59,289
114000198,966,372,594
114000199,1567,876,691
114000200,551,2615,-2064
114000201,89,1144,-1055
114000202,631,776,-145
114000203,349,1104,-755
114000204,90,331,-241
114000205,240,2051,-1811
114000206,236,1214,-978
114000207,465,2210,-1745
114000208,355,3088,-2733
114000209,558,3659,-3101
114000210,282,1937,-1655
114000211,625,1434,-809
114000212,455,686,-231
114000213,727,501,226
114000214,37,263,-226
114000215,97,66,31
114000216,301,132,169
114000217,57,212,-155
114000218,113,273,-160
114000219,334,233,101
114000220,5,1476,-1471
114000221,213,56,157
114000222,112,1266,-1154
114000223,233,31,202
114000224,110,729,-619
114000225,54,449,-395
114000226,30,243,-213
114000227,631,497,134
114000228,342,969,-627
114000229,321,1136,-815
114000230,816,1430,-614
114000231,364,1111,-747
114000232,200,58,142
114000233,790,126,664
114000234,605,1036,-431
114000235,405,1376,-971
114000236,2,572,-570
114000237,51,1274,-1223
114000238,13,98,-85
114000239,123,1518,-1395
114000240,377,526,-149
114000241,226,1150,-924
114000242,749,854,-105
114000243,515,569,-54
114000244,282,225,57
114000245,212,580,-368
114000246,96,30,66
114000247,346,699,-353
114000248,404,379,25
114000249,276,440,-164
114000250,126,491,-365
114000251,47,305,-258
114000252,34,118,-84
114000253,33,330,-297
114000254,9,95,-86
114000255,334,137,197
114000256,1254,331,923
114000257,862,2551,-1689
114000258,56,473,-417
114000259,31,283,-252
114000260,1,22,-21
114000261,18,11,7
114000262,28,284,-256
114000263,2,0,2
114000264,226,617,-391
114000265,0,0,0
114000267,1,983,-982
114000268,6,2154,-2148
114000270,65,0,65
114000271,180,86,94
114000283,426,377,49
114000285,40,329,-289
114000288,22,464,-442
114000289,938,191,747
114000293,69,298,-229
114000294,158,416,-258
114000395,570,38,532
114000396,140,213,-73
114000402,176,351,-175
114000403,128,602,-474
114000405,69,752,-683
114000423,58,605,-547
114000424,189,205,-16
114000425,146,712,-566
114000426,178,291,-113
114000427,39,164,-125
114000428,375,66,309
114000429,8,213,-205
114000432,40,184,-144
114000434,17,137,-120
114000435,1,197,-196
114900001,209,1605,-1396
114900002,172,31,141
114900003,140,2322,-2182
114900004,122,79,43
114900005,131,959,-828
114900006,11,17,-6
114900007,42,7,35
114900008,51,25,26
114900010,3236,1865,1371
114900011,26,69,-43
114900013,55,53,2
114900018,579,78,501
114900020,37,31,6
114900022,4,732,-728
114900025,230,246,-16
114900026,42,50,-8
114900029,49,21,28
114900030,107,222,-115
114900031,61,45,16
114900032,63,21,42
114900034,44,374,-330
114900035,140,210,-70
114900036,196,1241,-1045
114900039,513,971,-458
114900040,41,242,-201
114900041,196,884,-688
114900042,273,1049,-776
114900044,48,9,39
114900047,113,1019,-906
114900048,28,301,-273
114900049,45,477,-432
114900050,15,711,-696
114900051,23,489,-466
114900052,45,170,-125
114900053,34,242,-208
114900054,28,167,-139
114900057,74,1,73
114900058,0,70,-70
114900059,20,12,8
114900063,42,322,-280
114900064,355,863,-508
114900065,95,726,-631
114900067,9,442,-433
114900068,55,424,-369
114900069,222,225,-3
114900070,98,622,-524
114900072,12,241,-229
114900073,1,197,-196
114900074,103,1110,-1007
114900075,48,6,42
114900076,4,347,-343
114900080,3093,382,2711
114900082,3775,1344,2431
114900083,276,722,-446
114900090,109,51,58
114900091,128,185,-57
114900097,42,0,42
114900098,4,228,-224
114900099,64,1,63
115000001,8780,7230,1550
115000002,2292,2595,-303
115000003,3255,5239,-1984
115000004,1445,3635,-2190
115000005,846,2983,-2137
115000006,334,1176,-842
115000007,69,87,-18
115000008,287,413,-126
115000009,75,349,-274
115000010,240,162,78
115000013,72,85,-13
115000015,137,153,-16
115000016,34,125,-91
115000019,10,260,-250
115000020,97,141,-44
115000021,207,359,-152
115000022,309,281,28
115000023,210,218,-8
115000024,647,463,184
115000025,394,251,143
115000026,69,385,-316
115000027,97,155,-58
115000028,74,447,-373
115000029,153,110,43
115000030,105,591,-486
115000031,361,98,263
115000032,5,273,-268
115000033,51,7,44
115000034,78,797,-719
115000035,471,8,463
115000036,1,364,-363
115000037,93,0,93
115000038,39,220,-181
115000039,2550,1514,1036
115000040,6143,2327,3816
115000041,727,1666,-939
115000042,581,444,137
115000043,2366,1973,393
115000044,3018,4413,-1395
115000045,1244,2767,-1523
115000046,928,1991,-1063
115000047,964,1568,-604
115000048,995,3268,-2273
115000049,1154,2670,-1516
115000050,1609,1324,285
115000051,1825,896,929
115000052,3382,1781,1601
115000053,1054,777,277
115000054,903,1318,-415
115000055,38,336,-298
115000056,90,174,-84
115000057,192,480,-288
115000058,248,83,165
115000059,75,363,-288
115000061,91,48,43
115000062,72,286,-214
115000063,58,314,-256
115000064,112,167,-55
115000065,8,177,-169
115000067,140,13,127
115000069,36,235,-199
115000070,22,411,-389
115000071,110,3,107
115000072,12,49,-37
115000073,934,16,918
115000075,10,47,-37
115000076,2838,3320,-482
115000077,871,4181,-3310
115000078,326,2027,-1701
115000079,580,2623,-2043
115000080,1077,3154,-2077
115000081,294,897,-603
115000082,1897,2235,-338
115000083,1216,3530,-2314
115000084,599,883,-284
115000085,225,1162,-937
115000086,350,954,-604
115000087,426,1381,-955
115000088,1027,496,531
115000089,1500,1483,17
115000090,720,478,242
115000091,264,1421,-1157
115000092,219,296,-77
115000093,320,2,318
115000094,6635,3489,3146
115000095,5619,3224,2395
115000096,385,2025,-1640
115000097,247,728,-481
115000098,325,914,-589
115000099,809,3107,-2298
115000100,402,360,42
115000101,272,1541,-1269
115000102,200,136,64
115000103,332,947,-615
115000105,42,210,-168
115000106,135,184,-49
115000107,118,616,-498
115000108,3422,2940,482
115000109,4658,1400,3258
115000110,891,606,285
115000111,619,1376,-757
115000112,337,280,57
115000113,576,733,-157
115000114,1411,775,636
115000116,2407,828,1579
115000117,3081,1240,1841
115000118,1781,984,797
115000119,1908,1168,740
115000120,692,419,273
115000121,1726,603,1123
115000122,3268,476,2792
115000123,1512,862,650
115000124,625,511,114
115000125,297,412,-115
115000126,130,165,-35
115000127,232,80,152
115000128,863,472,391
115000129,160,129,31
115000130,202,1171,-969
115000131,214,322,-108
115000132,56,521,-465
115000133,133,361,-228
115000134,56,236,-180
115000135,53,238,-185
115000136,107,184,-77
115000137,53,192,-139
115000138,80,221,-141
115000139,155,289,-134
115000140,58,166,-108
115000141,115,345,-230
115000142,40,328,-288
115000143,156,407,-251
115000144,218,65,153
115000145,97,570,-473
115000146,141,194,-53
115000147,220,504,-284
115000148,221,1620,-1399
115000149,222,178,44
115000150,438,1829,-1391
115000151,311,322,-11
115000152,342,2345,-2003
115000153,276,309,-33
115000154,294,230,64
115000155,331,1437,-1106
115000156,581,387,194
115000157,603,861,-258
115000158,463,261,202
115000159,495,254,241
115000160,390,158,232
115000161,121,521,-400
115000162,422,358,64
115000163,521,564,-43
115000164,384,405,-21
115000165,239,231,8
115000167,78,79,-1
115000168,436,270,166
115000169,396,300,96
115000170,70,114,-44
115000171,239,183,56
115000172,1566,394,1172
115000173,219,179,40
115000174,38,149,-111
115000175,108,142,-34
115000176,73,28,45
115000177,29,79,-50
115000178,9,300,-291
115000179,8,23,-15
115000180,37,633,-596
115000181,165,79,86
115000182,262,283,-21
115000183,88,976,-888
115000186,344,204,140
115000187,87,674,-587
115000188,389,291,98
115000189,198,348,-150
115000190,494,198,296
115000191,145,252,-107
115000194,167,74,93
115000195,339,160,179
115000196,42,152,-110
115000197,77,458,-381
115000198,56,229,-173
115000199,82,421,-339
115000200,205,114,91
115000201,64,460,-396
115000206,76,36,40
115000207,16,253,-237
115000208,432,584,-152
115000209,187,82,105
115000210,64,77,-13
115000211,136,168,-32
115000212,1159,193,966
115000224,54,30,24
115000225,43,29,14
115000229,156,89,67
115000230,48,345,-297
115000231,248,2602,-2354
115000232,525,352,173
115000233,26,241,-215
115000234,10,184,-174
115000241,28,264,-236
115000242,40,226,-186
115000243,16,244,-228
115000244,6,96,-90
115000246,9,7,2
115000247,7,4,3
115000248,4,2,2
115000249,32,3,29
115000250,78,24,54
115000251,53,162,-109
115000252,32,167,-135
115000253,9,131,-122
115000258,97,162,-65
115000259,186,139,47
115000261,4,32,-28
115000262,2,33,-31
115000263,2,31,-29
115000264,21,26,-5
115000267,29,49,-20
115000268,14,64,-50
115000269,44,47,-3
115000270,0,9,-9
115000272,24,112,-88
115000273,82,14,68
115000280,2726,28,2698
115000281,720,84,636
115000282,537,216,321
115000284,358,82,276
115000296,253,7,246
115000297,131,21,110
115000298,105,50,55
115000300,48,178,-130
115000302,103,137,-34
115000303,206,97,109
115000304,244,84,160
115000305,35,1237,-1202
115000306,58,679,-621
115000307,17,375,-358
115000308,68,19,49
115000309,9,6,3
115000310,402,1412,-1010
115000311,236,1253,-1017
115000313,134,828,-694
115000314,123,67,56
115000315,1253,309,944
115000316,12,29,-17
115000317,71,465,-394
115000318,319,137,182
115000319,12,206,-194
115000320,3,107,-104
115000321,146,6,140
115000322,21,250,-229
115000449,228,63,165
115000557,2,260,-258
115000558,142,63,79
115000587,185,221,-36
115000588,1890,4512,-2622
115000589,2050,2410,-360
115000590,628,1528,-900
115000591,1282,619,663
115000592,495,1306,-811
115000593,1161,317,844
115000594,775,1145,-370
115000609,163,128,35
115000617,1302,737,565
115000624,62,69,-7
115000633,277,1538,-1261
115000634,1856,463,1393
115000635,126,71,55
115000638,1318,728,590
115000641,73,58,15
115000642,391,175,216
115000643,66,525,-459
115000644,90,421,-331
115000646,622,697,-75
115000647,73,367,-294
115000648,470,1591,-1121
115000893,3680,631,3049
115000894,38,1185,-1147
115000895,250,886,-636
115000896,739,264,475
115000897,353,50,303
115000898,782,187,595
115000899,899,738,161
115000900,63,301,-238
115000901,67,82,-15
115000912,120,43,77
115000913,3,35,-32
115000915,12,0,12
115000916,2,0,2
115000917,0,1,-1
115000918,74,125,-51
115000919,25,4,21
115000920,13,28,-15
115000921,1320,45,1275
115000922,1005,274,731
115000923,512,779,-267
115000925,28,76,-48
115000927,13,30,-17
115000933,321,109,212
115000934,33,211,-178
115000935,16,75,-59
115000936,39,165,-126
115000937,1475,92,1383
115000938,184,93,91
115000939,313,99,214
115000940,3,6,-3
115000941,2,2,0
115000942,39,29,10
115000943,84,10,74
115000944,8,6,2
115900001,10,85,-75
115900002,76,134,-58
115900003,64,147,-83
115900004,0,34,-34
115900005,28,0,28
115900006,44,425,-381
115900008,15,10,5
115900009,37,281,-244
115900010,48,185,-137
115900011,121,285,-164
115900012,17,126,-109
115900013,321,97,224
115900014,39,162,-123
115900015,12,182,-170
115900016,41,20,21
115900017,0,3,-3
115900018,164,80,84
115900019,80,8,72
115900020,8,0,8
115900021,1682,69,1613
115900022,2587,7,2580
115900023,12,1,11
115900025,64,105,-41
115900026,816,403,413
115900027,0,475,-475
115900028,432,20,412
115900029,8,528,-520
115900030,7,7,0
115900031,281,92,189
115900032,204,572,-368
115900033,1,30,-29
115900034,12,503,-491
115900035,11,67,-56
115900036,142,171,-29
115900037,10,528,-518
115900038,4,8,-4
115900039,43,293,-250
115900041,203,157,46
115900042,1,2,-1
115900043,4,139,-135
115900044,122,136,-14
115900046,90,260,-170
115900047,21,20,1
115900049,76,200,-124
115900051,1,96,-95
115900052,6,400,-394
115900053,52,314,-262
115900054,37,50,-13
115900055,21,242,-221
115900056,75,371,-296
115900057,6,2,4
115900058,23,107,-84
115900060,29,99,-70
115900061,47,1,46
115900062,2,385,-383
115900063,33,13,20
115900064,125,219,-94
115900065,22,148,-126
115900066,187,221,-34
115900067,5,995,-990
115900068,4099,71,4028
115900069,42,172,-130
115900070,61,304,-243
115900071,1,639,-638
115900072,80,174,-94
115900073,9,16,-7
115900074,2,408,-406
115900075,34,321,-287
115900076,1,105,-104
115900077,4,355,-351
115900078,51,129,-78
115900079,39,4,35
115900080,358,108,250
115900081,7,64,-57
115900082,198,147,51
115900084,58,9,49
115900085,23,25,-2
115900086,1449,310,1139
115900088,6,14,-8
115900089,50,841,-791
115900090,35,13,22
115900091,0,10,-10
115900092,15,260,-245
115900093,1,55,-54
115900094,4,467,-463
115900096,0,13,-13
115900097,14,631,-617
115900098,50,402,-352
115900099,14,93,-79
115900100,8,581,-573
115900101,50,376,-326
115900102,10,89,-79
115900103,92,200,-108
115900104,23,194,-171
115900105,39,794,-755
115900106,22,12,10
115900107,9,244,-235
115900108,23,31,-8
115900109,23,469,-446
115900110,2,9,-7
115900111,2,68,-66
115900112,19,844,-825
115900113,12,8,4
115900114,0,157,-157
115900115,12,106,-94
115900116,39,970,-931
115900117,10,6,4
115900118,4,408,-404
115900119,29,78,-49
115900120,9,302,-293
115900121,48,209,-161
115900124,127,153,-26
115900125,101,17,84
115900126,181,31,150
115900127,190,15,175
115900128,4,61,-57
115900129,354,15,339
115900130,28,185,-157
115900131,40,20,20
115900132,82,8,74
115900134,53,9,44
115900135,505,367,138
115900137,1,2,-1
115900139,61,21,40
115900140,46,5,41
115900141,4,14,-10
115900142,4,2,2
115900143,62,151,-89
115900144,34,137,-103
115900146,4,138,-134
115900147,96,166,-70
115900148,0,11,-11
115900149,11,50,-39
115900150,27,101,-74
115900151,8,61,-53
115900152,10,360,-350
115900153,13,217,-204
115900154,373,237,136
115900155,0,79,-79
115900156,292,620,-328
115900157,51,427,-376
115900158,37,5,32
115900159,27,308,-281
115900160,7,3,4
115900161,15,173,-158
115900163,74,116,-42
115900164,67,95,-28
115900166,134,171,-37
115900168,12,174,-162
115900171,56,260,-204
115900172,8,114,-106
115900173,76,149,-73
115900174,208,224,-16
115900175,32,127,-95
115900178,6,732,-726
115900179,43,11,32
115900180,23,335,-312
115900181,72,321,-249
115900182,158,289,-131
115900183,50,8,42
115900184,1048,26,1022
115900187,5,92,-87
115900189,0,61,-61
115900190,340,264,76
115900191,58,520,-462
115900192,4,34,-30
115900193,130,13,117
115900194,160,15,145
115900195,359,407,-48
115900198,152,206,-54
115900199,109,225,-116
115900200,437,277,160
115900201,110,185,-75
115900202,1,2,-1
115900203,2,0,2
115900204,0,1,-1
115900205,13,7,6
115900206,34,135,-101
115900207,4,12,-8
115900208,46,321,-275
115900209,2,124,-122
115900210,2,149,-147
115900211,1,193,-192
115900212,43,238,-195
115900213,29,13,16
115900214,83,261,-178
115900215,13,21,-8
115900216,0,64,-64
115900217,1,59,-58
115900218,0,49,-49
115900219,17,1,16
115900220,10,1,9
115900221,4,7,-3
115900222,8,4,4
115900223,10,21,-11
115900224,1544,148,1396
115900225,79,5,74
115900226,7,31,-24
115900227,5,25,-20
115900228,2,39,-37
115900229,3,47,-44
115900230,43,51,-8
115900231,24,2,22
115900232,16,1,15
115900233,21,2,19
115900234,14,12,2
115900235,2,10,-8
115900236,3,10,-7
115900237,1,38,-37
115900238,3,10,-7
115900239,0,33,-33
115900240,5,49,-44
115900241,39,57,-18
115900242,126,113,13
115900243,9,6,3
115900244,1,13,-12
115900245,16,18,-2
115900246,5,0,5
115900247,4,2,2
115900248,11,1,10
115900249,5,2,3
115900250,0,13,-13
115900251,0,10,-10
115900252,0,3,-3
115900253,1,4,-3
115900254,7,20,-13
115900255,6,8,-2
115900256,20,5,15
115900257,0,2,-2
115900258,0,0,0
115900259,5,2,3
115900260,14,1,13
115900261,5,1,4
115900262,2,2,0
115900263,7,5,2
115900264,0,11,-11
115900265,0,0,0
115900266,3,2,1
115900267,4,3,1
115900268,1,3,-2
115900269,90,362,-272
115900270,123,794,-671
115900271,19,0,19
115900272,12,2,10
115900273,1,4,-3
115900274,6,10,-4
115900275,1,47,-46
115900276,1,58,-57
115900277,2,146,-144
115900278,9,80,-71
115900279,16,118,-102
115900280,10,115,-105
115900281,512,76,436
115900282,7,4,3
115900283,5,3,2
115900284,2,7,-5
116000001,19623,4924,14699
116000002,2815,2797,18
116000003,1287,1934,-647
116000004,943,1032,-89
116000005,1896,2767,-871
116000006,913,807,106
116000007,2983,4150,-1167
116000008,1881,1109,772
116000009,1426,2823,-1397
116000010,724,571,153
116000011,542,1770,-1228
116000012,383,411,-28
116000013,15741,4195,11546
116000014,20452,3630,16822
116000015,392,355,37
116000016,7761,944,6817
116000017,49,232,-183
116000018,556,308,248
116000019,251,155,96
116000020,286,1103,-817
116000021,77,223,-146
116000022,210,476,-266
116000023,362,321,41
116000024,538,1250,-712
116000025,331,310,21
116000026,1077,1943,-866
116000027,236,312,-76
116000028,229,387,-158
116000029,897,531,366
116000030,198,136,62
116000031,129,153,-24
116000032,104,229,-125
116000033,107,416,-309
116000034,221,738,-517
116000035,111,501,-390
116000036,1591,246,1345
116000037,476,249,227
116000038,373,162,211
116000039,483,207,276
116000040,487,129,358
116000041,198,464,-266
116000042,248,129,119
116000043,39,425,-386
116000044,14,114,-100
116000045,837,630,207
116000046,707,750,-43
116000047,1292,1341,-49
116000048,1147,1046,101
116000049,484,1152,-668
116000050,847,1358,-511
116000051,1391,1008,383
116000052,1684,2667,-983
116000053,713,864,-151
116000054,397,2154,-1757
116000055,190,1474,-1284
116000056,324,675,-351
116000057,2027,2114,-87
116000058,2196,1638,558
116000059,1700,2219,-519
116000060,2482,625,1857
116000061,481,846,-365
116000062,457,206,251
116000063,287,1140,-853
116000066,118,193,-75
116000067,234,676,-442
116000068,75,105,-30
116000069,188,469,-281
116000078,97,723,-626
116000080,609,1061,-452
116000082,3,120,-117
116000083,760,330,430
116000084,1663,3981,-2318
116000085,1347,624,723
116000086,2046,1639,407
116000087,800,603,197
116000088,567,1090,-523
116000089,99,77,22
116000090,125,153,-28
116000091,89,128,-39
116000093,626,391,235
116000094,231,614,-383
116000095,346,405,-59
116000096,333,922,-589
116000097,220,648,-428
116000098,202,2627,-2425
116000099,7191,290,6901
116000100,36,5,31
116000101,271,1530,-1259
116000102,138,1148,-1010
116000103,256,171,85
116000104,61,1436,-1375
116000105,372,172,200
116000106,163,1285,-1122
116000107,813,490,323
116000108,11,132,-121
116000111,41,15,26
116000113,105,21,84
116000114,19,162,-143
116000115,63,30,33
116000116,173,570,-397
116000117,702,1438,-736
116000118,703,1464,-761
116000119,1014,1061,-47
116000120,1790,4544,-2754
116000121,407,325,82
116000122,1228,2488,-1260
116000123,204,303,-99
116000124,142,1146,-1004
116000125,787,440,347
116000126,186,1412,-1226
116000127,603,1435,-832
116000128,687,462,225
116000129,272,191,81
116000130,119,154,-35
116000133,236,807,-571
116000134,864,2932,-2068
116000135,697,1212,-515
116000136,553,2238,-1685
116000137,307,503,-196
116000138,1150,282,868
116000139,1127,1862,-735
116000140,60,198,-138
116000141,207,1066,-859
116000142,3491,3467,24
116000143,1685,1147,538
116000144,890,3018,-2128
116000145,983,1274,-291
116000146,184,349,-165
116000147,112,110,2
116000148,146,333,-187
116000149,229,394,-165
116000151,330,922,-592
116000153,31,244,-213
116000155,113,132,-19
116000156,658,639,19
116000157,29,13,16
116000158,77,456,-379
116000159,10,4,6
116000160,44,90,-46
116000161,2,97,-95
116000162,39,18,21
116000163,6,4,2
116000164,0,8,-8
116000177,13,82,-69
116000194,44,270,-226
116000195,774,624,150
116000196,2,2,0
116000197,1,12,-11
116000198,1462,676,786
116000200,512,220,292
116000201,352,585,-233
116000202,1,316,-315
116000203,3,70,-67
116000204,9,44,-35
116000205,0,158,-158
116000206,0,80,-80
116000207,3,40,-37
116000233,79,782,-703
116000287,51,600,-549
116000288,52,261,-209
116000292,6,187,-181
116000296,9,169,-160
116000297,40,29,11
116000304,26,81,-55
116000305,8,91,-83
116000346,31,179,-148
116000352,26,62,-36
116000354,17,13,4
116000357,0,3,-3
116000358,75,18,57
116000361,730,5,725
116000372,9704,1535,8169
116000381,60,0,60
116000388,1,46,-45
116000389,355,502,-147
116000445,102,944,-842
116000446,100,1048,-948
116000447,7,345,-338
116000448,444,178,266
116000563,533,283,250
116000565,50,440,-390
116000568,42,96,-54
116000579,14,130,-116
116000583,28,98,-70
116000584,7,7,0
116000585,3,8,-5
116000586,224,48,176
116000587,73,385,-312
116000589,31,95,-64
116000590,44,46,-2
116000591,42,235,-193
116000592,9,118,-109
116000593,1,30,-29
116000594,112,576,-464
116000595,272,179,93
116000596,23,3,20
116000597,106,40,66
116000598,12,278,-266
116000605,111,86,25
116000606,2,106,-104
116000607,1,48,-47
116000609,135,367,-232
116000611,20,585,-565
116000612,417,1611,-1194
116000613,128,277,-149
116000614,317,828,-511
116000615,0,96,-96
116000616,9,143,-134
116000617,8,142,-134
116000618,1,218,-217
116000619,7,48,-41
116000620,8,38,-30
116000621,21,33,-12
116000622,10,109,-99
116000624,24,77,-53
116000627,22,145,-123
116000628,35,982,-947
116000629,23,516,-493
116000630,94,30,64
116000631,52,41,11
116000632,148,168,-20
116000633,52,475,-423
116000634,121,310,-189
116000635,1931,924,1007
116000636,818,653,165
116000637,125,128,-3
116000638,59,561,-502
116000639,15,1,14
116000640,3,14,-11
116000641,53,201,-148
116000643,1,157,-156
116000644,14,1204,-1190
116000645,10,27,-17
116900001,62,143,-81
116900002,232,4,228
116900003,5,77,-72
116900004,16,20,-4
116900005,56,50,6
116900006,127,109,18
116900007,71,169,-98
116900008,97,496,-399
116900009,7,1,6
116900010,0,2098,-2098
116900011,7,25,-18
116900012,51,151,-100
116900013,2,121,-119
116900014,13,386,-373
116900016,19,0,19
116900017,4,735,-731
116900018,28,23,5
116900019,0,366,-366
116900020,1356,155,1201
116900023,26,9,17
116900025,210,947,-737
116900026,84,598,-514
116900027,2,20,-18
116900028,2,103,-101
116900029,10,14,-4
116900031,3,11,-8
116900032,1,286,-285
116900033,1,9,-8
116900034,3,86,-83
116900035,51,164,-113
116900036,0,69,-69
116900038,14,1,13
116900041,13,4,9
116900042,994,135,859
116900043,12,49,-37
116900047,66,25,41
116900049,37,217,-180
116900050,34,302,-268
116900051,3,235,-232
116900052,104,54,50
116900055,2,2,0
116900057,9,252,-243
116900058,16,318,-302
116900059,1,115,-114
116900060,93,207,-114
116900062,1,3,-2
116900064,37,1048,-1011
116900065,6,79,-73
116900067,32,128,-96
116900068,95,438,-343
116900070,0,5,-5
116900072,20,427,-407
116900073,11,145,-134
116900074,2,28,-26
116900076,3,24,-21
116900077,13,210,-197
116900078,196,104,92
116900079,13,320,-307
116900080,19,20,-1
116900081,130,1106,-976
116900082,118,1065,-947
116900083,23,49,-26
116900084,135,56,79
116900085,10,119,-109
116900086,12,192,-180
116900088,312,37,275
116900090,142,57,85
116900091,39,114,-75
116900092,22,627,-605
116900093,1520,1131,389
116900094,6186,1219,4967
116900095,63,174,-111
116900096,68,53,15
116900097,2781,732,2049
116900098,892,92,800
116900099,329,173,156
116900100,188,9,179
116900101,262,689,-427
116900103,0,0,0
116900104,8,51,-43
116900105,128,13,115
116900106,375,178,197
116900107,3632,675,2957
116900110,11,0,11
116900111,109,1099,-990
116900112,88,762,-674
116900113,2557,698,1859
116900116,105,131,-26
116900117,9,50,-41
116900118,1059,437,622
116900120,62,65,-3
116900121,21,41,-20
116900122,168,977,-809
116900123,39,885,-846
116900124,66,642,-576
116900125,45,167,-122
116900126,193,366,-173
116900128,0,32,-32
116900129,1,343,-342
116900130,907,1925,-1018
116900131,26,124,-98
116900132,10,54,-44
116900133,22,75,-53
116900134,88,147,-59
116900136,45,188,-143
116900137,117,173,-56
116900138,67,169,-102
116900139,39,363,-324
116900140,86,154,-68
116900141,260,302,-42
116900142,1,12,-11
116900143,88,446,-358
116900144,8,17,-9
116900145,25,343,-318
116900147,505,220,285
116900148,2,9,-7
116900149,16,73,-57
116900150,3,2,1
116900151,60,9,51
116900153,22,39,-17
116900154,193,101,92
116900155,26,26,0
116900157,112,259,-147
116900158,21,35,-14
116900159,35,149,-114
116900160,240,145,95
116900161,8562,2119,6443
116900162,8,113,-105
116900163,26,170,-144
116900164,20,14,6
116900165,41,48,-7
116900166,9,112,-103
116900167,92,38,54
116900168,50,84,-34
116900169,365,85,280
116900170,65,149,-84
116900171,16,267,-251
116900172,130,49,81
116900173,20,46,-26
116900174,8,24,-16
116900175,64,51,13
116900178,5,191,-186
116900179,36,36,0
116900180,26,27,-1
116900182,144,219,-75
116900183,42,61,-19
116900185,10,13,-3
116900186,76,289,-213
116900187,5,6,-1
116900188,26,12,14
116900189,6,0,6
116900191,172,305,-133
116900192,112,141,-29
116900194,16,274,-258
116900195,21,9,12
116900196,16,84,-68
116900197,16,5,11
116900198,279,107,172
116900200,3,21,-18
116900201,29,2,27
116900202,57,32,25
116900203,29,0,29
116900204,11,38,-27
116900206,6,32,-26
116900207,4,20,-16
116900208,9,89,-80
116900209,12,128,-116
116900210,152,136,16
116900211,134,12,122
116900212,10,83,-73
116900213,119,229,-110
116900214,38,127,-89
116900215,14,81,-67
116900216,103,351,-248
116900218,5,398,-393
116900219,548,374,174
116900220,65,178,-113
116900221,40,175,-135
116900222,284,257,27
116900223,69,119,-50
116900226,6,97,-91
116900227,44,53,-9
116900228,82,219,-137
116900230,23,851,-828
116900233,107,141,-34
116900234,2,2,0
116900235,78,286,-208
116900238,1076,191,885
116900239,20,349,-329
116900240,5088,1162,3926
116900241,14,144,-130
116900242,1678,145,1533
116900243,5,32,-27
116900245,8,18,-10
116900246,25,17,8
116900247,116,10,106
116900248,11,21,-10
116900249,72,86,-14
116900250,88,35,53
116900251,400,93,307
116900252,23,913,-890
116900254,1,79,-78
116900255,134,12,122
116900256,94,53,41
116900257,9,665,-656
116900258,3,440,-437
116900259,5,11,-6
116900260,0,135,-135
116900261,13,0,13
116900262,53,146,-93
116900263,0,3,-3
116900264,12,23,-11
116900265,4,0,4
116900266,3,26,-23
116900267,8,2,6
116900268,9,17,-8
116900269,214,528,-314
116900271,2205,49,2156
116900272,376,517,-141
116900273,202,26,176
116900274,81,59,22
116900275,21,112,-91
116900276,305,36,269
116900277,501,11,490
116900278,1,11,-10
116900279,0,13,-13
116900280,2,26,-24
116900281,6580,1092,5488
116900282,2,133,-131
116900283,7,114,-107
116900284,14,187,-173
116900285,362,52,310
116900286,150,6,144
116900287,3,99,-96
116900288,17,127,-110
116900289,1,41,-40
116900290,1,32,-31
116900291,2,7,-5
116900292,0,3,-3
116900293,15,88,-73
116900294,12,109,-97
116900295,52,29,23
116900296,33,69,-36
116900297,1,19,-18
116900298,96,36,60
116900299,10,23,-13
116900300,1,111,-110
116900301,34,94,-60
116900302,26,15,11
116900303,548,9,539
116900304,0,78,-78
116900305,9,11,-2
116900306,34,140,-106
116900307,23,1,22
116900308,0,234,-234
116900309,11,107,-96
116900310,4,56,-52
117000001,626,796,-170
117000002,1048,3996,-2948
117000003,4301,2028,2273
117000004,3579,4594,-1015
117000005,854,1185,-331
117000006,661,4131,-3470
117000007,1656,1077,579
117000008,925,4037,-3112
117000009,3461,1008,2453
117000010,2506,3665,-1159
117000011,820,1210,-390
117000012,846,1916,-1070
117000013,557,1040,-483
117000014,471,2387,-1916
117000015,2113,1036,1077
117000016,319,73,246
117000017,307,116,191
117000018,106,193,-87
117000019,68,15,53
117000020,794,680,114
117000021,2968,385,2583
117000022,337,44,293
117000023,488,128,360
117000024,321,69,252
117000025,596,486,110
117000026,1786,516,1270
117000027,1538,853,685
117000028,784,334,450
117000030,458,532,-74
117000031,386,169,217
117000032,1404,1152,252
117000033,700,649,51
117000034,170,212,-42
117000035,145,204,-59
117000036,191,212,-21
117000037,121,164,-43
117000038,140,329,-189
117000039,168,301,-133
117000040,129,1411,-1282
117000041,459,108,351
117000044,18,1194,-1176
117000045,250,48,202
117000046,283,953,-670
117000047,296,643,-347
117000048,1737,1352,385
117000049,60,263,-203
117000050,55,2851,-2796
117000051,1009,146,863
117000052,12,807,-795
117000053,74,62,12
117000054,752,4,748
117000055,171,3472,-3301
117000056,294,10,284
117000057,652,1746,-1094
117000060,260,2310,-2050
117000061,587,429,158
117000062,154,511,-357
117000063,600,424,176
117000064,862,707,155
117000066,906,441,465
117000067,137,247,-110
117000074,192,105,87
117000076,77,30,47
117000077,109,56,53
117000078,77,428,-351
117000079,170,125,45
117000080,4,380,-376
117000081,354,74,280
117000082,24,47,-23
117000083,64,3,61
117000084,168,0,168
117000085,80,334,-254
117000086,777,755,22
117000087,96,372,-276
117000088,213,106,107
117000089,817,251,566
117000090,150,1709,-1559
117000091,273,326,-53
117000092,162,1948,-1786
117000093,395,569,-174
117000094,378,2473,-2095
117000095,1005,629,376
117000096,290,2600,-2310
117000097,444,958,-514
117000098,2324,5600,-3276
117000099,1042,635,407
117000100,94,85,9
117000101,270,1259,-989
117000102,476,335,141
117000103,573,2042,-1469
117000104,478,361,117
117000105,417,2317,-1900
117000106,370,516,-146
117000107,298,2800,-2502
117000108,584,494,90
117000109,1450,3373,-1923
117000110,664,372,292
117000111,2102,3640,-1538
117000112,1399,1491,-92
117000113,53,456,-403
117000114,60,78,-18
117000115,49,196,-147
117000116,29,176,-147
117000117,923,259,664
117000118,152,175,-23
117000119,67,28,39
117000120,67,59,8
117000121,30,180,-150
117000122,464,383,81
117000123,1083,13,1070
117000124,140,19,121
117000125,235,21,214
117000126,28,53,-25
117000127,102,261,-159
117000128,301,398,-97
117000129,444,352,92
117000130,59,4,55
117000131,0,238,-238
117000132,751,29,722
117000133,353,116,237
117000134,1,60,-59
117000135,3,29,-26
117000136,0,57,-57
117000137,37,27,10
117000138,1,383,-382
117000140,208,1890,-1682
117000141,667,386,281
117000181,894,275,619
117000182,159,88,71
117000195,156,1364,-1208
117000196,39,25,14
117000225,73,1,72
117000226,5,50,-45
117000276,48,12,36
117000277,3,585,-582
117000310,1697,2283,-586
117000315,38,289,-251
117000320,58,0,58
117000906,52,8,44
117000907,3,537,-534
117000909,47,33,14
117000910,108,88,20
117000911,97,283,-186
117000915,12,563,-551
117000916,3,1,2
117000917,369,11,358
117000918,20,20,0
117000919,14,156,-142
117000920,3,1613,-1610
117000921,8,2678,-2670
117000922,20,60,-40
117000924,164,460,-296
117000926,1295,57,1238
117000927,553,181,372
117000928,1,307,-306
117000929,149,597,-448
117000930,66,46,20
117000931,221,19,202
117900002,90,315,-225
117900003,742,224,518
117900005,1,1,0
117900006,0,31,-31
117900007,29,168,-139
117900008,0,37,-37
117900010,97,156,-59
117900011,13,3,10
117900012,10,182,-172
117900013,0,310,-310
117900014,292,323,-31
117900015,15,304,-289
117900016,1000,261,739
117900017,284,625,-341
117900018,165,31,134
117900019,131,568,-437
117900020,70,100,-30
117900021,8,136,-128
117900023,612,50,562
117900024,55,193,-138
117900025,69,18,51
117900026,164,490,-326
117900028,16,0,16
117900029,65,1001,-936
117900030,126,136,-10
117900031,59,43,16
117900032,283,150,133
117900033,84,993,-909
117900034,33,52,-19
117900035,28,40,-12
117900036,67,801,-734
117900037,15,157,-142
117900038,27,472,-445
117900039,1,69,-68
117900040,86,559,-473
117900041,11,72,-61
117900042,4177,333,3844
117900043,11,66,-55
117900044,14,1208,-1194
117900045,62,35,27
117900048,68,290,-222
117900049,51,767,-716
117900050,0,27,-27
117900051,25,0,25
117900052,49,159,-110
117900053,500,608,-108
117900054,0,19,-19
117900055,81,60,21
117900056,127,28,99
117900057,589,1238,-649
117900058,38,5,33
117900059,468,52,416
117900060,442,5672,-5230
117900061,5,82,-77
117900063,69,212,-143
117900065,750,1001,-251
117900066,7,57,-50
117900067,160,265,-105
117900069,198,455,-257
117900070,71,1,70
117900071,60,114,-54
117900073,98,337,-239
117900074,123,4,119
117900075,24,84,-60
117900076,20,61,-41
117900077,84,81,3
117900078,151,248,-97
117900080,65,44,21
117900081,533,358,175
117900082,117,134,-17
117900083,101,717,-616
117900086,39,65,-26
117900087,17,55,-38
117900088,2243,1125,1118
117900089,616,165,451
117900090,160,731,-571
117900091,99,110,-11
117900092,8,57,-49
117900093,34,88,-54
117900094,8,0,8
117900095,156,691,-535
117900096,28,219,-191
117900097,37,52,-15
117900098,7,3,4
117900099,32,448,-416
117900100,16,0,16
117900101,278,589,-311
117900102,9,62,-53
117900103,5,2,3
117900104,5,110,-105
117900105,76,132,-56
117900106,32,33,-1
117900107,11,1,10
117900109,173,273,-100
117900110,16,0,16
117900111,148,2,146
117900112,20,17,3
117900113,3223,1308,1915
117900114,1,0,1
117900115,74,12,62
117900116,802,530,272
117900117,194,230,-36
117900118,6,0,6
117900119,31,322,-291
117900120,46,93,-47
117900121,3,6,-3
117900122,742,915,-173
117900123,276,802,-526
117900124,438,399,39
117900125,735,485,250
117900126,335,465,-130
117900127,185,684,-499
117900128,101,1006,-905
117900129,6,0,6
117900130,652,313,339
117900131,0,103,-103
117900132,1,111,-110
117900133,0,170,-170
117900134,39,230,-191
117900135,9,291,-282
117900136,0,58,-58
117900137,13,372,-359
117900138,0,53,-53
117900139,22,111,-89
117900140,4505,193,4312
117900141,105,288,-183
117900142,31,9,22
117900144,18,78,-60
117900145,10,0,10
117900146,93,89,4
117900147,14,47,-33
117900148,2359,790,1569
117900149,8,134,-126
117900150,11,121,-110
117900151,13,192,-179
117900152,86,141,-55
117900153,19,93,-74
117900154,97,533,-436
117900156,515,477,38
117900157,45,328,-283
117900158,57,42,15
117900160,190,242,-52
117900161,1893,1943,-50
117900162,110,281,-171
117900163,42,16,26
117900165,0,10,-10
117900166,80,109,-29
117900168,62,163,-101
117900169,1,104,-103
117900170,1,42,-41
117900171,8,14,-6
117900172,15,43,-28
117900173,134,31,103
117900174,15,25,-10
117900175,4,19,-15
117900176,2,36,-34
117900177,5,28,-23
117900178,57,22,35
117900180,195,17,178
117900181,65,112,-47
117900182,4,23,-19
117900183,24,105,-81
117900184,4,41,-37
117900185,7,13,-6
117900186,7,5,2
117900187,6,4,2
117900188,154,5,149
117900189,37,5,32
117900190,2,0,2
117900191,20,0,20
117900192,34,0,34
117900193,5,45,-40
117900194,0,8,-8
117900195,3,9,-6
117900196,6,25,-19
117900207,56,16,40
117900208,6,35,-29
117900209,108,159,-51
117900210,195,131,64
117900211,5,158,-153
117900212,57,131,-74
117900213,4,10,-6
117900214,0,46,-46
117900215,4,54,-50
117900216,22,8,14
117900217,59,27,32
117900218,215,102,113
117900219,1,14,-13
117900220,12,51,-39
117900222,173,228,-55
117900223,107,124,-17
118000001,634,286,348
118000002,1429,1628,-199
118000003,1100,846,254
118000004,2943,2118,825
118000005,4547,1045,3502
118000006,7464,5562,1902
118000007,5543,1518,4025
118000008,5389,2525,2864
118000009,1607,2364,-757
118000010,2069,3555,-1486
118000011,549,3047,-2498
118000012,776,3166,-2390
118000013,2940,2935,5
118000014,1900,4427,-2527
118000016,200,648,-448
118000017,154,292,-138
118000018,128,702,-574
118000019,1358,1163,195
118000020,828,820,8
118000021,710,1208,-498
118000022,1664,548,1116
118000023,982,227,755
118000024,1406,493,913
118000027,15136,3347,11789
118000029,1061,448,613
118000032,1205,1002,203
118000033,1949,1672,277
118000034,3759,1385,2374
118000035,1286,1116,170
118000036,817,871,-54
118000037,389,734,-345
118000038,72,139,-67
118000039,36,453,-417
118000040,1072,2257,-1185
118000041,1237,1282,-45
118000045,512,136,376
118000046,1600,453,1147
118000047,1335,299,1036
118000048,2997,1093,1904
118000051,2530,493,2037
118000052,1771,332,1439
118000053,417,308,109
118000054,3761,1091,2670
118000055,3285,1226,2059
118000056,311,208,103
118000057,315,284,31
118000058,2468,681,1787
118000059,1580,475,1105
118000060,484,786,-302
118000061,370,1052,-682
118000062,437,167,270
118000063,271,346,-75
118000064,682,958,-276
118000065,5105,1190,3915
118000066,649,689,-40
118000067,1500,908,592
118000068,1460,2310,-850
118000069,3052,1173,1879
118000070,8391,1236,7155
118000071,3569,3044,525
118000072,1856,833,1023
118000073,2283,306,1977
118000074,264,398,-134
118000075,924,325,599
118000076,865,859,6
118000077,1111,918,193
118000078,1497,1774,-277
118000079,270,347,-77
118000080,977,750,227
118000081,1107,1072,35
118000082,336,561,-225
118000083,2265,749,1516
118000084,2142,1309,833
118000086,98,767,-669
118000087,6340,2191,4149
118000088,1972,1811,161
118000089,3776,1956,1820
118000090,2195,1578,617
118000091,1502,1430,72
118000092,1371,372,999
118000093,89,489,-400
118000096,368,474,-106
118000097,437,372,65
118000098,171,167,4
118000099,183,1159,-976
118000101,438,432,6
118000102,213,1743,-1530
118000107,3195,321,2874
118000108,309,526,-217
118000110,1,8,-7
118000111,2,855,-853
118000112,91,2,89
118000113,7,1078,-1071
118000114,69,1,68
118000115,20,4,16
118000116,14,0,14
118000117,955,762,193
118000118,560,687,-127
118000119,424,1216,-792
118000120,1096,1333,-237
118000121,29,444,-415
118000122,584,110,474
118000123,61,262,-201
118000125,1376,1095,281
118000126,404,2000,-1596
118000127,1343,614,729
118000128,664,997,-333
118000129,744,179,565
118000130,3260,4570,-1310
118000131,778,1248,-470
118000132,2037,1590,447
118000133,306,441,-135
118000135,276,224,52
118000136,74,575,-501
118000137,447,59,388
118000138,165,830,-665
118000139,118,140,-22
118000140,1613,1999,-386
118000141,1051,2018,-967
118000142,875,2268,-1393
118000143,662,822,-160
118000144,1167,871,296
118000145,901,3135,-2234
118000146,694,1842,-1148
118000147,457,1752,-1295
118000148,239,1517,-1278
118000149,392,1207,-815
118000150,107,214,-107
118000151,99,393,-294
118000153,522,1000,-478
118000154,388,1272,-884
118000155,395,1171,-776
118000156,1763,1754,9
118000157,239,373,-134
118000158,118,513,-395
118000159,11,29,-18
118000160,167,367,-200
118000161,212,874,-662
118000162,555,623,-68
118000163,218,442,-224
118000164,1587,916,671
118000168,1557,141,1416
118000169,905,2031,-1126
118000170,3524,7911,-4387
118000171,229,759,-530
118000172,90,305,-215
118000173,542,1052,-510
118000175,85,232,-147
118000176,137,321,-184
118000177,135,507,-372
118000178,24,47,-23
118000179,1386,456,930
118000180,562,749,-187
118000181,618,363,255
118000182,206,321,-115
118000183,130,237,-107
118000184,225,1200,-975
118000185,719,646,73
118000186,366,719,-353
118000187,534,1156,-622
118000188,131,238,-107
118000189,122,869,-747
118000190,5,5,0
118000191,4,13,-9
118000192,211,140,71
118000193,89,193,-104
118000194,1560,911,649
118000195,781,465,316
118000196,256,65,191
118000197,205,61,144
118000198,621,195,426
118000199,476,206,270
118000200,32,116,-84
118000201,342,251,91
118000202,11,32,-21
118000203,1317,180,1137
118000204,249,137,112
118000205,423,279,144
118000206,83,134,-51
118000207,0,127,-127
118000208,764,1473,-709
118000209,888,1900,-1012
118000210,15,29,-14
118000211,3,16,-13
118000213,869,526,343
118000214,502,187,315
118000215,160,289,-129
118000216,607,2488,-1881
118000217,22,140,-118
118000218,22,96,-74
118000219,349,358,-9
118000220,0,12,-12
118000221,26,201,-175
118000222,82,15,67
118000223,10,21,-11
118000224,192,118,74
118000225,75,860,-785
118000226,336,80,256
118000227,954,384,570
118000228,116,88,28
118000229,94,9,85
118000230,40,254,-214
118000231,21,162,-141
118000232,324,998,-674
118000233,428,639,-211
118000234,102,276,-174
118000236,149,410,-261
118000237,32,609,-577
118000238,70,284,-214
118000239,101,205,-104
118000240,425,88,337
118000241,60,239,-179
118000242,177,732,-555
118000243,54,121,-67
118000244,22,192,-170
118000246,0,8,-8
118000255,41,270,-229
118000256,58,230,-172
118000259,4,57,-53
118000260,25,83,-58
118000261,10,83,-73
118000263,37,225,-188
118000266,78,448,-370
118000267,1,75,-74
118000268,109,2,107
118000270,46,38,8
118000271,102,237,-135
118000272,23,30,-7
118000273,29,100,-71
118000274,76,350,-274
118000276,81,207,-126
118000295,1,62,-61
118000298,114,522,-408
118000299,56,238,-182
118000301,2,60,-58
118000302,24,102,-78
118000311,52,180,-128
118000312,78,213,-135
118000313,11,104,-93
118000314,32,89,-57
118000315,4,45,-41
118000316,334,446,-112
118000325,10,52,-42
118000326,12,52,-40
118000331,10,43,-33
118000332,16,25,-9
118000333,5,56,-51
118000335,46,0,46
118000336,2,391,-389
118000407,16,52,-36
118000457,7,34,-27
118000465,2982,1880,1102
118000480,13,119,-106
118000489,98,103,-5
118000490,164,490,-326
118000492,133,144,-11
118000510,95,16,79
118000514,132,287,-155
118000515,403,295,108
118000517,386,133,253
118000524,605,111,494
118000525,624,806,-182
118000530,8,93,-85
118000531,75,193,-118
118000532,95,274,-179
118000533,168,127,41
118000534,218,360,-142
118000535,44,87,-43
118000536,460,218,242
118000537,7,38,-31
118000538,27,79,-52
118000539,18,58,-40
118000540,130,242,-112
118000541,48,107,-59
118000542,30,107,-77
118000543,65,169,-104
118000546,18,20,-2
118000553,0,7,-7
118000557,0,0,0
118000560,3334,471,2863
118000562,3,406,-403
118000563,1847,1435,412
118000576,96,243,-147
118000577,148,157,-9
118000578,151,175,-24
118000579,634,781,-147
118000583,0,3,-3
118000595,89,70,19
118000596,0,63,-63
118000597,67,205,-138
118000598,4,0,4
118000599,22,48,-26
118000600,2,10,-8
118000601,0,0,0
118000602,0,9,-9
118000603,0,35,-35
118000605,25,573,-548
118000606,3,26,-23
118900001,1068,397,671
118900002,938,261,677
118900003,56,15,41
118900004,22,63,-41
118900005,45,0,45
118900006,16,0,16
118900007,4,2,2
118900008,606,39,567
118900009,7,4,3
118900010,8,1,7
118900011,70,14,56
118900012,181,224,-43
118900013,585,14,571
118900015,30,14,16
118900016,9,24,-15
118900017,56,74,-18
118900018,1096,6,1090
118900019,12,14,-2
118900020,73,70,3
118900021,66,290,-224
118900022,76,103,-27
118900023,17,77,-60
118900024,10,148,-138
118900025,22,8,14
118900026,23,99,-76
118900027,259,184,75
118900028,35,145,-110
118900029,46,381,-335
118900030,37,31,6
118900031,51,162,-111
118900032,32,131,-99
118900033,190,607,-417
118900034,15,6,9
118900035,83,267,-184
118900036,303,488,-185
118900037,119,259,-140
118900038,121,318,-197
118900039,81,270,-189
118900040,98,120,-22
118900041,114,259,-145
118900042,76,69,7
118900045,75,113,-38
118900046,598,104,494
118900047,752,155,597
118900048,52,111,-59
118900049,33,26,7
118900050,11,195,-184
118900051,38,68,-30
118900052,84,149,-65
118900053,15,66,-51
118900054,26,98,-72
118900055,13,113,-100
118900056,45,60,-15
118900057,92,166,-74
118900058,187,310,-123
118900059,11,78,-67
118900060,7,105,-98
118900062,33,165,-132
118900064,431,192,239
118900065,23,70,-47
118900066,44,113,-69
118900067,7474,2085,5389
118900068,1,96,-95
118900069,106,235,-129
118900071,0,42,-42
118900072,202,268,-66
118900073,45,121,-76
118900074,49,97,-48
118900075,7,58,-51
118900076,75,31,44
118900077,67,110,-43
118900078,5,2,3
118900079,50,115,-65
118900080,4,55,-51
118900081,41,16,25
118900082,198,97,101
118900083,3,10,-7
118900084,2,9,-7
118900085,322,675,-353
118900086,5,29,-24
118900087,22,84,-62
118900088,0,26,-26
118900089,15,4,11
118900090,290,402,-112
118900091,123,57,66
118900092,27,90,-63
118900093,33,15,18
118900096,43,41,2
118900097,89,783,-694
118900099,22,236,-214
118900100,96,136,-40
118900101,13,350,-337
118900102,5,60,-55
118900103,24,23,1
118900104,10,20,-10
118900105,83,138,-55
118900107,130,136,-6
118900108,28,75,-47
118900110,1574,258,1316
118900111,123,528,-405
118900112,26,75,-49
118900113,62,522,-460
118900114,1,79,-78
118900115,32,249,-217
118900116,23,150,-127
118900117,28,165,-137
118900118,105,469,-364
118900119,64,234,-170
118900120,89,250,-161
118900121,4,237,-233
118900122,3,250,-247
118900123,81,228,-147
118900124,25,160,-135
118900126,5,167,-162
118900129,60,118,-58
118900130,42,32,10
118900131,45,229,-184
118900132,96,127,-31
118900133,32,51,-19
118900135,73,164,-91
118900136,135,762,-627
118900137,1,20,-19
118900139,65,460,-395
118900140,297,952,-655
118900141,42,315,-273
118900144,129,659,-530
118900145,22,154,-132
118900146,132,623,-491
118900147,29,107,-78
118900148,30,55,-25
118900150,82,193,-111
118900152,188,760,-572
118900157,69,116,-47
118900158,25,107,-82
118900159,0,206,-206
118900161,39,4,35
118900163,174,32,142
118900164,0,83,-83
118900165,14,336,-322
118900166,20,5,15
118900167,20,163,-143
118900168,2,35,-33
118900169,41,506,-465
118900170,30,90,-60
118900171,3,37,-34
118900174,28,50,-22
118900175,70,196,-126
118900176,20,110,-90
118900177,8,25,-17
118900178,25,108,-83
118900179,2,5,-3
118900181,40,69,-29
118900182,53,31,22
118900183,14,74,-60
118900184,112,17,95
118900185,37,116,-79
118900186,70,152,-82
118900187,52,213,-161
118900188,59,222,-163
118900189,9,254,-245
118900190,7,622,-615
118900191,61,30,31
118900192,40,15,25
118900193,65,7,58
118900195,167,802,-635
118900196,13,159,-146
118900197,21,74,-53
118900198,0,41,-41
118900199,3,70,-67
118900200,26,5,21
118900201,9,5,4
118900202,7,64,-57
118900203,5,26,-21
118900204,13,25,-12
118900205,0,21,-21
118900206,1,36,-35
119000001,603,602,1
119000002,1384,1605,-221
119000003,680,1525,-845
119000004,1097,950,147
119000005,903,1192,-289
119000006,1008,1286,-278
119000007,2062,2499,-437
119000008,1194,2147,-953
119000009,5010,1950,3060
119000010,12136,3602,8534
119000011,6778,1454,5324
119000012,6385,2692,3693
119000013,2532,1095,1437
119000014,2064,3254,-1190
119000019,172,155,17
119000020,813,1126,-313
119000021,1670,1606,64
119000022,2833,1027,1806
119000023,462,161,301
119000024,3158,3883,-725
119000025,12887,1239,11648
119000026,447,223,224
119000027,1016,299,717
119000028,1706,1067,639
119000029,109,222,-113
119000030,350,1326,-976
119000031,478,735,-257
119000032,2331,1862,469
119000033,1239,1781,-542
119000034,679,1212,-533
119000035,12,460,-448
119000036,632,1414,-782
119000037,604,2771,-2167
119000038,73,1177,-1104
119000039,101,326,-225
119000040,1297,662,635
119000041,859,920,-61
119000048,4138,4223,-85
119000049,902,4098,-3196
119000050,1215,2289,-1074
119000051,1261,949,312
119000052,2257,2835,-578
119000053,1588,1173,415
119000054,1818,3748,-1930
119000055,1302,3465,-2163
119000056,1096,2003,-907
119000057,815,2477,-1662
119000058,1084,2245,-1161
119000059,672,1658,-986
119000060,703,667,36
119000061,647,955,-308
119000062,743,1197,-454
119000063,181,251,-70
119000064,1205,1664,-459
119000065,1504,3366,-1862
119000066,1014,849,165
119000067,1475,3024,-1549
119000068,807,1083,-276
119000069,871,2855,-1984
119000070,908,1285,-377
119000071,427,1053,-626
119000072,5655,3788,1867
119000073,3630,4848,-1218
119000074,473,4361,-3888
119000075,490,2564,-2074
119000076,319,966,-647
119000077,392,502,-110
119000078,228,428,-200
119000079,64,923,-859
119000080,127,259,-132
119000081,98,465,-367
119000082,170,247,-77
119000083,183,354,-171
119000084,195,707,-512
119000085,582,338,244
119000086,160,408,-248
119000087,1357,934,423
119000088,225,354,-129
119000089,31,151,-120
119000090,239,137,102
119000091,157,277,-120
119000092,785,220,565
119000093,3335,3901,-566
119000094,1465,4037,-2572
119000095,784,3173,-2389
119000097,4375,1402,2973
119000098,437,1093,-656
119000099,1523,1596,-73
119000100,1323,1693,-370
119000101,1990,2396,-406
119000102,577,397,180
119000103,1190,470,720
119000104,2988,1504,1484
119000105,354,724,-370
119000106,157,2293,-2136
119000107,217,490,-273
119000108,139,1652,-1513
119000109,60,299,-239
119000110,315,371,-56
119000111,15,427,-412
119000112,186,139,47
119000113,2250,254,1996
119000114,549,323,226
119000115,93,65,28
119000116,61,85,-24
119000117,63,246,-183
119000118,1,2,-1
119000123,1693,488,1205
119000124,152,241,-89
119000125,830,1159,-329
119000126,317,1273,-956
119000127,150,1103,-953
119000128,44,7,37
119000131,280,1313,-1033
119000132,3,9,-6
119000133,0,10,-10
119000134,3851,481,3370
119000135,30,233,-203
119000136,72,359,-287
119000137,58,616,-558
119000138,90,587,-497
119000139,84,403,-319
119000140,75,212,-137
119000284,1702,2778,-1076
119000285,2593,2332,261
119000286,5813,4888,925
119000287,1452,2459,-1007
119000288,1282,2243,-961
119000289,2254,4848,-2594
119000290,185,549,-364
119000291,3,457,-454
119000293,57,179,-122
119000294,40,18,22
119000295,1836,677,1159
119000296,89,268,-179
119000297,0,0,0
119000299,0,0,0
119000302,5211,1353,3858
119000303,16,83,-67
119000304,0,0,0
119000310,0,0,0
119000314,1209,3871,-2662
119000315,2,909,-907
119000316,26,123,-97
119000317,25,598,-573
119900001,61,432,-371
119900002,33,268,-235
119900003,38,1417,-1379
119900004,277,178,99
119900005,29,153,-124
119900006,65,289,-224
119900007,326,23,303
119900008,1,29,-28
119900009,248,558,-310
119900010,727,909,-182
119900011,16,33,-17
119900012,4,20,-16
119900013,1086,464,622
119900014,547,205,342
119900015,53,16,37
119900016,11,100,-89
119900017,7,26,-19
119900018,1045,95,950
119900019,9,3,6
119900020,49,183,-134
119900021,37,38,-1
119900022,58,146,-88
119900023,704,221,483
119900025,23,41,-18
119900026,914,52,862
119900027,2,18,-16
119900028,61,19,42
119900029,0,6,-6
119900030,479,447,32
119900031,11,108,-97
119900033,2154,96,2058
119900034,86,156,-70
119900037,25,18,7
119900038,12,69,-57
119900039,50,3,47
119900040,35,9,26
119900041,48,42,6
119900042,16,141,-125
119900043,29,143,-114
119900044,129,161,-32
119900046,28,81,-53
119900047,76,15,61
119900048,74,62,12
119900049,5,6,-1
119900050,15,30,-15
119900051,155,4,151
119900052,17,45,-28
119900053,41,180,-139
119900054,8,0,8
119900055,372,195,177
119900057,45,71,-26
119900058,45,1,44
119900059,56,49,7
119900060,112,3,109
119900061,46,3,43
119900062,12,26,-14
119900063,16,18,-2
119900065,77,2,75
119900067,24,21,3
119900068,103,1,102
119900069,19,5,14
119900070,174,2,172
119900071,70,0,70
119900073,1649,415,1234
119900074,22,19,3
119900075,5557,1330,4227
119900076,99,529,-430
119900077,159,1567,-1408
119900078,138,955,-817
119900079,486,351,135
119900080,99,421,-322
119900081,94,95,-1
119900082,188,254,-66
119900083,244,54,190
119900084,215,76,139
119900085,131,38,93
119900086,85,1042,-957
119900087,154,111,43
119900088,38,45,-7
119900089,6,560,-554
119900090,159,52,107
119900091,10,1373,-1363
119900092,2,367,-365
119900093,513,40,473
119900094,12,266,-254
119900095,104,65,39
119900096,16,83,-67
119900097,222,121,101
119900098,6,16,-10
119900099,7,330,-323
119900100,2888,1035,1853
119900101,122,596,-474
119900102,21,428,-407
119900103,18,524,-506
119900104,17,291,-274
119900105,236,1183,-947
119900106,5,250,-245
119900107,224,3900,-3676
119900108,1519,739,780
119900109,10,217,-207
119900110,219,807,-588
119900111,16,415,-399
119900112,3097,357,2740
119900113,57,635,-578
119900114,81,2075,-1994
119900115,24,1284,-1260
119900116,164,208,-44
119900117,131,1251,-1120
119900118,8,1346,-1338
119900119,49,254,-205
119900120,535,756,-221
119900121,103,1909,-1806
119900122,205,499,-294
119900123,104,194,-90
119900124,36,1234,-1198
119900125,25,557,-532
119900126,6137,152,5985
119900127,2700,817,1883
119900128,232,1095,-863
119900129,58,955,-897
119900130,40,336,-296
119900131,11,414,-403
119900132,0,377,-377
119900133,12,16,-4
119900134,2389,228,2161
119900135,0,498,-498
119900136,107,655,-548
119900138,361,857,-496
119900139,2,77,-75
119900140,1,135,-134
119900141,85,207,-122
119900142,0,8,-8
119900143,1,350,-349
119900144,3049,222,2827
119900145,32,290,-258
119900146,135,67,68
119900147,4,90,-86
119900148,43,31,12
119900149,1731,1508,223
119900150,187,202,-15
119900151,1221,600,621
119900152,40,502,-462
119900153,46,30,16
119900154,7,910,-903
119900155,10,21,-11
119900156,9,9,0
119900157,27,382,-355
119900158,46,52,-6
119900159,7,1834,-1827
119900160,3,251,-248
119900161,152,242,-90
119900162,341,357,-16
119900163,100,64,36
119900164,0,0,0
119900165,30,329,-299
119900166,22,21,1
119900167,57,114,-57
119900168,265,399,-134
119900169,81,93,-12
119900170,94,93,1
119900171,331,554,-223
119900172,50,15,35
119900173,3,618,-615
119900174,8,302,-294
119900175,290,644,-354
119900177,18,229,-211
119900178,9,254,-245
119900179,12,202,-190
119900180,400,490,-90
119900181,28,16,12
119900182,2,490,-488
119900183,88,1234,-1146
119900184,2937,397,2540
119900185,8,57,-49
119900186,23,140,-117
119900187,7,617,-610
119900188,12,263,-251
119900189,238,131,107
119900190,44,98,-54
119900191,92,87,5
119900192,4,292,-288
119900193,60,168,-108
119900194,10,38,-28
119900195,4,249,-245
119900196,1566,292,1274
119900197,24,94,-70
119900198,13,574,-561
119900199,169,14,155
119900200,127,488,-361
119900201,445,126,319
119900202,227,27,200
119900203,58,204,-146
119900204,64,280,-216
119900205,139,661,-522
119900206,16,101,-85
119900208,82,82,0
119900209,205,297,-92
119900210,6,29,-23
119900211,52,12,40
119900212,56,420,-364
119900213,0,44,-44
119900214,6,92,-86
119900215,29,84,-55
119900216,9,100,-91
119900217,1,69,-68
119900218,8,80,-72
119900219,8,129,-121
119900220,7,131,-124
119900221,17,541,-524
119900222,5,439,-434
119900223,19,166,-147
119900224,21,37,-16
119900225,1591,34,1557
119900226,1070,578,492
119900227,1453,337,1116
119900228,7,269,-262
119900229,230,422,-192
119900230,1104,455,649
119900231,53,191,-138
119900232,105,39,66
119900233,14,1,13
119900234,1,14,-13
119900235,2,15,-13
119900236,5,247,-242
119900237,15,531,-516
119900238,0,79,-79
119900240,22,166,-144
119900241,121,386,-265
119900242,1463,435,1028
119900244,613,985,-372
119900245,24,112,-88
119900246,146,119,27
119900247,6,40,-34
119900248,19,31,-12
119900249,57,34,23
119900253,3930,166,3764
119900254,23,156,-133
119900255,65,575,-510
119900256,107,1587,-1480
119900257,13,0,13
119900258,22,11,11
119900259,2,269,-267
119900260,22,0,22
119900261,28,212,-184
119900262,1,334,-333
119900263,758,379,379
119900264,13,371,-358
119900265,81,414,-333
119900266,64,313,-249
119900267,91,519,-428
119900268,38,241,-203
119900269,129,1785,-1656
119900271,11,64,-53
119900272,51,31,20
119900275,32,6,26
119900276,5,0,5
119900277,2,0,2
119900278,156,20,136
119900279,68,132,-64
119900280,1125,149,976
119900281,0,45,-45
119900282,35,12,23
119900283,2,355,-353
119900284,19,207,-188
119900285,7,17,-10
119900286,5,7,-2
119900288,1,31,-30
119900289,0,31,-31
119900290,4,21,-17
119900291,0,21,-21
119900292,37,12,25
119900293,6,58,-52
119900294,8,84,-76
119900295,0,79,-79
119900296,2,142,-140
119900297,2,15,-13
119900298,1,7,-6
119900299,23,245,-222
119900300,55,202,-147
119900301,12,11,1
119900302,1,39,-38
119900303,49,263,-214
119900304,41,11,30
119900305,33,84,-51
119900306,9,1,8
119900307,4,117,-113
119900308,4,7,-3
119900309,1,20,-19
119900310,232,281,-49
119900311,5,175,-170
119900312,22,88,-66
119900313,91,401,-310
119900314,17,211,-194
119900315,230,3065,-2835
119900318,18,12,6
119900319,0,369,-369
119900320,19,743,-724
119900321,16,0,16
120000001,6644,5475,1169
120000002,1981,3744,-1763
120000003,3401,2316,1085
120000004,2985,2771,214
120000005,5541,2383,3158
120000006,1593,1503,90
120000007,3053,2163,890
120000008,1010,1379,-369
120000009,5396,1090,4306
120000010,1092,3576,-2484
120000011,792,2341,-1549
120000012,1317,3190,-1873
120000013,1506,3135,-1629
120000014,411,1620,-1209
120000015,1624,1669,-45
120000016,2157,1995,162
120000017,1291,1300,-9
120000018,4890,4874,16
120000019,640,850,-210
120000020,2121,1901,220
120000021,2312,1461,851
120000022,2978,2840,138
120000023,657,1753,-1096
120000024,1241,2274,-1033
120000025,1327,2458,-1131
120000026,537,2131,-1594
120000027,1003,1628,-625
120000028,446,299,147
120000029,2026,465,1561
120000030,72,593,-521
120000031,1802,3680,-1878
120000032,10865,3029,7836
120000033,1910,1534,376
120000034,765,2392,-1627
120000035,1046,2724,-1678
120000036,1732,3655,-1923
120000037,394,682,-288
120000038,11877,3153,8724
120000039,439,1012,-573
120000040,35,95,-60
120000041,211,2135,-1924
120000042,1434,5483,-4049
120000043,3558,2758,800
120000044,2217,1109,1108
120000045,2035,887,1148
120000046,1003,1575,-572
120000047,1568,2538,-970
120000048,8729,2768,5961
120000049,1945,2577,-632
120000050,1718,4622,-2904
120000051,3506,3804,-298
120000052,15600,2533,13067
120000053,867,4785,-3918
120000054,1478,7225,-5747
120000055,771,4563,-3792
120000056,3314,4927,-1613
120000057,1860,1033,827
120000058,261,228,33
120000059,55,1255,-1200
120000061,66,674,-608
120000062,191,237,-46
120000063,2278,3322,-1044
120000064,264,1815,-1551
120000065,291,2017,-1726
120000066,99,526,-427
120000067,35,461,-426
120000068,106,1362,-1256
120000069,348,1994,-1646
120000070,22,1323,-1301
120000071,74,184,-110
120000072,125,448,-323
120000073,156,55,101
120000074,23,49,-26
120000075,102,226,-124
120000076,436,318,118
120000077,623,365,258
120000078,5111,435,4676
120000079,127,694,-567
120000080,82,273,-191
120000081,170,228,-58
120000082,158,232,-74
120000083,85,251,-166
120000084,440,577,-137
120000085,368,635,-267
120000086,201,852,-651
120000087,111,1623,-1512
120000088,508,1053,-545
120000089,563,378,185
120000090,272,396,-124
120000091,397,762,-365
120000092,673,452,221
120000093,165,457,-292
120000094,80,321,-241
120000095,512,868,-356
120000096,192,1428,-1236
120000098,396,1210,-814
120000099,153,837,-684
120000100,358,1038,-680
120000101,293,527,-234
120000102,207,317,-110
120000103,516,251,265
120000104,618,175,443
120000105,753,255,498
120000106,694,216,478
120000107,1073,302,771
120000108,279,126,153
120000109,344,34,310
120000110,79,969,-890
120000111,63,1529,-1466
120000112,473,4959,-4486
120000113,439,3409,-2970
120000114,260,2501,-2241
120000115,313,2350,-2037
120000116,477,2346,-1869
120000117,1150,1926,-776
120000118,26,11,15
120000119,23,18,5
120000120,22,20,2
120000121,12,39,-27
120000122,186,212,-26
120000123,6745,1624,5121
120000124,215,513,-298
120000125,236,736,-500
120000126,290,511,-221
120000127,891,407,484
120000128,2119,1565,554
120000129,279,203,76
120000130,510,631,-121
120000131,120,395,-275
120000134,262,1738,-1476
120000135,72,322,-250
120000137,54,2609,-2555
120000138,164,621,-457
120000139,80,1208,-1128
120000140,164,809,-645
120000141,47,648,-601
120000142,85,656,-571
120000143,4,120,-116
120000144,29,3,26
120000145,81,4,77
120000146,1718,468,1250
120000149,341,957,-616
120000150,6444,6497,-53
120000151,470,302,168
120000152,120,321,-201
120000153,100,785,-685
120000154,348,394,-46
120000155,133,99,34
120000156,1767,269,1498
120000157,908,530,378
120000158,536,998,-462
120000159,2012,2476,-464
120000160,1603,1062,541
120000161,766,2783,-2017
120000162,35,172,-137
120000163,190,1851,-1661
120000164,146,655,-509
120000165,121,1136,-1015
120000166,321,593,-272
120000167,17,21,-4
120000168,1,39,-38
120000169,97,109,-12
120000170,112,60,52
120000171,11,21,-10
120000172,21,19,2
120000173,1727,79,1648
120000174,420,4,416
120000175,430,2,428
120000176,113,71,42
120000177,871,395,476
120000178,64,3,61
120000179,266,2,264
120000180,521,19,502
120000181,143,40,103
120000182,58,36,22
120000183,12,149,-137
120000184,58,1732,-1674
120000186,31,49,-18
120000187,52,25,27
120000188,143,21,122
120000190,772,7,765
120000191,1233,8,1225
120000192,1717,3,1714
120000193,594,2,592
120000195,38,0,38
120000196,194,28,166
120000197,55,70,-15
120000198,72,157,-85
120000199,31,0,31
120000200,34,0,34
120000201,2,7,-5
120000202,2,56,-54
120000203,32,416,-384
120000207,3,91,-88
120000208,14,419,-405
120000209,1,214,-213
120000210,140,88,52
120000211,47,1,46
120000212,18,0,18
120000213,20,438,-418
120000214,1,476,-475
120000215,1,134,-133
120000216,29,3,26
120000217,787,1394,-607
120000218,261,1820,-1559
120000219,15,1112,-1097
120000220,11,3607,-3596
120000225,394,2,392
120000226,118,1,117
120000227,652,12,640
120000228,9332,1346,7986
120000230,56,2,54
120000231,291,2737,-2446
120000233,55,5,50
120000235,64,789,-725
120000236,320,4,316
120000237,3,2834,-2831
120000238,0,55,-55
120000241,938,1889,-951
120000412,1973,8,1965
120000413,93,556,-463
120000414,23,5,18
120000415,6,267,-261
120000416,5,15,-10
120000417,5,150,-145
120000418,27,19,8
120000419,13,582,-569
120000420,50,35,15
120000421,16352,6273,10079
120000422,213,282,-69
120000423,0,33,-33
120000424,12,199,-187
120000436,87,253,-166
120000437,221,214,7
120000438,5824,379,5445
120000439,75,165,-90
120000443,56,0,56
120000444,279,531,-252
120000445,1259,1096,163
120000446,903,242,661
120000447,52,7,45
120000449,22,10,12
120000450,5,456,-451
120000451,30,235,-205
120000452,31,0,31
120000453,0,342,-342
120000454,45,26,19
120000455,15,45,-30
120000456,3345,1951,1394
120000457,1139,938,201
120000458,442,752,-310
120000459,42,31,11
120000665,927,123,804
120000668,77,88,-11
120000669,48,502,-454
120000670,186,323,-137
120000671,269,165,104
120000672,84,518,-434
120900001,48,18,30
120900002,66,163,-97
120900003,166,20,146
120900004,1,14,-13
120900005,4,1776,-1772
120900006,62,121,-59
120900007,56,188,-132
120900008,50,1118,-1068
120900009,210,37,173
120900010,102,36,66
120900011,291,66,225
120900012,1023,349,674
120900013,99,13,86
120900014,1,930,-929
120900015,110,59,51
120900016,127,31,96
120900017,4266,106,4160
120900018,31,541,-510
120900019,147,75,72
120900020,325,268,57
120900021,140,20,120
120900022,21,544,-523
120900023,28,24,4
120900024,1034,416,618
120900025,2284,660,1624
120900026,35,137,-102
120900027,391,87,304
120900028,74,21,53
120900029,30,126,-96
120900030,310,299,11
120900031,43,6,37
120900032,211,152,59
120900033,158,17,141
120900034,14,1272,-1258
120900035,14,42,-28
120900037,30,0,30
120900038,17,65,-48
120900039,16,12,4
120900040,57,0,57
120900041,77,12,65
120900042,72,57,15
120900043,8,0,8
120900044,3,425,-422
120900045,110,119,-9
120900046,90,4,86
120900047,64,25,39
120900048,28,6,22
120900049,91,0,91
120900050,4521,538,3983
120900051,68,133,-65
120900052,96,1,95
120900053,81,93,-12
120900054,1154,721,433
120900055,70,0,70
120900056,84,2,82
120900057,32,6,26
120900058,74,0,74
120900059,26,2,24
120900060,10,30,-20
120900061,192,295,-103
120900062,36,0,36
120900063,142,0,142
120900064,81,1,80
120900065,49,0,49
120900066,33,349,-316
120900067,92,13,79
120900068,63,0,63
120900069,53,117,-64
120900071,1,2,-1
120900072,168,1,167
120900073,91,216,-125
120900074,151,2,149
120900076,61,1,60
120900077,3477,146,3331
120900078,141,677,-536
120900079,106,66,40
120900080,125,3056,-2931
120900081,174,1570,-1396
120900082,445,141,304
120900083,25,1,24
120900084,71,121,-50
120900085,90,72,18
120900086,130,65,65
120900087,103,38,65
120900088,102,137,-35
120900089,5209,602,4607
120900090,21,210,-189
120900091,235,135,100
120900092,392,753,-361
120900093,5306,266,5040
120900094,500,210,290
120900095,114,11,103
120900096,16,80,-64
120900097,491,1468,-977
120900098,218,200,18
120900099,28,104,-76
120900100,32,504,-472
120900101,192,378,-186
120900102,17,99,-82
120900103,13,130,-117
120900104,42,29,13
120900105,23,1078,-1055
120900106,1153,580,573
120900107,453,214,239
120900108,5,1185,-1180
120900109,18,989,-971
120900110,2,429,-427
120900111,108,435,-327
120900112,4,1683,-1679
120900113,5,1093,-1088
120900114,17,319,-302
120900115,117,96,21
120900116,60,650,-590
120900117,4,716,-712
120900118,2,1109,-1107
120900119,5047,2309,2738
120900120,22,815,-793
120900121,54,343,-289
120900122,51,755,-704
120900123,2,699,-697
120900124,4,826,-822
120900125,6,1095,-1089
120900126,777,635,142
120900127,5,693,-688
120900128,830,842,-12
120900129,42,576,-534
120900130,5,549,-544
120900131,9,54,-45
120900132,148,363,-215
120900133,176,1339,-1163
120900134,201,547,-346
120900135,10,789,-779
120900136,13,14,-1
120900137,32,101,-69
120900138,15,288,-273
120900139,2,1055,-1053
120900140,0,51,-51
120900141,16,65,-49
120900142,8,1027,-1019
120900143,3,1306,-1303
120900144,1,231,-230
120900145,35,965,-930
120900146,7,1257,-1250
120900147,0,261,-261
120900148,60,91,-31
120900149,0,508,-508
120900150,8,588,-580
120900151,4,855,-851
120900152,0,42,-42
120900153,3,54,-51
120900154,0,342,-342
120900155,56,1376,-1320
120900156,11,427,-416
120900157,4,278,-274
120900158,11,664,-653
120900159,38,956,-918
120900160,9,374,-365
120900161,13,1471,-1458
120900162,8,1753,-1745
120900163,3,94,-91
120900164,19,34,-15
120900165,1,4,-3
120900166,14,60,-46
120900167,54,48,6
120900169,24,626,-602
120900170,2933,833,2100
120900171,1182,291,891
120900172,1001,70,931
120900173,0,38,-38
120900174,3,137,-134
120900175,426,175,251
120900176,12,128,-116
120900177,0,209,-209
120900178,0,159,-159
120900179,460,317,143
120900180,66,62,4
120900181,27,60,-33
120900182,9,265,-256
120900183,560,85,475
120900184,140,56,84
120900185,2,377,-375
120900186,4,527,-523
120900187,145,378,-233
120900188,31,9,22
120900189,74,185,-111
120900190,5,5,0
120900191,1,16,-15
120900192,15420,1120,14300
120900194,12,50,-38
120900195,58,289,-231
120900196,239,36,203
120900197,181,24,157
120900198,124,745,-621
120900199,139,83,56
120900200,97,55,42
120900201,750,158,592
120900202,0,223,-223
120900203,59,35,24
120900204,351,460,-109
120900205,56,99,-43
120900206,13,16,-3
120900207,41,1252,-1211
121000001,881,1161,-280
121000002,1453,889,564
121000003,4172,2110,2062
121000004,2396,2157,239
121000005,2082,2648,-566
121000006,2617,1110,1507
121000007,3128,2849,279
121000008,4231,2771,1460
121000009,10832,4931,5901
121000010,12739,3060,9679
121000011,15083,8531,6552
121000012,21958,5789,16169
121000013,5909,5753,156
121000014,7954,5467,2487
121000015,4492,5210,-718
121000016,5400,3366,2034
121000017,1360,4240,-2880
121000018,2083,1729,354
121000019,18673,8810,9863
121000020,11537,6097,5440
121000021,3076,3754,-678
121000022,1421,1330,91
121000023,5229,4013,1216
121000024,2554,2785,-231
121000025,1123,680,443
121000026,317,107,210
121000027,1828,868,960
121000028,522,484,38
121000029,726,707,19
121000030,321,311,10
121000031,360,614,-254
121000032,146,100,46
121000034,206,135,71
121000035,62,76,-14
121000036,606,892,-286
121000037,422,588,-166
121000038,625,589,36
121000039,349,415,-66
121000041,216,706,-490
121000042,223,274,-51
121000043,1067,621,446
121000044,2070,550,1520
121000045,174,339,-165
121000046,205,599,-394
121000047,9,131,-122
121000049,1988,1031,957
121000050,288,1064,-776
121000051,321,535,-214
121000052,194,586,-392
121000053,275,55,220
121000054,27,197,-170
121000055,2192,933,1259
121000056,900,1135,-235
121000057,151,391,-240
121000058,499,90,409
121000059,1859,724,1135
121000060,637,1041,-404
121000061,52,138,-86
121000062,101,244,-143
121000063,546,413,133
121000064,336,562,-226
121000065,364,456,-92
121000066,624,532,92
121000067,1019,243,776
121000068,394,264,130
121000069,444,181,263
121000070,1483,1338,145
121000071,712,741,-29
121000072,1123,929,194
121000073,611,605,6
121000074,130,114,16
121000075,51,27,24
121000076,925,317,608
121000077,66,53,13
121000078,88,129,-41
121000080,2718,537,2181
121000081,2288,1345,943
121000082,206,348,-142
121000083,380,142,238
121000084,241,115,126
121000085,673,623,50
121000086,158,917,-759
121000087,111,293,-182
121000088,308,456,-148
121000089,506,218,288
121000090,331,280,51
121000091,2550,530,2020
121000092,137,140,-3
121000093,146,207,-61
121000094,499,351,148
121000095,217,584,-367
121000096,2855,2012,843
121000097,1741,1294,447
121000098,383,1375,-992
121000099,372,946,-574
121000100,370,845,-475
121000101,114,324,-210
121000102,65,725,-660
121000103,45,309,-264
121000104,60,305,-245
121000105,166,473,-307
121000106,141,381,-240
121000107,2294,3935,-1641
121000109,1602,992,610
121000110,326,380,-54
121000114,2369,1927,442
121000115,858,786,72
121000116,556,690,-134
121000117,1578,284,1294
121000118,1112,310,802
121000119,173,452,-279
121000120,251,535,-284
121000121,497,976,-479
121000123,2092,799,1293
121000127,43,106,-63
121000128,565,761,-196
121000129,207,567,-360
121000130,359,1104,-745
121000131,1937,964,973
121000132,1038,831,207
121000135,485,216,269
121000136,1211,678,533
121000137,395,139,256
121000138,675,373,302
121000139,471,53,418
121000141,114,77,37
121000142,1313,570,743
121000143,185,16,169
121000144,951,732,219
121000145,292,1471,-1179
121000146,762,684,78
121000147,467,368,99
121000148,535,1263,-728
121000149,1272,1037,235
121000152,295,718,-423
121000153,1576,465,1111
121000154,599,389,210
121000155,810,851,-41
121000156,405,720,-315
121000157,1519,1721,-202
121000158,502,712,-210
121000159,86,618,-532
121000160,181,781,-600
121000161,50,394,-344
121000162,18,292,-274
121000165,1801,1307,494
121000166,41,418,-377
121000168,86,226,-140
121000169,20,182,-162
121000170,88,42,46
121000171,24,130,-106
121000172,368,412,-44
121000173,1014,658,356
121000174,116,316,-200
121000175,403,460,-57
121000176,314,205,109
121000177,463,655,-192
121000178,58,50,8
121000179,85,48,37
121000181,324,266,58
121000182,48,145,-97
121000183,37,69,-32
121000184,29,62,-33
121000185,13,126,-113
121000186,124,265,-141
121000187,92,333,-241
121000188,49,288,-239
121000192,441,310,131
121000193,444,412,32
121000194,2652,2174,478
121000195,346,1008,-662
121000196,599,174,425
121000197,123,684,-561
121000198,142,74,68
121000199,70,682,-612
121000200,156,33,123
121000201,1,206,-205
121000202,194,50,144
121000203,379,2431,-2052
121000204,684,469,215
121000205,103,301,-198
121000206,59,40,19
121000207,869,368,501
121000208,3,475,-472
121000209,123,642,-519
121000210,178,441,-263
121000211,59,126,-67
121000212,208,800,-592
121000213,7990,2275,5715
121000214,662,1149,-487
121000215,1266,729,537
121000216,370,347,23
121000217,3498,1725,1773
121000218,476,1869,-1393
121000219,918,281,637
121000220,310,71,239
121000221,120,204,-84
121000222,2465,2285,180
121000223,464,271,193
121000224,244,75,169
121000225,1049,567,482
121000226,1207,445,762
121000227,12,238,-226
121000228,12,987,-975
121000229,42,544,-502
121000230,63,2151,-2088
121000231,209,3,206
121000232,346,168,178
121000233,328,355,-27
121000234,6,14,-8
121000235,14,14,0
121000236,0,24,-24
121000237,6,3,3
121000238,0,49,-49
121000239,6,3,3
121000240,8,128,-120
121000241,26,6,20
121000242,18,142,-124
121000243,98,38,60
121000244,0,105,-105
121000245,5,29,-24
121000246,1,125,-124
121000247,13,1,12
121000248,362,470,-108
121000249,40,241,-201
121000250,127,94,33
121000251,18,720,-702
121000252,30,23,7
121000253,159,554,-395
121000254,265,291,-26
121000255,123,122,1
121000256,148,137,11
121000257,15,64,-49
121000258,20,51,-31
121000259,18,37,-19
121000260,27,98,-71
121000261,8,51,-43
121000262,1469,433,1036
121000263,269,494,-225
121000271,221,1872,-1651
121000273,45,12,33
121000274,0,31,-31
121000275,3,30,-27
121000276,0,10,-10
121000278,27,78,-51
121000279,27,18,9
121000280,14,56,-42
121000289,93,9,84
121000290,892,745,147
121000294,38,305,-267
121000297,722,576,146
121000299,110,200,-90
121000300,809,584,225
121000302,287,588,-301
121000303,750,318,432
121000304,398,39,359
121000305,92,62,30
121000306,36,130,-94
121000308,147,330,-183
121000309,325,511,-186
121000310,39,462,-423
121000311,72,780,-708
121000312,263,151,112
121000313,553,425,128
121000314,309,106,203
121000315,96,80,16
121000530,602,1309,-707
121000531,908,1306,-398
121000532,4122,2941,1181
121000533,1944,1850,94
121000918,5,264,-259
121000919,8,48,-40
121000938,1124,331,793
121000939,2069,223,1846
121000956,295,1245,-950
121000957,3,19,-16
121000958,32,47,-15
121000959,179,1162,-983
121000960,974,2520,-1546
121000961,143,20,123
121000962,303,645,-342
121000973,1,275,-274
121000976,12,178,-166
121000979,131,29,102
121000981,214,62,152
121000982,137,231,-94
121000983,138,490,-352
121000984,19,14,5
121000985,167,611,-444
121000986,40,447,-407
121000987,158,1710,-1552
121000988,323,113,210
121001302,340,119,221
121001308,4,11,-7
121001309,76,33,43
121001311,0,0,0
121001313,75,540,-465
121001314,4974,3955,1019
121001315,3615,984,2631
121001326,295,434,-139
121900001,59,187,-128
121900002,15,21,-6
121900003,197,9,188
121900004,73,349,-276
121900005,4,5,-1
121900006,54,19,35
121900007,1494,1926,-432
121900008,562,52,510
121900009,291,15,276
121900010,221,0,221
121900011,88,352,-264
121900012,0,0,0
121900013,384,3,381
121900014,845,261,584
121900015,53,195,-142
121900016,0,11,-11
121900017,145,377,-232
121900018,192,7,185
121900019,135,306,-171
121900020,38,0,38
121900021,265,0,265
121900022,149,109,40
121900023,16,294,-278
121900024,247,32,215
121900025,239,161,78
121900026,117,20,97
121900027,88,59,29
121900028,71,6,65
121900029,39,94,-55
121900030,394,367,27
121900031,746,2130,-1384
121900032,23,29,-6
121900033,99,68,31
121900034,132,58,74
121900035,2158,1160,998
121900036,42,232,-190
121900037,122,534,-412
121900038,4,72,-68
121900039,250,11,239
121900040,20,46,-26
121900041,37,82,-45
121900042,189,105,84
121900043,1,0,1
121900044,319,24,295
121900046,170,85,85
121900047,65,40,25
121900048,2,101,-99
121900050,12,34,-22
121900051,59,119,-60
121900052,35,18,17
121900053,207,159,48
121900054,500,682,-182
121900055,4,5,-1
121900058,34,162,-128
121900059,153,63,90
121900060,41,209,-168
121900061,112,82,30
121900062,64,22,42
121900063,267,161,106
121900064,92,676,-584
121900066,12,8,4
121900067,0,4,-4
121900069,245,100,145
121900070,50,79,-29
121900071,45,164,-119
121900072,22,102,-80
121900073,152,124,28
121900074,454,243,211
121900075,223,135,88
121900076,95,639,-544
121900078,15,21,-6
121900079,0,0,0
121900080,368,316,52
121900082,29,74,-45
121900084,4,260,-256
121900086,1,26,-25
121900087,215,67,148
121900088,2343,1398,945
121900089,35,352,-317
121900090,2,101,-99
121900091,8,68,-60
121900092,59,56,3
121900093,52,55,-3
121900094,19,3,16
121900095,109,84,25
121900096,1628,245,1383
121900097,98,110,-12
121900098,2,1,1
121900099,62,62,0
121900100,67,107,-40
121900101,50,69,-19
121900102,4,75,-71
121900103,436,134,302
121900104,690,144,546
121900105,35,38,-3
121900106,0,0,0
121900107,12,29,-17
121900108,0,0,0
121900109,334,105,229
121900110,82,1004,-922
121900111,622,87,535
121900112,98,80,18
121900113,20,115,-95
121900114,0,0,0
121900117,27,24,3
121900118,2363,207,2156
121900119,50,174,-124
121900120,42,1100,-1058
121900121,352,37,315
121900122,5,20,-15
121900123,225,327,-102
121900124,48,180,-132
121900125,582,792,-210
121900127,11,64,-53
121900128,29,130,-101
121900129,1149,48,1101
121900130,51,182,-131
121900131,76,105,-29
121900132,13,89,-76
121900133,32,37,-5
121900134,6,103,-97
121900135,2025,260,1765
121900136,64,451,-387
121900137,19,204,-185
121900138,49,184,-135
121900139,304,318,-14
121900140,28,125,-97
121900141,9,9,0
121900142,27,78,-51
121900143,5,120,-115
121900144,217,302,-85
121900145,50,89,-39
121900146,341,606,-265
121900147,39,228,-189
121900148,75,271,-196
121900149,115,646,-531
121900150,54,184,-130
121900151,50,193,-143
121900152,59,94,-35
121900153,53,460,-407
121900154,8,113,-105
121900155,0,39,-39
121900156,116,83,33
121900157,0,410,-410
121900158,29,91,-62
121900159,0,228,-228
121900160,14,219,-205
121900161,377,209,168
121900162,78,76,2
121900163,32,760,-728
121900164,175,150,25
121900165,72,140,-68
121900166,53,175,-122
121900167,33,56,-23
121900168,133,88,45
121900169,6,267,-261
121900170,0,130,-130
121900171,299,258,41
121900172,179,138,41
121900173,566,138,428
121900174,12,49,-37
121900175,19,141,-122
121900176,330,1508,-1178
121900177,166,67,99
121900178,12,92,-80
121900179,154,74,80
121900180,5721,1622,4099
121900182,255,233,22
121900183,319,243,76
121900184,34,496,-462
121900186,3,234,-231
121900187,14,84,-70
121900188,476,199,277
121900189,26,168,-142
121900190,120,380,-260
121900191,46,117,-71
121900192,485,329,156
121900193,15,200,-185
121900194,3,138,-135
121900195,92,113,-21
121900196,387,523,-136
121900197,308,1930,-1622
121900198,812,689,123
121900199,0,12,-12
121900200,48,135,-87
121900201,697,642,55
121900202,97,254,-157
121900203,141,504,-363
121900204,768,532,236
121900205,10,125,-115
121900206,2,11,-9
121900207,121,16,105
121900208,82,199,-117
121900209,27,6,21
121900210,699,697,2
121900211,165,394,-229
121900212,71,85,-14
121900213,19,128,-109
121900214,5,223,-218
121900215,14,25,-11
121900216,14,42,-28
121900217,217,67,150
121900218,126,239,-113
121900220,133,3,130
121900221,157,512,-355
121900222,26,143,-117
121900223,44,31,13
121900224,15,29,-14
121900225,71,27,44
121900226,98,529,-431
121900227,63,250,-187
121900228,116,138,-22
121900230,73,31,42
121900231,149,138,11
121900232,86,230,-144
121900233,205,236,-31
121900234,89,310,-221
121900235,163,265,-102
121900236,188,92,96
121900237,121,245,-124
121900238,100,143,-43
121900239,108,33,75
121900240,172,84,88
121900241,7,45,-38
121900242,0,0,0
121900243,2,0,2
121900244,0,0,0
121900245,96,122,-26
121900246,844,430,414
121900248,901,512,389
121900250,221,212,9
121900251,180,11,169
121900252,725,123,602
121900253,117,939,-822
121900254,417,207,210
121900255,84,39,45
121900258,1460,789,671
121900259,274,251,23
121900260,9,106,-97
121900261,73,259,-186
121900262,262,384,-122
121900263,69,230,-161
121900264,1878,747,1131
121900265,51,294,-243
121900266,69,189,-120
121900267,15,9,6
121900269,52,171,-119
121900270,11,77,-66
121900271,13,127,-114
121900273,302,640,-338
121900274,69,180,-111
121900277,92,1255,-1163
121900278,16,642,-626
121900279,63,305,-242
121900280,60,219,-159
121900281,250,45,205
121900284,45,10,35
121900286,33,190,-157
121900287,10,7,3
121900288,1,0,1
121900290,122,135,-13
121900291,285,373,-88
121900292,93,68,25
121900293,699,2754,-2055
121900294,207,1,206
121900295,32,181,-149
121900296,13,14,-1
121900298,102,212,-110
121900299,0,0,0
121900300,7,0,7
121900301,6,0,6
121900302,0,38,-38
121900303,121,388,-267
121900304,0,6,-6
121900305,2,0,2
121900306,30,0,30
121900307,5,19,-14
121900308,18,292,-274
121900309,9,215,-206
121900310,23,625,-602
121900311,123,20,103
121900312,73,11,62
121900313,115,12,103
121900314,0,43,-43
121900315,0,0,0
121900316,0,11,-11
121900317,0,0,0
121900318,0,10,-10
121900319,3,11,-8
121900320,32,83,-51
121900321,1,1,0
121900322,1,22,-21
121900323,15,7,8
121900324,0,35,-35
121900325,0,0,0
121900326,1,16,-15
121900327,0,69,-69
121900328,0,19,-19
121900329,1,146,-145
121900330,0,32,-32
121900331,18,6,12
121900332,28,8,20
121900333,8,0,8
121900334,50,20,30
122000001,2690,2614,76
122000002,5901,1405,4496
122000003,2295,1217,1078
122000004,2894,950,1944
122000005,2492,748,1744
122000006,2004,323,1681
122000007,981,706,275
122000008,6040,2572,3468
122000009,736,190,546
122000010,2144,1935,209
122000011,3544,599,2945
122000012,1120,751,369
122000013,1648,912,736
122000014,1141,1427,-286
122000015,1200,774,426
122000016,418,687,-269
122000017,1025,1010,15
122000018,1037,976,61
122000019,580,1349,-769
122000020,193,187,6
122000021,647,343,304
122000022,936,1246,-310
122000023,440,2652,-2212
122000024,1039,662,377
122000025,1240,855,385
122000026,2043,562,1481
122000027,573,3589,-3016
122000028,639,240,399
122000029,333,185,148
122000030,323,83,240
122000031,123,135,-12
122000032,1048,1946,-898
122000033,779,502,277
122000034,554,363,191
122000035,331,517,-186
122000036,412,617,-205
122000037,279,222,57
122000038,243,351,-108
122000039,688,481,207
122000040,388,231,157
122000041,317,456,-139
122000042,180,318,-138
122000043,96,104,-8
122000044,89,129,-40
122000045,1034,422,612
122000046,392,672,-280
122000047,239,163,76
122000048,3220,2719,501
122000049,4356,2127,2229
122000050,1438,472,966
122000051,445,205,240
122000052,526,178,348
122000053,144,312,-168
122000054,2354,1754,600
122000055,2215,1910,305
122000056,4456,2529,1927
122000057,3469,2119,1350
122000058,4371,1012,3359
122000059,3332,1171,2161
122000060,1160,533,627
122000061,836,206,630
122000062,1408,289,1119
122000063,680,352,328
122000064,3163,2742,421
122000065,5521,2641,2880
122000066,680,552,128
122000067,1225,934,291
122000068,536,1000,-464
122000069,658,595,63
122000070,440,2195,-1755
122000071,667,1371,-704
122000072,218,269,-51
122000073,258,271,-13
122000074,967,1074,-107
122000075,369,841,-472
122000076,1070,885,185
122000077,1080,443,637
122000078,2974,1555,1419
122000079,929,528,401
122000080,650,253,397
122000081,133,151,-18
122000082,1388,618,770
122000083,845,3059,-2214
122000084,679,518,161
122000085,160,1559,-1399
122000086,1851,3086,-1235
122000087,341,121,220
122000088,319,159,160
122000089,4898,2974,1924
122000090,195,292,-97
122000091,162,70,92
122000092,52,10,42
122000093,1081,1065,16
122000094,6658,1435,5223
122000095,2891,1223,1668
122000096,1467,1021,446
122000098,2407,1346,1061
122000099,1705,639,1066
122000100,1304,569,735
122000101,202,1161,-959
122000102,1326,1082,244
122000103,837,1155,-318
122000104,194,190,4
122000105,181,264,-83
122000106,630,425,205
122000107,682,351,331
122000108,341,859,-518
122000109,170,305,-135
122000110,254,543,-289
122000111,2523,1190,1333
122000112,516,1472,-956
122000113,328,690,-362
122000114,2167,1120,1047
122000115,1838,769,1069
122000116,499,680,-181
122000117,965,330,635
122000118,357,641,-284
122000119,2971,1537,1434
122000120,5243,2329,2914
122000121,6918,2150,4768
122000122,1207,1517,-310
122000123,5105,1103,4002
122000124,1915,513,1402
122000125,475,650,-175
122000126,1008,632,376
122000127,3520,872,2648
122000128,1220,1150,70
122000129,317,353,-36
122000130,3243,294,2949
122000131,3610,312,3298
122000132,1630,478,1152
122000133,861,1494,-633
122000134,507,476,31
122000135,819,1306,-487
122000136,267,132,135
122000137,617,448,169
122000139,1326,2940,-1614
122000140,1024,432,592
122000141,4203,761,3442
122000142,463,523,-60
122000143,1089,156,933
122000144,3181,641,2540
122000145,1498,798,700
122000146,748,709,39
122000147,860,477,383
122000148,2025,1232,793
122000149,2677,1171,1506
122000150,1686,826,860
122000151,468,361,107
122000152,717,438,279
122000153,567,262,305
122000154,535,168,367
122000155,2384,2198,186
122000156,2599,1787,812
122000157,1851,1173,678
122000158,233,407,-174
122000159,2074,1297,777
122000160,9439,573,8866
122000161,1843,704,1139
122000162,2343,1557,786
122000163,313,64,249
122000164,22,49,-27
122000165,764,632,132
122000166,729,767,-38
122000167,185,204,-19
122000168,200,398,-198
122000169,435,211,224
122000170,156,280,-124
122000171,23,47,-24
122000172,1289,1443,-154
122000173,1220,1927,-707
122000174,1509,604,905
122000175,1110,437,673
122000176,262,562,-300
122000177,1547,1301,246
122000178,2504,1793,711
122000179,1653,2191,-538
122000180,1844,761,1083
122000181,2870,1717,1153
122000182,3258,646,2612
122000183,1596,1032,564
122000184,4513,1720,2793
122000185,1749,1180,569
122000186,528,669,-141
122000187,1175,1828,-653
122000188,726,145,581
122000189,299,261,38
122000190,897,1296,-399
122000191,823,291,532
122000192,1014,250,764
122000193,283,650,-367
122000194,465,165,300
122000195,84,351,-267
122000196,625,529,96
122000197,413,483,-70
122000198,409,808,-399
122000199,303,305,-2
122000200,1062,424,638
122000201,1285,1677,-392
122000202,905,1037,-132
122000203,3052,1379,1673
122000204,1772,1740,32
122000205,1551,868,683
122000206,2347,1029,1318
122000207,1281,1515,-234
122000208,1297,1832,-535
122000209,1963,314,1649
122000210,1092,1948,-856
122000211,746,1176,-430
122000212,444,544,-100
122000213,810,1286,-476
122000214,1491,2164,-673
122000215,1333,1494,-161
122000217,1595,1245,350
122000218,429,53,376
122000219,1538,1262,276
122000220,303,988,-685
122000221,106,399,-293
122000222,532,50,482
122000223,664,664,0
122000225,604,447,157
122000226,878,1894,-1016
122000227,246,1521,-1275
122000228,327,528,-201
122000229,40,454,-414
122000230,72,1040,-968
122000231,136,794,-658
122000232,377,996,-619
122000233,1,129,-128
122000234,102,235,-133
122000235,295,251,44
122000236,349,240,109
122000237,28,41,-13
122000238,101,115,-14
122000239,229,76,153
122000240,544,263,281
122000241,501,346,155
122000242,242,109,133
122000243,103,71,32
122000244,34,753,-719
122000245,93,518,-425
122000246,170,140,30
122000247,520,1493,-973
122000248,1703,3135,-1432
122000249,239,435,-196
122000250,1255,459,796
122000251,249,317,-68
122000252,581,58,523
122000253,13,363,-350
122000254,83,49,34
122000255,475,2563,-2088
122000256,437,1820,-1383
122000257,164,777,-613
122000258,37,113,-76
122000259,42,786,-744
122000260,0,106,-106
122000261,4,189,-185
122000262,0,76,-76
122000263,46,151,-105
122000264,229,589,-360
122000265,1401,634,767
122000266,3391,516,2875
122000267,59,131,-72
122000268,32,521,-489
122000269,326,291,35
122000270,293,108,185
122000271,239,935,-696
122000272,272,1010,-738
122000273,220,505,-285
122000274,61,199,-138
122000275,12,163,-151
122000276,126,551,-425
122000277,543,1149,-606
122000278,534,931,-397
122000279,76,932,-856
122000280,469,1083,-614
122000281,328,934,-606
122000282,82,284,-202
122000283,255,54,201
122000284,83,96,-13
122000285,222,123,99
122000286,89,223,-134
122000287,167,303,-136
122000288,419,913,-494
122000291,493,430,63
122000293,357,650,-293
122000294,72,114,-42
122000295,1036,315,721
122000296,79,593,-514
122000297,1823,1464,359
122000299,1015,435,580
122000300,360,482,-122
122000301,9760,1256,8504
122000302,822,438,384
122000303,4309,948,3361
122000304,6,49,-43
122000305,649,265,384
122000306,30,911,-881
122000307,100,141,-41
122000309,34,32,2
122000310,13,13,0
122000311,17,37,-20
122000312,80,20,60
122000313,3,33,-30
122000314,64,160,-96
122000315,65,6,59
122000316,139,194,-55
122000317,470,163,307
122000318,74,167,-93
122000319,3431,919,2512
122000320,216,1220,-1004
122000321,51,286,-235
122000322,2749,1597,1152
122000323,1584,1117,467
122000324,1291,1107,184
122000325,754,837,-83
122000326,14,183,-169
122000327,150,409,-259
122000328,2059,1188,871
122000330,1739,616,1123
122000332,136,301,-165
122000333,7,182,-175
122000337,380,3482,-3102
122000338,118,603,-485
122000340,303,185,118
122000342,2637,1246,1391
122000343,323,1977,-1654
122000344,20,23,-3
122000345,8,41,-33
122000346,238,626,-388
122000348,233,780,-547
122000349,126,939,-813
122000351,88,267,-179
122000352,453,31,422
122000353,14,190,-176
122000355,125,152,-27
122000356,1281,749,532
122000357,12,16,-4
122000358,1,117,-116
122000359,2,52,-50
122000360,1,85,-84
122000362,8,138,-130
122000364,67,547,-480
122000365,3,22,-19
122000366,8,7,1
122000368,364,770,-406
122000370,0,158,-158
122000371,3,0,3
122000372,1,0,1
122000381,21,311,-290
122000382,53,328,-275
122000384,4011,1818,2193
122000385,10,0,10
122000386,318,478,-160
122000387,311,595,-284
122000388,1710,470,1240
122000389,168,758,-590
122000390,292,257,35
122000391,195,46,149
122000392,162,294,-132
122000393,9,202,-193
122000394,156,354,-198
122000395,132,172,-40
122000396,198,126,72
122000397,30,136,-106
122000398,35,34,1
122000399,47,102,-55
122000400,98,291,-193
122000401,63,133,-70
122000402,86,65,21
122000403,203,1283,-1080
122000404,77,245,-168
122000408,1227,1288,-61
122000503,7,60,-53
122000524,162,69,93
122000544,13,934,-921
122000614,367,121,246
122000616,941,9,932
122000640,20,291,-271
122000641,36,563,-527
122000642,863,1362,-499
122000643,4,70,-66
122000644,138,47,91
122000645,112,125,-13
122000651,1520,518,1002
122000664,133,27,106
122000665,913,615,298
122000666,468,1300,-832
122000673,26,348,-322
122000674,78,43,35
122000675,1024,1346,-322
122000686,193,1393,-1200
122000687,318,448,-130
122000688,155,919,-764
122000689,218,567,-349
122000690,258,747,-489
122000691,211,2674,-2463
122000692,602,418,184
122000693,490,2101,-1611
122000695,99,640,-541
122000696,90,300,-210
122000698,66,1258,-1192
122000699,96,39,57
122000701,670,363,307
122000702,342,2382,-2040
122000703,114,48,66
122000717,233,44,189
122000718,921,323,598
122000719,31,54,-23
122000720,110,270,-160
122000724,304,480,-176
122900001,9,7,2
122900002,703,841,-138
122900003,112,24,88
122900004,415,13,402
122900005,49,50,-1
122900006,493,241,252
122900007,773,172,601
122900008,419,57,362
122900009,665,162,503
122900010,130,97,33
122900012,548,241,307
122900014,120,291,-171
122900015,1640,182,1458
122900016,30,263,-233
122900017,2222,879,1343
122900018,146,12,134
122900019,4,135,-131
122900020,76,181,-105
122900021,628,502,126
122900022,216,991,-775
122900023,81,213,-132
122900024,75,102,-27
122900025,12,113,-101
122900026,118,382,-264
122900027,33,884,-851
122900028,93,101,-8
122900029,3341,837,2504
122900030,1146,322,824
122900031,282,115,167
122900032,83,219,-136
122900033,205,126,79
122900034,3241,2885,356
122900035,17,12,5
122900036,16,84,-68
122900037,290,166,124
122900038,209,1627,-1418
122900039,134,344,-210
122900040,108,310,-202
122900041,137,146,-9
122900042,104,250,-146
122900043,215,127,88
122900044,57,253,-196
122900045,55,87,-32
122900046,72,44,28
122900047,127,85,42
122900048,17,103,-86
122900049,1580,53,1527
122900051,74,96,-22
122900052,10,78,-68
122900053,25,5,20
122900055,126,66,60
122900057,183,12,171
122900061,409,113,296
122900062,208,301,-93
122900063,86,397,-311
122900064,915,942,-27
122900065,188,106,82
122900066,247,200,47
122900067,1617,854,763
122900069,95,647,-552
122900070,66,40,26
122900071,201,1760,-1559
122900073,5,38,-33
122900074,129,647,-518
122900076,6,156,-150
122900077,3,277,-274
122900078,47,168,-121
122900080,282,12,270
122900081,86,102,-16
122900082,463,183,280
122900083,161,103,58
122900084,35,189,-154
122900086,87,295,-208
122900087,74,575,-501
122900088,26,49,-23
122900089,2,285,-283
122900090,22,1327,-1305
122900091,36,0,36
122900092,1,257,-256
122900093,2,387,-385
122900094,6,305,-299
122900095,55,1,54
122900096,51,324,-273
122900097,4,7,-3
122900098,168,154,14
122900099,2,3,-1
122900100,114,69,45
122900101,922,134,788
122900102,10,9,1
122900103,19,5,14
122900104,16,3,13
122900105,5,2,3
122900106,18,68,-50
122900107,0,120,-120
122900108,12,401,-389
122900109,47,235,-188
123000001,1707,373,1334
123000002,5215,1985,3230
123000003,3744,2057,1687
123000004,3908,4167,-259
123000005,1968,2015,-47
123000006,3264,2615,649
123000007,2271,1760,511
123000008,2207,4033,-1826
123000009,3766,2416,1350
123000010,3892,3674,218
123000011,3101,1086,2015
123000012,1266,2590,-1324
123000013,3114,1210,1904
123000014,1478,3932,-2454
123000015,2965,577,2388
123000016,5899,2236,3663
123000017,2599,1336,1263
123000018,25,67,-42
123000019,78,316,-238
123000020,50,94,-44
123000021,28,106,-78
123000022,319,507,-188
123000023,993,1079,-86
123000024,873,546,327
123000025,47,64,-17
123000026,12,157,-145
123000027,97,242,-145
123000028,305,243,62
123000029,506,303,203
123000030,49,822,-773
123000031,74,402,-328
123000032,100,282,-182
123000033,128,55,73
123000034,468,459,9
123000035,167,247,-80
123000036,152,441,-289
123000037,127,421,-294
123000038,87,234,-147
123000039,689,800,-111
123000040,1061,491,570
123000041,709,374,335
123000042,706,602,104
123000043,2948,3368,-420
123000044,5769,1882,3887
123000045,11325,1260,10065
123000046,803,578,225
123000047,3006,792,2214
123000048,46,289,-243
123000049,5707,2758,2949
123000050,579,944,-365
123000051,106,117,-11
123000052,557,1577,-1020
123000053,2515,1931,584
123000054,1180,1052,128
123000055,713,767,-54
123000056,1155,2144,-989
123000057,15902,4266,11636
123000058,375,600,-225
123000059,289,366,-77
123000060,706,516,190
123000061,112,590,-478
123000063,920,532,388
123000064,946,211,735
123000065,7773,3672,4101
123000066,1123,735,388
123000067,292,566,-274
123000068,3019,3718,-699
123000069,9530,4376,5154
123000070,308,720,-412
123000071,423,1306,-883
123000072,679,1680,-1001
123000073,486,923,-437
123000074,940,2364,-1424
123000075,317,591,-274
123000076,429,1602,-1173
123000077,1957,3684,-1727
123000078,818,1812,-994
123000079,685,1915,-1230
123000080,1470,2423,-953
123000081,190,513,-323
123000082,448,1116,-668
123000083,659,82,577
123000084,280,1021,-741
123000085,35,113,-78
123000086,106,479,-373
123000087,71,502,-431
123000088,569,1291,-722
123000089,394,1195,-801
123000090,1115,1362,-247
123000091,1558,1203,355
123000092,1339,1211,128
123000094,302,258,44
123000095,162,561,-399
123000096,231,413,-182
123000097,150,1393,-1243
123000098,339,443,-104
123000099,511,1067,-556
123000100,326,406,-80
123000101,373,362,11
123000102,537,519,18
123000104,332,262,70
123000105,621,586,35
123000106,655,229,426
123000107,508,606,-98
123000108,1336,1057,279
123000111,363,211,152
123000112,450,470,-20
123000113,981,1920,-939
123000114,282,417,-135
123000115,152,347,-195
123000116,23,231,-208
123000117,1322,2609,-1287
123000118,417,1048,-631
123000119,187,1050,-863
123000120,289,937,-648
123000121,396,596,-200
123000122,349,329,20
123000123,461,474,-13
123000124,788,649,139
123000125,1283,631,652
123000126,2320,1334,986
123000127,2133,738,1395
123000128,286,466,-180
123000129,197,124,73
123000130,171,42,129
123000131,422,336,86
123000132,430,599,-169
123000133,675,407,268
123000134,751,206,545
123000135,854,973,-119
123000136,152,1421,-1269
123000137,104,446,-342
123000138,74,555,-481
123000139,204,88,116
123000140,110,819,-709
123000141,773,66,707
123000142,780,1124,-344
123000143,1032,2907,-1875
123000144,17,15,2
123000145,149,106,43
123000146,18,109,-91
123000147,54,93,-39
123000149,421,281,140
123000150,249,168,81
123000151,258,415,-157
123000152,39,312,-273
123000153,162,395,-233
123000154,1934,1415,519
123000155,2391,821,1570
123000156,53,78,-25
123000157,648,922,-274
123000158,870,377,493
123000159,2467,1375,1092
123000160,353,302,51
123000161,869,527,342
123000162,225,819,-594
123000163,118,24,94
123000164,418,149,269
123000165,184,2109,-1925
123000166,23,192,-169
123000167,53,285,-232
123000168,95,380,-285
123000169,210,74,136
123000170,42,475,-433
123000171,89,72,17
123000172,220,753,-533
123000173,250,81,169
123000174,519,108,411
123000175,990,1688,-698
123000176,301,64,237
123000177,236,1213,-977
123000178,280,39,241
123000179,21,860,-839
123000180,824,244,580
123000181,268,1843,-1575
123000182,72,581,-509
123000183,148,119,29
123000184,45,1048,-1003
123000185,131,422,-291
123000186,3,681,-678
123000187,221,3,218
123000188,64,1,63
123000189,72,242,-170
123000190,10,68,-58
123000192,11,455,-444
123000193,27,510,-483
123000194,490,311,179
123000195,203,5,198
123000196,83,1,82
123000197,37,102,-65
123000198,4,218,-214
123000199,2,536,-534
123000200,133,2,131
123000201,256,3,253
123000202,15,1261,-1246
123000203,271,23,248
123000204,38,1463,-1425
123000205,257,2492,-2235
123000206,559,56,503
123000207,66,1064,-998
123000208,147,41,106
123000209,743,164,579
123000210,343,1820,-1477
123000211,525,2986,-2461
123000212,960,181,779
123000213,113,33,80
123000215,172,105,67
123000216,205,261,-56
123000217,122,12,110
123000218,82,215,-133
123000219,678,20,658
123000220,380,50,330
123000221,90,89,1
123000222,140,465,-325
123000223,56,540,-484
123000224,315,786,-471
123000225,99,79,20
123000226,57,336,-279
123000227,69,475,-406
123000228,107,54,53
123000229,1291,2174,-883
123000232,59,664,-605
123000233,309,70,239
123000234,130,767,-637
123000235,146,228,-82
123000236,101,1120,-1019
123000237,161,32,129
123000238,31,710,-679
123000239,379,2421,-2042
123000240,19,200,-181
123000241,880,87,793
123000242,65,178,-113
123000243,341,1080,-739
123000244,559,424,135
123000245,41,161,-120
123000249,458,614,-156
123000252,365,96,269
123000253,330,194,136
123000254,304,1240,-936
123000255,542,638,-96
123000256,28,274,-246
123000257,3014,2463,551
123000258,786,1364,-578
123000259,81,308,-227
123000260,168,556,-388
123000261,54,158,-104
123000262,63,301,-238
123000263,201,83,118
123000264,121,28,93
123000265,40,179,-139
123000266,378,662,-284
123000267,125,193,-68
123000268,14,82,-68
123000269,19,31,-12
123000270,11,20,-9
123000271,54,108,-54
123000272,725,210,515
123000273,132,385,-253
123000274,676,236,440
123000275,178,969,-791
123000278,2938,2714,224
123000279,41,94,-53
123000280,185,355,-170
123000281,133,50,83
123000282,46,238,-192
123000283,70,29,41
123000284,57,139,-82
123000286,363,194,169
123000287,633,220,413
123000288,643,296,347
123000289,457,385,72
123000291,277,832,-555
123000294,225,283,-58
123000295,603,743,-140
123000296,167,413,-246
123000297,264,1194,-930
123000298,205,837,-632
123000299,53,291,-238
123000300,768,541,227
123000301,46,123,-77
123000302,41,139,-98
123000303,20,99,-79
123000305,1010,859,151
123000306,27,271,-244
123000309,45,83,-38
123000310,47,30,17
123000311,2,157,-155
123000312,716,1193,-477
123000313,111,258,-147
123000315,40,309,-269
123000316,1637,182,1455
123000317,208,42,166
123000318,29,349,-320
123000329,6,27,-21
123000337,61,235,-174
123000338,285,59,226
123000339,66,458,-392
123000340,186,385,-199
123000342,2,206,-204
123000343,21,0,21
123000344,751,452,299
123000345,479,740,-261
123000346,154,100,54
123000352,1993,757,1236
123000353,19,141,-122
123000354,43,2,41
123000355,2,353,-351
123000356,71,1,70
123000357,1,277,-276
123000359,0,234,-234
123000360,51,3,48
123000361,446,221,225
123000362,73,92,-19
123000363,42,215,-173
123000364,313,233,80
123000365,22,172,-150
123000366,258,1016,-758
123000367,194,1391,-1197
123000370,11,292,-281
123000371,88,10,78
123000372,104,4,100
123000373,3,366,-363
123000374,4,185,-181
123000375,88,16,72
123000376,559,566,-7
123000377,104,1,103
123000378,1,438,-437
123000379,6,220,-214
123000380,40,140,-100
123000381,100,29,71
123000382,694,32,662
123000383,141,579,-438
123000384,284,60,224
123000385,363,557,-194
123000436,31,539,-508
123000507,339,451,-112
123000508,330,348,-18
123000517,286,19,267
123000518,39,251,-212
123000519,157,82,75
123000520,52,222,-170
123000521,246,93,153
123000522,175,542,-367
123000541,2,0,2
123000542,0,38,-38
123000565,165,7,158
123000566,32,1086,-1054
123000567,77,321,-244
123000573,33,1204,-1171
123000574,362,52,310
123000575,1194,1215,-21
123000576,471,1751,-1280
123000577,67,431,-364
123000578,519,103,416
123000579,5326,1953,3373
123000580,48,8,40
123000582,136,9,127
123000583,16,465,-449
123000584,113,195,-82
123000585,0,104,-104
123000586,14,0,14
123000596,159,134,25
123000597,27,80,-53
123000602,10,0,10
123000603,144,837,-693
123000604,323,1310,-987
123000605,613,17,596
123000606,1,262,-261
123000609,14,429,-415
123000610,50,97,-47
123000613,50,110,-60
123000614,167,40,127
123000615,108,288,-180
123000616,392,59,333
123000617,34,578,-544
123000618,35,615,-580
123000619,521,8,513
123000620,8,557,-549
123000622,238,17,221
123000624,167,100,67
123000630,429,350,79
123000631,230,2402,-2172
123000632,1338,1176,162
123000633,3,223,-220
123000634,80,20,60
123000635,222,128,94
123000636,22,749,-727
123000637,266,35,231
123000638,279,105,174
123000639,714,2015,-1301
123000640,40,1174,-1134
123000648,100,31,69
123000649,31,685,-654
123900001,1373,58,1315
123900002,9,796,-787
123900003,308,634,-326
123900005,121,65,56
123900006,68,13,55
124000001,1161,126,1035
124000002,126,1758,-1632
124000003,253,157,96
124000004,40,762,-722
124000005,471,143,328
124000006,231,1703,-1472
124000007,440,60,380
124000008,13,445,-432
124000009,256,173,83
124000010,96,739,-643
124000011,298,185,113
124000012,144,932,-788
124000017,26,127,-101
124000018,91,182,-91
124000019,51,124,-73
124000020,67,306,-239
124000021,52,81,-29
124000022,114,295,-181
124000023,901,1067,-166
124000024,951,585,366
124000025,815,898,-83
124000026,1069,1042,27
124000027,4584,2416,2168
124000028,2819,2987,-168
124000030,2954,988,1966
124000031,695,850,-155
124000032,5258,1426,3832
124000033,622,306,316
124000034,1448,1446,2
124000035,117,55,62
124000036,116,760,-644
124000037,221,258,-37
124000038,53,88,-35
124000039,1486,221,1265
124000040,726,388,338
124000041,173,62,111
124000042,76,264,-188
124000043,141,59,82
124000044,94,339,-245
124000045,387,577,-190
124000046,153,856,-703
124000047,534,917,-383
124000048,291,2105,-1814
124000049,656,828,-172
124000050,347,2727,-2380
124000051,254,594,-340
124000052,325,1601,-1276
124000053,339,710,-371
124000054,569,751,-182
124000055,786,1055,-269
124000056,3980,1444,2536
124000057,540,377,163
124000058,333,1443,-1110
124000059,331,485,-154
124000060,828,975,-147
124000061,1003,2084,-1081
124000062,8756,1775,6981
124000063,1191,1530,-339
124000064,2490,1913,577
124000065,154,237,-83
124000066,274,65,209
124000067,29,155,-126
124000068,18,91,-73
124000069,188,171,17
124000070,100,699,-599
124000071,70,72,-2
124000072,104,624,-520
124000073,390,80,310
124000074,134,998,-864
124000075,61,21,40
124000076,5,260,-255
124000077,2144,564,1580
124000078,3329,223,3106
124000079,895,768,127
124000080,168,77,91
124000081,100,972,-872
124000082,15,136,-121
124000083,31,239,-208
124000084,26,168,-142
124000085,58,63,-5
124000086,115,61,54
124000087,43,59,-16
124000088,121,249,-128
124000089,340,334,6
124000090,84,454,-370
124000091,176,167,9
124000092,64,902,-838
124000093,92,55,37
124000094,96,315,-219
124000095,49,54,-5
124000096,69,273,-204
124000097,91,71,20
124000098,70,177,-107
124000099,89,90,-1
124000100,12,107,-95
124000101,18,140,-122
124000102,76,121,-45
124000103,26,87,-61
124000104,77,114,-37
124000105,21,42,-21
124000106,122,94,28
124000107,9,52,-43
124000108,61,41,20
124000109,86,46,40
124000110,90,121,-31
124000111,154,119,35
124000112,367,665,-298
124000113,37,79,-42
124000114,142,602,-460
124000115,333,718,-385
124000116,56,81,-25
124000117,66,66,0
124000118,45,57,-12
124000119,901,493,408
124000120,561,606,-45
124000121,2819,776,2043
124000122,627,971,-344
124000123,748,323,425
124000124,582,884,-302
124000125,328,339,-11
124000126,418,579,-161
124000127,411,333,78
124000128,680,1154,-474
124000129,1327,1119,208
124000130,622,600,22
124000131,856,459,397
124000132,852,720,132
124000133,493,682,-189
124000134,543,789,-246
124000135,1176,1084,92
124000136,816,1154,-338
124000137,1047,470,577
124000138,1405,972,433
124000139,373,44,329
124000140,60,598,-538
124000141,258,19,239
124000142,42,775,-733
124000143,33,4,29
124000144,7,241,-234
124000145,28,18,10
124000146,5,145,-140
124000148,7,27,-20
124000149,550,269,281
124000150,314,556,-242
124000151,495,241,254
124000152,570,1101,-531
124000153,340,396,-56
124000154,291,861,-570
124000155,761,650,111
124000156,1169,885,284
124000169,229,287,-58
124000170,629,390,239
124000171,150,200,-50
124000172,227,606,-379
124000173,232,314,-82
124000174,198,747,-549
124000175,5,157,-152
124000176,15,10,5
124000177,27,67,-40
124000178,9,17,-8
124000185,16,2,14
124000186,3,91,-88
124000187,7,163,-156
124000188,22,3,19
124000190,352,29,323
124000191,577,62,515
124000192,1272,215,1057
124000193,362,1089,-727
124000194,348,718,-370
124000195,153,516,-363
124000196,774,1293,-519
124000197,22,74,-52
124000198,11,31,-20
124000201,159,1108,-949
124000202,301,79,222
124000203,88,1139,-1051
124000204,191,481,-290
124000205,19,712,-693
124000206,100,364,-264
124000207,0,67,-67
124000209,185,656,-471
124000210,87,190,-103
124000211,99,2,97
124000212,1,668,-667
124000213,99,423,-324
124000214,129,780,-651
124000215,38,5,33
124000216,1,588,-587
124000329,33,2661,-2628
124000338,22,1269,-1247
124000339,152,58,94
124000341,264,38,226
124000344,74,49,25
124000357,694,1084,-390
124000358,664,847,-183
124000359,582,325,257
124000360,278,283,-5
124000361,589,611,-22
124000362,1247,1885,-638
124000363,252,414,-162
124000364,500,989,-489
124000365,677,1126,-449
124000366,2056,945,1111
124000367,88,682,-594
124000368,164,133,31
124000369,71,81,-10
124000370,66,500,-434
124000402,17,3,14
124000403,13,6,7
124000404,20,85,-65
124000405,944,690,254
124000406,1029,842,187
124000407,4,22,-18
124000411,1,472,-471
124000412,125,7,118
124000413,146,27,119
124000414,14,117,-103
124000415,25,298,-273
124000416,82,402,-320
124000417,109,107,2
124000418,53,122,-69
124000419,67,233,-166
124000420,13,100,-87
124000421,30,414,-384
124000422,34,12,22
124000423,83,21,62
124000424,8,180,-172
124000425,23,4,19
124000426,3,301,-298
124000427,37,15,22
124000428,4,47,-43
124000429,20,91,-71
124000430,466,601,-135
124000431,329,657,-328
124000432,135,938,-803
124000439,2,7,-5
124000443,2,9,-7
124000445,359,266,93
124000446,3476,108,3368
124000447,11,33,-22
124000448,25,9,16
124000449,21,6,15
124000450,7,522,-515
124000451,1,270,-269
124900001,152,230,-78
124900002,73,526,-453
124900003,322,503,-181
124900004,122,289,-167
124900005,143,187,-44
124900006,199,332,-133
124900008,858,419,439
124900009,53,101,-48
124900010,68,24,44
124900011,95,106,-11
124900012,209,92,117
124900013,172,102,70
124900014,172,64,108
124900015,49,89,-40
124900016,10,16,-6
124900017,424,220,204
124900018,2,14,-12
124900020,29,21,8
124900021,55,14,41
124900022,16,7,9
124900024,72,16,56
124900026,141,9,132
124900027,53,111,-58
124900028,506,91,415
124900029,9,282,-273
124900030,0,143,-143
124900031,10,313,-303
124900032,199,150,49
124900033,50,338,-288
124900034,0,117,-117
124900035,84,361,-277
124900036,0,40,-40
124900037,77,343,-266
124900038,296,435,-139
124900039,0,29,-29
124900040,19,63,-44
124900041,162,1333,-1171
124900042,12,0,12
124900043,279,1225,-946
124900044,24,0,24
124900045,477,633,-156
124900047,108,150,-42
124900048,80,191,-111
124900050,93,263,-170
124900052,46,332,-286
124900053,32,373,-341
124900054,2786,247,2539
124900055,1,73,-72
124900057,4,57,-53
124900060,37,245,-208
124900061,29,6,23
124900062,12,5,7
124900066,0,15,-15
124900067,3,183,-180
124900068,145,176,-31
124900070,17,18,-1
124900072,17,17,0
124900075,44,236,-192
124900076,24,272,-248
124900077,14,102,-88
124900078,28,0,28
124900079,634,33,601
124900080,99,793,-694
124900081,355,200,155
124900082,211,1037,-826
124900083,132,613,-481
124900085,1169,159,1010
124900086,36,313,-277
124900087,450,37,413
124900088,586,70,516
124900089,1275,16,1259
124900090,72,150,-78
124900091,152,551,-399
124900092,87,468,-381
124900093,67,180,-113
124900094,94,159,-65
124900095,27,198,-171
124900096,333,72,261
124900097,98,37,61
124900098,72,416,-344
124900099,328,250,78
124900100,67,31,36
124900101,21,699,-678
124900102,56,17,39
124900103,33,341,-308
124900104,32,221,-189
124900105,62,191,-129
124900106,163,26,137
124900107,18,2,16
124900108,153,18,135
124900111,3,49,-46
124900112,49,717,-668
124900113,202,80,122
124900114,430,29,401
124900115,33,44,-11
124900116,48,49,-1
124900117,768,76,692
124900118,133,56,77
124900119,221,82,139
124900120,32,364,-332
124900121,104,106,-2
124900122,547,154,393
124900123,676,47,629
124900124,219,161,58
204000001,52,65,-13
204000002,8,68,-60
204000003,4,4,0
204000004,0,0,0
204000005,335,197,138
204000006,502,580,-78
204000011,13,55,-42
204000012,24,124,-100
204000019,437,409,28
204000020,292,670,-378
204000021,1586,708,878
204000022,240,396,-156
204000023,235,1468,-1233
204000031,89,33,56
204000032,583,41,542
204000034,27,357,-330
204000035,0,3,-3
204000036,11,21,-10
204000037,3,15,-12
204000038,0,49,-49
204000039,3,83,-80
204000040,2,39,-37
204000041,7,71,-64
204000042,7,13,-6
204000043,15,3,12
204000044,26,2,24
204000045,10,28,-18
204000046,24,9,15
204000057,10,55,-45
204000062,3,403,-400
204000068,54,102,-48
204000069,19,125,-106
204000070,28,154,-126
204000080,8,53,-45
204000085,652,1407,-755
204000086,2777,1862,915
204000087,27,21,6
204000088,10,117,-107
204000090,30,548,-518
204000093,179,78,101
204000096,301,508,-207
204000097,170,65,105
204000099,559,883,-324
204000100,427,693,-266
204000105,1681,1222,459
204000110,611,1283,-672
204000111,270,820,-550
204000112,565,1002,-437
204000113,421,858,-437
204000114,452,276,176
204000115,244,329,-85
204000116,597,415,182
204000119,950,935,15
204000132,252,203,49
204000133,404,255,149
204000134,130,130,0
204000135,365,109,256
204000136,131,224,-93
204000138,155,223,-68
204000140,162,101,61
204000141,63,49,14
204000144,5,21,-16
204000145,602,24,578
204000146,87,395,-308
204000147,56,162,-106
204000148,404,21,383
204000154,2,1,1
204000155,2,10,-8
204000177,46,71,-25
204000179,0,4,-4
204000180,0,67,-67
204000222,1,11,-10
204000235,6,15,-9
204000236,77,319,-242
204000238,31,13,18
204000240,361,61,300
204000263,431,1346,-915
204000268,674,306,368
204000308,148,8,140
204000317,18,75,-57
204000322,3,19,-16
204000323,17,7,10
204000328,294,79,215
204000329,121,68,53
204000330,179,104,75
204000331,62,185,-123
205000001,856,1183,-327
205000013,10,143,-133
205000014,14,115,-101
205000015,28,257,-229
205000016,14,193,-179
205000017,24,106,-82
205000022,314,630,-316
205000025,1843,862,981
205000029,131,4,127
205000045,23,150,-127
205000046,17,660,-643
205000047,36,601,-565
205000048,87,1036,-949
205000049,83,810,-727
205000050,1322,274,1048
205000059,0,240,-240
205000060,0,30,-30
205000061,1,31,-30
205000062,2,27,-25
205000063,6,37,-31
205000064,6,107,-101
205000065,40,790,-750
205000066,37,942,-905
205000067,19,1192,-1173
205000069,183,25,158
205000082,123,127,-4
205000110,55,169,-114
205000111,138,240,-102
205000112,80,69,11
205000113,207,233,-26
205000121,69,32,37
205000123,72,209,-137
205000126,155,45,110
205000127,219,50,169
205000128,249,33,216
205000129,149,30,119
205000130,71,6,65
205000131,42,0,42
205000132,93,1,92
205000133,31,0,31
205000134,29,0,29
205000137,141,138,3
205000138,302,286,16
205000139,25,88,-63
205000144,35,35,0
205000145,199,94,105
205000151,35,21,14
205000152,62,15,47
205000153,121,17,104
205000154,20,27,-7
205000155,51,5,46
205000207,42,163,-121
205000233,5,1,4
205000234,0,0,0
205000243,0,2,-2
205000244,0,1,-1
205000245,22,404,-382
205000249,0,28,-28
205000250,4,0,4
205000264,5,116,-111
206000027,16,3,13
206000028,39,3,36
206000043,9,168,-159
206000053,6,9,-3
206000054,29,41,-12
206000055,3,50,-47
206000075,4,2,2
206000076,20,13,7
206000077,28,3,25
206000078,7,8,-1
206000079,38,6,32
206000082,387,17,370
206000100,82,771,-689
206000103,9,50,-41
206000104,17,30,-13
206000105,8,19,-11
206000106,20,43,-23
206000125,29,0,29
206000157,140,859,-719
206000170,1,262,-261
206000171,3,320,-317
206000172,7,1367,-1360
206000173,2,385,-383
206000174,9,251,-242
206000175,2,313,-311
206000176,21,590,-569
206000177,2,347,-345
206000178,1,214,-213
206000179,8,111,-103
206000180,38,327,-289
206000181,7,462,-455
206000182,76,451,-375
206000183,45,1490,-1445
206000184,10,574,-564
206000185,3,467,-464
206000186,199,2149,-1950
206000223,7,357,-350
206000226,22,2,20
206000227,37,2,35
206000237,30,592,-562
206000238,75,953,-878
206000239,756,3151,-2395
206000240,0,57,-57
206000241,0,248,-248
206000242,9,656,-647
206000243,15,520,-505
206000244,110,1314,-1204
206000245,294,52,242
206000246,50,7,43
206000247,74,12,62
206000248,105,13,92
206000252,84,13,71
206000258,16,39,-23
206000315,18,10,8
206000317,230,77,153
206000318,75,52,23
206000319,528,89,439
206000320,36,28,8
206000321,56,13,43
206000322,141,9,132
206000323,76,8,68
206000324,48,12,36
206000325,109,19,90
206000326,47,9,38
206000327,133,9,124
206000328,46,6,40
206000329,89,5,84
206000330,25,11,14
206000331,39,3,36
206000332,26,7,19
206000333,151,5,146
206000334,153,2,151
206000335,1,16,-15
206000361,6,218,-212
206000392,10,72,-62
206000405,96,0,96
206000441,7,12,-5
206000498,14,6,8
206000515,168,16,152
206000530,96,37,59
206000531,66,82,-16
206000532,1603,142,1461
206000535,389,2709,-2320
206000536,39,347,-308
206000537,10,198,-188
206000613,1264,114,1150
206000784,471,34,437
207000001,112,396,-284
207000002,38,310,-272
207000003,129,242,-113
207000007,547,296,251
207000008,38,7,31
207000009,30,41,-11
207000010,448,508,-60
207000012,263,255,8
207000015,321,1842,-1521
207000019,119,70,49
207000021,502,132,370
207000022,60,84,-24
207000023,63,53,10
207000024,4,11,-7
207000025,3,61,-58
207000026,101,55,46
207000027,4,72,-68
207000028,35,252,-217
207000029,194,420,-226
207000033,187,165,22
207000034,201,44,157
207000039,186,162,24
207000040,112,193,-81
207000041,33,56,-23
207000042,165,87,78
207000043,156,247,-91
207000051,67,348,-281
207000052,12,186,-174
207000053,419,710,-291
207000054,37,121,-84
207000055,74,236,-162
207000056,190,448,-258
207000057,136,318,-182
207000058,82,554,-472
207000059,34,1084,-1050
207000060,39,355,-316
207000061,53,143,-90
207000062,110,55,55
207000063,133,200,-67
207000064,222,179,43
207000065,186,237,-51
207000066,74,199,-125
207000067,60,103,-43
207000068,71,57,14
207000069,575,405,170
207000082,56,548,-492
207000083,40,410,-370
207000084,81,163,-82
207000085,80,9,71
207000086,61,6,55
207000106,28,44,-16
207000107,30,25,5
207000108,37,9,28
207000109,38,9,29
207000110,39,18,21
207000111,70,48,22
207000112,102,141,-39
207000114,14,14,0
207000115,21,37,-16
207000116,13,200,-187
207000117,3,121,-118
207000118,0,58,-58
207000119,8,80,-72
207000123,215,18,197
207000124,49,14,35
207000125,43,17,26
207000126,80,20,60
207000134,26,278,-252
207000135,28,393,-365
207000148,28,101,-73
207000149,80,29,51
207000152,129,408,-279
207000153,1039,1004,35
207000154,304,169,135
207000159,34,289,-255
207000160,47,649,-602
207000238,0,47,-47
207000242,4,190,-186
207000248,35,17,18
207000249,138,63,75
207000250,542,73,469
207000251,70,47,23
207000252,35,45,-10
207000278,40,61,-21
207000279,14,202,-188
207000280,134,76,58
207000281,71,1393,-1322
207000282,103,29,74
207000283,126,187,-61
207000284,38,57,-19
207000285,186,44,142
207000291,2,123,-121
207000304,74,59,15
207000306,29,410,-381
207000310,30,97,-67
207000353,90,5,85
207000356,4,19,-15
207000357,5,13,-8
207000358,2,12,-10
207000415,6,182,-176
207000417,10,3,7
207000418,89,164,-75
207000438,0,2,-2
207000439,1354,237,1117
207000446,47,2,45
207000460,9,11,-2
207000466,188,175,13
207000467,109,104,5
207000468,16,522,-506
207000476,2,92,-90
207000477,144,201,-57
207000478,0,13,-13
207000523,0,24,-24
207000524,7,0,7
207000527,124,165,-41
207000530,59,3,56
207000531,77,2,75
207000532,48,6,42
207000534,774,34,740
207000535,38,97,-59
207000537,16,99,-83
207000540,6,218,-212
207000541,3,279,-276
207000548,6,334,-328
207000549,74,5,69
207000561,45,46,-1
207000562,20,190,-170
207000567,130,256,-126
207000568,41,128,-87
207000569,72,1228,-1156
207000584,421,90,331
207000585,81,115,-34
207000587,44,50,-6
207000616,1,260,-259
207000617,38,0,38
207000624,41,11,30
207000631,7,40,-33
207900008,56,284,-228
208000001,209,464,-255
208000002,243,391,-148
208000003,480,379,101
208000004,622,622,0
208000005,4,16,-12
208000019,334,690,-356
208000020,81,412,-331
208000021,60,441,-381
208000022,391,588,-197
208000028,795,711,84
208000033,279,604,-325
208000034,702,1318,-616
208000037,247,26,221
208000040,57,183,-126
208000041,540,443,97
208000042,563,481,82
208000047,77,399,-322
208000064,2108,1018,1090
208000066,1026,563,463
208000070,124,436,-312
208000071,144,802,-658
208000072,162,935,-773
208000080,91,251,-160
208000081,108,161,-53
208000082,176,279,-103
208000083,79,367,-288
208000084,7,6,1
208000085,645,596,49
208000086,330,930,-600
208000087,176,649,-473
208000089,325,601,-276
208000090,367,1058,-691
208000093,27,127,-100
208000094,227,591,-364
208000095,412,281,131
208000104,559,710,-151
208000105,489,893,-404
208000114,43,85,-42
208000115,343,326,17
208000116,137,829,-692
208000117,13,91,-78
208000118,28,83,-55
208000155,371,747,-376
208000158,1533,1732,-199
208000186,2265,1198,1067
208000204,271,705,-434
208000205,642,1184,-542
208000282,2572,814,1758
209000004,91,157,-66
209000005,16,22,-6
209000006,230,92,138
209000007,207,202,5
209000010,334,125,209
209000011,152,154,-2
209000012,232,310,-78
209000013,131,695,-564
209000014,683,1793,-1110
209000025,151,26,125
209000026,406,95,311
209000027,247,1095,-848
209000028,254,1362,-1108
209000029,504,1212,-708
209000030,411,1863,-1452
209000031,4311,2697,1614
209000034,157,219,-62
209000035,100,121,-21
209000036,67,100,-33
209000037,136,200,-64
209000038,72,166,-94
209000039,30,172,-142
209000040,195,430,-235
209000041,171,360,-189
209000042,229,382,-153
209000043,622,466,156
209000044,182,446,-264
209000045,729,292,437
209000046,203,370,-167
209000047,131,151,-20
209000048,145,206,-61
209000049,78,187,-109
209000050,217,224,-7
209000051,136,339,-203
209000052,99,376,-277
209000062,16,188,-172
209000063,8,145,-137
209000064,11,180,-169
209000065,25,48,-23
209000066,29,30,-1
209000067,29,74,-45
209000080,12,145,-133
209000082,45,46,-1
209000091,21,78,-57
209000093,94,48,46
209000094,191,104,87
209000110,36,55,-19
209000111,290,743,-453
209000112,350,324,26
209000113,735,299,436
209000114,152,216,-64
209000115,76,147,-71
209000116,816,609,207
209000118,2,24,-22
209000119,11,9,2
209000121,110,784,-674
209000135,43,71,-28
209000142,790,535,255
209000143,30,56,-26
209000144,15,49,-34
209000229,79,102,-23
209000240,34,470,-436
209000259,117,146,-29
209000260,34,803,-769
209000261,2,480,-478
209000262,0,537,-537
209000263,1,99,-98
209000264,0,26,-26
209000265,199,26,173
209000266,33,1,32
209000267,151,0,151
209000268,327,15,312
210000037,57,26,31
210000047,17,27,-10
210000048,23,34,-11
210000049,60,29,31
210000052,45,172,-127
210000053,13,86,-73
210000054,74,90,-16
210000070,37,1,36
210000071,7,0,7
210000072,33,0,33
210000073,0,25,-25
210000074,1,82,-81
210000075,0,52,-52
210000076,5,161,-156
210000077,26,36,-10
210000078,41,19,22
210000079,19,10,9
210000080,70,39,31
210000081,73,3,70
210000082,59,1,58
210000083,91,3,88
210000084,13,0,13
210000085,1,88,-87
210000086,5,138,-133
210000099,31,190,-159
210000100,35,234,-199
210000101,65,224,-159
210000105,48,146,-98
210000159,0,97,-97
210000163,161,236,-75
210000164,263,65,198
210000168,208,22,186
210000187,0,10,-10
210000188,1,18,-17
210000214,16,0,16
210000219,23,43,-20
210000220,40,83,-43
210000232,1,21,-20
210000233,10,54,-44
210000234,49,125,-76
210000235,17,132,-115
210000245,0,31,-31
210000246,3,1,2
210000258,7,150,-143
210000259,110,10,100
210000282,24,163,-139
210000285,0,128,-128
210000286,8,146,-138
210000290,1,9,-8
210000295,28,142,-114
210000296,30,50,-20
210000320,83,125,-42
210000321,42,117,-75
210000338,51,119,-68
210000339,587,497,90
210000340,93,175,-82
210000341,82,174,-92
210000342,99,175,-76
210000343,107,173,-66
210000344,175,96,79
210000345,127,68,59
210000346,32,46,-14
210000347,51,13,38
210000348,55,17,38
210000349,24,11,13
210000350,53,64,-11
210000351,42,92,-50
210000352,57,104,-47
210000353,29,136,-107
210000354,38,143,-105
210000355,32,95,-63
210000356,23,52,-29
210000357,26,22,4
210000358,355,74,281
210000359,57,58,-1
210000360,92,95,-3
210000361,91,154,-63
210000362,173,149,24
210000363,821,99,722
210000364,83,60,23
210000365,76,54,22
210000366,64,46,18
210000367,28,26,2
210000368,124,15,109
210000369,2,32,-30
210000370,35,56,-21
210000372,26,24,2
210000373,14,9,5
210000374,27,13,14
210000375,19,80,-61
210000376,40,119,-79
210000404,131,130,1
210000439,13,36,-23
210000472,89,4,85
210000482,69,45,24
210000564,657,77,580
210000567,1,27,-26
210000568,466,1,465
211000092,37,80,-43
211000094,92,13,79
211000169,274,11,263
211000172,6,220,-214
211000209,10,23,-13
211000226,8,29,-21
211000270,11,21,-10
211000275,21,40,-19
211000276,44,30,14
211000279,1,94,-93
211000281,14,68,-54
211000302,7,111,-104
211507980,0,13,-13
211977296,4,4,0
212000003,67,47,20
212000004,21,18,3
212000005,18,21,-3
212000006,10,94,-84
212000008,95,265,-170
212000009,5,193,-188
212000012,25,74,-49
212000013,7,28,-21
212000014,178,159,19
212000015,138,253,-115
212000016,282,508,-226
212000027,304,432,-128
212000028,169,361,-192
212000029,127,230,-103
212000030,10,24,-14
212000031,26,68,-42
212000048,26,72,-46
212000049,5,52,-47
212000050,8,8,0
212000051,83,256,-173
212000052,72,436,-364
212000053,223,645,-422
212000054,74,122,-48
212000055,111,312,-201
212000056,7,47,-40
212000057,9,46,-37
212000058,382,43,339
212000070,46,333,-287
212000077,98,811,-713
212000099,139,192,-53
212000108,83,138,-55
212000111,120,134,-14
212000120,90,129,-39
212000138,38,30,8
212000156,3,127,-124
212000158,8,7,1
212000159,123,58,65
212000160,244,210,34
212000161,20,23,-3
212000310,14,18,-4
212000311,5,65,-60
212000374,10,13,-3
213000001,17,622,-605
213000005,321,62,259
213000006,1069,64,1005
213000007,57,3,54
213000009,270,139,131
213000010,120,114,6
213000011,105,91,14
213000012,98,316,-218
213000014,30,8,22
213000015,69,2,67
213000016,75,1,74
213000017,10,0,10
213000018,0,281,-281
213000019,0,198,-198
213000020,74,268,-194
213000021,2,113,-111
213000023,168,132,36
213000033,173,616,-443
213000034,173,255,-82
213000035,57,79,-22
213000045,54,256,-202
213000046,60,174,-114
213000047,311,625,-314
213000056,27,11,16
213000069,34,0,34
213000073,0,9,-9
213000074,161,513,-352
213000075,304,12,292
213000076,12,1,11
213000085,5,36,-31
213000086,8,199,-191
213000091,12,6,6
213000092,16,4,12
213000099,149,790,-641
213000100,1048,153,895
213000101,101,140,-39
213000102,108,448,-340
213000103,438,742,-304
213000104,25,532,-507
213000105,1,60,-59
213000106,20,203,-183
213000107,80,798,-718
213000108,3,493,-490
213000109,2,246,-244
213000110,0,56,-56
213000111,5,43,-38
213000112,173,147,26
213000115,25,1,24
213000116,83,603,-520
213000117,4,734,-730
213000118,187,272,-85
213000119,42,825,-783
213000120,60,771,-711
213000122,161,825,-664
213000123,656,1123,-467
213000124,47,1359,-1312
213000125,116,5,111
213000126,46,61,-15
213000127,253,112,141
213000128,728,427,301
213000129,393,204,189
213000130,190,114,76
213000132,87,73,14
213000133,98,66,32
213000134,454,20,434
213000136,124,32,92
213000137,343,68,275
213000139,295,10,285
213000147,11,0,11
213000148,5,15,-10
213000149,8,5,3
213000150,0,90,-90
213000151,3,64,-61
213000152,1,89,-88
213000153,1,24,-23
213000154,7,296,-289
213000155,16,332,-316
213000156,70,639,-569
213000157,593,592,1
213000158,215,655,-440
213000159,269,537,-268
213000163,330,92,238
213000165,487,77,410
213000171,1,172,-171
213000172,0,333,-333
213000173,1,283,-282
213000174,0,232,-232
213000175,4,139,-135
213000176,3,12,-9
213000177,1,1,0
213000178,17,0,17
213000179,69,1,68
213000180,26,0,26
213000184,37,361,-324
213000188,155,63,92
213000189,88,41,47
213000190,792,511,281
213000191,126,412,-286
213000192,94,561,-467
213000193,1498,130,1368
213000194,0,16,-16
213000195,22,453,-431
213000196,111,623,-512
213000197,209,119,90
213000198,11,1,10
213000200,63,951,-888
213000201,137,78,59
213000202,6,606,-600
213000203,2287,265,2022
213000204,404,17,387
213000205,88,18,70
213000206,88,38,50
213000207,27,11,16
213000208,17,0,17
213000209,20,1,19
213000210,155,2,153
213000211,0,2,-2
213000212,3,23,-20
213000213,3,17,-14
213000218,108,945,-837
213000219,505,15,490
213000220,451,12,439
213000223,192,63,129
213000224,7,23,-16
213000225,16,2,14
213000226,16,3,13
213000227,378,167,211
213000228,69,94,-25
213000229,451,38,413
213000230,224,19,205
213000232,46,483,-437
213000233,5,22,-17
213000234,1,14,-13
213000293,1,40,-39
213000294,17,9,8
213000295,20,77,-57
213000296,81,20,61
213000297,3,58,-55
213000298,14,68,-54
213000299,59,44,15
213000300,7,4,3
213000303,4,37,-33
213000304,2,2,0
213000305,3,14,-11
213000306,28,13,15
213000307,84,136,-52
213000308,42,281,-239
213000309,42,50,-8
213000310,151,88,63
213000311,318,466,-148
213000315,32,132,-100
213000316,25,72,-47
213000322,34,136,-102
213000323,21,83,-62
213000324,7,17,-10
213000325,24,53,-29
213000326,0,6,-6
213000327,2,26,-24
213000328,3,76,-73
213000329,32,15,17
213000340,76,1007,-931
213000341,171,74,97
213000346,184,39,145
213000347,933,67,866
213000348,10,188,-178
213000349,72,13,59
213000350,168,1332,-1164
213000366,17,247,-230
213000367,108,23,85
213000379,130,159,-29
213000386,2,145,-143
213000406,95,307,-212
213000417,542,265,277
213000425,54,45,9
213000426,77,121,-44
213000427,12,332,-320
213000428,15,213,-198
213000429,21,1,20
213000430,60,853,-793
213000431,48,1,47
213000432,0,8,-8
213000433,1,97,-96
213000434,14,85,-71
213000435,49,74,-25
213000436,9,50,-41
213000437,0,2,-2
213000438,35,25,10
213000439,16,8,8
213000440,20,169,-149
213000441,0,0,0
213000442,0,36,-36
213000443,288,241,47
213000444,7,44,-37
213000445,2,90,-88
213000446,5,6,-1
213000447,1,25,-24
213000448,1,68,-67
213000449,59,4,55
213000450,5,38,-33
213000451,27,71,-44
213000452,4,17,-13
213000453,30,253,-223
213000455,328,9,319
213000456,2,268,-266
213000481,11,6,5
213000482,57,1,56
213000489,377,18,359
213000491,0,62,-62
213000492,43,3,40
213000493,0,15,-15
213000494,79,122,-43
213000495,1,143,-142
213000496,120,175,-55
213000497,28,280,-252
213000498,62,232,-170
213000499,59,710,-651
213000500,116,109,7
213000501,33,9,24
213000502,75,26,49
213000503,1,69,-68
213000504,4,160,-156
213000505,3,14,-11
213000506,0,4,-4
213000507,0,186,-186
213900244,4,0,4
213900245,0,38,-38
218000003,9,22,-13
218000004,7,19,-12
218000005,12,20,-8
218000006,23,47,-24
218000007,2,23,-21
218000012,280,136,144
218000013,99,150,-51
218000014,587,313,274
218000019,875,365,510
218000020,374,399,-25
218000021,18,55,-37
218000022,4,37,-33
218000023,1,29,-28
218000024,2,9,-7
218000025,3,15,-12
218000026,3,37,-34
218000027,1,6,-5
218000028,1,5,-4
218000029,2,2,0
218000030,4,13,-9
218000031,0,42,-42
218000032,1,23,-22
218000040,3,1,2
218000046,25,248,-223
218000047,8,233,-225
218000048,59,291,-232
218000049,79,186,-107
218000050,229,379,-150
218000051,29,366,-337
218000052,4,80,-76
218000053,0,21,-21
218000054,57,26,31
218000055,4,17,-13
218000056,10,44,-34
218000057,3,51,-48
218000064,1,5,-4
218000065,18,70,-52
218000066,12,63,-51
218000067,21,58,-37
218000068,52,105,-53
218000069,90,229,-139
218000070,141,343,-202
218000071,185,289,-104
218000072,305,212,93
218000078,414,1190,-776
218000079,21,37,-16
218000080,45,81,-36
218000081,151,268,-117
218000082,12,143,-131
218000083,17,85,-68
218000084,48,164,-116
218000085,112,470,-358
218000086,12,169,-157
218000087,96,245,-149
218000090,4,32,-28
218000091,566,420,146
218000092,24,170,-146
218000093,58,120,-62
218000094,339,894,-555
218000099,285,370,-85
218000100,201,328,-127
218000101,134,154,-20
218000102,132,398,-266
218000103,50,263,-213
218000104,20,62,-42
218000105,25,16,9
218000106,14,21,-7
218000107,23,164,-141
218000108,2,64,-62
218000112,38,11,27
218000117,10,40,-30
218000134,218,758,-540
218000135,13,85,-72
218000136,67,31,36
218000137,54,154,-100
218000138,4,92,-88
218000139,42,341,-299
218000140,98,192,-94
218000141,14,39,-25
218000142,66,141,-75
218000143,12,179,-167
218000144,21,73,-52
218000145,135,418,-283
218000146,15,94,-79
218000151,15,11,4
218000152,33,38,-5
218000153,0,0,0
218000154,0,0,0
218000155,0,0,0
218000156,0,0,0
218000157,0,0,0
218000158,0,0,0
218000159,0,0,0
218000160,0,0,0
218000161,0,0,0
218000162,0,0,0
218000163,0,0,0
218000164,0,0,0
218000165,0,0,0
218000170,2,17,-15
218000171,28,20,8
218000172,8,16,-8
218000173,52,24,28
218000174,2,2,0
218000176,73,20,53
218000177,200,47,153
218000178,65,62,3
218000179,49,54,-5
218000180,16,24,-8
218000181,65,22,43
218000187,5,3,2
218000188,82,36,46
218000189,12,42,-30
218000190,5,28,-23
218000191,52,80,-28
218000192,80,367,-287
218000193,194,511,-317
218000194,51,483,-432
218000195,75,98,-23
218000196,168,289,-121
218000197,102,351,-249
218000198,9,173,-164
218000199,12,34,-22
218000200,52,40,12
218000201,18,4,14
218000202,134,143,-9
218000207,15,124,-109
218000208,25,39,-14
218000211,40,14,26
218000212,0,1,-1
218000213,81,60,21
218000214,8,13,-5
218000215,39,116,-77
218000217,0,107,-107
218000218,175,91,84
218000219,7,15,-8
218000220,76,220,-144
218000221,368,159,209
218000222,41,14,27
218000223,52,68,-16
218000224,2,33,-31
218000225,138,16,122
218000226,27,28,-1
218000230,0,1,-1
218000232,42,79,-37
218000239,27,0,27
218000240,3,3,0
218000241,5,0,5
218000242,2,0,2
218000243,2,2,0
218000244,15,1,14
218000245,4,1,3
218000246,3,1,2
218000247,1,0,1
218000248,0,28,-28
218000249,0,2,-2
218000250,0,12,-12
218000251,0,18,-18
218000252,1,29,-28
218000253,1,12,-11
218000254,0,18,-18
218000255,2,12,-10
218000256,2,33,-31
218000267,888,1276,-388
218000268,1,72,-71
218000269,2,10,-8
218000270,22,100,-78
218000271,38,91,-53
218000273,2,14,-12
218000274,14,8,6
218000275,8,23,-15
218000276,5,46,-41
218000278,13,22,-9
218000279,31,87,-56
218000280,4,55,-51
218000281,9,9,0
218000282,400,202,198
218000284,98,10,88
218000301,13,120,-107
218000302,33,33,0
218000303,16,63,-47
218000316,736,1451,-715
218000317,477,1353,-876
218000318,188,1103,-915
218000319,651,1614,-963
218000320,610,799,-189
218000338,11,33,-22
218000345,97,73,24
218000346,64,138,-74
218000459,61,345,-284
218000490,9,13,-4
218000501,15,40,-25
218000502,16,181,-165
218000503,27,8,19
218000504,77,13,64
218000505,19,250,-231
218000506,27,175,-148
218000508,1,1,0
218000510,161,10,151
218000520,39,120,-81
218000521,4,101,-97
218000522,0,118,-118
218000523,57,15,42
218000524,56,114,-58
218000525,36,12,24
218000526,40,74,-34
218000529,15,256,-241
218000530,0,0,0
218000531,2,34,-32
218000532,18,42,-24
218000534,57,18,39
218000537,33,55,-22
218000538,52,128,-76
218000540,219,82,137
218000543,73,52,21
218000544,43,122,-79
218000545,13,54,-41
218000546,40,122,-82
218000547,56,94,-38
218000548,89,183,-94
218000549,457,66,391
218000550,382,563,-181
218000551,383,216,167
218000552,697,34,663
218000553,34,61,-27
218000554,33,20,13
218000555,7,42,-35
218000556,83,474,-391
218000557,171,152,19
218000558,69,0,69
218000559,0,10,-10
218000560,0,12,-12
218000561,7,0,7
218000562,13,161,-148
218000563,74,20,54
218000564,4,100,-96
218000565,239,22,217
218000566,389,19,370
218000567,18,51,-33
218000568,3,4,-1
218000569,11,57,-46
218000570,202,12,190
218000571,3,94,-91
218000572,18,0,18
218000573,59,57,2
218000574,308,75,233
218000575,27,1,26
218000576,1,82,-81
218000577,15,1,14
218000578,3,124,-121
218000579,16,1,15
218000581,1,34,-33
218000582,9,5,4
218000583,0,0,0
218000584,0,16,-16
218000585,11,1,10
218000586,3,38,-35
218000587,0,0,0
218000588,0,2,-2
218000589,0,0,0
218000590,0,0,0
218000591,0,1,-1
218000592,0,1,-1
218000593,0,0,0
218000594,0,0,0
218000596,0,0,0
218000597,0,0,0
218000598,0,0,0
218000599,0,0,0
218000600,0,0,0
218000601,0,0,0
218000602,0,0,0
218000603,0,0,0
218000604,4,0,4
218000605,0,19,-19
218000606,17,0,17
218000607,8,14,-6
218000608,11,5,6
218000609,0,48,-48
218000610,31,0,31
218000611,8,1,7
218000612,0,47,-47
218000613,6,3,3
218000614,1,63,-62
218000615,24,3,21
218000616,0,161,-161
218000617,10,0,10
218000618,0,29,-29
218000619,6,5,1
218000620,3,35,-32
218000621,0,0,0
218000622,0,3,-3
218000623,2,0,2
218000624,0,10,-10
218000625,10,2,8
218000626,0,12,-12
218000628,51,51,0
218000631,14,19,-5
218000632,0,58,-58
218000633,29,0,29
218000634,7,25,-18
218000635,5,7,-2
218000636,495,1586,-1091
218000637,413,695,-282
218000638,45,49,-4
218000639,9,173,-164
218000640,61,37,24
218000641,27,307,-280
218000652,121,183,-62
218000653,103,46,57
218000663,1,140,-139
218000675,15,54,-39
218000676,1,16,-15
218000677,0,0,0
218000680,198,569,-371
218000681,258,117,141
218000691,93,456,-363
218000693,70,119,-49
218000703,2,26,-24
218000718,973,265,708
218000719,1229,28,1201
218000720,1,34,-33
218000721,34,7,27
218000725,2,2,0
218001147,1,327,-326
218001214,3,20,-17
218001258,31,0,31
218001329,163,111,52
218001330,144,115,29
218001351,35,18,17
218001352,10,15,-5
218001353,6,4,2
218001354,0,37,-37
218001355,16,413,-397
218001356,97,9,88
218001357,11,293,-282
218001358,116,1,115
218001361,49,9,40
218001362,0,268,-268
219000001,10,88,-78
219000002,26,86,-60
219000003,48,41,7
219000004,74,44,30
219000017,47,27,20
219000020,72,15,57
219000022,85,2,83
219000023,55,0,55
219000029,2,105,-103
219000034,8,4,4
219000039,9,58,-49
219000040,16,7,9
219000041,164,40,124
219000051,1,45,-44
219000052,0,23,-23
219000053,2,261,-259
219000054,23,158,-135
219000055,41,0,41
219000056,3,0,3
219000057,25,0,25
219000062,5,95,-90
219000063,43,13,30
219000064,3,45,-42
219000110,193,45,148
219000111,136,38,98
219000112,160,75,85
219000113,117,53,64
219000114,537,16,521
219000116,59,40,19
219000117,113,175,-62
219000118,45,67,-22
219000123,223,111,112
219000124,37,61,-24
219000125,8,28,-20
219000126,46,155,-109
219000127,3,12,-9
219000128,12,74,-62
219000129,48,106,-58
219000130,1109,639,470
219000131,1037,871,166
219000133,36,16,20
219000134,6,18,-12
219000135,21,45,-24
219000136,74,141,-67
219000138,29,8,21
219000139,10,58,-48
219000140,10,3,7
219000141,18,189,-171
219000142,25,133,-108
219000143,14,161,-147
219000145,9,46,-37
219000146,9,72,-63
219000147,0,59,-59
219000148,1,107,-106
219000149,30,274,-244
219000150,3,168,-165
219000151,1,105,-104
219000157,253,171,82
219000158,88,199,-111
219000161,134,18,116
219000163,1473,495,978
219000166,50,108,-58
219000167,68,253,-185
219000168,743,131,612
219000174,227,87,140
219000175,31,2,29
219000176,39,3,36
219000177,7,2,5
219000178,7,9,-2
219000179,7,2,5
219000180,31,25,6
219000182,64,11,53
219000183,16,39,-23
219000184,28,1,27
219000185,1,122,-121
219000186,13,51,-38
219000187,19,162,-143
219000189,216,115,101
219000190,199,243,-44
219000191,1605,723,882
219000192,146,115,31
219000193,456,141,315
219000195,1,95,-94
219000196,5,186,-181
219000198,34,189,-155
219000199,108,218,-110
219000200,25,256,-231
219000201,99,254,-155
219000203,12,112,-100
219000204,161,189,-28
219000205,69,252,-183
219000207,364,226,138
219000209,28,142,-114
219000210,71,129,-58
219000213,9,253,-244
219000239,205,290,-85
219000240,199,381,-182
219000241,57,297,-240
219000242,124,255,-131
219000243,70,314,-244
219000244,9,103,-94
219000245,49,40,9
219000246,37,11,26
219000247,37,34,3
219000248,387,166,221
219000249,210,38,172
219000250,62,29,33
219000251,299,96,203
219000252,102,109,-7
219000253,68,31,37
219000255,76,53,23
219000256,75,50,25
219000257,55,1,54
219000262,93,281,-188
219000263,57,288,-231
219000267,2,205,-203
219000268,3,15,-12
219000269,2,3,-1
219000270,1,0,1
219000271,42,5,37
219000278,2,16,-14
219000279,0,1,-1
219000283,1,15,-14
219000295,10,121,-111
219000296,51,740,-689
219000297,21,207,-186
219000298,28,272,-244
219000299,420,53,367
219000300,38,394,-356
219000301,202,369,-167
219000302,29,182,-153
219000307,56,48,8
219000308,42,29,13
219000311,74,47,27
219000312,204,43,161
219000313,102,32,70
219000314,133,679,-546
219000315,70,25,45
219000316,199,11,188
219000317,32,3,29
219000320,1,48,-47
219000321,0,20,-20
219000323,5,127,-122
219000325,2,37,-35
219000326,73,132,-59
219000327,51,46,5
219000328,29,45,-16
219000329,256,92,164
219000330,32,41,-9
219000331,30,53,-23
219000332,55,63,-8
219000333,7,5,2
219000335,34,1,33
219000337,9,0,9
219000338,55,1,54
219000344,33,119,-86
219000345,119,162,-43
219000346,19,238,-219
219000348,55,168,-113
219000349,32,255,-223
219000350,23,57,-34
219000351,0,3,-3
219000352,151,56,95
219000353,88,60,28
219000354,97,119,-22
219000355,81,57,24
219000356,1701,300,1401
219000363,270,32,238
219000364,51,16,35
219000365,93,11,82
219000366,265,83,182
219000368,298,349,-51
219000370,862,128,734
219000371,20,11,9
219000382,3,14,-11
219000383,865,690,175
219000385,600,471,129
219000386,1057,1120,-63
219000387,1,1,0
219000390,1,0,1
219000391,4,0,4
219000397,107,126,-19
219000398,89,23,66
219000401,4,80,-76
219000402,18,101,-83
219000403,37,151,-114
219000404,20,79,-59
219000407,2,16,-14
219000409,19,27,-8
219000410,17,23,-6
219000411,17,10,7
219000446,247,701,-454
219000447,1,35,-34
219000448,1,8,-7
219000452,77,49,28
219000453,79,113,-34
219000454,202,160,42
219000556,76,36,40
219000558,88,367,-279
219000590,9,160,-151
219000591,19,31,-12
219000592,89,425,-336
219000595,0,31,-31
219000635,39,22,17
219000636,5,126,-121
219000657,34,32,2
219000658,18,56,-38
219000673,1,18,-17
219000676,3,0,3
219000679,48,47,1
219000684,26,5,21
219000685,0,0,0
219000686,2,0,2
219000688,0,106,-106
219000689,75,189,-114
219000690,148,15,133
219000691,94,118,-24
219000692,51,24,27
219000693,0,19,-19
219000694,4,0,4
219000695,4,0,4
219000698,9,0,9
219000699,0,6,-6
219000727,1,364,-363
219000728,62,3,59
219000770,11,1,10
219000771,0,42,-42
219000788,237,194,43
219001150,1,11,-10
219001151,210,70,140
219001166,35,4,31
219001167,1,59,-58
219001178,12,2,10
220000001,13,35,-22
220000002,8,174,-166
220000003,335,349,-14
220000004,462,735,-273
220000005,1458,1502,-44
220000006,136,1128,-992
220000007,186,1117,-931
220000008,184,1457,-1273
220000009,126,609,-483
220000010,111,141,-30
220000011,577,1446,-869
220000012,38,126,-88
220000014,42,103,-61
220000015,19,153,-134
220000017,12,320,-308
220000018,4210,665,3545
220000019,48,241,-193
220000020,83,237,-154
220000021,307,179,128
220000022,335,430,-95
220000023,115,161,-46
220000024,1352,296,1056
220000025,365,359,6
220000026,173,124,49
220000027,12,60,-48
220000028,17,24,-7
220000029,42,110,-68
220000030,46,83,-37
220000031,60,291,-231
220000064,10,740,-730
221000046,4,0,4
221000047,0,5,-5
221000048,0,0,0
221000049,0,15,-15
221000050,7,0,7
221000055,47,37,10
221000057,60,9,51
221000068,231,81,150
221000069,154,41,113
221000070,53,5,48
221000071,39,10,29
221000072,87,23,64
221000073,132,54,78
221000074,4,16,-12
221000075,15,6,9
221000076,8,41,-33
221000077,35,72,-37
221000081,11,3,8
221000082,28,2,26
221000083,28,6,22
221000084,7,4,3
221000085,3,51,-48
221000086,14,131,-117
221000087,2,161,-159
221000088,19,138,-119
221000089,31,208,-177
221000090,107,423,-316
221000098,88,14,74
221000099,95,12,83
221000100,65,7,58
221000101,288,7,281
221000102,83,8,75
221000109,3,66,-63
221000110,4,114,-110
221000111,33,142,-109
221000112,1,137,-136
221000113,16,165,-149
221000114,16,175,-159
221000120,1,19,-18
221000121,0,27,-27
221000122,2,15,-13
221000123,10,33,-23
221000124,26,316,-290
221000155,87,5,82
221000156,30,27,3
221000175,0,8,-8
221000176,3,7,-4
221000182,42,3,39
221000241,562,150,412
221000242,202,294,-92
221000243,321,101,220
221000244,151,342,-191
221000245,50,101,-51
221000246,29,238,-209
221000247,13,143,-130
221000248,34,185,-151
221000267,31,702,-671
221000325,78,35,43
221000331,0,72,-72
221000338,7,10,-3
221000378,122,16,106
221000381,79,81,-2
222000282,2,1,1
222000296,5,5,0
222000568,149,6,143
222000569,72,11,61
222000570,40,8,32
222000571,67,1,66
222000577,5,218,-213
222000578,9,166,-157
222000579,18,91,-73
222000580,114,772,-658
222000599,0,149,-149
222000600,3,337,-334
222000601,7,840,-833
222000603,11,12,-1
222000604,8,20,-12
222000605,1,8,-7
222000606,0,4,-4
222000607,1,4,-3
222000608,0,25,-25
222000609,25,329,-304
222000616,49,38,11
222000617,1,2,-1
222000618,0,3,-3
222000620,12,12,0
222000621,9,4,5
222000623,363,1,362
222000624,156,0,156
222000625,191,43,148
222000636,14,1,13
222000686,8,6,2
222000687,36,29,7
222001066,88,1,87
222001067,1,1,0
222001068,7,11,-4
222001069,4,14,-10
222001082,3,44,-41
222001083,3,54,-51
222001084,0,70,-70
222001085,0,86,-86
222001111,3,253,-250
222001112,18,6,12
222001313,8,5,3
222001314,2,78,-76
222001464,51,49,2
222001465,6,235,-229
222001484,49,54,-5
222001485,8,83,-75
222001494,80,76,4
222001495,103,476,-373
222001496,111,50,61
222001497,106,674,-568
222001502,22,92,-70
222001503,8,4,4
222001504,13,253,-240
222001505,22,2,20
222001506,39,226,-187
222001507,30,2,28
222001510,41,4,37
222001511,23,385,-362
222001514,165,30,135
222001515,145,631,-486
222001518,10,9,1
222001519,21,388,-367
222001527,58,8,50
222001528,66,170,-104
222001529,33,8,25
222001530,23,162,-139
222001533,199,417,-218
222001534,15,16,-1
222001535,78,95,-17
222001536,85,430,-345
222001537,73,11,62
222001538,27,505,-478
222001563,61,36,25
222001564,21,855,-834
222001568,103,90,13
222001576,0,1,-1
222001579,2,4,-2
222001583,5,262,-257
222001584,46,21,25
222001596,400,1383,-983
222001597,550,116,434
222001626,1,208,-207
222001650,52,65,-13
222001651,35,61,-26
222001914,66,14,52
222001915,44,183,-139
222001968,368,140,228
222001969,549,915,-366
222001970,26,166,-140
222001971,1,16,-15
222001972,0,30,-30
225000001,540,67,473
225000002,181,60,121
225000003,230,91,139
225000004,111,138,-27
225000005,27,40,-13
225000006,0,105,-105
225000007,3018,928,2090
225000010,65,2,63
225000011,297,438,-141
225000012,90,252,-162
225000013,29,101,-72
225000014,378,34,344
225000015,138,203,-65
225000021,442,85,357
225000027,216,508,-292
225000032,472,81,391
225000042,56,598,-542
225000049,20,62,-42
225000050,36,11,25
225000053,2,147,-145
225000058,300,98,202
225000067,114,213,-99
225000068,49,487,-438
225000069,267,460,-193
225000070,64,507,-443
225000071,15,303,-288
225000075,27,645,-618
225000076,99,76,23
225000078,47,17,30
225000085,25,80,-55
225000086,70,14,56
225000087,112,8,104
225000088,9,163,-154
225000089,417,371,46
225000090,27,280,-253
225000091,37,223,-186
225000092,13,82,-69
225000093,109,426,-317
225000094,7,452,-445
225000095,263,550,-287
225000096,81,378,-297
225000098,232,132,100
225000099,147,94,53
225000100,112,58,54
225000104,45,410,-365
225000110,4,428,-424
225000111,130,990,-860
225000112,171,887,-716
225000113,79,527,-448
225000114,28,268,-240
225000115,2341,362,1979
225000116,947,59,888
225000117,481,228,253
225000118,399,147,252
225000119,57,54,3
225000120,272,32,240
225000121,160,19,141
225000123,522,8,514
225000125,126,243,-117
225000126,769,202,567
225000127,870,470,400
225000128,196,310,-114
225000132,134,10,124
225000133,203,17,186
225000134,434,40,394
225000135,23,3,20
225000136,64,10,54
225000137,32,38,-6
225000138,203,16,187
225000143,65,154,-89
225000144,2,326,-324
225000145,11,44,-33
225000146,17,126,-109
225000147,13,337,-324
225000148,4,183,-179
225000149,30,355,-325
225000151,18,316,-298
225000155,112,243,-131
225000156,107,513,-406
225000157,93,300,-207
225000158,43,349,-306
225000171,0,175,-175
225000180,12,4,8
225000181,0,37,-37
225000182,43,5,38
225000185,17,254,-237
225000187,49,398,-349
225000191,10,2,8
225000194,0,7,-7
225000208,0,69,-69
225000209,26,15,11
225000210,6,188,-182
225000217,1,28,-27
225000218,11,0,11
225000223,0,59,-59
225000224,65,0,65
225000225,0,8,-8
225000226,8,1,7
225000227,35,75,-40
225000228,6,0,6
225000229,1,103,-102
225000230,0,0,0
225000231,0,126,-126
225000232,27,0,27
225000241,40,1,39
225000242,3,63,-60
225000249,2,1,1
225000250,25,915,-890
225000251,164,7,157
226000042,324,338,-14
226000043,51,224,-173
226000044,85,685,-600
226000045,72,374,-302
226000046,187,31,156
226000047,202,43,159
226000048,249,37,212
226000049,121,59,62
226000070,0,65,-65
226000071,0,47,-47
226000072,0,13,-13
226000073,0,11,-11
226000074,1,9,-8
226000084,1,41,-40
226000085,1,4,-3
226000086,3,8,-5
226000087,0,9,-9
226000088,6,6,0
226000090,17,18,-1
226000091,1,6,-5
226000092,0,1,-1
226000093,16,5,11
226000094,8,1,7
226000095,2,0,2
226000105,0,0,0
226000106,6,0,6
226000107,6,1,5
226000108,14,1,13
226000109,38,0,38
226000124,69,37,32
226000134,256,314,-58
226000135,636,491,145
226000136,111,233,-122
226000137,19,441,-422
226000138,7,328,-321
226000139,0,25,-25
226000156,49,9,40
226000157,60,11,49
226000163,38,28,10
226000202,5,419,-414
226000231,131,8,123
226000232,26,5,21
227000033,237,31,206
227000036,116,10,106
227000037,77,8,69
227000038,104,14,90
227000049,0,17,-17
227000050,0,44,-44
227000055,14,1,13
227000056,1,0,1
227000084,1,38,-37
227000085,1,23,-22
227000088,36,2,34
227000089,54,3,51
227000090,14,0,14
227000091,4,0,4
227000093,18,0,18
227000094,2,0,2
227000130,20,53,-33
227000131,15,285,-270
227000132,19,289,-270
227000133,10,298,-288
227000134,9,494,-485
227000152,0,3,-3
227000153,0,33,-33
227000155,0,12,-12
227000156,0,19,-19
227000165,2,25,-23
227000196,98,363,-265
227000199,70,556,-486
227000230,31,551,-520
227000232,194,7,187
227000242,45,447,-402
227000243,355,53,302
227000245,16,414,-398
227000246,71,448,-377
227000247,198,55,143
227000248,90,39,51
227000249,19,289,-270
227000250,481,168,313
227000251,143,393,-250
227000252,10,375,-365
227000253,50,46,4
227000262,210,13,197
227000266,356,19,337
227000267,72,2407,-2335
227000282,4,297,-293
227000284,116,14,102
227000286,1,121,-120
227000287,12,175,-163
227000291,9,693,-684
227000484,487,18,469
227000485,13,657,-644
227000655,48,11,37
227000656,503,14,489
227000657,33,27,6
227000661,252,7,245
227000680,52,18,34
229000265,3,29,-26
229000296,1,12,-11
229000297,9,16,-7
229000298,7,88,-81
229000320,4,5,-1
229000321,7,3,4
229000412,4,44,-40
229000414,3,39,-36
229000415,2,0,2
229000416,0,3,-3
229000417,3,13,-10
229000419,42,133,-91
229000440,95,52,43
229000442,2,1,1
229000443,0,4,-4
229000444,0,21,-21
229000445,13,12,1
229000446,10,11,-1
229000491,1,10,-9
229000492,7,61,-54
229000493,0,46,-46
229000494,5,4,1
229000495,25,3,22
229000496,6,1,5
229000507,0,7,-7
229000508,0,1,-1
229000509,0,6,-6
229000510,0,3,-3
229000511,0,8,-8
229000512,0,11,-11
229000513,0,2,-2
229000514,0,1,-1
229000517,0,1,-1
229000518,3,15,-12
229000519,0,3,-3
229000520,2,17,-15
229000521,0,1,-1
229000522,0,1,-1
229000523,0,0,0
229000524,0,0,0
229000527,1,0,1
229000528,0,0,0
229000529,3,0,3
229000530,10,0,10
229000531,2,3,-1
229000532,7,0,7
229000533,37,1,36
229000534,26,0,26
229000564,12,0,12
229000565,0,0,0
229000566,0,5,-5
229000567,0,12,-12
229000582,36,0,36
229000583,2,1,1
229000584,0,4,-4
229000585,0,8,-8
229000718,0,0,0
229000719,0,1,-1
229000720,0,2,-2
229000721,0,4,-4
229000722,0,5,-5
229000723,0,8,-8
229000724,0,0,0
229000725,0,1,-1
229000738,0,0,0
229000739,0,0,0
229000740,0,0,0
229000741,1,0,1
229000742,1,0,1
229000743,2,0,2
229000744,0,0,0
229000745,1,0,1
229000746,1,0,1
229000847,6,0,6
229000848,6,0,6
229000849,28,0,28
229000851,8,0,8
229000854,1,76,-75
229000856,0,170,-170
229000857,0,59,-59
229000858,2,119,-117
229000919,2,111,-109
229000930,0,179,-179
229000937,87,35,52
229000966,34,31,3
229000981,9,86,-77
229000985,2,14,-12
229000986,1,2,-1
229000987,0,0,0
229000988,1,2,-1
229000989,0,0,0
229000990,0,0,0
229000991,0,0,0
229000992,1,2,-1
229000993,86,4,82
229000998,28,20,8
229000999,48,6,42
229001034,0,16,-16
229001035,2,0,2
229001037,22,6,16
229001042,5,5,0
229001047,3,23,-20
229001050,32,50,-18
229001168,0,2,-2
229001200,1,0,1
229001338,0,7,-7
229001394,294,4,290
229001422,108,18,90
229001423,37,196,-159
229001431,58,29,29
229001432,64,87,-23
229001444,73,23,50
229001445,25,119,-94
229001479,0,0,0
229001503,99,89,10
229001504,62,253,-191
229001505,74,67,7
229001506,28,261,-233
229001509,6,20,-14
229001545,42,6,36
229001546,3,135,-132
229001553,35,21,14
229001554,10,117,-107
229001559,2,21,-19
229001560,2,20,-18
229001630,47,12,35
229001631,5,41,-36
229001635,0,11,-11
229001636,0,0,0
229001658,4,79,-75
229001659,150,0,150
229001660,0,0,0
229001661,0,11,-11
229001662,17,0,17
229001663,0,19,-19
229002584,80,70,10
229002831,93,71,22
229002841,0,24,-24
229002842,5,13,-8
229002843,2,7,-5
229002844,2,30,-28
229002845,12,59,-47
229002846,5,11,-6
229002847,1,9,-8
229002848,2,3,-1
229002849,1,36,-35
229002850,2,0,2
229002851,8,58,-50
229002852,15,22,-7
229002853,13,12,1
229002854,4,48,-44
229002855,9,65,-56
229002856,14,12,2
229002857,1,26,-25
229002858,1,1,0
229002859,2,20,-18
229002860,6,4,2
229002861,13,9,4
229002862,9,26,-17
229002863,2,9,-7
229002864,0,15,-15
229002865,0,5,-5
229002866,4,9,-5
229002867,0,11,-11
229002868,3,11,-8
229002869,5,84,-79
229002870,12,9,3
235000066,272,96,176
235000067,79,119,-40
235000072,13,56,-43
235000073,70,198,-128
235000074,18,84,-66
235000080,7,50,-43
235000081,80,193,-113
235000082,60,102,-42
235000083,80,98,-18
235000084,8,27,-19
235000085,33,43,-10
235000089,11,60,-49
235000092,4,127,-123
235000093,1,1,0
235000097,24,1,23
235000098,44,22,22
235000099,38,40,-2
235000116,48,19,29
235000117,686,7,679
235000133,6,159,-153
235000134,7,73,-66
235000206,2,3,-1
235000207,3,1,2
235000208,0,0,0
235000209,1,1,0
235000210,4,3,1
235000212,0,17,-17
235000213,2,7,-5
235000220,0,1,-1
235000221,12,12,0
235000238,1,10,-9
235000239,2,1,1
235000242,133,187,-54
235000245,1123,164,959
235000246,5,39,-34
235000284,3,74,-71
235000295,11,2,9
235000305,23,1,22
235000306,14,1,13
235000307,6,0,6
235000308,2,0,2
235000309,7,0,7
235000310,7,0,7
235000311,21,6,15
235000322,0,27,-27
235000323,0,43,-43
235000324,0,5,-5
235000325,0,16,-16
235000326,5,302,-297
235000351,1,65,-64
235000352,19,55,-36
235000353,2,32,-30
235000354,1,42,-41
235000355,1,61,-60
235000356,14,7,7
235000357,22,4,18
235000358,7,1,6
235000359,1,2,-1
235000360,15,3,12
235000361,12,3,9
235000381,41,350,-309
235000382,50,51,-1
235000390,16,3,13
235000391,64,20,44
235000392,52,157,-105
235000393,48,48,0
235000395,27,28,-1
235000396,191,51,140
235000400,45,112,-67
235000401,19,178,-159
235000405,55,519,-464
235000406,38,345,-307
235000407,61,96,-35
235000409,291,161,130
235000410,30,156,-126
235000411,3,66,-63
235000485,0,7,-7
235000486,4,0,4
235000549,22,50,-28
235000550,30,156,-126
235000599,25,54,-29
235000600,6,11,-5
235000601,21,29,-8
235000602,33,78,-45
235000614,1,5,-4
235000648,0,21,-21
235000649,14,0,14
235000685,0,2,-2
235000815,4,26,-22
235000834,0,5,-5
235000855,34,36,-2
235000862,20,228,-208
235000891,0,9,-9
235000892,24,23,1
235000901,50,50,0
235000907,4,7,-3
235001010,19,44,-25
235001029,718,274,444
235001030,395,144,251
235001078,61,91,-30
235001079,83,130,-47
235001147,32,20,12
235001166,8,41,-33
235001167,1,48,-47
235001169,4,210,-206
235001188,2,7,-5
235001189,0,0,0
235001197,6,34,-28
235001200,34,26,8
235001207,152,58,94
235001210,22,418,-396
235001215,34,287,-253
235001239,1,32,-31
235001244,0,2,-2
235016267,0,8,-8
277101746,0,1,-1
277102712,0,0,0
277103813,1,0,1
277103814,0,0,0
277103898,0,0,0
277104249,0,8,-8
277104250,0,2,-2
277104251,0,13,-13
277104252,0,0,0
990011530,0,283,-283
990014944,2,459,-457
990015176,8,1,7
990015618,2,39,-37
990016032,0,337,-337
990032570,0,48,-48
990070001,15,0,15
990070103,0,5,-5
990070601,0,32,-32
990070751,118,0,118
990070766,4,938,-934
990071180,178,101,77
990071343,5,0,5
990071387,0,5,-5
990071823,120,2,118
990072600,1,559,-558
990072964,3,598,-595
990073285,0,2,-2
990074393,5,963,-958
990074870,193,2,191
990075106,193,4,189
990075746,60,0,60
990076437,138,6,132
990076458,5,1219,-1214
997000007,79,19,60
997000041,1,128,-127
997000058,8,1,7
997000062,25,0,25
997000069,0,6,-6
997000070,0,53,-53
997000100,0,0,0
997000141,0,155,-155
997000198,475,177,298
998000475,0,24,-24
998000736,0,276,-276
998000965,0,5,-5
998001031,0,47,-47
998001700,0,33,-33
998001899,0,1,-1
998001900,0,0,0
998003073,255,8,247
998101900,0,0,0
998102850,0,70,-70
998501927,187,267,-80
998501929,57,2,55
998501930,39,0,39
998501931,35,2,33
998501932,40,23,17
998501933,39,24,15
998501937,0,1,-1
998501944,91,78,13
998501950,0,4,-4
998501970,2,2,0
998501971,0,44,-44
998501973,0,57,-57
998501974,0,243,-243
998501975,38,0,38
998501976,33,0,33
998501977,1,26,-25
998501978,32,20,12
998501979,0,12,-12
998501980,81,0,81
998501981,24,12,12
998501982,0,64,-64
998501983,0,1,-1
998502006,3,0,3
998502024,0,5,-5
998502032,0,5,-5
998502062,9,0,9
998502063,0,0,0
998502173,33,0,33
998502269,0,3,-3
998502546,4,83,-79
998502578,1,2,-1
998502599,72,81,-9
998502621,0,0,0
998601159,0,338,-338
998601292,0,7,-7
999033574,1,677,-676
999800001,11,0,11
999800002,0,3,-3
999800003,0,7,-7
999800004,0,8,-8
999800005,0,5,-5
