ID,insum,outsum,diff
100000001,595,433,162
100000002,1525,480,1045
100000003,5436,1860,3576
100000004,1561,688,873
100000005,1460,2209,-749
100000006,430,85,345
100000007,1187,371,816
100000008,185,486,-301
100000009,162,119,43
100000010,42,32,10
100000011,640,67,573
100000012,72,654,-582
100000013,33,157,-124
100000014,324,292,32
100000015,1155,1045,110
100000016,1057,1038,19
100000017,661,861,-200
100000018,1095,511,584
100000019,4834,1426,3408
100000020,1629,2740,-1111
100000021,5934,1753,4181
100000022,1511,701,810
100000023,5476,705,4771
100000025,2478,399,2079
100000028,1596,685,911
100000029,301,219,82
100000030,511,30,481
100000031,4830,4049,781
100000032,2352,2081,271
100000033,660,1507,-847
100000034,635,245,390
100000035,1924,652,1272
100000036,2661,750,1911
100000037,418,392,26
100000038,1067,744,323
100000039,491,144,347
100000040,129,96,33
100000041,654,276,378
100000042,558,293,265
100000043,640,250,390
100000044,388,653,-265
100000045,518,1200,-682
100000046,666,1140,-474
100000047,292,717,-425
100000048,321,553,-232
100000049,1623,2545,-922
100000051,334,1068,-734
100000053,23,1,22
100000054,167,26,141
100000055,480,206,274
100000056,208,545,-337
100000057,1295,782,513
100000058,691,1288,-597
100000059,4,80,-76
100000060,228,270,-42
100000061,1371,384,987
100000062,1373,416,957
100000063,378,234,144
100000064,696,303,393
100000065,439,1001,-562
100000066,194,981,-787
100000067,317,859,-542
100000068,452,1594,-1142
100000069,231,1858,-1627
100000072,543,616,-73
100000073,906,1249,-343
100000075,523,305,218
100000076,2119,1384,735
100000077,641,121,520
100000078,78,18,60
100000079,33,35,-2
100000080,7,20,-13
100000081,99,30,69
100000102,2372,1015,1357
100000103,3628,623,3005
100000104,5102,959,4143
100000105,3367,523,2844
100000106,2198,1271,927
100000107,667,311,356
100000108,736,858,-122
100000109,3223,945,2278
100000116,1328,457,871
100000117,21,29,-8
100000118,1009,667,342
100000119,537,446,91
100000121,201,508,-307
100000122,838,604,234
100000123,3396,3541,-145
100000124,6062,4649,1413
100000125,2691,577,2114
100000126,566,187,379
100000127,1585,285,1300
100000128,657,793,-136
100000129,426,331,95
100000130,280,560,-280
100000131,3087,2173,914
100000132,1515,1422,93
100000133,7121,2319,4802
100000135,335,569,-234
100000139,203,298,-95
100000140,140,228,-88
100000142,363,497,-134
100000143,1673,923,750
100000144,4003,979,3024
100000147,868,1766,-898
100000150,5,449,-444
100000151,589,490,99
100000153,284,167,117
100000154,104,59,45
100000155,13,39,-26
100000156,59,53,6
100000157,46,349,-303
100000158,84,135,-51
100000159,398,317,81
100000165,1015,575,440
100000169,761,269,492
100000174,1570,421,1149
100000179,75,575,-500
100000180,775,1042,-267
100000181,69,197,-128
100000188,86,280,-194
100000189,484,249,235
100000190,467,307,160
100000191,490,359,131
100000192,77,68,9
100000193,115,131,-16
100000330,2085,486,1599
100000355,164,476,-312
100000362,4478,3129,1349
100000363,1869,2897,-1028
100000364,332,116,216
100000365,2931,5707,-2776
100000366,3416,1802,1614
100000367,2254,3252,-998
100000368,1865,1605,260
100000369,939,908,31
100000370,120,301,-181
100000376,81,76,5
100000379,2438,804,1634
100000380,3188,1417,1771
100000384,4770,2173,2597
100000385,5465,2449,3016
100000386,8889,2700,6189
100000387,7372,3105,4267
100000388,9936,3257,6679
100000389,9157,3185,5972
100000390,9585,2349,7236
100000391,6479,3074,3405
100000392,3472,1015,2457
100000393,1557,1149,408
100000394,6060,2411,3649
100000395,3312,1050,2262
100000396,4740,1306,3434
100000397,2580,1454,1126
100000398,9426,6398,3028
100000413,39,6,33
100900002,2,52,-50
100900003,202,42,160
100900004,21,671,-650
100900005,96,7,89
100900006,3,208,-205
100900007,475,3,472
100900008,2,434,-432
100900009,22,26,-4
100900010,21,168,-147
100900011,45,298,-253
100900012,1,200,-199
100900013,308,20,288
100900014,6,6,0
100900015,142,55,87
100900016,1,58,-57
100900017,410,35,375
100900018,0,13,-13
100900019,13,42,-29
100900020,225,1,224
100900021,181,0,181
100900022,3,7,-4
100900023,0,13,-13
100900024,821,3,818
100900025,11,9,2
100900026,53,138,-85
100900027,425,1306,-881
100900028,85,132,-47
100900029,122,21,101
100900030,3,7,-4
100900031,207,53,154
100900032,100,2,98
100900033,195,109,86
100900034,217,0,217
100900035,638,1,637
100900036,25,0,25
100900037,35,292,-257
100900038,45,13,32
100900039,689,890,-201
100900040,153,909,-756
100900041,424,882,-458
100900042,417,178,239
100900043,0,9,-9
100900044,2323,306,2017
100900045,61,0,61
100900046,413,4,409
100900047,805,87,718
100900048,70,13,57
100900049,100,230,-130
100900050,1,16,-15
100900051,63,46,17
100900052,66,18,48
100900053,141,29,112
100900054,12,138,-126
100900055,142,315,-173
100900056,64,224,-160
100900057,317,505,-188
100900058,129,20,109
100900059,33,5,28
100900060,68,14,54
100900061,313,171,142
100900062,1,55,-54
100900063,92,233,-141
100900064,343,5,338
100900065,52,50,2
100900066,44,56,-12
100900067,1,8,-7
100900068,82,149,-67
100900069,375,1,374
100900070,115,5,110
100900071,607,194,413
100900072,3,89,-86
100900073,51,524,-473
100900074,0,11,-11
100900075,2047,222,1825
100900076,24,43,-19
100900077,2,168,-166
100900078,63,133,-70
100900079,16,39,-23
100900080,8,200,-192
100900081,19,74,-55
100900082,64,801,-737
100900083,0,44,-44
100900085,7,36,-29
100900086,112,377,-265
100900088,47,737,-690
100900089,17,30,-13
100900090,66,263,-197
100900091,1,17,-16
100900092,108,110,-2
100900093,97,222,-125
100900094,64,653,-589
100900095,0,49,-49
100900096,14,39,-25
100900097,4,10,-6
100900098,16,16,0
100900099,24,590,-566
100900100,8,208,-200
100900101,338,28,310
100900102,8,16,-8
100900103,2,21,-19
100900104,10,115,-105
100900105,2,56,-54
100900106,50,2,48
100900107,1458,357,1101
100900108,5,3,2
100900109,4,37,-33
100900110,4,31,-27
100900111,60,96,-36
100900112,0,14,-14
100900113,3,20,-17
100900114,2,17,-15
100900115,2,15,-13
100900116,547,343,204
100900117,174,501,-327
100900118,11,42,-31
100900119,6,51,-45
100900120,1,34,-33
100900121,166,289,-123
100900122,140,163,-23
100900123,74,93,-19
100900124,6,8,-2
100900125,12,54,-42
100900126,91,167,-76
100900127,1,6,-5
100900128,83,96,-13
100900129,0,44,-44
100900131,37,116,-79
100900133,22,43,-21
100900134,1,6,-5
100900135,0,72,-72
100900137,223,147,76
100900138,407,272,135
100900139,5,12,-7
100900140,9,738,-729
100900141,0,235,-235
100900142,2,3,-1
100900143,923,235,688
100900144,16,3,13
100900145,25,95,-70
100900146,1,14,-13
100900147,11,150,-139
100900148,31,1030,-999
100900149,13,85,-72
100900150,4,14,-10
100900151,89,465,-376
100900152,91,4,87
100900153,0,127,-127
100900154,0,18,-18
100900155,4,9,-5
100900156,11,1,10
100900157,3,85,-82
100900159,2,12,-10
100900160,10,12,-2
100900161,97,2,95
100900162,13,120,-107
100900163,138,166,-28
100900164,20,25,-5
100900165,34,52,-18
100900166,27,0,27
100900167,15,63,-48
100900168,11,89,-78
100900169,159,915,-756
100900170,14,4,10
100900171,15,645,-630
100900172,1,6,-5
100900173,8,580,-572
100900174,270,75,195
100900176,1001,76,925
100900177,767,201,566
100900178,303,102,201
100900179,71,27,44
100900180,1,1,0
100900181,123,37,86
100900182,18,7,11
100900184,0,164,-164
100900186,822,433,389
100900187,11,161,-150
100900188,42,2,40
100900189,525,122,403
100900191,974,565,409
100900192,278,217,61
100900195,80,76,4
100900197,15,111,-96
100900198,12,281,-269
100900199,22,14,8
100900200,465,336,129
100900201,42,667,-625
100900202,24,0,24
100900203,1,95,-94
100900204,103,102,1
100900205,80,290,-210
100900206,49,25,24
100900207,99,86,13
100900210,87,711,-624
100900211,235,50,185
100900213,24,4,20
100900214,834,72,762
100900215,5,40,-35
100900217,148,58,90
101000001,3967,2162,1805
101000002,3528,3033,495
101000003,734,1265,-531
101000004,8189,5829,2360
101000005,2387,3509,-1122
101000006,8548,5663,2885
101000007,1806,2287,-481
101000008,3348,2483,865
101000009,1017,1990,-973
101000010,722,1269,-547
101000011,1857,587,1270
101000012,1884,466,1418
101000013,455,724,-269
101000014,503,582,-79
101000015,719,726,-7
101000016,328,329,-1
101000017,385,398,-13
101000018,3865,2150,1715
101000020,3711,927,2784
101000021,1119,179,940
101000022,309,62,247
101000023,1608,666,942
101000025,120,238,-118
101000026,404,18,386
101000027,1423,1284,139
101000028,811,153,658
101000029,40,643,-603
101000030,671,58,613
101000031,466,96,370
101000032,5286,1576,3710
101000033,2378,1725,653
101000034,2632,790,1842
101000035,1158,229,929
101000036,1828,320,1508
101000037,5030,904,4126
101000039,3232,1040,2192
101000040,4179,2523,1656
101000041,13332,2397,10935
101000042,748,474,274
101000043,9497,1995,7502
101000045,1804,213,1591
101000046,2115,449,1666
101000047,1025,792,233
101000048,673,817,-144
101000049,705,710,-5
101000050,1956,589,1367
101000051,2415,893,1522
101000052,1673,337,1336
101000053,892,1206,-314
101000054,1357,1094,263
101000055,1274,727,547
101000056,48,72,-24
101000057,2874,456,2418
101000058,2186,621,1565
101000059,3651,1467,2184
101000060,2077,253,1824
101000061,1138,975,163
101000062,1123,375,748
101000063,549,450,99
101000064,1333,323,1010
101000065,250,288,-38
101000066,321,188,133
101000067,686,280,406
101000068,386,180,206
101000069,308,31,277
101000070,1557,850,707
101000071,2064,705,1359
101000072,925,2716,-1791
101000073,671,405,266
101000074,3752,2324,1428
101000075,5551,3394,2157
101000077,896,1279,-383
101000078,810,1506,-696
101000079,365,575,-210
101000080,495,468,27
101000081,1058,1096,-38
101000082,3346,2314,1032
101000083,1553,1426,127
101000084,1293,1240,53
101000085,1398,844,554
101000086,1134,1126,8
101000087,878,1202,-324
101000088,808,779,29
101000089,772,1192,-420
101000090,2250,1646,604
101000091,371,1849,-1478
101000092,750,1047,-297
101000093,1281,687,594
101000094,520,1072,-552
101000095,223,708,-485
101000096,243,583,-340
101000097,339,296,43
101000098,358,429,-71
101000099,773,975,-202
101000100,879,434,445
101000101,299,295,4
101000102,736,223,513
101000103,694,338,356
101000104,219,295,-76
101000105,835,295,540
101000106,754,493,261
101000107,159,348,-189
101000108,1319,312,1007
101000109,122,54,68
101000110,27,624,-597
101000111,100,239,-139
101000113,141,354,-213
101000114,2991,963,2028
101000115,82,162,-80
101000116,142,143,-1
101000117,518,315,203
101000119,190,31,159
101000120,267,19,248
101000121,86,19,67
101000122,71,39,32
101000123,41,50,-9
101000124,167,307,-140
101000125,174,390,-216
101000128,910,329,581
101000130,209,256,-47
101000131,381,721,-340
101000132,410,1673,-1263
101000135,66,4,62
101000136,231,154,77
101000137,20,142,-122
101000141,2198,1321,877
101000147,900,650,250
101000148,2604,4,2600
101000149,209,112,97
101000150,38,1117,-1079
101000151,103,90,13
101000152,311,267,44
101000153,532,436,96
101000154,113,1683,-1570
101000155,143,173,-30
101000156,16,283,-267
101000157,42,25,17
101000160,45,55,-10
101000163,152,91,61
101000164,625,435,190
101000165,183,356,-173
101000166,277,361,-84
101000168,612,332,280
101000252,1063,683,380
101000254,467,29,438
101000258,53,5,48
101000261,48,204,-156
101000262,688,782,-94
101000263,174,450,-276
101000265,50,588,-538
101000266,278,246,32
101000269,120,5,115
101000290,1831,1561,270
101000293,26,81,-55
101000294,424,460,-36
101000295,184,439,-255
101000301,898,209,689
101000304,1703,2109,-406
101000305,2138,1378,760
101000328,86,272,-186
101900001,7,57,-50
101900002,0,10,-10
101900003,77,124,-47
101900004,11,35,-24
101900005,4940,975,3965
101900006,706,15,691
101900007,380,31,349
101900008,103,183,-80
101900009,26,307,-281
101900010,988,399,589
101900011,263,1235,-972
101900012,80,243,-163
101900013,1215,111,1104
101900017,28,119,-91
101900018,1716,190,1526
101900019,239,90,149
101900020,75,52,23
101900021,0,37,-37
101900022,74,1492,-1418
101900023,59,282,-223
101900026,103,34,69
101900027,2,105,-103
102000001,1964,3292,-1328
102000002,2448,1240,1208
102000003,3581,4098,-517
102000004,8303,2199,6104
102000005,1228,1798,-570
102000006,1739,1445,294
102000007,1311,3288,-1977
102000008,5258,1658,3600
102000009,4732,6003,-1271
102000010,5447,3090,2357
102000011,2142,1830,312
102000012,3015,3096,-81
102000018,3008,2199,809
102000019,2595,1215,1380
102000026,226,507,-281
102000029,339,177,162
102000030,51,239,-188
102000031,14,232,-218
102000032,220,379,-159
102000033,148,417,-269
102000034,433,381,52
102000035,895,531,364
102000036,5,163,-158
102000037,146,91,55
102000038,181,70,111
102000039,110,50,60
102000040,542,95,447
102000041,113,137,-24
102000042,130,54,76
102000043,299,173,126
102000044,366,475,-109
102000045,640,1060,-420
102000046,719,352,367
102000047,508,1069,-561
102000048,153,722,-569
102000049,797,553,244
102000050,849,921,-72
102000051,286,452,-166
102000052,1016,799,217
102000053,486,673,-187
102000054,298,839,-541
102000055,608,1091,-483
102000056,530,1449,-919
102000057,1066,483,583
102000058,1028,2144,-1116
102000059,1158,1415,-257
102000060,946,920,26
102000061,947,2598,-1651
102000062,861,1378,-517
102000063,1096,1465,-369
102000064,440,541,-101
102000065,44,129,-85
102000066,911,1068,-157
102000067,1654,2559,-905
102000068,9708,2707,7001
102000069,35,2068,-2033
102000070,2156,75,2081
102000071,7457,8676,-1219
102000072,2829,5252,-2423
102000073,597,1246,-649
102000074,566,872,-306
102000075,251,320,-69
102000076,227,416,-189
102000077,315,1300,-985
102000078,684,865,-181
102000079,81,286,-205
102000080,164,197,-33
102000081,200,868,-668
102000082,716,248,468
102000083,274,763,-489
102000084,126,426,-300
102000085,1419,1394,25
102000086,946,1112,-166
102000087,589,2347,-1758
102000088,161,238,-77
102000089,743,485,258
102000090,419,1132,-713
102000091,1228,465,763
102000092,522,795,-273
102000093,734,635,99
102000094,1024,577,447
102000095,867,834,33
102000096,806,642,164
102000097,927,808,119
102000098,568,811,-243
102000099,738,468,270
102000100,1157,734,423
102000101,1266,328,938
102000102,290,1578,-1288
102000103,1024,345,679
102000104,929,331,598
102000105,189,846,-657
102000106,527,889,-362
102000107,636,643,-7
102000108,350,205,145
102000109,320,624,-304
102000110,499,1662,-1163
102000111,1,360,-359
102000112,117,51,66
102000113,8,23,-15
102000114,981,360,621
102000115,193,149,44
102000116,335,242,93
102000117,231,441,-210
102000118,1440,867,573
102000119,2696,497,2199
102000120,86,489,-403
102000121,892,491,401
102000122,379,739,-360
102000123,1313,795,518
102000124,752,866,-114
102000125,796,728,68
102000126,541,606,-65
102000127,906,677,229
102000128,472,889,-417
102000129,843,981,-138
102000130,399,573,-174
102000131,1013,558,455
102000132,400,505,-105
102000133,868,2233,-1365
102000134,476,714,-238
102000135,856,617,239
102000136,930,425,505
102000137,939,694,245
102000138,223,378,-155
102000139,75,340,-265
102000140,237,194,43
102000141,112,460,-348
102000142,148,390,-242
102000143,52,507,-455
102000144,124,436,-312
102000145,245,395,-150
102000146,226,342,-116
102000147,271,252,19
102000148,178,246,-68
102000149,148,607,-459
102000150,205,189,16
102000151,96,371,-275
102000152,109,118,-9
102000153,784,275,509
102000154,320,553,-233
102000155,88,186,-98
102000156,400,50,350
102000157,119,99,20
102000158,481,366,115
102000159,1398,249,1149
102000161,4572,1276,3296
102000162,237,134,103
102000163,69,371,-302
102000164,1182,736,446
102000165,213,126,87
102000166,32,65,-33
102000167,156,163,-7
102000168,225,86,139
102000169,70,439,-369
102000170,539,123,416
102000171,121,74,47
102000172,59,210,-151
102000173,272,179,93
102000174,48,48,0
102000175,108,126,-18
102000176,21,31,-10
102000178,254,552,-298
102000179,217,229,-12
102000180,486,575,-89
102000181,328,725,-397
102000182,353,723,-370
102000183,1020,2036,-1016
102000184,1088,788,300
102000185,1476,1766,-290
102000186,691,1785,-1094
102000187,525,1751,-1226
102000188,592,1521,-929
102000189,2593,915,1678
102000190,544,1923,-1379
102000191,1233,548,685
102000192,577,975,-398
102000193,33,185,-152
102000194,54,143,-89
102000195,255,663,-408
102000196,104,626,-522
102000197,307,609,-302
102000198,130,974,-844
102000199,425,459,-34
102000200,226,1357,-1131
102000201,416,573,-157
102000202,1,141,-140
102000203,148,299,-151
102000204,199,914,-715
102000205,528,699,-171
102000206,491,687,-196
102000207,807,489,318
102000208,300,580,-280
102000209,29,46,-17
102000210,182,502,-320
102000211,272,538,-266
102000212,119,14,105
102000213,4,376,-372
102000214,132,17,115
102000215,2,654,-652
102000216,27,38,-11
102000217,13,232,-219
102000218,85,97,-12
102000219,375,341,34
102000225,778,644,134
102000226,4546,785,3761
102000227,106,2,104
102000228,1,111,-110
102000229,22,23,-1
102000230,287,678,-391
102000231,253,386,-133
102000232,9,163,-154
102000233,315,624,-309
102000234,101,1274,-1173
102000236,225,78,147
102000237,582,159,423
102000238,152,298,-146
102000240,657,538,119
102000241,139,83,56
102000243,8,70,-62
102000245,30,167,-137
102000246,21,26,-5
102000247,2243,1104,1139
102000248,1034,944,90
102000249,119,159,-40
102000250,60,499,-439
102000254,72,395,-323
102000266,64,168,-104
102000271,7,0,7
102000286,389,339,50
102000297,1353,729,624
102000301,0,0,0
102000303,0,0,0
102000305,0,0,0
102000307,0,10,-10
102900001,1289,1089,200
102900002,223,33,190
102900003,17,340,-323
102900005,193,373,-180
102900006,470,248,222
102900007,250,24,226
102900008,181,89,92
102900009,440,176,264
102900010,524,567,-43
102900011,1761,245,1516
102900012,273,38,235
102900013,28,112,-84
102900015,644,177,467
102900016,26,144,-118
102900017,111,732,-621
102900018,34,194,-160
102900019,217,470,-253
102900020,61,48,13
102900021,10,104,-94
102900022,367,63,304
102900023,16,44,-28
102900024,9,25,-16
102900025,256,109,147
102900026,535,1332,-797
102900027,21,46,-25
102900028,80,416,-336
102900029,140,83,57
102900030,238,163,75
102900031,125,152,-27
102900032,26,116,-90
102900033,108,171,-63
102900034,197,156,41
102900035,59,416,-357
102900036,162,625,-463
102900037,131,693,-562
102900038,369,604,-235
102900039,107,379,-272
102900040,105,231,-126
102900041,52,202,-150
102900042,118,371,-253
102900043,74,232,-158
102900044,473,1788,-1315
102900045,80,478,-398
102900046,86,301,-215
102900047,51,710,-659
102900048,473,740,-267
102900049,77,330,-253
102900050,225,339,-114
102900051,152,190,-38
102900053,327,701,-374
102900054,766,704,62
102900055,35,110,-75
102900056,140,460,-320
102900057,2,27,-25
102900058,232,46,186
102900059,10,43,-33
102900060,78,416,-338
102900061,88,465,-377
102900062,118,1333,-1215
102900063,632,474,158
102900064,91,298,-207
102900065,1695,495,1200
102900066,292,40,252
102900068,106,76,30
102900070,94,577,-483
102900072,6,22,-16
102900073,104,8,96
102900075,34,28,6
102900076,320,58,262
102900077,34,22,12
102900078,41,63,-22
102900079,164,10,154
102900080,205,27,178
102900081,89,265,-176
102900082,4,248,-244
102900083,301,8,293
102900084,4,29,-25
102900085,181,46,135
102900086,3,34,-31
102900087,32,70,-38
102900088,10,33,-23
102900089,267,97,170
102900090,4,424,-420
102900091,61,0,61
102900092,203,812,-609
102900094,8,55,-47
102900095,110,0,110
102900096,14,17,-3
102900097,106,280,-174
103000001,2007,2448,-441
103000002,1772,1882,-110
103000003,2857,2301,556
103000004,928,584,344
103000005,1784,2080,-296
103000006,612,1322,-710
103000007,481,848,-367
103000008,815,1132,-317
103000009,659,817,-158
103000010,182,198,-16
103000011,1636,992,644
103000012,912,1336,-424
103000013,5688,1941,3747
103000014,1129,1462,-333
103000015,2669,884,1785
103000016,561,863,-302
103000017,140,325,-185
103000018,1023,368,655
103000019,177,157,20
103000020,1633,1110,523
103000021,1254,1538,-284
103000022,811,1085,-274
103000023,476,1165,-689
103000024,134,207,-73
103000025,51,348,-297
103000026,1658,119,1539
103000027,236,398,-162
103000028,699,438,261
103000029,360,160,200
103000030,1830,530,1300
103000031,1468,1349,119
103000032,1866,1813,53
103000033,2169,2024,145
103000034,1302,782,520
103000035,342,936,-594
103000036,397,424,-27
103000037,557,438,119
103000038,464,700,-236
103000039,202,504,-302
103000040,223,1051,-828
103000041,1447,3028,-1581
103000042,744,753,-9
103000043,309,1301,-992
103000044,124,267,-143
103000046,224,421,-197
103000047,447,693,-246
103000048,107,144,-37
103000049,55,218,-163
103000050,598,766,-168
103000051,301,542,-241
103000052,845,474,371
103000053,136,470,-334
103000054,1654,1214,440
103000055,1346,1605,-259
103000056,590,2869,-2279
103000057,441,329,112
103000058,282,929,-647
103000059,296,650,-354
103000060,710,867,-157
103000061,422,799,-377
103000062,832,913,-81
103000063,483,532,-49
103000064,98,306,-208
103000065,4,352,-348
103000066,118,11,107
103000069,173,374,-201
103000070,575,1391,-816
103000071,634,400,234
103000072,101,934,-833
103000073,377,97,280
103000074,435,82,353
103000075,140,830,-690
103000076,201,192,9
103000077,67,386,-319
103000078,1460,375,1085
103000079,1478,452,1026
103000080,1405,210,1195
103000081,597,705,-108
103000082,366,133,233
103000083,86,336,-250
103000084,132,4,128
103000085,4,125,-121
103000086,753,277,476
103000087,112,364,-252
103000088,376,291,85
103000089,209,345,-136
103000090,1762,1048,714
103000091,541,383,158
103000092,221,300,-79
103000093,255,568,-313
103000094,195,116,79
103000095,34,395,-361
103000096,1029,100,929
103000097,44,619,-575
103000098,1091,154,937
103000099,376,532,-156
103000100,89,920,-831
103000101,474,108,366
103000102,105,694,-589
103000103,478,263,215
103000104,70,144,-74
103000105,78,134,-56
103000106,6,131,-125
103000107,194,48,146
103000108,679,502,177
103000109,380,334,46
103000110,393,375,18
103000111,452,239,213
103000112,269,243,26
103000113,573,530,43
103000114,863,331,532
103000115,453,607,-154
103000116,346,557,-211
103000117,235,456,-221
103000118,1248,1087,161
103000119,1803,712,1091
103000120,56,90,-34
103000121,484,657,-173
103000122,448,304,144
103000125,2,531,-529
103000126,324,7,317
103000127,3,354,-351
103000128,74,2,72
103000129,0,193,-193
103000130,40,20,20
103000131,191,96,95
103000132,53,104,-51
103000133,1,142,-141
103000134,864,561,303
103000135,811,227,584
103000136,853,348,505
103000137,510,555,-45
103000138,902,677,225
103000139,0,66,-66
103000140,185,27,158
103000141,14,147,-133
103000142,194,68,126
103000143,38,198,-160
103000144,172,68,104
103000145,7,12,-5
103000150,73,45,28
103000152,328,196,132
103000153,220,134,86
103000156,0,590,-590
103000157,206,6,200
103000159,66,44,22
103000162,97,19,78
103000163,18,24,-6
103000164,40,17,23
103000165,172,540,-368
103000166,166,170,-4
103000167,133,118,15
103000168,62,138,-76
103000169,157,274,-117
103000170,343,444,-101
103000171,31,59,-28
103000172,223,335,-112
103000173,246,860,-614
103000174,119,375,-256
103000175,155,479,-324
103000176,678,265,413
103000177,670,496,174
103000178,343,268,75
103000179,106,38,68
103000183,77,41,36
103000185,43,101,-58
103000186,50,170,-120
103000187,187,802,-615
103000188,20,53,-33
103000189,790,900,-110
103000191,541,575,-34
103000292,2279,724,1555
103000293,1410,1182,228
103000295,121,51,70
103000296,141,1,140
103000297,14,9,5
103000504,135,10,125
103000505,11,5,6
103000506,2,213,-211
103000507,120,2,118
103000508,55,21,34
103000509,201,524,-323
103900001,9,394,-385
103900002,1857,177,1680
103900003,1490,66,1424
103900004,23,5,18
103900005,3,254,-251
103900006,3,0,3
103900007,34,4,30
103900008,23,0,23
103900009,122,328,-206
103900010,138,264,-126
103900011,89,236,-147
103900012,5,13,-8
103900013,39,70,-31
103900014,18,19,-1
103900015,20,12,8
103900016,274,242,32
103900017,14,84,-70
103900018,721,142,579
103900019,44,170,-126
103900020,143,308,-165
103900021,747,50,697
103900022,706,589,117
103900023,50,2,48
103900024,97,546,-449
103900025,9,42,-33
103900026,21,0,21
103900027,451,296,155
103900028,18,222,-204
103900029,727,126,601
103900030,167,20,147
103900031,7,2,5
103900032,59,24,35
103900033,49,5,44
103900034,13,236,-223
103900035,40,55,-15
103900036,34,14,20
103900037,37,18,19
103900038,64,93,-29
103900039,21,477,-456
103900040,7,217,-210
103900041,57,36,21
103900042,16,472,-456
103900043,87,140,-53
103900044,171,143,28
103900045,158,203,-45
103900047,39,40,-1
103900048,36,38,-2
103900049,253,1294,-1041
103900050,2,60,-58
103900051,0,27,-27
103900052,132,676,-544
103900053,88,974,-886
103900054,33,671,-638
103900055,257,219,38
103900056,24,55,-31
103900057,28,299,-271
103900058,105,801,-696
103900059,0,2,-2
103900060,28,188,-160
103900061,62,64,-2
103900062,150,71,79
103900063,4,0,4
103900064,59,1,58
103900065,758,301,457
103900066,67,10,57
103900067,72,4,68
103900068,2,0,2
103900069,39,5,34
103900070,133,297,-164
103900071,30,180,-150
103900072,3,340,-337
103900073,17,20,-3
103900074,53,91,-38
103900075,116,79,37
103900076,230,845,-615
103900077,46,61,-15
103900078,119,122,-3
103900079,156,241,-85
103900080,13,24,-11
103900081,148,21,127
103900082,3,124,-121
103900083,2052,409,1643
103900084,50,118,-68
103900085,99,147,-48
103900086,264,229,35
103900088,403,205,198
103900089,46,203,-157
103900090,3,249,-246
103900091,815,273,542
103900092,327,615,-288
103900093,63,386,-323
103900094,5,137,-132
103900095,168,171,-3
103900096,11,282,-271
103900097,6,545,-539
103900098,130,65,65
103900099,34,297,-263
103900100,129,360,-231
103900101,32,1021,-989
103900102,1,36,-35
103900104,2,24,-22
103900105,100,180,-80
103900106,0,16,-16
103900107,40,259,-219
103900108,45,440,-395
103900109,36,94,-58
103900110,147,66,81
103900111,34,694,-660
103900112,13,53,-40
103900113,134,193,-59
103900114,461,305,156
103900115,181,92,89
103900116,7203,1622,5581
103900117,254,136,118
103900119,17,33,-16
103900120,26,105,-79
103900122,22,340,-318
103900123,1517,458,1059
103900124,32,603,-571
103900125,43,74,-31
103900126,310,525,-215
103900127,75,703,-628
103900128,41,194,-153
103900131,11,168,-157
103900133,727,18,709
103900134,1,0,1
103900135,34,12,22
103900137,3,61,-58
103900138,24,409,-385
103900139,307,891,-584
103900140,4,45,-41
103900141,230,91,139
103900142,41,248,-207
103900143,15,1,14
103900144,0,98,-98
103900145,176,309,-133
103900146,282,354,-72
103900147,276,112,164
103900148,102,238,-136
103900149,131,885,-754
103900150,7494,2115,5379
103900151,35,156,-121
103900152,194,680,-486
103900153,1,0,1
103900154,1045,756,289
103900155,17,217,-200
103900156,12,196,-184
103900157,12,312,-300
103900158,55,237,-182
103900159,68,76,-8
103900160,15,30,-15
103900161,40,195,-155
103900162,61,179,-118
103900163,2,389,-387
103900167,8,62,-54
103900168,66,133,-67
103900169,37,36,1
103900170,2,121,-119
103900171,0,66,-66
103900172,4,46,-42
103900173,11,19,-8
103900174,66,66,0
103900175,57,43,14
103900176,35,15,20
103900177,13,40,-27
103900178,16,100,-84
103900179,18,228,-210
103900180,3,117,-114
103900181,60,35,25
103900182,49,17,32
103900184,549,39,510
103900185,182,121,61
103900187,99,51,48
103900188,27,15,12
103900189,56,12,44
103900190,63,64,-1
103900191,18,33,-15
103900192,20,82,-62
103900193,150,121,29
103900194,21,359,-338
103900195,10,35,-25
103900196,19,13,6
103900197,1,29,-28
103900198,19,48,-29
103900199,84,106,-22
103900200,111,144,-33
103900201,74,195,-121
103900202,4,49,-45
103900203,44,25,19
103900204,6,145,-139
103900207,3,191,-188
103900208,23,1,22
103900209,8,119,-111
103900210,11,21,-10
103900211,298,677,-379
103900212,35,480,-445
103900213,81,267,-186
103900214,197,103,94
103900215,771,267,504
103900216,8,473,-465
103900217,281,75,206
103900218,4,259,-255
103900219,100,338,-238
103900233,64,6,58
103900235,39,20,19
103900236,43,3,40
103900242,17,17,0
103900243,8,10,-2
103900244,70,352,-282
103900245,77,210,-133
103900246,49,24,25
103900247,51,145,-94
103900248,15,31,-16
103900249,35,20,15
103900250,37,26,11
103900251,1,37,-36
103900253,32,59,-27
103900254,2,16,-14
103900255,15,13,2
103900256,48,51,-3
103900257,88,159,-71
103900258,36,3,33
103900259,57,3,54
103900261,8,3,5
103900262,14,2,12
103900263,55,61,-6
103900264,59,9,50
103900265,112,20,92
103900266,0,45,-45
103900267,4,40,-36
103900268,6,164,-158
103900269,79,50,29
103900270,42,165,-123
103900271,64,200,-136
103900272,57,72,-15
103900273,11,74,-63
103900274,32,12,20
103900275,19,3,16
103900276,2,112,-110
103900277,2,118,-116
103900278,7,52,-45
103900279,0,9,-9
103900280,0,163,-163
104000001,1697,1942,-245
104000002,1252,2372,-1120
104000003,1886,2152,-266
104000004,2884,2532,352
104000005,936,1706,-770
104000006,2477,2804,-327
104000007,3722,3550,172
104000008,245,563,-318
104000009,96,127,-31
104000010,137,199,-62
104000011,883,480,403
104000012,88,478,-390
104000013,126,134,-8
104000014,226,811,-585
104000015,207,196,11
104000016,575,496,79
104000018,567,201,366
104000019,465,142,323
104000020,218,948,-730
104000021,279,717,-438
104000022,164,323,-159
104000023,353,300,53
104000024,178,444,-266
104000026,69,332,-263
104000027,215,460,-245
104000028,287,250,37
104000029,567,609,-42
104000030,213,255,-42
104000031,705,247,458
104000032,270,442,-172
104000033,477,353,124
104000034,283,478,-195
104000035,516,441,75
104000036,448,716,-268
104000037,229,399,-170
104000038,267,346,-79
104000039,194,487,-293
104000040,492,524,-32
104000041,401,320,81
104000042,196,508,-312
104000043,211,409,-198
104000044,196,819,-623
104000045,805,1276,-471
104000046,1431,1649,-218
104000047,563,1463,-900
104000048,1008,2128,-1120
104000049,315,307,8
104000050,203,543,-340
104000051,85,704,-619
104000052,938,1129,-191
104000053,497,780,-283
104000054,294,450,-156
104000055,3280,2805,475
104000056,1652,244,1408
104000057,181,709,-528
104000058,495,650,-155
104000059,465,1227,-762
104000060,580,977,-397
104000061,860,1180,-320
104000062,253,281,-28
104000064,481,359,122
104000065,111,326,-215
104000069,1505,616,889
104000070,56,307,-251
104000071,211,451,-240
104000072,539,361,178
104000075,45,270,-225
104000076,384,44,340
104000082,1855,2307,-452
104000083,655,202,453
104000084,83,425,-342
104000085,221,206,15
104000086,179,371,-192
104000087,447,925,-478
104000090,560,1766,-1206
104000092,764,2982,-2218
104000094,590,2214,-1624
104000095,1221,1246,-25
104000096,941,397,544
104000097,1131,1090,41
104000098,1218,1397,-179
104000100,922,681,241
104000101,760,2355,-1595
104000106,155,682,-527
104000107,528,750,-222
104000108,365,552,-187
104000109,233,81,152
104000110,840,1039,-199
104000111,5114,1555,3559
104000112,2604,548,2056
104000116,3,1392,-1389
104000117,106,1024,-918
104000118,256,320,-64
104000119,373,254,119
104000120,161,993,-832
104000121,226,620,-394
104000122,501,694,-193
104000123,825,1309,-484
104000124,1363,2837,-1474
104000125,4594,2770,1824
104000126,213,356,-143
104000127,1529,3648,-2119
104000128,771,581,190
104000129,417,48,369
104000130,3,419,-416
104000131,966,815,151
104000132,631,1081,-450
104000133,932,804,128
104000134,665,1416,-751
104000135,327,984,-657
104000136,783,2213,-1430
104000137,1678,232,1446
104000138,1107,380,727
104000139,8361,2937,5424
104000141,1129,1994,-865
104000142,623,1117,-494
104000143,387,785,-398
104000144,46,203,-157
104000145,340,172,168
104000146,388,616,-228
104000147,86,397,-311
104000148,158,115,43
104000149,182,531,-349
104000150,513,463,50
104000151,240,787,-547
104000152,408,786,-378
104000153,317,429,-112
104000154,1000,710,290
104000155,276,502,-226
104000157,966,1936,-970
104000158,193,233,-40
104000159,426,276,150
104000160,1512,1351,161
104000161,218,199,19
104000162,32,118,-86
104000165,1421,1047,374
104000167,482,492,-10
104000168,420,8,412
104000169,38,45,-7
104000170,741,376,365
104000248,235,842,-607
104000251,61,364,-303
104000272,0,0,0
104000273,0,0,0
104000274,0,0,0
104000275,0,0,0
104000279,598,553,45
104000290,45,287,-242
104000291,619,1334,-715
104000293,507,717,-210
104000294,11,0,11
104000295,461,778,-317
104000296,328,683,-355
104000297,624,1521,-897
104000298,1718,882,836
104000299,509,1270,-761
104000302,83,98,-15
104000303,83,87,-4
104900001,104,512,-408
104900002,16,70,-54
104900003,33,337,-304
104900004,54,410,-356
104900005,109,154,-45
104900006,80,79,1
104900007,178,335,-157
104900009,104,448,-344
104900010,24,26,-2
104900011,2,1,1
104900012,87,10,77
104900013,75,5,70
104900014,3867,308,3559
104900015,78,5,73
104900016,96,290,-194
104900017,51,219,-168
104900018,4,199,-195
104900019,262,1326,-1064
104900020,58,241,-183
104900021,2,262,-260
104900022,14,192,-178
104900023,0,172,-172
104900024,7,109,-102
104900025,45,365,-320
104900026,1,122,-121
104900027,176,209,-33
104900028,13,86,-73
104900029,38,79,-41
104900030,263,148,115
104900031,158,179,-21
104900032,40,149,-109
104900033,109,176,-67
104900034,195,77,118
104900035,174,112,62
104900036,66,79,-13
104900037,97,283,-186
104900038,469,229,240
104900039,783,156,627
104900040,213,89,124
104900041,154,146,8
104900042,96,356,-260
104900043,10,48,-38
104900044,258,195,63
104900045,282,69,213
104900046,43,102,-59
104900047,145,143,2
104900048,131,78,53
104900049,5,5,0
104900050,109,76,33
104900051,129,21,108
104900052,24,0,24
104900053,253,25,228
104900054,58,41,17
104900055,56,0,56
104900056,120,9,111
104900057,28,2,26
104900058,375,133,242
104900059,47,30,17
104900060,1,322,-321
104900061,229,731,-502
104900063,0,153,-153
104900064,1,150,-149
104900065,1,128,-127
104900066,3,230,-227
104900067,1,263,-262
104900068,12,206,-194
104900070,88,293,-205
104900071,1,745,-744
104900072,23,184,-161
104900073,33,306,-273
104900074,29,207,-178
104900075,42,97,-55
104900076,58,408,-350
104900077,1275,66,1209
104900078,171,739,-568
104900079,102,149,-47
104900080,50,506,-456
104900082,12,287,-275
104900085,3,279,-276
104900087,262,5,257
104900089,55,0,55
104900090,331,425,-94
104900091,343,783,-440
104900093,213,596,-383
104900097,2760,1259,1501
104900098,57,38,19
104900099,337,528,-191
104900100,648,172,476
104900102,17,204,-187
104900103,398,84,314
104900104,3435,1080,2355
104900106,38,134,-96
104900107,43,315,-272
104900108,20,384,-364
104900109,37,140,-103
104900110,1,66,-65
104900111,98,106,-8
104900112,202,974,-772
104900113,436,404,32
104900114,156,686,-530
104900115,289,478,-189
104900116,102,295,-193
104900118,11,54,-43
104900119,1,28,-27
104900120,117,83,34
104900121,0,112,-112
104900122,5,70,-65
104900123,17,1,16
104900124,17,0,17
104900125,268,8,260
104900126,66,62,4
104900127,26,35,-9
104900128,68,169,-101
104900129,2454,972,1482
105000001,1981,1621,360
105000002,1768,1603,165
105000003,2313,3535,-1222
105000004,452,957,-505
105000005,527,1023,-496
105000006,898,1348,-450
105000007,748,1146,-398
105000008,767,1649,-882
105000009,1065,2472,-1407
105000010,2801,2436,365
105000011,1396,1843,-447
105000012,3399,3201,198
105000013,580,1037,-457
105000014,874,1774,-900
105000015,8232,4718,3514
105000016,3695,1592,2103
105000017,1517,1048,469
105000018,1197,833,364
105000019,1398,948,450
105000020,154,277,-123
105000021,219,153,66
105000022,98,20,78
105000023,355,179,176
105000028,117,156,-39
105000029,272,827,-555
105000030,3791,3307,484
105000031,3,23,-20
105000033,1031,2028,-997
105000034,116,551,-435
105000037,548,565,-17
105000038,1123,1285,-162
105000039,2991,1927,1064
105000040,491,710,-219
105000041,455,1297,-842
105000042,1639,1117,522
105000043,1774,2125,-351
105000044,237,359,-122
105000045,231,875,-644
105000046,563,406,157
105000047,364,1495,-1131
105000048,425,217,208
105000049,235,713,-478
105000050,385,365,20
105000051,162,604,-442
105000052,529,860,-331
105000053,107,216,-109
105000054,201,1020,-819
105000055,344,375,-31
105000056,681,2751,-2070
105000057,939,1137,-198
105000058,1287,1542,-255
105000059,484,523,-39
105000060,474,748,-274
105000061,288,393,-105
105000062,708,1173,-465
105000063,329,707,-378
105000064,752,611,141
105000065,413,1091,-678
105000066,823,2168,-1345
105000067,657,509,148
105000068,559,1065,-506
105000069,2921,604,2317
105000070,741,693,48
105000071,184,440,-256
105000072,957,1077,-120
105000073,666,488,178
105000074,699,957,-258
105000075,412,684,-272
105000076,1125,1081,44
105000077,1491,686,805
105000078,1244,1056,188
105000079,1420,1658,-238
105000080,1362,815,547
105000081,1057,625,432
105000082,393,393,0
105000083,942,577,365
105000084,510,1017,-507
105000085,1045,822,223
105000086,683,943,-260
105000087,2421,1892,529
105000088,1154,1352,-198
105000089,2657,2087,570
105000090,856,869,-13
105000091,1629,1962,-333
105000092,539,1069,-530
105000093,252,235,17
105000094,228,189,39
105000095,93,384,-291
105000096,931,569,362
105000097,835,699,136
105000098,562,551,11
105000099,649,951,-302
105000100,657,1194,-537
105000101,1467,2242,-775
105000102,838,1651,-813
105000103,978,2086,-1108
105000104,1388,1152,236
105000105,774,1893,-1119
105000106,786,1472,-686
105000107,754,935,-181
105000108,845,1795,-950
105000109,894,1541,-647
105000110,608,865,-257
105000111,526,582,-56
105000112,811,863,-52
105000113,290,586,-296
105000114,3523,960,2563
105000115,249,704,-455
105000116,461,433,28
105000117,723,1726,-1003
105000118,204,304,-100
105000119,345,1346,-1001
105000120,539,570,-31
105000121,705,1245,-540
105000122,301,439,-138
105000123,960,1585,-625
105000124,1081,917,164
105000125,479,1973,-1494
105000126,1540,2252,-712
105000127,1830,1843,-13
105000128,448,1711,-1263
105000129,632,314,318
105000130,94,955,-861
105000131,608,384,224
105000132,543,421,122
105000133,263,1106,-843
105000134,369,563,-194
105000135,400,757,-357
105000136,101,336,-235
105000137,256,191,65
105000138,271,386,-115
105000139,930,1030,-100
105000140,154,512,-358
105000141,217,703,-486
105000142,62,603,-541
105000143,181,760,-579
105000144,267,729,-462
105000145,371,512,-141
105000146,495,843,-348
105000147,382,347,35
105000148,798,712,86
105000149,1511,1752,-241
105000150,1757,1420,337
105000151,365,348,17
105000152,153,741,-588
105000153,499,423,76
105000154,622,968,-346
105000155,243,569,-326
105000156,779,936,-157
105000157,843,2260,-1417
105000158,1369,847,522
105000159,307,1508,-1201
105000160,1265,648,617
105000161,622,2010,-1388
105000162,439,1278,-839
105000163,1284,1300,-16
105000164,214,303,-89
105000165,1518,3192,-1674
105000166,8057,351,7706
105000167,2853,1114,1739
105000168,243,976,-733
105000169,256,490,-234
105000170,84,1212,-1128
105000171,995,323,672
105000172,43,57,-14
105000173,27,41,-14
105000174,22,42,-20
105000175,64,122,-58
105000176,101,57,44
105000177,82,87,-5
105000178,98,680,-582
105000179,166,70,96
105000180,71,92,-21
105000181,44,534,-490
105000182,32,42,-10
105000183,2335,1251,1084
105000184,1299,779,520
105000185,903,702,201
105000186,342,970,-628
105000187,498,220,278
105000188,136,101,35
105000189,99,569,-470
105000190,178,248,-70
105000191,300,483,-183
105000192,114,87,27
105000193,77,126,-49
105000194,275,69,206
105000195,192,1059,-867
105000196,34,143,-109
105000197,175,639,-464
105000198,563,236,327
105000199,241,225,16
105000200,69,113,-44
105000201,87,10,77
105000203,12,351,-339
105000204,50,92,-42
105000205,88,275,-187
105000207,591,248,343
105000208,242,378,-136
105000209,177,377,-200
105000211,85,21,64
105000212,890,1566,-676
105000213,144,161,-17
105000214,55,227,-172
105000215,152,333,-181
105000216,57,344,-287
105000217,103,310,-207
105000218,604,926,-322
105000221,152,284,-132
105000222,72,52,20
105000223,119,157,-38
105000226,17,442,-425
105000227,30,226,-196
105000228,321,624,-303
105000229,63,210,-147
105000231,210,278,-68
105000233,614,576,38
105000234,481,1348,-867
105000235,224,431,-207
105000237,605,61,544
105000243,22,42,-20
105000248,35,54,-19
105000262,185,1779,-1594
105000269,65,168,-103
105000270,230,102,128
105000271,0,282,-282
105000282,73,46,27
105000287,235,110,125
105000288,394,435,-41
105000289,963,701,262
105000290,11,1,10
105000402,4248,1468,2780
105000426,395,528,-133
105000438,808,491,317
105000440,5,28,-23
105000446,12974,4368,8606
105000447,8417,2417,6000
105000454,170,1013,-843
105000455,250,219,31
105000474,21,0,21
105000477,214,411,-197
105000478,1118,1839,-721
105000479,63,109,-46
105000480,1876,1622,254
105000481,2029,1717,312
105000482,3706,2441,1265
105000483,1051,1106,-55
105000484,1931,2437,-506
105000485,954,1257,-303
105000486,2862,2234,628
105000488,3044,2382,662
105000489,538,761,-223
105000549,35,110,-75
105000550,423,1384,-961
105000551,33,116,-83
105000552,3316,1763,1553
105000555,784,598,186
105000556,34,32,2
105000557,38,296,-258
105900001,4,1001,-997
105900002,1587,353,1234
105900003,7,71,-64
105900004,248,121,127
105900005,3,218,-215
105900006,5,52,-47
105900007,36,6,30
105900008,53,822,-769
105900009,12,25,-13
105900011,57,37,20
105900012,187,118,69
105900013,4,16,-12
105900014,5,53,-48
105900015,100,356,-256
105900016,152,589,-437
105900017,581,42,539
105900018,236,281,-45
105900019,34,422,-388
105900020,32,53,-21
105900021,15,233,-218
105900022,178,302,-124
105900023,6,140,-134
105900024,2,124,-122
105900025,53,42,11
105900026,184,21,163
105900027,3933,2250,1683
105900028,70,142,-72
105900029,1747,265,1482
105900030,148,247,-99
105900031,472,160,312
105900032,33,110,-77
105900033,46,126,-80
105900034,107,275,-168
105900035,78,154,-76
105900036,38,143,-105
105900037,45,87,-42
105900038,87,283,-196
105900039,62,149,-87
105900040,47,86,-39
105900041,140,341,-201
105900042,29,153,-124
105900043,1541,36,1505
105900044,2,95,-93
105900045,0,436,-436
105900046,3,176,-173
105900047,2,21,-19
105900048,79,503,-424
105900050,1390,397,993
105900051,3,1360,-1357
105900052,228,45,183
105900053,3649,1206,2443
105900054,234,253,-19
105900056,826,167,659
105900057,11,161,-150
105900058,5,31,-26
105900059,0,48,-48
106000001,3276,1370,1906
106000002,2486,4225,-1739
106000003,2699,2258,441
106000004,2317,2373,-56
106000005,2018,4470,-2452
106000006,4804,4402,402
106000007,432,463,-31
106000008,415,312,103
106000009,358,236,122
106000010,483,618,-135
106000011,557,875,-318
106000012,726,1482,-756
106000013,1248,1484,-236
106000014,1705,1796,-91
106000015,1066,884,182
106000016,1008,2464,-1456
106000017,688,612,76
106000018,481,630,-149
106000019,260,404,-144
106000020,224,491,-267
106000021,291,465,-174
106000022,249,356,-107
106000023,465,389,76
106000024,506,897,-391
106000025,90,218,-128
106000026,123,321,-198
106000027,721,1189,-468
106000028,507,759,-252
106000029,726,1503,-777
106000030,842,361,481
106000034,147,531,-384
106000035,697,996,-299
106000036,414,329,85
106000037,1626,1590,36
106000038,414,60,354
106000039,140,45,95
106000040,149,811,-662
106000041,710,248,462
106000043,524,68,456
106000046,334,31,303
106000047,49,328,-279
106000049,461,121,340
106000050,273,882,-609
106000051,385,298,87
106000052,73,635,-562
106000053,173,99,74
106000054,255,406,-151
106000055,602,910,-308
106000056,275,450,-175
106000057,169,184,-15
106000058,176,177,-1
106000059,140,235,-95
106000060,454,683,-229
106000061,159,375,-216
106000062,126,725,-599
106000063,424,484,-60
106000064,35,417,-382
106000065,200,178,22
106000066,74,384,-310
106000067,152,91,61
106000068,45,595,-550
106000069,85,79,6
106000070,321,730,-409
106000071,693,305,388
106000072,4474,1472,3002
106000073,1814,1848,-34
106000074,408,737,-329
106000075,219,943,-724
106000076,1393,1417,-24
106000077,2885,1336,1549
106000078,588,1012,-424
106000079,413,964,-551
106000080,958,969,-11
106000081,535,978,-443
106000082,2100,1005,1095
106000083,294,1182,-888
106000084,857,655,202
106000085,1408,1018,390
106000086,488,632,-144
106000087,668,588,80
106000088,336,678,-342
106000089,670,540,130
106000090,260,533,-273
106000091,246,729,-483
106000092,497,280,217
106000093,279,92,187
106000094,110,450,-340
106000095,341,1208,-867
106000096,647,666,-19
106000097,662,1381,-719
106000098,411,1044,-633
106000099,145,901,-756
106000100,637,324,313
106000101,510,298,212
106000102,157,579,-422
106000103,186,605,-419
106000104,465,378,87
106000105,328,935,-607
106000106,403,450,-47
106000107,81,572,-491
106000108,177,377,-200
106000109,112,491,-379
106000110,142,327,-185
106000111,155,674,-519
106000112,127,361,-234
106000113,1059,700,359
106000114,375,362,13
106000115,195,605,-410
106000116,119,223,-104
106000117,773,867,-94
106000118,797,942,-145
106000119,2438,1050,1388
106000120,667,745,-78
106000121,185,214,-29
106000122,71,382,-311
106000123,221,341,-120
106000124,42,362,-320
106000125,20,385,-365
106000126,124,240,-116
106000127,485,980,-495
106000128,429,352,77
106000129,283,732,-449
106000130,493,447,46
106000131,147,751,-604
106000132,928,136,792
106000133,3836,1022,2814
106000134,861,862,-1
106000135,268,1052,-784
106000136,558,487,71
106000137,89,1571,-1482
106000138,605,52,553
106000139,38,139,-101
106000140,23,115,-92
106000141,28,127,-99
106000142,35,48,-13
106000143,17,114,-97
106000144,32,75,-43
106000145,99,319,-220
106000146,204,225,-21
106000147,324,590,-266
106000148,607,809,-202
106000149,468,471,-3
106000150,362,1695,-1333
106000151,4838,826,4012
106000152,1335,1145,190
106000153,111,1382,-1271
106000154,1612,232,1380
106000155,51,201,-150
106000156,429,278,151
106000157,537,1658,-1121
106000158,3011,724,2287
106000159,4553,1158,3395
106000160,174,1496,-1322
106000161,1372,491,881
106000162,107,612,-505
106000163,272,596,-324
106000164,231,302,-71
106000165,164,769,-605
106000166,344,258,86
106000167,215,1534,-1319
106000168,234,231,3
106000169,172,868,-696
106000170,288,228,60
106000171,87,973,-886
106000172,1990,830,1160
106000173,699,2805,-2106
106000174,747,287,460
106000175,310,1106,-796
106000176,943,706,237
106000177,600,2253,-1653
106000178,2437,1416,1021
106000179,997,2047,-1050
106000180,629,1943,-1314
106000181,361,2061,-1700
106000182,457,667,-210
106000183,572,1086,-514
106000184,414,1029,-615
106000185,367,821,-454
106000186,697,105,592
106000187,187,705,-518
106000188,0,1,-1
106000189,2,61,-59
106000190,4,4,0
106000191,485,202,283
106000192,1,21,-20
106000193,275,128,147
106000194,145,271,-126
106000195,177,61,116
106000196,55,300,-245
106000197,257,298,-41
106000198,76,270,-194
106000199,827,464,363
106000200,310,100,210
106000201,406,1134,-728
106000202,6710,500,6210
106000203,196,203,-7
106000204,57,10,47
106000205,22,165,-143
106000206,50,18,32
106000207,49,869,-820
106000208,509,88,421
106000209,803,261,542
106000210,173,1480,-1307
106000211,298,1696,-1398
106000212,528,171,357
106000213,651,1450,-799
106000214,2050,430,1620
106000215,206,539,-333
106000216,244,326,-82
106000217,292,477,-185
106000218,422,327,95
106000219,170,298,-128
106000220,341,248,93
106000221,89,326,-237
106000222,42,118,-76
106000223,73,113,-40
106000224,137,368,-231
106000225,69,98,-29
106000226,101,365,-264
106000228,36,105,-69
106000229,69,800,-731
106000231,500,112,388
106000232,59,460,-401
106000233,327,104,223
106000234,56,176,-120
106000235,181,101,80
106000236,114,39,75
106000237,0,6,-6
106000238,4,1,3
106000239,1,66,-65
106000240,9,6,3
106000241,13,708,-695
106000242,176,18,158
106000249,45,81,-36
106000250,40,442,-402
106000251,46,21,25
106000252,16,137,-121
106000253,10,25,-15
106000254,22,77,-55
106000255,13,85,-72
106000256,58,83,-25
106000257,119,225,-106
106000258,90,11,79
106000259,0,32,-32
106000260,11,7,4
106000261,1,92,-91
106000262,22,20,2
106000263,7,61,-54
106000264,178,3,175
106000265,4,97,-93
106000266,73,13,60
106000267,6,82,-76
106000268,439,24,415
106000269,94,71,23
106000270,140,379,-239
106000271,50,183,-133
106000272,94,50,44
106000273,8,207,-199
106000274,161,39,122
106000275,106,194,-88
106000276,124,50,74
106000277,143,198,-55
106000278,172,47,125
106000279,21,55,-34
106000280,22,165,-143
106000281,73,77,-4
106000282,68,64,4
106000283,74,96,-22
106000284,44,95,-51
106000285,114,160,-46
106000286,55,177,-122
106000287,72,105,-33
106000288,80,138,-58
106000289,61,90,-29
106000290,57,86,-29
106000291,79,115,-36
106000292,72,155,-83
106000293,112,88,24
106000294,97,150,-53
106000295,41,47,-6
106000296,49,138,-89
106000297,46,205,-159
106000298,122,55,67
106000299,53,148,-95
106000300,41,114,-73
106000301,64,117,-53
106000303,13,57,-44
106000304,37,46,-9
106000305,29,40,-11
106000306,47,84,-37
106000307,38,18,20
106000308,26,186,-160
106000309,13,77,-64
106000310,214,584,-370
106000311,274,129,145
106000312,70,218,-148
106000313,108,232,-124
106000318,151,188,-37
106000319,457,62,395
106000320,5,34,-29
106000321,275,42,233
106000322,106,228,-122
106000324,4,202,-198
106000325,1010,778,232
106000326,809,1880,-1071
106000327,47,150,-103
106000328,6,108,-102
106000329,32,310,-278
106000330,27,49,-22
106000428,36,165,-129
106000429,76,619,-543
106000430,330,1652,-1322
106000431,1073,281,792
106000432,1572,2951,-1379
106000433,1322,844,478
106000434,2174,875,1299
106000435,1818,2624,-806
106000436,27,304,-277
106000437,136,11,125
106000438,93,109,-16
106000439,21,445,-424
106000440,188,541,-353
106000441,1,0,1
106000442,104,13,91
106000443,91,587,-496
106000450,8,186,-178
106000451,18,25,-7
106000454,3,96,-93
106000455,18,179,-161
106000456,79,28,51
106000457,12,1299,-1287
106000458,304,233,71
106000459,65,383,-318
106000460,480,50,430
106000461,22,2006,-1984
106000462,0,19,-19
106000463,2,44,-42
106000464,3,729,-726
106000465,223,0,223
106000466,5,806,-801
106000467,544,543,1
106000468,31,211,-180
106000469,349,2,347
106000470,202,1246,-1044
106000471,18,855,-837
106000472,58,6,52
106000473,12,16,-4
106000474,272,846,-574
106000475,273,150,123
106000476,184,154,30
106000477,21,141,-120
106000480,0,97,-97
106900001,0,21,-21
106900002,2,707,-705
106900003,266,805,-539
106900004,0,70,-70
106900006,0,23,-23
106900007,0,17,-17
106900008,118,330,-212
106900009,172,524,-352
106900010,126,352,-226
106900012,2167,1142,1025
106900013,250,80,170
106900014,19,1,18
106900015,13,1,12
106900016,119,7,112
106900017,3,1,2
106900018,0,0,0
106900019,39,1,38
106900020,2939,737,2202
106900021,47,63,-16
106900022,261,4,257
106900023,28,236,-208
106900024,231,19,212
106900025,48,631,-583
106900026,4,1006,-1002
106900027,303,1,302
107000001,3419,1487,1932
107000002,5145,3365,1780
107000003,3453,4297,-844
107000004,4317,5773,-1456
107000005,1912,3599,-1687
107000006,3025,6120,-3095
107000007,3822,6216,-2394
107000008,15291,10504,4787
107000009,3780,4207,-427
107000010,9425,10779,-1354
107000011,1547,1232,315
107000012,4105,3544,561
107000013,42,200,-158
107000014,21,336,-315
107000015,392,996,-604
107000016,315,1451,-1136
107000017,1620,760,860
107000018,7,186,-179
107000020,801,343,458
107000021,643,722,-79
107000022,496,1163,-667
107000023,1132,270,862
107000024,354,2030,-1676
107000025,125,380,-255
107000026,112,736,-624
107000027,858,804,54
107000028,1003,1809,-806
107000029,1439,1429,10
107000030,3046,3355,-309
107000031,2247,1601,646
107000032,308,1004,-696
107000033,3654,3314,340
107000034,4780,1993,2787
107000035,278,186,92
107000036,353,942,-589
107000037,46,624,-578
107000038,199,251,-52
107000039,448,422,26
107000040,121,292,-171
107000041,1180,609,571
107000042,735,1518,-783
107000043,2931,1003,1928
107000044,712,402,310
107000045,100,319,-219
107000046,392,368,24
107000047,323,925,-602
107000048,452,349,103
107000049,523,861,-338
107000050,684,472,212
107000051,494,326,168
107000052,910,670,240
107000053,292,170,122
107000054,86,294,-208
107000055,373,144,229
107000056,570,871,-301
107000057,2179,260,1919
107000058,1888,1824,64
107000059,2248,3101,-853
107000060,2703,4464,-1761
107000061,5075,3931,1144
107000062,2278,2619,-341
107000063,3292,6227,-2935
107000064,2294,1780,514
107000065,3070,5872,-2802
107000066,1064,1586,-522
107000067,586,900,-314
107000068,1196,566,630
107000069,420,373,47
107000070,435,12,423
107000071,1643,15,1628
107000072,44,3949,-3905
107000073,287,189,98
107000074,124,944,-820
107000075,939,343,596
107000076,884,1878,-994
107000077,1887,636,1251
107000078,1853,3499,-1646
107000079,1486,585,901
107000080,1243,3458,-2215
107000081,826,436,390
107000082,467,2757,-2290
107000083,700,250,450
107000084,443,2563,-2120
107000085,2437,3126,-689
107000086,3564,2636,928
107000087,2235,1669,566
107000088,2563,3278,-715
107000089,1187,1557,-370
107000090,745,1034,-289
107000091,825,932,-107
107000092,564,1174,-610
107000093,890,800,90
107000094,679,1434,-755
107000095,409,636,-227
107000096,575,1088,-513
107000097,412,353,59
107000098,315,937,-622
107000099,317,247,70
107000100,228,325,-97
107000101,93,169,-76
107000102,329,364,-35
107000103,275,169,106
107000104,252,404,-152
107000105,308,155,153
107000106,156,300,-144
107000107,388,157,231
107000108,104,961,-857
107000109,397,123,274
107000110,58,724,-666
107000111,141,42,99
107000112,36,471,-435
107000113,332,116,216
107000114,105,926,-821
107000115,249,88,161
107000116,92,1141,-1049
107000117,114,256,-142
107000118,206,291,-85
107000119,1838,1114,724
107000120,2821,365,2456
107000121,483,797,-314
107000122,898,847,51
107000123,283,886,-603
107000124,436,922,-486
107000125,505,975,-470
107000126,714,1076,-362
107000129,117,1326,-1209
107000130,219,197,22
107000131,366,900,-534
107000132,329,290,39
107000133,589,149,440
107000134,207,3,204
107000135,4,190,-186
107000136,570,10,560
107000137,19,301,-282
107000138,273,13,260
107000139,18,336,-318
107000140,674,55,619
107000141,99,707,-608
107000142,220,68,152
107000143,35,927,-892
107000144,222,285,-63
107000145,143,568,-425
107000146,147,225,-78
107000147,4391,1075,3316
107000150,762,1276,-514
107000151,46,47,-1
107000152,478,434,44
107000153,398,689,-291
107000154,239,124,115
107000155,425,18,407
107000156,599,12,587
107000157,20,2615,-2595
107000158,351,15,336
107000159,35,1685,-1650
107000160,506,67,439
107000161,80,2192,-2112
107000162,156,247,-91
107000163,29,1,28
107000164,238,0,238
107000165,409,6,403
107000166,37,1586,-1549
107000167,327,354,-27
107000168,573,268,305
107000169,1083,1103,-20
107000170,790,464,326
107000171,397,2749,-2352
107000172,525,687,-162
107000173,728,1158,-430
107000174,693,2181,-1488
107000175,10164,1596,8568
107000176,2,0,2
107000177,0,2,-2
107000178,26,48,-22
107000179,177,3432,-3255
107000180,776,319,457
107000181,286,1638,-1352
107000182,1118,899,219
107000183,112,1080,-968
107000184,615,731,-116
107000185,305,1399,-1094
107000186,632,321,311
107000187,898,1121,-223
107000188,375,444,-69
107000189,301,831,-530
107000190,360,790,-430
107000191,545,1353,-808
107000192,982,997,-15
107000193,335,314,21
107000194,858,785,73
107000197,531,247,284
107000198,282,952,-670
107000199,558,616,-58
107000200,949,490,459
107000201,321,206,115
107000202,200,344,-144
107000203,647,403,244
107000204,664,432,232
107000205,2067,1007,1060
107000206,640,829,-189
107000207,702,982,-280
107000208,1050,319,731
107000209,2197,729,1468
107000210,1298,326,972
107000211,8,20,-12
107000212,7,297,-290
107000213,4,32,-28
107000214,10,138,-128
107000215,207,470,-263
107000216,202,447,-245
107000217,85,135,-50
107000219,55,80,-25
107000220,100,280,-180
107000222,280,702,-422
107000224,296,48,248
107000225,148,765,-617
107000226,174,84,90
107000227,81,431,-350
107000228,87,156,-69
107000229,262,119,143
107000230,939,594,345
107000231,2426,514,1912
107000232,100,97,3
107000233,2183,652,1531
107000234,0,21,-21
107000235,55,2,53
107000236,17,274,-257
107000237,9,1,8
107000238,13,0,13
107000239,5292,418,4874
107000240,68,1426,-1358
107000243,0,41,-41
107000244,7,64,-57
107000246,2,1306,-1304
107000249,3,1229,-1226
107000251,1,289,-288
107000252,3,1598,-1595
107000255,769,70,699
107000257,2,691,-689
107000258,5,147,-142
107000259,7,217,-210
107000260,254,11,243
107000262,4,838,-834
107000263,133,3,130
107000266,4,8,-4
107000267,58,153,-95
107000268,128,166,-38
107000269,173,24,149
107000270,0,14,-14
107000271,7,1176,-1169
107000272,13,292,-279
107000273,0,257,-257
107000274,487,205,282
107000275,75,630,-555
107000280,389,9,380
107000281,22,1316,-1294
107000282,9,1482,-1473
107000290,0,43,-43
107000291,4,14,-10
107000292,0,51,-51
107000293,54,5,49
107000294,0,22,-22
107000295,21,3,18
107000296,0,24,-24
107000444,141,4,137
107000496,2,21,-19
107000497,1224,3299,-2075
107000500,241,344,-103
107000501,59,202,-143
107000502,169,375,-206
107000505,751,891,-140
107000506,0,57,-57
107000508,7,739,-732
107000509,205,396,-191
107000510,8,15,-7
107000514,19,231,-212
107000515,29,345,-316
107000516,167,158,9
107000518,584,517,67
107000519,4289,1206,3083
107000520,62,13,49
107000521,362,553,-191
107000522,456,877,-421
107900001,22,249,-227
107900002,39,1,38
107900003,127,10,117
107900004,4,0,4
107900005,398,2,396
107900006,47,3,44
107900007,125,22,103
107900008,44,48,-4
107900009,125,3,122
107900010,9,2,7
107900012,171,20,151
107900013,176,56,120
107900014,11,1,10
107900015,359,3,356
107900016,463,87,376
107900017,11,1,10
107900018,38,58,-20
107900019,19,62,-43
107900020,39,7,32
107900021,45,177,-132
107900023,1,2,-1
107900024,0,25,-25
107900025,197,307,-110
107900026,21,108,-87
107900027,12,37,-25
107900028,24,107,-83
107900030,141,12,129
107900031,41,243,-202
107900032,31,16,15
107900033,8,4,4
107900034,261,5,256
107900035,376,21,355
107900036,22,16,6
107900037,0,61,-61
107900038,123,118,5
107900039,10,64,-54
107900040,36,45,-9
107900041,0,0,0
107900043,30,190,-160
107900044,4,4,0
107900045,62,19,43
107900046,71,80,-9
107900047,4,102,-98
107900048,80,11,69
107900049,301,278,23
107900050,89,339,-250
107900051,48,99,-51
107900052,3,6,-3
107900053,18,72,-54
107900055,316,183,133
107900056,79,26,53
107900057,0,0,0
107900058,15,741,-726
107900060,6,69,-63
107900061,24,3,21
107900063,97,118,-21
107900064,193,33,160
107900065,78,11,67
107900066,4,7,-3
107900067,0,0,0
107900068,118,190,-72
107900069,31,795,-764
107900070,45,22,23
107900071,20,987,-967
107900072,28,202,-174
107900073,22,77,-55
107900074,1004,120,884
107900076,119,48,71
107900077,25,0,25
107900079,4,11,-7
107900080,83,177,-94
107900081,14,54,-40
107900082,26,8,18
107900083,178,108,70
107900084,65,72,-7
107900086,87,75,12
107900087,309,62,247
107900088,11,6,5
107900089,231,866,-635
107900090,400,974,-574
107900091,121,509,-388
107900093,47,81,-34
107900095,2903,1025,1878
107900097,36,66,-30
107900098,31,129,-98
107900100,1022,676,346
107900101,1047,138,909
107900102,9,2,7
107900103,51,192,-141
107900104,120,5,115
107900105,0,740,-740
107900106,3,1520,-1517
107900107,929,180,749
107900108,276,84,192
107900109,527,4,523
107900110,16,130,-114
107900111,10,1268,-1258
107900112,78,264,-186
107900113,99,99,0
107900114,78,244,-166
107900115,1,44,-43
107900116,44,232,-188
107900117,197,449,-252
107900118,70,140,-70
107900119,31,70,-39
107900120,17,5,12
107900121,1,129,-128
107900122,1,38,-37
107900123,0,26,-26
107900124,8,47,-39
107900125,20,146,-126
107900126,0,55,-55
107900127,370,112,258
107900128,99,66,33
107900129,15,56,-41
107900130,29,20,9
107900131,621,45,576
107900132,112,408,-296
107900133,2,74,-72
107900134,13,12,1
107900135,6,195,-189
107900136,54,10,44
107900137,83,91,-8
107900138,42,34,8
107900139,6,41,-35
107900141,24,57,-33
107900142,58,965,-907
107900143,27,35,-8
107900144,0,201,-201
107900145,12,73,-61
107900146,31,107,-76
107900147,36,16,20
107900148,144,164,-20
107900149,1495,315,1180
107900150,93,737,-644
107900151,13,102,-89
107900152,8,193,-185
107900153,159,181,-22
107900154,27,18,9
107900155,40,29,11
107900156,1,595,-594
107900157,25,101,-76
107900158,255,6,249
107900159,36,1061,-1025
107900160,32,182,-150
107900161,8,306,-298
107900162,0,70,-70
107900163,13,19,-6
107900164,4,31,-27
107900165,8,63,-55
107900166,10,292,-282
107900167,8,11,-3
107900168,14,38,-24
107900169,0,155,-155
107900171,18,1954,-1936
107900172,1,302,-301
107900173,13,249,-236
107900174,49,2,47
107900175,19,3,16
107900176,10,31,-21
107900177,0,42,-42
107900178,4,241,-237
107900179,10,141,-131
107900180,1010,224,786
107900181,218,397,-179
107900182,4,1738,-1734
107900183,20,465,-445
107900184,45,269,-224
107900185,65,10,55
107900186,12,33,-21
107900187,0,140,-140
107900188,791,76,715
107900189,7,130,-123
107900190,109,43,66
107900191,22,130,-108
107900193,8,31,-23
107900194,103,7,96
107900195,4040,427,3613
107900196,25,71,-46
107900197,764,154,610
107900199,6,1212,-1206
107900201,50,125,-75
107900203,48,78,-30
107900204,294,168,126
107900206,296,132,164
107900207,2,565,-563
107900208,5,845,-840
107900209,341,86,255
107900210,81,141,-60
107900213,377,373,4
107900214,7,204,-197
107900215,169,333,-164
107900216,67,54,13
107900217,15,47,-32
107900218,21,1832,-1811
107900219,33,152,-119
107900220,131,109,22
107900221,149,238,-89
107900223,71,768,-697
107900224,160,302,-142
107900225,4,825,-821
107900226,43,103,-60
107900227,67,461,-394
107900228,10,124,-114
107900229,1,323,-322
107900230,26,179,-153
107900231,8,217,-209
107900232,14,239,-225
107900233,5,130,-125
107900234,51,237,-186
107900235,24,63,-39
107900236,46,103,-57
107900237,124,428,-304
107900238,20,124,-104
107900239,1470,332,1138
107900240,4,180,-176
107900241,8,103,-95
107900242,12,370,-358
107900243,0,49,-49
107900244,163,1,162
107900245,189,35,154
107900246,75,12,63
107900248,112,452,-340
107900249,345,9,336
107900250,0,570,-570
107900251,72,1402,-1330
107900252,427,6,421
107900253,93,2,91
107900254,47,96,-49
107900255,421,65,356
107900256,285,457,-172
107900257,84,29,55
107900258,50,189,-139
107900259,81,747,-666
107900261,1,511,-510
107900262,49,120,-71
107900264,97,0,97
107900265,35,188,-153
107900267,98,25,73
107900268,42,5,37
107900269,3,8,-5
107900270,0,0,0
107900271,2,2,0
107900272,143,4,139
107900273,34,56,-22
107900274,35,0,35
107900275,6,2,4
107900276,0,63,-63
107900277,2,224,-222
107900278,122,393,-271
107900279,132,79,53
107900280,1532,1098,434
107900281,3195,959,2236
107900282,48,162,-114
107900283,1294,320,974
107900284,183,795,-612
107900285,47,134,-87
107900286,129,106,23
107900287,78,126,-48
107900290,2,45,-43
107900291,307,14,293
107900292,83,308,-225
107900293,50,667,-617
107900295,31,132,-101
107900297,1,236,-235
107900298,672,1028,-356
107900299,3770,1523,2247
107900301,417,294,123
107900302,56,15,41
107900303,58,377,-319
107900304,113,620,-507
107900305,145,13,132
107900306,28,6,22
107900307,33,334,-301
107900308,201,43,158
107900309,19,0,19
107900310,2,0,2
107900311,264,111,153
107900312,0,0,0
107900313,2,96,-94
107900314,0,62,-62
107900315,2,50,-48
107900316,12,0,12
107900317,34,1,33
107900318,11,127,-116
107900319,6,248,-242
107900320,0,191,-191
107900321,51,7,44
107900322,3,187,-184
107900323,5,146,-141
107900324,110,0,110
107900325,53,2,51
107900326,97,423,-326
107900327,0,3,-3
107900328,0,0,0
107900329,0,0,0
107900330,6,556,-550
107900331,94,19,75
107900332,127,46,81
107900333,40,4,36
107900334,6,333,-327
107900335,49,39,10
107900336,14,27,-13
107900337,1390,447,943
107900338,5,141,-136
107900339,0,19,-19
107900340,0,64,-64
107900341,19,0,19
107900342,78,101,-23
107900343,32,0,32
107900344,0,142,-142
107900345,71,33,38
107900346,26,0,26
107900347,27,8,19
107900348,7,3,4
107900349,2,6,-4
107900350,46,286,-240
107900351,4,256,-252
107900352,0,63,-63
107900353,6,2,4
107900354,6,51,-45
108000001,2160,2938,-778
108000002,2482,3210,-728
108000003,2182,1718,464
108000004,15585,16256,-671
108000005,4705,2920,1785
108000006,5837,6227,-390
108000007,3365,2749,616
108000008,4696,5874,-1178
108000009,2148,2651,-503
108000010,2344,4894,-2550
108000011,9733,7301,2432
108000012,19016,16001,3015
108000014,899,592,307
108000015,453,282,171
108000016,169,734,-565
108000017,592,334,258
108000018,963,489,474
108000019,1250,565,685
108000020,987,387,600
108000021,388,1751,-1363
108000022,452,1609,-1157
108000023,772,149,623
108000024,206,764,-558
108000025,223,258,-35
108000026,376,722,-346
108000027,397,764,-367
108000028,278,321,-43
108000029,256,1064,-808
108000030,314,238,76
108000031,196,534,-338
108000032,898,406,492
108000033,523,1429,-906
108000034,985,326,659
108000035,771,2611,-1840
108000036,294,1559,-1265
108000037,1046,303,743
108000038,1428,347,1081
108000039,513,2863,-2350
108000040,1058,654,404
108000041,628,2860,-2232
108000042,115,270,-155
108000043,127,286,-159
108000044,255,206,49
108000045,198,815,-617
108000046,921,226,695
108000047,328,1191,-863
108000048,119,488,-369
108000049,357,230,127
108000050,172,740,-568
108000051,177,62,115
108000052,276,835,-559
108000053,207,116,91
108000054,400,881,-481
108000055,580,297,283
108000056,1020,1116,-96
108000057,423,703,-280
108000058,1838,2479,-641
108000059,3776,2036,1740
108000060,111,374,-263
108000061,296,607,-311
108000062,373,303,70
108000063,311,553,-242
108000064,99,168,-69
108000065,427,554,-127
108000066,1520,684,836
108000067,1051,360,691
108000068,558,287,271
108000069,163,1284,-1121
108000070,1072,536,536
108000071,454,2040,-1586
108000072,1123,803,320
108000073,1457,2192,-735
108000074,248,298,-50
108000075,348,893,-545
108000076,458,360,98
108000077,691,779,-88
108000078,1470,1343,127
108000079,1036,2145,-1109
108000080,585,361,224
108000081,428,2748,-2320
108000082,1020,1796,-776
108000083,1187,646,541
108000084,336,1310,-974
108000085,352,306,46
108000086,936,773,163
108000087,124,1177,-1053
108000088,481,150,331
108000089,205,219,-14
108000091,85,626,-541
108000092,62,94,-32
108000093,94,989,-895
108000094,365,117,248
108000095,87,546,-459
108000096,162,165,-3
108000097,124,609,-485
108000098,689,1349,-660
108000099,627,281,346
108000100,57,398,-341
108000101,583,959,-376
108000102,1211,1992,-781
108000106,779,1,778
108000107,3,701,-698
108000108,566,20,546
108000109,12,937,-925
108000110,102,228,-126
108000111,132,762,-630
108000112,38,126,-88
108000113,475,297,178
108000115,470,347,123
108000117,655,236,419
108000118,379,837,-458
108000119,744,444,300
108000120,103,477,-374
108000121,194,539,-345
108000122,248,270,-22
108000123,344,249,95
108000124,186,654,-468
108000125,204,406,-202
108000126,90,675,-585
108000127,250,418,-168
108000128,345,857,-512
108000129,159,1667,-1508
108000130,205,276,-71
108000131,654,304,350
108000132,1804,1546,258
108000133,532,454,78
108000134,709,809,-100
108000135,631,283,348
108000136,804,1228,-424
108000137,216,428,-212
108000138,233,1170,-937
108000139,166,426,-260
108000140,43,15,28
108000141,21,224,-203
108000142,46,176,-130
108000143,31,748,-717
108000144,132,43,89
108000145,14,35,-21
108000146,360,57,303
108000147,15,75,-60
108000148,167,59,108
108000149,26,26,0
108000150,17,3,14
108000151,326,55,271
108000152,85,717,-632
108000153,164,109,55
108000154,30,20,10
108000155,21,12,9
108000156,909,627,282
108000157,104,468,-364
108000158,59,504,-445
108000159,654,124,530
108000160,5329,765,4564
108000161,4104,1143,2961
108000165,2,77,-75
108000172,1,217,-216
108000173,2865,1180,1685
108000175,240,119,121
108000178,377,390,-13
108000179,159,498,-339
108000181,38,41,-3
108000182,289,76,213
108000183,72,487,-415
108000184,1097,1342,-245
108000185,88,730,-642
108000186,131,570,-439
108000187,69,867,-798
108000188,186,283,-97
108000189,2486,3059,-573
108000190,29,134,-105
108000192,70,794,-724
108000193,777,36,741
108000194,27,11,16
108000195,2,1253,-1251
108000196,111,118,-7
108000198,494,454,40
108000199,0,127,-127
108000200,132,737,-605
108000203,76,1185,-1109
108000204,43,32,11
108000205,375,634,-259
108000339,1397,360,1037
108000364,506,530,-24
108000365,50,411,-361
108000367,178,349,-171
108000368,6,74,-68
108000369,1372,98,1274
108000371,14,677,-663
108000372,405,7,398
108000373,103,145,-42
108000376,54,24,30
108000377,289,382,-93
108000378,7407,7526,-119
108000379,25,152,-127
108000381,54,14,40
108000382,109,1,108
108000383,0,154,-154
108900001,117,1386,-1269
108900002,129,43,86
108900003,400,1016,-616
108900004,1980,290,1690
108900007,81,159,-78
108900008,47,129,-82
108900009,22,92,-70
108900010,94,150,-56
108900011,156,395,-239
108900012,159,473,-314
108900013,96,274,-178
108900014,2,66,-64
108900015,0,22,-22
108900016,0,231,-231
108900017,94,135,-41
108900018,72,527,-455
108900019,15,1381,-1366
108900020,22,319,-297
108900021,76,214,-138
108900022,40,2,38
108900023,2,23,-21
108900024,14,191,-177
108900025,41,172,-131
108900026,21,108,-87
108900027,0,67,-67
108900028,31,487,-456
108900029,36,225,-189
108900030,0,107,-107
108900031,34,652,-618
108900032,9,276,-267
108900033,0,76,-76
108900034,3,370,-367
108900035,178,2107,-1929
108900038,1,431,-430
108900039,2,637,-635
108900040,4,109,-105
108900041,5309,1747,3562
108900042,8,285,-277
108900043,44,459,-415
108900044,1,778,-777
108900045,35,726,-691
108900046,47,1067,-1020
108900047,0,122,-122
108900048,55,1163,-1108
108900049,5973,643,5330
108900050,2,279,-277
108900051,1,188,-187
108900052,15,279,-264
108900053,97,106,-9
108900054,52,253,-201
108900055,73,452,-379
108900056,0,187,-187
108900057,1,186,-185
108900058,26,483,-457
108900059,188,22,166
108900060,42,105,-63
108900061,46,20,26
108900062,2,352,-350
108900063,4,401,-397
108900064,41,38,3
108900065,12,374,-362
108900066,131,94,37
108900067,14,215,-201
108900068,9,291,-282
108900069,37,108,-71
108900070,15,144,-129
108900071,50,50,0
108900072,2368,223,2145
108900073,9,556,-547
108900074,77,530,-453
108900075,58,62,-4
108900076,130,80,50
108900077,228,693,-465
108900078,10,228,-218
108900079,787,174,613
108900080,16,309,-293
108900081,53,270,-217
108900082,31,102,-71
108900083,6,164,-158
108900085,2313,150,2163
108900086,51,421,-370
108900087,143,213,-70
108900088,557,214,343
108900089,9,71,-62
108900090,18,534,-516
108900091,120,123,-3
108900092,241,221,20
108900093,77,51,26
108900094,152,62,90
108900095,144,843,-699
108900096,477,29,448
108900097,232,203,29
108900098,3231,297,2934
108900099,227,352,-125
108900100,118,131,-13
108900101,118,82,36
108900102,123,524,-401
108900103,37,84,-47
108900105,1,520,-519
108900106,155,610,-455
108900108,115,27,88
108900109,186,42,144
108900110,81,550,-469
108900111,188,881,-693
108900113,31,37,-6
108900114,34,19,15
108900115,19,53,-34
108900116,28,8,20
108900117,78,22,56
108900118,318,6,312
108900119,105,41,64
108900120,201,95,106
108900121,206,34,172
108900122,104,31,73
108900123,50,45,5
108900124,235,115,120
108900125,195,0,195
108900126,74,8,66
108900127,86,20,66
108900128,46,11,35
108900129,425,76,349
108900130,117,0,117
108900131,202,1,201
108900132,262,56,206
108900133,105,35,70
108900134,119,281,-162
108900135,54,7,47
108900136,19,0,19
108900137,50,1,49
108900138,283,27,256
108900140,114,287,-173
108900141,140,14,126
108900142,84,7,77
108900143,22,0,22
108900144,24,0,24
108900145,69,4,65
108900146,27,0,27
108900147,73,1,72
108900148,73,43,30
108900150,153,1,152
108900151,75,3,72
108900152,41,9,32
108900153,61,538,-477
108900154,2679,439,2240
108900156,27,9,18
108900157,4,712,-708
108900158,112,22,90
108900159,2,385,-383
108900160,9,338,-329
108900161,6,579,-573
108900162,54,1,53
108900163,4,131,-127
108900164,63,73,-10
108900168,10470,1824,8646
108900169,39,144,-105
108900171,7350,1405,5945
108900172,133,38,95
108900173,190,367,-177
108900174,352,457,-105
108900176,118,737,-619
108900177,8341,1958,6383
108900178,5164,1691,3473
108900180,49,153,-104
108900183,166,170,-4
108900184,210,120,90
108900185,20,288,-268
108900186,19,342,-323
108900189,76,115,-39
108900190,63,3417,-3354
108900192,52,246,-194
108900195,51,457,-406
108900196,14,679,-665
108900199,120,285,-165
108900200,267,242,25
108900201,233,1124,-891
108900203,254,39,215
108900204,200,8,192
108900205,94,13,81
108900206,163,38,125
108900207,140,41,99
108900208,22,337,-315
108900209,214,585,-371
108900210,128,190,-62
108900211,85,272,-187
108900212,750,651,99
108900215,129,707,-578
108900216,384,88,296
108900217,88,0,88
108900218,77,6,71
108900221,51,89,-38
108900224,26,98,-72
108900225,1,178,-177
108900227,85,109,-24
108900230,362,244,118
108900232,0,463,-463
108900233,149,63,86
108900234,154,83,71
108900235,175,616,-441
108900236,19,389,-370
108900240,54,58,-4
108900241,15,22,-7
108900245,5,488,-483
108900250,137,115,22
108900258,8,271,-263
108900259,23,81,-58
108900260,5,129,-124
108900261,202,164,38
108900262,283,113,170
108900263,83,290,-207
108900264,466,272,194
108900265,1309,242,1067
108900266,1346,256,1090
108900267,4,44,-40
108900268,0,2,-2
108900269,40,7,33
108900270,18,4,14
108900271,22,5,17
108900272,86,3,83
108900273,1109,342,767
108900274,25,57,-32
109000001,3297,973,2324
109000002,3073,1288,1785
109000003,1616,540,1076
109000004,412,2367,-1955
109000005,1427,772,655
109000006,600,2216,-1616
109000007,906,636,270
109000008,335,1922,-1587
109000009,2303,1097,1206
109000010,1178,4192,-3014
109000011,1695,1353,342
109000012,1491,4346,-2855
109000013,2314,1739,575
109000014,1331,3862,-2531
109000015,2640,3644,-1004
109000016,9694,4407,5287
109000017,1438,1127,311
109000018,707,3912,-3205
109000019,1950,1138,812
109000020,1249,2346,-1097
109000023,149,31,118
109000024,9,124,-115
109000025,334,362,-28
109000026,650,260,390
109000027,73,212,-139
109000028,82,82,0
109000029,100,141,-41
109000030,74,578,-504
109000031,87,98,-11
109000032,49,544,-495
109000033,210,82,128
109000034,49,45,4
109000035,12,25,-13
109000036,67,395,-328
109000037,155,589,-434
109000038,442,346,96
109000039,563,370,193
109000040,5339,3711,1628
109000041,5316,1082,4234
109000042,927,1089,-162
109000044,213,58,155
109000045,70,498,-428
109000046,220,46,174
109000047,64,463,-399
109000048,615,118,497
109000049,206,502,-296
109000050,241,208,33
109000051,284,257,27
109000052,323,1891,-1568
109000053,80,51,29
109000054,72,675,-603
109000055,83,149,-66
109000056,157,518,-361
109000057,199,183,16
109000058,648,217,431
109000059,522,894,-372
109000060,284,224,60
109000061,1513,473,1040
109000062,94,205,-111
109000063,142,170,-28
109000064,68,140,-72
109000065,67,303,-236
109000066,217,113,104
109000067,26,398,-372
109000068,742,5,737
109000069,851,17,834
109000070,15,873,-858
109000071,206,73,133
109000072,74,362,-288
109000073,39,73,-34
109000074,18,227,-209
109000075,48,406,-358
109000076,75,160,-85
109000077,335,282,53
109000078,35,98,-63
109000079,141,276,-135
109000080,115,113,2
109000081,76,558,-482
109000082,275,247,28
109000083,128,927,-799
109000088,108,471,-363
109000089,203,21,182
109000090,140,523,-383
109000091,186,111,75
109000092,373,696,-323
109000093,157,158,-1
109000094,154,5,149
109000095,73,619,-546
109000096,375,187,188
109000097,63,157,-94
109000098,37,65,-28
109000099,568,379,189
109000100,178,528,-350
109000101,598,854,-256
109000102,264,848,-584
109000103,240,551,-311
109000104,751,621,130
109000105,298,1544,-1246
109000106,1051,540,511
109000107,370,2117,-1747
109000108,962,392,570
109000109,295,1889,-1594
109000110,803,409,394
109000111,776,2249,-1473
109000112,245,113,132
109000113,128,117,11
109000114,109,410,-301
109000115,921,116,805
109000116,9,201,-192
109000117,98,123,-25
109000118,12,344,-332
109000119,606,402,204
109000120,139,1329,-1190
109000121,134,63,71
109000122,77,1236,-1159
109000123,18,112,-94
109000124,368,335,33
109000125,398,327,71
109000126,280,939,-659
109000127,320,166,154
109000128,306,2524,-2218
109000129,1056,480,576
109000130,613,2971,-2358
109000131,519,277,242
109000132,540,1917,-1377
109000133,249,1133,-884
109000134,575,1462,-887
109000135,904,1427,-523
109000136,235,402,-167
109000137,120,257,-137
109000138,313,508,-195
109000139,269,446,-177
109000140,73,496,-423
109000141,241,498,-257
109000142,134,649,-515
109000143,59,52,7
109000145,57,238,-181
109000146,99,83,16
109000148,3577,751,2826
109000149,14,26,-12
109000150,129,179,-50
109000155,369,512,-143
109000156,989,818,171
109000158,29,217,-188
109000159,49,646,-597
109000160,485,284,201
109000161,205,1355,-1150
109000162,1183,1006,177
109000163,683,1818,-1135
109000164,772,2656,-1884
109000165,839,627,212
109000166,377,127,250
109000167,101,1056,-955
109000170,53,58,-5
109000171,44,56,-12
109000172,21,49,-28
109000173,23,77,-54
109000174,24,73,-49
109000175,29,100,-71
109000176,159,244,-85
109000177,14,129,-115
109000178,338,456,-118
109000179,6893,2297,4596
109000180,4539,2462,2077
109000181,11,45,-34
109000182,42,62,-20
109000183,18,48,-30
109000184,31,23,8
109000185,17,95,-78
109000188,317,2950,-2633
109000189,1555,851,704
109000190,344,597,-253
109000191,125,678,-553
109000192,218,196,22
109000193,111,440,-329
109000194,87,128,-41
109000195,47,542,-495
109000196,121,79,42
109000197,100,527,-427
109000198,168,58,110
109000199,61,549,-488
109000206,186,27,159
109000207,113,32,81
109000208,78,53,25
109000209,130,122,8
109000210,191,534,-343
109000211,233,314,-81
109000214,203,705,-502
109000215,64,45,19
109000216,174,123,51
109000217,150,59,91
109000218,245,117,128
109000221,280,1211,-931
109000222,572,127,445
109000223,172,201,-29
109000224,29,366,-337
109000225,52,51,1
109000226,46,333,-287
109000227,624,1473,-849
109000228,0,227,-227
109000231,2,525,-523
109000232,224,402,-178
109000236,151,849,-698
109000241,1422,2111,-689
109000242,1077,1344,-267
109000293,17,48,-31
109000361,75,256,-181
109000364,136,576,-440
109000396,3,884,-881
109000397,263,2,261
109000399,128,653,-525
109000400,72,382,-310
109000403,48,285,-237
109000406,366,22,344
109000407,135,236,-101
109000408,0,921,-921
109000410,539,154,385
109000411,87,19,68
109900001,52,10,42
109900002,379,8,371
109900003,94,1,93
109900004,516,186,330
109900005,14,5,9
109900006,207,328,-121
109900007,300,981,-681
109900008,0,40,-40
109900009,75,823,-748
109900010,237,17,220
109900011,41,34,7
109900012,126,131,-5
109900013,230,90,140
109900014,147,36,111
109900015,316,118,198
109900016,58,37,21
109900017,51,85,-34
109900018,94,139,-45
109900019,85,76,9
109900020,10,20,-10
109900021,12,11,1
109900022,61,415,-354
109900023,5,3,2
109900024,10,0,10
109900025,7,95,-88
109900026,3,166,-163
109900027,32,40,-8
109900028,2389,431,1958
109900029,11,639,-628
109900030,15,1,14
109900031,0,62,-62
109900032,5,307,-302
109900033,1,576,-575
109900034,9,1,8
109900035,7,20,-13
109900036,4,109,-105
109900037,19,634,-615
109900038,41,235,-194
109900039,9,0,9
109900040,12,711,-699
109900041,31,512,-481
109900042,3,426,-423
109900044,43,285,-242
109900045,111,34,77
109900046,44,71,-27
109900047,229,324,-95
109900048,1,91,-90
109900049,5,21,-16
109900050,3,358,-355
109900051,0,38,-38
109900052,46,293,-247
109900053,3,600,-597
109900054,279,167,112
109900055,12,207,-195
109900056,14,130,-116
109900057,3,272,-269
109900058,1,112,-111
109900059,305,78,227
109900060,290,160,130
109900061,60,263,-203
109900062,1,343,-342
109900063,6,264,-258
109900064,224,262,-38
109900065,113,83,30
109900066,216,1089,-873
109900067,2,545,-543
109900068,26,7,19
109900069,1,32,-31
109900070,30,316,-286
109900071,0,23,-23
109900072,8,117,-109
109900073,164,900,-736
109900074,6,45,-39
109900075,8,26,-18
109900076,17,663,-646
109900077,36,44,-8
109900078,72,279,-207
109900080,89,323,-234
109900081,14,88,-74
109900082,33,484,-451
109900083,14,36,-22
109900084,48,125,-77
109900085,154,1257,-1103
109900086,97,214,-117
109900087,248,326,-78
109900089,281,87,194
109900090,414,1244,-830
109900091,119,96,23
109900092,156,14,142
109900093,328,72,256
109900094,22,84,-62
109900095,93,224,-131
109900096,21,1,20
109900097,54,3,51
109900098,201,18,183
109900099,83,2,81
109900100,22,0,22
109900101,221,3,218
109900102,286,20,266
109900103,4,46,-42
109900104,182,1343,-1161
109900105,265,23,242
109900106,103,42,61
109900107,181,80,101
109900108,51,482,-431
109900109,7,168,-161
109900110,39,511,-472
109900111,248,1334,-1086
109900112,378,1026,-648
109900113,374,314,60
109900114,467,349,118
109900115,95,106,-11
109900117,447,89,358
109900118,208,419,-211
109900119,568,269,299
109900120,47,9,38
109900121,256,198,58
109900122,205,0,205
109900123,12,180,-168
109900124,27,946,-919
109900125,1,254,-253
109900126,85,189,-104
109900128,154,58,96
109900130,12608,1137,11471
109900131,41,127,-86
109900132,31,190,-159
109900133,58,421,-363
109900134,41,46,-5
109900135,457,89,368
109900136,15,146,-131
109900137,55,410,-355
109900140,123,293,-170
109900142,495,203,292
109900145,3,134,-131
109900146,292,27,265
109900148,28,87,-59
109900149,32,62,-30
109900150,5,64,-59
109900151,1,62,-61
109900152,3,23,-20
109900153,0,51,-51
109900154,14,0,14
109900155,23,5,18
109900157,45,281,-236
109900158,35,103,-68
109900159,99,11,88
109900160,67,38,29
109900161,140,51,89
109900162,74,53,21
109900163,653,232,421
109900164,31,222,-191
109900165,155,1,154
109900166,1,171,-170
109900167,152,657,-505
109900168,113,653,-540
109900169,81,148,-67
109900170,179,389,-210
109900171,86,64,22
109900172,73,115,-42
109900173,4189,1196,2993
109900174,40,177,-137
109900175,28,55,-27
109900176,74,191,-117
109900177,16,299,-283
109900178,3,98,-95
109900179,25,22,3
109900180,1,12,-11
110000001,602,488,114
110000002,494,510,-16
110000003,816,640,176
110000004,470,467,3
110000005,703,881,-178
110000006,645,301,344
110000007,95,168,-73
110000008,12,65,-53
110000009,28,33,-5
110000010,22,66,-44
110000011,21,88,-67
110000012,650,440,210
110000013,26,292,-266
110000014,654,386,268
110000015,218,422,-204
110000016,250,740,-490
110000017,3923,222,3701
110000018,3639,475,3164
110000019,7,143,-136
110000020,436,212,224
110000021,408,362,46
110000022,428,127,301
110000023,9,159,-150
110000024,473,409,64
110000025,99,2,97
110000026,6,585,-579
110000027,493,287,206
110000028,561,649,-88
110000029,516,992,-476
110000030,200,282,-82
110000031,154,616,-462
110000032,534,430,104
110000033,103,77,26
110000034,156,793,-637
110000035,318,1042,-724
110000036,326,717,-391
110000037,82,644,-562
110000038,146,538,-392
110000039,501,1268,-767
110000040,222,519,-297
110000041,181,626,-445
110000042,114,298,-184
110000043,462,187,275
110000044,62,50,12
110000045,202,94,108
110000046,1,7,-6
110000047,5,13,-8
110000048,16,7,9
110000049,26,3,23
110000050,5,5,0
110000051,16,7,9
110000052,20,21,-1
110000053,53,4,49
110000054,86,179,-93
110000055,217,13,204
110000056,149,57,92
110000057,187,872,-685
110000058,604,565,39
110000059,563,546,17
110000060,430,728,-298
110000061,775,800,-25
110000062,644,655,-11
110000063,33,87,-54
110000064,37,88,-51
110000065,30,81,-51
110000066,43,54,-11
110000067,52,317,-265
110000068,134,617,-483
110000069,106,106,0
110000071,64,132,-68
110000073,1,13,-12
110000075,11,94,-83
110000076,259,170,89
110000077,455,345,110
110000078,14,49,-35
110000080,232,598,-366
110000081,16,219,-203
110000082,41,202,-161
110000083,199,580,-381
110000084,584,478,106
110000085,2973,1321,1652
110000086,1123,1004,119
110000087,1,55,-54
110000088,18,239,-221
110000089,218,160,58
110000090,41,295,-254
110000091,1944,256,1688
110000092,18,76,-58
110000093,25,8,17
110000094,380,268,112
110000095,60,528,-468
110000096,4155,1658,2497
110000097,798,890,-92
110000098,1366,558,808
110000099,689,1402,-713
110000100,294,828,-534
110000101,30,559,-529
110000102,26,24,2
110000104,102,92,10
110000105,48,304,-256
110000106,425,244,181
110000107,331,377,-46
110000108,152,42,110
110000109,227,302,-75
110000110,4820,2634,2186
110000111,8114,1808,6306
110000112,1426,387,1039
110000113,679,966,-287
110000114,90,341,-251
110000115,178,230,-52
110000116,14,34,-20
110000117,91,663,-572
110000118,221,224,-3
110000119,113,378,-265
110000120,198,190,8
110000121,88,284,-196
110000122,214,585,-371
110000123,290,394,-104
110000124,1,836,-835
110000125,682,2,680
110000126,180,29,151
110000127,501,28,473
110000128,20,1340,-1320
110000129,6,732,-726
110000130,115,64,51
110000131,90,561,-471
110000132,3,756,-753
110000133,22,236,-214
110000134,12,254,-242
110000135,136,20,116
110000136,25,289,-264
110000137,286,692,-406
110000138,314,954,-640
110000139,462,1535,-1073
110000140,691,358,333
110000143,623,392,231
110000144,4202,954,3248
110000145,1023,606,417
110000146,1349,591,758
110000147,249,585,-336
110000148,269,370,-101
110000151,728,529,199
110000152,625,260,365
110000153,20,109,-89
110000154,5,11,-6
110000155,1226,1925,-699
110000156,627,1207,-580
110000157,887,1308,-421
110000160,282,382,-100
110000161,100,419,-319
110000166,238,103,135
110000167,438,441,-3
110000168,605,274,331
110000169,505,258,247
110000170,68,83,-15
110000171,451,174,277
110000172,152,793,-641
110000173,1171,1249,-78
110000174,63,1497,-1434
110000175,307,106,201
110000176,29,244,-215
110000177,129,643,-514
110000178,385,622,-237
110000179,1389,328,1061
110000180,81,330,-249
110000181,148,299,-151
110000182,379,244,135
110000183,11267,4058,7209
110000184,718,1537,-819
110000185,486,573,-87
110000186,583,511,72
110000191,289,421,-132
110000192,207,0,207
110000193,282,7,275
110000194,11,1492,-1481
110000195,248,436,-188
110000196,213,583,-370
110000197,34,298,-264
110000198,63,88,-25
110000199,44,124,-80
110000200,1180,550,630
110000201,365,551,-186
110000202,928,420,508
110000203,632,855,-223
110000204,2,410,-408
110000205,77,63,14
110000206,534,1862,-1328
110000207,347,343,4
110000208,107,71,36
110000209,80,893,-813
110000210,393,653,-260
110000211,331,732,-401
110000212,314,781,-467
110000213,89,82,7
110000214,75,122,-47
110000215,84,587,-503
110000216,41,692,-651
110000217,165,240,-75
110000218,97,519,-422
110000219,184,84,100
110000220,18,412,-394
110000221,153,76,77
110000222,18,351,-333
110000223,12,75,-63
110000224,97,15,82
110000225,181,557,-376
110000226,155,69,86
110000227,463,422,41
110000228,357,340,17
110000229,2,260,-258
110000230,336,664,-328
110000231,166,175,-9
110000232,80,208,-128
110000233,114,276,-162
110000234,349,328,21
110000235,1092,767,325
110000236,268,971,-703
110000237,965,1018,-53
110000238,717,1205,-488
110000239,933,1317,-384
110000240,1,133,-132
110000242,0,12,-12
110000243,47,216,-169
110000244,91,392,-301
110000245,45,443,-398
110000246,388,629,-241
110000247,1614,3527,-1913
110000248,2428,1370,1058
110000249,95,12,83
110000250,6,188,-182
110000251,83,488,-405
110000252,148,267,-119
110000253,872,405,467
110000254,697,1354,-657
110000255,139,1254,-1115
110000256,280,161,119
110000257,524,385,139
110000258,0,505,-505
110000259,38,20,18
110000260,18,487,-469
110000263,664,82,582
110000264,148,587,-439
110000265,805,1172,-367
110000266,1392,1784,-392
110000267,7,175,-168
110000268,246,585,-339
110000269,1,80,-79
110000270,33,4,29
110000271,2237,246,1991
110000272,747,759,-12
110000273,2133,1147,986
110000274,147,737,-590
110000275,3215,407,2808
110000276,90,183,-93
110000277,94,423,-329
110000278,188,863,-675
110000279,488,659,-171
110000280,178,397,-219
110000281,31,158,-127
110000282,138,31,107
110000283,52,97,-45
110000284,47,49,-2
110000285,2,181,-179
110000286,38,0,38
110000287,36,2,34
110000288,2,54,-52
110000289,421,1181,-760
110000290,1243,523,720
110000291,5977,1423,4554
110000292,1080,3066,-1986
110000293,306,1168,-862
110000294,445,756,-311
110000295,70,896,-826
110000296,199,244,-45
110000297,2540,282,2258
110000298,341,488,-147
110000299,619,32,587
110000301,125,11,114
110000302,212,1500,-1288
110000303,237,1,236
110000304,87,268,-181
110000305,458,11,447
110000306,86,2030,-1944
110000307,734,5,729
110000308,243,4,239
110000309,11,1419,-1408
110000310,349,64,285
110000311,18,865,-847
110000312,459,51,408
110000313,2684,1963,721
110000314,2,204,-202
110000315,2601,1486,1115
110000316,610,1039,-429
110000317,370,272,98
110000318,0,79,-79
110000319,12,21,-9
110000320,20,56,-36
110000321,13,55,-42
110000322,166,566,-400
110000323,174,227,-53
110000324,5090,1015,4075
110000325,2080,1749,331
110000327,301,191,110
110000328,154,527,-373
110000333,417,423,-6
110000334,526,1359,-833
110000335,790,487,303
110000336,328,1417,-1089
110000337,623,541,82
110000338,149,274,-125
110000339,97,268,-171
110000340,14,188,-174
110000341,188,567,-379
110000342,290,2,288
110000343,0,7,-7
110000344,41,164,-123
110000345,100,72,28
110000346,2097,1112,985
110000347,863,638,225
110000348,10,33,-23
110000349,10,31,-21
110000350,36,4,32
110000351,488,794,-306
110000352,409,1294,-885
110000353,3119,666,2453
110000354,617,1455,-838
110000355,63,57,6
110000356,541,5,536
110000357,148,7,141
110000361,9,122,-113
110000362,24,61,-37
110000363,122,153,-31
110000364,82,373,-291
110000365,115,3,112
110000366,0,106,-106
110000367,197,207,-10
110000368,2,80,-78
110000369,22,3,19
110000373,9,423,-414
110000374,59,10,49
110000375,123,672,-549
110000376,23,126,-103
110000377,65,304,-239
110000378,36,294,-258
110000379,3849,968,2881
110000380,51,8,43
110000383,2,891,-889
110000384,2417,687,1730
110000385,1,131,-130
110000387,38,10,28
110000388,31,216,-185
110000389,294,6,288
110000391,221,386,-165
110000396,66,128,-62
110000397,64,208,-144
110000398,7,38,-31
110000399,136,0,136
110000587,36,34,2
110000589,201,200,1
110000640,126,106,20
110000652,9,98,-89
110000653,151,511,-360
110000654,16,33,-17
110000656,6,772,-766
110000674,24,13,11
110000675,51,12,39
110000676,14,46,-32
110000679,650,593,57
110000682,101,132,-31
110000683,300,522,-222
110000684,2,88,-86
110000685,6,3,3
110000686,3,31,-28
110000687,11,0,11
110000688,47,521,-474
110000689,30,62,-32
110000692,50,241,-191
110000693,69,211,-142
110000694,1,105,-104
110000695,130,711,-581
110000696,124,132,-8
110900001,197,11,186
110900002,118,232,-114
110900003,302,964,-662
110900004,151,237,-86
110900005,3839,1004,2835
110900006,38,6,32
110900007,53,10,43
110900008,13,71,-58
110900009,289,32,257
110900010,16,71,-55
110900011,7,115,-108
110900012,2,121,-119
110900013,488,168,320
110900014,74,6,68
110900015,945,408,537
110900016,14,188,-174
110900017,203,58,145
110900018,293,53,240
110900019,64,14,50
110900020,37,513,-476
110900021,65,666,-601
110900022,64,385,-321
110900023,75,591,-516
110900024,28,555,-527
110900025,1,55,-54
110900027,22,316,-294
110900028,25,204,-179
110900029,24,499,-475
110900030,15,326,-311
110900031,11,147,-136
110900032,0,111,-111
110900033,19,354,-335
110900035,18,436,-418
110900036,44,21,23
110900037,38,25,13
110900038,1440,299,1141
110900039,4,256,-252
110900040,132,23,109
110900041,2,209,-207
110900042,55,46,9
110900043,3,150,-147
110900044,299,23,276
110900045,41,591,-550
110900046,118,382,-264
110900047,745,104,641
110900049,21,55,-34
110900050,5,3,2
110900051,31,165,-134
110900052,20,200,-180
110900053,49,74,-25
110900054,21,386,-365
110900055,21,4,17
110900056,30,114,-84
110900057,8,265,-257
110900058,93,213,-120
110900059,450,875,-425
110900060,270,99,171
110900061,36,40,-4
110900062,84,376,-292
110900063,22,83,-61
110900064,8,0,8
110900065,449,92,357
110900066,7,82,-75
110900067,527,408,119
110900068,214,286,-72
110900069,1,33,-32
110900070,87,81,6
110900071,305,278,27
110900073,0,18,-18
110900074,166,75,91
110900075,216,45,171
110900077,239,358,-119
110900078,5,115,-110
110900079,2559,605,1954
110900080,79,53,26
110900081,1,109,-108
110900082,65,260,-195
110900083,43,20,23
110900084,22,184,-162
110900085,34,391,-357
110900086,39,159,-120
110900087,136,57,79
110900088,6,0,6
110900090,22,17,5
110900091,4,78,-74
110900093,139,79,60
110900095,34,37,-3
110900097,6,27,-21
110900098,31,122,-91
110900099,63,595,-532
110900100,0,20,-20
110900102,21,26,-5
110900105,598,445,153
110900108,4,148,-144
110900111,267,59,208
110900112,401,3,398
110900113,544,43,501
110900115,7,144,-137
110900116,259,2409,-2150
110900118,126,1175,-1049
110900119,5584,229,5355
110900120,0,158,-158
110900121,46,1,45
110900122,167,114,53
110900125,206,227,-21
110900127,379,637,-258
110900128,468,295,173
110900129,295,280,15
110900130,1267,267,1000
110900131,83,34,49
110900132,150,36,114
110900133,45,307,-262
110900135,40,518,-478
110900136,167,15,152
110900139,20,2,18
110900140,0,0,0
110900141,119,89,30
110900142,36,214,-178
110900143,80,74,6
110900144,2,753,-751
110900145,65,10,55
110900146,217,35,182
110900147,199,253,-54
110900148,7,342,-335
110900149,1,67,-66
110900150,16,16,0
110900151,4,61,-57
110900152,21,418,-397
110900153,61,36,25
111000001,296,393,-97
111000002,591,642,-51
111000003,568,465,103
111000004,450,1210,-760
111000005,811,664,147
111000006,801,1330,-529
111000007,3934,1581,2353
111000008,3243,3007,236
111000009,330,856,-526
111000010,559,226,333
111000011,437,906,-469
111000012,499,305,194
111000013,244,1237,-993
111000014,749,569,180
111000017,153,519,-366
111000018,211,393,-182
111000020,2138,2187,-49
111000021,103,126,-23
111000023,90,172,-82
111000025,6903,2174,4729
111000029,50,143,-93
111000030,38,99,-61
111000031,1866,718,1148
111000032,511,179,332
111000033,259,143,116
111000034,259,212,47
111000037,2979,1531,1448
111000038,2820,2090,730
111000039,1331,2355,-1024
111000040,1220,2636,-1416
111000041,1581,1495,86
111000042,6095,2725,3370
111000043,1629,1534,95
111000044,971,638,333
111000045,1145,1426,-281
111000046,745,1118,-373
111000047,1582,2020,-438
111000049,302,556,-254
111000050,1842,1862,-20
111000051,392,1176,-784
111000052,537,1510,-973
111000053,298,1108,-810
111000054,182,1135,-953
111000055,1164,2048,-884
111000056,87,626,-539
111000057,91,1100,-1009
111000058,157,120,37
111000059,203,301,-98
111000060,2095,688,1407
111000061,276,326,-50
111000062,482,224,258
111000063,1387,735,652
111000064,369,472,-103
111000065,729,585,144
111000066,226,253,-27
111000067,278,643,-365
111000068,233,765,-532
111000069,1510,1856,-346
111000070,2279,1226,1053
111000071,264,737,-473
111000072,497,362,135
111000073,157,579,-422
111000074,1227,1349,-122
111000075,564,617,-53
111000076,226,797,-571
111000077,743,727,16
111000078,1767,1175,592
111000079,1346,766,580
111000080,340,655,-315
111000081,2242,2612,-370
111000082,506,729,-223
111000084,482,476,6
111000085,822,1696,-874
111000086,3098,1389,1709
111000087,697,927,-230
111000088,5822,1762,4060
111000089,558,957,-399
111000090,1042,1447,-405
111000091,549,795,-246
111000092,716,1089,-373
111000093,400,678,-278
111000094,1425,790,635
111000095,853,1787,-934
111000096,2703,5962,-3259
111000097,6058,1060,4998
111000098,469,1256,-787
111000099,371,2782,-2411
111000100,273,2598,-2325
111000101,390,941,-551
111000102,113,880,-767
111000104,269,226,43
111000107,30,789,-759
111000109,209,231,-22
111000110,796,505,291
111000111,938,428,510
111000112,853,224,629
111000113,642,559,83
111000114,1682,1526,156
111000115,7620,762,6858
111000116,798,715,83
111000117,452,792,-340
111000118,1372,945,427
111000119,689,1539,-850
111000120,306,500,-194
111000121,251,572,-321
111000122,385,1154,-769
111000123,678,3351,-2673
111000124,347,3970,-3623
111000125,147,2104,-1957
111000126,70,1071,-1001
111000127,414,190,224
111000128,828,378,450
111000129,1331,462,869
111000130,1045,610,435
111000131,674,502,172
111000132,571,359,212
111000133,80,193,-113
111000134,102,137,-35
111000135,45,109,-64
111000136,209,270,-61
111000138,5,12,-7
111000140,2,4,-2
111000141,182,307,-125
111000142,37,152,-115
111000143,5,102,-97
111000144,21,162,-141
111000145,734,14,720
111000146,59,9,50
111000147,282,23,259
111000148,120,61,59
111000149,3,28,-25
111000150,8,8,0
111000151,0,10,-10
111000153,507,601,-94
111000154,806,215,591
111000155,109,144,-35
111000156,328,274,54
111000157,161,404,-243
111000158,807,435,372
111000159,2496,525,1971
111000160,217,464,-247
111000161,27,253,-226
111000162,7,175,-168
111000163,402,669,-267
111000164,720,2094,-1374
111000165,1188,462,726
111000166,1326,327,999
111000167,164,490,-326
111000168,196,403,-207
111000169,317,598,-281
111000170,402,496,-94
111000171,393,1082,-689
111000172,96,871,-775
111000173,177,1689,-1512
111000174,109,616,-507
111000175,46,269,-223
111000176,113,170,-57
111000177,119,312,-193
111000178,443,409,34
111000179,106,217,-111
111000180,117,317,-200
111000181,483,280,203
111000182,112,166,-54
111000183,167,241,-74
111000184,292,234,58
111000185,310,509,-199
111000186,192,330,-138
111000187,70,270,-200
111000188,118,533,-415
111000189,1627,609,1018
111000190,212,537,-325
111000191,135,462,-327
111000192,202,752,-550
111000193,416,414,2
111000194,26,497,-471
111000195,86,511,-425
111000196,45,361,-316
111000197,208,209,-1
111000198,315,140,175
111000199,65,152,-87
111000200,107,331,-224
111000201,287,211,76
111000202,173,197,-24
111000203,171,174,-3
111000204,339,516,-177
111000213,118,348,-230
111000214,961,1666,-705
111000215,783,1367,-584
111000217,914,1150,-236
111000218,726,960,-234
111000219,332,229,103
111000220,2794,380,2414
111000221,686,122,564
111000224,86,293,-207
111000225,255,168,87
111000226,167,0,167
111000227,37,3,34
111000228,3,192,-189
111000229,13,325,-312
111000230,164,527,-363
111000231,555,1416,-861
111000232,211,837,-626
111000233,318,679,-361
111000234,73,189,-116
111000239,117,223,-106
111000240,12,104,-92
111000241,15,441,-426
111000242,67,49,18
111000243,76,894,-818
111000244,149,96,53
111000245,459,569,-110
111000246,239,704,-465
111000247,130,1184,-1054
111000248,302,403,-101
111000249,420,830,-410
111000250,31,141,-110
111000251,19,137,-118
111000253,6,8,-2
111000255,16,9,7
111000257,62,20,42
111000260,45,1305,-1260
111000261,461,68,393
111000271,64,327,-263
111000273,6205,1563,4642
111000274,873,1436,-563
111000275,108,85,23
111000276,230,2496,-2266
111000277,91,434,-343
111000278,370,251,119
111000291,515,2459,-1944
111000298,266,210,56
111000299,451,98,353
111000300,92,657,-565
111000302,169,76,93
111000303,62,312,-250
111000312,43,67,-24
111000315,36,338,-302
111000320,248,599,-351
111000321,192,54,138
111000322,170,594,-424
111000323,94,9,85
111000324,267,246,21
111000325,10,57,-47
111000326,93,402,-309
111000327,271,613,-342
111000328,132,448,-316
111000329,0,23,-23
111000330,25,11,14
111000331,55,12,43
111000332,543,1703,-1160
111000334,309,1629,-1320
111000335,288,174,114
111000337,413,369,44
111000338,28,160,-132
111000339,138,599,-461
111000340,75,911,-836
111000341,628,303,325
111000342,161,366,-205
111000344,576,693,-117
111000345,236,41,195
111000346,39,107,-68
111000347,29,3,26
111000350,106,138,-32
111000351,78,226,-148
111000352,96,124,-28
111000353,51,201,-150
111000354,281,180,101
111000355,247,601,-354
111000358,73,1898,-1825
111000360,70,980,-910
111000361,75,477,-402
111000546,269,683,-414
111000547,168,787,-619
111000548,47,186,-139
111000549,155,478,-323
111000550,103,413,-310
111000551,640,143,497
111000552,790,88,702
111000907,182,20,162
111000908,8,0,8
111000916,563,266,297
111000917,29,405,-376
111000918,116,1265,-1149
111000920,207,13,194
111000921,1,392,-391
111000922,196,270,-74
111000924,38,1184,-1146
111000925,1202,1459,-257
111000926,947,2873,-1926
111000927,2694,2937,-243
111000928,5564,3714,1850
111000929,649,819,-170
111000930,532,2453,-1921
111000931,1304,1371,-67
111000932,3450,2271,1179
111000933,2935,1580,1355
111000934,2210,2783,-573
111000935,661,971,-310
111000936,669,2360,-1691
111000937,609,1040,-431
111000938,1713,2596,-883
111000939,191,71,120
111000940,179,259,-80
111000941,137,710,-573
111000943,183,243,-60
111000944,105,677,-572
111000945,65,2380,-2315
111001109,355,178,177
111001110,174,719,-545
111001111,25,3,22
111001112,93,1,92
111001113,9,105,-96
111001114,1304,89,1215
111001115,149,290,-141
111001116,5927,1682,4245
111001117,689,921,-232
111001120,76,387,-311
111001121,147,365,-218
111001122,157,731,-574
111001123,115,154,-39
111001124,63,463,-400
111001125,0,18,-18
111001126,0,0,0
111001127,0,89,-89
111900001,1,348,-347
111900002,4,845,-841
111900003,4,425,-421
111900004,11,161,-150
111900006,2,6,-4
111900007,39,1,38
111900008,57,1,56
111900009,38,1,37
111900010,277,577,-300
111900012,69,103,-34
111900013,8,47,-39
111900014,7857,1820,6037
111900015,1,49,-48
111900016,0,159,-159
111900017,1,169,-168
111900018,42,0,42
111900019,2,55,-53
111900020,2,39,-37
111900021,38,64,-26
111900022,22,54,-32
111900023,147,73,74
111900024,6,79,-73
111900025,0,29,-29
111900026,2,132,-130
111900027,9,175,-166
111900028,3,468,-465
111900029,4,86,-82
111900030,36,418,-382
111900031,1,27,-26
111900032,3,505,-502
111900033,12,94,-82
111900034,269,704,-435
111900035,13,219,-206
111900036,3,403,-400
111900038,309,687,-378
111900039,36,437,-401
111900040,6,719,-713
111900042,17,83,-66
111900043,3,480,-477
111900044,222,256,-34
111900046,69,229,-160
111900048,99,1020,-921
111900049,20,312,-292
111900050,67,4,63
111900051,3,353,-350
111900052,444,558,-114
111900053,1409,393,1016
111900054,42,1,41
111900055,27,785,-758
111900056,223,90,133
111900057,41,62,-21
111900058,145,1020,-875
111900059,2670,228,2442
111900060,195,1,194
111900061,10,291,-281
111900062,17,32,-15
111900063,104,209,-105
111900064,182,297,-115
111900065,34,14,20
111900066,85,118,-33
111900067,0,343,-343
111900068,10,19,-9
111900069,29,12,17
111900070,49,138,-89
111900071,1,333,-332
111900072,20,7,13
111900073,241,79,162
111900074,9,162,-153
111900075,27,3,24
111900076,54,16,38
111900077,21,1,20
111900078,100,6,94
111900079,25,10,15
111900080,165,125,40
111900082,61,12,49
111900083,34,6,28
111900084,16,2,14
111900085,15,34,-19
111900086,44,2,42
111900087,16,0,16
111900088,233,8,225
111900089,16,3,13
111900090,52,17,35
111900091,106,4,102
111900092,26,0,26
111900093,121,1,120
111900094,28,0,28
111900095,87,9,78
111900096,63,2,61
111900097,14,0,14
111900098,77,1,76
111900099,21,0,21
111900100,52,3,49
111900101,38,14,24
111900102,149,762,-613
111900103,59,34,25
111900104,85,62,23
111900105,193,117,76
111900106,1341,51,1290
111900110,3071,279,2792
111900111,40,265,-225
111900112,680,977,-297
111900113,288,91,197
111900118,231,39,192
111900119,169,64,105
111900122,72,16,56
111900123,11,13,-2
111900124,22,121,-99
111900125,209,9,200
111900126,90,0,90
111900127,1,665,-664
111900128,3,665,-662
111900129,113,3,110
111900130,77,7,70
111900131,149,3,146
111900132,27,1492,-1465
111900133,0,330,-330
111900134,27,355,-328
111900135,5,13,-8
111900136,57,97,-40
111900137,41,58,-17
111900138,8,107,-99
111900139,15,195,-180
111900140,22,15,7
111900141,15,7,8
111900142,35,40,-5
111900143,13,316,-303
111900144,0,135,-135
111900145,6,730,-724
111900146,1,443,-442
111900147,152,593,-441
111900148,21,957,-936
111900149,6,436,-430
111900150,34,231,-197
111900151,0,12,-12
111900152,79,41,38
111900153,1548,198,1350
111900154,7,155,-148
111900155,56,33,23
111900156,19,18,1
111900157,34,7,27
111900158,236,19,217
111900159,119,9,110
111900160,101,1,100
111900161,42,0,42
111900162,73,89,-16
111900163,44,271,-227
111900164,98,35,63
111901113,145,252,-107
111901114,99,440,-341
111901115,27,0,27
111901116,13,0,13
111901117,14,22,-8
111901118,149,107,42
111901119,1301,82,1219
111901121,170,352,-182
111901122,3,626,-623
111901123,58,477,-419
111901124,82,2,80
111901125,86,224,-138
111901127,990,149,841
111901128,10,88,-78
111901129,1,169,-168
111901130,8,311,-303
111901131,4,340,-336
111901132,24,6,18
111901133,26,1,25
111901134,26,3,23
111901135,9,6,3
111901136,1,8,-7
111901138,92,41,51
111901139,9,54,-45
111901140,4,173,-169
111901141,6,244,-238
111901142,8,199,-191
111901143,1,97,-96
111901144,31,17,14
111901145,133,158,-25
111901146,317,6,311
111901147,843,70,773
111901148,12,30,-18
111901149,3,1,2
111901150,10,1,9
112000001,981,642,339
112000002,738,2446,-1708
112000003,464,771,-307
112000004,491,1703,-1212
112000005,1537,1383,154
112000006,1302,1954,-652
112000007,1405,1149,256
112000008,1765,2811,-1046
112000009,3736,3567,169
112000010,1607,2126,-519
112000011,1357,2148,-791
112000012,3984,1600,2384
112000013,4580,2769,1811
112000014,1924,638,1286
112000015,2689,2068,621
112000016,2845,584,2261
112000017,1301,1150,151
112000024,2038,577,1461
112000026,4321,4890,-569
112000027,696,388,308
112000028,1617,1720,-103
112000029,273,448,-175
112000030,176,102,74
112000031,1069,2159,-1090
112000032,431,48,383
112000033,1548,761,787
112000034,188,27,161
112000035,55,165,-110
112000036,594,422,172
112000037,505,741,-236
112000038,596,697,-101
112000039,20,72,-52
112000040,131,316,-185
112000041,451,443,8
112000042,926,315,611
112000050,735,1093,-358
112000051,547,663,-116
112000054,1469,2506,-1037
112000057,396,261,135
112000058,251,382,-131
112000059,559,449,110
112000061,4956,1501,3455
112000062,2478,498,1980
112000063,1780,604,1176
112000064,4546,5426,-880
112000065,2426,2659,-233
112000066,2889,921,1968
112000067,755,675,80
112000068,1699,1221,478
112000069,633,2077,-1444
112000070,1255,586,669
112000071,614,3165,-2551
112000072,905,819,86
112000073,1152,1662,-510
112000074,817,777,40
112000075,788,868,-80
112000076,2723,2958,-235
112000077,319,779,-460
112000078,874,686,188
112000079,789,1206,-417
112000080,395,880,-485
112000081,1072,1848,-776
112000082,960,636,324
112000083,534,1399,-865
112000084,869,620,249
112000085,742,1333,-591
112000086,949,1630,-681
112000087,220,457,-237
112000088,232,746,-514
112000089,156,278,-122
112000090,149,419,-270
112000091,600,1187,-587
112000092,842,546,296
112000093,1329,1053,276
112000094,315,757,-442
112000095,446,801,-355
112000096,504,1164,-660
112000097,607,512,95
112000098,716,1613,-897
112000099,481,623,-142
112000100,774,778,-4
112000101,354,976,-622
112000102,486,567,-81
112000103,186,1263,-1077
112000105,569,2565,-1996
112000106,728,420,308
112000107,33,121,-88
112000108,195,1951,-1756
112000109,118,121,-3
112000110,1078,464,614
112000111,1152,4092,-2940
112000112,1806,480,1326
112000113,863,2171,-1308
112000114,1284,838,446
112000115,152,517,-365
112000116,236,1077,-841
112000117,485,581,-96
112000118,627,867,-240
112000119,330,1130,-800
112000120,62,346,-284
112000121,52,803,-751
112000122,155,121,34
112000123,272,121,151
112000124,229,69,160
112000125,108,102,6
112000126,119,837,-718
112000127,2124,966,1158
112000128,1242,491,751
112000129,66,123,-57
112000130,73,55,18
112000131,19,494,-475
112000132,73,310,-237
112000133,166,294,-128
112000134,302,403,-101
112000135,526,603,-77
112000136,670,1264,-594
112000137,762,1130,-368
112000138,1051,1125,-74
112000139,733,278,455
112000140,1036,970,66
112000141,320,192,128
112000142,167,1008,-841
112000143,546,223,323
112000144,222,1885,-1663
112000145,1266,599,667
112000146,611,2683,-2072
112000147,1277,1430,-153
112000148,1569,2637,-1068
112000149,214,909,-695
112000150,85,753,-668
112000151,348,538,-190
112000152,158,376,-218
112000153,308,323,-15
112000154,91,142,-51
112000155,113,104,9
112000157,523,405,118
112000158,140,722,-582
112000159,204,207,-3
112000167,117,39,78
112000169,345,283,62
112000173,308,246,62
112000175,185,401,-216
112000176,4711,1661,3050
112000177,267,77,190
112000178,35,509,-474
112000179,108,177,-69
112000180,333,488,-155
112000181,878,1953,-1075
112000182,423,1886,-1463
112000183,25,45,-20
112000184,144,515,-371
112000185,172,576,-404
112000187,2210,2033,177
112000195,68,5,63
112000196,62,1,61
112000197,53,61,-8
112000198,18,421,-403
112000199,904,754,150
112000202,193,0,193
112000216,50,185,-135
112000230,24,2,22
112000231,1,355,-354
112000256,24,152,-128
112000313,99,133,-34
112000314,6,14,-8
112000337,164,499,-335
112000352,208,171,37
112000392,1649,1167,482
112000398,700,660,40
112000399,2311,1374,937
112000400,1519,3893,-2374
112000401,2614,3091,-477
112000402,1285,1758,-473
112000403,1624,1404,220
112000404,333,591,-258
112000405,1071,2139,-1068
112000406,3177,3413,-236
112000407,3341,4653,-1312
112000408,7608,6843,765
112000409,1543,5342,-3799
112000410,215,100,115
112000411,5128,676,4452
112000412,1102,315,787
112000413,9306,1942,7364
112000414,59,118,-59
112000415,73,46,27
112000416,1345,1286,59
112000417,157,47,110
112000421,23,203,-180
112000422,263,579,-316
112000424,2555,1376,1179
112000425,394,1557,-1163
112000426,97,393,-296
112000427,0,11,-11
112000428,92,572,-480
112000429,1668,2498,-830
112000430,1568,2694,-1126
112000431,40,92,-52
112000432,538,2328,-1790
112000433,493,580,-87
112000437,24,402,-378
112900001,15,2,13
112900002,135,1343,-1208
112900003,22,367,-345
112900004,29,433,-404
112900005,101,235,-134
112900006,3,437,-434
112900007,10,206,-196
112900008,3,12,-9
112900009,245,68,177
112900010,135,771,-636
112900011,305,308,-3
112900012,1,40,-39
112900013,0,148,-148
112900014,1,286,-285
112900015,317,860,-543
112900016,1,283,-282
112900017,32,231,-199
112900018,3,468,-465
112900019,62,131,-69
112900020,387,1481,-1094
112900021,2,429,-427
112900022,3,87,-84
112900023,1,294,-293
112900024,18,256,-238
112900025,58,201,-143
112900026,3,269,-266
112900027,2,1606,-1604
112900028,23,110,-87
112900029,11,701,-690
112900030,299,188,111
112900031,4,581,-577
112900032,100,234,-134
112900034,0,46,-46
112900035,4,550,-546
112900036,24,112,-88
112900037,175,131,44
112900038,257,134,123
112900039,17,364,-347
112900040,2,265,-263
112900041,1063,575,488
112900042,41,534,-493
112900043,25,65,-40
112900044,719,341,378
112900045,521,275,246
112900046,221,55,166
112900047,14,15,-1
112900049,83,84,-1
112900050,56,562,-506
112900051,307,677,-370
112900052,6,1164,-1158
112900053,279,79,200
112900054,244,23,221
112900055,123,20,103
112900056,229,129,100
112900057,13,879,-866
112900058,190,108,82
112900059,76,101,-25
112900060,10,218,-208
112900061,47,151,-104
112900062,31,137,-106
112900063,91,3,88
112900064,149,186,-37
112900065,13,7,6
112900066,118,65,53
112900067,563,173,390
112900068,26,15,11
112900069,2341,372,1969
112900071,24,6,18
112900072,222,590,-368
112900073,110,26,84
112900074,38,99,-61
112900075,1988,411,1577
112900076,100,3,97
112900078,151,177,-26
112900079,99,8,91
112900080,18,1,17
112900081,39,110,-71
112900082,205,18,187
112900083,44,37,7
112900084,66,58,8
112900086,37,1,36
112900087,291,68,223
112900088,53,4,49
112900089,339,4,335
112900090,10,11,-1
112900091,59,3,56
112900092,121,119,2
112900093,584,8,576
112900095,33,0,33
112900096,191,74,117
112900097,27,388,-361
112900098,29,0,29
112900099,353,8,345
112900100,13,0,13
112900101,97,3,94
112900102,34,3,31
112900103,96,2,94
112900104,42,3,39
112900105,6,0,6
112900106,302,63,239
112900107,6,0,6
112900108,47,0,47
112900109,51,0,51
112900110,388,7,381
112900111,341,4,337
112900112,119,1,118
112900113,0,27,-27
112900114,36,34,2
112900115,349,1,348
112900116,31,36,-5
112900117,116,116,0
112900118,45,57,-12
112900119,55,2,53
112900120,758,193,565
112900121,252,161,91
112900122,13,148,-135
112900123,137,8,129
112900124,3,125,-122
112900125,48,233,-185
112900126,100,260,-160
112900127,205,33,172
112900128,372,817,-445
112900129,2,929,-927
112900130,121,59,62
112900131,47,278,-231
112900132,70,401,-331
112900133,30,1168,-1138
112900134,2,263,-261
112900135,50,27,23
112900137,1,715,-714
112900138,1,503,-502
112900139,191,1169,-978
112900141,323,17,306
112900142,97,111,-14
112900143,48,677,-629
112900144,5,421,-416
112900145,44,484,-440
112900146,6,1620,-1614
112900147,10,2650,-2640
112900148,17,0,17
112900149,191,443,-252
112900151,27,40,-13
112900152,4614,996,3618
112900153,1716,983,733
112900154,0,93,-93
112900155,78,3,75
112900156,161,1786,-1625
112900157,147,232,-85
112900158,7,10,-3
112900159,96,38,58
112900160,16,232,-216
112900161,44,16,28
112900162,45,13,32
112900163,159,30,129
112900164,27,90,-63
112900165,71,34,37
112900166,17,44,-27
112900167,3,25,-22
112900168,2,4,-2
112900169,8,2,6
112900170,36,133,-97
112900172,55,6,49
112900173,218,65,153
112900174,146,10,136
112900175,117,92,25
112900176,9,13,-4
112900177,135,16,119
112900178,456,920,-464
112900179,36,539,-503
112900180,619,1798,-1179
112900181,166,16,150
112900182,32,1411,-1379
112900183,133,173,-40
112900184,344,236,108
112900185,174,349,-175
112900186,1395,462,933
112900187,41,236,-195
112900188,525,231,294
112900189,7,21,-14
112900190,3,37,-34
112900192,307,227,80
112900193,814,205,609
112900194,18,91,-73
112900195,402,24,378
112900196,167,449,-282
112900197,109,336,-227
112900199,236,672,-436
112900200,226,219,7
112900201,35,75,-40
112900202,168,911,-743
112900203,61,295,-234
112900204,772,279,493
112900205,2,5,-3
112900206,24,53,-29
112900207,3,0,3
112900208,63,95,-32
112900209,387,426,-39
112900210,0,9,-9
112900211,33,51,-18
112900212,0,87,-87
112900213,22,6,16
112900214,20,9,11
112900215,4,251,-247
112900216,41,42,-1
112900217,0,84,-84
112900218,24,42,-18
112900219,49,1,48
112900220,7,0,7
112900221,9,134,-125
112900222,0,10,-10
112900223,347,6,341
112900224,121,743,-622
112900225,175,571,-396
112900226,174,184,-10
112900227,207,1602,-1395
112900228,45,25,20
112900229,70,47,23
112900230,6971,2182,4789
112900232,155,107,48
112900233,50,193,-143
112900234,4,126,-122
112900235,42,12,30
112900236,128,10,118
112900237,45,485,-440
112900238,1,47,-46
112900239,464,250,214
112900240,4,127,-123
112900241,7,181,-174
112900242,13,250,-237
112900243,4,226,-222
112900244,2,124,-122
112900245,0,72,-72
112900246,0,22,-22
112900247,128,17,111
112900248,32,1,31
112900249,29,19,10
112900250,32,37,-5
112900251,26,13,13
112900252,23,31,-8
112900253,13,20,-7
112900254,6,1,5
112900255,0,24,-24
112900256,2,31,-29
112900257,13,15,-2
112900258,10,35,-25
113000001,4080,4624,-544
113000002,3350,3352,-2
113000003,1720,1834,-114
113000004,1847,2020,-173
113000005,1220,1030,190
113000006,902,1206,-304
113000007,1251,1286,-35
113000008,1189,1892,-703
113000009,599,786,-187
113000010,686,1495,-809
113000011,543,1506,-963
113000012,761,555,206
113000013,930,401,529
113000014,1649,1498,151
113000015,499,190,309
113000016,275,323,-48
113000017,22,221,-199
113000018,221,36,185
113000019,26,224,-198
113000020,85,14,71
113000021,791,616,175
113000022,428,1305,-877
113000025,103,255,-152
113000026,220,336,-116
113000027,790,333,457
113000028,565,339,226
113000029,690,658,32
113000030,490,626,-136
113000031,381,288,93
113000032,267,216,51
113000033,343,380,-37
113000034,487,324,163
113000035,21,38,-17
113000036,24,40,-16
113000037,41,29,12
113000038,18,59,-41
113000039,45,459,-414
113000040,68,92,-24
113000042,802,553,249
113000051,593,1720,-1127
113000052,2044,988,1056
113000053,266,549,-283
113000054,196,671,-475
113000055,709,1047,-338
113000056,490,1466,-976
113000058,641,1033,-392
113000059,1170,612,558
113000060,115,705,-590
113000061,750,830,-80
113000062,1168,162,1006
113000063,59,221,-162
113000064,18,454,-436
113000065,142,1214,-1072
113000066,333,94,239
113000067,999,1157,-158
113000068,385,2058,-1673
113000069,411,1527,-1116
113000070,885,781,104
113000071,317,778,-461
113000072,321,374,-53
113000073,419,1440,-1021
113000074,761,305,456
113000075,1850,484,1366
113000076,1179,1797,-618
113000077,1412,399,1013
113000078,910,1600,-690
113000079,654,621,33
113000080,609,481,128
113000081,597,699,-102
113000082,978,647,331
113000083,504,646,-142
113000084,1467,1029,438
113000085,735,537,198
113000086,957,1089,-132
113000087,995,700,295
113000088,1788,1108,680
113000089,833,1230,-397
113000090,270,333,-63
113000091,672,252,420
113000094,636,171,465
113000095,173,1074,-901
113000096,163,898,-735
113000097,514,273,241
113000098,76,49,27
113000099,679,270,409
113000100,119,396,-277
113000101,415,475,-60
113000102,377,238,139
113000103,2379,508,1871
113000104,301,2118,-1817
113000105,332,423,-91
113000106,251,521,-270
113000107,528,802,-274
113000108,720,1541,-821
113000109,423,2875,-2452
113000110,1394,491,903
113000111,200,571,-371
113000112,343,357,-14
113000113,1884,369,1515
113000114,354,1055,-701
113000116,551,238,313
113000117,654,135,519
113000118,146,287,-141
113000119,175,345,-170
113000120,24,201,-177
113000121,322,645,-323
113000124,129,144,-15
113000125,33,584,-551
113000127,3283,493,2790
113000128,342,388,-46
113000129,358,945,-587
113000133,3733,832,2901
113000134,5,752,-747
113000135,2883,2293,590
113000137,2253,1584,669
113000139,364,149,215
113000140,136,265,-129
113000141,260,131,129
113000142,544,730,-186
113000143,193,154,39
113000144,363,595,-232
113000145,34,155,-121
113000146,117,89,28
113000147,129,119,10
113000148,65,139,-74
113000149,58,110,-52
113000150,450,372,78
113000151,86,55,31
113000152,40,122,-82
113000153,1539,421,1118
113000154,553,995,-442
113000155,181,308,-127
113000156,157,349,-192
113000157,300,615,-315
113000158,443,152,291
113000159,614,477,137
113000160,640,1014,-374
113000161,206,510,-304
113000162,369,279,90
113000163,57,41,16
113000164,36,78,-42
113000166,103,81,22
113000167,33,183,-150
113000168,81,206,-125
113000169,95,39,56
113000170,74,65,9
113000171,75,113,-38
113000172,195,68,127
113000173,37,14,23
113000174,117,604,-487
113000175,299,88,211
113000176,391,108,283
113000177,145,438,-293
113000178,254,464,-210
113000179,250,125,125
113000180,475,1449,-974
113000181,769,1142,-373
113000182,154,289,-135
113000183,190,557,-367
113000184,26,87,-61
113000189,460,583,-123
113000190,1453,398,1055
113000192,2769,1209,1560
113000193,4657,848,3809
113000194,2078,1109,969
113000195,2331,473,1858
113000196,101,94,7
113000197,1151,704,447
113000198,34,242,-208
113000199,559,260,299
113000201,565,188,377
113000202,3091,2150,941
113000203,488,168,320
113000204,1851,996,855
113000205,25,26,-1
113000206,3,34,-31
113000207,53,21,32
113000208,32,43,-11
113000209,8,22,-14
113000210,8,34,-26
113000211,296,163,133
113000212,255,27,228
113000213,25,129,-104
113000214,111,235,-124
113000234,144,1169,-1025
113000410,179,117,62
113000411,2438,4044,-1606
113000412,10384,1879,8505
113000413,3744,1928,1816
113000414,9881,7517,2364
113000415,2403,2210,193
113000416,9663,3294,6369
113000417,3075,2476,599
113000418,3068,2317,751
113000419,1502,1548,-46
113000420,3730,2965,765
113000421,3823,4162,-339
113000422,14502,6933,7569
113000423,2214,3286,-1072
113000424,4200,6700,-2500
113000425,11,73,-62
113000428,78,18,60
113000430,41,14,27
113000432,1174,155,1019
113000433,144,1013,-869
113000434,14,311,-297
113000435,16,800,-784
113000436,35,1542,-1507
113000437,346,16,330
113000438,89,15,74
113000439,15,136,-121
113000440,102,19,83
113000441,123,217,-94
113000442,135,348,-213
113000443,76,302,-226
113000444,100,393,-293
113000445,66,153,-87
113000446,21,93,-72
113000448,275,105,170
113000449,245,938,-693
113000450,657,2686,-2029
113000451,1829,155,1674
113000452,516,457,59
113000453,150,249,-99
113000454,1194,30,1164
113000455,76,111,-35
113000456,3332,1647,1685
113000468,2669,244,2425
113000469,194,73,121
113000470,390,67,323
113000471,10,357,-347
113000472,77,224,-147
113000474,273,607,-334
113000475,1228,1820,-592
113000476,679,1724,-1045
113000477,1698,1879,-181
113000478,3293,5734,-2441
113000479,14,280,-266
113000484,0,0,0
113000485,0,0,0
113000486,7,0,7
113000487,0,0,0
113000488,4,0,4
113000489,1,0,1
113000490,0,1,-1
113000491,1,3,-2
113000492,0,5,-5
113000493,0,0,0
113000495,202,230,-28
113000496,97,70,27
113900001,6,201,-195
113900002,0,188,-188
113900003,1,110,-109
113900004,0,47,-47
113900005,2,39,-37
113900006,1,48,-47
113900007,51,4,47
113900008,113,1,112
113900009,505,4,501
113900010,221,2,219
113900011,57,0,57
113900012,6,3,3
113900013,1053,18,1035
113900014,1025,1,1024
113900015,0,58,-58
113900016,6,0,6
113900017,4,36,-32
113900018,427,98,329
113900019,45,45,0
113900020,56,0,56
113900022,7,0,7
113900023,7,1,6
113900024,14,80,-66
113900025,239,10,229
113900026,26,0,26
113900027,6,73,-67
113900028,16,429,-413
113900029,25,275,-250
113900030,129,1,128
113900031,9,0,9
113900032,15,0,15
113900033,62,84,-22
113900035,40,0,40
113900036,4,104,-100
113900037,22,600,-578
113900038,138,75,63
113900039,82,3,79
113900040,4,2,2
113900041,1,1,0
113900042,70,39,31
113900043,125,86,39
113900044,201,75,126
113900045,38,6,32
113900046,197,657,-460
113900047,17,145,-128
113900048,280,38,242
113900049,800,182,618
113900050,135,275,-140
113900051,156,402,-246
113900052,129,110,19
113900053,360,193,167
113900054,23,2,21
113900055,96,457,-361
113900056,55,159,-104
113900057,21,220,-199
113900058,30,183,-153
113900059,156,320,-164
113900060,88,243,-155
113900061,752,128,624
113900062,72,11,61
113900063,59,122,-63
113900064,43,158,-115
113900065,821,25,796
113900066,197,405,-208
113900067,53,334,-281
113900068,275,347,-72
113900069,95,8,87
113900070,151,395,-244
113900071,54,76,-22
113900072,55,128,-73
113900073,88,356,-268
113900074,37,446,-409
113900075,885,1145,-260
113900076,113,7,106
113900077,16,235,-219
113900078,47,62,-15
113900079,0,54,-54
113900080,290,112,178
113900081,44,192,-148
113900082,77,225,-148
113900083,129,686,-557
113900084,174,81,93
113900085,51,324,-273
113900086,15,23,-8
113900087,27,209,-182
113900088,35,55,-20
113900089,317,38,279
113900090,313,242,71
113900091,21,15,6
113900092,42,41,1
113900093,61,434,-373
113900094,198,373,-175
113900095,92,76,16
113900096,93,60,33
113900097,5,150,-145
113900098,324,88,236
113900099,1,79,-78
113900100,0,2,-2
113900101,11,58,-47
113900102,113,88,25
113900103,180,191,-11
113900104,86,144,-58
113900105,46,408,-362
113900106,0,100,-100
113900107,4,24,-20
113900108,171,180,-9
113900109,265,117,148
113900110,35,9,26
113900111,54,107,-53
113900112,75,66,9
113900113,496,344,152
113900114,0,101,-101
113900115,7,102,-95
113900116,53,106,-53
113900117,69,20,49
113900118,123,236,-113
113900119,331,308,23
113900120,59,31,28
113900121,40,94,-54
113900122,196,1478,-1282
113900123,331,145,186
113900124,1,61,-60
113900125,1077,131,946
113900126,157,27,130
113900127,175,383,-208
113900128,64,61,3
113900129,10,107,-97
113900130,1,16,-15
113900131,77,55,22
113900132,44,38,6
113900133,3,22,-19
113900135,174,414,-240
113900136,67,79,-12
113900137,259,149,110
113900138,59,131,-72
113900139,421,86,335
113900140,375,164,211
113900141,208,398,-190
113900142,51,62,-11
113900143,9,9,0
113900144,215,90,125
113900145,183,206,-23
113900146,75,57,18
113900148,134,215,-81
113900149,99,41,58
113900150,1049,592,457
113900151,179,209,-30
113900152,17,38,-21
113900153,393,502,-109
113900154,2,87,-85
113900155,160,70,90
113900156,192,529,-337
113900157,26,219,-193
113900158,298,169,129
113900159,10,300,-290
113900160,350,653,-303
113900161,44,188,-144
113900162,425,354,71
113900163,172,220,-48
113900164,161,32,129
113900165,545,554,-9
113900166,178,88,90
113900167,145,26,119
113900168,131,100,31
113900169,160,368,-208
113900171,88,39,49
113900172,10,188,-178
113900173,46,691,-645
113900174,267,603,-336
113900175,279,71,208
113900176,151,644,-493
113900177,282,199,83
113900178,188,101,87
113900179,23,708,-685
113900180,136,100,36
113900181,370,113,257
113900182,380,951,-571
113900183,37,45,-8
113900184,22,790,-768
113900185,137,88,49
113900186,17,31,-14
113900187,39,125,-86
113900188,54,120,-66
113900189,180,67,113
113900190,330,97,233
113900191,77,193,-116
113900192,4,199,-195
113900193,30,264,-234
113900194,1990,897,1093
113900195,284,361,-77
113900196,0,157,-157
113900197,0,262,-262
113900198,5,129,-124
113900199,163,597,-434
113900200,7,292,-285
113900201,2,269,-267
113900202,27,286,-259
113900203,2,242,-240
113900204,68,582,-514
113900205,10,140,-130
113900206,7,159,-152
113900207,1,46,-45
113900208,0,55,-55
113900209,1,125,-124
113900210,472,449,23
113900211,122,42,80
113900212,88,564,-476
113900214,396,312,84
113900215,32,105,-73
113900216,59,1237,-1178
113900217,36,378,-342
113900218,125,27,98
113900219,98,499,-401
113900220,78,51,27
113900221,239,113,126
113900222,309,280,29
113900223,73,1066,-993
113900224,103,70,33
113900225,596,179,417
113900226,272,74,198
113900227,222,157,65
113900228,330,270,60
113900229,32,407,-375
113900230,4167,1428,2739
113900231,83,181,-98
113900232,85,96,-11
113900233,25,66,-41
113900234,149,317,-168
113900235,36,42,-6
113900236,35,361,-326
113900237,62,7,55
113900238,146,339,-193
113900239,66,45,21
113900240,3,89,-86
113900241,86,47,39
113900242,54,113,-59
113900243,114,352,-238
113900244,420,179,241
113900245,1171,203,968
113900246,6,7,-1
113900247,118,173,-55
113900248,3210,920,2290
113900249,1135,239,896
113900250,34,144,-110
113900251,347,220,127
113900252,329,6,323
113900253,519,36,483
113900254,531,110,421
113900255,155,15,140
113900256,413,28,385
113900257,35,866,-831
113900258,17,650,-633
113900259,288,203,85
113900260,116,12,104
113900261,12,111,-99
113900262,109,768,-659
113900263,112,465,-353
113900264,12,507,-495
113900265,131,206,-75
113900266,36,256,-220
113900267,72,389,-317
113900268,166,245,-79
113900269,20,107,-87
113900270,219,295,-76
113900271,419,1245,-826
113900273,33,3,30
113900274,28,6,22
113900275,14,29,-15
113900276,3,261,-258
113900277,63,1,62
113900278,233,136,97
113900279,97,83,14
113900280,932,381,551
113900281,313,813,-500
113900282,847,376,471
113900283,271,347,-76
113900284,794,182,612
113900285,130,22,108
113900286,8,117,-109
113900287,13,86,-73
113900288,3,52,-49
113900289,1365,77,1288
113900290,344,86,258
113900291,102,173,-71
113900292,1,5,-4
113900293,4,174,-170
113900294,258,26,232
113900295,319,257,62
113900296,2328,342,1986
113900297,725,18,707
113900298,5,1474,-1469
113900299,24,237,-213
113900300,5499,1888,3611
113900301,782,280,502
113900302,2505,545,1960
113900303,555,177,378
113900304,0,142,-142
113900305,63,1,62
113900306,12,1,11
113900307,32,0,32
113900308,135,73,62
113900309,5,1222,-1217
113900310,0,19,-19
113900311,5,0,5
113900312,99,109,-10
113900313,13,19,-6
113900314,0,22,-22
113900315,71,4,67
114000001,888,3152,-2264
114000002,93,463,-370
114000003,109,1312,-1203
114000004,226,373,-147
114000005,97,212,-115
114000006,2496,1857,639
114000007,403,1201,-798
114000008,1039,840,199
114000009,308,153,155
114000011,2097,3281,-1184
114000012,1238,2787,-1549
114000013,1054,2069,-1015
114000014,424,724,-300
114000015,777,531,246
114000016,184,391,-207
114000017,66,140,-74
114000018,453,74,379
114000026,905,1544,-639
114000027,1616,2245,-629
114000028,1389,2047,-658
114000038,100,122,-22
114000039,102,330,-228
114000040,57,164,-107
114000042,100,196,-96
114000043,151,293,-142
114000044,195,278,-83
114000045,44,112,-68
114000046,1879,4369,-2490
114000047,7,73,-66
114000048,68,193,-125
114000049,1226,949,277
114000050,1444,986,458
114000051,2774,1271,1503
114000052,2257,1024,1233
114000053,42,450,-408
114000054,76,1502,-1426
114000055,162,15,147
114000056,1370,473,897
114000057,7992,2144,5848
114000058,560,682,-122
114000059,236,163,73
114000060,417,586,-169
114000061,3432,1311,2121
114000062,3043,641,2402
114000063,3082,1560,1522
114000064,8099,2371,5728
114000065,1662,2104,-442
114000066,356,571,-215
114000067,20,351,-331
114000068,380,360,20
114000069,604,373,231
114000070,2336,1321,1015
114000071,428,502,-74
114000072,161,375,-214
114000073,31,115,-84
114000074,10,28,-18
114000075,52,133,-81
114000076,6,157,-151
114000077,8,73,-65
114000078,87,1194,-1107
114000079,44,21,23
114000080,103,76,27
114000081,40,96,-56
114000082,66,558,-492
114000083,39,315,-276
114000084,91,41,50
114000085,97,809,-712
114000086,113,639,-526
114000087,30,289,-259
114000088,17,63,-46
114000089,1576,466,1110
114000090,513,393,120
114000091,1383,361,1022
114000092,670,197,473
114000093,711,476,235
114000094,261,375,-114
114000095,79,94,-15
114000096,64,607,-543
114000097,115,947,-832
114000098,235,52,183
114000099,188,1117,-929
114000100,602,670,-68
114000101,207,1241,-1034
114000102,183,287,-104
114000103,86,516,-430
114000104,4,332,-328
114000105,20,67,-47
114000106,812,305,507
114000107,102,113,-11
114000108,3712,1572,2140
114000109,281,722,-441
114000110,386,1925,-1539
114000111,694,396,298
114000112,377,2885,-2508
114000113,796,381,415
114000114,1140,2208,-1068
114000115,1434,636,798
114000116,358,849,-491
114000117,1357,299,1058
114000118,1210,314,896
114000119,747,286,461
114000120,421,1107,-686
114000121,331,540,-209
114000122,309,250,59
114000123,685,249,436
114000124,343,263,80
114000125,843,2042,-1199
114000126,669,169,500
114000127,92,170,-78
114000128,572,527,45
114000130,291,390,-99
114000131,94,30,64
114000132,572,672,-100
114000133,889,1136,-247
114000134,32,220,-188
114000138,33,218,-185
114000139,302,101,201
114000144,456,329,127
114000145,61,182,-121
114000146,88,323,-235
114000147,777,897,-120
114000148,2210,1126,1084
114000149,262,181,81
114000150,2024,774,1250
114000151,1848,1012,836
114000152,220,18,202
114000153,1502,1390,112
114000154,857,685,172
114000155,1034,1566,-532
114000156,641,359,282
114000157,239,756,-517
114000158,2280,599,1681
114000159,224,329,-105
114000160,135,171,-36
114000161,1346,1320,26
114000162,622,881,-259
114000163,9,151,-142
114000165,168,133,35
114000166,548,200,348
114000167,4118,1081,3037
114000168,748,555,193
114000169,1680,667,1013
114000170,889,631,258
114000171,632,1481,-849
114000174,163,432,-269
114000176,464,299,165
114000177,2409,705,1704
114000178,41,57,-16
114000179,1011,597,414
114000180,428,484,-56
114000181,1228,1899,-671
114000182,5211,2418,2793
114000183,937,1125,-188
114000184,6990,1599,5391
114000185,733,848,-115
114000189,312,100,212
114000190,1223,161,1062
114000191,22,33,-11
114000192,279,1594,-1315
114000193,995,3580,-2585
114000194,987,1442,-455
114000195,70,8,62
114000196,7,400,-393
114000197,632,16,616
114000198,1063,329,734
114000199,1872,1128,744
114000200,489,2616,-2127
114000201,107,1172,-1065
114000202,695,1106,-411
114000203,393,1220,-827
114000204,114,440,-326
114000205,150,1733,-1583
114000206,339,1128,-789
114000207,607,2384,-1777
114000208,420,3621,-3201
114000209,589,3943,-3354
114000210,277,1763,-1486
114000211,818,1282,-464
114000212,431,801,-370
114000213,858,568,290
114000214,150,201,-51
114000215,122,81,41
114000216,626,295,331
114000217,136,291,-155
114000218,79,300,-221
114000219,594,268,326
114000220,7,1721,-1714
114000221,407,144,263
114000222,162,1403,-1241
114000223,256,78,178
114000224,109,820,-711
114000225,169,522,-353
114000226,62,283,-221
114000227,604,418,186
114000228,544,962,-418
114000229,515,1243,-728
114000230,1018,1460,-442
114000231,652,1174,-522
114000232,423,123,300
114000233,1121,132,989
114000234,974,1007,-33
114000235,754,1895,-1141
114000236,1,607,-606
114000237,60,1288,-1228
114000238,34,218,-184
114000239,106,1501,-1395
114000240,466,571,-105
114000241,203,1159,-956
114000242,770,1033,-263
114000243,899,704,195
114000244,463,354,109
114000245,201,554,-353
114000246,163,47,116
114000247,407,565,-158
114000248,546,511,35
114000249,369,559,-190
114000250,352,528,-176
114000251,176,326,-150
114000252,77,112,-35
114000253,26,236,-210
114000254,12,77,-65
114000255,536,151,385
114000256,2439,673,1766
114000257,738,2055,-1317
114000258,129,507,-378
114000259,44,240,-196
114000260,1,35,-34
114000261,23,27,-4
114000262,52,154,-102
114000263,4,0,4
114000264,319,612,-293
114000265,0,2,-2
114000267,5,1291,-1286
114000268,5,2572,-2567
114000270,103,0,103
114000271,306,105,201
114000283,389,399,-10
114000285,32,305,-273
114000288,69,373,-304
114000289,792,196,596
114000293,72,362,-290
114000294,121,281,-160
114000395,1015,70,945
114000396,226,353,-127
114000402,237,341,-104
114000403,177,590,-413
114000405,85,678,-593
114000423,111,572,-461
114000424,119,173,-54
114000425,281,567,-286
114000426,205,492,-287
114000427,25,79,-54
114000428,382,95,287
114000429,9,193,-184
114000432,52,141,-89
114000434,15,87,-72
114000435,0,149,-149
114900001,275,1628,-1353
114900002,258,53,205
114900003,272,2111,-1839
114900004,152,139,13
114900005,274,967,-693
114900006,28,37,-9
114900007,79,7,72
114900008,64,46,18
114900010,2359,1243,1116
114900011,52,94,-42
114900013,69,84,-15
114900018,709,78,631
114900020,95,52,43
114900022,10,1286,-1276
114900025,209,283,-74
114900026,57,68,-11
114900029,78,36,42
114900030,108,226,-118
114900031,122,48,74
114900032,147,30,117
114900034,73,253,-180
114900035,108,196,-88
114900036,178,1248,-1070
114900039,296,750,-454
114900040,80,249,-169
114900041,276,671,-395
114900042,512,952,-440
114900044,79,30,49
114900047,119,1121,-1002
114900048,63,332,-269
114900049,24,458,-434
114900050,14,717,-703
114900051,22,494,-472
114900052,43,211,-168
114900053,32,185,-153
114900054,27,138,-111
114900057,135,14,121
114900058,0,68,-68
114900059,26,29,-3
114900063,61,232,-171
114900064,650,693,-43
114900065,215,666,-451
114900067,23,344,-321
114900068,64,402,-338
114900069,209,142,67
114900070,220,699,-479
114900072,5,241,-236
114900073,0,143,-143
114900074,202,1010,-808
114900075,104,0,104
114900076,7,266,-259
114900080,3249,372,2877
114900082,3366,1198,2168
114900083,756,785,-29
114900090,137,131,6
114900091,146,192,-46
114900097,61,2,59
114900098,4,169,-165
114900099,64,6,58
115000001,8593,5851,2742
115000002,2650,2803,-153
115000003,3447,4577,-1130
115000004,2080,3765,-1685
115000005,1069,3132,-2063
115000006,485,1205,-720
115000007,98,156,-58
115000008,362,465,-103
115000009,179,316,-137
115000010,213,89,124
115000013,104,131,-27
115000015,92,240,-148
115000016,52,216,-164
115000019,14,350,-336
115000020,165,317,-152
115000021,223,333,-110
115000022,374,265,109
115000023,294,339,-45
115000024,965,424,541
115000025,605,388,217
115000026,85,379,-294
115000027,137,223,-86
115000028,108,683,-575
115000029,301,110,191
115000030,289,793,-504
115000031,688,137,551
115000032,3,302,-299
115000033,144,14,130
115000034,121,925,-804
115000035,758,68,690
115000036,1,350,-349
115000037,329,11,318
115000038,44,142,-98
115000039,3087,1785,1302
115000040,6446,3400,3046
115000041,825,2089,-1264
115000042,542,597,-55
115000043,2219,2644,-425
115000044,2503,4538,-2035
115000045,1592,2724,-1132
115000046,1188,2490,-1302
115000047,1296,1881,-585
115000048,1267,2919,-1652
115000049,1359,2524,-1165
115000050,2381,1734,647
115000051,2051,1509,542
115000052,3105,1903,1202
115000053,1337,1256,81
115000054,764,1363,-599
115000055,127,366,-239
115000056,152,206,-54
115000057,289,500,-211
115000058,147,102,45
115000059,129,188,-59
115000061,177,95,82
115000062,99,312,-213
115000063,197,323,-126
115000064,177,147,30
115000065,27,240,-213
115000067,216,26,190
115000069,54,282,-228
115000070,23,636,-613
115000071,96,6,90
115000072,19,61,-42
115000073,1038,34,1004
115000075,49,66,-17
115000076,3017,3391,-374
115000077,954,3563,-2609
115000078,600,1925,-1325
115000079,681,2215,-1534
115000080,1299,2718,-1419
115000081,444,856,-412
115000082,2360,2677,-317
115000083,1432,3336,-1904
115000084,903,1044,-141
115000085,381,959,-578
115000086,502,962,-460
115000087,496,1478,-982
115000088,1446,543,903
115000089,1485,1594,-109
115000090,686,558,128
115000091,263,1245,-982
115000092,317,379,-62
115000093,319,0,319
115000094,8534,4543,3991
115000095,6333,3920,2413
115000096,472,2293,-1821
115000097,529,722,-193
115000098,486,783,-297
115000099,1358,3630,-2272
115000100,531,447,84
115000101,301,1552,-1251
115000102,314,189,125
115000103,309,892,-583
115000105,37,209,-172
115000106,302,250,52
115000107,102,633,-531
115000108,3689,2786,903
115000109,5687,2395,3292
115000110,1035,665,370
115000111,628,1346,-718
115000112,389,408,-19
115000113,506,677,-171
115000114,1462,730,732
115000116,2842,1137,1705
115000117,3322,1523,1799
115000118,1525,1176,349
115000119,1489,1419,70
115000120,496,753,-257
115000121,1552,684,868
115000122,3390,839,2551
115000123,1443,1267,176
115000124,657,651,6
115000125,210,409,-199
115000126,105,189,-84
115000127,245,107,138
115000128,952,668,284
115000129,184,179,5
115000130,201,1106,-905
115000131,365,237,128
115000132,78,521,-443
115000133,232,357,-125
115000134,100,181,-81
115000135,119,244,-125
115000136,98,164,-66
115000137,74,175,-101
115000138,146,184,-38
115000139,130,264,-134
115000140,163,188,-25
115000141,111,301,-190
115000142,71,359,-288
115000143,258,470,-212
115000144,332,108,224
115000145,172,462,-290
115000146,192,236,-44
115000147,341,555,-214
115000148,210,1533,-1323
115000149,368,172,196
115000150,465,1373,-908
115000151,515,347,168
115000152,528,1829,-1301
115000153,494,329,165
115000154,350,251,99
115000155,440,1180,-740
115000156,884,466,418
115000157,665,947,-282
115000158,492,325,167
115000159,666,295,371
115000160,545,261,284
115000161,137,446,-309
115000162,585,388,197
115000163,614,647,-33
115000164,573,516,57
115000165,338,326,12
115000167,103,86,17
115000168,444,229,215
115000169,633,277,356
115000170,104,108,-4
115000171,257,154,103
115000172,1702,497,1205
115000173,198,200,-2
115000174,74,230,-156
115000175,91,62,29
115000176,79,53,26
115000177,72,58,14
115000178,15,242,-227
115000179,19,13,6
115000180,50,593,-543
115000181,283,106,177
115000182,307,288,19
115000183,161,1126,-965
115000186,428,203,225
115000187,125,661,-536
115000188,319,337,-18
115000189,232,439,-207
115000190,641,446,195
115000191,164,340,-176
115000194,155,91,64
115000195,215,182,33
115000196,52,126,-74
115000197,137,398,-261
115000198,140,201,-61
115000199,108,356,-248
115000200,227,116,111
115000201,113,402,-289
115000206,196,75,121
115000207,35,320,-285
115000208,497,680,-183
115000209,344,157,187
115000210,102,115,-13
115000211,168,162,6
115000212,1260,271,989
115000224,158,43,115
115000225,50,73,-23
115000229,264,144,120
115000230,78,389,-311
115000231,282,2907,-2625
115000232,844,437,407
115000233,45,193,-148
115000234,19,236,-217
115000241,47,294,-247
115000242,56,321,-265
115000243,37,262,-225
115000244,4,107,-103
115000246,34,5,29
115000247,12,16,-4
115000248,11,3,8
115000249,48,5,43
115000250,209,42,167
115000251,122,144,-22
115000252,35,165,-130
115000253,9,201,-192
115000258,126,215,-89
115000259,292,106,186
115000261,14,24,-10
115000262,10,24,-14
115000263,9,32,-23
115000264,4,30,-26
115000267,42,52,-10
115000268,23,75,-52
115000269,73,82,-9
115000270,1,18,-17
115000272,56,118,-62
115000273,204,22,182
115000280,2093,79,2014
115000281,587,177,410
115000282,655,366,289
115000284,240,59,181
115000296,534,3,531
115000297,107,114,-7
115000298,32,139,-107
115000300,69,159,-90
115000302,221,155,66
115000303,331,123,208
115000304,357,86,271
115000305,51,1226,-1175
115000306,92,653,-561
115000307,35,361,-326
115000308,85,16,69
115000309,7,10,-3
115000310,639,1185,-546
115000311,488,1287,-799
115000313,100,714,-614
115000314,246,69,177
115000315,1125,443,682
115000316,51,74,-23
115000317,118,596,-478
115000318,472,187,285
115000319,53,280,-227
115000320,7,180,-173
115000321,347,5,342
115000322,44,245,-201
115000449,234,117,117
115000557,2,557,-555
115000558,248,65,183
115000587,240,309,-69
115000588,1902,4248,-2346
115000589,2242,2513,-271
115000590,606,2011,-1405
115000591,952,756,196
115000592,482,1654,-1172
115000593,1151,571,580
115000594,767,1647,-880
115000609,96,193,-97
115000617,1957,1419,538
115000624,125,109,16
115000633,316,1515,-1199
115000634,2369,587,1782
115000635,255,80,175
115000638,1248,569,679
115000641,72,119,-47
115000642,381,244,137
115000643,71,390,-319
115000644,115,387,-272
115000646,662,855,-193
115000647,120,393,-273
115000648,999,1523,-524
115000893,3275,963,2312
115000894,55,1046,-991
115000895,387,875,-488
115000896,1178,275,903
115000897,478,86,392
115000898,476,267,209
115000899,938,1072,-134
115000900,108,327,-219
115000901,69,89,-20
115000912,183,90,93
115000913,2,51,-49
115000915,21,2,19
115000916,3,0,3
115000917,0,1,-1
115000918,78,191,-113
115000919,22,8,14
115000920,30,42,-12
115000921,1456,58,1398
115000922,1299,534,765
115000923,465,929,-464
115000925,42,85,-43
115000927,16,21,-5
115000933,342,157,185
115000934,83,173,-90
115000935,69,141,-72
115000936,51,281,-230
115000937,1233,114,1119
115000938,222,143,79
115000939,292,174,118
115000940,15,13,2
115000941,9,21,-12
115000942,56,46,10
115000943,99,11,88
115000944,7,3,4
115900001,50,87,-37
115900002,70,156,-86
115900003,93,84,9
115900004,0,53,-53
115900005,88,1,87
115900006,79,442,-363
115900008,21,14,7
115900009,40,339,-299
115900010,84,179,-95
115900011,140,243,-103
115900012,36,126,-90
115900013,295,165,130
115900014,102,150,-48
115900015,23,146,-123
115900016,62,16,46
115900017,3,3,0
115900018,145,94,51
115900019,191,19,172
115900020,32,2,30
115900021,1603,119,1484
115900022,2664,22,2642
115900023,39,0,39
115900025,46,183,-137
115900026,687,387,300
115900027,2,383,-381
115900028,504,44,460
115900029,7,511,-504
115900030,22,19,3
115900031,252,193,59
115900032,224,715,-491
115900033,0,33,-33
115900034,10,582,-572
115900035,19,151,-132
115900036,271,299,-28
115900037,15,452,-437
115900038,14,14,0
115900039,116,356,-240
115900041,298,314,-16
115900042,4,7,-3
115900043,44,170,-126
115900044,226,160,66
115900046,168,322,-154
115900047,101,51,50
115900049,96,209,-113
115900051,0,45,-45
115900052,5,282,-277
115900053,89,299,-210
115900054,64,30,34
115900055,16,163,-147
115900056,68,414,-346
115900057,5,1,4
115900058,42,77,-35
115900060,20,130,-110
115900061,100,2,98
115900062,16,295,-279
115900063,46,16,30
115900064,97,209,-112
115900065,39,111,-72
115900066,165,165,0
115900067,5,954,-949
115900068,3850,234,3616
115900069,28,177,-149
115900070,94,240,-146
115900071,0,580,-580
115900072,62,252,-190
115900073,26,53,-27
115900074,2,386,-384
115900075,9,266,-257
115900076,3,112,-109
115900077,3,376,-373
115900078,32,140,-108
115900079,105,8,97
115900080,585,279,306
115900081,7,68,-61
115900082,149,123,26
115900084,162,25,137
115900085,74,51,23
115900086,1473,452,1021
115900088,20,38,-18
115900089,176,794,-618
115900090,173,28,145
115900091,1,12,-11
115900092,25,285,-260
115900093,3,21,-18
115900094,6,502,-496
115900096,1,10,-9
115900097,8,521,-513
115900098,108,576,-468
115900099,17,109,-92
115900100,4,638,-634
115900101,110,440,-330
115900102,23,102,-79
115900103,199,289,-90
115900104,24,154,-130
115900105,71,793,-722
115900106,19,19,0
115900107,13,265,-252
115900108,40,24,16
115900109,32,386,-354
115900110,2,30,-28
115900111,0,71,-71
115900112,21,809,-788
115900113,37,25,12
115900114,3,168,-165
115900115,39,136,-97
115900116,55,930,-875
115900117,32,22,10
115900118,5,484,-479
115900119,61,90,-29
115900120,28,308,-280
115900121,54,220,-166
115900124,178,328,-150
115900125,157,16,141
115900126,320,48,272
115900127,327,17,310
115900128,6,94,-88
115900129,485,33,452
115900130,14,178,-164
115900131,92,26,66
115900132,195,6,189
115900134,129,7,122
115900135,480,608,-128
115900137,6,3,3
115900139,51,75,-24
115900140,118,15,103
115900141,6,70,-64
115900142,6,10,-4
115900143,84,297,-213
115900144,61,213,-152
115900146,10,175,-165
115900147,137,182,-45
115900148,7,2,5
115900149,35,35,0
115900150,18,89,-71
115900151,15,41,-26
115900152,62,354,-292
115900153,34,214,-180
115900154,567,261,306
115900155,0,82,-82
115900156,311,697,-386
115900157,77,438,-361
115900158,32,9,23
115900159,43,258,-215
115900160,9,2,7
115900161,34,184,-150
115900163,73,119,-46
115900164,158,55,103
115900166,145,213,-68
115900168,25,132,-107
115900171,63,360,-297
115900172,22,128,-106
115900173,126,109,17
115900174,262,169,93
115900175,49,150,-101
115900178,1,743,-742
115900179,127,13,114
115900180,50,334,-284
115900181,116,344,-228
115900182,190,382,-192
115900183,66,60,6
115900184,1339,13,1326
115900187,7,90,-83
115900189,0,109,-109
115900190,219,584,-365
115900191,52,506,-454
115900192,6,41,-35
115900193,87,71,16
115900194,296,30,266
115900195,466,910,-444
115900198,162,185,-23
115900199,142,208,-66
115900200,258,297,-39
115900201,310,238,72
115900202,3,16,-13
115900203,3,15,-12
115900204,0,1,-1
115900205,11,17,-6
115900206,75,157,-82
115900207,11,24,-13
115900208,74,392,-318
115900209,6,138,-132
115900210,1,149,-148
115900211,3,209,-206
115900212,98,215,-117
115900213,35,34,1
115900214,208,274,-66
115900215,19,34,-15
115900216,8,84,-76
115900217,1,119,-118
115900218,1,62,-61
115900219,59,2,57
115900220,68,7,61
115900221,39,7,32
115900222,33,12,21
115900223,8,64,-56
115900224,1638,416,1222
115900225,91,15,76
115900226,10,26,-16
115900227,8,37,-29
115900228,10,47,-37
115900229,3,57,-54
115900230,41,123,-82
115900231,59,4,55
115900232,33,1,32
115900233,47,9,38
115900234,24,14,10
115900235,2,11,-9
115900236,8,7,1
115900237,4,20,-16
115900238,17,22,-5
115900239,8,42,-34
115900240,9,67,-58
115900241,79,73,6
115900242,239,203,36
115900243,10,2,8
115900244,1,8,-7
115900245,37,24,13
115900246,5,5,0
115900247,8,4,4
115900248,8,1,7
115900249,1,6,-5
115900250,4,5,-1
115900251,1,4,-3
115900252,0,2,-2
115900253,1,9,-8
115900254,5,20,-15
115900255,3,6,-3
115900256,14,10,4
115900257,5,5,0
115900258,0,0,0
115900259,9,1,8
115900260,4,4,0
115900261,10,0,10
115900262,1,1,0
115900263,2,2,0
115900264,3,7,-4
115900265,0,4,-4
115900266,2,5,-3
115900267,1,0,1
115900268,2,6,-4
115900269,213,337,-124
115900270,188,817,-629
115900271,26,0,26
115900272,7,0,7
115900273,3,4,-1
115900274,7,5,2
115900275,1,45,-44
115900276,1,63,-62
115900277,0,166,-166
115900278,11,140,-129
115900279,8,149,-141
115900280,4,154,-150
115900281,683,143,540
115900282,20,5,15
115900283,7,5,2
115900284,3,9,-6
116000001,17564,4929,12635
116000002,3484,4553,-1069
116000003,1295,1803,-508
116000004,1438,1630,-192
116000005,2525,3409,-884
116000006,1655,1005,650
116000007,2562,4218,-1656
116000008,1788,1454,334
116000009,1681,2929,-1248
116000010,1330,830,500
116000011,810,1852,-1042
116000012,676,554,122
116000013,15999,3699,12300
116000014,18851,6830,12021
116000015,396,665,-269
116000016,8028,1707,6321
116000017,29,414,-385
116000018,787,310,477
116000019,305,234,71
116000020,286,1049,-763
116000021,242,235,7
116000022,181,435,-254
116000023,507,447,60
116000024,539,1434,-895
116000025,527,516,11
116000026,1577,2162,-585
116000027,316,403,-87
116000028,311,429,-118
116000029,663,471,192
116000030,368,295,73
116000031,107,156,-49
116000032,280,195,85
116000033,266,441,-175
116000034,424,800,-376
116000035,305,412,-107
116000036,1859,481,1378
116000037,663,327,336
116000038,527,221,306
116000039,756,217,539
116000040,769,151,618
116000041,329,387,-58
116000042,293,195,98
116000043,72,487,-415
116000044,19,137,-118
116000045,1217,866,351
116000046,920,816,104
116000047,1721,1489,232
116000048,1514,1320,194
116000049,781,1447,-666
116000050,1064,1031,33
116000051,2579,1254,1325
116000052,3004,2890,114
116000053,1121,900,221
116000054,486,1650,-1164
116000055,391,1116,-725
116000056,481,799,-318
116000057,1716,1768,-52
116000058,2255,1528,727
116000059,1870,3639,-1769
116000060,2692,687,2005
116000061,412,624,-212
116000062,606,241,365
116000063,403,1010,-607
116000066,186,373,-187
116000067,261,595,-334
116000068,177,195,-18
116000069,229,375,-146
116000078,295,898,-603
116000080,997,845,152
116000082,8,97,-89
116000083,958,292,666
116000084,1972,3959,-1987
116000085,1589,1038,551
116000086,2538,1538,1000
116000087,997,1080,-83
116000088,577,1235,-658
116000089,117,96,21
116000090,86,146,-60
116000091,112,109,3
116000093,400,795,-395
116000094,310,675,-365
116000095,423,679,-256
116000096,543,964,-421
116000097,389,729,-340
116000098,329,3333,-3004
116000099,9459,296,9163
116000100,104,20,84
116000101,298,1778,-1480
116000102,188,1488,-1300
116000103,312,255,57
116000104,125,1909,-1784
116000105,567,175,392
116000106,298,1410,-1112
116000107,1237,406,831
116000108,29,165,-136
116000111,74,20,54
116000113,59,69,-10
116000114,28,142,-114
116000115,151,72,79
116000116,201,520,-319
116000117,926,2000,-1074
116000118,988,1454,-466
116000119,1625,1729,-104
116000120,2214,4297,-2083
116000121,473,421,52
116000122,1242,2462,-1220
116000123,395,456,-61
116000124,248,1102,-854
116000125,1496,538,958
116000126,216,1593,-1377
116000127,939,1558,-619
116000128,827,621,206
116000129,597,148,449
116000130,235,234,1
116000133,333,928,-595
116000134,1196,2986,-1790
116000135,918,1329,-411
116000136,759,2739,-1980
116000137,490,558,-68
116000138,900,374,526
116000139,1428,2232,-804
116000140,99,248,-149
116000141,311,1047,-736
116000142,3990,3862,128
116000143,1714,1391,323
116000144,1034,3086,-2052
116000145,1261,1390,-129
116000146,254,495,-241
116000147,222,120,102
116000148,260,394,-134
116000149,313,426,-113
116000151,446,1062,-616
116000153,55,418,-363
116000155,227,192,35
116000156,320,1227,-907
116000157,30,24,6
116000158,279,253,26
116000159,10,5,5
116000160,12,122,-110
116000161,11,102,-91
116000162,53,56,-3
116000163,13,8,5
116000164,7,24,-17
116000177,43,79,-36
116000194,63,270,-207
116000195,1581,587,994
116000196,2,4,-2
116000197,3,7,-4
116000198,2415,973,1442
116000200,629,167,462
116000201,478,597,-119
116000202,4,377,-373
116000203,2,80,-78
116000204,9,57,-48
116000205,1,131,-130
116000206,0,84,-84
116000207,4,45,-41
116000233,113,798,-685
116000287,106,681,-575
116000288,121,267,-146
116000292,26,167,-141
116000296,19,283,-264
116000297,75,31,44
116000304,27,68,-41
116000305,24,105,-81
116000346,91,178,-87
116000352,86,26,60
116000354,62,10,52
116000357,8,2,6
116000358,73,49,24
116000361,635,2,633
116000372,9020,2102,6918
116000381,94,1,93
116000388,2,32,-30
116000389,502,487,15
116000445,189,841,-652
116000446,269,1347,-1078
116000447,9,507,-498
116000448,522,293,229
116000563,649,493,156
116000565,59,416,-357
116000568,48,150,-102
116000579,18,122,-104
116000583,50,83,-33
116000584,23,13,10
116000585,5,15,-10
116000586,197,105,92
116000587,257,420,-163
116000589,28,83,-55
116000590,59,50,9
116000591,104,274,-170
116000592,7,133,-126
116000593,0,80,-80
116000594,237,636,-399
116000595,415,175,240
116000596,51,2,49
116000597,136,43,93
116000598,8,225,-217
116000605,249,150,99
116000606,24,169,-145
116000607,4,47,-43
116000609,198,635,-437
116000611,97,598,-501
116000612,568,1631,-1063
116000613,310,322,-12
116000614,347,951,-604
116000615,1,128,-127
116000616,26,138,-112
116000617,55,137,-82
116000618,3,208,-205
116000619,15,32,-17
116000620,38,43,-5
116000621,50,77,-27
116000622,18,113,-95
116000624,60,66,-6
116000627,42,206,-164
116000628,47,1423,-1376
116000629,31,743,-712
116000630,237,57,180
116000631,77,59,18
116000632,285,136,149
116000633,105,480,-375
116000634,189,389,-200
116000635,2871,1208,1663
116000636,1544,826,718
116000637,198,158,40
116000638,78,591,-513
116000639,29,1,28
116000640,16,8,8
116000641,68,169,-101
116000643,0,199,-199
116000644,15,1314,-1299
116000645,4,34,-30
116900001,173,126,47
116900002,224,0,224
116900003,23,91,-68
116900004,21,23,-2
116900005,134,60,74
116900006,144,103,41
116900007,91,159,-68
116900008,163,546,-383
116900009,16,5,11
116900010,2,1972,-1970
116900011,11,23,-12
116900012,87,172,-85
116900013,2,150,-148
116900014,66,478,-412
116900016,76,0,76
116900017,7,746,-739
116900018,59,34,25
116900019,4,367,-363
116900020,1648,325,1323
116900023,86,22,64
116900025,288,1122,-834
116900026,144,761,-617
116900027,10,37,-27
116900028,3,162,-159
116900029,0,7,-7
116900031,0,4,-4
116900032,6,467,-461
116900033,8,5,3
116900034,21,81,-60
116900035,82,174,-92
116900036,2,103,-101
116900038,10,3,7
116900041,24,15,9
116900042,1001,210,791
116900043,12,67,-55
116900047,78,55,23
116900049,40,328,-288
116900050,56,501,-445
116900051,31,282,-251
116900052,111,79,32
116900055,2,4,-2
116900057,7,325,-318
116900058,20,387,-367
116900059,0,164,-164
116900060,161,203,-42
116900062,0,7,-7
116900064,38,1181,-1143
116900065,24,115,-91
116900067,56,159,-103
116900068,89,357,-268
116900070,1,3,-2
116900072,6,503,-497
116900073,11,221,-210
116900074,4,46,-42
116900076,3,35,-32
116900077,9,254,-245
116900078,225,129,96
116900079,19,444,-425
116900080,3,10,-7
116900081,321,1513,-1192
116900082,103,715,-612
116900083,40,76,-36
116900084,225,43,182
116900085,22,134,-112
116900086,19,245,-226
116900088,358,35,323
116900090,108,54,54
116900091,109,73,36
116900092,69,830,-761
116900093,1430,1744,-314
116900094,5794,1933,3861
116900095,237,215,22
116900096,89,109,-20
116900097,4058,1609,2449
116900098,823,181,642
116900099,583,322,261
116900100,344,7,337
116900101,236,637,-401
116900103,3,1,2
116900104,55,48,7
116900105,193,30,163
116900106,678,252,426
116900107,4230,1146,3084
116900110,17,0,17
116900111,186,1138,-952
116900112,164,1113,-949
116900113,3214,1087,2127
116900116,107,282,-175
116900117,23,75,-52
116900118,921,593,328
116900120,125,101,24
116900121,24,34,-10
116900122,212,1034,-822
116900123,80,1059,-979
116900124,99,806,-707
116900125,137,244,-107
116900126,204,529,-325
116900128,0,39,-39
116900129,1,333,-332
116900130,1010,1714,-704
116900131,48,152,-104
116900132,19,73,-54
116900133,86,73,13
116900134,141,188,-47
116900136,82,130,-48
116900137,226,200,26
116900138,102,255,-153
116900139,58,409,-351
116900140,87,146,-59
116900141,353,261,92
116900142,3,35,-32
116900143,173,468,-295
116900144,14,36,-22
116900145,53,362,-309
116900147,684,300,384
116900148,0,35,-35
116900149,23,111,-88
116900150,4,11,-7
116900151,92,7,85
116900153,80,63,17
116900154,548,201,347
116900155,36,55,-19
116900157,217,323,-106
116900158,63,108,-45
116900159,33,219,-186
116900160,416,209,207
116900161,8465,3347,5118
116900162,10,143,-133
116900163,64,156,-92
116900164,58,38,20
116900165,150,82,68
116900166,12,125,-113
116900167,225,63,162
116900168,91,70,21
116900169,697,211,486
116900170,121,235,-114
116900171,23,227,-204
116900172,222,123,99
116900173,75,39,36
116900174,27,25,2
116900175,116,64,52
116900178,9,203,-194
116900179,74,97,-23
116900180,68,25,43
116900182,295,160,135
116900183,98,87,11
116900185,6,14,-8
116900186,55,349,-294
116900187,22,7,15
116900188,76,8,68
116900189,28,0,28
116900191,267,293,-26
116900192,186,169,17
116900194,109,569,-460
116900195,15,8,7
116900196,23,100,-77
116900197,48,1,47
116900198,201,169,32
116900200,15,50,-35
116900201,33,2,31
116900202,117,71,46
116900203,46,2,44
116900204,40,68,-28
116900206,4,52,-48
116900207,34,18,16
116900208,10,156,-146
116900209,11,119,-108
116900210,252,168,84
116900211,173,10,163
116900212,17,77,-60
116900213,199,198,1
116900214,92,118,-26
116900215,26,74,-48
116900216,147,391,-244
116900218,4,310,-306
116900219,734,302,432
116900220,42,148,-106
116900221,44,247,-203
116900222,283,248,35
116900223,74,139,-65
116900226,20,80,-60
116900227,71,73,-2
116900228,194,362,-168
116900230,65,938,-873
116900233,289,162,127
116900234,20,15,5
116900235,101,343,-242
116900238,1291,307,984
116900239,72,629,-557
116900240,6301,2333,3968
116900241,38,142,-104
116900242,2059,271,1788
116900243,0,51,-51
116900245,34,6,28
116900246,49,12,37
116900247,253,10,243
116900248,61,18,43
116900249,144,128,16
116900250,148,29,119
116900251,412,173,239
116900252,36,1015,-979
116900254,5,114,-109
116900255,55,32,23
116900256,158,72,86
116900257,10,744,-734
116900258,2,387,-385
116900259,63,1,62
116900260,2,182,-180
116900261,18,1,17
116900262,80,166,-86
116900263,0,12,-12
116900264,28,34,-6
116900265,16,0,16
116900266,10,59,-49
116900267,3,4,-1
116900268,14,3,11
116900269,213,449,-236
116900271,1807,65,1742
116900272,443,639,-196
116900273,240,41,199
116900274,63,45,18
116900275,104,125,-21
116900276,682,46,636
116900277,545,11,534
116900278,3,9,-6
116900279,0,16,-16
116900280,6,27,-21
116900281,7524,1742,5782
116900282,3,202,-199
116900283,7,195,-188
116900284,13,269,-256
116900285,409,220,189
116900286,208,10,198
116900287,5,87,-82
116900288,33,163,-130
116900289,6,43,-37
116900290,3,45,-42
116900291,3,21,-18
116900292,0,8,-8
116900293,12,133,-121
116900294,33,121,-88
116900295,149,21,128
116900296,107,63,44
116900297,3,52,-49
116900298,143,34,109
116900299,63,28,35
116900300,3,65,-62
116900301,61,92,-31
116900302,46,39,7
116900303,545,40,505
116900304,0,136,-136
116900305,13,52,-39
116900306,114,230,-116
116900307,27,1,26
116900308,3,290,-287
116900309,23,96,-73
116900310,16,48,-32
117000001,1166,1010,156
117000002,1570,3979,-2409
117000003,5707,2305,3402
117000004,3972,5317,-1345
117000005,1378,1298,80
117000006,1070,4334,-3264
117000007,2251,1097,1154
117000008,1276,4789,-3513
117000009,3912,1374,2538
117000010,2622,4888,-2266
117000011,1171,1657,-486
117000012,1106,1884,-778
117000013,1013,1246,-233
117000014,866,2808,-1942
117000015,2648,1079,1569
117000016,606,57,549
117000017,489,142,347
117000018,115,283,-168
117000019,176,7,169
117000020,871,849,22
117000021,3650,574,3076
117000022,652,57,595
117000023,814,131,683
117000024,496,77,419
117000025,929,571,358
117000026,3241,722,2519
117000027,2805,1148,1657
117000028,3592,653,2939
117000030,783,583,200
117000031,362,281,81
117000032,1779,1469,310
117000033,965,764,201
117000034,346,365,-19
117000035,240,243,-3
117000036,431,309,122
117000037,275,211,64
117000038,254,531,-277
117000039,356,265,91
117000040,117,1466,-1349
117000041,480,151,329
117000044,13,1473,-1460
117000045,304,43,261
117000046,426,995,-569
117000047,597,467,130
117000048,2095,1582,513
117000049,118,391,-273
117000050,108,2928,-2820
117000051,1514,133,1381
117000052,12,733,-721
117000053,170,77,93
117000054,1082,3,1079
117000055,165,3839,-3674
117000056,402,14,388
117000057,602,2394,-1792
117000060,364,1678,-1314
117000061,1212,720,492
117000062,164,564,-400
117000063,1327,563,764
117000064,833,877,-44
117000066,966,656,310
117000067,119,298,-179
117000074,179,179,0
117000076,83,39,44
117000077,95,88,7
117000078,112,681,-569
117000079,195,134,61
117000080,3,386,-383
117000081,731,112,619
117000082,6,57,-51
117000083,95,8,87
117000084,315,3,312
117000085,158,547,-389
117000086,1050,667,383
117000087,112,564,-452
117000088,218,170,48
117000089,1083,335,748
117000090,245,1635,-1390
117000091,356,246,110
117000092,286,2000,-1714
117000093,699,600,99
117000094,683,2629,-1946
117000095,1956,743,1213
117000096,490,2673,-2183
117000097,847,1127,-280
117000098,2760,6002,-3242
117000099,1922,781,1141
117000100,143,181,-38
117000101,248,1625,-1377
117000102,996,492,504
117000103,741,1877,-1136
117000104,843,496,347
117000105,786,1967,-1181
117000106,719,660,59
117000107,489,2297,-1808
117000108,1231,872,359
117000109,1581,2972,-1391
117000110,1021,739,282
117000111,3262,4571,-1309
117000112,1981,2031,-50
117000113,87,347,-260
117000114,101,122,-21
117000115,55,167,-112
117000116,66,255,-189
117000117,1184,483,701
117000118,331,141,190
117000119,562,59,503
117000120,334,148,186
117000121,189,559,-370
117000122,675,902,-227
117000123,1732,30,1702
117000124,886,26,860
117000125,439,40,399
117000126,78,24,54
117000127,216,285,-69
117000128,502,532,-30
117000129,755,371,384
117000130,106,1,105
117000131,0,261,-261
117000132,1064,14,1050
117000133,538,198,340
117000134,2,52,-50
117000135,4,27,-23
117000136,0,72,-72
117000137,46,37,9
117000138,4,540,-536
117000140,407,1725,-1318
117000141,1250,549,701
117000181,954,427,527
117000182,234,168,66
117000195,164,1397,-1233
117000196,92,62,30
117000225,196,6,190
117000226,10,90,-80
117000276,143,6,137
117000277,4,736,-732
117000310,2102,2955,-853
117000315,55,857,-802
117000320,106,0,106
117000906,146,16,130
117000907,13,540,-527
117000909,125,26,99
117000910,152,142,10
117000911,98,192,-94
117000915,7,724,-717
117000916,3,1,2
117000917,457,13,444
117000918,40,36,4
117000919,4,183,-179
117000920,9,1783,-1774
117000921,7,2569,-2562
117000922,72,108,-36
117000924,277,561,-284
117000926,1517,100,1417
117000927,1806,309,1497
117000928,3,347,-344
117000929,78,725,-647
117000930,138,24,114
117000931,579,74,505
117900002,136,408,-272
117900003,693,329,364
117900005,10,4,6
117900006,0,33,-33
117900007,110,195,-85
117900008,0,36,-36
117900010,224,187,37
117900011,13,20,-7
117900012,39,235,-196
117900013,0,317,-317
117900014,829,324,505
117900015,22,227,-205
117900016,1347,370,977
117900017,529,735,-206
117900018,170,34,136
117900019,211,752,-541
117900020,61,253,-192
117900021,31,137,-106
117900023,719,183,536
117900024,87,128,-41
117900025,27,13,14
117900026,222,541,-319
117900028,42,4,38
117900029,123,1201,-1078
117900030,182,134,48
117900031,220,72,148
117900032,387,423,-36
117900033,138,990,-852
117900034,40,69,-29
117900035,114,59,55
117900036,131,760,-629
117900037,51,121,-70
117900038,8,446,-438
117900039,0,97,-97
117900040,61,637,-576
117900041,6,64,-58
117900042,4286,401,3885
117900043,34,76,-42
117900044,3,3033,-3030
117900045,135,87,48
117900048,152,351,-199
117900049,146,1002,-856
117900050,5,49,-44
117900051,34,5,29
117900052,69,243,-174
117900053,805,718,87
117900054,0,11,-11
117900055,129,176,-47
117900056,478,31,447
117900057,754,1361,-607
117900058,91,10,81
117900059,305,52,253
117900060,831,6301,-5470
117900061,18,223,-205
117900063,190,314,-124
117900065,702,1163,-461
117900066,15,38,-23
117900067,299,409,-110
117900069,419,603,-184
117900070,275,7,268
117900071,76,139,-63
117900073,216,443,-227
117900074,270,7,263
117900075,36,79,-43
117900076,15,94,-79
117900077,181,102,79
117900078,161,402,-241
117900080,156,63,93
117900081,552,413,139
117900082,197,224,-27
117900083,215,828,-613
117900086,66,48,18
117900087,38,47,-9
117900088,2759,1650,1109
117900089,1005,290,715
117900090,345,1061,-716
117900091,164,154,10
117900092,51,53,-2
117900093,36,66,-30
117900094,10,7,3
117900095,345,770,-425
117900096,35,221,-186
117900097,86,70,16
117900098,13,6,7
117900099,80,468,-388
117900100,74,1,73
117900101,313,933,-620
117900102,42,47,-5
117900103,18,0,18
117900104,51,172,-121
117900105,117,182,-65
117900106,84,65,19
117900107,10,0,10
117900109,220,251,-31
117900110,16,0,16
117900111,179,5,174
117900112,29,20,9
117900113,3937,1364,2573
117900114,5,0,5
117900115,358,31,327
117900116,951,799,152
117900117,257,298,-41
117900118,14,0,14
117900119,50,295,-245
117900120,33,113,-80
117900121,42,15,27
117900122,1173,1484,-311
117900123,565,871,-306
117900124,540,560,-20
117900125,1035,947,88
117900126,318,577,-259
117900127,286,764,-478
117900128,184,1019,-835
117900129,19,0,19
117900130,592,294,298
117900131,9,120,-111
117900132,3,93,-90
117900133,3,149,-146
117900134,29,205,-176
117900135,14,247,-233
117900136,0,67,-67
117900137,15,379,-364
117900138,0,69,-69
117900139,36,166,-130
117900140,5728,188,5540
117900141,137,264,-127
117900142,97,6,91
117900144,102,110,-8
117900145,81,10,71
117900146,217,131,86
117900147,30,70,-40
117900148,2745,871,1874
117900149,23,228,-205
117900150,18,70,-52
117900151,32,155,-123
117900152,105,72,33
117900153,8,102,-94
117900154,378,798,-420
117900156,718,824,-106
117900157,76,433,-357
117900158,146,83,63
117900160,400,227,173
117900161,2462,2464,-2
117900162,269,406,-137
117900163,81,9,72
117900165,0,10,-10
117900166,83,203,-120
117900168,35,141,-106
117900169,0,90,-90
117900170,0,18,-18
117900171,1,11,-10
117900172,15,20,-5
117900173,109,50,59
117900174,19,25,-6
117900175,3,25,-22
117900176,7,33,-26
117900177,7,44,-37
117900178,73,31,42
117900180,210,20,190
117900181,135,184,-49
117900182,1,21,-20
117900183,28,130,-102
117900184,1,41,-40
117900185,11,31,-20
117900186,24,15,9
117900187,9,8,1
117900188,147,18,129
117900189,52,18,34
117900190,12,0,12
117900191,68,1,67
117900192,97,0,97
117900193,2,26,-24
117900194,4,2,2
117900195,6,28,-22
117900196,11,30,-19
117900207,128,106,22
117900208,30,39,-9
117900209,166,170,-4
117900210,169,106,63
117900211,16,142,-126
117900212,72,163,-91
117900213,22,9,13
117900214,0,58,-58
117900215,19,68,-49
117900216,32,11,21
117900217,179,59,120
117900218,265,209,56
117900219,11,44,-33
117900220,106,66,40
117900222,227,263,-36
117900223,157,228,-71
118000001,837,483,354
118000002,1329,1782,-453
118000003,1755,1237,518
118000004,3149,2256,893
118000005,6407,2159,4248
118000006,8246,6615,1631
118000007,6408,2569,3839
118000008,5166,2831,2335
118000009,2095,2219,-124
118000010,2254,3443,-1189
118000011,770,2683,-1913
118000012,774,2762,-1988
118000013,2838,2956,-118
118000014,1932,3603,-1671
118000016,176,460,-284
118000017,151,332,-181
118000018,254,567,-313
118000019,1735,1220,515
118000020,1058,1185,-127
118000021,554,1630,-1076
118000022,1495,525,970
118000023,900,254,646
118000024,1370,625,745
118000027,19004,5723,13281
118000029,1262,504,758
118000032,1675,1794,-119
118000033,2311,2000,311
118000034,4533,1603,2930
118000035,1493,1397,96
118000036,1049,815,234
118000037,543,842,-299
118000038,123,101,22
118000039,40,395,-355
118000040,1328,2178,-850
118000041,1735,1619,116
118000045,601,93,508
118000046,2140,523,1617
118000047,1750,491,1259
118000048,3577,1056,2521
118000051,1963,1163,800
118000052,1487,787,700
118000053,559,619,-60
118000054,2455,2288,167
118000055,2488,2172,316
118000056,278,349,-71
118000057,277,429,-152
118000058,3047,989,2058
118000059,1988,649,1339
118000060,675,666,9
118000061,445,1478,-1033
118000062,528,233,295
118000063,328,424,-96
118000064,888,1028,-140
118000065,5107,1445,3662
118000066,712,948,-236
118000067,1187,687,500
118000068,1729,3072,-1343
118000069,3578,971,2607
118000070,7561,1337,6224
118000071,3782,4425,-643
118000072,2150,1042,1108
118000073,2506,379,2127
118000074,394,728,-334
118000075,815,262,553
118000076,1167,1149,18
118000077,1217,994,223
118000078,1711,1543,168
118000079,228,277,-49
118000080,1127,787,340
118000081,1600,1114,486
118000082,281,630,-349
118000083,2041,1030,1011
118000084,2347,1231,1116
118000086,209,497,-288
118000087,6537,2315,4222
118000088,1812,1807,5
118000089,3819,2052,1767
118000090,1946,2388,-442
118000091,1473,1661,-188
118000092,1158,433,725
118000093,124,549,-425
118000096,364,464,-100
118000097,551,503,48
118000098,193,166,27
118000099,240,900,-660
118000101,592,375,217
118000102,390,1530,-1140
118000107,3524,362,3162
118000108,509,973,-464
118000110,0,29,-29
118000111,7,855,-848
118000112,245,2,243
118000113,3,1214,-1211
118000114,149,0,149
118000115,11,18,-7
118000116,63,1,62
118000117,1215,874,341
118000118,663,693,-30
118000119,479,959,-480
118000120,1400,1457,-57
118000121,85,581,-496
118000122,1186,243,943
118000123,58,248,-190
118000125,1657,988,669
118000126,619,1274,-655
118000127,1532,677,855
118000128,693,1132,-439
118000129,977,333,644
118000130,2445,3701,-1256
118000131,870,1184,-314
118000132,1947,1428,519
118000133,533,476,57
118000135,436,272,164
118000136,72,528,-456
118000137,597,99,498
118000138,256,919,-663
118000139,163,129,34
118000140,1891,2483,-592
118000141,1378,1871,-493
118000142,1008,1858,-850
118000143,1170,906,264
118000144,1189,947,242
118000145,1158,2435,-1277
118000146,810,1107,-297
118000147,572,1668,-1096
118000148,337,1539,-1202
118000149,611,1299,-688
118000150,186,346,-160
118000151,192,457,-265
118000153,595,1129,-534
118000154,746,1473,-727
118000155,660,1138,-478
118000156,2041,1948,93
118000157,324,350,-26
118000158,137,363,-226
118000159,23,56,-33
118000160,361,381,-20
118000161,285,762,-477
118000162,609,718,-109
118000163,403,608,-205
118000164,2002,1255,747
118000168,1092,155,937
118000169,797,1703,-906
118000170,3282,6358,-3076
118000171,134,615,-481
118000172,126,300,-174
118000173,702,1026,-324
118000175,186,257,-71
118000176,153,357,-204
118000177,121,451,-330
118000178,93,44,49
118000179,1207,672,535
118000180,510,620,-110
118000181,705,271,434
118000182,233,199,34
118000183,215,244,-29
118000184,450,895,-445
118000185,843,607,236
118000186,410,705,-295
118000187,708,876,-168
118000188,303,241,62
118000189,192,867,-675
118000190,9,9,0
118000191,10,26,-16
118000192,325,242,83
118000193,200,285,-85
118000194,1774,894,880
118000195,870,520,350
118000196,357,80,277
118000197,201,88,113
118000198,606,382,224
118000199,688,321,367
118000200,54,169,-115
118000201,571,289,282
118000202,53,33,20
118000203,1580,340,1240
118000204,258,235,23
118000205,329,297,32
118000206,150,145,5
118000207,0,117,-117
118000208,711,1350,-639
118000209,1130,1985,-855
118000210,23,40,-17
118000211,20,21,-1
118000213,797,1046,-249
118000214,621,362,259
118000215,191,384,-193
118000216,1018,3107,-2089
118000217,19,100,-81
118000218,29,100,-71
118000219,446,311,135
118000220,1,26,-25
118000221,40,217,-177
118000222,50,52,-2
118000223,18,33,-15
118000224,183,73,110
118000225,130,977,-847
118000226,692,129,563
118000227,935,242,693
118000228,86,95,-9
118000229,259,33,226
118000230,75,262,-187
118000231,39,162,-123
118000232,458,905,-447
118000233,509,669,-160
118000234,188,266,-78
118000236,199,457,-258
118000237,42,581,-539
118000238,91,310,-219
118000239,163,241,-78
118000240,507,54,453
118000241,71,224,-153
118000242,203,668,-465
118000243,88,204,-116
118000244,12,166,-154
118000246,0,7,-7
118000255,69,244,-175
118000256,116,279,-163
118000259,9,35,-26
118000260,64,89,-25
118000261,12,79,-67
118000263,66,230,-164
118000266,88,395,-307
118000267,0,64,-64
118000268,278,2,276
118000270,53,46,7
118000271,145,296,-151
118000272,38,22,16
118000273,58,64,-6
118000274,105,313,-208
118000276,181,295,-114
118000295,5,72,-67
118000298,98,432,-334
118000299,68,191,-123
118000301,1,84,-83
118000302,70,120,-50
118000311,115,139,-24
118000312,189,171,18
118000313,26,111,-85
118000314,44,79,-35
118000315,7,55,-48
118000316,390,577,-187
118000325,17,72,-55
118000326,26,28,-2
118000331,32,39,-7
118000332,10,52,-42
118000333,29,74,-45
118000335,90,1,89
118000336,1,444,-443
118000407,64,49,15
118000457,11,50,-39
118000465,4440,2406,2034
118000480,34,126,-92
118000489,101,164,-63
118000490,169,540,-371
118000492,182,181,1
118000510,78,8,70
118000514,155,296,-141
118000515,537,409,128
118000517,308,178,130
118000524,701,167,534
118000525,623,822,-199
118000530,14,86,-72
118000531,120,255,-135
118000532,123,217,-94
118000533,303,113,190
118000534,416,307,109
118000535,136,84,52
118000536,883,572,311
118000537,13,68,-55
118000538,22,111,-89
118000539,15,81,-66
118000540,194,242,-48
118000541,135,99,36
118000542,66,148,-82
118000543,135,158,-23
118000546,24,30,-6
118000553,0,1,-1
118000557,0,0,0
118000560,3201,822,2379
118000562,18,507,-489
118000563,1596,1336,260
118000576,183,210,-27
118000577,170,157,13
118000578,192,145,47
118000579,672,948,-276
118000583,0,0,0
118000595,95,77,18
118000596,0,78,-78
118000597,117,134,-17
118000598,10,0,10
118000599,50,64,-14
118000600,3,9,-6
118000601,4,0,4
118000602,0,13,-13
118000603,0,54,-54
118000605,37,728,-691
118000606,10,51,-41
118900001,1110,699,411
118900002,886,540,346
118900003,111,8,103
118900004,39,42,-3
118900005,28,0,28
118900006,59,0,59
118900007,2,2,0
118900008,965,46,919
118900009,19,6,13
118900010,54,3,51
118900011,66,15,51
118900012,279,183,96
118900013,601,30,571
118900015,91,21,70
118900016,0,8,-8
118900017,155,205,-50
118900018,1090,16,1074
118900019,60,15,45
118900020,141,103,38
118900021,114,258,-144
118900022,127,79,48
118900023,76,89,-13
118900024,40,225,-185
118900025,22,14,8
118900026,29,87,-58
118900027,393,219,174
118900028,54,145,-91
118900029,113,481,-368
118900030,125,49,76
118900031,76,110,-34
118900032,69,262,-193
118900033,250,662,-412
118900034,43,5,38
118900035,88,262,-174
118900036,642,652,-10
118900037,213,339,-126
118900038,173,354,-181
118900039,190,213,-23
118900040,115,127,-12
118900041,217,224,-7
118900042,129,102,27
118900045,233,173,60
118900046,674,168,506
118900047,795,216,579
118900048,147,191,-44
118900049,55,39,16
118900050,12,176,-164
118900051,94,43,51
118900052,114,208,-94
118900053,17,54,-37
118900054,63,93,-30
118900055,33,161,-128
118900056,99,170,-71
118900057,258,234,24
118900058,229,442,-213
118900059,51,84,-33
118900060,50,156,-106
118900062,80,204,-124
118900064,627,330,297
118900065,26,126,-100
118900066,29,156,-127
118900067,6134,2087,4047
118900068,2,149,-147
118900069,288,251,37
118900071,2,52,-50
118900072,263,373,-110
118900073,51,112,-61
118900074,59,210,-151
118900075,29,76,-47
118900076,145,91,54
118900077,137,194,-57
118900078,20,0,20
118900079,43,210,-167
118900080,11,70,-59
118900081,50,41,9
118900082,365,146,219
118900083,11,21,-10
118900084,10,24,-14
118900085,360,925,-565
118900086,15,48,-33
118900087,22,138,-116
118900088,0,15,-15
118900089,19,9,10
118900090,284,344,-60
118900091,177,112,65
118900092,50,60,-10
118900093,77,12,65
118900096,67,40,27
118900097,103,672,-569
118900099,40,256,-216
118900100,139,195,-56
118900101,20,320,-300
118900102,6,48,-42
118900103,19,41,-22
118900104,24,20,4
118900105,86,132,-46
118900107,75,94,-19
118900108,47,91,-44
118900110,1800,479,1321
118900111,227,672,-445
118900112,39,96,-57
118900113,69,608,-539
118900114,9,64,-55
118900115,52,303,-251
118900116,79,130,-51
118900117,60,166,-106
118900118,147,398,-251
118900119,80,253,-173
118900120,94,246,-152
118900121,7,310,-303
118900122,7,390,-383
118900123,109,167,-58
118900124,35,177,-142
118900126,17,153,-136
118900129,148,143,5
118900130,70,105,-35
118900131,61,246,-185
118900132,238,133,105
118900133,26,55,-29
118900135,69,174,-105
118900136,130,758,-628
118900137,9,23,-14
118900139,123,678,-555
118900140,281,830,-549
118900141,35,354,-319
118900144,99,691,-592
118900145,12,189,-177
118900146,157,711,-554
118900147,152,106,46
118900148,38,50,-12
118900150,121,435,-314
118900152,297,808,-511
118900157,143,162,-19
118900158,25,135,-110
118900159,2,198,-196
118900161,59,5,54
118900163,245,37,208
118900164,5,76,-71
118900165,21,182,-161
118900166,86,3,83
118900167,68,112,-44
118900168,3,26,-23
118900169,94,331,-237
118900170,41,118,-77
118900171,6,16,-10
118900174,35,28,7
118900175,153,319,-166
118900176,56,175,-119
118900177,21,98,-77
118900178,29,105,-76
118900179,1,14,-13
118900181,68,117,-49
118900182,63,32,31
118900183,14,71,-57
118900184,121,24,97
118900185,51,98,-47
118900186,52,76,-24
118900187,130,254,-124
118900188,142,216,-74
118900189,25,335,-310
118900190,7,657,-650
118900191,75,42,33
118900192,76,8,68
118900193,199,9,190
118900195,237,911,-674
118900196,19,149,-130
118900197,95,69,26
118900198,5,59,-54
118900199,24,92,-68
118900200,7,3,4
118900201,20,9,11
118900202,5,41,-36
118900203,4,50,-46
118900204,2,34,-32
118900205,6,29,-23
118900206,2,34,-32
119000001,836,1085,-249
119000002,1761,2497,-736
119000003,1083,1465,-382
119000004,1307,1260,47
119000005,1296,1567,-271
119000006,1488,1532,-44
119000007,2254,2561,-307
119000008,1271,2104,-833
119000009,2661,2203,458
119000010,7339,3429,3910
119000011,4889,1933,2956
119000012,4442,3049,1393
119000013,1773,1046,727
119000014,2080,3537,-1457
119000019,193,158,35
119000020,996,1076,-80
119000021,2325,1704,621
119000022,2746,1290,1456
119000023,212,154,58
119000024,2076,5366,-3290
119000025,11523,1273,10250
119000026,232,245,-13
119000027,507,359,148
119000028,2143,1157,986
119000029,93,249,-156
119000030,359,1158,-799
119000031,592,802,-210
119000032,2003,2382,-379
119000033,1387,1549,-162
119000034,939,1161,-222
119000035,23,465,-442
119000036,703,1209,-506
119000037,809,2577,-1768
119000038,89,1353,-1264
119000039,134,295,-161
119000040,987,380,607
119000041,942,1142,-200
119000048,3475,4301,-826
119000049,1206,3851,-2645
119000050,1349,2352,-1003
119000051,1506,863,643
119000052,2077,2997,-920
119000053,1424,1078,346
119000054,2276,4178,-1902
119000055,2271,3634,-1363
119000056,1407,2051,-644
119000057,1204,2679,-1475
119000058,1396,2280,-884
119000059,795,1646,-851
119000060,847,774,73
119000061,690,856,-166
119000062,873,1161,-288
119000063,295,347,-52
119000064,1394,1655,-261
119000065,1633,3303,-1670
119000066,1182,905,277
119000067,1648,2883,-1235
119000068,923,998,-75
119000069,1204,2656,-1452
119000070,1363,1194,169
119000071,471,906,-435
119000072,6090,3803,2287
119000073,4147,4973,-826
119000074,637,4035,-3398
119000075,773,2605,-1832
119000076,344,853,-509
119000077,444,516,-72
119000078,204,399,-195
119000079,54,846,-792
119000080,183,249,-66
119000081,130,366,-236
119000082,274,250,24
119000083,261,315,-54
119000084,243,549,-306
119000085,584,363,221
119000086,265,314,-49
119000087,1663,1045,618
119000088,209,217,-8
119000089,61,148,-87
119000090,143,157,-14
119000091,153,243,-90
119000092,621,193,428
119000093,4119,3842,277
119000094,1651,5276,-3625
119000095,934,3078,-2144
119000097,2550,1802,748
119000098,602,1396,-794
119000099,1837,1650,187
119000100,1847,1877,-30
119000101,2194,2322,-128
119000102,559,776,-217
119000103,1093,573,520
119000104,3189,1530,1659
119000105,588,904,-316
119000106,200,2243,-2043
119000107,379,503,-124
119000108,232,1646,-1414
119000109,81,281,-200
119000110,255,325,-70
119000111,20,521,-501
119000112,122,94,28
119000113,2282,245,2037
119000114,590,480,110
119000115,159,197,-38
119000116,87,78,9
119000117,70,282,-212
119000118,0,2,-2
119000123,2659,569,2090
119000124,338,219,119
119000125,1600,1220,380
119000126,426,1243,-817
119000127,247,911,-664
119000128,26,6,20
119000131,540,1220,-680
119000132,2,5,-3
119000133,3,8,-5
119000134,2625,521,2104
119000135,46,235,-189
119000136,107,317,-210
119000137,115,636,-521
119000138,109,526,-417
119000139,153,295,-142
119000140,99,256,-157
119000284,1454,3059,-1605
119000285,2469,2304,165
119000286,7106,5016,2090
119000287,1214,2197,-983
119000288,1570,2018,-448
119000289,2398,4332,-1934
119000290,160,535,-375
119000291,1,399,-398
119000293,72,162,-90
119000294,37,42,-5
119000295,2300,557,1743
119000296,141,98,43
119000297,0,0,0
119000299,0,0,0
119000302,4190,1446,2744
119000303,22,184,-162
119000304,0,0,0
119000310,0,0,0
119000314,1346,5266,-3920
119000315,2,805,-803
119000316,33,136,-103
119000317,43,565,-522
119900001,134,815,-681
119900002,66,269,-203
119900003,49,1331,-1282
119900004,284,347,-63
119900005,47,173,-126
119900006,157,422,-265
119900007,582,83,499
119900008,40,23,17
119900009,345,546,-201
119900010,616,896,-280
119900011,10,40,-30
119900012,4,46,-42
119900013,1474,578,896
119900014,415,167,248
119900015,70,22,48
119900016,26,94,-68
119900017,9,44,-35
119900018,1646,263,1383
119900019,17,3,14
119900020,59,106,-47
119900021,76,39,37
119900022,129,230,-101
119900023,828,623,205
119900025,77,25,52
119900026,785,68,717
119900027,9,23,-14
119900028,162,42,120
119900029,2,8,-6
119900030,369,400,-31
119900031,24,215,-191
119900033,1731,134,1597
119900034,136,120,16
119900037,118,32,86
119900038,9,137,-128
119900039,35,3,32
119900040,47,12,35
119900041,33,42,-9
119900042,34,118,-84
119900043,31,190,-159
119900044,143,335,-192
119900046,36,85,-49
119900047,124,63,61
119900048,45,80,-35
119900049,50,8,42
119900050,34,51,-17
119900051,372,8,364
119900052,27,57,-30
119900053,55,214,-159
119900054,87,3,84
119900055,693,318,375
119900057,74,83,-9
119900058,81,1,80
119900059,69,43,26
119900060,113,1,112
119900061,83,4,79
119900062,19,13,6
119900063,8,35,-27
119900065,142,13,129
119900067,20,20,0
119900068,170,1,169
119900069,59,15,44
119900070,395,1,394
119900071,264,5,259
119900073,1766,422,1344
119900074,11,10,1
119900075,6406,1872,4534
119900076,176,690,-514
119900077,319,1524,-1205
119900078,245,956,-711
119900079,517,371,146
119900080,210,370,-160
119900081,177,199,-22
119900082,447,69,378
119900083,292,96,196
119900084,547,168,379
119900085,158,62,96
119900086,244,1236,-992
119900087,295,190,105
119900088,64,49,15
119900089,7,640,-633
119900090,216,40,176
119900091,35,1396,-1361
119900092,7,379,-372
119900093,597,99,498
119900094,34,200,-166
119900095,184,69,115
119900096,17,88,-71
119900097,489,174,315
119900098,19,44,-25
119900099,31,257,-226
119900100,3112,1764,1348
119900101,203,844,-641
119900102,12,290,-278
119900103,19,539,-520
119900104,18,214,-196
119900105,442,860,-418
119900106,26,233,-207
119900107,366,4147,-3781
119900108,1901,744,1157
119900109,10,266,-256
119900110,366,763,-397
119900111,32,442,-410
119900112,3190,493,2697
119900113,59,630,-571
119900114,157,2087,-1930
119900115,97,1607,-1510
119900116,122,243,-121
119900117,140,1032,-892
119900118,22,1459,-1437
119900119,69,257,-188
119900120,541,683,-142
119900121,106,1564,-1458
119900122,297,463,-166
119900123,176,251,-75
119900124,103,1191,-1088
119900125,59,470,-411
119900126,5486,215,5271
119900127,3188,863,2325
119900128,209,913,-704
119900129,79,921,-842
119900130,60,285,-225
119900131,29,433,-404
119900132,1,467,-466
119900133,19,34,-15
119900134,2591,253,2338
119900135,3,544,-541
119900136,169,632,-463
119900138,362,720,-358
119900139,17,73,-56
119900140,2,195,-193
119900141,112,360,-248
119900142,2,11,-9
119900143,6,260,-254
119900144,2497,255,2242
119900145,47,264,-217
119900146,123,98,25
119900147,1,118,-117
119900148,69,26,43
119900149,1763,1688,75
119900150,145,223,-78
119900151,1245,647,598
119900152,60,440,-380
119900153,70,52,18
119900154,9,1164,-1155
119900155,13,35,-22
119900156,4,1,3
119900157,45,334,-289
119900158,66,45,21
119900159,6,2196,-2190
119900160,10,222,-212
119900161,156,319,-163
119900162,595,604,-9
119900163,154,79,75
119900164,0,2,-2
119900165,67,307,-240
119900166,27,27,0
119900167,131,129,2
119900168,328,407,-79
119900169,133,264,-131
119900170,135,133,2
119900171,428,496,-68
119900172,72,13,59
119900173,5,704,-699
119900174,9,273,-264
119900175,534,656,-122
119900177,34,302,-268
119900178,7,190,-183
119900179,48,180,-132
119900180,637,662,-25
119900181,32,38,-6
119900182,5,554,-549
119900183,96,1120,-1024
119900184,3039,560,2479
119900185,29,83,-54
119900186,42,301,-259
119900187,5,738,-733
119900188,20,393,-373
119900189,349,167,182
119900190,47,114,-67
119900191,183,94,89
119900192,8,282,-274
119900193,107,231,-124
119900194,16,24,-8
119900195,16,217,-201
119900196,1697,454,1243
119900197,86,94,-8
119900198,49,515,-466
119900199,153,10,143
119900200,266,556,-290
119900201,348,151,197
119900202,227,130,97
119900203,109,280,-171
119900204,119,316,-197
119900205,228,721,-493
119900206,46,113,-67
119900208,84,117,-33
119900209,290,694,-404
119900210,10,62,-52
119900211,89,29,60
119900212,77,309,-232
119900213,3,51,-48
119900214,13,122,-109
119900215,16,91,-75
119900216,9,110,-101
119900217,6,88,-82
119900218,9,78,-69
119900219,5,177,-172
119900220,5,131,-126
119900221,11,495,-484
119900222,10,368,-358
119900223,15,184,-169
119900224,19,44,-25
119900225,1468,44,1424
119900226,975,982,-7
119900227,1465,344,1121
119900228,16,223,-207
119900229,194,425,-231
119900230,1256,538,718
119900231,76,225,-149
119900232,160,60,100
119900233,30,1,29
119900234,17,18,-1
119900235,4,32,-28
119900236,10,225,-215
119900237,14,475,-461
119900238,3,115,-112
119900240,43,156,-113
119900241,159,225,-66
119900242,1511,996,515
119900244,686,954,-268
119900245,43,128,-85
119900246,205,270,-65
119900247,11,51,-40
119900248,37,58,-21
119900249,116,67,49
119900253,4277,300,3977
119900254,45,268,-223
119900255,54,484,-430
119900256,167,1528,-1361
119900257,29,0,29
119900258,24,23,1
119900259,4,253,-249
119900260,55,3,52
119900261,97,189,-92
119900262,1,373,-372
119900263,923,367,556
119900264,32,276,-244
119900265,152,326,-174
119900266,129,333,-204
119900267,74,345,-271
119900268,158,294,-136
119900269,275,1349,-1074
119900271,6,91,-85
119900272,105,35,70
119900275,29,2,27
119900276,21,0,21
119900277,4,4,0
119900278,205,97,108
119900279,89,102,-13
119900280,1127,172,955
119900281,0,63,-63
119900282,60,9,51
119900283,2,429,-427
119900284,32,152,-120
119900285,7,49,-42
119900286,4,4,0
119900288,4,46,-42
119900289,0,37,-37
119900290,1,30,-29
119900291,0,40,-40
119900292,21,14,7
119900293,13,58,-45
119900294,16,63,-47
119900295,11,67,-56
119900296,12,314,-302
119900297,0,24,-24
119900298,5,5,0
119900299,10,269,-259
119900300,102,191,-89
119900301,21,7,14
119900302,14,37,-23
119900303,91,205,-114
119900304,50,29,21
119900305,14,78,-64
119900306,20,7,13
119900307,26,157,-131
119900308,6,13,-7
119900309,13,49,-36
119900310,178,320,-142
119900311,30,198,-168
119900312,37,71,-34
119900313,171,391,-220
119900314,87,290,-203
119900315,605,3089,-2484
119900318,5,14,-9
119900319,4,394,-390
119900320,55,853,-798
119900321,44,1,43
120000001,7224,8444,-1220
120000002,2075,3674,-1599
120000003,3475,2205,1270
120000004,2913,2689,224
120000005,4898,2306,2592
120000006,1320,1538,-218
120000007,3482,2561,921
120000008,1019,1392,-373
120000009,5313,999,4314
120000010,1606,3241,-1635
120000011,1065,2284,-1219
120000012,1351,3229,-1878
120000013,2216,3066,-850
120000014,465,1537,-1072
120000015,2352,1443,909
120000016,2733,2606,127
120000017,1864,1831,33
120000018,5144,7382,-2238
120000019,799,1080,-281
120000020,3064,2349,715
120000021,2145,1803,342
120000022,2835,3534,-699
120000023,937,1824,-887
120000024,1437,2333,-896
120000025,1913,2303,-390
120000026,768,1976,-1208
120000027,1241,1860,-619
120000028,488,327,161
120000029,2249,448,1801
120000030,114,651,-537
120000031,1847,4752,-2905
120000032,10375,3363,7012
120000033,2845,1930,915
120000034,1241,2463,-1222
120000035,1238,2626,-1388
120000036,2191,4049,-1858
120000037,604,950,-346
120000038,11134,3283,7851
120000039,433,1120,-687
120000040,57,135,-78
120000041,541,2024,-1483
120000042,1362,4840,-3478
120000043,4069,2871,1198
120000044,3049,1365,1684
120000045,2921,1003,1918
120000046,1505,1737,-232
120000047,1930,2839,-909
120000048,8251,3472,4779
120000049,3529,2870,659
120000050,2915,5373,-2458
120000051,3601,4296,-695
120000052,15104,2779,12325
120000053,944,4799,-3855
120000054,1313,7337,-6024
120000055,1117,5035,-3918
120000056,2769,5002,-2233
120000057,1401,851,550
120000058,652,222,430
120000059,39,1133,-1094
120000061,84,823,-739
120000062,183,336,-153
120000063,1952,3385,-1433
120000064,192,1745,-1553
120000065,384,2158,-1774
120000066,131,469,-338
120000067,24,718,-694
120000068,133,1466,-1333
120000069,457,1837,-1380
120000070,33,1296,-1263
120000071,172,246,-74
120000072,251,594,-343
120000073,301,147,154
120000074,40,70,-30
120000075,264,254,10
120000076,961,401,560
120000077,1057,550,507
120000078,2967,790,2177
120000079,196,791,-595
120000080,225,320,-95
120000081,173,204,-31
120000082,158,273,-115
120000083,121,401,-280
120000084,436,571,-135
120000085,280,460,-180
120000086,238,902,-664
120000087,179,1564,-1385
120000088,566,1454,-888
120000089,725,626,99
120000090,382,517,-135
120000091,576,940,-364
120000092,849,662,187
120000093,215,475,-260
120000094,106,378,-272
120000095,613,764,-151
120000096,154,1379,-1225
120000098,564,1178,-614
120000099,181,786,-605
120000100,466,983,-517
120000101,346,475,-129
120000102,297,514,-217
120000103,764,459,305
120000104,1187,240,947
120000105,1459,349,1110
120000106,1165,387,778
120000107,1860,458,1402
120000108,602,92,510
120000109,579,60,519
120000110,73,1105,-1032
120000111,122,1537,-1415
120000112,700,5073,-4373
120000113,599,3718,-3119
120000114,671,3132,-2461
120000115,374,2812,-2438
120000116,525,2474,-1949
120000117,1306,1722,-416
120000118,64,36,28
120000119,46,42,4
120000120,51,72,-21
120000121,32,78,-46
120000122,295,334,-39
120000123,6870,3601,3269
120000124,303,540,-237
120000125,264,784,-520
120000126,305,846,-541
120000127,2436,654,1782
120000128,4952,1980,2972
120000129,290,313,-23
120000130,633,746,-113
120000131,227,510,-283
120000134,284,1807,-1523
120000135,160,295,-135
120000137,84,2882,-2798
120000138,258,539,-281
120000139,128,1243,-1115
120000140,220,667,-447
120000141,104,631,-527
120000142,210,622,-412
120000143,0,121,-121
120000144,30,0,30
120000145,156,1,155
120000146,2234,1136,1098
120000149,438,888,-450
120000150,5601,7864,-2263
120000151,395,485,-90
120000152,252,256,-4
120000153,114,817,-703
120000154,475,405,70
120000155,84,292,-208
120000156,1772,562,1210
120000157,747,631,116
120000158,609,990,-381
120000159,1627,2559,-932
120000160,1846,1246,600
120000161,1060,2790,-1730
120000162,71,274,-203
120000163,298,2041,-1743
120000164,236,618,-382
120000165,241,1160,-919
120000166,588,631,-43
120000167,18,30,-12
120000168,5,88,-83
120000169,98,285,-187
120000170,156,155,1
120000171,49,46,3
120000172,36,33,3
120000173,2289,197,2092
120000174,556,6,550
120000175,611,9,602
120000176,329,61,268
120000177,1041,382,659
120000178,82,10,72
120000179,405,19,386
120000180,516,64,452
120000181,94,107,-13
120000182,83,81,2
120000183,2,148,-146
120000184,110,1097,-987
120000186,62,70,-8
120000187,114,39,75
120000188,243,45,198
120000190,1373,9,1364
120000191,1926,16,1910
120000192,2136,11,2125
120000193,547,4,543
120000195,100,2,98
120000196,222,29,193
120000197,111,121,-10
120000198,101,169,-68
120000199,48,0,48
120000200,49,0,49
120000201,4,16,-12
120000202,1,60,-59
120000203,22,427,-405
120000207,0,82,-82
120000208,10,386,-376
120000209,7,177,-170
120000210,176,92,84
120000211,30,0,30
120000212,72,0,72
120000213,78,591,-513
120000214,2,565,-563
120000215,2,208,-206
120000216,29,8,21
120000217,865,1456,-591
120000218,355,1630,-1275
120000219,11,929,-918
120000220,9,3489,-3480
120000225,476,1,475
120000226,126,0,126
120000227,511,20,491
120000228,8053,1826,6227
120000230,163,11,152
120000231,558,2864,-2306
120000233,121,28,93
120000235,84,871,-787
120000236,505,2,503
120000237,5,2878,-2873
120000238,4,110,-106
120000241,1101,3118,-2017
120000412,2048,13,2035
120000413,136,596,-460
120000414,44,2,42
120000415,5,297,-292
120000416,25,9,16
120000417,4,143,-139
120000418,71,34,37
120000419,4,644,-640
120000420,81,31,50
120000421,14895,6196,8699
120000422,209,439,-230
120000423,5,47,-42
120000424,32,232,-200
120000436,144,432,-288
120000437,183,209,-26
120000438,5432,345,5087
120000439,168,250,-82
120000443,61,0,61
120000444,629,671,-42
120000445,1346,1235,111
120000446,1077,301,776
120000447,82,4,78
120000449,62,18,44
120000450,3,525,-522
120000451,111,303,-192
120000452,35,0,35
120000453,1,416,-415
120000454,76,32,44
120000455,56,45,11
120000456,3128,2428,700
120000457,1220,1068,152
120000458,584,853,-269
120000459,68,133,-65
120000665,837,162,675
120000668,85,173,-88
120000669,73,505,-432
120000670,177,358,-181
120000671,729,306,423
120000672,112,587,-475
120900001,53,45,8
120900002,310,214,96
120900003,157,26,131
120900004,5,39,-34
120900005,11,1460,-1449
120900006,133,204,-71
120900007,98,205,-107
120900008,176,1559,-1383
120900009,373,51,322
120900010,207,48,159
120900011,441,165,276
120900012,1052,712,340
120900013,181,35,146
120900014,7,729,-722
120900015,262,96,166
120900016,367,45,322
120900017,4258,111,4147
120900018,50,489,-439
120900019,335,97,238
120900020,613,589,24
120900021,329,76,253
120900022,26,456,-430
120900023,100,45,55
120900024,1275,443,832
120900025,2442,923,1519
120900026,61,173,-112
120900027,561,76,485
120900028,143,34,109
120900029,101,228,-127
120900030,631,449,182
120900031,148,45,103
120900032,400,196,204
120900033,631,43,588
120900034,30,1562,-1532
120900035,27,47,-20
120900037,63,11,52
120900038,35,197,-162
120900039,69,20,49
120900040,121,0,121
120900041,127,30,97
120900042,136,69,67
120900043,24,11,13
120900044,4,443,-439
120900045,83,136,-53
120900046,247,23,224
120900047,93,34,59
120900048,79,17,62
120900049,188,1,187
120900050,4387,1066,3321
120900051,162,172,-10
120900052,266,1,265
120900053,91,83,8
120900054,1545,944,601
120900055,189,7,182
120900056,251,4,247
120900057,88,14,74
120900058,243,2,241
120900059,44,2,42
120900060,27,27,0
120900061,275,339,-64
120900062,89,2,87
120900063,261,5,256
120900064,172,1,171
120900065,174,5,169
120900066,147,369,-222
120900067,184,38,146
120900068,84,0,84
120900069,111,97,14
120900071,2,3,-1
120900072,329,2,327
120900073,253,266,-13
120900074,325,9,316
120900076,143,0,143
120900077,3676,166,3510
120900078,322,873,-551
120900079,314,111,203
120900080,517,3474,-2957
120900081,405,1747,-1342
120900082,632,311,321
120900083,42,4,38
120900084,170,235,-65
120900085,164,148,16
120900086,159,159,0
120900087,200,75,125
120900088,108,252,-144
120900089,5363,1348,4015
120900090,62,243,-181
120900091,350,248,102
120900092,902,806,96
120900093,4909,267,4642
120900094,595,219,376
120900095,194,41,153
120900096,22,121,-99
120900097,640,1213,-573
120900098,267,204,63
120900099,43,74,-31
120900100,74,422,-348
120900101,638,377,261
120900102,11,116,-105
120900103,23,147,-124
120900104,10,46,-36
120900105,29,1058,-1029
120900106,1500,708,792
120900107,373,190,183
120900108,7,1377,-1370
120900109,42,967,-925
120900110,16,628,-612
120900111,130,500,-370
120900112,6,1948,-1942
120900113,28,1287,-1259
120900114,24,245,-221
120900115,133,208,-75
120900116,108,768,-660
120900117,2,742,-740
120900118,13,1260,-1247
120900119,3731,3307,424
120900120,19,895,-876
120900121,62,447,-385
120900122,138,878,-740
120900123,2,727,-725
120900124,1,1132,-1131
120900125,5,1283,-1278
120900126,1366,796,570
120900127,7,759,-752
120900128,1012,1001,11
120900129,62,460,-398
120900130,5,497,-492
120900131,15,56,-41
120900132,421,401,20
120900133,167,1380,-1213
120900134,526,526,0
120900135,6,866,-860
120900136,15,30,-15
120900137,85,96,-11
120900138,37,288,-251
120900139,2,1071,-1069
120900140,2,64,-62
120900141,68,68,0
120900142,27,1074,-1047
120900143,5,1262,-1257
120900144,1,268,-267
120900145,59,1201,-1142
120900146,10,1342,-1332
120900147,3,411,-408
120900148,64,136,-72
120900149,4,501,-497
120900150,15,788,-773
120900151,3,955,-952
120900152,0,56,-56
120900153,12,53,-41
120900154,1,406,-405
120900155,118,1474,-1356
120900156,34,546,-512
120900157,20,278,-258
120900158,31,717,-686
120900159,58,664,-606
120900160,29,441,-412
120900161,13,895,-882
120900162,23,1012,-989
120900163,17,140,-123
120900164,0,4,-4
120900165,0,11,-11
120900166,34,120,-86
120900167,199,61,138
120900169,39,666,-627
120900170,2899,1357,1542
120900171,1265,436,829
120900172,1029,169,860
120900173,1,70,-69
120900174,2,154,-152
120900175,252,204,48
120900176,13,216,-203
120900177,1,390,-389
120900178,0,219,-219
120900179,1021,507,514
120900180,82,90,-8
120900181,42,62,-20
120900182,13,486,-473
120900183,413,39,374
120900184,158,72,86
120900185,7,407,-400
120900186,1,679,-678
120900187,212,682,-470
120900188,72,5,67
120900189,182,406,-224
120900190,23,5,18
120900191,0,34,-34
120900192,15096,2729,12367
120900194,17,70,-53
120900195,86,260,-174
120900196,371,47,324
120900197,325,42,283
120900198,205,701,-496
120900199,168,164,4
120900200,152,105,47
120900201,719,170,549
120900202,1,282,-281
120900203,12,43,-31
120900204,261,424,-163
120900205,84,119,-35
120900206,9,13,-4
120900207,36,1325,-1289
121000001,1028,1082,-54
121000002,2053,1136,917
121000003,4095,1942,2153
121000004,2472,3365,-893
121000005,2118,2653,-535
121000006,2850,1207,1643
121000007,3094,2904,190
121000008,4971,2528,2443
121000009,6722,5093,1629
121000010,9089,3740,5349
121000011,10592,10438,154
121000012,15437,7556,7881
121000013,5019,6816,-1797
121000014,6957,5754,1203
121000015,4253,5600,-1347
121000016,4626,3441,1185
121000017,1486,3430,-1944
121000018,1949,1671,278
121000019,21047,8999,12048
121000020,13337,7792,5545
121000021,2640,3466,-826
121000022,1329,1693,-364
121000023,3883,3174,709
121000024,2517,2876,-359
121000025,589,880,-291
121000026,309,131,178
121000027,1342,878,464
121000028,670,442,228
121000029,772,722,50
121000030,419,334,85
121000031,524,590,-66
121000032,246,75,171
121000034,200,135,65
121000035,132,98,34
121000036,1300,804,496
121000037,644,594,50
121000038,592,515,77
121000039,293,260,33
121000041,346,487,-141
121000042,195,316,-121
121000043,772,630,142
121000044,2016,631,1385
121000045,208,281,-73
121000046,320,751,-431
121000047,16,68,-52
121000049,1803,601,1202
121000050,304,1012,-708
121000051,642,339,303
121000052,230,583,-353
121000053,340,70,270
121000054,60,195,-135
121000055,1378,1089,289
121000056,917,1084,-167
121000057,131,273,-142
121000058,483,115,368
121000059,1921,984,937
121000060,405,855,-450
121000061,110,131,-21
121000062,125,226,-101
121000063,607,434,173
121000064,578,618,-40
121000065,391,367,24
121000066,555,458,97
121000067,927,270,657
121000068,532,338,194
121000069,486,286,200
121000070,1522,1230,292
121000071,969,790,179
121000072,1251,671,580
121000073,765,611,154
121000074,77,143,-66
121000075,57,39,18
121000076,1144,281,863
121000077,80,76,4
121000078,89,133,-44
121000080,2687,649,2038
121000081,2389,1959,430
121000082,156,225,-69
121000083,256,112,144
121000084,207,87,120
121000085,366,433,-67
121000086,136,905,-769
121000087,50,275,-225
121000088,396,582,-186
121000089,481,219,262
121000090,337,306,31
121000091,1803,743,1060
121000092,136,94,42
121000093,158,221,-63
121000094,575,452,123
121000095,287,455,-168
121000096,2241,2606,-365
121000097,1336,1594,-258
121000098,427,1343,-916
121000099,431,958,-527
121000100,655,681,-26
121000101,157,239,-82
121000102,111,411,-300
121000103,106,291,-185
121000104,162,227,-65
121000105,228,276,-48
121000106,143,390,-247
121000107,2240,3625,-1385
121000109,1356,1096,260
121000110,300,567,-267
121000114,2441,2153,288
121000115,643,820,-177
121000116,467,896,-429
121000117,1126,315,811
121000118,1179,284,895
121000119,217,349,-132
121000120,176,463,-287
121000121,291,873,-582
121000123,1334,602,732
121000127,92,111,-19
121000128,684,624,60
121000129,357,509,-152
121000130,371,1015,-644
121000131,1867,1269,598
121000132,1284,1065,219
121000135,336,190,146
121000136,814,514,300
121000137,468,177,291
121000138,781,680,101
121000139,453,75,378
121000141,152,109,43
121000142,797,584,213
121000143,164,13,151
121000144,1082,825,257
121000145,390,1340,-950
121000146,1032,762,270
121000147,496,420,76
121000148,706,1065,-359
121000149,1703,1114,589
121000152,370,618,-248
121000153,1388,450,938
121000154,767,483,284
121000155,966,981,-15
121000156,331,916,-585
121000157,1393,1763,-370
121000158,398,654,-256
121000159,127,630,-503
121000160,230,748,-518
121000161,99,379,-280
121000162,28,298,-270
121000165,1718,1743,-25
121000166,36,564,-528
121000168,221,325,-104
121000169,41,175,-134
121000170,151,87,64
121000171,40,186,-146
121000172,444,470,-26
121000173,952,671,281
121000174,169,372,-203
121000175,455,499,-44
121000176,282,306,-24
121000177,528,628,-100
121000178,78,76,2
121000179,106,56,50
121000181,388,361,27
121000182,105,145,-40
121000183,33,67,-34
121000184,35,70,-35
121000185,21,123,-102
121000186,104,227,-123
121000187,93,304,-211
121000188,74,305,-231
121000192,442,255,187
121000193,447,463,-16
121000194,2676,1889,787
121000195,332,1065,-733
121000196,822,201,621
121000197,248,733,-485
121000198,232,72,160
121000199,132,502,-370
121000200,288,75,213
121000201,8,227,-219
121000202,585,89,496
121000203,638,2474,-1836
121000204,1676,507,1169
121000205,190,250,-60
121000206,119,41,78
121000207,1424,472,952
121000208,22,462,-440
121000209,164,597,-433
121000210,207,633,-426
121000211,127,134,-7
121000212,210,898,-688
121000213,8785,2468,6317
121000214,865,1812,-947
121000215,1074,749,325
121000216,354,474,-120
121000217,4032,2187,1845
121000218,517,1771,-1254
121000219,1341,343,998
121000220,368,87,281
121000221,139,226,-87
121000222,2886,2382,504
121000223,604,376,228
121000224,346,139,207
121000225,1527,889,638
121000226,2854,679,2175
121000227,22,247,-225
121000228,13,799,-786
121000229,101,502,-401
121000230,74,2005,-1931
121000231,458,33,425
121000232,369,195,174
121000233,409,314,95
121000234,5,32,-27
121000235,46,66,-20
121000236,7,42,-35
121000237,72,22,50
121000238,2,78,-76
121000239,22,8,14
121000240,9,198,-189
121000241,147,16,131
121000242,121,203,-82
121000243,738,110,628
121000244,5,70,-65
121000245,20,17,3
121000246,0,81,-81
121000247,29,3,26
121000248,705,894,-189
121000249,95,212,-117
121000250,249,86,163
121000251,20,699,-679
121000252,75,51,24
121000253,291,575,-284
121000254,375,282,93
121000255,160,169,-9
121000256,185,187,-2
121000257,55,70,-15
121000258,66,71,-5
121000259,62,37,25
121000260,49,105,-56
121000261,52,38,14
121000262,893,571,322
121000263,396,507,-111
121000271,193,1684,-1491
121000273,73,11,62
121000274,4,32,-28
121000275,1,28,-27
121000276,4,9,-5
121000278,32,49,-17
121000279,29,16,13
121000280,34,50,-16
121000289,307,57,250
121000290,1111,636,475
121000294,89,242,-153
121000297,931,847,84
121000299,52,260,-208
121000300,576,501,75
121000302,221,924,-703
121000303,602,493,109
121000304,424,33,391
121000305,103,44,59
121000306,65,112,-47
121000308,106,343,-237
121000309,409,581,-172
121000310,49,357,-308
121000311,55,784,-729
121000312,223,192,31
121000313,449,444,5
121000314,324,97,227
121000315,142,193,-51
121000530,727,1363,-636
121000531,1076,1375,-299
121000532,5056,4032,1024
121000533,2309,2220,89
121000918,22,277,-255
121000919,15,43,-28
121000938,840,820,20
121000939,1285,508,777
121000956,534,1498,-964
121000957,2,6,-4
121000958,82,31,51
121000959,295,1144,-849
121000960,1649,2238,-589
121000961,173,98,75
121000962,439,893,-454
121000973,0,569,-569
121000976,14,149,-135
121000979,246,56,190
121000981,313,138,175
121000982,189,263,-74
121000983,325,498,-173
121000984,8,45,-37
121000985,306,748,-442
121000986,181,367,-186
121000987,189,1778,-1589
121000988,397,117,280
121001302,270,125,145
121001308,1,13,-12
121001309,91,53,38
121001311,1,0,1
121001313,82,438,-356
121001314,3646,4106,-460
121001315,3856,1622,2234
121001326,355,363,-8
121900001,41,153,-112
121900002,48,15,33
121900003,333,14,319
121900004,111,356,-245
121900005,9,6,3
121900006,61,12,49
121900007,1839,1870,-31
121900008,869,97,772
121900009,499,23,476
121900010,250,2,248
121900011,140,397,-257
121900012,2,0,2
121900013,1391,41,1350
121900014,869,400,469
121900015,133,152,-19
121900016,3,51,-48
121900017,219,469,-250
121900018,350,4,346
121900019,174,202,-28
121900020,19,0,19
121900021,818,31,787
121900022,134,151,-17
121900023,70,359,-289
121900024,346,103,243
121900025,325,282,43
121900026,222,35,187
121900027,118,85,33
121900028,216,15,201
121900029,84,171,-87
121900030,492,401,91
121900031,1000,4159,-3159
121900032,54,69,-15
121900033,177,160,17
121900034,200,49,151
121900035,2071,1350,721
121900036,51,357,-306
121900037,129,511,-382
121900038,17,142,-125
121900039,355,28,327
121900040,19,72,-53
121900041,67,129,-62
121900042,211,105,106
121900043,1,3,-2
121900044,213,18,195
121900046,192,166,26
121900047,86,87,-1
121900048,24,115,-91
121900050,11,34,-23
121900051,75,176,-101
121900052,40,20,20
121900053,248,228,20
121900054,507,635,-128
121900055,4,18,-14
121900058,120,255,-135
121900059,197,101,96
121900060,68,306,-238
121900061,126,114,12
121900062,116,63,53
121900063,623,305,318
121900064,115,607,-492
121900066,20,23,-3
121900067,6,17,-11
121900069,201,96,105
121900070,192,79,113
121900071,115,272,-157
121900072,21,208,-187
121900073,215,162,53
121900074,629,413,216
121900075,517,261,256
121900076,212,531,-319
121900078,41,24,17
121900079,0,0,0
121900080,435,416,19
121900082,15,83,-68
121900084,2,266,-264
121900086,17,43,-26
121900087,161,75,86
121900088,1861,1834,27
121900089,64,408,-344
121900090,13,132,-119
121900091,18,95,-77
121900092,84,106,-22
121900093,35,49,-14
121900094,23,14,9
121900095,132,74,58
121900096,1269,424,845
121900097,226,113,113
121900098,2,0,2
121900099,150,81,69
121900100,137,144,-7
121900101,89,79,10
121900102,7,107,-100
121900103,374,211,163
121900104,836,276,560
121900105,63,72,-9
121900106,6,0,6
121900107,9,20,-11
121900108,2,4,-2
121900109,292,149,143
121900110,179,1197,-1018
121900111,621,79,542
121900112,92,109,-17
121900113,43,159,-116
121900114,11,37,-26
121900117,54,28,26
121900118,1865,315,1550
121900119,61,117,-56
121900120,20,1193,-1173
121900121,491,47,444
121900122,12,37,-25
121900123,170,389,-219
121900124,67,206,-139
121900125,628,748,-120
121900127,16,84,-68
121900128,44,131,-87
121900129,955,95,860
121900130,127,217,-90
121900131,210,100,110
121900132,29,130,-101
121900133,89,327,-238
121900134,22,102,-80
121900135,1881,212,1669
121900136,172,461,-289
121900137,26,277,-251
121900138,41,173,-132
121900139,342,419,-77
121900140,27,165,-138
121900141,45,2,43
121900142,59,118,-59
121900143,17,117,-100
121900144,160,278,-118
121900145,143,112,31
121900146,454,676,-222
121900147,42,151,-109
121900148,124,196,-72
121900149,287,561,-274
121900150,71,128,-57
121900151,53,201,-148
121900152,37,128,-91
121900153,78,388,-310
121900154,5,141,-136
121900155,0,54,-54
121900156,129,86,43
121900157,2,453,-451
121900158,47,80,-33
121900159,0,223,-223
121900160,40,219,-179
121900161,445,299,146
121900162,124,109,15
121900163,93,692,-599
121900164,330,210,120
121900165,152,173,-21
121900166,115,186,-71
121900167,109,62,47
121900168,213,122,91
121900169,2,352,-350
121900170,4,160,-156
121900171,404,443,-39
121900172,252,243,9
121900173,796,119,677
121900174,23,35,-12
121900175,86,135,-49
121900176,405,1552,-1147
121900177,117,65,52
121900178,39,61,-22
121900179,169,107,62
121900180,5037,2240,2797
121900182,500,257,243
121900183,311,422,-111
121900184,58,418,-360
121900186,7,303,-296
121900187,27,89,-62
121900188,460,379,81
121900189,17,117,-100
121900190,97,405,-308
121900191,54,147,-93
121900192,419,533,-114
121900193,23,165,-142
121900194,5,112,-107
121900195,92,69,23
121900196,657,703,-46
121900197,276,1838,-1562
121900198,893,991,-98
121900199,2,13,-11
121900200,63,235,-172
121900201,996,534,462
121900202,74,243,-169
121900203,182,704,-522
121900204,1110,686,424
121900205,7,87,-80
121900206,6,18,-12
121900207,159,29,130
121900208,201,286,-85
121900209,35,30,5
121900210,1190,947,243
121900211,238,486,-248
121900212,147,119,28
121900213,79,83,-4
121900214,6,286,-280
121900215,54,64,-10
121900216,20,53,-33
121900217,170,69,101
121900218,187,339,-152
121900220,169,9,160
121900221,243,523,-280
121900222,79,127,-48
121900223,95,61,34
121900224,35,55,-20
121900225,111,67,44
121900226,199,455,-256
121900227,89,330,-241
121900228,156,262,-106
121900230,83,47,36
121900231,293,264,29
121900232,216,307,-91
121900233,255,248,7
121900234,122,298,-176
121900235,212,275,-63
121900236,213,128,85
121900237,120,176,-56
121900238,116,137,-21
121900239,102,46,56
121900240,132,99,33
121900241,10,43,-33
121900242,3,0,3
121900243,1,0,1
121900244,1,0,1
121900245,118,118,0
121900246,1204,336,868
121900248,1199,674,525
121900250,208,274,-66
121900251,272,22,250
121900252,538,108,430
121900253,104,843,-739
121900254,461,200,261
121900255,173,68,105
121900258,2161,1417,744
121900259,283,371,-88
121900260,21,139,-118
121900261,133,298,-165
121900262,362,584,-222
121900263,60,208,-148
121900264,1935,1033,902
121900265,89,252,-163
121900266,163,189,-26
121900267,29,19,10
121900269,71,281,-210
121900270,4,131,-127
121900271,25,113,-88
121900273,362,1234,-872
121900274,170,222,-52
121900277,313,1256,-943
121900278,92,748,-656
121900279,188,270,-82
121900280,122,195,-73
121900281,336,88,248
121900284,58,8,50
121900286,80,158,-78
121900287,23,12,11
121900288,1,4,-3
121900290,188,208,-20
121900291,354,487,-133
121900292,190,126,64
121900293,720,2862,-2142
121900294,244,4,240
121900295,65,217,-152
121900296,39,37,2
121900298,350,400,-50
121900299,0,0,0
121900300,10,0,10
121900301,25,0,25
121900302,1,44,-43
121900303,191,457,-266
121900304,1,4,-3
121900305,0,2,-2
121900306,73,3,70
121900307,30,29,1
121900308,22,356,-334
121900309,8,295,-287
121900310,29,504,-475
121900311,182,16,166
121900312,84,5,79
121900313,195,14,181
121900314,4,69,-65
121900315,8,0,8
121900316,0,22,-22
121900317,0,1,-1
121900318,1,7,-6
121900319,13,52,-39
121900320,84,61,23
121900321,5,0,5
121900322,2,25,-23
121900323,15,7,8
121900324,0,54,-54
121900325,8,1,7
121900326,2,15,-13
121900327,1,48,-47
121900328,0,27,-27
121900329,0,223,-223
121900330,1,17,-16
121900331,98,8,90
121900332,33,12,21
121900333,22,0,22
121900334,97,43,54
122000001,2548,3449,-901
122000002,6029,1554,4475
122000003,2298,1444,854
122000004,3481,1206,2275
122000005,2846,1012,1834
122000006,2367,552,1815
122000007,1324,1154,170
122000008,6423,3716,2707
122000009,591,231,360
122000010,1958,1933,25
122000011,3006,928,2078
122000012,1173,809,364
122000013,2180,1233,947
122000014,1286,2094,-808
122000015,1466,876,590
122000016,444,809,-365
122000017,1002,1074,-72
122000018,1239,1058,181
122000019,716,1300,-584
122000020,122,154,-32
122000021,486,329,157
122000022,1115,1360,-245
122000023,553,2271,-1718
122000024,919,855,64
122000025,1538,1009,529
122000026,2092,750,1342
122000027,645,4367,-3722
122000028,732,350,382
122000029,358,214,144
122000030,380,82,298
122000031,123,191,-68
122000032,1401,2681,-1280
122000033,871,669,202
122000034,593,494,99
122000035,331,650,-319
122000036,381,508,-127
122000037,340,235,105
122000038,321,308,13
122000039,653,462,191
122000040,381,278,103
122000041,388,432,-44
122000042,224,438,-214
122000043,122,90,32
122000044,131,126,5
122000045,1284,449,835
122000046,629,769,-140
122000047,251,181,70
122000048,3093,3821,-728
122000049,4697,2081,2616
122000050,1547,609,938
122000051,420,659,-239
122000052,473,272,201
122000053,144,400,-256
122000054,2310,1701,609
122000055,2148,2246,-98
122000056,8128,3135,4993
122000057,4597,2550,2047
122000058,4464,1073,3391
122000059,3739,1316,2423
122000060,960,475,485
122000061,729,322,407
122000062,1473,349,1124
122000063,1550,376,1174
122000064,3144,3127,17
122000065,5095,2728,2367
122000066,703,593,110
122000067,1685,1316,369
122000068,820,1235,-415
122000069,847,634,213
122000070,499,2988,-2489
122000071,726,1474,-748
122000072,372,268,104
122000073,474,394,80
122000074,1721,1151,570
122000075,440,1174,-734
122000076,1650,954,696
122000077,1332,571,761
122000078,3192,1691,1501
122000079,1820,675,1145
122000080,997,284,713
122000081,189,290,-101
122000082,941,576,365
122000083,1124,3559,-2435
122000084,813,654,159
122000085,196,1447,-1251
122000086,1933,4625,-2692
122000087,405,132,273
122000088,201,229,-28
122000089,5787,2557,3230
122000090,213,345,-132
122000091,259,71,188
122000092,143,12,131
122000093,1483,869,614
122000094,7380,1372,6008
122000095,3711,1976,1735
122000096,2282,1366,916
122000098,3824,1260,2564
122000099,2722,559,2163
122000100,1241,581,660
122000101,240,786,-546
122000102,1435,996,439
122000103,1373,1224,149
122000104,205,183,22
122000105,275,244,31
122000106,436,484,-48
122000107,880,418,462
122000108,336,777,-441
122000109,250,326,-76
122000110,259,494,-235
122000111,2400,1008,1392
122000112,629,1102,-473
122000113,474,599,-125
122000114,3368,1411,1957
122000115,1538,1226,312
122000116,410,491,-81
122000117,941,315,626
122000118,360,491,-131
122000119,3310,1255,2055
122000120,2472,2074,398
122000121,3116,1843,1273
122000122,769,973,-204
122000123,2252,1080,1172
122000124,1195,414,781
122000125,450,607,-157
122000126,651,553,98
122000127,1401,735,666
122000128,634,749,-115
122000129,398,586,-188
122000130,2305,487,1818
122000131,1385,588,797
122000132,718,330,388
122000133,645,1256,-611
122000134,500,482,18
122000135,597,790,-193
122000136,332,234,98
122000137,600,505,95
122000139,1544,2129,-585
122000140,1151,351,800
122000141,3785,695,3090
122000142,499,507,-8
122000143,420,255,165
122000144,1614,814,800
122000145,1198,575,623
122000146,453,709,-256
122000147,662,254,408
122000148,3323,950,2373
122000149,2136,1033,1103
122000150,1095,779,316
122000151,219,308,-89
122000152,462,244,218
122000153,508,283,225
122000154,311,129,182
122000155,1422,1741,-319
122000156,2236,1666,570
122000157,2138,1054,1084
122000158,328,434,-106
122000159,1042,1198,-156
122000160,3706,857,2849
122000161,1037,453,584
122000162,2228,1067,1161
122000163,245,50,195
122000164,48,51,-3
122000165,642,613,29
122000166,797,972,-175
122000167,242,203,39
122000168,179,499,-320
122000169,516,145,371
122000170,240,266,-26
122000171,71,96,-25
122000172,1379,1517,-138
122000173,1450,2055,-605
122000174,2079,754,1325
122000175,1185,268,917
122000176,346,635,-289
122000177,1423,1260,163
122000178,2890,2181,709
122000179,1716,2518,-802
122000180,1778,848,930
122000181,1844,2623,-779
122000182,2220,1025,1195
122000183,1572,1137,435
122000184,2820,1674,1146
122000185,1357,1078,279
122000186,570,794,-224
122000187,1457,967,490
122000188,509,182,327
122000189,195,338,-143
122000190,1130,957,173
122000191,929,375,554
122000192,841,325,516
122000193,325,645,-320
122000194,733,160,573
122000195,129,440,-311
122000196,753,537,216
122000197,432,530,-98
122000198,529,927,-398
122000199,406,335,71
122000200,1465,531,934
122000201,1207,1467,-260
122000202,1009,1050,-41
122000203,2111,1358,753
122000204,1204,1852,-648
122000205,1462,1028,434
122000206,2038,652,1386
122000207,1181,1160,21
122000208,1700,1482,218
122000209,2204,384,1820
122000210,1541,1827,-286
122000211,1045,1144,-99
122000212,624,411,213
122000213,743,1126,-383
122000214,1478,1401,77
122000215,1720,1189,531
122000217,1878,1239,639
122000218,691,40,651
122000219,1254,962,292
122000220,359,722,-363
122000221,92,387,-295
122000222,596,97,499
122000223,997,407,590
122000225,519,234,285
122000226,1057,1643,-586
122000227,390,1822,-1432
122000228,326,397,-71
122000229,73,419,-346
122000230,59,672,-613
122000231,184,737,-553
122000232,468,1119,-651
122000233,1,144,-143
122000234,113,152,-39
122000235,366,235,131
122000236,438,147,291
122000237,103,49,54
122000238,115,157,-42
122000239,362,118,244
122000240,754,275,479
122000241,634,445,189
122000242,305,108,197
122000243,144,90,54
122000244,44,592,-548
122000245,64,400,-336
122000246,162,149,13
122000247,390,956,-566
122000248,1405,1890,-485
122000249,328,479,-151
122000250,1220,596,624
122000251,204,392,-188
122000252,544,72,472
122000253,11,239,-228
122000254,138,75,63
122000255,519,1746,-1227
122000256,438,1459,-1021
122000257,245,617,-372
122000258,64,134,-70
122000259,14,714,-700
122000260,5,128,-123
122000261,2,212,-210
122000262,0,81,-81
122000263,86,98,-12
122000264,528,392,136
122000265,1832,613,1219
122000266,4184,578,3606
122000267,54,92,-38
122000268,76,378,-302
122000269,596,265,331
122000270,821,122,699
122000271,285,1015,-730
122000272,225,939,-714
122000273,226,473,-247
122000274,91,164,-73
122000275,24,147,-123
122000276,267,569,-302
122000277,554,1314,-760
122000278,579,901,-322
122000279,125,551,-426
122000280,617,712,-95
122000281,469,752,-283
122000282,93,114,-21
122000283,253,58,195
122000284,63,97,-34
122000285,379,95,284
122000286,75,188,-113
122000287,173,328,-155
122000288,606,887,-281
122000291,822,500,322
122000293,359,296,63
122000294,66,201,-135
122000295,1262,354,908
122000296,46,581,-535
122000297,2109,1927,182
122000299,1094,473,621
122000300,515,587,-72
122000301,9866,1752,8114
122000302,894,685,209
122000303,4291,1259,3032
122000304,25,53,-28
122000305,586,232,354
122000306,18,828,-810
122000307,96,111,-15
122000309,89,72,17
122000310,27,33,-6
122000311,151,75,76
122000312,128,47,81
122000313,57,48,9
122000314,136,207,-71
122000315,254,19,235
122000316,303,142,161
122000317,718,186,532
122000318,206,337,-131
122000319,3654,1134,2520
122000320,217,1394,-1177
122000321,121,309,-188
122000322,2958,2363,595
122000323,1766,1470,296
122000324,1375,1181,194
122000325,871,994,-123
122000326,24,150,-126
122000327,225,443,-218
122000328,1065,805,260
122000330,1782,605,1177
122000332,177,286,-109
122000333,8,194,-186
122000337,645,1997,-1352
122000338,219,463,-244
122000340,456,324,132
122000342,2533,1057,1476
122000343,425,1688,-1263
122000344,34,17,17
122000345,8,63,-55
122000346,287,562,-275
122000348,348,713,-365
122000349,112,598,-486
122000351,122,197,-75
122000352,188,87,101
122000353,38,123,-85
122000355,112,142,-30
122000356,1505,693,812
122000357,64,17,47
122000358,0,68,-68
122000359,1,46,-45
122000360,0,48,-48
122000362,19,143,-124
122000364,86,448,-362
122000365,8,25,-17
122000366,6,4,2
122000368,461,739,-278
122000370,34,69,-35
122000371,7,0,7
122000372,3,0,3
122000381,26,303,-277
122000382,63,236,-173
122000384,4205,1839,2366
122000385,18,0,18
122000386,447,502,-55
122000387,465,532,-67
122000388,1398,530,868
122000389,205,787,-582
122000390,337,277,60
122000391,265,100,165
122000392,193,246,-53
122000393,27,175,-148
122000394,314,300,14
122000395,92,200,-108
122000396,231,118,113
122000397,41,75,-34
122000398,18,78,-60
122000399,75,77,-2
122000400,167,220,-53
122000401,105,121,-16
122000402,149,108,41
122000403,269,1258,-989
122000404,68,325,-257
122000408,1182,1534,-352
122000503,3,71,-68
122000524,151,73,78
122000544,37,1891,-1854
122000614,303,144,159
122000616,649,4,645
122000640,57,234,-177
122000641,55,457,-402
122000642,798,1286,-488
122000643,5,83,-78
122000644,186,29,157
122000645,127,137,-10
122000651,1830,593,1237
122000664,112,27,85
122000665,833,632,201
122000666,550,1071,-521
122000673,15,382,-367
122000674,103,64,39
122000675,1040,1124,-84
122000686,241,1360,-1119
122000687,514,356,158
122000688,133,921,-788
122000689,394,793,-399
122000690,532,721,-189
122000691,377,2836,-2459
122000692,710,354,356
122000693,334,1793,-1459
122000695,119,532,-413
122000696,172,380,-208
122000698,156,1129,-973
122000699,103,32,71
122000701,986,320,666
122000702,437,2379,-1942
122000703,162,28,134
122000717,325,67,258
122000718,1000,607,393
122000719,47,28,19
122000720,178,342,-164
122000724,262,379,-117
122900001,24,4,20
122900002,930,1332,-402
122900003,244,22,222
122900004,633,22,611
122900005,26,57,-31
122900006,560,217,343
122900007,847,302,545
122900008,560,88,472
122900009,552,271,281
122900010,169,142,27
122900012,188,264,-76
122900014,103,259,-156
122900015,2048,307,1741
122900016,67,319,-252
122900017,1513,792,721
122900018,139,12,127
122900019,7,118,-111
122900020,129,178,-49
122900021,625,762,-137
122900022,302,877,-575
122900023,155,255,-100
122900024,60,85,-25
122900025,16,134,-118
122900026,142,302,-160
122900027,70,918,-848
122900028,79,131,-52
122900029,4072,2157,1915
122900030,1173,399,774
122900031,346,185,161
122900032,92,230,-138
122900033,96,156,-60
122900034,3440,3806,-366
122900035,42,35,7
122900036,15,89,-74
122900037,268,106,162
122900038,131,1718,-1587
122900039,69,344,-275
122900040,227,329,-102
122900041,190,214,-24
122900042,112,280,-168
122900043,343,183,160
122900044,77,305,-228
122900045,95,104,-9
122900046,69,76,-7
122900047,202,134,68
122900048,45,185,-140
122900049,1460,120,1340
122900051,94,94,0
122900052,41,139,-98
122900053,23,18,5
122900055,246,101,145
122900057,265,13,252
122900061,292,120,172
122900062,280,395,-115
122900063,118,380,-262
122900064,1256,964,292
122900065,298,158,140
122900066,328,197,131
122900067,1367,730,637
122900069,130,995,-865
122900070,167,38,129
122900071,248,1685,-1437
122900073,3,61,-58
122900074,146,695,-549
122900076,8,214,-206
122900077,1,268,-267
122900078,45,170,-125
122900080,293,25,268
122900081,129,150,-21
122900082,597,196,401
122900083,181,102,79
122900084,36,241,-205
122900086,127,546,-419
122900087,124,554,-430
122900088,55,47,8
122900089,4,376,-372
122900090,34,1290,-1256
122900091,95,0,95
122900092,1,216,-215
122900093,1,380,-379
122900094,3,296,-293
122900095,92,2,90
122900096,95,363,-268
122900097,18,15,3
122900098,147,183,-36
122900099,24,3,21
122900100,283,215,68
122900101,612,144,468
122900102,22,6,16
122900103,44,11,33
122900104,51,14,37
122900105,1,4,-3
122900106,29,40,-11
122900107,0,99,-99
122900108,5,409,-404
122900109,58,202,-144
123000001,1992,426,1566
123000002,5965,2546,3419
123000003,3604,2570,1034
123000004,3696,4726,-1030
123000005,2242,2143,99
123000006,2931,2948,-17
123000007,2972,2237,735
123000008,2380,3860,-1480
123000009,3978,2957,1021
123000010,3046,4264,-1218
123000011,3310,799,2511
123000012,1120,2451,-1331
123000013,2938,849,2089
123000014,1370,4223,-2853
123000015,4263,747,3516
123000016,6211,2621,3590
123000017,3041,1308,1733
123000018,52,98,-46
123000019,99,287,-188
123000020,83,150,-67
123000021,74,183,-109
123000022,375,1459,-1084
123000023,1130,1040,90
123000024,845,472,373
123000025,128,117,11
123000026,12,135,-123
123000027,469,386,83
123000028,837,206,631
123000029,1117,465,652
123000030,155,759,-604
123000031,52,370,-318
123000032,167,353,-186
123000033,178,70,108
123000034,635,540,95
123000035,185,203,-18
123000036,199,500,-301
123000037,180,304,-124
123000038,82,226,-144
123000039,466,754,-288
123000040,1298,342,956
123000041,967,563,404
123000042,965,466,499
123000043,3707,4103,-396
123000044,6496,1965,4531
123000045,10420,1803,8617
123000046,986,712,274
123000047,2284,1150,1134
123000048,51,375,-324
123000049,7169,3874,3295
123000050,690,994,-304
123000051,108,177,-69
123000052,478,2144,-1666
123000053,2026,2755,-729
123000054,1018,1074,-56
123000055,868,1105,-237
123000056,1299,1754,-455
123000057,17563,5017,12546
123000058,576,658,-82
123000059,440,433,7
123000060,692,272,420
123000061,162,717,-555
123000063,582,623,-41
123000064,751,168,583
123000065,6935,3164,3771
123000066,1043,705,338
123000067,392,557,-165
123000068,2703,3575,-872
123000069,8074,3852,4222
123000070,297,790,-493
123000071,507,1148,-641
123000072,823,1517,-694
123000073,729,862,-133
123000074,752,2204,-1452
123000075,278,773,-495
123000076,468,1236,-768
123000077,2130,3934,-1804
123000078,958,1703,-745
123000079,828,1878,-1050
123000080,1666,2631,-965
123000081,207,692,-485
123000082,382,1289,-907
123000083,775,157,618
123000084,433,821,-388
123000085,98,114,-16
123000086,186,437,-251
123000087,127,632,-505
123000088,822,1406,-584
123000089,416,1325,-909
123000090,1149,1249,-100
123000091,1390,1380,10
123000092,1148,1163,-15
123000094,307,250,57
123000095,283,559,-276
123000096,346,401,-55
123000097,339,1364,-1025
123000098,487,529,-42
123000099,486,954,-468
123000100,441,533,-92
123000101,473,438,35
123000102,663,577,86
123000104,268,354,-86
123000105,576,562,14
123000106,548,268,280
123000107,506,658,-152
123000108,1030,1329,-299
123000111,540,222,318
123000112,602,509,93
123000113,499,1849,-1350
123000114,431,427,4
123000115,158,271,-113
123000116,25,157,-132
123000117,1228,2284,-1056
123000118,339,965,-626
123000119,260,1066,-806
123000120,374,949,-575
123000121,456,589,-133
123000122,365,319,46
123000123,345,606,-261
123000124,676,618,58
123000125,1169,744,425
123000126,1664,2063,-399
123000127,1376,904,472
123000128,282,440,-158
123000129,401,162,239
123000130,408,65,343
123000131,621,450,171
123000132,386,590,-204
123000133,391,405,-14
123000134,513,181,332
123000135,1120,1082,38
123000136,194,1339,-1145
123000137,88,415,-327
123000138,60,519,-459
123000139,255,94,161
123000140,144,699,-555
123000141,641,53,588
123000142,1010,1043,-33
123000143,1114,2786,-1672
123000144,26,21,5
123000145,165,142,23
123000146,28,120,-92
123000147,67,127,-60
123000149,256,299,-43
123000150,131,223,-92
123000151,275,399,-124
123000152,44,341,-297
123000153,142,390,-248
123000154,1832,1467,365
123000155,2511,848,1663
123000156,60,68,-8
123000157,569,886,-317
123000158,677,611,66
123000159,2611,1508,1103
123000160,510,458,52
123000161,1012,763,249
123000162,361,1156,-795
123000163,159,60,99
123000164,772,259,513
123000165,304,2066,-1762
123000166,27,202,-175
123000167,52,342,-290
123000168,152,362,-210
123000169,357,93,264
123000170,47,299,-252
123000171,197,69,128
123000172,167,713,-546
123000173,366,160,206
123000174,637,172,465
123000175,890,1315,-425
123000176,536,97,439
123000177,280,1088,-808
123000178,563,85,478
123000179,28,867,-839
123000180,978,324,654
123000181,379,1629,-1250
123000182,117,468,-351
123000183,177,305,-128
123000184,70,865,-795
123000185,213,431,-218
123000186,5,680,-675
123000187,276,2,274
123000188,194,1,193
123000189,70,210,-140
123000190,43,52,-9
123000192,28,426,-398
123000193,61,562,-501
123000194,555,326,229
123000195,166,12,154
123000196,178,9,169
123000197,31,124,-93
123000198,10,214,-204
123000199,5,496,-491
123000200,335,5,330
123000201,561,17,544
123000202,27,1363,-1336
123000203,500,42,458
123000204,59,1161,-1102
123000205,436,2203,-1767
123000206,1108,120,988
123000207,58,1199,-1141
123000208,275,79,196
123000209,1374,321,1053
123000210,402,1707,-1305
123000211,452,2626,-2174
123000212,1423,341,1082
123000213,287,19,268
123000215,189,120,69
123000216,163,312,-149
123000217,135,47,88
123000218,84,383,-299
123000219,1096,39,1057
123000220,404,74,330
123000221,129,127,2
123000222,205,484,-279
123000223,100,544,-444
123000224,235,612,-377
123000225,267,107,160
123000226,82,385,-303
123000227,52,345,-293
123000228,172,63,109
123000229,1298,2031,-733
123000232,97,616,-519
123000233,470,158,312
123000234,129,650,-521
123000235,332,395,-63
123000236,118,857,-739
123000237,272,67,205
123000238,60,744,-684
123000239,394,2071,-1677
123000240,71,266,-195
123000241,842,141,701
123000242,47,170,-123
123000243,393,1201,-808
123000244,631,506,125
123000245,42,165,-123
123000249,354,711,-357
123000252,536,123,413
123000253,537,348,189
123000254,345,1059,-714
123000255,640,696,-56
123000256,38,244,-206
123000257,3081,2408,673
123000258,790,1123,-333
123000259,145,432,-287
123000260,302,591,-289
123000261,85,138,-53
123000262,95,286,-191
123000263,240,116,124
123000264,228,40,188
123000265,40,194,-154
123000266,405,697,-292
123000267,229,271,-42
123000268,21,87,-66
123000269,31,39,-8
123000270,32,37,-5
123000271,37,118,-81
123000272,800,251,549
123000273,156,410,-254
123000274,1066,418,648
123000275,201,1022,-821
123000278,3127,2555,572
123000279,42,108,-66
123000280,277,363,-86
123000281,144,74,70
123000282,52,265,-213
123000283,132,30,102
123000284,24,158,-134
123000286,248,182,66
123000287,498,217,281
123000288,785,539,246
123000289,465,653,-188
123000291,312,810,-498
123000294,225,298,-73
123000295,729,1022,-293
123000296,238,514,-276
123000297,234,1079,-845
123000298,297,723,-426
123000299,40,327,-287
123000300,569,617,-48
123000301,62,157,-95
123000302,62,202,-140
123000303,58,123,-65
123000305,979,853,126
123000306,52,224,-172
123000309,31,59,-28
123000310,28,22,6
123000311,1,156,-155
123000312,776,1021,-245
123000313,179,277,-98
123000315,81,348,-267
123000316,1744,149,1595
123000317,213,53,160
123000318,51,296,-245
123000329,5,13,-8
123000337,231,207,24
123000338,471,98,373
123000339,88,290,-202
123000340,121,412,-291
123000342,10,246,-236
123000343,84,11,73
123000344,1206,428,778
123000345,297,642,-345
123000346,194,107,87
123000352,1885,789,1096
123000353,23,211,-188
123000354,137,7,130
123000355,0,408,-408
123000356,111,0,111
123000357,0,327,-327
123000359,6,252,-246
123000360,177,26,151
123000361,607,273,334
123000362,154,131,23
123000363,65,219,-154
123000364,398,315,83
123000365,29,255,-226
123000366,290,1193,-903
123000367,229,1294,-1065
123000370,32,333,-301
123000371,383,23,360
123000372,152,10,142
123000373,5,439,-434
123000374,6,241,-235
123000375,145,9,136
123000376,676,520,156
123000377,184,13,171
123000378,6,401,-395
123000379,2,232,-230
123000380,46,172,-126
123000381,179,19,160
123000382,1121,51,1070
123000383,260,694,-434
123000384,425,90,335
123000385,380,814,-434
123000436,38,655,-617
123000507,273,457,-184
123000508,298,426,-128
123000517,276,33,243
123000518,18,277,-259
123000519,126,88,38
123000520,61,231,-170
123000521,265,118,147
123000522,124,599,-475
123000541,2,0,2
123000542,0,27,-27
123000565,328,17,311
123000566,71,1143,-1072
123000567,114,284,-170
123000573,45,1119,-1074
123000574,278,42,236
123000575,992,1479,-487
123000576,562,2197,-1635
123000577,82,570,-488
123000578,702,53,649
123000579,6485,2904,3581
123000580,95,8,87
123000582,201,20,181
123000583,18,404,-386
123000584,108,214,-106
123000585,0,133,-133
123000586,64,1,63
123000596,80,124,-44
123000597,96,74,22
123000602,27,4,23
123000603,222,907,-685
123000604,347,1402,-1055
123000605,766,48,718
123000606,0,202,-202
123000609,13,319,-306
123000610,156,74,82
123000613,37,172,-135
123000614,102,49,53
123000615,33,270,-237
123000616,231,52,179
123000617,77,477,-400
123000618,98,626,-528
123000619,467,20,447
123000620,11,645,-634
123000622,249,17,232
123000624,90,95,-5
123000630,489,358,131
123000631,197,2474,-2277
123000632,1133,1330,-197
123000633,0,327,-327
123000634,74,56,18
123000635,229,96,133
123000636,14,703,-689
123000637,141,35,106
123000638,361,106,255
123000639,1049,2034,-985
123000640,50,1186,-1136
123000648,155,77,78
123000649,46,729,-683
123900001,1412,42,1370
123900002,10,956,-946
123900003,337,691,-354
123900005,143,114,29
123900006,217,37,180
124000001,1360,128,1232
124000002,122,1821,-1699
124000003,397,114,283
124000004,60,779,-719
124000005,651,346,305
124000006,234,1445,-1211
124000007,557,117,440
124000008,16,515,-499
124000009,309,307,2
124000010,150,703,-553
124000011,677,265,412
124000012,193,911,-718
124000017,69,100,-31
124000018,95,125,-30
124000019,84,109,-25
124000020,85,331,-246
124000021,52,61,-9
124000022,100,292,-192
124000023,1000,1155,-155
124000024,990,651,339
124000025,838,984,-146
124000026,1177,1087,90
124000027,4686,2729,1957
124000028,2954,3602,-648
124000030,3188,1128,2060
124000031,835,1123,-288
124000032,6387,1300,5087
124000033,686,342,344
124000034,1916,1389,527
124000035,179,70,109
124000036,148,804,-656
124000037,199,447,-248
124000038,41,143,-102
124000039,913,293,620
124000040,645,641,4
124000041,179,51,128
124000042,62,375,-313
124000043,50,73,-23
124000044,59,340,-281
124000045,403,513,-110
124000046,184,916,-732
124000047,799,785,14
124000048,675,2174,-1499
124000049,893,600,293
124000050,552,2737,-2185
124000051,352,432,-80
124000052,412,1394,-982
124000053,360,932,-572
124000054,828,708,120
124000055,1063,1284,-221
124000056,4087,1486,2601
124000057,708,384,324
124000058,393,1561,-1168
124000059,387,594,-207
124000060,1013,968,45
124000061,1157,2701,-1544
124000062,8248,1861,6387
124000063,1308,1697,-389
124000064,2808,1996,812
124000065,288,345,-57
124000066,342,46,296
124000067,75,257,-182
124000068,22,117,-95
124000069,353,234,119
124000070,176,574,-398
124000071,152,81,71
124000072,203,491,-288
124000073,552,123,429
124000074,270,900,-630
124000075,88,34,54
124000076,5,229,-224
124000077,1835,674,1161
124000078,1957,556,1401
124000079,625,998,-373
124000080,196,131,65
124000081,130,905,-775
124000082,25,120,-95
124000083,55,246,-191
124000084,67,221,-154
124000085,110,71,39
124000086,39,100,-61
124000087,117,37,80
124000088,138,437,-299
124000089,389,384,5
124000090,111,464,-353
124000091,338,182,156
124000092,99,715,-616
124000093,124,81,43
124000094,166,398,-232
124000095,66,64,2
124000096,83,316,-233
124000097,50,100,-50
124000098,52,143,-91
124000099,137,85,52
124000100,28,178,-150
124000101,36,75,-39
124000102,100,126,-26
124000103,27,66,-39
124000104,82,79,3
124000105,26,49,-23
124000106,163,136,27
124000107,12,85,-73
124000108,55,38,17
124000109,89,39,50
124000110,209,150,59
124000111,128,126,2
124000112,369,659,-290
124000113,37,90,-53
124000114,232,598,-366
124000115,296,857,-561
124000116,46,86,-40
124000117,83,108,-25
124000118,15,52,-37
124000119,786,562,224
124000120,384,622,-238
124000121,2818,764,2054
124000122,671,1207,-536
124000123,679,348,331
124000124,513,872,-359
124000125,310,343,-33
124000126,328,485,-157
124000127,598,370,228
124000128,537,900,-363
124000129,1447,1069,378
124000130,699,619,80
124000131,758,453,305
124000132,725,733,-8
124000133,641,655,-14
124000134,605,681,-76
124000135,1365,1279,86
124000136,857,979,-122
124000137,947,596,351
124000138,1271,1100,171
124000139,670,76,594
124000140,66,632,-566
124000141,240,23,217
124000142,43,753,-710
124000143,24,7,17
124000144,7,174,-167
124000145,39,55,-16
124000146,12,144,-132
124000148,6,43,-37
124000149,690,282,408
124000150,377,541,-164
124000151,473,219,254
124000152,683,1182,-499
124000153,539,398,141
124000154,517,783,-266
124000155,910,584,326
124000156,1429,950,479
124000169,155,256,-101
124000170,587,436,151
124000171,142,234,-92
124000172,288,615,-327
124000173,212,281,-69
124000174,260,698,-438
124000175,7,120,-113
124000176,28,14,14
124000177,11,39,-28
124000178,21,27,-6
124000185,12,7,5
124000186,2,113,-111
124000187,5,143,-138
124000188,17,7,10
124000190,194,49,145
124000191,643,88,555
124000192,2267,289,1978
124000193,418,1040,-622
124000194,406,492,-86
124000195,197,499,-302
124000196,989,1238,-249
124000197,38,74,-36
124000198,44,43,1
124000201,275,1259,-984
124000202,404,146,258
124000203,87,1218,-1131
124000204,349,595,-246
124000205,19,785,-766
124000206,192,463,-271
124000207,0,57,-57
124000209,200,806,-606
124000210,209,165,44
124000211,172,0,172
124000212,1,692,-691
124000213,217,473,-256
124000214,135,841,-706
124000215,103,7,96
124000216,6,639,-633
124000329,74,2740,-2666
124000338,31,1496,-1465
124000339,241,115,126
124000341,432,80,352
124000344,102,78,24
124000357,736,1494,-758
124000358,545,1069,-524
124000359,651,506,145
124000360,308,422,-114
124000361,1041,670,371
124000362,1722,1940,-218
124000363,314,497,-183
124000364,534,907,-373
124000365,677,1151,-474
124000366,2139,811,1328
124000367,138,682,-544
124000368,207,210,-3
124000369,92,109,-17
124000370,94,565,-471
124000402,12,10,2
124000403,44,8,36
124000404,10,106,-96
124000405,796,625,171
124000406,916,807,109
124000407,3,59,-56
124000411,5,412,-407
124000412,194,13,181
124000413,324,50,274
124000414,39,128,-89
124000415,60,200,-140
124000416,117,348,-231
124000417,93,108,-15
124000418,94,112,-18
124000419,84,236,-152
124000420,29,47,-18
124000421,37,352,-315
124000422,21,19,2
124000423,97,32,65
124000424,3,242,-239
124000425,36,5,31
124000426,3,290,-287
124000427,47,6,41
124000428,15,48,-33
124000429,36,72,-36
124000430,457,597,-140
124000431,213,704,-491
124000432,103,903,-800
124000439,1,11,-10
124000443,0,7,-7
124000445,271,430,-159
124000446,3220,92,3128
124000447,25,80,-55
124000448,18,2,16
124000449,45,9,36
124000450,10,439,-429
124000451,3,271,-268
124900001,300,254,46
124900002,97,576,-479
124900003,589,550,39
124900004,264,323,-59
124900005,194,206,-12
124900006,364,347,17
124900008,908,428,480
124900009,112,168,-56
124900010,90,36,54
124900011,225,119,106
124900012,274,85,189
124900013,238,113,125
124900014,109,63,46
124900015,72,149,-77
124900016,34,34,0
124900017,509,359,150
124900018,30,6,24
124900020,25,39,-14
124900021,105,32,73
124900022,29,10,19
124900024,196,11,185
124900026,103,17,86
124900027,44,225,-181
124900028,451,101,350
124900029,7,306,-299
124900030,6,107,-101
124900031,14,300,-286
124900032,186,192,-6
124900033,64,345,-281
124900034,3,80,-77
124900035,153,372,-219
124900036,0,43,-43
124900037,122,357,-235
124900038,265,386,-121
124900039,0,26,-26
124900040,64,68,-4
124900041,234,1412,-1178
124900042,61,0,61
124900043,342,1213,-871
124900044,29,0,29
124900045,542,870,-328
124900047,102,137,-35
124900048,131,172,-41
124900050,104,397,-293
124900052,124,359,-235
124900053,54,374,-320
124900054,3058,353,2705
124900055,0,86,-86
124900057,17,96,-79
124900060,59,247,-188
124900061,40,5,35
124900062,39,23,16
124900066,0,15,-15
124900067,3,164,-161
124900068,189,195,-6
124900070,20,15,5
124900072,60,21,39
124900075,86,217,-131
124900076,8,456,-448
124900077,35,124,-89
124900078,42,12,30
124900079,792,62,730
124900080,225,877,-652
124900081,504,234,270
124900082,308,1205,-897
124900083,163,652,-489
124900085,1031,177,854
124900086,57,655,-598
124900087,644,53,591
124900088,625,93,532
124900089,1572,23,1549
124900090,149,170,-21
124900091,164,607,-443
124900092,176,449,-273
124900093,160,141,19
124900094,177,214,-37
124900095,59,287,-228
124900096,387,151,236
124900097,166,68,98
124900098,105,401,-296
124900099,457,293,164
124900100,175,22,153
124900101,40,408,-368
124900102,123,16,107
124900103,98,437,-339
124900104,48,263,-215
124900105,76,205,-129
124900106,204,44,160
124900107,34,11,23
124900108,167,37,130
124900111,2,89,-87
124900112,38,776,-738
124900113,103,105,-2
124900114,212,98,114
124900115,48,25,23
124900116,92,120,-28
124900117,844,128,716
124900118,133,155,-22
124900119,252,106,146
124900120,34,406,-372
124900121,121,138,-17
124900122,619,199,420
124900123,455,64,391
124900124,143,202,-59
204000001,43,19,24
204000002,6,23,-17
204000003,13,1,12
204000004,6,0,6
204000005,380,448,-68
204000006,765,1131,-366
204000011,13,68,-55
204000012,71,120,-49
204000019,546,477,69
204000020,274,734,-460
204000021,1772,733,1039
204000022,419,484,-65
204000023,343,1184,-841
204000031,83,18,65
204000032,543,41,502
204000034,17,262,-245
204000035,0,3,-3
204000036,7,21,-14
204000037,1,20,-19
204000038,0,42,-42
204000039,3,41,-38
204000040,5,64,-59
204000041,10,62,-52
204000042,16,22,-6
204000043,18,8,10
204000044,17,0,17
204000045,25,5,20
204000046,8,2,6
204000057,5,31,-26
204000062,10,230,-220
204000068,19,175,-156
204000069,23,234,-211
204000070,50,96,-46
204000080,17,59,-42
204000085,1322,1509,-187
204000086,3057,1957,1100
204000087,43,11,32
204000088,6,71,-65
204000090,27,405,-378
204000093,158,100,58
204000096,621,616,5
204000097,221,74,147
204000099,759,1108,-349
204000100,806,1033,-227
204000105,1854,1623,231
204000110,604,1157,-553
204000111,247,777,-530
204000112,560,947,-387
204000113,307,978,-671
204000114,498,423,75
204000115,294,358,-64
204000116,495,528,-33
204000119,1223,1653,-430
204000132,379,222,157
204000133,434,264,170
204000134,100,94,6
204000135,357,77,280
204000136,313,264,49
204000138,154,205,-51
204000140,147,83,64
204000141,86,52,34
204000144,6,24,-18
204000145,422,35,387
204000146,23,489,-466
204000147,25,135,-110
204000148,288,26,262
204000154,4,2,2
204000155,1,6,-5
204000177,89,87,2
204000179,11,15,-4
204000180,0,38,-38
204000222,5,37,-32
204000235,9,14,-5
204000236,53,306,-253
204000238,13,33,-20
204000240,334,88,246
204000263,506,1369,-863
204000268,934,555,379
204000308,141,29,112
204000317,11,81,-70
204000322,4,45,-41
204000323,27,10,17
204000328,195,95,100
204000329,115,138,-23
204000330,179,117,62
204000331,56,182,-126
205000001,986,1273,-287
205000013,16,74,-58
205000014,9,87,-78
205000015,26,219,-193
205000016,10,169,-159
205000017,12,107,-95
205000022,311,606,-295
205000025,1529,885,644
205000029,214,3,211
205000045,75,268,-193
205000046,88,678,-590
205000047,35,584,-549
205000048,191,1163,-972
205000049,153,822,-669
205000050,1231,311,920
205000059,0,327,-327
205000060,0,72,-72
205000061,2,81,-79
205000062,6,57,-51
205000063,16,65,-49
205000064,15,112,-97
205000065,86,729,-643
205000066,77,775,-698
205000067,34,1099,-1065
205000069,209,19,190
205000082,120,244,-124
205000110,61,230,-169
205000111,193,237,-44
205000112,105,134,-29
205000113,168,256,-88
205000121,161,72,89
205000123,53,207,-154
205000126,312,156,156
205000127,639,128,511
205000128,464,92,372
205000129,448,86,362
205000130,455,48,407
205000131,415,11,404
205000132,386,1,385
205000133,212,0,212
205000134,137,0,137
205000137,108,126,-18
205000138,232,309,-77
205000139,25,106,-81
205000144,70,46,24
205000145,178,133,45
205000151,100,33,67
205000152,132,35,97
205000153,121,41,80
205000154,57,68,-11
205000155,70,13,57
205000207,11,129,-118
205000233,20,0,20
205000234,0,2,-2
205000243,1,0,1
205000244,0,2,-2
205000245,18,286,-268
205000249,0,52,-52
205000250,6,3,3
205000264,6,62,-56
206000027,13,3,10
206000028,7,0,7
206000043,8,131,-123
206000053,2,9,-7
206000054,3,21,-18
206000055,0,18,-18
206000075,6,3,3
206000076,58,5,53
206000077,14,5,9
206000078,17,8,9
206000079,34,3,31
206000082,379,11,368
206000100,58,686,-628
206000103,2,27,-25
206000104,6,23,-17
206000105,6,36,-30
206000106,18,25,-7
206000125,30,0,30
206000157,89,752,-663
206000170,1,287,-286
206000171,2,286,-284
206000172,10,1545,-1535
206000173,4,465,-461
206000174,9,172,-163
206000175,6,343,-337
206000176,12,558,-546
206000177,0,308,-308
206000178,3,264,-261
206000179,4,114,-110
206000180,19,275,-256
206000181,18,437,-419
206000182,6,473,-467
206000183,11,1204,-1193
206000184,3,630,-627
206000185,4,532,-528
206000186,116,2251,-2135
206000223,6,440,-434
206000226,8,7,1
206000227,18,3,15
206000237,18,504,-486
206000238,38,892,-854
206000239,541,2656,-2115
206000240,0,62,-62
206000241,0,155,-155
206000242,3,808,-805
206000243,3,624,-621
206000244,63,1396,-1333
206000245,298,52,246
206000246,52,11,41
206000247,76,16,60
206000248,171,9,162
206000252,49,14,35
206000258,23,48,-25
206000315,27,6,21
206000317,266,89,177
206000318,176,53,123
206000319,447,64,383
206000320,31,31,0
206000321,51,12,39
206000322,149,7,142
206000323,112,3,109
206000324,42,12,30
206000325,124,16,108
206000326,55,8,47
206000327,173,10,163
206000328,59,6,53
206000329,75,6,69
206000330,29,5,24
206000331,84,3,81
206000332,12,6,6
206000333,215,3,212
206000334,144,1,143
206000335,0,22,-22
206000361,2,179,-177
206000392,0,52,-52
206000405,106,0,106
206000441,18,16,2
206000498,46,11,35
206000515,98,23,75
206000530,109,45,64
206000531,95,65,30
206000532,3317,83,3234
206000535,462,2484,-2022
206000536,18,411,-393
206000537,13,211,-198
206000613,1274,156,1118
206000784,429,16,413
207000001,109,428,-319
207000002,74,366,-292
207000003,123,255,-132
207000007,466,179,287
207000008,41,13,28
207000009,107,43,64
207000010,456,771,-315
207000012,231,196,35
207000015,356,2124,-1768
207000019,175,55,120
207000021,440,188,252
207000022,110,125,-15
207000023,91,39,52
207000024,1,6,-5
207000025,11,47,-36
207000026,128,28,100
207000027,9,49,-40
207000028,85,234,-149
207000029,246,455,-209
207000033,137,246,-109
207000034,175,60,115
207000039,199,100,99
207000040,136,140,-4
207000041,35,40,-5
207000042,149,64,85
207000043,109,172,-63
207000051,87,420,-333
207000052,8,294,-286
207000053,395,689,-294
207000054,31,149,-118
207000055,99,227,-128
207000056,211,563,-352
207000057,118,356,-238
207000058,80,548,-468
207000059,61,982,-921
207000060,39,343,-304
207000061,96,199,-103
207000062,169,51,118
207000063,131,135,-4
207000064,206,189,17
207000065,230,170,60
207000066,117,148,-31
207000067,36,122,-86
207000068,95,67,28
207000069,606,285,321
207000082,43,505,-462
207000083,62,499,-437
207000084,82,197,-115
207000085,118,21,97
207000086,106,13,93
207000106,38,44,-6
207000107,29,11,18
207000108,37,8,29
207000109,37,7,30
207000110,37,54,-17
207000111,45,60,-15
207000112,197,285,-88
207000114,23,23,0
207000115,15,67,-52
207000116,15,329,-314
207000117,3,139,-136
207000118,5,115,-110
207000119,23,142,-119
207000123,130,32,98
207000124,73,24,49
207000125,31,21,10
207000126,78,26,52
207000134,38,283,-245
207000135,33,416,-383
207000148,41,160,-119
207000149,74,36,38
207000152,179,378,-199
207000153,1008,1010,-2
207000154,552,134,418
207000159,101,396,-295
207000160,132,823,-691
207000238,1,111,-110
207000242,3,177,-174
207000248,28,17,11
207000249,206,72,134
207000250,719,74,645
207000251,94,75,19
207000252,67,67,0
207000278,37,75,-38
207000279,16,292,-276
207000280,208,74,134
207000281,78,1773,-1695
207000282,232,50,182
207000283,180,299,-119
207000284,76,100,-24
207000285,191,60,131
207000291,7,138,-131
207000304,105,53,52
207000306,68,489,-421
207000310,36,74,-38
207000353,159,5,154
207000356,8,17,-9
207000357,14,3,11
207000358,0,22,-22
207000415,6,175,-169
207000417,14,4,10
207000418,87,173,-86
207000438,0,2,-2
207000439,1002,279,723
207000446,122,4,118
207000460,4,9,-5
207000466,198,197,1
207000467,129,65,64
207000468,29,799,-770
207000476,4,83,-79
207000477,364,108,256
207000478,2,18,-16
207000523,0,34,-34
207000524,37,0,37
207000527,128,133,-5
207000530,172,11,161
207000531,138,13,125
207000532,57,7,50
207000534,642,41,601
207000535,41,224,-183
207000537,17,95,-78
207000540,11,188,-177
207000541,1,275,-274
207000548,9,287,-278
207000549,182,6,176
207000561,59,100,-41
207000562,45,239,-194
207000567,138,351,-213
207000568,69,143,-74
207000569,133,1141,-1008
207000584,336,177,159
207000585,46,202,-156
207000587,50,22,28
207000616,2,205,-203
207000617,100,1,99
207000624,66,21,45
207000631,7,54,-47
207900008,113,349,-236
208000001,381,635,-254
208000002,421,482,-61
208000003,744,557,187
208000004,890,779,111
208000005,16,31,-15
208000019,365,911,-546
208000020,186,419,-233
208000021,127,604,-477
208000022,624,883,-259
208000028,1143,741,402
208000033,396,789,-393
208000034,986,1646,-660
208000037,376,36,340
208000040,99,129,-30
208000041,764,403,361
208000042,602,602,0
208000047,78,369,-291
208000064,2534,1333,1201
208000066,1235,801,434
208000070,199,443,-244
208000071,263,772,-509
208000072,252,1143,-891
208000080,201,424,-223
208000081,225,262,-37
208000082,261,421,-160
208000083,95,519,-424
208000084,33,7,26
208000085,959,648,311
208000086,519,948,-429
208000087,274,818,-544
208000089,735,741,-6
208000090,519,1110,-591
208000093,65,88,-23
208000094,362,604,-242
208000095,471,363,108
208000104,828,857,-29
208000105,451,1049,-598
208000114,54,144,-90
208000115,503,388,115
208000116,262,807,-545
208000117,71,137,-66
208000118,82,87,-5
208000155,445,984,-539
208000158,1573,2587,-1014
208000186,2950,2106,844
208000204,402,968,-566
208000205,954,1371,-417
208000282,3809,1441,2368
209000004,118,179,-61
209000005,27,31,-4
209000006,610,94,516
209000007,261,171,90
209000010,529,136,393
209000011,222,212,10
209000012,101,254,-153
209000013,141,689,-548
209000014,875,1828,-953
209000025,200,32,168
209000026,393,77,316
209000027,331,1118,-787
209000028,225,1149,-924
209000029,680,948,-268
209000030,624,1767,-1143
209000031,4059,2671,1388
209000034,157,147,10
209000035,131,152,-21
209000036,88,97,-9
209000037,156,183,-27
209000038,50,193,-143
209000039,38,165,-127
209000040,199,489,-290
209000041,107,426,-319
209000042,185,330,-145
209000043,589,640,-51
209000044,196,536,-340
209000045,964,387,577
209000046,335,546,-211
209000047,241,219,22
209000048,321,202,119
209000049,63,154,-91
209000050,190,295,-105
209000051,323,467,-144
209000052,138,431,-293
209000062,66,198,-132
209000063,26,181,-155
209000064,12,188,-176
209000065,29,34,-5
209000066,42,52,-10
209000067,55,88,-33
209000080,19,167,-148
209000082,80,41,39
209000091,42,116,-74
209000093,106,60,46
209000094,224,189,35
209000110,20,88,-68
209000111,302,1047,-745
209000112,584,441,143
209000113,1058,400,658
209000114,205,305,-100
209000115,109,235,-126
209000116,921,730,191
209000118,22,43,-21
209000119,58,18,40
209000121,156,892,-736
209000135,75,79,-4
209000142,619,829,-210
209000143,103,102,1
209000144,48,83,-35
209000229,105,165,-60
209000240,30,454,-424
209000259,156,178,-22
209000260,41,870,-829
209000261,6,560,-554
209000262,1,471,-470
209000263,0,116,-116
209000264,0,51,-51
209000265,380,15,365
209000266,64,1,63
209000267,423,13,410
209000268,347,29,318
210000037,51,45,6
210000047,55,30,25
210000048,43,35,8
210000049,52,27,25
210000052,17,160,-143
210000053,13,104,-91
210000054,43,135,-92
210000070,50,1,49
210000071,36,0,36
210000072,11,0,11
210000073,0,34,-34
210000074,1,118,-117
210000075,0,40,-40
210000076,4,118,-114
210000077,17,50,-33
210000078,45,46,-1
210000079,31,11,20
210000080,95,57,38
210000081,102,7,95
210000082,62,0,62
210000083,94,0,94
210000084,34,0,34
210000085,0,75,-75
210000086,3,145,-142
210000099,48,208,-160
210000100,31,236,-205
210000101,67,235,-168
210000105,20,217,-197
210000159,0,138,-138
210000163,163,257,-94
210000164,437,107,330
210000168,221,18,203
210000187,0,13,-13
210000188,0,27,-27
210000214,56,0,56
210000219,22,50,-28
210000220,30,109,-79
210000232,3,14,-11
210000233,27,42,-15
210000234,43,120,-77
210000235,26,156,-130
210000245,5,40,-35
210000246,15,1,14
210000258,13,110,-97
210000259,222,13,209
210000282,64,182,-118
210000285,0,110,-110
210000286,11,163,-152
210000290,7,4,3
210000295,17,163,-146
210000296,42,94,-52
210000320,92,162,-70
210000321,109,79,30
210000338,86,114,-28
210000339,481,839,-358
210000340,79,248,-169
210000341,121,252,-131
210000342,125,177,-52
210000343,151,212,-61
210000344,235,83,152
210000345,203,177,26
210000346,60,136,-76
210000347,158,52,106
210000348,149,22,127
210000349,93,22,71
210000350,120,68,52
210000351,76,123,-47
210000352,37,119,-82
210000353,27,112,-85
210000354,54,151,-97
210000355,59,101,-42
210000356,94,66,28
210000357,37,68,-31
210000358,431,115,316
210000359,80,65,15
210000360,129,85,44
210000361,175,134,41
210000362,199,166,33
210000363,871,135,736
210000364,105,109,-4
210000365,60,37,23
210000366,118,41,77
210000367,61,24,37
210000368,104,26,78
210000369,11,27,-16
210000370,68,58,10
210000372,29,35,-6
210000373,84,23,61
210000374,40,37,3
210000375,27,100,-73
210000376,71,206,-135
210000404,107,148,-41
210000439,41,67,-26
210000472,113,13,100
210000482,87,59,28
210000564,497,166,331
210000567,0,27,-27
210000568,630,5,625
211000092,18,78,-60
211000094,12,9,3
211000169,253,7,246
211000172,11,317,-306
211000209,0,7,-7
211000226,10,51,-41
211000270,15,9,6
211000275,23,26,-3
211000276,71,31,40
211000279,10,71,-61
211000281,31,78,-47
211000302,12,116,-104
211507980,2,37,-35
211977296,23,5,18
212000003,138,54,84
212000004,128,38,90
212000005,34,34,0
212000006,33,90,-57
212000008,110,243,-133
212000009,20,164,-144
212000012,58,84,-26
212000013,14,48,-34
212000014,171,176,-5
212000015,216,203,13
212000016,391,518,-127
212000027,342,444,-102
212000028,233,389,-156
212000029,133,279,-146
212000030,18,22,-4
212000031,41,97,-56
212000048,31,82,-51
212000049,10,50,-40
212000050,15,4,11
212000051,140,210,-70
212000052,145,359,-214
212000053,219,516,-297
212000054,127,148,-21
212000055,149,278,-129
212000056,15,47,-32
212000057,14,35,-21
212000058,309,43,266
212000070,85,268,-183
212000077,67,646,-579
212000099,142,267,-125
212000108,214,201,13
212000111,159,172,-13
212000120,138,96,42
212000138,61,26,35
212000156,0,90,-90
212000158,12,14,-2
212000159,267,48,219
212000160,380,195,185
212000161,38,11,27
212000310,30,21,9
212000311,5,76,-71
212000374,19,9,10
213000001,23,660,-637
213000005,195,93,102
213000006,901,158,743
213000007,84,10,74
213000009,463,254,209
213000010,153,183,-30
213000011,215,108,107
213000012,113,398,-285
213000014,34,10,24
213000015,123,3,120
213000016,250,0,250
213000017,36,0,36
213000018,0,271,-271
213000019,1,196,-195
213000020,88,335,-247
213000021,2,115,-113
213000023,204,195,9
213000033,192,803,-611
213000034,509,303,206
213000035,93,144,-51
213000045,94,271,-177
213000046,148,179,-31
213000047,512,730,-218
213000056,64,28,36
213000069,32,5,27
213000073,5,18,-13
213000074,284,572,-288
213000075,393,6,387
213000076,22,0,22
213000085,8,39,-31
213000086,11,220,-209
213000091,87,11,76
213000092,32,7,25
213000099,180,882,-702
213000100,1256,160,1096
213000101,158,160,-2
213000102,174,431,-257
213000103,602,860,-258
213000104,46,521,-475
213000105,9,128,-119
213000106,15,275,-260
213000107,135,851,-716
213000108,30,633,-603
213000109,3,304,-301
213000110,14,92,-78
213000111,11,48,-37
213000112,169,154,15
213000115,34,3,31
213000116,141,913,-772
213000117,3,1175,-1172
213000118,244,298,-54
213000119,37,915,-878
213000120,99,891,-792
213000122,223,812,-589
213000123,732,1539,-807
213000124,45,1570,-1525
213000125,135,9,126
213000126,52,101,-49
213000127,192,154,38
213000128,804,674,130
213000129,465,372,93
213000130,200,192,8
213000132,199,69,130
213000133,255,94,161
213000134,540,32,508
213000136,340,12,328
213000137,368,66,302
213000139,537,11,526
213000147,59,0,59
213000148,13,2,11
213000149,16,2,14
213000150,0,75,-75
213000151,3,90,-87
213000152,2,60,-58
213000153,1,41,-40
213000154,13,254,-241
213000155,19,361,-342
213000156,75,694,-619
213000157,721,546,175
213000158,252,606,-354
213000159,373,628,-255
213000163,319,91,228
213000165,495,176,319
213000171,1,188,-187
213000172,5,346,-341
213000173,2,314,-312
213000174,0,189,-189
213000175,6,115,-109
213000176,2,15,-13
213000177,33,2,31
213000178,47,5,42
213000179,78,2,76
213000180,45,1,44
213000184,63,588,-525
213000188,134,95,39
213000189,168,34,134
213000190,663,812,-149
213000191,134,598,-464
213000192,158,616,-458
213000193,1789,197,1592
213000194,0,39,-39
213000195,22,520,-498
213000196,176,889,-713
213000197,259,361,-102
213000198,37,2,35
213000200,116,1257,-1141
213000201,152,48,104
213000202,20,979,-959
213000203,3084,351,2733
213000204,477,49,428
213000205,159,56,103
213000206,248,71,177
213000207,82,15,67
213000208,203,0,203
213000209,141,3,138
213000210,307,1,306
213000211,2,6,-4
213000212,19,19,0
213000213,12,26,-14
213000218,143,995,-852
213000219,379,12,367
213000220,394,7,387
213000223,207,141,66
213000224,34,35,-1
213000225,50,6,44
213000226,65,6,59
213000227,488,165,323
213000228,152,68,84
213000229,391,20,371
213000230,312,19,293
213000232,86,709,-623
213000233,8,30,-22
213000234,7,25,-18
213000293,16,61,-45
213000294,144,6,138
213000295,9,72,-63
213000296,69,21,48
213000297,6,114,-108
213000298,15,80,-65
213000299,46,48,-2
213000300,9,0,9
213000303,8,36,-28
213000304,3,10,-7
213000305,0,11,-11
213000306,58,23,35
213000307,243,72,171
213000308,115,302,-187
213000309,144,46,98
213000310,143,63,80
213000311,380,738,-358
213000315,93,135,-42
213000316,61,32,29
213000322,61,147,-86
213000323,25,88,-63
213000324,21,11,10
213000325,8,83,-75
213000326,3,7,-4
213000327,2,50,-48
213000328,12,58,-46
213000329,27,20,7
213000340,142,1028,-886
213000341,223,86,137
213000346,160,148,12
213000347,921,181,740
213000348,13,314,-301
213000349,64,29,35
213000350,213,1836,-1623
213000366,43,361,-318
213000367,124,29,95
213000379,126,281,-155
213000386,9,258,-249
213000406,106,386,-280
213000417,849,294,555
213000425,108,52,56
213000426,76,73,3
213000427,27,428,-401
213000428,21,235,-214
213000429,6,0,6
213000430,98,1115,-1017
213000431,24,1,23
213000432,3,15,-12
213000433,10,146,-136
213000434,56,149,-93
213000435,81,86,-5
213000436,7,75,-68
213000437,2,8,-6
213000438,78,52,26
213000439,44,10,34
213000440,16,188,-172
213000441,3,0,3
213000442,1,21,-20
213000443,271,442,-171
213000444,16,29,-13
213000445,0,145,-145
213000446,0,15,-15
213000447,2,24,-22
213000448,1,64,-63
213000449,124,0,124
213000450,10,59,-49
213000451,99,73,26
213000452,1,18,-17
213000453,54,357,-303
213000455,353,1,352
213000456,1,191,-190
213000481,30,4,26
213000482,58,1,57
213000489,494,39,455
213000491,0,129,-129
213000492,223,3,220
213000493,0,45,-45
213000494,128,120,8
213000495,1,183,-182
213000496,193,217,-24
213000497,35,341,-306
213000498,60,244,-184
213000499,88,658,-570
213000500,265,69,196
213000501,80,25,55
213000502,144,67,77
213000503,0,62,-62
213000504,22,202,-180
213000505,4,18,-14
213000506,0,10,-10
213000507,3,141,-138
213900244,13,0,13
213900245,0,31,-31
218000003,20,18,2
218000004,35,19,16
218000005,42,27,15
218000006,65,38,27
218000007,6,12,-6
218000012,227,131,96
218000013,71,82,-11
218000014,391,317,74
218000019,737,432,305
218000020,287,465,-178
218000021,5,30,-25
218000022,3,15,-12
218000023,0,16,-16
218000024,0,9,-9
218000025,5,10,-5
218000026,6,20,-14
218000027,0,6,-6
218000028,0,5,-5
218000029,0,1,-1
218000030,4,11,-7
218000031,0,18,-18
218000032,2,23,-21
218000040,4,1,3
218000046,30,211,-181
218000047,19,281,-262
218000048,81,293,-212
218000049,111,202,-91
218000050,308,369,-61
218000051,50,449,-399
218000052,4,175,-171
218000053,3,17,-14
218000054,45,55,-10
218000055,10,35,-25
218000056,22,21,1
218000057,5,33,-28
218000064,1,3,-2
218000065,37,53,-16
218000066,13,52,-39
218000067,54,101,-47
218000068,74,59,15
218000069,107,187,-80
218000070,84,274,-190
218000071,116,194,-78
218000072,252,210,42
218000078,507,1299,-792
218000079,40,49,-9
218000080,59,56,3
218000081,179,212,-33
218000082,10,114,-104
218000083,29,64,-35
218000084,58,154,-96
218000085,102,493,-391
218000086,35,192,-157
218000087,132,255,-123
218000090,4,87,-83
218000091,748,471,277
218000092,37,162,-125
218000093,56,78,-22
218000094,443,966,-523
218000099,247,416,-169
218000100,159,272,-113
218000101,103,135,-32
218000102,168,312,-144
218000103,41,236,-195
218000104,34,54,-20
218000105,17,10,7
218000106,12,21,-9
218000107,60,113,-53
218000108,5,67,-62
218000112,67,10,57
218000117,17,25,-8
218000134,329,831,-502
218000135,32,123,-91
218000136,192,49,143
218000137,109,136,-27
218000138,6,110,-104
218000139,114,378,-264
218000140,163,215,-52
218000141,58,64,-6
218000142,118,114,4
218000143,82,152,-70
218000144,67,88,-21
218000145,172,339,-167
218000146,36,121,-85
218000151,12,35,-23
218000152,58,63,-5
218000153,1,3,-2
218000154,3,1,2
218000155,2,0,2
218000156,14,4,10
218000157,1,3,-2
218000158,1,2,-1
218000159,0,2,-2
218000160,0,0,0
218000161,1,1,0
218000162,2,0,2
218000163,0,4,-4
218000164,4,7,-3
218000165,11,7,4
218000170,3,14,-11
218000171,25,7,18
218000172,21,6,15
218000173,72,16,56
218000174,19,6,13
218000176,94,29,65
218000177,201,135,66
218000178,61,146,-85
218000179,40,61,-21
218000180,36,23,13
218000181,89,38,51
218000187,2,6,-4
218000188,18,57,-39
218000189,17,66,-49
218000190,15,31,-16
218000191,80,92,-12
218000192,90,450,-360
218000193,266,652,-386
218000194,59,581,-522
218000195,112,58,54
218000196,166,264,-98
218000197,148,317,-169
218000198,6,148,-142
218000199,38,42,-4
218000200,103,61,42
218000201,7,10,-3
218000202,138,161,-23
218000207,15,194,-179
218000208,20,62,-42
218000211,43,6,37
218000212,0,2,-2
218000213,97,54,43
218000214,7,7,0
218000215,31,74,-43
218000217,2,144,-142
218000218,224,83,141
218000219,25,23,2
218000220,155,272,-117
218000221,639,131,508
218000222,36,22,14
218000223,19,123,-104
218000224,6,56,-50
218000225,158,17,141
218000226,60,49,11
218000230,0,0,0
218000232,25,60,-35
218000239,142,21,121
218000240,20,4,16
218000241,32,2,30
218000242,144,0,144
218000243,31,5,26
218000244,31,2,29
218000245,16,1,15
218000246,0,0,0
218000247,1,0,1
218000248,0,31,-31
218000249,0,2,-2
218000250,9,8,1
218000251,3,13,-10
218000252,5,17,-12
218000253,17,9,8
218000254,0,10,-10
218000255,3,11,-8
218000256,9,65,-56
218000267,947,1174,-227
218000268,13,65,-52
218000269,15,9,6
218000270,28,101,-73
218000271,31,118,-87
218000273,13,17,-4
218000274,23,7,16
218000275,12,50,-38
218000276,6,57,-51
218000278,15,30,-15
218000279,23,64,-41
218000280,4,61,-57
218000281,33,15,18
218000282,518,202,316
218000284,98,18,80
218000301,46,66,-20
218000302,44,31,13
218000303,58,70,-12
218000316,554,933,-379
218000317,592,1013,-421
218000318,288,839,-551
218000319,629,1650,-1021
218000320,534,769,-235
218000338,58,24,34
218000345,103,61,42
218000346,63,178,-115
218000459,65,328,-263
218000490,32,38,-6
218000501,45,23,22
218000502,80,147,-67
218000503,60,7,53
218000504,130,10,120
218000505,57,182,-125
218000506,21,187,-166
218000508,4,4,0
218000510,143,6,137
218000520,94,100,-6
218000521,5,93,-88
218000522,1,127,-126
218000523,87,16,71
218000524,58,191,-133
218000525,87,14,73
218000526,39,56,-17
218000529,43,309,-266
218000530,1,1,0
218000531,4,23,-19
218000532,15,27,-12
218000534,75,25,50
218000537,19,40,-21
218000538,83,122,-39
218000540,293,71,222
218000543,95,43,52
218000544,37,114,-77
218000545,43,49,-6
218000546,24,151,-127
218000547,61,81,-20
218000548,103,179,-76
218000549,227,131,96
218000550,239,537,-298
218000551,242,406,-164
218000552,499,30,469
218000553,91,115,-24
218000554,22,37,-15
218000555,14,46,-32
218000556,109,440,-331
218000557,169,190,-21
218000558,79,0,79
218000559,0,33,-33
218000560,0,17,-17
218000561,21,0,21
218000562,20,189,-169
218000563,230,23,207
218000564,24,128,-104
218000565,205,36,169
218000566,595,42,553
218000567,0,68,-68
218000568,17,2,15
218000569,9,156,-147
218000570,332,9,323
218000571,6,106,-100
218000572,88,4,84
218000573,33,96,-63
218000574,201,67,134
218000575,80,1,79
218000576,0,75,-75
218000577,31,0,31
218000578,1,67,-66
218000579,36,5,31
218000581,3,65,-62
218000582,12,0,12
218000583,6,0,6
218000584,0,25,-25
218000585,13,5,8
218000586,7,29,-22
218000587,3,0,3
218000588,0,4,-4
218000589,2,0,2
218000590,0,0,0
218000591,3,2,1
218000592,7,0,7
218000593,0,5,-5
218000594,0,0,0
218000596,0,0,0
218000597,0,0,0
218000598,0,0,0
218000599,0,0,0
218000600,0,4,-4
218000601,0,0,0
218000602,0,1,-1
218000603,0,3,-3
218000604,23,4,19
218000605,0,15,-15
218000606,47,0,47
218000607,12,42,-30
218000608,48,12,36
218000609,0,34,-34
218000610,60,0,60
218000611,16,1,15
218000612,0,19,-19
218000613,31,1,30
218000614,0,71,-71
218000615,99,1,98
218000616,4,154,-150
218000617,9,1,8
218000618,0,22,-22
218000619,20,20,0
218000620,6,29,-23
218000621,0,2,-2
218000622,0,9,-9
218000623,10,2,8
218000624,0,14,-14
218000625,15,1,14
218000626,0,17,-17
218000628,72,25,47
218000631,55,35,20
218000632,2,70,-68
218000633,69,3,66
218000634,19,36,-17
218000635,10,7,3
218000636,486,1651,-1165
218000637,521,600,-79
218000638,119,43,76
218000639,9,279,-270
218000640,82,17,65
218000641,50,464,-414
218000652,88,147,-59
218000653,126,36,90
218000663,7,144,-137
218000675,83,67,16
218000676,0,9,-9
218000677,0,7,-7
218000680,174,675,-501
218000681,332,128,204
218000691,103,450,-347
218000693,72,136,-64
218000703,0,44,-44
218000718,881,508,373
218000719,1254,121,1133
218000720,6,97,-91
218000721,51,9,42
218000725,4,5,-1
218001147,2,408,-406
218001214,14,30,-16
218001258,62,4,58
218001329,100,104,-4
218001330,130,144,-14
218001351,35,10,25
218001352,3,30,-27
218001353,24,10,14
218001354,10,19,-9
218001355,22,454,-432
218001356,103,4,99
218001357,37,313,-276
218001358,94,7,87
218001361,118,20,98
218001362,0,285,-285
219000001,37,50,-13
219000002,23,71,-48
219000003,18,23,-5
219000004,57,18,39
219000017,77,15,62
219000020,60,27,33
219000022,83,3,80
219000023,64,0,64
219000029,1,70,-69
219000034,19,14,5
219000039,13,61,-48
219000040,10,15,-5
219000041,87,33,54
219000051,0,18,-18
219000052,0,37,-37
219000053,2,233,-231
219000054,17,142,-125
219000055,91,0,91
219000056,17,1,16
219000057,29,0,29
219000062,16,165,-149
219000063,49,6,43
219000064,3,49,-46
219000110,206,29,177
219000111,76,30,46
219000112,154,48,106
219000113,89,24,65
219000114,227,40,187
219000116,72,36,36
219000117,147,72,75
219000118,74,61,13
219000123,241,95,146
219000124,56,46,10
219000125,10,12,-2
219000126,69,132,-63
219000127,1,1,0
219000128,3,57,-54
219000129,37,137,-100
219000130,789,768,21
219000131,708,887,-179
219000133,53,24,29
219000134,5,18,-13
219000135,21,43,-22
219000136,106,125,-19
219000138,38,19,19
219000139,12,62,-50
219000140,16,1,15
219000141,10,128,-118
219000142,26,81,-55
219000143,17,103,-86
219000145,14,49,-35
219000146,6,87,-81
219000147,0,83,-83
219000148,2,73,-71
219000149,18,203,-185
219000150,2,182,-180
219000151,7,120,-113
219000157,146,83,63
219000158,117,289,-172
219000161,159,9,150
219000163,1240,351,889
219000166,50,104,-54
219000167,72,281,-209
219000168,337,62,275
219000174,302,80,222
219000175,30,1,29
219000176,30,3,27
219000177,5,10,-5
219000178,14,5,9
219000179,11,6,5
219000180,37,23,14
219000182,85,9,76
219000183,22,59,-37
219000184,43,13,30
219000185,0,112,-112
219000186,28,58,-30
219000187,36,140,-104
219000189,160,118,42
219000190,186,334,-148
219000191,1472,934,538
219000192,113,126,-13
219000193,446,142,304
219000195,1,103,-102
219000196,10,126,-116
219000198,34,202,-168
219000199,135,211,-76
219000200,33,209,-176
219000201,80,213,-133
219000203,44,140,-96
219000204,91,188,-97
219000205,39,212,-173
219000207,225,247,-22
219000209,14,98,-84
219000210,58,118,-60
219000213,10,320,-310
219000239,168,215,-47
219000240,171,358,-187
219000241,105,304,-199
219000242,48,270,-222
219000243,61,427,-366
219000244,16,153,-137
219000245,98,76,22
219000246,84,15,69
219000247,54,26,28
219000248,373,236,137
219000249,65,54,11
219000250,102,79,23
219000251,397,135,262
219000252,222,111,111
219000253,234,41,193
219000255,56,68,-12
219000256,96,90,6
219000257,70,0,70
219000262,68,319,-251
219000263,39,271,-232
219000267,4,248,-244
219000268,0,7,-7
219000269,3,0,3
219000270,6,0,6
219000271,119,1,118
219000278,0,10,-10
219000279,0,10,-10
219000283,0,15,-15
219000295,5,98,-93
219000296,46,537,-491
219000297,2,130,-128
219000298,14,208,-194
219000299,309,48,261
219000300,22,305,-283
219000301,198,319,-121
219000302,17,148,-131
219000307,34,39,-5
219000308,23,13,10
219000311,129,38,91
219000312,372,49,323
219000313,160,12,148
219000314,72,530,-458
219000315,110,31,79
219000316,272,39,233
219000317,51,18,33
219000320,1,39,-38
219000321,0,20,-20
219000323,7,105,-98
219000325,0,27,-27
219000326,39,133,-94
219000327,37,29,8
219000328,33,39,-6
219000329,222,103,119
219000330,27,22,5
219000331,37,35,2
219000332,55,102,-47
219000333,10,3,7
219000335,86,13,73
219000337,3,1,2
219000338,46,0,46
219000344,26,101,-75
219000345,53,138,-85
219000346,19,142,-123
219000348,90,188,-98
219000349,46,288,-242
219000350,34,70,-36
219000351,23,1,22
219000352,165,62,103
219000353,64,37,27
219000354,78,109,-31
219000355,85,23,62
219000356,1743,580,1163
219000363,332,37,295
219000364,74,26,48
219000365,76,15,61
219000366,215,186,29
219000368,313,373,-60
219000370,811,239,572
219000371,7,15,-8
219000382,6,17,-11
219000383,697,772,-75
219000385,513,472,41
219000386,909,1334,-425
219000387,2,6,-4
219000390,5,0,5
219000391,2,0,2
219000397,78,66,12
219000398,70,37,33
219000401,10,108,-98
219000402,43,89,-46
219000403,100,145,-45
219000404,28,99,-71
219000407,5,24,-19
219000409,30,46,-16
219000410,73,25,48
219000411,49,13,36
219000446,254,717,-463
219000447,2,12,-10
219000448,5,2,3
219000452,119,48,71
219000453,66,117,-51
219000454,260,178,82
219000556,105,70,35
219000558,96,377,-281
219000590,20,198,-178
219000591,50,40,10
219000592,101,414,-313
219000595,3,42,-39
219000635,52,16,36
219000636,13,86,-73
219000657,15,11,4
219000658,16,33,-17
219000673,0,8,-8
219000676,4,0,4
219000679,23,13,10
219000684,65,2,63
219000685,0,0,0
219000686,2,0,2
219000688,0,78,-78
219000689,35,200,-165
219000690,169,29,140
219000691,72,132,-60
219000692,175,41,134
219000693,0,47,-47
219000694,3,0,3
219000695,20,1,19
219000698,6,0,6
219000699,0,12,-12
219000727,6,425,-419
219000728,93,1,92
219000770,19,2,17
219000771,2,41,-39
219000788,245,191,54
219001150,0,15,-15
219001151,255,98,157
219001166,28,15,13
219001167,0,85,-85
219001178,23,0,23
220000001,25,52,-27
220000002,13,159,-146
220000003,414,342,72
220000004,538,645,-107
220000005,1334,1422,-88
220000006,131,1007,-876
220000007,313,780,-467
220000008,293,1187,-894
220000009,134,559,-425
220000010,255,111,144
220000011,581,2238,-1657
220000012,122,163,-41
220000014,23,69,-46
220000015,45,244,-199
220000017,52,316,-264
220000018,5219,1317,3902
220000019,59,243,-184
220000020,281,238,43
220000021,414,138,276
220000022,327,454,-127
220000023,133,175,-42
220000024,1272,348,924
220000025,470,464,6
220000026,201,156,45
220000027,23,96,-73
220000028,20,26,-6
220000029,57,176,-119
220000030,219,114,105
220000031,141,275,-134
220000064,20,934,-914
221000046,7,0,7
221000047,0,3,-3
221000048,0,1,-1
221000049,0,8,-8
221000050,12,0,12
221000055,42,27,15
221000057,31,9,22
221000068,268,84,184
221000069,206,48,158
221000070,112,16,96
221000071,55,4,51
221000072,118,14,104
221000073,126,36,90
221000074,0,13,-13
221000075,11,10,1
221000076,8,23,-15
221000077,21,54,-33
221000081,23,4,19
221000082,34,5,29
221000083,31,8,23
221000084,13,5,8
221000085,7,62,-55
221000086,2,125,-123
221000087,15,185,-170
221000088,29,168,-139
221000089,32,247,-215
221000090,129,484,-355
221000098,68,11,57
221000099,123,18,105
221000100,60,1,59
221000101,217,23,194
221000102,100,7,93
221000109,2,67,-65
221000110,8,124,-116
221000111,22,129,-107
221000112,1,131,-130
221000113,16,126,-110
221000114,6,135,-129
221000120,20,28,-8
221000121,2,17,-15
221000122,15,25,-10
221000123,11,49,-38
221000124,24,339,-315
221000155,43,11,32
221000156,23,32,-9
221000175,0,5,-5
221000176,0,3,-3
221000182,41,1,40
221000241,594,185,409
221000242,173,405,-232
221000243,351,117,234
221000244,104,495,-391
221000245,53,108,-55
221000246,26,287,-261
221000247,53,94,-41
221000248,76,199,-123
221000267,58,875,-817
221000325,64,58,6
221000331,1,101,-100
221000338,1,24,-23
221000378,87,26,61
221000381,81,146,-65
222000282,1,3,-2
222000296,6,21,-15
222000568,233,8,225
222000569,108,17,91
222000570,80,4,76
222000571,129,6,123
222000577,7,320,-313
222000578,17,253,-236
222000579,29,173,-144
222000580,122,930,-808
222000599,2,168,-166
222000600,3,280,-277
222000601,2,871,-869
222000603,8,28,-20
222000604,4,26,-22
222000605,7,13,-6
222000606,0,3,-3
222000607,1,1,0
222000608,17,15,2
222000609,25,464,-439
222000616,102,54,48
222000617,13,13,0
222000618,2,6,-4
222000620,92,9,83
222000621,63,12,51
222000623,348,2,346
222000624,149,3,146
222000625,272,26,246
222000636,29,2,27
222000686,36,9,27
222000687,25,27,-2
222001066,198,2,196
222001067,3,9,-6
222001068,9,34,-25
222001069,14,53,-39
222001082,5,50,-45
222001083,0,60,-60
222001084,0,41,-41
222001085,0,73,-73
222001111,17,344,-327
222001112,37,58,-21
222001313,4,4,0
222001314,4,84,-80
222001464,94,46,48
222001465,40,315,-275
222001484,69,49,20
222001485,18,108,-90
222001494,145,98,47
222001495,55,581,-526
222001496,119,64,55
222001497,135,802,-667
222001502,22,116,-94
222001503,26,35,-9
222001504,22,233,-211
222001505,210,14,196
222001506,36,247,-211
222001507,168,11,157
222001510,144,23,121
222001511,24,417,-393
222001514,305,67,238
222001515,200,701,-501
222001518,79,44,35
222001519,36,406,-370
222001527,160,44,116
222001528,73,198,-125
222001529,83,39,44
222001530,49,243,-194
222001533,117,465,-348
222001534,107,47,60
222001535,74,98,-24
222001536,61,455,-394
222001537,189,15,174
222001538,37,489,-452
222001563,326,64,262
222001564,30,928,-898
222001568,227,102,125
222001576,1,0,1
222001579,0,2,-2
222001583,29,197,-168
222001584,76,28,48
222001596,454,1618,-1164
222001597,950,239,711
222001626,0,163,-163
222001650,45,63,-18
222001651,72,136,-64
222001914,129,67,62
222001915,69,197,-128
222001968,431,176,255
222001969,383,1090,-707
222001970,89,243,-154
222001971,5,16,-11
222001972,0,29,-29
225000001,293,119,174
225000002,228,62,166
225000003,224,70,154
225000004,154,126,28
225000005,16,58,-42
225000006,1,106,-105
225000007,3331,1208,2123
225000010,138,11,127
225000011,431,703,-272
225000012,119,456,-337
225000013,86,143,-57
225000014,652,50,602
225000015,83,253,-170
225000021,505,166,339
225000027,219,586,-367
225000032,417,142,275
225000042,64,807,-743
225000049,30,79,-49
225000050,35,8,27
225000053,5,225,-220
225000058,503,102,401
225000067,152,201,-49
225000068,46,620,-574
225000069,225,534,-309
225000070,58,468,-410
225000071,29,325,-296
225000075,32,682,-650
225000076,79,121,-42
225000078,50,51,-1
225000085,21,88,-67
225000086,132,28,104
225000087,108,16,92
225000088,10,163,-153
225000089,374,678,-304
225000090,21,375,-354
225000091,99,234,-135
225000092,52,107,-55
225000093,123,479,-356
225000094,16,549,-533
225000095,313,662,-349
225000096,187,468,-281
225000098,388,97,291
225000099,191,93,98
225000100,113,65,48
225000104,48,461,-413
225000110,15,466,-451
225000111,179,1142,-963
225000112,231,1091,-860
225000113,129,672,-543
225000114,32,318,-286
225000115,2727,562,2165
225000116,882,110,772
225000117,693,326,367
225000118,644,288,356
225000119,98,54,44
225000120,342,54,288
225000121,176,32,144
225000123,643,11,632
225000125,219,325,-106
225000126,1048,179,869
225000127,912,491,421
225000128,393,387,6
225000132,230,28,202
225000133,189,23,166
225000134,493,75,418
225000135,20,3,17
225000136,113,11,102
225000137,75,65,10
225000138,220,37,183
225000143,56,154,-98
225000144,2,317,-315
225000145,14,40,-26
225000146,30,123,-93
225000147,13,414,-401
225000148,9,267,-258
225000149,49,523,-474
225000151,19,308,-289
225000155,275,347,-72
225000156,199,810,-611
225000157,142,377,-235
225000158,57,373,-316
225000171,3,137,-134
225000180,28,1,27
225000181,0,38,-38
225000182,71,4,67
225000185,5,325,-320
225000187,50,418,-368
225000191,86,3,83
225000194,25,37,-12
225000208,0,58,-58
225000209,49,17,32
225000210,6,203,-197
225000217,1,26,-25
225000218,9,0,9
225000223,1,34,-33
225000224,358,1,357
225000225,0,11,-11
225000226,28,1,27
225000227,22,45,-23
225000228,8,7,1
225000229,0,90,-90
225000230,10,0,10
225000231,0,111,-111
225000232,57,0,57
225000241,92,3,89
225000242,1,49,-48
225000249,2,0,2
225000250,34,941,-907
225000251,248,28,220
226000042,373,359,14
226000043,88,269,-181
226000044,155,718,-563
226000045,91,424,-333
226000046,317,50,267
226000047,263,65,198
226000048,199,56,143
226000049,149,114,35
226000070,0,47,-47
226000071,0,63,-63
226000072,0,9,-9
226000073,0,12,-12
226000074,0,18,-18
226000084,2,56,-54
226000085,4,13,-9
226000086,6,6,0
226000087,2,6,-4
226000088,29,10,19
226000090,47,25,22
226000091,22,10,12
226000092,2,0,2
226000093,39,1,38
226000094,5,3,2
226000095,258,1,257
226000105,15,0,15
226000106,3,2,1
226000107,5,0,5
226000108,14,0,14
226000109,35,0,35
226000124,115,66,49
226000134,259,372,-113
226000135,592,475,117
226000136,167,319,-152
226000137,5,495,-490
226000138,3,313,-310
226000139,1,12,-11
226000156,61,3,58
226000157,49,3,46
226000163,55,35,20
226000202,8,498,-490
226000231,171,7,164
226000232,13,4,9
227000033,267,43,224
227000036,147,17,130
227000037,70,16,54
227000038,88,17,71
227000049,0,16,-16
227000050,1,61,-60
227000055,34,1,33
227000056,14,0,14
227000084,2,49,-47
227000085,1,38,-37
227000088,26,8,18
227000089,74,4,70
227000090,36,1,35
227000091,6,1,5
227000093,38,1,37
227000094,7,0,7
227000130,31,51,-20
227000131,10,359,-349
227000132,9,307,-298
227000133,18,319,-301
227000134,24,540,-516
227000152,0,3,-3
227000153,0,22,-22
227000155,1,17,-16
227000156,0,25,-25
227000165,7,29,-22
227000196,136,393,-257
227000199,124,700,-576
227000230,21,732,-711
227000232,159,16,143
227000242,58,625,-567
227000243,224,48,176
227000245,11,406,-395
227000246,78,457,-379
227000247,141,49,92
227000248,121,26,95
227000249,28,310,-282
227000250,372,133,239
227000251,215,436,-221
227000252,7,488,-481
227000253,60,28,32
227000262,159,26,133
227000266,487,18,469
227000267,55,2769,-2714
227000282,4,363,-359
227000284,161,16,145
227000286,1,124,-123
227000287,6,183,-177
227000291,13,836,-823
227000484,296,21,275
227000485,20,984,-964
227000655,25,17,8
227000656,498,19,479
227000657,20,12,8
227000661,252,13,239
227000680,110,25,85
229000265,11,32,-21
229000296,5,7,-2
229000297,5,58,-53
229000298,1,154,-153
229000320,4,12,-8
229000321,27,4,23
229000412,18,54,-36
229000414,14,60,-46
229000415,8,0,8
229000416,2,9,-7
229000417,4,21,-17
229000419,98,266,-168
229000440,180,91,89
229000442,12,5,7
229000443,2,1,1
229000444,0,42,-42
229000445,41,5,36
229000446,41,14,27
229000491,0,1,-1
229000492,0,16,-16
229000493,0,12,-12
229000494,7,5,2
229000495,49,5,44
229000496,21,2,19
229000507,0,1,-1
229000508,0,0,0
229000509,0,4,-4
229000510,0,1,-1
229000511,0,1,-1
229000512,0,0,0
229000513,0,0,0
229000514,0,0,0
229000517,0,2,-2
229000518,0,4,-4
229000519,1,4,-3
229000520,3,9,-6
229000521,1,2,-1
229000522,3,4,-1
229000523,0,6,-6
229000524,0,3,-3
229000527,1,0,1
229000528,0,0,0
229000529,2,0,2
229000530,15,0,15
229000531,7,0,7
229000532,4,1,3
229000533,21,1,20
229000534,21,0,21
229000564,18,0,18
229000565,2,0,2
229000566,0,0,0
229000567,0,1,-1
229000582,34,0,34
229000583,2,2,0
229000584,0,0,0
229000585,0,0,0
229000718,0,0,0
229000719,0,0,0
229000720,0,0,0
229000721,0,0,0
229000722,0,0,0
229000723,0,0,0
229000724,0,0,0
229000725,0,0,0
229000738,1,0,1
229000739,1,0,1
229000740,1,0,1
229000741,1,0,1
229000742,2,0,2
229000743,6,0,6
229000744,0,0,0
229000745,0,0,0
229000746,10,0,10
229000847,17,1,16
229000848,5,1,4
229000849,88,5,83
229000851,17,0,17
229000854,0,68,-68
229000856,6,172,-166
229000857,0,53,-53
229000858,1,109,-108
229000919,12,79,-67
229000930,1,182,-181
229000937,78,16,62
229000966,28,23,5
229000981,12,29,-17
229000985,6,49,-43
229000986,0,13,-13
229000987,0,3,-3
229000988,3,10,-7
229000989,3,2,1
229000990,0,1,-1
229000991,0,2,-2
229000992,7,8,-1
229000993,182,12,170
229000998,13,51,-38
229000999,40,9,31
229001034,0,8,-8
229001035,6,2,4
229001037,58,8,50
229001042,6,18,-12
229001047,1,64,-63
229001050,45,64,-19
229001168,0,0,0
229001200,17,1,16
229001338,28,14,14
229001394,126,1,125
229001422,73,30,43
229001423,34,115,-81
229001431,38,25,13
229001432,37,65,-28
229001444,114,47,67
229001445,27,164,-137
229001479,1,3,-2
229001503,124,60,64
229001504,70,233,-163
229001505,59,51,8
229001506,37,187,-150
229001509,45,35,10
229001545,65,4,61
229001546,2,70,-68
229001553,41,12,29
229001554,19,99,-80
229001559,6,3,3
229001560,2,43,-41
229001630,82,28,54
229001631,6,42,-36
229001635,0,9,-9
229001636,0,0,0
229001658,1,54,-53
229001659,68,1,67
229001660,0,10,-10
229001661,1,17,-16
229001662,8,1,7
229001663,0,11,-11
229002584,116,188,-72
229002831,194,128,66
229002841,3,20,-17
229002842,8,11,-3
229002843,28,28,0
229002844,37,38,-1
229002845,60,67,-7
229002846,30,20,10
229002847,2,10,-8
229002848,6,20,-14
229002849,6,53,-47
229002850,6,0,6
229002851,33,73,-40
229002852,60,9,51
229002853,84,16,68
229002854,36,55,-19
229002855,14,36,-22
229002856,8,17,-9
229002857,1,49,-48
229002858,1,4,-3
229002859,15,18,-3
229002860,37,11,26
229002861,15,11,4
229002862,19,27,-8
229002863,3,33,-30
229002864,3,23,-20
229002865,19,12,7
229002866,36,21,15
229002867,2,25,-23
229002868,6,19,-13
229002869,11,141,-130
229002870,36,4,32
235000066,265,94,171
235000067,76,120,-44
235000072,16,47,-31
235000073,46,185,-139
235000074,13,78,-65
235000080,10,128,-118
235000081,35,139,-104
235000082,64,66,-2
235000083,69,73,-4
235000084,20,44,-24
235000085,55,48,7
235000089,15,23,-8
235000092,4,128,-124
235000093,1,2,-1
235000097,2,7,-5
235000098,40,15,25
235000099,20,27,-7
235000116,33,27,6
235000117,616,5,611
235000133,3,229,-226
235000134,3,47,-44
235000206,5,0,5
235000207,2,1,1
235000208,3,0,3
235000209,5,1,4
235000210,3,2,1
235000212,3,17,-14
235000213,2,9,-7
235000220,0,1,-1
235000221,24,13,11
235000238,7,23,-16
235000239,0,6,-6
235000242,233,204,29
235000245,895,121,774
235000246,8,56,-48
235000284,3,90,-87
235000295,115,5,110
235000305,176,14,162
235000306,46,1,45
235000307,17,3,14
235000308,13,0,13
235000309,26,1,25
235000310,8,0,8
235000311,44,7,37
235000322,0,17,-17
235000323,0,64,-64
235000324,0,17,-17
235000325,1,29,-28
235000326,10,359,-349
235000351,5,92,-87
235000352,12,90,-78
235000353,2,32,-30
235000354,1,61,-60
235000355,12,73,-61
235000356,40,10,30
235000357,32,8,24
235000358,56,14,42
235000359,8,3,5
235000360,37,11,26
235000361,60,14,46
235000381,23,359,-336
235000382,58,45,13
235000390,23,2,21
235000391,40,26,14
235000392,59,133,-74
235000393,55,70,-15
235000395,24,25,-1
235000396,121,39,82
235000400,126,80,46
235000401,116,179,-63
235000405,88,322,-234
235000406,32,230,-198
235000407,33,106,-73
235000409,240,136,104
235000410,39,192,-153
235000411,1,48,-47
235000485,0,4,-4
235000486,2,0,2
235000549,16,45,-29
235000550,35,189,-154
235000599,36,59,-23
235000600,11,4,7
235000601,3,50,-47
235000602,42,162,-120
235000614,2,0,2
235000648,1,19,-18
235000649,28,0,28
235000685,1,2,-1
235000815,7,47,-40
235000834,0,12,-12
235000855,30,36,-6
235000862,17,202,-185
235000891,0,4,-4
235000892,33,25,8
235000901,24,89,-65
235000907,3,7,-4
235001010,31,53,-22
235001029,487,263,224
235001030,269,100,169
235001078,55,72,-17
235001079,99,109,-10
235001147,40,48,-8
235001166,13,76,-63
235001167,4,47,-43
235001169,31,329,-298
235001188,1,8,-7
235001189,4,2,2
235001197,11,44,-33
235001200,29,29,0
235001207,196,32,164
235001210,61,389,-328
235001215,41,292,-251
235001239,1,47,-46
235001244,0,7,-7
235016267,0,35,-35
277101746,0,0,0
277102712,0,0,0
277103813,0,0,0
277103814,0,0,0
277103898,0,2,-2
277104249,0,2,-2
277104250,0,22,-22
277104251,0,10,-10
277104252,0,3,-3
990011530,0,236,-236
990014944,0,460,-460
990015176,13,7,6
990015618,0,34,-34
990016032,0,360,-360
990032570,0,55,-55
990070001,79,2,77
990070103,0,1,-1
990070601,1,51,-50
990070751,170,0,170
990070766,2,879,-877
990071180,410,196,214
990071343,9,0,9
990071387,7,8,-1
990071823,174,4,170
990072600,1,680,-679
990072964,0,499,-499
990073285,0,2,-2
990074393,4,1173,-1169
990074870,495,5,490
990075106,412,4,408
990075746,169,6,163
990076437,436,1,435
990076458,3,1439,-1436
997000007,167,31,136
997000041,0,85,-85
997000058,18,0,18
997000062,21,1,20
997000069,0,3,-3
997000070,0,83,-83
997000100,9,0,9
997000141,3,1024,-1021
997000198,787,682,105
998000475,0,23,-23
998000736,0,348,-348
998000965,0,5,-5
998001031,0,50,-50
998001700,0,16,-16
998001899,0,0,0
998001900,2,0,2
998003073,552,3,549
998101900,0,0,0
998102850,0,64,-64
998501927,504,307,197
998501929,45,2,43
998501930,64,0,64
998501931,54,1,53
998501932,34,25,9
998501933,45,14,31
998501937,12,0,12
998501944,2,0,2
998501950,0,8,-8
998501970,27,1,26
998501971,0,44,-44
998501973,0,81,-81
998501974,0,266,-266
998501975,113,0,113
998501976,75,1,74
998501977,0,69,-69
998501978,32,0,32
998501979,0,11,-11
998501980,45,0,45
998501981,20,5,15
998501982,0,67,-67
998501983,3,0,3
998502006,0,0,0
998502024,0,1,-1
998502032,0,3,-3
998502062,12,0,12
998502063,0,0,0
998502173,89,1,88
998502269,0,2,-2
998502546,2,122,-120
998502578,0,0,0
998502599,114,293,-179
998502621,1,1,0
998601159,0,265,-265
998601292,0,8,-8
999033574,3,755,-752
999800001,26,2,24
999800002,0,2,-2
999800003,6,5,1
999800004,0,7,-7
999800005,0,38,-38
