ID,insum,outsum,diff
100000001,270,139,131
100000002,680,223,457
100000003,2058,736,1322
100000004,263,156,107
100000005,729,803,-74
100000006,99,31,68
100000007,249,118,131
100000008,36,183,-147
100000009,91,52,39
100000010,1,10,-9
100000011,110,33,77
100000012,52,209,-157
100000013,3,36,-33
100000014,74,143,-69
100000015,324,239,85
100000016,242,466,-224
100000017,163,430,-267
100000018,422,134,288
100000019,1391,551,840
100000020,302,715,-413
100000021,2026,472,1554
100000022,405,290,115
100000023,1743,189,1554
100000025,575,171,404
100000028,453,209,244
100000029,45,53,-8
100000030,157,5,152
100000031,919,923,-4
100000032,800,872,-72
100000033,210,603,-393
100000034,217,114,103
100000035,413,214,199
100000036,487,320,167
100000037,119,142,-23
100000038,287,282,5
100000039,193,66,127
100000040,39,52,-13
100000041,106,96,10
100000042,132,98,34
100000043,72,83,-11
100000044,84,229,-145
100000045,118,548,-430
100000046,160,511,-351
100000047,99,333,-234
100000048,173,234,-61
100000049,565,987,-422
100000051,133,512,-379
100000053,8,2,6
100000054,25,3,22
100000055,138,122,16
100000056,75,158,-83
100000057,413,243,170
100000058,204,562,-358
100000059,0,36,-36
100000060,69,112,-43
100000061,332,180,152
100000062,623,152,471
100000063,122,122,0
100000064,230,123,107
100000065,153,446,-293
100000066,49,393,-344
100000067,286,306,-20
100000068,127,469,-342
100000069,70,632,-562
100000072,174,403,-229
100000073,340,458,-118
100000075,151,103,48
100000076,542,455,87
100000077,141,27,114
100000078,50,8,42
100000079,8,9,-1
100000080,4,5,-1
100000081,11,3,8
100000102,663,340,323
100000103,901,189,712
100000104,995,336,659
100000105,1285,180,1105
100000106,487,276,211
100000107,94,76,18
100000108,250,418,-168
100000109,986,415,571
100000116,291,141,150
100000117,5,10,-5
100000118,265,256,9
100000119,246,227,19
100000121,37,306,-269
100000122,303,271,32
100000123,1825,1507,318
100000124,3063,1615,1448
100000125,1256,433,823
100000126,281,76,205
100000127,767,130,637
100000128,454,360,94
100000129,204,168,36
100000130,178,236,-58
100000131,1334,939,395
100000132,544,444,100
100000133,2454,862,1592
100000135,117,269,-152
100000139,50,279,-229
100000140,37,91,-54
100000142,91,148,-57
100000143,716,471,245
100000144,1578,563,1015
100000147,306,720,-414
100000150,2,180,-178
100000151,104,163,-59
100000153,62,78,-16
100000154,16,34,-18
100000155,2,5,-3
100000156,8,37,-29
100000157,48,106,-58
100000158,9,64,-55
100000159,200,104,96
100000165,370,201,169
100000169,96,118,-22
100000174,408,103,305
100000179,48,275,-227
100000180,456,303,153
100000181,35,112,-77
100000188,17,98,-81
100000189,155,123,32
100000190,122,112,10
100000191,130,172,-42
100000192,18,31,-13
100000193,68,80,-12
100000330,461,141,320
100000355,120,210,-90
100000362,1886,1187,699
100000363,760,1193,-433
100000364,144,86,58
100000365,1256,2720,-1464
100000366,1794,956,838
100000367,831,1681,-850
100000368,929,537,392
100000369,120,369,-249
100000370,18,126,-108
100000376,25,25,0
100000379,729,292,437
100000380,1450,638,812
100000384,1826,646,1180
100000385,1399,855,544
100000386,2114,885,1229
100000387,1813,901,912
100000388,2878,973,1905
100000389,2383,928,1455
100000390,2930,719,2211
100000391,1748,868,880
100000392,1168,339,829
100000393,362,297,65
100000394,1544,684,860
100000395,588,331,257
100000396,1320,469,851
100000397,600,454,146
100000398,4338,2797,1541
100000413,2,0,2
100000414,85,59,26
100900002,1,13,-12
100900003,59,91,-32
100900004,12,395,-383
100900005,9,1,8
100900006,0,71,-71
100900007,49,1,48
100900008,2,193,-191
100900009,2,11,-9
100900010,5,37,-32
100900011,7,170,-163
100900012,2,138,-136
100900013,94,2,92
100900014,0,0,0
100900015,34,22,12
100900016,2,12,-10
100900017,155,10,145
100900018,0,2,-2
100900019,1,7,-6
100900020,46,2,44
100900021,311,0,311
100900022,0,1,-1
100900023,0,4,-4
100900024,90,0,90
100900025,1,3,-2
100900026,8,63,-55
100900027,123,591,-468
100900028,17,20,-3
100900029,36,0,36
100900030,0,3,-3
100900031,81,11,70
100900032,47,3,44
100900033,101,23,78
100900034,82,0,82
100900035,41,0,41
100900036,4,0,4
100900037,9,123,-114
100900038,22,8,14
100900039,82,352,-270
100900040,87,514,-427
100900041,29,432,-403
100900042,154,261,-107
100900043,0,0,0
100900044,848,59,789
100900045,8,0,8
100900046,280,4,276
100900047,193,15,178
100900048,14,0,14
100900049,2,112,-110
100900050,0,5,-5
100900051,7,9,-2
100900052,16,21,-5
100900053,31,7,24
100900054,0,54,-54
100900055,19,41,-22
100900056,16,20,-4
100900057,104,126,-22
100900058,29,20,9
100900059,17,0,17
100900060,30,13,17
100900061,126,75,51
100900062,2,24,-22
100900063,31,145,-114
100900064,127,7,120
100900065,5,13,-8
100900066,10,24,-14
100900067,0,0,0
100900068,2,55,-53
100900069,96,0,96
100900070,26,2,24
100900071,148,48,100
100900072,0,25,-25
100900073,24,271,-247
100900074,0,9,-9
100900075,1094,34,1060
100900076,5,5,0
100900077,1,33,-32
100900078,21,40,-19
100900079,0,20,-20
100900080,1,61,-60
100900081,1,14,-13
100900082,13,374,-361
100900083,1,14,-13
100900085,0,27,-27
100900086,16,92,-76
100900088,4,257,-253
100900089,1,12,-11
100900090,30,139,-109
100900091,0,3,-3
100900092,31,36,-5
100900093,28,34,-6
100900094,16,212,-196
100900095,0,9,-9
100900096,8,27,-19
100900097,0,0,0
100900098,7,27,-20
100900099,6,214,-208
100900100,0,53,-53
100900101,169,8,161
100900102,0,3,-3
100900103,0,16,-16
100900104,2,38,-36
100900105,0,16,-16
100900106,24,0,24
100900107,491,86,405
100900108,1,1,0
100900109,1,26,-25
100900110,0,8,-8
100900111,28,39,-11
100900112,0,0,0
100900113,0,6,-6
100900114,0,16,-16
100900115,1,4,-3
100900116,175,116,59
100900117,34,63,-29
100900118,6,22,-16
100900119,0,13,-13
100900120,0,2,-2
100900121,29,65,-36
100900122,61,61,0
100900123,4,15,-11
100900124,13,2,11
100900125,1,23,-22
100900126,7,38,-31
100900127,0,1,-1
100900128,24,38,-14
100900129,0,12,-12
100900131,18,22,-4
100900133,10,17,-7
100900134,0,1,-1
100900135,0,30,-30
100900137,139,33,106
100900138,81,46,35
100900139,0,3,-3
100900140,0,368,-368
100900141,0,47,-47
100900142,1,3,-2
100900143,347,77,270
100900144,3,1,2
100900145,9,28,-19
100900146,0,1,-1
100900147,8,50,-42
100900148,14,425,-411
100900149,7,23,-16
100900150,1,9,-8
100900151,34,254,-220
100900152,43,0,43
100900153,1,37,-36
100900154,6,3,3
100900155,1,2,-1
100900156,5,0,5
100900157,0,31,-31
100900159,0,3,-3
100900160,0,3,-3
100900161,44,0,44
100900162,0,49,-49
100900163,19,73,-54
100900164,3,5,-2
100900165,6,9,-3
100900166,6,0,6
100900167,1,32,-31
100900168,2,35,-33
100900169,68,686,-618
100900170,4,4,0
100900171,2,393,-391
100900172,0,1,-1
100900173,1,247,-246
100900174,5,10,-5
100900176,328,4,324
100900177,364,27,337
100900178,25,22,3
100900179,12,17,-5
100900180,1,1,0
100900181,10,11,-1
100900182,3,2,1
100900184,0,33,-33
100900186,364,144,220
100900187,1,93,-92
100900188,3,2,1
100900189,210,37,173
100900191,401,220,181
100900192,53,27,26
100900195,16,48,-32
100900197,0,12,-12
100900198,6,58,-52
100900199,1,3,-2
100900200,266,123,143
100900201,4,353,-349
100900202,0,0,0
100900203,0,22,-22
100900204,101,12,89
100900205,19,79,-60
100900206,4,5,-1
100900207,34,33,1
100900210,23,247,-224
100900211,57,6,51
100900213,5,0,5
100900214,293,51,242
100900215,1,4,-3
100900217,22,9,13
101000001,1186,743,443
101000002,1355,840,515
101000003,189,445,-256
101000004,3768,2161,1607
101000005,1652,1395,257
101000006,2769,2071,698
101000007,815,873,-58
101000009,365,899,-534
101000010,207,566,-359
101000011,723,164,559
101000012,615,94,521
101000013,105,162,-57
101000014,147,165,-18
101000015,244,327,-83
101000016,93,66,27
101000017,173,160,13
101000018,1459,787,672
101000020,1741,266,1475
101000021,299,64,235
101000022,2,1,1
101000023,584,306,278
101000025,32,81,-49
101000026,145,6,139
101000027,458,452,6
101000028,350,61,289
101000029,13,159,-146
101000030,144,21,123
101000031,49,49,0
101000032,1398,679,719
101000033,687,516,171
101000034,777,271,506
101000035,320,67,253
101000036,512,104,408
101000037,1481,294,1187
101000039,1044,223,821
101000040,1221,803,418
101000041,2231,714,1517
101000042,160,129,31
101000043,1483,650,833
101000045,161,75,86
101000046,535,257,278
101000047,396,341,55
101000048,145,250,-105
101000049,152,243,-91
101000050,308,140,168
101000051,365,316,49
101000052,559,140,419
101000053,295,248,47
101000054,458,225,233
101000055,555,333,222
101000056,20,14,6
101000057,699,223,476
101000058,637,184,453
101000059,947,467,480
101000060,848,90,758
101000061,350,237,113
101000062,418,109,309
101000063,230,85,145
101000064,622,116,506
101000065,82,75,7
101000066,79,83,-4
101000067,320,84,236
101000068,120,56,64
101000069,175,19,156
101000070,696,200,496
101000071,537,213,324
101000072,381,976,-595
101000073,202,165,37
101000074,1128,611,517
101000075,2144,1083,1061
101000077,413,521,-108
101000078,457,486,-29
101000079,225,591,-366
101000080,263,331,-68
101000081,364,343,21
101000082,1015,878,137
101000083,501,424,77
101000084,365,532,-167
101000085,398,380,18
101000086,612,479,133
101000087,418,593,-175
101000088,323,301,22
101000089,196,368,-172
101000090,868,639,229
101000091,120,708,-588
101000092,260,345,-85
101000093,337,218,119
101000094,193,437,-244
101000095,62,302,-240
101000096,129,216,-87
101000097,121,114,7
101000098,130,138,-8
101000099,439,471,-32
101000100,242,203,39
101000101,138,84,54
101000102,349,94,255
101000103,305,114,191
101000104,109,108,1
101000105,509,54,455
101000106,259,102,157
101000107,32,89,-57
101000108,580,114,466
101000109,45,26,19
101000110,3,264,-261
101000111,23,61,-38
101000113,48,120,-72
101000114,707,420,287
101000115,4,22,-18
101000116,8,9,-1
101000117,36,64,-28
101000119,25,6,19
101000120,76,3,73
101000121,11,4,7
101000122,12,22,-10
101000123,15,6,9
101000124,209,169,40
101000125,77,94,-17
101000128,143,114,29
101000130,104,93,11
101000131,156,200,-44
101000132,126,656,-530
101000135,28,3,25
101000136,46,17,29
101000137,20,61,-41
101000141,547,429,118
101000147,318,280,38
101000148,772,7,765
101000149,21,10,11
101000150,14,464,-450
101000151,13,49,-36
101000152,128,101,27
101000153,251,171,80
101000154,45,749,-704
101000155,46,47,-1
101000156,6,116,-110
101000157,29,5,24
101000160,0,11,-11
101000163,21,21,0
101000164,170,78,92
101000165,106,105,1
101000166,75,157,-82
101000168,165,106,59
101000252,263,264,-1
101000254,98,7,91
101000258,26,14,12
101000261,107,110,-3
101000262,187,370,-183
101000263,48,184,-136
101000265,7,122,-115
101000266,67,62,5
101000269,44,0,44
101000290,227,427,-200
101000293,7,20,-13
101000294,199,176,23
101000295,50,122,-72
101000301,288,29,259
101000304,662,896,-234
101000305,1042,527,515
101000328,35,113,-78
101900001,8,28,-20
101900002,0,12,-12
101900003,41,18,23
101900004,0,13,-13
101900005,1751,262,1489
101900006,181,33,148
101900007,120,10,110
101900008,39,30,9
101900009,13,64,-51
101900010,298,107,191
101900011,51,140,-89
101900012,13,29,-16
101900013,373,5,368
101900017,2,25,-23
101900018,613,33,580
101900019,35,27,8
101900020,48,12,36
101900021,1,8,-7
101900022,10,701,-691
101900023,8,171,-163
101900026,39,18,21
101900027,7,56,-49
102000001,629,1176,-547
102000002,836,410,426
102000003,1171,1124,47
102000004,2404,607,1797
102000005,461,666,-205
102000006,736,365,371
102000007,482,1352,-870
102000008,2714,565,2149
102000009,1878,2561,-683
102000010,2104,988,1116
102000011,857,851,6
102000012,1266,1252,14
102000018,975,742,233
102000019,1148,335,813
102000026,87,108,-21
102000029,125,44,81
102000030,28,44,-16
102000031,9,88,-79
102000032,63,158,-95
102000033,60,140,-80
102000034,104,97,7
102000035,251,132,119
102000036,0,65,-65
102000037,39,29,10
102000038,43,42,1
102000039,34,28,6
102000040,149,16,133
102000041,31,52,-21
102000042,31,33,-2
102000043,44,50,-6
102000044,98,149,-51
102000045,191,340,-149
102000046,292,135,157
102000047,220,308,-88
102000048,64,250,-186
102000049,219,170,49
102000050,319,353,-34
102000051,61,136,-75
102000052,327,249,78
102000053,190,257,-67
102000054,100,277,-177
102000055,177,466,-289
102000056,195,285,-90
102000057,303,159,144
102000058,441,729,-288
102000059,469,492,-23
102000060,342,321,21
102000061,379,967,-588
102000062,178,416,-238
102000063,374,490,-116
102000064,184,238,-54
102000065,6,22,-16
102000066,315,312,3
102000067,583,836,-253
102000068,3436,961,2475
102000069,9,719,-710
102000070,1003,17,986
102000071,2455,3284,-829
102000072,1586,1931,-345
102000073,60,264,-204
102000074,105,359,-254
102000075,9,142,-133
102000076,22,197,-175
102000077,152,718,-566
102000078,164,480,-316
102000079,24,126,-102
102000080,57,75,-18
102000081,148,280,-132
102000082,342,80,262
102000083,103,353,-250
102000084,48,161,-113
102000085,510,573,-63
102000086,300,322,-22
102000087,211,965,-754
102000088,91,115,-24
102000089,245,157,88
102000090,129,446,-317
102000091,436,198,238
102000092,157,258,-101
102000093,201,171,30
102000094,296,180,116
102000095,309,244,65
102000096,207,202,5
102000097,362,207,155
102000098,168,303,-135
102000099,187,147,40
102000100,233,169,64
102000101,257,149,108
102000102,92,418,-326
102000103,370,89,281
102000104,381,123,258
102000105,41,374,-333
102000106,151,366,-215
102000107,218,142,76
102000108,130,78,52
102000109,66,217,-151
102000110,202,690,-488
102000111,5,110,-105
102000112,56,23,33
102000113,1,25,-24
102000114,326,83,243
102000115,92,65,27
102000116,42,67,-25
102000117,41,157,-116
102000118,660,362,298
102000119,1215,139,1076
102000120,31,117,-86
102000121,176,184,-8
102000122,63,151,-88
102000123,373,253,120
102000124,262,238,24
102000125,271,192,79
102000126,129,146,-17
102000127,272,163,109
102000128,134,327,-193
102000129,234,309,-75
102000130,108,180,-72
102000131,149,207,-58
102000132,66,84,-18
102000133,368,968,-600
102000134,132,202,-70
102000135,440,178,262
102000136,367,80,287
102000137,167,237,-70
102000138,71,81,-10
102000139,14,75,-61
102000140,85,96,-11
102000141,28,232,-204
102000142,73,150,-77
102000143,18,135,-117
102000144,28,156,-128
102000145,61,142,-81
102000146,82,115,-33
102000147,108,77,31
102000148,71,52,19
102000149,40,222,-182
102000150,83,46,37
102000151,17,134,-117
102000152,33,42,-9
102000153,111,70,41
102000154,132,199,-67
102000155,37,86,-49
102000156,119,15,104
102000157,8,61,-53
102000158,123,49,74
102000159,501,34,467
102000161,1226,304,922
102000162,52,26,26
102000163,22,100,-78
102000164,234,127,107
102000165,131,36,95
102000166,24,56,-32
102000167,72,74,-2
102000168,59,40,19
102000169,21,105,-84
102000170,274,22,252
102000171,42,29,13
102000172,14,64,-50
102000173,114,75,39
102000174,12,17,-5
102000175,13,58,-45
102000176,11,17,-6
102000178,65,254,-189
102000179,99,73,26
102000180,104,224,-120
102000181,91,335,-244
102000182,90,302,-212
102000183,316,793,-477
102000184,279,416,-137
102000185,421,697,-276
102000186,199,923,-724
102000187,119,919,-800
102000188,192,605,-413
102000189,1274,354,920
102000190,197,566,-369
102000191,505,147,358
102000192,249,413,-164
102000193,8,100,-92
102000194,9,58,-49
102000195,73,217,-144
102000196,33,200,-167
102000197,101,292,-191
102000198,27,298,-271
102000199,93,168,-75
102000200,47,406,-359
102000201,110,171,-61
102000202,2,63,-61
102000203,48,116,-68
102000204,71,349,-278
102000205,206,229,-23
102000206,144,252,-108
102000207,127,143,-16
102000208,73,177,-104
102000209,4,36,-32
102000210,60,284,-224
102000211,31,221,-190
102000212,9,9,0
102000213,3,135,-132
102000214,23,8,15
102000215,1,272,-271
102000216,12,3,9
102000217,2,111,-109
102000218,41,11,30
102000219,142,195,-53
102000225,415,236,179
102000226,382,48,334
102000227,28,0,28
102000228,0,32,-32
102000229,8,3,5
102000230,62,221,-159
102000231,88,123,-35
102000232,2,67,-65
102000233,119,156,-37
102000234,32,530,-498
102000236,168,19,149
102000237,141,54,87
102000238,60,99,-39
102000240,367,199,168
102000241,69,26,43
102000243,1,18,-17
102000245,2,57,-55
102000246,0,6,-6
102000247,409,252,157
102000248,212,227,-15
102000249,31,45,-14
102000250,24,182,-158
102000254,7,176,-169
102000266,23,37,-14
102000271,2,0,2
102000286,152,124,28
102000297,441,236,205
102000305,0,0,0
102000307,1,6,-5
102000316,31,73,-42
102900001,381,333,48
102900002,149,9,140
102900003,9,102,-93
102900005,82,142,-60
102900006,118,60,58
102900007,88,2,86
102900008,38,19,19
102900009,101,26,75
102900010,288,164,124
102900011,837,112,725
102900012,109,11,98
102900013,2,15,-13
102900015,161,64,97
102900016,15,45,-30
102900017,33,260,-227
102900018,2,94,-92
102900019,84,105,-21
102900020,31,12,19
102900021,5,26,-21
102900022,77,20,57
102900023,8,27,-19
102900024,4,25,-21
102900025,77,39,38
102900026,149,381,-232
102900027,12,13,-1
102900028,5,100,-95
102900029,25,27,-2
102900030,56,37,19
102900031,28,71,-43
102900032,3,68,-65
102900033,12,46,-34
102900034,65,76,-11
102900035,27,190,-163
102900036,43,274,-231
102900037,22,353,-331
102900038,72,163,-91
102900039,1,80,-79
102900040,32,69,-37
102900041,11,52,-41
102900042,37,102,-65
102900043,30,138,-108
102900044,103,792,-689
102900045,21,252,-231
102900046,12,174,-162
102900047,20,355,-335
102900048,118,236,-118
102900049,18,142,-124
102900050,41,111,-70
102900051,33,63,-30
102900053,70,368,-298
102900054,285,175,110
102900055,5,39,-34
102900056,32,163,-131
102900057,0,13,-13
102900058,102,10,92
102900059,3,15,-12
102900060,10,124,-114
102900061,24,189,-165
102900062,22,664,-642
102900063,179,173,6
102900064,62,169,-107
102900065,629,264,365
102900066,61,10,51
102900068,8,35,-27
102900070,32,282,-250
102900072,3,8,-5
102900073,26,1,25
102900075,3,10,-7
102900076,70,17,53
102900077,4,7,-3
102900078,9,26,-17
102900079,53,2,51
102900080,56,9,47
102900081,16,68,-52
102900082,3,88,-85
102900083,112,0,112
102900084,0,4,-4
102900085,17,14,3
102900086,0,2,-2
102900087,12,40,-28
102900088,2,9,-7
102900089,112,43,69
102900090,2,149,-147
102900091,23,1,22
102900092,21,318,-297
102900094,0,20,-20
102900095,59,0,59
102900096,7,10,-3
102900097,1,48,-47
103000001,833,1170,-337
103000002,680,857,-177
103000003,1147,1104,43
103000004,264,231,33
103000005,621,965,-344
103000006,279,538,-259
103000007,218,339,-121
103000008,309,472,-163
103000009,221,304,-83
103000010,86,80,6
103000011,629,318,311
103000012,338,484,-146
103000013,2427,830,1597
103000014,457,470,-13
103000015,1033,412,621
103000016,248,304,-56
103000017,60,91,-31
103000018,407,116,291
103000019,43,55,-12
103000020,612,600,12
103000021,365,510,-145
103000022,434,673,-239
103000023,180,422,-242
103000024,63,63,0
103000025,23,79,-56
103000026,640,28,612
103000027,106,72,34
103000028,171,54,117
103000029,102,60,42
103000030,868,228,640
103000031,706,413,293
103000032,926,716,210
103000033,918,921,-3
103000034,617,237,380
103000035,102,382,-280
103000036,143,147,-4
103000037,243,98,145
103000038,189,222,-33
103000039,62,269,-207
103000040,81,558,-477
103000041,772,1379,-607
103000042,323,296,27
103000043,100,530,-430
103000044,40,97,-57
103000046,86,85,1
103000047,163,259,-96
103000048,46,84,-38
103000049,43,42,1
103000050,148,282,-134
103000051,86,118,-32
103000052,204,230,-26
103000053,33,113,-80
103000054,511,369,142
103000055,568,574,-6
103000056,160,1078,-918
103000057,159,125,34
103000058,127,437,-310
103000059,160,352,-192
103000060,372,240,132
103000061,122,288,-166
103000062,334,346,-12
103000063,224,300,-76
103000064,42,139,-97
103000065,2,179,-177
103000066,36,6,30
103000069,64,177,-113
103000070,212,460,-248
103000071,223,119,104
103000072,33,498,-465
103000073,104,34,70
103000074,156,34,122
103000075,54,425,-371
103000076,37,53,-16
103000077,13,119,-106
103000078,349,94,255
103000079,719,176,543
103000080,221,43,178
103000081,103,210,-107
103000082,138,40,98
103000083,26,177,-151
103000084,32,3,29
103000085,1,28,-27
103000086,215,70,145
103000087,36,107,-71
103000088,150,110,40
103000089,47,131,-84
103000090,523,478,45
103000091,198,202,-4
103000092,82,77,5
103000093,180,253,-73
103000094,58,31,27
103000095,10,216,-206
103000096,217,20,197
103000097,6,256,-250
103000098,182,29,153
103000099,42,221,-179
103000100,24,393,-369
103000101,154,53,101
103000102,27,324,-297
103000103,100,80,20
103000104,12,87,-75
103000105,20,56,-36
103000106,0,55,-55
103000107,159,25,134
103000108,317,317,0
103000109,135,168,-33
103000110,168,191,-23
103000111,192,165,27
103000112,103,124,-21
103000113,116,274,-158
103000114,370,105,265
103000115,159,253,-94
103000116,171,248,-77
103000117,91,260,-169
103000118,400,479,-79
103000119,1068,409,659
103000120,9,41,-32
103000121,83,180,-97
103000122,77,89,-12
103000125,1,263,-262
103000126,91,2,89
103000127,3,137,-134
103000128,56,2,54
103000129,0,78,-78
103000130,11,2,9
103000131,95,32,63
103000132,45,12,33
103000133,1,88,-87
103000134,231,114,117
103000135,236,52,184
103000136,231,136,95
103000137,213,167,46
103000138,278,210,68
103000139,1,24,-23
103000140,55,1,54
103000141,6,38,-32
103000142,25,8,17
103000143,20,63,-43
103000144,49,28,21
103000145,4,12,-8
103000150,22,17,5
103000152,121,91,30
103000153,114,62,52
103000156,2,281,-279
103000157,130,1,129
103000159,23,16,7
103000162,47,8,39
103000163,1,4,-3
103000164,1,10,-9
103000165,62,162,-100
103000166,22,64,-42
103000167,52,55,-3
103000168,19,79,-60
103000169,53,112,-59
103000170,226,208,18
103000171,12,12,0
103000172,37,139,-102
103000173,80,256,-176
103000174,58,121,-63
103000175,84,339,-255
103000176,239,74,165
103000177,245,192,53
103000178,148,93,55
103000179,18,8,10
103000183,20,25,-5
103000185,13,36,-23
103000186,29,98,-69
103000187,93,288,-195
103000188,3,31,-28
103000189,340,478,-138
103000191,150,224,-74
103000292,1347,284,1063
103000293,497,275,222
103000295,41,40,1
103000296,43,2,41
103000297,4,1,3
103000504,88,8,80
103000505,5,7,-2
103000506,1,130,-129
103000507,52,1,51
103000508,22,7,15
103000509,105,197,-92
103900001,0,119,-119
103900002,719,38,681
103900003,455,9,446
103900004,4,0,4
103900005,0,101,-101
103900006,0,0,0
103900007,0,0,0
103900008,0,0,0
103900009,63,66,-3
103900010,58,74,-16
103900011,26,111,-85
103900012,2,1,1
103900013,1,20,-19
103900014,3,11,-8
103900015,13,4,9
103900016,74,148,-74
103900017,5,20,-15
103900018,161,63,98
103900019,5,35,-30
103900020,25,83,-58
103900021,240,15,225
103900022,152,165,-13
103900023,23,0,23
103900024,21,236,-215
103900025,3,14,-11
103900026,4,0,4
103900027,62,75,-13
103900028,1,85,-84
103900029,223,69,154
103900030,25,8,17
103900031,2,4,-2
103900032,5,6,-1
103900033,3,1,2
103900034,3,63,-60
103900035,12,28,-16
103900036,8,6,2
103900037,8,10,-2
103900038,7,25,-18
103900039,15,226,-211
103900040,3,78,-75
103900041,9,7,2
103900042,21,294,-273
103900043,17,45,-28
103900044,50,25,25
103900045,33,67,-34
103900047,6,17,-11
103900048,9,2,7
103900049,61,394,-333
103900050,1,35,-34
103900051,0,15,-15
103900052,59,247,-188
103900053,24,346,-322
103900054,9,303,-294
103900055,58,57,1
103900056,5,13,-8
103900057,1,182,-181
103900058,34,296,-262
103900059,0,1,-1
103900060,4,89,-85
103900061,18,46,-28
103900062,17,20,-3
103900063,1,0,1
103900064,7,0,7
103900065,224,92,132
103900066,20,2,18
103900067,14,0,14
103900068,0,0,0
103900069,0,1,-1
103900070,52,103,-51
103900071,7,65,-58
103900072,4,123,-119
103900073,1,4,-3
103900074,4,57,-53
103900075,16,41,-25
103900076,104,332,-228
103900077,28,9,19
103900078,8,31,-23
103900079,16,70,-54
103900080,1,4,-3
103900081,34,4,30
103900082,2,56,-54
103900083,956,109,847
103900084,4,35,-31
103900085,51,31,20
103900086,76,81,-5
103900088,109,66,43
103900089,13,52,-39
103900090,0,72,-72
103900091,232,61,171
103900092,100,174,-74
103900093,28,251,-223
103900094,0,87,-87
103900095,57,31,26
103900096,6,236,-230
103900097,1,230,-229
103900098,41,16,25
103900099,4,116,-112
103900100,12,100,-88
103900101,40,262,-222
103900102,0,12,-12
103900104,0,5,-5
103900105,26,31,-5
103900106,0,25,-25
103900107,9,80,-71
103900108,5,191,-186
103900109,9,27,-18
103900110,28,7,21
103900111,14,287,-273
103900112,5,17,-12
103900113,38,62,-24
103900114,196,114,82
103900115,56,28,28
103900116,1407,213,1194
103900117,138,37,101
103900119,7,8,-1
103900120,7,44,-37
103900122,1,112,-111
103900123,314,97,217
103900124,7,304,-297
103900125,20,33,-13
103900126,60,205,-145
103900127,19,291,-272
103900128,13,87,-74
103900131,0,37,-37
103900133,220,3,217
103900134,0,0,0
103900135,1,1,0
103900137,0,25,-25
103900138,10,147,-137
103900139,232,311,-79
103900140,0,7,-7
103900141,62,49,13
103900142,28,55,-27
103900143,3,1,2
103900144,0,16,-16
103900145,40,141,-101
103900146,62,145,-83
103900147,84,36,48
103900148,49,54,-5
103900149,26,254,-228
103900150,2427,456,1971
103900151,3,41,-38
103900152,68,278,-210
103900153,0,0,0
103900154,238,208,30
103900155,8,90,-82
103900156,2,51,-49
103900157,4,59,-55
103900158,3,58,-55
103900159,10,23,-13
103900160,9,1,8
103900161,11,68,-57
103900162,14,91,-77
103900163,2,134,-132
103900167,0,14,-14
103900168,11,34,-23
103900169,2,8,-6
103900170,2,37,-35
103900171,0,23,-23
103900172,4,20,-16
103900173,0,2,-2
103900174,7,17,-10
103900175,3,4,-1
103900176,3,7,-4
103900177,0,15,-15
103900178,5,17,-12
103900179,3,58,-55
103900180,0,43,-43
103900181,24,5,19
103900182,4,0,4
103900184,182,5,177
103900185,51,32,19
103900187,5,8,-3
103900188,15,2,13
103900189,8,0,8
103900190,8,16,-8
103900191,4,13,-9
103900192,12,18,-6
103900193,23,29,-6
103900194,11,123,-112
103900195,0,5,-5
103900196,2,2,0
103900197,0,6,-6
103900198,4,17,-13
103900199,22,36,-14
103900200,49,67,-18
103900201,15,83,-68
103900202,1,11,-10
103900203,4,4,0
103900204,1,43,-42
103900207,0,44,-44
103900208,17,0,17
103900209,3,42,-39
103900210,2,12,-10
103900211,30,227,-197
103900212,6,227,-221
103900213,54,128,-74
103900214,130,46,84
103900215,292,138,154
103900216,1,20,-19
103900217,53,2,51
103900218,7,55,-48
103900219,16,123,-107
103900233,6,0,6
103900235,6,6,0
103900236,3,0,3
103900242,0,3,-3
103900243,1,2,-1
103900244,8,125,-117
103900245,13,107,-94
103900246,20,5,15
103900247,10,47,-37
103900248,3,4,-1
103900249,1,3,-2
103900250,2,7,-5
103900251,0,10,-10
103900253,2,6,-4
103900254,1,2,-1
103900255,9,2,7
103900256,14,4,10
103900257,35,33,2
103900258,12,0,12
103900259,1,0,1
103900261,1,0,1
103900262,4,0,4
103900263,10,14,-4
103900264,33,1,32
103900265,10,0,10
103900266,1,13,-12
103900267,8,16,-8
103900268,14,49,-35
103900269,76,33,43
103900270,8,60,-52
103900271,63,79,-16
103900272,0,4,-4
103900273,1,3,-2
103900274,2,0,2
103900275,2,0,2
103900277,0,8,-8
103900278,26,16,10
103900279,22,0,22
103900280,0,26,-26
103900281,6,2,4
103900282,8,3,5
103900283,19,1,18
103900284,1,1,0
103900285,6,3,3
103900286,12,11,1
103900287,3,10,-7
103900288,55,27,28
103900289,192,8,184
103900290,109,12,97
103900291,24,10,14
103900292,85,22,63
103900293,1,28,-27
103900294,0,114,-114
104000001,816,1177,-361
104000002,697,1091,-394
104000003,841,1266,-425
104000004,1321,1095,226
104000005,492,913,-421
104000006,1201,1499,-298
104000007,1426,1341,85
104000008,164,369,-205
104000009,83,108,-25
104000010,21,86,-65
104000011,308,247,61
104000012,40,248,-208
104000013,21,59,-38
104000014,86,417,-331
104000015,59,56,3
104000016,113,221,-108
104000018,153,74,79
104000019,130,61,69
104000020,55,425,-370
104000021,54,299,-245
104000022,46,150,-104
104000023,212,157,55
104000024,73,167,-94
104000026,36,108,-72
104000027,100,267,-167
104000028,133,146,-13
104000029,209,347,-138
104000030,45,153,-108
104000031,183,94,89
104000032,79,169,-90
104000033,116,124,-8
104000034,98,192,-94
104000035,194,191,3
104000036,198,280,-82
104000037,105,215,-110
104000038,108,186,-78
104000039,39,239,-200
104000040,197,246,-49
104000041,233,135,98
104000042,121,253,-132
104000043,93,183,-90
104000044,87,428,-341
104000045,280,722,-442
104000046,559,791,-232
104000047,265,615,-350
104000048,440,996,-556
104000049,167,153,14
104000050,80,257,-177
104000051,44,411,-367
104000052,486,645,-159
104000053,361,446,-85
104000054,134,116,18
104000055,1614,1325,289
104000056,676,158,518
104000057,88,309,-221
104000058,256,367,-111
104000059,138,575,-437
104000060,216,508,-292
104000061,576,600,-24
104000062,101,166,-65
104000064,328,146,182
104000065,34,135,-101
104000069,482,255,227
104000070,14,79,-65
104000071,103,217,-114
104000072,387,216,171
104000075,20,93,-73
104000076,92,6,86
104000082,830,931,-101
104000083,300,117,183
104000084,41,175,-134
104000085,109,95,14
104000086,48,208,-160
104000087,114,297,-183
104000090,146,655,-509
104000092,204,1273,-1069
104000094,277,1112,-835
104000095,655,696,-41
104000096,256,204,52
104000097,365,472,-107
104000098,424,569,-145
104000100,365,235,130
104000101,441,1214,-773
104000106,88,271,-183
104000107,186,214,-28
104000108,100,204,-104
104000109,87,9,78
104000110,325,354,-29
104000111,1772,515,1257
104000112,514,269,245
104000116,1,641,-640
104000117,30,423,-393
104000118,101,89,12
104000119,157,104,53
104000120,40,369,-329
104000121,48,256,-208
104000122,161,271,-110
104000123,340,611,-271
104000124,501,1189,-688
104000125,1915,913,1002
104000126,59,195,-136
104000127,789,2062,-1273
104000128,299,169,130
104000129,124,18,106
104000130,5,75,-70
104000131,552,428,124
104000132,472,740,-268
104000133,569,384,185
104000134,276,542,-266
104000135,152,311,-159
104000136,252,540,-288
104000137,628,74,554
104000138,630,213,417
104000139,2806,1362,1444
104000141,630,1017,-387
104000142,345,708,-363
104000143,183,463,-280
104000144,33,66,-33
104000145,137,56,81
104000146,201,297,-96
104000147,45,154,-109
104000148,50,52,-2
104000149,108,203,-95
104000150,213,177,36
104000151,126,363,-237
104000152,147,539,-392
104000153,42,182,-140
104000154,526,334,192
104000155,94,176,-82
104000157,529,983,-454
104000158,70,99,-29
104000159,147,115,32
104000160,614,469,145
104000161,70,48,22
104000162,17,56,-39
104000165,595,377,218
104000167,143,170,-27
104000168,145,2,143
104000169,6,19,-13
104000170,279,84,195
104000248,24,365,-341
104000251,21,174,-153
104000272,0,0,0
104000273,0,0,0
104000274,0,0,0
104000275,0,0,0
104000279,1343,371,972
104000290,17,160,-143
104000291,399,530,-131
104000293,263,335,-72
104000294,1,0,1
104000295,145,344,-199
104000296,118,365,-247
104000297,503,738,-235
104000298,1116,577,539
104000299,259,533,-274
104000302,85,105,-20
104000303,119,120,-1
104900001,28,161,-133
104900002,13,22,-9
104900003,11,191,-180
104900004,16,144,-128
104900005,34,62,-28
104900006,38,24,14
104900007,33,111,-78
104900009,20,176,-156
104900010,9,1,8
104900011,0,2,-2
104900012,36,1,35
104900013,10,0,10
104900014,1786,103,1683
104900015,22,1,21
104900016,31,159,-128
104900017,5,100,-95
104900018,3,96,-93
104900019,70,422,-352
104900020,16,130,-114
104900021,0,76,-76
104900022,0,50,-50
104900023,0,47,-47
104900024,2,60,-58
104900025,15,164,-149
104900026,0,66,-66
104900027,60,77,-17
104900028,10,56,-46
104900029,8,20,-12
104900030,102,107,-5
104900031,57,63,-6
104900032,45,63,-18
104900033,9,38,-29
104900034,29,22,7
104900035,48,13,35
104900036,43,18,25
104900037,18,124,-106
104900038,143,63,80
104900039,285,18,267
104900040,31,19,12
104900041,63,16,47
104900042,60,201,-141
104900043,4,6,-2
104900044,79,47,32
104900045,56,9,47
104900046,12,20,-8
104900047,41,57,-16
104900048,55,29,26
104900049,2,0,2
104900050,20,20,0
104900051,9,19,-10
104900052,0,0,0
104900053,55,15,40
104900054,40,10,30
104900055,4,0,4
104900056,25,0,25
104900057,2,0,2
104900058,75,44,31
104900059,2,8,-6
104900061,113,236,-123
104900063,7,50,-43
104900064,0,43,-43
104900065,0,40,-40
104900066,0,68,-68
104900067,1,68,-67
104900068,0,128,-128
104900070,17,137,-120
104900071,0,411,-411
104900072,11,130,-119
104900073,11,81,-70
104900074,7,103,-96
104900075,7,44,-37
104900076,20,230,-210
104900077,331,14,317
104900078,31,456,-425
104900079,44,29,15
104900080,13,370,-357
104900082,2,158,-156
104900085,3,123,-120
104900089,12,0,12
104900091,112,394,-282
104900093,63,175,-112
104900097,1366,436,930
104900098,5,15,-10
104900099,9,110,-101
104900100,312,54,258
104900102,4,73,-69
104900103,106,43,63
104900106,6,83,-77
104900107,10,139,-129
104900108,9,99,-90
104900109,9,37,-28
104900110,5,19,-14
104900111,39,27,12
104900112,41,396,-355
104900113,152,170,-18
104900114,90,246,-156
104900115,112,304,-192
104900116,23,92,-69
104900118,3,35,-32
104900119,0,17,-17
104900120,38,7,31
104900121,0,47,-47
104900122,0,41,-41
104900123,1,0,1
104900124,2,0,2
104900125,120,38,82
104900126,28,16,12
104900127,7,8,-1
104900128,16,26,-10
104900129,815,300,515
105000001,967,1038,-71
105000002,848,979,-131
105000003,1065,1775,-710
105000004,235,443,-208
105000005,182,486,-304
105000006,471,651,-180
105000007,257,611,-354
105000008,183,736,-553
105000009,400,912,-512
105000010,1284,1199,85
105000011,687,775,-88
105000012,1654,1559,95
105000013,262,359,-97
105000014,476,673,-197
105000015,2431,1808,623
105000016,1115,631,484
105000017,673,423,250
105000018,452,417,35
105000019,391,409,-18
105000020,33,133,-100
105000021,118,75,43
105000022,29,14,15
105000023,120,71,49
105000028,22,74,-52
105000029,179,283,-104
105000030,2006,1618,388
105000031,0,6,-6
105000033,465,1177,-712
105000034,32,219,-187
105000037,233,242,-9
105000038,471,340,131
105000039,1175,822,353
105000040,197,205,-8
105000041,184,645,-461
105000042,662,348,314
105000043,654,959,-305
105000044,105,126,-21
105000045,128,479,-351
105000046,198,189,9
105000047,161,660,-499
105000048,136,108,28
105000049,135,470,-335
105000050,129,154,-25
105000051,93,341,-248
105000052,133,463,-330
105000053,44,111,-67
105000054,70,398,-328
105000055,114,204,-90
105000056,192,1112,-920
105000057,390,490,-100
105000058,546,701,-155
105000059,160,159,1
105000060,218,318,-100
105000061,127,145,-18
105000062,373,590,-217
105000063,156,397,-241
105000064,230,228,2
105000065,137,629,-492
105000066,325,1251,-926
105000067,212,207,5
105000068,207,431,-224
105000069,1145,197,948
105000070,395,475,-80
105000071,97,173,-76
105000072,353,383,-30
105000073,296,148,148
105000074,329,469,-140
105000075,259,318,-59
105000076,472,421,51
105000077,654,310,344
105000078,446,410,36
105000079,580,915,-335
105000080,469,324,145
105000081,355,409,-54
105000082,198,190,8
105000083,260,235,25
105000084,199,501,-302
105000085,482,411,71
105000086,231,487,-256
105000087,1054,1013,41
105000088,523,441,82
105000089,1069,1044,25
105000090,363,348,15
105000091,762,700,62
105000092,229,584,-355
105000093,147,73,74
105000094,75,62,13
105000095,31,165,-134
105000096,391,230,161
105000097,468,350,118
105000098,189,160,29
105000099,265,420,-155
105000100,283,527,-244
105000101,622,870,-248
105000102,563,701,-138
105000103,489,876,-387
105000104,414,518,-104
105000105,289,676,-387
105000106,211,543,-332
105000107,169,374,-205
105000108,334,790,-456
105000109,333,620,-287
105000110,165,372,-207
105000111,191,210,-19
105000112,260,366,-106
105000113,71,200,-129
105000114,1629,369,1260
105000115,148,249,-101
105000116,144,161,-17
105000117,317,585,-268
105000118,59,172,-113
105000119,145,437,-292
105000120,131,230,-99
105000121,218,472,-254
105000122,78,121,-43
105000123,389,665,-276
105000124,362,496,-134
105000125,200,731,-531
105000126,517,854,-337
105000127,645,800,-155
105000128,130,537,-407
105000129,203,156,47
105000130,16,363,-347
105000131,127,152,-25
105000132,211,132,79
105000133,74,451,-377
105000134,155,214,-59
105000135,135,286,-151
105000136,26,145,-119
105000137,113,95,18
105000138,88,169,-81
105000139,252,625,-373
105000140,115,102,13
105000141,42,285,-243
105000142,35,124,-89
105000143,39,236,-197
105000144,102,272,-170
105000145,95,189,-94
105000146,198,227,-29
105000147,109,137,-28
105000148,239,241,-2
105000149,394,347,47
105000150,582,600,-18
105000151,65,105,-40
105000152,62,302,-240
105000153,166,154,12
105000154,310,411,-101
105000155,137,139,-2
105000156,179,459,-280
105000157,361,980,-619
105000158,619,301,318
105000159,141,687,-546
105000160,611,276,335
105000161,253,1019,-766
105000162,118,429,-311
105000163,537,586,-49
105000164,82,147,-65
105000165,726,1329,-603
105000166,3444,128,3316
105000167,1100,537,563
105000168,61,448,-387
105000169,104,172,-68
105000170,17,527,-510
105000171,415,137,278
105000172,10,23,-13
105000173,38,9,29
105000174,7,9,-2
105000175,23,79,-56
105000176,15,43,-28
105000177,36,35,1
105000178,15,170,-155
105000179,51,47,4
105000180,19,41,-22
105000181,4,118,-114
105000182,28,35,-7
105000183,903,476,427
105000184,545,257,288
105000185,397,141,256
105000186,194,499,-305
105000187,359,130,229
105000188,112,21,91
105000189,30,291,-261
105000190,34,111,-77
105000191,91,267,-176
105000192,38,36,2
105000193,26,53,-27
105000194,50,30,20
105000195,74,424,-350
105000196,26,26,0
105000197,41,334,-293
105000198,153,79,74
105000199,42,58,-16
105000200,41,84,-43
105000201,23,13,10
105000203,5,111,-106
105000204,54,73,-19
105000205,41,90,-49
105000207,165,86,79
105000208,44,91,-47
105000209,54,173,-119
105000211,30,6,24
105000212,280,600,-320
105000213,67,46,21
105000214,27,85,-58
105000215,31,116,-85
105000216,39,131,-92
105000217,41,133,-92
105000218,170,374,-204
105000221,46,147,-101
105000222,14,23,-9
105000223,38,95,-57
105000226,11,95,-84
105000227,6,50,-44
105000228,40,234,-194
105000229,41,139,-98
105000231,31,82,-51
105000233,257,225,32
105000234,256,532,-276
105000235,72,182,-110
105000237,150,21,129
105000243,8,16,-8
105000248,25,30,-5
105000262,66,896,-830
105000269,29,57,-28
105000270,62,55,7
105000271,0,120,-120
105000282,36,11,25
105000287,106,40,66
105000288,88,152,-64
105000289,254,273,-19
105000290,4,1,3
105000402,1887,508,1379
105000426,137,241,-104
105000438,182,220,-38
105000440,4,9,-5
105000446,4122,1753,2369
105000447,2195,1013,1182
105000454,95,442,-347
105000455,97,61,36
105000474,0,0,0
105000477,25,142,-117
105000478,382,658,-276
105000479,22,40,-18
105000480,493,818,-325
105000481,922,747,175
105000482,2028,1139,889
105000483,424,463,-39
105000484,822,1064,-242
105000485,343,634,-291
105000486,920,944,-24
105000488,873,1006,-133
105000489,194,319,-125
105000549,10,28,-18
105000550,259,409,-150
105000551,16,39,-23
105000552,1721,900,821
105000555,442,349,93
105000556,11,5,6
105000557,7,146,-139
105900001,4,419,-415
105900002,780,100,680
105900003,15,36,-21
105900004,150,38,112
105900005,0,116,-116
105900006,6,13,-7
105900007,10,6,4
105900008,9,335,-326
105900009,2,7,-5
105900011,35,21,14
105900012,96,98,-2
105900013,0,6,-6
105900014,2,48,-46
105900015,31,159,-128
105900016,30,349,-319
105900017,146,15,131
105900018,59,122,-63
105900019,15,282,-267
105900020,7,31,-24
105900021,5,149,-144
105900022,10,117,-107
105900023,1,62,-61
105900024,8,65,-57
105900025,11,31,-20
105900026,46,7,39
105900027,1792,1133,659
105900028,9,72,-63
105900029,690,113,577
105900030,45,115,-70
105900031,109,76,33
105900032,21,50,-29
105900033,4,52,-48
105900034,54,66,-12
105900035,56,81,-25
105900036,2,44,-42
105900037,29,38,-9
105900038,40,176,-136
105900039,9,83,-74
105900040,26,43,-17
105900041,94,149,-55
105900042,10,58,-48
105900043,656,14,642
105900044,2,55,-53
105900045,2,214,-212
105900046,4,68,-64
105900047,0,17,-17
105900048,19,186,-167
105900050,838,172,666
105900051,2,618,-616
105900052,103,17,86
105900053,1576,303,1273
105900054,108,91,17
105900056,503,49,454
105900057,5,68,-63
105900058,1,16,-15
105900059,0,9,-9
106000001,828,335,493
106000002,726,1271,-545
106000003,1245,904,341
106000004,1056,849,207
106000005,742,1753,-1011
106000006,1986,1736,250
106000007,234,184,50
106000008,279,223,56
106000009,197,134,63
106000010,181,275,-94
106000011,232,414,-182
106000012,249,874,-625
106000013,513,732,-219
106000014,780,1019,-239
106000015,399,420,-21
106000016,448,1256,-808
106000017,335,313,22
106000018,210,386,-176
106000019,93,211,-118
106000020,91,290,-199
106000021,93,231,-138
106000022,108,243,-135
106000023,173,192,-19
106000024,151,605,-454
106000025,63,72,-9
106000026,78,303,-225
106000027,261,383,-122
106000028,282,545,-263
106000029,372,828,-456
106000030,260,97,163
106000034,61,195,-134
106000035,203,358,-155
106000036,152,83,69
106000037,506,772,-266
106000038,84,41,43
106000039,47,25,22
106000040,67,293,-226
106000041,392,126,266
106000043,152,24,128
106000046,110,17,93
106000047,7,187,-180
106000049,115,54,61
106000050,93,365,-272
106000051,135,201,-66
106000052,27,309,-282
106000053,37,53,-16
106000054,98,259,-161
106000055,73,47,26
106000056,97,332,-235
106000057,107,33,74
106000058,51,100,-49
106000059,43,95,-52
106000060,185,352,-167
106000061,73,120,-47
106000062,77,339,-262
106000063,202,209,-7
106000064,13,206,-193
106000065,71,35,36
106000066,27,171,-144
106000067,55,33,22
106000068,27,345,-318
106000069,43,38,5
106000070,64,323,-259
106000071,109,107,2
106000072,1951,512,1439
106000073,580,679,-99
106000074,130,239,-109
106000075,82,401,-319
106000076,334,605,-271
106000077,833,445,388
106000078,155,361,-206
106000079,160,380,-220
106000080,273,420,-147
106000081,157,306,-149
106000082,630,431,199
106000083,79,298,-219
106000084,187,261,-74
106000085,330,326,4
106000086,133,242,-109
106000087,143,261,-118
106000088,102,299,-197
106000089,188,215,-27
106000090,64,257,-193
106000091,106,281,-175
106000092,139,63,76
106000093,63,27,36
106000094,35,249,-214
106000095,117,701,-584
106000096,132,297,-165
106000097,215,807,-592
106000098,152,467,-315
106000099,65,420,-355
106000100,188,135,53
106000101,255,129,126
106000102,20,257,-237
106000103,63,348,-285
106000104,189,179,10
106000105,166,521,-355
106000106,126,197,-71
106000107,42,380,-338
106000108,97,175,-78
106000109,33,247,-214
106000110,49,83,-34
106000111,31,296,-265
106000112,53,129,-76
106000113,561,335,226
106000114,234,113,121
106000115,73,314,-241
106000116,100,92,8
106000117,354,447,-93
106000118,306,380,-74
106000119,1217,423,794
106000120,185,315,-130
106000121,28,124,-96
106000122,15,137,-122
106000123,89,186,-97
106000124,6,155,-149
106000125,6,216,-210
106000126,44,96,-52
106000127,41,387,-346
106000128,142,156,-14
106000129,163,369,-206
106000130,204,188,16
106000131,56,355,-299
106000132,399,76,323
106000133,2270,401,1869
106000134,220,277,-57
106000135,98,590,-492
106000136,225,292,-67
106000137,20,1147,-1127
106000138,228,24,204
106000139,8,32,-24
106000140,14,46,-32
106000141,23,83,-60
106000142,12,21,-9
106000143,5,122,-117
106000144,24,11,13
106000145,45,279,-234
106000146,33,42,-9
106000147,205,450,-245
106000148,297,469,-172
106000149,138,400,-262
106000150,192,660,-468
106000151,2096,302,1794
106000152,544,341,203
106000153,22,421,-399
106000154,660,101,559
106000155,29,58,-29
106000156,192,116,76
106000157,131,664,-533
106000158,1408,227,1181
106000159,2272,470,1802
106000160,58,497,-439
106000161,429,212,217
106000162,45,185,-140
106000163,60,278,-218
106000164,59,95,-36
106000165,41,353,-312
106000166,114,102,12
106000167,64,836,-772
106000168,41,66,-25
106000169,51,457,-406
106000170,88,89,-1
106000171,17,449,-432
106000172,692,283,409
106000173,314,984,-670
106000174,143,72,71
106000175,78,406,-328
106000176,265,226,39
106000177,198,967,-769
106000178,674,464,210
106000179,198,768,-570
106000180,262,905,-643
106000181,163,979,-816
106000182,183,322,-139
106000183,175,502,-327
106000184,500,417,83
106000185,317,323,-6
106000186,245,41,204
106000187,33,233,-200
106000188,0,2,-2
106000189,5,27,-22
106000190,2,0,2
106000191,143,61,82
106000192,0,3,-3
106000193,108,62,46
106000194,37,121,-84
106000195,34,23,11
106000196,17,123,-106
106000197,74,135,-61
106000198,45,150,-105
106000199,343,269,74
106000200,154,84,70
106000201,173,377,-204
106000202,2865,183,2682
106000203,89,65,24
106000204,8,3,5
106000205,12,45,-33
106000206,16,3,13
106000207,13,450,-437
106000208,148,26,122
106000209,209,118,91
106000210,52,669,-617
106000211,136,989,-853
106000212,140,51,89
106000213,139,471,-332
106000214,606,171,435
106000215,67,276,-209
106000216,118,135,-17
106000217,59,273,-214
106000218,129,112,17
106000219,22,170,-148
106000220,90,86,4
106000221,22,151,-129
106000222,13,84,-71
106000223,10,44,-34
106000224,51,193,-142
106000225,15,24,-9
106000226,34,191,-157
106000228,2,74,-72
106000229,28,481,-453
106000231,89,33,56
106000232,17,171,-154
106000233,175,51,124
106000234,22,85,-63
106000235,42,22,20
106000236,17,18,-1
106000237,0,7,-7
106000238,0,0,0
106000239,2,32,-30
106000240,9,0,9
106000241,4,292,-288
106000242,62,7,55
106000249,7,21,-14
106000250,16,154,-138
106000251,4,15,-11
106000252,3,42,-39
106000253,5,19,-14
106000254,12,39,-27
106000255,2,38,-36
106000256,18,33,-15
106000257,20,124,-104
106000258,21,11,10
106000259,0,11,-11
106000260,3,6,-3
106000261,0,26,-26
106000262,1,10,-9
106000263,1,53,-52
106000264,30,7,23
106000265,3,114,-111
106000266,17,4,13
106000267,3,49,-46
106000268,136,5,131
106000269,56,19,37
106000270,48,161,-113
106000271,13,65,-52
106000272,54,38,16
106000273,3,54,-51
106000274,79,15,64
106000275,26,71,-45
106000276,21,26,-5
106000277,89,72,17
106000278,81,17,64
106000279,0,29,-29
106000280,9,75,-66
106000281,20,45,-25
106000282,32,30,2
106000283,13,50,-37
106000284,16,54,-38
106000285,19,69,-50
106000286,23,36,-13
106000287,12,50,-38
106000288,21,46,-25
106000289,16,49,-33
106000290,25,49,-24
106000291,17,38,-21
106000292,19,74,-55
106000293,21,23,-2
106000294,34,40,-6
106000295,8,8,0
106000296,8,52,-44
106000297,42,64,-22
106000298,59,12,47
106000299,13,38,-25
106000300,6,44,-38
106000301,42,49,-7
106000303,2,13,-11
106000304,7,16,-9
106000305,3,1,2
106000306,34,25,9
106000307,6,4,2
106000308,15,71,-56
106000309,6,59,-53
106000310,62,231,-169
106000311,101,30,71
106000312,16,90,-74
106000313,33,84,-51
106000318,58,71,-13
106000319,160,11,149
106000320,1,14,-13
106000321,122,15,107
106000322,58,142,-84
106000324,5,62,-57
106000325,406,392,14
106000326,365,981,-616
106000327,40,58,-18
106000328,1,30,-29
106000329,13,136,-123
106000330,16,22,-6
106000428,21,81,-60
106000429,40,264,-224
106000430,149,856,-707
106000431,271,128,143
106000432,453,1483,-1030
106000433,342,274,68
106000434,889,277,612
106000435,852,1136,-284
106000436,12,138,-126
106000437,63,5,58
106000438,180,37,143
106000439,52,231,-179
106000440,99,318,-219
106000441,1,0,1
106000442,48,0,48
106000443,33,402,-369
106000450,1,78,-77
106000451,17,2,15
106000454,3,23,-20
106000455,5,68,-63
106000456,35,14,21
106000457,2,567,-565
106000458,71,70,1
106000459,19,202,-183
106000460,120,18,102
106000461,8,945,-937
106000462,0,6,-6
106000463,9,12,-3
106000464,7,330,-323
106000465,77,0,77
106000466,0,287,-287
106000467,209,182,27
106000468,11,88,-77
106000469,104,0,104
106000470,63,456,-393
106000471,5,277,-272
106000472,34,6,28
106000473,13,13,0
106000474,171,599,-428
106000475,164,115,49
106000476,94,89,5
106000477,24,141,-117
106000480,0,42,-42
106900001,0,3,-3
106900002,0,338,-338
106900003,14,41,-27
106900004,0,21,-21
106900006,0,16,-16
106900007,0,8,-8
106900008,105,476,-371
106900009,68,213,-145
106900010,75,94,-19
106900012,123,185,-62
106900013,721,355,366
106900014,7,0,7
106900015,2,1,1
106900016,19,0,19
106900017,0,0,0
106900018,0,0,0
106900019,5,1,4
106900020,1181,165,1016
106900021,6,23,-17
106900022,38,1,37
106900023,168,113,55
106900024,69,3,66
106900025,24,348,-324
106900026,0,69,-69
106900027,74,1,73
106900028,0,2,-2
106900029,84,7,77
106900030,1,435,-434
107000001,608,564,44
107000002,1212,1433,-221
107000003,1442,2039,-597
107000004,2414,2570,-156
107000005,624,1121,-497
107000006,1507,2901,-1394
107000007,1465,1626,-161
107000008,6838,4943,1895
107000009,1537,1756,-219
107000010,4244,4794,-550
107000011,325,490,-165
107000012,1714,1646,68
107000013,38,96,-58
107000014,11,127,-116
107000015,191,480,-289
107000016,98,676,-578
107000017,1085,398,687
107000018,0,113,-113
107000020,591,143,448
107000021,337,398,-61
107000022,310,650,-340
107000023,460,209,251
107000024,228,1031,-803
107000025,68,189,-121
107000026,79,390,-311
107000027,514,373,141
107000028,466,712,-246
107000029,524,667,-143
107000030,1423,1358,65
107000031,772,679,93
107000032,90,279,-189
107000033,1676,1658,18
107000034,2265,810,1455
107000035,165,70,95
107000036,185,328,-143
107000037,24,264,-240
107000038,129,127,2
107000039,155,194,-39
107000040,52,130,-78
107000041,380,194,186
107000042,221,593,-372
107000043,1017,292,725
107000044,192,143,49
107000045,39,152,-113
107000046,147,105,42
107000047,147,423,-276
107000048,160,106,54
107000049,179,259,-80
107000050,188,217,-29
107000051,194,118,76
107000052,387,216,171
107000053,102,55,47
107000054,20,105,-85
107000055,125,103,22
107000056,193,343,-150
107000057,975,141,834
107000058,553,623,-70
107000059,556,1257,-701
107000060,1040,1415,-375
107000061,1839,1807,32
107000062,715,852,-137
107000063,1214,2688,-1474
107000064,906,683,223
107000065,1482,2949,-1467
107000066,433,702,-269
107000067,289,237,52
107000068,657,190,467
107000069,204,162,42
107000070,58,0,58
107000071,348,7,341
107000072,14,1552,-1538
107000073,93,36,57
107000074,49,381,-332
107000075,264,46,218
107000076,202,909,-707
107000077,550,111,439
107000078,408,1472,-1064
107000079,460,158,302
107000080,305,1509,-1204
107000081,295,160,135
107000082,226,1370,-1144
107000083,288,93,195
107000084,203,1148,-945
107000085,924,1123,-199
107000086,1117,1088,29
107000087,797,664,133
107000088,996,1355,-359
107000089,507,609,-102
107000090,372,478,-106
107000091,319,375,-56
107000092,284,562,-278
107000093,285,297,-12
107000094,329,558,-229
107000095,167,258,-91
107000096,280,609,-329
107000097,193,165,28
107000098,216,440,-224
107000099,127,114,13
107000100,102,222,-120
107000101,30,68,-38
107000102,192,256,-64
107000103,86,85,1
107000104,108,181,-73
107000105,74,66,8
107000106,70,155,-85
107000107,147,83,64
107000108,93,560,-467
107000109,116,40,76
107000110,19,284,-265
107000111,35,13,22
107000112,3,203,-200
107000113,89,32,57
107000114,23,433,-410
107000115,63,33,30
107000116,11,480,-469
107000117,35,89,-54
107000118,47,114,-67
107000119,697,291,406
107000120,1345,157,1188
107000121,94,247,-153
107000122,280,330,-50
107000123,61,366,-305
107000124,105,371,-266
107000125,175,389,-214
107000126,204,515,-311
107000129,33,612,-579
107000130,70,71,-1
107000131,68,352,-284
107000132,73,91,-18
107000133,58,47,11
107000134,18,2,16
107000135,2,95,-93
107000136,81,1,80
107000137,3,173,-170
107000138,37,3,34
107000139,4,137,-133
107000140,272,4,268
107000141,47,361,-314
107000142,109,7,102
107000143,10,439,-429
107000144,98,61,37
107000145,64,300,-236
107000146,45,42,3
107000147,2006,387,1619
107000150,259,622,-363
107000151,18,17,1
107000152,171,164,7
107000153,164,93,71
107000154,34,24,10
107000155,206,15,191
107000156,213,17,196
107000157,6,1227,-1221
107000158,130,5,125
107000159,14,628,-614
107000160,127,27,100
107000161,8,951,-943
107000162,68,103,-35
107000163,6,0,6
107000164,40,0,40
107000165,133,0,133
107000166,17,742,-725
107000167,139,115,24
107000168,197,96,101
107000169,382,556,-174
107000170,264,138,126
107000171,135,1416,-1281
107000172,332,306,26
107000173,378,512,-134
107000174,280,683,-403
107000175,4667,631,4036
107000176,0,0,0
107000177,0,0,0
107000178,0,9,-9
107000179,48,1731,-1683
107000180,171,129,42
107000181,85,711,-626
107000182,292,285,7
107000183,54,469,-415
107000184,150,383,-233
107000185,66,557,-491
107000186,117,132,-15
107000187,332,445,-113
107000188,222,175,47
107000189,118,287,-169
107000190,121,291,-170
107000191,173,423,-250
107000192,346,485,-139
107000193,119,110,9
107000194,295,343,-48
107000197,136,87,49
107000198,68,369,-301
107000199,185,350,-165
107000200,396,150,246
107000201,162,113,49
107000202,105,239,-134
107000203,305,146,159
107000204,367,291,76
107000205,859,321,538
107000206,203,235,-32
107000207,223,262,-39
107000208,321,89,232
107000209,443,157,286
107000210,422,37,385
107000211,3,5,-2
107000212,5,42,-37
107000213,9,8,1
107000214,1,33,-32
107000215,100,204,-104
107000216,40,189,-149
107000217,24,53,-29
107000219,20,30,-10
107000220,29,144,-115
107000222,86,247,-161
107000224,102,18,84
107000225,52,326,-274
107000226,78,35,43
107000227,61,273,-212
107000228,29,46,-17
107000229,85,34,51
107000230,333,262,71
107000231,231,104,127
107000232,29,41,-12
107000233,101,118,-17
107000234,1,5,-4
107000235,12,2,10
107000236,7,211,-204
107000237,0,0,0
107000238,5,0,5
107000239,2662,145,2517
107000240,16,537,-521
107000243,0,20,-20
107000244,2,28,-26
107000246,3,622,-619
107000249,0,406,-406
107000251,0,112,-112
107000252,1,773,-772
107000255,401,29,372
107000257,2,394,-392
107000258,0,112,-112
107000259,0,118,-118
107000260,96,1,95
107000262,0,545,-545
107000263,24,0,24
107000266,0,1,-1
107000267,52,92,-40
107000268,55,94,-39
107000269,69,16,53
107000270,0,4,-4
107000271,2,542,-540
107000272,5,193,-188
107000273,2,143,-141
107000274,267,1,266
107000275,134,340,-206
107000280,137,8,129
107000281,8,538,-530
107000282,6,982,-976
107000290,0,14,-14
107000291,5,2,3
107000292,1,23,-22
107000293,23,3,20
107000294,0,23,-23
107000295,22,0,22
107000296,0,0,0
107000444,83,6,77
107000496,0,23,-23
107000497,440,1610,-1170
107000500,56,157,-101
107000501,27,97,-70
107000502,51,172,-121
107000505,243,341,-98
107000506,0,2,-2
107000508,1,478,-477
107000509,39,141,-102
107000510,13,13,0
107000514,3,111,-108
107000515,8,154,-146
107000516,44,44,0
107000518,156,98,58
107000519,1781,508,1273
107000520,31,3,28
107000521,149,244,-95
107000522,196,402,-206
107900001,8,157,-149
107900002,10,0,10
107900003,46,11,35
107900004,0,0,0
107900005,101,1,100
107900006,21,0,21
107900007,43,4,39
107900008,20,54,-34
107900009,22,1,21
107900010,4,0,4
107900012,56,1,55
107900013,60,30,30
107900014,3,2,1
107900015,92,0,92
107900016,86,38,48
107900017,1,0,1
107900018,17,22,-5
107900019,0,68,-68
107900020,28,2,26
107900021,6,62,-56
107900023,0,0,0
107900024,1,16,-15
107900025,65,159,-94
107900026,5,92,-87
107900027,3,50,-47
107900028,5,51,-46
107900030,26,2,24
107900031,13,169,-156
107900032,1,0,1
107900033,3,1,2
107900034,35,4,31
107900035,123,2,121
107900036,9,0,9
107900037,2,23,-21
107900038,49,31,18
107900039,2,32,-30
107900040,45,22,23
107900041,1,0,1
107900043,2,70,-68
107900044,0,2,-2
107900045,11,19,-8
107900046,29,19,10
107900047,26,32,-6
107900048,17,1,16
107900049,70,153,-83
107900050,9,133,-124
107900051,17,34,-17
107900052,4,2,2
107900053,8,26,-18
107900055,55,60,-5
107900056,20,1,19
107900057,0,0,0
107900058,10,325,-315
107900060,1,9,-8
107900061,9,1,8
107900063,6,62,-56
107900064,45,7,38
107900065,19,4,15
107900066,2,1,1
107900067,0,0,0
107900068,50,65,-15
107900069,27,202,-175
107900070,10,3,7
107900071,2,340,-338
107900072,9,124,-115
107900073,5,42,-37
107900074,379,60,319
107900076,29,21,8
107900077,21,1,20
107900079,6,1,5
107900080,79,85,-6
107900081,3,47,-44
107900082,8,11,-3
107900083,69,13,56
107900084,12,18,-6
107900086,27,22,5
107900087,53,7,46
107900088,3,4,-1
107900089,98,166,-68
107900090,122,267,-145
107900091,27,201,-174
107900093,12,32,-20
107900095,949,325,624
107900097,3,2,1
107900098,2,54,-52
107900100,214,124,90
107900101,425,48,377
107900102,5,1,4
107900103,12,74,-62
107900104,38,1,37
107900105,0,287,-287
107900106,1,848,-847
107900107,361,38,323
107900108,83,16,67
107900109,112,0,112
107900110,5,63,-58
107900111,11,576,-565
107900112,20,86,-66
107900113,14,53,-39
107900114,23,158,-135
107900115,1,20,-19
107900116,11,132,-121
107900117,122,137,-15
107900118,31,68,-37
107900119,4,23,-19
107900120,6,2,4
107900121,1,30,-29
107900122,0,17,-17
107900123,7,2,5
107900124,3,13,-10
107900125,4,73,-69
107900126,1,6,-5
107900127,135,16,119
107900128,19,20,-1
107900129,11,26,-15
107900130,2,6,-4
107900131,38,16,22
107900132,20,183,-163
107900133,0,29,-29
107900134,14,1,13
107900135,1,102,-101
107900136,9,19,-10
107900137,22,24,-2
107900138,3,8,-5
107900139,2,12,-10
107900141,16,0,16
107900142,13,474,-461
107900143,20,25,-5
107900144,0,59,-59
107900145,0,28,-28
107900146,13,36,-23
107900147,10,9,1
107900148,62,72,-10
107900149,819,31,788
107900150,25,282,-257
107900151,0,45,-45
107900152,4,96,-92
107900153,14,51,-37
107900154,3,5,-2
107900155,5,27,-22
107900156,1,160,-159
107900157,17,55,-38
107900158,125,6,119
107900159,10,432,-422
107900160,6,37,-31
107900161,2,134,-132
107900162,0,33,-33
107900163,22,9,13
107900164,0,2,-2
107900165,20,23,-3
107900166,2,139,-137
107900167,2,4,-2
107900168,6,42,-36
107900169,0,108,-108
107900171,6,735,-729
107900172,1,172,-171
107900173,0,104,-104
107900174,9,4,5
107900175,0,2,-2
107900176,1,13,-12
107900177,0,14,-14
107900178,0,105,-105
107900179,1,49,-48
107900180,485,58,427
107900181,95,200,-105
107900182,2,631,-629
107900183,6,206,-200
107900184,14,66,-52
107900185,4,8,-4
107900186,3,11,-8
107900187,0,56,-56
107900188,272,14,258
107900189,2,55,-53
107900190,72,8,64
107900191,9,103,-94
107900193,12,14,-2
107900194,13,2,11
107900195,1732,81,1651
107900196,14,8,6
107900197,101,22,79
107900199,1,593,-592
107900201,8,64,-56
107900203,11,23,-12
107900204,58,66,-8
107900206,131,80,51
107900207,1,400,-399
107900208,2,352,-350
107900209,105,47,58
107900210,17,50,-33
107900213,54,123,-69
107900214,1,84,-83
107900215,51,134,-83
107900216,4,28,-24
107900217,3,9,-6
107900218,15,741,-726
107900219,3,73,-70
107900220,25,14,11
107900221,64,88,-24
107900223,17,159,-142
107900224,48,137,-89
107900225,1,340,-339
107900226,10,54,-44
107900227,30,162,-132
107900228,6,51,-45
107900229,1,153,-152
107900230,0,52,-52
107900231,1,78,-77
107900232,16,143,-127
107900233,3,59,-56
107900234,21,91,-70
107900235,14,48,-34
107900236,22,51,-29
107900237,25,162,-137
107900238,7,34,-27
107900239,578,112,466
107900240,2,59,-57
107900241,3,50,-47
107900242,5,225,-220
107900243,1,10,-9
107900244,45,0,45
107900245,44,5,39
107900246,14,2,12
107900248,25,77,-52
107900249,90,1,89
107900250,3,221,-218
107900251,10,442,-432
107900252,79,1,78
107900253,8,0,8
107900254,12,49,-37
107900255,77,8,69
107900256,169,181,-12
107900257,12,10,2
107900258,18,100,-82
107900259,19,225,-206
107900261,0,176,-176
107900262,16,52,-36
107900264,35,2,33
107900265,20,101,-81
107900267,9,6,3
107900268,30,0,30
107900269,0,4,-4
107900270,0,0,0
107900271,1,2,-1
107900272,45,26,19
107900273,2,35,-33
107900274,9,0,9
107900275,3,0,3
107900276,0,27,-27
107900277,1,116,-115
107900278,25,152,-127
107900279,78,24,54
107900280,528,326,202
107900281,1372,343,1029
107900282,16,60,-44
107900283,753,155,598
107900284,41,370,-329
107900285,12,80,-68
107900286,11,21,-10
107900287,36,22,14
107900290,0,30,-30
107900291,65,1,64
107900292,22,135,-113
107900293,12,198,-186
107900295,9,80,-71
107900297,0,101,-101
107900298,216,272,-56
107900299,1734,360,1374
107900301,147,117,30
107900302,11,4,7
107900303,6,122,-116
107900304,26,219,-193
107900305,37,5,32
107900306,1,4,-3
107900307,9,247,-238
107900308,60,8,52
107900309,4,0,4
107900310,0,0,0
107900311,51,16,35
107900312,1,0,1
107900313,0,14,-14
107900314,1,14,-13
107900315,1,18,-17
107900316,3,0,3
107900317,11,1,10
107900318,0,49,-49
107900319,1,91,-90
107900320,1,57,-56
107900321,14,1,13
107900322,2,75,-73
107900323,1,27,-26
107900324,25,0,25
107900325,9,0,9
107900326,66,167,-101
107900327,0,0,0
107900328,0,0,0
107900329,0,0,0
107900330,2,211,-209
107900331,27,10,17
107900332,32,9,23
107900333,4,2,2
107900334,1,139,-138
107900335,21,52,-31
107900336,5,14,-9
107900337,660,143,517
107900338,0,46,-46
107900339,0,9,-9
107900340,0,29,-29
107900341,6,2,4
107900342,6,26,-20
107900343,2,0,2
107900344,2,41,-39
107900345,9,16,-7
107900346,1,0,1
107900347,4,0,4
107900348,0,2,-2
107900349,3,0,3
107900350,21,105,-84
107900351,5,124,-119
107900352,0,36,-36
107900353,1,3,-2
107900354,0,9,-9
108000001,848,827,21
108000002,860,2003,-1143
108000003,980,610,370
108000004,7745,7560,185
108000005,1559,983,576
108000006,1810,2824,-1014
108000007,1268,1144,124
108000008,1862,2848,-986
108000009,702,1030,-328
108000010,842,2839,-1997
108000011,2727,2453,274
108000012,7094,7461,-367
108000014,89,201,-112
108000015,157,125,32
108000016,73,355,-282
108000017,119,150,-31
108000018,326,151,175
108000019,276,140,136
108000020,249,102,147
108000021,110,756,-646
108000022,134,686,-552
108000023,300,52,248
108000024,41,329,-288
108000025,53,122,-69
108000026,119,265,-146
108000027,110,442,-332
108000028,62,127,-65
108000029,61,520,-459
108000030,87,84,3
108000031,39,272,-233
108000032,288,142,146
108000033,143,677,-534
108000034,354,121,233
108000035,333,1361,-1028
108000036,105,812,-707
108000037,354,79,275
108000038,495,95,400
108000039,167,1411,-1244
108000040,405,152,253
108000041,263,1440,-1177
108000042,26,151,-125
108000043,82,164,-82
108000044,76,79,-3
108000045,64,423,-359
108000046,347,78,269
108000047,109,532,-423
108000048,29,238,-209
108000049,66,31,35
108000050,69,387,-318
108000051,44,32,12
108000052,128,359,-231
108000053,83,60,23
108000054,144,456,-312
108000055,248,123,125
108000056,531,571,-40
108000057,195,221,-26
108000058,522,562,-40
108000059,1205,775,430
108000060,33,172,-139
108000061,135,379,-244
108000062,114,132,-18
108000063,51,394,-343
108000064,49,87,-38
108000065,151,299,-148
108000066,600,254,346
108000067,339,122,217
108000068,193,105,88
108000069,94,557,-463
108000070,383,195,188
108000071,171,1100,-929
108000072,291,313,-22
108000073,355,849,-494
108000074,54,120,-66
108000075,85,381,-296
108000076,196,123,73
108000077,289,464,-175
108000078,584,314,270
108000079,458,866,-408
108000080,346,148,198
108000081,177,1487,-1310
108000082,479,632,-153
108000083,568,240,328
108000084,134,546,-412
108000085,136,91,45
108000086,261,286,-25
108000087,42,406,-364
108000088,175,72,103
108000089,90,90,0
108000091,67,376,-309
108000092,30,31,-1
108000093,59,497,-438
108000094,103,42,61
108000095,43,290,-247
108000096,40,72,-32
108000097,40,369,-329
108000098,222,508,-286
108000099,162,105,57
108000100,28,143,-115
108000101,242,251,-9
108000102,399,623,-224
108000106,223,0,223
108000107,1,283,-282
108000108,60,4,56
108000109,2,404,-402
108000110,53,77,-24
108000111,53,407,-354
108000112,14,28,-14
108000113,178,140,38
108000115,206,138,68
108000117,262,98,164
108000118,122,284,-162
108000119,211,269,-58
108000120,33,269,-236
108000121,85,328,-243
108000122,63,138,-75
108000123,78,96,-18
108000124,47,387,-340
108000125,34,201,-167
108000126,46,407,-361
108000127,45,181,-136
108000128,82,453,-371
108000129,56,951,-895
108000130,60,202,-142
108000131,182,39,143
108000132,332,532,-200
108000133,197,128,69
108000134,262,545,-283
108000135,126,100,26
108000136,473,626,-153
108000137,75,204,-129
108000138,101,448,-347
108000139,49,158,-109
108000140,13,6,7
108000141,5,77,-72
108000142,9,84,-75
108000143,16,378,-362
108000144,38,46,-8
108000145,16,10,6
108000146,64,16,48
108000147,5,14,-9
108000148,62,15,47
108000149,3,5,-2
108000150,4,1,3
108000151,62,16,46
108000152,31,338,-307
108000153,34,37,-3
108000154,16,5,11
108000155,16,5,11
108000156,279,191,88
108000157,13,127,-114
108000158,15,112,-97
108000159,348,48,300
108000160,2358,188,2170
108000161,1906,287,1619
108000165,0,32,-32
108000172,1,63,-62
108000173,952,357,595
108000175,73,32,41
108000178,203,186,17
108000179,90,206,-116
108000181,49,23,26
108000182,58,28,30
108000183,19,117,-98
108000184,482,491,-9
108000185,22,290,-268
108000186,44,314,-270
108000187,17,398,-381
108000188,55,126,-71
108000189,595,804,-209
108000190,3,37,-34
108000192,23,369,-346
108000193,192,15,177
108000194,5,1,4
108000195,0,608,-608
108000196,7,17,-10
108000198,158,149,9
108000199,0,77,-77
108000200,82,408,-326
108000203,22,420,-398
108000204,24,14,10
108000205,204,224,-20
108000339,456,79,377
108000364,127,161,-34
108000365,19,178,-159
108000367,29,143,-114
108000368,2,26,-24
108000369,626,27,599
108000371,3,332,-329
108000372,77,1,76
108000373,70,63,7
108000376,33,7,26
108000377,95,191,-96
108000378,3063,2526,537
108000379,12,59,-47
108000381,10,5,5
108000382,36,0,36
108000383,0,57,-57
108900001,32,483,-451
108900002,58,9,49
108900003,89,576,-487
108900004,61,42,19
108900007,69,39,30
108900008,5,44,-39
108900009,1,42,-41
108900010,18,58,-40
108900011,48,132,-84
108900012,28,170,-142
108900013,9,79,-70
108900014,0,27,-27
108900015,0,4,-4
108900016,0,46,-46
108900017,58,94,-36
108900018,24,253,-229
108900019,3,621,-618
108900020,9,166,-157
108900021,30,166,-136
108900022,5,1,4
108900023,3,8,-5
108900024,1,56,-55
108900025,9,40,-31
108900026,4,25,-21
108900027,0,63,-63
108900028,4,275,-271
108900029,18,80,-62
108900030,1,62,-61
108900031,13,369,-356
108900032,0,133,-133
108900033,0,25,-25
108900034,0,123,-123
108900035,39,1165,-1126
108900038,1,246,-245
108900039,0,337,-337
108900040,0,52,-52
108900041,2257,608,1649
108900042,1,136,-135
108900043,10,232,-222
108900044,1,521,-520
108900045,4,307,-303
108900046,16,529,-513
108900047,1,62,-61
108900048,10,423,-413
108900049,2252,228,2024
108900050,1,192,-191
108900051,0,74,-74
108900052,0,135,-135
108900053,22,27,-5
108900054,5,129,-124
108900055,27,310,-283
108900056,1,99,-98
108900057,1,91,-90
108900058,5,300,-295
108900059,81,2,79
108900060,18,28,-10
108900061,6,4,2
108900062,3,272,-269
108900063,0,274,-274
108900064,5,35,-30
108900065,2,187,-185
108900066,36,26,10
108900067,5,188,-183
108900068,1,177,-176
108900069,7,72,-65
108900070,17,133,-116
108900071,30,14,16
108900072,975,80,895
108900073,6,267,-261
108900074,10,224,-214
108900075,18,61,-43
108900076,46,22,24
108900077,86,390,-304
108900078,5,86,-81
108900079,221,87,134
108900080,1,94,-93
108900081,25,130,-105
108900082,12,56,-44
108900083,7,40,-33
108900085,1061,57,1004
108900086,13,178,-165
108900087,24,99,-75
108900088,119,47,72
108900089,5,20,-15
108900090,3,184,-181
108900091,45,37,8
108900092,84,56,28
108900093,13,13,0
108900094,57,19,38
108900095,17,293,-276
108900096,244,8,236
108900097,67,81,-14
108900098,1423,62,1361
108900099,78,183,-105
108900100,6,42,-36
108900101,39,26,13
108900102,19,100,-81
108900103,22,9,13
108900105,3,136,-133
108900106,63,335,-272
108900108,71,0,71
108900109,39,18,21
108900110,12,202,-190
108900111,48,402,-354
108900113,2,7,-5
108900114,4,4,0
108900115,8,15,-7
108900116,4,1,3
108900117,5,5,0
108900118,49,1,48
108900119,17,4,13
108900120,40,33,7
108900121,22,2,20
108900122,9,12,-3
108900123,13,4,9
108900124,56,32,24
108900125,34,0,34
108900126,6,8,-2
108900127,13,9,4
108900128,11,1,10
108900129,86,25,61
108900130,36,0,36
108900131,48,0,48
108900132,56,15,41
108900133,16,1,15
108900134,55,91,-36
108900135,26,3,23
108900136,0,0,0
108900137,12,0,12
108900138,115,0,115
108900140,23,87,-64
108900141,23,11,12
108900142,8,0,8
108900143,6,0,6
108900144,11,0,11
108900145,13,4,9
108900146,5,0,5
108900147,32,0,32
108900148,17,14,3
108900150,80,1,79
108900151,7,0,7
108900152,3,1,2
108900153,24,198,-174
108900154,709,92,617
108900156,5,3,2
108900157,1,352,-351
108900158,20,15,5
108900159,7,150,-143
108900160,7,110,-103
108900161,3,213,-210
108900162,13,0,13
108900163,3,29,-26
108900164,8,45,-37
108900168,4832,467,4365
108900169,6,41,-35
108900171,2756,396,2360
108900172,39,5,34
108900173,46,114,-68
108900174,92,147,-55
108900176,25,364,-339
108900177,4246,544,3702
108900178,2412,366,2046
108900180,11,42,-31
108900183,108,70,38
108900184,51,39,12
108900185,8,145,-137
108900186,5,132,-127
108900189,32,45,-13
108900190,1,1441,-1440
108900192,17,179,-162
108900195,7,156,-149
108900196,1,293,-292
108900199,28,121,-93
108900200,85,83,2
108900201,39,384,-345
108900203,58,12,46
108900204,37,1,36
108900205,45,4,41
108900206,22,8,14
108900207,32,19,13
108900208,8,176,-168
108900209,111,278,-167
108900210,34,92,-58
108900211,36,39,-3
108900212,166,203,-37
108900215,27,421,-394
108900216,114,22,92
108900217,0,0,0
108900218,18,3,15
108900221,2,11,-9
108900224,5,22,-17
108900225,0,32,-32
108900227,18,33,-15
108900230,162,113,49
108900232,0,195,-195
108900233,35,10,25
108900234,55,10,45
108900235,59,290,-231
108900236,7,186,-179
108900240,21,23,-2
108900241,5,3,2
108900245,1,171,-170
108900250,19,21,-2
108900258,5,90,-85
108900259,8,38,-30
108900260,4,56,-52
108900261,50,58,-8
108900262,104,34,70
108900263,11,182,-171
108900264,80,114,-34
108900265,684,96,588
108900266,319,62,257
108900267,1,11,-10
108900268,5,3,2
108900269,13,2,11
108900270,5,2,3
108900271,2,2,0
108900272,29,1,28
108900273,369,151,218
108900274,4,15,-11
109000001,1203,401,802
109000002,2039,700,1339
109000003,604,286,318
109000004,229,1475,-1246
109000005,448,380,68
109000006,284,1058,-774
109000007,324,260,64
109000008,190,1024,-834
109000009,769,389,380
109000010,502,1827,-1325
109000011,789,584,205
109000012,755,2365,-1610
109000013,690,517,173
109000014,469,2131,-1662
109000015,1627,1482,145
109000016,4762,2213,2549
109000017,662,365,297
109000018,297,2054,-1757
109000019,787,365,422
109000020,548,1321,-773
109000023,69,3,66
109000024,0,87,-87
109000025,144,133,11
109000026,302,116,186
109000027,25,148,-123
109000028,58,29,29
109000029,44,44,0
109000030,15,198,-183
109000031,12,31,-19
109000032,32,234,-202
109000033,50,24,26
109000034,16,16,0
109000035,0,12,-12
109000036,12,162,-150
109000037,38,298,-260
109000038,349,115,234
109000039,196,147,49
109000040,1555,701,854
109000041,2828,400,2428
109000042,381,385,-4
109000044,119,66,53
109000045,32,261,-229
109000046,44,27,17
109000047,39,229,-190
109000048,245,171,74
109000049,84,268,-184
109000050,163,188,-25
109000051,63,126,-63
109000052,115,901,-786
109000053,130,85,45
109000054,42,313,-271
109000055,24,45,-21
109000056,49,316,-267
109000057,88,56,32
109000058,312,229,83
109000059,43,339,-296
109000060,142,57,85
109000061,614,186,428
109000062,47,59,-12
109000063,64,113,-49
109000064,38,59,-21
109000065,21,178,-157
109000066,54,43,11
109000067,31,180,-149
109000068,45,1,44
109000069,99,2,97
109000070,2,394,-392
109000071,134,27,107
109000072,32,226,-194
109000073,11,31,-20
109000074,7,106,-99
109000075,22,205,-183
109000076,47,61,-14
109000077,168,131,37
109000078,12,52,-40
109000079,57,123,-66
109000080,31,72,-41
109000081,26,353,-327
109000082,134,148,-14
109000083,114,456,-342
109000088,17,172,-155
109000089,45,6,39
109000090,77,246,-169
109000091,56,10,46
109000092,152,341,-189
109000093,45,16,29
109000094,41,4,37
109000095,54,506,-452
109000096,164,48,116
109000097,23,41,-18
109000098,14,15,-1
109000099,156,80,76
109000100,60,315,-255
109000101,282,311,-29
109000102,66,444,-378
109000103,134,265,-131
109000104,295,187,108
109000105,91,954,-863
109000106,353,175,178
109000107,85,969,-884
109000108,322,123,199
109000109,152,973,-821
109000110,255,135,120
109000111,333,1173,-840
109000112,102,77,25
109000113,55,69,-14
109000114,40,106,-66
109000115,424,52,372
109000116,6,185,-179
109000117,28,39,-11
109000118,6,174,-168
109000119,190,111,79
109000120,31,654,-623
109000121,104,52,52
109000122,14,681,-667
109000123,19,169,-150
109000124,139,211,-72
109000125,166,190,-24
109000126,96,484,-388
109000127,193,157,36
109000128,101,1332,-1231
109000129,332,119,213
109000130,287,1776,-1489
109000131,273,165,108
109000132,237,1296,-1059
109000133,155,446,-291
109000134,207,656,-449
109000135,292,534,-242
109000136,71,174,-103
109000137,41,96,-55
109000138,81,228,-147
109000139,86,120,-34
109000140,31,476,-445
109000141,99,234,-135
109000142,55,233,-178
109000143,25,7,18
109000145,26,78,-52
109000146,28,42,-14
109000148,1537,196,1341
109000149,6,19,-13
109000150,29,50,-21
109000155,69,203,-134
109000156,508,451,57
109000158,6,118,-112
109000159,12,249,-237
109000160,143,162,-19
109000161,89,794,-705
109000162,426,509,-83
109000163,206,782,-576
109000164,297,1176,-879
109000165,219,313,-94
109000166,87,67,20
109000167,24,446,-422
109000170,12,13,-1
109000171,23,18,5
109000172,32,27,5
109000173,22,19,3
109000174,14,22,-8
109000175,21,250,-229
109000176,71,201,-130
109000177,10,67,-57
109000178,121,235,-114
109000179,3120,647,2473
109000180,1781,958,823
109000181,2,13,-11
109000182,6,9,-3
109000183,15,10,5
109000184,6,14,-8
109000185,4,20,-16
109000188,68,1421,-1353
109000189,318,363,-45
109000190,119,252,-133
109000191,64,307,-243
109000192,27,120,-93
109000193,42,262,-220
109000194,17,62,-45
109000195,42,237,-195
109000196,50,33,17
109000197,30,294,-264
109000198,26,25,1
109000199,60,271,-211
109000206,38,18,20
109000207,14,13,1
109000208,40,22,18
109000209,37,27,10
109000210,59,180,-121
109000211,58,115,-57
109000214,89,831,-742
109000215,27,23,4
109000216,72,30,42
109000217,37,15,22
109000218,49,33,16
109000221,63,572,-509
109000222,137,28,109
109000223,79,78,1
109000224,18,138,-120
109000225,13,23,-10
109000226,7,144,-137
109000227,168,789,-621
109000228,0,193,-193
109000231,1,351,-350
109000232,100,332,-232
109000236,46,410,-364
109000241,342,873,-531
109000242,231,498,-267
109000293,8,38,-30
109000361,54,76,-22
109000364,39,280,-241
109000396,3,618,-615
109000397,80,3,77
109000399,68,249,-181
109000400,22,210,-188
109000403,6,80,-74
109000406,39,2,37
109000407,44,58,-14
109000408,2,291,-289
109000410,228,72,156
109000411,20,16,4
109000412,0,62,-62
109900001,32,0,32
109900002,74,2,72
109900003,15,0,15
109900005,2,1,1
109900006,51,111,-60
109900007,102,430,-328
109900008,0,10,-10
109900009,38,512,-474
109900010,95,1,94
109900011,17,13,4
109900012,51,37,14
109900013,55,25,30
109900014,30,12,18
109900015,22,31,-9
109900016,11,25,-14
109900017,18,17,1
109900018,11,82,-71
109900019,18,43,-25
109900020,0,5,-5
109900021,0,3,-3
109900022,45,178,-133
109900023,8,1,7
109900024,0,1,-1
109900025,2,18,-16
109900027,2,1,1
109900028,1416,149,1267
109900029,6,378,-372
109900030,1,0,1
109900031,0,20,-20
109900032,0,174,-174
109900033,0,197,-197
109900034,2,0,2
109900035,7,3,4
109900036,7,25,-18
109900037,9,247,-238
109900038,19,90,-71
109900039,10,0,10
109900040,5,311,-306
109900041,19,212,-193
109900042,1,193,-192
109900044,19,134,-115
109900045,12,17,-5
109900046,37,34,3
109900047,76,120,-44
109900048,3,31,-28
109900049,2,11,-9
109900050,0,155,-155
109900051,0,15,-15
109900052,5,97,-92
109900053,1,252,-251
109900054,73,52,21
109900055,6,99,-93
109900056,9,37,-28
109900057,1,143,-142
109900058,0,103,-103
109900060,81,108,-27
109900061,30,107,-77
109900062,0,143,-143
109900064,38,93,-55
109900065,45,49,-4
109900066,83,481,-398
109900067,0,214,-214
109900068,11,0,11
109900069,4,12,-8
109900071,1,9,-8
109900072,7,35,-28
109900073,25,295,-270
109900074,0,29,-29
109900075,1,5,-4
109900076,2,320,-318
109900077,8,22,-14
109900078,31,95,-64
109900080,43,152,-109
109900081,1,47,-46
109900082,8,265,-257
109900083,6,7,-1
109900084,0,57,-57
109900085,31,634,-603
109900086,12,62,-50
109900087,24,106,-82
109900089,42,22,20
109900092,102,0,102
109900093,100,36,64
109900094,7,19,-12
109900095,30,106,-76
109900096,1,1,0
109900097,2,0,2
109900098,70,3,67
109900099,6,0,6
109900100,6,0,6
109900101,57,1,56
109900102,85,1,84
109900103,0,5,-5
109900104,65,663,-598
109900105,86,33,53
109900106,38,28,10
109900107,45,19,26
109900108,22,324,-302
109900109,5,107,-102
109900111,43,653,-610
109900114,463,81,382
109900115,20,15,5
109900117,115,57,58
109900121,54,17,37
109900123,1,89,-88
109900125,1,124,-123
109900126,12,82,-70
109900130,5884,547,5337
109900131,22,49,-27
109900132,10,69,-59
109900134,3,11,-8
109900135,89,19,70
109900137,22,248,-226
109900140,45,170,-125
109900149,15,7,8
109900150,2,21,-19
109900151,1,16,-15
109900152,0,17,-17
109900153,0,17,-17
109900154,1,0,1
109900155,4,6,-2
109900157,13,96,-83
109900159,29,14,15
109900161,20,16,4
109900162,14,12,2
109900163,346,109,237
109900164,28,128,-100
109900165,14,0,14
109900166,2,60,-58
109900167,32,246,-214
109900168,31,246,-215
109900169,29,67,-38
109900170,62,129,-67
109900171,14,25,-11
109900172,26,55,-29
109900173,1613,278,1335
109900174,10,46,-36
109900175,14,19,-5
109900176,32,71,-39
109900177,5,85,-80
109900178,0,54,-54
109900179,3,5,-2
109900180,1,0,1
110000001,238,309,-71
110000002,225,190,35
110000003,468,419,49
110000004,293,248,45
110000005,495,547,-52
110000006,287,172,115
110000007,42,75,-33
110000008,4,17,-13
110000009,2,22,-20
110000010,5,20,-15
110000011,4,38,-34
110000012,358,185,173
110000013,22,152,-130
110000014,240,171,69
110000015,169,184,-15
110000016,92,339,-247
110000017,1859,97,1762
110000018,1707,252,1455
110000019,17,110,-93
110000020,283,105,178
110000021,253,136,117
110000022,186,38,148
110000023,2,111,-109
110000024,118,157,-39
110000025,36,0,36
110000026,2,308,-306
110000027,258,158,100
110000028,212,245,-33
110000029,113,456,-343
110000030,70,108,-38
110000031,70,270,-200
110000032,247,190,57
110000033,59,29,30
110000034,100,290,-190
110000035,140,506,-366
110000036,124,257,-133
110000037,37,331,-294
110000038,52,221,-169
110000039,172,472,-300
110000040,110,233,-123
110000041,52,196,-144
110000042,27,153,-126
110000043,167,63,104
110000044,22,52,-30
110000045,106,14,92
110000046,1,2,-1
110000047,4,0,4
110000048,1,1,0
110000049,2,4,-2
110000050,0,2,-2
110000051,18,2,16
110000052,4,16,-12
110000053,6,0,6
110000054,27,73,-46
110000055,57,10,47
110000056,8,18,-10
110000057,98,514,-416
110000058,278,283,-5
110000059,184,372,-188
110000060,224,304,-80
110000061,421,528,-107
110000062,275,222,53
110000063,5,29,-24
110000064,17,43,-26
110000065,7,33,-26
110000066,25,9,16
110000067,25,124,-99
110000068,33,231,-198
110000069,20,34,-14
110000071,18,44,-26
110000073,1,10,-9
110000075,2,51,-49
110000076,133,64,69
110000077,168,131,37
110000078,3,18,-15
110000080,99,255,-156
110000081,4,89,-85
110000082,8,76,-68
110000083,60,317,-257
110000084,264,192,72
110000085,1058,621,437
110000086,462,245,217
110000087,0,19,-19
110000088,23,100,-77
110000089,42,79,-37
110000090,25,167,-142
110000091,1211,146,1065
110000092,15,57,-42
110000093,10,0,10
110000094,156,101,55
110000095,32,173,-141
110000096,1858,668,1190
110000097,323,350,-27
110000098,322,204,118
110000099,272,619,-347
110000100,53,417,-364
110000101,0,293,-293
110000102,10,20,-10
110000104,16,33,-17
110000105,14,109,-95
110000106,110,81,29
110000107,100,170,-70
110000108,40,3,37
110000109,68,169,-101
110000110,1353,650,703
110000111,3076,533,2543
110000112,346,197,149
110000113,169,259,-90
110000114,22,124,-102
110000115,104,147,-43
110000116,33,23,10
110000117,35,352,-317
110000118,80,97,-17
110000119,60,228,-168
110000120,50,61,-11
110000121,38,93,-55
110000122,124,225,-101
110000123,85,110,-25
110000124,2,331,-329
110000125,350,0,350
110000126,48,14,34
110000127,187,22,165
110000128,13,583,-570
110000129,5,347,-342
110000130,42,41,1
110000131,24,255,-231
110000132,0,242,-242
110000133,18,109,-91
110000134,33,154,-121
110000135,84,7,77
110000136,11,170,-159
110000137,134,297,-163
110000138,114,508,-394
110000139,207,681,-474
110000140,295,122,173
110000143,217,88,129
110000144,1072,476,596
110000145,464,267,197
110000146,522,206,316
110000147,54,299,-245
110000148,137,119,18
110000151,373,193,180
110000152,282,94,188
110000153,30,51,-21
110000154,0,6,-6
110000155,347,509,-162
110000156,271,407,-136
110000157,604,722,-118
110000160,84,194,-110
110000161,100,208,-108
110000166,89,49,40
110000167,214,210,4
110000168,212,92,120
110000169,108,116,-8
110000170,41,27,14
110000171,150,73,77
110000172,46,349,-303
110000173,398,587,-189
110000174,20,897,-877
110000175,90,28,62
110000176,21,113,-92
110000177,53,266,-213
110000178,148,181,-33
110000179,544,119,425
110000180,24,122,-98
110000181,76,155,-79
110000182,156,137,19
110000183,4113,1731,2382
110000184,159,638,-479
110000185,322,260,62
110000186,222,245,-23
110000191,68,248,-180
110000192,94,0,94
110000193,74,0,74
110000194,3,569,-566
110000195,32,219,-187
110000196,97,299,-202
110000197,6,123,-117
110000198,27,22,5
110000199,12,44,-32
110000200,587,294,293
110000201,124,211,-87
110000202,295,101,194
110000203,199,330,-131
110000204,1,167,-166
110000205,10,19,-9
110000206,180,788,-608
110000207,92,146,-54
110000208,25,44,-19
110000209,39,352,-313
110000210,103,213,-110
110000211,163,239,-76
110000212,79,249,-170
110000213,22,15,7
110000214,34,24,10
110000215,18,308,-290
110000216,13,300,-287
110000217,49,141,-92
110000218,36,262,-226
110000219,55,17,38
110000220,7,223,-216
110000221,94,15,79
110000222,5,181,-176
110000223,1,22,-21
110000224,10,1,9
110000225,37,214,-177
110000226,59,8,51
110000227,186,142,44
110000228,102,39,63
110000229,0,127,-127
110000230,79,317,-238
110000231,38,63,-25
110000232,34,83,-49
110000233,50,95,-45
110000234,162,137,25
110000235,433,222,211
110000236,102,617,-515
110000237,475,491,-16
110000238,187,539,-352
110000239,322,682,-360
110000240,1,21,-20
110000242,0,4,-4
110000243,20,99,-79
110000244,19,158,-139
110000245,11,206,-195
110000246,172,395,-223
110000247,744,1541,-797
110000248,1109,622,487
110000249,31,6,25
110000250,3,97,-94
110000251,36,267,-231
110000252,49,113,-64
110000253,398,219,179
110000254,316,682,-366
110000255,55,567,-512
110000256,99,66,33
110000257,146,189,-43
110000258,4,262,-258
110000259,39,7,32
110000260,8,255,-247
110000263,290,60,230
110000264,85,439,-354
110000265,401,512,-111
110000266,503,643,-140
110000267,5,64,-59
110000268,37,203,-166
110000269,0,27,-27
110000270,5,0,5
110000271,1136,77,1059
110000272,206,525,-319
110000273,513,571,-58
110000274,64,385,-321
110000275,1740,150,1590
110000276,35,78,-43
110000277,45,144,-99
110000278,115,401,-286
110000279,142,221,-79
110000280,61,204,-143
110000281,5,55,-50
110000282,40,26,14
110000283,11,22,-11
110000284,5,19,-14
110000285,0,41,-41
110000286,3,1,2
110000287,7,1,6
110000288,2,14,-12
110000289,163,503,-340
110000290,518,331,187
110000291,2952,424,2528
110000292,331,1672,-1341
110000293,121,496,-375
110000294,160,382,-222
110000295,26,388,-362
110000296,87,171,-84
110000297,1330,177,1153
110000298,248,225,23
110000299,277,8,269
110000301,59,2,57
110000302,92,705,-613
110000303,78,0,78
110000304,43,122,-79
110000305,144,1,143
110000306,47,1057,-1010
110000307,210,0,210
110000308,27,3,24
110000309,2,790,-788
110000310,147,31,116
110000311,10,474,-464
110000312,248,13,235
110000313,1249,797,452
110000314,1,128,-127
110000315,1055,670,385
110000316,299,545,-246
110000317,149,166,-17
110000318,1,30,-29
110000319,0,2,-2
110000320,3,33,-30
110000321,3,16,-13
110000322,47,325,-278
110000323,86,146,-60
110000324,3082,542,2540
110000325,749,966,-217
110000327,115,57,58
110000328,47,260,-213
110000333,163,201,-38
110000334,148,832,-684
110000335,293,199,94
110000336,159,888,-729
110000337,228,217,11
110000338,43,137,-94
110000339,68,101,-33
110000340,2,71,-69
110000341,74,352,-278
110000342,54,1,53
110000343,0,3,-3
110000344,21,64,-43
110000345,13,37,-24
110000346,883,464,419
110000347,595,354,241
110000348,0,12,-12
110000349,3,3,0
110000350,10,0,10
110000351,204,343,-139
110000352,107,669,-562
110000353,1585,279,1306
110000354,308,830,-522
110000355,18,28,-10
110000356,133,0,133
110000357,100,3,97
110000361,2,45,-43
110000362,7,18,-11
110000363,68,44,24
110000364,24,162,-138
110000365,57,0,57
110000366,0,53,-53
110000367,190,98,92
110000368,0,36,-36
110000369,5,1,4
110000373,0,195,-195
110000374,4,6,-2
110000375,103,276,-173
110000376,9,49,-40
110000377,9,84,-75
110000378,7,196,-189
110000379,1803,394,1409
110000380,7,2,5
110000383,0,219,-219
110000384,246,59,187
110000385,0,79,-79
110000387,5,10,-5
110000388,4,114,-110
110000389,51,1,50
110000391,84,228,-144
110000396,15,55,-40
110000397,12,78,-66
110000398,0,10,-10
110000399,59,15,44
110000587,19,28,-9
110000589,42,52,-10
110000640,28,44,-16
110000652,0,46,-46
110000653,42,238,-196
110000654,3,14,-11
110000656,1,361,-360
110000674,3,3,0
110000675,4,3,1
110000676,0,15,-15
110000679,201,117,84
110000682,20,20,0
110000683,140,175,-35
110000684,1,25,-24
110000685,3,2,1
110000686,2,8,-6
110000687,4,0,4
110000688,15,124,-109
110000689,6,31,-25
110000692,37,162,-125
110000693,39,71,-32
110000694,0,80,-80
110000695,52,394,-342
110000696,57,62,-5
110000698,17,117,-100
110000699,22,249,-227
110900001,46,1,45
110900002,20,85,-65
110900003,87,485,-398
110900004,57,124,-67
110900005,2176,347,1829
110900006,16,2,14
110900007,10,5,5
110900008,4,23,-19
110900009,61,34,27
110900010,1,29,-28
110900011,3,28,-25
110900012,1,75,-74
110900013,137,39,98
110900014,20,10,10
110900015,427,58,369
110900016,2,127,-125
110900017,43,16,27
110900018,52,7,45
110900019,16,12,4
110900020,9,294,-285
110900021,17,219,-202
110900022,17,175,-158
110900023,10,231,-221
110900024,8,277,-269
110900025,1,11,-10
110900027,9,95,-86
110900028,6,76,-70
110900029,13,182,-169
110900030,6,166,-160
110900031,1,77,-76
110900032,0,66,-66
110900033,7,143,-136
110900035,13,291,-278
110900036,13,13,0
110900037,9,10,-1
110900038,496,49,447
110900039,2,109,-107
110900040,42,5,37
110900041,1,73,-72
110900042,15,19,-4
110900043,3,109,-106
110900044,79,10,69
110900045,10,297,-287
110900046,79,176,-97
110900047,281,40,241
110900049,8,6,2
110900050,4,1,3
110900052,5,167,-162
110900053,17,21,-4
110900054,5,132,-127
110900055,8,0,8
110900056,11,59,-48
110900057,2,175,-173
110900058,37,119,-82
110900059,158,401,-243
110900060,60,23,37
110900061,9,11,-2
110900062,14,171,-157
110900063,6,34,-28
110900064,3,0,3
110900065,118,27,91
110900066,1,25,-24
110900067,280,130,150
110900068,118,101,17
110900069,0,13,-13
110900070,65,21,44
110900071,57,87,-30
110900073,0,8,-8
110900074,61,28,33
110900075,55,20,35
110900077,73,110,-37
110900078,2,72,-70
110900079,830,169,661
110900080,6,12,-6
110900081,0,73,-73
110900082,9,128,-119
110900083,60,5,55
110900084,6,143,-137
110900085,18,135,-117
110900086,15,24,-9
110900087,25,29,-4
110900088,1,0,1
110900090,7,14,-7
110900091,0,33,-33
110900093,27,27,0
110900095,5,7,-2
110900097,0,10,-10
110900098,7,35,-28
110900099,23,198,-175
110900100,0,11,-11
110900102,3,21,-18
110900105,251,101,150
110900108,0,39,-39
110900111,69,21,48
110900112,85,1,84
110900113,162,2,160
110900115,3,72,-69
110900116,79,1229,-1150
110900118,38,268,-230
110900119,2531,118,2413
110900120,0,101,-101
110900121,14,1,13
110900122,80,41,39
110900125,36,84,-48
110900127,242,183,59
110900128,104,125,-21
110900129,49,53,-4
110900130,432,87,345
110900131,11,14,-3
110900132,42,12,30
110900133,13,117,-104
110900135,21,226,-205
110900136,48,3,45
110900139,19,0,19
110900140,6,0,6
110900141,75,56,19
110900142,10,80,-70
110900143,24,12,12
110900144,0,293,-293
110900145,18,2,16
110900146,127,14,113
110900147,60,99,-39
110900148,0,103,-103
110900149,0,24,-24
110900150,0,7,-7
110900151,0,20,-20
110900152,2,209,-207
110900153,13,8,5
111000001,160,228,-68
111000002,436,425,11
111000003,248,189,59
111000004,294,710,-416
111000005,296,279,17
111000006,327,846,-519
111000007,1459,672,787
111000008,1663,1319,344
111000009,117,450,-333
111000010,163,101,62
111000011,246,475,-229
111000012,413,108,305
111000013,147,590,-443
111000014,572,211,361
111000017,18,219,-201
111000018,46,186,-140
111000020,1005,843,162
111000021,57,50,7
111000023,33,55,-22
111000025,2964,603,2361
111000029,28,54,-26
111000030,32,36,-4
111000031,829,230,599
111000032,237,71,166
111000033,102,51,51
111000034,136,82,54
111000037,1392,607,785
111000038,1141,907,234
111000039,469,1023,-554
111000040,406,1111,-705
111000041,336,616,-280
111000042,3274,1202,2072
111000043,663,561,102
111000044,299,114,185
111000045,320,492,-172
111000046,256,527,-271
111000047,498,898,-400
111000049,101,266,-165
111000050,738,982,-244
111000051,133,631,-498
111000052,216,633,-417
111000053,102,558,-456
111000054,88,495,-407
111000055,419,1055,-636
111000056,34,427,-393
111000057,17,475,-458
111000058,38,100,-62
111000059,75,138,-63
111000060,646,137,509
111000061,107,132,-25
111000062,100,99,1
111000063,435,354,81
111000064,162,217,-55
111000065,253,268,-15
111000066,63,87,-24
111000067,187,325,-138
111000068,123,241,-118
111000069,720,914,-194
111000070,1375,603,772
111000071,110,433,-323
111000072,145,77,68
111000073,36,208,-172
111000074,426,437,-11
111000075,109,334,-225
111000076,82,319,-237
111000077,251,410,-159
111000078,686,529,157
111000079,423,263,160
111000080,102,268,-166
111000081,1076,1389,-313
111000082,196,343,-147
111000084,222,217,5
111000085,370,830,-460
111000086,1358,824,534
111000087,284,438,-154
111000088,2737,773,1964
111000089,142,426,-284
111000090,603,624,-21
111000091,157,507,-350
111000092,231,799,-568
111000093,148,372,-224
111000094,305,428,-123
111000095,171,641,-470
111000096,942,1931,-989
111000097,2907,518,2389
111000098,83,794,-711
111000099,92,1562,-1470
111000100,87,1340,-1253
111000101,146,409,-263
111000102,34,406,-372
111000104,67,66,1
111000107,19,405,-386
111000109,120,45,75
111000110,220,161,59
111000111,306,138,168
111000112,291,95,196
111000113,187,200,-13
111000114,455,321,134
111000115,2956,331,2625
111000116,318,289,29
111000117,231,329,-98
111000118,492,345,147
111000119,316,668,-352
111000120,120,186,-66
111000121,99,168,-69
111000122,105,523,-418
111000123,270,1870,-1600
111000124,103,2340,-2237
111000125,54,1268,-1214
111000126,12,623,-611
111000127,217,40,177
111000128,235,67,168
111000129,490,84,406
111000130,398,283,115
111000131,244,219,25
111000132,206,152,54
111000133,28,34,-6
111000134,40,38,2
111000135,6,42,-36
111000136,77,76,1
111000138,2,0,2
111000140,0,3,-3
111000141,6,64,-58
111000142,2,72,-70
111000143,0,46,-46
111000144,0,64,-64
111000145,4,0,4
111000146,11,1,10
111000147,17,2,15
111000148,31,24,7
111000149,1,14,-13
111000150,4,2,2
111000151,1,10,-9
111000153,158,214,-56
111000154,151,122,29
111000155,31,68,-37
111000156,143,65,78
111000157,30,100,-70
111000158,197,243,-46
111000159,945,202,743
111000160,90,191,-101
111000161,5,76,-71
111000162,1,65,-64
111000163,172,317,-145
111000164,437,893,-456
111000165,430,180,250
111000166,244,102,142
111000167,102,188,-86
111000168,89,162,-73
111000169,70,187,-117
111000170,136,152,-16
111000171,137,523,-386
111000172,59,335,-276
111000173,131,675,-544
111000174,31,267,-236
111000175,13,158,-145
111000176,38,94,-56
111000177,36,144,-108
111000178,282,225,57
111000179,31,91,-60
111000180,29,158,-129
111000181,203,143,60
111000182,34,55,-21
111000183,53,87,-34
111000184,58,80,-22
111000185,125,240,-115
111000186,73,187,-114
111000187,26,189,-163
111000188,61,241,-180
111000189,710,277,433
111000190,56,322,-266
111000191,34,242,-208
111000192,71,378,-307
111000193,212,213,-1
111000194,10,274,-264
111000195,29,226,-197
111000196,16,166,-150
111000197,52,60,-8
111000198,80,24,56
111000199,30,71,-41
111000200,49,111,-62
111000201,117,94,23
111000202,61,80,-19
111000203,87,66,21
111000204,130,107,23
111000213,48,138,-90
111000214,373,791,-418
111000215,271,693,-422
111000217,225,410,-185
111000218,320,384,-64
111000219,128,157,-29
111000220,1240,201,1039
111000221,220,25,195
111000224,96,250,-154
111000225,136,93,43
111000226,75,2,73
111000227,31,0,31
111000228,2,61,-59
111000229,12,104,-92
111000230,57,186,-129
111000231,90,599,-509
111000232,57,389,-332
111000233,66,301,-235
111000234,12,63,-51
111000239,42,70,-28
111000240,4,16,-12
111000241,10,221,-211
111000242,13,11,2
111000243,18,521,-503
111000244,33,70,-37
111000245,124,284,-160
111000246,67,284,-217
111000247,64,663,-599
111000248,71,160,-89
111000249,197,532,-335
111000250,13,69,-56
111000251,19,60,-41
111000253,0,0,0
111000255,0,0,0
111000257,0,0,0
111000260,25,572,-547
111000261,147,27,120
111000271,12,184,-172
111000273,3104,510,2594
111000274,447,660,-213
111000275,27,23,4
111000276,88,1407,-1319
111000277,46,189,-143
111000278,111,83,28
111000291,208,920,-712
111000298,132,201,-69
111000299,102,25,77
111000300,29,288,-259
111000302,28,28,0
111000303,28,104,-76
111000312,10,28,-18
111000315,17,107,-90
111000320,92,313,-221
111000321,100,17,83
111000322,42,250,-208
111000323,27,1,26
111000324,108,145,-37
111000325,5,26,-21
111000326,45,161,-116
111000327,91,299,-208
111000328,61,147,-86
111000329,1,15,-14
111000330,11,12,-1
111000331,13,3,10
111000332,119,390,-271
111000334,115,907,-792
111000335,113,63,50
111000337,104,178,-74
111000338,3,64,-61
111000339,36,246,-210
111000340,19,464,-445
111000341,287,85,202
111000342,14,114,-100
111000344,231,282,-51
111000345,33,9,24
111000346,4,48,-44
111000347,22,0,22
111000350,89,39,50
111000351,28,113,-85
111000352,44,34,10
111000353,14,126,-112
111000354,127,32,95
111000355,94,311,-217
111000358,26,976,-950
111000360,26,523,-497
111000361,35,213,-178
111000546,46,381,-335
111000547,61,333,-272
111000548,24,67,-43
111000549,41,199,-158
111000550,25,66,-41
111000551,170,41,129
111000552,75,18,57
111000907,83,4,79
111000908,4,0,4
111000916,198,99,99
111000917,6,163,-157
111000918,27,503,-476
111000920,69,10,59
111000921,4,228,-224
111000922,64,156,-92
111000924,13,492,-479
111000925,581,592,-11
111000926,361,1693,-1332
111000927,765,999,-234
111000928,2760,1685,1075
111000929,309,376,-67
111000930,267,1102,-835
111000931,429,521,-92
111000932,1211,1056,155
111000933,858,539,319
111000934,849,1172,-323
111000935,317,339,-22
111000936,278,1102,-824
111000937,292,380,-88
111000938,680,1091,-411
111000939,110,8,102
111000940,124,115,9
111000941,37,286,-249
111000943,63,106,-43
111000944,28,352,-324
111000945,2,1297,-1295
111001109,102,42,60
111001110,79,336,-257
111001111,2,2,0
111001112,32,1,31
111001113,21,70,-49
111001114,354,22,332
111001115,59,121,-62
111001116,1772,394,1378
111001117,218,238,-20
111001120,69,147,-78
111001121,37,209,-172
111001122,65,411,-346
111001123,28,85,-57
111001124,64,314,-250
111001125,1,11,-10
111001126,0,0,0
111001127,0,31,-31
111001128,138,334,-196
111900001,0,100,-100
111900002,1,275,-274
111900003,0,180,-180
111900004,2,63,-61
111900006,2,2,0
111900007,8,1,7
111900008,8,0,8
111900009,8,0,8
111900010,67,268,-201
111900012,35,38,-3
111900013,1,15,-14
111900014,3914,566,3348
111900015,0,15,-15
111900016,1,133,-132
111900017,0,74,-74
111900018,22,0,22
111900019,0,27,-27
111900020,1,35,-34
111900021,17,26,-9
111900022,4,24,-20
111900023,102,14,88
111900024,13,109,-96
111900025,1,23,-22
111900026,0,63,-63
111900027,1,66,-65
111900028,2,244,-242
111900029,0,44,-44
111900030,16,140,-124
111900032,0,247,-247
111900033,5,45,-40
111900034,31,236,-205
111900035,0,88,-88
111900036,1,236,-235
111900038,127,269,-142
111900039,13,182,-169
111900040,2,520,-518
111900042,14,13,1
111900043,4,311,-307
111900044,22,103,-81
111900046,29,113,-84
111900048,24,533,-509
111900049,7,164,-157
111900050,10,1,9
111900051,1,130,-129
111900052,114,315,-201
111900053,677,100,577
111900054,5,0,5
111900055,11,466,-455
111900056,34,40,-6
111900057,13,22,-9
111900058,51,483,-432
111900059,789,92,697
111900060,41,0,41
111900061,6,194,-188
111900062,3,3,0
111900063,12,79,-67
111900064,62,148,-86
111900065,6,6,0
111900066,19,28,-9
111900067,0,86,-86
111900068,10,5,5
111900069,5,3,2
111900070,17,50,-33
111900071,0,104,-104
111900072,7,2,5
111900073,106,8,98
111900074,0,93,-93
111900075,22,12,10
111900076,12,8,4
111900077,2,2,0
111900078,41,1,40
111900079,2,2,0
111900080,26,20,6
111900082,13,1,12
111900083,5,1,4
111900084,6,0,6
111900085,6,8,-2
111900086,18,1,17
111900087,13,1,12
111900088,37,0,37
111900089,1,1,0
111900090,9,2,7
111900091,18,0,18
111900092,6,0,6
111900093,32,1,31
111900094,16,0,16
111900095,40,3,37
111900096,5,1,4
111900097,4,1,3
111900098,8,0,8
111900099,0,0,0
111900100,5,0,5
111900101,20,3,17
111900102,54,404,-350
111900103,7,17,-10
111900104,7,28,-21
111900105,23,26,-3
111900106,544,18,526
111900110,1575,36,1539
111900111,3,10,-7
111900112,257,266,-9
111900113,124,8,116
111900118,21,4,17
111900119,47,7,40
111900122,13,5,8
111900123,0,10,-10
111900124,9,75,-66
111900125,61,2,59
111900126,15,1,14
111900127,0,416,-416
111900128,1,278,-277
111900129,32,0,32
111900130,25,3,22
111900131,51,0,51
111900132,11,556,-545
111900133,5,106,-101
111900134,17,192,-175
111900135,0,1,-1
111900136,10,24,-14
111900137,14,11,3
111900138,3,26,-23
111900139,3,77,-74
111900140,12,12,0
111900141,8,6,2
111900142,30,18,12
111900143,0,66,-66
111900144,0,80,-80
111900145,2,374,-372
111900146,1,267,-266
111900147,32,352,-320
111900148,5,618,-613
111900149,9,290,-281
111900150,6,105,-99
111900151,0,8,-8
111900152,37,8,29
111900153,818,78,740
111900154,2,38,-36
111900155,2,15,-13
111900156,1,7,-6
111900157,11,6,5
111900158,49,5,44
111900159,14,0,14
111900160,27,0,27
111900161,11,0,11
111900162,16,36,-20
111900163,13,115,-102
111900164,19,9,10
111901113,30,229,-199
111901114,8,181,-173
111901115,3,0,3
111901116,13,0,13
111901117,3,0,3
111901118,45,8,37
111901119,637,29,608
111901121,72,173,-101
111901122,0,312,-312
111901123,11,248,-237
111901124,25,0,25
111901125,31,122,-91
111901127,344,46,298
111901128,2,18,-16
111901129,0,51,-51
111901130,1,99,-98
111901131,1,220,-219
111901132,33,4,29
111901133,4,0,4
111901134,8,0,8
111901135,2,1,1
111901138,13,24,-11
111901139,5,14,-9
111901140,5,50,-45
111901141,5,79,-74
111901142,1,75,-74
111901143,4,39,-35
111901144,10,7,3
111901145,29,40,-11
111901146,18,0,18
111901147,606,50,556
111901148,4,28,-24
111901149,1,0,1
111901150,2,1,1
111901151,0,0,0
111901152,3,14,-11
112000001,456,322,134
112000002,319,1088,-769
112000003,170,282,-112
112000004,172,805,-633
112000005,468,537,-69
112000006,547,817,-270
112000007,525,482,43
112000008,701,1320,-619
112000009,1601,1534,67
112000010,991,1054,-63
112000011,883,1111,-228
112000012,1628,554,1074
112000013,2341,1249,1092
112000014,1277,198,1079
112000015,2214,705,1509
112000016,1379,294,1085
112000017,560,370,190
112000024,790,191,599
112000026,2357,2568,-211
112000027,212,166,46
112000028,762,791,-29
112000029,84,174,-90
112000030,120,66,54
112000031,587,577,10
112000032,198,12,186
112000033,924,193,731
112000034,281,12,269
112000035,20,63,-43
112000036,296,210,86
112000037,340,347,-7
112000038,292,310,-18
112000039,16,47,-31
112000040,47,115,-68
112000041,121,230,-109
112000042,290,106,184
112000050,165,380,-215
112000051,140,232,-92
112000054,637,940,-303
112000057,214,161,53
112000058,82,147,-65
112000059,147,180,-33
112000061,2167,566,1601
112000062,708,171,537
112000063,527,340,187
112000064,2252,2725,-473
112000065,1375,1416,-41
112000066,984,399,585
112000067,251,279,-28
112000068,528,396,132
112000069,222,882,-660
112000070,494,239,255
112000071,294,1488,-1194
112000072,359,284,75
112000073,479,803,-324
112000074,313,302,11
112000075,266,333,-67
112000076,1281,1255,26
112000077,122,287,-165
112000078,469,345,124
112000079,536,602,-66
112000080,138,408,-270
112000081,321,743,-422
112000082,255,175,80
112000083,177,794,-617
112000084,281,236,45
112000085,327,802,-475
112000086,437,593,-156
112000087,51,583,-532
112000088,97,364,-267
112000089,79,126,-47
112000090,134,228,-94
112000091,236,604,-368
112000092,343,270,73
112000093,563,692,-129
112000094,93,274,-181
112000095,181,391,-210
112000096,114,252,-138
112000097,265,119,146
112000098,196,641,-445
112000099,150,158,-8
112000100,230,302,-72
112000101,125,476,-351
112000102,197,186,11
112000103,102,825,-723
112000105,234,1249,-1015
112000106,354,150,204
112000107,11,56,-45
112000108,117,858,-741
112000109,29,42,-13
112000110,376,205,171
112000111,489,2271,-1782
112000112,720,178,542
112000113,415,1288,-873
112000114,544,356,188
112000115,83,231,-148
112000116,43,458,-415
112000117,139,362,-223
112000118,227,505,-278
112000119,111,505,-394
112000120,34,172,-138
112000121,19,311,-292
112000122,41,37,4
112000123,52,41,11
112000124,38,24,14
112000125,30,40,-10
112000126,27,374,-347
112000127,649,436,213
112000128,414,164,250
112000129,17,42,-25
112000130,14,19,-5
112000131,2,133,-131
112000132,22,147,-125
112000133,62,90,-28
112000134,96,196,-100
112000135,178,283,-105
112000136,238,743,-505
112000137,319,545,-226
112000138,473,683,-210
112000139,265,85,180
112000140,277,540,-263
112000141,173,86,87
112000142,59,536,-477
112000143,150,103,47
112000144,89,888,-799
112000145,482,265,217
112000146,140,1346,-1206
112000147,429,542,-113
112000148,501,1149,-648
112000149,59,341,-282
112000150,45,321,-276
112000151,97,259,-162
112000152,76,139,-63
112000153,71,145,-74
112000154,46,33,13
112000155,31,16,15
112000157,101,133,-32
112000158,75,319,-244
112000159,138,139,-1
112000167,59,14,45
112000169,138,125,13
112000173,104,63,41
112000175,49,157,-108
112000176,1318,631,687
112000177,67,20,47
112000178,15,156,-141
112000179,50,60,-10
112000180,29,99,-70
112000181,304,866,-562
112000182,177,1038,-861
112000183,12,19,-7
112000184,75,286,-211
112000185,58,243,-185
112000187,657,654,3
112000195,37,1,36
112000196,1,0,1
112000197,1,41,-40
112000198,8,167,-159
112000199,175,319,-144
112000202,50,0,50
112000216,14,60,-46
112000230,11,0,11
112000231,0,131,-131
112000256,11,35,-24
112000313,38,103,-65
112000314,3,1,2
112000337,32,165,-133
112000352,74,63,11
112000392,526,479,47
112000398,234,243,-9
112000399,768,507,261
112000400,653,1709,-1056
112000401,1016,884,132
112000402,468,594,-126
112000403,591,619,-28
112000404,131,176,-45
112000405,545,749,-204
112000406,1404,1582,-178
112000407,1097,1651,-554
112000408,3562,2919,643
112000409,686,1994,-1308
112000410,28,47,-19
112000411,2139,202,1937
112000412,298,61,237
112000413,3915,613,3302
112000414,16,40,-24
112000415,19,16,3
112000416,411,430,-19
112000417,46,21,25
112000421,10,58,-48
112000422,98,156,-58
112000424,813,419,394
112000425,113,644,-531
112000426,33,95,-62
112000427,0,6,-6
112000428,24,180,-156
112000429,634,1079,-445
112000430,642,1297,-655
112000431,21,25,-4
112000432,153,1114,-961
112000433,218,144,74
112000437,4,226,-222
112900001,23,0,23
112900002,35,596,-561
112900003,1,101,-100
112900004,2,112,-110
112900005,15,104,-89
112900007,0,67,-67
112900008,0,3,-3
112900009,87,44,43
112900010,21,292,-271
112900011,111,59,52
112900012,0,25,-25
112900013,0,47,-47
112900014,0,70,-70
112900015,63,419,-356
112900016,0,92,-92
112900017,3,85,-82
112900018,29,589,-560
112900019,19,43,-24
112900020,156,715,-559
112900021,3,188,-185
112900022,1,34,-33
112900023,2,163,-161
112900024,2,103,-101
112900025,23,81,-58
112900026,0,160,-160
112900027,1,652,-651
112900028,11,67,-56
112900029,7,269,-262
112900030,187,46,141
112900031,1,273,-272
112900032,43,93,-50
112900034,1,9,-8
112900035,3,252,-249
112900036,6,56,-50
112900037,32,24,8
112900038,45,58,-13
112900039,2,142,-140
112900040,2,121,-119
112900041,273,254,19
112900042,4,204,-200
112900043,1,14,-13
112900044,178,86,92
112900045,190,74,116
112900046,57,18,39
112900047,5,2,3
112900049,5,19,-14
112900050,30,240,-210
112900051,94,324,-230
112900052,3,581,-578
112900053,131,24,107
112900054,88,5,83
112900055,32,6,26
112900056,19,16,3
112900057,2,307,-305
112900058,107,32,75
112900059,19,88,-69
112900060,0,65,-65
112900061,5,67,-62
112900062,8,45,-37
112900063,16,0,16
112900064,48,26,22
112900065,1,3,-2
112900066,23,25,-2
112900067,175,15,160
112900068,3,6,-3
112900069,1146,97,1049
112900071,0,0,0
112900072,39,133,-94
112900073,45,3,42
112900074,5,32,-27
112900075,774,88,686
112900076,4,2,2
112900078,20,85,-65
112900079,22,0,22
112900080,6,0,6
112900081,8,26,-18
112900082,57,3,54
112900083,3,8,-5
112900084,32,9,23
112900086,9,0,9
112900087,83,8,75
112900088,6,0,6
112900089,137,1,136
112900090,3,1,2
112900091,17,0,17
112900092,33,28,5
112900093,112,4,108
112900095,0,0,0
112900096,47,24,23
112900097,15,154,-139
112900098,3,0,3
112900099,101,0,101
112900100,3,0,3
112900101,29,0,29
112900102,10,2,8
112900103,76,1,75
112900104,59,1,58
112900105,1,0,1
112900106,105,18,87
112900107,1,0,1
112900108,0,0,0
112900109,13,0,13
112900110,115,2,113
112900111,95,0,95
112900112,16,0,16
112900113,0,7,-7
112900114,3,7,-4
112900115,92,0,92
112900116,19,2,17
112900117,38,31,7
112900118,4,17,-13
112900119,10,1,9
112900120,191,55,136
112900121,64,26,38
112900122,3,51,-48
112900123,27,0,27
112900124,0,51,-51
112900125,8,88,-80
112900126,60,114,-54
112900127,64,4,60
112900128,186,335,-149
112900129,0,431,-431
112900130,34,16,18
112900131,13,122,-109
112900132,28,295,-267
112900133,8,536,-528
112900134,1,127,-126
112900135,17,2,15
112900137,8,384,-376
112900138,2,169,-167
112900139,62,477,-415
112900141,60,15,45
112900142,13,19,-6
112900143,19,282,-263
112900144,5,569,-564
112900145,15,163,-148
112900146,6,583,-577
112900147,5,1402,-1397
112900148,2,0,2
112900149,16,162,-146
112900151,19,9,10
112900152,2453,241,2212
112900153,272,220,52
112900154,1,38,-37
112900155,18,1,17
112900156,32,837,-805
112900157,16,58,-42
112900158,0,1,-1
112900159,36,17,19
112900160,4,118,-114
112900161,7,1,6
112900162,11,5,6
112900163,26,6,20
112900164,5,13,-8
112900165,37,5,32
112900166,15,15,0
112900167,0,9,-9
112900168,0,0,0
112900169,3,1,2
112900170,10,42,-32
112900172,37,0,37
112900173,52,25,27
112900174,17,1,16
112900175,29,5,24
112900176,15,1,14
112900177,54,1,53
112900178,91,305,-214
112900179,11,311,-300
112900180,234,983,-749
112900181,67,17,50
112900182,6,718,-712
112900183,25,44,-19
112900184,84,115,-31
112900185,44,68,-24
112900186,395,172,223
112900187,4,44,-40
112900188,373,74,299
112900189,0,13,-13
112900190,1,16,-15
112900192,75,41,34
112900193,228,64,164
112900194,9,34,-25
112900195,128,8,120
112900196,108,272,-164
112900197,25,193,-168
112900199,55,145,-90
112900200,54,116,-62
112900201,31,42,-11
112900202,30,353,-323
112900203,10,125,-115
112900204,125,77,48
112900205,0,4,-4
112900206,0,23,-23
112900207,2,1,1
112900208,9,20,-11
112900209,77,193,-116
112900210,0,5,-5
112900211,14,9,5
112900212,0,21,-21
112900213,2,3,-1
112900214,3,2,1
112900215,1,96,-95
112900216,3,8,-5
112900217,0,35,-35
112900218,1,0,1
112900219,8,5,3
112900220,0,0,0
112900221,2,84,-82
112900222,0,6,-6
112900223,101,2,99
112900224,41,348,-307
112900225,58,299,-241
112900226,44,52,-8
112900227,37,426,-389
112900228,8,7,1
112900229,8,22,-14
112900230,2658,677,1981
112900232,20,47,-27
112900233,9,74,-65
112900234,0,41,-41
112900235,2,4,-2
112900236,15,3,12
112900237,11,236,-225
112900238,0,22,-22
112900239,251,134,117
112900240,2,98,-96
112900241,1,81,-80
112900242,0,155,-155
112900243,3,175,-172
112900244,2,134,-132
112900245,1,17,-16
112900246,0,3,-3
112900247,49,4,45
112900248,2,4,-2
112900249,7,1,6
112900250,22,4,18
112900251,6,2,4
112900252,15,9,6
112900253,1,6,-5
112900254,1,2,-1
112900255,0,13,-13
112900256,0,2,-2
112900257,5,4,1
112900258,12,9,3
113000001,1638,1559,79
113000002,1203,1027,176
113000003,635,613,22
113000004,667,626,41
113000005,327,318,9
113000006,294,404,-110
113000007,479,443,36
113000008,413,410,3
113000009,251,388,-137
113000010,274,460,-186
113000011,276,623,-347
113000012,282,323,-41
113000013,324,180,144
113000014,479,435,44
113000015,144,96,48
113000016,84,80,4
113000017,11,135,-124
113000018,75,9,66
113000019,6,117,-111
113000020,17,7,10
113000021,361,310,51
113000022,206,644,-438
113000025,22,117,-95
113000026,98,129,-31
113000027,278,120,158
113000028,413,111,302
113000029,205,222,-17
113000030,288,253,35
113000031,119,76,43
113000032,67,46,21
113000033,80,92,-12
113000034,175,105,70
113000035,9,7,2
113000036,4,7,-3
113000037,28,8,20
113000038,6,10,-4
113000039,42,160,-118
113000040,18,51,-33
113000042,271,192,79
113000051,138,573,-435
113000052,905,317,588
113000053,64,234,-170
113000054,73,263,-190
113000055,321,375,-54
113000056,293,693,-400
113000058,170,504,-334
113000059,390,172,218
113000060,23,328,-305
113000061,217,244,-27
113000062,426,56,370
113000063,20,104,-84
113000064,10,158,-148
113000065,38,528,-490
113000066,119,32,87
113000067,325,313,12
113000068,88,902,-814
113000069,143,596,-453
113000070,264,280,-16
113000071,90,222,-132
113000072,73,126,-53
113000073,141,558,-417
113000074,365,100,265
113000075,617,170,447
113000076,331,605,-274
113000077,478,163,315
113000078,305,571,-266
113000079,431,234,197
113000080,254,203,51
113000081,224,321,-97
113000082,400,312,88
113000083,206,232,-26
113000084,584,369,215
113000085,274,200,74
113000086,266,444,-178
113000087,261,271,-10
113000088,642,467,175
113000089,313,408,-95
113000090,68,120,-52
113000091,259,101,158
113000094,201,94,107
113000095,96,507,-411
113000096,49,360,-311
113000097,200,111,89
113000098,14,11,3
113000099,391,138,253
113000100,37,134,-97
113000101,122,224,-102
113000102,159,86,73
113000103,920,318,602
113000104,145,1098,-953
113000105,174,209,-35
113000106,114,282,-168
113000107,227,430,-203
113000108,346,779,-433
113000109,181,943,-762
113000110,516,160,356
113000111,74,213,-139
113000112,132,118,14
113000113,530,121,409
113000114,222,314,-92
113000116,246,77,169
113000117,295,44,251
113000118,38,110,-72
113000119,65,137,-72
113000120,4,95,-91
113000121,174,296,-122
113000124,28,31,-3
113000125,4,200,-196
113000127,1717,186,1531
113000128,156,117,39
113000129,219,638,-419
113000133,1558,165,1393
113000134,1,198,-197
113000135,968,854,114
113000137,513,542,-29
113000139,97,24,73
113000140,74,47,27
113000141,56,37,19
113000142,166,133,33
113000143,105,39,66
113000144,80,229,-149
113000145,44,30,14
113000146,39,16,23
113000147,24,44,-20
113000148,20,27,-7
113000149,7,31,-24
113000150,93,141,-48
113000151,42,23,19
113000152,17,33,-16
113000153,519,179,340
113000154,103,395,-292
113000155,77,117,-40
113000156,52,85,-33
113000157,77,199,-122
113000158,122,92,30
113000159,212,167,45
113000160,177,386,-209
113000161,59,277,-218
113000162,189,136,53
113000163,22,17,5
113000164,24,44,-20
113000166,35,31,4
113000167,10,144,-134
113000168,15,98,-83
113000169,28,12,16
113000170,37,24,13
113000171,22,26,-4
113000172,49,22,27
113000173,11,3,8
113000174,44,328,-284
113000175,37,31,6
113000176,66,36,30
113000177,21,222,-201
113000178,60,326,-266
113000179,104,24,80
113000180,146,545,-399
113000181,348,466,-118
113000182,99,99,0
113000183,53,207,-154
113000184,9,38,-29
113000189,138,180,-42
113000190,366,90,276
113000192,1451,476,975
113000193,2457,373,2084
113000194,857,430,427
113000195,1027,184,843
113000196,43,43,0
113000197,496,332,164
113000198,19,127,-108
113000199,227,159,68
113000201,124,64,60
113000202,1370,459,911
113000203,196,33,163
113000204,640,397,243
113000205,5,6,-1
113000206,5,15,-10
113000207,10,2,8
113000208,12,25,-13
113000209,10,2,8
113000210,0,8,-8
113000211,200,108,92
113000212,119,10,109
113000213,8,38,-30
113000214,17,68,-51
113000234,54,658,-604
113000410,22,47,-25
113000411,913,1458,-545
113000412,3762,744,3018
113000413,1653,681,972
113000414,2694,2651,43
113000415,998,793,205
113000416,2560,1171,1389
113000417,946,686,260
113000418,1221,971,250
113000419,444,495,-51
113000420,917,791,126
113000421,1228,1676,-448
113000422,5992,2108,3884
113000423,1054,996,58
113000424,1713,2675,-962
113000425,6,24,-18
113000428,5,4,1
113000430,2,1,1
113000432,430,24,406
113000433,56,365,-309
113000434,19,196,-177
113000435,3,473,-470
113000436,36,637,-601
113000437,88,4,84
113000438,37,4,33
113000439,8,83,-75
113000440,17,15,2
113000441,26,72,-46
113000442,17,108,-91
113000443,31,133,-102
113000444,27,146,-119
113000445,33,45,-12
113000446,20,47,-27
113000448,112,47,65
113000449,105,326,-221
113000450,251,628,-377
113000451,697,48,649
113000452,171,131,40
113000453,26,101,-75
113000454,400,13,387
113000455,34,51,-17
113000456,905,388,517
113000468,1151,31,1120
113000469,45,21,24
113000470,134,43,91
113000471,5,78,-73
113000472,24,92,-68
113000474,99,301,-202
113000475,450,656,-206
113000476,283,812,-529
113000477,675,962,-287
113000478,1272,2398,-1126
113000479,4,146,-142
113000485,0,0,0
113000486,0,0,0
113000487,0,0,0
113000488,0,0,0
113000489,0,0,0
113000490,0,0,0
113000491,0,0,0
113000492,0,0,0
113000493,0,0,0
113000495,101,99,2
113000496,22,42,-20
113900001,1,33,-32
113900002,0,58,-58
113900003,0,24,-24
113900004,0,7,-7
113900005,0,7,-7
113900006,1,6,-5
113900007,9,0,9
113900008,3,0,3
113900009,53,1,52
113900010,18,0,18
113900011,13,1,12
113900012,1,0,1
113900013,115,2,113
113900014,177,0,177
113900015,0,17,-17
113900016,2,1,1
113900017,0,13,-13
113900018,107,19,88
113900019,14,17,-3
113900020,17,0,17
113900022,0,0,0
113900023,1,0,1
113900024,12,19,-7
113900025,72,1,71
113900026,4,0,4
113900027,1,25,-24
113900028,7,182,-175
113900029,13,137,-124
113900030,50,0,50
113900031,0,0,0
113900032,0,0,0
113900033,19,31,-12
113900035,10,0,10
113900036,1,48,-47
113900037,5,252,-247
113900038,29,11,18
113900039,13,6,7
113900040,0,0,0
113900041,0,0,0
113900042,5,16,-11
113900043,101,38,63
113900044,43,20,23
113900045,10,0,10
113900046,97,348,-251
113900047,3,72,-69
113900048,106,6,100
113900049,308,51,257
113900050,55,129,-74
113900051,64,112,-48
113900052,53,23,30
113900053,85,53,32
113900054,1,0,1
113900055,33,329,-296
113900056,14,37,-23
113900057,2,49,-47
113900058,8,53,-45
113900059,46,148,-102
113900060,49,71,-22
113900061,261,12,249
113900062,11,2,9
113900063,19,54,-35
113900064,5,73,-68
113900065,86,4,82
113900066,51,185,-134
113900067,3,125,-122
113900068,59,121,-62
113900069,17,1,16
113900070,55,202,-147
113900071,8,30,-22
113900072,5,54,-49
113900073,63,145,-82
113900074,14,215,-201
113900075,227,279,-52
113900076,32,1,31
113900077,6,117,-111
113900078,10,20,-10
113900079,0,16,-16
113900080,97,39,58
113900081,10,42,-32
113900082,47,58,-11
113900083,25,267,-242
113900084,43,10,33
113900085,10,179,-169
113900086,5,8,-3
113900087,14,80,-66
113900088,4,8,-4
113900089,101,4,97
113900090,121,106,15
113900091,8,3,5
113900092,7,14,-7
113900093,9,194,-185
113900094,47,130,-83
113900095,21,22,-1
113900096,18,15,3
113900097,0,49,-49
113900098,127,21,106
113900099,0,28,-28
113900100,0,0,0
113900101,9,4,5
113900102,14,25,-11
113900103,49,44,5
113900104,20,35,-15
113900105,4,148,-144
113900106,0,16,-16
113900107,0,2,-2
113900108,52,45,7
113900109,53,28,25
113900110,3,5,-2
113900111,8,31,-23
113900112,4,23,-19
113900113,180,124,56
113900114,0,26,-26
113900115,0,29,-29
113900116,11,25,-14
113900117,6,0,6
113900118,54,57,-3
113900119,74,67,7
113900120,10,4,6
113900121,24,39,-15
113900122,69,460,-391
113900123,75,35,40
113900124,0,20,-20
113900125,495,44,451
113900126,19,11,8
113900127,45,101,-56
113900128,48,16,32
113900129,2,15,-13
113900130,0,2,-2
113900131,16,9,7
113900132,12,11,1
113900133,3,25,-22
113900135,47,242,-195
113900136,17,15,2
113900137,60,84,-24
113900138,4,25,-21
113900139,187,16,171
113900140,91,41,50
113900141,48,185,-137
113900142,11,11,0
113900143,1,0,1
113900144,70,17,53
113900145,36,59,-23
113900146,18,11,7
113900148,30,38,-8
113900149,49,9,40
113900150,247,57,190
113900151,33,33,0
113900152,15,31,-16
113900153,70,66,4
113900154,0,32,-32
113900155,81,11,70
113900156,64,237,-173
113900157,4,83,-79
113900158,40,37,3
113900159,0,57,-57
113900160,142,221,-79
113900161,3,34,-31
113900162,137,65,72
113900163,56,47,9
113900164,61,14,47
113900165,177,174,3
113900166,37,12,25
113900167,46,5,41
113900168,31,45,-14
113900169,35,190,-155
113900171,29,1,28
113900172,2,127,-125
113900173,7,320,-313
113900174,93,308,-215
113900175,80,11,69
113900176,41,313,-272
113900177,103,48,55
113900178,44,50,-6
113900179,5,426,-421
113900180,47,27,20
113900181,113,26,87
113900182,91,287,-196
113900183,6,25,-19
113900184,2,251,-249
113900185,60,31,29
113900186,1,4,-3
113900187,20,55,-35
113900188,9,39,-30
113900189,70,20,50
113900190,93,29,64
113900191,20,55,-35
113900192,1041,370,671
113900193,1,159,-158
113900194,940,301,639
113900195,111,175,-64
113900196,0,29,-29
113900197,0,180,-180
113900198,1,43,-42
113900199,59,235,-176
113900200,3,50,-47
113900201,0,82,-82
113900202,3,43,-40
113900203,6,94,-88
113900204,7,301,-294
113900205,6,15,-9
113900206,0,40,-40
113900207,0,24,-24
113900208,0,32,-32
113900209,0,26,-26
113900210,184,71,113
113900211,32,6,26
113900212,21,248,-227
113900214,129,155,-26
113900215,2,45,-43
113900216,11,611,-600
113900217,10,174,-164
113900218,20,9,11
113900219,42,224,-182
113900220,19,5,14
113900221,65,23,42
113900222,376,105,271
113900223,7,406,-399
113900224,47,21,26
113900225,208,38,170
113900226,61,38,23
113900227,77,40,37
113900228,117,82,35
113900229,10,167,-157
113900230,1230,298,932
113900231,28,66,-38
113900232,8,29,-21
113900233,10,16,-6
113900234,23,76,-53
113900235,5,5,0
113900236,18,118,-100
113900237,17,2,15
113900238,24,135,-111
113900239,20,18,2
113900240,0,32,-32
113900241,28,11,17
113900242,23,28,-5
113900243,21,134,-113
113900244,143,41,102
113900245,402,52,350
113900246,2,9,-7
113900247,26,64,-38
113900248,1264,303,961
113900249,359,41,318
113900250,5,21,-16
113900251,109,82,27
113900252,96,3,93
113900253,196,5,191
113900254,107,8,99
113900255,69,3,66
113900256,66,6,60
113900257,9,386,-377
113900258,1,236,-235
113900259,55,127,-72
113900260,31,0,31
113900261,15,64,-49
113900262,36,324,-288
113900263,17,201,-184
113900264,3,367,-364
113900265,65,132,-67
113900266,12,152,-140
113900267,32,208,-176
113900268,35,77,-42
113900269,10,33,-23
113900270,37,102,-65
113900271,95,533,-438
113900273,1,0,1
113900274,5,2,3
113900275,8,13,-5
113900276,0,155,-155
113900277,14,0,14
113900278,65,25,40
113900279,52,43,9
113900280,319,149,170
113900281,53,190,-137
113900282,135,86,49
113900283,86,173,-87
113900284,146,32,114
113900285,28,3,25
113900286,0,50,-50
113900287,1,4,-3
113900288,0,31,-31
113900289,595,16,579
113900290,166,12,154
113900291,28,31,-3
113900292,1,0,1
113900293,0,45,-45
113900294,103,8,95
113900295,88,142,-54
113900296,614,55,559
113900297,185,7,178
113900298,2,566,-564
113900299,4,39,-35
113900300,1480,409,1071
113900301,250,70,180
113900302,991,305,686
113900303,192,56,136
113900304,0,91,-91
113900305,6,0,6
113900306,0,0,0
113900307,11,0,11
113900308,21,22,-1
113900309,1,344,-343
113900310,0,10,-10
113900311,0,0,0
113900312,17,41,-24
113900313,10,0,10
113900314,0,5,-5
113900315,16,0,16
114000001,433,1431,-998
114000002,41,182,-141
114000003,54,765,-711
114000004,83,180,-97
114000005,64,106,-42
114000006,1062,796,266
114000007,181,548,-367
114000008,779,345,434
114000009,83,60,23
114000011,703,1454,-751
114000012,586,1213,-627
114000013,360,971,-611
114000014,301,233,68
114000015,306,179,127
114000016,156,187,-31
114000017,20,86,-66
114000018,151,27,124
114000026,292,789,-497
114000027,537,871,-334
114000028,453,699,-246
114000038,28,52,-24
114000039,56,155,-99
114000040,32,61,-29
114000042,23,110,-87
114000043,18,118,-100
114000044,52,93,-41
114000045,9,57,-48
114000046,1242,1657,-415
114000047,1,16,-15
114000048,42,66,-24
114000049,482,323,159
114000050,635,258,377
114000051,1604,390,1214
114000052,1937,292,1645
114000053,12,150,-138
114000054,12,674,-662
114000055,67,11,56
114000056,281,131,150
114000057,3794,947,2847
114000058,106,126,-20
114000059,35,62,-27
114000060,127,238,-111
114000061,1027,352,675
114000062,473,156,317
114000063,1061,599,462
114000064,2146,765,1381
114000065,802,768,34
114000066,90,261,-171
114000067,5,97,-92
114000068,158,122,36
114000069,125,111,14
114000070,733,389,344
114000071,114,199,-85
114000072,45,185,-140
114000073,5,66,-61
114000074,9,4,5
114000075,10,104,-94
114000076,4,107,-103
114000077,1,32,-31
114000078,27,561,-534
114000079,18,9,9
114000080,46,24,22
114000081,22,40,-18
114000082,23,222,-199
114000083,2,96,-94
114000084,14,28,-14
114000085,69,382,-313
114000086,49,236,-187
114000087,9,95,-86
114000088,19,18,1
114000089,596,153,443
114000090,292,155,137
114000091,629,140,489
114000092,339,117,222
114000093,380,271,109
114000094,141,128,13
114000095,38,21,17
114000096,34,125,-91
114000097,31,255,-224
114000098,59,15,44
114000099,50,580,-530
114000100,154,306,-152
114000101,70,647,-577
114000102,47,114,-67
114000103,47,202,-155
114000104,0,99,-99
114000105,19,27,-8
114000106,280,132,148
114000107,25,38,-13
114000108,1440,671,769
114000109,58,217,-159
114000110,124,740,-616
114000111,161,117,44
114000112,146,1231,-1085
114000113,236,141,95
114000114,350,922,-572
114000115,329,150,179
114000116,107,283,-176
114000117,368,119,249
114000118,296,140,156
114000119,301,71,230
114000120,174,572,-398
114000121,148,270,-122
114000122,108,131,-23
114000123,217,66,151
114000124,89,101,-12
114000125,270,888,-618
114000126,183,53,130
114000127,43,49,-6
114000128,210,231,-21
114000130,102,123,-21
114000131,39,8,31
114000132,198,351,-153
114000133,345,518,-173
114000134,24,67,-43
114000138,16,71,-55
114000139,65,54,11
114000144,133,90,43
114000145,24,45,-21
114000146,40,93,-53
114000147,204,263,-59
114000148,773,226,547
114000149,114,71,43
114000150,585,341,244
114000151,746,350,396
114000152,93,8,85
114000153,506,561,-55
114000154,403,307,96
114000155,400,581,-181
114000156,295,164,131
114000157,108,307,-199
114000158,800,215,585
114000159,122,215,-93
114000160,28,105,-77
114000161,465,277,188
114000162,283,205,78
114000163,6,41,-35
114000165,122,68,54
114000166,236,55,181
114000167,1660,442,1218
114000168,293,317,-24
114000169,586,143,443
114000170,302,132,170
114000171,238,404,-166
114000174,83,208,-125
114000176,221,172,49
114000177,849,281,568
114000178,6,41,-35
114000179,483,228,255
114000180,84,192,-108
114000181,470,610,-140
114000182,2283,939,1344
114000183,256,480,-224
114000184,3586,909,2677
114000185,303,335,-32
114000189,56,22,34
114000190,292,37,255
114000191,23,20,3
114000192,150,831,-681
114000193,472,1922,-1450
114000194,498,747,-249
114000195,16,5,11
114000196,3,150,-147
114000197,271,2,269
114000198,407,177,230
114000199,671,363,308
114000200,220,1172,-952
114000201,40,528,-488
114000202,288,421,-133
114000203,279,577,-298
114000204,21,171,-150
114000205,91,709,-618
114000206,131,586,-455
114000207,291,1231,-940
114000208,203,1515,-1312
114000209,264,1834,-1570
114000210,171,1010,-839
114000211,297,559,-262
114000212,199,367,-168
114000213,426,272,154
114000214,16,83,-67
114000215,12,27,-15
114000216,154,58,96
114000217,32,161,-129
114000218,57,214,-157
114000219,188,127,61
114000220,3,793,-790
114000221,144,30,114
114000222,74,613,-539
114000223,63,21,42
114000224,26,306,-280
114000225,30,174,-144
114000226,16,115,-99
114000227,271,235,36
114000228,146,549,-403
114000229,165,728,-563
114000230,368,856,-488
114000231,187,661,-474
114000232,76,53,23
114000233,299,58,241
114000234,295,503,-208
114000235,222,848,-626
114000236,1,353,-352
114000237,26,736,-710
114000238,9,74,-65
114000239,46,906,-860
114000240,203,333,-130
114000241,93,640,-547
114000242,453,464,-11
114000243,248,380,-132
114000244,168,172,-4
114000245,111,335,-224
114000246,81,15,66
114000247,194,357,-163
114000248,203,253,-50
114000249,140,220,-80
114000250,65,229,-164
114000251,38,157,-119
114000252,18,32,-14
114000253,13,94,-81
114000254,2,28,-26
114000255,120,93,27
114000256,450,115,335
114000257,426,923,-497
114000258,47,240,-193
114000259,33,122,-89
114000260,0,17,-17
114000261,11,8,3
114000262,4,54,-50
114000263,0,0,0
114000264,72,277,-205
114000265,0,1,-1
114000267,0,574,-574
114000268,4,1250,-1246
114000270,40,1,39
114000271,83,51,32
114000283,265,197,68
114000285,33,163,-130
114000288,8,262,-254
114000289,283,57,226
114000293,33,168,-135
114000294,73,133,-60
114000395,322,20,302
114000396,42,83,-41
114000402,100,143,-43
114000403,67,236,-169
114000405,38,328,-290
114000423,22,279,-257
114000424,192,95,97
114000425,81,305,-224
114000426,73,133,-60
114000427,14,78,-64
114000428,93,22,71
114000429,3,129,-126
114000432,17,63,-46
114000434,16,41,-25
114000435,0,76,-76
114900001,41,824,-783
114900002,104,19,85
114900003,66,1115,-1049
114900004,37,37,0
114900005,90,513,-423
114900006,8,6,2
114900007,24,6,18
114900008,25,29,-4
114900010,867,579,288
114900011,20,33,-13
114900013,18,18,0
114900018,184,14,170
114900020,11,15,-4
114900022,1,224,-223
114900025,119,96,23
114900026,6,5,1
114900029,24,12,12
114900030,43,96,-53
114900031,33,27,6
114900032,22,7,15
114900034,9,95,-86
114900035,50,77,-27
114900036,79,559,-480
114900039,192,425,-233
114900040,15,77,-62
114900041,82,374,-292
114900042,166,498,-332
114900044,15,11,4
114900047,52,483,-431
114900048,6,85,-79
114900049,20,175,-155
114900050,12,310,-298
114900051,6,212,-206
114900052,45,51,-6
114900053,23,52,-29
114900054,22,38,-16
114900057,32,0,32
114900058,1,52,-51
114900059,14,15,-1
114900063,30,105,-75
114900064,174,385,-211
114900065,50,223,-173
114900067,6,128,-122
114900068,17,146,-129
114900069,62,71,-9
114900070,80,347,-267
114900072,6,79,-73
114900073,0,70,-70
114900074,68,416,-348
114900075,23,1,22
114900076,1,166,-165
114900080,1692,149,1543
114900082,1512,640,872
114900083,85,267,-182
114900090,46,30,16
114900091,27,52,-25
114900097,26,0,26
114900098,0,121,-121
114900099,31,0,31
115000001,4542,2596,1946
115000002,1312,1176,136
115000003,1777,1883,-106
115000004,703,1585,-882
115000005,460,1406,-946
115000006,203,534,-331
115000007,25,65,-40
115000008,180,235,-55
115000009,53,135,-82
115000010,86,67,19
115000013,29,39,-10
115000015,30,59,-29
115000016,27,48,-21
115000019,7,128,-121
115000020,46,76,-30
115000021,107,160,-53
115000022,130,169,-39
115000023,91,109,-18
115000024,412,291,121
115000025,222,109,113
115000026,30,148,-118
115000027,77,63,14
115000028,30,238,-208
115000029,91,42,49
115000030,49,372,-323
115000031,183,49,134
115000032,6,141,-135
115000033,29,6,23
115000034,35,360,-325
115000035,193,9,184
115000036,0,191,-191
115000037,73,0,73
115000038,14,96,-82
115000039,871,620,251
115000040,2549,1116,1433
115000041,325,588,-263
115000042,296,193,103
115000043,1200,911,289
115000044,1428,2093,-665
115000045,831,1722,-891
115000046,553,954,-401
115000047,684,1085,-401
115000048,768,1840,-1072
115000049,604,1546,-942
115000050,812,778,34
115000051,727,478,249
115000052,1764,1163,601
115000053,469,464,5
115000054,434,759,-325
115000055,13,194,-181
115000056,60,122,-62
115000057,160,367,-207
115000058,135,99,36
115000059,52,219,-167
115000061,75,29,46
115000062,25,178,-153
115000063,19,194,-175
115000064,73,74,-1
115000065,12,89,-77
115000067,35,3,32
115000069,6,127,-121
115000070,4,171,-167
115000071,68,4,64
115000072,12,16,-4
115000073,559,23,536
115000075,4,48,-44
115000076,1355,1298,57
115000077,428,2013,-1585
115000078,199,1004,-805
115000079,262,1296,-1034
115000080,462,1649,-1187
115000081,143,413,-270
115000082,842,1117,-275
115000083,467,1890,-1423
115000084,279,439,-160
115000085,143,604,-461
115000086,140,511,-371
115000087,203,603,-400
115000088,466,294,172
115000089,719,790,-71
115000090,281,248,33
115000091,188,757,-569
115000092,160,177,-17
115000093,163,0,163
115000094,3748,1729,2019
115000095,3080,1534,1546
115000096,260,1406,-1146
115000097,153,347,-194
115000098,180,400,-220
115000099,448,1777,-1329
115000100,175,229,-54
115000101,125,852,-727
115000102,75,77,-2
115000103,188,581,-393
115000105,25,133,-108
115000106,76,99,-23
115000107,74,375,-301
115000108,1802,1562,240
115000109,2523,793,1730
115000110,337,310,27
115000111,211,611,-400
115000112,245,140,105
115000113,228,310,-82
115000114,558,291,267
115000116,1013,417,596
115000117,1291,409,882
115000118,543,447,96
115000119,565,480,85
115000120,138,212,-74
115000121,846,220,626
115000122,973,235,738
115000123,363,331,32
115000124,355,262,93
115000125,86,284,-198
115000126,58,95,-37
115000127,115,53,62
115000128,406,182,224
115000129,51,69,-18
115000130,60,464,-404
115000131,65,120,-55
115000132,35,268,-233
115000133,68,137,-69
115000134,41,90,-49
115000135,33,105,-72
115000136,54,57,-3
115000137,14,86,-72
115000138,66,92,-26
115000139,68,89,-21
115000140,39,54,-15
115000141,68,138,-70
115000142,39,137,-98
115000143,98,228,-130
115000144,123,31,92
115000145,53,322,-269
115000146,45,112,-67
115000147,49,298,-249
115000148,88,588,-500
115000149,117,74,43
115000150,182,462,-280
115000151,145,112,33
115000152,187,702,-515
115000153,189,105,84
115000154,109,110,-1
115000155,161,446,-285
115000156,233,210,23
115000157,253,288,-35
115000158,88,125,-37
115000159,187,85,102
115000160,184,81,103
115000161,76,246,-170
115000162,179,114,65
115000163,302,218,84
115000164,187,234,-47
115000165,95,109,-14
115000167,16,24,-8
115000168,180,105,75
115000169,160,155,5
115000170,64,73,-9
115000171,114,87,27
115000172,815,198,617
115000173,82,79,3
115000174,13,90,-77
115000175,46,111,-65
115000176,34,18,16
115000177,14,33,-19
115000178,2,153,-151
115000179,17,4,13
115000180,14,274,-260
115000181,109,32,77
115000182,121,144,-23
115000183,39,430,-391
115000186,155,108,47
115000187,27,284,-257
115000188,182,228,-46
115000189,54,203,-149
115000190,221,118,103
115000191,63,103,-40
115000194,37,44,-7
115000195,113,75,38
115000196,13,45,-32
115000197,27,299,-272
115000198,39,118,-79
115000199,37,151,-114
115000200,55,35,20
115000201,24,183,-159
115000206,82,9,73
115000207,9,141,-132
115000208,262,333,-71
115000209,119,47,72
115000210,62,39,23
115000211,69,85,-16
115000212,694,180,514
115000224,22,12,10
115000225,40,16,24
115000229,106,47,59
115000230,13,166,-153
115000231,143,1522,-1379
115000232,291,201,90
115000233,10,99,-89
115000234,8,110,-102
115000241,37,82,-45
115000242,10,115,-105
115000243,15,148,-133
115000244,1,48,-47
115000246,7,3,4
115000247,3,3,0
115000248,9,0,9
115000249,4,2,2
115000250,39,17,22
115000251,19,48,-29
115000252,8,50,-42
115000253,2,44,-42
115000258,42,63,-21
115000259,64,41,23
115000261,4,15,-11
115000262,0,11,-11
115000263,3,33,-30
115000264,4,12,-8
115000267,4,30,-26
115000268,5,42,-37
115000269,8,18,-10
115000270,4,8,-4
115000272,1,67,-66
115000273,44,5,39
115000280,2063,38,2025
115000281,494,56,438
115000282,267,97,170
115000284,135,68,67
115000296,153,6,147
115000297,89,7,82
115000298,108,41,67
115000300,80,87,-7
115000302,55,60,-5
115000303,89,37,52
115000304,113,40,73
115000305,14,508,-494
115000306,27,274,-247
115000307,15,153,-138
115000308,17,3,14
115000310,209,744,-535
115000311,115,606,-491
115000313,44,307,-263
115000314,40,35,5
115000315,434,103,331
115000316,8,12,-4
115000317,33,242,-209
115000318,175,98,77
115000319,11,133,-122
115000320,3,45,-42
115000321,62,3,59
115000322,12,145,-133
115000449,98,38,60
115000557,16,150,-134
115000558,67,34,33
115000587,95,105,-10
115000588,995,2012,-1017
115000589,1140,1268,-128
115000590,221,699,-478
115000591,358,285,73
115000592,197,671,-474
115000593,431,159,272
115000594,220,518,-298
115000609,63,33,30
115000617,452,407,45
115000624,34,47,-13
115000633,145,670,-525
115000634,821,295,526
115000635,82,53,29
115000638,652,279,373
115000641,39,28,11
115000642,152,80,72
115000643,22,195,-173
115000644,27,157,-130
115000646,219,310,-91
115000647,53,180,-127
115000648,269,601,-332
115000893,1330,318,1012
115000894,24,524,-500
115000895,171,410,-239
115000896,532,94,438
115000897,151,25,126
115000898,232,38,194
115000899,413,272,141
115000900,39,110,-71
115000901,42,25,17
115000912,82,9,73
115000913,1,18,-17
115000915,9,2,7
115000916,5,6,-1
115000917,0,2,-2
115000918,19,33,-14
115000919,3,1,2
115000920,3,4,-1
115000921,483,14,469
115000922,375,138,237
115000923,178,390,-212
115000925,9,38,-29
115000927,4,10,-6
115000933,151,33,118
115000934,13,98,-85
115000935,15,40,-25
115000936,15,65,-50
115000937,641,45,596
115000938,101,35,66
115000939,101,47,54
115000940,1,1,0
115000941,1,1,0
115000942,17,9,8
115000943,40,2,38
115000944,0,2,-2
115900001,4,53,-49
115900002,34,52,-18
115900003,16,54,-38
115900004,0,19,-19
115900005,14,1,13
115900006,8,137,-129
115900008,8,8,0
115900009,9,82,-73
115900010,40,79,-39
115900011,50,143,-93
115900012,14,63,-49
115900013,127,42,85
115900014,25,74,-49
115900015,9,77,-68
115900016,5,14,-9
115900017,0,0,0
115900018,52,31,21
115900019,48,2,46
115900020,4,0,4
115900021,811,46,765
115900022,945,5,940
115900023,3,0,3
115900025,17,34,-17
115900026,288,184,104
115900027,0,195,-195
115900028,221,18,203
115900029,1,346,-345
115900030,24,3,21
115900031,91,18,73
115900032,71,224,-153
115900033,1,20,-19
115900034,4,306,-302
115900035,3,10,-7
115900036,59,91,-32
115900037,6,323,-317
115900038,1,1,0
115900039,17,131,-114
115900041,83,77,6
115900042,0,3,-3
115900043,15,63,-48
115900044,43,24,19
115900046,62,149,-87
115900047,4,2,2
115900049,20,75,-55
115900051,1,43,-42
115900052,2,328,-326
115900053,28,126,-98
115900054,34,25,9
115900055,3,170,-167
115900056,20,145,-125
115900057,1,0,1
115900058,32,56,-24
115900060,4,41,-37
115900061,11,0,11
115900062,6,240,-234
115900063,20,7,13
115900064,35,72,-37
115900065,15,40,-25
115900066,65,71,-6
115900067,3,495,-492
115900068,2490,52,2438
115900069,11,86,-75
115900070,31,96,-65
115900071,1,344,-343
115900072,23,117,-94
115900073,3,4,-1
115900074,1,280,-279
115900075,12,181,-169
115900076,3,73,-70
115900077,3,293,-290
115900078,19,57,-38
115900079,17,4,13
115900080,138,59,79
115900081,5,64,-59
115900082,83,26,57
115900084,37,11,26
115900085,13,26,-13
115900086,537,122,415
115900088,3,17,-14
115900089,27,552,-525
115900090,16,2,14
115900091,0,3,-3
115900092,6,125,-119
115900093,0,14,-14
115900094,4,252,-248
115900096,0,23,-23
115900097,2,380,-378
115900098,18,223,-205
115900099,3,67,-64
115900100,2,237,-235
115900101,25,232,-207
115900102,4,44,-40
115900103,28,133,-105
115900104,7,97,-90
115900105,14,346,-332
115900106,7,2,5
115900107,4,133,-129
115900108,14,18,-4
115900109,2,221,-219
115900110,0,3,-3
115900111,0,55,-55
115900112,5,330,-325
115900113,4,3,1
115900114,0,111,-111
115900115,3,33,-30
115900116,17,431,-414
115900117,5,4,1
115900118,3,267,-264
115900119,20,22,-2
115900120,8,127,-119
115900121,35,90,-55
115900124,43,79,-36
115900125,47,8,39
115900126,93,8,85
115900127,92,14,78
115900128,2,60,-58
115900129,117,12,105
115900130,6,70,-64
115900131,17,21,-4
115900132,66,15,51
115900134,44,4,40
115900135,206,139,67
115900137,2,0,2
115900139,14,3,11
115900140,26,3,23
115900141,1,4,-3
115900142,5,3,2
115900143,17,80,-63
115900144,10,73,-63
115900146,2,88,-86
115900147,31,26,5
115900148,4,18,-14
115900149,6,31,-25
115900150,4,55,-51
115900151,1,35,-34
115900152,4,174,-170
115900153,9,84,-75
115900154,168,95,73
115900155,0,23,-23
115900156,109,237,-128
115900157,40,111,-71
115900158,7,5,2
115900159,15,102,-87
115900160,0,8,-8
115900161,7,55,-48
115900163,21,51,-30
115900164,41,0,41
115900166,66,65,1
115900168,12,38,-26
115900171,7,95,-88
115900172,2,55,-53
115900173,15,98,-83
115900174,98,79,19
115900175,27,54,-27
115900178,4,453,-449
115900179,51,4,47
115900180,10,176,-166
115900181,49,142,-93
115900182,75,137,-62
115900183,8,6,2
115900184,282,9,273
115900187,3,66,-63
115900189,0,27,-27
115900190,107,74,33
115900191,12,222,-210
115900192,2,25,-23
115900193,20,22,-2
115900194,97,18,79
115900195,69,144,-75
115900198,48,93,-45
115900199,42,100,-58
115900200,62,87,-25
115900201,69,94,-25
115900202,0,2,-2
115900203,1,1,0
115900204,0,0,0
115900205,5,1,4
115900206,15,60,-45
115900207,3,3,0
115900208,13,152,-139
115900209,0,110,-110
115900210,1,108,-107
115900211,0,90,-90
115900212,20,82,-62
115900213,10,10,0
115900214,96,66,30
115900215,7,8,-1
115900216,1,65,-64
115900217,0,60,-60
115900218,0,33,-33
115900219,5,0,5
115900220,12,3,9
115900221,2,3,-1
115900222,3,0,3
115900223,1,18,-17
115900224,812,83,729
115900225,26,9,17
115900226,1,18,-17
115900227,11,14,-3
115900228,0,16,-16
115900229,2,48,-46
115900230,9,36,-27
115900231,25,0,25
115900232,24,0,24
115900233,8,2,6
115900234,13,6,7
115900235,0,6,-6
115900236,1,0,1
115900237,2,28,-26
115900238,1,10,-9
115900239,0,11,-11
115900240,2,21,-19
115900241,36,8,28
115900242,55,35,20
115900243,2,2,0
115900244,0,1,-1
115900245,0,9,-9
115900246,0,0,0
115900247,7,4,3
115900248,6,1,5
115900249,1,0,1
115900250,0,3,-3
115900251,1,0,1
115900252,0,0,0
115900253,0,2,-2
115900254,3,20,-17
115900255,1,6,-5
115900256,12,9,3
115900257,0,1,-1
115900258,0,0,0
115900259,0,1,-1
115900260,5,1,4
115900261,5,0,5
115900262,1,0,1
115900263,8,1,7
115900264,0,5,-5
115900265,0,1,-1
115900266,0,4,-4
115900267,0,2,-2
115900268,1,0,1
115900269,41,135,-94
115900270,63,328,-265
115900271,5,0,5
115900272,0,0,0
115900273,0,2,-2
115900274,0,6,-6
115900275,0,19,-19
115900276,0,25,-25
115900277,0,73,-73
115900278,4,23,-19
115900279,2,40,-38
115900280,9,51,-42
115900281,206,35,171
115900282,11,4,7
115900283,1,6,-5
115900284,2,3,-1
116000001,7168,1684,5484
116000002,948,1165,-217
116000003,588,842,-254
116000004,469,498,-29
116000005,732,1088,-356
116000006,578,449,129
116000007,1301,1740,-439
116000008,905,453,452
116000009,687,1299,-612
116000010,341,312,29
116000011,290,820,-530
116000012,238,234,4
116000013,6835,1855,4980
116000014,9503,1959,7544
116000015,130,203,-73
116000016,2429,448,1981
116000017,11,119,-108
116000018,152,182,-30
116000019,144,97,47
116000020,125,574,-449
116000021,64,97,-33
116000022,116,185,-69
116000023,203,177,26
116000024,285,679,-394
116000025,240,162,78
116000026,484,974,-490
116000027,103,199,-96
116000028,135,218,-83
116000029,418,201,217
116000030,102,76,26
116000031,51,61,-10
116000032,52,87,-35
116000033,75,174,-99
116000034,61,368,-307
116000035,36,220,-184
116000036,514,121,393
116000037,203,177,26
116000038,264,100,164
116000039,352,119,233
116000040,412,70,342
116000041,134,208,-74
116000042,141,92,49
116000043,23,223,-200
116000044,8,51,-43
116000045,314,242,72
116000046,334,407,-73
116000047,667,702,-35
116000048,680,417,263
116000049,202,538,-336
116000050,375,627,-252
116000051,599,576,23
116000052,946,1336,-390
116000053,366,457,-91
116000054,197,1040,-843
116000055,111,746,-635
116000056,111,309,-198
116000057,1019,830,189
116000058,1038,655,383
116000059,854,1119,-265
116000060,1363,386,977
116000061,179,397,-218
116000062,247,306,-59
116000063,116,447,-331
116000066,58,90,-32
116000067,130,297,-167
116000068,26,82,-56
116000069,80,197,-117
116000078,49,361,-312
116000080,380,419,-39
116000082,0,28,-28
116000083,413,163,250
116000084,784,1743,-959
116000085,710,301,409
116000086,995,745,250
116000087,431,355,76
116000088,307,504,-197
116000089,31,33,-2
116000090,45,46,-1
116000091,38,53,-15
116000093,303,192,111
116000094,86,306,-220
116000095,156,235,-79
116000096,133,451,-318
116000097,113,356,-243
116000098,89,1366,-1277
116000099,3813,151,3662
116000100,33,5,28
116000101,103,627,-524
116000102,58,641,-583
116000103,101,94,7
116000104,27,696,-669
116000105,202,91,111
116000106,78,627,-549
116000107,353,282,71
116000108,5,83,-78
116000111,14,10,4
116000113,38,10,28
116000114,20,61,-41
116000115,20,23,-3
116000116,53,270,-217
116000117,296,621,-325
116000118,334,780,-446
116000119,446,507,-61
116000120,721,2121,-1400
116000121,197,166,31
116000122,473,1297,-824
116000123,127,159,-32
116000124,97,618,-521
116000125,283,204,79
116000126,80,666,-586
116000127,318,681,-363
116000128,296,262,34
116000129,137,83,54
116000130,85,63,22
116000133,120,424,-304
116000134,405,1522,-1117
116000135,332,499,-167
116000136,222,1107,-885
116000137,145,199,-54
116000138,363,107,256
116000139,645,1032,-387
116000140,29,119,-90
116000141,98,600,-502
116000142,1855,2146,-291
116000143,1004,619,385
116000144,511,1590,-1079
116000145,500,627,-127
116000146,72,180,-108
116000147,90,63,27
116000148,92,181,-89
116000149,101,318,-217
116000151,207,520,-313
116000153,13,170,-157
116000155,54,102,-48
116000156,295,363,-68
116000157,8,9,-1
116000158,37,221,-184
116000159,4,2,2
116000160,12,34,-22
116000161,4,21,-17
116000162,6,12,-6
116000163,0,3,-3
116000164,0,6,-6
116000177,12,31,-19
116000194,10,136,-126
116000195,429,308,121
116000196,0,0,0
116000197,1,1,0
116000198,702,399,303
116000200,269,129,140
116000201,204,281,-77
116000202,4,211,-207
116000203,1,43,-42
116000204,1,21,-20
116000205,0,77,-77
116000206,0,45,-45
116000207,1,19,-18
116000233,28,318,-290
116000287,24,362,-338
116000288,26,101,-75
116000292,1,96,-95
116000296,6,115,-109
116000297,25,22,3
116000304,9,14,-5
116000305,3,50,-47
116000346,10,90,-80
116000352,5,19,-14
116000354,1,6,-5
116000357,1,1,0
116000358,24,6,18
116000361,262,0,262
116000372,4111,641,3470
116000381,8,1,7
116000388,0,20,-20
116000389,141,188,-47
116000445,56,456,-400
116000446,51,503,-452
116000447,4,204,-200
116000448,230,114,116
116000563,310,169,141
116000565,31,215,-184
116000568,5,23,-18
116000579,14,48,-34
116000583,9,65,-56
116000584,1,4,-3
116000585,3,7,-4
116000586,94,26,68
116000587,52,142,-90
116000589,4,50,-46
116000590,34,15,19
116000591,17,174,-157
116000592,2,68,-66
116000593,0,21,-21
116000594,90,281,-191
116000595,107,63,44
116000596,7,1,6
116000597,32,12,20
116000598,2,88,-86
116000605,43,47,-4
116000606,13,45,-32
116000607,3,14,-11
116000609,55,275,-220
116000611,16,304,-288
116000612,208,852,-644
116000613,98,137,-39
116000614,208,460,-252
116000615,0,46,-46
116000616,4,58,-54
116000617,15,54,-39
116000618,0,67,-67
116000619,7,22,-15
116000620,8,135,-127
116000621,6,27,-21
116000622,7,54,-47
116000624,4,37,-33
116000627,12,43,-31
116000628,7,267,-260
116000629,9,206,-197
116000630,44,9,35
116000631,9,19,-10
116000632,69,72,-3
116000633,24,247,-223
116000634,75,158,-83
116000635,1093,605,488
116000636,631,471,160
116000637,56,41,15
116000638,26,316,-290
116000639,13,2,11
116000640,9,3,6
116000641,30,98,-68
116000643,0,103,-103
116000644,9,643,-634
116000645,5,14,-9
116900001,19,32,-13
116900002,136,2,134
116900003,1,20,-19
116900004,10,8,2
116900005,41,38,3
116900006,66,67,-1
116900007,16,64,-48
116900008,55,326,-271
116900009,0,2,-2
116900010,91,1177,-1086
116900011,3,5,-2
116900012,31,52,-21
116900013,3,96,-93
116900014,15,296,-281
116900015,38,21,17
116900016,15,1,14
116900017,2,535,-533
116900018,5,19,-14
116900019,2,186,-184
116900020,564,89,475
116900023,9,2,7
116900024,61,44,17
116900025,174,596,-422
116900026,25,358,-333
116900027,5,10,-5
116900028,3,40,-37
116900029,0,1,-1
116900031,0,1,-1
116900032,1,180,-179
116900033,1,5,-4
116900034,2,29,-27
116900035,28,67,-39
116900036,1,46,-45
116900038,7,0,7
116900041,2,3,-1
116900042,412,49,363
116900043,1,23,-22
116900047,43,15,28
116900049,9,129,-120
116900050,21,131,-110
116900051,4,69,-65
116900052,32,28,4
116900055,2,3,-1
116900057,11,183,-172
116900058,8,148,-140
116900059,0,44,-44
116900060,48,121,-73
116900062,1,3,-2
116900064,18,606,-588
116900065,1,29,-28
116900067,12,24,-12
116900068,40,398,-358
116900070,0,1,-1
116900072,6,310,-304
116900073,10,88,-78
116900074,0,8,-8
116900076,1,9,-8
116900077,3,93,-90
116900078,103,60,43
116900079,4,179,-175
116900080,3,14,-11
116900081,43,631,-588
116900082,63,681,-618
116900083,11,32,-21
116900084,24,25,-1
116900085,5,62,-57
116900086,12,161,-149
116900088,151,9,142
116900090,56,12,44
116900091,20,17,3
116900092,23,318,-295
116900093,424,470,-46
116900094,3061,804,2257
116900095,40,72,-32
116900096,30,37,-7
116900097,1377,405,972
116900098,350,39,311
116900099,157,90,67
116900100,107,2,105
116900101,60,359,-299
116900103,0,0,0
116900104,10,44,-34
116900105,53,4,49
116900106,114,2,112
116900107,1764,375,1389
116900110,3,0,3
116900111,55,463,-408
116900112,14,314,-300
116900113,1021,324,697
116900116,29,36,-7
116900117,4,33,-29
116900118,392,169,223
116900120,53,51,2
116900121,3,21,-18
116900122,92,464,-372
116900123,24,402,-378
116900124,42,311,-269
116900125,48,88,-40
116900126,63,174,-111
116900128,0,16,-16
116900129,1,100,-99
116900130,502,623,-121
116900131,4,56,-52
116900132,3,36,-33
116900133,7,35,-28
116900134,26,82,-56
116900136,22,56,-34
116900137,59,72,-13
116900138,47,81,-34
116900139,14,106,-92
116900140,37,53,-16
116900141,116,58,58
116900142,0,5,-5
116900143,35,124,-89
116900144,4,16,-12
116900145,15,99,-84
116900147,277,99,178
116900148,0,3,-3
116900149,7,24,-17
116900150,0,5,-5
116900151,16,8,8
116900153,12,16,-4
116900154,85,58,27
116900155,5,20,-15
116900157,56,163,-107
116900158,17,17,0
116900159,5,64,-59
116900160,168,70,98
116900161,4532,1103,3429
116900162,0,53,-53
116900163,30,74,-44
116900164,10,17,-7
116900165,67,46,21
116900166,4,69,-65
116900167,43,33,10
116900168,31,32,-1
116900169,199,41,158
116900170,66,94,-28
116900171,25,111,-86
116900172,37,17,20
116900173,13,14,-1
116900174,2,6,-4
116900175,30,17,13
116900178,7,89,-82
116900179,33,22,11
116900180,2,5,-3
116900182,67,73,-6
116900183,16,33,-17
116900185,3,7,-4
116900186,19,211,-192
116900187,4,2,2
116900188,14,6,8
116900189,3,0,3
116900191,40,98,-58
116900192,40,47,-7
116900194,13,177,-164
116900195,11,7,4
116900196,3,83,-80
116900197,6,2,4
116900198,79,28,51
116900200,4,26,-22
116900201,5,1,4
116900202,23,38,-15
116900203,10,1,9
116900204,5,21,-16
116900206,6,41,-35
116900207,2,19,-17
116900208,1,63,-62
116900209,5,84,-79
116900210,41,65,-24
116900211,48,4,44
116900212,5,52,-47
116900213,15,63,-48
116900214,13,47,-34
116900215,5,33,-28
116900216,21,165,-144
116900218,2,135,-133
116900219,253,302,-49
116900220,41,80,-39
116900221,15,116,-101
116900222,104,147,-43
116900223,9,48,-39
116900226,2,66,-64
116900227,34,18,16
116900228,53,175,-122
116900230,6,190,-184
116900231,0,273,-273
116900232,1,281,-280
116900233,30,12,18
116900234,1,0,1
116900235,47,202,-155
116900238,538,125,413
116900239,15,205,-190
116900240,2599,565,2034
116900241,23,78,-55
116900242,718,76,642
116900243,0,20,-20
116900245,8,2,6
116900246,7,8,-1
116900247,80,15,65
116900248,6,12,-6
116900249,29,48,-19
116900250,31,24,7
116900251,279,76,203
116900252,8,500,-492
116900254,0,42,-42
116900255,29,13,16
116900256,67,18,49
116900257,2,327,-325
116900258,3,257,-254
116900259,6,3,3
116900260,4,119,-115
116900261,13,3,10
116900262,35,72,-37
116900263,0,3,-3
116900264,3,4,-1
116900265,10,0,10
116900266,0,14,-14
116900267,0,1,-1
116900268,4,1,3
116900269,107,256,-149
116900271,672,12,660
116900272,147,220,-73
116900273,109,19,90
116900274,18,59,-41
116900275,21,49,-28
116900276,87,22,65
116900277,127,2,125
116900278,1,2,-1
116900279,0,11,-11
116900280,3,8,-5
116900281,3313,584,2729
116900282,5,66,-61
116900283,1,61,-60
116900284,7,113,-106
116900285,81,41,40
116900286,28,1,27
116900287,0,46,-46
116900288,16,62,-46
116900289,0,4,-4
116900290,0,16,-16
116900291,2,5,-3
116900292,0,4,-4
116900293,0,40,-40
116900294,9,45,-36
116900295,79,17,62
116900296,9,26,-17
116900297,3,15,-12
116900298,29,21,8
116900299,5,19,-14
116900300,0,37,-37
116900301,10,40,-30
116900302,10,14,-4
116900303,129,11,118
116900304,0,36,-36
116900305,7,12,-5
116900306,13,111,-98
116900307,5,0,5
116900308,0,125,-125
116900309,4,64,-60
116900310,3,24,-21
117000001,385,401,-16
117000002,522,1958,-1436
117000003,1781,814,967
117000004,1264,1988,-724
117000005,465,466,-1
117000006,325,2049,-1724
117000007,692,490,202
117000008,456,1779,-1323
117000009,1070,356,714
117000010,797,1546,-749
117000011,407,624,-217
117000012,384,924,-540
117000013,343,542,-199
117000014,285,1112,-827
117000015,1161,468,693
117000016,218,36,182
117000017,281,62,219
117000018,65,153,-88
117000019,92,6,86
117000020,413,330,83
117000021,1529,236,1293
117000022,206,36,170
117000023,302,106,196
117000024,234,33,201
117000025,542,247,295
117000026,1380,286,1094
117000027,662,573,89
117000028,381,223,158
117000030,242,322,-80
117000031,163,88,75
117000032,980,713,267
117000033,527,389,138
117000034,95,179,-84
117000035,101,95,6
117000036,145,150,-5
117000037,107,87,20
117000038,75,188,-113
117000039,95,114,-19
117000040,27,734,-707
117000041,188,35,153
117000044,7,611,-604
117000045,119,18,101
117000046,176,472,-296
117000047,173,212,-39
117000048,751,616,135
117000049,44,109,-65
117000050,31,1207,-1176
117000051,531,60,471
117000052,5,346,-341
117000053,51,16,35
117000054,371,5,366
117000055,59,1890,-1831
117000056,101,1,100
117000057,232,1009,-777
117000060,105,1025,-920
117000061,294,256,38
117000062,81,224,-143
117000063,236,229,7
117000064,332,353,-21
117000066,307,179,128
117000067,63,119,-56
117000074,24,37,-13
117000076,15,15,0
117000077,35,17,18
117000078,26,238,-212
117000079,42,59,-17
117000080,0,210,-210
117000081,140,31,109
117000082,21,26,-5
117000083,123,63,60
117000084,76,1,75
117000085,52,184,-132
117000086,279,400,-121
117000087,122,205,-83
117000088,65,59,6
117000089,380,133,247
117000090,75,952,-877
117000091,129,103,26
117000092,143,1154,-1011
117000093,199,168,31
117000094,202,1492,-1290
117000095,416,271,145
117000096,158,1549,-1391
117000097,234,397,-163
117000098,1161,3364,-2203
117000099,658,263,395
117000100,32,29,3
117000101,63,690,-627
117000102,200,168,32
117000103,218,1091,-873
117000104,250,148,102
117000105,207,1329,-1122
117000106,238,191,47
117000107,125,1459,-1334
117000108,294,220,74
117000109,597,1680,-1083
117000110,290,192,98
117000111,1078,1883,-805
117000112,722,759,-37
117000113,20,189,-169
117000114,37,28,9
117000115,12,119,-107
117000116,14,72,-58
117000117,370,157,213
117000118,108,110,-2
117000119,235,19,216
117000120,61,15,46
117000121,9,116,-107
117000122,190,315,-125
117000123,406,8,398
117000124,79,17,62
117000125,139,26,113
117000126,37,27,10
117000127,91,145,-54
117000128,148,153,-5
117000129,251,228,23
117000130,39,6,33
117000131,0,152,-152
117000132,285,41,244
117000133,202,64,138
117000134,0,26,-26
117000135,2,18,-16
117000136,0,44,-44
117000137,17,14,3
117000138,1,253,-252
117000140,159,1132,-973
117000141,223,198,25
117000181,447,162,285
117000182,114,51,63
117000195,57,722,-665
117000196,22,31,-9
117000225,77,1,76
117000226,2,28,-26
117000276,82,3,79
117000277,1,322,-321
117000310,1001,958,43
117000315,7,230,-223
117000320,34,0,34
117000906,40,2,38
117000907,3,317,-314
117000909,44,10,34
117000910,60,34,26
117000911,22,120,-98
117000915,5,380,-375
117000916,2,1,1
117000917,132,4,128
117000918,40,23,17
117000919,1,83,-82
117000920,0,871,-871
117000921,1,1602,-1601
117000922,7,28,-21
117000924,100,154,-54
117000926,609,37,572
117000927,259,125,134
117000928,0,139,-139
117000929,51,314,-263
117000930,43,3,40
117000931,203,9,194
117900002,43,111,-68
117900003,248,74,174
117900005,1,2,-1
117900006,0,23,-23
117900007,16,74,-58
117900008,0,23,-23
117900010,102,75,27
117900011,3,8,-5
117900012,8,107,-99
117900013,1,196,-195
117900014,220,206,14
117900015,1,116,-115
117900016,505,115,390
117900017,188,327,-139
117900018,129,21,108
117900019,97,348,-251
117900020,16,55,-39
117900021,6,44,-38
117900023,328,42,286
117900024,19,90,-71
117900025,15,6,9
117900026,56,224,-168
117900028,12,0,12
117900029,41,569,-528
117900031,64,24,40
117900032,154,65,89
117900033,44,520,-476
117900034,32,14,18
117900035,44,20,24
117900036,60,455,-395
117900037,24,42,-18
117900038,12,268,-256
117900039,0,40,-40
117900040,28,279,-251
117900041,6,27,-21
117900042,2778,182,2596
117900043,8,23,-15
117900044,46,1013,-967
117900045,32,48,-16
117900048,50,195,-145
117900049,20,480,-460
117900050,1,25,-24
117900051,4,0,4
117900052,30,92,-62
117900053,207,320,-113
117900054,1,4,-3
117900055,45,60,-15
117900056,71,18,53
117900057,276,568,-292
117900058,11,0,11
117900059,144,27,117
117900060,164,2327,-2163
117900061,3,53,-50
117900063,63,114,-51
117900065,201,541,-340
117900066,0,16,-16
117900067,117,154,-37
117900069,167,246,-79
117900070,37,0,37
117900071,40,55,-15
117900073,52,230,-178
117900074,31,1,30
117900075,7,57,-50
117900076,16,35,-19
117900077,60,52,8
117900078,65,155,-90
117900080,35,21,14
117900081,189,266,-77
117900082,70,86,-16
117900083,58,469,-411
117900086,30,17,13
117900087,11,31,-20
117900088,690,711,-21
117900089,323,84,239
117900090,99,460,-361
117900091,49,34,15
117900092,4,25,-21
117900093,20,26,-6
117900094,6,1,5
117900095,90,542,-452
117900096,14,74,-60
117900097,44,30,14
117900098,6,0,6
117900099,42,251,-209
117900100,12,0,12
117900101,131,293,-162
117900102,9,16,-7
117900103,2,0,2
117900104,7,61,-54
117900105,23,77,-54
117900106,10,11,-1
117900107,3,0,3
117900109,66,100,-34
117900110,5,0,5
117900111,41,0,41
117900112,15,9,6
117900113,1587,533,1054
117900114,0,0,0
117900115,24,9,15
117900116,431,292,139
117900117,82,137,-55
117900118,3,0,3
117900119,27,144,-117
117900120,22,57,-35
117900121,4,16,-12
117900122,383,392,-9
117900123,122,416,-294
117900124,172,223,-51
117900125,350,240,110
117900126,121,345,-224
117900127,75,325,-250
117900128,41,477,-436
117900129,4,0,4
117900130,211,151,60
117900131,0,38,-38
117900132,10,65,-55
117900133,1,70,-69
117900134,14,117,-103
117900135,11,194,-183
117900136,0,22,-22
117900137,5,172,-167
117900138,0,39,-39
117900139,14,62,-48
117900140,2516,11,2505
117900141,56,164,-108
117900142,29,1,28
117900144,21,28,-7
117900145,14,3,11
117900146,76,38,38
117900147,9,12,-3
117900148,1235,376,859
117900149,4,77,-73
117900150,6,56,-50
117900151,16,84,-68
117900152,57,52,5
117900153,3,43,-40
117900154,114,321,-207
117900156,172,234,-62
117900157,11,109,-98
117900158,14,25,-11
117900160,95,86,9
117900161,739,1185,-446
117900162,73,124,-51
117900163,26,12,14
117900165,0,6,-6
117900166,12,28,-16
117900168,59,51,8
117900169,0,63,-63
117900170,0,16,-16
117900171,1,5,-4
117900172,8,27,-19
117900173,39,20,19
117900174,2,20,-18
117900175,0,19,-19
117900176,0,24,-24
117900177,6,16,-10
117900178,43,6,37
117900180,85,13,72
117900181,45,51,-6
117900182,0,8,-8
117900183,8,78,-70
117900184,0,21,-21
117900185,8,12,-4
117900186,2,4,-2
117900187,4,4,0
117900188,59,0,59
117900189,31,4,27
117900190,3,0,3
117900191,18,0,18
117900192,13,0,13
117900193,1,22,-21
117900194,0,6,-6
117900195,0,4,-4
117900196,8,13,-5
117900207,27,25,2
117900208,0,12,-12
117900209,30,31,-1
117900210,21,44,-23
117900211,5,58,-53
117900212,23,104,-81
117900213,2,0,2
117900214,1,27,-26
117900215,2,42,-40
117900216,18,24,-6
117900217,32,28,4
117900218,97,53,44
117900219,0,34,-34
117900220,16,30,-14
117900222,45,93,-48
117900223,43,54,-11
118000001,150,141,9
118000002,398,641,-243
118000003,620,393,227
118000004,1114,794,320
118000005,1366,574,792
118000006,2285,2080,205
118000007,1720,729,991
118000008,1670,962,708
118000009,869,1070,-201
118000010,1163,1530,-367
118000011,233,1212,-979
118000012,325,1135,-810
118000013,1302,1044,258
118000014,812,1655,-843
118000016,104,281,-177
118000017,92,138,-46
118000018,71,296,-225
118000019,584,533,51
118000020,339,471,-132
118000021,305,613,-308
118000022,642,217,425
118000023,457,120,337
118000024,497,243,254
118000027,5273,1502,3771
118000029,325,244,81
118000032,242,560,-318
118000033,837,831,6
118000034,1494,657,837
118000035,716,520,196
118000036,465,352,113
118000037,274,386,-112
118000038,39,68,-29
118000039,36,121,-85
118000040,529,990,-461
118000041,633,710,-77
118000045,284,49,235
118000046,599,162,437
118000047,733,124,609
118000048,1329,459,870
118000051,504,172,332
118000052,258,114,144
118000053,71,97,-26
118000054,639,289,350
118000055,310,501,-191
118000056,53,61,-8
118000057,35,132,-97
118000058,1189,283,906
118000059,730,197,533
118000060,198,295,-97
118000061,188,388,-200
118000062,288,76,212
118000063,84,141,-57
118000064,258,315,-57
118000065,1337,496,841
118000066,227,326,-99
118000067,625,334,291
118000068,465,909,-444
118000069,977,332,645
118000070,2676,541,2135
118000071,1123,1376,-253
118000072,666,366,300
118000073,794,148,646
118000074,86,155,-69
118000075,166,112,54
118000076,433,437,-4
118000077,553,422,131
118000078,729,737,-8
118000079,99,89,10
118000080,502,322,180
118000081,671,500,171
118000082,135,214,-79
118000083,854,346,508
118000084,821,660,161
118000086,81,273,-192
118000087,2595,976,1619
118000088,679,598,81
118000089,1679,1016,663
118000090,1201,754,447
118000091,363,626,-263
118000092,540,132,408
118000093,45,221,-176
118000096,163,173,-10
118000097,206,179,27
118000098,40,85,-45
118000099,94,375,-281
118000101,194,148,46
118000102,109,631,-522
118000107,1473,112,1361
118000108,57,286,-229
118000110,1,8,-7
118000111,3,363,-360
118000112,69,0,69
118000113,1,709,-708
118000114,65,1,64
118000115,2,5,-3
118000116,13,1,12
118000117,482,369,113
118000118,253,232,21
118000119,305,424,-119
118000120,594,597,-3
118000121,9,135,-126
118000122,275,44,231
118000123,10,94,-84
118000125,579,421,158
118000126,225,637,-412
118000127,451,178,273
118000128,321,422,-101
118000129,279,122,157
118000130,1545,1937,-392
118000131,233,427,-194
118000132,976,730,246
118000133,220,265,-45
118000135,115,122,-7
118000136,25,212,-187
118000137,223,37,186
118000138,103,302,-199
118000139,75,64,11
118000140,770,1008,-238
118000141,476,842,-366
118000142,400,888,-488
118000143,255,317,-62
118000144,441,330,111
118000145,412,1241,-829
118000146,253,692,-439
118000147,315,944,-629
118000148,151,606,-455
118000149,149,532,-383
118000150,54,102,-48
118000151,39,131,-92
118000153,290,447,-157
118000154,259,773,-514
118000155,202,584,-382
118000156,747,707,40
118000157,132,186,-54
118000158,27,207,-180
118000159,5,18,-13
118000160,94,174,-80
118000161,84,353,-269
118000162,526,330,196
118000163,124,249,-125
118000164,945,702,243
118000168,653,62,591
118000169,325,784,-459
118000170,1166,2503,-1337
118000171,136,329,-193
118000172,25,94,-69
118000173,414,398,16
118000175,79,117,-38
118000176,48,102,-54
118000177,84,221,-137
118000178,22,7,15
118000179,674,205,469
118000180,264,353,-89
118000181,266,140,126
118000182,126,146,-20
118000183,61,90,-29
118000184,129,529,-400
118000185,365,284,81
118000186,182,272,-90
118000187,228,452,-224
118000188,70,92,-22
118000189,94,405,-311
118000190,2,4,-2
118000191,2,4,-2
118000192,16,23,-7
118000193,7,77,-70
118000194,836,402,434
118000195,329,109,220
118000196,102,25,77
118000197,109,34,75
118000198,266,74,192
118000199,272,95,177
118000200,22,58,-36
118000201,119,76,43
118000202,0,8,-8
118000203,377,80,297
118000204,47,48,-1
118000205,524,104,420
118000206,32,63,-31
118000207,0,40,-40
118000208,323,511,-188
118000209,446,989,-543
118000210,3,16,-13
118000211,4,17,-13
118000213,238,178,60
118000214,222,88,134
118000215,73,95,-22
118000216,223,920,-697
118000217,5,53,-48
118000218,13,50,-37
118000219,94,129,-35
118000220,1,6,-5
118000221,19,80,-61
118000222,30,11,19
118000223,7,13,-6
118000224,83,40,43
118000225,19,412,-393
118000226,187,35,152
118000227,371,102,269
118000228,45,27,18
118000229,22,6,16
118000230,23,106,-83
118000231,4,79,-75
118000232,220,488,-268
118000233,194,328,-134
118000234,49,146,-97
118000236,48,216,-168
118000237,14,314,-300
118000238,53,120,-67
118000239,61,99,-38
118000240,258,24,234
118000241,10,104,-94
118000242,27,260,-233
118000243,17,72,-55
118000244,23,143,-120
118000246,6,0,6
118000255,7,91,-84
118000256,20,67,-47
118000259,1,7,-6
118000260,22,35,-13
118000261,1,39,-38
118000263,19,87,-68
118000266,46,241,-195
118000267,0,47,-47
118000268,89,0,89
118000270,3,9,-6
118000271,65,147,-82
118000272,19,10,9
118000273,17,78,-61
118000274,50,138,-88
118000276,19,77,-58
118000295,4,39,-35
118000298,31,179,-148
118000299,26,91,-65
118000301,0,34,-34
118000302,14,38,-24
118000311,44,46,-2
118000312,46,154,-108
118000313,6,93,-87
118000314,13,37,-24
118000315,3,18,-15
118000316,137,249,-112
118000325,3,17,-14
118000326,4,12,-8
118000331,1,23,-22
118000332,2,12,-10
118000333,5,27,-22
118000335,21,0,21
118000336,1,149,-148
118000407,13,28,-15
118000457,1,7,-6
118000465,768,709,59
118000480,10,77,-67
118000489,19,64,-45
118000490,23,157,-134
118000492,92,88,4
118000510,15,3,12
118000514,45,130,-85
118000515,156,145,11
118000517,150,56,94
118000524,307,88,219
118000525,240,305,-65
118000530,5,35,-30
118000531,32,102,-70
118000532,41,144,-103
118000533,118,65,53
118000534,174,157,17
118000535,21,42,-21
118000536,92,68,24
118000537,3,12,-9
118000538,14,33,-19
118000539,4,18,-14
118000540,97,72,25
118000541,40,58,-18
118000542,13,33,-20
118000543,22,39,-17
118000546,16,7,9
118000553,0,0,0
118000560,1273,186,1087
118000562,3,126,-123
118000563,790,573,217
118000576,18,56,-38
118000577,101,148,-47
118000578,53,41,12
118000579,483,289,194
118000583,0,0,0
118000595,42,31,11
118000596,2,26,-24
118000597,34,114,-80
118000598,0,0,0
118000599,11,11,0
118000600,0,0,0
118000601,0,0,0
118000602,0,4,-4
118000603,0,30,-30
118000605,16,289,-273
118000606,4,19,-15
118900001,319,179,140
118900002,394,147,247
118900003,21,2,19
118900004,7,28,-21
118900005,14,2,12
118900006,5,0,5
118900007,3,4,-1
118900008,250,12,238
118900009,1,4,-3
118900010,0,1,-1
118900011,19,0,19
118900012,64,72,-8
118900013,197,10,187
118900015,19,3,16
118900016,0,6,-6
118900017,19,29,-10
118900018,454,5,449
118900019,9,3,6
118900020,10,41,-31
118900021,33,108,-75
118900022,28,41,-13
118900023,33,31,2
118900024,6,62,-56
118900025,8,7,1
118900026,47,23,24
118900027,152,51,101
118900028,18,70,-52
118900029,16,119,-103
118900030,21,15,6
118900031,39,59,-20
118900032,14,45,-31
118900033,95,269,-174
118900034,5,3,2
118900035,27,148,-121
118900036,193,333,-140
118900037,56,97,-41
118900038,37,130,-93
118900039,33,75,-42
118900040,22,46,-24
118900041,50,149,-99
118900042,27,25,2
118900045,55,57,-2
118900046,190,62,128
118900047,369,77,292
118900048,26,22,4
118900049,16,8,8
118900050,0,35,-35
118900051,42,21,21
118900052,56,52,4
118900053,10,14,-4
118900054,19,34,-15
118900055,2,50,-48
118900056,8,16,-8
118900057,17,66,-49
118900058,55,91,-36
118900059,2,20,-18
118900060,6,52,-46
118900062,17,37,-20
118900064,126,106,20
118900065,2,31,-29
118900066,16,42,-26
118900067,2705,1199,1506
118900068,0,33,-33
118900069,46,137,-91
118900071,0,12,-12
118900072,90,99,-9
118900073,21,41,-20
118900074,12,20,-8
118900075,2,19,-17
118900076,40,18,22
118900077,17,46,-29
118900078,1,1,0
118900079,15,27,-12
118900080,3,33,-30
118900081,9,6,3
118900082,126,41,85
118900083,0,2,-2
118900084,3,1,2
118900085,134,290,-156
118900086,5,17,-12
118900087,21,42,-21
118900088,0,4,-4
118900089,7,3,4
118900090,83,165,-82
118900091,27,27,0
118900092,14,11,3
118900093,12,0,12
118900096,29,29,0
118900097,43,489,-446
118900099,5,88,-83
118900100,34,43,-9
118900101,8,264,-256
118900102,0,29,-29
118900103,5,8,-3
118900104,8,40,-32
118900105,24,37,-13
118900107,22,44,-22
118900108,10,49,-39
118900110,319,61,258
118900111,83,178,-95
118900112,18,27,-9
118900113,41,209,-168
118900114,2,45,-43
118900115,10,74,-64
118900116,14,68,-54
118900117,4,89,-85
118900118,38,255,-217
118900119,49,207,-158
118900120,25,161,-136
118900121,0,112,-112
118900122,1,140,-139
118900123,35,104,-69
118900124,8,75,-67
118900126,1,85,-84
118900129,32,33,-1
118900130,10,12,-2
118900131,13,134,-121
118900132,40,51,-11
118900133,5,12,-7
118900135,37,60,-23
118900136,53,398,-345
118900137,0,7,-7
118900139,37,154,-117
118900140,124,545,-421
118900141,11,104,-93
118900144,18,360,-342
118900145,10,61,-51
118900146,31,326,-295
118900147,7,45,-38
118900148,5,30,-25
118900150,189,95,94
118900152,56,468,-412
118900157,22,34,-12
118900158,2,43,-41
118900159,0,80,-80
118900161,20,1,19
118900163,73,11,62
118900164,1,35,-34
118900165,3,85,-82
118900166,2,1,1
118900167,6,74,-68
118900168,6,16,-10
118900169,19,168,-149
118900170,15,32,-17
118900171,5,6,-1
118900174,23,28,-5
118900175,28,104,-76
118900176,2,55,-53
118900177,1,6,-5
118900178,3,31,-28
118900179,7,13,-6
118900181,11,21,-10
118900182,24,12,12
118900183,2,8,-6
118900184,51,7,44
118900185,33,78,-45
118900186,14,40,-26
118900187,32,116,-84
118900188,45,114,-69
118900189,9,125,-116
118900190,2,258,-256
118900191,24,1,23
118900192,36,4,32
118900193,27,2,25
118900195,61,279,-218
118900196,4,117,-113
118900197,30,60,-30
118900198,0,19,-19
118900199,1,14,-13
118900200,2,0,2
118900201,0,0,0
118900202,6,22,-16
118900203,1,10,-9
118900204,3,8,-5
118900205,2,8,-6
118900206,0,14,-14
119000001,334,307,27
119000002,782,732,50
119000003,338,738,-400
119000004,599,501,98
119000005,445,617,-172
119000006,469,623,-154
119000007,835,1099,-264
119000008,512,902,-390
119000009,1079,884,195
119000010,3336,1731,1605
119000011,1717,545,1172
119000012,1266,1083,183
119000013,702,487,215
119000014,830,1433,-603
119000019,68,59,9
119000020,374,494,-120
119000021,918,857,61
119000022,1193,449,744
119000023,55,62,-7
119000024,793,1938,-1145
119000025,4417,429,3988
119000026,77,88,-11
119000027,90,103,-13
119000028,799,456,343
119000029,50,88,-38
119000030,128,389,-261
119000031,252,310,-58
119000032,887,707,180
119000033,459,604,-145
119000034,294,392,-98
119000035,10,133,-123
119000036,259,601,-342
119000037,252,1092,-840
119000038,19,512,-493
119000039,50,127,-77
119000040,412,143,269
119000041,391,326,65
119000048,1531,2062,-531
119000049,423,2066,-1643
119000050,523,948,-425
119000051,525,448,77
119000052,1042,1101,-59
119000053,611,507,104
119000054,906,1636,-730
119000055,728,1699,-971
119000056,602,873,-271
119000057,481,1135,-654
119000058,567,930,-363
119000059,236,522,-286
119000060,300,339,-39
119000061,284,312,-28
119000062,397,597,-200
119000063,76,115,-39
119000064,465,513,-48
119000065,735,1350,-615
119000066,587,347,240
119000067,610,1102,-492
119000068,464,450,14
119000069,331,896,-565
119000070,593,521,72
119000071,251,276,-25
119000072,2855,1482,1373
119000073,1768,2074,-306
119000074,270,1900,-1630
119000075,262,1087,-825
119000076,149,368,-219
119000077,267,206,61
119000078,127,175,-48
119000079,38,320,-282
119000080,58,75,-17
119000081,56,155,-99
119000082,141,113,28
119000083,74,104,-30
119000084,76,250,-174
119000085,224,185,39
119000086,104,165,-61
119000087,521,316,205
119000088,101,108,-7
119000089,24,75,-51
119000090,80,80,0
119000091,57,100,-43
119000092,156,110,46
119000093,1712,1676,36
119000094,646,1942,-1296
119000095,366,1446,-1080
119000097,981,715,266
119000098,195,618,-423
119000099,685,658,27
119000100,603,887,-284
119000101,973,1023,-50
119000102,370,257,113
119000103,604,227,377
119000104,1271,654,617
119000105,198,315,-117
119000106,101,926,-825
119000107,116,192,-76
119000108,83,747,-664
119000109,39,120,-81
119000110,151,128,23
119000111,22,209,-187
119000112,66,56,10
119000113,954,130,824
119000114,272,136,136
119000115,69,40,29
119000116,46,33,13
119000117,34,114,-80
119000118,1,1,0
119000123,932,265,667
119000124,119,103,16
119000125,555,438,117
119000126,147,483,-336
119000127,97,515,-418
119000128,29,1,28
119000131,185,567,-382
119000132,0,3,-3
119000133,1,4,-3
119000134,732,195,537
119000135,14,119,-105
119000136,30,174,-144
119000137,31,296,-265
119000138,73,211,-138
119000139,31,153,-122
119000140,29,89,-60
119000284,653,1073,-420
119000285,1180,990,190
119000286,1961,1546,415
119000287,504,1017,-513
119000288,555,707,-152
119000289,840,1463,-623
119000290,55,235,-180
119000291,3,153,-150
119000293,32,74,-42
119000294,11,7,4
119000295,799,151,648
119000296,81,63,18
119000302,2530,567,1963
119000303,11,52,-41
119000314,407,1630,-1223
119000315,1,378,-377
119000316,14,55,-41
119000317,8,306,-298
119000319,114,200,-86
119900001,25,187,-162
119900002,24,114,-90
119900003,3,524,-521
119900004,133,118,15
119900005,12,75,-63
119900006,22,122,-100
119900007,103,9,94
119900008,1,10,-9
119900009,108,284,-176
119900010,413,424,-11
119900011,7,12,-5
119900012,3,7,-4
119900013,451,166,285
119900014,284,83,201
119900015,19,3,16
119900016,7,25,-18
119900017,1,7,-6
119900018,380,60,320
119900019,3,0,3
119900020,33,36,-3
119900021,15,8,7
119900022,13,81,-68
119900023,300,179,121
119900025,14,15,-1
119900026,328,24,304
119900027,3,6,-3
119900028,48,5,43
119900029,0,3,-3
119900030,110,150,-40
119900031,2,48,-46
119900033,1222,42,1180
119900034,55,52,3
119900037,7,5,2
119900038,10,45,-35
119900039,33,3,30
119900040,30,8,22
119900041,37,26,11
119900042,7,57,-50
119900043,3,69,-66
119900044,45,95,-50
119900046,6,36,-30
119900047,28,3,25
119900049,6,1,5
119900050,11,15,-4
119900051,116,0,116
119900052,4,37,-33
119900053,27,121,-94
119900054,17,0,17
119900055,108,87,21
119900057,17,26,-9
119900058,14,0,14
119900059,24,24,0
119900060,60,0,60
119900061,26,0,26
119900062,3,7,-4
119900063,2,14,-12
119900065,37,0,37
119900067,22,7,15
119900068,50,0,50
119900069,10,2,8
119900070,92,0,92
119900071,53,2,51
119900073,586,119,467
119900074,16,11,5
119900075,1947,576,1371
119900076,7,24,-17
119900077,95,671,-576
119900078,58,334,-276
119900079,23,117,-94
119900080,67,108,-41
119900081,63,4,59
119900082,66,3,63
119900083,70,17,53
119900084,62,31,31
119900085,83,11,72
119900086,29,430,-401
119900087,43,26,17
119900088,9,22,-13
119900089,1,229,-228
119900090,36,23,13
119900091,11,547,-536
119900092,3,185,-182
119900093,198,23,175
119900094,11,93,-82
119900095,48,27,21
119900096,17,43,-26
119900097,73,70,3
119900098,2,15,-13
119900099,0,124,-124
119900100,1127,490,637
119900101,81,220,-139
119900102,15,176,-161
119900103,9,212,-203
119900104,2,79,-77
119900105,205,558,-353
119900106,4,114,-110
119900107,99,1782,-1683
119900108,714,303,411
119900109,11,77,-66
119900110,103,309,-206
119900111,19,319,-300
119900112,1426,113,1313
119900113,15,340,-325
119900114,24,959,-935
119900115,18,711,-693
119900116,24,110,-86
119900117,39,576,-537
119900118,2,737,-735
119900119,11,91,-80
119900120,201,390,-189
119900121,46,861,-815
119900122,91,179,-88
119900123,26,73,-47
119900124,22,590,-568
119900125,15,232,-217
119900126,2562,37,2525
119900127,1311,288,1023
119900128,67,319,-252
119900129,31,332,-301
119900130,9,87,-78
119900131,7,165,-158
119900132,0,168,-168
119900133,2,7,-5
119900134,1066,61,1005
119900135,1,179,-178
119900136,68,268,-200
119900138,140,224,-84
119900139,0,26,-26
119900140,0,66,-66
119900141,16,101,-85
119900142,0,4,-4
119900143,1,129,-128
119900144,1038,80,958
119900145,8,128,-120
119900146,21,33,-12
119900147,6,32,-26
119900148,9,15,-6
119900149,776,817,-41
119900150,41,100,-59
119900151,424,192,232
119900152,12,212,-200
119900153,7,10,-3
119900154,2,507,-505
119900155,9,6,3
119900156,1,0,1
119900157,13,150,-137
119900158,13,7,6
119900159,1,709,-708
119900160,2,119,-117
119900161,79,103,-24
119900162,102,163,-61
119900163,33,27,6
119900164,0,0,0
119900165,6,158,-152
119900166,6,13,-7
119900167,14,54,-40
119900168,189,173,16
119900169,32,27,5
119900170,21,34,-13
119900171,114,301,-187
119900172,7,1,6
119900173,2,224,-222
119900174,1,134,-133
119900175,184,283,-99
119900177,19,110,-91
119900178,2,86,-84
119900179,6,63,-57
119900180,195,243,-48
119900181,1,4,-3
119900182,0,172,-172
119900183,26,635,-609
119900184,1055,168,887
119900185,0,21,-21
119900186,10,78,-68
119900187,2,225,-223
119900188,2,166,-164
119900189,91,43,48
119900190,14,37,-23
119900191,23,43,-20
119900192,3,95,-92
119900193,42,62,-20
119900194,3,3,0
119900195,3,96,-93
119900196,649,158,491
119900197,22,49,-27
119900198,11,271,-260
119900199,42,2,40
119900200,38,161,-123
119900201,171,44,127
119900202,32,17,15
119900203,12,102,-90
119900204,28,63,-35
119900205,104,294,-190
119900206,12,49,-37
119900208,13,38,-25
119900209,91,143,-52
119900210,3,12,-9
119900211,20,7,13
119900212,48,367,-319
119900213,2,8,-6
119900214,0,48,-48
119900215,4,49,-45
119900216,5,71,-66
119900217,2,41,-39
119900218,5,42,-37
119900219,2,61,-59
119900220,4,63,-59
119900221,13,261,-248
119900222,12,222,-210
119900223,9,57,-48
119900224,7,13,-6
119900225,573,9,564
119900226,241,205,36
119900227,481,116,365
119900228,3,122,-119
119900229,63,90,-27
119900230,463,167,296
119900231,15,68,-53
119900232,29,18,11
119900233,6,0,6
119900234,1,8,-7
119900235,0,3,-3
119900236,2,64,-62
119900237,6,158,-152
119900238,0,37,-37
119900240,9,66,-57
119900241,30,92,-62
119900242,451,178,273
119900244,207,501,-294
119900245,11,59,-48
119900246,56,58,-2
119900247,3,11,-8
119900248,10,11,-1
119900249,59,14,45
119900253,1934,86,1848
119900254,4,82,-78
119900255,35,302,-267
119900256,45,701,-656
119900257,11,0,11
119900258,3,0,3
119900259,1,109,-108
119900260,13,1,12
119900261,41,123,-82
119900262,1,125,-124
119900263,404,163,241
119900264,6,130,-124
119900265,41,146,-105
119900266,65,163,-98
119900267,18,159,-141
119900268,16,117,-101
119900269,85,629,-544
119900271,9,33,-24
119900272,15,19,-4
119900275,19,0,19
119900276,8,1,7
119900277,4,0,4
119900278,60,12,48
119900279,12,41,-29
119900280,544,44,500
119900281,0,30,-30
119900282,2,9,-7
119900283,1,194,-193
119900284,6,100,-94
119900285,2,5,-3
119900286,1,8,-7
119900288,0,22,-22
119900289,0,1,-1
119900290,0,16,-16
119900291,0,9,-9
119900292,11,5,6
119900293,3,17,-14
119900294,9,30,-21
119900295,1,33,-32
119900296,0,89,-89
119900297,0,11,-11
119900298,0,0,0
119900299,3,132,-129
119900300,37,107,-70
119900301,8,1,7
119900302,1,6,-5
119900303,30,75,-45
119900304,16,3,13
119900305,6,34,-28
119900306,1,0,1
119900307,1,34,-33
119900308,0,3,-3
119900309,1,5,-4
119900310,139,92,47
119900311,13,108,-95
119900312,36,31,5
119900313,18,198,-180
119900314,7,67,-60
119900315,162,1221,-1059
119900318,19,5,14
119900319,1,203,-202
119900320,7,358,-351
119900321,11,0,11
120000001,2830,2840,-10
120000002,1053,1823,-770
120000003,1773,1143,630
120000004,1516,1474,42
120000005,2047,1293,754
120000006,569,712,-143
120000007,1298,1196,102
120000008,586,860,-274
120000009,2760,571,2189
120000010,578,2146,-1568
120000011,371,1286,-915
120000012,638,1444,-806
120000013,823,1456,-633
120000014,154,929,-775
120000015,828,876,-48
120000016,997,1081,-84
120000017,582,769,-187
120000018,2212,2218,-6
120000019,321,374,-53
120000020,880,877,3
120000021,833,672,161
120000022,1092,1335,-243
120000023,333,731,-398
120000024,552,1108,-556
120000025,674,1183,-509
120000026,291,928,-637
120000027,373,709,-336
120000028,301,145,156
120000029,1089,232,857
120000030,36,335,-299
120000031,811,2064,-1253
120000032,4236,1786,2450
120000033,962,892,70
120000034,472,1045,-573
120000035,552,1210,-658
120000036,1039,1782,-743
120000037,158,285,-127
120000038,4945,1483,3462
120000039,159,486,-327
120000040,16,40,-24
120000041,121,999,-878
120000042,572,3022,-2450
120000043,1449,1450,-1
120000044,1032,653,379
120000045,1208,499,709
120000046,739,682,57
120000047,550,921,-371
120000048,3596,1375,2221
120000049,991,1448,-457
120000050,956,2207,-1251
120000051,1551,1531,20
120000052,7885,1092,6793
120000053,511,2969,-2458
120000054,692,4207,-3515
120000055,442,2423,-1981
120000056,1006,2877,-1871
120000057,834,604,230
120000058,100,81,19
120000059,13,534,-521
120000061,110,177,-67
120000062,40,96,-56
120000063,585,1832,-1247
120000064,121,1189,-1068
120000065,120,1053,-933
120000066,50,157,-107
120000067,37,241,-204
120000068,64,526,-462
120000069,183,806,-623
120000070,15,563,-548
120000071,46,104,-58
120000072,120,228,-108
120000073,114,37,77
120000074,45,20,25
120000075,64,78,-14
120000076,266,187,79
120000077,435,246,189
120000078,874,249,625
120000079,70,455,-385
120000080,82,140,-58
120000081,112,94,18
120000082,129,121,8
120000083,69,151,-82
120000084,143,321,-178
120000085,125,296,-171
120000086,97,536,-439
120000087,59,806,-747
120000088,276,659,-383
120000089,280,135,145
120000090,148,190,-42
120000091,177,324,-147
120000092,234,204,30
120000093,111,209,-98
120000094,56,156,-100
120000095,341,512,-171
120000096,72,810,-738
120000098,156,526,-370
120000099,65,409,-344
120000100,207,547,-340
120000101,294,281,13
120000102,103,140,-37
120000103,271,125,146
120000104,292,82,210
120000105,417,88,329
120000106,352,121,231
120000107,629,135,494
120000108,182,40,142
120000109,193,21,172
120000110,39,577,-538
120000111,50,904,-854
120000112,233,2650,-2417
120000113,124,1884,-1760
120000114,102,1310,-1208
120000115,136,1372,-1236
120000116,182,1168,-986
120000117,533,904,-371
120000118,7,5,2
120000119,5,50,-45
120000120,16,10,6
120000121,30,32,-2
120000122,82,61,21
120000123,3548,805,2743
120000124,144,227,-83
120000125,119,342,-223
120000126,122,227,-105
120000127,368,184,184
120000128,948,701,247
120000129,150,143,7
120000130,267,336,-69
120000131,103,194,-91
120000134,104,725,-621
120000135,45,160,-115
120000137,22,1150,-1128
120000138,110,207,-97
120000139,43,524,-481
120000140,90,247,-157
120000141,23,431,-408
120000142,92,285,-193
120000143,0,35,-35
120000144,5,1,4
120000145,63,1,62
120000146,718,229,489
120000149,158,498,-340
120000150,2028,3281,-1253
120000151,170,205,-35
120000152,79,119,-40
120000153,20,337,-317
120000154,142,181,-39
120000155,60,87,-27
120000156,1143,180,963
120000157,306,268,38
120000158,249,402,-153
120000159,926,1274,-348
120000160,760,520,240
120000161,439,1447,-1008
120000162,30,99,-69
120000163,74,821,-747
120000164,67,260,-193
120000165,83,533,-450
120000166,159,317,-158
120000167,3,8,-5
120000168,3,26,-23
120000169,69,66,3
120000170,112,55,57
120000171,14,9,5
120000172,10,10,0
120000173,2016,77,1939
120000174,327,0,327
120000175,417,9,408
120000176,93,46,47
120000177,686,326,360
120000178,88,8,80
120000179,162,6,156
120000180,277,8,269
120000181,39,27,12
120000182,44,23,21
120000183,3,83,-80
120000184,20,491,-471
120000186,11,23,-12
120000187,36,13,23
120000188,124,17,107
120000190,685,6,679
120000191,1160,4,1156
120000192,1055,5,1050
120000193,243,1,242
120000195,41,1,40
120000196,79,15,64
120000197,42,80,-38
120000198,17,88,-71
120000199,7,0,7
120000200,40,0,40
120000201,2,1,1
120000202,1,27,-26
120000203,24,199,-175
120000207,2,52,-50
120000208,4,195,-191
120000209,3,104,-101
120000210,71,31,40
120000211,6,1,5
120000212,16,1,15
120000213,26,229,-203
120000214,0,291,-291
120000215,4,76,-72
120000216,21,3,18
120000217,437,720,-283
120000218,129,1144,-1015
120000219,12,681,-669
120000220,15,2426,-2411
120000225,289,1,288
120000226,74,0,74
120000227,170,13,157
120000228,4516,667,3849
120000230,27,2,25
120000231,138,1107,-969
120000233,19,3,16
120000235,39,428,-389
120000236,123,1,122
120000237,1,1491,-1490
120000238,0,44,-44
120000241,362,968,-606
120000412,472,3,469
120000413,27,265,-238
120000414,5,2,3
120000415,0,127,-127
120000416,8,8,0
120000417,1,100,-99
120000418,22,5,17
120000419,1,324,-323
120000420,135,20,115
120000421,7656,3472,4184
120000422,146,207,-61
120000423,1,25,-24
120000424,7,78,-71
120000436,33,154,-121
120000437,82,69,13
120000438,2695,126,2569
120000439,37,110,-73
120000443,21,0,21
120000444,161,246,-85
120000445,437,623,-186
120000446,524,170,354
120000447,34,3,31
120000449,21,5,16
120000450,9,322,-313
120000451,18,131,-113
120000452,18,0,18
120000453,0,247,-247
120000454,48,13,35
120000455,37,62,-25
120000456,1593,872,721
120000457,392,483,-91
120000458,165,311,-146
120000459,26,34,-8
120000665,345,82,263
120000668,39,49,-10
120000669,23,238,-215
120000670,145,138,7
120000671,140,86,54
120000672,25,157,-132
120900001,34,5,29
120900002,2,54,-52
120900003,108,22,86
120900004,0,6,-6
120900005,3,1469,-1466
120900006,31,69,-38
120900007,24,83,-59
120900008,37,668,-631
120900009,134,60,74
120900010,69,14,55
120900011,47,33,14
120900012,345,113,232
120900013,44,7,37
120900014,0,328,-328
120900015,106,38,68
120900016,79,40,39
120900017,1858,40,1818
120900018,18,203,-185
120900019,86,34,52
120900020,173,100,73
120900021,35,9,26
120900022,8,174,-166
120900023,27,12,15
120900024,440,256,184
120900025,877,261,616
120900026,8,83,-75
120900027,253,122,131
120900028,29,15,14
120900029,21,68,-47
120900030,245,143,102
120900031,31,19,12
120900032,129,45,84
120900033,95,6,89
120900034,4,720,-716
120900035,4,18,-14
120900037,23,0,23
120900038,15,20,-5
120900039,8,12,-4
120900040,15,0,15
120900041,23,2,21
120900042,59,21,38
120900043,5,1,4
120900044,3,235,-232
120900045,35,37,-2
120900046,63,2,61
120900047,24,12,12
120900048,23,1,22
120900049,43,0,43
120900050,1775,271,1504
120900051,42,60,-18
120900052,40,0,40
120900053,22,35,-13
120900054,330,311,19
120900055,34,2,32
120900056,47,2,45
120900057,13,6,7
120900058,47,0,47
120900059,7,1,6
120900060,5,15,-10
120900061,99,123,-24
120900062,39,0,39
120900063,60,2,58
120900064,59,0,59
120900065,34,1,33
120900066,25,204,-179
120900067,33,10,23
120900068,52,0,52
120900069,37,29,8
120900071,1,0,1
120900072,80,1,79
120900073,69,35,34
120900074,31,0,31
120900076,32,1,31
120900077,1432,67,1365
120900078,70,477,-407
120900079,83,57,26
120900080,100,2014,-1914
120900081,177,72,105
120900082,169,81,88
120900083,11,0,11
120900084,38,75,-37
120900085,51,23,28
120900086,77,56,21
120900087,67,21,46
120900088,23,55,-32
120900089,2453,379,2074
120900090,16,92,-76
120900091,99,79,20
120900092,171,447,-276
120900093,2811,101,2710
120900094,234,61,173
120900095,44,8,36
120900096,4,49,-45
120900097,230,1048,-818
120900098,152,107,45
120900099,23,61,-38
120900100,13,341,-328
120900101,77,184,-107
120900102,7,100,-93
120900103,8,94,-86
120900104,17,29,-12
120900105,10,581,-571
120900106,566,262,304
120900107,202,121,81
120900108,0,675,-675
120900109,13,550,-537
120900110,12,357,-345
120900111,64,230,-166
120900112,4,948,-944
120900113,4,555,-551
120900114,10,188,-178
120900115,53,44,9
120900116,20,347,-327
120900117,3,377,-374
120900118,1,516,-515
120900119,1810,1926,-116
120900120,18,526,-508
120900121,17,237,-220
120900122,35,376,-341
120900123,3,334,-331
120900124,0,552,-552
120900125,1,622,-621
120900126,382,348,34
120900127,3,364,-361
120900128,325,471,-146
120900129,28,382,-354
120900130,0,103,-103
120900131,7,22,-15
120900132,94,204,-110
120900133,77,680,-603
120900134,70,245,-175
120900135,3,589,-586
120900136,5,3,2
120900137,17,51,-34
120900138,8,147,-139
120900139,3,694,-691
120900140,0,22,-22
120900141,9,45,-36
120900142,6,568,-562
120900143,3,790,-787
120900144,0,148,-148
120900145,17,585,-568
120900146,1,709,-708
120900147,1,122,-121
120900148,8,34,-26
120900149,0,239,-239
120900150,6,326,-320
120900151,10,462,-452
120900152,19,33,-14
120900153,4,19,-15
120900154,0,175,-175
120900155,39,852,-813
120900156,26,332,-306
120900157,16,134,-118
120900158,6,280,-274
120900159,43,423,-380
120900160,11,169,-158
120900161,11,618,-607
120900162,11,613,-602
120900163,8,49,-41
120900164,0,2,-2
120900165,0,1,-1
120900166,1,37,-36
120900167,28,20,8
120900169,6,255,-249
120900170,1096,524,572
120900171,549,152,397
120900172,655,72,583
120900173,3,29,-26
120900174,0,61,-61
120900175,100,43,57
120900176,4,54,-50
120900177,0,113,-113
120900178,0,50,-50
120900179,166,103,63
120900180,47,28,19
120900181,3,53,-50
120900182,11,179,-168
120900183,117,24,93
120900184,41,19,22
120900185,2,163,-161
120900186,2,379,-377
120900187,49,197,-148
120900188,17,3,14
120900189,18,149,-131
120900190,4,9,-5
120900191,1,14,-13
120900192,8502,847,7655
120900194,5,40,-35
120900195,29,204,-175
120900196,126,45,81
120900197,105,9,96
120900198,57,330,-273
120900199,74,42,32
120900200,32,17,15
120900201,367,96,271
120900202,0,132,-132
120900203,8,21,-13
120900204,85,199,-114
120900205,25,52,-27
120900206,5,1,4
120900207,14,549,-535
121000001,318,485,-167
121000002,729,593,136
121000003,1678,744,934
121000004,1011,1014,-3
121000005,922,1078,-156
121000006,1163,591,572
121000007,1361,1110,251
121000008,1914,1189,725
121000009,2688,1696,992
121000010,3239,1463,1776
121000011,2655,2529,126
121000012,4820,2187,2633
121000013,2191,2449,-258
121000014,3101,2632,469
121000015,1573,2691,-1118
121000016,2242,1644,598
121000017,474,1193,-719
121000018,776,544,232
121000019,6534,2938,3596
121000020,3968,2402,1566
121000021,906,962,-56
121000022,519,491,28
121000023,1368,1011,357
121000024,846,1056,-210
121000025,287,259,28
121000026,92,42,50
121000027,635,367,268
121000028,228,147,81
121000029,332,258,74
121000030,131,119,12
121000031,225,221,4
121000032,72,42,30
121000034,126,38,88
121000035,37,32,5
121000036,326,257,69
121000037,270,200,70
121000038,232,210,22
121000039,129,88,41
121000041,118,133,-15
121000042,46,116,-70
121000043,279,224,55
121000044,549,256,293
121000045,55,133,-78
121000046,86,245,-159
121000047,66,140,-74
121000049,787,376,411
121000050,161,551,-390
121000051,219,173,46
121000052,134,227,-93
121000053,95,29,66
121000054,16,73,-57
121000055,486,386,100
121000056,349,497,-148
121000057,85,96,-11
121000058,133,54,79
121000059,559,253,306
121000060,177,348,-171
121000061,41,64,-23
121000062,48,67,-19
121000063,259,213,46
121000064,166,267,-101
121000065,241,153,88
121000066,251,199,52
121000067,392,105,287
121000068,150,71,79
121000069,80,90,-10
121000070,745,489,256
121000071,324,298,26
121000072,436,266,170
121000073,294,314,-20
121000074,26,74,-48
121000075,6,7,-1
121000076,280,105,175
121000077,19,22,-3
121000078,37,36,1
121000080,1193,308,885
121000081,897,583,314
121000082,77,134,-57
121000083,82,60,22
121000084,99,46,53
121000085,126,331,-205
121000086,113,351,-238
121000087,24,109,-85
121000088,249,189,60
121000089,93,67,26
121000090,153,125,28
121000091,570,271,299
121000092,77,29,48
121000093,51,74,-23
121000094,158,154,4
121000095,65,160,-95
121000096,966,597,369
121000097,274,461,-187
121000098,99,464,-365
121000099,135,286,-151
121000100,148,181,-33
121000101,35,79,-44
121000102,24,177,-153
121000103,26,84,-58
121000104,53,45,8
121000105,44,67,-23
121000106,31,73,-42
121000107,1044,1900,-856
121000109,683,478,205
121000110,50,167,-117
121000114,974,1029,-55
121000115,262,364,-102
121000116,218,264,-46
121000117,440,131,309
121000118,561,80,481
121000119,60,72,-12
121000120,105,178,-73
121000121,194,280,-86
121000123,625,257,368
121000127,29,51,-22
121000128,178,198,-20
121000129,112,141,-29
121000130,110,391,-281
121000131,349,286,63
121000132,218,225,-7
121000135,163,67,96
121000136,841,184,657
121000137,212,45,167
121000138,391,115,276
121000139,248,30,218
121000141,58,31,27
121000142,637,150,487
121000143,56,2,54
121000144,314,231,83
121000145,127,535,-408
121000146,363,311,52
121000147,240,156,84
121000148,249,384,-135
121000149,558,473,85
121000152,99,229,-130
121000153,551,176,375
121000154,290,147,143
121000155,321,365,-44
121000156,114,296,-182
121000157,700,697,3
121000158,185,285,-100
121000159,63,235,-172
121000160,116,354,-238
121000161,23,178,-155
121000162,13,163,-150
121000165,540,572,-32
121000166,16,159,-143
121000168,56,99,-43
121000169,7,64,-57
121000170,24,22,2
121000171,17,63,-46
121000172,165,178,-13
121000173,452,258,194
121000174,71,188,-117
121000175,135,247,-112
121000176,101,100,1
121000177,249,202,47
121000178,44,22,22
121000179,77,42,35
121000181,246,148,98
121000182,18,96,-78
121000183,17,32,-15
121000184,24,22,2
121000185,4,72,-68
121000186,65,108,-43
121000187,65,161,-96
121000188,37,166,-129
121000192,252,103,149
121000193,158,150,8
121000194,856,779,77
121000195,179,497,-318
121000196,284,135,149
121000197,52,264,-212
121000198,38,34,4
121000199,23,208,-185
121000200,75,20,55
121000201,1,78,-77
121000202,145,30,115
121000203,111,1029,-918
121000204,301,207,94
121000205,44,170,-126
121000206,41,16,25
121000207,431,175,256
121000208,2,126,-124
121000209,81,247,-166
121000210,100,190,-90
121000211,31,50,-19
121000212,103,366,-263
121000213,3280,788,2492
121000214,299,408,-109
121000215,542,213,329
121000216,108,157,-49
121000217,1549,824,725
121000218,206,666,-460
121000219,414,144,270
121000220,118,42,76
121000221,58,138,-80
121000222,1118,1078,40
121000223,291,123,168
121000224,142,25,117
121000225,527,269,258
121000226,688,214,474
121000227,4,191,-187
121000228,9,463,-454
121000229,19,276,-257
121000230,28,927,-899
121000231,77,2,75
121000232,187,80,107
121000233,97,116,-19
121000234,1,15,-14
121000235,5,6,-1
121000236,0,25,-25
121000237,2,0,2
121000238,2,30,-28
121000239,4,1,3
121000240,2,82,-80
121000241,26,1,25
121000242,2,101,-99
121000243,24,9,15
121000244,0,29,-29
121000245,1,14,-13
121000246,1,40,-39
121000247,1,0,1
121000248,74,124,-50
121000249,20,147,-127
121000250,68,38,30
121000251,8,258,-250
121000252,20,28,-8
121000253,105,289,-184
121000254,177,149,28
121000255,75,58,17
121000256,105,70,35
121000257,7,19,-12
121000258,11,27,-16
121000259,8,10,-2
121000260,24,71,-47
121000261,13,16,-3
121000262,239,295,-56
121000263,179,258,-79
121000271,64,797,-733
121000273,36,6,30
121000274,1,34,-33
121000275,3,7,-4
121000276,2,12,-10
121000278,14,33,-19
121000279,15,4,11
121000280,3,27,-24
121000289,53,15,38
121000290,373,322,51
121000294,23,86,-63
121000297,347,271,76
121000299,70,94,-24
121000300,259,196,63
121000302,30,149,-119
121000303,129,90,39
121000304,146,16,130
121000305,18,44,-26
121000306,11,55,-44
121000308,42,128,-86
121000309,113,226,-113
121000310,27,187,-160
121000311,36,321,-285
121000312,97,59,38
121000313,172,171,1
121000314,27,17,10
121000315,14,15,-1
121000530,267,677,-410
121000531,431,644,-213
121000532,1496,1529,-33
121000533,980,813,167
121000918,9,84,-75
121000919,5,30,-25
121000938,103,45,58
121000939,178,49,129
121000956,130,667,-537
121000957,6,3,3
121000958,13,29,-16
121000959,129,680,-551
121000960,585,1136,-551
121000961,73,10,63
121000962,74,235,-161
121000973,0,137,-137
121000976,7,65,-58
121000979,39,8,31
121000981,144,13,131
121000982,102,153,-51
121000983,76,207,-131
121000984,5,6,-1
121000985,108,340,-232
121000986,30,188,-158
121000987,71,853,-782
121000988,161,50,111
121001302,139,18,121
121001308,2,2,0
121001309,54,16,38
121001313,73,206,-133
121001314,1865,1732,133
121001315,1884,717,1167
121001326,90,134,-44
121900001,22,86,-64
121900002,6,11,-5
121900003,52,1,51
121900004,21,91,-70
121900005,10,0,10
121900006,26,16,10
121900007,514,911,-397
121900008,42,5,37
121900009,96,0,96
121900010,73,0,73
121900011,25,90,-65
121900012,0,0,0
121900013,88,2,86
121900014,281,94,187
121900015,30,23,7
121900016,0,6,-6
121900017,95,148,-53
121900018,89,1,88
121900019,56,80,-24
121900020,15,0,15
121900021,94,1,93
121900022,29,28,1
121900023,6,81,-75
121900024,97,12,85
121900025,61,63,-2
121900026,41,12,29
121900027,44,30,14
121900028,44,2,42
121900029,2,37,-35
121900030,195,152,43
121900031,259,1110,-851
121900032,5,5,0
121900033,22,34,-12
121900034,89,39,50
121900035,580,449,131
121900036,2,132,-130
121900037,36,114,-78
121900038,3,24,-21
121900039,118,6,112
121900040,4,15,-11
121900041,15,42,-27
121900042,59,20,39
121900043,0,0,0
121900044,74,7,67
121900046,33,28,5
121900047,27,17,10
121900048,0,25,-25
121900050,6,23,-17
121900051,24,53,-29
121900052,6,14,-8
121900053,50,73,-23
121900054,93,213,-120
121900055,0,0,0
121900058,32,80,-48
121900059,85,27,58
121900060,18,67,-49
121900062,10,7,3
121900063,153,56,97
121900064,50,216,-166
121900066,4,2,2
121900067,0,1,-1
121900069,92,16,76
121900070,41,29,12
121900071,20,59,-39
121900072,4,29,-25
121900073,39,42,-3
121900074,88,112,-24
121900075,112,65,47
121900076,77,176,-99
121900078,4,2,2
121900079,0,0,0
121900080,83,146,-63
121900082,7,27,-20
121900084,0,40,-40
121900086,0,8,-8
121900087,54,17,37
121900088,473,556,-83
121900089,16,121,-105
121900090,1,29,-28
121900091,4,19,-15
121900092,40,18,22
121900093,25,20,5
121900094,7,4,3
121900095,60,37,23
121900096,719,90,629
121900097,39,52,-13
121900098,0,0,0
121900099,16,11,5
121900100,12,45,-33
121900101,38,29,9
121900102,3,18,-15
121900103,220,31,189
121900104,338,104,234
121900105,11,8,3
121900106,1,1,0
121900107,0,2,-2
121900108,0,0,0
121900109,116,45,71
121900110,51,401,-350
121900111,475,37,438
121900112,11,21,-10
121900113,5,57,-52
121900114,0,0,0
121900117,7,2,5
121900118,663,78,585
121900119,18,48,-30
121900120,2,497,-495
121900121,96,18,78
121900122,1,4,-3
121900123,33,176,-143
121900124,38,76,-38
121900125,218,435,-217
121900127,1,15,-14
121900128,5,24,-19
121900129,203,17,186
121900130,15,67,-52
121900131,39,61,-22
121900132,2,23,-21
121900133,3,6,-3
121900134,3,37,-34
121900135,516,85,431
121900136,28,109,-81
121900137,7,56,-49
121900138,19,57,-38
121900139,118,133,-15
121900140,7,30,-23
121900141,9,4,5
121900142,16,19,-3
121900143,5,44,-39
121900144,112,85,27
121900145,24,19,5
121900146,112,227,-115
121900147,28,56,-28
121900148,23,68,-45
121900149,56,226,-170
121900150,35,45,-10
121900151,10,78,-68
121900152,11,47,-36
121900153,3,161,-158
121900154,2,58,-56
121900155,0,25,-25
121900156,19,47,-28
121900157,0,120,-120
121900158,14,28,-14
121900159,1,53,-52
121900160,0,96,-96
121900161,85,53,32
121900162,27,21,6
121900163,14,268,-254
121900164,61,38,23
121900165,22,52,-30
121900166,35,38,-3
121900167,41,24,17
121900168,76,26,50
121900169,2,154,-152
121900170,0,51,-51
121900171,91,111,-20
121900172,59,101,-42
121900173,179,66,113
121900174,2,5,-3
121900175,15,39,-24
121900176,190,674,-484
121900177,43,16,27
121900178,9,39,-30
121900179,24,20,4
121900180,1968,696,1272
121900182,106,74,32
121900183,234,122,112
121900184,34,192,-158
121900186,1,97,-96
121900187,6,20,-14
121900188,110,45,65
121900189,11,27,-16
121900190,46,134,-88
121900191,12,39,-27
121900192,99,112,-13
121900193,10,67,-57
121900194,1,33,-32
121900195,15,14,1
121900196,196,122,74
121900197,99,710,-611
121900198,247,155,92
121900199,1,3,-2
121900200,9,32,-23
121900201,188,257,-69
121900202,16,74,-58
121900203,20,95,-75
121900204,289,263,26
121900205,7,34,-27
121900206,0,0,0
121900207,35,5,30
121900208,42,50,-8
121900209,2,7,-5
121900210,163,156,7
121900211,67,144,-77
121900212,8,24,-16
121900213,14,25,-11
121900214,0,67,-67
121900215,10,2,8
121900216,11,22,-11
121900217,38,31,7
121900218,78,62,16
121900220,32,1,31
121900221,54,169,-115
121900222,11,41,-30
121900223,14,8,6
121900224,7,12,-5
121900225,16,8,8
121900226,30,61,-31
121900227,27,105,-78
121900228,34,76,-42
121900230,35,4,31
121900231,29,69,-40
121900232,33,114,-81
121900233,87,55,32
121900234,33,95,-62
121900235,55,92,-37
121900236,53,26,27
121900237,51,160,-109
121900238,30,67,-37
121900239,19,3,16
121900240,95,30,65
121900241,8,15,-7
121900242,0,0,0
121900243,0,0,0
121900244,0,0,0
121900245,33,52,-19
121900246,318,91,227
121900248,216,130,86
121900250,52,59,-7
121900251,36,3,33
121900252,253,31,222
121900253,52,276,-224
121900254,156,62,94
121900255,43,20,23
121900258,517,353,164
121900259,67,107,-40
121900260,2,27,-25
121900261,39,74,-35
121900262,126,169,-43
121900263,27,43,-16
121900264,584,236,348
121900265,19,95,-76
121900266,52,50,2
121900267,5,2,3
121900269,20,38,-18
121900270,0,34,-34
121900271,2,44,-42
121900273,77,292,-215
121900274,24,119,-95
121900277,47,510,-463
121900278,14,298,-284
121900279,11,147,-136
121900280,39,103,-64
121900281,29,2,27
121900284,7,2,5
121900286,2,30,-28
121900287,2,6,-4
121900288,0,0,0
121900290,51,83,-32
121900291,115,149,-34
121900292,32,43,-11
121900293,318,1129,-811
121900294,26,1,25
121900295,22,62,-40
121900296,14,14,0
121900298,82,115,-33
121900299,0,0,0
121900300,0,0,0
121900301,2,0,2
121900302,0,29,-29
121900303,69,146,-77
121900304,1,2,-1
121900305,0,0,0
121900306,23,1,22
121900307,4,2,2
121900308,3,149,-146
121900309,4,75,-71
121900310,2,232,-230
121900311,73,4,69
121900312,30,7,23
121900313,62,10,52
121900314,0,13,-13
121900315,0,0,0
121900316,0,5,-5
121900317,0,0,0
121900318,1,3,-2
121900319,3,6,-3
121900320,18,28,-10
121900321,10,0,10
121900322,0,14,-14
121900323,3,0,3
121900324,1,3,-2
121900325,0,1,-1
121900326,2,11,-9
121900327,2,14,-12
121900328,0,11,-11
121900329,1,76,-75
121900330,0,11,-11
121900331,9,0,9
121900332,12,6,6
121900333,7,0,7
121900334,19,6,13
122000001,550,755,-205
122000002,1314,345,969
122000003,634,351,283
122000004,823,278,545
122000005,933,346,587
122000006,794,164,630
122000007,504,387,117
122000008,1138,934,204
122000009,158,59,99
122000010,1057,812,245
122000011,914,227,687
122000012,595,439,156
122000013,796,435,361
122000014,585,689,-104
122000015,510,401,109
122000016,138,341,-203
122000017,400,348,52
122000018,430,455,-25
122000019,318,611,-293
122000020,63,58,5
122000021,160,165,-5
122000022,313,425,-112
122000023,131,631,-500
122000024,425,327,98
122000025,482,347,135
122000026,893,361,532
122000027,213,1260,-1047
122000028,276,152,124
122000029,143,92,51
122000030,161,45,116
122000031,41,51,-10
122000032,471,991,-520
122000033,330,306,24
122000034,240,188,52
122000035,89,244,-155
122000036,161,245,-84
122000037,140,99,41
122000038,98,148,-50
122000039,405,238,167
122000040,201,179,22
122000041,128,260,-132
122000042,92,224,-132
122000043,36,59,-23
122000044,67,59,8
122000045,496,244,252
122000046,220,373,-153
122000047,145,79,66
122000048,835,957,-122
122000049,1473,742,731
122000050,775,279,496
122000051,135,82,53
122000052,124,48,76
122000053,39,174,-135
122000054,798,658,140
122000055,864,739,125
122000056,1366,1173,193
122000057,1102,774,328
122000058,1638,496,1142
122000059,1150,654,496
122000060,539,282,257
122000061,235,91,144
122000062,551,128,423
122000063,269,143,126
122000064,1451,1087,364
122000065,2324,1105,1219
122000066,206,214,-8
122000067,620,395,225
122000068,300,467,-167
122000069,309,237,72
122000070,165,763,-598
122000071,351,426,-75
122000072,110,122,-12
122000073,174,161,13
122000074,513,345,168
122000075,152,298,-146
122000076,442,359,83
122000077,484,176,308
122000078,1580,886,694
122000079,428,185,243
122000080,230,110,120
122000081,35,83,-48
122000082,671,275,396
122000083,435,1195,-760
122000084,252,178,74
122000085,84,447,-363
122000086,713,1433,-720
122000087,136,61,75
122000088,120,71,49
122000089,1856,1090,766
122000090,55,142,-87
122000091,63,20,43
122000092,26,2,24
122000093,644,560,84
122000094,2317,656,1661
122000095,691,576,115
122000096,436,475,-39
122000098,837,628,209
122000099,736,245,491
122000100,499,232,267
122000101,111,219,-108
122000102,530,320,210
122000103,469,376,93
122000104,82,54,28
122000105,108,88,20
122000106,128,177,-49
122000107,354,152,202
122000108,218,295,-77
122000109,91,96,-5
122000110,122,184,-62
122000111,1080,544,536
122000112,222,605,-383
122000113,156,250,-94
122000114,1064,695,369
122000115,755,484,271
122000116,164,175,-11
122000117,302,94,208
122000118,143,110,33
122000119,799,366,433
122000120,1299,702,597
122000121,1216,619,597
122000122,181,352,-171
122000123,730,303,427
122000124,385,99,286
122000125,212,162,50
122000126,301,159,142
122000127,654,255,399
122000128,181,265,-84
122000129,157,178,-21
122000130,597,125,472
122000131,600,118,482
122000132,502,95,407
122000133,307,638,-331
122000134,205,170,35
122000135,230,382,-152
122000136,109,92,17
122000137,219,268,-49
122000139,498,1192,-694
122000140,372,184,188
122000141,1689,324,1365
122000142,158,154,4
122000143,245,66,179
122000144,989,211,778
122000145,525,206,319
122000146,180,241,-61
122000147,319,97,222
122000148,790,441,349
122000149,817,338,479
122000150,404,267,137
122000151,76,128,-52
122000152,234,108,126
122000153,128,107,21
122000154,71,26,45
122000155,420,647,-227
122000156,904,745,159
122000157,773,476,297
122000158,104,196,-92
122000159,403,523,-120
122000160,2120,231,1889
122000161,421,186,235
122000162,544,493,51
122000163,90,28,62
122000164,16,61,-45
122000165,398,241,157
122000166,471,374,97
122000167,62,111,-49
122000168,91,156,-65
122000169,283,83,200
122000170,135,120,15
122000171,8,14,-6
122000172,591,603,-12
122000173,391,1015,-624
122000174,682,355,327
122000175,633,149,484
122000176,164,177,-13
122000177,772,740,32
122000178,1063,725,338
122000179,713,1263,-550
122000180,661,438,223
122000181,617,984,-367
122000182,532,242,290
122000183,260,243,17
122000184,1543,632,911
122000185,722,494,228
122000186,180,306,-126
122000187,624,498,126
122000188,229,83,146
122000189,90,68,22
122000190,454,589,-135
122000191,323,178,145
122000192,432,84,348
122000193,122,261,-139
122000194,251,74,177
122000195,57,151,-94
122000196,207,209,-2
122000197,106,168,-62
122000198,179,438,-259
122000199,216,134,82
122000200,469,190,279
122000201,760,866,-106
122000202,488,416,72
122000203,746,468,278
122000204,495,733,-238
122000205,345,335,10
122000206,744,264,480
122000207,766,358,408
122000208,679,464,215
122000209,835,98,737
122000210,624,702,-78
122000211,367,473,-106
122000212,197,120,77
122000213,222,387,-165
122000214,509,589,-80
122000215,607,842,-235
122000217,650,505,145
122000218,206,18,188
122000219,628,424,204
122000220,132,213,-81
122000221,36,164,-128
122000222,253,25,228
122000223,320,150,170
122000225,228,93,135
122000226,727,734,-7
122000227,107,664,-557
122000228,120,134,-14
122000229,13,122,-109
122000230,24,289,-265
122000231,79,261,-182
122000232,118,309,-191
122000233,0,53,-53
122000234,55,72,-17
122000235,163,90,73
122000236,198,52,146
122000237,22,21,1
122000238,38,51,-13
122000239,123,35,88
122000240,226,78,148
122000241,235,153,82
122000242,99,44,55
122000243,37,17,20
122000244,15,198,-183
122000245,27,123,-96
122000246,68,66,2
122000247,204,331,-127
122000248,662,842,-180
122000249,148,243,-95
122000250,354,162,192
122000251,92,108,-16
122000252,160,16,144
122000253,5,91,-86
122000254,65,16,49
122000255,219,669,-450
122000256,123,563,-440
122000257,27,154,-127
122000258,26,119,-93
122000259,8,306,-298
122000260,90,392,-302
122000261,5,97,-92
122000262,1,27,-26
122000263,31,57,-26
122000264,197,178,19
122000265,650,239,411
122000266,1431,156,1275
122000267,25,46,-21
122000268,25,130,-105
122000269,190,87,103
122000270,153,36,117
122000271,108,486,-378
122000272,128,468,-340
122000273,96,254,-158
122000274,28,148,-120
122000275,22,152,-130
122000276,60,188,-128
122000277,229,549,-320
122000278,180,418,-238
122000279,28,170,-142
122000280,188,293,-105
122000281,148,286,-138
122000282,34,268,-234
122000283,281,31,250
122000284,56,38,18
122000285,116,66,50
122000286,30,81,-51
122000287,235,536,-301
122000288,78,140,-62
122000291,260,231,29
122000293,166,112,54
122000294,26,39,-13
122000295,537,59,478
122000296,37,275,-238
122000297,1277,782,495
122000299,66,175,-109
122000300,127,173,-46
122000301,6202,968,5234
122000302,412,223,189
122000303,2090,356,1734
122000304,5,76,-71
122000305,357,303,54
122000306,3,438,-435
122000307,42,89,-47
122000309,6,34,-28
122000310,2,10,-8
122000311,15,20,-5
122000312,40,18,22
122000313,5,10,-5
122000314,26,66,-40
122000315,74,8,66
122000316,102,123,-21
122000317,358,101,257
122000318,37,85,-48
122000319,100,191,-91
122000320,112,1090,-978
122000321,30,162,-132
122000322,860,752,108
122000323,639,510,129
122000324,753,624,129
122000325,285,380,-95
122000326,2,48,-46
122000327,66,153,-87
122000328,373,348,25
122000330,460,244,216
122000333,2,140,-138
122000337,164,883,-719
122000338,50,152,-102
122000340,108,69,39
122000342,907,339,568
122000343,172,596,-424
122000344,11,2,9
122000345,55,71,-16
122000346,65,207,-142
122000348,102,316,-214
122000349,18,225,-207
122000351,55,97,-42
122000352,322,15,307
122000353,24,56,-32
122000355,83,73,10
122000356,488,310,178
122000357,3,5,-2
122000358,0,24,-24
122000359,0,12,-12
122000360,0,6,-6
122000362,3,26,-23
122000364,25,209,-184
122000365,0,11,-11
122000366,3,5,-2
122000368,119,273,-154
122000370,6,26,-20
122000371,0,0,0
122000372,0,0,0
122000381,5,114,-109
122000382,23,102,-79
122000384,1392,775,617
122000385,4,0,4
122000386,88,328,-240
122000387,137,203,-66
122000388,573,148,425
122000389,79,301,-222
122000390,128,105,23
122000391,34,13,21
122000392,59,67,-8
122000393,26,325,-299
122000394,82,133,-51
122000395,54,109,-55
122000396,59,57,2
122000397,13,63,-50
122000398,32,27,5
122000399,24,52,-28
122000400,53,129,-76
122000401,30,39,-9
122000402,33,21,12
122000403,131,648,-517
122000404,53,77,-24
122000408,278,350,-72
122000503,1,29,-28
122000524,39,38,1
122000544,8,498,-490
122000614,144,79,65
122000616,188,3,185
122000640,5,89,-84
122000641,6,239,-233
122000642,557,635,-78
122000643,3,40,-37
122000644,67,22,45
122000645,36,84,-48
122000651,586,285,301
122000664,60,9,51
122000665,412,171,241
122000666,156,377,-221
122000673,17,164,-147
122000674,58,25,33
122000675,522,614,-92
122000686,79,524,-445
122000687,242,185,57
122000688,66,356,-290
122000689,115,259,-144
122000690,171,433,-262
122000691,143,1305,-1162
122000692,215,175,40
122000693,124,714,-590
122000695,54,289,-235
122000696,43,126,-83
122000698,24,538,-514
122000699,39,23,16
122000701,440,125,315
122000702,236,876,-640
122000703,27,13,14
122000717,138,25,113
122000718,613,317,296
122000719,15,31,-16
122000720,53,83,-30
122000724,100,128,-28
122900001,1,0,1
122900002,332,629,-297
122900003,56,7,49
122900004,321,5,316
122900005,22,47,-25
122900006,333,188,145
122900007,10,4,6
122900008,364,59,305
122900009,141,29,112
122900010,76,29,47
122900012,92,61,31
122900014,46,74,-28
122900015,547,119,428
122900016,50,180,-130
122900017,148,198,-50
122900018,78,5,73
122900020,188,137,51
122900021,18,175,-157
122900022,92,507,-415
122900023,53,100,-47
122900024,17,50,-33
122900025,4,55,-51
122900026,58,77,-19
122900027,26,259,-233
122900028,14,30,-16
122900029,1538,301,1237
122900030,543,146,397
122900031,22,56,-34
122900032,39,133,-94
122900033,123,41,82
122900034,952,1299,-347
122900035,0,0,0
122900036,8,24,-16
122900037,191,47,144
122900038,38,683,-645
122900039,30,132,-102
122900040,125,139,-14
122900041,100,63,37
122900042,38,69,-31
122900043,103,45,58
122900044,20,87,-67
122900045,26,51,-25
122900046,120,25,95
122900047,37,28,9
122900048,3,31,-28
122900049,917,38,879
122900051,54,44,10
122900052,16,33,-17
122900053,2,4,-2
122900055,33,20,13
122900057,99,3,96
122900061,222,21,201
122900062,97,214,-117
122900063,46,194,-148
122900064,418,226,192
122900065,81,54,27
122900066,93,84,9
122900067,687,219,468
122900069,27,395,-368
122900070,34,10,24
122900071,35,275,-240
122900073,11,141,-130
122900074,119,295,-176
122900075,0,44,-44
122900076,5,110,-105
122900077,0,89,-89
122900078,15,60,-45
122900080,12,7,5
122900081,68,35,33
122900082,176,46,130
122900083,57,22,35
122900084,2,83,-81
122900086,0,10,-10
122900087,35,308,-273
122900088,5,21,-16
122900089,23,105,-82
122900090,4,409,-405
122900091,20,0,20
122900092,0,75,-75
122900093,0,151,-151
122900094,2,104,-102
122900095,34,0,34
122900096,13,135,-122
122900097,3,3,0
122900098,17,31,-14
122900099,5,0,5
122900100,60,62,-2
122900101,121,38,83
122900102,3,13,-10
122900103,9,3,6
122900104,11,0,11
122900105,2,2,0
122900106,0,44,-44
122900107,2,128,-126
122900108,1,120,-119
122900109,20,85,-65
123000001,685,207,478
123000002,1854,1055,799
123000003,1981,1313,668
123000004,1622,2125,-503
123000005,966,1027,-61
123000006,1526,1417,109
123000007,1393,1113,280
123000008,1002,1971,-969
123000009,2274,1952,322
123000010,2053,2189,-136
123000011,1526,635,891
123000012,457,1250,-793
123000013,1834,682,1152
123000014,671,1871,-1200
123000015,1964,344,1620
123000016,2624,1033,1591
123000017,1112,756,356
123000018,24,47,-23
123000019,55,126,-71
123000020,23,47,-24
123000021,16,70,-54
123000022,144,387,-243
123000023,626,589,37
123000024,507,239,268
123000025,30,29,1
123000026,8,60,-52
123000027,104,71,33
123000028,219,232,-13
123000029,451,210,241
123000030,36,444,-408
123000031,45,211,-166
123000032,76,119,-43
123000033,61,34,27
123000034,303,225,78
123000035,99,80,19
123000036,85,236,-151
123000037,80,128,-48
123000038,23,117,-94
123000039,397,374,23
123000040,434,146,288
123000041,295,209,86
123000042,248,167,81
123000043,510,1063,-553
123000044,2061,841,1220
123000045,3186,502,2684
123000046,236,338,-102
123000047,960,354,606
123000048,8,114,-106
123000049,2433,1528,905
123000050,258,331,-73
123000051,42,33,9
123000052,220,610,-390
123000053,948,820,128
123000054,477,479,-2
123000055,348,495,-147
123000056,540,895,-355
123000057,5607,1680,3927
123000058,1049,414,635
123000059,275,137,138
123000060,216,210,6
123000061,77,212,-135
123000063,308,256,52
123000064,355,95,260
123000065,3335,1443,1892
123000066,451,288,163
123000067,162,230,-68
123000068,1240,1247,-7
123000069,2995,1454,1541
123000070,74,249,-175
123000071,210,529,-319
123000072,390,696,-306
123000073,339,448,-109
123000074,461,1113,-652
123000075,109,296,-187
123000076,150,537,-387
123000077,1011,1752,-741
123000078,436,1000,-564
123000079,327,1082,-755
123000080,769,1223,-454
123000081,112,242,-130
123000082,162,531,-369
123000083,110,40,70
123000084,191,368,-177
123000085,96,27,69
123000086,58,133,-75
123000087,78,316,-238
123000088,383,892,-509
123000089,185,579,-394
123000090,483,670,-187
123000091,680,667,13
123000092,590,660,-70
123000094,173,98,75
123000095,80,266,-186
123000096,154,170,-16
123000097,96,711,-615
123000098,232,251,-19
123000099,310,446,-136
123000100,177,236,-59
123000101,189,138,51
123000102,229,227,2
123000104,122,153,-31
123000105,269,258,11
123000106,185,128,57
123000107,163,282,-119
123000108,406,509,-103
123000111,163,70,93
123000112,208,230,-22
123000113,159,447,-288
123000114,175,247,-72
123000115,105,103,2
123000116,11,85,-74
123000117,454,1004,-550
123000118,120,508,-388
123000119,73,519,-446
123000120,151,404,-253
123000121,193,240,-47
123000122,211,173,38
123000123,205,269,-64
123000124,294,257,37
123000125,329,101,228
123000126,1145,922,223
123000127,805,471,334
123000128,118,253,-135
123000129,120,61,59
123000130,101,18,83
123000131,252,205,47
123000132,148,263,-115
123000133,233,151,82
123000134,247,76,171
123000135,397,419,-22
123000136,66,618,-552
123000137,72,240,-168
123000138,23,198,-175
123000139,71,36,35
123000140,44,251,-207
123000141,240,30,210
123000142,389,378,11
123000143,610,1357,-747
123000144,7,5,2
123000145,63,66,-3
123000146,6,40,-34
123000147,21,39,-18
123000149,101,97,4
123000150,134,91,43
123000151,141,209,-68
123000152,20,174,-154
123000153,37,173,-136
123000154,950,589,361
123000155,1337,351,986
123000156,27,35,-8
123000157,194,406,-212
123000158,227,218,9
123000159,969,601,368
123000160,314,222,92
123000161,282,224,58
123000162,205,412,-207
123000163,61,39,22
123000164,210,61,149
123000165,139,1045,-906
123000166,13,79,-66
123000167,42,143,-101
123000168,81,193,-112
123000169,98,25,73
123000170,11,215,-204
123000171,35,47,-12
123000172,88,353,-265
123000173,135,25,110
123000174,131,49,82
123000175,397,634,-237
123000176,138,38,100
123000177,89,608,-519
123000178,167,25,142
123000179,22,414,-392
123000180,427,132,295
123000181,147,743,-596
123000182,51,203,-152
123000183,30,47,-17
123000185,151,192,-41
123000186,2,353,-351
123000187,129,2,127
123000188,45,0,45
123000189,24,141,-117
123000190,6,135,-129
123000192,6,221,-215
123000193,22,280,-258
123000194,145,173,-28
123000195,110,7,103
123000196,57,11,46
123000197,44,18,26
123000198,7,84,-77
123000199,2,218,-216
123000200,71,0,71
123000201,138,19,119
123000202,18,554,-536
123000203,167,28,139
123000204,26,791,-765
123000205,103,1082,-979
123000206,307,60,247
123000207,55,853,-798
123000208,113,46,67
123000209,327,69,258
123000210,91,937,-846
123000211,210,1393,-1183
123000212,407,144,263
123000213,99,23,76
123000215,84,22,62
123000216,127,188,-61
123000217,59,8,51
123000218,47,123,-76
123000219,294,18,276
123000220,118,27,91
123000221,58,58,0
123000222,144,191,-47
123000223,33,232,-199
123000224,176,415,-239
123000225,45,30,15
123000226,52,194,-142
123000227,41,208,-167
123000228,48,12,36
123000229,475,979,-504
123000232,31,311,-280
123000233,164,37,127
123000234,75,352,-277
123000235,103,124,-21
123000236,45,432,-387
123000237,109,6,103
123000238,13,274,-261
123000239,163,1025,-862
123000240,8,91,-83
123000241,393,38,355
123000242,28,69,-41
123000243,265,472,-207
123000244,288,204,84
123000245,15,101,-86
123000249,255,335,-80
123000252,166,31,135
123000253,171,53,118
123000254,128,479,-351
123000255,197,183,14
123000256,18,95,-77
123000257,966,667,299
123000258,476,1052,-576
123000259,32,196,-164
123000260,91,310,-219
123000261,37,95,-58
123000262,11,160,-149
123000263,68,45,23
123000264,61,12,49
123000265,9,84,-75
123000266,142,285,-143
123000267,95,65,30
123000268,14,44,-30
123000269,10,16,-6
123000270,5,12,-7
123000271,14,40,-26
123000272,383,141,242
123000273,57,255,-198
123000274,247,94,153
123000275,87,548,-461
123000278,1272,1076,196
123000279,28,49,-21
123000280,94,185,-91
123000281,114,23,91
123000282,27,167,-140
123000283,32,20,12
123000284,24,74,-50
123000286,103,79,24
123000287,235,129,106
123000288,259,135,124
123000289,152,203,-51
123000291,70,410,-340
123000294,114,178,-64
123000295,296,491,-195
123000296,109,273,-164
123000297,129,529,-400
123000298,131,314,-183
123000299,40,230,-190
123000300,322,362,-40
123000301,23,65,-42
123000302,16,69,-53
123000303,5,46,-41
123000305,461,423,38
123000306,26,164,-138
123000309,17,35,-18
123000310,38,10,28
123000311,42,147,-105
123000312,404,457,-53
123000313,113,191,-78
123000315,41,116,-75
123000316,833,119,714
123000317,38,30,8
123000318,17,157,-140
123000329,5,7,-2
123000337,74,152,-78
123000338,161,17,144
123000339,28,200,-172
123000340,87,208,-121
123000342,1,111,-110
123000343,10,0,10
123000344,257,165,92
123000345,144,226,-82
123000346,64,38,26
123000352,771,439,332
123000353,4,58,-54
123000354,177,5,172
123000355,2,266,-264
123000356,37,2,35
123000357,0,150,-150
123000359,2,131,-129
123000360,47,2,45
123000361,273,112,161
123000362,77,55,22
123000363,56,119,-63
123000364,128,158,-30
123000365,7,105,-98
123000366,112,462,-350
123000367,699,783,-84
123000370,9,150,-141
123000371,23,5,18
123000372,36,4,32
123000373,1,158,-157
123000374,2,74,-72
123000375,58,6,52
123000376,225,245,-20
123000377,49,6,43
123000378,2,198,-196
123000379,0,127,-127
123000380,4,50,-46
123000381,36,3,33
123000382,286,17,269
123000383,89,147,-58
123000384,139,28,111
123000385,52,224,-172
123000436,37,343,-306
123000507,107,142,-35
123000508,52,205,-153
123000517,108,8,100
123000518,22,117,-95
123000519,54,56,-2
123000520,14,71,-57
123000521,113,37,76
123000522,110,214,-104
123000541,0,0,0
123000542,0,16,-16
123000565,124,13,111
123000566,18,475,-457
123000567,37,168,-131
123000573,15,496,-481
123000574,211,52,159
123000575,506,609,-103
123000576,296,864,-568
123000577,26,194,-168
123000578,198,34,164
123000579,1943,1188,755
123000580,47,6,41
123000582,63,3,60
123000583,11,186,-175
123000584,27,93,-66
123000585,0,35,-35
123000586,5,0,5
123000596,107,92,15
123000597,24,33,-9
123000602,1,0,1
123000603,100,380,-280
123000604,151,565,-414
123000605,386,7,379
123000606,1,159,-158
123000609,12,269,-257
123000610,64,23,41
123000613,24,79,-55
123000614,119,11,108
123000615,54,179,-125
123000616,234,24,210
123000617,13,297,-284
123000618,10,284,-274
123000619,267,6,261
123000620,1,230,-229
123000622,122,11,111
123000624,119,38,81
123000630,247,209,38
123000631,90,1175,-1085
123000632,666,885,-219
123000633,0,135,-135
123000634,35,9,26
123000635,137,55,82
123000636,12,283,-271
123000637,114,33,81
123000638,115,38,77
123000639,400,1046,-646
123000640,13,558,-545
123000648,170,48,122
123000649,102,990,-888
123000650,28,64,-36
123000651,4,113,-109
123000652,41,35,6
123000653,13,180,-167
123000654,83,134,-51
123900001,691,20,671
123900002,8,535,-527
123900003,120,249,-129
123900005,50,34,16
123900006,35,6,29
124000001,595,18,577
124000002,15,431,-416
124000003,106,14,92
124000004,19,322,-303
124000005,201,67,134
124000006,107,849,-742
124000007,209,30,179
124000008,4,170,-166
124000009,179,82,97
124000010,38,348,-310
124000011,177,41,136
124000012,52,534,-482
124000017,8,51,-43
124000018,25,44,-19
124000019,22,36,-14
124000020,8,123,-115
124000021,8,42,-34
124000022,40,115,-75
124000023,401,87,314
124000024,550,269,281
124000025,426,103,323
124000026,419,322,97
124000027,730,124,606
124000028,979,561,418
124000031,415,266,149
124000032,2297,644,1653
124000033,372,171,201
124000034,559,473,86
124000035,93,35,58
124000036,54,347,-293
124000037,85,75,10
124000038,9,33,-24
124000039,406,66,340
124000040,198,170,28
124000041,118,31,87
124000042,15,159,-144
124000043,19,25,-6
124000044,10,188,-178
124000045,166,175,-9
124000046,57,440,-383
124000047,280,282,-2
124000048,127,968,-841
124000049,282,268,14
124000050,183,1421,-1238
124000051,112,193,-81
124000052,195,856,-661
124000053,124,302,-178
124000054,216,366,-150
124000055,415,490,-75
124000056,1706,736,970
124000057,299,176,123
124000058,189,1142,-953
124000059,151,196,-45
124000060,260,554,-294
124000061,335,1019,-684
124000062,4350,885,3465
124000063,701,762,-61
124000064,1355,1068,287
124000065,126,119,7
124000066,181,22,159
124000067,23,82,-59
124000068,17,54,-37
124000069,109,107,2
124000070,80,239,-159
124000071,23,23,0
124000072,64,306,-242
124000073,168,62,106
124000074,90,537,-447
124000075,44,30,14
124000076,9,99,-90
124000077,509,201,308
124000078,1203,98,1105
124000079,177,298,-121
124000080,82,25,57
124000081,44,447,-403
124000082,7,67,-60
124000083,10,83,-73
124000084,10,104,-94
124000085,7,24,-17
124000086,35,21,14
124000087,30,17,13
124000088,20,115,-95
124000089,125,131,-6
124000090,45,217,-172
124000091,94,86,8
124000092,37,412,-375
124000093,36,11,25
124000094,23,141,-118
124000095,32,19,13
124000096,34,180,-146
124000097,33,44,-11
124000098,24,90,-66
124000099,30,43,-13
124000100,11,61,-50
124000101,21,101,-80
124000102,38,49,-11
124000103,16,55,-39
124000104,21,55,-34
124000105,9,14,-5
124000106,93,64,29
124000107,4,36,-32
124000108,33,24,9
124000109,52,24,28
124000110,51,77,-26
124000111,104,79,25
124000112,157,377,-220
124000113,48,40,8
124000114,85,344,-259
124000115,206,459,-253
124000116,28,42,-14
124000117,51,27,24
124000118,14,47,-33
124000119,315,247,68
124000120,113,268,-155
124000121,1215,271,944
124000122,306,570,-264
124000123,305,139,166
124000124,171,339,-168
124000125,135,145,-10
124000126,136,251,-115
124000127,197,208,-11
124000128,167,567,-400
124000129,622,655,-33
124000130,295,278,17
124000131,453,279,174
124000132,435,508,-73
124000133,206,371,-165
124000134,212,455,-243
124000135,612,554,58
124000136,388,555,-167
124000137,309,194,115
124000138,352,436,-84
124000139,149,22,127
124000140,26,229,-203
124000141,139,14,125
124000142,25,376,-351
124000143,22,15,7
124000144,4,106,-102
124000145,17,12,5
124000146,2,68,-66
124000148,2,7,-5
124000149,233,124,109
124000150,95,242,-147
124000151,232,79,153
124000152,211,473,-262
124000153,167,150,17
124000154,125,456,-331
124000155,322,228,94
124000156,452,448,4
124000169,85,63,22
124000170,313,229,84
124000171,58,87,-29
124000172,156,319,-163
124000173,85,136,-51
124000174,101,353,-252
124000175,4,76,-72
124000176,5,3,2
124000177,7,16,-9
124000178,14,4,10
124000185,2,4,-2
124000186,2,35,-33
124000187,1,61,-60
124000188,8,3,5
124000190,125,15,110
124000191,153,58,95
124000192,476,84,392
124000193,126,592,-466
124000194,128,358,-230
124000195,95,222,-127
124000196,454,639,-185
124000197,22,19,3
124000198,9,8,1
124000201,73,418,-345
124000202,172,24,148
124000203,41,498,-457
124000204,154,260,-106
124000205,16,356,-340
124000206,70,178,-108
124000207,0,45,-45
124000209,50,168,-118
124000210,69,71,-2
124000211,97,0,97
124000212,1,382,-381
124000213,38,205,-167
124000214,83,331,-248
124000215,95,5,90
124000216,1,418,-417
124000329,8,1198,-1190
124000338,9,551,-542
124000339,89,22,67
124000341,150,18,132
124000344,11,3,8
124000357,608,823,-215
124000358,831,1007,-176
124000359,313,204,109
124000360,162,172,-10
124000361,311,264,47
124000362,608,785,-177
124000363,113,326,-213
124000364,176,670,-494
124000365,392,814,-422
124000366,1473,841,632
124000367,47,260,-213
124000368,104,83,21
124000369,22,31,-9
124000370,30,223,-193
124000402,12,4,8
124000403,17,1,16
124000404,8,55,-47
124000405,276,341,-65
124000406,251,438,-187
124000407,1,13,-12
124000411,2,135,-133
124000412,62,6,56
124000413,91,9,82
124000414,22,69,-47
124000415,18,178,-160
124000416,31,244,-213
124000417,41,56,-15
124000418,16,46,-30
124000419,48,131,-83
124000420,13,33,-20
124000421,18,239,-221
124000422,19,9,10
124000423,23,11,12
124000424,2,76,-74
124000425,36,1,35
124000426,2,104,-102
124000427,42,11,31
124000428,6,8,-2
124000429,15,49,-34
124000430,205,281,-76
124000431,82,280,-198
124000432,37,468,-431
124000439,8,6,2
124000443,2,34,-32
124000445,275,163,112
124000446,1447,40,1407
124000447,9,28,-19
124000448,9,12,-3
124000449,14,5,9
124000450,11,309,-298
124000451,0,151,-151
124000452,294,28,266
124000453,1310,755,555
124000454,1281,1801,-520
124000455,5,474,-469
124000456,45,0,45
124000457,1,136,-135
124000458,3,148,-145
124000459,20,2,18
124000460,7,161,-154
124900001,53,80,-27
124900002,39,245,-206
124900003,133,198,-65
124900004,53,157,-104
124900005,48,73,-25
124900006,89,160,-71
124900008,389,135,254
124900009,11,29,-18
124900010,18,11,7
124900011,58,82,-24
124900012,61,35,26
124900013,80,33,47
124900014,45,25,20
124900015,35,33,2
124900016,11,9,2
124900017,203,119,84
124900018,3,0,3
124900020,6,2,4
124900021,13,4,9
124900022,13,1,12
124900024,26,0,26
124900026,13,1,12
124900027,12,35,-23
124900028,237,41,196
124900029,1,96,-95
124900030,0,45,-45
124900031,3,155,-152
124900032,59,54,5
124900033,39,182,-143
124900034,0,50,-50
124900035,23,216,-193
124900036,1,9,-8
124900037,23,144,-121
124900038,92,167,-75
124900039,0,4,-4
124900040,11,22,-11
124900041,97,789,-692
124900042,7,0,7
124900043,123,613,-490
124900044,7,0,7
124900045,152,223,-71
124900047,17,39,-22
124900048,42,70,-28
124900050,25,71,-46
124900052,17,96,-79
124900053,10,97,-87
124900054,1763,132,1631
124900055,0,44,-44
124900057,10,198,-188
124900060,20,136,-116
124900061,14,0,14
124900062,2,1,1
124900066,0,11,-11
124900067,1,66,-65
124900068,89,61,28
124900070,3,5,-2
124900072,14,5,9
124900075,11,104,-93
124900076,2,117,-115
124900077,6,46,-40
124900078,12,1,11
124900079,188,5,183
124900080,57,409,-352
124900081,135,93,42
124900082,95,556,-461
124900083,68,271,-203
124900085,463,75,388
124900086,10,90,-80
124900087,153,23,130
124900088,190,39,151
124900089,544,11,533
124900090,58,47,11
124900091,81,254,-173
124900092,56,258,-202
124900093,62,64,-2
124900094,30,99,-69
124900095,18,108,-90
124900096,134,23,111
124900097,67,32,35
124900098,46,142,-96
124900099,123,107,16
124900100,37,1,36
124900101,14,169,-155
124900102,26,1,25
124900103,27,166,-139
124900104,3,116,-113
124900105,26,93,-67
124900106,83,5,78
124900107,12,2,10
124900108,53,9,44
124900111,0,25,-25
124900112,29,315,-286
124900113,53,22,31
124900114,89,12,77
124900115,13,13,0
124900116,27,24,3
124900117,400,37,363
124900118,65,49,16
124900119,66,34,32
124900120,11,198,-187
124900121,31,33,-2
124900122,317,66,251
124900123,143,9,134
124900124,34,62,-28
124900125,46,3,43
124900126,2,225,-223
204000001,29,17,12
204000002,12,13,-1
204000003,2,0,2
204000004,0,3,-3
204000005,198,145,53
204000006,231,416,-185
204000011,10,33,-23
204000012,13,79,-66
204000019,316,237,79
204000020,206,374,-168
204000021,1043,375,668
204000022,152,220,-68
204000023,144,944,-800
204000031,47,8,39
204000032,307,9,298
204000034,11,188,-177
204000035,0,0,0
204000036,14,21,-7
204000037,2,17,-15
204000038,1,25,-24
204000039,1,29,-28
204000040,1,17,-16
204000041,3,17,-14
204000042,7,12,-5
204000043,7,2,5
204000044,4,0,4
204000045,5,10,-5
204000046,1,4,-3
204000057,10,17,-7
204000062,11,191,-180
204000068,29,96,-67
204000069,9,109,-100
204000070,19,56,-37
204000080,5,24,-19
204000085,339,820,-481
204000086,1452,1100,352
204000087,18,15,3
204000088,1,64,-63
204000090,16,283,-267
204000093,168,126,42
204000096,229,245,-16
204000097,121,40,81
204000099,398,465,-67
204000100,283,318,-35
204000105,748,721,27
204000110,375,729,-354
204000111,194,409,-215
204000112,275,522,-247
204000113,185,464,-279
204000114,224,154,70
204000115,148,234,-86
204000116,289,282,7
204000119,555,551,4
204000132,132,122,10
204000133,179,130,49
204000134,37,57,-20
204000135,140,60,80
204000136,76,98,-22
204000138,64,103,-39
204000140,81,53,28
204000141,50,7,43
204000144,1,6,-5
204000145,203,10,193
204000146,10,193,-183
204000147,19,59,-40
204000148,135,6,129
204000154,1,0,1
204000155,2,2,0
204000177,13,44,-31
204000179,1,1,0
204000180,1,32,-31
204000222,1,4,-3
204000235,6,7,-1
204000236,27,155,-128
204000238,19,4,15
204000240,194,22,172
204000263,220,857,-637
204000268,227,111,116
204000308,58,4,54
204000317,7,28,-21
204000322,0,25,-25
204000323,9,3,6
204000328,106,37,69
204000329,50,66,-16
204000330,209,87,122
204000331,56,116,-60
205000001,393,676,-283
205000013,6,60,-54
205000014,4,65,-61
205000015,20,129,-109
205000016,5,96,-91
205000017,9,52,-43
205000022,108,332,-224
205000025,866,532,334
205000029,102,8,94
205000045,19,90,-71
205000046,18,327,-309
205000047,19,282,-263
205000048,46,512,-466
205000049,43,387,-344
205000050,654,158,496
205000059,0,133,-133
205000060,1,27,-26
205000061,2,15,-13
205000062,2,26,-24
205000063,7,23,-16
205000064,2,36,-34
205000065,20,311,-291
205000066,14,430,-416
205000067,11,686,-675
205000069,176,24,152
205000082,62,92,-30
205000110,28,89,-61
205000111,55,141,-86
205000112,30,40,-10
205000113,103,109,-6
205000121,42,10,32
205000123,26,112,-86
205000126,57,35,22
205000127,103,35,68
205000128,147,45,102
205000129,136,50,86
205000130,73,12,61
205000131,45,2,43
205000132,373,0,373
205000133,43,0,43
205000134,61,0,61
205000137,32,66,-34
205000138,130,195,-65
205000139,19,44,-25
205000144,17,18,-1
205000145,102,48,54
205000151,18,9,9
205000152,27,17,10
205000153,76,15,61
205000154,22,15,7
205000155,36,9,27
205000207,21,87,-66
205000233,31,19,12
205000234,0,2,-2
205000243,0,0,0
205000244,0,3,-3
205000245,30,178,-148
205000249,0,21,-21
205000250,0,0,0
205000264,1,54,-53
206000027,10,3,7
206000028,21,1,20
206000043,6,98,-92
206000053,8,6,2
206000054,7,16,-9
206000055,2,27,-25
206000075,1,3,-2
206000076,26,6,20
206000077,14,1,13
206000078,1,4,-3
206000079,6,11,-5
206000082,223,18,205
206000100,29,233,-204
206000103,17,18,-1
206000104,12,20,-8
206000105,10,12,-2
206000106,15,16,-1
206000125,20,0,20
206000157,96,379,-283
206000170,3,184,-181
206000171,2,189,-187
206000172,2,744,-742
206000173,2,316,-314
206000174,2,154,-152
206000175,5,176,-171
206000176,9,328,-319
206000177,2,182,-180
206000178,2,130,-128
206000179,6,66,-60
206000180,19,141,-122
206000181,3,196,-193
206000182,12,251,-239
206000183,18,472,-454
206000184,2,314,-312
206000185,8,282,-274
206000186,96,1258,-1162
206000223,4,240,-236
206000226,2,1,1
206000227,7,1,6
206000237,20,293,-273
206000238,30,549,-519
206000239,355,1445,-1090
206000240,1,82,-81
206000241,0,119,-119
206000242,9,442,-433
206000243,17,319,-302
206000244,39,757,-718
206000245,237,26,211
206000246,57,2,55
206000247,32,5,27
206000248,68,10,58
206000252,53,15,38
206000258,19,10,9
206000315,26,3,23
206000317,137,47,90
206000318,60,25,35
206000319,295,75,220
206000320,31,16,15
206000321,34,7,27
206000322,115,8,107
206000323,50,8,42
206000324,24,9,15
206000325,39,9,30
206000326,23,2,21
206000327,115,9,106
206000328,32,7,25
206000329,56,1,55
206000330,9,8,1
206000331,29,2,27
206000332,12,2,10
206000333,107,2,105
206000334,60,1,59
206000335,0,30,-30
206000361,7,147,-140
206000392,9,32,-23
206000405,67,0,67
206000441,13,10,3
206000498,28,5,23
206000515,90,29,61
206000530,51,19,32
206000531,24,31,-7
206000532,491,52,439
206000535,108,1055,-947
206000536,6,180,-174
206000537,5,86,-81
206000613,435,85,350
206000784,465,23,442
207000001,89,271,-182
207000002,33,243,-210
207000003,51,207,-156
207000007,381,181,200
207000008,14,14,0
207000009,20,22,-2
207000010,202,462,-260
207000012,133,102,31
207000015,241,1050,-809
207000019,69,41,28
207000021,191,63,128
207000022,47,31,16
207000023,52,24,28
207000024,1,4,-3
207000025,5,31,-26
207000026,57,42,15
207000027,7,28,-21
207000028,26,181,-155
207000029,138,252,-114
207000033,113,91,22
207000034,135,32,103
207000039,90,54,36
207000040,61,95,-34
207000041,12,24,-12
207000042,86,49,37
207000043,72,74,-2
207000051,31,217,-186
207000052,6,218,-212
207000053,254,368,-114
207000054,23,97,-74
207000055,49,211,-162
207000056,122,347,-225
207000057,56,150,-94
207000058,54,357,-303
207000059,37,739,-702
207000060,23,163,-140
207000061,42,63,-21
207000062,79,42,37
207000063,49,96,-47
207000064,95,85,10
207000065,84,110,-26
207000066,65,73,-8
207000067,14,44,-30
207000068,41,31,10
207000069,285,165,120
207000082,18,273,-255
207000083,29,297,-268
207000084,53,78,-25
207000085,66,5,61
207000086,26,7,19
207000106,11,13,-2
207000107,35,19,16
207000108,23,9,14
207000109,25,5,20
207000110,23,20,3
207000111,46,37,9
207000112,38,109,-71
207000114,18,31,-13
207000115,14,48,-34
207000116,12,88,-76
207000117,2,80,-78
207000118,2,78,-76
207000119,11,51,-40
207000123,91,14,77
207000124,19,19,0
207000125,43,35,8
207000126,54,11,43
207000134,37,196,-159
207000135,15,192,-177
207000148,58,56,2
207000149,54,25,29
207000152,65,305,-240
207000153,436,627,-191
207000154,112,111,1
207000159,24,239,-215
207000160,25,495,-470
207000238,0,44,-44
207000242,2,75,-73
207000248,24,11,13
207000249,42,38,4
207000250,238,25,213
207000251,94,22,72
207000252,36,41,-5
207000278,23,46,-23
207000279,18,141,-123
207000280,129,44,85
207000281,40,873,-833
207000282,42,11,31
207000283,23,133,-110
207000284,15,41,-26
207000285,92,6,86
207000291,5,55,-50
207000304,43,71,-28
207000306,13,247,-234
207000310,18,26,-8
207000353,59,1,58
207000356,0,6,-6
207000357,2,7,-5
207000358,4,14,-10
207000415,1,118,-117
207000417,10,1,9
207000418,28,64,-36
207000438,0,5,-5
207000439,507,137,370
207000446,41,2,39
207000460,4,8,-4
207000466,72,75,-3
207000467,69,51,18
207000468,13,390,-377
207000476,1,29,-28
207000477,56,45,11
207000478,0,5,-5
207000523,0,5,-5
207000524,17,0,17
207000527,62,63,-1
207000530,51,0,51
207000531,67,4,63
207000532,26,3,23
207000534,288,16,272
207000535,20,84,-64
207000537,8,63,-55
207000540,5,66,-61
207000541,3,144,-141
207000548,4,172,-168
207000549,49,5,44
207000561,27,14,13
207000562,16,149,-133
207000567,63,171,-108
207000568,34,97,-63
207000569,34,563,-529
207000584,99,65,34
207000585,8,40,-32
207000587,43,14,29
207000616,0,139,-139
207000617,19,0,19
207000624,46,7,39
207000631,4,15,-11
207900008,63,192,-129
208000001,197,283,-86
208000002,245,332,-87
208000003,278,244,34
208000004,319,328,-9
208000005,6,7,-1
208000019,105,276,-171
208000020,37,164,-127
208000021,48,296,-248
208000022,188,433,-245
208000028,471,382,89
208000033,169,364,-195
208000034,529,635,-106
208000037,132,25,107
208000040,22,69,-47
208000041,145,133,12
208000042,226,185,41
208000047,55,245,-190
208000064,901,532,369
208000066,387,298,89
208000070,58,192,-134
208000071,80,327,-247
208000072,98,401,-303
208000080,62,154,-92
208000081,73,96,-23
208000082,107,135,-28
208000083,38,170,-132
208000084,5,2,3
208000085,382,267,115
208000086,194,469,-275
208000087,107,390,-283
208000089,172,340,-168
208000090,182,541,-359
208000093,11,52,-41
208000094,129,236,-107
208000095,349,176,173
208000104,309,337,-28
208000105,195,429,-234
208000114,25,45,-20
208000115,161,157,4
208000116,74,305,-231
208000117,9,39,-30
208000118,39,44,-5
208000155,269,478,-209
208000158,741,1031,-290
208000186,607,567,40
208000204,176,463,-287
208000205,407,832,-425
208000282,876,377,499
209000004,43,89,-46
209000005,11,6,5
209000006,143,64,79
209000007,100,95,5
209000010,242,81,161
209000011,82,124,-42
209000012,125,184,-59
209000013,77,389,-312
209000014,313,984,-671
209000025,103,18,85
209000026,289,33,256
209000027,143,595,-452
209000028,177,713,-536
209000029,328,599,-271
209000030,201,1041,-840
209000031,2357,1456,901
209000034,85,105,-20
209000035,28,86,-58
209000036,34,61,-27
209000037,59,109,-50
209000038,41,89,-48
209000039,23,85,-62
209000040,121,259,-138
209000041,83,198,-115
209000042,93,214,-121
209000043,229,207,22
209000044,90,247,-157
209000045,249,130,119
209000046,103,211,-108
209000047,67,77,-10
209000048,88,94,-6
209000049,25,114,-89
209000050,97,211,-114
209000051,62,232,-170
209000052,86,218,-132
209000062,8,79,-71
209000063,8,86,-78
209000064,12,76,-64
209000065,16,19,-3
209000066,7,25,-18
209000067,6,62,-56
209000080,10,137,-127
209000082,15,22,-7
209000091,16,32,-16
209000093,37,15,22
209000094,55,35,20
209000110,4,24,-20
209000111,284,416,-132
209000112,192,250,-58
209000113,392,199,193
209000114,162,138,24
209000115,45,132,-87
209000116,515,273,242
209000118,1,6,-5
209000119,9,5,4
209000121,88,555,-467
209000135,18,25,-7
209000142,558,391,167
209000143,21,37,-16
209000144,7,26,-19
209000229,66,71,-5
209000240,4,310,-306
209000259,29,77,-48
209000260,24,455,-431
209000261,2,283,-281
209000262,2,290,-288
209000263,0,56,-56
209000264,0,8,-8
209000265,27,1,26
209000266,13,1,12
209000267,100,1,99
209000268,72,2,70
210000037,18,11,7
210000047,10,8,2
210000048,19,13,6
210000049,21,9,12
210000052,10,117,-107
210000053,15,57,-42
210000054,35,88,-53
210000070,22,1,21
210000071,15,0,15
210000072,2,0,2
210000073,0,15,-15
210000074,2,63,-61
210000075,0,41,-41
210000076,1,60,-59
210000077,11,19,-8
210000078,13,22,-9
210000079,25,6,19
210000080,53,21,32
210000081,24,3,21
210000082,24,1,23
210000083,24,0,24
210000084,4,0,4
210000085,0,48,-48
210000086,3,54,-51
210000099,18,126,-108
210000100,13,130,-117
210000101,35,188,-153
210000105,23,129,-106
210000159,0,88,-88
210000163,125,153,-28
210000164,133,33,100
210000168,79,9,70
210000187,0,9,-9
210000188,0,21,-21
210000214,5,0,5
210000219,14,26,-12
210000220,37,45,-8
210000232,1,20,-19
210000233,3,41,-38
210000234,8,101,-93
210000235,14,98,-84
210000245,0,31,-31
210000246,5,1,4
210000258,10,71,-61
210000259,65,7,58
210000282,16,76,-60
210000285,0,87,-87
210000286,20,87,-67
210000290,1,5,-4
210000295,13,91,-78
210000296,16,44,-28
210000320,58,65,-7
210000321,23,46,-23
210000338,44,76,-32
210000339,233,282,-49
210000340,58,95,-37
210000341,63,145,-82
210000342,47,114,-67
210000343,64,128,-64
210000344,74,63,11
210000345,87,66,21
210000346,32,34,-2
210000347,47,16,31
210000348,33,5,28
210000349,34,13,21
210000350,27,28,-1
210000351,20,82,-62
210000352,12,47,-35
210000353,11,52,-41
210000354,24,51,-27
210000355,13,30,-17
210000356,29,14,15
210000357,18,13,5
210000358,152,48,104
210000359,53,25,28
210000360,83,51,32
210000361,46,70,-24
210000362,74,97,-23
210000363,413,64,349
210000364,61,10,51
210000365,35,17,18
210000366,36,25,11
210000367,16,14,2
210000368,75,7,68
210000369,10,21,-11
210000370,14,34,-20
210000372,7,14,-7
210000373,11,4,7
210000374,32,13,19
210000375,3,32,-29
210000376,22,64,-42
210000404,53,110,-57
210000439,11,13,-2
210000472,28,2,26
210000482,40,20,20
210000564,217,38,179
210000567,4,16,-12
210000568,202,2,200
211000092,8,59,-51
211000094,3,5,-2
211000169,101,3,98
211000172,7,125,-118
211000209,0,11,-11
211000226,3,10,-7
211000270,5,9,-4
211000275,14,12,2
211000276,18,15,3
211000279,3,47,-44
211000281,13,32,-19
211000302,5,51,-46
211507980,0,8,-8
211977296,10,0,10
212000003,64,24,40
212000004,38,11,27
212000005,14,13,1
212000006,8,71,-63
212000008,47,198,-151
212000009,9,135,-126
212000012,22,71,-49
212000013,9,37,-28
212000014,78,105,-27
212000015,74,136,-62
212000016,118,414,-296
212000027,207,211,-4
212000028,87,191,-104
212000029,58,117,-59
212000030,9,13,-4
212000031,11,42,-31
212000048,7,56,-49
212000049,3,39,-36
212000050,11,7,4
212000051,59,185,-126
212000052,70,319,-249
212000053,123,415,-292
212000054,40,106,-66
212000055,64,193,-129
212000056,2,32,-30
212000057,1,16,-15
212000058,147,13,134
212000070,44,240,-196
212000077,51,535,-484
212000099,76,120,-44
212000108,76,78,-2
212000111,45,95,-50
212000120,60,90,-30
212000138,21,25,-4
212000156,3,81,-78
212000158,2,4,-2
212000159,73,22,51
212000160,148,100,48
212000161,16,1,15
212000310,5,7,-2
212000311,0,39,-39
212000374,12,3,9
213000001,8,375,-367
213000005,75,28,47
213000006,436,56,380
213000007,20,3,17
213000009,138,29,109
213000010,61,35,26
213000011,61,23,38
213000012,57,160,-103
213000014,6,3,3
213000015,26,2,24
213000016,35,0,35
213000017,7,0,7
213000018,0,54,-54
213000019,0,97,-97
213000020,41,92,-51
213000021,1,57,-56
213000023,69,42,27
213000033,94,227,-133
213000034,67,72,-5
213000035,42,29,13
213000045,29,115,-86
213000046,17,73,-56
213000047,149,277,-128
213000056,15,4,11
213000069,5,3,2
213000073,1,4,-3
213000074,57,308,-251
213000075,137,4,133
213000076,8,0,8
213000085,0,14,-14
213000086,4,133,-129
213000091,11,0,11
213000092,2,0,2
213000099,82,466,-384
213000100,369,53,316
213000101,32,104,-72
213000102,69,237,-168
213000103,185,375,-190
213000104,12,225,-213
213000105,0,39,-39
213000106,10,132,-122
213000107,23,404,-381
213000108,7,251,-244
213000109,1,117,-116
213000110,2,30,-28
213000111,2,32,-30
213000112,63,73,-10
213000115,8,0,8
213000116,30,344,-314
213000117,5,411,-406
213000118,99,152,-53
213000119,21,495,-474
213000120,34,410,-376
213000122,70,427,-357
213000123,304,527,-223
213000124,34,680,-646
213000125,52,6,46
213000126,10,40,-30
213000127,40,76,-36
213000128,281,175,106
213000129,192,98,94
213000130,83,56,27
213000132,60,30,30
213000133,47,26,21
213000134,183,9,174
213000136,104,6,98
213000137,158,42,116
213000139,140,4,136
213000147,3,0,3
213000148,1,0,1
213000149,4,1,3
213000150,0,27,-27
213000151,0,31,-31
213000152,0,19,-19
213000153,0,11,-11
213000154,6,152,-146
213000155,9,194,-185
213000156,25,365,-340
213000157,339,345,-6
213000158,103,213,-110
213000159,108,209,-101
213000163,167,29,138
213000165,238,38,200
213000171,8,145,-137
213000172,20,135,-115
213000173,2,51,-49
213000174,0,19,-19
213000175,4,35,-31
213000176,1,46,-45
213000177,0,3,-3
213000178,3,2,1
213000179,35,12,23
213000180,30,24,6
213000184,18,188,-170
213000188,88,23,65
213000189,82,9,73
213000190,282,273,9
213000191,49,242,-193
213000192,35,375,-340
213000193,817,73,744
213000194,0,9,-9
213000195,5,376,-371
213000196,44,386,-342
213000197,89,57,32
213000198,2,1,1
213000200,23,524,-501
213000201,43,61,-18
213000202,13,436,-423
213000203,1045,95,950
213000204,204,8,196
213000205,30,5,25
213000206,58,6,52
213000207,23,5,18
213000208,6,0,6
213000209,16,1,15
213000210,44,1,43
213000211,1,6,-5
213000212,3,17,-14
213000213,0,29,-29
213000218,78,456,-378
213000219,204,6,198
213000220,156,0,156
213000223,78,38,40
213000224,0,8,-8
213000225,12,1,11
213000226,11,3,8
213000227,164,47,117
213000228,38,42,-4
213000229,105,17,88
213000230,120,7,113
213000232,11,259,-248
213000233,2,12,-10
213000234,1,17,-16
213000293,1,30,-29
213000294,24,3,21
213000295,0,50,-50
213000296,9,9,0
213000297,9,40,-31
213000298,4,36,-32
213000299,23,23,0
213000300,2,2,0
213000303,4,20,-16
213000304,0,1,-1
213000305,2,3,-1
213000306,18,8,10
213000307,46,43,3
213000308,44,166,-122
213000309,44,33,11
213000310,144,18,126
213000311,76,271,-195
213000315,17,69,-52
213000316,19,39,-20
213000322,0,12,-12
213000323,18,25,-7
213000340,62,531,-469
213000341,99,24,75
213000346,60,16,44
213000347,187,11,176
213000348,0,53,-53
213000349,0,8,-8
213000350,87,823,-736
213000366,16,131,-115
213000367,65,9,56
213000379,24,81,-57
213000386,1,69,-68
213000406,60,141,-81
213000417,279,121,158
213000425,17,44,-27
213000426,38,24,14
213000427,7,190,-183
213000428,7,147,-140
213000429,3,1,2
213000430,25,443,-418
213000431,50,1,49
213000432,0,8,-8
213000433,3,75,-72
213000434,23,46,-23
213000435,47,47,0
213000439,13,7,6
213000441,0,0,0
213000443,93,85,8
213000445,0,46,-46
213000446,0,1,-1
213000447,2,7,-5
213000448,4,28,-24
213000449,40,2,38
213000450,8,24,-16
213000451,17,39,-22
213000452,0,8,-8
213000453,18,126,-108
213000455,69,2,67
213000456,0,35,-35
213000481,18,1,17
213000482,45,3,42
213000489,189,10,179
213000491,0,37,-37
213000492,27,6,21
213000493,1,10,-9
213000494,32,32,0
213000495,1,26,-25
213000496,76,67,9
213000497,7,123,-116
213000498,16,92,-76
213000499,30,264,-234
213000500,28,28,0
213000501,31,9,22
213000502,39,8,31
213000503,0,23,-23
213000504,0,51,-51
213000505,0,9,-9
213000506,0,3,-3
213000507,0,86,-86
213900244,4,0,4
213900245,0,19,-19
218000003,10,19,-9
218000004,8,15,-7
218000005,13,20,-7
218000006,11,25,-14
218000007,5,10,-5
218000012,138,61,77
218000013,42,98,-56
218000014,300,187,113
218000019,337,219,118
218000020,185,184,1
218000040,0,0,0
218000046,16,118,-102
218000047,2,134,-132
218000048,10,219,-209
218000049,27,118,-91
218000050,64,225,-161
218000051,5,305,-300
218000052,0,72,-72
218000053,0,13,-13
218000054,1,16,-15
218000055,3,8,-5
218000056,6,24,-18
218000057,0,15,-15
218000064,0,4,-4
218000065,14,45,-31
218000066,1,21,-20
218000067,11,69,-58
218000068,20,57,-37
218000069,46,141,-95
218000070,151,163,-12
218000071,100,218,-118
218000072,132,152,-20
218000078,305,813,-508
218000079,17,28,-11
218000080,28,44,-16
218000081,74,123,-49
218000082,7,67,-60
218000083,25,59,-34
218000084,39,134,-95
218000085,90,231,-141
218000086,19,158,-139
218000087,94,173,-79
218000090,3,33,-30
218000091,354,243,111
218000092,30,88,-58
218000093,56,64,-8
218000094,236,518,-282
218000099,120,180,-60
218000100,112,135,-23
218000101,124,57,67
218000102,103,180,-77
218000103,40,151,-111
218000104,6,32,-26
218000105,23,7,16
218000106,27,5,22
218000107,18,71,-53
218000108,1,54,-53
218000112,16,18,-2
218000117,13,14,-1
218000134,140,492,-352
218000135,11,34,-23
218000136,66,27,39
218000137,41,62,-21
218000138,0,42,-42
218000139,20,196,-176
218000140,40,107,-67
218000141,7,24,-17
218000142,23,39,-16
218000143,5,60,-55
218000144,13,15,-2
218000145,87,171,-84
218000146,24,59,-35
218000151,35,16,19
218000152,28,47,-19
218000170,0,12,-12
218000171,10,8,2
218000172,4,2,2
218000173,3,2,1
218000174,2,2,0
218000176,35,19,16
218000177,119,37,82
218000178,46,30,16
218000179,45,18,27
218000180,35,13,22
218000181,32,22,10
218000187,2,12,-10
218000188,2,19,-17
218000189,2,24,-22
218000190,0,3,-3
218000191,44,76,-32
218000192,42,315,-273
218000193,120,334,-214
218000194,25,264,-239
218000195,40,64,-24
218000196,97,147,-50
218000197,63,188,-125
218000198,8,70,-62
218000199,19,9,10
218000200,5,15,-10
218000201,3,7,-4
218000202,91,107,-16
218000207,5,20,-15
218000208,6,30,-24
218000211,10,8,2
218000213,54,20,34
218000214,2,1,1
218000215,18,55,-37
218000217,4,38,-34
218000218,76,17,59
218000219,17,6,11
218000220,43,153,-110
218000221,150,73,77
218000222,6,21,-15
218000223,25,83,-58
218000224,0,17,-17
218000225,91,12,79
218000226,40,17,23
218000232,37,35,2
218000239,13,2,11
218000240,3,2,1
218000241,0,0,0
218000242,0,0,0
218000243,0,0,0
218000244,0,0,0
218000245,1,0,1
218000246,0,0,0
218000247,0,0,0
218000248,0,12,-12
218000249,1,3,-2
218000250,1,5,-4
218000251,0,8,-8
218000252,0,20,-20
218000253,0,6,-6
218000254,0,13,-13
218000255,1,5,-4
218000256,1,18,-17
218000267,553,597,-44
218000268,1,38,-37
218000269,6,4,2
218000270,31,39,-8
218000271,29,41,-12
218000273,2,7,-5
218000274,8,7,1
218000275,5,20,-15
218000276,3,14,-11
218000278,5,34,-29
218000279,23,47,-24
218000280,1,41,-40
218000281,1,13,-12
218000282,286,152,134
218000284,67,8,59
218000301,9,57,-48
218000302,13,9,4
218000303,5,35,-30
218000316,364,586,-222
218000317,264,655,-391
218000318,146,481,-335
218000319,378,1133,-755
218000320,308,567,-259
218000338,8,18,-10
218000345,92,65,27
218000346,58,57,1
218000459,34,132,-98
218000490,7,40,-33
218000501,18,12,6
218000502,10,75,-65
218000503,20,6,14
218000504,22,2,20
218000505,11,146,-135
218000506,26,108,-82
218000508,0,0,0
218000510,86,8,78
218000520,31,58,-27
218000521,1,55,-54
218000522,0,63,-63
218000523,25,13,12
218000524,18,41,-23
218000525,1,2,-1
218000526,21,23,-2
218000529,21,154,-133
218000531,7,18,-11
218000532,15,19,-4
218000534,26,13,13
218000537,27,22,5
218000538,30,51,-21
218000540,129,58,71
218000543,64,38,26
218000544,19,72,-53
218000545,20,24,-4
218000546,30,66,-36
218000547,45,46,-1
218000548,58,106,-48
218000549,160,44,116
218000550,151,333,-182
218000551,107,159,-52
218000552,196,20,176
218000553,13,54,-41
218000554,14,13,1
218000555,9,26,-17
218000556,98,263,-165
218000557,123,105,18
218000558,5,0,5
218000559,0,15,-15
218000560,0,4,-4
218000561,6,0,6
218000562,11,67,-56
218000563,34,12,22
218000564,0,18,-18
218000565,70,10,60
218000566,54,6,48
218000567,0,10,-10
218000568,0,1,-1
218000569,3,14,-11
218000570,8,2,6
218000571,0,27,-27
218000572,17,2,15
218000573,2,15,-13
218000574,8,38,-30
218000575,19,0,19
218000576,0,30,-30
218000577,6,0,6
218000578,4,53,-49
218000579,6,0,6
218000581,0,30,-30
218000582,4,0,4
218000583,0,0,0
218000584,0,12,-12
218000585,4,1,3
218000586,0,19,-19
218000587,0,0,0
218000588,0,0,0
218000589,0,0,0
218000590,0,0,0
218000591,0,1,-1
218000592,0,0,0
218000593,0,0,0
218000594,0,0,0
218000597,0,0,0
218000598,0,0,0
218000599,0,0,0
218000600,0,0,0
218000601,0,0,0
218000602,0,0,0
218000603,0,4,-4
218000604,3,0,3
218000605,0,2,-2
218000606,7,0,7
218000607,6,6,0
218000608,9,5,4
218000609,0,23,-23
218000610,19,2,17
218000611,3,0,3
218000612,0,8,-8
218000613,1,0,1
218000614,0,21,-21
218000615,9,0,9
218000616,1,36,-35
218000617,1,0,1
218000618,0,9,-9
218000619,2,1,1
218000620,0,8,-8
218000621,0,0,0
218000622,0,1,-1
218000623,1,0,1
218000624,0,1,-1
218000625,1,0,1
218000626,0,2,-2
218000628,44,19,25
218000631,3,5,-2
218000632,0,23,-23
218000633,11,0,11
218000634,3,8,-5
218000635,3,7,-4
218000636,293,975,-682
218000637,219,253,-34
218000638,38,26,12
218000639,3,141,-138
218000640,46,13,33
218000641,22,204,-182
218000652,46,65,-19
218000653,82,19,63
218000663,4,78,-74
218000675,7,30,-23
218000680,114,391,-277
218000681,167,55,112
218000691,45,308,-263
218000693,62,61,1
218000718,170,115,55
218000719,238,42,196
218000720,4,11,-7
218000721,11,6,5
218001147,1,309,-308
218001214,11,6,5
218001258,37,1,36
218001329,68,42,26
218001330,43,67,-24
218001351,4,23,-19
218001352,0,8,-8
218001353,4,4,0
218001354,0,32,-32
218001355,20,227,-207
218001356,63,4,59
218001357,4,150,-146
218001358,49,3,46
218001361,50,4,46
218001362,0,368,-368
219000001,10,34,-24
219000002,16,35,-19
219000003,21,26,-5
219000004,50,44,6
219000017,24,14,10
219000020,27,5,22
219000022,46,2,44
219000023,24,0,24
219000029,0,54,-54
219000034,9,4,5
219000039,15,41,-26
219000040,1,18,-17
219000041,30,35,-5
219000051,0,36,-36
219000052,0,21,-21
219000053,3,220,-217
219000055,17,0,17
219000056,0,0,0
219000057,18,0,18
219000062,2,162,-160
219000063,13,2,11
219000064,1,23,-22
219000110,115,9,106
219000111,76,13,63
219000112,68,25,43
219000113,48,16,32
219000114,118,11,107
219000116,41,29,12
219000117,76,79,-3
219000118,60,31,29
219000123,173,50,123
219000124,42,26,16
219000125,4,19,-15
219000126,19,80,-61
219000127,0,2,-2
219000128,26,100,-74
219000129,21,118,-97
219000130,693,482,211
219000131,723,514,209
219000133,9,16,-7
219000134,8,12,-4
219000135,27,44,-17
219000136,97,121,-24
219000138,11,25,-14
219000139,17,83,-66
219000140,13,2,11
219000141,13,114,-101
219000142,11,48,-37
219000143,12,74,-62
219000145,9,40,-31
219000146,5,32,-27
219000147,0,63,-63
219000148,1,68,-67
219000149,23,208,-185
219000150,5,128,-123
219000151,3,86,-83
219000157,79,82,-3
219000158,49,187,-138
219000161,81,2,79
219000163,718,231,487
219000166,42,117,-75
219000167,54,158,-104
219000168,131,47,84
219000174,115,38,77
219000175,13,0,13
219000176,26,1,25
219000177,3,3,0
219000178,7,4,3
219000179,3,0,3
219000180,16,17,-1
219000182,42,3,39
219000183,6,20,-14
219000184,18,5,13
219000185,1,110,-109
219000186,4,59,-55
219000187,21,125,-104
219000189,87,105,-18
219000190,70,180,-110
219000191,579,459,120
219000192,59,89,-30
219000193,443,140,303
219000195,0,61,-61
219000196,2,129,-127
219000198,16,142,-126
219000199,46,90,-44
219000200,20,140,-120
219000201,74,137,-63
219000203,7,86,-79
219000204,122,143,-21
219000205,33,182,-149
219000207,106,121,-15
219000209,8,47,-39
219000210,21,80,-59
219000213,4,201,-197
219000239,97,114,-17
219000240,59,230,-171
219000241,17,163,-146
219000242,31,120,-89
219000243,18,227,-209
219000244,7,110,-103
219000245,6,42,-36
219000246,1,5,-4
219000247,69,28,41
219000248,235,88,147
219000249,50,19,31
219000250,15,22,-7
219000251,159,30,129
219000252,43,39,4
219000253,30,10,20
219000255,43,30,13
219000256,45,62,-17
219000257,43,0,43
219000262,43,203,-160
219000263,13,133,-120
219000267,1,152,-151
219000268,0,18,-18
219000269,2,0,2
219000270,0,0,0
219000271,30,2,28
219000278,0,12,-12
219000279,0,2,-2
219000283,0,12,-12
219000295,6,66,-60
219000296,24,373,-349
219000297,19,88,-69
219000298,8,206,-198
219000299,199,12,187
219000300,16,198,-182
219000301,126,180,-54
219000302,9,87,-78
219000307,19,34,-15
219000308,16,19,-3
219000311,52,20,32
219000312,100,23,77
219000313,78,11,67
219000314,40,315,-275
219000315,35,8,27
219000316,80,7,73
219000317,20,0,20
219000320,1,29,-28
219000321,0,7,-7
219000323,2,118,-116
219000325,1,34,-33
219000326,38,98,-60
219000327,29,41,-12
219000328,21,30,-9
219000329,214,89,125
219000330,24,16,8
219000331,28,15,13
219000332,22,54,-32
219000333,1,3,-2
219000335,9,0,9
219000337,3,0,3
219000338,8,1,7
219000344,9,82,-73
219000345,54,110,-56
219000346,40,121,-81
219000348,39,128,-89
219000349,14,174,-160
219000350,29,49,-20
219000351,0,3,-3
219000352,99,16,83
219000353,72,25,47
219000354,50,78,-28
219000355,36,20,16
219000356,666,190,476
219000363,138,10,128
219000364,55,7,48
219000365,61,7,54
219000366,216,90,126
219000368,213,180,33
219000370,457,110,347
219000371,8,23,-15
219000382,0,10,-10
219000383,411,364,47
219000385,310,319,-9
219000386,636,782,-146
219000387,1,2,-1
219000390,0,0,0
219000391,3,0,3
219000397,47,68,-21
219000398,36,10,26
219000401,2,33,-31
219000402,9,37,-28
219000403,13,121,-108
219000404,8,52,-44
219000407,0,13,-13
219000409,5,8,-3
219000410,6,7,-1
219000411,19,10,9
219000446,142,270,-128
219000447,0,16,-16
219000448,3,3,0
219000452,60,20,40
219000453,30,68,-38
219000454,107,81,26
219000556,67,16,51
219000558,41,273,-232
219000590,6,122,-116
219000591,20,14,6
219000592,52,278,-226
219000595,1,34,-33
219000635,36,21,15
219000636,8,72,-64
219000657,10,16,-6
219000658,9,18,-9
219000673,0,7,-7
219000676,3,1,2
219000679,7,10,-3
219000684,17,3,14
219000685,0,64,-64
219000686,1,0,1
219000688,0,78,-78
219000689,41,90,-49
219000690,97,12,85
219000691,75,61,14
219000692,26,16,10
219000693,0,23,-23
219000694,7,0,7
219000695,2,0,2
219000698,6,0,6
219000699,0,3,-3
219000727,4,139,-135
219000728,43,2,41
219000770,9,1,8
219000771,0,21,-21
219000788,197,288,-91
219001150,1,3,-2
219001151,0,0,0
219001166,9,0,9
219001167,0,66,-66
219001178,11,0,11
220000001,5,12,-7
220000002,8,55,-47
220000003,237,180,57
220000004,254,288,-34
220000005,592,713,-121
220000006,79,483,-404
220000007,129,467,-338
220000008,115,626,-511
220000009,79,264,-185
220000010,46,56,-10
220000011,245,962,-717
220000012,20,57,-37
220000014,32,39,-7
220000015,11,78,-67
220000017,22,115,-93
220000018,2008,303,1705
220000019,25,91,-66
220000020,69,111,-42
220000021,206,73,133
220000022,206,171,35
220000023,52,82,-30
220000024,519,190,329
220000025,182,166,16
220000026,107,57,50
220000027,4,41,-37
220000028,14,16,-2
220000029,15,45,-30
220000030,25,73,-48
220000031,50,157,-107
220000064,2,302,-300
221000046,6,0,6
221000047,0,3,-3
221000048,0,0,0
221000049,0,4,-4
221000050,5,0,5
221000055,24,27,-3
221000068,136,27,109
221000069,113,21,92
221000070,40,6,34
221000071,31,3,28
221000072,54,4,50
221000073,54,32,22
221000074,0,13,-13
221000075,7,3,4
221000076,3,18,-15
221000077,13,37,-24
221000081,23,6,17
221000082,22,1,21
221000083,29,3,26
221000084,3,1,2
221000085,5,34,-29
221000086,4,109,-105
221000087,2,118,-116
221000088,5,105,-100
221000089,9,106,-97
221000090,55,246,-191
221000098,40,9,31
221000099,53,6,47
221000100,33,1,32
221000101,141,3,138
221000107,3,1,2
221000108,18,2,16
221000109,1,15,-14
221000110,0,44,-44
221000111,7,195,-188
221000112,1,94,-93
221000113,4,134,-130
221000114,6,128,-122
221000120,0,10,-10
221000121,1,17,-16
221000122,4,13,-9
221000123,13,27,-14
221000124,10,179,-169
221000155,29,6,23
221000156,20,16,4
221000175,0,1,-1
221000176,0,1,-1
221000182,6,1,5
221000241,297,103,194
221000242,156,222,-66
221000243,158,55,103
221000244,103,240,-137
221000245,16,44,-28
221000246,15,132,-117
221000247,20,41,-21
221000248,13,95,-82
221000267,25,313,-288
221000325,20,15,5
221000331,0,25,-25
221000338,1,4,-3
221000378,96,11,85
221000381,51,77,-26
222000282,2,1,1
222000296,1,2,-1
222000568,93,7,86
222000569,51,9,42
222000570,31,0,31
222000571,36,0,36
222000577,1,122,-121
222000578,2,101,-99
222000579,15,67,-52
222000580,28,390,-362
222000599,1,82,-81
222000600,2,165,-163
222000601,10,550,-540
222000603,6,7,-1
222000604,1,8,-7
222000605,2,2,0
222000606,0,6,-6
222000607,0,2,-2
222000608,1,8,-7
222000609,25,208,-183
222000616,39,20,19
222000617,1,3,-2
222000618,3,0,3
222000620,1,2,-1
222000621,1,0,1
222000623,141,1,140
222000624,87,2,85
222000625,116,24,92
222000636,14,1,13
222000686,1,5,-4
222000687,4,23,-19
222001066,44,0,44
222001067,3,2,1
222001068,2,7,-5
222001069,18,13,5
222001082,5,32,-27
222001083,2,42,-40
222001084,0,28,-28
222001085,0,49,-49
222001111,4,119,-115
222001112,11,5,6
222001313,1,0,1
222001314,1,49,-48
222001464,29,12,17
222001465,7,115,-108
222001484,18,28,-10
222001485,7,60,-53
222001494,49,41,8
222001495,37,305,-268
222001496,54,22,32
222001497,54,359,-305
222001502,11,70,-59
222001503,14,1,13
222001504,11,174,-163
222001505,19,1,18
222001506,25,167,-142
222001507,20,0,20
222001510,23,5,18
222001511,13,264,-251
222001514,97,3,94
222001515,133,406,-273
222001518,11,6,5
222001519,20,272,-252
222001527,11,2,9
222001528,24,114,-90
222001529,11,4,7
222001530,27,128,-101
222001533,62,258,-196
222001534,15,2,13
222001535,46,59,-13
222001536,41,223,-182
222001537,37,2,35
222001538,26,271,-245
222001563,38,10,28
222001564,29,538,-509
222001568,20,51,-31
222001576,0,0,0
222001579,1,1,0
222001583,8,145,-137
222001584,5,6,-1
222001596,176,800,-624
222001597,191,53,138
222001626,0,110,-110
222001650,5,15,-10
222001651,36,53,-17
222001914,13,5,8
222001915,16,128,-112
222001968,157,72,85
222001969,198,437,-239
222001970,6,75,-69
222001971,2,8,-6
222001972,0,9,-9
225000001,199,41,158
225000002,155,25,130
225000003,97,42,55
225000004,82,109,-27
225000005,10,11,-1
225000006,0,64,-64
225000007,1846,541,1305
225000010,44,1,43
225000011,233,250,-17
225000012,46,153,-107
225000013,31,51,-20
225000014,260,20,240
225000015,73,119,-46
225000021,150,48,102
225000027,84,234,-150
225000032,175,42,133
225000042,29,337,-308
225000049,14,47,-33
225000050,25,7,18
225000053,1,88,-87
225000058,187,50,137
225000067,26,139,-113
225000068,36,265,-229
225000069,82,265,-183
225000070,25,286,-261
225000071,6,181,-175
225000075,21,371,-350
225000076,40,44,-4
225000078,14,10,4
225000085,11,23,-12
225000086,19,9,10
225000087,59,2,57
225000088,2,62,-60
225000089,148,232,-84
225000090,17,235,-218
225000091,26,149,-123
225000092,10,35,-25
225000093,63,229,-166
225000094,2,263,-261
225000095,85,253,-168
225000096,52,186,-134
225000098,151,46,105
225000099,74,24,50
225000100,63,38,25
225000104,23,241,-218
225000110,3,220,-217
225000111,67,465,-398
225000112,145,448,-303
225000113,39,351,-312
225000114,27,167,-140
225000115,1255,181,1074
225000116,443,25,418
225000117,297,128,169
225000118,160,68,92
225000119,32,24,8
225000120,118,16,102
225000121,98,7,91
225000123,457,6,451
225000125,79,125,-46
225000126,437,85,352
225000127,441,202,239
225000128,111,125,-14
225000132,57,14,43
225000133,54,2,52
225000134,155,19,136
225000135,5,3,2
225000136,37,7,30
225000137,26,23,3
225000138,94,5,89
225000143,44,98,-54
225000144,2,179,-177
225000145,11,15,-4
225000146,20,88,-68
225000147,11,283,-272
225000148,2,115,-113
225000149,18,265,-247
225000151,24,207,-183
225000155,54,153,-99
225000156,59,294,-235
225000157,40,164,-124
225000158,17,286,-269
225000171,2,93,-91
225000180,6,2,4
225000181,0,34,-34
225000182,25,4,21
225000185,1,132,-131
225000187,27,184,-157
225000191,4,2,2
225000194,0,5,-5
225000208,1,40,-39
225000209,19,7,12
225000210,3,112,-109
225000217,0,6,-6
225000218,1,0,1
225000223,2,41,-39
225000224,29,0,29
225000225,3,21,-18
225000226,7,0,7
225000227,26,57,-31
225000228,5,0,5
225000229,0,33,-33
225000230,1,0,1
225000231,0,67,-67
225000232,25,0,25
225000241,22,1,21
225000242,0,40,-40
225000249,6,9,-3
225000250,24,607,-583
225000251,148,2,146
226000042,176,317,-141
226000043,42,192,-150
226000044,53,460,-407
226000045,30,331,-301
226000046,154,14,140
226000047,121,15,106
226000048,149,18,131
226000049,113,31,82
226000070,0,24,-24
226000071,0,26,-26
226000072,0,4,-4
226000073,0,1,-1
226000074,0,3,-3
226000084,2,38,-36
226000085,1,1,0
226000086,4,2,2
226000087,1,6,-5
226000088,2,3,-1
226000090,45,14,31
226000091,0,5,-5
226000092,0,0,0
226000093,3,1,2
226000094,8,1,7
226000095,6,0,6
226000105,0,0,0
226000106,0,0,0
226000107,1,0,1
226000108,9,0,9
226000109,29,3,26
226000124,54,16,38
226000134,158,143,15
226000135,312,243,69
226000136,88,122,-34
226000137,2,263,-261
226000138,1,157,-156
226000139,0,5,-5
226000156,28,1,27
226000157,35,1,34
226000163,37,169,-132
226000202,1,251,-250
226000231,91,6,85
226000232,9,6,3
227000033,6,0,6
227000037,58,8,50
227000038,36,2,34
227000049,0,17,-17
227000050,1,41,-40
227000055,9,1,8
227000056,0,0,0
227000084,1,23,-22
227000085,0,29,-29
227000088,28,0,28
227000089,40,1,39
227000090,29,0,29
227000091,5,2,3
227000093,30,0,30
227000094,3,0,3
227000130,18,42,-24
227000131,8,244,-236
227000132,8,219,-211
227000133,2,217,-215
227000134,4,297,-293
227000152,0,3,-3
227000153,0,21,-21
227000155,0,7,-7
227000156,0,8,-8
227000165,0,18,-18
227000196,28,232,-204
227000199,70,3,67
227000230,16,185,-169
227000232,152,6,146
227000241,88,16,72
227000242,11,308,-297
227000243,241,21,220
227000244,98,16,82
227000245,7,277,-270
227000246,13,336,-323
227000247,77,24,53
227000248,50,6,44
227000249,13,176,-163
227000250,20,5,15
227000251,105,286,-181
227000252,10,316,-306
227000253,23,16,7
227000262,119,5,114
227000266,163,11,152
227000267,19,757,-738
227000486,243,65,178
227000655,43,1,42
227000661,85,4,81
227000680,22,5,17
229000265,0,10,-10
229000296,0,20,-20
229000297,2,19,-17
229000298,3,44,-41
229000320,0,0,0
229000321,1,0,1
229000412,1,20,-19
229000414,5,18,-13
229000415,0,0,0
229000416,0,14,-14
229000417,1,16,-15
229000419,42,85,-43
229000440,67,44,23
229000442,1,0,1
229000443,1,1,0
229000444,0,8,-8
229000445,1,0,1
229000446,4,6,-2
229000847,15,1,14
229000848,8,1,7
229000849,26,0,26
229000851,2,0,2
229000854,0,37,-37
229000856,4,70,-66
229000857,0,23,-23
229000858,0,102,-102
229000919,1,54,-53
229000930,2,176,-174
229000937,39,6,33
229000966,28,17,11
229000981,8,51,-43
229000985,0,5,-5
229000986,1,0,1
229000987,0,1,-1
229000988,0,0,0
229000989,0,3,-3
229000990,0,0,0
229000991,0,0,0
229000992,2,2,0
229000993,79,1,78
229000998,10,33,-23
229000999,41,1,40
229001034,0,5,-5
229001035,0,0,0
229001037,9,2,7
229001042,1,5,-4
229001047,0,20,-20
229001050,29,34,-5
229001200,0,0,0
229001338,0,5,-5
229001394,143,0,143
229001422,82,10,72
229001423,24,120,-96
229001431,33,12,21
229001432,20,47,-27
229001444,33,35,-2
229001445,11,89,-78
229001503,58,31,27
229001504,33,165,-132
229001505,76,32,44
229001506,36,121,-85
229001509,4,11,-7
229001545,41,2,39
229001546,2,65,-63
229001553,23,3,20
229001554,7,54,-47
229001559,1,4,-3
229001560,0,6,-6
229001630,22,10,12
229001631,5,21,-16
229001635,0,1,-1
229001636,0,0,0
229001658,0,51,-51
229001659,61,0,61
229001660,0,0,0
229001661,0,4,-4
229001662,11,0,11
229001663,0,9,-9
229002584,41,39,2
229002831,43,16,27
229002841,0,19,-19
229002842,1,5,-4
229002843,4,6,-2
229002844,5,13,-8
229002845,0,39,-39
229002846,1,8,-7
229002847,0,1,-1
229002848,0,1,-1
229002849,0,22,-22
229002850,1,0,1
229002851,16,36,-20
229002852,7,7,0
229002853,13,7,6
229002854,5,16,-11
229002855,2,47,-45
229002856,2,6,-4
229002857,0,27,-27
229002858,3,0,3
229002859,2,7,-5
229002860,1,3,-2
229002861,31,6,25
229002862,2,6,-4
229002863,0,7,-7
229002864,0,4,-4
229002865,0,1,-1
229002866,1,9,-8
229002867,1,2,-1
229002868,1,8,-7
229002869,1,53,-52
229002870,4,1,3
235000066,101,25,76
235000067,26,31,-5
235000072,10,42,-32
235000073,35,108,-73
235000074,16,40,-24
235000080,1,27,-26
235000081,26,105,-79
235000082,66,29,37
235000083,51,23,28
235000084,5,18,-13
235000085,32,14,18
235000089,3,26,-23
235000092,1,103,-102
235000093,0,4,-4
235000097,6,1,5
235000098,15,13,2
235000099,4,7,-3
235000116,10,6,4
235000117,231,0,231
235000133,1,142,-141
235000134,3,44,-41
235000206,0,1,-1
235000207,0,2,-2
235000208,0,0,0
235000209,0,1,-1
235000210,0,1,-1
235000212,0,13,-13
235000213,1,4,-3
235000220,0,1,-1
235000221,10,7,3
235000238,0,7,-7
235000239,0,0,0
235000242,59,132,-73
235000245,840,101,739
235000246,5,30,-25
235000284,1,48,-47
235000295,9,0,9
235000305,26,2,24
235000306,17,0,17
235000307,2,0,2
235000308,2,0,2
235000309,2,0,2
235000310,1,0,1
235000311,6,1,5
235000322,1,33,-32
235000323,0,19,-19
235000324,0,8,-8
235000325,0,12,-12
235000326,2,177,-175
235000351,2,38,-36
235000352,2,11,-9
235000353,0,8,-8
235000354,2,8,-6
235000355,1,22,-21
235000356,1,0,1
235000357,11,0,11
235000358,7,2,5
235000359,0,1,-1
235000360,7,0,7
235000361,5,3,2
235000381,51,290,-239
235000382,77,18,59
235000390,2,3,-1
235000391,26,17,9
235000392,25,74,-49
235000393,27,39,-12
235000395,19,11,8
235000396,76,12,64
235000400,19,46,-27
235000401,5,135,-130
235000405,47,288,-241
235000406,13,171,-158
235000407,30,103,-73
235000409,255,112,143
235000410,28,81,-53
235000411,0,70,-70
235000485,0,4,-4
235000486,0,0,0
235000549,14,29,-15
235000550,37,84,-47
235000599,26,30,-4
235000600,5,9,-4
235000601,12,2,10
235000602,18,27,-9
235000614,1,1,0
235000648,0,8,-8
235000649,4,1,3
235000685,1,2,-1
235000815,0,8,-8
235000834,0,0,0
235000855,23,12,11
235000862,8,156,-148
235000891,0,4,-4
235000892,2,0,2
235000901,17,49,-32
235000907,3,7,-4
235001010,3,6,-3
235001029,274,174,100
235001030,168,47,121
235001078,23,33,-10
235001079,47,57,-10
235001147,5,9,-4
235001166,3,13,-10
235001167,3,20,-17
235001169,7,134,-127
235001188,0,7,-7
235001189,0,0,0
235001197,1,19,-18
235001200,15,22,-7
235001207,103,17,86
235001210,20,308,-288
235001215,20,222,-202
235001239,0,34,-34
235001244,1,1,0
235016267,0,6,-6
277102712,0,0,0
277103813,0,0,0
277104249,0,6,-6
277104250,0,2,-2
277104251,0,5,-5
277104252,0,1,-1
990011530,0,115,-115
990014944,0,245,-245
990015176,4,4,0
990016032,0,146,-146
990032570,0,27,-27
990070001,10,2,8
990070103,0,0,0
990070601,0,18,-18
990070751,73,0,73
990070766,1,589,-588
990071180,70,53,17
990071343,14,8,6
990071387,0,3,-3
990071823,24,0,24
990072600,0,243,-243
990072964,0,344,-344
990073285,1,2,-1
990074393,0,481,-481
990074870,88,12,76
990075106,49,1,48
990075746,47,1,46
990076437,103,2,101
990076458,2,786,-784
997000007,36,0,36
997000041,0,58,-58
997000058,4,0,4
997000062,3,1,2
997000069,0,1,-1
997000070,0,22,-22
997000100,0,0,0
997000141,1,36,-35
997000198,36,33,3
998000475,0,10,-10
998000736,0,168,-168
998000965,0,1,-1
998001031,0,23,-23
998001700,0,9,-9
998001899,0,1,-1
998001900,3,0,3
998003073,100,4,96
998101900,0,0,0
998102850,0,20,-20
998501927,88,172,-84
998501929,40,1,39
998501930,11,0,11
998501931,28,17,11
998501932,2,1,1
998501933,3,0,3
998501937,9,11,-2
998501944,0,1,-1
998501950,0,2,-2
998501970,5,2,3
998501971,0,46,-46
998501973,1,39,-38
998501974,0,120,-120
998501975,20,0,20
998501976,12,1,11
998501977,0,10,-10
998501978,6,0,6
998501979,0,12,-12
998501980,19,0,19
998501981,7,0,7
998501982,1,39,-38
998501983,0,0,0
998502006,0,0,0
998502024,0,2,-2
998502032,0,3,-3
998502062,3,1,2
998502063,0,0,0
998502173,12,0,12
998502269,0,1,-1
998502546,0,37,-37
998502578,0,0,0
998502599,9,20,-11
998502621,0,0,0
998601159,1,111,-110
998601292,0,4,-4
999033574,1,283,-282
999800001,1,0,1
999800002,0,0,0
999800003,0,4,-4
999800004,0,9,-9
999800005,0,3,-3
