ID,insum,outsum,diff
100000001,503,720,-217
100000002,1933,2204,-271
100000003,3463,3610,-147
100000004,970,767,203
100000005,1692,3474,-1782
100000006,315,100,215
100000007,1082,514,568
100000008,92,377,-285
100000009,282,199,83
100000010,35,55,-20
100000011,804,114,690
100000012,79,695,-616
100000013,15,176,-161
100000014,164,233,-69
100000015,1124,1464,-340
100000016,623,897,-274
100000017,355,624,-269
100000018,981,404,577
100000019,2705,1575,1130
100000020,1151,3722,-2571
100000021,2983,1558,1425
100000022,787,1699,-912
100000023,2973,1245,1728
100000025,682,1127,-445
100000028,812,851,-39
100000029,133,286,-153
100000030,109,26,83
100000031,2479,4114,-1635
100000032,1515,2530,-1015
100000033,709,1661,-952
100000034,225,491,-266
100000035,968,1081,-113
100000036,960,966,-6
100000037,601,355,246
100000038,1693,804,889
100000039,352,217,135
100000040,148,124,24
100000041,911,421,490
100000042,808,473,335
100000043,658,465,193
100000044,295,586,-291
100000045,416,923,-507
100000046,434,548,-114
100000047,200,278,-78
100000048,185,382,-197
100000049,1135,1061,74
100000051,407,556,-149
100000053,136,5,131
100000054,389,27,362
100000055,911,199,712
100000056,362,323,39
100000057,1616,497,1119
100000058,710,697,13
100000059,14,86,-72
100000060,380,222,158
100000061,1875,369,1506
100000062,1345,452,893
100000063,658,222,436
100000064,968,235,733
100000065,291,562,-271
100000066,173,514,-341
100000067,342,468,-126
100000068,418,1047,-629
100000069,226,856,-630
100000072,172,480,-308
100000073,748,668,80
100000075,548,233,315
100000076,1121,1933,-812
100000077,161,181,-20
100000078,41,47,-6
100000079,36,44,-8
100000080,19,49,-30
100000081,84,143,-59
100000102,1914,2077,-163
100000103,1548,1167,381
100000104,2246,1766,480
100000105,1646,1164,482
100000106,1242,1662,-420
100000107,236,756,-520
100000108,360,688,-328
100000109,1330,878,452
100000116,921,678,243
100000117,59,87,-28
100000118,979,1015,-36
100000119,489,664,-175
100000121,163,379,-216
100000122,521,787,-266
100000123,1323,2713,-1390
100000124,2475,4145,-1670
100000125,2151,1394,757
100000126,400,331,69
100000127,812,286,526
100000128,780,1953,-1173
100000129,262,380,-118
100000130,390,301,89
100000131,1273,1673,-400
100000132,878,2132,-1254
100000133,2616,1548,1068
100000135,484,876,-392
100000139,295,292,3
100000140,347,312,35
100000142,402,375,27
100000143,1016,385,631
100000144,2252,541,1711
100000147,976,2491,-1515
100000150,39,322,-283
100000151,651,1094,-443
100000153,121,349,-228
100000154,22,199,-177
100000155,13,51,-38
100000156,357,433,-76
100000157,107,117,-10
100000158,271,117,154
100000159,172,438,-266
100000165,1083,595,488
100000169,108,531,-423
100000174,323,504,-181
100000179,72,396,-324
100000180,516,947,-431
100000181,403,198,205
100000188,51,134,-83
100000189,629,269,360
100000190,716,931,-215
100000191,597,434,163
100000192,53,77,-24
100000193,300,159,141
100000330,754,665,89
100000355,204,406,-202
100000362,3029,1834,1195
100000363,3255,3535,-280
100000364,199,243,-44
100000365,4338,5599,-1261
100000366,3995,2153,1842
100000367,4213,5131,-918
100000368,1494,1016,478
100000369,521,1433,-912
100000370,98,659,-561
100000376,43,147,-104
100000379,1178,1183,-5
100000380,2309,3327,-1018
100000384,3792,4259,-467
100000385,2495,3191,-696
100000386,4612,4024,588
100000387,3362,4191,-829
100000388,4609,4641,-32
100000389,4980,5028,-48
100000390,5929,5127,802
100000391,4342,6638,-2296
100000392,2571,2947,-376
100000393,1956,4277,-2321
100000394,5172,6304,-1132
100000395,3453,3570,-117
100000396,6241,3112,3129
100000397,3967,6334,-2367
100000398,7212,5644,1568
100000413,8,11,-3
100900002,6,20,-14
100900003,279,153,126
100900004,13,499,-486
100900005,89,18,71
100900006,24,46,-22
100900007,133,0,133
100900008,2,363,-361
100900009,57,84,-27
100900010,49,38,11
100900011,113,99,14
100900012,2,111,-109
100900013,546,8,538
100900014,2,2,0
100900015,55,38,17
100900016,2,24,-22
100900017,436,40,396
100900018,1,8,-7
100900019,15,63,-48
100900020,168,4,164
100900021,309,1,308
100900022,7,23,-16
100900023,1,21,-20
100900024,318,0,318
100900025,6,16,-10
100900026,107,56,51
100900027,405,1577,-1172
100900028,71,142,-71
100900029,48,10,38
100900030,3,68,-65
100900031,467,33,434
100900032,204,1,203
100900033,142,120,22
100900034,417,1,416
100900035,197,0,197
100900036,9,5,4
100900037,85,114,-29
100900038,61,36,25
100900039,184,350,-166
100900040,333,352,-19
100900041,788,398,390
100900042,663,1130,-467
100900043,0,5,-5
100900044,1000,376,624
100900045,3,3,0
100900046,698,15,683
100900047,499,174,325
100900048,99,29,70
100900049,69,96,-27
100900050,0,6,-6
100900051,19,51,-32
100900052,138,25,113
100900053,303,13,290
100900054,5,40,-35
100900055,148,555,-407
100900056,36,73,-37
100900057,960,576,384
100900058,120,35,85
100900059,73,5,68
100900060,131,3,128
100900061,284,100,184
100900062,6,29,-23
100900063,171,463,-292
100900064,486,10,476
100900065,51,71,-20
100900066,133,78,55
100900067,3,9,-6
100900068,44,57,-13
100900069,170,6,164
100900070,276,7,269
100900071,499,119,380
100900072,1,17,-16
100900073,140,255,-115
100900074,1,6,-5
100900075,954,200,754
100900076,4,32,-28
100900077,26,39,-13
100900078,50,180,-130
100900079,2,6,-4
100900080,45,108,-63
100900081,20,74,-54
100900082,102,324,-222
100900083,10,12,-2
100900085,9,218,-209
100900086,97,257,-160
100900088,123,269,-146
100900089,5,20,-15
100900090,82,312,-230
100900091,2,18,-16
100900092,128,83,45
100900093,251,203,48
100900094,103,242,-139
100900095,2,22,-20
100900096,19,78,-59
100900097,1,9,-8
100900098,21,22,-1
100900099,11,338,-327
100900100,7,307,-300
100900101,178,54,124
100900102,8,40,-32
100900103,8,17,-9
100900104,6,144,-138
100900105,13,242,-229
100900106,20,8,12
100900107,1210,579,631
100900108,2,13,-11
100900109,19,26,-7
100900110,0,14,-14
100900111,52,145,-93
100900112,6,18,-12
100900113,18,22,-4
100900114,5,6,-1
100900115,3,35,-32
100900116,441,266,175
100900117,183,675,-492
100900118,12,52,-40
100900119,12,24,-12
100900120,13,13,0
100900121,227,315,-88
100900122,73,93,-20
100900123,108,104,4
100900124,7,13,-6
100900125,15,45,-30
100900126,159,116,43
100900127,0,7,-7
100900128,61,134,-73
100900129,1,163,-162
100900131,74,156,-82
100900133,41,21,20
100900134,1,3,-2
100900135,1,136,-135
100900137,198,101,97
100900138,372,359,13
100900139,5,1,4
100900140,3,275,-272
100900141,0,355,-355
100900142,2,6,-4
100900143,298,313,-15
100900144,7,4,3
100900145,52,141,-89
100900146,10,18,-8
100900147,14,551,-537
100900148,60,344,-284
100900149,11,261,-250
100900150,3,29,-26
100900151,81,218,-137
100900152,60,5,55
100900153,2,140,-138
100900154,3,58,-55
100900155,3,7,-4
100900156,19,4,15
100900157,13,135,-122
100900159,2,16,-14
100900160,45,2,43
100900161,23,8,15
100900162,24,132,-108
100900163,121,108,13
100900164,34,28,6
100900165,7,21,-14
100900166,15,1,14
100900167,8,33,-25
100900168,39,98,-59
100900169,68,512,-444
100900170,20,12,8
100900171,6,322,-316
100900172,0,40,-40
100900173,17,167,-150
100900174,74,13,61
100900176,1043,109,934
100900177,373,191,182
100900178,140,81,59
100900179,116,104,12
100900180,12,2,10
100900181,90,65,25
100900182,38,32,6
100900184,15,86,-71
100900186,342,241,101
100900187,16,49,-33
100900188,19,0,19
100900189,807,135,672
100900191,685,720,-35
100900192,228,391,-163
100900195,74,89,-15
100900197,12,23,-11
100900198,29,74,-45
100900199,1,10,-9
100900200,558,271,287
100900201,40,388,-348
100900202,45,2,43
100900203,0,140,-140
100900204,73,342,-269
100900205,115,390,-275
100900206,148,62,86
100900207,199,112,87
100900210,57,249,-192
100900211,299,89,210
100900213,89,34,55
100900214,383,90,293
100900215,21,46,-25
100900217,67,52,15
101000001,2172,1403,769
101000002,3635,3951,-316
101000003,293,659,-366
101000004,4387,3579,808
101000005,2368,2840,-472
101000006,3271,4018,-747
101000007,1649,2454,-805
101000008,1892,1639,253
101000009,1702,860,842
101000010,722,690,32
101000011,813,312,501
101000012,774,530,244
101000013,530,742,-212
101000014,338,430,-92
101000015,979,700,279
101000016,236,343,-107
101000017,375,356,19
101000018,1972,1726,246
101000020,1396,730,666
101000021,621,314,307
101000022,94,62,32
101000023,938,488,450
101000025,172,271,-99
101000026,175,24,151
101000027,1430,1983,-553
101000028,710,180,530
101000029,131,1086,-955
101000030,1125,89,1036
101000031,496,542,-46
101000032,4432,3235,1197
101000033,1448,2361,-913
101000034,1291,1196,95
101000035,583,277,306
101000036,1370,813,557
101000037,1867,1629,238
101000039,1375,1900,-525
101000040,2035,2839,-804
101000041,4343,4716,-373
101000042,273,695,-422
101000043,3806,4777,-971
101000045,890,684,206
101000046,2192,1415,777
101000047,1511,2740,-1229
101000048,430,434,-4
101000049,457,1279,-822
101000050,1046,1171,-125
101000051,975,1875,-900
101000052,1105,805,300
101000053,742,986,-244
101000054,1411,710,701
101000055,1079,1039,40
101000056,32,89,-57
101000057,1246,940,306
101000058,824,874,-50
101000059,1309,1569,-260
101000060,1158,530,628
101000061,553,1190,-637
101000062,484,580,-96
101000063,395,797,-402
101000064,760,888,-128
101000065,293,360,-67
101000066,772,753,19
101000067,919,930,-11
101000068,162,345,-183
101000069,194,63,131
101000070,663,747,-84
101000071,1341,653,688
101000072,600,2226,-1626
101000073,521,848,-327
101000074,3175,2693,482
101000075,2549,3748,-1199
101000077,1115,1002,113
101000078,541,1385,-844
101000079,569,372,197
101000080,451,423,28
101000081,1485,1311,174
101000082,2141,2028,113
101000083,2108,1739,369
101000084,926,550,376
101000085,1120,842,278
101000086,828,911,-83
101000087,632,721,-89
101000088,1026,868,158
101000089,961,1181,-220
101000090,1472,863,609
101000091,394,546,-152
101000092,1007,597,410
101000093,1161,557,604
101000094,798,686,112
101000095,363,416,-53
101000096,300,420,-120
101000097,338,341,-3
101000098,288,385,-97
101000099,578,742,-164
101000100,621,639,-18
101000101,262,350,-88
101000102,396,422,-26
101000103,679,360,319
101000104,300,516,-216
101000105,265,367,-102
101000106,414,690,-276
101000107,221,254,-33
101000108,583,202,381
101000109,327,52,275
101000110,25,233,-208
101000111,81,156,-75
101000113,153,417,-264
101000114,5179,4829,350
101000115,121,105,16
101000116,121,58,63
101000117,1113,219,894
101000119,61,47,14
101000120,99,52,47
101000121,59,27,32
101000122,87,78,9
101000123,55,86,-31
101000124,480,201,279
101000125,192,401,-209
101000128,209,307,-98
101000130,180,192,-12
101000131,736,378,358
101000132,523,625,-102
101000135,44,30,14
101000136,423,148,275
101000137,16,297,-281
101000141,839,2101,-1262
101000147,648,325,323
101000148,565,10,555
101000149,176,268,-92
101000150,73,392,-319
101000151,170,21,149
101000152,213,223,-10
101000153,390,192,198
101000154,224,565,-341
101000155,242,129,113
101000156,24,271,-247
101000157,37,29,8
101000160,43,28,15
101000163,100,299,-199
101000164,255,248,7
101000165,208,274,-66
101000166,161,204,-43
101000168,739,298,441
101000252,1628,762,866
101000254,199,79,120
101000258,36,6,30
101000261,67,29,38
101000262,722,2201,-1479
101000263,165,712,-547
101000265,43,529,-486
101000266,248,180,68
101000269,22,7,15
101000290,689,1485,-796
101000293,28,37,-9
101000294,480,347,133
101000295,162,363,-201
101000301,421,305,116
101000304,1372,2039,-667
101000305,1963,1051,912
101000328,71,328,-257
101900001,30,65,-35
101900002,0,8,-8
101900003,34,79,-45
101900004,2,29,-27
101900005,2047,1945,102
101900006,601,45,556
101900007,461,141,320
101900008,70,192,-122
101900009,22,242,-220
101900010,609,579,30
101900011,134,604,-470
101900012,134,102,32
101900013,497,117,380
101900017,8,105,-97
101900018,790,232,558
101900019,174,123,51
101900020,69,25,44
101900021,2,47,-45
101900022,115,705,-590
101900023,93,134,-41
101900026,80,42,38
101900027,14,81,-67
102000001,1736,3072,-1336
102000002,1672,769,903
102000003,2023,4740,-2717
102000004,3454,1891,1563
102000005,999,1679,-680
102000006,770,1242,-472
102000007,1249,3319,-2070
102000008,2678,1059,1619
102000009,4628,5848,-1220
102000010,3376,2275,1101
102000011,2412,1986,426
102000012,2263,1885,378
102000018,1828,1814,14
102000019,1481,1076,405
102000026,138,338,-200
102000029,148,168,-20
102000030,100,217,-117
102000031,66,113,-47
102000032,382,226,156
102000033,216,255,-39
102000034,362,295,67
102000035,662,495,167
102000036,13,182,-169
102000037,93,42,51
102000038,148,304,-156
102000039,158,61,97
102000040,293,188,105
102000041,142,284,-142
102000042,103,267,-164
102000043,174,144,30
102000044,237,377,-140
102000045,526,583,-57
102000046,733,454,279
102000047,566,639,-73
102000048,250,500,-250
102000049,754,585,169
102000050,756,839,-83
102000051,335,430,-95
102000052,862,529,333
102000053,692,622,70
102000054,498,722,-224
102000055,976,517,459
102000056,743,620,123
102000057,1197,407,790
102000058,755,1042,-287
102000059,990,984,6
102000060,827,746,81
102000061,1264,1258,6
102000062,1455,841,614
102000063,836,979,-143
102000064,519,602,-83
102000065,44,134,-90
102000066,640,756,-116
102000067,1605,2162,-557
102000068,6009,1990,4019
102000069,58,1770,-1712
102000070,914,26,888
102000071,4741,6438,-1697
102000072,2015,3185,-1170
102000073,562,577,-15
102000074,460,545,-85
102000075,123,243,-120
102000076,196,296,-100
102000077,427,559,-132
102000078,753,515,238
102000079,120,175,-55
102000080,233,172,61
102000081,227,652,-425
102000082,594,233,361
102000083,503,189,314
102000084,331,168,163
102000085,1391,628,763
102000086,1011,725,286
102000087,677,1055,-378
102000088,365,223,142
102000089,1045,253,792
102000090,320,771,-451
102000091,948,380,568
102000092,289,507,-218
102000093,483,528,-45
102000094,713,534,179
102000095,641,877,-236
102000096,564,664,-100
102000097,537,650,-113
102000098,395,605,-210
102000099,602,675,-73
102000100,377,1174,-797
102000101,658,632,26
102000102,243,1045,-802
102000103,1000,329,671
102000104,381,217,164
102000105,241,343,-102
102000106,675,361,314
102000107,1031,365,666
102000108,463,121,342
102000109,366,366,0
102000110,860,728,132
102000111,7,191,-184
102000112,120,95,25
102000113,11,22,-11
102000114,572,230,342
102000115,177,253,-76
102000116,236,353,-117
102000117,132,388,-256
102000118,814,1183,-369
102000119,1076,689,387
102000120,122,292,-170
102000121,680,297,383
102000122,450,623,-173
102000123,800,650,150
102000124,654,801,-147
102000125,517,542,-25
102000126,343,486,-143
102000127,780,435,345
102000128,482,608,-126
102000129,784,481,303
102000130,509,401,108
102000131,762,291,471
102000132,283,317,-34
102000133,1567,1097,470
102000134,555,474,81
102000135,411,587,-176
102000136,590,373,217
102000137,578,573,5
102000138,187,270,-83
102000139,49,343,-294
102000140,168,303,-135
102000141,135,277,-142
102000142,229,292,-63
102000143,169,286,-117
102000144,274,210,64
102000145,269,312,-43
102000146,302,189,113
102000147,349,302,47
102000148,143,339,-196
102000149,110,205,-95
102000150,299,58,241
102000151,85,155,-70
102000152,181,118,63
102000153,879,407,472
102000154,190,409,-219
102000155,66,231,-165
102000156,211,106,105
102000157,79,304,-225
102000158,318,370,-52
102000159,504,337,167
102000161,2093,1367,726
102000162,132,115,17
102000163,67,364,-297
102000164,581,744,-163
102000165,166,104,62
102000166,29,122,-93
102000167,189,190,-1
102000168,189,111,78
102000169,79,369,-290
102000170,348,100,248
102000171,95,87,8
102000172,39,193,-154
102000173,280,177,103
102000174,34,49,-15
102000175,56,60,-4
102000176,50,10,40
102000178,203,248,-45
102000179,260,189,71
102000180,739,247,492
102000181,569,374,195
102000182,466,390,76
102000183,1332,956,376
102000184,1411,523,888
102000185,2145,769,1376
102000186,977,1025,-48
102000187,736,924,-188
102000188,818,918,-100
102000189,1466,486,980
102000190,472,1974,-1502
102000191,708,311,397
102000192,842,1026,-184
102000193,51,84,-33
102000194,45,86,-41
102000195,272,266,6
102000196,222,188,34
102000197,547,165,382
102000198,207,362,-155
102000199,779,154,625
102000200,245,561,-316
102000201,776,250,526
102000202,5,60,-55
102000203,334,134,200
102000204,339,403,-64
102000205,860,266,594
102000206,587,289,298
102000207,437,279,158
102000208,294,263,31
102000209,44,46,-2
102000210,243,257,-14
102000211,360,156,204
102000212,273,8,265
102000213,8,133,-125
102000214,194,4,190
102000215,10,211,-201
102000216,55,59,-4
102000217,4,66,-62
102000218,196,133,63
102000219,259,135,124
102000225,336,615,-279
102000226,983,809,174
102000227,115,2,113
102000228,1,81,-80
102000229,35,38,-3
102000230,233,316,-83
102000231,185,219,-34
102000232,22,152,-130
102000233,321,395,-74
102000234,119,709,-590
102000236,204,45,159
102000237,342,95,247
102000238,112,141,-29
102000240,349,534,-185
102000241,164,115,49
102000243,13,42,-29
102000245,14,117,-103
102000246,8,29,-21
102000247,417,494,-77
102000248,365,854,-489
102000249,159,81,78
102000250,66,247,-181
102000254,145,159,-14
102000266,12,221,-209
102000271,22,0,22
102000286,298,235,63
102000297,1232,611,621
102000301,0,0,0
102000303,0,6,-6
102000307,0,2,-2
102900001,841,582,259
102900002,292,25,267
102900003,75,148,-73
102900005,299,238,61
102900006,471,123,348
102900007,343,14,329
102900008,244,33,211
102900009,266,270,-4
102900010,253,633,-380
102900011,1126,213,913
102900012,336,49,287
102900013,37,45,-8
102900015,412,326,86
102900016,62,62,0
102900017,124,316,-192
102900018,23,91,-68
102900019,238,270,-32
102900020,128,23,105
102900021,34,51,-17
102900022,384,139,245
102900023,18,22,-4
102900024,35,30,5
102900025,156,69,87
102900026,236,1275,-1039
102900027,86,47,39
102900028,89,551,-462
102900029,103,122,-19
102900030,251,262,-11
102900031,150,105,45
102900032,70,64,6
102900033,110,110,0
102900034,326,82,244
102900035,106,198,-92
102900036,197,176,21
102900037,234,253,-19
102900038,330,266,64
102900039,20,434,-414
102900040,115,237,-122
102900041,68,139,-71
102900042,203,230,-27
102900043,161,125,36
102900044,389,1227,-838
102900045,125,359,-234
102900046,142,143,-1
102900047,142,403,-261
102900048,558,325,233
102900049,102,235,-133
102900050,180,210,-30
102900051,182,140,42
102900052,35,54,-19
102900053,312,405,-93
102900054,375,857,-482
102900055,101,170,-69
102900056,88,255,-167
102900057,5,50,-45
102900058,296,41,255
102900059,26,49,-23
102900060,69,250,-181
102900061,142,241,-99
102900062,171,484,-313
102900063,1030,335,695
102900064,73,275,-202
102900065,976,345,631
102900066,325,20,305
102900068,86,54,32
102900070,127,342,-215
102900072,5,22,-17
102900073,89,3,86
102900075,12,35,-23
102900076,95,105,-10
102900077,46,25,21
102900078,38,36,2
102900079,192,6,186
102900080,245,31,214
102900081,81,200,-119
102900082,17,138,-121
102900083,111,4,107
102900084,7,26,-19
102900085,257,65,192
102900086,16,41,-25
102900087,65,84,-19
102900088,31,18,13
102900089,210,80,130
102900090,0,173,-173
102900091,143,1,142
102900092,333,470,-137
102900093,231,192,39
102900094,2,105,-103
102900095,69,2,67
102900096,53,17,36
102900097,1,65,-64
102900098,20,7,13
103000001,1789,1852,-63
103000002,1660,1642,18
103000003,2473,1946,527
103000004,754,483,271
103000005,1359,2134,-775
103000006,638,1117,-479
103000007,298,470,-172
103000008,708,420,288
103000009,1078,764,314
103000010,144,64,80
103000011,1195,877,318
103000012,1034,1035,-1
103000013,2377,1283,1094
103000014,1068,1809,-741
103000015,1044,490,554
103000016,412,988,-576
103000017,155,259,-104
103000018,462,208,254
103000019,292,226,66
103000020,1732,962,770
103000021,1528,1527,1
103000022,608,720,-112
103000023,567,1442,-875
103000024,61,100,-39
103000025,98,525,-427
103000026,455,94,361
103000027,197,542,-345
103000028,213,246,-33
103000029,174,205,-31
103000030,967,883,84
103000031,736,1344,-608
103000032,1558,1102,456
103000033,2360,2069,291
103000034,964,815,149
103000035,292,909,-617
103000036,302,392,-90
103000037,418,475,-57
103000038,332,634,-302
103000039,375,249,126
103000040,410,586,-176
103000041,1252,1416,-164
103000042,1167,348,819
103000043,598,691,-93
103000044,209,132,77
103000046,350,365,-15
103000047,404,425,-21
103000048,149,161,-12
103000049,72,88,-16
103000050,619,277,342
103000051,329,392,-63
103000052,622,272,350
103000053,120,613,-493
103000054,2222,942,1280
103000055,1673,1546,127
103000056,634,897,-263
103000057,700,144,556
103000058,532,472,60
103000059,362,485,-123
103000060,625,438,187
103000061,424,725,-301
103000062,845,297,548
103000063,684,636,48
103000064,167,110,57
103000065,11,298,-287
103000066,136,7,129
103000069,369,276,93
103000070,674,438,236
103000071,992,385,607
103000072,111,404,-293
103000073,510,96,414
103000074,434,50,384
103000075,92,397,-305
103000076,236,299,-63
103000077,39,189,-150
103000078,637,526,111
103000079,396,517,-121
103000080,711,312,399
103000081,312,879,-567
103000082,325,153,172
103000083,99,249,-150
103000084,81,2,79
103000085,0,121,-121
103000086,447,335,112
103000087,107,462,-355
103000088,183,226,-43
103000089,179,423,-244
103000090,1785,698,1087
103000091,550,405,145
103000092,212,156,56
103000093,208,289,-81
103000094,113,74,39
103000095,64,263,-199
103000096,476,66,410
103000097,54,538,-484
103000098,568,116,452
103000099,184,533,-349
103000100,81,435,-354
103000101,647,88,559
103000102,106,246,-140
103000103,545,82,463
103000104,32,79,-47
103000105,129,53,76
103000106,10,93,-83
103000107,165,21,144
103000108,741,477,264
103000109,357,355,2
103000110,425,428,-3
103000111,352,336,16
103000112,247,176,71
103000113,377,477,-100
103000114,1004,347,657
103000115,432,365,67
103000116,596,308,288
103000117,371,318,53
103000118,428,411,17
103000119,699,331,368
103000120,32,100,-68
103000121,190,476,-286
103000122,362,670,-308
103000125,16,166,-150
103000126,507,4,503
103000127,0,98,-98
103000128,112,2,110
103000129,0,44,-44
103000130,34,30,4
103000131,80,77,3
103000132,57,117,-60
103000133,14,53,-39
103000134,350,628,-278
103000135,385,286,99
103000136,499,350,149
103000137,362,495,-133
103000138,496,674,-178
103000139,5,58,-53
103000140,133,29,104
103000141,29,110,-81
103000142,148,69,79
103000143,30,144,-114
103000144,138,40,98
103000145,13,108,-95
103000150,49,34,15
103000152,144,195,-51
103000153,217,116,101
103000156,3,184,-181
103000157,346,1,345
103000159,150,52,98
103000162,53,25,28
103000163,19,56,-37
103000164,40,11,29
103000165,83,151,-68
103000166,220,269,-49
103000167,216,130,86
103000168,109,88,21
103000169,153,321,-168
103000170,814,289,525
103000171,18,72,-54
103000172,435,186,249
103000173,558,277,281
103000174,155,236,-81
103000175,273,158,115
103000176,608,462,146
103000177,309,313,-4
103000178,159,218,-59
103000179,133,25,108
103000183,115,10,105
103000185,88,15,73
103000186,130,107,23
103000187,519,202,317
103000188,12,61,-49
103000189,608,472,136
103000191,408,413,-5
103000292,807,1072,-265
103000293,539,1667,-1128
103000295,52,89,-37
103000296,117,2,115
103000297,9,24,-15
103000504,11,8,3
103000505,10,11,-1
103000506,2,143,-141
103000507,196,0,196
103000508,34,32,2
103000509,185,420,-235
103900001,9,112,-103
103900002,565,126,439
103900003,871,111,760
103900004,75,3,72
103900005,0,103,-103
103900006,5,0,5
103900007,42,1,41
103900008,6,3,3
103900009,221,385,-164
103900010,136,229,-93
103900011,263,99,164
103900012,9,22,-13
103900013,62,57,5
103900014,48,7,41
103900015,51,12,39
103900016,261,124,137
103900017,11,54,-43
103900018,411,100,311
103900019,44,253,-209
103900020,199,330,-131
103900021,235,58,177
103900022,929,501,428
103900023,111,1,110
103900024,64,283,-219
103900025,12,45,-33
103900026,6,0,6
103900027,478,92,386
103900028,11,203,-192
103900029,823,122,701
103900030,178,74,104
103900031,34,2,32
103900032,74,55,19
103900033,78,9,69
103900034,46,65,-19
103900035,60,28,32
103900036,32,37,-5
103900037,54,38,16
103900038,76,169,-93
103900039,93,190,-97
103900040,17,124,-107
103900041,37,41,-4
103900042,85,209,-124
103900043,145,35,110
103900044,67,221,-154
103900045,227,102,125
103900047,57,22,35
103900048,27,25,2
103900049,105,782,-677
103900050,11,99,-88
103900051,0,28,-28
103900052,182,183,-1
103900053,239,302,-63
103900054,111,220,-109
103900055,322,177,145
103900056,40,36,4
103900057,26,81,-55
103900058,232,340,-108
103900059,0,15,-15
103900060,66,157,-91
103900061,151,25,126
103900062,234,65,169
103900063,3,0,3
103900064,126,2,124
103900065,532,293,239
103900066,119,35,84
103900067,139,3,136
103900068,1,0,1
103900069,38,9,29
103900070,95,139,-44
103900071,21,64,-43
103900072,17,127,-110
103900073,26,26,0
103900074,43,45,-2
103900075,237,50,187
103900076,418,292,126
103900077,34,91,-57
103900078,187,68,119
103900079,148,94,54
103900080,8,33,-25
103900081,65,20,45
103900082,9,80,-71
103900083,676,693,-17
103900084,33,69,-36
103900085,61,90,-29
103900086,564,273,291
103900088,222,467,-245
103900089,70,89,-19
103900090,1,52,-51
103900091,969,169,800
103900092,488,259,229
103900093,62,190,-128
103900094,12,67,-55
103900095,166,135,31
103900096,33,74,-41
103900097,17,308,-291
103900098,164,55,109
103900099,64,60,4
103900100,198,223,-25
103900101,68,763,-695
103900102,2,16,-14
103900104,2,14,-12
103900105,96,103,-7
103900106,0,42,-42
103900107,101,142,-41
103900108,73,187,-114
103900109,104,53,51
103900110,198,67,131
103900111,109,280,-171
103900112,21,61,-40
103900113,49,165,-116
103900114,243,171,72
103900115,192,102,90
103900116,2565,1961,604
103900117,81,27,54
103900119,29,75,-46
103900120,48,78,-30
103900122,81,150,-69
103900123,758,406,352
103900124,53,248,-195
103900125,93,48,45
103900126,459,183,276
103900127,143,210,-67
103900128,112,88,24
103900131,27,55,-28
103900133,726,20,706
103900134,0,3,-3
103900135,14,8,6
103900137,0,12,-12
103900138,85,115,-30
103900139,126,1382,-1256
103900140,2,99,-97
103900141,173,70,103
103900142,113,61,52
103900143,25,2,23
103900144,1,10,-9
103900145,152,188,-36
103900146,223,168,55
103900147,242,84,158
103900148,197,196,1
103900149,258,284,-26
103900150,3336,2829,507
103900151,19,118,-99
103900152,476,274,202
103900153,2,9,-7
103900154,398,1318,-920
103900155,59,158,-99
103900156,57,79,-22
103900157,44,70,-26
103900158,97,68,29
103900159,153,38,115
103900160,41,27,14
103900161,72,101,-29
103900162,63,88,-25
103900163,1,248,-247
103900167,14,59,-45
103900168,78,79,-1
103900169,16,38,-22
103900170,0,55,-55
103900171,2,22,-20
103900172,3,8,-5
103900173,12,19,-7
103900174,138,40,98
103900175,28,47,-19
103900176,6,20,-14
103900177,2,35,-33
103900178,48,31,17
103900179,46,46,0
103900180,16,43,-27
103900181,43,34,9
103900182,14,12,2
103900184,307,92,215
103900185,61,296,-235
103900187,15,54,-39
103900188,39,16,23
103900189,72,7,65
103900190,61,39,22
103900191,18,31,-13
103900192,31,32,-1
103900193,58,80,-22
103900194,79,120,-41
103900195,5,104,-99
103900196,37,38,-1
103900197,11,11,0
103900198,9,23,-14
103900199,103,42,61
103900200,129,89,40
103900201,69,116,-47
103900202,3,43,-40
103900203,45,16,29
103900204,0,43,-43
103900207,0,62,-62
103900208,94,1,93
103900209,2,47,-45
103900210,36,23,13
103900211,394,237,157
103900212,104,176,-72
103900213,40,173,-133
103900214,176,209,-33
103900215,210,282,-72
103900216,3,226,-223
103900217,334,54,280
103900218,3,208,-205
103900219,147,149,-2
103900233,28,1,27
103900235,17,21,-4
103900236,11,1,10
103900242,1,15,-14
103900243,5,2,3
103900244,94,131,-37
103900245,111,89,22
103900246,33,27,6
103900247,37,96,-59
103900248,3,91,-88
103900249,13,50,-37
103900250,13,26,-13
103900251,1,26,-25
103900253,9,51,-42
103900254,5,32,-27
103900255,9,25,-16
103900256,4,17,-13
103900257,69,77,-8
103900258,19,4,15
103900259,75,3,72
103900261,7,4,3
103900262,13,2,11
103900263,60,36,24
103900264,45,20,25
103900265,52,18,34
103900266,1,44,-43
103900267,2,58,-56
103900268,11,33,-22
103900269,150,36,114
103900270,57,63,-6
103900271,18,47,-29
103900272,55,46,9
103900273,12,13,-1
103900274,80,8,72
103900275,26,7,19
103900276,3,34,-31
103900277,9,46,-37
103900278,10,25,-15
103900279,5,17,-12
103900280,1,30,-29
104000001,1877,1187,690
104000002,1330,1613,-283
104000003,1839,1455,384
104000004,1922,1949,-27
104000005,1334,1315,19
104000006,2524,2009,515
104000007,3100,3353,-253
104000008,141,205,-64
104000009,209,100,109
104000010,152,217,-65
104000011,302,153,149
104000012,90,158,-68
104000013,144,152,-8
104000014,141,342,-201
104000015,274,135,139
104000016,406,231,175
104000018,690,159,531
104000019,516,145,371
104000020,147,312,-165
104000021,156,302,-146
104000022,124,205,-81
104000023,611,235,376
104000024,160,224,-64
104000026,43,215,-172
104000027,261,144,117
104000028,339,231,108
104000029,254,230,24
104000030,271,211,60
104000031,1051,270,781
104000032,204,145,59
104000033,540,418,122
104000034,282,198,84
104000035,684,291,393
104000036,737,401,336
104000037,194,141,53
104000038,416,238,178
104000039,209,149,60
104000040,144,219,-75
104000041,332,246,86
104000042,141,201,-60
104000043,170,237,-67
104000044,184,334,-150
104000045,755,498,257
104000046,667,840,-173
104000047,504,686,-182
104000048,815,856,-41
104000049,341,222,119
104000050,139,409,-270
104000051,74,329,-255
104000052,1025,1202,-177
104000053,541,289,252
104000054,441,212,229
104000055,2577,1543,1034
104000056,815,184,631
104000057,129,221,-92
104000058,513,515,-2
104000059,420,665,-245
104000060,744,833,-89
104000061,903,698,205
104000062,264,114,150
104000064,476,292,184
104000065,145,527,-382
104000069,619,909,-290
104000070,49,309,-260
104000071,124,281,-157
104000072,469,142,327
104000075,31,169,-138
104000076,312,40,272
104000082,1858,2617,-759
104000083,578,164,414
104000084,85,305,-220
104000085,194,233,-39
104000086,137,318,-181
104000087,326,1252,-926
104000090,569,742,-173
104000092,961,1114,-153
104000094,624,826,-202
104000095,1316,1000,316
104000096,1130,125,1005
104000097,1433,544,889
104000098,1789,542,1247
104000100,1307,378,929
104000101,858,1076,-218
104000106,33,391,-358
104000107,416,268,148
104000108,171,278,-107
104000109,225,44,181
104000110,587,704,-117
104000111,1976,1585,391
104000112,1058,359,699
104000116,0,553,-553
104000117,128,316,-188
104000118,469,94,375
104000119,396,183,213
104000120,182,387,-205
104000121,142,410,-268
104000122,523,537,-14
104000123,497,637,-140
104000124,470,1232,-762
104000125,1854,3099,-1245
104000126,323,236,87
104000127,924,1533,-609
104000128,418,251,167
104000129,235,23,212
104000130,2,201,-199
104000131,299,276,23
104000132,284,323,-39
104000133,1109,575,534
104000134,736,1209,-473
104000135,333,1399,-1066
104000136,614,2898,-2284
104000137,1345,346,999
104000138,633,182,451
104000139,3070,1895,1175
104000141,732,789,-57
104000142,459,398,61
104000143,461,288,173
104000144,88,115,-27
104000145,342,162,180
104000146,174,316,-142
104000147,88,143,-55
104000148,274,131,143
104000149,148,138,10
104000150,722,280,442
104000151,243,207,36
104000152,378,294,84
104000153,508,335,173
104000154,616,293,323
104000155,310,482,-172
104000157,756,811,-55
104000158,241,416,-175
104000159,625,357,268
104000160,1500,1449,51
104000161,92,137,-45
104000162,50,87,-37
104000165,596,649,-53
104000167,520,798,-278
104000168,409,3,406
104000169,118,21,97
104000170,259,408,-149
104000248,229,378,-149
104000251,43,125,-82
104000272,0,0,0
104000273,0,0,0
104000274,0,0,0
104000275,0,0,0
104000279,545,310,235
104000290,62,178,-116
104000291,374,803,-429
104000293,608,501,107
104000294,29,0,29
104000295,484,531,-47
104000296,287,485,-198
104000297,695,1362,-667
104000298,1441,692,749
104000299,542,990,-448
104900001,105,173,-68
104900002,52,143,-91
104900003,38,209,-171
104900004,83,196,-113
104900005,261,153,108
104900006,207,63,144
104900007,196,102,94
104900009,105,167,-62
104900010,45,45,0
104900011,14,7,7
104900012,179,20,159
104900013,94,21,73
104900014,1494,254,1240
104900015,72,7,65
104900016,170,113,57
104900017,144,118,26
104900018,4,95,-91
104900019,188,2492,-2304
104900020,32,173,-141
104900021,4,65,-61
104900022,8,72,-64
104900023,0,39,-39
104900024,20,56,-36
104900025,47,116,-69
104900026,1,44,-43
104900027,396,227,169
104900028,27,64,-37
104900029,30,41,-11
104900030,377,124,253
104900031,75,141,-66
104900032,36,71,-35
104900033,134,179,-45
104900034,326,115,211
104900035,257,139,118
104900036,199,57,142
104900037,81,102,-21
104900038,228,478,-250
104900039,329,367,-38
104900040,406,90,316
104900041,257,138,119
104900042,92,159,-67
104900043,16,202,-186
104900044,632,129,503
104900045,297,48,249
104900046,158,62,96
104900047,282,61,221
104900048,232,52,180
104900049,39,20,19
104900050,153,27,126
104900051,224,36,188
104900052,44,1,43
104900053,346,74,272
104900054,125,16,109
104900055,69,0,69
104900056,112,9,103
104900057,32,0,32
104900058,275,133,142
104900059,281,114,167
104900060,2,209,-207
104900061,166,301,-135
104900063,0,52,-52
104900064,0,45,-45
104900065,0,181,-181
104900066,0,54,-54
104900067,2,226,-224
104900068,10,160,-150
104900070,125,144,-19
104900071,0,272,-272
104900072,49,165,-116
104900073,26,70,-44
104900074,34,120,-86
104900075,38,15,23
104900076,86,187,-101
104900077,338,159,179
104900078,180,253,-73
104900079,50,377,-327
104900080,58,404,-346
104900082,13,230,-217
104900085,1,114,-113
104900087,169,4,165
104900089,148,1,147
104900090,556,574,-18
104900091,402,344,58
104900093,198,292,-94
104900097,1429,1504,-75
104900098,81,17,64
104900099,49,274,-225
104900100,264,151,113
104900102,42,66,-24
104900103,256,44,212
104900104,1702,1309,393
104900106,61,75,-14
104900107,69,137,-68
104900108,7,89,-82
104900109,58,96,-38
104900110,2,39,-37
104900111,118,66,52
104900112,206,348,-142
104900113,554,204,350
104900114,268,225,43
104900115,480,189,291
104900116,171,126,45
104900118,5,15,-10
104900119,1,32,-31
104900120,33,199,-166
104900121,0,41,-41
104900122,0,25,-25
104900123,51,4,47
104900124,40,1,39
104900125,366,7,359
104900126,39,17,22
104900127,18,40,-22
104900128,93,109,-16
104900129,909,1372,-463
105000001,2075,1067,1008
105000002,1931,1224,707
105000003,2403,2423,-20
105000004,443,560,-117
105000005,758,828,-70
105000006,1082,1299,-217
105000007,1039,1267,-228
105000008,1127,2351,-1224
105000009,1886,2404,-518
105000010,1991,1260,731
105000011,2507,2322,185
105000012,2066,1840,226
105000013,792,813,-21
105000014,1477,2097,-620
105000015,6435,10236,-3801
105000016,1682,1364,318
105000017,1178,576,602
105000018,747,975,-228
105000019,782,601,181
105000020,150,292,-142
105000021,181,74,107
105000022,217,68,149
105000023,376,285,91
105000028,39,79,-40
105000029,362,1018,-656
105000030,2558,1742,816
105000033,716,1170,-454
105000034,72,583,-511
105000037,394,137,257
105000038,1110,1416,-306
105000039,1445,991,454
105000040,642,893,-251
105000041,247,670,-423
105000042,2135,1261,874
105000043,1006,1172,-166
105000044,454,346,108
105000045,239,409,-170
105000046,940,266,674
105000047,394,616,-222
105000048,430,172,258
105000049,140,291,-151
105000050,583,315,268
105000051,122,305,-183
105000052,403,467,-64
105000053,72,89,-17
105000054,282,514,-232
105000055,419,190,229
105000056,1099,1142,-43
105000057,871,393,478
105000058,805,691,114
105000059,594,491,103
105000060,390,401,-11
105000061,590,413,177
105000062,447,542,-95
105000063,222,398,-176
105000064,1193,547,646
105000065,331,356,-25
105000066,765,930,-165
105000067,1097,575,522
105000068,321,654,-333
105000069,1170,1108,62
105000070,416,712,-296
105000071,197,680,-483
105000072,923,1754,-831
105000073,625,454,171
105000074,757,455,302
105000075,327,634,-307
105000076,820,691,129
105000077,1697,777,920
105000078,793,907,-114
105000079,928,2451,-1523
105000080,1423,897,526
105000081,2443,989,1454
105000082,802,1541,-739
105000083,3259,2789,470
105000084,410,557,-147
105000085,1231,1501,-270
105000086,493,559,-66
105000087,820,1068,-248
105000088,1010,1164,-154
105000089,1730,1233,497
105000090,685,568,117
105000091,789,979,-190
105000092,532,491,41
105000093,218,190,28
105000094,242,141,101
105000095,81,353,-272
105000096,833,842,-9
105000097,613,589,24
105000098,686,599,87
105000099,632,526,106
105000100,1003,708,295
105000101,1482,1172,310
105000102,1047,934,113
105000103,927,1283,-356
105000104,1552,634,918
105000105,718,1123,-405
105000106,950,961,-11
105000107,1197,665,532
105000108,1191,959,232
105000109,1277,1029,248
105000110,628,331,297
105000111,718,507,211
105000112,966,435,531
105000113,345,515,-170
105000114,1520,831,689
105000115,254,917,-663
105000116,626,385,241
105000117,723,495,228
105000118,421,248,173
105000119,379,505,-126
105000120,832,344,488
105000121,576,565,11
105000122,295,510,-215
105000123,737,693,44
105000124,1355,457,898
105000125,600,1073,-473
105000126,1467,1033,434
105000127,1685,1104,581
105000128,398,684,-286
105000129,563,208,355
105000130,251,2307,-2056
105000131,444,222,222
105000132,680,414,266
105000133,369,582,-213
105000134,648,386,262
105000135,279,318,-39
105000136,97,226,-129
105000137,434,191,243
105000138,173,225,-52
105000139,774,564,210
105000140,364,340,24
105000141,212,335,-123
105000142,172,317,-145
105000143,162,372,-210
105000144,202,513,-311
105000145,537,240,297
105000146,425,534,-109
105000147,534,240,294
105000148,826,479,347
105000149,1703,1517,186
105000150,1228,862,366
105000151,308,292,16
105000152,109,287,-178
105000153,434,446,-12
105000154,418,319,99
105000155,252,519,-267
105000156,430,457,-27
105000157,497,908,-411
105000158,1313,495,818
105000159,200,584,-384
105000160,1453,428,1025
105000161,434,579,-145
105000162,450,1204,-754
105000163,726,507,219
105000164,163,173,-10
105000165,538,3661,-3123
105000166,2709,547,2162
105000167,1067,1047,20
105000168,363,285,78
105000169,393,147,246
105000170,168,760,-592
105000171,735,119,616
105000172,88,24,64
105000173,161,26,135
105000174,42,23,19
105000175,36,85,-49
105000176,302,60,242
105000177,230,121,109
105000178,110,253,-143
105000179,397,88,309
105000180,111,64,47
105000181,122,149,-27
105000182,41,41,0
105000183,1234,1410,-176
105000184,637,696,-59
105000185,707,877,-170
105000186,320,595,-275
105000187,659,135,524
105000188,118,108,10
105000189,96,302,-206
105000190,222,203,19
105000191,249,217,32
105000192,232,55,177
105000193,49,79,-30
105000194,268,54,214
105000195,227,427,-200
105000196,30,107,-77
105000197,181,380,-199
105000198,352,194,158
105000199,184,377,-193
105000200,87,249,-162
105000201,46,22,24
105000203,17,116,-99
105000204,62,55,7
105000205,73,136,-63
105000207,282,124,158
105000208,140,366,-226
105000209,136,196,-60
105000212,821,668,153
105000213,108,136,-28
105000214,93,146,-53
105000215,228,114,114
105000216,137,159,-22
105000217,106,138,-32
105000218,976,726,250
105000221,131,146,-15
105000222,133,38,95
105000223,203,92,111
105000226,74,144,-70
105000227,62,88,-26
105000228,110,1241,-1131
105000229,117,446,-329
105000231,313,229,84
105000233,537,501,36
105000234,343,770,-427
105000235,265,421,-156
105000237,624,72,552
105000243,22,25,-3
105000248,53,72,-19
105000262,310,665,-355
105000269,96,123,-27
105000270,394,32,362
105000271,0,141,-141
105000282,58,26,32
105000287,316,76,240
105000288,299,226,73
105000289,1857,1419,438
105000290,8,2,6
105000402,1908,2454,-546
105000426,339,420,-81
105000438,2774,1153,1621
105000446,5955,3674,2281
105000447,3662,1644,2018
105000454,448,354,94
105000455,242,112,130
105000474,39,1,38
105000477,288,361,-73
105000478,1416,3248,-1832
105000479,85,69,16
105000480,7056,5386,1670
105000481,3748,2489,1259
105000482,3081,5530,-2449
105000483,1257,1499,-242
105000484,1533,2291,-758
105000485,1212,2466,-1254
105000486,2188,1701,487
105000488,6878,3395,3483
105000489,690,587,103
105000549,34,74,-40
105000550,290,1031,-741
105000551,33,87,-54
105000552,1723,1010,713
105000555,796,713,83
105000556,19,5,14
105000557,6,17,-11
105900001,8,1278,-1270
105900002,586,433,153
105900003,9,72,-63
105900004,105,81,24
105900005,4,97,-93
105900006,10,68,-58
105900007,40,11,29
105900008,82,325,-243
105900009,20,11,9
105900011,98,23,75
105900012,363,81,282
105900013,1,21,-20
105900014,7,48,-41
105900015,88,218,-130
105900016,324,244,80
105900017,791,22,769
105900018,143,116,27
105900019,31,152,-121
105900020,47,68,-21
105900021,17,137,-120
105900022,191,129,62
105900023,4,49,-45
105900024,3,58,-55
105900025,111,16,95
105900026,148,13,135
105900027,5598,2675,2923
105900028,115,77,38
105900029,1112,245,867
105900030,113,131,-18
105900031,176,109,67
105900032,58,82,-24
105900033,83,51,32
105900034,127,107,20
105900035,114,134,-20
105900036,85,71,14
105900037,73,28,45
105900038,104,157,-53
105900039,98,61,37
105900040,40,71,-31
105900041,139,139,0
105900042,57,103,-46
105900043,844,35,809
105900044,9,168,-159
105900045,2,515,-513
105900046,4,174,-170
105900047,10,28,-18
105900048,72,285,-213
105900050,1690,2970,-1280
105900051,42,689,-647
105900052,361,63,298
105900053,1126,1403,-277
105900054,174,105,69
105900056,323,247,76
105900057,17,44,-27
105900058,8,6,2
105900059,0,34,-34
106000001,2682,1619,1063
106000002,1518,3500,-1982
106000003,2192,2754,-562
106000004,1302,1844,-542
106000005,2568,3525,-957
106000006,4031,2391,1640
106000007,327,372,-45
106000008,356,253,103
106000009,452,231,221
106000010,442,396,46
106000011,856,690,166
106000012,636,872,-236
106000013,1304,1293,11
106000014,1126,919,207
106000015,1424,783,641
106000016,899,1110,-211
106000017,487,487,0
106000018,402,263,139
106000019,275,295,-20
106000020,246,228,18
106000021,314,257,57
106000022,278,157,121
106000023,577,186,391
106000024,404,316,88
106000025,94,114,-20
106000026,75,136,-61
106000027,1184,892,292
106000028,391,258,133
106000029,492,671,-179
106000030,310,395,-85
106000034,164,447,-283
106000035,665,1294,-629
106000036,133,297,-164
106000037,1166,865,301
106000038,211,90,121
106000039,63,83,-20
106000040,99,630,-531
106000041,498,322,176
106000043,381,216,165
106000046,268,37,231
106000047,24,285,-261
106000049,850,137,713
106000050,209,398,-189
106000051,555,359,196
106000052,77,313,-236
106000053,269,130,139
106000054,252,218,34
106000055,846,694,152
106000056,237,219,18
106000057,302,198,104
106000058,98,94,4
106000059,229,189,40
106000060,223,333,-110
106000061,198,422,-224
106000062,128,321,-193
106000063,703,424,279
106000064,24,219,-195
106000065,291,227,64
106000066,99,195,-96
106000067,305,74,231
106000068,42,447,-405
106000069,182,46,136
106000070,351,491,-140
106000071,770,213,557
106000072,1709,1137,572
106000073,1203,2229,-1026
106000074,425,505,-80
106000075,299,985,-686
106000076,1427,1375,52
106000077,2249,972,1277
106000078,770,682,88
106000079,499,573,-74
106000080,870,435,435
106000081,612,784,-172
106000082,1674,586,1088
106000083,382,945,-563
106000084,882,467,415
106000085,995,1127,-132
106000086,532,638,-106
106000087,751,456,295
106000088,366,507,-141
106000089,794,290,504
106000090,270,379,-109
106000091,259,347,-88
106000092,544,201,343
106000093,271,101,170
106000094,59,176,-117
106000095,688,409,279
106000096,839,394,445
106000097,852,537,315
106000098,542,592,-50
106000099,196,355,-159
106000100,798,147,651
106000101,512,159,353
106000102,115,323,-208
106000103,173,326,-153
106000104,545,277,268
106000105,373,384,-11
106000106,490,318,172
106000107,126,194,-68
106000108,354,203,151
106000109,154,170,-16
106000110,204,218,-14
106000111,182,271,-89
106000112,197,409,-212
106000113,390,357,33
106000114,340,363,-23
106000115,187,282,-95
106000116,282,120,162
106000117,648,438,210
106000118,968,871,97
106000119,894,573,321
106000120,674,736,-62
106000121,147,112,35
106000122,137,99,38
106000123,413,69,344
106000124,29,103,-74
106000125,22,121,-99
106000126,226,77,149
106000127,755,538,217
106000128,664,122,542
106000129,348,324,24
106000130,661,205,456
106000131,115,512,-397
106000132,415,92,323
106000133,927,760,167
106000134,426,1218,-792
106000135,178,341,-163
106000136,546,801,-255
106000137,51,419,-368
106000138,872,66,806
106000139,54,74,-20
106000140,45,19,26
106000141,83,25,58
106000142,99,39,60
106000143,19,29,-10
106000144,22,50,-28
106000145,183,135,48
106000146,327,102,225
106000147,321,255,66
106000148,347,521,-174
106000149,489,259,230
106000150,382,1229,-847
106000151,2315,558,1757
106000152,772,1137,-365
106000153,76,1296,-1220
106000154,904,153,751
106000155,84,194,-110
106000156,667,167,500
106000157,429,936,-507
106000158,1268,569,699
106000159,1635,1219,416
106000160,338,1951,-1613
106000161,998,236,762
106000162,198,597,-399
106000163,327,209,118
106000164,313,160,153
106000165,176,277,-101
106000166,511,173,338
106000167,263,505,-242
106000168,402,161,241
106000169,208,305,-97
106000170,614,149,465
106000171,160,760,-600
106000172,1965,828,1137
106000173,710,1605,-895
106000174,809,338,471
106000175,220,488,-268
106000176,1073,460,613
106000177,416,1335,-919
106000178,2090,1048,1042
106000179,773,1314,-541
106000180,639,749,-110
106000181,656,1135,-479
106000182,1101,406,695
106000183,959,314,645
106000184,866,352,514
106000185,667,933,-266
106000186,612,86,526
106000187,166,729,-563
106000188,0,1,-1
106000189,11,23,-12
106000190,29,0,29
106000191,481,116,365
106000192,2,12,-10
106000193,271,109,162
106000194,126,212,-86
106000195,198,93,105
106000196,64,206,-142
106000197,451,156,295
106000198,106,143,-37
106000199,342,476,-134
106000200,153,116,37
106000201,322,1939,-1617
106000202,2014,352,1662
106000203,14,142,-128
106000204,92,3,89
106000205,35,124,-89
106000206,72,25,47
106000207,22,346,-324
106000208,1028,120,908
106000209,1110,247,863
106000210,187,547,-360
106000211,198,700,-502
106000212,608,346,262
106000213,453,1122,-669
106000214,1583,411,1172
106000215,214,303,-89
106000216,299,261,38
106000217,241,261,-20
106000218,412,295,117
106000219,121,227,-106
106000220,362,164,198
106000221,177,162,15
106000222,67,55,12
106000223,218,82,136
106000224,215,108,107
106000225,89,81,8
106000226,84,130,-46
106000228,33,61,-28
106000229,56,467,-411
106000231,734,84,650
106000232,85,259,-174
106000233,399,86,313
106000234,34,205,-171
106000235,165,79,86
106000236,47,61,-14
106000237,0,9,-9
106000238,20,6,14
106000239,1,51,-50
106000240,16,2,14
106000241,15,415,-400
106000242,213,15,198
106000249,89,62,27
106000250,38,398,-360
106000251,76,16,60
106000252,12,46,-34
106000253,45,52,-7
106000254,49,24,25
106000255,13,98,-85
106000256,47,18,29
106000257,121,134,-13
106000258,127,6,121
106000259,3,27,-24
106000260,34,4,30
106000261,3,21,-18
106000262,61,9,52
106000263,3,34,-31
106000264,153,7,146
106000265,5,75,-70
106000266,80,26,54
106000267,4,40,-36
106000268,316,48,268
106000269,38,16,22
106000270,87,291,-204
106000271,67,115,-48
106000272,137,23,114
106000273,5,178,-173
106000274,112,27,85
106000275,111,146,-35
106000276,90,30,60
106000277,74,171,-97
106000278,111,25,86
106000279,5,12,-7
106000280,42,59,-17
106000281,52,30,22
106000282,50,42,8
106000283,70,37,33
106000284,56,81,-25
106000285,94,73,21
106000286,110,91,19
106000287,91,34,57
106000288,62,110,-48
106000289,82,51,31
106000290,52,44,8
106000291,84,54,30
106000292,71,50,21
106000293,107,75,32
106000294,122,65,57
106000295,40,58,-18
106000296,31,50,-19
106000297,41,130,-89
106000298,57,47,10
106000299,66,84,-18
106000300,56,64,-8
106000301,47,87,-40
106000303,29,59,-30
106000304,31,18,13
106000305,37,30,7
106000306,30,26,4
106000307,40,37,3
106000308,21,47,-26
106000309,10,35,-25
106000310,313,343,-30
106000311,253,114,139
106000312,93,85,8
106000313,167,145,22
106000318,45,279,-234
106000319,810,203,607
106000320,7,67,-60
106000321,179,78,101
106000322,163,85,78
106000324,6,98,-92
106000325,1223,599,624
106000326,788,1073,-285
106000327,175,49,126
106000328,25,98,-73
106000329,32,138,-106
106000330,26,44,-18
106000428,81,173,-92
106000429,151,360,-209
106000430,289,788,-499
106000431,1625,339,1286
106000432,1315,1729,-414
106000433,1847,1121,726
106000434,2452,1024,1428
106000435,1100,1519,-419
106000436,8,106,-98
106000437,220,98,122
106000438,173,173,0
106000439,36,370,-334
106000440,147,296,-149
106000441,0,1,-1
106000442,120,5,115
106000443,194,137,57
106000450,7,87,-80
106000451,31,40,-9
106000454,3,50,-47
106000455,9,111,-102
106000456,75,36,39
106000457,29,503,-474
106000458,758,57,701
106000459,119,186,-67
106000460,1335,15,1320
106000461,88,549,-461
106000462,8,31,-23
106000463,8,5,3
106000464,6,197,-191
106000465,536,7,529
106000466,1,250,-249
106000467,192,228,-36
106000468,71,99,-28
106000469,87,0,87
106000470,214,1198,-984
106000471,18,269,-251
106000472,128,8,120
106000473,25,9,16
106000474,219,238,-19
106000475,208,100,108
106000476,127,203,-76
106000477,29,85,-56
106000480,1,226,-225
106900001,0,11,-11
106900002,0,211,-211
106900003,127,494,-367
106900004,1,18,-17
106900006,0,9,-9
106900007,0,2,-2
106900008,320,124,196
106900009,257,149,108
106900010,174,153,21
106900012,912,1424,-512
106900013,312,106,206
106900014,11,2,9
106900015,13,0,13
106900016,244,8,236
106900017,3,0,3
106900018,0,0,0
106900019,32,2,30
106900020,1244,1158,86
106900021,77,134,-57
106900022,705,5,700
106900023,44,210,-166
106900024,347,37,310
106900025,40,330,-290
106900026,3,294,-291
106900027,625,6,619
107000001,2605,2616,-11
107000002,1642,2685,-1043
107000003,4491,4674,-183
107000004,3117,2528,589
107000005,3964,4414,-450
107000006,2547,2117,430
107000007,4190,7890,-3700
107000008,6204,4639,1565
107000009,6041,5840,201
107000010,6211,5446,765
107000011,713,846,-133
107000012,2743,1910,833
107000013,73,54,19
107000014,42,207,-165
107000015,431,543,-112
107000016,592,487,105
107000017,1104,977,127
107000018,10,685,-675
107000020,735,912,-177
107000021,775,283,492
107000022,590,959,-369
107000023,1281,179,1102
107000024,447,903,-456
107000025,144,278,-134
107000026,202,309,-107
107000027,1056,647,409
107000028,1014,850,164
107000029,2514,2044,470
107000030,1763,1688,75
107000031,3628,2004,1624
107000032,336,653,-317
107000033,2040,2639,-599
107000034,1927,959,968
107000035,234,186,48
107000036,257,851,-594
107000037,50,606,-556
107000038,190,199,-9
107000039,608,559,49
107000040,125,257,-132
107000041,1098,475,623
107000042,586,1486,-900
107000043,1780,839,941
107000044,367,219,148
107000045,53,207,-154
107000046,611,294,317
107000047,374,546,-172
107000048,536,166,370
107000049,454,648,-194
107000050,941,387,554
107000051,185,229,-44
107000052,999,825,174
107000053,262,174,88
107000054,62,199,-137
107000055,333,154,179
107000056,423,579,-156
107000057,974,137,837
107000058,1765,1845,-80
107000059,1395,2005,-610
107000060,3595,3860,-265
107000061,3464,2145,1319
107000062,4079,2300,1779
107000063,3094,3011,83
107000064,3799,1886,1913
107000065,2229,2714,-485
107000066,1612,2189,-577
107000067,881,1033,-152
107000068,949,689,260
107000069,829,455,374
107000070,1018,2,1016
107000071,3006,33,2973
107000072,27,1600,-1573
107000073,666,365,301
107000074,108,628,-520
107000075,1549,526,1023
107000076,481,985,-504
107000077,3292,1380,1912
107000078,2095,1933,162
107000079,2240,910,1330
107000080,910,1948,-1038
107000081,1607,500,1107
107000082,525,967,-442
107000083,1143,355,788
107000084,254,1114,-860
107000085,2256,2392,-136
107000086,2539,2381,158
107000087,2437,1548,889
107000088,2383,2727,-344
107000089,1194,1273,-79
107000090,861,761,100
107000091,1185,591,594
107000092,791,819,-28
107000093,1030,644,386
107000094,703,770,-67
107000095,737,551,186
107000096,470,490,-20
107000097,577,252,325
107000098,319,354,-35
107000099,283,187,96
107000100,201,158,43
107000101,86,149,-63
107000102,177,206,-29
107000103,286,142,144
107000104,142,185,-43
107000105,342,123,219
107000106,119,185,-66
107000107,447,136,311
107000108,112,317,-205
107000109,576,127,449
107000110,38,402,-364
107000111,318,43,275
107000112,22,204,-182
107000113,636,105,531
107000114,64,332,-268
107000115,625,116,509
107000116,83,459,-376
107000117,260,573,-313
107000118,114,107,7
107000119,941,1195,-254
107000120,782,403,379
107000121,827,487,340
107000122,937,562,375
107000123,429,391,38
107000124,453,526,-73
107000125,862,357,505
107000126,739,441,298
107000129,216,365,-149
107000130,513,172,341
107000131,347,336,11
107000132,477,234,243
107000133,393,77,316
107000134,271,3,268
107000135,1,172,-171
107000136,572,2,570
107000137,9,322,-313
107000138,249,34,215
107000139,8,384,-376
107000140,1073,73,1000
107000141,104,631,-527
107000142,407,55,352
107000143,55,467,-412
107000144,389,350,39
107000145,121,401,-280
107000146,166,247,-81
107000147,3079,890,2189
107000150,488,2078,-1590
107000151,31,70,-39
107000152,340,1108,-768
107000153,114,222,-108
107000154,138,226,-88
107000155,674,17,657
107000156,960,15,945
107000157,29,757,-728
107000158,602,21,581
107000159,22,488,-466
107000160,991,125,866
107000161,73,622,-549
107000162,234,360,-126
107000163,184,6,178
107000164,682,3,679
107000165,1019,11,1008
107000166,32,764,-732
107000167,612,162,450
107000168,892,395,497
107000169,453,573,-120
107000170,1919,577,1342
107000171,474,1063,-589
107000172,865,1059,-194
107000173,590,543,47
107000174,869,4044,-3175
107000175,3833,1015,2818
107000176,1,0,1
107000177,4,0,4
107000178,20,42,-22
107000179,226,1290,-1064
107000180,1131,206,925
107000181,410,747,-337
107000182,1538,554,984
107000183,141,457,-316
107000184,887,507,380
107000185,375,810,-435
107000186,1002,289,713
107000187,961,832,129
107000188,512,465,47
107000189,389,642,-253
107000190,458,472,-14
107000191,712,848,-136
107000192,1258,434,824
107000193,337,381,-44
107000194,700,462,238
107000197,783,174,609
107000198,275,450,-175
107000199,523,446,77
107000200,489,511,-22
107000201,366,231,135
107000202,320,325,-5
107000203,522,789,-267
107000204,682,1265,-583
107000205,1095,689,406
107000206,577,1196,-619
107000207,466,756,-290
107000208,705,466,239
107000209,1127,1119,8
107000210,415,234,181
107000211,1,45,-44
107000212,11,201,-190
107000213,3,15,-12
107000214,7,94,-87
107000215,325,204,121
107000216,368,195,173
107000217,153,68,85
107000219,79,186,-107
107000220,160,131,29
107000222,195,373,-178
107000224,307,53,254
107000225,147,212,-65
107000226,433,85,348
107000227,75,137,-62
107000228,75,210,-135
107000229,98,77,21
107000230,913,327,586
107000231,846,1349,-503
107000232,106,24,82
107000233,705,608,97
107000234,2,55,-53
107000235,59,10,49
107000236,8,282,-274
107000237,21,2,19
107000238,23,1,22
107000239,1516,404,1112
107000240,81,511,-430
107000243,0,19,-19
107000244,2,57,-55
107000246,1,800,-799
107000249,1,911,-910
107000251,0,372,-372
107000252,3,611,-608
107000255,243,89,154
107000257,2,260,-258
107000258,0,84,-84
107000259,5,119,-114
107000260,714,2,712
107000262,4,266,-262
107000263,268,5,263
107000266,16,5,11
107000267,46,95,-49
107000268,79,86,-7
107000269,544,85,459
107000270,0,28,-28
107000271,7,398,-391
107000272,18,90,-72
107000273,2,128,-126
107000274,531,169,362
107000275,27,664,-637
107000280,798,26,772
107000281,37,428,-391
107000282,15,463,-448
107000290,8,21,-13
107000291,15,4,11
107000292,3,59,-56
107000293,23,1,22
107000294,0,46,-46
107000295,8,0,8
107000296,0,24,-24
107000444,210,1,209
107000496,11,2,9
107000497,1108,1347,-239
107000500,307,183,124
107000501,50,114,-64
107000502,113,196,-83
107000505,258,515,-257
107000506,2,115,-113
107000508,4,302,-298
107000509,178,470,-292
107000510,18,27,-9
107000514,24,261,-237
107000515,15,81,-66
107000516,294,200,94
107000518,958,1060,-102
107000519,942,622,320
107000520,60,21,39
107000521,555,272,283
107000522,758,277,481
107900001,74,115,-41
107900002,47,5,42
107900003,383,16,367
107900004,20,0,20
107900005,1087,1,1086
107900006,159,2,157
107900007,216,35,181
107900008,33,7,26
107900009,96,18,78
107900010,58,5,53
107900012,272,37,235
107900013,192,20,172
107900014,19,2,17
107900015,774,12,762
107900016,289,46,243
107900017,26,1,25
107900018,67,125,-58
107900019,15,19,-4
107900020,43,12,31
107900021,43,54,-11
107900023,1,2,-1
107900024,0,20,-20
107900025,212,149,63
107900026,54,32,22
107900027,9,25,-16
107900028,66,47,19
107900030,139,25,114
107900031,110,45,65
107900032,21,3,18
107900033,13,5,8
107900034,279,19,260
107900035,678,36,642
107900036,33,18,15
107900037,0,27,-27
107900038,113,207,-94
107900039,43,27,16
107900040,14,134,-120
107900041,1,3,-2
107900043,32,57,-25
107900044,8,9,-1
107900045,94,49,45
107900046,130,112,18
107900047,41,38,3
107900048,145,15,130
107900049,236,618,-382
107900050,80,144,-64
107900051,83,20,63
107900052,20,40,-20
107900053,36,49,-13
107900055,409,171,238
107900056,79,35,44
107900057,2,0,2
107900058,30,326,-296
107900060,13,40,-27
107900061,15,6,9
107900063,75,114,-39
107900064,191,119,72
107900065,165,5,160
107900066,29,3,26
107900067,0,0,0
107900068,69,586,-517
107900069,31,1796,-1765
107900070,115,29,86
107900071,16,353,-337
107900072,89,69,20
107900073,92,47,45
107900074,471,273,198
107900076,107,40,67
107900077,90,0,90
107900079,4,16,-12
107900080,103,583,-480
107900081,55,56,-1
107900082,17,16,1
107900083,238,145,93
107900084,67,148,-81
107900086,38,124,-86
107900087,421,132,289
107900088,23,6,17
107900089,141,556,-415
107900090,391,1430,-1039
107900091,89,174,-85
107900092,6,1,5
107900093,49,42,7
107900095,2040,1492,548
107900097,26,36,-10
107900098,48,151,-103
107900100,571,909,-338
107900101,580,140,440
107900102,31,3,28
107900103,37,99,-62
107900104,165,6,159
107900105,3,205,-202
107900106,6,551,-545
107900107,698,370,328
107900108,149,109,40
107900109,1273,22,1251
107900110,41,25,16
107900111,3,432,-429
107900112,68,297,-229
107900113,197,51,146
107900114,151,93,58
107900115,3,20,-17
107900116,121,67,54
107900117,167,174,-7
107900118,45,84,-39
107900119,82,170,-88
107900120,26,33,-7
107900121,0,96,-96
107900122,3,52,-49
107900123,7,34,-27
107900124,4,23,-19
107900125,26,132,-106
107900126,3,40,-37
107900127,304,240,64
107900128,53,55,-2
107900129,42,20,22
107900130,64,3,61
107900131,302,197,105
107900132,102,156,-54
107900133,1,48,-47
107900134,25,83,-58
107900135,5,117,-112
107900136,17,16,1
107900137,77,74,3
107900138,32,14,18
107900139,32,17,15
107900141,14,30,-16
107900142,40,411,-371
107900143,25,12,13
107900144,3,122,-119
107900145,22,43,-21
107900146,12,66,-54
107900147,30,21,9
107900148,116,72,44
107900149,478,132,346
107900150,40,283,-243
107900151,34,76,-42
107900152,3,69,-66
107900153,104,191,-87
107900154,55,47,8
107900155,58,46,12
107900156,4,196,-192
107900157,27,36,-9
107900158,656,24,632
107900159,20,448,-428
107900160,126,140,-14
107900161,34,100,-66
107900162,0,36,-36
107900163,11,22,-11
107900164,9,19,-10
107900165,11,80,-69
107900166,19,111,-92
107900167,12,27,-15
107900168,36,21,15
107900169,2,145,-143
107900171,6,524,-518
107900172,0,161,-161
107900173,11,89,-78
107900174,181,5,176
107900175,11,33,-22
107900176,44,27,17
107900177,1,68,-67
107900178,2,118,-116
107900179,21,71,-50
107900180,279,489,-210
107900181,182,129,53
107900182,7,581,-574
107900183,69,121,-52
107900184,90,149,-59
107900185,110,5,105
107900186,19,30,-11
107900187,1,93,-92
107900188,420,84,336
107900189,19,57,-38
107900190,42,95,-53
107900191,46,84,-38
107900193,3,47,-44
107900194,193,13,180
107900195,1163,197,966
107900196,48,65,-17
107900197,266,243,23
107900199,3,495,-492
107900201,82,42,40
107900203,20,73,-53
107900204,169,129,40
107900206,409,423,-14
107900207,3,298,-295
107900208,5,355,-350
107900209,184,77,107
107900210,74,59,15
107900213,347,290,57
107900214,6,52,-46
107900215,74,194,-120
107900216,123,28,95
107900217,24,52,-28
107900218,11,886,-875
107900219,25,44,-19
107900220,139,192,-53
107900221,79,112,-33
107900223,91,230,-139
107900224,62,236,-174
107900225,8,312,-304
107900226,84,49,35
107900227,90,214,-124
107900228,17,60,-43
107900229,1,114,-113
107900230,23,24,-1
107900231,20,108,-88
107900232,77,104,-27
107900233,10,67,-57
107900234,77,56,21
107900235,32,79,-47
107900236,84,32,52
107900237,35,196,-161
107900238,38,68,-30
107900239,483,351,132
107900240,23,55,-32
107900241,10,37,-27
107900242,26,106,-80
107900243,0,48,-48
107900244,269,5,264
107900245,602,53,549
107900246,195,13,182
107900248,206,150,56
107900249,548,10,538
107900250,1,265,-264
107900251,48,763,-715
107900252,683,33,650
107900253,147,2,145
107900254,27,137,-110
107900255,139,60,79
107900256,488,733,-245
107900257,142,85,57
107900258,71,163,-92
107900259,56,1588,-1532
107900261,2,179,-177
107900262,29,58,-29
107900264,227,6,221
107900265,63,98,-35
107900267,211,26,185
107900268,12,2,10
107900269,0,5,-5
107900270,0,0,0
107900271,3,29,-26
107900272,87,20,67
107900273,32,84,-52
107900274,121,0,121
107900275,24,0,24
107900276,0,85,-85
107900277,0,79,-79
107900278,258,281,-23
107900279,44,136,-92
107900280,1624,1088,536
107900281,591,2200,-1609
107900282,30,374,-344
107900283,642,493,149
107900284,434,428,6
107900285,80,32,48
107900286,83,49,34
107900287,113,122,-9
107900290,0,103,-103
107900291,442,31,411
107900292,139,96,43
107900293,81,268,-187
107900295,45,29,16
107900297,2,172,-170
107900298,506,490,16
107900299,1488,1729,-241
107900300,18,103,-85
107900301,418,536,-118
107900302,72,39,33
107900303,173,230,-57
107900304,306,198,108
107900305,226,4,222
107900306,12,30,-18
107900307,33,194,-161
107900308,130,102,28
107900309,63,1,62
107900310,154,0,154
107900311,4,165,-161
107900312,37,0,37
107900313,0,92,-92
107900314,1,32,-31
107900315,0,36,-36
107900316,24,0,24
107900317,59,5,54
107900318,7,97,-90
107900319,3,98,-95
107900320,4,68,-64
107900321,97,2,95
107900322,0,63,-63
107900323,8,93,-85
107900324,137,2,135
107900325,105,0,105
107900326,288,147,141
107900327,1,58,-57
107900328,39,0,39
107900329,49,53,-4
107900330,6,187,-181
107900331,211,28,183
107900332,235,22,213
107900333,25,11,14
107900334,2,80,-78
107900335,56,19,37
107900336,18,52,-34
107900337,627,560,67
107900338,3,132,-129
107900339,0,12,-12
107900340,2,35,-33
107900341,48,0,48
107900342,86,62,24
107900343,28,5,23
107900344,10,21,-11
107900345,92,21,71
107900346,24,1,23
107900347,25,1,24
107900348,4,2,2
107900349,38,4,34
107900350,11,136,-125
107900351,1,112,-111
107900352,1,11,-10
107900353,12,4,8
107900354,10,37,-27
108000001,2458,3029,-571
108000002,1633,1876,-243
108000003,2745,2873,-128
108000004,8351,9934,-1583
108000005,6187,5085,1102
108000006,5300,4841,459
108000007,4213,3339,874
108000008,3252,4030,-778
108000009,3048,3567,-519
108000010,2300,3055,-755
108000011,9271,8928,343
108000012,10902,9685,1217
108000014,717,704,13
108000015,785,230,555
108000016,283,651,-368
108000017,883,349,534
108000018,1506,524,982
108000019,1295,628,667
108000020,1185,387,798
108000021,257,1305,-1048
108000022,340,1013,-673
108000023,1056,157,899
108000024,287,310,-23
108000025,278,234,44
108000026,644,261,383
108000027,595,313,282
108000028,635,151,484
108000029,418,439,-21
108000030,480,140,340
108000031,182,379,-197
108000032,1495,499,996
108000033,662,720,-58
108000034,1445,316,1129
108000035,564,1390,-826
108000036,331,641,-310
108000037,1433,279,1154
108000038,2175,415,1760
108000039,325,1096,-771
108000040,1500,778,722
108000041,484,1388,-904
108000042,236,171,65
108000043,148,138,10
108000044,453,118,335
108000045,262,249,13
108000046,1136,225,911
108000047,370,522,-152
108000048,122,217,-95
108000049,666,232,434
108000050,102,328,-226
108000051,329,90,239
108000052,175,332,-157
108000053,378,165,213
108000054,370,563,-193
108000055,834,442,392
108000056,729,904,-175
108000057,508,937,-429
108000058,1578,3061,-1483
108000059,2214,1331,883
108000060,182,443,-261
108000061,155,214,-59
108000062,731,409,322
108000063,300,315,-15
108000064,201,141,60
108000065,376,324,52
108000066,1037,524,513
108000067,1607,480,1127
108000068,680,337,343
108000069,230,579,-349
108000070,1655,694,961
108000071,545,868,-323
108000072,1539,928,611
108000073,1044,1160,-116
108000074,458,343,115
108000075,255,530,-275
108000076,686,523,163
108000077,516,387,129
108000078,1914,918,996
108000079,617,878,-261
108000080,1132,352,780
108000081,366,825,-459
108000082,677,1155,-478
108000083,1524,720,804
108000084,305,667,-362
108000085,607,334,273
108000086,636,354,282
108000087,112,1518,-1406
108000088,374,88,286
108000089,240,237,3
108000090,174,80,94
108000091,207,305,-98
108000092,137,62,75
108000093,190,273,-83
108000094,522,77,445
108000095,149,187,-38
108000096,270,127,143
108000097,118,228,-110
108000098,1342,879,463
108000099,653,183,470
108000100,108,255,-147
108000101,1096,1194,-98
108000102,1355,2447,-1092
108000106,649,3,646
108000107,1,636,-635
108000108,685,41,644
108000109,1,655,-654
108000110,171,238,-67
108000111,134,325,-191
108000112,40,126,-86
108000113,400,165,235
108000115,245,148,97
108000117,521,223,298
108000118,201,834,-633
108000119,552,222,330
108000120,131,598,-467
108000121,195,269,-74
108000122,470,286,184
108000123,483,146,337
108000124,257,293,-36
108000125,350,168,182
108000126,203,262,-59
108000127,546,189,357
108000128,573,310,263
108000129,293,568,-275
108000130,354,156,198
108000131,717,411,306
108000132,1330,808,522
108000133,655,373,282
108000134,390,337,53
108000135,862,350,512
108000136,202,504,-302
108000137,372,206,166
108000138,396,535,-139
108000139,494,230,264
108000140,122,13,109
108000141,29,52,-23
108000142,63,43,20
108000143,34,122,-88
108000144,210,25,185
108000145,44,5,39
108000146,348,26,322
108000147,32,12,20
108000148,273,43,230
108000149,18,3,15
108000150,27,10,17
108000151,111,65,46
108000152,78,316,-238
108000153,492,89,403
108000154,42,1,41
108000155,33,23,10
108000156,419,198,221
108000157,105,750,-645
108000158,71,581,-510
108000159,353,177,176
108000160,1646,963,683
108000161,1361,2028,-667
108000165,4,125,-121
108000172,1,183,-182
108000173,1058,1694,-636
108000175,531,99,432
108000178,274,196,78
108000179,135,706,-571
108000181,72,14,58
108000182,130,36,94
108000183,48,271,-223
108000184,675,1669,-994
108000185,192,182,10
108000186,228,176,52
108000187,92,246,-154
108000188,530,134,396
108000189,722,4078,-3356
108000190,22,91,-69
108000192,153,410,-257
108000193,542,18,524
108000194,25,8,17
108000195,1,563,-562
108000196,88,90,-2
108000198,541,168,373
108000199,0,195,-195
108000200,315,285,30
108000203,85,298,-213
108000204,114,44,70
108000205,123,168,-45
108000339,778,303,475
108000364,171,381,-210
108000365,49,227,-178
108000367,237,262,-25
108000368,10,36,-26
108000369,414,145,269
108000371,3,560,-557
108000372,598,8,590
108000373,214,165,49
108000376,75,25,50
108000377,433,164,269
108000378,7234,7986,-752
108000379,19,144,-125
108000381,64,10,54
108000382,110,1,109
108000383,0,135,-135
108900001,60,625,-565
108900002,114,27,87
108900003,179,391,-212
108900004,917,304,613
108900005,16,141,-125
108900006,282,62,220
108900007,292,132,160
108900008,113,105,8
108900009,73,94,-21
108900010,205,128,77
108900011,526,247,279
108900012,282,282,0
108900013,140,148,-8
108900014,10,90,-80
108900015,2,118,-116
108900016,2,188,-186
108900017,151,297,-146
108900018,100,189,-89
108900019,28,295,-267
108900020,33,99,-66
108900021,112,106,6
108900022,101,2,99
108900023,15,28,-13
108900024,46,52,-6
108900025,118,74,44
108900026,7,76,-69
108900027,0,22,-22
108900028,60,191,-131
108900029,61,189,-128
108900030,0,49,-49
108900031,96,196,-100
108900032,7,98,-91
108900033,0,64,-64
108900034,0,94,-94
108900035,251,704,-453
108900036,82,74,8
108900037,21,71,-50
108900038,1,201,-200
108900039,0,220,-220
108900040,7,70,-63
108900041,2847,2343,504
108900042,6,316,-310
108900043,39,226,-187
108900044,0,233,-233
108900045,55,297,-242
108900046,33,300,-267
108900047,0,129,-129
108900048,103,500,-397
108900049,1464,1052,412
108900050,0,125,-125
108900051,0,103,-103
108900052,41,138,-97
108900053,52,156,-104
108900054,55,117,-62
108900055,40,207,-167
108900056,0,94,-94
108900057,0,93,-93
108900058,37,187,-150
108900059,361,41,320
108900060,79,85,-6
108900061,66,21,45
108900062,1,145,-144
108900063,13,151,-138
108900064,217,12,205
108900065,11,111,-100
108900066,320,85,235
108900067,21,109,-88
108900068,5,90,-85
108900069,63,37,26
108900070,25,39,-14
108900071,83,45,38
108900072,1076,341,735
108900073,21,177,-156
108900074,175,180,-5
108900075,43,26,17
108900076,238,39,199
108900077,108,244,-136
108900078,40,64,-24
108900079,555,113,442
108900080,17,588,-571
108900081,47,130,-83
108900082,69,68,1
108900083,12,199,-187
108900084,115,43,72
108900085,1220,90,1130
108900086,106,138,-32
108900087,91,95,-4
108900088,769,303,466
108900089,13,106,-93
108900090,44,163,-119
108900091,130,30,100
108900092,419,208,211
108900093,72,64,8
108900094,159,50,109
108900095,15,168,-153
108900096,249,7,242
108900097,274,129,145
108900098,1108,543,565
108900099,314,108,206
108900100,67,81,-14
108900101,137,202,-65
108900102,47,703,-656
108900103,84,133,-49
108900104,29,94,-65
108900105,6,1025,-1019
108900106,438,126,312
108900108,261,33,228
108900109,281,68,213
108900110,187,210,-23
108900111,411,236,175
108900112,106,6,100
108900113,29,60,-31
108900114,56,9,47
108900115,40,58,-18
108900116,44,10,34
108900117,160,8,152
108900118,545,10,535
108900119,267,16,251
108900120,211,124,87
108900121,240,105,135
108900122,143,15,128
108900123,129,109,20
108900124,435,134,301
108900125,364,6,358
108900126,92,24,68
108900127,155,18,137
108900128,125,36,89
108900129,635,157,478
108900130,306,0,306
108900131,325,0,325
108900132,453,43,410
108900133,209,72,137
108900134,327,132,195
108900135,134,10,124
108900136,22,1,21
108900137,135,1,134
108900138,678,73,605
108900139,198,24,174
108900140,350,117,233
108900141,306,18,288
108900142,96,7,89
108900143,86,1,85
108900144,67,4,63
108900145,198,13,185
108900146,63,0,63
108900147,280,1,279
108900148,57,23,34
108900149,189,62,127
108900150,224,7,217
108900151,153,8,145
108900152,188,11,177
108900153,214,225,-11
108900154,3462,236,3226
108900155,112,28,84
108900156,79,14,65
108900157,57,400,-343
108900158,296,11,285
108900159,1,138,-137
108900160,10,167,-157
108900161,5,233,-228
108900162,119,3,116
108900163,8,209,-201
108900164,34,48,-14
108900165,55,14,41
108900167,371,2495,-2124
108900168,4124,1954,2170
108900169,65,70,-5
108900171,2522,2047,475
108900172,155,23,132
108900173,83,218,-135
108900174,794,416,378
108900176,111,244,-133
108900177,2655,4249,-1594
108900178,2000,2647,-647
108900179,151,592,-441
108900180,99,209,-110
108900182,13,124,-111
108900183,96,165,-69
108900184,322,136,186
108900185,48,178,-130
108900186,53,194,-141
108900187,154,13,141
108900188,238,22,216
108900189,285,103,182
108900190,30,1405,-1375
108900191,59,11,48
108900192,54,164,-110
108900193,59,19,40
108900194,4,115,-111
108900195,78,131,-53
108900196,10,155,-145
108900198,0,103,-103
108900199,205,224,-19
108900200,390,297,93
108900201,281,797,-516
108900203,351,110,241
108900204,241,19,222
108900205,136,35,101
108900206,307,52,255
108900207,136,85,51
108900208,12,189,-177
108900209,212,334,-122
108900210,110,108,2
108900211,169,431,-262
108900212,368,1054,-686
108900215,70,255,-185
108900216,340,216,124
108900217,96,0,96
108900218,73,18,55
108900219,29,3,26
108900220,16,17,-1
108900221,50,153,-103
108900222,73,2,71
108900223,0,33,-33
108900224,28,121,-93
108900225,0,150,-150
108900227,84,208,-124
108900230,129,121,8
108900231,10,54,-44
108900232,1,138,-137
108900233,276,92,184
108900234,262,108,154
108900235,107,371,-264
108900236,42,169,-127
108900237,24,40,-16
108900240,113,99,14
108900241,29,33,-4
108900245,12,1010,-998
108900249,43,15,28
108900250,248,64,184
108900257,87,102,-15
108900258,6,128,-122
108900259,33,46,-13
108900260,13,48,-35
108900261,59,75,-16
108900262,70,83,-13
108900263,36,85,-49
108900264,391,212,179
108900265,401,313,88
108900266,444,533,-89
108900267,2,133,-131
108900268,12,20,-8
108900269,95,12,83
108900270,63,8,55
108900271,37,13,24
108900272,216,6,210
108900273,507,614,-107
108900274,60,40,20
109000001,2069,1406,663
109000002,1101,1613,-512
109000003,2170,370,1800
109000004,448,1605,-1157
109000005,2061,567,1494
109000006,637,1527,-890
109000007,1417,462,955
109000008,397,1168,-771
109000009,2838,938,1900
109000010,1056,2349,-1293
109000011,2691,1577,1114
109000012,1387,2002,-615
109000013,2666,2168,498
109000014,1351,1890,-539
109000015,3020,6007,-2987
109000016,3821,2391,1430
109000017,1956,1066,890
109000018,750,1909,-1159
109000019,2112,1151,961
109000020,890,1185,-295
109000023,244,37,207
109000024,17,166,-149
109000025,256,348,-92
109000026,491,223,268
109000027,109,243,-134
109000028,96,57,39
109000029,78,132,-54
109000030,73,397,-324
109000031,147,129,18
109000032,117,329,-212
109000033,223,190,33
109000034,58,29,29
109000035,8,65,-57
109000036,55,231,-176
109000037,217,995,-778
109000038,263,230,33
109000039,677,571,106
109000040,2553,6710,-4157
109000041,1465,1363,102
109000042,417,803,-386
109000044,305,63,242
109000045,85,233,-148
109000046,348,81,267
109000047,73,273,-200
109000048,606,181,425
109000049,184,381,-197
109000050,253,201,52
109000051,206,162,44
109000052,383,435,-52
109000053,163,30,133
109000054,58,210,-152
109000055,133,130,3
109000056,321,173,148
109000057,443,353,90
109000058,576,121,455
109000059,579,1091,-512
109000060,335,281,54
109000061,576,769,-193
109000062,73,269,-196
109000063,167,104,63
109000064,189,111,78
109000065,131,106,25
109000066,268,45,223
109000067,53,179,-126
109000068,2142,8,2134
109000069,711,14,697
109000070,7,1397,-1390
109000071,298,53,245
109000072,78,218,-140
109000073,52,61,-9
109000074,35,100,-65
109000075,53,252,-199
109000076,71,186,-115
109000077,261,156,105
109000078,90,126,-36
109000079,153,83,70
109000080,186,82,104
109000081,123,308,-185
109000082,592,124,468
109000083,248,379,-131
109000088,89,304,-215
109000089,184,44,140
109000090,95,264,-169
109000091,255,163,92
109000092,213,252,-39
109000093,192,139,53
109000094,501,1,500
109000095,91,197,-106
109000096,600,196,404
109000097,71,86,-15
109000098,56,129,-73
109000099,828,250,578
109000100,252,465,-213
109000101,1292,456,836
109000102,262,531,-269
109000103,354,401,-47
109000104,1430,437,993
109000105,356,660,-304
109000106,1539,576,963
109000107,446,1042,-596
109000108,1478,415,1063
109000109,399,1012,-613
109000110,933,488,445
109000111,729,1127,-398
109000112,290,55,235
109000113,354,127,227
109000114,116,211,-95
109000115,949,72,877
109000116,10,142,-132
109000117,185,60,125
109000118,12,188,-176
109000119,973,146,827
109000120,137,370,-233
109000121,452,42,410
109000122,107,343,-236
109000123,34,37,-3
109000124,520,303,217
109000125,657,253,404
109000126,311,416,-105
109000127,784,160,624
109000128,363,747,-384
109000129,1782,616,1166
109000130,352,836,-484
109000131,652,417,235
109000132,507,952,-445
109000133,280,655,-375
109000134,621,931,-310
109000135,770,1107,-337
109000136,226,215,11
109000137,234,245,-11
109000138,338,161,177
109000139,384,258,126
109000140,142,175,-33
109000141,392,320,72
109000142,153,350,-197
109000143,94,60,34
109000145,93,262,-169
109000146,53,62,-9
109000148,1911,1063,848
109000149,23,61,-38
109000150,44,199,-155
109000155,656,441,215
109000156,771,397,374
109000158,60,166,-106
109000159,70,272,-202
109000160,780,129,651
109000161,268,570,-302
109000162,1465,415,1050
109000163,838,925,-87
109000164,1131,1607,-476
109000165,1062,274,788
109000166,602,68,534
109000167,78,331,-253
109000170,31,20,11
109000171,51,43,8
109000172,38,38,0
109000173,18,87,-69
109000174,73,38,35
109000175,44,48,-4
109000176,224,146,78
109000177,33,58,-25
109000178,570,229,341
109000179,2564,3448,-884
109000180,2892,2469,423
109000181,4,9,-5
109000182,35,22,13
109000183,37,23,14
109000184,36,13,23
109000185,24,10,14
109000188,376,1000,-624
109000189,1656,617,1039
109000190,408,281,127
109000191,301,293,8
109000192,349,116,233
109000193,135,146,-11
109000194,207,66,141
109000195,115,178,-63
109000196,263,61,202
109000197,166,173,-7
109000198,276,50,226
109000199,116,231,-115
109000206,179,20,159
109000207,86,23,63
109000208,74,51,23
109000209,132,105,27
109000210,160,310,-150
109000211,499,299,200
109000214,282,193,89
109000215,95,61,34
109000216,227,220,7
109000217,87,88,-1
109000218,205,119,86
109000221,386,531,-145
109000222,723,241,482
109000223,219,219,0
109000224,35,88,-53
109000225,68,16,52
109000226,48,111,-63
109000227,791,489,302
109000228,2,1372,-1370
109000231,0,158,-158
109000232,321,166,155
109000236,254,504,-250
109000241,1615,1144,471
109000242,1422,841,581
109000293,17,60,-43
109000361,58,161,-103
109000364,105,289,-184
109000396,1,324,-323
109000397,534,12,522
109000399,81,277,-196
109000400,64,158,-94
109000403,88,679,-591
109000406,270,7,263
109000407,257,157,100
109000408,0,252,-252
109000410,805,228,577
109000411,209,34,175
109900001,93,0,93
109900002,515,15,500
109900003,235,0,235
109900004,541,68,473
109900005,25,3,22
109900006,268,101,167
109900007,801,258,543
109900008,0,17,-17
109900009,77,261,-184
109900010,472,14,458
109900011,101,50,51
109900012,166,138,28
109900013,285,101,184
109900014,337,61,276
109900015,313,156,157
109900016,87,7,80
109900017,138,177,-39
109900018,174,35,139
109900019,205,12,193
109900020,58,41,17
109900021,48,17,31
109900022,114,123,-9
109900023,23,2,21
109900024,31,3,28
109900025,14,32,-18
109900026,1,118,-117
109900027,37,30,7
109900028,538,754,-216
109900029,2,119,-117
109900030,58,4,54
109900031,0,69,-69
109900032,13,171,-158
109900033,3,347,-344
109900034,43,5,38
109900035,11,13,-2
109900036,7,29,-22
109900037,18,288,-270
109900038,122,169,-47
109900039,9,1,8
109900040,31,283,-252
109900041,36,195,-159
109900042,17,329,-312
109900044,53,133,-80
109900045,186,100,86
109900046,32,45,-13
109900047,153,183,-30
109900048,4,65,-61
109900049,10,26,-16
109900050,0,64,-64
109900051,0,38,-38
109900052,45,159,-114
109900053,1,119,-118
109900054,532,153,379
109900055,54,158,-104
109900056,17,129,-112
109900057,5,66,-61
109900058,1,53,-52
109900059,635,99,536
109900060,371,70,301
109900061,43,134,-91
109900062,0,90,-90
109900063,14,340,-326
109900064,413,129,284
109900065,35,94,-59
109900066,193,388,-195
109900067,0,141,-141
109900068,51,6,45
109900069,0,27,-27
109900070,17,156,-139
109900071,5,22,-17
109900072,24,108,-84
109900073,276,235,41
109900074,7,25,-18
109900075,20,26,-6
109900076,11,130,-119
109900077,43,32,11
109900078,71,122,-51
109900080,89,173,-84
109900081,29,145,-116
109900082,35,176,-141
109900083,14,44,-30
109900084,35,75,-40
109900085,138,336,-198
109900086,96,283,-187
109900087,218,294,-76
109900089,474,158,316
109900090,342,588,-246
109900091,360,57,303
109900092,249,17,232
109900093,760,108,652
109900094,55,55,0
109900095,62,119,-57
109900096,22,10,12
109900097,82,0,82
109900098,351,19,332
109900099,168,0,168
109900100,54,2,52
109900101,427,5,422
109900102,376,20,356
109900103,39,35,4
109900104,566,417,149
109900105,416,11,405
109900106,268,32,236
109900107,431,51,380
109900108,69,177,-108
109900109,44,85,-41
109900110,73,186,-113
109900111,198,404,-206
109900112,240,265,-25
109900113,633,414,219
109900114,411,1030,-619
109900115,93,62,31
109900117,783,70,713
109900118,136,247,-111
109900119,387,240,147
109900120,68,33,35
109900121,246,413,-167
109900122,327,4,323
109900123,10,84,-74
109900124,25,173,-148
109900125,0,68,-68
109900126,185,73,112
109900128,243,40,203
109900130,3132,1468,1664
109900131,25,110,-85
109900132,31,64,-33
109900133,77,154,-77
109900134,46,65,-19
109900135,229,47,182
109900136,22,94,-72
109900137,137,171,-34
109900140,125,107,18
109900142,1010,195,815
109900145,7,448,-441
109900146,277,30,247
109900148,33,56,-23
109900149,27,57,-30
109900150,7,63,-56
109900151,0,52,-52
109900152,0,24,-24
109900153,2,37,-35
109900154,31,0,31
109900155,72,19,53
109900157,50,146,-96
109900158,34,107,-73
109900159,109,31,78
109900160,116,43,73
109900161,184,44,140
109900162,170,76,94
109900163,413,148,265
109900164,76,178,-102
109900165,177,2,175
109900166,1,83,-82
109900167,126,259,-133
109900168,143,355,-212
109900169,186,133,53
109900170,163,659,-496
109900171,167,56,111
109900172,145,149,-4
109900173,1542,1833,-291
109900174,35,74,-39
109900175,47,42,5
109900176,63,63,0
109900177,17,116,-99
109900178,8,89,-81
109900179,26,13,13
109900180,5,11,-6
110000001,683,408,275
110000002,459,538,-79
110000003,593,586,7
110000004,351,510,-159
110000005,292,1157,-865
110000006,193,227,-34
110000007,94,56,38
110000008,15,52,-37
110000009,43,13,30
110000010,34,52,-18
110000011,48,33,15
110000012,380,197,183
110000013,23,408,-385
110000014,377,289,88
110000015,152,362,-210
110000016,180,1058,-878
110000017,1693,182,1511
110000018,1388,235,1153
110000019,5,59,-54
110000020,434,168,266
110000021,172,283,-111
110000022,442,81,361
110000023,6,91,-85
110000024,445,291,154
110000025,282,5,277
110000026,3,164,-161
110000027,428,816,-388
110000028,657,386,271
110000029,386,502,-116
110000030,197,197,0
110000031,228,323,-95
110000032,623,272,351
110000033,267,88,179
110000034,280,400,-120
110000035,600,298,302
110000036,570,359,211
110000037,176,243,-67
110000038,155,399,-244
110000039,547,1956,-1409
110000040,190,174,16
110000041,219,1018,-799
110000042,68,207,-139
110000043,451,204,247
110000044,45,222,-177
110000045,189,58,131
110000046,11,20,-9
110000047,17,16,1
110000048,11,20,-9
110000049,27,9,18
110000050,7,30,-23
110000051,28,7,21
110000052,23,26,-3
110000053,34,12,22
110000054,142,293,-151
110000055,248,73,175
110000056,130,102,28
110000057,265,357,-92
110000058,818,293,525
110000059,792,387,405
110000060,586,641,-55
110000061,611,595,16
110000062,472,658,-186
110000063,23,82,-59
110000064,59,34,25
110000065,56,40,16
110000066,74,27,47
110000067,64,96,-32
110000068,256,82,174
110000069,193,60,133
110000071,105,55,50
110000073,5,6,-1
110000075,9,32,-23
110000076,178,154,24
110000077,218,448,-230
110000078,11,27,-16
110000080,228,412,-184
110000081,33,152,-119
110000082,53,251,-198
110000083,187,386,-199
110000084,907,732,175
110000085,1077,1112,-35
110000086,1034,1791,-757
110000087,9,41,-32
110000088,67,123,-56
110000089,191,67,124
110000090,51,110,-59
110000091,604,162,442
110000092,11,36,-25
110000093,56,13,43
110000094,392,119,273
110000095,149,396,-247
110000096,1164,1342,-178
110000097,996,995,1
110000098,1693,496,1197
110000099,561,1076,-515
110000100,723,205,518
110000101,26,156,-130
110000102,65,29,36
110000104,257,113,144
110000105,76,160,-84
110000106,617,326,291
110000107,195,271,-76
110000108,100,74,26
110000109,223,185,38
110000110,1628,3343,-1715
110000111,3258,2036,1222
110000112,614,846,-232
110000113,188,1555,-1367
110000114,144,442,-298
110000115,280,162,118
110000116,30,27,3
110000117,142,132,10
110000118,310,74,236
110000119,164,165,-1
110000120,200,79,121
110000121,36,214,-178
110000122,291,378,-87
110000123,413,469,-56
110000124,3,560,-557
110000125,894,2,892
110000126,254,17,237
110000127,946,51,895
110000128,26,827,-801
110000129,2,298,-296
110000130,276,163,113
110000131,49,190,-141
110000132,3,353,-350
110000133,29,279,-250
110000134,16,254,-238
110000135,131,25,106
110000136,70,174,-104
110000137,410,399,11
110000138,682,415,267
110000139,757,606,151
110000140,763,563,200
110000143,420,226,194
110000144,3666,1497,2169
110000145,1142,1077,65
110000146,866,456,410
110000147,313,399,-86
110000148,391,151,240
110000151,639,786,-147
110000152,536,367,169
110000153,92,23,69
110000154,15,14,1
110000155,956,3093,-2137
110000156,711,1781,-1070
110000157,777,1753,-976
110000160,271,142,129
110000161,158,137,21
110000166,404,73,331
110000167,787,399,388
110000168,708,395,313
110000169,797,308,489
110000170,86,48,38
110000171,501,103,398
110000172,91,517,-426
110000173,770,609,161
110000174,112,390,-278
110000175,550,31,519
110000176,42,275,-233
110000177,159,613,-454
110000178,254,1083,-829
110000179,644,245,399
110000180,179,159,20
110000181,365,252,113
110000182,217,79,138
110000183,4490,4286,204
110000184,178,1502,-1324
110000185,511,489,22
110000186,580,436,144
110000191,938,178,760
110000192,540,12,528
110000193,955,7,948
110000194,10,579,-569
110000195,387,128,259
110000196,287,160,127
110000197,118,77,41
110000198,92,68,24
110000199,35,89,-54
110000200,826,364,462
110000201,621,751,-130
110000202,974,546,428
110000203,482,411,71
110000204,4,116,-112
110000205,112,38,74
110000206,352,569,-217
110000207,788,270,518
110000208,152,168,-16
110000209,84,482,-398
110000210,1127,260,867
110000211,589,404,185
110000212,300,664,-364
110000213,204,39,165
110000214,212,69,143
110000215,143,180,-37
110000216,63,148,-85
110000217,316,72,244
110000218,127,162,-35
110000219,247,41,206
110000220,52,128,-76
110000221,280,49,231
110000222,75,114,-39
110000223,6,102,-96
110000224,29,6,23
110000225,182,438,-256
110000226,214,24,190
110000227,388,438,-50
110000228,191,59,132
110000229,0,136,-136
110000230,348,403,-55
110000231,149,131,18
110000232,132,141,-9
110000233,146,128,18
110000234,395,386,9
110000235,674,678,-4
110000236,454,386,68
110000237,1414,852,562
110000238,859,1029,-170
110000239,1380,843,537
110000240,2,24,-22
110000242,0,4,-4
110000243,99,81,18
110000244,71,215,-144
110000245,37,229,-192
110000246,465,308,157
110000247,748,3789,-3041
110000248,1347,1152,195
110000249,61,7,54
110000250,21,147,-126
110000251,242,383,-141
110000252,160,119,41
110000253,1111,612,499
110000254,467,646,-179
110000255,142,558,-416
110000256,295,179,116
110000257,454,281,173
110000258,2,260,-258
110000259,94,11,83
110000260,8,131,-123
110000263,339,92,247
110000264,234,229,5
110000265,740,1026,-286
110000266,1123,1820,-697
110000267,34,127,-93
110000268,228,315,-87
110000269,2,53,-51
110000270,51,1,50
110000271,774,155,619
110000272,874,723,151
110000273,1822,1028,794
110000274,97,987,-890
110000275,1090,367,723
110000276,167,186,-19
110000277,247,158,89
110000278,201,395,-194
110000279,634,477,157
110000280,326,260,66
110000281,43,173,-130
110000282,167,20,147
110000283,36,50,-14
110000284,18,20,-2
110000285,1,390,-389
110000286,9,0,9
110000287,73,0,73
110000288,3,57,-54
110000289,279,1396,-1117
110000290,571,399,172
110000291,3127,933,2194
110000292,947,3473,-2526
110000293,537,383,154
110000294,834,648,186
110000295,141,536,-395
110000296,343,213,130
110000297,1751,263,1488
110000298,179,391,-212
110000299,218,80,138
110000301,218,25,193
110000302,350,473,-123
110000303,275,6,269
110000304,118,114,4
110000305,962,12,950
110000306,144,717,-573
110000307,1351,4,1347
110000308,403,5,398
110000309,1,412,-411
110000310,538,30,508
110000311,13,391,-378
110000312,371,97,274
110000313,1713,2729,-1016
110000314,1,174,-173
110000315,1863,1995,-132
110000316,361,955,-594
110000317,205,313,-108
110000318,3,41,-38
110000319,11,12,-1
110000320,34,21,13
110000321,19,28,-9
110000322,225,191,34
110000323,304,92,212
110000324,1893,1414,479
110000325,1452,2004,-552
110000327,277,202,75
110000328,117,201,-84
110000333,545,483,62
110000334,448,785,-337
110000335,493,268,225
110000336,540,672,-132
110000337,1031,395,636
110000338,372,115,257
110000339,213,130,83
110000340,28,109,-81
110000341,344,330,14
110000342,190,1,189
110000343,1,5,-4
110000344,22,75,-53
110000345,43,99,-56
110000346,1404,1429,-25
110000347,819,439,380
110000348,21,13,8
110000349,8,14,-6
110000350,47,10,37
110000351,724,446,278
110000352,605,1001,-396
110000353,1573,447,1126
110000354,838,2016,-1178
110000355,95,55,40
110000356,375,7,368
110000357,228,15,213
110000361,33,32,1
110000362,52,17,35
110000363,416,70,346
110000364,203,187,16
110000365,94,2,92
110000366,0,91,-91
110000367,232,136,96
110000368,7,48,-41
110000369,30,1,29
110000373,1,156,-155
110000374,91,19,72
110000375,69,554,-485
110000376,39,43,-4
110000377,60,291,-231
110000378,23,222,-199
110000379,1517,1342,175
110000380,57,8,49
110000383,2,737,-735
110000384,947,484,463
110000385,2,95,-93
110000387,86,4,82
110000388,36,176,-140
110000389,794,9,785
110000391,558,205,353
110000396,126,95,31
110000397,137,66,71
110000398,1,11,-10
110000399,107,0,107
110000587,82,17,65
110000589,162,108,54
110000640,151,51,100
110000652,10,161,-151
110000653,227,242,-15
110000654,124,611,-487
110000656,2,344,-342
110000674,29,6,23
110000675,6,9,-3
110000676,0,23,-23
110000679,208,907,-699
110000682,85,118,-33
110000683,184,333,-149
110000684,2,7,-5
110000685,5,7,-2
110000686,1,19,-18
110000687,18,4,14
110000688,41,625,-584
110000689,38,18,20
110000692,35,84,-49
110000693,27,223,-196
110000694,0,97,-97
110000695,97,281,-184
110000696,69,45,24
110900001,239,17,222
110900002,210,95,115
110900003,683,256,427
110900004,356,97,259
110900005,1279,1696,-417
110900006,46,14,32
110900007,95,33,62
110900008,11,47,-36
110900009,297,137,160
110900010,13,40,-27
110900011,18,48,-30
110900012,10,34,-24
110900013,778,60,718
110900014,138,6,132
110900015,278,473,-195
110900016,47,84,-37
110900017,318,27,291
110900018,346,44,302
110900019,123,25,98
110900020,77,124,-47
110900021,58,282,-224
110900022,62,164,-102
110900023,50,257,-207
110900024,23,166,-143
110900025,5,43,-38
110900027,60,118,-58
110900028,25,57,-32
110900029,10,153,-143
110900030,29,107,-78
110900031,2,71,-69
110900032,1,58,-57
110900033,16,99,-83
110900035,9,357,-348
110900036,42,10,32
110900037,70,14,56
110900038,430,118,312
110900039,3,170,-167
110900040,127,20,107
110900041,5,62,-57
110900042,141,42,99
110900043,0,50,-50
110900044,142,10,132
110900045,55,202,-147
110900046,13,86,-73
110900047,287,183,104
110900049,49,53,-4
110900050,19,3,16
110900051,20,142,-122
110900052,1,86,-85
110900053,51,23,28
110900054,10,83,-73
110900055,18,0,18
110900056,37,73,-36
110900057,5,48,-43
110900058,169,94,75
110900059,427,285,142
110900060,353,74,279
110900061,24,32,-8
110900062,92,126,-34
110900063,32,46,-14
110900064,7,0,7
110900065,177,125,52
110900066,1,30,-29
110900067,179,437,-258
110900068,195,165,30
110900069,1,9,-8
110900070,88,38,50
110900071,186,445,-259
110900073,0,23,-23
110900074,252,54,198
110900075,260,69,191
110900077,587,420,167
110900078,23,11,12
110900079,1218,987,231
110900080,84,55,29
110900081,4,18,-14
110900082,119,68,51
110900083,92,25,67
110900084,50,34,16
110900085,39,154,-115
110900086,54,256,-202
110900087,222,37,185
110900088,8,0,8
110900090,31,47,-16
110900091,1,47,-46
110900093,158,68,90
110900095,39,23,16
110900097,1,9,-8
110900098,23,38,-15
110900099,20,225,-205
110900100,0,6,-6
110900102,32,8,24
110900105,358,145,213
110900108,7,20,-13
110900111,206,72,134
110900112,597,2,595
110900113,360,42,318
110900115,8,29,-21
110900116,609,826,-217
110900118,51,2146,-2095
110900119,1526,159,1367
110900120,8,39,-31
110900121,120,1,119
110900122,415,159,256
110900125,287,285,2
110900127,389,1076,-687
110900128,215,265,-50
110900129,230,717,-487
110900130,649,476,173
110900131,147,20,127
110900132,239,25,214
110900133,69,80,-11
110900135,27,156,-129
110900136,200,8,192
110900139,1,0,1
110900140,2,0,2
110900141,215,226,-11
110900142,40,82,-42
110900143,121,48,73
110900144,1,392,-391
110900145,134,36,98
110900146,193,141,52
110900147,122,267,-145
110900148,1,209,-208
110900149,3,30,-27
110900150,17,9,8
110900151,1,39,-38
110900152,24,136,-112
110900153,135,45,90
111000001,504,383,121
111000002,624,431,193
111000003,1045,521,524
111000004,281,638,-357
111000005,811,852,-41
111000006,688,1154,-466
111000007,3119,2240,879
111000008,1358,1940,-582
111000009,327,579,-252
111000010,577,205,372
111000011,178,696,-518
111000012,391,319,72
111000013,291,642,-351
111000014,799,341,458
111000017,73,651,-578
111000018,160,243,-83
111000020,452,1678,-1226
111000021,80,92,-12
111000023,67,79,-12
111000025,2478,2314,164
111000029,58,91,-33
111000030,24,60,-36
111000031,1429,689,740
111000032,352,272,80
111000033,226,245,-19
111000034,74,181,-107
111000037,986,478,508
111000038,2137,1301,836
111000039,1239,1350,-111
111000040,1226,1247,-21
111000041,1059,903,156
111000042,1718,1588,130
111000043,1485,2394,-909
111000044,1473,845,628
111000045,1841,1796,45
111000046,1253,1336,-83
111000047,1865,2642,-777
111000049,304,296,8
111000050,959,814,145
111000051,277,609,-332
111000052,394,1078,-684
111000053,224,524,-300
111000054,303,459,-156
111000055,940,1049,-109
111000056,131,274,-143
111000057,107,288,-181
111000058,364,50,314
111000059,348,255,93
111000060,3016,717,2299
111000061,397,253,144
111000062,595,246,349
111000063,1220,707,513
111000064,595,374,221
111000065,869,550,319
111000066,388,213,175
111000067,385,489,-104
111000068,463,681,-218
111000069,1167,1224,-57
111000070,883,702,181
111000071,208,332,-124
111000072,1005,445,560
111000073,314,661,-347
111000074,1235,1178,57
111000075,830,414,416
111000076,410,379,31
111000077,1225,1256,-31
111000078,1960,1052,908
111000079,1071,535,536
111000080,477,420,57
111000081,1195,2704,-1509
111000082,722,439,283
111000084,810,399,411
111000085,770,892,-122
111000086,1655,671,984
111000087,611,397,214
111000088,2851,1537,1314
111000089,615,527,88
111000090,636,1052,-416
111000091,616,258,358
111000092,1098,656,442
111000093,494,813,-319
111000094,1355,743,612
111000095,454,1513,-1059
111000096,1039,5462,-4423
111000097,2693,1106,1587
111000098,705,796,-91
111000099,452,1051,-599
111000100,306,850,-544
111000101,301,559,-258
111000102,213,284,-71
111000104,451,117,334
111000107,71,366,-295
111000109,382,129,253
111000110,991,463,528
111000111,1704,350,1354
111000112,1534,403,1131
111000113,805,1008,-203
111000114,1490,2388,-898
111000115,3658,845,2813
111000116,698,549,149
111000117,313,618,-305
111000118,996,509,487
111000119,957,669,288
111000120,365,490,-125
111000121,320,534,-214
111000122,454,624,-170
111000123,938,1477,-539
111000124,369,1355,-986
111000125,267,767,-500
111000126,73,495,-422
111000127,702,105,597
111000128,1465,226,1239
111000129,2011,321,1690
111000130,1673,423,1250
111000131,1393,456,937
111000132,1329,660,669
111000133,135,76,59
111000134,129,62,67
111000135,35,78,-43
111000136,295,228,67
111000138,14,2,12
111000140,1,7,-6
111000141,156,418,-262
111000142,27,139,-112
111000143,9,238,-229
111000144,18,787,-769
111000145,836,28,808
111000146,89,9,80
111000147,241,42,199
111000148,141,92,49
111000149,3,24,-21
111000150,27,11,16
111000151,4,14,-10
111000153,358,490,-132
111000154,478,157,321
111000155,88,141,-53
111000156,346,444,-98
111000157,215,695,-480
111000158,684,453,231
111000159,1780,594,1186
111000160,408,264,144
111000161,23,234,-211
111000162,86,95,-9
111000163,637,556,81
111000164,424,2012,-1588
111000165,643,309,334
111000166,1072,259,813
111000167,137,266,-129
111000168,158,279,-121
111000169,235,426,-191
111000170,323,286,37
111000171,399,370,29
111000172,123,228,-105
111000173,312,508,-196
111000174,212,176,36
111000175,50,174,-124
111000176,236,54,182
111000177,297,137,160
111000178,1031,195,836
111000179,148,108,40
111000180,182,321,-139
111000181,920,155,765
111000182,170,141,29
111000183,172,236,-64
111000184,241,154,87
111000185,292,254,38
111000186,204,124,80
111000187,102,83,19
111000188,170,214,-44
111000189,626,344,282
111000190,134,184,-50
111000191,142,153,-11
111000192,173,332,-159
111000193,194,186,8
111000194,43,235,-192
111000195,100,215,-115
111000196,59,112,-53
111000197,350,84,266
111000198,509,58,451
111000199,158,103,55
111000200,352,206,146
111000201,539,142,397
111000202,337,113,224
111000203,264,153,111
111000204,371,900,-529
111000213,153,365,-212
111000214,1016,854,162
111000215,1010,807,203
111000217,1160,718,442
111000218,924,789,135
111000219,309,134,175
111000220,769,417,352
111000221,418,56,362
111000224,46,186,-140
111000225,321,281,40
111000226,79,4,75
111000227,29,9,20
111000228,16,316,-300
111000229,29,637,-608
111000230,173,206,-33
111000231,800,351,449
111000232,412,480,-68
111000233,756,390,366
111000234,133,298,-165
111000239,62,78,-16
111000240,55,161,-106
111000241,22,172,-150
111000242,145,54,91
111000243,74,300,-226
111000244,412,64,348
111000245,857,252,605
111000246,448,213,235
111000247,303,438,-135
111000248,723,279,444
111000249,370,423,-53
111000250,76,44,32
111000251,20,56,-36
111000253,9,16,-7
111000255,56,6,50
111000257,18,15,3
111000260,63,628,-565
111000261,999,52,947
111000271,41,190,-149
111000273,1896,744,1152
111000274,1093,1740,-647
111000275,102,47,55
111000276,192,888,-696
111000277,219,238,-19
111000278,464,141,323
111000291,609,4340,-3731
111000298,355,145,210
111000299,486,116,370
111000300,68,359,-291
111000302,243,54,189
111000303,77,120,-43
111000312,28,42,-14
111000315,9,82,-73
111000320,183,383,-200
111000321,303,115,188
111000322,283,262,21
111000323,183,21,162
111000324,273,155,118
111000325,23,40,-17
111000326,189,190,-1
111000327,306,224,82
111000328,222,373,-151
111000329,1,22,-21
111000330,43,10,33
111000331,26,6,20
111000332,459,850,-391
111000334,266,680,-414
111000335,649,193,456
111000337,1034,249,785
111000338,29,55,-26
111000339,461,143,318
111000340,101,270,-169
111000341,963,420,543
111000342,139,755,-616
111000344,773,502,271
111000345,157,76,81
111000346,28,147,-119
111000347,118,8,110
111000350,167,86,81
111000351,96,232,-136
111000352,118,53,65
111000353,104,139,-35
111000354,375,77,298
111000355,219,334,-115
111000358,101,523,-422
111000360,149,282,-133
111000361,122,105,17
111000546,430,374,56
111000547,272,208,64
111000548,73,206,-133
111000549,179,143,36
111000550,54,553,-499
111000551,487,102,385
111000552,819,156,663
111000907,457,13,444
111000908,25,0,25
111000916,1342,212,1130
111000917,19,242,-223
111000918,196,373,-177
111000920,466,20,446
111000921,5,111,-106
111000922,300,163,137
111000924,59,379,-320
111000925,2095,1249,846
111000926,831,1000,-169
111000927,2168,3056,-888
111000928,2851,1940,911
111000929,1059,789,270
111000930,560,1350,-790
111000931,1574,1856,-282
111000932,2583,1284,1299
111000933,2628,1764,864
111000934,1227,2054,-827
111000935,1331,660,671
111000936,852,1195,-343
111000937,915,937,-22
111000938,1042,907,135
111000939,460,38,422
111000940,304,72,232
111000941,231,216,15
111000943,338,153,185
111000944,146,152,-6
111000945,75,767,-692
111001109,410,323,87
111001110,125,286,-161
111001111,72,14,58
111001112,118,45,73
111001113,0,111,-111
111001114,553,152,401
111001115,79,501,-422
111001116,2343,2672,-329
111001117,324,1821,-1497
111001120,85,176,-91
111001121,155,149,6
111001122,233,278,-45
111001123,291,83,208
111001124,87,102,-15
111001125,2,142,-140
111900001,8,55,-47
111900002,9,318,-309
111900003,2,149,-147
111900004,24,63,-39
111900006,8,31,-23
111900007,81,2,79
111900008,100,2,98
111900009,142,98,44
111900010,248,294,-46
111900012,42,61,-19
111900013,11,29,-18
111900014,2570,3280,-710
111900015,0,29,-29
111900016,0,52,-52
111900017,0,32,-32
111900018,120,0,120
111900019,3,53,-50
111900020,2,15,-13
111900021,32,59,-27
111900022,7,47,-40
111900023,75,63,12
111900024,10,25,-15
111900025,0,14,-14
111900026,1,27,-26
111900027,1,36,-35
111900028,0,174,-174
111900029,0,18,-18
111900030,12,203,-191
111900031,6,11,-5
111900032,2,200,-198
111900033,3,24,-21
111900034,201,293,-92
111900035,32,105,-73
111900036,0,144,-144
111900038,244,363,-119
111900039,25,209,-184
111900040,0,277,-277
111900042,11,65,-54
111900043,1,136,-135
111900044,192,93,99
111900046,21,76,-55
111900048,175,305,-130
111900049,23,116,-93
111900050,66,28,38
111900051,1,131,-130
111900052,284,225,59
111900053,498,1011,-513
111900054,110,3,107
111900055,14,199,-185
111900056,110,215,-105
111900057,84,20,64
111900058,341,323,18
111900059,881,409,472
111900060,287,2,285
111900061,6,92,-86
111900062,14,48,-34
111900063,298,175,123
111900064,49,103,-54
111900065,84,12,72
111900066,112,113,-1
111900067,1,221,-220
111900068,37,36,1
111900069,64,9,55
111900070,114,59,55
111900071,0,100,-100
111900072,46,12,34
111900073,781,126,655
111900074,14,86,-72
111900075,46,3,43
111900076,155,55,100
111900077,27,0,27
111900078,276,18,258
111900079,23,28,-5
111900080,188,210,-22
111900082,135,26,109
111900083,115,7,108
111900084,71,2,69
111900085,27,109,-82
111900086,39,3,36
111900087,38,0,38
111900088,513,12,501
111900089,63,3,60
111900090,53,25,28
111900091,196,4,192
111900092,58,0,58
111900093,380,5,375
111900094,75,0,75
111900095,143,26,117
111900096,155,1,154
111900097,45,0,45
111900098,206,2,204
111900099,52,0,52
111900100,73,3,70
111900101,74,31,43
111900102,365,261,104
111900103,44,57,-13
111900104,72,37,35
111900105,229,141,88
111900106,458,35,423
111900110,857,300,557
111900111,149,84,65
111900112,263,1857,-1594
111900113,184,64,120
111900118,243,83,160
111900119,243,143,100
111900122,74,52,22
111900123,15,15,0
111900124,12,60,-48
111900125,429,32,397
111900126,228,3,225
111900127,0,379,-379
111900128,6,253,-247
111900129,234,4,230
111900130,163,28,135
111900131,397,2,395
111900132,17,426,-409
111900133,4,190,-186
111900134,2,115,-113
111900135,12,29,-17
111900136,41,114,-73
111900137,42,41,1
111900138,5,41,-36
111900139,19,73,-54
111900140,81,22,59
111900141,47,2,45
111900142,69,30,39
111900143,12,82,-70
111900144,0,42,-42
111900145,1,196,-195
111900146,2,109,-107
111900147,64,203,-139
111900148,19,297,-278
111900149,5,120,-115
111900150,11,85,-74
111900151,4,7,-3
111900152,50,67,-17
111900153,648,380,268
111900154,10,217,-207
111900155,36,68,-32
111900156,57,74,-17
111900157,87,7,80
111900158,359,49,310
111900159,259,25,234
111900160,239,2,237
111900161,159,1,158
111900162,63,114,-51
111900163,26,129,-103
111900164,105,45,60
111901113,390,89,301
111901114,114,167,-53
111901115,88,5,83
111901116,19,2,17
111901117,24,31,-7
111901118,36,172,-136
111901119,399,32,367
111901121,148,110,38
111901122,0,284,-284
111901123,174,177,-3
111901124,179,2,177
111901125,357,176,181
111901127,290,425,-135
111901128,9,35,-26
111901129,3,68,-65
111901130,4,68,-64
111901131,2,183,-181
111901132,33,15,18
111901133,45,0,45
111901134,63,3,60
111901135,35,8,27
111901136,23,45,-22
111901137,0,29,-29
111901138,161,28,133
111901139,9,12,-3
111901140,2,45,-43
111901141,1,56,-55
111901142,4,55,-51
111901143,1,60,-59
111901144,39,37,2
111901145,90,230,-140
111901146,237,5,232
111901147,173,79,94
111901148,6,26,-20
112000001,1492,503,989
112000002,521,1319,-798
112000003,1187,751,436
112000004,507,448,59
112000005,2785,2903,-118
112000006,1475,1001,474
112000007,2827,1778,1049
112000008,1924,3254,-1330
112000009,1985,1665,320
112000010,2191,2974,-783
112000011,1127,1027,100
112000012,2887,4657,-1770
112000013,1990,2209,-219
112000014,1308,2656,-1348
112000015,1539,2833,-1294
112000016,2082,1494,588
112000017,829,2226,-1397
112000024,1397,568,829
112000026,1630,2247,-617
112000027,600,524,76
112000028,762,910,-148
112000029,468,558,-90
112000030,106,50,56
112000031,823,3850,-3027
112000032,177,34,143
112000033,995,2164,-1169
112000034,124,37,87
112000035,44,282,-238
112000036,388,847,-459
112000037,535,595,-60
112000038,921,747,174
112000039,59,48,11
112000040,49,190,-141
112000041,355,313,42
112000042,710,267,443
112000050,987,960,27
112000051,821,1327,-506
112000054,1127,1068,59
112000057,351,286,65
112000058,186,427,-241
112000059,423,545,-122
112000061,1922,1462,460
112000062,1127,801,326
112000063,751,1494,-743
112000064,2495,3438,-943
112000065,1146,1563,-417
112000066,2746,1250,1496
112000067,568,526,42
112000068,2651,2196,455
112000069,420,1223,-803
112000070,1434,727,707
112000071,623,1688,-1065
112000072,2087,675,1412
112000073,1134,1484,-350
112000074,1243,887,356
112000075,1055,967,88
112000076,2271,1706,565
112000077,642,387,255
112000078,1635,433,1202
112000079,1060,830,230
112000080,563,494,69
112000081,1039,1425,-386
112000082,1234,574,660
112000083,507,857,-350
112000084,1153,621,532
112000085,1031,567,464
112000086,1419,778,641
112000087,436,327,109
112000088,638,328,310
112000089,185,201,-16
112000090,186,187,-1
112000091,523,576,-53
112000092,1645,753,892
112000093,1215,556,659
112000094,544,625,-81
112000095,538,468,70
112000096,519,421,98
112000097,1041,541,500
112000098,584,493,91
112000099,512,1310,-798
112000100,1413,568,845
112000101,404,460,-56
112000102,1037,345,692
112000103,285,400,-115
112000105,354,748,-394
112000106,1568,305,1263
112000107,62,96,-34
112000108,231,921,-690
112000109,115,72,43
112000110,1511,439,1072
112000111,590,1975,-1385
112000112,2331,472,1859
112000113,613,1012,-399
112000114,1844,738,1106
112000115,260,257,3
112000116,410,467,-57
112000117,775,621,154
112000118,643,479,164
112000119,327,458,-131
112000120,69,156,-87
112000121,125,262,-137
112000122,261,103,158
112000123,671,127,544
112000124,343,46,297
112000125,244,175,69
112000126,189,252,-63
112000127,1454,1651,-197
112000128,557,490,67
112000129,134,56,78
112000130,160,59,101
112000131,46,155,-109
112000132,84,189,-105
112000133,310,118,192
112000134,276,250,26
112000135,767,479,288
112000136,612,773,-161
112000137,1132,1178,-46
112000138,838,745,93
112000139,704,515,189
112000140,549,853,-304
112000141,739,289,450
112000142,125,293,-168
112000143,928,131,797
112000144,220,690,-470
112000145,2129,354,1775
112000146,474,1112,-638
112000147,2011,1296,715
112000148,1312,1301,11
112000149,362,316,46
112000150,214,382,-168
112000151,401,201,200
112000152,341,262,79
112000153,153,149,4
112000154,140,156,-16
112000155,133,111,22
112000157,412,390,22
112000158,218,203,15
112000159,382,197,185
112000167,285,54,231
112000169,169,337,-168
112000173,607,144,463
112000175,313,257,56
112000176,1580,1478,102
112000177,542,163,379
112000178,71,186,-115
112000179,222,78,144
112000180,212,207,5
112000181,996,965,31
112000182,1101,750,351
112000183,31,24,7
112000184,306,179,127
112000185,451,304,147
112000187,2829,1638,1191
112000195,117,11,106
112000196,139,1,138
112000197,135,152,-17
112000198,49,173,-124
112000199,630,543,87
112000202,411,1,410
112000216,59,161,-102
112000230,82,4,78
112000231,7,166,-159
112000256,58,177,-119
112000313,43,63,-20
112000314,72,28,44
112000337,161,391,-230
112000352,195,223,-28
112000392,992,1029,-37
112000398,1218,587,631
112000399,990,1450,-460
112000400,1011,1566,-555
112000401,1595,1232,363
112000402,2287,2725,-438
112000403,898,2510,-1612
112000404,782,782,0
112000405,1555,2077,-522
112000406,1951,1322,629
112000407,5951,5717,234
112000408,5122,3441,1681
112000409,1101,2360,-1259
112000410,362,266,96
112000411,2093,987,1106
112000412,1001,429,572
112000413,4421,4413,8
112000414,61,44,17
112000415,115,25,90
112000416,2275,928,1347
112000417,270,70,200
112000421,62,48,14
112000422,251,170,81
112000424,1211,1789,-578
112000425,307,467,-160
112000426,100,208,-108
112000427,1,9,-8
112000428,173,255,-82
112000429,1555,1537,18
112000430,1721,1997,-276
112000431,99,122,-23
112000432,399,606,-207
112000433,263,553,-290
112000437,51,116,-65
112900001,49,1,48
112900002,381,598,-217
112900003,98,218,-120
112900004,38,157,-119
112900005,179,147,32
112900006,6,182,-176
112900007,41,134,-93
112900008,0,31,-31
112900009,305,86,219
112900010,312,468,-156
112900011,110,133,-23
112900012,1,61,-60
112900013,1,51,-50
112900014,1,106,-105
112900015,268,449,-181
112900016,16,151,-135
112900017,24,93,-69
112900018,1,142,-141
112900019,19,62,-43
112900020,249,625,-376
112900021,4,145,-141
112900022,0,39,-39
112900023,1,91,-90
112900024,20,134,-114
112900025,33,165,-132
112900026,4,97,-93
112900027,3,637,-634
112900028,11,85,-74
112900029,26,357,-331
112900030,62,92,-30
112900031,5,231,-226
112900032,112,158,-46
112900034,0,26,-26
112900035,3,204,-201
112900036,15,100,-85
112900037,98,148,-50
112900038,457,97,360
112900039,12,165,-153
112900040,3,236,-233
112900041,369,786,-417
112900042,51,187,-136
112900043,33,79,-46
112900044,344,304,40
112900045,161,164,-3
112900046,96,38,58
112900047,5,8,-3
112900049,142,49,93
112900050,18,253,-235
112900051,187,303,-116
112900052,4,382,-378
112900053,120,71,49
112900054,97,35,62
112900055,107,35,72
112900056,259,143,116
112900057,28,265,-237
112900058,215,292,-77
112900059,67,69,-2
112900060,15,96,-81
112900061,66,55,11
112900062,63,89,-26
112900063,73,22,51
112900064,134,123,11
112900065,23,22,1
112900066,177,157,20
112900067,169,83,86
112900068,35,46,-11
112900069,1030,631,399
112900071,31,4,27
112900072,98,1466,-1368
112900073,265,101,164
112900074,71,245,-174
112900075,721,794,-73
112900076,51,34,17
112900078,240,265,-25
112900079,211,19,192
112900080,38,6,32
112900081,43,144,-101
112900082,436,21,415
112900083,106,155,-49
112900084,191,124,67
112900086,51,1,50
112900087,576,101,475
112900088,100,9,91
112900089,657,53,604
112900090,32,17,15
112900091,212,7,205
112900092,91,227,-136
112900093,866,27,839
112900095,45,2,43
112900096,385,106,279
112900097,53,163,-110
112900098,58,1,57
112900099,701,19,682
112900100,44,2,42
112900101,311,1,310
112900102,85,14,71
112900103,130,6,124
112900104,104,6,98
112900105,19,1,18
112900106,293,95,198
112900107,5,0,5
112900108,8,0,8
112900109,103,1,102
112900110,1261,16,1245
112900111,591,6,585
112900112,264,1,263
112900113,0,9,-9
112900114,128,7,121
112900115,1181,2,1179
112900116,130,22,108
112900117,62,40,22
112900118,14,66,-52
112900119,181,4,177
112900120,442,222,220
112900121,47,93,-46
112900122,10,61,-51
112900123,63,12,51
112900124,6,54,-48
112900125,25,287,-262
112900126,115,134,-19
112900127,278,70,208
112900128,182,374,-192
112900129,1,451,-450
112900130,180,59,121
112900131,43,179,-136
112900132,67,198,-131
112900133,23,668,-645
112900134,2,135,-133
112900135,60,38,22
112900137,0,271,-271
112900138,3,115,-112
112900139,140,632,-492
112900141,507,5,502
112900142,62,135,-73
112900143,20,280,-260
112900144,0,125,-125
112900145,23,247,-224
112900146,1,498,-497
112900147,4,842,-838
112900148,42,2,40
112900149,167,261,-94
112900151,22,43,-21
112900152,2064,474,1590
112900153,1211,1740,-529
112900154,1,64,-63
112900155,101,11,90
112900156,196,614,-418
112900157,498,135,363
112900158,33,19,14
112900159,208,85,123
112900160,40,155,-115
112900161,82,37,45
112900162,11,12,-1
112900163,68,53,15
112900164,18,172,-154
112900165,67,15,52
112900166,4,52,-48
112900167,6,32,-26
112900168,4,4,0
112900169,4,30,-26
112900170,74,37,37
112900172,27,10,17
112900173,88,81,7
112900174,202,29,173
112900175,77,146,-69
112900176,7,48,-41
112900177,181,55,126
112900178,569,1743,-1174
112900179,27,297,-270
112900180,1248,961,287
112900181,494,4,490
112900182,57,483,-426
112900183,76,213,-137
112900184,312,319,-7
112900185,170,418,-248
112900186,732,705,27
112900187,73,411,-338
112900188,385,758,-373
112900189,12,12,0
112900190,2,35,-33
112900192,467,448,19
112900193,966,262,704
112900194,54,62,-8
112900195,696,25,671
112900196,196,255,-59
112900197,165,261,-96
112900199,599,307,292
112900200,407,136,271
112900201,123,66,57
112900202,253,445,-192
112900203,228,112,116
112900204,631,391,240
112900205,16,7,9
112900206,55,103,-48
112900207,22,0,22
112900208,64,241,-177
112900209,349,220,129
112900210,2,34,-32
112900211,52,2,50
112900212,3,58,-55
112900213,31,1,30
112900214,19,7,12
112900215,5,102,-97
112900216,17,34,-17
112900217,0,46,-46
112900218,31,2,29
112900219,71,5,66
112900220,1,0,1
112900221,59,71,-12
112900222,1,20,-19
112900223,787,16,771
112900224,287,248,39
112900225,326,183,143
112900226,145,183,-38
112900227,596,649,-53
112900228,49,22,27
112900229,210,32,178
112900230,4221,2370,1851
112900232,178,211,-33
112900233,41,86,-45
112900234,9,42,-33
112900235,92,27,65
112900236,202,6,196
112900237,170,144,26
112900238,7,13,-6
112900239,374,361,13
112900240,3,31,-28
112900241,9,35,-26
112900242,15,52,-37
112900243,3,36,-33
112900244,5,21,-16
112900245,1,16,-15
112900246,2,17,-15
112900247,27,38,-11
112900248,7,0,7
112900249,10,1,9
112900250,17,7,10
112900251,40,11,29
112900252,32,7,25
112900253,19,3,16
112900254,5,5,0
112900255,2,13,-11
112900256,1,29,-28
112900257,13,8,5
113000001,4391,3033,1358
113000002,2739,2346,393
113000003,1481,967,514
113000004,1025,1591,-566
113000005,1279,725,554
113000006,755,787,-32
113000007,1779,976,803
113000008,1317,1228,89
113000009,1006,476,530
113000010,739,829,-90
113000011,606,1011,-405
113000012,1572,455,1117
113000013,1063,523,540
113000014,1106,1127,-21
113000015,297,137,160
113000016,318,704,-386
113000017,13,246,-233
113000018,280,34,246
113000019,96,259,-163
113000020,320,81,239
113000021,963,371,592
113000022,594,880,-286
113000025,96,279,-183
113000026,275,442,-167
113000027,623,729,-106
113000028,591,495,96
113000029,592,574,18
113000030,272,438,-166
113000031,226,219,7
113000032,235,204,31
113000033,221,360,-139
113000034,230,265,-35
113000035,28,29,-1
113000036,10,60,-50
113000037,42,24,18
113000038,9,36,-27
113000039,58,201,-143
113000040,43,91,-48
113000042,561,367,194
113000051,636,1637,-1001
113000052,1402,474,928
113000053,285,264,21
113000054,293,460,-167
113000055,992,410,582
113000056,850,685,165
113000058,633,676,-43
113000059,863,414,449
113000060,272,388,-116
113000061,426,548,-122
113000062,478,226,252
113000063,185,67,118
113000064,43,145,-102
113000065,121,455,-334
113000066,677,71,606
113000067,1780,806,974
113000068,319,633,-314
113000069,399,625,-226
113000070,2021,769,1252
113000071,355,374,-19
113000072,631,285,346
113000073,300,891,-591
113000074,763,276,487
113000075,1473,587,886
113000076,410,1738,-1328
113000077,864,554,310
113000078,536,1781,-1245
113000079,400,710,-310
113000080,469,601,-132
113000081,611,665,-54
113000082,741,580,161
113000083,444,736,-292
113000084,1154,908,246
113000085,623,579,44
113000086,854,999,-145
113000087,772,768,4
113000088,1635,943,692
113000089,716,1195,-479
113000090,197,429,-232
113000091,363,275,88
113000094,902,189,713
113000095,133,528,-395
113000096,95,465,-370
113000097,808,356,452
113000098,108,35,73
113000099,602,340,262
113000100,138,273,-135
113000101,277,379,-102
113000102,487,400,87
113000103,1531,218,1313
113000104,520,1611,-1091
113000105,647,312,335
113000106,284,221,63
113000107,750,615,135
113000108,547,683,-136
113000109,375,1067,-692
113000110,1469,323,1146
113000111,104,461,-357
113000112,313,243,70
113000113,1033,269,764
113000114,185,1034,-849
113000116,398,243,155
113000117,532,86,446
113000118,64,342,-278
113000119,275,176,99
113000120,44,177,-133
113000121,305,562,-257
113000124,186,59,127
113000125,43,625,-582
113000127,1583,197,1386
113000128,648,468,180
113000129,409,576,-167
113000133,1410,975,435
113000134,2,714,-712
113000135,3103,3244,-141
113000137,1278,2915,-1637
113000139,210,176,34
113000140,74,176,-102
113000141,146,182,-36
113000142,337,708,-371
113000143,192,158,34
113000144,217,456,-239
113000145,57,99,-42
113000146,122,57,65
113000147,131,58,73
113000148,165,106,59
113000149,78,90,-12
113000150,438,230,208
113000151,59,27,32
113000152,40,81,-41
113000153,1000,436,564
113000154,658,1143,-485
113000155,281,451,-170
113000156,126,278,-152
113000157,255,632,-377
113000158,570,215,355
113000159,805,561,244
113000160,500,683,-183
113000161,271,279,-8
113000162,696,261,435
113000163,73,58,15
113000164,31,37,-6
113000166,126,71,55
113000167,29,43,-14
113000168,73,77,-4
113000169,155,42,113
113000170,70,78,-8
113000171,32,73,-41
113000172,240,65,175
113000173,57,23,34
113000174,83,303,-220
113000175,308,85,223
113000176,436,128,308
113000177,164,296,-132
113000178,143,208,-65
113000179,222,139,83
113000180,465,754,-289
113000181,877,643,234
113000182,165,254,-89
113000183,109,549,-440
113000184,6,77,-71
113000189,293,574,-281
113000190,437,327,110
113000192,855,2572,-1717
113000193,2183,2075,108
113000194,816,1075,-259
113000195,1271,1095,176
113000196,145,58,87
113000197,842,968,-126
113000198,60,180,-120
113000199,845,225,620
113000201,289,346,-57
113000202,3194,869,2325
113000203,151,168,-17
113000204,655,1814,-1159
113000205,13,14,-1
113000206,10,38,-28
113000207,71,7,64
113000208,26,54,-28
113000209,12,13,-1
113000210,3,14,-11
113000211,149,186,-37
113000212,60,21,39
113000213,18,154,-136
113000214,113,186,-73
113000234,157,516,-359
113000410,89,169,-80
113000411,1598,3011,-1413
113000412,4153,2038,2115
113000413,1661,2446,-785
113000414,3826,9608,-5782
113000415,1542,1952,-410
113000416,4587,2710,1877
113000417,1829,2144,-315
113000418,3202,2556,646
113000419,1324,1557,-233
113000420,3010,4690,-1680
113000421,2963,5168,-2205
113000422,7753,8481,-728
113000423,1551,4178,-2627
113000424,2149,8131,-5982
113000425,6,80,-74
113000428,22,24,-2
113000430,8,108,-100
113000432,1725,175,1550
113000433,48,380,-332
113000434,17,120,-103
113000435,35,302,-267
113000436,27,581,-554
113000437,831,22,809
113000438,243,5,238
113000439,9,64,-55
113000440,93,25,68
113000441,227,183,44
113000442,108,78,30
113000443,235,146,89
113000444,165,71,94
113000445,130,63,67
113000446,25,54,-29
113000448,166,117,49
113000449,141,529,-388
113000450,392,1308,-916
113000451,892,134,758
113000452,143,278,-135
113000453,51,335,-284
113000454,270,90,180
113000455,51,264,-213
113000456,2081,1905,176
113000468,1049,104,945
113000469,54,27,27
113000470,240,12,228
113000471,3,268,-265
113000472,74,215,-141
113000474,614,424,190
113000475,1097,1070,27
113000476,1088,1345,-257
113000477,2786,1378,1408
113000478,2616,2947,-331
113000479,48,132,-84
113000483,0,1,-1
113000484,0,0,0
113000485,0,0,0
113000486,0,0,0
113000487,0,0,0
113000488,0,2,-2
113000489,0,0,0
113000490,0,0,0
113000491,2,0,2
113000492,0,0,0
113000493,0,0,0
113000495,114,110,4
113000496,139,75,64
113000499,0,0,0
113900001,2,138,-136
113900002,0,42,-42
113900003,0,35,-35
113900004,2,36,-34
113900005,1,51,-50
113900006,0,15,-15
113900007,39,35,4
113900008,10,0,10
113900009,40,0,40
113900010,114,0,114
113900011,41,0,41
113900012,19,1,18
113900013,114,3,111
113900014,493,1,492
113900015,0,42,-42
113900016,29,0,29
113900017,1,40,-39
113900018,229,138,91
113900019,100,22,78
113900020,104,0,104
113900022,17,0,17
113900023,34,2,32
113900024,28,24,4
113900025,163,6,157
113900026,40,0,40
113900027,5,36,-31
113900028,18,214,-196
113900029,43,144,-101
113900030,225,1,224
113900031,6,1,5
113900032,26,0,26
113900033,84,32,52
113900035,42,1,41
113900036,13,61,-48
113900037,133,235,-102
113900038,58,76,-18
113900039,154,24,130
113900040,10,11,-1
113900041,9,2,7
113900042,56,21,35
113900043,99,70,29
113900044,244,251,-7
113900045,62,1,61
113900046,151,487,-336
113900047,29,89,-60
113900048,88,91,-3
113900049,286,225,61
113900050,182,200,-18
113900051,181,172,9
113900052,71,94,-23
113900053,474,317,157
113900054,15,1,14
113900055,53,259,-206
113900056,29,123,-94
113900057,11,37,-26
113900058,35,66,-31
113900059,194,181,13
113900060,140,196,-56
113900061,498,141,357
113900062,101,17,84
113900063,29,64,-35
113900064,20,76,-56
113900065,283,5,278
113900066,296,145,151
113900067,61,68,-7
113900068,361,330,31
113900069,75,28,47
113900070,82,226,-144
113900071,51,32,19
113900072,41,96,-55
113900073,228,248,-20
113900074,42,112,-70
113900075,933,821,112
113900076,140,3,137
113900077,33,146,-113
113900078,26,29,-3
113900079,0,19,-19
113900080,375,143,232
113900081,41,104,-63
113900082,85,136,-51
113900083,170,135,35
113900084,223,75,148
113900085,51,184,-133
113900086,37,3,34
113900087,60,74,-14
113900088,55,50,5
113900089,298,36,262
113900090,485,284,201
113900091,9,7,2
113900092,20,52,-32
113900093,45,612,-567
113900094,206,132,74
113900095,94,75,19
113900096,196,49,147
113900097,6,82,-76
113900098,528,61,467
113900099,0,11,-11
113900100,1,1,0
113900101,3,44,-41
113900102,88,113,-25
113900103,189,136,53
113900104,106,178,-72
113900105,90,114,-24
113900106,0,27,-27
113900107,3,12,-9
113900108,145,156,-11
113900109,260,156,104
113900110,39,22,17
113900111,145,89,56
113900112,95,30,65
113900113,642,359,283
113900114,0,49,-49
113900115,0,48,-48
113900116,65,88,-23
113900117,64,21,43
113900118,103,142,-39
113900119,109,371,-262
113900120,46,24,22
113900121,79,45,34
113900122,275,1547,-1272
113900123,359,169,190
113900124,0,55,-55
113900125,609,113,496
113900126,120,31,89
113900127,217,479,-262
113900128,136,68,68
113900129,5,161,-156
113900130,2,53,-51
113900131,153,48,105
113900132,42,47,-5
113900133,6,48,-42
113900135,245,212,33
113900136,54,51,3
113900137,275,191,84
113900138,37,100,-63
113900139,219,99,120
113900140,104,254,-150
113900141,439,165,274
113900142,81,55,26
113900143,4,24,-20
113900144,122,177,-55
113900145,300,93,207
113900146,126,37,89
113900148,99,274,-175
113900149,154,59,95
113900150,345,328,17
113900151,306,127,179
113900152,22,31,-9
113900153,165,393,-228
113900154,5,106,-101
113900155,118,128,-10
113900156,209,259,-50
113900157,21,191,-170
113900158,189,316,-127
113900159,17,162,-145
113900160,361,265,96
113900161,34,175,-141
113900162,224,502,-278
113900163,183,278,-95
113900164,172,34,138
113900165,618,288,330
113900166,125,88,37
113900167,203,34,169
113900168,65,45,20
113900169,149,207,-58
113900171,173,75,98
113900172,5,97,-92
113900173,33,379,-346
113900174,392,444,-52
113900175,188,105,83
113900176,209,331,-122
113900177,233,123,110
113900178,147,105,42
113900179,12,253,-241
113900180,102,61,41
113900181,452,101,351
113900182,451,631,-180
113900183,34,59,-25
113900184,12,360,-348
113900185,103,54,49
113900186,16,22,-6
113900187,22,108,-86
113900188,55,71,-16
113900189,155,78,77
113900190,185,78,107
113900191,76,105,-29
113900192,4,326,-322
113900193,11,109,-98
113900194,918,576,342
113900195,163,306,-143
113900196,2,95,-93
113900197,0,95,-95
113900198,21,211,-190
113900199,92,363,-271
113900200,19,133,-114
113900201,0,88,-88
113900202,16,206,-190
113900203,0,55,-55
113900204,30,290,-260
113900205,9,128,-119
113900206,8,111,-103
113900207,1,30,-29
113900208,0,41,-41
113900209,0,61,-61
113900210,370,536,-166
113900211,166,35,131
113900212,169,295,-126
113900214,287,304,-17
113900215,102,63,39
113900216,46,425,-379
113900217,80,106,-26
113900218,101,75,26
113900219,78,368,-290
113900220,120,108,12
113900221,200,82,118
113900222,168,362,-194
113900223,91,367,-276
113900224,69,38,31
113900225,201,117,84
113900226,261,72,189
113900227,236,142,94
113900228,205,377,-172
113900229,39,428,-389
113900230,1919,2247,-328
113900231,122,96,26
113900232,78,65,13
113900233,80,59,21
113900234,302,319,-17
113900235,107,38,69
113900236,116,146,-30
113900237,119,6,113
113900238,145,404,-259
113900239,33,67,-34
113900240,2,115,-113
113900241,82,49,33
113900242,49,105,-56
113900243,64,276,-212
113900244,253,143,110
113900245,728,148,580
113900246,11,14,-3
113900247,86,319,-233
113900248,1733,1075,658
113900249,412,242,170
113900250,49,144,-95
113900251,561,83,478
113900252,431,18,413
113900253,498,50,448
113900254,613,139,474
113900255,392,12,380
113900256,278,30,248
113900257,35,356,-321
113900258,14,279,-265
113900259,468,135,333
113900260,153,9,144
113900261,14,43,-29
113900262,86,327,-241
113900263,107,363,-256
113900264,3,246,-243
113900265,80,158,-78
113900266,39,102,-63
113900267,105,347,-242
113900268,232,275,-43
113900269,67,78,-11
113900270,259,446,-187
113900271,465,576,-111
113900273,33,4,29
113900274,34,33,1
113900275,15,92,-77
113900276,1,88,-87
113900277,113,2,111
113900278,178,97,81
113900279,42,46,-4
113900280,890,400,490
113900281,376,1140,-764
113900282,423,427,-4
113900283,328,380,-52
113900284,580,115,465
113900285,104,36,68
113900286,8,42,-34
113900287,35,54,-19
113900288,0,102,-102
113900289,389,44,345
113900290,128,138,-10
113900291,96,115,-19
113900292,7,0,7
113900293,0,134,-134
113900294,422,13,409
113900295,263,311,-48
113900296,1252,268,984
113900297,1627,32,1595
113900298,12,1205,-1193
113900299,92,93,-1
113900300,2582,2053,529
113900301,483,224,259
113900302,1378,742,636
113900303,256,310,-54
113900304,2,90,-88
113900305,90,0,90
113900306,35,1,34
113900307,10,0,10
113900308,41,69,-28
113900309,1,480,-479
113900310,0,7,-7
113900311,7,0,7
113900312,141,197,-56
113900313,17,2,15
114000001,682,1505,-823
114000002,261,192,69
114000003,36,113,-77
114000004,264,238,26
114000005,178,141,37
114000006,1792,1576,216
114000007,488,683,-195
114000008,934,1406,-472
114000009,564,183,381
114000011,2210,1448,762
114000012,2081,1019,1062
114000013,1430,822,608
114000014,358,154,204
114000015,1435,222,1213
114000016,240,188,52
114000017,74,172,-98
114000018,97,21,76
114000026,1421,796,625
114000027,2489,1435,1054
114000028,1994,1990,4
114000038,164,94,70
114000039,73,23,50
114000040,81,143,-62
114000042,228,117,111
114000043,45,39,6
114000044,174,21,153
114000045,29,53,-24
114000046,1875,3697,-1822
114000047,9,55,-46
114000048,53,33,20
114000049,1109,1177,-68
114000050,1163,1726,-563
114000051,2043,1511,532
114000052,2453,1680,773
114000053,68,593,-525
114000054,107,532,-425
114000055,105,11,94
114000056,444,820,-376
114000057,2759,1486,1273
114000058,255,979,-724
114000059,114,235,-121
114000060,425,606,-181
114000061,2182,2309,-127
114000062,1214,1272,-58
114000063,1657,1109,548
114000064,2975,2387,588
114000065,959,1662,-703
114000066,335,450,-115
114000067,12,565,-553
114000068,435,464,-29
114000069,596,428,168
114000070,1636,1497,139
114000071,513,318,195
114000072,337,108,229
114000073,2,26,-24
114000074,52,10,42
114000075,40,25,15
114000076,14,55,-41
114000077,1,15,-14
114000078,165,255,-90
114000079,108,13,95
114000080,44,77,-33
114000081,72,83,-11
114000082,29,218,-189
114000083,51,101,-50
114000084,238,53,185
114000085,49,296,-247
114000086,166,202,-36
114000087,83,82,1
114000088,73,22,51
114000089,376,219,157
114000090,698,710,-12
114000091,986,729,257
114000092,502,350,152
114000093,875,481,394
114000094,253,230,23
114000095,167,145,22
114000096,46,162,-116
114000097,86,262,-176
114000098,463,46,417
114000099,516,228,288
114000100,1247,334,913
114000101,388,392,-4
114000102,422,214,208
114000103,92,207,-115
114000104,14,114,-100
114000105,82,35,47
114000106,507,761,-254
114000107,305,56,249
114000108,800,633,167
114000109,484,776,-292
114000110,483,756,-273
114000111,1360,568,792
114000112,411,1053,-642
114000113,1006,383,623
114000114,851,761,90
114000115,1593,756,837
114000116,590,1209,-619
114000117,2294,347,1947
114000118,1837,320,1517
114000119,1418,295,1123
114000120,432,415,17
114000121,311,539,-228
114000122,259,256,3
114000123,1616,248,1368
114000124,756,198,558
114000125,692,748,-56
114000126,1243,151,1092
114000127,132,92,40
114000128,700,183,517
114000130,390,360,30
114000131,268,82,186
114000132,414,301,113
114000133,506,786,-280
114000134,45,60,-15
114000138,12,115,-103
114000139,281,233,48
114000144,657,457,200
114000145,60,68,-8
114000146,84,147,-63
114000147,1032,1605,-573
114000148,1245,1261,-16
114000149,285,219,66
114000150,316,478,-162
114000151,445,1114,-669
114000152,70,25,45
114000153,398,1405,-1007
114000154,432,436,-4
114000155,805,1592,-787
114000156,508,476,32
114000157,232,881,-649
114000158,836,446,390
114000159,137,271,-134
114000160,53,328,-275
114000161,899,2382,-1483
114000162,848,1972,-1124
114000163,14,61,-47
114000165,400,260,140
114000166,460,313,147
114000167,1846,1086,760
114000168,455,382,73
114000169,1098,984,114
114000170,810,831,-21
114000171,1078,2928,-1850
114000174,152,274,-122
114000176,302,317,-15
114000177,1010,480,530
114000178,36,39,-3
114000179,844,512,332
114000180,285,365,-80
114000181,1006,2941,-1935
114000182,1401,1656,-255
114000183,508,561,-53
114000184,1728,638,1090
114000185,846,565,281
114000189,838,97,741
114000190,2475,355,2120
114000191,67,90,-23
114000192,103,687,-584
114000193,408,1279,-871
114000194,1078,456,622
114000195,127,31,96
114000196,1,112,-111
114000197,1213,54,1159
114000198,549,262,287
114000199,1230,1148,82
114000200,384,896,-512
114000201,117,464,-347
114000202,621,297,324
114000203,337,409,-72
114000204,108,258,-150
114000205,137,840,-703
114000206,450,915,-465
114000207,426,835,-409
114000208,290,1188,-898
114000209,340,1049,-709
114000210,174,580,-406
114000211,739,860,-121
114000212,470,570,-100
114000213,979,366,613
114000214,63,128,-65
114000215,194,60,134
114000216,1294,230,1064
114000217,296,117,179
114000218,98,138,-40
114000219,1094,113,981
114000220,26,640,-614
114000221,590,123,467
114000222,107,581,-474
114000223,429,110,319
114000224,45,328,-283
114000225,250,394,-144
114000226,180,153,27
114000227,550,309,241
114000228,641,438,203
114000229,875,702,173
114000230,1162,686,476
114000231,735,827,-92
114000232,681,107,574
114000233,1675,93,1582
114000234,873,595,278
114000235,840,829,11
114000236,0,265,-265
114000237,102,490,-388
114000238,95,153,-58
114000239,119,595,-476
114000240,524,527,-3
114000241,242,612,-370
114000242,572,563,9
114000243,1060,608,452
114000244,406,263,143
114000245,290,537,-247
114000246,72,36,36
114000247,332,393,-61
114000248,865,374,491
114000249,387,275,112
114000250,400,374,26
114000251,326,124,202
114000252,72,30,42
114000253,37,45,-8
114000254,28,29,-1
114000255,456,185,271
114000256,790,1709,-919
114000257,215,772,-557
114000258,163,228,-65
114000259,76,134,-58
114000260,0,11,-11
114000261,49,28,21
114000262,150,77,73
114000263,2,1,1
114000264,736,272,464
114000265,0,1,-1
114000267,2,1011,-1009
114000268,1,721,-720
114000270,124,2,122
114000271,282,43,239
114000283,925,281,644
114000285,22,103,-81
114000288,57,275,-218
114000289,893,95,798
114000293,141,230,-89
114000294,137,171,-34
114000395,883,35,848
114000396,456,471,-15
114000402,373,189,184
114000403,203,167,36
114000405,116,251,-135
114000423,252,161,91
114000424,272,139,133
114000425,730,190,540
114000426,263,583,-320
114000427,57,55,2
114000428,129,199,-70
114000429,3,93,-90
114000432,90,46,44
114000434,28,73,-45
114000435,1,75,-74
114900001,588,495,93
114900002,310,41,269
114900003,635,654,-19
114900004,167,386,-219
114900005,607,385,222
114900006,57,38,19
114900007,196,38,158
114900008,122,95,27
114900010,1116,1458,-342
114900011,152,102,50
114900013,186,107,79
114900015,55,282,-227
114900018,542,16,526
114900020,140,75,65
114900022,15,391,-376
114900024,227,118,109
114900025,317,127,190
114900026,49,94,-45
114900027,152,139,13
114900029,42,5,37
114900030,269,191,78
114900031,297,16,281
114900032,289,13,276
114900033,491,613,-122
114900034,39,107,-68
114900035,77,156,-79
114900036,137,281,-144
114900037,100,120,-20
114900038,117,345,-228
114900039,332,276,56
114900040,64,61,3
114900041,615,271,344
114900042,710,293,417
114900043,331,140,191
114900044,103,50,53
114900046,17,69,-52
114900047,138,1385,-1247
114900048,87,137,-50
114900049,10,119,-109
114900050,26,239,-213
114900051,19,261,-242
114900052,12,140,-128
114900053,77,172,-95
114900054,14,69,-55
114900057,208,3,205
114900058,0,47,-47
114900059,54,53,1
114900060,584,619,-35
114900061,96,78,18
114900062,135,245,-110
114900063,59,89,-30
114900064,1221,215,1006
114900065,344,432,-88
114900067,51,285,-234
114900068,39,116,-77
114900069,115,50,65
114900070,426,218,208
114900072,15,214,-199
114900073,2,78,-76
114900074,624,294,330
114900075,193,2,191
114900076,17,181,-164
114900080,1096,207,889
114900082,2217,1739,478
114900083,734,684,50
114900090,312,121,191
114900091,57,104,-47
114900095,180,93,87
114900096,243,416,-173
114900097,118,1,117
114900098,3,82,-79
114900099,157,4,153
115000001,3772,2139,1633
115000002,3440,3450,-10
115000003,3226,1844,1382
115000004,3683,4360,-677
115000005,1158,1278,-120
115000006,839,1103,-264
115000007,206,150,56
115000008,320,400,-80
115000009,201,167,34
115000010,236,161,75
115000013,48,162,-114
115000015,71,205,-134
115000016,48,144,-96
115000019,23,343,-320
115000020,123,490,-367
115000021,196,297,-101
115000022,454,282,172
115000023,322,385,-63
115000024,731,280,451
115000025,637,503,134
115000026,128,259,-131
115000027,237,208,29
115000028,169,551,-382
115000029,532,86,446
115000030,482,809,-327
115000031,1038,131,907
115000032,4,180,-176
115000033,137,30,107
115000034,64,784,-720
115000035,860,51,809
115000036,1,251,-250
115000037,402,12,390
115000038,64,119,-55
115000039,2457,2386,71
115000040,3238,1942,1296
115000041,1138,2781,-1643
115000042,351,419,-68
115000043,2964,1808,1156
115000044,2418,2365,53
115000045,1790,1005,785
115000046,2056,1587,469
115000047,2004,950,1054
115000048,1291,1354,-63
115000049,1147,1900,-753
115000050,2522,1210,1312
115000051,1392,2238,-846
115000052,1485,1192,293
115000053,1549,1304,245
115000054,445,772,-327
115000055,149,615,-466
115000056,165,349,-184
115000057,476,1105,-629
115000058,338,279,59
115000059,120,87,33
115000061,117,145,-28
115000062,143,167,-24
115000063,302,191,111
115000064,163,63,100
115000065,32,270,-238
115000067,108,8,100
115000069,80,201,-121
115000070,30,623,-593
115000071,93,7,86
115000072,27,60,-33
115000073,1038,54,984
115000075,68,51,17
115000076,2091,1700,391
115000077,1406,1206,200
115000078,1050,816,234
115000079,1107,1120,-13
115000080,1836,1229,607
115000081,356,503,-147
115000082,3052,2646,406
115000083,1541,1108,433
115000084,2087,712,1375
115000085,558,551,7
115000086,929,464,465
115000087,300,919,-619
115000088,1478,467,1011
115000089,1159,813,346
115000090,378,651,-273
115000091,216,471,-255
115000092,499,296,203
115000093,413,3,410
115000094,4006,4028,-22
115000095,2749,4145,-1396
115000096,676,818,-142
115000097,813,556,257
115000098,821,422,399
115000099,1913,1425,488
115000100,880,229,651
115000101,315,840,-525
115000102,362,161,201
115000103,257,401,-144
115000105,76,86,-10
115000106,525,205,320
115000107,149,216,-67
115000108,1848,1556,292
115000109,2602,3256,-654
115000110,1061,1207,-146
115000111,451,1086,-635
115000112,550,547,3
115000113,336,516,-180
115000114,1095,460,635
115000116,2552,1725,827
115000117,2295,2047,248
115000118,1507,1284,223
115000119,1117,1729,-612
115000120,466,1094,-628
115000121,777,677,100
115000122,1644,1021,623
115000123,758,1596,-838
115000124,652,803,-151
115000125,318,474,-156
115000126,100,207,-107
115000127,275,77,198
115000128,312,584,-272
115000129,203,259,-56
115000130,288,424,-136
115000131,788,176,612
115000132,223,209,14
115000133,396,150,246
115000134,134,168,-34
115000135,153,89,64
115000136,214,173,41
115000137,80,110,-30
115000138,277,168,109
115000139,193,164,29
115000140,320,156,164
115000141,160,165,-5
115000142,130,163,-33
115000143,659,382,277
115000144,420,45,375
115000145,237,207,30
115000146,343,212,131
115000147,238,286,-48
115000148,203,567,-364
115000149,536,194,342
115000150,539,432,107
115000151,964,338,626
115000152,476,618,-142
115000153,813,316,497
115000154,853,200,653
115000155,470,582,-112
115000156,860,455,405
115000157,416,505,-89
115000158,321,311,10
115000159,493,474,19
115000160,345,304,41
115000161,89,284,-195
115000162,572,586,-14
115000163,375,504,-129
115000164,505,388,117
115000165,246,399,-153
115000167,130,55,75
115000168,413,269,144
115000169,371,276,95
115000170,114,133,-19
115000171,233,190,43
115000172,733,533,200
115000173,212,438,-226
115000174,49,234,-185
115000175,116,77,39
115000176,68,60,8
115000177,37,89,-52
115000178,10,133,-123
115000179,14,28,-14
115000180,73,319,-246
115000181,588,101,487
115000182,743,193,550
115000183,295,466,-171
115000186,565,173,392
115000187,151,484,-333
115000188,328,314,14
115000189,152,368,-216
115000190,507,295,212
115000191,121,333,-212
115000194,108,120,-12
115000195,183,238,-55
115000196,126,57,69
115000197,161,129,32
115000198,220,98,122
115000199,240,88,152
115000200,251,93,158
115000201,113,197,-84
115000206,241,48,193
115000207,125,186,-61
115000208,190,415,-225
115000209,431,209,222
115000210,125,89,36
115000211,138,181,-43
115000212,987,219,768
115000224,353,41,312
115000225,40,60,-20
115000229,81,106,-25
115000230,84,251,-167
115000231,202,844,-642
115000232,1464,267,1197
115000233,94,111,-17
115000234,18,192,-174
115000241,70,131,-61
115000242,80,176,-96
115000243,34,95,-61
115000244,18,67,-49
115000246,39,17,22
115000247,17,8,9
115000248,59,12,47
115000249,33,18,15
115000250,200,21,179
115000251,167,54,113
115000252,57,107,-50
115000253,9,294,-285
115000258,272,96,176
115000259,219,69,150
115000261,21,12,9
115000262,17,17,0
115000263,13,30,-17
115000264,24,39,-15
115000267,64,55,9
115000268,31,93,-62
115000269,103,50,53
115000270,8,8,0
115000272,61,110,-49
115000273,322,21,301
115000280,1809,226,1583
115000281,446,753,-307
115000282,570,638,-68
115000284,195,152,43
115000296,715,5,710
115000297,71,318,-247
115000298,31,432,-401
115000300,162,134,28
115000302,457,77,380
115000303,553,73,480
115000304,516,45,471
115000305,87,378,-291
115000306,116,154,-38
115000307,70,120,-50
115000308,21,11,10
115000309,14,25,-11
115000310,731,512,219
115000311,817,796,21
115000313,79,289,-210
115000314,354,83,271
115000315,641,503,138
115000316,30,85,-55
115000317,136,323,-187
115000318,613,232,381
115000319,28,202,-174
115000320,13,233,-220
115000321,170,10,160
115000322,36,143,-107
115000449,122,129,-7
115000557,3,953,-950
115000558,276,74,202
115000587,430,190,240
115000588,1452,1651,-199
115000589,2726,1605,1121
115000590,706,811,-105
115000591,943,517,426
115000592,483,1231,-748
115000593,1197,433,764
115000594,562,1941,-1379
115000609,156,212,-56
115000617,819,2137,-1318
115000624,195,35,160
115000633,303,1260,-957
115000634,2130,571,1559
115000635,452,116,336
115000638,353,431,-78
115000641,30,105,-75
115000642,241,169,72
115000643,88,302,-214
115000644,101,237,-136
115000646,605,1203,-598
115000647,158,372,-214
115000648,1457,1048,409
115000893,1817,1180,637
115000894,118,716,-598
115000895,288,675,-387
115000896,1054,362,692
115000897,475,75,400
115000898,512,203,309
115000899,306,822,-516
115000900,61,259,-198
115000901,45,86,-41
115000912,365,82,283
115000913,1,20,-19
115000915,17,0,17
115000916,3,0,3
115000917,0,6,-6
115000918,58,278,-220
115000919,1,7,-6
115000920,31,44,-13
115000921,388,34,354
115000922,781,693,88
115000923,267,937,-670
115000925,80,69,11
115000927,38,40,-2
115000933,170,217,-47
115000934,78,113,-35
115000935,77,64,13
115000936,22,479,-457
115000937,591,128,463
115000938,102,198,-96
115000939,74,137,-63
115000940,16,24,-8
115000941,3,17,-14
115000942,24,107,-83
115000943,16,15,1
115000944,4,11,-7
115900001,86,13,73
115900002,78,92,-14
115900003,137,45,92
115900004,1,40,-39
115900005,146,5,141
115900006,119,100,19
115900008,62,2,60
115900009,69,112,-43
115900010,286,76,210
115900011,250,121,129
115900012,142,40,102
115900013,231,98,133
115900014,92,70,22
115900015,104,45,59
115900016,94,20,74
115900017,18,4,14
115900018,128,32,96
115900019,88,8,80
115900020,77,0,77
115900021,563,131,432
115900022,650,9,641
115900023,16,11,5
115900025,25,162,-137
115900026,560,127,433
115900027,0,166,-166
115900028,358,32,326
115900029,15,180,-165
115900030,17,19,-2
115900031,175,199,-24
115900032,362,471,-109
115900033,0,29,-29
115900034,21,174,-153
115900035,37,12,25
115900036,39,479,-440
115900037,45,195,-150
115900038,31,12,19
115900039,126,84,42
115900041,268,464,-196
115900042,20,3,17
115900043,78,48,30
115900044,165,181,-16
115900046,191,139,52
115900047,137,127,10
115900049,126,114,12
115900051,0,28,-28
115900052,11,143,-132
115900053,168,89,79
115900054,248,30,218
115900055,24,79,-55
115900056,172,124,48
115900057,8,11,-3
115900058,35,36,-1
115900060,35,83,-48
115900061,175,1,174
115900062,10,177,-167
115900063,50,7,43
115900064,104,175,-71
115900065,113,42,71
115900066,82,88,-6
115900067,12,336,-324
115900068,1639,603,1036
115900069,38,119,-81
115900070,152,48,104
115900071,0,214,-214
115900072,35,73,-38
115900073,57,72,-15
115900074,4,179,-175
115900075,19,115,-96
115900076,1,23,-22
115900077,7,145,-138
115900078,27,56,-29
115900079,162,17,145
115900080,322,111,211
115900081,16,54,-38
115900082,109,87,22
115900084,373,20,353
115900085,13,32,-19
115900086,888,386,502
115900088,15,49,-34
115900089,348,473,-125
115900090,386,5,381
115900091,2,19,-17
115900092,26,100,-74
115900093,3,13,-10
115900094,0,176,-176
115900096,8,2,6
115900097,20,214,-194
115900098,145,138,7
115900099,22,24,-2
115900100,22,262,-240
115900101,127,113,14
115900102,51,22,29
115900103,215,81,134
115900104,38,48,-10
115900105,181,271,-90
115900106,59,14,45
115900107,49,54,-5
115900108,115,44,71
115900109,42,218,-176
115900110,0,13,-13
115900111,2,45,-43
115900112,39,484,-445
115900113,27,26,1
115900114,3,53,-50
115900115,46,127,-81
115900116,37,386,-349
115900117,77,12,65
115900118,2,144,-142
115900119,84,97,-13
115900120,12,140,-128
115900121,149,102,47
115900124,211,500,-289
115900125,223,38,185
115900126,548,58,490
115900127,573,50,523
115900128,3,79,-76
115900129,503,34,469
115900130,17,220,-203
115900131,209,20,189
115900132,483,5,478
115900134,258,7,251
115900135,275,727,-452
115900137,7,0,7
115900139,20,59,-39
115900140,155,30,125
115900141,1,19,-18
115900142,6,13,-7
115900143,162,149,13
115900144,55,89,-34
115900146,3,42,-39
115900147,208,169,39
115900148,25,5,20
115900149,71,22,49
115900150,46,17,29
115900151,11,66,-55
115900152,86,149,-63
115900153,83,109,-26
115900154,236,265,-29
115900155,0,23,-23
115900156,456,615,-159
115900157,119,292,-173
115900158,13,4,9
115900159,125,119,6
115900160,5,6,-1
115900161,20,116,-96
115900163,165,60,105
115900164,469,8,461
115900166,127,108,19
115900168,69,71,-2
115900171,59,238,-179
115900172,35,94,-59
115900173,189,79,110
115900174,187,131,56
115900175,91,123,-32
115900178,9,298,-289
115900179,239,3,236
115900180,25,68,-43
115900181,138,86,52
115900182,289,94,195
115900183,19,34,-15
115900184,765,10,755
115900187,27,111,-84
115900189,0,125,-125
115900190,51,863,-812
115900191,22,166,-144
115900192,7,93,-86
115900193,62,91,-29
115900194,616,61,555
115900195,397,1564,-1167
115900198,155,228,-73
115900199,137,107,30
115900200,184,177,7
115900201,405,221,184
115900202,1,35,-34
115900203,3,9,-6
115900204,0,11,-11
115900205,58,4,54
115900206,171,101,70
115900207,32,11,21
115900208,102,88,14
115900209,3,116,-113
115900210,3,94,-91
115900211,1,108,-107
115900212,132,136,-4
115900213,62,66,-4
115900214,523,145,378
115900215,34,95,-61
115900216,2,68,-66
115900217,1,17,-16
115900218,1,16,-15
115900219,75,10,65
115900220,161,4,157
115900221,63,8,55
115900222,59,27,32
115900223,7,296,-289
115900224,422,834,-412
115900225,40,76,-36
115900226,13,32,-19
115900227,6,33,-27
115900228,7,24,-17
115900229,3,22,-19
115900230,23,72,-49
115900231,135,3,132
115900232,47,0,47
115900233,64,6,58
115900234,39,15,24
115900235,19,29,-10
115900236,11,17,-6
115900237,23,13,10
115900238,8,11,-3
115900239,17,19,-2
115900240,6,30,-24
115900241,176,63,113
115900242,158,249,-91
115900243,10,3,7
115900244,11,7,4
115900245,45,12,33
115900246,2,12,-10
115900247,32,12,20
115900248,14,1,13
115900249,7,3,4
115900250,1,9,-8
115900251,2,8,-6
115900252,1,1,0
115900253,6,12,-6
115900254,3,13,-10
115900255,3,16,-13
115900256,7,15,-8
115900257,9,5,4
115900258,0,3,-3
115900259,1,2,-1
115900260,3,2,1
115900261,8,2,6
115900262,6,0,6
115900263,3,1,2
115900264,13,4,9
115900265,1,5,-4
115900266,2,18,-16
115900267,7,14,-7
115900268,2,3,-1
115900269,334,199,135
115900270,293,131,162
115900271,75,0,75
115900272,15,2,13
115900273,8,25,-17
115900274,1,6,-5
115900275,0,5,-5
115900276,1,15,-14
115900277,0,45,-45
115900278,42,63,-21
115900279,27,115,-88
115900280,22,326,-304
115900281,177,198,-21
115900282,13,18,-5
115900283,17,24,-7
115900284,14,5,9
116000001,5340,2393,2947
116000002,3340,7706,-4366
116000003,1061,851,210
116000004,1795,2226,-431
116000005,1169,1883,-714
116000006,1678,1783,-105
116000007,1319,1702,-383
116000008,2459,1684,775
116000009,892,1234,-342
116000010,1815,1167,648
116000011,601,1033,-432
116000012,1164,778,386
116000013,4724,2330,2394
116000014,5788,8278,-2490
116000015,101,777,-676
116000016,3076,2172,904
116000017,19,415,-396
116000018,402,126,276
116000019,426,143,283
116000020,371,363,8
116000021,319,193,126
116000022,245,194,51
116000023,724,394,330
116000024,407,494,-87
116000025,530,500,30
116000026,1100,1816,-716
116000027,344,362,-18
116000028,302,484,-182
116000029,339,410,-71
116000030,550,278,272
116000031,98,243,-145
116000032,196,93,103
116000033,266,264,2
116000034,385,477,-92
116000035,243,341,-98
116000036,1091,912,179
116000037,404,289,115
116000038,325,493,-168
116000039,423,424,-1
116000040,528,316,212
116000041,109,413,-304
116000042,462,207,255
116000043,53,417,-364
116000044,18,54,-36
116000045,1064,767,297
116000046,639,988,-349
116000047,990,1159,-169
116000048,1266,1065,201
116000049,825,2215,-1390
116000050,930,665,265
116000051,3572,1993,1579
116000052,2933,2972,-39
116000053,1264,494,770
116000054,615,1841,-1226
116000055,429,544,-115
116000056,676,577,99
116000057,1537,808,729
116000058,1757,1442,315
116000059,1486,2390,-904
116000060,1375,684,691
116000061,396,607,-211
116000062,507,134,373
116000063,415,869,-454
116000066,222,390,-168
116000067,133,200,-67
116000068,149,223,-74
116000069,240,164,76
116000078,409,753,-344
116000080,1172,545,627
116000082,2,30,-28
116000083,1248,309,939
116000084,1301,2053,-752
116000085,1628,1304,324
116000086,1070,704,366
116000087,1732,1252,480
116000088,541,553,-12
116000089,144,67,77
116000090,64,121,-57
116000091,179,207,-28
116000093,490,258,232
116000094,395,334,61
116000095,472,273,199
116000096,508,797,-289
116000097,614,396,218
116000098,76,3654,-3578
116000099,3169,221,2948
116000100,176,19,157
116000101,599,419,180
116000102,185,722,-537
116000103,326,196,130
116000104,168,653,-485
116000105,891,155,736
116000106,321,455,-134
116000107,1283,192,1091
116000108,58,87,-29
116000111,146,38,108
116000113,96,73,23
116000114,23,94,-71
116000115,270,70,200
116000116,196,214,-18
116000117,1169,1252,-83
116000118,1345,712,633
116000119,2772,1319,1453
116000120,2224,2146,78
116000121,725,451,274
116000122,807,831,-24
116000123,798,266,532
116000124,291,480,-189
116000125,1918,469,1449
116000126,145,710,-565
116000127,758,680,78
116000128,1269,657,612
116000129,1008,165,843
116000130,395,297,98
116000133,755,507,248
116000134,1218,1016,202
116000135,2085,1090,995
116000136,718,1205,-487
116000137,757,469,288
116000138,654,532,122
116000139,991,1624,-633
116000140,97,147,-50
116000141,240,326,-86
116000142,2237,1658,579
116000143,1491,1119,372
116000144,1148,1372,-224
116000145,1427,815,612
116000146,397,107,290
116000147,205,70,135
116000148,410,390,20
116000149,416,334,82
116000151,392,300,92
116000153,73,257,-184
116000155,149,192,-43
116000156,239,546,-307
116000157,53,8,45
116000158,210,181,29
116000159,20,4,16
116000160,3,26,-23
116000161,1,45,-44
116000162,28,53,-25
116000163,25,10,15
116000164,2,6,-4
116000177,64,55,9
116000194,74,270,-196
116000195,1116,444,672
116000196,15,3,12
116000197,6,8,-2
116000198,1732,562,1170
116000200,377,362,15
116000201,379,378,1
116000202,8,177,-169
116000203,3,54,-51
116000204,10,26,-16
116000205,0,105,-105
116000206,3,70,-67
116000207,9,40,-31
116000233,138,226,-88
116000287,124,274,-150
116000288,226,125,101
116000292,31,60,-29
116000296,20,144,-124
116000297,80,28,52
116000304,91,23,68
116000305,28,36,-8
116000346,131,62,69
116000352,65,24,41
116000354,26,8,18
116000357,9,5,4
116000358,244,52,192
116000361,165,3,162
116000372,2819,3186,-367
116000381,134,1,133
116000388,3,24,-21
116000389,432,299,133
116000445,401,307,94
116000446,478,302,176
116000447,20,418,-398
116000448,413,118,295
116000563,631,447,184
116000565,29,248,-219
116000568,18,228,-210
116000579,16,75,-59
116000584,8,5,3
116000585,18,10,8
116000586,37,34,3
116000587,275,266,9
116000589,23,42,-19
116000590,56,26,30
116000591,221,127,94
116000592,13,54,-41
116000593,0,11,-11
116000594,407,229,178
116000595,410,65,345
116000596,66,0,66
116000597,303,63,240
116000598,10,58,-48
116000605,154,81,73
116000606,83,222,-139
116000607,5,14,-9
116000609,109,640,-531
116000611,111,291,-180
116000612,637,1371,-734
116000613,420,242,178
116000614,295,250,45
116000615,0,272,-272
116000616,46,17,29
116000617,61,25,36
116000618,1,39,-38
116000619,39,36,3
116000620,74,77,-3
116000621,35,54,-19
116000622,59,69,-10
116000624,132,64,68
116000627,84,37,47
116000628,62,277,-215
116000629,36,235,-199
116000630,349,23,326
116000631,168,25,143
116000632,829,42,787
116000633,113,109,4
116000634,246,111,135
116000635,1808,1691,117
116000636,459,841,-382
116000637,321,68,253
116000638,96,207,-111
116000640,15,19,-4
116000641,30,64,-34
116000644,33,288,-255
116900001,174,75,99
116900002,125,1,124
116900003,20,20,0
116900004,27,26,1
116900005,167,39,128
116900006,54,81,-27
116900007,89,91,-2
116900008,267,153,114
116900009,14,8,6
116900010,1,616,-615
116900011,7,12,-5
116900012,130,115,15
116900013,0,88,-88
116900014,130,79,51
116900015,351,28,323
116900016,178,2,176
116900017,1,256,-255
116900018,51,34,17
116900019,2,122,-120
116900020,486,742,-256
116900023,29,10,19
116900024,455,33,422
116900025,651,411,240
116900026,71,315,-244
116900027,9,24,-15
116900028,5,59,-54
116900029,0,28,-28
116900031,0,1,-1
116900032,1,155,-154
116900033,6,6,0
116900034,6,45,-39
116900035,87,77,10
116900036,2,83,-81
116900038,20,0,20
116900041,25,5,20
116900042,261,134,127
116900043,14,32,-18
116900047,14,70,-56
116900049,13,151,-138
116900050,87,223,-136
116900051,118,80,38
116900052,103,33,70
116900055,0,5,-5
116900057,17,71,-54
116900058,19,203,-184
116900059,1,84,-83
116900060,164,114,50
116900062,4,14,-10
116900064,53,300,-247
116900065,17,67,-50
116900067,81,35,46
116900068,113,78,35
116900070,0,0,0
116900072,21,161,-140
116900073,13,56,-43
116900074,1,35,-34
116900076,8,18,-10
116900077,3,55,-52
116900078,138,42,96
116900079,47,88,-41
116900080,4,31,-27
116900081,229,574,-345
116900082,189,597,-408
116900083,23,22,1
116900084,85,41,44
116900085,32,108,-76
116900086,38,94,-56
116900088,164,45,119
116900090,69,25,44
116900091,285,16,269
116900092,81,337,-256
116900093,1095,1357,-262
116900094,2341,2507,-166
116900095,130,86,44
116900096,49,179,-130
116900097,1232,1794,-562
116900098,531,259,272
116900099,348,303,45
116900100,601,35,566
116900101,249,284,-35
116900103,5,0,5
116900104,50,58,-8
116900105,175,103,72
116900106,1308,112,1196
116900107,1577,1479,98
116900110,8,4,4
116900111,468,318,150
116900112,196,483,-287
116900113,939,1111,-172
116900116,62,417,-355
116900117,79,62,17
116900118,448,610,-162
116900120,239,36,203
116900121,88,11,77
116900122,572,279,293
116900123,104,373,-269
116900124,119,441,-322
116900125,298,95,203
116900126,59,380,-321
116900128,0,31,-31
116900129,1,136,-135
116900130,336,2139,-1803
116900131,42,167,-125
116900132,23,51,-28
116900133,94,68,26
116900134,133,132,1
116900136,103,73,30
116900137,157,102,55
116900138,94,95,-1
116900139,80,292,-212
116900140,99,90,9
116900141,431,220,211
116900142,2,55,-53
116900143,207,189,18
116900144,5,63,-58
116900145,65,114,-49
116900147,372,355,17
116900148,1,30,-29
116900149,31,137,-106
116900150,6,7,-1
116900151,34,5,29
116900153,64,41,23
116900154,234,335,-101
116900155,31,46,-15
116900157,403,142,261
116900158,68,217,-149
116900159,46,200,-154
116900160,493,686,-193
116900161,2476,4270,-1794
116900162,9,63,-54
116900163,123,78,45
116900164,43,57,-14
116900165,191,276,-85
116900166,29,35,-6
116900167,263,42,221
116900168,233,34,199
116900169,397,439,-42
116900170,237,366,-129
116900171,34,85,-51
116900172,110,233,-123
116900173,120,18,102
116900174,29,56,-27
116900175,148,176,-28
116900178,15,69,-54
116900179,56,278,-222
116900180,80,14,66
116900182,348,143,205
116900183,171,49,122
116900185,18,46,-28
116900186,48,109,-61
116900187,18,32,-14
116900188,99,23,76
116900189,56,1,55
116900191,283,293,-10
116900192,214,95,119
116900194,84,936,-852
116900195,32,19,13
116900196,11,59,-48
116900197,80,4,76
116900198,54,177,-123
116900200,59,10,49
116900201,62,4,58
116900202,59,26,33
116900203,84,5,79
116900204,25,61,-36
116900206,10,11,-1
116900207,18,12,6
116900208,22,71,-49
116900209,34,70,-36
116900210,390,182,208
116900211,114,2,112
116900212,27,21,6
116900213,166,66,100
116900214,116,71,45
116900215,54,46,8
116900216,212,98,114
116900218,7,109,-102
116900219,750,183,567
116900220,66,113,-47
116900221,59,179,-120
116900222,250,166,84
116900223,106,153,-47
116900226,65,25,40
116900227,109,52,57
116900228,204,92,112
116900230,43,153,-110
116900231,33,168,-135
116900232,12,205,-193
116900233,183,89,94
116900234,7,2,5
116900235,112,108,4
116900238,935,155,780
116900239,13,741,-728
116900240,2353,1639,714
116900241,36,53,-17
116900242,463,336,127
116900243,0,9,-9
116900245,27,11,16
116900246,99,13,86
116900247,585,11,574
116900248,63,31,32
116900249,222,45,177
116900250,280,25,255
116900251,317,306,11
116900252,110,472,-362
116900253,122,48,74
116900254,21,69,-48
116900255,61,31,30
116900256,220,46,174
116900257,15,184,-169
116900258,1,87,-86
116900259,197,11,186
116900260,2,54,-52
116900261,45,2,43
116900262,121,106,15
116900263,0,11,-11
116900264,70,40,30
116900265,28,0,28
116900266,8,10,-2
116900267,1,3,-2
116900268,24,26,-2
116900269,154,432,-278
116900271,549,173,376
116900272,201,162,39
116900273,91,71,20
116900274,105,26,79
116900275,145,47,98
116900276,314,105,209
116900277,334,35,299
116900278,0,9,-9
116900279,1,13,-12
116900280,22,5,17
116900281,2575,2770,-195
116900282,0,44,-44
116900283,13,78,-65
116900284,6,102,-96
116900285,109,144,-35
116900286,99,10,89
116900287,1,14,-13
116900288,66,47,19
116900289,8,4,4
116900290,4,8,-4
116900291,14,8,6
116900292,0,15,-15
116900293,50,20,30
116900294,11,62,-51
116900295,85,55,30
116900296,49,54,-5
116900297,4,74,-70
116900298,76,46,30
116900299,17,38,-21
116900300,7,48,-41
116900301,36,90,-54
116900302,22,49,-27
116900303,98,47,51
116900304,0,168,-168
116900305,15,32,-17
116900306,156,54,102
116900307,42,0,42
116900308,0,58,-58
116900309,46,100,-54
117000001,1557,1024,533
117000002,1225,2397,-1172
117000003,4567,2238,2329
117000004,2337,3019,-682
117000005,1788,1461,327
117000006,889,1964,-1075
117000007,3218,922,2296
117000008,760,2203,-1443
117000009,3645,1522,2123
117000010,1635,2321,-686
117000011,1636,1305,331
117000012,952,814,138
117000013,1505,599,906
117000014,879,1475,-596
117000015,1686,885,801
117000016,160,120,40
117000017,172,91,81
117000018,118,475,-357
117000019,67,25,42
117000020,325,844,-519
117000021,919,497,422
117000022,250,122,128
117000023,196,220,-24
117000024,178,185,-7
117000025,357,933,-576
117000026,1592,1164,428
117000027,1209,2710,-1501
117000028,1588,1078,510
117000030,280,249,31
117000031,269,174,95
117000032,995,808,187
117000033,900,472,428
117000034,246,161,85
117000035,256,164,92
117000036,292,214,78
117000037,221,122,99
117000038,132,354,-222
117000039,316,181,135
117000040,158,545,-387
117000041,936,94,842
117000044,5,543,-538
117000045,451,67,384
117000046,271,477,-206
117000047,679,439,240
117000048,1194,571,623
117000049,81,364,-283
117000050,113,1017,-904
117000051,1755,87,1668
117000052,59,225,-166
117000053,543,39,504
117000054,1506,4,1502
117000055,7,1495,-1488
117000056,499,17,482
117000057,350,1306,-956
117000060,311,710,-399
117000061,1241,581,660
117000062,168,431,-263
117000063,1231,663,568
117000064,419,517,-98
117000066,555,521,34
117000067,144,508,-364
117000074,66,144,-78
117000076,34,41,-7
117000077,109,125,-16
117000078,127,439,-312
117000079,268,193,75
117000080,0,209,-209
117000081,778,67,711
117000082,12,58,-46
117000083,140,3,137
117000084,110,0,110
117000085,206,567,-361
117000086,601,342,259
117000087,62,301,-239
117000088,233,150,83
117000089,1288,202,1086
117000090,215,713,-498
117000091,668,169,499
117000092,276,708,-432
117000093,1000,562,438
117000094,863,1625,-762
117000095,2865,637,2228
117000096,423,1279,-856
117000097,1288,808,480
117000098,1610,2299,-689
117000099,2797,878,1919
117000100,181,231,-50
117000101,127,563,-436
117000102,1485,491,994
117000103,481,884,-403
117000104,1058,526,532
117000105,544,858,-314
117000106,924,515,409
117000107,398,908,-510
117000108,1329,811,518
117000109,1040,1307,-267
117000110,1246,838,408
117000111,2609,2799,-190
117000112,2496,1130,1366
117000113,86,106,-20
117000114,157,73,84
117000115,67,49,18
117000116,123,111,12
117000117,1001,755,246
117000118,200,88,112
117000119,169,149,20
117000120,113,420,-307
117000121,56,680,-624
117000122,223,704,-481
117000123,940,31,909
117000124,291,39,252
117000125,156,117,39
117000126,37,14,23
117000127,109,176,-67
117000128,260,571,-311
117000129,252,536,-284
117000130,98,2,96
117000131,0,71,-71
117000132,2183,11,2172
117000133,1336,30,1306
117000134,0,54,-54
117000135,3,37,-34
117000136,3,28,-25
117000137,65,99,-34
117000138,4,362,-358
117000140,342,883,-541
117000141,1308,375,933
117000181,293,170,123
117000182,359,343,16
117000195,110,492,-382
117000196,126,133,-7
117000225,93,31,62
117000226,2,106,-104
117000276,243,14,229
117000277,0,196,-196
117000310,1003,1476,-473
117000315,36,430,-394
117000320,62,0,62
117000906,362,13,349
117000907,7,185,-178
117000909,41,32,9
117000910,174,136,38
117000911,78,91,-13
117000915,4,282,-278
117000916,43,3,40
117000917,1013,29,984
117000918,59,51,8
117000919,4,52,-48
117000920,1,616,-615
117000921,0,577,-577
117000922,29,45,-16
117000924,337,582,-245
117000926,414,91,323
117000927,698,611,87
117000928,0,81,-81
117000929,187,140,47
117000930,171,6,165
117000931,183,98,85
117900002,89,261,-172
117900003,346,239,107
117900005,3,70,-67
117900006,0,11,-11
117900007,104,53,51
117900008,0,13,-13
117900010,162,51,111
117900011,13,131,-118
117900012,57,40,17
117900013,1,82,-81
117900014,346,66,280
117900015,17,49,-32
117900016,572,583,-11
117900017,325,190,135
117900018,147,111,36
117900019,288,122,166
117900020,38,321,-283
117900021,21,50,-29
117900022,35,8,27
117900023,619,54,565
117900024,45,54,-9
117900025,35,14,21
117900026,291,124,167
117900028,31,2,29
117900029,166,255,-89
117900030,289,145,144
117900031,93,78,15
117900032,569,342,227
117900033,145,271,-126
117900034,28,29,-1
117900035,134,40,94
117900036,156,195,-39
117900037,132,49,83
117900038,15,137,-122
117900039,5,39,-34
117900040,95,206,-111
117900041,5,17,-12
117900042,1739,183,1556
117900043,21,28,-7
117900044,2,1929,-1927
117900045,133,81,52
117900048,269,144,125
117900049,149,213,-64
117900050,9,91,-82
117900051,11,4,7
117900052,37,215,-178
117900053,1200,338,862
117900054,0,24,-24
117900055,180,107,73
117900056,101,39,62
117900057,716,699,17
117900058,37,39,-2
117900059,186,60,126
117900060,1682,2913,-1231
117900061,14,150,-136
117900063,276,96,180
117900065,399,723,-324
117900066,5,52,-47
117900067,452,71,381
117900069,492,134,358
117900070,107,39,68
117900071,84,96,-12
117900073,347,149,198
117900074,77,38,39
117900075,61,67,-6
117900076,13,39,-26
117900077,338,66,272
117900078,227,551,-324
117900080,100,28,72
117900081,340,193,147
117900082,234,283,-49
117900083,276,202,74
117900086,100,13,87
117900087,87,23,64
117900088,2074,1149,925
117900089,1405,472,933
117900090,322,231,91
117900091,99,97,2
117900092,65,15,50
117900093,71,18,53
117900094,30,29,1
117900095,263,275,-12
117900096,70,145,-75
117900097,117,19,98
117900098,37,15,22
117900099,131,135,-4
117900100,205,2,203
117900101,247,1082,-835
117900102,44,14,30
117900103,33,5,28
117900104,19,81,-62
117900105,114,135,-21
117900106,58,18,40
117900107,43,3,40
117900109,496,224,272
117900110,69,0,69
117900111,230,17,213
117900112,28,6,22
117900113,1265,1079,186
117900114,22,1,21
117900115,133,44,89
117900116,462,453,9
117900117,448,145,303
117900118,59,0,59
117900119,174,119,55
117900120,159,35,124
117900121,54,8,46
117900122,905,2182,-1277
117900123,490,266,224
117900124,425,397,28
117900125,1182,1479,-297
117900126,157,301,-144
117900127,369,203,166
117900128,254,258,-4
117900129,40,1,39
117900130,404,204,200
117900131,2,83,-81
117900132,9,54,-45
117900133,5,65,-60
117900134,39,82,-43
117900135,9,74,-65
117900136,0,25,-25
117900137,30,160,-130
117900138,1,18,-17
117900139,154,65,89
117900140,1863,152,1711
117900141,161,154,7
117900142,39,49,-10
117900144,50,148,-98
117900145,23,51,-28
117900146,155,123,32
117900147,70,40,30
117900148,1278,1024,254
117900149,96,114,-18
117900150,22,24,-2
117900151,20,62,-42
117900152,55,27,28
117900153,14,73,-59
117900154,283,368,-85
117900156,609,549,60
117900157,81,358,-277
117900158,171,50,121
117900160,447,566,-119
117900161,1676,1259,417
117900162,324,302,22
117900163,58,108,-50
117900165,0,9,-9
117900166,55,328,-273
117900168,33,104,-71
117900169,2,48,-46
117900170,0,8,-8
117900171,2,13,-11
117900172,6,22,-16
117900173,107,55,52
117900174,17,28,-11
117900175,3,17,-14
117900176,19,18,1
117900177,11,21,-10
117900178,71,25,46
117900180,128,25,103
117900181,67,275,-208
117900182,7,28,-21
117900183,57,113,-56
117900184,5,31,-26
117900185,38,28,10
117900186,61,26,35
117900187,9,10,-1
117900188,99,52,47
117900189,34,51,-17
117900190,25,0,25
117900191,97,0,97
117900192,216,5,211
117900193,6,44,-38
117900194,4,5,-1
117900195,6,19,-13
117900196,13,26,-13
117900207,95,93,2
117900208,33,17,16
117900209,164,95,69
117900210,68,109,-41
117900211,3,94,-91
117900212,62,89,-27
117900213,11,7,4
117900214,7,42,-35
117900215,17,26,-9
117900216,34,21,13
117900217,63,232,-169
117900218,100,81,19
117900219,1,83,-82
117900220,72,86,-14
117900222,129,151,-22
117900223,75,224,-149
118000001,595,765,-170
118000002,427,1011,-584
118000003,1755,2353,-598
118000004,1682,1663,19
118000005,3020,3439,-419
118000006,2708,5531,-2823
118000007,3362,3036,326
118000008,2291,3039,-748
118000009,1055,1710,-655
118000010,2742,2809,-67
118000011,939,1240,-301
118000012,589,1009,-420
118000013,1523,1424,99
118000014,1262,1257,5
118000016,162,204,-42
118000017,373,313,60
118000018,227,229,-2
118000019,1470,1273,197
118000020,835,2229,-1394
118000021,549,2394,-1845
118000022,1192,599,593
118000023,659,248,411
118000024,891,840,51
118000027,7739,7632,107
118000029,614,537,77
118000032,613,2228,-1615
118000033,1804,3992,-2188
118000034,3100,2050,1050
118000035,1181,1994,-813
118000036,651,966,-315
118000037,623,636,-13
118000038,179,62,117
118000039,66,127,-61
118000040,1061,913,148
118000041,1726,870,856
118000045,229,129,100
118000046,863,459,404
118000047,543,868,-325
118000048,1633,1652,-19
118000051,970,1133,-163
118000052,468,404,64
118000053,210,533,-323
118000054,969,1363,-394
118000055,835,1618,-783
118000056,120,279,-159
118000057,134,398,-264
118000058,1241,1324,-83
118000059,1015,942,73
118000060,638,398,240
118000061,859,875,-16
118000062,331,197,134
118000063,208,462,-254
118000064,586,764,-178
118000065,2054,976,1078
118000066,529,1170,-641
118000067,500,657,-157
118000068,1049,3387,-2338
118000069,1758,719,1039
118000070,3080,1213,1867
118000071,2108,4649,-2541
118000072,945,1058,-113
118000073,887,518,369
118000074,343,591,-248
118000075,457,227,230
118000076,955,2353,-1398
118000077,1066,1046,20
118000078,1277,1588,-311
118000079,146,320,-174
118000080,724,683,41
118000081,1397,1112,285
118000082,251,900,-649
118000083,1193,1271,-78
118000084,2129,1204,925
118000086,202,384,-182
118000087,3190,1839,1351
118000088,1308,1231,77
118000089,2329,1516,813
118000090,1026,1928,-902
118000091,686,1692,-1006
118000092,677,437,240
118000093,83,518,-435
118000096,358,444,-86
118000097,637,541,96
118000098,244,108,136
118000099,406,413,-7
118000101,893,270,623
118000102,317,680,-363
118000107,829,310,519
118000108,409,1641,-1232
118000110,0,12,-12
118000111,3,148,-145
118000112,361,7,354
118000113,4,238,-234
118000114,320,7,313
118000115,10,3,7
118000116,21,2,19
118000117,761,504,257
118000118,734,907,-173
118000119,660,955,-295
118000120,1183,831,352
118000121,85,514,-429
118000122,952,305,647
118000123,41,208,-167
118000125,1174,566,608
118000126,492,987,-495
118000127,1224,489,735
118000128,492,774,-282
118000129,759,505,254
118000130,1412,2126,-714
118000131,362,554,-192
118000132,2317,1724,593
118000133,809,413,396
118000135,456,339,117
118000136,135,344,-209
118000137,459,68,391
118000138,268,367,-99
118000139,417,81,336
118000140,1816,3343,-1527
118000141,1685,1328,357
118000142,1498,1056,442
118000143,1626,652,974
118000144,636,396,240
118000145,971,963,8
118000146,865,490,375
118000147,567,809,-242
118000148,336,682,-346
118000149,621,494,127
118000150,292,183,109
118000151,350,258,92
118000153,1143,659,484
118000154,1086,882,204
118000155,1107,829,278
118000156,1225,1558,-333
118000157,384,273,111
118000158,182,275,-93
118000159,16,61,-45
118000160,375,204,171
118000161,330,361,-31
118000162,929,707,222
118000163,633,529,104
118000164,1317,769,548
118000168,425,393,32
118000169,746,766,-20
118000170,2173,2410,-237
118000171,238,357,-119
118000172,104,155,-51
118000173,610,922,-312
118000175,177,230,-53
118000176,193,272,-79
118000177,162,380,-218
118000178,39,39,0
118000179,626,623,3
118000180,511,429,82
118000181,490,142,348
118000182,174,152,22
118000183,198,189,9
118000184,722,404,318
118000185,582,777,-195
118000186,434,637,-203
118000187,888,326,562
118000188,429,102,327
118000189,470,304,166
118000190,7,12,-5
118000191,33,10,23
118000192,141,381,-240
118000193,91,339,-248
118000194,940,645,295
118000195,419,945,-526
118000196,195,137,58
118000197,86,146,-60
118000198,244,514,-270
118000199,242,265,-23
118000200,54,213,-159
118000201,353,380,-27
118000202,71,63,8
118000203,498,469,29
118000204,87,336,-249
118000205,114,192,-78
118000206,149,115,34
118000207,0,34,-34
118000208,1155,1073,82
118000209,1307,906,401
118000210,57,22,35
118000211,31,33,-2
118000213,352,1155,-803
118000214,342,383,-41
118000215,258,90,168
118000216,1528,1004,524
118000217,16,37,-21
118000218,45,48,-3
118000219,226,143,83
118000220,0,22,-22
118000221,201,183,18
118000222,41,5,36
118000223,59,27,32
118000224,115,46,69
118000225,119,326,-207
118000226,686,113,573
118000227,439,303,136
118000228,102,142,-40
118000229,84,66,18
118000230,85,77,8
118000231,45,107,-62
118000232,607,339,268
118000233,766,478,288
118000234,329,83,246
118000236,183,156,27
118000237,85,202,-117
118000238,158,57,101
118000239,184,170,14
118000240,181,110,71
118000241,145,73,72
118000242,227,216,11
118000243,207,109,98
118000244,30,55,-25
118000246,0,13,-13
118000255,34,215,-181
118000256,148,186,-38
118000259,13,18,-5
118000260,110,45,65
118000261,23,22,1
118000263,55,81,-26
118000266,68,115,-47
118000267,0,57,-57
118000268,293,45,248
118000270,83,9,74
118000271,207,140,67
118000272,81,21,60
118000273,98,46,52
118000274,81,136,-55
118000276,389,172,217
118000295,18,67,-49
118000298,76,114,-38
118000299,37,91,-54
118000301,0,29,-29
118000302,54,25,29
118000311,375,46,329
118000312,193,99,94
118000313,31,46,-15
118000314,52,37,15
118000315,13,19,-6
118000316,471,264,207
118000325,21,24,-3
118000326,8,25,-17
118000331,8,34,-26
118000332,6,14,-8
118000333,16,47,-31
118000335,306,0,306
118000336,0,119,-119
118000407,151,36,115
118000457,2,37,-35
118000465,1578,2202,-624
118000480,24,45,-21
118000489,29,297,-268
118000490,27,160,-133
118000492,250,116,134
118000510,33,18,15
118000514,141,143,-2
118000515,504,452,52
118000517,208,135,73
118000524,149,174,-25
118000525,448,528,-80
118000530,15,88,-73
118000531,221,163,58
118000532,172,144,28
118000533,186,91,95
118000534,330,279,51
118000535,231,83,148
118000536,268,823,-555
118000537,14,94,-80
118000538,15,25,-10
118000539,2,68,-66
118000540,174,70,104
118000541,94,40,54
118000542,90,119,-29
118000543,134,105,29
118000546,22,16,6
118000553,0,1,-1
118000560,1002,1381,-379
118000562,22,54,-32
118000563,931,772,159
118000576,147,80,67
118000577,137,124,13
118000578,156,105,51
118000579,355,764,-409
118000583,0,0,0
118000595,146,57,89
118000596,0,55,-55
118000597,123,74,49
118000598,8,0,8
118000599,64,44,20
118000600,10,5,5
118000601,3,0,3
118000602,0,2,-2
118000603,0,21,-21
118000605,48,119,-71
118900001,331,786,-455
118900002,393,540,-147
118900003,276,7,269
118900004,42,28,14
118900005,40,8,32
118900006,143,5,138
118900007,6,0,6
118900008,772,24,748
118900009,63,46,17
118900010,39,6,33
118900011,96,24,72
118900012,252,100,152
118900013,337,128,209
118900015,107,24,83
118900016,7,3,4
118900017,142,228,-86
118900018,592,17,575
118900019,16,26,-10
118900020,94,107,-13
118900021,90,220,-130
118900022,77,51,26
118900023,79,55,24
118900024,58,62,-4
118900025,57,24,33
118900026,44,48,-4
118900027,272,139,133
118900028,147,71,76
118900029,152,199,-47
118900030,278,43,235
118900031,106,50,56
118900032,143,97,46
118900033,264,350,-86
118900034,101,18,83
118900035,74,99,-25
118900036,775,380,395
118900037,242,247,-5
118900038,257,82,175
118900039,382,91,291
118900040,126,82,44
118900041,298,75,223
118900042,113,53,60
118900045,143,84,59
118900046,547,267,280
118900047,293,149,144
118900048,101,171,-70
118900049,18,33,-15
118900050,18,30,-12
118900051,69,95,-26
118900052,206,195,11
118900053,26,59,-33
118900054,86,34,52
118900055,57,40,17
118900056,52,229,-177
118900057,463,301,162
118900058,307,231,76
118900059,8,58,-50
118900060,38,58,-20
118900062,173,100,73
118900064,281,398,-117
118900065,54,84,-30
118900066,43,43,0
118900067,2589,2409,180
118900068,6,139,-133
118900069,273,130,143
118900071,4,24,-20
118900072,400,204,196
118900073,134,44,90
118900074,99,70,29
118900075,34,19,15
118900076,141,88,53
118900077,113,96,17
118900078,28,5,23
118900079,46,109,-63
118900080,20,70,-50
118900081,81,32,49
118900082,552,99,453
118900083,18,2,16
118900084,5,10,-5
118900085,361,422,-61
118900086,20,72,-52
118900087,31,108,-77
118900088,0,2,-2
118900089,28,12,16
118900090,350,196,154
118900091,84,140,-56
118900092,99,42,57
118900093,73,13,60
118900096,54,104,-50
118900097,181,184,-3
118900099,41,105,-64
118900100,87,104,-17
118900101,67,154,-87
118900102,23,58,-35
118900103,14,64,-50
118900104,141,81,60
118900105,128,53,75
118900107,61,27,34
118900108,53,50,3
118900110,790,573,217
118900111,307,245,62
118900112,57,135,-78
118900113,77,200,-123
118900114,10,54,-44
118900115,57,223,-166
118900116,89,101,-12
118900117,84,108,-24
118900118,202,175,27
118900119,107,113,-6
118900120,46,163,-117
118900121,7,79,-72
118900122,6,487,-481
118900123,113,136,-23
118900124,79,112,-33
118900126,28,247,-219
118900129,151,155,-4
118900130,51,176,-125
118900131,156,119,37
118900132,189,152,37
118900133,7,91,-84
118900135,113,129,-16
118900136,136,222,-86
118900137,1,46,-45
118900139,129,170,-41
118900140,282,291,-9
118900141,62,66,-4
118900144,109,156,-47
118900145,32,46,-14
118900146,206,366,-160
118900147,116,86,30
118900148,47,30,17
118900150,109,388,-279
118900152,325,393,-68
118900157,40,133,-93
118900158,65,46,19
118900159,0,95,-95
118900161,42,4,38
118900163,73,49,24
118900164,0,55,-55
118900165,44,78,-34
118900166,11,1,10
118900167,71,37,34
118900168,6,90,-84
118900169,87,144,-57
118900170,108,35,73
118900171,31,22,9
118900174,45,27,18
118900175,316,337,-21
118900176,122,137,-15
118900177,43,34,9
118900178,55,73,-18
118900179,2,9,-7
118900181,47,39,8
118900182,43,32,11
118900183,16,95,-79
118900184,187,46,141
118900185,67,45,22
118900186,62,58,4
118900187,112,160,-48
118900188,165,144,21
118900189,23,424,-401
118900190,14,165,-151
118900191,112,24,88
118900192,178,8,170
118900193,369,4,365
118900195,176,314,-138
118900196,16,56,-40
118900197,100,30,70
118900198,12,9,3
118900199,47,25,22
118900200,18,9,9
118900201,12,27,-15
118900202,5,21,-16
118900203,5,17,-12
118900204,2,10,-8
118900205,1,3,-2
118900206,1,5,-4
119000001,918,1339,-421
119000002,2408,2624,-216
119000003,1636,571,1065
119000004,1339,959,380
119000005,1163,1201,-38
119000006,2186,1021,1165
119000007,2370,2037,333
119000008,1562,1204,358
119000009,2395,3201,-806
119000010,3843,2909,934
119000011,2748,2436,312
119000012,2247,2358,-111
119000013,2186,1454,732
119000014,1225,1845,-620
119000019,197,101,96
119000020,1463,933,530
119000021,3220,1738,1482
119000022,1213,1401,-188
119000023,212,247,-35
119000024,1302,8206,-6904
119000025,3850,938,2912
119000026,142,429,-287
119000027,196,332,-136
119000028,1217,617,600
119000029,91,242,-151
119000030,409,643,-234
119000031,579,388,191
119000032,1089,1625,-536
119000033,1715,912,803
119000034,811,640,171
119000035,33,172,-139
119000036,1553,513,1040
119000037,957,947,10
119000038,134,440,-306
119000039,344,246,98
119000040,639,573,66
119000041,587,1056,-469
119000048,2180,1772,408
119000049,1450,1246,204
119000050,1023,1160,-137
119000051,1402,754,648
119000052,1244,1654,-410
119000053,1693,819,874
119000054,2649,1810,839
119000055,3426,1886,1540
119000056,2120,1236,884
119000057,1228,1093,135
119000058,1445,1065,380
119000059,926,977,-51
119000060,1183,757,426
119000061,783,489,294
119000062,936,872,64
119000063,370,374,-4
119000064,585,573,12
119000065,1157,1814,-657
119000066,1592,869,723
119000067,1490,1271,219
119000068,1296,726,570
119000069,1170,1329,-159
119000070,1923,673,1250
119000071,356,467,-111
119000072,3106,1871,1235
119000073,2896,4743,-1847
119000074,1008,1185,-177
119000075,1680,1346,334
119000076,281,761,-480
119000077,494,340,154
119000078,274,158,116
119000079,82,426,-344
119000080,349,117,232
119000081,192,308,-116
119000082,571,169,402
119000083,451,261,190
119000084,208,260,-52
119000085,361,150,211
119000086,236,326,-90
119000087,1171,532,639
119000088,353,190,163
119000089,64,143,-79
119000090,115,90,25
119000091,111,278,-167
119000092,318,144,174
119000093,2585,1645,940
119000094,2429,3297,-868
119000095,1426,1908,-482
119000097,1443,806,637
119000098,750,1999,-1249
119000099,1715,972,743
119000100,3053,2240,813
119000101,2284,1450,834
119000102,466,1155,-689
119000103,847,510,337
119000104,1439,636,803
119000105,697,1590,-893
119000106,218,681,-463
119000107,810,293,517
119000108,303,545,-242
119000109,57,271,-214
119000110,252,211,41
119000111,18,474,-456
119000112,126,55,71
119000113,1233,128,1105
119000114,679,686,-7
119000115,70,90,-20
119000116,63,65,-2
119000117,73,246,-173
119000118,3,1,2
119000123,1894,1555,339
119000124,457,124,333
119000125,2981,459,2522
119000126,956,453,503
119000127,488,255,233
119000128,10,3,7
119000131,796,367,429
119000132,2,2,0
119000133,1,2,-1
119000134,1265,425,840
119000135,140,110,30
119000136,189,128,61
119000137,223,167,56
119000138,362,143,219
119000139,228,137,91
119000140,162,223,-61
119000284,826,1579,-753
119000285,1446,1215,231
119000286,4483,3563,920
119000287,948,1209,-261
119000288,1407,809,598
119000289,1138,1519,-381
119000290,160,253,-93
119000291,3,183,-180
119000293,144,114,30
119000294,56,18,38
119000295,770,212,558
119000296,216,116,100
119000299,0,0,0
119000302,1373,796,577
119000303,23,105,-82
119000310,0,0,0
119000314,1087,7781,-6694
119000315,1,184,-183
119000316,91,68,23
119000317,74,153,-79
119900001,184,854,-670
119900002,95,181,-86
119900003,42,562,-520
119900004,195,861,-666
119900005,130,60,70
119900006,146,265,-119
119900007,988,184,804
119900008,31,25,6
119900009,407,450,-43
119900010,450,669,-219
119900011,11,86,-75
119900012,19,78,-59
119900013,1462,881,581
119900014,331,113,218
119900015,81,21,60
119900016,24,42,-18
119900017,23,23,0
119900018,1139,651,488
119900019,27,7,20
119900020,94,132,-38
119900021,111,39,72
119900022,69,559,-490
119900023,258,1298,-1040
119900025,163,14,149
119900026,463,123,340
119900027,18,7,11
119900028,138,115,23
119900029,1,5,-4
119900030,352,261,91
119900031,60,374,-314
119900033,1074,248,826
119900034,327,62,265
119900037,135,15,120
119900038,49,264,-215
119900039,16,10,6
119900040,69,23,46
119900041,67,11,56
119900042,51,86,-35
119900043,54,72,-18
119900044,153,571,-418
119900046,121,17,104
119900047,235,57,178
119900048,30,19,11
119900049,109,2,107
119900050,74,99,-25
119900051,826,9,817
119900052,41,8,33
119900053,174,86,88
119900054,109,10,99
119900055,957,275,682
119900057,168,37,131
119900058,203,4,199
119900059,80,28,52
119900060,181,17,164
119900061,108,5,103
119900062,68,11,57
119900063,7,29,-22
119900065,184,14,170
119900066,0,2,-2
119900067,54,14,40
119900068,437,1,436
119900069,96,8,88
119900070,566,1,565
119900071,484,14,470
119900073,1061,443,618
119900074,18,22,-4
119900075,2341,1500,841
119900076,630,182,448
119900077,646,539,107
119900078,483,584,-101
119900079,242,110,132
119900080,356,288,68
119900081,387,87,300
119900082,816,58,758
119900083,296,108,188
119900084,362,210,152
119900085,30,36,-6
119900086,313,480,-167
119900087,200,260,-60
119900088,27,26,1
119900089,19,281,-262
119900090,81,24,57
119900091,17,478,-461
119900092,25,262,-237
119900093,836,124,712
119900094,30,96,-66
119900095,130,63,67
119900096,22,72,-50
119900097,312,129,183
119900098,18,42,-24
119900099,28,119,-91
119900100,1198,2414,-1216
119900101,105,959,-854
119900102,36,140,-104
119900103,41,160,-119
119900104,30,86,-56
119900105,507,1253,-746
119900106,8,66,-58
119900107,199,1300,-1101
119900108,2100,423,1677
119900109,17,84,-67
119900110,655,357,298
119900111,87,193,-106
119900112,808,346,462
119900113,65,193,-128
119900114,200,558,-358
119900115,234,648,-414
119900116,94,260,-166
119900117,223,371,-148
119900118,81,527,-446
119900119,145,138,7
119900120,470,312,158
119900121,322,507,-185
119900122,413,255,158
119900123,131,164,-33
119900124,152,415,-263
119900125,26,162,-136
119900126,2010,236,1774
119900127,1282,615,667
119900128,308,342,-34
119900129,158,275,-117
119900130,22,126,-104
119900131,30,141,-111
119900132,3,131,-128
119900133,35,51,-16
119900134,837,127,710
119900135,2,189,-187
119900136,135,186,-51
119900138,222,292,-70
119900139,2,58,-56
119900140,0,81,-81
119900141,83,527,-444
119900142,11,19,-8
119900143,13,131,-118
119900144,921,156,765
119900145,74,95,-21
119900146,81,91,-10
119900147,0,86,-86
119900148,165,32,133
119900149,466,2592,-2126
119900150,94,121,-27
119900151,943,529,414
119900152,80,124,-44
119900153,99,47,52
119900154,13,179,-166
119900155,31,32,-1
119900156,32,9,23
119900157,79,108,-29
119900158,129,53,76
119900159,5,684,-679
119900160,35,64,-29
119900161,93,83,10
119900162,601,782,-181
119900163,94,90,4
119900164,1,0,1
119900165,130,97,33
119900166,54,27,27
119900167,73,45,28
119900168,743,299,444
119900169,18,164,-146
119900170,140,204,-64
119900171,648,235,413
119900172,71,9,62
119900173,1,167,-166
119900174,2,91,-89
119900175,918,413,505
119900177,14,110,-96
119900178,10,73,-63
119900179,80,387,-307
119900180,728,652,76
119900181,43,89,-46
119900182,13,186,-173
119900183,96,491,-395
119900184,1129,356,773
119900185,42,163,-121
119900186,24,716,-692
119900187,8,192,-184
119900188,69,196,-127
119900189,244,293,-49
119900190,64,204,-140
119900191,183,189,-6
119900192,21,92,-71
119900193,234,83,151
119900194,21,73,-52
119900195,28,95,-67
119900196,585,218,367
119900197,224,132,92
119900198,80,157,-77
119900199,121,17,104
119900200,459,423,36
119900201,239,112,127
119900202,41,158,-117
119900203,158,436,-278
119900204,211,163,48
119900205,592,303,289
119900206,203,92,111
119900208,137,98,39
119900209,330,951,-621
119900210,13,22,-9
119900211,65,2,63
119900212,209,128,81
119900213,6,58,-52
119900214,14,54,-40
119900215,49,48,1
119900216,6,28,-22
119900217,6,29,-23
119900218,8,44,-36
119900219,8,49,-41
119900220,6,36,-30
119900221,15,121,-106
119900222,6,119,-113
119900223,5,38,-33
119900224,9,8,1
119900225,462,38,424
119900226,394,1296,-902
119900227,665,168,497
119900228,17,162,-145
119900229,220,250,-30
119900230,855,299,556
119900231,203,112,91
119900232,130,82,48
119900233,36,5,31
119900234,9,36,-27
119900235,6,41,-35
119900236,6,97,-91
119900237,36,220,-184
119900238,2,61,-59
119900240,49,96,-47
119900241,140,152,-12
119900242,754,796,-42
119900244,461,747,-286
119900245,78,107,-29
119900246,226,414,-188
119900247,19,107,-88
119900248,58,190,-132
119900249,156,49,107
119900253,1257,254,1003
119900254,93,545,-452
119900255,45,468,-423
119900256,411,494,-83
119900257,74,3,71
119900258,79,4,75
119900259,15,73,-58
119900260,107,3,104
119900261,227,70,157
119900262,1,94,-93
119900263,832,225,607
119900264,56,84,-28
119900265,277,180,97
119900266,241,135,106
119900267,142,214,-72
119900268,118,85,33
119900269,756,517,239
119900271,18,50,-32
119900272,117,174,-57
119900275,93,5,88
119900276,67,2,65
119900277,13,8,5
119900278,133,49,84
119900279,59,140,-81
119900280,461,113,348
119900281,3,180,-177
119900282,34,76,-42
119900283,8,125,-117
119900284,43,96,-53
119900285,16,53,-37
119900286,1,5,-4
119900288,7,12,-5
119900289,4,47,-43
119900290,3,10,-7
119900291,1,61,-60
119900292,38,29,9
119900293,13,13,0
119900294,17,20,-3
119900295,8,10,-2
119900296,13,36,-23
119900297,0,0,0
119900298,1,1,0
119900299,45,85,-40
119900300,121,82,39
119900301,14,18,-4
119900302,24,21,3
119900303,154,104,50
119900304,126,16,110
119900305,6,67,-61
119900306,9,0,9
119900307,23,43,-20
119900308,4,16,-12
119900309,21,88,-67
119900310,175,190,-15
119900311,57,97,-40
119900312,47,41,6
119900313,198,153,45
119900314,156,285,-129
119900315,1656,1179,477
119900318,13,24,-11
119900319,0,153,-153
119900320,152,251,-99
119900321,42,2,40
119900322,12,32,-20
119900323,1,65,-64
119900324,0,14,-14
119900325,90,83,7
119900326,23,16,7
120000001,4277,11462,-7185
120000002,2110,1792,318
120000003,2319,1201,1118
120000004,1999,1367,632
120000005,2961,1638,1323
120000006,1039,1022,17
120000007,2684,2344,340
120000008,785,929,-144
120000009,1474,787,687
120000010,1562,1617,-55
120000011,777,1124,-347
120000012,1101,1732,-631
120000013,2374,1891,483
120000014,501,1031,-530
120000015,1602,1151,451
120000016,3085,1718,1367
120000017,2238,1748,490
120000018,2850,8574,-5724
120000019,743,1069,-326
120000020,2258,2466,-208
120000021,1593,1952,-359
120000022,2196,3008,-812
120000023,962,1305,-343
120000024,1148,1820,-672
120000025,2167,1604,563
120000026,1795,1422,373
120000027,1917,1723,194
120000028,439,1078,-639
120000029,1504,874,630
120000030,161,715,-554
120000031,1469,3735,-2266
120000032,4982,2592,2390
120000033,3244,1160,2084
120000034,1613,1013,600
120000035,1582,1248,334
120000036,2207,3257,-1050
120000037,551,1199,-648
120000038,3440,2355,1085
120000039,484,650,-166
120000040,47,320,-273
120000041,1188,1019,169
120000042,1403,1506,-103
120000043,3743,1116,2627
120000044,4337,1020,3317
120000045,5005,752,4253
120000046,2791,1941,850
120000047,603,3857,-3254
120000048,4882,3072,1810
120000049,2790,2216,574
120000050,2356,2601,-245
120000051,1939,2821,-882
120000052,5278,1722,3556
120000053,1053,1389,-336
120000054,1077,2500,-1423
120000055,1399,3004,-1605
120000056,3383,2442,941
120000057,2480,949,1531
120000058,2796,1202,1594
120000059,5,1362,-1357
120000061,72,413,-341
120000062,167,253,-86
120000063,1111,1620,-509
120000064,155,661,-506
120000065,430,898,-468
120000066,155,370,-215
120000067,50,381,-331
120000068,167,456,-289
120000069,417,589,-172
120000070,61,431,-370
120000071,486,98,388
120000072,733,329,404
120000073,764,98,666
120000074,142,86,56
120000075,743,238,505
120000076,1671,356,1315
120000077,1479,585,894
120000078,2693,1069,1624
120000079,343,236,107
120000080,157,198,-41
120000081,316,162,154
120000082,261,228,33
120000083,95,579,-484
120000084,299,178,121
120000085,235,193,42
120000086,232,296,-64
120000087,175,267,-92
120000088,604,705,-101
120000089,945,357,588
120000090,531,342,189
120000091,628,717,-89
120000092,803,404,399
120000093,409,314,95
120000094,149,527,-378
120000095,753,270,483
120000096,246,412,-166
120000098,700,567,133
120000099,273,528,-255
120000100,648,656,-8
120000101,451,320,131
120000102,403,754,-351
120000103,1267,776,491
120000104,1385,345,1040
120000105,2356,446,1910
120000106,1982,513,1469
120000107,3094,491,2603
120000108,1080,119,961
120000109,921,71,850
120000110,58,566,-508
120000111,111,632,-521
120000112,600,1461,-861
120000113,468,1150,-682
120000114,764,1414,-650
120000115,267,1213,-946
120000116,465,1039,-574
120000117,643,709,-66
120000118,38,19,19
120000119,20,51,-31
120000120,64,61,3
120000121,18,54,-36
120000122,175,234,-59
120000123,2249,4251,-2002
120000124,347,261,86
120000125,370,384,-14
120000126,238,753,-515
120000127,1385,736,649
120000128,2075,2876,-801
120000129,196,210,-14
120000130,681,393,288
120000131,254,519,-265
120000134,234,565,-331
120000135,372,290,82
120000137,193,600,-407
120000138,777,237,540
120000139,211,317,-106
120000140,637,311,326
120000141,180,236,-56
120000142,448,353,95
120000143,0,60,-60
120000144,82,1,81
120000145,340,1,339
120000146,788,651,137
120000149,441,695,-254
120000150,1937,8268,-6331
120000151,331,303,28
120000152,331,110,221
120000153,183,296,-113
120000154,441,357,84
120000155,99,197,-98
120000156,487,916,-429
120000157,726,428,298
120000158,650,582,68
120000159,1393,1708,-315
120000160,1866,1188,678
120000161,1752,1641,111
120000162,72,262,-190
120000163,519,774,-255
120000164,438,241,197
120000165,458,407,51
120000166,1329,357,972
120000167,108,109,-1
120000168,9,295,-286
120000169,34,1333,-1299
120000170,28,867,-839
120000171,12,367,-355
120000172,15,284,-269
120000173,1605,993,612
120000174,211,33,178
120000175,128,43,85
120000176,162,55,107
120000177,892,109,783
120000178,27,13,14
120000179,89,32,57
120000180,182,85,97
120000181,50,783,-733
120000182,26,376,-350
120000183,9,249,-240
120000184,99,976,-877
120000186,53,534,-481
120000187,28,331,-303
120000188,51,393,-342
120000190,470,28,442
120000191,319,65,254
120000192,535,17,518
120000193,136,4,132
120000195,19,4,15
120000196,117,21,96
120000197,36,60,-24
120000198,116,44,72
120000199,120,0,120
120000200,97,4,93
120000201,23,20,3
120000202,4,32,-28
120000203,46,113,-67
120000207,1,62,-61
120000208,7,113,-106
120000209,9,38,-29
120000210,35,29,6
120000211,130,3,127
120000212,191,4,187
120000213,133,144,-11
120000214,0,133,-133
120000215,0,53,-53
120000216,88,13,75
120000217,331,714,-383
120000218,127,472,-345
120000219,3,249,-246
120000220,7,873,-866
120000225,1362,7,1355
120000226,329,6,323
120000227,722,75,647
120000228,6793,2287,4506
120000230,314,6,308
120000231,1026,1229,-203
120000233,287,11,276
120000235,170,387,-217
120000236,804,4,800
120000237,2,723,-721
120000238,1,647,-646
120000241,978,2725,-1747
120000412,474,9,465
120000413,227,144,83
120000414,151,2,149
120000415,0,81,-81
120000416,102,11,91
120000417,8,58,-50
120000418,153,6,147
120000419,10,116,-106
120000420,38,15,23
120000421,6043,4104,1939
120000422,106,1257,-1151
120000423,4,48,-44
120000424,82,100,-18
120000436,116,572,-456
120000437,107,91,16
120000438,1226,155,1071
120000439,165,428,-263
120000443,187,1,186
120000444,1277,282,995
120000445,1360,777,583
120000446,503,129,374
120000447,186,1,185
120000449,160,4,156
120000450,14,99,-85
120000451,103,126,-23
120000452,285,6,279
120000453,2,174,-172
120000454,111,75,36
120000455,65,45,20
120000456,1627,2543,-916
120000457,550,351,199
120000458,282,383,-101
120000459,44,32,12
120000665,324,204,120
120000668,56,734,-678
120000669,73,128,-55
120000670,108,712,-604
120000671,911,338,573
120000672,79,437,-358
120900001,50,91,-41
120900002,162,290,-128
120900003,93,5,88
120900004,6,79,-73
120900005,102,481,-379
120900006,389,175,214
120900007,143,61,82
120900008,276,722,-446
120900009,446,37,409
120900010,351,82,269
120900011,101,135,-34
120900012,115,803,-688
120900013,264,75,189
120900014,42,237,-195
120900015,464,53,411
120900016,743,49,694
120900017,1347,56,1291
120900018,84,202,-118
120900019,425,345,80
120900020,504,975,-471
120900021,636,169,467
120900022,83,219,-136
120900023,259,24,235
120900024,1249,270,979
120900025,1214,802,412
120900026,74,94,-20
120900027,651,24,627
120900028,314,107,207
120900029,119,416,-297
120900030,1132,603,529
120900031,218,107,111
120900032,976,73,903
120900033,774,46,728
120900034,35,1891,-1856
120900035,32,50,-18
120900037,188,7,181
120900038,45,256,-211
120900039,50,45,5
120900040,217,2,215
120900041,76,21,55
120900042,503,40,463
120900043,38,50,-12
120900044,9,233,-224
120900045,92,32,60
120900046,354,7,347
120900047,95,72,23
120900048,109,25,84
120900049,418,2,416
120900050,947,904,43
120900051,310,102,208
120900052,467,3,464
120900053,252,21,231
120900054,1059,325,734
120900055,302,1,301
120900056,449,9,440
120900057,122,12,110
120900058,431,0,431
120900059,69,4,65
120900060,52,19,33
120900061,199,166,33
120900062,202,0,202
120900063,518,5,513
120900064,515,0,515
120900065,531,5,526
120900066,285,223,62
120900067,172,87,85
120900068,224,1,223
120900069,217,27,190
120900071,12,0,12
120900072,613,3,610
120900073,488,90,398
120900074,382,72,310
120900076,261,0,261
120900077,1494,143,1351
120900078,721,528,193
120900079,645,63,582
120900080,662,992,-330
120900081,683,442,241
120900082,346,286,60
120900083,111,5,106
120900084,222,373,-151
120900085,59,98,-39
120900086,57,266,-209
120900087,312,334,-22
120900088,162,339,-177
120900089,1629,2011,-382
120900090,193,85,108
120900091,494,757,-263
120900092,860,301,559
120900093,1145,105,1040
120900094,308,94,214
120900095,205,17,188
120900096,27,124,-97
120900097,457,375,82
120900098,144,98,46
120900099,27,43,-16
120900100,50,109,-59
120900101,408,126,282
120900102,19,58,-39
120900103,44,147,-103
120900104,21,36,-15
120900105,37,302,-265
120900106,991,334,657
120900107,196,105,91
120900108,9,333,-324
120900109,30,348,-318
120900110,8,331,-323
120900111,120,193,-73
120900112,8,482,-474
120900113,11,449,-438
120900114,22,86,-64
120900115,129,224,-95
120900116,298,201,97
120900117,0,279,-279
120900118,12,425,-413
120900119,3711,2397,1314
120900120,61,299,-238
120900121,43,266,-223
120900122,379,207,172
120900123,5,182,-177
120900124,1,362,-361
120900125,2,311,-309
120900126,1123,583,540
120900127,11,229,-218
120900128,963,878,85
120900129,40,130,-90
120900130,4,301,-297
120900131,54,40,14
120900132,850,136,714
120900133,82,467,-385
120900134,626,218,408
120900135,4,303,-299
120900136,36,75,-39
120900137,162,43,119
120900138,30,136,-106
120900139,1,377,-376
120900140,10,51,-41
120900141,87,131,-44
120900142,18,226,-208
120900143,1,414,-413
120900144,0,77,-77
120900145,63,495,-432
120900146,2,462,-460
120900147,3,317,-314
120900148,99,93,6
120900149,1,130,-129
120900150,29,327,-298
120900151,0,295,-295
120900152,0,25,-25
120900153,51,50,1
120900154,0,138,-138
120900155,173,593,-420
120900156,42,196,-154
120900157,62,215,-153
120900158,76,390,-314
120900159,161,332,-171
120900160,7,471,-464
120900161,72,377,-305
120900162,69,499,-430
120900163,82,527,-445
120900164,0,32,-32
120900165,21,134,-113
120900166,48,426,-378
120900167,196,94,102
120900169,85,204,-119
120900170,562,2214,-1652
120900171,602,162,440
120900172,290,880,-590
120900173,0,41,-41
120900174,6,56,-50
120900175,167,103,64
120900176,11,304,-293
120900177,1,761,-760
120900178,1,371,-370
120900179,645,233,412
120900180,70,117,-47
120900181,26,29,-3
120900182,13,225,-212
120900183,452,31,421
120900184,232,33,199
120900185,4,139,-135
120900186,0,258,-258
120900187,370,662,-292
120900188,162,6,156
120900189,57,1023,-966
120900190,81,7,74
120900191,7,17,-10
120900192,4664,5508,-844
120900194,56,51,5
120900195,84,150,-66
120900196,617,21,596
120900197,538,123,415
120900198,167,272,-105
120900199,254,392,-138
120900200,48,106,-58
120900201,256,87,169
120900202,0,87,-87
120900203,24,45,-21
120900204,97,144,-47
120900205,29,21,8
120900206,25,48,-23
120900207,55,624,-569
121000001,449,792,-343
121000002,1614,867,747
121000003,1654,1362,292
121000004,1723,2244,-521
121000005,1331,1977,-646
121000006,2371,1437,934
121000007,1697,2432,-735
121000008,3666,2731,935
121000009,3388,4358,-970
121000010,5930,4274,1656
121000011,5714,8636,-2922
121000012,10813,7033,3780
121000013,3915,5305,-1390
121000014,4660,4230,430
121000015,3133,5628,-2495
121000016,3437,2789,648
121000017,1508,2327,-819
121000018,2083,1295,788
121000019,8946,7700,1246
121000020,8416,10411,-1995
121000021,1799,1856,-57
121000022,1564,2108,-544
121000023,2566,1848,718
121000024,3368,3848,-480
121000025,486,982,-496
121000026,330,146,184
121000027,1292,975,317
121000028,684,344,340
121000029,620,418,202
121000030,527,297,230
121000031,488,450,38
121000032,169,86,83
121000034,204,160,44
121000035,106,119,-13
121000036,785,593,192
121000037,418,382,36
121000038,350,740,-390
121000039,179,329,-150
121000041,397,361,36
121000042,234,247,-13
121000043,520,440,80
121000044,962,737,225
121000045,294,200,94
121000046,551,617,-66
121000047,42,58,-16
121000049,1019,412,607
121000050,236,902,-666
121000051,445,224,221
121000052,260,462,-202
121000053,262,93,169
121000054,25,304,-279
121000055,764,877,-113
121000056,591,751,-160
121000057,187,385,-198
121000058,284,239,45
121000059,1708,1017,691
121000060,514,837,-323
121000061,58,248,-190
121000062,141,266,-125
121000063,600,631,-31
121000064,547,583,-36
121000065,280,396,-116
121000066,608,412,196
121000067,474,395,79
121000068,504,333,171
121000069,248,574,-326
121000070,1125,866,259
121000071,948,1059,-111
121000072,752,468,284
121000073,746,723,23
121000074,64,110,-46
121000075,31,171,-140
121000076,520,269,251
121000077,78,117,-39
121000078,70,85,-15
121000080,1396,432,964
121000081,1851,2129,-278
121000082,73,190,-117
121000083,137,81,56
121000084,172,102,70
121000085,189,313,-124
121000086,198,519,-321
121000087,33,249,-216
121000088,345,340,5
121000089,258,342,-84
121000090,293,283,10
121000091,1305,767,538
121000092,175,55,120
121000093,134,188,-54
121000094,409,577,-168
121000095,212,529,-317
121000096,1881,1585,296
121000097,542,1761,-1219
121000098,453,564,-111
121000099,587,526,61
121000100,780,253,527
121000101,359,200,159
121000102,256,180,76
121000103,168,147,21
121000104,160,68,92
121000105,297,116,181
121000106,260,223,37
121000107,1514,2185,-671
121000109,863,756,107
121000110,185,550,-365
121000114,2249,1743,506
121000115,920,475,445
121000116,169,595,-426
121000117,507,189,318
121000118,1091,160,931
121000119,222,238,-16
121000120,196,385,-189
121000121,329,885,-556
121000123,815,409,406
121000127,120,73,47
121000128,604,235,369
121000129,539,322,217
121000130,482,468,14
121000131,1295,1076,219
121000132,900,1056,-156
121000135,209,253,-44
121000136,692,860,-168
121000137,300,182,118
121000138,614,1176,-562
121000139,236,422,-186
121000141,140,76,64
121000142,545,585,-40
121000143,68,31,37
121000144,479,994,-515
121000145,356,587,-231
121000146,1019,837,182
121000147,709,348,361
121000148,618,642,-24
121000149,1586,1104,482
121000152,295,262,33
121000153,1230,382,848
121000154,849,384,465
121000155,1081,803,278
121000156,400,804,-404
121000157,778,1007,-229
121000158,326,368,-42
121000159,180,272,-92
121000160,271,253,18
121000161,184,234,-50
121000162,100,122,-22
121000165,1005,1628,-623
121000166,19,341,-322
121000168,285,172,113
121000169,81,96,-15
121000170,203,47,156
121000171,62,122,-60
121000172,483,395,88
121000173,845,900,-55
121000174,286,421,-135
121000175,860,287,573
121000176,332,225,107
121000177,547,350,197
121000178,91,30,61
121000179,50,48,2
121000181,288,252,36
121000182,91,207,-116
121000183,67,99,-32
121000184,41,68,-27
121000185,43,160,-117
121000186,143,342,-199
121000187,135,100,35
121000188,131,82,49
121000192,739,262,477
121000193,524,357,167
121000194,1462,1576,-114
121000195,195,753,-558
121000196,500,220,280
121000197,87,408,-321
121000198,133,76,57
121000199,67,190,-123
121000200,375,61,314
121000201,5,110,-105
121000202,447,64,383
121000203,535,1107,-572
121000204,2070,463,1607
121000205,61,114,-53
121000206,75,27,48
121000207,1473,214,1259
121000208,2,172,-170
121000209,337,153,184
121000210,625,178,447
121000211,229,96,133
121000212,363,349,14
121000213,5505,1725,3780
121000214,578,1350,-772
121000215,680,627,53
121000216,371,472,-101
121000217,2979,1796,1183
121000218,322,1153,-831
121000219,1061,339,722
121000220,129,44,85
121000221,67,179,-112
121000222,1709,1653,56
121000223,335,356,-21
121000224,346,256,90
121000225,785,1500,-715
121000226,1335,965,370
121000227,17,93,-76
121000228,17,364,-347
121000229,233,187,46
121000230,51,1090,-1039
121000231,777,17,760
121000232,281,232,49
121000233,444,306,138
121000234,30,28,2
121000235,81,64,17
121000236,11,26,-15
121000237,45,14,31
121000238,7,67,-60
121000239,66,5,61
121000240,10,126,-116
121000241,83,19,64
121000242,68,556,-488
121000243,576,155,421
121000244,16,83,-67
121000245,85,36,49
121000246,0,65,-65
121000247,117,7,110
121000248,841,521,320
121000249,61,117,-56
121000250,445,128,317
121000251,14,235,-221
121000252,128,44,84
121000253,244,183,61
121000254,532,135,397
121000255,65,106,-41
121000256,165,106,59
121000257,10,65,-55
121000258,74,70,4
121000259,48,50,-2
121000260,40,61,-21
121000261,58,47,11
121000262,757,436,321
121000263,363,327,36
121000271,206,908,-702
121000273,21,3,18
121000274,5,40,-35
121000275,0,9,-9
121000276,4,20,-16
121000278,38,21,17
121000279,22,9,13
121000280,11,25,-14
121000289,187,16,171
121000290,877,691,186
121000294,111,71,40
121000297,636,811,-175
121000299,97,509,-412
121000300,515,325,190
121000302,26,647,-621
121000303,294,260,34
121000304,358,39,319
121000305,218,41,177
121000306,78,101,-23
121000308,127,232,-105
121000309,218,273,-55
121000310,83,201,-118
121000311,53,473,-420
121000312,239,194,45
121000313,191,280,-89
121000314,67,73,-6
121000315,32,162,-130
121000530,1219,1066,153
121000531,1225,1239,-14
121000532,4670,5593,-923
121000533,2657,2611,46
121000918,41,87,-46
121000919,58,96,-38
121000938,109,393,-284
121000939,137,241,-104
121000956,1136,629,507
121000957,2,5,-3
121000958,18,32,-14
121000959,688,350,338
121000960,1004,900,104
121000961,218,81,137
121000962,255,350,-95
121000963,0,2,-2
121000973,1,140,-139
121000976,9,128,-119
121000979,290,87,203
121000981,412,177,235
121000982,328,156,172
121000983,285,191,94
121000984,19,44,-25
121000985,604,250,354
121000986,274,148,126
121000987,145,457,-312
121000988,673,88,585
121001302,149,82,67
121001308,3,4,-1
121001309,31,71,-40
121001313,119,135,-16
121001314,1195,1848,-653
121001315,3906,2130,1776
121900001,82,109,-27
121900002,43,36,7
121900003,292,29,263
121900004,73,234,-161
121900005,20,5,15
121900006,73,18,55
121900007,1290,1300,-10
121900008,303,209,94
121900009,395,9,386
121900010,202,0,202
121900011,134,166,-32
121900012,8,0,8
121900013,719,104,615
121900014,799,264,535
121900015,118,94,24
121900016,3,25,-22
121900017,317,302,15
121900018,292,9,283
121900019,268,149,119
121900020,18,0,18
121900021,677,11,666
121900022,174,166,8
121900023,88,166,-78
121900024,300,72,228
121900025,395,287,108
121900026,287,19,268
121900027,216,92,124
121900028,131,15,116
121900029,74,123,-49
121900030,302,304,-2
121900031,630,3903,-3273
121900032,78,50,28
121900033,166,197,-31
121900034,262,51,211
121900035,1684,1397,287
121900036,78,234,-156
121900037,66,571,-505
121900038,36,103,-67
121900039,242,29,213
121900040,42,91,-49
121900041,57,159,-102
121900042,255,99,156
121900043,1,5,-4
121900044,55,31,24
121900046,120,150,-30
121900047,168,45,123
121900048,48,67,-19
121900050,35,33,2
121900051,173,130,43
121900052,109,18,91
121900053,297,241,56
121900054,334,647,-313
121900055,8,8,0
121900058,165,85,80
121900059,263,120,143
121900060,133,225,-92
121900061,127,109,18
121900062,97,76,21
121900063,860,256,604
121900064,197,397,-200
121900066,27,24,3
121900067,27,25,2
121900069,126,83,43
121900070,69,80,-11
121900071,273,135,138
121900072,35,96,-61
121900073,155,205,-50
121900074,393,499,-106
121900075,252,333,-81
121900076,257,426,-169
121900077,16,7,9
121900078,51,28,23
121900079,0,0,0
121900080,555,287,268
121900082,40,78,-38
121900084,15,74,-59
121900085,1,6,-5
121900086,11,37,-26
121900087,106,85,21
121900088,1094,2047,-953
121900089,155,170,-15
121900090,27,41,-14
121900091,52,46,6
121900092,49,63,-14
121900093,63,44,19
121900094,20,7,13
121900095,234,100,134
121900096,762,441,321
121900097,362,89,273
121900098,2,6,-4
121900099,218,24,194
121900100,113,242,-129
121900101,70,103,-33
121900102,8,89,-81
121900103,300,165,135
121900104,1119,236,883
121900105,169,111,58
121900106,4,4,0
121900107,26,13,13
121900108,1,10,-9
121900109,220,98,122
121900110,464,560,-96
121900111,334,142,192
121900112,119,114,5
121900113,35,244,-209
121900114,12,7,5
121900117,83,51,32
121900118,1082,398,684
121900119,139,74,65
121900120,20,781,-761
121900121,305,36,269
121900122,29,30,-1
121900123,123,286,-163
121900124,98,90,8
121900125,885,594,291
121900127,5,39,-34
121900128,51,44,7
121900129,363,135,228
121900130,69,107,-38
121900131,171,59,112
121900132,43,47,-4
121900133,77,858,-781
121900134,27,129,-102
121900135,1972,264,1708
121900136,256,214,42
121900137,56,251,-195
121900138,45,91,-46
121900139,252,447,-195
121900140,50,85,-35
121900141,61,40,21
121900142,78,64,14
121900143,12,87,-75
121900144,91,180,-89
121900145,117,138,-21
121900146,365,464,-99
121900147,63,157,-94
121900148,125,192,-67
121900149,225,381,-156
121900150,36,114,-78
121900151,52,172,-120
121900152,59,84,-25
121900153,66,380,-314
121900154,13,170,-157
121900155,3,89,-86
121900156,115,65,50
121900157,1,232,-231
121900158,54,68,-14
121900159,0,162,-162
121900160,29,150,-121
121900161,241,231,10
121900162,82,122,-40
121900163,172,245,-73
121900164,245,148,97
121900165,190,76,114
121900166,115,119,-4
121900167,63,78,-15
121900168,88,164,-76
121900169,3,98,-95
121900170,3,112,-109
121900171,554,401,153
121900172,383,138,245
121900173,543,148,395
121900174,33,47,-14
121900175,63,118,-55
121900176,389,845,-456
121900177,137,34,103
121900178,28,23,5
121900179,243,127,116
121900180,1765,2900,-1135
121900182,489,219,270
121900183,312,940,-628
121900184,40,416,-376
121900186,5,192,-187
121900187,20,105,-85
121900188,303,199,104
121900189,35,49,-14
121900190,160,271,-111
121900191,48,175,-127
121900192,236,648,-412
121900193,35,80,-45
121900194,6,91,-85
121900195,33,51,-18
121900196,612,546,66
121900197,196,765,-569
121900198,772,719,53
121900199,3,25,-22
121900200,58,159,-101
121900201,482,501,-19
121900202,63,441,-378
121900203,136,677,-541
121900204,550,619,-69
121900205,7,59,-52
121900206,14,20,-6
121900207,89,32,57
121900208,93,166,-73
121900209,66,37,29
121900210,972,629,343
121900211,291,303,-12
121900212,89,103,-14
121900213,179,53,126
121900214,7,360,-353
121900215,31,47,-16
121900216,29,154,-125
121900217,173,127,46
121900218,129,240,-111
121900220,79,16,63
121900221,212,342,-130
121900222,100,53,47
121900223,142,20,122
121900224,53,21,32
121900225,60,86,-26
121900226,204,114,90
121900227,187,318,-131
121900228,148,175,-27
121900230,49,116,-67
121900231,143,627,-484
121900232,115,206,-91
121900233,156,165,-9
121900234,205,118,87
121900235,389,108,281
121900236,247,92,155
121900237,142,186,-44
121900238,108,185,-77
121900239,132,22,110
121900240,127,75,52
121900241,31,37,-6
121900242,31,28,3
121900243,0,0,0
121900244,5,0,5
121900245,194,46,148
121900246,1615,287,1328
121900247,172,169,3
121900248,751,807,-56
121900250,146,244,-98
121900251,297,28,269
121900252,281,70,211
121900253,135,724,-589
121900254,292,178,114
121900255,307,48,259
121900258,2481,1312,1169
121900259,221,388,-167
121900260,132,91,41
121900261,127,360,-233
121900262,260,594,-334
121900263,224,183,41
121900264,958,888,70
121900265,279,181,98
121900266,371,78,293
121900267,68,30,38
121900269,130,561,-431
121900270,29,144,-115
121900271,41,75,-34
121900273,356,1009,-653
121900274,243,170,73
121900277,224,536,-312
121900278,50,613,-563
121900279,95,112,-17
121900280,48,211,-163
121900281,108,239,-131
121900284,43,6,37
121900286,84,75,9
121900287,6,15,-9
121900288,4,1,3
121900290,147,251,-104
121900291,242,397,-155
121900292,109,72,37
121900293,730,1933,-1203
121900294,201,1,200
121900295,115,146,-31
121900296,34,38,-4
121900298,150,582,-432
121900299,0,11,-11
121900300,90,20,70
121900301,63,6,57
121900302,0,28,-28
121900303,247,226,21
121900304,3,11,-8
121900305,0,11,-11
121900306,197,2,195
121900307,81,6,75
121900308,9,160,-151
121900309,2,118,-116
121900310,12,252,-240
121900311,417,20,397
121900312,247,10,237
121900313,322,16,306
121900314,2,27,-25
121900315,26,0,26
121900316,0,8,-8
121900317,29,1,28
121900318,0,14,-14
121900319,71,66,5
121900320,29,29,0
121900321,22,0,22
121900322,1,14,-13
121900323,16,11,5
121900324,1,20,-19
121900325,16,3,13
121900326,0,12,-12
121900327,1,26,-25
121900328,0,5,-5
121900329,3,72,-69
121900330,0,28,-28
121900331,8,4,4
121900332,53,25,28
121900333,18,2,16
121900334,40,53,-13
122000001,1262,3513,-2251
122000002,2452,1077,1375
122000003,1082,2195,-1113
122000004,1797,1125,672
122000005,1784,1701,83
122000006,1099,773,326
122000007,635,1161,-526
122000008,1991,3194,-1203
122000009,292,323,-31
122000010,1716,2306,-590
122000011,2407,1237,1170
122000012,695,1280,-585
122000013,754,723,31
122000014,1358,820,538
122000015,985,736,249
122000016,393,638,-245
122000017,911,758,153
122000018,1131,1078,53
122000019,610,791,-181
122000020,138,180,-42
122000021,163,412,-249
122000022,902,706,196
122000023,515,1118,-603
122000024,536,987,-451
122000025,596,1388,-792
122000026,727,1033,-306
122000027,438,1125,-687
122000028,768,345,423
122000029,318,373,-55
122000030,181,73,108
122000031,140,247,-107
122000032,1273,1340,-67
122000033,456,989,-533
122000034,442,446,-4
122000035,213,568,-355
122000036,475,326,149
122000037,312,171,141
122000038,157,226,-69
122000039,487,320,167
122000040,188,176,12
122000041,389,467,-78
122000042,294,397,-103
122000043,67,86,-19
122000044,92,100,-8
122000045,948,381,567
122000046,639,494,145
122000047,130,169,-39
122000048,2130,2947,-817
122000049,3701,2363,1338
122000050,961,645,316
122000051,248,339,-91
122000052,369,345,24
122000053,136,728,-592
122000054,1598,1360,238
122000055,1505,2515,-1010
122000056,2654,2198,456
122000057,2137,2548,-411
122000058,1355,1174,181
122000059,1693,1811,-118
122000060,342,549,-207
122000061,303,408,-105
122000062,685,286,399
122000063,608,514,94
122000064,2237,2270,-33
122000065,2483,1659,824
122000066,729,720,9
122000067,1092,1060,32
122000068,938,712,226
122000069,539,521,18
122000070,673,927,-254
122000071,1372,769,603
122000072,288,370,-82
122000073,311,636,-325
122000074,2024,1110,914
122000075,477,776,-299
122000076,2250,926,1324
122000077,672,870,-198
122000078,1105,2287,-1182
122000079,526,1041,-515
122000080,429,300,129
122000081,117,176,-59
122000082,384,793,-409
122000083,1062,1054,8
122000084,1005,657,348
122000085,211,684,-473
122000086,1525,3254,-1729
122000087,223,175,48
122000088,123,220,-97
122000089,3312,1601,1711
122000090,120,351,-231
122000091,138,71,67
122000092,55,32,23
122000093,1233,1821,-588
122000094,3337,1708,1629
122000095,1067,2079,-1012
122000096,875,1083,-208
122000098,1950,1957,-7
122000099,1019,573,446
122000100,673,414,259
122000101,234,346,-112
122000102,1435,765,670
122000103,1289,1187,102
122000104,367,138,229
122000105,354,179,175
122000106,403,441,-38
122000107,811,286,525
122000108,350,519,-169
122000109,339,187,152
122000110,360,429,-69
122000111,1892,880,1012
122000112,796,861,-65
122000113,563,422,141
122000114,1929,1275,654
122000115,1581,940,641
122000116,368,374,-6
122000117,791,317,474
122000118,392,524,-132
122000119,1999,1420,579
122000120,1314,2635,-1321
122000121,1218,1925,-707
122000122,460,1014,-554
122000123,1210,1259,-49
122000124,620,358,262
122000125,414,602,-188
122000126,326,787,-461
122000127,724,859,-135
122000128,353,537,-184
122000129,354,1015,-661
122000130,2212,1123,1089
122000131,930,859,71
122000132,350,372,-22
122000133,788,725,63
122000134,776,600,176
122000135,471,415,56
122000136,549,469,80
122000137,1202,562,640
122000139,843,2213,-1370
122000140,551,471,80
122000141,2326,713,1613
122000142,179,735,-556
122000143,269,437,-168
122000144,1000,1010,-10
122000145,653,582,71
122000146,396,990,-594
122000147,390,422,-32
122000148,1131,1421,-290
122000149,1482,1052,430
122000150,794,715,79
122000151,92,286,-194
122000152,301,283,18
122000153,270,262,8
122000154,236,200,36
122000155,1059,1667,-608
122000156,1812,2208,-396
122000157,921,1669,-748
122000158,284,615,-331
122000159,497,1226,-729
122000160,2038,1893,145
122000161,828,764,64
122000162,1092,1264,-172
122000163,234,64,170
122000164,34,82,-48
122000165,467,460,7
122000166,482,876,-394
122000167,220,193,27
122000168,148,426,-278
122000169,297,122,175
122000170,247,147,100
122000171,26,66,-40
122000172,1266,1006,260
122000173,1080,1736,-656
122000174,1555,738,817
122000175,734,209,525
122000176,234,641,-407
122000177,1065,1203,-138
122000178,2283,1647,636
122000179,1270,1769,-499
122000180,1171,1191,-20
122000181,1172,2276,-1104
122000182,1362,1180,182
122000183,1420,700,720
122000184,2361,1946,415
122000185,1176,1475,-299
122000186,363,609,-246
122000187,1348,650,698
122000188,274,139,135
122000189,222,216,6
122000190,596,865,-269
122000191,660,577,83
122000192,748,220,528
122000193,295,597,-302
122000194,441,158,283
122000195,149,395,-246
122000196,718,407,311
122000197,379,425,-46
122000198,366,721,-355
122000199,296,264,32
122000200,744,403,341
122000201,985,1413,-428
122000202,843,1174,-331
122000203,1731,1030,701
122000204,854,1294,-440
122000205,847,957,-110
122000206,1861,748,1113
122000207,1146,1110,36
122000208,1679,961,718
122000209,1286,314,972
122000210,1591,1164,427
122000211,917,1114,-197
122000212,490,328,162
122000213,780,941,-161
122000214,1492,1195,297
122000215,1683,1304,379
122000217,1347,1106,241
122000218,621,37,584
122000219,829,604,225
122000220,273,543,-270
122000221,64,365,-301
122000222,387,110,277
122000223,877,392,485
122000225,449,185,264
122000226,965,1268,-303
122000227,180,1560,-1380
122000228,279,252,27
122000229,13,389,-376
122000230,44,267,-223
122000231,201,452,-251
122000232,393,570,-177
122000233,1,47,-46
122000234,359,42,317
122000235,357,77,280
122000236,904,54,850
122000237,97,65,32
122000238,270,250,20
122000239,392,112,280
122000240,847,421,426
122000241,1307,366,941
122000242,486,60,426
122000243,247,32,215
122000244,68,223,-155
122000245,113,141,-28
122000246,321,160,161
122000247,377,364,13
122000248,705,1012,-307
122000249,873,708,165
122000250,1737,888,849
122000251,162,373,-211
122000252,335,94,241
122000253,31,136,-105
122000254,251,73,178
122000255,503,872,-369
122000256,281,477,-196
122000257,150,145,5
122000258,253,174,79
122000259,13,310,-297
122000260,4,42,-38
122000261,23,111,-88
122000262,0,37,-37
122000263,159,69,90
122000264,769,218,551
122000265,1685,728,957
122000266,3036,519,2517
122000267,90,79,11
122000268,99,220,-121
122000269,696,218,478
122000270,365,147,218
122000271,268,691,-423
122000272,227,562,-335
122000273,315,237,78
122000274,196,118,78
122000275,33,160,-127
122000276,564,331,233
122000277,857,1181,-324
122000278,1275,445,830
122000279,167,253,-86
122000280,545,337,208
122000281,546,457,89
122000282,91,368,-277
122000283,146,120,26
122000284,126,43,83
122000285,251,71,180
122000286,67,139,-72
122000287,970,1082,-112
122000288,370,189,181
122000291,1441,473,968
122000293,170,184,-14
122000294,98,160,-62
122000295,905,119,786
122000296,27,417,-390
122000297,1464,2282,-818
122000299,407,186,221
122000300,397,401,-4
122000301,4782,2227,2555
122000302,387,1225,-838
122000303,2002,783,1219
122000304,51,163,-112
122000305,947,156,791
122000306,31,338,-307
122000307,63,97,-34
122000309,46,57,-11
122000310,19,101,-82
122000311,145,129,16
122000312,93,156,-63
122000313,97,61,36
122000314,117,154,-37
122000315,231,51,180
122000316,687,156,531
122000317,1190,209,981
122000318,239,577,-338
122000319,129,169,-40
122000320,250,665,-415
122000321,103,95,8
122000322,1357,1536,-179
122000323,861,1817,-956
122000324,901,1061,-160
122000325,521,1288,-767
122000326,68,65,3
122000327,411,701,-290
122000328,550,376,174
122000330,1474,714,760
122000332,126,279,-153
122000333,13,63,-50
122000337,803,910,-107
122000338,296,197,99
122000340,220,485,-265
122000342,903,679,224
122000343,295,597,-302
122000344,69,8,61
122000345,38,24,14
122000346,178,239,-61
122000348,504,380,124
122000349,61,330,-269
122000351,107,113,-6
122000352,184,136,48
122000353,68,46,22
122000355,102,321,-219
122000356,759,1016,-257
122000357,81,8,73
122000358,0,30,-30
122000359,0,22,-22
122000360,0,21,-21
122000362,7,57,-50
122000364,176,184,-8
122000365,0,20,-20
122000366,13,5,8
122000368,295,376,-81
122000370,11,43,-32
122000371,17,0,17
122000372,5,0,5
122000381,47,261,-214
122000382,89,114,-25
122000384,1394,775,619
122000385,32,0,32
122000386,195,814,-619
122000387,362,503,-141
122000388,876,518,358
122000389,176,447,-271
122000390,211,171,40
122000391,209,186,23
122000392,134,160,-26
122000393,11,115,-104
122000394,466,166,300
122000395,110,97,13
122000396,138,61,77
122000397,36,37,-1
122000398,18,32,-14
122000399,135,52,83
122000400,68,375,-307
122000401,117,43,74
122000402,242,86,156
122000403,307,425,-118
122000404,180,151,29
122000408,586,945,-359
122000503,9,77,-68
122000524,141,97,44
122000544,49,1221,-1172
122000616,227,0,227
122000640,67,83,-16
122000641,159,155,4
122000642,939,485,454
122000643,22,113,-91
122000644,118,42,76
122000645,68,125,-57
122000651,697,779,-82
122000664,133,33,100
122000665,840,431,409
122000666,527,807,-280
122000673,30,133,-103
122000674,169,57,112
122000675,1485,490,995
122000686,300,573,-273
122000687,1004,240,764
122000688,185,283,-98
122000689,727,258,469
122000690,1776,317,1459
122000691,647,811,-164
122000692,946,245,701
122000693,227,866,-639
122000695,262,220,42
122000696,449,119,330
122000698,225,287,-62
122000699,144,31,113
122000701,1099,221,878
122000702,317,733,-416
122000703,172,55,117
122000712,0,0,0
122000717,57,38,19
122000718,166,523,-357
122000719,78,84,-6
122000720,485,110,375
122000724,74,13,61
122900001,31,8,23
122900002,700,3726,-3026
122900003,295,17,278
122900004,867,28,839
122900005,72,64,8
122900006,253,477,-224
122900007,77,57,20
122900008,187,171,16
122900009,491,337,154
122900010,187,90,97
122900012,155,274,-119
122900014,84,142,-58
122900015,724,614,110
122900016,95,148,-53
122900017,249,480,-231
122900018,125,13,112
122900019,5,100,-95
122900020,125,247,-122
122900021,31,285,-254
122900022,622,639,-17
122900023,400,135,265
122900024,74,68,6
122900025,6,230,-224
122900026,26,162,-136
122900027,42,431,-389
122900028,85,117,-32
122900029,2621,1768,853
122900030,603,350,253
122900031,21,207,-186
122900032,90,224,-134
122900033,139,91,48
122900034,2582,3069,-487
122900035,46,12,34
122900036,73,57,16
122900037,266,102,164
122900038,52,1783,-1731
122900039,66,381,-315
122900040,181,415,-234
122900041,166,309,-143
122900042,117,195,-78
122900043,183,140,43
122900044,103,256,-153
122900045,95,97,-2
122900046,73,382,-309
122900047,86,134,-48
122900048,38,147,-109
122900049,872,78,794
122900051,98,105,-7
122900052,106,110,-4
122900053,16,23,-7
122900055,215,47,168
122900057,176,54,122
122900061,289,84,205
122900062,423,359,64
122900063,103,118,-15
122900064,566,237,329
122900065,381,163,218
122900066,470,237,233
122900067,596,373,223
122900068,84,206,-122
122900069,229,775,-546
122900070,240,37,203
122900071,117,228,-111
122900072,10,257,-247
122900073,16,146,-130
122900074,675,337,338
122900075,0,25,-25
122900076,3,120,-117
122900077,0,48,-48
122900078,166,28,138
122900080,32,31,1
122900081,129,99,30
122900082,696,122,574
122900083,129,108,21
122900084,0,110,-110
122900086,11,58,-47
122900087,213,276,-63
122900088,27,193,-166
122900089,3,128,-125
122900090,4,230,-226
122900091,172,0,172
122900092,0,99,-99
122900093,0,100,-100
122900094,9,98,-89
122900095,110,7,103
122900096,211,42,169
122900097,21,25,-4
122900098,35,76,-41
122900099,36,10,26
122900100,66,157,-91
122900101,399,173,226
122900102,15,25,-10
122900103,140,7,133
122900104,209,14,195
122900105,16,11,5
122900106,1,32,-31
122900107,3,74,-71
122900108,6,84,-78
123000001,822,302,520
123000002,2003,3568,-1565
123000003,3002,2826,176
123000004,2226,2831,-605
123000005,2073,2125,-52
123000006,1560,1533,27
123000007,3013,2182,831
123000008,2052,2243,-191
123000009,3287,2083,1204
123000010,2174,2310,-136
123000011,1662,557,1105
123000012,494,1565,-1071
123000013,2718,759,1959
123000014,542,2188,-1646
123000015,1781,683,1098
123000016,2038,2198,-160
123000017,2947,1510,1437
123000018,120,61,59
123000019,266,90,176
123000020,158,20,138
123000021,88,125,-37
123000022,277,1067,-790
123000023,1410,1443,-33
123000024,1417,588,829
123000025,189,99,90
123000026,37,43,-6
123000027,86,416,-330
123000028,722,1332,-610
123000029,454,1327,-873
123000030,195,202,-7
123000031,275,132,143
123000032,467,75,392
123000033,190,41,149
123000034,742,566,176
123000035,239,291,-52
123000036,212,662,-450
123000037,169,179,-10
123000038,60,259,-199
123000039,315,1128,-813
123000040,520,204,316
123000041,827,779,48
123000042,652,379,273
123000043,1875,7462,-5587
123000044,2867,1656,1211
123000045,3880,1882,1998
123000046,397,1043,-646
123000047,1041,896,145
123000048,55,626,-571
123000049,4132,6369,-2237
123000050,1093,1102,-9
123000051,86,160,-74
123000052,634,2714,-2080
123000053,1982,2305,-323
123000054,1146,970,176
123000055,1060,1817,-757
123000056,810,991,-181
123000057,5225,4405,820
123000058,423,730,-307
123000059,298,320,-22
123000060,595,232,363
123000061,167,452,-285
123000063,540,636,-96
123000064,749,292,457
123000065,2649,1784,865
123000066,472,360,112
123000067,754,396,358
123000068,1609,1812,-203
123000069,4057,1923,2134
123000070,207,450,-243
123000071,1026,591,435
123000072,790,519,271
123000073,1075,490,585
123000074,937,682,255
123000075,294,865,-571
123000076,562,401,161
123000077,1678,1544,134
123000078,1305,1251,54
123000079,1388,1309,79
123000080,1699,1023,676
123000081,115,273,-158
123000082,272,807,-535
123000083,780,204,576
123000084,541,431,110
123000085,268,63,205
123000086,477,93,384
123000087,260,142,118
123000088,800,410,390
123000089,626,671,-45
123000090,883,660,223
123000091,1111,959,152
123000092,710,815,-105
123000094,365,176,189
123000095,461,399,62
123000096,622,238,384
123000097,429,410,19
123000098,699,440,259
123000099,414,465,-51
123000100,363,523,-160
123000101,427,483,-56
123000102,371,472,-101
123000104,314,303,11
123000105,362,369,-7
123000106,395,330,65
123000107,334,431,-97
123000108,528,947,-419
123000111,580,286,294
123000112,890,356,534
123000113,366,684,-318
123000114,289,444,-155
123000115,247,214,33
123000116,36,115,-79
123000117,1066,941,125
123000118,336,467,-131
123000119,236,394,-158
123000120,205,494,-289
123000121,401,413,-12
123000122,262,218,44
123000123,358,432,-74
123000124,337,339,-2
123000125,982,1045,-63
123000126,873,2786,-1913
123000127,555,502,53
123000128,263,224,39
123000129,609,152,457
123000130,499,67,432
123000131,687,528,159
123000132,256,388,-132
123000133,189,260,-71
123000134,276,109,167
123000135,1736,857,879
123000136,127,427,-300
123000137,108,160,-52
123000138,71,209,-138
123000139,467,67,400
123000140,63,409,-346
123000141,564,111,453
123000142,821,702,119
123000143,768,1357,-589
123000144,9,16,-7
123000145,90,45,45
123000146,15,60,-45
123000147,75,77,-2
123000149,285,328,-43
123000150,97,198,-101
123000151,163,414,-251
123000152,78,275,-197
123000153,97,531,-434
123000154,1073,1580,-507
123000155,1440,882,558
123000156,26,69,-43
123000157,501,637,-136
123000158,459,627,-168
123000159,2263,2067,196
123000160,754,624,130
123000161,1179,828,351
123000162,888,1185,-297
123000163,369,75,294
123000164,1165,267,898
123000165,326,891,-565
123000166,36,57,-21
123000167,157,238,-81
123000168,189,135,54
123000169,664,133,531
123000170,94,85,9
123000171,542,9,533
123000172,154,311,-157
123000173,484,235,249
123000174,788,337,451
123000175,436,720,-284
123000176,666,207,459
123000177,195,490,-295
123000178,601,129,472
123000179,36,325,-289
123000180,1407,248,1159
123000181,224,746,-522
123000182,121,138,-17
123000183,123,449,-326
123000184,90,231,-141
123000185,531,198,333
123000186,2,314,-312
123000187,369,8,361
123000188,146,0,146
123000189,169,95,74
123000190,66,67,-1
123000192,23,276,-253
123000193,71,604,-533
123000194,297,222,75
123000195,251,32,219
123000196,328,32,296
123000197,53,68,-15
123000198,39,714,-675
123000199,12,580,-568
123000200,501,10,491
123000201,1023,30,993
123000202,21,591,-570
123000203,901,67,834
123000204,44,611,-567
123000205,315,853,-538
123000206,1807,206,1601
123000207,72,484,-412
123000208,436,159,277
123000209,1975,606,1369
123000210,403,1356,-953
123000211,440,1349,-909
123000212,2631,396,2235
123000213,522,77,445
123000215,99,111,-12
123000216,82,416,-334
123000217,161,31,130
123000218,41,393,-352
123000219,427,78,349
123000220,386,57,329
123000221,107,51,56
123000222,273,229,44
123000223,262,161,101
123000224,347,211,136
123000225,209,31,178
123000226,41,171,-130
123000227,47,158,-111
123000228,168,29,139
123000229,720,937,-217
123000232,44,349,-305
123000233,503,75,428
123000234,127,393,-266
123000235,773,192,581
123000236,190,397,-207
123000237,238,63,175
123000238,43,260,-217
123000239,395,675,-280
123000240,39,343,-304
123000241,280,73,207
123000242,88,107,-19
123000243,556,637,-81
123000244,662,520,142
123000245,24,113,-89
123000249,224,331,-107
123000252,702,165,537
123000253,949,411,538
123000254,442,466,-24
123000255,738,627,111
123000256,22,144,-122
123000257,1432,1105,327
123000258,661,487,174
123000259,203,246,-43
123000260,317,263,54
123000261,172,82,90
123000262,118,80,38
123000263,302,85,217
123000264,159,64,95
123000265,40,83,-43
123000266,412,429,-17
123000267,482,253,229
123000268,66,32,34
123000269,39,50,-11
123000270,26,61,-35
123000271,38,41,-3
123000272,489,227,262
123000273,237,483,-246
123000274,954,434,520
123000275,163,521,-358
123000278,1503,1624,-121
123000279,108,73,35
123000280,223,190,33
123000281,211,66,145
123000282,63,193,-130
123000283,95,59,36
123000284,66,38,28
123000286,160,303,-143
123000287,390,194,196
123000288,1210,697,513
123000289,309,694,-385
123000291,180,654,-474
123000294,171,243,-72
123000295,810,617,193
123000296,497,257,240
123000297,571,309,262
123000298,648,202,446
123000299,71,142,-71
123000300,659,578,81
123000301,74,157,-83
123000302,112,91,21
123000303,82,212,-130
123000305,631,714,-83
123000306,95,91,4
123000309,53,38,15
123000310,30,51,-21
123000311,0,61,-61
123000312,387,299,88
123000313,400,212,188
123000315,244,183,61
123000316,592,148,444
123000317,180,54,126
123000318,54,130,-76
123000329,5,12,-7
123000337,869,547,322
123000338,215,93,122
123000339,206,72,134
123000340,92,188,-96
123000342,7,59,-52
123000343,41,5,36
123000344,799,252,547
123000345,268,396,-128
123000346,311,54,257
123000352,671,675,-4
123000353,28,87,-59
123000354,142,2,140
123000355,0,115,-115
123000356,314,4,310
123000357,0,50,-50
123000359,2,73,-71
123000360,139,50,89
123000361,84,162,-78
123000362,286,70,216
123000363,75,75,0
123000364,402,355,47
123000365,11,191,-180
123000366,259,1397,-1138
123000367,198,513,-315
123000370,30,99,-69
123000371,191,13,178
123000372,231,6,225
123000373,9,195,-186
123000374,3,93,-90
123000375,261,23,238
123000376,814,571,243
123000377,289,5,284
123000378,4,108,-104
123000379,2,99,-97
123000380,38,234,-196
123000381,72,55,17
123000382,495,67,428
123000383,66,668,-602
123000384,318,82,236
123000385,102,348,-246
123000436,37,635,-598
123000507,111,199,-88
123000508,131,651,-520
123000517,195,16,179
123000518,16,187,-171
123000519,117,62,55
123000520,38,143,-105
123000521,235,91,144
123000522,90,216,-126
123000541,2,1,1
123000542,0,11,-11
123000565,703,30,673
123000566,230,270,-40
123000567,76,112,-36
123000573,34,385,-351
123000574,463,40,423
123000575,1036,663,373
123000576,630,701,-71
123000577,27,375,-348
123000578,376,61,315
123000579,1419,3599,-2180
123000580,107,24,83
123000582,316,15,301
123000583,7,198,-191
123000584,153,204,-51
123000585,1,45,-44
123000586,54,0,54
123000596,43,41,2
123000597,59,110,-51
123000602,36,11,25
123000603,629,284,345
123000604,434,356,78
123000605,624,128,496
123000606,0,273,-273
123000609,14,245,-231
123000610,107,78,29
123000613,29,100,-71
123000614,167,13,154
123000615,31,82,-51
123000616,442,17,425
123000617,68,123,-55
123000618,36,274,-238
123000619,359,30,329
123000620,9,156,-147
123000622,289,8,281
123000624,109,28,81
123000630,1046,262,784
123000631,185,652,-467
123000632,496,473,23
123000633,0,117,-117
123000634,39,83,-44
123000635,65,65,0
123000636,24,376,-352
123000637,87,17,70
123000638,337,32,305
123000639,581,2836,-2255
123000640,20,375,-355
123000648,276,50,226
123000649,50,246,-196
123900001,798,47,751
123900002,15,982,-967
123900003,147,335,-188
123900005,199,154,45
123900006,192,37,155
124000001,1599,121,1478
124000002,63,974,-911
124000003,840,133,707
124000004,76,316,-240
124000005,871,329,542
124000006,173,608,-435
124000007,321,60,261
124000008,7,299,-292
124000009,571,164,407
124000010,162,249,-87
124000011,775,225,550
124000012,202,308,-106
124000017,178,108,70
124000018,82,65,17
124000019,103,112,-9
124000020,51,132,-81
124000021,100,82,18
124000022,87,137,-50
124000023,984,1005,-21
124000024,652,323,329
124000025,895,1187,-292
124000026,747,736,11
124000027,3534,3531,3
124000028,1279,2911,-1632
124000030,1715,1090,625
124000031,1127,2610,-1483
124000032,1358,510,848
124000033,783,423,360
124000034,603,636,-33
124000035,248,137,111
124000036,53,331,-278
124000037,176,1002,-826
124000038,21,58,-37
124000039,521,385,136
124000040,375,969,-594
124000041,247,48,199
124000042,45,295,-250
124000043,57,52,5
124000044,49,102,-53
124000045,587,264,323
124000046,258,386,-128
124000047,1278,459,819
124000048,717,634,83
124000049,1299,409,890
124000050,612,887,-275
124000051,771,331,440
124000052,520,560,-40
124000053,424,1138,-714
124000054,589,285,304
124000055,1145,1993,-848
124000056,1259,846,413
124000057,893,412,481
124000058,318,682,-364
124000059,539,852,-313
124000060,639,322,317
124000061,1316,4735,-3419
124000062,3284,1344,1940
124000063,1028,1069,-41
124000064,1209,865,344
124000065,54,351,-297
124000066,192,58,134
124000067,150,110,40
124000068,67,100,-33
124000069,595,107,488
124000070,223,329,-106
124000071,99,63,36
124000072,99,234,-135
124000073,799,137,662
124000074,172,371,-199
124000075,252,29,223
124000076,9,84,-75
124000077,921,606,315
124000078,1423,1327,96
124000079,242,1157,-915
124000080,446,133,313
124000081,139,428,-289
124000082,73,109,-36
124000083,47,63,-16
124000084,51,398,-347
124000085,84,64,20
124000086,31,132,-101
124000087,48,94,-46
124000088,75,225,-150
124000089,665,159,506
124000090,154,179,-25
124000091,427,97,330
124000092,117,366,-249
124000093,60,52,8
124000094,53,278,-225
124000095,107,60,47
124000096,138,149,-11
124000097,108,80,28
124000098,53,89,-36
124000099,183,77,106
124000100,52,83,-31
124000101,87,55,32
124000102,50,32,18
124000103,81,74,7
124000104,70,35,35
124000105,71,83,-12
124000106,76,26,50
124000107,18,154,-136
124000108,33,18,15
124000109,100,72,28
124000110,153,56,97
124000111,198,83,115
124000112,589,397,192
124000113,67,86,-19
124000114,226,288,-62
124000115,313,629,-316
124000116,82,134,-52
124000117,64,63,1
124000118,23,83,-60
124000119,600,245,355
124000120,433,247,186
124000121,1369,673,696
124000122,344,850,-506
124000123,760,391,369
124000124,266,591,-325
124000125,324,300,24
124000126,243,375,-132
124000127,677,262,415
124000128,507,480,27
124000129,1454,1100,354
124000130,543,396,147
124000131,663,462,201
124000132,643,562,81
124000133,742,511,231
124000134,580,389,191
124000135,1175,1160,15
124000136,560,610,-50
124000137,748,596,152
124000138,741,873,-132
124000139,382,24,358
124000140,24,244,-220
124000141,438,35,403
124000142,22,167,-145
124000143,120,6,114
124000144,5,77,-72
124000145,64,27,37
124000146,9,44,-35
124000148,9,94,-85
124000149,758,311,447
124000150,192,562,-370
124000151,609,279,330
124000152,520,829,-309
124000153,444,444,0
124000154,204,372,-168
124000155,1015,706,309
124000156,1017,634,383
124000169,166,288,-122
124000170,298,269,29
124000171,227,183,44
124000172,200,246,-46
124000173,439,161,278
124000174,237,266,-29
124000175,7,65,-58
124000176,32,5,27
124000177,4,19,-15
124000178,39,42,-3
124000190,51,25,26
124000191,82,164,-82
124000192,851,247,604
124000193,138,717,-579
124000194,315,273,42
124000195,279,514,-235
124000196,658,670,-12
124000197,15,22,-7
124000198,42,36,6
124000201,208,430,-222
124000202,382,180,202
124000203,367,268,99
124000204,734,169,565
124000205,75,202,-127
124000206,565,206,359
124000207,0,25,-25
124000209,148,206,-58
124000210,493,126,367
124000211,586,0,586
124000212,0,193,-193
124000213,363,162,201
124000214,347,274,73
124000215,296,16,280
124000216,7,200,-193
124000329,84,797,-713
124000338,72,370,-298
124000339,852,53,799
124000341,1253,36,1217
124000344,57,11,46
124000357,907,1663,-756
124000358,764,1210,-446
124000359,964,627,337
124000360,678,349,329
124000361,1533,713,820
124000362,930,1290,-360
124000363,195,261,-66
124000364,425,465,-40
124000365,472,746,-274
124000366,1009,690,319
124000367,86,223,-137
124000368,349,333,16
124000369,150,104,46
124000370,61,420,-359
124000402,7,4,3
124000403,91,6,85
124000404,8,40,-32
124000405,791,555,236
124000406,488,482,6
124000407,1,30,-29
124000411,10,131,-121
124000412,352,1,351
124000413,118,11,107
124000414,57,72,-15
124000415,23,67,-44
124000416,104,112,-8
124000417,120,82,38
124000418,183,57,126
124000419,102,57,45
124000420,73,25,48
124000421,67,74,-7
124000422,47,12,35
124000423,71,23,48
124000424,8,53,-45
124000425,162,32,130
124000426,13,97,-84
124000427,115,2,113
124000428,5,47,-42
124000429,68,30,38
124000430,492,274,218
124000431,180,251,-71
124000432,164,424,-260
124000439,10,2,8
124000443,0,0,0
124000445,142,911,-769
124000446,800,205,595
124000447,0,12,-12
124900001,559,292,267
124900002,129,175,-46
124900003,960,402,558
124900004,725,241,484
124900005,155,72,83
124900006,654,199,455
124900008,878,433,445
124900009,131,221,-90
124900010,125,76,49
124900011,429,158,271
124900012,351,97,254
124900013,371,112,259
124900014,248,40,208
124900015,118,244,-126
124900016,51,66,-15
124900017,330,1206,-876
124900018,52,13,39
124900020,60,49,11
124900021,204,17,187
124900022,41,2,39
124900024,258,4,254
124900026,127,9,118
124900027,102,415,-313
124900028,214,48,166
124900029,11,329,-318
124900030,4,57,-53
124900031,26,150,-124
124900032,110,160,-50
124900033,61,154,-93
124900034,0,81,-81
124900035,105,172,-67
124900036,4,38,-34
124900037,193,137,56
124900038,220,200,20
124900039,3,41,-38
124900040,116,63,53
124900041,280,685,-405
124900042,57,1,56
124900043,415,595,-180
124900044,51,4,47
124900045,361,929,-568
124900047,90,92,-2
124900048,170,52,118
124900050,147,124,23
124900052,56,244,-188
124900053,69,218,-149
124900054,805,294,511
124900055,0,98,-98
124900057,4,37,-33
124900060,43,94,-51
124900061,96,5,91
124900062,150,28,122
124900066,0,8,-8
124900067,5,56,-51
124900068,201,344,-143
124900070,21,18,3
124900072,89,31,58
124900075,172,161,11
124900076,25,861,-836
124900077,22,63,-41
124900078,44,9,35
124900079,264,105,159
124900080,216,397,-181
124900081,1073,229,844
124900082,286,524,-238
124900083,194,337,-143
124900085,610,453,157
124900086,44,1066,-1022
124900087,421,59,362
124900088,401,61,340
124900089,879,12,867
124900090,247,172,75
124900091,206,145,61
124900092,172,112,60
124900093,300,106,194
124900094,329,134,195
124900095,81,327,-246
124900096,309,175,134
124900097,266,39,227
124900098,121,208,-87
124900099,291,369,-78
124900100,228,20,208
124900101,33,206,-173
124900102,183,5,178
124900103,92,95,-3
124900104,64,87,-23
124900105,116,59,57
124900106,324,24,300
124900107,74,14,60
124900108,162,67,95
124900111,0,81,-81
124900112,37,213,-176
124900113,52,267,-215
124900114,97,171,-74
124900115,18,28,-10
124900116,121,140,-19
124900117,158,190,-32
124900118,117,270,-153
124900119,278,104,174
124900120,41,184,-143
124900121,65,283,-218
124900122,153,150,3
124900123,141,93,48
124900124,90,268,-178
204000001,72,6,66
204000002,16,4,12
204000003,17,4,13
204000004,0,0,0
204000005,523,399,124
204000006,1076,873,203
204000011,16,40,-24
204000012,50,79,-29
204000019,457,316,141
204000020,623,406,217
204000021,835,548,287
204000022,420,281,139
204000023,490,499,-9
204000031,62,14,48
204000032,221,24,197
204000034,29,110,-81
204000035,0,1,-1
204000036,7,4,3
204000037,2,13,-11
204000038,1,14,-13
204000039,5,16,-11
204000040,3,16,-13
204000041,16,17,-1
204000042,28,8,20
204000043,33,1,32
204000044,24,2,22
204000045,33,1,32
204000046,11,2,9
204000057,2,8,-6
204000062,29,33,-4
204000068,19,169,-150
204000069,47,251,-204
204000070,67,52,15
204000080,55,57,-2
204000085,1503,934,569
204000086,1786,1208,578
204000087,37,9,28
204000088,4,76,-72
204000090,34,173,-139
204000093,371,71,300
204000096,779,805,-26
204000097,313,16,297
204000099,761,1291,-530
204000100,988,1401,-413
204000105,1531,822,709
204000110,285,580,-295
204000111,372,309,63
204000112,407,381,26
204000113,348,365,-17
204000114,448,424,24
204000115,451,205,246
204000116,485,308,177
204000119,1513,2123,-610
204000132,597,283,314
204000133,797,126,671
204000134,211,62,149
204000135,564,44,520
204000136,700,132,568
204000138,353,337,16
204000140,213,141,72
204000141,194,65,129
204000144,5,24,-19
204000145,365,27,338
204000146,23,230,-207
204000147,19,107,-88
204000148,161,17,144
204000154,11,0,11
204000155,0,2,-2
204000177,55,29,26
204000179,20,5,15
204000180,0,30,-30
204000222,1,1,0
204000235,9,6,3
204000236,21,136,-115
204000238,10,24,-14
204000240,219,50,169
204000263,505,657,-152
204000268,782,543,239
204000308,110,14,96
204000317,12,49,-37
204000322,4,18,-14
204000323,6,5,1
204000328,113,70,43
204000329,47,78,-31
204000330,193,32,161
204000331,64,113,-49
205000001,632,1206,-574
205000013,6,56,-50
205000014,13,60,-47
205000015,33,113,-80
205000016,10,84,-74
205000017,19,48,-29
205000022,320,606,-286
205000025,884,781,103
205000029,182,3,179
205000045,97,516,-419
205000046,102,425,-323
205000047,25,319,-294
205000048,253,552,-299
205000049,152,545,-393
205000050,403,242,161
205000059,0,166,-166
205000060,0,75,-75
205000061,1,84,-83
205000062,4,89,-85
205000063,24,120,-96
205000064,12,60,-48
205000065,42,374,-332
205000066,90,431,-341
205000067,27,533,-506
205000069,153,12,141
205000082,98,116,-18
205000110,72,190,-118
205000111,157,193,-36
205000112,105,140,-35
205000113,125,209,-84
205000121,165,33,132
205000123,57,143,-86
205000126,400,55,345
205000127,624,119,505
205000128,328,45,283
205000129,584,43,541
205000130,141,20,121
205000131,63,3,60
205000132,108,1,107
205000133,82,0,82
205000134,259,0,259
205000137,44,107,-63
205000138,85,154,-69
205000139,20,84,-64
205000144,72,65,7
205000145,196,111,85
205000151,142,11,131
205000152,147,17,130
205000153,220,17,203
205000154,52,25,27
205000155,74,3,71
205000207,4,107,-103
205000233,30,0,30
205000234,0,1,-1
205000243,0,0,0
205000244,0,1,-1
205000245,9,84,-75
205000249,1,24,-23
205000250,2,1,1
205000264,4,58,-54
206000027,5,4,1
206000028,3,1,2
206000043,2,38,-36
206000053,0,5,-5
206000054,1,17,-16
206000055,0,10,-10
206000075,3,25,-22
206000076,8,20,-12
206000077,26,6,20
206000078,6,7,-1
206000079,13,2,11
206000082,287,37,250
206000100,18,261,-243
206000103,6,3,3
206000104,9,10,-1
206000105,7,10,-3
206000106,6,13,-7
206000125,30,0,30
206000157,26,316,-290
206000170,2,108,-106
206000171,4,138,-134
206000172,5,163,-158
206000173,1,84,-83
206000174,17,37,-20
206000175,3,41,-38
206000176,8,90,-82
206000177,2,72,-70
206000178,0,118,-118
206000179,2,67,-65
206000180,8,94,-86
206000181,6,50,-44
206000182,7,77,-70
206000183,13,213,-200
206000184,1,107,-106
206000185,7,51,-44
206000186,100,340,-240
206000223,3,143,-140
206000226,9,0,9
206000227,15,2,13
206000237,32,153,-121
206000238,18,245,-227
206000239,148,895,-747
206000240,0,28,-28
206000241,0,50,-50
206000242,9,93,-84
206000243,7,70,-63
206000244,44,236,-192
206000245,508,47,461
206000246,166,9,157
206000247,188,5,183
206000248,277,9,268
206000252,28,51,-23
206000258,13,52,-39
206000315,15,6,9
206000317,387,92,295
206000318,502,58,444
206000319,1094,114,980
206000320,152,33,119
206000321,163,11,152
206000322,335,10,325
206000323,160,16,144
206000324,152,9,143
206000325,156,9,147
206000326,99,4,95
206000327,92,10,82
206000328,127,3,124
206000329,207,6,201
206000330,47,4,43
206000331,198,3,195
206000332,42,2,40
206000333,539,5,534
206000334,211,2,209
206000335,0,13,-13
206000361,4,118,-114
206000392,2,10,-8
206000405,93,0,93
206000441,33,20,13
206000498,20,3,17
206000515,47,34,13
206000530,190,50,140
206000531,166,168,-2
206000532,1248,238,1010
206000535,116,973,-857
206000536,15,76,-61
206000537,7,88,-81
206000613,1166,176,990
206000784,327,31,296
207000001,119,510,-391
207000002,134,278,-144
207000003,107,97,10
207000007,922,231,691
207000008,78,6,72
207000009,41,39,2
207000010,303,201,102
207000012,301,155,146
207000015,171,674,-503
207000019,237,80,157
207000021,395,176,219
207000022,101,113,-12
207000023,204,44,160
207000024,7,13,-6
207000025,21,68,-47
207000026,80,39,41
207000027,21,67,-46
207000028,34,109,-75
207000029,157,357,-200
207000033,142,387,-245
207000034,230,99,131
207000039,328,91,237
207000040,387,69,318
207000041,111,23,88
207000042,142,52,90
207000043,195,163,32
207000051,103,159,-56
207000052,16,94,-78
207000053,356,390,-34
207000054,38,81,-43
207000055,172,78,94
207000056,270,230,40
207000057,137,204,-67
207000058,207,221,-14
207000059,113,313,-200
207000060,55,103,-48
207000061,186,513,-327
207000062,321,26,295
207000063,348,109,239
207000064,353,138,215
207000065,327,179,148
207000066,238,150,88
207000067,48,76,-28
207000068,182,55,127
207000069,621,234,387
207000082,9,164,-155
207000083,73,179,-106
207000084,183,197,-14
207000085,166,12,154
207000086,158,4,154
207000106,39,27,12
207000107,71,18,53
207000108,82,8,74
207000109,64,8,56
207000110,68,63,5
207000111,58,45,13
207000112,106,561,-455
207000114,10,12,-2
207000115,11,46,-35
207000116,23,281,-258
207000117,3,65,-62
207000118,4,49,-45
207000119,34,44,-10
207000123,143,12,131
207000124,56,20,36
207000125,49,63,-14
207000126,47,37,10
207000134,78,103,-25
207000135,17,153,-136
207000148,60,273,-213
207000149,60,35,25
207000152,102,305,-203
207000153,558,1079,-521
207000154,287,133,154
207000159,104,83,21
207000160,113,211,-98
207000238,0,155,-155
207000242,4,113,-109
207000248,20,23,-3
207000249,80,18,62
207000250,309,44,265
207000251,54,39,15
207000252,50,25,25
207000278,68,70,-2
207000279,20,77,-57
207000280,526,45,481
207000281,104,464,-360
207000282,109,90,19
207000283,63,195,-132
207000284,49,185,-136
207000285,68,74,-6
207000291,16,73,-57
207000304,130,65,65
207000306,76,289,-213
207000310,78,76,2
207000353,284,4,280
207000356,8,20,-12
207000357,6,5,1
207000358,6,15,-9
207000415,3,128,-125
207000417,46,3,43
207000418,106,115,-9
207000438,0,3,-3
207000439,715,717,-2
207000446,177,2,175
207000460,27,6,21
207000466,131,93,38
207000467,170,76,94
207000468,64,142,-78
207000476,3,32,-29
207000477,570,51,519
207000478,0,24,-24
207000523,0,18,-18
207000524,46,1,45
207000527,122,122,0
207000530,511,10,501
207000531,333,6,327
207000532,66,28,38
207000534,250,36,214
207000535,24,269,-245
207000537,19,48,-29
207000540,14,92,-78
207000541,5,173,-168
207000548,6,101,-95
207000549,316,14,302
207000561,144,159,-15
207000562,32,101,-69
207000567,158,209,-51
207000568,140,24,116
207000569,325,268,57
207000584,215,122,93
207000585,35,300,-265
207000587,106,20,86
207000616,0,89,-89
207000617,113,0,113
207000624,37,74,-37
207000631,5,75,-70
207900008,170,68,102
208000001,430,922,-492
208000002,509,454,55
208000003,1079,305,774
208000004,1028,667,361
208000005,5,6,-1
208000019,452,613,-161
208000020,139,333,-194
208000021,195,174,21
208000022,876,281,595
208000028,751,801,-50
208000033,511,306,205
208000034,831,849,-18
208000037,207,16,191
208000040,141,122,19
208000041,597,392,205
208000042,959,423,536
208000047,142,132,10
208000064,1568,1108,460
208000066,1059,1750,-691
208000070,317,214,103
208000071,331,483,-152
208000072,380,829,-449
208000080,258,333,-75
208000081,351,111,240
208000082,261,164,97
208000083,97,273,-176
208000084,8,22,-14
208000085,602,479,123
208000086,362,781,-419
208000087,255,471,-216
208000089,1000,226,774
208000090,836,369,467
208000093,168,189,-21
208000094,460,263,197
208000095,487,345,142
208000104,763,584,179
208000105,543,640,-97
208000114,82,277,-195
208000115,390,222,168
208000116,456,823,-367
208000117,112,166,-54
208000118,77,142,-65
208000155,523,773,-250
208000158,992,2808,-1816
208000186,2443,3610,-1167
208000204,628,729,-101
208000205,1001,562,439
208000282,3428,2385,1043
209000004,244,115,129
209000005,25,19,6
209000006,263,142,121
209000007,197,238,-41
209000010,283,107,176
209000011,84,157,-73
209000012,62,92,-30
209000013,178,168,10
209000014,279,484,-205
209000025,294,42,252
209000026,547,89,458
209000027,337,421,-84
209000028,246,317,-71
209000029,340,345,-5
209000030,301,635,-334
209000031,1395,1211,184
209000034,148,199,-51
209000035,126,171,-45
209000036,199,101,98
209000037,232,150,82
209000038,200,172,28
209000039,68,165,-97
209000040,174,347,-173
209000041,127,345,-218
209000042,200,245,-45
209000043,524,631,-107
209000044,171,706,-535
209000045,1078,358,720
209000046,430,294,136
209000047,357,124,233
209000048,516,219,297
209000049,63,58,5
209000050,166,92,74
209000051,250,180,70
209000052,127,136,-9
209000062,32,51,-19
209000063,42,24,18
209000064,45,51,-6
209000065,101,29,72
209000066,77,22,55
209000067,94,38,56
209000080,16,111,-95
209000082,60,25,35
209000091,26,69,-43
209000093,33,22,11
209000094,100,116,-16
209000110,34,140,-106
209000111,335,977,-642
209000112,772,402,370
209000113,1270,408,862
209000114,576,346,230
209000115,42,61,-19
209000116,367,246,121
209000118,9,30,-21
209000119,23,10,13
209000121,86,234,-148
209000135,53,161,-108
209000142,501,1144,-643
209000143,65,53,12
209000144,53,96,-43
209000229,259,109,150
209000240,23,181,-158
209000259,54,77,-23
209000260,35,547,-512
209000261,3,346,-343
209000262,4,244,-240
209000263,0,106,-106
209000264,1,128,-127
209000265,308,15,293
209000266,87,0,87
209000267,724,7,717
209000268,461,48,413
210000037,63,26,37
210000047,72,14,58
210000048,112,19,93
210000049,57,10,47
210000052,49,47,2
210000053,31,29,2
210000054,26,46,-20
210000070,133,2,131
210000071,91,0,91
210000072,28,0,28
210000073,0,23,-23
210000074,0,90,-90
210000075,1,90,-89
210000076,5,110,-105
210000077,8,37,-29
210000078,32,46,-14
210000079,25,20,5
210000080,75,56,19
210000081,120,9,111
210000082,93,1,92
210000083,76,1,75
210000084,35,0,35
210000085,0,39,-39
210000086,1,50,-49
210000099,16,150,-134
210000100,47,115,-68
210000101,54,111,-57
210000105,17,132,-115
210000159,1,120,-119
210000163,82,193,-111
210000164,216,140,76
210000168,157,18,139
210000187,0,11,-11
210000188,1,11,-10
210000214,31,0,31
210000219,25,37,-12
210000220,84,33,51
210000232,1,18,-17
210000233,25,33,-8
210000234,20,70,-50
210000235,40,39,1
210000245,0,28,-28
210000246,18,3,15
210000258,9,57,-48
210000259,227,49,178
210000282,54,141,-87
210000285,0,83,-83
210000286,9,80,-71
210000290,8,4,4
210000295,30,72,-42
210000296,34,23,11
210000320,161,49,112
210000321,93,41,52
210000338,45,54,-9
210000339,215,868,-653
210000340,76,239,-163
210000341,154,210,-56
210000342,192,143,49
210000343,116,111,5
210000344,105,66,39
210000345,142,148,-6
210000346,47,72,-25
210000347,28,35,-7
210000348,59,26,33
210000349,37,22,15
210000350,132,45,87
210000351,157,62,95
210000352,81,46,35
210000353,69,61,8
210000354,52,50,2
210000355,39,53,-14
210000356,29,91,-62
210000357,47,70,-23
210000358,207,112,95
210000359,103,72,31
210000360,119,122,-3
210000361,142,114,28
210000362,203,133,70
210000363,583,224,359
210000364,83,143,-60
210000365,103,58,45
210000366,133,49,84
210000367,77,28,49
210000368,159,27,132
210000369,17,51,-34
210000370,50,33,17
210000372,15,16,-1
210000373,23,16,7
210000374,60,73,-13
210000375,41,60,-19
210000376,54,78,-24
210000404,65,87,-22
210000439,21,28,-7
210000472,61,2,59
210000482,47,70,-23
210000564,205,275,-70
210000567,2,26,-24
210000568,251,2,249
211000092,24,20,4
211000094,32,8,24
211000169,177,11,166
211000172,5,163,-158
211000209,0,7,-7
211000226,12,8,4
211000270,25,9,16
211000275,16,16,0
211000276,73,6,67
211000279,15,25,-10
211000281,41,31,10
211000302,9,18,-9
211507980,1,50,-49
211977296,44,2,42
212000003,127,34,93
212000004,18,36,-18
212000005,15,26,-11
212000006,28,33,-5
212000008,194,103,91
212000009,28,70,-42
212000012,85,67,18
212000013,30,38,-8
212000014,185,121,64
212000015,233,174,59
212000016,387,351,36
212000027,389,289,100
212000028,263,263,0
212000029,199,188,11
212000030,34,11,23
212000031,62,44,18
212000048,31,101,-70
212000049,20,88,-68
212000050,11,8,3
212000051,154,119,35
212000052,134,123,11
212000053,341,307,34
212000054,212,54,158
212000055,234,117,117
212000056,17,23,-6
212000057,14,13,1
212000058,141,40,101
212000070,79,84,-5
212000077,135,338,-203
212000099,214,194,20
212000108,136,164,-28
212000111,185,67,118
212000120,115,44,71
212000138,104,25,79
212000156,5,79,-74
212000158,9,20,-11
212000159,400,27,373
212000160,519,170,349
212000161,69,6,63
212000310,35,9,26
212000311,11,27,-16
212000374,19,6,13
213000001,17,212,-195
213000005,272,87,185
213000006,612,255,357
213000007,72,8,64
213000009,468,301,167
213000010,164,201,-37
213000011,161,87,74
213000012,104,193,-89
213000014,49,27,22
213000015,230,3,227
213000016,336,0,336
213000017,76,0,76
213000018,1,65,-64
213000019,1,96,-95
213000020,90,197,-107
213000021,2,70,-68
213000023,289,171,118
213000033,295,1084,-789
213000034,535,173,362
213000035,94,133,-39
213000045,157,195,-38
213000046,195,101,94
213000047,448,1028,-580
213000056,79,29,50
213000069,107,2,105
213000073,1,49,-48
213000074,43,233,-190
213000075,466,4,462
213000076,21,1,20
213000085,6,26,-20
213000086,12,100,-88
213000091,163,13,150
213000092,63,1,62
213000099,105,952,-847
213000100,832,258,574
213000101,346,77,269
213000102,411,159,252
213000103,628,527,101
213000104,65,222,-157
213000105,3,167,-164
213000106,32,71,-39
213000107,157,323,-166
213000108,32,257,-225
213000109,15,148,-133
213000110,10,38,-28
213000111,11,53,-42
213000112,92,114,-22
213000115,71,3,68
213000116,38,281,-243
213000117,1,452,-451
213000118,411,169,242
213000119,28,375,-347
213000120,77,258,-181
213000122,124,275,-151
213000123,232,691,-459
213000124,103,680,-577
213000125,107,26,81
213000126,24,85,-61
213000127,61,138,-77
213000128,269,848,-579
213000129,231,528,-297
213000130,517,306,211
213000132,336,96,240
213000133,463,79,384
213000134,748,16,732
213000136,501,28,473
213000137,577,86,491
213000139,234,15,219
213000147,38,14,24
213000148,22,16,6
213000149,22,6,16
213000150,0,132,-132
213000151,3,92,-89
213000152,4,62,-58
213000153,11,138,-127
213000154,40,136,-96
213000155,45,159,-114
213000156,87,314,-227
213000157,431,242,189
213000158,287,618,-331
213000159,528,328,200
213000163,813,80,733
213000165,655,218,437
213000171,1,51,-50
213000172,3,126,-123
213000173,0,131,-131
213000174,1,82,-81
213000175,6,46,-40
213000176,46,30,16
213000177,68,4,64
213000178,156,5,151
213000179,200,1,199
213000180,171,0,171
213000184,61,237,-176
213000188,235,83,152
213000189,277,39,238
213000190,551,408,143
213000191,276,223,53
213000192,208,201,7
213000193,509,174,335
213000194,2,64,-62
213000195,16,291,-275
213000196,199,861,-662
213000197,381,350,31
213000198,64,5,59
213000200,84,518,-434
213000201,33,48,-15
213000202,10,371,-361
213000203,2075,454,1621
213000204,630,57,573
213000205,256,75,181
213000206,316,44,272
213000207,100,10,90
213000208,63,8,55
213000209,112,8,104
213000210,302,2,300
213000211,4,19,-15
213000212,12,17,-5
213000213,19,45,-26
213000218,194,276,-82
213000219,377,15,362
213000220,322,15,307
213000223,122,251,-129
213000224,43,53,-10
213000225,45,18,27
213000226,81,5,76
213000227,840,215,625
213000228,331,82,249
213000229,122,20,102
213000230,504,29,475
213000232,47,772,-725
213000233,8,128,-120
213000234,5,28,-23
213000293,11,83,-72
213000294,128,29,99
213000295,5,80,-75
213000296,57,19,38
213000297,9,61,-52
213000298,11,58,-47
213000299,30,21,9
213000300,11,5,6
213000303,4,26,-22
213000304,1,6,-5
213000305,9,10,-1
213000306,54,16,38
213000307,100,51,49
213000308,62,107,-45
213000309,129,51,78
213000310,256,182,74
213000311,180,539,-359
213000315,67,61,6
213000316,112,37,75
213000322,73,106,-33
213000323,101,45,56
213000324,50,21,29
213000325,36,47,-11
213000326,22,2,20
213000327,32,26,6
213000328,51,92,-41
213000329,97,12,85
213000340,100,333,-233
213000341,464,83,381
213000346,108,175,-67
213000347,407,320,87
213000348,6,105,-99
213000349,27,7,20
213000350,221,587,-366
213000366,83,220,-137
213000367,203,16,187
213000379,88,26,62
213000386,8,197,-189
213000406,79,226,-147
213000417,972,358,614
213000425,206,33,173
213000426,159,44,115
213000427,51,174,-123
213000428,42,110,-68
213000429,8,9,-1
213000430,109,310,-201
213000431,48,0,48
213000432,1,42,-41
213000433,21,61,-40
213000434,62,91,-29
213000435,143,81,62
213000436,31,37,-6
213000437,0,5,-5
213000438,145,31,114
213000439,26,8,18
213000440,3,178,-175
213000441,1,2,-1
213000442,1,15,-14
213000443,306,259,47
213000444,24,33,-9
213000445,0,47,-47
213000446,0,58,-58
213000447,0,49,-49
213000448,4,118,-114
213000449,239,3,236
213000450,19,28,-9
213000451,121,42,79
213000452,9,9,0
213000453,18,130,-112
213000455,272,3,269
213000456,1,249,-248
213000481,9,10,-1
213000482,35,2,33
213000489,149,50,99
213000491,1,184,-183
213000492,205,19,186
213000493,0,139,-139
213000494,202,66,136
213000495,0,43,-43
213000496,332,104,228
213000497,23,157,-134
213000498,86,119,-33
213000499,148,265,-117
213000500,376,42,334
213000501,86,14,72
213000502,125,65,60
213000503,1,42,-41
213000504,17,39,-22
213000505,15,14,1
213000506,0,4,-4
213000507,1,88,-87
213900244,52,0,52
213900245,0,11,-11
218000003,24,17,7
218000004,21,22,-1
218000005,22,23,-1
218000006,35,15,20
218000007,15,8,7
218000012,126,88,38
218000013,98,114,-16
218000014,361,320,41
218000019,564,422,142
218000020,194,329,-135
218000021,15,19,-4
218000022,1,5,-4
218000023,5,7,-2
218000024,2,4,-2
218000025,3,4,-1
218000026,4,10,-6
218000027,1,7,-6
218000028,0,2,-2
218000029,0,2,-2
218000030,8,8,0
218000031,0,4,-4
218000032,0,7,-7
218000040,2,0,2
218000046,36,57,-21
218000047,4,85,-81
218000048,47,44,3
218000049,60,67,-7
218000050,210,166,44
218000051,78,160,-82
218000052,2,54,-52
218000053,4,9,-5
218000054,9,37,-28
218000055,5,14,-9
218000056,20,26,-6
218000057,1,18,-17
218000064,2,13,-11
218000065,87,22,65
218000066,10,31,-21
218000067,36,31,5
218000068,120,41,79
218000069,151,78,73
218000070,120,178,-58
218000071,125,161,-36
218000072,187,128,59
218000078,823,406,417
218000079,100,45,55
218000080,112,50,62
218000081,367,115,252
218000082,45,74,-29
218000083,93,35,58
218000084,143,88,55
218000085,135,206,-71
218000086,70,67,3
218000087,127,119,8
218000090,15,71,-56
218000091,829,415,414
218000092,66,84,-18
218000093,61,18,43
218000094,368,413,-45
218000099,269,537,-268
218000100,248,217,31
218000101,231,136,95
218000102,382,140,242
218000103,100,71,29
218000104,104,20,84
218000105,29,19,10
218000106,8,5,3
218000107,62,42,20
218000108,8,26,-18
218000112,54,25,29
218000117,50,34,16
218000134,498,355,143
218000135,21,75,-54
218000136,142,90,52
218000137,160,123,37
218000138,53,80,-27
218000139,149,217,-68
218000140,435,222,213
218000141,65,49,16
218000142,202,98,104
218000143,108,194,-86
218000144,50,73,-23
218000145,350,250,100
218000146,71,115,-44
218000151,6,12,-6
218000152,65,39,26
218000153,7,1,6
218000154,4,1,3
218000155,8,2,6
218000156,29,10,19
218000157,16,15,1
218000158,4,6,-2
218000159,1,1,0
218000160,2,1,1
218000161,20,1,19
218000162,20,4,16
218000163,10,0,10
218000164,47,2,45
218000165,28,9,19
218000170,4,32,-28
218000171,47,7,40
218000172,6,4,2
218000173,25,10,15
218000174,20,7,13
218000176,108,34,74
218000177,191,109,82
218000178,50,120,-70
218000179,72,43,29
218000180,56,19,37
218000181,136,21,115
218000187,10,20,-10
218000188,15,41,-26
218000189,17,39,-22
218000190,9,11,-2
218000191,148,29,119
218000192,148,117,31
218000193,321,177,144
218000194,83,158,-75
218000195,119,44,75
218000196,257,155,102
218000197,280,149,131
218000198,18,58,-40
218000199,45,29,16
218000200,54,20,34
218000201,10,4,6
218000202,41,218,-177
218000207,3,6,-3
218000208,22,53,-31
218000211,43,18,25
218000212,0,0,0
218000213,85,58,27
218000214,1,25,-24
218000215,33,38,-5
218000217,1,63,-62
218000218,118,42,76
218000219,7,13,-6
218000220,45,307,-262
218000221,447,138,309
218000222,7,33,-26
218000223,28,217,-189
218000224,7,130,-123
218000225,147,16,131
218000226,93,31,62
218000230,0,3,-3
218000232,28,34,-6
218000239,139,14,125
218000240,21,6,15
218000241,31,6,25
218000242,74,7,67
218000243,46,5,41
218000244,51,6,45
218000245,25,3,22
218000246,0,0,0
218000247,1,1,0
218000248,0,11,-11
218000249,0,3,-3
218000250,0,10,-10
218000251,4,25,-21
218000252,8,35,-27
218000253,8,58,-50
218000254,0,23,-23
218000255,0,16,-16
218000256,5,61,-56
218000267,274,726,-452
218000268,8,30,-22
218000269,3,4,-1
218000270,112,21,91
218000271,20,37,-17
218000273,16,5,11
218000274,9,4,5
218000275,18,40,-22
218000276,9,21,-12
218000278,13,18,-5
218000279,96,29,67
218000280,3,29,-26
218000281,8,21,-13
218000282,405,412,-7
218000284,59,3,56
218000301,70,84,-14
218000302,123,47,76
218000303,51,47,4
218000316,590,619,-29
218000317,1026,664,362
218000318,697,475,222
218000319,819,554,265
218000320,795,464,331
218000338,40,43,-3
218000345,85,74,11
218000346,17,130,-113
218000459,30,139,-109
218000490,33,36,-3
218000501,94,24,70
218000502,52,42,10
218000503,82,16,66
218000504,175,23,152
218000505,35,126,-91
218000506,15,165,-150
218000508,1,4,-3
218000510,119,14,105
218000520,132,63,69
218000521,16,43,-27
218000522,0,97,-97
218000523,112,2,110
218000524,30,189,-159
218000525,127,17,110
218000526,28,139,-111
218000529,34,127,-93
218000530,12,1,11
218000531,12,12,0
218000532,42,8,34
218000534,131,12,119
218000537,13,35,-22
218000538,92,191,-99
218000540,109,85,24
218000543,126,30,96
218000544,30,66,-36
218000545,65,55,10
218000546,25,46,-21
218000547,47,103,-56
218000548,105,90,15
218000549,293,306,-13
218000550,181,209,-28
218000551,94,622,-528
218000552,229,52,177
218000553,36,130,-94
218000554,22,23,-1
218000555,29,58,-29
218000556,159,134,25
218000557,195,147,48
218000558,67,0,67
218000559,1,33,-32
218000560,0,44,-44
218000561,16,0,16
218000562,42,165,-123
218000563,146,21,125
218000564,4,141,-137
218000565,140,21,119
218000566,288,29,259
218000567,2,68,-66
218000568,25,3,22
218000569,6,171,-165
218000570,116,10,106
218000571,1,92,-91
218000572,129,2,127
218000573,25,241,-216
218000574,160,39,121
218000575,107,0,107
218000576,2,84,-82
218000577,106,3,103
218000578,2,51,-49
218000579,22,7,15
218000581,7,18,-11
218000582,28,5,23
218000583,6,0,6
218000584,1,21,-20
218000585,50,7,43
218000586,14,26,-12
218000587,4,3,1
218000588,5,6,-1
218000589,5,8,-3
218000590,2,4,-2
218000591,0,8,-8
218000592,3,2,1
218000593,1,0,1
218000594,0,0,0
218000597,0,1,-1
218000598,0,0,0
218000599,0,0,0
218000600,0,0,0
218000601,0,0,0
218000602,0,7,-7
218000603,0,7,-7
218000604,11,3,8
218000605,0,26,-26
218000606,51,0,51
218000607,10,19,-9
218000608,39,17,22
218000609,10,38,-28
218000610,61,5,56
218000611,16,0,16
218000612,1,17,-16
218000613,40,3,37
218000614,0,30,-30
218000615,158,0,158
218000616,1,92,-91
218000617,28,1,27
218000618,0,14,-14
218000619,7,16,-9
218000620,20,7,13
218000621,0,4,-4
218000622,0,2,-2
218000623,40,0,40
218000624,4,1,3
218000625,3,1,2
218000626,0,4,-4
218000628,165,21,144
218000631,34,10,24
218000632,1,70,-69
218000633,54,1,53
218000634,14,19,-5
218000635,11,8,3
218000636,621,626,-5
218000637,764,305,459
218000638,111,26,85
218000639,19,95,-76
218000640,157,18,139
218000641,50,159,-109
218000652,49,48,1
218000653,116,49,67
218000663,8,166,-158
218000675,58,33,25
218000676,0,7,-7
218000677,20,4,16
218000680,176,254,-78
218000681,322,96,226
218000691,185,143,42
218000693,213,93,120
218000703,2,14,-12
218000718,165,672,-507
218000719,282,341,-59
218000720,21,356,-335
218000721,174,29,145
218000725,7,1,6
218001147,2,57,-55
218001214,7,33,-26
218001258,124,5,119
218001329,105,106,-1
218001330,89,56,33
218001351,18,8,10
218001352,18,20,-2
218001353,11,4,7
218001354,6,20,-14
218001355,9,128,-119
218001356,436,18,418
218001357,38,87,-49
218001358,296,20,276
218001361,348,8,340
218001362,1,79,-78
219000001,20,32,-12
219000002,47,33,14
219000003,40,21,19
219000004,51,43,8
219000017,65,43,22
219000020,119,40,79
219000022,144,7,137
219000023,83,0,83
219000029,0,53,-53
219000034,40,8,32
219000039,23,116,-93
219000040,31,80,-49
219000041,68,29,39
219000051,0,29,-29
219000052,5,15,-10
219000053,0,64,-64
219000054,4,52,-48
219000055,172,2,170
219000056,4,5,-1
219000057,63,0,63
219000062,10,62,-52
219000063,40,4,36
219000064,1,56,-55
219000110,241,147,94
219000111,85,73,12
219000112,156,64,92
219000113,162,38,124
219000114,208,61,147
219000116,73,67,6
219000117,126,32,94
219000118,142,26,116
219000123,120,42,78
219000124,37,46,-9
219000125,5,6,-1
219000126,42,95,-53
219000127,0,8,-8
219000128,3,90,-87
219000129,19,99,-80
219000130,304,442,-138
219000131,541,759,-218
219000133,18,32,-14
219000134,24,22,2
219000135,23,40,-17
219000136,91,169,-78
219000138,69,12,57
219000139,39,33,6
219000140,37,5,32
219000141,19,75,-56
219000142,7,60,-53
219000143,11,53,-42
219000145,17,25,-8
219000146,1,17,-16
219000147,5,22,-17
219000148,4,21,-17
219000149,13,45,-32
219000150,4,31,-27
219000151,0,19,-19
219000157,164,110,54
219000158,160,154,6
219000161,49,8,41
219000163,897,373,524
219000166,105,144,-39
219000167,115,116,-1
219000168,222,88,134
219000174,386,151,235
219000175,93,3,90
219000176,99,5,94
219000177,45,1,44
219000178,48,0,48
219000179,18,3,15
219000180,18,30,-12
219000182,132,7,125
219000183,71,22,49
219000184,98,4,94
219000185,3,18,-15
219000186,62,12,50
219000187,15,64,-49
219000189,62,146,-84
219000190,44,168,-124
219000191,452,1122,-670
219000192,177,111,66
219000193,115,114,1
219000195,3,65,-62
219000196,5,76,-71
219000198,28,69,-41
219000199,50,201,-151
219000200,34,100,-66
219000201,65,134,-69
219000203,11,132,-121
219000204,60,282,-222
219000205,29,140,-111
219000207,141,176,-35
219000209,35,55,-20
219000210,22,61,-39
219000213,4,75,-71
219000239,143,176,-33
219000240,192,262,-70
219000241,101,83,18
219000242,36,93,-57
219000243,80,141,-61
219000244,29,61,-32
219000245,24,25,-1
219000246,23,20,3
219000247,138,33,105
219000248,352,449,-97
219000249,105,77,28
219000250,140,66,74
219000251,359,230,129
219000252,211,114,97
219000253,328,54,274
219000255,85,84,1
219000256,186,53,133
219000257,68,0,68
219000262,42,84,-42
219000263,46,123,-77
219000267,4,39,-35
219000268,5,1,4
219000269,0,0,0
219000270,10,1,9
219000271,127,7,120
219000278,1,4,-3
219000279,0,0,0
219000283,0,5,-5
219000295,8,62,-54
219000296,41,207,-166
219000297,14,86,-72
219000298,9,49,-40
219000299,410,53,357
219000300,13,110,-97
219000301,129,223,-94
219000302,24,122,-98
219000307,32,25,7
219000308,32,38,-6
219000311,153,44,109
219000312,506,99,407
219000313,320,34,286
219000314,47,224,-177
219000315,283,19,264
219000316,443,46,397
219000317,78,9,69
219000320,1,67,-66
219000321,0,13,-13
219000323,1,26,-25
219000325,0,7,-7
219000326,44,39,5
219000327,62,18,44
219000328,42,33,9
219000329,149,104,45
219000330,29,19,10
219000331,38,36,2
219000332,109,107,2
219000333,21,4,17
219000335,56,1,55
219000337,33,1,32
219000338,48,0,48
219000344,10,51,-41
219000345,67,43,24
219000346,45,82,-37
219000348,119,57,62
219000349,22,91,-69
219000350,42,306,-264
219000351,9,10,-1
219000352,165,83,82
219000353,88,58,30
219000354,176,74,102
219000355,106,55,51
219000356,708,1183,-475
219000363,176,68,108
219000364,80,36,44
219000365,67,33,34
219000366,178,249,-71
219000368,248,436,-188
219000370,703,478,225
219000371,12,37,-25
219000382,8,27,-19
219000383,374,885,-511
219000385,278,350,-72
219000386,483,1279,-796
219000387,4,26,-22
219000390,5,0,5
219000391,1,2,-1
219000397,48,34,14
219000398,56,80,-24
219000401,6,55,-49
219000402,20,63,-43
219000403,130,250,-120
219000404,18,93,-75
219000407,9,30,-21
219000409,37,31,6
219000410,67,46,21
219000411,61,9,52
219000446,68,294,-226
219000447,0,15,-15
219000448,9,4,5
219000452,94,67,27
219000453,56,119,-63
219000454,124,228,-104
219000556,242,76,166
219000558,158,110,48
219000590,26,141,-115
219000591,91,54,37
219000592,80,222,-142
219000595,1,8,-7
219000635,184,43,141
219000636,23,34,-11
219000657,12,9,3
219000658,21,84,-63
219000673,0,6,-6
219000676,11,1,10
219000679,36,10,26
219000684,97,3,94
219000685,1,32,-31
219000686,2,1,1
219000688,0,36,-36
219000689,15,155,-140
219000690,114,12,102
219000691,35,175,-140
219000692,150,20,130
219000693,0,11,-11
219000694,6,0,6
219000695,13,1,12
219000698,20,1,19
219000699,0,18,-18
219000727,0,47,-47
219000728,71,3,68
219000770,32,1,31
219000771,3,27,-24
219000788,228,154,74
219001150,0,21,-21
219001151,0,2,-2
219001166,29,34,-5
219001167,2,55,-53
219001178,40,2,38
220000001,26,48,-22
220000002,17,84,-67
220000003,310,114,196
220000004,247,209,38
220000005,597,833,-236
220000006,119,438,-319
220000007,325,245,80
220000008,193,453,-260
220000009,190,249,-59
220000010,102,65,37
220000011,332,1771,-1439
220000012,71,140,-69
220000014,90,39,51
220000015,69,274,-205
220000017,56,182,-126
220000018,2429,946,1483
220000019,78,227,-149
220000020,287,141,146
220000021,584,139,445
220000022,729,303,426
220000023,241,106,135
220000024,1025,325,700
220000025,490,717,-227
220000026,262,242,20
220000027,14,77,-63
220000028,58,47,11
220000029,37,65,-28
220000030,51,37,14
220000031,324,244,80
220000064,23,577,-554
221000046,11,0,11
221000047,0,4,-4
221000048,0,2,-2
221000049,0,8,-8
221000050,26,2,24
221000055,41,37,4
221000057,60,6,54
221000068,262,141,121
221000069,293,52,241
221000070,168,25,143
221000071,91,9,82
221000072,253,10,243
221000073,157,34,123
221000074,1,14,-13
221000075,21,28,-7
221000076,8,29,-21
221000077,13,81,-68
221000081,8,5,3
221000082,66,6,60
221000083,28,1,27
221000084,8,5,3
221000085,14,44,-30
221000086,21,66,-45
221000087,1,82,-81
221000088,23,111,-88
221000089,46,181,-135
221000090,77,397,-320
221000098,112,21,91
221000099,147,12,135
221000100,106,2,104
221000101,205,17,188
221000102,126,8,118
221000109,9,52,-43
221000110,7,67,-60
221000111,13,216,-203
221000112,11,106,-95
221000113,14,82,-68
221000114,8,107,-99
221000120,40,16,24
221000121,9,32,-23
221000122,29,25,4
221000123,21,30,-9
221000124,31,94,-63
221000155,65,18,47
221000156,44,34,10
221000175,3,9,-6
221000176,1,2,-1
221000182,27,18,9
221000241,597,303,294
221000242,105,426,-321
221000243,514,231,283
221000244,189,509,-320
221000245,70,75,-5
221000246,42,286,-244
221000247,113,103,10
221000248,165,147,18
221000267,46,348,-302
221000325,33,34,-1
221000331,4,28,-24
221000338,11,17,-6
221000378,172,18,154
221000381,37,28,9
222000282,12,0,12
222000296,0,17,-17
222000568,295,23,272
222000569,197,30,167
222000570,128,23,105
222000571,248,15,233
222000577,6,84,-78
222000578,19,97,-78
222000579,34,80,-46
222000580,59,403,-344
222000599,0,60,-60
222000600,5,173,-168
222000601,3,566,-563
222000603,23,29,-6
222000604,2,23,-21
222000605,7,26,-19
222000606,2,12,-10
222000607,8,16,-8
222000608,28,8,20
222000609,53,95,-42
222000616,318,38,280
222000617,12,21,-9
222000618,10,5,5
222000620,18,16,2
222000621,19,14,5
222000623,489,7,482
222000624,319,3,316
222000625,441,3,438
222000636,41,3,38
222000686,16,11,5
222000687,37,14,23
222001066,175,2,173
222001067,4,2,2
222001068,33,16,17
222001069,43,21,22
222001082,11,24,-13
222001083,11,23,-12
222001084,0,31,-31
222001085,0,66,-66
222001111,37,68,-31
222001112,123,25,98
222001313,13,7,6
222001314,7,82,-75
222001464,135,53,82
222001465,45,79,-34
222001484,126,51,75
222001485,34,31,3
222001494,387,112,275
222001495,100,165,-65
222001496,273,58,215
222001497,62,240,-178
222001502,5,57,-52
222001503,87,37,50
222001504,7,187,-180
222001505,248,14,234
222001506,33,251,-218
222001507,175,16,159
222001510,342,25,317
222001511,38,188,-150
222001514,399,118,281
222001515,156,264,-108
222001518,228,39,189
222001519,38,77,-39
222001527,144,36,108
222001528,38,90,-52
222001529,239,27,212
222001530,46,108,-62
222001533,101,128,-27
222001534,209,59,150
222001535,190,236,-46
222001536,34,109,-75
222001537,195,44,151
222001538,70,238,-168
222001563,596,51,545
222001564,39,265,-226
222001568,242,101,141
222001576,2,1,1
222001579,0,9,-9
222001583,17,67,-50
222001584,67,15,52
222001596,256,601,-345
222001597,839,194,645
222001626,1,52,-51
222001650,34,79,-45
222001651,91,182,-91
222001914,108,37,71
222001915,28,154,-126
222001968,366,293,73
222001969,311,361,-50
222001970,127,104,23
222001971,15,8,7
222001972,1,8,-7
225000001,295,193,102
225000002,397,159,238
225000003,445,47,398
225000004,280,140,140
225000005,56,37,19
225000006,0,125,-125
225000007,746,767,-21
225000010,189,10,179
225000011,216,640,-424
225000012,206,367,-161
225000013,84,75,9
225000014,433,76,357
225000015,80,135,-55
225000021,578,133,445
225000027,130,308,-178
225000032,538,64,474
225000042,28,319,-291
225000049,27,44,-17
225000050,84,9,75
225000053,6,205,-199
225000058,554,136,418
225000067,112,96,16
225000068,75,154,-79
225000069,95,291,-196
225000070,88,238,-150
225000071,34,88,-54
225000075,20,433,-413
225000076,28,85,-57
225000078,60,53,7
225000085,72,106,-34
225000086,207,44,163
225000087,165,11,154
225000088,8,159,-151
225000089,129,781,-652
225000090,25,281,-256
225000091,187,72,115
225000092,30,64,-34
225000093,220,219,1
225000094,10,147,-137
225000095,236,197,39
225000096,231,253,-22
225000098,586,239,347
225000099,209,102,107
225000100,320,95,225
225000104,74,202,-128
225000110,7,258,-251
225000111,149,562,-413
225000112,226,605,-379
225000113,118,449,-331
225000114,37,166,-129
225000115,861,423,438
225000116,651,162,489
225000117,552,191,361
225000118,816,146,670
225000119,166,46,120
225000120,469,15,454
225000121,121,9,112
225000123,413,30,383
225000125,377,151,226
225000126,495,131,364
225000127,564,793,-229
225000128,367,426,-59
225000132,240,17,223
225000133,161,24,137
225000134,449,102,347
225000135,56,7,49
225000136,209,8,201
225000137,171,48,123
225000138,329,48,281
225000143,40,138,-98
225000144,0,172,-172
225000145,33,22,11
225000146,30,40,-10
225000147,22,145,-123
225000148,3,105,-102
225000149,32,243,-211
225000151,26,103,-77
225000155,284,226,58
225000156,125,483,-358
225000157,171,198,-27
225000158,44,137,-93
225000171,4,111,-107
225000180,21,2,19
225000181,0,36,-36
225000182,53,4,49
225000185,5,224,-219
225000187,28,214,-186
225000191,78,1,77
225000194,0,5,-5
225000208,3,41,-38
225000209,92,5,87
225000210,8,175,-167
225000217,1,5,-4
225000218,3,3,0
225000223,0,43,-43
225000224,35,1,34
225000225,1,29,-28
225000226,38,1,37
225000227,35,58,-23
225000228,7,5,2
225000229,0,58,-58
225000230,10,0,10
225000231,1,42,-41
225000232,111,0,111
225000241,73,2,71
225000242,0,35,-35
225000249,12,0,12
225000250,19,375,-356
225000251,261,14,247
226000042,191,245,-54
226000043,52,193,-141
226000044,89,269,-180
226000045,38,192,-154
226000046,317,49,268
226000047,327,82,245
226000048,281,96,185
226000049,225,143,82
226000070,0,32,-32
226000071,0,50,-50
226000072,0,12,-12
226000073,0,3,-3
226000074,0,6,-6
226000084,7,28,-21
226000085,1,10,-9
226000086,2,20,-18
226000087,2,10,-8
226000088,9,9,0
226000090,58,83,-25
226000091,13,19,-6
226000092,7,4,3
226000093,18,0,18
226000094,5,1,4
226000095,10,7,3
226000105,8,4,4
226000106,10,0,10
226000107,15,0,15
226000108,24,0,24
226000109,87,0,87
226000124,83,53,30
226000134,568,285,283
226000135,1037,372,665
226000136,379,259,120
226000137,6,155,-149
226000138,14,96,-82
226000139,0,11,-11
226000156,164,5,159
226000157,162,9,153
226000163,28,55,-27
226000202,7,170,-163
226000231,368,11,357
226000232,23,7,16
227000033,358,63,295
227000036,344,27,317
227000037,283,21,262
227000038,275,34,241
227000049,0,21,-21
227000050,1,24,-23
227000055,50,0,50
227000056,29,1,28
227000084,1,78,-77
227000085,1,52,-51
227000088,42,0,42
227000089,117,4,113
227000090,33,1,32
227000091,21,2,19
227000092,3,0,3
227000093,121,0,121
227000094,8,0,8
227000130,25,95,-70
227000131,19,129,-110
227000132,6,118,-112
227000133,9,111,-102
227000134,12,179,-167
227000152,0,3,-3
227000153,1,52,-51
227000154,0,4,-4
227000155,2,8,-6
227000156,3,8,-5
227000165,9,54,-45
227000196,271,108,163
227000199,291,263,28
227000230,7,232,-225
227000232,340,10,330
227000242,45,325,-280
227000243,444,71,373
227000245,18,264,-246
227000246,118,324,-206
227000247,376,91,285
227000248,186,39,147
227000249,27,103,-76
227000250,419,219,200
227000251,72,242,-170
227000252,32,208,-176
227000253,156,16,140
227000262,402,48,354
227000266,814,25,789
227000267,11,883,-872
227000282,3,77,-74
227000284,399,7,392
227000286,3,42,-39
227000287,12,25,-13
227000291,5,252,-247
227000484,150,12,138
227000485,9,533,-524
227000655,141,11,130
227000656,412,19,393
227000657,61,5,56
227000661,271,31,240
227000680,137,55,82
229000265,8,26,-18
229000296,1,9,-8
229000297,5,9,-4
229000298,5,102,-97
229000320,7,1,6
229000321,16,5,11
229000412,8,45,-37
229000414,2,23,-21
229000415,14,1,13
229000416,0,3,-3
229000417,9,6,3
229000419,64,216,-152
229000440,303,46,257
229000442,8,2,6
229000443,4,0,4
229000444,4,21,-17
229000445,44,3,41
229000446,53,10,43
229000491,3,2,1
229000492,2,28,-26
229000493,2,39,-37
229000494,26,2,24
229000495,49,3,46
229000496,24,1,23
229000507,0,26,-26
229000508,0,24,-24
229000509,1,42,-41
229000510,2,20,-18
229000511,3,22,-19
229000512,0,14,-14
229000513,0,1,-1
229000514,0,0,0
229000517,0,3,-3
229000518,11,3,8
229000519,0,2,-2
229000520,5,10,-5
229000521,38,6,32
229000522,2,3,-1
229000523,7,5,2
229000524,4,2,2
229000527,2,0,2
229000528,0,0,0
229000529,5,0,5
229000530,22,1,21
229000531,6,0,6
229000532,18,0,18
229000533,31,0,31
229000534,22,0,22
229000564,27,0,27
229000565,6,1,5
229000566,0,5,-5
229000567,0,12,-12
229000582,22,0,22
229000583,2,1,1
229000584,0,21,-21
229000585,1,24,-23
229000718,0,2,-2
229000719,0,7,-7
229000720,0,4,-4
229000721,0,3,-3
229000722,0,3,-3
229000723,0,4,-4
229000724,0,3,-3
229000725,0,0,0
229000738,0,0,0
229000739,0,0,0
229000740,1,0,1
229000741,11,0,11
229000742,1,0,1
229000743,1,0,1
229000744,0,0,0
229000745,0,0,0
229000746,7,0,7
229000847,22,0,22
229000848,9,0,9
229000849,73,0,73
229000851,22,3,19
229000854,0,21,-21
229000856,1,43,-42
229000857,0,19,-19
229000858,0,18,-18
229000919,10,58,-48
229000930,0,162,-162
229000937,78,4,74
229000966,61,10,51
229000981,13,24,-11
229000985,8,18,-10
229000986,0,5,-5
229000987,0,2,-2
229000988,1,2,-1
229000989,4,2,2
229000990,0,1,-1
229000991,0,0,0
229000992,8,3,5
229000993,75,6,69
229000998,6,22,-16
229000999,51,2,49
229001034,0,5,-5
229001035,1,2,-1
229001037,28,6,22
229001042,4,7,-3
229001047,4,28,-24
229001050,26,37,-11
229001168,0,2,-2
229001200,14,1,13
229001338,0,13,-13
229001394,175,4,171
229001422,89,21,68
229001423,14,91,-77
229001431,80,55,25
229001432,45,38,7
229001444,109,37,72
229001445,24,119,-95
229001479,13,4,9
229001503,164,78,86
229001504,130,104,26
229001505,111,26,85
229001506,35,55,-20
229001509,21,16,5
229001545,73,4,69
229001546,5,61,-56
229001553,66,13,53
229001554,22,66,-44
229001559,4,2,2
229001560,3,24,-21
229001630,46,4,42
229001631,23,10,13
229001635,1,7,-6
229001636,5,0,5
229001658,3,87,-84
229001659,52,0,52
229001660,8,3,5
229001661,5,13,-8
229001662,20,0,20
229001663,0,8,-8
229002584,93,129,-36
229002831,105,99,6
229002841,17,13,4
229002842,19,11,8
229002843,44,17,27
229002844,44,30,14
229002845,7,35,-28
229002846,31,17,14
229002847,2,1,1
229002848,13,5,8
229002849,1,49,-48
229002850,10,0,10
229002851,31,80,-49
229002852,110,18,92
229002853,94,16,78
229002854,57,27,30
229002855,14,35,-21
229002856,37,16,21
229002857,8,90,-82
229002858,12,4,8
229002859,16,42,-26
229002860,146,11,135
229002861,20,13,7
229002862,24,16,8
229002863,28,9,19
229002864,27,26,1
229002865,14,6,8
229002866,17,16,1
229002867,5,14,-9
229002868,1,4,-3
229002869,17,77,-60
229002870,70,9,61
235000066,340,75,265
235000067,87,107,-20
235000072,21,84,-63
235000073,59,265,-206
235000074,38,39,-1
235000080,17,68,-51
235000081,108,84,24
235000082,195,39,156
235000083,207,82,125
235000084,52,55,-3
235000085,138,92,46
235000089,19,23,-4
235000092,30,110,-80
235000093,7,4,3
235000097,4,6,-2
235000098,60,5,55
235000099,31,17,14
235000116,64,18,46
235000117,466,13,453
235000133,6,382,-376
235000134,5,157,-152
235000206,5,4,1
235000207,3,3,0
235000208,2,4,-2
235000209,13,1,12
235000210,9,4,5
235000212,12,18,-6
235000213,0,14,-14
235000220,8,2,6
235000221,54,12,42
235000238,16,78,-62
235000239,3,36,-33
235000242,327,571,-244
235000245,483,116,367
235000246,20,35,-15
235000284,19,143,-124
235000295,76,11,65
235000305,175,18,157
235000306,194,14,180
235000307,10,1,9
235000308,14,0,14
235000309,38,0,38
235000310,14,0,14
235000311,60,7,53
235000322,0,12,-12
235000323,0,49,-49
235000324,0,8,-8
235000325,0,5,-5
235000326,5,74,-69
235000351,2,37,-35
235000352,7,21,-14
235000353,2,11,-9
235000354,8,21,-13
235000355,14,48,-34
235000356,69,2,67
235000357,38,12,26
235000358,155,8,147
235000359,19,12,7
235000360,20,10,10
235000361,33,3,30
235000381,133,141,-8
235000382,196,18,178
235000390,24,6,18
235000391,160,15,145
235000392,169,284,-115
235000393,128,151,-23
235000395,110,43,67
235000396,413,47,366
235000400,47,22,25
235000401,16,110,-94
235000405,70,173,-103
235000406,43,139,-96
235000407,28,47,-19
235000409,116,79,37
235000410,43,206,-163
235000411,0,56,-56
235000485,0,12,-12
235000486,12,0,12
235000549,74,80,-6
235000550,79,123,-44
235000599,185,56,129
235000600,8,14,-6
235000601,20,28,-8
235000602,89,46,43
235000614,0,2,-2
235000648,0,15,-15
235000649,49,1,48
235000685,3,4,-1
235000815,25,47,-22
235000834,0,6,-6
235000855,48,62,-14
235000862,40,97,-57
235000891,0,7,-7
235000892,11,2,9
235000901,42,55,-13
235000907,3,7,-4
235001010,73,43,30
235001029,371,289,82
235001030,410,282,128
235001078,97,109,-12
235001079,56,75,-19
235001147,10,29,-19
235001166,10,56,-46
235001167,64,58,6
235001169,19,215,-196
235001188,1,1,0
235001189,8,5,3
235001197,6,21,-15
235001200,41,43,-2
235001207,170,16,154
235001210,21,78,-57
235001215,20,66,-46
235001239,0,25,-25
235001244,0,1,-1
235016267,0,25,-25
277101746,0,0,0
277102712,0,0,0
277103813,0,1,-1
277103814,0,2,-2
277103898,0,1,-1
277104249,0,3,-3
277104250,0,12,-12
277104251,0,8,-8
277104252,0,3,-3
990011530,0,127,-127
990014944,2,213,-211
990015176,41,4,37
990015618,0,74,-74
990016032,0,172,-172
990032570,0,22,-22
990070001,49,0,49
990070103,0,6,-6
990070601,0,24,-24
990070751,721,2,719
990070766,1,214,-213
990071180,322,112,210
990071343,7,1,6
990071387,0,11,-11
990071823,329,4,325
990072600,5,767,-762
990072964,3,187,-184
990073285,0,0,0
990074393,0,417,-417
990074870,1403,7,1396
990075106,1023,8,1015
990075746,510,5,505
990076437,1097,9,1088
990076458,1,305,-304
997000007,589,11,578
997000041,0,139,-139
997000058,40,0,40
997000062,22,2,20
997000069,0,3,-3
997000070,1,21,-20
997000100,24,0,24
997000141,1,407,-406
997000198,133,1026,-893
998000475,0,21,-21
998000736,0,146,-146
998000965,0,16,-16
998001031,0,39,-39
998001700,0,0,0
998001899,0,1,-1
998001900,6,1,5
998003073,693,6,687
998101900,0,0,0
998102850,1,177,-176
998501927,685,594,91
998501929,106,24,82
998501930,40,11,29
998501931,91,1,90
998501932,4,1,3
998501933,35,0,35
998501937,19,2,17
998501944,9,0,9
998501950,4,9,-5
998501970,35,4,31
998501971,0,57,-57
998501973,0,18,-18
998501974,3,152,-149
998501975,63,5,58
998501976,120,0,120
998501977,1,15,-14
998501978,6,0,6
998501979,0,11,-11
998501980,74,2,72
998501981,34,1,33
998501982,1,56,-55
998501983,0,1,-1
998502024,0,3,-3
998502032,0,2,-2
998502062,18,9,9
998502063,0,0,0
998502173,18,1,17
998502269,0,1,-1
998502546,1,93,-92
998502578,0,2,-2
998502599,39,217,-178
998601159,1,62,-61
998601292,0,15,-15
999033574,0,227,-227
999800001,15,2,13
999800002,0,9,-9
999800003,0,0,0
999800004,0,0,0
999800005,0,8,-8
