ID,insum,outsum,diff
100000001,678,831,-153
100000002,3806,3880,-74
100000003,3613,4715,-1102
100000004,439,1320,-881
100000005,2261,4033,-1772
100000006,667,261,406
100000007,1837,664,1173
100000008,274,589,-315
100000009,389,317,72
100000010,59,101,-42
100000011,415,149,266
100000012,50,788,-738
100000013,105,220,-115
100000014,348,447,-99
100000015,1246,1767,-521
100000016,425,1298,-873
100000017,488,1056,-568
100000018,726,592,134
100000019,2676,1938,738
100000020,1079,5014,-3935
100000021,4295,1803,2492
100000022,682,2681,-1999
100000023,3159,1378,1781
100000025,409,1314,-905
100000028,720,1258,-538
100000029,104,501,-397
100000030,63,43,20
100000031,2180,5402,-3222
100000032,1489,3373,-1884
100000033,993,2386,-1393
100000034,112,970,-858
100000035,794,1249,-455
100000036,781,1500,-719
100000037,662,430,232
100000038,2118,803,1315
100000039,282,238,44
100000040,235,211,24
100000041,1437,561,876
100000042,856,362,494
100000043,615,469,146
100000044,171,619,-448
100000045,289,695,-406
100000046,381,539,-158
100000047,158,299,-141
100000048,274,425,-151
100000049,1166,944,222
100000051,441,533,-92
100000053,85,4,81
100000054,296,29,267
100000055,536,405,131
100000056,449,738,-289
100000057,1808,557,1251
100000058,631,700,-69
100000059,7,250,-243
100000060,418,283,135
100000061,2041,431,1610
100000062,1466,511,955
100000063,955,221,734
100000064,1238,450,788
100000065,277,620,-343
100000066,140,451,-311
100000067,218,510,-292
100000068,287,1081,-794
100000069,231,952,-721
100000072,208,357,-149
100000073,740,694,46
100000075,762,210,552
100000076,1120,3639,-2519
100000077,92,474,-382
100000078,17,52,-35
100000079,14,62,-48
100000080,17,70,-53
100000081,109,247,-138
100000102,2886,4647,-1761
100000103,1371,1516,-145
100000104,2605,2436,169
100000105,1199,1735,-536
100000106,1003,2843,-1840
100000107,140,1247,-1107
100000108,276,880,-604
100000109,957,1317,-360
100000116,701,680,21
100000117,74,237,-163
100000118,759,1424,-665
100000119,519,1101,-582
100000121,200,453,-253
100000122,554,1567,-1013
100000123,1067,2648,-1581
100000124,3041,3467,-426
100000125,3907,1779,2128
100000126,479,686,-207
100000127,842,541,301
100000128,1350,2414,-1064
100000129,300,707,-407
100000130,530,265,265
100000131,952,1661,-709
100000132,761,1812,-1051
100000133,2098,1207,891
100000135,692,1412,-720
100000139,189,804,-615
100000140,172,284,-112
100000142,632,470,162
100000143,1111,381,730
100000144,2115,592,1523
100000147,1344,3510,-2166
100000150,61,619,-558
100000151,670,2132,-1462
100000153,102,501,-399
100000154,24,307,-283
100000155,11,53,-42
100000156,393,419,-26
100000157,378,271,107
100000158,233,202,31
100000159,147,799,-652
100000165,552,746,-194
100000169,63,1346,-1283
100000174,294,879,-585
100000179,92,475,-383
100000180,824,2208,-1384
100000181,285,455,-170
100000188,59,147,-88
100000189,938,380,558
100000190,517,1534,-1017
100000191,600,640,-40
100000192,21,102,-81
100000193,242,182,60
100000330,585,838,-253
100000355,144,827,-683
100000362,2619,1357,1262
100000363,5120,5386,-266
100000364,88,298,-210
100000365,5309,9643,-4334
100000366,2215,1700,515
100000367,4410,6476,-2066
100000368,2726,876,1850
100000369,490,2232,-1742
100000370,205,1033,-828
100000376,78,200,-122
100000379,1150,1577,-427
100000380,3550,5338,-1788
100000384,4957,5613,-656
100000385,1436,3579,-2143
100000386,3329,5718,-2389
100000387,2645,5545,-2900
100000388,2646,6291,-3645
100000389,3351,6645,-3294
100000390,4562,6415,-1853
100000391,2748,10125,-7377
100000392,1649,4661,-3012
100000393,1439,6283,-4844
100000394,3743,8431,-4688
100000395,2255,6648,-4393
100000396,4041,3993,48
100000397,2818,8842,-6024
100000398,6819,5292,1527
100000413,6,2,4
100900002,9,5,4
100900003,408,258,150
100900004,14,756,-742
100900005,86,23,63
100900006,26,40,-14
100900007,183,20,163
100900008,2,333,-331
100900009,57,184,-127
100900010,101,34,67
100900011,189,147,42
100900012,3,96,-93
100900013,912,27,885
100900014,3,4,-1
100900015,46,82,-36
100900016,3,27,-24
100900017,719,78,641
100900018,0,12,-12
100900019,23,96,-73
100900020,216,11,205
100900021,385,1,384
100900022,7,25,-18
100900023,0,14,-14
100900024,230,11,219
100900025,6,7,-1
100900026,116,107,9
100900027,412,2161,-1749
100900028,126,229,-103
100900029,36,6,30
100900030,8,209,-201
100900031,712,30,682
100900032,329,0,329
100900033,142,271,-129
100900034,635,3,632
100900035,196,0,196
100900036,7,2,5
100900037,155,137,18
100900038,104,58,46
100900039,199,276,-77
100900040,377,309,68
100900041,1070,387,683
100900042,1393,1924,-531
100900043,0,23,-23
100900044,1126,477,649
100900045,6,0,6
100900046,999,3,996
100900047,618,179,439
100900048,129,50,79
100900049,99,100,-1
100900050,4,2,2
100900051,25,68,-43
100900052,286,35,251
100900053,539,41,498
100900054,15,41,-26
100900055,161,799,-638
100900056,13,45,-32
100900057,1743,1170,573
100900058,113,76,37
100900059,109,0,109
100900060,255,5,250
100900061,221,173,48
100900062,7,59,-52
100900063,259,744,-485
100900064,597,25,572
100900065,72,96,-24
100900066,167,249,-82
100900067,6,8,-2
100900068,146,157,-11
100900069,154,2,152
100900070,437,8,429
100900071,370,148,222
100900072,14,43,-29
100900073,142,189,-47
100900074,1,5,-4
100900075,1713,193,1520
100900076,5,31,-26
100900077,48,20,28
100900078,71,228,-157
100900079,16,20,-4
100900080,73,75,-2
100900081,34,106,-72
100900082,207,270,-63
100900083,15,24,-9
100900085,38,606,-568
100900086,75,384,-309
100900088,124,194,-70
100900089,1,17,-16
100900090,71,491,-420
100900091,4,12,-8
100900092,70,110,-40
100900093,315,288,27
100900094,169,189,-20
100900095,6,14,-8
100900096,23,116,-93
100900097,5,1,4
100900098,12,45,-33
100900099,19,430,-411
100900100,11,665,-654
100900101,262,61,201
100900102,33,78,-45
100900103,2,21,-19
100900104,7,111,-104
100900105,12,461,-449
100900106,30,9,21
100900107,1418,794,624
100900108,4,23,-19
100900109,12,15,-3
100900110,0,39,-39
100900111,35,150,-115
100900112,3,54,-51
100900113,22,15,7
100900114,16,56,-40
100900115,16,41,-25
100900116,718,391,327
100900117,241,1112,-871
100900118,16,28,-12
100900119,12,22,-10
100900120,20,4,16
100900121,230,345,-115
100900122,83,114,-31
100900123,99,120,-21
100900124,12,12,0
100900125,21,59,-38
100900126,189,107,82
100900127,0,10,-10
100900128,82,217,-135
100900129,0,369,-369
100900131,40,157,-117
100900133,70,24,46
100900134,5,0,5
100900135,1,376,-375
100900137,295,174,121
100900138,286,485,-199
100900139,9,18,-9
100900140,1,324,-323
100900141,0,637,-637
100900142,0,9,-9
100900143,434,436,-2
100900144,7,3,4
100900145,100,140,-40
100900146,3,35,-32
100900147,3,408,-405
100900148,44,273,-229
100900149,63,240,-177
100900150,3,24,-21
100900151,114,440,-326
100900152,162,4,158
100900153,2,175,-173
100900154,4,126,-122
100900155,15,5,10
100900156,36,6,30
100900157,8,662,-654
100900159,2,29,-27
100900160,32,5,27
100900161,29,7,22
100900162,18,450,-432
100900163,119,102,17
100900164,62,29,33
100900165,11,20,-9
100900166,15,1,14
100900167,18,62,-44
100900168,44,185,-141
100900169,98,766,-668
100900170,11,3,8
100900171,23,334,-311
100900172,0,25,-25
100900173,15,127,-112
100900174,34,18,16
100900176,1622,134,1488
100900177,620,157,463
100900178,157,177,-20
100900179,273,378,-105
100900180,2,6,-4
100900181,32,87,-55
100900182,56,28,28
100900184,22,139,-117
100900186,349,279,70
100900187,14,68,-54
100900188,23,24,-1
100900189,1867,237,1630
100900191,484,1252,-768
100900192,195,475,-280
100900195,142,172,-30
100900197,19,60,-41
100900198,29,119,-90
100900199,8,7,1
100900200,526,300,226
100900201,61,594,-533
100900202,61,0,61
100900203,1,204,-203
100900204,43,571,-528
100900205,133,626,-493
100900206,269,115,154
100900207,262,178,84
100900210,66,206,-140
100900211,344,109,235
100900213,130,39,91
100900214,433,139,294
100900215,28,36,-8
100900217,107,105,2
101000001,1738,1844,-106
101000002,6431,6433,-2
101000003,307,898,-591
101000004,4565,5017,-452
101000005,2336,4210,-1874
101000006,4969,6277,-1308
101000007,2084,3840,-1756
101000008,1595,1786,-191
101000009,2115,594,1521
101000010,708,527,181
101000011,897,322,575
101000012,454,548,-94
101000013,580,875,-295
101000014,276,392,-116
101000015,1589,840,749
101000016,277,497,-220
101000017,316,452,-136
101000018,1312,2151,-839
101000020,1784,618,1166
101000021,491,348,143
101000022,53,103,-50
101000023,806,598,208
101000025,233,455,-222
101000026,229,26,203
101000027,1831,3490,-1659
101000028,892,382,510
101000029,139,1360,-1221
101000030,723,185,538
101000031,228,996,-768
101000032,2469,4369,-1900
101000033,1285,3309,-2024
101000034,935,1937,-1002
101000035,481,275,206
101000036,1063,1358,-295
101000037,1161,2100,-939
101000039,1533,2577,-1044
101000040,1919,4483,-2564
101000041,2255,6710,-4455
101000042,161,1052,-891
101000043,2699,6679,-3980
101000045,375,929,-554
101000046,1146,2275,-1129
101000047,974,5322,-4348
101000048,359,314,45
101000049,413,2152,-1739
101000050,739,1678,-939
101000051,674,2147,-1473
101000052,918,1192,-274
101000053,485,1062,-577
101000054,1422,821,601
101000055,920,1442,-522
101000056,34,131,-97
101000057,881,1541,-660
101000058,634,1109,-475
101000059,1531,2236,-705
101000060,1956,840,1116
101000061,415,1580,-1165
101000062,288,660,-372
101000063,273,1315,-1042
101000064,582,1224,-642
101000065,236,808,-572
101000066,425,1171,-746
101000067,617,1144,-527
101000068,149,510,-361
101000069,153,53,100
101000070,579,850,-271
101000071,1776,907,869
101000072,440,2892,-2452
101000073,670,1202,-532
101000074,2571,3579,-1008
101000075,1887,5060,-3173
101000077,1457,1469,-12
101000078,789,1169,-380
101000079,1274,1035,239
101000080,1148,1281,-133
101000081,1615,1438,177
101000082,1941,2147,-206
101000083,2830,2156,674
101000084,930,593,337
101000085,1331,1132,199
101000086,830,1109,-279
101000087,713,828,-115
101000088,1122,1021,101
101000089,1038,1464,-426
101000090,1653,953,700
101000091,416,441,-25
101000092,1431,617,814
101000093,1344,670,674
101000094,976,773,203
101000095,542,427,115
101000096,484,410,74
101000097,359,461,-102
101000098,384,385,-1
101000099,549,798,-249
101000100,681,744,-63
101000101,201,330,-129
101000102,409,690,-281
101000103,532,647,-115
101000104,258,794,-536
101000105,153,531,-378
101000106,360,1163,-803
101000107,268,357,-89
101000108,570,161,409
101000109,524,69,455
101000110,26,225,-199
101000111,54,100,-46
101000113,140,632,-492
101000114,3877,9622,-5745
101000115,74,19,55
101000116,30,33,-3
101000117,1472,172,1300
101000119,40,76,-36
101000120,128,93,35
101000121,47,73,-26
101000122,109,126,-17
101000123,78,142,-64
101000124,1094,493,601
101000125,134,292,-158
101000128,204,570,-366
101000130,128,220,-92
101000131,1157,391,766
101000132,834,513,321
101000135,41,54,-13
101000136,240,280,-40
101000137,31,429,-398
101000141,701,3535,-2834
101000147,912,356,556
101000148,493,11,482
101000149,111,482,-371
101000150,120,336,-216
101000151,331,42,289
101000152,259,315,-56
101000153,379,171,208
101000154,431,560,-129
101000155,391,155,236
101000156,25,389,-364
101000157,51,44,7
101000160,21,21,0
101000163,116,535,-419
101000164,237,159,78
101000165,194,303,-109
101000166,180,197,-17
101000168,755,456,299
101000252,2333,960,1373
101000254,63,77,-14
101000258,83,21,62
101000261,135,96,39
101000262,1104,3565,-2461
101000263,176,1149,-973
101000265,57,709,-652
101000266,230,201,29
101000269,21,14,7
101000290,524,2170,-1646
101000293,22,51,-29
101000294,613,399,214
101000295,239,255,-16
101000301,322,421,-99
101000304,1911,2393,-482
101000305,2642,908,1734
101000328,89,448,-359
101900001,26,53,-27
101900002,0,14,-14
101900003,38,85,-47
101900004,2,80,-78
101900005,1737,2749,-1012
101900006,1441,49,1392
101900007,463,189,274
101900008,54,139,-85
101900009,19,269,-250
101900010,750,736,14
101900011,85,712,-627
101900012,217,57,160
101900013,398,134,264
101900017,13,139,-126
101900018,1122,297,825
101900019,163,136,27
101900020,50,40,10
101900021,1,41,-40
101900022,150,1005,-855
101900023,182,164,18
101900026,165,38,127
101900027,33,94,-61
102000001,2597,4739,-2142
102000002,1865,785,1080
102000003,2058,5983,-3925
102000004,2639,2114,525
102000005,974,2292,-1318
102000006,646,1548,-902
102000007,1143,3624,-2481
102000008,2697,1238,1459
102000009,5730,7103,-1373
102000010,3259,2286,973
102000011,3468,3024,444
102000012,2556,2171,385
102000018,2039,2254,-215
102000019,1769,1382,387
102000026,248,375,-127
102000029,197,144,53
102000030,149,308,-159
102000031,44,88,-44
102000032,628,330,298
102000033,230,253,-23
102000034,466,276,190
102000035,962,452,510
102000036,9,230,-221
102000037,218,40,178
102000038,89,458,-369
102000039,66,143,-77
102000040,218,334,-116
102000041,74,581,-507
102000042,110,369,-259
102000043,100,327,-227
102000044,363,553,-190
102000045,571,598,-27
102000046,985,597,388
102000047,506,686,-180
102000048,417,588,-171
102000049,886,922,-36
102000050,818,997,-179
102000051,350,720,-370
102000052,954,663,291
102000053,694,976,-282
102000054,738,975,-237
102000055,1192,306,886
102000056,946,342,604
102000057,1339,401,938
102000058,1105,824,281
102000059,1204,1099,105
102000060,899,781,118
102000061,1539,1174,365
102000062,1789,774,1015
102000063,882,1095,-213
102000064,587,679,-92
102000065,51,95,-44
102000066,683,792,-109
102000067,2396,2571,-175
102000068,8496,3089,5407
102000069,86,2652,-2566
102000070,1381,40,1341
102000071,6379,8621,-2242
102000072,2347,3419,-1072
102000073,668,603,65
102000074,581,694,-113
102000075,126,265,-139
102000076,226,158,68
102000077,704,536,168
102000078,1349,332,1017
102000079,141,132,9
102000080,262,142,120
102000081,195,719,-524
102000082,540,321,219
102000083,727,183,544
102000084,463,199,264
102000085,1881,733,1148
102000086,1192,706,486
102000087,563,951,-388
102000088,306,259,47
102000089,1306,281,1025
102000090,292,862,-570
102000091,996,375,621
102000092,257,417,-160
102000093,674,549,125
102000094,539,527,12
102000095,698,850,-152
102000096,325,559,-234
102000097,569,391,178
102000098,373,706,-333
102000099,660,1065,-405
102000100,222,1333,-1111
102000101,410,557,-147
102000102,401,836,-435
102000103,2091,310,1781
102000104,573,262,311
102000105,311,507,-196
102000106,824,383,441
102000107,1596,284,1312
102000108,663,146,517
102000109,547,382,165
102000110,1432,524,908
102000111,9,260,-251
102000112,106,115,-9
102000113,17,27,-10
102000114,559,274,285
102000115,224,361,-137
102000116,270,601,-331
102000117,91,764,-673
102000118,693,1416,-723
102000119,1196,1278,-82
102000120,203,381,-178
102000121,924,432,492
102000122,647,803,-156
102000123,1019,838,181
102000124,1242,1091,151
102000125,583,680,-97
102000126,578,774,-196
102000127,1128,629,499
102000128,684,715,-31
102000129,1329,534,795
102000130,710,651,59
102000131,1394,513,881
102000132,538,681,-143
102000133,2486,1347,1139
102000134,945,644,301
102000135,665,592,73
102000136,1012,377,635
102000137,434,821,-387
102000138,215,265,-50
102000139,33,515,-482
102000140,106,1376,-1270
102000141,138,247,-109
102000142,266,217,49
102000143,273,225,48
102000144,327,229,98
102000145,334,293,41
102000146,348,324,24
102000147,338,261,77
102000148,193,380,-187
102000149,200,190,10
102000150,568,83,485
102000151,77,124,-47
102000152,200,108,92
102000153,852,595,257
102000154,181,404,-223
102000155,55,386,-331
102000156,224,162,62
102000157,44,562,-518
102000158,289,399,-110
102000159,853,707,146
102000161,1458,1697,-239
102000162,96,116,-20
102000163,56,395,-339
102000164,520,809,-289
102000165,236,173,63
102000166,46,161,-115
102000167,229,228,1
102000168,237,215,22
102000169,63,459,-396
102000170,390,102,288
102000171,69,90,-21
102000172,31,228,-197
102000173,313,222,91
102000174,55,47,8
102000175,64,64,0
102000176,83,18,65
102000178,268,235,33
102000179,369,170,199
102000180,1140,248,892
102000181,852,346,506
102000182,575,346,229
102000183,1737,1073,664
102000184,1958,445,1513
102000185,2605,870,1735
102000186,1451,966,485
102000187,876,938,-62
102000188,1169,933,236
102000189,1406,521,885
102000190,410,1924,-1514
102000191,1077,349,728
102000192,1517,1642,-125
102000193,49,79,-30
102000194,51,120,-69
102000195,442,252,190
102000196,252,232,20
102000197,975,210,765
102000198,223,344,-121
102000199,1320,215,1105
102000200,257,481,-224
102000201,1387,360,1027
102000202,5,59,-54
102000203,410,106,304
102000204,548,367,181
102000205,1121,263,858
102000206,499,251,248
102000207,597,393,204
102000208,306,295,11
102000209,86,38,48
102000210,439,217,222
102000211,580,168,412
102000212,361,12,349
102000213,10,139,-129
102000214,385,18,367
102000215,5,182,-177
102000216,44,67,-23
102000217,16,75,-59
102000218,273,198,75
102000219,172,152,20
102000225,446,450,-4
102000226,338,633,-295
102000227,139,1,138
102000228,0,58,-58
102000229,54,63,-9
102000230,278,300,-22
102000231,215,299,-84
102000232,45,131,-86
102000233,492,353,139
102000234,100,817,-717
102000236,171,109,62
102000237,398,154,244
102000238,175,223,-48
102000240,419,788,-369
102000241,199,104,95
102000243,8,22,-14
102000245,18,121,-103
102000246,16,26,-10
102000247,376,602,-226
102000248,330,802,-472
102000249,159,84,75
102000250,58,208,-150
102000254,231,132,99
102000266,6,546,-540
102000271,44,0,44
102000286,235,260,-25
102000297,1617,868,749
102000301,0,0,0
102000303,0,0,0
102000305,0,1,-1
102000307,0,8,-8
102900001,1142,703,439
102900002,369,59,310
102900003,59,98,-39
102900005,405,233,172
102900006,567,83,484
102900007,494,12,482
102900008,252,25,227
102900009,474,386,88
102900010,216,987,-771
102900011,1059,387,672
102900012,399,82,317
102900013,37,55,-18
102900015,437,493,-56
102900016,90,56,34
102900017,254,287,-33
102900018,62,51,11
102900019,338,246,92
102900020,208,16,192
102900021,53,53,0
102900022,316,180,136
102900023,28,83,-55
102900024,49,26,23
102900025,140,69,71
102900026,213,1909,-1696
102900027,79,68,11
102900028,181,720,-539
102900029,117,180,-63
102900030,358,248,110
102900031,250,79,171
102900032,110,45,65
102900033,82,130,-48
102900034,550,41,509
102900035,123,230,-107
102900036,292,204,88
102900037,309,211,98
102900038,431,195,236
102900039,17,488,-471
102900040,168,246,-78
102900041,67,99,-32
102900042,163,199,-36
102900043,193,136,57
102900044,458,1372,-914
102900045,213,336,-123
102900046,178,121,57
102900047,144,424,-280
102900048,527,278,249
102900049,77,331,-254
102900050,174,254,-80
102900051,160,182,-22
102900053,309,471,-162
102900054,299,890,-591
102900055,148,241,-93
102900056,126,339,-213
102900057,7,79,-72
102900058,330,68,262
102900059,30,44,-14
102900060,102,342,-240
102900061,162,233,-71
102900062,316,407,-91
102900063,1221,308,913
102900064,77,339,-262
102900065,839,245,594
102900066,282,13,269
102900068,104,112,-8
102900070,228,344,-116
102900072,12,52,-40
102900073,79,4,75
102900075,24,109,-85
102900076,105,142,-37
102900077,32,36,-4
102900078,22,35,-13
102900079,199,10,189
102900080,398,50,348
102900081,81,214,-133
102900082,16,230,-214
102900083,158,24,134
102900084,0,34,-34
102900085,299,109,190
102900086,27,92,-65
102900087,147,122,25
102900088,40,27,13
102900089,216,137,79
102900090,3,151,-148
102900091,200,2,198
102900092,414,319,95
102900094,4,169,-165
102900095,66,1,65
102900096,76,27,49
102900097,2,56,-54
103000001,1894,1807,87
103000002,1880,2029,-149
103000003,2498,2253,245
103000004,802,608,194
103000005,1848,3203,-1355
103000006,833,1381,-548
103000007,431,517,-86
103000008,838,429,409
103000009,1507,925,582
103000010,193,116,77
103000011,1221,878,343
103000012,1226,1614,-388
103000013,2264,1357,907
103000014,1189,2218,-1029
103000015,1045,493,552
103000016,530,1438,-908
103000017,261,372,-111
103000018,471,215,256
103000019,322,268,54
103000020,1516,1138,378
103000021,1530,1944,-414
103000022,558,827,-269
103000023,681,1725,-1044
103000024,58,82,-24
103000025,152,735,-583
103000026,600,90,510
103000027,256,615,-359
103000028,167,327,-160
103000029,131,222,-91
103000030,1208,1094,114
103000031,760,1804,-1044
103000032,1876,1026,850
103000033,2429,2212,217
103000034,899,766,133
103000035,316,1077,-761
103000036,244,363,-119
103000037,469,459,10
103000038,460,863,-403
103000039,474,209,265
103000040,574,487,87
103000041,1552,1154,398
103000042,1359,255,1104
103000043,588,514,74
103000044,316,153,163
103000046,456,388,68
103000047,679,391,288
103000048,289,177,112
103000049,119,113,6
103000050,757,247,510
103000051,599,376,223
103000052,652,197,455
103000053,197,365,-168
103000054,2080,1130,950
103000055,1628,1576,52
103000056,708,875,-167
103000057,1005,154,851
103000058,530,614,-84
103000059,555,529,26
103000060,556,347,209
103000061,481,623,-142
103000062,891,334,557
103000063,780,660,120
103000064,150,104,46
103000065,4,210,-206
103000066,206,7,199
103000069,476,329,147
103000070,820,489,331
103000071,1263,415,848
103000072,111,437,-326
103000073,718,104,614
103000074,686,91,595
103000075,112,480,-368
103000076,346,528,-182
103000077,30,236,-206
103000078,677,814,-137
103000079,460,670,-210
103000080,467,351,116
103000081,277,1106,-829
103000082,385,180,205
103000083,70,327,-257
103000084,101,11,90
103000085,3,105,-102
103000086,322,365,-43
103000087,74,507,-433
103000088,208,289,-81
103000089,229,492,-263
103000090,2770,1049,1721
103000091,737,465,272
103000092,249,208,41
103000093,288,432,-144
103000094,192,98,94
103000095,84,390,-306
103000096,464,43,421
103000097,62,694,-632
103000098,502,163,339
103000099,176,617,-441
103000100,106,477,-371
103000101,867,113,754
103000102,100,299,-199
103000103,686,147,539
103000104,71,69,2
103000105,215,120,95
103000106,8,132,-124
103000107,225,66,159
103000108,858,616,242
103000109,529,489,40
103000110,543,476,67
103000111,363,422,-59
103000112,249,212,37
103000113,498,715,-217
103000114,1215,624,591
103000115,616,488,128
103000116,628,282,346
103000117,526,433,93
103000118,401,373,28
103000119,744,364,380
103000120,56,108,-52
103000121,125,219,-94
103000122,330,418,-88
103000125,22,95,-73
103000126,722,5,717
103000127,23,95,-72
103000128,173,0,173
103000129,0,58,-58
103000130,78,37,41
103000131,88,83,5
103000132,93,162,-69
103000133,14,67,-53
103000134,197,779,-582
103000135,504,202,302
103000136,488,481,7
103000137,357,558,-201
103000138,539,596,-57
103000139,1,62,-61
103000140,151,37,114
103000141,32,144,-112
103000142,106,104,2
103000143,33,209,-176
103000144,148,104,44
103000145,9,153,-144
103000150,110,45,65
103000152,159,227,-68
103000153,272,242,30
103000156,17,137,-120
103000157,472,2,470
103000159,90,15,75
103000162,25,19,6
103000163,9,16,-7
103000164,9,10,-1
103000165,65,186,-121
103000166,228,310,-82
103000167,161,126,35
103000168,174,97,77
103000169,182,462,-280
103000170,1032,235,797
103000171,60,78,-18
103000172,708,220,488
103000173,773,177,596
103000174,263,180,83
103000175,345,149,196
103000176,740,645,95
103000177,290,334,-44
103000178,108,216,-108
103000179,217,32,185
103000183,203,9,194
103000185,146,61,85
103000186,159,89,70
103000187,674,148,526
103000188,17,94,-77
103000189,694,607,87
103000191,367,338,29
103000292,489,1609,-1120
103000293,539,2135,-1596
103000295,88,138,-50
103000296,108,5,103
103000297,3,21,-18
103000504,21,14,7
103000505,10,56,-46
103000506,3,138,-135
103000507,254,4,250
103000508,95,73,22
103000509,229,496,-267
103900001,5,53,-48
103900002,595,119,476
103900003,807,110,697
103900004,129,0,129
103900005,0,83,-83
103900006,8,10,-2
103900007,108,1,107
103900008,13,2,11
103900009,354,437,-83
103900010,193,228,-35
103900011,476,78,398
103900012,10,13,-3
103900013,58,32,26
103900014,128,22,106
103900015,103,9,94
103900016,170,84,86
103900017,50,41,9
103900018,426,96,330
103900019,60,334,-274
103900020,262,521,-259
103900021,186,27,159
103900022,751,584,167
103900023,196,3,193
103900024,87,198,-111
103900025,12,20,-8
103900026,102,0,102
103900027,565,167,398
103900028,37,280,-243
103900029,1305,182,1123
103900030,316,122,194
103900031,39,5,34
103900032,148,92,56
103900033,91,26,65
103900034,53,61,-8
103900035,42,55,-13
103900036,26,44,-18
103900037,83,43,40
103900038,77,209,-132
103900039,174,122,52
103900040,11,94,-83
103900041,61,32,29
103900042,117,104,13
103900043,262,41,221
103900044,45,397,-352
103900045,291,127,164
103900047,115,21,94
103900048,32,33,-1
103900049,121,1053,-932
103900050,16,183,-167
103900051,3,46,-43
103900052,251,193,58
103900053,382,298,84
103900054,161,204,-43
103900055,463,216,247
103900056,95,44,51
103900057,59,87,-28
103900058,364,315,49
103900059,0,72,-72
103900060,60,83,-23
103900061,248,34,214
103900062,448,125,323
103900063,13,0,13
103900064,177,5,172
103900065,451,306,145
103900066,224,38,186
103900067,220,15,205
103900068,3,1,2
103900069,69,18,51
103900070,108,157,-49
103900071,10,73,-63
103900072,24,101,-77
103900073,29,31,-2
103900074,82,24,58
103900075,279,37,242
103900076,605,266,339
103900077,48,162,-114
103900078,211,51,160
103900079,145,101,44
103900080,13,23,-10
103900081,59,48,11
103900082,29,134,-105
103900083,878,1185,-307
103900084,44,114,-70
103900085,34,125,-91
103900086,801,292,509
103900088,265,493,-228
103900089,59,110,-51
103900090,0,39,-39
103900091,782,153,629
103900092,694,298,396
103900093,47,204,-157
103900094,15,59,-44
103900095,185,183,2
103900096,52,85,-33
103900097,16,303,-287
103900098,287,119,168
103900099,111,56,55
103900100,228,194,34
103900101,621,801,-180
103900102,0,52,-52
103900104,1,29,-28
103900105,63,98,-35
103900106,2,630,-628
103900107,136,87,49
103900108,55,153,-98
103900109,170,55,115
103900110,185,44,141
103900111,128,239,-111
103900112,45,67,-22
103900113,85,269,-184
103900114,281,219,62
103900115,261,244,17
103900116,1802,2677,-875
103900117,94,39,55
103900119,32,95,-63
103900120,89,71,18
103900122,163,70,93
103900123,762,622,140
103900124,85,231,-146
103900125,122,51,71
103900126,487,214,273
103900127,172,193,-21
103900128,208,34,174
103900131,35,86,-51
103900133,943,68,875
103900134,2,21,-19
103900135,3,1,2
103900137,0,6,-6
103900138,229,105,124
103900139,238,2807,-2569
103900140,7,266,-259
103900141,175,69,106
103900142,276,49,227
103900143,189,2,187
103900144,0,24,-24
103900145,149,186,-37
103900146,248,179,69
103900147,321,74,247
103900148,282,125,157
103900149,385,230,155
103900150,3260,4391,-1131
103900151,19,134,-115
103900152,736,152,584
103900153,11,9,2
103900154,375,1810,-1435
103900155,71,133,-62
103900156,142,61,81
103900157,99,62,37
103900158,121,49,72
103900159,192,51,141
103900160,64,27,37
103900161,68,162,-94
103900162,53,81,-28
103900163,4,277,-273
103900167,13,108,-95
103900168,140,37,103
103900169,25,51,-26
103900170,0,55,-55
103900171,1,22,-21
103900172,2,20,-18
103900173,24,32,-8
103900174,253,38,215
103900175,34,100,-66
103900176,3,74,-71
103900177,19,47,-28
103900178,118,24,94
103900179,98,40,58
103900180,15,43,-28
103900181,39,30,9
103900182,34,15,19
103900184,235,151,84
103900185,87,506,-419
103900187,11,86,-75
103900188,68,47,21
103900189,144,3,141
103900190,100,59,41
103900191,18,40,-22
103900192,26,71,-45
103900193,96,139,-43
103900194,69,110,-41
103900195,5,127,-122
103900196,43,42,1
103900197,16,24,-8
103900198,18,32,-14
103900199,129,73,56
103900200,195,52,143
103900201,109,85,24
103900202,7,35,-28
103900203,42,29,13
103900204,0,40,-40
103900207,0,24,-24
103900208,140,1,139
103900209,8,71,-63
103900210,50,17,33
103900211,597,235,362
103900212,188,129,59
103900213,22,210,-188
103900214,206,226,-20
103900215,161,256,-95
103900216,22,171,-149
103900217,254,73,181
103900218,0,174,-174
103900219,213,104,109
103900233,99,12,87
103900235,13,90,-77
103900236,8,7,1
103900242,3,7,-4
103900243,0,4,-4
103900244,112,101,11
103900245,82,82,0
103900246,31,25,6
103900247,17,48,-31
103900248,3,59,-56
103900249,1,54,-53
103900250,29,18,11
103900251,2,42,-40
103900253,9,49,-40
103900254,7,13,-6
103900255,2,3,-1
103900256,20,13,7
103900257,123,138,-15
103900258,12,14,-2
103900259,56,13,43
103900261,8,4,4
103900262,10,2,8
103900263,25,32,-7
103900264,17,14,3
103900265,22,0,22
103900266,5,70,-65
103900267,9,62,-53
103900268,20,42,-22
103900269,219,22,197
103900270,84,42,42
103900271,39,68,-29
103900272,65,27,38
103900273,30,4,26
103900274,129,1,128
103900275,51,10,41
103900276,5,21,-16
103900277,5,16,-11
103900278,3,16,-13
103900279,0,29,-29
103900280,3,23,-20
104000001,2468,1585,883
104000002,1515,1725,-210
104000003,1984,1674,310
104000004,1927,1865,62
104000005,1697,1487,210
104000006,2728,1957,771
104000007,3021,3445,-424
104000008,188,168,20
104000009,229,109,120
104000010,189,250,-61
104000011,363,161,202
104000012,123,224,-101
104000013,263,181,82
104000014,222,409,-187
104000015,296,134,162
104000016,356,268,88
104000018,883,210,673
104000019,739,265,474
104000020,84,289,-205
104000021,230,374,-144
104000022,190,221,-31
104000023,952,330,622
104000024,248,279,-31
104000026,34,225,-191
104000027,260,159,101
104000028,482,169,313
104000029,358,205,153
104000030,348,202,146
104000031,1161,396,765
104000032,138,206,-68
104000033,562,436,126
104000034,287,173,114
104000035,1023,339,684
104000036,830,378,452
104000037,268,104,164
104000038,579,289,290
104000039,228,106,122
104000040,161,341,-180
104000041,574,267,307
104000042,120,188,-68
104000043,149,206,-57
104000044,233,434,-201
104000045,777,603,174
104000046,628,793,-165
104000047,549,718,-169
104000048,775,694,81
104000049,507,202,305
104000050,83,452,-369
104000051,168,528,-360
104000052,1444,1358,86
104000053,844,353,491
104000054,312,130,182
104000055,2257,1617,640
104000056,668,389,279
104000057,277,316,-39
104000058,715,537,178
104000059,496,850,-354
104000060,988,1159,-171
104000061,890,693,197
104000062,398,111,287
104000064,527,233,294
104000065,108,517,-409
104000069,535,1171,-636
104000070,64,354,-290
104000071,215,341,-126
104000072,504,179,325
104000075,61,168,-107
104000076,437,48,389
104000082,1915,3009,-1094
104000083,568,216,352
104000084,145,434,-289
104000085,349,276,73
104000086,244,347,-103
104000087,366,1348,-982
104000090,758,642,116
104000092,1271,919,352
104000094,684,806,-122
104000095,1689,1170,519
104000096,1520,90,1430
104000097,1777,444,1333
104000098,2377,454,1923
104000100,1749,487,1262
104000101,979,956,23
104000106,53,514,-461
104000107,540,225,315
104000108,223,253,-30
104000109,270,106,164
104000110,636,717,-81
104000111,1810,2068,-258
104000112,756,399,357
104000116,0,498,-498
104000117,210,246,-36
104000118,783,122,661
104000119,636,216,420
104000120,193,331,-138
104000121,241,466,-225
104000122,752,698,54
104000123,576,524,52
104000124,449,1018,-569
104000125,1817,3834,-2017
104000126,333,356,-23
104000127,1038,1314,-276
104000128,476,197,279
104000129,344,13,331
104000130,16,140,-124
104000131,292,347,-55
104000132,281,404,-123
104000133,1371,696,675
104000134,766,1255,-489
104000135,387,1450,-1063
104000136,511,2884,-2373
104000137,1418,344,1074
104000138,813,266,547
104000139,2836,1696,1140
104000141,706,717,-11
104000142,488,326,162
104000143,565,261,304
104000144,111,140,-29
104000145,363,181,182
104000146,186,433,-247
104000147,125,217,-92
104000148,400,172,228
104000149,172,114,58
104000150,955,425,530
104000151,291,210,81
104000152,465,310,155
104000153,562,548,14
104000154,644,327,317
104000155,481,636,-155
104000157,769,816,-47
104000158,163,412,-249
104000159,733,543,190
104000160,1400,1858,-458
104000161,157,173,-16
104000162,72,199,-127
104000165,667,685,-18
104000167,667,1212,-545
104000168,508,13,495
104000169,142,54,88
104000170,199,362,-163
104000248,345,355,-10
104000251,35,130,-95
104000272,0,0,0
104000273,0,0,0
104000274,0,0,0
104000275,0,0,0
104000279,615,366,249
104000290,72,163,-91
104000291,493,840,-347
104000293,779,714,65
104000294,62,0,62
104000295,533,518,15
104000296,499,476,23
104000297,458,1537,-1079
104000298,1519,631,888
104000299,602,925,-323
104000302,64,51,13
104000303,98,103,-5
104900001,132,185,-53
104900002,51,160,-109
104900003,70,191,-121
104900004,98,106,-8
104900005,322,217,105
104900006,348,79,269
104900007,272,122,150
104900009,107,191,-84
104900010,71,58,13
104900011,10,30,-20
104900012,242,34,208
104900013,141,13,128
104900014,1449,251,1198
104900015,109,6,103
104900016,202,183,19
104900017,157,122,35
104900018,8,78,-70
104900019,167,3655,-3488
104900020,30,190,-160
104900021,0,68,-68
104900022,8,107,-99
104900023,0,19,-19
104900024,12,104,-92
104900025,66,113,-47
104900026,0,20,-20
104900027,538,288,250
104900028,36,72,-36
104900029,46,30,16
104900030,405,213,192
104900031,75,236,-161
104900032,49,54,-5
104900033,161,266,-105
104900034,375,139,236
104900035,415,183,232
104900036,261,68,193
104900037,116,89,27
104900038,151,846,-695
104900039,394,384,10
104900040,434,87,347
104900041,301,110,191
104900042,160,129,31
104900043,30,195,-165
104900044,763,166,597
104900045,413,58,355
104900046,241,89,152
104900047,396,88,308
104900048,297,42,255
104900049,37,28,9
104900050,314,57,257
104900051,282,35,247
104900052,88,3,85
104900053,390,73,317
104900054,170,30,140
104900055,140,0,140
104900056,189,18,171
104900057,50,1,49
104900058,427,155,272
104900059,93,147,-54
104900060,0,258,-258
104900061,146,206,-60
104900063,1,135,-134
104900064,1,117,-116
104900065,0,172,-172
104900066,2,61,-59
104900067,4,228,-224
104900068,20,197,-177
104900070,141,182,-41
104900071,0,301,-301
104900072,56,178,-122
104900073,23,46,-23
104900074,48,87,-39
104900075,42,11,31
104900076,116,132,-16
104900077,298,212,86
104900078,211,183,28
104900079,43,535,-492
104900080,93,385,-292
104900082,8,327,-319
104900085,1,162,-161
104900087,302,1,301
104900089,293,2,291
104900090,878,728,150
104900091,426,361,65
104900093,177,259,-82
104900097,1284,2039,-755
104900098,166,40,126
104900099,105,518,-413
104900100,208,141,67
104900102,49,63,-14
104900103,256,30,226
104900104,1432,1646,-214
104900106,174,49,125
104900107,88,89,-1
104900108,39,94,-55
104900109,108,142,-34
104900110,15,60,-45
104900111,190,44,146
104900112,252,264,-12
104900113,716,205,511
104900114,312,242,70
104900115,725,194,531
104900116,488,100,388
104900118,29,17,12
104900119,0,42,-42
104900120,11,334,-323
104900121,0,24,-24
104900122,1,20,-19
104900123,91,24,67
104900124,53,0,53
104900125,378,5,373
104900126,46,32,14
104900127,18,53,-35
104900128,84,72,12
104900129,791,2031,-1240
105000001,2600,1295,1305
105000002,2197,1317,880
105000003,2784,2673,111
105000004,588,653,-65
105000005,1050,854,196
105000006,1245,1519,-274
105000007,1513,1694,-181
105000008,1069,3413,-2344
105000009,2583,3039,-456
105000010,2341,1057,1284
105000011,3580,2963,617
105000012,2815,1751,1064
105000013,955,1173,-218
105000014,2388,2973,-585
105000015,7596,13351,-5755
105000016,1088,1347,-259
105000017,1159,584,575
105000018,880,1443,-563
105000019,963,906,57
105000020,127,460,-333
105000021,194,170,24
105000022,195,146,49
105000023,597,243,354
105000028,50,72,-22
105000029,501,1253,-752
105000030,2587,1639,948
105000031,8,24,-16
105000033,748,1119,-371
105000034,134,1039,-905
105000037,525,208,317
105000038,1128,1587,-459
105000039,1465,844,621
105000040,1001,1187,-186
105000041,432,649,-217
105000042,2006,1420,586
105000043,947,1126,-179
105000044,534,372,162
105000045,234,324,-90
105000046,988,318,670
105000047,454,569,-115
105000048,499,170,329
105000049,213,352,-139
105000050,697,374,323
105000051,83,246,-163
105000052,636,679,-43
105000053,84,99,-15
105000054,458,718,-260
105000055,904,342,562
105000056,1461,1670,-209
105000057,1369,507,862
105000058,1002,746,256
105000059,688,471,217
105000060,471,393,78
105000061,769,411,358
105000062,495,497,-2
105000063,331,277,54
105000064,1708,619,1089
105000065,396,408,-12
105000066,833,873,-40
105000067,1329,728,601
105000068,295,628,-333
105000069,1074,1950,-876
105000070,303,926,-623
105000071,202,933,-731
105000072,929,2682,-1753
105000073,844,526,318
105000074,664,470,194
105000075,387,497,-110
105000076,947,625,322
105000077,1693,801,892
105000078,837,1103,-266
105000079,883,2860,-1977
105000080,1340,1223,117
105000081,2183,1408,775
105000082,712,1999,-1287
105000083,2946,3592,-646
105000084,550,578,-28
105000085,1832,2329,-497
105000086,703,728,-25
105000087,1066,1301,-235
105000088,1149,1457,-308
105000089,1776,1314,462
105000090,802,535,267
105000091,864,1044,-180
105000092,541,747,-206
105000093,213,297,-84
105000094,293,175,118
105000095,99,434,-335
105000096,1306,1458,-152
105000097,836,772,64
105000098,962,553,409
105000099,647,628,19
105000100,1506,1031,475
105000101,1732,1327,405
105000102,1469,1172,297
105000103,998,1594,-596
105000104,2492,773,1719
105000105,1141,1218,-77
105000106,1277,984,293
105000107,1488,624,864
105000108,1603,981,622
105000109,1616,999,617
105000110,761,372,389
105000111,872,484,388
105000112,948,406,542
105000113,441,575,-134
105000114,1480,1127,353
105000115,338,1057,-719
105000116,871,528,343
105000117,835,525,310
105000118,516,360,156
105000119,447,517,-70
105000120,1179,434,745
105000121,721,521,200
105000122,428,568,-140
105000123,899,613,286
105000124,1964,550,1414
105000125,764,1066,-302
105000126,1947,906,1041
105000127,2229,1437,792
105000128,539,718,-179
105000129,821,199,622
105000130,221,3048,-2827
105000131,500,209,291
105000132,1107,647,460
105000133,500,665,-165
105000134,998,515,483
105000135,341,376,-35
105000136,143,200,-57
105000137,658,155,503
105000138,136,221,-85
105000139,776,565,211
105000140,511,368,143
105000141,354,291,63
105000142,266,363,-97
105000143,185,414,-229
105000144,226,489,-263
105000145,811,200,611
105000146,343,480,-137
105000147,616,287,329
105000148,968,479,489
105000149,2467,1873,594
105000150,1216,807,409
105000151,475,290,185
105000152,146,265,-119
105000153,597,565,32
105000154,552,348,204
105000155,348,702,-354
105000156,482,343,139
105000157,670,1005,-335
105000158,1702,664,1038
105000159,311,631,-320
105000160,2283,606,1677
105000161,579,963,-384
105000162,588,1645,-1057
105000163,757,694,63
105000164,129,260,-131
105000165,607,5729,-5122
105000166,3501,1234,2267
105000167,992,1905,-913
105000168,466,304,162
105000169,564,123,441
105000170,245,1041,-796
105000171,950,140,810
105000172,131,38,93
105000173,256,60,196
105000174,115,66,49
105000175,96,68,28
105000176,454,71,383
105000177,379,255,124
105000178,264,243,21
105000179,798,116,682
105000180,171,76,95
105000181,148,139,9
105000182,58,44,14
105000183,1440,2029,-589
105000184,971,924,47
105000185,913,1105,-192
105000186,355,506,-151
105000187,730,197,533
105000188,168,137,31
105000189,110,393,-283
105000190,260,209,51
105000191,293,268,25
105000192,300,60,240
105000193,77,117,-40
105000194,673,130,543
105000195,242,561,-319
105000196,130,288,-158
105000197,236,471,-235
105000198,369,178,191
105000199,182,728,-546
105000200,117,315,-198
105000201,88,52,36
105000203,13,134,-121
105000204,89,55,34
105000205,93,154,-61
105000207,184,94,90
105000208,153,460,-307
105000209,218,191,27
105000211,315,12,303
105000212,1008,617,391
105000213,105,233,-128
105000214,216,175,41
105000215,330,115,215
105000216,156,141,15
105000217,168,137,31
105000218,1614,977,637
105000221,127,141,-14
105000222,806,302,504
105000223,373,226,147
105000226,111,91,20
105000227,86,77,9
105000228,143,1892,-1749
105000229,142,421,-279
105000231,378,277,101
105000233,908,653,255
105000234,421,776,-355
105000235,380,444,-64
105000237,768,40,728
105000243,28,23,5
105000248,32,62,-30
105000262,359,601,-242
105000269,149,167,-18
105000270,537,37,500
105000271,0,106,-106
105000282,60,30,30
105000287,253,77,176
105000288,704,591,113
105000289,1622,1829,-207
105000290,13,16,-3
105000402,2167,3370,-1203
105000426,269,392,-123
105000438,2569,1505,1064
105000440,30,22,8
105000446,5624,4295,1329
105000447,2562,1572,990
105000454,652,305,347
105000455,181,99,82
105000474,93,4,89
105000477,575,549,26
105000478,1789,4596,-2807
105000479,101,112,-11
105000480,6499,7772,-1273
105000481,4012,3356,656
105000482,3048,4977,-1929
105000483,1722,2412,-690
105000484,1451,2127,-676
105000485,1063,2937,-1874
105000486,1930,1962,-32
105000488,6023,3006,3017
105000489,893,580,313
105000549,185,173,12
105000550,327,1034,-707
105000551,38,93,-55
105000552,1569,980,589
105000555,820,1020,-200
105000556,54,19,35
105000557,67,148,-81
105900001,19,1795,-1776
105900002,663,681,-18
105900003,28,101,-73
105900004,141,103,38
105900005,4,220,-216
105900006,12,72,-60
105900007,62,43,19
105900008,125,386,-261
105900009,21,15,6
105900011,116,15,101
105900012,334,90,244
105900013,2,24,-22
105900014,3,42,-39
105900015,89,266,-177
105900016,381,237,144
105900017,1400,36,1364
105900018,217,122,95
105900019,64,192,-128
105900020,77,51,26
105900021,19,191,-172
105900022,194,103,91
105900023,11,71,-60
105900024,6,393,-387
105900025,275,12,263
105900026,140,8,132
105900027,8928,5541,3387
105900028,573,550,23
105900029,1551,307,1244
105900030,191,229,-38
105900031,263,148,115
105900032,104,112,-8
105900033,46,77,-31
105900034,245,110,135
105900035,146,106,40
105900036,133,90,43
105900037,117,38,79
105900038,159,190,-31
105900039,131,67,64
105900040,51,88,-37
105900041,121,97,24
105900042,76,133,-57
105900043,740,41,699
105900044,6,236,-230
105900045,3,641,-638
105900046,5,211,-206
105900047,5,42,-37
105900048,79,345,-266
105900050,4425,5316,-891
105900051,67,862,-795
105900052,518,247,271
105900053,2190,3136,-946
105900054,221,162,59
105900056,403,360,43
105900057,10,151,-141
105900058,25,17,8
105900059,0,47,-47
106000001,2323,1932,391
106000002,935,3231,-2296
106000003,2441,3158,-717
106000004,1088,1800,-712
106000005,3478,3867,-389
106000006,3848,1805,2043
106000007,502,459,43
106000008,379,224,155
106000009,584,305,279
106000010,449,347,102
106000011,1272,967,305
106000012,784,804,-20
106000013,1713,1544,169
106000014,1237,928,309
106000015,1763,1096,667
106000016,980,1244,-264
106000017,512,621,-109
106000018,475,487,-12
106000019,332,458,-126
106000020,393,290,103
106000021,290,389,-99
106000022,371,210,161
106000023,590,220,370
106000024,447,337,110
106000025,113,144,-31
106000026,110,149,-39
106000027,1566,1173,393
106000028,649,305,344
106000029,723,642,81
106000030,302,485,-183
106000034,143,406,-263
106000035,967,1894,-927
106000036,147,321,-174
106000037,1280,1034,246
106000038,93,89,4
106000039,43,106,-63
106000040,118,660,-542
106000041,595,402,193
106000043,441,232,209
106000046,251,50,201
106000047,32,412,-380
106000049,1044,152,892
106000050,208,427,-219
106000051,764,465,299
106000052,113,284,-171
106000053,440,123,317
106000054,199,198,1
106000055,923,654,269
106000056,260,208,52
106000057,470,212,258
106000058,127,91,36
106000059,387,257,130
106000060,274,327,-53
106000061,214,473,-259
106000062,172,276,-104
106000063,773,557,216
106000064,25,156,-131
106000065,338,214,124
106000066,82,232,-150
106000067,320,63,257
106000068,61,469,-408
106000069,322,53,269
106000070,361,427,-66
106000071,844,266,578
106000072,1752,1245,507
106000073,1187,3233,-2046
106000074,668,607,61
106000075,310,1044,-734
106000076,1451,1341,110
106000077,2186,956,1230
106000078,1035,608,427
106000079,708,534,174
106000080,1015,445,570
106000081,621,805,-184
106000082,1586,602,984
106000083,424,1135,-711
106000084,951,570,381
106000085,1017,1166,-149
106000086,555,646,-91
106000087,791,415,376
106000088,349,596,-247
106000089,919,256,663
106000090,276,469,-193
106000091,221,338,-117
106000092,565,202,363
106000093,352,122,230
106000094,113,186,-73
106000095,924,574,350
106000096,867,380,487
106000097,1118,522,596
106000098,645,553,92
106000099,153,590,-437
106000100,1157,137,1020
106000101,674,276,398
106000102,112,539,-427
106000103,243,377,-134
106000104,821,334,487
106000105,375,405,-30
106000106,665,262,403
106000107,186,166,20
106000108,368,197,171
106000109,205,132,73
106000110,372,171,201
106000111,235,183,52
106000112,297,461,-164
106000113,514,372,142
106000114,428,680,-252
106000115,238,253,-15
106000116,369,162,207
106000117,724,428,296
106000118,1140,1266,-126
106000119,837,451,386
106000120,840,1152,-312
106000121,203,177,26
106000122,175,111,64
106000123,559,65,494
106000124,100,125,-25
106000125,41,147,-106
106000126,326,54,272
106000127,1005,484,521
106000128,930,144,786
106000129,504,366,138
106000130,902,285,617
106000131,166,674,-508
106000132,495,160,335
106000133,1298,1073,225
106000134,356,1795,-1439
106000135,167,418,-251
106000136,552,907,-355
106000137,37,456,-419
106000138,1295,83,1212
106000139,32,60,-28
106000140,39,31,8
106000141,112,23,89
106000142,92,62,30
106000143,31,38,-7
106000144,55,36,19
106000145,327,123,204
106000146,467,91,376
106000147,318,225,93
106000148,390,576,-186
106000149,563,231,332
106000150,500,1637,-1137
106000151,2331,659,1672
106000152,768,1674,-906
106000153,75,1216,-1141
106000154,853,149,704
106000155,127,208,-81
106000156,849,177,672
106000157,441,1155,-714
106000158,1345,768,577
106000159,1677,1597,80
106000160,434,2677,-2243
106000161,910,201,709
106000162,370,787,-417
106000163,304,176,128
106000164,469,197,272
106000165,193,263,-70
106000166,850,211,639
106000167,391,563,-172
106000168,621,180,441
106000169,241,344,-103
106000170,865,195,670
106000171,220,827,-607
106000172,2131,1101,1030
106000173,988,1705,-717
106000174,1092,341,751
106000175,243,436,-193
106000176,1728,739,989
106000177,810,1420,-610
106000178,2530,1230,1300
106000179,704,1253,-549
106000180,524,603,-79
106000181,993,1050,-57
106000182,1413,462,951
106000183,1546,361,1185
106000184,1849,420,1429
106000185,994,911,83
106000186,474,111,363
106000187,158,781,-623
106000188,0,1,-1
106000189,7,24,-17
106000190,17,0,17
106000191,565,111,454
106000192,2,8,-6
106000193,288,148,140
106000194,90,222,-132
106000195,462,110,352
106000196,94,280,-186
106000197,627,196,431
106000198,203,147,56
106000199,470,628,-158
106000200,141,172,-31
106000201,318,2845,-2527
106000202,1826,425,1401
106000203,16,122,-106
106000204,69,6,63
106000205,11,98,-87
106000206,109,26,83
106000207,28,261,-233
106000208,1340,168,1172
106000209,1473,362,1111
106000210,201,421,-220
106000211,171,689,-518
106000212,755,446,309
106000213,259,1240,-981
106000214,1282,464,818
106000215,255,365,-110
106000216,381,303,78
106000217,240,253,-13
106000218,368,275,93
106000219,151,244,-93
106000220,465,208,257
106000221,247,118,129
106000222,58,55,3
106000223,308,95,213
106000224,258,115,143
106000225,99,131,-32
106000226,106,157,-51
106000228,49,97,-48
106000229,91,516,-425
106000231,956,108,848
106000232,109,165,-56
106000233,520,35,485
106000234,42,201,-159
106000235,435,149,286
106000236,152,94,58
106000237,7,11,-4
106000238,72,36,36
106000239,0,104,-104
106000240,30,4,26
106000241,11,413,-402
106000242,199,28,171
106000249,59,39,20
106000250,84,418,-334
106000251,117,29,88
106000252,33,41,-8
106000253,52,58,-6
106000254,48,19,29
106000255,18,110,-92
106000256,25,14,11
106000257,136,176,-40
106000258,216,31,185
106000259,8,43,-35
106000260,38,10,28
106000261,4,62,-58
106000262,75,6,69
106000263,14,41,-27
106000264,145,5,140
106000265,12,91,-79
106000266,122,30,92
106000267,7,76,-69
106000268,272,65,207
106000269,50,34,16
106000270,90,294,-204
106000271,71,105,-34
106000272,164,22,142
106000273,8,181,-173
106000274,123,20,103
106000275,159,216,-57
106000276,88,29,59
106000277,97,191,-94
106000278,106,11,95
106000279,9,19,-10
106000280,77,41,36
106000281,83,44,39
106000282,58,34,24
106000283,127,56,71
106000284,91,60,31
106000285,128,54,74
106000286,94,62,32
106000287,106,68,38
106000288,85,81,4
106000289,77,126,-49
106000290,63,62,1
106000291,84,110,-26
106000292,84,107,-23
106000293,121,100,21
106000294,94,107,-13
106000295,40,43,-3
106000296,26,91,-65
106000297,49,232,-183
106000298,97,95,2
106000299,53,86,-33
106000300,70,104,-34
106000301,55,81,-26
106000303,32,61,-29
106000304,34,21,13
106000305,52,30,22
106000306,43,36,7
106000307,67,20,47
106000308,37,60,-23
106000309,20,39,-19
106000310,266,233,33
106000311,377,158,219
106000312,135,99,36
106000313,304,156,148
106000318,51,369,-318
106000319,995,314,681
106000320,0,68,-68
106000321,165,131,34
106000322,192,109,83
106000324,14,93,-79
106000325,1834,877,957
106000326,855,1008,-153
106000327,270,73,197
106000328,28,89,-61
106000329,128,150,-22
106000330,58,55,3
106000428,104,151,-47
106000429,160,309,-149
106000430,316,927,-611
106000431,2046,373,1673
106000432,1248,2086,-838
106000433,2467,1264,1203
106000434,2956,1276,1680
106000435,869,1755,-886
106000436,44,85,-41
106000437,216,43,173
106000438,346,182,164
106000439,72,313,-241
106000440,211,401,-190
106000441,0,0,0
106000442,181,2,179
106000443,253,129,124
106000450,0,63,-63
106000451,19,70,-51
106000454,2,132,-130
106000455,10,117,-107
106000456,87,38,49
106000457,16,431,-415
106000458,980,33,947
106000459,145,118,27
106000460,1472,16,1456
106000461,174,371,-197
106000462,5,45,-40
106000463,1,9,-8
106000464,10,197,-187
106000465,729,1,728
106000466,4,238,-234
106000467,160,274,-114
106000468,90,93,-3
106000469,54,1,53
106000470,197,1615,-1418
106000471,15,343,-328
106000472,132,23,109
106000473,27,17,10
106000474,258,279,-21
106000475,436,139,297
106000476,106,259,-153
106000477,29,49,-20
106000480,1,295,-294
106900001,0,9,-9
106900002,0,208,-208
106900003,134,923,-789
106900004,1,15,-14
106900006,0,11,-11
106900007,0,13,-13
106900008,399,62,337
106900009,396,135,261
106900010,232,206,26
106900012,962,2295,-1333
106900013,452,222,230
106900014,42,2,40
106900015,15,0,15
106900016,435,21,414
106900017,7,1,6
106900018,4,1,3
106900019,60,0,60
106900020,1637,1566,71
106900021,302,174,128
106900022,924,8,916
106900023,19,177,-158
106900024,582,69,513
106900025,32,387,-355
106900026,0,261,-261
106900027,820,7,813
107000001,2820,3899,-1079
107000002,1557,2551,-994
107000003,6028,5858,170
107000004,2999,2035,964
107000005,6061,5497,564
107000006,2943,1537,1406
107000007,4968,7649,-2681
107000008,4790,3629,1161
107000009,7854,7269,585
107000010,5385,4700,685
107000011,667,766,-99
107000012,2532,1740,792
107000013,153,44,109
107000014,42,95,-53
107000015,456,419,37
107000016,765,428,337
107000017,680,2141,-1461
107000018,4,1565,-1561
107000020,506,2223,-1717
107000021,1050,372,678
107000022,678,1711,-1033
107000023,1685,148,1537
107000024,611,1109,-498
107000025,145,236,-91
107000026,365,277,88
107000027,1344,728,616
107000028,1164,662,502
107000029,3254,2748,506
107000030,1965,1627,338
107000031,4518,2209,2309
107000032,324,652,-328
107000033,1977,2642,-665
107000034,3087,966,2121
107000035,333,159,174
107000036,337,957,-620
107000037,106,600,-494
107000038,171,155,16
107000039,906,753,153
107000040,266,186,80
107000041,1172,628,544
107000042,471,1694,-1223
107000043,1705,850,855
107000044,324,223,101
107000045,78,197,-119
107000046,767,338,429
107000047,445,586,-141
107000048,680,276,404
107000049,576,592,-16
107000050,1048,528,520
107000051,236,260,-24
107000052,938,1047,-109
107000053,368,279,89
107000054,39,221,-182
107000055,363,150,213
107000056,374,579,-205
107000057,1234,231,1003
107000058,1977,2191,-214
107000059,1640,2120,-480
107000060,4741,4612,129
107000061,3533,2226,1307
107000062,5287,2719,2568
107000063,3608,2827,781
107000064,4934,2230,2704
107000065,2489,2730,-241
107000066,1523,2568,-1045
107000067,1254,1642,-388
107000068,1040,1083,-43
107000069,1059,663,396
107000070,1095,10,1085
107000071,3845,78,3767
107000072,30,1438,-1408
107000073,901,426,475
107000074,112,636,-524
107000075,1799,537,1262
107000076,399,748,-349
107000077,3754,1521,2233
107000078,1895,1727,168
107000079,2637,1006,1631
107000080,834,1775,-941
107000081,2400,636,1764
107000082,540,800,-260
107000083,1409,508,901
107000084,230,830,-600
107000085,2836,2746,90
107000086,2532,2308,224
107000087,2969,1979,990
107000088,2601,2417,184
107000089,1955,1519,436
107000090,982,716,266
107000091,1699,784,915
107000092,815,703,112
107000093,1321,861,460
107000094,732,845,-113
107000095,888,498,390
107000096,388,523,-135
107000097,771,265,506
107000098,467,396,71
107000099,341,225,116
107000100,182,203,-21
107000101,78,163,-85
107000102,164,214,-50
107000103,257,168,89
107000104,139,181,-42
107000105,344,101,243
107000106,294,146,148
107000107,569,89,480
107000108,131,338,-207
107000109,678,109,569
107000110,56,263,-207
107000111,403,45,358
107000112,37,144,-107
107000113,807,106,701
107000114,105,299,-194
107000115,785,227,558
107000116,105,454,-349
107000117,124,921,-797
107000118,85,110,-25
107000119,1159,1566,-407
107000120,777,594,183
107000121,990,648,342
107000122,1033,513,520
107000123,590,492,98
107000124,491,427,64
107000125,1116,485,631
107000126,1096,384,712
107000129,223,447,-224
107000130,737,228,509
107000131,342,385,-43
107000132,483,283,200
107000133,362,104,258
107000134,249,3,246
107000135,1,351,-350
107000136,568,2,566
107000137,11,510,-499
107000138,185,44,141
107000139,5,540,-535
107000140,1556,92,1464
107000141,153,613,-460
107000142,621,91,530
107000143,72,480,-408
107000144,721,459,262
107000145,150,364,-214
107000146,149,325,-176
107000147,3571,925,2646
107000150,404,2472,-2068
107000151,14,73,-59
107000152,653,1686,-1033
107000153,135,283,-148
107000154,74,284,-210
107000155,831,31,800
107000156,1091,30,1061
107000157,45,604,-559
107000158,862,27,835
107000159,54,390,-336
107000160,1410,160,1250
107000161,76,583,-507
107000162,314,553,-239
107000163,147,7,140
107000164,870,2,868
107000165,1254,3,1251
107000166,28,505,-477
107000167,721,198,523
107000168,943,619,324
107000169,510,453,57
107000170,2762,743,2019
107000171,662,853,-191
107000172,1180,1560,-380
107000173,412,521,-109
107000174,1195,5125,-3930
107000175,3427,969,2458
107000176,0,0,0
107000177,0,0,0
107000178,30,11,19
107000179,312,1080,-768
107000180,1525,218,1307
107000181,422,620,-198
107000182,2170,608,1562
107000183,136,408,-272
107000184,1221,499,722
107000185,440,802,-362
107000186,1153,385,768
107000187,1327,1196,131
107000188,580,528,52
107000189,624,811,-187
107000190,738,568,170
107000191,974,888,86
107000192,1622,516,1106
107000193,428,409,19
107000194,708,581,127
107000197,913,233,680
107000198,352,501,-149
107000199,1107,483,624
107000200,432,503,-71
107000201,456,394,62
107000202,322,377,-55
107000203,909,1512,-603
107000204,948,1599,-651
107000205,1374,648,726
107000206,455,1613,-1158
107000207,501,1383,-882
107000208,589,591,-2
107000209,1016,1222,-206
107000210,262,228,34
107000211,8,56,-48
107000212,16,201,-185
107000213,5,21,-16
107000214,16,79,-63
107000215,466,214,252
107000216,468,210,258
107000217,282,119,163
107000219,104,268,-164
107000220,264,100,164
107000222,252,325,-73
107000224,491,64,427
107000225,204,192,12
107000226,630,101,529
107000227,111,156,-45
107000228,366,502,-136
107000229,119,100,19
107000230,967,367,600
107000231,718,1793,-1075
107000232,176,31,145
107000233,431,1014,-583
107000234,1,67,-66
107000235,61,33,28
107000236,26,309,-283
107000237,53,0,53
107000238,62,6,56
107000239,1534,452,1082
107000240,108,437,-329
107000243,0,59,-59
107000244,6,54,-48
107000246,1,966,-965
107000249,4,1120,-1116
107000251,1,472,-471
107000252,2,422,-420
107000255,205,157,48
107000257,1,436,-435
107000258,3,134,-131
107000259,0,141,-141
107000260,1855,18,1837
107000262,8,241,-233
107000263,420,9,411
107000266,8,16,-8
107000267,25,44,-19
107000268,117,73,44
107000269,42,0,42
107000270,193,62,131
107000271,0,0,0
107000272,103,0,103
107000273,14,149,-135
107000274,498,272,226
107000275,41,1004,-963
107000280,1195,25,1170
107000281,46,331,-285
107000282,41,408,-367
107000290,14,56,-42
107000291,44,8,36
107000292,1,358,-357
107000293,14,7,7
107000294,1,114,-113
107000295,62,2,60
107000296,0,5,-5
107000444,208,5,203
107000496,1,1,0
107000497,1033,1120,-87
107000500,304,161,143
107000501,59,121,-62
107000502,184,179,5
107000505,204,603,-399
107000506,0,0,0
107000508,6,303,-297
107000509,168,503,-335
107000510,48,47,1
107000514,48,341,-293
107000515,26,95,-69
107000516,544,330,214
107000518,1218,1657,-439
107000519,1011,501,510
107000520,89,35,54
107000521,843,212,631
107000522,1199,395,804
107900001,97,70,27
107900002,55,9,46
107900003,513,14,499
107900004,17,0,17
107900005,1679,7,1672
107900006,162,3,159
107900007,386,25,361
107900008,97,9,88
107900009,143,12,131
107900010,41,6,35
107900012,247,60,187
107900013,150,17,133
107900014,53,4,49
107900015,1150,10,1140
107900016,237,68,169
107900017,21,0,21
107900018,83,212,-129
107900019,13,13,0
107900020,47,13,34
107900021,134,55,79
107900023,2,0,2
107900024,0,14,-14
107900025,220,212,8
107900026,93,14,79
107900027,15,32,-17
107900028,131,49,82
107900030,202,50,152
107900031,58,52,6
107900032,6,0,6
107900033,24,4,20
107900034,343,20,323
107900035,1124,42,1082
107900036,81,21,60
107900037,0,15,-15
107900038,71,260,-189
107900039,51,24,27
107900040,4,199,-195
107900041,2,3,-1
107900043,107,48,59
107900044,19,3,16
107900045,110,48,62
107900046,214,200,14
107900047,67,26,41
107900048,277,16,261
107900049,266,742,-476
107900050,86,148,-62
107900051,85,37,48
107900052,13,49,-36
107900053,51,47,4
107900055,493,221,272
107900056,106,64,42
107900057,10,0,10
107900058,21,395,-374
107900060,7,41,-34
107900061,1,13,-12
107900063,111,145,-34
107900064,184,201,-17
107900065,280,18,262
107900066,41,4,37
107900067,1,0,1
107900068,90,856,-766
107900069,33,2385,-2352
107900070,215,89,126
107900071,22,289,-267
107900072,141,97,44
107900073,185,42,143
107900074,368,331,37
107900076,168,30,138
107900077,124,8,116
107900079,15,24,-9
107900080,245,831,-586
107900081,59,47,12
107900082,10,3,7
107900083,336,151,185
107900084,81,95,-14
107900086,77,187,-110
107900087,283,159,124
107900088,67,16,51
107900089,218,674,-456
107900090,347,2044,-1697
107900091,113,127,-14
107900093,53,39,14
107900095,1653,1889,-236
107900097,20,57,-37
107900098,60,213,-153
107900100,630,1279,-649
107900101,494,85,409
107900102,29,6,23
107900103,58,143,-85
107900104,156,5,151
107900105,1,123,-122
107900106,1,430,-429
107900107,761,454,307
107900108,149,104,45
107900109,2000,59,1941
107900110,76,35,41
107900111,9,299,-290
107900112,70,396,-326
107900113,280,37,243
107900114,343,86,257
107900115,0,40,-40
107900116,222,58,164
107900117,213,133,80
107900118,46,77,-31
107900119,77,196,-119
107900120,28,64,-36
107900121,1,135,-134
107900122,1,51,-50
107900123,5,47,-42
107900124,10,32,-22
107900125,13,160,-147
107900126,24,48,-24
107900127,371,385,-14
107900128,57,77,-20
107900129,87,29,58
107900130,126,9,117
107900131,162,487,-325
107900132,83,164,-81
107900133,0,53,-53
107900134,29,147,-118
107900135,9,78,-69
107900136,33,21,12
107900137,67,91,-24
107900138,62,36,26
107900139,93,40,53
107900141,21,48,-27
107900142,51,341,-290
107900143,31,8,23
107900144,7,128,-121
107900145,3,40,-37
107900146,59,106,-47
107900147,30,68,-38
107900148,99,44,55
107900149,448,107,341
107900150,38,215,-177
107900151,32,45,-13
107900152,8,69,-61
107900153,55,261,-206
107900154,59,38,21
107900155,94,64,30
107900156,2,126,-124
107900157,23,41,-18
107900158,870,27,843
107900159,22,315,-293
107900160,219,143,76
107900161,65,49,16
107900162,2,28,-26
107900163,12,81,-69
107900164,14,27,-13
107900165,28,147,-119
107900166,25,83,-58
107900167,10,27,-17
107900168,71,22,49
107900169,0,117,-117
107900171,5,432,-427
107900172,2,186,-184
107900173,12,54,-42
107900174,187,11,176
107900175,14,40,-26
107900176,31,18,13
107900177,2,76,-74
107900178,0,90,-90
107900179,39,84,-45
107900180,388,901,-513
107900181,231,174,57
107900182,2,359,-357
107900183,57,112,-55
107900184,96,258,-162
107900185,182,6,176
107900186,22,24,-2
107900187,0,66,-66
107900188,318,172,146
107900189,26,89,-63
107900190,29,166,-137
107900191,32,52,-20
107900193,0,30,-30
107900194,230,18,212
107900195,827,213,614
107900196,66,44,22
107900197,241,347,-106
107900199,1,490,-489
107900201,80,70,10
107900203,41,42,-1
107900204,173,207,-34
107900206,869,416,453
107900207,0,210,-210
107900208,12,179,-167
107900209,216,128,88
107900210,35,53,-18
107900213,287,344,-57
107900214,14,44,-30
107900215,90,309,-219
107900216,123,37,86
107900217,51,92,-41
107900218,13,988,-975
107900219,38,39,-1
107900220,99,226,-127
107900221,91,134,-43
107900223,130,234,-104
107900224,41,389,-348
107900225,9,263,-254
107900226,109,76,33
107900227,100,222,-122
107900228,23,113,-90
107900229,0,89,-89
107900230,26,29,-3
107900231,39,108,-69
107900232,92,77,15
107900233,4,93,-89
107900234,129,92,37
107900235,22,95,-73
107900236,276,74,202
107900237,21,209,-188
107900238,53,61,-8
107900239,350,507,-157
107900240,29,48,-19
107900241,7,51,-44
107900242,33,72,-39
107900243,3,57,-54
107900244,377,8,369
107900245,765,27,738
107900246,278,23,255
107900248,390,113,277
107900249,933,44,889
107900250,0,199,-199
107900251,71,519,-448
107900252,774,30,744
107900253,188,15,173
107900254,48,191,-143
107900255,140,86,54
107900256,580,976,-396
107900257,276,110,166
107900258,87,83,4
107900259,73,2530,-2457
107900261,5,139,-134
107900262,35,47,-12
107900264,374,6,368
107900265,204,90,114
107900267,321,13,308
107900268,21,5,16
107900269,0,8,-8
107900270,0,0,0
107900271,2,31,-29
107900272,61,50,11
107900273,73,65,8
107900274,128,0,128
107900275,35,1,34
107900276,0,60,-60
107900277,2,132,-130
107900278,361,194,167
107900279,69,125,-56
107900280,2005,1655,350
107900281,516,3556,-3040
107900282,25,547,-522
107900283,629,573,56
107900284,598,299,299
107900285,121,48,73
107900286,87,88,-1
107900287,308,156,152
107900290,1,261,-260
107900291,588,22,566
107900292,84,79,5
107900293,72,196,-124
107900295,36,38,-2
107900297,3,256,-253
107900298,530,415,115
107900299,1946,2440,-494
107900301,556,824,-268
107900302,92,27,65
107900303,250,165,85
107900304,409,184,225
107900305,351,12,339
107900306,5,41,-36
107900307,42,247,-205
107900308,216,161,55
107900309,73,0,73
107900310,81,1,80
107900311,10,339,-329
107900312,60,1,59
107900313,0,97,-97
107900314,1,35,-34
107900315,1,84,-83
107900316,23,4,19
107900317,85,4,81
107900318,11,147,-136
107900319,5,45,-40
107900320,2,57,-55
107900321,165,0,165
107900322,4,74,-70
107900323,13,68,-55
107900324,85,0,85
107900325,155,0,155
107900326,402,112,290
107900327,4,157,-153
107900328,53,0,53
107900329,39,151,-112
107900330,4,97,-93
107900331,435,8,427
107900332,466,8,458
107900333,105,30,75
107900334,2,55,-53
107900335,32,17,15
107900336,27,60,-33
107900337,545,978,-433
107900338,1,87,-86
107900339,2,9,-7
107900340,0,71,-71
107900341,46,2,44
107900342,140,71,69
107900343,36,2,34
107900344,14,24,-10
107900345,105,37,68
107900346,7,0,7
107900347,12,2,10
107900348,1,14,-13
107900349,22,6,16
107900350,7,171,-164
107900351,4,79,-75
107900352,2,18,-16
107900353,12,9,3
107900354,11,26,-15
108000001,3099,3279,-180
108000002,1533,1454,79
108000003,2971,3099,-128
108000004,8769,9246,-477
108000005,6549,5875,674
108000006,4807,4539,268
108000007,4568,3655,913
108000008,3143,3669,-526
108000009,3885,4246,-361
108000010,2313,2749,-436
108000011,11314,10256,1058
108000012,9386,8844,542
108000014,546,1187,-641
108000015,798,217,581
108000016,256,825,-569
108000017,1045,323,722
108000018,1772,531,1241
108000019,1167,702,465
108000020,1165,440,725
108000021,269,1253,-984
108000022,358,879,-521
108000023,1242,210,1032
108000024,254,303,-49
108000025,311,136,175
108000026,994,288,706
108000027,697,397,300
108000028,912,139,773
108000029,553,474,79
108000030,469,143,326
108000031,126,323,-197
108000032,1886,577,1309
108000033,683,697,-14
108000034,1607,341,1266
108000035,543,1247,-704
108000036,348,627,-279
108000037,1865,359,1506
108000038,2678,442,2236
108000039,383,1099,-716
108000040,1965,887,1078
108000041,579,1435,-856
108000042,424,161,263
108000043,253,118,135
108000044,682,117,565
108000045,346,229,117
108000046,1643,290,1353
108000047,318,496,-178
108000048,117,219,-102
108000049,941,227,714
108000050,100,426,-326
108000051,398,186,212
108000052,121,318,-197
108000053,459,226,233
108000054,338,717,-379
108000055,998,624,374
108000056,996,1074,-78
108000057,650,1285,-635
108000058,1704,3378,-1674
108000059,2024,1328,696
108000060,266,711,-445
108000061,204,403,-199
108000062,1020,544,476
108000063,430,335,95
108000064,249,177,72
108000065,548,309,239
108000066,1227,670,557
108000067,1942,688,1254
108000068,809,361,448
108000069,195,479,-284
108000070,2021,612,1409
108000071,569,821,-252
108000072,1736,836,900
108000073,876,869,7
108000074,620,347,273
108000075,286,472,-186
108000076,762,552,210
108000077,485,444,41
108000078,2640,987,1653
108000079,571,822,-251
108000080,1478,418,1060
108000081,523,766,-243
108000082,692,1173,-481
108000083,1702,1005,697
108000084,395,767,-372
108000085,932,465,467
108000086,497,403,94
108000087,147,2170,-2023
108000088,768,183,585
108000089,321,281,40
108000091,204,271,-67
108000092,160,120,40
108000093,198,232,-34
108000094,682,111,571
108000095,205,145,60
108000096,362,172,190
108000097,168,202,-34
108000098,1965,910,1055
108000099,1009,248,761
108000100,221,498,-277
108000101,1374,1358,16
108000102,1530,3397,-1867
108000106,768,2,766
108000107,3,689,-686
108000108,504,36,468
108000109,8,479,-471
108000110,347,283,64
108000111,97,336,-239
108000112,102,109,-7
108000113,313,172,141
108000115,227,278,-51
108000117,400,384,16
108000118,381,1872,-1491
108000119,359,248,111
108000120,161,741,-580
108000121,122,243,-121
108000122,696,311,385
108000123,784,143,641
108000124,349,312,37
108000125,541,157,384
108000126,195,225,-30
108000127,543,213,330
108000128,716,229,487
108000129,309,441,-132
108000130,489,182,307
108000131,898,562,336
108000132,1209,756,453
108000133,1100,468,632
108000134,424,327,97
108000135,1275,461,814
108000136,279,465,-186
108000137,599,235,364
108000138,420,478,-58
108000139,523,240,283
108000140,182,17,165
108000141,44,22,22
108000142,55,40,15
108000143,50,176,-126
108000144,532,61,471
108000145,63,3,60
108000146,970,80,890
108000147,61,5,56
108000148,671,71,600
108000149,13,4,9
108000150,60,6,54
108000151,62,72,-10
108000152,115,200,-85
108000153,712,120,592
108000154,51,3,48
108000155,43,28,15
108000156,518,297,221
108000157,181,1351,-1170
108000158,63,749,-686
108000159,285,183,102
108000160,1333,962,371
108000161,1155,2752,-1597
108000165,7,238,-231
108000172,3,228,-225
108000173,710,1802,-1092
108000175,743,134,609
108000178,275,225,50
108000179,173,881,-708
108000181,71,19,52
108000182,194,65,129
108000183,21,243,-222
108000184,617,2294,-1677
108000185,256,262,-6
108000186,448,214,234
108000187,202,244,-42
108000188,788,141,647
108000189,1037,10014,-8977
108000190,37,69,-32
108000192,177,298,-121
108000193,295,14,281
108000194,21,8,13
108000195,1,509,-508
108000196,255,148,107
108000198,849,142,707
108000199,0,341,-341
108000200,442,181,261
108000203,168,310,-142
108000204,182,91,91
108000205,176,244,-68
108000339,758,384,374
108000364,233,590,-357
108000365,38,210,-172
108000367,166,186,-20
108000368,2,70,-68
108000369,498,198,300
108000371,12,471,-459
108000372,676,14,662
108000373,245,91,154
108000376,119,48,71
108000377,543,147,396
108000378,7459,9622,-2163
108000379,15,139,-124
108000381,93,9,84
108000382,98,0,98
108000383,1,283,-282
108900001,70,383,-313
108900002,199,87,112
108900003,217,386,-169
108900004,526,505,21
108900007,388,155,233
108900008,161,96,65
108900009,109,108,1
108900010,314,149,165
108900011,809,288,521
108900012,475,345,130
108900013,184,231,-47
108900014,24,88,-64
108900015,1,323,-322
108900016,1,168,-167
108900017,178,343,-165
108900018,170,161,9
108900019,26,244,-218
108900020,57,88,-31
108900021,174,133,41
108900022,114,4,110
108900023,6,39,-33
108900024,47,46,1
108900025,263,50,213
108900026,14,50,-36
108900027,0,29,-29
108900028,115,137,-22
108900029,62,178,-116
108900030,0,26,-26
108900031,119,138,-19
108900032,8,130,-122
108900033,0,86,-86
108900034,2,146,-144
108900035,230,625,-395
108900038,0,182,-182
108900039,0,192,-192
108900040,15,51,-36
108900041,3007,3113,-106
108900042,11,378,-367
108900043,48,314,-266
108900044,2,181,-179
108900045,127,238,-111
108900046,27,358,-331
108900047,1,157,-156
108900048,74,475,-401
108900049,1104,1616,-512
108900050,2,110,-108
108900051,0,75,-75
108900052,24,95,-71
108900053,54,248,-194
108900054,42,156,-114
108900055,36,277,-241
108900056,6,72,-66
108900057,2,78,-76
108900058,23,137,-114
108900059,656,54,602
108900060,88,174,-86
108900061,66,22,44
108900062,8,137,-129
108900063,10,133,-123
108900064,328,43,285
108900065,17,102,-85
108900066,470,129,341
108900067,6,107,-101
108900068,3,55,-52
108900069,81,34,47
108900070,38,57,-19
108900071,120,46,74
108900072,1242,418,824
108900073,67,110,-43
108900074,304,116,188
108900075,46,41,5
108900076,430,54,376
108900077,92,234,-142
108900078,39,67,-28
108900079,401,144,257
108900080,17,701,-684
108900081,32,202,-170
108900082,101,72,29
108900083,25,189,-164
108900085,1007,142,865
108900086,156,96,60
108900087,55,114,-59
108900088,921,422,499
108900089,37,166,-129
108900090,120,113,7
108900091,66,53,13
108900092,438,275,163
108900093,150,114,36
108900094,248,84,164
108900095,16,181,-165
108900096,202,8,194
108900097,279,96,183
108900098,1113,880,233
108900099,421,120,301
108900100,81,53,28
108900101,148,250,-102
108900102,55,1061,-1006
108900103,95,139,-44
108900105,3,1602,-1599
108900106,637,157,480
108900108,225,25,200
108900109,610,60,550
108900110,243,183,60
108900111,445,230,215
108900113,39,82,-43
108900114,81,11,70
108900115,170,88,82
108900116,47,12,35
108900117,252,14,238
108900118,734,25,709
108900119,345,31,314
108900120,322,189,133
108900121,232,114,118
108900122,191,16,175
108900123,155,157,-2
108900124,551,212,339
108900125,642,6,636
108900126,193,50,143
108900127,201,32,169
108900128,208,46,162
108900129,861,185,676
108900130,408,0,408
108900131,437,4,433
108900132,542,81,461
108900133,360,47,313
108900134,544,142,402
108900135,260,14,246
108900136,36,2,34
108900137,207,3,204
108900138,934,43,891
108900140,487,134,353
108900141,391,13,378
108900142,92,3,89
108900143,145,4,141
108900144,108,1,107
108900145,280,20,260
108900146,88,0,88
108900147,318,0,318
108900148,52,20,32
108900150,283,5,278
108900151,78,7,71
108900152,194,19,175
108900153,203,117,86
108900154,4401,358,4043
108900156,89,8,81
108900157,17,247,-230
108900158,465,20,445
108900159,2,81,-79
108900160,13,150,-137
108900161,2,188,-186
108900162,142,4,138
108900163,13,309,-296
108900164,59,43,16
108900168,3814,2330,1484
108900169,81,70,11
108900171,2474,2902,-428
108900172,145,27,118
108900173,130,241,-111
108900174,1089,443,646
108900176,97,223,-126
108900177,2425,6103,-3678
108900178,2171,3507,-1336
108900180,112,305,-193
108900183,174,174,0
108900184,446,144,302
108900185,98,194,-96
108900186,42,198,-156
108900189,348,96,252
108900190,274,1163,-889
108900192,97,114,-17
108900195,75,82,-7
108900196,27,188,-161
108900199,195,265,-70
108900200,657,345,312
108900201,470,883,-413
108900203,475,149,326
108900204,295,17,278
108900205,178,34,144
108900206,370,58,312
108900207,167,130,37
108900208,6,241,-235
108900209,146,362,-216
108900210,175,182,-7
108900211,208,562,-354
108900212,296,1489,-1193
108900215,73,245,-172
108900216,214,375,-161
108900217,83,1,82
108900218,46,3,43
108900221,68,77,-9
108900224,44,95,-51
108900225,3,177,-174
108900227,152,376,-224
108900230,116,147,-31
108900232,2,151,-149
108900233,378,76,302
108900234,288,91,197
108900235,142,325,-183
108900236,15,146,-131
108900240,96,78,18
108900241,41,49,-8
108900245,5,1187,-1182
108900250,190,97,93
108900258,3,101,-98
108900259,12,29,-17
108900260,7,57,-50
108900261,45,61,-16
108900262,70,98,-28
108900263,17,120,-103
108900264,291,227,64
108900265,535,419,116
108900266,387,969,-582
108900267,9,219,-210
108900268,15,25,-10
108900269,73,29,44
108900270,149,10,139
108900271,85,8,77
108900272,275,8,267
108900273,394,799,-405
108900274,63,46,17
109000001,2114,1993,121
109000002,804,1934,-1130
109000003,2788,379,2409
109000004,449,1455,-1006
109000005,2404,599,1805
109000006,719,1508,-789
109000007,1650,554,1096
109000008,509,1247,-738
109000009,2878,1202,1676
109000010,919,2649,-1730
109000011,3586,1678,1908
109000012,1635,2142,-507
109000013,3896,3115,781
109000014,1744,1745,-1
109000015,3293,8214,-4921
109000016,4181,1970,2211
109000017,2636,1143,1493
109000018,980,1575,-595
109000019,2441,1283,1158
109000020,821,1494,-673
109000023,176,20,156
109000024,8,138,-130
109000025,320,506,-186
109000026,595,291,304
109000027,94,288,-194
109000028,120,57,63
109000029,101,206,-105
109000030,55,374,-319
109000031,231,160,71
109000032,130,351,-221
109000033,376,157,219
109000034,41,50,-9
109000035,15,38,-23
109000036,113,263,-150
109000037,289,1764,-1475
109000038,338,253,85
109000039,926,817,109
109000040,2940,10783,-7843
109000041,1592,1840,-248
109000042,427,1063,-636
109000044,386,72,314
109000045,101,285,-184
109000046,365,75,290
109000047,57,361,-304
109000048,466,190,276
109000049,173,400,-227
109000050,339,246,93
109000051,195,123,72
109000052,507,377,130
109000053,218,52,166
109000054,482,208,274
109000055,252,161,91
109000056,328,176,152
109000057,812,373,439
109000058,563,172,391
109000059,395,1279,-884
109000060,218,390,-172
109000061,396,962,-566
109000062,107,329,-222
109000063,180,111,69
109000064,258,107,151
109000065,148,86,62
109000066,265,27,238
109000067,42,165,-123
109000068,875,6,869
109000069,730,19,711
109000070,26,1754,-1728
109000071,361,74,287
109000072,83,278,-195
109000073,67,105,-38
109000074,20,136,-116
109000075,96,267,-171
109000076,129,291,-162
109000077,254,159,95
109000078,94,168,-74
109000079,144,90,54
109000080,339,131,208
109000081,127,235,-108
109000082,870,131,739
109000083,256,348,-92
109000088,153,349,-196
109000089,320,57,263
109000090,101,290,-189
109000091,477,171,306
109000092,271,249,22
109000093,335,180,155
109000094,683,3,680
109000095,100,252,-152
109000096,670,263,407
109000097,135,122,13
109000098,79,97,-18
109000099,600,176,424
109000100,286,601,-315
109000101,1703,391,1312
109000102,350,564,-214
109000103,463,452,11
109000104,1985,378,1607
109000105,343,576,-233
109000106,1773,610,1163
109000107,538,1118,-580
109000108,1810,454,1356
109000109,437,897,-460
109000110,1116,452,664
109000111,681,1104,-423
109000112,282,130,152
109000113,326,139,187
109000114,159,312,-153
109000115,879,85,794
109000116,16,199,-183
109000117,267,47,220
109000118,15,200,-185
109000119,1598,132,1466
109000120,204,323,-119
109000121,616,29,587
109000122,164,310,-146
109000123,61,46,15
109000124,665,273,392
109000125,880,242,638
109000126,484,338,146
109000127,1196,174,1022
109000128,549,599,-50
109000129,2491,591,1900
109000130,423,747,-324
109000131,923,727,196
109000132,549,1006,-457
109000133,300,534,-234
109000134,564,782,-218
109000135,638,1073,-435
109000136,239,196,43
109000137,304,295,9
109000138,425,140,285
109000139,404,317,87
109000140,209,162,47
109000141,504,273,231
109000142,156,404,-248
109000143,125,86,39
109000145,142,404,-262
109000146,59,69,-10
109000148,1516,1496,20
109000149,20,127,-107
109000150,112,224,-112
109000155,838,557,281
109000156,833,292,541
109000158,69,146,-77
109000159,70,278,-208
109000160,1043,125,918
109000161,399,583,-184
109000162,1940,429,1511
109000163,1154,1093,61
109000164,1338,1745,-407
109000165,1283,358,925
109000166,783,100,683
109000167,125,308,-183
109000170,36,40,-4
109000171,70,65,5
109000172,20,79,-59
109000173,23,96,-73
109000174,129,57,72
109000175,67,45,22
109000176,376,173,203
109000177,16,68,-52
109000178,833,220,613
109000179,2310,4460,-2150
109000180,2504,2646,-142
109000181,28,14,14
109000182,51,18,33
109000183,57,8,49
109000184,50,16,34
109000185,19,17,2
109000188,448,907,-459
109000189,2602,485,2117
109000190,626,291,335
109000191,348,245,103
109000192,493,118,375
109000193,187,118,69
109000194,311,70,241
109000195,120,139,-19
109000196,238,98,140
109000197,224,203,21
109000198,339,54,285
109000199,101,256,-155
109000206,202,44,158
109000207,138,41,97
109000208,81,84,-3
109000209,138,69,69
109000210,127,344,-217
109000211,789,319,470
109000214,438,192,246
109000215,138,44,94
109000216,300,303,-3
109000217,239,257,-18
109000218,543,222,321
109000221,380,701,-321
109000222,810,248,562
109000223,420,329,91
109000224,30,67,-37
109000225,121,33,88
109000226,60,116,-56
109000227,1227,532,695
109000228,8,2586,-2578
109000231,9,153,-144
109000232,454,146,308
109000236,238,537,-299
109000241,1934,1276,658
109000242,1588,818,770
109000293,24,93,-69
109000361,129,222,-93
109000364,103,397,-294
109000396,1,305,-304
109000397,634,7,627
109000399,153,272,-119
109000400,77,138,-61
109000403,34,835,-801
109000406,461,24,437
109000407,257,128,129
109000408,1,267,-266
109000410,869,159,710
109000411,237,32,205
109900001,143,3,140
109900002,1048,26,1022
109900003,337,0,337
109900004,518,61,457
109900005,29,2,27
109900006,443,107,336
109900007,1193,208,985
109900008,1,29,-28
109900009,107,216,-109
109900010,570,26,544
109900011,63,58,5
109900012,240,166,74
109900013,312,144,168
109900014,392,58,334
109900015,254,204,50
109900016,212,13,199
109900017,196,228,-32
109900018,250,44,206
109900019,259,46,213
109900020,57,44,13
109900021,15,18,-3
109900022,156,138,18
109900023,21,2,19
109900024,23,3,20
109900025,15,36,-21
109900026,3,145,-142
109900027,33,39,-6
109900028,468,1278,-810
109900029,3,142,-139
109900030,55,6,49
109900031,0,153,-153
109900032,8,199,-191
109900033,3,310,-307
109900034,68,2,66
109900035,10,17,-7
109900036,32,30,2
109900037,34,266,-232
109900038,101,147,-46
109900039,13,0,13
109900040,21,281,-260
109900041,46,198,-152
109900042,39,470,-431
109900044,204,123,81
109900045,170,176,-6
109900046,121,60,61
109900047,213,199,14
109900048,9,61,-52
109900049,12,30,-18
109900050,0,68,-68
109900051,0,18,-18
109900052,61,182,-121
109900053,0,102,-102
109900054,910,161,749
109900055,58,145,-87
109900056,32,272,-240
109900057,9,60,-51
109900058,0,76,-76
109900059,914,110,804
109900060,648,92,556
109900061,45,141,-96
109900062,1,100,-99
109900063,2,335,-333
109900064,533,137,396
109900065,53,86,-33
109900066,256,343,-87
109900067,1,86,-85
109900068,64,8,56
109900069,1,53,-52
109900070,32,149,-117
109900071,3,29,-26
109900072,12,64,-52
109900073,495,189,306
109900074,12,29,-17
109900075,32,14,18
109900076,22,133,-111
109900077,49,54,-5
109900078,80,135,-55
109900080,141,151,-10
109900081,19,186,-167
109900082,58,165,-107
109900083,15,51,-36
109900084,39,86,-47
109900085,145,266,-121
109900086,134,544,-410
109900087,147,350,-203
109900089,658,193,465
109900090,452,621,-169
109900091,396,54,342
109900092,455,17,438
109900093,1135,153,982
109900094,123,84,39
109900095,136,113,23
109900096,57,6,51
109900097,123,4,119
109900098,662,27,635
109900099,302,1,301
109900100,103,0,103
109900101,646,9,637
109900102,355,16,339
109900103,34,33,1
109900104,903,277,626
109900105,570,25,545
109900106,299,23,276
109900107,531,59,472
109900108,112,81,31
109900109,46,71,-25
109900110,81,175,-94
109900111,169,361,-192
109900112,162,255,-93
109900113,769,522,247
109900114,975,1286,-311
109900115,185,59,126
109900117,991,83,908
109900118,184,275,-91
109900119,363,226,137
109900120,105,26,79
109900121,229,412,-183
109900122,455,7,448
109900123,18,80,-62
109900124,29,229,-200
109900125,0,120,-120
109900126,375,36,339
109900128,421,30,391
109900130,2961,2977,-16
109900131,30,134,-104
109900132,36,141,-105
109900133,86,224,-138
109900134,68,145,-77
109900135,228,35,193
109900136,53,106,-53
109900137,171,157,14
109900140,170,76,94
109900142,1390,174,1216
109900145,2,404,-402
109900146,274,47,227
109900148,52,70,-18
109900149,46,80,-34
109900150,24,41,-17
109900151,8,24,-16
109900152,2,54,-52
109900153,0,54,-54
109900154,40,1,39
109900155,56,35,21
109900157,58,130,-72
109900158,34,106,-72
109900159,144,26,118
109900160,139,45,94
109900161,190,95,95
109900162,190,169,21
109900163,284,212,72
109900164,63,209,-146
109900165,355,3,352
109900166,2,69,-67
109900167,173,243,-70
109900168,204,344,-140
109900169,189,96,93
109900170,179,947,-768
109900171,230,57,173
109900172,189,217,-28
109900173,1214,2215,-1001
109900174,67,103,-36
109900175,90,56,34
109900176,58,75,-17
109900177,32,82,-50
109900178,8,125,-117
109900179,37,11,26
109900180,5,6,-1
110000001,557,325,232
110000002,447,668,-221
110000003,671,625,46
110000004,371,625,-254
110000005,342,1662,-1320
110000006,287,330,-43
110000007,128,65,63
110000008,10,77,-67
110000009,33,21,12
110000010,26,56,-30
110000011,35,39,-4
110000012,427,203,224
110000013,45,536,-491
110000014,362,250,112
110000015,229,539,-310
110000016,165,1504,-1339
110000017,1800,198,1602
110000018,1606,235,1371
110000019,10,56,-46
110000020,521,169,352
110000021,276,306,-30
110000022,717,110,607
110000023,14,75,-61
110000024,449,235,214
110000025,498,8,490
110000026,9,173,-164
110000027,948,1144,-196
110000028,957,567,390
110000029,354,451,-97
110000030,279,258,21
110000031,234,228,6
110000032,748,312,436
110000033,230,142,88
110000034,523,405,118
110000035,556,354,202
110000036,939,349,590
110000037,190,244,-54
110000038,276,495,-219
110000039,765,3087,-2322
110000040,246,159,87
110000041,339,1605,-1266
110000042,84,264,-180
110000043,596,242,354
110000044,19,395,-376
110000045,194,75,119
110000046,4,24,-20
110000047,4,49,-45
110000048,5,12,-7
110000049,20,5,15
110000050,3,15,-12
110000051,16,8,8
110000052,37,37,0
110000053,28,4,24
110000054,87,429,-342
110000055,154,64,90
110000056,68,87,-19
110000057,349,396,-47
110000058,675,320,355
110000059,837,354,483
110000060,1277,918,359
110000061,595,589,6
110000062,538,737,-199
110000063,53,158,-105
110000064,40,29,11
110000065,100,69,31
110000066,106,31,75
110000067,67,106,-39
110000068,234,79,155
110000069,372,50,322
110000071,248,33,215
110000073,22,8,14
110000075,10,54,-44
110000076,274,308,-34
110000077,256,817,-561
110000078,55,23,32
110000080,236,373,-137
110000081,58,169,-111
110000082,42,322,-280
110000083,224,420,-196
110000084,1251,847,404
110000085,936,1199,-263
110000086,1158,2139,-981
110000087,15,50,-35
110000088,146,159,-13
110000089,300,74,226
110000090,82,166,-84
110000091,633,229,404
110000092,18,38,-20
110000093,24,15,9
110000094,371,141,230
110000095,175,595,-420
110000096,1308,1580,-272
110000097,989,1312,-323
110000098,1598,557,1041
110000099,538,1093,-555
110000100,1059,249,810
110000101,25,130,-105
110000102,92,59,33
110000104,456,151,305
110000105,68,290,-222
110000106,607,496,111
110000107,232,242,-10
110000108,126,95,31
110000109,144,243,-99
110000110,1249,3343,-2094
110000111,2778,2707,71
110000112,456,1170,-714
110000113,121,2259,-2138
110000114,236,650,-414
110000115,412,297,115
110000116,51,37,14
110000117,207,182,25
110000118,414,100,314
110000119,278,197,81
110000120,313,117,196
110000121,107,276,-169
110000122,272,407,-135
110000123,673,588,85
110000124,0,661,-661
110000125,909,6,903
110000126,304,25,279
110000127,1160,70,1090
110000128,29,617,-588
110000129,6,385,-379
110000130,353,224,129
110000131,83,296,-213
110000132,0,387,-387
110000133,45,339,-294
110000134,26,337,-311
110000135,157,26,131
110000136,47,280,-233
110000137,548,342,206
110000138,700,364,336
110000139,949,522,427
110000140,754,691,63
110000143,345,295,50
110000144,3395,2008,1387
110000145,1722,1312,410
110000146,1249,538,711
110000147,457,493,-36
110000148,529,147,382
110000151,677,1146,-469
110000152,680,447,233
110000153,141,17,124
110000154,7,18,-11
110000155,726,3255,-2529
110000156,1053,2328,-1275
110000157,1656,2161,-505
110000160,364,263,101
110000161,136,150,-14
110000166,632,63,569
110000167,859,512,347
110000168,936,471,465
110000169,944,357,587
110000170,212,78,134
110000171,561,75,486
110000172,164,427,-263
110000173,690,626,64
110000174,95,450,-355
110000175,756,47,709
110000176,39,345,-306
110000177,184,954,-770
110000178,290,1462,-1172
110000179,692,224,468
110000180,222,198,24
110000181,600,277,323
110000182,219,81,138
110000183,4531,6524,-1993
110000184,253,2080,-1827
110000185,440,536,-96
110000186,522,683,-161
110000191,1329,150,1179
110000192,811,14,797
110000193,1248,14,1234
110000194,11,521,-510
110000195,494,178,316
110000196,460,149,311
110000197,129,83,46
110000198,76,50,26
110000199,73,125,-52
110000200,827,323,504
110000201,851,978,-127
110000202,1127,582,545
110000203,483,379,104
110000204,8,143,-135
110000205,206,38,168
110000206,523,639,-116
110000207,1371,286,1085
110000208,171,205,-34
110000209,97,581,-484
110000210,1344,315,1029
110000211,826,435,391
110000212,394,852,-458
110000213,313,53,260
110000214,373,52,321
110000215,207,138,69
110000216,107,145,-38
110000217,494,100,394
110000218,211,150,61
110000219,340,30,310
110000220,65,129,-64
110000221,466,31,435
110000222,71,142,-71
110000223,3,122,-119
110000224,17,14,3
110000225,216,611,-395
110000226,307,78,229
110000227,547,797,-250
110000228,195,75,120
110000229,0,159,-159
110000230,426,375,51
110000231,174,171,3
110000232,273,143,130
110000233,209,134,75
110000234,381,624,-243
110000235,602,782,-180
110000236,535,358,177
110000237,1786,1010,776
110000238,951,1032,-81
110000239,1924,829,1095
110000240,0,46,-46
110000242,0,23,-23
110000243,159,87,72
110000244,157,288,-131
110000245,31,313,-282
110000246,691,329,362
110000247,781,2370,-1589
110000248,1108,911,197
110000249,52,10,42
110000250,20,115,-95
110000251,331,222,109
110000252,259,127,132
110000253,1276,394,882
110000254,445,566,-121
110000255,153,498,-345
110000256,392,183,209
110000257,489,303,186
110000258,6,243,-237
110000259,146,15,131
110000260,29,92,-63
110000263,364,42,322
110000264,337,194,143
110000265,902,1330,-428
110000266,1109,1741,-632
110000267,12,94,-82
110000268,245,352,-107
110000269,7,70,-63
110000270,60,3,57
110000271,821,158,663
110000272,935,759,176
110000273,1401,940,461
110000274,156,1592,-1436
110000275,1045,385,660
110000276,238,273,-35
110000277,337,247,90
110000278,323,399,-76
110000279,747,513,234
110000280,461,380,81
110000281,88,221,-133
110000282,154,21,133
110000283,18,61,-43
110000284,23,26,-3
110000285,1,415,-414
110000286,11,0,11
110000287,51,2,49
110000288,1,50,-49
110000289,454,1827,-1373
110000290,533,470,63
110000291,2376,1004,1372
110000292,972,4237,-3265
110000293,663,381,282
110000294,1189,870,319
110000295,93,468,-375
110000296,364,189,175
110000297,1842,281,1561
110000298,186,413,-227
110000299,116,76,40
110000301,387,21,366
110000302,602,955,-353
110000303,558,11,547
110000304,160,148,12
110000305,1107,21,1086
110000306,141,589,-448
110000307,1725,9,1716
110000308,385,5,380
110000309,5,406,-401
110000310,661,37,624
110000311,12,384,-372
110000312,379,80,299
110000313,1490,2152,-662
110000314,0,127,-127
110000315,1909,1882,27
110000316,413,1039,-626
110000317,164,645,-481
110000318,6,26,-20
110000319,7,26,-19
110000320,32,28,4
110000321,9,25,-16
110000322,311,141,170
110000323,438,108,330
110000324,1985,1401,584
110000325,1782,3003,-1221
110000327,285,268,17
110000328,135,285,-150
110000333,942,657,285
110000334,655,896,-241
110000335,746,289,457
110000336,801,591,210
110000337,2045,415,1630
110000338,520,164,356
110000339,314,144,170
110000340,22,95,-73
110000341,468,321,147
110000342,107,0,107
110000343,0,8,-8
110000344,434,263,171
110000345,536,181,355
110000346,1412,1383,29
110000347,1140,622,518
110000348,11,21,-10
110000349,7,13,-6
110000350,50,19,31
110000351,1016,564,452
110000352,701,1344,-643
110000353,1851,486,1365
110000354,861,2896,-2035
110000355,98,42,56
110000356,606,15,591
110000357,459,21,438
110000361,15,22,-7
110000362,79,2,77
110000363,605,85,520
110000364,252,151,101
110000365,142,11,131
110000366,1,86,-85
110000367,349,98,251
110000368,1,35,-34
110000369,94,5,89
110000373,2,188,-186
110000374,183,15,168
110000375,101,763,-662
110000376,35,79,-44
110000377,84,312,-228
110000378,14,335,-321
110000379,1787,1893,-106
110000380,50,1,49
110000383,0,1044,-1044
110000384,800,770,30
110000385,1,123,-122
110000387,105,0,105
110000388,39,130,-91
110000389,793,7,786
110000391,881,143,738
110000396,178,48,130
110000397,158,73,85
110000398,4,14,-10
110000399,118,4,114
110000587,156,70,86
110000589,203,80,123
110000640,198,31,167
110000652,5,183,-178
110000653,328,243,85
110000654,32,1533,-1501
110000656,1,278,-277
110000674,31,13,18
110000675,16,11,5
110000676,2,31,-29
110000679,119,1080,-961
110000682,89,154,-65
110000683,193,325,-132
110000684,3,25,-22
110000685,3,7,-4
110000686,2,25,-23
110000687,41,2,39
110000688,49,1161,-1112
110000689,28,11,17
110000692,9,92,-83
110000693,49,228,-179
110000694,0,106,-106
110000695,214,332,-118
110000696,40,42,-2
110900001,279,41,238
110900002,277,178,99
110900003,816,198,618
110900004,452,59,393
110900005,1130,2503,-1373
110900006,51,19,32
110900007,136,51,85
110900008,9,14,-5
110900009,391,139,252
110900010,10,33,-23
110900011,13,54,-41
110900012,20,52,-32
110900013,869,98,771
110900014,190,9,181
110900015,298,546,-248
110900016,52,77,-25
110900017,462,48,414
110900018,353,37,316
110900019,257,17,240
110900020,119,92,27
110900021,84,202,-118
110900022,65,139,-74
110900023,51,336,-285
110900024,33,152,-119
110900025,1,41,-40
110900027,16,174,-158
110900028,32,90,-58
110900029,14,106,-92
110900030,53,147,-94
110900031,0,98,-98
110900032,0,37,-37
110900033,21,91,-70
110900035,26,425,-399
110900036,96,22,74
110900037,112,14,98
110900038,518,176,342
110900039,8,183,-175
110900040,228,21,207
110900041,23,35,-12
110900042,158,59,99
110900043,4,40,-36
110900044,221,24,197
110900045,41,130,-89
110900046,19,69,-50
110900047,256,388,-132
110900049,90,91,-1
110900050,47,5,42
110900051,60,136,-76
110900052,3,79,-76
110900053,149,20,129
110900054,20,90,-70
110900055,32,4,28
110900056,30,125,-95
110900057,1,82,-81
110900058,282,143,139
110900059,357,209,148
110900060,381,140,241
110900061,9,50,-41
110900062,204,112,92
110900063,21,101,-80
110900064,26,0,26
110900065,178,140,38
110900066,4,68,-64
110900067,207,533,-326
110900068,152,131,21
110900069,3,29,-26
110900070,125,43,82
110900071,204,565,-361
110900073,1,10,-9
110900074,566,69,497
110900075,431,49,382
110900077,941,370,571
110900078,59,23,36
110900079,1540,1351,189
110900080,165,41,124
110900081,10,16,-6
110900082,130,58,72
110900083,111,74,37
110900084,61,22,39
110900085,33,154,-121
110900086,91,287,-196
110900087,288,75,213
110900088,2,1,1
110900090,34,59,-25
110900091,2,32,-30
110900093,192,55,137
110900095,73,23,50
110900097,14,18,-4
110900098,19,41,-22
110900099,29,217,-188
110900100,0,5,-5
110900102,78,12,66
110900105,695,132,563
110900108,25,29,-4
110900111,378,134,244
110900112,736,19,717
110900113,248,46,202
110900115,6,36,-30
110900116,927,712,215
110900118,69,3202,-3133
110900119,1294,175,1119
110900120,32,32,0
110900121,145,0,145
110900122,384,150,234
110900125,445,320,125
110900127,490,1427,-937
110900128,353,577,-224
110900129,182,909,-727
110900130,561,689,-128
110900131,216,17,199
110900132,470,80,390
110900133,38,90,-52
110900135,50,115,-65
110900136,457,17,440
110900139,19,0,19
110900140,0,0,0
110900141,217,275,-58
110900142,53,69,-16
110900143,160,91,69
110900144,2,315,-313
110900145,164,75,89
110900146,134,255,-121
110900147,61,214,-153
110900148,2,158,-156
110900149,6,48,-42
110900150,26,17,9
110900151,4,75,-71
110900152,39,96,-57
110900153,155,41,114
111000001,688,392,296
111000002,604,391,213
111000003,1529,734,795
111000004,418,689,-271
111000005,1123,1196,-73
111000006,693,1529,-836
111000007,3447,2980,467
111000008,1450,2205,-755
111000009,305,598,-293
111000010,958,265,693
111000011,172,926,-754
111000012,501,363,138
111000013,488,893,-405
111000014,1510,540,970
111000017,183,837,-654
111000018,212,289,-77
111000020,906,1265,-359
111000021,61,85,-24
111000023,62,77,-15
111000025,4891,3559,1332
111000029,68,118,-50
111000030,42,104,-62
111000031,1646,848,798
111000032,665,399,266
111000033,173,210,-37
111000034,57,269,-212
111000037,925,496,429
111000038,2248,1226,1022
111000039,1540,1338,202
111000040,1477,1446,31
111000041,923,839,84
111000042,1543,1661,-118
111000043,1695,3722,-2027
111000044,1597,1003,594
111000045,2525,2227,298
111000046,1655,1575,80
111000047,2702,4358,-1656
111000049,388,396,-8
111000050,1045,834,211
111000051,476,625,-149
111000052,560,1005,-445
111000053,313,569,-256
111000054,304,605,-301
111000055,1000,1247,-247
111000056,227,418,-191
111000057,122,333,-211
111000058,606,76,530
111000059,637,270,367
111000060,3689,802,2887
111000061,626,270,356
111000062,837,303,534
111000063,1690,913,777
111000064,854,429,425
111000065,1287,772,515
111000066,592,334,258
111000067,618,364,254
111000068,593,642,-49
111000069,1384,1494,-110
111000070,742,611,131
111000071,205,376,-171
111000072,1398,527,871
111000073,332,1258,-926
111000074,1438,1370,68
111000075,938,513,425
111000076,514,457,57
111000077,1199,945,254
111000078,2190,934,1256
111000079,955,566,389
111000080,540,428,112
111000081,1186,3512,-2326
111000082,787,495,292
111000084,823,357,466
111000085,855,818,37
111000086,1533,783,750
111000087,627,387,240
111000088,3131,2461,670
111000089,704,566,138
111000090,507,1039,-532
111000091,664,282,382
111000092,1427,579,848
111000093,728,936,-208
111000094,1683,933,750
111000095,608,2199,-1591
111000096,912,6601,-5689
111000097,3724,1211,2513
111000098,661,716,-55
111000099,443,1023,-580
111000100,381,795,-414
111000101,373,535,-162
111000102,295,310,-15
111000104,711,142,569
111000107,112,485,-373
111000109,703,183,520
111000110,1561,565,996
111000111,2622,350,2272
111000112,1894,504,1390
111000113,755,1573,-818
111000114,1680,3405,-1725
111000115,2986,895,2091
111000116,953,683,270
111000117,367,718,-351
111000118,1069,546,523
111000119,1170,578,592
111000120,665,507,158
111000121,357,649,-292
111000122,641,779,-138
111000123,1013,1485,-472
111000124,417,1261,-844
111000125,248,691,-443
111000126,134,423,-289
111000127,1160,119,1041
111000128,2270,288,1982
111000129,3297,412,2885
111000130,2407,436,1971
111000131,2079,486,1593
111000132,1919,856,1063
111000133,199,67,132
111000134,132,89,43
111000135,105,129,-24
111000136,381,282,99
111000138,19,8,11
111000140,0,5,-5
111000141,163,396,-233
111000142,18,396,-378
111000143,8,544,-536
111000144,116,2981,-2865
111000145,331,9,322
111000146,147,12,135
111000147,111,17,94
111000148,151,94,57
111000149,3,12,-9
111000150,43,4,39
111000151,3,21,-18
111000153,475,694,-219
111000154,471,198,273
111000155,91,148,-57
111000156,559,499,60
111000157,210,686,-476
111000158,610,621,-11
111000159,3468,903,2565
111000160,542,520,22
111000161,17,514,-497
111000162,34,113,-79
111000163,800,493,307
111000164,517,2102,-1585
111000165,669,324,345
111000166,745,221,524
111000167,161,267,-106
111000168,227,371,-144
111000169,308,457,-149
111000170,264,289,-25
111000171,443,408,35
111000172,201,249,-48
111000173,416,451,-35
111000174,207,164,43
111000175,56,198,-142
111000176,448,94,354
111000177,519,137,382
111000178,1603,192,1411
111000179,438,113,325
111000180,295,405,-110
111000181,1648,175,1473
111000182,245,177,68
111000183,286,241,45
111000184,325,186,139
111000185,327,273,54
111000186,276,132,144
111000187,138,121,17
111000188,306,324,-18
111000189,598,393,205
111000190,188,247,-59
111000191,161,197,-36
111000192,141,331,-190
111000193,313,174,139
111000194,88,185,-97
111000195,180,139,41
111000196,94,89,5
111000197,499,94,405
111000198,590,66,524
111000199,345,128,217
111000200,568,258,310
111000201,861,175,686
111000202,323,163,160
111000203,502,279,223
111000204,359,1430,-1071
111000213,209,404,-195
111000214,1133,802,331
111000215,1188,751,437
111000217,1632,834,798
111000218,1482,927,555
111000219,390,142,248
111000220,723,414,309
111000221,381,81,300
111000224,42,177,-135
111000225,380,240,140
111000226,117,3,114
111000227,21,2,19
111000228,17,400,-383
111000229,36,1027,-991
111000230,167,161,6
111000231,1028,319,709
111000232,683,664,19
111000233,1186,469,717
111000234,188,410,-222
111000239,62,90,-28
111000240,63,227,-164
111000241,40,206,-166
111000242,269,73,196
111000243,170,259,-89
111000244,679,113,566
111000245,1305,294,1011
111000246,639,156,483
111000247,423,400,23
111000248,765,319,446
111000249,432,299,133
111000250,55,71,-16
111000251,49,76,-27
111000253,18,16,2
111000255,88,11,77
111000257,122,23,99
111000260,90,930,-840
111000261,1368,86,1282
111000271,48,233,-185
111000273,1840,791,1049
111000274,1305,1969,-664
111000275,202,52,150
111000276,246,916,-670
111000277,220,244,-24
111000278,570,216,354
111000291,1080,7500,-6420
111000298,579,143,436
111000299,636,153,483
111000300,69,384,-315
111000302,345,96,249
111000303,72,124,-52
111000312,62,71,-9
111000315,7,115,-108
111000320,159,362,-203
111000321,447,107,340
111000322,310,262,48
111000323,384,16,368
111000324,342,156,186
111000325,38,59,-21
111000326,234,220,14
111000327,346,258,88
111000328,352,419,-67
111000329,1,18,-17
111000330,87,11,76
111000331,20,7,13
111000332,729,1230,-501
111000334,309,827,-518
111000335,1040,212,828
111000337,1538,193,1345
111000338,64,77,-13
111000339,774,120,654
111000340,109,359,-250
111000341,1500,610,890
111000342,90,2008,-1918
111000344,1079,554,525
111000345,166,163,3
111000346,35,320,-285
111000347,137,10,127
111000350,205,98,107
111000351,153,294,-141
111000352,220,54,166
111000353,166,154,12
111000354,426,93,333
111000355,315,264,51
111000358,146,477,-331
111000360,190,249,-59
111000361,191,130,61
111000546,657,327,330
111000547,430,244,186
111000548,184,271,-87
111000549,336,145,191
111000550,61,807,-746
111000551,578,168,410
111000552,455,247,208
111000907,414,10,404
111000908,37,2,35
111000916,1785,139,1646
111000917,71,302,-231
111000918,207,330,-123
111000920,757,12,745
111000921,17,147,-130
111000922,606,145,461
111000924,39,325,-286
111000925,3199,1804,1395
111000926,955,1143,-188
111000927,2602,4068,-1466
111000928,3346,1844,1502
111000929,2404,1284,1120
111000930,992,1763,-771
111000931,2107,2259,-152
111000932,2950,1275,1675
111000933,3063,2513,550
111000934,1772,1707,65
111000935,1883,947,936
111000936,1122,1204,-82
111000937,1365,1218,147
111000938,1154,898,256
111000939,622,29,593
111000940,512,61,451
111000941,393,211,182
111000943,729,319,410
111000944,173,209,-36
111000945,81,833,-752
111001109,523,542,-19
111001110,207,353,-146
111001111,116,6,110
111001112,59,4,55
111001113,0,104,-104
111001114,425,203,222
111001115,28,986,-958
111001116,2271,4080,-1809
111001117,245,2343,-2098
111001120,94,167,-73
111001121,172,170,2
111001122,287,197,90
111001123,407,53,354
111001124,121,85,36
111001125,0,153,-153
111001126,6,0,6
111001127,1,28,-27
111900001,2,103,-101
111900002,3,281,-278
111900003,6,158,-152
111900004,23,36,-13
111900006,18,61,-43
111900007,179,6,173
111900008,310,1,309
111900009,260,1,259
111900010,213,247,-34
111900012,50,39,11
111900013,12,22,-10
111900014,2203,5074,-2871
111900015,0,25,-25
111900016,0,33,-33
111900017,0,39,-39
111900018,195,4,191
111900019,3,66,-63
111900020,2,20,-18
111900021,27,102,-75
111900022,8,37,-29
111900023,38,42,-4
111900024,8,60,-52
111900025,0,10,-10
111900026,0,30,-30
111900027,10,74,-64
111900028,2,111,-109
111900029,4,40,-36
111900030,17,182,-165
111900031,0,10,-10
111900032,2,107,-105
111900033,8,20,-12
111900034,164,287,-123
111900035,120,105,15
111900036,1,81,-80
111900038,159,334,-175
111900039,36,160,-124
111900040,3,182,-179
111900042,3,156,-153
111900043,3,104,-101
111900044,143,136,7
111900046,33,95,-62
111900048,355,244,111
111900049,20,148,-128
111900050,126,48,78
111900051,3,119,-116
111900052,217,292,-75
111900053,373,1636,-1263
111900054,120,6,114
111900055,4,166,-162
111900056,185,395,-210
111900057,120,27,93
111900058,688,254,434
111900059,1091,783,308
111900060,316,1,315
111900061,3,88,-85
111900062,87,114,-27
111900063,266,348,-82
111900064,68,110,-42
111900065,148,12,136
111900066,140,135,5
111900067,3,252,-249
111900068,95,80,15
111900069,97,29,68
111900070,222,69,153
111900071,0,145,-145
111900072,55,30,25
111900073,961,245,716
111900074,31,115,-84
111900075,117,6,111
111900076,213,98,115
111900077,48,7,41
111900078,336,47,289
111900079,49,42,7
111900080,159,292,-133
111900082,227,52,175
111900083,253,26,227
111900084,132,9,123
111900085,23,127,-104
111900086,47,5,42
111900087,85,0,85
111900088,701,17,684
111900089,160,9,151
111900090,49,61,-12
111900091,406,6,400
111900092,153,0,153
111900093,614,8,606
111900094,152,1,151
111900095,337,23,314
111900096,285,5,280
111900097,73,0,73
111900098,379,7,372
111900099,80,0,80
111900100,185,4,181
111900101,122,28,94
111900102,769,200,569
111900103,50,88,-38
111900104,102,69,33
111900105,244,196,48
111900106,392,22,370
111900110,847,238,609
111900111,196,85,111
111900112,325,3340,-3015
111900113,172,108,64
111900118,453,105,348
111900119,317,139,178
111900122,94,116,-22
111900123,21,31,-10
111900124,23,43,-20
111900125,622,43,579
111900126,278,1,277
111900127,1,313,-312
111900128,5,184,-179
111900129,306,5,301
111900130,246,53,193
111900131,648,2,646
111900132,19,383,-364
111900133,8,174,-166
111900134,5,117,-112
111900135,9,28,-19
111900136,101,140,-39
111900137,41,70,-29
111900138,6,79,-73
111900139,19,62,-43
111900140,180,35,145
111900141,131,8,123
111900142,130,57,73
111900143,92,86,6
111900144,0,41,-41
111900145,0,139,-139
111900146,3,75,-72
111900147,48,189,-141
111900148,13,286,-273
111900149,1,151,-150
111900150,8,107,-99
111900151,5,26,-21
111900152,86,89,-3
111900153,567,767,-200
111900154,27,431,-404
111900155,49,116,-67
111900156,98,108,-10
111900157,173,36,137
111900158,601,105,496
111900159,364,49,315
111900160,437,4,433
111900161,297,2,295
111900162,63,168,-105
111900163,10,123,-113
111900164,127,56,71
111901113,555,71,484
111901114,385,215,170
111901115,103,2,101
111901116,76,3,73
111901117,37,39,-2
111901118,30,399,-369
111901119,257,66,191
111901121,65,85,-20
111901122,4,246,-242
111901123,294,110,184
111901124,301,6,295
111901125,682,217,465
111901127,316,588,-272
111901128,6,60,-54
111901129,6,74,-68
111901130,4,86,-82
111901131,6,104,-98
111901132,73,25,48
111901133,56,4,52
111901134,138,8,130
111901135,31,9,22
111901136,5,52,-47
111901138,118,39,79
111901139,29,12,17
111901140,13,45,-32
111901141,1,46,-45
111901142,0,64,-64
111901143,2,43,-41
111901144,48,56,-8
111901145,88,292,-204
111901146,142,32,110
111901147,226,292,-66
111901148,7,77,-70
111901149,6,7,-1
111901150,37,0,37
112000001,1874,581,1293
112000002,518,1394,-876
112000003,1916,1010,906
112000004,617,337,280
112000005,3334,3605,-271
112000006,1176,875,301
112000007,4014,2621,1393
112000008,2419,3950,-1531
112000009,2117,1493,624
112000010,2781,4290,-1509
112000011,1203,939,264
112000012,3450,5559,-2109
112000013,2070,2791,-721
112000014,1675,3240,-1565
112000015,2678,3036,-358
112000016,2447,2230,217
112000017,932,3317,-2385
112000024,1529,512,1017
112000026,1742,2041,-299
112000027,578,671,-93
112000028,709,867,-158
112000029,682,627,55
112000030,175,35,140
112000031,1178,4129,-2951
112000032,156,40,116
112000033,1566,2981,-1415
112000034,176,52,124
112000035,31,514,-483
112000036,344,1073,-729
112000037,1348,1089,259
112000038,1564,1424,140
112000039,143,54,89
112000040,40,121,-81
112000041,295,343,-48
112000042,631,352,279
112000050,1189,1067,122
112000051,1176,1712,-536
112000054,995,919,76
112000057,511,303,208
112000058,205,384,-179
112000059,402,658,-256
112000061,1621,955,666
112000062,708,1102,-394
112000063,385,2562,-2177
112000064,2062,2718,-656
112000065,1019,1755,-736
112000066,2957,1474,1483
112000067,453,461,-8
112000068,3034,2790,244
112000069,406,1362,-956
112000070,1686,728,958
112000071,989,1519,-530
112000072,2592,602,1990
112000073,1183,1459,-276
112000074,1230,853,377
112000075,1420,1014,406
112000076,2589,1971,618
112000077,777,314,463
112000078,1650,423,1227
112000079,1469,1052,417
112000080,738,512,226
112000081,985,1703,-718
112000082,1026,642,384
112000083,462,775,-313
112000084,1122,588,534
112000085,1340,607,733
112000086,1681,656,1025
112000087,658,241,417
112000088,906,285,621
112000089,326,248,78
112000090,215,175,40
112000091,483,519,-36
112000092,2069,576,1493
112000093,1590,562,1028
112000094,694,705,-11
112000095,726,537,189
112000096,944,885,59
112000097,1549,632,917
112000098,610,486,124
112000099,607,1907,-1300
112000100,2199,623,1576
112000101,564,477,87
112000102,1578,478,1100
112000103,345,512,-167
112000105,582,728,-146
112000106,2181,340,1841
112000107,120,141,-21
112000108,347,834,-487
112000109,251,112,139
112000110,2024,599,1425
112000111,486,1598,-1112
112000112,2228,465,1763
112000113,485,893,-408
112000114,2318,710,1608
112000115,395,262,133
112000116,585,496,89
112000117,843,555,288
112000118,784,537,247
112000119,406,436,-30
112000120,74,231,-157
112000121,137,250,-113
112000122,369,152,217
112000123,901,125,776
112000124,472,63,409
112000125,258,191,67
112000126,401,224,177
112000127,1313,2500,-1187
112000128,391,468,-77
112000129,144,104,40
112000130,240,89,151
112000131,61,129,-68
112000132,224,202,22
112000133,422,113,309
112000134,475,318,157
112000135,1424,530,894
112000136,915,797,118
112000137,1432,1314,118
112000138,1096,714,382
112000139,560,742,-182
112000140,401,794,-393
112000141,985,418,567
112000142,149,316,-167
112000143,1409,228,1181
112000144,275,569,-294
112000145,2689,566,2123
112000146,544,1029,-485
112000147,2685,1574,1111
112000148,1169,1054,115
112000149,424,379,45
112000150,298,309,-11
112000151,360,237,123
112000152,535,263,272
112000153,155,186,-31
112000154,160,215,-55
112000155,192,128,64
112000157,453,606,-153
112000158,297,234,63
112000159,592,191,401
112000167,309,136,173
112000169,257,350,-93
112000173,931,152,779
112000175,393,223,170
112000176,909,1272,-363
112000177,812,244,568
112000178,111,189,-78
112000179,261,65,196
112000180,397,536,-139
112000181,1217,916,301
112000182,1470,518,952
112000183,35,22,13
112000184,559,208,351
112000185,717,296,421
112000187,3480,2366,1114
112000195,162,12,150
112000196,201,0,201
112000197,144,201,-57
112000198,41,292,-251
112000199,675,737,-62
112000202,464,2,462
112000216,58,203,-145
112000230,102,4,98
112000231,4,111,-107
112000256,73,245,-172
112000313,41,59,-18
112000314,70,67,3
112000337,228,478,-250
112000352,179,333,-154
112000392,1217,906,311
112000398,1747,789,958
112000399,1016,2929,-1913
112000400,1117,1266,-149
112000401,2055,1216,839
112000402,3595,4057,-462
112000403,1296,4228,-2932
112000404,1148,1018,130
112000405,2378,2859,-481
112000406,2021,1137,884
112000407,8749,7981,768
112000408,4692,3048,1644
112000409,1374,2276,-902
112000410,337,386,-49
112000411,1962,1811,151
112000412,868,456,412
112000413,3982,6898,-2916
112000414,120,34,86
112000415,110,28,82
112000416,3195,1141,2054
112000417,250,54,196
112000421,100,28,72
112000422,429,169,260
112000424,1066,3063,-1997
112000425,444,443,1
112000426,342,318,24
112000427,0,7,-7
112000428,341,184,157
112000429,1614,1474,140
112000430,2133,2265,-132
112000431,143,97,46
112000432,490,442,48
112000433,249,491,-242
112000437,47,99,-52
112900001,93,3,90
112900002,647,393,254
112900003,80,179,-99
112900004,72,141,-69
112900005,253,108,145
112900006,22,165,-143
112900007,91,157,-66
112900008,0,79,-79
112900009,439,160,279
112900010,616,456,160
112900011,66,123,-57
112900012,4,25,-21
112900013,1,117,-116
112900014,3,118,-115
112900015,237,429,-192
112900016,9,139,-130
112900017,34,72,-38
112900018,5,98,-93
112900019,29,142,-113
112900020,243,575,-332
112900021,4,102,-98
112900022,16,41,-25
112900023,0,42,-42
112900024,13,119,-106
112900025,129,136,-7
112900026,3,99,-96
112900027,0,393,-393
112900028,18,80,-62
112900029,10,262,-252
112900030,72,55,17
112900031,3,197,-194
112900032,165,193,-28
112900034,1,16,-15
112900035,5,131,-126
112900036,45,119,-74
112900037,138,209,-71
112900038,814,113,701
112900039,12,144,-132
112900040,12,335,-323
112900041,298,1109,-811
112900042,84,153,-69
112900043,88,47,41
112900044,294,221,73
112900045,137,167,-30
112900046,117,34,83
112900047,7,16,-9
112900049,343,44,299
112900050,17,355,-338
112900051,152,316,-164
112900052,10,333,-323
112900053,215,94,121
112900054,152,73,79
112900055,91,20,71
112900056,306,215,91
112900057,30,295,-265
112900058,256,341,-85
112900059,126,206,-80
112900060,39,104,-65
112900061,89,104,-15
112900062,100,103,-3
112900063,50,16,34
112900064,82,171,-89
112900065,28,42,-14
112900066,227,262,-35
112900067,217,94,123
112900068,37,32,5
112900069,1138,837,301
112900071,39,9,30
112900072,80,2817,-2737
112900073,408,210,198
112900074,76,318,-242
112900075,733,1083,-350
112900076,39,47,-8
112900078,296,457,-161
112900079,224,33,191
112900080,113,6,107
112900081,92,279,-187
112900082,689,59,630
112900083,172,184,-12
112900084,283,181,102
112900086,117,4,113
112900087,1016,173,843
112900088,184,10,174
112900089,874,56,818
112900090,107,69,38
112900091,287,9,278
112900092,81,606,-525
112900093,1021,38,983
112900095,86,1,85
112900096,569,187,382
112900097,82,153,-71
112900098,123,2,121
112900099,1085,22,1063
112900100,83,4,79
112900101,404,4,400
112900102,120,51,69
112900103,275,1,274
112900104,138,0,138
112900105,34,0,34
112900106,406,112,294
112900107,8,3,5
112900108,3,1,2
112900109,160,2,158
112900110,1664,39,1625
112900111,900,7,893
112900112,393,1,392
112900113,0,7,-7
112900114,227,27,200
112900115,1947,4,1943
112900116,140,58,82
112900117,62,25,37
112900118,16,76,-60
112900119,224,4,220
112900120,460,199,261
112900121,32,76,-44
112900122,13,69,-56
112900123,170,14,156
112900124,17,87,-70
112900125,16,296,-280
112900126,120,131,-11
112900127,447,208,239
112900128,102,372,-270
112900129,1,344,-343
112900130,149,111,38
112900131,21,166,-145
112900132,102,282,-180
112900133,22,591,-569
112900134,2,95,-93
112900135,127,70,57
112900137,0,311,-311
112900138,1,109,-108
112900139,127,529,-402
112900141,702,57,645
112900142,66,231,-165
112900143,15,186,-171
112900144,0,136,-136
112900145,32,235,-203
112900146,1,435,-434
112900147,0,655,-655
112900148,103,4,99
112900149,323,394,-71
112900151,13,31,-18
112900152,2060,482,1578
112900153,964,2488,-1524
112900154,0,33,-33
112900155,170,19,151
112900156,390,614,-224
112900157,596,66,530
112900158,101,8,93
112900159,187,169,18
112900160,57,160,-103
112900161,133,54,79
112900162,18,12,6
112900163,73,56,17
112900164,37,166,-129
112900165,138,27,111
112900166,8,77,-69
112900167,3,166,-163
112900168,5,8,-3
112900169,17,14,3
112900170,167,127,40
112900172,35,21,14
112900173,105,58,47
112900174,329,51,278
112900175,108,168,-60
112900176,16,64,-48
112900177,233,66,167
112900178,661,2237,-1576
112900179,35,272,-237
112900180,1633,849,784
112900181,753,11,742
112900182,56,476,-420
112900183,67,222,-155
112900184,336,476,-140
112900185,117,560,-443
112900186,705,1015,-310
112900187,72,463,-391
112900188,470,1988,-1518
112900189,15,7,8
112900190,5,14,-9
112900192,602,635,-33
112900193,969,341,628
112900194,72,25,47
112900195,751,32,719
112900196,233,306,-73
112900197,112,209,-97
112900199,807,304,503
112900200,604,94,510
112900201,241,88,153
112900202,678,466,212
112900203,353,103,250
112900204,599,553,46
112900205,25,18,7
112900206,16,85,-69
112900207,29,0,29
112900208,85,294,-209
112900209,249,273,-24
112900210,0,29,-29
112900211,69,9,60
112900212,2,67,-65
112900213,83,24,59
112900214,23,29,-6
112900215,24,71,-47
112900216,12,43,-31
112900217,0,59,-59
112900218,67,12,55
112900219,99,7,92
112900220,1,0,1
112900221,47,111,-64
112900222,1,28,-27
112900223,872,13,859
112900224,425,199,226
112900225,486,201,285
112900226,149,252,-103
112900227,1035,471,564
112900228,102,30,72
112900229,379,20,359
112900230,5493,2638,2855
112900232,316,316,0
112900233,82,80,2
112900234,17,16,1
112900235,80,31,49
112900236,430,9,421
112900237,314,95,219
112900238,10,11,-1
112900239,753,615,138
112900240,6,25,-19
112900241,6,34,-28
112900242,8,73,-65
112900243,10,63,-53
112900244,16,30,-14
112900245,0,26,-26
112900246,14,8,6
112900247,96,19,77
112900248,4,0,4
112900249,24,3,21
112900250,87,9,78
112900251,69,12,57
112900252,100,16,84
112900253,80,13,67
112900254,13,3,10
112900255,7,29,-22
112900256,3,49,-46
112900257,10,39,-29
112900258,34,13,21
113000001,5305,4006,1299
113000002,3126,2815,311
113000003,1495,1269,226
113000004,1053,1579,-526
113000005,1562,911,651
113000006,844,1047,-203
113000007,2014,993,1021
113000008,1457,1283,174
113000009,1294,550,744
113000010,1060,797,263
113000011,731,827,-96
113000012,1446,509,937
113000013,821,560,261
113000014,835,1062,-227
113000015,204,160,44
113000016,210,514,-304
113000017,40,269,-229
113000018,312,31,281
113000019,141,254,-113
113000020,566,95,471
113000021,1069,490,579
113000022,656,1130,-474
113000025,138,303,-165
113000026,443,460,-17
113000027,396,738,-342
113000028,428,897,-469
113000029,939,773,166
113000030,210,388,-178
113000031,174,249,-75
113000032,196,387,-191
113000033,140,431,-291
113000034,164,154,10
113000035,28,18,10
113000036,19,50,-31
113000037,66,28,38
113000038,7,40,-33
113000039,43,292,-249
113000040,76,81,-5
113000042,688,442,246
113000051,701,1722,-1021
113000052,1828,563,1265
113000053,455,286,169
113000054,383,450,-67
113000055,1296,341,955
113000056,1295,782,513
113000058,525,749,-224
113000059,827,393,434
113000060,303,431,-128
113000061,424,701,-277
113000062,418,332,86
113000063,266,79,187
113000064,80,121,-41
113000065,184,405,-221
113000066,875,112,763
113000067,2375,784,1591
113000068,410,616,-206
113000069,592,564,28
113000070,2436,824,1612
113000071,529,313,216
113000072,983,415,568
113000073,318,1214,-896
113000074,739,354,385
113000075,1436,710,726
113000076,451,2777,-2326
113000077,649,917,-268
113000078,496,1740,-1244
113000079,315,967,-652
113000080,498,750,-252
113000081,631,562,69
113000082,698,581,117
113000083,488,734,-246
113000084,1269,787,482
113000085,850,696,154
113000086,746,942,-196
113000087,792,1190,-398
113000088,1466,1046,420
113000089,691,1487,-796
113000090,196,588,-392
113000091,298,332,-34
113000094,1118,289,829
113000095,207,621,-414
113000096,96,804,-708
113000097,916,374,542
113000098,127,50,77
113000099,857,467,390
113000100,117,370,-253
113000101,261,620,-359
113000102,618,567,51
113000103,1540,266,1274
113000104,502,1831,-1329
113000105,813,307,506
113000106,300,243,57
113000107,793,737,56
113000108,669,668,1
113000109,593,1050,-457
113000110,2393,577,1816
113000111,236,556,-320
113000112,350,279,71
113000113,975,310,665
113000114,278,1147,-869
113000116,449,253,196
113000117,751,103,648
113000118,59,432,-373
113000119,355,283,72
113000120,40,270,-230
113000121,348,823,-475
113000124,247,104,143
113000125,53,840,-787
113000127,1385,166,1219
113000128,630,221,409
113000129,354,515,-161
113000133,1850,710,1140
113000134,5,1035,-1030
113000135,3914,4370,-456
113000137,830,3317,-2487
113000139,271,184,87
113000140,56,162,-106
113000141,99,156,-57
113000142,157,634,-477
113000143,175,167,8
113000144,157,339,-182
113000145,164,70,94
113000146,109,30,79
113000147,168,67,101
113000148,238,101,137
113000149,149,122,27
113000150,456,264,192
113000151,55,33,22
113000152,49,147,-98
113000153,691,320,371
113000154,534,1187,-653
113000155,273,493,-220
113000156,127,225,-98
113000157,166,459,-293
113000158,532,211,321
113000159,782,533,249
113000160,416,442,-26
113000161,284,196,88
113000162,682,311,371
113000163,142,37,105
113000164,21,42,-21
113000166,167,86,81
113000167,35,43,-8
113000168,95,70,25
113000169,255,59,196
113000170,107,91,16
113000171,33,82,-49
113000172,278,74,204
113000173,61,20,41
113000174,147,190,-43
113000175,460,77,383
113000176,520,120,400
113000177,139,196,-57
113000178,106,181,-75
113000179,294,142,152
113000180,417,848,-431
113000181,1160,706,454
113000182,112,282,-170
113000183,89,489,-400
113000184,10,66,-56
113000189,229,609,-380
113000190,252,329,-77
113000192,568,4711,-4143
113000193,1458,3303,-1845
113000194,717,1811,-1094
113000195,1045,1779,-734
113000196,210,65,145
113000197,1182,1455,-273
113000198,110,226,-116
113000199,1098,296,802
113000201,187,481,-294
113000202,6053,759,5294
113000203,60,369,-309
113000204,485,3441,-2956
113000205,15,17,-2
113000206,5,60,-55
113000207,71,13,58
113000208,37,46,-9
113000209,26,8,18
113000210,4,38,-34
113000211,126,312,-186
113000212,38,51,-13
113000213,24,77,-53
113000214,166,254,-88
113000234,171,552,-381
113000410,53,184,-131
113000411,1463,2641,-1178
113000412,3484,1497,1987
113000413,867,2652,-1785
113000414,2572,10227,-7655
113000415,1328,1474,-146
113000416,2991,2188,803
113000417,1327,1621,-294
113000418,3864,3281,583
113000419,1144,1953,-809
113000420,2551,5301,-2750
113000421,3302,5608,-2306
113000422,6539,7584,-1045
113000423,1139,4245,-3106
113000424,1520,8401,-6881
113000425,1,61,-60
113000428,8,9,-1
113000430,2,30,-28
113000432,2215,206,2009
113000433,85,379,-294
113000434,21,62,-41
113000435,37,174,-137
113000436,17,459,-442
113000437,1306,28,1278
113000438,418,8,410
113000439,12,50,-38
113000440,190,31,159
113000441,300,158,142
113000442,161,60,101
113000443,351,117,234
113000444,234,52,182
113000445,133,51,82
113000446,44,40,4
113000448,358,155,203
113000449,124,602,-478
113000450,473,1588,-1115
113000451,2022,205,1817
113000452,109,431,-322
113000453,42,542,-500
113000454,279,122,157
113000455,16,767,-751
113000456,1983,2171,-188
113000468,832,100,732
113000469,26,65,-39
113000470,379,32,347
113000471,6,262,-256
113000472,89,227,-138
113000474,1202,602,600
113000475,1078,1066,12
113000476,1467,1648,-181
113000477,3634,1471,2163
113000478,2813,2726,87
113000479,95,84,11
113000484,0,0,0
113000485,0,0,0
113000486,1,0,1
113000487,0,0,0
113000488,0,1,-1
113000489,0,0,0
113000490,0,0,0
113000491,1,0,1
113000492,0,0,0
113000493,0,0,0
113000495,190,105,85
113000496,143,105,38
113900001,4,786,-782
113900002,3,33,-30
113900003,0,87,-87
113900004,2,125,-123
113900005,3,201,-198
113900006,3,35,-32
113900007,6,2,4
113900008,15,1,14
113900009,21,1,20
113900010,14,0,14
113900011,55,0,55
113900012,52,0,52
113900013,60,0,60
113900014,539,3,536
113900015,0,18,-18
113900016,32,0,32
113900017,5,46,-41
113900018,211,312,-101
113900019,179,38,141
113900020,174,1,173
113900022,78,1,77
113900023,49,0,49
113900024,56,23,33
113900025,152,23,129
113900026,59,0,59
113900027,5,72,-67
113900028,29,211,-182
113900029,80,94,-14
113900030,303,2,301
113900031,48,4,44
113900032,42,1,41
113900033,93,51,42
113900035,51,0,51
113900036,26,91,-65
113900037,199,183,16
113900038,29,121,-92
113900039,152,30,122
113900040,15,41,-26
113900041,10,12,-2
113900042,55,24,31
113900043,163,77,86
113900044,199,305,-106
113900045,80,0,80
113900046,198,605,-407
113900047,64,103,-39
113900048,85,109,-24
113900049,234,303,-69
113900050,236,276,-40
113900051,198,200,-2
113900052,97,86,11
113900053,516,580,-64
113900054,17,0,17
113900055,103,416,-313
113900056,51,199,-148
113900057,9,37,-28
113900058,76,48,28
113900059,247,216,31
113900060,76,291,-215
113900061,384,224,160
113900062,121,16,105
113900063,66,97,-31
113900064,15,66,-51
113900065,400,13,387
113900066,438,159,279
113900067,216,89,127
113900068,364,478,-114
113900069,51,42,9
113900070,97,274,-177
113900071,68,42,26
113900072,55,80,-25
113900073,338,327,11
113900074,138,143,-5
113900075,863,1331,-468
113900076,158,26,132
113900077,44,128,-84
113900078,33,43,-10
113900079,0,17,-17
113900080,555,192,363
113900081,63,119,-56
113900082,131,133,-2
113900083,465,139,326
113900084,187,105,82
113900085,42,192,-150
113900086,27,5,22
113900087,89,68,21
113900088,91,90,1
113900089,286,48,238
113900090,474,277,197
113900091,21,10,11
113900092,24,62,-38
113900093,74,781,-707
113900094,454,209,245
113900095,78,87,-9
113900096,279,78,201
113900097,17,43,-26
113900098,793,109,684
113900099,1,30,-29
113900100,0,3,-3
113900101,7,47,-40
113900102,100,161,-61
113900103,222,317,-95
113900104,94,179,-85
113900105,154,63,91
113900106,1,16,-15
113900107,1,3,-2
113900108,175,262,-87
113900109,248,238,10
113900110,35,18,17
113900111,190,73,117
113900112,154,34,120
113900113,733,369,364
113900114,0,32,-32
113900115,0,24,-24
113900116,69,160,-91
113900117,45,26,19
113900118,118,349,-231
113900119,105,517,-412
113900120,123,39,84
113900121,79,46,33
113900122,348,2293,-1945
113900123,380,172,208
113900124,0,49,-49
113900125,522,137,385
113900126,85,69,16
113900127,333,693,-360
113900128,145,49,96
113900129,5,191,-186
113900130,0,170,-170
113900131,220,55,165
113900132,41,85,-44
113900133,16,51,-35
113900135,382,226,156
113900136,83,48,35
113900137,253,277,-24
113900138,24,189,-165
113900139,159,174,-15
113900140,50,350,-300
113900141,574,160,414
113900142,112,41,71
113900143,17,28,-11
113900144,74,243,-169
113900145,285,105,180
113900146,148,39,109
113900148,75,290,-215
113900149,113,65,48
113900150,219,223,-4
113900151,389,119,270
113900152,52,46,6
113900153,84,341,-257
113900154,11,115,-104
113900155,107,194,-87
113900156,150,269,-119
113900157,36,218,-182
113900158,156,289,-133
113900159,12,221,-209
113900160,391,445,-54
113900161,100,251,-151
113900162,158,564,-406
113900163,183,188,-5
113900164,393,52,341
113900165,443,268,175
113900166,57,100,-43
113900167,339,22,317
113900168,47,49,-2
113900169,122,232,-110
113900171,190,55,135
113900172,6,66,-60
113900173,16,330,-314
113900174,386,317,69
113900175,230,114,116
113900176,298,178,120
113900177,298,136,162
113900178,209,151,58
113900179,19,161,-142
113900180,93,116,-23
113900181,682,116,566
113900182,561,546,15
113900183,52,33,19
113900184,6,202,-196
113900185,123,66,57
113900186,33,24,9
113900187,22,81,-59
113900188,24,74,-50
113900189,278,190,88
113900190,148,48,100
113900191,83,99,-16
113900192,7,448,-441
113900193,8,88,-80
113900194,823,483,340
113900195,173,279,-106
113900196,7,101,-94
113900197,0,57,-57
113900198,15,278,-263
113900199,55,400,-345
113900200,10,126,-116
113900201,0,77,-77
113900202,15,130,-115
113900203,1,39,-38
113900204,7,262,-255
113900205,3,53,-50
113900206,1,109,-108
113900207,1,25,-24
113900208,1,32,-31
113900209,0,28,-28
113900210,423,457,-34
113900211,191,71,120
113900212,206,203,3
113900214,224,321,-97
113900215,92,57,35
113900216,122,266,-144
113900217,78,134,-56
113900218,150,79,71
113900219,69,462,-393
113900220,136,107,29
113900221,192,237,-45
113900222,115,485,-370
113900223,247,293,-46
113900224,18,63,-45
113900225,336,109,227
113900226,276,73,203
113900227,265,145,120
113900228,201,485,-284
113900229,45,606,-561
113900230,1863,2800,-937
113900231,136,86,50
113900232,158,65,93
113900233,104,69,35
113900234,323,336,-13
113900235,98,21,77
113900236,306,182,124
113900237,177,7,170
113900238,180,519,-339
113900239,33,124,-91
113900240,5,182,-177
113900241,94,60,34
113900242,38,150,-112
113900243,45,261,-216
113900244,133,120,13
113900245,650,238,412
113900246,9,23,-14
113900247,67,430,-363
113900248,1419,1205,214
113900249,495,459,36
113900250,25,135,-110
113900251,786,63,723
113900252,592,18,574
113900253,579,68,511
113900254,618,132,486
113900255,512,13,499
113900256,318,20,298
113900257,18,282,-264
113900258,20,204,-184
113900259,534,72,462
113900260,244,7,237
113900261,33,53,-20
113900262,119,300,-181
113900263,86,397,-311
113900264,5,186,-181
113900265,109,527,-418
113900266,36,129,-93
113900267,66,576,-510
113900268,250,446,-196
113900269,124,98,26
113900270,187,492,-305
113900271,515,365,150
113900273,16,15,1
113900274,53,28,25
113900275,14,70,-56
113900276,0,78,-78
113900277,169,4,165
113900278,174,167,7
113900279,43,38,5
113900280,1410,647,763
113900281,366,1254,-888
113900282,268,435,-167
113900283,424,384,40
113900284,776,94,682
113900285,122,16,106
113900286,23,36,-13
113900287,103,27,76
113900288,3,69,-66
113900289,326,107,219
113900290,176,224,-48
113900291,60,104,-44
113900292,14,5,9
113900293,5,153,-148
113900294,564,15,549
113900295,352,317,35
113900296,1309,331,978
113900297,2425,45,2380
113900298,17,1167,-1150
113900299,154,33,121
113900300,3304,3369,-65
113900301,615,363,252
113900302,1335,872,463
113900303,194,559,-365
113900304,1,63,-62
113900305,152,0,152
113900306,69,1,68
113900307,5,0,5
113900308,36,99,-63
113900309,0,225,-225
113900310,1,6,-5
113900311,12,2,10
113900312,173,250,-77
113900313,3,1,2
113900314,0,3,-3
113900315,48,1,47
114000001,683,1449,-766
114000002,326,247,79
114000003,202,401,-199
114000004,416,254,162
114000005,258,178,80
114000006,1140,985,155
114000007,490,725,-235
114000008,1125,1566,-441
114000009,912,202,710
114000011,2418,1625,793
114000012,2636,1148,1488
114000013,1626,792,834
114000014,472,292,180
114000015,1829,168,1661
114000016,217,100,117
114000017,121,420,-299
114000018,90,21,69
114000026,2340,732,1608
114000027,3611,1509,2102
114000028,1759,2440,-681
114000038,236,121,115
114000039,147,89,58
114000040,140,206,-66
114000042,178,84,94
114000043,247,111,136
114000044,392,96,296
114000045,35,44,-9
114000046,2146,2949,-803
114000047,24,59,-35
114000048,82,80,2
114000049,1249,1069,180
114000050,1316,1274,42
114000051,2206,1681,525
114000052,3395,1879,1516
114000053,121,530,-409
114000054,133,491,-358
114000055,186,23,163
114000056,224,1090,-866
114000057,3093,1693,1400
114000058,105,1014,-909
114000059,52,321,-269
114000060,344,641,-297
114000061,1640,2472,-832
114000062,488,1544,-1056
114000063,1086,981,105
114000064,1815,3010,-1195
114000065,1088,1555,-467
114000066,369,500,-131
114000067,32,740,-708
114000068,482,595,-113
114000069,751,468,283
114000070,1567,1469,98
114000071,651,310,341
114000072,526,174,352
114000073,20,30,-10
114000074,73,19,54
114000075,45,35,10
114000076,24,27,-3
114000077,4,16,-12
114000078,371,342,29
114000079,203,62,141
114000080,41,53,-12
114000081,80,61,19
114000082,37,192,-155
114000083,74,80,-6
114000084,257,55,202
114000085,76,290,-214
114000086,232,241,-9
114000087,140,51,89
114000088,36,34,2
114000089,343,186,157
114000090,699,835,-136
114000091,939,720,219
114000092,646,387,259
114000093,1204,626,578
114000094,276,242,34
114000095,176,162,14
114000096,60,200,-140
114000097,108,246,-138
114000098,529,92,437
114000099,775,225,550
114000100,1526,397,1129
114000101,431,268,163
114000102,617,247,370
114000103,117,204,-87
114000104,60,121,-61
114000105,145,90,55
114000106,594,1436,-842
114000107,532,110,422
114000108,998,791,207
114000109,643,1829,-1186
114000110,479,725,-246
114000111,1967,954,1013
114000112,492,1306,-814
114000113,1665,534,1131
114000114,738,813,-75
114000115,2352,1062,1290
114000116,875,2455,-1580
114000117,3596,499,3097
114000118,2960,445,2515
114000119,2002,433,1569
114000120,501,476,25
114000121,448,602,-154
114000122,418,323,95
114000123,2220,404,1816
114000124,897,294,603
114000125,902,891,11
114000126,2545,246,2299
114000127,258,110,148
114000128,813,234,579
114000130,425,355,70
114000131,313,119,194
114000132,489,325,164
114000133,466,748,-282
114000134,58,30,28
114000138,31,109,-78
114000139,380,394,-14
114000144,651,649,2
114000145,53,70,-17
114000146,67,87,-20
114000147,1242,2417,-1175
114000148,1206,1647,-441
114000149,262,291,-29
114000150,584,1092,-508
114000151,832,2604,-1772
114000152,88,36,52
114000153,604,1608,-1004
114000154,689,524,165
114000155,1329,2182,-853
114000156,697,559,138
114000157,263,1140,-877
114000158,872,583,289
114000159,157,338,-181
114000160,74,423,-349
114000161,807,2410,-1603
114000162,1003,2313,-1310
114000163,33,47,-14
114000165,539,375,164
114000166,500,332,168
114000167,1944,1251,693
114000168,375,382,-7
114000169,968,1360,-392
114000170,956,1200,-244
114000171,1184,5119,-3935
114000174,129,301,-172
114000176,304,483,-179
114000177,870,514,356
114000178,43,27,16
114000179,803,676,127
114000180,217,425,-208
114000181,1469,3795,-2326
114000182,1096,1948,-852
114000183,512,652,-140
114000184,1701,520,1181
114000185,1174,657,517
114000189,1194,153,1041
114000190,3045,486,2559
114000191,69,140,-71
114000192,91,748,-657
114000193,290,1169,-879
114000194,1209,616,593
114000195,256,62,194
114000196,1,62,-61
114000197,1856,27,1829
114000198,632,252,380
114000199,1404,1766,-362
114000200,422,740,-318
114000201,114,418,-304
114000202,854,349,505
114000203,539,493,46
114000204,121,281,-160
114000205,163,1106,-943
114000206,676,934,-258
114000207,348,668,-320
114000208,386,1026,-640
114000209,349,1046,-697
114000210,179,574,-395
114000211,1106,1029,77
114000212,672,680,-8
114000213,1385,432,953
114000214,70,70,0
114000215,190,50,140
114000216,1621,251,1370
114000217,511,130,381
114000218,180,127,53
114000219,1254,82,1172
114000220,10,410,-400
114000221,871,142,729
114000222,127,455,-328
114000223,552,130,422
114000224,41,321,-280
114000225,247,318,-71
114000226,169,198,-29
114000227,811,374,437
114000228,783,421,362
114000229,1225,813,412
114000230,1338,611,727
114000231,764,1097,-333
114000232,839,178,661
114000233,2476,107,2369
114000234,1020,574,446
114000235,985,831,154
114000236,0,241,-241
114000237,82,482,-400
114000238,98,189,-91
114000239,137,639,-502
114000240,795,851,-56
114000241,264,601,-337
114000242,621,508,113
114000243,1628,728,900
114000244,524,242,282
114000245,403,572,-169
114000246,110,43,67
114000247,766,462,304
114000248,1163,501,662
114000249,496,311,185
114000250,616,364,252
114000251,420,177,243
114000252,63,20,43
114000253,79,34,45
114000254,73,20,53
114000255,378,146,232
114000256,341,1951,-1610
114000257,534,715,-181
114000258,323,202,121
114000259,179,148,31
114000260,0,35,-35
114000261,50,30,20
114000262,281,82,199
114000263,15,3,12
114000264,1159,270,889
114000265,0,0,0
114000267,3,1278,-1275
114000268,6,567,-561
114000270,282,20,262
114000271,231,37,194
114000283,1332,287,1045
114000285,12,85,-73
114000288,112,185,-73
114000289,1343,122,1221
114000293,187,467,-280
114000294,158,175,-17
114000395,1092,23,1069
114000396,593,584,9
114000402,739,211,528
114000403,305,194,111
114000405,270,241,29
114000423,491,182,309
114000424,450,102,348
114000425,951,199,752
114000426,244,817,-573
114000427,50,43,7
114000428,134,183,-49
114000429,9,118,-109
114000432,89,48,41
114000434,24,55,-31
114000435,1,133,-132
114900001,543,376,167
114900002,625,136,489
114900003,602,525,77
114900004,218,448,-230
114900005,507,337,170
114900006,93,61,32
114900007,321,27,294
114900008,179,128,51
114900010,892,1449,-557
114900011,166,144,22
114900013,209,131,78
114900018,1334,69,1265
114900020,139,40,99
114900022,7,555,-548
114900025,423,146,277
114900026,121,114,7
114900029,190,28,162
114900030,230,133,97
114900031,440,36,404
114900032,397,15,382
114900034,29,67,-38
114900035,125,210,-85
114900036,167,239,-72
114900039,470,190,280
114900040,92,51,41
114900041,939,171,768
114900042,1041,227,814
114900044,150,36,114
114900047,216,2308,-2092
114900048,101,198,-97
114900049,32,91,-59
114900050,67,125,-58
114900051,19,140,-121
114900052,108,206,-98
114900053,147,278,-131
114900054,40,49,-9
114900057,224,22,202
114900058,0,75,-75
114900059,101,75,26
114900063,86,57,29
114900064,1798,173,1625
114900065,493,486,7
114900067,54,253,-199
114900068,52,114,-62
114900069,165,66,99
114900070,446,167,279
114900072,2,187,-185
114900073,0,94,-94
114900074,690,235,455
114900075,314,17,297
114900076,5,189,-184
114900080,883,242,641
114900082,1976,2438,-462
114900083,623,824,-201
114900090,416,240,176
114900091,62,87,-25
114900097,207,4,203
114900098,4,93,-89
114900099,245,11,234
115000001,3262,1810,1452
115000002,3430,4496,-1066
115000003,3294,1378,1916
115000004,4245,5250,-1005
115000005,1555,1448,107
115000006,1136,1279,-143
115000007,300,153,147
115000008,332,476,-144
115000009,281,176,105
115000010,231,142,89
115000013,33,171,-138
115000015,28,250,-222
115000016,35,177,-142
115000019,72,382,-310
115000020,107,850,-743
115000021,191,307,-116
115000022,461,298,163
115000023,272,438,-166
115000024,817,338,479
115000025,727,646,81
115000026,146,254,-108
115000027,266,288,-22
115000028,139,532,-393
115000029,623,61,562
115000030,536,859,-323
115000031,1012,234,778
115000032,11,211,-200
115000033,244,40,204
115000034,46,833,-787
115000035,887,68,819
115000036,0,293,-293
115000037,564,15,549
115000038,48,122,-74
115000039,2739,3151,-412
115000040,3153,2128,1025
115000041,1542,3807,-2265
115000042,672,541,131
115000043,4036,2272,1764
115000044,3176,2637,539
115000045,2118,865,1253
115000046,2708,2280,428
115000047,2462,1040,1422
115000048,1619,1240,379
115000049,1167,2196,-1029
115000050,3041,1279,1762
115000051,1408,3031,-1623
115000052,1199,1202,-3
115000053,1973,1754,219
115000054,526,660,-134
115000055,190,844,-654
115000056,232,538,-306
115000057,581,1113,-532
115000058,370,422,-52
115000059,253,139,114
115000061,90,141,-51
115000062,203,221,-18
115000063,328,259,69
115000064,197,110,87
115000065,78,442,-364
115000067,181,25,156
115000069,104,220,-116
115000070,33,618,-585
115000071,78,16,62
115000072,11,55,-44
115000073,1374,57,1317
115000075,112,46,66
115000076,2029,1570,459
115000077,1928,1219,709
115000078,1331,723,608
115000079,1120,1069,51
115000080,2187,1259,928
115000081,377,579,-202
115000082,3766,3401,365
115000083,1690,1019,671
115000084,2672,931,1741
115000085,948,480,468
115000086,1197,505,692
115000087,458,1071,-613
115000088,1613,602,1011
115000089,1060,854,206
115000090,346,701,-355
115000091,158,465,-307
115000092,748,407,341
115000093,598,4,594
115000094,3997,5363,-1366
115000095,3393,5762,-2369
115000096,820,862,-42
115000097,1357,871,486
115000098,1249,553,696
115000099,2587,1451,1136
115000100,1181,287,894
115000101,502,926,-424
115000102,565,247,318
115000103,303,444,-141
115000105,51,115,-64
115000106,664,316,348
115000107,201,271,-70
115000108,1826,1645,181
115000109,2847,4619,-1772
115000110,1067,1666,-599
115000111,471,1000,-529
115000112,728,651,77
115000113,461,563,-102
115000114,1278,512,766
115000116,2104,1970,134
115000117,2125,2075,50
115000118,1667,1560,107
115000119,1355,1731,-376
115000120,455,1188,-733
115000121,783,653,130
115000122,973,1234,-261
115000123,627,1763,-1136
115000124,621,806,-185
115000125,314,473,-159
115000126,122,267,-145
115000127,293,77,216
115000128,262,688,-426
115000129,168,340,-172
115000130,442,337,105
115000131,731,234,497
115000132,327,187,140
115000133,578,152,426
115000134,214,161,53
115000135,135,102,33
115000136,241,213,28
115000137,95,137,-42
115000138,494,228,266
115000139,278,182,96
115000140,491,160,331
115000141,227,129,98
115000142,186,122,64
115000143,1023,505,518
115000144,561,63,498
115000145,295,165,130
115000146,553,350,203
115000147,327,218,109
115000148,208,420,-212
115000149,567,176,391
115000150,468,395,73
115000151,998,372,626
115000152,533,366,167
115000153,1042,430,612
115000154,881,201,680
115000155,513,531,-18
115000156,727,600,127
115000157,357,644,-287
115000158,203,297,-94
115000159,347,494,-147
115000160,342,318,24
115000161,96,352,-256
115000162,482,690,-208
115000163,503,714,-211
115000164,600,627,-27
115000165,228,463,-235
115000167,95,67,28
115000168,332,316,16
115000169,328,485,-157
115000170,45,145,-100
115000171,192,240,-48
115000172,443,446,-3
115000173,250,551,-301
115000174,68,259,-191
115000175,149,52,97
115000176,47,38,9
115000177,38,41,-3
115000178,8,104,-96
115000179,6,24,-18
115000180,70,241,-171
115000181,697,129,568
115000182,944,216,728
115000183,349,359,-10
115000186,558,202,356
115000187,163,393,-230
115000188,379,442,-63
115000189,152,356,-204
115000190,575,471,104
115000191,83,388,-305
115000194,88,136,-48
115000195,200,274,-74
115000196,260,145,115
115000197,251,233,18
115000198,389,129,260
115000199,485,133,352
115000200,409,90,319
115000201,216,196,20
115000206,367,26,341
115000207,226,188,38
115000208,200,527,-327
115000209,602,253,349
115000210,138,132,6
115000211,188,191,-3
115000212,748,220,528
115000224,278,67,211
115000225,45,68,-23
115000229,137,91,46
115000230,120,362,-242
115000231,284,718,-434
115000232,1845,241,1604
115000233,115,140,-25
115000234,23,217,-194
115000241,102,132,-30
115000242,108,129,-21
115000243,46,71,-25
115000244,19,75,-56
115000246,59,7,52
115000247,52,23,29
115000248,42,31,11
115000249,12,24,-12
115000250,258,33,225
115000251,234,47,187
115000252,107,156,-49
115000253,30,357,-327
115000258,260,80,180
115000259,270,75,195
115000261,26,15,11
115000262,18,20,-2
115000263,19,43,-24
115000264,22,30,-8
115000267,55,83,-28
115000268,58,97,-39
115000269,83,72,11
115000270,8,12,-4
115000272,66,90,-24
115000273,509,30,479
115000280,1772,180,1592
115000281,254,816,-562
115000282,587,483,104
115000284,174,154,20
115000296,1082,9,1073
115000297,84,164,-80
115000298,35,487,-452
115000300,215,132,83
115000302,576,69,507
115000303,694,58,636
115000304,763,54,709
115000305,72,296,-224
115000306,181,110,71
115000307,90,117,-27
115000308,25,12,13
115000309,10,77,-67
115000310,1166,384,782
115000311,1182,918,264
115000313,131,261,-130
115000314,433,164,269
115000315,642,773,-131
115000316,127,112,15
115000317,108,307,-199
115000318,666,228,438
115000319,42,242,-200
115000320,14,242,-228
115000321,212,11,201
115000322,82,120,-38
115000449,108,97,11
115000557,4,1297,-1293
115000558,332,72,260
115000587,489,244,245
115000588,1760,1838,-78
115000589,3221,1961,1260
115000590,917,1192,-275
115000591,1315,648,667
115000592,394,1316,-922
115000593,1158,577,581
115000594,381,2265,-1884
115000609,204,153,51
115000617,528,2177,-1649
115000624,265,42,223
115000633,301,1187,-886
115000634,2590,607,1983
115000635,617,133,484
115000638,324,383,-59
115000641,28,239,-211
115000642,217,192,25
115000643,137,261,-124
115000644,120,208,-88
115000646,768,1482,-714
115000647,178,457,-279
115000648,2033,1130,903
115000893,1408,1209,199
115000894,126,773,-647
115000895,291,1050,-759
115000896,1001,522,479
115000897,425,145,280
115000898,392,214,178
115000899,232,1266,-1034
115000900,44,425,-381
115000901,49,156,-107
115000912,408,86,322
115000913,4,18,-14
115000915,23,11,12
115000916,16,13,3
115000917,0,6,-6
115000918,24,504,-480
115000919,8,5,3
115000920,2,37,-35
115000921,185,71,114
115000922,437,768,-331
115000923,167,1717,-1550
115000925,140,83,57
115000927,70,50,20
115000933,98,472,-374
115000934,188,131,57
115000935,151,42,109
115000936,9,655,-646
115000937,716,169,547
115000938,67,301,-234
115000939,108,192,-84
115000940,4,6,-2
115000941,17,18,-1
115000942,10,150,-140
115000943,17,84,-67
115000944,1,7,-6
115900001,180,16,164
115900002,71,106,-35
115900003,184,43,141
115900004,1,21,-20
115900005,244,17,227
115900006,103,108,-5
115900008,89,9,80
115900009,59,144,-85
115900010,376,61,315
115900011,372,148,224
115900012,213,29,184
115900013,198,109,89
115900014,123,126,-3
115900015,209,44,165
115900016,62,31,31
115900017,21,20,1
115900018,156,48,108
115900019,28,12,16
115900020,172,4,168
115900021,623,231,392
115900022,816,7,809
115900023,10,6,4
115900025,26,154,-128
115900026,462,92,370
115900027,1,125,-124
115900028,381,36,345
115900029,10,236,-226
115900030,32,38,-6
115900031,162,298,-136
115900032,408,456,-48
115900033,0,28,-28
115900034,34,183,-149
115900035,29,20,9
115900036,34,1184,-1150
115900037,40,147,-107
115900038,92,31,61
115900039,134,115,19
115900041,264,687,-423
115900042,47,11,36
115900043,145,39,106
115900044,151,227,-76
115900046,382,132,250
115900047,156,186,-30
115900049,154,137,17
115900051,9,21,-12
115900052,11,137,-126
115900053,280,81,199
115900054,343,20,323
115900055,23,92,-69
115900056,156,91,65
115900057,37,33,4
115900058,43,39,4
115900060,66,52,14
115900061,246,3,243
115900062,50,117,-67
115900063,71,12,59
115900064,142,180,-38
115900065,148,38,110
115900066,75,73,2
115900067,32,231,-199
115900068,1517,1058,459
115900069,75,145,-70
115900070,167,37,130
115900071,1,131,-130
115900072,34,80,-46
115900073,107,100,7
115900074,4,165,-161
115900075,44,146,-102
115900076,1,21,-20
115900077,6,125,-119
115900078,67,76,-9
115900079,280,11,269
115900080,252,110,142
115900081,12,33,-21
115900082,107,151,-44
115900084,563,27,536
115900085,24,57,-33
115900086,827,404,423
115900088,7,69,-62
115900089,485,366,119
115900090,495,12,483
115900091,4,20,-16
115900092,33,70,-37
115900093,4,10,-6
115900094,4,105,-101
115900096,5,10,-5
115900097,8,141,-133
115900098,263,212,51
115900099,38,46,-8
115900100,13,202,-189
115900101,198,126,72
115900102,99,33,66
115900103,274,96,178
115900104,72,51,21
115900105,355,224,131
115900106,139,19,120
115900107,90,48,42
115900108,260,28,232
115900109,49,164,-115
115900110,2,13,-11
115900111,1,66,-65
115900112,32,470,-438
115900113,88,19,69
115900114,5,96,-91
115900115,86,127,-41
115900116,57,377,-320
115900117,88,29,59
115900118,2,130,-128
115900119,110,82,28
115900120,25,151,-126
115900121,178,95,83
115900124,308,666,-358
115900125,333,31,302
115900126,750,67,683
115900127,600,29,571
115900128,4,43,-39
115900129,496,42,454
115900130,17,224,-207
115900131,290,13,277
115900132,825,7,818
115900134,286,19,267
115900135,227,887,-660
115900137,38,11,27
115900139,24,46,-22
115900140,358,29,329
115900141,5,19,-14
115900142,1,24,-23
115900143,241,281,-40
115900144,181,139,42
115900146,13,50,-37
115900147,242,214,28
115900148,128,4,124
115900149,114,9,105
115900150,109,29,80
115900151,17,89,-72
115900152,177,159,18
115900153,117,159,-42
115900154,332,262,70
115900155,0,17,-17
115900156,613,661,-48
115900157,256,317,-61
115900158,10,3,7
115900159,152,110,42
115900160,7,11,-4
115900161,27,68,-41
115900163,179,43,136
115900164,647,25,622
115900166,133,128,5
115900168,163,72,91
115900171,79,232,-153
115900172,52,87,-35
115900173,211,71,140
115900174,146,250,-104
115900175,145,139,6
115900178,2,254,-252
115900179,380,8,372
115900180,44,72,-28
115900181,192,65,127
115900182,476,84,392
115900183,18,68,-50
115900184,494,3,491
115900187,10,146,-136
115900189,1,162,-161
115900190,122,975,-853
115900191,27,133,-106
115900192,11,113,-102
115900193,173,75,98
115900194,639,36,603
115900195,357,2035,-1678
115900198,189,263,-74
115900199,240,117,123
115900200,172,163,9
115900201,347,376,-29
115900202,0,78,-78
115900203,7,27,-20
115900204,0,15,-15
115900205,60,19,41
115900206,279,92,187
115900207,64,8,56
115900208,129,50,79
115900209,4,83,-79
115900210,1,87,-86
115900211,1,64,-63
115900212,144,119,25
115900213,75,130,-55
115900214,568,104,464
115900215,40,247,-207
115900216,2,88,-86
115900217,1,23,-22
115900218,2,11,-9
115900219,135,1,134
115900220,220,4,216
115900221,128,7,121
115900222,69,41,28
115900223,12,512,-500
115900224,444,1477,-1033
115900225,40,38,2
115900226,26,29,-3
115900227,27,38,-11
115900228,5,23,-18
115900229,3,25,-22
115900230,29,77,-48
115900231,135,1,134
115900232,63,2,61
115900233,83,13,70
115900234,50,22,28
115900235,20,51,-31
115900236,11,49,-38
115900237,11,14,-3
115900238,14,4,10
115900239,16,30,-14
115900240,17,30,-13
115900241,220,41,179
115900242,172,317,-145
115900243,6,3,3
115900244,33,15,18
115900245,58,13,45
115900246,8,15,-7
115900247,16,9,7
115900248,7,2,5
115900249,5,5,0
115900250,27,17,10
115900251,2,5,-3
115900252,3,13,-10
115900253,12,7,5
115900254,6,30,-24
115900255,0,18,-18
115900256,24,30,-6
115900257,6,23,-17
115900258,3,4,-1
115900259,17,2,15
115900260,9,1,8
115900261,14,0,14
115900262,6,0,6
115900263,17,0,17
115900264,14,1,13
115900265,0,6,-6
115900266,1,16,-15
115900267,2,13,-11
115900268,1,21,-20
115900269,583,128,455
115900270,321,119,202
115900271,187,0,187
115900272,51,11,40
115900273,7,29,-22
115900274,2,4,-2
115900275,0,5,-5
115900276,0,12,-12
115900277,0,49,-49
115900278,49,69,-20
115900279,18,174,-156
115900280,22,550,-528
115900281,191,381,-190
115900282,11,21,-10
115900283,25,13,12
115900284,23,5,18
116000001,5080,2263,2817
116000002,4095,12312,-8217
116000003,993,1056,-63
116000004,2697,4211,-1514
116000005,960,2394,-1434
116000006,2257,2845,-588
116000007,1709,2022,-313
116000008,3850,2551,1299
116000009,958,1148,-190
116000010,2611,1489,1122
116000011,637,981,-344
116000012,1749,1073,676
116000013,3998,3076,922
116000014,6843,14112,-7269
116000015,123,1277,-1154
116000016,3566,3505,61
116000017,13,781,-768
116000018,500,263,237
116000019,765,299,466
116000020,589,965,-376
116000021,546,268,278
116000022,371,286,85
116000023,1246,802,444
116000024,517,676,-159
116000025,713,786,-73
116000026,1354,2588,-1234
116000027,492,600,-108
116000028,393,921,-528
116000029,412,706,-294
116000030,661,500,161
116000031,132,272,-140
116000032,309,128,181
116000033,398,385,13
116000034,652,748,-96
116000035,480,542,-62
116000036,820,2072,-1252
116000037,441,417,24
116000038,215,771,-556
116000039,242,648,-406
116000040,442,590,-148
116000041,77,509,-432
116000042,669,343,326
116000043,91,467,-376
116000044,17,37,-20
116000045,1649,1210,439
116000046,792,1376,-584
116000047,1267,1905,-638
116000048,1858,1506,352
116000049,1394,3178,-1784
116000050,1307,1132,175
116000051,5183,3055,2128
116000052,5213,4528,685
116000053,2001,760,1241
116000054,951,2321,-1370
116000055,763,829,-66
116000056,1095,1050,45
116000057,2308,1012,1296
116000058,2722,2153,569
116000059,2022,3475,-1453
116000060,1430,887,543
116000061,569,1058,-489
116000062,427,203,224
116000063,463,1232,-769
116000066,218,576,-358
116000067,175,348,-173
116000068,148,293,-145
116000069,215,189,26
116000078,548,822,-274
116000080,1680,621,1059
116000082,1,17,-16
116000083,1851,425,1426
116000084,1215,1795,-580
116000085,1967,2018,-51
116000086,1169,654,515
116000087,2549,1776,773
116000088,711,636,75
116000089,217,85,132
116000090,138,170,-32
116000091,262,353,-91
116000093,589,252,337
116000094,682,422,260
116000095,976,528,448
116000096,726,1265,-539
116000097,993,430,563
116000098,89,5819,-5730
116000099,3708,263,3445
116000100,250,19,231
116000101,1003,335,668
116000102,285,570,-285
116000103,483,252,231
116000104,184,753,-569
116000105,1085,136,949
116000106,504,894,-390
116000107,2663,373,2290
116000108,109,188,-79
116000111,128,30,98
116000113,176,131,45
116000114,47,72,-25
116000115,401,117,284
116000116,235,238,-3
116000117,1520,1456,64
116000118,1699,968,731
116000119,3223,1341,1882
116000120,2466,2289,177
116000121,837,508,329
116000122,972,856,116
116000123,1241,484,757
116000124,340,456,-116
116000125,3014,618,2396
116000126,312,823,-511
116000127,705,637,68
116000128,1958,829,1129
116000129,1391,225,1166
116000130,734,538,196
116000133,1240,716,524
116000134,1502,1062,440
116000135,2686,1166,1520
116000136,837,1176,-339
116000137,1122,594,528
116000138,885,687,198
116000139,1443,1993,-550
116000140,137,181,-44
116000141,367,296,71
116000142,2326,1642,684
116000143,1723,1466,257
116000144,1469,1286,183
116000145,1704,852,852
116000146,751,93,658
116000147,199,108,91
116000148,700,758,-58
116000149,666,599,67
116000151,467,336,131
116000153,106,278,-172
116000155,130,209,-79
116000156,530,568,-38
116000157,83,15,68
116000158,311,281,30
116000159,17,13,4
116000160,21,26,-5
116000161,5,62,-57
116000162,80,163,-83
116000163,31,9,22
116000164,1,43,-42
116000177,70,141,-71
116000194,105,328,-223
116000195,1030,556,474
116000196,11,1,10
116000197,11,14,-3
116000198,1871,871,1000
116000200,514,554,-40
116000201,581,565,16
116000202,14,156,-142
116000203,1,38,-37
116000204,13,41,-28
116000205,0,146,-146
116000206,1,338,-337
116000207,4,62,-58
116000233,152,329,-177
116000287,194,219,-25
116000288,374,137,237
116000292,44,68,-24
116000296,11,120,-109
116000297,144,18,126
116000304,179,18,161
116000305,39,51,-12
116000346,157,76,81
116000352,86,52,34
116000354,49,11,38
116000357,5,16,-11
116000358,382,76,306
116000361,118,2,116
116000372,2559,4855,-2296
116000381,112,2,110
116000388,4,38,-34
116000389,622,461,161
116000445,506,265,241
116000446,609,264,345
116000447,27,468,-441
116000448,464,141,323
116000563,606,709,-103
116000565,37,153,-116
116000568,68,369,-301
116000579,15,72,-57
116000583,131,45,86
116000584,48,9,39
116000585,47,20,27
116000586,68,70,-2
116000587,448,494,-46
116000589,33,43,-10
116000590,95,78,17
116000591,277,178,99
116000592,10,41,-31
116000593,0,14,-14
116000594,750,203,547
116000595,585,67,518
116000596,160,8,152
116000597,437,139,298
116000598,21,86,-65
116000605,177,113,64
116000606,66,326,-260
116000607,3,47,-44
116000609,88,992,-904
116000611,217,223,-6
116000612,1008,1803,-795
116000613,730,268,462
116000614,346,320,26
116000615,5,385,-380
116000616,81,63,18
116000617,124,25,99
116000618,5,43,-38
116000619,37,85,-48
116000620,219,109,110
116000621,107,103,4
116000622,74,119,-45
116000624,367,100,267
116000627,124,35,89
116000628,69,222,-153
116000629,21,161,-140
116000630,512,28,484
116000631,260,31,229
116000632,1067,53,1014
116000633,198,159,39
116000634,396,91,305
116000635,1857,2328,-471
116000636,510,1137,-627
116000637,536,65,471
116000638,137,152,-15
116000639,88,4,84
116000640,50,30,20
116000641,30,66,-36
116000643,1,65,-64
116000644,33,149,-116
116000645,27,6,21
116900001,248,113,135
116900002,193,2,191
116900003,40,24,16
116900004,38,52,-14
116900005,273,37,236
116900006,86,133,-47
116900007,136,165,-29
116900008,566,127,439
116900009,21,7,14
116900010,0,586,-586
116900011,3,13,-10
116900012,339,230,109
116900013,4,65,-61
116900014,242,61,181
116900016,259,2,257
116900017,0,260,-260
116900018,95,51,44
116900019,2,117,-115
116900020,425,1400,-975
116900023,133,11,122
116900025,1174,474,700
116900026,87,360,-273
116900027,36,33,3
116900028,7,42,-35
116900029,0,90,-90
116900031,2,4,-2
116900032,0,185,-185
116900033,26,11,15
116900034,15,22,-7
116900035,138,94,44
116900036,1,63,-62
116900038,26,5,21
116900041,44,11,33
116900042,259,184,75
116900043,16,61,-45
116900047,15,190,-175
116900049,32,177,-145
116900050,102,277,-175
116900051,207,48,159
116900052,130,47,83
116900055,0,3,-3
116900057,39,85,-46
116900058,18,263,-245
116900059,0,63,-63
116900060,127,112,15
116900062,1,11,-10
116900064,104,243,-139
116900065,49,69,-20
116900067,93,43,50
116900068,143,133,10
116900070,3,5,-2
116900072,46,142,-96
116900073,23,47,-24
116900074,7,22,-15
116900076,17,57,-40
116900077,10,59,-49
116900078,145,82,63
116900079,60,103,-43
116900080,1,9,-8
116900081,288,768,-480
116900082,312,814,-502
116900083,38,23,15
116900084,87,46,41
116900085,40,99,-59
116900086,50,114,-64
116900088,235,44,191
116900090,65,24,41
116900091,377,13,364
116900092,81,387,-306
116900093,2287,1218,1069
116900094,2513,3776,-1263
116900095,131,153,-22
116900096,65,451,-386
116900097,1464,2970,-1506
116900098,630,444,186
116900099,332,527,-195
116900100,906,50,856
116900101,200,444,-244
116900103,13,1,12
116900104,63,110,-47
116900105,270,158,112
116900106,2205,125,2080
116900107,1541,2223,-682
116900110,33,5,28
116900111,776,371,405
116900112,308,422,-114
116900113,832,1896,-1064
116900116,80,960,-880
116900117,147,126,21
116900118,788,816,-28
116900120,455,48,407
116900121,158,26,132
116900122,993,293,700
116900123,291,313,-22
116900124,127,595,-468
116900125,534,79,455
116900126,94,578,-484
116900128,0,34,-34
116900129,4,156,-152
116900130,460,3124,-2664
116900131,44,264,-220
116900132,54,118,-64
116900133,134,99,35
116900134,198,161,37
116900136,252,291,-39
116900137,218,127,91
116900138,114,106,8
116900139,109,294,-185
116900140,147,96,51
116900141,641,290,351
116900142,2,82,-80
116900143,356,164,192
116900144,21,73,-52
116900145,50,159,-109
116900147,332,1355,-1023
116900148,4,30,-26
116900149,58,264,-206
116900150,14,11,3
116900151,62,30,32
116900153,138,79,59
116900154,164,471,-307
116900155,70,70,0
116900157,597,121,476
116900158,95,281,-186
116900159,80,326,-246
116900160,721,1029,-308
116900161,3338,7376,-4038
116900162,19,38,-19
116900163,247,65,182
116900164,57,78,-21
116900165,345,386,-41
116900166,57,26,31
116900167,434,51,383
116900168,399,32,367
116900169,247,1079,-832
116900170,381,569,-188
116900171,42,71,-29
116900172,127,563,-436
116900173,187,23,164
116900174,63,52,11
116900175,136,363,-227
116900178,39,80,-41
116900179,86,433,-347
116900180,64,23,41
116900182,838,239,599
116900183,182,83,99
116900185,39,68,-29
116900186,55,106,-51
116900187,48,61,-13
116900188,129,26,103
116900189,35,1,34
116900191,292,499,-207
116900192,298,115,183
116900194,131,1525,-1394
116900195,45,27,18
116900196,9,49,-40
116900197,150,12,138
116900198,67,288,-221
116900200,112,5,107
116900201,169,4,165
116900202,82,22,60
116900203,137,3,134
116900204,65,126,-61
116900206,20,9,11
116900207,17,21,-4
116900208,15,32,-17
116900209,19,55,-36
116900210,586,318,268
116900211,257,4,253
116900212,94,19,75
116900213,160,75,85
116900214,228,115,113
116900215,42,53,-11
116900216,244,147,97
116900218,5,104,-99
116900219,895,256,639
116900220,125,220,-95
116900221,125,251,-126
116900222,431,349,82
116900223,124,247,-123
116900226,70,33,37
116900227,211,69,142
116900228,310,107,203
116900230,124,300,-176
116900233,790,97,693
116900234,26,23,3
116900235,133,177,-44
116900238,1068,248,820
116900239,4,647,-643
116900240,2912,3173,-261
116900241,117,46,71
116900242,484,725,-241
116900243,1,15,-14
116900245,43,57,-14
116900246,127,12,115
116900247,1047,20,1027
116900248,96,44,52
116900249,481,31,450
116900250,392,30,362
116900251,319,519,-200
116900252,156,510,-354
116900254,27,72,-45
116900255,96,71,25
116900256,403,86,317
116900257,33,387,-354
116900258,4,100,-96
116900259,339,16,323
116900260,2,56,-54
116900261,120,2,118
116900262,242,161,81
116900263,0,21,-21
116900264,91,41,50
116900265,51,1,50
116900266,19,19,0
116900267,6,0,6
116900268,184,99,85
116900269,262,609,-347
116900271,529,353,176
116900272,246,234,12
116900273,53,162,-109
116900274,138,43,95
116900275,162,55,107
116900276,248,232,16
116900277,249,32,217
116900278,5,5,0
116900279,6,8,-2
116900280,34,14,20
116900281,2846,4557,-1711
116900282,9,38,-29
116900283,6,67,-61
116900284,1,103,-102
116900285,123,204,-81
116900286,111,19,92
116900287,8,19,-11
116900288,111,80,31
116900289,36,14,22
116900290,11,6,5
116900291,24,19,5
116900292,0,34,-34
116900293,125,23,102
116900294,20,94,-74
116900295,85,129,-44
116900296,61,170,-109
116900297,1,86,-85
116900298,81,234,-153
116900299,13,132,-119
116900300,0,89,-89
116900301,28,359,-331
116900302,25,121,-96
116900303,92,140,-48
116900304,0,163,-163
116900305,13,14,-1
116900306,318,56,262
116900307,75,0,75
116900308,2,39,-37
116900309,105,48,57
116900310,23,47,-24
117000001,2128,1830,298
117000002,1827,3134,-1307
117000003,5016,2902,2114
117000004,2191,3668,-1477
117000005,2517,1911,606
117000006,911,2004,-1093
117000007,4786,1085,3701
117000008,749,2253,-1504
117000009,4054,1597,2457
117000010,1669,2358,-689
117000011,2591,1281,1310
117000012,1176,938,238
117000013,1857,732,1125
117000014,1172,1876,-704
117000015,1960,1113,847
117000016,163,285,-122
117000017,121,278,-157
117000018,74,688,-614
117000019,52,53,-1
117000020,404,1459,-1055
117000021,1027,643,384
117000022,193,266,-73
117000023,58,489,-431
117000024,78,555,-477
117000025,249,1705,-1456
117000026,1474,2211,-737
117000027,719,3039,-2320
117000028,844,2005,-1161
117000030,301,422,-121
117000031,380,330,50
117000032,1162,1089,73
117000033,1232,641,591
117000034,397,248,149
117000035,373,352,21
117000036,462,225,237
117000037,325,196,129
117000038,150,417,-267
117000039,336,203,133
117000040,231,485,-254
117000041,1034,110,924
117000044,9,453,-444
117000045,549,87,462
117000046,370,706,-336
117000047,935,604,331
117000048,1247,570,677
117000049,72,385,-313
117000050,123,1124,-1001
117000051,2347,52,2295
117000052,30,228,-198
117000053,559,14,545
117000054,1751,6,1745
117000055,53,1589,-1536
117000056,594,24,570
117000057,442,1622,-1180
117000060,411,795,-384
117000061,1924,943,981
117000062,173,503,-330
117000063,1842,1056,786
117000064,489,515,-26
117000066,444,615,-171
117000067,96,511,-415
117000074,72,172,-100
117000076,77,50,27
117000077,146,182,-36
117000078,96,446,-350
117000079,414,218,196
117000080,1,259,-258
117000081,1095,113,982
117000082,9,47,-38
117000083,202,4,198
117000084,157,0,157
117000085,316,707,-391
117000086,640,281,359
117000087,63,481,-418
117000088,323,132,191
117000089,1926,198,1728
117000090,273,783,-510
117000091,967,207,760
117000092,313,709,-396
117000093,1345,660,685
117000094,1128,1600,-472
117000095,3579,752,2827
117000096,637,1485,-848
117000097,1588,879,709
117000098,1673,2257,-584
117000099,3961,1076,2885
117000100,202,302,-100
117000101,137,644,-507
117000102,2100,683,1417
117000103,623,980,-357
117000104,1654,592,1062
117000105,560,1005,-445
117000106,1581,634,947
117000107,431,1113,-682
117000108,2104,860,1244
117000109,936,1605,-669
117000110,1800,1251,549
117000111,3303,3208,95
117000112,3170,1208,1962
117000113,120,139,-19
117000114,248,108,140
117000115,81,60,21
117000116,166,169,-3
117000117,1177,952,225
117000118,282,146,136
117000119,118,325,-207
117000120,93,894,-801
117000121,16,868,-852
117000122,428,927,-499
117000123,1359,41,1318
117000124,147,133,14
117000125,136,435,-299
117000126,68,18,50
117000127,106,326,-220
117000128,133,724,-591
117000129,264,1152,-888
117000130,143,25,118
117000131,0,92,-92
117000132,2986,12,2974
117000133,1994,30,1964
117000134,1,93,-92
117000135,6,111,-105
117000136,0,32,-32
117000137,173,149,24
117000138,2,554,-552
117000140,391,949,-558
117000141,1792,486,1306
117000181,287,162,125
117000182,919,710,209
117000195,102,478,-376
117000196,282,127,155
117000225,50,125,-75
117000226,8,182,-174
117000276,331,24,307
117000277,1,156,-155
117000310,1188,1870,-682
117000315,151,519,-368
117000320,89,0,89
117000906,449,19,430
117000907,16,170,-154
117000909,51,43,8
117000910,262,138,124
117000911,71,120,-49
117000915,11,199,-188
117000916,70,1,69
117000917,1282,24,1258
117000918,64,60,4
117000919,21,23,-2
117000920,3,669,-666
117000921,0,472,-472
117000922,21,32,-11
117000924,498,561,-63
117000926,407,191,216
117000927,278,688,-410
117000928,1,72,-71
117000929,295,217,78
117000930,383,25,358
117000931,91,112,-21
117900002,74,462,-388
117900003,281,302,-21
117900005,14,149,-135
117900006,0,33,-33
117900007,169,61,108
117900008,0,9,-9
117900010,382,64,318
117900011,16,371,-355
117900012,72,59,13
117900013,1,160,-159
117900014,670,139,531
117900015,10,58,-48
117900016,805,753,52
117900017,548,391,157
117900018,194,345,-151
117900019,564,256,308
117900020,55,483,-428
117900021,38,49,-11
117900023,1281,107,1174
117900024,74,97,-23
117900025,53,12,41
117900026,456,148,308
117900028,42,6,36
117900029,262,320,-58
117900030,608,225,383
117900031,132,243,-111
117900032,887,674,213
117900033,278,329,-51
117900034,51,12,39
117900035,201,95,106
117900036,266,222,44
117900037,177,64,113
117900038,33,109,-76
117900039,2,26,-24
117900040,152,175,-23
117900041,3,46,-43
117900042,2540,224,2316
117900043,14,41,-27
117900044,19,3267,-3248
117900045,263,133,130
117900048,381,145,236
117900049,323,236,87
117900050,11,254,-243
117900051,15,4,11
117900052,81,406,-325
117900053,1737,306,1431
117900054,22,24,-2
117900055,670,150,520
117900056,20,60,-40
117900057,799,994,-195
117900058,35,38,-3
117900059,148,88,60
117900060,2776,2683,93
117900061,33,316,-283
117900063,350,154,196
117900065,456,751,-295
117900066,16,74,-58
117900067,629,115,514
117900069,770,153,617
117900070,68,100,-32
117900071,124,76,48
117900073,636,205,431
117900074,48,207,-159
117900075,65,43,22
117900076,31,68,-37
117900077,449,97,352
117900078,333,742,-409
117900080,161,38,123
117900081,272,276,-4
117900082,422,342,80
117900083,413,242,171
117900086,170,36,134
117900087,125,16,109
117900088,1697,1337,360
117900089,2185,689,1496
117900090,531,325,206
117900091,56,65,-9
117900092,81,35,46
117900093,108,32,76
117900094,34,36,-2
117900095,460,741,-281
117900096,146,193,-47
117900097,411,36,375
117900098,37,13,24
117900099,191,241,-50
117900100,271,1,270
117900101,437,1961,-1524
117900102,96,21,75
117900103,47,1,46
117900104,10,274,-264
117900105,93,151,-58
117900106,126,45,81
117900107,34,0,34
117900109,737,327,410
117900110,161,2,159
117900111,443,21,422
117900112,50,11,39
117900113,1246,1640,-394
117900114,28,0,28
117900115,72,172,-100
117900116,566,601,-35
117900117,660,199,461
117900118,127,0,127
117900119,251,66,185
117900120,291,24,267
117900121,92,25,67
117900122,973,3838,-2865
117900123,601,333,268
117900124,608,416,192
117900125,1348,1658,-310
117900126,164,406,-242
117900127,454,193,261
117900128,325,284,41
117900129,85,0,85
117900130,562,287,275
117900131,3,53,-50
117900132,23,74,-51
117900133,16,67,-51
117900134,38,238,-200
117900135,15,84,-69
117900136,0,26,-26
117900137,23,130,-107
117900138,0,19,-19
117900139,99,61,38
117900140,3122,412,2710
117900141,100,162,-62
117900142,42,139,-97
117900144,30,619,-589
117900145,22,102,-80
117900146,128,185,-57
117900147,87,37,50
117900148,1750,1686,64
117900149,147,115,32
117900150,42,34,8
117900151,50,69,-19
117900152,63,66,-3
117900153,13,89,-76
117900154,435,455,-20
117900156,552,568,-16
117900157,64,448,-384
117900158,241,105,136
117900160,693,712,-19
117900161,1436,1174,262
117900162,497,328,169
117900163,12,349,-337
117900165,0,18,-18
117900166,114,494,-380
117900168,46,161,-115
117900169,2,83,-81
117900170,2,33,-31
117900171,2,31,-29
117900172,16,23,-7
117900173,89,121,-32
117900174,17,52,-35
117900175,3,21,-18
117900176,15,16,-1
117900177,24,34,-10
117900178,79,32,47
117900180,199,36,163
117900181,48,441,-393
117900182,3,36,-33
117900183,107,143,-36
117900184,20,39,-19
117900185,66,43,23
117900186,62,14,48
117900187,28,8,20
117900188,143,46,97
117900189,86,28,58
117900190,33,5,28
117900191,92,2,90
117900192,285,2,283
117900193,7,33,-26
117900194,11,10,1
117900195,27,56,-29
117900196,11,31,-20
117900207,134,151,-17
117900208,16,22,-6
117900209,141,111,30
117900210,70,132,-62
117900211,1,106,-105
117900212,115,121,-6
117900213,20,25,-5
117900214,11,15,-4
117900215,53,39,14
117900216,35,23,12
117900217,29,221,-192
117900218,85,138,-53
117900219,3,120,-117
117900220,48,187,-139
117900222,184,136,48
117900223,98,246,-148
118000001,547,1304,-757
118000002,370,1193,-823
118000003,2100,3447,-1347
118000004,1870,2420,-550
118000005,2382,3953,-1571
118000006,2280,5720,-3440
118000007,3428,4245,-817
118000008,1534,2706,-1172
118000009,1384,2282,-898
118000010,4873,3025,1848
118000011,1363,1111,252
118000012,723,1006,-283
118000013,1653,1428,225
118000014,1709,1324,385
118000016,190,227,-37
118000017,601,288,313
118000018,358,319,39
118000019,1261,1708,-447
118000020,807,2438,-1631
118000021,564,2519,-1955
118000022,982,577,405
118000023,518,216,302
118000024,609,845,-236
118000027,6940,8632,-1692
118000029,391,662,-271
118000032,319,2602,-2283
118000033,2047,4764,-2717
118000034,3035,2603,432
118000035,1889,2510,-621
118000036,671,1088,-417
118000037,608,830,-222
118000038,263,78,185
118000039,74,97,-23
118000040,1352,1007,345
118000041,2382,1181,1201
118000045,234,211,23
118000046,759,832,-73
118000047,474,1256,-782
118000048,1187,1972,-785
118000051,1834,3126,-1292
118000052,1259,1574,-315
118000053,137,272,-135
118000054,1694,724,970
118000055,1317,1108,209
118000056,320,379,-59
118000057,190,410,-220
118000058,1494,2567,-1073
118000059,1327,1888,-561
118000060,1080,451,629
118000061,1031,878,153
118000062,466,230,236
118000063,249,773,-524
118000064,489,1172,-683
118000065,1447,1258,189
118000066,958,2291,-1333
118000067,362,617,-255
118000068,875,5241,-4366
118000069,1363,1033,330
118000070,3079,1461,1618
118000071,1966,5909,-3943
118000072,682,1840,-1158
118000073,496,875,-379
118000074,368,387,-19
118000075,683,206,477
118000076,1171,3058,-1887
118000077,904,1311,-407
118000078,1461,2383,-922
118000079,197,364,-167
118000080,645,866,-221
118000081,1471,1528,-57
118000082,296,1179,-883
118000083,974,1622,-648
118000084,2296,1618,678
118000086,233,483,-250
118000087,2704,2006,698
118000088,1165,1317,-152
118000089,2691,1910,781
118000090,818,2266,-1448
118000091,933,2622,-1689
118000092,680,479,201
118000093,52,551,-499
118000096,401,622,-221
118000097,640,729,-89
118000098,223,155,68
118000099,805,431,374
118000101,1220,336,884
118000102,587,721,-134
118000107,1099,395,704
118000108,444,2566,-2122
118000110,1,52,-51
118000111,0,158,-158
118000112,708,3,705
118000113,11,258,-247
118000114,430,9,421
118000115,3,13,-10
118000116,20,1,19
118000117,679,614,65
118000118,742,1356,-614
118000119,794,1254,-460
118000120,1148,919,229
118000121,46,668,-622
118000122,774,323,451
118000123,79,306,-227
118000125,933,627,306
118000126,473,1428,-955
118000127,1209,707,502
118000128,354,1081,-727
118000129,995,377,618
118000130,1455,2007,-552
118000131,289,475,-186
118000132,2531,1911,620
118000133,1052,464,588
118000135,436,443,-7
118000136,181,531,-350
118000137,409,77,332
118000138,444,318,126
118000139,436,78,358
118000140,2334,5144,-2810
118000141,2072,1363,709
118000142,1870,1209,661
118000143,2462,1251,1211
118000144,905,495,410
118000145,1582,1018,564
118000146,1287,432,855
118000147,990,1012,-22
118000148,534,807,-273
118000149,1026,722,304
118000150,491,276,215
118000151,621,335,286
118000153,1471,852,619
118000154,1365,1407,-42
118000155,1723,1055,668
118000156,1432,2107,-675
118000157,601,257,344
118000158,250,372,-122
118000159,21,70,-49
118000160,566,378,188
118000161,592,428,164
118000162,1310,814,496
118000163,931,699,232
118000164,1624,1281,343
118000168,440,552,-112
118000169,731,653,78
118000170,2249,2092,157
118000171,380,244,136
118000172,100,170,-70
118000173,918,975,-57
118000175,246,438,-192
118000176,320,615,-295
118000177,279,646,-367
118000178,37,44,-7
118000179,853,1237,-384
118000180,681,615,66
118000181,652,239,413
118000182,285,212,73
118000183,234,274,-40
118000184,957,501,456
118000185,779,1432,-653
118000186,752,1131,-379
118000187,1559,425,1134
118000188,445,77,368
118000189,629,265,364
118000190,5,9,-4
118000191,31,14,17
118000192,36,112,-76
118000193,17,226,-209
118000194,929,652,277
118000195,229,1519,-1290
118000196,112,246,-134
118000197,69,173,-104
118000198,379,721,-342
118000199,224,465,-241
118000200,84,232,-148
118000201,200,593,-393
118000202,34,92,-58
118000203,303,708,-405
118000204,66,348,-282
118000205,60,237,-177
118000206,191,211,-20
118000207,1,35,-34
118000208,1058,1046,12
118000209,1979,1006,973
118000210,95,45,50
118000211,48,36,12
118000213,766,2951,-2185
118000214,262,598,-336
118000215,285,84,201
118000216,2502,940,1562
118000217,21,56,-35
118000218,91,73,18
118000219,312,193,119
118000220,4,39,-35
118000221,329,326,3
118000222,70,9,61
118000223,44,36,8
118000224,80,69,11
118000225,119,563,-444
118000226,881,182,699
118000227,540,295,245
118000228,63,217,-154
118000229,56,161,-105
118000230,135,138,-3
118000231,51,174,-123
118000232,791,364,427
118000233,1103,538,565
118000234,520,104,416
118000236,293,195,98
118000237,115,172,-57
118000238,256,106,150
118000239,351,219,132
118000240,188,110,78
118000241,199,109,90
118000242,387,227,160
118000243,278,129,149
118000244,78,58,20
118000246,1,29,-28
118000255,84,257,-173
118000256,144,199,-55
118000259,7,49,-42
118000260,215,53,162
118000261,45,9,36
118000263,63,78,-15
118000266,158,149,9
118000267,1,134,-133
118000268,187,2,185
118000270,101,7,94
118000271,206,204,2
118000272,143,15,128
118000273,154,69,85
118000274,63,231,-168
118000276,412,198,214
118000295,16,120,-104
118000298,100,188,-88
118000299,66,114,-48
118000301,0,115,-115
118000302,75,45,30
118000311,755,76,679
118000312,264,123,141
118000313,33,57,-24
118000314,153,20,133
118000315,11,20,-9
118000316,745,403,342
118000325,41,10,31
118000326,50,20,30
118000331,41,21,20
118000332,14,22,-8
118000333,34,27,7
118000335,383,0,383
118000336,1,142,-141
118000407,185,50,135
118000457,4,56,-52
118000465,799,2953,-2154
118000480,54,42,12
118000489,7,361,-354
118000490,19,150,-131
118000492,338,155,183
118000510,33,23,10
118000514,95,308,-213
118000515,590,694,-104
118000517,211,160,51
118000524,127,293,-166
118000525,460,506,-46
118000530,8,49,-41
118000531,379,232,147
118000532,254,202,52
118000533,259,130,129
118000534,554,316,238
118000535,310,159,151
118000536,131,715,-584
118000537,16,118,-102
118000538,34,89,-55
118000539,3,62,-59
118000540,204,101,103
118000541,159,40,119
118000542,95,143,-48
118000543,130,193,-63
118000546,41,24,17
118000553,0,0,0
118000557,0,0,0
118000560,1076,1942,-866
118000562,32,76,-44
118000563,984,867,117
118000576,254,92,162
118000577,239,167,72
118000578,149,68,81
118000579,465,1152,-687
118000583,0,3,-3
118000595,213,121,92
118000596,0,220,-220
118000597,149,103,46
118000598,4,1,3
118000599,82,45,37
118000600,3,6,-3
118000601,3,1,2
118000602,1,8,-7
118000603,1,18,-17
118000605,71,83,-12
118000606,11,33,-22
118900001,304,1052,-748
118900002,679,771,-92
118900003,521,17,504
118900004,44,21,23
118900005,161,11,150
118900006,127,1,126
118900007,8,1,7
118900008,1093,56,1037
118900009,81,49,32
118900010,67,3,64
118900011,107,24,83
118900012,327,170,157
118900013,629,243,386
118900015,254,55,199
118900016,7,3,4
118900017,101,289,-188
118900018,1046,44,1002
118900019,14,7,7
118900020,112,171,-59
118900021,97,240,-143
118900022,143,95,48
118900023,109,79,30
118900024,101,161,-60
118900025,54,17,37
118900026,64,41,23
118900027,323,121,202
118900028,152,120,32
118900029,269,574,-305
118900030,439,49,390
118900031,191,50,141
118900032,293,88,205
118900033,293,518,-225
118900034,140,27,113
118900035,87,76,11
118900036,1200,526,674
118900037,250,422,-172
118900038,470,60,410
118900039,522,140,382
118900040,250,121,129
118900041,515,165,350
118900042,184,93,91
118900045,402,185,217
118900046,598,369,229
118900047,370,233,137
118900048,94,328,-234
118900049,69,50,19
118900050,86,28,58
118900051,84,145,-61
118900052,173,413,-240
118900053,47,113,-66
118900054,122,29,93
118900055,107,51,56
118900056,57,244,-187
118900057,613,473,140
118900058,360,289,71
118900059,21,91,-70
118900060,83,120,-37
118900062,553,142,411
118900064,230,577,-347
118900065,48,82,-34
118900066,128,52,76
118900067,2091,3420,-1329
118900068,4,165,-161
118900069,458,197,261
118900071,6,40,-34
118900072,376,319,57
118900073,181,104,77
118900074,171,77,94
118900075,80,28,52
118900076,200,144,56
118900077,231,144,87
118900078,15,5,10
118900079,66,101,-35
118900080,19,70,-51
118900081,49,56,-7
118900082,1287,173,1114
118900083,18,2,16
118900084,23,18,5
118900085,557,471,86
118900086,32,108,-76
118900087,44,298,-254
118900088,0,2,-2
118900089,43,26,17
118900090,513,187,326
118900091,125,202,-77
118900092,162,48,114
118900093,72,35,37
118900096,72,116,-44
118900097,242,281,-39
118900099,70,183,-113
118900100,107,147,-40
118900101,53,114,-61
118900102,53,53,0
118900103,31,84,-53
118900104,63,28,35
118900105,138,72,66
118900107,75,46,29
118900108,78,47,31
118900110,940,812,128
118900111,617,356,261
118900112,87,175,-88
118900113,90,233,-143
118900114,14,49,-35
118900115,71,350,-279
118900116,102,197,-95
118900117,135,176,-41
118900118,246,226,20
118900119,150,119,31
118900120,106,242,-136
118900121,9,64,-55
118900122,8,907,-899
118900123,150,161,-11
118900124,104,132,-28
118900126,37,313,-276
118900129,230,201,29
118900130,54,226,-172
118900131,235,99,136
118900132,268,205,63
118900133,10,79,-69
118900135,157,123,34
118900136,180,270,-90
118900137,23,43,-20
118900139,286,109,177
118900140,402,363,39
118900141,63,45,18
118900144,172,198,-26
118900145,71,43,28
118900146,342,462,-120
118900147,128,252,-124
118900148,81,69,12
118900150,112,460,-348
118900152,518,390,128
118900157,66,198,-132
118900158,109,34,75
118900159,2,116,-114
118900161,50,13,37
118900163,41,59,-18
118900164,1,62,-61
118900165,53,68,-15
118900166,57,0,57
118900167,78,50,28
118900168,13,180,-167
118900169,123,107,16
118900170,191,50,141
118900171,30,57,-27
118900174,55,43,12
118900175,395,327,68
118900176,171,236,-65
118900177,56,52,4
118900178,53,106,-53
118900179,2,7,-5
118900181,135,46,89
118900182,53,43,10
118900183,48,79,-31
118900184,234,73,161
118900185,72,53,19
118900186,102,100,2
118900187,201,239,-38
118900188,244,217,27
118900189,56,686,-630
118900190,27,158,-131
118900191,261,27,234
118900192,277,9,268
118900193,753,7,746
118900195,147,314,-167
118900196,32,129,-97
118900197,155,22,133
118900198,38,7,31
118900199,80,31,49
118900200,27,31,-4
118900201,25,68,-43
118900202,11,30,-19
118900203,17,4,13
118900204,20,6,14
118900205,0,3,-3
118900206,0,10,-10
119000001,1255,1905,-650
119000002,3475,3097,378
119000003,2904,610,2294
119000004,2195,1160,1035
119000005,1855,1727,128
119000006,3684,1488,2196
119000007,3013,2678,335
119000008,1693,1121,572
119000009,2847,4856,-2009
119000010,3788,3434,354
119000011,2122,2430,-308
119000012,1155,2437,-1282
119000013,2714,1614,1100
119000014,1160,1757,-597
119000019,228,87,141
119000020,2499,1201,1298
119000021,4581,2596,1985
119000022,1155,2667,-1512
119000023,262,180,82
119000024,1323,11788,-10465
119000025,2747,734,2013
119000026,59,486,-427
119000027,143,241,-98
119000028,1191,395,796
119000029,79,245,-166
119000030,478,620,-142
119000031,869,507,362
119000032,1456,1643,-187
119000033,1965,975,990
119000034,902,500,402
119000035,17,200,-183
119000036,2099,518,1581
119000037,1226,769,457
119000038,161,401,-240
119000039,472,225,247
119000040,652,599,53
119000041,539,1091,-552
119000048,2070,1582,488
119000049,1913,1185,728
119000050,1165,1090,75
119000051,1835,826,1009
119000052,1660,2037,-377
119000053,1435,836,599
119000054,3036,1629,1407
119000055,4598,2070,2528
119000056,2972,1620,1352
119000057,1347,1059,288
119000058,1467,958,509
119000059,968,905,63
119000060,1273,738,535
119000061,934,487,447
119000062,825,920,-95
119000063,642,379,263
119000064,673,725,-52
119000065,1614,2610,-996
119000066,2002,1047,955
119000067,1682,1274,408
119000068,1502,779,723
119000069,1558,1412,146
119000070,2573,582,1991
119000071,319,458,-139
119000072,3425,2054,1371
119000073,2903,5822,-2919
119000074,1337,1228,109
119000075,3093,1516,1577
119000076,220,1011,-791
119000077,459,522,-63
119000078,434,238,196
119000079,150,513,-363
119000080,725,156,569
119000081,180,211,-31
119000082,832,157,675
119000083,578,305,273
119000084,239,275,-36
119000085,378,120,258
119000086,325,445,-120
119000087,897,428,469
119000088,305,176,129
119000089,95,177,-82
119000090,89,82,7
119000091,74,320,-246
119000092,259,117,142
119000093,2976,1817,1159
119000094,3516,4023,-507
119000095,1908,2323,-415
119000097,1397,851,546
119000098,938,2892,-1954
119000099,2068,870,1198
119000100,3700,2662,1038
119000101,3393,1293,2100
119000102,608,1348,-740
119000103,1185,622,563
119000104,1355,862,493
119000105,810,2305,-1495
119000106,374,649,-275
119000107,1014,475,539
119000108,398,482,-84
119000109,123,577,-454
119000110,226,392,-166
119000111,28,644,-616
119000112,132,114,18
119000113,1078,269,809
119000114,1196,906,290
119000115,177,110,67
119000116,82,93,-11
119000117,126,304,-178
119000118,3,1,2
119000123,3435,2468,967
119000124,792,140,652
119000125,4453,446,4007
119000126,1521,462,1059
119000127,678,262,416
119000128,8,3,5
119000131,1041,334,707
119000132,4,2,2
119000133,0,3,-3
119000134,993,458,535
119000135,218,177,41
119000136,302,91,211
119000137,324,175,149
119000138,657,115,542
119000139,212,88,124
119000140,297,280,17
119000284,924,1563,-639
119000285,1473,1327,146
119000286,3412,2926,486
119000287,1009,1249,-240
119000288,1706,736,970
119000289,970,1641,-671
119000290,219,201,18
119000291,13,133,-120
119000293,135,138,-3
119000294,71,32,39
119000295,694,177,517
119000296,352,134,218
119000297,0,0,0
119000299,0,0,0
119000302,1177,955,222
119000303,40,144,-104
119000304,0,0,0
119000310,0,0,0
119000314,1095,9969,-8874
119000315,0,125,-125
119000316,204,51,153
119000317,129,112,17
119900001,172,1434,-1262
119900002,132,189,-57
119900003,20,477,-457
119900004,222,1789,-1567
119900005,216,61,155
119900006,142,384,-242
119900007,707,289,418
119900008,115,36,79
119900009,505,434,71
119900010,498,866,-368
119900011,17,165,-148
119900012,17,119,-102
119900013,2110,1457,653
119900014,336,168,168
119900015,196,39,157
119900016,42,38,4
119900017,37,70,-33
119900018,1159,957,202
119900019,58,10,48
119900020,127,162,-35
119900021,169,54,115
119900022,72,852,-780
119900023,313,2093,-1780
119900025,401,41,360
119900026,403,165,238
119900027,36,9,27
119900028,261,174,87
119900029,6,5,1
119900030,447,362,85
119900031,57,626,-569
119900033,1592,307,1285
119900034,656,72,584
119900037,308,24,284
119900038,37,334,-297
119900039,31,8,23
119900040,105,27,78
119900041,159,9,150
119900042,256,213,43
119900043,88,95,-7
119900044,160,874,-714
119900046,166,32,134
119900047,441,144,297
119900048,254,27,227
119900049,205,6,199
119900050,74,103,-29
119900051,1003,14,989
119900052,51,13,38
119900053,306,122,184
119900054,279,11,268
119900055,1302,491,811
119900057,297,39,258
119900058,361,7,354
119900059,77,23,54
119900060,353,14,339
119900061,272,6,266
119900062,105,12,93
119900063,3,57,-54
119900065,195,12,183
119900067,163,19,144
119900068,687,5,682
119900069,97,6,91
119900070,1068,9,1059
119900071,628,35,593
119900073,1092,521,571
119900074,43,23,20
119900075,1751,2024,-273
119900076,699,191,508
119900077,981,397,584
119900078,818,674,144
119900079,613,146,467
119900080,341,216,125
119900081,702,46,656
119900082,1750,217,1533
119900083,305,93,212
119900084,385,234,151
119900085,50,39,11
119900086,394,487,-93
119900087,650,462,188
119900088,27,26,1
119900089,28,193,-165
119900090,85,41,44
119900091,55,361,-306
119900092,14,230,-216
119900093,1116,211,905
119900094,42,176,-134
119900095,214,111,103
119900096,42,92,-50
119900097,329,162,167
119900098,46,43,3
119900099,24,100,-76
119900100,996,2462,-1466
119900101,88,1130,-1042
119900102,51,161,-110
119900103,54,142,-88
119900104,37,83,-46
119900105,460,2624,-2164
119900106,8,77,-69
119900107,225,1156,-931
119900108,2806,488,2318
119900109,17,109,-92
119900110,672,321,351
119900111,95,131,-36
119900112,657,506,151
119900113,69,173,-104
119900114,223,557,-334
119900115,436,453,-17
119900116,115,374,-259
119900117,351,300,51
119900118,99,405,-306
119900119,211,155,56
119900120,457,367,90
119900121,522,400,122
119900122,293,204,89
119900123,173,252,-79
119900124,195,332,-137
119900125,39,183,-144
119900126,2165,173,1992
119900127,1113,651,462
119900128,455,367,88
119900129,286,182,104
119900130,22,162,-140
119900131,64,102,-38
119900132,11,147,-136
119900133,43,121,-78
119900134,670,119,551
119900135,0,185,-185
119900136,156,237,-81
119900138,205,335,-130
119900139,33,92,-59
119900140,0,80,-80
119900141,45,694,-649
119900142,2,17,-15
119900143,26,160,-134
119900144,1008,204,804
119900145,72,72,0
119900146,98,153,-55
119900147,2,105,-103
119900148,202,43,159
119900149,437,4075,-3638
119900150,91,99,-8
119900151,1067,610,457
119900152,187,152,35
119900153,234,54,180
119900154,48,196,-148
119900155,27,30,-3
119900156,12,8,4
119900157,192,139,53
119900158,215,41,174
119900159,7,478,-471
119900160,28,59,-31
119900161,117,56,61
119900162,918,862,56
119900163,94,143,-49
119900164,6,6,0
119900165,143,65,78
119900166,87,36,51
119900167,49,52,-3
119900168,1018,389,629
119900169,31,250,-219
119900170,162,208,-46
119900171,960,326,634
119900172,78,21,57
119900173,4,175,-171
119900174,0,82,-82
119900175,1357,436,921
119900177,10,108,-98
119900178,2,85,-83
119900179,108,542,-434
119900180,1020,720,300
119900181,35,93,-58
119900182,15,114,-99
119900183,122,478,-356
119900184,809,316,493
119900185,88,267,-179
119900186,23,1107,-1084
119900187,1,160,-159
119900188,85,190,-105
119900189,257,248,9
119900190,83,259,-176
119900191,177,300,-123
119900192,35,124,-89
119900193,448,118,330
119900194,23,58,-35
119900195,10,77,-67
119900196,371,143,228
119900197,279,139,140
119900198,142,102,40
119900199,131,25,106
119900200,557,570,-13
119900201,219,134,85
119900202,53,292,-239
119900203,174,521,-347
119900204,355,164,191
119900205,927,339,588
119900206,301,152,149
119900208,193,201,-8
119900209,516,1521,-1005
119900210,44,33,11
119900211,119,3,116
119900212,384,282,102
119900213,16,51,-35
119900214,85,51,34
119900215,80,35,45
119900216,20,36,-16
119900217,18,52,-34
119900218,25,80,-55
119900219,10,91,-81
119900220,22,64,-42
119900221,44,118,-74
119900222,68,90,-22
119900223,14,37,-23
119900224,23,13,10
119900225,508,53,455
119900226,254,1509,-1255
119900227,330,217,113
119900228,201,139,62
119900229,332,323,9
119900230,936,311,625
119900231,327,156,171
119900232,145,130,15
119900233,75,8,67
119900234,36,27,9
119900235,12,52,-40
119900236,26,90,-64
119900237,29,216,-187
119900238,1,53,-52
119900240,104,70,34
119900241,192,197,-5
119900242,859,1219,-360
119900244,456,854,-398
119900245,119,157,-38
119900246,285,513,-228
119900247,22,135,-113
119900248,51,263,-212
119900249,205,129,76
119900253,940,332,608
119900254,91,975,-884
119900255,107,745,-638
119900256,795,352,443
119900257,121,9,112
119900258,215,15,200
119900259,17,47,-30
119900260,147,4,143
119900261,339,101,238
119900262,0,91,-91
119900263,1045,241,804
119900264,144,93,51
119900265,617,251,366
119900266,408,122,286
119900267,211,299,-88
119900268,281,69,212
119900269,1195,482,713
119900271,24,66,-42
119900272,362,364,-2
119900275,172,56,116
119900276,79,4,75
119900277,23,6,17
119900278,134,98,36
119900279,95,259,-164
119900280,437,88,349
119900281,1,277,-276
119900282,48,183,-135
119900283,35,137,-102
119900284,35,138,-103
119900285,20,79,-59
119900286,1,6,-5
119900288,6,9,-3
119900289,3,12,-9
119900290,6,14,-8
119900291,0,37,-37
119900292,54,87,-33
119900293,33,71,-38
119900294,32,56,-24
119900295,69,40,29
119900296,84,87,-3
119900297,0,26,-26
119900298,9,5,4
119900299,91,89,2
119900300,280,107,173
119900301,20,41,-21
119900302,15,35,-20
119900303,319,125,194
119900304,127,13,114
119900305,1,49,-48
119900306,40,3,37
119900307,54,27,27
119900308,9,12,-3
119900309,35,139,-104
119900310,220,197,23
119900311,126,64,62
119900312,111,41,70
119900313,309,192,117
119900314,169,374,-205
119900315,1919,953,966
119900318,25,56,-31
119900319,0,94,-94
119900320,223,240,-17
119900321,126,5,121
120000001,5067,18493,-13426
120000002,2206,1790,416
120000003,2071,1246,825
120000004,2124,1220,904
120000005,2062,1395,667
120000006,1051,1015,36
120000007,2278,3165,-887
120000008,838,1026,-188
120000009,1446,823,623
120000010,1702,1660,42
120000011,873,1070,-197
120000012,1438,1413,25
120000013,3048,2178,870
120000014,631,1012,-381
120000015,2251,1191,1060
120000016,3653,1938,1715
120000017,2933,2444,489
120000018,2753,11899,-9146
120000019,1085,1329,-244
120000020,2464,3270,-806
120000021,1750,2196,-446
120000022,2326,3397,-1071
120000023,1182,1441,-259
120000024,1193,2221,-1028
120000025,2406,1482,924
120000026,2718,1505,1213
120000027,2214,1874,340
120000028,900,3491,-2591
120000029,819,1576,-757
120000030,785,711,74
120000031,1537,4305,-2768
120000032,4483,2824,1659
120000033,4164,1313,2851
120000034,2239,1044,1195
120000035,2446,1518,928
120000036,3196,4479,-1283
120000037,572,1511,-939
120000038,3406,2699,707
120000039,651,703,-52
120000040,194,630,-436
120000041,684,1020,-336
120000042,1678,1238,440
120000043,3576,1017,2559
120000044,5048,1216,3832
120000045,6563,776,5787
120000046,4553,2423,2130
120000047,440,5510,-5070
120000048,5607,3721,1886
120000049,3259,2836,423
120000050,3384,3122,262
120000051,2372,3216,-844
120000052,6085,1584,4501
120000053,1585,1336,249
120000054,1401,2375,-974
120000055,1655,3023,-1368
120000056,3926,2777,1149
120000057,3678,1760,1918
120000058,1322,2877,-1555
120000059,13,1548,-1535
120000061,122,332,-210
120000062,139,271,-132
120000063,793,1734,-941
120000064,259,666,-407
120000065,564,866,-302
120000066,212,431,-219
120000067,41,373,-332
120000068,221,465,-244
120000069,484,373,111
120000070,91,358,-267
120000071,643,70,573
120000072,984,418,566
120000073,933,109,824
120000074,111,115,-4
120000075,823,309,514
120000076,2419,338,2081
120000077,2102,556,1546
120000078,2728,1134,1594
120000079,566,293,273
120000080,364,263,101
120000081,467,164,303
120000082,436,337,99
120000083,141,850,-709
120000084,280,329,-49
120000085,266,292,-26
120000086,270,307,-37
120000087,278,281,-3
120000088,870,829,41
120000089,1133,445,688
120000090,748,379,369
120000091,1081,816,265
120000092,1265,526,739
120000093,543,459,84
120000094,213,733,-520
120000095,901,296,605
120000096,328,460,-132
120000098,918,647,271
120000099,298,466,-168
120000100,610,600,10
120000101,557,343,214
120000102,597,968,-371
120000103,1573,897,676
120000104,2027,513,1514
120000105,3121,683,2438
120000106,2747,736,2011
120000107,4412,584,3828
120000108,1774,110,1664
120000109,1381,87,1294
120000110,67,709,-642
120000111,140,662,-522
120000112,596,1509,-913
120000113,620,1188,-568
120000114,794,1485,-691
120000115,304,1290,-986
120000116,581,1267,-686
120000117,684,1076,-392
120000118,69,41,28
120000119,20,63,-43
120000120,92,109,-17
120000121,13,31,-18
120000122,249,579,-330
120000123,2420,7551,-5131
120000124,424,272,152
120000125,721,382,339
120000126,230,946,-716
120000127,1453,1524,-71
120000128,2033,4076,-2043
120000129,209,208,1
120000130,801,433,368
120000131,348,466,-118
120000134,330,441,-111
120000135,820,416,404
120000137,282,417,-135
120000138,1457,202,1255
120000139,276,251,25
120000140,989,256,733
120000141,343,359,-16
120000142,764,444,320
120000143,0,71,-71
120000144,175,2,173
120000145,463,0,463
120000146,798,944,-146
120000149,554,724,-170
120000150,1638,9814,-8176
120000151,417,374,43
120000152,495,110,385
120000153,238,383,-145
120000154,544,442,102
120000155,165,311,-146
120000156,518,1568,-1050
120000157,914,467,447
120000158,877,614,263
120000159,1914,1699,215
120000160,2170,1606,564
120000161,2636,1739,897
120000162,74,236,-162
120000163,881,615,266
120000164,698,206,492
120000165,566,368,198
120000166,1367,283,1084
120000167,207,125,82
120000168,10,529,-519
120000169,84,2141,-2057
120000170,9,2528,-2519
120000171,22,1073,-1051
120000172,13,966,-953
120000173,535,3862,-3327
120000174,78,113,-35
120000175,65,102,-37
120000176,47,58,-11
120000177,671,77,594
120000178,22,23,-1
120000179,64,48,16
120000180,208,65,143
120000181,44,1373,-1329
120000182,43,998,-955
120000183,6,288,-282
120000184,315,988,-673
120000186,42,2256,-2214
120000187,37,846,-809
120000188,34,1061,-1027
120000190,189,59,130
120000191,187,116,71
120000192,163,36,127
120000193,60,2,58
120000195,14,1,13
120000196,58,18,40
120000197,21,20,1
120000198,253,29,224
120000199,136,1,135
120000200,208,1,207
120000201,18,46,-28
120000202,2,45,-43
120000203,86,151,-65
120000207,0,32,-32
120000208,11,99,-88
120000209,11,36,-25
120000210,74,40,34
120000211,182,2,180
120000212,297,0,297
120000213,206,138,68
120000214,0,149,-149
120000215,2,71,-69
120000216,159,26,133
120000217,309,837,-528
120000218,84,427,-343
120000219,2,289,-287
120000220,3,779,-776
120000225,2303,1,2302
120000226,390,4,386
120000227,883,57,826
120000228,12701,3655,9046
120000230,504,19,485
120000231,1672,1123,549
120000233,353,9,344
120000235,291,331,-40
120000236,965,3,962
120000237,0,641,-641
120000238,5,2128,-2123
120000241,1214,3000,-1786
120000412,378,19,359
120000413,369,93,276
120000414,235,1,234
120000415,0,24,-24
120000416,140,4,136
120000417,6,214,-208
120000418,229,10,219
120000419,6,63,-57
120000420,33,12,21
120000421,5711,3812,1899
120000422,100,1368,-1268
120000423,3,86,-83
120000424,183,85,98
120000436,102,716,-614
120000437,125,126,-1
120000438,1485,206,1279
120000439,246,527,-281
120000443,143,0,143
120000444,1625,267,1358
120000445,1727,902,825
120000446,812,129,683
120000447,199,3,196
120000449,221,4,217
120000450,6,91,-85
120000451,104,131,-27
120000452,201,1,200
120000453,0,70,-70
120000454,55,49,6
120000455,87,36,51
120000456,2456,3561,-1105
120000457,448,352,96
120000458,397,506,-109
120000459,91,87,4
120000665,339,306,33
120000668,129,1761,-1632
120000669,151,141,10
120000670,107,1783,-1676
120000671,1783,609,1174
120000672,84,435,-351
120900001,95,110,-15
120900002,153,618,-465
120900003,120,8,112
120900004,21,81,-60
120900005,6,430,-424
120900006,552,177,375
120900007,188,54,134
120900008,291,632,-341
120900009,535,20,515
120900010,514,140,374
120900011,75,202,-127
120900012,86,1177,-1091
120900013,372,93,279
120900014,3,245,-242
120900015,940,80,860
120900016,1042,64,978
120900017,1318,53,1265
120900018,126,218,-92
120900019,605,488,117
120900020,701,1163,-462
120900021,898,216,682
120900022,20,274,-254
120900023,399,38,361
120900024,1417,448,969
120900025,1120,895,225
120900026,120,71,49
120900027,809,13,796
120900028,500,153,347
120900029,85,663,-578
120900030,1798,715,1083
120900031,319,107,212
120900032,1404,79,1325
120900033,1159,93,1066
120900034,19,2649,-2630
120900035,19,33,-14
120900037,314,20,294
120900038,102,430,-328
120900039,100,41,59
120900040,462,4,458
120900041,67,33,34
120900042,853,33,820
120900043,61,49,12
120900044,9,303,-294
120900045,169,58,111
120900046,697,8,689
120900047,264,155,109
120900048,189,40,149
120900049,709,0,709
120900050,990,1886,-896
120900051,435,55,380
120900052,720,7,713
120900053,488,52,436
120900054,1054,360,694
120900055,560,3,557
120900056,819,49,770
120900057,228,15,213
120900058,811,2,809
120900059,132,1,131
120900060,72,17,55
120900061,206,163,43
120900062,267,3,264
120900063,898,13,885
120900064,802,3,799
120900065,821,2,819
120900066,489,205,284
120900067,229,73,156
120900068,338,3,335
120900069,411,13,398
120900071,22,0,22
120900072,1084,8,1076
120900073,714,76,638
120900074,833,16,817
120900076,446,1,445
120900077,1381,191,1190
120900078,919,425,494
120900079,980,100,880
120900080,1171,752,419
120900081,1439,375,1064
120900082,250,411,-161
120900083,93,4,89
120900084,519,668,-149
120900085,68,105,-37
120900086,60,394,-334
120900087,417,424,-7
120900088,167,582,-415
120900089,1568,3233,-1665
120900090,210,9,201
120900091,648,1058,-410
120900092,684,248,436
120900093,1007,117,890
120900094,284,149,135
120900095,294,13,281
120900096,50,159,-109
120900097,538,369,169
120900098,170,108,62
120900099,71,45,26
120900100,51,147,-96
120900101,325,137,188
120900102,54,53,1
120900103,81,193,-112
120900104,17,57,-40
120900105,47,187,-140
120900106,805,335,470
120900107,137,105,32
120900108,13,218,-205
120900109,24,287,-263
120900110,32,261,-229
120900111,145,226,-81
120900112,13,405,-392
120900113,24,373,-349
120900114,22,138,-116
120900115,97,234,-137
120900116,543,167,376
120900117,10,230,-220
120900118,20,362,-342
120900119,8677,2661,6016
120900120,76,315,-239
120900121,50,270,-220
120900122,790,174,616
120900123,2,145,-143
120900124,1,260,-259
120900125,3,276,-273
120900126,1328,600,728
120900127,17,178,-161
120900128,913,982,-69
120900129,22,205,-183
120900130,5,275,-270
120900131,230,82,148
120900132,1099,100,999
120900133,83,346,-263
120900134,465,240,225
120900135,6,323,-317
120900136,55,63,-8
120900137,267,48,219
120900138,17,129,-112
120900139,1,392,-391
120900140,3,87,-84
120900141,146,124,22
120900142,8,159,-151
120900143,0,425,-425
120900144,1,63,-62
120900145,124,513,-389
120900146,1,580,-579
120900147,18,419,-401
120900148,102,101,1
120900149,0,111,-111
120900150,73,288,-215
120900151,1,285,-284
120900152,1,30,-29
120900153,0,0,0
120900154,1,90,-89
120900155,206,526,-320
120900156,83,229,-146
120900157,0,0,0
120900158,58,277,-219
120900159,2,32,-30
120900160,44,437,-393
120900161,65,245,-180
120900162,154,474,-320
120900163,395,952,-557
120900164,1,150,-149
120900165,7,952,-945
120900166,94,738,-644
120900167,168,61,107
120900169,94,175,-81
120900170,420,3409,-2989
120900171,428,142,286
120900172,148,1714,-1566
120900173,0,51,-51
120900174,7,97,-90
120900175,138,108,30
120900176,19,302,-283
120900177,1,1144,-1143
120900178,0,455,-455
120900179,531,312,219
120900180,39,179,-140
120900181,32,23,9
120900182,61,103,-42
120900183,710,55,655
120900184,240,52,188
120900185,869,1630,-761
120900186,1,206,-205
120900187,402,770,-368
120900188,260,6,254
120900189,80,2066,-1986
120900190,141,3,138
120900191,24,10,14
120900192,4880,10007,-5127
120900194,60,89,-29
120900195,83,170,-87
120900196,618,36,582
120900197,759,139,620
120900198,163,376,-213
120900199,404,450,-46
120900200,41,107,-66
120900201,307,94,213
120900202,0,80,-80
120900203,40,67,-27
120900204,84,168,-84
120900205,124,26,98
120900206,53,35,18
120900207,91,681,-590
121000001,429,960,-531
121000002,1854,1467,387
121000003,2369,1269,1100
121000004,2016,2814,-798
121000005,1335,2149,-814
121000006,2674,2358,316
121000007,1616,4196,-2580
121000008,3679,4686,-1007
121000009,3093,5720,-2627
121000010,5663,5766,-103
121000011,4973,9120,-4147
121000012,10124,7321,2803
121000013,4582,5751,-1169
121000014,4656,4720,-64
121000015,3499,7123,-3624
121000016,3400,3070,330
121000017,1738,2138,-400
121000018,2625,1307,1318
121000019,7707,7787,-80
121000020,8595,14518,-5923
121000021,1807,1379,428
121000022,2240,2537,-297
121000023,2314,1130,1184
121000024,3740,4102,-362
121000025,350,1143,-793
121000026,305,150,155
121000027,1208,1089,119
121000028,842,500,342
121000029,753,602,151
121000030,701,389,312
121000031,484,570,-86
121000032,137,155,-18
121000034,326,299,27
121000035,94,148,-54
121000036,830,794,36
121000037,400,755,-355
121000038,325,808,-483
121000039,160,352,-192
121000041,456,482,-26
121000042,246,367,-121
121000043,447,710,-263
121000044,963,1089,-126
121000045,395,197,198
121000046,694,807,-113
121000047,22,79,-57
121000049,878,595,283
121000050,308,1600,-1292
121000051,517,225,292
121000052,305,940,-635
121000053,336,148,188
121000054,41,358,-317
121000055,866,1771,-905
121000056,790,923,-133
121000057,323,599,-276
121000058,217,270,-53
121000059,2241,1086,1155
121000060,490,1068,-578
121000061,68,345,-277
121000062,152,472,-320
121000063,798,1124,-326
121000064,509,853,-344
121000065,220,488,-268
121000066,558,842,-284
121000067,308,619,-311
121000068,487,448,39
121000069,156,901,-745
121000070,1231,1024,207
121000071,1429,1513,-84
121000072,832,739,93
121000073,990,1169,-179
121000074,89,174,-85
121000075,17,327,-310
121000076,342,333,9
121000077,107,214,-107
121000078,67,180,-113
121000080,1382,514,868
121000081,3257,3289,-32
121000082,88,303,-215
121000083,153,131,22
121000084,207,212,-5
121000085,208,436,-228
121000086,716,635,81
121000087,65,235,-170
121000088,519,362,157
121000089,269,437,-168
121000090,269,458,-189
121000091,836,791,45
121000092,195,44,151
121000093,164,188,-24
121000094,349,679,-330
121000095,263,881,-618
121000096,3480,2030,1450
121000097,537,2330,-1793
121000098,700,535,165
121000099,692,522,170
121000100,865,165,700
121000101,372,138,234
121000102,333,145,188
121000103,195,118,77
121000104,291,82,209
121000105,432,109,323
121000106,365,167,198
121000107,1467,2236,-769
121000109,820,739,81
121000110,172,616,-444
121000114,2992,2029,963
121000115,1773,698,1075
121000116,340,792,-452
121000117,326,298,28
121000118,1596,219,1377
121000119,307,339,-32
121000120,292,407,-115
121000121,462,1097,-635
121000123,876,591,285
121000127,92,76,16
121000128,920,158,762
121000129,907,323,584
121000130,650,447,203
121000131,985,1152,-167
121000132,783,980,-197
121000135,192,326,-134
121000136,976,1053,-77
121000137,450,347,103
121000138,723,1386,-663
121000139,414,686,-272
121000141,239,137,102
121000142,553,771,-218
121000143,117,42,75
121000144,416,1214,-798
121000145,502,660,-158
121000146,1254,1148,106
121000147,899,415,484
121000148,720,770,-50
121000149,1887,1475,412
121000152,375,316,59
121000153,1436,418,1018
121000154,1012,444,568
121000155,1629,1032,597
121000156,323,854,-531
121000157,643,894,-251
121000158,339,281,58
121000159,257,335,-78
121000160,312,290,22
121000161,271,212,59
121000162,128,79,49
121000165,786,1787,-1001
121000166,15,402,-387
121000168,465,231,234
121000169,73,119,-46
121000170,346,89,257
121000171,60,152,-92
121000172,836,632,204
121000173,1227,1044,183
121000174,516,515,1
121000175,1213,323,890
121000176,355,296,59
121000177,688,497,191
121000178,67,38,29
121000179,22,59,-37
121000181,445,456,-11
121000182,111,288,-177
121000183,102,100,2
121000184,28,142,-114
121000185,35,234,-199
121000186,246,587,-341
121000187,150,96,54
121000188,163,80,83
121000192,776,414,362
121000193,624,342,282
121000194,1711,1596,115
121000195,211,873,-662
121000196,502,256,246
121000197,147,817,-670
121000198,193,159,34
121000199,123,208,-85
121000200,558,139,419
121000201,9,194,-185
121000202,599,141,458
121000203,704,1757,-1053
121000204,2804,766,2038
121000205,51,249,-198
121000206,91,62,29
121000207,1828,975,853
121000208,5,348,-343
121000209,486,92,394
121000210,666,202,464
121000211,359,108,251
121000212,586,395,191
121000213,11756,2466,9290
121000214,690,1672,-982
121000215,815,1171,-356
121000216,442,481,-39
121000217,2858,2814,44
121000218,338,1353,-1015
121000219,1151,519,632
121000220,91,54,37
121000221,105,327,-222
121000222,2317,1958,359
121000223,187,1035,-848
121000224,156,513,-357
121000225,699,2282,-1583
121000226,1112,1116,-4
121000227,4,163,-159
121000228,29,526,-497
121000229,315,572,-257
121000230,62,1619,-1557
121000231,1202,22,1180
121000232,424,321,103
121000233,502,352,150
121000234,13,42,-29
121000235,86,44,42
121000236,12,63,-51
121000237,21,21,0
121000238,7,85,-78
121000239,86,2,84
121000240,9,124,-115
121000241,81,21,60
121000242,140,591,-451
121000243,230,62,168
121000244,18,106,-88
121000245,49,21,28
121000246,0,196,-196
121000247,170,3,167
121000248,493,1790,-1297
121000249,57,201,-144
121000250,554,268,286
121000251,15,232,-217
121000252,160,107,53
121000253,299,205,94
121000254,828,150,678
121000255,107,130,-23
121000256,265,202,63
121000257,25,66,-41
121000258,56,97,-41
121000259,47,89,-42
121000260,64,125,-61
121000261,69,108,-39
121000262,1092,344,748
121000263,543,532,11
121000271,752,1389,-637
121000273,26,3,23
121000274,13,83,-70
121000275,16,14,2
121000276,14,16,-2
121000278,44,28,16
121000279,55,12,43
121000280,30,20,10
121000289,312,16,296
121000290,1014,1122,-108
121000294,216,74,142
121000297,489,1022,-533
121000299,53,626,-573
121000300,852,466,386
121000302,17,612,-595
121000303,532,191,341
121000304,511,85,426
121000305,176,47,129
121000306,129,153,-24
121000308,87,218,-131
121000309,253,315,-62
121000310,97,218,-121
121000311,50,425,-375
121000312,290,249,41
121000313,183,266,-83
121000314,76,104,-28
121000315,30,104,-74
121000530,1721,1159,562
121000531,1632,1331,301
121000532,4822,6831,-2009
121000533,3001,3298,-297
121000918,30,62,-32
121000919,45,65,-20
121000938,61,210,-149
121000939,53,168,-115
121000956,1454,1337,117
121000957,2,6,-4
121000958,10,48,-38
121000959,963,434,529
121000960,1151,1836,-685
121000961,321,82,239
121000962,1011,454,557
121000973,0,207,-207
121000976,9,131,-122
121000979,395,126,269
121000981,282,97,185
121000982,394,174,220
121000983,408,188,220
121000984,7,48,-41
121000985,831,215,616
121000986,452,99,353
121000987,211,446,-235
121000988,930,95,835
121001302,186,74,112
121001308,3,12,-9
121001309,24,626,-602
121001311,0,0,0
121001313,170,64,106
121001314,1144,1414,-270
121001315,5556,3236,2320
121001326,400,313,87
121900001,115,196,-81
121900002,20,35,-15
121900003,391,4,387
121900004,64,213,-149
121900005,15,19,-4
121900006,97,27,70
121900007,1819,1491,328
121900008,128,492,-364
121900009,698,12,686
121900010,272,1,271
121900011,203,149,54
121900012,12,0,12
121900013,498,87,411
121900014,1243,360,883
121900015,193,137,56
121900016,2,21,-19
121900017,705,549,156
121900018,438,10,428
121900019,485,151,334
121900020,71,17,54
121900021,828,14,814
121900022,260,252,8
121900023,112,230,-118
121900024,374,94,280
121900025,524,469,55
121900026,228,52,176
121900027,303,126,177
121900028,241,13,228
121900029,133,248,-115
121900030,348,489,-141
121900031,948,5521,-4573
121900032,106,41,65
121900033,165,269,-104
121900034,215,154,61
121900035,3297,2150,1147
121900036,112,540,-428
121900037,108,953,-845
121900038,35,73,-38
121900039,256,38,218
121900040,87,71,16
121900041,90,282,-192
121900042,320,191,129
121900043,0,1,-1
121900044,98,26,72
121900046,148,290,-142
121900047,162,81,81
121900048,46,61,-15
121900050,34,47,-13
121900051,111,175,-64
121900052,155,45,110
121900053,412,317,95
121900054,351,867,-516
121900055,7,13,-6
121900058,295,155,140
121900059,319,188,131
121900060,154,433,-279
121900061,136,107,29
121900062,138,88,50
121900063,1296,372,924
121900064,243,393,-150
121900066,78,23,55
121900067,72,35,37
121900069,142,122,20
121900070,87,129,-42
121900071,538,211,327
121900072,86,150,-64
121900073,187,340,-153
121900074,357,674,-317
121900075,389,605,-216
121900076,359,433,-74
121900078,64,26,38
121900079,1,0,1
121900080,787,291,496
121900082,76,112,-36
121900084,12,34,-22
121900086,19,38,-19
121900087,92,139,-47
121900088,1107,2109,-1002
121900089,262,255,7
121900090,33,32,1
121900091,98,68,30
121900092,79,84,-5
121900093,69,70,-1
121900094,19,8,11
121900095,337,137,200
121900096,774,497,277
121900097,631,164,467
121900098,5,0,5
121900099,264,51,213
121900100,88,355,-267
121900101,89,128,-39
121900102,0,96,-96
121900103,292,203,89
121900104,1503,429,1074
121900105,311,129,182
121900106,11,5,6
121900107,29,32,-3
121900108,1,23,-22
121900109,230,124,106
121900110,672,467,205
121900111,569,161,408
121900112,107,152,-45
121900113,73,375,-302
121900114,82,78,4
121900117,99,60,39
121900118,1676,686,990
121900119,135,73,62
121900120,35,723,-688
121900121,305,19,286
121900122,49,40,9
121900123,139,353,-214
121900124,235,183,52
121900125,1763,852,911
121900127,12,85,-73
121900128,62,45,17
121900129,203,161,42
121900130,119,323,-204
121900131,240,83,157
121900132,51,73,-22
121900133,39,1434,-1395
121900134,25,250,-225
121900135,3192,391,2801
121900136,476,252,224
121900137,41,257,-216
121900138,99,86,13
121900139,281,2498,-2217
121900140,54,58,-4
121900141,89,28,61
121900142,84,84,0
121900143,12,112,-100
121900144,114,343,-229
121900145,213,375,-162
121900146,384,581,-197
121900147,57,238,-181
121900148,185,294,-109
121900149,244,471,-227
121900150,48,176,-128
121900151,57,215,-158
121900152,118,102,16
121900153,21,383,-362
121900154,12,426,-414
121900155,2,183,-181
121900156,104,150,-46
121900157,1,254,-253
121900158,86,99,-13
121900159,1,159,-158
121900160,38,231,-193
121900161,241,486,-245
121900162,79,172,-93
121900163,296,280,16
121900164,274,313,-39
121900165,182,121,61
121900166,113,132,-19
121900167,55,109,-54
121900168,118,194,-76
121900169,12,185,-173
121900170,7,126,-119
121900171,632,448,184
121900172,614,235,379
121900173,618,250,368
121900174,49,54,-5
121900175,75,240,-165
121900176,390,1506,-1116
121900177,108,74,34
121900178,29,53,-24
121900179,479,284,195
121900180,1603,4243,-2640
121900182,535,1206,-671
121900183,509,1386,-877
121900184,51,746,-695
121900186,26,324,-298
121900187,10,129,-119
121900188,440,247,193
121900189,43,70,-27
121900190,236,321,-85
121900191,87,306,-219
121900192,228,1817,-1589
121900193,35,251,-216
121900194,5,219,-214
121900195,25,64,-39
121900196,788,776,12
121900197,321,822,-501
121900198,2266,1498,768
121900199,6,32,-26
121900200,42,183,-141
121900201,523,648,-125
121900202,116,659,-543
121900203,60,1093,-1033
121900204,741,981,-240
121900205,7,127,-120
121900206,19,56,-37
121900207,60,31,29
121900208,122,540,-418
121900209,49,60,-11
121900210,1928,1148,780
121900211,509,278,231
121900212,132,140,-8
121900213,321,32,289
121900214,9,367,-358
121900215,50,127,-77
121900216,27,209,-182
121900217,158,163,-5
121900218,166,567,-401
121900220,127,25,102
121900221,456,473,-17
121900222,211,91,120
121900223,117,51,66
121900224,48,35,13
121900225,84,151,-67
121900226,291,56,235
121900227,405,760,-355
121900228,149,174,-25
121900230,45,361,-316
121900231,96,1716,-1620
121900232,134,360,-226
121900233,259,197,62
121900234,247,106,141
121900235,482,90,392
121900236,241,136,105
121900237,206,361,-155
121900238,153,251,-98
121900239,163,35,128
121900240,217,95,122
121900241,81,35,46
121900242,26,0,26
121900243,8,0,8
121900244,22,0,22
121900245,164,110,54
121900246,3823,285,3538
121900248,964,886,78
121900250,172,361,-189
121900251,407,40,367
121900252,355,108,247
121900253,113,989,-876
121900254,367,361,6
121900255,461,59,402
121900258,3445,1444,2001
121900259,235,485,-250
121900260,76,96,-20
121900261,185,626,-441
121900262,399,836,-437
121900263,288,152,136
121900264,911,806,105
121900265,317,133,184
121900266,494,133,361
121900267,99,38,61
121900269,181,736,-555
121900270,42,143,-101
121900271,70,138,-68
121900273,406,1433,-1027
121900274,321,243,78
121900277,280,822,-542
121900278,79,1021,-942
121900279,145,164,-19
121900280,51,484,-433
121900281,113,611,-498
121900284,58,6,52
121900286,155,55,100
121900287,14,70,-56
121900288,3,0,3
121900290,232,779,-547
121900291,315,756,-441
121900292,91,153,-62
121900293,764,3281,-2517
121900294,342,8,334
121900295,147,135,12
121900296,49,200,-151
121900298,163,835,-672
121900299,2,14,-12
121900300,58,24,34
121900301,64,0,64
121900302,6,95,-89
121900303,268,290,-22
121900304,26,17,9
121900305,5,14,-9
121900306,259,2,257
121900307,122,21,101
121900308,17,128,-111
121900309,4,82,-78
121900310,11,214,-203
121900311,675,16,659
121900312,390,11,379
121900313,471,44,427
121900314,1,14,-13
121900315,18,1,17
121900316,0,20,-20
121900317,26,4,22
121900318,1,5,-4
121900319,32,154,-122
121900320,30,31,-1
121900321,16,2,14
121900322,2,10,-8
121900323,34,30,4
121900324,0,30,-30
121900325,16,0,16
121900326,3,10,-7
121900327,10,24,-14
121900328,0,18,-18
121900329,2,86,-84
121900330,1,175,-174
121900331,7,7,0
121900332,56,25,31
121900333,68,0,68
121900334,59,41,18
122000001,1004,4971,-3967
122000002,1800,1050,750
122000003,1158,2668,-1510
122000004,1465,1149,316
122000005,3598,2271,1327
122000006,912,1324,-412
122000007,580,1771,-1191
122000008,1061,2852,-1791
122000009,597,509,88
122000010,2141,2572,-431
122000011,4649,2290,2359
122000012,699,3731,-3032
122000013,663,1686,-1023
122000014,2953,1327,1626
122000015,1115,951,164
122000016,415,724,-309
122000017,1034,1120,-86
122000018,1613,1469,144
122000019,865,1411,-546
122000020,160,375,-215
122000021,171,429,-258
122000022,974,1303,-329
122000023,793,1314,-521
122000024,534,2556,-2022
122000025,460,2810,-2350
122000026,354,1425,-1071
122000027,490,1007,-517
122000028,1035,600,435
122000029,278,517,-239
122000030,128,180,-52
122000031,123,403,-280
122000032,3629,2262,1367
122000033,348,3199,-2851
122000034,364,792,-428
122000035,164,638,-474
122000036,394,411,-17
122000037,667,247,420
122000038,204,379,-175
122000039,560,758,-198
122000040,209,346,-137
122000041,501,931,-430
122000042,340,528,-188
122000043,84,175,-91
122000044,96,159,-63
122000045,1810,962,848
122000046,649,1123,-474
122000047,147,206,-59
122000048,2540,3285,-745
122000049,5308,3299,2009
122000050,657,1043,-386
122000051,165,529,-364
122000052,409,504,-95
122000053,185,903,-718
122000054,1597,1816,-219
122000055,1599,3924,-2325
122000056,2605,2728,-123
122000057,3039,3972,-933
122000058,822,1911,-1089
122000059,949,3676,-2727
122000060,305,1001,-696
122000061,211,715,-504
122000062,481,255,226
122000063,415,1280,-865
122000064,2459,4762,-2303
122000065,2201,2311,-110
122000066,318,661,-343
122000067,955,1276,-321
122000068,1479,920,559
122000069,931,961,-30
122000070,752,1062,-310
122000071,2564,1143,1421
122000072,733,783,-50
122000073,279,1404,-1125
122000074,2767,1423,1344
122000075,765,991,-226
122000076,5673,1761,3912
122000077,567,1914,-1347
122000078,798,4040,-3242
122000079,340,2416,-2076
122000080,346,690,-344
122000081,130,199,-69
122000082,259,1154,-895
122000083,2676,813,1863
122000084,2790,940,1850
122000085,302,593,-291
122000086,2040,5025,-2985
122000087,199,289,-90
122000088,108,281,-173
122000089,4064,1997,2067
122000090,148,662,-514
122000091,71,275,-204
122000092,55,32,23
122000093,1413,3019,-1606
122000094,4359,2605,1754
122000095,597,3178,-2581
122000096,323,1479,-1156
122000098,2177,3041,-864
122000099,636,1068,-432
122000100,624,397,227
122000101,311,443,-132
122000102,2056,998,1058
122000103,1479,1519,-40
122000104,907,157,750
122000105,506,356,150
122000106,435,1355,-920
122000107,1017,395,622
122000108,522,712,-190
122000109,459,206,253
122000110,541,622,-81
122000111,3126,1275,1851
122000112,1504,1353,151
122000113,642,660,-18
122000114,1495,2642,-1147
122000115,1463,1046,417
122000116,373,459,-86
122000117,1259,364,895
122000118,573,581,-8
122000119,1801,1804,-3
122000120,836,2588,-1752
122000121,771,1836,-1065
122000122,365,906,-541
122000123,1070,1322,-252
122000124,814,523,291
122000125,364,574,-210
122000126,336,644,-308
122000127,511,796,-285
122000128,227,446,-219
122000129,448,1506,-1058
122000130,2111,1211,900
122000131,815,833,-18
122000132,226,329,-103
122000133,597,545,52
122000134,961,616,345
122000135,491,413,78
122000136,697,566,131
122000137,1189,515,674
122000139,772,2962,-2190
122000140,439,748,-309
122000141,2126,1452,674
122000142,139,1389,-1250
122000143,259,392,-133
122000144,950,884,66
122000145,711,800,-89
122000146,602,1519,-917
122000147,482,552,-70
122000148,610,1562,-952
122000149,1502,1334,168
122000150,977,843,134
122000151,106,311,-205
122000152,336,294,42
122000153,374,357,17
122000154,245,225,20
122000155,1401,2122,-721
122000156,3654,3015,639
122000157,750,4035,-3285
122000158,293,629,-336
122000159,438,888,-450
122000160,1542,1813,-271
122000161,762,974,-212
122000162,992,1531,-539
122000163,322,122,200
122000164,39,230,-191
122000165,731,882,-151
122000166,795,1464,-669
122000167,280,446,-166
122000168,174,842,-668
122000169,414,235,179
122000170,262,318,-56
122000171,34,92,-58
122000172,1657,1137,520
122000173,1183,2319,-1136
122000174,1487,1026,461
122000175,674,308,366
122000176,227,955,-728
122000177,892,1409,-517
122000178,3817,2304,1513
122000179,1992,2890,-898
122000180,892,1215,-323
122000181,1070,2079,-1009
122000182,1449,1258,191
122000183,1970,986,984
122000184,2366,2934,-568
122000185,953,2796,-1843
122000186,362,1515,-1153
122000187,1534,1011,523
122000188,359,288,71
122000189,196,450,-254
122000190,610,1682,-1072
122000191,725,672,53
122000192,977,308,669
122000193,368,590,-222
122000194,349,165,184
122000195,101,545,-444
122000196,817,473,344
122000197,408,525,-117
122000198,362,1724,-1362
122000199,286,346,-60
122000200,763,571,192
122000201,1004,2067,-1063
122000202,802,2364,-1562
122000203,2215,1122,1093
122000204,1019,1409,-390
122000205,597,1054,-457
122000206,2804,889,1915
122000207,1982,1430,552
122000208,1742,1526,216
122000209,1445,546,899
122000210,1689,1451,238
122000211,983,1291,-308
122000212,681,501,180
122000213,986,1279,-293
122000214,1698,1555,143
122000215,1912,1648,264
122000217,1370,1745,-375
122000218,659,64,595
122000219,813,709,104
122000220,261,686,-425
122000221,59,221,-162
122000222,525,143,382
122000223,971,484,487
122000225,642,333,309
122000226,1248,1232,16
122000227,171,1456,-1285
122000228,254,278,-24
122000229,33,385,-352
122000230,57,283,-226
122000231,453,579,-126
122000232,585,567,18
122000233,6,44,-38
122000234,460,69,391
122000235,501,62,439
122000236,1252,43,1209
122000237,91,72,19
122000238,263,284,-21
122000239,748,154,594
122000240,1202,634,568
122000241,1846,480,1366
122000242,637,130,507
122000243,319,57,262
122000244,79,239,-160
122000245,118,115,3
122000246,455,184,271
122000247,674,260,414
122000248,637,883,-246
122000249,1604,869,735
122000250,1654,1148,506
122000251,122,401,-279
122000252,314,110,204
122000253,50,207,-157
122000254,258,89,169
122000255,603,804,-201
122000256,292,438,-146
122000257,224,197,27
122000258,212,184,28
122000259,25,295,-270
122000260,2,26,-24
122000261,17,327,-310
122000262,3,46,-43
122000263,298,711,-413
122000264,1137,257,880
122000265,2079,926,1153
122000266,3321,620,2701
122000267,115,94,21
122000268,147,295,-148
122000269,775,301,474
122000270,442,188,254
122000271,197,1085,-888
122000272,296,967,-671
122000273,413,315,98
122000274,208,151,57
122000275,55,160,-105
122000276,731,370,361
122000277,985,1246,-261
122000278,1959,488,1471
122000279,189,228,-39
122000280,601,377,224
122000281,665,521,144
122000282,287,362,-75
122000283,241,214,27
122000284,263,127,136
122000285,269,60,209
122000286,51,144,-93
122000287,471,341,130
122000288,1037,942,95
122000291,2417,859,1558
122000293,253,147,106
122000294,113,254,-141
122000295,1155,358,797
122000296,30,531,-501
122000297,1268,3240,-1972
122000299,769,380,389
122000300,405,396,9
122000301,3710,2487,1223
122000302,488,1617,-1129
122000303,2013,938,1075
122000304,26,62,-36
122000305,1229,144,1085
122000306,47,314,-267
122000307,84,132,-48
122000309,42,50,-8
122000310,20,137,-117
122000311,189,179,10
122000312,132,291,-159
122000313,167,81,86
122000314,118,238,-120
122000315,326,62,264
122000316,962,214,748
122000317,1589,208,1381
122000318,264,590,-326
122000319,1267,611,656
122000320,210,344,-134
122000321,78,130,-52
122000322,1556,1855,-299
122000323,754,2693,-1939
122000324,1192,1723,-531
122000325,629,3092,-2463
122000326,117,57,60
122000327,388,674,-286
122000328,459,303,156
122000330,1248,1257,-9
122000332,193,225,-32
122000333,26,85,-59
122000337,988,603,385
122000338,372,250,122
122000340,169,1681,-1512
122000342,1192,540,652
122000343,456,536,-80
122000344,80,9,71
122000345,6,5,1
122000346,257,206,51
122000348,611,538,73
122000349,63,387,-324
122000351,143,234,-91
122000352,262,197,65
122000353,145,133,12
122000355,164,265,-101
122000356,655,1283,-628
122000357,69,13,56
122000358,0,18,-18
122000359,0,19,-19
122000360,1,15,-14
122000362,10,60,-50
122000364,198,259,-61
122000365,0,27,-27
122000366,13,5,8
122000368,437,559,-122
122000370,30,29,1
122000371,44,2,42
122000372,10,5,5
122000381,144,294,-150
122000382,71,179,-108
122000384,1250,992,258
122000385,81,0,81
122000386,156,1060,-904
122000387,296,703,-407
122000388,1252,1140,112
122000389,145,1080,-935
122000390,280,300,-20
122000391,163,773,-610
122000392,144,130,14
122000393,26,105,-79
122000394,535,117,418
122000395,110,155,-45
122000396,238,80,158
122000397,18,31,-13
122000398,10,40,-30
122000399,154,61,93
122000400,45,777,-732
122000401,118,45,73
122000402,307,118,189
122000403,371,380,-9
122000404,142,103,39
122000408,477,794,-317
122000503,10,91,-81
122000524,174,174,0
122000544,72,1852,-1780
122000614,186,198,-12
122000616,139,3,136
122000640,73,92,-19
122000641,206,210,-4
122000642,1003,568,435
122000643,80,148,-68
122000644,106,29,77
122000645,71,171,-100
122000651,555,1939,-1384
122000664,164,44,120
122000665,977,449,528
122000666,484,1007,-523
122000673,51,163,-112
122000674,197,135,62
122000675,1667,523,1144
122000686,570,1115,-545
122000687,1439,397,1042
122000688,263,317,-54
122000689,831,162,669
122000690,2461,188,2273
122000691,845,726,119
122000692,1132,255,877
122000693,330,740,-410
122000695,383,229,154
122000696,518,75,443
122000698,410,287,123
122000699,151,28,123
122000701,1346,230,1116
122000702,358,748,-390
122000703,209,52,157
122000717,90,51,39
122000718,714,1309,-595
122000719,115,83,32
122000720,634,104,530
122000724,243,269,-26
122900001,46,9,37
122900002,1052,3137,-2085
122900003,324,25,299
122900004,1823,68,1755
122900005,116,118,-2
122900006,447,840,-393
122900007,483,1518,-1035
122900008,237,169,68
122900009,636,283,353
122900010,159,109,50
122900012,203,398,-195
122900014,149,142,7
122900015,483,847,-364
122900016,115,167,-52
122900017,927,731,196
122900018,178,17,161
122900019,4,127,-123
122900020,72,118,-46
122900021,208,338,-130
122900022,997,673,324
122900023,322,106,216
122900024,137,81,56
122900025,8,300,-292
122900026,31,171,-140
122900027,65,561,-496
122900028,70,127,-57
122900029,4153,2171,1982
122900030,1449,435,1014
122900031,116,381,-265
122900032,142,294,-152
122900033,246,109,137
122900034,2984,3701,-717
122900035,28,16,12
122900036,65,40,25
122900037,337,152,185
122900038,106,2786,-2680
122900039,90,528,-438
122900040,186,545,-359
122900041,309,345,-36
122900042,132,264,-132
122900043,246,200,46
122900044,94,301,-207
122900045,98,153,-55
122900046,117,296,-179
122900047,106,125,-19
122900048,33,170,-137
122900049,1588,163,1425
122900051,32,231,-199
122900052,184,103,81
122900053,33,29,4
122900055,264,47,217
122900057,179,36,143
122900061,432,117,315
122900062,489,550,-61
122900063,157,153,4
122900064,720,623,97
122900065,507,233,274
122900066,617,383,234
122900067,721,411,310
122900069,428,1085,-657
122900070,328,48,280
122900071,222,570,-348
122900073,3,24,-21
122900074,978,268,710
122900076,4,115,-111
122900077,2,115,-113
122900078,181,31,150
122900080,89,34,55
122900081,128,104,24
122900082,857,167,690
122900083,110,78,32
122900084,12,136,-124
122900086,46,1114,-1068
122900087,304,315,-11
122900088,43,553,-510
122900089,40,258,-218
122900090,20,458,-438
122900091,324,0,324
122900092,0,53,-53
122900093,0,100,-100
122900094,2,116,-114
122900095,156,19,137
122900096,322,61,261
122900097,93,93,0
122900098,67,161,-94
122900099,167,32,135
122900100,76,617,-541
122900101,310,274,36
122900102,15,48,-33
122900103,186,18,168
122900104,258,4,254
122900105,31,6,25
122900106,18,37,-19
122900107,3,35,-32
122900108,20,173,-153
122900109,300,70,230
123000001,706,717,-11
123000002,2005,4795,-2790
123000003,3708,3868,-160
123000004,2444,3218,-774
123000005,2440,2466,-26
123000006,1729,1625,104
123000007,3394,2397,997
123000008,2346,2123,223
123000009,3916,2645,1271
123000010,2850,3139,-289
123000011,1349,1125,224
123000012,465,2425,-1960
123000013,3147,1084,2063
123000014,659,2910,-2251
123000015,1610,999,611
123000016,2150,2497,-347
123000017,3060,1708,1352
123000018,129,100,29
123000019,405,54,351
123000020,302,30,272
123000021,180,165,15
123000022,355,1472,-1117
123000023,2065,2029,36
123000024,1597,668,929
123000025,322,120,202
123000026,31,110,-79
123000027,71,829,-758
123000028,1220,1252,-32
123000029,663,1420,-757
123000030,220,98,122
123000031,272,140,132
123000032,443,71,372
123000033,228,83,145
123000034,1098,718,380
123000035,409,347,62
123000036,248,988,-740
123000037,233,182,51
123000038,45,281,-236
123000039,457,1449,-992
123000040,397,217,180
123000041,755,1362,-607
123000042,565,939,-374
123000043,1522,9903,-8381
123000044,2613,2015,598
123000045,3061,1925,1136
123000046,299,1096,-797
123000047,907,1024,-117
123000048,31,865,-834
123000049,4098,7567,-3469
123000050,1729,1440,289
123000051,82,145,-63
123000052,716,3176,-2460
123000053,2108,2775,-667
123000054,1636,1287,349
123000055,1516,2975,-1459
123000056,987,920,67
123000057,3548,4215,-667
123000058,683,1051,-368
123000059,271,441,-170
123000060,907,415,492
123000061,289,560,-271
123000063,836,821,15
123000064,967,237,730
123000065,3190,2017,1173
123000066,342,410,-68
123000067,892,397,495
123000068,1548,1859,-311
123000069,3397,1629,1768
123000070,186,468,-282
123000071,1284,641,643
123000072,1213,509,704
123000073,1831,646,1185
123000074,1079,736,343
123000075,332,1189,-857
123000076,687,237,450
123000077,1766,1406,360
123000078,1951,1365,586
123000079,1770,1386,384
123000080,1880,820,1060
123000081,140,215,-75
123000082,216,649,-433
123000083,773,316,457
123000084,680,444,236
123000085,331,80,251
123000086,755,42,713
123000087,409,142,267
123000088,1092,384,708
123000089,651,778,-127
123000090,1204,729,475
123000091,1218,1078,140
123000092,791,1045,-254
123000094,524,243,281
123000095,636,508,128
123000096,979,320,659
123000097,509,381,128
123000098,1014,470,544
123000099,733,417,316
123000100,346,638,-292
123000101,448,523,-75
123000102,480,709,-229
123000104,355,505,-150
123000105,460,370,90
123000106,431,433,-2
123000107,242,341,-99
123000108,395,787,-392
123000111,1093,311,782
123000112,1237,412,825
123000113,453,634,-181
123000114,344,566,-222
123000115,309,229,80
123000116,58,81,-23
123000117,1534,948,586
123000118,423,425,-2
123000119,162,456,-294
123000120,255,432,-177
123000121,471,551,-80
123000122,267,190,77
123000123,454,468,-14
123000124,332,374,-42
123000125,1142,1102,40
123000126,1029,3621,-2592
123000127,559,429,130
123000128,243,219,24
123000129,787,150,637
123000130,736,57,679
123000131,1074,827,247
123000132,217,368,-151
123000133,145,164,-19
123000134,215,98,117
123000135,2182,943,1239
123000136,156,400,-244
123000137,66,130,-64
123000138,64,227,-163
123000139,540,89,451
123000140,57,331,-274
123000141,555,143,412
123000142,804,637,167
123000143,952,1397,-445
123000144,11,36,-25
123000145,144,117,27
123000146,15,90,-75
123000147,57,130,-73
123000149,281,258,23
123000150,84,177,-93
123000151,151,446,-295
123000152,45,287,-242
123000153,97,650,-553
123000154,1140,1521,-381
123000155,1540,1020,520
123000156,49,95,-46
123000157,558,652,-94
123000158,448,603,-155
123000159,2431,2812,-381
123000160,843,794,49
123000161,1588,827,761
123000162,1139,1419,-280
123000163,451,116,335
123000164,1647,271,1376
123000165,421,873,-452
123000166,56,84,-28
123000167,143,196,-53
123000168,257,155,102
123000169,742,153,589
123000170,127,59,68
123000171,838,9,829
123000172,104,309,-205
123000173,436,336,100
123000174,910,401,509
123000175,388,742,-354
123000176,874,185,689
123000177,262,523,-261
123000178,822,133,689
123000179,59,334,-275
123000180,1650,326,1324
123000181,282,711,-429
123000182,254,209,45
123000183,202,579,-377
123000184,88,276,-188
123000185,756,296,460
123000186,2,322,-320
123000187,647,18,629
123000188,207,1,206
123000189,217,144,73
123000190,84,100,-16
123000192,12,285,-273
123000193,72,592,-520
123000194,401,308,93
123000195,300,39,261
123000196,255,20,235
123000197,50,89,-39
123000198,40,1099,-1059
123000199,13,599,-586
123000200,558,6,552
123000201,1185,15,1170
123000202,9,445,-436
123000203,1130,56,1074
123000204,53,531,-478
123000205,278,846,-568
123000206,2346,258,2088
123000207,93,499,-406
123000208,447,210,237
123000209,1980,793,1187
123000210,373,1344,-971
123000211,403,1238,-835
123000212,3065,411,2654
123000213,605,76,529
123000215,55,172,-117
123000216,141,558,-417
123000217,207,38,169
123000218,48,395,-347
123000219,507,70,437
123000220,494,110,384
123000221,206,63,143
123000222,299,188,111
123000223,332,137,195
123000224,423,278,145
123000225,244,29,215
123000226,87,393,-306
123000227,82,227,-145
123000228,264,35,229
123000229,588,972,-384
123000232,121,405,-284
123000233,651,138,513
123000234,80,439,-359
123000235,1226,241,985
123000236,223,432,-209
123000237,388,97,291
123000238,50,309,-259
123000239,321,580,-259
123000240,33,592,-559
123000241,227,52,175
123000242,149,146,3
123000243,700,708,-8
123000244,766,540,226
123000245,44,105,-61
123000249,382,499,-117
123000252,840,306,534
123000253,1349,564,785
123000254,630,544,86
123000255,1006,788,218
123000256,38,110,-72
123000257,1725,962,763
123000258,853,450,403
123000259,380,384,-4
123000260,486,296,190
123000261,210,97,113
123000262,99,117,-18
123000263,509,71,438
123000264,156,71,85
123000265,45,122,-77
123000266,415,466,-51
123000267,544,372,172
123000268,39,66,-27
123000269,37,49,-12
123000270,38,65,-27
123000271,69,21,48
123000272,623,270,353
123000273,234,695,-461
123000274,929,567,362
123000275,243,663,-420
123000278,1546,2042,-496
123000279,142,77,65
123000280,439,242,197
123000281,284,98,186
123000282,96,313,-217
123000283,131,88,43
123000284,72,57,15
123000286,166,404,-238
123000287,514,321,193
123000288,1297,1036,261
123000289,318,1268,-950
123000291,195,811,-616
123000294,175,283,-108
123000295,760,867,-107
123000296,686,401,285
123000297,730,404,326
123000298,907,240,667
123000299,100,144,-44
123000300,1050,818,232
123000301,107,263,-156
123000302,85,102,-17
123000303,62,309,-247
123000305,701,722,-21
123000306,159,65,94
123000309,24,40,-16
123000310,56,23,33
123000311,0,63,-63
123000312,391,336,55
123000313,641,333,308
123000315,145,181,-36
123000316,532,343,189
123000317,243,76,167
123000318,87,168,-81
123000329,10,14,-4
123000337,457,793,-336
123000338,246,155,91
123000339,263,68,195
123000340,91,188,-97
123000342,16,107,-91
123000343,31,15,16
123000344,673,257,416
123000345,235,419,-184
123000346,433,25,408
123000352,1042,675,367
123000353,67,121,-54
123000354,202,1,201
123000355,0,155,-155
123000356,431,6,425
123000357,2,83,-81
123000359,1,75,-74
123000360,257,54,203
123000361,162,182,-20
123000362,332,94,238
123000363,96,105,-9
123000364,404,447,-43
123000365,22,233,-211
123000366,315,1913,-1598
123000367,254,479,-225
123000370,39,523,-484
123000371,653,99,554
123000372,302,47,255
123000373,14,200,-186
123000374,8,72,-64
123000375,392,29,363
123000376,774,548,226
123000377,387,7,380
123000378,17,202,-185
123000379,3,143,-140
123000380,21,257,-236
123000381,75,140,-65
123000382,457,85,372
123000383,59,779,-720
123000384,419,129,290
123000385,113,452,-339
123000436,30,1011,-981
123000507,141,193,-52
123000508,157,1037,-880
123000517,247,19,228
123000518,23,132,-109
123000519,108,117,-9
123000520,49,186,-137
123000521,423,111,312
123000522,113,222,-109
123000541,12,2,10
123000542,0,8,-8
123000565,1047,32,1015
123000566,385,225,160
123000567,66,131,-65
123000573,17,341,-324
123000574,562,50,512
123000575,1357,660,697
123000576,759,756,3
123000577,43,517,-474
123000578,246,111,135
123000579,745,5292,-4547
123000580,93,35,58
123000582,349,30,319
123000583,8,196,-188
123000584,175,235,-60
123000585,0,34,-34
123000586,83,0,83
123000596,61,94,-33
123000597,45,220,-175
123000602,51,4,47
123000603,949,320,629
123000604,521,232,289
123000605,603,18,585
123000606,2,293,-291
123000609,22,246,-224
123000610,114,88,26
123000613,52,191,-139
123000614,245,34,211
123000615,54,86,-32
123000616,660,58,602
123000617,106,93,13
123000618,57,405,-348
123000619,419,54,365
123000620,46,216,-170
123000622,457,23,434
123000624,200,70,130
123000630,1697,352,1345
123000631,161,499,-338
123000632,456,520,-64
123000633,1,191,-190
123000634,70,198,-128
123000635,79,76,3
123000636,52,401,-349
123000637,181,22,159
123000638,416,20,396
123000639,575,4090,-3515
123000640,21,244,-223
123000648,481,95,386
123000649,39,270,-231
123900001,786,27,759
123900002,19,1081,-1062
123900003,192,265,-73
123900005,197,141,56
123900006,316,30,286
124000001,1615,168,1447
124000002,28,928,-900
124000003,1204,176,1028
124000004,61,287,-226
124000005,1149,722,427
124000006,152,610,-458
124000007,461,80,381
124000008,34,366,-332
124000009,870,273,597
124000010,208,259,-51
124000011,871,269,602
124000012,172,273,-101
124000017,213,127,86
124000018,121,55,66
124000019,128,141,-13
124000020,29,74,-45
124000021,115,116,-1
124000022,62,105,-43
124000023,1078,1315,-237
124000024,902,426,476
124000025,1024,1421,-397
124000026,933,783,150
124000027,3398,3777,-379
124000028,926,2813,-1887
124000030,1555,1091,464
124000031,1515,4183,-2668
124000032,1351,576,775
124000033,972,665,307
124000034,452,658,-206
124000035,411,172,239
124000036,79,320,-241
124000037,274,981,-707
124000038,28,93,-65
124000039,463,318,145
124000040,242,719,-477
124000041,392,116,276
124000042,185,288,-103
124000043,104,265,-161
124000044,80,101,-21
124000045,802,353,449
124000046,247,446,-199
124000047,1606,554,1052
124000048,762,462,300
124000049,1669,428,1241
124000050,859,869,-10
124000051,1009,332,677
124000052,495,546,-51
124000053,538,1663,-1125
124000054,637,296,341
124000055,962,2975,-2013
124000056,1175,838,337
124000057,1152,440,712
124000058,406,784,-378
124000059,685,1029,-344
124000060,563,454,109
124000061,1026,5125,-4099
124000062,2764,1231,1533
124000063,922,951,-29
124000064,1470,854,616
124000065,78,445,-367
124000066,211,95,116
124000067,206,108,98
124000068,104,210,-106
124000069,813,141,672
124000070,247,388,-141
124000071,361,211,150
124000072,224,304,-80
124000073,859,194,665
124000074,202,444,-242
124000075,339,14,325
124000076,9,73,-64
124000077,695,587,108
124000078,1875,1161,714
124000079,276,936,-660
124000080,661,181,480
124000081,217,332,-115
124000082,58,208,-150
124000083,58,113,-55
124000084,79,650,-571
124000085,78,54,24
124000086,36,90,-54
124000087,134,85,49
124000088,102,437,-335
124000089,810,205,605
124000090,157,149,8
124000091,512,137,375
124000092,196,415,-219
124000093,96,121,-25
124000094,125,414,-289
124000095,103,98,5
124000096,138,161,-23
124000097,152,144,8
124000098,86,94,-8
124000099,257,112,145
124000100,42,122,-80
124000101,97,113,-16
124000102,80,43,37
124000103,154,102,52
124000104,95,38,57
124000105,116,96,20
124000106,147,44,103
124000107,15,212,-197
124000108,58,15,43
124000109,163,112,51
124000110,146,71,75
124000111,204,126,78
124000112,656,468,188
124000113,100,123,-23
124000114,358,225,133
124000115,330,424,-94
124000116,130,191,-61
124000117,32,80,-48
124000118,40,78,-38
124000119,584,491,93
124000120,436,422,14
124000121,1493,832,661
124000122,377,974,-597
124000123,866,438,428
124000124,376,670,-294
124000125,343,382,-39
124000126,218,447,-229
124000127,726,338,388
124000128,428,567,-139
124000129,1490,1336,154
124000130,618,464,154
124000131,690,575,115
124000132,717,626,91
124000133,876,677,199
124000134,627,397,230
124000135,1355,1669,-314
124000136,454,604,-150
124000137,694,651,43
124000138,689,950,-261
124000139,818,187,631
124000140,71,379,-308
124000141,995,97,898
124000142,64,340,-276
124000143,137,19,118
124000144,10,95,-85
124000145,183,113,70
124000146,58,91,-33
124000148,23,135,-112
124000149,1055,430,625
124000150,207,469,-262
124000151,911,433,478
124000152,637,863,-226
124000153,906,866,40
124000154,473,519,-46
124000155,1257,903,354
124000156,936,814,122
124000169,167,437,-270
124000170,475,350,125
124000171,262,205,57
124000172,270,337,-67
124000173,507,208,299
124000174,363,437,-74
124000175,5,33,-28
124000176,58,16,42
124000177,9,32,-23
124000178,95,55,40
124000185,63,17,46
124000186,7,50,-43
124000187,3,46,-43
124000188,90,11,79
124000190,128,115,13
124000191,94,311,-217
124000192,929,429,500
124000193,283,858,-575
124000194,300,254,46
124000195,310,617,-307
124000196,660,610,50
124000197,30,37,-7
124000198,52,40,12
124000201,215,481,-266
124000202,570,215,355
124000203,525,190,335
124000204,991,167,824
124000205,165,210,-45
124000206,906,181,725
124000207,0,27,-27
124000209,210,181,29
124000210,707,196,511
124000211,896,3,893
124000212,0,158,-158
124000213,615,157,458
124000214,457,185,272
124000215,467,22,445
124000216,0,155,-155
124000329,88,668,-580
124000338,91,313,-222
124000339,1182,76,1106
124000341,1663,41,1622
124000344,79,31,48
124000357,1110,2236,-1126
124000358,752,1504,-752
124000359,1082,759,323
124000360,843,497,346
124000361,1580,860,720
124000362,856,1009,-153
124000363,288,285,3
124000364,506,437,69
124000365,540,707,-167
124000366,1336,609,727
124000367,68,241,-173
124000368,526,635,-109
124000369,103,122,-19
124000370,45,323,-278
124000402,38,5,33
124000403,142,31,111
124000404,8,41,-33
124000405,741,666,75
124000406,562,573,-11
124000407,1,25,-24
124000411,2,140,-138
124000412,420,7,413
124000413,62,36,26
124000414,148,99,49
124000415,57,64,-7
124000416,147,138,9
124000417,207,92,115
124000418,212,53,159
124000419,154,88,66
124000420,113,48,65
124000421,59,57,2
124000422,16,10,6
124000423,109,31,78
124000424,0,47,-47
124000425,195,10,185
124000426,6,126,-120
124000427,236,9,227
124000428,4,64,-60
124000429,101,36,65
124000430,557,249,308
124000431,792,262,530
124000432,236,386,-150
124000439,2,3,-1
124000443,0,9,-9
124000445,326,1704,-1378
124000446,615,267,348
124000447,33,181,-148
124000448,100,39,61
124000449,205,25,180
124000450,25,52,-27
124000451,1,21,-20
124900001,753,441,312
124900002,197,190,7
124900003,1172,481,691
124900004,835,265,570
124900005,269,83,186
124900006,762,254,508
124900008,1052,506,546
124900009,111,334,-223
124900010,220,261,-41
124900011,471,297,174
124900012,421,116,305
124900013,524,204,320
124900014,325,87,238
124900015,128,296,-168
124900016,76,101,-25
124900017,512,1994,-1482
124900018,95,10,85
124900020,58,52,6
124900021,327,24,303
124900022,45,5,40
124900024,341,8,333
124900026,80,14,66
124900027,100,363,-263
124900028,190,75,115
124900029,15,523,-508
124900030,4,78,-74
124900031,43,172,-129
124900032,143,214,-71
124900033,71,139,-68
124900034,1,81,-80
124900035,90,268,-178
124900036,0,74,-74
124900037,178,139,39
124900038,201,255,-54
124900039,2,67,-65
124900040,99,80,19
124900041,288,529,-241
124900042,130,3,127
124900043,534,542,-8
124900044,73,4,69
124900045,362,877,-515
124900047,76,106,-30
124900048,218,77,141
124900050,155,154,1
124900052,99,239,-140
124900053,132,216,-84
124900054,824,449,375
124900055,2,155,-153
124900057,6,68,-62
124900060,46,133,-87
124900061,132,13,119
124900062,256,22,234
124900066,0,6,-6
124900067,4,59,-55
124900068,176,462,-286
124900070,33,36,-3
124900072,165,45,120
124900075,309,200,109
124900076,25,1425,-1400
124900077,14,97,-83
124900078,86,30,56
124900079,231,137,94
124900080,342,323,19
124900081,1037,301,736
124900082,322,485,-163
124900083,265,255,10
124900085,501,594,-93
124900086,43,985,-942
124900087,271,66,205
124900088,187,85,102
124900089,623,12,611
124900090,500,210,290
124900091,302,184,118
124900092,222,178,44
124900093,371,106,265
124900094,565,198,367
124900095,98,525,-427
124900096,312,185,127
124900097,350,48,302
124900098,130,232,-102
124900099,234,409,-175
124900100,295,41,254
124900101,103,285,-182
124900102,230,23,207
124900103,167,112,55
124900104,56,77,-21
124900105,100,77,23
124900106,347,28,319
124900107,98,20,78
124900108,161,98,63
124900111,0,108,-108
124900112,78,197,-119
124900113,61,204,-143
124900114,87,125,-38
124900115,97,57,40
124900116,189,207,-18
124900117,215,175,40
124900118,146,466,-320
124900119,383,243,140
124900120,33,241,-208
124900121,77,370,-293
124900122,211,172,39
124900123,262,89,173
124900124,92,292,-200
204000001,148,8,140
204000002,17,5,12
204000003,16,2,14
204000004,2,0,2
204000005,615,438,177
204000006,1048,1059,-11
204000011,16,18,-2
204000012,43,103,-60
204000019,892,381,511
204000020,651,448,203
204000021,1268,715,553
204000022,793,368,425
204000023,614,472,142
204000031,41,7,34
204000032,213,20,193
204000034,42,75,-33
204000035,2,1,1
204000036,13,30,-17
204000037,2,12,-10
204000038,1,9,-8
204000039,24,16,8
204000040,3,12,-9
204000041,7,11,-4
204000042,19,19,0
204000043,35,5,30
204000044,29,0,29
204000045,30,2,28
204000046,19,3,16
204000057,13,25,-12
204000062,18,24,-6
204000068,15,252,-237
204000069,106,368,-262
204000070,79,83,-4
204000080,65,44,21
204000085,1567,1113,454
204000086,1825,1169,656
204000087,79,11,68
204000088,12,75,-63
204000090,109,154,-45
204000093,482,52,430
204000096,961,781,180
204000097,443,14,429
204000099,937,1255,-318
204000100,1334,1507,-173
204000105,1414,787,627
204000110,319,888,-569
204000111,473,476,-3
204000112,568,578,-10
204000113,327,627,-300
204000114,987,740,247
204000115,688,268,420
204000116,542,596,-54
204000119,1577,2030,-453
204000132,691,318,373
204000133,776,109,667
204000134,181,42,139
204000135,647,36,611
204000136,541,161,380
204000138,368,534,-166
204000140,181,134,47
204000141,173,67,106
204000144,10,25,-15
204000145,457,63,394
204000146,10,195,-185
204000147,14,136,-122
204000148,167,33,134
204000154,6,2,4
204000155,3,7,-4
204000177,67,28,39
204000179,108,13,95
204000180,0,30,-30
204000222,0,6,-6
204000235,14,14,0
204000236,44,156,-112
204000238,19,20,-1
204000240,327,108,219
204000263,489,636,-147
204000268,604,491,113
204000308,145,37,108
204000317,7,73,-66
204000322,10,30,-20
204000323,8,3,5
204000328,162,57,105
204000329,49,110,-61
204000330,143,35,108
204000331,118,113,5
205000001,685,1006,-321
205000013,14,55,-41
205000014,16,52,-36
205000015,34,92,-58
205000016,11,81,-70
205000017,21,46,-25
205000022,268,524,-256
205000025,970,631,339
205000029,290,7,283
205000045,86,792,-706
205000046,140,610,-470
205000047,65,304,-239
205000048,315,507,-192
205000049,154,548,-394
205000050,612,236,376
205000059,0,133,-133
205000060,1,89,-88
205000061,0,144,-144
205000062,0,212,-212
205000063,26,173,-147
205000064,14,89,-75
205000065,74,367,-293
205000066,85,415,-330
205000067,34,535,-501
205000069,227,21,206
205000082,108,123,-15
205000110,114,162,-48
205000111,179,163,16
205000112,154,177,-23
205000113,120,231,-111
205000121,237,47,190
205000123,21,143,-122
205000126,426,84,342
205000127,814,132,682
205000128,385,37,348
205000129,806,40,766
205000130,92,13,79
205000131,42,8,34
205000132,59,2,57
205000133,25,1,24
205000134,257,0,257
205000137,79,116,-37
205000138,112,222,-110
205000139,21,60,-39
205000144,80,91,-11
205000145,255,166,89
205000151,141,23,118
205000152,196,8,188
205000153,241,29,212
205000154,93,22,71
205000155,102,9,93
205000207,8,114,-106
205000233,35,0,35
205000234,0,1,-1
205000243,0,1,-1
205000244,0,4,-4
205000245,9,99,-90
205000249,0,6,-6
205000250,3,0,3
205000264,9,52,-43
206000027,7,2,5
206000028,6,2,4
206000043,1,17,-16
206000053,3,0,3
206000054,0,21,-21
206000055,0,14,-14
206000075,5,22,-17
206000076,20,29,-9
206000077,15,8,7
206000078,20,8,12
206000079,30,30,0
206000082,309,38,271
206000100,16,293,-277
206000103,7,3,4
206000104,3,21,-18
206000105,4,4,0
206000106,3,9,-6
206000125,108,0,108
206000157,21,307,-286
206000170,0,84,-84
206000171,4,132,-128
206000172,6,165,-159
206000173,2,114,-112
206000174,13,28,-15
206000175,1,40,-39
206000176,13,62,-49
206000177,1,58,-57
206000178,4,127,-123
206000179,2,88,-86
206000180,13,58,-45
206000181,8,22,-14
206000182,14,37,-23
206000183,6,132,-126
206000184,9,112,-103
206000185,4,45,-41
206000186,83,331,-248
206000223,3,131,-128
206000226,9,2,7
206000227,13,1,12
206000237,35,105,-70
206000238,9,193,-184
206000239,177,993,-816
206000240,3,57,-54
206000241,0,42,-42
206000242,8,88,-80
206000243,10,67,-57
206000244,29,192,-163
206000245,911,58,853
206000246,403,18,385
206000247,328,7,321
206000248,474,9,465
206000252,66,36,30
206000258,32,38,-6
206000315,45,6,39
206000317,661,100,561
206000318,910,91,819
206000319,2297,65,2232
206000320,305,45,260
206000321,326,15,311
206000322,612,18,594
206000323,259,7,252
206000324,281,2,279
206000325,175,5,170
206000326,205,10,195
206000327,111,14,97
206000328,240,1,239
206000329,359,5,354
206000330,54,6,48
206000331,317,3,314
206000332,84,0,84
206000333,940,2,938
206000334,411,4,407
206000335,0,8,-8
206000361,2,91,-89
206000392,0,13,-13
206000405,196,2,194
206000441,68,15,53
206000498,48,2,46
206000515,36,18,18
206000530,484,58,426
206000531,274,249,25
206000532,1602,342,1260
206000535,87,2184,-2097
206000536,13,92,-79
206000537,16,97,-81
206000613,1598,217,1381
206000784,461,34,427
207000001,118,460,-342
207000002,61,351,-290
207000003,126,127,-1
207000007,1262,175,1087
207000008,155,7,148
207000009,71,34,37
207000010,282,206,76
207000012,475,116,359
207000015,172,558,-386
207000019,220,69,151
207000021,387,190,197
207000022,203,140,63
207000023,239,47,192
207000024,4,18,-14
207000025,16,68,-52
207000026,62,24,38
207000027,10,52,-42
207000028,83,128,-45
207000029,149,263,-114
207000033,205,462,-257
207000034,226,133,93
207000039,483,76,407
207000040,520,29,491
207000041,50,17,33
207000042,209,38,171
207000043,241,157,84
207000051,105,169,-64
207000052,12,99,-87
207000053,310,357,-47
207000054,67,59,8
207000055,178,53,125
207000056,244,202,42
207000057,71,228,-157
207000058,150,236,-86
207000059,120,245,-125
207000060,82,182,-100
207000061,147,709,-562
207000062,521,30,491
207000063,528,63,465
207000064,347,70,277
207000065,372,166,206
207000066,328,161,167
207000067,45,53,-8
207000068,124,45,79
207000069,751,252,499
207000082,11,117,-106
207000083,76,144,-68
207000084,325,207,118
207000085,237,23,214
207000086,270,10,260
207000106,41,27,14
207000107,103,10,93
207000108,109,12,97
207000109,68,3,65
207000110,93,56,37
207000111,75,68,7
207000112,102,648,-546
207000114,15,40,-25
207000115,24,36,-12
207000116,27,260,-233
207000117,7,71,-64
207000118,3,48,-45
207000119,31,44,-13
207000123,174,16,158
207000124,70,24,46
207000125,61,33,28
207000126,72,35,37
207000134,142,84,58
207000135,38,128,-90
207000148,109,259,-150
207000149,57,26,31
207000152,77,303,-226
207000153,287,777,-490
207000154,326,150,176
207000159,94,99,-5
207000160,123,198,-75
207000238,1,134,-133
207000242,1,56,-55
207000248,31,22,9
207000249,54,18,36
207000250,247,48,199
207000251,88,70,18
207000252,24,35,-11
207000278,103,57,46
207000279,13,63,-50
207000280,825,41,784
207000281,102,392,-290
207000282,87,98,-11
207000283,35,279,-244
207000284,33,388,-355
207000285,67,100,-33
207000291,9,78,-69
207000304,105,52,53
207000306,46,217,-171
207000310,126,72,54
207000353,170,3,167
207000356,9,21,-12
207000357,6,24,-18
207000358,1,8,-7
207000415,2,54,-52
207000417,31,5,26
207000418,100,90,10
207000438,0,2,-2
207000439,447,509,-62
207000446,246,2,244
207000460,56,6,50
207000466,104,110,-6
207000467,285,62,223
207000468,39,166,-127
207000476,6,64,-58
207000477,646,46,600
207000478,2,46,-44
207000523,0,16,-16
207000524,61,1,60
207000527,158,105,53
207000530,537,10,527
207000531,321,6,315
207000532,55,24,31
207000534,217,50,167
207000535,36,227,-191
207000537,22,49,-27
207000540,12,60,-48
207000541,10,161,-151
207000548,7,98,-91
207000549,219,15,204
207000561,154,191,-37
207000562,31,87,-56
207000567,102,152,-50
207000568,251,38,213
207000569,546,211,335
207000584,119,111,8
207000585,23,217,-194
207000587,160,20,140
207000616,0,57,-57
207000617,174,0,174
207000624,48,38,10
207000631,22,57,-35
207900008,329,53,276
208000001,577,1195,-618
208000002,765,535,230
208000003,979,415,564
208000004,842,685,157
208000005,3,33,-30
208000019,661,668,-7
208000020,158,347,-189
208000021,278,206,72
208000022,977,390,587
208000028,564,1108,-544
208000033,575,485,90
208000034,902,1156,-254
208000037,283,23,260
208000040,125,77,48
208000041,602,447,155
208000042,693,503,190
208000047,145,140,5
208000064,1704,1253,451
208000066,1369,2152,-783
208000070,399,256,143
208000071,638,465,173
208000072,468,760,-292
208000080,335,311,24
208000081,434,131,303
208000082,341,158,183
208000083,204,239,-35
208000084,5,9,-4
208000085,571,488,83
208000086,449,848,-399
208000087,382,659,-277
208000089,1055,224,831
208000090,984,398,586
208000093,143,184,-41
208000094,400,257,143
208000095,701,422,279
208000104,1082,605,477
208000105,599,710,-111
208000114,82,291,-209
208000115,409,226,183
208000116,615,792,-177
208000117,127,156,-29
208000118,93,168,-75
208000155,573,947,-374
208000158,1161,2829,-1668
208000186,2034,3249,-1215
208000204,659,840,-181
208000205,1125,650,475
208000282,2669,2305,364
209000004,419,222,197
209000005,41,48,-7
209000006,370,241,129
209000007,231,349,-118
209000010,238,141,97
209000011,95,250,-155
209000012,102,97,5
209000013,178,148,30
209000014,324,482,-158
209000025,509,41,468
209000026,688,109,579
209000027,291,362,-71
209000028,294,324,-30
209000029,257,499,-242
209000030,300,740,-440
209000031,1768,1064,704
209000034,190,224,-34
209000035,104,228,-124
209000036,210,119,91
209000037,356,179,177
209000038,128,151,-23
209000039,78,122,-44
209000040,226,409,-183
209000041,167,267,-100
209000042,231,263,-32
209000043,472,635,-163
209000044,189,642,-453
209000045,835,333,502
209000046,517,357,160
209000047,306,131,175
209000048,508,289,219
209000049,94,95,-1
209000050,163,75,88
209000051,208,153,55
209000052,165,128,37
209000062,60,45,15
209000063,63,36,27
209000064,22,25,-3
209000065,88,18,70
209000066,114,12,102
209000067,139,26,113
209000080,11,183,-172
209000082,69,43,26
209000091,17,66,-49
209000093,44,20,24
209000094,61,127,-66
209000110,51,162,-111
209000111,562,1426,-864
209000112,1093,456,637
209000113,1559,536,1023
209000114,841,422,419
209000115,64,64,0
209000116,400,168,232
209000118,17,49,-32
209000119,8,20,-12
209000121,100,380,-280
209000135,77,208,-131
209000142,577,1416,-839
209000143,49,46,3
209000144,18,84,-66
209000229,221,115,106
209000240,30,154,-124
209000259,73,39,34
209000260,52,523,-471
209000261,7,250,-243
209000262,1,211,-210
209000263,1,202,-201
209000264,0,244,-244
209000265,286,15,271
209000266,83,0,83
209000267,1021,5,1016
209000268,386,57,329
210000037,87,18,69
210000047,72,12,60
210000048,101,14,87
210000049,73,6,67
210000052,65,50,15
210000053,24,44,-20
210000054,39,49,-10
210000070,167,6,161
210000071,82,2,80
210000072,32,0,32
210000073,0,16,-16
210000074,0,108,-108
210000075,5,131,-126
210000076,6,130,-124
210000077,13,65,-52
210000078,55,34,21
210000079,30,16,14
210000080,31,85,-54
210000081,118,16,102
210000082,110,3,107
210000083,60,8,52
210000084,53,0,53
210000085,0,60,-60
210000086,0,70,-70
210000099,34,176,-142
210000100,68,94,-26
210000101,90,135,-45
210000105,24,162,-138
210000159,0,173,-173
210000163,77,188,-111
210000164,221,168,53
210000168,92,34,58
210000187,0,27,-27
210000188,0,16,-16
210000214,31,0,31
210000219,37,41,-4
210000220,88,38,50
210000232,5,12,-7
210000233,27,38,-11
210000234,24,92,-68
210000235,57,36,21
210000245,0,35,-35
210000246,36,24,12
210000258,16,71,-55
210000259,312,61,251
210000282,64,204,-140
210000285,0,114,-114
210000286,11,120,-109
210000290,1,14,-13
210000295,49,78,-29
210000296,44,30,14
210000320,164,42,122
210000321,97,39,58
210000338,51,35,16
210000339,158,883,-725
210000340,133,305,-172
210000341,174,234,-60
210000342,204,153,51
210000343,160,168,-8
210000344,100,98,2
210000345,99,217,-118
210000346,59,115,-56
210000347,25,49,-24
210000348,93,64,29
210000349,72,22,50
210000350,150,46,104
210000351,187,65,122
210000352,52,26,26
210000353,38,37,1
210000354,45,51,-6
210000355,30,38,-8
210000356,20,46,-26
210000357,24,64,-40
210000358,165,140,25
210000359,85,64,21
210000360,117,126,-9
210000361,181,151,30
210000362,187,174,13
210000363,308,196,112
210000364,91,126,-35
210000365,172,71,101
210000366,129,56,73
210000367,93,30,63
210000368,115,31,84
210000369,21,14,7
210000370,32,22,10
210000372,12,21,-9
210000373,17,18,-1
210000374,52,27,25
210000375,25,33,-8
210000376,48,65,-17
210000404,32,101,-69
210000439,24,25,-1
210000472,60,0,60
210000482,46,105,-59
210000564,136,203,-67
210000567,2,44,-42
210000568,197,2,195
211000092,57,26,31
211000094,22,7,15
211000169,228,14,214
211000172,26,202,-176
211000209,1,37,-36
211000226,11,43,-32
211000270,33,15,18
211000275,17,18,-1
211000276,75,12,63
211000279,35,28,7
211000281,49,30,19
211000302,41,36,5
211507980,3,63,-60
211977296,32,19,13
212000003,154,28,126
212000004,10,45,-35
212000005,10,43,-33
212000006,12,41,-29
212000008,174,108,66
212000009,32,80,-48
212000012,89,48,41
212000013,29,23,6
212000014,298,83,215
212000015,337,160,177
212000016,456,361,95
212000027,529,259,270
212000028,371,229,142
212000029,170,185,-15
212000030,46,13,33
212000031,68,25,43
212000048,46,180,-134
212000049,17,216,-199
212000050,21,10,11
212000051,210,116,94
212000052,198,113,85
212000053,301,251,50
212000054,363,77,286
212000055,307,101,206
212000056,16,27,-11
212000057,10,11,-1
212000058,111,40,71
212000070,117,98,19
212000077,103,300,-197
212000099,269,186,83
212000108,154,93,61
212000111,217,38,179
212000120,108,53,55
212000138,173,22,151
212000156,4,56,-52
212000158,10,8,2
212000159,441,34,407
212000160,617,160,457
212000161,72,2,70
212000310,45,12,33
212000311,12,36,-24
212000374,31,11,20
213000001,45,245,-200
213000005,329,130,199
213000006,670,287,383
213000007,55,23,32
213000009,323,391,-68
213000010,205,210,-5
213000011,217,88,129
213000012,200,227,-27
213000014,121,19,102
213000015,295,8,287
213000016,304,3,301
213000017,111,4,107
213000018,5,57,-52
213000019,0,56,-56
213000020,120,219,-99
213000021,2,83,-81
213000023,326,208,118
213000033,352,1267,-915
213000034,368,175,193
213000035,80,172,-92
213000045,256,224,32
213000046,147,126,21
213000047,425,1037,-612
213000056,99,17,82
213000069,93,5,88
213000073,4,42,-38
213000074,76,341,-265
213000075,530,4,526
213000076,23,1,22
213000085,11,46,-35
213000086,19,113,-94
213000091,279,18,261
213000092,55,5,50
213000099,178,1147,-969
213000100,823,296,527
213000101,556,92,464
213000102,584,122,462
213000103,694,570,124
213000104,57,262,-205
213000105,82,1159,-1077
213000106,36,99,-63
213000107,162,245,-83
213000108,50,279,-229
213000109,34,162,-128
213000110,33,94,-61
213000111,12,57,-45
213000112,100,100,0
213000115,42,4,38
213000116,39,325,-286
213000117,7,410,-403
213000118,610,196,414
213000119,39,460,-421
213000120,101,252,-151
213000122,98,251,-153
213000123,244,468,-224
213000124,139,551,-412
213000125,119,33,86
213000126,35,94,-59
213000127,65,204,-139
213000128,212,900,-688
213000129,207,695,-488
213000130,996,302,694
213000132,506,135,371
213000133,856,83,773
213000134,908,24,884
213000136,522,33,489
213000137,620,65,555
213000139,209,16,193
213000147,31,21,10
213000148,11,17,-6
213000149,29,7,22
213000150,0,209,-209
213000151,3,165,-162
213000152,2,117,-115
213000153,3,134,-131
213000154,51,159,-108
213000155,37,101,-64
213000156,108,287,-179
213000157,482,364,118
213000158,329,666,-337
213000159,455,335,120
213000163,1088,118,970
213000165,736,312,424
213000171,0,39,-39
213000172,0,148,-148
213000173,4,90,-86
213000174,3,51,-48
213000175,11,46,-35
213000176,26,42,-16
213000177,59,7,52
213000178,153,2,151
213000179,226,0,226
213000180,229,2,227
213000184,95,350,-255
213000188,417,95,322
213000189,482,40,442
213000190,621,504,117
213000191,464,240,224
213000192,305,166,139
213000193,482,266,216
213000194,0,77,-77
213000195,13,297,-284
213000196,219,1109,-890
213000197,473,467,6
213000198,16,2,14
213000200,100,486,-386
213000201,32,26,6
213000202,4,372,-368
213000203,1686,461,1225
213000204,693,41,652
213000205,247,65,182
213000206,385,30,355
213000207,96,8,88
213000208,47,2,45
213000209,104,5,99
213000210,173,0,173
213000211,3,24,-21
213000212,22,38,-16
213000213,30,56,-26
213000218,221,295,-74
213000219,555,15,540
213000220,430,8,422
213000223,183,215,-32
213000224,9,52,-43
213000225,102,25,77
213000226,80,16,64
213000227,999,201,798
213000228,503,84,419
213000229,61,30,31
213000230,673,12,661
213000232,81,527,-446
213000233,12,90,-78
213000234,3,89,-86
213000293,23,53,-30
213000294,126,21,105
213000295,25,84,-59
213000296,56,23,33
213000297,5,45,-40
213000298,7,58,-51
213000299,36,19,17
213000300,15,4,11
213000303,3,29,-26
213000304,11,13,-2
213000305,4,34,-30
213000306,25,54,-29
213000307,74,68,6
213000308,51,113,-62
213000309,178,65,113
213000310,353,235,118
213000311,192,820,-628
213000315,80,105,-25
213000316,156,45,111
213000322,113,62,51
213000323,151,39,112
213000324,74,10,64
213000325,26,32,-6
213000326,1,13,-12
213000327,4,17,-13
213000328,12,102,-90
213000329,97,10,87
213000340,123,317,-194
213000341,590,77,513
213000346,201,274,-73
213000347,396,528,-132
213000348,11,170,-159
213000349,21,13,8
213000350,313,607,-294
213000366,75,120,-45
213000367,332,10,322
213000379,39,98,-59
213000386,38,135,-97
213000406,120,211,-91
213000417,1158,431,727
213000425,218,27,191
213000426,222,28,194
213000427,62,99,-37
213000428,44,71,-27
213000429,6,3,3
213000430,112,291,-179
213000431,14,3,11
213000432,1,39,-38
213000433,17,86,-69
213000434,96,91,5
213000435,134,41,93
213000436,56,36,20
213000437,1,4,-3
213000438,207,25,182
213000439,54,9,45
213000440,3,222,-219
213000441,1,2,-1
213000442,2,23,-21
213000443,350,162,188
213000444,47,18,29
213000445,1,37,-36
213000446,3,21,-18
213000447,0,38,-38
213000448,10,180,-170
213000449,456,4,452
213000450,25,37,-12
213000451,271,44,227
213000452,10,14,-4
213000453,31,179,-148
213000455,153,1,152
213000456,0,191,-191
213000481,2,4,-2
213000482,20,0,20
213000489,176,54,122
213000491,7,166,-159
213000492,139,4,135
213000493,4,110,-106
213000494,312,89,223
213000495,0,21,-21
213000496,342,90,252
213000497,41,194,-153
213000498,162,85,77
213000499,204,156,48
213000500,585,66,519
213000501,152,27,125
213000502,144,101,43
213000503,1,40,-39
213000504,14,38,-24
213000505,4,2,2
213000506,0,13,-13
213000507,9,70,-61
213900244,66,0,66
213900245,0,10,-10
218000003,15,26,-11
218000004,22,33,-11
218000005,19,26,-7
218000006,53,24,29
218000007,14,8,6
218000012,110,128,-18
218000013,139,105,34
218000014,276,308,-32
218000019,455,415,40
218000020,199,288,-89
218000021,8,6,2
218000022,3,5,-2
218000023,0,2,-2
218000024,0,4,-4
218000025,0,2,-2
218000026,1,4,-3
218000027,0,2,-2
218000028,0,1,-1
218000029,0,4,-4
218000030,4,5,-1
218000031,2,10,-8
218000032,1,6,-5
218000040,18,0,18
218000046,57,41,16
218000047,5,81,-76
218000048,39,43,-4
218000049,73,55,18
218000050,266,114,152
218000051,53,83,-30
218000052,1,46,-45
218000053,3,14,-11
218000054,4,73,-69
218000055,7,19,-12
218000056,15,28,-13
218000057,3,18,-15
218000064,2,4,-2
218000065,74,26,48
218000066,16,39,-23
218000067,100,49,51
218000068,120,39,81
218000069,306,47,259
218000070,205,165,40
218000071,164,145,19
218000072,141,159,-18
218000078,969,356,613
218000079,121,61,60
218000080,128,44,84
218000081,515,121,394
218000082,86,64,22
218000083,64,29,35
218000084,141,74,67
218000085,143,175,-32
218000086,96,60,36
218000087,233,96,137
218000090,15,105,-90
218000091,992,493,499
218000092,94,112,-18
218000093,97,44,53
218000094,362,537,-175
218000099,210,525,-315
218000100,306,229,77
218000101,368,140,228
218000102,431,129,302
218000103,92,61,31
218000104,84,25,59
218000105,18,25,-7
218000106,11,18,-7
218000107,43,16,27
218000108,7,15,-8
218000112,48,31,17
218000117,50,69,-19
218000134,512,241,271
218000135,22,70,-48
218000136,146,80,66
218000137,174,117,57
218000138,34,109,-75
218000139,203,206,-3
218000140,477,205,272
218000141,87,51,36
218000142,172,101,71
218000143,61,239,-178
218000144,44,108,-64
218000145,459,201,258
218000146,80,162,-82
218000151,5,13,-8
218000152,104,46,58
218000153,2,2,0
218000154,3,3,0
218000155,17,2,15
218000156,53,7,46
218000157,25,12,13
218000158,10,5,5
218000159,2,12,-10
218000160,7,17,-10
218000161,38,1,37
218000162,18,2,16
218000163,12,2,10
218000164,58,9,49
218000165,72,11,61
218000170,10,30,-20
218000171,40,8,32
218000172,11,7,4
218000173,12,7,5
218000174,33,15,18
218000176,208,81,127
218000177,321,188,133
218000178,91,139,-48
218000179,115,55,60
218000180,128,25,103
218000181,285,46,239
218000187,9,32,-23
218000188,17,47,-30
218000189,19,56,-37
218000190,13,13,0
218000191,194,30,164
218000192,172,88,84
218000193,423,299,124
218000194,138,203,-65
218000195,131,37,94
218000196,358,168,190
218000197,401,222,179
218000198,26,81,-55
218000199,43,25,18
218000200,38,58,-20
218000201,25,11,14
218000202,89,365,-276
218000207,21,33,-12
218000208,34,35,-1
218000211,18,27,-9
218000212,0,0,0
218000213,96,73,23
218000214,13,16,-3
218000215,27,18,9
218000217,2,42,-40
218000218,102,33,69
218000219,3,14,-11
218000220,24,233,-209
218000221,416,175,241
218000222,1,48,-47
218000223,28,252,-224
218000224,6,118,-112
218000225,274,28,246
218000226,179,48,131
218000230,0,0,0
218000232,30,41,-11
218000239,110,9,101
218000240,7,2,5
218000241,33,0,33
218000242,8,2,6
218000243,37,4,33
218000244,18,20,-2
218000245,13,7,6
218000246,1,0,1
218000247,0,0,0
218000248,0,24,-24
218000249,0,1,-1
218000250,0,12,-12
218000251,2,85,-83
218000252,1,431,-430
218000253,8,296,-288
218000254,1,147,-146
218000255,1,56,-55
218000256,20,178,-158
218000267,382,841,-459
218000268,11,17,-6
218000269,2,15,-13
218000270,128,36,92
218000271,13,29,-16
218000273,38,6,32
218000274,23,3,20
218000275,35,51,-16
218000276,12,23,-11
218000278,12,29,-17
218000279,84,17,67
218000280,4,36,-32
218000281,16,33,-17
218000282,442,541,-99
218000284,57,4,53
218000301,97,130,-33
218000302,100,39,61
218000303,30,74,-44
218000316,612,546,66
218000317,1253,557,696
218000318,900,358,542
218000319,1187,561,626
218000320,791,347,444
218000338,44,26,18
218000345,80,43,37
218000346,45,149,-104
218000459,12,106,-94
218000490,16,30,-14
218000501,121,15,106
218000502,56,41,15
218000503,121,24,97
218000504,121,17,104
218000505,53,102,-49
218000506,25,203,-178
218000508,2,8,-6
218000510,92,22,70
218000520,87,95,-8
218000521,14,25,-11
218000522,1,93,-92
218000523,135,5,130
218000524,20,224,-204
218000525,132,31,101
218000526,19,175,-156
218000529,25,72,-47
218000530,25,8,17
218000531,26,7,19
218000532,25,18,7
218000534,151,16,135
218000537,25,41,-16
218000538,95,255,-160
218000540,132,72,60
218000543,134,56,78
218000544,24,51,-27
218000545,88,107,-19
218000546,39,40,-1
218000547,130,187,-57
218000548,133,78,55
218000549,522,347,175
218000550,165,197,-32
218000551,65,479,-414
218000552,187,81,106
218000553,23,119,-96
218000554,20,39,-19
218000555,24,51,-27
218000556,209,123,86
218000557,305,115,190
218000558,114,26,88
218000559,0,46,-46
218000560,0,46,-46
218000561,19,0,19
218000562,22,156,-134
218000563,157,32,125
218000564,4,120,-116
218000565,123,42,81
218000566,133,20,113
218000567,2,132,-130
218000568,31,4,27
218000569,9,104,-95
218000570,61,8,53
218000571,0,147,-147
218000572,144,2,142
218000573,5,187,-182
218000574,26,38,-12
218000575,102,0,102
218000576,0,74,-74
218000577,93,2,91
218000578,1,74,-73
218000579,46,17,29
218000581,8,82,-74
218000582,68,3,65
218000583,4,0,4
218000584,0,25,-25
218000585,45,2,43
218000586,6,14,-8
218000587,0,1,-1
218000588,1,8,-7
218000589,1,5,-4
218000590,4,3,1
218000591,1,4,-3
218000592,7,7,0
218000593,4,0,4
218000594,0,6,-6
218000596,0,0,0
218000597,0,2,-2
218000598,0,0,0
218000599,2,1,1
218000600,2,2,0
218000601,1,3,-2
218000602,1,6,-5
218000603,0,6,-6
218000604,21,0,21
218000605,0,38,-38
218000606,119,1,118
218000607,8,47,-39
218000608,51,17,34
218000609,7,45,-38
218000610,63,6,57
218000611,24,1,23
218000612,0,36,-36
218000613,71,1,70
218000614,0,34,-34
218000615,160,2,158
218000616,12,68,-56
218000617,13,2,11
218000618,0,19,-19
218000619,27,20,7
218000620,6,11,-5
218000621,0,0,0
218000622,1,9,-8
218000623,37,1,36
218000624,2,28,-26
218000625,14,0,14
218000626,0,9,-9
218000628,217,52,165
218000631,29,19,10
218000632,0,160,-160
218000633,62,1,61
218000634,8,36,-28
218000635,7,32,-25
218000636,762,512,250
218000637,1023,224,799
218000638,262,25,237
218000639,19,61,-42
218000640,325,15,310
218000641,83,111,-28
218000652,26,21,5
218000653,214,82,132
218000663,12,111,-99
218000675,47,53,-6
218000676,0,2,-2
218000677,10,10,0
218000680,130,259,-129
218000681,375,161,214
218000691,212,61,151
218000693,343,115,228
218000703,0,7,-7
218000718,70,455,-385
218000719,104,280,-176
218000720,9,150,-141
218000721,46,14,32
218000725,4,3,1
218001147,3,69,-66
218001214,14,68,-54
218001258,165,7,158
218001329,112,75,37
218001330,75,64,11
218001351,37,12,25
218001352,5,17,-12
218001353,12,8,4
218001354,17,35,-18
218001355,9,110,-101
218001356,374,24,350
218001357,24,77,-53
218001358,247,18,229
218001361,303,3,300
218001362,0,64,-64
219000001,41,31,10
219000002,13,39,-26
219000003,32,34,-2
219000004,29,40,-11
219000017,49,47,2
219000020,145,36,109
219000022,128,2,126
219000023,42,1,41
219000029,0,38,-38
219000034,37,24,13
219000039,75,179,-104
219000040,41,103,-62
219000041,105,19,86
219000051,0,7,-7
219000052,0,24,-24
219000053,1,53,-52
219000054,8,75,-67
219000055,316,1,315
219000056,11,0,11
219000057,30,0,30
219000062,7,32,-25
219000063,64,7,57
219000064,1,54,-53
219000110,296,66,230
219000111,72,33,39
219000112,181,69,112
219000113,125,23,102
219000114,131,36,95
219000116,122,45,77
219000117,108,83,25
219000118,151,68,83
219000123,181,39,142
219000124,53,55,-2
219000125,12,13,-1
219000126,53,121,-68
219000127,0,4,-4
219000128,3,93,-90
219000129,12,104,-92
219000130,256,529,-273
219000131,561,841,-280
219000133,29,70,-41
219000134,15,36,-21
219000135,29,46,-17
219000136,90,208,-118
219000138,50,18,32
219000139,41,36,5
219000140,52,1,51
219000141,26,51,-25
219000142,11,42,-31
219000143,2,38,-36
219000145,17,29,-12
219000146,1,24,-23
219000147,0,24,-24
219000148,1,12,-11
219000149,5,32,-27
219000150,2,46,-44
219000151,0,25,-25
219000157,261,93,168
219000158,135,176,-41
219000161,119,5,114
219000163,759,403,356
219000166,86,115,-29
219000167,118,132,-14
219000168,189,67,122
219000174,381,123,258
219000175,70,12,58
219000176,107,15,92
219000177,48,1,47
219000178,45,0,45
219000179,29,7,22
219000180,38,28,10
219000182,148,42,106
219000183,65,15,50
219000184,87,6,81
219000185,2,25,-23
219000186,94,12,82
219000187,18,57,-39
219000189,36,197,-161
219000190,78,225,-147
219000191,254,1371,-1117
219000192,157,145,12
219000193,80,104,-24
219000195,3,32,-29
219000196,6,96,-90
219000198,21,69,-48
219000199,37,138,-101
219000200,34,110,-76
219000201,68,99,-31
219000203,31,142,-111
219000204,68,265,-197
219000205,50,181,-131
219000207,118,192,-74
219000209,39,42,-3
219000210,29,84,-55
219000213,9,85,-76
219000239,181,177,4
219000240,252,302,-50
219000241,139,96,43
219000242,39,89,-50
219000243,81,207,-126
219000244,14,60,-46
219000245,60,57,3
219000246,29,38,-9
219000247,185,35,150
219000248,420,322,98
219000249,158,129,29
219000250,139,113,26
219000251,485,232,253
219000252,252,158,94
219000253,361,85,276
219000255,143,93,50
219000256,241,79,162
219000257,107,0,107
219000262,81,90,-9
219000263,54,72,-18
219000267,4,49,-45
219000268,2,4,-2
219000269,0,10,-10
219000270,16,0,16
219000271,146,5,141
219000278,2,4,-2
219000279,0,4,-4
219000283,0,5,-5
219000295,15,71,-56
219000296,63,216,-153
219000297,29,52,-23
219000298,15,62,-47
219000299,338,34,304
219000300,37,74,-37
219000301,147,280,-133
219000302,25,149,-124
219000307,21,13,8
219000308,57,49,8
219000311,188,50,138
219000312,472,144,328
219000313,377,48,329
219000314,52,175,-123
219000315,314,31,283
219000316,493,39,454
219000317,166,20,146
219000320,0,48,-48
219000321,0,30,-30
219000323,4,40,-36
219000325,2,5,-3
219000326,46,61,-15
219000327,25,22,3
219000328,16,33,-17
219000329,262,109,153
219000330,25,27,-2
219000331,32,29,3
219000332,153,107,46
219000333,35,4,31
219000335,71,1,70
219000337,12,1,11
219000338,34,0,34
219000344,17,80,-63
219000345,33,94,-61
219000346,26,53,-27
219000348,192,58,134
219000349,53,71,-18
219000350,95,418,-323
219000351,3,4,-1
219000352,401,75,326
219000353,108,49,59
219000354,230,78,152
219000355,143,46,97
219000356,476,1292,-816
219000363,157,90,67
219000364,101,63,38
219000365,106,22,84
219000366,152,346,-194
219000368,272,450,-178
219000370,668,594,74
219000371,11,34,-23
219000382,10,29,-19
219000383,331,1074,-743
219000385,272,403,-131
219000386,472,1377,-905
219000387,1,18,-17
219000390,3,0,3
219000391,2,0,2
219000397,34,40,-6
219000398,30,40,-10
219000401,14,80,-66
219000402,24,59,-35
219000403,111,281,-170
219000404,18,110,-92
219000407,6,12,-6
219000409,57,57,0
219000410,105,38,67
219000411,77,13,64
219000446,67,456,-389
219000447,1,22,-21
219000448,12,6,6
219000452,85,123,-38
219000453,56,180,-124
219000454,136,267,-131
219000556,260,73,187
219000558,96,78,18
219000590,18,112,-94
219000591,108,45,63
219000592,85,213,-128
219000595,5,9,-4
219000635,180,27,153
219000636,47,36,11
219000657,11,16,-5
219000658,19,130,-111
219000673,0,43,-43
219000676,4,6,-2
219000679,18,18,0
219000684,72,1,71
219000685,0,0,0
219000686,0,2,-2
219000688,0,40,-40
219000689,25,158,-133
219000690,163,25,138
219000691,31,144,-113
219000692,139,26,113
219000693,0,13,-13
219000694,13,0,13
219000695,37,2,35
219000698,30,0,30
219000699,0,20,-20
219000727,0,75,-75
219000728,66,0,66
219000770,31,1,30
219000771,0,35,-35
219000788,253,243,10
219001150,0,32,-32
219001151,53,31,22
219001166,17,56,-39
219001167,1,58,-57
219001178,38,1,37
220000001,34,85,-51
220000002,6,93,-87
220000003,212,110,102
220000004,259,222,37
220000005,538,953,-415
220000006,155,432,-277
220000007,381,169,212
220000008,271,365,-94
220000009,251,282,-31
220000010,101,71,30
220000011,381,2357,-1976
220000012,37,172,-135
220000014,118,43,75
220000015,73,390,-317
220000017,20,156,-136
220000018,4167,1565,2602
220000019,68,432,-364
220000020,371,131,240
220000021,764,121,643
220000022,921,228,693
220000023,423,122,301
220000024,1233,412,821
220000025,687,1126,-439
220000026,269,393,-124
220000027,15,104,-89
220000028,35,48,-13
220000029,42,57,-15
220000030,25,68,-43
220000031,523,226,297
220000064,22,929,-907
221000046,6,0,6
221000047,0,0,0
221000048,0,2,-2
221000049,0,10,-10
221000050,15,0,15
221000055,27,31,-4
221000057,74,12,62
221000068,242,120,122
221000069,274,53,221
221000070,179,16,163
221000071,100,9,91
221000072,193,4,189
221000073,163,24,139
221000074,1,16,-15
221000075,7,27,-20
221000076,19,19,0
221000077,11,94,-83
221000081,14,6,8
221000082,92,2,90
221000083,21,5,16
221000084,15,4,11
221000085,14,27,-13
221000086,17,70,-53
221000087,5,93,-88
221000088,15,100,-85
221000089,22,169,-147
221000090,77,418,-341
221000098,117,16,101
221000099,190,11,179
221000100,102,3,99
221000101,175,17,158
221000102,152,22,130
221000109,11,60,-49
221000110,12,50,-38
221000111,18,127,-109
221000112,9,81,-72
221000113,26,69,-43
221000114,10,90,-80
221000120,34,45,-11
221000121,4,75,-71
221000122,43,37,6
221000123,23,22,1
221000124,19,109,-90
221000155,102,15,87
221000156,74,45,29
221000175,2,15,-13
221000176,1,6,-5
221000182,59,6,53
221000241,422,263,159
221000242,152,320,-168
221000243,524,209,315
221000244,321,369,-48
221000245,97,73,24
221000246,59,235,-176
221000247,153,80,73
221000248,127,110,17
221000267,51,418,-367
221000325,25,60,-35
221000331,15,33,-18
221000338,13,44,-31
221000378,247,50,197
221000381,44,67,-23
222000282,17,6,11
222000296,2,20,-18
222000568,318,19,299
222000569,201,30,171
222000570,123,41,82
222000571,391,12,379
222000577,12,60,-48
222000578,26,88,-62
222000579,18,53,-35
222000580,54,434,-380
222000599,0,82,-82
222000600,0,156,-156
222000601,1,508,-507
222000603,16,36,-20
222000604,1,32,-31
222000605,14,28,-14
222000606,6,8,-2
222000607,3,0,3
222000608,20,20,0
222000609,25,61,-36
222000616,448,19,429
222000617,10,13,-3
222000618,5,4,1
222000620,4,27,-23
222000621,31,8,23
222000623,613,11,602
222000624,393,4,389
222000625,590,18,572
222000636,35,4,31
222000686,24,14,10
222000687,55,14,41
222001066,257,0,257
222001067,34,1,33
222001068,76,15,61
222001069,61,12,49
222001082,17,8,9
222001083,23,13,10
222001084,0,56,-56
222001085,2,87,-85
222001111,43,68,-25
222001112,163,21,142
222001313,18,9,9
222001314,6,107,-101
222001464,366,43,323
222001465,12,51,-39
222001484,148,25,123
222001485,18,63,-45
222001494,738,139,599
222001495,80,125,-45
222001496,368,59,309
222001497,86,179,-93
222001502,13,51,-38
222001503,137,41,96
222001504,35,187,-152
222001505,357,3,354
222001506,73,261,-188
222001507,210,22,188
222001510,533,17,516
222001511,40,116,-76
222001514,598,116,482
222001515,111,245,-134
222001518,408,50,358
222001519,67,86,-19
222001527,152,39,113
222001528,19,62,-43
222001529,312,39,273
222001530,79,121,-42
222001533,117,90,27
222001534,349,39,310
222001535,296,295,1
222001536,30,79,-49
222001537,331,46,285
222001538,48,213,-165
222001563,870,53,817
222001564,73,172,-99
222001568,144,173,-29
222001576,1,3,-2
222001579,0,16,-16
222001583,10,54,-44
222001584,104,9,95
222001596,363,903,-540
222001597,1184,307,877
222001626,0,132,-132
222001650,19,152,-133
222001651,31,356,-325
222001914,166,39,127
222001915,22,120,-98
222001968,462,270,192
222001969,303,292,11
222001970,124,203,-79
222001971,35,13,22
222001972,4,7,-3
225000001,332,160,172
225000002,577,117,460
225000003,680,62,618
225000004,339,151,188
225000005,92,42,50
225000006,2,138,-136
225000007,814,932,-118
225000010,203,4,199
225000011,188,879,-691
225000012,165,474,-309
225000013,76,75,1
225000014,572,115,457
225000015,78,84,-6
225000021,642,114,528
225000027,151,276,-125
225000032,542,108,434
225000042,48,365,-317
225000049,44,30,14
225000050,73,7,66
225000053,7,198,-191
225000058,525,165,360
225000067,150,70,80
225000068,54,157,-103
225000069,83,328,-245
225000070,67,174,-107
225000071,19,69,-50
225000075,13,368,-355
225000076,42,75,-33
225000078,93,39,54
225000085,86,83,3
225000086,208,54,154
225000087,130,14,116
225000088,9,99,-90
225000089,91,820,-729
225000090,27,353,-326
225000091,143,78,65
225000092,16,50,-34
225000093,169,148,21
225000094,9,122,-113
225000095,194,201,-7
225000096,187,298,-111
225000098,669,235,434
225000099,338,124,214
225000100,406,117,289
225000104,93,274,-181
225000110,3,202,-199
225000111,140,568,-428
225000112,175,693,-518
225000113,186,558,-372
225000114,94,195,-101
225000115,910,365,545
225000116,536,146,390
225000117,683,182,501
225000118,968,209,759
225000119,237,58,179
225000120,620,13,607
225000121,171,8,163
225000123,319,7,312
225000125,512,110,402
225000126,611,106,505
225000127,515,1020,-505
225000128,478,747,-269
225000132,444,24,420
225000133,276,34,242
225000134,642,118,524
225000135,30,13,17
225000136,312,9,303
225000137,218,22,196
225000138,419,69,350
225000143,31,138,-107
225000144,1,194,-193
225000145,23,14,9
225000146,33,49,-16
225000147,20,114,-94
225000148,8,56,-48
225000149,33,168,-135
225000151,31,83,-52
225000155,315,323,-8
225000156,115,589,-474
225000157,323,268,55
225000158,50,152,-102
225000171,9,101,-92
225000180,26,5,21
225000181,1,43,-42
225000182,64,2,62
225000185,1,294,-293
225000187,37,226,-189
225000191,76,1,75
225000194,0,14,-14
225000208,0,39,-39
225000209,123,10,113
225000210,3,118,-115
225000217,0,12,-12
225000218,10,1,9
225000223,0,64,-64
225000224,21,2,19
225000225,1,31,-30
225000226,5,3,2
225000227,23,58,-35
225000228,9,1,8
225000229,0,46,-46
225000230,12,0,12
225000231,0,44,-44
225000232,137,0,137
225000241,45,4,41
225000242,2,20,-18
225000249,15,1,14
225000250,48,297,-249
225000251,374,24,350
226000042,147,195,-48
226000043,31,171,-140
226000044,49,178,-129
226000045,30,189,-159
226000046,420,67,353
226000047,387,114,273
226000048,352,120,232
226000049,274,188,86
226000070,0,12,-12
226000071,0,36,-36
226000072,0,6,-6
226000073,0,5,-5
226000074,0,6,-6
226000084,0,19,-19
226000085,2,3,-1
226000086,6,13,-7
226000087,0,23,-23
226000088,6,15,-9
226000090,143,141,2
226000091,15,40,-25
226000092,3,8,-5
226000093,18,1,17
226000094,4,3,1
226000095,10,4,6
226000105,10,0,10
226000106,9,1,8
226000107,10,0,10
226000108,18,9,9
226000109,117,1,116
226000124,110,71,39
226000134,742,426,316
226000135,1376,459,917
226000136,502,320,182
226000137,9,166,-157
226000138,12,112,-100
226000139,0,18,-18
226000156,233,6,227
226000157,214,10,204
226000163,133,49,84
226000202,4,149,-145
226000231,501,19,482
226000232,33,3,30
227000033,404,68,336
227000036,452,33,419
227000037,446,30,416
227000038,163,32,131
227000049,0,42,-42
227000050,2,52,-50
227000055,77,0,77
227000056,36,0,36
227000084,2,82,-80
227000085,2,75,-73
227000088,31,3,28
227000089,87,1,86
227000090,39,2,37
227000091,16,1,15
227000093,79,0,79
227000094,12,0,12
227000130,28,188,-160
227000131,25,119,-94
227000132,14,90,-76
227000133,18,93,-75
227000134,32,192,-160
227000152,0,9,-9
227000153,0,91,-91
227000155,1,18,-17
227000156,0,20,-20
227000165,3,161,-158
227000196,363,121,242
227000199,489,186,303
227000230,7,194,-187
227000232,625,35,590
227000242,68,333,-265
227000243,390,68,322
227000245,19,182,-163
227000246,110,198,-88
227000247,440,40,400
227000248,212,48,164
227000249,25,163,-138
227000250,333,165,168
227000251,92,309,-217
227000252,25,142,-117
227000253,251,23,228
227000262,423,35,388
227000266,1547,27,1520
227000267,21,702,-681
227000282,6,79,-73
227000284,646,13,633
227000286,1,46,-45
227000287,12,88,-76
227000291,12,176,-164
227000484,243,11,232
227000485,9,414,-405
227000655,171,11,160
227000656,524,27,497
227000657,80,4,76
227000661,311,21,290
227000680,108,59,49
229000265,17,12,5
229000296,0,13,-13
229000297,5,28,-23
229000298,4,63,-59
229000320,7,4,3
229000321,6,1,5
229000412,12,22,-10
229000414,6,50,-44
229000415,11,2,9
229000416,1,9,-8
229000417,2,3,-1
229000419,51,220,-169
229000440,279,63,216
229000442,12,2,10
229000443,4,1,3
229000444,0,25,-25
229000445,62,9,53
229000446,37,20,17
229000491,0,3,-3
229000492,2,16,-14
229000493,3,22,-19
229000494,23,1,22
229000495,62,0,62
229000496,40,2,38
229000507,0,14,-14
229000508,1,15,-14
229000509,0,41,-41
229000510,0,18,-18
229000511,0,11,-11
229000512,0,4,-4
229000513,0,1,-1
229000514,0,0,0
229000517,1,3,-2
229000518,3,4,-1
229000519,0,0,0
229000520,2,3,-1
229000521,51,3,48
229000522,10,3,7
229000523,3,2,1
229000524,3,2,1
229000527,1,0,1
229000528,0,0,0
229000529,1,0,1
229000530,11,1,10
229000531,9,1,8
229000532,4,0,4
229000533,20,0,20
229000534,11,0,11
229000564,36,1,35
229000565,20,0,20
229000566,0,4,-4
229000567,0,3,-3
229000582,30,1,29
229000583,2,0,2
229000584,0,9,-9
229000585,0,37,-37
229000718,0,1,-1
229000719,0,2,-2
229000720,0,7,-7
229000721,0,5,-5
229000722,0,0,0
229000723,0,0,0
229000724,0,0,0
229000725,0,0,0
229000738,0,0,0
229000739,0,0,0
229000740,0,0,0
229000741,19,0,19
229000742,2,0,2
229000743,6,0,6
229000744,0,0,0
229000745,0,0,0
229000746,6,0,6
229000847,34,0,34
229000848,15,0,15
229000849,126,0,126
229000851,84,0,84
229000854,0,5,-5
229000856,0,18,-18
229000857,0,8,-8
229000858,0,20,-20
229000919,13,47,-34
229000930,1,137,-136
229000937,80,12,68
229000966,44,29,15
229000981,17,17,0
229000985,17,14,3
229000986,3,3,0
229000987,0,3,-3
229000988,7,3,4
229000989,16,7,9
229000990,3,1,2
229000991,1,1,0
229000992,12,7,5
229000993,115,6,109
229000998,3,42,-39
229000999,69,7,62
229001034,1,8,-7
229001035,3,1,2
229001037,40,4,36
229001042,17,8,9
229001047,2,16,-14
229001050,30,28,2
229001168,0,4,-4
229001200,11,4,7
229001338,2,7,-5
229001394,202,1,201
229001422,95,23,72
229001423,24,74,-50
229001431,51,37,14
229001432,27,41,-14
229001444,210,30,180
229001445,32,98,-66
229001479,23,1,22
229001503,224,58,166
229001504,148,61,87
229001505,123,47,76
229001506,58,70,-12
229001509,20,12,8
229001545,112,5,107
229001546,5,68,-63
229001553,68,6,62
229001554,17,49,-32
229001559,0,2,-2
229001560,9,21,-12
229001630,67,9,58
229001631,9,23,-14
229001635,1,8,-7
229001636,3,0,3
229001658,0,72,-72
229001659,44,3,41
229001660,8,7,1
229001661,4,24,-20
229001662,23,1,22
229001663,0,11,-11
229002584,150,109,41
229002831,68,72,-4
229002841,8,10,-2
229002842,23,15,8
229002843,28,29,-1
229002844,16,30,-14
229002845,7,84,-77
229002846,28,27,1
229002847,2,15,-13
229002848,2,2,0
229002849,0,60,-60
229002850,9,3,6
229002851,25,99,-74
229002852,117,9,108
229002853,114,15,99
229002854,46,35,11
229002855,7,17,-10
229002856,33,13,20
229002857,15,99,-84
229002858,15,5,10
229002859,22,48,-26
229002860,93,11,82
229002861,30,44,-14
229002862,18,19,-1
229002863,26,19,7
229002864,30,28,2
229002865,6,9,-3
229002866,1,16,-15
229002867,1,17,-16
229002868,7,2,5
229002869,18,66,-48
229002870,54,12,42
235000066,214,42,172
235000067,75,61,14
235000072,32,55,-23
235000073,90,226,-136
235000074,22,20,2
235000080,20,32,-12
235000081,84,60,24
235000082,301,18,283
235000083,187,45,142
235000084,36,37,-1
235000085,201,26,175
235000089,21,15,6
235000092,28,113,-85
235000093,16,5,11
235000097,1,4,-3
235000098,77,10,67
235000099,22,12,10
235000116,36,15,21
235000117,355,20,335
235000133,16,416,-400
235000134,11,157,-146
235000206,10,7,3
235000207,6,6,0
235000208,2,4,-2
235000209,0,0,0
235000210,12,5,7
235000212,1,12,-11
235000213,0,3,-3
235000220,0,3,-3
235000221,44,19,25
235000238,14,164,-150
235000239,2,50,-48
235000242,248,793,-545
235000245,267,142,125
235000246,9,36,-27
235000284,3,145,-142
235000295,79,3,76
235000305,254,15,239
235000306,331,10,321
235000307,23,2,21
235000308,9,1,8
235000309,52,2,50
235000310,32,0,32
235000311,41,8,33
235000322,0,20,-20
235000323,0,25,-25
235000324,0,20,-20
235000325,0,9,-9
235000326,8,69,-61
235000351,3,72,-69
235000352,11,35,-24
235000353,2,19,-17
235000354,11,75,-64
235000355,20,62,-42
235000356,54,2,52
235000357,38,5,33
235000358,60,7,53
235000359,15,5,10
235000360,35,5,30
235000361,71,3,68
235000381,84,90,-6
235000382,165,16,149
235000390,8,1,7
235000391,178,8,170
235000392,184,265,-81
235000393,112,107,5
235000395,133,34,99
235000396,409,56,353
235000400,50,52,-2
235000401,7,61,-54
235000405,81,114,-33
235000406,44,105,-61
235000407,42,74,-32
235000409,131,55,76
235000410,11,127,-116
235000411,1,22,-21
235000485,0,14,-14
235000486,8,0,8
235000549,82,40,42
235000550,104,49,55
235000599,141,17,124
235000600,8,14,-6
235000601,14,43,-29
235000602,75,52,23
235000614,2,5,-3
235000648,0,8,-8
235000649,25,4,21
235000685,0,0,0
235000815,16,138,-122
235000834,1,10,-9
235000855,35,25,10
235000862,62,62,0
235000891,0,17,-17
235000892,29,21,8
235000901,39,44,-5
235000907,8,7,1
235001010,79,33,46
235001029,216,175,41
235001030,296,110,186
235001078,45,61,-16
235001079,44,55,-11
235001147,31,39,-8
235001166,18,38,-20
235001167,41,16,25
235001169,23,333,-310
235001188,0,8,-8
235001189,1,2,-1
235001197,5,22,-17
235001200,56,38,18
235001207,491,27,464
235001210,89,103,-14
235001215,17,130,-113
235001239,0,37,-37
235001244,0,12,-12
235016267,1,30,-29
277101746,0,0,0
277102712,0,0,0
277103813,0,0,0
277103814,0,0,0
277103898,0,0,0
277104249,0,1,-1
277104250,0,8,-8
277104251,0,14,-14
277104252,0,1,-1
990011530,1,132,-131
990014944,0,209,-209
990015176,77,12,65
990015618,0,39,-39
990016032,1,140,-139
990032570,0,21,-21
990070001,75,37,38
990070103,0,2,-2
990070601,0,33,-33
990070751,1021,6,1015
990070766,0,148,-148
990071180,455,137,318
990071343,17,2,15
990071387,0,16,-16
990071823,223,2,221
990072600,2,1292,-1290
990072964,3,260,-257
990073285,0,2,-2
990074393,0,352,-352
990074870,1531,10,1521
990075106,702,2,700
990075746,596,4,592
990076437,1617,2,1615
990076458,0,228,-228
997000007,441,20,421
997000041,0,150,-150
997000058,79,0,79
997000062,22,1,21
997000069,0,4,-4
997000070,0,19,-19
997000100,38,0,38
997000141,0,625,-625
997000198,53,685,-632
998000475,0,1,-1
998000736,0,73,-73
998000965,0,4,-4
998001031,0,43,-43
998001700,0,13,-13
998001899,0,2,-2
998001900,6,0,6
998003073,845,8,837
998101900,0,0,0
998102850,0,245,-245
998501927,513,1124,-611
998501929,91,3,88
998501930,47,0,47
998501931,134,6,128
998501932,0,0,0
998501933,64,3,61
998501937,13,1,12
998501944,5,2,3
998501950,1,6,-5
998501970,45,3,42
998501971,0,52,-52
998501973,0,25,-25
998501974,2,185,-183
998501975,53,3,50
998501976,336,33,303
998501977,12,16,-4
998501978,16,0,16
998501979,0,7,-7
998501980,92,0,92
998501981,33,2,31
998501982,0,94,-94
998501983,0,0,0
998502006,0,0,0
998502024,0,5,-5
998502032,0,2,-2
998502062,24,1,23
998502063,0,0,0
998502173,23,0,23
998502269,0,1,-1
998502546,0,125,-125
998502578,2,0,2
998502599,34,330,-296
998502621,0,0,0
998601159,0,61,-61
998601292,1,6,-5
999033574,0,159,-159
999800001,29,4,25
999800002,0,6,-6
999800003,0,14,-14
999800004,0,2,-2
999800005,3,17,-14
