ID,insum,outsum,diff
100000001,435,675,-240
100000002,2958,2181,777
100000003,2942,3416,-474
100000004,403,768,-365
100000005,1609,3339,-1730
100000006,354,169,185
100000007,1413,496,917
100000008,94,327,-233
100000009,208,178,30
100000010,28,58,-30
100000011,594,166,428
100000012,75,1020,-945
100000013,37,280,-243
100000014,145,197,-52
100000015,979,1580,-601
100000016,526,788,-262
100000017,360,481,-121
100000018,650,419,231
100000019,2317,1569,748
100000020,1071,3845,-2774
100000021,3147,1599,1548
100000022,589,1851,-1262
100000023,2731,1115,1616
100000025,495,1102,-607
100000028,603,746,-143
100000029,58,309,-251
100000030,68,29,39
100000031,2035,4266,-2231
100000032,1117,2746,-1629
100000033,766,2096,-1330
100000034,151,636,-485
100000035,642,948,-306
100000036,785,1140,-355
100000037,540,306,234
100000038,1683,708,975
100000039,300,225,75
100000040,125,129,-4
100000041,1175,475,700
100000042,670,426,244
100000043,626,545,81
100000044,259,640,-381
100000045,283,763,-480
100000046,377,425,-48
100000047,149,282,-133
100000048,193,437,-244
100000049,965,890,75
100000051,371,551,-180
100000053,91,4,87
100000054,212,29,183
100000055,582,295,287
100000056,479,508,-29
100000057,1524,482,1042
100000058,612,746,-134
100000059,9,191,-182
100000060,324,233,91
100000061,1652,334,1318
100000062,1254,347,907
100000063,755,225,530
100000064,895,270,625
100000065,225,562,-337
100000066,137,493,-356
100000067,214,436,-222
100000068,307,932,-625
100000069,230,723,-493
100000072,196,468,-272
100000073,740,690,50
100000075,539,207,332
100000076,1125,2479,-1354
100000077,117,306,-189
100000078,15,34,-19
100000079,17,26,-9
100000080,13,56,-43
100000081,76,222,-146
100000102,2229,2794,-565
100000103,1219,1163,56
100000104,1713,1968,-255
100000105,1210,1279,-69
100000106,1225,2336,-1111
100000107,196,1018,-822
100000108,363,539,-176
100000109,1133,1017,116
100000116,689,816,-127
100000117,32,126,-94
100000118,829,1179,-350
100000119,405,940,-535
100000121,209,353,-144
100000122,1403,763,640
100000123,1141,2188,-1047
100000124,2702,3521,-819
100000125,2385,1246,1139
100000126,406,359,47
100000127,959,334,625
100000128,1355,1681,-326
100000129,324,490,-166
100000130,389,241,148
100000131,1009,1563,-554
100000132,586,1618,-1032
100000133,1854,1335,519
100000135,467,1062,-595
100000139,231,443,-212
100000140,175,277,-102
100000142,452,407,45
100000143,856,323,533
100000144,1778,489,1289
100000147,1014,2674,-1660
100000150,64,483,-419
100000151,615,1610,-995
100000153,174,460,-286
100000154,30,245,-215
100000155,13,46,-33
100000156,312,455,-143
100000157,353,150,203
100000158,278,153,125
100000159,222,403,-181
100000165,758,610,148
100000169,76,724,-648
100000174,194,594,-400
100000179,81,337,-256
100000180,640,1304,-664
100000181,255,321,-66
100000188,52,99,-47
100000189,754,293,461
100000190,614,1468,-854
100000191,553,521,32
100000192,25,74,-49
100000193,208,150,58
100000330,572,821,-249
100000355,186,561,-375
100000362,2679,1642,1037
100000363,3774,3512,262
100000364,106,198,-92
100000365,4405,7796,-3391
100000366,2765,1924,841
100000367,3771,5916,-2145
100000368,2234,898,1336
100000369,472,1745,-1273
100000370,97,770,-673
100000376,80,131,-51
100000379,1139,1159,-20
100000380,3236,3867,-631
100000384,3860,4743,-883
100000385,1733,2781,-1048
100000386,3837,4571,-734
100000387,2566,4625,-2059
100000388,2973,5235,-2262
100000389,3274,5058,-1784
100000390,4323,5528,-1205
100000391,3105,6810,-3705
100000392,2059,3708,-1649
100000393,1647,4333,-2686
100000394,4237,7808,-3571
100000395,2747,4697,-1950
100000396,5150,3589,1561
100000397,3358,7502,-4144
100000398,6895,5612,1283
100000413,8,3,5
100900002,3,10,-7
100900003,248,163,85
100900004,18,407,-389
100900005,74,18,56
100900006,18,55,-37
100900007,89,3,86
100900008,3,254,-251
100900009,42,175,-133
100900010,31,24,7
100900011,106,117,-11
100900012,0,127,-127
100900013,524,27,497
100900014,4,7,-3
100900015,52,51,1
100900016,5,18,-13
100900017,493,56,437
100900018,1,2,-1
100900019,26,53,-27
100900020,164,6,158
100900021,317,2,315
100900022,7,24,-17
100900023,0,7,-7
100900024,271,3,268
100900025,6,8,-2
100900026,87,64,23
100900027,293,1423,-1130
100900028,99,132,-33
100900029,19,8,11
100900030,13,57,-44
100900031,458,20,438
100900032,186,2,184
100900033,78,135,-57
100900034,424,0,424
100900035,174,1,173
100900036,8,0,8
100900037,105,93,12
100900038,77,55,22
100900039,137,322,-185
100900040,365,370,-5
100900041,724,367,357
100900042,1224,983,241
100900043,0,7,-7
100900044,965,329,636
100900045,35,1,34
100900046,690,5,685
100900047,489,122,367
100900048,117,86,31
100900049,40,91,-51
100900050,0,6,-6
100900051,28,53,-25
100900052,163,27,136
100900053,428,17,411
100900054,7,16,-9
100900055,158,448,-290
100900056,24,45,-21
100900057,828,933,-105
100900058,128,34,94
100900059,59,1,58
100900060,171,2,169
100900061,272,123,149
100900062,15,11,4
100900063,187,539,-352
100900064,422,35,387
100900065,37,129,-92
100900066,102,188,-86
100900067,2,9,-7
100900068,36,53,-17
100900069,715,8,707
100900070,296,4,292
100900071,427,143,284
100900072,0,18,-18
100900073,105,173,-68
100900074,1,1,0
100900075,817,191,626
100900076,2,14,-12
100900077,17,44,-27
100900078,50,213,-163
100900079,6,10,-4
100900080,42,122,-80
100900081,40,113,-73
100900082,133,323,-190
100900083,10,12,-2
100900085,20,179,-159
100900086,87,398,-311
100900088,54,220,-166
100900089,2,6,-4
100900090,72,254,-182
100900091,3,11,-8
100900092,116,167,-51
100900093,228,159,69
100900094,102,182,-80
100900095,1,15,-14
100900096,54,93,-39
100900097,2,6,-4
100900098,19,13,6
100900099,17,339,-322
100900100,9,423,-414
100900101,140,27,113
100900102,3,21,-18
100900103,6,23,-17
100900104,3,121,-118
100900105,13,254,-241
100900106,21,4,17
100900107,956,520,436
100900108,5,7,-2
100900109,6,35,-29
100900110,0,9,-9
100900111,16,164,-148
100900112,4,21,-17
100900113,11,17,-6
100900114,5,17,-12
100900115,7,15,-8
100900116,532,366,166
100900117,160,704,-544
100900118,12,13,-1
100900119,7,8,-1
100900120,4,5,-1
100900121,170,305,-135
100900122,85,102,-17
100900123,57,106,-49
100900124,8,22,-14
100900125,5,41,-36
100900126,123,63,60
100900127,2,11,-9
100900128,61,91,-30
100900129,0,215,-215
100900131,60,139,-79
100900133,39,16,23
100900134,0,3,-3
100900135,1,184,-183
100900137,280,127,153
100900138,225,306,-81
100900139,1,4,-3
100900140,1,277,-276
100900141,2,518,-516
100900142,0,6,-6
100900143,254,250,4
100900144,3,3,0
100900145,32,114,-82
100900146,2,41,-39
100900147,3,358,-355
100900148,30,297,-267
100900149,34,162,-128
100900150,5,24,-19
100900151,85,215,-130
100900152,113,6,107
100900153,4,111,-107
100900154,1,47,-46
100900155,6,2,4
100900156,13,2,11
100900157,8,166,-158
100900159,2,27,-25
100900160,15,4,11
100900161,30,11,19
100900162,6,200,-194
100900163,113,113,0
100900164,36,27,9
100900165,21,18,3
100900166,13,7,6
100900167,11,46,-35
100900168,26,96,-70
100900169,88,499,-411
100900170,9,5,4
100900171,17,251,-234
100900172,0,28,-28
100900173,2,139,-137
100900174,35,15,20
100900176,1206,119,1087
100900177,417,210,207
100900178,117,107,10
100900179,152,140,12
100900180,0,6,-6
100900181,52,63,-11
100900182,45,35,10
100900184,6,97,-91
100900186,299,247,52
100900187,6,39,-33
100900188,16,3,13
100900189,1013,185,828
100900191,549,960,-411
100900192,213,346,-133
100900195,121,72,49
100900197,4,15,-11
100900198,15,96,-81
100900199,2,2,0
100900200,460,237,223
100900201,18,269,-251
100900202,38,0,38
100900203,1,255,-254
100900204,58,369,-311
100900205,118,435,-317
100900206,156,58,98
100900207,187,142,45
100900210,52,224,-172
100900211,260,118,142
100900213,65,28,37
100900214,311,96,215
100900215,5,28,-23
100900217,41,82,-41
101000001,1661,1372,289
101000002,3796,4642,-846
101000003,274,604,-330
101000004,4041,4021,20
101000005,2460,3161,-701
101000006,3419,4261,-842
101000007,1828,2765,-937
101000008,1698,1514,184
101000009,1423,615,808
101000010,640,535,105
101000011,659,235,424
101000012,597,510,87
101000013,494,703,-209
101000014,301,351,-50
101000015,1130,655,475
101000016,221,311,-90
101000017,330,292,38
101000018,1487,1702,-215
101000020,1273,624,649
101000021,617,214,403
101000022,81,109,-28
101000023,868,483,385
101000025,284,284,0
101000026,217,18,199
101000027,1699,2591,-892
101000028,571,204,367
101000029,160,1321,-1161
101000030,1010,115,895
101000031,368,922,-554
101000032,3480,4255,-775
101000033,1292,2825,-1533
101000034,1005,1450,-445
101000035,413,282,131
101000036,1120,860,260
101000037,1469,1608,-139
101000039,1237,2371,-1134
101000040,1775,3556,-1781
101000041,2954,6240,-3286
101000042,195,972,-777
101000043,2911,6120,-3209
101000045,595,850,-255
101000046,1555,2111,-556
101000047,1211,3998,-2787
101000048,425,377,48
101000049,354,1568,-1214
101000050,859,1519,-660
101000051,710,2244,-1534
101000052,863,928,-65
101000053,731,1020,-289
101000054,1627,725,902
101000055,902,1142,-240
101000056,38,95,-57
101000057,992,994,-2
101000058,609,976,-367
101000059,1556,1752,-196
101000060,1342,632,710
101000061,459,1035,-576
101000062,325,659,-334
101000063,357,1011,-654
101000064,750,1024,-274
101000065,320,639,-319
101000066,683,1022,-339
101000067,830,969,-139
101000068,141,478,-337
101000069,173,75,98
101000070,571,914,-343
101000071,1257,772,485
101000072,407,2268,-1861
101000073,580,909,-329
101000074,3116,3162,-46
101000075,2141,4241,-2100
101000077,1171,982,189
101000078,572,1264,-692
101000079,1455,736,719
101000080,935,715,220
101000081,1363,1246,117
101000082,2008,2138,-130
101000083,2154,1979,175
101000084,903,600,303
101000085,1025,954,71
101000086,787,832,-45
101000087,606,656,-50
101000088,938,1016,-78
101000089,717,1179,-462
101000090,1318,793,525
101000091,349,398,-49
101000092,975,563,412
101000093,1114,507,607
101000094,755,691,64
101000095,432,381,51
101000096,340,276,64
101000097,325,396,-71
101000098,279,385,-106
101000099,478,758,-280
101000100,455,730,-275
101000101,159,279,-120
101000102,439,463,-24
101000103,554,441,113
101000104,217,492,-275
101000105,273,519,-246
101000106,503,904,-401
101000107,225,268,-43
101000108,396,171,225
101000109,357,33,324
101000110,23,162,-139
101000111,73,152,-79
101000113,173,436,-263
101000114,4588,8168,-3580
101000115,120,68,52
101000116,42,51,-9
101000117,1682,219,1463
101000119,61,69,-8
101000120,101,46,55
101000121,43,71,-28
101000122,82,120,-38
101000123,56,124,-68
101000124,1227,295,932
101000125,100,368,-268
101000128,173,528,-355
101000130,136,201,-65
101000131,748,323,425
101000132,636,473,163
101000135,31,51,-20
101000136,290,195,95
101000137,23,325,-302
101000141,739,2741,-2002
101000147,664,298,366
101000148,451,9,442
101000149,275,571,-296
101000150,88,282,-194
101000151,198,43,155
101000152,194,188,6
101000153,232,134,98
101000154,213,460,-247
101000155,306,113,193
101000156,17,190,-173
101000157,37,24,13
101000160,50,41,9
101000163,127,339,-212
101000164,240,165,75
101000165,192,279,-87
101000166,175,182,-7
101000168,615,323,292
101000252,1608,845,763
101000254,92,81,11
101000258,47,6,41
101000261,152,53,99
101000262,1219,2112,-893
101000263,191,806,-615
101000265,45,666,-621
101000266,217,166,51
101000269,20,11,9
101000290,479,1752,-1273
101000293,34,25,9
101000294,473,303,170
101000295,136,284,-148
101000301,315,350,-35
101000304,1644,1877,-233
101000305,2078,814,1264
101000328,98,305,-207
101900001,37,72,-35
101900002,0,10,-10
101900003,41,60,-19
101900004,3,69,-66
101900005,1637,2037,-400
101900006,859,48,811
101900007,535,145,390
101900008,48,176,-128
101900009,52,214,-162
101900010,519,566,-47
101900011,125,565,-440
101900012,192,64,128
101900013,360,139,221
101900017,12,87,-75
101900018,604,193,411
101900019,206,114,92
101900020,39,25,14
101900021,0,30,-30
101900022,122,513,-391
101900023,85,85,0
101900026,99,28,71
101900027,9,56,-47
102000001,2528,3242,-714
102000002,1694,622,1072
102000003,1795,4880,-3085
102000004,2554,1642,912
102000005,952,1947,-995
102000006,556,1232,-676
102000007,1141,3249,-2108
102000008,2161,1098,1063
102000009,4727,6253,-1526
102000010,2836,2383,453
102000011,2629,2226,403
102000012,2137,1846,291
102000018,1675,1816,-141
102000019,1416,1073,343
102000026,128,361,-233
102000029,135,152,-17
102000030,83,255,-172
102000031,53,103,-50
102000032,448,207,241
102000033,210,247,-37
102000034,327,231,96
102000035,629,413,216
102000036,10,176,-166
102000037,107,50,57
102000038,121,265,-144
102000039,145,53,92
102000040,251,212,39
102000041,96,403,-307
102000042,109,300,-191
102000043,119,148,-29
102000044,276,326,-50
102000045,425,583,-158
102000046,800,414,386
102000047,514,602,-88
102000048,307,453,-146
102000049,747,558,189
102000050,582,791,-209
102000051,296,487,-191
102000052,751,429,322
102000053,598,669,-71
102000054,683,874,-191
102000055,1072,336,736
102000056,841,464,377
102000057,958,349,609
102000058,668,698,-30
102000059,977,836,141
102000060,735,610,125
102000061,1178,884,294
102000062,1302,654,648
102000063,717,809,-92
102000064,405,503,-98
102000065,48,162,-114
102000066,653,498,155
102000067,1597,1861,-264
102000068,6119,1932,4187
102000069,49,1986,-1937
102000070,983,45,938
102000071,4651,5924,-1273
102000072,2043,2639,-596
102000073,700,628,72
102000074,437,478,-41
102000075,84,214,-130
102000076,196,237,-41
102000077,570,451,119
102000078,700,499,201
102000079,139,128,11
102000080,159,124,35
102000081,176,721,-545
102000082,406,274,132
102000083,447,124,323
102000084,357,141,216
102000085,1201,630,571
102000086,974,512,462
102000087,569,884,-315
102000088,219,177,42
102000089,975,261,714
102000090,310,654,-344
102000091,1039,369,670
102000092,194,345,-151
102000093,525,591,-66
102000094,499,458,41
102000095,566,892,-326
102000096,325,550,-225
102000097,348,501,-153
102000098,348,453,-105
102000099,532,716,-184
102000100,273,947,-674
102000101,434,617,-183
102000102,209,703,-494
102000103,916,249,667
102000104,383,223,160
102000105,204,352,-148
102000106,578,320,258
102000107,1187,298,889
102000108,465,110,355
102000109,441,304,137
102000110,947,598,349
102000111,6,166,-160
102000112,97,114,-17
102000113,13,15,-2
102000114,467,251,216
102000115,131,183,-52
102000116,158,321,-163
102000117,97,396,-299
102000118,578,963,-385
102000119,970,671,299
102000120,116,270,-154
102000121,664,255,409
102000122,385,630,-245
102000123,803,556,247
102000124,700,770,-70
102000125,469,527,-58
102000126,421,385,36
102000127,826,353,473
102000128,410,457,-47
102000129,943,371,572
102000130,536,396,140
102000131,719,327,392
102000132,309,342,-33
102000133,1697,1046,651
102000134,658,432,226
102000135,365,587,-222
102000136,501,435,66
102000137,365,533,-168
102000138,174,209,-35
102000139,31,252,-221
102000140,91,355,-264
102000141,157,199,-42
102000142,185,199,-14
102000143,137,175,-38
102000144,244,153,91
102000145,269,201,68
102000146,280,170,110
102000147,399,265,134
102000148,122,330,-208
102000149,109,137,-28
102000150,373,64,309
102000151,86,121,-35
102000152,148,89,59
102000153,734,462,272
102000154,154,390,-236
102000155,46,245,-199
102000156,178,112,66
102000157,55,365,-310
102000158,307,340,-33
102000159,508,457,51
102000161,1394,1327,67
102000162,120,89,31
102000163,51,357,-306
102000164,424,666,-242
102000165,122,104,18
102000166,18,121,-103
102000167,145,130,15
102000168,193,116,77
102000169,59,364,-305
102000170,286,94,192
102000171,86,51,35
102000172,61,178,-117
102000173,298,179,119
102000174,42,38,4
102000175,61,51,10
102000176,43,18,25
102000178,234,227,7
102000179,367,179,188
102000180,837,263,574
102000181,601,318,283
102000182,374,319,55
102000183,1389,908,481
102000184,1514,390,1124
102000185,2295,657,1638
102000186,1016,846,170
102000187,625,726,-101
102000188,831,828,3
102000189,1135,346,789
102000190,323,1620,-1297
102000191,720,243,477
102000192,979,947,32
102000193,47,76,-29
102000194,55,85,-30
102000195,311,247,64
102000196,164,174,-10
102000197,569,144,425
102000198,127,307,-180
102000199,875,153,722
102000200,234,457,-223
102000201,750,227,523
102000202,10,69,-59
102000203,296,86,210
102000204,295,317,-22
102000205,744,182,562
102000206,454,211,243
102000207,376,266,110
102000208,278,221,57
102000209,23,32,-9
102000210,301,172,129
102000211,324,114,210
102000212,245,6,239
102000213,2,128,-126
102000214,220,15,205
102000215,2,150,-148
102000216,40,75,-35
102000217,4,65,-61
102000218,213,120,93
102000219,225,114,111
102000225,362,342,20
102000226,840,920,-80
102000227,89,2,87
102000228,0,48,-48
102000229,36,51,-15
102000230,205,245,-40
102000231,169,233,-64
102000232,31,103,-72
102000233,268,338,-70
102000234,75,628,-553
102000236,92,46,46
102000237,321,84,237
102000238,111,160,-49
102000240,309,421,-112
102000241,70,90,-20
102000243,34,25,9
102000245,17,81,-64
102000246,7,34,-27
102000247,312,378,-66
102000248,247,622,-375
102000249,101,68,33
102000250,63,191,-128
102000254,128,115,13
102000266,7,289,-282
102000271,19,0,19
102000286,256,231,25
102000297,1188,604,584
102000299,0,0,0
102000301,1,0,1
102000303,0,0,0
102000305,0,0,0
102000307,0,4,-4
102900001,772,491,281
102900002,326,35,291
102900003,37,105,-68
102900005,294,141,153
102900006,384,67,317
102900007,312,15,297
102900008,188,21,167
102900009,396,191,205
102900010,198,802,-604
102900011,925,208,717
102900012,361,59,302
102900013,23,61,-38
102900015,357,265,92
102900016,51,65,-14
102900017,157,273,-116
102900018,26,62,-36
102900019,220,202,18
102900020,114,18,96
102900021,31,64,-33
102900022,453,133,320
102900023,6,31,-25
102900024,23,32,-9
102900025,133,78,55
102900026,209,1401,-1192
102900027,56,56,0
102900028,79,522,-443
102900029,121,142,-21
102900030,243,240,3
102900031,159,81,78
102900032,77,65,12
102900033,64,98,-34
102900034,345,27,318
102900035,120,155,-35
102900036,251,208,43
102900037,237,192,45
102900038,351,214,137
102900039,12,346,-334
102900040,90,168,-78
102900041,56,134,-78
102900042,163,181,-18
102900043,137,104,33
102900044,383,1189,-806
102900045,122,331,-209
102900046,154,133,21
102900047,95,318,-223
102900048,454,227,227
102900049,79,177,-98
102900050,128,159,-31
102900051,132,123,9
102900053,228,349,-121
102900054,255,698,-443
102900055,32,142,-110
102900056,83,220,-137
102900057,2,36,-34
102900058,285,52,233
102900059,23,77,-54
102900060,70,257,-187
102900061,165,216,-51
102900062,218,356,-138
102900063,1007,288,719
102900064,54,249,-195
102900065,784,224,560
102900066,236,6,230
102900068,67,61,6
102900070,155,266,-111
102900072,3,39,-36
102900073,78,6,72
102900075,9,50,-41
102900076,53,99,-46
102900077,32,32,0
102900078,15,53,-38
102900079,169,7,162
102900080,317,35,282
102900081,61,182,-121
102900082,8,96,-88
102900083,117,19,98
102900084,0,22,-22
102900085,318,87,231
102900086,25,48,-23
102900087,80,63,17
102900088,30,9,21
102900089,154,77,77
102900090,0,130,-130
102900091,111,0,111
102900092,267,363,-96
102900094,2,53,-51
102900095,60,2,58
102900096,61,13,48
102900097,0,54,-54
103000001,1766,1672,94
103000002,1610,1721,-111
103000003,2305,1940,365
103000004,717,547,170
103000005,1388,2222,-834
103000006,661,1123,-462
103000007,249,436,-187
103000008,641,390,251
103000009,1215,754,461
103000010,117,47,70
103000011,1071,809,262
103000012,1162,1066,96
103000013,1971,1119,852
103000014,914,1819,-905
103000015,900,417,483
103000016,414,981,-567
103000017,174,303,-129
103000018,361,194,167
103000019,270,178,92
103000020,1498,977,521
103000021,1382,1532,-150
103000022,496,721,-225
103000023,538,1392,-854
103000024,56,89,-33
103000025,78,469,-391
103000026,439,66,373
103000027,200,419,-219
103000028,187,258,-71
103000029,78,165,-87
103000030,908,811,97
103000031,664,1305,-641
103000032,1498,981,517
103000033,2162,1977,185
103000034,801,702,99
103000035,308,892,-584
103000036,267,307,-40
103000037,368,369,-1
103000038,349,586,-237
103000039,418,215,203
103000040,405,451,-46
103000041,1081,910,171
103000042,992,264,728
103000043,547,536,11
103000044,218,91,127
103000046,358,295,63
103000047,422,331,91
103000048,148,101,47
103000049,66,64,2
103000050,569,183,386
103000051,413,292,121
103000052,467,167,300
103000053,136,399,-263
103000054,2054,1067,987
103000055,1551,1458,93
103000056,563,772,-209
103000057,703,134,569
103000058,397,494,-97
103000059,405,464,-59
103000060,494,290,204
103000061,360,592,-232
103000062,754,282,472
103000063,593,620,-27
103000064,138,101,37
103000065,1,226,-225
103000066,129,12,117
103000069,332,178,154
103000070,676,405,271
103000071,904,356,548
103000072,105,366,-261
103000073,422,78,344
103000074,489,67,422
103000075,79,301,-222
103000076,239,296,-57
103000077,25,172,-147
103000078,486,522,-36
103000079,307,486,-179
103000080,491,296,195
103000081,240,887,-647
103000082,298,169,129
103000083,61,192,-131
103000084,75,17,58
103000085,2,71,-69
103000086,349,270,79
103000087,70,443,-373
103000088,161,240,-79
103000089,184,327,-143
103000090,1872,702,1170
103000091,465,394,71
103000092,177,189,-12
103000093,264,298,-34
103000094,113,62,51
103000095,54,246,-192
103000096,412,36,376
103000097,45,547,-502
103000098,422,140,282
103000099,147,577,-430
103000100,63,383,-320
103000101,675,82,593
103000102,57,267,-210
103000103,507,107,400
103000104,47,87,-40
103000105,149,68,81
103000106,3,94,-91
103000107,145,43,102
103000108,730,418,312
103000109,331,392,-61
103000110,465,356,109
103000111,319,295,24
103000112,259,138,121
103000113,387,400,-13
103000114,872,353,519
103000115,419,326,93
103000116,495,271,224
103000117,320,251,69
103000118,291,333,-42
103000119,559,266,293
103000120,31,58,-27
103000121,123,425,-302
103000122,307,559,-252
103000125,11,89,-78
103000126,480,2,478
103000127,0,71,-71
103000128,107,1,106
103000129,3,67,-64
103000130,40,14,26
103000131,77,87,-10
103000132,66,86,-20
103000133,17,57,-40
103000134,203,616,-413
103000135,347,217,130
103000136,424,313,111
103000137,278,434,-156
103000138,407,469,-62
103000139,0,51,-51
103000140,126,21,105
103000141,22,89,-67
103000142,60,38,22
103000143,36,148,-112
103000144,105,37,68
103000145,12,57,-45
103000150,63,24,39
103000152,124,175,-51
103000153,177,102,75
103000156,5,155,-150
103000157,259,5,254
103000159,92,39,53
103000162,41,22,19
103000163,9,56,-47
103000164,8,12,-4
103000165,60,127,-67
103000166,136,209,-73
103000167,185,101,84
103000168,101,97,4
103000169,165,264,-99
103000170,722,250,472
103000171,28,63,-35
103000172,355,165,190
103000173,475,200,275
103000174,186,170,16
103000175,248,117,131
103000176,579,491,88
103000177,315,230,85
103000178,111,191,-80
103000179,125,28,97
103000183,134,8,126
103000185,104,27,77
103000186,130,97,33
103000187,547,154,393
103000188,13,42,-29
103000189,511,434,77
103000191,299,341,-42
103000292,594,1067,-473
103000293,447,1605,-1158
103000295,27,82,-55
103000296,103,3,100
103000297,10,36,-26
103000504,39,12,27
103000505,13,15,-2
103000506,2,127,-125
103000507,160,1,159
103000508,34,37,-3
103000509,151,398,-247
103900001,6,81,-75
103900002,596,112,484
103900003,686,114,572
103900004,75,0,75
103900005,8,73,-65
103900006,11,1,10
103900007,74,0,74
103900008,4,0,4
103900009,220,341,-121
103900010,77,221,-144
103900011,301,58,243
103900012,5,25,-20
103900013,68,35,33
103900014,55,16,39
103900015,43,11,32
103900016,177,85,92
103900017,34,34,0
103900018,360,98,262
103900019,43,326,-283
103900020,160,338,-178
103900021,177,54,123
103900022,761,490,271
103900023,125,1,124
103900024,50,211,-161
103900025,21,17,4
103900026,12,0,12
103900027,669,127,542
103900028,14,142,-128
103900029,816,93,723
103900030,237,90,147
103900031,29,1,28
103900032,57,69,-12
103900033,125,8,117
103900034,35,75,-40
103900035,41,14,27
103900036,22,60,-38
103900037,75,41,34
103900038,84,180,-96
103900039,67,137,-70
103900040,12,91,-79
103900041,45,31,14
103900042,74,168,-94
103900043,174,33,141
103900044,39,175,-136
103900045,247,104,143
103900047,72,14,58
103900048,8,10,-2
103900049,103,687,-584
103900050,6,107,-101
103900051,0,29,-29
103900052,152,162,-10
103900053,184,232,-48
103900054,93,160,-67
103900055,346,138,208
103900056,42,40,2
103900057,46,64,-18
103900058,237,271,-34
103900059,0,22,-22
103900060,38,109,-71
103900061,137,25,112
103900062,216,65,151
103900063,4,0,4
103900064,121,2,119
103900065,516,278,238
103900066,155,21,134
103900067,129,7,122
103900068,3,0,3
103900069,43,18,25
103900070,88,99,-11
103900071,17,52,-35
103900072,26,99,-73
103900073,33,70,-37
103900074,74,66,8
103900075,224,44,180
103900076,481,235,246
103900077,51,101,-50
103900078,192,75,117
103900079,113,84,29
103900080,7,23,-16
103900081,42,11,31
103900082,16,104,-88
103900083,604,829,-225
103900084,48,60,-12
103900085,53,94,-41
103900086,549,217,332
103900088,195,396,-201
103900089,60,82,-22
103900090,9,27,-18
103900091,850,143,707
103900092,417,169,248
103900093,33,174,-141
103900094,9,50,-41
103900095,211,135,76
103900096,20,83,-63
103900097,4,250,-246
103900098,147,78,69
103900099,59,43,16
103900100,212,186,26
103900101,70,683,-613
103900102,1,10,-9
103900104,6,17,-11
103900105,56,95,-39
103900106,1,54,-53
103900107,131,102,29
103900108,44,110,-66
103900109,100,33,67
103900110,131,23,108
103900111,104,240,-136
103900112,32,35,-3
103900113,77,155,-78
103900114,169,161,8
103900115,170,169,1
103900116,1660,1656,4
103900117,95,32,63
103900119,22,51,-29
103900120,45,75,-30
103900122,105,102,3
103900123,626,400,226
103900124,66,195,-129
103900125,109,50,59
103900126,437,242,195
103900127,192,166,26
103900128,128,56,72
103900131,25,37,-12
103900133,693,28,665
103900134,0,7,-7
103900135,12,3,9
103900137,0,18,-18
103900138,101,96,5
103900139,114,1495,-1381
103900140,3,147,-144
103900141,152,23,129
103900142,156,61,95
103900143,60,1,59
103900144,4,11,-7
103900145,99,141,-42
103900146,156,140,16
103900147,242,65,177
103900148,152,116,36
103900149,238,267,-29
103900150,2539,2942,-403
103900151,32,85,-53
103900152,530,159,371
103900153,4,0,4
103900154,334,1177,-843
103900155,44,106,-62
103900156,93,78,15
103900157,55,65,-10
103900158,120,46,74
103900159,143,26,117
103900160,55,34,21
103900161,52,107,-55
103900162,45,52,-7
103900163,6,302,-296
103900167,6,82,-76
103900168,77,33,44
103900169,18,41,-23
103900170,1,33,-32
103900171,1,20,-19
103900172,1,7,-6
103900173,5,9,-4
103900174,141,23,118
103900175,25,56,-31
103900176,3,43,-40
103900177,10,64,-54
103900178,30,35,-5
103900179,48,44,4
103900180,5,31,-26
103900181,61,48,13
103900182,41,8,33
103900184,263,110,153
103900185,89,339,-250
103900187,9,80,-71
103900188,36,36,0
103900189,140,11,129
103900190,77,29,48
103900191,16,28,-12
103900192,7,51,-44
103900193,72,99,-27
103900194,43,98,-55
103900195,8,134,-126
103900196,26,25,1
103900197,9,13,-4
103900198,8,22,-14
103900199,83,39,44
103900200,126,53,73
103900201,108,98,10
103900202,4,45,-41
103900203,25,19,6
103900204,1,31,-30
103900207,0,29,-29
103900208,87,2,85
103900209,3,42,-39
103900210,35,14,21
103900211,477,138,339
103900212,92,185,-93
103900213,49,167,-118
103900214,191,172,19
103900215,139,260,-121
103900216,7,169,-162
103900217,287,18,269
103900218,1,142,-141
103900219,106,77,29
103900233,19,3,16
103900235,11,19,-8
103900236,8,1,7
103900242,10,3,7
103900243,5,6,-1
103900244,89,81,8
103900245,81,83,-2
103900246,22,24,-2
103900247,20,52,-32
103900248,8,88,-80
103900249,8,38,-30
103900250,11,30,-19
103900251,0,16,-16
103900253,7,66,-59
103900254,0,8,-8
103900255,0,13,-13
103900256,6,15,-9
103900257,37,46,-9
103900258,9,2,7
103900259,23,3,20
103900261,10,1,9
103900262,5,0,5
103900263,32,21,11
103900264,15,6,9
103900265,29,6,23
103900266,1,50,-49
103900267,5,58,-53
103900268,15,23,-8
103900269,157,15,142
103900270,62,50,12
103900271,10,47,-37
103900272,53,21,32
103900273,29,8,21
103900274,74,2,72
103900275,27,5,22
103900276,2,8,-6
103900277,6,17,-11
103900278,3,11,-8
103900279,0,26,-26
103900280,1,10,-9
104000001,1901,1184,717
104000002,1205,1548,-343
104000003,1707,1273,434
104000004,1974,1643,331
104000005,1214,1116,98
104000006,2291,1947,344
104000007,2800,3533,-733
104000008,161,141,20
104000009,192,81,111
104000010,131,225,-94
104000011,217,139,78
104000012,119,140,-21
104000013,205,156,49
104000014,178,360,-182
104000015,203,92,111
104000016,398,205,193
104000018,623,133,490
104000019,583,142,441
104000020,95,251,-156
104000021,193,281,-88
104000022,89,167,-78
104000023,698,268,430
104000024,149,193,-44
104000026,39,188,-149
104000027,174,126,48
104000028,354,152,202
104000029,302,178,124
104000030,228,168,60
104000031,1061,310,751
104000032,147,135,12
104000033,555,366,189
104000034,253,161,92
104000035,823,234,589
104000036,672,353,319
104000037,246,123,123
104000038,385,197,188
104000039,155,95,60
104000040,145,215,-70
104000041,375,211,164
104000042,137,162,-25
104000043,117,183,-66
104000044,186,238,-52
104000045,661,413,248
104000046,623,780,-157
104000047,466,548,-82
104000048,639,683,-44
104000049,359,192,167
104000050,100,377,-277
104000051,71,353,-282
104000052,1106,1100,6
104000053,636,325,311
104000054,341,151,190
104000055,2480,1384,1096
104000056,603,176,427
104000057,92,207,-115
104000058,483,546,-63
104000059,382,714,-332
104000060,712,844,-132
104000061,759,622,137
104000062,251,68,183
104000064,361,200,161
104000065,90,457,-367
104000069,441,847,-406
104000070,63,315,-252
104000071,55,159,-104
104000072,337,117,220
104000075,25,137,-112
104000076,273,50,223
104000082,1620,2361,-741
104000083,539,126,413
104000084,89,314,-225
104000085,229,197,32
104000086,131,255,-124
104000087,219,961,-742
104000090,587,570,17
104000092,892,928,-36
104000094,471,768,-297
104000095,1397,764,633
104000096,1183,68,1115
104000097,1263,395,868
104000098,1809,370,1439
104000100,1169,299,870
104000101,860,885,-25
104000106,25,401,-376
104000107,479,184,295
104000108,133,225,-92
104000109,203,72,131
104000110,530,604,-74
104000111,1484,1451,33
104000112,751,355,396
104000116,1,415,-414
104000117,134,232,-98
104000118,564,90,474
104000119,387,129,258
104000120,168,269,-101
104000121,128,412,-284
104000122,617,563,54
104000123,444,503,-59
104000124,368,876,-508
104000125,1578,3096,-1518
104000126,262,260,2
104000127,732,1082,-350
104000128,433,220,213
104000129,303,15,288
104000130,5,134,-129
104000131,243,281,-38
104000132,258,230,28
104000133,962,531,431
104000134,688,987,-299
104000135,235,1060,-825
104000136,486,2300,-1814
104000137,1059,269,790
104000138,496,213,283
104000139,2396,1603,793
104000141,627,551,76
104000142,414,269,145
104000143,447,203,244
104000144,72,109,-37
104000145,291,176,115
104000146,176,332,-156
104000147,108,191,-83
104000148,261,115,146
104000149,121,132,-11
104000150,700,294,406
104000151,201,183,18
104000152,449,271,178
104000153,411,342,69
104000154,500,311,189
104000155,307,419,-112
104000157,549,650,-101
104000158,132,283,-151
104000159,644,304,340
104000160,1301,1256,45
104000161,96,118,-22
104000162,62,79,-17
104000165,478,644,-166
104000167,441,817,-376
104000168,394,5,389
104000169,83,19,64
104000170,162,309,-147
104000248,210,264,-54
104000251,41,124,-83
104000272,0,0,0
104000273,0,0,0
104000274,0,0,0
104000275,0,0,0
104000279,480,251,229
104000290,65,178,-113
104000291,378,747,-369
104000293,544,411,133
104000294,45,1,44
104000295,487,588,-101
104000296,357,482,-125
104000297,430,1263,-833
104000298,1372,732,640
104000299,481,1002,-521
104900001,74,166,-92
104900002,28,146,-118
104900003,46,201,-155
104900004,52,174,-122
104900005,199,132,67
104900006,238,38,200
104900007,204,114,90
104900009,100,135,-35
104900010,43,36,7
104900011,18,6,12
104900012,150,16,134
104900013,79,24,55
104900014,1363,221,1142
104900015,85,5,80
104900016,168,78,90
104900017,119,96,23
104900018,13,64,-51
104900019,141,2407,-2266
104900020,33,158,-125
104900021,8,104,-96
104900022,2,54,-52
104900023,1,29,-28
104900024,12,41,-29
104900025,49,76,-27
104900026,2,45,-43
104900027,366,227,139
104900028,25,66,-41
104900029,35,32,3
104900030,364,157,207
104900031,34,119,-85
104900032,13,54,-41
104900033,89,186,-97
104900034,259,124,135
104900035,306,153,153
104900036,146,44,102
104900037,93,107,-14
104900038,157,509,-352
104900039,352,339,13
104900040,341,83,258
104900041,215,77,138
104900042,123,99,24
104900043,15,142,-127
104900044,513,157,356
104900045,299,55,244
104900046,158,50,108
104900047,289,84,205
104900048,305,29,276
104900049,27,27,0
104900050,154,32,122
104900051,231,24,207
104900052,62,0,62
104900053,377,85,292
104900054,131,9,122
104900055,84,0,84
104900056,129,24,105
104900057,26,0,26
104900058,256,85,171
104900059,118,205,-87
104900060,0,241,-241
104900061,122,239,-117
104900063,0,72,-72
104900064,0,44,-44
104900065,0,118,-118
104900066,2,54,-52
104900067,1,182,-181
104900068,19,90,-71
104900070,133,133,0
104900071,1,218,-217
104900072,29,152,-123
104900073,21,54,-33
104900074,35,96,-61
104900075,26,9,17
104900076,69,92,-23
104900077,287,152,135
104900078,138,203,-65
104900079,47,325,-278
104900080,83,567,-484
104900082,17,204,-187
104900085,1,116,-115
104900087,217,5,212
104900089,202,2,200
104900090,671,482,189
104900091,353,262,91
104900093,129,279,-150
104900097,985,1374,-389
104900098,92,21,71
104900099,165,458,-293
104900100,182,125,57
104900102,24,65,-41
104900103,269,27,242
104900104,1381,1253,128
104900106,84,48,36
104900107,66,77,-11
104900108,23,108,-85
104900109,63,94,-31
104900110,11,35,-24
104900111,91,31,60
104900112,191,252,-61
104900113,437,196,241
104900114,270,185,85
104900115,489,186,303
104900116,191,76,115
104900118,10,18,-8
104900119,0,27,-27
104900120,24,147,-123
104900121,0,30,-30
104900122,9,16,-7
104900123,40,3,37
104900124,53,1,52
104900125,324,5,319
104900126,32,27,5
104900127,18,46,-28
104900128,78,105,-27
104900129,644,1441,-797
105000001,2098,1142,956
105000002,1658,1040,618
105000003,2287,2196,91
105000004,415,527,-112
105000005,789,809,-20
105000006,1064,1257,-193
105000007,1046,1337,-291
105000008,992,2836,-1844
105000009,2045,2013,32
105000010,1977,1131,846
105000011,2761,1872,889
105000012,2420,1549,871
105000013,779,754,25
105000014,1397,1878,-481
105000015,6568,11154,-4586
105000016,1287,1354,-67
105000017,1090,539,551
105000018,634,1042,-408
105000019,722,582,140
105000020,108,409,-301
105000021,157,68,89
105000022,181,89,92
105000023,355,259,96
105000028,41,79,-38
105000029,426,895,-469
105000030,2204,1383,821
105000031,1,8,-7
105000033,667,992,-325
105000034,87,542,-455
105000037,426,138,288
105000038,968,1300,-332
105000039,1247,782,465
105000040,599,816,-217
105000041,219,584,-365
105000042,1765,1008,757
105000043,842,875,-33
105000044,437,280,157
105000045,232,393,-161
105000046,810,234,576
105000047,432,639,-207
105000048,453,140,313
105000049,181,251,-70
105000050,464,243,221
105000051,107,237,-130
105000052,375,486,-111
105000053,67,90,-23
105000054,263,534,-271
105000055,447,166,281
105000056,991,1033,-42
105000057,771,391,380
105000058,750,655,95
105000059,617,425,192
105000060,356,312,44
105000061,678,336,342
105000062,337,402,-65
105000063,248,220,28
105000064,1166,529,637
105000065,249,240,9
105000066,655,649,6
105000067,1159,619,540
105000068,245,457,-212
105000069,1012,1325,-313
105000070,276,717,-441
105000071,132,721,-589
105000072,818,1741,-923
105000073,685,441,244
105000074,644,458,186
105000075,337,463,-126
105000076,821,648,173
105000077,1492,835,657
105000078,720,872,-152
105000079,888,2643,-1755
105000080,1240,1051,189
105000081,2625,1226,1399
105000082,775,1767,-992
105000083,3651,3698,-47
105000084,414,506,-92
105000085,1250,2007,-757
105000086,464,547,-83
105000087,749,1054,-305
105000088,924,1129,-205
105000089,1443,1123,320
105000090,609,442,167
105000091,636,833,-197
105000092,366,523,-157
105000093,185,198,-13
105000094,175,148,27
105000095,77,336,-259
105000096,942,816,126
105000097,611,524,87
105000098,782,458,324
105000099,539,454,85
105000100,971,682,289
105000101,1377,1085,292
105000102,959,795,164
105000103,799,1137,-338
105000104,1587,531,1056
105000105,659,1217,-558
105000106,966,909,57
105000107,1123,597,526
105000108,1270,767,503
105000109,1316,889,427
105000110,516,315,201
105000111,631,408,223
105000112,906,377,529
105000113,322,447,-125
105000114,1358,939,419
105000115,223,934,-711
105000116,618,317,301
105000117,633,423,210
105000118,409,243,166
105000119,389,393,-4
105000120,758,292,466
105000121,534,404,130
105000122,326,450,-124
105000123,717,665,52
105000124,1429,472,957
105000125,613,977,-364
105000126,1417,792,625
105000127,1645,1049,596
105000128,405,507,-102
105000129,584,194,390
105000130,292,2470,-2178
105000131,444,191,253
105000132,732,527,205
105000133,415,438,-23
105000134,627,357,270
105000135,257,300,-43
105000136,90,154,-64
105000137,489,124,365
105000138,151,223,-72
105000139,592,487,105
105000140,386,323,63
105000141,280,272,8
105000142,199,276,-77
105000143,154,287,-133
105000144,210,431,-221
105000145,581,222,359
105000146,282,457,-175
105000147,588,198,390
105000148,790,412,378
105000149,1709,1306,403
105000150,979,699,280
105000151,345,178,167
105000152,106,257,-151
105000153,379,359,20
105000154,410,277,133
105000155,269,459,-190
105000156,386,343,43
105000157,454,759,-305
105000158,1202,492,710
105000159,154,537,-383
105000160,1549,415,1134
105000161,480,451,29
105000162,462,1152,-690
105000163,569,396,173
105000164,131,171,-40
105000165,439,3657,-3218
105000166,2263,668,1595
105000167,799,1211,-412
105000168,319,296,23
105000169,477,115,362
105000170,226,765,-539
105000171,739,122,617
105000172,102,16,86
105000173,160,7,153
105000174,68,21,47
105000175,76,56,20
105000176,302,60,242
105000177,255,137,118
105000178,225,209,16
105000179,519,75,444
105000180,121,56,65
105000181,97,111,-14
105000182,30,26,4
105000183,954,1282,-328
105000184,856,512,344
105000185,707,689,18
105000186,261,419,-158
105000187,533,162,371
105000188,155,85,70
105000189,90,285,-195
105000190,258,159,99
105000191,223,204,19
105000192,244,49,195
105000193,43,67,-24
105000194,378,82,296
105000195,176,393,-217
105000196,69,228,-159
105000197,193,326,-133
105000198,299,196,103
105000199,167,479,-312
105000200,87,232,-145
105000201,65,24,41
105000203,13,123,-110
105000204,87,54,33
105000205,47,130,-83
105000207,214,107,107
105000208,127,298,-171
105000209,170,226,-56
105000211,111,3,108
105000212,775,568,207
105000213,66,108,-42
105000214,105,106,-1
105000215,254,98,156
105000216,109,136,-27
105000217,131,143,-12
105000218,1158,763,395
105000221,133,80,53
105000222,354,121,233
105000223,205,152,53
105000226,41,92,-51
105000227,41,73,-32
105000228,106,1363,-1257
105000229,113,323,-210
105000231,250,210,40
105000233,689,422,267
105000234,316,604,-288
105000235,257,339,-82
105000237,548,28,520
105000243,29,21,8
105000248,31,50,-19
105000262,304,505,-201
105000269,113,89,24
105000270,321,29,292
105000271,0,100,-100
105000282,43,17,26
105000287,242,42,200
105000288,377,239,138
105000289,1843,1631,212
105000290,8,8,0
105000402,1625,2752,-1127
105000426,314,359,-45
105000438,3048,1401,1647
105000440,8,3,5
105000446,5060,3420,1640
105000447,2751,1505,1246
105000454,477,294,183
105000455,167,68,99
105000474,54,0,54
105000477,289,347,-58
105000478,1484,3716,-2232
105000479,63,96,-33
105000480,6985,6350,635
105000481,3746,2521,1225
105000482,2820,5809,-2989
105000483,1464,1732,-268
105000484,1116,2177,-1061
105000485,1050,2677,-1627
105000486,1764,1569,195
105000488,7032,3260,3772
105000489,619,537,82
105000549,62,77,-15
105000550,305,863,-558
105000551,39,68,-29
105000552,1387,937,450
105000555,744,801,-57
105000556,33,3,30
105000557,16,66,-50
105900001,2,994,-992
105900002,535,437,98
105900003,15,38,-23
105900004,105,72,33
105900005,4,132,-128
105900006,4,53,-49
105900007,24,8,16
105900008,53,300,-247
105900009,13,4,9
105900011,76,15,61
105900012,263,55,208
105900013,5,19,-14
105900014,7,42,-35
105900015,117,190,-73
105900016,320,196,124
105900017,802,26,776
105900018,89,79,10
105900019,29,110,-81
105900020,29,37,-8
105900021,23,111,-88
105900022,135,124,11
105900023,10,29,-19
105900024,7,76,-69
105900025,158,10,148
105900026,110,7,103
105900027,4142,3880,262
105900028,339,370,-31
105900029,1024,211,813
105900030,160,178,-18
105900031,159,144,15
105900032,74,75,-1
105900033,72,69,3
105900034,159,85,74
105900035,137,93,44
105900036,117,82,35
105900037,97,39,58
105900038,132,99,33
105900039,84,53,31
105900040,43,70,-27
105900041,103,94,9
105900042,30,105,-75
105900043,642,36,606
105900044,3,147,-144
105900045,7,501,-494
105900046,4,160,-156
105900047,7,26,-19
105900048,59,257,-198
105900050,3249,2113,1136
105900051,31,641,-610
105900052,298,148,150
105900053,1375,1718,-343
105900054,246,90,156
105900056,261,232,29
105900057,15,34,-19
105900058,11,11,0
105900059,0,42,-42
106000001,2337,1596,741
106000002,1048,2916,-1868
106000003,2022,2346,-324
106000004,943,1656,-713
106000005,2877,3274,-397
106000006,3381,1938,1443
106000007,377,389,-12
106000008,266,213,53
106000009,492,227,265
106000010,369,386,-17
106000011,974,715,259
106000012,587,757,-170
106000013,1461,1119,342
106000014,1083,886,197
106000015,1462,789,673
106000016,711,1041,-330
106000017,362,432,-70
106000018,430,247,183
106000019,317,229,88
106000020,260,192,68
106000021,261,292,-31
106000022,213,127,86
106000023,464,175,289
106000024,368,246,122
106000025,92,126,-34
106000026,69,93,-24
106000027,1081,852,229
106000028,445,218,227
106000029,468,459,9
106000030,287,412,-125
106000034,129,354,-225
106000035,694,1411,-717
106000036,96,281,-185
106000037,1134,837,297
106000038,133,69,64
106000039,56,69,-13
106000040,84,514,-430
106000041,437,334,103
106000043,332,177,155
106000046,205,56,149
106000047,20,291,-271
106000049,811,113,698
106000050,195,325,-130
106000051,569,307,262
106000052,74,269,-195
106000053,269,74,195
106000054,218,208,10
106000055,872,539,333
106000056,193,236,-43
106000057,333,162,171
106000058,107,72,35
106000059,291,198,93
106000060,223,265,-42
106000061,194,390,-196
106000062,88,290,-202
106000063,615,372,243
106000064,35,185,-150
106000065,271,209,62
106000066,76,161,-85
106000067,281,81,200
106000068,24,374,-350
106000069,207,43,164
106000070,329,409,-80
106000071,807,213,594
106000072,1395,991,404
106000073,913,2154,-1241
106000074,385,473,-88
106000075,296,992,-696
106000076,1408,1339,69
106000077,2089,913,1176
106000078,837,586,251
106000079,591,482,109
106000080,874,406,468
106000081,466,707,-241
106000082,1592,593,999
106000083,346,955,-609
106000084,816,423,393
106000085,802,1155,-353
106000086,488,538,-50
106000087,645,350,295
106000088,274,457,-183
106000089,699,225,474
106000090,208,347,-139
106000091,193,247,-54
106000092,459,155,304
106000093,270,101,169
106000094,77,139,-62
106000095,670,469,201
106000096,719,338,381
106000097,818,397,421
106000098,546,432,114
106000099,197,341,-144
106000100,851,122,729
106000101,507,132,375
106000102,93,227,-134
106000103,175,257,-82
106000104,532,270,262
106000105,324,304,20
106000106,512,283,229
106000107,126,182,-56
106000108,348,140,208
106000109,156,158,-2
106000110,253,176,77
106000111,137,221,-84
106000112,235,395,-160
106000113,257,375,-118
106000114,287,413,-126
106000115,143,208,-65
106000116,228,147,81
106000117,592,344,248
106000118,764,911,-147
106000119,725,412,313
106000120,624,940,-316
106000121,161,99,62
106000122,119,82,37
106000123,341,49,292
106000124,44,85,-41
106000125,11,119,-108
106000126,234,44,190
106000127,790,423,367
106000128,650,86,564
106000129,324,251,73
106000130,659,168,491
106000131,106,478,-372
106000132,374,112,262
106000133,731,763,-32
106000134,268,1316,-1048
106000135,125,303,-178
106000136,404,713,-309
106000137,47,317,-270
106000138,908,78,830
106000139,42,53,-11
106000140,32,25,7
106000141,75,25,50
106000142,66,23,43
106000143,13,34,-21
106000144,29,44,-15
106000145,234,128,106
106000146,364,87,277
106000147,222,192,30
106000148,249,363,-114
106000149,381,218,163
106000150,343,1302,-959
106000151,1976,531,1445
106000152,650,1223,-573
106000153,65,1130,-1065
106000154,677,130,547
106000155,106,193,-87
106000156,696,143,553
106000157,427,939,-512
106000158,1107,555,552
106000159,1359,1132,227
106000160,290,1762,-1472
106000161,848,175,673
106000162,272,715,-443
106000163,278,173,105
106000164,359,152,207
106000165,138,210,-72
106000166,589,161,428
106000167,245,406,-161
106000168,399,177,222
106000169,145,252,-107
106000170,616,134,482
106000171,140,586,-446
106000172,1832,864,968
106000173,684,1398,-714
106000174,790,218,572
106000175,184,382,-198
106000176,1087,508,579
106000177,444,1098,-654
106000178,2151,1027,1124
106000179,616,948,-332
106000180,522,567,-45
106000181,684,767,-83
106000182,1099,372,727
106000183,1067,262,805
106000184,1259,251,1008
106000185,732,570,162
106000186,483,59,424
106000187,101,695,-594
106000188,1,0,1
106000189,2,19,-17
106000190,23,0,23
106000191,448,98,350
106000192,0,12,-12
106000193,195,120,75
106000194,68,168,-100
106000195,158,65,93
106000196,56,160,-104
106000197,327,107,220
106000198,75,109,-34
106000199,366,495,-129
106000200,93,120,-27
106000201,253,1834,-1581
106000202,1450,339,1111
106000203,17,124,-107
106000204,51,2,49
106000205,8,64,-56
106000206,49,10,39
106000207,27,271,-244
106000208,1025,119,906
106000209,1152,311,841
106000210,217,452,-235
106000211,191,631,-440
106000212,662,340,322
106000213,282,1001,-719
106000214,1203,358,845
106000215,163,267,-104
106000216,336,185,151
106000217,142,201,-59
106000218,381,222,159
106000219,114,182,-68
106000220,363,121,242
106000221,184,122,62
106000222,59,50,9
106000223,222,93,129
106000224,190,108,82
106000225,75,64,11
106000226,52,135,-83
106000228,32,42,-10
106000229,67,383,-316
106000231,666,85,581
106000232,47,156,-109
106000233,372,61,311
106000234,19,100,-81
106000235,178,56,122
106000236,41,42,-1
106000237,0,3,-3
106000238,5,25,-20
106000239,2,55,-53
106000240,15,6,9
106000241,7,349,-342
106000242,187,24,163
106000249,53,35,18
106000250,48,378,-330
106000251,61,19,42
106000252,9,33,-24
106000253,21,40,-19
106000254,35,16,19
106000255,10,115,-105
106000256,18,26,-8
106000257,112,90,22
106000258,96,17,79
106000259,3,30,-27
106000260,31,6,25
106000261,2,23,-21
106000262,34,5,29
106000263,1,18,-17
106000264,102,7,95
106000265,6,68,-62
106000266,65,28,37
106000267,3,45,-42
106000268,212,29,183
106000269,24,17,7
106000270,83,233,-150
106000271,48,82,-34
106000272,106,33,73
106000273,9,131,-122
106000274,80,23,57
106000275,108,161,-53
106000276,82,29,53
106000277,103,162,-59
106000278,75,25,50
106000279,12,11,1
106000280,30,22,8
106000281,66,34,32
106000282,37,29,8
106000283,104,31,73
106000284,63,57,6
106000285,74,45,29
106000286,58,73,-15
106000287,101,47,54
106000288,49,78,-29
106000289,63,62,1
106000290,50,54,-4
106000291,68,68,0
106000292,38,60,-22
106000293,108,64,44
106000294,96,63,33
106000295,34,23,11
106000296,30,44,-14
106000297,54,142,-88
106000298,87,58,29
106000299,45,86,-41
106000300,61,45,16
106000301,36,75,-39
106000303,15,33,-18
106000304,8,20,-12
106000305,24,28,-4
106000306,17,23,-6
106000307,23,15,8
106000308,18,42,-24
106000309,9,25,-16
106000310,233,251,-18
106000311,237,115,122
106000312,85,75,10
106000313,188,142,46
106000318,24,246,-222
106000319,787,197,590
106000320,0,42,-42
106000321,116,78,38
106000322,118,95,23
106000324,9,84,-75
106000325,1312,648,664
106000326,600,812,-212
106000327,153,46,107
106000328,17,50,-33
106000329,41,100,-59
106000330,10,50,-40
106000428,71,156,-85
106000429,150,246,-96
106000430,233,703,-470
106000431,1586,281,1305
106000432,1137,1722,-585
106000433,2032,1051,981
106000434,2298,995,1303
106000435,811,1414,-603
106000436,15,65,-50
106000437,171,33,138
106000438,270,113,157
106000439,50,198,-148
106000440,135,237,-102
106000441,5,0,5
106000442,112,3,109
106000443,166,153,13
106000450,0,93,-93
106000451,32,48,-16
106000454,2,41,-39
106000455,7,94,-87
106000456,70,43,27
106000457,11,363,-352
106000458,717,53,664
106000459,147,150,-3
106000460,1086,25,1061
106000461,102,432,-330
106000462,0,13,-13
106000463,3,6,-3
106000464,0,141,-141
106000465,537,1,536
106000466,2,212,-210
106000467,150,245,-95
106000468,77,68,9
106000469,91,2,89
106000470,198,1265,-1067
106000471,18,266,-248
106000472,147,20,127
106000473,33,16,17
106000474,189,238,-49
106000475,252,98,154
106000476,115,180,-65
106000477,15,57,-42
106000480,0,251,-251
106900001,0,8,-8
106900002,0,219,-219
106900003,152,395,-243
106900004,1,13,-12
106900006,0,6,-6
106900007,1,6,-5
106900008,320,85,235
106900009,319,135,184
106900010,222,182,40
106900012,729,1499,-770
106900013,306,147,159
106900014,18,3,15
106900015,8,1,7
106900016,270,7,263
106900017,7,1,6
106900018,1,0,1
106900019,41,0,41
106900020,1106,1275,-169
106900021,120,185,-65
106900022,649,3,646
106900023,63,217,-154
106900024,418,48,370
106900025,35,318,-283
106900026,2,273,-271
106900027,570,1,569
107000001,2581,2693,-112
107000002,1498,2433,-935
107000003,4643,4447,196
107000004,2791,1855,936
107000005,4488,4118,370
107000006,2496,1728,768
107000007,3883,6865,-2982
107000008,4803,3622,1181
107000009,6207,5653,554
107000010,4820,4204,616
107000011,593,671,-78
107000012,2521,1589,932
107000013,101,51,50
107000014,46,148,-102
107000015,324,465,-141
107000016,580,432,148
107000017,866,1086,-220
107000018,2,753,-751
107000020,705,1029,-324
107000021,730,291,439
107000022,432,988,-556
107000023,1184,188,996
107000024,387,813,-426
107000025,225,275,-50
107000026,185,280,-95
107000027,1275,630,645
107000028,954,714,240
107000029,2497,1920,577
107000030,1750,1531,219
107000031,3644,1711,1933
107000032,312,570,-258
107000033,1686,2035,-349
107000034,2094,763,1331
107000035,240,148,92
107000036,246,728,-482
107000037,80,536,-456
107000038,128,127,1
107000039,547,504,43
107000040,107,142,-35
107000041,926,440,486
107000042,443,1261,-818
107000043,1376,790,586
107000044,355,186,169
107000045,66,163,-97
107000046,542,291,251
107000047,336,502,-166
107000048,475,180,295
107000049,494,488,6
107000050,858,396,462
107000051,163,265,-102
107000052,885,820,65
107000053,282,171,111
107000054,37,240,-203
107000055,293,84,209
107000056,378,486,-108
107000057,897,150,747
107000058,1583,1751,-168
107000059,1213,1910,-697
107000060,3793,3806,-13
107000061,3125,1854,1271
107000062,4106,2015,2091
107000063,3165,2532,633
107000064,3562,1675,1887
107000065,2117,2465,-348
107000066,1215,2002,-787
107000067,948,900,48
107000068,884,756,128
107000069,744,428,316
107000070,908,2,906
107000071,2845,41,2804
107000072,26,1301,-1275
107000073,768,374,394
107000074,207,620,-413
107000075,1505,426,1079
107000076,416,795,-379
107000077,3029,1192,1837
107000078,1701,1663,38
107000079,2179,877,1302
107000080,755,1689,-934
107000081,1615,344,1271
107000082,483,765,-282
107000083,1067,362,705
107000084,214,686,-472
107000085,2216,2286,-70
107000086,2220,2204,16
107000087,2217,1421,796
107000088,2079,2242,-163
107000089,1393,1180,213
107000090,796,678,118
107000091,1228,609,619
107000092,606,584,22
107000093,1100,575,525
107000094,626,670,-44
107000095,742,437,305
107000096,308,398,-90
107000097,619,198,421
107000098,339,323,16
107000099,260,278,-18
107000100,212,152,60
107000101,51,136,-85
107000102,154,187,-33
107000103,274,145,129
107000104,122,176,-54
107000105,294,66,228
107000106,129,163,-34
107000107,404,107,297
107000108,88,279,-191
107000109,498,134,364
107000110,40,331,-291
107000111,377,41,336
107000112,41,211,-170
107000113,621,81,540
107000114,72,281,-209
107000115,598,153,445
107000116,99,407,-308
107000117,132,661,-529
107000118,122,115,7
107000119,875,1257,-382
107000120,639,383,256
107000121,776,496,280
107000122,934,479,455
107000123,444,349,95
107000124,470,462,8
107000125,880,349,531
107000126,754,371,383
107000129,175,294,-119
107000130,534,189,345
107000131,259,300,-41
107000132,445,242,203
107000133,349,101,248
107000134,162,1,161
107000135,0,227,-227
107000136,442,4,438
107000137,9,285,-276
107000138,144,30,114
107000139,21,397,-376
107000140,914,72,842
107000141,82,417,-335
107000142,358,111,247
107000143,81,380,-299
107000144,442,346,96
107000145,142,263,-121
107000146,166,176,-10
107000147,3031,798,2233
107000150,305,1804,-1499
107000151,12,60,-48
107000152,288,962,-674
107000153,71,191,-120
107000154,116,186,-70
107000155,541,3,538
107000156,811,11,800
107000157,9,532,-523
107000158,558,14,544
107000159,24,402,-378
107000160,1064,92,972
107000161,63,429,-366
107000162,196,321,-125
107000163,221,24,197
107000164,599,2,597
107000165,1107,6,1101
107000166,40,514,-474
107000167,519,135,384
107000168,840,358,482
107000169,415,433,-18
107000170,1908,505,1403
107000171,453,713,-260
107000172,957,1161,-204
107000173,432,401,31
107000174,851,3770,-2919
107000175,2759,821,1938
107000176,0,1,-1
107000177,2,2,0
107000178,13,15,-2
107000179,222,933,-711
107000180,1313,153,1160
107000181,361,556,-195
107000182,1790,563,1227
107000183,136,357,-221
107000184,987,444,543
107000185,341,762,-421
107000186,1117,243,874
107000187,971,807,164
107000188,486,372,114
107000189,362,648,-286
107000190,465,429,36
107000191,691,702,-11
107000192,1184,381,803
107000193,286,304,-18
107000194,625,411,214
107000197,730,237,493
107000198,272,484,-212
107000199,498,407,91
107000200,333,383,-50
107000201,305,221,84
107000202,241,313,-72
107000203,748,703,45
107000204,834,909,-75
107000205,1204,560,644
107000206,423,1143,-720
107000207,401,863,-462
107000208,556,365,191
107000209,893,1050,-157
107000210,280,163,117
107000211,2,39,-37
107000212,8,238,-230
107000213,1,14,-13
107000214,26,129,-103
107000215,252,222,30
107000216,318,219,99
107000217,123,96,27
107000219,77,125,-48
107000220,130,101,29
107000222,147,343,-196
107000224,291,81,210
107000225,116,187,-71
107000226,382,78,304
107000227,55,78,-23
107000228,115,353,-238
107000229,61,63,-2
107000230,657,378,279
107000231,683,1164,-481
107000232,84,22,62
107000233,500,663,-163
107000234,1,47,-46
107000235,51,7,44
107000236,12,247,-235
107000237,48,0,48
107000238,46,1,45
107000239,1211,280,931
107000240,51,341,-290
107000243,0,32,-32
107000244,6,48,-42
107000246,7,1149,-1142
107000249,4,1311,-1307
107000251,3,463,-460
107000252,3,377,-374
107000255,178,102,76
107000257,1,293,-292
107000258,0,121,-121
107000259,0,88,-88
107000260,1219,37,1182
107000262,4,182,-178
107000263,280,6,274
107000266,8,11,-3
107000267,32,61,-29
107000268,78,64,14
107000269,71,4,67
107000270,169,73,96
107000271,18,50,-32
107000272,62,6,56
107000273,2,109,-107
107000274,361,118,243
107000275,27,613,-586
107000280,703,28,675
107000281,33,325,-292
107000282,18,327,-309
107000290,9,19,-10
107000291,20,3,17
107000292,4,123,-119
107000293,24,9,15
107000294,0,48,-48
107000295,13,2,11
107000296,0,11,-11
107000444,230,5,225
107000496,2,11,-9
107000497,1037,1023,14
107000500,234,143,91
107000501,59,89,-30
107000502,104,142,-38
107000505,235,482,-247
107000506,0,5,-5
107000508,1,232,-231
107000509,165,339,-174
107000510,15,22,-7
107000514,26,295,-269
107000515,6,49,-43
107000516,392,192,200
107000518,859,1197,-338
107000519,815,469,346
107000520,68,39,29
107000521,493,152,341
107000522,699,284,415
107900001,76,79,-3
107900002,48,6,42
107900003,321,10,311
107900004,35,0,35
107900005,1149,6,1143
107900006,145,2,143
107900007,321,20,301
107900008,39,2,37
107900009,81,4,77
107900010,34,1,33
107900012,239,39,200
107900013,156,11,145
107900014,32,5,27
107900015,858,8,850
107900016,174,39,135
107900017,10,2,8
107900018,51,141,-90
107900019,18,9,9
107900020,23,13,10
107900021,60,46,14
107900023,1,2,-1
107900024,0,2,-2
107900025,118,147,-29
107900026,50,12,38
107900027,10,14,-4
107900028,81,22,59
107900030,196,21,175
107900031,48,52,-4
107900032,5,1,4
107900033,28,5,23
107900034,247,29,218
107900035,626,29,597
107900036,71,33,38
107900037,0,4,-4
107900038,83,158,-75
107900039,52,9,43
107900040,12,97,-85
107900041,4,3,1
107900043,53,79,-26
107900044,17,4,13
107900045,69,49,20
107900046,108,108,0
107900047,19,6,13
107900048,144,7,137
107900049,208,523,-315
107900050,187,129,58
107900051,84,30,54
107900052,9,53,-44
107900053,34,44,-10
107900055,400,200,200
107900056,78,56,22
107900057,1,0,1
107900058,26,299,-273
107900060,14,20,-6
107900061,8,13,-5
107900063,51,114,-63
107900064,220,157,63
107900065,143,5,138
107900066,38,7,31
107900067,0,0,0
107900068,91,393,-302
107900069,39,1800,-1761
107900070,107,44,63
107900071,33,420,-387
107900072,85,78,7
107900073,51,46,5
107900074,423,249,174
107900076,118,31,87
107900077,65,1,64
107900079,6,21,-15
107900080,202,485,-283
107900081,39,42,-3
107900082,13,5,8
107900083,322,140,182
107900084,68,77,-9
107900086,32,129,-97
107900087,315,130,185
107900088,55,7,48
107900089,157,526,-369
107900090,377,1470,-1093
107900091,103,137,-34
107900093,37,22,15
107900095,1906,1777,129
107900097,15,35,-20
107900098,43,122,-79
107900100,428,863,-435
107900101,488,99,389
107900102,30,7,23
107900103,25,83,-58
107900104,93,4,89
107900105,1,107,-106
107900106,1,427,-426
107900107,658,422,236
107900108,122,82,40
107900109,1329,34,1295
107900110,36,28,8
107900111,18,287,-269
107900112,54,310,-256
107900113,155,23,132
107900114,197,69,128
107900115,1,15,-14
107900116,169,60,109
107900117,173,150,23
107900118,45,74,-29
107900119,52,123,-71
107900120,29,35,-6
107900121,1,56,-55
107900122,1,39,-38
107900123,2,33,-31
107900124,7,10,-3
107900125,21,129,-108
107900126,7,26,-19
107900127,302,327,-25
107900128,40,59,-19
107900129,57,10,47
107900130,56,6,50
107900131,251,220,31
107900132,70,147,-77
107900133,1,31,-30
107900134,27,80,-53
107900135,6,106,-100
107900136,24,19,5
107900137,62,63,-1
107900138,40,15,25
107900139,47,27,20
107900141,21,14,7
107900142,37,306,-269
107900143,25,14,11
107900144,0,112,-112
107900145,4,19,-15
107900146,27,85,-58
107900147,25,28,-3
107900148,122,55,67
107900149,298,102,196
107900150,85,237,-152
107900151,31,55,-24
107900152,4,50,-46
107900153,53,250,-197
107900154,41,28,13
107900155,48,35,13
107900156,2,188,-186
107900157,54,30,24
107900158,596,18,578
107900159,15,331,-316
107900160,121,162,-41
107900161,25,60,-35
107900162,0,21,-21
107900163,17,23,-6
107900164,16,35,-19
107900165,16,94,-78
107900166,17,75,-58
107900167,8,36,-28
107900168,36,16,20
107900169,0,86,-86
107900171,1,362,-361
107900172,1,145,-144
107900173,9,56,-47
107900174,196,6,190
107900175,9,39,-30
107900176,22,24,-2
107900177,1,37,-36
107900178,0,83,-83
107900179,12,75,-63
107900180,230,533,-303
107900181,220,140,80
107900182,2,369,-367
107900183,37,124,-87
107900184,59,99,-40
107900185,148,10,138
107900186,23,28,-5
107900187,2,88,-86
107900188,282,80,202
107900189,16,61,-45
107900190,38,94,-56
107900191,36,72,-36
107900193,1,40,-39
107900194,199,5,194
107900195,868,226,642
107900196,37,40,-3
107900197,306,253,53
107900199,1,389,-388
107900201,64,47,17
107900203,31,63,-32
107900204,144,134,10
107900206,817,178,639
107900207,4,271,-267
107900208,3,184,-181
107900209,190,85,105
107900210,52,36,16
107900213,316,292,24
107900214,20,46,-26
107900215,89,255,-166
107900216,154,31,123
107900217,13,63,-50
107900218,24,729,-705
107900219,16,23,-7
107900220,107,206,-99
107900221,83,109,-26
107900223,94,206,-112
107900224,73,251,-178
107900225,1,249,-248
107900226,63,45,18
107900227,87,175,-88
107900228,46,43,3
107900229,1,106,-105
107900230,6,24,-18
107900231,11,88,-77
107900232,58,54,4
107900233,6,36,-30
107900234,78,54,24
107900235,10,66,-56
107900236,133,37,96
107900237,26,181,-155
107900238,25,48,-23
107900239,345,349,-4
107900240,21,54,-33
107900241,22,24,-2
107900242,25,79,-54
107900243,1,41,-40
107900244,319,7,312
107900245,616,25,591
107900246,173,17,156
107900248,268,123,145
107900249,625,33,592
107900250,3,221,-218
107900251,58,502,-444
107900252,675,18,657
107900253,155,6,149
107900254,54,106,-52
107900255,123,58,65
107900256,410,645,-235
107900257,175,59,116
107900258,64,120,-56
107900259,74,1627,-1553
107900261,0,132,-132
107900262,17,45,-28
107900264,276,7,269
107900265,99,66,33
107900267,262,5,257
107900268,1,1,0
107900269,0,3,-3
107900270,0,2,-2
107900271,1,9,-8
107900272,25,10,15
107900273,62,71,-9
107900274,86,0,86
107900275,34,0,34
107900276,2,68,-66
107900277,0,113,-113
107900278,247,167,80
107900279,43,98,-55
107900280,1304,1304,0
107900281,380,2293,-1913
107900282,21,313,-292
107900283,436,396,40
107900284,422,288,134
107900285,72,20,52
107900286,42,48,-6
107900287,205,136,69
107900290,1,131,-130
107900291,445,27,418
107900292,82,100,-18
107900293,70,157,-87
107900295,48,25,23
107900297,0,182,-182
107900298,442,377,65
107900299,1458,1863,-405
107900301,333,575,-242
107900302,91,39,52
107900303,185,103,82
107900304,229,182,47
107900305,227,6,221
107900306,1,32,-31
107900307,35,145,-110
107900308,168,75,93
107900309,34,0,34
107900310,241,3,238
107900311,29,484,-455
107900312,37,0,37
107900313,0,118,-118
107900314,2,25,-23
107900315,0,21,-21
107900316,22,0,22
107900317,56,8,48
107900318,7,68,-61
107900319,4,63,-59
107900320,3,62,-59
107900321,101,0,101
107900322,0,49,-49
107900323,2,70,-68
107900324,84,1,83
107900325,71,0,71
107900326,284,102,182
107900327,0,44,-44
107900328,51,2,49
107900329,34,61,-27
107900330,8,125,-117
107900331,206,18,188
107900332,240,11,229
107900333,58,3,55
107900334,5,65,-60
107900335,30,21,9
107900336,16,45,-29
107900337,462,665,-203
107900338,7,111,-104
107900339,1,10,-9
107900340,0,36,-36
107900341,35,0,35
107900342,94,56,38
107900343,18,0,18
107900344,8,27,-19
107900345,77,14,63
107900346,10,2,8
107900347,11,0,11
107900348,1,3,-2
107900349,22,5,17
107900350,18,146,-128
107900351,5,81,-76
107900352,1,12,-11
107900353,10,13,-3
107900354,1,26,-25
108000001,2414,2705,-291
108000002,1331,1329,2
108000003,2566,2693,-127
108000004,7813,8364,-551
108000005,5780,4890,890
108000006,5015,4457,558
108000007,4039,2888,1151
108000008,2972,3477,-505
108000009,2896,3217,-321
108000010,1929,2456,-527
108000011,9630,8717,913
108000012,9291,8468,823
108000014,562,1053,-491
108000015,610,169,441
108000016,220,973,-753
108000017,876,291,585
108000018,1318,439,879
108000019,1071,564,507
108000020,1095,413,682
108000021,297,1176,-879
108000022,257,928,-671
108000023,1032,136,896
108000024,298,205,93
108000025,248,231,17
108000026,748,198,550
108000027,659,397,262
108000028,869,156,713
108000029,508,447,61
108000030,396,157,239
108000031,122,394,-272
108000032,1336,399,937
108000033,586,603,-17
108000034,1375,277,1098
108000035,444,1040,-596
108000036,279,516,-237
108000037,1379,248,1131
108000038,2123,387,1736
108000039,364,985,-621
108000040,1407,664,743
108000041,493,1235,-742
108000042,302,174,128
108000043,212,133,79
108000044,488,146,342
108000045,324,267,57
108000046,1165,157,1008
108000047,363,445,-82
108000048,137,251,-114
108000049,732,189,543
108000050,88,412,-324
108000051,279,110,169
108000052,121,329,-208
108000053,345,191,154
108000054,328,612,-284
108000055,675,433,242
108000056,935,875,60
108000057,416,876,-460
108000058,1359,2780,-1421
108000059,1973,1179,794
108000060,174,531,-357
108000061,226,283,-57
108000062,763,511,252
108000063,385,249,136
108000064,200,149,51
108000065,353,251,102
108000066,1103,533,570
108000067,1580,547,1033
108000068,676,276,400
108000069,191,458,-267
108000070,1690,524,1166
108000071,446,804,-358
108000072,1529,735,794
108000073,902,979,-77
108000074,447,316,131
108000075,246,461,-215
108000076,633,464,169
108000077,460,343,117
108000078,1946,808,1138
108000079,569,710,-141
108000080,1155,282,873
108000081,391,702,-311
108000082,629,961,-332
108000083,1496,743,753
108000084,340,628,-288
108000085,730,322,408
108000086,476,385,91
108000087,105,1649,-1544
108000088,723,107,616
108000089,268,239,29
108000091,179,309,-130
108000092,133,59,74
108000093,165,226,-61
108000094,532,71,461
108000095,151,168,-17
108000096,345,115,230
108000097,141,189,-48
108000098,1407,723,684
108000099,865,235,630
108000100,120,360,-240
108000101,1006,1235,-229
108000102,1185,2596,-1411
108000106,591,1,590
108000107,4,604,-600
108000108,453,26,427
108000109,4,662,-658
108000110,171,227,-56
108000111,123,310,-187
108000112,50,99,-49
108000113,302,145,157
108000115,142,191,-49
108000117,442,279,163
108000118,340,1330,-990
108000119,339,160,179
108000120,163,640,-477
108000121,111,240,-129
108000122,531,247,284
108000123,478,98,380
108000124,232,292,-60
108000125,349,116,233
108000126,149,216,-67
108000127,441,162,279
108000128,467,189,278
108000129,207,379,-172
108000130,412,116,296
108000131,782,501,281
108000132,1138,682,456
108000133,847,363,484
108000134,354,249,105
108000135,904,257,647
108000136,137,429,-292
108000137,422,106,316
108000138,331,444,-113
108000139,436,215,221
108000140,110,15,95
108000141,25,23,2
108000142,29,26,3
108000143,51,191,-140
108000144,393,45,348
108000145,26,7,19
108000146,588,39,549
108000147,11,13,-2
108000148,479,41,438
108000149,4,7,-3
108000150,32,15,17
108000151,137,81,56
108000152,85,213,-128
108000153,582,95,487
108000154,35,5,30
108000155,36,20,16
108000156,456,231,225
108000157,118,859,-741
108000158,63,637,-574
108000159,251,132,119
108000160,1329,697,632
108000161,1263,1882,-619
108000165,5,130,-125
108000172,2,188,-186
108000173,796,1573,-777
108000175,527,95,432
108000178,229,154,75
108000179,79,634,-555
108000181,52,27,25
108000182,149,62,87
108000183,41,366,-325
108000184,487,1754,-1267
108000185,128,151,-23
108000186,281,178,103
108000187,56,214,-158
108000188,510,112,398
108000189,851,7073,-6222
108000190,17,85,-68
108000192,189,353,-164
108000193,348,9,339
108000194,25,10,15
108000195,3,632,-629
108000196,93,72,21
108000198,600,162,438
108000199,1,424,-423
108000200,298,170,128
108000203,105,239,-134
108000204,100,51,49
108000205,149,173,-24
108000339,583,267,316
108000364,156,391,-235
108000365,43,156,-113
108000367,126,151,-25
108000368,3,35,-32
108000369,266,116,150
108000371,13,530,-517
108000372,449,10,439
108000373,184,116,68
108000376,115,41,74
108000377,437,123,314
108000378,6771,7541,-770
108000379,13,137,-124
108000381,57,11,46
108000382,55,2,53
108000383,0,209,-209
108900001,67,484,-417
108900002,99,45,54
108900003,197,340,-143
108900004,817,366,451
108900007,262,129,133
108900008,149,84,65
108900009,66,79,-13
108900010,287,128,159
108900011,522,256,266
108900012,303,232,71
108900013,157,201,-44
108900014,22,88,-66
108900015,0,253,-253
108900016,3,221,-218
108900017,199,400,-201
108900018,104,169,-65
108900019,27,216,-189
108900020,47,86,-39
108900021,113,117,-4
108900022,110,3,107
108900023,9,37,-28
108900024,31,37,-6
108900025,183,80,103
108900026,22,62,-40
108900027,0,28,-28
108900028,104,125,-21
108900029,23,116,-93
108900030,0,46,-46
108900031,118,166,-48
108900032,9,87,-78
108900033,1,67,-66
108900034,1,136,-135
108900035,262,645,-383
108900038,0,144,-144
108900039,1,239,-238
108900040,8,69,-61
108900041,2759,2500,259
108900042,8,367,-359
108900043,50,214,-164
108900044,4,203,-199
108900045,57,261,-204
108900046,46,309,-263
108900047,1,180,-179
108900048,60,434,-374
108900049,1200,1142,58
108900050,0,140,-140
108900051,0,92,-92
108900052,18,110,-92
108900053,43,168,-125
108900054,51,110,-59
108900055,38,266,-228
108900056,0,66,-66
108900057,2,82,-80
108900058,25,147,-122
108900059,454,36,418
108900060,54,90,-36
108900061,63,11,52
108900062,4,123,-119
108900063,8,83,-75
108900064,182,26,156
108900065,11,85,-74
108900066,302,114,188
108900067,12,80,-68
108900068,1,58,-57
108900069,64,30,34
108900070,27,47,-20
108900071,108,44,64
108900072,1183,348,835
108900073,16,122,-106
108900074,195,125,70
108900075,48,41,7
108900076,325,53,272
108900077,84,139,-55
108900078,58,57,1
108900079,396,139,257
108900080,18,501,-483
108900081,34,163,-129
108900082,70,68,2
108900083,6,179,-173
108900085,1054,99,955
108900086,107,134,-27
108900087,59,140,-81
108900088,715,260,455
108900089,16,110,-94
108900090,51,107,-56
108900091,96,37,59
108900092,358,216,142
108900093,91,80,11
108900094,162,49,113
108900095,16,162,-146
108900096,203,5,198
108900097,280,159,121
108900098,1056,562,494
108900099,327,111,216
108900100,70,62,8
108900101,147,171,-24
108900102,64,791,-727
108900103,88,134,-46
108900105,4,1081,-1077
108900106,411,160,251
108900108,260,48,212
108900109,342,70,272
108900110,209,188,21
108900111,415,276,139
108900113,19,58,-39
108900114,76,9,67
108900115,68,61,7
108900116,37,14,23
108900117,155,8,147
108900118,560,24,536
108900119,252,21,231
108900120,209,174,35
108900121,230,95,135
108900122,116,16,100
108900123,108,65,43
108900124,415,124,291
108900125,367,8,359
108900126,88,20,68
108900127,161,25,136
108900128,133,41,92
108900129,641,95,546
108900130,295,2,293
108900131,230,6,224
108900132,428,44,384
108900133,248,55,193
108900134,378,119,259
108900135,179,16,163
108900136,26,0,26
108900137,146,3,143
108900138,666,29,637
108900140,361,151,210
108900141,299,8,291
108900142,79,5,74
108900143,98,1,97
108900144,79,3,76
108900145,194,14,180
108900146,76,0,76
108900147,181,1,180
108900148,56,14,42
108900150,182,4,178
108900151,92,5,87
108900152,233,25,208
108900153,184,169,15
108900154,3683,424,3259
108900156,87,7,80
108900157,12,228,-216
108900158,303,16,287
108900159,2,131,-129
108900160,8,121,-113
108900161,5,203,-198
108900162,83,1,82
108900163,3,200,-197
108900164,39,64,-25
108900168,3437,2005,1432
108900169,56,82,-26
108900171,2311,2261,50
108900172,137,46,91
108900173,131,205,-74
108900174,863,460,403
108900176,76,216,-140
108900177,2201,4044,-1843
108900178,2107,2706,-599
108900180,127,232,-105
108900183,110,124,-14
108900184,314,119,195
108900185,96,153,-57
108900186,40,205,-165
108900189,309,93,216
108900190,44,1157,-1113
108900192,73,105,-32
108900195,58,106,-48
108900196,17,113,-96
108900199,174,196,-22
108900200,412,251,161
108900201,331,869,-538
108900203,412,123,289
108900204,288,23,265
108900205,132,30,102
108900206,321,42,279
108900207,152,104,48
108900208,14,173,-159
108900209,164,286,-122
108900210,154,152,2
108900211,130,363,-233
108900212,264,945,-681
108900215,65,178,-113
108900216,278,241,37
108900217,122,1,121
108900218,42,12,30
108900221,43,179,-136
108900224,25,131,-106
108900225,2,155,-153
108900227,66,213,-147
108900230,122,151,-29
108900232,0,159,-159
108900233,281,63,218
108900234,199,97,102
108900235,125,256,-131
108900236,46,129,-83
108900240,92,72,20
108900241,31,35,-4
108900245,13,904,-891
108900250,147,66,81
108900258,10,92,-82
108900259,19,29,-10
108900260,2,57,-55
108900261,33,59,-26
108900262,56,80,-24
108900263,18,74,-56
108900264,340,177,163
108900265,349,263,86
108900266,422,543,-121
108900267,2,112,-110
108900268,10,6,4
108900269,63,5,58
108900270,84,10,74
108900271,25,12,13
108900272,158,11,147
108900273,511,641,-130
108900274,72,47,25
109000001,1849,1634,215
109000002,653,1901,-1248
109000003,1980,309,1671
109000004,413,1376,-963
109000005,2059,498,1561
109000006,648,1431,-783
109000007,1245,439,806
109000008,485,1181,-696
109000009,2718,938,1780
109000010,997,2154,-1157
109000011,2654,1338,1316
109000012,1426,1739,-313
109000013,2983,2256,727
109000014,1490,1465,25
109000015,2848,6320,-3472
109000016,3768,1918,1850
109000017,2085,824,1261
109000018,877,1593,-716
109000019,2077,1050,1027
109000020,843,1116,-273
109000023,180,10,170
109000024,19,115,-96
109000025,262,373,-111
109000026,319,210,109
109000027,81,274,-193
109000028,89,46,43
109000029,80,154,-74
109000030,51,305,-254
109000031,170,143,27
109000032,108,294,-186
109000033,247,105,142
109000034,39,31,8
109000035,9,35,-26
109000036,90,237,-147
109000037,157,1143,-986
109000038,312,222,90
109000039,752,574,178
109000040,2152,7759,-5607
109000041,1314,1221,93
109000042,352,949,-597
109000044,306,48,258
109000045,106,252,-146
109000046,297,46,251
109000047,42,272,-230
109000048,524,135,389
109000049,169,340,-171
109000050,297,157,140
109000051,213,154,59
109000052,408,387,21
109000053,154,31,123
109000054,93,208,-115
109000055,132,117,15
109000056,292,99,193
109000057,565,289,276
109000058,571,129,442
109000059,461,1062,-601
109000060,214,346,-132
109000061,418,566,-148
109000062,86,259,-173
109000063,131,66,65
109000064,203,89,114
109000065,93,68,25
109000066,252,50,202
109000067,40,124,-84
109000068,1166,11,1155
109000069,462,18,444
109000070,18,1862,-1844
109000071,316,42,274
109000072,52,207,-155
109000073,62,69,-7
109000074,28,132,-104
109000075,30,203,-173
109000076,141,192,-51
109000077,187,138,49
109000078,88,103,-15
109000079,95,64,31
109000080,186,84,102
109000081,127,231,-104
109000082,581,110,471
109000083,207,248,-41
109000088,116,249,-133
109000089,196,26,170
109000090,76,204,-128
109000091,251,113,138
109000092,225,214,11
109000093,208,126,82
109000094,489,7,482
109000095,69,199,-130
109000096,540,214,326
109000097,79,98,-19
109000098,46,106,-60
109000099,704,203,501
109000100,240,622,-382
109000101,1080,341,739
109000102,304,593,-289
109000103,289,308,-19
109000104,1307,269,1038
109000105,376,482,-106
109000106,1418,494,924
109000107,415,825,-410
109000108,1238,358,880
109000109,368,791,-423
109000110,851,349,502
109000111,540,930,-390
109000112,200,54,146
109000113,196,65,131
109000114,117,156,-39
109000115,735,60,675
109000116,9,173,-164
109000117,272,52,220
109000118,16,155,-139
109000119,1110,162,948
109000120,179,287,-108
109000121,431,23,408
109000122,124,287,-163
109000123,59,36,23
109000124,670,212,458
109000125,614,209,405
109000126,319,339,-20
109000127,846,138,708
109000128,397,571,-174
109000129,1925,548,1377
109000130,461,679,-218
109000131,576,484,92
109000132,425,842,-417
109000133,210,507,-297
109000134,418,729,-311
109000135,582,1004,-422
109000136,202,172,30
109000137,266,247,19
109000138,380,152,228
109000139,366,247,119
109000140,125,154,-29
109000141,419,211,208
109000142,69,259,-190
109000143,62,44,18
109000145,111,279,-168
109000146,44,59,-15
109000148,1495,842,653
109000149,20,49,-29
109000150,86,181,-95
109000155,662,479,183
109000156,656,315,341
109000158,57,162,-105
109000159,51,179,-128
109000160,788,123,665
109000161,278,457,-179
109000162,1323,383,940
109000163,751,908,-157
109000164,962,1565,-603
109000165,915,327,588
109000166,599,99,500
109000167,88,233,-145
109000170,30,36,-6
109000171,47,40,7
109000172,22,59,-37
109000173,13,80,-67
109000174,78,21,57
109000175,30,49,-19
109000176,215,91,124
109000177,23,45,-22
109000178,535,183,352
109000179,1957,3527,-1570
109000180,2098,2137,-39
109000181,17,9,8
109000182,26,13,13
109000183,43,12,31
109000184,24,17,7
109000185,10,13,-3
109000188,283,761,-478
109000189,1657,425,1232
109000190,491,210,281
109000191,372,231,141
109000192,298,86,212
109000193,127,139,-12
109000194,237,38,199
109000195,120,175,-55
109000196,211,62,149
109000197,154,181,-27
109000198,310,42,268
109000199,79,236,-157
109000206,192,30,162
109000207,84,27,57
109000208,81,63,18
109000209,100,51,49
109000210,120,298,-178
109000211,484,215,269
109000214,322,161,161
109000215,108,29,79
109000216,256,190,66
109000217,105,99,6
109000218,186,150,36
109000221,395,667,-272
109000222,662,169,493
109000223,297,260,37
109000224,46,54,-8
109000225,70,35,35
109000226,33,79,-46
109000227,884,343,541
109000228,9,2988,-2979
109000231,0,151,-151
109000232,346,166,180
109000236,157,497,-340
109000241,1537,1151,386
109000242,1375,741,634
109000293,27,47,-20
109000361,142,210,-68
109000364,111,229,-118
109000396,1,233,-232
109000397,480,7,473
109000399,85,194,-109
109000400,63,140,-77
109000403,52,570,-518
109000406,259,2,257
109000407,182,86,96
109000408,0,225,-225
109000410,619,121,498
109000411,118,13,105
109900001,74,0,74
109900002,782,23,759
109900003,233,1,232
109900004,604,50,554
109900005,32,5,27
109900006,303,68,235
109900007,653,181,472
109900008,1,26,-25
109900009,117,253,-136
109900010,449,13,436
109900011,95,40,55
109900012,204,96,108
109900013,236,107,129
109900014,323,53,270
109900015,226,166,60
109900016,154,7,147
109900017,115,230,-115
109900018,145,18,127
109900019,228,29,199
109900020,22,61,-39
109900021,19,17,2
109900022,60,164,-104
109900023,15,7,8
109900024,26,5,21
109900025,28,31,-3
109900026,0,97,-97
109900027,21,21,0
109900028,421,807,-386
109900029,2,118,-116
109900030,42,13,29
109900031,1,95,-94
109900032,9,170,-161
109900033,1,330,-329
109900034,31,8,23
109900035,10,21,-11
109900036,13,28,-15
109900037,19,222,-203
109900038,68,165,-97
109900039,14,2,12
109900040,30,245,-215
109900041,47,153,-106
109900042,12,263,-251
109900044,73,118,-45
109900045,194,209,-15
109900046,35,67,-32
109900047,157,158,-1
109900048,1,51,-50
109900049,5,30,-25
109900050,0,56,-56
109900051,2,22,-20
109900052,37,153,-116
109900053,3,112,-109
109900054,620,126,494
109900055,66,157,-91
109900056,21,132,-111
109900057,3,89,-86
109900058,0,34,-34
109900059,807,68,739
109900060,430,56,374
109900061,27,178,-151
109900062,0,52,-52
109900063,4,256,-252
109900064,457,112,345
109900065,32,105,-73
109900066,228,356,-128
109900067,0,79,-79
109900068,59,2,57
109900069,4,26,-22
109900070,26,208,-182
109900071,6,14,-8
109900072,9,98,-89
109900073,216,169,47
109900074,16,14,2
109900075,18,19,-1
109900076,6,126,-120
109900077,38,39,-1
109900078,70,136,-66
109900080,82,115,-33
109900081,15,166,-151
109900082,30,133,-103
109900083,33,56,-23
109900084,33,67,-34
109900085,125,292,-167
109900086,86,303,-217
109900087,212,278,-66
109900089,535,226,309
109900090,316,572,-256
109900091,237,43,194
109900092,202,8,194
109900093,755,111,644
109900094,61,72,-11
109900095,67,124,-57
109900096,22,2,20
109900097,79,1,78
109900098,402,27,375
109900099,131,0,131
109900100,19,0,19
109900101,548,7,541
109900102,380,13,367
109900103,24,20,4
109900104,520,297,223
109900105,425,12,413
109900106,210,25,185
109900107,370,33,337
109900108,87,87,0
109900109,28,58,-30
109900110,58,137,-79
109900111,145,397,-252
109900112,165,225,-60
109900113,658,406,252
109900114,738,662,76
109900115,117,43,74
109900117,874,78,796
109900118,113,197,-84
109900119,470,146,324
109900120,62,41,21
109900121,215,365,-150
109900122,374,7,367
109900123,19,95,-76
109900124,38,176,-138
109900125,0,99,-99
109900126,205,42,163
109900128,286,23,263
109900130,2774,1947,827
109900131,19,77,-58
109900132,32,90,-58
109900133,85,144,-59
109900134,42,53,-11
109900135,213,49,164
109900136,21,69,-48
109900137,111,115,-4
109900140,135,71,64
109900142,968,96,872
109900145,2,361,-359
109900146,246,27,219
109900148,60,61,-1
109900149,39,63,-24
109900150,13,73,-60
109900151,10,29,-19
109900152,0,30,-30
109900153,2,53,-51
109900154,55,0,55
109900155,73,16,57
109900157,49,136,-87
109900158,45,87,-42
109900159,142,22,120
109900160,106,47,59
109900161,154,48,106
109900162,124,88,36
109900163,282,154,128
109900164,42,139,-97
109900165,204,2,202
109900166,1,68,-67
109900167,111,202,-91
109900168,223,268,-45
109900169,136,91,45
109900170,179,822,-643
109900171,133,41,92
109900172,125,151,-26
109900173,1105,1614,-509
109900174,17,85,-68
109900175,65,43,22
109900176,65,76,-11
109900177,20,122,-102
109900178,26,89,-63
109900179,30,8,22
109900180,11,17,-6
110000001,531,385,146
110000002,403,536,-133
110000003,521,524,-3
110000004,360,542,-182
110000005,222,1093,-871
110000006,166,224,-58
110000007,70,66,4
110000008,12,27,-15
110000009,19,15,4
110000010,19,35,-16
110000011,22,36,-14
110000012,304,172,132
110000013,28,406,-378
110000014,343,236,107
110000015,164,344,-180
110000016,159,1117,-958
110000017,1563,158,1405
110000018,1253,216,1037
110000019,0,41,-41
110000020,219,147,72
110000021,161,243,-82
110000022,466,87,379
110000023,6,63,-57
110000024,343,196,147
110000025,379,3,376
110000026,5,124,-119
110000027,646,468,178
110000028,700,379,321
110000029,279,338,-59
110000030,168,215,-47
110000031,193,226,-33
110000032,624,245,379
110000033,179,114,65
110000034,335,289,46
110000035,433,279,154
110000036,593,261,332
110000037,131,198,-67
110000038,150,404,-254
110000039,598,2212,-1614
110000040,241,179,62
110000041,182,1118,-936
110000042,59,243,-184
110000043,474,185,289
110000044,35,287,-252
110000045,214,97,117
110000046,4,35,-31
110000047,29,27,2
110000048,14,30,-16
110000049,22,9,13
110000050,7,19,-12
110000051,21,6,15
110000052,28,29,-1
110000053,35,4,31
110000054,94,254,-160
110000055,203,34,169
110000056,68,84,-16
110000057,257,384,-127
110000058,582,238,344
110000059,639,305,334
110000060,757,632,125
110000061,515,471,44
110000062,468,613,-145
110000063,38,102,-64
110000064,47,32,15
110000065,64,44,20
110000066,46,18,28
110000067,69,75,-6
110000068,178,46,132
110000069,245,31,214
110000071,186,24,162
110000073,13,9,4
110000075,8,33,-25
110000076,207,229,-22
110000077,238,575,-337
110000078,33,11,22
110000080,232,400,-168
110000081,32,97,-65
110000082,30,232,-202
110000083,149,354,-205
110000084,921,595,326
110000085,816,1033,-217
110000086,812,1407,-595
110000087,13,42,-29
110000088,54,117,-63
110000089,193,36,157
110000090,59,123,-64
110000091,453,132,321
110000092,13,33,-20
110000093,29,9,20
110000094,308,154,154
110000095,121,445,-324
110000096,987,1324,-337
110000097,827,1098,-271
110000098,1424,454,970
110000099,408,1119,-711
110000100,797,151,646
110000101,29,108,-79
110000102,65,32,33
110000104,265,109,156
110000105,46,175,-129
110000106,437,397,40
110000107,189,162,27
110000108,88,95,-7
110000109,157,168,-11
110000110,1078,2685,-1607
110000111,2355,1844,511
110000112,459,829,-370
110000113,133,1547,-1414
110000114,155,418,-263
110000115,253,143,110
110000116,34,30,4
110000117,194,138,56
110000118,310,44,266
110000119,191,135,56
110000120,243,97,146
110000121,42,240,-198
110000122,273,323,-50
110000123,391,434,-43
110000124,1,597,-596
110000125,749,7,742
110000126,215,28,187
110000127,956,60,896
110000128,35,641,-606
110000129,2,315,-313
110000130,218,148,70
110000131,77,198,-121
110000132,3,350,-347
110000133,39,256,-217
110000134,9,207,-198
110000135,103,7,96
110000136,57,190,-133
110000137,455,311,144
110000138,539,314,225
110000139,777,455,322
110000140,538,546,-8
110000143,344,219,125
110000144,3368,1339,2029
110000145,1495,729,766
110000146,1088,400,688
110000147,283,351,-68
110000148,411,121,290
110000151,527,666,-139
110000152,552,290,262
110000153,47,10,37
110000154,3,13,-10
110000155,793,2648,-1855
110000156,906,1796,-890
110000157,1165,1407,-242
110000160,256,151,105
110000161,125,98,27
110000166,430,62,368
110000167,620,362,258
110000168,794,404,390
110000169,675,277,398
110000170,113,37,76
110000171,430,72,358
110000172,106,428,-322
110000173,654,574,80
110000174,78,385,-307
110000175,454,36,418
110000176,42,277,-235
110000177,107,589,-482
110000178,321,966,-645
110000179,452,182,270
110000180,201,113,88
110000181,366,255,111
110000182,151,68,83
110000183,3942,4566,-624
110000184,181,1506,-1325
110000185,289,362,-73
110000186,472,478,-6
110000191,970,135,835
110000192,474,11,463
110000193,971,15,956
110000194,10,472,-462
110000195,395,149,246
110000196,299,110,189
110000197,56,68,-12
110000198,84,41,43
110000199,49,94,-45
110000200,650,233,417
110000201,491,665,-174
110000202,891,498,393
110000203,396,343,53
110000204,4,86,-82
110000205,147,34,113
110000206,369,501,-132
110000207,975,219,756
110000208,150,145,5
110000209,92,450,-358
110000210,1096,243,853
110000211,663,290,373
110000212,302,650,-348
110000213,205,43,162
110000214,227,48,179
110000215,78,118,-40
110000216,120,121,-1
110000217,309,50,259
110000218,106,119,-13
110000219,257,25,232
110000220,56,89,-33
110000221,263,35,228
110000222,48,107,-59
110000223,4,104,-100
110000224,19,7,12
110000225,214,439,-225
110000226,204,54,150
110000227,414,563,-149
110000228,165,97,68
110000229,0,127,-127
110000230,326,286,40
110000231,136,148,-12
110000232,149,153,-4
110000233,136,122,14
110000234,342,350,-8
110000235,555,593,-38
110000236,426,366,60
110000237,1335,684,651
110000238,822,755,67
110000239,1381,706,675
110000240,1,31,-30
110000242,0,4,-4
110000243,66,46,20
110000244,66,172,-106
110000245,30,212,-182
110000246,513,201,312
110000247,639,1856,-1217
110000248,1080,783,297
110000249,37,7,30
110000250,15,74,-59
110000251,223,158,65
110000252,202,113,89
110000253,975,302,673
110000254,344,469,-125
110000255,89,421,-332
110000256,328,151,177
110000257,368,220,148
110000258,2,147,-145
110000259,103,8,95
110000260,17,65,-48
110000263,289,32,257
110000264,242,162,80
110000265,716,1028,-312
110000266,902,1585,-683
110000267,26,80,-54
110000268,186,227,-41
110000269,0,32,-32
110000270,57,0,57
110000271,660,121,539
110000272,699,538,161
110000273,1518,833,685
110000274,103,1097,-994
110000275,768,342,426
110000276,190,190,0
110000277,261,183,78
110000278,184,360,-176
110000279,598,494,104
110000280,372,211,161
110000281,41,206,-165
110000282,135,16,119
110000283,37,37,0
110000284,19,30,-11
110000285,4,307,-303
110000286,4,0,4
110000287,61,1,60
110000288,0,52,-52
110000289,317,1354,-1037
110000290,436,418,18
110000291,2010,867,1143
110000292,771,2983,-2212
110000293,441,463,-22
110000294,915,640,275
110000295,66,327,-261
110000296,366,201,165
110000297,1254,196,1058
110000298,78,235,-157
110000299,64,57,7
110000301,154,16,138
110000302,241,361,-120
110000303,256,12,244
110000304,126,124,2
110000305,850,20,830
110000306,97,628,-531
110000307,1327,6,1321
110000308,406,4,402
110000309,2,365,-363
110000310,477,26,451
110000311,9,287,-278
110000312,243,64,179
110000313,1143,1488,-345
110000314,0,108,-108
110000315,1799,1674,125
110000316,323,786,-463
110000317,128,332,-204
110000318,2,19,-17
110000319,5,9,-4
110000320,31,9,22
110000321,7,24,-17
110000322,157,160,-3
110000323,253,86,167
110000324,1680,990,690
110000325,1488,1906,-418
110000327,263,165,98
110000328,101,172,-71
110000333,516,427,89
110000334,361,695,-334
110000335,532,265,267
110000336,458,517,-59
110000337,981,318,663
110000338,431,111,320
110000339,207,109,98
110000340,11,151,-140
110000341,342,277,65
110000342,127,1,126
110000343,0,6,-6
110000344,64,108,-44
110000345,90,92,-2
110000346,1301,1168,133
110000347,786,456,330
110000348,18,13,5
110000349,8,6,2
110000350,39,4,35
110000351,900,461,439
110000352,447,972,-525
110000353,1482,362,1120
110000354,569,1945,-1376
110000355,76,39,37
110000356,357,8,349
110000357,270,10,260
110000361,18,19,-1
110000362,68,1,67
110000363,411,93,318
110000364,156,145,11
110000365,91,1,90
110000366,2,57,-55
110000367,235,71,164
110000368,4,41,-37
110000369,45,2,43
110000373,3,173,-170
110000374,48,12,36
110000375,67,522,-455
110000376,20,47,-27
110000377,80,262,-182
110000378,10,242,-232
110000379,1277,1331,-54
110000380,45,3,42
110000383,1,815,-814
110000384,854,486,368
110000385,2,136,-134
110000387,57,3,54
110000388,28,80,-52
110000389,673,3,670
110000391,534,149,385
110000396,140,74,66
110000397,111,65,46
110000398,2,16,-14
110000399,92,0,92
110000587,74,49,25
110000589,190,69,121
110000640,107,28,79
110000652,9,150,-141
110000653,252,237,15
110000654,49,1163,-1114
110000656,2,225,-223
110000674,20,15,5
110000675,1,3,-2
110000676,0,18,-18
110000679,146,850,-704
110000682,53,114,-61
110000683,141,269,-128
110000684,2,20,-18
110000685,6,3,3
110000686,0,21,-21
110000687,7,2,5
110000688,32,719,-687
110000689,20,11,9
110000692,14,57,-43
110000693,36,145,-109
110000694,0,103,-103
110000695,110,244,-134
110000696,30,36,-6
110900001,183,33,150
110900002,359,101,258
110900003,590,210,380
110900004,329,58,271
110900005,1149,1896,-747
110900006,73,12,61
110900007,67,33,34
110900008,9,38,-29
110900009,317,86,231
110900010,10,16,-6
110900011,9,39,-30
110900012,8,48,-40
110900013,699,79,620
110900014,111,9,102
110900015,212,467,-255
110900016,39,49,-10
110900017,331,23,308
110900018,325,22,303
110900019,187,10,177
110900020,70,92,-22
110900021,60,211,-151
110900022,56,102,-46
110900023,48,254,-206
110900024,17,141,-124
110900025,1,28,-27
110900027,10,120,-110
110900028,15,62,-47
110900029,17,109,-92
110900030,31,75,-44
110900031,4,102,-98
110900032,0,31,-31
110900033,30,96,-66
110900035,17,390,-373
110900036,56,5,51
110900037,86,8,78
110900038,381,127,254
110900039,2,211,-209
110900040,222,14,208
110900041,15,32,-17
110900042,126,42,84
110900043,3,30,-27
110900044,91,10,81
110900045,37,147,-110
110900046,14,75,-61
110900047,249,256,-7
110900049,45,54,-9
110900050,11,5,6
110900051,19,115,-96
110900052,0,82,-82
110900053,66,11,55
110900054,33,88,-55
110900055,16,4,12
110900056,44,82,-38
110900057,2,45,-43
110900058,212,64,148
110900059,360,181,179
110900060,314,70,244
110900061,32,24,8
110900062,155,94,61
110900063,24,41,-17
110900064,5,0,5
110900065,164,105,59
110900066,2,52,-50
110900067,134,495,-361
110900068,159,152,7
110900069,3,10,-7
110900070,105,54,51
110900071,179,470,-291
110900073,1,12,-11
110900074,347,70,277
110900075,275,38,237
110900077,683,373,310
110900078,24,10,14
110900079,1257,885,372
110900080,104,53,51
110900081,3,8,-5
110900082,61,42,19
110900083,82,42,40
110900084,24,23,1
110900085,29,146,-117
110900086,40,249,-209
110900087,285,33,252
110900088,8,0,8
110900090,21,46,-25
110900091,1,30,-29
110900093,141,79,62
110900095,58,44,14
110900097,8,12,-4
110900098,26,28,-2
110900099,23,176,-153
110900100,0,11,-11
110900102,62,18,44
110900105,368,129,239
110900108,20,22,-2
110900111,245,77,168
110900112,547,13,534
110900113,281,40,241
110900115,3,25,-22
110900116,582,586,-4
110900118,48,2013,-1965
110900119,1128,130,998
110900120,23,78,-55
110900121,115,0,115
110900122,379,117,262
110900125,290,276,14
110900127,371,954,-583
110900128,242,309,-67
110900129,175,637,-462
110900130,455,424,31
110900131,121,22,99
110900132,203,42,161
110900133,48,70,-22
110900135,27,111,-84
110900136,200,12,188
110900138,0,0,0
110900139,4,0,4
110900140,0,0,0
110900141,241,191,50
110900142,39,60,-21
110900143,111,41,70
110900144,5,332,-327
110900145,148,72,76
110900146,125,158,-33
110900147,77,168,-91
110900148,6,162,-156
110900149,1,22,-21
110900150,51,8,43
110900151,2,13,-11
110900152,30,111,-81
110900153,166,37,129
111000001,498,357,141
111000002,587,352,235
111000003,1052,537,515
111000004,337,611,-274
111000005,827,900,-73
111000006,685,1208,-523
111000007,2954,2161,793
111000008,1275,1949,-674
111000009,334,614,-280
111000010,713,195,518
111000011,257,699,-442
111000012,498,296,202
111000013,283,584,-301
111000014,1085,360,725
111000017,98,635,-537
111000018,172,243,-71
111000020,717,1374,-657
111000021,41,66,-25
111000023,39,66,-27
111000025,3847,2452,1395
111000029,69,81,-12
111000030,50,90,-40
111000031,1437,737,700
111000032,419,230,189
111000033,187,199,-12
111000034,78,194,-116
111000037,844,449,395
111000038,2027,1178,849
111000039,1173,1176,-3
111000040,1343,1262,81
111000041,979,901,78
111000042,1597,1510,87
111000043,1346,2531,-1185
111000044,1388,797,591
111000045,1928,1590,338
111000046,1307,1117,190
111000047,1829,2909,-1080
111000049,315,296,19
111000050,822,763,59
111000051,340,547,-207
111000052,441,913,-472
111000053,293,479,-186
111000054,195,459,-264
111000055,1016,930,86
111000056,150,204,-54
111000057,100,239,-139
111000058,368,50,318
111000059,375,206,169
111000060,2698,639,2059
111000061,441,223,218
111000062,671,221,450
111000063,1281,665,616
111000064,657,336,321
111000065,903,548,355
111000066,536,209,327
111000067,382,359,23
111000068,517,622,-105
111000069,1074,1162,-88
111000070,697,569,128
111000071,225,358,-133
111000072,944,388,556
111000073,284,655,-371
111000074,1165,1151,14
111000075,788,328,460
111000076,436,270,166
111000077,1153,1160,-7
111000078,2003,1040,963
111000079,783,463,320
111000080,370,418,-48
111000081,1018,2584,-1566
111000082,537,356,181
111000084,554,353,201
111000085,601,691,-90
111000086,1265,606,659
111000087,465,289,176
111000088,2447,1543,904
111000089,573,452,121
111000090,515,936,-421
111000091,566,236,330
111000092,1093,503,590
111000093,537,799,-262
111000094,1110,706,404
111000095,454,1523,-1069
111000096,861,5198,-4337
111000097,2817,1128,1689
111000098,639,724,-85
111000099,471,894,-423
111000100,283,732,-449
111000101,308,446,-138
111000102,221,231,-10
111000104,529,87,442
111000107,70,362,-292
111000109,529,123,406
111000110,1082,471,611
111000111,2111,317,1794
111000112,1526,423,1103
111000113,843,1346,-503
111000114,1558,2636,-1078
111000115,2807,675,2132
111000116,692,543,149
111000117,266,617,-351
111000118,853,471,382
111000119,931,603,328
111000120,443,386,57
111000121,251,494,-243
111000122,457,614,-157
111000123,781,1205,-424
111000124,352,1089,-737
111000125,219,577,-358
111000126,105,373,-268
111000127,808,80,728
111000128,1653,172,1481
111000129,2212,250,1962
111000130,1684,445,1239
111000131,1458,328,1130
111000132,1276,661,615
111000133,144,74,70
111000134,122,47,75
111000135,40,90,-50
111000136,287,196,91
111000138,17,2,15
111000140,1,9,-8
111000141,147,306,-159
111000142,27,389,-362
111000143,9,588,-579
111000144,87,2855,-2768
111000145,355,23,332
111000146,110,14,96
111000147,146,27,119
111000148,140,112,28
111000149,2,26,-24
111000150,24,5,19
111000151,1,25,-24
111000153,404,481,-77
111000154,397,152,245
111000155,79,127,-48
111000156,480,470,10
111000157,209,653,-444
111000158,612,525,87
111000159,2370,800,1570
111000160,450,451,-1
111000161,16,374,-358
111000162,43,114,-71
111000163,598,497,101
111000164,448,1723,-1275
111000165,569,291,278
111000166,942,229,713
111000167,102,212,-110
111000168,140,280,-140
111000169,200,455,-255
111000170,281,244,37
111000171,318,275,43
111000172,131,178,-47
111000173,286,296,-10
111000174,214,150,64
111000175,48,167,-119
111000176,212,70,142
111000177,332,115,217
111000178,1122,133,989
111000179,217,64,153
111000180,199,240,-41
111000181,1110,156,954
111000182,140,131,9
111000183,165,178,-13
111000184,298,124,174
111000185,194,229,-35
111000186,168,111,57
111000187,83,80,3
111000188,200,237,-37
111000189,466,355,111
111000190,164,151,13
111000191,106,147,-41
111000192,138,282,-144
111000193,201,144,57
111000194,43,150,-107
111000195,88,154,-66
111000196,46,112,-66
111000197,411,96,315
111000198,445,44,401
111000199,181,69,112
111000200,404,193,211
111000201,564,146,418
111000202,255,133,122
111000203,324,172,152
111000204,297,977,-680
111000213,133,260,-127
111000214,1042,733,309
111000215,777,714,63
111000217,1333,605,728
111000218,1019,667,352
111000219,244,112,132
111000220,590,350,240
111000221,318,60,258
111000224,19,174,-155
111000225,310,228,82
111000226,59,1,58
111000227,24,6,18
111000228,16,346,-330
111000229,36,726,-690
111000230,154,154,0
111000231,785,267,518
111000232,478,395,83
111000233,830,359,471
111000234,138,377,-239
111000239,43,74,-31
111000240,41,148,-107
111000241,19,154,-135
111000242,172,65,107
111000243,108,196,-88
111000244,450,52,398
111000245,783,157,626
111000246,463,131,332
111000247,316,329,-13
111000248,564,238,326
111000249,369,274,95
111000250,29,50,-21
111000251,39,37,2
111000253,4,5,-1
111000255,42,3,39
111000257,39,7,32
111000260,38,777,-739
111000261,1051,40,1011
111000271,42,159,-117
111000273,1612,731,881
111000274,998,1453,-455
111000275,153,27,126
111000276,290,759,-469
111000277,166,218,-52
111000278,447,169,278
111000291,593,4950,-4357
111000298,386,105,281
111000299,534,86,448
111000300,74,348,-274
111000302,248,33,215
111000303,45,108,-63
111000312,21,26,-5
111000315,3,53,-50
111000320,142,375,-233
111000321,266,94,172
111000322,215,194,21
111000323,179,26,153
111000324,239,115,124
111000325,37,47,-10
111000326,204,158,46
111000327,288,168,120
111000328,204,275,-71
111000329,0,19,-19
111000330,36,4,32
111000331,31,7,24
111000332,366,778,-412
111000334,234,573,-339
111000335,659,139,520
111000337,1090,219,871
111000338,36,35,1
111000339,403,63,340
111000340,96,220,-124
111000341,985,332,653
111000342,95,1442,-1347
111000344,765,452,313
111000345,154,154,0
111000346,31,298,-267
111000347,78,5,73
111000350,115,56,59
111000351,97,206,-109
111000352,162,38,124
111000353,75,118,-43
111000354,296,50,246
111000355,217,246,-29
111000358,102,425,-323
111000360,216,185,31
111000361,141,90,51
111000546,403,299,104
111000547,280,125,155
111000548,108,204,-96
111000549,233,108,125
111000550,59,549,-490
111000551,522,154,368
111000552,537,251,286
111000907,442,1,441
111000908,31,1,30
111000916,1372,131,1241
111000917,31,236,-205
111000918,170,240,-70
111000920,441,11,430
111000921,14,79,-65
111000922,374,131,243
111000924,40,342,-302
111000925,2149,1316,833
111000926,787,850,-63
111000927,2308,3159,-851
111000928,3255,1666,1589
111000929,1357,833,524
111000930,543,1152,-609
111000931,1700,2000,-300
111000932,2929,1169,1760
111000933,2503,1860,643
111000934,1202,1788,-586
111000935,1371,594,777
111000936,781,1060,-279
111000937,910,908,2
111000938,936,799,137
111000939,460,39,421
111000940,334,48,286
111000941,224,163,61
111000943,379,170,209
111000944,110,138,-28
111000945,78,667,-589
111001109,410,358,52
111001110,121,272,-151
111001111,77,1,76
111001112,95,23,72
111001113,2,137,-135
111001114,459,153,306
111001115,25,541,-516
111001116,2051,2584,-533
111001117,340,1827,-1487
111001120,89,126,-37
111001121,116,130,-14
111001122,184,187,-3
111001123,291,38,253
111001124,135,70,65
111001125,3,132,-129
111001126,19,63,-44
111900001,10,48,-38
111900002,9,302,-293
111900003,0,144,-144
111900004,26,46,-20
111900006,10,46,-36
111900007,114,6,108
111900008,138,1,137
111900009,116,43,73
111900010,212,266,-54
111900012,32,58,-26
111900013,25,19,6
111900014,2118,3374,-1256
111900015,0,30,-30
111900016,0,40,-40
111900017,0,48,-48
111900018,115,1,114
111900019,0,61,-61
111900020,0,28,-28
111900021,21,56,-35
111900022,2,19,-17
111900023,41,48,-7
111900024,36,35,1
111900025,0,17,-17
111900026,2,32,-30
111900027,5,61,-56
111900028,1,131,-130
111900029,2,30,-28
111900030,17,174,-157
111900031,0,25,-25
111900032,2,152,-150
111900033,4,30,-26
111900034,186,250,-64
111900035,19,75,-56
111900036,0,120,-120
111900038,175,293,-118
111900039,37,170,-133
111900040,3,172,-169
111900042,7,65,-58
111900043,0,178,-178
111900044,176,110,66
111900046,22,109,-87
111900048,172,279,-107
111900049,33,99,-66
111900050,77,24,53
111900051,1,126,-125
111900052,251,221,30
111900053,461,1223,-762
111900054,83,6,77
111900055,18,121,-103
111900056,102,264,-162
111900057,122,22,100
111900058,444,234,210
111900059,729,385,344
111900060,244,3,241
111900061,5,73,-68
111900062,14,37,-23
111900063,257,226,31
111900064,62,110,-48
111900065,66,20,46
111900066,101,132,-31
111900067,1,208,-207
111900068,37,40,-3
111900069,60,16,44
111900070,132,68,64
111900071,1,118,-117
111900072,40,13,27
111900073,771,140,631
111900074,9,64,-55
111900075,36,8,28
111900076,215,67,148
111900077,25,2,23
111900078,213,11,202
111900079,35,28,7
111900080,145,197,-52
111900082,144,25,119
111900083,131,5,126
111900084,89,2,87
111900085,23,107,-84
111900086,47,9,38
111900087,42,1,41
111900088,534,8,526
111900089,103,3,100
111900090,71,43,28
111900091,206,2,204
111900092,95,2,93
111900093,360,10,350
111900094,117,1,116
111900095,228,22,206
111900096,143,4,139
111900097,35,0,35
111900098,267,2,265
111900099,58,0,58
111900100,91,1,90
111900101,66,21,45
111900102,455,216,239
111900103,41,44,-3
111900104,116,30,86
111900105,250,114,136
111900106,391,23,368
111900110,669,226,443
111900111,110,52,58
111900112,211,2242,-2031
111900113,122,74,48
111900118,234,52,182
111900119,212,96,116
111900122,62,60,2
111900123,12,28,-16
111900124,11,39,-28
111900125,362,36,326
111900126,180,6,174
111900127,0,302,-302
111900128,2,194,-192
111900129,225,21,204
111900130,165,33,132
111900131,416,3,413
111900132,16,336,-320
111900133,7,195,-188
111900134,5,113,-108
111900135,5,22,-17
111900136,64,120,-56
111900137,42,20,22
111900138,8,38,-30
111900139,15,37,-22
111900140,77,26,51
111900141,34,1,33
111900142,100,25,75
111900143,14,70,-56
111900144,0,39,-39
111900145,1,152,-151
111900146,1,91,-90
111900147,68,181,-113
111900148,8,231,-223
111900149,6,111,-105
111900150,6,65,-59
111900151,15,13,2
111900152,60,74,-14
111900153,613,517,96
111900154,8,257,-249
111900155,38,88,-50
111900156,46,64,-18
111900157,130,16,114
111900158,375,42,333
111900159,218,21,197
111900160,294,2,292
111900161,218,2,216
111900162,63,123,-60
111900163,20,131,-111
111900164,57,30,27
111901113,413,84,329
111901114,127,98,29
111901115,50,1,49
111901116,24,0,24
111901117,36,17,19
111901118,28,121,-93
111901119,344,30,314
111901121,110,101,9
111901122,1,307,-306
111901123,173,149,24
111901124,199,3,196
111901125,324,150,174
111901127,148,379,-231
111901128,8,24,-16
111901129,0,40,-40
111901130,5,47,-42
111901131,3,116,-113
111901132,58,13,45
111901133,35,3,32
111901134,53,4,49
111901135,30,10,20
111901136,11,36,-25
111901137,0,5,-5
111901138,153,22,131
111901139,18,19,-1
111901140,4,20,-16
111901141,4,62,-58
111901142,2,55,-53
111901143,2,52,-50
111901144,43,27,16
111901145,80,190,-110
111901146,238,19,219
111901147,91,100,-9
111901148,12,35,-23
111901149,6,1,5
112000001,1385,525,860
112000002,483,1206,-723
112000003,1283,783,500
112000004,462,382,80
112000005,2909,3023,-114
112000006,1421,829,592
112000007,2729,1755,974
112000008,1685,2953,-1268
112000009,1756,1514,242
112000010,2149,2715,-566
112000011,1083,872,211
112000012,2419,3513,-1094
112000013,2124,2093,31
112000014,1547,1756,-209
112000015,2493,2176,317
112000016,2143,1306,837
112000017,868,1946,-1078
112000024,1424,572,852
112000026,1556,1848,-292
112000027,520,513,7
112000028,637,733,-96
112000029,349,533,-184
112000030,104,47,57
112000031,891,3186,-2295
112000032,141,31,110
112000033,1066,1583,-517
112000034,167,29,138
112000035,53,255,-202
112000036,372,716,-344
112000037,569,645,-76
112000038,783,887,-104
112000039,110,39,71
112000040,41,134,-93
112000041,284,257,27
112000042,584,286,298
112000050,960,956,4
112000051,746,1004,-258
112000054,1008,904,104
112000057,371,215,156
112000058,173,309,-136
112000059,317,461,-144
112000061,1556,1043,513
112000062,802,670,132
112000063,418,1498,-1080
112000064,1860,2644,-784
112000065,974,1279,-305
112000066,2449,1249,1200
112000067,489,494,-5
112000068,2433,2087,346
112000069,311,1065,-754
112000070,1310,774,536
112000071,769,1551,-782
112000072,1927,624,1303
112000073,993,1489,-496
112000074,1173,938,235
112000075,1133,919,214
112000076,2483,1610,873
112000077,682,289,393
112000078,1480,417,1063
112000079,970,716,254
112000080,571,462,109
112000081,1088,1408,-320
112000082,916,492,424
112000083,541,570,-29
112000084,1002,447,555
112000085,1037,409,628
112000086,1292,587,705
112000087,561,239,322
112000088,677,235,442
112000089,230,197,33
112000090,133,147,-14
112000091,459,552,-93
112000092,1641,664,977
112000093,1159,502,657
112000094,590,535,55
112000095,452,499,-47
112000096,512,350,162
112000097,1081,493,588
112000098,518,347,171
112000099,535,1339,-804
112000100,1503,449,1054
112000101,372,416,-44
112000102,1105,327,778
112000103,280,421,-141
112000105,420,586,-166
112000106,1500,270,1230
112000107,99,94,5
112000108,235,812,-577
112000109,156,42,114
112000110,1424,444,980
112000111,456,1325,-869
112000112,1741,389,1352
112000113,473,852,-379
112000114,1586,559,1027
112000115,276,200,76
112000116,335,378,-43
112000117,703,546,157
112000118,716,485,231
112000119,254,411,-157
112000120,45,193,-148
112000121,124,203,-79
112000122,283,106,177
112000123,686,104,582
112000124,350,72,278
112000125,227,172,55
112000126,224,211,13
112000127,1212,1585,-373
112000128,465,377,88
112000129,115,46,69
112000130,166,71,95
112000131,36,138,-102
112000132,112,159,-47
112000133,341,79,262
112000134,334,203,131
112000135,793,439,354
112000136,526,581,-55
112000137,935,792,143
112000138,617,470,147
112000139,545,585,-40
112000140,414,710,-296
112000141,716,319,397
112000142,110,278,-168
112000143,944,135,809
112000144,180,507,-327
112000145,2034,333,1701
112000146,453,955,-502
112000147,2295,1238,1057
112000148,1054,926,128
112000149,324,260,64
112000150,183,250,-67
112000151,307,146,161
112000152,324,195,129
112000153,110,116,-6
112000154,98,106,-8
112000155,101,69,32
112000157,382,449,-67
112000158,209,172,37
112000159,504,196,308
112000167,274,96,178
112000169,244,296,-52
112000173,616,136,480
112000175,358,184,174
112000176,1215,1201,14
112000177,511,148,363
112000178,35,138,-103
112000179,240,67,173
112000180,170,220,-50
112000181,882,829,53
112000182,1088,594,494
112000183,14,23,-9
112000184,368,149,219
112000185,468,232,236
112000187,2763,1715,1048
112000195,79,15,64
112000196,178,0,178
112000197,154,195,-41
112000198,51,196,-145
112000199,606,597,9
112000202,386,5,381
112000216,46,117,-71
112000230,91,6,85
112000231,2,129,-127
112000256,72,246,-174
112000313,50,58,-8
112000314,61,33,28
112000337,158,330,-172
112000352,112,259,-147
112000392,924,840,84
112000398,1293,557,736
112000399,1090,1746,-656
112000400,1110,1242,-132
112000401,1559,985,574
112000402,2522,2707,-185
112000403,1146,2379,-1233
112000404,853,750,103
112000405,1798,2070,-272
112000406,1836,1037,799
112000407,6169,6267,-98
112000408,4628,2848,1780
112000409,1157,2162,-1005
112000410,263,278,-15
112000411,1969,1125,844
112000412,862,411,451
112000413,3907,4829,-922
112000414,60,23,37
112000415,75,23,52
112000416,2175,919,1256
112000417,228,41,187
112000421,39,54,-15
112000422,182,116,66
112000424,929,2016,-1087
112000425,294,374,-80
112000426,104,209,-105
112000427,0,8,-8
112000428,218,235,-17
112000429,1561,1324,237
112000430,2043,1939,104
112000431,111,104,7
112000432,399,453,-54
112000433,189,403,-214
112000437,18,92,-74
112900001,57,1,56
112900002,394,468,-74
112900003,47,191,-144
112900004,33,125,-92
112900005,202,111,91
112900006,9,154,-145
112900007,24,155,-131
112900008,0,49,-49
112900009,292,83,209
112900010,356,432,-76
112900011,58,115,-57
112900012,3,29,-26
112900013,0,58,-58
112900014,2,108,-106
112900015,229,355,-126
112900016,3,171,-168
112900017,41,101,-60
112900018,0,114,-114
112900019,19,96,-77
112900020,230,591,-361
112900021,2,114,-112
112900022,5,53,-48
112900023,1,52,-51
112900024,32,128,-96
112900025,35,121,-86
112900026,2,78,-76
112900027,6,440,-434
112900028,49,65,-16
112900029,5,261,-256
112900030,59,69,-10
112900031,5,201,-196
112900032,122,172,-50
112900034,1,15,-14
112900035,6,229,-223
112900036,33,79,-46
112900037,120,111,9
112900038,503,57,446
112900039,7,138,-131
112900040,4,252,-248
112900041,248,712,-464
112900042,40,126,-86
112900043,22,19,3
112900044,335,299,36
112900045,161,186,-25
112900046,81,48,33
112900047,5,10,-5
112900049,209,44,165
112900050,16,254,-238
112900051,123,262,-139
112900052,1,326,-325
112900053,118,84,34
112900054,113,48,65
112900055,87,37,50
112900056,235,153,82
112900057,18,427,-409
112900058,224,262,-38
112900059,101,90,11
112900060,31,92,-61
112900061,95,38,57
112900062,50,57,-7
112900063,79,9,70
112900064,96,163,-67
112900065,22,39,-17
112900066,146,187,-41
112900067,151,91,60
112900068,19,39,-20
112900069,877,631,246
112900071,22,4,18
112900072,57,1723,-1666
112900073,281,82,199
112900074,61,252,-191
112900075,595,669,-74
112900076,36,22,14
112900078,232,331,-99
112900079,159,16,143
112900080,77,6,71
112900081,42,174,-132
112900082,550,17,533
112900083,128,95,33
112900084,187,102,85
112900086,72,3,69
112900087,629,110,519
112900088,109,12,97
112900089,690,29,661
112900090,72,29,43
112900091,195,5,190
112900092,50,297,-247
112900093,798,19,779
112900095,40,2,38
112900096,405,105,300
112900097,32,135,-103
112900098,69,4,65
112900099,587,21,566
112900100,63,1,62
112900101,364,2,362
112900102,56,8,48
112900103,158,2,156
112900104,79,0,79
112900105,7,0,7
112900106,353,87,266
112900107,4,0,4
112900108,10,1,9
112900109,122,0,122
112900110,1259,25,1234
112900111,559,2,557
112900112,304,1,303
112900113,0,14,-14
112900114,140,7,133
112900115,1194,5,1189
112900116,114,41,73
112900117,46,21,25
112900118,16,63,-47
112900119,159,1,158
112900120,363,173,190
112900121,22,112,-90
112900122,8,52,-44
112900123,81,13,68
112900124,13,53,-40
112900125,17,169,-152
112900126,120,94,26
112900127,331,77,254
112900128,120,315,-195
112900129,1,369,-368
112900130,128,52,76
112900131,14,111,-97
112900132,66,160,-94
112900133,19,476,-457
112900134,0,103,-103
112900135,64,36,28
112900137,0,246,-246
112900138,2,93,-91
112900139,125,585,-460
112900141,536,33,503
112900142,56,143,-87
112900143,19,205,-186
112900144,1,143,-142
112900145,24,276,-252
112900146,3,410,-407
112900147,1,602,-601
112900148,56,8,48
112900149,165,271,-106
112900151,9,36,-27
112900152,1760,378,1382
112900153,1030,1777,-747
112900154,0,38,-38
112900155,176,10,166
112900156,222,557,-335
112900157,352,39,313
112900158,57,12,45
112900159,140,102,38
112900160,53,161,-108
112900161,83,43,40
112900162,24,17,7
112900163,43,31,12
112900164,27,129,-102
112900165,72,28,44
112900166,6,34,-28
112900167,2,68,-66
112900168,0,5,-5
112900169,8,8,0
112900170,53,42,11
112900172,25,15,10
112900173,93,41,52
112900174,205,56,149
112900175,78,139,-61
112900176,7,27,-20
112900177,144,40,104
112900178,493,1721,-1228
112900179,14,224,-210
112900180,1324,818,506
112900181,558,4,554
112900182,38,417,-379
112900183,95,145,-50
112900184,311,306,5
112900185,106,388,-282
112900186,640,752,-112
112900187,95,381,-286
112900188,514,694,-180
112900189,13,8,5
112900190,1,10,-9
112900192,416,565,-149
112900193,812,287,525
112900194,67,43,24
112900195,774,18,756
112900196,209,211,-2
112900197,130,213,-83
112900199,605,285,320
112900200,381,119,262
112900201,102,66,36
112900202,326,368,-42
112900203,192,152,40
112900204,570,372,198
112900205,19,43,-24
112900206,27,121,-94
112900207,13,1,12
112900208,69,242,-173
112900209,303,211,92
112900210,0,19,-19
112900211,62,6,56
112900212,0,45,-45
112900213,54,4,50
112900214,13,18,-5
112900215,19,72,-53
112900216,18,28,-10
112900217,1,66,-65
112900218,51,16,35
112900219,70,0,70
112900220,0,1,-1
112900221,46,92,-46
112900222,0,16,-16
112900223,738,21,717
112900224,245,207,38
112900225,339,196,143
112900226,82,178,-96
112900227,655,507,148
112900228,25,23,2
112900229,205,30,175
112900230,3507,2098,1409
112900232,205,207,-2
112900233,50,77,-27
112900234,9,27,-18
112900235,78,14,64
112900236,230,14,216
112900237,155,110,45
112900238,6,7,-1
112900239,407,379,28
112900240,0,13,-13
112900241,2,14,-12
112900242,3,38,-35
112900243,9,26,-17
112900244,7,16,-9
112900245,2,11,-9
112900246,0,2,-2
112900247,42,11,31
112900248,3,0,3
112900249,11,5,6
112900250,20,7,13
112900251,46,9,37
112900252,31,8,23
112900253,24,3,21
112900254,9,2,7
112900255,2,10,-8
112900256,3,22,-19
112900257,9,22,-13
112900258,1,0,1
113000001,4478,3496,982
113000002,2348,2244,104
113000003,1245,1107,138
113000004,956,1736,-780
113000005,1273,727,546
113000006,770,950,-180
113000007,1941,702,1239
113000008,1283,1130,153
113000009,979,504,475
113000010,807,789,18
113000011,590,756,-166
113000012,1376,387,989
113000013,743,496,247
113000014,744,862,-118
113000015,209,93,116
113000016,245,632,-387
113000017,20,190,-170
113000018,232,22,210
113000019,85,145,-60
113000020,345,42,303
113000021,830,333,497
113000022,533,625,-92
113000025,85,240,-155
113000026,297,272,25
113000027,346,480,-134
113000028,377,424,-47
113000029,534,460,74
113000030,191,335,-144
113000031,126,196,-70
113000032,200,217,-17
113000033,161,324,-163
113000034,167,222,-55
113000035,22,16,6
113000036,14,38,-24
113000037,43,8,35
113000038,18,50,-32
113000039,43,219,-176
113000040,47,50,-3
113000042,450,302,148
113000051,606,1553,-947
113000052,1408,427,981
113000053,374,163,211
113000054,316,430,-114
113000055,946,297,649
113000056,847,511,336
113000058,432,585,-153
113000059,706,342,364
113000060,218,338,-120
113000061,376,560,-184
113000062,381,187,194
113000063,190,36,154
113000064,34,120,-86
113000065,133,372,-239
113000066,610,76,534
113000067,1905,631,1274
113000068,237,507,-270
113000069,461,447,14
113000070,2031,615,1416
113000071,333,251,82
113000072,587,259,328
113000073,233,840,-607
113000074,608,237,371
113000075,1196,562,634
113000076,420,1453,-1033
113000077,590,487,103
113000078,400,1393,-993
113000079,302,601,-299
113000080,430,521,-91
113000081,511,525,-14
113000082,607,416,191
113000083,428,599,-171
113000084,992,773,219
113000085,575,538,37
113000086,551,709,-158
113000087,583,607,-24
113000088,1451,844,607
113000089,647,1089,-442
113000090,120,437,-317
113000091,291,278,13
113000094,857,132,725
113000095,195,486,-291
113000096,67,417,-350
113000097,746,269,477
113000098,53,28,25
113000099,589,308,281
113000100,84,211,-127
113000101,222,334,-112
113000102,396,408,-12
113000103,1203,264,939
113000104,362,1536,-1174
113000105,595,260,335
113000106,248,180,68
113000107,718,528,190
113000108,493,555,-62
113000109,366,972,-606
113000110,1290,324,966
113000111,116,379,-263
113000112,288,195,93
113000113,774,287,487
113000114,208,910,-702
113000116,384,197,187
113000117,509,42,467
113000118,47,258,-211
113000119,272,183,89
113000120,52,153,-101
113000121,269,478,-209
113000124,158,68,90
113000125,19,558,-539
113000127,1071,147,924
113000128,403,283,120
113000129,321,394,-73
113000133,1189,846,343
113000134,8,769,-761
113000135,2963,3160,-197
113000137,843,2551,-1708
113000139,142,130,12
113000140,61,133,-72
113000141,108,95,13
113000142,163,568,-405
113000143,140,128,12
113000144,148,276,-128
113000145,72,79,-7
113000146,69,33,36
113000147,100,70,30
113000148,126,63,63
113000149,71,66,5
113000150,376,180,196
113000151,39,34,5
113000152,42,74,-32
113000153,670,303,367
113000154,504,1057,-553
113000155,205,436,-231
113000156,108,207,-99
113000157,172,481,-309
113000158,478,170,308
113000159,604,493,111
113000160,420,497,-77
113000161,184,166,18
113000162,642,239,403
113000163,93,47,46
113000164,17,43,-26
113000166,119,58,61
113000167,47,45,2
113000168,57,51,6
113000169,154,52,102
113000170,62,82,-20
113000171,36,51,-15
113000172,218,52,166
113000173,55,17,38
113000174,82,220,-138
113000175,249,58,191
113000176,387,115,272
113000177,112,247,-135
113000178,121,184,-63
113000179,222,107,115
113000180,345,677,-332
113000181,825,470,355
113000182,87,209,-122
113000183,72,385,-313
113000184,9,66,-57
113000189,185,423,-238
113000190,301,307,-6
113000192,561,2047,-1486
113000193,1542,1743,-201
113000194,621,834,-213
113000195,824,946,-122
113000196,158,51,107
113000197,778,977,-199
113000198,65,130,-65
113000199,761,154,607
113000201,171,245,-74
113000202,2675,590,2085
113000203,58,107,-49
113000204,522,1931,-1409
113000205,14,5,9
113000206,5,10,-5
113000207,62,6,56
113000208,22,33,-11
113000209,14,11,3
113000210,2,16,-14
113000211,76,156,-80
113000212,32,17,15
113000213,19,122,-103
113000214,166,177,-11
113000234,106,384,-278
113000410,84,179,-95
113000411,1319,2255,-936
113000412,3029,1557,1472
113000413,1024,2045,-1021
113000414,2640,7865,-5225
113000415,1306,1483,-177
113000416,3511,2215,1296
113000417,1190,1515,-325
113000418,2938,2386,552
113000419,998,1242,-244
113000420,2649,4043,-1394
113000421,2751,4623,-1872
113000422,5734,6959,-1225
113000423,1123,3785,-2662
113000424,1489,7190,-5701
113000425,2,57,-55
113000428,12,32,-20
113000430,1,86,-85
113000432,1643,127,1516
113000433,54,352,-298
113000434,16,75,-59
113000435,36,155,-119
113000436,16,427,-411
113000437,929,20,909
113000438,272,8,264
113000439,20,41,-21
113000440,134,21,113
113000441,185,138,47
113000442,149,58,91
113000443,247,69,178
113000444,203,73,130
113000445,122,56,66
113000446,38,60,-22
113000448,160,109,51
113000449,99,516,-417
113000450,235,1181,-946
113000451,856,176,680
113000452,133,359,-226
113000453,42,331,-289
113000454,266,99,167
113000455,24,373,-349
113000456,1757,1613,144
113000468,575,57,518
113000469,26,56,-30
113000470,281,7,274
113000471,18,242,-224
113000472,68,163,-95
113000474,663,422,241
113000475,950,871,79
113000476,1172,1193,-21
113000477,2848,1366,1482
113000478,2446,2592,-146
113000479,53,110,-57
113000485,0,0,0
113000486,0,0,0
113000487,0,0,0
113000488,2,0,2
113000489,0,0,0
113000490,0,4,-4
113000491,8,0,8
113000492,1,1,0
113000493,0,0,0
113000495,118,96,22
113000496,102,74,28
113000497,0,0,0
113000499,0,0,0
113900001,0,169,-169
113900002,0,30,-30
113900003,0,23,-23
113900004,0,44,-44
113900005,0,43,-43
113900006,0,6,-6
113900007,34,11,23
113900008,17,0,17
113900009,30,2,28
113900010,24,0,24
113900011,44,0,44
113900012,22,0,22
113900013,69,2,67
113900014,379,2,377
113900015,0,25,-25
113900016,33,0,33
113900017,0,21,-21
113900018,239,200,39
113900019,125,34,91
113900020,98,0,98
113900022,19,0,19
113900023,26,0,26
113900024,36,16,20
113900025,114,5,109
113900026,45,0,45
113900027,1,35,-34
113900028,24,290,-266
113900029,51,93,-42
113900030,203,2,201
113900031,12,1,11
113900032,39,0,39
113900033,90,32,58
113900035,38,1,37
113900036,12,27,-15
113900037,135,214,-79
113900038,39,62,-23
113900039,137,20,117
113900040,7,18,-11
113900041,8,1,7
113900042,83,20,63
113900043,74,48,26
113900044,210,228,-18
113900045,65,0,65
113900046,105,345,-240
113900047,16,68,-52
113900048,75,85,-10
113900049,225,214,11
113900050,159,144,15
113900051,128,146,-18
113900052,81,54,27
113900053,367,413,-46
113900054,14,1,13
113900055,66,192,-126
113900056,37,90,-53
113900057,8,31,-23
113900058,57,52,5
113900059,222,125,97
113900060,60,100,-40
113900061,309,132,177
113900062,83,14,69
113900063,57,23,34
113900064,15,56,-41
113900065,275,8,267
113900066,268,105,163
113900067,104,67,37
113900068,326,336,-10
113900069,42,14,28
113900070,88,177,-89
113900071,64,26,38
113900072,37,86,-49
113900073,217,177,40
113900074,70,120,-50
113900075,740,854,-114
113900076,106,10,96
113900077,23,84,-61
113900078,21,49,-28
113900079,0,12,-12
113900080,349,123,226
113900081,45,72,-27
113900082,91,122,-31
113900083,266,119,147
113900084,152,102,50
113900085,41,131,-90
113900086,36,4,32
113900087,50,52,-2
113900088,56,59,-3
113900089,204,18,186
113900090,414,207,207
113900091,10,6,4
113900092,12,42,-30
113900093,35,592,-557
113900094,245,127,118
113900095,96,88,8
113900096,136,40,96
113900097,15,34,-19
113900098,492,74,418
113900099,0,16,-16
113900100,0,3,-3
113900101,5,35,-30
113900102,71,102,-31
113900103,211,218,-7
113900104,88,146,-58
113900105,88,65,23
113900106,1,19,-18
113900107,0,1,-1
113900108,136,156,-20
113900109,210,157,53
113900110,24,8,16
113900111,186,116,70
113900112,91,33,58
113900113,553,315,238
113900114,1,37,-36
113900115,0,29,-29
113900116,64,116,-52
113900117,40,18,22
113900118,135,236,-101
113900119,85,277,-192
113900120,38,17,21
113900121,56,36,20
113900122,218,1442,-1224
113900123,339,115,224
113900124,0,31,-31
113900125,387,88,299
113900126,56,29,27
113900127,252,496,-244
113900128,77,45,32
113900129,7,129,-122
113900130,4,43,-39
113900131,178,41,137
113900132,41,43,-2
113900133,4,60,-56
113900135,215,174,41
113900136,64,43,21
113900137,256,199,57
113900138,42,94,-52
113900139,135,136,-1
113900140,60,173,-113
113900141,368,118,250
113900142,93,41,52
113900143,4,15,-11
113900144,66,161,-95
113900145,244,76,168
113900146,109,28,81
113900148,64,281,-217
113900149,99,59,40
113900150,183,256,-73
113900151,255,103,152
113900152,36,59,-23
113900153,93,335,-242
113900154,1,69,-68
113900155,109,137,-28
113900156,123,219,-96
113900157,17,200,-183
113900158,118,270,-152
113900159,10,161,-151
113900160,204,247,-43
113900161,54,189,-135
113900162,180,406,-226
113900163,125,158,-33
113900164,216,36,180
113900165,377,179,198
113900166,56,87,-31
113900167,251,31,220
113900168,51,40,11
113900169,135,205,-70
113900171,156,40,116
113900172,3,63,-60
113900173,13,206,-193
113900174,330,297,33
113900175,237,84,153
113900176,154,257,-103
113900177,222,115,107
113900178,143,82,61
113900179,16,151,-135
113900180,123,61,62
113900181,405,84,321
113900182,431,465,-34
113900183,15,52,-37
113900184,9,180,-171
113900185,115,63,52
113900186,34,24,10
113900187,29,59,-30
113900188,22,84,-62
113900189,180,76,104
113900190,127,73,54
113900191,92,85,7
113900192,4,296,-292
113900193,6,66,-60
113900194,728,593,135
113900195,188,244,-56
113900196,1,71,-70
113900197,0,33,-33
113900198,20,226,-206
113900199,43,332,-289
113900200,8,102,-94
113900201,0,49,-49
113900202,29,165,-136
113900203,0,27,-27
113900204,16,227,-211
113900205,2,104,-102
113900206,4,78,-74
113900207,1,24,-23
113900208,1,27,-26
113900209,0,59,-59
113900210,283,396,-113
113900211,109,42,67
113900212,115,198,-83
113900214,165,201,-36
113900215,124,81,43
113900216,91,324,-233
113900217,70,85,-15
113900218,102,35,67
113900219,67,208,-141
113900220,147,81,66
113900221,240,142,98
113900222,82,354,-272
113900223,125,306,-181
113900224,37,40,-3
113900225,191,87,104
113900226,260,52,208
113900227,177,137,40
113900228,178,320,-142
113900229,32,535,-503
113900230,1537,2117,-580
113900231,84,96,-12
113900232,82,35,47
113900233,51,20,31
113900234,246,227,19
113900235,83,35,48
113900236,191,137,54
113900237,137,12,125
113900238,157,365,-208
113900239,34,92,-58
113900240,4,174,-170
113900241,84,34,50
113900242,20,91,-71
113900243,55,258,-203
113900244,124,88,36
113900245,600,190,410
113900246,7,18,-11
113900247,81,372,-291
113900248,1430,1256,174
113900249,359,338,21
113900250,20,131,-111
113900251,568,60,508
113900252,370,9,361
113900253,445,43,402
113900254,544,90,454
113900255,297,11,286
113900256,256,7,249
113900257,17,215,-198
113900258,7,130,-123
113900259,418,68,350
113900260,169,5,164
113900261,13,30,-17
113900262,85,240,-155
113900263,82,306,-224
113900264,0,188,-188
113900265,58,153,-95
113900266,35,65,-30
113900267,47,268,-221
113900268,223,229,-6
113900269,49,70,-21
113900270,175,498,-323
113900271,482,430,52
113900273,17,12,5
113900274,31,24,7
113900275,10,37,-27
113900276,0,45,-45
113900277,115,3,112
113900278,146,132,14
113900279,36,49,-13
113900280,1074,372,702
113900281,389,931,-542
113900282,331,386,-55
113900283,307,398,-91
113900284,518,78,440
113900285,99,50,49
113900286,21,38,-17
113900287,60,49,11
113900288,0,54,-54
113900289,301,54,247
113900290,98,141,-43
113900291,52,85,-33
113900292,6,4,2
113900293,3,96,-93
113900294,386,16,370
113900295,189,203,-14
113900296,1009,303,706
113900297,1624,29,1595
113900298,15,780,-765
113900299,67,53,14
113900300,2087,2266,-179
113900301,409,269,140
113900302,1178,731,447
113900303,202,277,-75
113900304,0,56,-56
113900305,99,0,99
113900306,32,0,32
113900307,8,0,8
113900308,48,49,-1
113900309,0,283,-283
113900310,2,5,-3
113900311,5,0,5
113900312,153,163,-10
113900313,10,0,10
114000001,606,1377,-771
114000002,194,145,49
114000003,22,89,-67
114000004,220,152,68
114000005,196,110,86
114000006,1070,847,223
114000007,288,453,-165
114000008,683,1133,-450
114000009,578,115,463
114000011,2204,1364,840
114000012,2094,891,1203
114000013,1312,824,488
114000014,291,101,190
114000015,1201,144,1057
114000016,126,108,18
114000017,85,219,-134
114000018,67,15,52
114000026,1699,575,1124
114000027,2664,1228,1436
114000028,1738,1960,-222
114000038,145,69,76
114000039,34,18,16
114000040,116,121,-5
114000042,201,91,110
114000043,39,48,-9
114000044,153,11,142
114000045,22,23,-1
114000046,1495,2106,-611
114000047,2,32,-30
114000048,81,23,58
114000049,870,705,165
114000050,1011,908,103
114000051,1735,1004,731
114000052,2642,1002,1640
114000053,61,387,-326
114000054,83,413,-330
114000055,110,21,89
114000056,245,736,-491
114000057,2669,1320,1349
114000058,160,805,-645
114000059,66,180,-114
114000060,266,503,-237
114000061,1390,1911,-521
114000062,607,882,-275
114000063,1053,849,204
114000064,2055,2138,-83
114000065,938,1218,-280
114000066,275,338,-63
114000067,24,524,-500
114000068,292,397,-105
114000069,531,250,281
114000070,1496,1354,142
114000071,481,214,267
114000072,325,95,230
114000073,15,21,-6
114000074,31,16,15
114000075,26,29,-3
114000076,19,34,-15
114000077,6,10,-4
114000078,170,178,-8
114000079,153,13,140
114000080,27,44,-17
114000081,55,47,8
114000082,24,180,-156
114000083,68,103,-35
114000084,190,48,142
114000085,55,193,-138
114000086,103,132,-29
114000087,107,61,46
114000088,19,17,2
114000089,236,146,90
114000090,521,525,-4
114000091,726,489,237
114000092,474,222,252
114000093,838,348,490
114000094,264,192,72
114000095,123,113,10
114000096,49,163,-114
114000097,85,219,-134
114000098,454,36,418
114000099,483,169,314
114000100,1142,266,876
114000101,352,242,110
114000102,499,200,299
114000103,89,171,-82
114000104,6,97,-91
114000105,91,28,63
114000106,342,659,-317
114000107,267,60,207
114000108,685,569,116
114000109,419,943,-524
114000110,425,699,-274
114000111,1340,592,748
114000112,403,1077,-674
114000113,965,355,610
114000114,747,714,33
114000115,1504,780,724
114000116,597,1617,-1020
114000117,2586,380,2206
114000118,1970,362,1608
114000119,1459,345,1114
114000120,391,357,34
114000121,298,516,-218
114000122,269,192,77
114000123,1336,243,1093
114000124,674,167,507
114000125,530,584,-54
114000126,1023,139,884
114000127,194,70,124
114000128,659,156,503
114000130,350,337,13
114000131,209,48,161
114000132,322,204,118
114000133,355,529,-174
114000134,46,38,8
114000138,37,71,-34
114000139,238,195,43
114000144,553,389,164
114000145,45,68,-23
114000146,47,74,-27
114000147,949,1572,-623
114000148,1272,1174,98
114000149,188,181,7
114000150,207,357,-150
114000151,359,1120,-761
114000152,50,27,23
114000153,266,943,-677
114000154,343,298,45
114000155,764,1467,-703
114000156,557,366,191
114000157,222,628,-406
114000158,597,417,180
114000159,108,188,-80
114000160,50,222,-172
114000161,787,2141,-1354
114000162,673,1881,-1208
114000163,7,23,-16
114000165,466,260,206
114000166,376,202,174
114000167,1538,820,718
114000168,377,354,23
114000169,883,956,-73
114000170,833,853,-20
114000171,958,3335,-2377
114000174,122,262,-140
114000176,311,247,64
114000177,937,467,470
114000178,22,27,-5
114000179,897,490,407
114000180,242,399,-157
114000181,1154,2683,-1529
114000182,1079,1481,-402
114000183,443,513,-70
114000184,1290,519,771
114000185,869,473,396
114000189,820,119,701
114000190,2459,330,2129
114000191,76,101,-25
114000192,94,634,-540
114000193,273,1151,-878
114000194,954,464,490
114000195,165,26,139
114000196,0,88,-88
114000197,1099,34,1065
114000198,455,258,197
114000199,1182,1242,-60
114000200,389,610,-221
114000201,108,362,-254
114000202,558,270,288
114000203,384,305,79
114000204,190,266,-76
114000205,130,608,-478
114000206,389,779,-390
114000207,345,686,-341
114000208,267,1020,-753
114000209,299,982,-683
114000210,166,542,-376
114000211,888,751,137
114000212,489,490,-1
114000213,1073,306,767
114000214,76,104,-28
114000215,118,43,75
114000216,1120,160,960
114000217,266,125,141
114000218,91,138,-47
114000219,963,106,857
114000220,18,338,-320
114000221,662,131,531
114000222,76,456,-380
114000223,418,123,295
114000224,49,360,-311
114000225,227,300,-73
114000226,117,213,-96
114000227,596,302,294
114000228,625,373,252
114000229,888,618,270
114000230,1144,563,581
114000231,691,777,-86
114000232,527,80,447
114000233,1522,79,1443
114000234,718,491,227
114000235,763,741,22
114000236,1,229,-228
114000237,70,424,-354
114000238,76,147,-71
114000239,103,476,-373
114000240,498,493,5
114000241,186,485,-299
114000242,524,420,104
114000243,1181,549,632
114000244,338,171,167
114000245,273,531,-258
114000246,90,31,59
114000247,385,348,37
114000248,894,382,512
114000249,373,262,111
114000250,424,333,91
114000251,278,130,148
114000252,44,26,18
114000253,45,38,7
114000254,28,31,-3
114000255,241,123,118
114000256,449,1454,-1005
114000257,224,593,-369
114000258,206,176,30
114000259,50,136,-86
114000260,0,26,-26
114000261,30,26,4
114000262,103,55,48
114000263,5,0,5
114000264,748,197,551
114000265,0,0,0
114000267,2,987,-985
114000268,3,589,-586
114000270,122,9,113
114000271,252,32,220
114000283,930,243,687
114000285,16,78,-62
114000288,71,132,-61
114000289,968,83,885
114000293,131,228,-97
114000294,163,179,-16
114000395,824,28,796
114000396,446,351,95
114000402,393,158,235
114000403,212,129,83
114000405,168,180,-12
114000423,274,159,115
114000424,300,55,245
114000425,669,104,565
114000426,289,597,-308
114000427,47,31,16
114000428,127,150,-23
114000429,9,84,-75
114000432,61,43,18
114000434,15,36,-21
114000435,0,79,-79
114900001,431,389,42
114900002,335,45,290
114900003,441,455,-14
114900004,210,284,-74
114900005,439,280,159
114900006,47,61,-14
114900007,201,20,181
114900008,101,86,15
114900010,766,1002,-236
114900011,131,71,60
114900013,178,105,73
114900015,57,340,-283
114900018,656,26,630
114900020,85,33,52
114900022,34,312,-278
114900024,169,124,45
114900025,283,93,190
114900026,59,85,-26
114900027,117,121,-4
114900029,66,16,50
114900030,234,121,113
114900031,310,15,295
114900032,300,13,287
114900033,302,595,-293
114900034,38,83,-45
114900035,68,144,-76
114900036,84,231,-147
114900037,99,66,33
114900038,108,207,-99
114900039,327,124,203
114900040,48,48,0
114900041,531,161,370
114900042,678,200,478
114900043,329,110,219
114900044,112,34,78
114900046,23,53,-30
114900047,198,1345,-1147
114900048,72,149,-77
114900049,13,107,-94
114900050,44,147,-103
114900051,17,193,-176
114900052,24,153,-129
114900053,53,171,-118
114900054,31,38,-7
114900057,181,5,176
114900058,0,46,-46
114900059,59,55,4
114900060,409,511,-102
114900061,64,43,21
114900062,141,159,-18
114900063,44,54,-10
114900064,1146,133,1013
114900065,358,392,-34
114900067,32,243,-211
114900068,18,103,-85
114900069,93,39,54
114900070,393,173,220
114900072,6,153,-147
114900073,0,79,-79
114900074,491,211,280
114900075,230,3,227
114900076,11,167,-156
114900080,743,165,578
114900082,1528,1607,-79
114900083,579,683,-104
114900090,228,121,107
114900091,62,104,-42
114900095,142,71,71
114900096,203,271,-68
114900097,114,3,111
114900098,4,105,-101
114900099,165,5,160
115000001,2845,1709,1136
115000002,3172,3474,-302
115000003,2708,1397,1311
115000004,3267,4044,-777
115000005,1140,1154,-14
115000006,936,962,-26
115000007,206,178,28
115000008,289,370,-81
115000009,160,149,11
115000010,196,161,35
115000013,33,151,-118
115000015,37,251,-214
115000016,31,152,-121
115000019,30,326,-296
115000020,73,637,-564
115000021,161,271,-110
115000022,401,207,194
115000023,250,449,-199
115000024,617,261,356
115000025,642,547,95
115000026,120,211,-91
115000027,195,214,-19
115000028,143,497,-354
115000029,455,65,390
115000030,520,733,-213
115000031,960,174,786
115000032,3,184,-181
115000033,111,34,77
115000034,36,817,-781
115000035,791,36,755
115000036,0,260,-260
115000037,414,9,405
115000038,39,120,-81
115000039,2030,2096,-66
115000040,2527,1747,780
115000041,1020,2325,-1305
115000042,341,380,-39
115000043,3047,1710,1337
115000044,2676,2099,577
115000045,1718,820,898
115000046,2002,1454,548
115000047,1867,878,989
115000048,1224,1080,144
115000049,1090,1753,-663
115000050,2415,1038,1377
115000051,1143,2160,-1017
115000052,1165,1010,155
115000053,1452,1333,119
115000054,426,577,-151
115000055,122,550,-428
115000056,174,346,-172
115000057,538,832,-294
115000058,402,237,165
115000059,169,142,27
115000061,87,135,-48
115000062,161,139,22
115000063,237,168,69
115000064,191,33,158
115000065,38,356,-318
115000067,155,13,142
115000069,91,156,-65
115000070,27,553,-526
115000071,65,12,53
115000072,10,51,-41
115000073,978,48,930
115000075,76,44,32
115000076,1758,1343,415
115000077,1348,973,375
115000078,905,577,328
115000079,864,802,62
115000080,1596,1032,564
115000081,351,476,-125
115000082,3043,2372,671
115000083,1471,872,599
115000084,1730,681,1049
115000085,588,504,84
115000086,903,347,556
115000087,271,894,-623
115000088,1212,388,824
115000089,927,741,186
115000090,351,533,-182
115000091,154,403,-249
115000092,520,262,258
115000093,399,3,396
115000094,3394,4254,-860
115000095,2371,4247,-1876
115000096,604,633,-29
115000097,887,561,326
115000098,906,382,524
115000099,2003,1441,562
115000100,854,263,591
115000101,348,769,-421
115000102,397,156,241
115000103,179,363,-184
115000105,75,53,22
115000106,439,204,235
115000107,116,209,-93
115000108,1641,1425,216
115000109,2280,3372,-1092
115000110,1055,1135,-80
115000111,437,902,-465
115000112,507,531,-24
115000113,378,480,-102
115000114,953,370,583
115000116,2184,1529,655
115000117,1891,1714,177
115000118,1312,1203,109
115000119,1018,1289,-271
115000120,433,1022,-589
115000121,775,487,288
115000122,1202,963,239
115000123,652,1568,-916
115000124,507,710,-203
115000125,266,518,-252
115000126,73,225,-152
115000127,243,67,176
115000128,160,637,-477
115000129,200,287,-87
115000130,271,299,-28
115000131,665,167,498
115000132,250,128,122
115000133,417,124,293
115000134,158,115,43
115000135,127,96,31
115000136,237,147,90
115000137,104,97,7
115000138,318,163,155
115000139,164,139,25
115000140,304,144,160
115000141,177,126,51
115000142,136,133,3
115000143,739,354,385
115000144,449,44,405
115000145,192,171,21
115000146,410,175,235
115000147,191,274,-83
115000148,166,420,-254
115000149,473,181,292
115000150,390,286,104
115000151,858,305,553
115000152,463,356,107
115000153,732,251,481
115000154,717,134,583
115000155,389,396,-7
115000156,694,451,243
115000157,341,473,-132
115000158,276,342,-66
115000159,400,360,40
115000160,305,304,1
115000161,104,290,-186
115000162,391,503,-112
115000163,359,450,-91
115000164,576,482,94
115000165,260,383,-123
115000167,118,34,84
115000168,255,212,43
115000169,298,278,20
115000170,73,114,-41
115000171,171,202,-31
115000172,479,439,40
115000173,172,445,-273
115000174,41,239,-198
115000175,97,59,38
115000176,67,50,17
115000177,23,38,-15
115000178,11,92,-81
115000179,15,14,1
115000180,57,282,-225
115000181,456,89,367
115000182,794,134,660
115000183,323,372,-49
115000186,452,129,323
115000187,135,416,-281
115000188,259,372,-113
115000189,145,334,-189
115000190,469,275,194
115000191,92,359,-267
115000194,91,83,8
115000195,159,186,-27
115000196,117,55,62
115000197,141,90,51
115000198,249,70,179
115000199,283,76,207
115000200,274,57,217
115000201,99,145,-46
115000206,269,33,236
115000207,147,166,-19
115000208,197,335,-138
115000209,380,171,209
115000210,102,84,18
115000211,136,125,11
115000212,808,220,588
115000224,293,32,261
115000225,50,67,-17
115000229,98,90,8
115000230,65,200,-135
115000231,157,656,-499
115000232,1450,203,1247
115000233,67,95,-28
115000234,12,189,-177
115000241,53,125,-72
115000242,78,123,-45
115000243,33,91,-58
115000244,10,53,-43
115000246,69,9,60
115000247,34,9,25
115000248,43,15,28
115000249,21,12,9
115000250,186,24,162
115000251,187,48,139
115000252,67,101,-34
115000253,12,273,-261
115000258,207,67,140
115000259,167,83,84
115000261,23,8,15
115000262,13,16,-3
115000263,5,18,-13
115000264,46,21,25
115000267,85,45,40
115000268,41,64,-23
115000269,83,49,34
115000270,8,24,-16
115000272,42,99,-57
115000273,325,19,306
115000280,1062,170,892
115000281,145,556,-411
115000282,340,382,-42
115000284,166,118,48
115000296,668,4,664
115000297,97,103,-6
115000298,34,339,-305
115000300,180,112,68
115000302,517,31,486
115000303,441,51,390
115000304,545,25,520
115000305,78,247,-169
115000306,114,113,1
115000307,50,102,-52
115000308,12,14,-2
115000309,8,37,-29
115000310,953,368,585
115000311,853,639,214
115000313,52,224,-172
115000314,369,89,280
115000315,471,467,4
115000316,55,107,-52
115000317,98,223,-125
115000318,489,198,291
115000319,44,172,-128
115000320,11,262,-251
115000321,196,23,173
115000322,70,93,-23
115000449,127,114,13
115000557,2,921,-919
115000558,294,44,250
115000587,429,145,284
115000588,1369,1414,-45
115000589,2719,1581,1138
115000590,762,701,61
115000591,852,432,420
115000592,341,1263,-922
115000593,868,385,483
115000594,397,1949,-1552
115000609,141,150,-9
115000617,553,2108,-1555
115000624,202,32,170
115000633,321,1053,-732
115000634,2064,542,1522
115000635,450,71,379
115000638,293,333,-40
115000641,28,103,-75
115000642,203,134,69
115000643,69,229,-160
115000644,124,186,-62
115000646,583,1204,-621
115000647,155,299,-144
115000648,1538,860,678
115000893,1419,1017,402
115000894,92,664,-572
115000895,211,545,-334
115000896,862,315,547
115000897,378,86,292
115000898,327,159,168
115000899,182,695,-513
115000900,33,239,-206
115000901,46,86,-40
115000912,270,52,218
115000913,1,11,-10
115000915,7,0,7
115000916,5,0,5
115000917,0,3,-3
115000918,23,277,-254
115000919,7,3,4
115000920,10,35,-25
115000921,220,53,167
115000922,485,546,-61
115000923,188,955,-767
115000925,116,85,31
115000927,40,45,-5
115000933,100,209,-109
115000934,133,95,38
115000935,75,39,36
115000936,10,505,-495
115000937,397,130,267
115000938,52,185,-133
115000939,82,142,-60
115000940,4,19,-15
115000941,3,26,-23
115000942,13,97,-84
115000943,6,29,-23
115000944,1,4,-3
115900001,78,18,60
115900002,64,71,-7
115900003,184,45,139
115900004,0,13,-13
115900005,152,7,145
115900006,107,97,10
115900008,58,3,55
115900009,47,110,-63
115900010,288,77,211
115900011,270,100,170
115900012,120,40,80
115900013,215,91,124
115900014,96,74,22
115900015,92,28,64
115900016,72,21,51
115900017,24,11,13
115900018,116,16,100
115900019,84,2,82
115900020,57,1,56
115900021,552,174,378
115900022,540,6,534
115900023,12,7,5
115900025,27,133,-106
115900026,436,93,343
115900027,2,96,-94
115900028,314,35,279
115900029,7,185,-178
115900030,28,15,13
115900031,156,172,-16
115900032,319,359,-40
115900033,0,31,-31
115900034,16,122,-106
115900035,28,9,19
115900036,15,684,-669
115900037,14,127,-113
115900038,54,7,47
115900039,107,88,19
115900041,244,475,-231
115900042,42,3,39
115900043,47,35,12
115900044,116,161,-45
115900046,239,145,94
115900047,104,101,3
115900049,87,112,-25
115900051,4,11,-7
115900052,8,85,-77
115900053,186,83,103
115900054,239,17,222
115900055,17,49,-32
115900056,133,84,49
115900057,17,9,8
115900058,26,27,-1
115900060,57,36,21
115900061,198,0,198
115900062,24,135,-111
115900063,72,5,67
115900064,110,141,-31
115900065,112,26,86
115900066,109,40,69
115900067,2,226,-224
115900068,1425,722,703
115900069,22,113,-91
115900070,135,26,109
115900071,0,126,-126
115900072,15,72,-57
115900073,62,81,-19
115900074,0,105,-105
115900075,12,94,-82
115900076,2,29,-27
115900077,5,120,-115
115900078,16,80,-64
115900079,168,10,158
115900080,228,100,128
115900081,13,47,-34
115900082,51,64,-13
115900084,399,12,387
115900085,34,44,-10
115900086,749,301,448
115900088,12,43,-31
115900089,280,423,-143
115900090,334,8,326
115900091,3,12,-9
115900092,42,70,-28
115900093,10,8,2
115900094,4,106,-102
115900096,0,7,-7
115900097,7,139,-132
115900098,136,157,-21
115900099,20,26,-6
115900100,19,232,-213
115900101,128,102,26
115900102,59,35,24
115900103,227,76,151
115900104,62,40,22
115900105,195,203,-8
115900106,67,12,55
115900107,44,44,0
115900108,116,9,107
115900109,20,142,-122
115900110,3,11,-8
115900111,0,58,-58
115900112,21,340,-319
115900113,46,7,39
115900114,3,77,-74
115900115,40,117,-77
115900116,56,358,-302
115900117,61,8,53
115900118,2,114,-112
115900119,84,68,16
115900120,25,137,-112
115900121,127,88,39
115900124,137,435,-298
115900125,259,24,235
115900126,512,54,458
115900127,515,30,485
115900128,6,43,-37
115900129,396,49,347
115900130,12,150,-138
115900131,187,17,170
115900132,471,8,463
115900134,236,13,223
115900135,229,802,-573
115900137,39,4,35
115900139,25,60,-35
115900140,208,30,178
115900141,2,42,-40
115900142,3,26,-23
115900143,199,161,38
115900144,92,80,12
115900146,5,28,-23
115900147,149,205,-56
115900148,32,6,26
115900149,86,6,80
115900150,56,12,44
115900151,19,89,-70
115900152,96,151,-55
115900153,115,104,11
115900154,292,273,19
115900155,0,8,-8
115900156,551,532,19
115900157,132,289,-157
115900158,5,9,-4
115900159,91,115,-24
115900160,7,4,3
115900161,48,61,-13
115900163,140,79,61
115900164,447,5,442
115900166,112,82,30
115900168,93,56,37
115900171,54,208,-154
115900172,43,81,-38
115900173,160,77,83
115900174,154,157,-3
115900175,119,112,7
115900178,6,198,-192
115900179,268,9,259
115900180,10,59,-49
115900181,157,87,70
115900182,297,78,219
115900183,24,47,-23
115900184,614,4,610
115900187,7,103,-96
115900189,1,192,-191
115900190,134,899,-765
115900191,12,127,-115
115900192,5,82,-77
115900193,66,83,-17
115900194,459,51,408
115900195,282,1353,-1071
115900198,113,159,-46
115900199,155,89,66
115900200,113,164,-51
115900201,276,245,31
115900202,0,43,-43
115900203,2,10,-8
115900204,4,11,-7
115900205,62,19,43
115900206,171,71,100
115900207,25,10,15
115900208,58,40,18
115900209,6,71,-65
115900210,4,72,-68
115900211,1,64,-63
115900212,116,101,15
115900213,61,84,-23
115900214,458,72,386
115900215,21,86,-65
115900216,1,64,-63
115900217,1,23,-22
115900218,1,22,-21
115900219,110,1,109
115900220,189,4,185
115900221,54,5,49
115900222,55,21,34
115900223,8,387,-379
115900224,394,788,-394
115900225,52,28,24
115900226,18,26,-8
115900227,2,35,-33
115900228,8,39,-31
115900229,10,25,-15
115900230,14,59,-45
115900231,75,5,70
115900232,44,0,44
115900233,47,10,37
115900234,33,21,12
115900235,29,26,3
115900236,8,15,-7
115900237,13,23,-10
115900238,30,4,26
115900239,12,14,-2
115900240,15,24,-9
115900241,174,60,114
115900242,115,249,-134
115900243,6,3,3
115900244,10,4,6
115900245,40,5,35
115900246,6,9,-3
115900247,28,7,21
115900248,14,3,11
115900249,10,7,3
115900250,9,14,-5
115900251,0,7,-7
115900252,0,6,-6
115900253,1,11,-10
115900254,6,28,-22
115900255,1,19,-18
115900256,11,5,6
115900257,2,7,-5
115900258,0,2,-2
115900259,8,0,8
115900260,6,1,5
115900261,5,1,4
115900262,2,0,2
115900263,16,2,14
115900264,4,6,-2
115900265,0,5,-5
115900266,1,16,-15
115900267,5,12,-7
115900268,3,5,-2
115900269,431,144,287
115900270,215,88,127
115900271,84,1,83
115900272,32,3,29
115900273,10,10,0
115900274,0,3,-3
115900275,0,2,-2
115900276,0,7,-7
115900277,1,25,-24
115900278,40,68,-28
115900279,11,142,-131
115900280,10,336,-326
115900281,137,221,-84
115900282,9,11,-2
115900283,13,7,6
115900284,17,1,16
116000001,4116,2088,2028
116000002,3261,8442,-5181
116000003,850,830,20
116000004,1883,2751,-868
116000005,1078,1948,-870
116000006,1935,1812,123
116000007,1372,1556,-184
116000008,2522,1596,926
116000009,715,1100,-385
116000010,1925,1060,865
116000011,512,1071,-559
116000012,1252,828,424
116000013,3876,2400,1476
116000014,5246,8933,-3687
116000015,95,937,-842
116000016,2688,2532,156
116000017,15,542,-527
116000018,458,145,313
116000019,816,185,631
116000020,341,412,-71
116000021,383,149,234
116000022,274,190,84
116000023,779,457,322
116000024,409,464,-55
116000025,519,524,-5
116000026,1047,1663,-616
116000027,439,450,-11
116000028,344,636,-292
116000029,283,500,-217
116000030,469,364,105
116000031,120,226,-106
116000032,264,119,145
116000033,264,329,-65
116000034,508,544,-36
116000035,231,467,-236
116000036,811,1025,-214
116000037,373,297,76
116000038,155,432,-277
116000039,286,374,-88
116000040,322,279,43
116000041,102,262,-160
116000042,441,226,215
116000043,83,411,-328
116000044,8,41,-33
116000045,1109,987,122
116000046,691,1136,-445
116000047,1177,1439,-262
116000048,1217,1271,-54
116000049,927,2081,-1154
116000050,1122,928,194
116000051,4645,1762,2883
116000052,4474,3232,1242
116000053,1396,517,879
116000054,618,1689,-1071
116000055,520,584,-64
116000056,717,694,23
116000057,1672,732,940
116000058,1671,1330,341
116000059,1570,2469,-899
116000060,1077,719,358
116000061,490,560,-70
116000062,369,140,229
116000063,387,767,-380
116000066,135,460,-325
116000067,161,243,-82
116000068,138,209,-71
116000069,176,185,-9
116000078,419,717,-298
116000080,1337,500,837
116000082,1,23,-22
116000083,1292,300,992
116000084,1116,1784,-668
116000085,1602,1276,326
116000086,1027,646,381
116000087,1649,1156,493
116000088,477,486,-9
116000089,139,44,95
116000090,68,108,-40
116000091,127,287,-160
116000093,482,158,324
116000094,479,297,182
116000095,588,208,380
116000096,535,964,-429
116000097,640,359,281
116000098,61,4008,-3947
116000099,2357,165,2192
116000100,157,10,147
116000101,582,290,292
116000102,198,522,-324
116000103,376,173,203
116000104,181,498,-317
116000105,886,95,791
116000106,293,451,-158
116000107,1550,206,1344
116000108,89,111,-22
116000111,161,21,140
116000113,118,88,30
116000114,43,83,-40
116000115,251,71,180
116000116,174,186,-12
116000117,1066,1197,-131
116000118,1161,647,514
116000119,2441,1239,1202
116000120,2263,1944,319
116000121,772,386,386
116000122,718,693,25
116000123,842,290,552
116000124,253,397,-144
116000125,2052,569,1483
116000126,176,700,-524
116000127,731,625,106
116000128,1321,569,752
116000129,1088,182,906
116000130,561,366,195
116000133,940,467,473
116000134,1194,864,330
116000135,1862,895,967
116000136,522,1056,-534
116000137,881,452,429
116000138,554,465,89
116000139,1016,1369,-353
116000140,102,138,-36
116000141,206,335,-129
116000142,2005,1517,488
116000143,1458,1194,264
116000144,1093,1024,69
116000145,1439,673,766
116000146,506,77,429
116000147,172,92,80
116000148,513,456,57
116000149,393,332,61
116000151,326,269,57
116000153,51,194,-143
116000155,105,155,-50
116000156,277,406,-129
116000157,56,5,51
116000158,237,222,15
116000159,10,5,5
116000160,15,15,0
116000161,7,35,-28
116000162,41,80,-39
116000163,28,16,12
116000164,3,22,-19
116000177,121,70,51
116000194,57,238,-181
116000195,998,430,568
116000196,0,0,0
116000197,0,1,-1
116000198,1362,631,731
116000200,346,351,-5
116000201,307,387,-80
116000202,5,108,-103
116000203,3,39,-36
116000204,8,31,-23
116000205,0,82,-82
116000206,4,71,-67
116000207,4,49,-45
116000233,146,238,-92
116000287,112,203,-91
116000288,236,127,109
116000292,75,47,28
116000296,21,158,-137
116000297,71,16,55
116000304,72,15,57
116000305,24,27,-3
116000346,0,0,0
116000352,0,0,0
116000354,0,0,0
116000357,0,0,0
116000358,235,55,180
116000361,109,3,106
116000372,2173,3341,-1168
116000381,59,0,59
116000388,1,23,-22
116000389,541,340,201
116000445,349,193,156
116000446,465,211,254
116000447,17,395,-378
116000448,360,101,259
116000563,442,556,-114
116000565,27,179,-152
116000568,27,266,-239
116000579,12,75,-63
116000583,12,14,-2
116000584,19,2,17
116000585,32,20,12
116000586,35,55,-20
116000587,397,409,-12
116000589,26,30,-4
116000590,48,35,13
116000591,233,118,115
116000592,15,57,-42
116000593,1,9,-8
116000594,493,166,327
116000595,409,45,364
116000596,79,2,77
116000597,293,88,205
116000598,5,69,-64
116000605,144,61,83
116000606,57,165,-108
116000607,4,29,-25
116000609,106,656,-550
116000611,93,193,-100
116000612,750,1387,-637
116000613,526,260,266
116000614,216,257,-41
116000615,1,278,-277
116000616,41,43,-2
116000617,92,15,77
116000618,0,31,-31
116000619,44,23,21
116000620,113,98,15
116000621,69,72,-3
116000622,54,98,-44
116000624,183,54,129
116000627,81,28,53
116000628,43,177,-134
116000629,26,139,-113
116000630,356,27,329
116000631,150,24,126
116000632,818,39,779
116000633,153,102,51
116000634,280,53,227
116000635,1551,1773,-222
116000636,486,902,-416
116000637,393,37,356
116000638,146,138,8
116000640,9,20,-11
116000641,19,50,-31
116000644,18,195,-177
116900001,155,106,49
116900002,141,1,140
116900003,23,24,-1
116900004,35,55,-20
116900005,180,32,148
116900006,45,92,-47
116900007,75,103,-28
116900008,309,84,225
116900009,15,3,12
116900010,0,451,-451
116900011,4,9,-5
116900012,182,122,60
116900013,1,59,-58
116900014,108,74,34
116900015,360,25,335
116900016,149,0,149
116900017,1,227,-226
116900018,53,29,24
116900019,2,127,-125
116900020,346,740,-394
116900023,52,8,44
116900024,437,30,407
116900025,758,320,438
116900026,59,304,-245
116900027,15,16,-1
116900028,2,32,-30
116900029,0,37,-37
116900031,2,1,1
116900032,22,109,-87
116900033,12,6,6
116900034,2,51,-49
116900035,76,81,-5
116900036,4,69,-65
116900038,15,1,14
116900041,24,6,18
116900042,270,196,74
116900043,6,21,-15
116900047,17,114,-97
116900049,17,138,-121
116900050,78,175,-97
116900051,107,57,50
116900052,111,46,65
116900055,0,6,-6
116900057,9,60,-51
116900058,10,144,-134
116900059,0,61,-61
116900060,76,93,-17
116900062,2,12,-10
116900064,60,200,-140
116900065,29,60,-31
116900067,57,34,23
116900068,113,106,7
116900070,3,6,-3
116900072,23,175,-152
116900073,17,49,-32
116900074,1,25,-24
116900076,11,12,-1
116900077,25,76,-51
116900078,168,53,115
116900079,18,73,-55
116900080,7,21,-14
116900081,206,568,-362
116900082,334,564,-230
116900083,11,17,-6
116900084,64,34,30
116900085,64,93,-29
116900086,20,85,-65
116900088,193,76,117
116900090,70,22,48
116900091,222,15,207
116900092,80,457,-377
116900093,1231,1187,44
116900094,1957,2837,-880
116900095,178,83,95
116900096,39,198,-159
116900097,1270,2233,-963
116900098,494,272,222
116900099,293,425,-132
116900100,666,31,635
116900101,163,249,-86
116900103,2,0,2
116900104,53,84,-31
116900105,205,89,116
116900106,1456,67,1389
116900107,1487,1714,-227
116900110,5,2,3
116900111,465,203,262
116900112,181,325,-144
116900113,621,1041,-420
116900116,65,474,-409
116900117,101,69,32
116900118,421,544,-123
116900120,361,55,306
116900121,90,11,79
116900122,607,299,308
116900123,168,316,-148
116900124,154,539,-385
116900125,270,66,204
116900126,50,373,-323
116900128,0,22,-22
116900129,1,134,-133
116900130,265,2408,-2143
116900131,39,209,-170
116900132,51,49,2
116900133,77,80,-3
116900134,165,124,41
116900136,163,118,45
116900137,167,94,73
116900138,121,84,37
116900139,88,236,-148
116900140,114,81,33
116900141,484,269,215
116900142,2,44,-42
116900143,207,161,46
116900144,14,44,-30
116900145,72,107,-35
116900147,207,487,-280
116900148,2,30,-28
116900149,29,186,-157
116900150,6,10,-4
116900151,34,5,29
116900153,107,56,51
116900154,195,320,-125
116900155,41,44,-3
116900157,370,87,283
116900158,78,191,-113
116900159,55,273,-218
116900160,640,640,0
116900161,2404,4459,-2055
116900162,9,50,-41
116900163,159,55,104
116900164,45,39,6
116900165,187,226,-39
116900166,18,31,-13
116900167,268,22,246
116900168,274,47,227
116900169,242,577,-335
116900170,232,429,-197
116900171,27,63,-36
116900172,92,279,-187
116900173,175,15,160
116900174,29,48,-19
116900175,203,176,27
116900178,31,57,-26
116900179,93,268,-175
116900180,77,18,59
116900182,391,105,286
116900183,103,53,50
116900185,38,89,-51
116900186,95,79,16
116900187,23,41,-18
116900188,94,46,48
116900189,30,1,29
116900191,313,407,-94
116900192,247,71,176
116900194,144,1117,-973
116900195,22,37,-15
116900196,4,42,-38
116900197,73,6,67
116900198,60,165,-105
116900200,71,6,65
116900201,76,9,67
116900202,50,17,33
116900203,148,2,146
116900204,28,46,-18
116900206,14,11,3
116900207,27,19,8
116900208,4,50,-46
116900209,24,58,-34
116900210,378,211,167
116900211,149,4,145
116900212,39,22,17
116900213,161,49,112
116900214,163,87,76
116900215,30,35,-5
116900216,237,100,137
116900218,0,104,-104
116900219,1025,223,802
116900220,76,144,-68
116900221,84,168,-84
116900222,342,278,64
116900223,95,166,-71
116900226,81,9,72
116900227,176,37,139
116900228,217,63,154
116900230,48,133,-85
116900231,52,145,-93
116900232,8,185,-177
116900233,207,75,132
116900234,18,5,13
116900235,85,110,-25
116900238,988,195,793
116900239,9,905,-896
116900240,2267,1750,517
116900241,36,54,-18
116900242,371,415,-44
116900243,1,10,-9
116900245,25,40,-15
116900246,63,8,55
116900247,591,10,581
116900248,57,21,36
116900249,282,49,233
116900250,314,27,287
116900251,284,354,-70
116900252,96,333,-237
116900253,81,39,42
116900254,14,49,-35
116900255,68,39,29
116900256,271,67,204
116900257,11,152,-141
116900258,2,76,-74
116900259,194,6,188
116900260,2,40,-38
116900261,46,0,46
116900262,131,91,40
116900263,0,3,-3
116900264,65,52,13
116900265,37,3,34
116900266,9,8,1
116900267,3,3,0
116900268,44,12,32
116900269,166,384,-218
116900271,314,172,142
116900272,205,200,5
116900273,77,93,-16
116900274,95,28,67
116900275,89,47,42
116900276,252,140,112
116900277,234,15,219
116900278,7,3,4
116900279,2,15,-13
116900280,24,8,16
116900281,2223,3190,-967
116900282,1,17,-16
116900283,12,40,-28
116900284,22,99,-77
116900285,97,139,-42
116900286,90,20,70
116900287,5,10,-5
116900288,57,60,-3
116900289,16,7,9
116900290,7,6,1
116900291,21,5,16
116900292,0,16,-16
116900293,38,8,30
116900294,11,80,-69
116900295,90,57,33
116900296,30,88,-58
116900297,3,72,-69
116900298,77,52,25
116900299,18,37,-19
116900300,2,54,-52
116900301,24,103,-79
116900302,16,52,-36
116900303,69,73,-4
116900304,0,148,-148
116900305,9,15,-6
116900306,183,42,141
116900307,50,0,50
116900308,0,52,-52
116900309,65,48,17
117000001,1561,1194,367
117000002,1402,2577,-1175
117000003,4361,2156,2205
117000004,2088,2985,-897
117000005,1811,1349,462
117000006,831,1765,-934
117000007,3137,862,2275
117000008,713,1926,-1213
117000009,3312,1343,1969
117000010,1650,2133,-483
117000011,1704,1093,611
117000012,957,770,187
117000013,1541,591,950
117000014,873,1594,-721
117000015,1587,896,691
117000016,184,153,31
117000017,140,106,34
117000018,94,478,-384
117000019,46,26,20
117000020,271,1111,-840
117000021,763,554,209
117000022,255,143,112
117000023,87,297,-210
117000024,120,202,-82
117000025,227,917,-690
117000026,1215,1243,-28
117000027,805,2851,-2046
117000028,921,1278,-357
117000030,225,320,-95
117000031,262,225,37
117000032,945,853,92
117000033,960,541,419
117000034,281,204,77
117000035,313,234,79
117000036,368,227,141
117000037,239,127,112
117000038,125,359,-234
117000039,333,144,189
117000040,205,516,-311
117000041,855,105,750
117000044,13,382,-369
117000045,485,67,418
117000046,293,545,-252
117000047,799,396,403
117000048,1151,498,653
117000049,68,361,-293
117000050,132,1086,-954
117000051,1836,62,1774
117000052,49,208,-159
117000053,469,34,435
117000054,1341,5,1336
117000055,3,1358,-1355
117000056,520,16,504
117000057,320,1331,-1011
117000060,329,652,-323
117000061,1389,497,892
117000062,223,388,-165
117000063,1299,765,534
117000064,345,414,-69
117000066,475,535,-60
117000067,87,406,-319
117000074,49,117,-68
117000076,32,24,8
117000077,104,127,-23
117000078,53,395,-342
117000079,243,150,93
117000080,2,225,-223
117000081,631,66,565
117000082,18,55,-37
117000083,95,7,88
117000084,114,1,113
117000085,209,587,-378
117000086,503,230,273
117000087,72,375,-303
117000088,196,123,73
117000089,1350,150,1200
117000090,174,716,-542
117000091,694,194,500
117000092,248,656,-408
117000093,994,499,495
117000094,906,1442,-536
117000095,2958,553,2405
117000096,444,1242,-798
117000097,1347,626,721
117000098,1449,2131,-682
117000099,2925,796,2129
117000100,154,234,-80
117000101,113,466,-353
117000102,1503,451,1052
117000103,431,824,-393
117000104,1153,466,687
117000105,537,732,-195
117000106,926,524,402
117000107,379,978,-599
117000108,1514,726,788
117000109,904,1473,-569
117000110,1194,941,253
117000111,2418,2623,-205
117000112,2428,1031,1397
117000113,83,109,-26
117000114,115,95,20
117000115,36,60,-24
117000116,118,156,-38
117000117,919,676,243
117000118,205,93,112
117000119,145,164,-19
117000120,88,414,-326
117000121,23,652,-629
117000122,170,551,-381
117000123,904,33,871
117000124,127,85,42
117000125,100,118,-18
117000126,44,7,37
117000127,117,163,-46
117000128,178,410,-232
117000129,171,839,-668
117000130,158,0,158
117000131,0,82,-82
117000132,1906,25,1881
117000133,1684,22,1662
117000134,2,69,-67
117000135,5,89,-84
117000136,0,16,-16
117000137,61,140,-79
117000138,5,477,-472
117000140,279,830,-551
117000141,1334,381,953
117000181,220,168,52
117000182,430,470,-40
117000195,61,386,-325
117000196,177,109,68
117000225,97,41,56
117000226,3,94,-91
117000276,252,17,235
117000277,1,173,-172
117000310,941,1546,-605
117000315,66,546,-480
117000320,58,0,58
117000906,289,10,279
117000907,14,174,-160
117000909,32,40,-8
117000910,160,136,24
117000911,63,132,-69
117000915,0,243,-243
117000916,62,2,60
117000917,1000,27,973
117000918,68,34,34
117000919,3,32,-29
117000920,0,509,-509
117000921,0,391,-391
117000922,20,27,-7
117000924,332,526,-194
117000926,387,112,275
117000927,473,709,-236
117000928,1,59,-58
117000929,204,128,76
117000930,154,7,147
117000931,107,121,-14
117900002,70,277,-207
117900003,310,250,60
117900005,7,48,-41
117900006,0,23,-23
117900007,69,43,26
117900008,0,12,-12
117900010,199,43,156
117900011,43,120,-77
117900012,44,41,3
117900013,0,66,-66
117900014,361,140,221
117900015,6,36,-30
117900016,576,506,70
117900017,397,176,221
117900018,114,132,-18
117900019,435,151,284
117900020,46,367,-321
117900021,17,27,-10
117900022,10,2,8
117900023,531,56,475
117900024,57,32,25
117900025,38,6,32
117900026,288,117,171
117900028,23,1,22
117900029,197,255,-58
117900030,394,158,236
117900031,97,79,18
117900032,717,428,289
117900033,224,258,-34
117900034,49,32,17
117900035,129,76,53
117900036,145,160,-15
117900037,104,49,55
117900038,19,108,-89
117900039,0,23,-23
117900040,54,147,-93
117900041,3,39,-36
117900042,1841,162,1679
117900043,18,23,-5
117900044,5,2276,-2271
117900045,116,86,30
117900048,300,156,144
117900049,163,240,-77
117900050,5,77,-72
117900051,9,1,8
117900052,34,256,-222
117900053,1335,287,1048
117900054,0,18,-18
117900055,254,116,138
117900056,43,51,-8
117900057,799,854,-55
117900058,24,33,-9
117900059,102,80,22
117900060,1936,2433,-497
117900061,6,155,-149
117900063,288,110,178
117900065,355,551,-196
117900066,5,45,-40
117900067,402,66,336
117900069,650,126,524
117900070,109,68,41
117900071,76,79,-3
117900073,395,132,263
117900074,78,66,12
117900075,39,51,-12
117900076,21,17,4
117900077,348,83,265
117900078,199,582,-383
117900080,87,27,60
117900081,267,219,48
117900082,257,295,-38
117900083,286,214,72
117900086,130,14,116
117900087,93,12,81
117900088,1929,1158,771
117900089,1662,510,1152
117900090,330,198,132
117900091,71,109,-38
117900092,51,17,34
117900093,69,24,45
117900094,42,20,22
117900095,286,217,69
117900096,68,127,-59
117900097,164,43,121
117900098,38,6,32
117900099,119,113,6
117900100,213,2,211
117900101,319,1268,-949
117900102,77,19,58
117900103,39,1,38
117900104,12,102,-90
117900105,62,108,-46
117900106,82,22,60
117900107,23,0,23
117900109,494,240,254
117900110,114,1,113
117900111,272,18,254
117900112,61,5,56
117900113,1028,1035,-7
117900114,28,1,27
117900115,83,30,53
117900116,460,452,8
117900117,412,145,267
117900118,52,0,52
117900119,115,46,69
117900120,202,16,186
117900121,45,5,40
117900122,628,2486,-1858
117900123,458,212,246
117900124,426,395,31
117900125,1118,1437,-319
117900126,166,315,-149
117900127,307,175,132
117900128,247,228,19
117900129,60,0,60
117900130,442,228,214
117900131,2,69,-67
117900132,5,41,-36
117900133,15,37,-22
117900134,38,100,-62
117900135,12,60,-48
117900136,0,14,-14
117900137,20,111,-91
117900138,0,17,-17
117900139,99,62,37
117900140,1625,155,1470
117900141,86,100,-14
117900142,79,53,26
117900144,34,253,-219
117900145,21,42,-21
117900146,119,163,-44
117900147,39,18,21
117900148,1236,1196,40
117900149,77,80,-3
117900150,19,14,5
117900151,32,44,-12
117900152,56,33,23
117900153,9,72,-63
117900154,276,319,-43
117900156,602,442,160
117900157,80,383,-303
117900158,189,93,96
117900160,548,597,-49
117900161,1358,1076,282
117900162,368,259,109
117900163,27,155,-128
117900165,0,7,-7
117900166,67,367,-300
117900168,46,111,-65
117900169,1,71,-70
117900170,0,7,-7
117900171,6,15,-9
117900172,13,8,5
117900173,84,73,11
117900174,18,41,-23
117900175,21,15,6
117900176,7,18,-11
117900177,18,18,0
117900178,42,21,21
117900180,152,10,142
117900181,41,307,-266
117900182,2,26,-24
117900183,37,115,-78
117900184,7,36,-29
117900185,44,23,21
117900186,32,8,24
117900187,14,4,10
117900188,119,31,88
117900189,45,12,33
117900190,18,0,18
117900191,58,1,57
117900192,170,1,169
117900193,7,20,-13
117900194,9,5,4
117900195,16,17,-1
117900196,9,14,-5
117900207,108,80,28
117900208,14,16,-2
117900209,77,69,8
117900210,58,98,-40
117900211,4,67,-63
117900212,107,93,14
117900213,21,5,16
117900214,1,6,-5
117900215,33,18,15
117900216,18,18,0
117900217,35,191,-156
117900218,118,98,20
117900219,5,74,-69
117900220,54,65,-11
117900222,124,114,10
117900223,77,152,-75
118000001,476,866,-390
118000002,369,927,-558
118000003,1625,2421,-796
118000004,1734,1537,197
118000005,2143,3697,-1554
118000006,2056,5362,-3306
118000007,3511,3414,97
118000008,1843,2448,-605
118000009,1170,1552,-382
118000010,3978,2144,1834
118000011,989,844,145
118000012,631,776,-145
118000013,1217,1268,-51
118000014,1233,1065,168
118000016,172,168,4
118000017,320,253,67
118000018,243,168,75
118000019,1292,1098,194
118000020,810,2103,-1293
118000021,432,2096,-1664
118000022,1050,551,499
118000023,559,199,360
118000024,640,803,-163
118000027,6183,7753,-1570
118000029,401,551,-150
118000032,401,2349,-1948
118000033,1871,4267,-2396
118000034,2911,1881,1030
118000035,1290,1960,-670
118000036,523,840,-317
118000037,504,551,-47
118000038,163,49,114
118000039,53,84,-31
118000040,1044,823,221
118000041,1729,761,968
118000045,310,92,218
118000046,743,519,224
118000047,516,846,-330
118000048,1402,1446,-44
118000051,846,934,-88
118000052,503,398,105
118000053,212,249,-37
118000054,668,514,154
118000055,567,771,-204
118000056,57,239,-182
118000057,100,201,-101
118000058,2126,1059,1067
118000059,990,773,217
118000060,851,324,527
118000061,742,739,3
118000062,347,248,99
118000063,242,494,-252
118000064,491,755,-264
118000065,1503,1562,-59
118000066,530,1138,-608
118000067,432,444,-12
118000068,926,3568,-2642
118000069,1368,627,741
118000070,2703,1286,1417
118000071,1755,5004,-3249
118000072,890,1084,-194
118000073,600,502,98
118000074,277,362,-85
118000075,295,176,119
118000076,1256,2067,-811
118000077,898,1009,-111
118000078,1175,1715,-540
118000079,143,335,-192
118000080,626,737,-111
118000081,1180,1055,125
118000082,218,818,-600
118000083,893,1139,-246
118000084,1621,991,630
118000086,176,331,-155
118000087,2471,1716,755
118000088,1046,1072,-26
118000089,2244,1633,611
118000090,846,1956,-1110
118000091,576,1881,-1305
118000092,638,440,198
118000093,57,589,-532
118000096,406,432,-26
118000097,574,480,94
118000098,190,107,83
118000099,488,334,154
118000101,934,231,703
118000102,405,612,-207
118000107,705,287,418
118000108,330,1494,-1164
118000110,0,8,-8
118000111,0,112,-112
118000112,364,1,363
118000113,1,183,-182
118000114,342,5,337
118000115,3,9,-6
118000116,15,2,13
118000117,517,502,15
118000118,662,892,-230
118000119,567,914,-347
118000120,1078,679,399
118000121,60,499,-439
118000122,904,259,645
118000123,36,187,-151
118000125,808,512,296
118000126,449,1104,-655
118000127,862,448,414
118000128,321,767,-446
118000129,660,384,276
118000130,1262,1692,-430
118000131,235,394,-159
118000132,2156,1600,556
118000133,785,396,389
118000135,444,391,53
118000136,109,338,-229
118000137,390,64,326
118000138,229,267,-38
118000139,321,66,255
118000140,1631,3507,-1876
118000141,1658,976,682
118000142,1451,899,552
118000143,1665,724,941
118000144,684,430,254
118000145,1105,784,321
118000146,955,370,585
118000147,656,810,-154
118000148,329,714,-385
118000149,720,488,232
118000150,339,172,167
118000151,402,281,121
118000153,1039,698,341
118000154,1074,943,131
118000155,1095,944,151
118000156,950,1440,-490
118000157,369,231,138
118000158,189,270,-81
118000159,25,84,-59
118000160,374,270,104
118000161,365,399,-34
118000162,1062,613,449
118000163,673,509,164
118000164,1127,879,248
118000168,426,393,33
118000169,551,538,13
118000170,2035,2151,-116
118000171,213,283,-70
118000172,70,159,-89
118000173,612,637,-25
118000175,194,286,-92
118000176,175,373,-198
118000177,146,405,-259
118000178,33,20,13
118000179,655,890,-235
118000180,535,434,101
118000181,596,201,395
118000182,231,162,69
118000183,143,223,-80
118000184,742,420,322
118000185,673,863,-190
118000186,568,741,-173
118000187,1026,351,675
118000188,433,59,374
118000189,382,217,165
118000190,4,9,-5
118000191,15,10,5
118000192,89,237,-148
118000193,56,247,-191
118000194,742,629,113
118000195,253,936,-683
118000196,157,126,31
118000197,61,99,-38
118000198,349,532,-183
118000199,368,295,73
118000200,31,192,-161
118000201,258,409,-151
118000202,39,49,-10
118000203,419,490,-71
118000204,69,334,-265
118000205,68,200,-132
118000206,135,112,23
118000207,0,25,-25
118000208,917,840,77
118000209,1422,895,527
118000210,27,27,0
118000211,20,28,-8
118000213,389,1202,-813
118000214,250,420,-170
118000215,265,82,183
118000216,1489,683,806
118000217,20,57,-37
118000218,65,55,10
118000219,256,122,134
118000220,2,31,-29
118000221,143,200,-57
118000222,39,6,33
118000223,14,35,-21
118000224,77,48,29
118000225,87,328,-241
118000226,520,134,386
118000227,344,253,91
118000228,74,156,-82
118000229,80,85,-5
118000230,78,125,-47
118000231,69,121,-52
118000232,626,305,321
118000233,689,416,273
118000234,331,79,252
118000236,202,149,53
118000237,70,90,-20
118000238,174,66,108
118000239,208,170,38
118000240,139,87,52
118000241,102,42,60
118000242,241,191,50
118000243,126,89,37
118000244,28,50,-22
118000246,0,18,-18
118000255,51,171,-120
118000256,120,152,-32
118000259,7,28,-21
118000260,124,29,95
118000261,22,17,5
118000263,62,63,-1
118000266,68,97,-29
118000267,1,68,-67
118000268,150,0,150
118000270,72,10,62
118000271,123,130,-7
118000272,51,18,33
118000273,102,28,74
118000274,53,122,-69
118000276,354,171,183
118000295,3,73,-70
118000298,65,131,-66
118000299,59,66,-7
118000301,0,29,-29
118000302,75,31,44
118000311,409,44,365
118000312,194,118,76
118000313,18,33,-15
118000314,88,21,67
118000315,12,9,3
118000316,401,273,128
118000325,30,11,19
118000326,14,15,-1
118000331,42,12,30
118000332,6,9,-3
118000333,9,19,-10
118000335,258,0,258
118000336,0,99,-99
118000407,105,30,75
118000457,4,41,-37
118000465,1031,2173,-1142
118000480,19,32,-13
118000489,33,292,-259
118000490,10,138,-128
118000492,188,120,68
118000510,17,18,-1
118000514,70,175,-105
118000515,453,463,-10
118000517,213,100,113
118000524,199,242,-43
118000525,413,498,-85
118000530,24,38,-14
118000531,217,155,62
118000532,202,137,65
118000533,244,84,160
118000534,412,308,104
118000535,211,89,122
118000536,126,745,-619
118000537,23,73,-50
118000538,10,46,-36
118000539,10,54,-44
118000540,132,57,75
118000541,86,34,52
118000542,59,100,-41
118000543,97,117,-20
118000546,37,15,22
118000553,0,1,-1
118000557,0,0,0
118000560,787,1264,-477
118000562,24,46,-22
118000563,913,700,213
118000576,179,66,113
118000577,117,97,20
118000578,140,41,99
118000579,328,779,-451
118000583,0,1,-1
118000595,177,83,94
118000596,0,38,-38
118000597,104,72,32
118000598,2,0,2
118000599,75,28,47
118000600,2,1,1
118000601,3,0,3
118000602,1,1,0
118000603,0,12,-12
118000605,57,87,-30
118900001,261,901,-640
118900002,448,583,-135
118900003,284,5,279
118900004,25,10,15
118900005,62,4,58
118900006,92,2,90
118900007,8,0,8
118900008,932,58,874
118900009,26,50,-24
118900010,43,5,38
118900011,92,14,78
118900012,213,129,84
118900013,310,120,190
118900015,167,22,145
118900016,1,3,-2
118900017,134,210,-76
118900018,661,30,631
118900019,18,5,13
118900020,67,129,-62
118900021,107,163,-56
118900022,97,42,55
118900023,99,71,28
118900024,69,110,-41
118900025,46,9,37
118900026,49,30,19
118900027,267,152,115
118900028,171,59,112
118900029,200,286,-86
118900030,325,27,298
118900031,76,60,16
118900032,149,116,33
118900033,278,292,-14
118900034,79,17,62
118900035,82,89,-7
118900036,817,404,413
118900037,244,201,43
118900038,270,71,199
118900039,376,101,275
118900040,149,137,12
118900041,363,99,264
118900042,128,43,85
118900045,179,113,66
118900046,576,305,271
118900047,254,175,79
118900048,117,157,-40
118900049,30,48,-18
118900050,29,13,16
118900051,50,75,-25
118900052,140,154,-14
118900053,37,78,-41
118900054,94,36,58
118900055,48,24,24
118900056,40,249,-209
118900057,528,298,230
118900058,363,206,157
118900059,8,69,-61
118900060,33,90,-57
118900062,362,120,242
118900064,216,398,-182
118900065,37,105,-68
118900066,52,36,16
118900067,1682,2607,-925
118900068,6,150,-144
118900069,300,124,176
118900071,3,39,-36
118900072,355,200,155
118900073,123,45,78
118900074,97,70,27
118900075,51,36,15
118900076,162,90,72
118900077,99,93,6
118900078,17,5,12
118900079,29,83,-54
118900080,18,77,-59
118900081,46,16,30
118900082,554,101,453
118900083,6,1,5
118900084,11,15,-4
118900085,421,387,34
118900086,26,55,-29
118900087,18,166,-148
118900088,0,2,-2
118900089,20,12,8
118900090,341,193,148
118900091,81,129,-48
118900092,93,31,62
118900093,105,10,95
118900096,33,59,-26
118900097,194,205,-11
118900099,45,93,-48
118900100,75,117,-42
118900101,89,129,-40
118900102,24,30,-6
118900103,13,44,-31
118900104,112,57,55
118900105,107,44,63
118900107,58,35,23
118900108,67,42,25
118900110,814,559,255
118900111,346,223,123
118900112,60,108,-48
118900113,96,177,-81
118900114,14,50,-36
118900115,42,152,-110
118900116,88,139,-51
118900117,68,125,-57
118900118,201,150,51
118900119,76,100,-24
118900120,40,171,-131
118900121,12,64,-52
118900122,5,760,-755
118900123,140,96,44
118900124,57,87,-30
118900126,17,278,-261
118900129,140,120,20
118900130,37,144,-107
118900131,109,104,5
118900132,216,172,44
118900133,10,58,-48
118900135,113,157,-44
118900136,152,224,-72
118900137,3,33,-30
118900139,106,123,-17
118900140,319,234,85
118900141,46,38,8
118900144,72,171,-99
118900145,5,67,-62
118900146,271,346,-75
118900147,131,118,13
118900148,59,28,31
118900150,98,320,-222
118900152,431,299,132
118900157,33,108,-75
118900158,83,22,61
118900159,3,69,-66
118900161,33,5,28
118900163,44,44,0
118900164,0,44,-44
118900165,37,47,-10
118900166,25,1,24
118900167,37,105,-68
118900168,8,74,-66
118900169,87,90,-3
118900170,104,22,82
118900171,12,18,-6
118900174,27,36,-9
118900175,331,290,41
118900176,111,141,-30
118900177,45,18,27
118900178,47,91,-44
118900179,3,19,-16
118900181,41,43,-2
118900182,50,18,32
118900183,12,40,-28
118900184,178,42,136
118900185,44,37,7
118900186,62,73,-11
118900187,171,184,-13
118900188,209,110,99
118900189,32,596,-564
118900190,13,100,-87
118900191,129,14,115
118900192,185,6,179
118900193,387,4,383
118900195,153,296,-143
118900196,16,79,-63
118900197,112,21,91
118900198,13,1,12
118900199,59,13,46
118900200,12,9,3
118900201,17,17,0
118900202,2,19,-17
118900203,8,3,5
118900204,4,8,-4
118900205,2,3,-1
118900206,3,5,-2
119000001,920,1021,-101
119000002,2681,1751,930
119000003,1909,495,1414
119000004,1329,760,569
119000005,1146,1214,-68
119000006,2272,955,1317
119000007,2231,1926,305
119000008,1209,814,395
119000009,2248,3350,-1102
119000010,3349,2877,472
119000011,1864,1916,-52
119000012,1130,2082,-952
119000013,2028,1190,838
119000014,919,1561,-642
119000019,215,87,128
119000020,1614,908,706
119000021,3226,1631,1595
119000022,861,1654,-793
119000023,212,204,8
119000024,1046,8075,-7029
119000025,2750,828,1922
119000026,59,274,-215
119000027,128,247,-119
119000028,1162,399,763
119000029,48,225,-177
119000030,377,486,-109
119000031,562,379,183
119000032,1086,1353,-267
119000033,1490,824,666
119000034,726,413,313
119000035,32,147,-115
119000036,1444,471,973
119000037,818,667,151
119000038,123,331,-208
119000039,309,198,111
119000040,438,498,-60
119000041,437,874,-437
119000048,1788,1279,509
119000049,1595,928,667
119000050,978,1041,-63
119000051,1240,604,636
119000052,934,1576,-642
119000053,1190,665,525
119000054,2352,1456,896
119000055,3643,1428,2215
119000056,2133,1188,945
119000057,1186,913,273
119000058,1209,974,235
119000059,833,841,-8
119000060,1119,654,465
119000061,748,397,351
119000062,769,729,40
119000063,400,307,93
119000064,569,470,99
119000065,1203,1840,-637
119000066,1521,716,805
119000067,1323,1063,260
119000068,1190,528,662
119000069,952,1104,-152
119000070,1972,472,1500
119000071,307,390,-83
119000072,2651,1637,1014
119000073,2302,4352,-2050
119000074,830,1008,-178
119000075,1943,1290,653
119000076,174,577,-403
119000077,333,391,-58
119000078,267,147,120
119000079,103,396,-293
119000080,422,91,331
119000081,215,280,-65
119000082,546,119,427
119000083,417,274,143
119000084,153,247,-94
119000085,327,95,232
119000086,207,260,-53
119000087,897,434,463
119000088,255,166,89
119000089,58,145,-87
119000090,113,73,40
119000091,60,195,-135
119000092,227,125,102
119000093,2376,1344,1032
119000094,2590,3113,-523
119000095,1436,1433,3
119000097,1434,735,699
119000098,675,1985,-1310
119000099,1660,864,796
119000100,2896,2118,778
119000101,2508,925,1583
119000102,460,751,-291
119000103,1013,405,608
119000104,1230,664,566
119000105,642,1564,-922
119000106,244,459,-215
119000107,699,334,365
119000108,275,403,-128
119000109,75,313,-238
119000110,218,221,-3
119000111,27,339,-312
119000112,106,56,50
119000113,884,149,735
119000114,686,646,40
119000115,81,94,-13
119000116,107,51,56
119000117,44,188,-144
119000118,1,0,1
119000123,2591,1046,1545
119000124,560,117,443
119000125,3023,407,2616
119000126,1019,373,646
119000127,449,252,197
119000128,7,4,3
119000131,723,310,413
119000132,5,0,5
119000133,1,2,-1
119000134,1119,352,767
119000135,121,134,-13
119000136,217,83,134
119000137,176,147,29
119000138,394,115,279
119000139,176,99,77
119000140,231,254,-23
119000284,682,1459,-777
119000285,1139,1101,38
119000286,3431,2781,650
119000287,762,967,-205
119000288,1253,547,706
119000289,944,1220,-276
119000290,135,214,-79
119000291,5,142,-137
119000293,84,85,-1
119000294,67,28,39
119000295,536,145,391
119000296,169,99,70
119000302,932,733,199
119000303,42,124,-82
119000304,0,0,0
119000310,0,0,0
119000314,886,7036,-6150
119000315,1,130,-129
119000316,126,61,65
119000317,71,107,-36
119900001,134,904,-770
119900002,86,131,-45
119900003,23,331,-308
119900004,185,878,-693
119900005,142,53,89
119900006,131,241,-110
119900007,772,193,579
119900008,12,21,-9
119900009,469,353,116
119900010,436,470,-34
119900011,20,71,-51
119900012,15,60,-45
119900013,1250,797,453
119900014,305,118,187
119900015,119,16,103
119900016,36,23,13
119900017,55,22,33
119900018,1120,600,520
119900019,41,3,38
119900020,173,151,22
119900021,85,39,46
119900022,61,518,-457
119900023,245,1347,-1102
119900025,166,13,153
119900026,375,99,276
119900027,38,10,28
119900028,154,115,39
119900029,1,3,-2
119900030,337,217,120
119900031,21,372,-351
119900033,1186,191,995
119900034,338,47,291
119900037,178,28,150
119900038,22,248,-226
119900039,9,2,7
119900040,80,11,69
119900041,70,7,63
119900042,58,74,-16
119900043,71,59,12
119900044,110,631,-521
119900046,102,24,78
119900047,214,72,142
119900048,108,21,87
119900049,128,11,117
119900050,71,75,-4
119900051,691,16,675
119900052,39,12,27
119900053,182,73,109
119900054,140,8,132
119900055,960,327,633
119900057,150,15,135
119900058,199,3,196
119900059,55,15,40
119900060,203,20,183
119900061,139,3,136
119900062,73,10,63
119900063,6,30,-24
119900065,151,17,134
119900066,0,0,0
119900067,46,13,33
119900068,466,7,459
119900069,120,4,116
119900070,680,1,679
119900071,468,11,457
119900073,851,334,517
119900074,19,30,-11
119900075,1825,1655,170
119900076,484,169,315
119900077,719,348,371
119900078,590,579,11
119900079,370,93,277
119900080,204,166,38
119900081,304,40,264
119900082,1052,100,952
119900083,213,57,156
119900084,339,206,133
119900085,37,47,-10
119900086,437,482,-45
119900087,425,235,190
119900088,27,22,5
119900089,21,242,-221
119900090,97,22,75
119900091,27,344,-317
119900092,15,175,-160
119900093,712,148,564
119900094,26,96,-70
119900095,121,58,63
119900096,16,65,-49
119900097,352,119,233
119900098,25,32,-7
119900099,25,106,-81
119900100,1020,1694,-674
119900101,70,720,-650
119900102,30,110,-80
119900103,30,129,-99
119900104,34,80,-46
119900105,401,1364,-963
119900106,7,74,-67
119900107,210,1134,-924
119900108,1582,348,1234
119900109,9,89,-80
119900110,437,268,169
119900111,103,138,-35
119900112,595,329,266
119900113,40,118,-78
119900114,162,495,-333
119900115,241,450,-209
119900116,62,284,-222
119900117,200,242,-42
119900118,89,377,-288
119900119,161,81,80
119900120,483,238,245
119900121,332,402,-70
119900122,348,256,92
119900123,124,177,-53
119900124,178,350,-172
119900125,35,119,-84
119900126,1720,197,1523
119900127,1035,667,368
119900128,257,236,21
119900129,171,168,3
119900130,16,140,-124
119900131,32,97,-65
119900132,2,98,-96
119900133,34,37,-3
119900134,635,110,525
119900135,5,164,-159
119900136,142,154,-12
119900138,210,318,-108
119900139,2,76,-74
119900140,3,71,-68
119900141,54,508,-454
119900142,0,27,-27
119900143,15,115,-100
119900144,762,120,642
119900145,64,72,-8
119900146,74,99,-25
119900147,1,93,-92
119900148,186,28,158
119900149,474,3059,-2585
119900150,87,83,4
119900151,849,387,462
119900152,74,118,-44
119900153,125,37,88
119900154,43,187,-144
119900155,34,20,14
119900156,19,4,15
119900157,98,85,13
119900158,138,25,113
119900159,1,581,-580
119900160,9,42,-33
119900161,135,87,48
119900162,655,693,-38
119900163,50,84,-34
119900164,0,0,0
119900165,121,76,45
119900166,53,34,19
119900167,49,47,2
119900168,689,266,423
119900169,37,168,-131
119900170,149,172,-23
119900171,591,165,426
119900172,86,18,68
119900173,4,157,-153
119900174,1,50,-49
119900175,1009,310,699
119900177,17,88,-71
119900178,3,61,-58
119900179,81,387,-306
119900180,755,497,258
119900181,45,83,-38
119900182,1,88,-87
119900183,92,373,-281
119900184,835,256,579
119900185,40,154,-114
119900186,32,687,-655
119900187,11,120,-109
119900188,83,158,-75
119900189,240,292,-52
119900190,60,242,-182
119900191,171,198,-27
119900192,33,91,-58
119900193,278,85,193
119900194,24,61,-37
119900195,15,86,-71
119900196,359,168,191
119900197,183,96,87
119900198,90,92,-2
119900199,77,16,61
119900200,464,357,107
119900201,133,80,53
119900202,43,166,-123
119900203,99,372,-273
119900204,252,144,108
119900205,636,249,387
119900206,193,65,128
119900208,106,85,21
119900209,369,824,-455
119900210,22,17,5
119900211,50,5,45
119900212,197,144,53
119900213,8,57,-49
119900214,28,43,-15
119900215,38,36,2
119900216,13,35,-22
119900217,6,26,-20
119900218,6,43,-37
119900219,7,43,-36
119900220,5,29,-24
119900221,7,91,-84
119900222,4,64,-60
119900223,6,20,-14
119900224,8,10,-2
119900225,397,25,372
119900226,268,1239,-971
119900227,463,153,310
119900228,15,104,-89
119900229,277,311,-34
119900230,670,214,456
119900231,218,76,142
119900232,133,87,46
119900233,38,0,38
119900234,41,18,23
119900235,8,19,-11
119900236,12,75,-63
119900237,21,137,-116
119900238,13,39,-26
119900240,71,73,-2
119900241,100,125,-25
119900242,481,904,-423
119900244,387,627,-240
119900245,83,102,-19
119900246,182,464,-282
119900247,11,98,-87
119900248,60,177,-117
119900249,165,97,68
119900253,955,271,684
119900254,54,535,-481
119900255,75,403,-328
119900256,454,263,191
119900257,84,3,81
119900258,117,5,112
119900259,16,36,-20
119900260,66,6,60
119900261,157,65,92
119900262,2,86,-84
119900263,787,184,603
119900264,89,55,34
119900265,224,139,85
119900266,274,95,179
119900267,194,296,-102
119900268,128,77,51
119900269,646,510,136
119900271,14,58,-44
119900272,302,150,152
119900275,139,53,86
119900276,37,4,33
119900277,13,9,4
119900278,92,81,11
119900279,80,127,-47
119900280,365,67,298
119900281,1,153,-152
119900282,33,97,-64
119900283,10,109,-99
119900284,42,98,-56
119900285,8,43,-35
119900286,3,6,-3
119900288,0,15,-15
119900289,0,10,-10
119900290,5,5,0
119900291,0,31,-31
119900292,60,68,-8
119900293,10,49,-39
119900294,19,36,-17
119900295,47,26,21
119900296,31,88,-57
119900297,4,18,-14
119900298,5,10,-5
119900299,23,50,-27
119900300,103,32,71
119900301,32,14,18
119900302,13,29,-16
119900303,156,35,121
119900304,118,10,108
119900305,4,54,-50
119900306,14,3,11
119900307,23,28,-5
119900308,6,33,-27
119900309,28,126,-98
119900310,138,135,3
119900311,82,46,36
119900312,85,39,46
119900313,209,139,70
119900314,128,273,-145
119900315,1509,931,578
119900318,8,39,-31
119900319,38,79,-41
119900320,131,169,-38
119900321,42,0,42
120000001,3752,12389,-8637
120000002,1782,1586,196
120000003,1799,986,813
120000004,1599,1052,547
120000005,2274,1247,1027
120000006,817,806,11
120000007,1882,2187,-305
120000008,722,798,-76
120000009,1361,670,691
120000010,1332,1333,-1
120000011,772,967,-195
120000012,1225,1301,-76
120000013,2312,1679,633
120000014,489,902,-413
120000015,1688,1028,660
120000016,2881,1516,1365
120000017,2164,1656,508
120000018,2450,8570,-6120
120000019,833,1070,-237
120000020,2151,2426,-275
120000021,1441,1801,-360
120000022,1928,2954,-1026
120000023,920,1254,-334
120000024,812,1712,-900
120000025,1905,1167,738
120000026,1764,1165,599
120000027,1689,1553,136
120000028,580,3399,-2819
120000029,970,1211,-241
120000030,154,518,-364
120000031,1301,2990,-1689
120000032,3910,2208,1702
120000033,3575,1039,2536
120000034,1578,913,665
120000035,1577,1045,532
120000036,2301,3309,-1008
120000037,456,1043,-587
120000038,3000,2268,732
120000039,495,580,-85
120000040,70,383,-313
120000041,668,914,-246
120000042,1140,1016,124
120000043,3161,839,2322
120000044,4011,925,3086
120000045,4814,742,4072
120000046,2908,1864,1044
120000047,460,4312,-3852
120000048,4005,2671,1334
120000049,2620,1764,856
120000050,2676,2352,324
120000051,1996,2682,-686
120000052,4920,1368,3552
120000053,1317,1282,35
120000054,1154,2093,-939
120000055,1522,2675,-1153
120000056,3002,2191,811
120000057,2288,1348,940
120000058,1471,2838,-1367
120000059,6,1145,-1139
120000061,66,321,-255
120000062,118,225,-107
120000063,953,1390,-437
120000064,218,562,-344
120000065,367,869,-502
120000066,156,415,-259
120000067,51,414,-363
120000068,186,400,-214
120000069,505,413,92
120000070,74,370,-296
120000071,548,66,482
120000072,653,384,269
120000073,805,85,720
120000074,124,90,34
120000075,768,223,545
120000076,1630,311,1319
120000077,1543,466,1077
120000078,2272,985,1287
120000079,317,206,111
120000080,185,180,5
120000081,298,125,173
120000082,253,215,38
120000083,114,625,-511
120000084,306,149,157
120000085,233,220,13
120000086,219,252,-33
120000087,187,277,-90
120000088,590,593,-3
120000089,848,356,492
120000090,546,271,275
120000091,672,601,71
120000092,910,370,540
120000093,336,304,32
120000094,182,510,-328
120000095,603,188,415
120000096,208,375,-167
120000098,614,400,214
120000099,211,377,-166
120000100,487,449,38
120000101,359,225,134
120000102,378,718,-340
120000103,1067,713,354
120000104,1427,299,1128
120000105,2616,579,2037
120000106,2006,527,1479
120000107,3190,394,2796
120000108,1088,79,1009
120000109,1044,42,1002
120000110,54,550,-496
120000111,89,512,-423
120000112,529,1343,-814
120000113,450,997,-547
120000114,789,1304,-515
120000115,196,1114,-918
120000116,462,1002,-540
120000117,608,770,-162
120000118,51,31,20
120000119,24,54,-30
120000120,77,72,5
120000121,33,40,-7
120000122,176,315,-139
120000123,2170,5379,-3209
120000124,323,207,116
120000125,442,353,89
120000126,302,608,-306
120000127,1315,766,549
120000128,1672,2388,-716
120000129,165,172,-7
120000130,602,352,250
120000131,250,366,-116
120000134,294,431,-137
120000135,493,307,186
120000137,151,409,-258
120000138,711,189,522
120000139,179,202,-23
120000140,687,215,472
120000141,211,158,53
120000142,423,317,106
120000143,0,66,-66
120000144,98,3,95
120000145,348,2,346
120000146,590,586,4
120000149,412,582,-170
120000150,1228,7225,-5997
120000151,350,316,34
120000152,383,127,256
120000153,139,326,-187
120000154,368,338,30
120000155,112,200,-88
120000156,346,953,-607
120000157,725,332,393
120000158,564,453,111
120000159,1351,1392,-41
120000160,1793,1097,696
120000161,1885,1370,515
120000162,45,205,-160
120000163,587,560,27
120000164,492,192,300
120000165,447,387,60
120000166,1007,237,770
120000167,134,95,39
120000168,21,281,-260
120000169,21,1134,-1113
120000170,15,891,-876
120000171,10,413,-403
120000172,16,361,-345
120000173,760,1490,-730
120000174,115,52,63
120000175,155,54,101
120000176,105,44,61
120000177,579,57,522
120000178,25,6,19
120000179,81,15,66
120000180,108,31,77
120000181,46,597,-551
120000182,32,351,-319
120000183,3,155,-152
120000184,130,598,-468
120000186,36,764,-728
120000187,34,427,-393
120000188,47,403,-356
120000190,201,54,147
120000191,235,54,181
120000192,280,22,258
120000193,56,1,55
120000195,27,4,23
120000196,66,13,53
120000197,16,49,-33
120000198,175,36,139
120000199,95,1,94
120000200,118,1,117
120000201,12,26,-14
120000202,1,26,-25
120000203,45,84,-39
120000207,0,35,-35
120000208,5,97,-92
120000209,3,38,-35
120000210,33,47,-14
120000211,176,4,172
120000212,215,0,215
120000213,132,103,29
120000214,4,100,-96
120000215,1,79,-78
120000216,91,20,71
120000217,354,635,-281
120000218,80,398,-318
120000219,5,195,-190
120000220,2,679,-677
120000225,1392,0,1392
120000226,314,6,308
120000227,635,42,593
120000228,8178,2395,5783
120000230,326,11,315
120000231,1086,1163,-77
120000233,257,2,255
120000235,203,364,-161
120000236,789,1,788
120000237,2,515,-513
120000238,2,749,-747
120000241,884,2487,-1603
120000412,372,11,361
120000413,290,123,167
120000414,122,5,117
120000415,2,48,-46
120000416,108,3,105
120000417,7,37,-30
120000418,164,9,155
120000419,5,97,-92
120000420,38,9,29
120000421,4842,3406,1436
120000422,80,946,-866
120000423,3,60,-57
120000424,131,85,46
120000436,74,468,-394
120000437,137,70,67
120000438,1103,162,941
120000439,155,430,-275
120000443,147,1,146
120000444,1146,243,903
120000445,1254,599,655
120000446,445,136,309
120000447,152,1,151
120000449,129,5,124
120000450,7,89,-82
120000451,74,93,-19
120000452,325,6,319
120000453,1,94,-93
120000454,31,27,4
120000455,69,26,43
120000456,1570,2557,-987
120000457,496,316,180
120000458,345,355,-10
120000459,96,42,54
120000665,506,138,368
120000668,106,867,-761
120000669,103,101,2
120000670,114,1598,-1484
120000671,1218,382,836
120000672,71,297,-226
120900001,52,80,-28
120900002,198,383,-185
120900003,126,7,119
120900004,7,56,-49
120900005,55,476,-421
120900006,352,150,202
120900007,138,39,99
120900008,299,574,-275
120900009,439,13,426
120900010,342,93,249
120900011,87,112,-25
120900012,67,755,-688
120900013,254,63,191
120900014,31,229,-198
120900015,524,39,485
120900016,747,49,698
120900017,1059,44,1015
120900018,90,187,-97
120900019,513,370,143
120900020,536,889,-353
120900021,653,179,474
120900022,23,160,-137
120900023,264,22,242
120900024,1297,308,989
120900025,896,690,206
120900026,176,109,67
120900027,730,16,714
120900028,333,103,230
120900029,101,415,-314
120900030,1130,497,633
120900031,241,103,138
120900032,938,68,870
120900033,713,52,661
120900034,14,1646,-1632
120900035,24,73,-49
120900037,170,9,161
120900038,52,258,-206
120900039,94,39,55
120900040,240,2,238
120900041,98,35,63
120900042,503,19,484
120900043,51,20,31
120900044,9,193,-184
120900045,104,35,69
120900046,451,9,442
120900047,97,118,-21
120900048,122,18,104
120900049,454,5,449
120900050,823,1049,-226
120900051,325,71,254
120900052,580,4,576
120900053,305,33,272
120900054,942,291,651
120900055,376,2,374
120900056,385,18,367
120900057,164,13,151
120900058,553,2,551
120900059,107,1,106
120900060,50,10,40
120900061,170,110,60
120900062,203,1,202
120900063,500,6,494
120900064,623,13,610
120900065,544,3,541
120900066,354,162,192
120900067,152,24,128
120900068,189,0,189
120900069,234,21,213
120900071,15,1,14
120900072,679,7,672
120900073,470,57,413
120900074,416,19,397
120900076,309,1,308
120900077,1188,141,1047
120900078,754,394,360
120900079,712,50,662
120900080,639,775,-136
120900081,785,258,527
120900082,265,308,-43
120900083,103,5,98
120900084,373,389,-16
120900085,71,113,-42
120900086,45,263,-218
120900087,328,305,23
120900088,97,391,-294
120900089,1223,2276,-1053
120900090,253,45,208
120900091,563,749,-186
120900092,732,217,515
120900093,756,80,676
120900094,260,116,144
120900095,138,5,133
120900096,38,121,-83
120900097,394,290,104
120900098,173,72,101
120900099,50,39,11
120900100,47,102,-55
120900101,315,110,205
120900102,16,53,-37
120900103,44,153,-109
120900104,18,27,-9
120900105,16,192,-176
120900106,763,218,545
120900107,131,77,54
120900108,8,246,-238
120900109,30,266,-236
120900110,14,319,-305
120900111,127,168,-41
120900112,18,344,-326
120900113,10,345,-335
120900114,20,84,-64
120900115,132,177,-45
120900116,287,162,125
120900117,1,164,-163
120900118,10,310,-300
120900119,4553,2006,2547
120900120,58,185,-127
120900121,50,253,-203
120900122,458,198,260
120900123,7,118,-111
120900124,3,274,-271
120900125,7,246,-239
120900126,1218,614,604
120900127,7,171,-164
120900128,887,908,-21
120900129,32,161,-129
120900130,3,256,-253
120900131,82,43,39
120900132,809,91,718
120900133,45,362,-317
120900134,649,283,366
120900135,8,273,-265
120900136,44,52,-8
120900137,137,47,90
120900138,32,188,-156
120900139,3,345,-342
120900140,14,22,-8
120900141,125,155,-30
120900142,14,180,-166
120900143,11,440,-429
120900144,0,59,-59
120900145,118,421,-303
120900146,0,526,-526
120900147,0,283,-283
120900148,73,92,-19
120900149,0,96,-96
120900150,56,285,-229
120900151,5,331,-326
120900152,2,16,-14
120900153,66,48,18
120900154,0,79,-79
120900155,145,468,-323
120900156,71,175,-104
120900157,62,162,-100
120900158,64,351,-287
120900159,158,227,-69
120900160,29,527,-498
120900161,40,209,-169
120900162,56,313,-257
120900163,144,466,-322
120900164,0,117,-117
120900165,44,923,-879
120900166,61,323,-262
120900167,176,105,71
120900169,75,154,-79
120900170,516,2315,-1799
120900171,509,136,373
120900172,197,844,-647
120900173,1,44,-43
120900174,5,80,-75
120900175,139,64,75
120900176,12,239,-227
120900177,1,796,-795
120900178,0,378,-378
120900179,529,228,301
120900180,33,123,-90
120900181,33,34,-1
120900182,30,284,-254
120900183,448,62,386
120900184,166,45,121
120900185,25,132,-107
120900186,2,188,-186
120900187,334,585,-251
120900188,141,5,136
120900189,56,1116,-1060
120900190,65,1,64
120900191,7,10,-3
120900192,4074,6365,-2291
120900194,63,64,-1
120900195,86,151,-65
120900196,508,24,484
120900197,511,95,416
120900198,151,306,-155
120900199,234,340,-106
120900200,24,93,-69
120900201,272,85,187
120900202,0,86,-86
120900203,20,63,-43
120900204,90,128,-38
120900205,45,32,13
120900206,19,23,-4
120900207,40,544,-504
121000001,383,753,-370
121000002,1449,996,453
121000003,1798,1164,634
121000004,1598,2187,-589
121000005,1292,1712,-420
121000006,1931,1571,360
121000007,1381,2291,-910
121000008,3237,2800,437
121000009,2598,4205,-1607
121000010,4909,3928,981
121000011,3913,7208,-3295
121000012,8466,6200,2266
121000013,3642,4550,-908
121000014,3901,3579,322
121000015,2857,5064,-2207
121000016,2929,2387,542
121000017,1293,2155,-862
121000018,1772,1147,625
121000019,7312,6756,556
121000020,7642,11323,-3681
121000021,1293,1372,-79
121000022,1417,1886,-469
121000023,1740,1296,444
121000024,2844,3055,-211
121000025,334,844,-510
121000026,261,105,156
121000027,993,853,140
121000028,586,315,271
121000029,512,379,133
121000030,407,264,143
121000031,392,491,-99
121000032,163,79,84
121000034,194,133,61
121000035,113,136,-23
121000036,551,533,18
121000037,381,396,-15
121000038,299,587,-288
121000039,127,203,-76
121000041,317,286,31
121000042,185,187,-2
121000043,431,455,-24
121000044,833,620,213
121000045,298,155,143
121000046,509,494,15
121000047,17,54,-37
121000049,823,402,421
121000050,202,928,-726
121000051,375,158,217
121000052,249,501,-252
121000053,200,72,128
121000054,33,202,-169
121000055,609,962,-353
121000056,635,757,-122
121000057,279,295,-16
121000058,256,162,94
121000059,1466,804,662
121000060,421,774,-353
121000061,92,166,-74
121000062,135,308,-173
121000063,592,598,-6
121000064,433,544,-111
121000065,172,319,-147
121000066,428,492,-64
121000067,351,379,-28
121000068,365,321,44
121000069,169,480,-311
121000070,826,745,81
121000071,874,843,31
121000072,566,348,218
121000073,657,637,20
121000074,55,83,-28
121000075,14,143,-129
121000076,286,172,114
121000077,78,130,-52
121000078,71,115,-44
121000080,1077,388,689
121000081,1537,2177,-640
121000082,81,197,-116
121000083,97,77,20
121000084,147,105,42
121000085,175,266,-91
121000086,273,435,-162
121000087,32,175,-143
121000088,241,301,-60
121000089,162,273,-111
121000090,195,219,-24
121000091,764,694,70
121000092,132,44,88
121000093,123,170,-47
121000094,340,431,-91
121000095,262,398,-136
121000096,1809,1500,309
121000097,395,1596,-1201
121000098,378,453,-75
121000099,524,350,174
121000100,705,157,548
121000101,244,132,112
121000102,226,104,122
121000103,139,107,32
121000104,196,64,132
121000105,317,89,228
121000106,233,141,92
121000107,1208,1944,-736
121000109,663,686,-23
121000110,171,426,-255
121000114,2089,1594,495
121000115,1058,443,615
121000116,213,572,-359
121000117,304,132,172
121000118,1034,135,899
121000119,198,219,-21
121000120,137,234,-97
121000121,332,750,-418
121000123,628,451,177
121000127,91,53,38
121000128,676,170,506
121000129,954,268,686
121000130,479,349,130
121000131,1046,1147,-101
121000132,694,1168,-474
121000135,175,300,-125
121000136,856,641,215
121000137,265,213,52
121000138,633,751,-118
121000139,405,268,137
121000141,127,47,80
121000142,388,521,-133
121000143,88,30,58
121000144,391,1272,-881
121000145,307,472,-165
121000146,833,628,205
121000147,703,289,414
121000148,588,541,47
121000149,1355,889,466
121000152,298,195,103
121000153,1067,306,761
121000154,706,343,363
121000155,931,642,289
121000156,277,586,-309
121000157,525,705,-180
121000158,246,284,-38
121000159,210,246,-36
121000160,209,171,38
121000161,186,129,57
121000162,73,86,-13
121000165,748,1474,-726
121000166,15,278,-263
121000168,283,119,164
121000169,40,90,-50
121000170,226,45,181
121000171,39,103,-64
121000172,466,277,189
121000173,791,717,74
121000174,313,317,-4
121000175,787,309,478
121000176,263,184,79
121000177,468,282,186
121000178,53,22,31
121000179,37,33,4
121000181,295,264,31
121000182,83,217,-134
121000183,62,50,12
121000184,22,63,-41
121000185,33,158,-125
121000186,157,300,-143
121000187,98,52,46
121000188,80,59,21
121000192,544,221,323
121000193,348,310,38
121000194,1219,1330,-111
121000195,135,669,-534
121000196,386,211,175
121000197,90,395,-305
121000198,103,101,2
121000199,66,127,-61
121000200,364,51,313
121000201,8,102,-94
121000202,692,58,634
121000203,665,1168,-503
121000204,2181,615,1566
121000205,83,155,-72
121000206,85,36,49
121000207,1316,640,676
121000208,2,229,-227
121000209,366,103,263
121000210,488,189,299
121000211,247,71,176
121000212,379,199,180
121000213,6359,1625,4734
121000214,419,1192,-773
121000215,701,595,106
121000216,330,366,-36
121000217,2598,2559,39
121000218,320,1171,-851
121000219,1005,528,477
121000220,105,46,59
121000221,110,250,-140
121000222,1659,1759,-100
121000223,265,438,-173
121000224,171,260,-89
121000225,916,1590,-674
121000226,2665,992,1673
121000227,9,113,-104
121000228,25,343,-318
121000229,263,254,9
121000230,42,1060,-1018
121000231,825,25,800
121000232,251,195,56
121000233,411,226,185
121000234,35,71,-36
121000235,66,58,8
121000236,12,83,-71
121000237,21,15,6
121000238,3,89,-86
121000239,52,7,45
121000240,5,137,-132
121000241,76,11,65
121000242,93,870,-777
121000243,308,99,209
121000244,11,130,-119
121000245,67,30,37
121000246,0,88,-88
121000247,80,8,72
121000248,455,1002,-547
121000249,62,176,-114
121000250,340,205,135
121000251,13,212,-199
121000252,102,64,38
121000253,273,191,82
121000254,513,149,364
121000255,83,137,-54
121000256,207,115,92
121000257,25,84,-59
121000258,83,79,4
121000259,26,49,-23
121000260,44,49,-5
121000261,45,72,-27
121000262,583,313,270
121000263,252,295,-43
121000271,237,879,-642
121000273,25,6,19
121000274,4,49,-45
121000275,2,8,-6
121000276,5,7,-2
121000278,27,10,17
121000279,17,14,3
121000280,16,31,-15
121000289,163,11,152
121000290,652,673,-21
121000294,135,48,87
121000297,437,805,-368
121000299,105,312,-207
121000300,450,293,157
121000302,21,574,-553
121000303,353,151,202
121000304,258,42,216
121000305,125,29,96
121000306,87,72,15
121000308,81,163,-82
121000309,226,227,-1
121000310,60,197,-137
121000311,36,334,-298
121000312,195,150,45
121000313,161,221,-60
121000314,54,76,-22
121000315,23,73,-50
121000530,1120,738,382
121000531,1015,883,132
121000532,4121,5030,-909
121000533,2247,2293,-46
121000918,43,73,-30
121000919,59,80,-21
121000938,68,216,-148
121000939,75,231,-156
121000956,1098,698,400
121000957,1,6,-5
121000958,14,24,-10
121000959,624,279,345
121000960,838,1071,-233
121000961,195,43,152
121000962,491,507,-16
121000963,0,0,0
121000973,1,148,-147
121000976,6,138,-132
121000979,243,87,156
121000981,271,81,190
121000982,310,86,224
121000983,352,122,230
121000984,12,30,-18
121000985,505,191,314
121000986,322,78,244
121000987,158,342,-184
121000988,669,90,579
121001302,144,58,86
121001308,0,5,-5
121001309,29,300,-271
121001313,140,76,64
121001314,1000,1334,-334
121001315,3577,2080,1497
121001326,29,40,-11
121900001,65,116,-51
121900002,36,27,9
121900003,273,5,268
121900004,46,128,-82
121900005,21,9,12
121900006,62,11,51
121900007,1056,1001,55
121900008,152,189,-37
121900009,263,9,254
121900010,123,0,123
121900011,106,116,-10
121900012,2,1,1
121900013,645,89,556
121900014,792,259,533
121900015,115,89,26
121900016,2,29,-27
121900017,272,166,106
121900018,244,7,237
121900019,358,120,238
121900020,14,1,13
121900021,699,22,677
121900022,161,172,-11
121900023,65,113,-48
121900024,205,53,152
121900025,363,244,119
121900026,208,21,187
121900027,212,50,162
121900028,135,13,122
121900029,85,93,-8
121900030,285,413,-128
121900031,560,4039,-3479
121900032,49,43,6
121900033,112,225,-113
121900034,176,57,119
121900035,1334,1169,165
121900036,78,243,-165
121900037,63,553,-490
121900038,25,84,-59
121900039,179,28,151
121900040,24,62,-38
121900041,62,122,-60
121900042,189,80,109
121900043,2,1,1
121900044,47,32,15
121900046,163,146,17
121900047,98,47,51
121900048,40,50,-10
121900050,15,19,-4
121900051,74,97,-23
121900052,84,14,70
121900053,211,158,53
121900054,234,553,-319
121900055,4,6,-2
121900058,202,77,125
121900059,201,110,91
121900060,79,234,-155
121900061,84,82,2
121900062,84,53,31
121900063,979,229,750
121900064,163,226,-63
121900066,32,8,24
121900067,19,20,-1
121900069,142,78,64
121900070,61,77,-16
121900071,316,146,170
121900072,45,62,-17
121900073,130,185,-55
121900074,325,589,-264
121900075,298,453,-155
121900076,310,232,78
121900077,13,17,-4
121900078,43,22,21
121900079,0,0,0
121900080,416,166,250
121900082,76,56,20
121900084,17,31,-14
121900085,2,8,-6
121900086,11,40,-29
121900087,69,80,-11
121900088,983,1694,-711
121900089,137,141,-4
121900090,16,50,-34
121900091,43,30,13
121900092,27,49,-22
121900093,82,63,19
121900094,35,9,26
121900095,195,88,107
121900096,560,363,197
121900097,336,116,220
121900098,6,5,1
121900099,129,30,99
121900100,72,295,-223
121900101,76,73,3
121900102,3,73,-70
121900103,208,92,116
121900104,1156,238,918
121900105,203,115,88
121900106,2,9,-7
121900107,25,11,14
121900108,0,7,-7
121900109,130,100,30
121900110,387,309,78
121900111,514,83,431
121900112,105,57,48
121900113,56,254,-198
121900117,56,41,15
121900118,913,372,541
121900119,150,37,113
121900120,22,629,-607
121900121,273,22,251
121900122,15,47,-32
121900123,90,235,-145
121900124,83,84,-1
121900125,805,526,279
121900127,7,42,-35
121900128,59,48,11
121900129,212,118,94
121900130,89,142,-53
121900131,149,63,86
121900132,36,33,3
121900133,55,932,-877
121900134,14,112,-98
121900135,1778,234,1544
121900136,222,107,115
121900137,29,233,-204
121900138,44,49,-5
121900139,245,638,-393
121900140,53,82,-29
121900141,61,17,44
121900142,99,58,41
121900143,5,94,-89
121900144,67,178,-111
121900145,108,154,-46
121900146,291,433,-142
121900147,57,143,-86
121900148,97,186,-89
121900149,168,279,-111
121900150,25,162,-137
121900151,45,157,-112
121900152,81,37,44
121900153,39,527,-488
121900154,6,177,-171
121900155,0,65,-65
121900156,77,84,-7
121900157,2,181,-179
121900158,63,49,14
121900159,1,115,-114
121900160,32,138,-106
121900161,158,238,-80
121900162,48,93,-45
121900163,232,249,-17
121900164,238,123,115
121900165,156,68,88
121900166,90,73,17
121900167,47,64,-17
121900168,90,123,-33
121900169,6,123,-117
121900170,3,106,-103
121900171,472,343,129
121900172,390,108,282
121900173,347,153,194
121900174,46,32,14
121900175,66,70,-4
121900176,312,866,-554
121900177,106,41,65
121900178,28,21,7
121900179,259,144,115
121900180,1275,2963,-1688
121900182,370,274,96
121900183,503,659,-156
121900184,65,344,-279
121900186,5,204,-199
121900187,19,91,-72
121900188,182,181,1
121900189,15,56,-41
121900190,162,310,-148
121900191,62,180,-118
121900192,209,761,-552
121900193,29,94,-65
121900194,2,111,-109
121900195,21,39,-18
121900196,376,589,-213
121900197,239,722,-483
121900198,870,729,141
121900199,5,22,-17
121900200,72,159,-87
121900201,410,439,-29
121900202,49,413,-364
121900203,76,651,-575
121900204,425,623,-198
121900205,4,65,-61
121900206,21,23,-2
121900207,71,27,44
121900208,66,179,-113
121900209,38,35,3
121900210,934,656,278
121900211,297,250,47
121900212,46,81,-35
121900213,149,30,119
121900214,4,256,-252
121900215,38,89,-51
121900216,49,102,-53
121900217,175,81,94
121900218,128,237,-109
121900220,77,9,68
121900221,187,286,-99
121900222,121,53,68
121900223,105,26,79
121900224,39,16,23
121900225,92,120,-28
121900226,180,54,126
121900227,161,294,-133
121900228,95,148,-53
121900230,44,118,-74
121900231,115,590,-475
121900232,82,160,-78
121900233,77,109,-32
121900234,181,84,97
121900235,323,64,259
121900236,148,92,56
121900237,98,184,-86
121900238,141,199,-58
121900239,110,19,91
121900240,191,95,96
121900241,45,33,12
121900242,39,32,7
121900245,131,21,110
121900246,1876,95,1781
121900247,139,162,-23
121900248,573,606,-33
121900250,81,218,-137
121900251,234,18,216
121900252,256,73,183
121900253,107,647,-540
121900254,287,164,123
121900255,228,46,182
121900258,2158,1146,1012
121900259,195,343,-148
121900260,111,60,51
121900261,144,358,-214
121900262,227,520,-293
121900263,159,111,48
121900264,747,673,74
121900265,244,144,100
121900266,324,64,260
121900267,54,23,31
121900269,112,406,-294
121900270,19,155,-136
121900271,18,72,-54
121900273,252,1031,-779
121900274,191,160,31
121900277,233,492,-259
121900278,73,624,-551
121900279,92,102,-10
121900280,77,308,-231
121900281,120,235,-115
121900284,44,6,38
121900286,63,35,28
121900287,10,18,-8
121900288,3,1,2
121900290,157,294,-137
121900291,247,523,-276
121900292,86,103,-17
121900293,647,1921,-1274
121900294,179,4,175
121900295,88,95,-7
121900296,41,88,-47
121900298,159,641,-482
121900299,0,7,-7
121900300,47,14,33
121900301,72,1,71
121900302,1,61,-60
121900303,284,132,152
121900304,4,12,-8
121900305,0,4,-4
121900306,212,1,211
121900307,62,3,59
121900308,14,130,-116
121900309,3,79,-76
121900310,7,183,-176
121900311,315,13,302
121900312,230,7,223
121900313,285,15,270
121900314,1,26,-25
121900315,9,0,9
121900316,0,10,-10
121900317,15,4,11
121900318,2,8,-6
121900319,41,77,-36
121900320,27,38,-11
121900321,18,0,18
121900322,2,9,-7
121900323,10,13,-3
121900324,5,25,-20
121900325,13,0,13
121900326,2,13,-11
121900327,3,24,-21
121900328,0,14,-14
121900329,0,71,-71
121900330,0,81,-81
121900331,9,5,4
121900332,45,18,27
121900333,22,0,22
121900334,35,42,-7
122000001,873,3154,-2281
122000002,1484,750,734
122000003,858,1962,-1104
122000004,1464,902,562
122000005,1711,1512,199
122000006,845,723,122
122000007,559,1193,-634
122000008,1227,2489,-1262
122000009,259,276,-17
122000010,1632,1979,-347
122000011,2377,1130,1247
122000012,667,1485,-818
122000013,557,678,-121
122000014,1475,749,726
122000015,755,640,115
122000016,356,607,-251
122000017,751,760,-9
122000018,989,981,8
122000019,653,717,-64
122000020,119,180,-61
122000021,134,264,-130
122000022,743,745,-2
122000023,476,1060,-584
122000024,386,1194,-808
122000025,601,1485,-884
122000026,415,995,-580
122000027,417,887,-470
122000028,631,378,253
122000029,310,353,-43
122000030,152,130,22
122000031,136,226,-90
122000032,1527,1127,400
122000033,331,1162,-831
122000034,374,496,-122
122000035,164,539,-375
122000036,309,324,-15
122000037,236,147,89
122000038,153,229,-76
122000039,387,286,101
122000040,110,205,-95
122000041,356,382,-26
122000042,233,310,-77
122000043,63,85,-22
122000044,99,69,30
122000045,944,375,569
122000046,488,433,55
122000047,151,164,-13
122000048,1977,2662,-685
122000049,3422,2225,1197
122000050,747,614,133
122000051,133,364,-231
122000052,283,404,-121
122000053,136,810,-674
122000054,1336,1271,65
122000055,1231,2696,-1465
122000056,2221,2264,-43
122000057,1537,2762,-1225
122000058,936,1353,-417
122000059,1037,1990,-953
122000060,348,531,-183
122000061,250,388,-138
122000062,493,204,289
122000063,542,681,-139
122000064,2037,2546,-509
122000065,1823,1429,394
122000066,641,669,-28
122000067,894,844,50
122000068,880,688,192
122000069,504,455,49
122000070,512,649,-137
122000071,1263,618,645
122000072,317,392,-75
122000073,197,708,-511
122000074,1932,1015,917
122000075,533,739,-206
122000076,2794,971,1823
122000077,552,1026,-474
122000078,848,2628,-1780
122000079,397,1215,-818
122000080,364,318,46
122000081,125,152,-27
122000082,260,791,-531
122000083,1184,693,491
122000084,1220,583,637
122000085,206,463,-257
122000086,1344,3159,-1815
122000087,187,252,-65
122000088,218,259,-41
122000089,2753,1367,1386
122000090,92,359,-267
122000091,76,110,-34
122000092,48,11,37
122000093,1197,1633,-436
122000094,2773,1691,1082
122000095,647,2097,-1450
122000096,513,971,-458
122000098,1426,2094,-668
122000099,785,608,177
122000100,547,364,183
122000101,217,303,-86
122000102,1132,709,423
122000103,1018,1040,-22
122000104,405,117,288
122000105,198,177,21
122000106,271,589,-318
122000107,675,285,390
122000108,324,547,-223
122000109,340,162,178
122000110,310,405,-95
122000111,1982,912,1070
122000112,921,856,65
122000113,491,504,-13
122000114,1536,1332,204
122000115,1198,853,345
122000116,269,296,-27
122000117,645,214,431
122000118,390,371,19
122000119,1248,1084,164
122000120,614,1584,-970
122000121,602,1284,-682
122000122,336,702,-366
122000123,730,965,-235
122000124,438,304,134
122000125,289,428,-139
122000126,286,510,-224
122000127,396,581,-185
122000128,198,300,-102
122000129,347,885,-538
122000130,1522,805,717
122000131,485,462,23
122000132,129,215,-86
122000133,615,641,-26
122000134,615,532,83
122000135,384,327,57
122000136,461,395,66
122000137,1044,563,481
122000139,610,1884,-1274
122000140,413,407,6
122000141,1846,748,1098
122000142,136,511,-375
122000143,171,247,-76
122000144,696,548,148
122000145,414,392,22
122000146,276,926,-650
122000147,293,315,-22
122000148,742,1239,-497
122000149,1106,840,266
122000150,733,555,178
122000151,84,285,-201
122000152,148,230,-82
122000153,237,220,17
122000154,173,137,36
122000155,947,1494,-547
122000156,1616,1912,-296
122000157,728,1709,-981
122000158,200,377,-177
122000159,310,745,-435
122000160,1389,1123,266
122000161,689,603,86
122000162,773,1056,-283
122000163,158,78,80
122000164,27,80,-53
122000165,480,535,-55
122000166,458,771,-313
122000167,198,195,3
122000168,107,418,-311
122000169,238,124,114
122000170,286,165,121
122000171,30,74,-44
122000172,970,903,67
122000173,797,1470,-673
122000174,1523,745,778
122000175,559,215,344
122000176,240,627,-387
122000177,872,1205,-333
122000178,1826,1606,220
122000179,1070,1655,-585
122000180,895,1084,-189
122000181,1053,2232,-1179
122000182,1014,975,39
122000183,1240,652,588
122000184,1816,1908,-92
122000185,846,1420,-574
122000186,333,701,-368
122000187,1166,558,608
122000188,269,186,83
122000189,98,230,-132
122000190,566,789,-223
122000191,569,537,32
122000192,728,239,489
122000193,265,385,-120
122000194,305,120,185
122000195,120,323,-203
122000196,547,341,206
122000197,323,429,-106
122000198,265,805,-540
122000199,228,218,10
122000200,638,393,245
122000201,912,1188,-276
122000202,660,1219,-559
122000203,1354,740,614
122000204,643,989,-346
122000205,587,724,-137
122000206,1586,528,1058
122000207,1355,640,715
122000208,1408,875,533
122000209,1148,329,819
122000210,1103,900,203
122000211,727,722,5
122000212,498,373,125
122000213,685,882,-197
122000214,1294,1184,110
122000215,1346,1216,130
122000217,1059,963,96
122000218,551,39,512
122000219,615,517,98
122000220,218,370,-152
122000221,36,279,-243
122000222,363,106,257
122000223,768,270,498
122000225,523,133,390
122000226,867,935,-68
122000227,124,1237,-1113
122000228,140,163,-23
122000229,10,278,-268
122000230,37,176,-139
122000231,174,406,-232
122000232,343,393,-50
122000233,0,53,-53
122000234,338,46,292
122000235,309,57,252
122000236,735,40,695
122000237,66,36,30
122000238,165,213,-48
122000239,452,116,336
122000240,829,354,475
122000241,1147,324,823
122000242,374,66,308
122000243,191,38,153
122000244,59,142,-83
122000245,55,86,-31
122000246,284,101,183
122000247,317,216,101
122000248,473,651,-178
122000249,804,592,212
122000250,1222,664,558
122000251,119,315,-196
122000252,245,76,169
122000253,27,133,-106
122000254,168,46,122
122000255,517,656,-139
122000256,219,357,-138
122000257,102,156,-54
122000258,226,163,63
122000259,26,180,-154
122000260,1,33,-32
122000261,4,169,-165
122000262,4,45,-41
122000263,200,209,-9
122000264,794,218,576
122000265,1527,570,957
122000266,2588,424,2164
122000267,95,72,23
122000268,98,185,-87
122000269,516,181,335
122000270,326,109,217
122000271,157,593,-436
122000272,269,634,-365
122000273,258,228,30
122000274,147,123,24
122000275,41,90,-49
122000276,493,257,236
122000277,718,926,-208
122000278,1078,423,655
122000279,139,172,-33
122000280,581,288,293
122000281,538,392,146
122000282,172,256,-84
122000283,268,94,174
122000284,158,37,121
122000285,226,51,175
122000286,59,95,-36
122000287,846,855,-9
122000288,342,161,181
122000291,1513,473,1040
122000293,124,120,4
122000294,93,213,-120
122000295,757,110,647
122000296,23,361,-338
122000297,1086,2404,-1318
122000299,282,206,76
122000300,365,370,-5
122000301,3967,2071,1896
122000302,375,1157,-782
122000303,1608,776,832
122000304,82,155,-73
122000305,817,104,713
122000306,38,298,-260
122000307,69,87,-18
122000309,21,40,-19
122000310,12,70,-58
122000311,130,59,71
122000312,72,198,-126
122000313,83,58,25
122000314,115,180,-65
122000315,234,56,178
122000316,669,158,511
122000317,1192,213,979
122000318,206,563,-357
122000319,139,221,-82
122000320,246,537,-291
122000321,50,123,-73
122000322,1143,1442,-299
122000323,748,1688,-940
122000324,820,950,-130
122000325,560,1535,-975
122000326,73,50,23
122000327,240,485,-245
122000328,329,244,85
122000330,1087,606,481
122000332,140,221,-81
122000333,10,63,-53
122000337,693,500,193
122000338,287,155,132
122000340,170,598,-428
122000342,674,459,215
122000343,311,378,-67
122000344,93,19,74
122000345,15,14,1
122000346,172,164,8
122000348,419,314,105
122000349,55,219,-164
122000351,117,127,-10
122000352,233,91,142
122000353,101,52,49
122000355,113,216,-103
122000356,546,747,-201
122000357,63,16,47
122000358,0,22,-22
122000359,0,12,-12
122000360,0,21,-21
122000362,2,45,-43
122000364,105,153,-48
122000365,2,25,-23
122000366,5,3,2
122000368,292,329,-37
122000370,20,25,-5
122000371,22,0,22
122000372,5,1,4
122000381,103,199,-96
122000382,92,116,-24
122000384,1005,747,258
122000385,32,2,30
122000386,171,835,-664
122000387,253,385,-132
122000388,722,415,307
122000389,153,543,-390
122000390,234,187,47
122000391,144,230,-86
122000392,78,123,-45
122000393,35,85,-50
122000394,345,89,256
122000395,71,52,19
122000396,164,54,110
122000397,22,33,-11
122000398,21,26,-5
122000399,108,74,34
122000400,65,368,-303
122000401,79,33,46
122000402,233,97,136
122000403,316,326,-10
122000404,129,95,34
122000408,432,702,-270
122000503,8,51,-43
122000524,51,102,-51
122000544,41,1076,-1035
122000616,172,1,171
122000640,45,52,-7
122000641,127,135,-8
122000642,792,460,332
122000643,46,115,-69
122000644,56,11,45
122000645,70,148,-78
122000651,611,954,-343
122000664,99,17,82
122000665,655,350,305
122000666,408,745,-337
122000673,22,121,-99
122000674,145,47,98
122000675,1394,429,965
122000686,279,453,-174
122000687,904,158,746
122000688,145,233,-88
122000689,559,190,369
122000690,1773,190,1583
122000691,630,676,-46
122000692,603,128,475
122000693,234,616,-382
122000695,241,166,75
122000696,334,116,218
122000698,263,252,11
122000699,156,40,116
122000701,1194,210,984
122000702,352,528,-176
122000703,170,29,141
122000712,0,0,0
122000717,35,37,-2
122000718,171,561,-390
122000719,158,98,60
122000720,475,87,388
122000724,103,131,-28
122900001,12,6,6
122900002,566,3633,-3067
122900003,232,16,216
122900004,745,41,704
122900005,88,51,37
122900006,264,370,-106
122900007,50,46,4
122900008,260,60,200
122900009,319,252,67
122900010,115,76,39
122900012,110,220,-110
122900014,100,103,-3
122900015,511,561,-50
122900016,105,138,-33
122900017,195,371,-176
122900018,97,7,90
122900019,6,123,-117
122900020,135,238,-103
122900021,26,241,-215
122900022,715,470,245
122900023,319,120,199
122900024,68,57,11
122900025,9,141,-132
122900026,17,139,-122
122900027,35,387,-352
122900028,105,98,7
122900029,2710,1726,984
122900030,700,293,407
122900031,25,187,-162
122900032,59,198,-139
122900033,185,98,87
122900034,2292,2953,-661
122900035,10,20,-10
122900036,65,52,13
122900037,255,70,185
122900038,43,1736,-1693
122900039,81,417,-336
122900040,178,240,-62
122900041,219,210,9
122900042,91,193,-102
122900043,185,167,18
122900044,43,241,-198
122900045,81,81,0
122900046,94,191,-97
122900047,119,129,-10
122900048,41,129,-88
122900049,861,74,787
122900051,44,100,-56
122900052,98,91,7
122900053,16,18,-2
122900055,151,25,126
122900057,115,32,83
122900061,261,106,155
122900062,316,376,-60
122900063,107,99,8
122900064,531,198,333
122900065,365,137,228
122900066,420,240,180
122900067,499,281,218
122900068,26,51,-25
122900069,180,756,-576
122900070,229,29,200
122900071,62,193,-131
122900072,7,213,-206
122900073,28,104,-76
122900074,481,238,243
122900075,4,42,-38
122900076,7,124,-117
122900077,0,79,-79
122900078,126,46,80
122900080,24,46,-22
122900081,106,88,18
122900082,607,89,518
122900083,91,68,23
122900084,4,61,-57
122900086,4,57,-53
122900087,182,227,-45
122900088,27,201,-174
122900089,10,77,-67
122900090,12,156,-144
122900091,123,0,123
122900092,0,54,-54
122900093,1,69,-68
122900094,1,79,-78
122900095,105,4,101
122900096,243,33,210
122900097,24,20,4
122900098,27,91,-64
122900099,133,11,122
122900100,90,228,-138
122900101,271,163,108
122900102,14,18,-4
122900103,71,2,69
122900104,143,4,139
122900105,11,8,3
122900106,3,18,-15
122900107,3,50,-47
122900108,1,67,-66
123000001,767,372,395
123000002,1839,3891,-2052
123000003,2828,2949,-121
123000004,1927,2647,-720
123000005,1838,2001,-163
123000006,1519,1420,99
123000007,2828,2019,809
123000008,1791,1907,-116
123000009,3183,1988,1195
123000010,2272,2426,-154
123000011,1361,774,587
123000012,521,1541,-1020
123000013,2549,701,1848
123000014,504,2103,-1599
123000015,1441,809,632
123000016,1862,2557,-695
123000017,2421,1297,1124
123000018,53,79,-26
123000019,243,47,196
123000020,171,23,148
123000021,95,151,-56
123000022,186,1025,-839
123000023,1262,1209,53
123000024,1132,438,694
123000025,246,98,148
123000026,19,56,-37
123000027,87,396,-309
123000028,912,512,400
123000029,540,772,-232
123000030,150,79,71
123000031,155,113,42
123000032,332,71,261
123000033,221,34,187
123000034,676,494,182
123000035,252,255,-3
123000036,175,600,-425
123000037,119,114,5
123000038,44,188,-144
123000039,301,1015,-714
123000040,389,168,221
123000041,657,835,-178
123000042,406,502,-96
123000043,1444,7089,-5645
123000044,2022,1400,622
123000045,2705,1603,1102
123000046,345,877,-532
123000047,888,695,193
123000048,50,625,-575
123000049,3313,5909,-2596
123000050,1030,1023,7
123000051,49,120,-71
123000052,480,2177,-1697
123000053,1602,2034,-432
123000054,1038,822,216
123000055,987,1894,-907
123000056,738,837,-99
123000057,3735,3691,44
123000058,428,678,-250
123000059,226,320,-94
123000060,554,221,333
123000061,153,388,-235
123000063,507,602,-95
123000064,701,125,576
123000065,1897,1359,538
123000066,332,291,41
123000067,519,265,254
123000068,1271,1485,-214
123000069,3202,1439,1763
123000070,133,348,-215
123000071,976,459,517
123000072,733,360,373
123000073,1188,457,731
123000074,730,436,294
123000075,212,810,-598
123000076,475,284,191
123000077,1401,1145,256
123000078,1428,963,465
123000079,1198,1027,171
123000080,1496,790,706
123000081,92,194,-102
123000082,191,447,-256
123000083,697,199,498
123000084,475,259,216
123000085,234,32,202
123000086,455,53,402
123000087,210,90,120
123000088,739,317,422
123000089,461,667,-206
123000090,828,522,306
123000091,989,928,61
123000092,550,723,-173
123000094,319,124,195
123000095,391,388,3
123000096,599,177,422
123000097,390,297,93
123000098,577,236,341
123000099,509,335,174
123000100,313,546,-233
123000101,352,340,12
123000102,315,520,-205
123000104,252,369,-117
123000105,309,254,55
123000106,258,337,-79
123000107,215,319,-104
123000108,331,569,-238
123000111,681,235,446
123000112,803,281,522
123000113,369,456,-87
123000114,206,414,-208
123000115,156,149,7
123000116,28,58,-30
123000117,1018,771,247
123000118,310,420,-110
123000119,151,378,-227
123000120,180,384,-204
123000121,370,335,35
123000122,194,222,-28
123000123,384,367,17
123000124,273,263,10
123000125,773,784,-11
123000126,795,2574,-1779
123000127,408,352,56
123000128,177,131,46
123000129,569,135,434
123000130,550,56,494
123000131,652,566,86
123000132,214,284,-70
123000133,120,153,-33
123000134,171,60,111
123000135,1561,580,981
123000136,141,337,-196
123000137,54,123,-69
123000138,43,161,-118
123000139,383,37,346
123000140,60,299,-239
123000141,467,87,380
123000142,562,499,63
123000143,693,945,-252
123000144,4,17,-13
123000145,90,76,14
123000146,14,56,-42
123000147,58,64,-6
123000149,201,172,29
123000150,82,117,-35
123000151,154,325,-171
123000152,21,254,-233
123000153,61,560,-499
123000154,838,1268,-430
123000155,1089,763,326
123000156,13,51,-38
123000157,366,522,-156
123000158,278,416,-138
123000159,1906,1841,65
123000160,631,506,125
123000161,1046,676,370
123000162,759,1092,-333
123000163,379,52,327
123000164,1197,235,962
123000165,316,677,-361
123000166,38,68,-30
123000167,89,133,-44
123000168,190,97,93
123000169,589,88,501
123000170,79,63,16
123000171,620,13,607
123000172,102,234,-132
123000173,281,168,113
123000174,706,258,448
123000175,341,591,-250
123000176,554,160,394
123000177,199,358,-159
123000178,614,136,478
123000179,42,259,-217
123000180,1169,218,951
123000181,180,588,-408
123000182,156,106,50
123000183,137,423,-286
123000184,54,174,-120
123000185,441,193,248
123000186,3,185,-182
123000187,426,5,421
123000188,159,0,159
123000189,172,53,119
123000190,54,117,-63
123000192,17,209,-192
123000193,83,503,-420
123000194,268,159,109
123000195,242,36,206
123000196,274,28,246
123000197,72,61,11
123000198,40,1339,-1299
123000199,11,626,-615
123000200,407,4,403
123000201,928,23,905
123000202,18,425,-407
123000203,695,47,648
123000204,37,472,-435
123000205,340,748,-408
123000206,1710,198,1512
123000207,66,448,-382
123000208,417,164,253
123000209,1602,484,1118
123000210,359,1033,-674
123000211,382,1001,-619
123000212,2268,360,1908
123000213,508,73,435
123000215,49,160,-111
123000216,116,466,-350
123000217,132,20,112
123000218,45,378,-333
123000219,374,32,342
123000220,332,69,263
123000221,100,40,60
123000222,248,145,103
123000223,282,122,160
123000224,321,170,151
123000225,171,32,139
123000226,53,156,-103
123000227,48,145,-97
123000228,218,50,168
123000229,494,749,-255
123000232,62,340,-278
123000233,414,79,335
123000234,96,295,-199
123000235,812,185,627
123000236,167,302,-135
123000237,207,65,142
123000238,56,202,-146
123000239,305,509,-204
123000240,40,309,-269
123000241,217,55,162
123000242,78,101,-23
123000243,541,559,-18
123000244,666,589,77
123000245,21,107,-86
123000249,157,317,-160
123000252,696,172,524
123000253,942,325,617
123000254,438,389,49
123000255,782,606,176
123000256,19,89,-70
123000257,1298,842,456
123000258,548,354,194
123000259,283,241,42
123000260,284,157,127
123000261,198,73,125
123000262,97,97,0
123000263,377,45,332
123000264,143,57,86
123000265,34,90,-56
123000266,309,297,12
123000267,343,226,117
123000268,30,40,-10
123000269,30,69,-39
123000270,37,53,-16
123000271,53,38,15
123000272,545,222,323
123000273,193,516,-323
123000274,818,384,434
123000275,157,400,-243
123000278,1233,1453,-220
123000279,74,52,22
123000280,229,183,46
123000281,174,59,115
123000282,69,155,-86
123000283,106,50,56
123000284,58,43,15
123000286,130,221,-91
123000287,349,191,158
123000288,970,745,225
123000289,282,788,-506
123000291,182,565,-383
123000294,147,200,-53
123000295,695,744,-49
123000296,617,375,242
123000297,435,293,142
123000298,535,158,377
123000299,75,115,-40
123000300,737,492,245
123000301,92,137,-45
123000302,47,53,-6
123000303,78,111,-33
123000305,492,501,-9
123000306,93,46,47
123000309,30,40,-10
123000310,45,36,9
123000311,0,23,-23
123000312,287,293,-6
123000313,373,215,158
123000315,105,124,-19
123000316,429,205,224
123000317,159,68,91
123000318,56,117,-61
123000329,10,9,1
123000337,628,845,-217
123000338,205,127,78
123000339,232,47,185
123000340,80,163,-83
123000342,14,43,-29
123000343,24,3,21
123000344,636,190,446
123000345,278,279,-1
123000346,302,48,254
123000352,600,592,8
123000353,35,60,-25
123000354,103,0,103
123000355,1,133,-132
123000356,216,4,212
123000357,0,40,-40
123000359,0,73,-73
123000360,122,42,80
123000361,83,153,-70
123000362,317,67,250
123000363,73,109,-36
123000364,286,354,-68
123000365,14,257,-243
123000366,224,1445,-1221
123000367,155,414,-259
123000370,15,77,-62
123000371,219,13,206
123000372,162,7,155
123000373,3,124,-121
123000374,8,61,-53
123000375,256,11,245
123000376,681,388,293
123000377,336,5,331
123000378,3,116,-113
123000379,3,69,-66
123000380,9,257,-248
123000381,69,61,8
123000382,413,59,354
123000383,33,726,-693
123000384,304,79,225
123000385,61,275,-214
123000436,24,713,-689
123000507,101,164,-63
123000508,106,675,-569
123000517,160,28,132
123000518,20,152,-132
123000519,134,47,87
123000520,33,131,-98
123000521,295,39,256
123000522,77,178,-101
123000541,2,0,2
123000542,0,3,-3
123000565,777,41,736
123000566,221,201,20
123000567,55,114,-59
123000573,27,325,-298
123000574,414,40,374
123000575,986,489,497
123000576,579,636,-57
123000577,49,324,-275
123000578,255,57,198
123000579,792,3755,-2963
123000580,123,27,96
123000582,297,16,281
123000583,5,159,-154
123000584,109,162,-53
123000585,0,34,-34
123000586,42,2,40
123000596,73,55,18
123000597,51,102,-51
123000602,33,9,24
123000603,656,268,388
123000604,379,234,145
123000605,459,69,390
123000606,1,236,-235
123000609,14,157,-143
123000610,101,68,33
123000613,44,124,-80
123000614,145,29,116
123000615,55,80,-25
123000616,474,48,426
123000617,57,103,-46
123000618,42,298,-256
123000619,354,22,332
123000620,15,176,-161
123000622,275,1,274
123000624,129,47,82
123000630,1090,290,800
123000631,175,454,-279
123000632,362,396,-34
123000633,0,93,-93
123000634,26,125,-99
123000635,58,60,-2
123000636,20,216,-196
123000637,98,21,77
123000638,360,13,347
123000639,502,2963,-2461
123000640,25,259,-234
123000648,309,35,274
123000649,25,180,-155
123900001,633,36,597
123900002,21,852,-831
123900003,140,197,-57
123900005,158,120,38
123900006,235,28,207
124000001,1505,121,1384
124000002,37,734,-697
124000003,687,89,598
124000004,39,271,-232
124000005,824,432,392
124000006,141,428,-287
124000007,302,77,225
124000008,7,263,-256
124000009,536,127,409
124000010,115,188,-73
124000011,840,179,661
124000012,161,225,-64
124000017,168,83,85
124000018,94,45,49
124000019,103,72,31
124000020,28,71,-43
124000021,82,61,21
124000022,67,98,-31
124000023,913,1004,-91
124000024,770,231,539
124000025,910,1144,-234
124000026,491,645,-154
124000027,3230,3263,-33
124000028,905,2695,-1790
124000030,1458,896,562
124000031,1156,2980,-1824
124000032,1221,442,779
124000033,656,328,328
124000034,393,498,-105
124000035,247,127,120
124000036,104,284,-180
124000037,208,833,-625
124000038,10,48,-38
124000039,430,333,97
124000040,294,633,-339
124000041,287,40,247
124000042,66,215,-149
124000043,66,60,6
124000044,38,52,-14
124000045,710,260,450
124000046,146,334,-188
124000047,1260,445,815
124000048,492,427,65
124000049,1282,343,939
124000050,543,727,-184
124000051,719,313,406
124000052,355,406,-51
124000053,392,1073,-681
124000054,465,228,237
124000055,948,1990,-1042
124000056,970,783,187
124000057,802,418,384
124000058,264,650,-386
124000059,458,794,-336
124000060,490,334,156
124000061,953,4352,-3399
124000062,2488,1094,1394
124000063,786,965,-179
124000064,1001,727,274
124000065,84,338,-254
124000066,172,54,118
124000067,173,80,93
124000068,59,84,-25
124000069,489,91,398
124000070,184,243,-59
124000071,151,82,69
124000072,94,214,-120
124000073,612,95,517
124000074,134,343,-209
124000075,267,9,258
124000076,11,60,-49
124000077,781,406,375
124000078,1704,909,795
124000079,143,577,-434
124000080,446,167,279
124000081,114,249,-135
124000082,35,121,-86
124000083,45,52,-7
124000084,74,378,-304
124000085,84,39,45
124000086,31,107,-76
124000087,90,94,-4
124000088,78,218,-140
124000089,589,151,438
124000090,83,132,-49
124000091,373,78,295
124000092,89,327,-238
124000093,89,71,18
124000094,52,207,-155
124000095,70,55,15
124000096,103,95,8
124000097,65,80,-15
124000098,34,52,-18
124000099,210,69,141
124000100,45,84,-39
124000101,55,82,-27
124000102,47,10,37
124000103,115,62,53
124000104,53,20,33
124000105,80,46,34
124000106,62,21,41
124000107,10,125,-115
124000108,22,15,7
124000109,87,68,19
124000110,91,52,39
124000111,150,89,61
124000112,494,364,130
124000113,78,60,18
124000114,246,219,27
124000115,268,340,-72
124000116,59,82,-23
124000117,16,43,-27
124000118,27,48,-21
124000119,409,242,167
124000120,299,243,56
124000121,1085,603,482
124000122,296,690,-394
124000123,641,324,317
124000124,269,569,-300
124000125,310,268,42
124000126,187,353,-166
124000127,570,227,343
124000128,323,407,-84
124000129,1515,861,654
124000130,471,324,147
124000131,620,383,237
124000132,532,461,71
124000133,742,468,274
124000134,486,318,168
124000135,1127,1214,-87
124000136,437,500,-63
124000137,589,552,37
124000138,606,708,-102
124000139,267,29,238
124000140,22,223,-201
124000141,389,22,367
124000142,48,185,-137
124000143,69,8,61
124000144,4,75,-71
124000145,61,26,35
124000146,20,25,-5
124000148,8,68,-60
124000149,787,232,555
124000150,180,384,-204
124000151,621,217,404
124000152,439,652,-213
124000153,440,490,-50
124000154,175,345,-170
124000155,869,655,214
124000156,827,611,216
124000169,127,283,-156
124000170,245,258,-13
124000171,135,146,-11
124000172,166,229,-63
124000173,373,108,265
124000174,244,230,14
124000175,2,38,-36
124000176,54,13,41
124000177,6,12,-6
124000178,27,30,-3
124000190,47,37,10
124000191,44,147,-103
124000192,787,312,475
124000193,146,609,-463
124000194,207,220,-13
124000195,231,487,-256
124000196,548,491,57
124000197,26,23,3
124000198,26,34,-8
124000201,199,322,-123
124000202,441,195,246
124000203,310,176,134
124000204,787,133,654
124000205,85,185,-100
124000206,677,176,501
124000207,0,20,-20
124000209,137,167,-30
124000210,393,114,279
124000211,520,1,519
124000212,0,140,-140
124000213,408,120,288
124000214,288,201,87
124000215,321,26,295
124000216,1,143,-142
124000329,70,580,-510
124000338,63,260,-197
124000339,802,43,759
124000341,1122,34,1088
124000344,32,1,31
124000357,1048,1853,-805
124000358,726,1150,-424
124000359,1037,463,574
124000360,765,325,440
124000361,1719,872,847
124000362,714,1152,-438
124000363,178,273,-95
124000364,390,440,-50
124000365,487,632,-145
124000366,1086,604,482
124000367,65,235,-170
124000368,282,368,-86
124000369,163,73,90
124000370,58,510,-452
124000402,24,24,0
124000403,90,7,83
124000404,6,56,-50
124000405,566,464,102
124000406,452,337,115
124000407,2,17,-15
124000411,5,100,-95
124000412,286,8,278
124000413,72,20,52
124000414,53,61,-8
124000415,28,38,-10
124000416,87,61,26
124000417,167,65,102
124000418,171,58,113
124000419,73,62,11
124000420,79,32,47
124000421,30,48,-18
124000422,9,10,-1
124000423,73,19,54
124000424,7,45,-38
124000425,105,4,101
124000426,4,82,-78
124000427,88,6,82
124000428,7,44,-37
124000429,76,27,49
124000430,493,265,228
124000431,154,167,-13
124000432,141,355,-214
124000439,10,0,10
124000443,1,9,-8
124000445,268,954,-686
124000446,666,110,556
124000447,5,72,-67
124900001,582,333,249
124900002,127,129,-2
124900003,907,328,579
124900004,639,194,445
124900005,120,54,66
124900006,633,170,463
124900008,671,357,314
124900009,118,230,-112
124900010,103,99,4
124900011,331,150,181
124900012,291,74,217
124900013,370,88,282
124900014,178,46,132
124900015,74,225,-151
124900016,71,62,9
124900017,338,1265,-927
124900018,68,10,58
124900020,32,28,4
124900021,230,18,212
124900022,33,3,30
124900024,243,1,242
124900026,128,7,121
124900027,86,319,-233
124900028,158,52,106
124900029,8,316,-308
124900030,4,51,-47
124900031,11,133,-122
124900032,68,146,-78
124900033,52,114,-62
124900034,5,48,-43
124900035,79,210,-131
124900036,1,39,-38
124900037,102,84,18
124900038,147,167,-20
124900039,2,47,-45
124900040,94,44,50
124900041,207,568,-361
124900042,52,1,51
124900043,297,478,-181
124900044,79,2,77
124900045,276,637,-361
124900047,90,89,1
124900048,140,52,88
124900050,87,126,-39
124900052,85,162,-77
124900053,99,164,-65
124900054,623,268,355
124900055,0,96,-96
124900057,6,33,-27
124900060,34,101,-67
124900061,77,5,72
124900062,139,19,120
124900066,0,7,-7
124900067,6,67,-61
124900068,170,306,-136
124900070,24,18,6
124900072,62,40,22
124900075,179,120,59
124900076,17,903,-886
124900077,20,68,-48
124900078,41,12,29
124900079,218,118,100
124900080,202,266,-64
124900081,1024,215,809
124900082,296,403,-107
124900083,261,203,58
124900085,468,508,-40
124900086,53,922,-869
124900087,306,66,240
124900088,306,58,248
124900089,633,16,617
124900090,250,99,151
124900091,174,120,54
124900092,145,91,54
124900093,257,100,157
124900094,334,128,206
124900095,60,317,-257
124900096,302,97,205
124900097,261,28,233
124900098,103,161,-58
124900099,246,297,-51
124900100,217,29,188
124900101,28,203,-175
124900102,199,8,191
124900103,74,79,-5
124900104,46,68,-22
124900105,56,28,28
124900106,235,17,218
124900107,53,11,42
124900108,105,63,42
124900111,3,134,-131
124900112,52,147,-95
124900113,37,160,-123
124900114,100,79,21
124900115,31,19,12
124900116,174,157,17
124900117,133,98,35
124900118,115,306,-191
124900119,303,133,170
124900120,59,157,-98
124900121,60,238,-178
124900122,102,104,-2
124900123,181,76,105
124900124,88,214,-126
204000001,119,4,115
204000002,5,5,0
204000003,14,4,10
204000004,1,2,-1
204000005,533,401,132
204000006,978,848,130
204000011,6,22,-16
204000012,27,74,-47
204000019,605,336,269
204000020,500,289,211
204000021,711,446,265
204000022,530,264,266
204000023,461,423,38
204000031,40,7,33
204000032,273,15,258
204000034,35,67,-32
204000035,0,0,0
204000036,4,14,-10
204000037,0,15,-15
204000038,1,11,-10
204000039,3,10,-7
204000040,7,14,-7
204000041,13,6,7
204000042,28,28,0
204000043,37,2,35
204000044,19,4,15
204000045,31,1,30
204000046,6,3,3
204000057,10,5,5
204000062,32,40,-8
204000068,18,167,-149
204000069,37,242,-205
204000070,68,62,6
204000080,31,38,-7
204000085,1500,894,606
204000086,1665,1079,586
204000087,47,3,44
204000088,6,83,-77
204000090,62,126,-64
204000093,353,56,297
204000096,802,765,37
204000097,300,6,294
204000099,755,1147,-392
204000100,1102,1375,-273
204000105,1569,667,902
204000110,263,597,-334
204000111,410,312,98
204000112,371,297,74
204000113,201,345,-144
204000114,557,451,106
204000115,515,185,330
204000116,398,293,105
204000119,1457,1877,-420
204000132,561,287,274
204000133,767,162,605
204000134,175,71,104
204000135,535,25,510
204000136,483,135,348
204000138,294,415,-121
204000140,190,93,97
204000141,134,40,94
204000144,3,17,-14
204000145,350,25,325
204000146,13,191,-178
204000147,10,90,-80
204000148,166,23,143
204000154,6,4,2
204000155,1,1,0
204000177,63,31,32
204000179,51,10,41
204000180,0,34,-34
204000222,0,4,-4
204000235,6,7,-1
204000236,23,112,-89
204000238,12,18,-6
204000240,247,51,196
204000263,543,516,27
204000268,717,449,268
204000308,75,23,52
204000317,8,39,-31
204000322,7,31,-24
204000323,7,4,3
204000328,131,57,74
204000329,65,88,-23
204000330,166,30,136
204000331,53,92,-39
205000001,654,1119,-465
205000013,5,41,-36
205000014,15,53,-38
205000015,30,88,-58
205000016,11,77,-66
205000017,18,58,-40
205000022,284,527,-243
205000025,1018,695,323
205000029,217,5,212
205000045,116,764,-648
205000046,68,475,-407
205000047,31,280,-249
205000048,298,480,-182
205000049,123,542,-419
205000050,404,254,150
205000059,0,150,-150
205000060,0,89,-89
205000061,3,81,-78
205000062,2,126,-124
205000063,14,148,-134
205000064,15,75,-60
205000065,49,394,-345
205000066,121,364,-243
205000067,38,578,-540
205000069,240,17,223
205000082,103,89,14
205000110,48,165,-117
205000111,142,147,-5
205000112,138,154,-16
205000113,131,297,-166
205000121,165,33,132
205000123,32,136,-104
205000126,324,59,265
205000127,676,125,551
205000128,302,63,239
205000129,636,62,574
205000130,113,20,93
205000131,65,6,59
205000132,108,2,106
205000133,63,0,63
205000134,272,2,270
205000137,55,93,-38
205000138,63,173,-110
205000139,13,63,-50
205000144,43,79,-36
205000145,191,109,82
205000151,107,22,85
205000152,139,10,129
205000153,147,21,126
205000154,62,27,35
205000155,85,12,73
205000207,6,120,-114
205000233,33,1,32
205000234,0,1,-1
205000243,0,0,0
205000244,1,3,-2
205000245,7,64,-57
205000249,1,10,-9
205000250,5,0,5
205000264,3,59,-56
206000027,4,3,1
206000028,1,0,1
206000043,4,19,-15
206000053,3,2,1
206000054,1,16,-15
206000055,0,5,-5
206000075,2,11,-9
206000076,10,16,-6
206000077,6,3,3
206000078,15,3,12
206000079,14,3,11
206000082,306,26,280
206000100,12,236,-224
206000103,6,4,2
206000104,10,11,-1
206000105,5,5,0
206000106,5,13,-8
206000125,60,0,60
206000157,32,253,-221
206000170,2,54,-52
206000171,2,125,-123
206000172,3,100,-97
206000173,4,86,-82
206000174,4,26,-22
206000175,1,37,-36
206000176,3,30,-27
206000177,0,50,-50
206000178,0,72,-72
206000179,0,27,-27
206000180,7,43,-36
206000181,1,23,-22
206000182,3,60,-57
206000183,3,110,-107
206000184,4,105,-101
206000185,8,31,-23
206000186,67,299,-232
206000223,4,91,-87
206000226,6,1,5
206000227,6,1,5
206000237,39,142,-103
206000238,8,234,-226
206000239,129,729,-600
206000240,1,36,-35
206000241,0,45,-45
206000242,3,64,-61
206000243,2,50,-48
206000244,24,189,-165
206000245,631,45,586
206000246,242,6,236
206000247,250,7,243
206000248,330,18,312
206000252,31,27,4
206000258,17,22,-5
206000315,19,3,16
206000317,500,77,423
206000318,647,59,588
206000319,1463,44,1419
206000320,210,19,191
206000321,223,10,213
206000322,399,20,379
206000323,216,8,208
206000324,173,9,164
206000325,123,21,102
206000326,128,9,119
206000327,105,9,96
206000328,172,2,170
206000329,203,8,195
206000330,44,9,35
206000331,209,2,207
206000332,66,1,65
206000333,658,1,657
206000334,235,6,229
206000335,0,10,-10
206000361,2,121,-119
206000392,0,5,-5
206000405,119,0,119
206000441,37,13,24
206000498,32,6,26
206000515,47,24,23
206000530,278,33,245
206000531,162,183,-21
206000532,1218,265,953
206000535,53,1071,-1018
206000536,12,57,-45
206000537,9,97,-88
206000613,1375,166,1209
206000784,436,25,411
207000001,130,453,-323
207000002,67,245,-178
207000003,126,85,41
207000007,1028,156,872
207000008,102,2,100
207000009,53,46,7
207000010,232,187,45
207000012,321,135,186
207000015,156,484,-328
207000019,147,47,100
207000021,449,138,311
207000022,143,118,25
207000023,181,46,135
207000024,1,9,-8
207000025,14,58,-44
207000026,111,32,79
207000027,9,54,-45
207000028,62,117,-55
207000029,163,256,-93
207000033,142,357,-215
207000034,194,92,102
207000039,495,74,421
207000040,447,37,410
207000041,69,10,59
207000042,190,35,155
207000043,195,136,59
207000051,65,125,-60
207000052,9,77,-68
207000053,283,327,-44
207000054,31,52,-21
207000055,173,53,120
207000056,223,207,16
207000057,94,175,-81
207000058,152,145,7
207000059,70,241,-171
207000060,78,95,-17
207000061,140,657,-517
207000062,354,40,314
207000063,357,74,283
207000064,317,71,246
207000065,401,127,274
207000066,254,101,153
207000067,56,53,3
207000068,95,37,58
207000069,822,232,590
207000082,7,90,-83
207000083,53,120,-67
207000084,303,183,120
207000085,189,28,161
207000086,241,1,240
207000106,36,19,17
207000107,62,14,48
207000108,64,4,60
207000109,55,4,51
207000110,39,61,-22
207000111,57,52,5
207000112,99,497,-398
207000114,17,16,1
207000115,26,35,-9
207000116,22,226,-204
207000117,2,65,-63
207000118,4,35,-31
207000119,27,43,-16
207000123,107,12,95
207000124,75,14,61
207000125,61,18,43
207000126,50,32,18
207000134,106,81,25
207000135,42,86,-44
207000148,49,217,-168
207000149,57,16,41
207000152,75,285,-210
207000153,476,894,-418
207000154,286,104,182
207000159,75,78,-3
207000160,79,202,-123
207000238,0,104,-104
207000242,3,67,-64
207000248,13,8,5
207000249,81,21,60
207000250,249,46,203
207000251,63,51,12
207000252,37,32,5
207000278,91,91,0
207000279,38,72,-34
207000280,702,37,665
207000281,80,355,-275
207000282,72,117,-45
207000283,36,131,-95
207000284,33,252,-219
207000285,40,73,-33
207000291,17,72,-55
207000304,82,51,31
207000306,38,252,-214
207000310,103,59,44
207000353,210,1,209
207000356,4,25,-21
207000357,13,14,-1
207000358,0,9,-9
207000415,2,60,-58
207000417,37,5,32
207000418,126,78,48
207000438,0,4,-4
207000439,505,506,-1
207000446,158,3,155
207000460,35,10,25
207000466,83,86,-3
207000467,241,60,181
207000468,35,134,-99
207000476,11,36,-25
207000477,500,27,473
207000478,2,32,-30
207000523,0,21,-21
207000524,37,0,37
207000527,155,105,50
207000530,355,3,352
207000531,238,12,226
207000532,36,11,25
207000534,166,38,128
207000535,19,162,-143
207000537,13,45,-32
207000540,6,88,-82
207000541,3,197,-194
207000548,11,121,-110
207000549,212,6,206
207000561,115,111,4
207000562,25,70,-45
207000567,105,200,-95
207000568,144,19,125
207000569,342,205,137
207000584,122,88,34
207000585,29,180,-151
207000587,128,7,121
207000616,0,78,-78
207000617,141,0,141
207000624,24,19,5
207000631,8,33,-25
207900008,248,54,194
208000001,515,919,-404
208000002,555,418,137
208000003,874,218,656
208000004,694,494,200
208000005,3,12,-9
208000019,538,661,-123
208000020,158,368,-210
208000021,229,188,41
208000022,788,294,494
208000028,495,998,-503
208000033,471,378,93
208000034,722,972,-250
208000037,194,13,181
208000040,113,109,4
208000041,575,358,217
208000042,601,484,117
208000047,115,142,-27
208000064,1427,1071,356
208000066,1344,1944,-600
208000070,333,219,114
208000071,453,404,49
208000072,367,682,-315
208000080,278,217,61
208000081,299,94,205
208000082,254,132,122
208000083,135,219,-84
208000084,7,7,0
208000085,597,391,206
208000086,392,729,-337
208000087,302,468,-166
208000089,904,239,665
208000090,906,293,613
208000093,168,97,71
208000094,431,247,184
208000095,565,307,258
208000104,869,524,345
208000105,548,680,-132
208000114,113,282,-169
208000115,347,180,167
208000116,472,777,-305
208000117,121,101,20
208000118,96,114,-18
208000155,527,685,-158
208000158,974,2756,-1782
208000186,1853,3150,-1297
208000204,536,691,-155
208000205,902,588,314
208000282,2886,2200,686
209000004,328,116,212
209000005,47,17,30
209000006,364,142,222
209000007,205,245,-40
209000010,224,79,145
209000011,104,173,-69
209000012,118,84,34
209000013,139,129,10
209000014,258,378,-120
209000025,253,50,203
209000026,572,82,490
209000027,299,446,-147
209000028,164,281,-117
209000029,298,367,-69
209000030,342,548,-206
209000031,1302,883,419
209000034,153,176,-23
209000035,98,145,-47
209000036,140,74,66
209000037,275,135,140
209000038,123,115,8
209000039,60,77,-17
209000040,239,332,-93
209000041,123,270,-147
209000042,140,224,-84
209000043,460,638,-178
209000044,165,600,-435
209000045,939,247,692
209000046,406,300,106
209000047,319,111,208
209000048,495,215,280
209000049,67,55,12
209000050,187,62,125
209000051,216,136,80
209000052,114,116,-2
209000062,44,22,22
209000063,45,25,20
209000064,38,15,23
209000065,70,11,59
209000066,64,12,52
209000067,86,32,54
209000080,13,124,-111
209000082,75,20,55
209000091,8,48,-40
209000093,64,18,46
209000094,93,130,-37
209000110,47,93,-46
209000111,347,1047,-700
209000112,847,335,512
209000113,1176,408,768
209000114,518,336,182
209000115,44,61,-17
209000116,285,162,123
209000118,28,38,-10
209000119,19,6,13
209000121,107,284,-177
209000135,31,147,-116
209000142,467,1103,-636
209000143,21,29,-8
209000144,32,109,-77
209000229,214,86,128
209000240,16,146,-130
209000259,62,41,21
209000260,52,498,-446
209000261,8,222,-214
209000262,1,179,-178
209000263,0,161,-161
209000264,2,249,-247
209000265,284,0,284
209000266,106,0,106
209000267,714,6,708
209000268,469,50,419
210000037,90,16,74
210000047,68,4,64
210000048,79,10,69
210000049,37,5,32
210000052,38,38,0
210000053,18,20,-2
210000054,34,35,-1
210000070,95,1,94
210000071,51,0,51
210000072,14,0,14
210000073,0,10,-10
210000074,0,71,-71
210000075,1,89,-88
210000076,4,96,-92
210000077,3,40,-37
210000078,17,31,-14
210000079,25,7,18
210000080,56,33,23
210000081,125,14,111
210000082,75,3,72
210000083,63,3,60
210000084,31,2,29
210000085,0,38,-38
210000086,4,45,-41
210000099,26,166,-140
210000100,30,120,-90
210000101,47,123,-76
210000105,19,117,-98
210000159,0,135,-135
210000163,85,159,-74
210000164,181,131,50
210000168,80,38,42
210000187,0,12,-12
210000188,0,12,-12
210000214,16,0,16
210000219,19,34,-15
210000220,65,22,43
210000232,1,11,-10
210000233,17,38,-21
210000234,15,64,-49
210000235,43,33,10
210000245,0,14,-14
210000246,33,15,18
210000258,12,56,-44
210000259,210,40,170
210000282,55,167,-112
210000285,1,71,-70
210000286,15,104,-89
210000290,1,4,-3
210000295,28,69,-41
210000296,25,19,6
210000320,152,40,112
210000321,131,28,103
210000338,31,47,-16
210000339,141,729,-588
210000340,94,223,-129
210000341,158,226,-68
210000342,192,188,4
210000343,136,161,-25
210000344,113,84,29
210000345,116,164,-48
210000346,46,91,-45
210000347,28,36,-8
210000348,78,18,60
210000349,37,19,18
210000350,135,64,71
210000351,154,55,99
210000352,56,37,19
210000353,44,38,6
210000354,40,45,-5
210000355,44,53,-9
210000356,18,53,-35
210000357,45,44,1
210000358,160,103,57
210000359,41,53,-12
210000360,124,93,31
210000361,117,109,8
210000362,201,146,55
210000363,422,176,246
210000364,85,94,-9
210000365,113,48,65
210000366,108,37,71
210000367,69,23,46
210000368,129,22,107
210000369,26,18,8
210000370,50,19,31
210000372,6,28,-22
210000373,14,18,-4
210000374,48,27,21
210000375,30,39,-9
210000376,55,59,-4
210000404,57,71,-14
210000439,20,18,2
210000472,56,1,55
210000482,59,83,-24
210000564,131,191,-60
210000567,1,27,-26
210000568,161,0,161
211000092,30,36,-6
211000094,17,3,14
211000169,145,6,139
211000172,16,149,-133
211000209,2,9,-7
211000226,2,15,-13
211000270,19,12,7
211000275,14,7,7
211000276,53,13,40
211000279,22,19,3
211000281,60,30,30
211000302,21,25,-4
211507980,0,54,-54
211977296,57,2,55
212000003,132,27,105
212000004,13,19,-6
212000005,15,20,-5
212000006,21,37,-16
212000008,135,93,42
212000009,33,89,-56
212000012,72,40,32
212000013,47,32,15
212000014,181,90,91
212000015,247,150,97
212000016,408,342,66
212000027,444,229,215
212000028,299,207,92
212000029,210,155,55
212000030,33,11,22
212000031,52,31,21
212000048,21,131,-110
212000049,22,117,-95
212000050,21,9,12
212000051,129,116,13
212000052,152,134,18
212000053,291,296,-5
212000054,350,91,259
212000055,285,113,172
212000056,22,16,6
212000057,14,31,-17
212000058,100,33,67
212000070,104,103,1
212000077,113,287,-174
212000099,219,184,35
212000108,139,113,26
212000111,142,68,74
212000120,87,38,49
212000138,109,34,75
212000156,2,66,-64
212000158,10,17,-7
212000159,419,54,365
212000160,724,162,562
212000161,64,6,58
212000310,28,6,22
212000311,8,34,-26
212000374,30,7,23
213000001,36,204,-168
213000005,292,92,200
213000006,616,231,385
213000007,55,8,47
213000009,406,321,85
213000010,171,228,-57
213000011,157,59,98
213000012,129,167,-38
213000014,64,7,57
213000015,188,7,181
213000016,289,2,287
213000017,53,0,53
213000018,1,62,-61
213000019,2,66,-64
213000020,97,247,-150
213000021,4,64,-60
213000023,296,137,159
213000033,216,1185,-969
213000034,447,158,289
213000035,72,133,-61
213000045,123,175,-52
213000046,161,102,59
213000047,358,899,-541
213000056,106,28,78
213000069,97,4,93
213000073,2,52,-50
213000074,65,289,-224
213000075,366,6,360
213000076,25,1,24
213000085,5,25,-20
213000086,13,147,-134
213000091,170,14,156
213000092,38,3,35
213000099,140,816,-676
213000100,841,184,657
213000101,322,80,242
213000102,373,130,243
213000103,572,466,106
213000104,69,212,-143
213000105,9,170,-161
213000106,28,69,-41
213000107,176,303,-127
213000108,33,244,-211
213000109,5,175,-170
213000110,13,63,-50
213000111,5,62,-57
213000112,151,80,71
213000115,37,8,29
213000116,74,209,-135
213000117,4,357,-353
213000118,556,203,353
213000119,52,386,-334
213000120,79,218,-139
213000122,82,271,-189
213000123,232,578,-346
213000124,101,598,-497
213000125,113,21,92
213000126,25,69,-44
213000127,68,112,-44
213000128,220,613,-393
213000129,217,598,-381
213000130,552,263,289
213000132,345,76,269
213000133,512,62,450
213000134,708,23,685
213000136,384,22,362
213000137,617,49,568
213000139,267,18,249
213000147,63,8,55
213000148,13,14,-1
213000149,23,7,16
213000150,2,161,-159
213000151,6,145,-139
213000152,6,122,-116
213000153,0,181,-181
213000154,44,118,-74
213000155,33,116,-83
213000156,97,282,-185
213000157,486,234,252
213000158,247,608,-361
213000159,429,264,165
213000163,714,70,644
213000165,601,149,452
213000171,0,33,-33
213000172,2,115,-113
213000173,1,81,-80
213000174,2,61,-59
213000175,18,22,-4
213000176,44,31,13
213000177,85,6,79
213000178,170,0,170
213000179,240,0,240
213000180,170,0,170
213000184,68,299,-231
213000188,227,64,163
213000189,297,39,258
213000190,563,452,111
213000191,241,189,52
213000192,189,179,10
213000193,450,140,310
213000194,2,100,-98
213000195,10,284,-274
213000196,223,846,-623
213000197,326,339,-13
213000198,20,2,18
213000200,90,492,-402
213000201,33,41,-8
213000202,15,327,-312
213000203,1854,419,1435
213000204,641,59,582
213000205,245,54,191
213000206,314,19,295
213000207,107,5,102
213000208,32,6,26
213000209,84,3,81
213000210,216,2,214
213000211,8,23,-15
213000212,14,23,-9
213000213,27,104,-77
213000218,178,298,-120
213000219,394,14,380
213000220,298,7,291
213000223,150,208,-58
213000224,30,50,-20
213000225,35,10,25
213000226,76,10,66
213000227,719,157,562
213000228,411,94,317
213000229,93,26,67
213000230,439,19,420
213000232,40,680,-640
213000233,10,122,-112
213000234,4,66,-62
213000293,4,101,-97
213000294,78,36,42
213000295,12,105,-93
213000296,29,15,14
213000297,5,54,-49
213000298,12,57,-45
213000299,21,18,3
213000300,12,11,1
213000303,9,14,-5
213000304,0,8,-8
213000305,2,21,-19
213000306,39,38,1
213000307,60,56,4
213000308,83,70,13
213000309,111,36,75
213000310,344,123,221
213000311,191,562,-371
213000315,50,56,-6
213000316,132,34,98
213000322,74,72,2
213000323,77,43,34
213000324,50,22,28
213000325,35,39,-4
213000326,12,16,-4
213000327,17,18,-1
213000328,19,106,-87
213000329,73,6,67
213000340,126,273,-147
213000341,409,57,352
213000346,137,185,-48
213000347,401,307,94
213000348,4,193,-189
213000349,18,19,-1
213000350,293,483,-190
213000366,61,121,-60
213000367,224,11,213
213000379,32,72,-40
213000386,10,184,-174
213000406,86,252,-166
213000417,956,310,646
213000425,181,31,150
213000426,134,30,104
213000427,47,133,-86
213000428,28,87,-59
213000429,7,5,2
213000430,57,245,-188
213000431,35,1,34
213000432,2,29,-27
213000433,14,106,-92
213000434,57,61,-4
213000435,112,34,78
213000436,57,32,25
213000437,0,3,-3
213000438,146,39,107
213000439,36,13,23
213000440,4,246,-242
213000441,0,3,-3
213000442,0,41,-41
213000443,307,192,115
213000444,39,12,27
213000445,0,40,-40
213000446,3,29,-26
213000447,1,31,-30
213000448,9,139,-130
213000449,333,4,329
213000450,18,19,-1
213000451,188,46,142
213000452,9,10,-1
213000453,25,127,-102
213000455,151,3,148
213000456,3,293,-290
213000481,14,6,8
213000482,23,3,20
213000489,150,26,124
213000491,5,219,-214
213000492,120,11,109
213000493,0,174,-174
213000494,153,58,95
213000495,0,44,-44
213000496,313,111,202
213000497,53,186,-133
213000498,116,88,28
213000499,123,166,-43
213000500,428,54,374
213000501,127,10,117
213000502,128,56,72
213000503,5,35,-30
213000504,8,48,-40
213000505,11,7,4
213000506,0,10,-10
213000507,2,89,-87
213900244,49,0,49
213900245,0,19,-19
218000003,40,14,26
218000004,13,26,-13
218000005,22,43,-21
218000006,33,23,10
218000007,13,9,4
218000012,77,85,-8
218000013,85,84,1
218000014,237,240,-3
218000019,427,308,119
218000020,174,229,-55
218000021,18,22,-4
218000022,7,10,-3
218000023,0,5,-5
218000024,0,4,-4
218000025,3,6,-3
218000026,2,14,-12
218000027,0,1,-1
218000028,1,1,0
218000029,0,5,-5
218000030,20,15,5
218000031,4,8,-4
218000032,2,13,-11
218000040,0,2,-2
218000046,60,32,28
218000047,8,77,-69
218000048,37,51,-14
218000049,68,53,15
218000050,267,131,136
218000051,47,133,-86
218000052,0,66,-66
218000053,2,4,-2
218000054,7,41,-34
218000055,5,16,-11
218000056,16,25,-9
218000057,2,15,-13
218000064,0,5,-5
218000065,55,19,36
218000066,10,25,-15
218000067,74,26,48
218000068,64,26,38
218000069,199,53,146
218000070,181,137,44
218000071,145,89,56
218000072,141,117,24
218000078,702,358,344
218000079,119,39,80
218000080,86,32,54
218000081,411,132,279
218000082,51,59,-8
218000083,54,46,8
218000084,97,59,38
218000085,124,175,-51
218000086,52,63,-11
218000087,143,74,69
218000090,5,75,-70
218000091,832,352,480
218000092,60,131,-71
218000093,81,40,41
218000094,330,358,-28
218000099,182,423,-241
218000100,192,171,21
218000101,249,70,179
218000102,320,95,225
218000103,72,45,27
218000104,58,25,33
218000105,11,17,-6
218000106,11,4,7
218000107,63,34,29
218000108,3,19,-16
218000112,42,17,25
218000117,37,50,-13
218000134,412,324,88
218000135,18,101,-83
218000136,159,138,21
218000137,170,132,38
218000138,30,111,-81
218000139,192,237,-45
218000140,397,219,178
218000141,82,39,43
218000142,227,101,126
218000143,67,243,-176
218000144,36,85,-49
218000145,435,219,216
218000146,89,135,-46
218000151,7,7,0
218000152,68,20,48
218000153,9,4,5
218000154,7,1,6
218000155,21,3,18
218000156,75,10,65
218000157,25,8,17
218000158,8,1,7
218000159,3,6,-3
218000160,4,4,0
218000161,23,1,22
218000162,19,2,17
218000163,5,1,4
218000164,24,1,23
218000165,39,6,33
218000170,2,23,-21
218000171,37,14,23
218000172,3,8,-5
218000173,11,14,-3
218000174,17,4,13
218000176,124,34,90
218000177,279,156,123
218000178,55,123,-68
218000179,85,35,50
218000180,71,28,43
218000181,159,18,141
218000187,5,28,-23
218000188,20,48,-28
218000189,24,66,-42
218000190,19,15,4
218000191,170,15,155
218000192,149,87,62
218000193,293,213,80
218000194,75,188,-113
218000195,95,51,44
218000196,265,182,83
218000197,354,206,148
218000198,28,73,-45
218000199,30,9,21
218000200,71,32,39
218000201,16,5,11
218000202,38,214,-176
218000207,4,8,-4
218000208,14,19,-5
218000211,22,17,5
218000212,1,8,-7
218000213,60,70,-10
218000214,4,32,-28
218000215,12,17,-5
218000217,5,70,-65
218000218,156,65,91
218000219,14,9,5
218000220,59,243,-184
218000221,340,132,208
218000222,5,28,-23
218000223,24,244,-220
218000224,10,87,-77
218000225,148,10,138
218000226,122,29,93
218000230,1,4,-3
218000232,21,16,5
218000239,101,18,83
218000240,7,2,5
218000241,19,3,16
218000242,6,1,5
218000243,21,2,19
218000244,26,9,17
218000245,32,6,26
218000246,0,1,-1
218000247,0,1,-1
218000248,0,22,-22
218000249,0,5,-5
218000250,2,6,-4
218000251,2,105,-103
218000252,10,306,-296
218000253,1,279,-278
218000254,2,85,-83
218000255,3,62,-59
218000256,7,138,-131
218000267,218,593,-375
218000268,16,37,-21
218000269,5,7,-2
218000270,86,34,52
218000271,13,26,-13
218000273,21,0,21
218000274,16,3,13
218000275,16,24,-8
218000276,11,20,-9
218000278,15,36,-21
218000279,78,24,54
218000280,5,25,-20
218000281,24,11,13
218000282,427,456,-29
218000284,63,6,57
218000301,83,110,-27
218000302,103,34,69
218000303,21,59,-38
218000316,544,449,95
218000317,1128,463,665
218000318,751,351,400
218000319,817,455,362
218000320,700,343,357
218000338,36,30,6
218000345,57,46,11
218000346,22,117,-95
218000459,28,123,-95
218000490,21,45,-24
218000501,62,15,47
218000502,54,28,26
218000503,82,17,65
218000504,137,28,109
218000505,28,60,-32
218000506,28,201,-173
218000508,1,4,-3
218000510,81,9,72
218000520,95,77,18
218000521,12,37,-25
218000522,0,122,-122
218000523,141,13,128
218000524,10,271,-261
218000525,111,27,84
218000526,13,224,-211
218000529,34,65,-31
218000530,6,1,5
218000531,6,6,0
218000532,9,5,4
218000534,126,18,108
218000537,22,39,-17
218000538,79,193,-114
218000540,83,91,-8
218000543,131,34,97
218000544,6,66,-60
218000545,83,42,41
218000546,39,45,-6
218000547,65,146,-81
218000548,67,64,3
218000549,336,343,-7
218000550,108,187,-79
218000551,59,551,-492
218000552,191,42,149
218000553,61,205,-144
218000554,28,41,-13
218000555,19,21,-2
218000556,180,117,63
218000557,233,116,117
218000558,64,0,64
218000559,0,47,-47
218000560,0,57,-57
218000561,20,0,20
218000562,18,179,-161
218000563,195,32,163
218000564,3,120,-117
218000565,93,58,35
218000566,133,41,92
218000567,0,105,-105
218000568,33,6,27
218000569,2,176,-174
218000570,54,15,39
218000571,0,111,-111
218000572,113,3,110
218000573,3,357,-354
218000574,46,26,20
218000575,105,0,105
218000576,2,92,-90
218000577,37,0,37
218000578,0,60,-60
218000579,14,5,9
218000581,9,46,-37
218000582,57,1,56
218000583,11,0,11
218000584,0,21,-21
218000585,45,5,40
218000586,7,28,-21
218000587,0,0,0
218000588,1,8,-7
218000589,0,12,-12
218000590,7,4,3
218000591,2,1,1
218000592,2,4,-2
218000593,1,2,-1
218000594,1,2,-1
218000597,0,2,-2
218000598,0,1,-1
218000599,0,2,-2
218000600,1,1,0
218000601,0,3,-3
218000602,0,3,-3
218000603,0,7,-7
218000604,4,0,4
218000605,0,51,-51
218000606,62,4,58
218000607,15,19,-4
218000608,39,17,22
218000609,8,52,-44
218000610,58,11,47
218000611,10,1,9
218000612,0,15,-15
218000613,22,0,22
218000614,0,35,-35
218000615,100,0,100
218000616,10,79,-69
218000617,8,0,8
218000618,1,27,-26
218000619,13,15,-2
218000620,4,10,-6
218000621,0,1,-1
218000622,0,8,-8
218000623,10,0,10
218000624,0,14,-14
218000625,15,1,14
218000626,0,7,-7
218000628,134,37,97
218000631,43,16,27
218000632,1,93,-92
218000633,46,5,41
218000634,9,19,-10
218000635,9,9,0
218000636,580,535,45
218000637,912,272,640
218000638,147,10,137
218000639,10,55,-45
218000640,231,25,206
218000641,44,108,-64
218000652,26,28,-2
218000653,155,23,132
218000663,10,99,-89
218000675,148,48,100
218000676,4,3,1
218000677,12,3,9
218000680,175,189,-14
218000681,328,147,181
218000691,190,85,105
218000693,243,89,154
218000703,1,8,-7
218000718,68,536,-468
218000719,133,314,-181
218000720,37,521,-484
218000721,197,40,157
218000725,5,6,-1
218001147,4,59,-55
218001214,8,36,-28
218001258,151,4,147
218001329,122,109,13
218001330,113,39,74
218001351,38,20,18
218001352,15,32,-17
218001353,14,8,6
218001354,5,23,-18
218001355,10,79,-69
218001356,332,10,322
218001357,35,53,-18
218001358,265,15,250
218001361,308,2,306
218001362,0,47,-47
219000001,22,16,6
219000002,18,39,-21
219000003,38,18,20
219000004,35,29,6
219000017,40,13,27
219000020,145,37,108
219000022,108,4,104
219000023,66,1,65
219000029,0,43,-43
219000034,34,20,14
219000039,90,77,13
219000040,42,31,11
219000041,93,12,81
219000051,0,30,-30
219000052,0,14,-14
219000053,1,64,-63
219000054,3,38,-35
219000055,198,2,196
219000056,4,0,4
219000057,52,0,52
219000062,28,33,-5
219000063,63,2,61
219000064,1,31,-30
219000110,284,52,232
219000111,67,39,28
219000112,146,35,111
219000113,96,33,63
219000114,85,45,40
219000116,57,28,29
219000117,83,65,18
219000118,80,32,48
219000123,107,31,76
219000124,63,35,28
219000125,8,9,-1
219000126,64,98,-34
219000127,0,4,-4
219000128,7,65,-58
219000129,25,75,-50
219000130,219,387,-168
219000131,460,640,-180
219000133,20,54,-34
219000134,8,19,-11
219000135,18,32,-14
219000136,64,151,-87
219000138,51,14,37
219000139,23,18,5
219000140,80,2,78
219000141,25,36,-11
219000142,16,19,-3
219000143,13,44,-31
219000145,10,24,-14
219000146,3,12,-9
219000147,4,15,-11
219000148,2,5,-3
219000149,10,22,-12
219000150,1,19,-18
219000151,3,14,-11
219000157,169,77,92
219000158,95,110,-15
219000161,89,8,81
219000163,748,279,469
219000166,86,125,-39
219000167,85,87,-2
219000168,223,77,146
219000174,391,101,290
219000175,79,8,71
219000176,118,8,110
219000177,46,5,41
219000178,53,0,53
219000179,23,2,21
219000180,18,25,-7
219000182,132,15,117
219000183,43,17,26
219000184,86,13,73
219000185,0,15,-15
219000186,49,10,39
219000187,20,30,-10
219000189,50,160,-110
219000190,37,182,-145
219000191,295,1041,-746
219000192,125,83,42
219000193,110,90,20
219000195,2,16,-14
219000196,3,76,-73
219000198,11,44,-33
219000199,15,100,-85
219000200,23,52,-29
219000201,39,99,-60
219000203,18,66,-48
219000204,55,177,-122
219000205,28,122,-94
219000207,97,136,-39
219000209,22,33,-11
219000210,37,47,-10
219000213,11,76,-65
219000239,110,168,-58
219000240,176,238,-62
219000241,101,88,13
219000242,34,102,-68
219000243,49,181,-132
219000244,9,42,-33
219000245,20,39,-19
219000246,25,21,4
219000247,194,21,173
219000248,347,279,68
219000249,126,74,52
219000250,138,66,72
219000251,410,167,243
219000252,197,129,68
219000253,276,59,217
219000255,101,67,34
219000256,237,64,173
219000257,112,0,112
219000262,47,59,-12
219000263,32,62,-30
219000267,2,41,-39
219000268,6,6,0
219000269,4,5,-1
219000270,4,0,4
219000271,146,9,137
219000278,0,1,-1
219000279,2,3,-1
219000283,0,5,-5
219000295,6,50,-44
219000296,43,170,-127
219000297,12,64,-52
219000298,6,43,-37
219000299,306,58,248
219000300,18,71,-53
219000301,133,236,-103
219000302,31,106,-75
219000307,21,30,-9
219000308,43,29,14
219000311,122,44,78
219000312,463,129,334
219000313,278,42,236
219000314,30,152,-122
219000315,274,16,258
219000316,402,27,375
219000317,120,10,110
219000320,0,67,-67
219000321,0,21,-21
219000323,1,42,-41
219000325,0,3,-3
219000326,30,23,7
219000327,56,34,22
219000328,9,63,-54
219000329,228,91,137
219000330,28,13,15
219000331,18,12,6
219000332,107,66,41
219000333,18,7,11
219000335,74,0,74
219000337,14,1,13
219000338,29,0,29
219000344,8,40,-32
219000345,28,31,-3
219000346,15,50,-35
219000348,113,53,60
219000349,50,88,-38
219000350,79,127,-48
219000351,3,5,-2
219000352,302,45,257
219000353,75,29,46
219000354,135,52,83
219000355,110,27,83
219000356,472,1028,-556
219000363,138,54,84
219000364,63,38,25
219000365,134,20,114
219000366,159,259,-100
219000368,313,384,-71
219000370,629,486,143
219000371,5,11,-6
219000382,6,8,-2
219000383,290,820,-530
219000385,277,379,-102
219000386,445,1058,-613
219000387,2,5,-3
219000390,4,1,3
219000391,1,3,-2
219000397,27,39,-12
219000398,36,20,16
219000401,8,72,-64
219000402,23,30,-7
219000403,116,226,-110
219000404,16,83,-67
219000407,5,21,-16
219000409,34,32,2
219000410,54,33,21
219000411,44,9,35
219000446,67,211,-144
219000447,3,12,-9
219000448,10,6,4
219000452,53,57,-4
219000453,34,169,-135
219000454,104,213,-109
219000556,199,48,151
219000558,87,83,4
219000590,18,106,-88
219000591,103,74,29
219000592,57,176,-119
219000595,0,4,-4
219000635,165,31,134
219000636,16,29,-13
219000657,15,11,4
219000658,20,39,-19
219000673,1,13,-12
219000676,5,1,4
219000679,27,6,21
219000684,65,2,63
219000685,2,19,-17
219000686,0,0,0
219000688,0,29,-29
219000689,16,114,-98
219000690,144,21,123
219000691,34,108,-74
219000692,116,24,92
219000693,0,10,-10
219000694,6,0,6
219000695,31,2,29
219000698,12,0,12
219000699,0,13,-13
219000727,2,38,-36
219000728,33,0,33
219000770,27,1,26
219000771,0,20,-20
219000788,226,155,71
219001150,0,27,-27
219001151,1,1,0
219001166,21,28,-7
219001167,4,64,-60
219001178,36,1,35
220000001,22,51,-29
220000002,6,69,-63
220000003,172,85,87
220000004,223,154,69
220000005,432,747,-315
220000006,107,392,-285
220000007,311,204,107
220000008,215,381,-166
220000009,186,193,-7
220000010,137,75,62
220000011,235,1806,-1571
220000012,39,184,-145
220000014,71,59,12
220000015,55,237,-182
220000017,41,120,-79
220000018,2446,1115,1331
220000019,76,256,-180
220000020,334,154,180
220000021,523,117,406
220000022,634,231,403
220000023,283,88,195
220000024,866,287,579
220000025,489,808,-319
220000026,190,252,-62
220000027,12,59,-47
220000028,19,53,-34
220000029,57,67,-10
220000030,36,59,-23
220000031,348,244,104
220000064,22,556,-534
221000046,6,0,6
221000047,0,1,-1
221000048,0,0,0
221000049,0,9,-9
221000050,14,0,14
221000055,34,41,-7
221000057,54,6,48
221000068,223,97,126
221000069,266,47,219
221000070,208,16,192
221000071,84,5,79
221000072,170,17,153
221000073,133,22,111
221000074,1,19,-18
221000075,15,17,-2
221000076,11,29,-18
221000077,14,45,-31
221000081,9,5,4
221000082,58,5,53
221000083,18,0,18
221000084,11,2,9
221000085,10,34,-24
221000086,15,61,-46
221000087,1,92,-91
221000088,11,112,-101
221000089,20,215,-195
221000090,90,349,-259
221000098,106,5,101
221000099,130,8,122
221000100,79,5,74
221000101,192,18,174
221000102,101,9,92
221000109,3,68,-65
221000110,12,44,-32
221000111,15,97,-82
221000112,3,81,-78
221000113,14,72,-58
221000114,12,87,-75
221000120,52,33,19
221000121,3,37,-34
221000122,42,26,16
221000123,15,22,-7
221000124,29,56,-27
221000155,93,13,80
221000156,68,25,43
221000175,1,17,-16
221000176,1,2,-1
221000182,42,6,36
221000241,506,178,328
221000242,112,312,-200
221000243,436,109,327
221000244,254,283,-29
221000245,101,111,-10
221000246,41,165,-124
221000247,107,74,33
221000248,107,84,23
221000267,40,351,-311
221000325,50,46,4
221000331,4,29,-25
221000338,9,21,-12
221000378,154,38,116
221000381,30,25,5
222000282,4,18,-14
222000296,2,13,-11
222000568,277,14,263
222000569,180,29,151
222000570,103,16,87
222000571,355,18,337
222000577,9,60,-51
222000578,9,99,-90
222000579,15,110,-95
222000580,60,388,-328
222000599,1,70,-69
222000600,1,130,-129
222000601,4,481,-477
222000603,7,45,-38
222000604,7,49,-42
222000605,17,33,-16
222000606,1,18,-17
222000607,6,6,0
222000608,28,8,20
222000609,45,63,-18
222000616,357,25,332
222000617,4,24,-20
222000618,9,6,3
222000620,10,14,-4
222000621,20,18,2
222000623,451,9,442
222000624,399,2,397
222000625,402,2,400
222000636,53,1,52
222000686,30,34,-4
222000687,63,39,24
222001066,156,2,154
222001067,8,2,6
222001068,46,4,42
222001069,43,22,21
222001082,29,21,8
222001083,17,26,-9
222001084,0,28,-28
222001085,0,85,-85
222001111,34,77,-43
222001112,145,13,132
222001313,19,8,11
222001314,8,88,-80
222001464,168,34,134
222001465,20,72,-52
222001484,162,35,127
222001485,26,29,-3
222001494,468,118,350
222001495,74,92,-18
222001496,280,66,214
222001497,85,181,-96
222001502,18,50,-32
222001503,100,32,68
222001504,36,169,-133
222001505,269,8,261
222001506,26,235,-209
222001507,183,15,168
222001510,407,14,393
222001511,31,137,-106
222001514,486,126,360
222001515,129,222,-93
222001518,326,39,287
222001519,53,89,-36
222001527,151,35,116
222001528,15,63,-48
222001529,273,18,255
222001530,47,64,-17
222001533,70,120,-50
222001534,307,46,261
222001535,220,216,4
222001536,31,98,-67
222001537,274,50,224
222001538,54,181,-127
222001563,739,65,674
222001564,40,189,-149
222001568,184,175,9
222001576,2,4,-2
222001579,0,19,-19
222001583,11,77,-66
222001584,79,14,65
222001596,249,629,-380
222001597,908,184,724
222001626,0,70,-70
222001650,34,98,-64
222001651,50,197,-147
222001914,146,21,125
222001915,20,110,-90
222001968,382,257,125
222001969,265,257,8
222001970,127,236,-109
222001971,16,1,15
222001972,0,2,-2
225000001,266,122,144
225000002,449,114,335
225000003,484,64,420
225000004,307,71,236
225000005,81,29,52
225000006,0,93,-93
225000007,725,894,-169
225000010,181,19,162
225000011,168,766,-598
225000012,169,431,-262
225000013,43,73,-30
225000014,495,63,432
225000015,78,96,-18
225000021,544,121,423
225000027,118,239,-121
225000032,464,79,385
225000042,37,325,-288
225000049,39,37,2
225000050,60,7,53
225000053,12,149,-137
225000058,517,135,382
225000067,81,110,-29
225000068,58,124,-66
225000069,61,250,-189
225000070,48,184,-136
225000071,33,78,-45
225000075,11,323,-312
225000076,33,86,-53
225000078,29,25,4
225000085,90,101,-11
225000086,194,35,159
225000087,91,9,82
225000088,9,104,-95
225000089,149,696,-547
225000090,18,266,-248
225000091,117,58,59
225000092,21,69,-48
225000093,138,168,-30
225000094,9,120,-111
225000095,266,217,49
225000096,215,304,-89
225000098,584,227,357
225000099,287,135,152
225000100,275,90,185
225000104,74,262,-188
225000110,1,187,-186
225000111,134,479,-345
225000112,175,620,-445
225000113,169,327,-158
225000114,65,122,-57
225000115,722,405,317
225000116,576,135,441
225000117,583,145,438
225000118,739,154,585
225000119,143,55,88
225000120,531,20,511
225000121,141,13,128
225000123,339,11,328
225000125,421,92,329
225000126,503,119,384
225000127,437,951,-514
225000128,422,619,-197
225000132,291,29,262
225000133,168,29,139
225000134,443,106,337
225000135,50,9,41
225000136,236,4,232
225000137,186,21,165
225000138,308,56,252
225000143,38,110,-72
225000144,5,175,-170
225000145,16,15,1
225000146,42,38,4
225000147,17,115,-98
225000148,1,88,-87
225000149,38,192,-154
225000151,14,47,-33
225000155,360,258,102
225000156,108,520,-412
225000157,174,222,-48
225000158,31,102,-71
225000171,6,95,-89
225000180,27,0,27
225000181,0,61,-61
225000182,67,2,65
225000185,4,261,-257
225000187,30,199,-169
225000191,35,4,31
225000194,0,11,-11
225000208,2,24,-22
225000209,54,4,50
225000210,1,136,-135
225000217,0,7,-7
225000218,5,1,4
225000223,0,55,-55
225000224,21,0,21
225000225,0,17,-17
225000226,14,0,14
225000227,21,47,-26
225000228,6,3,3
225000229,0,36,-36
225000230,10,0,10
225000231,0,22,-22
225000232,114,0,114
225000241,41,1,40
225000242,0,28,-28
225000249,9,0,9
225000250,24,280,-256
225000251,223,21,202
226000042,117,224,-107
226000043,31,186,-155
226000044,59,191,-132
226000045,39,132,-93
226000046,329,32,297
226000047,297,68,229
226000048,288,75,213
226000049,185,142,43
226000070,0,24,-24
226000071,0,39,-39
226000072,0,8,-8
226000073,1,6,-5
226000074,0,15,-15
226000084,0,19,-19
226000085,1,4,-3
226000086,2,17,-15
226000087,3,10,-7
226000088,20,9,11
226000090,45,102,-57
226000091,9,34,-25
226000092,7,5,2
226000093,25,5,20
226000094,9,3,6
226000095,12,5,7
226000105,7,1,6
226000106,9,0,9
226000107,10,0,10
226000108,18,0,18
226000109,74,0,74
226000124,77,36,41
226000134,642,294,348
226000135,1042,382,660
226000136,401,298,103
226000137,21,129,-108
226000138,7,63,-56
226000139,9,23,-14
226000156,159,7,152
226000157,173,5,168
226000163,29,41,-12
226000202,8,95,-87
226000231,450,8,442
226000232,14,6,8
227000033,326,50,276
227000036,401,31,370
227000037,320,17,303
227000038,140,21,119
227000049,0,28,-28
227000050,0,47,-47
227000055,53,2,51
227000056,19,1,18
227000084,2,70,-68
227000085,1,59,-58
227000088,36,4,32
227000089,86,1,85
227000090,32,2,30
227000091,12,0,12
227000093,127,1,126
227000094,13,0,13
227000130,21,152,-131
227000131,24,112,-88
227000132,11,100,-89
227000133,5,94,-89
227000134,20,215,-195
227000152,0,5,-5
227000153,0,77,-77
227000155,2,13,-11
227000156,1,21,-20
227000165,2,126,-124
227000196,253,85,168
227000199,304,175,129
227000230,7,179,-172
227000232,376,8,368
227000242,60,300,-240
227000243,377,80,297
227000245,15,180,-165
227000246,102,250,-148
227000247,349,63,286
227000248,117,48,69
227000249,25,93,-68
227000250,282,158,124
227000251,70,166,-96
227000252,26,148,-122
227000253,169,22,147
227000262,422,60,362
227000266,980,22,958
227000267,12,634,-622
227000282,1,78,-77
227000284,443,12,431
227000286,5,37,-32
227000287,9,34,-25
227000291,3,177,-174
227000484,209,5,204
227000485,11,431,-420
227000655,120,4,116
227000656,488,11,477
227000657,56,8,48
227000661,245,12,233
227000680,80,28,52
229000265,19,10,9
229000296,0,6,-6
229000297,2,25,-23
229000298,3,74,-71
229000320,10,2,8
229000321,6,5,1
229000412,19,34,-15
229000414,6,34,-28
229000415,17,1,16
229000416,2,4,-2
229000417,2,6,-4
229000419,63,233,-170
229000440,292,76,216
229000442,15,1,14
229000443,5,4,1
229000444,2,29,-27
229000445,66,7,59
229000446,54,11,43
229000491,3,6,-3
229000492,6,19,-13
229000493,3,36,-33
229000494,16,0,16
229000495,33,1,32
229000496,25,1,24
229000507,0,33,-33
229000508,0,22,-22
229000509,0,36,-36
229000510,2,15,-13
229000511,0,8,-8
229000512,0,9,-9
229000513,0,3,-3
229000514,0,2,-2
229000517,1,2,-1
229000518,18,7,11
229000519,1,6,-5
229000520,9,19,-10
229000521,35,9,26
229000522,6,6,0
229000523,7,1,6
229000524,0,1,-1
229000527,1,0,1
229000528,0,0,0
229000529,2,0,2
229000530,10,0,10
229000531,16,1,15
229000532,2,0,2
229000533,39,0,39
229000534,18,0,18
229000564,44,0,44
229000565,20,0,20
229000566,0,3,-3
229000567,0,18,-18
229000582,44,0,44
229000583,1,3,-2
229000584,0,36,-36
229000585,0,32,-32
229000718,0,0,0
229000719,0,1,-1
229000720,0,2,-2
229000721,0,0,0
229000722,0,2,-2
229000723,0,2,-2
229000724,0,0,0
229000725,0,3,-3
229000738,4,0,4
229000739,0,0,0
229000740,1,0,1
229000741,24,0,24
229000742,18,0,18
229000743,6,0,6
229000744,3,0,3
229000745,2,0,2
229000746,3,0,3
229000847,64,0,64
229000848,20,0,20
229000849,64,0,64
229000851,20,0,20
229000854,0,5,-5
229000856,0,16,-16
229000857,0,12,-12
229000858,0,22,-22
229000919,9,41,-32
229000930,1,114,-113
229000937,68,14,54
229000966,37,11,26
229000981,15,17,-2
229000985,8,11,-3
229000986,1,5,-4
229000987,0,0,0
229000988,0,2,-2
229000989,8,2,6
229000990,0,3,-3
229000991,1,1,0
229000992,5,4,1
229000993,89,9,80
229000998,6,37,-31
229000999,76,8,68
229001034,1,12,-11
229001035,2,0,2
229001037,33,2,31
229001042,10,8,2
229001047,7,31,-24
229001050,35,24,11
229001168,0,9,-9
229001200,19,2,17
229001338,2,10,-8
229001394,130,3,127
229001422,113,23,90
229001423,15,70,-55
229001431,38,40,-2
229001432,19,42,-23
229001444,172,36,136
229001445,14,91,-77
229001479,18,1,17
229001503,189,55,134
229001504,75,56,19
229001505,103,22,81
229001506,41,62,-21
229001509,29,14,15
229001545,56,0,56
229001546,7,42,-35
229001553,49,13,36
229001554,20,42,-22
229001559,5,3,2
229001560,4,22,-18
229001630,41,5,36
229001631,6,12,-6
229001635,0,16,-16
229001636,2,0,2
229001658,1,46,-45
229001659,40,2,38
229001660,16,4,12
229001661,8,19,-11
229001662,18,1,17
229001663,0,14,-14
229002584,130,134,-4
229002831,76,65,11
229002841,4,6,-2
229002842,10,15,-5
229002843,25,14,11
229002844,49,35,14
229002845,7,62,-55
229002846,23,14,9
229002847,2,11,-9
229002848,5,10,-5
229002849,2,73,-71
229002850,7,0,7
229002851,26,102,-76
229002852,122,26,96
229002853,92,20,72
229002854,40,59,-19
229002855,10,33,-23
229002856,31,14,17
229002857,15,154,-139
229002858,13,17,-4
229002859,20,120,-100
229002860,99,18,81
229002861,44,11,33
229002862,22,25,-3
229002863,13,14,-1
229002864,14,24,-10
229002865,5,20,-15
229002866,5,20,-15
229002867,3,20,-17
229002868,5,7,-2
229002869,25,134,-109
229002870,39,16,23
235000066,186,24,162
235000067,67,41,26
235000072,18,44,-26
235000073,81,191,-110
235000074,27,31,-4
235000080,3,58,-55
235000081,88,48,40
235000082,179,28,151
235000083,185,42,143
235000084,53,29,24
235000085,134,41,93
235000089,13,21,-8
235000092,21,62,-41
235000093,10,5,5
235000097,2,7,-5
235000098,35,7,28
235000099,10,4,6
235000116,44,9,35
235000117,309,12,297
235000133,6,433,-427
235000134,7,146,-139
235000206,1,3,-2
235000207,4,4,0
235000208,5,4,1
235000209,3,2,1
235000210,4,2,2
235000212,5,10,-5
235000213,1,11,-10
235000220,0,4,-4
235000221,43,20,23
235000238,13,98,-85
235000239,1,24,-23
235000242,306,636,-330
235000245,383,121,262
235000246,7,60,-53
235000284,3,174,-171
235000295,68,12,56
235000305,188,10,178
235000306,179,19,160
235000307,14,0,14
235000308,13,3,10
235000309,48,1,47
235000310,34,1,33
235000311,56,27,29
235000322,0,17,-17
235000323,0,34,-34
235000324,2,18,-16
235000325,0,7,-7
235000326,10,51,-41
235000351,4,61,-57
235000352,4,28,-24
235000353,4,29,-25
235000354,8,63,-55
235000355,8,99,-91
235000356,47,9,38
235000357,28,8,20
235000358,42,6,36
235000359,15,9,6
235000360,26,10,16
235000361,59,2,57
235000381,59,68,-9
235000382,137,17,120
235000390,18,4,14
235000391,146,11,135
235000392,204,208,-4
235000393,132,103,29
235000395,115,25,90
235000396,416,63,353
235000400,43,71,-28
235000401,14,106,-92
235000405,62,140,-78
235000406,39,120,-81
235000407,20,55,-35
235000409,88,56,32
235000410,35,143,-108
235000411,1,30,-29
235000485,0,14,-14
235000486,5,0,5
235000549,45,54,-9
235000550,101,89,12
235000599,168,31,137
235000600,15,18,-3
235000601,14,22,-8
235000602,74,41,33
235000614,0,4,-4
235000648,1,14,-13
235000649,25,2,23
235000685,3,7,-4
235000815,14,214,-200
235000834,0,8,-8
235000855,27,48,-21
235000862,54,59,-5
235000891,0,5,-5
235000892,9,3,6
235000901,47,28,19
235000907,5,18,-13
235001010,55,27,28
235001029,268,214,54
235001030,328,111,217
235001078,63,64,-1
235001079,31,46,-15
235001147,23,39,-16
235001166,45,27,18
235001167,57,22,35
235001169,26,331,-305
235001188,2,7,-5
235001189,7,1,6
235001197,6,33,-27
235001200,37,44,-7
235001207,230,23,207
235001210,45,65,-20
235001215,13,98,-85
235001239,1,33,-32
235001244,0,12,-12
235016267,1,47,-46
277101746,0,0,0
277102712,0,0,0
277103813,0,0,0
277103814,0,0,0
277103898,0,1,-1
277104249,0,0,0
277104250,0,2,-2
277104251,0,2,-2
277104252,1,1,0
990011530,1,123,-122
990014944,1,210,-209
990015176,46,35,11
990015618,0,76,-76
990016032,2,129,-127
990032570,1,21,-20
990070001,38,1,37
990070103,0,0,0
990070601,0,27,-27
990070751,946,1,945
990070766,1,144,-143
990071180,309,135,174
990071343,16,1,15
990071387,0,9,-9
990071823,265,3,262
990072600,1,1370,-1369
990072964,0,223,-223
990073285,0,7,-7
990074393,0,303,-303
990074870,1185,9,1176
990075106,867,7,860
990075746,503,6,497
990076437,1367,1,1366
990076458,0,253,-253
997000007,485,10,475
997000041,0,88,-88
997000058,46,0,46
997000062,96,54,42
997000069,0,4,-4
997000070,0,19,-19
997000100,46,0,46
997000141,0,537,-537
997000198,123,1185,-1062
998000475,0,8,-8
998000736,0,41,-41
998000965,0,6,-6
998001031,0,59,-59
998001700,0,1,-1
998001899,0,0,0
998001900,6,0,6
998003073,544,4,540
998101900,0,0,0
998102850,1,292,-291
998501927,589,899,-310
998501929,91,5,86
998501930,15,0,15
998501931,60,2,58
998501932,2,0,2
998501933,42,1,41
998501937,5,3,2
998501944,8,0,8
998501950,0,33,-33
998501970,44,6,38
998501971,0,47,-47
998501973,0,18,-18
998501974,1,185,-184
998501975,83,1,82
998501976,106,0,106
998501977,0,18,-18
998501978,13,0,13
998501979,0,7,-7
998501980,53,1,52
998501981,29,0,29
998501982,0,59,-59
998501983,0,10,-10
998502024,1,7,-6
998502032,0,2,-2
998502062,11,0,11
998502063,0,0,0
998502173,23,0,23
998502269,0,3,-3
998502546,0,77,-77
998502578,2,0,2
998502599,33,83,-50
998601159,0,49,-49
998601292,0,9,-9
999033574,0,162,-162
999800001,19,0,19
999800002,0,4,-4
999800003,4,0,4
999800004,0,4,-4
999800005,0,8,-8
