ID,insum,outsum,diff
100000001,349,175,174
100000002,1324,2634,-1310
100000003,1895,2335,-440
100000004,191,739,-548
100000005,1739,1885,-146
100000006,246,210,36
100000007,765,878,-113
100000008,15,336,-321
100000009,95,575,-480
100000010,25,117,-92
100000011,99,43,56
100000012,40,131,-91
100000013,1,69,-68
100000014,17,265,-248
100000015,457,810,-353
100000016,59,847,-788
100000017,79,1086,-1007
100000018,314,185,129
100000019,925,1231,-306
100000020,477,1954,-1477
100000021,2114,706,1408
100000022,203,1295,-1092
100000023,1553,592,961
100000025,192,669,-477
100000028,264,750,-486
100000029,14,314,-300
100000030,64,5,59
100000031,736,3258,-2522
100000032,653,2005,-1352
100000033,403,1503,-1100
100000034,29,633,-604
100000035,255,500,-245
100000036,254,680,-426
100000037,399,233,166
100000038,1623,543,1080
100000039,113,124,-11
100000040,191,93,98
100000041,691,312,379
100000042,494,279,215
100000043,284,118,166
100000044,15,87,-72
100000045,82,159,-77
100000046,89,183,-94
100000047,36,157,-121
100000048,76,203,-127
100000049,511,388,123
100000051,179,215,-36
100000053,58,3,55
100000054,94,13,81
100000055,336,246,90
100000056,156,323,-167
100000057,1141,193,948
100000058,331,332,-1
100000059,11,123,-112
100000060,439,187,252
100000061,1260,431,829
100000062,683,534,149
100000063,510,277,233
100000064,709,297,412
100000065,149,284,-135
100000066,108,202,-94
100000067,121,214,-93
100000068,162,650,-488
100000069,180,611,-431
100000072,63,164,-101
100000073,539,454,85
100000075,359,60,299
100000076,533,2614,-2081
100000077,54,283,-229
100000078,0,30,-30
100000079,0,74,-74
100000080,0,64,-64
100000081,1,24,-23
100000102,991,2330,-1339
100000103,559,940,-381
100000104,1407,1245,162
100000105,595,614,-19
100000106,254,1400,-1146
100000107,40,459,-419
100000108,64,262,-198
100000109,260,506,-246
100000116,102,198,-96
100000117,6,77,-71
100000118,355,446,-91
100000119,602,551,51
100000121,58,315,-257
100000122,169,913,-744
100000123,588,926,-338
100000124,632,1269,-637
100000125,2853,1912,941
100000126,231,303,-72
100000127,475,337,138
100000128,104,1240,-1136
100000129,121,458,-337
100000130,465,125,340
100000131,344,625,-281
100000132,419,951,-532
100000133,625,272,353
100000135,360,584,-224
100000139,80,474,-394
100000140,71,41,30
100000142,337,209,128
100000143,380,113,267
100000144,623,230,393
100000147,615,2634,-2019
100000150,53,214,-161
100000151,85,755,-670
100000153,5,127,-122
100000154,1,232,-231
100000155,0,36,-36
100000156,21,124,-103
100000157,124,160,-36
100000158,132,156,-24
100000159,58,697,-639
100000165,442,208,234
100000169,5,685,-680
100000174,154,399,-245
100000179,22,296,-274
100000180,228,630,-402
100000181,79,100,-21
100000188,28,37,-9
100000189,320,151,169
100000190,198,578,-380
100000191,396,310,86
100000192,6,81,-75
100000193,146,87,59
100000330,208,410,-202
100000355,76,251,-175
100000362,686,346,340
100000363,3497,3587,-90
100000364,73,172,-99
100000365,3437,4451,-1014
100000366,925,491,434
100000367,2859,3304,-445
100000368,720,491,229
100000369,154,947,-793
100000370,63,534,-471
100000376,13,238,-225
100000379,202,1396,-1194
100000380,1109,3025,-1916
100000384,2281,2969,-688
100000385,522,2176,-1654
100000386,698,2581,-1883
100000387,1138,2956,-1818
100000388,968,1990,-1022
100000389,1723,2513,-790
100000390,1016,1237,-221
100000391,1274,3297,-2023
100000392,299,847,-548
100000393,270,1952,-1682
100000394,746,1980,-1234
100000395,266,1712,-1446
100000396,594,943,-349
100000397,616,2909,-2293
100000398,3721,1820,1901
100000413,1,8,-7
100000414,82,679,-597
100900002,1,0,1
100900003,244,236,8
100900004,1,63,-62
100900005,103,2,101
100900006,25,14,11
100900007,81,0,81
100900008,0,69,-69
100900009,3,19,-16
100900010,44,0,44
100900011,156,95,61
100900012,0,32,-32
100900013,690,11,679
100900014,0,1,-1
100900015,21,9,12
100900016,1,22,-21
100900017,597,22,575
100900018,0,4,-4
100900019,0,10,-10
100900020,151,0,151
100900021,221,0,221
100900022,2,12,-10
100900023,0,8,-8
100900024,150,2,148
100900025,2,4,-2
100900026,99,24,75
100900027,135,1177,-1042
100900028,33,124,-91
100900029,46,4,42
100900030,3,34,-31
100900031,484,12,472
100900032,223,1,222
100900033,17,118,-101
100900034,902,1,901
100900035,101,0,101
100900036,9,0,9
100900037,113,23,90
100900038,42,35,7
100900039,172,26,146
100900040,496,66,430
100900041,454,47,407
100900042,55,1865,-1810
100900043,0,12,-12
100900044,330,193,137
100900045,2,0,2
100900046,497,7,490
100900047,362,82,280
100900048,50,1,49
100900049,3,19,-16
100900050,0,3,-3
100900051,10,55,-45
100900052,83,8,75
100900053,411,2,409
100900054,1,10,-9
100900055,89,447,-358
100900056,0,29,-29
100900057,802,84,718
100900058,185,30,155
100900059,67,1,66
100900060,181,8,173
100900061,9,64,-55
100900062,1,3,-2
100900063,149,404,-255
100900064,256,5,251
100900065,15,82,-67
100900066,104,22,82
100900067,1,0,1
100900068,62,79,-17
100900069,53,0,53
100900070,318,0,318
100900071,61,48,13
100900072,4,12,-8
100900073,56,135,-79
100900074,3,6,-3
100900075,376,13,363
100900076,18,29,-11
100900077,36,0,36
100900078,20,86,-66
100900079,0,0,0
100900080,60,51,9
100900081,6,83,-77
100900082,134,60,74
100900083,8,3,5
100900085,1,134,-133
100900086,5,178,-173
100900088,84,85,-1
100900089,1,13,-12
100900090,13,204,-191
100900091,0,11,-11
100900092,21,117,-96
100900093,246,252,-6
100900094,75,27,48
100900095,2,4,-2
100900096,33,32,1
100900097,0,0,0
100900098,20,0,20
100900099,1,98,-97
100900100,2,39,-37
100900101,103,21,82
100900102,4,35,-31
100900103,1,1,0
100900104,0,71,-71
100900105,1,60,-59
100900106,3,3,0
100900107,491,267,224
100900108,0,1,-1
100900109,31,2,29
100900110,1,8,-7
100900111,3,60,-57
100900112,0,2,-2
100900113,2,12,-10
100900114,3,17,-14
100900115,4,4,0
100900116,327,214,113
100900117,100,753,-653
100900118,2,26,-24
100900119,1,8,-7
100900120,11,0,11
100900121,170,155,15
100900122,8,15,-7
100900123,130,2,128
100900124,9,18,-9
100900125,0,15,-15
100900126,171,7,164
100900127,0,0,0
100900128,6,63,-57
100900129,0,171,-171
100900131,2,24,-22
100900133,37,2,35
100900134,5,0,5
100900135,1,128,-127
100900137,54,30,24
100900138,35,86,-51
100900139,2,1,1
100900140,1,18,-17
100900141,0,121,-121
100900142,0,14,-14
100900143,166,99,67
100900144,0,16,-16
100900145,5,33,-28
100900146,0,15,-15
100900147,3,646,-643
100900148,2,50,-48
100900149,4,252,-248
100900150,0,32,-32
100900151,12,103,-91
100900152,17,0,17
100900153,0,200,-200
100900154,25,28,-3
100900155,36,11,25
100900156,4,0,4
100900157,7,128,-121
100900159,1,1,0
100900160,12,3,9
100900161,0,0,0
100900162,9,85,-76
100900163,5,10,-5
100900164,29,2,27
100900165,34,21,13
100900166,0,0,0
100900167,11,11,0
100900168,1,27,-26
100900169,9,190,-181
100900170,14,0,14
100900171,1,205,-204
100900172,1,116,-115
100900173,0,20,-20
100900174,0,13,-13
100900176,433,8,425
100900177,75,23,52
100900178,62,158,-96
100900179,51,64,-13
100900180,1,0,1
100900181,2,3,-1
100900182,16,10,6
100900184,8,51,-43
100900186,132,42,90
100900187,30,37,-7
100900188,49,5,44
100900189,814,170,644
100900191,110,415,-305
100900192,25,85,-60
100900195,32,96,-64
100900197,28,32,-4
100900198,10,11,-1
100900199,0,0,0
100900200,287,48,239
100900201,7,281,-274
100900202,13,0,13
100900203,0,5,-5
100900204,5,32,-27
100900205,44,380,-336
100900206,42,95,-53
100900207,124,16,108
100900210,23,13,10
100900211,99,68,31
100900213,33,5,28
100900214,72,40,32
100900215,4,0,4
100900217,13,26,-13
101000001,726,1216,-490
101000002,2354,2337,17
101000003,25,574,-549
101000004,298,3241,-2943
101000005,1534,3409,-1875
101000006,603,5117,-4514
101000007,543,1747,-1204
101000008,2587,1621,966
101000009,1111,330,781
101000010,415,330,85
101000011,345,199,146
101000012,150,139,11
101000013,296,619,-323
101000014,183,190,-7
101000015,1393,605,788
101000016,61,272,-211
101000017,210,206,4
101000018,1092,1645,-553
101000020,729,384,345
101000021,188,210,-22
101000022,31,70,-39
101000023,353,345,8
101000025,36,89,-53
101000026,248,33,215
101000027,646,1290,-644
101000028,409,200,209
101000029,18,302,-284
101000030,262,79,183
101000031,19,435,-416
101000032,999,2088,-1089
101000033,375,1835,-1460
101000034,234,1193,-959
101000035,330,115,215
101000036,123,991,-868
101000037,339,1750,-1411
101000039,907,1034,-127
101000040,866,1997,-1131
101000041,1093,3539,-2446
101000042,10,422,-412
101000043,1160,1852,-692
101000045,117,640,-523
101000046,368,1024,-656
101000047,470,2005,-1535
101000048,143,196,-53
101000049,195,538,-343
101000050,222,848,-626
101000051,167,876,-709
101000052,647,807,-160
101000053,139,450,-311
101000054,380,216,164
101000055,538,764,-226
101000056,3,79,-76
101000057,345,1002,-657
101000058,210,628,-418
101000059,599,1452,-853
101000060,554,397,157
101000061,74,1174,-1100
101000062,220,331,-111
101000063,69,697,-628
101000064,90,543,-453
101000065,73,439,-366
101000066,130,852,-722
101000067,116,351,-235
101000068,80,213,-133
101000069,82,51,31
101000070,151,295,-144
101000071,1540,576,964
101000072,204,819,-615
101000073,223,935,-712
101000074,931,1469,-538
101000075,1063,949,114
101000077,980,844,136
101000078,331,327,4
101000079,643,618,25
101000080,504,270,234
101000081,662,734,-72
101000082,916,682,234
101000083,1560,976,584
101000084,408,181,227
101000085,924,563,361
101000086,427,285,142
101000087,336,363,-27
101000088,911,563,348
101000089,474,647,-173
101000090,534,262,272
101000091,197,193,4
101000092,1179,421,758
101000093,592,242,350
101000094,186,195,-9
101000095,227,300,-73
101000096,338,166,172
101000097,189,104,85
101000098,186,250,-64
101000099,181,500,-319
101000100,594,958,-364
101000101,77,250,-173
101000102,156,435,-279
101000103,197,361,-164
101000104,140,482,-342
101000105,222,321,-99
101000106,156,1764,-1608
101000107,144,121,23
101000108,142,38,104
101000109,334,56,278
101000110,2,82,-80
101000111,42,63,-21
101000113,142,647,-505
101000114,1262,2951,-1689
101000115,0,1,-1
101000116,13,12,1
101000117,228,50,178
101000119,13,55,-42
101000120,6,51,-45
101000121,15,31,-16
101000122,33,100,-67
101000123,22,55,-33
101000124,643,350,293
101000125,81,107,-26
101000128,67,373,-306
101000130,267,173,94
101000131,664,228,436
101000132,347,169,178
101000135,2,44,-42
101000136,20,62,-42
101000137,2,178,-176
101000141,215,2227,-2012
101000147,614,122,492
101000148,373,2,371
101000149,3,35,-32
101000150,45,87,-42
101000151,177,19,158
101000152,97,105,-8
101000153,145,72,73
101000154,454,186,268
101000155,352,92,260
101000156,4,149,-145
101000157,3,6,-3
101000160,2,3,-1
101000163,35,442,-407
101000164,192,79,113
101000165,99,198,-99
101000166,39,126,-87
101000168,503,174,329
101000252,1474,379,1095
101000254,8,7,1
101000258,63,1,62
101000261,71,46,25
101000262,446,2642,-2196
101000263,89,690,-601
101000265,9,311,-302
101000266,128,119,9
101000269,26,7,19
101000290,129,1378,-1249
101000293,0,4,-4
101000294,140,131,9
101000295,132,122,10
101000301,116,479,-363
101000304,780,1496,-716
101000305,1281,685,596
101000328,44,666,-622
101900001,11,21,-10
101900002,0,3,-3
101900003,13,23,-10
101900004,1,34,-33
101900005,434,1579,-1145
101900006,461,108,353
101900007,105,26,79
101900008,2,118,-116
101900009,0,289,-289
101900010,175,340,-165
101900011,50,425,-375
101900012,111,39,72
101900013,66,31,35
101900017,2,69,-67
101900018,189,70,119
101900019,27,33,-6
101900020,42,9,33
101900021,0,12,-12
101900022,33,149,-116
101900023,60,38,22
101900026,10,36,-26
101900027,7,47,-40
102000001,839,2956,-2117
102000002,314,319,-5
102000003,933,2634,-1701
102000004,1166,1183,-17
102000005,411,1799,-1388
102000006,737,908,-171
102000007,537,2481,-1944
102000008,1049,602,447
102000009,2927,3618,-691
102000010,1501,867,634
102000011,2697,2978,-281
102000012,3048,1736,1312
102000018,662,1236,-574
102000019,1247,572,675
102000026,164,200,-36
102000029,72,66,6
102000030,116,206,-90
102000031,19,28,-9
102000032,340,161,179
102000033,171,154,17
102000034,140,90,50
102000035,330,164,166
102000036,4,101,-97
102000038,4,1,3
102000039,21,52,-31
102000040,64,95,-31
102000041,36,241,-205
102000042,36,175,-139
102000043,24,150,-126
102000044,117,505,-388
102000045,316,447,-131
102000046,463,263,200
102000047,259,223,36
102000048,130,195,-65
102000049,446,307,139
102000050,265,396,-131
102000051,165,160,5
102000052,431,371,60
102000053,287,258,29
102000054,435,264,171
102000055,344,140,204
102000056,673,159,514
102000057,722,207,515
102000058,366,188,178
102000059,297,227,70
102000060,509,702,-193
102000061,654,461,193
102000062,1273,549,724
102000063,420,809,-389
102000064,413,437,-24
102000065,29,101,-72
102000066,383,221,162
102000067,1275,1783,-508
102000068,2460,1245,1215
102000069,17,750,-733
102000070,1006,11,995
102000071,3341,5871,-2530
102000072,951,1497,-546
102000073,208,278,-70
102000074,211,179,32
102000075,88,59,29
102000076,151,88,63
102000077,305,153,152
102000078,527,83,444
102000079,69,20,49
102000080,59,19,40
102000081,92,437,-345
102000082,478,437,41
102000083,378,34,344
102000084,590,62,528
102000085,863,197,666
102000086,893,250,643
102000087,207,379,-172
102000088,279,93,186
102000089,862,132,730
102000090,200,526,-326
102000091,590,324,266
102000092,106,270,-164
102000093,367,401,-34
102000094,202,123,79
102000095,257,353,-96
102000096,187,121,66
102000097,218,193,25
102000098,61,178,-117
102000099,349,302,47
102000100,59,312,-253
102000101,81,222,-141
102000102,79,344,-265
102000103,996,228,768
102000104,245,133,112
102000105,152,156,-4
102000106,363,101,262
102000107,565,183,382
102000108,260,112,148
102000109,596,160,436
102000110,252,93,159
102000111,374,200,174
102000112,13,75,-62
102000113,5,23,-18
102000114,342,352,-10
102000115,81,137,-56
102000116,133,381,-248
102000117,22,217,-195
102000118,452,1024,-572
102000119,225,708,-483
102000120,117,287,-170
102000121,312,246,66
102000122,187,487,-300
102000123,418,224,194
102000124,390,542,-152
102000125,213,140,73
102000126,226,291,-65
102000127,407,152,255
102000128,355,285,70
102000129,513,172,341
102000130,267,321,-54
102000131,402,284,118
102000132,246,606,-360
102000133,1991,569,1422
102000134,603,311,292
102000135,241,345,-104
102000136,535,191,344
102000137,159,159,0
102000138,64,33,31
102000139,48,139,-91
102000140,35,145,-110
102000141,15,694,-679
102000142,128,521,-393
102000143,75,72,3
102000144,162,46,116
102000145,142,71,71
102000146,126,109,17
102000147,180,176,4
102000148,48,119,-71
102000149,166,40,126
102000150,266,8,258
102000151,48,10,38
102000152,185,48,137
102000153,416,200,216
102000154,111,128,-17
102000155,20,190,-170
102000156,111,53,58
102000157,24,167,-143
102000158,46,244,-198
102000159,312,550,-238
102000161,971,917,54
102000162,57,82,-25
102000163,54,233,-179
102000164,125,293,-168
102000165,106,73,33
102000166,25,96,-71
102000167,43,56,-13
102000168,54,88,-34
102000169,55,434,-379
102000170,199,23,176
102000171,10,52,-42
102000172,1,175,-174
102000173,223,140,83
102000174,41,20,21
102000175,94,11,83
102000176,15,14,1
102000178,97,255,-158
102000179,256,133,123
102000180,486,141,345
102000181,591,163,428
102000182,357,134,223
102000183,877,433,444
102000184,540,190,350
102000185,1410,240,1170
102000186,766,348,418
102000187,451,187,264
102000188,728,473,255
102000189,941,195,746
102000190,235,929,-694
102000191,276,166,110
102000192,466,552,-86
102000193,38,40,-2
102000194,27,57,-30
102000195,488,167,321
102000196,152,131,21
102000197,626,79,547
102000198,93,137,-44
102000199,785,67,718
102000200,88,222,-134
102000201,938,167,771
102000202,1,10,-9
102000203,181,37,144
102000204,392,119,273
102000205,769,112,657
102000206,131,105,26
102000207,310,164,146
102000208,207,272,-65
102000209,7,32,-25
102000210,376,56,320
102000211,247,24,223
102000212,351,9,342
102000213,2,58,-56
102000214,329,7,322
102000215,1,78,-77
102000216,113,82,31
102000217,2,20,-18
102000218,83,92,-9
102000219,28,51,-23
102000225,131,376,-245
102000226,87,195,-108
102000227,93,0,93
102000228,0,8,-8
102000229,38,50,-12
102000230,205,195,10
102000231,342,328,14
102000232,23,171,-148
102000233,654,217,437
102000234,23,528,-505
102000236,141,28,113
102000237,236,98,138
102000238,83,152,-69
102000240,74,263,-189
102000241,129,3,126
102000243,6,47,-41
102000245,4,32,-28
102000246,20,68,-48
102000247,277,292,-15
102000248,557,1010,-453
102000249,374,77,297
102000250,10,47,-37
102000254,290,39,251
102000266,2,70,-68
102000271,21,0,21
102000286,98,240,-142
102000297,794,282,512
102000303,0,1,-1
102000305,0,0,0
102000307,0,5,-5
102900001,604,202,402
102900002,144,9,135
102900003,34,31,3
102900005,210,148,62
102900006,164,33,131
102900007,400,2,398
102900008,179,7,172
102900009,81,118,-37
102900010,167,449,-282
102900011,381,80,301
102900012,205,20,185
102900013,12,2,10
102900015,405,124,281
102900016,72,9,63
102900017,134,35,99
102900018,33,31,2
102900019,98,160,-62
102900020,59,4,55
102900021,20,7,13
102900022,10,3,7
102900023,15,0,15
102900024,13,26,-13
102900025,16,6,10
102900026,103,942,-839
102900027,50,16,34
102900028,33,503,-470
102900029,11,67,-56
102900030,114,168,-54
102900031,97,16,81
102900032,32,35,-3
102900033,21,72,-51
102900034,388,11,377
102900035,62,68,-6
102900036,146,103,43
102900037,44,64,-20
102900038,97,58,39
102900039,8,253,-245
102900040,34,88,-54
102900041,38,17,21
102900042,46,34,12
102900043,105,22,83
102900044,177,470,-293
102900045,80,129,-49
102900046,161,52,109
102900047,21,125,-104
102900048,155,128,27
102900049,40,168,-128
102900050,66,132,-66
102900051,52,72,-20
102900053,86,72,14
102900054,54,295,-241
102900055,6,145,-139
102900056,10,48,-38
102900057,3,23,-20
102900058,279,39,240
102900059,2,1,1
102900060,6,53,-47
102900061,27,51,-24
102900062,127,170,-43
102900063,896,32,864
102900064,15,225,-210
102900065,463,72,391
102900066,73,2,71
102900068,8,57,-49
102900070,94,86,8
102900072,1,11,-10
102900073,1,0,1
102900075,2,2,0
102900076,0,3,-3
102900077,3,0,3
102900078,3,1,2
102900079,76,0,76
102900080,219,1,218
102900081,5,112,-107
102900082,12,11,1
102900083,16,0,16
102900084,0,3,-3
102900085,14,4,10
102900086,1,5,-4
102900087,79,47,32
102900088,13,9,4
102900089,106,6,100
102900090,0,22,-22
102900091,186,0,186
102900092,178,37,141
102900094,0,11,-11
102900095,38,0,38
102900096,22,3,19
102900097,2,15,-13
103000001,1226,1307,-81
103000002,1689,1679,10
103000003,1631,1249,382
103000004,337,247,90
103000005,666,1516,-850
103000006,536,691,-155
103000007,202,142,60
103000008,267,194,73
103000009,846,558,288
103000010,203,29,174
103000011,621,304,317
103000012,763,669,94
103000013,1045,625,420
103000014,727,1138,-411
103000015,618,281,337
103000016,289,635,-346
103000017,132,494,-362
103000018,168,92,76
103000019,154,317,-163
103000020,791,673,118
103000021,1441,2215,-774
103000022,270,607,-337
103000023,482,1186,-704
103000024,25,43,-18
103000025,50,753,-703
103000026,128,48,80
103000027,42,470,-428
103000028,142,146,-4
103000029,67,124,-57
103000030,683,728,-45
103000031,390,1186,-796
103000032,850,402,448
103000033,2501,2005,496
103000034,525,302,223
103000035,60,577,-517
103000036,89,156,-67
103000037,333,225,108
103000038,142,472,-330
103000039,217,95,122
103000040,563,294,269
103000041,832,743,89
103000042,635,94,541
103000043,462,228,234
103000044,179,56,123
103000046,61,212,-151
103000047,264,90,174
103000048,142,51,91
103000049,34,42,-8
103000050,419,43,376
103000051,373,151,222
103000052,332,88,244
103000053,135,68,67
103000054,788,122,666
103000055,964,494,470
103000056,324,339,-15
103000057,955,90,865
103000058,435,145,290
103000059,528,214,314
103000060,431,83,348
103000061,413,346,67
103000062,329,43,286
103000063,592,393,199
103000064,67,15,52
103000065,3,94,-91
103000066,129,4,125
103000069,129,87,42
103000070,329,71,258
103000071,687,308,379
103000072,121,159,-38
103000073,549,35,514
103000074,521,40,481
103000075,47,163,-116
103000076,172,444,-272
103000077,2,145,-143
103000078,269,364,-95
103000079,166,351,-185
103000080,193,206,-13
103000081,170,490,-320
103000082,316,77,239
103000083,46,104,-58
103000084,58,3,55
103000085,0,48,-48
103000086,280,285,-5
103000087,71,354,-283
103000088,93,208,-115
103000089,120,354,-234
103000090,2671,971,1700
103000091,692,315,377
103000092,154,91,63
103000093,85,179,-94
103000094,163,52,111
103000095,28,132,-104
103000096,261,7,254
103000097,11,257,-246
103000098,290,10,280
103000099,24,188,-164
103000100,112,155,-43
103000101,906,21,885
103000102,114,103,11
103000103,444,33,411
103000104,127,24,103
103000105,180,36,144
103000106,2,133,-131
103000107,169,33,136
103000108,985,790,195
103000109,200,420,-220
103000110,389,719,-330
103000111,202,242,-40
103000112,90,138,-48
103000113,118,429,-311
103000114,571,275,296
103000115,665,507,158
103000116,669,195,474
103000117,419,311,108
103000118,155,238,-83
103000119,394,143,251
103000120,29,166,-137
103000121,20,120,-100
103000122,312,657,-345
103000125,6,28,-22
103000126,352,1,351
103000127,1,42,-41
103000128,108,0,108
103000129,0,74,-74
103000130,17,6,11
103000131,36,63,-27
103000132,29,35,-6
103000133,14,144,-130
103000134,79,405,-326
103000135,205,144,61
103000136,150,128,22
103000137,96,319,-223
103000138,175,399,-224
103000139,0,21,-21
103000140,27,0,27
103000141,15,13,2
103000142,28,26,2
103000143,35,49,-14
103000144,129,14,115
103000145,4,62,-58
103000150,57,28,29
103000152,65,144,-79
103000153,85,229,-144
103000156,0,74,-74
103000157,214,0,214
103000159,74,12,62
103000162,1,0,1
103000163,0,15,-15
103000164,3,5,-2
103000165,27,78,-51
103000166,150,290,-140
103000167,86,72,14
103000168,130,36,94
103000169,178,407,-229
103000170,1157,135,1022
103000171,8,39,-31
103000172,602,70,532
103000173,465,83,382
103000174,253,156,97
103000175,197,66,131
103000176,355,441,-86
103000177,95,196,-101
103000178,38,117,-79
103000179,44,1,43
103000183,239,1,238
103000185,141,29,112
103000186,145,31,114
103000187,579,60,519
103000188,8,60,-52
103000189,331,440,-109
103000191,145,81,64
103000292,350,680,-330
103000293,179,1602,-1423
103000295,43,56,-13
103000296,43,1,42
103000297,0,2,-2
103000504,113,24,89
103000505,2,0,2
103000506,0,64,-64
103000507,50,2,48
103000508,23,20,3
103000509,341,264,77
103900001,0,10,-10
103900002,142,16,126
103900003,189,0,189
103900004,58,0,58
103900005,4,53,-49
103900006,0,1,-1
103900007,51,1,50
103900008,12,0,12
103900010,145,33,112
103900012,1,93,-92
103900014,41,3,38
103900015,30,1,29
103900017,66,34,32
103900018,78,6,72
103900019,2,238,-236
103900020,113,218,-105
103900021,63,6,57
103900022,235,103,132
103900023,159,0,159
103900024,9,71,-62
103900025,2,2,0
103900026,1,0,1
103900027,139,33,106
103900028,98,91,7
103900029,717,57,660
103900030,110,45,65
103900031,13,10,3
103900032,118,117,1
103900033,19,2,17
103900034,11,13,-2
103900035,65,9,56
103900036,20,42,-22
103900037,26,2,24
103900038,5,148,-143
103900039,84,94,-10
103900040,3,69,-66
103900041,51,4,47
103900042,164,48,116
103900043,291,1,290
103900044,13,173,-160
103900045,161,108,53
103900047,57,1,56
103900048,0,3,-3
103900049,14,357,-343
103900050,7,78,-71
103900051,1,53,-52
103900052,82,103,-21
103900053,168,46,122
103900054,62,10,52
103900055,195,119,76
103900056,19,0,19
103900057,81,14,67
103900058,301,42,259
103900059,0,48,-48
103900060,57,22,35
103900061,155,5,150
103900062,226,86,140
103900063,1,0,1
103900064,173,0,173
103900065,84,96,-12
103900066,150,39,111
103900067,146,3,143
103900068,4,0,4
103900069,35,1,34
103900070,52,63,-11
103900071,8,26,-18
103900072,6,63,-57
103900073,22,4,18
103900074,49,2,47
103900075,125,46,79
103900076,397,156,241
103900077,3,64,-61
103900078,91,18,73
103900079,28,11,17
103900080,0,10,-10
103900081,22,12,10
103900082,16,36,-20
103900083,334,796,-462
103900084,5,28,-23
103900085,10,35,-25
103900086,588,102,486
103900088,93,145,-52
103900089,21,77,-56
103900090,0,23,-23
103900091,243,22,221
103900092,497,148,349
103900093,15,68,-53
103900094,3,7,-4
103900095,64,74,-10
103900096,45,13,32
103900097,0,55,-55
103900098,118,27,91
103900099,109,13,96
103900100,234,19,215
103900101,157,157,0
103900102,2,3,-1
103900104,0,5,-5
103900105,1,15,-14
103900106,0,122,-122
103900107,162,36,126
103900108,44,53,-9
103900109,88,14,74
103900110,112,11,101
103900111,136,63,73
103900112,20,27,-7
103900113,20,40,-20
103900114,134,99,35
103900115,42,102,-60
103900116,324,753,-429
103900117,61,12,49
103900119,27,159,-132
103900120,33,13,20
103900122,149,67,82
103900123,119,283,-164
103900124,16,54,-38
103900125,96,49,47
103900126,380,17,363
103900127,52,34,18
103900128,171,26,145
103900131,12,12,0
103900133,455,22,433
103900134,0,4,-4
103900135,0,0,0
103900137,0,2,-2
103900138,206,20,186
103900139,99,1531,-1432
103900140,0,228,-228
103900141,98,27,71
103900142,301,22,279
103900143,108,1,107
103900144,0,1,-1
103900145,66,46,20
103900146,127,31,96
103900147,262,17,245
103900148,338,69,269
103900149,149,48,101
103900150,971,2368,-1397
103900151,0,2,-2
103900152,433,16,417
103900153,8,8,0
103900154,50,949,-899
103900155,16,38,-22
103900156,13,17,-4
103900157,37,4,33
103900158,142,9,133
103900159,135,2,133
103900160,1,13,-12
103900161,22,52,-30
103900162,68,22,46
103900163,1,97,-96
103900167,1,18,-17
103900168,34,8,26
103900169,24,15,9
103900170,0,10,-10
103900171,0,0,0
103900172,0,0,0
103900173,12,1,11
103900174,117,4,113
103900175,2,73,-71
103900176,0,13,-13
103900177,1,0,1
103900178,39,0,39
103900179,40,3,37
103900180,2,5,-3
103900181,5,29,-24
103900182,1,8,-7
103900184,51,10,41
103900185,3,209,-206
103900187,8,30,-22
103900188,51,23,28
103900189,75,0,75
103900190,67,12,55
103900191,3,16,-13
103900192,37,12,25
103900193,10,0,10
103900194,5,7,-2
103900195,2,50,-48
103900196,27,13,14
103900197,1,1,0
103900198,7,0,7
103900199,107,14,93
103900200,86,5,81
103900201,47,7,40
103900202,1,17,-16
103900203,42,28,14
103900204,0,14,-14
103900207,0,16,-16
103900208,43,0,43
103900209,0,5,-5
103900210,15,7,8
103900211,303,44,259
103900212,86,44,42
103900213,2,40,-38
103900214,71,150,-79
103900215,17,109,-92
103900216,7,28,-21
103900217,166,3,163
103900218,12,115,-103
103900219,113,36,77
103900233,27,2,25
103900235,24,24,0
103900236,7,21,-14
103900242,0,7,-7
103900243,0,0,0
103900244,38,28,10
103900245,37,16,21
103900246,4,6,-2
103900247,6,8,-2
103900248,0,5,-5
103900249,1,74,-73
103900250,0,1,-1
103900251,1,16,-15
103900253,0,3,-3
103900254,1,0,1
103900255,0,3,-3
103900256,11,11,0
103900257,112,82,30
103900258,1,1,0
103900259,6,9,-3
103900261,0,0,0
103900262,23,1,22
103900263,20,13,7
103900264,11,0,11
103900265,0,1,-1
103900266,0,45,-45
103900267,1,21,-20
103900268,3,12,-9
103900269,71,6,65
103900270,10,15,-5
103900271,30,6,24
103900272,6,2,4
103900273,30,0,30
103900274,38,0,38
103900275,59,0,59
103900276,0,2,-2
103900277,0,1,-1
103900278,0,4,-4
103900279,0,17,-17
103900280,0,1,-1
104000001,1382,709,673
104000002,1166,1061,105
104000003,1060,764,296
104000004,1669,1040,629
104000005,1058,903,155
104000006,1414,971,443
104000007,3091,2090,1001
104000008,135,125,10
104000009,280,94,186
104000010,161,231,-70
104000011,137,86,51
104000012,46,111,-65
104000013,168,294,-126
104000014,85,76,9
104000015,193,66,127
104000016,80,89,-9
104000018,537,75,462
104000019,471,148,323
104000020,24,120,-96
104000021,135,97,38
104000022,101,189,-88
104000023,963,211,752
104000024,159,76,83
104000026,26,31,-5
104000027,221,59,162
104000028,384,176,208
104000029,191,100,91
104000030,293,213,80
104000031,712,65,647
104000032,102,89,13
104000033,681,96,585
104000034,168,67,101
104000035,827,148,679
104000036,625,224,401
104000037,111,87,24
104000038,278,186,92
104000039,159,35,124
104000040,27,248,-221
104000041,545,124,421
104000042,151,116,35
104000043,121,75,46
104000044,172,153,19
104000045,351,235,116
104000046,294,296,-2
104000047,288,263,25
104000048,354,374,-20
104000049,323,162,161
104000050,57,299,-242
104000051,82,185,-103
104000052,1718,1005,713
104000053,757,249,508
104000054,201,61,140
104000055,1108,720,388
104000056,328,97,231
104000057,243,117,126
104000058,643,395,248
104000059,342,504,-162
104000060,764,647,117
104000061,462,498,-36
104000062,259,99,160
104000064,302,140,162
104000065,31,299,-268
104000069,207,980,-773
104000070,17,335,-318
104000071,133,69,64
104000072,326,112,214
104000075,13,50,-37
104000076,271,29,242
104000082,998,1289,-291
104000083,198,133,65
104000084,59,169,-110
104000085,256,112,144
104000086,220,183,37
104000087,74,370,-296
104000090,373,178,195
104000092,730,316,414
104000094,256,294,-38
104000095,1377,551,826
104000096,1078,6,1072
104000097,1426,146,1280
104000098,2263,151,2112
104000100,1479,171,1308
104000101,762,661,101
104000106,57,350,-293
104000107,373,129,244
104000108,123,72,51
104000109,85,29,56
104000110,278,480,-202
104000111,642,1287,-645
104000112,251,215,36
104000116,1,284,-283
104000117,310,113,197
104000118,615,66,549
104000119,426,101,325
104000120,241,102,139
104000121,122,255,-133
104000122,416,344,72
104000123,368,335,33
104000124,102,436,-334
104000125,618,1685,-1067
104000126,284,267,17
104000127,845,869,-24
104000128,267,83,184
104000129,144,12,132
104000130,13,317,-304
104000131,139,245,-106
104000132,256,272,-16
104000133,672,618,54
104000134,533,970,-437
104000135,214,572,-358
104000136,310,1007,-697
104000137,807,157,650
104000138,772,364,408
104000139,811,907,-96
104000141,227,307,-80
104000142,325,194,131
104000143,458,157,301
104000144,78,77,1
104000145,160,76,84
104000146,63,173,-110
104000147,76,149,-73
104000148,175,64,111
104000149,38,82,-44
104000150,519,245,274
104000151,198,145,53
104000152,187,178,9
104000153,601,253,348
104000154,276,180,96
104000155,262,527,-265
104000157,652,509,143
104000158,56,175,-119
104000159,418,123,295
104000160,1140,1437,-297
104000161,81,45,36
104000162,72,63,9
104000165,379,306,73
104000167,362,973,-611
104000168,659,7,652
104000169,187,28,159
104000170,81,106,-25
104000248,243,272,-29
104000251,3,54,-51
104000272,0,0,0
104000273,0,0,0
104000274,0,0,0
104000275,0,0,0
104000279,855,1192,-337
104000290,16,555,-539
104000291,570,420,150
104000293,479,415,64
104000294,37,0,37
104000295,703,780,-77
104000296,223,279,-56
104000297,677,1507,-830
104000298,971,365,606
104000299,487,438,49
104000302,40,59,-19
104000303,95,76,19
104900001,8,16,-8
104900002,22,93,-71
104900003,21,28,-7
104900004,14,25,-11
104900005,195,34,161
104900006,263,7,256
104900007,209,44,165
104900009,14,29,-15
104900010,29,2,27
104900011,0,0,0
104900012,38,9,29
104900013,27,3,24
104900014,651,68,583
104900015,36,1,35
104900016,94,23,71
104900017,46,69,-23
104900018,5,23,-18
104900019,29,2527,-2498
104900020,47,57,-10
104900021,2,11,-9
104900022,2,36,-34
104900023,0,10,-10
104900024,0,73,-73
104900025,20,16,4
104900026,0,14,-14
104900027,421,176,245
104900028,3,19,-16
104900029,1,25,-24
104900030,223,87,136
104900031,2,66,-64
104900032,20,10,10
104900033,119,50,69
104900034,185,110,75
104900035,203,133,70
104900036,403,30,373
104900037,99,27,72
104900038,40,619,-579
104900039,140,778,-638
104900040,470,7,463
104900041,162,37,125
104900042,139,80,59
104900043,28,259,-231
104900044,669,22,647
104900045,118,43,75
104900046,375,25,350
104900047,233,35,198
104900048,398,33,365
104900049,121,45,76
104900050,355,7,348
104900051,273,49,224
104900052,170,0,170
104900053,242,8,234
104900054,171,17,154
104900055,228,0,228
104900056,166,0,166
104900057,42,2,40
104900058,175,5,170
104900059,110,42,68
104900061,38,38,0
104900063,6,31,-25
104900064,0,46,-46
104900065,4,59,-55
104900066,0,4,-4
104900067,2,51,-49
104900068,0,30,-30
104900070,7,31,-24
104900071,0,39,-39
104900072,3,25,-22
104900073,19,18,1
104900074,19,12,7
104900075,3,7,-4
104900076,46,16,30
104900077,49,46,3
104900078,22,17,5
104900079,13,349,-336
104900080,40,50,-10
104900082,0,18,-18
104900085,6,75,-69
104900089,577,2,575
104900091,123,132,-9
104900093,30,65,-35
104900097,332,1168,-836
104900098,52,5,47
104900099,2,166,-164
104900100,69,40,29
104900102,59,28,31
104900103,58,23,35
104900106,37,19,18
104900107,12,31,-19
104900108,0,21,-21
104900109,66,71,-5
104900110,4,33,-29
104900111,71,7,64
104900112,175,54,121
104900113,276,28,248
104900114,294,79,215
104900115,288,26,262
104900116,176,22,154
104900118,1,9,-8
104900119,0,5,-5
104900120,26,288,-262
104900121,0,13,-13
104900122,0,9,-9
104900123,189,32,157
104900124,44,1,43
104900125,195,13,182
104900126,3,6,-3
104900127,4,13,-9
104900128,46,14,32
104900129,298,1368,-1070
105000001,1490,579,911
105000002,1003,666,337
105000003,1199,1491,-292
105000004,550,383,167
105000005,930,590,340
105000006,565,928,-363
105000007,621,1103,-482
105000008,308,1252,-944
105000009,2039,1712,327
105000010,997,468,529
105000011,1736,1941,-205
105000012,930,763,167
105000013,525,529,-4
105000014,1990,1613,377
105000015,4083,7147,-3064
105000016,624,618,6
105000017,901,662,239
105000018,395,516,-121
105000019,467,459,8
105000020,32,287,-255
105000021,155,88,67
105000022,73,26,47
105000023,420,95,325
105000028,2,58,-56
105000029,327,601,-274
105000030,1504,826,678
105000031,0,2,-2
105000033,634,629,5
105000034,28,518,-490
105000037,246,57,189
105000038,321,614,-293
105000039,365,336,29
105000040,717,437,280
105000041,349,286,63
105000042,812,574,238
105000043,292,325,-33
105000044,296,123,173
105000045,118,119,-1
105000046,607,63,544
105000047,210,173,37
105000048,655,180,475
105000049,98,134,-36
105000050,542,253,289
105000051,86,165,-79
105000052,246,404,-158
105000053,36,65,-29
105000054,226,285,-59
105000055,390,75,315
105000056,1106,711,395
105000057,732,227,505
105000058,606,492,114
105000059,723,310,413
105000060,282,184,98
105000061,915,289,626
105000062,319,287,32
105000063,133,185,-52
105000064,1821,230,1591
105000065,290,154,136
105000066,436,301,135
105000067,989,317,672
105000068,158,313,-155
105000069,581,1667,-1086
105000070,232,621,-389
105000071,150,1196,-1046
105000072,723,2827,-2104
105000073,624,303,321
105000074,192,224,-32
105000075,206,272,-66
105000076,696,311,385
105000077,771,259,512
105000078,251,436,-185
105000079,465,938,-473
105000080,1038,938,100
105000081,604,553,51
105000082,386,906,-520
105000083,1101,1398,-297
105000084,197,477,-280
105000085,1745,1390,355
105000086,299,409,-110
105000087,590,610,-20
105000088,1130,1523,-393
105000089,743,432,311
105000090,174,141,33
105000091,252,276,-24
105000092,221,223,-2
105000093,78,249,-171
105000094,91,106,-15
105000095,76,326,-250
105000096,625,939,-314
105000097,156,219,-63
105000098,816,744,72
105000099,406,458,-52
105000100,1094,370,724
105000101,1079,502,577
105000102,885,482,403
105000103,565,489,76
105000104,1208,277,931
105000105,574,302,272
105000106,825,255,570
105000107,970,209,761
105000108,1045,290,755
105000109,1493,253,1240
105000110,551,119,432
105000111,921,219,702
105000112,462,190,272
105000113,396,456,-60
105000114,481,764,-283
105000115,134,1169,-1035
105000116,741,254,487
105000117,348,226,122
105000118,568,184,384
105000119,241,167,74
105000120,1214,154,1060
105000121,557,243,314
105000122,313,178,135
105000123,322,279,43
105000124,1158,212,946
105000125,561,374,187
105000126,1038,582,456
105000127,1699,509,1190
105000128,370,612,-242
105000129,698,95,603
105000130,100,2410,-2310
105000131,120,51,69
105000132,742,586,156
105000133,66,160,-94
105000134,962,151,811
105000135,90,60,30
105000136,10,14,-4
105000137,450,36,414
105000138,121,29,92
105000139,403,141,262
105000140,481,99,382
105000141,177,66,111
105000142,250,167,83
105000143,44,156,-112
105000144,152,149,3
105000145,567,125,442
105000146,116,118,-2
105000147,506,100,406
105000148,504,343,161
105000149,1896,783,1113
105000150,391,206,185
105000151,470,249,221
105000152,154,224,-70
105000153,743,144,599
105000154,319,254,65
105000155,392,166,226
105000156,93,219,-126
105000157,371,328,43
105000158,1397,228,1169
105000159,164,230,-66
105000160,2136,245,1891
105000161,311,214,97
105000162,396,1630,-1234
105000163,493,242,251
105000164,37,77,-40
105000165,255,5202,-4947
105000166,1163,1032,131
105000167,496,1497,-1001
105000168,167,120,47
105000169,531,67,464
105000170,217,518,-301
105000171,520,94,426
105000172,281,1,280
105000173,537,7,530
105000174,73,4,69
105000175,48,59,-11
105000176,374,58,316
105000177,300,165,135
105000178,142,69,73
105000179,1029,24,1005
105000180,271,27,244
105000181,132,89,43
105000182,44,17,27
105000183,867,1380,-513
105000184,119,173,-54
105000185,139,591,-452
105000186,157,263,-106
105000187,322,112,210
105000188,82,98,-16
105000189,69,266,-197
105000190,162,96,66
105000191,97,157,-60
105000192,174,46,128
105000193,66,46,20
105000194,450,16,434
105000195,83,142,-59
105000196,65,171,-106
105000197,51,145,-94
105000198,76,65,11
105000199,23,430,-407
105000200,69,334,-265
105000201,83,10,73
105000203,2,64,-62
105000204,44,29,15
105000205,49,48,1
105000207,42,19,23
105000208,78,188,-110
105000209,15,24,-9
105000211,264,6,258
105000212,585,310,275
105000213,17,69,-52
105000214,103,51,52
105000215,124,47,77
105000216,76,48,28
105000217,69,21,48
105000218,1633,253,1380
105000221,120,80,40
105000222,142,27,115
105000223,293,39,254
105000226,33,35,-2
105000227,53,39,14
105000228,13,760,-747
105000229,98,310,-212
105000231,163,69,94
105000233,463,366,97
105000234,202,378,-176
105000235,344,272,72
105000237,807,62,745
105000243,31,26,5
105000248,21,50,-29
105000262,123,99,24
105000269,81,26,55
105000270,436,3,433
105000271,0,54,-54
105000282,46,6,40
105000287,67,68,-1
105000288,552,259,293
105000289,480,944,-464
105000290,23,6,17
105000402,675,1913,-1238
105000426,132,164,-32
105000438,553,623,-70
105000440,18,11,7
105000446,2302,1916,386
105000447,1085,684,401
105000454,354,59,295
105000455,96,26,70
105000474,64,0,64
105000477,626,270,356
105000478,1419,3011,-1592
105000479,59,30,29
105000480,2614,3593,-979
105000481,2186,1775,411
105000482,1002,1650,-648
105000483,656,1030,-374
105000484,593,804,-211
105000485,582,1379,-797
105000486,796,644,152
105000488,1208,1566,-358
105000489,895,242,653
105000549,116,29,87
105000550,64,233,-169
105000551,2,37,-35
105000552,631,381,250
105000555,462,690,-228
105000556,29,11,18
105000557,76,53,23
105900001,14,810,-796
105900002,236,654,-418
105900003,4,35,-31
105900004,43,4,39
105900005,5,109,-104
105900006,23,16,7
105900007,8,20,-12
105900008,37,67,-30
105900009,52,13,39
105900011,39,15,24
105900012,165,36,129
105900013,0,5,-5
105900014,9,9,0
105900015,29,70,-41
105900016,188,115,73
105900017,1159,7,1152
105900018,37,48,-11
105900019,23,45,-22
105900020,30,111,-81
105900021,6,91,-85
105900022,76,72,4
105900023,4,42,-38
105900024,21,59,-38
105900025,186,0,186
105900026,73,0,73
105900027,2297,962,1335
105900028,114,41,73
105900029,617,90,527
105900030,47,76,-29
105900031,182,26,156
105900032,43,11,32
105900033,42,31,11
105900034,112,43,69
105900035,82,19,63
105900036,70,12,58
105900037,82,10,72
105900038,37,71,-34
105900039,94,10,84
105900040,56,13,43
105900041,70,32,38
105900042,22,49,-27
105900043,298,5,293
105900044,1,83,-82
105900045,0,326,-326
105900046,1,53,-52
105900047,3,2,1
105900048,111,134,-23
105900050,206,488,-282
105900051,2,182,-180
105900052,202,8,194
105900053,856,1898,-1042
105900054,58,75,-17
105900056,176,160,16
105900057,5,52,-47
105900058,22,11,11
105900059,0,68,-68
106000001,1006,831,175
106000002,429,1037,-608
106000003,1550,1729,-179
106000004,1007,1424,-417
106000005,2606,2034,572
106000006,1980,909,1071
106000007,443,54,389
106000008,161,136,25
106000009,339,59,280
106000010,106,277,-171
106000011,1124,404,720
106000012,300,197,103
106000013,1402,767,635
106000014,556,384,172
106000015,1575,427,1148
106000016,789,606,183
106000017,674,384,290
106000018,282,289,-7
106000019,354,196,158
106000020,53,121,-68
106000021,391,166,225
106000022,146,89,57
106000023,676,139,537
106000024,260,209,51
106000025,228,129,99
106000026,30,107,-77
106000027,1582,522,1060
106000028,268,120,148
106000029,321,213,108
106000030,40,160,-120
106000034,7,90,-83
106000035,714,917,-203
106000036,37,278,-241
106000037,264,367,-103
106000038,12,68,-56
106000039,39,99,-60
106000040,65,809,-744
106000041,463,268,195
106000043,232,103,129
106000046,142,28,114
106000047,70,304,-234
106000049,817,49,768
106000050,32,135,-103
106000051,599,258,341
106000052,7,12,-5
106000053,360,70,290
106000054,6,3,3
106000055,636,204,432
106000056,3,9,-6
106000057,364,65,299
106000058,1,1,0
106000059,443,118,325
106000060,22,39,-17
106000061,132,383,-251
106000062,46,52,-6
106000063,566,535,31
106000064,0,3,-3
106000065,362,130,232
106000066,29,23,6
106000067,264,46,218
106000068,33,29,4
106000069,346,38,308
106000070,161,25,136
106000071,503,95,408
106000072,766,528,238
106000073,616,2901,-2285
106000074,330,385,-55
106000075,216,422,-206
106000076,589,448,141
106000077,960,214,746
106000078,718,184,534
106000079,522,187,335
106000080,795,215,580
106000081,657,273,384
106000082,696,244,452
106000083,223,438,-215
106000084,329,282,47
106000085,670,316,354
106000086,233,138,95
106000087,417,190,227
106000088,250,145,105
106000089,712,119,593
106000090,246,184,62
106000091,176,223,-47
106000092,456,80,376
106000093,366,28,338
106000094,36,87,-51
106000095,897,385,512
106000096,1188,114,1074
106000097,965,351,614
106000098,613,120,493
106000099,61,251,-190
106000100,1056,131,925
106000101,496,99,397
106000102,50,160,-110
106000103,157,166,-9
106000104,901,180,721
106000105,224,160,64
106000106,643,88,555
106000107,92,101,-9
106000108,415,88,327
106000109,97,70,27
106000110,285,43,242
106000111,83,74,9
106000112,209,554,-345
106000113,150,297,-147
106000114,256,504,-248
106000115,132,217,-85
106000116,245,87,158
106000117,387,115,272
106000118,704,713,-9
106000119,217,293,-76
106000120,472,824,-352
106000121,204,88,116
106000122,225,111,114
106000123,719,26,693
106000124,101,43,58
106000125,22,159,-137
106000126,351,20,331
106000127,907,271,636
106000128,831,61,770
106000129,455,231,224
106000130,883,142,741
106000131,61,394,-333
106000132,286,86,200
106000133,767,1005,-238
106000134,189,1741,-1552
106000135,124,333,-209
106000136,606,987,-381
106000137,107,546,-439
106000138,1491,54,1437
106000139,99,43,56
106000140,1,2,-1
106000141,4,2,2
106000142,198,35,163
106000143,1,1,0
106000144,30,26,4
106000145,29,12,17
106000146,445,46,399
106000147,751,285,466
106000148,840,329,511
106000149,572,217,355
106000150,554,1193,-639
106000151,1385,393,992
106000152,473,1084,-611
106000153,23,948,-925
106000154,658,84,574
106000155,156,170,-14
106000156,770,61,709
106000157,288,621,-333
106000158,578,295,283
106000159,798,986,-188
106000160,281,1829,-1548
106000161,438,56,382
106000162,352,863,-511
106000163,228,54,174
106000164,407,44,363
106000165,93,142,-49
106000166,527,34,493
106000167,299,228,71
106000168,550,51,499
106000169,128,74,54
106000170,693,54,639
106000171,112,287,-175
106000172,1253,330,923
106000173,526,564,-38
106000174,909,85,824
106000175,112,96,16
106000176,1373,254,1119
106000177,511,404,107
106000178,1877,476,1401
106000179,370,259,111
106000180,484,201,283
106000181,1081,641,440
106000182,1307,142,1165
106000183,1168,111,1057
106000184,771,224,547
106000185,785,762,23
106000186,125,13,112
106000187,21,439,-418
106000188,0,0,0
106000189,8,19,-11
106000190,28,1,27
106000191,288,15,273
106000192,0,2,-2
106000193,79,81,-2
106000194,44,128,-84
106000195,35,33,2
106000196,49,123,-74
106000197,331,57,274
106000198,123,44,79
106000199,285,816,-531
106000200,130,90,40
106000201,150,3790,-3640
106000202,945,220,725
106000203,13,80,-67
106000204,56,0,56
106000205,1,62,-61
106000206,63,8,55
106000207,4,105,-101
106000208,1118,30,1088
106000209,1696,125,1571
106000210,168,339,-171
106000211,171,501,-330
106000212,1035,173,862
106000213,148,696,-548
106000214,670,155,515
106000215,230,204,26
106000216,548,78,470
106000217,105,211,-106
106000218,331,65,266
106000219,103,201,-98
106000220,530,91,439
106000221,122,22,100
106000222,57,45,12
106000223,215,48,167
106000224,106,49,57
106000225,46,60,-14
106000226,53,98,-45
106000228,0,2,-2
106000229,36,96,-60
106000231,917,33,884
106000232,64,44,20
106000233,387,32,355
106000234,35,112,-77
106000235,121,88,33
106000236,24,241,-217
106000237,1,153,-152
106000238,16,31,-15
106000239,0,47,-47
106000240,4,0,4
106000241,0,350,-350
106000242,138,12,126
106000249,84,53,31
106000250,3,242,-239
106000251,83,2,81
106000252,22,2,20
106000253,98,14,84
106000254,31,6,25
106000255,50,55,-5
106000256,5,5,0
106000257,24,81,-57
106000258,40,37,3
106000259,8,22,-14
106000260,5,0,5
106000261,1,26,-25
106000262,54,2,52
106000263,3,7,-4
106000264,84,0,84
106000265,22,25,-3
106000266,99,8,91
106000267,0,22,-22
106000268,124,12,112
106000269,9,4,5
106000270,56,68,-12
106000271,26,33,-7
106000272,46,0,46
106000273,2,57,-55
106000274,59,1,58
106000275,122,64,58
106000276,9,8,1
106000277,81,94,-13
106000278,18,0,18
106000279,0,4,-4
106000280,92,6,86
106000281,25,23,2
106000282,58,15,43
106000283,16,7,9
106000284,64,17,47
106000285,27,33,-6
106000286,60,29,31
106000287,35,18,17
106000288,75,24,51
106000289,85,38,47
106000290,43,8,35
106000291,43,17,26
106000292,25,2,23
106000293,47,4,43
106000294,34,4,30
106000295,11,20,-9
106000296,4,10,-6
106000297,5,43,-38
106000298,23,24,-1
106000299,10,6,4
106000300,16,13,3
106000301,7,38,-31
106000303,33,18,15
106000304,22,3,19
106000305,50,26,24
106000306,19,9,10
106000307,101,4,97
106000308,4,18,-14
106000309,3,27,-24
106000310,158,113,45
106000311,314,48,266
106000312,109,26,83
106000313,181,57,124
106000318,7,88,-81
106000319,689,201,488
106000320,0,90,-90
106000321,27,212,-185
106000322,96,24,72
106000324,52,81,-29
106000325,1501,323,1178
106000326,516,473,43
106000327,253,22,231
106000328,10,11,-1
106000329,29,82,-53
106000330,26,60,-34
106000428,40,76,-36
106000429,106,214,-108
106000430,191,442,-251
106000431,1751,178,1573
106000432,437,782,-345
106000433,1650,724,926
106000434,2220,640,1580
106000435,755,719,36
106000436,1,75,-74
106000437,391,45,346
106000438,93,279,-186
106000439,10,370,-360
106000440,165,233,-68
106000441,0,0,0
106000442,181,1,180
106000443,197,41,156
106000450,0,57,-57
106000451,17,61,-44
106000454,1,76,-75
106000455,1,72,-71
106000456,52,10,42
106000457,7,151,-144
106000458,897,955,-58
106000459,121,253,-132
106000460,1610,37,1573
106000461,94,220,-126
106000462,0,21,-21
106000463,2,248,-246
106000464,1,85,-84
106000465,705,2,703
106000466,0,88,-88
106000467,65,250,-185
106000468,113,64,49
106000469,1229,23,1206
106000470,88,732,-644
106000471,0,156,-156
106000472,121,0,121
106000473,3,22,-19
106000474,464,343,121
106000475,605,151,454
106000476,137,154,-17
106000477,7,12,-5
106000480,0,174,-174
106900001,0,0,0
106900002,0,78,-78
106900003,34,373,-339
106900004,6,4,2
106900006,1,7,-6
106900007,0,2,-2
106900008,307,9,298
106900009,284,54,230
106900010,111,74,37
106900012,298,1454,-1156
106900013,296,164,132
106900014,36,0,36
106900015,8,0,8
106900016,237,10,227
106900017,5,0,5
106900018,24,0,24
106900019,200,0,200
106900020,603,932,-329
106900021,135,26,109
106900022,1106,1,1105
106900023,2,41,-39
106900024,401,20,381
106900025,0,99,-99
106900026,0,67,-67
106900027,799,3,796
107000001,1882,2447,-565
107000002,586,527,59
107000003,4897,4955,-58
107000004,1522,850,672
107000005,5042,3421,1621
107000006,1498,752,746
107000007,2668,3216,-548
107000008,1829,890,939
107000009,5378,3787,1591
107000010,2499,1664,835
107000011,244,319,-75
107000012,930,654,276
107000013,53,12,41
107000014,38,11,27
107000015,147,81,66
107000016,261,126,135
107000017,396,397,-1
107000018,2,242,-240
107000020,426,394,32
107000021,472,195,277
107000022,532,504,28
107000023,869,126,743
107000024,681,658,23
107000025,162,132,30
107000026,249,276,-27
107000027,911,192,719
107000028,683,348,335
107000029,2276,1403,873
107000030,1022,712,310
107000031,2785,1109,1676
107000032,142,324,-182
107000033,769,1360,-591
107000034,1306,357,949
107000035,116,102,14
107000036,219,637,-418
107000037,53,404,-351
107000038,72,55,17
107000039,456,432,24
107000040,81,97,-16
107000041,347,172,175
107000042,123,1126,-1003
107000043,625,272,353
107000044,79,152,-73
107000045,19,73,-54
107000046,373,121,252
107000047,213,240,-27
107000048,388,150,238
107000049,212,274,-62
107000050,337,198,139
107000051,125,132,-7
107000052,567,1190,-623
107000053,247,318,-71
107000054,48,75,-27
107000055,228,135,93
107000056,297,268,29
107000057,543,130,413
107000058,1483,1170,313
107000059,733,1212,-479
107000060,3960,2947,1013
107000061,1871,971,900
107000062,4312,1320,2992
107000063,1375,1011,364
107000064,3564,2074,1490
107000065,1046,1202,-156
107000066,714,1329,-615
107000067,684,406,278
107000068,313,425,-112
107000069,621,427,194
107000070,717,4,713
107000071,2483,14,2469
107000072,5,413,-408
107000073,612,418,194
107000074,49,253,-204
107000075,1361,104,1257
107000076,53,303,-250
107000077,1966,281,1685
107000078,271,419,-148
107000079,2074,393,1681
107000080,192,525,-333
107000081,3096,367,2729
107000082,219,271,-52
107000083,953,492,461
107000084,103,179,-76
107000085,1316,1191,125
107000086,1021,667,354
107000087,1499,949,550
107000088,806,955,-149
107000089,907,925,-18
107000090,372,337,35
107000091,877,409,468
107000092,331,328,3
107000093,788,499,289
107000094,339,246,93
107000095,934,343,591
107000096,272,311,-39
107000097,1463,168,1295
107000098,162,326,-164
107000099,316,163,153
107000100,69,137,-68
107000101,69,194,-125
107000102,123,149,-26
107000103,263,161,102
107000104,77,193,-116
107000105,330,141,189
107000106,65,100,-35
107000107,773,90,683
107000108,70,117,-47
107000109,804,110,694
107000110,5,187,-182
107000111,348,7,341
107000112,3,119,-116
107000113,810,42,768
107000114,8,271,-263
107000115,518,345,173
107000116,46,279,-233
107000117,55,1185,-1130
107000118,42,68,-26
107000119,473,1241,-768
107000120,501,465,36
107000121,552,233,319
107000122,370,280,90
107000123,392,185,207
107000124,332,232,100
107000125,704,129,575
107000126,861,160,701
107000129,154,235,-81
107000130,732,288,444
107000131,187,412,-225
107000132,347,136,211
107000133,246,95,151
107000134,109,0,109
107000135,1,189,-188
107000136,350,1,349
107000137,6,130,-124
107000138,20,6,14
107000139,2,202,-200
107000140,712,40,672
107000141,57,301,-244
107000142,322,21,301
107000143,10,253,-243
107000144,291,382,-91
107000145,18,104,-86
107000146,161,182,-21
107000147,2225,364,1861
107000150,74,2551,-2477
107000151,4,19,-15
107000152,191,1988,-1797
107000153,60,65,-5
107000154,0,77,-77
107000155,546,1,545
107000156,776,3,773
107000157,2,263,-261
107000158,828,2,826
107000159,3,148,-145
107000160,1212,85,1127
107000161,12,206,-194
107000162,132,349,-217
107000163,120,39,81
107000164,742,0,742
107000165,1100,16,1084
107000166,1,80,-79
107000167,376,87,289
107000168,664,180,484
107000169,136,189,-53
107000170,2437,250,2187
107000171,109,172,-63
107000172,913,1206,-293
107000173,150,146,4
107000174,660,3893,-3233
107000175,1163,308,855
107000176,0,0,0
107000177,1,0,1
107000178,75,0,75
107000179,178,495,-317
107000180,1584,126,1458
107000181,242,207,35
107000182,1747,156,1591
107000183,123,268,-145
107000184,1027,183,844
107000185,187,321,-134
107000186,528,91,437
107000187,602,449,153
107000188,381,146,235
107000189,512,253,259
107000190,614,218,396
107000191,696,218,478
107000192,958,179,779
107000193,188,122,66
107000194,351,86,265
107000197,691,38,653
107000198,195,359,-164
107000199,210,218,-8
107000200,525,326,199
107000201,117,76,41
107000202,149,224,-75
107000203,169,361,-192
107000204,139,856,-717
107000205,188,158,30
107000206,105,407,-302
107000207,163,198,-35
107000208,134,199,-65
107000209,254,292,-38
107000210,47,64,-17
107000211,6,14,-8
107000212,54,25,29
107000213,1,1,0
107000214,2,2,0
107000215,256,55,201
107000216,195,69,126
107000217,130,23,107
107000219,33,52,-19
107000220,18,42,-24
107000222,72,91,-19
107000224,222,32,190
107000225,72,107,-35
107000226,332,27,305
107000227,40,44,-4
107000228,32,136,-104
107000229,23,94,-71
107000230,380,171,209
107000231,224,479,-255
107000232,34,3,31
107000233,60,295,-235
107000234,0,33,-33
107000235,44,16,28
107000236,1,79,-78
107000237,124,0,124
107000238,23,9,14
107000239,633,173,460
107000240,25,66,-41
107000243,0,72,-72
107000244,4,14,-10
107000246,1,244,-243
107000249,0,305,-305
107000251,0,5,-5
107000252,0,123,-123
107000255,43,56,-13
107000257,0,338,-338
107000258,0,136,-136
107000259,0,67,-67
107000260,1268,9,1259
107000262,0,82,-82
107000263,319,0,319
107000266,1,1,0
107000267,6,15,-9
107000268,89,17,72
107000269,9,1,8
107000270,98,27,71
107000271,0,0,0
107000272,78,0,78
107000273,0,63,-63
107000274,142,1,141
107000275,31,251,-220
107000280,1087,16,1071
107000281,30,81,-51
107000282,7,227,-220
107000290,9,3,6
107000291,1,13,-12
107000292,0,32,-32
107000293,7,9,-2
107000294,0,46,-46
107000295,26,5,21
107000296,0,6,-6
107000444,164,0,164
107000496,3,16,-13
107000497,391,446,-55
107000500,200,55,145
107000501,15,95,-80
107000502,101,72,29
107000505,111,236,-125
107000506,0,0,0
107000508,0,54,-54
107000509,63,342,-279
107000510,23,7,16
107000514,54,344,-290
107000515,4,26,-22
107000516,426,135,291
107000518,937,1411,-474
107000519,307,190,117
107000520,115,12,103
107000521,704,69,635
107000522,1124,308,816
107900001,26,33,-7
107900002,13,1,12
107900003,278,5,273
107900004,2,0,2
107900005,1653,11,1642
107900006,49,8,41
107900007,193,8,185
107900008,38,18,20
107900009,84,12,72
107900010,74,0,74
107900012,217,64,153
107900013,83,5,78
107900014,102,0,102
107900015,1251,13,1238
107900016,119,78,41
107900017,35,0,35
107900018,44,280,-236
107900019,1,1,0
107900020,1,17,-16
107900021,129,3,126
107900023,21,1,20
107900024,0,1,-1
107900025,101,23,78
107900026,52,8,44
107900027,1,127,-126
107900028,106,5,101
107900030,209,1,208
107900031,76,19,57
107900032,16,0,16
107900033,26,12,14
107900034,86,4,82
107900035,1263,30,1233
107900036,29,24,5
107900037,0,2,-2
107900038,11,155,-144
107900039,49,5,44
107900040,13,169,-156
107900041,2,0,2
107900043,33,17,16
107900044,4,5,-1
107900045,58,34,24
107900046,273,148,125
107900047,68,8,60
107900048,204,14,190
107900049,84,405,-321
107900050,4,45,-41
107900051,26,3,23
107900052,0,48,-48
107900053,91,14,77
107900055,118,37,81
107900056,19,78,-59
107900057,0,0,0
107900058,22,98,-76
107900060,0,19,-19
107900061,1,60,-59
107900063,60,28,32
107900064,54,381,-327
107900065,391,7,384
107900066,22,2,20
107900067,0,0,0
107900068,9,268,-259
107900069,1,2109,-2108
107900070,146,121,25
107900071,11,65,-54
107900072,108,25,83
107900073,73,26,47
107900074,90,161,-71
107900076,107,11,96
107900077,111,2,109
107900079,10,13,-3
107900080,12,413,-401
107900081,29,27,2
107900082,4,4,0
107900083,289,83,206
107900084,107,58,49
107900086,26,138,-112
107900087,54,7,47
107900088,34,0,34
107900089,56,137,-81
107900090,59,947,-888
107900091,49,64,-15
107900093,57,14,43
107900095,325,623,-298
107900097,3,13,-10
107900098,102,94,8
107900100,125,718,-593
107900101,116,20,96
107900102,37,1,36
107900103,9,26,-17
107900104,245,1,244
107900105,0,56,-56
107900106,0,93,-93
107900107,244,139,105
107900108,37,7,30
107900109,1402,8,1394
107900110,57,4,53
107900111,0,62,-62
107900112,12,234,-222
107900113,125,1,124
107900114,207,15,192
107900115,0,11,-11
107900116,155,30,125
107900117,101,84,17
107900118,2,28,-26
107900119,36,89,-53
107900120,16,2,14
107900121,1,24,-23
107900122,0,10,-10
107900123,2,25,-23
107900124,1,9,-8
107900125,2,18,-16
107900126,11,3,8
107900127,330,85,245
107900128,40,7,33
107900129,123,11,112
107900130,83,3,80
107900131,11,34,-23
107900132,3,73,-70
107900133,0,16,-16
107900134,3,5,-2
107900135,0,20,-20
107900136,2,10,-8
107900137,14,4,10
107900138,110,13,97
107900139,88,4,84
107900141,6,13,-7
107900142,10,94,-84
107900143,6,1,5
107900144,1,8,-7
107900145,0,18,-18
107900146,13,24,-11
107900147,6,2,4
107900148,79,26,53
107900149,176,28,148
107900150,0,71,-71
107900151,33,8,25
107900152,0,26,-26
107900153,30,68,-38
107900154,75,7,68
107900155,52,2,50
107900156,1,4,-3
107900157,1,13,-12
107900158,884,50,834
107900159,7,80,-73
107900160,46,30,16
107900161,19,36,-17
107900162,1,17,-16
107900163,1,69,-68
107900164,12,3,9
107900165,11,254,-243
107900166,16,26,-10
107900167,1,41,-40
107900168,27,2,25
107900169,0,90,-90
107900171,2,140,-138
107900172,10,27,-17
107900173,89,26,63
107900174,71,0,71
107900175,0,26,-26
107900176,50,0,50
107900177,0,50,-50
107900178,0,11,-11
107900179,2,20,-18
107900180,55,574,-519
107900181,51,120,-69
107900182,0,104,-104
107900183,28,37,-9
107900184,52,12,40
107900185,51,4,47
107900186,24,2,22
107900187,0,47,-47
107900188,103,33,70
107900189,7,11,-4
107900190,2,39,-37
107900191,24,58,-34
107900193,1,45,-44
107900194,59,1,58
107900195,141,52,89
107900196,37,2,35
107900197,73,85,-12
107900199,0,175,-175
107900201,22,27,-5
107900203,29,9,20
107900204,81,47,34
107900206,29,327,-298
107900207,0,73,-73
107900208,0,69,-69
107900209,36,27,9
107900210,31,6,25
107900213,17,72,-55
107900214,0,17,-17
107900215,42,120,-78
107900216,0,13,-13
107900217,54,2,52
107900218,0,164,-164
107900219,3,6,-3
107900220,5,40,-35
107900221,25,32,-7
107900223,76,22,54
107900224,9,167,-158
107900225,0,75,-75
107900226,0,54,-54
107900227,36,58,-22
107900228,4,10,-6
107900229,0,42,-42
107900230,39,9,30
107900231,39,10,29
107900232,182,10,172
107900233,1,44,-43
107900234,153,24,129
107900235,7,20,-13
107900236,245,3,242
107900237,14,137,-123
107900238,9,5,4
107900239,82,218,-136
107900240,3,11,-8
107900241,2,64,-62
107900242,5,62,-57
107900243,1,12,-11
107900244,242,8,234
107900245,569,13,556
107900246,129,31,98
107900248,147,9,138
107900249,683,41,642
107900250,0,83,-83
107900251,1,129,-128
107900252,374,40,334
107900253,139,3,136
107900254,13,76,-63
107900255,16,22,-6
107900256,87,318,-231
107900257,148,48,100
107900258,56,15,41
107900259,12,1694,-1682
107900261,0,20,-20
107900262,21,11,10
107900264,349,25,324
107900265,60,37,23
107900267,283,2,281
107900268,2,2,0
107900269,1,0,1
107900270,0,5,-5
107900271,1,32,-31
107900272,14,30,-16
107900273,34,33,1
107900274,69,0,69
107900275,8,5,3
107900276,0,38,-38
107900277,0,9,-9
107900278,198,29,169
107900279,8,17,-9
107900280,694,209,485
107900281,335,3768,-3433
107900282,39,780,-741
107900283,228,457,-229
107900284,390,169,221
107900285,80,26,54
107900286,6,2,4
107900287,368,35,333
107900290,0,283,-283
107900291,237,11,226
107900292,33,32,1
107900293,26,101,-75
107900295,7,8,-1
107900297,0,78,-78
107900298,169,232,-63
107900299,1040,1718,-678
107900301,219,250,-31
107900302,68,9,59
107900303,342,107,235
107900304,251,60,191
107900305,191,1,190
107900306,1,28,-27
107900307,6,80,-74
107900308,167,37,130
107900309,7,0,7
107900310,2,0,2
107900311,171,299,-128
107900312,32,0,32
107900313,1,77,-76
107900314,1,123,-122
107900315,8,49,-41
107900316,31,0,31
107900317,48,3,45
107900318,1,94,-93
107900319,0,2,-2
107900320,0,29,-29
107900321,27,1,26
107900322,0,11,-11
107900323,0,48,-48
107900324,29,0,29
107900325,146,0,146
107900326,290,21,269
107900327,2,47,-45
107900328,1,0,1
107900329,1,10,-9
107900330,1,30,-29
107900331,361,0,361
107900332,347,2,345
107900333,106,2,104
107900334,1,41,-40
107900335,28,4,24
107900336,43,7,36
107900337,214,665,-451
107900338,1,92,-91
107900339,1,2,-1
107900340,0,102,-102
107900341,21,0,21
107900342,113,44,69
107900343,52,0,52
107900344,0,39,-39
107900345,3,6,-3
107900346,2,0,2
107900347,19,0,19
107900348,1,0,1
107900349,24,0,24
107900350,4,80,-76
107900351,15,7,8
107900352,0,3,-3
107900353,7,1,6
107900354,2,66,-64
108000001,2814,1445,1369
108000002,478,757,-279
108000003,1515,899,616
108000004,4108,4088,20
108000005,5375,2340,3035
108000006,1123,1207,-84
108000007,3731,1607,2124
108000008,1123,1098,25
108000009,3374,1857,1517
108000010,981,1191,-210
108000011,8516,4728,3788
108000012,3091,3446,-355
108000014,231,686,-455
108000015,433,132,301
108000016,38,211,-173
108000017,813,171,642
108000018,1050,250,800
108000019,326,192,134
108000020,487,125,362
108000021,66,246,-180
108000022,96,248,-152
108000023,845,87,758
108000024,235,110,125
108000025,344,15,329
108000026,631,81,550
108000027,596,68,528
108000028,869,101,768
108000029,374,150,224
108000030,264,113,151
108000031,95,57,38
108000032,1648,177,1471
108000033,148,193,-45
108000034,1579,130,1449
108000035,217,437,-220
108000036,62,355,-293
108000037,1458,89,1369
108000038,2481,104,2377
108000039,144,468,-324
108000040,1416,296,1120
108000041,177,398,-221
108000042,419,32,387
108000043,59,62,-3
108000044,648,35,613
108000045,25,69,-44
108000046,1151,90,1061
108000047,129,144,-15
108000048,16,94,-78
108000049,708,82,626
108000050,73,173,-100
108000051,359,138,221
108000052,40,156,-116
108000053,281,107,174
108000054,132,276,-144
108000055,582,191,391
108000056,190,485,-295
108000057,523,661,-138
108000058,837,2268,-1431
108000059,739,472,267
108000060,178,401,-223
108000061,157,122,35
108000062,735,175,560
108000063,295,98,197
108000064,315,155,160
108000065,327,158,169
108000066,573,206,367
108000067,1474,323,1151
108000068,692,183,509
108000069,90,228,-138
108000070,1690,224,1466
108000071,181,408,-227
108000072,1126,286,840
108000073,322,415,-93
108000074,752,170,582
108000075,105,172,-67
108000076,738,161,577
108000077,254,165,89
108000078,2158,400,1758
108000079,176,282,-106
108000080,1539,155,1384
108000081,169,338,-169
108000082,224,284,-60
108000083,1209,297,912
108000084,116,186,-70
108000085,815,224,591
108000086,124,111,13
108000087,83,1339,-1256
108000088,701,139,562
108000089,107,147,-40
108000091,40,233,-193
108000092,442,19,423
108000093,194,174,20
108000094,956,25,931
108000095,51,138,-87
108000096,537,93,444
108000097,52,68,-16
108000098,1613,548,1065
108000099,760,90,670
108000100,125,300,-175
108000101,864,474,390
108000102,1056,2350,-1294
108000106,667,0,667
108000107,0,300,-300
108000108,537,42,495
108000109,4,218,-214
108000110,323,58,265
108000111,124,237,-113
108000112,15,84,-69
108000113,228,140,88
108000115,130,82,48
108000117,233,167,66
108000118,89,911,-822
108000119,326,103,223
108000120,65,562,-497
108000121,162,184,-22
108000122,640,199,441
108000123,347,47,300
108000124,159,84,75
108000125,370,72,298
108000126,188,71,117
108000127,469,82,387
108000128,507,24,483
108000129,165,97,68
108000130,377,66,311
108000131,498,73,425
108000132,116,198,-82
108000133,1001,70,931
108000134,143,44,99
108000135,1183,299,884
108000136,75,85,-10
108000137,424,87,337
108000138,289,152,137
108000139,492,100,392
108000140,444,4,440
108000141,2,3,-1
108000142,5,19,-14
108000143,13,75,-62
108000144,635,11,624
108000145,41,4,37
108000146,768,22,746
108000147,6,9,-3
108000148,683,31,652
108000149,6,4,2
108000150,72,8,64
108000151,10,31,-21
108000152,28,68,-40
108000153,609,28,581
108000154,21,1,20
108000155,102,15,87
108000156,317,106,211
108000157,29,1593,-1564
108000158,40,494,-454
108000159,52,52,0
108000160,800,800,0
108000161,563,1981,-1418
108000165,5,172,-167
108000172,10,115,-105
108000173,248,946,-698
108000175,833,51,782
108000178,237,108,129
108000179,38,619,-581
108000181,60,2,58
108000182,52,19,33
108000183,2,65,-63
108000184,153,1900,-1747
108000185,143,41,102
108000186,483,47,436
108000187,49,123,-74
108000188,747,41,706
108000189,270,8013,-7743
108000190,12,68,-56
108000192,171,70,101
108000193,102,1,101
108000194,15,8,7
108000195,0,157,-157
108000196,47,41,6
108000198,397,52,345
108000199,0,41,-41
108000200,820,37,783
108000203,63,97,-34
108000204,230,68,162
108000205,45,49,-4
108000339,326,204,122
108000364,114,193,-79
108000365,10,56,-46
108000367,19,69,-50
108000368,6,16,-10
108000369,140,106,34
108000371,3,392,-389
108000372,569,1,568
108000373,206,65,141
108000376,82,5,77
108000377,573,93,480
108000378,5537,7476,-1939
108000379,1,39,-38
108000381,145,9,136
108000382,63,0,63
108000383,0,114,-114
108900001,7,82,-75
108900002,103,21,82
108900003,23,202,-179
108900004,20,246,-226
108900007,251,45,206
108900008,126,16,110
108900009,60,48,12
108900010,369,17,352
108900011,853,62,791
108900012,393,92,301
108900013,103,53,50
108900014,12,37,-25
108900015,1,137,-136
108900016,0,71,-71
108900017,27,95,-68
108900018,79,81,-2
108900019,3,64,-61
108900020,11,44,-33
108900021,26,59,-33
108900022,28,0,28
108900023,14,47,-33
108900024,32,32,0
108900025,163,17,146
108900026,7,10,-3
108900027,0,36,-36
108900028,62,62,0
108900029,21,25,-4
108900030,1,5,-4
108900031,34,51,-17
108900032,0,23,-23
108900033,0,19,-19
108900034,0,33,-33
108900035,65,255,-190
108900038,3,56,-53
108900039,0,37,-37
108900040,4,45,-41
108900041,1328,1125,203
108900042,0,230,-230
108900043,4,153,-149
108900044,0,89,-89
108900045,88,71,17
108900046,6,95,-89
108900047,3,49,-46
108900048,14,169,-155
108900049,319,1026,-707
108900050,1,99,-98
108900051,1,22,-21
108900052,8,27,-19
108900053,9,168,-159
108900054,29,27,2
108900055,5,75,-70
108900056,0,24,-24
108900057,0,44,-44
108900058,27,56,-29
108900059,536,37,499
108900060,22,33,-11
108900061,3,9,-6
108900062,1,55,-54
108900063,39,50,-11
108900064,240,3,237
108900065,7,54,-47
108900066,238,11,227
108900067,0,53,-53
108900068,19,46,-27
108900069,62,8,54
108900070,1,17,-16
108900071,79,21,58
108900072,584,113,471
108900073,13,32,-19
108900074,253,51,202
108900075,1,10,-9
108900076,443,6,437
108900077,37,115,-78
108900078,57,26,31
108900079,129,23,106
108900080,6,541,-535
108900081,16,82,-66
108900082,43,43,0
108900083,3,115,-112
108900085,364,25,339
108900086,123,32,91
108900087,56,57,-1
108900088,154,97,57
108900089,2,21,-19
108900090,65,26,39
108900091,50,7,43
108900092,128,102,26
108900093,48,11,37
108900094,103,25,78
108900095,20,55,-35
108900096,90,4,86
108900097,110,60,50
108900098,380,587,-207
108900099,130,48,82
108900100,24,29,-5
108900101,109,80,29
108900102,1,846,-845
108900103,212,108,104
108900105,3,1375,-1372
108900106,220,56,164
108900108,152,4,148
108900109,612,23,589
108900110,24,63,-39
108900111,143,91,52
108900113,77,11,66
108900114,126,22,104
108900115,99,47,52
108900116,30,3,27
108900117,131,1,130
108900118,511,9,502
108900119,286,4,282
108900120,337,98,239
108900121,124,40,84
108900122,174,11,163
108900123,334,50,284
108900124,455,38,417
108900125,672,1,671
108900126,98,33,65
108900127,226,41,185
108900128,146,19,127
108900129,739,46,693
108900130,267,0,267
108900131,467,2,465
108900132,398,6,392
108900133,239,24,215
108900134,529,38,491
108900135,267,5,262
108900136,6,0,6
108900137,145,0,145
108900138,454,18,436
108900140,392,19,373
108900141,404,10,394
108900142,38,0,38
108900143,81,1,80
108900144,44,0,44
108900145,197,18,179
108900146,46,0,46
108900147,270,0,270
108900148,20,2,18
108900150,110,11,99
108900151,4,4,0
108900152,39,0,39
108900153,108,26,82
108900154,3283,196,3087
108900156,80,2,78
108900157,0,69,-69
108900158,454,1,453
108900159,13,52,-39
108900160,5,84,-79
108900161,10,96,-86
108900162,108,8,100
108900163,1,347,-346
108900164,27,34,-7
108900168,1624,1162,462
108900169,25,30,-5
108900171,1160,2458,-1298
108900172,69,17,52
108900173,64,61,3
108900174,948,64,884
108900176,15,92,-77
108900177,1299,4857,-3558
108900178,739,2694,-1955
108900180,59,131,-72
108900183,36,32,4
108900184,251,70,181
108900185,27,74,-47
108900186,21,127,-106
108900189,150,2,148
108900190,3,250,-247
108900192,24,49,-25
108900195,43,24,19
108900196,3,47,-44
108900199,125,98,27
108900200,564,152,412
108900201,117,257,-140
108900203,221,21,200
108900204,294,4,290
108900205,169,19,150
108900206,203,40,163
108900207,161,117,44
108900208,5,75,-70
108900209,86,104,-18
108900210,136,15,121
108900211,69,214,-145
108900212,34,787,-753
108900215,27,127,-100
108900216,95,160,-65
108900217,34,0,34
108900218,27,5,22
108900221,14,38,-24
108900224,63,32,31
108900225,2,50,-48
108900227,69,78,-9
108900230,72,36,36
108900232,0,94,-94
108900233,230,52,178
108900234,84,61,23
108900235,48,134,-86
108900236,6,113,-107
108900240,68,23,45
108900241,55,33,22
108900245,0,919,-919
108900250,188,14,174
108900258,1,38,-37
108900259,6,20,-14
108900260,8,1,7
108900261,5,18,-13
108900262,75,9,66
108900263,19,9,10
108900264,11,24,-13
108900265,87,238,-151
108900266,56,450,-394
108900267,17,210,-193
108900268,0,4,-4
108900269,26,22,4
108900270,58,6,52
108900271,37,1,36
108900272,107,0,107
108900273,68,210,-142
108900274,25,20,5
109000001,1969,2261,-292
109000002,239,1056,-817
109000003,1970,243,1727
109000004,229,776,-547
109000005,1461,220,1241
109000006,255,506,-251
109000007,1558,176,1382
109000008,316,330,-14
109000009,2469,372,2097
109000010,254,827,-573
109000011,3459,939,2520
109000012,581,739,-158
109000013,3499,2788,711
109000014,647,457,190
109000015,2668,9337,-6669
109000016,988,587,401
109000017,2755,435,2320
109000018,394,645,-251
109000019,1934,694,1240
109000020,399,420,-21
109000023,109,4,105
109000024,20,112,-92
109000025,143,362,-219
109000026,238,119,119
109000027,40,276,-236
109000028,37,37,0
109000029,32,223,-191
109000030,3,61,-58
109000031,300,32,268
109000032,14,55,-41
109000033,483,102,381
109000034,18,13,5
109000035,1,2,-1
109000036,50,267,-217
109000037,181,2800,-2619
109000038,170,133,37
109000039,723,461,262
109000040,860,8268,-7408
109000041,557,1649,-1092
109000042,333,1052,-719
109000044,262,40,222
109000045,106,35,71
109000046,291,13,278
109000047,28,22,6
109000048,266,137,129
109000049,29,15,14
109000050,316,122,194
109000051,29,12,17
109000052,229,188,41
109000053,1808,78,1730
109000054,33,171,-138
109000055,134,63,71
109000056,110,96,14
109000057,569,281,288
109000058,84,71,13
109000059,13,350,-337
109000060,62,380,-318
109000061,112,975,-863
109000062,72,248,-176
109000063,85,16,69
109000064,502,21,481
109000065,105,33,72
109000066,354,42,312
109000067,43,28,15
109000068,238,3,235
109000069,322,25,297
109000070,0,244,-244
109000071,182,46,136
109000072,67,166,-99
109000073,25,72,-47
109000074,0,96,-96
109000075,22,16,6
109000076,102,185,-83
109000077,179,103,76
109000078,58,53,5
109000079,50,74,-24
109000080,183,52,131
109000081,95,144,-49
109000082,597,103,494
109000083,184,191,-7
109000088,158,61,97
109000089,433,51,382
109000090,57,86,-29
109000091,329,28,301
109000092,128,93,35
109000093,285,19,266
109000094,918,2,916
109000095,97,155,-58
109000096,756,55,701
109000097,10,47,-37
109000098,40,91,-51
109000099,566,101,465
109000100,175,249,-74
109000101,1087,216,871
109000102,192,158,34
109000103,1152,146,1006
109000104,1846,102,1744
109000105,193,186,7
109000106,1271,120,1151
109000107,235,252,-17
109000108,2148,279,1869
109000109,170,180,-10
109000110,754,300,454
109000111,356,241,115
109000112,91,52,39
109000113,202,53,149
109000114,76,112,-36
109000115,386,29,357
109000116,31,331,-300
109000117,160,6,154
109000118,9,133,-124
109000119,1545,29,1516
109000120,236,214,22
109000121,1030,28,1002
109000122,134,139,-5
109000123,26,107,-81
109000124,556,118,438
109000125,709,96,613
109000126,226,144,82
109000127,2388,56,2332
109000128,285,275,10
109000129,2747,140,2607
109000130,236,367,-131
109000131,1144,622,522
109000132,303,597,-294
109000133,56,212,-156
109000134,174,306,-132
109000135,276,334,-58
109000136,104,194,-90
109000137,171,137,34
109000138,148,60,88
109000139,374,113,261
109000140,86,205,-119
109000141,707,145,562
109000142,113,164,-51
109000143,17,26,-9
109000145,12,53,-41
109000146,10,1,9
109000148,518,485,33
109000149,9,37,-28
109000150,31,87,-56
109000155,619,490,129
109000156,429,51,378
109000158,4,116,-112
109000159,40,101,-61
109000160,1160,87,1073
109000161,365,242,123
109000162,1319,162,1157
109000163,934,284,650
109000164,909,596,313
109000165,1001,150,851
109000166,484,22,462
109000167,25,76,-51
109000170,28,21,7
109000171,55,3,52
109000172,0,22,-22
109000173,10,117,-107
109000174,125,8,117
109000175,76,91,-15
109000176,247,36,211
109000177,14,21,-7
109000178,718,96,622
109000179,1075,3789,-2714
109000180,1137,1524,-387
109000181,45,11,34
109000182,34,13,21
109000183,7,23,-16
109000184,69,24,45
109000185,38,13,25
109000188,210,320,-110
109000189,2071,337,1734
109000190,333,177,156
109000191,235,194,41
109000192,480,24,456
109000193,218,20,198
109000194,141,11,130
109000195,163,27,136
109000196,132,14,118
109000197,151,76,75
109000198,212,21,191
109000199,44,73,-29
109000206,89,2,87
109000207,162,6,156
109000208,93,72,21
109000209,92,28,64
109000210,51,113,-62
109000211,1080,135,945
109000214,207,162,45
109000215,70,59,11
109000216,296,248,48
109000217,35,85,-50
109000218,129,111,18
109000221,83,210,-127
109000222,340,26,314
109000223,400,290,110
109000224,75,45,30
109000225,303,32,271
109000226,84,55,29
109000227,1492,249,1243
109000228,0,65,-65
109000231,1,31,-30
109000232,510,71,439
109000236,101,198,-97
109000241,1010,439,571
109000242,863,206,657
109000293,48,68,-20
109000361,186,65,121
109000364,29,82,-53
109000396,4,101,-97
109000397,561,4,557
109000399,73,97,-24
109000400,132,94,38
109000403,3,939,-936
109000406,373,1,372
109000407,70,9,61
109000408,0,8,-8
109000410,427,81,346
109000411,158,7,151
109000412,1,23,-22
109900001,102,0,102
109900002,456,9,447
109900003,601,1,600
109900005,8,0,8
109900006,463,37,426
109900007,1087,61,1026
109900008,0,4,-4
109900009,30,80,-50
109900010,519,10,509
109900011,66,5,61
109900012,259,53,206
109900013,301,23,278
109900014,120,15,105
109900015,67,16,51
109900016,87,1,86
109900017,179,31,148
109900018,75,1,74
109900019,29,9,20
109900020,41,4,37
109900021,25,2,23
109900022,113,42,71
109900023,16,8,8
109900024,6,0,6
109900025,0,6,-6
109900027,27,1,26
109900028,252,1845,-1593
109900029,1,35,-34
109900030,11,3,8
109900031,1,200,-199
109900032,14,121,-107
109900033,0,144,-144
109900034,5,20,-15
109900035,18,21,-3
109900036,0,9,-9
109900037,7,103,-96
109900038,37,42,-5
109900039,0,0,0
109900040,18,91,-73
109900041,18,46,-28
109900042,14,86,-72
109900044,20,63,-43
109900045,56,32,24
109900046,258,45,213
109900047,56,110,-54
109900048,0,32,-32
109900049,2,29,-27
109900050,0,19,-19
109900051,0,5,-5
109900052,24,32,-8
109900053,0,41,-41
109900054,1133,35,1098
109900055,90,96,-6
109900056,5,95,-90
109900057,0,30,-30
109900058,0,63,-63
109900060,705,27,678
109900061,14,30,-16
109900062,0,86,-86
109900064,278,29,249
109900065,49,18,31
109900066,16,243,-227
109900067,0,51,-51
109900068,48,4,44
109900069,2,3,-1
109900071,0,2,-2
109900072,0,13,-13
109900073,395,65,330
109900074,0,5,-5
109900075,3,4,-1
109900076,10,43,-33
109900077,0,28,-28
109900078,30,29,1
109900080,69,52,17
109900081,1,77,-76
109900082,12,42,-30
109900083,10,10,0
109900084,10,31,-21
109900085,46,104,-58
109900086,33,1043,-1010
109900087,36,77,-41
109900089,409,42,367
109900092,95,14,81
109900093,837,81,756
109900094,12,20,-8
109900095,52,49,3
109900096,110,3,107
109900097,89,0,89
109900098,723,10,713
109900099,351,0,351
109900100,21,0,21
109900101,1196,0,1196
109900102,235,5,230
109900103,4,23,-19
109900104,862,89,773
109900105,413,12,401
109900106,233,18,215
109900107,455,9,446
109900108,34,70,-36
109900109,16,36,-20
109900111,41,89,-48
109900114,87,552,-465
109900115,121,33,88
109900117,1163,32,1131
109900121,91,39,52
109900123,1,30,-29
109900125,0,69,-69
109900126,386,11,375
109900130,1256,2248,-992
109900131,3,21,-18
109900132,2,25,-23
109900134,22,20,2
109900135,64,20,44
109900137,136,42,94
109900140,53,22,31
109900149,3,6,-3
109900150,2,19,-17
109900151,8,2,6
109900152,3,3,0
109900153,0,7,-7
109900154,0,0,0
109900155,3,1,2
109900157,40,17,23
109900159,42,8,34
109900161,327,6,321
109900162,233,14,219
109900163,193,32,161
109900164,45,126,-81
109900165,117,1,116
109900166,0,29,-29
109900167,95,126,-31
109900168,45,148,-103
109900169,129,33,96
109900170,42,931,-889
109900171,216,71,145
109900172,136,151,-15
109900173,550,1280,-730
109900174,0,19,-19
109900175,9,20,-11
109900176,37,24,13
109900177,4,7,-3
109900178,0,56,-56
109900179,1,42,-41
109900180,4,0,4
110000001,182,143,39
110000002,381,280,101
110000003,181,339,-158
110000004,283,323,-40
110000005,201,1644,-1443
110000006,112,243,-131
110000007,36,28,8
110000008,2,128,-126
110000009,3,5,-2
110000010,20,38,-18
110000011,2,13,-11
110000012,327,139,188
110000013,24,395,-371
110000014,434,244,190
110000015,91,368,-277
110000016,176,934,-758
110000017,1446,174,1272
110000018,887,213,674
110000019,2,25,-23
110000020,162,96,66
110000021,84,58,26
110000022,459,17,442
110000023,2,22,-20
110000024,206,131,75
110000025,710,3,707
110000026,0,79,-79
110000027,148,281,-133
110000028,597,106,491
110000029,225,302,-77
110000030,254,217,37
110000031,182,138,44
110000032,581,56,525
110000033,28,94,-66
110000034,604,137,467
110000035,209,639,-430
110000036,936,183,753
110000037,47,391,-344
110000038,128,440,-312
110000039,533,3683,-3150
110000040,204,168,36
110000041,332,2206,-1874
110000042,62,123,-61
110000043,627,299,328
110000044,18,97,-79
110000045,50,64,-14
110000046,11,35,-24
110000047,8,43,-35
110000048,3,89,-86
110000049,13,12,1
110000050,3,91,-88
110000051,3,5,-2
110000052,24,48,-24
110000053,3,7,-4
110000054,30,138,-108
110000055,151,51,100
110000056,50,56,-6
110000057,156,352,-196
110000058,410,214,196
110000059,223,233,-10
110000060,764,290,474
110000061,156,225,-69
110000062,426,296,130
110000063,20,178,-158
110000064,26,14,12
110000065,106,101,5
110000066,33,5,28
110000067,14,35,-21
110000068,187,39,148
110000069,683,18,665
110000071,500,12,488
110000073,13,2,11
110000075,31,1,30
110000076,302,261,41
110000077,105,618,-513
110000078,86,15,71
110000080,56,84,-28
110000081,31,56,-25
110000082,18,89,-71
110000083,106,88,18
110000084,672,493,179
110000085,488,368,120
110000086,369,1115,-746
110000087,6,5,1
110000088,136,58,78
110000089,169,23,146
110000090,67,46,21
110000091,181,80,101
110000092,6,23,-17
110000093,22,4,18
110000094,117,50,67
110000095,92,487,-395
110000096,523,1452,-929
110000097,415,1111,-696
110000098,833,112,721
110000099,599,746,-147
110000100,1543,80,1463
110000101,111,54,57
110000102,66,32,34
110000104,246,114,132
110000105,70,110,-40
110000106,152,407,-255
110000107,42,154,-112
110000108,74,118,-44
110000109,61,93,-32
110000110,570,805,-235
110000111,707,1415,-708
110000112,92,308,-216
110000113,31,1747,-1716
110000114,292,341,-49
110000115,436,55,381
110000116,43,22,21
110000117,379,51,328
110000118,487,51,436
110000119,501,63,438
110000120,213,31,182
110000121,41,309,-268
110000122,270,177,93
110000123,368,135,233
110000124,2,236,-234
110000125,285,1,284
110000126,116,5,111
110000127,415,10,405
110000128,0,174,-174
110000129,3,135,-132
110000130,156,38,118
110000131,53,207,-154
110000132,1,169,-168
110000133,16,108,-92
110000134,28,156,-128
110000135,138,1,137
110000136,27,62,-35
110000137,472,63,409
110000138,479,109,370
110000139,897,90,807
110000140,523,252,271
110000143,180,160,20
110000144,660,588,72
110000145,634,433,201
110000146,374,173,201
110000147,136,422,-286
110000148,603,110,493
110000151,184,790,-606
110000152,436,383,53
110000153,178,25,153
110000154,5,44,-39
110000155,140,812,-672
110000156,320,505,-185
110000157,273,955,-682
110000160,103,87,16
110000161,65,96,-31
110000166,603,22,581
110000167,966,344,622
110000168,331,330,1
110000169,467,198,269
110000170,88,63,25
110000171,221,36,185
110000172,156,132,24
110000173,204,204,0
110000174,53,105,-52
110000175,1081,46,1035
110000176,15,591,-576
110000177,92,971,-879
110000178,136,1626,-1490
110000179,453,117,336
110000180,233,111,122
110000181,721,149,572
110000182,75,37,38
110000183,2668,4131,-1463
110000184,183,1819,-1636
110000185,134,271,-137
110000186,174,609,-435
110000191,995,104,891
110000192,542,0,542
110000193,1009,0,1009
110000194,2,175,-173
110000195,395,29,366
110000196,460,40,420
110000197,34,10,24
110000198,36,9,27
110000199,37,28,9
110000200,225,132,93
110000201,492,556,-64
110000202,481,208,273
110000203,101,153,-52
110000204,6,76,-70
110000205,354,8,346
110000206,163,200,-37
110000207,1072,70,1002
110000208,50,186,-136
110000209,29,112,-83
110000210,1288,148,1140
110000211,662,256,406
110000212,318,792,-474
110000213,191,6,185
110000214,368,4,364
110000215,8,72,-64
110000216,32,41,-9
110000217,316,15,301
110000218,92,23,69
110000219,247,5,242
110000220,6,35,-29
110000221,402,1,401
110000222,36,56,-20
110000223,4,70,-66
110000224,1,0,1
110000225,94,198,-104
110000226,256,31,225
110000227,164,253,-89
110000228,239,16,223
110000229,0,54,-54
110000230,313,223,90
110000231,126,199,-73
110000232,91,43,48
110000233,55,124,-69
110000234,194,148,46
110000235,508,267,241
110000236,187,119,68
110000237,1155,434,721
110000238,501,328,173
110000239,1116,279,837
110000240,0,6,-6
110000242,0,0,0
110000243,119,45,74
110000244,19,60,-41
110000245,21,162,-141
110000246,705,104,601
110000247,428,247,181
110000248,700,87,613
110000249,137,1,136
110000250,8,60,-52
110000251,249,75,174
110000252,370,64,306
110000253,1171,91,1080
110000254,555,132,423
110000255,79,153,-74
110000256,363,43,320
110000257,132,37,95
110000258,6,46,-40
110000259,207,4,203
110000260,85,38,47
110000263,423,19,404
110000264,346,59,287
110000265,749,509,240
110000266,456,595,-139
110000267,14,6,8
110000268,182,37,145
110000269,0,3,-3
110000270,63,0,63
110000271,524,26,498
110000272,501,400,101
110000273,355,352,3
110000274,88,1651,-1563
110000275,432,198,234
110000276,118,299,-181
110000277,258,80,178
110000278,206,221,-15
110000279,642,165,477
110000280,402,123,279
110000281,44,25,19
110000282,78,6,72
110000283,55,31,24
110000284,0,6,-6
110000285,0,48,-48
110000286,1,0,1
110000287,85,0,85
110000288,0,3,-3
110000289,183,1697,-1514
110000290,239,580,-341
110000291,425,223,202
110000292,258,4723,-4465
110000293,370,353,17
110000294,1324,1330,-6
110000295,163,213,-50
110000296,538,117,421
110000297,1792,47,1745
110000298,62,175,-113
110000299,143,21,122
110000301,326,10,316
110000302,365,361,4
110000303,440,1,439
110000304,217,58,159
110000305,1466,9,1457
110000306,394,136,258
110000307,1556,0,1556
110000308,223,1,222
110000309,1,87,-86
110000310,587,28,559
110000311,3,253,-250
110000312,588,25,563
110000313,1196,484,712
110000314,0,55,-55
110000315,647,882,-235
110000316,126,512,-386
110000317,143,214,-71
110000318,0,11,-11
110000319,19,5,14
110000320,0,16,-16
110000321,75,20,55
110000322,61,124,-63
110000323,569,53,516
110000324,672,420,252
110000325,857,2905,-2048
110000327,166,105,61
110000328,58,161,-103
110000333,608,687,-79
110000334,127,321,-194
110000335,519,150,369
110000336,175,197,-22
110000337,1348,140,1208
110000338,265,88,177
110000339,450,44,406
110000340,11,67,-56
110000341,292,121,171
110000342,29,0,29
110000343,0,0,0
110000344,22,125,-103
110000345,18,202,-184
110000346,512,780,-268
110000347,778,272,506
110000348,41,6,35
110000349,14,5,9
110000350,39,2,37
110000351,1024,189,835
110000352,291,1004,-713
110000353,1364,156,1208
110000354,328,2228,-1900
110000355,213,24,189
110000356,244,1,243
110000357,486,4,482
110000361,18,7,11
110000362,164,0,164
110000363,493,3,490
110000364,225,107,118
110000365,23,0,23
110000366,0,85,-85
110000367,204,52,152
110000368,0,47,-47
110000369,5,16,-11
110000373,0,105,-105
110000374,39,11,28
110000375,43,367,-324
110000376,19,39,-20
110000377,34,163,-129
110000378,1,315,-314
110000379,838,2002,-1164
110000380,48,2,46
110000383,0,158,-158
110000384,434,84,350
110000385,1,62,-61
110000387,108,0,108
110000388,14,93,-79
110000389,257,0,257
110000391,686,143,543
110000396,172,23,149
110000397,76,0,76
110000398,10,0,10
110000399,50,0,50
110000587,127,73,54
110000589,166,20,146
110000640,81,8,73
110000652,2,147,-145
110000653,225,157,68
110000654,0,98,-98
110000656,0,83,-83
110000674,15,13,2
110000675,0,16,-16
110000676,0,9,-9
110000679,51,572,-521
110000682,74,95,-21
110000683,151,81,70
110000684,0,20,-20
110000685,2,43,-41
110000686,0,34,-34
110000687,12,3,9
110000688,31,1101,-1070
110000689,28,4,24
110000692,1,44,-43
110000693,11,121,-110
110000694,0,10,-10
110000695,13,198,-185
110000696,32,14,18
110000698,68,462,-394
110000699,228,113,115
110900001,222,4,218
110900002,171,34,137
110900003,1266,45,1221
110900004,482,16,466
110900005,682,2612,-1930
110900006,28,39,-11
110900007,232,103,129
110900008,1,5,-4
110900009,197,364,-167
110900010,1,19,-18
110900011,1,5,-4
110900012,1,79,-78
110900013,804,51,753
110900014,251,1,250
110900015,109,347,-238
110900016,21,164,-143
110900017,444,21,423
110900018,369,19,350
110900019,390,4,386
110900020,162,25,137
110900021,90,81,9
110900022,63,54,9
110900023,25,127,-102
110900024,40,28,12
110900025,5,8,-3
110900027,12,29,-17
110900028,3,21,-18
110900029,4,49,-45
110900030,6,13,-7
110900031,3,55,-52
110900032,0,8,-8
110900033,26,45,-19
110900035,19,307,-288
110900036,62,1,61
110900037,29,2,27
110900038,115,30,85
110900039,1,94,-93
110900040,97,0,97
110900041,4,8,-4
110900042,33,22,11
110900043,1,8,-7
110900044,18,3,15
110900045,83,61,22
110900046,8,16,-8
110900047,25,233,-208
110900049,62,63,-1
110900050,9,0,9
110900051,2,82,-80
110900052,0,79,-79
110900053,73,5,68
110900054,6,33,-27
110900055,6,0,6
110900056,19,44,-25
110900057,0,65,-65
110900058,209,24,185
110900059,134,119,15
110900060,215,11,204
110900061,0,17,-17
110900062,98,38,60
110900063,3,29,-26
110900064,18,0,18
110900065,59,75,-16
110900066,12,19,-7
110900067,51,337,-286
110900068,96,42,54
110900069,10,3,7
110900070,87,12,75
110900071,40,724,-684
110900073,0,21,-21
110900074,589,34,555
110900075,499,24,475
110900077,969,58,911
110900078,87,7,80
110900079,604,349,255
110900080,175,17,158
110900081,15,8,7
110900082,220,18,202
110900083,77,39,38
110900084,78,4,74
110900085,37,68,-31
110900086,35,150,-115
110900087,321,18,303
110900088,5,0,5
110900090,3,39,-36
110900091,0,17,-17
110900093,106,20,86
110900095,4,5,-1
110900097,23,2,21
110900098,8,7,1
110900099,1,90,-89
110900100,0,20,-20
110900102,10,127,-117
110900105,148,45,103
110900108,16,20,-4
110900111,153,33,120
110900112,345,0,345
110900113,47,41,6
110900115,0,10,-10
110900116,1001,231,770
110900118,26,3196,-3170
110900119,763,73,690
110900120,40,25,15
110900121,44,0,44
110900122,243,40,203
110900125,153,385,-232
110900127,66,415,-349
110900128,44,217,-173
110900129,32,402,-370
110900130,91,237,-146
110900131,137,10,127
110900132,432,9,423
110900133,42,18,24
110900135,39,39,0
110900136,343,1,342
110900138,0,0,0
110900139,7,0,7
110900140,0,0,0
110900141,199,48,151
110900142,9,15,-6
110900143,263,23,240
110900144,0,47,-47
110900145,91,75,16
110900146,60,211,-151
110900147,6,26,-20
110900148,0,4,-4
110900149,0,4,-4
110900150,3,22,-19
110900151,4,28,-24
110900152,5,29,-24
110900153,151,5,146
111000001,789,371,418
111000002,538,589,-51
111000003,2210,710,1500
111000004,378,580,-202
111000005,1107,951,156
111000006,776,1306,-530
111000007,2186,2464,-278
111000008,1872,2167,-295
111000009,203,420,-217
111000010,787,217,570
111000011,54,503,-449
111000012,219,425,-206
111000013,193,616,-423
111000014,1286,269,1017
111000017,23,358,-335
111000018,58,197,-139
111000020,156,236,-80
111000021,14,48,-34
111000023,51,16,35
111000025,1242,1697,-455
111000029,51,16,35
111000030,2,19,-17
111000031,972,344,628
111000032,464,84,380
111000033,141,39,102
111000034,132,97,35
111000037,75,22,53
111000038,819,413,406
111000039,640,474,166
111000040,544,370,174
111000041,210,108,102
111000042,868,848,20
111000043,1074,2357,-1283
111000044,1089,154,935
111000045,2198,791,1407
111000046,1266,619,647
111000047,1980,4013,-2033
111000049,104,110,-6
111000050,353,241,112
111000051,232,208,24
111000052,199,282,-83
111000053,44,127,-83
111000054,85,130,-45
111000055,13,165,-152
111000056,171,279,-108
111000057,77,200,-123
111000058,453,51,402
111000059,521,144,377
111000060,3279,404,2875
111000061,614,89,525
111000062,922,213,709
111000063,821,564,257
111000064,1273,176,1097
111000065,943,321,622
111000066,587,126,461
111000067,840,116,724
111000068,502,153,349
111000069,443,573,-130
111000070,445,256,189
111000071,102,102,0
111000072,1061,434,627
111000073,156,1255,-1099
111000074,977,595,382
111000075,413,128,285
111000076,510,261,249
111000077,666,344,322
111000078,888,160,728
111000079,427,118,309
111000080,339,151,188
111000081,1076,3688,-2612
111000082,766,138,628
111000084,482,346,136
111000085,491,558,-67
111000086,939,270,669
111000087,434,195,239
111000088,2165,2085,80
111000089,384,322,62
111000090,244,388,-144
111000091,306,163,143
111000092,1250,303,947
111000093,702,435,267
111000094,807,411,396
111000095,502,1385,-883
111000096,408,4464,-4056
111000097,1003,405,598
111000098,166,299,-133
111000099,140,474,-334
111000100,286,364,-78
111000101,189,266,-77
111000102,74,81,-7
111000104,834,43,791
111000107,40,142,-102
111000109,865,56,809
111000110,870,299,571
111000111,2911,77,2834
111000112,1817,69,1748
111000113,580,1666,-1086
111000114,764,2916,-2152
111000115,1364,314,1050
111000116,485,259,226
111000117,199,211,-12
111000118,400,274,126
111000119,1131,250,881
111000120,720,238,482
111000121,291,222,69
111000122,214,240,-26
111000123,366,294,72
111000124,169,664,-495
111000125,128,357,-229
111000126,362,351,11
111000127,809,17,792
111000128,2010,47,1963
111000129,2410,123,2287
111000130,2172,132,2040
111000131,2241,155,2086
111000132,1578,1074,504
111000133,79,22,57
111000134,75,10,65
111000135,49,76,-27
111000136,355,76,279
111000138,17,9,8
111000140,1,16,-15
111000141,51,123,-72
111000142,1,91,-90
111000143,1,88,-87
111000144,4,202,-198
111000145,48,5,43
111000146,109,4,105
111000147,24,6,18
111000148,48,33,15
111000149,3,76,-73
111000150,52,2,50
111000151,1,31,-30
111000153,134,73,61
111000154,169,66,103
111000155,122,36,86
111000156,441,128,313
111000157,105,210,-105
111000158,486,354,132
111000159,1300,321,979
111000160,325,165,160
111000161,1,220,-219
111000162,3,33,-30
111000163,436,325,111
111000164,152,934,-782
111000165,314,82,232
111000166,74,32,42
111000167,54,135,-81
111000168,63,113,-50
111000169,156,77,79
111000170,120,79,41
111000171,164,139,25
111000172,127,219,-92
111000173,209,515,-306
111000174,287,73,214
111000175,52,74,-22
111000176,457,23,434
111000177,974,206,768
111000178,1945,198,1747
111000179,516,30,486
111000180,278,169,109
111000181,1758,52,1706
111000182,202,53,149
111000183,139,92,47
111000184,220,62,158
111000185,56,62,-6
111000186,126,62,64
111000187,128,59,69
111000188,199,61,138
111000189,107,158,-51
111000190,66,68,-2
111000191,103,23,80
111000192,44,69,-25
111000193,122,36,86
111000194,60,24,36
111000195,34,37,-3
111000196,27,51,-24
111000197,541,18,523
111000198,324,14,310
111000199,426,115,311
111000200,431,184,247
111000201,731,54,677
111000202,483,21,462
111000203,416,113,303
111000204,150,1010,-860
111000213,149,144,5
111000214,597,267,330
111000215,806,302,504
111000217,1044,106,938
111000218,1473,185,1288
111000219,148,84,64
111000220,348,278,70
111000221,100,32,68
111000224,15,74,-59
111000225,439,441,-2
111000226,17,4,13
111000227,4,1,3
111000228,0,620,-620
111000229,7,1562,-1555
111000230,27,73,-46
111000231,520,72,448
111000232,560,146,414
111000233,1258,186,1072
111000234,96,190,-94
111000239,24,20,4
111000240,37,231,-194
111000241,35,37,-2
111000242,159,32,127
111000243,140,96,44
111000244,706,37,669
111000245,362,84,278
111000246,526,63,463
111000247,342,115,227
111000248,475,73,402
111000249,448,85,363
111000250,38,28,10
111000251,8,35,-27
111000253,50,21,29
111000255,100,2,98
111000257,24,36,-12
111000260,3,209,-206
111000261,1173,40,1133
111000271,11,96,-85
111000273,1073,354,719
111000274,1013,1244,-231
111000275,44,8,36
111000276,469,737,-268
111000277,147,104,43
111000278,244,49,195
111000291,1239,7908,-6669
111000298,320,54,266
111000299,375,65,310
111000300,34,83,-49
111000302,337,28,309
111000303,97,51,46
111000312,38,11,27
111000315,1,121,-120
111000320,112,104,8
111000321,342,54,288
111000322,283,96,187
111000323,329,33,296
111000324,218,57,161
111000325,18,17,1
111000326,105,80,25
111000327,173,87,86
111000328,395,269,126
111000329,2,38,-36
111000330,81,2,79
111000331,11,0,11
111000332,299,234,65
111000334,122,294,-172
111000335,872,18,854
111000337,1474,40,1434
111000338,43,32,11
111000339,593,38,555
111000340,30,145,-115
111000341,1239,596,643
111000342,35,483,-448
111000344,907,164,743
111000345,61,70,-9
111000346,16,95,-79
111000347,110,0,110
111000350,73,71,2
111000351,53,169,-116
111000352,185,26,159
111000353,71,96,-25
111000354,317,25,292
111000355,198,82,116
111000358,97,201,-104
111000360,95,129,-34
111000361,155,76,79
111000546,462,116,346
111000547,323,87,236
111000548,72,32,40
111000549,101,17,84
111000550,16,379,-363
111000551,132,27,105
111000552,173,53,120
111000907,1105,63,1042
111000908,27,2,25
111000916,2004,26,1978
111000917,21,117,-96
111000918,57,148,-91
111000920,781,17,764
111000921,1,48,-47
111000922,597,23,574
111000924,24,231,-207
111000925,3343,1115,2228
111000926,766,521,245
111000927,1833,2365,-532
111000928,1821,535,1286
111000929,1582,381,1201
111000930,494,574,-80
111000931,1255,742,513
111000932,1344,579,765
111000933,2227,1651,576
111000934,391,526,-135
111000935,1869,484,1385
111000936,280,464,-184
111000937,1216,578,638
111000938,408,373,35
111000939,620,2,618
111000940,1136,30,1106
111000941,326,38,288
111000943,827,55,772
111000944,136,41,95
111000945,157,234,-77
111001109,202,442,-240
111001110,58,81,-23
111001111,126,6,120
111001112,113,13,100
111001113,0,120,-120
111001114,154,59,95
111001115,11,181,-170
111001116,584,4154,-3570
111001117,166,1347,-1181
111001120,80,57,23
111001121,37,90,-53
111001122,232,54,178
111001123,483,38,445
111001124,127,26,101
111001125,18,561,-543
111001126,4,0,4
111001127,0,22,-22
111001128,836,139,697
111900001,0,4,-4
111900002,0,24,-24
111900003,0,17,-17
111900004,2,5,-3
111900006,11,47,-36
111900007,273,1,272
111900008,367,0,367
111900009,267,0,267
111900010,12,99,-87
111900012,22,21,1
111900013,30,1,29
111900014,677,4286,-3609
111900015,0,33,-33
111900016,0,14,-14
111900017,0,22,-22
111900018,160,9,151
111900019,5,72,-67
111900020,1,26,-25
111900021,8,4,4
111900022,3,2,1
111900023,74,6,68
111900024,172,17,155
111900025,0,27,-27
111900026,0,14,-14
111900027,0,1,-1
111900028,12,30,-18
111900029,4,3,1
111900030,5,325,-320
111900032,0,53,-53
111900033,0,4,-4
111900034,14,169,-155
111900035,21,138,-117
111900036,0,32,-32
111900038,33,120,-87
111900039,18,69,-51
111900040,0,85,-85
111900042,1,18,-17
111900043,0,27,-27
111900044,8,40,-32
111900046,0,19,-19
111900048,289,80,209
111900049,2,26,-24
111900050,147,4,143
111900051,0,34,-34
111900052,53,59,-6
111900053,251,1867,-1616
111900054,312,1,311
111900055,0,42,-42
111900056,35,146,-111
111900057,114,5,109
111900058,563,131,432
111900059,538,586,-48
111900060,192,3,189
111900061,1,36,-35
111900062,37,41,-4
111900063,170,29,141
111900064,6,43,-37
111900065,191,13,178
111900066,124,62,62
111900067,0,56,-56
111900068,14,67,-53
111900069,48,3,45
111900070,195,14,181
111900071,0,18,-18
111900072,9,32,-23
111900073,828,89,739
111900074,1,18,-17
111900075,40,0,40
111900076,251,27,224
111900077,43,0,43
111900078,320,16,304
111900079,7,42,-35
111900080,69,54,15
111900082,140,66,74
111900083,151,35,116
111900084,113,13,100
111900085,33,28,5
111900086,73,0,73
111900087,120,0,120
111900088,677,7,670
111900089,64,0,64
111900090,20,63,-43
111900091,542,5,537
111900092,174,1,173
111900093,560,6,554
111900094,84,0,84
111900095,399,6,393
111900096,337,0,337
111900097,122,1,121
111900098,310,2,308
111900099,28,0,28
111900100,53,1,52
111900101,204,3,201
111900102,776,112,664
111900103,23,32,-9
111900104,73,11,62
111900105,78,149,-71
111900106,49,2,47
111900110,471,68,403
111900111,174,5,169
111900112,100,3141,-3041
111900113,142,52,90
111900118,298,21,277
111900119,83,25,58
111900122,15,35,-20
111900123,0,14,-14
111900124,3,4,-1
111900125,319,107,212
111900126,284,6,278
111900127,0,78,-78
111900128,0,70,-70
111900129,273,13,260
111900130,47,53,-6
111900131,527,10,517
111900132,2,183,-181
111900133,5,60,-55
111900134,1,40,-39
111900135,1,5,-4
111900136,10,71,-61
111900137,10,15,-5
111900138,20,26,-6
111900139,15,25,-10
111900140,128,4,124
111900141,66,0,66
111900142,46,0,46
111900143,76,11,65
111900144,0,10,-10
111900145,0,40,-40
111900146,0,23,-23
111900147,17,58,-41
111900148,4,149,-145
111900149,5,72,-67
111900150,1,22,-21
111900151,1,2,-1
111900152,49,36,13
111900153,245,745,-500
111900154,19,575,-556
111900155,24,71,-47
111900156,113,52,61
111900157,218,6,212
111900158,483,69,414
111900159,355,62,293
111900160,360,2,358
111900161,294,1,293
111900162,33,210,-177
111900163,0,37,-37
111900164,72,26,46
111901113,623,18,605
111901114,157,123,34
111901115,159,2,157
111901116,12,0,12
111901117,5,29,-24
111901118,3,307,-304
111901119,123,5,118
111901121,3,26,-23
111901122,1,66,-65
111901123,457,15,442
111901124,396,0,396
111901125,708,129,579
111901127,141,824,-683
111901128,2,4,-2
111901129,0,11,-11
111901130,0,23,-23
111901131,0,190,-190
111901132,107,55,52
111901133,76,0,76
111901134,155,1,154
111901135,50,2,48
111901138,3,6,-3
111901139,1,10,-9
111901140,8,21,-13
111901141,0,19,-19
111901142,0,39,-39
111901143,1,99,-98
111901144,47,7,40
111901145,49,188,-139
111901146,2,2,0
111901147,74,444,-370
111901148,0,70,-70
111901149,18,2,16
111901150,11,0,11
111901151,49,0,49
111901152,1,16,-15
112000001,2400,776,1624
112000002,599,1520,-921
112000003,2816,402,2414
112000004,463,207,256
112000005,2971,2809,162
112000006,322,201,121
112000007,3143,2291,852
112000008,2024,2843,-819
112000009,1500,744,756
112000010,1754,2468,-714
112000011,786,436,350
112000012,1964,2790,-826
112000013,1126,972,154
112000014,556,2111,-1555
112000015,946,1488,-542
112000016,971,2409,-1438
112000017,272,1892,-1620
112000024,169,140,29
112000026,974,984,-10
112000027,500,276,224
112000028,361,387,-26
112000029,206,395,-189
112000030,110,5,105
112000031,512,1606,-1094
112000032,90,1,89
112000033,651,2015,-1364
112000034,150,7,143
112000035,40,440,-400
112000036,102,905,-803
112000037,295,585,-290
112000038,275,563,-288
112000039,95,39,56
112000040,24,77,-53
112000041,80,196,-116
112000042,187,56,131
112000050,746,308,438
112000051,632,886,-254
112000054,561,390,171
112000057,410,85,325
112000058,145,186,-41
112000059,236,224,12
112000061,826,315,511
112000062,138,403,-265
112000063,136,1048,-912
112000064,1262,1015,247
112000065,498,451,47
112000066,1307,726,581
112000067,199,268,-69
112000068,1587,1075,512
112000069,178,797,-619
112000070,516,372,144
112000071,341,521,-180
112000072,1711,447,1264
112000073,401,736,-335
112000074,516,335,181
112000075,832,607,225
112000076,1288,848,440
112000077,693,240,453
112000078,1372,312,1060
112000079,1001,554,447
112000080,532,407,125
112000081,455,694,-239
112000082,615,257,358
112000083,338,481,-143
112000084,947,259,688
112000085,1124,321,803
112000086,1500,326,1174
112000087,809,99,710
112000088,367,150,217
112000089,105,107,-2
112000090,68,141,-73
112000091,270,122,148
112000092,1747,315,1432
112000093,708,280,428
112000094,710,249,461
112000095,680,136,544
112000096,725,150,575
112000097,1735,272,1463
112000098,122,185,-63
112000099,486,1393,-907
112000100,1899,223,1676
112000101,311,110,201
112000102,1566,179,1387
112000103,187,166,21
112000105,291,218,73
112000106,2552,128,2424
112000107,214,32,182
112000108,867,302,565
112000109,389,49,340
112000110,1493,314,1179
112000111,245,891,-646
112000112,1180,145,1035
112000113,337,376,-39
112000114,1469,271,1198
112000115,283,80,203
112000116,403,171,232
112000117,516,184,332
112000118,270,247,23
112000119,151,184,-33
112000120,25,58,-33
112000121,34,99,-65
112000122,375,21,354
112000123,562,27,535
112000124,375,22,353
112000125,250,76,174
112000126,569,140,429
112000127,815,1202,-387
112000128,317,297,20
112000129,95,14,81
112000130,189,56,133
112000131,19,14,5
112000132,105,30,75
112000133,387,21,366
112000134,272,123,149
112000135,744,228,516
112000136,429,553,-124
112000137,899,844,55
112000138,498,547,-49
112000139,199,208,-9
112000140,71,232,-161
112000141,526,79,447
112000142,70,194,-124
112000143,968,56,912
112000144,61,229,-168
112000145,2245,153,2092
112000146,325,347,-22
112000147,2346,663,1683
112000148,374,397,-23
112000149,328,175,153
112000150,278,94,184
112000151,193,120,73
112000152,520,50,470
112000153,81,58,23
112000154,95,80,15
112000155,62,49,13
112000157,158,283,-125
112000158,179,69,110
112000159,706,77,629
112000167,111,90,21
112000169,70,538,-468
112000173,772,83,689
112000175,201,103,98
112000176,551,437,114
112000177,884,170,714
112000178,34,73,-39
112000179,229,13,216
112000180,197,48,149
112000181,423,277,146
112000182,1522,251,1271
112000183,17,7,10
112000184,536,144,392
112000185,579,73,506
112000187,1872,1138,734
112000195,71,1,70
112000196,48,0,48
112000197,29,62,-33
112000198,22,44,-22
112000199,205,205,0
112000202,389,0,389
112000216,5,35,-30
112000230,104,0,104
112000231,0,36,-36
112000256,69,162,-93
112000313,13,10,3
112000314,15,27,-12
112000337,53,342,-289
112000352,24,91,-67
112000392,870,265,605
112000398,1264,270,994
112000399,463,2663,-2200
112000400,282,253,29
112000401,630,672,-42
112000402,2477,2586,-109
112000403,578,3127,-2549
112000404,718,485,233
112000405,2299,1972,327
112000406,946,701,245
112000407,5867,5003,864
112000408,2143,977,1166
112000409,1070,1107,-37
112000410,43,135,-92
112000411,980,837,143
112000412,229,102,127
112000413,1073,4040,-2967
112000414,148,14,134
112000415,66,11,55
112000416,2350,432,1918
112000417,184,47,137
112000421,88,21,67
112000422,105,110,-5
112000424,368,1404,-1036
112000425,124,125,-1
112000426,136,240,-104
112000427,0,26,-26
112000428,235,85,150
112000429,822,766,56
112000430,1149,1348,-199
112000431,35,64,-29
112000432,219,164,55
112000433,223,163,60
112000437,21,48,-27
112900001,30,0,30
112900002,509,112,397
112900003,37,39,-2
112900004,58,78,-20
112900005,211,17,194
112900007,17,14,3
112900008,0,57,-57
112900009,149,154,-5
112900010,217,117,100
112900011,15,5,10
112900012,1,3,-2
112900013,0,47,-47
112900014,1,51,-50
112900015,11,129,-118
112900016,10,32,-22
112900017,48,24,24
112900018,160,83,77
112900019,7,56,-49
112900020,131,178,-47
112900021,1,78,-77
112900022,1,17,-16
112900023,13,40,-27
112900024,0,60,-60
112900025,29,50,-21
112900026,1,27,-26
112900027,1,107,-106
112900028,1,48,-47
112900029,8,29,-21
112900030,19,19,0
112900031,0,44,-44
112900032,46,41,5
112900034,0,3,-3
112900035,0,33,-33
112900036,9,39,-30
112900037,20,196,-176
112900038,473,18,455
112900039,2,42,-40
112900040,0,104,-104
112900041,69,466,-397
112900042,119,37,82
112900043,30,19,11
112900044,42,162,-120
112900045,61,28,33
112900046,20,4,16
112900047,0,11,-11
112900049,183,13,170
112900050,4,97,-93
112900051,44,109,-65
112900052,7,125,-118
112900053,24,104,-80
112900054,37,31,6
112900055,19,17,2
112900056,121,124,-3
112900057,1,85,-84
112900058,171,150,21
112900059,49,47,2
112900060,13,14,-1
112900061,38,18,20
112900062,37,42,-5
112900063,6,7,-1
112900064,20,2,18
112900065,5,1,4
112900066,153,313,-160
112900067,94,7,87
112900068,29,67,-38
112900069,381,508,-127
112900071,13,7,6
112900072,20,2002,-1982
112900073,266,134,132
112900074,52,208,-156
112900075,221,687,-466
112900076,2,19,-17
112900078,130,468,-338
112900079,178,5,173
112900080,84,11,73
112900081,39,261,-222
112900082,547,4,543
112900083,134,144,-10
112900084,84,134,-50
112900086,95,0,95
112900087,729,53,676
112900088,136,13,123
112900089,550,1,549
112900090,80,42,38
112900091,226,3,223
112900092,44,384,-340
112900093,881,32,849
112900095,113,0,113
112900096,439,77,362
112900097,17,47,-30
112900098,20,0,20
112900099,817,1,816
112900100,114,4,110
112900101,316,0,316
112900102,55,11,44
112900103,133,0,133
112900104,988,0,988
112900105,23,0,23
112900106,128,33,95
112900107,1,0,1
112900108,0,2,-2
112900109,143,0,143
112900110,1194,2,1192
112900111,494,0,494
112900112,303,3,300
112900113,0,1,-1
112900114,346,20,326
112900115,2022,4,2018
112900116,33,0,33
112900117,12,3,9
112900118,0,1,-1
112900119,69,1,68
112900120,77,77,0
112900121,2,16,-14
112900122,0,4,-4
112900123,127,8,119
112900124,0,12,-12
112900125,9,26,-17
112900126,5,28,-23
112900127,238,8,230
112900128,22,134,-112
112900129,0,163,-163
112900130,78,20,58
112900131,4,23,-19
112900132,4,117,-113
112900133,11,310,-299
112900134,0,72,-72
112900135,49,15,34
112900137,46,175,-129
112900138,1,28,-27
112900139,11,187,-176
112900141,548,7,541
112900142,10,130,-120
112900143,0,441,-441
112900144,1,55,-54
112900145,1,55,-54
112900146,0,46,-46
112900147,0,210,-210
112900148,6,0,6
112900149,55,93,-38
112900151,0,8,-8
112900152,1198,101,1097
112900153,59,905,-846
112900154,0,10,-10
112900155,32,8,24
112900156,353,223,130
112900157,223,10,213
112900158,40,0,40
112900159,56,61,-5
112900160,16,28,-12
112900161,56,4,52
112900162,3,15,-12
112900163,2,20,-18
112900164,4,103,-99
112900165,10,18,-8
112900166,1,29,-28
112900167,5,38,-33
112900168,1,4,-3
112900169,1,6,-5
112900170,128,4,124
112900172,21,22,-1
112900173,62,6,56
112900174,167,18,149
112900175,43,33,10
112900176,6,26,-20
112900177,245,16,229
112900178,192,2054,-1862
112900179,33,127,-94
112900180,861,472,389
112900181,700,1,699
112900182,16,133,-117
112900183,48,56,-8
112900184,73,76,-3
112900185,4,105,-101
112900186,322,245,77
112900187,11,238,-227
112900188,286,482,-196
112900189,1,0,1
112900190,2,0,2
112900192,217,127,90
112900193,276,66,210
112900194,41,0,41
112900195,260,11,249
112900196,165,84,81
112900197,18,109,-91
112900199,211,7,204
112900200,191,11,180
112900201,195,5,190
112900202,329,102,227
112900203,191,18,173
112900204,52,46,6
112900205,8,4,4
112900206,8,9,-1
112900207,45,0,45
112900208,29,63,-34
112900209,25,91,-66
112900210,1,0,1
112900211,19,1,18
112900212,0,0,0
112900213,61,0,61
112900214,1,5,-4
112900215,8,8,0
112900216,1,13,-12
112900217,0,0,0
112900218,66,0,66
112900219,97,3,94
112900220,0,0,0
112900221,3,27,-24
112900222,0,11,-11
112900223,336,8,328
112900224,613,44,569
112900225,311,57,254
112900226,11,82,-71
112900227,488,86,402
112900228,66,27,39
112900229,274,16,258
112900230,2554,930,1624
112900232,127,203,-76
112900233,18,18,0
112900234,74,0,74
112900235,23,5,18
112900236,578,3,575
112900237,253,56,197
112900238,17,0,17
112900239,87,568,-481
112900240,0,7,-7
112900241,0,25,-25
112900242,10,7,3
112900243,6,14,-8
112900244,0,2,-2
112900245,0,7,-7
112900246,0,5,-5
112900247,65,2,63
112900248,1,0,1
112900249,12,7,5
112900250,104,3,101
112900251,38,0,38
112900252,171,1,170
112900253,45,0,45
112900254,29,3,26
112900255,3,25,-22
112900256,26,13,13
112900257,16,8,8
112900258,43,0,43
113000001,2263,1831,432
113000002,1996,1601,395
113000003,631,546,85
113000004,752,931,-179
113000005,605,380,225
113000006,474,565,-91
113000007,864,360,504
113000008,828,474,354
113000009,662,278,384
113000010,672,355,317
113000011,276,392,-116
113000012,549,246,303
113000013,217,278,-61
113000014,239,494,-255
113000015,28,103,-75
113000016,48,232,-184
113000017,35,108,-73
113000018,235,26,209
113000019,32,41,-9
113000020,69,29,40
113000021,955,192,763
113000022,520,789,-269
113000025,41,89,-48
113000026,377,220,157
113000027,409,247,162
113000028,133,135,-2
113000029,238,296,-58
113000030,82,105,-23
113000031,38,60,-22
113000032,86,67,19
113000033,126,70,56
113000034,20,32,-12
113000035,2,1,1
113000036,16,19,-3
113000037,6,7,-1
113000038,3,16,-13
113000039,14,139,-125
113000040,25,28,-3
113000042,221,170,51
113000051,403,964,-561
113000052,733,172,561
113000053,233,88,145
113000054,189,371,-182
113000055,796,137,659
113000056,944,246,698
113000058,134,360,-226
113000059,637,105,532
113000060,211,240,-29
113000061,301,316,-15
113000062,106,154,-48
113000063,269,21,248
113000064,129,79,50
113000065,162,159,3
113000066,690,68,622
113000067,1647,139,1508
113000068,240,178,62
113000069,201,209,-8
113000070,1863,187,1676
113000071,208,113,95
113000072,605,142,463
113000073,113,267,-154
113000074,392,229,163
113000075,1059,334,725
113000076,176,734,-558
113000077,222,388,-166
113000078,204,490,-286
113000079,155,214,-59
113000080,213,324,-111
113000081,343,308,35
113000082,297,133,164
113000083,376,321,55
113000084,568,201,367
113000085,660,274,386
113000086,330,289,41
113000087,607,622,-15
113000088,325,336,-11
113000089,386,665,-279
113000090,52,281,-229
113000091,61,37,24
113000094,806,101,705
113000095,150,84,66
113000096,24,151,-127
113000097,447,103,344
113000098,23,39,-16
113000099,435,108,327
113000100,56,81,-25
113000101,33,55,-22
113000102,293,174,119
113000103,1575,164,1411
113000104,526,1198,-672
113000105,511,169,342
113000106,299,101,198
113000107,741,526,215
113000108,472,352,120
113000109,202,627,-425
113000110,1533,325,1208
113000111,146,272,-126
113000112,358,168,190
113000113,690,183,507
113000114,76,414,-338
113000116,184,70,114
113000117,250,68,182
113000118,35,235,-200
113000119,170,217,-47
113000120,28,299,-271
113000121,143,387,-244
113000124,159,51,108
113000125,5,623,-618
113000127,443,43,400
113000128,452,100,352
113000129,107,239,-132
113000133,566,74,492
113000134,4,690,-686
113000135,1990,1931,59
113000137,456,1358,-902
113000139,93,53,40
113000140,47,18,29
113000141,45,24,21
113000142,80,85,-5
113000143,160,24,136
113000144,65,76,-11
113000145,24,34,-10
113000146,12,3,9
113000147,42,5,37
113000148,121,29,92
113000149,68,87,-19
113000150,142,80,62
113000151,6,15,-9
113000152,21,90,-69
113000153,237,94,143
113000154,68,628,-560
113000155,118,310,-192
113000156,32,55,-23
113000157,119,79,40
113000158,138,21,117
113000159,321,36,285
113000160,185,94,91
113000161,101,80,21
113000162,244,13,231
113000163,58,16,42
113000164,3,5,-2
113000166,207,14,193
113000167,48,26,22
113000168,69,29,40
113000169,157,2,155
113000170,86,31,55
113000171,10,59,-49
113000172,193,10,183
113000173,56,17,39
113000174,44,25,19
113000175,288,10,278
113000176,391,38,353
113000177,110,44,66
113000178,64,44,20
113000179,239,38,201
113000180,457,1072,-615
113000181,1412,683,729
113000182,42,148,-106
113000183,250,346,-96
113000184,21,5,16
113000189,37,200,-163
113000190,113,50,63
113000192,383,1155,-772
113000193,887,922,-35
113000194,433,1158,-725
113000195,774,542,232
113000196,295,96,199
113000197,666,1047,-381
113000198,11,102,-91
113000199,648,199,449
113000201,160,158,2
113000202,1926,430,1496
113000203,56,59,-3
113000204,286,1369,-1083
113000205,1,3,-2
113000206,17,18,-1
113000207,12,2,10
113000208,8,17,-9
113000209,1,2,-1
113000210,1,20,-19
113000211,28,29,-1
113000212,2,2,0
113000213,12,24,-12
113000214,33,64,-31
113000234,64,106,-42
113000410,21,64,-43
113000411,481,965,-484
113000412,1735,578,1157
113000413,696,849,-153
113000414,1273,5447,-4174
113000415,717,515,202
113000416,793,614,179
113000417,313,431,-118
113000418,2235,1783,452
113000419,542,659,-117
113000420,1330,2094,-764
113000421,2093,3034,-941
113000422,3685,3595,90
113000423,480,1386,-906
113000424,612,3740,-3128
113000425,0,35,-35
113000428,2,7,-5
113000430,0,39,-39
113000432,1831,96,1735
113000433,113,259,-146
113000434,20,43,-23
113000435,15,74,-59
113000436,6,280,-274
113000437,826,25,801
113000438,101,9,92
113000439,13,15,-2
113000440,141,34,107
113000441,115,132,-17
113000442,127,6,121
113000443,433,39,394
113000444,158,5,153
113000445,102,19,83
113000446,18,18,0
113000448,71,116,-45
113000449,123,827,-704
113000450,147,1891,-1744
113000451,940,192,748
113000452,34,326,-292
113000453,10,178,-168
113000454,63,98,-35
113000455,2,247,-245
113000456,340,521,-181
113000468,570,86,484
113000469,9,63,-54
113000470,110,6,104
113000471,4,135,-131
113000472,46,41,5
113000474,897,387,510
113000475,588,661,-73
113000476,1123,1026,97
113000477,2841,838,2003
113000478,1526,1501,25
113000479,26,70,-44
113000484,0,0,0
113000485,0,0,0
113000486,0,0,0
113000487,0,0,0
113000488,0,0,0
113000489,0,0,0
113000490,0,0,0
113000491,0,0,0
113000492,0,0,0
113000493,0,0,0
113000495,76,27,49
113000496,60,83,-23
113000497,0,0,0
113000499,0,0,0
113900001,0,133,-133
113900002,0,28,-28
113900003,0,11,-11
113900004,0,55,-55
113900005,1,65,-64
113900006,1,129,-128
113900007,0,0,0
113900008,0,0,0
113900009,0,0,0
113900010,0,0,0
113900011,0,0,0
113900012,83,0,83
113900013,6,0,6
113900014,263,0,263
113900015,2,0,2
113900016,19,0,19
113900017,0,19,-19
113900018,18,150,-132
113900019,130,3,127
113900020,158,0,158
113900022,43,0,43
113900023,0,0,0
113900024,46,0,46
113900025,70,10,60
113900026,31,0,31
113900027,18,21,-3
113900028,6,102,-96
113900029,34,21,13
113900030,405,4,401
113900031,33,0,33
113900032,0,0,0
113900033,14,5,9
113900035,45,0,45
113900036,8,12,-4
113900037,123,186,-63
113900038,28,82,-54
113900039,107,6,101
113900040,8,2,6
113900041,0,0,0
113900042,17,5,12
113900043,58,16,42
113900044,2,95,-93
113900045,14,0,14
113900046,34,201,-167
113900047,68,16,52
113900048,11,34,-23
113900049,54,223,-169
113900050,36,16,20
113900051,52,23,29
113900052,9,11,-2
113900053,100,497,-397
113900054,20,0,20
113900055,35,94,-59
113900056,28,7,21
113900057,0,3,-3
113900058,19,3,16
113900059,51,27,24
113900060,35,33,2
113900061,109,36,73
113900062,29,0,29
113900063,8,2,6
113900064,1,18,-17
113900065,363,11,352
113900066,217,21,196
113900067,114,8,106
113900068,172,366,-194
113900069,4,0,4
113900070,54,90,-36
113900071,49,1,48
113900072,1,3,-2
113900073,191,114,77
113900074,128,36,92
113900075,194,823,-629
113900076,44,2,42
113900077,3,25,-22
113900078,2,18,-16
113900079,0,7,-7
113900080,109,47,62
113900081,7,7,0
113900082,19,66,-47
113900083,206,60,146
113900084,48,18,30
113900085,1,43,-42
113900086,42,3,39
113900087,17,41,-24
113900088,55,159,-104
113900089,127,5,122
113900090,91,67,24
113900091,2,0,2
113900092,15,6,9
113900093,2,323,-321
113900094,280,89,191
113900095,69,21,48
113900096,82,22,60
113900097,9,12,-3
113900098,311,60,251
113900099,0,2,-2
113900100,0,0,0
113900101,0,32,-32
113900102,5,21,-16
113900103,62,125,-63
113900104,34,58,-24
113900105,112,15,97
113900106,0,4,-4
113900107,0,0,0
113900108,7,29,-22
113900109,44,24,20
113900110,0,2,-2
113900111,44,15,29
113900112,99,6,93
113900113,320,47,273
113900114,0,1,-1
113900115,0,0,0
113900116,0,31,-31
113900117,26,4,22
113900118,42,336,-294
113900119,40,80,-40
113900120,49,5,44
113900121,49,16,33
113900122,85,1768,-1683
113900123,161,19,142
113900124,0,0,0
113900125,189,23,166
113900126,1,35,-34
113900127,52,247,-195
113900128,117,17,100
113900129,0,29,-29
113900130,0,0,0
113900131,80,14,66
113900132,14,14,0
113900133,4,23,-19
113900135,105,40,65
113900136,1,6,-5
113900137,85,78,7
113900138,1,34,-33
113900139,50,99,-49
113900140,37,58,-21
113900141,315,111,204
113900142,21,0,21
113900143,1,8,-7
113900144,41,68,-27
113900145,50,13,37
113900146,82,5,77
113900148,29,40,-11
113900149,48,73,-25
113900150,218,28,190
113900151,235,34,201
113900152,1,28,-27
113900153,42,40,2
113900154,0,16,-16
113900155,11,21,-10
113900156,34,57,-23
113900157,3,142,-139
113900158,23,40,-17
113900159,0,51,-51
113900160,56,61,-5
113900161,22,73,-51
113900162,33,51,-18
113900163,123,67,56
113900164,188,8,180
113900165,100,54,46
113900166,4,17,-13
113900167,240,14,226
113900168,4,2,2
113900169,22,55,-33
113900171,116,13,103
113900172,0,10,-10
113900173,0,98,-98
113900174,27,79,-52
113900175,42,54,-12
113900176,28,43,-15
113900177,39,27,12
113900178,80,43,37
113900179,3,186,-183
113900180,18,12,6
113900181,371,28,343
113900182,98,64,34
113900183,3,5,-2
113900184,2,128,-126
113900185,5,5,0
113900186,0,3,-3
113900187,3,8,-5
113900188,0,13,-13
113900189,155,27,128
113900190,102,9,93
113900191,0,19,-19
113900192,511,936,-425
113900193,1,29,-28
113900194,433,59,374
113900195,35,58,-23
113900196,1,25,-24
113900197,0,38,-38
113900198,1,50,-49
113900199,10,54,-44
113900200,0,20,-20
113900201,0,34,-34
113900202,1,19,-18
113900203,13,9,4
113900204,3,32,-29
113900205,3,4,-1
113900206,0,2,-2
113900207,0,3,-3
113900208,0,2,-2
113900209,0,5,-5
113900210,62,73,-11
113900211,63,9,54
113900212,204,114,90
113900214,47,86,-39
113900215,158,8,150
113900216,55,24,31
113900217,53,46,7
113900218,41,85,-44
113900219,31,62,-31
113900220,22,89,-67
113900221,12,116,-104
113900222,134,229,-95
113900223,133,62,71
113900224,15,5,10
113900225,107,16,91
113900226,58,24,34
113900227,72,18,54
113900228,32,139,-107
113900229,3,290,-287
113900230,414,649,-235
113900231,8,13,-5
113900232,33,1,32
113900233,21,24,-3
113900234,119,176,-57
113900235,58,18,40
113900236,248,43,205
113900237,58,8,50
113900238,76,155,-79
113900239,12,29,-17
113900240,0,30,-30
113900241,1,5,-4
113900242,0,44,-44
113900243,4,50,-46
113900244,42,26,16
113900245,82,67,15
113900246,0,16,-16
113900247,24,224,-200
113900248,358,492,-134
113900249,55,190,-135
113900250,4,70,-66
113900251,564,22,542
113900252,421,2,419
113900253,189,4,185
113900254,205,25,180
113900255,531,13,518
113900256,222,29,193
113900257,3,115,-112
113900258,0,174,-174
113900259,308,27,281
113900260,123,0,123
113900261,38,10,28
113900262,125,152,-27
113900263,1,55,-54
113900264,10,91,-81
113900265,12,80,-68
113900266,31,37,-6
113900267,15,138,-123
113900268,7,56,-49
113900269,14,12,2
113900270,91,69,22
113900271,60,107,-47
113900273,0,2,-2
113900274,13,2,11
113900275,0,10,-10
113900276,3,66,-63
113900277,112,3,109
113900278,14,6,8
113900279,13,6,7
113900280,162,88,74
113900281,172,312,-140
113900282,53,35,18
113900283,88,140,-52
113900284,507,37,470
113900285,51,7,44
113900286,48,9,39
113900287,25,6,19
113900288,0,46,-46
113900289,75,60,15
113900290,44,84,-40
113900291,13,39,-26
113900292,0,2,-2
113900293,0,77,-77
113900294,369,17,352
113900295,106,40,66
113900296,303,106,197
113900297,1027,7,1020
113900298,5,143,-138
113900299,23,0,23
113900300,635,876,-241
113900301,88,226,-138
113900302,615,223,392
113900303,46,318,-272
113900304,0,25,-25
113900305,112,0,112
113900306,44,1,43
113900307,0,0,0
113900308,3,14,-11
113900309,0,206,-206
113900310,0,6,-6
113900311,12,0,12
113900312,6,41,-35
113900313,0,0,0
113900314,8,38,-30
113900315,169,0,169
114000001,395,688,-293
114000002,222,153,69
114000003,230,160,70
114000004,423,58,365
114000005,276,81,195
114000006,305,272,33
114000007,360,445,-85
114000008,603,554,49
114000009,1082,75,1007
114000011,1456,724,732
114000012,2782,573,2209
114000013,1363,344,1019
114000014,345,83,262
114000015,1299,90,1209
114000016,176,33,143
114000017,86,568,-482
114000018,34,3,31
114000026,2368,399,1969
114000027,2805,953,1852
114000028,1084,1555,-471
114000038,269,41,228
114000039,136,17,119
114000040,107,197,-90
114000042,41,86,-45
114000043,95,135,-40
114000044,336,24,312
114000045,4,10,-6
114000046,437,1008,-571
114000047,1,51,-50
114000048,84,83,1
114000049,1014,490,524
114000050,963,401,562
114000051,1607,1002,605
114000052,1541,1456,85
114000053,14,342,-328
114000054,66,250,-184
114000055,182,6,176
114000056,57,200,-143
114000057,1359,806,553
114000058,17,266,-249
114000059,0,336,-336
114000060,110,191,-81
114000061,816,838,-22
114000062,89,409,-320
114000063,334,381,-47
114000064,641,1459,-818
114000065,390,496,-106
114000066,419,488,-69
114000067,5,531,-526
114000068,116,257,-141
114000069,463,128,335
114000070,842,665,177
114000071,520,104,416
114000072,586,52,534
114000073,22,30,-8
114000074,40,18,22
114000075,68,9,59
114000076,21,20,1
114000077,1,10,-9
114000078,153,96,57
114000079,295,40,255
114000080,37,28,9
114000081,59,22,37
114000082,17,91,-74
114000083,15,17,-2
114000084,134,93,41
114000085,13,74,-61
114000086,118,54,64
114000087,145,10,135
114000088,68,15,53
114000089,232,91,141
114000090,427,333,94
114000091,511,374,137
114000092,205,95,110
114000093,646,100,546
114000094,287,147,140
114000095,210,194,16
114000096,41,147,-106
114000097,71,174,-103
114000098,640,100,540
114000099,561,146,415
114000100,1534,134,1400
114000101,201,179,22
114000102,756,104,652
114000103,57,99,-42
114000104,7,37,-30
114000105,237,43,194
114000106,271,1338,-1067
114000107,329,52,277
114000108,346,287,59
114000109,522,1982,-1460
114000110,392,254,138
114000111,1424,810,614
114000112,150,483,-333
114000113,1840,158,1682
114000114,135,245,-110
114000115,1940,278,1662
114000116,734,2884,-2150
114000117,3113,218,2895
114000118,2652,127,2525
114000119,2321,250,2071
114000120,672,456,216
114000121,206,202,4
114000122,189,145,44
114000123,1711,165,1546
114000124,919,155,764
114000125,691,604,87
114000126,1017,125,892
114000127,45,47,-2
114000128,622,127,495
114000130,304,369,-65
114000131,313,11,302
114000132,408,94,314
114000133,273,174,99
114000134,19,5,14
114000138,0,5,-5
114000139,164,92,72
114000144,341,186,155
114000145,2,2,0
114000146,77,38,39
114000147,526,1387,-861
114000148,367,884,-517
114000149,150,126,24
114000150,86,186,-100
114000151,294,2872,-2578
114000152,26,3,23
114000153,253,583,-330
114000154,174,158,16
114000155,455,1933,-1478
114000156,432,241,191
114000157,175,717,-542
114000158,198,188,10
114000159,111,110,1
114000160,26,64,-38
114000161,435,616,-181
114000162,636,815,-179
114000163,0,12,-12
114000165,129,126,3
114000166,116,144,-28
114000167,977,570,407
114000168,224,50,174
114000169,332,481,-149
114000170,603,403,200
114000171,769,6450,-5681
114000174,81,61,20
114000176,119,169,-50
114000177,241,170,71
114000178,18,16,2
114000179,457,494,-37
114000180,157,218,-61
114000181,706,2773,-2067
114000182,325,917,-592
114000183,253,233,20
114000184,976,162,814
114000185,710,427,283
114000189,1316,98,1218
114000190,2441,310,2131
114000191,124,262,-138
114000192,59,251,-192
114000193,142,380,-238
114000194,1185,523,662
114000195,260,107,153
114000196,0,46,-46
114000197,1712,40,1672
114000198,192,164,28
114000199,470,756,-286
114000200,313,496,-183
114000201,149,311,-162
114000202,645,462,183
114000203,760,521,239
114000204,31,94,-63
114000205,198,456,-258
114000206,265,399,-134
114000207,182,214,-32
114000208,322,322,0
114000209,315,372,-57
114000210,108,301,-193
114000211,1540,586,954
114000212,1005,673,332
114000213,1987,266,1721
114000214,44,10,34
114000215,22,4,18
114000216,930,352,578
114000217,366,131,235
114000218,226,148,78
114000219,1284,55,1229
114000220,17,148,-131
114000221,1131,106,1025
114000222,101,218,-117
114000223,541,56,485
114000224,18,105,-87
114000225,225,146,79
114000226,297,78,219
114000227,1035,395,640
114000228,856,244,612
114000229,1304,547,757
114000230,1235,322,913
114000231,703,753,-50
114000232,969,81,888
114000233,1529,22,1507
114000234,1192,377,815
114000235,1185,668,517
114000236,0,136,-136
114000237,51,192,-141
114000238,72,221,-149
114000239,83,276,-193
114000240,609,789,-180
114000241,296,358,-62
114000242,587,294,293
114000243,1518,866,652
114000244,323,142,181
114000245,264,640,-376
114000246,67,21,46
114000247,351,354,-3
114000248,1254,317,937
114000249,645,176,469
114000250,558,168,390
114000251,185,66,119
114000252,32,22,10
114000253,39,22,17
114000254,31,4,27
114000255,111,85,26
114000256,104,250,-146
114000257,480,403,77
114000258,283,44,239
114000259,86,120,-34
114000260,0,3,-3
114000261,40,19,21
114000262,225,48,177
114000263,4,0,4
114000264,1063,72,991
114000265,0,1,-1
114000267,1,1384,-1383
114000268,3,331,-328
114000270,105,0,105
114000271,156,182,-26
114000283,1392,90,1302
114000285,0,82,-82
114000288,86,93,-7
114000289,1682,57,1625
114000293,213,91,122
114000294,120,161,-41
114000395,1041,17,1024
114000396,333,160,173
114000402,748,134,614
114000403,405,122,283
114000405,185,137,48
114000423,427,98,329
114000424,494,111,383
114000425,1176,114,1062
114000426,322,716,-394
114000427,33,5,28
114000428,98,36,62
114000429,13,51,-38
114000432,85,13,72
114000434,0,2,-2
114000435,0,32,-32
114900001,439,99,340
114900002,157,35,122
114900003,470,168,302
114900004,105,252,-147
114900005,234,164,70
114900006,39,45,-6
114900007,75,6,69
114900008,350,7,343
114900010,281,744,-463
114900011,389,86,303
114900013,219,54,165
114900018,512,4,508
114900020,38,33,5
114900022,1,233,-232
114900025,349,46,303
114900026,86,27,59
114900029,191,11,180
114900030,231,46,185
114900031,437,4,433
114900032,477,4,473
114900034,12,26,-14
114900035,15,89,-74
114900036,92,61,31
114900039,526,118,408
114900040,108,5,103
114900041,846,73,773
114900042,794,83,711
114900044,31,24,7
114900047,18,2230,-2212
114900048,4,29,-25
114900049,18,36,-18
114900050,12,44,-32
114900051,11,58,-47
114900052,14,93,-79
114900053,40,113,-73
114900054,8,7,1
114900057,42,17,25
114900058,0,16,-16
114900059,136,28,108
114900063,41,8,33
114900064,1337,37,1300
114900065,232,375,-143
114900067,4,29,-25
114900068,20,29,-9
114900069,94,17,77
114900070,459,45,414
114900072,0,30,-30
114900073,0,26,-26
114900074,860,42,818
114900075,188,1,187
114900076,5,36,-31
114900080,186,59,127
114900082,968,1179,-211
114900083,42,158,-116
114900090,459,59,400
114900091,24,52,-28
114900097,161,0,161
114900098,1,39,-38
114900099,192,16,176
115000001,1540,984,556
115000002,2126,3805,-1679
115000003,1663,820,843
115000004,2670,3581,-911
115000005,773,967,-194
115000006,917,586,331
115000007,83,165,-82
115000008,188,264,-76
115000009,173,99,74
115000010,116,114,2
115000013,21,92,-71
115000015,15,133,-118
115000016,19,132,-113
115000019,23,289,-266
115000020,78,531,-453
115000021,85,172,-87
115000022,81,79,2
115000023,205,276,-71
115000024,152,83,69
115000025,457,203,254
115000026,120,46,74
115000027,255,126,129
115000028,62,91,-29
115000029,613,31,582
115000030,185,140,45
115000031,338,43,295
115000032,2,61,-59
115000033,115,7,108
115000034,60,233,-173
115000035,374,47,327
115000036,0,27,-27
115000037,353,40,313
115000038,57,89,-32
115000039,1230,1959,-729
115000040,1457,1509,-52
115000041,700,2463,-1763
115000042,271,307,-36
115000043,1728,1264,464
115000044,1277,1203,74
115000045,1283,541,742
115000046,2295,1125,1170
115000047,1739,572,1167
115000048,1322,783,539
115000049,821,985,-164
115000050,1844,723,1121
115000051,828,2672,-1844
115000052,615,913,-298
115000053,1247,1851,-604
115000054,378,408,-30
115000055,60,392,-332
115000056,125,110,15
115000057,337,692,-355
115000058,45,245,-200
115000059,61,298,-237
115000061,99,168,-69
115000062,210,337,-127
115000063,258,134,124
115000064,100,48,52
115000065,61,350,-289
115000067,176,7,169
115000069,40,141,-101
115000070,31,567,-536
115000071,69,15,54
115000072,1,11,-10
115000073,710,18,692
115000075,33,53,-20
115000076,984,568,416
115000077,956,417,539
115000078,813,253,560
115000079,715,529,186
115000080,2101,547,1554
115000081,99,204,-105
115000082,2726,2146,580
115000083,1300,521,779
115000084,2407,322,2085
115000085,669,233,436
115000086,698,189,509
115000087,314,688,-374
115000088,1073,287,786
115000089,814,508,306
115000090,214,375,-161
115000091,184,206,-22
115000092,851,391,460
115000093,566,1,565
115000094,2415,5072,-2657
115000095,1585,3994,-2409
115000096,634,257,377
115000097,1474,928,546
115000098,1051,157,894
115000099,1306,586,720
115000100,1264,237,1027
115000101,264,286,-22
115000102,498,103,395
115000103,149,214,-65
115000105,71,74,-3
115000106,467,243,224
115000107,81,125,-44
115000108,791,553,238
115000109,1333,3591,-2258
115000110,503,1218,-715
115000111,115,328,-213
115000112,308,234,74
115000113,143,156,-13
115000114,242,94,148
115000116,538,672,-134
115000117,587,699,-112
115000118,740,800,-60
115000119,535,693,-158
115000120,265,779,-514
115000121,247,246,1
115000122,335,665,-330
115000123,263,618,-355
115000124,306,446,-140
115000125,223,446,-223
115000126,67,267,-200
115000127,192,61,131
115000128,99,430,-331
115000129,140,312,-172
115000130,143,149,-6
115000131,445,87,358
115000132,233,68,165
115000133,417,51,366
115000134,170,62,108
115000135,112,76,36
115000136,116,75,41
115000137,41,68,-27
115000138,140,99,41
115000139,90,23,67
115000140,227,70,157
115000141,198,38,160
115000142,112,32,80
115000143,581,180,401
115000144,303,31,272
115000145,129,68,61
115000146,284,103,181
115000147,170,104,66
115000148,78,310,-232
115000149,344,111,233
115000150,202,98,104
115000151,717,134,583
115000152,336,124,212
115000153,695,163,532
115000154,534,132,402
115000155,402,238,164
115000156,281,372,-91
115000157,125,153,-28
115000158,30,132,-102
115000159,170,181,-11
115000160,124,93,31
115000161,76,249,-173
115000162,257,570,-313
115000163,113,156,-43
115000164,144,221,-77
115000165,93,286,-193
115000167,22,28,-6
115000168,316,187,129
115000169,89,502,-413
115000170,44,102,-58
115000171,126,191,-65
115000172,289,342,-53
115000173,120,453,-333
115000174,28,174,-146
115000175,129,85,44
115000176,19,72,-53
115000177,18,153,-135
115000178,3,136,-133
115000179,0,74,-74
115000180,67,125,-58
115000181,483,59,424
115000182,687,122,565
115000183,330,200,130
115000186,328,32,296
115000187,156,103,53
115000188,228,155,73
115000189,195,225,-30
115000190,314,164,150
115000191,74,243,-169
115000194,49,40,9
115000195,16,33,-17
115000196,179,18,161
115000197,140,81,59
115000198,420,17,403
115000199,333,73,260
115000200,271,41,230
115000201,139,69,70
115000206,407,2,405
115000207,104,44,60
115000208,54,344,-290
115000209,384,177,207
115000210,109,75,34
115000211,71,189,-118
115000212,332,130,202
115000224,108,3,105
115000225,72,10,62
115000229,67,27,40
115000230,13,66,-53
115000231,273,449,-176
115000232,1797,188,1609
115000233,83,34,49
115000234,31,89,-58
115000241,59,26,33
115000242,94,10,84
115000243,62,37,25
115000244,2,29,-27
115000246,15,4,11
115000247,38,1,37
115000248,46,1,45
115000249,3,0,3
115000250,165,3,162
115000251,190,12,178
115000252,55,105,-50
115000253,1,232,-231
115000258,246,10,236
115000259,28,6,22
115000261,39,3,36
115000262,7,15,-8
115000263,14,21,-7
115000264,0,6,-6
115000267,7,8,-1
115000268,17,21,-4
115000269,36,24,12
115000270,4,6,-2
115000272,38,21,17
115000273,220,2,218
115000280,214,316,-102
115000281,26,883,-857
115000282,188,558,-370
115000284,41,141,-100
115000296,149,6,143
115000297,14,312,-298
115000298,15,491,-476
115000300,74,69,5
115000302,380,21,359
115000303,703,10,693
115000304,619,36,583
115000305,68,106,-38
115000306,280,43,237
115000307,169,86,83
115000308,5,5,0
115000310,1286,180,1106
115000311,945,423,522
115000313,78,84,-6
115000314,326,123,203
115000315,106,375,-269
115000316,66,77,-11
115000317,65,145,-80
115000318,664,213,451
115000319,63,51,12
115000320,0,198,-198
115000321,188,20,168
115000322,36,91,-55
115000449,30,65,-35
115000557,4,1498,-1494
115000558,106,51,55
115000587,632,134,498
115000588,873,1099,-226
115000589,2342,1125,1217
115000590,252,538,-286
115000591,764,286,478
115000592,325,523,-198
115000593,1234,240,994
115000594,195,838,-643
115000609,184,138,46
115000617,161,1668,-1507
115000624,337,6,331
115000633,167,614,-447
115000634,1508,341,1167
115000635,377,37,340
115000638,87,193,-106
115000641,3,116,-113
115000642,165,83,82
115000643,55,173,-118
115000644,56,134,-78
115000646,214,338,-124
115000647,60,159,-99
115000648,1828,185,1643
115000893,758,338,420
115000894,83,297,-214
115000895,98,351,-253
115000896,478,153,325
115000897,155,81,74
115000898,84,129,-45
115000899,119,655,-536
115000900,15,137,-122
115000901,38,209,-171
115000912,170,62,108
115000913,1,6,-5
115000915,2,0,2
115000916,2,0,2
115000917,0,17,-17
115000918,13,679,-666
115000919,2,55,-53
115000920,3,33,-30
115000921,92,48,44
115000922,155,309,-154
115000923,28,550,-522
115000925,83,78,5
115000927,38,27,11
115000933,11,218,-207
115000934,29,74,-45
115000935,47,28,19
115000936,13,713,-700
115000937,207,127,80
115000938,8,28,-20
115000939,7,48,-41
115000940,5,18,-13
115000941,0,32,-32
115000942,4,41,-37
115000943,2,19,-17
115000944,0,1,-1
115900001,265,16,249
115900002,23,49,-26
115900003,109,9,100
115900004,0,4,-4
115900005,247,6,241
115900006,69,21,48
115900008,113,1,112
115900009,10,16,-6
115900010,366,14,352
115900011,119,34,85
115900012,200,6,194
115900013,353,5,348
115900014,81,25,56
115900015,177,19,158
115900016,35,4,31
115900017,45,25,20
115900018,48,18,30
115900019,9,17,-8
115900020,120,0,120
115900021,221,134,87
115900022,149,1,148
115900023,2,6,-4
115900025,5,23,-18
115900026,306,22,284
115900027,0,37,-37
115900028,52,16,36
115900029,1,44,-43
115900030,31,26,5
115900031,8,93,-85
115900032,59,161,-102
115900033,0,15,-15
115900034,12,63,-51
115900035,1,8,-7
115900036,3,788,-785
115900037,9,84,-75
115900038,20,4,16
115900039,73,24,49
115900041,47,358,-311
115900042,28,0,28
115900043,50,8,42
115900044,43,279,-236
115900046,364,26,338
115900047,73,116,-43
115900049,141,50,91
115900051,0,18,-18
115900052,20,92,-72
115900053,213,19,194
115900054,315,16,299
115900055,8,33,-25
115900056,41,26,15
115900057,9,26,-17
115900058,3,5,-2
115900060,22,5,17
115900061,161,0,161
115900062,38,22,16
115900063,19,1,18
115900064,75,81,-6
115900065,118,15,103
115900066,44,17,27
115900067,18,59,-41
115900068,689,1178,-489
115900069,32,36,-4
115900070,112,26,86
115900071,19,33,-14
115900072,17,26,-9
115900073,189,65,124
115900074,7,66,-59
115900075,8,40,-32
115900076,0,10,-10
115900077,0,26,-26
115900078,8,24,-16
115900079,248,5,243
115900080,78,9,69
115900081,30,8,22
115900082,59,15,44
115900084,418,3,415
115900085,5,8,-3
115900086,309,106,203
115900088,0,44,-44
115900089,368,123,245
115900090,526,1,525
115900091,0,4,-4
115900092,39,41,-2
115900093,0,1,-1
115900094,0,57,-57
115900096,1,1,0
115900097,4,100,-96
115900098,181,58,123
115900099,33,18,15
115900100,2,137,-135
115900101,79,38,41
115900102,54,22,32
115900103,99,26,73
115900104,114,25,89
115900105,210,65,145
115900106,117,0,117
115900107,111,9,102
115900108,132,0,132
115900109,2,177,-175
115900110,0,1,-1
115900111,0,19,-19
115900112,40,118,-78
115900113,49,6,43
115900114,0,9,-9
115900115,64,45,19
115900116,52,137,-85
115900117,39,2,37
115900118,14,55,-41
115900119,123,18,105
115900120,16,30,-14
115900121,167,14,153
115900124,66,518,-452
115900125,311,13,298
115900126,697,4,693
115900127,467,5,462
115900128,1,93,-92
115900129,211,3,208
115900130,4,203,-199
115900131,327,7,320
115900132,399,1,398
115900134,247,1,246
115900135,151,192,-41
115900137,14,4,10
115900139,2,23,-21
115900140,508,6,502
115900141,0,17,-17
115900142,0,12,-12
115900143,170,66,104
115900144,101,38,63
115900146,3,41,-38
115900147,56,212,-156
115900148,5,4,1
115900149,67,4,63
115900150,80,17,63
115900151,29,18,11
115900152,31,51,-20
115900153,68,22,46
115900154,32,96,-64
115900155,0,14,-14
115900156,207,274,-67
115900157,168,208,-40
115900158,6,0,6
115900159,214,43,171
115900160,0,6,-6
115900161,7,20,-13
115900163,199,9,190
115900164,530,3,527
115900166,60,18,42
115900168,290,40,250
115900171,35,30,5
115900172,19,15,4
115900173,110,17,93
115900174,40,41,-1
115900175,88,16,72
115900178,37,115,-78
115900179,309,2,307
115900180,56,62,-6
115900181,196,46,150
115900182,449,20,429
115900183,1,53,-52
115900184,92,1,91
115900187,7,164,-157
115900189,1,48,-47
115900190,32,199,-167
115900191,2,42,-40
115900192,2,74,-72
115900193,28,10,18
115900194,568,2,566
115900195,72,1539,-1467
115900198,69,73,-4
115900199,135,9,126
115900200,125,15,110
115900201,87,138,-51
115900202,2,139,-137
115900203,0,1,-1
115900204,0,61,-61
115900205,4,19,-15
115900206,363,17,346
115900207,5,4,1
115900208,55,7,48
115900209,7,30,-23
115900210,0,80,-80
115900211,0,19,-19
115900212,129,16,113
115900213,66,148,-82
115900214,284,8,276
115900215,14,97,-83
115900216,1,28,-27
115900217,16,3,13
115900218,3,6,-3
115900219,169,0,169
115900220,272,0,272
115900221,181,4,177
115900222,79,14,65
115900223,0,236,-236
115900224,178,1224,-1046
115900225,25,38,-13
115900226,1,18,-17
115900227,1,10,-9
115900228,0,1,-1
115900229,0,2,-2
115900230,15,13,2
115900231,59,0,59
115900232,36,0,36
115900233,82,0,82
115900234,31,43,-12
115900235,6,8,-2
115900236,5,14,-9
115900237,9,16,-7
115900238,5,15,-10
115900239,1,25,-24
115900240,1,19,-18
115900241,216,4,212
115900242,350,317,33
115900243,6,5,1
115900244,4,0,4
115900245,48,10,38
115900246,3,0,3
115900247,0,0,0
115900248,5,0,5
115900249,2,3,-1
115900250,3,0,3
115900251,0,0,0
115900252,8,0,8
115900253,13,1,12
115900254,4,21,-17
115900255,0,19,-19
115900256,7,153,-146
115900257,1,1,0
115900258,0,0,0
115900259,18,0,18
115900260,0,0,0
115900261,3,0,3
115900262,5,0,5
115900263,0,0,0
115900264,0,0,0
115900265,2,1,1
115900266,27,5,22
115900267,1,0,1
115900268,1,3,-2
115900269,724,28,696
115900270,229,26,203
115900271,252,0,252
115900272,21,2,19
115900273,3,23,-20
115900274,0,0,0
115900275,0,1,-1
115900276,0,0,0
115900277,0,29,-29
115900278,108,22,86
115900279,17,96,-79
115900280,16,337,-321
115900281,89,229,-140
115900282,4,40,-36
115900283,75,4,71
115900284,0,0,0
116000001,2089,783,1306
116000002,2452,9948,-7496
116000003,456,489,-33
116000004,2265,3858,-1593
116000005,453,1266,-813
116000006,1312,2091,-779
116000007,728,949,-221
116000008,2557,1164,1393
116000009,442,1051,-609
116000010,2159,835,1324
116000011,362,500,-138
116000012,1436,535,901
116000013,1386,771,615
116000014,4907,12484,-7577
116000015,27,438,-411
116000016,1492,3183,-1691
116000017,15,262,-247
116000018,56,83,-27
116000019,656,113,543
116000020,248,263,-15
116000021,509,106,403
116000022,175,142,33
116000023,667,425,242
116000024,397,179,218
116000025,449,284,165
116000026,458,842,-384
116000027,190,239,-49
116000028,320,745,-425
116000029,174,123,51
116000030,393,268,125
116000031,4,19,-15
116000032,131,33,98
116000033,614,106,508
116000034,579,389,190
116000035,159,52,107
116000036,65,339,-274
116000037,109,167,-58
116000038,26,176,-150
116000039,153,176,-23
116000040,188,297,-109
116000041,25,150,-125
116000042,433,207,226
116000043,39,150,-111
116000044,3,40,-37
116000045,774,599,175
116000046,414,509,-95
116000047,1064,1034,30
116000048,1654,626,1028
116000049,997,1063,-66
116000050,620,493,127
116000051,1716,1083,633
116000052,1340,1131,209
116000053,1686,272,1414
116000054,566,743,-177
116000055,586,338,248
116000056,1530,556,974
116000057,1002,185,817
116000058,1206,1429,-223
116000059,1035,3069,-2034
116000060,1033,603,430
116000061,81,1151,-1070
116000062,321,288,33
116000063,252,1017,-765
116000066,153,448,-295
116000067,120,166,-46
116000068,88,241,-153
116000069,125,104,21
116000078,262,618,-356
116000080,859,287,572
116000082,1,18,-17
116000083,1201,188,1013
116000084,505,870,-365
116000085,1051,986,65
116000086,313,321,-8
116000087,2330,1119,1211
116000088,482,278,204
116000089,126,37,89
116000090,149,104,45
116000091,135,476,-341
116000093,421,103,318
116000094,534,156,378
116000095,556,159,397
116000096,895,1403,-508
116000097,543,231,312
116000098,87,5204,-5117
116000099,2695,304,2391
116000100,152,15,137
116000101,1048,81,967
116000102,217,230,-13
116000103,245,179,66
116000104,161,299,-138
116000105,960,63,897
116000106,441,567,-126
116000107,1610,232,1378
116000108,9,393,-384
116000111,121,4,117
116000113,49,11,38
116000114,3,33,-30
116000115,259,14,245
116000116,166,79,87
116000117,944,562,382
116000118,839,275,564
116000119,2790,813,1977
116000120,1466,917,549
116000121,980,164,816
116000122,451,258,193
116000123,1568,107,1461
116000124,410,206,204
116000125,2200,123,2077
116000126,114,249,-135
116000127,330,224,106
116000128,1779,258,1521
116000129,865,63,802
116000130,523,366,157
116000133,1247,114,1133
116000134,795,410,385
116000135,2122,435,1687
116000136,375,664,-289
116000137,802,260,542
116000138,385,134,251
116000139,977,1907,-930
116000140,292,288,4
116000141,353,189,164
116000142,2824,1346,1478
116000143,1560,1322,238
116000144,1851,946,905
116000145,2358,617,1741
116000146,678,60,618
116000147,118,120,-2
116000148,550,406,144
116000149,391,196,195
116000151,552,252,300
116000153,77,257,-180
116000155,111,255,-144
116000156,303,153,150
116000157,46,3,43
116000158,306,42,264
116000159,0,2,-2
116000160,51,21,30
116000161,0,38,-38
116000162,14,89,-75
116000163,38,8,30
116000164,10,4,6
116000177,77,255,-178
116000194,21,116,-95
116000195,961,194,767
116000196,31,0,31
116000197,12,16,-4
116000198,830,518,312
116000200,175,482,-307
116000201,430,144,286
116000202,16,93,-77
116000203,0,13,-13
116000204,0,1,-1
116000205,0,29,-29
116000206,2,61,-59
116000207,8,26,-18
116000233,33,81,-48
116000287,204,52,152
116000288,299,113,186
116000292,62,26,36
116000296,9,58,-49
116000297,177,2,175
116000304,256,5,251
116000305,1,6,-5
116000346,193,40,153
116000352,59,17,42
116000354,18,0,18
116000357,0,2,-2
116000358,195,82,113
116000361,61,0,61
116000372,1646,3783,-2137
116000381,101,0,101
116000388,11,18,-7
116000389,493,61,432
116000445,731,93,638
116000446,634,63,571
116000447,7,333,-326
116000448,227,41,186
116000563,281,573,-292
116000565,124,82,42
116000568,30,139,-109
116000579,14,106,-92
116000583,81,26,55
116000584,11,0,11
116000585,53,46,7
116000586,24,46,-22
116000587,223,101,122
116000589,28,21,7
116000590,123,20,103
116000591,243,66,177
116000592,26,12,14
116000593,0,2,-2
116000594,835,85,750
116000595,453,37,416
116000596,131,0,131
116000597,448,132,316
116000598,33,116,-83
116000605,51,42,9
116000606,58,156,-98
116000607,0,5,-5
116000609,45,872,-827
116000611,190,70,120
116000612,1058,1831,-773
116000613,610,269,341
116000614,367,116,251
116000615,0,0,0
116000616,60,12,48
116000617,105,7,98
116000618,0,18,-18
116000619,5,72,-67
116000620,344,130,214
116000621,72,34,38
116000622,84,38,46
116000624,57,60,-3
116000627,380,143,237
116000628,67,187,-120
116000629,20,89,-69
116000630,528,7,521
116000631,223,14,209
116000632,1407,24,1383
116000633,299,95,204
116000634,493,10,483
116000635,1137,1024,113
116000636,357,720,-363
116000637,674,3,671
116000638,135,134,1
116000639,53,0,53
116000640,30,16,14
116000641,2,2,0
116000643,0,32,-32
116000644,11,38,-27
116000645,24,93,-69
116900001,27,28,-1
116900002,134,2,132
116900003,98,0,98
116900004,23,68,-45
116900005,201,2,199
116900006,71,127,-56
116900007,14,20,-6
116900008,524,67,457
116900009,2,13,-11
116900010,1235,194,1041
116900011,5,4,1
116900012,75,50,25
116900013,1,29,-28
116900014,186,11,175
116900015,537,35,502
116900016,316,4,312
116900017,86,140,-54
116900018,60,23,37
116900019,0,57,-57
116900020,299,1382,-1083
116900023,28,7,21
116900024,604,5,599
116900025,1211,229,982
116900026,35,204,-169
116900027,51,11,40
116900028,0,9,-9
116900029,0,154,-154
116900031,1,4,-3
116900032,0,19,-19
116900033,34,0,34
116900034,20,6,14
116900035,66,31,35
116900036,0,36,-36
116900038,37,2,35
116900041,44,3,41
116900042,41,54,-13
116900043,34,15,19
116900047,1,190,-189
116900049,15,45,-30
116900050,27,54,-27
116900051,293,3,290
116900052,40,33,7
116900055,0,5,-5
116900057,13,20,-7
116900058,1,74,-73
116900059,0,12,-12
116900060,60,85,-25
116900062,1,40,-39
116900064,27,49,-22
116900065,1,22,-21
116900067,39,1,38
116900068,104,60,44
116900070,19,0,19
116900072,3,42,-39
116900073,1,13,-12
116900074,3,5,-2
116900076,19,15,4
116900077,3,76,-73
116900078,45,22,23
116900079,27,61,-34
116900080,0,9,-9
116900081,59,167,-108
116900082,14,420,-406
116900083,4,8,-4
116900084,34,17,17
116900085,2,69,-67
116900086,7,428,-421
116900088,46,0,46
116900090,13,4,9
116900091,307,10,297
116900092,34,155,-121
116900093,595,664,-69
116900094,1247,3277,-2030
116900095,223,10,213
116900096,194,197,-3
116900097,602,2011,-1409
116900098,144,66,78
116900099,50,555,-505
116900100,943,44,899
116900101,92,119,-27
116900103,2,0,2
116900104,13,1411,-1398
116900105,266,147,119
116900106,1177,1,1176
116900107,538,2560,-2022
116900110,2,0,2
116900111,575,176,399
116900112,210,166,44
116900113,330,1487,-1157
116900116,35,149,-114
116900117,122,40,82
116900118,342,730,-388
116900120,393,46,347
116900121,157,3,154
116900122,1183,150,1033
116900123,231,141,90
116900124,26,84,-58
116900125,410,67,343
116900126,33,334,-301
116900128,0,2,-2
116900129,0,67,-67
116900130,164,3024,-2860
116900131,14,70,-56
116900132,72,37,35
116900133,135,44,91
116900134,152,124,28
116900136,112,18,94
116900137,104,54,50
116900138,59,13,46
116900139,24,26,-2
116900140,60,21,39
116900141,292,52,240
116900142,1,13,-12
116900143,172,17,155
116900144,25,1,24
116900145,23,15,8
116900147,47,240,-193
116900148,0,5,-5
116900149,55,116,-61
116900150,15,2,13
116900151,39,7,32
116900153,144,45,99
116900154,65,246,-181
116900155,47,15,32
116900157,976,15,961
116900158,118,250,-132
116900159,12,154,-142
116900160,446,246,200
116900161,1145,5484,-4339
116900162,22,12,10
116900163,186,5,181
116900164,66,62,4
116900165,422,128,294
116900166,66,30,36
116900167,408,13,395
116900168,418,40,378
116900169,40,204,-164
116900170,409,143,266
116900171,32,87,-55
116900172,72,410,-338
116900173,472,1,471
116900174,37,104,-67
116900175,149,129,20
116900178,45,51,-6
116900179,29,292,-263
116900180,69,1,68
116900182,326,41,285
116900183,194,36,158
116900185,39,28,11
116900186,156,73,83
116900187,32,39,-7
116900188,58,5,53
116900189,16,0,16
116900191,81,82,-1
116900192,326,71,255
116900194,55,562,-507
116900195,69,3,66
116900196,3,51,-48
116900197,113,7,106
116900198,27,318,-291
116900200,100,2,98
116900201,345,1,344
116900202,21,19,2
116900203,143,2,141
116900204,75,115,-40
116900206,41,1,40
116900207,7,7,0
116900208,2,20,-18
116900209,45,19,26
116900210,107,59,48
116900211,160,0,160
116900212,59,0,59
116900213,66,9,57
116900214,184,35,149
116900215,41,9,32
116900216,35,42,-7
116900218,0,79,-79
116900219,212,91,121
116900220,53,91,-38
116900221,122,183,-61
116900222,170,101,69
116900223,2,47,-45
116900226,125,5,120
116900227,211,12,199
116900228,283,34,249
116900230,39,30,9
116900231,53,71,-18
116900232,12,100,-88
116900233,270,28,242
116900234,17,1,16
116900235,321,86,235
116900238,287,71,216
116900239,6,1042,-1036
116900240,3143,2819,324
116900241,92,53,39
116900242,747,637,110
116900243,0,5,-5
116900245,14,21,-7
116900246,144,23,121
116900247,882,20,862
116900248,41,0,41
116900249,269,11,258
116900250,264,15,249
116900251,119,826,-707
116900252,111,148,-37
116900254,25,85,-60
116900255,104,108,-4
116900256,406,123,283
116900257,13,33,-20
116900258,0,9,-9
116900259,159,12,147
116900260,1,3,-2
116900261,59,4,55
116900262,68,29,39
116900263,0,2,-2
116900264,77,59,18
116900265,90,0,90
116900266,10,2,8
116900267,2,0,2
116900268,21,123,-102
116900269,286,328,-42
116900271,160,362,-202
116900272,139,140,-1
116900273,2,48,-46
116900274,60,3,57
116900275,148,20,128
116900276,109,243,-134
116900277,45,16,29
116900278,0,0,0
116900279,1,7,-6
116900280,17,1,16
116900281,1271,3907,-2636
116900282,0,11,-11
116900283,1,15,-14
116900284,11,48,-37
116900285,17,204,-187
116900286,24,4,20
116900287,6,5,1
116900288,196,19,177
116900289,16,0,16
116900290,15,1,14
116900291,26,35,-9
116900292,0,21,-21
116900293,35,4,31
116900294,0,29,-29
116900295,99,180,-81
116900296,28,42,-14
116900297,1,41,-40
116900298,9,88,-79
116900299,3,462,-459
116900300,0,35,-35
116900301,45,56,-11
116900302,2,73,-71
116900303,43,61,-18
116900304,0,42,-42
116900305,0,9,-9
116900306,214,89,125
116900307,228,1,227
116900308,0,51,-51
116900309,245,17,228
116900310,47,23,24
117000001,1542,1424,118
117000002,1396,1100,296
117000003,3342,1423,1919
117000004,1399,1778,-379
117000005,2538,603,1935
117000006,707,1202,-495
117000007,3776,790,2986
117000008,549,1054,-505
117000009,2715,879,1836
117000010,624,715,-91
117000011,2325,514,1811
117000012,1102,562,540
117000013,1710,454,1256
117000014,1030,1603,-573
117000015,1599,941,658
117000016,109,231,-122
117000017,68,85,-17
117000018,56,790,-734
117000019,40,118,-78
117000020,214,1579,-1365
117000021,558,610,-52
117000022,97,185,-88
117000023,58,385,-327
117000024,67,180,-113
117000025,66,585,-519
117000026,661,1510,-849
117000027,529,1930,-1401
117000028,230,340,-110
117000030,122,194,-72
117000031,281,178,103
117000032,930,925,5
117000033,843,323,520
117000034,144,176,-32
117000035,245,109,136
117000036,226,270,-44
117000037,223,59,164
117000038,117,331,-214
117000039,125,149,-24
117000040,23,249,-226
117000041,994,38,956
117000044,1,273,-272
117000045,477,107,370
117000046,195,513,-318
117000047,633,400,233
117000048,753,481,272
117000049,12,141,-129
117000050,94,256,-162
117000051,934,12,922
117000052,52,156,-104
117000053,1172,16,1156
117000054,972,1,971
117000055,4,448,-444
117000056,485,49,436
117000057,234,608,-374
117000060,317,548,-231
117000061,1926,703,1223
117000062,141,333,-192
117000063,1092,453,639
117000064,396,244,152
117000066,141,276,-135
117000067,74,279,-205
117000074,3,44,-41
117000076,5,12,-7
117000077,53,35,18
117000078,118,80,38
117000079,120,117,3
117000080,4,312,-308
117000081,260,38,222
117000082,26,136,-110
117000083,170,281,-111
117000084,88,0,88
117000085,216,225,-9
117000086,314,138,176
117000087,30,265,-235
117000088,336,31,305
117000089,2025,111,1914
117000090,197,426,-229
117000091,1082,56,1026
117000092,309,350,-41
117000093,1900,101,1799
117000094,455,452,3
117000095,2584,142,2442
117000096,357,613,-256
117000097,1499,305,1194
117000098,781,993,-212
117000099,3856,507,3349
117000100,188,130,58
117000101,58,178,-120
117000102,1678,145,1533
117000103,183,420,-237
117000104,1581,175,1406
117000105,179,446,-267
117000106,1707,120,1587
117000107,169,423,-254
117000108,2074,555,1519
117000109,580,821,-241
117000110,1358,1271,87
117000111,2665,2297,368
117000112,2419,624,1795
117000113,6,56,-50
117000114,314,27,287
117000115,22,20,2
117000116,183,55,128
117000117,840,593,247
117000118,278,301,-23
117000119,63,341,-278
117000120,10,339,-329
117000121,4,281,-277
117000122,306,629,-323
117000123,326,56,270
117000124,2,54,-52
117000125,20,460,-440
117000126,25,9,16
117000127,51,168,-117
117000128,33,192,-159
117000129,164,604,-440
117000130,160,0,160
117000131,0,26,-26
117000132,2522,10,2512
117000133,2616,4,2612
117000134,0,0,0
117000135,0,32,-32
117000136,0,1,-1
117000137,300,50,250
117000138,0,0,0
117000140,176,316,-140
117000141,1751,145,1606
117000181,88,62,26
117000182,648,927,-279
117000195,25,213,-188
117000196,422,128,294
117000225,0,82,-82
117000226,2,44,-42
117000276,378,11,367
117000277,0,108,-108
117000310,586,2272,-1686
117000315,62,222,-160
117000320,44,0,44
117000906,680,9,671
117000907,2,78,-76
117000909,54,55,-1
117000910,232,62,170
117000911,38,51,-13
117000915,0,97,-97
117000916,42,0,42
117000917,965,7,958
117000918,91,27,64
117000919,0,8,-8
117000920,2,365,-363
117000921,0,235,-235
117000922,35,7,28
117000924,1060,502,558
117000926,211,57,154
117000927,79,252,-173
117000928,0,15,-15
117000929,252,152,100
117000930,844,56,788
117000931,90,81,9
117900002,26,412,-386
117900003,24,9,15
117900005,1,43,-42
117900006,1,26,-25
117900007,54,24,30
117900008,0,3,-3
117900010,361,152,209
117900011,1,167,-166
117900012,5,7,-2
117900013,0,58,-58
117900014,508,281,227
117900015,1,93,-92
117900016,170,565,-395
117900017,674,386,288
117900018,78,175,-97
117900019,493,105,388
117900020,16,53,-37
117900021,41,96,-55
117900023,658,22,636
117900024,42,38,4
117900025,9,0,9
117900026,393,104,289
117900028,17,1,16
117900029,180,107,73
117900031,89,60,29
117900032,916,269,647
117900033,294,132,162
117900034,114,26,88
117900035,264,51,213
117900036,190,138,52
117900037,185,13,172
117900038,16,10,6
117900039,0,8,-8
117900040,54,36,18
117900041,0,13,-13
117900042,929,194,735
117900043,0,7,-7
117900044,131,2998,-2867
117900045,137,46,91
117900048,205,75,130
117900049,238,503,-265
117900050,3,63,-60
117900051,14,4,10
117900052,55,484,-429
117900053,1521,94,1427
117900054,0,7,-7
117900055,219,58,161
117900056,15,10,5
117900057,472,267,205
117900058,5,94,-89
117900059,46,41,5
117900060,1625,674,951
117900061,2,140,-138
117900063,407,74,333
117900065,113,248,-135
117900066,3,94,-91
117900067,633,53,580
117900069,748,72,676
117900070,46,170,-124
117900071,121,37,84
117900073,557,43,514
117900074,7,61,-54
117900075,94,35,59
117900076,27,103,-76
117900077,369,14,355
117900078,407,201,206
117900080,78,75,3
117900081,111,69,42
117900082,559,150,409
117900083,583,201,382
117900086,148,49,99
117900087,128,4,124
117900088,240,291,-51
117900089,1748,380,1368
117900090,394,209,185
117900091,243,22,221
117900092,118,33,85
117900093,146,6,140
117900094,34,40,-6
117900095,371,376,-5
117900096,125,158,-33
117900097,126,7,119
117900098,61,0,61
117900099,195,1682,-1487
117900100,440,1,439
117900101,503,1747,-1244
117900102,77,7,70
117900103,88,0,88
117900104,23,1132,-1109
117900105,44,52,-8
117900106,70,21,49
117900107,63,0,63
117900109,850,516,334
117900110,139,0,139
117900111,780,65,715
117900112,31,1,30
117900113,531,1769,-1238
117900114,20,0,20
117900115,8,98,-90
117900116,388,191,197
117900117,597,154,443
117900118,74,1,73
117900119,215,17,198
117900120,273,6,267
117900121,74,9,65
117900122,151,3837,-3686
117900123,539,136,403
117900124,43,156,-113
117900125,934,354,580
117900126,53,171,-118
117900127,324,83,241
117900128,256,121,135
117900129,53,0,53
117900130,411,89,322
117900131,0,25,-25
117900132,0,9,-9
117900133,1,19,-18
117900134,23,28,-5
117900135,9,51,-42
117900136,0,3,-3
117900137,2,28,-26
117900138,0,3,-3
117900139,20,11,9
117900140,4514,106,4408
117900141,35,81,-46
117900142,49,240,-191
117900144,16,82,-66
117900145,1,62,-61
117900146,70,196,-126
117900147,31,37,-6
117900148,1139,1889,-750
117900149,21,16,5
117900150,65,16,49
117900151,35,88,-53
117900152,28,53,-25
117900153,26,96,-70
117900154,312,234,78
117900156,291,165,126
117900157,137,119,18
117900158,364,7,357
117900160,635,315,320
117900161,315,331,-16
117900162,477,267,210
117900163,20,448,-428
117900165,1,17,-16
117900166,1,125,-124
117900168,87,72,15
117900169,0,13,-13
117900170,3,15,-12
117900171,3,4,-1
117900172,33,3,30
117900173,15,7,8
117900174,0,4,-4
117900175,3,1,2
117900176,4,37,-33
117900177,1,9,-8
117900178,23,17,6
117900180,146,25,121
117900181,16,509,-493
117900182,0,68,-68
117900183,123,96,27
117900184,36,31,5
117900185,135,11,124
117900186,40,0,40
117900187,9,0,9
117900188,97,5,92
117900189,40,20,20
117900190,37,0,37
117900191,112,1,111
117900192,150,0,150
117900193,1,69,-68
117900194,0,0,0
117900195,11,42,-31
117900196,1,7,-6
117900207,7,51,-44
117900208,5,14,-9
117900209,101,24,77
117900210,17,14,3
117900211,1,24,-23
117900212,64,53,11
117900213,42,0,42
117900214,0,12,-12
117900215,23,21,2
117900216,31,11,20
117900217,24,27,-3
117900218,47,85,-38
117900219,1,117,-116
117900220,7,45,-38
117900222,106,37,69
117900223,67,176,-109
118000001,237,771,-534
118000002,206,606,-400
118000003,954,1934,-980
118000004,747,1061,-314
118000005,1464,1404,60
118000006,662,1645,-983
118000007,2183,4482,-2299
118000008,656,2617,-1961
118000009,1252,1862,-610
118000010,1257,1939,-682
118000011,1006,615,391
118000012,583,419,164
118000013,564,587,-23
118000014,853,641,212
118000016,181,103,78
118000017,390,256,134
118000018,152,105,47
118000019,608,1148,-540
118000020,181,1024,-843
118000021,199,1484,-1285
118000022,493,289,204
118000023,232,166,66
118000024,274,366,-92
118000027,3198,3068,130
118000029,295,576,-281
118000032,114,894,-780
118000033,973,1849,-876
118000034,1117,1236,-119
118000035,919,1042,-123
118000036,442,422,20
118000037,418,429,-11
118000038,211,28,183
118000039,110,45,65
118000040,885,647,238
118000041,1308,695,613
118000045,51,34,17
118000046,190,516,-326
118000047,149,685,-536
118000048,425,1054,-629
118000051,987,1619,-632
118000052,621,913,-292
118000053,53,452,-399
118000054,961,584,377
118000055,692,754,-62
118000056,65,163,-98
118000057,36,246,-210
118000058,675,1790,-1115
118000059,379,1459,-1080
118000060,427,296,131
118000061,583,460,123
118000062,267,65,202
118000063,129,614,-485
118000064,314,590,-276
118000065,907,630,277
118000066,464,1465,-1001
118000067,179,266,-87
118000068,238,4317,-4079
118000069,482,577,-95
118000070,1429,1070,359
118000071,1130,5002,-3872
118000072,295,2016,-1721
118000073,341,1263,-922
118000074,281,793,-512
118000075,325,632,-307
118000076,942,3418,-2476
118000077,514,596,-82
118000078,903,1030,-127
118000079,65,164,-99
118000080,207,279,-72
118000081,709,604,105
118000082,133,631,-498
118000083,589,725,-136
118000084,471,962,-491
118000086,153,295,-142
118000087,1928,1257,671
118000088,585,474,111
118000089,1658,1769,-111
118000090,670,1570,-900
118000091,188,2035,-1847
118000092,245,190,55
118000093,40,390,-350
118000096,351,269,82
118000097,298,226,72
118000098,100,64,36
118000099,320,98,222
118000101,802,145,657
118000102,354,263,91
118000107,414,136,278
118000108,126,2362,-2236
118000110,0,4,-4
118000111,0,25,-25
118000112,1136,5,1131
118000113,0,113,-113
118000114,686,1,685
118000115,0,1,-1
118000116,25,12,13
118000117,330,341,-11
118000118,608,629,-21
118000119,633,747,-114
118000120,513,370,143
118000121,3,158,-155
118000122,152,65,87
118000123,88,78,10
118000125,414,746,-332
118000126,282,1268,-986
118000127,380,429,-49
118000128,356,1059,-703
118000129,369,288,81
118000130,747,1689,-942
118000131,191,462,-271
118000132,1660,1468,192
118000133,907,401,506
118000135,250,344,-94
118000136,75,163,-88
118000137,237,68,169
118000138,193,138,55
118000139,224,65,159
118000140,1573,5104,-3531
118000141,2098,971,1127
118000142,1480,672,808
118000143,2015,1117,898
118000144,396,217,179
118000145,498,384,114
118000146,605,151,454
118000147,516,369,147
118000148,576,810,-234
118000149,439,241,198
118000150,630,83,547
118000151,604,88,516
118000153,1251,368,883
118000154,1551,544,1007
118000155,1652,644,1008
118000156,1079,1425,-346
118000157,362,84,278
118000158,105,366,-261
118000159,49,20,29
118000160,515,151,364
118000161,351,131,220
118000162,894,426,468
118000163,732,646,86
118000164,1190,796,394
118000168,157,307,-150
118000169,349,423,-74
118000170,1167,1139,28
118000171,188,109,79
118000172,67,138,-71
118000173,563,817,-254
118000175,66,70,-4
118000176,329,156,173
118000177,250,254,-4
118000178,12,27,-15
118000179,361,337,24
118000180,343,190,153
118000181,206,26,180
118000182,140,83,57
118000183,164,173,-9
118000184,818,238,580
118000185,228,801,-573
118000186,147,621,-474
118000187,1337,122,1215
118000188,685,8,677
118000189,575,32,543
118000190,6,0,6
118000191,10,1,9
118000192,262,97,165
118000193,2,153,-151
118000194,687,522,165
118000195,58,675,-617
118000196,15,93,-78
118000197,60,253,-193
118000198,199,1222,-1023
118000199,148,772,-624
118000200,5,98,-93
118000201,45,311,-266
118000202,4,84,-80
118000203,58,607,-549
118000204,6,296,-290
118000205,16,53,-37
118000206,157,99,58
118000207,0,41,-41
118000208,769,770,-1
118000209,1396,308,1088
118000210,158,11,147
118000211,69,43,26
118000213,260,1395,-1135
118000214,58,196,-138
118000215,398,36,362
118000216,2466,746,1720
118000217,3,32,-29
118000218,31,14,17
118000219,60,65,-5
118000220,6,25,-19
118000221,276,340,-64
118000222,53,2,51
118000223,88,42,46
118000224,44,20,24
118000225,60,240,-180
118000226,738,42,696
118000227,187,167,20
118000228,3,83,-80
118000229,9,77,-68
118000230,27,127,-100
118000231,4,152,-148
118000232,390,126,264
118000233,969,257,712
118000234,272,41,231
118000236,208,120,88
118000237,99,84,15
118000238,129,22,107
118000239,173,186,-13
118000240,72,34,38
118000241,165,47,118
118000242,274,31,243
118000243,44,113,-69
118000244,26,30,-4
118000246,2,9,-7
118000255,9,148,-139
118000256,50,83,-33
118000259,1,62,-61
118000260,139,7,132
118000261,36,12,24
118000263,39,69,-30
118000266,121,73,48
118000267,0,30,-30
118000268,40,0,40
118000270,69,17,52
118000271,184,64,120
118000272,16,4,12
118000273,123,22,101
118000274,25,36,-11
118000276,321,76,245
118000295,25,19,6
118000298,27,53,-26
118000299,21,40,-19
118000301,0,43,-43
118000302,24,13,11
118000311,745,14,731
118000312,161,13,148
118000313,29,38,-9
118000314,123,16,107
118000315,12,1,11
118000316,697,89,608
118000325,69,3,66
118000326,24,5,19
118000331,54,8,46
118000332,5,1,4
118000333,62,5,57
118000335,396,1,395
118000336,0,45,-45
118000407,188,27,161
118000457,10,31,-21
118000465,350,1029,-679
118000480,10,17,-7
118000489,16,260,-244
118000490,6,120,-114
118000492,600,43,557
118000510,2,3,-1
118000514,17,109,-92
118000515,240,642,-402
118000517,94,82,12
118000524,180,212,-32
118000525,109,274,-165
118000530,25,68,-43
118000531,350,87,263
118000532,52,129,-77
118000533,76,57,19
118000534,454,163,291
118000535,269,13,256
118000536,9,154,-145
118000537,12,37,-25
118000538,12,10,2
118000539,1,27,-26
118000540,141,31,110
118000541,52,21,31
118000542,45,109,-64
118000543,53,51,2
118000546,66,20,46
118000553,0,0,0
118000557,0,0,0
118000560,252,746,-494
118000562,36,22,14
118000563,867,465,402
118000576,68,35,33
118000577,57,59,-2
118000578,74,32,42
118000579,227,832,-605
118000583,0,0,0
118000595,158,52,106
118000596,0,36,-36
118000597,139,54,85
118000598,1,0,1
118000599,170,4,166
118000600,2,2,0
118000601,2,0,2
118000602,0,5,-5
118000603,0,0,0
118000605,62,40,22
118000606,2,7,-5
118900001,184,346,-162
118900002,227,351,-124
118900003,246,3,243
118900004,57,1,56
118900005,20,0,20
118900006,62,0,62
118900007,0,0,0
118900008,566,10,556
118900009,54,37,17
118900010,67,3,64
118900011,76,1,75
118900012,90,45,45
118900013,181,191,-10
118900015,217,6,211
118900016,0,3,-3
118900017,3,36,-33
118900018,438,31,407
118900019,2,2,0
118900020,3,10,-7
118900021,76,205,-129
118900022,42,16,26
118900023,3,49,-46
118900024,20,16,4
118900025,10,29,-19
118900026,17,7,10
118900027,117,82,35
118900028,59,37,22
118900029,110,48,62
118900030,596,9,587
118900031,17,17,0
118900032,119,23,96
118900033,198,214,-16
118900034,88,36,52
118900035,55,34,21
118900036,912,98,814
118900037,52,228,-176
118900038,340,34,306
118900039,427,28,399
118900040,164,28,136
118900041,237,44,193
118900042,113,20,93
118900045,85,87,-2
118900046,222,321,-99
118900047,118,277,-159
118900048,5,109,-104
118900049,1,5,-4
118900050,39,2,37
118900051,50,29,21
118900052,70,125,-55
118900053,0,15,-15
118900054,86,19,67
118900055,85,10,75
118900056,5,16,-11
118900057,432,241,191
118900058,182,89,93
118900059,1,24,-23
118900060,104,18,86
118900062,55,17,38
118900064,47,321,-274
118900065,1,53,-52
118900066,41,51,-10
118900067,1232,2668,-1436
118900068,2,111,-109
118900069,482,35,447
118900071,0,1,-1
118900072,107,107,0
118900073,236,35,201
118900074,25,8,17
118900075,67,4,63
118900076,104,15,89
118900077,157,87,70
118900078,6,0,6
118900079,2,4,-2
118900080,30,5,25
118900081,10,5,5
118900082,878,71,807
118900083,20,1,19
118900084,0,1,-1
118900085,254,115,139
118900086,31,14,17
118900087,57,399,-342
118900088,2,3,-1
118900089,2,10,-8
118900090,177,44,133
118900091,136,32,104
118900092,65,15,50
118900093,7,7,0
118900096,9,16,-7
118900097,73,92,-19
118900099,33,26,7
118900100,12,13,-1
118900101,49,48,1
118900102,7,28,-21
118900103,3,17,-14
118900104,115,29,86
118900105,30,19,11
118900107,12,12,0
118900108,9,22,-13
118900110,255,478,-223
118900111,195,81,114
118900112,121,82,39
118900113,26,34,-8
118900114,0,9,-9
118900115,32,92,-60
118900116,83,51,32
118900117,73,18,55
118900118,229,60,169
118900119,101,53,48
118900120,48,65,-17
118900121,3,157,-154
118900122,0,379,-379
118900123,46,35,11
118900124,37,12,25
118900126,9,82,-73
118900129,142,40,102
118900130,0,30,-30
118900131,146,43,103
118900132,172,95,77
118900133,1,13,-12
118900135,99,72,27
118900136,179,64,115
118900137,2,23,-21
118900139,131,28,103
118900140,347,133,214
118900141,17,13,4
118900144,87,108,-21
118900145,0,51,-51
118900146,104,76,28
118900147,14,92,-78
118900148,7,10,-3
118900150,74,172,-98
118900152,281,139,142
118900157,17,46,-29
118900158,140,12,128
118900159,0,32,-32
118900161,37,29,8
118900163,7,20,-13
118900164,0,11,-11
118900165,30,29,1
118900166,27,0,27
118900167,12,25,-13
118900168,10,48,-38
118900169,50,57,-7
118900170,179,4,175
118900171,20,2,18
118900174,12,2,10
118900175,433,163,270
118900176,89,101,-12
118900177,103,5,98
118900178,18,5,13
118900179,3,3,0
118900181,55,4,51
118900182,10,13,-3
118900183,13,19,-6
118900184,50,8,42
118900185,177,14,163
118900186,63,51,12
118900187,96,112,-16
118900188,85,143,-58
118900189,13,351,-338
118900190,14,20,-6
118900191,289,5,284
118900192,308,1,307
118900193,799,5,794
118900195,76,94,-18
118900196,5,28,-23
118900197,198,2,196
118900198,18,1,17
118900199,96,1,95
118900200,31,10,21
118900201,18,28,-10
118900202,0,27,-27
118900203,6,5,1
118900204,3,18,-15
118900205,0,9,-9
118900206,2,22,-20
119000001,1035,667,368
119000002,2117,1264,853
119000003,2510,361,2149
119000004,1793,930,863
119000005,1475,1368,107
119000006,2580,1092,1488
119000007,2356,1879,477
119000008,711,603,108
119000009,1608,3502,-1894
119000010,1687,2329,-642
119000011,1338,1209,129
119000012,700,1478,-778
119000013,2189,1188,1001
119000014,885,1392,-507
119000019,94,62,32
119000020,1509,1216,293
119000021,2951,1898,1053
119000022,526,1765,-1239
119000023,126,131,-5
119000024,745,9205,-8460
119000025,562,209,353
119000026,13,339,-326
119000027,564,330,234
119000028,767,334,433
119000029,26,78,-52
119000030,284,414,-130
119000031,360,272,88
119000032,410,753,-343
119000033,1127,711,416
119000034,590,272,318
119000035,8,44,-36
119000036,1648,261,1387
119000037,900,494,406
119000038,87,280,-193
119000039,518,185,333
119000040,471,577,-106
119000041,382,979,-597
119000048,1145,812,333
119000049,1202,586,616
119000050,547,712,-165
119000051,1017,406,611
119000052,873,840,33
119000053,1315,559,756
119000054,1377,329,1048
119000055,2523,591,1932
119000056,2385,705,1680
119000057,1091,327,764
119000058,609,324,285
119000059,405,299,106
119000060,907,242,665
119000061,299,198,101
119000062,526,292,234
119000063,284,232,52
119000064,171,276,-105
119000065,556,1000,-444
119000066,1187,534,653
119000067,960,421,539
119000068,1142,242,900
119000069,825,352,473
119000070,1818,310,1508
119000071,192,116,76
119000072,1258,881,377
119000073,1964,4035,-2071
119000074,1143,518,625
119000075,2987,873,2114
119000076,82,138,-56
119000077,413,130,283
119000078,215,50,165
119000079,126,95,31
119000080,331,48,283
119000081,188,90,98
119000082,412,53,359
119000083,331,180,151
119000084,217,91,126
119000085,224,35,189
119000086,221,255,-34
119000087,287,87,200
119000088,235,34,201
119000089,60,53,7
119000090,94,75,19
119000091,87,153,-66
119000092,44,85,-41
119000093,1454,1015,439
119000094,2777,1885,892
119000095,1333,1345,-12
119000097,665,427,238
119000098,647,3369,-2722
119000099,997,505,492
119000100,3227,1741,1486
119000101,1721,837,884
119000102,76,833,-757
119000103,351,284,67
119000104,352,123,229
119000105,423,1354,-931
119000106,194,143,51
119000107,999,278,721
119000108,264,258,6
119000109,63,117,-54
119000110,40,61,-21
119000111,15,266,-251
119000112,51,10,41
119000113,229,46,183
119000114,203,460,-257
119000115,42,114,-72
119000116,14,85,-71
119000117,34,130,-96
119000118,1,0,1
119000123,433,1334,-901
119000124,752,97,655
119000125,3288,290,2998
119000126,1315,327,988
119000127,100,48,52
119000128,25,1,24
119000131,1181,132,1049
119000132,0,3,-3
119000133,1,1,0
119000134,526,341,185
119000135,186,100,86
119000136,175,16,159
119000137,168,72,96
119000138,606,54,552
119000139,65,31,34
119000140,66,82,-16
119000284,412,944,-532
119000285,574,364,210
119000286,1395,965,430
119000287,676,683,-7
119000288,1045,329,716
119000289,499,889,-390
119000290,99,165,-66
119000291,18,151,-133
119000293,69,164,-95
119000294,36,20,16
119000295,610,221,389
119000296,245,49,196
119000302,684,691,-7
119000303,26,70,-44
119000314,538,3885,-3347
119000315,0,39,-39
119000316,184,23,161
119000317,59,52,7
119000319,684,77,607
119900001,79,469,-390
119900002,97,105,-8
119900003,3,87,-84
119900004,30,1057,-1027
119900005,209,17,192
119900006,38,158,-120
119900007,171,105,66
119900008,13,25,-12
119900009,172,113,59
119900010,211,174,37
119900011,17,163,-146
119900012,0,45,-45
119900013,835,530,305
119900014,267,26,241
119900015,137,4,133
119900016,21,17,4
119900017,32,10,22
119900018,497,909,-412
119900019,18,0,18
119900020,35,18,17
119900021,15,7,8
119900022,72,528,-456
119900023,262,1539,-1277
119900025,184,0,184
119900026,121,79,42
119900027,4,2,2
119900028,94,76,18
119900029,2,1,1
119900030,201,57,144
119900031,22,456,-434
119900033,204,139,65
119900034,390,5,385
119900037,136,3,133
119900038,5,174,-169
119900039,81,14,67
119900040,122,8,114
119900041,99,2,97
119900042,31,26,5
119900043,42,27,15
119900044,74,453,-379
119900046,117,1,116
119900047,98,115,-17
119900049,134,0,134
119900050,27,94,-67
119900051,1094,3,1091
119900052,49,4,45
119900053,117,46,71
119900054,197,5,192
119900055,815,119,696
119900057,296,16,280
119900058,190,0,190
119900059,40,12,28
119900060,271,9,262
119900061,389,2,387
119900062,55,1,54
119900063,1,18,-17
119900065,243,0,243
119900067,66,5,61
119900068,518,1,517
119900069,87,2,85
119900070,544,0,544
119900071,591,17,574
119900073,269,33,236
119900074,9,91,-82
119900075,438,880,-442
119900076,58,10,48
119900077,884,112,772
119900078,293,112,181
119900079,307,40,267
119900080,264,107,157
119900081,873,20,853
119900082,1153,82,1071
119900083,181,48,133
119900084,102,15,87
119900085,4,2,2
119900086,185,132,53
119900087,26,62,-36
119900088,14,3,11
119900089,9,68,-59
119900090,3,3,0
119900091,4,149,-145
119900092,0,91,-91
119900093,337,43,294
119900094,1,58,-57
119900095,15,26,-11
119900096,35,15,20
119900097,22,112,-90
119900098,12,4,8
119900099,0,18,-18
119900100,331,1245,-914
119900101,22,277,-255
119900102,10,33,-23
119900103,31,37,-6
119900104,14,27,-13
119900105,226,608,-382
119900106,0,39,-39
119900107,30,438,-408
119900108,1267,266,1001
119900109,13,112,-99
119900110,239,56,183
119900111,92,66,26
119900112,401,331,70
119900113,1,36,-35
119900114,144,167,-23
119900115,265,86,179
119900116,19,122,-103
119900117,110,95,15
119900118,62,112,-50
119900119,84,29,55
119900120,100,129,-29
119900121,363,98,265
119900122,11,35,-24
119900123,22,96,-74
119900124,64,118,-54
119900125,0,32,-32
119900126,738,73,665
119900127,181,74,107
119900128,192,148,44
119900129,156,38,118
119900130,0,17,-17
119900131,9,26,-17
119900132,1,11,-10
119900133,31,3,28
119900134,142,20,122
119900135,0,23,-23
119900136,22,21,1
119900138,28,70,-42
119900139,8,26,-18
119900140,0,18,-18
119900141,37,387,-350
119900142,0,4,-4
119900143,8,32,-24
119900144,350,42,308
119900145,4,37,-33
119900146,34,28,6
119900147,0,105,-105
119900148,210,3,207
119900149,166,2693,-2527
119900150,69,14,55
119900151,433,370,63
119900152,86,41,45
119900153,185,9,176
119900154,7,83,-76
119900155,16,1,15
119900156,1,0,1
119900157,121,42,79
119900158,120,21,99
119900159,14,113,-99
119900160,24,13,11
119900161,95,11,84
119900162,560,294,266
119900163,29,54,-25
119900164,0,0,0
119900165,125,49,76
119900166,84,18,66
119900167,0,10,-10
119900168,600,116,484
119900169,6,134,-128
119900170,61,63,-2
119900171,235,157,78
119900172,5,2,3
119900173,0,29,-29
119900174,0,10,-10
119900175,1159,90,1069
119900177,3,13,-10
119900178,0,25,-25
119900179,59,832,-773
119900180,679,232,447
119900181,7,33,-26
119900182,1,19,-18
119900183,35,164,-129
119900184,307,64,243
119900185,13,154,-141
119900186,9,793,-784
119900187,20,68,-48
119900188,74,123,-49
119900189,41,50,-9
119900190,30,162,-132
119900191,58,72,-14
119900192,10,51,-41
119900193,399,58,341
119900194,28,14,14
119900195,3,43,-40
119900196,90,37,53
119900197,129,30,99
119900198,84,76,8
119900199,59,2,57
119900200,405,155,250
119900201,36,25,11
119900202,2,47,-45
119900203,68,273,-205
119900204,47,117,-70
119900205,594,114,480
119900206,231,28,203
119900208,102,29,73
119900209,291,716,-425
119900210,22,18,4
119900211,26,1,25
119900212,660,134,526
119900213,0,38,-38
119900214,54,3,51
119900215,26,1,25
119900216,18,6,12
119900217,1,2,-1
119900218,4,13,-9
119900219,2,11,-9
119900220,1,11,-10
119900221,24,28,-4
119900222,8,26,-18
119900223,0,14,-14
119900224,0,4,-4
119900225,115,6,109
119900226,49,831,-782
119900227,152,71,81
119900228,10,159,-149
119900229,15,86,-71
119900230,316,60,256
119900231,335,18,317
119900232,124,7,117
119900233,98,2,96
119900234,2,38,-36
119900235,2,18,-16
119900236,7,21,-14
119900237,34,93,-59
119900238,0,9,-9
119900240,49,17,32
119900241,121,40,81
119900242,460,260,200
119900244,136,322,-186
119900245,80,86,-6
119900246,41,106,-65
119900247,5,12,-7
119900248,5,164,-159
119900249,187,6,181
119900253,382,237,145
119900254,40,626,-586
119900255,22,193,-171
119900256,699,109,590
119900257,109,1,108
119900258,136,1,135
119900259,26,20,6
119900260,218,5,213
119900261,217,35,182
119900262,0,31,-31
119900263,488,56,432
119900264,93,41,52
119900265,387,24,363
119900266,173,12,161
119900267,54,72,-18
119900268,58,13,45
119900269,449,165,284
119900271,14,11,3
119900272,14,32,-18
119900275,158,33,125
119900276,75,5,70
119900277,18,1,17
119900278,117,49,68
119900279,27,103,-76
119900280,133,10,123
119900281,0,95,-95
119900282,4,11,-7
119900283,0,17,-17
119900284,14,53,-39
119900285,0,66,-66
119900286,0,5,-5
119900288,0,1,-1
119900289,0,0,0
119900290,0,0,0
119900291,0,2,-2
119900292,7,47,-40
119900293,30,53,-23
119900294,9,99,-90
119900295,13,67,-54
119900296,53,45,8
119900297,0,7,-7
119900298,2,1,1
119900299,37,38,-1
119900300,143,49,94
119900301,13,64,-51
119900302,1,8,-7
119900303,193,11,182
119900304,148,5,143
119900305,2,8,-6
119900306,8,1,7
119900307,24,12,12
119900308,0,5,-5
119900309,7,105,-98
119900310,38,36,2
119900311,151,27,124
119900312,84,3,81
119900313,24,53,-29
119900314,157,122,35
119900315,1621,546,1075
119900318,24,30,-6
119900319,1,63,-62
119900320,164,125,39
119900321,105,5,100
120000001,4237,16001,-11764
120000002,1608,883,725
120000003,926,486,440
120000004,1362,570,792
120000005,1198,397,801
120000006,665,338,327
120000007,989,359,630
120000008,555,827,-272
120000009,595,241,354
120000010,853,706,147
120000011,552,474,78
120000012,728,678,50
120000013,2332,1436,896
120000014,677,602,75
120000015,1808,1254,554
120000016,2458,1439,1019
120000017,2389,1995,394
120000018,1800,10572,-8772
120000019,702,563,139
120000020,1199,1579,-380
120000021,901,727,174
120000022,2207,2778,-571
120000023,961,842,119
120000024,816,902,-86
120000025,2193,698,1495
120000026,2636,1211,1425
120000027,1542,1461,81
120000028,362,375,-13
120000029,409,488,-79
120000030,146,345,-199
120000031,902,2446,-1544
120000032,1938,945,993
120000033,2094,369,1725
120000034,2283,368,1915
120000035,2075,540,1535
120000036,1579,2071,-492
120000037,314,1116,-802
120000038,1218,969,249
120000039,215,629,-414
120000040,19,679,-660
120000041,296,362,-66
120000042,1073,566,507
120000043,3028,455,2573
120000044,3370,952,2418
120000045,5796,404,5392
120000046,4609,5460,-851
120000047,179,3518,-3339
120000048,3537,2724,813
120000049,2429,1105,1324
120000050,1696,1439,257
120000051,1252,1812,-560
120000052,2754,614,2140
120000053,646,900,-254
120000054,434,1714,-1280
120000055,664,1286,-622
120000056,2119,1193,926
120000057,2156,482,1674
120000058,807,534,273
120000059,9,1556,-1547
120000061,32,201,-169
120000062,59,122,-63
120000063,283,530,-247
120000064,211,359,-148
120000065,194,341,-147
120000066,126,103,23
120000067,29,124,-95
120000068,106,148,-42
120000069,382,153,229
120000070,199,397,-198
120000071,1002,34,968
120000072,1016,212,804
120000073,856,23,833
120000074,133,5,128
120000075,760,40,720
120000076,1979,153,1826
120000077,1991,192,1799
120000078,2473,430,2043
120000079,313,167,146
120000080,122,77,45
120000081,314,56,258
120000082,452,125,327
120000083,88,685,-597
120000084,131,101,30
120000085,135,82,53
120000086,76,132,-56
120000087,108,162,-54
120000088,335,338,-3
120000089,454,92,362
120000090,281,105,176
120000091,895,244,651
120000092,709,132,577
120000093,842,177,665
120000094,322,228,94
120000095,256,128,128
120000096,239,148,91
120000098,376,181,195
120000099,128,223,-95
120000100,270,269,1
120000101,378,68,310
120000102,448,847,-399
120000103,934,463,471
120000104,1818,160,1658
120000105,2092,83,2009
120000106,2804,65,2739
120000107,4949,142,4807
120000108,1615,35,1580
120000109,954,30,924
120000110,5,297,-292
120000111,51,260,-209
120000112,134,562,-428
120000113,104,500,-396
120000114,81,481,-400
120000115,99,468,-369
120000116,87,432,-345
120000117,228,360,-132
120000118,29,51,-22
120000119,4,14,-10
120000120,109,78,31
120000121,15,3,12
120000122,67,408,-341
120000123,1101,6602,-5501
120000124,278,230,48
120000125,350,171,179
120000126,110,455,-345
120000127,329,243,86
120000128,824,1234,-410
120000129,131,125,6
120000130,346,163,183
120000131,324,204,120
120000134,86,78,8
120000135,563,366,197
120000137,209,121,88
120000138,1176,70,1106
120000139,172,105,67
120000140,1152,60,1092
120000141,186,202,-16
120000142,666,136,530
120000143,0,22,-22
120000144,76,7,69
120000145,392,1,391
120000146,431,545,-114
120000149,202,176,26
120000150,637,7044,-6407
120000151,406,139,267
120000152,910,63,847
120000153,426,87,339
120000154,177,1229,-1052
120000155,129,126,3
120000156,231,1027,-796
120000157,776,170,606
120000158,759,348,411
120000159,938,794,144
120000160,1285,1178,107
120000161,2915,1831,1084
120000162,126,211,-85
120000163,590,107,483
120000164,593,84,509
120000165,759,126,633
120000166,1499,146,1353
120000167,11,47,-36
120000168,1,138,-137
120000169,10,308,-298
120000170,10,298,-288
120000171,0,101,-101
120000172,1,74,-73
120000173,88,158,-70
120000174,21,28,-7
120000175,22,45,-23
120000176,18,32,-14
120000177,176,92,84
120000178,25,24,1
120000179,33,7,26
120000180,46,4,42
120000181,4,233,-229
120000182,20,168,-148
120000183,3,71,-68
120000184,54,361,-307
120000186,15,214,-199
120000187,6,66,-60
120000188,20,65,-45
120000190,40,48,-8
120000191,95,32,63
120000192,27,5,22
120000193,56,0,56
120000195,7,0,7
120000196,11,1,10
120000197,9,11,-2
120000198,217,2,215
120000199,184,0,184
120000200,220,0,220
120000201,32,66,-34
120000202,1,29,-28
120000203,40,26,14
120000207,0,6,-6
120000208,21,33,-12
120000209,5,4,1
120000210,12,2,10
120000211,168,3,165
120000212,218,0,218
120000213,207,88,119
120000214,0,25,-25
120000215,0,6,-6
120000216,103,1,102
120000217,174,223,-49
120000218,8,200,-192
120000219,1,135,-134
120000220,1,436,-435
120000225,2568,2,2566
120000226,522,1,521
120000227,684,79,605
120000228,3412,2298,1114
120000230,321,35,286
120000231,1288,243,1045
120000233,340,4,336
120000235,92,136,-44
120000236,1114,1,1113
120000237,0,205,-205
120000238,0,68,-68
120000241,1062,2251,-1189
120000412,123,79,44
120000413,251,45,206
120000414,164,0,164
120000415,0,21,-21
120000416,31,1,30
120000417,8,37,-29
120000418,264,1,263
120000419,3,18,-15
120000420,12,5,7
120000421,3805,2326,1479
120000422,73,1491,-1418
120000423,0,28,-28
120000424,48,1,47
120000436,49,1029,-980
120000437,20,52,-32
120000438,782,116,666
120000439,191,356,-165
120000443,163,0,163
120000444,1317,104,1213
120000445,1364,643,721
120000446,380,59,321
120000447,331,2,329
120000449,97,1,96
120000450,1,37,-36
120000451,76,92,-16
120000452,63,0,63
120000453,0,5,-5
120000454,32,24,8
120000455,74,24,50
120000456,597,2442,-1845
120000457,510,455,55
120000458,167,150,17
120000459,106,20,86
120000665,62,142,-80
120000668,23,275,-252
120000669,87,69,18
120000670,24,308,-284
120000671,1024,544,480
120000672,24,144,-120
120900001,140,9,131
120900002,28,59,-31
120900003,63,2,61
120900004,1,64,-63
120900005,46,344,-298
120900006,443,38,405
120900007,12,25,-13
120900008,438,119,319
120900009,95,9,86
120900010,525,74,451
120900011,6,97,-91
120900012,13,856,-843
120900013,298,53,245
120900014,0,87,-87
120900015,884,48,836
120900016,1407,32,1375
120900017,482,4,478
120900018,128,113,15
120900019,191,168,23
120900020,250,337,-87
120900021,404,17,387
120900022,2,59,-57
120900023,511,33,478
120900024,495,90,405
120900025,440,207,233
120900026,44,36,8
120900027,103,14,89
120900028,608,111,497
120900029,5,699,-694
120900030,1722,186,1536
120900031,390,52,338
120900032,1388,84,1304
120900033,1018,26,992
120900034,17,1875,-1858
120900035,29,7,22
120900037,290,1,289
120900038,54,612,-558
120900039,175,14,161
120900040,271,0,271
120900041,5,21,-16
120900042,505,27,478
120900043,110,6,104
120900044,10,264,-254
120900045,37,23,14
120900046,835,3,832
120900047,123,185,-62
120900048,92,14,78
120900049,478,1,477
120900050,535,1948,-1413
120900051,299,55,244
120900052,1152,8,1144
120900053,327,34,293
120900054,247,53,194
120900055,550,0,550
120900056,566,16,550
120900057,175,9,166
120900058,751,2,749
120900059,92,0,92
120900060,44,5,39
120900061,118,20,98
120900062,270,1,269
120900063,775,12,763
120900064,821,0,821
120900065,895,2,893
120900066,346,39,307
120900067,115,40,75
120900068,365,0,365
120900069,275,0,275
120900071,7,0,7
120900072,983,8,975
120900073,821,10,811
120900074,593,0,593
120900076,403,1,402
120900077,463,106,357
120900078,830,144,686
120900079,636,20,616
120900080,1170,184,986
120900081,1994,129,1865
120900082,149,161,-12
120900083,117,0,117
120900084,317,316,1
120900085,18,34,-16
120900086,36,430,-394
120900087,446,98,348
120900088,66,500,-434
120900089,592,2856,-2264
120900090,221,23,198
120900091,152,466,-314
120900092,47,90,-43
120900093,641,46,595
120900094,60,21,39
120900095,76,2,74
120900096,20,49,-29
120900097,196,225,-29
120900098,69,26,43
120900099,8,6,2
120900100,6,34,-28
120900101,16,47,-31
120900102,20,34,-14
120900103,9,60,-51
120900104,2,2,0
120900105,2,101,-99
120900106,195,48,147
120900107,95,31,64
120900108,1,149,-148
120900109,22,77,-55
120900110,45,81,-36
120900111,40,41,-1
120900112,1,105,-104
120900113,7,105,-98
120900114,14,58,-44
120900115,55,112,-57
120900116,481,92,389
120900117,0,99,-99
120900118,14,104,-90
120900119,1976,1067,909
120900120,5,160,-155
120900121,10,152,-142
120900122,748,69,679
120900123,2,106,-104
120900124,12,115,-103
120900125,1,113,-112
120900126,173,162,11
120900127,3,120,-117
120900128,106,301,-195
120900129,14,109,-95
120900130,9,52,-43
120900131,24,35,-11
120900132,873,47,826
120900133,31,159,-128
120900134,24,106,-82
120900135,14,180,-166
120900136,35,43,-8
120900137,279,12,267
120900138,0,109,-109
120900139,1,160,-159
120900140,1,48,-47
120900141,81,34,47
120900142,0,136,-136
120900143,0,133,-133
120900144,0,48,-48
120900145,25,201,-176
120900146,0,148,-148
120900147,140,4,136
120900148,64,23,41
120900149,0,86,-86
120900150,13,92,-79
120900151,62,41,21
120900152,288,4,284
120900153,9,0,9
120900154,5,41,-36
120900155,159,124,35
120900156,210,75,135
120900157,0,0,0
120900158,39,113,-74
120900159,1,22,-21
120900160,4,118,-114
120900161,5,220,-215
120900162,4,141,-137
120900163,5,116,-111
120900164,0,25,-25
120900165,1,76,-75
120900166,21,190,-169
120900167,37,18,19
120900169,25,25,0
120900170,105,3500,-3395
120900171,162,35,127
120900172,32,324,-292
120900173,25,5,20
120900174,1,13,-12
120900175,66,9,57
120900176,4,234,-230
120900177,0,1183,-1183
120900178,1,149,-148
120900179,53,46,7
120900180,28,73,-45
120900181,0,9,-9
120900182,12,38,-26
120900183,253,51,202
120900184,22,16,6
120900185,93,489,-396
120900186,0,79,-79
120900187,287,155,132
120900188,179,27,152
120900189,7,2069,-2062
120900190,158,8,150
120900191,43,4,39
120900192,2657,8619,-5962
120900194,78,6,72
120900195,26,84,-58
120900196,104,9,95
120900197,648,12,636
120900198,31,208,-177
120900199,192,230,-38
120900200,27,21,6
120900201,135,21,114
120900202,0,24,-24
120900203,11,10,1
120900204,43,50,-7
120900205,23,5,18
120900206,39,4,35
120900207,1,153,-152
121000001,463,514,-51
121000002,693,901,-208
121000003,2146,1202,944
121000004,690,1914,-1224
121000005,1368,2092,-724
121000006,1052,1464,-412
121000007,1208,1876,-668
121000008,1635,1780,-145
121000009,2687,3458,-771
121000010,2161,1869,292
121000011,2654,3181,-527
121000012,4196,1969,2227
121000013,2876,2713,163
121000014,2233,1496,737
121000015,2351,3952,-1601
121000016,1370,1068,302
121000017,859,1336,-477
121000018,1204,742,462
121000019,2688,4122,-1434
121000020,4620,7454,-2834
121000021,599,709,-110
121000022,850,2025,-1175
121000023,931,406,525
121000024,1877,2566,-689
121000025,170,575,-405
121000026,86,93,-7
121000027,799,676,123
121000028,259,407,-148
121000029,287,343,-56
121000030,167,216,-49
121000031,173,269,-96
121000032,40,129,-89
121000034,66,148,-82
121000035,26,121,-95
121000036,560,522,38
121000037,334,791,-457
121000038,187,406,-219
121000039,23,111,-88
121000041,122,228,-106
121000042,107,223,-116
121000043,194,327,-133
121000044,455,274,181
121000045,180,200,-20
121000046,247,277,-30
121000047,91,670,-579
121000049,543,463,80
121000050,90,939,-849
121000051,302,142,160
121000052,178,1009,-831
121000053,78,152,-74
121000054,15,178,-163
121000055,351,800,-449
121000056,345,784,-439
121000057,45,129,-84
121000058,103,36,67
121000059,2495,463,2032
121000060,685,809,-124
121000061,12,508,-496
121000062,27,177,-150
121000063,578,786,-208
121000064,505,414,91
121000065,117,277,-160
121000066,183,296,-113
121000067,232,239,-7
121000068,163,374,-211
121000069,53,959,-906
121000070,357,493,-136
121000071,689,735,-46
121000072,324,198,126
121000073,379,467,-88
121000074,54,138,-84
121000075,0,18,-18
121000076,162,97,65
121000077,42,64,-22
121000078,3,145,-142
121000080,524,222,302
121000081,757,1690,-933
121000082,74,91,-17
121000083,57,49,8
121000084,53,155,-102
121000085,134,144,-10
121000086,227,238,-11
121000087,10,94,-84
121000088,307,159,148
121000089,98,148,-50
121000090,94,272,-178
121000091,476,539,-63
121000092,81,12,69
121000093,139,43,96
121000094,174,265,-91
121000095,116,532,-416
121000096,2117,501,1616
121000097,297,664,-367
121000098,150,231,-81
121000099,291,197,94
121000100,637,102,535
121000101,168,48,120
121000102,182,16,166
121000103,61,59,2
121000104,206,5,201
121000105,136,16,120
121000106,52,137,-85
121000107,702,1098,-396
121000109,465,736,-271
121000110,60,306,-246
121000114,1310,866,444
121000115,364,208,156
121000116,144,204,-60
121000117,173,104,69
121000118,841,69,772
121000119,175,131,44
121000120,103,337,-234
121000121,301,2522,-2221
121000123,277,156,121
121000127,58,118,-60
121000128,695,110,585
121000129,616,160,456
121000130,218,1155,-937
121000131,480,514,-34
121000132,151,621,-470
121000135,41,118,-77
121000136,339,967,-628
121000137,166,226,-60
121000138,158,2556,-2398
121000139,25,377,-352
121000141,156,62,94
121000142,145,405,-260
121000143,7,11,-4
121000144,186,677,-491
121000145,252,256,-4
121000146,514,638,-124
121000147,570,221,349
121000148,310,275,35
121000149,1082,953,129
121000152,80,145,-65
121000153,833,233,600
121000154,577,247,330
121000155,1262,316,946
121000156,147,354,-207
121000157,345,348,-3
121000158,161,137,24
121000159,170,242,-72
121000160,282,107,175
121000161,135,200,-65
121000162,101,28,73
121000165,478,1267,-789
121000166,33,277,-244
121000168,194,313,-119
121000169,33,127,-94
121000170,134,19,115
121000171,59,75,-16
121000172,448,302,146
121000173,798,698,100
121000174,412,379,33
121000175,686,191,495
121000176,151,182,-31
121000177,265,335,-70
121000178,81,38,43
121000179,55,23,32
121000181,56,240,-184
121000182,155,508,-353
121000183,16,284,-268
121000184,20,217,-197
121000185,23,389,-366
121000186,111,498,-387
121000187,145,28,117
121000188,128,17,111
121000192,345,222,123
121000193,326,134,192
121000194,725,831,-106
121000195,194,454,-260
121000196,241,110,131
121000197,54,213,-159
121000198,47,127,-80
121000199,110,108,2
121000200,387,56,331
121000201,0,166,-166
121000202,324,52,272
121000203,272,551,-279
121000204,1830,307,1523
121000205,112,205,-93
121000206,13,73,-60
121000207,1299,737,562
121000208,1,193,-192
121000209,684,53,631
121000210,464,259,205
121000211,181,20,161
121000212,234,229,5
121000213,5417,1350,4067
121000214,390,896,-506
121000215,423,521,-98
121000216,199,330,-131
121000217,1555,2167,-612
121000218,249,760,-511
121000219,637,260,377
121000220,235,79,156
121000221,251,347,-96
121000222,2568,2052,516
121000223,141,385,-244
121000224,114,185,-71
121000225,205,3573,-3368
121000226,483,1351,-868
121000227,14,134,-120
121000228,15,208,-193
121000229,146,236,-90
121000230,59,694,-635
121000231,1102,39,1063
121000232,185,105,80
121000233,333,225,108
121000234,0,28,-28
121000235,32,88,-56
121000236,1,26,-25
121000237,5,25,-20
121000238,0,16,-16
121000239,32,0,32
121000240,2,64,-62
121000241,36,2,34
121000242,4,80,-76
121000243,67,1,66
121000244,0,16,-16
121000245,12,1,11
121000246,0,34,-34
121000247,88,0,88
121000248,131,129,2
121000249,9,148,-139
121000250,431,482,-51
121000251,4,276,-272
121000252,57,36,21
121000253,181,281,-100
121000254,767,245,522
121000255,28,379,-351
121000256,182,307,-125
121000257,0,213,-213
121000258,18,283,-265
121000259,6,93,-87
121000260,1,76,-75
121000261,10,217,-207
121000262,440,201,239
121000263,281,241,40
121000271,239,653,-414
121000273,29,3,26
121000274,6,159,-153
121000275,3,11,-8
121000276,3,77,-74
121000278,46,3,43
121000279,0,58,-58
121000280,7,68,-61
121000289,217,43,174
121000290,356,539,-183
121000294,145,31,114
121000297,116,520,-404
121000299,62,844,-782
121000300,775,267,508
121000302,6,510,-504
121000303,223,58,165
121000304,254,13,241
121000305,200,29,171
121000306,98,62,36
121000308,41,44,-3
121000309,86,75,11
121000310,38,39,-1
121000311,18,84,-66
121000312,235,108,127
121000313,61,67,-6
121000314,10,4,6
121000315,8,19,-11
121000530,1215,819,396
121000531,1145,801,344
121000532,2567,3111,-544
121000533,1806,1219,587
121000918,7,95,-88
121000919,36,103,-67
121000938,14,79,-65
121000939,14,120,-106
121000956,1141,950,191
121000957,18,25,-7
121000958,9,92,-83
121000959,754,258,496
121000960,947,551,396
121000961,145,10,135
121000962,76,99,-23
121000973,0,168,-168
121000976,1,18,-17
121000979,127,160,-33
121000981,184,10,174
121000982,428,284,144
121000983,313,52,261
121000984,3,23,-20
121000985,680,349,331
121000986,462,38,424
121000987,90,265,-175
121000988,781,72,709
121001302,16,39,-23
121001308,0,4,-4
121001309,16,304,-288
121001313,171,109,62
121001314,695,902,-207
121001315,2664,2155,509
121001326,321,195,126
121900001,59,246,-187
121900002,21,1,20
121900003,103,2,101
121900004,20,219,-199
121900005,7,0,7
121900006,45,3,42
121900007,1387,553,834
121900008,31,26,5
121900009,531,73,458
121900010,19,0,19
121900011,95,53,42
121900012,11,0,11
121900013,39,15,24
121900014,768,113,655
121900015,48,38,10
121900016,7,5,2
121900017,145,279,-134
121900018,165,1,164
121900019,162,55,107
121900020,15,0,15
121900021,549,3,546
121900022,61,61,0
121900023,38,259,-221
121900024,76,32,44
121900025,161,68,93
121900026,59,12,47
121900027,161,49,112
121900028,101,2,99
121900029,17,279,-262
121900030,126,107,19
121900031,267,2727,-2460
121900032,21,8,13
121900033,44,47,-3
121900034,122,52,70
121900035,1393,642,751
121900036,51,338,-287
121900037,57,317,-260
121900038,3,1,2
121900039,142,3,139
121900040,27,13,14
121900041,27,219,-192
121900042,140,79,61
121900043,1,2,-1
121900044,14,47,-33
121900046,19,114,-95
121900047,34,64,-30
121900048,17,5,12
121900050,25,3,22
121900051,97,221,-124
121900052,10,19,-9
121900053,243,105,138
121900054,108,354,-246
121900055,0,66,-66
121900058,87,19,68
121900059,63,32,31
121900060,54,125,-71
121900062,68,47,21
121900063,875,151,724
121900064,217,211,6
121900066,9,71,-62
121900067,11,2,9
121900069,43,20,23
121900070,40,129,-89
121900071,332,78,254
121900072,24,11,13
121900073,18,132,-114
121900074,188,204,-16
121900075,133,329,-196
121900076,260,260,0
121900078,25,56,-31
121900079,0,0,0
121900080,230,80,150
121900082,37,23,14
121900084,3,12,-9
121900086,8,22,-14
121900087,19,36,-17
121900088,340,439,-99
121900089,61,64,-3
121900090,4,4,0
121900091,15,14,1
121900092,88,62,26
121900093,15,41,-26
121900094,2,4,-2
121900095,89,75,14
121900096,385,261,124
121900097,151,54,97
121900098,0,0,0
121900099,85,49,36
121900100,1,50,-49
121900101,88,16,72
121900102,0,11,-11
121900103,101,199,-98
121900104,848,54,794
121900105,59,44,15
121900106,0,1,-1
121900107,33,28,5
121900108,0,1,-1
121900109,121,34,87
121900110,249,121,128
121900111,70,52,18
121900112,54,32,22
121900113,16,71,-55
121900114,19,1,18
121900117,4,17,-13
121900118,416,44,372
121900119,73,3,70
121900120,2,140,-138
121900121,15,3,12
121900122,15,21,-6
121900123,109,124,-15
121900124,29,64,-35
121900125,692,210,482
121900127,3,98,-95
121900128,12,23,-11
121900129,82,24,58
121900130,28,250,-222
121900131,74,30,44
121900132,34,9,25
121900133,4,241,-237
121900134,1,104,-103
121900135,4713,378,4335
121900136,56,46,10
121900137,0,77,-77
121900138,33,71,-38
121900139,193,2113,-1920
121900140,3,10,-7
121900141,39,5,34
121900142,27,5,22
121900143,1,24,-23
121900144,36,114,-78
121900145,48,58,-10
121900146,50,45,5
121900147,4,31,-27
121900148,31,35,-4
121900149,26,70,-44
121900150,15,21,-6
121900151,8,48,-40
121900152,3,4,-1
121900153,0,76,-76
121900154,0,77,-77
121900155,0,22,-22
121900156,8,27,-19
121900157,0,29,-29
121900158,3,15,-12
121900159,0,16,-16
121900160,0,37,-37
121900161,35,137,-102
121900162,25,9,16
121900163,177,81,96
121900164,43,89,-46
121900165,50,32,18
121900166,130,39,91
121900167,60,3,57
121900168,48,2,46
121900169,0,0,0
121900170,20,30,-10
121900171,314,167,147
121900172,194,61,133
121900173,89,65,24
121900174,26,2,24
121900175,14,115,-101
121900176,117,430,-313
121900177,16,14,2
121900178,2,4,-2
121900179,30,79,-49
121900180,613,3123,-2510
121900182,264,188,76
121900183,115,1259,-1144
121900184,37,1023,-986
121900186,3,168,-165
121900187,2,32,-30
121900188,630,63,567
121900189,5,16,-11
121900190,51,201,-150
121900191,87,244,-157
121900192,41,787,-746
121900193,3,60,-57
121900194,2,81,-79
121900195,1,30,-29
121900196,58,602,-544
121900197,122,299,-177
121900198,3065,480,2585
121900199,1,30,-29
121900200,5,46,-41
121900201,166,217,-51
121900202,9,177,-168
121900203,4,193,-189
121900204,259,415,-156
121900205,9,28,-19
121900206,19,48,-29
121900207,18,3,15
121900208,27,134,-107
121900209,13,5,8
121900210,559,203,356
121900211,298,124,174
121900212,12,28,-16
121900213,109,42,67
121900214,1,123,-122
121900215,13,50,-37
121900216,8,131,-123
121900217,30,76,-46
121900218,80,145,-65
121900220,49,1,48
121900221,105,144,-39
121900222,77,15,62
121900223,19,31,-12
121900224,12,33,-21
121900225,11,89,-78
121900226,34,5,29
121900227,101,274,-173
121900228,22,41,-19
121900230,29,80,-51
121900231,54,151,-97
121900232,44,98,-54
121900233,82,64,18
121900234,39,62,-23
121900235,215,41,174
121900236,138,20,118
121900237,45,87,-42
121900238,7,62,-55
121900239,41,6,35
121900240,77,30,47
121900241,3,10,-7
121900242,0,0,0
121900243,0,0,0
121900244,0,0,0
121900245,38,10,28
121900246,1647,93,1554
121900248,266,223,43
121900250,44,184,-140
121900251,225,23,202
121900252,84,57,27
121900253,28,518,-490
121900254,28,91,-63
121900255,163,25,138
121900258,2155,702,1453
121900259,31,188,-157
121900260,31,7,24
121900261,21,162,-141
121900262,153,179,-26
121900263,28,36,-8
121900264,195,161,34
121900265,130,10,120
121900266,268,64,204
121900267,42,15,27
121900269,64,141,-77
121900270,8,78,-70
121900271,15,392,-377
121900273,150,901,-751
121900274,184,97,87
121900277,71,279,-208
121900278,16,281,-265
121900279,52,100,-48
121900280,16,189,-173
121900281,57,123,-66
121900284,7,0,7
121900286,52,29,23
121900287,7,10,-3
121900288,1,0,1
121900290,25,172,-147
121900291,152,223,-71
121900292,40,56,-16
121900293,298,1163,-865
121900294,44,1,43
121900295,20,16,4
121900296,48,85,-37
121900298,95,442,-347
121900299,0,54,-54
121900300,19,69,-50
121900301,13,2,11
121900302,0,92,-92
121900303,40,66,-26
121900304,3,5,-2
121900305,0,5,-5
121900306,340,2,338
121900307,100,7,93
121900308,18,45,-27
121900309,1,41,-40
121900310,3,103,-100
121900311,332,4,328
121900312,201,4,197
121900313,161,9,152
121900314,0,4,-4
121900315,14,1,13
121900316,0,3,-3
121900317,9,29,-20
121900318,0,21,-21
121900319,55,119,-64
121900320,66,17,49
121900321,8,0,8
121900322,0,0,0
121900323,2,18,-16
121900324,0,7,-7
121900325,5,0,5
121900326,13,20,-7
121900327,0,7,-7
121900328,2,1,1
121900329,0,14,-14
121900330,1,51,-50
121900331,4,41,-37
121900332,30,4,26
121900333,15,0,15
121900334,12,31,-19
122000001,442,961,-519
122000002,983,195,788
122000003,230,623,-393
122000004,312,339,-27
122000005,1731,1350,381
122000006,205,483,-278
122000007,220,555,-335
122000008,327,892,-565
122000009,78,114,-36
122000010,893,988,-95
122000011,896,466,430
122000012,283,558,-275
122000013,171,767,-596
122000014,1657,708,949
122000015,361,393,-32
122000016,143,314,-171
122000017,308,674,-366
122000018,633,881,-248
122000019,238,845,-607
122000020,90,173,-83
122000021,28,102,-74
122000022,252,467,-215
122000023,163,446,-283
122000024,176,568,-392
122000025,322,678,-356
122000026,269,465,-196
122000027,214,337,-123
122000028,419,288,131
122000029,68,194,-126
122000030,114,7,107
122000031,72,314,-242
122000032,891,763,128
122000033,119,514,-395
122000034,76,315,-239
122000035,30,191,-161
122000036,138,192,-54
122000037,175,118,57
122000038,138,162,-24
122000039,226,168,58
122000040,105,46,59
122000041,299,493,-194
122000042,257,317,-60
122000043,48,64,-16
122000044,20,39,-19
122000045,371,260,111
122000046,180,301,-121
122000047,65,40,25
122000048,984,1672,-688
122000049,2344,1221,1123
122000050,224,381,-157
122000051,32,425,-393
122000052,206,474,-268
122000053,100,1078,-978
122000054,1083,962,121
122000055,1115,1749,-634
122000056,1144,1068,76
122000057,919,1714,-795
122000058,295,1016,-721
122000059,297,1111,-814
122000060,166,250,-84
122000061,88,156,-68
122000062,424,120,304
122000063,113,532,-419
122000064,1480,2699,-1219
122000065,1246,1211,35
122000066,91,262,-171
122000067,627,1253,-626
122000068,622,742,-120
122000069,458,395,63
122000070,315,471,-156
122000071,1484,441,1043
122000072,182,190,-8
122000073,47,318,-271
122000074,804,572,232
122000075,369,354,15
122000076,1347,519,828
122000077,253,905,-652
122000078,262,1099,-837
122000079,145,857,-712
122000080,181,154,27
122000081,40,184,-144
122000082,115,606,-491
122000083,1209,558,651
122000084,1090,370,720
122000085,69,331,-262
122000086,1013,2710,-1697
122000087,165,125,40
122000088,34,109,-75
122000089,1565,1249,316
122000090,74,454,-380
122000091,64,153,-89
122000092,20,39,-19
122000093,651,1751,-1100
122000094,2611,1228,1383
122000095,346,1362,-1016
122000096,284,758,-474
122000098,1483,1928,-445
122000099,184,962,-778
122000100,322,238,84
122000101,88,152,-64
122000102,728,340,388
122000103,353,644,-291
122000104,361,180,181
122000105,111,175,-64
122000106,207,628,-421
122000107,627,217,410
122000108,156,210,-54
122000109,116,153,-37
122000110,104,255,-151
122000111,859,510,349
122000112,509,794,-285
122000113,210,158,52
122000114,420,1393,-973
122000115,853,1095,-242
122000116,56,177,-121
122000117,208,256,-48
122000118,293,43,250
122000119,484,399,85
122000120,230,483,-253
122000121,310,690,-380
122000122,130,320,-190
122000123,278,598,-320
122000124,202,161,41
122000125,57,135,-78
122000126,82,197,-115
122000127,104,157,-53
122000128,197,111,86
122000129,111,853,-742
122000130,799,289,510
122000131,368,136,232
122000132,131,129,2
122000133,267,243,24
122000134,445,517,-72
122000135,309,150,159
122000136,188,238,-50
122000137,585,242,343
122000139,356,911,-555
122000140,104,328,-224
122000141,2091,608,1483
122000142,42,752,-710
122000143,159,224,-65
122000144,660,231,429
122000145,343,236,107
122000146,86,1017,-931
122000147,108,221,-113
122000148,175,325,-150
122000149,617,201,416
122000150,676,326,350
122000151,10,74,-64
122000152,81,78,3
122000153,113,81,32
122000154,45,80,-35
122000155,436,626,-190
122000156,2122,1565,557
122000157,331,2136,-1805
122000158,119,215,-96
122000159,446,406,40
122000160,733,371,362
122000161,499,283,216
122000162,266,414,-148
122000163,156,22,134
122000164,5,80,-75
122000165,213,636,-423
122000166,230,947,-717
122000167,72,117,-45
122000168,72,1068,-996
122000169,168,64,104
122000170,103,136,-33
122000171,2,38,-36
122000172,879,510,369
122000173,723,1047,-324
122000174,292,1376,-1084
122000175,217,131,86
122000176,128,2058,-1930
122000177,381,980,-599
122000178,1516,1093,423
122000179,921,1434,-513
122000180,373,545,-172
122000181,242,855,-613
122000182,326,361,-35
122000183,552,334,218
122000184,1236,1058,178
122000185,317,897,-580
122000186,158,384,-226
122000187,795,320,475
122000188,141,57,84
122000189,38,87,-49
122000190,361,843,-482
122000191,248,239,9
122000192,393,171,222
122000193,363,392,-29
122000194,238,100,138
122000195,59,501,-442
122000196,473,208,265
122000197,217,362,-145
122000198,152,738,-586
122000199,162,64,98
122000200,343,253,90
122000201,374,1720,-1346
122000202,296,1160,-864
122000203,927,364,563
122000204,440,432,8
122000205,218,270,-52
122000206,1497,566,931
122000207,1170,836,334
122000208,828,554,274
122000209,717,101,616
122000210,626,573,53
122000211,386,573,-187
122000212,337,368,-31
122000213,343,757,-414
122000214,858,802,56
122000215,1150,1134,16
122000217,572,579,-7
122000218,277,38,239
122000219,485,261,224
122000220,98,314,-216
122000221,47,346,-299
122000222,166,52,114
122000223,177,328,-151
122000225,237,164,73
122000226,538,605,-67
122000227,45,388,-343
122000228,65,107,-42
122000229,19,212,-193
122000230,3,214,-211
122000231,127,434,-307
122000232,127,387,-260
122000233,0,75,-75
122000234,329,54,275
122000235,679,25,654
122000236,692,34,658
122000237,58,46,12
122000238,71,285,-214
122000239,169,120,49
122000240,568,191,377
122000241,948,146,802
122000242,167,20,147
122000243,171,47,124
122000244,38,116,-78
122000245,50,36,14
122000246,285,148,137
122000247,173,291,-118
122000248,432,387,45
122000249,690,522,168
122000250,667,428,239
122000251,17,67,-50
122000252,74,42,32
122000253,13,101,-88
122000254,150,67,83
122000255,159,477,-318
122000256,167,485,-318
122000257,183,433,-250
122000258,99,277,-178
122000259,24,347,-323
122000260,94,242,-148
122000261,25,119,-94
122000262,0,41,-41
122000263,92,146,-54
122000264,782,78,704
122000265,1032,321,711
122000266,1461,215,1246
122000267,107,27,80
122000268,56,42,14
122000269,490,89,401
122000270,155,48,107
122000271,95,419,-324
122000272,143,108,35
122000273,142,54,88
122000274,92,154,-62
122000275,93,90,3
122000276,705,298,407
122000277,418,1273,-855
122000278,884,148,736
122000279,101,96,5
122000280,255,152,103
122000281,306,77,229
122000282,44,864,-820
122000283,26,194,-168
122000284,52,15,37
122000285,191,65,126
122000286,24,168,-144
122000287,768,1369,-601
122000288,116,206,-90
122000291,1046,316,730
122000293,124,71,53
122000294,49,210,-161
122000295,803,188,615
122000296,44,736,-692
122000297,869,2986,-2117
122000299,233,95,138
122000300,138,319,-181
122000301,2983,2647,336
122000302,172,1548,-1376
122000303,709,416,293
122000304,14,151,-137
122000305,1085,366,719
122000306,37,217,-180
122000307,41,86,-45
122000309,29,105,-76
122000310,2,71,-69
122000311,38,62,-24
122000312,97,196,-99
122000313,15,93,-78
122000314,131,339,-208
122000315,80,11,69
122000316,666,196,470
122000317,1486,167,1319
122000318,120,499,-379
122000319,82,152,-70
122000320,109,270,-161
122000321,70,29,41
122000322,642,524,118
122000323,203,500,-297
122000324,427,1032,-605
122000325,265,637,-372
122000326,71,74,-3
122000327,118,264,-146
122000328,292,180,112
122000330,910,482,428
122000333,15,39,-24
122000337,653,239,414
122000338,341,76,265
122000340,35,719,-684
122000342,597,446,151
122000343,328,187,141
122000344,57,9,48
122000345,75,59,16
122000346,44,24,20
122000348,223,187,36
122000349,57,91,-34
122000351,141,156,-15
122000352,172,60,112
122000353,40,21,19
122000355,73,250,-177
122000356,147,416,-269
122000357,79,3,76
122000358,0,1,-1
122000359,0,0,0
122000360,0,0,0
122000362,5,12,-7
122000364,176,94,82
122000365,0,9,-9
122000366,39,2,37
122000368,277,202,75
122000370,4,13,-9
122000371,51,0,51
122000372,0,1,-1
122000381,132,135,-3
122000382,9,114,-105
122000384,480,592,-112
122000385,29,0,29
122000386,76,509,-433
122000387,38,491,-453
122000388,424,355,69
122000389,120,260,-140
122000390,103,163,-60
122000391,19,622,-603
122000392,60,58,2
122000393,230,152,78
122000394,271,91,180
122000395,36,77,-41
122000396,190,17,173
122000397,25,46,-21
122000398,27,159,-132
122000399,62,64,-2
122000400,11,193,-182
122000401,56,1,55
122000402,277,50,227
122000403,116,111,5
122000404,159,66,93
122000408,173,478,-305
122000503,4,61,-57
122000524,45,76,-31
122000544,46,1251,-1205
122000614,86,94,-8
122000616,44,0,44
122000640,76,43,33
122000641,43,170,-127
122000642,815,399,416
122000643,19,176,-157
122000644,47,10,37
122000645,16,86,-70
122000651,133,562,-429
122000664,61,13,48
122000665,281,166,115
122000666,122,221,-99
122000673,34,79,-45
122000674,393,129,264
122000675,1388,464,924
122000686,274,507,-233
122000687,1333,92,1241
122000688,237,190,47
122000689,893,91,802
122000690,2190,104,2086
122000691,805,285,520
122000692,839,67,772
122000693,204,475,-271
122000695,319,117,202
122000696,386,13,373
122000698,144,112,32
122000699,238,33,205
122000701,941,145,796
122000702,253,840,-587
122000703,64,24,40
122000712,0,0,0
122000717,33,160,-127
122000718,127,1860,-1733
122000719,21,29,-8
122000720,616,34,582
122000724,55,51,4
122900001,7,7,0
122900002,296,3172,-2876
122900003,318,4,314
122900004,2278,79,2199
122900005,10,176,-166
122900006,26,1064,-1038
122900007,50,52,-2
122900008,105,339,-234
122900009,94,34,60
122900010,114,60,54
122900012,118,184,-66
122900014,31,18,13
122900015,714,184,530
122900016,28,115,-87
122900017,154,487,-333
122900018,29,7,22
122900020,59,491,-432
122900021,23,187,-164
122900022,584,554,30
122900023,223,34,189
122900024,52,50,2
122900025,2,47,-45
122900026,2,39,-37
122900027,5,424,-419
122900028,52,17,35
122900029,2134,1035,1099
122900030,304,33,271
122900031,32,190,-158
122900032,86,120,-34
122900033,160,82,78
122900034,1193,1757,-564
122900035,10,2,8
122900036,12,6,6
122900037,145,33,112
122900038,12,950,-938
122900039,7,129,-122
122900040,154,315,-161
122900041,15,217,-202
122900042,85,49,36
122900043,91,96,-5
122900044,25,151,-126
122900045,31,94,-63
122900046,55,216,-161
122900047,51,16,35
122900048,10,131,-121
122900049,768,45,723
122900051,3,106,-103
122900052,85,42,43
122900053,0,19,-19
122900055,68,42,26
122900057,141,3,138
122900061,256,3,253
122900062,301,412,-111
122900063,84,47,37
122900064,526,291,235
122900065,152,118,34
122900066,168,43,125
122900067,336,95,241
122900069,146,640,-494
122900070,222,38,184
122900071,24,53,-29
122900073,14,51,-37
122900074,939,46,893
122900075,0,9,-9
122900076,0,52,-52
122900077,0,3,-3
122900078,144,11,133
122900080,2,25,-23
122900081,56,64,-8
122900082,856,61,795
122900083,20,27,-7
122900084,0,88,-88
122900086,0,15,-15
122900087,362,130,232
122900088,0,151,-151
122900089,35,234,-199
122900090,0,117,-117
122900091,271,0,271
122900092,0,18,-18
122900093,0,21,-21
122900094,0,59,-59
122900095,98,2,96
122900096,447,16,431
122900097,27,23,4
122900098,4,24,-20
122900099,143,22,121
122900100,4,434,-430
122900101,82,102,-20
122900102,72,34,38
122900103,263,0,263
122900104,170,4,166
122900105,11,3,8
122900106,0,2,-2
122900107,1,5,-4
122900108,1,36,-35
122900109,159,73,86
123000001,356,327,29
123000002,1301,4129,-2828
123000003,1968,1533,435
123000004,1438,2294,-856
123000005,1848,1176,672
123000006,1220,1073,147
123000007,1963,1271,692
123000008,1060,1441,-381
123000009,2081,1882,199
123000010,1510,2055,-545
123000011,730,674,56
123000012,218,1183,-965
123000013,2227,516,1711
123000014,282,1413,-1131
123000015,1263,744,519
123000016,1455,1406,49
123000017,3333,1567,1766
123000018,108,40,68
123000019,426,29,397
123000020,288,14,274
123000021,209,218,-9
123000022,595,1089,-494
123000023,1663,1236,427
123000024,1062,459,603
123000025,319,48,271
123000026,30,91,-61
123000027,23,497,-474
123000028,116,2723,-2607
123000029,124,1184,-1060
123000030,217,96,121
123000031,365,57,308
123000032,579,136,443
123000033,151,38,113
123000034,508,441,67
123000035,140,264,-124
123000036,209,652,-443
123000037,46,73,-27
123000038,23,252,-229
123000039,260,1076,-816
123000040,254,54,200
123000041,353,528,-175
123000042,239,327,-88
123000043,656,6153,-5497
123000044,1647,743,904
123000045,1804,604,1200
123000046,93,477,-384
123000047,189,403,-214
123000048,23,1062,-1039
123000049,2251,4105,-1854
123000050,810,636,174
123000051,24,69,-45
123000052,261,869,-608
123000053,906,955,-49
123000054,877,878,-1
123000055,1177,2222,-1045
123000056,353,283,70
123000057,1748,1844,-96
123000058,166,639,-473
123000059,48,205,-157
123000060,562,244,318
123000061,103,221,-118
123000063,542,343,199
123000064,1030,119,911
123000065,1306,1042,264
123000066,95,224,-129
123000067,273,185,88
123000068,564,574,-10
123000069,1165,361,804
123000070,99,178,-79
123000071,947,237,710
123000072,484,191,293
123000073,1107,292,815
123000074,442,448,-6
123000075,157,623,-466
123000076,272,139,133
123000077,812,486,326
123000078,1380,444,936
123000079,1234,604,630
123000080,1193,268,925
123000081,51,76,-25
123000082,58,274,-216
123000083,473,71,402
123000084,345,275,70
123000085,385,35,350
123000086,597,13,584
123000087,182,89,93
123000088,527,233,294
123000089,589,360,229
123000090,623,333,290
123000091,801,522,279
123000092,362,479,-117
123000094,341,21,320
123000095,496,132,364
123000096,534,148,386
123000097,357,127,230
123000098,558,138,420
123000099,334,114,220
123000100,128,405,-277
123000101,197,126,71
123000102,268,507,-239
123000104,162,273,-111
123000105,159,63,96
123000106,251,227,24
123000107,106,98,8
123000108,251,416,-165
123000111,593,76,517
123000112,675,56,619
123000113,293,233,60
123000114,122,241,-119
123000115,145,206,-61
123000116,59,42,17
123000117,1043,561,482
123000118,323,119,204
123000119,110,137,-27
123000120,101,203,-102
123000121,295,205,90
123000122,136,67,69
123000123,269,218,51
123000124,195,86,109
123000125,639,515,124
123000126,718,1828,-1110
123000127,212,184,28
123000128,85,111,-26
123000129,810,25,785
123000130,687,11,676
123000131,834,424,410
123000132,152,201,-49
123000133,76,59,17
123000134,116,16,100
123000135,1209,247,962
123000136,83,146,-63
123000137,45,128,-83
123000138,45,74,-29
123000139,487,48,439
123000140,31,98,-67
123000141,163,21,142
123000142,655,366,289
123000143,340,614,-274
123000144,1,16,-15
123000145,73,455,-382
123000146,15,216,-201
123000147,26,231,-205
123000149,127,211,-84
123000150,32,127,-95
123000151,78,313,-235
123000152,18,90,-72
123000153,52,504,-452
123000154,560,1311,-751
123000155,789,1067,-278
123000156,7,33,-26
123000157,344,467,-123
123000158,217,446,-229
123000159,866,1942,-1076
123000160,493,572,-79
123000161,728,940,-212
123000162,734,1105,-371
123000163,468,89,379
123000164,1505,49,1456
123000165,99,380,-281
123000166,4,23,-19
123000167,81,59,22
123000168,138,70,68
123000169,555,23,532
123000170,112,11,101
123000171,801,4,797
123000172,26,180,-154
123000173,368,66,302
123000174,452,188,264
123000175,73,322,-249
123000176,432,140,292
123000177,99,268,-169
123000178,535,62,473
123000179,14,241,-227
123000180,835,161,674
123000181,179,338,-159
123000182,163,354,-191
123000183,158,193,-35
123000184,26,190,-164
123000185,647,393,254
123000186,30,258,-228
123000187,408,7,401
123000188,356,6,350
123000189,213,9,204
123000190,58,179,-121
123000192,14,86,-72
123000193,13,134,-121
123000194,83,89,-6
123000195,236,3,233
123000196,229,41,188
123000197,25,20,5
123000198,8,348,-340
123000199,4,243,-239
123000200,498,4,494
123000201,894,9,885
123000202,15,174,-159
123000203,934,13,921
123000204,46,244,-198
123000205,50,261,-211
123000206,1861,111,1750
123000207,57,359,-302
123000208,624,195,429
123000209,1470,242,1228
123000210,97,561,-464
123000211,180,521,-341
123000212,2681,179,2502
123000213,301,24,277
123000215,67,136,-69
123000216,55,624,-569
123000217,178,10,168
123000218,97,225,-128
123000219,350,56,294
123000220,216,86,130
123000221,76,21,55
123000222,193,100,93
123000223,442,77,365
123000224,295,100,195
123000225,217,24,193
123000226,117,77,40
123000227,61,55,6
123000228,263,16,247
123000229,194,187,7
123000232,26,81,-55
123000233,515,48,467
123000234,168,158,10
123000235,714,162,552
123000236,143,205,-62
123000237,392,62,330
123000238,13,75,-62
123000239,193,196,-3
123000240,52,407,-355
123000241,92,11,81
123000242,50,74,-24
123000243,392,484,-92
123000244,267,166,101
123000245,5,29,-24
123000249,159,326,-167
123000252,444,73,371
123000253,984,257,727
123000254,285,186,99
123000255,305,300,5
123000256,5,38,-33
123000257,562,509,53
123000258,487,372,115
123000259,263,328,-65
123000260,477,57,420
123000261,183,53,130
123000262,7,11,-4
123000263,336,21,315
123000264,187,50,137
123000265,13,32,-19
123000266,210,166,44
123000267,513,97,416
123000268,19,12,7
123000269,28,55,-27
123000270,11,64,-53
123000271,38,18,20
123000272,342,129,213
123000273,226,661,-435
123000274,833,373,460
123000275,88,255,-167
123000278,712,1603,-891
123000279,198,33,165
123000280,140,155,-15
123000281,113,24,89
123000282,22,91,-69
123000283,228,10,218
123000284,12,28,-16
123000286,46,170,-124
123000287,56,119,-63
123000288,312,685,-373
123000289,79,790,-711
123000291,32,284,-252
123000294,173,264,-91
123000295,550,1250,-700
123000296,488,745,-257
123000297,660,159,501
123000298,886,125,761
123000299,284,194,90
123000300,849,426,423
123000301,85,168,-83
123000302,164,20,144
123000303,16,528,-512
123000305,270,316,-46
123000306,193,25,168
123000309,6,30,-24
123000310,56,3,53
123000311,7,52,-45
123000312,1187,253,934
123000313,416,387,29
123000315,293,51,242
123000316,892,283,609
123000317,128,99,29
123000318,17,81,-64
123000329,3,6,-3
123000337,124,351,-227
123000338,50,281,-231
123000339,277,27,250
123000340,43,99,-56
123000342,1,11,-10
123000343,107,3,104
123000344,227,30,197
123000345,88,70,18
123000346,565,68,497
123000352,428,291,137
123000353,85,7,78
123000354,407,13,394
123000355,2,794,-792
123000356,234,3,231
123000357,1,49,-48
123000359,1,11,-10
123000360,95,72,23
123000361,407,97,310
123000362,244,45,199
123000363,111,43,68
123000364,238,191,47
123000365,8,187,-179
123000366,142,1048,-906
123000367,189,189,0
123000370,25,77,-52
123000371,398,17,381
123000372,147,4,143
123000373,1,32,-31
123000374,1,5,-4
123000375,257,32,225
123000376,676,476,200
123000377,411,5,406
123000378,3,69,-66
123000379,0,108,-108
123000380,1,59,-58
123000381,63,121,-58
123000382,451,125,326
123000383,10,283,-273
123000384,590,151,439
123000385,17,111,-94
123000436,25,1033,-1008
123000507,44,98,-54
123000508,72,1035,-963
123000517,49,4,45
123000518,17,18,-1
123000519,38,27,11
123000520,17,24,-7
123000521,252,42,210
123000522,32,81,-49
123000541,2,2,0
123000542,0,0,0
123000565,580,39,541
123000566,309,145,164
123000567,584,90,494
123000573,0,42,-42
123000574,761,22,739
123000575,1825,31,1794
123000576,425,212,213
123000577,7,142,-135
123000578,248,131,117
123000579,554,3007,-2453
123000580,174,45,129
123000582,319,7,312
123000583,1,115,-114
123000584,120,132,-12
123000585,0,4,-4
123000586,94,1,93
123000596,40,7,33
123000597,65,69,-4
123000602,51,18,33
123000603,1027,116,911
123000604,551,135,416
123000605,236,54,182
123000606,0,34,-34
123000609,19,140,-121
123000610,43,52,-9
123000613,47,39,8
123000614,253,32,221
123000615,36,125,-89
123000616,659,2,657
123000617,21,110,-89
123000618,22,169,-147
123000619,271,17,254
123000620,6,89,-83
123000622,321,9,312
123000624,226,33,193
123000630,1683,340,1343
123000631,53,281,-228
123000632,378,221,157
123000633,0,127,-127
123000634,3,227,-224
123000635,19,48,-29
123000636,50,149,-99
123000637,127,3,124
123000638,394,175,219
123000639,577,3863,-3286
123000640,19,153,-134
123000648,294,5,289
123000649,14,139,-125
123000650,88,282,-194
123000651,6,739,-733
123000652,131,0,131
123000653,4,128,-124
123000654,131,36,95
123900001,790,27,763
123900002,25,503,-478
123900003,13,89,-76
123900005,105,115,-10
123900006,165,9,156
124000001,1152,77,1075
124000002,2,375,-373
124000003,792,45,747
124000004,6,101,-95
124000005,731,492,239
124000006,15,151,-136
124000007,469,49,420
124000008,25,161,-136
124000009,720,160,560
124000010,102,166,-64
124000011,544,99,445
124000012,82,174,-92
124000017,120,63,57
124000018,6,7,-1
124000019,180,28,152
124000020,18,11,7
124000021,82,37,45
124000022,22,16,6
124000023,358,102,256
124000024,536,161,375
124000025,451,362,89
124000026,708,167,541
124000027,482,166,316
124000028,974,231,743
124000031,688,4561,-3873
124000032,386,168,218
124000033,518,738,-220
124000034,85,297,-212
124000035,237,152,85
124000036,86,172,-86
124000037,104,272,-168
124000038,2,9,-7
124000039,88,64,24
124000040,50,182,-132
124000041,465,25,440
124000042,106,58,48
124000043,120,30,90
124000044,17,23,-6
124000045,677,33,644
124000046,41,161,-120
124000047,1261,96,1165
124000048,371,182,189
124000049,1446,155,1291
124000050,334,372,-38
124000051,1234,159,1075
124000052,330,261,69
124000053,407,1450,-1043
124000054,256,131,125
124000055,571,2284,-1713
124000056,631,193,438
124000057,1051,265,786
124000058,232,310,-78
124000059,699,833,-134
124000060,212,346,-134
124000061,753,3572,-2819
124000062,1206,528,678
124000063,650,375,275
124000064,730,437,293
124000065,48,90,-42
124000066,128,117,11
124000067,134,79,55
124000068,4,16,-12
124000069,468,64,404
124000070,69,99,-30
124000071,59,47,12
124000072,43,121,-78
124000073,613,44,569
124000074,53,60,-7
124000075,439,22,417
124000076,0,0,0
124000077,70,376,-306
124000078,535,408,127
124000079,29,379,-350
124000080,511,72,439
124000081,44,90,-46
124000082,52,118,-66
124000083,1,31,-30
124000084,14,600,-586
124000085,26,17,9
124000086,9,177,-168
124000087,35,148,-113
124000088,57,68,-11
124000089,418,53,365
124000090,138,144,-6
124000091,451,25,426
124000092,171,298,-127
124000093,148,70,78
124000094,41,136,-95
124000095,101,15,86
124000096,50,51,-1
124000097,89,46,43
124000098,178,44,134
124000099,197,70,127
124000100,18,268,-250
124000101,133,92,41
124000102,82,19,63
124000103,112,60,52
124000104,42,57,-15
124000105,99,63,36
124000106,28,43,-15
124000107,17,190,-173
124000108,10,6,4
124000109,203,34,169
124000110,91,21,70
124000111,138,83,55
124000112,524,205,319
124000113,143,133,10
124000114,214,254,-40
124000115,159,399,-240
124000116,92,170,-78
124000117,15,25,-10
124000118,7,82,-75
124000119,509,122,387
124000120,267,105,162
124000121,937,342,595
124000122,300,824,-524
124000123,296,171,125
124000124,181,190,-9
124000125,193,150,43
124000126,126,120,6
124000127,795,131,664
124000128,353,146,207
124000129,841,483,358
124000130,202,96,106
124000131,511,226,285
124000132,169,269,-100
124000133,725,412,313
124000134,338,186,152
124000135,888,945,-57
124000136,112,309,-197
124000137,352,411,-59
124000138,151,324,-173
124000139,437,46,391
124000140,4,209,-205
124000141,1163,36,1127
124000142,24,177,-153
124000143,77,4,73
124000144,0,69,-69
124000145,142,11,131
124000146,3,23,-20
124000148,2,19,-17
124000149,531,116,415
124000150,97,312,-215
124000151,820,171,649
124000152,219,321,-102
124000153,745,508,237
124000154,289,261,28
124000155,738,255,483
124000156,271,251,20
124000169,73,152,-79
124000170,173,201,-28
124000171,154,160,-6
124000172,147,119,28
124000173,426,84,342
124000174,384,122,262
124000175,0,0,0
124000176,33,23,10
124000177,0,0,0
124000178,17,50,-33
124000185,37,0,37
124000186,16,14,2
124000187,15,40,-25
124000188,96,12,84
124000190,72,82,-10
124000191,77,289,-212
124000192,454,364,90
124000193,87,774,-687
124000194,152,119,33
124000195,334,171,163
124000196,289,282,7
124000197,34,16,18
124000198,18,27,-9
124000201,25,205,-180
124000202,341,16,325
124000203,545,35,510
124000204,1090,21,1069
124000205,85,36,49
124000206,986,61,925
124000207,0,7,-7
124000209,94,24,70
124000210,945,90,855
124000211,788,0,788
124000212,0,46,-46
124000213,432,63,369
124000214,588,21,567
124000215,638,8,630
124000216,9,96,-87
124000329,6,411,-405
124000338,12,202,-190
124000339,1686,11,1675
124000341,1870,18,1852
124000344,70,27,43
124000357,1062,2061,-999
124000358,917,1970,-1053
124000359,827,348,479
124000360,1075,357,718
124000361,1296,892,404
124000362,391,1301,-910
124000363,243,114,129
124000364,251,205,46
124000365,277,332,-55
124000366,1131,1256,-125
124000367,13,111,-98
124000368,299,833,-534
124000369,31,46,-15
124000370,9,526,-517
124000402,5,6,-1
124000403,93,21,72
124000404,9,35,-26
124000405,548,156,392
124000406,273,110,163
124000407,6,22,-16
124000411,6,75,-69
124000412,426,7,419
124000413,58,74,-16
124000414,152,25,127
124000415,20,38,-18
124000416,127,45,82
124000417,196,49,147
124000418,254,35,219
124000419,70,12,58
124000420,121,13,108
124000421,37,29,8
124000422,11,6,5
124000423,76,7,69
124000424,2,19,-17
124000425,43,26,17
124000426,2,9,-7
124000427,108,2,106
124000428,5,146,-141
124000429,110,15,95
124000430,647,117,530
124000431,261,89,172
124000432,227,611,-384
124000439,36,18,18
124000443,0,0,0
124000445,50,1949,-1899
124000446,294,363,-69
124000447,1,180,-179
124000448,274,3,271
124000449,345,3,342
124000450,1,67,-66
124000451,0,32,-32
124000452,158,45,113
124000453,1123,992,131
124000454,794,3187,-2393
124000457,0,12,-12
124000458,0,5,-5
124900001,606,38,568
124900002,42,44,-2
124900003,594,103,491
124900004,468,133,335
124900005,68,19,49
124900006,608,129,479
124900008,264,125,139
124900009,20,183,-163
124900010,118,24,94
124900011,414,179,235
124900012,205,11,194
124900013,346,41,305
124900014,158,23,135
124900015,32,238,-206
124900016,42,83,-41
124900017,135,2290,-2155
124900018,41,15,26
124900020,94,18,76
124900021,185,19,166
124900022,42,12,30
124900024,282,0,282
124900026,10,0,10
124900027,68,48,20
124900028,167,7,160
124900029,33,182,-149
124900030,0,53,-53
124900031,4,66,-62
124900032,99,65,34
124900033,14,16,-2
124900034,1,63,-62
124900035,21,21,0
124900036,1,47,-46
124900037,28,44,-16
124900038,32,76,-44
124900039,0,47,-47
124900040,24,14,10
124900041,183,94,89
124900042,4,0,4
124900043,203,112,91
124900044,4,0,4
124900045,45,190,-145
124900047,20,29,-9
124900048,166,8,158
124900050,112,5,107
124900052,10,61,-51
124900053,13,69,-56
124900054,270,34,236
124900055,0,1,-1
124900057,0,5,-5
124900060,4,19,-15
124900061,59,0,59
124900062,147,3,144
124900066,0,0,0
124900067,0,0,0
124900068,80,321,-241
124900070,2,3,-1
124900072,105,14,91
124900075,129,33,96
124900076,29,545,-516
124900077,3,11,-8
124900078,16,0,16
124900079,57,24,33
124900080,179,86,93
124900081,766,72,694
124900082,119,57,62
124900083,122,57,65
124900085,192,127,65
124900086,9,309,-300
124900087,68,20,48
124900088,12,11,1
124900089,74,1,73
124900090,341,49,292
124900091,98,41,57
124900092,46,27,19
124900093,453,25,428
124900094,409,48,361
124900095,99,304,-205
124900096,92,36,56
124900097,301,0,301
124900098,46,70,-24
124900099,39,81,-42
124900100,238,5,233
124900101,191,10,181
124900102,321,2,319
124900103,24,37,-13
124900104,10,9,1
124900105,10,3,7
124900106,195,5,190
124900107,98,10,88
124900108,43,22,21
124900111,0,0,0
124900112,29,57,-28
124900113,10,28,-18
124900114,7,17,-10
124900115,4,5,-1
124900116,178,221,-43
124900117,64,77,-13
124900118,37,575,-538
124900119,163,121,42
124900120,2,17,-15
124900121,12,304,-292
124900122,148,20,128
124900123,65,50,15
124900124,14,39,-25
124900125,356,8,348
124900126,0,0,0
204000001,234,3,231
204000002,16,11,5
204000003,16,17,-1
204000004,19,0,19
204000005,280,191,89
204000006,855,1032,-177
204000011,0,0,0
204000012,7,0,7
204000019,1151,241,910
204000020,706,295,411
204000021,551,610,-59
204000022,965,268,697
204000023,171,401,-230
204000031,18,1,17
204000032,100,14,86
204000034,58,7,51
204000035,0,12,-12
204000036,1,10,-9
204000037,1,19,-18
204000038,0,10,-10
204000039,22,13,9
204000040,3,6,-3
204000041,3,16,-13
204000042,26,9,17
204000043,33,0,33
204000044,29,1,28
204000045,37,5,32
204000046,10,4,6
204000057,8,34,-26
204000062,24,70,-46
204000068,0,35,-35
204000069,13,210,-197
204000070,85,29,56
204000080,21,23,-2
204000085,360,208,152
204000086,563,489,74
204000087,28,3,25
204000088,0,0,0
204000090,134,25,109
204000093,434,30,404
204000096,838,242,596
204000097,316,30,286
204000099,714,1392,-678
204000100,1246,500,746
204000105,288,120,168
204000110,89,357,-268
204000111,140,229,-89
204000112,90,161,-71
204000113,140,235,-95
204000114,549,876,-327
204000115,631,193,438
204000116,352,131,221
204000119,2090,776,1314
204000132,547,375,172
204000133,586,47,539
204000134,129,16,113
204000135,567,5,562
204000136,489,79,410
204000138,235,644,-409
204000140,299,136,163
204000141,145,38,107
204000144,2,24,-22
204000145,176,11,165
204000146,2,3,-1
204000147,4,12,-8
204000148,80,13,67
204000154,0,0,0
204000155,0,26,-26
204000177,63,57,6
204000179,13,2,11
204000180,0,19,-19
204000222,2,58,-56
204000235,10,17,-7
204000236,24,17,7
204000238,32,14,18
204000240,108,5,103
204000263,150,191,-41
204000268,452,148,304
204000308,34,4,30
204000317,3,19,-16
204000322,13,31,-18
204000323,2,14,-12
204000328,204,12,192
204000329,16,23,-7
204000330,117,9,108
204000331,100,9,91
205000001,145,269,-124
205000013,1,3,-2
205000014,4,1,3
205000015,4,10,-6
205000016,3,12,-9
205000017,1,5,-4
205000022,107,154,-47
205000025,417,131,286
205000029,546,1,545
205000045,110,39,71
205000046,33,28,5
205000047,21,28,-7
205000048,160,54,106
205000049,53,23,30
205000050,82,10,72
205000059,0,36,-36
205000060,0,89,-89
205000061,2,144,-142
205000062,0,61,-61
205000063,5,188,-183
205000064,10,56,-46
205000065,48,131,-83
205000066,37,66,-29
205000067,46,133,-87
205000069,129,7,122
205000082,56,60,-4
205000110,43,17,26
205000111,26,34,-8
205000112,34,60,-26
205000113,23,23,0
205000121,92,91,1
205000123,29,10,19
205000126,469,59,410
205000127,535,27,508
205000128,258,49,209
205000129,582,63,519
205000130,85,19,66
205000131,26,20,6
205000132,51,16,35
205000133,56,1,55
205000134,265,0,265
205000137,9,9,0
205000138,17,18,-1
205000139,1,28,-27
205000144,60,19,41
205000145,140,29,111
205000151,65,26,39
205000152,54,23,31
205000153,162,29,133
205000154,34,71,-37
205000155,99,33,66
205000207,0,0,0
205000233,28,1,27
205000234,0,1,-1
205000243,0,1,-1
205000244,0,1,-1
205000245,3,11,-8
205000249,0,4,-4
205000250,1,1,0
205000264,0,5,-5
206000027,3,3,0
206000028,2,0,2
206000043,2,35,-33
206000053,0,0,0
206000054,0,0,0
206000055,0,0,0
206000075,7,9,-2
206000076,1,0,1
206000077,9,1,8
206000078,20,1,19
206000079,44,1,43
206000082,268,68,200
206000100,5,168,-163
206000103,0,0,0
206000104,0,0,0
206000105,0,0,0
206000106,0,0,0
206000125,158,0,158
206000157,4,46,-42
206000170,0,108,-108
206000171,1,98,-97
206000172,5,37,-32
206000173,1,16,-15
206000174,1,11,-10
206000175,0,16,-16
206000176,19,10,9
206000177,0,17,-17
206000178,1,193,-192
206000179,0,44,-44
206000180,4,28,-24
206000181,0,41,-41
206000182,5,26,-21
206000183,16,58,-42
206000184,0,26,-26
206000185,3,14,-11
206000186,4,134,-130
206000223,0,163,-163
206000226,32,3,29
206000227,20,0,20
206000237,8,55,-47
206000238,15,142,-127
206000239,98,414,-316
206000240,0,0,0
206000241,0,46,-46
206000242,2,17,-15
206000243,3,25,-22
206000244,5,62,-57
206000245,2065,28,2037
206000246,637,2,635
206000247,791,0,791
206000248,824,4,820
206000252,30,39,-9
206000258,0,0,0
206000315,25,1,24
206000317,605,117,488
206000318,779,31,748
206000319,2769,25,2744
206000320,875,27,848
206000321,745,7,738
206000322,1216,3,1213
206000323,447,3,444
206000324,489,2,487
206000325,189,11,178
206000326,319,5,314
206000327,22,20,2
206000328,345,0,345
206000329,814,2,812
206000330,197,2,195
206000331,385,2,383
206000332,108,1,107
206000333,1434,1,1433
206000334,835,0,835
206000335,0,12,-12
206000361,0,16,-16
206000392,0,4,-4
206000405,204,0,204
206000441,43,34,9
206000498,38,3,35
206000515,33,17,16
206000530,375,94,281
206000531,192,198,-6
206000532,799,159,640
206000535,36,828,-792
206000536,1,73,-72
206000537,0,77,-77
206000613,956,241,715
206000784,330,29,301
207000001,8,111,-103
207000002,34,160,-126
207000003,48,106,-58
207000007,1865,136,1729
207000008,302,6,296
207000009,64,6,58
207000010,58,112,-54
207000012,550,73,477
207000015,49,214,-165
207000019,292,26,266
207000021,303,119,184
207000022,145,75,70
207000023,235,51,184
207000024,6,0,6
207000025,4,55,-51
207000026,0,0,0
207000027,0,0,0
207000028,0,20,-20
207000029,3,76,-73
207000033,132,207,-75
207000034,156,31,125
207000039,520,42,478
207000040,860,17,843
207000041,51,8,43
207000042,261,22,239
207000043,167,77,90
207000051,0,0,0
207000052,0,2,-2
207000053,79,162,-83
207000054,30,49,-19
207000055,33,22,11
207000056,70,109,-39
207000057,22,93,-71
207000058,72,109,-37
207000059,19,109,-90
207000060,29,260,-231
207000061,66,1122,-1056
207000062,831,37,794
207000063,570,33,537
207000064,235,15,220
207000065,270,85,185
207000066,519,96,423
207000067,68,34,34
207000068,123,34,89
207000069,501,158,343
207000082,9,107,-98
207000083,54,115,-61
207000084,475,117,358
207000085,365,26,339
207000086,525,3,522
207000106,90,13,77
207000107,119,2,117
207000108,113,2,111
207000109,63,2,61
207000110,35,12,23
207000111,61,7,54
207000112,28,230,-202
207000114,0,0,0
207000115,0,0,0
207000116,0,0,0
207000117,0,0,0
207000118,0,0,0
207000119,0,0,0
207000123,204,2,202
207000124,91,10,81
207000125,51,2,49
207000126,66,0,66
207000134,243,33,210
207000135,75,134,-59
207000148,90,177,-87
207000149,0,0,0
207000152,0,129,-129
207000153,7,312,-305
207000154,300,94,206
207000159,0,3,-3
207000160,4,18,-14
207000238,0,0,0
207000242,0,0,0
207000248,0,0,0
207000249,0,0,0
207000250,0,0,0
207000251,0,0,0
207000252,0,0,0
207000278,117,50,67
207000279,1,11,-10
207000280,1269,20,1249
207000281,27,174,-147
207000282,21,571,-550
207000283,16,79,-63
207000284,12,1407,-1395
207000285,36,70,-34
207000291,0,0,0
207000304,27,28,-1
207000306,16,192,-176
207000310,109,41,68
207000353,53,2,51
207000356,0,3,-3
207000357,1,26,-25
207000358,0,14,-14
207000415,0,0,0
207000417,14,2,12
207000418,79,21,58
207000438,0,1,-1
207000439,274,67,207
207000446,65,2,63
207000460,152,8,144
207000466,0,0,0
207000467,665,40,625
207000468,3,9,-6
207000476,5,51,-46
207000477,263,24,239
207000478,0,5,-5
207000523,0,0,0
207000524,44,0,44
207000527,259,101,158
207000530,167,6,161
207000531,175,1,174
207000532,39,24,15
207000534,129,24,105
207000535,0,0,0
207000537,0,0,0
207000540,0,0,0
207000541,0,0,0
207000548,0,0,0
207000549,90,1,89
207000561,115,56,59
207000562,0,0,0
207000567,10,81,-71
207000568,375,15,360
207000569,916,80,836
207000584,0,0,0
207000585,5,38,-33
207000587,360,2,358
207000616,0,28,-28
207000617,230,0,230
207000624,25,8,17
207000631,5,37,-32
207900008,626,38,588
208000001,364,547,-183
208000002,557,566,-9
208000003,585,375,210
208000004,605,420,185
208000005,0,0,0
208000019,900,345,555
208000020,176,198,-22
208000021,175,145,30
208000022,310,475,-165
208000028,896,847,49
208000033,161,207,-46
208000034,422,402,20
208000037,182,15,167
208000040,129,35,94
208000041,422,318,104
208000042,853,309,544
208000047,46,74,-28
208000064,1175,894,281
208000066,707,542,165
208000070,624,340,284
208000071,610,88,522
208000072,754,207,547
208000080,182,234,-52
208000081,287,66,221
208000082,120,37,83
208000083,95,61,34
208000084,7,108,-101
208000085,261,101,160
208000086,296,179,117
208000087,246,308,-62
208000089,470,57,413
208000090,321,147,174
208000093,1,29,-28
208000094,97,143,-46
208000095,492,259,233
208000104,1067,194,873
208000105,495,342,153
208000114,27,225,-198
208000115,276,226,50
208000116,866,897,-31
208000117,8,56,-48
208000118,99,233,-134
208000155,271,413,-142
208000158,791,1179,-388
208000186,400,894,-494
208000204,407,485,-78
208000205,827,325,502
208000282,557,381,176
209000004,556,76,480
209000005,56,13,43
209000006,297,171,126
209000007,265,275,-10
209000010,0,0,0
209000011,0,0,0
209000012,12,35,-23
209000013,21,10,11
209000014,24,32,-8
209000025,570,55,515
209000026,1414,167,1247
209000027,34,39,-5
209000028,36,30,6
209000029,76,40,36
209000030,103,116,-13
209000031,512,131,381
209000034,196,192,4
209000035,240,237,3
209000036,391,50,341
209000037,579,127,452
209000038,335,48,287
209000039,129,58,71
209000040,210,208,2
209000041,126,164,-38
209000042,270,134,136
209000043,515,211,304
209000044,341,325,16
209000045,383,72,311
209000046,327,76,251
209000047,182,58,124
209000048,359,338,21
209000049,17,19,-2
209000050,86,33,53
209000051,139,28,111
209000052,32,33,-1
209000062,0,0,0
209000063,3,2,1
209000064,2,4,-2
209000065,257,13,244
209000066,177,7,170
209000067,216,30,186
209000080,1,14,-13
209000082,87,28,59
209000091,0,0,0
209000093,0,0,0
209000094,0,0,0
209000110,83,122,-39
209000111,392,1887,-1495
209000112,1194,333,861
209000113,2219,470,1749
209000114,1087,375,712
209000115,3,31,-28
209000116,67,92,-25
209000118,1,77,-76
209000119,0,0,0
209000121,3,27,-24
209000135,83,65,18
209000142,446,1879,-1433
209000143,0,0,0
209000144,56,100,-44
209000229,157,22,135
209000240,1,5,-4
209000259,13,14,-1
209000260,4,106,-102
209000261,0,45,-45
209000262,2,45,-43
209000263,0,29,-29
209000264,0,29,-29
209000265,204,4,200
209000266,72,1,71
209000267,807,8,799
209000268,320,106,214
210000037,146,13,133
210000047,34,4,30
210000048,46,15,31
210000049,45,0,45
210000052,25,1,24
210000053,8,7,1
210000054,13,27,-14
210000070,157,11,146
210000071,100,0,100
210000072,18,0,18
210000073,0,0,0
210000074,0,0,0
210000075,0,3,-3
210000076,0,11,-11
210000077,1,27,-26
210000078,2,51,-49
210000079,15,9,6
210000080,25,99,-74
210000081,41,9,32
210000082,22,0,22
210000083,17,1,16
210000084,92,0,92
210000085,0,4,-4
210000086,0,2,-2
210000099,0,10,-10
210000100,0,14,-14
210000101,4,15,-11
210000105,3,45,-42
210000159,0,3,-3
210000163,4,22,-18
210000164,242,126,116
210000168,105,6,99
210000187,0,0,0
210000188,0,1,-1
210000214,60,0,60
210000219,119,40,79
210000220,135,8,127
210000232,0,2,-2
210000233,0,0,0
210000234,2,2,0
210000235,3,3,0
210000245,0,0,0
210000246,12,0,12
210000258,0,1,-1
210000259,133,23,110
210000282,0,5,-5
210000285,0,3,-3
210000286,0,4,-4
210000290,3,21,-18
210000295,5,47,-42
210000296,17,7,10
210000320,232,10,222
210000321,73,4,69
210000338,17,18,-1
210000339,9,72,-63
210000340,7,16,-9
210000341,39,18,21
210000342,77,14,63
210000343,50,53,-3
210000344,29,23,6
210000345,9,50,-41
210000346,15,25,-10
210000347,3,11,-8
210000348,14,19,-5
210000349,4,21,-17
210000350,29,17,12
210000351,44,32,12
210000352,31,22,9
210000353,19,28,-9
210000354,34,26,8
210000355,10,71,-61
210000356,27,81,-54
210000357,18,106,-88
210000358,189,135,54
210000359,59,153,-94
210000360,151,172,-21
210000361,122,52,70
210000362,259,39,220
210000363,373,120,253
210000364,151,46,105
210000365,106,8,98
210000366,299,23,276
210000367,46,13,33
210000368,104,8,96
210000369,39,30,9
210000370,178,18,160
210000372,8,19,-11
210000373,13,11,2
210000374,75,15,60
210000375,11,9,2
210000376,39,105,-66
210000404,1,12,-11
210000439,16,9,7
210000472,27,0,27
210000482,134,49,85
210000564,169,95,74
210000567,5,74,-69
210000568,261,0,261
211000092,17,43,-26
211000094,40,0,40
211000169,244,1,243
211000172,5,38,-33
211000209,0,27,-27
211000226,4,7,-3
211000270,84,3,81
211000275,51,12,39
211000276,124,7,117
211000279,21,38,-17
211000281,105,22,83
211000302,31,15,16
211507980,0,12,-12
211977296,36,4,32
212000003,237,41,196
212000004,2,41,-39
212000005,4,33,-29
212000006,2,129,-127
212000008,65,118,-53
212000009,12,56,-44
212000012,35,22,13
212000013,8,8,0
212000014,82,25,57
212000015,107,37,70
212000016,169,161,8
212000027,551,114,437
212000028,270,124,146
212000029,220,97,123
212000030,19,9,10
212000031,33,35,-2
212000048,2,107,-105
212000049,0,87,-87
212000050,1,11,-10
212000051,152,37,115
212000052,89,73,16
212000053,57,101,-44
212000054,503,32,471
212000055,407,86,321
212000056,7,23,-16
212000057,10,28,-18
212000058,101,7,94
212000070,53,58,-5
212000077,52,92,-40
212000099,303,71,232
212000108,247,129,118
212000111,401,56,345
212000120,36,105,-69
212000138,31,12,19
212000156,2,18,-16
212000158,1,35,-34
212000159,578,59,519
212000160,619,51,568
212000161,71,3,68
212000310,10,2,8
212000311,21,32,-11
212000374,8,8,0
213000001,11,175,-164
213000005,497,15,482
213000006,478,53,425
213000007,37,28,9
213000009,179,83,96
213000010,274,51,223
213000011,223,30,193
213000014,48,28,20
213000015,135,17,118
213000016,173,3,170
213000017,83,0,83
213000018,1,21,-20
213000019,0,29,-29
213000020,36,45,-9
213000021,0,17,-17
213000023,265,184,81
213000033,127,560,-433
213000034,285,64,221
213000035,151,254,-103
213000045,92,111,-19
213000046,23,33,-10
213000047,120,717,-597
213000056,93,5,88
213000069,34,29,5
213000073,0,16,-16
213000074,37,91,-54
213000075,580,4,576
213000076,12,0,12
213000085,0,6,-6
213000086,1,7,-6
213000091,214,8,206
213000092,37,12,25
213000099,84,515,-431
213000100,610,171,439
213000101,558,60,498
213000102,412,112,300
213000103,311,182,129
213000104,16,127,-111
213000105,29,286,-257
213000106,18,339,-321
213000107,37,150,-113
213000108,36,85,-49
213000109,5,122,-117
213000110,10,106,-96
213000111,4,95,-91
213000112,11,108,-97
213000115,16,1,15
213000116,23,189,-166
213000117,2,181,-179
213000118,654,251,403
213000119,3,90,-87
213000120,16,80,-64
213000122,24,207,-183
213000123,29,299,-270
213000124,49,313,-264
213000125,173,9,164
213000126,18,44,-26
213000127,3,69,-66
213000128,37,284,-247
213000129,208,1082,-874
213000130,900,363,537
213000132,695,114,581
213000133,603,33,570
213000134,806,11,795
213000136,508,9,499
213000137,446,15,431
213000139,295,19,276
213000147,8,11,-3
213000148,19,6,13
213000149,18,5,13
213000150,0,197,-197
213000151,1,121,-120
213000152,0,169,-169
213000153,1,197,-196
213000154,23,252,-229
213000155,20,141,-121
213000156,64,211,-147
213000157,942,171,771
213000158,226,235,-9
213000159,429,102,327
213000163,1593,105,1488
213000165,317,130,187
213000171,48,21,27
213000172,38,46,-8
213000173,13,20,-7
213000174,0,14,-14
213000175,10,13,-3
213000176,3,47,-44
213000177,24,5,19
213000178,47,2,45
213000179,244,0,244
213000180,330,7,323
213000184,24,58,-34
213000188,444,55,389
213000189,640,13,627
213000190,521,72,449
213000191,556,51,505
213000192,215,14,201
213000193,209,192,17
213000194,0,173,-173
213000195,36,253,-217
213000196,282,660,-378
213000197,468,420,48
213000198,7,0,7
213000200,75,277,-202
213000201,4,145,-141
213000202,14,296,-282
213000203,935,190,745
213000204,934,9,925
213000205,259,6,253
213000206,437,3,434
213000207,21,0,21
213000208,19,2,17
213000209,31,19,12
213000210,72,0,72
213000211,1,30,-29
213000212,1,49,-48
213000213,1,95,-94
213000218,214,263,-49
213000219,843,27,816
213000220,854,1,853
213000223,199,90,109
213000224,10,55,-45
213000225,61,39,22
213000226,26,2,24
213000227,1089,142,947
213000228,547,47,500
213000229,55,11,44
213000230,473,15,458
213000232,52,1163,-1111
213000233,10,82,-72
213000234,0,3,-3
213000293,3,114,-111
213000294,64,20,44
213000295,3,107,-104
213000296,106,27,79
213000297,1,9,-8
213000298,1,30,-29
213000299,36,22,14
213000300,2,21,-19
213000303,0,8,-8
213000304,0,8,-8
213000305,0,15,-15
213000306,8,18,-10
213000307,44,129,-85
213000308,25,45,-20
213000309,101,9,92
213000310,120,81,39
213000311,59,390,-331
213000315,27,32,-5
213000316,168,27,141
213000322,44,15,29
213000323,43,20,23
213000340,24,191,-167
213000341,919,56,863
213000346,85,227,-142
213000347,119,279,-160
213000348,1,36,-35
213000349,0,16,-16
213000350,190,453,-263
213000366,39,156,-117
213000367,408,8,400
213000379,13,29,-16
213000386,10,195,-185
213000406,114,188,-74
213000417,1057,253,804
213000425,247,14,233
213000426,123,4,119
213000427,41,50,-9
213000428,26,8,18
213000429,0,1,-1
213000430,48,79,-31
213000431,7,3,4
213000432,2,209,-207
213000433,11,62,-51
213000434,152,16,136
213000435,57,25,32
213000439,36,7,29
213000441,0,1,-1
213000443,249,343,-94
213000445,0,64,-64
213000446,39,295,-256
213000447,0,85,-85
213000448,20,29,-9
213000449,855,4,851
213000450,13,17,-4
213000451,330,14,316
213000452,2,0,2
213000453,3,44,-41
213000455,42,27,15
213000456,0,49,-49
213000481,1,2,-1
213000482,6,4,2
213000489,74,23,51
213000491,5,317,-312
213000492,84,0,84
213000493,0,182,-182
213000494,229,38,191
213000495,0,1,-1
213000496,250,144,106
213000497,71,222,-151
213000498,57,356,-299
213000499,61,191,-130
213000500,396,6,390
213000501,159,9,150
213000502,42,17,25
213000504,18,151,-133
213000505,16,4,12
213000506,0,3,-3
213000507,16,407,-391
213900244,40,0,40
213900245,0,2,-2
218000003,49,20,29
218000004,37,5,32
218000005,10,61,-51
218000006,42,37,5
218000007,23,30,-7
218000012,51,152,-101
218000013,104,47,57
218000014,68,69,-1
218000019,207,166,41
218000020,147,303,-156
218000040,4,0,4
218000046,61,74,-13
218000047,14,47,-33
218000048,122,55,67
218000049,51,72,-21
218000050,194,100,94
218000051,109,147,-38
218000052,0,36,-36
218000053,0,2,-2
218000054,12,13,-1
218000055,3,21,-18
218000056,12,61,-49
218000057,2,34,-32
218000064,1,4,-3
218000065,51,4,47
218000066,12,32,-20
218000067,69,45,24
218000068,123,26,97
218000069,369,27,342
218000070,229,138,91
218000071,144,120,24
218000072,67,120,-53
218000078,606,188,418
218000079,271,14,257
218000080,125,7,118
218000081,524,18,506
218000082,181,26,155
218000083,26,5,21
218000084,28,44,-16
218000085,45,23,22
218000086,8,3,5
218000087,50,14,36
218000090,27,173,-146
218000091,884,212,672
218000092,76,75,1
218000093,67,28,39
218000094,263,146,117
218000099,88,76,12
218000100,96,49,47
218000101,108,49,59
218000102,186,51,135
218000103,58,34,24
218000104,30,4,26
218000105,13,2,11
218000106,46,15,31
218000107,71,36,35
218000108,0,13,-13
218000112,9,1,8
218000117,66,54,12
218000134,186,115,71
218000135,3,59,-56
218000136,33,84,-51
218000137,116,28,88
218000138,8,21,-13
218000139,93,144,-51
218000140,366,126,240
218000141,36,21,15
218000142,58,28,30
218000143,46,133,-87
218000144,11,126,-115
218000145,338,101,237
218000146,61,16,45
218000151,0,31,-31
218000152,31,30,1
218000170,1,25,-24
218000171,27,2,25
218000172,3,11,-8
218000173,9,5,4
218000174,14,9,5
218000176,233,4,229
218000177,301,19,282
218000178,117,16,101
218000179,160,5,155
218000180,69,3,66
218000181,307,13,294
218000187,2,12,-10
218000188,5,6,-1
218000189,6,40,-34
218000190,0,0,0
218000191,83,27,56
218000192,58,51,7
218000193,122,50,72
218000194,60,45,15
218000195,190,52,138
218000196,269,81,188
218000197,589,54,535
218000198,99,37,62
218000199,28,5,23
218000200,14,14,0
218000201,2,7,-5
218000202,22,202,-180
218000207,22,18,4
218000208,8,33,-25
218000211,17,6,11
218000213,153,125,28
218000214,2,48,-46
218000215,119,84,35
218000217,2,47,-45
218000218,385,86,299
218000219,0,17,-17
218000220,51,231,-180
218000221,469,192,277
218000222,0,120,-120
218000223,2,214,-212
218000224,0,108,-108
218000225,82,11,71
218000226,160,23,137
218000232,34,42,-8
218000239,82,10,72
218000240,0,0,0
218000241,2,0,2
218000242,0,1,-1
218000243,2,0,2
218000244,24,0,24
218000245,23,1,22
218000246,0,2,-2
218000247,0,0,0
218000248,0,7,-7
218000249,0,1,-1
218000250,1,32,-31
218000251,1,4,-3
218000252,0,10,-10
218000253,0,4,-4
218000254,0,2,-2
218000255,0,0,0
218000256,19,17,2
218000267,282,474,-192
218000268,0,13,-13
218000269,0,3,-3
218000270,24,5,19
218000271,3,8,-5
218000273,44,3,41
218000274,3,0,3
218000275,52,80,-28
218000276,16,11,5
218000278,4,33,-29
218000279,54,8,46
218000280,1,14,-13
218000281,1,6,-5
218000282,342,466,-124
218000284,23,5,18
218000301,9,42,-33
218000302,9,4,5
218000303,4,54,-50
218000316,1227,373,854
218000317,2363,234,2129
218000318,1412,157,1255
218000319,668,268,400
218000320,267,115,152
218000338,35,53,-18
218000345,79,47,32
218000346,102,68,34
218000459,28,114,-86
218000490,1,27,-26
218000501,61,11,50
218000502,19,12,7
218000503,119,12,107
218000504,60,5,55
218000505,10,26,-16
218000506,6,78,-72
218000508,0,1,-1
218000510,71,3,68
218000520,103,74,29
218000521,7,12,-5
218000522,4,434,-430
218000523,95,11,84
218000524,0,0,0
218000525,20,20,0
218000526,1,86,-85
218000529,27,21,6
218000531,36,19,17
218000532,56,19,37
218000534,427,30,397
218000537,6,96,-90
218000538,26,124,-98
218000540,34,49,-15
218000543,153,16,137
218000544,1,8,-7
218000545,188,40,148
218000546,1,3,-2
218000547,100,110,-10
218000548,109,66,43
218000549,661,79,582
218000550,24,110,-86
218000551,58,247,-189
218000552,395,69,326
218000553,40,53,-13
218000554,3,7,-4
218000555,67,47,20
218000556,78,61,17
218000557,700,247,453
218000558,7,0,7
218000559,0,17,-17
218000560,0,5,-5
218000561,4,0,4
218000562,0,43,-43
218000563,62,20,42
218000564,1,125,-124
218000565,67,34,33
218000566,12,5,7
218000568,0,0,0
218000569,1,114,-113
218000570,46,1,45
218000571,0,71,-71
218000572,28,0,28
218000573,19,145,-126
218000574,14,24,-10
218000575,60,0,60
218000576,0,39,-39
218000577,7,1,6
218000578,2,55,-53
218000579,1,4,-3
218000581,2,2,0
218000582,91,0,91
218000583,20,1,19
218000584,0,7,-7
218000585,23,0,23
218000586,33,13,20
218000587,1,0,1
218000588,0,8,-8
218000589,0,45,-45
218000590,1,0,1
218000591,2,112,-110
218000592,0,26,-26
218000593,20,215,-195
218000594,0,63,-63
218000597,1,120,-119
218000598,0,12,-12
218000599,3,183,-180
218000600,3,26,-23
218000601,0,75,-75
218000602,0,2,-2
218000603,0,7,-7
218000604,39,0,39
218000605,3,674,-671
218000606,501,3,498
218000607,2,133,-131
218000608,12,7,5
218000609,2,16,-14
218000610,82,0,82
218000611,0,0,0
218000612,0,3,-3
218000613,49,0,49
218000614,17,10,7
218000615,102,0,102
218000616,6,134,-128
218000617,3,0,3
218000618,0,13,-13
218000619,37,1,36
218000620,0,35,-35
218000621,0,0,0
218000622,0,66,-66
218000623,2,0,2
218000624,1,79,-78
218000625,0,0,0
218000626,0,17,-17
218000628,185,63,122
218000631,177,33,144
218000632,0,198,-198
218000633,26,1,25
218000634,1,2,-1
218000635,7,4,3
218000636,368,177,191
218000637,981,99,882
218000638,409,6,403
218000639,20,17,3
218000640,646,2,644
218000641,144,27,117
218000652,45,46,-1
218000653,146,10,136
218000663,18,19,-1
218000675,9,12,-3
218000680,91,114,-23
218000681,736,55,681
218000691,236,207,29
218000693,858,36,822
218000718,9,192,-183
218000719,6,82,-76
218000720,0,262,-262
218000721,1,2,-1
218001147,0,131,-131
218001214,9,14,-5
218001258,762,63,699
218001329,180,147,33
218001330,30,220,-190
218001351,20,23,-3
218001352,15,22,-7
218001353,3,23,-20
218001354,16,17,-1
218001355,10,60,-50
218001356,820,115,705
218001357,1,74,-73
218001358,571,33,538
218001361,1446,70,1376
218001362,0,24,-24
219000001,0,0,0
219000002,0,0,0
219000003,58,21,37
219000004,21,62,-41
219000017,36,46,-10
219000020,144,25,119
219000022,215,2,213
219000023,30,0,30
219000029,0,0,0
219000034,61,29,32
219000039,0,1,-1
219000040,12,33,-21
219000041,137,14,123
219000051,0,0,0
219000052,0,0,0
219000053,0,0,0
219000055,327,0,327
219000056,0,0,0
219000057,44,0,44
219000062,3,19,-16
219000063,194,6,188
219000064,0,10,-10
219000110,193,221,-28
219000111,47,51,-4
219000112,164,27,137
219000113,183,24,159
219000114,102,25,77
219000116,68,71,-3
219000117,60,30,30
219000118,28,32,-4
219000123,86,1,85
219000124,6,2,4
219000125,0,0,0
219000126,0,0,0
219000127,0,0,0
219000128,1,3,-2
219000129,0,3,-3
219000130,29,45,-16
219000131,609,652,-43
219000133,8,94,-86
219000134,4,26,-22
219000135,0,27,-27
219000136,64,179,-115
219000138,45,0,45
219000139,28,0,28
219000140,140,1,139
219000141,57,0,57
219000142,4,0,4
219000143,0,0,0
219000145,4,10,-6
219000146,0,0,0
219000147,0,0,0
219000148,0,0,0
219000149,0,0,0
219000150,0,0,0
219000151,0,0,0
219000157,215,70,145
219000158,187,32,155
219000161,198,1,197
219000163,669,198,471
219000166,162,52,110
219000167,27,30,-3
219000168,249,23,226
219000174,452,99,353
219000175,91,1,90
219000176,164,10,154
219000177,79,1,78
219000178,50,0,50
219000179,75,24,51
219000180,14,0,14
219000182,73,3,70
219000183,54,11,43
219000184,80,6,74
219000185,0,0,0
219000186,48,2,46
219000187,1,15,-14
219000189,0,6,-6
219000190,0,6,-6
219000191,21,99,-78
219000192,331,133,198
219000193,3,1,2
219000195,0,0,0
219000196,0,0,0
219000198,0,0,0
219000199,0,1,-1
219000200,0,0,0
219000201,0,4,-4
219000203,0,0,0
219000204,3,8,-5
219000205,1,5,-4
219000207,0,11,-11
219000209,0,1,-1
219000210,0,1,-1
219000213,1,24,-23
219000239,59,73,-14
219000240,57,89,-32
219000241,77,30,47
219000242,6,83,-77
219000243,65,108,-43
219000244,0,142,-142
219000245,11,69,-58
219000246,74,42,32
219000247,257,21,236
219000248,322,300,22
219000249,159,101,58
219000250,168,37,131
219000251,306,92,214
219000252,276,74,202
219000253,171,0,171
219000255,159,141,18
219000256,270,20,250
219000257,83,0,83
219000262,4,29,-25
219000263,3,19,-16
219000267,0,0,0
219000268,0,0,0
219000269,1,1,0
219000270,6,0,6
219000271,150,5,145
219000278,0,0,0
219000279,0,0,0
219000283,0,1,-1
219000295,6,60,-54
219000296,4,59,-55
219000297,0,0,0
219000298,0,0,0
219000299,222,41,181
219000300,4,4,0
219000301,1,5,-4
219000302,2,4,-2
219000307,0,0,0
219000308,49,12,37
219000311,127,24,103
219000312,245,74,171
219000313,321,36,285
219000314,3,2,1
219000315,253,8,245
219000316,305,21,284
219000317,99,7,92
219000320,0,0,0
219000321,0,0,0
219000323,0,0,0
219000325,0,0,0
219000326,5,6,-1
219000327,0,0,0
219000328,0,0,0
219000329,238,112,126
219000330,0,7,-7
219000331,27,4,23
219000332,124,11,113
219000333,45,1,44
219000335,97,0,97
219000337,3,0,3
219000338,33,0,33
219000344,0,0,0
219000345,0,0,0
219000346,0,0,0
219000348,10,5,5
219000349,2,22,-20
219000350,0,0,0
219000351,0,0,0
219000352,26,30,-4
219000353,173,54,119
219000354,488,42,446
219000355,120,54,66
219000356,260,583,-323
219000363,85,42,43
219000364,162,17,145
219000365,75,7,68
219000366,191,554,-363
219000368,163,320,-157
219000370,511,408,103
219000371,0,0,0
219000382,1,6,-5
219000383,29,151,-122
219000385,36,108,-72
219000386,42,262,-220
219000387,0,4,-4
219000390,1,0,1
219000391,5,0,5
219000397,0,0,0
219000398,36,73,-37
219000401,14,11,3
219000402,2,6,-4
219000403,14,44,-30
219000404,1,29,-28
219000407,2,4,-2
219000409,21,14,7
219000410,111,0,111
219000411,80,1,79
219000446,1,60,-59
219000447,0,0,0
219000448,1,6,-5
219000452,70,94,-24
219000453,7,82,-75
219000454,218,242,-24
219000556,519,15,504
219000558,10,23,-13
219000590,27,74,-47
219000591,234,29,205
219000592,0,27,-27
219000595,0,0,0
219000635,59,40,19
219000636,0,0,0
219000657,6,2,4
219000658,0,0,0
219000673,0,0,0
219000676,2,0,2
219000679,16,0,16
219000684,97,1,96
219000685,0,0,0
219000686,0,0,0
219000688,0,1,-1
219000689,3,44,-41
219000690,94,5,89
219000691,24,33,-9
219000692,60,3,57
219000693,0,0,0
219000694,18,0,18
219000695,110,10,100
219000698,3,0,3
219000699,0,0,0
219000727,0,0,0
219000728,100,3,97
219000770,2,1,1
219000771,0,0,0
219000788,56,145,-89
219001150,0,57,-57
219001151,0,0,0
219001166,24,47,-23
219001167,0,14,-14
219001178,82,0,82
220000001,16,82,-66
220000002,1,35,-34
220000003,34,15,19
220000004,64,92,-28
220000005,170,207,-37
220000006,54,93,-39
220000007,132,63,69
220000008,71,145,-74
220000009,39,92,-53
220000010,20,42,-22
220000011,234,2038,-1804
220000012,24,232,-208
220000014,104,18,86
220000015,68,264,-196
220000017,24,158,-134
220000018,4394,656,3738
220000019,65,305,-240
220000020,300,128,172
220000021,619,119,500
220000022,866,122,744
220000023,250,62,188
220000024,555,350,205
220000025,325,1132,-807
220000026,184,459,-275
220000027,3,161,-158
220000028,25,191,-166
220000029,10,25,-15
220000030,5,37,-32
220000031,587,276,311
220000064,34,457,-423
221000046,0,0,0
221000047,0,0,0
221000048,0,1,-1
221000049,0,3,-3
221000050,4,0,4
221000055,15,54,-39
221000068,250,96,154
221000069,230,21,209
221000070,218,8,210
221000071,67,4,63
221000072,171,8,163
221000073,165,4,161
221000074,0,3,-3
221000075,0,13,-13
221000076,0,4,-4
221000077,1,17,-16
221000081,36,0,36
221000082,45,0,45
221000083,8,2,6
221000084,4,6,-2
221000085,4,75,-71
221000086,1,165,-164
221000087,0,110,-110
221000088,2,55,-53
221000089,9,46,-37
221000090,17,100,-83
221000098,128,9,119
221000099,154,3,151
221000100,131,3,128
221000101,284,1,283
221000103,7,6,1
221000104,0,20,-20
221000107,35,1,34
221000108,22,13,9
221000111,4,19,-15
221000112,1,19,-18
221000113,1,33,-32
221000114,0,43,-43
221000120,3,40,-37
221000121,1,17,-16
221000122,10,54,-44
221000123,6,49,-43
221000124,4,194,-190
221000155,66,5,61
221000156,98,10,88
221000175,3,5,-2
221000176,0,22,-22
221000182,52,0,52
221000241,307,278,29
221000242,16,106,-90
221000243,297,109,188
221000244,38,246,-208
221000245,96,19,77
221000246,5,192,-187
221000247,189,84,105
221000248,97,125,-28
221000267,19,142,-123
221000325,41,56,-15
221000331,0,17,-17
221000338,3,54,-51
221000378,367,5,362
221000381,15,153,-138
222000282,0,0,0
222000296,0,23,-23
222000568,299,5,294
222000569,80,8,72
222000570,85,11,74
222000571,382,0,382
222000577,0,49,-49
222000578,0,72,-72
222000579,22,40,-18
222000580,10,633,-623
222000599,0,48,-48
222000600,0,52,-52
222000601,1,141,-140
222000603,5,33,-28
222000604,0,32,-32
222000605,13,65,-52
222000606,0,3,-3
222000607,0,10,-10
222000608,1,3,-2
222000609,2,29,-27
222000616,653,3,650
222000617,0,3,-3
222000618,1,2,-1
222000620,4,3,1
222000621,15,4,11
222000623,353,0,353
222000624,331,1,330
222000625,886,45,841
222000636,14,0,14
222000686,6,30,-24
222000687,15,6,9
222001066,302,1,301
222001067,84,0,84
222001068,236,13,223
222001069,241,16,225
222001082,53,24,29
222001083,63,11,52
222001084,0,48,-48
222001085,0,166,-166
222001111,89,15,74
222001112,277,30,247
222001313,1,0,1
222001314,0,24,-24
222001464,529,12,517
222001465,23,35,-12
222001484,258,32,226
222001485,12,9,3
222001494,827,128,699
222001495,46,60,-14
222001496,447,41,406
222001497,53,136,-83
222001503,190,7,183
222001504,1,6,-5
222001505,346,8,338
222001506,1,10,-9
222001507,140,13,127
222001510,672,9,663
222001514,624,22,602
222001518,584,19,565
222001519,1,77,-76
222001527,90,26,64
222001529,359,32,327
222001530,2,33,-31
222001533,2,29,-27
222001534,553,10,543
222001535,555,83,472
222001536,11,101,-90
222001537,346,7,339
222001538,10,191,-181
222001563,1040,12,1028
222001564,11,62,-51
222001568,103,15,88
222001576,0,2,-2
222001579,0,1,-1
222001583,0,26,-26
222001584,234,1,233
222001596,110,208,-98
222001597,1044,88,956
222001626,0,31,-31
222001650,1,22,-21
222001651,20,137,-117
222001914,306,11,295
222001915,3,40,-37
222001968,484,76,408
222001969,84,262,-178
222001970,58,163,-105
222001971,73,1,72
222001972,4,4,0
225000001,492,73,419
225000002,498,40,458
225000003,811,50,761
225000004,426,90,336
225000005,24,15,9
225000006,0,0,0
225000007,107,366,-259
225000010,224,42,182
225000011,127,896,-769
225000012,212,595,-383
225000013,61,28,33
225000014,457,36,421
225000015,31,35,-4
225000021,384,73,311
225000027,54,45,9
225000032,455,35,420
225000042,35,87,-52
225000049,13,3,10
225000050,64,1,63
225000053,0,0,0
225000058,537,77,460
225000067,13,9,4
225000068,9,17,-8
225000069,6,39,-33
225000070,9,57,-48
225000071,1,37,-36
225000075,12,447,-435
225000076,0,0,0
225000078,30,20,10
225000085,128,34,94
225000086,307,33,274
225000087,91,5,86
225000088,3,5,-2
225000089,0,0,0
225000090,0,0,0
225000091,0,0,0
225000092,5,13,-8
225000093,31,6,25
225000094,0,10,-10
225000095,14,25,-11
225000096,6,27,-21
225000098,632,75,557
225000099,454,38,416
225000100,721,122,599
225000104,67,119,-52
225000110,3,36,-33
225000111,72,59,13
225000112,126,240,-114
225000113,52,317,-265
225000114,16,141,-125
225000115,471,298,173
225000116,147,53,94
225000117,391,264,127
225000118,562,188,374
225000119,292,39,253
225000120,411,25,386
225000121,138,18,120
225000123,551,22,529
225000125,477,166,311
225000126,486,170,316
225000127,362,1851,-1489
225000128,368,1164,-796
225000132,339,9,330
225000133,253,8,245
225000134,522,95,427
225000135,103,8,95
225000136,370,12,358
225000137,292,16,276
225000138,344,84,260
225000143,1,0,1
225000144,0,0,0
225000145,33,40,-7
225000146,0,0,0
225000147,0,0,0
225000148,0,0,0
225000149,0,0,0
225000151,0,0,0
225000155,6,20,-14
225000156,28,398,-370
225000157,164,92,72
225000158,4,13,-9
225000171,0,32,-32
225000180,10,1,9
225000181,0,1,-1
225000182,26,12,14
225000185,0,87,-87
225000187,35,40,-5
225000191,12,1,11
225000194,1,6,-5
225000208,0,3,-3
225000209,83,2,81
225000210,0,0,0
225000217,0,3,-3
225000218,18,1,17
225000223,1,160,-159
225000224,3,0,3
225000225,1,130,-129
225000226,81,3,78
225000227,2,74,-72
225000228,1,6,-5
225000229,0,5,-5
225000230,12,1,11
225000231,0,8,-8
225000232,150,0,150
225000241,62,0,62
225000242,0,24,-24
225000249,5,0,5
225000250,0,0,0
225000251,502,34,468
226000042,1,2,-1
226000043,0,4,-4
226000044,4,14,-10
226000045,3,18,-15
226000046,992,52,940
226000047,505,102,403
226000048,440,75,365
226000049,480,165,315
226000070,0,0,0
226000071,0,0,0
226000072,0,0,0
226000073,0,0,0
226000074,0,0,0
226000084,0,0,0
226000085,0,0,0
226000086,0,0,0
226000087,0,1,-1
226000088,0,1,-1
226000090,268,57,211
226000091,2,12,-10
226000092,0,13,-13
226000093,0,13,-13
226000094,2,2,0
226000095,81,28,53
226000105,1,1,0
226000106,1,0,1
226000107,5,0,5
226000108,7,0,7
226000109,126,0,126
226000124,219,104,115
226000134,1086,260,826
226000135,1942,258,1684
226000136,637,129,508
226000137,0,0,0
226000138,0,0,0
226000139,0,0,0
226000156,283,1,282
226000157,230,1,229
226000163,0,0,0
226000202,0,0,0
226000231,778,3,775
226000232,73,1,72
227000033,398,4,394
227000036,64,1,63
227000037,619,13,606
227000038,165,15,150
227000049,0,0,0
227000050,0,0,0
227000055,17,0,17
227000056,8,0,8
227000084,0,0,0
227000085,0,0,0
227000088,39,1,38
227000089,35,0,35
227000090,31,0,31
227000091,42,1,41
227000093,95,0,95
227000094,8,0,8
227000130,0,0,0
227000131,0,0,0
227000132,0,0,0
227000133,0,1,-1
227000134,0,1,-1
227000152,0,0,0
227000153,0,0,0
227000155,0,0,0
227000156,0,0,0
227000165,0,0,0
227000196,194,51,143
227000199,463,7,456
227000230,0,38,-38
227000232,548,39,509
227000241,757,8,749
227000242,0,1,-1
227000243,362,17,345
227000245,0,1,-1
227000246,0,2,-2
227000247,617,9,608
227000248,158,64,94
227000249,1,4,-3
227000250,319,234,85
227000251,12,55,-43
227000252,0,4,-4
227000253,321,77,244
227000262,688,15,673
227000266,1720,11,1709
227000267,0,60,-60
227000282,0,0,0
227000284,133,6,127
227000286,0,0,0
227000287,0,0,0
227000291,0,2,-2
227000484,48,20,28
227000485,0,1,-1
227000655,499,23,476
227000656,111,5,106
227000657,131,2,129
227000661,83,2,81
227000680,55,177,-122
229000265,58,1,57
229000296,0,6,-6
229000297,0,17,-17
229000298,0,171,-171
229000320,17,2,15
229000321,6,0,6
229000412,6,26,-20
229000414,15,18,-3
229000415,2,2,0
229000416,0,2,-2
229000417,0,3,-3
229000419,153,126,27
229000440,150,8,142
229000442,10,3,7
229000443,17,0,17
229000444,0,45,-45
229000445,35,5,30
229000446,38,9,29
229000847,98,0,98
229000848,104,0,104
229000849,219,3,216
229000851,119,0,119
229000854,0,0,0
229000856,0,0,0
229000857,0,0,0
229000858,0,0,0
229000919,0,0,0
229000930,0,0,0
229000937,89,18,71
229000966,46,23,23
229000981,0,0,0
229000985,6,0,6
229000986,0,0,0
229000987,0,0,0
229000988,0,3,-3
229000989,2,1,1
229000990,0,3,-3
229000991,0,0,0
229000992,18,0,18
229000993,122,9,113
229000998,18,20,-2
229000999,31,2,29
229001034,1,3,-2
229001035,6,1,5
229001037,23,0,23
229001042,1,1,0
229001047,1,22,-21
229001050,72,27,45
229001200,64,0,64
229001338,0,2,-2
229001394,233,19,214
229001422,141,7,134
229001423,0,0,0
229001431,13,27,-14
229001432,0,0,0
229001444,153,8,145
229001445,119,31,88
229001503,227,32,195
229001504,0,0,0
229001505,98,7,91
229001506,0,0,0
229001509,71,1,70
229001545,63,16,47
229001546,0,0,0
229001553,60,7,53
229001554,0,0,0
229001559,0,1,-1
229001560,1,21,-20
229001630,85,0,85
229001631,1,20,-19
229001635,0,1,-1
229001636,0,0,0
229001658,0,0,0
229001659,62,8,54
229001660,0,0,0
229001661,0,2,-2
229001662,65,0,65
229001663,0,0,0
229002584,92,94,-2
229002831,54,89,-35
229002841,0,33,-33
229002842,9,9,0
229002843,33,4,29
229002844,4,69,-65
229002845,1,80,-79
229002846,1,12,-11
229002847,1,1,0
229002848,9,18,-9
229002849,0,80,-80
229002850,0,0,0
229002851,17,81,-64
229002852,39,12,27
229002853,42,10,32
229002854,25,16,9
229002855,0,8,-8
229002856,46,6,40
229002857,33,14,19
229002858,51,0,51
229002859,5,2,3
229002860,31,13,18
229002861,44,18,26
229002862,21,20,1
229002863,2,20,-18
229002864,19,5,14
229002865,0,11,-11
229002866,23,7,16
229002867,1,3,-2
229002868,3,2,1
229002869,0,53,-53
229002870,32,1,31
235000066,145,32,113
235000067,41,52,-11
235000072,0,0,0
235000073,0,0,0
235000074,0,0,0
235000080,0,0,0
235000081,0,0,0
235000082,431,24,407
235000083,258,60,198
235000084,33,72,-39
235000085,196,23,173
235000089,26,38,-12
235000092,0,0,0
235000093,0,0,0
235000097,0,2,-2
235000098,38,7,31
235000099,1,21,-20
235000116,3,13,-10
235000117,507,10,497
235000133,0,0,0
235000134,0,0,0
235000206,0,0,0
235000207,0,1,-1
235000208,0,1,-1
235000209,8,1,7
235000210,13,0,13
235000212,0,0,0
235000213,0,0,0
235000220,0,0,0
235000238,3,343,-340
235000239,2,28,-26
235000242,175,1068,-893
235000245,0,0,0
235000246,0,0,0
235000284,5,69,-64
235000295,57,3,54
235000305,223,12,211
235000306,410,5,405
235000307,14,1,13
235000308,4,1,3
235000309,69,0,69
235000310,15,0,15
235000311,43,10,33
235000322,0,5,-5
235000323,1,18,-17
235000324,0,3,-3
235000325,0,7,-7
235000326,0,53,-53
235000351,0,79,-79
235000352,2,35,-33
235000353,11,26,-15
235000354,0,1,-1
235000355,7,15,-8
235000356,47,0,47
235000357,5,2,3
235000358,3,0,3
235000359,2,10,-8
235000360,23,1,22
235000361,86,2,84
235000381,0,0,0
235000382,147,36,111
235000390,1,1,0
235000391,131,2,129
235000392,203,84,119
235000393,132,127,5
235000395,82,21,61
235000396,498,40,458
235000400,55,48,7
235000401,0,0,0
235000405,0,0,0
235000406,0,0,0
235000407,0,0,0
235000409,0,0,0
235000410,0,0,0
235000411,0,0,0
235000485,0,0,0
235000486,0,1,-1
235000549,90,110,-20
235000550,0,0,0
235000599,0,0,0
235000600,0,0,0
235000601,38,20,18
235000602,49,42,7
235000614,0,0,0
235000648,0,0,0
235000649,8,1,7
235000685,0,0,0
235000815,11,4,7
235000834,0,12,-12
235000855,16,29,-13
235000862,0,0,0
235000891,0,0,0
235000892,19,1,18
235000901,0,0,0
235000907,0,0,0
235001010,45,34,11
235001029,0,0,0
235001030,173,26,147
235001078,163,60,103
235001079,0,0,0
235001147,18,69,-51
235001166,3,31,-28
235001167,0,0,0
235001169,4,68,-64
235001188,0,0,0
235001189,0,3,-3
235001197,0,0,0
235001200,0,0,0
235001207,484,37,447
235001210,0,0,0
235001215,0,0,0
235001239,0,0,0
235001244,0,1,-1
235016267,0,15,-15
277102712,2,0,2
277103813,0,0,0
277103814,1,0,1
277104249,0,0,0
277104250,0,4,-4
277104251,0,5,-5
277104252,0,1,-1
990011530,0,56,-56
990014944,0,72,-72
990015176,6,12,-6
990016032,1,52,-51
990032570,4,24,-20
990070001,68,1,67
990070103,0,1,-1
990070601,0,10,-10
990070751,1326,3,1323
990070766,0,64,-64
990071180,295,20,275
990071343,7,0,7
990071387,0,0,0
990071823,8,1,7
990072600,1,461,-460
990072964,0,43,-43
990073285,0,0,0
990074393,0,165,-165
990074870,1121,16,1105
990075106,190,7,183
990075746,609,28,581
990076437,2992,5,2987
990076458,0,286,-286
997000007,106,3,103
997000041,0,149,-149
997000058,68,0,68
997000062,22,0,22
997000069,0,0,0
997000070,0,11,-11
997000100,36,0,36
997000141,0,0,0
997000198,0,0,0
998000475,0,0,0
998000736,0,32,-32
998000965,0,27,-27
998001031,1,23,-22
998001700,0,22,-22
998001899,0,0,0
998001900,82,67,15
998003073,1535,123,1412
998101900,0,0,0
998102850,0,66,-66
998501927,203,80,123
998501929,48,2,46
998501930,60,0,60
998501931,127,6,121
998501932,9,1,8
998501933,15,0,15
998501937,37,29,8
998501944,4,0,4
998501950,1,7,-6
998501970,46,1,45
998501971,0,19,-19
998501973,0,6,-6
998501974,2,114,-112
998501975,98,1,97
998501976,84,0,84
998501977,0,20,-20
998501978,1,0,1
998501979,0,0,0
998501980,66,0,66
998501981,37,7,30
998501982,0,33,-33
998501983,0,0,0
998502006,0,0,0
998502024,0,3,-3
998502032,0,0,0
998502062,9,2,7
998502063,0,0,0
998502173,18,0,18
998502269,0,0,0
998502546,0,77,-77
998502578,0,0,0
998502599,12,268,-256
998502621,0,0,0
998601159,0,19,-19
998601292,0,5,-5
999033574,3,534,-531
999800001,13,1,12
999800002,0,1,-1
999800003,0,4,-4
999800004,0,4,-4
999800005,0,0,0
