ID,insum,outsum,diff
100000001,554,314,240
100000002,810,345,465
100000003,6337,1341,4996
100000004,1616,400,1216
100000005,1530,1599,-69
100000006,122,80,42
100000007,345,231,114
100000008,80,410,-330
100000009,101,90,11
100000010,8,30,-22
100000011,255,46,209
100000012,50,568,-518
100000013,14,131,-117
100000014,143,290,-147
100000015,630,476,154
100000016,709,933,-224
100000017,351,852,-501
100000018,895,372,523
100000019,4170,1164,3006
100000020,1261,1284,-23
100000021,5493,1177,4316
100000022,757,377,380
100000023,4860,525,4335
100000025,1796,220,1576
100000028,1065,487,578
100000029,204,110,94
100000030,475,13,462
100000031,2876,2071,805
100000032,2290,1587,703
100000033,373,1193,-820
100000034,773,192,581
100000035,1131,509,622
100000036,1785,617,1168
100000037,203,308,-105
100000038,507,532,-25
100000039,311,103,208
100000040,45,65,-20
100000041,163,237,-74
100000042,273,219,54
100000043,310,170,140
100000044,320,588,-268
100000045,406,1000,-594
100000046,271,1046,-775
100000047,157,675,-518
100000048,253,616,-363
100000049,1165,2186,-1021
100000051,224,1065,-841
100000053,7,1,6
100000054,52,8,44
100000055,275,266,9
100000056,123,352,-229
100000057,958,503,455
100000058,419,1220,-801
100000059,0,64,-64
100000060,197,184,13
100000061,921,299,622
100000062,713,289,424
100000063,250,189,61
100000064,352,281,71
100000065,262,895,-633
100000066,139,841,-702
100000067,263,715,-452
100000068,264,1202,-938
100000069,162,1360,-1198
100000072,349,1081,-732
100000073,700,964,-264
100000075,359,275,84
100000076,1185,1036,149
100000077,521,30,491
100000078,85,22,63
100000079,61,18,43
100000080,13,4,9
100000081,16,24,-8
100000102,1235,691,544
100000103,2346,426,1920
100000104,3091,623,2468
100000105,2929,286,2643
100000106,1274,581,693
100000107,266,129,137
100000108,624,1036,-412
100000109,2327,844,1483
100000116,740,263,477
100000117,17,15,2
100000118,783,366,417
100000119,404,302,102
100000121,102,538,-436
100000122,528,491,37
100000123,3282,3009,273
100000124,7166,3350,3816
100000125,2838,547,2291
100000126,551,164,387
100000127,1398,285,1113
100000128,629,628,1
100000129,392,260,132
100000130,233,457,-224
100000131,3873,1847,2026
100000132,2155,850,1305
100000133,8454,2223,6231
100000135,219,370,-151
100000139,128,275,-147
100000140,142,277,-135
100000142,188,480,-292
100000143,1371,881,490
100000144,3243,949,2294
100000147,585,1331,-746
100000150,14,332,-318
100000151,352,261,91
100000153,258,167,91
100000154,40,35,5
100000155,4,27,-23
100000156,22,57,-35
100000157,91,113,-22
100000158,61,78,-17
100000159,245,266,-21
100000165,860,595,265
100000169,371,191,180
100000174,1135,208,927
100000179,54,481,-427
100000180,378,691,-313
100000181,49,196,-147
100000188,43,255,-212
100000189,264,181,83
100000190,260,153,107
100000191,268,270,-2
100000192,50,54,-4
100000193,115,108,7
100000330,1560,280,1280
100000355,302,418,-116
100000362,3527,2578,949
100000363,1322,2324,-1002
100000364,297,151,146
100000365,2381,3608,-1227
100000366,3321,1842,1479
100000367,1459,2229,-770
100000368,1342,1384,-42
100000369,426,750,-324
100000370,45,197,-152
100000376,54,64,-10
100000379,1372,694,678
100000380,2068,1020,1048
100000384,3539,1259,2280
100000385,3758,1782,1976
100000386,6440,1419,5021
100000387,5770,1721,4049
100000388,11498,1675,9823
100000389,9699,1999,7700
100000390,10568,1443,9125
100000391,6431,1933,4498
100000392,2467,620,1847
100000393,885,674,211
100000394,4504,1436,3068
100000395,2062,522,1540
100000396,3145,894,2251
100000397,1399,700,699
100000398,9114,5664,3450
100000413,12,4,8
100900002,0,54,-54
100900003,85,68,17
100900004,10,593,-583
100900005,36,5,31
100900006,3,136,-133
100900007,62,1,61
100900008,2,405,-403
100900009,8,16,-8
100900010,10,106,-96
100900011,10,255,-245
100900012,3,238,-235
100900013,155,7,148
100900014,1,3,-2
100900015,96,55,41
100900016,0,40,-40
100900017,181,25,156
100900018,2,2,0
100900019,5,14,-9
100900020,60,0,60
100900021,521,0,521
100900022,1,6,-5
100900023,0,4,-4
100900024,344,0,344
100900025,8,5,3
100900026,16,104,-88
100900027,383,991,-608
100900028,36,58,-22
100900029,59,11,48
100900030,1,10,-9
100900031,106,34,72
100900032,35,0,35
100900033,155,51,104
100900034,165,0,165
100900035,178,1,177
100900036,12,0,12
100900037,18,248,-230
100900038,16,6,10
100900039,250,549,-299
100900040,132,724,-592
100900041,131,789,-658
100900042,154,183,-29
100900043,0,0,0
100900044,2049,121,1928
100900045,7,0,7
100900046,336,2,334
100900047,588,41,547
100900048,18,3,15
100900049,19,198,-179
100900050,0,14,-14
100900051,20,9,11
100900052,54,31,23
100900053,69,15,54
100900054,2,85,-83
100900055,78,133,-55
100900056,15,47,-32
100900057,207,112,95
100900058,80,29,51
100900059,8,0,8
100900060,16,9,7
100900061,228,145,83
100900062,0,42,-42
100900063,82,193,-111
100900064,248,5,243
100900065,39,24,15
100900066,17,27,-10
100900067,2,6,-4
100900068,8,76,-68
100900069,104,0,104
100900070,49,5,44
100900071,416,138,278
100900072,1,49,-48
100900073,24,433,-409
100900074,0,5,-5
100900075,1761,182,1579
100900076,4,12,-8
100900077,2,102,-100
100900078,51,44,7
100900079,0,37,-37
100900080,4,106,-102
100900081,25,17,8
100900082,19,697,-678
100900083,0,29,-29
100900085,3,38,-35
100900086,38,156,-118
100900088,23,562,-539
100900089,0,18,-18
100900090,69,270,-201
100900091,0,14,-14
100900092,57,41,16
100900093,25,96,-71
100900094,37,577,-540
100900095,0,13,-13
100900096,6,57,-51
100900097,1,0,1
100900098,3,76,-73
100900099,23,335,-312
100900100,7,132,-125
100900101,229,10,219
100900102,0,23,-23
100900103,1,46,-45
100900104,9,71,-62
100900105,4,38,-34
100900106,36,3,33
100900107,1092,278,814
100900108,0,1,-1
100900109,0,50,-50
100900110,0,14,-14
100900111,46,81,-35
100900112,0,0,0
100900113,1,13,-12
100900114,0,14,-14
100900115,0,12,-12
100900116,473,180,293
100900117,128,206,-78
100900118,1,24,-23
100900119,0,19,-19
100900120,0,8,-8
100900121,146,138,8
100900122,96,125,-29
100900123,10,56,-46
100900124,9,3,6
100900125,1,40,-39
100900126,26,92,-66
100900127,0,1,-1
100900128,33,73,-40
100900129,0,45,-45
100900131,17,68,-51
100900133,12,33,-21
100900134,1,0,1
100900135,0,60,-60
100900137,224,73,151
100900138,254,102,152
100900139,0,11,-11
100900140,6,781,-775
100900141,0,177,-177
100900142,0,0,0
100900143,756,160,596
100900144,17,3,14
100900145,7,66,-59
100900146,12,9,3
100900147,1,107,-106
100900148,32,776,-744
100900149,4,14,-10
100900150,0,6,-6
100900151,43,376,-333
100900152,73,1,72
100900153,4,76,-72
100900154,0,6,-6
100900155,1,6,-5
100900156,9,3,6
100900157,1,57,-56
100900159,0,14,-14
100900160,0,5,-5
100900161,87,0,87
100900162,4,121,-117
100900163,126,173,-47
100900164,9,38,-29
100900165,18,53,-35
100900166,9,3,6
100900167,12,85,-73
100900168,2,81,-79
100900169,90,959,-869
100900170,4,2,2
100900171,12,751,-739
100900172,0,5,-5
100900173,2,536,-534
100900174,29,17,12
100900176,774,20,754
100900177,699,98,601
100900178,104,107,-3
100900179,31,17,14
100900180,1,1,0
100900181,50,14,36
100900182,11,9,2
100900184,1,82,-81
100900186,789,385,404
100900187,1,178,-177
100900188,11,1,10
100900189,451,76,375
100900191,778,349,429
100900192,163,90,73
100900195,40,109,-69
100900197,0,40,-40
100900198,11,138,-127
100900199,6,4,2
100900200,438,234,204
100900201,7,624,-617
100900202,3,0,3
100900203,0,31,-31
100900204,97,79,18
100900205,52,141,-89
100900206,8,25,-17
100900207,83,35,48
100900210,45,568,-523
100900211,148,22,126
100900213,20,2,18
100900214,640,41,599
100900215,5,22,-17
100900217,82,13,69
101000001,3471,1696,1775
101000002,2422,1823,599
101000003,531,786,-255
101000004,7356,3689,3667
101000005,3998,2951,1047
101000006,5847,3816,2031
101000007,1526,1959,-433
101000008,2169,1479,690
101000009,818,1833,-1015
101000010,484,1143,-659
101000011,1638,423,1215
101000012,1345,261,1084
101000013,340,515,-175
101000014,332,349,-17
101000015,597,670,-73
101000016,186,211,-25
101000017,297,294,3
101000018,2474,1804,670
101000020,3236,592,2644
101000021,556,132,424
101000022,284,36,248
101000023,1177,490,687
101000025,66,149,-83
101000026,305,25,280
101000027,824,893,-69
101000028,433,89,344
101000029,11,470,-459
101000030,342,40,302
101000031,116,80,36
101000032,2796,1216,1580
101000033,1677,1103,574
101000034,1810,587,1223
101000035,879,128,751
101000036,874,179,695
101000037,3299,645,2654
101000039,2483,469,2014
101000040,3125,1418,1707
101000041,4912,1491,3421
101000042,329,258,71
101000043,3395,1128,2267
101000045,567,174,393
101000046,1254,484,770
101000047,621,681,-60
101000048,348,504,-156
101000049,381,381,0
101000050,1002,226,776
101000051,1383,546,837
101000052,1153,246,907
101000053,594,810,-216
101000054,1046,903,143
101000055,987,474,513
101000056,45,20,25
101000057,1880,328,1552
101000058,1413,382,1031
101000059,2448,930,1518
101000060,1729,115,1614
101000061,1219,406,813
101000062,1563,170,1393
101000063,400,135,265
101000064,828,165,663
101000065,125,170,-45
101000066,155,100,55
101000067,478,198,280
101000068,202,109,93
101000069,247,25,222
101000070,1440,329,1111
101000071,1149,470,679
101000072,765,1763,-998
101000073,487,237,250
101000074,2934,1350,1584
101000075,4693,1854,2839
101000077,849,696,153
101000078,670,1068,-398
101000079,296,870,-574
101000080,491,475,16
101000081,688,713,-25
101000082,2357,1827,530
101000083,1100,914,186
101000084,777,1028,-251
101000085,1089,720,369
101000086,1042,850,192
101000087,702,1112,-410
101000088,556,555,1
101000089,571,747,-176
101000090,1991,1154,837
101000091,240,1202,-962
101000092,604,803,-199
101000093,974,528,446
101000094,344,781,-437
101000095,136,580,-444
101000096,209,436,-227
101000097,154,204,-50
101000098,272,365,-93
101000099,964,865,99
101000100,602,371,231
101000101,187,212,-25
101000102,554,162,392
101000103,606,272,334
101000104,115,156,-41
101000105,817,95,722
101000106,434,266,168
101000107,106,220,-114
101000108,1167,243,924
101000109,63,43,20
101000110,14,614,-600
101000111,71,116,-45
101000113,79,248,-169
101000114,1370,899,471
101000115,44,75,-31
101000116,15,58,-43
101000117,90,199,-109
101000119,122,9,113
101000120,176,8,168
101000121,58,5,53
101000122,60,10,50
101000123,31,22,9
101000124,267,241,26
101000125,97,268,-171
101000128,474,230,244
101000130,271,169,102
101000131,314,559,-245
101000132,186,1308,-1122
101000135,59,5,54
101000136,113,47,66
101000137,33,150,-117
101000141,1842,733,1109
101000147,932,504,428
101000148,2083,18,2065
101000149,46,13,33
101000150,30,1088,-1058
101000151,33,70,-37
101000152,288,190,98
101000153,571,303,268
101000154,75,1434,-1359
101000155,71,89,-18
101000156,11,185,-174
101000157,70,13,57
101000160,32,36,-4
101000163,117,35,82
101000164,374,204,170
101000165,181,187,-6
101000166,141,200,-59
101000168,383,193,190
101000252,541,492,49
101000254,196,19,177
101000258,46,9,37
101000261,160,129,31
101000262,347,635,-288
101000263,94,360,-266
101000265,39,340,-301
101000266,170,133,37
101000269,91,8,83
101000290,1134,817,317
101000293,4,69,-65
101000294,356,414,-58
101000295,118,319,-201
101000301,730,84,646
101000304,1291,1860,-569
101000305,1592,1230,362
101000328,35,268,-233
101900001,19,75,-56
101900002,0,16,-16
101900003,47,65,-18
101900004,1,33,-32
101900005,4216,521,3695
101900006,533,11,522
101900007,284,26,258
101900008,75,75,0
101900009,34,131,-97
101900010,751,253,498
101900011,165,394,-229
101900012,68,89,-21
101900013,859,62,797
101900017,16,42,-26
101900018,1441,54,1387
101900019,61,44,17
101900020,48,65,-17
101900021,1,29,-28
101900022,20,1228,-1208
101900023,16,230,-214
101900026,54,19,35
101900027,5,89,-84
102000001,1298,2552,-1254
102000002,2083,950,1133
102000003,2492,2479,13
102000004,6134,1424,4710
102000005,1203,1521,-318
102000006,1467,724,743
102000007,1072,2744,-1672
102000008,5221,1099,4122
102000009,4283,4960,-677
102000010,5381,2243,3138
102000011,1619,1642,-23
102000012,2440,2301,139
102000018,2626,1408,1218
102000019,2126,681,1445
102000026,166,238,-72
102000029,404,106,298
102000030,66,116,-50
102000031,19,193,-174
102000032,163,239,-76
102000033,90,374,-284
102000034,323,242,81
102000035,701,338,363
102000036,5,133,-128
102000037,112,51,61
102000038,54,39,15
102000039,59,34,25
102000040,353,40,313
102000041,58,121,-63
102000042,40,45,-5
102000043,71,112,-41
102000044,195,384,-189
102000045,495,747,-252
102000046,564,298,266
102000047,434,750,-316
102000048,86,514,-428
102000049,359,346,13
102000050,586,796,-210
102000051,184,303,-119
102000052,650,630,20
102000053,253,538,-285
102000054,184,515,-331
102000055,373,831,-458
102000056,284,835,-551
102000057,662,315,347
102000058,659,1437,-778
102000059,612,980,-368
102000060,563,586,-23
102000061,912,2615,-1703
102000062,511,999,-488
102000063,779,1059,-280
102000064,477,540,-63
102000065,27,93,-66
102000066,736,850,-114
102000067,1710,1635,75
102000068,6586,2114,4472
102000069,31,1325,-1294
102000070,2211,39,2172
102000071,5090,6967,-1877
102000072,2663,3737,-1074
102000073,372,848,-476
102000074,267,631,-364
102000075,125,275,-150
102000076,161,323,-162
102000077,189,1239,-1050
102000078,323,842,-519
102000079,70,226,-156
102000080,95,142,-47
102000081,140,656,-516
102000082,401,150,251
102000083,121,529,-408
102000084,73,422,-349
102000085,1185,1025,160
102000086,746,994,-248
102000087,380,1850,-1470
102000088,142,184,-42
102000089,471,528,-57
102000090,292,876,-584
102000091,838,362,476
102000092,353,656,-303
102000093,463,497,-34
102000094,669,319,350
102000095,489,542,-53
102000096,754,366,388
102000097,708,588,120
102000098,307,534,-227
102000099,414,307,107
102000100,432,340,92
102000101,588,196,392
102000102,276,1000,-724
102000103,836,162,674
102000104,770,252,518
102000105,78,671,-593
102000106,292,803,-511
102000107,389,400,-11
102000108,285,184,101
102000109,146,487,-341
102000110,257,1244,-987
102000111,8,205,-197
102000112,117,65,52
102000113,5,25,-20
102000114,617,170,447
102000115,192,118,74
102000116,180,144,36
102000117,151,332,-181
102000118,1339,714,625
102000119,2102,283,1819
102000120,69,346,-277
102000121,496,293,203
102000122,174,637,-463
102000123,985,556,429
102000124,710,673,37
102000125,692,452,240
102000126,407,471,-64
102000127,726,562,164
102000128,360,800,-440
102000129,443,827,-384
102000130,290,501,-211
102000131,423,463,-40
102000132,159,342,-183
102000133,736,2505,-1769
102000134,285,544,-259
102000135,921,394,527
102000136,792,239,553
102000137,546,501,45
102000138,196,265,-69
102000139,47,287,-240
102000140,217,150,67
102000141,103,446,-343
102000142,127,258,-131
102000143,32,445,-413
102000144,36,364,-328
102000145,142,309,-167
102000146,135,215,-80
102000147,181,167,14
102000148,122,172,-50
102000149,72,583,-511
102000150,129,148,-19
102000151,62,343,-281
102000152,72,79,-7
102000153,519,165,354
102000154,232,404,-172
102000155,48,149,-101
102000156,262,25,237
102000157,38,98,-60
102000158,238,116,122
102000159,1236,98,1138
102000161,3219,767,2452
102000162,151,68,83
102000163,60,216,-156
102000164,734,328,406
102000165,189,85,104
102000166,12,68,-56
102000167,127,116,11
102000168,137,73,64
102000169,60,242,-182
102000170,542,81,461
102000171,64,44,20
102000172,11,128,-117
102000173,206,178,28
102000174,24,28,-4
102000175,68,195,-127
102000176,18,43,-25
102000178,142,463,-321
102000179,136,185,-49
102000180,207,426,-219
102000181,157,691,-534
102000182,236,611,-375
102000183,564,1559,-995
102000184,611,727,-116
102000185,779,1537,-758
102000186,381,1544,-1163
102000187,240,1489,-1249
102000188,275,1245,-970
102000189,2122,681,1441
102000190,354,1075,-721
102000191,969,375,594
102000192,448,714,-266
102000193,13,159,-146
102000194,30,143,-113
102000195,140,445,-305
102000196,43,530,-487
102000197,122,452,-330
102000198,45,916,-871
102000199,157,303,-146
102000200,140,1010,-870
102000201,225,418,-193
102000202,0,116,-116
102000203,101,291,-190
102000204,155,935,-780
102000205,359,838,-479
102000206,261,571,-310
102000207,290,412,-122
102000208,119,466,-347
102000209,25,45,-20
102000210,86,474,-388
102000211,171,353,-182
102000212,35,12,23
102000213,3,308,-305
102000214,56,18,38
102000215,2,489,-487
102000216,18,7,11
102000217,2,173,-171
102000218,50,21,29
102000219,217,281,-64
102000225,759,616,143
102000226,2044,127,1917
102000227,21,1,20
102000228,3,91,-88
102000229,27,3,24
102000230,232,594,-362
102000231,148,301,-153
102000232,8,123,-115
102000233,260,388,-128
102000234,44,1027,-983
102000236,296,57,239
102000237,280,111,169
102000238,116,183,-67
102000240,663,448,215
102000241,191,66,125
102000243,8,26,-18
102000245,15,99,-84
102000246,31,32,-1
102000247,1142,756,386
102000248,502,450,52
102000249,61,153,-92
102000250,29,385,-356
102000254,32,532,-500
102000266,30,109,-79
102000271,20,12,8
102000286,257,236,21
102000297,1029,527,502
102000299,0,0,0
102000301,0,2,-2
102000303,0,0,0
102000305,0,0,0
102000307,0,8,-8
102900001,766,662,104
102900002,202,40,162
102900003,7,277,-270
102900005,158,245,-87
102900006,219,126,93
102900007,279,38,241
102900008,100,31,69
102900009,260,47,213
102900010,324,245,79
102900011,1840,167,1673
102900012,284,59,225
102900013,1,46,-45
102900015,424,95,329
102900016,20,85,-65
102900017,27,474,-447
102900018,13,83,-70
102900019,99,308,-209
102900020,22,38,-16
102900021,2,72,-70
102900022,241,44,197
102900023,10,25,-15
102900024,11,34,-23
102900025,148,76,72
102900026,325,824,-499
102900027,29,43,-14
102900028,62,269,-207
102900029,51,61,-10
102900030,156,82,74
102900031,93,149,-56
102900032,30,142,-112
102900033,14,117,-103
102900034,92,116,-24
102900035,28,398,-370
102900036,83,552,-469
102900037,73,526,-453
102900038,260,418,-158
102900039,6,203,-197
102900040,49,160,-111
102900041,26,133,-107
102900042,72,274,-202
102900043,76,196,-120
102900044,198,1508,-1310
102900045,37,369,-332
102900046,44,270,-226
102900047,38,646,-608
102900048,260,611,-351
102900049,27,280,-253
102900050,205,256,-51
102900051,98,113,-15
102900053,159,549,-390
102900054,521,289,232
102900055,20,29,-9
102900056,64,345,-281
102900057,0,5,-5
102900058,163,26,137
102900059,4,25,-21
102900060,37,289,-252
102900061,47,363,-316
102900062,31,1254,-1223
102900063,333,317,16
102900064,111,167,-56
102900065,1242,495,747
102900066,170,21,149
102900068,28,56,-28
102900070,70,705,-635
102900072,10,13,-3
102900073,87,2,85
102900075,3,6,-3
102900076,128,15,113
102900077,18,13,5
102900078,7,55,-48
102900079,75,7,68
102900080,125,17,108
102900081,52,164,-112
102900082,4,214,-210
102900083,200,5,195
102900084,1,10,-9
102900085,41,45,-4
102900086,0,22,-22
102900087,22,110,-88
102900088,5,22,-17
102900089,137,94,43
102900090,2,343,-341
102900091,23,0,23
102900092,82,725,-643
102900094,1,28,-27
102900095,52,2,50
102900096,15,11,4
102900097,29,147,-118
103000001,1566,2152,-586
103000002,1175,1421,-246
103000003,2197,1910,287
103000004,773,375,398
103000005,1400,1530,-130
103000006,442,977,-535
103000007,351,655,-304
103000008,608,912,-304
103000009,444,548,-104
103000010,115,93,22
103000011,1411,598,813
103000012,623,818,-195
103000013,5498,1438,4060
103000014,953,851,102
103000015,1920,728,1192
103000016,407,519,-112
103000017,121,186,-65
103000018,795,309,486
103000019,101,102,-1
103000020,1150,1143,7
103000021,743,836,-93
103000022,712,993,-281
103000023,358,811,-453
103000024,71,129,-58
103000025,40,161,-121
103000026,1669,94,1575
103000027,202,222,-20
103000028,678,224,454
103000029,440,100,340
103000030,1704,466,1238
103000031,1186,847,339
103000032,1864,1536,328
103000033,2295,1896,399
103000034,1318,543,775
103000035,339,585,-246
103000036,339,296,43
103000037,714,287,427
103000038,470,603,-133
103000039,113,399,-286
103000040,154,1016,-862
103000041,1049,2755,-1706
103000042,441,585,-144
103000043,219,1181,-962
103000044,83,225,-142
103000046,122,259,-137
103000047,230,577,-347
103000048,67,86,-19
103000049,50,164,-114
103000050,370,424,-54
103000051,185,406,-221
103000052,650,419,231
103000053,121,305,-184
103000054,1027,800,227
103000055,872,1177,-305
103000056,440,2149,-1709
103000057,397,235,162
103000058,188,758,-570
103000059,191,713,-522
103000060,596,707,-111
103000061,444,625,-181
103000062,576,689,-113
103000063,413,693,-280
103000064,118,234,-116
103000065,1,250,-249
103000066,50,5,45
103000069,56,334,-278
103000070,373,972,-599
103000071,415,259,156
103000072,49,882,-833
103000073,190,75,115
103000074,243,35,208
103000075,77,717,-640
103000076,111,94,17
103000077,39,236,-197
103000078,1004,152,852
103000079,1175,281,894
103000080,802,86,716
103000081,269,412,-143
103000082,213,82,131
103000083,40,349,-309
103000084,113,1,112
103000085,2,91,-89
103000086,438,182,256
103000087,68,244,-176
103000088,207,246,-39
103000089,94,274,-180
103000090,915,765,150
103000091,365,294,71
103000092,182,246,-64
103000093,202,465,-263
103000094,82,66,16
103000095,11,327,-316
103000096,455,69,386
103000097,30,587,-557
103000098,771,67,704
103000099,236,474,-238
103000100,44,700,-656
103000101,245,121,124
103000102,75,537,-462
103000103,245,187,58
103000104,15,121,-106
103000105,43,114,-71
103000106,6,83,-77
103000107,256,43,213
103000108,334,468,-134
103000109,229,271,-42
103000110,315,263,52
103000111,332,279,53
103000112,170,188,-18
103000113,293,490,-197
103000114,570,242,328
103000115,238,380,-142
103000116,217,413,-196
103000117,110,413,-303
103000118,856,933,-77
103000119,1582,586,996
103000120,34,68,-34
103000121,198,451,-253
103000122,188,123,65
103000125,1,503,-502
103000126,157,5,152
103000127,1,276,-275
103000128,37,2,35
103000129,0,158,-158
103000130,15,6,9
103000131,196,56,140
103000132,97,49,48
103000133,6,180,-174
103000134,544,306,238
103000135,588,132,456
103000136,468,224,244
103000137,424,398,26
103000138,660,386,274
103000139,0,32,-32
103000140,86,19,67
103000141,22,88,-66
103000142,122,44,78
103000143,20,175,-155
103000144,152,45,107
103000145,14,16,-2
103000150,25,39,-14
103000152,162,202,-40
103000153,72,140,-68
103000156,3,453,-450
103000157,127,0,127
103000159,87,95,-8
103000162,30,12,18
103000163,2,11,-9
103000164,13,7,6
103000165,147,401,-254
103000166,65,96,-31
103000167,113,100,13
103000168,59,120,-61
103000169,77,187,-110
103000170,401,472,-71
103000171,20,36,-16
103000172,137,266,-129
103000173,110,709,-599
103000174,104,237,-133
103000175,115,445,-330
103000176,521,144,377
103000177,577,326,251
103000178,339,223,116
103000179,44,19,25
103000183,22,27,-5
103000185,28,61,-33
103000186,39,145,-106
103000187,110,674,-564
103000188,5,59,-54
103000189,444,826,-382
103000191,469,466,3
103000292,2235,363,1872
103000293,1178,600,578
103000295,76,56,20
103000296,69,3,66
103000297,24,8,16
103000504,67,12,55
103000505,6,6,0
103000506,0,164,-164
103000507,58,0,58
103000508,48,15,33
103000509,131,403,-272
103900001,3,295,-292
103900002,1528,148,1380
103900003,1360,74,1286
103900004,12,0,12
103900005,0,202,-202
103900006,1,0,1
103900007,4,0,4
103900008,2,0,2
103900009,69,196,-127
103900010,123,213,-90
103900011,39,248,-209
103900012,2,10,-8
103900013,12,78,-66
103900014,11,13,-2
103900015,28,16,12
103900016,145,321,-176
103900017,9,55,-46
103900018,712,120,592
103900019,45,114,-69
103900020,92,162,-70
103900021,732,30,702
103900022,425,580,-155
103900023,34,0,34
103900024,57,525,-468
103900025,0,29,-29
103900026,0,0,0
103900027,180,141,39
103900028,4,158,-154
103900029,462,92,370
103900030,63,8,55
103900031,7,2,5
103900032,14,13,1
103900033,30,1,29
103900034,8,187,-179
103900035,18,38,-20
103900036,49,8,41
103900037,14,43,-29
103900038,57,36,21
103900039,10,467,-457
103900040,10,170,-160
103900041,8,15,-7
103900042,8,464,-456
103900043,22,92,-70
103900044,145,55,90
103900045,93,144,-51
103900047,13,23,-10
103900048,25,2,23
103900049,139,848,-709
103900050,0,59,-59
103900051,0,24,-24
103900052,83,622,-539
103900053,45,980,-935
103900054,20,566,-546
103900055,124,123,1
103900056,4,29,-25
103900057,1,244,-243
103900058,33,713,-680
103900059,0,3,-3
103900060,6,139,-133
103900061,40,52,-12
103900062,32,24,8
103900063,2,0,2
103900064,16,0,16
103900065,622,161,461
103900066,19,3,16
103900067,8,3,5
103900068,2,0,2
103900069,8,0,8
103900070,61,177,-116
103900071,29,112,-83
103900072,2,313,-311
103900073,4,5,-1
103900074,9,106,-97
103900075,90,77,13
103900076,120,627,-507
103900077,34,33,1
103900078,39,128,-89
103900079,36,177,-141
103900080,7,31,-24
103900081,41,5,36
103900082,3,70,-67
103900083,1668,168,1500
103900084,7,51,-44
103900085,63,108,-45
103900086,134,152,-18
103900088,453,120,333
103900089,94,171,-77
103900090,0,139,-139
103900091,712,168,544
103900092,127,496,-369
103900093,70,369,-299
103900094,4,151,-147
103900095,75,137,-62
103900096,10,335,-325
103900097,2,567,-565
103900098,90,37,53
103900099,8,208,-200
103900100,60,306,-246
103900101,48,654,-606
103900102,0,19,-19
103900104,2,26,-24
103900105,67,161,-94
103900106,0,17,-17
103900107,18,117,-99
103900108,20,442,-422
103900109,17,57,-40
103900110,83,27,56
103900111,14,635,-621
103900112,8,31,-23
103900113,115,126,-11
103900114,457,345,112
103900115,133,46,87
103900116,5709,546,5163
103900117,206,80,126
103900119,18,13,5
103900120,36,65,-29
103900122,19,314,-295
103900123,1058,337,721
103900124,26,579,-553
103900125,41,66,-25
103900126,148,429,-281
103900127,88,697,-609
103900128,11,234,-223
103900131,5,109,-104
103900133,438,3,435
103900134,0,2,-2
103900135,16,5,11
103900137,3,46,-43
103900138,11,332,-321
103900139,211,603,-392
103900140,1,10,-9
103900141,124,63,61
103900142,31,129,-98
103900143,16,4,12
103900144,1,59,-58
103900145,82,237,-155
103900146,158,262,-104
103900147,151,84,67
103900148,74,151,-77
103900149,61,667,-606
103900150,5824,920,4904
103900151,17,115,-98
103900152,100,553,-453
103900153,1,1,0
103900154,1036,500,536
103900155,7,190,-183
103900156,8,99,-91
103900157,19,134,-115
103900158,5,153,-148
103900159,23,46,-23
103900160,12,7,5
103900161,28,118,-90
103900162,72,185,-113
103900163,5,286,-281
103900167,2,43,-41
103900168,17,101,-84
103900169,7,22,-15
103900170,0,67,-67
103900171,6,94,-88
103900172,2,31,-29
103900173,4,2,2
103900174,25,35,-10
103900175,41,20,21
103900176,1,6,-5
103900177,4,27,-23
103900178,9,38,-29
103900179,14,129,-115
103900180,4,88,-84
103900181,33,16,17
103900182,28,2,26
103900184,343,18,325
103900185,125,59,66
103900187,26,17,9
103900188,25,6,19
103900189,17,4,13
103900190,13,35,-22
103900191,16,24,-8
103900192,12,42,-30
103900193,85,67,18
103900194,12,214,-202
103900195,1,11,-10
103900196,4,12,-8
103900197,1,24,-23
103900198,3,35,-32
103900199,39,50,-11
103900200,94,185,-91
103900201,39,187,-148
103900202,6,40,-34
103900203,4,16,-12
103900204,0,121,-121
103900207,1,162,-161
103900208,11,1,10
103900209,12,97,-85
103900210,3,40,-37
103900211,137,570,-433
103900212,19,443,-424
103900213,40,197,-157
103900214,165,59,106
103900215,657,219,438
103900216,3,395,-392
103900217,165,20,145
103900218,0,199,-199
103900219,31,200,-169
103900233,30,2,28
103900235,17,10,7
103900236,13,1,12
103900242,0,3,-3
103900243,4,4,0
103900244,16,235,-219
103900245,21,176,-155
103900246,43,22,21
103900247,14,95,-81
103900248,0,15,-15
103900249,0,16,-16
103900250,13,6,7
103900251,0,21,-21
103900253,7,15,-8
103900254,4,8,-4
103900255,17,7,10
103900256,4,15,-11
103900257,78,51,27
103900258,15,0,15
103900259,35,1,34
103900261,2,5,-3
103900262,14,1,13
103900263,10,20,-10
103900264,31,3,28
103900265,37,0,37
103900266,2,31,-29
103900267,3,32,-29
103900268,2,100,-98
103900269,53,31,22
103900270,3,161,-158
103900271,16,171,-155
103900272,3,24,-21
103900273,0,16,-16
103900274,0,3,-3
103900275,1,1,0
103900276,1,6,-5
103900277,0,19,-19
103900278,2,4,-2
103900279,0,1,-1
103900280,0,36,-36
104000001,1388,1821,-433
104000002,1053,2017,-964
104000003,1523,1692,-169
104000004,2801,1828,973
104000005,631,1416,-785
104000006,1863,2201,-338
104000007,2646,2647,-1
104000008,192,544,-352
104000009,61,119,-58
104000010,59,169,-110
104000011,547,451,96
104000012,75,411,-336
104000013,54,115,-61
104000014,141,596,-455
104000015,106,137,-31
104000016,256,373,-117
104000018,309,122,187
104000019,185,74,111
104000020,148,840,-692
104000021,198,730,-532
104000022,68,303,-235
104000023,322,233,89
104000024,125,346,-221
104000026,27,232,-205
104000027,150,405,-255
104000028,180,264,-84
104000029,289,549,-260
104000030,77,261,-184
104000031,305,148,157
104000032,148,372,-224
104000033,307,246,61
104000034,222,405,-183
104000035,316,407,-91
104000036,256,554,-298
104000037,151,297,-146
104000038,143,215,-72
104000039,104,490,-386
104000040,370,491,-121
104000041,328,248,80
104000042,174,457,-283
104000043,204,374,-170
104000044,182,793,-611
104000045,539,1208,-669
104000046,1156,1338,-182
104000047,390,1339,-949
104000048,953,2021,-1068
104000049,225,344,-119
104000050,132,500,-368
104000051,61,578,-517
104000052,577,1289,-712
104000053,447,626,-179
104000054,409,570,-161
104000055,3422,2588,834
104000056,1625,149,1476
104000057,47,386,-339
104000058,407,618,-211
104000059,241,991,-750
104000060,335,783,-448
104000061,871,1194,-323
104000062,111,151,-40
104000064,695,216,479
104000065,77,284,-207
104000069,1055,502,553
104000070,59,248,-189
104000071,127,282,-155
104000072,789,227,562
104000075,27,180,-153
104000076,259,25,234
104000082,1521,2075,-554
104000083,563,148,415
104000084,71,359,-288
104000085,100,190,-90
104000086,128,286,-158
104000087,375,640,-265
104000090,403,1418,-1015
104000092,411,2385,-1974
104000094,466,1858,-1392
104000095,1015,1174,-159
104000096,565,374,191
104000097,825,874,-49
104000098,748,1164,-416
104000100,702,519,183
104000101,838,2402,-1564
104000106,44,393,-349
104000107,299,479,-180
104000108,310,456,-146
104000109,211,21,190
104000110,756,732,24
104000111,3985,1018,2967
104000112,1783,392,1391
104000116,3,1261,-1258
104000117,56,772,-716
104000118,200,232,-32
104000119,339,203,136
104000120,131,791,-660
104000121,117,545,-428
104000122,342,518,-176
104000123,623,1231,-608
104000124,1455,2225,-770
104000125,3806,2021,1785
104000126,140,345,-205
104000127,1317,3683,-2366
104000128,605,432,173
104000129,357,18,339
104000130,5,150,-145
104000131,931,672,259
104000132,529,921,-392
104000133,871,632,239
104000134,600,924,-324
104000135,284,585,-301
104000136,681,1234,-553
104000137,1473,151,1322
104000138,1059,262,797
104000139,7750,2623,5127
104000141,1287,1671,-384
104000142,491,1067,-576
104000143,297,860,-563
104000144,36,145,-109
104000145,214,97,117
104000146,363,461,-98
104000147,69,297,-228
104000148,96,80,16
104000149,140,361,-221
104000150,288,305,-17
104000151,199,571,-372
104000152,270,666,-396
104000153,107,298,-191
104000154,961,614,347
104000155,189,333,-144
104000157,1035,1762,-727
104000158,160,182,-22
104000159,341,269,72
104000160,1198,982,216
104000161,132,149,-17
104000162,24,113,-89
104000165,1030,804,226
104000167,334,315,19
104000168,299,2,297
104000169,13,34,-21
104000170,864,225,639
104000248,126,646,-520
104000251,36,350,-314
104000272,0,0,0
104000273,0,0,0
104000274,0,0,0
104000275,0,0,0
104000279,502,400,102
104000290,39,325,-286
104000291,754,918,-164
104000293,438,525,-87
104000294,1,0,1
104000295,297,663,-366
104000296,226,696,-470
104000297,597,1143,-546
104000298,1748,793,955
104000299,377,1157,-780
104900001,77,350,-273
104900002,13,58,-45
104900003,26,380,-354
104900004,24,332,-308
104900005,63,115,-52
104900006,48,59,-11
104900007,115,193,-78
104900009,54,419,-365
104900010,16,9,7
104900011,0,3,-3
104900012,81,6,75
104900013,32,0,32
104900014,3549,195,3354
104900015,57,1,56
104900016,39,300,-261
104900017,12,139,-127
104900018,3,217,-214
104900019,230,770,-540
104900020,26,264,-238
104900021,0,195,-195
104900022,2,87,-85
104900023,0,98,-98
104900024,4,84,-80
104900025,32,381,-349
104900026,0,85,-85
104900027,159,126,33
104900028,20,74,-54
104900029,17,47,-30
104900030,224,128,96
104900031,113,173,-60
104900032,24,128,-104
104900033,25,88,-63
104900034,131,59,72
104900035,73,56,17
104900036,70,36,34
104900037,60,216,-156
104900038,466,127,339
104900039,454,37,417
104900040,66,72,-6
104900041,86,80,6
104900042,43,272,-229
104900043,4,10,-6
104900044,135,125,10
104900045,113,35,78
104900046,33,69,-36
104900047,94,81,13
104900048,82,58,24
104900049,6,3,3
104900050,56,39,17
104900051,42,21,21
104900052,4,0,4
104900053,142,23,119
104900054,43,17,26
104900055,4,0,4
104900056,68,3,65
104900057,12,0,12
104900058,131,60,71
104900059,4,8,-4
104900060,2,351,-349
104900061,227,617,-390
104900063,0,94,-94
104900064,0,74,-74
104900065,0,85,-85
104900066,2,141,-139
104900067,1,207,-206
104900068,9,213,-204
104900070,58,271,-213
104900071,1,622,-621
104900072,30,200,-170
104900073,5,228,-223
104900074,36,221,-185
104900075,35,71,-36
104900076,29,378,-349
104900077,913,42,871
104900078,88,814,-726
104900079,68,114,-46
104900080,23,562,-539
104900082,12,227,-215
104900085,1,271,-270
104900087,227,6,221
104900089,15,0,15
104900090,210,319,-109
104900091,355,729,-374
104900093,112,484,-372
104900097,2155,665,1490
104900098,14,35,-21
104900099,423,468,-45
104900100,702,123,579
104900102,9,214,-205
104900103,295,83,212
104900104,2533,621,1912
104900106,18,148,-130
104900107,31,301,-270
104900108,3,230,-227
104900109,27,35,-8
104900110,8,33,-25
104900111,53,80,-27
104900112,80,763,-683
104900113,253,317,-64
104900114,123,593,-470
104900115,225,508,-283
104900116,53,290,-237
104900118,5,65,-60
104900119,1,25,-24
104900120,104,9,95
104900121,0,80,-80
104900122,1,51,-50
104900123,3,1,2
104900124,3,0,3
104900125,190,3,187
104900126,77,56,21
104900127,26,9,17
104900128,41,79,-38
104900129,2004,490,1514
105000001,1576,1701,-125
105000002,1342,1451,-109
105000003,1782,3228,-1446
105000004,376,908,-532
105000005,484,903,-419
105000006,698,1075,-377
105000007,513,889,-376
105000008,352,1209,-857
105000009,749,1915,-1166
105000010,2236,2002,234
105000011,1145,1423,-278
105000012,2939,2713,226
105000013,432,705,-273
105000014,703,1437,-734
105000015,4454,3102,1352
105000016,2264,1482,782
105000017,1142,897,245
105000018,879,671,208
105000019,1126,705,421
105000020,106,246,-140
105000021,243,116,127
105000022,44,13,31
105000023,228,166,62
105000028,33,116,-83
105000029,305,571,-266
105000030,3321,3080,241
105000031,3,8,-5
105000033,853,1941,-1088
105000034,58,368,-310
105000037,495,457,38
105000038,929,811,118
105000039,2755,1520,1235
105000040,403,509,-106
105000041,351,1204,-853
105000042,1375,774,601
105000043,1369,1898,-529
105000044,148,268,-120
105000045,158,792,-634
105000046,309,275,34
105000047,256,1380,-1124
105000048,285,174,111
105000049,217,765,-548
105000050,287,266,21
105000051,167,531,-364
105000052,231,773,-542
105000053,63,204,-141
105000054,121,854,-733
105000055,207,336,-129
105000056,418,2181,-1763
105000057,754,1037,-283
105000058,1357,1326,31
105000059,354,372,-18
105000060,381,577,-196
105000061,230,291,-61
105000062,833,936,-103
105000063,159,647,-488
105000064,358,462,-104
105000065,229,916,-687
105000066,497,1744,-1247
105000067,343,317,26
105000068,400,802,-402
105000069,2036,385,1651
105000070,564,706,-142
105000071,138,294,-156
105000072,518,544,-26
105000073,466,325,141
105000074,663,946,-283
105000075,319,694,-375
105000076,1057,990,67
105000077,1484,710,774
105000078,1024,785,239
105000079,1218,1366,-148
105000080,983,563,420
105000081,610,523,87
105000082,342,258,84
105000083,439,427,12
105000084,335,1025,-690
105000085,649,757,-108
105000086,395,798,-403
105000087,1708,1422,286
105000088,899,970,-71
105000089,2265,2107,158
105000090,889,809,80
105000091,1929,1697,232
105000092,445,1115,-670
105000093,276,166,110
105000094,210,96,114
105000095,58,283,-225
105000096,621,406,215
105000097,878,542,336
105000098,319,357,-38
105000099,538,808,-270
105000100,536,1272,-736
105000101,1168,1623,-455
105000102,700,1592,-892
105000103,949,1709,-760
105000104,645,826,-181
105000105,444,1379,-935
105000106,563,1050,-487
105000107,482,667,-185
105000108,740,1480,-740
105000109,650,1169,-519
105000110,387,654,-267
105000111,314,491,-177
105000112,542,657,-115
105000113,169,436,-267
105000114,2883,717,2166
105000115,186,541,-355
105000116,275,363,-88
105000117,548,1315,-767
105000118,123,318,-195
105000119,227,1073,-846
105000120,310,531,-221
105000121,506,877,-371
105000122,116,359,-243
105000123,862,1254,-392
105000124,1055,813,242
105000125,448,1444,-996
105000126,1112,1843,-731
105000127,1457,1580,-123
105000128,190,1108,-918
105000129,377,236,141
105000130,61,578,-517
105000131,214,259,-45
105000132,424,249,175
105000133,221,931,-710
105000134,154,397,-243
105000135,242,641,-399
105000136,38,297,-259
105000137,189,236,-47
105000138,224,314,-90
105000139,744,935,-191
105000140,123,387,-264
105000141,75,509,-434
105000142,34,327,-293
105000143,126,536,-410
105000144,228,528,-300
105000145,306,350,-44
105000146,350,545,-195
105000147,450,247,203
105000148,805,458,347
105000149,1022,827,195
105000150,1809,1101,708
105000151,184,221,-37
105000152,110,496,-386
105000153,322,287,35
105000154,701,679,22
105000155,207,281,-74
105000156,749,723,26
105000157,924,1305,-381
105000158,1284,582,702
105000159,236,1092,-856
105000160,904,526,378
105000161,468,1436,-968
105000162,165,950,-785
105000163,905,913,-8
105000164,143,246,-103
105000165,1088,2421,-1333
105000166,6065,227,5838
105000167,2049,858,1191
105000168,124,778,-654
105000169,142,441,-299
105000170,42,846,-804
105000171,825,242,583
105000172,36,28,8
105000173,27,15,12
105000174,24,9,15
105000175,41,117,-76
105000176,58,52,6
105000177,36,79,-43
105000178,104,523,-419
105000179,52,110,-58
105000180,42,104,-62
105000181,21,397,-376
105000182,22,71,-49
105000183,2151,1092,1059
105000184,1142,563,579
105000185,829,363,466
105000186,322,751,-429
105000187,434,186,248
105000188,147,93,54
105000189,120,494,-374
105000190,89,241,-152
105000191,221,429,-208
105000192,57,62,-5
105000193,57,112,-55
105000194,112,43,69
105000195,118,1000,-882
105000196,31,80,-49
105000197,113,648,-535
105000198,284,183,101
105000199,135,136,-1
105000200,46,118,-72
105000201,71,12,59
105000203,11,263,-252
105000204,50,77,-27
105000205,69,207,-138
105000207,542,210,332
105000208,164,219,-55
105000209,154,292,-138
105000211,52,12,40
105000212,641,1147,-506
105000213,143,95,48
105000214,31,153,-122
105000215,71,190,-119
105000216,47,302,-255
105000217,75,308,-233
105000218,338,797,-459
105000221,80,252,-172
105000222,54,50,4
105000223,46,179,-133
105000226,7,340,-333
105000227,11,169,-158
105000228,88,478,-390
105000229,38,224,-186
105000231,84,166,-82
105000233,377,498,-121
105000234,448,1032,-584
105000235,102,401,-299
105000237,251,37,214
105000243,14,34,-20
105000248,33,26,7
105000262,115,1437,-1322
105000269,50,81,-31
105000270,130,119,11
105000271,0,302,-302
105000282,63,25,38
105000287,193,110,83
105000288,128,235,-107
105000289,464,495,-31
105000290,5,4,1
105000402,3548,941,2607
105000426,193,369,-176
105000438,301,425,-124
105000440,3,16,-13
105000446,8745,3416,5329
105000447,4970,1863,3107
105000454,72,825,-753
105000455,392,158,234
105000474,13,0,13
105000477,83,339,-256
105000478,692,1149,-457
105000479,40,84,-44
105000480,915,1182,-267
105000481,1345,1421,-76
105000482,3197,2167,1030
105000483,734,768,-34
105000484,1654,2237,-583
105000485,749,1027,-278
105000486,2229,1660,569
105000488,1771,1867,-96
105000489,360,603,-243
105000549,6,83,-77
105000550,472,867,-395
105000551,18,79,-61
105000552,2799,1631,1168
105000555,550,427,123
105000556,18,10,8
105000557,20,232,-212
105900001,2,483,-481
105900002,1240,274,966
105900003,5,58,-53
105900004,258,61,197
105900005,1,177,-176
105900006,4,27,-23
105900007,16,7,9
105900008,32,663,-631
105900009,7,10,-3
105900011,37,52,-15
105900012,157,130,27
105900013,1,15,-14
105900014,1,62,-61
105900015,88,296,-208
105900016,72,553,-481
105900017,292,20,272
105900018,152,202,-50
105900019,16,442,-426
105900020,6,45,-39
105900021,4,218,-214
105900022,102,213,-111
105900023,2,83,-81
105900024,2,107,-105
105900025,13,24,-11
105900026,117,21,96
105900027,2979,1458,1521
105900028,10,83,-73
105900029,1487,223,1264
105900030,93,219,-126
105900031,219,186,33
105900032,27,115,-88
105900033,7,112,-105
105900034,70,177,-107
105900035,107,74,33
105900036,13,89,-76
105900037,26,40,-14
105900038,60,199,-139
105900039,13,151,-138
105900040,45,80,-35
105900041,150,328,-178
105900042,21,87,-66
105900043,1260,28,1232
105900044,1,92,-91
105900045,0,331,-331
105900046,1,116,-115
105900047,1,14,-13
105900048,40,376,-336
105900050,1000,283,717
105900051,5,904,-899
105900052,173,19,154
105900053,2950,696,2254
105900054,169,163,6
105900056,761,84,677
105900057,1,119,-118
105900058,7,35,-28
105900059,2,25,-23
106000001,1919,714,1205
106000002,1766,2494,-728
106000003,2002,1550,452
106000004,1833,1641,192
106000005,1537,3281,-1744
106000006,4126,3384,742
106000007,397,450,-53
106000008,278,211,67
106000009,367,253,114
106000010,343,388,-45
106000011,334,817,-483
106000012,512,1204,-692
106000013,910,1546,-636
106000014,1412,1437,-25
106000015,591,802,-211
106000016,787,1949,-1162
106000017,502,558,-56
106000018,337,595,-258
106000019,142,342,-200
106000020,140,420,-280
106000021,173,393,-220
106000022,206,358,-152
106000023,334,282,52
106000024,255,780,-525
106000025,71,111,-40
106000026,103,245,-142
106000027,451,786,-335
106000028,361,739,-378
106000029,673,1371,-698
106000030,615,143,472
106000034,94,424,-330
106000035,551,608,-57
106000036,256,220,36
106000037,929,1016,-87
106000038,253,51,202
106000039,81,25,56
106000040,134,529,-395
106000041,559,138,421
106000043,394,40,354
106000046,282,25,257
106000047,23,287,-264
106000049,279,107,172
106000050,175,671,-496
106000051,227,288,-61
106000052,50,477,-427
106000053,70,60,10
106000054,206,359,-153
106000055,341,490,-149
106000056,178,475,-297
106000057,146,78,68
106000058,91,173,-82
106000059,79,162,-83
106000060,371,566,-195
106000061,116,256,-140
106000062,138,519,-381
106000063,313,337,-24
106000064,25,359,-334
106000065,93,78,15
106000066,47,307,-260
106000067,100,49,51
106000068,37,545,-508
106000069,58,56,2
106000070,197,663,-466
106000071,333,172,161
106000072,3487,1031,2456
106000073,1215,1227,-12
106000074,157,564,-407
106000075,136,658,-522
106000076,692,1110,-418
106000077,1617,905,712
106000078,292,634,-342
106000079,303,747,-444
106000080,545,729,-184
106000081,327,693,-366
106000082,1514,787,727
106000083,221,757,-536
106000084,451,467,-16
106000085,875,761,114
106000086,397,452,-55
106000087,368,457,-89
106000088,260,605,-345
106000089,306,377,-71
106000090,140,547,-407
106000091,177,520,-343
106000092,353,203,150
106000093,110,68,42
106000094,59,333,-274
106000095,210,1021,-811
106000096,335,658,-323
106000097,355,1278,-923
106000098,213,808,-595
106000099,97,789,-692
106000100,331,274,57
106000101,381,227,154
106000102,61,475,-414
106000103,131,610,-479
106000104,272,325,-53
106000105,262,833,-571
106000106,245,352,-107
106000107,71,569,-498
106000108,111,262,-151
106000109,37,415,-378
106000110,83,233,-150
106000111,79,651,-572
106000112,77,257,-180
106000113,992,607,385
106000114,326,242,84
106000115,129,570,-441
106000116,104,205,-101
106000117,589,784,-195
106000118,591,843,-252
106000119,2048,867,1181
106000120,437,565,-128
106000121,82,147,-65
106000122,25,295,-270
106000123,92,214,-122
106000124,19,275,-256
106000125,12,260,-248
106000126,79,159,-80
106000127,249,910,-661
106000128,233,272,-39
106000129,202,654,-452
106000130,267,252,15
106000131,53,518,-465
106000132,704,101,603
106000133,3328,574,2754
106000134,487,467,20
106000135,116,693,-577
106000136,351,291,60
106000137,59,1372,-1313
106000138,401,43,358
106000139,8,85,-77
106000140,43,100,-57
106000141,20,118,-98
106000142,9,44,-35
106000143,8,136,-128
106000144,7,53,-46
106000145,75,396,-321
106000146,56,93,-37
106000147,251,404,-153
106000148,502,551,-49
106000149,278,224,54
106000150,295,1359,-1064
106000151,3546,566,2980
106000152,1186,830,356
106000153,72,1056,-984
106000154,1223,199,1024
106000155,30,109,-79
106000156,289,239,50
106000157,278,1229,-951
106000158,2634,491,2143
106000159,4101,857,3244
106000160,108,1054,-946
106000161,879,410,469
106000162,80,466,-386
106000163,118,457,-339
106000164,99,236,-137
106000165,95,578,-483
106000166,161,191,-30
106000167,132,1235,-1103
106000168,86,222,-136
106000169,85,763,-678
106000170,145,195,-50
106000171,43,706,-663
106000172,1490,561,929
106000173,485,1990,-1505
106000174,475,167,308
106000175,233,780,-547
106000176,581,490,91
106000177,418,1726,-1308
106000178,2192,998,1194
106000179,817,1448,-631
106000180,663,1578,-915
106000181,224,1564,-1340
106000182,247,560,-313
106000183,341,828,-487
106000184,506,935,-429
106000185,469,652,-183
106000186,653,110,543
106000187,140,604,-464
106000188,0,4,-4
106000189,2,47,-45
106000190,4,0,4
106000191,483,111,372
106000192,0,21,-21
106000193,244,90,154
106000194,81,391,-310
106000195,59,47,12
106000196,31,264,-233
106000197,100,195,-95
106000198,50,232,-182
106000199,665,487,178
106000200,319,120,199
106000201,370,728,-358
106000202,5756,451,5305
106000203,181,146,35
106000204,12,5,7
106000205,8,105,-97
106000206,30,8,22
106000207,45,777,-732
106000208,323,49,274
106000209,556,200,356
106000210,144,1080,-936
106000211,213,1316,-1103
106000212,258,116,142
106000213,477,782,-305
106000214,1636,320,1316
106000215,111,363,-252
106000216,207,272,-65
106000217,110,447,-337
106000218,236,228,8
106000219,36,262,-226
106000220,222,168,54
106000221,30,219,-189
106000222,19,150,-131
106000223,40,134,-94
106000224,63,278,-215
106000225,31,64,-33
106000226,91,328,-237
106000228,5,94,-89
106000229,49,746,-697
106000231,255,59,196
106000232,37,349,-312
106000233,223,62,161
106000234,71,197,-126
106000235,80,33,47
106000236,36,34,2
106000237,0,2,-2
106000238,1,2,-1
106000239,2,66,-64
106000240,21,0,21
106000241,4,609,-605
106000242,130,9,121
106000249,11,33,-22
106000250,21,332,-311
106000251,19,27,-8
106000252,12,113,-101
106000253,2,34,-32
106000254,13,60,-47
106000255,14,57,-43
106000256,57,70,-13
106000257,106,223,-117
106000258,63,10,53
106000259,1,59,-58
106000260,8,8,0
106000261,0,37,-37
106000262,10,16,-6
106000263,0,92,-92
106000264,35,7,28
106000265,4,90,-86
106000266,35,11,24
106000267,2,73,-71
106000268,256,6,250
106000269,41,45,-4
106000270,115,336,-221
106000271,39,190,-151
106000272,68,32,36
106000273,13,97,-84
106000274,161,29,132
106000275,74,126,-52
106000276,70,51,19
106000277,80,103,-23
106000278,133,23,110
106000279,6,60,-54
106000280,12,133,-121
106000281,56,58,-2
106000282,43,37,6
106000283,39,117,-78
106000284,16,79,-63
106000285,43,117,-74
106000286,44,80,-36
106000287,33,79,-46
106000288,33,96,-63
106000289,29,79,-50
106000290,33,107,-74
106000291,19,71,-52
106000292,25,139,-114
106000293,51,49,2
106000294,63,113,-50
106000295,14,23,-9
106000296,45,95,-50
106000297,58,163,-105
106000298,111,35,76
106000299,33,93,-60
106000300,22,77,-55
106000301,31,88,-57
106000303,4,29,-25
106000304,24,37,-13
106000305,8,26,-18
106000306,44,58,-14
106000307,6,6,0
106000308,43,135,-92
106000309,11,61,-50
106000310,87,436,-349
106000311,132,95,37
106000312,37,140,-103
106000313,54,178,-124
106000318,119,119,0
106000319,283,16,267
106000320,3,10,-7
106000321,194,35,159
106000322,51,171,-120
106000324,4,122,-118
106000325,561,766,-205
106000326,499,1632,-1133
106000327,37,153,-116
106000328,4,83,-79
106000329,36,212,-176
106000330,35,34,1
106000428,23,166,-143
106000429,94,471,-377
106000430,210,1460,-1250
106000431,434,266,168
106000432,912,2246,-1334
106000433,672,506,166
106000434,1497,491,1006
106000435,1603,2051,-448
106000436,15,275,-260
106000437,114,14,100
106000438,163,68,95
106000439,77,340,-263
106000440,133,449,-316
106000441,1,0,1
106000442,62,9,53
106000443,35,532,-497
106000450,4,130,-126
106000451,20,7,13
106000454,4,68,-64
106000455,5,122,-117
106000456,54,15,39
106000457,2,982,-980
106000458,110,100,10
106000459,32,425,-393
106000460,231,22,209
106000461,20,1737,-1717
106000462,0,12,-12
106000463,6,17,-11
106000464,4,520,-516
106000465,115,1,114
106000466,1,630,-629
106000467,482,449,33
106000468,32,180,-148
106000469,158,6,152
106000470,142,948,-806
106000471,12,501,-489
106000472,53,8,45
106000473,9,15,-6
106000474,147,650,-503
106000475,118,111,7
106000476,126,104,22
106000477,16,151,-135
106000480,0,52,-52
106900001,0,11,-11
106900002,0,426,-426
106900003,177,565,-388
106900004,2,44,-42
106900006,0,10,-10
106900007,0,13,-13
106900008,72,206,-134
106900009,74,355,-281
106900010,70,229,-159
106900012,1375,595,780
106900013,123,12,111
106900014,9,1,8
106900015,3,0,3
106900016,37,0,37
106900017,2,0,2
106900018,0,0,0
106900019,14,0,14
106900020,2050,285,1765
106900021,21,43,-22
106900022,76,0,76
106900023,6,226,-220
106900024,95,2,93
106900025,41,392,-351
106900026,4,778,-774
106900027,118,2,116
107000001,1654,998,656
107000002,2192,3016,-824
107000003,2984,3455,-471
107000004,4593,5409,-816
107000005,1028,2336,-1308
107000006,2275,6001,-3726
107000007,3767,3410,357
107000008,16694,9844,6850
107000009,3111,3128,-17
107000010,8659,9886,-1227
107000011,795,1121,-326
107000012,3284,3138,146
107000013,51,134,-83
107000014,18,302,-284
107000015,280,895,-615
107000016,221,1169,-948
107000017,1340,658,682
107000018,3,233,-230
107000020,875,251,624
107000021,493,859,-366
107000022,517,1207,-690
107000023,954,323,631
107000024,314,2137,-1823
107000025,82,336,-254
107000026,114,688,-574
107000027,933,655,278
107000028,836,1598,-762
107000029,881,1015,-134
107000030,2516,2657,-141
107000031,1546,1091,455
107000032,174,679,-505
107000033,4190,3144,1046
107000034,4663,1849,2814
107000035,307,100,207
107000036,268,612,-344
107000037,39,495,-456
107000038,248,209,39
107000039,371,389,-18
107000040,98,250,-152
107000041,993,400,593
107000042,532,1343,-811
107000043,2175,658,1517
107000044,502,347,155
107000045,167,274,-107
107000046,305,234,71
107000047,281,810,-529
107000048,231,268,-37
107000049,356,623,-267
107000050,471,350,121
107000051,380,262,118
107000052,937,466,471
107000053,197,112,85
107000054,36,196,-160
107000055,268,145,123
107000056,425,704,-279
107000057,1508,190,1318
107000058,1097,1208,-111
107000059,1327,2366,-1039
107000060,2128,3348,-1220
107000061,3990,3144,846
107000062,1473,1894,-421
107000063,2371,4631,-2260
107000064,1710,1527,183
107000065,2452,5030,-2578
107000066,817,1470,-653
107000067,461,781,-320
107000068,1094,471,623
107000069,300,356,-56
107000070,219,47,172
107000071,725,10,715
107000072,32,3092,-3060
107000073,128,79,49
107000074,94,714,-620
107000075,434,109,325
107000076,626,1677,-1051
107000077,1134,260,874
107000078,1209,2879,-1670
107000079,885,300,585
107000080,805,2853,-2048
107000081,483,305,178
107000082,336,2609,-2273
107000083,429,175,254
107000084,350,2260,-1910
107000085,2015,2289,-274
107000086,2895,2260,635
107000087,1559,1474,85
107000088,1958,2538,-580
107000089,966,1383,-417
107000090,674,874,-200
107000091,620,875,-255
107000092,508,982,-474
107000093,467,660,-193
107000094,550,1226,-676
107000095,250,531,-281
107000096,411,736,-325
107000097,270,277,-7
107000098,239,771,-532
107000099,244,181,63
107000100,222,300,-78
107000101,34,99,-65
107000102,317,391,-74
107000103,309,135,174
107000104,158,304,-146
107000105,166,113,53
107000106,96,335,-239
107000107,232,126,106
107000108,89,994,-905
107000109,251,72,179
107000110,34,398,-364
107000111,60,19,41
107000112,14,294,-280
107000113,176,58,118
107000114,39,632,-593
107000115,118,55,63
107000116,53,824,-771
107000117,110,127,-17
107000118,78,192,-114
107000119,1322,653,669
107000120,2019,299,1720
107000121,251,425,-174
107000122,574,640,-66
107000123,144,715,-571
107000124,237,661,-424
107000125,280,788,-508
107000126,385,951,-566
107000129,110,1014,-904
107000130,140,176,-36
107000131,193,726,-533
107000132,266,204,62
107000133,219,86,133
107000134,49,0,49
107000135,4,192,-188
107000136,224,4,220
107000137,16,275,-259
107000138,129,6,123
107000139,13,217,-204
107000140,430,21,409
107000141,112,655,-543
107000142,204,21,183
107000143,23,777,-754
107000144,127,112,15
107000145,90,423,-333
107000146,101,98,3
107000147,3597,858,2739
107000150,843,1002,-159
107000151,24,27,-3
107000152,379,292,87
107000153,289,194,95
107000154,135,44,91
107000155,281,10,271
107000156,523,3,520
107000157,23,2706,-2683
107000158,244,8,236
107000159,31,1375,-1344
107000160,257,53,204
107000161,43,1847,-1804
107000162,62,146,-84
107000163,12,0,12
107000164,56,0,56
107000165,191,0,191
107000166,43,1235,-1192
107000167,200,262,-62
107000168,373,161,212
107000169,799,1029,-230
107000170,440,320,120
107000171,336,2730,-2394
107000172,470,428,42
107000173,740,917,-177
107000174,870,1201,-331
107000175,9865,1287,8578
107000176,0,0,0
107000177,0,0,0
107000178,2,33,-31
107000179,144,2978,-2834
107000180,417,290,127
107000181,124,1212,-1088
107000182,524,571,-47
107000183,45,947,-902
107000184,341,551,-210
107000185,124,1289,-1165
107000186,187,261,-74
107000187,837,803,34
107000188,321,322,-1
107000189,163,690,-527
107000190,226,503,-277
107000191,401,991,-590
107000192,828,785,43
107000193,212,267,-55
107000194,631,583,48
107000197,292,153,139
107000198,118,722,-604
107000199,473,654,-181
107000200,684,347,337
107000201,241,216,25
107000202,144,387,-243
107000203,450,393,57
107000204,518,534,-16
107000205,2208,975,1233
107000206,628,580,48
107000207,523,608,-85
107000208,954,180,774
107000209,1415,304,1111
107000210,1304,179,1125
107000211,4,24,-20
107000212,10,162,-152
107000213,19,14,5
107000214,11,116,-105
107000215,117,336,-219
107000216,55,360,-305
107000217,31,102,-71
107000219,31,111,-80
107000220,56,283,-227
107000222,242,546,-304
107000224,173,17,156
107000225,84,628,-544
107000226,128,40,88
107000227,71,410,-339
107000228,46,120,-74
107000229,167,80,87
107000230,741,510,231
107000231,723,268,455
107000232,35,41,-6
107000233,344,163,181
107000234,0,15,-15
107000235,21,0,21
107000236,13,276,-263
107000237,0,2,-2
107000238,2,2,0
107000239,5233,265,4968
107000240,45,1177,-1132
107000243,0,36,-36
107000244,7,59,-52
107000246,3,1192,-1189
107000249,1,835,-834
107000251,0,310,-310
107000252,6,1505,-1499
107000255,507,70,437
107000257,2,657,-655
107000258,0,142,-142
107000259,2,216,-214
107000260,140,0,140
107000262,4,766,-762
107000263,46,0,46
107000266,2,6,-4
107000267,28,154,-126
107000268,115,170,-55
107000269,96,72,24
107000270,1,4,-3
107000271,5,994,-989
107000272,9,201,-192
107000273,1,246,-245
107000274,327,169,158
107000275,23,571,-548
107000280,233,12,221
107000281,13,1080,-1067
107000282,16,1518,-1502
107000290,0,55,-55
107000291,8,12,-4
107000292,8,12,-4
107000293,28,4,24
107000294,0,30,-30
107000295,24,1,23
107000296,0,5,-5
107000444,160,1,159
107000496,2,32,-30
107000497,831,2954,-2123
107000500,205,329,-124
107000501,52,149,-97
107000502,92,408,-316
107000505,443,682,-239
107000506,3,10,-7
107000508,6,788,-782
107000509,116,314,-198
107000510,29,16,13
107000514,10,175,-165
107000515,5,289,-284
107000516,65,159,-94
107000518,307,230,77
107000519,2894,1058,1836
107000520,26,6,20
107000521,177,410,-233
107000522,248,717,-469
107900001,8,203,-195
107900002,14,1,13
107900003,79,5,74
107900004,4,0,4
107900005,181,1,180
107900006,19,0,19
107900007,73,16,57
107900008,25,37,-12
107900009,38,1,37
107900010,1,0,1
107900012,135,2,133
107900013,158,24,134
107900014,3,0,3
107900015,136,0,136
107900016,321,72,249
107900017,3,0,3
107900018,15,26,-11
107900019,2,84,-82
107900020,29,5,24
107900021,7,139,-132
107900023,3,1,2
107900024,0,38,-38
107900025,167,282,-115
107900026,20,99,-79
107900027,7,46,-39
107900028,33,61,-28
107900030,74,4,70
107900031,40,193,-153
107900032,0,1,-1
107900033,2,1,1
107900034,85,6,79
107900035,226,6,220
107900036,14,5,9
107900037,3,58,-55
107900038,86,37,49
107900039,0,60,-60
107900040,49,17,32
107900041,0,0,0
107900043,5,83,-78
107900044,0,1,-1
107900045,20,5,15
107900046,65,23,42
107900047,31,85,-54
107900048,37,2,35
107900049,164,133,31
107900050,77,287,-210
107900051,29,57,-28
107900052,3,3,0
107900053,6,51,-45
107900055,127,76,51
107900056,30,11,19
107900057,1,0,1
107900058,9,565,-556
107900060,0,47,-47
107900061,14,2,12
107900063,45,118,-73
107900064,139,8,131
107900065,27,7,20
107900066,1,7,-6
107900067,0,0,0
107900068,49,176,-127
107900069,41,264,-223
107900070,17,15,2
107900071,6,734,-728
107900072,23,152,-129
107900073,16,71,-55
107900074,716,90,626
107900076,67,44,23
107900077,20,0,20
107900079,7,10,-3
107900080,85,85,0
107900081,2,57,-55
107900082,20,20,0
107900083,95,80,15
107900084,24,69,-45
107900086,39,56,-17
107900087,161,25,136
107900088,3,0,3
107900089,224,579,-355
107900090,230,376,-146
107900091,82,331,-249
107900093,44,40,4
107900095,2409,602,1807
107900097,15,40,-25
107900098,16,96,-80
107900100,729,308,421
107900101,801,82,719
107900102,2,2,0
107900103,14,144,-130
107900104,43,0,43
107900105,4,598,-594
107900106,1,1394,-1393
107900107,879,114,765
107900108,224,30,194
107900109,147,1,146
107900110,3,88,-85
107900111,7,1060,-1053
107900112,78,178,-100
107900113,37,89,-52
107900114,39,202,-163
107900115,1,31,-30
107900116,20,220,-200
107900117,155,344,-189
107900118,27,113,-86
107900119,23,40,-17
107900120,12,7,5
107900121,2,118,-116
107900122,3,39,-36
107900123,0,15,-15
107900124,3,38,-35
107900125,16,148,-132
107900126,0,19,-19
107900127,314,35,279
107900128,48,14,34
107900129,7,28,-21
107900130,6,15,-9
107900131,109,20,89
107900132,47,317,-270
107900133,2,58,-56
107900134,14,9,5
107900135,1,176,-175
107900136,26,15,11
107900137,34,55,-21
107900138,6,26,-20
107900139,8,20,-12
107900141,111,13,98
107900142,36,785,-749
107900143,24,25,-1
107900144,4,134,-130
107900145,3,66,-63
107900146,39,93,-54
107900147,9,5,4
107900148,68,125,-57
107900149,1652,77,1575
107900150,34,560,-526
107900151,2,73,-71
107900152,1,162,-161
107900153,62,66,-4
107900154,3,11,-8
107900155,10,9,1
107900156,2,290,-288
107900157,15,78,-63
107900158,194,4,190
107900159,23,989,-966
107900160,13,123,-110
107900161,2,182,-180
107900162,0,54,-54
107900163,11,31,-20
107900164,1,15,-14
107900165,4,28,-24
107900166,12,240,-228
107900167,8,8,0
107900168,5,63,-58
107900169,1,187,-186
107900171,7,1497,-1490
107900172,1,259,-258
107900173,1,168,-167
107900174,32,2,30
107900175,2,8,-6
107900176,3,34,-31
107900177,0,40,-40
107900178,0,278,-278
107900179,4,97,-93
107900180,842,98,744
107900181,198,393,-195
107900182,3,1384,-1381
107900183,8,352,-344
107900184,27,196,-169
107900185,20,1,19
107900186,8,30,-22
107900187,0,154,-154
107900188,693,46,647
107900189,1,114,-113
107900190,149,21,128
107900191,11,125,-114
107900193,3,19,-16
107900194,19,0,19
107900195,3662,280,3382
107900196,28,41,-13
107900197,345,43,302
107900199,9,1066,-1057
107900201,39,111,-72
107900203,12,45,-33
107900204,152,140,12
107900206,123,136,-13
107900207,2,629,-627
107900208,4,898,-894
107900209,178,57,121
107900210,35,74,-39
107900213,151,247,-96
107900214,2,120,-118
107900215,111,194,-83
107900216,34,30,4
107900217,22,25,-3
107900218,8,1504,-1496
107900219,12,95,-83
107900220,112,47,65
107900221,169,176,-7
107900223,35,499,-464
107900224,92,211,-119
107900225,4,751,-747
107900226,24,76,-52
107900227,59,406,-347
107900228,5,83,-78
107900229,1,252,-251
107900230,2,109,-107
107900231,4,176,-172
107900232,10,245,-235
107900233,5,99,-94
107900234,35,143,-108
107900235,30,72,-42
107900236,49,100,-51
107900237,79,352,-273
107900238,10,100,-90
107900239,965,276,689
107900240,8,130,-122
107900241,8,66,-58
107900242,11,360,-349
107900243,6,36,-30
107900244,81,1,80
107900245,100,12,88
107900246,23,2,21
107900248,40,373,-333
107900249,112,0,112
107900250,2,511,-509
107900251,15,922,-907
107900252,145,1,144
107900253,26,1,25
107900254,21,40,-19
107900255,403,64,339
107900256,125,395,-270
107900257,26,10,16
107900258,40,164,-124
107900259,85,371,-286
107900261,3,406,-403
107900262,21,99,-78
107900264,44,1,43
107900265,26,173,-147
107900267,25,18,7
107900268,51,5,46
107900269,0,8,-8
107900270,0,0,0
107900271,1,3,-2
107900272,136,29,107
107900273,3,83,-80
107900274,22,0,22
107900275,1,0,1
107900276,0,37,-37
107900277,0,259,-259
107900278,68,340,-272
107900279,170,56,114
107900280,1365,620,745
107900281,2831,520,2311
107900282,21,90,-69
107900283,1241,216,1025
107900284,81,747,-666
107900285,29,104,-75
107900286,69,31,38
107900287,34,78,-44
107900290,0,64,-64
107900291,182,1,181
107900292,70,229,-159
107900293,25,383,-358
107900295,20,107,-87
107900297,1,203,-202
107900298,491,713,-222
107900299,3343,836,2507
107900301,244,162,82
107900302,57,10,47
107900303,21,217,-196
107900304,55,474,-419
107900305,83,3,80
107900306,11,3,8
107900307,29,262,-233
107900308,138,5,133
107900309,1,0,1
107900310,1,0,1
107900311,88,54,34
107900312,0,0,0
107900313,0,40,-40
107900314,1,36,-35
107900315,0,42,-42
107900316,10,0,10
107900317,15,1,14
107900318,3,87,-84
107900319,1,201,-200
107900320,2,147,-145
107900321,23,1,22
107900322,3,181,-178
107900323,7,121,-114
107900324,63,0,63
107900325,21,0,21
107900326,71,325,-254
107900327,0,0,0
107900328,0,0,0
107900329,0,0,0
107900330,3,384,-381
107900331,50,22,28
107900332,46,10,36
107900333,5,3,2
107900334,7,221,-214
107900335,24,44,-20
107900336,5,21,-16
107900337,1253,296,957
107900338,0,113,-113
107900339,0,26,-26
107900340,0,49,-49
107900341,10,0,10
107900342,56,66,-10
107900343,4,0,4
107900344,0,84,-84
107900345,25,14,11
107900346,3,2,1
107900347,13,0,13
107900348,0,2,-2
107900349,3,1,2
107900350,33,212,-179
107900351,2,219,-217
107900352,1,72,-71
107900353,3,5,-2
107900354,0,55,-55
108000001,1872,1701,171
108000002,2141,2895,-754
108000003,1799,1016,783
108000004,13716,12726,990
108000005,2625,1817,808
108000006,3279,4900,-1621
108000007,2478,2256,222
108000008,3933,5063,-1130
108000009,1436,1955,-519
108000010,1806,4582,-2776
108000011,6536,5022,1514
108000012,13994,13419,575
108000014,342,345,-3
108000015,280,255,25
108000016,128,533,-405
108000017,390,246,144
108000018,591,289,302
108000019,795,362,433
108000020,486,244,242
108000021,270,1389,-1119
108000022,358,1202,-844
108000023,525,67,458
108000024,108,603,-495
108000025,66,160,-94
108000026,216,553,-337
108000027,142,632,-490
108000028,132,299,-167
108000029,147,941,-794
108000030,132,186,-54
108000031,83,533,-450
108000032,520,290,230
108000033,271,1152,-881
108000034,614,212,402
108000035,452,2228,-1776
108000036,208,1315,-1107
108000037,612,170,442
108000038,902,183,719
108000039,241,2141,-1900
108000040,664,266,398
108000041,552,2277,-1725
108000042,42,243,-201
108000043,123,237,-114
108000044,112,168,-56
108000045,91,733,-642
108000046,524,172,352
108000047,196,962,-766
108000048,76,395,-319
108000049,200,131,69
108000050,121,649,-528
108000051,83,44,39
108000052,185,650,-465
108000053,108,53,55
108000054,316,762,-446
108000055,478,192,286
108000056,988,878,110
108000057,285,402,-117
108000058,1313,1233,80
108000059,2743,1278,1465
108000060,70,329,-259
108000061,265,580,-315
108000062,202,236,-34
108000063,164,575,-411
108000064,85,184,-99
108000065,286,475,-189
108000066,884,408,476
108000067,593,180,413
108000068,279,224,55
108000069,122,1005,-883
108000070,625,387,238
108000071,338,1618,-1280
108000072,512,573,-61
108000073,885,1651,-766
108000074,188,255,-67
108000075,212,682,-470
108000076,318,259,59
108000077,451,765,-314
108000078,1002,808,194
108000079,871,1738,-867
108000080,397,355,42
108000081,320,2848,-2528
108000082,860,1210,-350
108000083,1077,481,596
108000084,200,958,-758
108000085,157,155,2
108000086,621,547,74
108000087,112,732,-620
108000088,231,96,135
108000089,110,181,-71
108000091,53,486,-433
108000092,35,70,-35
108000093,72,715,-643
108000094,187,99,88
108000095,60,464,-404
108000096,87,106,-19
108000097,50,528,-478
108000098,427,1145,-718
108000099,394,205,189
108000100,35,347,-312
108000101,497,650,-153
108000102,734,1171,-437
108000106,400,0,400
108000107,2,495,-493
108000108,216,15,201
108000109,7,624,-617
108000110,48,200,-152
108000111,74,599,-525
108000112,42,96,-54
108000113,517,221,296
108000115,346,241,105
108000117,570,181,389
108000118,278,511,-233
108000119,654,385,269
108000120,84,339,-255
108000121,92,491,-399
108000122,132,210,-78
108000123,246,298,-52
108000124,125,490,-365
108000125,53,327,-274
108000126,60,673,-613
108000127,130,379,-249
108000128,138,853,-715
108000129,80,1450,-1370
108000130,59,350,-291
108000131,411,108,303
108000132,1136,1018,118
108000133,302,241,61
108000134,646,861,-215
108000135,298,206,92
108000136,694,1211,-517
108000137,91,348,-257
108000138,144,1020,-876
108000139,47,323,-276
108000140,21,30,-9
108000141,12,139,-127
108000142,25,93,-68
108000143,21,530,-509
108000144,106,83,23
108000145,12,21,-9
108000146,105,30,75
108000147,9,37,-28
108000148,93,21,72
108000149,15,22,-7
108000150,13,1,12
108000151,136,36,100
108000152,42,640,-598
108000153,78,56,22
108000154,30,10,20
108000155,18,8,10
108000156,545,308,237
108000157,61,224,-163
108000158,36,284,-248
108000159,542,71,471
108000160,4200,414,3786
108000161,3604,672,2932
108000165,3,56,-53
108000172,2,101,-99
108000173,2263,699,1564
108000175,131,58,73
108000178,319,317,2
108000179,118,361,-243
108000181,32,49,-17
108000182,230,41,189
108000183,17,359,-342
108000184,874,790,84
108000185,53,645,-592
108000186,78,484,-406
108000187,25,801,-776
108000188,94,198,-104
108000189,1225,1451,-226
108000190,13,69,-56
108000192,38,642,-604
108000193,432,16,416
108000194,11,4,7
108000195,5,877,-872
108000196,42,57,-15
108000198,227,434,-207
108000199,1,115,-114
108000200,120,537,-417
108000203,53,957,-904
108000204,36,16,20
108000205,431,498,-67
108000339,1300,202,1098
108000364,349,324,25
108000365,48,396,-348
108000367,91,211,-120
108000368,7,56,-49
108000369,1327,66,1261
108000371,2,514,-512
108000372,115,4,111
108000373,115,157,-42
108000376,50,14,36
108000377,205,302,-97
108000378,6773,4721,2052
108000379,20,106,-86
108000381,7,7,0
108000382,90,2,88
108000383,0,91,-91
108900001,116,1033,-917
108900002,140,24,116
108900003,274,773,-499
108900004,1805,178,1627
108900007,39,136,-97
108900008,16,105,-89
108900009,9,72,-63
108900010,49,115,-66
108900011,101,282,-181
108900012,81,397,-316
108900013,26,174,-148
108900014,0,37,-37
108900015,0,11,-11
108900016,2,137,-135
108900017,70,117,-47
108900018,20,448,-428
108900019,5,1037,-1032
108900020,14,244,-230
108900021,61,244,-183
108900022,7,3,4
108900023,1,16,-15
108900024,1,170,-169
108900025,19,101,-82
108900026,24,51,-27
108900027,3,85,-82
108900028,12,528,-516
108900029,10,208,-198
108900030,0,136,-136
108900031,10,718,-708
108900032,7,234,-227
108900033,0,58,-58
108900034,0,175,-175
108900035,90,1981,-1891
108900038,2,388,-386
108900039,0,537,-537
108900040,0,70,-70
108900041,4477,1028,3449
108900042,1,157,-156
108900043,10,397,-387
108900044,1,758,-757
108900045,8,595,-587
108900046,42,929,-887
108900047,0,106,-106
108900048,28,899,-871
108900049,4257,463,3794
108900050,1,276,-275
108900051,1,202,-201
108900052,0,211,-211
108900053,53,62,-9
108900054,21,188,-167
108900055,40,448,-408
108900056,1,192,-191
108900057,1,174,-173
108900058,6,466,-460
108900059,103,10,93
108900060,15,44,-29
108900061,18,6,12
108900062,2,335,-333
108900063,4,313,-309
108900064,32,53,-21
108900065,6,343,-337
108900066,89,48,41
108900067,10,262,-252
108900068,3,208,-205
108900069,14,101,-87
108900070,14,139,-125
108900071,21,25,-4
108900072,1816,132,1684
108900073,10,484,-474
108900074,25,425,-400
108900075,49,62,-13
108900076,67,34,33
108900077,124,554,-430
108900078,3,170,-167
108900079,615,139,476
108900080,6,179,-173
108900081,46,190,-144
108900082,37,101,-64
108900083,7,68,-61
108900085,1900,120,1780
108900086,22,320,-298
108900087,88,131,-43
108900088,251,128,123
108900089,3,34,-31
108900090,6,362,-356
108900091,98,73,25
108900092,150,161,-11
108900093,17,34,-17
108900094,88,34,54
108900095,38,594,-556
108900096,407,15,392
108900097,79,132,-53
108900098,2634,138,2496
108900099,162,251,-89
108900100,19,101,-82
108900101,57,27,30
108900102,65,231,-166
108900103,23,36,-13
108900105,4,242,-238
108900106,137,481,-344
108900108,63,30,33
108900109,111,19,92
108900110,18,440,-422
108900111,100,599,-499
108900113,14,17,-3
108900114,16,6,10
108900115,20,28,-8
108900116,3,6,-3
108900117,26,7,19
108900118,75,2,73
108900119,43,11,32
108900120,67,63,4
108900121,79,13,66
108900122,10,21,-11
108900123,15,27,-12
108900124,79,42,37
108900125,54,0,54
108900126,32,1,31
108900127,27,19,8
108900128,20,2,18
108900129,243,23,220
108900130,33,0,33
108900131,87,1,86
108900132,109,54,55
108900133,51,23,28
108900134,52,155,-103
108900135,29,2,27
108900136,1,0,1
108900137,11,0,11
108900138,171,7,164
108900140,59,211,-152
108900141,65,1,64
108900142,20,0,20
108900143,2,0,2
108900144,11,0,11
108900145,23,1,22
108900146,14,0,14
108900147,49,1,48
108900148,33,12,21
108900150,120,2,118
108900151,13,0,13
108900152,7,10,-3
108900153,24,427,-403
108900154,1700,388,1312
108900156,18,4,14
108900157,1,617,-616
108900158,89,57,32
108900159,1,299,-298
108900160,7,201,-194
108900161,1,413,-412
108900162,16,0,16
108900163,3,64,-61
108900164,22,69,-47
108900168,9248,933,8315
108900169,19,104,-85
108900171,4557,716,3841
108900172,70,14,56
108900173,120,196,-76
108900174,139,324,-185
108900176,99,581,-482
108900177,7030,947,6083
108900178,4440,690,3750
108900180,32,62,-30
108900183,128,147,-19
108900184,89,105,-16
108900185,16,228,-212
108900186,11,269,-258
108900189,51,89,-38
108900190,12,2378,-2366
108900192,35,228,-193
108900195,40,282,-242
108900196,10,424,-414
108900199,52,289,-237
108900200,200,210,-10
108900201,96,769,-673
108900203,89,6,83
108900204,91,1,90
108900205,80,10,70
108900206,62,14,48
108900207,45,13,32
108900208,27,289,-262
108900209,149,476,-327
108900210,93,106,-13
108900211,77,124,-47
108900212,439,435,4
108900215,60,562,-502
108900216,194,28,166
108900217,24,0,24
108900218,63,2,61
108900221,12,23,-11
108900224,16,44,-28
108900225,0,94,-94
108900227,39,39,0
108900230,327,237,90
108900232,4,329,-325
108900233,66,22,44
108900234,130,26,104
108900235,84,464,-380
108900236,19,319,-300
108900240,19,44,-25
108900241,3,11,-8
108900245,1,280,-279
108900250,87,54,33
108900258,4,222,-218
108900259,18,62,-44
108900260,6,86,-80
108900261,118,80,38
108900262,299,80,219
108900263,29,340,-311
108900264,264,144,120
108900265,1118,125,993
108900266,992,148,844
108900267,2,40,-38
108900268,1,1,0
108900269,9,3,6
108900270,25,4,21
108900271,3,2,1
108900272,42,8,34
108900273,807,221,586
108900274,6,41,-35
109000001,1966,702,1264
109000002,3138,1139,1999
109000003,1198,377,821
109000004,396,2558,-2162
109000005,806,558,248
109000006,485,1844,-1359
109000007,534,437,97
109000008,319,1724,-1405
109000009,1990,627,1363
109000010,1105,3429,-2324
109000011,1152,1087,65
109000012,1200,3662,-2462
109000013,1381,972,409
109000014,891,3292,-2401
109000015,2039,2257,-218
109000016,8242,3734,4508
109000017,1142,721,421
109000018,533,3065,-2532
109000019,1315,685,630
109000020,1038,2057,-1019
109000023,106,4,102
109000024,4,160,-156
109000025,277,209,68
109000026,497,228,269
109000027,57,183,-126
109000028,88,75,13
109000029,88,88,0
109000030,50,415,-365
109000031,47,41,6
109000032,26,371,-345
109000033,108,45,63
109000034,60,17,43
109000035,3,16,-13
109000036,71,327,-256
109000037,97,374,-277
109000038,392,238,154
109000039,344,165,179
109000040,3892,1871,2021
109000041,4435,734,3701
109000042,633,750,-117
109000044,95,56,39
109000045,41,516,-475
109000046,97,37,60
109000047,46,435,-389
109000048,308,60,248
109000049,143,343,-200
109000050,156,114,42
109000051,151,213,-62
109000052,210,1477,-1267
109000053,58,95,-37
109000054,68,483,-415
109000055,31,103,-72
109000056,96,486,-390
109000057,85,108,-23
109000058,791,191,600
109000059,402,1063,-661
109000060,211,95,116
109000061,1368,268,1100
109000062,90,127,-37
109000063,93,180,-87
109000064,31,129,-98
109000065,40,335,-295
109000066,85,104,-19
109000067,37,320,-283
109000068,157,1,156
109000069,316,6,310
109000070,2,676,-674
109000071,170,44,126
109000072,44,284,-240
109000073,29,61,-32
109000074,19,227,-208
109000075,22,380,-358
109000076,76,108,-32
109000077,266,215,51
109000078,27,124,-97
109000079,102,253,-151
109000080,54,141,-87
109000081,18,520,-502
109000082,129,296,-167
109000083,103,910,-807
109000088,56,360,-304
109000089,61,16,45
109000090,183,422,-239
109000091,174,24,150
109000092,286,554,-268
109000093,129,57,72
109000094,75,0,75
109000095,49,648,-599
109000096,197,86,111
109000097,61,125,-64
109000098,28,21,7
109000099,430,183,247
109000100,82,520,-438
109000101,366,531,-165
109000102,210,866,-656
109000103,158,534,-376
109000104,501,451,50
109000105,257,1408,-1151
109000106,773,396,377
109000107,256,1626,-1370
109000108,594,313,281
109000109,283,1667,-1384
109000110,518,285,233
109000111,688,2108,-1420
109000112,204,140,64
109000113,102,176,-74
109000114,55,576,-521
109000115,637,83,554
109000116,5,161,-156
109000117,53,75,-22
109000118,5,294,-289
109000119,220,230,-10
109000120,58,1068,-1010
109000121,107,43,64
109000122,35,1005,-970
109000123,16,74,-58
109000124,214,321,-107
109000125,299,339,-40
109000126,260,798,-538
109000127,275,156,119
109000128,221,2340,-2119
109000129,658,213,445
109000130,350,2456,-2106
109000131,280,152,128
109000132,429,1437,-1008
109000133,196,737,-541
109000134,437,1267,-830
109000135,508,968,-460
109000136,126,343,-217
109000137,59,220,-161
109000138,148,394,-246
109000139,122,299,-177
109000140,41,439,-398
109000141,152,391,-239
109000142,50,419,-369
109000143,29,37,-8
109000145,43,67,-24
109000146,113,48,65
109000148,3267,377,2890
109000149,18,10,8
109000150,75,136,-61
109000155,124,371,-247
109000156,681,776,-95
109000158,8,195,-187
109000159,37,473,-436
109000160,230,185,45
109000161,198,1286,-1088
109000162,782,816,-34
109000163,414,1577,-1163
109000164,504,1871,-1367
109000165,454,672,-218
109000166,172,118,54
109000167,47,758,-711
109000170,17,58,-41
109000171,44,31,13
109000172,26,37,-11
109000173,32,20,12
109000174,18,39,-21
109000175,17,89,-72
109000176,75,283,-208
109000177,16,97,-81
109000178,203,355,-152
109000179,6005,1516,4489
109000180,4044,2518,1526
109000181,6,31,-25
109000182,8,62,-54
109000183,2,38,-36
109000184,15,11,4
109000185,1,61,-60
109000188,343,2379,-2036
109000189,1186,723,463
109000190,180,474,-294
109000191,186,576,-390
109000192,96,178,-82
109000193,74,358,-284
109000194,60,101,-41
109000195,45,344,-299
109000196,113,74,39
109000197,75,478,-403
109000198,65,39,26
109000199,44,449,-405
109000206,59,41,18
109000207,47,30,17
109000208,60,35,25
109000209,86,42,44
109000210,130,375,-245
109000211,100,296,-196
109000214,152,605,-453
109000215,27,48,-21
109000216,66,70,-4
109000217,92,47,45
109000218,88,108,-20
109000221,87,830,-743
109000222,245,48,197
109000223,120,146,-26
109000224,25,239,-214
109000225,54,36,18
109000226,22,211,-189
109000227,346,1163,-817
109000228,1,204,-203
109000231,4,373,-369
109000232,80,386,-306
109000236,143,679,-536
109000241,573,1357,-784
109000242,592,1083,-491
109000293,15,13,2
109000361,55,159,-104
109000364,131,501,-370
109000396,7,847,-840
109000397,90,2,88
109000399,94,402,-308
109000400,28,463,-435
109000403,27,134,-107
109000406,96,10,86
109000407,95,171,-76
109000408,2,530,-528
109000410,400,114,286
109000411,41,42,-1
109900001,37,0,37
109900002,156,6,150
109900003,38,0,38
109900004,428,150,278
109900005,9,2,7
109900006,95,143,-48
109900007,152,773,-621
109900008,0,25,-25
109900009,56,803,-747
109900010,141,6,135
109900011,15,11,4
109900012,107,93,14
109900013,110,60,50
109900014,54,22,32
109900015,166,40,126
109900016,31,34,-3
109900017,27,24,3
109900018,42,93,-51
109900019,42,61,-19
109900020,12,25,-13
109900021,0,4,-4
109900022,65,296,-231
109900023,11,0,11
109900024,2,2,0
109900025,5,54,-49
109900026,3,125,-122
109900027,16,7,9
109900028,2081,257,1824
109900029,8,482,-474
109900030,3,2,1
109900031,0,34,-34
109900032,4,218,-214
109900033,0,290,-290
109900034,5,1,4
109900035,8,14,-6
109900036,10,68,-58
109900037,8,426,-418
109900038,10,204,-194
109900039,1,0,1
109900040,10,617,-607
109900041,27,448,-421
109900042,3,467,-464
109900044,31,247,-216
109900045,50,11,39
109900046,55,80,-25
109900047,202,272,-70
109900048,16,51,-35
109900049,3,8,-5
109900050,1,274,-273
109900051,0,52,-52
109900052,14,221,-207
109900053,0,385,-385
109900054,168,89,79
109900055,17,214,-197
109900056,24,49,-25
109900057,3,209,-206
109900058,0,104,-104
109900059,118,48,70
109900060,108,125,-17
109900061,68,316,-248
109900062,1,175,-174
109900063,3,227,-224
109900064,88,125,-37
109900065,61,100,-39
109900066,152,808,-656
109900067,1,379,-378
109900068,11,1,10
109900069,1,11,-10
109900070,36,252,-216
109900071,4,26,-22
109900072,2,99,-97
109900073,29,505,-476
109900074,3,29,-26
109900075,4,10,-6
109900076,17,462,-445
109900077,23,51,-28
109900078,57,181,-124
109900080,84,241,-157
109900081,7,74,-67
109900082,18,459,-441
109900083,5,22,-17
109900084,11,112,-101
109900085,96,1100,-1004
109900086,38,99,-61
109900087,105,262,-157
109900089,129,26,103
109900090,249,774,-525
109900091,53,62,-9
109900092,129,4,125
109900093,174,67,107
109900094,19,78,-59
109900095,39,197,-158
109900096,3,1,2
109900097,16,0,16
109900098,114,15,99
109900099,15,0,15
109900100,9,0,9
109900101,77,4,73
109900102,166,11,155
109900103,0,31,-31
109900104,99,1085,-986
109900105,143,18,125
109900106,36,40,-4
109900107,73,61,12
109900108,36,563,-527
109900109,34,152,-118
109900110,23,404,-381
109900111,126,913,-787
109900112,176,809,-633
109900113,134,136,-2
109900114,574,74,500
109900115,24,54,-30
109900117,216,83,133
109900118,128,353,-225
109900119,334,201,133
109900120,15,9,6
109900121,178,57,121
109900122,133,3,130
109900123,0,136,-136
109900124,16,723,-707
109900125,1,202,-201
109900126,26,164,-138
109900128,30,21,9
109900130,9928,657,9271
109900131,21,74,-53
109900132,12,128,-116
109900133,14,354,-340
109900134,23,34,-11
109900135,358,32,326
109900136,12,121,-109
109900137,14,358,-344
109900140,78,317,-239
109900142,209,152,57
109900145,1,66,-65
109900146,162,18,144
109900148,26,38,-12
109900149,34,25,9
109900150,5,35,-30
109900151,1,53,-52
109900152,0,34,-34
109900153,0,20,-20
109900154,5,0,5
109900155,10,8,2
109900157,15,143,-128
109900158,36,86,-50
109900159,48,10,38
109900160,26,9,17
109900161,85,15,70
109900162,38,28,10
109900163,540,166,374
109900164,28,231,-203
109900165,45,1,44
109900166,0,138,-138
109900167,59,629,-570
109900168,57,537,-480
109900169,39,131,-92
109900170,161,194,-33
109900171,37,30,7
109900172,50,70,-20
109900173,3723,502,3221
109900174,12,123,-111
109900175,9,86,-77
109900176,33,153,-120
109900177,11,243,-232
109900178,2,93,-91
109900179,1,11,-10
109900180,6,1,5
110000001,566,379,187
110000002,298,320,-22
110000003,738,492,246
110000004,434,487,-53
110000005,607,967,-360
110000006,464,294,170
110000007,75,111,-36
110000008,5,96,-91
110000009,9,49,-40
110000010,4,82,-78
110000011,4,92,-88
110000012,496,328,168
110000013,30,288,-258
110000014,606,354,252
110000015,464,422,42
110000016,291,723,-432
110000017,3723,270,3453
110000018,3120,359,2761
110000019,9,201,-192
110000020,364,207,157
110000021,285,381,-96
110000022,426,69,357
110000023,6,156,-150
110000024,461,324,137
110000025,67,6,61
110000026,2,628,-626
110000027,382,226,156
110000028,554,800,-246
110000029,272,650,-378
110000030,161,302,-141
110000031,122,512,-390
110000032,455,509,-54
110000033,101,51,50
110000034,188,1243,-1055
110000035,187,896,-709
110000036,237,1097,-860
110000037,56,573,-517
110000038,110,745,-635
110000039,320,997,-677
110000040,306,428,-122
110000041,87,426,-339
110000042,71,278,-207
110000043,238,75,163
110000044,36,66,-30
110000045,111,33,78
110000046,1,7,-6
110000047,5,32,-27
110000048,4,4,0
110000049,8,5,3
110000050,9,13,-4
110000051,14,3,11
110000052,15,48,-33
110000053,16,4,12
110000054,98,213,-115
110000055,175,69,106
110000056,112,52,60
110000057,232,652,-420
110000058,381,452,-71
110000059,450,454,-4
110000060,262,725,-463
110000061,824,701,123
110000062,608,623,-15
110000063,17,68,-51
110000064,29,94,-65
110000065,37,115,-78
110000066,20,72,-52
110000067,60,244,-184
110000068,56,375,-319
110000069,59,153,-94
110000071,17,269,-252
110000073,2,28,-26
110000075,1,156,-155
110000076,254,106,148
110000077,350,212,138
110000078,2,71,-69
110000080,179,592,-413
110000081,8,206,-198
110000082,11,152,-141
110000083,167,560,-393
110000084,419,377,42
110000085,3238,1387,1851
110000086,1403,509,894
110000087,1,27,-26
110000088,13,240,-227
110000089,94,134,-40
110000090,29,253,-224
110000091,1530,238,1292
110000092,14,94,-80
110000093,40,4,36
110000094,301,235,66
110000095,56,281,-225
110000096,3293,1582,1711
110000097,737,655,82
110000098,888,291,597
110000099,783,1375,-592
110000100,123,757,-634
110000101,11,551,-540
110000102,15,29,-14
110000104,49,44,5
110000105,35,273,-238
110000106,172,134,38
110000107,273,468,-195
110000108,111,26,85
110000109,193,203,-10
110000110,4101,2365,1736
110000111,7468,1133,6335
110000112,1133,255,878
110000113,668,626,42
110000114,58,234,-176
110000115,143,249,-106
110000116,25,23,2
110000117,67,518,-451
110000118,161,227,-66
110000119,136,357,-221
110000120,157,159,-2
110000121,55,217,-162
110000122,155,404,-249
110000123,143,388,-245
110000124,3,959,-956
110000125,537,0,537
110000126,93,6,87
110000127,284,17,267
110000128,16,1604,-1588
110000129,5,761,-756
110000130,69,55,14
110000131,93,568,-475
110000132,3,658,-655
110000133,55,229,-174
110000134,21,260,-239
110000135,190,38,152
110000136,35,323,-288
110000137,186,570,-384
110000138,268,874,-606
110000139,481,1388,-907
110000140,427,245,182
110000143,633,271,362
110000144,3297,692,2605
110000145,1067,425,642
110000146,1186,409,777
110000147,128,500,-372
110000148,298,308,-10
110000151,728,542,186
110000152,775,209,566
110000153,38,64,-26
110000154,0,15,-15
110000155,813,1184,-371
110000156,606,865,-259
110000157,877,1139,-262
110000160,243,318,-75
110000161,128,369,-241
110000166,102,102,0
110000167,405,328,77
110000168,479,185,294
110000169,174,226,-52
110000170,71,120,-49
110000171,330,274,56
110000172,115,803,-688
110000173,1067,1274,-207
110000174,42,1276,-1234
110000175,166,97,69
110000176,8,282,-274
110000177,99,646,-547
110000178,344,441,-97
110000179,1029,240,789
110000180,31,269,-238
110000181,128,307,-179
110000182,252,228,24
110000183,9124,3192,5932
110000184,427,1244,-817
110000185,591,506,85
110000186,412,416,-4
110000191,108,370,-262
110000192,142,0,142
110000193,199,0,199
110000194,5,1084,-1079
110000195,75,346,-271
110000196,163,536,-373
110000197,8,194,-186
110000198,25,42,-17
110000199,25,64,-39
110000200,1067,569,498
110000201,288,353,-65
110000202,478,259,219
110000203,463,684,-221
110000204,0,263,-263
110000205,15,86,-71
110000206,285,1296,-1011
110000207,184,258,-74
110000208,36,127,-91
110000209,38,576,-538
110000210,171,564,-393
110000211,262,592,-330
110000212,190,655,-465
110000213,43,75,-32
110000214,47,122,-75
110000215,35,561,-526
110000216,26,582,-556
110000217,72,223,-151
110000218,71,394,-323
110000219,91,60,31
110000220,16,425,-409
110000221,132,108,24
110000222,15,298,-283
110000223,4,52,-48
110000224,56,3,53
110000225,71,467,-396
110000226,107,33,74
110000227,314,289,25
110000228,123,169,-46
110000229,0,215,-215
110000230,210,572,-362
110000231,75,117,-42
110000232,66,152,-86
110000233,48,210,-162
110000234,354,219,135
110000235,795,680,115
110000236,150,822,-672
110000237,770,924,-154
110000238,603,1166,-563
110000239,622,1036,-414
110000240,0,72,-72
110000242,0,6,-6
110000243,36,170,-134
110000244,61,248,-187
110000245,24,370,-346
110000246,316,601,-285
110000247,3256,2953,303
110000248,3795,1016,2779
110000249,71,5,66
110000250,3,151,-148
110000251,41,347,-306
110000252,182,239,-57
110000253,984,309,675
110000254,1268,1036,232
110000255,219,1039,-820
110000256,346,135,211
110000257,640,228,412
110000258,5,424,-419
110000259,73,23,50
110000260,14,419,-405
110000263,881,67,814
110000264,136,622,-486
110000265,790,1546,-756
110000266,1445,2096,-651
110000267,7,132,-125
110000268,110,319,-209
110000269,0,70,-70
110000270,5,2,3
110000271,2038,237,1801
110000272,483,744,-261
110000273,1978,850,1128
110000274,118,940,-822
110000275,2432,337,2095
110000276,71,235,-164
110000277,94,240,-146
110000278,196,707,-511
110000279,517,555,-38
110000280,108,357,-249
110000281,8,143,-135
110000282,177,48,129
110000283,28,74,-46
110000284,23,21,2
110000285,0,116,-116
110000286,19,0,19
110000287,50,0,50
110000288,0,49,-49
110000289,229,855,-626
110000290,1187,569,618
110000291,5131,908,4223
110000292,942,5191,-4249
110000293,201,821,-620
110000294,397,909,-512
110000295,72,748,-676
110000296,148,272,-124
110000297,4118,281,3837
110000298,935,419,516
110000299,1540,14,1526
110000301,287,9,278
110000302,151,1093,-942
110000303,147,3,144
110000304,95,267,-172
110000305,354,35,319
110000306,94,2120,-2026
110000307,435,1,434
110000308,162,9,153
110000309,3,1362,-1359
110000310,305,54,251
110000311,20,788,-768
110000312,990,21,969
110000313,5636,1385,4251
110000314,1,201,-200
110000315,2364,1124,1240
110000316,392,950,-558
110000317,329,199,130
110000318,2,77,-75
110000319,7,20,-13
110000320,12,50,-38
110000321,17,70,-53
110000322,98,462,-364
110000323,243,277,-34
110000324,4289,835,3454
110000325,1858,2449,-591
110000327,329,126,203
110000328,102,393,-291
110000333,503,524,-21
110000334,491,1126,-635
110000335,860,529,331
110000336,218,1176,-958
110000337,408,436,-28
110000338,65,193,-128
110000339,76,211,-135
110000340,28,155,-127
110000341,148,463,-315
110000342,325,2,323
110000343,0,7,-7
110000344,15,135,-120
110000345,49,65,-16
110000346,1903,1295,608
110000347,901,765,136
110000348,1,28,-27
110000349,3,40,-37
110000350,20,3,17
110000351,321,751,-430
110000352,193,1271,-1078
110000353,2752,723,2029
110000354,470,1280,-810
110000355,26,53,-27
110000356,199,0,199
110000357,200,7,193
110000361,4,87,-83
110000362,12,39,-27
110000363,93,97,-4
110000364,48,347,-299
110000365,98,0,98
110000366,0,53,-53
110000367,129,188,-59
110000368,0,42,-42
110000369,12,0,12
110000373,2,280,-278
110000374,19,9,10
110000375,95,480,-385
110000376,32,110,-78
110000377,40,131,-91
110000378,22,257,-235
110000379,3178,577,2601
110000380,20,20,0
110000383,0,353,-353
110000384,1218,159,1059
110000385,1,178,-177
110000387,42,10,32
110000388,16,245,-229
110000389,142,2,140
110000391,151,426,-275
110000396,14,108,-94
110000397,20,166,-146
110000398,2,29,-27
110000399,69,0,69
110000587,35,47,-12
110000589,60,220,-160
110000640,78,228,-150
110000652,7,110,-103
110000653,78,444,-366
110000654,2,9,-7
110000656,2,509,-507
110000674,19,8,11
110000675,5,3,2
110000676,10,31,-21
110000679,722,231,491
110000682,52,93,-41
110000683,233,591,-358
110000684,2,70,-68
110000685,4,7,-3
110000686,0,28,-28
110000687,2,0,2
110000688,44,334,-290
110000689,12,137,-125
110000692,61,208,-147
110000693,78,278,-200
110000694,1,77,-76
110000695,76,625,-549
110000696,92,162,-70
110900001,90,11,79
110900002,463,196,267
110900003,131,921,-790
110900004,87,262,-175
110900005,3874,846,3028
110900006,38,4,34
110900007,9,6,3
110900008,1,36,-35
110900009,169,15,154
110900010,3,42,-39
110900011,4,63,-59
110900012,1,101,-100
110900013,338,118,220
110900014,50,3,47
110900015,646,185,461
110900016,8,142,-134
110900017,52,28,24
110900018,224,25,199
110900019,52,22,30
110900020,10,423,-413
110900021,37,568,-531
110900022,51,389,-338
110900023,41,251,-210
110900024,21,435,-414
110900025,0,50,-50
110900027,17,160,-143
110900028,16,108,-92
110900029,34,430,-396
110900030,12,333,-321
110900031,0,171,-171
110900032,0,88,-88
110900033,13,254,-241
110900035,28,425,-397
110900036,24,10,14
110900037,12,9,3
110900038,937,157,780
110900039,6,223,-217
110900040,81,25,56
110900041,4,140,-136
110900042,30,32,-2
110900043,0,141,-141
110900044,175,10,165
110900045,35,656,-621
110900046,91,234,-143
110900047,661,41,620
110900049,18,22,-4
110900050,9,0,9
110900051,44,133,-89
110900052,3,228,-225
110900053,27,37,-10
110900054,19,274,-255
110900055,8,1,7
110900056,51,88,-37
110900057,2,235,-233
110900058,42,232,-190
110900059,403,660,-257
110900060,184,53,131
110900061,49,29,20
110900062,15,297,-282
110900063,6,73,-67
110900064,10,0,10
110900065,344,54,290
110900066,1,51,-50
110900067,474,295,179
110900068,190,197,-7
110900069,2,14,-12
110900070,60,45,15
110900071,215,193,22
110900073,0,10,-10
110900074,159,54,105
110900075,79,43,36
110900077,146,279,-133
110900078,5,158,-153
110900079,2061,349,1712
110900080,29,30,-1
110900081,3,121,-118
110900082,27,160,-133
110900083,46,23,23
110900084,11,184,-173
110900085,21,232,-211
110900086,33,72,-39
110900087,98,51,47
110900088,9,0,9
110900090,26,11,15
110900091,1,59,-58
110900093,115,78,37
110900095,13,53,-40
110900097,2,8,-6
110900098,13,64,-51
110900099,43,378,-335
110900100,0,14,-14
110900102,6,18,-12
110900105,293,235,58
110900108,0,58,-58
110900111,159,28,131
110900112,221,3,218
110900113,448,13,435
110900115,2,63,-61
110900116,133,2095,-1962
110900118,165,760,-595
110900119,5072,199,4873
110900120,2,168,-166
110900121,34,1,33
110900122,109,88,21
110900125,81,112,-31
110900127,513,394,119
110900128,328,150,178
110900129,183,87,96
110900130,915,156,759
110900131,28,33,-5
110900132,157,41,116
110900133,21,297,-276
110900135,55,432,-377
110900136,114,4,110
110900139,34,0,34
110900140,0,0,0
110900141,103,73,30
110900142,16,198,-182
110900143,32,43,-11
110900144,2,507,-505
110900145,49,12,37
110900146,194,21,173
110900147,122,175,-53
110900148,1,214,-213
110900149,5,32,-27
110900150,2,11,-9
110900151,0,45,-45
110900152,4,335,-331
110900153,16,16,0
111000001,186,381,-195
111000002,468,616,-148
111000003,246,296,-50
111000004,350,970,-620
111000005,454,400,54
111000006,543,835,-292
111000007,2607,1012,1595
111000008,3035,2738,297
111000009,243,770,-527
111000010,312,161,151
111000011,346,772,-426
111000012,553,234,319
111000013,216,1008,-792
111000014,712,378,334
111000017,81,316,-235
111000018,98,296,-198
111000020,1996,1496,500
111000021,52,119,-67
111000023,43,119,-76
111000025,5285,1382,3903
111000029,50,88,-38
111000030,30,48,-18
111000031,1715,393,1322
111000032,393,159,234
111000033,181,81,100
111000034,237,139,98
111000037,2131,924,1207
111000038,2312,1722,590
111000039,1112,1655,-543
111000040,1044,1831,-787
111000041,1097,1000,97
111000042,5401,2298,3103
111000043,1244,1002,242
111000044,697,248,449
111000045,792,1032,-240
111000046,615,824,-209
111000047,1026,1207,-181
111000049,211,439,-228
111000050,1446,1530,-84
111000051,237,941,-704
111000052,555,1086,-531
111000053,355,740,-385
111000054,381,764,-383
111000055,873,1847,-974
111000056,76,647,-571
111000057,58,863,-805
111000058,55,94,-39
111000059,147,271,-124
111000060,1543,561,982
111000061,464,226,238
111000062,290,150,140
111000063,1866,563,1303
111000064,254,489,-235
111000065,524,636,-112
111000066,131,155,-24
111000067,202,515,-313
111000068,140,493,-353
111000069,1200,1594,-394
111000070,2155,1089,1066
111000071,190,704,-514
111000072,297,176,121
111000073,47,380,-333
111000074,1032,834,198
111000075,263,467,-204
111000076,198,626,-428
111000077,534,943,-409
111000078,1283,829,454
111000079,1089,667,422
111000080,219,651,-432
111000081,1746,2427,-681
111000082,403,590,-187
111000084,377,464,-87
111000085,666,1827,-1161
111000086,2338,1288,1050
111000087,685,841,-156
111000088,4680,1281,3399
111000089,305,807,-502
111000090,986,1181,-195
111000091,393,774,-381
111000092,567,1158,-591
111000093,405,642,-237
111000094,1333,620,713
111000095,891,1240,-349
111000096,2576,4403,-1827
111000097,4993,955,4038
111000098,228,1173,-945
111000099,195,2131,-1936
111000100,166,2057,-1891
111000101,316,774,-458
111000102,39,803,-764
111000104,87,165,-78
111000107,40,653,-613
111000109,117,118,-1
111000110,344,351,-7
111000111,528,258,270
111000112,512,136,376
111000113,363,217,146
111000114,810,539,271
111000115,6427,583,5844
111000116,868,492,376
111000117,474,480,-6
111000118,1639,738,901
111000119,597,1317,-720
111000120,189,439,-250
111000121,152,435,-283
111000122,232,829,-597
111000123,490,2874,-2384
111000124,259,3428,-3169
111000125,87,1860,-1773
111000126,50,967,-917
111000127,369,100,269
111000128,366,174,192
111000129,804,258,546
111000130,562,626,-64
111000131,475,583,-108
111000132,310,311,-1
111000133,66,156,-90
111000134,49,100,-51
111000135,20,110,-90
111000136,106,265,-159
111000138,4,10,-6
111000140,0,2,-2
111000141,33,181,-148
111000142,7,124,-117
111000143,1,91,-90
111000144,3,90,-87
111000145,77,3,74
111000146,17,2,15
111000147,77,3,74
111000148,58,43,15
111000149,1,25,-24
111000150,4,11,-7
111000151,1,20,-19
111000153,505,312,193
111000154,559,128,431
111000155,62,90,-28
111000156,365,154,211
111000157,58,208,-150
111000158,486,386,100
111000159,1999,501,1498
111000160,142,426,-284
111000161,7,184,-177
111000162,3,141,-138
111000163,192,624,-432
111000164,662,1412,-750
111000165,1153,338,815
111000166,819,170,649
111000167,134,428,-294
111000168,151,323,-172
111000169,178,314,-136
111000170,358,233,125
111000171,333,746,-413
111000172,70,607,-537
111000173,142,1190,-1048
111000174,56,340,-284
111000175,17,256,-239
111000176,76,177,-101
111000177,63,305,-242
111000178,288,426,-138
111000179,44,252,-208
111000180,102,254,-152
111000181,240,222,18
111000182,70,149,-79
111000183,114,172,-58
111000184,199,205,-6
111000185,187,420,-233
111000186,98,268,-170
111000187,42,231,-189
111000188,37,331,-294
111000189,1234,518,716
111000190,192,551,-359
111000191,75,463,-388
111000192,154,603,-449
111000193,280,308,-28
111000194,12,457,-445
111000195,50,389,-339
111000196,14,310,-296
111000197,103,164,-61
111000198,116,157,-41
111000199,37,182,-145
111000200,73,284,-211
111000201,210,218,-8
111000202,100,145,-45
111000203,152,225,-73
111000204,185,221,-36
111000213,110,386,-276
111000214,967,1337,-370
111000215,545,1174,-629
111000217,561,719,-158
111000218,643,726,-83
111000219,286,188,98
111000220,2370,375,1995
111000221,407,89,318
111000224,96,303,-207
111000225,174,188,-14
111000226,76,0,76
111000227,30,7,23
111000228,1,106,-105
111000229,22,253,-231
111000230,119,388,-269
111000231,143,1103,-960
111000232,84,912,-828
111000233,156,834,-678
111000234,18,122,-104
111000239,162,160,2
111000240,6,52,-46
111000241,16,338,-322
111000242,28,20,8
111000243,42,739,-697
111000244,65,84,-19
111000245,145,570,-425
111000246,96,514,-418
111000247,88,1181,-1093
111000248,143,288,-145
111000249,306,991,-685
111000250,7,124,-117
111000251,8,70,-62
111000253,0,0,0
111000255,0,0,0
111000257,0,0,0
111000260,18,1096,-1078
111000261,181,35,146
111000271,46,312,-266
111000273,4789,846,3943
111000274,710,1420,-710
111000275,50,70,-20
111000276,229,2239,-2010
111000277,95,448,-353
111000278,319,250,69
111000291,247,1938,-1691
111000298,159,206,-47
111000299,326,25,301
111000300,44,474,-430
111000302,84,78,6
111000303,68,207,-139
111000312,31,36,-5
111000315,14,205,-191
111000320,165,542,-377
111000321,137,20,117
111000322,60,454,-394
111000323,45,12,33
111000324,210,178,32
111000325,19,68,-49
111000326,31,350,-319
111000327,202,566,-364
111000328,99,315,-216
111000329,1,39,-38
111000330,21,22,-1
111000331,7,4,3
111000332,155,874,-719
111000334,285,1533,-1248
111000335,165,82,83
111000337,189,411,-222
111000338,8,107,-99
111000339,72,513,-441
111000340,44,764,-720
111000341,337,109,228
111000342,28,177,-149
111000344,364,543,-179
111000345,45,15,30
111000346,9,83,-74
111000347,19,0,19
111000350,138,142,-4
111000351,48,185,-137
111000352,62,121,-59
111000353,41,255,-214
111000354,151,172,-21
111000355,89,615,-526
111000358,40,1648,-1608
111000360,67,902,-835
111000361,34,387,-353
111000546,90,643,-553
111000547,89,484,-395
111000548,45,104,-59
111000549,78,311,-233
111000550,64,174,-110
111000551,481,63,418
111000552,181,41,140
111000907,115,10,105
111000908,13,1,12
111000916,354,191,163
111000917,8,324,-316
111000918,60,987,-927
111000920,149,16,133
111000921,3,321,-318
111000922,75,293,-218
111000924,10,956,-946
111000925,868,966,-98
111000926,626,2415,-1789
111000927,2334,1932,402
111000928,5505,2878,2627
111000929,466,604,-138
111000930,471,1904,-1433
111000931,685,953,-268
111000932,2545,1720,825
111000933,1934,1100,834
111000934,1736,2247,-511
111000935,454,758,-304
111000936,423,1958,-1535
111000937,481,703,-222
111000938,1268,2156,-888
111000939,140,22,118
111000940,127,216,-89
111000941,52,458,-406
111000943,103,218,-115
111000944,55,475,-420
111000945,11,1994,-1983
111001109,132,83,49
111001110,103,611,-508
111001111,3,4,-1
111001112,47,1,46
111001113,43,73,-30
111001114,604,74,530
111001115,97,244,-147
111001116,3981,713,3268
111001117,434,341,93
111001120,49,339,-290
111001121,83,291,-208
111001122,139,699,-560
111001123,35,131,-96
111001124,46,476,-430
111001125,0,12,-12
111001126,2,52,-50
111900001,0,125,-125
111900002,3,541,-538
111900003,0,281,-281
111900004,21,110,-89
111900006,2,9,-7
111900007,15,4,11
111900008,8,0,8
111900009,12,21,-9
111900010,118,450,-332
111900012,72,74,-2
111900013,3,52,-49
111900014,6602,962,5640
111900015,0,55,-55
111900016,2,132,-130
111900017,1,90,-89
111900018,45,2,43
111900019,2,77,-75
111900020,5,37,-32
111900021,24,65,-41
111900022,8,54,-46
111900023,103,33,70
111900024,5,79,-74
111900025,0,25,-25
111900026,0,67,-67
111900027,2,166,-164
111900028,5,389,-384
111900029,1,75,-74
111900030,27,282,-255
111900031,0,18,-18
111900032,1,398,-397
111900033,5,79,-74
111900034,122,468,-346
111900035,2,211,-209
111900036,2,363,-361
111900038,235,395,-160
111900039,30,379,-349
111900040,4,696,-692
111900042,35,42,-7
111900043,0,458,-458
111900044,159,180,-21
111900046,47,204,-157
111900048,46,747,-701
111900049,26,345,-319
111900050,24,2,22
111900051,5,192,-187
111900052,324,551,-227
111900053,1080,142,938
111900054,29,1,28
111900055,18,634,-616
111900056,97,70,27
111900057,11,20,-9
111900058,66,796,-730
111900059,1513,115,1398
111900060,92,8,84
111900061,8,289,-281
111900062,6,10,-4
111900063,47,144,-97
111900064,105,231,-126
111900065,8,11,-3
111900066,17,62,-45
111900067,0,258,-258
111900068,23,10,13
111900069,21,12,9
111900070,30,117,-87
111900071,2,233,-231
111900072,7,2,5
111900073,189,44,145
111900074,5,156,-151
111900075,18,3,15
111900076,20,6,14
111900077,2,0,2
111900078,35,3,32
111900079,1,2,-1
111900080,161,47,114
111900082,18,5,13
111900083,19,1,18
111900084,7,2,5
111900085,15,18,-3
111900086,22,1,21
111900087,13,0,13
111900088,91,1,90
111900089,10,1,9
111900090,21,11,10
111900091,26,0,26
111900092,7,0,7
111900093,88,3,85
111900094,15,0,15
111900095,34,5,29
111900096,12,0,12
111900097,6,0,6
111900098,38,0,38
111900099,8,0,8
111900100,10,0,10
111900101,66,7,59
111900102,83,741,-658
111900103,32,11,21
111900104,31,60,-29
111900105,61,83,-22
111900106,1034,19,1015
111900110,2942,92,2850
111900111,17,188,-171
111900112,519,488,31
111900113,260,58,202
111900118,82,16,66
111900119,82,38,44
111900122,64,13,51
111900123,8,23,-15
111900124,10,100,-90
111900125,69,6,63
111900126,21,2,19
111900127,3,691,-688
111900128,7,544,-537
111900129,52,4,48
111900130,57,5,52
111900131,70,0,70
111900132,15,1069,-1054
111900133,10,252,-242
111900134,13,248,-235
111900135,1,5,-4
111900136,38,30,8
111900137,25,39,-14
111900138,0,59,-59
111900139,27,109,-82
111900140,22,13,9
111900141,5,6,-1
111900142,39,3,36
111900143,7,226,-219
111900144,1,142,-141
111900145,2,656,-654
111900146,0,352,-352
111900147,112,490,-378
111900148,29,752,-723
111900149,10,451,-441
111900150,8,189,-181
111900151,1,13,-12
111900152,100,23,77
111900153,1155,86,1069
111900154,2,77,-75
111900155,34,24,10
111900156,3,18,-15
111900157,10,2,8
111900158,64,10,54
111900159,53,11,42
111900160,42,2,40
111900161,25,0,25
111900162,101,64,37
111900163,25,150,-125
111900164,41,18,23
111901113,67,311,-244
111901114,19,359,-340
111901115,4,0,4
111901116,22,0,22
111901117,3,0,3
111901118,90,22,68
111901119,1052,43,1009
111901121,119,259,-140
111901122,3,536,-533
111901123,36,447,-411
111901124,16,0,16
111901125,56,123,-67
111901127,640,83,557
111901128,5,83,-78
111901129,2,104,-102
111901130,4,179,-175
111901131,2,276,-274
111901132,17,1,16
111901133,4,0,4
111901134,10,2,8
111901135,6,2,4
111901136,5,5,0
111901138,37,11,26
111901139,6,46,-40
111901140,1,135,-134
111901141,4,209,-205
111901142,2,125,-123
111901143,4,80,-76
111901144,30,21,9
111901145,80,107,-27
111901146,97,0,97
111901147,784,52,732
111901148,4,17,-13
111901149,2,1,1
112000001,752,504,248
112000002,499,2067,-1568
112000003,409,523,-114
112000004,366,1506,-1140
112000005,756,816,-60
112000006,1020,1650,-630
112000007,937,799,138
112000008,1380,2031,-651
112000009,3125,3040,85
112000010,1274,1588,-314
112000011,1249,2116,-867
112000012,4734,880,3854
112000013,5661,2770,2891
112000014,2165,310,1855
112000015,2784,1585,1199
112000016,2408,594,1814
112000017,953,721,232
112000024,1413,466,947
112000026,4475,4888,-413
112000027,474,279,195
112000028,1404,1530,-126
112000029,82,339,-257
112000030,162,114,48
112000031,1054,1362,-308
112000032,594,32,562
112000033,1575,397,1178
112000034,363,17,346
112000035,47,150,-103
112000036,471,334,137
112000037,447,785,-338
112000038,482,754,-272
112000039,13,91,-78
112000040,103,321,-218
112000041,246,503,-257
112000042,643,238,405
112000050,393,929,-536
112000051,317,469,-152
112000054,1241,2077,-836
112000057,432,263,169
112000058,278,378,-100
112000059,628,320,308
112000061,5870,1090,4780
112000062,2867,320,2547
112000063,1962,414,1548
112000064,4958,5196,-238
112000065,2290,2374,-84
112000066,2121,599,1522
112000067,537,630,-93
112000068,1123,713,410
112000069,481,2114,-1633
112000070,862,346,516
112000071,529,3024,-2495
112000072,444,627,-183
112000073,730,1645,-915
112000074,315,548,-233
112000075,523,663,-140
112000076,2510,2426,84
112000077,266,677,-411
112000078,597,599,-2
112000079,767,1185,-418
112000080,311,878,-567
112000081,704,1726,-1022
112000082,536,478,58
112000083,439,1731,-1292
112000084,561,476,85
112000085,609,1264,-655
112000086,851,1365,-514
112000087,130,515,-385
112000088,148,706,-558
112000089,125,267,-142
112000090,151,368,-217
112000091,475,1168,-693
112000092,617,542,75
112000093,1034,1119,-85
112000094,235,729,-494
112000095,245,635,-390
112000096,105,680,-575
112000097,322,336,-14
112000098,444,1419,-975
112000099,296,291,5
112000100,513,637,-124
112000101,219,854,-635
112000102,360,446,-86
112000103,146,1339,-1193
112000105,355,1989,-1634
112000106,441,349,92
112000107,21,57,-36
112000108,136,1651,-1515
112000109,66,53,13
112000110,597,332,265
112000111,931,3865,-2934
112000112,1721,360,1361
112000113,720,2120,-1400
112000114,1015,596,419
112000115,95,492,-397
112000116,149,769,-620
112000117,248,416,-168
112000118,443,725,-282
112000119,223,903,-680
112000120,47,329,-282
112000121,29,602,-573
112000122,74,132,-58
112000123,197,130,67
112000124,80,56,24
112000125,43,111,-68
112000126,44,793,-749
112000127,1653,658,995
112000128,1038,353,685
112000129,49,116,-67
112000130,26,26,0
112000131,20,306,-286
112000132,35,292,-257
112000133,134,164,-30
112000134,269,357,-88
112000135,400,437,-37
112000136,505,1140,-635
112000137,647,938,-291
112000138,973,1193,-220
112000139,546,169,377
112000140,672,908,-236
112000141,187,146,41
112000142,78,926,-848
112000143,328,188,140
112000144,142,1607,-1465
112000145,814,473,341
112000146,465,2303,-1838
112000147,764,1022,-258
112000148,908,1968,-1060
112000149,90,605,-515
112000150,69,523,-454
112000151,197,460,-263
112000152,101,266,-165
112000153,204,228,-24
112000154,69,92,-23
112000155,94,37,57
112000157,339,311,28
112000158,96,533,-437
112000159,132,230,-98
112000167,63,9,54
112000169,198,229,-31
112000173,235,179,56
112000175,133,301,-168
112000176,4931,1337,3594
112000177,108,29,79
112000178,37,441,-404
112000179,54,128,-74
112000180,168,151,17
112000181,503,1572,-1069
112000182,273,1703,-1430
112000183,19,33,-14
112000184,134,466,-332
112000185,107,430,-323
112000187,1254,1505,-251
112000195,60,4,56
112000196,55,0,55
112000197,30,80,-50
112000198,26,358,-332
112000199,513,958,-445
112000202,62,2,60
112000216,38,111,-73
112000230,29,2,27
112000231,0,353,-353
112000256,20,88,-68
112000313,99,215,-116
112000314,10,4,6
112000337,95,440,-345
112000352,95,84,11
112000392,1839,791,1048
112000398,462,511,-49
112000399,1112,818,294
112000400,1226,3669,-2443
112000401,1943,2247,-304
112000402,876,1369,-493
112000403,1110,961,149
112000404,178,338,-160
112000405,868,1797,-929
112000406,2497,2636,-139
112000407,2071,3696,-1625
112000408,6521,5556,965
112000409,1200,4230,-3030
112000410,102,45,57
112000411,3526,257,3269
112000412,663,170,493
112000413,7710,1090,6620
112000414,26,79,-53
112000415,64,30,34
112000416,817,912,-95
112000417,120,46,74
112000421,30,110,-80
112000422,176,390,-214
112000424,1680,884,796
112000425,182,1188,-1006
112000426,45,164,-119
112000427,0,12,-12
112000428,28,324,-296
112000429,1338,2422,-1084
112000430,1100,2700,-1600
112000431,14,54,-40
112000432,258,2028,-1770
112000433,541,348,193
112000437,18,380,-362
112900001,12,1,11
112900002,47,1261,-1214
112900003,10,201,-191
112900004,5,298,-293
112900005,35,208,-173
112900006,4,344,-340
112900007,4,124,-120
112900008,0,11,-11
112900009,187,58,129
112900010,25,614,-589
112900011,266,195,71
112900012,0,35,-35
112900013,1,66,-65
112900014,0,232,-232
112900015,173,715,-542
112900016,1,227,-226
112900017,14,141,-127
112900018,1,389,-388
112900019,31,127,-96
112900020,325,1457,-1132
112900021,3,196,-193
112900022,7,58,-51
112900023,3,335,-332
112900024,13,121,-108
112900025,65,121,-56
112900026,1,266,-265
112900027,10,1221,-1211
112900028,14,86,-72
112900029,2,482,-480
112900030,269,111,158
112900031,1,552,-551
112900032,30,199,-169
112900034,0,44,-44
112900035,2,473,-471
112900036,19,109,-90
112900037,72,60,12
112900038,84,71,13
112900039,4,264,-260
112900040,3,237,-234
112900041,890,342,548
112900042,14,263,-249
112900043,14,34,-20
112900044,336,193,143
112900045,545,168,377
112900046,193,36,157
112900047,8,20,-12
112900049,21,66,-45
112900050,55,645,-590
112900051,256,570,-314
112900052,8,955,-947
112900053,160,92,68
112900054,194,24,170
112900055,72,5,67
112900056,130,67,63
112900057,3,605,-602
112900058,164,55,109
112900059,33,103,-70
112900060,2,139,-137
112900061,11,111,-100
112900062,27,127,-100
112900063,33,2,31
112900064,79,90,-11
112900065,5,1,4
112900066,57,32,25
112900067,529,86,443
112900068,9,9,0
112900069,2432,201,2231
112900071,7,0,7
112900072,101,204,-103
112900073,144,17,127
112900074,24,44,-20
112900075,1889,208,1681
112900076,25,3,22
112900078,62,73,-11
112900079,41,5,36
112900080,6,0,6
112900081,23,37,-14
112900082,101,3,98
112900083,15,20,-5
112900084,66,18,48
112900086,11,0,11
112900087,94,19,75
112900088,10,2,8
112900089,226,5,221
112900090,3,2,1
112900091,22,3,19
112900092,49,51,-2
112900093,184,4,180
112900095,5,0,5
112900096,94,31,63
112900097,6,312,-306
112900098,2,0,2
112900099,156,3,153
112900100,10,1,9
112900101,60,3,57
112900102,49,2,47
112900103,54,1,53
112900104,9,0,9
112900105,1,0,1
112900106,191,21,170
112900107,0,0,0
112900108,6,0,6
112900109,15,0,15
112900110,195,5,190
112900111,121,2,119
112900112,40,0,40
112900113,0,8,-8
112900114,6,9,-3
112900115,177,0,177
112900116,16,23,-7
112900117,84,82,2
112900118,6,56,-50
112900119,22,0,22
112900120,529,82,447
112900121,150,135,15
112900122,12,116,-104
112900123,86,1,85
112900124,3,94,-91
112900125,21,183,-162
112900126,81,217,-136
112900127,89,11,78
112900128,369,613,-244
112900129,1,926,-925
112900130,62,23,39
112900131,37,217,-180
112900132,30,366,-336
112900133,11,1153,-1142
112900134,1,209,-208
112900135,37,17,20
112900137,2,723,-721
112900138,1,440,-439
112900139,137,930,-793
112900141,133,13,120
112900142,43,31,12
112900143,26,545,-519
112900144,0,342,-342
112900145,39,400,-361
112900146,5,1325,-1320
112900147,2,2161,-2159
112900148,4,0,4
112900149,107,377,-270
112900151,21,31,-10
112900152,4359,715,3644
112900153,865,455,410
112900154,0,86,-86
112900155,23,2,21
112900156,24,1567,-1543
112900157,57,161,-104
112900158,5,1,4
112900159,100,22,78
112900160,10,242,-232
112900161,15,22,-7
112900162,14,9,5
112900163,81,12,69
112900164,17,42,-25
112900165,51,23,28
112900166,3,20,-17
112900167,0,9,-9
112900168,2,1,1
112900169,5,3,2
112900170,35,47,-12
112900172,81,5,76
112900173,146,85,61
112900174,111,11,100
112900175,77,22,55
112900176,15,12,3
112900177,64,3,61
112900178,249,363,-114
112900179,27,567,-540
112900180,325,1981,-1656
112900181,101,0,101
112900182,13,1417,-1404
112900183,48,96,-48
112900184,243,140,103
112900185,146,304,-158
112900186,921,289,632
112900187,29,79,-50
112900188,677,165,512
112900189,0,19,-19
112900190,2,43,-41
112900192,183,107,76
112900193,563,112,451
112900194,1,73,-72
112900195,118,11,107
112900196,166,515,-349
112900197,67,289,-222
112900199,102,457,-355
112900200,129,160,-31
112900201,42,52,-10
112900202,37,812,-775
112900203,14,166,-152
112900204,470,179,291
112900205,3,4,-1
112900206,2,40,-38
112900207,0,0,0
112900208,11,38,-27
112900209,235,289,-54
112900210,0,9,-9
112900211,22,11,11
112900212,0,27,-27
112900213,5,1,4
112900214,6,1,5
112900215,2,173,-171
112900216,21,24,-3
112900217,0,61,-61
112900218,5,14,-9
112900219,4,9,-5
112900220,1,0,1
112900221,1,95,-94
112900222,0,9,-9
112900223,199,0,199
112900224,41,658,-617
112900225,150,523,-373
112900226,192,95,97
112900227,104,1417,-1313
112900228,10,21,-11
112900229,21,48,-27
112900230,6513,1335,5178
112900232,121,93,28
112900233,24,118,-94
112900234,0,98,-98
112900235,6,2,4
112900236,33,5,28
112900237,38,299,-261
112900238,1,42,-41
112900239,378,201,177
112900240,1,122,-121
112900241,3,136,-133
112900242,2,216,-214
112900243,2,203,-201
112900244,0,129,-129
112900245,0,45,-45
112900246,0,10,-10
112900247,58,6,52
112900248,18,3,15
112900249,20,6,14
112900250,28,11,17
112900251,14,6,8
112900252,7,9,-2
112900253,2,16,-14
112900254,1,7,-6
112900255,0,21,-21
112900256,0,11,-11
112900257,4,5,-1
112900258,3,11,-8
113000001,3692,3505,187
113000002,2740,2505,235
113000003,1520,1184,336
113000004,1727,1539,188
113000005,858,746,112
113000006,594,1093,-499
113000007,966,970,-4
113000008,841,1464,-623
113000009,404,780,-376
113000010,498,1298,-800
113000011,438,1469,-1031
113000012,531,504,27
113000013,897,333,564
113000014,1688,1231,457
113000015,436,234,202
113000016,146,174,-28
113000017,15,211,-196
113000018,98,20,78
113000019,8,219,-211
113000020,27,7,20
113000021,425,515,-90
113000022,246,1046,-800
113000025,49,260,-211
113000026,83,221,-138
113000027,332,181,151
113000028,480,230,250
113000029,638,418,220
113000030,513,487,26
113000031,259,184,75
113000032,203,139,64
113000033,285,273,12
113000034,429,231,198
113000035,18,26,-8
113000036,18,44,-26
113000037,45,15,30
113000038,10,46,-36
113000039,52,497,-445
113000040,51,117,-66
113000042,658,561,97
113000051,406,1074,-668
113000052,1890,858,1032
113000053,162,530,-368
113000054,104,558,-454
113000055,535,812,-277
113000056,428,1605,-1177
113000058,616,756,-140
113000059,1003,684,319
113000060,44,534,-490
113000061,604,682,-78
113000062,1012,124,888
113000063,27,162,-135
113000064,10,345,-335
113000065,162,1100,-938
113000066,216,63,153
113000067,699,723,-24
113000068,416,1854,-1438
113000069,247,1245,-998
113000070,552,531,21
113000071,168,663,-495
113000072,189,282,-93
113000073,389,1306,-917
113000074,676,215,461
113000075,1438,321,1117
113000076,1140,1419,-279
113000077,1452,292,1160
113000078,977,1001,-24
113000079,914,453,461
113000080,744,444,300
113000081,890,619,271
113000082,994,682,312
113000083,448,580,-132
113000084,1633,896,737
113000085,866,442,424
113000086,890,779,111
113000087,1114,743,371
113000088,1676,893,783
113000089,623,1189,-566
113000090,242,175,67
113000091,566,174,392
113000094,312,101,211
113000095,156,863,-707
113000096,125,714,-589
113000097,310,215,95
113000098,45,18,27
113000099,1233,144,1089
113000100,89,331,-242
113000101,234,340,-106
113000102,263,137,126
113000103,2007,594,1413
113000104,230,1841,-1611
113000105,248,382,-134
113000106,167,480,-313
113000107,356,757,-401
113000108,726,1327,-601
113000109,347,1983,-1636
113000110,1194,290,904
113000111,121,411,-290
113000112,340,347,-7
113000113,1801,235,1566
113000114,444,749,-305
113000116,568,193,375
113000117,473,161,312
113000118,78,229,-151
113000119,100,287,-187
113000120,21,172,-151
113000121,205,621,-416
113000124,101,108,-7
113000125,5,391,-386
113000127,2726,460,2266
113000128,308,347,-39
113000129,427,717,-290
113000133,3081,426,2655
113000134,2,329,-327
113000135,1995,1427,568
113000137,2234,897,1337
113000139,304,75,229
113000140,133,174,-41
113000141,218,57,161
113000142,404,404,0
113000143,309,84,225
113000144,340,448,-108
113000145,54,118,-64
113000146,45,62,-17
113000147,54,94,-40
113000148,41,103,-62
113000149,69,122,-53
113000150,421,236,185
113000151,111,51,60
113000152,13,127,-114
113000153,1242,357,885
113000154,321,626,-305
113000155,178,212,-34
113000156,119,268,-149
113000157,206,543,-337
113000158,381,153,228
113000159,495,356,139
113000160,388,867,-479
113000161,124,663,-539
113000162,291,242,49
113000163,40,37,3
113000164,38,79,-41
113000166,66,40,26
113000167,28,165,-137
113000168,28,176,-148
113000169,65,29,36
113000170,58,33,25
113000171,28,94,-66
113000172,141,57,84
113000173,22,5,17
113000174,105,456,-351
113000175,221,101,120
113000176,195,78,117
113000177,83,406,-323
113000178,73,363,-290
113000179,146,64,82
113000180,285,1059,-774
113000181,476,989,-513
113000182,159,172,-13
113000183,160,471,-311
113000184,18,59,-41
113000189,816,359,457
113000190,1039,226,813
113000192,2019,887,1132
113000193,3157,638,2519
113000194,1350,791,559
113000195,1690,354,1336
113000196,74,51,23
113000197,801,643,158
113000198,29,237,-208
113000199,361,330,31
113000201,183,109,74
113000202,2388,838,1550
113000203,334,91,243
113000204,1073,775,298
113000205,18,13,5
113000206,3,27,-24
113000207,42,17,25
113000208,30,40,-10
113000209,20,6,14
113000210,6,12,-6
113000211,298,114,184
113000212,254,15,239
113000213,9,99,-90
113000214,58,126,-68
113000234,98,1257,-1159
113000410,46,75,-29
113000411,1827,3313,-1486
113000412,10493,1393,9100
113000413,3606,1179,2427
113000414,9817,4881,4936
113000415,2342,1703,639
113000416,8497,2354,6143
113000417,3002,1806,1196
113000418,2485,1903,582
113000419,1414,1145,269
113000420,3493,1874,1619
113000421,3563,2809,754
113000422,14098,4193,9905
113000423,2177,1825,352
113000424,4124,4811,-687
113000425,13,28,-15
113000428,256,44,212
113000430,44,53,-9
113000432,574,50,524
113000433,162,985,-823
113000434,17,341,-324
113000435,8,905,-897
113000436,55,1335,-1280
113000437,184,19,165
113000438,96,15,81
113000439,14,160,-146
113000440,31,21,10
113000441,70,162,-92
113000442,81,260,-179
113000443,39,256,-217
113000444,64,276,-212
113000445,35,118,-83
113000446,13,90,-77
113000448,179,125,54
113000449,266,544,-278
113000450,425,997,-572
113000451,1222,103,1119
113000452,291,240,51
113000453,173,196,-23
113000454,530,38,492
113000455,54,121,-67
113000456,2321,1265,1056
113000468,2145,188,1957
113000469,161,39,122
113000470,350,62,288
113000471,7,238,-231
113000472,40,199,-159
113000474,150,634,-484
113000475,1094,1540,-446
113000476,755,1807,-1052
113000477,1300,1962,-662
113000478,2281,4963,-2682
113000479,20,296,-276
113000484,0,1,-1
113000485,0,0,0
113000486,0,0,0
113000487,0,0,0
113000488,0,0,0
113000489,0,0,0
113000490,0,0,0
113000491,0,0,0
113000492,0,0,0
113000493,0,0,0
113000495,120,241,-121
113000496,59,60,-1
113000499,0,0,0
113900001,0,32,-32
113900002,0,105,-105
113900003,0,44,-44
113900004,0,13,-13
113900005,0,5,-5
113900006,2,11,-9
113900007,38,0,38
113900008,65,0,65
113900009,112,0,112
113900010,60,0,60
113900011,12,0,12
113900012,9,0,9
113900013,160,1,159
113900014,663,1,662
113900015,0,36,-36
113900016,15,0,15
113900017,0,33,-33
113900018,362,23,339
113900019,23,48,-25
113900020,37,1,36
113900022,1,0,1
113900023,2,0,2
113900024,23,49,-26
113900025,251,3,248
113900026,45,0,45
113900027,0,37,-37
113900028,17,318,-301
113900029,12,277,-265
113900030,70,0,70
113900031,0,0,0
113900032,1,0,1
113900033,58,38,20
113900035,13,0,13
113900036,8,68,-60
113900037,9,528,-519
113900038,76,47,29
113900039,29,1,28
113900040,1,2,-1
113900041,0,4,-4
113900042,26,25,1
113900043,144,64,80
113900044,89,24,65
113900045,17,2,15
113900046,383,515,-132
113900047,14,111,-97
113900048,239,15,224
113900049,749,82,667
113900050,80,198,-118
113900051,112,312,-200
113900052,123,58,65
113900053,262,82,180
113900054,12,1,11
113900055,87,393,-306
113900056,15,80,-65
113900057,21,195,-174
113900058,33,103,-70
113900059,100,293,-193
113900060,79,236,-157
113900061,649,13,636
113900062,41,7,34
113900063,20,91,-71
113900064,18,117,-99
113900065,491,4,487
113900066,131,384,-253
113900067,51,302,-251
113900068,272,251,21
113900069,103,7,96
113900070,128,270,-142
113900071,44,38,6
113900072,22,120,-98
113900073,110,294,-184
113900074,1,359,-358
113900075,551,884,-333
113900076,62,2,60
113900077,21,192,-171
113900078,32,38,-6
113900079,1,54,-53
113900080,269,111,158
113900081,26,187,-161
113900082,101,135,-34
113900083,53,613,-560
113900084,139,63,76
113900085,22,300,-278
113900086,13,7,6
113900087,19,153,-134
113900088,7,23,-16
113900089,218,26,192
113900090,179,200,-21
113900091,9,5,4
113900092,28,37,-9
113900093,33,395,-362
113900094,69,463,-394
113900095,37,89,-52
113900096,45,40,5
113900097,2,99,-97
113900098,161,30,131
113900099,1,40,-39
113900100,0,0,0
113900101,1,34,-33
113900102,33,79,-46
113900103,118,234,-116
113900104,52,97,-45
113900105,18,300,-282
113900106,0,61,-61
113900107,0,18,-18
113900108,119,119,0
113900109,172,87,85
113900110,12,16,-4
113900111,37,63,-26
113900112,20,53,-33
113900113,358,344,14
113900114,1,112,-111
113900115,1,86,-85
113900116,39,97,-58
113900117,24,4,20
113900118,60,123,-63
113900119,249,121,128
113900120,20,22,-2
113900121,14,59,-45
113900122,133,962,-829
113900123,151,137,14
113900124,1,93,-92
113900125,1147,119,1028
113900126,53,17,36
113900127,151,296,-145
113900128,83,21,62
113900129,3,37,-34
113900130,0,7,-7
113900131,47,35,12
113900132,29,49,-20
113900133,15,45,-30
113900135,161,380,-219
113900136,74,44,30
113900137,185,135,50
113900138,33,76,-43
113900139,437,43,394
113900140,278,79,199
113900141,90,416,-326
113900142,30,52,-22
113900143,3,9,-6
113900144,302,65,237
113900145,147,159,-12
113900146,22,46,-24
113900148,94,112,-18
113900149,104,20,84
113900150,916,289,627
113900151,55,179,-124
113900152,9,66,-57
113900153,322,215,107
113900154,2,57,-55
113900155,174,34,140
113900156,105,473,-368
113900157,8,185,-177
113900158,186,69,117
113900159,8,139,-131
113900160,268,521,-253
113900161,10,153,-143
113900162,391,177,214
113900163,282,108,174
113900164,91,29,62
113900165,704,420,284
113900166,92,45,47
113900167,165,17,148
113900168,51,94,-43
113900169,139,349,-210
113900171,37,19,18
113900172,7,172,-165
113900173,28,585,-557
113900174,227,700,-473
113900175,93,42,51
113900176,88,596,-508
113900177,149,114,35
113900178,71,87,-16
113900179,12,586,-574
113900180,59,92,-33
113900181,224,52,172
113900182,300,801,-501
113900183,20,43,-23
113900184,19,422,-403
113900185,90,59,31
113900186,12,36,-24
113900187,16,125,-109
113900188,22,101,-79
113900189,100,49,51
113900190,226,74,152
113900191,51,144,-93
113900192,2,156,-154
113900193,15,208,-193
113900194,1531,624,907
113900195,282,354,-72
113900196,1,123,-122
113900197,1,265,-264
113900198,17,133,-116
113900199,142,473,-331
113900200,7,215,-208
113900201,1,237,-236
113900202,7,159,-152
113900203,2,216,-214
113900204,15,567,-552
113900205,7,66,-59
113900206,2,68,-66
113900207,1,44,-43
113900208,0,70,-70
113900209,0,83,-83
113900210,335,242,93
113900211,71,29,42
113900212,58,455,-397
113900214,316,182,134
113900215,13,160,-147
113900216,6,1204,-1198
113900217,10,294,-284
113900218,43,18,25
113900219,60,381,-321
113900220,64,50,14
113900221,223,93,130
113900222,212,157,55
113900223,16,1047,-1031
113900224,75,49,26
113900225,589,133,456
113900226,197,74,123
113900227,187,69,118
113900228,218,204,14
113900229,34,422,-388
113900230,3450,694,2756
113900231,81,157,-76
113900232,35,74,-39
113900233,24,44,-20
113900234,94,257,-163
113900235,9,29,-20
113900236,21,225,-204
113900237,32,4,28
113900238,75,184,-109
113900239,21,24,-3
113900240,0,54,-54
113900241,74,44,30
113900242,38,108,-70
113900243,67,291,-224
113900244,394,112,282
113900245,983,126,857
113900246,11,15,-4
113900247,100,71,29
113900248,2880,553,2327
113900249,741,104,637
113900250,38,76,-38
113900251,192,137,55
113900252,200,6,194
113900253,279,20,259
113900254,216,34,182
113900255,180,16,164
113900256,141,13,128
113900257,30,692,-662
113900258,9,427,-418
113900259,260,186,74
113900260,55,15,40
113900261,0,105,-105
113900262,68,630,-562
113900263,23,400,-377
113900264,2,576,-574
113900265,53,157,-104
113900266,18,241,-223
113900267,63,271,-208
113900268,94,222,-128
113900269,53,84,-31
113900270,172,253,-81
113900271,384,1245,-861
113900273,4,0,4
113900274,10,2,8
113900275,5,33,-28
113900276,2,225,-223
113900277,25,2,23
113900278,183,143,40
113900279,77,90,-13
113900280,856,310,546
113900281,157,602,-445
113900282,542,240,302
113900283,213,278,-65
113900284,499,53,446
113900285,66,10,56
113900286,13,114,-101
113900287,5,91,-86
113900288,0,83,-83
113900289,1282,39,1243
113900290,298,40,258
113900291,133,130,3
113900292,0,6,-6
113900293,1,240,-239
113900294,151,4,147
113900295,529,180,349
113900296,2331,264,2067
113900297,342,9,333
113900298,3,1329,-1326
113900299,10,105,-95
113900300,4520,1751,2769
113900301,520,146,374
113900302,2099,488,1611
113900303,484,84,400
113900304,1,127,-126
113900305,17,1,16
113900306,0,0,0
113900307,19,0,19
113900308,65,64,1
113900309,2,708,-706
113900310,0,14,-14
113900311,0,0,0
113900312,45,58,-13
113900313,23,4,19
114000001,828,2709,-1881
114000002,89,452,-363
114000003,19,380,-361
114000004,256,382,-126
114000005,121,225,-104
114000006,5381,1665,3716
114000007,491,1203,-712
114000008,1998,693,1305
114000009,128,148,-20
114000011,1699,2681,-982
114000012,938,2491,-1553
114000013,626,1832,-1206
114000014,301,439,-138
114000015,477,481,-4
114000016,301,420,-119
114000017,49,277,-228
114000018,263,82,181
114000026,390,1482,-1092
114000027,989,1841,-852
114000028,974,1468,-494
114000038,47,146,-99
114000039,26,70,-44
114000040,71,156,-85
114000042,49,200,-151
114000043,38,209,-171
114000044,32,35,-3
114000045,41,130,-89
114000046,2964,4023,-1059
114000047,5,44,-39
114000048,16,47,-31
114000049,1516,888,628
114000050,2211,910,1301
114000051,5461,1209,4252
114000052,3081,886,2195
114000053,32,331,-299
114000054,31,1265,-1234
114000055,88,12,76
114000056,797,417,380
114000057,7344,1948,5396
114000058,307,311,-4
114000059,133,108,25
114000060,369,913,-544
114000061,3592,968,2624
114000062,1423,410,1013
114000063,3823,1336,2487
114000064,7496,1727,5769
114000065,1763,1741,22
114000066,165,494,-329
114000067,21,319,-298
114000068,393,330,63
114000069,622,238,384
114000070,2343,870,1473
114000071,283,459,-176
114000072,61,284,-223
114000073,6,100,-94
114000074,13,19,-6
114000075,23,159,-136
114000076,14,138,-124
114000077,5,45,-40
114000078,53,1127,-1074
114000079,27,16,11
114000080,62,94,-32
114000081,45,57,-12
114000082,66,586,-520
114000083,20,338,-318
114000084,40,82,-42
114000085,114,849,-735
114000086,71,771,-700
114000087,14,288,-274
114000088,14,66,-52
114000089,1314,534,780
114000090,646,280,366
114000091,1464,325,1139
114000092,983,231,752
114000093,740,619,121
114000094,280,413,-133
114000095,63,51,12
114000096,60,534,-474
114000097,80,1068,-988
114000098,134,31,103
114000099,79,934,-855
114000100,353,594,-241
114000101,155,1466,-1311
114000102,116,202,-86
114000103,54,516,-462
114000104,1,313,-312
114000105,22,69,-47
114000106,570,221,349
114000107,53,89,-36
114000108,1905,1068,837
114000109,90,304,-214
114000110,288,1767,-1479
114000111,381,227,154
114000112,166,2077,-1911
114000113,384,228,156
114000114,888,1806,-918
114000115,766,282,484
114000116,193,450,-257
114000117,674,244,430
114000118,584,200,384
114000119,476,160,316
114000120,471,959,-488
114000121,309,458,-149
114000122,230,208,22
114000123,384,145,239
114000124,142,180,-38
114000125,625,1657,-1032
114000126,388,109,279
114000127,56,101,-45
114000128,398,370,28
114000130,234,245,-11
114000131,73,13,60
114000132,557,934,-377
114000133,1289,1426,-137
114000134,45,262,-217
114000138,26,178,-152
114000139,603,60,543
114000144,388,179,209
114000145,36,258,-222
114000146,50,369,-319
114000147,523,484,39
114000148,1702,614,1088
114000149,296,116,180
114000150,1242,562,680
114000151,567,607,-40
114000152,173,26,147
114000153,1206,1015,191
114000154,775,587,188
114000155,1234,1102,132
114000156,907,304,603
114000157,225,526,-301
114000158,2445,560,1885
114000159,199,368,-169
114000160,162,167,-5
114000161,1607,665,942
114000162,895,447,448
114000163,4,128,-124
114000165,182,88,94
114000166,711,101,610
114000167,4493,999,3494
114000168,863,687,176
114000169,1662,335,1327
114000170,623,295,328
114000171,392,676,-284
114000174,158,362,-204
114000176,619,323,296
114000177,1576,674,902
114000178,19,81,-62
114000179,855,367,488
114000180,243,493,-250
114000181,1047,1523,-476
114000182,4750,1786,2964
114000183,827,831,-4
114000184,6043,1499,4544
114000185,465,605,-140
114000189,142,22,120
114000190,719,64,655
114000191,7,32,-25
114000192,258,1438,-1180
114000193,740,2833,-2093
114000194,731,1054,-323
114000195,17,2,15
114000196,3,302,-299
114000197,356,84,272
114000198,820,290,530
114000199,1278,767,511
114000200,487,2336,-1849
114000201,66,1098,-1032
114000202,559,690,-131
114000203,285,941,-656
114000204,68,290,-222
114000205,235,1922,-1687
114000206,239,1135,-896
114000207,441,2040,-1599
114000208,318,2874,-2556
114000209,460,3188,-2728
114000210,249,1800,-1551
114000211,571,1431,-860
114000212,391,563,-172
114000213,656,447,209
114000214,23,224,-201
114000215,45,36,9
114000216,286,106,180
114000217,42,218,-176
114000218,91,306,-215
114000219,269,178,91
114000220,5,1270,-1265
114000221,188,59,129
114000222,116,1326,-1210
114000223,184,27,157
114000224,121,698,-577
114000225,57,491,-434
114000226,29,237,-208
114000227,548,434,114
114000228,310,905,-595
114000229,310,1167,-857
114000230,794,1347,-553
114000231,268,1110,-842
114000232,256,93,163
114000233,696,93,603
114000234,638,986,-348
114000235,423,1280,-857
114000236,1,509,-508
114000237,54,1122,-1068
114000238,14,146,-132
114000239,84,1399,-1315
114000240,369,535,-166
114000241,199,1037,-838
114000242,768,746,22
114000243,541,546,-5
114000244,269,232,37
114000245,240,497,-257
114000246,80,42,38
114000247,284,570,-286
114000248,447,387,60
114000249,269,394,-125
114000250,97,438,-341
114000251,63,296,-233
114000252,41,99,-58
114000253,35,257,-222
114000254,9,87,-78
114000255,319,153,166
114000256,1064,262,802
114000257,435,2163,-1728
114000258,70,497,-427
114000259,46,257,-211
114000260,0,25,-25
114000261,12,9,3
114000262,26,197,-171
114000263,1,0,1
114000264,175,501,-326
114000265,0,1,-1
114000267,3,911,-908
114000268,8,1716,-1708
114000270,71,0,71
114000271,170,76,94
114000283,419,381,38
114000285,39,284,-245
114000288,29,397,-368
114000289,887,117,770
114000293,39,290,-251
114000294,162,354,-192
114000395,542,34,508
114000396,109,216,-107
114000402,143,311,-168
114000403,136,539,-403
114000405,81,726,-645
114000423,38,521,-483
114000424,193,206,-13
114000425,126,631,-505
114000426,149,266,-117
114000427,35,112,-77
114000428,329,48,281
114000429,6,231,-225
114000432,15,122,-107
114000434,27,136,-109
114000435,1,159,-158
114900001,191,1379,-1188
114900002,174,30,144
114900003,106,2033,-1927
114900004,95,83,12
114900005,102,854,-752
114900006,10,24,-14
114900007,41,6,35
114900008,71,20,51
114900010,2858,1883,975
114900011,22,49,-27
114900013,57,52,5
114900015,10,145,-135
114900018,438,41,397
114900020,45,31,14
114900022,17,353,-336
114900024,48,104,-56
114900025,161,191,-30
114900026,29,38,-9
114900027,160,189,-29
114900029,39,14,25
114900030,109,146,-37
114900031,54,43,11
114900032,51,30,21
114900033,1134,195,939
114900034,28,350,-322
114900035,108,168,-60
114900036,200,1025,-825
114900037,60,259,-199
114900038,103,1157,-1054
114900039,436,872,-436
114900040,55,240,-185
114900041,207,776,-569
114900042,284,921,-637
114900043,594,263,331
114900044,44,8,36
114900046,47,173,-126
114900047,131,866,-735
114900048,34,228,-194
114900049,20,341,-321
114900050,20,624,-604
114900051,8,514,-506
114900052,42,152,-110
114900053,47,163,-116
114900054,19,147,-128
114900057,81,2,79
114900058,0,53,-53
114900059,30,19,11
114900060,1815,196,1619
114900061,84,275,-191
114900062,372,231,141
114900063,29,348,-319
114900064,227,803,-576
114900065,83,598,-515
114900067,10,375,-365
114900068,45,312,-267
114900069,204,160,44
114900070,119,491,-372
114900072,5,258,-253
114900073,1,194,-193
114900074,107,982,-875
114900075,55,1,54
114900076,3,336,-333
114900080,2466,314,2152
114900082,3298,1332,1966
114900083,228,651,-423
114900090,92,61,31
114900091,92,159,-67
114900095,401,118,283
114900096,738,491,247
114900097,27,2,25
114900098,6,234,-228
114900099,62,3,59
115000001,8089,6322,1767
115000002,1997,2510,-513
115000003,3135,4491,-1356
115000004,1393,3342,-1949
115000005,862,2703,-1841
115000006,288,1096,-808
115000007,60,111,-51
115000008,257,411,-154
115000009,99,326,-227
115000010,228,117,111
115000013,50,74,-24
115000015,135,127,8
115000016,36,118,-82
115000019,13,270,-257
115000020,111,138,-27
115000021,176,346,-170
115000022,298,275,23
115000023,226,196,30
115000024,691,431,260
115000025,396,281,115
115000026,68,308,-240
115000027,102,119,-17
115000028,75,432,-357
115000029,117,74,43
115000030,86,611,-525
115000031,430,111,319
115000032,4,238,-234
115000033,66,14,52
115000034,62,743,-681
115000035,465,12,453
115000036,0,323,-323
115000037,98,1,97
115000038,34,164,-130
115000039,2414,1303,1111
115000040,5658,2299,3359
115000041,759,1594,-835
115000042,511,433,78
115000043,2176,1923,253
115000044,2783,3961,-1178
115000045,1199,2407,-1208
115000046,873,1724,-851
115000047,875,1509,-634
115000048,918,2961,-2043
115000049,1109,2475,-1366
115000050,1503,1145,358
115000051,1725,862,863
115000052,2906,1668,1238
115000053,942,742,200
115000054,875,1189,-314
115000055,18,333,-315
115000056,91,211,-120
115000057,184,510,-326
115000058,247,84,163
115000059,97,318,-221
115000061,74,32,42
115000062,63,286,-223
115000063,60,366,-306
115000064,90,115,-25
115000065,2,118,-116
115000067,85,16,69
115000069,39,218,-179
115000070,23,367,-344
115000071,71,4,67
115000072,20,32,-12
115000073,871,15,856
115000075,14,40,-26
115000076,2597,3154,-557
115000077,868,3802,-2934
115000078,326,1831,-1505
115000079,537,2415,-1878
115000080,863,2766,-1903
115000081,343,792,-449
115000082,1776,2127,-351
115000083,1150,3235,-2085
115000084,623,872,-249
115000085,224,1031,-807
115000086,264,894,-630
115000087,356,1359,-1003
115000088,1021,495,526
115000089,1486,1406,80
115000090,705,431,274
115000091,236,1206,-970
115000092,244,240,4
115000093,300,2,298
115000094,6324,3302,3022
115000095,5237,2936,2301
115000096,472,2054,-1582
115000097,235,630,-395
115000098,317,790,-473
115000099,788,2902,-2114
115000100,351,355,-4
115000101,257,1461,-1204
115000102,224,111,113
115000103,338,835,-497
115000105,36,226,-190
115000106,154,172,-18
115000107,98,571,-473
115000108,3138,2854,284
115000109,4271,1400,2871
115000110,844,500,344
115000111,577,1086,-509
115000112,347,267,80
115000113,508,611,-103
115000114,1233,639,594
115000116,2152,822,1330
115000117,2772,1063,1709
115000118,1708,931,777
115000119,1770,1065,705
115000120,692,440,252
115000121,1526,475,1051
115000122,3116,455,2661
115000123,1347,764,583
115000124,540,378,162
115000125,206,420,-214
115000126,93,154,-61
115000127,232,80,152
115000128,796,543,253
115000129,171,90,81
115000130,170,997,-827
115000131,156,315,-159
115000132,59,525,-466
115000133,129,311,-182
115000134,41,198,-157
115000135,45,192,-147
115000136,106,183,-77
115000137,38,162,-124
115000138,66,196,-130
115000139,101,258,-157
115000140,67,133,-66
115000141,110,272,-162
115000142,38,285,-247
115000143,153,385,-232
115000144,182,86,96
115000145,117,511,-394
115000146,135,158,-23
115000147,208,488,-280
115000148,208,1454,-1246
115000149,214,137,77
115000150,358,1552,-1194
115000151,242,337,-95
115000152,340,1973,-1633
115000153,251,292,-41
115000154,296,246,50
115000155,315,1201,-886
115000156,557,405,152
115000157,558,738,-180
115000158,354,197,157
115000159,464,194,270
115000160,369,136,233
115000161,114,447,-333
115000162,419,317,102
115000163,405,439,-34
115000164,380,402,-22
115000165,280,255,25
115000167,58,73,-15
115000168,417,258,159
115000169,323,296,27
115000170,49,126,-77
115000171,207,134,73
115000172,1466,434,1032
115000173,175,144,31
115000174,46,107,-61
115000175,87,115,-28
115000176,92,47,45
115000177,30,110,-80
115000178,3,262,-259
115000179,17,22,-5
115000180,32,551,-519
115000181,163,55,108
115000182,267,302,-35
115000183,78,883,-805
115000186,380,190,190
115000187,77,572,-495
115000188,390,269,121
115000189,202,290,-88
115000190,450,211,239
115000191,143,289,-146
115000194,135,70,65
115000195,286,132,154
115000196,64,126,-62
115000197,59,440,-381
115000198,70,193,-123
115000199,48,267,-219
115000200,173,95,78
115000201,52,363,-311
115000206,83,23,60
115000207,26,258,-232
115000208,438,572,-134
115000209,171,106,65
115000210,68,70,-2
115000211,142,151,-9
115000212,943,192,751
115000224,82,43,39
115000225,43,37,6
115000229,208,119,89
115000230,60,325,-265
115000231,206,2279,-2073
115000232,504,332,172
115000233,33,206,-173
115000234,6,200,-194
115000241,20,212,-192
115000242,24,218,-194
115000243,20,266,-246
115000244,1,92,-91
115000246,9,1,8
115000247,6,4,2
115000248,10,3,7
115000249,38,6,32
115000250,72,23,49
115000251,59,122,-63
115000252,18,123,-105
115000253,7,113,-106
115000258,65,140,-75
115000259,179,81,98
115000261,25,23,2
115000262,5,29,-24
115000263,2,30,-28
115000264,9,26,-17
115000267,44,56,-12
115000268,14,58,-44
115000269,37,44,-7
115000270,2,18,-16
115000272,16,134,-118
115000273,109,18,91
115000280,2526,38,2488
115000281,715,71,644
115000282,503,213,290
115000284,299,74,225
115000296,273,5,268
115000297,93,11,82
115000298,121,33,88
115000300,42,187,-145
115000302,89,130,-41
115000303,165,89,76
115000304,212,88,124
115000305,48,961,-913
115000306,71,586,-515
115000307,13,289,-276
115000308,40,13,27
115000309,4,7,-3
115000310,368,1196,-828
115000311,213,1168,-955
115000313,96,736,-640
115000314,77,65,12
115000315,1254,228,1026
115000316,9,49,-40
115000317,100,492,-392
115000318,258,114,144
115000319,19,228,-209
115000320,6,72,-66
115000321,130,7,123
115000322,16,222,-206
115000449,211,87,124
115000557,2,272,-270
115000558,139,56,83
115000587,189,206,-17
115000588,1759,3809,-2050
115000589,1967,2291,-324
115000590,584,1200,-616
115000591,1159,525,634
115000592,520,1137,-617
115000593,1126,294,832
115000594,716,1086,-370
115000609,145,157,-12
115000617,1147,703,444
115000624,69,65,4
115000633,240,1510,-1270
115000634,1669,441,1228
115000635,132,82,50
115000638,1071,639,432
115000641,91,61,30
115000642,343,193,150
115000643,53,424,-371
115000644,82,404,-322
115000646,570,647,-77
115000647,60,342,-282
115000648,545,1400,-855
115000893,3412,609,2803
115000894,31,1163,-1132
115000895,254,823,-569
115000896,684,241,443
115000897,329,35,294
115000898,695,154,541
115000899,768,630,138
115000900,39,252,-213
115000901,40,74,-34
115000912,132,40,92
115000913,3,32,-29
115000915,3,0,3
115000916,7,0,7
115000917,0,0,0
115000918,64,71,-7
115000919,20,1,19
115000920,7,20,-13
115000921,1100,27,1073
115000922,780,268,512
115000923,327,685,-358
115000925,27,40,-13
115000927,3,20,-17
115000933,228,91,137
115000934,26,195,-169
115000935,18,80,-62
115000936,27,130,-103
115000937,1123,108,1015
115000938,145,65,80
115000939,190,81,109
115000940,3,9,-6
115000941,4,3,1
115000942,18,30,-12
115000943,59,3,56
115000944,4,7,-3
115900001,14,73,-59
115900002,73,124,-51
115900003,51,128,-77
115900004,0,28,-28
115900005,20,3,17
115900006,40,366,-326
115900008,7,5,2
115900009,40,211,-171
115900010,66,175,-109
115900011,63,244,-181
115900012,28,110,-82
115900013,361,99,262
115900014,45,113,-68
115900015,15,113,-98
115900016,25,14,11
115900017,2,0,2
115900018,146,51,95
115900019,52,13,39
115900020,3,0,3
115900021,1398,42,1356
115900022,2058,6,2052
115900023,5,0,5
115900025,54,82,-28
115900026,803,385,418
115900027,2,462,-460
115900028,462,19,443
115900029,2,447,-445
115900030,15,3,12
115900031,224,71,153
115900032,210,562,-352
115900033,0,39,-39
115900034,9,502,-493
115900035,9,18,-9
115900036,151,103,48
115900037,11,471,-460
115900038,0,2,-2
115900039,35,230,-195
115900041,174,150,24
115900042,4,1,3
115900043,7,112,-105
115900044,114,143,-29
115900046,75,221,-146
115900047,24,9,15
115900049,59,165,-106
115900051,1,88,-87
115900052,20,400,-380
115900053,63,247,-184
115900054,28,41,-13
115900055,19,195,-176
115900056,67,361,-294
115900057,7,0,7
115900058,32,98,-66
115900060,53,105,-52
115900061,29,0,29
115900062,5,358,-353
115900063,64,17,47
115900064,136,185,-49
115900065,26,130,-104
115900066,179,149,30
115900067,4,888,-884
115900068,4100,92,4008
115900069,37,171,-134
115900070,47,272,-225
115900071,0,636,-636
115900072,74,177,-103
115900073,4,6,-2
115900074,1,409,-408
115900075,25,332,-307
115900076,2,90,-88
115900077,4,339,-335
115900078,16,142,-126
115900079,36,3,33
115900080,305,116,189
115900081,5,73,-68
115900082,195,119,76
115900084,36,10,26
115900085,26,24,2
115900086,1181,287,894
115900088,4,10,-6
115900089,73,785,-712
115900090,47,9,38
115900091,0,7,-7
115900092,6,266,-260
115900093,1,26,-25
115900094,8,486,-478
115900096,0,12,-12
115900097,15,674,-659
115900098,48,356,-308
115900099,4,96,-92
115900100,6,534,-528
115900101,58,306,-248
115900102,6,75,-69
115900103,65,176,-111
115900104,18,154,-136
115900105,23,642,-619
115900106,25,10,15
115900107,8,168,-160
115900108,18,22,-4
115900109,17,468,-451
115900110,0,12,-12
115900111,0,62,-62
115900112,23,664,-641
115900113,8,11,-3
115900114,0,124,-124
115900115,14,138,-124
115900116,33,878,-845
115900117,15,10,5
115900118,0,416,-416
115900119,30,86,-56
115900120,5,254,-249
115900121,74,165,-91
115900124,101,131,-30
115900125,93,11,82
115900126,229,18,211
115900127,159,26,133
115900128,3,77,-74
115900129,329,19,310
115900130,35,132,-97
115900131,37,15,22
115900132,92,8,84
115900134,71,6,65
115900135,524,390,134
115900137,1,2,-1
115900139,61,18,43
115900140,50,8,42
115900141,5,21,-16
115900142,6,4,2
115900143,33,151,-118
115900144,11,124,-113
115900146,4,127,-123
115900147,153,135,18
115900148,0,12,-12
115900149,6,28,-22
115900150,15,58,-43
115900151,0,49,-49
115900152,27,319,-292
115900153,21,202,-181
115900154,287,237,50
115900155,0,77,-77
115900156,269,620,-351
115900157,41,404,-363
115900158,38,4,34
115900159,19,227,-208
115900160,6,2,4
115900161,25,117,-92
115900163,79,109,-30
115900164,74,21,53
115900166,114,185,-71
115900168,21,137,-116
115900171,40,174,-134
115900172,13,112,-99
115900173,81,173,-92
115900174,221,193,28
115900175,47,123,-76
115900178,6,616,-610
115900179,47,19,28
115900180,13,330,-317
115900181,59,310,-251
115900182,110,257,-147
115900183,64,7,57
115900184,1076,29,1047
115900187,14,108,-94
115900189,0,47,-47
115900190,359,251,108
115900191,41,518,-477
115900192,6,46,-40
115900193,53,13,40
115900194,143,16,127
115900195,356,387,-31
115900198,177,224,-47
115900199,143,169,-26
115900200,428,226,202
115900201,130,149,-19
115900202,0,2,-2
115900203,0,2,-2
115900204,0,0,0
115900205,11,2,9
115900206,32,116,-84
115900207,3,10,-7
115900208,47,251,-204
115900209,0,120,-120
115900210,5,145,-140
115900211,5,189,-184
115900212,48,212,-164
115900213,18,9,9
115900214,62,210,-148
115900215,8,6,2
115900216,3,58,-55
115900217,2,51,-49
115900218,0,44,-44
115900219,20,1,19
115900220,19,4,15
115900221,8,7,1
115900222,4,6,-2
115900223,3,28,-25
115900224,1224,131,1093
115900225,90,14,76
115900226,6,34,-28
115900227,2,37,-35
115900228,4,19,-15
115900229,4,34,-30
115900230,33,56,-23
115900231,31,2,29
115900232,8,0,8
115900233,21,3,18
115900234,16,12,4
115900235,0,4,-4
115900236,4,18,-14
115900237,2,28,-26
115900238,4,8,-4
115900239,3,29,-26
115900240,1,68,-67
115900241,33,83,-50
115900242,88,89,-1
115900243,4,5,-1
115900244,3,8,-5
115900245,8,8,0
115900246,3,2,1
115900247,22,1,21
115900248,5,1,4
115900249,2,2,0
115900250,0,2,-2
115900251,0,4,-4
115900252,0,9,-9
115900253,3,6,-3
115900254,8,22,-14
115900255,6,6,0
115900256,6,13,-7
115900257,0,10,-10
115900258,0,0,0
115900259,2,1,1
115900260,15,2,13
115900261,4,0,4
115900262,0,1,-1
115900263,1,0,1
115900264,0,4,-4
115900265,0,3,-3
115900266,2,2,0
115900267,0,0,0
115900268,3,6,-3
115900269,79,306,-227
115900270,101,627,-526
115900271,18,1,17
115900272,4,1,3
115900273,3,2,1
115900274,0,9,-9
115900275,0,31,-31
115900276,1,61,-60
115900277,2,103,-101
115900278,5,66,-61
115900279,5,100,-95
115900280,8,74,-66
115900281,406,57,349
115900282,7,7,0
115900283,8,5,3
115900284,6,2,4
116000001,16725,4266,12459
116000002,2364,2607,-243
116000003,1187,1555,-368
116000004,865,1006,-141
116000005,1726,2554,-828
116000006,892,709,183
116000007,2755,3543,-788
116000008,1823,1125,698
116000009,1346,2397,-1051
116000010,714,575,139
116000011,634,1614,-980
116000012,348,406,-58
116000013,14567,3896,10671
116000014,18043,3551,14492
116000015,297,344,-47
116000016,6499,746,5753
116000017,13,241,-228
116000018,519,255,264
116000019,236,216,20
116000020,222,892,-670
116000021,87,189,-102
116000022,166,397,-231
116000023,297,268,29
116000024,512,1152,-640
116000025,328,291,37
116000026,932,1787,-855
116000027,271,312,-41
116000028,246,377,-131
116000029,802,425,377
116000030,201,131,70
116000031,85,169,-84
116000032,70,217,-147
116000033,85,354,-269
116000034,289,682,-393
116000035,68,417,-349
116000036,1346,244,1102
116000037,380,184,196
116000038,333,145,188
116000039,438,173,265
116000040,372,107,265
116000041,155,420,-265
116000042,238,158,80
116000043,42,399,-357
116000044,10,84,-74
116000045,764,585,179
116000046,731,677,54
116000047,1196,1252,-56
116000048,1119,905,214
116000049,456,1057,-601
116000050,779,1118,-339
116000051,1166,1015,151
116000052,1640,2444,-804
116000053,670,772,-102
116000054,333,2091,-1758
116000055,159,1326,-1167
116000056,278,628,-350
116000057,1761,1810,-49
116000058,1802,1361,441
116000059,1361,1877,-516
116000060,2187,554,1633
116000061,399,735,-336
116000062,418,192,226
116000063,256,947,-691
116000066,100,160,-60
116000067,182,576,-394
116000068,85,119,-34
116000069,173,461,-288
116000078,100,691,-591
116000080,631,850,-219
116000082,7,84,-77
116000083,729,278,451
116000084,1556,3306,-1750
116000085,1193,504,689
116000086,1701,1373,328
116000087,705,447,258
116000088,526,1068,-542
116000089,63,68,-5
116000090,124,190,-66
116000091,110,89,21
116000093,643,284,359
116000094,217,543,-326
116000095,328,373,-45
116000096,317,843,-526
116000097,228,581,-353
116000098,165,2261,-2096
116000099,6293,261,6032
116000100,37,11,26
116000101,241,1344,-1103
116000102,106,1096,-990
116000103,227,160,67
116000104,64,1425,-1361
116000105,347,184,163
116000106,108,1011,-903
116000107,430,454,-24
116000108,12,147,-135
116000111,15,10,5
116000113,96,13,83
116000114,20,114,-94
116000115,175,123,52
116000116,118,552,-434
116000117,674,1246,-572
116000118,604,1308,-704
116000119,1027,1019,8
116000120,1717,4206,-2489
116000121,421,280,141
116000122,957,2312,-1355
116000123,182,244,-62
116000124,153,1021,-868
116000125,790,370,420
116000126,153,1302,-1149
116000127,662,1297,-635
116000128,740,443,297
116000129,252,181,71
116000130,81,131,-50
116000133,239,700,-461
116000134,750,2625,-1875
116000135,690,1001,-311
116000136,527,2001,-1474
116000137,251,491,-240
116000138,1060,317,743
116000139,1085,1802,-717
116000140,41,178,-137
116000141,203,836,-633
116000142,3267,3383,-116
116000143,1547,1052,495
116000144,811,2750,-1939
116000145,994,1301,-307
116000146,143,292,-149
116000147,82,87,-5
116000148,135,304,-169
116000149,187,366,-179
116000151,323,802,-479
116000153,28,265,-237
116000155,88,161,-73
116000156,686,642,44
116000157,15,12,3
116000158,94,378,-284
116000159,5,3,2
116000160,21,88,-67
116000161,2,65,-63
116000162,28,15,13
116000163,7,2,5
116000164,1,6,-5
116000177,20,63,-43
116000194,38,282,-244
116000195,681,503,178
116000196,4,0,4
116000197,1,4,-3
116000198,1225,656,569
116000200,503,197,306
116000201,312,514,-202
116000202,1,257,-256
116000203,2,76,-74
116000204,6,34,-28
116000205,0,118,-118
116000206,1,74,-73
116000207,2,48,-46
116000233,61,676,-615
116000287,47,501,-454
116000288,32,250,-218
116000292,10,175,-165
116000296,5,178,-173
116000297,30,15,15
116000304,13,49,-36
116000305,6,82,-76
116000346,26,204,-178
116000352,25,49,-24
116000354,8,8,0
116000357,1,1,0
116000358,76,19,57
116000361,473,8,465
116000372,8710,1460,7250
116000381,27,0,27
116000388,0,37,-37
116000389,289,439,-150
116000445,71,787,-716
116000446,101,846,-745
116000447,4,299,-295
116000448,477,168,309
116000563,458,284,174
116000565,37,358,-321
116000568,30,93,-63
116000579,15,101,-86
116000583,32,80,-48
116000584,5,9,-4
116000585,2,11,-9
116000586,143,55,88
116000587,25,311,-286
116000589,45,102,-57
116000590,42,93,-51
116000591,28,212,-184
116000592,10,134,-124
116000593,0,44,-44
116000594,113,552,-439
116000595,237,150,87
116000596,13,4,9
116000597,106,23,83
116000598,21,209,-188
116000605,83,106,-23
116000606,5,113,-108
116000607,3,52,-49
116000609,145,360,-215
116000611,33,497,-464
116000612,386,1552,-1166
116000613,98,277,-179
116000614,319,719,-400
116000615,1,78,-77
116000616,13,164,-151
116000617,20,111,-91
116000618,5,174,-169
116000619,3,32,-29
116000620,6,21,-15
116000621,9,51,-42
116000622,12,83,-71
116000624,27,60,-33
116000627,26,81,-55
116000628,37,932,-895
116000629,27,490,-463
116000630,87,28,59
116000631,66,32,34
116000632,143,122,21
116000633,47,406,-359
116000634,87,305,-218
116000635,1816,937,879
116000636,772,598,174
116000637,91,90,1
116000638,65,541,-476
116000640,4,10,-6
116000641,3,2,1
116000644,10,1184,-1174
116900001,60,104,-44
116900002,216,2,214
116900003,5,88,-83
116900004,17,37,-20
116900005,67,27,40
116900006,140,122,18
116900007,40,138,-98
116900008,82,482,-400
116900009,7,0,7
116900010,2,1747,-1745
116900011,15,51,-36
116900012,34,132,-98
116900013,2,117,-115
116900014,14,325,-311
116900015,58,64,-6
116900016,23,1,22
116900017,1,557,-556
116900018,14,11,3
116900019,2,372,-370
116900020,1224,150,1074
116900023,13,8,5
116900024,118,70,48
116900025,218,924,-706
116900026,88,555,-467
116900027,5,23,-18
116900028,5,113,-108
116900029,15,7,8
116900031,4,9,-5
116900032,3,286,-283
116900033,1,7,-6
116900034,9,89,-80
116900035,33,125,-92
116900036,1,66,-65
116900038,3,0,3
116900041,9,8,1
116900042,809,105,704
116900043,11,39,-28
116900047,59,29,30
116900049,33,189,-156
116900050,60,226,-166
116900051,3,178,-175
116900052,112,35,77
116900055,0,0,0
116900057,11,210,-199
116900058,23,332,-309
116900059,2,138,-136
116900060,62,186,-124
116900062,0,3,-3
116900064,26,782,-756
116900065,9,67,-58
116900067,32,84,-52
116900068,76,434,-358
116900070,0,0,0
116900072,9,411,-402
116900073,12,148,-136
116900074,0,34,-34
116900076,3,15,-12
116900077,1,108,-107
116900078,186,88,98
116900079,9,281,-272
116900080,10,16,-6
116900081,130,982,-852
116900082,76,992,-916
116900083,29,71,-42
116900084,95,57,38
116900085,5,64,-59
116900086,14,169,-155
116900088,99,54,45
116900090,122,56,66
116900091,49,121,-72
116900092,38,582,-544
116900093,1364,1007,357
116900094,5569,1201,4368
116900095,59,160,-101
116900096,40,44,-4
116900097,2426,787,1639
116900098,804,64,740
116900099,300,197,103
116900100,219,3,216
116900101,194,539,-345
116900103,1,1,0
116900104,7,54,-47
116900105,90,20,70
116900106,335,349,-14
116900107,3482,778,2704
116900110,5,0,5
116900111,125,1080,-955
116900112,77,591,-514
116900113,2201,614,1587
116900116,47,112,-65
116900117,7,65,-58
116900118,998,354,644
116900120,76,72,4
116900121,34,30,4
116900122,134,774,-640
116900123,35,716,-681
116900124,58,641,-583
116900125,79,178,-99
116900126,155,299,-144
116900128,0,37,-37
116900129,2,305,-303
116900130,906,1687,-781
116900131,6,32,-26
116900132,7,65,-58
116900133,28,87,-59
116900134,57,161,-104
116900136,27,108,-81
116900137,97,143,-46
116900138,59,164,-105
116900139,40,264,-224
116900140,77,110,-33
116900141,204,230,-26
116900142,0,13,-13
116900143,59,362,-303
116900144,2,16,-14
116900145,23,321,-298
116900147,384,190,194
116900148,7,14,-7
116900149,9,64,-55
116900150,6,3,3
116900151,51,8,43
116900153,29,59,-30
116900154,192,86,106
116900155,19,19,0
116900157,91,207,-116
116900158,29,33,-4
116900159,49,131,-82
116900160,297,168,129
116900161,7633,2035,5598
116900162,3,152,-149
116900163,40,139,-99
116900164,9,20,-11
116900165,35,56,-21
116900166,4,92,-88
116900167,68,42,26
116900168,37,79,-42
116900169,374,65,309
116900170,50,172,-122
116900171,10,213,-203
116900172,127,33,94
116900173,25,57,-32
116900174,5,18,-13
116900175,65,30,35
116900178,8,155,-147
116900179,54,50,4
116900180,26,26,0
116900182,121,149,-28
116900183,44,50,-6
116900185,6,10,-4
116900186,51,254,-203
116900187,6,4,2
116900188,49,13,36
116900189,5,0,5
116900191,124,215,-91
116900192,120,113,7
116900194,27,279,-252
116900195,12,5,7
116900196,25,94,-69
116900197,22,0,22
116900198,328,118,210
116900200,7,24,-17
116900201,13,7,6
116900202,72,48,24
116900203,26,1,25
116900204,24,30,-6
116900206,2,43,-41
116900207,5,5,0
116900208,4,92,-88
116900209,4,120,-116
116900210,129,119,10
116900211,132,18,114
116900212,6,75,-69
116900213,87,111,-24
116900214,27,119,-92
116900215,1,19,-18
116900216,101,307,-206
116900218,6,328,-322
116900219,564,356,208
116900220,50,152,-102
116900221,37,208,-171
116900222,217,232,-15
116900223,33,131,-98
116900226,6,79,-73
116900227,32,45,-13
116900228,107,239,-132
116900230,23,303,-280
116900231,2,508,-506
116900232,1,405,-404
116900233,66,51,15
116900234,12,12,0
116900235,75,272,-197
116900238,983,175,808
116900239,41,394,-353
116900240,4604,1106,3498
116900241,21,132,-111
116900242,1518,140,1378
116900243,2,33,-31
116900245,15,12,3
116900246,20,11,9
116900247,97,7,90
116900248,12,18,-6
116900249,60,73,-13
116900250,63,30,33
116900251,391,61,330
116900252,22,808,-786
116900254,2,77,-75
116900255,88,18,70
116900256,58,31,27
116900257,4,564,-560
116900258,2,328,-326
116900259,17,6,11
116900260,0,108,-108
116900261,6,2,4
116900262,50,89,-39
116900263,0,4,-4
116900264,0,2,-2
116900265,9,0,9
116900266,1,37,-36
116900267,2,0,2
116900268,7,11,-4
116900269,177,423,-246
116900271,1815,48,1767
116900272,310,435,-125
116900273,105,23,82
116900274,86,45,41
116900275,35,107,-72
116900276,296,31,265
116900277,478,8,470
116900278,0,3,-3
116900279,2,9,-7
116900280,3,16,-13
116900281,6244,1064,5180
116900282,7,181,-174
116900283,9,108,-99
116900284,30,180,-150
116900285,313,71,242
116900286,131,12,119
116900287,1,90,-89
116900288,12,123,-111
116900289,4,42,-38
116900290,2,23,-21
116900291,2,5,-3
116900292,0,1,-1
116900293,3,73,-70
116900294,25,67,-42
116900295,84,33,51
116900296,26,46,-20
116900297,3,16,-13
116900298,63,25,38
116900299,15,41,-26
116900300,3,105,-102
116900301,24,84,-60
116900302,17,19,-2
116900303,396,13,383
116900304,0,78,-78
116900305,17,11,6
116900306,25,109,-84
116900307,12,0,12
116900308,2,166,-164
116900309,24,124,-100
117000001,689,856,-167
117000002,1083,3639,-2556
117000003,4091,1904,2187
117000004,3179,4005,-826
117000005,706,1205,-499
117000006,610,3778,-3168
117000007,1612,1063,549
117000008,929,3533,-2604
117000009,3302,879,2423
117000010,2361,3365,-1004
117000011,737,1110,-373
117000012,803,1722,-919
117000013,547,967,-420
117000014,524,2228,-1704
117000015,1842,829,1013
117000016,268,54,214
117000017,258,102,156
117000018,96,159,-63
117000019,134,9,125
117000020,641,522,119
117000021,2587,401,2186
117000022,277,37,240
117000023,405,138,267
117000024,287,63,224
117000025,650,407,243
117000026,1640,471,1169
117000027,1267,754,513
117000028,664,285,379
117000030,385,481,-96
117000031,302,123,179
117000032,1266,1143,123
117000033,747,666,81
117000034,123,243,-120
117000035,90,161,-71
117000036,151,239,-88
117000037,84,161,-77
117000038,129,239,-110
117000039,133,220,-87
117000040,128,1255,-1127
117000041,389,101,288
117000044,17,1034,-1017
117000045,203,43,160
117000046,283,868,-585
117000047,256,550,-294
117000048,1589,1243,346
117000049,80,264,-184
117000050,66,2533,-2467
117000051,924,149,775
117000052,8,674,-666
117000053,53,63,-10
117000054,715,1,714
117000055,89,3112,-3023
117000056,241,10,231
117000057,548,1774,-1226
117000060,273,2031,-1758
117000061,660,416,244
117000062,126,451,-325
117000063,624,419,205
117000064,752,605,147
117000066,825,418,407
117000067,89,266,-177
117000074,129,84,45
117000076,52,51,1
117000077,97,43,54
117000078,48,348,-300
117000079,143,103,40
117000080,0,323,-323
117000081,356,73,283
117000082,8,42,-34
117000083,40,6,34
117000084,177,2,175
117000085,74,290,-216
117000086,784,682,102
117000087,56,338,-282
117000088,194,151,43
117000089,779,242,537
117000090,112,1685,-1573
117000091,249,288,-39
117000092,180,1810,-1630
117000093,364,519,-155
117000094,351,2348,-1997
117000095,878,574,304
117000096,282,2442,-2160
117000097,488,806,-318
117000098,1927,5428,-3501
117000099,1068,597,471
117000100,50,84,-34
117000101,214,1273,-1059
117000102,495,331,164
117000103,545,1747,-1202
117000104,518,325,193
117000105,399,2067,-1668
117000106,405,459,-54
117000107,295,2654,-2359
117000108,508,488,20
117000109,1294,3013,-1719
117000110,595,322,273
117000111,1994,3419,-1425
117000112,1380,1353,27
117000113,61,343,-282
117000114,48,78,-30
117000115,25,212,-187
117000116,27,166,-139
117000117,879,192,687
117000118,135,161,-26
117000119,37,27,10
117000120,67,52,15
117000121,34,172,-138
117000122,334,371,-37
117000123,1021,12,1009
117000124,155,18,137
117000125,209,24,185
117000126,24,53,-29
117000127,125,234,-109
117000128,264,314,-50
117000129,354,324,30
117000130,53,1,52
117000131,0,205,-205
117000132,742,26,716
117000133,307,127,180
117000134,0,53,-53
117000135,2,26,-24
117000136,0,47,-47
117000137,34,29,5
117000138,0,294,-294
117000140,219,1852,-1633
117000141,603,360,243
117000181,767,279,488
117000182,133,70,63
117000195,132,1195,-1063
117000196,53,27,26
117000225,92,2,90
117000226,3,48,-45
117000276,39,5,34
117000277,1,532,-531
117000310,1662,2079,-417
117000315,23,277,-254
117000320,56,0,56
117000906,58,5,53
117000907,5,451,-446
117000909,52,28,24
117000910,81,89,-8
117000911,102,284,-182
117000915,11,579,-568
117000916,11,1,10
117000917,341,11,330
117000918,17,21,-4
117000919,14,117,-103
117000920,7,1482,-1475
117000921,6,2388,-2382
117000922,27,61,-34
117000924,181,482,-301
117000926,1238,55,1183
117000927,490,127,363
117000928,0,250,-250
117000929,149,475,-326
117000930,39,38,1
117000931,271,19,252
117900002,92,284,-192
117900003,694,172,522
117900005,2,4,-2
117900006,0,25,-25
117900007,32,155,-123
117900008,0,26,-26
117900010,48,116,-68
117900011,17,1,16
117900012,7,145,-138
117900013,1,295,-294
117900014,178,319,-141
117900015,8,247,-239
117900016,864,224,640
117900017,190,504,-314
117900018,157,19,138
117900019,122,511,-389
117900020,32,110,-78
117900021,13,108,-95
117900023,490,33,457
117900024,56,174,-118
117900025,69,13,56
117900026,139,379,-240
117900028,4,0,4
117900029,75,908,-833
117900030,118,121,-3
117900031,30,32,-2
117900032,313,132,181
117900033,69,975,-906
117900034,24,22,2
117900035,36,30,6
117900036,73,732,-659
117900037,23,148,-125
117900038,19,371,-352
117900039,5,74,-69
117900040,70,540,-470
117900041,1,48,-47
117900042,3882,289,3593
117900043,14,60,-46
117900044,5,932,-927
117900045,69,61,8
117900048,64,225,-161
117900049,57,580,-523
117900050,14,30,-16
117900051,8,7,1
117900052,33,177,-144
117900053,414,551,-137
117900054,0,9,-9
117900055,80,37,43
117900056,103,18,85
117900057,528,1283,-755
117900058,41,4,37
117900059,380,39,341
117900060,450,4873,-4423
117900061,7,83,-76
117900063,54,203,-149
117900065,600,876,-276
117900066,5,46,-41
117900067,174,227,-53
117900069,207,442,-235
117900070,69,1,68
117900071,61,114,-53
117900073,100,322,-222
117900074,96,3,93
117900075,12,76,-64
117900076,9,42,-33
117900077,54,86,-32
117900078,159,208,-49
117900080,76,42,34
117900081,531,304,227
117900082,116,150,-34
117900083,113,651,-538
117900086,19,50,-31
117900087,18,47,-29
117900088,2009,1063,946
117900089,606,169,437
117900090,88,751,-663
117900091,69,103,-34
117900092,12,32,-20
117900093,32,78,-46
117900094,5,1,4
117900095,108,680,-572
117900096,25,205,-180
117900097,32,41,-9
117900098,4,3,1
117900099,31,399,-368
117900100,17,0,17
117900101,275,633,-358
117900102,19,39,-20
117900103,13,1,12
117900104,4,99,-95
117900105,99,117,-18
117900106,38,34,4
117900107,5,2,3
117900109,195,285,-90
117900110,8,0,8
117900111,111,1,110
117900112,17,10,7
117900113,2776,1096,1680
117900114,5,0,5
117900115,79,10,69
117900116,655,420,235
117900117,160,246,-86
117900118,32,1,31
117900119,28,245,-217
117900120,63,89,-26
117900121,5,12,-7
117900122,629,917,-288
117900123,283,771,-488
117900124,360,359,1
117900125,740,477,263
117900126,328,406,-78
117900127,174,496,-322
117900128,105,812,-707
117900129,5,0,5
117900130,503,262,241
117900131,0,95,-95
117900132,5,85,-80
117900133,1,127,-126
117900134,39,224,-185
117900135,16,253,-237
117900136,1,54,-53
117900137,22,258,-236
117900138,0,43,-43
117900139,23,85,-62
117900140,4297,133,4164
117900141,104,192,-88
117900142,14,2,12
117900144,57,62,-5
117900145,17,0,17
117900146,63,63,0
117900147,21,31,-10
117900148,2115,760,1355
117900149,7,142,-135
117900150,8,108,-100
117900151,30,177,-147
117900152,91,100,-9
117900153,14,76,-62
117900154,140,554,-414
117900156,472,425,47
117900157,46,354,-308
117900158,84,40,44
117900160,181,172,9
117900161,1751,1882,-131
117900162,109,265,-156
117900163,32,6,26
117900165,0,7,-7
117900166,76,90,-14
117900168,43,146,-103
117900169,2,111,-109
117900170,0,28,-28
117900171,6,10,-4
117900172,9,18,-9
117900173,97,21,76
117900174,10,23,-13
117900175,1,14,-13
117900176,9,34,-25
117900177,6,40,-34
117900178,62,11,51
117900180,191,12,179
117900181,64,59,5
117900182,0,23,-23
117900183,10,90,-80
117900184,0,39,-39
117900185,4,22,-18
117900186,6,12,-6
117900187,2,3,-1
117900188,114,6,108
117900189,35,3,32
117900190,10,0,10
117900191,21,0,21
117900192,12,1,11
117900193,1,31,-30
117900194,1,3,-2
117900195,0,18,-18
117900196,5,9,-4
117900207,55,20,35
117900208,12,32,-20
117900209,97,111,-14
117900210,139,120,19
117900211,2,116,-114
117900212,48,133,-85
117900213,4,0,4
117900214,7,34,-27
117900215,3,26,-23
117900216,26,6,20
117900217,29,17,12
117900218,158,66,92
117900219,0,29,-29
117900220,27,46,-19
117900222,190,205,-15
117900223,79,79,0
118000001,430,248,182
118000002,1155,1349,-194
118000003,913,684,229
118000004,2524,1865,659
118000005,4060,987,3073
118000006,6699,4672,2027
118000007,4333,1317,3016
118000008,4209,2057,2152
118000009,1629,2161,-532
118000010,1910,3213,-1303
118000011,487,2749,-2262
118000012,689,2736,-2047
118000013,2811,2596,215
118000014,1756,3826,-2070
118000016,202,573,-371
118000017,122,265,-143
118000018,115,610,-495
118000019,1299,1008,291
118000020,851,828,23
118000021,612,1119,-507
118000022,1867,454,1413
118000023,883,163,720
118000024,1170,374,796
118000027,13226,3126,10100
118000029,975,442,533
118000032,959,864,95
118000033,1794,1567,227
118000034,3459,1311,2148
118000035,1165,1027,138
118000036,639,765,-126
118000037,356,662,-306
118000038,69,123,-54
118000039,46,355,-309
118000040,994,2067,-1073
118000041,1156,1111,45
118000045,447,97,350
118000046,1222,361,861
118000047,1144,248,896
118000048,2600,758,1842
118000051,2027,428,1599
118000052,1614,263,1351
118000053,322,230,92
118000054,2708,797,1911
118000055,2330,1130,1200
118000056,276,187,89
118000057,249,261,-12
118000058,2220,622,1598
118000059,1452,404,1048
118000060,417,624,-207
118000061,308,850,-542
118000062,387,146,241
118000063,215,275,-60
118000064,609,779,-170
118000065,4523,1025,3498
118000066,490,650,-160
118000067,1322,779,543
118000068,1223,1923,-700
118000069,2517,1096,1421
118000070,7092,1060,6032
118000071,2968,2643,325
118000072,1501,635,866
118000073,2020,272,1748
118000074,210,362,-152
118000075,715,192,523
118000076,787,777,10
118000077,1069,820,249
118000078,1399,1682,-283
118000079,241,306,-65
118000080,837,695,142
118000081,1098,1023,75
118000082,227,468,-241
118000083,2109,689,1420
118000084,2125,1264,861
118000086,102,781,-679
118000087,5428,1896,3532
118000088,1771,1463,308
118000089,3399,1999,1400
118000090,2121,1465,656
118000091,1275,1220,55
118000092,1195,294,901
118000093,90,464,-374
118000096,294,345,-51
118000097,352,369,-17
118000098,137,145,-8
118000099,139,1051,-912
118000101,374,441,-67
118000102,234,1575,-1341
118000107,2603,282,2321
118000108,258,475,-217
118000110,0,8,-8
118000111,3,638,-635
118000112,80,0,80
118000113,2,865,-863
118000114,69,2,67
118000115,4,0,4
118000116,6,0,6
118000117,859,646,213
118000118,490,704,-214
118000119,432,1142,-710
118000120,1059,1281,-222
118000121,44,356,-312
118000122,575,87,488
118000123,49,224,-175
118000125,1230,940,290
118000126,326,1862,-1536
118000127,1140,549,591
118000128,606,984,-378
118000129,661,176,485
118000130,2863,4097,-1234
118000131,647,1053,-406
118000132,1831,1375,456
118000133,254,411,-157
118000135,257,208,49
118000136,40,447,-407
118000137,321,58,263
118000138,143,689,-546
118000139,118,126,-8
118000140,1263,1745,-482
118000141,1088,1896,-808
118000142,823,2024,-1201
118000143,515,578,-63
118000144,1106,763,343
118000145,690,2873,-2183
118000146,639,1726,-1087
118000147,509,1710,-1201
118000148,198,1246,-1048
118000149,348,934,-586
118000150,105,211,-106
118000151,107,366,-259
118000153,451,890,-439
118000154,368,1230,-862
118000155,427,1096,-669
118000156,1771,1752,19
118000157,225,298,-73
118000158,105,483,-378
118000159,9,37,-28
118000160,159,345,-186
118000161,171,894,-723
118000162,605,537,68
118000163,160,515,-355
118000164,1544,904,640
118000168,1421,127,1294
118000169,750,1955,-1205
118000170,3172,6823,-3651
118000171,160,691,-531
118000172,82,262,-180
118000173,455,894,-439
118000175,124,243,-119
118000176,120,304,-184
118000177,103,420,-317
118000178,26,21,5
118000179,1393,396,997
118000180,564,640,-76
118000181,546,333,213
118000182,169,258,-89
118000183,119,171,-52
118000184,226,1178,-952
118000185,639,495,144
118000186,365,726,-361
118000187,462,1103,-641
118000188,103,228,-125
118000189,123,871,-748
118000190,9,14,-5
118000191,7,13,-6
118000192,127,102,25
118000193,79,178,-99
118000194,1394,686,708
118000195,607,406,201
118000196,212,40,172
118000197,136,59,77
118000198,399,165,234
118000199,356,128,228
118000200,31,132,-101
118000201,288,184,104
118000202,24,29,-5
118000203,1048,147,901
118000204,201,109,92
118000205,335,248,87
118000206,57,102,-45
118000207,0,83,-83
118000208,703,1296,-593
118000209,809,1721,-912
118000210,12,19,-7
118000211,4,24,-20
118000213,670,457,213
118000214,442,143,299
118000215,132,233,-101
118000216,519,2164,-1645
118000217,13,107,-94
118000218,37,107,-70
118000219,315,322,-7
118000220,0,12,-12
118000221,47,172,-125
118000222,75,19,56
118000223,8,28,-20
118000224,199,128,71
118000225,54,688,-634
118000226,338,63,275
118000227,864,391,473
118000228,107,90,17
118000229,90,9,81
118000230,38,197,-159
118000231,15,154,-139
118000232,354,991,-637
118000233,390,598,-208
118000234,99,243,-144
118000236,121,333,-212
118000237,20,582,-562
118000238,56,221,-165
118000239,122,196,-74
118000240,368,52,316
118000241,34,200,-166
118000242,165,689,-524
118000243,58,97,-39
118000244,16,151,-135
118000246,0,2,-2
118000255,36,214,-178
118000256,48,185,-137
118000259,5,42,-37
118000260,16,78,-62
118000261,6,69,-63
118000263,32,162,-130
118000266,81,356,-275
118000267,1,48,-47
118000268,95,1,94
118000270,16,25,-9
118000271,79,189,-110
118000272,25,30,-5
118000273,36,82,-46
118000274,64,314,-250
118000276,100,187,-87
118000295,3,70,-67
118000298,92,421,-329
118000299,43,197,-154
118000301,0,50,-50
118000302,25,87,-62
118000311,64,123,-59
118000312,76,153,-77
118000313,10,83,-73
118000314,19,75,-56
118000315,7,38,-31
118000316,261,374,-113
118000325,5,34,-29
118000326,1,36,-35
118000331,3,36,-33
118000332,12,27,-15
118000333,9,35,-26
118000335,42,0,42
118000336,0,288,-288
118000407,15,64,-49
118000457,1,31,-30
118000465,2541,1699,842
118000480,19,119,-100
118000489,78,103,-25
118000490,117,389,-272
118000492,120,167,-47
118000510,63,9,54
118000514,108,215,-107
118000515,239,217,22
118000517,351,126,225
118000524,586,154,432
118000525,620,863,-243
118000530,5,75,-70
118000531,58,192,-134
118000532,98,285,-187
118000533,192,128,64
118000534,223,377,-154
118000535,47,90,-43
118000536,344,153,191
118000537,5,29,-24
118000538,29,66,-37
118000539,4,25,-21
118000540,107,158,-51
118000541,41,80,-39
118000542,37,95,-58
118000543,81,168,-87
118000546,24,20,4
118000553,0,6,-6
118000557,0,1,-1
118000560,3085,421,2664
118000562,4,326,-322
118000563,1664,1169,495
118000576,81,271,-190
118000577,143,141,2
118000578,116,126,-10
118000579,578,706,-128
118000583,0,1,-1
118000595,102,46,56
118000596,0,64,-64
118000597,61,189,-128
118000598,2,0,2
118000599,11,47,-36
118000600,0,7,-7
118000601,1,0,1
118000602,0,1,-1
118000603,0,38,-38
118000605,29,548,-519
118900001,1016,404,612
118900002,934,210,724
118900003,56,8,48
118900004,11,58,-47
118900005,26,1,25
118900006,13,0,13
118900007,4,0,4
118900008,508,26,482
118900009,8,7,1
118900010,8,0,8
118900011,63,12,51
118900012,153,174,-21
118900013,505,18,487
118900015,33,10,23
118900016,6,13,-7
118900017,41,48,-7
118900018,1021,9,1012
118900019,29,5,24
118900020,75,98,-23
118900021,57,270,-213
118900022,58,102,-44
118900023,23,69,-46
118900024,15,112,-97
118900025,13,14,-1
118900026,24,77,-53
118900027,249,160,89
118900028,20,135,-115
118900029,87,345,-258
118900030,25,29,-4
118900031,47,123,-76
118900032,28,136,-108
118900033,153,611,-458
118900034,9,4,5
118900035,64,271,-207
118900036,291,392,-101
118900037,110,189,-79
118900038,121,292,-171
118900039,96,214,-118
118900040,75,114,-39
118900041,94,203,-109
118900042,66,58,8
118900045,66,88,-22
118900046,574,95,479
118900047,589,155,434
118900048,42,104,-62
118900049,27,14,13
118900050,9,111,-102
118900051,29,46,-17
118900052,79,134,-55
118900053,9,53,-44
118900054,18,71,-53
118900055,9,105,-96
118900056,26,53,-27
118900057,89,169,-80
118900058,148,291,-143
118900059,8,48,-40
118900060,11,101,-90
118900062,31,169,-138
118900064,364,193,171
118900065,19,92,-73
118900066,34,69,-35
118900067,6375,2095,4280
118900068,2,69,-67
118900069,91,186,-95
118900071,0,27,-27
118900072,161,221,-60
118900073,34,79,-45
118900074,38,96,-58
118900075,11,28,-17
118900076,48,23,25
118900077,103,108,-5
118900078,5,8,-3
118900079,42,122,-80
118900080,6,52,-46
118900081,27,16,11
118900082,174,84,90
118900083,1,14,-13
118900084,1,7,-6
118900085,254,657,-403
118900086,5,18,-13
118900087,21,83,-62
118900088,1,19,-18
118900089,20,2,18
118900090,256,374,-118
118900091,110,47,63
118900092,24,58,-34
118900093,31,2,29
118900096,29,35,-6
118900097,96,772,-676
118900099,14,161,-147
118900100,75,115,-40
118900101,28,604,-576
118900102,4,37,-33
118900103,35,36,-1
118900104,29,129,-100
118900105,99,95,4
118900107,161,98,63
118900108,28,75,-47
118900110,1351,203,1148
118900111,122,437,-315
118900112,33,58,-25
118900113,73,482,-409
118900114,7,79,-72
118900115,27,226,-199
118900116,19,136,-117
118900117,16,139,-123
118900118,87,456,-369
118900119,52,222,-170
118900120,63,258,-195
118900121,2,252,-250
118900122,4,235,-231
118900123,72,197,-125
118900124,24,142,-118
118900126,4,154,-150
118900129,41,106,-65
118900130,22,22,0
118900131,29,238,-209
118900132,93,120,-27
118900133,13,42,-29
118900135,74,161,-87
118900136,168,675,-507
118900137,0,24,-24
118900139,46,374,-328
118900140,318,946,-628
118900141,50,267,-217
118900144,96,610,-514
118900145,26,163,-137
118900146,90,501,-411
118900147,24,96,-72
118900148,31,48,-17
118900150,67,179,-112
118900152,168,777,-609
118900157,59,77,-18
118900158,10,93,-83
118900159,0,165,-165
118900161,24,7,17
118900163,152,35,117
118900164,2,59,-57
118900165,22,260,-238
118900166,23,1,22
118900167,24,151,-127
118900168,4,48,-44
118900169,32,442,-410
118900170,14,73,-59
118900171,5,30,-25
118900174,14,53,-39
118900175,52,168,-116
118900176,9,97,-88
118900177,4,28,-24
118900178,21,88,-67
118900179,0,25,-25
118900181,46,100,-54
118900182,54,32,22
118900183,3,56,-53
118900184,100,29,71
118900185,13,81,-68
118900186,46,115,-69
118900187,59,223,-164
118900188,75,228,-153
118900189,11,263,-252
118900190,2,544,-542
118900191,58,32,26
118900192,54,19,35
118900193,69,8,61
118900195,181,710,-529
118900196,13,107,-94
118900197,26,76,-50
118900198,2,32,-30
118900199,2,28,-26
118900200,25,11,14
118900201,5,3,2
118900202,13,46,-33
118900203,3,31,-28
118900204,4,22,-18
118900205,0,20,-20
118900206,0,38,-38
119000001,549,631,-82
119000002,1310,1422,-112
119000003,636,1332,-696
119000004,971,914,57
119000005,829,995,-166
119000006,885,1150,-265
119000007,1715,2167,-452
119000008,1079,2053,-974
119000009,4237,1909,2328
119000010,11210,3085,8125
119000011,6042,1216,4826
119000012,5669,2185,3484
119000013,2339,950,1389
119000014,1857,2820,-963
119000019,185,145,40
119000020,763,1084,-321
119000021,1470,1486,-16
119000022,2438,889,1549
119000023,411,122,289
119000024,2686,3565,-879
119000025,11873,1033,10840
119000026,419,173,246
119000027,1158,257,901
119000028,1534,906,628
119000029,140,224,-84
119000030,320,1137,-817
119000031,432,669,-237
119000032,1859,1587,272
119000033,1236,1526,-290
119000034,724,940,-216
119000035,10,383,-373
119000036,509,1216,-707
119000037,468,2366,-1898
119000038,64,1051,-987
119000039,98,307,-209
119000040,1017,616,401
119000041,720,764,-44
119000048,3576,3619,-43
119000049,818,3629,-2811
119000050,1118,2009,-891
119000051,1127,855,272
119000052,2099,2512,-413
119000053,1332,1061,271
119000054,1539,3319,-1780
119000055,1382,3136,-1754
119000056,1019,1722,-703
119000057,809,2297,-1488
119000058,938,2041,-1103
119000059,671,1349,-678
119000060,632,641,-9
119000061,570,852,-282
119000062,661,1113,-452
119000063,148,184,-36
119000064,1023,1448,-425
119000065,1334,3042,-1708
119000066,923,791,132
119000067,1250,2477,-1227
119000068,799,914,-115
119000069,772,2509,-1737
119000070,971,1164,-193
119000071,356,939,-583
119000072,5016,3294,1722
119000073,3432,4276,-844
119000074,399,3678,-3279
119000075,440,2357,-1917
119000076,280,807,-527
119000077,449,395,54
119000078,141,345,-204
119000079,39,677,-638
119000080,121,239,-118
119000081,92,328,-236
119000082,154,194,-40
119000083,152,338,-186
119000084,173,527,-354
119000085,470,289,181
119000086,135,460,-325
119000087,1288,844,444
119000088,223,264,-41
119000089,54,114,-60
119000090,137,153,-16
119000091,113,189,-76
119000092,601,197,404
119000093,3288,3505,-217
119000094,1232,3473,-2241
119000095,705,2828,-2123
119000097,3951,1300,2651
119000098,458,1075,-617
119000099,1451,1434,17
119000100,1346,1517,-171
119000101,1875,1811,64
119000102,589,438,151
119000103,1098,461,637
119000104,2504,1306,1198
119000105,310,633,-323
119000106,115,2056,-1941
119000107,245,471,-226
119000108,121,1447,-1326
119000109,41,303,-262
119000110,349,353,-4
119000111,34,398,-364
119000112,129,107,22
119000113,2251,190,2061
119000114,460,261,199
119000115,157,86,71
119000116,54,53,1
119000117,38,226,-188
119000118,3,2,1
119000123,1545,415,1130
119000124,157,210,-53
119000125,816,1031,-215
119000126,250,1045,-795
119000127,126,961,-835
119000128,35,5,30
119000131,335,1117,-782
119000132,3,8,-5
119000133,0,5,-5
119000134,3190,398,2792
119000135,30,186,-156
119000136,62,277,-215
119000137,50,512,-462
119000138,93,513,-420
119000139,103,315,-212
119000140,65,174,-109
119000284,1389,2305,-916
119000285,2494,2018,476
119000286,5178,4281,897
119000287,1362,2238,-876
119000288,1328,1980,-652
119000289,1878,4175,-2297
119000290,181,499,-318
119000291,4,316,-312
119000293,52,192,-140
119000294,34,11,23
119000295,1653,579,1074
119000296,59,175,-116
119000297,0,0,0
119000299,0,0,0
119000302,4595,1176,3419
119000303,7,83,-76
119000314,1022,3440,-2418
119000315,1,708,-707
119000316,29,118,-89
119000317,13,513,-500
119900001,43,451,-408
119900002,18,210,-192
119900003,19,1096,-1077
119900004,193,154,39
119900005,37,173,-136
119900006,51,266,-215
119900007,332,20,312
119900008,3,19,-16
119900009,190,523,-333
119900010,843,886,-43
119900011,29,23,6
119900012,4,25,-21
119900013,962,373,589
119900014,420,144,276
119900015,36,6,30
119900016,7,87,-80
119900017,7,25,-18
119900018,893,85,808
119900019,7,0,7
119900020,46,196,-150
119900021,29,19,10
119900022,42,119,-77
119900023,679,239,440
119900025,26,24,2
119900026,876,27,849
119900027,3,9,-6
119900028,56,12,44
119900029,0,5,-5
119900030,399,420,-21
119900031,9,107,-98
119900033,2160,88,2072
119900034,102,115,-13
119900037,32,17,15
119900038,9,84,-75
119900039,17,2,15
119900040,11,2,9
119900041,51,49,2
119900042,21,144,-123
119900043,32,145,-113
119900044,98,150,-52
119900046,36,68,-32
119900047,60,30,30
119900048,31,75,-44
119900049,8,2,6
119900050,17,31,-14
119900051,131,4,127
119900052,12,44,-32
119900053,42,141,-99
119900054,12,3,9
119900055,334,184,150
119900057,26,49,-23
119900058,55,4,51
119900059,59,52,7
119900060,68,0,68
119900061,32,2,30
119900062,9,17,-8
119900063,13,24,-11
119900065,54,1,53
119900067,23,12,11
119900068,116,0,116
119900069,22,5,17
119900070,133,4,129
119900071,72,0,72
119900073,1507,372,1135
119900074,18,8,10
119900075,5021,1154,3867
119900076,114,559,-445
119900077,227,1475,-1248
119900078,97,789,-692
119900079,444,323,121
119900080,115,288,-173
119900081,63,106,-43
119900082,238,295,-57
119900083,221,48,173
119900084,189,89,100
119900085,152,31,121
119900086,75,1004,-929
119900087,122,90,32
119900088,30,57,-27
119900089,9,585,-576
119900090,163,40,123
119900091,10,1172,-1162
119900092,5,278,-273
119900093,452,37,415
119900094,15,205,-190
119900095,93,89,4
119900096,32,63,-31
119900097,193,96,97
119900098,5,19,-14
119900099,8,326,-318
119900100,2519,989,1530
119900101,145,504,-359
119900102,23,389,-366
119900103,13,502,-489
119900104,22,239,-217
119900105,267,1140,-873
119900106,9,259,-250
119900107,233,3633,-3400
119900108,1342,574,768
119900109,17,210,-193
119900110,212,746,-534
119900111,30,410,-380
119900112,2775,277,2498
119900113,56,593,-537
119900114,59,1910,-1851
119900115,35,1225,-1190
119900116,102,161,-59
119900117,68,1012,-944
119900118,15,1254,-1239
119900119,37,235,-198
119900120,458,616,-158
119900121,80,1493,-1413
119900122,169,491,-322
119900123,112,164,-52
119900124,25,1045,-1020
119900125,21,484,-463
119900126,5338,139,5199
119900127,2366,783,1583
119900128,194,874,-680
119900129,37,812,-775
119900130,42,287,-245
119900131,9,370,-361
119900132,3,308,-305
119900133,2,15,-13
119900134,1996,187,1809
119900135,2,411,-409
119900136,136,554,-418
119900138,331,816,-485
119900139,2,78,-76
119900140,1,136,-135
119900141,68,217,-149
119900142,1,14,-13
119900143,3,261,-258
119900144,2695,162,2533
119900145,27,231,-204
119900146,110,72,38
119900147,5,61,-56
119900148,27,42,-15
119900149,1716,1328,388
119900150,143,189,-46
119900151,1084,622,462
119900152,17,509,-492
119900153,36,32,4
119900154,7,685,-678
119900155,4,14,-10
119900156,9,0,9
119900157,17,304,-287
119900158,31,46,-15
119900159,2,1727,-1725
119900160,5,217,-212
119900161,151,200,-49
119900162,303,344,-41
119900163,88,53,35
119900164,0,1,-1
119900165,28,298,-270
119900166,22,27,-5
119900167,41,110,-69
119900168,234,339,-105
119900169,97,94,3
119900170,99,81,18
119900171,296,471,-175
119900172,55,14,41
119900173,3,616,-613
119900174,31,294,-263
119900175,274,591,-317
119900177,10,246,-236
119900178,43,234,-191
119900179,19,141,-122
119900180,422,516,-94
119900181,15,17,-2
119900182,4,397,-393
119900183,115,1025,-910
119900184,2566,354,2212
119900185,12,56,-44
119900186,21,167,-146
119900187,7,517,-510
119900188,4,267,-263
119900189,240,95,145
119900190,19,92,-73
119900191,97,55,42
119900192,9,182,-173
119900193,65,170,-105
119900194,10,22,-12
119900195,6,233,-227
119900196,1470,301,1169
119900197,37,109,-72
119900198,19,489,-470
119900199,134,8,126
119900200,151,505,-354
119900201,369,155,214
119900202,212,31,181
119900203,35,163,-128
119900204,64,240,-176
119900205,112,603,-491
119900206,19,81,-62
119900208,84,100,-16
119900209,140,264,-124
119900210,8,17,-9
119900211,42,12,30
119900212,39,228,-189
119900213,2,31,-29
119900214,4,71,-67
119900215,10,98,-88
119900216,4,128,-124
119900217,3,60,-57
119900218,18,78,-60
119900219,0,106,-106
119900220,4,151,-147
119900221,10,502,-492
119900222,2,299,-297
119900223,10,120,-110
119900224,13,22,-9
119900225,1371,23,1348
119900226,861,686,175
119900227,1360,250,1110
119900228,4,263,-259
119900229,187,326,-139
119900230,1045,351,694
119900231,34,146,-112
119900232,99,34,65
119900233,23,0,23
119900234,4,13,-9
119900235,5,6,-1
119900236,7,192,-185
119900237,7,417,-410
119900238,0,74,-74
119900240,15,151,-136
119900241,84,280,-196
119900242,1285,410,875
119900244,515,988,-473
119900245,17,106,-89
119900246,142,119,23
119900247,4,20,-16
119900248,24,20,4
119900249,86,33,53
119900253,3563,208,3355
119900254,31,104,-73
119900255,43,505,-462
119900256,121,1382,-1261
119900257,14,0,14
119900258,46,59,-13
119900259,2,198,-196
119900260,16,0,16
119900261,46,225,-179
119900262,2,330,-328
119900263,716,350,366
119900264,17,293,-276
119900265,69,381,-312
119900266,59,273,-214
119900267,69,464,-395
119900268,22,248,-226
119900269,116,1380,-1264
119900271,10,75,-65
119900272,54,21,33
119900275,51,11,40
119900276,6,0,6
119900277,2,0,2
119900278,82,21,61
119900279,52,107,-55
119900280,932,181,751
119900281,1,35,-34
119900282,34,7,27
119900283,3,343,-340
119900284,7,182,-175
119900285,3,21,-18
119900286,2,4,-2
119900288,0,38,-38
119900289,0,24,-24
119900290,0,18,-18
119900291,1,34,-33
119900292,26,7,19
119900293,1,50,-49
119900294,10,73,-63
119900295,1,50,-49
119900296,0,164,-164
119900297,0,28,-28
119900298,1,3,-2
119900299,23,226,-203
119900300,82,198,-116
119900301,7,6,1
119900302,12,26,-14
119900303,67,182,-115
119900304,37,13,24
119900305,38,67,-29
119900306,9,0,9
119900307,3,124,-121
119900308,4,8,-4
119900309,7,29,-22
119900310,260,228,32
119900311,11,141,-130
119900312,32,53,-21
119900313,113,342,-229
119900314,31,175,-144
119900315,216,2557,-2341
119900318,11,5,6
119900319,2,324,-322
119900320,14,721,-707
119900321,17,0,17
120000001,5904,5154,750
120000002,1819,3253,-1434
120000003,3124,2037,1087
120000004,2950,2522,428
120000005,5131,2028,3103
120000006,1461,1317,144
120000007,2722,1950,772
120000008,968,1335,-367
120000009,4987,969,4018
120000010,987,3481,-2494
120000011,678,2087,-1409
120000012,1200,3156,-1956
120000013,1551,2806,-1255
120000014,329,1612,-1283
120000015,1521,1582,-61
120000016,2197,1793,404
120000017,1037,1307,-270
120000018,4765,4672,93
120000019,640,777,-137
120000020,1862,1588,274
120000021,2023,1345,678
120000022,2546,2588,-42
120000023,638,1576,-938
120000024,1104,1985,-881
120000025,1141,2149,-1008
120000026,490,1958,-1468
120000027,752,1507,-755
120000028,367,273,94
120000029,1505,335,1170
120000030,98,546,-448
120000031,1443,3161,-1718
120000032,9743,2865,6878
120000033,1630,1343,287
120000034,729,2161,-1432
120000035,951,2328,-1377
120000036,1514,3256,-1742
120000037,304,650,-346
120000038,10703,2852,7851
120000039,336,780,-444
120000040,31,93,-62
120000041,188,2005,-1817
120000042,1228,4679,-3451
120000043,3409,2538,871
120000044,2125,941,1184
120000045,1914,711,1203
120000046,1079,1311,-232
120000047,1466,2155,-689
120000048,7504,2616,4888
120000049,1825,2240,-415
120000050,1636,3999,-2363
120000051,3238,3354,-116
120000052,14127,2493,11634
120000053,768,4646,-3878
120000054,1306,6728,-5422
120000055,616,4281,-3665
120000056,2955,4885,-1930
120000057,1613,969,644
120000058,169,174,-5
120000059,82,1002,-920
120000061,65,632,-567
120000062,161,220,-59
120000063,2099,3192,-1093
120000064,308,1638,-1330
120000065,264,1844,-1580
120000066,86,518,-432
120000067,18,463,-445
120000068,73,1172,-1099
120000069,325,1830,-1505
120000070,20,1245,-1225
120000071,100,150,-50
120000072,121,358,-237
120000073,121,71,50
120000074,17,52,-35
120000075,101,182,-81
120000076,427,274,153
120000077,593,366,227
120000078,3614,407,3207
120000079,82,587,-505
120000080,66,215,-149
120000081,183,183,0
120000082,160,164,-4
120000083,114,234,-120
120000084,427,621,-194
120000085,318,525,-207
120000086,148,728,-580
120000087,104,1402,-1298
120000088,418,968,-550
120000089,488,308,180
120000090,241,343,-102
120000091,349,676,-327
120000092,674,402,272
120000093,140,423,-283
120000094,69,319,-250
120000095,430,696,-266
120000096,195,1308,-1113
120000098,467,1081,-614
120000099,162,760,-598
120000100,268,987,-719
120000101,291,504,-213
120000102,198,294,-96
120000103,509,229,280
120000104,618,171,447
120000105,678,235,443
120000106,738,246,492
120000107,915,308,607
120000108,311,86,225
120000109,371,29,342
120000110,53,935,-882
120000111,94,1483,-1389
120000112,406,4450,-4044
120000113,385,3184,-2799
120000114,284,2216,-1932
120000115,216,2144,-1928
120000116,446,2071,-1625
120000117,1140,1619,-479
120000118,16,18,-2
120000119,15,25,-10
120000120,20,40,-20
120000121,15,29,-14
120000122,188,162,26
120000123,6296,1586,4710
120000124,205,451,-246
120000125,190,658,-468
120000126,240,427,-187
120000127,792,322,470
120000128,1996,1278,718
120000129,258,222,36
120000130,471,522,-51
120000131,154,393,-239
120000134,222,1367,-1145
120000135,75,274,-199
120000137,54,2186,-2132
120000138,173,485,-312
120000139,77,1122,-1045
120000140,139,665,-526
120000141,48,494,-446
120000142,78,542,-464
120000143,2,99,-97
120000144,17,0,17
120000145,64,5,59
120000146,1503,428,1075
120000149,399,863,-464
120000150,5230,5491,-261
120000151,383,334,49
120000152,115,268,-153
120000153,56,682,-626
120000154,310,316,-6
120000155,91,99,-8
120000156,1493,235,1258
120000157,854,465,389
120000158,470,796,-326
120000159,1802,2229,-427
120000160,1474,904,570
120000161,657,2398,-1741
120000162,43,204,-161
120000163,152,1583,-1431
120000164,186,538,-352
120000165,109,954,-845
120000166,290,545,-255
120000167,6,12,-6
120000168,1,30,-29
120000169,83,112,-29
120000170,103,73,30
120000171,11,19,-8
120000172,16,15,1
120000173,1842,95,1747
120000174,459,4,455
120000175,415,5,410
120000176,105,47,58
120000177,953,391,562
120000178,73,4,69
120000179,270,5,265
120000180,353,20,333
120000181,64,36,28
120000182,31,26,5
120000183,14,123,-109
120000184,74,1438,-1364
120000186,43,29,14
120000187,76,13,63
120000188,178,29,149
120000190,645,6,639
120000191,1173,10,1163
120000192,1099,5,1094
120000193,179,0,179
120000195,43,0,43
120000196,104,15,89
120000197,35,51,-16
120000198,26,144,-118
120000199,33,0,33
120000200,31,0,31
120000201,11,7,4
120000202,2,55,-53
120000203,8,443,-435
120000207,0,99,-99
120000208,6,418,-412
120000209,1,170,-169
120000210,130,62,68
120000211,21,0,21
120000212,24,0,24
120000213,22,397,-375
120000214,1,463,-462
120000215,3,139,-136
120000216,24,2,22
120000217,796,1494,-698
120000218,248,1639,-1391
120000219,8,947,-939
120000220,7,3402,-3395
120000225,324,0,324
120000226,84,1,83
120000227,613,7,606
120000228,8289,1245,7044
120000230,53,2,51
120000231,261,2511,-2250
120000233,62,13,49
120000235,66,670,-604
120000236,228,3,225
120000237,3,2434,-2431
120000238,0,55,-55
120000241,838,2019,-1181
120000412,1718,3,1715
120000413,79,471,-392
120000414,23,6,17
120000415,3,230,-227
120000416,9,15,-6
120000417,7,156,-149
120000418,25,9,16
120000419,7,523,-516
120000420,43,27,16
120000421,15274,5927,9347
120000422,190,302,-112
120000423,1,31,-30
120000424,15,224,-209
120000436,61,226,-165
120000437,168,177,-9
120000438,4979,286,4693
120000439,80,170,-90
120000443,58,1,57
120000444,308,561,-253
120000445,1314,1028,286
120000446,803,210,593
120000447,51,3,48
120000449,35,10,25
120000450,10,415,-405
120000451,16,182,-166
120000452,55,1,54
120000453,0,299,-299
120000454,32,15,17
120000455,21,57,-36
120000456,3213,1756,1457
120000457,1090,836,254
120000458,296,625,-329
120000459,50,39,11
120000665,503,112,391
120000668,62,71,-9
120000669,39,459,-420
120000670,200,352,-152
120000671,261,167,94
120000672,63,447,-384
120900001,37,15,22
120900002,58,157,-99
120900003,162,17,145
120900004,2,17,-15
120900005,6,1817,-1811
120900006,64,119,-55
120900007,37,173,-136
120900008,48,1043,-995
120900009,204,38,166
120900010,136,34,102
120900011,213,45,168
120900012,811,356,455
120900013,80,7,73
120900014,74,780,-706
120900015,107,65,42
120900016,162,32,130
120900017,3698,125,3573
120900018,35,483,-448
120900019,157,58,99
120900020,284,255,29
120900021,161,26,135
120900022,12,426,-414
120900023,31,43,-12
120900024,1017,366,651
120900025,2121,575,1546
120900026,13,102,-89
120900027,458,98,360
120900028,66,23,43
120900029,30,130,-100
120900030,327,296,31
120900031,39,12,27
120900032,200,124,76
120900033,188,11,177
120900034,32,1169,-1137
120900035,12,29,-17
120900037,29,3,26
120900038,4,65,-61
120900039,15,13,2
120900040,51,1,50
120900041,43,14,29
120900042,64,76,-12
120900043,11,5,6
120900044,7,388,-381
120900045,79,101,-22
120900046,86,2,84
120900047,40,21,19
120900048,41,4,37
120900049,71,0,71
120900050,3724,456,3268
120900051,75,122,-47
120900052,98,1,97
120900053,53,73,-20
120900054,994,678,316
120900055,68,1,67
120900056,87,0,87
120900057,31,3,28
120900058,73,0,73
120900059,29,1,28
120900060,14,33,-19
120900061,179,241,-62
120900062,69,0,69
120900063,112,2,110
120900064,83,0,83
120900065,72,1,71
120900066,36,301,-265
120900067,67,21,46
120900068,65,0,65
120900069,71,82,-11
120900071,2,8,-6
120900072,172,20,152
120900073,86,205,-119
120900074,122,1,121
120900076,62,0,62
120900077,3093,143,2950
120900078,122,629,-507
120900079,189,136,53
120900080,163,2854,-2691
120900081,199,1013,-814
120900082,477,168,309
120900083,15,2,13
120900084,66,104,-38
120900085,78,39,39
120900086,125,66,59
120900087,93,16,77
120900088,96,125,-29
120900089,4758,684,4074
120900090,21,197,-176
120900091,263,123,140
120900092,394,683,-289
120900093,4658,268,4390
120900094,468,129,339
120900095,96,13,83
120900096,8,80,-72
120900097,485,1326,-841
120900098,221,259,-38
120900099,28,90,-62
120900100,38,417,-379
120900101,230,287,-57
120900102,16,80,-64
120900103,11,150,-139
120900104,41,27,14
120900105,18,959,-941
120900106,1200,602,598
120900107,423,238,185
120900108,3,1208,-1205
120900109,15,898,-883
120900110,4,406,-402
120900111,122,378,-256
120900112,3,1601,-1598
120900113,8,1037,-1029
120900114,31,301,-270
120900115,89,83,6
120900116,51,606,-555
120900117,3,594,-591
120900118,3,1033,-1030
120900119,4043,2455,1588
120900120,25,790,-765
120900121,61,400,-339
120900122,55,708,-653
120900123,2,613,-611
120900124,3,839,-836
120900125,7,1078,-1071
120900126,808,628,180
120900127,6,586,-580
120900128,807,763,44
120900129,32,514,-482
120900130,2,479,-477
120900131,8,40,-32
120900132,186,347,-161
120900133,179,1291,-1112
120900134,183,480,-297
120900135,13,841,-828
120900136,2,6,-4
120900137,24,76,-52
120900138,13,272,-259
120900139,3,905,-902
120900140,3,37,-34
120900141,17,76,-59
120900142,14,1015,-1001
120900143,12,1157,-1145
120900144,0,268,-268
120900145,32,919,-887
120900146,2,1223,-1221
120900147,4,214,-210
120900148,34,64,-30
120900149,0,451,-451
120900150,10,531,-521
120900151,1,763,-762
120900152,1,38,-37
120900153,2,47,-45
120900154,1,329,-328
120900155,48,1353,-1305
120900156,13,440,-427
120900157,9,200,-191
120900158,7,587,-580
120900159,23,748,-725
120900160,8,388,-380
120900161,14,1203,-1189
120900162,15,1550,-1535
120900163,4,64,-60
120900164,0,0,0
120900165,2,2,0
120900166,9,41,-32
120900167,66,57,9
120900169,18,566,-548
120900170,2622,861,1761
120900171,1066,233,833
120900172,596,68,528
120900173,0,69,-69
120900174,2,79,-77
120900175,294,163,131
120900176,10,122,-112
120900177,0,248,-248
120900178,0,127,-127
120900179,452,327,125
120900180,61,64,-3
120900181,14,40,-26
120900182,9,262,-253
120900183,473,77,396
120900184,117,58,59
120900185,1,282,-281
120900186,0,528,-528
120900187,112,350,-238
120900188,35,9,26
120900189,50,192,-142
120900190,9,6,3
120900191,2,6,-4
120900192,14761,1148,13613
120900194,20,54,-34
120900195,63,314,-251
120900196,290,19,271
120900197,190,37,153
120900198,140,653,-513
120900199,117,81,36
120900200,86,45,41
120900201,636,139,497
120900202,0,206,-206
120900203,4,36,-32
120900204,253,381,-128
120900205,78,86,-8
120900206,3,7,-4
120900207,52,1174,-1122
121000001,953,1017,-64
121000002,1265,812,453
121000003,3722,1750,1972
121000004,2098,1870,228
121000005,1864,2263,-399
121000006,2156,974,1182
121000007,2627,2384,243
121000008,3583,2365,1218
121000009,9576,3876,5700
121000010,10636,2718,7918
121000011,11188,6961,4227
121000012,16938,4520,12418
121000013,4969,4849,120
121000014,6379,4854,1525
121000015,3853,4594,-741
121000016,4690,2716,1974
121000017,1242,3718,-2476
121000018,1722,1578,144
121000019,16591,7150,9441
121000020,10082,5100,4982
121000021,2627,3159,-532
121000022,1228,1154,74
121000023,4800,3444,1356
121000024,2482,2423,59
121000025,818,550,268
121000026,197,84,113
121000027,1396,762,634
121000028,504,386,118
121000029,567,578,-11
121000030,227,276,-49
121000031,344,546,-202
121000032,153,56,97
121000034,168,109,59
121000035,45,54,-9
121000036,567,729,-162
121000037,410,499,-89
121000038,421,440,-19
121000039,255,410,-155
121000041,221,602,-381
121000042,139,264,-125
121000043,881,514,367
121000044,1769,562,1207
121000045,181,293,-112
121000046,191,473,-282
121000047,7,166,-159
121000049,1753,1009,744
121000050,222,869,-647
121000051,341,501,-160
121000052,179,485,-306
121000053,182,46,136
121000054,25,199,-174
121000055,1804,806,998
121000056,699,987,-288
121000057,107,275,-168
121000058,484,58,426
121000059,1516,495,1021
121000060,562,741,-179
121000061,53,115,-62
121000062,105,223,-118
121000063,469,371,98
121000064,291,525,-234
121000065,362,383,-21
121000066,464,427,37
121000067,833,200,633
121000068,322,219,103
121000069,253,132,121
121000070,1373,1201,172
121000071,690,629,61
121000072,1032,859,173
121000073,552,525,27
121000074,135,101,34
121000075,31,20,11
121000076,672,263,409
121000077,73,42,31
121000078,57,94,-37
121000080,2516,552,1964
121000081,1970,1075,895
121000082,137,294,-157
121000083,254,96,158
121000084,133,100,33
121000085,557,516,41
121000086,132,690,-558
121000087,78,229,-151
121000088,220,399,-179
121000089,417,163,254
121000090,223,236,-13
121000091,1968,458,1510
121000092,96,64,32
121000093,123,160,-37
121000094,420,203,217
121000095,171,467,-296
121000096,2210,1552,658
121000097,1344,1167,177
121000098,310,1292,-982
121000099,308,743,-435
121000100,275,696,-421
121000101,87,276,-189
121000102,62,593,-531
121000103,56,271,-215
121000104,51,220,-169
121000105,146,438,-292
121000106,94,283,-189
121000107,1928,3607,-1679
121000109,1289,865,424
121000110,244,340,-96
121000114,1985,1824,161
121000115,754,656,98
121000116,524,583,-59
121000117,1045,206,839
121000118,910,239,671
121000119,121,344,-223
121000120,196,492,-296
121000121,549,843,-294
121000123,1790,631,1159
121000127,38,118,-80
121000128,450,670,-220
121000129,189,508,-319
121000130,268,941,-673
121000131,1827,901,926
121000132,865,711,154
121000135,414,158,256
121000136,1017,580,437
121000137,368,93,275
121000138,749,339,410
121000139,418,55,363
121000141,91,82,9
121000142,1100,463,637
121000143,172,12,160
121000144,830,578,252
121000145,230,1148,-918
121000146,587,604,-17
121000147,391,352,39
121000148,525,946,-421
121000149,1185,891,294
121000152,282,579,-297
121000153,1620,378,1242
121000154,526,329,197
121000155,806,757,49
121000156,367,724,-357
121000157,1352,1624,-272
121000158,402,657,-255
121000159,99,614,-515
121000160,195,740,-545
121000161,39,340,-301
121000162,14,326,-312
121000165,1573,1165,408
121000166,30,354,-324
121000168,86,189,-103
121000169,16,147,-131
121000170,65,30,35
121000171,32,122,-90
121000172,288,366,-78
121000173,815,578,237
121000174,115,316,-201
121000175,300,345,-45
121000176,309,188,121
121000177,455,543,-88
121000178,45,33,12
121000179,69,55,14
121000181,277,247,30
121000182,43,141,-98
121000183,27,64,-37
121000184,44,66,-22
121000185,6,114,-108
121000186,94,224,-130
121000187,97,309,-212
121000188,24,289,-265
121000192,359,292,67
121000193,451,345,106
121000194,2258,1891,367
121000195,335,827,-492
121000196,611,164,447
121000197,131,621,-490
121000198,62,55,7
121000199,37,529,-492
121000200,115,57,58
121000201,1,194,-193
121000202,132,34,98
121000203,350,2307,-1957
121000204,657,432,225
121000205,104,296,-192
121000206,65,39,26
121000207,778,338,440
121000208,6,519,-513
121000209,93,547,-454
121000210,135,398,-263
121000211,51,134,-83
121000212,159,653,-494
121000213,7358,1878,5480
121000214,538,978,-440
121000215,1266,573,693
121000216,343,342,1
121000217,2885,1560,1325
121000218,457,1649,-1192
121000219,772,263,509
121000220,298,55,243
121000221,125,192,-67
121000222,2255,2069,186
121000223,475,226,249
121000224,231,53,178
121000225,1012,551,461
121000226,1055,406,649
121000227,10,280,-270
121000228,18,871,-853
121000229,49,533,-484
121000230,46,1802,-1756
121000231,138,6,132
121000232,306,125,181
121000233,269,249,20
121000234,7,22,-15
121000235,16,17,-1
121000236,1,30,-29
121000237,4,6,-2
121000238,0,67,-67
121000239,3,1,2
121000240,2,139,-137
121000241,32,7,25
121000242,12,110,-98
121000243,110,28,82
121000244,0,75,-75
121000245,1,25,-24
121000246,4,115,-111
121000247,17,3,14
121000248,307,451,-144
121000249,29,191,-162
121000250,116,70,46
121000251,16,597,-581
121000252,30,19,11
121000253,130,555,-425
121000254,265,247,18
121000255,118,112,6
121000256,116,135,-19
121000257,22,60,-38
121000258,22,49,-27
121000259,8,26,-18
121000260,39,102,-63
121000261,7,48,-41
121000262,1112,422,690
121000263,177,420,-243
121000271,175,1460,-1285
121000273,53,11,42
121000274,1,26,-25
121000275,4,12,-8
121000276,3,6,-3
121000278,19,78,-59
121000279,30,13,17
121000280,16,57,-41
121000289,48,10,38
121000290,716,611,105
121000294,38,188,-150
121000297,638,509,129
121000299,123,175,-52
121000300,600,424,176
121000302,174,389,-215
121000303,479,254,225
121000304,304,38,266
121000305,82,47,35
121000306,26,107,-81
121000308,123,265,-142
121000309,378,501,-123
121000310,36,430,-394
121000311,77,691,-614
121000312,248,161,87
121000313,505,424,81
121000314,207,77,130
121000315,79,86,-7
121000530,582,1310,-728
121000531,843,1265,-422
121000532,3878,2779,1099
121000533,1819,1676,143
121000918,8,302,-294
121000919,5,53,-48
121000938,943,205,738
121000939,1428,147,1281
121000956,302,1101,-799
121000957,1,11,-10
121000958,23,39,-16
121000959,162,1252,-1090
121000960,893,2294,-1401
121000961,134,25,109
121000962,243,588,-345
121000973,0,190,-190
121000976,7,132,-125
121000979,119,29,90
121000981,142,50,92
121000982,130,227,-97
121000983,131,486,-355
121000984,15,27,-12
121000985,170,553,-383
121000986,37,495,-458
121000987,90,1432,-1342
121000988,263,85,178
121001302,311,87,224
121001308,1,8,-7
121001309,70,27,43
121001311,0,0,0
121001313,80,528,-448
121001314,4255,3562,693
121001315,3269,1000,2269
121001326,236,383,-147
121900001,50,159,-109
121900002,19,16,3
121900003,164,2,162
121900004,64,296,-232
121900005,5,2,3
121900006,44,19,25
121900007,1299,1826,-527
121900008,358,29,329
121900009,274,18,256
121900010,170,4,166
121900011,56,347,-291
121900012,0,2,-2
121900013,522,6,516
121900014,797,219,578
121900015,49,135,-86
121900016,2,29,-27
121900017,122,365,-243
121900018,163,3,160
121900019,91,196,-105
121900020,39,2,37
121900021,429,6,423
121900022,160,109,51
121900023,22,223,-201
121900024,217,21,196
121900025,216,115,101
121900026,98,7,91
121900027,64,59,5
121900028,77,6,71
121900029,15,93,-78
121900030,364,305,59
121900031,571,1909,-1338
121900032,45,30,15
121900033,101,71,30
121900034,108,34,74
121900035,1754,1057,697
121900036,35,229,-194
121900037,123,468,-345
121900038,15,74,-59
121900039,227,5,222
121900040,10,61,-51
121900041,39,84,-45
121900042,157,90,67
121900043,1,3,-2
121900044,248,14,234
121900046,165,58,107
121900047,58,45,13
121900048,10,76,-66
121900050,14,28,-14
121900051,42,79,-37
121900052,22,18,4
121900053,131,118,13
121900054,468,607,-139
121900055,5,6,-1
121900058,26,169,-143
121900059,121,32,89
121900060,28,198,-170
121900061,107,59,48
121900062,74,28,46
121900063,240,138,102
121900064,88,590,-502
121900066,19,3,16
121900067,0,8,-8
121900069,213,95,118
121900070,54,51,3
121900071,35,166,-131
121900072,21,73,-52
121900073,96,113,-17
121900074,405,212,193
121900075,212,158,54
121900076,100,585,-485
121900077,2,12,-10
121900078,2,5,-3
121900079,0,0,0
121900080,287,310,-23
121900082,24,75,-51
121900084,8,254,-246
121900085,0,9,-9
121900086,4,24,-20
121900087,184,77,107
121900088,1984,1244,740
121900089,19,342,-323
121900090,1,72,-71
121900091,6,55,-49
121900092,14,58,-44
121900093,60,53,7
121900094,6,1,5
121900095,74,64,10
121900096,1363,288,1075
121900097,60,91,-31
121900098,0,2,-2
121900099,29,36,-7
121900100,70,71,-1
121900101,63,46,17
121900102,8,72,-64
121900103,384,119,265
121900104,656,142,514
121900105,40,23,17
121900106,2,3,-1
121900107,3,21,-18
121900108,0,0,0
121900109,234,73,161
121900110,66,933,-867
121900111,524,52,472
121900112,124,57,67
121900113,30,69,-39
121900114,0,0,0
121900117,29,19,10
121900118,1896,185,1711
121900119,31,188,-157
121900120,25,920,-895
121900121,399,35,364
121900122,4,9,-5
121900123,169,288,-119
121900124,52,138,-86
121900125,510,758,-248
121900127,5,32,-27
121900128,13,92,-79
121900129,1034,33,1001
121900130,56,199,-143
121900131,70,68,2
121900132,6,69,-63
121900133,32,22,10
121900134,7,83,-76
121900135,1763,204,1559
121900136,51,368,-317
121900137,26,179,-153
121900138,24,143,-119
121900139,299,249,50
121900140,19,127,-108
121900141,9,9,0
121900142,10,82,-72
121900143,2,85,-83
121900144,210,261,-51
121900145,60,95,-35
121900146,267,495,-228
121900147,46,163,-117
121900148,63,212,-149
121900149,87,535,-448
121900150,40,176,-136
121900151,34,125,-91
121900152,18,114,-96
121900153,30,435,-405
121900154,10,93,-83
121900155,0,33,-33
121900156,80,82,-2
121900157,2,369,-367
121900158,26,66,-40
121900159,2,165,-163
121900160,16,161,-145
121900161,326,165,161
121900162,69,54,15
121900163,35,605,-570
121900164,134,105,29
121900165,36,112,-76
121900166,68,148,-80
121900167,83,47,36
121900168,121,68,53
121900169,0,236,-236
121900170,2,134,-132
121900171,271,236,35
121900172,171,156,15
121900173,558,131,427
121900174,12,37,-25
121900175,28,115,-87
121900176,352,1438,-1086
121900177,82,41,41
121900178,12,91,-79
121900179,115,61,54
121900180,4630,1443,3187
121900182,208,184,24
121900183,269,206,63
121900184,21,425,-404
121900186,2,231,-229
121900187,8,87,-79
121900188,402,163,239
121900189,16,159,-143
121900190,97,347,-250
121900191,26,84,-58
121900192,427,301,126
121900193,18,168,-150
121900194,1,128,-127
121900195,75,83,-8
121900196,393,358,35
121900197,277,1682,-1405
121900198,689,605,84
121900199,3,11,-8
121900200,37,142,-105
121900201,671,506,165
121900202,97,212,-115
121900203,138,389,-251
121900204,703,423,280
121900205,4,92,-88
121900206,1,5,-4
121900207,122,11,111
121900208,69,150,-81
121900209,32,6,26
121900210,476,608,-132
121900211,157,318,-161
121900212,58,61,-3
121900213,9,136,-127
121900214,4,202,-198
121900215,13,22,-9
121900216,13,35,-22
121900217,133,51,82
121900218,149,217,-68
121900220,86,5,81
121900221,142,406,-264
121900222,19,127,-108
121900223,40,28,12
121900224,8,39,-31
121900225,45,24,21
121900226,87,304,-217
121900227,69,259,-190
121900228,108,121,-13
121900230,38,18,20
121900231,133,133,0
121900232,74,225,-151
121900233,193,197,-4
121900234,75,285,-210
121900235,121,210,-89
121900236,122,74,48
121900237,124,185,-61
121900238,90,119,-29
121900239,74,31,43
121900240,123,99,24
121900241,9,28,-19
121900242,2,0,2
121900243,1,0,1
121900244,0,0,0
121900245,87,96,-9
121900246,663,261,402
121900248,744,401,343
121900250,196,170,26
121900251,199,11,188
121900252,694,76,618
121900253,138,793,-655
121900254,415,146,269
121900255,67,33,34
121900258,1225,710,515
121900259,269,234,35
121900260,16,129,-113
121900261,61,253,-192
121900262,217,370,-153
121900263,41,197,-156
121900264,1685,611,1074
121900265,38,234,-196
121900266,69,159,-90
121900267,23,6,17
121900269,42,170,-128
121900270,6,61,-55
121900271,9,113,-104
121900273,330,651,-321
121900274,101,163,-62
121900277,109,1140,-1031
121900278,35,603,-568
121900279,67,302,-235
121900280,76,185,-109
121900281,190,23,167
121900284,30,2,28
121900286,26,190,-164
121900287,10,12,-2
121900288,0,3,-3
121900290,111,111,0
121900291,290,305,-15
121900292,104,45,59
121900293,615,2474,-1859
121900294,165,0,165
121900295,16,177,-161
121900296,14,7,7
121900298,103,234,-131
121900299,0,0,0
121900300,0,0,0
121900301,10,0,10
121900302,0,46,-46
121900303,112,320,-208
121900304,1,2,-1
121900305,1,0,1
121900306,28,0,28
121900307,4,4,0
121900308,10,307,-297
121900309,7,224,-217
121900310,27,599,-572
121900311,96,12,84
121900312,59,5,54
121900313,114,12,102
121900314,2,31,-29
121900315,5,0,5
121900316,0,7,-7
121900317,1,1,0
121900318,0,10,-10
121900319,1,15,-14
121900320,35,85,-50
121900321,1,0,1
121900322,0,30,-30
121900323,13,9,4
121900324,1,25,-24
121900325,1,0,1
121900326,1,18,-17
121900327,1,44,-43
121900328,0,19,-19
121900329,1,159,-158
121900330,2,37,-35
121900331,28,4,24
121900332,45,14,31
121900333,4,2,2
121900334,34,41,-7
122000001,2179,2011,168
122000002,4615,1028,3587
122000003,1733,1015,718
122000004,2308,828,1480
122000005,1980,657,1323
122000006,1460,283,1177
122000007,833,582,251
122000008,5137,2231,2906
122000009,580,125,455
122000010,1891,1688,203
122000011,2763,523,2240
122000012,953,679,274
122000013,1291,785,506
122000014,1093,1140,-47
122000015,938,676,262
122000016,329,525,-196
122000017,790,851,-61
122000018,909,878,31
122000019,484,1136,-652
122000020,138,140,-2
122000021,528,259,269
122000022,823,1059,-236
122000023,373,2176,-1803
122000024,863,580,283
122000025,960,662,298
122000026,1651,547,1104
122000027,464,3200,-2736
122000028,558,221,337
122000029,270,144,126
122000030,292,50,242
122000031,121,119,2
122000032,857,1759,-902
122000033,676,415,261
122000034,446,310,136
122000035,235,414,-179
122000036,331,540,-209
122000037,235,209,26
122000038,201,337,-136
122000039,480,450,30
122000040,342,169,173
122000041,257,369,-112
122000042,138,307,-169
122000043,111,76,35
122000044,88,114,-26
122000045,872,411,461
122000046,339,623,-284
122000047,233,145,88
122000048,2545,2467,78
122000049,3619,1751,1868
122000050,994,359,635
122000051,288,180,108
122000052,386,164,222
122000053,111,284,-173
122000054,1862,1401,461
122000055,1954,1536,418
122000056,3757,2326,1431
122000057,2916,1622,1294
122000058,3709,963,2746
122000059,2571,989,1582
122000060,933,359,574
122000061,677,166,511
122000062,1277,241,1036
122000063,619,334,285
122000064,2806,2321,485
122000065,4828,2318,2510
122000066,1092,926,166
122000067,1069,877,192
122000068,589,999,-410
122000069,425,479,-54
122000070,368,1720,-1352
122000071,583,1106,-523
122000072,194,227,-33
122000073,278,275,3
122000074,921,1070,-149
122000075,307,709,-402
122000076,1006,820,186
122000077,1005,441,564
122000078,2629,1335,1294
122000079,974,444,530
122000080,492,200,292
122000081,134,141,-7
122000082,1206,437,769
122000083,754,2724,-1970
122000084,574,462,112
122000085,140,1381,-1241
122000086,1563,2664,-1101
122000087,311,98,213
122000088,232,103,129
122000089,3872,2546,1326
122000090,115,256,-141
122000091,126,55,71
122000092,78,6,72
122000093,953,791,162
122000094,5093,1095,3998
122000095,2110,925,1185
122000096,1344,808,536
122000098,1725,1061,664
122000099,1435,543,892
122000100,1139,519,620
122000101,152,1082,-930
122000102,1211,888,323
122000103,816,975,-159
122000104,142,126,16
122000105,170,197,-27
122000106,506,316,190
122000107,596,314,282
122000108,285,695,-410
122000109,158,220,-62
122000110,168,392,-224
122000111,2299,1053,1246
122000112,422,1323,-901
122000113,322,617,-295
122000114,1843,984,859
122000115,1549,598,951
122000116,461,631,-170
122000117,786,323,463
122000118,289,537,-248
122000119,2623,1234,1389
122000120,5553,2010,3543
122000121,7085,1761,5324
122000122,1074,1268,-194
122000123,4705,1075,3630
122000124,1746,442,1304
122000125,400,511,-111
122000126,927,525,402
122000127,3205,746,2459
122000128,1094,973,121
122000129,257,314,-57
122000130,2991,282,2709
122000131,3574,296,3278
122000132,1581,427,1154
122000133,1078,1678,-600
122000134,407,400,7
122000135,737,1121,-384
122000136,223,126,97
122000137,697,503,194
122000139,1045,2646,-1601
122000140,829,366,463
122000141,4305,695,3610
122000142,397,392,5
122000143,809,190,619
122000144,3200,560,2640
122000145,1449,699,750
122000146,753,643,110
122000147,873,443,430
122000148,1652,1026,626
122000149,2213,957,1256
122000150,1425,740,685
122000151,477,322,155
122000152,595,271,324
122000153,606,215,391
122000154,369,164,205
122000155,2302,1940,362
122000156,2200,1510,690
122000157,1529,827,702
122000158,163,364,-201
122000159,1893,1130,763
122000160,9426,562,8864
122000161,1832,658,1174
122000162,2248,1469,779
122000163,229,52,177
122000164,20,57,-37
122000165,575,488,87
122000166,651,553,98
122000167,142,163,-21
122000168,164,333,-169
122000169,310,112,198
122000170,92,250,-158
122000171,32,50,-18
122000172,1064,1237,-173
122000173,1052,1615,-563
122000174,1039,532,507
122000175,907,355,552
122000176,173,478,-305
122000177,1135,905,230
122000178,1941,1499,442
122000179,1444,1754,-310
122000180,1321,597,724
122000181,2332,1417,915
122000182,2649,596,2053
122000183,1196,757,439
122000184,3683,1345,2338
122000185,1372,969,403
122000186,440,523,-83
122000187,962,1660,-698
122000188,630,140,490
122000189,203,226,-23
122000190,771,1233,-462
122000191,709,344,365
122000192,870,248,622
122000193,246,571,-325
122000194,364,166,198
122000195,94,322,-228
122000196,526,453,73
122000197,401,405,-4
122000198,388,762,-374
122000199,289,292,-3
122000200,913,352,561
122000201,1010,1405,-395
122000202,741,821,-80
122000203,2617,1156,1461
122000204,1455,1401,54
122000205,1383,663,720
122000206,1903,858,1045
122000207,1120,1305,-185
122000208,1104,1511,-407
122000209,1693,248,1445
122000210,890,1492,-602
122000211,617,1043,-426
122000212,343,510,-167
122000213,754,1177,-423
122000214,1218,1934,-716
122000215,1070,1409,-339
122000217,1443,1086,357
122000218,434,46,388
122000219,1205,1006,199
122000220,223,773,-550
122000221,74,307,-233
122000222,410,53,357
122000223,597,450,147
122000225,532,393,139
122000226,821,1482,-661
122000227,188,1244,-1056
122000228,315,402,-87
122000229,24,388,-364
122000230,64,958,-894
122000231,132,716,-584
122000232,341,801,-460
122000233,1,130,-129
122000234,58,154,-96
122000235,266,210,56
122000236,309,203,106
122000237,23,41,-18
122000238,69,107,-38
122000239,263,92,171
122000240,481,250,231
122000241,426,283,143
122000242,213,87,126
122000243,101,64,37
122000244,40,606,-566
122000245,103,505,-402
122000246,103,106,-3
122000247,531,1288,-757
122000248,1404,2771,-1367
122000249,183,409,-226
122000250,1050,325,725
122000251,202,313,-111
122000252,480,38,442
122000253,16,296,-280
122000254,85,69,16
122000255,442,2193,-1751
122000256,377,1518,-1141
122000257,53,438,-385
122000258,45,196,-151
122000259,10,634,-624
122000260,5,88,-83
122000261,0,181,-181
122000262,0,59,-59
122000263,65,113,-48
122000264,211,557,-346
122000265,1202,635,567
122000266,2889,377,2512
122000267,50,125,-75
122000268,28,449,-421
122000269,350,257,93
122000270,303,83,220
122000271,183,847,-664
122000272,224,946,-722
122000273,228,375,-147
122000274,50,140,-90
122000275,20,138,-118
122000276,126,455,-329
122000277,389,999,-610
122000278,471,723,-252
122000279,78,861,-783
122000280,443,1041,-598
122000281,306,867,-561
122000282,70,272,-202
122000283,209,60,149
122000284,60,122,-62
122000285,203,84,119
122000286,83,200,-117
122000287,368,1065,-697
122000288,158,232,-74
122000291,418,285,133
122000293,307,576,-269
122000294,43,114,-71
122000295,968,113,855
122000296,66,512,-446
122000297,2387,1259,1128
122000299,201,338,-137
122000300,348,438,-90
122000301,12593,1897,10696
122000302,850,356,494
122000303,3730,893,2837
122000304,7,152,-145
122000305,627,232,395
122000306,21,939,-918
122000307,64,137,-73
122000309,28,45,-17
122000310,6,9,-3
122000311,15,29,-14
122000312,42,28,14
122000313,6,28,-22
122000314,77,164,-87
122000315,98,25,73
122000316,156,181,-25
122000317,516,162,354
122000318,86,216,-130
122000319,206,410,-204
122000320,272,2004,-1732
122000321,38,259,-221
122000322,2346,1365,981
122000323,1278,882,396
122000324,1011,816,195
122000325,648,746,-98
122000326,8,149,-141
122000327,150,408,-258
122000328,2253,1148,1105
122000330,1495,488,1007
122000332,172,291,-119
122000333,20,160,-140
122000337,350,3341,-2991
122000338,99,603,-504
122000340,233,152,81
122000342,2175,1132,1043
122000343,299,1778,-1479
122000344,15,20,-5
122000345,6,40,-34
122000346,241,530,-289
122000348,209,634,-425
122000349,105,761,-656
122000351,71,211,-140
122000352,410,63,347
122000353,21,109,-88
122000355,106,106,0
122000356,1037,640,397
122000357,15,18,-3
122000358,0,93,-93
122000359,0,45,-45
122000360,0,66,-66
122000362,6,107,-101
122000364,73,437,-364
122000365,1,30,-29
122000366,0,8,-8
122000368,311,714,-403
122000370,11,89,-78
122000371,5,0,5
122000372,3,0,3
122000381,10,235,-225
122000382,52,348,-296
122000384,3296,1587,1709
122000385,2,0,2
122000386,273,551,-278
122000387,210,468,-258
122000388,1186,315,871
122000389,134,650,-516
122000390,240,210,30
122000391,190,47,143
122000392,156,252,-96
122000393,6,199,-193
122000394,226,291,-65
122000395,57,171,-114
122000396,144,127,17
122000397,21,128,-107
122000398,4,33,-29
122000399,46,79,-33
122000400,82,271,-189
122000401,68,103,-35
122000402,59,39,20
122000403,159,1214,-1055
122000404,70,205,-135
122000408,889,1006,-117
122000503,3,58,-55
122000524,164,57,107
122000544,21,812,-791
122000616,688,2,686
122000640,23,253,-230
122000641,33,503,-470
122000642,722,1160,-438
122000643,7,72,-65
122000644,134,49,85
122000645,72,88,-16
122000651,1096,442,654
122000664,113,40,73
122000665,734,482,252
122000666,386,1159,-773
122000673,27,348,-321
122000674,67,44,23
122000675,937,1195,-258
122000686,160,1123,-963
122000687,340,344,-4
122000688,125,801,-676
122000689,177,512,-335
122000690,290,717,-427
122000691,209,2568,-2359
122000692,494,363,131
122000693,286,1508,-1222
122000695,74,519,-445
122000696,103,253,-150
122000698,65,1064,-999
122000699,80,37,43
122000701,600,322,278
122000702,302,2174,-1872
122000703,89,16,73
122000712,0,0,0
122000717,224,51,173
122000718,694,295,399
122000719,33,39,-6
122000720,78,195,-117
122000724,257,397,-140
122900001,8,1,7
122900002,799,1153,-354
122900003,88,20,68
122900004,411,7,404
122900005,44,60,-16
122900006,411,239,172
122900007,81,18,63
122900008,387,58,329
122900009,544,127,417
122900010,109,76,33
122900012,488,207,281
122900014,102,273,-171
122900015,1255,135,1120
122900016,24,246,-222
122900017,655,497,158
122900018,120,13,107
122900019,4,134,-130
122900020,238,250,-12
122900021,39,365,-326
122900022,190,959,-769
122900023,142,317,-175
122900024,57,89,-32
122900025,6,99,-93
122900026,97,279,-182
122900027,22,609,-587
122900028,72,121,-49
122900029,3107,1027,2080
122900030,1127,287,840
122900031,54,95,-41
122900032,67,172,-105
122900033,181,137,44
122900034,2824,2591,233
122900035,5,3,2
122900036,6,45,-39
122900037,290,131,159
122900038,99,1227,-1128
122900039,133,294,-161
122900040,76,279,-203
122900041,161,136,25
122900042,64,239,-175
122900043,139,127,12
122900044,73,238,-165
122900045,48,88,-40
122900046,63,44,19
122900047,82,76,6
122900048,27,96,-69
122900049,1320,59,1261
122900051,61,72,-11
122900052,27,70,-43
122900053,8,6,2
122900055,105,32,73
122900057,133,9,124
122900061,410,82,328
122900062,222,243,-21
122900063,91,369,-278
122900064,596,506,90
122900065,170,120,50
122900066,208,180,28
122900067,1375,737,638
122900069,93,580,-487
122900070,71,20,51
122900071,63,496,-433
122900072,23,564,-541
122900073,40,206,-166
122900074,133,653,-520
122900075,0,74,-74
122900076,5,139,-134
122900077,2,212,-210
122900078,19,164,-145
122900080,51,4,47
122900081,64,68,-4
122900082,348,135,213
122900083,173,68,105
122900084,2,146,-144
122900086,3,25,-22
122900087,101,528,-427
122900088,13,49,-36
122900089,2,76,-74
122900090,5,595,-590
122900091,31,0,31
122900092,2,202,-200
122900093,0,338,-338
122900094,2,192,-190
122900095,62,0,62
122900096,26,245,-219
122900097,3,4,-1
122900098,99,66,33
122900099,6,8,-2
122900100,68,73,-5
122900101,856,117,739
122900102,11,15,-4
122900103,24,1,23
122900104,20,4,16
122900105,2,2,0
122900106,0,78,-78
122900107,2,219,-217
122900108,1,224,-223
123000001,1590,338,1252
123000002,4486,1769,2717
123000003,3404,1841,1563
123000004,3714,3545,169
123000005,1817,1986,-169
123000006,2980,2474,506
123000007,1979,1700,279
123000008,2022,3401,-1379
123000009,3384,2426,958
123000010,3474,3541,-67
123000011,2636,873,1763
123000012,1183,2252,-1069
123000013,2875,982,1893
123000014,1341,3571,-2230
123000015,2878,538,2340
123000016,5502,1833,3669
123000017,2284,1187,1097
123000018,24,80,-56
123000019,65,257,-192
123000020,52,107,-55
123000021,19,104,-85
123000022,233,495,-262
123000023,860,958,-98
123000024,803,487,316
123000025,51,74,-23
123000026,6,126,-120
123000027,92,265,-173
123000028,315,203,112
123000029,465,283,182
123000030,42,734,-692
123000031,47,308,-261
123000032,119,199,-80
123000033,130,70,60
123000034,408,383,25
123000035,126,184,-58
123000036,153,332,-179
123000037,121,366,-245
123000038,54,204,-150
123000039,551,722,-171
123000040,973,378,595
123000041,665,385,280
123000042,607,558,49
123000043,2342,3178,-836
123000044,4822,1610,3212
123000045,9110,985,8125
123000046,708,535,173
123000047,2435,782,1653
123000048,42,215,-173
123000049,5085,2555,2530
123000050,505,782,-277
123000051,97,79,18
123000052,464,1407,-943
123000053,2228,1675,553
123000054,1028,843,185
123000055,523,736,-213
123000056,947,1797,-850
123000057,13479,3708,9771
123000058,348,631,-283
123000059,242,287,-45
123000060,622,381,241
123000061,102,481,-379
123000063,829,452,377
123000064,775,165,610
123000065,6749,3243,3506
123000066,997,632,365
123000067,265,435,-170
123000068,2646,3463,-817
123000069,8233,4045,4188
123000070,267,601,-334
123000071,394,1064,-670
123000072,676,1509,-833
123000073,558,880,-322
123000074,863,2126,-1263
123000075,292,586,-294
123000076,455,1416,-961
123000077,1836,3427,-1591
123000078,710,1680,-970
123000079,658,1934,-1276
123000080,1418,2351,-933
123000081,139,474,-335
123000082,423,1051,-628
123000083,570,85,485
123000084,307,920,-613
123000085,52,116,-64
123000086,97,444,-347
123000087,64,431,-367
123000088,541,1147,-606
123000089,444,1148,-704
123000090,992,1209,-217
123000091,1441,1199,242
123000092,1061,1098,-37
123000094,261,248,13
123000095,137,459,-322
123000096,265,405,-140
123000097,138,1165,-1027
123000098,323,421,-98
123000099,417,795,-378
123000100,338,393,-55
123000101,418,277,141
123000102,512,474,38
123000104,285,245,40
123000105,569,511,58
123000106,499,189,310
123000107,545,510,35
123000108,1157,871,286
123000111,308,164,144
123000112,425,496,-71
123000113,719,1633,-914
123000114,275,353,-78
123000115,137,301,-164
123000116,29,186,-157
123000117,1205,2184,-979
123000118,349,888,-539
123000119,192,975,-783
123000120,252,803,-551
123000121,341,516,-175
123000122,328,278,50
123000123,417,415,2
123000124,652,486,166
123000125,1151,568,583
123000126,2042,1124,918
123000127,1903,689,1214
123000128,333,326,7
123000129,181,109,72
123000130,183,34,149
123000131,349,308,41
123000132,352,488,-136
123000133,645,302,343
123000134,709,190,519
123000135,891,819,72
123000136,67,1130,-1063
123000137,84,343,-259
123000138,52,487,-435
123000139,217,69,148
123000140,153,644,-491
123000141,678,56,622
123000142,765,1001,-236
123000143,1083,2776,-1693
123000144,19,12,7
123000145,167,99,68
123000146,23,72,-49
123000147,74,77,-3
123000149,308,265,43
123000150,210,155,55
123000151,258,393,-135
123000152,42,310,-268
123000153,167,363,-196
123000154,1708,1227,481
123000155,2054,725,1329
123000156,29,66,-37
123000157,671,821,-150
123000158,763,312,451
123000159,2184,1248,936
123000160,299,240,59
123000161,663,466,197
123000162,225,753,-528
123000163,139,18,121
123000164,381,149,232
123000165,206,1889,-1683
123000166,21,142,-121
123000167,74,226,-152
123000168,86,382,-296
123000169,241,39,202
123000170,30,308,-278
123000171,60,47,13
123000172,164,726,-562
123000173,235,88,147
123000174,468,100,368
123000175,797,1399,-602
123000176,375,49,326
123000177,223,1089,-866
123000178,232,26,206
123000179,25,763,-738
123000180,799,242,557
123000181,291,1607,-1316
123000182,55,474,-419
123000183,84,123,-39
123000184,73,816,-743
123000185,113,352,-239
123000186,8,602,-594
123000187,203,5,198
123000188,60,1,59
123000189,82,234,-152
123000190,14,68,-54
123000192,7,337,-330
123000193,25,495,-470
123000194,386,272,114
123000195,182,11,171
123000196,110,24,86
123000197,43,99,-56
123000198,3,200,-197
123000199,3,548,-545
123000200,201,7,194
123000201,269,4,265
123000202,20,1158,-1138
123000203,274,23,251
123000204,37,1299,-1262
123000205,241,2293,-2052
123000206,630,81,549
123000207,61,973,-912
123000208,117,63,54
123000209,694,179,515
123000210,293,1569,-1276
123000211,501,2739,-2238
123000212,882,202,680
123000213,102,34,68
123000215,136,72,64
123000216,164,214,-50
123000217,114,17,97
123000218,62,206,-144
123000219,577,10,567
123000220,306,46,260
123000221,80,84,-4
123000222,172,427,-255
123000223,45,541,-496
123000224,334,748,-414
123000225,81,41,40
123000226,45,320,-275
123000227,48,353,-305
123000228,88,43,45
123000229,1141,1817,-676
123000232,59,625,-566
123000233,343,52,291
123000234,90,661,-571
123000235,183,193,-10
123000236,117,1015,-898
123000237,134,26,108
123000238,23,627,-604
123000239,419,2035,-1616
123000240,17,150,-133
123000241,851,96,755
123000242,48,156,-108
123000243,355,928,-573
123000244,546,421,125
123000245,40,136,-96
123000249,430,519,-89
123000252,376,80,296
123000253,327,169,158
123000254,299,985,-686
123000255,448,570,-122
123000256,20,229,-209
123000257,2714,2249,465
123000258,642,1211,-569
123000259,83,298,-215
123000260,159,452,-293
123000261,43,148,-105
123000262,68,271,-203
123000263,192,56,136
123000264,92,31,61
123000265,26,171,-145
123000266,313,529,-216
123000267,92,161,-69
123000268,12,73,-61
123000269,25,32,-7
123000270,17,22,-5
123000271,35,86,-51
123000272,609,208,401
123000273,161,366,-205
123000274,620,262,358
123000275,182,939,-757
123000278,2769,2388,381
123000279,45,73,-28
123000280,149,334,-185
123000281,146,49,97
123000282,34,212,-178
123000283,53,27,26
123000284,38,93,-55
123000286,281,185,96
123000287,540,190,350
123000288,533,304,229
123000289,325,373,-48
123000291,243,809,-566
123000294,208,229,-21
123000295,544,753,-209
123000296,144,381,-237
123000297,182,1067,-885
123000298,269,614,-345
123000299,44,319,-275
123000300,579,486,93
123000301,54,139,-85
123000302,25,132,-107
123000303,11,90,-79
123000305,825,790,35
123000306,21,252,-231
123000309,54,68,-14
123000310,54,21,33
123000311,1,140,-139
123000312,691,969,-278
123000313,122,227,-105
123000315,52,266,-214
123000316,1491,150,1341
123000317,234,28,206
123000318,32,316,-284
123000329,6,19,-13
123000337,75,212,-137
123000338,216,49,167
123000339,53,378,-325
123000340,115,308,-193
123000342,3,150,-147
123000343,25,2,23
123000344,749,355,394
123000345,364,601,-237
123000346,163,64,99
123000352,1794,723,1071
123000353,16,135,-119
123000354,44,0,44
123000355,1,323,-322
123000356,63,3,60
123000357,0,261,-261
123000359,0,213,-213
123000360,56,4,52
123000361,386,204,182
123000362,93,74,19
123000363,37,214,-177
123000364,265,195,70
123000365,19,154,-135
123000366,164,928,-764
123000367,205,1102,-897
123000370,15,281,-266
123000371,50,4,46
123000372,82,8,74
123000373,2,331,-329
123000374,7,134,-127
123000375,74,17,57
123000376,587,500,87
123000377,93,3,90
123000378,2,390,-388
123000379,3,179,-176
123000380,40,124,-84
123000381,113,34,79
123000382,601,22,579
123000383,124,494,-370
123000384,249,55,194
123000385,283,475,-192
123000436,33,511,-478
123000507,264,327,-63
123000508,210,332,-122
123000517,274,10,264
123000518,30,178,-148
123000519,114,80,34
123000520,49,177,-128
123000521,196,58,138
123000522,171,407,-236
123000541,1,2,-1
123000542,0,38,-38
123000565,156,14,142
123000566,42,912,-870
123000567,90,263,-173
123000573,29,1058,-1029
123000574,363,36,327
123000575,1097,1085,12
123000576,454,1738,-1284
123000577,86,376,-290
123000578,558,97,461
123000579,4726,1827,2899
123000580,50,20,30
123000582,124,21,103
123000583,9,385,-376
123000584,119,139,-20
123000585,0,92,-92
123000586,11,0,11
123000596,112,112,0
123000597,31,59,-28
123000602,7,1,6
123000603,142,821,-679
123000604,324,1127,-803
123000605,569,27,542
123000606,0,258,-258
123000609,7,387,-380
123000610,30,95,-65
123000613,66,120,-54
123000614,172,30,142
123000615,85,285,-200
123000616,178,26,152
123000617,38,490,-452
123000618,30,576,-546
123000619,441,13,428
123000620,10,468,-458
123000622,211,19,192
123000624,156,70,86
123000630,385,320,65
123000631,110,1934,-1824
123000632,1159,1015,144
123000633,2,199,-197
123000634,54,30,24
123000635,204,118,86
123000636,11,705,-694
123000637,180,26,154
123000638,277,76,201
123000639,614,1810,-1196
123000640,37,1092,-1055
123000648,81,41,40
123000649,44,691,-647
123900001,1191,53,1138
123900002,6,654,-648
123900003,249,565,-316
123900005,99,43,56
123900006,92,21,71
124000001,1065,110,955
124000002,75,1569,-1494
124000003,181,134,47
124000004,37,660,-623
124000005,382,146,236
124000006,197,1540,-1343
124000007,360,45,315
124000008,9,390,-381
124000009,227,165,62
124000010,64,654,-590
124000011,350,166,184
124000012,119,1049,-930
124000017,37,146,-109
124000018,71,135,-64
124000019,52,113,-61
124000020,44,250,-206
124000021,51,75,-24
124000022,91,237,-146
124000023,791,955,-164
124000024,830,566,264
124000025,755,851,-96
124000026,867,911,-44
124000027,4458,2130,2328
124000028,2746,2852,-106
124000030,2740,950,1790
124000031,618,874,-256
124000032,4878,1232,3646
124000033,532,268,264
124000034,1323,1313,10
124000035,130,39,91
124000036,76,753,-677
124000037,231,243,-12
124000038,48,79,-31
124000039,1310,214,1096
124000040,732,362,370
124000041,167,57,110
124000042,52,278,-226
124000043,256,63,193
124000044,170,321,-151
124000045,444,476,-32
124000046,132,755,-623
124000047,450,823,-373
124000048,283,1821,-1538
124000049,591,635,-44
124000050,295,2463,-2168
124000051,236,549,-313
124000052,292,1400,-1108
124000053,303,713,-410
124000054,479,745,-266
124000055,809,1092,-283
124000056,3549,1239,2310
124000057,453,390,63
124000058,327,1398,-1071
124000059,238,437,-199
124000060,835,801,34
124000061,920,1960,-1040
124000062,7758,1814,5944
124000063,1101,1440,-339
124000064,2218,1837,381
124000065,96,226,-130
124000066,259,63,196
124000067,24,138,-114
124000068,29,92,-63
124000069,223,174,49
124000070,87,631,-544
124000071,55,59,-4
124000072,102,510,-408
124000073,381,49,332
124000074,90,952,-862
124000075,51,21,30
124000076,5,224,-219
124000077,2041,549,1492
124000078,3108,274,2834
124000079,858,666,192
124000080,182,63,119
124000081,72,942,-870
124000082,7,129,-122
124000083,23,177,-154
124000084,56,163,-107
124000085,36,40,-4
124000086,157,91,66
124000087,44,45,-1
124000088,191,231,-40
124000089,274,285,-11
124000090,59,408,-349
124000091,202,104,98
124000092,67,754,-687
124000093,51,34,17
124000094,81,258,-177
124000095,42,61,-19
124000096,57,275,-218
124000097,51,67,-16
124000098,56,126,-70
124000099,59,82,-23
124000100,16,117,-101
124000101,20,168,-148
124000102,58,124,-66
124000103,24,94,-70
124000104,53,93,-40
124000105,11,33,-22
124000106,64,91,-27
124000107,5,52,-47
124000108,41,34,7
124000109,80,52,28
124000110,89,94,-5
124000111,101,164,-63
124000112,270,609,-339
124000113,34,72,-38
124000114,150,513,-363
124000115,280,679,-399
124000116,64,62,2
124000117,87,64,23
124000118,26,48,-22
124000119,830,460,370
124000120,422,473,-51
124000121,2226,633,1593
124000122,555,842,-287
124000123,621,281,340
124000124,492,779,-287
124000125,314,305,9
124000126,442,519,-77
124000127,432,283,149
124000128,519,1034,-515
124000129,1075,987,88
124000130,600,499,101
124000131,626,453,173
124000132,782,671,111
124000133,400,661,-261
124000134,474,812,-338
124000135,1104,1039,65
124000136,777,1126,-349
124000137,947,443,504
124000138,1280,855,425
124000139,266,15,251
124000140,16,311,-295
124000141,202,20,182
124000142,28,419,-391
124000143,27,8,19
124000144,6,195,-189
124000145,30,19,11
124000146,6,131,-125
124000148,2,19,-17
124000149,508,215,293
124000150,281,533,-252
124000151,420,209,211
124000152,597,1076,-479
124000153,323,312,11
124000154,382,838,-456
124000155,742,526,216
124000156,1125,828,297
124000169,175,247,-72
124000170,568,329,239
124000171,157,194,-37
124000172,175,516,-341
124000173,127,251,-124
124000174,134,645,-511
124000175,11,146,-135
124000176,24,5,19
124000177,25,40,-15
124000178,12,12,0
124000190,218,32,186
124000191,422,59,363
124000192,1182,229,953
124000193,280,1153,-873
124000194,303,590,-287
124000195,131,503,-372
124000196,768,1178,-410
124000197,36,55,-19
124000198,20,17,3
124000201,136,988,-852
124000202,310,83,227
124000203,58,949,-891
124000204,187,402,-215
124000205,28,661,-633
124000206,117,327,-210
124000207,1,52,-51
124000209,161,570,-409
124000210,101,166,-65
124000211,93,3,90
124000212,2,574,-572
124000213,74,356,-282
124000214,123,744,-621
124000215,51,4,47
124000216,4,539,-535
124000329,39,2381,-2342
124000338,13,1190,-1177
124000339,139,45,94
124000341,274,43,231
124000344,56,57,-1
124000357,528,964,-436
124000358,594,804,-210
124000359,521,304,217
124000360,261,315,-54
124000361,695,613,82
124000362,1236,2341,-1105
124000363,241,441,-200
124000364,436,903,-467
124000365,622,1099,-477
124000366,1736,792,944
124000367,88,653,-565
124000368,127,116,11
124000369,91,82,9
124000370,85,626,-541
124000402,35,5,30
124000403,11,1,10
124000404,6,109,-103
124000405,847,582,265
124000406,799,719,80
124000407,8,26,-18
124000411,3,449,-446
124000412,95,4,91
124000413,111,25,86
124000414,22,112,-90
124000415,31,247,-216
124000416,102,422,-320
124000417,98,130,-32
124000418,32,109,-77
124000419,67,221,-154
124000420,12,89,-77
124000421,14,385,-371
124000422,24,9,15
124000423,81,22,59
124000424,1,196,-195
124000425,29,2,27
124000426,4,293,-289
124000427,35,8,27
124000428,13,30,-17
124000429,20,60,-40
124000430,427,615,-188
124000431,405,550,-145
124000432,82,811,-729
124000439,0,5,-5
124000443,1,6,-5
124000445,299,315,-16
124000446,3001,94,2907
124000447,5,30,-25
124900001,172,234,-62
124900002,66,423,-357
124900003,291,443,-152
124900004,140,271,-131
124900005,170,148,22
124900006,186,340,-154
124900008,715,312,403
124900009,87,71,16
124900010,54,19,35
124900011,103,147,-44
124900012,147,54,93
124900013,200,83,117
124900014,91,55,36
124900015,55,65,-10
124900016,15,11,4
124900017,385,179,206
124900018,3,4,-1
124900020,19,31,-12
124900021,68,16,52
124900022,12,6,6
124900024,69,7,62
124900026,85,8,77
124900027,46,76,-30
124900028,515,89,426
124900029,4,281,-277
124900030,6,102,-96
124900031,6,302,-296
124900032,154,133,21
124900033,59,311,-252
124900034,2,90,-88
124900035,65,373,-308
124900036,1,25,-24
124900037,71,317,-246
124900038,278,369,-91
124900039,0,27,-27
124900040,31,64,-33
124900041,150,1163,-1013
124900042,19,0,19
124900043,305,1152,-847
124900044,27,0,27
124900045,456,573,-117
124900047,93,121,-28
124900048,91,134,-43
124900050,63,223,-160
124900052,53,256,-203
124900053,35,337,-302
124900054,2795,263,2532
124900055,1,60,-59
124900057,15,64,-49
124900060,46,212,-166
124900061,43,2,41
124900062,22,2,20
124900066,0,15,-15
124900067,4,172,-168
124900068,167,145,22
124900070,19,15,4
124900072,25,19,6
124900075,47,201,-154
124900076,9,287,-278
124900077,25,112,-87
124900078,56,9,47
124900079,445,29,416
124900080,105,674,-569
124900081,379,205,174
124900082,225,871,-646
124900083,104,492,-388
124900085,1098,164,934
124900086,33,342,-309
124900087,370,44,326
124900088,537,66,471
124900089,1217,24,1193
124900090,62,116,-54
124900091,127,457,-330
124900092,87,378,-291
124900093,76,119,-43
124900094,89,104,-15
124900095,15,208,-193
124900096,283,67,216
124900097,110,27,83
124900098,51,338,-287
124900099,342,199,143
124900100,68,20,48
124900101,16,697,-681
124900102,71,10,61
124900103,44,292,-248
124900104,22,179,-157
124900105,23,132,-109
124900106,125,16,109
124900107,32,6,26
124900108,151,25,126
124900111,1,57,-56
124900112,38,569,-531
124900113,165,65,100
124900114,376,28,348
124900115,42,28,14
124900116,42,67,-25
124900117,605,57,548
124900118,66,53,13
124900119,192,39,153
124900120,27,381,-354
124900121,75,89,-14
124900122,536,165,371
124900123,584,38,546
124900124,141,129,12
204000001,31,57,-26
204000002,8,28,-20
204000003,6,2,4
204000004,1,1,0
204000005,290,202,88
204000006,524,522,2
204000011,13,44,-31
204000012,6,104,-98
204000019,367,451,-84
204000020,301,606,-305
204000021,1550,644,906
204000022,256,336,-80
204000023,217,1409,-1192
204000031,51,26,25
204000032,431,39,392
204000034,35,374,-339
204000035,1,8,-7
204000036,9,21,-12
204000037,1,18,-17
204000038,2,36,-34
204000039,4,60,-56
204000040,1,36,-35
204000041,2,37,-35
204000042,5,13,-8
204000043,5,8,-3
204000044,21,3,18
204000045,14,31,-17
204000046,14,7,7
204000057,1,68,-67
204000062,12,240,-228
204000068,69,88,-19
204000069,22,141,-119
204000070,27,189,-162
204000080,9,41,-32
204000085,654,1385,-731
204000086,2539,1822,717
204000087,38,16,22
204000088,6,115,-109
204000090,19,497,-478
204000093,175,58,117
204000096,306,612,-306
204000097,146,42,104
204000099,602,843,-241
204000100,449,659,-210
204000105,1586,1187,399
204000110,617,1230,-613
204000111,280,727,-447
204000112,436,864,-428
204000113,320,795,-475
204000114,331,246,85
204000115,240,302,-62
204000116,356,336,20
204000119,959,907,52
204000132,243,179,64
204000133,389,259,130
204000134,155,146,9
204000135,246,96,150
204000136,127,130,-3
204000138,125,250,-125
204000140,117,83,34
204000141,80,47,33
204000144,9,8,1
204000145,608,13,595
204000146,115,377,-262
204000147,36,182,-146
204000148,496,19,477
204000154,1,2,-1
204000155,2,5,-3
204000177,46,43,3
204000179,12,1,11
204000180,0,82,-82
204000222,7,9,-2
204000235,12,11,1
204000236,76,328,-252
204000238,18,16,2
204000240,348,43,305
204000263,434,1162,-728
204000268,582,325,257
204000308,107,9,98
204000317,27,60,-33
204000322,6,26,-20
204000323,15,7,8
204000328,168,60,108
204000329,152,80,72
204000330,123,72,51
204000331,48,178,-130
205000001,916,1086,-170
205000013,9,114,-105
205000014,9,127,-118
205000015,44,274,-230
205000016,12,228,-216
205000017,25,129,-104
205000022,309,514,-205
205000025,1688,789,899
205000029,98,6,92
205000045,32,166,-134
205000046,31,545,-514
205000047,26,544,-518
205000048,89,1002,-913
205000049,58,708,-650
205000050,1124,250,874
205000059,1,261,-260
205000060,0,37,-37
205000061,0,25,-25
205000062,0,25,-25
205000063,6,42,-36
205000064,21,120,-99
205000065,52,870,-818
205000066,65,880,-815
205000067,38,1195,-1157
205000069,193,21,172
205000082,110,108,2
205000110,57,162,-105
205000111,146,296,-150
205000112,50,78,-28
205000113,249,173,76
205000121,79,34,45
205000123,61,199,-138
205000126,198,36,162
205000127,193,43,150
205000128,247,33,214
205000129,114,36,78
205000130,80,12,68
205000131,34,2,32
205000132,183,0,183
205000133,24,0,24
205000134,63,1,62
205000137,86,154,-68
205000138,308,230,78
205000139,17,84,-67
205000144,34,43,-9
205000145,175,48,127
205000151,35,19,16
205000152,73,17,56
205000153,94,22,72
205000154,16,19,-3
205000155,60,6,54
205000207,24,177,-153
205000233,3,1,2
205000234,0,0,0
205000243,0,0,0
205000244,0,4,-4
205000245,14,314,-300
205000249,0,21,-21
205000250,4,0,4
205000264,0,108,-108
206000027,8,2,6
206000028,9,2,7
206000043,7,156,-149
206000053,4,13,-9
206000054,33,25,8
206000055,2,51,-49
206000075,2,3,-1
206000076,11,23,-12
206000077,19,5,14
206000078,9,5,4
206000079,21,6,15
206000082,327,17,310
206000100,54,618,-564
206000103,8,22,-14
206000104,20,24,-4
206000105,11,24,-13
206000106,27,39,-12
206000125,34,1,33
206000157,157,770,-613
206000170,0,272,-272
206000171,4,295,-291
206000172,8,1154,-1146
206000173,2,398,-396
206000174,7,189,-182
206000175,3,293,-290
206000176,18,468,-450
206000177,1,285,-284
206000178,2,204,-202
206000179,1,146,-145
206000180,28,284,-256
206000181,11,407,-396
206000182,52,362,-310
206000183,47,1253,-1206
206000184,3,527,-524
206000185,8,405,-397
206000186,196,1957,-1761
206000223,3,306,-303
206000226,29,5,24
206000227,31,1,30
206000237,30,486,-456
206000238,59,865,-806
206000239,665,2749,-2084
206000240,0,71,-71
206000241,0,198,-198
206000242,12,567,-555
206000243,18,475,-457
206000244,84,1095,-1011
206000245,294,34,260
206000246,46,11,35
206000247,75,20,55
206000248,113,11,102
206000252,71,22,49
206000258,21,23,-2
206000315,21,8,13
206000317,226,68,158
206000318,75,49,26
206000319,522,93,429
206000320,24,39,-15
206000321,39,14,25
206000322,115,5,110
206000323,73,14,59
206000324,66,7,59
206000325,78,12,66
206000326,49,3,46
206000327,90,10,80
206000328,62,7,55
206000329,54,4,50
206000330,28,7,21
206000331,39,6,33
206000332,13,4,9
206000333,152,1,151
206000334,127,1,126
206000335,0,16,-16
206000361,2,240,-238
206000392,4,61,-57
206000405,95,2,93
206000441,6,12,-6
206000498,48,38,10
206000515,164,25,139
206000530,57,44,13
206000531,79,74,5
206000532,1289,80,1209
206000535,290,2439,-2149
206000536,16,337,-321
206000537,12,202,-190
206000613,1061,110,951
206000784,441,28,413
207000001,139,358,-219
207000002,67,284,-217
207000003,131,247,-116
207000007,524,318,206
207000008,44,10,34
207000009,55,44,11
207000010,444,587,-143
207000012,229,260,-31
207000015,378,1841,-1463
207000019,164,83,81
207000021,417,134,283
207000022,64,104,-40
207000023,78,42,36
207000024,5,4,1
207000025,10,86,-76
207000026,111,68,43
207000027,14,96,-82
207000028,35,262,-227
207000029,235,437,-202
207000033,204,178,26
207000034,195,39,156
207000039,166,138,28
207000040,93,174,-81
207000041,31,73,-42
207000042,149,88,61
207000043,164,250,-86
207000051,57,357,-300
207000052,4,222,-218
207000053,387,684,-297
207000054,47,163,-116
207000055,52,227,-175
207000056,196,439,-243
207000057,115,282,-167
207000058,63,522,-459
207000059,46,1069,-1023
207000060,35,294,-259
207000061,36,148,-112
207000062,131,64,67
207000063,105,183,-78
207000064,210,223,-13
207000065,187,249,-62
207000066,82,186,-104
207000067,49,110,-61
207000068,95,60,35
207000069,646,405,241
207000082,45,464,-419
207000083,61,415,-354
207000084,105,170,-65
207000085,102,4,98
207000086,72,5,67
207000106,29,54,-25
207000107,39,19,20
207000108,31,18,13
207000109,36,6,30
207000110,39,20,19
207000111,74,36,38
207000112,76,161,-85
207000114,24,12,12
207000115,8,53,-45
207000116,5,172,-167
207000117,7,110,-103
207000118,1,81,-80
207000119,9,92,-83
207000123,233,26,207
207000124,47,16,31
207000125,42,14,28
207000126,62,14,48
207000134,14,348,-334
207000135,26,370,-344
207000148,22,95,-73
207000149,93,37,56
207000152,141,443,-302
207000153,1157,938,219
207000154,294,148,146
207000159,30,273,-243
207000160,53,667,-614
207000238,0,57,-57
207000242,2,156,-154
207000248,33,13,20
207000249,130,56,74
207000250,550,66,484
207000251,85,54,31
207000252,34,63,-29
207000278,40,66,-26
207000279,12,229,-217
207000280,175,72,103
207000281,77,1510,-1433
207000282,75,34,41
207000283,116,179,-63
207000284,42,52,-10
207000285,194,46,148
207000291,7,100,-93
207000304,81,73,8
207000306,44,421,-377
207000310,14,96,-82
207000353,151,0,151
207000356,2,17,-15
207000357,1,9,-8
207000358,5,5,0
207000415,4,211,-207
207000417,10,1,9
207000418,80,132,-52
207000438,0,4,-4
207000439,1291,293,998
207000446,40,11,29
207000460,10,15,-5
207000466,180,182,-2
207000467,96,105,-9
207000468,19,505,-486
207000476,0,82,-82
207000477,157,169,-12
207000478,2,10,-8
207000523,0,20,-20
207000524,4,2,2
207000527,85,154,-69
207000530,66,1,65
207000531,75,4,71
207000532,51,11,40
207000534,701,29,672
207000535,74,100,-26
207000537,13,93,-80
207000540,1,222,-221
207000541,2,285,-283
207000548,2,341,-339
207000549,50,5,45
207000561,65,45,20
207000562,20,185,-165
207000567,138,277,-139
207000568,34,125,-91
207000569,68,1121,-1053
207000584,363,97,266
207000585,41,131,-90
207000587,44,37,7
207000616,0,227,-227
207000617,32,0,32
207000624,23,8,15
207000631,1,18,-17
207900008,59,226,-167
208000001,248,473,-225
208000002,222,378,-156
208000003,423,434,-11
208000004,554,631,-77
208000005,2,12,-10
208000019,255,618,-363
208000020,69,377,-308
208000021,64,451,-387
208000022,386,598,-212
208000028,831,667,164
208000033,225,562,-337
208000034,747,1260,-513
208000037,240,43,197
208000040,49,163,-114
208000041,528,385,143
208000042,457,387,70
208000047,67,429,-362
208000064,1997,1066,931
208000066,909,504,405
208000070,95,363,-268
208000071,137,665,-528
208000072,155,903,-748
208000080,71,228,-157
208000081,129,143,-14
208000082,177,254,-77
208000083,49,297,-248
208000084,2,14,-12
208000085,621,558,63
208000086,312,955,-643
208000087,156,631,-475
208000089,364,556,-192
208000090,386,982,-596
208000093,38,90,-52
208000094,236,437,-201
208000095,414,271,143
208000104,505,699,-194
208000105,427,824,-397
208000114,32,87,-55
208000115,332,278,54
208000116,117,773,-656
208000117,14,82,-68
208000118,29,83,-54
208000155,358,686,-328
208000158,1430,1875,-445
208000186,2095,1200,895
208000204,246,622,-376
208000205,582,1141,-559
208000282,2265,703,1562
209000004,66,127,-61
209000005,18,14,4
209000006,221,71,150
209000007,190,165,25
209000010,258,111,147
209000011,91,137,-46
209000012,243,252,-9
209000013,140,651,-511
209000014,611,1563,-952
209000025,111,29,82
209000026,367,57,310
209000027,250,1094,-844
209000028,219,1202,-983
209000029,382,998,-616
209000030,333,1649,-1316
209000031,3777,2477,1300
209000034,128,159,-31
209000035,83,119,-36
209000036,74,104,-30
209000037,79,183,-104
209000038,66,142,-76
209000039,41,166,-125
209000040,165,408,-243
209000041,123,342,-219
209000042,193,374,-181
209000043,586,440,146
209000044,167,395,-228
209000045,710,298,412
209000046,183,339,-156
209000047,168,120,48
209000048,157,197,-40
209000049,81,153,-72
209000050,180,205,-25
209000051,130,383,-253
209000052,97,410,-313
209000062,4,136,-132
209000063,17,119,-102
209000064,8,136,-128
209000065,18,38,-20
209000066,21,34,-13
209000067,30,69,-39
209000080,10,129,-119
209000082,40,37,3
209000091,10,44,-34
209000093,90,27,63
209000094,113,79,34
209000110,22,44,-22
209000111,239,699,-460
209000112,326,265,61
209000113,729,320,409
209000114,165,214,-49
209000115,71,174,-103
209000116,854,525,329
209000118,4,40,-36
209000119,11,10,1
209000121,110,713,-603
209000135,41,51,-10
209000142,607,517,90
209000143,37,54,-17
209000144,13,73,-60
209000229,78,145,-67
209000240,22,394,-372
209000259,81,128,-47
209000260,39,751,-712
209000261,1,434,-433
209000262,1,439,-438
209000263,1,75,-74
209000264,1,20,-19
209000265,95,2,93
209000266,39,0,39
209000267,137,1,136
209000268,313,8,305
210000037,62,16,46
210000047,23,29,-6
210000048,25,20,5
210000049,48,22,26
210000052,29,132,-103
210000053,12,65,-53
210000054,63,58,5
210000070,32,1,31
210000071,13,0,13
210000072,32,0,32
210000073,0,25,-25
210000074,0,87,-87
210000075,1,50,-49
210000076,0,154,-154
210000077,15,18,-3
210000078,24,24,0
210000079,12,6,6
210000080,65,33,32
210000081,55,4,51
210000082,42,1,41
210000083,95,1,94
210000084,14,0,14
210000085,0,76,-76
210000086,5,159,-154
210000099,34,183,-149
210000100,38,241,-203
210000101,55,158,-103
210000105,26,138,-112
210000159,0,117,-117
210000163,143,153,-10
210000164,260,52,208
210000168,123,11,112
210000187,0,10,-10
210000188,0,16,-16
210000214,16,2,14
210000219,12,39,-27
210000220,20,68,-48
210000232,3,19,-16
210000233,14,32,-18
210000234,12,106,-94
210000235,25,128,-103
210000245,0,14,-14
210000246,10,0,10
210000258,9,134,-125
210000259,82,9,73
210000282,35,121,-86
210000285,0,103,-103
210000286,13,162,-149
210000290,1,5,-4
210000295,20,100,-80
210000296,22,50,-28
210000320,76,94,-18
210000321,40,65,-25
210000338,49,87,-38
210000339,584,459,125
210000340,105,125,-20
210000341,97,166,-69
210000342,80,162,-82
210000343,102,185,-83
210000344,90,68,22
210000345,146,73,73
210000346,28,50,-22
210000347,50,8,42
210000348,32,7,25
210000349,22,21,1
210000350,41,42,-1
210000351,39,87,-48
210000352,35,103,-68
210000353,36,107,-71
210000354,28,104,-76
210000355,29,87,-58
210000356,32,52,-20
210000357,47,21,26
210000358,293,101,192
210000359,40,60,-20
210000360,86,88,-2
210000361,87,116,-29
210000362,145,129,16
210000363,796,95,701
210000364,82,51,31
210000365,62,35,27
210000366,74,56,18
210000367,25,30,-5
210000368,97,14,83
210000369,19,20,-1
210000370,27,40,-13
210000372,13,25,-12
210000373,16,2,14
210000374,36,8,28
210000375,17,84,-67
210000376,31,136,-105
210000404,96,105,-9
210000439,14,41,-27
210000472,58,1,57
210000482,55,34,21
210000564,645,100,545
210000567,1,40,-39
210000568,395,0,395
211000092,17,69,-52
211000094,104,19,85
211000169,236,4,232
211000172,10,209,-199
211000209,2,15,-13
211000226,13,17,-4
211000270,6,32,-26
211000275,16,40,-24
211000276,49,35,14
211000279,4,74,-70
211000281,8,60,-52
211000302,6,93,-87
211507980,0,14,-14
211977296,5,2,3
212000003,63,45,18
212000004,24,11,13
212000005,15,18,-3
212000006,3,109,-106
212000008,73,255,-182
212000009,7,168,-161
212000012,33,53,-20
212000013,5,40,-35
212000014,156,175,-19
212000015,122,190,-68
212000016,272,504,-232
212000027,288,374,-86
212000028,158,308,-150
212000029,80,208,-128
212000030,9,26,-17
212000031,32,70,-38
212000048,16,87,-71
212000049,7,43,-36
212000050,2,9,-7
212000051,83,230,-147
212000052,80,424,-344
212000053,229,560,-331
212000054,64,114,-50
212000055,99,240,-141
212000056,4,30,-26
212000057,8,26,-18
212000058,285,37,248
212000070,63,316,-253
212000077,54,686,-632
212000099,124,163,-39
212000108,79,133,-54
212000111,96,139,-43
212000120,48,156,-108
212000138,39,15,24
212000156,3,108,-105
212000158,25,13,12
212000159,136,46,90
212000160,274,168,106
212000161,32,17,15
212000310,11,20,-9
212000311,8,61,-53
212000374,3,7,-4
213000001,14,551,-537
213000005,320,54,266
213000006,1061,77,984
213000007,78,4,74
213000009,251,122,129
213000010,106,124,-18
213000011,133,72,61
213000012,68,332,-264
213000014,17,10,7
213000015,63,1,62
213000016,74,1,73
213000017,21,21,0
213000018,0,259,-259
213000019,1,185,-184
213000020,43,211,-168
213000021,1,94,-93
213000023,143,130,13
213000033,182,575,-393
213000034,256,265,-9
213000035,69,86,-17
213000045,60,241,-181
213000046,61,133,-72
213000047,330,573,-243
213000056,18,7,11
213000069,31,5,26
213000073,0,10,-10
213000074,135,425,-290
213000075,241,13,228
213000076,7,0,7
213000085,2,44,-42
213000086,9,205,-196
213000091,9,2,7
213000092,8,1,7
213000099,139,693,-554
213000100,929,139,790
213000101,92,155,-63
213000102,107,370,-263
213000103,436,720,-284
213000104,16,384,-368
213000105,3,57,-54
213000106,13,178,-165
213000107,67,679,-612
213000108,6,462,-456
213000109,3,230,-227
213000110,5,45,-40
213000111,6,37,-31
213000112,197,129,68
213000115,7,0,7
213000116,73,516,-443
213000117,1,666,-665
213000118,213,247,-34
213000119,34,706,-672
213000120,50,727,-677
213000122,173,672,-499
213000123,620,1107,-487
213000124,42,1159,-1117
213000125,99,7,92
213000126,25,47,-22
213000127,177,104,73
213000128,649,373,276
213000129,383,167,216
213000130,200,112,88
213000132,85,73,12
213000133,73,85,-12
213000134,397,16,381
213000136,151,23,128
213000137,336,53,283
213000139,272,9,263
213000147,9,1,8
213000148,5,7,-2
213000149,13,5,8
213000150,0,45,-45
213000151,0,58,-58
213000152,0,61,-61
213000153,2,31,-29
213000154,7,239,-232
213000155,31,324,-293
213000156,42,535,-493
213000157,566,529,37
213000158,220,529,-309
213000159,294,490,-196
213000163,318,75,243
213000165,446,69,377
213000171,0,152,-152
213000172,1,299,-298
213000173,0,236,-236
213000174,0,234,-234
213000175,5,132,-127
213000176,2,15,-13
213000177,5,1,4
213000178,16,1,15
213000179,67,0,67
213000180,14,0,14
213000184,75,339,-264
213000188,100,54,46
213000189,131,22,109
213000190,783,519,264
213000191,116,397,-281
213000192,82,550,-468
213000193,1377,135,1242
213000194,0,9,-9
213000195,15,375,-360
213000196,106,643,-537
213000197,173,151,22
213000198,8,1,7
213000200,100,969,-869
213000201,167,66,101
213000202,12,542,-530
213000203,2007,245,1762
213000204,345,15,330
213000205,105,24,81
213000206,89,23,66
213000207,24,14,10
213000208,23,2,21
213000209,16,2,14
213000210,178,0,178
213000211,0,6,-6
213000212,0,42,-42
213000213,3,19,-16
213000218,91,854,-763
213000219,464,10,454
213000220,380,1,379
213000223,166,60,106
213000224,7,19,-12
213000225,15,1,14
213000226,18,6,12
213000227,411,140,271
213000228,64,117,-53
213000229,402,29,373
213000230,198,10,188
213000232,54,429,-375
213000233,3,22,-19
213000234,1,27,-26
213000293,1,38,-37
213000294,31,9,22
213000295,4,81,-77
213000296,85,10,75
213000297,0,53,-53
213000298,1,47,-46
213000299,52,30,22
213000300,7,1,6
213000303,1,35,-34
213000304,0,2,-2
213000305,0,13,-13
213000306,24,12,12
213000307,68,97,-29
213000308,69,260,-191
213000309,47,56,-9
213000310,134,62,72
213000311,279,465,-186
213000315,32,116,-84
213000316,31,48,-17
213000322,32,133,-101
213000323,15,85,-70
213000324,8,53,-45
213000325,26,88,-62
213000326,5,28,-23
213000327,4,70,-66
213000328,3,70,-67
213000329,19,28,-9
213000340,87,867,-780
213000341,119,84,35
213000346,152,30,122
213000347,835,59,776
213000348,29,154,-125
213000349,53,6,47
213000350,133,1228,-1095
213000366,19,223,-204
213000367,102,21,81
213000379,100,158,-58
213000386,1,152,-151
213000406,102,293,-191
213000417,493,281,212
213000425,39,48,-9
213000426,73,97,-24
213000427,19,312,-293
213000428,13,180,-167
213000429,14,1,13
213000430,33,738,-705
213000431,51,0,51
213000432,1,8,-7
213000433,5,78,-73
213000434,19,100,-81
213000435,47,65,-18
213000436,5,62,-57
213000437,0,42,-42
213000438,69,44,25
213000439,8,6,2
213000440,5,145,-140
213000441,0,0,0
213000442,0,23,-23
213000443,271,185,86
213000444,14,55,-41
213000445,0,82,-82
213000446,1,3,-2
213000447,1,19,-18
213000448,1,60,-59
213000449,48,4,44
213000450,2,27,-25
213000451,47,63,-16
213000452,12,17,-5
213000453,27,192,-165
213000455,240,4,236
213000456,0,212,-212
213000481,14,10,4
213000482,35,6,29
213000489,342,14,328
213000491,0,65,-65
213000492,62,0,62
213000493,0,16,-16
213000494,72,128,-56
213000495,0,123,-123
213000496,149,168,-19
213000497,11,332,-321
213000498,45,231,-186
213000499,65,704,-639
213000500,113,102,11
213000501,35,9,26
213000502,60,19,41
213000503,0,54,-54
213000504,3,190,-187
213000505,3,7,-4
213000506,0,3,-3
213000507,5,172,-167
213900244,6,0,6
213900245,0,25,-25
218000003,20,15,5
218000004,9,9,0
218000005,24,17,7
218000006,34,31,3
218000007,5,16,-11
218000012,198,141,57
218000013,66,126,-60
218000014,505,283,222
218000019,881,367,514
218000020,307,398,-91
218000021,13,47,-34
218000022,2,28,-26
218000023,4,24,-20
218000024,0,8,-8
218000025,4,11,-7
218000026,1,19,-18
218000027,0,8,-8
218000028,0,1,-1
218000029,0,1,-1
218000030,8,16,-8
218000031,1,37,-36
218000032,0,40,-40
218000040,3,0,3
218000046,12,236,-224
218000047,19,205,-186
218000048,46,256,-210
218000049,83,152,-69
218000050,206,296,-90
218000051,53,351,-298
218000052,0,80,-80
218000053,4,16,-12
218000054,56,19,37
218000055,1,8,-7
218000056,6,40,-34
218000057,0,37,-37
218000064,1,7,-6
218000065,18,60,-42
218000066,9,57,-48
218000067,15,66,-51
218000068,36,88,-52
218000069,83,202,-119
218000070,127,319,-192
218000071,148,273,-125
218000072,312,195,117
218000078,436,1186,-750
218000079,30,39,-9
218000080,79,71,8
218000081,141,269,-128
218000082,4,108,-104
218000083,15,56,-41
218000084,52,184,-132
218000085,137,431,-294
218000086,34,185,-151
218000087,109,264,-155
218000090,10,36,-26
218000091,519,367,152
218000092,41,145,-104
218000093,71,92,-21
218000094,395,804,-409
218000099,253,311,-58
218000100,183,242,-59
218000101,120,144,-24
218000102,128,241,-113
218000103,43,210,-167
218000104,25,53,-28
218000105,37,14,23
218000106,28,20,8
218000107,35,181,-146
218000108,0,79,-79
218000112,42,11,31
218000117,26,65,-39
218000134,249,764,-515
218000135,11,87,-76
218000136,84,40,44
218000137,63,148,-85
218000138,8,80,-72
218000139,43,320,-277
218000140,103,237,-134
218000141,18,46,-28
218000142,56,178,-122
218000143,10,161,-151
218000144,34,64,-30
218000145,144,408,-264
218000146,34,105,-71
218000151,13,9,4
218000152,26,50,-24
218000153,0,0,0
218000154,0,0,0
218000155,0,0,0
218000156,0,0,0
218000157,0,0,0
218000158,0,0,0
218000159,0,0,0
218000160,0,0,0
218000161,0,0,0
218000162,0,0,0
218000163,0,0,0
218000164,0,0,0
218000165,0,0,0
218000170,0,25,-25
218000171,13,13,0
218000172,6,7,-1
218000173,51,18,33
218000174,7,5,2
218000176,54,11,43
218000177,174,55,119
218000178,53,64,-11
218000179,45,15,30
218000180,45,9,36
218000181,46,21,25
218000187,4,16,-12
218000188,49,45,4
218000189,19,47,-28
218000190,1,13,-12
218000191,49,89,-40
218000192,86,433,-347
218000193,180,575,-395
218000194,31,433,-402
218000195,84,81,3
218000196,175,243,-68
218000197,86,348,-262
218000198,2,210,-208
218000199,12,21,-9
218000200,65,24,41
218000201,16,5,11
218000202,104,122,-18
218000207,18,41,-23
218000208,12,39,-27
218000211,29,11,18
218000212,1,4,-3
218000213,61,53,8
218000214,10,13,-3
218000215,17,88,-71
218000217,3,124,-121
218000218,169,54,115
218000219,3,16,-13
218000220,51,189,-138
218000221,272,104,168
218000222,29,11,18
218000223,35,66,-31
218000224,3,32,-29
218000225,164,17,147
218000226,42,24,18
218000230,0,3,-3
218000232,43,92,-49
218000239,11,2,9
218000240,0,1,-1
218000241,2,0,2
218000242,3,0,3
218000243,7,0,7
218000244,4,4,0
218000245,0,0,0
218000246,0,1,-1
218000247,0,0,0
218000248,0,25,-25
218000249,0,3,-3
218000250,2,12,-10
218000251,2,10,-8
218000252,0,30,-30
218000253,0,9,-9
218000254,0,18,-18
218000255,1,9,-8
218000256,1,27,-26
218000267,805,1054,-249
218000268,3,42,-39
218000269,1,8,-7
218000270,38,79,-41
218000271,50,71,-21
218000273,10,7,3
218000274,7,8,-1
218000275,13,21,-8
218000276,1,41,-40
218000278,13,30,-17
218000279,17,86,-69
218000280,19,71,-52
218000281,18,25,-7
218000282,351,180,171
218000284,75,11,64
218000301,22,92,-70
218000302,40,46,-6
218000303,16,59,-43
218000316,817,1455,-638
218000317,447,1317,-870
218000318,268,1080,-812
218000319,689,1586,-897
218000320,506,768,-262
218000338,15,13,2
218000345,125,59,66
218000346,51,121,-70
218000459,50,249,-199
218000490,3,42,-39
218000501,13,37,-24
218000502,29,165,-136
218000503,36,17,19
218000504,96,16,80
218000505,18,198,-180
218000506,31,167,-136
218000508,0,0,0
218000510,156,16,140
218000520,59,92,-33
218000521,5,74,-69
218000522,0,107,-107
218000523,43,6,37
218000524,42,82,-40
218000525,16,11,5
218000526,39,59,-20
218000529,16,257,-241
218000530,0,0,0
218000531,1,27,-26
218000532,10,24,-14
218000534,37,15,22
218000537,35,45,-10
218000538,50,167,-117
218000540,213,71,142
218000543,70,40,30
218000544,28,137,-109
218000545,25,39,-14
218000546,26,77,-51
218000547,53,86,-33
218000548,61,188,-127
218000549,345,94,251
218000550,309,478,-169
218000551,243,174,69
218000552,561,32,529
218000553,30,66,-36
218000554,30,12,18
218000555,5,46,-41
218000556,52,352,-300
218000557,156,149,7
218000558,64,0,64
218000559,0,20,-20
218000560,1,9,-8
218000561,4,0,4
218000562,11,148,-137
218000563,61,11,50
218000564,3,85,-82
218000565,239,20,219
218000566,366,22,344
218000567,11,53,-42
218000568,2,1,1
218000569,8,53,-45
218000570,177,13,164
218000571,2,71,-69
218000572,23,0,23
218000573,60,36,24
218000574,251,62,189
218000575,24,0,24
218000576,1,74,-73
218000577,16,0,16
218000578,2,116,-114
218000579,19,1,18
218000581,2,57,-55
218000582,6,0,6
218000583,1,1,0
218000584,0,20,-20
218000585,16,0,16
218000586,7,57,-50
218000587,0,0,0
218000588,0,0,0
218000589,0,1,-1
218000590,0,0,0
218000591,0,0,0
218000592,2,1,1
218000593,0,0,0
218000594,0,0,0
218000597,0,0,0
218000598,0,0,0
218000599,0,0,0
218000600,0,0,0
218000601,0,0,0
218000602,0,1,-1
218000603,0,2,-2
218000604,4,5,-1
218000605,0,13,-13
218000606,6,0,6
218000607,20,24,-4
218000608,8,3,5
218000609,2,44,-42
218000610,22,3,19
218000611,3,2,1
218000612,2,53,-51
218000613,9,0,9
218000614,0,49,-49
218000615,17,0,17
218000616,0,134,-134
218000617,5,0,5
218000618,0,15,-15
218000619,5,12,-7
218000620,1,16,-15
218000621,0,0,0
218000622,1,1,0
218000623,0,0,0
218000624,0,10,-10
218000625,2,0,2
218000626,0,26,-26
218000628,40,37,3
218000631,9,16,-7
218000632,1,54,-53
218000633,17,1,16
218000634,7,28,-21
218000635,2,10,-8
218000636,461,1460,-999
218000637,366,720,-354
218000638,23,26,-3
218000639,7,220,-213
218000640,56,18,38
218000641,20,364,-344
218000652,96,116,-20
218000653,86,30,56
218000663,0,98,-98
218000675,25,66,-41
218000676,0,25,-25
218000677,0,0,0
218000680,140,514,-374
218000681,303,95,208
218000691,82,401,-319
218000693,77,100,-23
218000703,8,32,-24
218000718,456,174,282
218000719,532,36,496
218000720,3,36,-33
218000721,31,9,22
218000725,0,4,-4
218001147,0,245,-245
218001214,4,22,-18
218001258,61,2,59
218001329,117,109,8
218001330,163,74,89
218001351,12,9,3
218001352,1,27,-26
218001353,7,10,-3
218001354,1,13,-12
218001355,16,324,-308
218001356,126,8,118
218001357,27,278,-251
218001358,127,5,122
218001361,66,3,63
218001362,1,289,-288
219000001,11,68,-57
219000002,16,63,-47
219000003,25,21,4
219000004,76,54,22
219000017,69,40,29
219000020,60,5,55
219000022,90,2,88
219000023,59,2,57
219000029,1,110,-109
219000034,18,9,9
219000039,14,59,-45
219000040,5,25,-20
219000041,122,25,97
219000051,0,55,-55
219000052,0,16,-16
219000053,1,280,-279
219000054,13,119,-106
219000055,27,0,27
219000056,1,2,-1
219000057,33,0,33
219000062,3,240,-237
219000063,23,4,19
219000064,3,36,-33
219000110,206,31,175
219000111,133,48,85
219000112,146,65,81
219000113,119,33,86
219000114,420,27,393
219000116,71,43,28
219000117,128,124,4
219000118,34,87,-53
219000123,216,82,134
219000124,41,44,-3
219000125,3,20,-17
219000126,56,149,-93
219000127,1,4,-3
219000128,38,98,-60
219000129,43,139,-96
219000130,1139,641,498
219000131,1011,859,152
219000133,18,32,-14
219000134,8,7,1
219000135,16,33,-17
219000136,71,145,-74
219000138,31,16,15
219000139,25,60,-35
219000140,16,1,15
219000141,22,159,-137
219000142,12,145,-133
219000143,11,168,-157
219000145,16,32,-16
219000146,9,78,-69
219000147,1,50,-49
219000148,2,97,-95
219000149,24,274,-250
219000150,5,148,-143
219000151,7,129,-122
219000157,150,191,-41
219000158,101,217,-116
219000161,134,10,124
219000163,1537,465,1072
219000166,59,153,-94
219000167,53,228,-175
219000168,574,90,484
219000174,186,76,110
219000175,36,2,34
219000176,43,7,36
219000177,9,4,5
219000178,10,2,8
219000179,8,4,4
219000180,34,25,9
219000182,66,16,50
219000183,13,29,-16
219000184,18,4,14
219000185,2,108,-106
219000186,8,40,-32
219000187,12,169,-157
219000189,211,116,95
219000190,127,169,-42
219000191,1502,581,921
219000192,103,119,-16
219000193,587,169,418
219000195,2,89,-87
219000196,4,159,-155
219000198,21,210,-189
219000199,113,215,-102
219000200,31,261,-230
219000201,95,259,-164
219000203,12,128,-116
219000204,127,180,-53
219000205,65,215,-150
219000207,453,214,239
219000209,14,102,-88
219000210,30,96,-66
219000213,5,266,-261
219000239,149,278,-129
219000240,151,312,-161
219000241,71,266,-195
219000242,115,208,-93
219000243,46,257,-211
219000244,6,99,-93
219000245,79,22,57
219000246,39,20,19
219000247,47,37,10
219000248,338,187,151
219000249,205,45,160
219000250,64,71,-7
219000251,353,93,260
219000252,83,50,33
219000253,72,26,46
219000255,74,43,31
219000256,90,58,32
219000257,52,1,51
219000262,91,213,-122
219000263,40,229,-189
219000267,4,175,-171
219000268,6,5,1
219000269,2,1,1
219000270,2,0,2
219000271,36,2,34
219000278,0,6,-6
219000279,0,6,-6
219000283,0,8,-8
219000295,12,127,-115
219000296,44,602,-558
219000297,14,178,-164
219000298,18,268,-250
219000299,417,39,378
219000300,15,412,-397
219000301,163,338,-175
219000302,13,190,-177
219000307,57,63,-6
219000308,54,23,31
219000311,53,35,18
219000312,164,44,120
219000313,92,21,71
219000314,93,579,-486
219000315,92,35,57
219000316,125,14,111
219000317,29,5,24
219000320,0,50,-50
219000321,0,18,-18
219000323,4,87,-83
219000325,1,45,-44
219000326,65,146,-81
219000327,33,38,-5
219000328,35,32,3
219000329,249,91,158
219000330,30,33,-3
219000331,40,38,2
219000332,38,66,-28
219000333,6,1,5
219000335,34,3,31
219000337,9,0,9
219000338,25,2,23
219000344,32,114,-82
219000345,124,118,6
219000346,18,197,-179
219000348,59,202,-143
219000349,17,251,-234
219000350,30,57,-27
219000351,2,3,-1
219000352,132,62,70
219000353,64,48,16
219000354,75,117,-42
219000355,62,50,12
219000356,1592,247,1345
219000363,267,20,247
219000364,63,19,44
219000365,81,5,76
219000366,275,57,218
219000368,419,318,101
219000370,941,141,800
219000371,44,18,26
219000382,5,37,-32
219000383,755,522,233
219000385,561,398,163
219000386,943,1017,-74
219000387,0,1,-1
219000390,0,0,0
219000391,3,1,2
219000397,92,102,-10
219000398,79,39,40
219000401,4,90,-86
219000402,10,86,-76
219000403,37,165,-128
219000404,11,83,-72
219000407,2,31,-29
219000409,31,13,18
219000410,10,20,-10
219000411,13,9,4
219000446,191,349,-158
219000447,1,19,-18
219000448,8,11,-3
219000452,95,54,41
219000453,62,59,3
219000454,258,148,110
219000556,73,40,33
219000558,81,310,-229
219000590,10,127,-117
219000591,21,36,-15
219000592,110,466,-356
219000595,1,26,-25
219000635,31,20,11
219000636,17,131,-114
219000657,32,21,11
219000658,12,44,-32
219000673,0,20,-20
219000676,11,3,8
219000679,11,10,1
219000684,29,2,27
219000685,0,99,-99
219000686,11,1,10
219000688,0,123,-123
219000689,75,174,-99
219000690,136,10,126
219000691,71,109,-38
219000692,39,22,17
219000693,0,21,-21
219000694,2,0,2
219000695,3,1,2
219000698,20,0,20
219000699,0,11,-11
219000727,1,245,-244
219000728,31,2,29
219000770,15,2,13
219000771,0,31,-31
219000788,275,177,98
219001150,0,3,-3
219001151,0,3,-3
219001166,23,3,20
219001167,0,56,-56
219001178,14,0,14
220000001,9,31,-22
220000002,7,134,-127
220000003,360,260,100
220000004,458,616,-158
220000005,1276,1251,25
220000006,98,913,-815
220000007,170,891,-721
220000008,181,1199,-1018
220000009,102,525,-423
220000010,67,111,-44
220000011,463,1414,-951
220000012,23,115,-92
220000014,53,77,-24
220000015,28,164,-136
220000017,22,239,-217
220000018,3821,689,3132
220000019,41,256,-215
220000020,99,229,-130
220000021,300,145,155
220000022,328,392,-64
220000023,122,134,-12
220000024,1153,247,906
220000025,309,284,25
220000026,172,113,59
220000027,6,54,-48
220000028,16,18,-2
220000029,28,109,-81
220000030,58,75,-17
220000031,60,233,-173
220000064,11,670,-659
221000046,5,0,5
221000047,0,1,-1
221000048,0,2,-2
221000049,1,16,-15
221000050,4,0,4
221000055,44,43,1
221000057,63,5,58
221000068,262,67,195
221000069,153,43,110
221000070,84,18,66
221000071,34,7,27
221000072,100,11,89
221000073,85,42,43
221000074,1,12,-11
221000075,10,14,-4
221000076,5,37,-32
221000077,20,66,-46
221000081,7,1,6
221000082,27,1,26
221000083,44,2,42
221000084,0,3,-3
221000085,2,60,-58
221000086,6,165,-159
221000087,1,178,-177
221000088,21,144,-123
221000089,33,173,-140
221000090,107,386,-279
221000098,78,13,65
221000099,120,12,108
221000100,48,8,40
221000101,356,10,346
221000102,113,11,102
221000109,9,68,-59
221000110,4,127,-123
221000111,36,151,-115
221000112,8,106,-98
221000113,8,141,-133
221000114,16,172,-156
221000120,2,25,-23
221000121,0,13,-13
221000122,4,12,-8
221000123,7,27,-20
221000124,20,313,-293
221000155,64,4,60
221000156,37,19,18
221000175,0,6,-6
221000176,1,7,-6
221000182,32,1,31
221000241,470,149,321
221000242,184,304,-120
221000243,292,58,234
221000244,139,327,-188
221000245,49,114,-65
221000246,11,197,-186
221000247,22,181,-159
221000248,29,158,-129
221000267,27,619,-592
221000325,72,44,28
221000331,1,62,-61
221000338,2,5,-3
221000378,69,17,52
221000381,88,117,-29
222000282,0,0,0
222000296,0,16,-16
222000568,144,4,140
222000569,50,9,41
222000570,59,1,58
222000571,59,3,56
222000577,2,194,-192
222000578,13,217,-204
222000579,23,112,-89
222000580,87,745,-658
222000599,0,139,-139
222000600,0,297,-297
222000601,12,750,-738
222000603,5,13,-8
222000604,11,23,-12
222000605,1,6,-5
222000606,0,8,-8
222000607,0,4,-4
222000608,4,17,-13
222000609,20,301,-281
222000616,53,48,5
222000617,3,12,-9
222000618,0,2,-2
222000620,5,2,3
222000621,7,5,2
222000623,397,2,395
222000624,161,1,160
222000625,260,54,206
222000636,11,2,9
222000686,6,9,-3
222000687,23,40,-17
222001066,97,0,97
222001067,7,1,6
222001068,9,25,-16
222001069,6,13,-7
222001082,2,39,-37
222001083,3,61,-58
222001084,0,39,-39
222001085,1,92,-91
222001111,5,200,-195
222001112,15,8,7
222001313,1,3,-2
222001314,1,84,-83
222001464,58,46,12
222001465,19,245,-226
222001484,44,53,-9
222001485,11,73,-62
222001494,82,97,-15
222001495,112,482,-370
222001496,103,37,66
222001497,107,584,-477
222001502,38,119,-81
222001503,6,13,-7
222001504,9,245,-236
222001505,15,2,13
222001506,37,207,-170
222001507,35,0,35
222001510,34,12,22
222001511,24,384,-360
222001514,209,33,176
222001515,142,577,-435
222001518,18,8,10
222001519,45,376,-331
222001527,50,10,40
222001528,44,146,-102
222001529,24,6,18
222001530,28,171,-143
222001533,175,375,-200
222001534,7,9,-2
222001535,69,85,-16
222001536,66,394,-328
222001537,30,6,24
222001538,27,421,-394
222001563,60,19,41
222001564,25,745,-720
222001568,201,76,125
222001576,0,1,-1
222001579,0,3,-3
222001583,4,226,-222
222001584,45,22,23
222001596,335,1220,-885
222001597,650,110,540
222001626,0,222,-222
222001650,97,58,39
222001651,40,77,-37
222001914,39,7,32
222001915,40,149,-109
222001968,438,161,277
222001969,527,848,-321
222001970,37,134,-97
222001971,5,9,-4
222001972,0,27,-27
225000001,459,59,400
225000002,192,70,122
225000003,188,53,135
225000004,153,114,39
225000005,19,56,-37
225000006,1,113,-112
225000007,2637,852,1785
225000010,62,1,61
225000011,293,418,-125
225000012,105,239,-134
225000013,32,112,-80
225000014,335,34,301
225000015,88,182,-94
225000021,406,79,327
225000027,204,450,-246
225000032,477,72,405
225000042,63,608,-545
225000049,21,87,-66
225000050,19,8,11
225000053,4,137,-133
225000058,313,86,227
225000067,78,178,-100
225000068,66,428,-362
225000069,270,437,-167
225000070,70,458,-388
225000071,11,277,-266
225000075,35,639,-604
225000076,82,64,18
225000078,30,23,7
225000085,21,69,-48
225000086,46,24,22
225000087,100,9,91
225000088,5,117,-112
225000089,346,371,-25
225000090,26,280,-254
225000091,40,194,-154
225000092,17,87,-70
225000093,120,389,-269
225000094,13,425,-412
225000095,241,525,-284
225000096,78,337,-259
225000098,211,80,131
225000099,123,94,29
225000100,83,67,16
225000104,36,365,-329
225000110,8,406,-398
225000111,104,931,-827
225000112,148,805,-657
225000113,91,468,-377
225000114,31,254,-223
225000115,2273,345,1928
225000116,902,68,834
225000117,499,181,318
225000118,372,121,251
225000119,62,43,19
225000120,246,30,216
225000121,155,11,144
225000123,508,5,503
225000125,114,268,-154
225000126,719,244,475
225000127,876,412,464
225000128,205,297,-92
225000132,121,10,111
225000133,192,15,177
225000134,373,49,324
225000135,17,6,11
225000136,59,6,53
225000137,48,26,22
225000138,170,14,156
225000143,60,143,-83
225000144,5,278,-273
225000145,9,49,-40
225000146,17,119,-102
225000147,10,344,-334
225000148,2,170,-168
225000149,36,323,-287
225000151,25,269,-244
225000155,136,250,-114
225000156,100,429,-329
225000157,104,291,-187
225000158,42,287,-245
225000171,2,162,-160
225000180,12,1,11
225000181,0,39,-39
225000182,27,2,25
225000185,6,203,-197
225000187,66,334,-268
225000191,15,1,14
225000194,0,6,-6
225000208,2,69,-67
225000209,13,13,0
225000210,1,149,-148
225000217,0,21,-21
225000218,2,0,2
225000223,1,56,-55
225000224,28,0,28
225000225,0,6,-6
225000226,34,0,34
225000227,26,56,-30
225000228,5,2,3
225000229,1,84,-83
225000230,3,1,2
225000231,0,98,-98
225000232,30,0,30
225000241,43,1,42
225000242,0,52,-52
225000249,0,0,0
225000250,25,709,-684
225000251,160,11,149
226000042,291,292,-1
226000043,54,220,-166
226000044,105,632,-527
226000045,65,412,-347
226000046,178,45,133
226000047,173,55,118
226000048,238,44,194
226000049,108,51,57
226000070,0,72,-72
226000071,0,53,-53
226000072,0,6,-6
226000073,0,5,-5
226000074,0,8,-8
226000084,1,46,-45
226000085,0,4,-4
226000086,0,5,-5
226000087,0,5,-5
226000088,13,5,8
226000090,11,9,2
226000091,2,1,1
226000092,2,0,2
226000093,14,0,14
226000094,7,1,6
226000095,2,1,1
226000105,3,0,3
226000106,4,0,4
226000107,1,0,1
226000108,24,0,24
226000109,39,0,39
226000124,82,23,59
226000134,258,249,9
226000135,587,452,135
226000136,128,196,-68
226000137,13,451,-438
226000138,10,266,-256
226000139,0,8,-8
226000156,41,4,37
226000157,43,3,40
226000163,40,27,13
226000202,9,388,-379
226000231,92,7,85
226000232,25,5,20
227000033,198,20,178
227000036,103,15,88
227000037,68,6,62
227000038,77,15,62
227000049,0,8,-8
227000050,1,47,-46
227000055,8,8,0
227000056,8,0,8
227000084,0,30,-30
227000085,1,21,-20
227000088,24,4,20
227000089,68,1,67
227000090,8,0,8
227000091,9,0,9
227000093,21,0,21
227000094,44,2,42
227000130,26,47,-21
227000131,7,282,-275
227000132,11,206,-195
227000133,14,237,-223
227000134,7,415,-408
227000152,0,5,-5
227000153,0,35,-35
227000155,0,9,-9
227000156,0,19,-19
227000165,0,23,-23
227000196,125,323,-198
227000199,51,443,-392
227000230,25,572,-547
227000232,156,11,145
227000242,30,374,-344
227000243,334,54,280
227000245,10,358,-348
227000246,55,398,-343
227000247,175,49,126
227000248,42,23,19
227000249,13,204,-191
227000250,349,129,220
227000251,129,334,-205
227000252,9,331,-322
227000253,61,10,51
227000262,145,17,128
227000266,334,9,325
227000267,61,2289,-2228
227000282,6,257,-251
227000284,124,10,114
227000286,2,118,-116
227000287,17,185,-168
227000291,6,569,-563
227000484,615,22,593
227000485,22,588,-566
227000655,28,6,22
227000656,463,10,453
227000657,39,21,18
227000661,184,6,178
227000680,35,15,20
229000265,4,19,-15
229000296,0,6,-6
229000297,1,16,-15
229000298,0,83,-83
229000320,1,4,-3
229000321,5,1,4
229000412,2,34,-32
229000414,1,51,-50
229000415,3,0,3
229000416,1,5,-4
229000417,1,24,-23
229000419,57,142,-85
229000440,116,45,71
229000442,2,0,2
229000443,1,2,-1
229000444,1,20,-19
229000445,6,4,2
229000446,11,7,4
229000491,0,18,-18
229000492,4,54,-50
229000493,0,32,-32
229000494,1,0,1
229000495,37,2,35
229000496,11,4,7
229000507,0,2,-2
229000508,0,2,-2
229000509,1,9,-8
229000510,0,2,-2
229000511,0,14,-14
229000512,0,4,-4
229000513,0,1,-1
229000514,0,2,-2
229000517,0,5,-5
229000518,1,15,-14
229000519,0,3,-3
229000520,0,19,-19
229000521,0,0,0
229000522,0,0,0
229000523,1,1,0
229000524,0,1,-1
229000527,0,0,0
229000528,1,0,1
229000529,1,0,1
229000530,11,4,7
229000531,5,4,1
229000532,3,0,3
229000533,49,3,46
229000534,10,1,9
229000564,10,0,10
229000565,1,1,0
229000566,0,7,-7
229000567,0,17,-17
229000582,48,0,48
229000583,0,0,0
229000584,0,7,-7
229000585,0,9,-9
229000718,0,1,-1
229000719,0,0,0
229000720,0,3,-3
229000721,0,3,-3
229000722,0,6,-6
229000723,0,6,-6
229000724,0,0,0
229000725,0,0,0
229000738,1,0,1
229000739,0,0,0
229000740,0,0,0
229000741,1,0,1
229000742,2,0,2
229000743,1,0,1
229000744,1,0,1
229000745,0,0,0
229000746,0,1,-1
229000847,2,1,1
229000848,5,1,4
229000849,32,0,32
229000851,7,0,7
229000854,0,82,-82
229000856,2,135,-133
229000857,0,27,-27
229000858,0,101,-101
229000919,11,108,-97
229000930,2,147,-145
229000937,58,14,44
229000966,18,23,-5
229000981,13,56,-43
229000985,3,8,-5
229000986,2,3,-1
229000987,0,0,0
229000988,0,6,-6
229000989,0,0,0
229000990,0,0,0
229000991,0,1,-1
229000992,1,4,-3
229000993,71,7,64
229000998,14,31,-17
229000999,46,5,41
229001034,1,6,-5
229001035,0,0,0
229001037,17,8,9
229001042,3,7,-4
229001047,3,21,-18
229001050,27,29,-2
229001168,0,1,-1
229001200,0,4,-4
229001338,0,15,-15
229001394,256,2,254
229001422,121,17,104
229001423,32,161,-129
229001431,49,28,21
229001432,31,49,-18
229001444,64,28,36
229001445,18,125,-107
229001479,0,0,0
229001503,109,90,19
229001504,55,210,-155
229001505,95,53,42
229001506,33,209,-176
229001509,20,19,1
229001545,31,2,29
229001546,6,115,-109
229001553,28,8,20
229001554,2,139,-137
229001559,1,10,-9
229001560,9,8,1
229001630,21,5,16
229001631,7,20,-13
229001635,0,5,-5
229001636,0,1,-1
229001658,9,68,-59
229001659,127,3,124
229001660,0,0,0
229001661,0,19,-19
229001662,12,2,10
229001663,0,19,-19
229002584,67,53,14
229002831,80,48,32
229002841,1,15,-14
229002842,3,19,-16
229002843,7,2,5
229002844,12,36,-24
229002845,9,58,-49
229002846,0,11,-11
229002847,2,4,-2
229002848,0,3,-3
229002849,0,35,-35
229002850,1,0,1
229002851,9,71,-62
229002852,14,15,-1
229002853,11,12,-1
229002854,11,41,-30
229002855,1,54,-53
229002856,14,3,11
229002857,1,39,-38
229002858,1,2,-1
229002859,4,17,-13
229002860,5,2,3
229002861,8,6,2
229002862,0,28,-28
229002863,3,18,-15
229002864,0,8,-8
229002865,0,5,-5
229002866,1,5,-4
229002867,1,14,-13
229002868,0,8,-8
229002869,15,79,-64
229002870,6,14,-8
235000066,238,97,141
235000067,94,124,-30
235000072,35,47,-12
235000073,80,213,-133
235000074,14,108,-94
235000080,2,54,-52
235000081,68,204,-136
235000082,91,73,18
235000083,63,86,-23
235000084,9,35,-26
235000085,37,33,4
235000089,25,60,-35
235000092,6,178,-172
235000093,2,1,1
235000097,3,3,0
235000098,32,24,8
235000099,29,24,5
235000116,39,28,11
235000117,692,8,684
235000133,9,203,-194
235000134,7,82,-75
235000206,10,3,7
235000207,1,2,-1
235000208,0,0,0
235000209,8,2,6
235000210,2,3,-1
235000212,2,20,-18
235000213,4,18,-14
235000220,1,2,-1
235000221,10,13,-3
235000238,2,8,-6
235000239,1,0,1
235000242,150,229,-79
235000245,1238,222,1016
235000246,5,68,-63
235000284,0,74,-74
235000295,21,0,21
235000305,27,3,24
235000306,16,1,15
235000307,4,3,1
235000308,1,0,1
235000309,9,2,7
235000310,11,0,11
235000311,21,1,20
235000322,1,27,-26
235000323,0,37,-37
235000324,0,15,-15
235000325,1,18,-17
235000326,6,301,-295
235000351,0,44,-44
235000352,12,40,-28
235000353,1,22,-21
235000354,0,36,-36
235000355,10,57,-47
235000356,4,1,3
235000357,7,6,1
235000358,11,5,6
235000359,0,2,-2
235000360,10,5,5
235000361,9,3,6
235000381,51,385,-334
235000382,61,31,30
235000390,18,3,15
235000391,61,38,23
235000392,78,112,-34
235000393,53,48,5
235000395,68,35,33
235000396,181,35,146
235000400,48,78,-30
235000401,19,198,-179
235000405,28,460,-432
235000406,61,361,-300
235000407,52,157,-105
235000409,314,176,138
235000410,35,177,-142
235000411,0,95,-95
235000485,0,9,-9
235000486,2,0,2
235000549,16,37,-21
235000550,45,163,-118
235000599,40,66,-26
235000600,14,8,6
235000601,18,23,-5
235000602,33,73,-40
235000614,0,3,-3
235000648,0,27,-27
235000649,21,0,21
235000685,0,3,-3
235000815,1,21,-20
235000834,0,4,-4
235000855,24,31,-7
235000862,12,313,-301
235000891,0,5,-5
235000892,3,3,0
235000901,62,54,8
235000907,11,10,1
235001010,12,44,-32
235001029,656,344,312
235001030,383,125,258
235001078,65,85,-20
235001079,70,137,-67
235001147,24,33,-9
235001166,13,53,-40
235001167,5,63,-58
235001169,10,214,-204
235001188,0,5,-5
235001189,0,0,0
235001197,8,46,-38
235001200,39,14,25
235001207,147,32,115
235001210,25,393,-368
235001215,27,280,-253
235001239,4,34,-30
235001244,0,2,-2
235016267,0,12,-12
277101746,0,0,0
277102712,34,29,5
277103813,0,0,0
277103814,0,0,0
277103898,0,0,0
277104249,0,15,-15
277104250,0,1,-1
277104251,0,11,-11
277104252,0,3,-3
990011530,1,227,-226
990014944,2,455,-453
990015176,5,9,-4
990015618,1,82,-81
990016032,0,320,-320
990032570,0,37,-37
990070001,13,1,12
990070103,0,5,-5
990070601,1,41,-40
990070751,101,1,100
990070766,1,811,-810
990071180,180,118,62
990071343,5,0,5
990071387,0,2,-2
990071823,139,1,138
990072600,3,512,-509
990072964,0,454,-454
990073285,0,4,-4
990074393,1,962,-961
990074870,200,8,192
990075106,134,2,132
990075746,64,2,62
990076437,167,3,164
990076458,5,1094,-1089
997000007,79,3,76
997000041,2,105,-103
997000058,3,0,3
997000062,13,1,12
997000069,0,4,-4
997000070,0,46,-46
997000100,7,6,1
997000141,1,68,-67
997000198,352,144,208
998000475,0,12,-12
998000736,0,227,-227
998000965,0,2,-2
998001031,0,33,-33
998001700,0,12,-12
998001899,0,1,-1
998001900,6,1,5
998003073,238,9,229
998101900,0,0,0
998102850,0,88,-88
998501927,167,235,-68
998501929,81,5,76
998501930,31,0,31
998501931,22,4,18
998501932,4,1,3
998501933,9,0,9
998501937,4,1,3
998501944,1,1,0
998501950,0,6,-6
998501970,10,2,8
998501971,0,45,-45
998501973,0,67,-67
998501974,2,238,-236
998501975,50,2,48
998501976,29,0,29
998501977,1,12,-11
998501978,3,0,3
998501979,0,5,-5
998501980,106,0,106
998501981,20,0,20
998501982,1,61,-60
998501983,0,2,-2
998502006,0,0,0
998502024,0,8,-8
998502032,0,0,0
998502062,3,0,3
998502063,0,0,0
998502173,34,0,34
998502269,0,0,0
998502546,0,77,-77
998502578,1,0,1
998502599,210,73,137
998601159,1,318,-317
998601292,0,13,-13
999033574,1,487,-486
999800001,11,0,11
999800002,0,2,-2
999800003,1,7,-6
999800004,0,2,-2
999800005,0,2,-2
