ID,insum,outsum,diff
100000001,529,686,-157
100000002,2417,2266,151
100000003,4252,3683,569
100000004,1021,800,221
100000005,1947,3766,-1819
100000006,563,141,422
100000007,1421,610,811
100000008,299,381,-82
100000009,637,240,397
100000010,62,53,9
100000011,623,89,534
100000012,74,584,-510
100000013,82,144,-62
100000014,712,339,373
100000015,1481,1689,-208
100000016,818,1103,-285
100000017,716,691,25
100000018,1040,490,550
100000019,2885,1686,1199
100000020,1619,4435,-2816
100000021,3521,1926,1595
100000022,1246,1593,-347
100000023,3907,1379,2528
100000025,1164,913,251
100000028,1289,1004,285
100000029,159,296,-137
100000030,240,59,181
100000031,3138,4714,-1576
100000032,1837,2674,-837
100000033,835,1854,-1019
100000034,345,453,-108
100000035,1541,1203,338
100000036,1278,1034,244
100000037,446,282,164
100000038,1644,719,925
100000039,435,198,237
100000040,165,148,17
100000041,902,433,469
100000042,856,397,459
100000043,786,411,375
100000044,313,704,-391
100000045,485,783,-298
100000046,582,722,-140
100000047,255,405,-150
100000048,275,339,-64
100000049,1199,1483,-284
100000051,453,809,-356
100000053,83,3,80
100000054,331,24,307
100000055,836,244,592
100000056,450,364,86
100000057,1619,524,1095
100000058,729,932,-203
100000059,106,105,1
100000060,364,254,110
100000061,1893,406,1487
100000062,1991,538,1453
100000063,738,275,463
100000064,1345,317,1028
100000065,396,914,-518
100000066,175,576,-401
100000067,406,643,-237
100000068,468,1243,-775
100000069,254,1035,-781
100000072,252,581,-329
100000073,801,832,-31
100000075,609,256,353
100000076,1650,1867,-217
100000077,257,187,70
100000078,41,41,0
100000079,32,43,-11
100000080,31,51,-20
100000081,108,171,-63
100000102,2189,2033,156
100000103,2410,1102,1308
100000104,3341,2260,1081
100000105,2297,1337,960
100000106,1768,1989,-221
100000107,555,758,-203
100000108,494,853,-359
100000109,1436,1009,427
100000116,1091,717,374
100000117,57,77,-20
100000118,1164,888,276
100000119,758,810,-52
100000121,228,447,-219
100000122,654,760,-106
100000123,2101,3359,-1258
100000124,4156,5585,-1429
100000125,3503,1831,1672
100000126,618,342,276
100000127,1387,491,896
100000128,1307,2104,-797
100000129,440,596,-156
100000130,453,421,32
100000131,1729,2067,-338
100000132,1057,2567,-1510
100000133,3930,1944,1986
100000135,639,1036,-397
100000139,369,329,40
100000140,211,251,-40
100000142,528,560,-32
100000143,1276,516,760
100000144,2660,791,1869
100000147,1074,2594,-1520
100000150,64,357,-293
100000151,769,945,-176
100000153,185,339,-154
100000154,68,142,-74
100000155,14,48,-34
100000156,363,414,-51
100000157,132,117,15
100000158,231,102,129
100000159,346,647,-301
100000165,1250,719,531
100000169,250,514,-264
100000174,535,505,30
100000179,164,508,-344
100000180,1064,1135,-71
100000181,356,171,185
100000188,60,179,-119
100000189,695,273,422
100000190,737,936,-199
100000191,709,510,199
100000192,57,94,-37
100000193,279,175,104
100000330,1236,751,485
100000355,197,433,-236
100000362,3680,2499,1181
100000363,3412,3851,-439
100000364,215,233,-18
100000365,4565,5859,-1294
100000366,4879,2428,2451
100000367,4499,4967,-468
100000368,2556,1276,1280
100000369,716,1379,-663
100000370,272,876,-604
100000376,133,162,-29
100000379,1646,1277,369
100000380,3741,3066,675
100000384,4283,3903,380
100000385,3073,3197,-124
100000386,6296,4172,2124
100000387,4329,4462,-133
100000388,5707,5251,456
100000389,6005,5595,410
100000390,6617,5282,1335
100000391,4795,6479,-1684
100000392,3261,3108,153
100000393,2301,4142,-1841
100000394,6441,6565,-124
100000395,4472,3620,852
100000396,6423,3410,3013
100000397,4673,6140,-1467
100000398,8248,6471,1777
100000413,37,13,24
100900002,9,38,-29
100900003,297,191,106
100900004,24,676,-652
100900005,113,28,85
100900006,39,79,-40
100900007,317,7,310
100900008,5,364,-359
100900009,77,104,-27
100900010,68,75,-7
100900011,119,172,-53
100900012,1,155,-154
100900013,598,10,588
100900014,2,3,-1
100900015,77,99,-22
100900016,3,48,-45
100900017,675,77,598
100900018,0,16,-16
100900019,14,86,-72
100900020,356,6,350
100900021,343,2,341
100900022,15,40,-25
100900023,0,26,-26
100900024,575,1,574
100900025,6,12,-6
100900026,103,82,21
100900027,560,2159,-1599
100900028,112,173,-61
100900029,50,8,42
100900030,5,90,-85
100900031,665,46,619
100900032,298,2,296
100900033,184,177,7
100900034,633,1,632
100900035,370,1,369
100900036,9,1,8
100900037,102,192,-90
100900038,73,39,34
100900039,181,431,-250
100900040,432,509,-77
100900041,499,590,-91
100900042,1193,1778,-585
100900043,0,21,-21
100900044,1568,520,1048
100900045,20,2,18
100900046,868,14,854
100900047,759,153,606
100900048,165,31,134
100900049,55,130,-75
100900050,5,16,-11
100900051,16,57,-41
100900052,347,38,309
100900053,399,20,379
100900054,31,87,-56
100900055,192,642,-450
100900056,192,169,23
100900057,1085,887,198
100900058,237,34,203
100900059,102,3,99
100900060,178,4,174
100900061,343,202,141
100900062,10,30,-20
100900063,208,624,-416
100900064,652,20,632
100900065,66,115,-49
100900066,136,171,-35
100900067,2,8,-6
100900068,107,67,40
100900069,228,6,222
100900070,314,4,310
100900071,640,248,392
100900072,2,28,-26
100900073,116,227,-111
100900074,5,7,-2
100900075,1533,313,1220
100900076,13,26,-13
100900077,27,65,-38
100900078,88,252,-164
100900079,6,26,-20
100900080,41,111,-70
100900081,38,124,-86
100900082,148,446,-298
100900083,17,58,-41
100900085,14,326,-312
100900086,125,440,-315
100900088,117,411,-294
100900089,8,14,-6
100900090,92,374,-282
100900091,1,19,-18
100900092,207,121,86
100900093,170,173,-3
100900094,134,354,-220
100900095,6,29,-23
100900096,44,98,-54
100900097,3,4,-1
100900098,31,22,9
100900099,39,456,-417
100900100,8,486,-478
100900101,241,84,157
100900102,56,87,-31
100900103,11,27,-16
100900104,16,144,-128
100900105,24,423,-399
100900106,37,4,33
100900107,1521,822,699
100900108,1,30,-29
100900109,20,42,-22
100900110,2,19,-17
100900111,42,125,-83
100900112,5,25,-20
100900113,12,16,-4
100900114,33,14,19
100900115,1,30,-29
100900116,646,514,132
100900117,273,697,-424
100900118,14,35,-21
100900119,25,21,4
100900120,3,8,-5
100900121,271,413,-142
100900122,93,166,-73
100900123,66,189,-123
100900124,17,17,0
100900125,33,54,-21
100900126,167,236,-69
100900127,5,11,-6
100900128,76,142,-66
100900129,0,118,-118
100900131,43,205,-162
100900133,44,46,-2
100900134,2,12,-10
100900135,0,117,-117
100900137,285,132,153
100900138,478,439,39
100900139,25,7,18
100900140,5,409,-404
100900141,3,389,-386
100900142,0,11,-11
100900143,622,361,261
100900144,20,1,19
100900145,173,165,8
100900146,7,44,-37
100900147,10,298,-288
100900148,22,444,-422
100900149,50,249,-199
100900150,2,31,-29
100900151,132,389,-257
100900152,110,8,102
100900153,0,132,-132
100900154,8,63,-55
100900155,18,18,0
100900156,41,0,41
100900157,5,199,-194
100900159,3,24,-21
100900160,31,11,20
100900161,55,7,48
100900162,21,241,-220
100900163,161,195,-34
100900164,38,65,-27
100900165,5,39,-34
100900166,12,4,8
100900167,13,75,-62
100900168,15,150,-135
100900169,143,824,-681
100900170,34,11,23
100900171,16,459,-443
100900172,0,19,-19
100900173,10,256,-246
100900174,240,37,203
100900176,1405,142,1263
100900177,630,200,430
100900178,170,104,66
100900179,152,219,-67
100900180,9,15,-6
100900181,61,44,17
100900182,36,29,7
100900184,14,88,-74
100900186,474,344,130
100900187,9,67,-58
100900188,33,18,15
100900189,904,189,715
100900191,811,912,-101
100900192,251,334,-83
100900195,120,112,8
100900197,87,55,32
100900198,41,140,-99
100900199,5,11,-6
100900200,553,322,231
100900201,48,434,-386
100900202,37,0,37
100900203,0,83,-83
100900204,89,378,-289
100900205,193,480,-287
100900206,154,70,84
100900207,235,137,98
100900210,63,529,-466
100900211,352,158,194
100900213,98,49,49
100900214,496,140,356
100900215,22,36,-14
100900217,163,107,56
101000001,2529,1784,745
101000002,4309,4036,273
101000003,405,921,-516
101000004,7579,8010,-431
101000006,5207,5291,-84
101000007,1684,2575,-891
101000008,2369,2023,346
101000009,1669,1110,559
101000010,694,923,-229
101000011,1105,497,608
101000012,1265,699,566
101000013,585,959,-374
101000014,386,526,-140
101000015,981,693,288
101000016,293,396,-103
101000017,519,457,62
101000018,2577,1958,619
101000020,2804,846,1958
101000021,803,367,436
101000022,103,40,63
101000023,1338,552,786
101000025,241,367,-126
101000026,264,24,240
101000027,1602,2007,-405
101000028,882,200,682
101000029,202,1201,-999
101000030,1241,103,1138
101000031,573,523,50
101000032,5383,3408,1975
101000033,2137,2737,-600
101000034,1798,1321,477
101000035,719,342,377
101000036,1693,851,842
101000037,2642,1564,1078
101000039,1962,1960,2
101000040,2727,3106,-379
101000041,7043,5948,1095
101000042,379,818,-439
101000043,5478,5688,-210
101000045,1135,796,339
101000046,2354,1124,1230
101000047,1686,2521,-835
101000048,498,435,63
101000049,708,1446,-738
101000050,1430,1396,34
101000051,1556,1968,-412
101000052,1385,861,524
101000053,850,1031,-181
101000054,1393,826,567
101000055,1116,1212,-96
101000056,64,98,-34
101000057,1715,1020,695
101000058,1056,921,135
101000059,1851,1881,-30
101000060,1591,646,945
101000061,797,1292,-495
101000062,824,611,213
101000063,534,952,-418
101000064,1110,970,140
101000065,339,404,-65
101000066,867,834,33
101000067,1169,822,347
101000068,262,397,-135
101000069,295,86,209
101000070,1144,902,242
101000071,1421,834,587
101000072,731,2431,-1700
101000073,654,1054,-400
101000074,4266,3206,1060
101000075,3899,4125,-226
101000077,1458,1079,379
101000078,987,1598,-611
101000079,590,413,177
101000080,476,422,54
101000081,1590,1462,128
101000082,2809,2536,273
101000083,2451,2090,361
101000084,1249,690,559
101000085,1341,1148,193
101000086,981,997,-16
101000087,923,878,45
101000088,981,950,31
101000089,868,1329,-461
101000090,1697,1084,613
101000091,372,625,-253
101000092,835,763,72
101000093,1171,730,441
101000094,897,787,110
101000095,455,478,-23
101000096,348,500,-152
101000097,393,353,40
101000098,338,433,-95
101000099,982,906,76
101000100,680,590,90
101000101,302,299,3
101000102,614,424,190
101000103,656,425,231
101000104,287,489,-202
101000105,504,255,249
101000106,442,491,-49
101000107,259,319,-60
101000108,744,232,512
101000109,356,57,299
101000110,41,403,-362
101000111,91,153,-62
101000113,187,592,-405
101000114,5510,4665,845
101000115,115,80,35
101000116,73,66,7
101000117,638,195,443
101000119,72,49,23
101000120,129,44,85
101000121,77,50,27
101000122,124,90,34
101000123,45,120,-75
101000124,546,207,339
101000125,236,445,-209
101000128,269,378,-109
101000130,199,266,-67
101000131,716,433,283
101000132,628,654,-26
101000135,76,54,22
101000136,452,183,269
101000137,31,292,-261
101000141,1145,2286,-1141
101000147,823,430,393
101000148,790,22,768
101000149,146,224,-78
101000150,135,548,-413
101000151,212,51,161
101000152,331,291,40
101000153,555,239,316
101000154,286,819,-533
101000155,285,116,169
101000156,26,274,-248
101000157,30,20,10
101000160,56,50,6
101000163,202,275,-73
101000164,388,339,49
101000165,214,386,-172
101000166,212,255,-43
101000168,802,437,365
101000252,1738,910,828
101000254,288,60,228
101000258,36,5,31
101000261,120,35,85
101000262,987,1975,-988
101000263,198,755,-557
101000265,111,583,-472
101000266,376,246,130
101000269,31,12,19
101000290,910,1786,-876
101000293,15,37,-22
101000294,537,418,119
101000295,142,401,-259
101000301,639,404,235
101000304,1584,2334,-750
101000305,2415,1126,1289
101000328,99,303,-204
101900001,23,73,-50
101900002,0,10,-10
101900003,55,96,-41
101900004,1,56,-55
101900005,2713,2005,708
101900006,734,60,674
101900007,541,161,380
101900008,84,220,-136
101900009,39,398,-359
101900010,645,572,73
101900011,172,829,-657
101900012,143,154,-11
101900013,833,210,623
101900017,19,138,-119
101900018,984,220,764
101900019,238,137,101
101900020,57,64,-7
101900021,1,25,-24
101900022,167,724,-557
101900023,143,190,-47
101900026,134,45,89
101900027,18,105,-87
102000001,1965,3591,-1626
102000002,2318,896,1422
102000003,2955,6019,-3064
102000004,4870,2484,2386
102000005,1120,1525,-405
102000006,1075,1464,-389
102000007,1155,3247,-2092
102000008,3045,1266,1779
102000009,4898,6272,-1374
102000010,4519,2815,1704
102000011,2604,2158,446
102000012,2672,2484,188
102000018,2545,2313,232
102000019,1742,1293,449
102000026,231,466,-235
102000029,259,192,67
102000030,101,306,-205
102000031,82,133,-51
102000032,412,216,196
102000033,233,317,-84
102000034,439,296,143
102000035,891,640,251
102000036,13,176,-163
102000037,128,49,79
102000038,182,284,-102
102000039,191,70,121
102000040,422,278,144
102000041,208,341,-133
102000042,201,254,-53
102000043,274,218,56
102000044,381,342,39
102000045,777,684,93
102000046,872,519,353
102000047,691,858,-167
102000048,236,613,-377
102000049,955,608,347
102000050,916,1092,-176
102000051,328,580,-252
102000052,978,674,304
102000053,717,754,-37
102000054,571,744,-173
102000055,868,552,316
102000056,769,746,23
102000057,1131,446,685
102000058,834,1121,-287
102000059,1250,1086,164
102000060,893,759,134
102000061,1262,1444,-182
102000062,1455,942,513
102000063,937,1130,-193
102000064,531,656,-125
102000065,39,116,-77
102000066,774,677,97
102000067,1546,2240,-694
102000068,6487,2255,4232
102000069,99,1439,-1340
102000070,1318,45,1273
102000071,5707,6920,-1213
102000072,2537,3126,-589
102000073,1004,702,302
102000074,514,772,-258
102000075,106,230,-124
102000076,176,313,-137
102000077,450,624,-174
102000078,765,536,229
102000079,144,192,-48
102000080,193,180,13
102000081,214,662,-448
102000082,585,288,297
102000083,466,252,214
102000084,245,208,37
102000085,1381,873,508
102000086,942,805,137
102000087,701,1218,-517
102000088,311,264,47
102000089,1030,345,685
102000090,356,872,-516
102000091,1125,584,541
102000092,313,573,-260
102000093,696,727,-31
102000094,777,643,134
102000095,1031,821,210
102000096,595,716,-121
102000097,729,670,59
102000098,555,541,14
102000099,736,737,-1
102000100,769,1156,-387
102000101,1098,780,318
102000102,278,1041,-763
102000103,1128,454,674
102000104,608,243,365
102000105,267,475,-208
102000106,830,499,331
102000107,1162,517,645
102000108,677,167,510
102000109,434,559,-125
102000110,950,938,12
102000111,13,250,-237
102000112,164,99,65
102000113,18,32,-14
102000114,729,335,394
102000115,216,306,-90
102000116,370,379,-9
102000117,176,464,-288
102000118,1143,1054,89
102000119,1453,711,742
102000120,158,406,-248
102000121,923,442,481
102000122,591,830,-239
102000123,1021,939,82
102000124,1021,960,61
102000125,654,774,-120
102000126,716,747,-31
102000127,1085,576,509
102000128,586,854,-268
102000129,1393,651,742
102000130,586,734,-148
102000131,1152,471,681
102000132,354,588,-234
102000133,1687,1492,195
102000134,624,593,31
102000135,636,775,-139
102000136,807,498,309
102000137,851,830,21
102000138,282,368,-86
102000139,123,383,-260
102000140,257,464,-207
102000141,188,367,-179
102000142,275,308,-33
102000143,164,402,-238
102000144,329,317,12
102000145,380,365,15
102000146,421,316,105
102000147,443,400,43
102000148,248,413,-165
102000149,179,268,-89
102000150,282,105,177
102000151,87,237,-150
102000152,172,147,25
102000153,1045,543,502
102000154,294,550,-256
102000155,117,270,-153
102000156,345,137,208
102000157,108,388,-280
102000158,504,507,-3
102000159,725,452,273
102000161,2992,1791,1201
102000162,204,166,38
102000163,121,527,-406
102000164,825,1055,-230
102000165,309,129,180
102000166,81,137,-56
102000167,175,275,-100
102000168,305,128,177
102000169,118,326,-208
102000170,437,183,254
102000171,194,218,-24
102000172,132,318,-186
102000173,389,241,148
102000174,63,56,7
102000175,176,90,86
102000176,52,30,22
102000178,266,305,-39
102000179,293,205,88
102000180,857,360,497
102000181,679,400,279
102000182,574,488,86
102000183,1514,1382,132
102000184,1623,721,902
102000185,2305,1144,1161
102000186,1164,1534,-370
102000187,758,1243,-485
102000188,868,1076,-208
102000189,1935,666,1269
102000190,493,1979,-1486
102000191,1017,417,600
102000192,892,1302,-410
102000193,70,109,-39
102000194,64,128,-64
102000195,413,357,56
102000196,221,314,-93
102000197,643,308,335
102000198,177,626,-449
102000199,883,281,602
102000200,284,898,-614
102000201,970,374,596
102000202,1,87,-86
102000203,314,173,141
102000204,364,497,-133
102000205,862,334,528
102000206,522,453,69
102000207,589,336,253
102000208,356,345,11
102000209,99,55,44
102000210,325,287,38
102000211,519,224,295
102000212,278,11,267
102000213,12,203,-191
102000214,248,10,238
102000215,15,327,-312
102000216,60,71,-11
102000217,6,89,-83
102000218,258,172,86
102000219,350,206,144
102000225,545,525,20
102000226,1330,527,803
102000227,172,3,169
102000228,2,84,-82
102000229,23,49,-26
102000230,270,339,-69
102000231,238,333,-95
102000232,24,125,-101
102000233,389,486,-97
102000234,115,876,-761
102000236,217,79,138
102000237,444,152,292
102000238,177,206,-29
102000240,457,587,-130
102000241,172,123,49
102000243,27,60,-33
102000245,22,141,-119
102000246,15,28,-13
102000247,583,731,-148
102000248,388,678,-290
102000249,109,104,5
102000250,58,277,-219
102000254,73,204,-131
102000266,39,232,-193
102000271,75,44,31
102000286,334,332,2
102000297,1475,857,618
102000299,0,1,-1
102000301,0,0,0
102000305,0,1,-1
102000307,0,6,-6
102900001,1094,702,392
102900002,420,31,389
102900003,70,143,-73
102900005,349,277,72
102900006,481,135,346
102900007,467,17,450
102900008,226,46,180
102900009,511,280,231
102900010,333,679,-346
102900011,1490,282,1208
102900012,408,90,318
102900013,41,90,-49
102900015,554,420,134
102900016,63,119,-56
102900017,188,412,-224
102900018,44,121,-77
102900019,390,390,0
102900020,143,29,114
102900021,15,101,-86
102900022,523,176,347
102900023,25,35,-10
102900024,38,19,19
102900025,218,96,122
102900026,311,1611,-1300
102900027,57,48,9
102900028,137,657,-520
102900029,138,198,-60
102900030,364,221,143
102900031,164,113,51
102900032,78,81,-3
102900033,126,210,-84
102900034,432,93,339
102900035,125,273,-148
102900036,296,404,-108
102900037,322,426,-104
102900038,462,417,45
102900039,31,390,-359
102900040,143,230,-87
102900041,68,138,-70
102900042,152,274,-122
102900043,132,188,-56
102900044,434,1363,-929
102900045,98,458,-360
102900046,123,240,-117
102900047,110,470,-360
102900048,506,502,4
102900049,147,312,-165
102900050,192,272,-80
102900051,183,170,13
102900053,402,516,-114
102900054,508,811,-303
102900055,93,217,-124
102900056,112,302,-190
102900057,6,78,-72
102900058,240,68,172
102900059,36,49,-13
102900060,143,433,-290
102900061,156,359,-203
102900062,203,818,-615
102900063,1055,369,686
102900064,96,336,-240
102900065,1033,325,708
102900066,356,27,329
102900068,121,87,34
102900070,178,378,-200
102900072,8,29,-21
102900073,125,7,118
102900075,62,69,-7
102900076,153,105,48
102900077,60,34,26
102900078,48,68,-20
102900079,191,12,179
102900080,345,46,299
102900081,96,242,-146
102900082,11,159,-148
102900083,169,12,157
102900084,3,33,-30
102900085,348,95,253
102900086,15,79,-64
102900087,124,129,-5
102900088,29,33,-4
102900089,188,86,102
102900090,1,274,-273
102900091,165,3,162
102900092,377,573,-196
102900094,4,68,-64
102900095,107,0,107
102900096,39,9,30
102900097,77,143,-66
103000001,2009,2095,-86
103000002,1663,1859,-196
103000003,2739,2204,535
103000004,793,609,184
103000005,1557,2442,-885
103000006,608,1146,-538
103000007,363,651,-288
103000008,795,531,264
103000009,979,794,185
103000010,234,140,94
103000011,1322,1192,130
103000012,1130,1248,-118
103000013,3109,1717,1392
103000014,1171,2107,-936
103000015,1405,657,748
103000016,439,1094,-655
103000017,207,298,-91
103000018,534,281,253
103000019,266,209,57
103000020,2039,1154,885
103000021,1505,1459,46
103000022,662,820,-158
103000023,569,1457,-888
103000024,88,128,-40
103000025,113,579,-466
103000026,820,115,705
103000027,343,508,-165
103000028,310,409,-99
103000029,217,313,-96
103000030,1206,811,395
103000031,1045,1496,-451
103000032,1776,1437,339
103000033,2245,2173,72
103000034,1167,879,288
103000035,337,1290,-953
103000036,365,525,-160
103000037,467,439,28
103000038,424,945,-521
103000039,355,318,37
103000040,479,618,-139
103000041,1315,1691,-376
103000042,1051,414,637
103000043,504,763,-259
103000044,219,157,62
103000046,264,381,-117
103000047,632,564,68
103000048,202,192,10
103000049,147,165,-18
103000050,669,395,274
103000051,447,435,12
103000052,672,337,335
103000053,137,688,-551
103000054,2249,1159,1090
103000055,1684,1852,-168
103000056,635,1155,-520
103000057,545,203,342
103000058,529,655,-126
103000059,424,661,-237
103000060,731,552,179
103000061,377,941,-564
103000062,913,461,452
103000063,712,694,18
103000064,154,134,20
103000065,7,352,-345
103000066,176,9,167
103000069,439,334,105
103000070,822,652,170
103000071,1009,481,528
103000072,136,516,-380
103000073,539,125,414
103000074,536,80,456
103000075,133,542,-409
103000076,289,327,-38
103000077,36,283,-247
103000078,835,545,290
103000079,640,459,181
103000080,871,328,543
103000081,461,870,-409
103000082,489,168,321
103000083,90,241,-151
103000084,114,11,103
103000085,1,114,-113
103000086,482,368,114
103000087,118,380,-262
103000088,162,272,-110
103000089,218,371,-153
103000090,1647,752,895
103000091,602,476,126
103000092,219,251,-32
103000093,255,300,-45
103000094,181,97,84
103000095,84,328,-244
103000096,543,111,432
103000097,76,714,-638
103000098,722,181,541
103000099,313,641,-328
103000100,110,528,-418
103000101,709,141,568
103000102,109,468,-359
103000103,720,148,572
103000104,55,74,-19
103000105,162,116,46
103000106,15,128,-113
103000107,195,47,148
103000108,790,542,248
103000109,345,358,-13
103000110,377,429,-52
103000111,496,325,171
103000112,325,159,166
103000113,547,463,84
103000114,1098,362,736
103000115,513,447,66
103000116,527,368,159
103000117,378,420,-42
103000118,532,577,-45
103000119,853,416,437
103000120,40,107,-67
103000121,255,404,-149
103000122,337,407,-70
103000125,19,228,-209
103000126,692,4,688
103000127,1,182,-181
103000128,194,8,186
103000129,4,114,-110
103000130,81,53,28
103000131,131,76,55
103000132,79,176,-97
103000133,16,71,-55
103000134,522,729,-207
103000135,486,281,205
103000136,686,424,262
103000137,483,536,-53
103000138,798,697,101
103000139,6,55,-49
103000140,135,37,98
103000141,77,143,-66
103000142,193,99,94
103000143,67,177,-110
103000144,175,67,108
103000145,20,86,-66
103000150,117,40,77
103000152,221,199,22
103000153,213,107,106
103000156,4,335,-331
103000157,494,7,487
103000159,115,27,88
103000162,63,19,44
103000163,16,26,-10
103000164,20,15,5
103000165,78,258,-180
103000166,187,258,-71
103000167,160,107,53
103000168,120,190,-70
103000169,179,396,-217
103000170,695,373,322
103000171,49,89,-40
103000172,547,253,294
103000173,558,475,83
103000174,192,246,-54
103000175,320,231,89
103000176,774,645,129
103000177,463,347,116
103000178,204,233,-29
103000179,134,46,88
103000183,139,26,113
103000185,84,32,52
103000186,114,150,-36
103000187,434,281,153
103000188,11,76,-65
103000189,737,683,54
103000191,383,371,12
103000292,1212,1566,-354
103000293,960,1794,-834
103000295,114,88,26
103000296,206,1,205
103000297,16,12,4
103000504,71,23,48
103000505,2,18,-16
103000506,2,151,-149
103000507,246,1,245
103000508,42,49,-7
103000509,200,526,-326
103900001,19,195,-176
103900002,883,175,708
103900003,1102,171,931
103900004,124,7,117
103900005,4,167,-163
103900006,6,4,2
103900007,52,5,47
103900008,16,0,16
103900009,191,464,-273
103900010,102,324,-222
103900011,295,168,127
103900012,15,12,3
103900013,53,57,-4
103900014,70,15,55
103900015,63,10,53
103900016,290,177,113
103900017,49,44,5
103900018,557,171,386
103900019,76,326,-250
103900020,241,437,-196
103900021,384,53,331
103900022,1045,679,366
103900023,165,3,162
103900024,60,424,-364
103900025,12,38,-26
103900026,61,1,60
103900027,686,254,432
103900028,14,257,-243
103900029,1100,170,930
103900030,275,108,167
103900031,27,2,25
103900032,88,86,2
103900033,110,17,93
103900034,47,107,-60
103900035,35,45,-10
103900036,29,31,-2
103900037,64,49,15
103900038,114,190,-76
103900039,60,224,-164
103900040,10,149,-139
103900041,64,63,1
103900042,64,281,-217
103900043,158,73,85
103900044,85,215,-130
103900045,282,138,144
103900047,61,33,28
103900048,56,34,22
103900049,181,1038,-857
103900050,9,111,-102
103900051,1,37,-36
103900052,190,331,-141
103900053,228,431,-203
103900054,142,268,-126
103900055,351,220,131
103900056,64,46,18
103900057,29,128,-99
103900058,258,433,-175
103900059,0,14,-14
103900060,64,148,-84
103900061,187,35,152
103900062,246,81,165
103900063,18,0,18
103900064,143,1,142
103900065,651,379,272
103900066,136,24,112
103900067,176,8,168
103900068,5,0,5
103900069,59,24,35
103900070,118,230,-112
103900071,25,94,-69
103900072,13,154,-141
103900073,30,32,-2
103900074,94,48,46
103900075,167,39,128
103900076,495,361,134
103900077,55,79,-24
103900078,239,100,139
103900079,129,154,-25
103900080,9,31,-22
103900081,121,42,79
103900082,15,101,-86
103900083,1232,948,284
103900084,60,100,-40
103900085,77,120,-43
103900086,596,312,284
103900088,340,473,-133
103900089,63,142,-79
103900090,2,105,-103
103900091,997,182,815
103900092,624,395,229
103900093,82,248,-166
103900094,7,98,-91
103900095,223,213,10
103900096,18,137,-119
103900097,7,323,-316
103900098,208,122,86
103900099,65,94,-29
103900100,153,275,-122
103900101,78,829,-751
103900102,2,14,-12
103900104,4,18,-14
103900105,110,194,-84
103900106,1,53,-52
103900107,151,163,-12
103900108,52,259,-207
103900109,157,70,87
103900110,212,38,174
103900111,84,387,-303
103900112,66,65,1
103900113,152,278,-126
103900114,340,314,26
103900115,276,164,112
103900116,4547,2917,1630
103900117,95,73,22
103900119,24,83,-59
103900120,83,87,-4
103900122,101,181,-80
103900123,1187,589,598
103900124,70,346,-276
103900125,107,93,14
103900126,453,260,193
103900127,198,334,-136
103900128,156,88,68
103900131,50,129,-79
103900133,769,41,728
103900134,0,7,-7
103900135,0,8,-8
103900137,0,34,-34
103900138,147,186,-39
103900139,304,1449,-1145
103900140,6,162,-156
103900141,229,61,168
103900142,196,179,17
103900143,45,3,42
103900144,0,39,-39
103900145,145,210,-65
103900146,272,172,100
103900147,275,130,145
103900148,180,240,-60
103900149,341,471,-130
103900150,4546,3222,1324
103900151,34,143,-109
103900152,515,352,163
103900153,8,6,2
103900154,595,1516,-921
103900155,62,211,-149
103900156,62,99,-37
103900157,51,131,-80
103900158,119,102,17
103900159,127,54,73
103900160,35,31,4
103900161,73,165,-92
103900162,69,153,-84
103900163,12,402,-390
103900167,23,114,-91
103900168,83,87,-4
103900169,29,35,-6
103900170,1,74,-73
103900171,0,29,-29
103900172,5,21,-16
103900173,4,16,-12
103900174,189,61,128
103900175,45,66,-21
103900176,16,31,-15
103900177,24,55,-31
103900178,43,47,-4
103900179,63,101,-38
103900180,21,57,-36
103900181,34,34,0
103900182,55,11,44
103900184,371,77,294
103900185,69,293,-224
103900187,18,78,-60
103900188,61,15,46
103900189,124,5,119
103900190,71,64,7
103900191,27,31,-4
103900192,30,82,-52
103900193,112,177,-65
103900194,44,241,-197
103900195,2,94,-92
103900196,27,41,-14
103900197,25,22,3
103900198,17,39,-22
103900199,127,36,91
103900200,154,103,51
103900201,89,153,-64
103900202,9,48,-39
103900203,36,23,13
103900204,0,81,-81
103900207,0,72,-72
103900208,70,1,69
103900209,7,91,-84
103900210,23,38,-15
103900211,543,292,251
103900212,113,253,-140
103900213,52,190,-138
103900214,260,221,39
103900215,323,399,-76
103900216,18,283,-265
103900217,337,74,263
103900218,0,201,-201
103900219,124,169,-45
103900233,53,3,50
103900235,40,24,16
103900236,24,6,18
103900242,12,13,-1
103900243,4,7,-3
103900244,121,157,-36
103900245,81,147,-66
103900246,42,51,-9
103900247,40,109,-69
103900248,13,67,-54
103900249,34,66,-32
103900250,34,20,14
103900251,4,25,-21
103900253,9,66,-57
103900254,1,15,-14
103900255,5,16,-11
103900256,20,32,-12
103900257,92,85,7
103900258,48,7,41
103900259,54,7,47
103900261,18,4,14
103900262,31,6,25
103900263,45,78,-33
103900264,38,44,-6
103900265,49,12,37
103900266,1,97,-96
103900267,12,70,-58
103900268,32,63,-31
103900269,173,35,138
103900270,70,112,-42
103900271,57,96,-39
103900272,56,66,-10
103900273,25,59,-34
103900274,87,10,77
103900275,48,8,40
103900276,14,71,-57
103900277,4,47,-43
103900278,5,38,-33
103900279,1,31,-30
103900280,2,71,-69
104000001,1785,1448,337
104000002,1239,1828,-589
104000003,1889,1653,236
104000004,2095,2114,-19
104000005,1279,1455,-176
104000006,2317,1916,401
104000007,3058,3104,-46
104000008,181,212,-31
104000009,188,102,86
104000010,166,284,-118
104000011,399,226,173
104000012,133,301,-168
104000013,226,177,49
104000014,169,509,-340
104000015,288,118,170
104000016,497,368,129
104000018,675,156,519
104000019,556,157,399
104000020,163,437,-274
104000021,226,437,-211
104000022,106,226,-120
104000023,655,288,367
104000024,276,286,-10
104000026,55,272,-217
104000027,214,183,31
104000028,317,183,134
104000029,280,321,-41
104000030,191,201,-10
104000031,1005,335,670
104000032,241,270,-29
104000033,548,420,128
104000034,284,236,48
104000035,755,357,398
104000036,662,430,232
104000037,309,173,136
104000038,396,232,164
104000039,226,193,33
104000040,247,310,-63
104000041,577,290,287
104000042,203,278,-75
104000043,204,319,-115
104000044,226,505,-279
104000045,735,782,-47
104000046,848,1085,-237
104000047,638,911,-273
104000048,863,1142,-279
104000049,371,243,128
104000050,160,468,-308
104000051,123,504,-381
104000052,1267,1109,158
104000053,778,414,364
104000054,284,246,38
104000055,3005,1849,1156
104000056,1181,260,921
104000057,213,468,-255
104000058,606,613,-7
104000059,501,722,-221
104000060,906,957,-51
104000061,1045,698,347
104000062,491,136,355
104000064,453,222,231
104000065,209,539,-330
104000069,811,903,-92
104000070,68,394,-326
104000071,213,481,-268
104000072,647,219,428
104000075,51,223,-172
104000076,388,73,315
104000082,1945,2509,-564
104000083,697,224,473
104000084,114,497,-383
104000085,304,361,-57
104000086,161,395,-234
104000087,424,1654,-1230
104000090,695,954,-259
104000092,1076,1609,-533
104000094,648,1124,-476
104000095,1333,1103,230
104000096,1092,172,920
104000097,1366,664,702
104000098,1778,797,981
104000100,1361,522,839
104000101,1035,1185,-150
104000106,115,500,-385
104000107,504,382,122
104000108,242,421,-179
104000109,269,78,191
104000110,747,1023,-276
104000111,2689,1708,981
104000112,1504,513,991
104000116,2,730,-728
104000117,179,440,-261
104000118,455,164,291
104000119,534,207,327
104000120,193,504,-311
104000121,176,589,-413
104000122,551,616,-65
104000123,627,849,-222
104000124,726,1520,-794
104000125,2494,3504,-1010
104000126,294,300,-6
104000127,1155,2189,-1034
104000128,528,369,159
104000129,296,20,276
104000130,10,169,-159
104000131,500,426,74
104000132,448,467,-19
104000133,1243,727,516
104000134,828,1427,-599
104000135,443,1607,-1164
104000136,698,3321,-2623
104000137,1414,423,991
104000138,674,284,390
104000139,4451,2433,2018
104000141,886,1024,-138
104000142,506,590,-84
104000143,441,448,-7
104000144,95,178,-83
104000145,395,209,186
104000146,235,389,-154
104000147,108,250,-142
104000148,344,112,232
104000149,197,210,-13
104000150,806,407,399
104000151,323,325,-2
104000152,490,430,60
104000153,535,519,16
104000154,860,497,363
104000155,398,533,-135
104000157,818,1118,-300
104000158,255,341,-86
104000159,717,372,345
104000160,1470,1506,-36
104000161,121,190,-69
104000162,63,130,-67
104000165,889,799,90
104000167,600,783,-183
104000168,435,8,427
104000169,123,47,76
104000170,375,501,-126
104000248,212,493,-281
104000251,56,188,-132
104000272,0,0,0
104000273,0,0,0
104000274,0,0,0
104000275,0,0,0
104000279,552,341,211
104000290,72,206,-134
104000291,538,899,-361
104000293,638,595,43
104000294,35,0,35
104000295,415,549,-134
104000296,316,452,-136
104000297,545,1294,-749
104000298,1352,520,832
104000299,530,1004,-474
104000302,96,103,-7
104000303,91,119,-28
104900001,157,257,-100
104900002,60,158,-98
104900003,61,213,-152
104900004,97,204,-107
104900005,242,225,17
104900006,244,60,184
104900007,252,143,109
104900009,117,245,-128
104900010,68,48,20
104900011,29,9,20
104900012,199,38,161
104900013,108,24,84
104900014,1532,235,1297
104900015,64,6,58
104900016,162,147,15
104900017,183,139,44
104900018,3,123,-120
104900019,249,2129,-1880
104900020,43,193,-150
104900021,1,118,-117
104900022,12,154,-142
104900023,1,62,-61
104900024,19,94,-75
104900025,77,227,-150
104900026,1,60,-59
104900027,353,261,92
104900028,23,89,-66
104900029,45,39,6
104900030,405,159,246
104900031,59,201,-142
104900032,41,112,-71
104900033,110,270,-160
104900034,325,122,203
104900035,256,152,104
104900036,161,70,91
104900037,91,156,-65
104900038,386,665,-279
104900039,550,354,196
104900040,314,94,220
104900041,252,139,113
104900042,113,258,-145
104900043,25,120,-95
104900044,424,134,290
104900045,409,63,346
104900046,182,89,93
104900047,233,63,170
104900048,258,69,189
104900049,41,27,14
104900050,285,76,209
104900051,199,37,162
104900052,70,3,67
104900053,335,86,249
104900054,129,30,99
104900055,103,3,100
104900056,167,22,145
104900057,30,2,28
104900058,532,255,277
104900059,207,116,91
104900060,1,200,-199
104900061,189,402,-213
104900063,0,110,-110
104900064,3,68,-65
104900065,0,138,-138
104900066,2,88,-86
104900067,3,262,-259
104900068,6,163,-157
104900070,110,250,-140
104900071,1,362,-361
104900072,32,240,-208
104900073,50,144,-94
104900074,42,200,-158
104900075,60,35,25
104900076,86,265,-179
104900077,570,195,375
104900078,154,339,-185
104900079,99,335,-236
104900080,60,267,-207
104900082,17,316,-299
104900085,4,146,-142
104900087,288,7,281
104900089,206,1,205
104900090,648,564,84
104900091,495,448,47
104900093,202,400,-198
104900097,1565,1346,219
104900098,128,27,101
104900099,425,757,-332
104900100,354,178,176
104900102,44,111,-67
104900103,388,72,316
104900104,2105,1506,599
104900106,82,88,-6
104900107,114,122,-8
104900108,30,178,-148
104900109,65,194,-129
104900110,6,49,-43
104900111,139,71,68
104900112,264,517,-253
104900113,560,297,263
104900114,253,319,-66
104900115,681,329,352
104900116,194,137,57
104900118,14,59,-45
104900119,5,32,-27
104900120,33,266,-233
104900121,1,86,-85
104900122,5,44,-39
104900123,56,8,48
104900124,62,2,60
104900125,361,5,356
104900126,70,70,0
104900127,31,68,-37
104900128,121,107,14
104900129,1190,1514,-324
105000001,2045,1250,795
105000002,1918,1239,679
105000003,2753,2563,190
105000004,403,633,-230
105000005,571,763,-192
105000006,1188,1374,-186
105000007,1060,1159,-99
105000008,1312,2260,-948
105000009,1904,2741,-837
105000010,2522,1573,949
105000011,2769,2214,555
105000012,2886,2343,543
105000013,910,871,39
105000014,1699,1939,-240
105000015,7622,11370,-3748
105000016,2124,1691,433
105000017,1251,709,542
105000018,1064,1142,-78
105000019,943,722,221
105000020,214,359,-145
105000021,230,93,137
105000022,213,86,127
105000023,417,337,80
105000028,76,118,-42
105000029,498,1166,-668
105000030,3239,2305,934
105000031,6,26,-20
105000033,816,1530,-714
105000034,130,772,-642
105000037,479,247,232
105000038,1523,1562,-39
105000039,1958,1290,668
105000040,790,982,-192
105000041,289,1026,-737
105000042,2451,1500,951
105000043,1396,1714,-318
105000044,487,415,72
105000045,266,558,-292
105000046,1027,293,734
105000047,409,967,-558
105000048,473,176,297
105000049,191,359,-168
105000050,547,294,253
105000051,119,274,-155
105000052,472,707,-235
105000053,98,132,-34
105000054,398,637,-239
105000055,804,332,472
105000056,1235,1495,-260
105000057,1018,644,374
105000058,1023,990,33
105000059,668,518,150
105000060,402,472,-70
105000061,578,418,160
105000062,546,619,-73
105000063,266,419,-153
105000064,1303,618,685
105000065,306,469,-163
105000066,996,1142,-146
105000067,1192,685,507
105000068,368,728,-360
105000069,1456,1394,62
105000070,483,723,-240
105000071,201,622,-421
105000072,976,1847,-871
105000073,693,510,183
105000074,821,566,255
105000075,404,736,-332
105000076,957,757,200
105000077,1810,886,924
105000078,1170,1182,-12
105000079,1046,2585,-1539
105000080,1324,1142,182
105000081,2647,1096,1551
105000082,806,1424,-618
105000083,3421,2986,435
105000084,483,601,-118
105000085,1378,1444,-66
105000086,592,656,-64
105000087,1165,1325,-160
105000088,1185,1222,-37
105000089,1993,1545,448
105000090,840,640,200
105000091,1038,1173,-135
105000092,520,671,-151
105000093,298,232,66
105000094,297,213,84
105000095,129,481,-352
105000096,1136,958,178
105000097,874,838,36
105000098,760,561,199
105000099,786,635,151
105000100,1117,905,212
105000101,1674,1417,257
105000102,1213,1105,108
105000103,1085,1590,-505
105000104,2059,803,1256
105000105,1376,1408,-32
105000106,1166,1261,-95
105000107,1166,670,496
105000108,1359,1123,236
105000109,1293,1303,-10
105000110,600,487,113
105000111,710,584,126
105000112,1077,535,542
105000113,391,663,-272
105000114,1984,963,1021
105000115,320,1075,-755
105000116,717,447,270
105000117,755,767,-12
105000118,471,413,58
105000119,420,654,-234
105000120,760,440,320
105000121,714,743,-29
105000122,428,531,-103
105000123,1075,958,117
105000124,1499,605,894
105000125,655,1307,-652
105000126,1730,1447,283
105000127,2070,1465,605
105000128,659,771,-112
105000129,641,313,328
105000130,344,2354,-2010
105000131,487,281,206
105000132,716,540,176
105000133,380,639,-259
105000134,575,568,7
105000135,408,425,-17
105000136,109,233,-124
105000137,465,176,289
105000138,224,270,-46
105000139,911,745,166
105000140,346,408,-62
105000141,296,423,-127
105000142,217,416,-199
105000143,186,492,-306
105000144,251,666,-415
105000145,543,309,234
105000146,369,736,-367
105000147,585,293,292
105000148,1080,571,509
105000149,1862,1665,197
105000150,1530,1230,300
105000151,318,301,17
105000152,195,405,-210
105000153,479,505,-26
105000154,581,431,150
105000155,293,762,-469
105000156,763,581,182
105000157,676,1254,-578
105000158,1517,638,879
105000159,256,834,-578
105000160,1474,487,987
105000161,633,860,-227
105000162,515,1249,-734
105000163,970,717,253
105000164,299,245,54
105000165,746,3884,-3138
105000166,3920,855,3065
105000167,1249,1045,204
105000168,360,452,-92
105000169,485,196,289
105000170,205,1133,-928
105000171,810,171,639
105000172,197,30,167
105000173,184,35,149
105000174,68,34,34
105000175,66,99,-33
105000176,303,82,221
105000177,301,178,123
105000178,118,392,-274
105000179,405,186,219
105000180,122,95,27
105000181,104,219,-115
105000182,50,54,-4
105000183,1640,1612,28
105000184,1240,1088,152
105000185,1068,1040,28
105000186,515,706,-191
105000187,727,198,529
105000188,210,128,82
105000189,149,377,-228
105000190,245,252,-7
105000191,364,302,62
105000192,306,94,212
105000193,90,102,-12
105000194,546,162,384
105000195,289,654,-365
105000196,102,308,-206
105000197,265,528,-263
105000198,568,294,274
105000199,322,681,-359
105000200,107,207,-100
105000201,90,33,57
105000203,7,183,-176
105000204,94,70,24
105000205,115,212,-97
105000207,362,171,191
105000208,203,476,-273
105000209,201,244,-43
105000211,258,9,249
105000212,1013,848,165
105000213,142,150,-8
105000214,164,246,-82
105000215,299,155,144
105000216,148,197,-49
105000217,119,220,-101
105000218,1211,1000,211
105000221,167,155,12
105000222,659,147,512
105000223,327,138,189
105000226,75,189,-114
105000227,69,143,-74
105000228,289,1643,-1354
105000229,96,401,-305
105000231,410,302,108
105000233,818,620,198
105000234,624,1045,-421
105000235,313,460,-147
105000237,601,64,537
105000243,24,37,-13
105000248,51,71,-20
105000262,317,974,-657
105000269,149,213,-64
105000270,366,33,333
105000271,1,168,-167
105000282,81,36,45
105000287,419,109,310
105000288,408,363,45
105000289,2142,1779,363
105000290,34,9,25
105000402,3085,3069,16
105000426,376,479,-103
105000438,3074,1381,1693
105000440,43,25,18
105000446,8052,4670,3382
105000447,4877,2191,2686
105000454,468,536,-68
105000455,254,153,101
105000474,23,2,21
105000477,333,490,-157
105000478,1440,3595,-2155
105000479,135,122,13
105000480,7435,5747,1688
105000481,3791,2841,950
105000482,3943,6144,-2201
105000483,1474,1555,-81
105000484,1864,2651,-787
105000485,1328,2399,-1071
105000486,2667,1956,711
105000488,7607,4372,3235
105000489,748,658,90
105000549,114,124,-10
105000550,518,1241,-723
105000551,41,134,-93
105000552,2128,1205,923
105000555,1070,854,216
105000556,48,34,14
105000557,83,181,-98
105900001,13,1512,-1499
105900002,855,548,307
105900003,31,87,-56
105900004,200,102,98
105900005,12,144,-132
105900006,15,126,-111
105900007,66,20,46
105900008,60,444,-384
105900009,28,12,16
105900011,126,34,92
105900012,428,113,315
105900013,2,43,-41
105900014,12,52,-40
105900015,101,264,-163
105900016,370,332,38
105900017,904,28,876
105900018,183,137,46
105900019,67,238,-171
105900020,39,52,-13
105900021,28,178,-150
105900022,228,146,82
105900023,6,78,-72
105900024,4,115,-111
105900025,164,39,125
105900026,218,19,199
105900027,6552,5293,1259
105900028,601,243,358
105900029,1124,278,846
105900030,173,231,-58
105900031,370,191,179
105900032,67,178,-111
105900033,78,86,-8
105900034,219,159,60
105900035,125,155,-30
105900036,126,99,27
105900037,89,58,31
105900038,176,260,-84
105900039,134,103,31
105900040,43,88,-45
105900041,182,151,31
105900042,78,120,-42
105900043,949,54,895
105900044,4,176,-172
105900045,1,623,-622
105900046,11,281,-270
105900047,10,48,-38
105900048,77,360,-283
105900050,4494,3304,1190
105900051,54,906,-852
105900052,436,237,199
105900053,1810,2070,-260
105900054,237,122,115
105900056,586,354,232
105900057,30,88,-58
105900058,21,10,11
105900059,0,28,-28
106000001,3496,2135,1361
106000002,1904,4462,-2558
106000003,2360,3058,-698
106000004,1492,2145,-653
106000005,2614,4569,-1955
106000006,4576,2890,1686
106000007,440,531,-91
106000008,460,270,190
106000009,472,325,147
106000010,548,479,69
106000011,900,770,130
106000012,760,1032,-272
106000013,1400,1481,-81
106000014,1585,1169,416
106000015,1418,1033,385
106000016,951,1542,-591
106000017,454,527,-73
106000018,570,442,128
106000019,296,349,-53
106000020,302,308,-6
106000021,296,347,-51
106000022,284,184,100
106000023,512,278,234
106000024,450,438,12
106000025,133,157,-24
106000026,115,185,-70
106000027,1065,992,73
106000028,490,370,120
106000029,617,808,-191
106000030,536,491,45
106000034,224,489,-265
106000035,893,1804,-911
106000036,236,404,-168
106000037,1587,1263,324
106000038,344,107,237
106000039,108,90,18
106000040,146,677,-531
106000041,575,485,90
106000043,514,236,278
106000046,281,64,217
106000047,47,320,-273
106000049,930,141,789
106000050,280,499,-219
106000051,587,454,133
106000052,106,466,-360
106000053,319,98,221
106000054,285,326,-41
106000055,889,694,195
106000056,232,320,-88
106000057,352,218,134
106000058,105,132,-27
106000059,275,202,73
106000060,272,422,-150
106000061,188,405,-217
106000062,168,411,-243
106000063,580,466,114
106000064,36,268,-232
106000065,293,273,20
106000066,102,235,-133
106000067,386,85,301
106000068,39,461,-422
106000069,194,54,140
106000070,350,594,-244
106000071,807,325,482
106000072,2210,1365,845
106000073,1373,2445,-1072
106000074,531,590,-59
106000075,278,1169,-891
106000076,1625,1675,-50
106000077,2825,1190,1635
106000078,867,867,0
106000079,570,713,-143
106000080,1014,645,369
106000081,518,875,-357
106000082,1816,711,1105
106000083,388,1200,-812
106000084,1048,592,456
106000085,1127,1256,-129
106000086,520,847,-327
106000087,892,533,359
106000088,377,633,-256
106000089,798,347,451
106000090,236,485,-249
106000091,253,389,-136
106000092,622,245,377
106000093,246,101,145
106000094,86,231,-145
106000095,687,610,77
106000096,695,539,156
106000097,928,654,274
106000098,705,768,-63
106000099,231,525,-294
106000100,982,205,777
106000101,700,261,439
106000102,157,411,-254
106000103,303,428,-125
106000104,605,368,237
106000105,408,485,-77
106000106,481,437,44
106000107,135,230,-95
106000108,254,353,-99
106000109,160,229,-69
106000110,237,263,-26
106000111,181,296,-115
106000112,187,418,-231
106000113,585,383,202
106000114,387,463,-76
106000115,240,372,-132
106000116,277,163,114
106000117,929,508,421
106000118,942,1031,-89
106000119,1066,668,398
106000120,677,984,-307
106000121,199,159,40
106000122,90,170,-80
106000123,461,103,358
106000124,58,143,-85
106000125,26,174,-148
106000126,279,88,191
106000127,705,661,44
106000128,730,189,541
106000129,442,441,1
106000130,675,307,368
106000131,151,567,-416
106000132,453,158,295
106000133,1255,984,271
106000134,493,1269,-776
106000135,201,494,-293
106000136,587,885,-298
106000137,66,513,-447
106000138,927,107,820
106000139,41,81,-40
106000140,37,43,-6
106000141,58,33,25
106000142,61,50,11
106000143,40,54,-14
106000144,43,63,-20
106000145,214,170,44
106000146,339,126,213
106000147,506,428,78
106000148,655,736,-81
106000149,458,403,55
106000150,477,1353,-876
106000151,2573,613,1960
106000152,948,1597,-649
106000153,75,1222,-1147
106000154,1097,206,891
106000155,84,224,-140
106000156,563,232,331
106000157,547,1146,-599
106000158,1577,791,786
106000159,2066,1358,708
106000160,337,2040,-1703
106000161,1021,280,741
106000162,221,772,-551
106000163,358,293,65
106000164,374,278,96
106000165,162,381,-219
106000166,616,289,327
106000167,429,747,-318
106000168,413,202,211
106000169,228,389,-161
106000170,767,238,529
106000171,257,865,-608
106000172,2130,1262,868
106000173,1008,1989,-981
106000174,1006,325,681
106000175,271,631,-360
106000176,1144,656,488
106000177,667,1725,-1058
106000178,2534,1619,915
106000179,903,1761,-858
106000180,650,905,-255
106000181,634,1283,-649
106000182,1119,556,563
106000183,1119,444,675
106000184,1590,497,1093
106000185,860,943,-83
106000186,692,104,588
106000187,185,786,-601
106000188,0,0,0
106000189,13,39,-26
106000190,36,1,35
106000191,555,180,375
106000192,0,13,-13
106000193,381,179,202
106000194,126,271,-145
106000195,514,161,353
106000196,139,364,-225
106000197,575,230,345
106000198,167,207,-40
106000199,687,511,176
106000200,151,169,-18
106000201,377,1875,-1498
106000202,2620,503,2117
106000203,34,142,-108
106000204,115,6,109
106000205,13,97,-84
106000206,81,35,46
106000207,27,473,-446
106000208,1186,174,1012
106000209,1178,280,898
106000210,216,666,-450
106000211,238,793,-555
106000212,630,318,312
106000213,534,1447,-913
106000214,2083,636,1447
106000215,262,394,-132
106000216,316,283,33
106000217,220,277,-57
106000218,465,344,121
106000219,130,234,-104
106000220,286,207,79
106000221,174,173,1
106000222,65,77,-12
106000223,183,84,99
106000224,192,175,17
106000225,66,89,-23
106000226,105,202,-97
106000228,56,96,-40
106000229,65,579,-514
106000231,861,89,772
106000232,68,339,-271
106000233,569,86,483
106000234,92,187,-95
106000235,749,90,659
106000236,287,86,201
106000237,4,12,-8
106000238,76,24,52
106000239,3,80,-77
106000240,33,5,28
106000241,14,469,-455
106000242,256,46,210
106000249,56,73,-17
106000250,72,429,-357
106000251,96,18,78
106000252,27,57,-30
106000253,42,61,-19
106000254,68,43,25
106000255,20,147,-127
106000256,54,47,7
106000257,125,141,-16
106000258,370,22,348
106000259,7,42,-35
106000260,38,4,34
106000261,6,42,-36
106000262,79,12,67
106000263,9,59,-50
106000264,166,10,156
106000265,2,120,-118
106000266,101,28,73
106000267,9,75,-66
106000268,433,48,385
106000269,70,50,20
106000270,149,434,-285
106000271,83,200,-117
106000272,187,61,126
106000273,14,273,-259
106000274,150,43,107
106000275,120,230,-110
106000276,144,31,113
106000277,103,247,-144
106000278,147,47,100
106000279,9,29,-20
106000280,77,56,21
106000281,81,46,35
106000282,68,82,-14
106000283,112,44,68
106000284,58,124,-66
106000285,103,84,19
106000286,88,136,-48
106000287,101,50,51
106000288,76,123,-47
106000289,75,52,23
106000290,58,92,-34
106000291,83,59,24
106000292,52,85,-33
106000293,130,61,69
106000294,115,105,10
106000295,43,40,3
106000296,39,75,-36
106000297,54,180,-126
106000298,101,63,38
106000299,99,130,-31
106000300,83,68,15
106000301,61,105,-44
106000303,23,95,-72
106000304,30,25,5
106000305,44,68,-24
106000306,42,46,-4
106000307,64,51,13
106000308,22,109,-87
106000309,24,73,-49
106000310,251,383,-132
106000311,260,179,81
106000312,129,133,-4
106000313,165,178,-13
106000318,96,421,-325
106000319,863,194,669
106000320,1,65,-64
106000321,344,83,261
106000322,141,106,35
106000324,13,92,-79
106000325,1244,776,468
106000326,858,1324,-466
106000327,179,115,64
106000328,47,118,-71
106000329,172,182,-10
106000330,67,63,4
106000428,96,170,-74
106000429,129,394,-265
106000430,343,958,-615
106000431,1751,372,1379
106000432,1600,2411,-811
106000433,2097,1451,646
106000434,2499,1395,1104
106000435,1168,2050,-882
106000436,17,150,-133
106000437,323,54,269
106000438,375,135,240
106000439,57,439,-382
106000440,224,323,-99
106000441,1,0,1
106000442,146,11,135
106000443,131,228,-97
106000450,0,109,-109
106000451,25,68,-43
106000454,4,191,-187
106000455,9,165,-156
106000456,113,38,75
106000457,8,672,-664
106000458,649,101,548
106000459,170,234,-64
106000460,1167,29,1138
106000461,76,735,-659
106000462,1,30,-29
106000463,4,33,-29
106000464,6,302,-296
106000465,633,1,632
106000466,2,354,-352
106000467,277,429,-152
106000468,75,110,-35
106000469,167,2,165
106000470,285,1253,-968
106000471,17,373,-356
106000472,109,11,98
106000473,45,15,30
106000474,351,405,-54
106000475,342,199,143
106000476,186,254,-68
106000477,50,101,-51
106000480,1,248,-247
106900001,0,13,-13
106900002,3,285,-282
106900003,153,558,-405
106900004,0,20,-20
106900006,0,6,-6
106900007,0,5,-5
106900008,233,141,92
106900009,214,213,1
106900010,180,178,2
106900012,1067,1510,-443
106900013,407,141,266
106900014,15,2,13
106900015,9,2,7
106900016,225,9,216
106900017,3,3,0
106900018,2,0,2
106900019,36,2,34
106900020,1453,1098,355
106900021,97,49,48
106900022,757,3,754
106900023,45,181,-136
106900024,407,46,361
106900025,63,381,-318
106900026,1,359,-358
106900027,632,5,627
107000001,2870,2760,110
107000002,2176,3353,-1177
107000003,4449,4964,-515
107000004,3194,3140,54
107000005,3557,4148,-591
107000006,3199,2997,202
107000007,4497,7852,-3355
107000008,7578,6139,1439
107000009,5949,6255,-306
107000010,7320,7017,303
107000011,952,976,-24
107000012,2810,2223,587
107000013,62,65,-3
107000014,42,125,-83
107000015,473,532,-59
107000016,576,530,46
107000017,1514,899,615
107000018,8,607,-599
107000020,992,938,54
107000021,1050,399,651
107000022,642,1025,-383
107000023,1455,177,1278
107000024,461,1006,-545
107000025,201,250,-49
107000026,218,379,-161
107000027,1203,714,489
107000028,1011,1015,-4
107000029,2690,2283,407
107000030,2135,2139,-4
107000031,3626,1916,1710
107000032,424,790,-366
107000033,2328,2954,-626
107000034,2239,1202,1037
107000035,308,201,107
107000036,307,1003,-696
107000037,59,614,-555
107000038,174,227,-53
107000039,706,683,23
107000040,135,292,-157
107000041,1193,666,527
107000042,650,1608,-958
107000043,2068,1000,1068
107000044,435,256,179
107000045,92,217,-125
107000046,698,354,344
107000047,398,663,-265
107000048,568,248,320
107000049,561,670,-109
107000050,1032,508,524
107000051,298,288,10
107000052,969,939,30
107000053,341,165,176
107000054,101,251,-150
107000055,345,164,181
107000056,424,662,-238
107000057,1378,247,1131
107000058,1800,2095,-295
107000059,1703,2678,-975
107000060,3384,4356,-972
107000061,3962,2693,1269
107000062,3623,2398,1225
107000063,3324,3721,-397
107000064,3928,1828,2100
107000065,3190,3439,-249
107000066,1631,2169,-538
107000067,1056,1144,-88
107000068,1225,666,559
107000069,710,413,297
107000070,1054,27,1027
107000071,2814,53,2761
107000072,39,2028,-1989
107000073,641,339,302
107000074,118,767,-649
107000075,1488,545,943
107000076,613,1165,-552
107000077,3165,1467,1698
107000078,2098,2525,-427
107000079,2273,1048,1225
107000080,965,2310,-1345
107000081,1494,467,1027
107000082,455,1240,-785
107000083,1118,359,759
107000084,240,1285,-1045
107000085,2462,2701,-239
107000086,3175,2728,447
107000087,2566,1664,902
107000088,2889,3058,-169
107000089,1429,1418,11
107000090,887,860,27
107000091,1296,770,526
107000092,730,874,-144
107000093,1134,768,366
107000094,881,1003,-122
107000095,570,536,34
107000096,473,557,-84
107000097,617,315,302
107000098,464,465,-1
107000099,403,242,161
107000100,222,207,15
107000101,52,151,-99
107000102,191,248,-57
107000103,262,165,97
107000104,141,243,-102
107000105,343,100,243
107000106,185,218,-33
107000107,447,119,328
107000108,133,431,-298
107000109,500,171,329
107000110,64,289,-225
107000111,276,56,220
107000112,32,186,-154
107000113,530,147,383
107000114,114,412,-298
107000115,522,100,422
107000116,111,550,-439
107000117,146,463,-317
107000118,104,108,-4
107000119,1093,1295,-202
107000120,876,406,470
107000121,837,644,193
107000122,1014,682,332
107000123,487,537,-50
107000124,478,588,-110
107000125,916,477,439
107000126,812,597,215
107000129,177,526,-349
107000130,526,203,323
107000131,333,407,-74
107000132,435,271,164
107000133,559,94,465
107000134,291,3,288
107000135,5,199,-194
107000136,796,11,785
107000137,12,349,-337
107000138,272,30,242
107000139,14,343,-329
107000140,1140,115,1025
107000141,109,670,-561
107000142,445,103,342
107000143,65,499,-434
107000144,531,326,205
107000145,131,412,-281
107000146,196,266,-70
107000147,3154,940,2214
107000150,500,1931,-1431
107000151,39,94,-55
107000152,363,1041,-678
107000153,154,307,-153
107000154,234,293,-59
107000155,743,19,724
107000156,887,27,860
107000157,26,1096,-1070
107000158,619,28,591
107000159,59,720,-661
107000160,946,96,850
107000161,73,954,-881
107000162,245,356,-111
107000163,117,3,114
107000164,585,2,583
107000165,818,4,814
107000166,42,828,-786
107000167,571,148,423
107000168,835,420,415
107000169,528,688,-160
107000170,1737,643,1094
107000171,674,1372,-698
107000172,943,1314,-371
107000173,537,778,-241
107000174,874,3917,-3043
107000175,4999,1453,3546
107000176,0,0,0
107000177,2,2,0
107000178,17,35,-18
107000179,273,1528,-1255
107000180,1177,229,948
107000181,347,865,-518
107000182,1488,665,823
107000183,121,578,-457
107000184,939,503,436
107000185,295,891,-596
107000186,843,310,533
107000187,1108,1066,42
107000188,541,508,33
107000189,467,788,-321
107000190,554,581,-27
107000191,745,986,-241
107000192,1408,566,842
107000193,382,381,1
107000194,851,557,294
107000197,720,228,492
107000198,292,556,-264
107000199,569,539,30
107000200,561,626,-65
107000201,394,302,92
107000202,291,437,-146
107000203,828,811,17
107000204,1097,1082,15
107000205,1775,784,991
107000206,799,1308,-509
107000207,679,950,-271
107000208,867,450,417
107000209,1692,1232,460
107000210,630,344,286
107000211,4,45,-41
107000212,13,244,-231
107000213,6,22,-16
107000214,15,107,-92
107000215,335,312,23
107000216,389,257,132
107000217,126,109,17
107000219,65,153,-88
107000220,179,218,-39
107000222,241,540,-299
107000224,372,94,278
107000225,161,389,-228
107000226,358,105,253
107000227,81,233,-152
107000228,79,239,-160
107000229,133,114,19
107000230,937,382,555
107000231,1379,1496,-117
107000232,132,17,115
107000233,1046,826,220
107000234,0,44,-44
107000235,66,14,52
107000236,12,368,-356
107000237,21,1,20
107000238,55,1,54
107000239,2066,376,1690
107000240,99,603,-504
107000243,0,41,-41
107000244,7,59,-52
107000246,2,748,-746
107000249,1,907,-906
107000251,0,262,-262
107000252,3,622,-619
107000255,280,82,198
107000257,0,325,-325
107000258,0,82,-82
107000259,0,120,-120
107000260,601,2,599
107000262,7,448,-441
107000263,247,3,244
107000266,8,10,-2
107000267,67,128,-61
107000268,114,118,-4
107000269,534,63,471
107000270,3,23,-20
107000271,17,471,-454
107000272,15,111,-96
107000273,2,170,-168
107000274,619,30,589
107000275,173,794,-621
107000280,716,28,688
107000281,32,614,-582
107000282,55,630,-575
107000290,5,24,-19
107000291,28,16,12
107000292,2,56,-54
107000293,108,9,99
107000294,0,17,-17
107000295,55,2,53
107000296,2,17,-15
107000444,170,6,164
107000496,1,7,-6
107000497,1079,1539,-460
107000500,274,244,30
107000501,88,123,-35
107000502,184,276,-92
107000505,267,594,-327
107000506,0,52,-52
107000508,4,362,-358
107000509,285,590,-305
107000510,35,34,1
107000514,68,218,-150
107000515,12,221,-209
107000516,351,190,161
107000518,847,1091,-244
107000519,1276,713,563
107000520,126,56,70
107000521,474,314,160
107000522,784,436,348
107900001,81,114,-33
107900002,71,5,66
107900003,159,11,148
107900004,20,1,19
107900005,1169,4,1165
107900006,162,0,162
107900007,257,38,219
107900008,71,22,49
107900009,129,8,121
107900010,36,1,35
107900012,169,35,134
107900013,154,41,113
107900014,23,5,18
107900015,786,10,776
107900016,400,81,319
107900017,22,3,19
107900018,48,151,-103
107900019,21,31,-10
107900020,71,23,48
107900021,87,110,-23
107900023,3,1,2
107900024,2,28,-26
107900025,151,175,-24
107900026,86,53,33
107900027,27,46,-19
107900028,98,79,19
107900030,170,32,138
107900031,37,68,-31
107900032,19,5,14
107900033,30,10,20
107900034,308,17,291
107900035,630,26,604
107900036,65,31,34
107900037,0,29,-29
107900038,102,217,-115
107900039,36,36,0
107900040,29,138,-109
107900041,1,2,-1
107900043,38,64,-26
107900044,3,7,-4
107900045,85,32,53
107900046,147,121,26
107900047,39,50,-11
107900048,142,14,128
107900049,239,776,-537
107900050,118,249,-131
107900051,82,33,49
107900052,23,42,-19
107900053,44,89,-45
107900055,410,154,256
107900056,96,45,51
107900057,2,0,2
107900058,17,433,-416
107900060,13,28,-15
107900061,10,5,5
107900063,65,100,-35
107900064,221,117,104
107900065,166,16,150
107900066,20,5,15
107900067,0,0,0
107900068,130,461,-331
107900069,31,1579,-1548
107900070,104,25,79
107900071,17,468,-451
107900072,95,117,-22
107900073,152,56,96
107900074,582,318,264
107900076,115,53,62
107900077,89,0,89
107900079,7,16,-9
107900080,215,586,-371
107900081,63,65,-2
107900082,14,17,-3
107900083,267,116,151
107900084,98,95,3
107900086,58,117,-59
107900087,428,168,260
107900088,28,9,19
107900089,206,607,-401
107900090,433,1725,-1292
107900091,154,237,-83
107900093,75,63,12
107900095,2568,2021,547
107900097,28,30,-2
107900098,37,111,-74
107900100,759,968,-209
107900101,680,156,524
107900102,26,7,19
107900103,33,136,-103
107900104,202,11,191
107900105,0,173,-173
107900106,0,642,-642
107900107,788,391,397
107900108,230,150,80
107900109,1245,17,1228
107900110,53,81,-28
107900111,3,553,-550
107900112,105,286,-181
107900113,220,67,153
107900114,158,119,39
107900115,6,33,-27
107900116,187,114,73
107900117,246,179,67
107900118,60,120,-60
107900119,58,213,-155
107900120,38,36,2
107900121,2,83,-81
107900122,6,57,-51
107900123,8,30,-22
107900124,17,49,-32
107900125,35,134,-99
107900126,8,41,-33
107900127,354,296,58
107900128,83,97,-14
107900129,78,21,57
107900130,84,24,60
107900131,510,296,214
107900132,85,221,-136
107900133,1,56,-55
107900134,28,103,-75
107900135,3,120,-117
107900136,20,24,-4
107900137,102,107,-5
107900138,67,35,32
107900139,56,41,15
107900141,15,41,-26
107900142,56,489,-433
107900143,77,28,49
107900144,3,87,-84
107900145,19,57,-38
107900146,30,92,-62
107900147,32,27,5
107900148,102,73,29
107900149,603,164,439
107900150,69,487,-418
107900151,44,64,-20
107900152,4,116,-112
107900153,131,287,-156
107900154,66,19,47
107900155,84,80,4
107900156,2,213,-211
107900157,22,35,-13
107900158,745,32,713
107900159,32,598,-566
107900160,116,138,-22
107900161,30,115,-85
107900162,0,33,-33
107900163,29,37,-8
107900164,12,35,-23
107900165,27,75,-48
107900166,15,135,-120
107900167,16,54,-38
107900168,33,45,-12
107900169,1,116,-115
107900171,4,795,-791
107900172,0,232,-232
107900173,16,83,-67
107900174,135,6,129
107900175,22,39,-17
107900176,23,39,-16
107900177,1,51,-50
107900178,0,118,-118
107900179,21,127,-106
107900180,504,541,-37
107900181,224,205,19
107900182,2,633,-631
107900183,27,141,-114
107900184,38,213,-175
107900185,125,10,115
107900186,21,47,-26
107900187,1,65,-64
107900188,452,145,307
107900189,23,86,-63
107900190,60,125,-65
107900191,47,96,-49
107900193,5,54,-49
107900194,181,9,172
107900195,1641,291,1350
107900196,79,86,-7
107900197,630,422,208
107900199,2,834,-832
107900201,54,108,-54
107900203,43,56,-13
107900204,177,125,52
107900206,640,250,390
107900207,1,420,-419
107900208,5,392,-387
107900209,308,114,194
107900210,72,95,-23
107900213,312,292,20
107900214,3,76,-73
107900215,116,260,-144
107900216,150,47,103
107900217,30,96,-66
107900218,12,909,-897
107900219,31,78,-47
107900220,159,232,-73
107900221,101,165,-64
107900223,65,398,-333
107900224,86,255,-169
107900225,10,388,-378
107900226,91,77,14
107900227,77,307,-230
107900228,13,87,-74
107900229,1,141,-140
107900230,5,63,-58
107900231,12,139,-127
107900232,77,98,-21
107900233,4,84,-80
107900234,57,61,-4
107900235,30,73,-43
107900236,95,46,49
107900237,38,289,-251
107900238,20,66,-46
107900239,587,384,203
107900240,26,101,-75
107900241,15,55,-40
107900242,36,148,-112
107900243,4,48,-44
107900244,319,2,317
107900245,584,40,544
107900246,220,15,205
107900248,413,240,173
107900249,655,46,609
107900250,2,388,-386
107900251,70,1011,-941
107900252,809,20,789
107900253,155,7,148
107900254,62,196,-134
107900255,239,105,134
107900256,863,541,322
107900257,129,87,42
107900258,114,156,-42
107900259,88,1659,-1571
107900261,1,233,-232
107900262,48,88,-40
107900264,284,8,276
107900265,113,102,11
107900267,226,16,210
107900268,26,3,23
107900269,1,5,-4
107900270,2,0,2
107900271,1,22,-21
107900272,94,24,70
107900273,62,41,21
107900274,115,0,115
107900275,32,0,32
107900276,2,80,-78
107900277,2,156,-154
107900278,276,277,-1
107900279,75,156,-81
107900280,1303,1495,-192
107900281,1008,2126,-1118
107900282,35,390,-355
107900283,643,432,211
107900284,368,384,-16
107900285,104,60,44
107900286,124,97,27
107900287,195,148,47
107900290,0,93,-93
107900291,386,18,368
107900292,86,127,-41
107900293,58,267,-209
107900295,69,49,20
107900297,1,170,-169
107900298,596,555,41
107900299,2106,1873,233
107900301,435,577,-142
107900302,65,25,40
107900303,159,192,-33
107900304,249,249,0
107900305,226,15,211
107900306,6,35,-29
107900307,42,180,-138
107900308,159,98,61
107900309,86,1,85
107900310,238,0,238
107900311,0,191,-191
107900312,58,2,56
107900313,0,97,-97
107900314,1,39,-38
107900315,0,48,-48
107900316,25,3,22
107900317,80,10,70
107900318,8,92,-84
107900319,6,119,-113
107900320,0,108,-108
107900321,143,2,141
107900322,0,89,-89
107900323,3,84,-81
107900324,93,1,92
107900325,76,0,76
107900326,264,197,67
107900327,1,60,-59
107900328,105,2,103
107900329,55,75,-20
107900330,6,231,-225
107900331,215,16,199
107900332,250,39,211
107900333,35,9,26
107900334,14,122,-108
107900335,53,35,18
107900336,35,53,-18
107900337,801,745,56
107900338,3,85,-82
107900339,2,18,-16
107900340,1,34,-33
107900341,43,1,42
107900342,143,139,4
107900343,39,5,34
107900344,8,58,-50
107900345,74,25,49
107900346,19,2,17
107900347,41,17,24
107900348,5,0,5
107900349,16,5,11
107900350,28,190,-162
107900351,3,105,-102
107900352,2,18,-16
107900353,10,15,-5
107900354,5,37,-32
108000001,2735,3024,-289
108000002,1763,1991,-228
108000003,2942,3046,-104
108000004,10052,11512,-1460
108000005,6703,5981,722
108000006,6889,5894,995
108000007,4140,3775,365
108000008,3684,4695,-1011
108000009,3236,3791,-555
108000010,2459,3411,-952
108000011,9851,10094,-243
108000012,12722,11827,895
108000014,803,611,192
108000015,864,288,576
108000016,246,644,-398
108000017,830,341,489
108000018,1588,582,1006
108000019,1457,737,720
108000020,1213,480,733
108000021,281,1432,-1151
108000022,434,1009,-575
108000023,1095,225,870
108000024,279,473,-194
108000025,292,253,39
108000026,834,372,462
108000027,734,478,256
108000028,726,226,500
108000029,512,615,-103
108000030,507,187,320
108000031,215,468,-253
108000032,1481,550,931
108000033,675,820,-145
108000034,1374,420,954
108000035,631,1632,-1001
108000036,337,853,-516
108000037,1517,368,1149
108000038,2206,534,1672
108000039,445,1467,-1022
108000040,1584,907,677
108000041,592,1816,-1224
108000042,241,190,51
108000043,249,211,38
108000044,481,142,339
108000045,300,367,-67
108000046,1180,281,899
108000047,353,649,-296
108000048,184,272,-88
108000049,787,280,507
108000050,165,535,-370
108000051,347,136,211
108000052,191,524,-333
108000053,383,228,155
108000054,420,769,-349
108000055,825,553,272
108000056,1150,1209,-59
108000057,629,1108,-479
108000058,1928,3303,-1375
108000059,2641,1723,918
108000060,246,636,-390
108000061,331,445,-114
108000062,767,490,277
108000063,434,393,41
108000064,221,203,18
108000065,501,400,101
108000066,1154,632,522
108000067,1779,648,1131
108000068,616,350,266
108000069,180,711,-531
108000070,1569,753,816
108000071,531,1020,-489
108000072,1464,1054,410
108000073,1140,1330,-190
108000074,561,384,177
108000075,281,661,-380
108000076,703,502,201
108000077,531,557,-26
108000078,1882,1084,798
108000079,771,1157,-386
108000080,997,442,555
108000081,426,1097,-671
108000082,842,1350,-508
108000083,1472,938,534
108000084,335,851,-516
108000085,796,438,358
108000086,759,534,225
108000087,186,1659,-1473
108000088,597,190,407
108000089,254,281,-27
108000091,207,391,-184
108000092,167,65,102
108000093,132,403,-271
108000094,425,85,340
108000095,156,242,-86
108000096,275,147,128
108000097,149,316,-167
108000098,1353,988,365
108000099,872,235,637
108000100,123,365,-242
108000101,918,1119,-201
108000102,1444,2947,-1503
108000106,793,1,792
108000107,1,684,-683
108000108,734,45,689
108000109,10,590,-580
108000110,163,204,-41
108000111,195,455,-260
108000112,78,172,-94
108000113,370,221,149
108000115,266,204,62
108000117,518,320,198
108000118,486,1479,-993
108000119,549,273,276
108000120,155,650,-495
108000121,165,380,-215
108000122,453,294,159
108000123,625,177,448
108000124,354,430,-76
108000125,348,219,129
108000126,194,301,-107
108000127,537,244,293
108000128,613,399,214
108000129,585,733,-148
108000130,589,187,402
108000131,780,577,203
108000132,1529,1083,446
108000133,798,538,260
108000134,441,402,39
108000135,866,437,429
108000136,271,687,-416
108000137,476,234,242
108000138,330,741,-411
108000139,543,219,324
108000140,83,33,50
108000141,38,50,-12
108000142,53,66,-13
108000143,33,336,-303
108000144,376,61,315
108000145,36,15,21
108000146,596,55,541
108000147,52,25,27
108000148,531,80,451
108000149,35,14,21
108000150,35,5,30
108000151,177,63,114
108000152,94,419,-325
108000153,462,106,356
108000154,59,10,49
108000155,41,9,32
108000156,578,344,234
108000157,118,795,-677
108000158,83,791,-708
108000159,491,226,265
108000160,2218,1053,1165
108000161,1969,2049,-80
108000165,5,148,-143
108000172,4,269,-265
108000173,1333,1698,-365
108000175,626,111,515
108000178,381,257,124
108000179,180,794,-614
108000181,57,39,18
108000182,227,104,123
108000183,39,351,-312
108000184,845,1943,-1098
108000185,185,322,-137
108000186,332,279,53
108000187,137,382,-245
108000188,549,195,354
108000189,1628,6665,-5037
108000190,63,123,-60
108000192,152,439,-287
108000193,516,15,501
108000194,57,7,50
108000195,5,743,-738
108000196,254,176,78
108000198,614,281,333
108000199,2,182,-180
108000200,309,324,-15
108000203,119,468,-349
108000204,116,72,44
108000205,240,371,-131
108000339,919,390,529
108000364,270,573,-303
108000365,67,273,-206
108000367,152,207,-55
108000368,19,50,-31
108000369,657,221,436
108000371,15,534,-519
108000372,719,6,713
108000373,210,115,95
108000376,59,34,25
108000377,416,209,207
108000378,7427,8553,-1126
108000379,27,140,-113
108000381,53,12,41
108000382,143,0,143
108000383,1,170,-169
108900001,66,891,-825
108900002,141,76,65
108900003,291,521,-230
108900004,1018,424,594
108900007,254,169,85
108900008,89,114,-25
108900009,104,126,-22
108900010,207,123,84
108900011,498,327,171
108900012,292,370,-78
108900013,132,206,-74
108900014,28,110,-82
108900015,0,102,-102
108900016,2,244,-242
108900017,205,325,-120
108900018,140,288,-148
108900019,26,479,-453
108900020,38,178,-140
108900021,173,173,0
108900022,128,8,120
108900023,3,32,-29
108900024,43,83,-40
108900025,117,117,0
108900026,33,71,-38
108900027,0,63,-63
108900028,124,215,-91
108900029,64,143,-79
108900030,0,51,-51
108900031,127,273,-146
108900032,8,136,-128
108900033,0,71,-71
108900034,1,168,-167
108900035,283,861,-578
108900038,0,246,-246
108900039,2,295,-293
108900040,10,98,-88
108900041,3659,2693,966
108900042,2,330,-328
108900043,82,369,-287
108900044,2,352,-350
108900045,71,319,-248
108900046,47,544,-497
108900047,0,67,-67
108900048,132,652,-520
108900049,2201,1099,1102
108900050,2,153,-151
108900051,0,106,-106
108900052,29,130,-101
108900053,67,161,-94
108900054,48,170,-122
108900055,44,207,-163
108900056,1,116,-115
108900057,0,100,-100
108900058,34,233,-199
108900059,397,46,351
108900060,88,120,-32
108900061,63,25,38
108900062,11,186,-175
108900063,12,176,-164
108900064,180,53,127
108900065,9,171,-162
108900066,357,109,248
108900067,11,114,-103
108900068,7,126,-119
108900069,78,67,11
108900070,22,74,-52
108900071,73,45,28
108900072,1546,539,1007
108900073,32,222,-190
108900074,222,266,-44
108900075,36,45,-9
108900076,262,58,204
108900077,99,352,-253
108900078,23,104,-81
108900079,578,159,419
108900080,24,626,-602
108900081,38,179,-141
108900082,89,103,-14
108900083,30,214,-184
108900085,1559,162,1397
108900086,134,149,-15
108900087,93,134,-41
108900088,724,410,314
108900089,15,118,-103
108900090,56,177,-121
108900091,89,71,18
108900092,456,313,143
108900093,89,74,15
108900094,243,99,144
108900095,36,258,-222
108900096,258,15,243
108900097,259,151,108
108900098,1575,746,829
108900099,375,184,191
108900100,71,114,-43
108900101,193,164,29
108900102,110,863,-753
108900103,91,139,-48
108900105,6,944,-938
108900106,426,243,183
108900108,319,49,270
108900109,353,72,281
108900110,197,279,-82
108900111,422,327,95
108900113,41,57,-16
108900114,58,13,45
108900115,69,79,-10
108900116,63,13,50
108900117,158,11,147
108900118,473,19,454
108900119,216,16,200
108900120,303,143,160
108900121,263,128,135
108900122,123,20,103
108900123,122,112,10
108900124,379,195,184
108900125,363,4,359
108900126,123,32,91
108900127,121,16,105
108900128,125,32,93
108900129,712,132,580
108900130,255,1,254
108900131,333,9,324
108900132,503,57,446
108900133,195,48,147
108900134,338,174,164
108900135,119,6,113
108900136,45,2,43
108900137,148,0,148
108900138,644,43,601
108900140,291,172,119
108900141,305,28,277
108900142,122,1,121
108900143,62,0,62
108900144,116,0,116
108900145,205,17,188
108900146,63,0,63
108900147,195,2,193
108900148,65,31,34
108900150,225,5,220
108900151,135,8,127
108900152,187,13,174
108900153,203,237,-34
108900154,3545,473,3072
108900156,66,8,58
108900157,59,320,-261
108900158,454,30,424
108900159,3,167,-164
108900160,10,190,-180
108900161,11,306,-295
108900162,102,1,101
108900163,9,226,-217
108900164,54,74,-20
108900168,5394,2281,3113
108900169,48,92,-44
108900171,3987,2359,1628
108900172,160,62,98
108900173,130,248,-118
108900174,816,462,354
108900176,100,333,-233
108900177,3576,4121,-545
108900178,2855,2835,20
108900180,102,248,-146
108900183,146,177,-31
108900184,354,209,145
108900185,90,247,-157
108900186,52,261,-209
108900189,367,122,245
108900190,50,1789,-1739
108900192,90,199,-109
108900195,81,181,-100
108900196,47,249,-202
108900199,236,266,-30
108900200,452,272,180
108900201,384,1106,-722
108900203,427,138,289
108900204,279,19,260
108900205,157,20,137
108900206,351,75,276
108900207,216,91,125
108900208,15,243,-228
108900209,209,500,-291
108900210,151,189,-38
108900211,196,464,-268
108900212,577,1357,-780
108900215,82,356,-274
108900216,499,164,335
108900217,133,0,133
108900218,133,13,120
108900221,48,98,-50
108900224,26,162,-136
108900225,1,168,-167
108900227,115,288,-173
108900230,176,191,-15
108900232,3,190,-187
108900233,368,110,258
108900234,306,119,187
108900235,134,406,-272
108900236,19,209,-190
108900240,155,90,65
108900241,28,33,-5
108900245,12,1093,-1081
108900250,215,108,107
108900258,14,146,-132
108900259,45,57,-12
108900260,11,80,-69
108900261,51,84,-33
108900262,130,145,-15
108900263,23,155,-132
108900264,582,246,336
108900265,646,355,291
108900266,628,496,132
108900267,13,92,-79
108900268,16,5,11
108900269,115,15,100
108900270,75,7,68
108900271,42,33,9
108900272,209,6,203
108900273,803,820,-17
108900274,69,53,16
109000001,2109,1205,904
109000002,1008,1362,-354
109000003,2035,353,1682
109000004,427,1520,-1093
109000005,2117,520,1597
109000006,695,1646,-951
109000007,1215,519,696
109000008,358,1338,-980
109000009,3000,1168,1832
109000010,1186,2662,-1476
109000011,2713,1811,902
109000012,1541,2547,-1006
109000013,2916,2427,489
109000014,1445,2320,-875
109000015,3126,5740,-2614
109000016,4677,2715,1962
109000017,2108,1022,1086
109000018,625,2109,-1484
109000019,2240,1258,982
109000020,832,1526,-694
109000023,235,23,212
109000024,8,139,-131
109000025,339,387,-48
109000026,564,250,314
109000027,80,329,-249
109000028,130,71,59
109000029,100,169,-69
109000030,83,480,-397
109000031,196,174,22
109000032,111,380,-269
109000033,294,146,148
109000034,67,37,30
109000035,27,55,-28
109000036,47,294,-247
109000037,249,1002,-753
109000038,449,317,132
109000039,732,645,87
109000040,3341,6880,-3539
109000041,2351,1637,714
109000042,420,1051,-631
109000044,340,68,272
109000045,110,252,-142
109000046,259,78,181
109000047,82,343,-261
109000048,677,167,510
109000049,231,480,-249
109000050,287,225,62
109000051,264,214,50
109000052,469,707,-238
109000053,157,74,83
109000054,200,345,-145
109000055,206,301,-95
109000056,262,369,-107
109000057,546,414,132
109000058,769,249,520
109000059,770,1310,-540
109000060,287,279,8
109000061,738,847,-109
109000062,104,320,-216
109000063,164,136,28
109000064,264,167,97
109000065,99,183,-84
109000066,334,70,264
109000067,53,201,-148
109000068,1855,11,1844
109000069,859,22,837
109000070,6,1239,-1233
109000071,370,61,309
109000072,109,270,-161
109000073,62,93,-31
109000074,54,139,-85
109000075,90,276,-186
109000076,87,254,-167
109000077,353,233,120
109000078,87,117,-30
109000079,165,153,12
109000080,215,83,132
109000081,154,412,-258
109000082,603,177,426
109000083,288,506,-218
109000088,112,344,-232
109000089,280,59,221
109000090,111,326,-215
109000091,316,167,149
109000092,291,429,-138
109000093,162,186,-24
109000094,526,0,526
109000095,83,315,-232
109000096,624,282,342
109000097,115,141,-26
109000098,51,161,-110
109000099,945,230,715
109000100,232,509,-277
109000101,1292,514,778
109000102,238,592,-354
109000103,309,493,-184
109000104,1504,381,1123
109000105,340,830,-490
109000106,1559,618,941
109000107,510,1396,-886
109000108,1396,492,904
109000109,345,1254,-909
109000110,977,492,485
109000111,775,1412,-637
109000112,443,106,337
109000113,365,112,253
109000114,139,404,-265
109000115,995,96,899
109000116,23,231,-208
109000117,208,72,136
109000118,34,249,-215
109000119,1127,204,923
109000120,157,556,-399
109000121,450,42,408
109000122,98,533,-435
109000123,48,53,-5
109000124,566,319,247
109000125,657,335,322
109000126,382,577,-195
109000127,694,195,499
109000128,440,1021,-581
109000129,1716,724,992
109000130,519,1262,-743
109000131,763,634,129
109000132,703,1436,-733
109000133,303,738,-435
109000134,596,1118,-522
109000135,819,1344,-525
109000136,305,275,30
109000137,318,265,53
109000138,450,226,224
109000139,430,368,62
109000140,146,302,-156
109000141,431,366,65
109000142,103,484,-381
109000143,101,84,17
109000145,118,312,-194
109000146,114,117,-3
109000148,2238,1129,1109
109000149,33,72,-39
109000150,109,241,-132
109000155,835,530,305
109000156,740,543,197
109000158,89,189,-100
109000159,74,365,-291
109000160,793,193,600
109000161,279,675,-396
109000162,1496,562,934
109000163,817,1225,-408
109000164,1218,2220,-1002
109000165,1088,475,613
109000166,737,118,619
109000167,155,440,-285
109000170,57,58,-1
109000171,74,72,2
109000172,43,61,-18
109000173,40,58,-18
109000174,107,60,47
109000175,38,68,-30
109000176,232,226,6
109000177,25,87,-62
109000178,620,298,322
109000179,3377,4070,-693
109000180,3390,2862,528
109000181,20,24,-4
109000182,33,26,7
109000183,68,35,33
109000184,35,17,18
109000185,20,43,-23
109000188,387,1325,-938
109000189,1746,762,984
109000190,551,393,158
109000191,320,373,-53
109000192,417,125,292
109000193,154,253,-99
109000194,296,81,215
109000195,123,256,-133
109000196,308,115,193
109000197,155,333,-178
109000198,303,52,251
109000199,110,396,-286
109000206,184,44,140
109000207,110,36,74
109000208,67,81,-14
109000209,155,137,18
109000210,208,495,-287
109000211,482,378,104
109000214,398,320,78
109000215,137,62,75
109000216,222,232,-10
109000217,167,90,77
109000218,371,153,218
109000221,435,921,-486
109000222,863,303,560
109000223,360,266,94
109000224,33,145,-112
109000225,74,33,41
109000226,60,204,-144
109000227,832,793,39
109000228,2,911,-909
109000231,3,192,-189
109000232,383,272,111
109000236,246,538,-292
109000241,1840,1837,3
109000242,1729,1117,612
109000293,29,88,-59
109000361,168,217,-49
109000364,174,362,-188
109000396,1,431,-430
109000397,489,10,479
109000399,145,351,-206
109000400,77,203,-126
109000403,93,758,-665
109000406,445,100,345
109000407,247,167,80
109000408,1,381,-380
109000410,952,234,718
109000411,212,33,179
109900001,110,1,109
109900002,684,23,661
109900003,282,1,281
109900004,593,104,489
109900005,41,9,32
109900006,308,127,181
109900007,814,439,375
109900008,0,39,-39
109900009,101,336,-235
109900010,436,14,422
109900011,87,42,45
109900012,243,188,55
109900013,358,141,217
109900014,411,41,370
109900015,431,239,192
109900016,157,25,132
109900017,177,247,-70
109900018,187,72,115
109900019,286,65,221
109900020,53,57,-4
109900021,43,16,27
109900022,128,157,-29
109900023,28,5,23
109900024,35,9,26
109900025,21,67,-46
109900026,5,105,-100
109900027,40,53,-13
109900028,1039,841,198
109900029,3,174,-171
109900030,64,5,59
109900031,2,113,-111
109900032,9,217,-208
109900033,0,356,-356
109900034,36,2,34
109900035,5,20,-15
109900036,18,38,-20
109900037,32,372,-340
109900038,108,200,-92
109900039,33,0,33
109900040,32,411,-379
109900041,63,270,-207
109900042,24,327,-303
109900044,125,219,-94
109900045,207,117,90
109900046,117,96,21
109900047,253,287,-34
109900048,3,87,-84
109900049,22,32,-10
109900050,0,104,-104
109900051,0,42,-42
109900052,73,211,-138
109900053,4,202,-198
109900054,497,162,335
109900055,48,192,-144
109900056,38,220,-182
109900057,3,115,-112
109900058,0,65,-65
109900059,565,104,461
109900060,381,105,276
109900061,60,206,-146
109900062,0,135,-135
109900063,6,377,-371
109900064,503,184,319
109900065,79,99,-20
109900066,293,632,-339
109900067,0,196,-196
109900068,35,4,31
109900069,3,28,-25
109900070,31,241,-210
109900071,5,32,-27
109900072,15,129,-114
109900073,351,335,16
109900074,10,41,-31
109900075,29,17,12
109900076,36,274,-238
109900077,37,45,-8
109900078,67,141,-74
109900080,115,206,-91
109900081,21,190,-169
109900082,37,206,-169
109900083,40,60,-20
109900084,73,112,-39
109900085,214,485,-271
109900086,179,324,-145
109900087,333,386,-53
109900089,674,181,493
109900090,436,721,-285
109900091,292,46,246
109900092,346,21,325
109900093,835,157,678
109900094,92,78,14
109900095,137,166,-29
109900096,31,16,15
109900097,78,1,77
109900098,328,30,298
109900099,180,0,180
109900100,34,1,33
109900101,367,7,360
109900102,392,15,377
109900103,32,28,4
109900104,540,479,61
109900105,484,30,454
109900106,285,78,207
109900107,462,72,390
109900108,93,215,-122
109900109,39,115,-76
109900110,56,270,-214
109900111,233,583,-350
109900112,255,380,-125
109900113,727,550,177
109900114,943,898,45
109900115,205,62,143
109900117,727,129,598
109900118,210,354,-144
109900119,455,241,214
109900120,75,22,53
109900121,322,493,-171
109900122,363,3,360
109900123,30,105,-75
109900124,37,302,-265
109900125,1,113,-112
109900126,226,70,156
109900128,265,36,229
109900130,4339,1917,2422
109900131,54,120,-66
109900132,27,131,-104
109900133,120,226,-106
109900134,70,57,13
109900135,296,75,221
109900136,66,117,-51
109900137,106,183,-77
109900140,235,137,98
109900142,1019,248,771
109900145,6,435,-429
109900146,414,36,378
109900148,41,76,-35
109900149,23,52,-29
109900150,17,86,-69
109900151,7,39,-32
109900152,0,22,-22
109900153,0,44,-44
109900154,38,0,38
109900155,81,30,51
109900157,45,176,-131
109900158,46,98,-52
109900159,126,30,96
109900160,170,34,136
109900161,190,60,130
109900162,163,100,63
109900163,526,226,300
109900164,55,173,-118
109900165,301,4,297
109900166,1,146,-145
109900167,158,365,-207
109900168,182,441,-259
109900169,230,139,91
109900170,213,634,-421
109900171,146,77,69
109900172,186,215,-29
109900173,2031,2142,-111
109900174,50,114,-64
109900175,73,54,19
109900176,103,131,-28
109900177,49,158,-109
109900178,30,87,-57
109900179,34,16,18
109900180,9,15,-6
110000001,815,492,323
110000002,587,678,-91
110000003,669,606,63
110000004,424,583,-159
110000005,398,1260,-862
110000006,309,277,32
110000007,103,86,17
110000008,17,32,-15
110000009,47,22,25
110000010,53,62,-9
110000011,39,66,-27
110000012,496,292,204
110000013,38,430,-392
110000014,508,346,162
110000015,224,603,-379
110000016,232,1120,-888
110000017,1804,234,1570
110000018,1639,306,1333
110000019,14,88,-74
110000020,432,223,209
110000021,394,367,27
110000022,559,172,387
110000023,10,136,-126
110000024,520,308,212
110000025,350,10,340
110000026,31,268,-237
110000027,922,876,46
110000028,798,623,175
110000029,478,682,-204
110000030,277,344,-67
110000031,289,396,-107
110000032,658,371,287
110000033,242,86,156
110000034,356,585,-229
110000035,633,434,199
110000036,659,573,86
110000037,198,291,-93
110000038,222,450,-228
110000039,530,1887,-1357
110000040,228,258,-30
110000041,309,1082,-773
110000042,79,231,-152
110000043,614,203,411
110000044,59,240,-181
110000045,421,81,340
110000046,3,21,-18
110000047,47,59,-12
110000048,6,26,-20
110000049,29,5,24
110000050,0,21,-21
110000051,18,13,5
110000052,31,22,9
110000053,33,3,30
110000054,104,223,-119
110000055,338,54,284
110000056,144,81,63
110000057,306,479,-173
110000058,830,386,444
110000059,878,443,435
110000060,720,751,-31
110000061,682,655,27
110000062,547,690,-143
110000063,27,88,-61
110000064,80,48,32
110000065,65,44,21
110000066,79,40,39
110000067,75,146,-71
110000068,340,160,180
110000069,223,97,126
110000071,168,94,74
110000073,21,14,7
110000075,14,67,-53
110000076,214,267,-53
110000077,331,877,-546
110000078,40,29,11
110000080,274,502,-228
110000081,39,223,-184
110000082,42,261,-219
110000083,228,559,-331
110000084,1196,701,495
110000085,1650,1474,176
110000086,1570,1743,-173
110000087,6,53,-47
110000088,75,197,-122
110000089,296,83,213
110000090,267,170,97
110000091,803,208,595
110000092,15,54,-39
110000093,108,8,100
110000094,470,224,246
110000095,175,479,-304
110000096,1545,1661,-116
110000097,938,1129,-191
110000098,1685,587,1098
110000099,711,1357,-646
110000100,888,429,459
110000101,29,277,-248
110000102,84,37,47
110000104,327,131,196
110000105,44,256,-212
110000106,573,363,210
110000107,284,382,-98
110000108,119,69,50
110000109,223,257,-34
110000110,2387,3897,-1510
110000111,4507,2294,2213
110000112,1064,1200,-136
110000113,284,1793,-1509
110000114,190,487,-297
110000115,327,274,53
110000116,55,51,4
110000117,195,222,-27
110000118,364,164,200
110000119,209,247,-38
110000120,279,202,77
110000121,86,311,-225
110000122,301,471,-170
110000123,489,691,-202
110000124,1,663,-662
110000125,920,26,894
110000126,313,67,246
110000127,1204,46,1158
110000128,35,866,-831
110000129,6,485,-479
110000130,379,205,174
110000131,82,375,-293
110000132,1,394,-393
110000133,23,477,-454
110000134,13,322,-309
110000135,163,18,145
110000136,58,217,-159
110000137,402,460,-58
110000138,720,504,216
110000139,770,793,-23
110000140,840,632,208
110000143,517,346,171
110000144,4310,1755,2555
110000145,1706,1178,528
110000146,1195,635,560
110000147,382,486,-104
110000148,429,201,228
110000151,795,923,-128
110000152,632,312,320
110000153,103,28,75
110000154,8,26,-18
110000155,1163,3533,-2370
110000156,1030,2193,-1163
110000157,1529,1991,-462
110000160,387,274,113
110000161,169,230,-61
110000166,453,85,368
110000167,713,489,224
110000168,741,471,270
110000169,761,326,435
110000170,121,80,41
110000171,595,133,462
110000172,130,578,-448
110000173,830,830,0
110000174,154,658,-504
110000175,518,76,442
110000176,226,224,2
110000177,218,697,-479
110000178,383,1062,-679
110000179,753,283,470
110000180,155,185,-30
110000181,349,358,-9
110000182,272,106,166
110000183,5913,5073,840
110000184,308,1773,-1465
110000185,726,495,231
110000186,615,575,40
110000191,898,239,659
110000192,626,9,617
110000193,899,11,888
110000194,9,704,-695
110000195,410,220,190
110000196,348,220,128
110000197,123,110,13
110000198,83,40,43
110000199,75,71,4
110000200,848,382,466
110000201,587,787,-200
110000202,1063,514,549
110000203,594,511,83
110000204,0,162,-162
110000205,146,44,102
110000206,604,880,-276
110000207,831,313,518
110000208,168,195,-27
110000209,151,587,-436
110000210,924,388,536
110000211,683,527,156
110000212,429,848,-419
110000213,163,80,83
110000214,231,109,122
110000215,207,300,-93
110000216,93,250,-157
110000217,220,150,70
110000218,173,218,-45
110000219,292,82,210
110000220,68,196,-128
110000221,277,93,184
110000222,90,173,-83
110000223,4,192,-188
110000224,91,12,79
110000225,300,505,-205
110000226,203,59,144
110000227,685,611,74
110000228,239,164,75
110000229,0,198,-198
110000230,488,468,20
110000231,173,161,12
110000232,235,193,42
110000233,189,208,-19
110000234,499,459,40
110000235,798,842,-44
110000236,507,421,86
110000237,1642,879,763
110000238,957,1262,-305
110000239,1613,966,647
110000240,1,72,-71
110000242,0,7,-7
110000243,85,78,7
110000244,94,225,-131
110000245,45,293,-248
110000246,564,411,153
110000247,888,3904,-3016
110000248,1478,1289,189
110000249,91,8,83
110000250,39,120,-81
110000251,265,396,-131
110000252,202,178,24
110000253,1069,592,477
110000254,638,943,-305
110000255,238,788,-550
110000256,417,248,169
110000257,656,375,281
110000258,11,243,-232
110000259,119,13,106
110000260,24,191,-167
110000263,358,69,289
110000264,226,341,-115
110000265,938,1565,-627
110000266,1445,2166,-721
110000267,21,128,-107
110000268,253,367,-114
110000269,4,45,-41
110000270,57,5,52
110000271,899,205,694
110000272,979,819,160
110000273,2461,1188,1273
110000274,159,1130,-971
110000275,1386,389,997
110000276,230,256,-26
110000277,276,301,-25
110000278,250,595,-345
110000279,641,642,-1
110000280,370,310,60
110000281,66,292,-226
110000282,259,28,231
110000283,55,123,-68
110000284,35,48,-13
110000285,2,450,-448
110000286,13,0,13
110000287,52,4,48
110000288,2,64,-62
110000289,426,1576,-1150
110000290,773,435,338
110000291,3498,1093,2405
110000292,1183,3359,-2176
110000293,621,591,30
110000294,880,938,-58
110000295,97,621,-524
110000296,372,261,111
110000297,1920,325,1595
110000298,213,542,-329
110000299,252,104,148
110000301,266,28,238
110000302,335,673,-338
110000303,326,4,322
110000304,156,161,-5
110000305,959,25,934
110000306,117,920,-803
110000307,1326,7,1319
110000308,462,75,387
110000309,6,453,-447
110000310,630,46,584
110000311,10,439,-429
110000312,410,73,337
110000313,1894,2954,-1060
110000314,2,218,-216
110000315,2325,2092,233
110000316,506,1175,-669
110000317,397,450,-53
110000318,6,69,-63
110000319,41,15,26
110000320,55,32,23
110000321,18,40,-22
110000322,305,241,64
110000323,367,141,226
110000324,2581,1393,1188
110000325,1927,2328,-401
110000327,402,231,171
110000328,172,324,-152
110000333,818,544,274
110000334,705,1081,-376
110000335,592,400,192
110000336,589,798,-209
110000337,1064,520,544
110000338,442,176,266
110000339,322,197,125
110000340,173,157,16
110000341,432,349,83
110000342,320,7,313
110000343,0,14,-14
110000344,536,169,367
110000345,623,102,521
110000346,1795,1564,231
110000347,1005,663,342
110000348,26,18,8
110000349,11,21,-10
110000350,64,6,58
110000351,817,691,126
110000352,654,1080,-426
110000353,1694,598,1096
110000354,1042,2155,-1113
110000355,64,54,10
110000356,507,14,493
110000357,260,19,241
110000361,9,51,-42
110000362,71,16,55
110000363,350,114,236
110000364,178,246,-68
110000365,138,1,137
110000366,0,89,-89
110000367,299,140,159
110000368,3,52,-49
110000369,63,1,62
110000373,5,212,-207
110000374,110,16,94
110000375,99,809,-710
110000376,30,81,-51
110000377,85,336,-251
110000378,23,262,-239
110000379,1943,1390,553
110000380,56,12,44
110000383,1,1172,-1171
110000384,2007,1320,687
110000385,0,129,-129
110000387,34,8,26
110000388,29,182,-153
110000389,825,34,791
110000391,579,177,402
110000396,183,117,66
110000397,165,123,42
110000398,6,36,-30
110000399,112,2,110
110000587,122,38,84
110000589,210,140,70
110000640,193,59,134
110000652,13,79,-66
110000653,241,386,-145
110000654,36,213,-177
110000656,0,448,-448
110000674,25,6,19
110000675,12,5,7
110000676,16,23,-7
110000679,414,1098,-684
110000682,121,186,-65
110000683,238,437,-199
110000684,3,21,-18
110000685,5,9,-4
110000686,2,19,-17
110000687,23,2,21
110000688,78,770,-692
110000689,35,34,1
110000692,35,117,-82
110000693,47,235,-188
110000694,0,165,-165
110000695,174,537,-363
110000696,73,54,19
110900001,248,14,234
110900002,338,170,168
110900003,676,384,292
110900004,457,157,300
110900005,1734,1831,-97
110900006,57,11,46
110900007,125,18,107
110900008,6,53,-47
110900009,404,118,286
110900010,21,70,-49
110900011,37,81,-44
110900012,16,68,-52
110900013,797,139,658
110900014,314,12,302
110900015,464,564,-100
110900016,55,115,-60
110900017,358,35,323
110900018,391,77,314
110900019,198,11,187
110900020,108,219,-111
110900021,86,373,-287
110900022,101,204,-103
110900023,94,426,-332
110900024,16,244,-228
110900025,3,54,-51
110900027,41,162,-121
110900028,57,144,-87
110900029,25,244,-219
110900030,46,156,-110
110900031,3,125,-122
110900032,0,57,-57
110900033,41,155,-114
110900035,15,394,-379
110900036,68,26,42
110900037,54,33,21
110900038,660,214,446
110900039,10,233,-223
110900040,196,35,161
110900041,23,93,-70
110900042,133,42,91
110900043,4,96,-92
110900044,193,12,181
110900045,57,277,-220
110900046,20,210,-190
110900047,316,266,50
110900049,84,61,23
110900050,30,5,25
110900051,45,166,-121
110900052,2,95,-93
110900053,123,27,96
110900054,39,178,-139
110900055,32,0,32
110900056,69,152,-83
110900057,5,110,-105
110900058,208,127,81
110900059,583,404,179
110900060,486,126,360
110900061,28,40,-12
110900062,181,133,48
110900063,39,170,-131
110900064,8,0,8
110900065,280,139,141
110900066,9,66,-57
110900067,200,457,-257
110900068,219,161,58
110900069,6,25,-19
110900070,120,69,51
110900071,260,434,-174
110900073,1,28,-27
110900074,271,96,175
110900075,311,56,255
110900077,728,537,191
110900078,51,44,7
110900079,2093,1340,753
110900080,94,70,24
110900081,3,32,-29
110900082,112,108,4
110900083,104,68,36
110900084,63,68,-5
110900085,52,205,-153
110900086,62,308,-246
110900087,335,84,251
110900088,10,0,10
110900090,34,46,-12
110900091,2,30,-28
110900093,183,87,96
110900095,42,32,10
110900097,14,14,0
110900098,36,87,-51
110900099,41,304,-263
110900100,0,16,-16
110900102,47,13,34
110900105,583,194,389
110900108,11,40,-29
110900111,362,188,174
110900112,763,9,754
110900113,379,44,335
110900115,6,72,-66
110900116,563,1201,-638
110900118,127,2474,-2347
110900119,2557,288,2269
110900120,11,55,-44
110900121,172,3,169
110900122,388,162,226
110900125,371,407,-36
110900127,579,1217,-638
110900128,327,467,-140
110900129,321,851,-530
110900130,959,629,330
110900131,224,38,186
110900132,265,44,221
110900133,118,141,-23
110900135,65,231,-166
110900136,294,25,269
110900138,0,0,0
110900139,11,0,11
110900140,2,0,2
110900141,449,228,221
110900142,71,116,-45
110900143,138,111,27
110900144,3,466,-463
110900145,166,36,130
110900146,329,130,199
110900147,89,274,-185
110900148,3,264,-261
110900149,2,54,-52
110900150,30,22,8
110900151,1,54,-53
110900152,50,194,-144
110900153,145,42,103
111000001,452,485,-33
111000002,664,391,273
111000003,1102,605,497
111000004,421,764,-343
111000005,1208,998,210
111000006,680,1293,-613
111000007,3115,2245,870
111000008,1593,2292,-699
111000009,291,516,-225
111000010,638,206,432
111000011,295,893,-598
111000012,724,299,425
111000013,368,1157,-789
111000014,1039,461,578
111000017,82,764,-682
111000018,286,326,-40
111000020,643,1859,-1216
111000021,67,99,-32
111000023,102,66,36
111000025,3075,3625,-550
111000029,88,107,-19
111000030,28,100,-72
111000031,1643,1097,546
111000032,411,292,119
111000033,235,283,-48
111000034,124,174,-50
111000037,1179,735,444
111000038,2288,1348,940
111000039,1637,1523,114
111000040,1626,1834,-208
111000041,1644,1405,239
111000042,2409,1882,527
111000043,1411,2813,-1402
111000044,1616,1209,407
111000045,1114,1165,-51
111000046,1235,1578,-343
111000047,2001,3225,-1224
111000049,388,389,-1
111000050,851,783,68
111000051,447,845,-398
111000052,570,1283,-713
111000053,295,711,-416
111000054,365,652,-287
111000055,788,1167,-379
111000056,110,367,-257
111000057,75,392,-317
111000058,444,69,375
111000059,483,255,228
111000060,3196,891,2305
111000061,482,326,156
111000062,723,322,401
111000063,1459,861,598
111000064,699,472,227
111000065,873,815,58
111000066,382,351,31
111000067,374,585,-211
111000068,631,909,-278
111000069,1261,1304,-43
111000070,1008,843,165
111000071,207,436,-229
111000072,1131,457,674
111000073,324,877,-553
111000074,1323,1446,-123
111000075,1005,538,467
111000076,401,502,-101
111000077,1125,1008,117
111000078,2182,1281,901
111000079,1173,651,522
111000080,452,548,-96
111000081,1386,2976,-1590
111000082,520,604,-84
111000084,572,381,191
111000085,799,1023,-224
111000086,2087,867,1220
111000087,671,516,155
111000088,3811,1938,1873
111000089,673,643,30
111000090,713,1267,-554
111000091,662,429,233
111000092,1161,739,422
111000093,576,1021,-445
111000094,1416,950,466
111000095,643,1823,-1180
111000096,1633,5940,-4307
111000097,3680,1548,2132
111000098,662,972,-310
111000099,495,1453,-958
111000100,356,1089,-733
111000101,400,570,-170
111000102,299,405,-106
111000104,503,181,322
111000107,110,497,-387
111000109,441,252,189
111000110,1151,570,581
111000111,2021,419,1602
111000112,1606,470,1136
111000113,850,1318,-468
111000114,1895,2982,-1087
111000115,4512,1109,3403
111000116,921,836,85
111000117,370,815,-445
111000118,1135,645,490
111000119,998,850,148
111000120,457,523,-66
111000121,328,576,-248
111000122,546,946,-400
111000123,880,1864,-984
111000124,386,1858,-1472
111000125,191,1013,-822
111000126,95,681,-586
111000127,902,136,766
111000128,1707,304,1403
111000129,2197,452,1745
111000130,1809,555,1254
111000131,1451,500,951
111000132,1257,668,589
111000133,195,104,91
111000134,172,125,47
111000135,63,155,-92
111000136,366,275,91
111000138,9,1,8
111000140,4,12,-8
111000141,103,283,-180
111000142,19,71,-52
111000143,6,148,-142
111000144,24,381,-357
111000145,811,10,801
111000146,118,5,113
111000147,226,17,209
111000148,114,53,61
111000149,4,9,-5
111000150,29,4,25
111000151,1,13,-12
111000153,525,739,-214
111000154,758,226,532
111000155,82,126,-44
111000156,364,519,-155
111000157,216,823,-607
111000158,626,610,16
111000159,1785,661,1124
111000160,372,312,60
111000161,13,226,-213
111000162,100,124,-24
111000163,652,642,10
111000164,556,2220,-1664
111000165,853,376,477
111000166,1421,276,1145
111000167,142,341,-199
111000168,232,402,-170
111000169,279,615,-336
111000170,447,388,59
111000171,466,483,-17
111000172,157,369,-212
111000173,319,631,-312
111000174,201,235,-34
111000175,57,208,-151
111000176,265,113,152
111000177,307,206,101
111000178,1040,239,801
111000179,231,156,75
111000180,233,375,-142
111000181,959,227,732
111000182,203,160,43
111000183,324,244,80
111000184,342,195,147
111000185,334,369,-35
111000186,320,228,92
111000187,111,142,-31
111000188,213,356,-143
111000189,970,530,440
111000190,184,299,-115
111000191,157,270,-113
111000192,218,410,-192
111000193,266,290,-24
111000194,73,292,-219
111000195,170,240,-70
111000196,76,155,-79
111000197,382,110,272
111000198,535,111,424
111000199,225,134,91
111000200,346,295,51
111000201,607,217,390
111000202,270,191,79
111000203,370,248,122
111000204,436,1096,-660
111000213,208,412,-204
111000214,1352,1189,163
111000215,1116,1029,87
111000217,1312,898,414
111000218,864,935,-71
111000219,707,500,207
111000220,1152,470,682
111000221,645,93,552
111000224,42,290,-248
111000225,421,254,167
111000226,82,7,75
111000227,40,5,35
111000228,24,309,-285
111000229,57,617,-560
111000230,228,237,-9
111000231,989,580,409
111000232,473,807,-334
111000233,735,522,213
111000234,112,283,-171
111000239,112,122,-10
111000240,27,202,-175
111000241,36,263,-227
111000242,179,41,138
111000243,132,398,-266
111000244,452,68,384
111000245,1003,306,697
111000246,578,323,255
111000247,280,586,-306
111000248,601,368,233
111000249,412,565,-153
111000250,38,68,-30
111000251,36,94,-58
111000253,5,11,-6
111000255,42,6,36
111000257,53,16,37
111000260,71,784,-713
111000261,1081,97,984
111000271,55,259,-204
111000273,2197,1148,1049
111000274,1039,1657,-618
111000275,126,58,68
111000276,193,1397,-1204
111000277,225,284,-59
111000278,574,220,354
111000291,766,4339,-3573
111000298,506,165,341
111000299,519,110,409
111000300,105,453,-348
111000302,289,69,220
111000303,72,181,-109
111000312,42,64,-22
111000315,13,102,-89
111000320,174,417,-243
111000321,385,119,266
111000322,349,446,-97
111000323,245,65,180
111000324,367,211,156
111000325,54,64,-10
111000326,312,304,8
111000327,370,313,57
111000328,409,632,-223
111000329,2,23,-21
111000330,59,5,54
111000331,33,3,30
111000332,1150,1922,-772
111000334,269,953,-684
111000335,1284,221,1063
111000337,1068,309,759
111000338,66,96,-30
111000339,493,185,308
111000340,371,443,-72
111000341,1101,532,569
111000342,204,864,-660
111000344,956,706,250
111000345,171,85,86
111000346,19,108,-89
111000347,138,5,133
111000350,167,90,77
111000351,126,326,-200
111000352,120,95,25
111000353,110,199,-89
111000354,502,160,342
111000355,324,451,-127
111000358,121,759,-638
111000360,172,426,-254
111000361,112,183,-71
111000546,682,457,225
111000547,432,402,30
111000548,114,318,-204
111000549,280,313,-33
111000550,89,821,-732
111000551,624,267,357
111000552,1431,203,1228
111000907,391,16,375
111000908,23,1,22
111000916,1476,214,1262
111000917,28,356,-328
111000918,196,519,-323
111000920,508,2,506
111000921,6,111,-105
111000922,523,231,292
111000924,22,477,-455
111000925,2546,1577,969
111000926,1093,1820,-727
111000927,2529,3214,-685
111000928,3150,2576,574
111000929,1022,931,91
111000930,650,1675,-1025
111000931,1603,2063,-460
111000932,3152,1767,1385
111000933,2825,2036,789
111000934,1586,2579,-993
111000935,1309,835,474
111000936,1129,1657,-528
111000937,882,1116,-234
111000938,1231,1278,-47
111000939,500,45,455
111000940,355,115,240
111000941,395,335,60
111000943,415,205,210
111000944,163,289,-126
111000945,73,1065,-992
111001109,443,371,72
111001110,160,405,-245
111001111,86,5,81
111001112,101,0,101
111001113,7,179,-172
111001114,825,112,713
111001115,100,405,-305
111001116,4020,3018,1002
111001117,548,2134,-1586
111001120,107,208,-101
111001121,146,272,-126
111001122,171,452,-281
111001123,265,67,198
111001124,72,142,-70
111001125,8,109,-101
111001126,1,0,1
111001127,2,26,-24
111001128,800,749,51
111900001,7,167,-160
111900002,1,462,-461
111900003,5,222,-217
111900004,45,80,-35
111900006,11,36,-25
111900007,79,3,76
111900008,144,2,142
111900009,127,2,125
111900010,295,368,-73
111900012,37,82,-45
111900013,23,59,-36
111900014,3965,3538,427
111900015,0,72,-72
111900016,0,67,-67
111900017,0,80,-80
111900018,206,3,203
111900019,4,78,-74
111900020,1,39,-38
111900021,25,73,-48
111900022,15,37,-22
111900023,73,60,13
111900024,25,51,-26
111900025,1,22,-21
111900026,2,65,-63
111900027,5,90,-85
111900028,2,244,-242
111900029,1,65,-64
111900030,31,300,-269
111900031,0,19,-19
111900032,1,211,-210
111900033,5,78,-73
111900034,253,411,-158
111900035,51,157,-106
111900036,2,194,-192
111900038,226,480,-254
111900039,42,291,-249
111900040,3,357,-354
111900042,25,115,-90
111900043,3,276,-273
111900044,281,161,120
111900046,35,123,-88
111900048,229,455,-226
111900049,26,177,-151
111900050,82,47,35
111900051,1,165,-164
111900052,295,389,-94
111900053,805,1261,-456
111900054,133,11,122
111900055,8,301,-293
111900056,139,275,-136
111900057,93,49,44
111900058,368,367,1
111900059,1258,550,708
111900060,299,6,293
111900061,1,141,-140
111900062,14,51,-37
111900063,397,199,198
111900064,76,151,-75
111900065,84,22,62
111900066,108,115,-7
111900067,0,237,-237
111900068,68,61,7
111900069,73,24,49
111900070,186,96,90
111900071,1,153,-152
111900072,56,30,26
111900073,714,158,556
111900074,12,128,-116
111900075,90,11,79
111900076,132,50,82
111900077,25,0,25
111900078,289,24,265
111900079,40,37,3
111900080,203,310,-107
111900082,111,40,71
111900083,116,23,93
111900084,104,7,97
111900085,23,121,-98
111900086,59,6,53
111900087,49,2,47
111900088,458,23,435
111900089,154,7,147
111900090,36,38,-2
111900091,251,0,251
111900092,97,0,97
111900093,400,7,393
111900094,144,5,139
111900095,192,26,166
111900096,207,19,188
111900097,58,1,57
111900098,250,0,250
111900099,96,0,96
111900100,134,5,129
111900101,100,37,63
111900102,459,367,92
111900103,74,77,-3
111900104,175,43,132
111900105,262,211,51
111900106,577,33,544
111900110,1248,297,951
111900111,225,99,126
111900112,394,2193,-1799
111900113,190,65,125
111900118,349,80,269
111900119,310,157,153
111900122,153,103,50
111900123,23,19,4
111900124,36,86,-50
111900125,427,34,393
111900126,224,2,222
111900127,1,495,-494
111900128,2,311,-309
111900129,234,1,233
111900130,129,26,103
111900131,516,5,511
111900132,24,599,-575
111900133,9,219,-210
111900134,9,199,-190
111900135,14,41,-27
111900136,65,166,-101
111900137,52,46,6
111900138,10,79,-69
111900139,23,104,-81
111900140,64,15,49
111900141,47,9,38
111900142,103,49,54
111900143,25,141,-116
111900144,1,81,-80
111900145,0,321,-321
111900146,5,174,-169
111900147,132,322,-190
111900148,11,472,-461
111900149,11,231,-220
111900150,7,118,-111
111900151,6,19,-13
111900152,69,68,1
111900153,1087,447,640
111900154,10,197,-187
111900155,45,77,-32
111900156,47,66,-19
111900157,127,11,116
111900158,475,63,412
111900159,245,15,230
111900160,243,0,243
111900161,154,1,153
111900162,77,166,-89
111900163,41,152,-111
111900164,77,62,15
111901113,382,127,255
111901114,214,218,-4
111901115,65,6,59
111901116,33,2,31
111901117,25,30,-5
111901118,40,221,-181
111901119,437,65,372
111901121,141,135,6
111901122,8,309,-301
111901123,194,224,-30
111901124,209,3,206
111901125,387,183,204
111901127,415,326,89
111901128,8,69,-61
111901129,7,87,-80
111901130,13,118,-105
111901131,9,148,-139
111901132,123,26,97
111901133,41,1,40
111901134,61,2,59
111901135,19,11,8
111901136,3,38,-35
111901138,166,33,133
111901139,19,33,-14
111901140,12,72,-60
111901141,10,93,-83
111901142,8,87,-79
111901143,0,71,-71
111901144,63,60,3
111901145,119,278,-159
111901146,304,11,293
111901147,369,163,206
111901148,6,45,-39
111901149,9,4,5
111901150,22,1,21
111901151,0,0,0
112000001,1414,558,856
112000002,571,1615,-1044
112000003,1239,815,424
112000004,564,728,-164
112000005,2507,2977,-470
112000006,1602,1291,311
112000007,2567,1906,661
112000008,2063,3223,-1160
112000009,2540,2382,158
112000010,2218,2740,-522
112000011,1216,1410,-194
112000012,3012,3353,-341
112000013,3223,2445,778
112000014,2150,2014,136
112000015,3185,2773,412
112000016,3014,1209,1805
112000017,1478,1891,-413
112000024,1911,723,1188
112000026,2697,3158,-461
112000027,757,578,179
112000028,1104,1275,-171
112000029,454,510,-56
112000030,139,67,72
112000031,1133,3450,-2317
112000032,314,42,272
112000033,1537,1558,-21
112000034,316,53,263
112000035,70,325,-255
112000036,685,751,-66
112000037,1431,640,791
112000038,1915,694,1221
112000039,63,43,20
112000040,69,197,-128
112000041,216,203,13
112000042,812,350,462
112000050,1036,1013,23
112000051,916,1113,-197
112000054,1345,1341,4
112000057,439,355,84
112000058,245,473,-228
112000059,425,694,-269
112000061,2137,1627,510
112000062,1231,686,545
112000063,888,1320,-432
112000064,2977,4501,-1524
112000065,1594,2015,-421
112000066,3352,1252,2100
112000067,759,633,126
112000068,2650,2234,416
112000069,608,1360,-752
112000070,1662,780,882
112000071,801,1828,-1027
112000072,1789,721,1068
112000073,1193,1615,-422
112000074,1142,872,270
112000075,1246,970,276
112000076,2667,2177,490
112000077,616,429,187
112000078,1447,504,943
112000079,1168,1099,69
112000080,590,562,28
112000081,920,1264,-344
112000082,1073,686,387
112000083,483,1027,-544
112000084,1002,723,279
112000085,966,788,178
112000086,1303,1080,223
112000087,383,260,123
112000088,990,514,476
112000089,260,434,-174
112000090,324,265,59
112000091,568,797,-229
112000092,1691,752,939
112000093,1415,743,672
112000094,698,817,-119
112000095,600,641,-41
112000096,620,803,-183
112000097,1072,688,384
112000098,766,801,-35
112000099,617,1401,-784
112000100,1480,674,806
112000101,497,664,-167
112000102,1090,523,567
112000103,284,713,-429
112000105,587,1207,-620
112000106,1664,399,1265
112000107,93,177,-84
112000108,254,1297,-1043
112000109,177,101,76
112000110,1713,732,981
112000111,870,2447,-1577
112000112,2898,568,2330
112000113,775,1355,-580
112000114,1994,781,1213
112000115,266,331,-65
112000116,618,731,-113
112000117,782,580,202
112000118,880,590,290
112000119,468,638,-170
112000120,98,285,-187
112000121,145,348,-203
112000122,254,155,99
112000123,716,170,546
112000124,388,92,296
112000125,249,202,47
112000126,233,387,-154
112000127,1745,1761,-16
112000128,674,547,127
112000129,149,91,58
112000130,173,83,90
112000131,71,217,-146
112000132,118,197,-79
112000133,290,129,161
112000134,348,331,17
112000135,1253,568,685
112000136,995,1089,-94
112000137,1406,1312,94
112000138,1158,965,193
112000139,840,525,315
112000140,837,1052,-215
112000141,697,277,420
112000142,172,449,-277
112000143,910,200,710
112000144,280,869,-589
112000145,2110,538,1572
112000146,499,1460,-961
112000147,2311,1692,619
112000148,1403,1658,-255
112000149,432,514,-82
112000150,217,508,-291
112000151,353,337,16
112000152,414,318,96
112000153,153,265,-112
112000154,96,198,-102
112000155,152,103,49
112000157,671,469,202
112000158,265,317,-52
112000159,317,216,101
112000167,282,108,174
112000169,296,370,-74
112000173,544,205,339
112000175,348,297,51
112000176,2160,1655,505
112000177,569,199,370
112000178,104,289,-185
112000179,177,70,107
112000180,340,507,-167
112000181,1117,1479,-362
112000182,1116,1224,-108
112000183,31,41,-10
112000184,423,343,80
112000185,444,405,39
112000187,2866,1844,1022
112000195,115,11,104
112000196,144,1,143
112000197,134,136,-2
112000198,38,189,-151
112000199,980,697,283
112000202,367,3,364
112000216,67,198,-131
112000230,78,8,70
112000231,4,177,-173
112000256,44,206,-162
112000313,67,91,-24
112000314,37,25,12
112000337,207,482,-275
112000352,274,307,-33
112000392,1044,1047,-3
112000398,1049,752,297
112000399,1305,1689,-384
112000400,1303,1995,-692
112000401,2257,1811,446
112000402,2282,2737,-455
112000403,1272,2322,-1050
112000404,908,903,5
112000405,1795,2891,-1096
112000406,2995,2103,892
112000407,5632,6682,-1050
112000408,5865,4638,1227
112000409,1561,3453,-1892
112000410,369,315,54
112000411,2739,1377,1362
112000412,1179,535,644
112000413,5753,4915,838
112000414,54,67,-13
112000415,82,25,57
112000416,2271,1381,890
112000417,226,56,170
112000421,45,96,-51
112000422,341,279,62
112000424,1495,2201,-706
112000425,368,667,-299
112000426,141,440,-299
112000427,5,35,-30
112000428,224,234,-10
112000429,1839,1984,-145
112000430,2183,2332,-149
112000431,64,119,-55
112000432,535,961,-426
112000433,382,754,-372
112000437,70,129,-59
112900001,55,1,54
112900002,445,677,-232
112900003,78,273,-195
112900004,70,232,-162
112900005,262,174,88
112900006,20,266,-246
112900007,56,129,-73
112900008,0,56,-56
112900009,358,88,270
112900010,382,625,-243
112900011,124,174,-50
112900012,0,43,-43
112900013,1,90,-89
112900014,5,267,-262
112900015,353,625,-272
112900016,11,175,-164
112900017,19,110,-91
112900018,146,322,-176
112900019,31,155,-124
112900020,312,871,-559
112900021,2,193,-191
112900022,7,48,-41
112900023,1,131,-130
112900024,14,187,-173
112900025,31,138,-107
112900026,11,162,-151
112900027,8,820,-812
112900028,16,98,-82
112900029,13,409,-396
112900030,108,132,-24
112900031,3,292,-289
112900032,138,201,-63
112900034,0,45,-45
112900035,9,263,-254
112900036,69,121,-52
112900037,135,175,-40
112900038,520,152,368
112900039,17,200,-183
112900040,4,272,-268
112900041,552,960,-408
112900042,38,229,-191
112900043,34,32,2
112900044,477,403,74
112900045,212,236,-24
112900046,128,60,68
112900047,7,13,-6
112900049,209,89,120
112900050,44,351,-307
112900051,250,446,-196
112900052,15,643,-628
112900053,470,98,372
112900054,155,51,104
112900055,124,37,87
112900056,284,206,78
112900057,21,357,-336
112900058,327,319,8
112900059,126,101,25
112900060,35,136,-101
112900061,68,91,-23
112900062,91,128,-37
112900063,119,13,106
112900064,99,173,-74
112900065,40,30,10
112900066,190,204,-14
112900067,313,144,169
112900068,27,40,-13
112900069,1369,672,697
112900071,34,3,31
112900072,102,1592,-1490
112900073,328,99,229
112900074,118,242,-124
112900075,1006,739,267
112900076,79,36,43
112900078,302,344,-42
112900079,222,33,189
112900080,72,2,70
112900081,56,143,-87
112900082,573,40,533
112900083,149,124,25
112900084,226,94,132
112900086,49,0,49
112900087,642,116,526
112900088,125,13,112
112900089,879,65,814
112900090,65,21,44
112900091,304,3,301
112900092,104,312,-208
112900093,1132,16,1116
112900095,56,1,55
112900096,388,158,230
112900097,93,224,-131
112900098,64,0,64
112900099,713,19,694
112900100,77,0,77
112900101,361,5,356
112900102,156,21,135
112900103,193,2,191
112900104,290,7,283
112900105,25,0,25
112900106,384,132,252
112900107,7,1,6
112900108,53,0,53
112900109,115,1,114
112900110,1133,24,1109
112900111,653,2,651
112900112,321,2,319
112900113,0,9,-9
112900114,135,22,113
112900115,1158,2,1156
112900116,118,37,81
112900117,92,68,24
112900118,25,94,-69
112900119,165,6,159
112900120,754,276,478
112900121,78,152,-74
112900122,22,71,-49
112900123,93,17,76
112900124,24,80,-56
112900125,46,396,-350
112900126,184,167,17
112900127,317,115,202
112900128,246,524,-278
112900129,4,588,-584
112900130,220,80,140
112900131,47,208,-161
112900132,135,376,-241
112900133,31,812,-781
112900134,2,160,-158
112900135,76,46,30
112900137,1,430,-429
112900138,8,169,-161
112900139,148,919,-771
112900141,618,56,562
112900142,63,124,-61
112900143,35,388,-353
112900144,7,364,-357
112900145,31,358,-327
112900146,2,841,-839
112900147,3,1234,-1231
112900148,59,3,56
112900149,213,568,-355
112900151,8,56,-48
112900152,3147,725,2422
112900153,1383,2134,-751
112900154,2,94,-92
112900155,192,14,178
112900156,207,842,-635
112900157,421,157,264
112900158,72,16,56
112900159,178,139,39
112900160,65,271,-206
112900161,139,34,105
112900162,33,21,12
112900163,78,54,24
112900164,35,207,-172
112900165,301,47,254
112900166,11,52,-41
112900167,9,72,-63
112900168,8,1,7
112900169,14,10,4
112900170,102,63,39
112900172,41,22,19
112900173,160,93,67
112900174,184,39,145
112900175,109,141,-32
112900176,8,64,-56
112900177,221,63,158
112900178,738,2074,-1336
112900179,46,399,-353
112900180,1566,1366,200
112900181,529,7,522
112900182,47,690,-643
112900183,144,286,-142
112900184,359,414,-55
112900185,204,552,-348
112900186,1070,782,288
112900187,78,539,-461
112900188,562,437,125
112900189,3,13,-10
112900190,6,25,-19
112900192,533,508,25
112900193,1140,298,842
112900194,58,43,15
112900195,682,53,629
112900196,180,264,-84
112900197,157,338,-181
112900199,578,403,175
112900200,408,145,263
112900201,129,71,58
112900202,409,535,-126
112900203,241,171,70
112900204,753,571,182
112900205,16,3,13
112900206,33,71,-38
112900207,18,1,17
112900208,115,328,-213
112900209,450,304,146
112900210,0,18,-18
112900211,96,39,57
112900212,0,96,-96
112900213,38,2,36
112900214,30,15,15
112900215,12,172,-160
112900216,26,67,-41
112900217,0,20,-20
112900218,57,4,53
112900219,78,17,61
112900220,2,0,2
112900221,25,46,-21
112900222,0,17,-17
112900223,681,18,663
112900224,288,368,-80
112900225,437,270,167
112900226,224,282,-58
112900227,476,595,-119
112900228,58,32,26
112900229,216,45,171
112900230,5138,3369,1769
112900232,222,292,-70
112900233,60,128,-68
112900234,15,44,-29
112900235,126,49,77
112900236,242,18,224
112900237,215,172,43
112900238,5,16,-11
112900239,887,367,520
112900240,3,45,-42
112900241,28,79,-51
112900242,12,95,-83
112900243,2,93,-91
112900244,17,69,-52
112900245,0,36,-36
112900246,3,9,-6
112900247,151,36,115
112900248,9,1,8
112900249,32,9,23
112900250,63,26,37
112900251,50,20,30
112900252,50,14,36
112900253,37,11,26
112900254,16,13,3
112900255,3,34,-31
112900256,11,35,-24
112900257,11,30,-19
112900258,38,30,8
113000001,4653,3418,1235
113000002,2883,2701,182
113000003,1648,1117,531
113000004,1334,1808,-474
113000005,1404,879,525
113000006,801,1022,-221
113000007,1734,922,812
113000008,1296,1489,-193
113000009,894,605,289
113000010,901,1053,-152
113000011,594,1221,-627
113000012,1453,571,882
113000013,1025,663,362
113000014,1265,1224,41
113000015,291,249,42
113000016,293,670,-377
113000017,30,310,-280
113000018,312,30,282
113000019,147,345,-198
113000020,481,88,393
113000021,940,483,457
113000022,653,906,-253
113000025,145,327,-182
113000026,379,415,-36
113000027,478,493,-15
113000028,538,427,111
113000029,817,696,121
113000030,362,545,-183
113000031,288,314,-26
113000032,284,285,-1
113000033,288,475,-187
113000034,381,340,41
113000035,29,35,-6
113000036,21,49,-28
113000037,53,30,23
113000038,18,52,-34
113000039,89,290,-201
113000040,59,84,-25
113000042,584,489,95
113000051,658,1860,-1202
113000052,1540,668,872
113000053,335,348,-13
113000054,322,502,-180
113000055,1028,509,519
113000056,877,804,73
113000058,705,766,-61
113000059,876,589,287
113000060,255,485,-230
113000061,607,859,-252
113000062,576,222,354
113000063,149,68,81
113000064,49,230,-181
113000065,132,557,-425
113000066,551,112,439
113000067,1628,1048,580
113000068,356,920,-564
113000069,438,830,-392
113000070,1993,946,1047
113000071,379,484,-105
113000072,651,430,221
113000073,228,803,-575
113000074,851,335,516
113000075,1827,674,1153
113000076,510,1665,-1155
113000077,1015,657,358
113000078,754,1801,-1047
113000079,592,779,-187
113000080,587,728,-141
113000081,596,717,-121
113000082,996,699,297
113000083,474,758,-284
113000084,1372,1031,341
113000085,716,674,42
113000086,1055,1012,43
113000087,1045,810,235
113000088,1802,1084,718
113000089,810,1375,-565
113000090,199,499,-300
113000091,467,353,114
113000094,948,207,741
113000095,230,655,-425
113000096,156,685,-529
113000097,1020,340,680
113000098,129,45,84
113000099,746,353,393
113000100,116,345,-229
113000101,330,529,-199
113000102,543,427,116
113000103,1419,385,1034
113000104,486,1550,-1064
113000105,596,385,211
113000106,291,354,-63
113000107,744,634,110
113000108,630,924,-294
113000109,529,1272,-743
113000110,1266,362,904
113000111,181,513,-332
113000112,283,346,-63
113000113,1009,355,654
113000114,291,1066,-775
113000116,552,307,245
113000117,623,113,510
113000118,94,388,-294
113000119,347,258,89
113000120,59,218,-159
113000121,444,666,-222
113000124,227,127,100
113000125,77,661,-584
113000127,2154,300,1854
113000128,379,358,21
113000129,453,546,-93
113000133,1673,1345,328
113000134,4,778,-774
113000135,3734,3727,7
113000137,1408,3024,-1616
113000139,384,199,185
113000140,157,270,-113
113000141,211,253,-42
113000142,502,978,-476
113000143,239,266,-27
113000144,336,653,-317
113000145,93,132,-39
113000146,162,64,98
113000147,199,84,115
113000148,162,146,16
113000149,119,128,-9
113000150,551,247,304
113000151,68,40,28
113000152,51,95,-44
113000153,1077,484,593
113000154,676,1281,-605
113000155,289,442,-153
113000156,131,344,-213
113000157,266,767,-501
113000158,512,182,330
113000159,808,576,232
113000160,545,799,-254
113000161,222,278,-56
113000162,649,301,348
113000163,123,68,55
113000164,25,83,-58
113000166,136,113,23
113000167,38,96,-58
113000168,84,95,-11
113000169,223,59,164
113000170,102,108,-6
113000171,62,119,-57
113000172,246,83,163
113000173,84,30,54
113000174,111,440,-329
113000175,409,119,290
113000176,556,149,407
113000177,191,436,-245
113000178,185,282,-97
113000179,225,167,58
113000180,483,871,-388
113000181,1027,776,251
113000182,131,372,-241
113000183,154,461,-307
113000184,17,109,-92
113000189,452,732,-280
113000190,762,535,227
113000192,907,1814,-907
113000193,2936,1489,1447
113000194,1050,789,261
113000195,1658,901,757
113000196,139,94,45
113000197,976,1055,-79
113000198,56,156,-100
113000199,912,269,643
113000201,170,260,-90
113000202,2829,1047,1782
113000203,257,147,110
113000204,1118,1957,-839
113000205,21,22,-1
113000206,9,49,-40
113000207,61,13,48
113000208,47,52,-5
113000209,7,25,-18
113000210,1,30,-29
113000211,165,214,-49
113000212,98,34,64
113000213,38,113,-75
113000214,155,227,-72
113000234,177,701,-524
113000410,83,186,-103
113000411,1976,3489,-1513
113000412,4963,2136,2827
113000413,2012,2626,-614
113000414,4774,10621,-5847
113000415,1832,2371,-539
113000416,6517,3459,3058
113000417,2129,2251,-122
113000418,3672,2947,725
113000419,1417,1909,-492
113000420,3622,4944,-1322
113000421,3536,5343,-1807
113000422,9541,9033,508
113000423,1783,4296,-2513
113000424,2673,7487,-4814
113000425,6,51,-45
113000428,28,2,26
113000430,10,50,-40
113000432,1968,196,1772
113000433,52,608,-556
113000434,14,146,-132
113000435,24,230,-206
113000436,79,1091,-1012
113000437,885,36,849
113000438,374,11,363
113000439,47,93,-46
113000440,151,71,80
113000441,267,180,87
113000442,141,105,36
113000443,297,135,162
113000444,170,148,22
113000445,153,76,77
113000446,46,83,-37
113000448,165,96,69
113000449,153,783,-630
113000450,390,1619,-1229
113000451,1062,145,917
113000452,326,343,-17
113000453,79,323,-244
113000454,540,68,472
113000455,54,280,-226
113000456,3159,2531,628
113000468,1302,146,1156
113000469,99,61,38
113000470,369,31,338
113000471,23,401,-378
113000472,99,253,-154
113000474,612,446,166
113000475,1249,1260,-11
113000476,1076,1564,-488
113000477,2628,1592,1036
113000478,2955,4056,-1101
113000479,43,153,-110
113000485,0,0,0
113000486,1,0,1
113000487,0,0,0
113000488,0,0,0
113000489,0,4,-4
113000490,0,5,-5
113000491,5,0,5
113000492,0,3,-3
113000495,148,163,-15
113000496,121,148,-27
113000497,0,0,0
113000499,0,0,0
113900001,6,163,-157
113900002,3,54,-51
113900003,0,38,-38
113900004,4,55,-51
113900005,5,53,-48
113900006,1,17,-16
113900007,8,1,7
113900008,11,1,10
113900009,86,2,84
113900010,52,2,50
113900011,25,0,25
113900012,21,0,21
113900013,184,5,179
113900014,485,0,485
113900015,2,70,-68
113900016,57,0,57
113900017,10,43,-33
113900018,373,197,176
113900019,135,41,94
113900020,148,0,148
113900022,22,0,22
113900023,29,0,29
113900024,54,66,-12
113900025,181,12,169
113900026,67,0,67
113900027,2,46,-44
113900028,46,386,-340
113900029,60,159,-99
113900030,185,0,185
113900031,16,2,14
113900032,18,0,18
113900033,102,62,40
113900035,39,0,39
113900036,24,68,-44
113900037,169,414,-245
113900038,79,122,-43
113900039,129,23,106
113900040,8,14,-6
113900041,3,4,-1
113900042,72,39,33
113900043,127,106,21
113900044,252,282,-30
113900045,80,2,78
113900046,218,563,-345
113900047,53,145,-92
113900048,146,101,45
113900049,427,284,143
113900050,171,304,-133
113900051,215,280,-65
113900052,126,116,10
113900053,544,419,125
113900054,26,5,21
113900055,129,320,-191
113900056,48,211,-163
113900057,21,236,-215
113900058,53,113,-60
113900059,164,248,-84
113900060,104,160,-56
113900061,706,247,459
113900062,104,11,93
113900063,99,139,-40
113900064,15,107,-92
113900065,318,12,306
113900066,287,286,1
113900067,123,146,-23
113900068,468,395,73
113900069,53,41,12
113900070,151,427,-276
113900071,60,101,-41
113900072,61,122,-61
113900073,255,307,-52
113900074,77,199,-122
113900075,1104,964,140
113900076,133,24,109
113900077,34,152,-118
113900078,56,132,-76
113900079,1,33,-32
113900080,401,171,230
113900081,58,174,-116
113900082,103,158,-55
113900083,335,343,-8
113900084,271,92,179
113900085,41,254,-213
113900086,64,25,39
113900087,79,126,-47
113900088,55,89,-34
113900089,385,37,348
113900090,511,294,217
113900091,8,16,-8
113900092,43,77,-34
113900093,87,611,-524
113900094,401,315,86
113900095,142,117,25
113900096,267,81,186
113900097,11,55,-44
113900098,616,55,561
113900099,1,30,-29
113900100,1,5,-4
113900101,30,51,-21
113900102,133,141,-8
113900103,380,241,139
113900104,140,224,-84
113900105,97,136,-39
113900106,0,43,-43
113900107,0,26,-26
113900108,227,227,0
113900109,317,150,167
113900110,30,14,16
113900111,174,91,83
113900112,131,70,61
113900113,812,389,423
113900114,1,74,-73
113900115,1,58,-57
113900116,86,138,-52
113900117,75,47,28
113900118,224,334,-110
113900119,179,492,-313
113900120,45,52,-7
113900121,66,107,-41
113900122,372,1770,-1398
113900123,373,186,187
113900124,1,41,-40
113900125,679,112,567
113900126,169,33,136
113900127,284,686,-402
113900128,173,76,97
113900129,18,185,-167
113900130,4,21,-17
113900131,256,83,173
113900132,73,94,-21
113900133,24,53,-29
113900135,297,326,-29
113900136,117,59,58
113900137,333,257,76
113900138,43,157,-114
113900139,239,136,103
113900140,220,270,-50
113900141,486,192,294
113900142,124,60,64
113900143,17,17,0
113900144,139,210,-71
113900145,387,132,255
113900146,154,33,121
113900148,157,275,-118
113900149,135,75,60
113900150,485,488,-3
113900151,409,158,251
113900152,35,49,-14
113900153,334,480,-146
113900154,2,96,-94
113900155,177,172,5
113900156,223,307,-84
113900157,35,268,-233
113900158,306,318,-12
113900159,13,218,-205
113900160,508,382,126
113900161,53,288,-235
113900162,365,732,-367
113900163,244,276,-32
113900164,271,67,204
113900165,549,393,156
113900166,133,164,-31
113900167,299,46,253
113900168,83,82,1
113900169,175,345,-170
113900171,157,53,104
113900172,6,145,-139
113900173,38,469,-431
113900174,381,465,-84
113900175,372,144,228
113900176,311,421,-110
113900177,339,208,131
113900178,320,133,187
113900179,27,359,-332
113900180,123,88,35
113900181,608,119,489
113900182,586,729,-143
113900183,41,93,-52
113900184,15,328,-313
113900185,187,92,95
113900186,29,49,-20
113900187,82,128,-46
113900188,46,130,-84
113900189,265,135,130
113900190,237,97,140
113900191,129,162,-33
113900192,7,363,-356
113900193,29,138,-109
113900194,1231,874,357
113900195,248,346,-98
113900196,4,96,-92
113900197,0,137,-137
113900198,33,187,-154
113900199,138,545,-407
113900200,9,217,-208
113900201,0,130,-130
113900202,46,274,-228
113900203,0,93,-93
113900204,28,446,-418
113900205,9,163,-154
113900206,18,151,-133
113900207,0,48,-48
113900208,0,62,-62
113900209,0,79,-79
113900210,575,635,-60
113900211,210,73,137
113900212,143,368,-225
113900214,375,368,7
113900215,81,81,0
113900216,63,568,-505
113900217,85,178,-93
113900218,129,88,41
113900219,103,350,-247
113900220,117,132,-15
113900221,364,212,152
113900222,286,390,-104
113900223,153,585,-432
113900224,71,72,-1
113900225,375,179,196
113900226,305,109,196
113900227,419,214,205
113900228,324,459,-135
113900229,87,602,-515
113900230,2957,2980,-23
113900231,159,152,7
113900232,75,74,1
113900233,66,50,16
113900234,287,395,-108
113900235,107,34,73
113900236,157,259,-102
113900237,156,7,149
113900238,236,464,-228
113900239,67,74,-7
113900240,8,188,-180
113900241,109,60,49
113900242,49,149,-100
113900243,99,309,-210
113900244,257,199,58
113900245,1059,291,768
113900246,21,23,-2
113900247,123,392,-269
113900248,1958,1542,416
113900249,690,387,303
113900250,52,130,-78
113900251,633,154,479
113900252,469,27,442
113900253,556,69,487
113900254,797,144,653
113900255,387,11,376
113900256,331,21,310
113900257,31,452,-421
113900258,26,319,-293
113900259,498,111,387
113900260,183,17,166
113900261,26,71,-45
113900262,129,456,-327
113900263,149,592,-443
113900264,6,363,-357
113900265,180,281,-101
113900266,45,157,-112
113900267,68,431,-363
113900268,286,340,-54
113900269,75,122,-47
113900270,206,575,-369
113900271,567,833,-266
113900273,43,13,30
113900274,31,28,3
113900275,18,43,-25
113900276,4,129,-125
113900277,123,7,116
113900278,184,138,46
113900279,142,105,37
113900280,1340,597,743
113900281,518,1275,-757
113900282,863,658,205
113900283,366,433,-67
113900284,650,183,467
113900285,126,52,74
113900286,15,83,-68
113900287,32,43,-11
113900288,4,104,-100
113900289,677,110,567
113900290,196,160,36
113900291,77,145,-68
113900292,7,6,1
113900293,3,159,-156
113900294,398,18,380
113900295,385,355,30
113900296,1489,403,1086
113900297,1929,43,1886
113900298,17,1475,-1458
113900299,123,125,-2
113900300,3795,2845,950
113900301,940,414,526
113900302,1988,858,1130
113900303,369,360,9
113900304,1,84,-83
113900305,130,0,130
113900306,40,0,40
113900307,13,0,13
113900308,79,93,-14
113900309,1,469,-468
113900310,0,7,-7
113900311,8,1,7
113900312,241,238,3
113900313,21,7,14
113900314,0,8,-8
113900315,46,2,44
114000001,700,2039,-1339
114000002,300,325,-25
114000003,239,750,-511
114000004,303,320,-17
114000005,203,268,-65
114000006,2033,1788,245
114000007,561,895,-334
114000008,1190,1564,-374
114000009,721,186,535
114000011,2291,2028,263
114000012,2117,1481,636
114000013,1281,1162,119
114000014,566,435,131
114000015,1802,360,1442
114000016,202,276,-74
114000017,64,202,-138
114000018,171,35,136
114000026,1562,994,568
114000027,2626,1653,973
114000028,1821,2148,-327
114000038,229,102,127
114000039,193,187,6
114000040,99,177,-78
114000042,121,118,3
114000043,286,174,112
114000044,344,161,183
114000045,70,50,20
114000046,2803,3989,-1186
114000047,23,71,-48
114000048,103,153,-50
114000049,1234,1460,-226
114000050,1318,1842,-524
114000051,2249,1870,379
114000052,3163,1653,1510
114000053,90,517,-427
114000054,157,653,-496
114000055,167,29,138
114000056,808,769,39
114000057,3994,1830,2164
114000058,394,1338,-944
114000059,234,309,-75
114000060,542,692,-150
114000061,2445,2561,-116
114000062,1712,1347,365
114000063,2181,1356,825
114000064,4541,3235,1306
114000065,1342,1869,-527
114000066,330,471,-141
114000067,16,696,-680
114000068,496,608,-112
114000069,757,473,284
114000070,1996,1673,323
114000071,621,441,180
114000072,382,183,199
114000073,15,57,-42
114000074,20,13,7
114000075,68,55,13
114000076,17,87,-70
114000077,9,25,-16
114000078,417,436,-19
114000079,91,24,67
114000080,53,66,-13
114000081,72,59,13
114000082,35,306,-271
114000083,81,157,-76
114000084,280,66,214
114000085,121,456,-335
114000086,191,286,-95
114000087,91,117,-26
114000088,42,29,13
114000089,689,282,407
114000090,698,678,20
114000091,1146,727,419
114000092,840,427,413
114000093,1188,603,585
114000094,285,329,-44
114000095,147,125,22
114000096,109,209,-100
114000097,92,264,-172
114000098,488,83,405
114000099,645,430,215
114000100,1235,516,719
114000101,406,490,-84
114000102,502,273,229
114000103,132,371,-239
114000104,109,219,-110
114000105,143,71,72
114000106,650,966,-316
114000107,343,138,205
114000108,1595,946,649
114000109,537,1316,-779
114000110,470,1249,-779
114000111,1517,656,861
114000112,455,1773,-1318
114000113,1468,442,1026
114000114,1086,1288,-202
114000115,1967,1066,901
114000116,629,1257,-628
114000117,2415,399,2016
114000118,1920,469,1451
114000119,1352,422,930
114000120,396,527,-131
114000121,381,647,-266
114000122,343,297,46
114000123,1720,284,1436
114000124,708,174,534
114000125,639,912,-273
114000126,1515,171,1344
114000127,249,101,148
114000128,656,312,344
114000130,390,351,39
114000131,269,86,183
114000132,499,434,65
114000133,736,1030,-294
114000134,75,85,-10
114000138,36,168,-132
114000139,397,269,128
114000144,758,535,223
114000145,60,117,-57
114000146,122,212,-90
114000147,1252,1914,-662
114000148,1645,1605,40
114000149,308,304,4
114000150,1224,1377,-153
114000151,1275,1847,-572
114000152,153,36,117
114000153,870,2024,-1154
114000154,821,903,-82
114000155,2161,1896,265
114000156,746,481,265
114000157,362,877,-515
114000158,1454,764,690
114000159,180,469,-289
114000160,101,491,-390
114000161,1201,2822,-1621
114000162,954,2324,-1370
114000163,20,75,-55
114000165,632,251,381
114000166,669,338,331
114000167,2333,1331,1002
114000168,758,541,217
114000169,1235,1182,53
114000170,1043,981,62
114000171,1041,2866,-1825
114000174,215,375,-160
114000176,465,476,-11
114000177,1536,721,815
114000178,33,44,-11
114000179,982,698,284
114000180,413,594,-181
114000181,1407,3049,-1642
114000182,1959,1948,11
114000183,793,753,40
114000184,2662,890,1772
114000185,917,661,256
114000189,797,140,657
114000190,2356,337,2019
114000191,60,65,-5
114000192,146,957,-811
114000193,477,1748,-1271
114000194,1113,717,396
114000195,203,21,182
114000196,2,198,-196
114000197,1063,43,1020
114000198,661,295,366
114000199,1605,1573,32
114000200,501,1162,-661
114000201,142,595,-453
114000202,756,378,378
114000203,511,461,50
114000204,136,447,-311
114000205,148,1105,-957
114000206,459,981,-522
114000207,442,1263,-821
114000208,398,1850,-1452
114000209,448,1656,-1208
114000210,229,847,-618
114000211,795,1166,-371
114000212,536,637,-101
114000213,1103,508,595
114000214,78,129,-51
114000215,210,52,158
114000216,1154,292,862
114000217,316,196,120
114000218,121,144,-23
114000219,973,138,835
114000220,26,662,-636
114000221,636,145,491
114000222,111,690,-579
114000223,404,141,263
114000224,112,439,-327
114000225,205,472,-267
114000226,128,226,-98
114000227,707,444,263
114000228,668,610,58
114000229,976,997,-21
114000230,1430,932,498
114000231,804,1031,-227
114000232,711,121,590
114000233,1814,108,1706
114000234,917,793,124
114000235,928,1051,-123
114000236,0,320,-320
114000237,95,635,-540
114000238,127,162,-35
114000239,144,784,-640
114000240,640,726,-86
114000241,236,730,-494
114000242,690,695,-5
114000243,1265,747,518
114000244,488,287,201
114000245,316,668,-352
114000246,82,56,26
114000247,637,526,111
114000248,1162,441,721
114000249,410,384,26
114000250,462,573,-111
114000251,301,164,137
114000252,98,44,54
114000253,50,110,-60
114000254,26,63,-37
114000255,491,156,335
114000256,1300,1787,-487
114000257,550,1101,-551
114000258,475,334,141
114000259,321,201,120
114000260,0,32,-32
114000261,36,33,3
114000262,237,102,135
114000263,9,0,9
114000264,898,326,572
114000265,0,0,0
114000267,6,1428,-1422
114000268,2,884,-882
114000270,92,7,85
114000271,310,68,242
114000283,1448,355,1093
114000285,22,157,-135
114000288,85,274,-189
114000289,1118,217,901
114000293,136,375,-239
114000294,142,184,-42
114000395,1342,35,1307
114000396,503,498,5
114000402,512,281,231
114000403,239,293,-54
114000405,142,361,-219
114000423,256,294,-38
114000424,457,158,299
114000425,707,283,424
114000426,278,666,-388
114000427,70,43,27
114000428,213,196,17
114000429,19,160,-141
114000432,96,91,5
114000434,45,76,-31
114000435,0,133,-133
114900001,659,792,-133
114900002,449,80,369
114900003,634,1031,-397
114900004,238,302,-64
114900005,521,597,-76
114900006,103,47,56
114900007,287,26,261
114900008,161,55,106
114900010,1606,1691,-85
114900011,160,135,25
114900013,265,106,159
114900018,775,44,731
114900020,209,60,149
114900022,149,613,-464
114900025,374,163,211
114900026,77,126,-49
114900029,126,45,81
114900030,317,166,151
114900031,308,47,261
114900032,293,33,260
114900034,43,166,-123
114900035,96,236,-140
114900036,229,471,-242
114900039,369,386,-17
114900040,67,108,-41
114900041,632,393,239
114900042,718,463,255
114900044,147,31,116
114900047,216,1646,-1430
114900048,109,279,-170
114900049,29,143,-114
114900050,46,337,-291
114900051,54,239,-185
114900052,56,211,-155
114900053,121,226,-105
114900054,50,98,-48
114900057,194,8,186
114900058,0,53,-53
114900059,87,46,41
114900063,92,132,-40
114900064,1299,333,966
114900065,398,598,-200
114900067,53,310,-257
114900068,95,197,-102
114900069,183,72,111
114900070,492,309,183
114900072,8,263,-255
114900073,3,105,-102
114900074,626,474,152
114900075,214,2,212
114900076,9,261,-252
114900080,1373,341,1032
114900082,2788,1956,832
114900083,827,903,-76
114900090,327,181,146
114900091,161,111,50
114900097,138,1,137
114900098,9,175,-166
114900099,164,5,159
115000001,4529,2766,1763
115000002,2974,3334,-360
115000003,3927,2328,1599
115000004,3196,4741,-1545
115000005,1231,1618,-387
115000006,744,1374,-630
115000007,159,163,-4
115000008,476,437,39
115000009,145,184,-39
115000010,242,164,78
115000013,66,222,-156
115000015,77,340,-263
115000016,62,213,-151
115000019,34,427,-393
115000020,123,575,-452
115000021,272,459,-187
115000022,393,349,44
115000023,374,568,-194
115000024,918,443,475
115000025,703,669,34
115000026,146,396,-250
115000027,271,219,52
115000028,187,681,-494
115000029,490,81,409
115000030,605,1066,-461
115000031,1141,231,910
115000032,19,246,-227
115000033,131,49,82
115000034,79,935,-856
115000035,1017,66,951
115000036,1,327,-326
115000037,514,17,497
115000038,43,172,-129
115000039,2739,2483,256
115000040,4694,2533,2161
115000041,1412,3063,-1651
115000042,813,528,285
115000043,3642,2249,1393
115000044,3335,3097,238
115000045,2084,1503,581
115000046,1994,2127,-133
115000047,1678,1253,425
115000048,1485,1815,-330
115000049,1307,2487,-1180
115000050,2454,1579,875
115000051,1472,2397,-925
115000052,1903,1560,343
115000053,1626,1356,270
115000054,580,1022,-442
115000055,193,803,-610
115000056,284,499,-215
115000057,559,1193,-634
115000058,467,341,126
115000059,185,101,84
115000061,160,128,32
115000062,173,222,-49
115000063,244,262,-18
115000064,171,130,41
115000065,51,390,-339
115000067,159,42,117
115000069,87,249,-162
115000070,37,579,-542
115000071,147,28,119
115000072,13,46,-33
115000073,945,45,900
115000075,90,49,41
115000076,2341,1963,378
115000077,1757,1689,68
115000078,1108,996,112
115000079,1111,1342,-231
115000080,2008,1722,286
115000081,462,692,-230
115000082,3093,3070,23
115000083,1744,1638,106
115000084,1895,932,963
115000085,771,728,43
115000086,1063,676,387
115000087,490,1176,-686
115000088,1532,590,942
115000089,1232,1084,148
115000090,442,691,-249
115000091,211,757,-546
115000092,577,333,244
115000093,441,2,439
115000094,5031,4422,609
115000095,3599,4807,-1208
115000096,717,1031,-314
115000097,898,813,85
115000098,853,613,240
115000099,2264,2016,248
115000100,920,262,658
115000101,327,1104,-777
115000102,427,236,191
115000103,255,536,-281
115000105,59,138,-79
115000106,504,218,286
115000107,164,354,-190
115000108,2365,1971,394
115000109,3450,3761,-311
115000110,1179,1401,-222
115000111,663,1359,-696
115000112,553,679,-126
115000113,553,687,-134
115000114,1461,699,762
115000116,3352,2245,1107
115000117,3038,2784,254
115000118,1828,1805,23
115000119,1769,2064,-295
115000120,492,1244,-752
115000121,1114,768,346
115000122,2851,1381,1470
115000123,1155,1867,-712
115000124,809,854,-45
115000125,311,543,-232
115000126,142,240,-98
115000127,418,99,319
115000128,444,779,-335
115000129,262,273,-11
115000130,401,596,-195
115000131,817,264,553
115000132,259,277,-18
115000133,442,235,207
115000134,288,185,103
115000135,226,173,53
115000136,236,225,11
115000137,116,126,-10
115000138,293,223,70
115000139,181,184,-3
115000140,366,205,161
115000141,218,191,27
115000142,174,144,30
115000143,716,548,168
115000144,535,102,433
115000145,292,262,30
115000146,444,331,113
115000147,337,384,-47
115000148,298,681,-383
115000149,499,186,313
115000150,548,631,-83
115000151,794,507,287
115000152,528,667,-139
115000153,864,482,382
115000154,685,338,347
115000155,586,672,-86
115000156,889,649,240
115000157,574,615,-41
115000158,489,390,99
115000159,662,601,61
115000160,452,338,114
115000161,133,358,-225
115000162,669,658,11
115000163,552,662,-110
115000164,662,586,76
115000165,332,516,-184
115000167,136,63,73
115000168,547,287,260
115000169,458,319,139
115000170,112,184,-72
115000171,303,223,80
115000172,916,480,436
115000173,291,372,-81
115000174,80,264,-184
115000175,132,84,48
115000176,89,74,15
115000177,77,81,-4
115000178,9,133,-124
115000179,18,17,1
115000180,116,374,-258
115000181,578,121,457
115000182,685,211,474
115000183,348,652,-304
115000186,560,233,327
115000187,197,559,-362
115000188,318,399,-81
115000189,169,388,-219
115000190,599,298,301
115000191,115,409,-294
115000194,105,174,-69
115000195,227,313,-86
115000196,182,84,98
115000197,278,192,86
115000198,317,130,187
115000199,322,147,175
115000200,365,90,275
115000201,154,239,-85
115000206,350,44,306
115000207,132,247,-115
115000208,366,474,-108
115000209,741,240,501
115000210,127,94,33
115000211,190,176,14
115000212,1244,279,965
115000224,382,53,329
115000225,48,89,-41
115000229,162,109,53
115000230,86,313,-227
115000231,225,1311,-1086
115000232,1515,214,1301
115000233,126,162,-36
115000234,25,286,-261
115000241,80,201,-121
115000242,104,243,-139
115000243,45,184,-139
115000244,13,114,-101
115000246,48,19,29
115000247,58,22,36
115000248,31,21,10
115000249,24,8,16
115000250,231,38,193
115000251,236,78,158
115000252,77,146,-69
115000253,12,400,-388
115000258,270,135,135
115000259,299,140,159
115000261,21,26,-5
115000262,18,22,-4
115000263,22,53,-31
115000264,30,50,-20
115000267,74,60,14
115000268,30,134,-104
115000269,104,57,47
115000270,9,29,-20
115000272,81,124,-43
115000273,277,24,253
115000280,2569,189,2380
115000281,597,921,-324
115000282,547,534,13
115000284,304,206,98
115000296,1178,16,1162
115000297,121,110,11
115000298,45,438,-393
115000300,181,168,13
115000302,587,123,464
115000303,568,99,469
115000304,740,70,670
115000305,92,550,-458
115000306,151,211,-60
115000307,98,160,-62
115000308,50,29,21
115000309,0,8,-8
115000310,854,665,189
115000311,883,913,-30
115000313,168,441,-273
115000314,441,131,310
115000315,776,560,216
115000316,68,103,-35
115000317,130,335,-205
115000318,627,216,411
115000319,40,340,-300
115000320,9,257,-248
115000321,304,8,296
115000322,55,216,-161
115000449,214,169,45
115000557,2,995,-993
115000558,360,75,285
115000587,414,284,130
115000588,1900,2218,-318
115000589,2906,2030,876
115000590,1050,1164,-114
115000591,1244,677,567
115000592,458,1332,-874
115000593,1070,541,529
115000594,692,2080,-1388
115000609,166,214,-48
115000617,1286,2562,-1276
115000624,258,67,191
115000633,337,1531,-1194
115000634,2052,745,1307
115000635,488,135,353
115000638,559,538,21
115000641,88,110,-22
115000642,284,286,-2
115000643,122,406,-284
115000644,138,388,-250
115000646,756,1497,-741
115000647,200,408,-208
115000648,1586,1435,151
115000893,2293,1249,1044
115000894,148,888,-740
115000895,445,892,-447
115000896,1198,465,733
115000897,504,124,380
115000898,484,198,286
115000899,430,1080,-650
115000900,71,366,-295
115000901,74,120,-46
115000912,335,72,263
115000913,1,18,-17
115000915,11,1,10
115000916,3,0,3
115000917,0,3,-3
115000918,53,298,-245
115000919,10,5,5
115000920,19,44,-25
115000921,530,106,424
115000922,906,698,208
115000923,388,1014,-626
115000925,115,81,34
115000927,49,71,-22
115000933,217,260,-43
115000934,149,143,6
115000935,165,87,78
115000936,19,542,-523
115000937,770,150,620
115000938,217,262,-45
115000939,310,259,51
115000940,26,12,14
115000941,9,13,-4
115000942,43,91,-48
115000943,42,17,25
115000944,3,7,-4
115900001,90,38,52
115900002,97,114,-17
115900003,185,74,111
115900004,0,40,-40
115900005,173,11,162
115900006,121,215,-94
115900008,68,13,55
115900009,131,166,-35
115900010,286,132,154
115900011,288,173,115
115900012,140,56,84
115900013,306,121,185
115900014,149,96,53
115900015,122,54,68
115900016,82,20,62
115900017,28,8,20
115900018,165,55,110
115900019,52,14,38
115900020,107,2,105
115900021,975,179,796
115900022,1103,11,1092
115900023,20,4,16
115900025,42,218,-176
115900026,582,193,389
115900027,1,221,-220
115900028,572,52,520
115900029,34,310,-276
115900030,23,31,-8
115900031,261,266,-5
115900032,485,639,-154
115900033,0,37,-37
115900034,48,323,-275
115900035,37,40,-3
115900036,99,660,-561
115900037,36,292,-256
115900038,54,24,30
115900039,137,179,-42
115900041,413,550,-137
115900042,21,6,15
115900043,100,56,44
115900044,230,209,21
115900046,306,219,87
115900047,184,172,12
115900049,168,157,11
115900051,1,17,-16
115900052,12,197,-185
115900053,215,124,91
115900054,207,34,173
115900055,13,115,-102
115900056,144,210,-66
115900057,38,7,31
115900058,27,69,-42
115900060,67,96,-29
115900061,170,3,167
115900062,18,244,-226
115900063,82,15,67
115900064,163,205,-42
115900065,83,97,-14
115900066,127,143,-16
115900067,4,472,-468
115900068,2390,743,1647
115900069,70,144,-74
115900070,150,146,4
115900071,0,237,-237
115900072,71,110,-39
115900073,69,93,-24
115900074,1,244,-243
115900075,22,197,-175
115900076,2,46,-44
115900077,6,197,-191
115900078,55,104,-49
115900079,167,20,147
115900080,517,197,320
115900081,13,69,-56
115900082,129,118,11
115900084,451,16,435
115900085,42,99,-57
115900086,1079,543,536
115900088,10,62,-52
115900089,337,483,-146
115900090,333,7,326
115900091,3,21,-18
115900092,36,120,-84
115900093,15,16,-1
115900094,9,242,-233
115900096,6,5,1
115900097,16,270,-254
115900098,127,299,-172
115900099,81,54,27
115900100,9,319,-310
115900101,101,214,-113
115900102,88,55,33
115900103,222,129,93
115900104,88,113,-25
115900105,269,442,-173
115900106,80,17,63
115900107,90,92,-2
115900108,153,58,95
115900109,51,297,-246
115900110,2,21,-19
115900111,4,91,-87
115900112,38,680,-642
115900113,36,28,8
115900114,0,129,-129
115900115,57,162,-105
115900116,71,590,-519
115900117,73,31,42
115900118,6,227,-221
115900119,103,122,-19
115900120,31,220,-189
115900121,144,160,-16
115900124,219,551,-332
115900125,284,39,245
115900126,566,78,488
115900127,535,56,479
115900128,9,53,-44
115900129,600,46,554
115900130,17,219,-202
115900131,395,21,374
115900132,506,6,500
115900134,328,12,316
115900135,359,876,-517
115900137,47,5,42
115900139,46,68,-22
115900140,234,31,203
115900141,5,71,-66
115900142,9,30,-21
115900143,183,261,-78
115900144,88,161,-73
115900146,24,73,-49
115900147,213,177,36
115900148,121,7,114
115900149,120,20,100
115900150,55,29,26
115900151,18,102,-84
115900152,113,294,-181
115900153,146,217,-71
115900154,318,365,-47
115900155,0,42,-42
115900156,726,665,61
115900157,161,361,-200
115900158,23,20,3
115900159,114,204,-90
115900160,11,11,0
115900161,29,114,-85
115900163,168,122,46
115900164,471,37,434
115900166,197,149,48
115900168,66,94,-28
115900171,80,367,-287
115900172,55,114,-59
115900173,207,96,111
115900174,244,178,66
115900175,114,193,-79
115900178,6,396,-390
115900179,242,13,229
115900180,49,111,-62
115900181,154,168,-14
115900182,372,177,195
115900183,59,49,10
115900184,1329,15,1314
115900187,11,121,-110
115900189,1,226,-225
115900190,152,1195,-1043
115900191,38,248,-210
115900192,5,104,-99
115900193,177,131,46
115900194,611,88,523
115900195,576,1726,-1150
115900198,151,272,-121
115900199,184,161,23
115900200,239,301,-62
115900201,404,214,190
115900202,2,42,-40
115900203,7,23,-16
115900204,5,4,1
115900205,63,37,26
115900206,202,121,81
115900207,35,19,16
115900208,126,97,29
115900209,8,145,-137
115900210,5,124,-119
115900211,4,165,-161
115900212,156,197,-41
115900213,108,72,36
115900214,516,247,269
115900215,29,130,-101
115900216,5,80,-75
115900217,4,32,-28
115900218,6,25,-19
115900219,125,6,119
115900220,139,11,128
115900221,78,11,67
115900222,73,29,44
115900223,10,392,-382
115900224,781,998,-217
115900225,73,71,2
115900226,8,40,-32
115900227,22,44,-22
115900228,5,31,-26
115900229,4,38,-34
115900230,39,115,-76
115900231,107,3,104
115900232,49,5,44
115900233,105,17,88
115900234,55,24,31
115900235,31,32,-1
115900236,81,22,59
115900237,50,21,29
115900238,39,20,19
115900239,17,29,-12
115900240,12,40,-28
115900241,169,99,70
115900242,330,322,8
115900243,9,6,3
115900244,11,14,-3
115900245,39,8,31
115900246,5,23,-18
115900247,43,12,31
115900248,7,9,-2
115900249,17,7,10
115900250,4,17,-13
115900251,1,14,-13
115900252,2,3,-1
115900253,10,11,-1
115900254,5,30,-25
115900255,9,9,0
115900256,30,68,-38
115900257,6,26,-20
115900258,0,0,0
115900259,10,3,7
115900260,12,4,8
115900261,7,0,7
115900262,2,0,2
115900263,15,3,12
115900264,10,0,10
115900265,4,8,-4
115900266,6,10,-4
115900267,8,17,-9
115900268,3,15,-12
115900269,348,347,1
115900270,295,293,2
115900271,116,1,115
115900272,23,3,20
115900273,7,18,-11
115900274,7,7,0
115900275,3,15,-12
115900276,0,31,-31
115900277,0,50,-50
115900278,23,68,-45
115900279,32,145,-113
115900280,16,284,-268
115900281,338,193,145
115900282,21,16,5
115900283,6,26,-20
115900284,24,19,5
116000001,7943,3582,4361
116000002,3901,8348,-4447
116000003,1272,1199,73
116000004,2139,2668,-529
116000005,2118,2546,-428
116000006,2504,2115,389
116000007,2115,2603,-488
116000008,2795,1864,931
116000009,1249,1841,-592
116000010,1829,1233,596
116000011,738,1452,-714
116000012,1153,980,173
116000013,6574,3145,3429
116000014,8509,8541,-32
116000015,237,987,-750
116000016,4580,2819,1761
116000017,21,659,-638
116000018,673,220,453
116000019,551,262,289
116000020,490,666,-176
116000021,320,296,24
116000022,331,274,57
116000023,831,462,369
116000024,586,691,-105
116000025,532,518,14
116000026,1544,2007,-463
116000027,469,526,-57
116000028,373,702,-329
116000029,519,502,17
116000030,671,376,295
116000031,154,260,-106
116000032,332,132,200
116000033,222,372,-150
116000034,540,625,-85
116000035,298,599,-301
116000036,1524,1193,331
116000037,565,519,46
116000038,461,462,-1
116000039,645,338,307
116000040,694,333,361
116000041,174,342,-168
116000042,579,264,315
116000043,46,591,-545
116000044,13,71,-58
116000045,1668,1010,658
116000046,954,1343,-389
116000047,1358,1688,-330
116000048,1546,1464,82
116000049,1039,2707,-1668
116000050,1219,1045,174
116000051,5046,2482,2564
116000052,4679,4123,556
116000053,1598,816,782
116000054,716,2200,-1484
116000055,634,770,-136
116000056,976,937,39
116000057,1978,1263,715
116000058,2209,1803,406
116000059,2141,3189,-1048
116000060,1862,968,894
116000061,692,884,-192
116000062,521,280,241
116000063,505,804,-299
116000066,243,511,-268
116000067,157,385,-228
116000068,176,214,-38
116000069,225,268,-43
116000078,471,882,-411
116000080,1401,822,579
116000082,7,61,-54
116000083,1312,402,910
116000084,1742,2861,-1119
116000085,1821,1718,103
116000086,1661,1014,647
116000087,1636,1321,315
116000088,618,760,-142
116000089,205,98,107
116000090,126,175,-49
116000091,248,253,-5
116000093,489,292,197
116000094,459,496,-37
116000095,645,469,176
116000096,568,950,-382
116000097,824,547,277
116000098,139,4452,-4313
116000099,4408,240,4168
116000100,287,17,270
116000101,774,670,104
116000102,227,985,-758
116000103,479,215,264
116000104,142,1038,-896
116000105,964,143,821
116000106,530,881,-351
116000107,1875,268,1607
116000108,187,115,72
116000111,123,45,78
116000113,118,131,-13
116000114,65,106,-41
116000115,283,125,158
116000116,239,378,-139
116000117,1202,1508,-306
116000118,1112,942,170
116000119,2512,1403,1109
116000120,2124,2867,-743
116000121,701,552,149
116000122,1096,1361,-265
116000123,824,364,460
116000124,333,723,-390
116000125,2390,669,1721
116000126,235,1127,-892
116000127,804,941,-137
116000128,1513,741,772
116000129,1028,236,792
116000130,500,382,118
116000133,913,656,257
116000134,1531,1508,23
116000135,1915,1296,619
116000136,932,1542,-610
116000137,860,587,273
116000138,722,543,179
116000139,1360,1824,-464
116000140,97,165,-68
116000141,311,501,-190
116000142,2348,1981,367
116000143,1452,1378,74
116000144,1090,1435,-345
116000145,1339,929,410
116000146,368,152,216
116000147,181,96,85
116000148,426,370,56
116000149,707,500,207
116000151,465,436,29
116000153,83,257,-174
116000155,146,187,-41
116000156,407,685,-278
116000157,103,31,72
116000158,414,266,148
116000159,17,15,2
116000160,14,63,-49
116000161,3,45,-42
116000162,50,96,-46
116000163,24,14,10
116000164,5,27,-22
116000177,186,87,99
116000194,81,316,-235
116000195,1296,546,750
116000196,14,2,12
116000197,12,13,-1
116000198,2037,826,1211
116000200,605,395,210
116000201,508,609,-101
116000202,11,255,-244
116000203,6,78,-72
116000204,13,80,-67
116000205,0,134,-134
116000206,5,92,-87
116000207,8,39,-31
116000233,134,376,-242
116000287,151,398,-247
116000288,247,193,54
116000292,31,92,-61
116000296,16,160,-144
116000297,126,16,110
116000304,110,59,51
116000305,49,83,-34
116000346,127,81,46
116000352,66,24,42
116000354,41,21,20
116000357,9,47,-38
116000358,355,33,322
116000361,333,1,332
116000372,3820,3173,647
116000381,71,1,70
116000388,5,32,-27
116000389,790,490,300
116000445,374,432,-58
116000446,554,516,38
116000447,23,507,-484
116000448,468,144,324
116000563,602,568,34
116000565,68,310,-242
116000568,51,233,-182
116000579,31,117,-86
116000583,83,53,30
116000584,18,6,12
116000585,29,34,-5
116000586,52,60,-8
116000587,434,485,-51
116000589,76,64,12
116000590,71,67,4
116000591,268,200,68
116000592,11,59,-48
116000593,0,32,-32
116000594,532,378,154
116000595,550,150,400
116000596,92,2,90
116000597,379,99,280
116000598,24,148,-124
116000605,268,119,149
116000606,86,222,-136
116000607,3,30,-27
116000609,102,588,-486
116000611,111,351,-240
116000612,600,1391,-791
116000613,642,305,337
116000614,420,503,-83
116000615,4,271,-267
116000616,41,46,-5
116000617,66,44,22
116000618,7,40,-33
116000619,40,65,-25
116000620,102,70,32
116000621,73,97,-24
116000622,66,138,-72
116000624,193,69,124
116000627,59,67,-8
116000628,81,173,-92
116000629,44,183,-139
116000630,296,21,275
116000631,120,44,76
116000632,651,66,585
116000633,140,179,-39
116000634,281,125,156
116000635,2204,1747,457
116000636,796,1084,-288
116000637,405,57,348
116000638,124,267,-143
116000639,37,2,35
116000640,27,14,13
116000641,42,119,-77
116000643,5,110,-105
116000644,35,366,-331
116000645,22,8,14
116900001,238,164,74
116900002,192,3,189
116900003,27,60,-33
116900004,32,48,-16
116900005,259,67,192
116900006,95,149,-54
116900007,131,140,-9
116900008,335,269,66
116900009,21,5,16
116900010,1,826,-825
116900011,12,34,-22
116900012,235,145,90
116900013,5,125,-120
116900014,93,197,-104
116900016,192,1,191
116900017,3,365,-362
116900018,56,51,5
116900019,4,226,-222
116900020,691,714,-23
116900023,58,22,36
116900025,816,614,202
116900026,120,451,-331
116900027,24,45,-21
116900028,6,59,-53
116900029,0,27,-27
116900031,0,5,-5
116900032,14,264,-250
116900033,15,10,5
116900034,10,44,-34
116900035,170,126,44
116900036,4,70,-66
116900038,35,3,32
116900041,38,15,23
116900042,526,223,303
116900043,17,44,-27
116900047,37,133,-96
116900049,31,242,-211
116900050,107,316,-209
116900051,137,149,-12
116900052,157,90,67
116900055,1,5,-4
116900057,25,165,-140
116900058,35,288,-253
116900059,2,99,-97
116900060,185,136,49
116900062,0,10,-10
116900064,126,461,-335
116900065,42,94,-52
116900067,88,75,13
116900068,116,147,-31
116900070,5,2,3
116900072,39,282,-243
116900073,16,100,-84
116900074,5,34,-29
116900076,11,48,-37
116900077,10,112,-102
116900078,201,87,114
116900079,49,151,-102
116900080,7,26,-19
116900081,396,932,-536
116900082,270,793,-523
116900083,57,30,27
116900084,136,57,79
116900085,42,147,-105
116900086,43,164,-121
116900088,292,89,203
116900090,144,30,114
116900091,275,12,263
116900092,98,555,-457
116900093,1309,1628,-319
116900094,2870,2826,44
116900095,194,95,99
116900096,95,304,-209
116900097,2117,2232,-115
116900098,772,387,385
116900099,639,560,79
116900100,715,45,670
116900101,320,413,-93
116900103,6,1,5
116900104,71,73,-2
116900105,189,123,66
116900106,1499,177,1322
116900107,2609,1967,642
116900110,8,0,8
116900111,479,433,46
116900112,233,748,-515
116900113,1335,1122,213
116900116,173,645,-472
116900117,110,89,21
116900118,636,755,-119
116900120,336,55,281
116900121,107,22,85
116900122,599,418,181
116900123,162,521,-359
116900124,157,600,-443
116900125,301,122,179
116900126,96,478,-382
116900128,0,39,-39
116900129,2,303,-301
116900130,562,2644,-2082
116900131,76,325,-249
116900132,50,99,-49
116900133,158,142,16
116900134,238,232,6
116900136,233,125,108
116900137,194,133,61
116900138,144,159,-15
116900139,104,419,-315
116900140,147,163,-16
116900141,645,454,191
116900142,1,70,-69
116900143,286,309,-23
116900144,31,75,-44
116900145,93,160,-67
116900147,599,459,140
116900148,7,35,-28
116900149,73,249,-176
116900150,15,11,4
116900151,41,18,23
116900153,135,70,65
116900154,368,536,-168
116900155,94,65,29
116900157,450,216,234
116900158,123,221,-98
116900159,47,257,-210
116900160,526,439,87
116900161,4287,5094,-807
116900162,8,72,-64
116900163,124,116,8
116900164,66,74,-8
116900165,221,192,29
116900166,44,43,1
116900167,348,73,275
116900168,278,63,215
116900169,456,491,-35
116900170,320,369,-49
116900171,21,88,-67
116900172,179,380,-201
116900173,154,31,123
116900174,54,46,8
116900175,178,168,10
116900178,42,113,-71
116900179,90,248,-158
116900180,62,33,29
116900182,452,177,275
116900183,124,82,42
116900185,33,47,-14
116900186,70,163,-93
116900187,75,40,35
116900188,168,39,129
116900189,29,1,28
116900191,410,656,-246
116900192,196,100,96
116900194,148,1153,-1005
116900195,44,28,16
116900196,11,66,-55
116900197,106,13,93
116900198,166,211,-45
116900200,72,29,43
116900201,102,6,96
116900202,72,39,33
116900203,127,8,119
116900204,50,93,-43
116900206,22,26,-4
116900207,43,45,-2
116900208,12,90,-78
116900209,22,92,-70
116900210,475,275,200
116900211,190,4,186
116900212,52,67,-15
116900213,187,103,84
116900214,195,140,55
116900215,33,65,-32
116900216,212,175,37
116900218,11,194,-183
116900219,955,283,672
116900220,119,168,-49
116900221,85,254,-169
116900222,371,268,103
116900223,122,247,-125
116900226,71,41,30
116900227,143,91,52
116900228,257,166,91
116900230,53,580,-527
116900233,535,115,420
116900234,15,8,7
116900235,147,202,-55
116900238,1361,336,1025
116900239,13,627,-614
116900240,3957,3050,907
116900241,85,88,-3
116900242,621,586,35
116900243,4,22,-18
116900245,17,17,0
116900246,94,6,88
116900247,731,15,716
116900248,93,38,55
116900249,248,76,172
116900250,303,33,270
116900251,392,329,63
116900252,118,502,-384
116900254,33,71,-38
116900255,162,60,102
116900256,335,90,245
116900257,27,370,-343
116900258,3,181,-178
116900259,244,4,240
116900260,2,99,-97
116900261,79,2,77
116900262,167,132,35
116900263,1,15,-14
116900264,57,39,18
116900265,40,0,40
116900266,15,21,-6
116900267,6,1,5
116900268,179,126,53
116900269,226,448,-222
116900271,900,152,748
116900272,307,199,108
116900273,125,67,58
116900274,84,88,-4
116900275,135,86,49
116900276,353,141,212
116900277,386,18,368
116900278,5,11,-6
116900279,1,26,-25
116900280,15,15,0
116900281,3527,2797,730
116900282,4,62,-58
116900283,18,79,-61
116900284,31,171,-140
116900285,195,220,-25
116900286,154,21,133
116900287,7,35,-28
116900288,87,120,-33
116900289,16,8,8
116900290,12,30,-18
116900291,25,12,13
116900292,1,23,-22
116900293,69,49,20
116900294,37,148,-111
116900295,122,56,66
116900296,100,74,26
116900297,7,110,-103
116900298,101,63,38
116900299,31,49,-18
116900300,0,49,-49
116900301,49,100,-51
116900302,60,64,-4
116900303,254,71,183
116900304,0,110,-110
116900305,29,42,-13
116900306,145,106,39
116900307,99,1,98
116900308,1,121,-120
116900309,48,53,-5
116900310,24,50,-26
117000001,1440,1285,155
117000002,1580,2915,-1335
117000003,5082,2837,2245
117000004,2941,3758,-817
117000005,1766,1689,77
117000006,994,2484,-1490
117000007,3007,977,2030
117000008,899,2549,-1650
117000009,4187,1722,2465
117000010,2212,2933,-721
117000011,1823,1317,506
117000012,1047,1082,-35
117000013,1492,681,811
117000014,961,1592,-631
117000015,1834,1010,824
117000016,331,98,233
117000017,201,108,93
117000018,107,437,-330
117000019,72,21,51
117000020,525,935,-410
117000021,1382,483,899
117000022,333,136,197
117000023,277,193,84
117000024,248,174,74
117000025,394,758,-364
117000026,1854,970,884
117000027,1803,3395,-1592
117000028,2746,1411,1335
117000030,427,420,7
117000031,350,268,82
117000032,1163,952,211
117000033,1013,580,433
117000034,316,249,67
117000035,322,280,42
117000036,392,265,127
117000037,265,229,36
117000038,187,454,-267
117000039,415,199,216
117000040,202,692,-490
117000041,816,152,664
117000044,8,576,-568
117000045,323,65,258
117000046,309,654,-345
117000047,824,498,326
117000048,1419,739,680
117000049,84,446,-362
117000050,152,1291,-1139
117000051,1713,83,1630
117000052,33,211,-178
117000053,436,38,398
117000054,1385,10,1375
117000055,88,2192,-2104
117000056,598,25,573
117000057,557,1820,-1263
117000060,436,1074,-638
117000061,1264,780,484
117000062,277,552,-275
117000063,1504,898,606
117000064,648,663,-15
117000066,793,813,-20
117000067,142,470,-328
117000074,124,159,-35
117000076,89,39,50
117000077,125,180,-55
117000078,132,570,-438
117000079,416,223,193
117000080,0,272,-272
117000081,1248,107,1141
117000082,21,73,-52
117000083,158,12,146
117000084,166,2,164
117000085,307,620,-313
117000086,571,363,208
117000087,129,398,-269
117000088,204,186,18
117000089,1310,259,1051
117000090,245,890,-645
117000091,703,238,465
117000092,425,1007,-582
117000093,983,751,232
117000094,1161,2076,-915
117000095,2754,830,1924
117000096,596,1721,-1125
117000097,1288,946,342
117000098,2160,3435,-1275
117000099,2917,1130,1787
117000100,235,329,-94
117000101,244,841,-597
117000102,1350,657,693
117000103,662,1335,-673
117000104,1142,595,547
117000105,734,1190,-456
117000106,985,669,316
117000107,491,1483,-992
117000108,1414,720,694
117000109,1165,1981,-816
117000110,1204,804,400
117000111,2849,3318,-469
117000112,2657,1471,1186
117000113,107,184,-77
117000114,180,112,68
117000115,116,99,17
117000116,110,181,-71
117000117,1173,1001,172
117000118,233,131,102
117000119,144,157,-13
117000120,172,420,-248
117000121,88,915,-827
117000122,310,593,-283
117000123,1287,29,1258
117000124,528,75,453
117000125,193,130,63
117000126,58,13,45
117000127,170,205,-35
117000128,491,621,-130
117000129,330,585,-255
117000130,110,2,108
117000131,0,128,-128
117000132,2848,23,2825
117000133,1231,58,1173
117000134,3,51,-48
117000135,1,56,-55
117000136,0,21,-21
117000137,120,117,3
117000138,3,572,-569
117000140,453,1288,-835
117000141,1461,491,970
117000181,379,303,76
117000182,377,418,-41
117000195,140,876,-736
117000196,265,150,115
117000225,153,27,126
117000226,6,85,-79
117000276,265,16,249
117000277,1,258,-257
117000310,1186,1661,-475
117000315,44,589,-545
117000320,81,1,80
117000906,307,21,286
117000907,16,255,-239
117000909,48,30,18
117000910,210,173,37
117000911,103,170,-67
117000915,8,357,-349
117000916,31,5,26
117000917,999,27,972
117000918,69,120,-51
117000919,7,58,-51
117000920,3,988,-985
117000921,3,981,-978
117000922,23,89,-66
117000924,374,629,-255
117000926,582,114,468
117000927,1151,746,405
117000928,0,102,-102
117000929,195,274,-79
117000930,264,19,245
117000931,328,148,180
117900002,86,367,-281
117900003,703,346,357
117900005,7,25,-18
117900006,0,40,-40
117900007,145,113,32
117900008,1,29,-28
117900010,236,78,158
117900011,31,100,-69
117900012,65,63,2
117900013,1,141,-140
117900014,555,134,421
117900015,10,71,-61
117900016,875,755,120
117900017,424,282,142
117900018,166,95,71
117900019,297,216,81
117900020,55,390,-335
117900021,25,60,-35
117900023,597,164,433
117900024,64,68,-4
117900025,57,10,47
117900026,320,203,117
117900028,42,2,40
117900029,239,458,-219
117900030,478,170,308
117900031,212,89,123
117900032,830,479,351
117900033,210,444,-234
117900034,35,26,9
117900035,234,131,103
117900036,201,294,-93
117900037,143,66,77
117900038,42,306,-264
117900039,0,45,-45
117900040,117,366,-249
117900041,8,44,-36
117900042,2679,258,2421
117900043,24,38,-14
117900044,16,2316,-2300
117900045,131,112,19
117900048,297,267,30
117900049,191,372,-181
117900050,13,67,-54
117900051,29,2,27
117900052,47,308,-261
117900053,1384,521,863
117900054,3,42,-39
117900055,204,197,7
117900056,163,47,116
117900057,886,1032,-146
117900058,91,32,59
117900059,313,120,193
117900060,2210,3785,-1575
117900061,20,193,-173
117900063,246,154,92
117900065,674,1143,-469
117900066,5,76,-71
117900067,398,176,222
117900069,501,238,263
117900070,244,25,219
117900071,107,107,0
117900073,383,219,164
117900074,126,44,82
117900075,71,87,-16
117900076,24,53,-29
117900077,404,121,283
117900078,220,698,-478
117900080,115,55,60
117900081,430,301,129
117900082,330,330,0
117900083,239,313,-74
117900086,128,36,92
117900087,119,49,70
117900088,2763,1494,1269
117900089,1888,700,1188
117900090,345,392,-47
117900091,254,189,65
117900092,57,30,27
117900093,86,44,42
117900094,31,27,4
117900095,297,384,-87
117900096,104,221,-117
117900097,227,82,145
117900098,63,11,52
117900099,125,179,-54
117900100,177,1,176
117900101,445,1442,-997
117900102,66,44,22
117900103,90,3,87
117900104,11,109,-98
117900105,112,192,-80
117900106,129,36,93
117900107,36,0,36
117900109,475,277,198
117900110,111,2,109
117900111,330,16,314
117900112,67,16,51
117900113,1935,1309,626
117900114,19,0,19
117900115,228,59,169
117900116,708,640,68
117900117,436,242,194
117900118,81,1,80
117900119,135,144,-9
117900120,145,24,121
117900121,116,26,90
117900122,981,2751,-1770
117900123,533,328,205
117900124,721,579,142
117900125,1550,1926,-376
117900126,245,452,-207
117900127,372,349,23
117900128,275,441,-166
117900129,64,1,63
117900130,701,292,409
117900131,1,89,-88
117900132,10,89,-79
117900133,11,124,-113
117900134,36,225,-189
117900135,24,203,-179
117900136,0,35,-35
117900137,34,239,-205
117900138,0,35,-35
117900139,124,88,36
117900140,2701,234,2467
117900141,194,119,75
117900142,138,80,58
117900144,66,190,-124
117900145,44,32,12
117900146,316,210,106
117900147,88,52,36
117900148,2108,1260,848
117900149,140,159,-19
117900150,35,40,-5
117900151,34,64,-30
117900152,99,73,26
117900153,23,93,-70
117900154,281,426,-145
117900156,839,651,188
117900157,89,427,-338
117900158,195,125,70
117900160,587,664,-77
117900161,1852,1580,272
117900162,304,365,-61
117900163,68,77,-9
117900165,3,19,-16
117900166,122,507,-385
117900168,21,169,-148
117900169,0,101,-101
117900170,0,30,-30
117900171,11,12,-1
117900172,12,51,-39
117900173,125,114,11
117900174,32,86,-54
117900175,2,22,-20
117900176,10,36,-26
117900177,37,28,9
117900178,107,26,81
117900180,174,27,147
117900181,59,222,-163
117900182,3,32,-29
117900183,36,193,-157
117900184,44,62,-18
117900185,49,54,-5
117900186,51,26,25
117900187,25,28,-3
117900188,199,55,144
117900189,52,38,14
117900190,21,5,16
117900191,88,3,85
117900192,264,2,262
117900193,22,74,-52
117900194,22,2,20
117900195,24,54,-30
117900196,20,23,-3
117900207,134,117,17
117900208,19,20,-1
117900209,193,177,16
117900210,141,206,-65
117900211,3,165,-162
117900212,124,118,6
117900213,27,21,6
117900214,3,23,-20
117900215,31,50,-19
117900216,20,16,4
117900217,69,241,-172
117900218,128,142,-14
117900219,4,85,-81
117900220,99,126,-27
117900222,195,262,-67
117900223,199,250,-51
118000001,594,867,-273
118000002,607,1430,-823
118000003,1872,2464,-592
118000004,2354,2106,248
118000005,3406,4382,-976
118000006,4337,7730,-3393
118000007,3807,3004,803
118000008,4185,2920,1265
118000009,1420,2012,-592
118000010,4011,2999,1012
118000011,1053,1614,-561
118000012,793,1481,-688
118000013,2198,1827,371
118000014,1715,1972,-257
118000016,172,317,-145
118000017,371,273,98
118000018,259,412,-153
118000019,1774,1303,471
118000020,1067,2709,-1642
118000021,607,2467,-1860
118000022,1467,687,780
118000023,763,271,492
118000024,1257,1085,172
118000027,11154,10491,663
118000029,771,647,124
118000032,1023,3206,-2183
118000033,2240,4887,-2647
118000034,4185,2220,1965
118000035,1614,2450,-836
118000036,836,1057,-221
118000037,585,663,-78
118000038,203,85,118
118000039,60,191,-131
118000040,1387,1158,229
118000041,1832,1105,727
118000045,500,138,362
118000046,1122,504,618
118000047,728,685,43
118000048,2547,1554,993
118000051,1985,1005,980
118000052,1250,605,645
118000053,304,339,-35
118000054,1368,863,505
118000055,864,1014,-150
118000056,298,355,-57
118000057,177,253,-76
118000058,2277,1566,711
118000059,1369,1077,292
118000060,794,414,380
118000061,1004,1004,0
118000062,502,250,252
118000063,294,636,-342
118000064,637,950,-313
118000065,3415,1184,2231
118000066,613,1173,-560
118000067,890,672,218
118000068,1546,3480,-1934
118000069,2628,960,1668
118000070,3925,1552,2373
118000071,2734,5066,-2332
118000072,1380,1060,320
118000073,2082,553,1529
118000074,397,429,-32
118000075,615,255,360
118000076,1381,1815,-434
118000077,1114,1135,-21
118000078,1534,1945,-411
118000079,173,304,-131
118000080,912,829,83
118000081,1657,1086,571
118000082,265,922,-657
118000083,1334,1378,-44
118000084,2683,1369,1314
118000086,251,415,-164
118000087,3406,2071,1335
118000088,1609,1402,207
118000089,3034,1696,1338
118000090,1060,2067,-1007
118000091,867,1710,-843
118000092,878,426,452
118000093,98,576,-478
118000096,427,551,-124
118000097,693,612,81
118000098,199,194,5
118000099,440,580,-140
118000101,917,264,653
118000102,310,928,-618
118000107,1485,467,1018
118000108,651,1618,-967
118000110,1,11,-10
118000111,1,259,-258
118000112,583,3,580
118000113,7,456,-449
118000114,329,9,320
118000115,7,10,-3
118000116,69,0,69
118000117,1078,628,450
118000118,713,842,-129
118000119,715,968,-253
118000120,1448,996,452
118000121,139,646,-507
118000122,1221,354,867
118000123,70,297,-227
118000125,1438,742,696
118000126,646,1232,-586
118000127,1681,498,1183
118000128,701,1059,-358
118000129,673,334,339
118000130,1652,2289,-637
118000131,455,609,-154
118000132,2007,1483,524
118000133,832,374,458
118000135,518,326,192
118000136,131,356,-225
118000137,544,81,463
118000138,326,418,-92
118000139,329,90,239
118000140,1960,3382,-1422
118000141,1661,1602,59
118000142,1523,1178,345
118000143,1706,984,722
118000144,874,644,230
118000145,1308,1440,-132
118000146,1047,683,364
118000147,657,1166,-509
118000148,398,970,-572
118000149,921,878,43
118000150,390,306,84
118000151,397,331,66
118000153,1096,908,188
118000154,1226,1228,-2
118000155,1160,1102,58
118000156,1330,1954,-624
118000157,498,334,164
118000158,243,385,-142
118000159,21,75,-54
118000160,410,280,130
118000161,468,617,-149
118000162,1164,743,421
118000163,738,654,84
118000164,1591,973,618
118000168,786,425,361
118000169,909,897,12
118000170,2955,4026,-1071
118000171,260,555,-295
118000172,102,219,-117
118000173,781,986,-205
118000175,254,237,17
118000176,252,403,-151
118000177,228,474,-246
118000178,21,41,-20
118000179,1031,1006,25
118000180,672,620,52
118000181,653,252,401
118000182,258,215,43
118000183,184,261,-77
118000184,645,511,134
118000185,983,932,51
118000186,682,915,-233
118000187,1071,627,444
118000188,433,143,290
118000189,480,400,80
118000190,8,11,-3
118000191,28,9,19
118000192,129,122,7
118000193,49,225,-176
118000194,983,787,196
118000195,878,797,81
118000196,238,138,100
118000197,207,178,29
118000198,410,593,-183
118000199,292,235,57
118000200,87,192,-105
118000201,364,461,-97
118000202,44,34,10
118000203,1079,545,534
118000204,125,329,-204
118000205,361,314,47
118000206,189,159,30
118000207,0,34,-34
118000208,997,1152,-155
118000209,1593,1249,344
118000210,56,37,19
118000211,44,38,6
118000213,956,1095,-139
118000214,510,469,41
118000215,214,122,92
118000216,1303,1639,-336
118000217,28,95,-67
118000218,55,79,-24
118000219,409,221,188
118000220,5,34,-29
118000221,201,272,-71
118000222,57,8,49
118000223,29,44,-15
118000224,143,79,64
118000225,143,533,-390
118000226,829,196,633
118000227,559,456,103
118000228,108,195,-87
118000229,213,45,168
118000230,112,163,-51
118000231,58,149,-91
118000232,685,607,78
118000233,964,584,380
118000234,329,205,124
118000236,316,230,86
118000237,98,263,-165
118000238,247,135,112
118000239,210,252,-42
118000240,277,161,116
118000241,95,146,-51
118000242,301,390,-89
118000243,241,179,62
118000244,32,87,-55
118000246,1,16,-15
118000255,53,177,-124
118000256,84,201,-117
118000259,4,37,-33
118000260,175,84,91
118000261,27,35,-8
118000263,61,122,-61
118000266,124,203,-79
118000267,0,93,-93
118000268,250,1,249
118000270,87,19,68
118000271,235,266,-31
118000272,99,39,60
118000273,121,57,64
118000274,77,179,-102
118000276,409,306,103
118000295,6,85,-79
118000298,84,176,-92
118000299,67,111,-44
118000301,0,31,-31
118000302,82,56,26
118000311,334,97,237
118000312,315,140,175
118000313,46,88,-42
118000314,76,67,9
118000315,23,46,-23
118000316,579,393,186
118000325,56,42,14
118000326,16,34,-18
118000331,23,33,-10
118000332,15,24,-9
118000333,34,55,-21
118000335,319,0,319
118000336,1,170,-169
118000407,144,68,76
118000457,4,21,-17
118000465,2661,3292,-631
118000480,24,63,-39
118000489,28,243,-215
118000490,30,182,-152
118000492,296,185,111
118000510,41,14,27
118000514,144,234,-90
118000515,648,570,78
118000517,287,195,92
118000524,220,202,18
118000525,656,592,64
118000530,24,75,-51
118000531,305,292,13
118000532,246,188,58
118000533,295,118,177
118000534,419,346,73
118000535,282,166,116
118000536,599,1439,-840
118000537,17,136,-119
118000538,62,76,-14
118000539,9,62,-53
118000540,255,133,122
118000541,159,54,105
118000542,84,142,-58
118000543,132,152,-20
118000546,51,19,32
118000553,0,1,-1
118000560,1853,1829,24
118000562,38,109,-71
118000563,1116,1045,71
118000576,141,103,38
118000577,217,252,-35
118000578,137,65,72
118000579,637,948,-311
118000583,0,0,0
118000595,247,80,167
118000596,0,47,-47
118000597,175,171,4
118000598,2,0,2
118000599,70,61,9
118000600,1,10,-9
118000601,7,0,7
118000602,3,13,-10
118000603,0,24,-24
118000605,64,198,-134
118000606,27,30,-3
118900001,531,1078,-547
118900002,715,638,77
118900003,344,7,337
118900004,38,51,-13
118900005,48,4,44
118900006,150,7,143
118900007,4,0,4
118900008,1274,55,1219
118900009,74,46,28
118900010,71,7,64
118900011,114,17,97
118900012,381,159,222
118900013,431,97,334
118900015,158,43,115
118900016,13,9,4
118900017,180,226,-46
118900018,689,34,655
118900019,42,28,14
118900020,214,113,101
118900021,152,259,-107
118900022,148,107,41
118900023,130,96,34
118900024,94,112,-18
118900025,50,18,32
118900026,88,88,0
118900027,407,182,225
118900028,131,152,-21
118900029,244,285,-41
118900030,340,59,281
118900031,151,83,68
118900032,166,149,17
118900033,357,381,-24
118900034,162,23,139
118900035,122,163,-41
118900036,969,607,362
118900037,311,260,51
118900038,306,139,167
118900039,378,120,258
118900040,187,157,30
118900041,387,121,266
118900042,193,83,110
118900045,230,128,102
118900046,658,367,291
118900047,468,184,284
118900048,155,181,-26
118900049,56,49,7
118900050,29,108,-79
118900051,157,110,47
118900052,253,227,26
118900053,31,100,-69
118900054,106,51,55
118900055,89,59,30
118900056,75,302,-227
118900057,587,359,228
118900058,345,269,76
118900059,22,68,-46
118900060,96,173,-77
118900062,296,145,151
118900064,522,468,54
118900065,57,98,-41
118900066,69,87,-18
118900067,3135,2643,492
118900068,10,172,-162
118900069,348,200,148
118900071,4,57,-53
118900072,388,298,90
118900073,103,79,24
118900074,122,154,-32
118900075,52,61,-9
118900076,161,105,56
118900077,203,126,77
118900078,46,8,38
118900079,40,199,-159
118900080,7,106,-99
118900081,69,44,25
118900082,651,124,527
118900083,43,15,28
118900084,9,17,-8
118900085,595,605,-10
118900086,32,75,-43
118900087,28,180,-152
118900088,0,5,-5
118900089,40,21,19
118900090,354,259,95
118900091,143,185,-42
118900092,113,76,37
118900093,136,16,120
118900096,122,169,-47
118900097,237,326,-89
118900099,86,171,-85
118900100,125,245,-120
118900101,49,279,-230
118900102,26,69,-43
118900103,29,90,-61
118900104,57,23,34
118900105,198,79,119
118900107,117,83,34
118900108,94,66,28
118900110,1062,743,319
118900111,407,408,-1
118900112,79,151,-72
118900113,88,285,-197
118900114,26,74,-48
118900115,91,282,-191
118900116,119,194,-75
118900117,119,151,-32
118900118,241,264,-23
118900119,128,169,-41
118900120,78,261,-183
118900121,14,152,-138
118900122,18,684,-666
118900123,110,172,-62
118900124,80,158,-78
118900126,20,297,-277
118900129,253,220,33
118900130,70,181,-111
118900131,189,163,26
118900132,220,148,72
118900133,18,93,-75
118900135,195,166,29
118900136,159,428,-269
118900137,7,44,-37
118900139,187,268,-81
118900140,380,428,-48
118900141,75,122,-47
118900144,96,286,-190
118900145,138,96,42
118900146,286,537,-251
118900147,170,146,24
118900148,105,47,58
118900150,150,432,-282
118900152,428,636,-208
118900157,76,146,-70
118900158,81,65,16
118900159,1,172,-171
118900161,63,12,51
118900163,114,108,6
118900164,6,131,-125
118900165,34,136,-102
118900166,38,2,36
118900167,56,95,-39
118900168,12,118,-106
118900169,94,237,-143
118900170,128,96,32
118900171,33,41,-8
118900174,65,54,11
118900175,306,376,-70
118900176,113,223,-110
118900177,56,45,11
118900178,44,124,-80
118900179,0,5,-5
118900181,102,81,21
118900182,76,25,51
118900183,29,115,-86
118900184,244,59,185
118900185,95,88,7
118900186,104,66,38
118900187,212,252,-40
118900188,234,184,50
118900189,37,641,-604
118900190,19,222,-203
118900191,135,59,76
118900192,177,21,156
118900193,432,8,424
118900195,196,440,-244
118900196,29,114,-85
118900197,89,37,52
118900198,25,9,16
118900199,73,31,42
118900200,27,21,6
118900201,22,27,-5
118900202,14,47,-33
118900203,3,19,-16
118900204,21,13,8
118900205,3,4,-1
118900206,4,17,-13
119000001,1024,1461,-437
119000002,2792,2399,393
119000003,1791,854,937
119000004,1761,930,831
119000005,1332,1394,-62
119000006,2365,1301,1064
119000007,2640,2379,261
119000008,1537,1386,151
119000009,2683,3578,-895
119000010,4528,3279,1249
119000011,2947,2314,633
119000012,2343,2638,-295
119000013,1922,1328,594
119000014,1385,2225,-840
119000019,214,116,98
119000020,1572,1171,401
119000021,3429,1728,1701
119000022,1868,1820,48
119000023,254,203,51
119000024,1371,7663,-6292
119000025,4741,910,3831
119000026,137,350,-213
119000027,280,322,-42
119000028,1376,730,646
119000029,99,254,-155
119000030,511,756,-245
119000031,766,615,151
119000032,1484,1911,-427
119000033,1664,1054,610
119000034,863,737,126
119000035,32,260,-228
119000036,1456,606,850
119000037,984,1219,-235
119000038,128,604,-476
119000039,286,244,42
119000040,583,396,187
119000041,557,984,-427
119000048,2338,2313,25
119000049,1501,1843,-342
119000050,1650,1521,129
119000051,1969,784,1185
119000052,1489,2418,-929
119000053,1617,1045,572
119000054,2720,2372,348
119000055,3560,2686,874
119000056,1998,1658,340
119000057,1339,1464,-125
119000058,1660,1323,337
119000059,1014,1281,-267
119000060,1363,878,485
119000061,849,716,133
119000062,968,1119,-151
119000063,426,312,114
119000064,838,916,-78
119000065,1612,2564,-952
119000066,1517,957,560
119000067,1493,1608,-115
119000068,1499,930,569
119000069,1243,1620,-377
119000070,2044,825,1219
119000071,441,532,-91
119000072,3706,2141,1565
119000073,3311,4998,-1687
119000074,988,1655,-667
119000075,1737,1481,256
119000076,241,762,-521
119000077,543,416,127
119000078,344,221,123
119000079,162,509,-347
119000080,391,141,250
119000081,185,295,-110
119000082,664,171,493
119000083,460,316,144
119000084,255,344,-89
119000085,403,208,195
119000086,218,324,-106
119000087,1392,769,623
119000088,317,202,115
119000089,62,152,-90
119000090,139,137,2
119000091,105,290,-185
119000092,367,151,216
119000093,2782,2105,677
119000094,2422,4279,-1857
119000095,1510,2298,-788
119000097,1682,1029,653
119000098,772,1980,-1208
119000099,2104,1256,848
119000100,2853,2369,484
119000101,3039,1513,1526
119000102,796,1014,-218
119000103,1310,531,779
119000104,1903,976,927
119000105,880,1692,-812
119000106,294,1022,-728
119000107,697,359,338
119000108,326,694,-368
119000109,120,419,-299
119000110,268,314,-46
119000111,54,549,-495
119000112,154,94,60
119000113,1770,278,1492
119000114,790,711,79
119000115,129,97,32
119000116,78,93,-15
119000117,145,268,-123
119000118,5,3,2
119000123,3253,1948,1305
119000124,562,172,390
119000125,2896,547,2349
119000126,940,601,339
119000127,501,441,60
119000128,13,4,9
119000131,770,507,263
119000132,3,3,0
119000133,0,4,-4
119000134,1454,454,1000
119000135,114,152,-38
119000136,182,157,25
119000137,239,295,-56
119000138,416,224,192
119000139,250,158,92
119000140,234,283,-49
119000284,1223,2089,-866
119000285,1693,1733,-40
119000286,5497,4263,1234
119000287,1249,1580,-331
119000288,1568,1072,496
119000289,1391,2128,-737
119000290,151,287,-136
119000291,10,160,-150
119000293,90,125,-35
119000294,38,35,3
119000295,1056,249,807
119000296,217,134,83
119000302,2080,1086,994
119000303,124,73,51
119000304,0,0,0
119000314,1117,8138,-7021
119000315,0,269,-269
119000316,159,102,57
119000317,113,307,-194
119900001,233,1175,-942
119900002,117,229,-112
119900003,112,847,-735
119900004,308,1139,-831
119900005,157,86,71
119900006,205,325,-120
119900007,1174,283,891
119900008,225,27,198
119900009,596,613,-17
119900010,657,954,-297
119900011,32,74,-42
119900012,23,74,-51
119900013,1680,953,727
119900014,377,219,158
119900015,146,45,101
119900016,31,65,-34
119900017,62,52,10
119900018,1620,709,911
119900019,29,6,23
119900020,130,211,-81
119900021,154,73,81
119900022,79,637,-558
119900023,434,1208,-774
119900025,177,36,141
119900026,564,144,420
119900027,26,24,2
119900028,235,127,108
119900029,7,5,2
119900030,438,443,-5
119900031,28,310,-282
119900033,1962,276,1686
119900034,413,124,289
119900037,203,39,164
119900038,63,256,-193
119900039,32,22,10
119900040,111,15,96
119900041,92,30,62
119900042,186,150,36
119900043,89,114,-25
119900044,190,749,-559
119900046,148,37,111
119900047,229,75,154
119900048,199,55,144
119900049,127,6,121
119900050,108,116,-8
119900051,998,20,978
119900052,84,31,53
119900053,143,96,47
119900054,124,9,115
119900055,1141,372,769
119900057,253,64,189
119900058,200,1,199
119900059,81,54,27
119900060,228,17,211
119900061,252,11,241
119900062,90,26,64
119900063,10,52,-42
119900065,202,10,192
119900067,96,24,72
119900068,451,5,446
119900069,88,11,77
119900070,651,6,645
119900071,533,14,519
119900073,1452,622,830
119900074,18,25,-7
119900075,3618,2148,1470
119900076,621,273,348
119900077,680,793,-113
119900078,649,878,-229
119900079,377,183,194
119900080,264,254,10
119900081,564,163,401
119900082,1228,296,932
119900083,416,113,303
119900084,640,284,356
119900085,39,61,-22
119900086,399,719,-320
119900087,559,314,245
119900088,31,49,-18
119900089,14,413,-399
119900090,135,45,90
119900091,52,733,-681
119900092,40,266,-226
119900093,937,193,744
119900094,64,171,-107
119900095,199,107,92
119900096,30,104,-74
119900097,413,185,228
119900098,42,48,-6
119900099,21,155,-134
119900100,1617,2076,-459
119900101,162,939,-777
119900102,45,197,-152
119900103,55,267,-212
119900104,36,128,-92
119900105,504,1685,-1181
119900106,12,143,-131
119900107,184,1913,-1729
119900108,2050,610,1440
119900109,17,125,-108
119900110,596,453,143
119900111,115,277,-162
119900112,1204,526,678
119900113,71,268,-197
119900114,248,806,-558
119900115,314,936,-622
119900116,166,428,-262
119900117,283,498,-215
119900118,116,676,-560
119900119,192,194,-2
119900120,551,464,87
119900121,339,815,-476
119900122,426,354,72
119900123,171,237,-66
119900124,238,669,-431
119900125,64,286,-222
119900126,2770,247,2523
119900127,2153,923,1230
119900128,432,632,-200
119900129,260,402,-142
119900130,19,246,-227
119900131,41,223,-182
119900132,14,210,-196
119900133,30,104,-74
119900134,1259,196,1063
119900135,1,251,-250
119900136,157,285,-128
119900138,383,491,-108
119900139,36,101,-65
119900140,1,86,-85
119900141,131,564,-433
119900142,0,27,-27
119900143,18,173,-155
119900144,1277,218,1059
119900145,98,123,-25
119900146,116,246,-130
119900147,7,126,-119
119900148,207,61,146
119900149,834,3246,-2412
119900150,197,132,65
119900151,1215,541,674
119900152,118,238,-120
119900153,144,70,74
119900154,34,402,-368
119900155,31,72,-41
119900156,28,12,16
119900157,89,181,-92
119900158,162,77,85
119900159,4,957,-953
119900160,23,115,-92
119900161,126,143,-17
119900162,806,791,15
119900163,132,157,-25
119900164,4,7,-3
119900165,122,128,-6
119900166,80,30,50
119900167,77,95,-18
119900168,828,458,370
119900169,77,276,-199
119900170,202,272,-70
119900171,831,317,514
119900172,143,19,124
119900173,6,336,-330
119900174,15,114,-99
119900175,975,634,341
119900177,21,161,-140
119900178,54,158,-104
119900179,91,401,-310
119900180,768,695,73
119900181,87,131,-44
119900182,1,307,-306
119900183,110,499,-389
119900184,1651,468,1183
119900185,36,163,-127
119900186,45,664,-619
119900187,16,320,-304
119900188,102,312,-210
119900189,435,438,-3
119900190,64,288,-224
119900191,350,255,95
119900192,42,124,-82
119900193,293,140,153
119900194,17,84,-67
119900195,49,147,-98
119900196,1022,352,670
119900197,168,135,33
119900198,167,203,-36
119900199,189,18,171
119900200,569,630,-61
119900201,334,227,107
119900202,141,244,-103
119900203,183,447,-264
119900204,272,210,62
119900205,585,446,139
119900206,142,135,7
119900208,161,154,7
119900209,496,1087,-591
119900210,49,31,18
119900211,78,7,71
119900212,151,173,-22
119900213,10,48,-38
119900214,28,70,-42
119900215,50,63,-13
119900216,13,76,-63
119900217,13,41,-28
119900218,15,51,-36
119900219,7,83,-76
119900220,5,63,-58
119900221,17,213,-196
119900222,10,161,-151
119900223,14,63,-49
119900224,15,46,-31
119900225,731,48,683
119900226,476,1457,-981
119900227,971,237,734
119900228,207,200,7
119900229,290,351,-61
119900230,1090,433,657
119900231,203,143,60
119900232,199,115,84
119900233,52,13,39
119900234,10,52,-42
119900235,23,41,-18
119900236,30,215,-185
119900237,43,332,-289
119900238,9,44,-35
119900240,66,119,-53
119900241,139,205,-66
119900242,994,1162,-168
119900244,553,1072,-519
119900245,96,171,-75
119900246,267,561,-294
119900247,30,109,-79
119900248,83,209,-126
119900249,207,97,110
119900253,1719,301,1418
119900254,83,571,-488
119900255,89,518,-429
119900256,524,706,-182
119900257,58,14,44
119900258,112,34,78
119900259,18,110,-92
119900260,85,2,83
119900261,226,128,98
119900262,0,172,-172
119900263,846,309,537
119900264,76,138,-62
119900265,544,338,206
119900266,284,228,56
119900267,249,391,-142
119900268,197,137,60
119900269,1085,822,263
119900271,17,84,-67
119900272,357,194,163
119900275,136,38,98
119900276,74,3,71
119900277,4,3,1
119900278,159,73,86
119900279,102,274,-172
119900280,632,168,464
119900281,0,173,-173
119900282,56,145,-89
119900283,16,193,-177
119900284,38,165,-127
119900285,35,60,-25
119900286,1,10,-9
119900288,8,23,-15
119900289,3,27,-24
119900290,7,18,-11
119900291,1,44,-43
119900292,39,71,-32
119900293,33,61,-28
119900294,39,87,-48
119900295,42,51,-9
119900296,43,154,-111
119900297,1,18,-17
119900298,2,11,-9
119900299,96,188,-92
119900300,290,145,145
119900301,27,33,-6
119900302,23,44,-21
119900303,259,155,104
119900304,128,49,79
119900305,8,94,-86
119900306,22,3,19
119900307,47,53,-6
119900308,7,20,-13
119900309,26,95,-69
119900310,234,256,-22
119900311,57,57,0
119900312,79,56,23
119900313,215,228,-13
119900314,153,360,-207
119900315,1215,1430,-215
119900318,15,32,-17
119900319,17,187,-170
119900320,134,370,-236
119900321,102,7,95
120000001,4387,11547,-7160
120000002,2266,2231,35
120000003,2764,1516,1248
120000004,2512,1847,665
120000005,3243,1808,1435
120000006,1003,1146,-143
120000007,2833,2571,262
120000008,960,1187,-227
120000009,2285,821,1464
120000010,1561,2203,-642
120000011,839,1402,-563
120000012,1210,2018,-808
120000013,2499,2399,100
120000014,598,1246,-648
120000015,1898,1234,664
120000016,2947,1821,1126
120000017,2562,1820,742
120000018,3195,9026,-5831
120000019,1034,1272,-238
120000020,2675,2758,-83
120000021,1776,2087,-311
120000022,2437,3604,-1167
120000023,976,1483,-507
120000024,1351,2283,-932
120000025,2158,1788,370
120000026,1787,1547,240
120000027,1875,1851,24
120000028,575,1186,-611
120000029,1834,752,1082
120000030,697,714,-17
120000031,1762,4174,-2412
120000032,6231,3431,2800
120000033,3703,1625,2078
120000034,1494,1465,29
120000035,1869,1553,316
120000036,2434,4043,-1609
120000037,574,1399,-825
120000038,4663,3006,1657
120000039,560,773,-213
120000040,135,288,-153
120000041,1131,1442,-311
120000042,2319,2019,300
120000043,3917,1412,2505
120000044,4226,1322,2904
120000045,5169,1083,4086
120000046,2558,2162,396
120000047,876,3735,-2859
120000048,5671,3551,2120
120000049,2620,2412,208
120000050,3336,3188,148
120000051,2544,3639,-1095
120000052,6947,2109,4838
120000053,1356,2242,-886
120000054,1233,3351,-2118
120000055,1468,3582,-2114
120000056,3604,2972,632
120000057,3253,898,2355
120000058,2599,835,1764
120000059,27,1372,-1345
120000061,161,424,-263
120000062,257,296,-39
120000063,1272,2253,-981
120000064,205,935,-730
120000065,473,1141,-668
120000066,211,374,-163
120000067,57,364,-307
120000068,152,581,-429
120000069,525,819,-294
120000070,83,461,-378
120000071,440,119,321
120000072,705,364,341
120000073,819,73,746
120000074,104,64,40
120000075,749,281,468
120000076,1782,377,1405
120000077,1588,585,1003
120000078,2986,1193,1793
120000079,449,471,-22
120000080,272,297,-25
120000081,478,191,287
120000082,281,277,4
120000083,120,725,-605
120000084,324,309,15
120000085,272,351,-79
120000086,247,442,-195
120000087,217,492,-275
120000088,694,1028,-334
120000089,1058,507,551
120000090,630,502,128
120000091,767,889,-122
120000092,1145,531,614
120000093,415,339,76
120000094,183,564,-381
120000095,741,420,321
120000096,234,638,-404
120000098,559,658,-99
120000099,267,680,-413
120000100,672,829,-157
120000101,591,411,180
120000102,518,782,-264
120000103,1356,842,514
120000104,1624,535,1089
120000105,2579,685,1894
120000106,2002,662,1340
120000107,3201,583,2618
120000108,1035,124,911
120000109,922,67,855
120000110,74,774,-700
120000111,117,857,-740
120000112,714,2029,-1315
120000113,632,1571,-939
120000114,952,2113,-1161
120000115,293,1610,-1317
120000116,699,1498,-799
120000117,826,1153,-327
120000118,65,63,2
120000119,20,57,-37
120000120,72,46,26
120000121,56,56,0
120000122,242,162,80
120000123,3331,4254,-923
120000124,431,434,-3
120000125,416,571,-155
120000126,276,654,-378
120000127,2003,833,1170
120000128,2798,3191,-393
120000129,354,334,20
120000130,849,598,251
120000131,384,657,-273
120000134,289,845,-556
120000135,427,462,-35
120000137,224,1030,-806
120000138,918,351,567
120000139,248,509,-261
120000140,740,419,321
120000141,320,331,-11
120000142,623,440,183
120000143,1,73,-72
120000144,89,2,87
120000145,344,2,342
120000146,1074,832,242
120000149,595,891,-296
120000150,2655,8744,-6089
120000151,418,358,60
120000152,327,154,173
120000153,141,379,-238
120000154,458,386,72
120000155,148,283,-135
120000156,732,1093,-361
120000157,706,587,119
120000158,756,687,69
120000159,1839,2080,-241
120000160,2372,1491,881
120000161,1865,1862,3
120000162,95,264,-169
120000163,606,1043,-437
120000164,466,301,165
120000165,538,575,-37
120000166,1249,410,839
120000167,88,106,-18
120000168,10,373,-363
120000169,42,1074,-1032
120000170,46,718,-672
120000171,22,262,-240
120000172,57,262,-205
120000173,1350,870,480
120000174,260,33,227
120000175,253,28,225
120000176,277,35,242
120000177,861,111,750
120000178,65,17,48
120000179,147,31,116
120000180,403,86,317
120000181,100,772,-672
120000182,51,449,-398
120000183,12,303,-291
120000184,131,870,-739
120000186,61,333,-272
120000187,36,245,-209
120000188,152,358,-206
120000190,632,46,586
120000191,613,78,535
120000192,755,38,717
120000193,300,12,288
120000195,51,5,46
120000196,194,44,150
120000197,54,75,-21
120000198,133,55,78
120000199,145,1,144
120000200,111,1,110
120000201,13,18,-5
120000202,1,30,-29
120000203,31,148,-117
120000207,4,68,-64
120000208,11,190,-179
120000209,9,83,-74
120000210,177,283,-106
120000211,92,1,91
120000212,148,0,148
120000213,101,139,-38
120000214,0,160,-160
120000215,1,90,-89
120000216,42,15,27
120000217,483,917,-434
120000218,191,666,-475
120000219,12,337,-325
120000220,10,1223,-1213
120000225,1486,6,1480
120000226,305,11,294
120000227,700,83,617
120000228,6942,2708,4234
120000230,345,13,332
120000231,1145,1624,-479
120000233,278,5,273
120000235,217,506,-289
120000236,784,4,780
120000237,1,920,-919
120000238,2,461,-459
120000241,1051,2611,-1560
120000412,806,5,801
120000413,231,230,1
120000414,153,8,145
120000415,2,62,-60
120000416,145,6,139
120000417,15,93,-78
120000418,168,9,159
120000419,8,245,-237
120000420,199,69,130
120000421,7841,4928,2913
120000422,112,955,-843
120000423,3,31,-28
120000424,42,95,-53
120000436,178,525,-347
120000437,141,133,8
120000438,2040,274,1766
120000439,141,411,-270
120000443,216,0,216
120000444,1149,370,779
120000445,1339,831,508
120000446,652,273,379
120000447,143,0,143
120000449,122,9,113
120000450,2,186,-184
120000451,114,166,-52
120000452,23,1,22
120000453,0,158,-158
120000454,85,156,-71
120000455,93,44,49
120000456,1802,2887,-1085
120000457,749,487,262
120000458,374,559,-185
120000459,91,45,46
120000665,600,215,385
120000668,108,594,-486
120000669,72,132,-60
120000670,140,522,-382
120000671,1461,421,1040
120000672,98,492,-394
120900001,65,95,-30
120900002,419,542,-123
120900003,123,15,108
120900004,9,50,-41
120900005,15,841,-826
120900006,389,193,196
120900007,125,81,44
120900008,322,987,-665
120900009,515,37,478
120900010,410,122,288
120900011,229,230,-1
120900012,289,963,-674
120900013,219,119,100
120900014,11,460,-449
120900015,684,79,605
120900016,666,51,615
120900017,1865,54,1811
120900018,114,348,-234
120900019,575,344,231
120900020,840,1041,-201
120900021,576,235,341
120900022,27,298,-271
120900023,268,25,243
120900024,1518,476,1042
120900025,1437,945,492
120900026,126,134,-8
120900027,615,9,606
120900028,344,120,224
120900029,170,444,-274
120900030,1140,704,436
120900031,233,85,148
120900032,929,88,841
120900033,784,108,676
120900034,22,1855,-1833
120900035,35,45,-10
120900037,193,12,181
120900038,62,295,-233
120900039,85,51,34
120900040,255,3,252
120900041,144,31,113
120900042,502,29,473
120900043,63,40,23
120900044,18,294,-276
120900045,120,54,66
120900046,347,6,341
120900047,171,141,30
120900048,143,26,117
120900049,418,3,415
120900050,1797,1406,391
120900051,359,83,276
120900052,475,8,467
120900053,276,46,230
120900054,1353,470,883
120900055,363,1,362
120900056,504,38,466
120900057,135,17,118
120900058,482,5,477
120900059,83,1,82
120900060,57,20,37
120900061,232,247,-15
120900062,279,0,279
120900063,557,11,546
120900064,498,1,497
120900065,428,4,424
120900066,285,170,115
120900067,215,48,167
120900068,267,0,267
120900069,225,53,172
120900071,41,7,34
120900072,773,8,765
120900073,483,139,344
120900074,465,11,454
120900076,271,2,269
120900077,2035,282,1753
120900078,661,427,234
120900079,647,100,547
120900080,773,1499,-726
120900081,1049,525,524
120900082,359,317,42
120900083,217,81,136
120900084,276,336,-60
120900085,109,132,-23
120900086,93,330,-237
120900087,378,364,14
120900088,120,311,-191
120900089,2559,2352,207
120900090,167,126,41
120900091,629,805,-176
120900092,1074,364,710
120900093,1972,167,1805
120900094,352,150,202
120900095,304,16,288
120900096,44,178,-134
120900097,529,606,-77
120900098,284,155,129
120900099,75,62,13
120900100,86,216,-130
120900101,674,237,437
120900102,47,63,-16
120900103,47,224,-177
120900104,19,54,-35
120900105,39,475,-436
120900106,1067,489,578
120900107,212,120,92
120900108,10,531,-521
120900109,51,476,-425
120900110,12,427,-415
120900111,203,285,-82
120900112,7,692,-685
120900113,8,671,-663
120900114,28,135,-107
120900115,174,236,-62
120900116,321,336,-15
120900117,3,434,-431
120900118,9,505,-496
120900119,3778,3256,522
120900120,90,405,-315
120900121,106,300,-194
120900122,446,338,108
120900123,6,356,-350
120900124,6,430,-424
120900125,3,409,-406
120900126,1308,784,524
120900127,10,398,-388
120900128,1041,1221,-180
120900129,48,211,-163
120900130,10,457,-447
120900131,59,60,-1
120900132,905,176,729
120900133,119,576,-457
120900134,756,373,383
120900135,3,441,-438
120900136,48,43,5
120900137,204,67,137
120900138,19,174,-155
120900139,1,484,-483
120900140,2,56,-54
120900141,102,150,-48
120900142,26,357,-331
120900143,2,647,-645
120900144,1,114,-113
120900145,171,692,-521
120900146,1,641,-640
120900147,11,352,-341
120900148,102,109,-7
120900149,1,238,-237
120900150,45,412,-367
120900151,0,414,-414
120900152,4,31,-27
120900153,31,81,-50
120900154,0,176,-176
120900155,187,858,-671
120900156,72,286,-214
120900157,87,220,-133
120900158,57,440,-383
120900159,228,361,-133
120900160,29,481,-452
120900161,45,503,-458
120900162,62,558,-496
120900163,55,505,-450
120900164,0,24,-24
120900165,7,97,-90
120900166,90,490,-400
120900167,270,131,139
120900169,98,210,-112
120900170,939,2318,-1379
120900171,894,249,645
120900172,661,1085,-424
120900173,0,31,-31
120900174,5,86,-81
120900175,268,105,163
120900176,17,294,-277
120900177,2,901,-899
120900178,2,415,-413
120900179,750,345,405
120900180,71,137,-66
120900181,95,21,74
120900182,24,184,-160
120900183,426,65,361
120900184,267,64,203
120900185,4,271,-267
120900186,2,275,-273
120900187,467,837,-370
120900188,229,6,223
120900189,111,1151,-1040
120900190,59,4,55
120900191,5,22,-17
120900192,7278,6047,1231
120900194,39,76,-37
120900195,105,234,-129
120900196,715,33,682
120900197,526,117,409
120900198,162,405,-243
120900199,278,396,-118
120900200,70,131,-61
120900201,342,114,228
120900202,1,109,-108
120900203,45,80,-35
120900204,131,239,-108
120900205,62,49,13
120900206,38,62,-24
120900207,75,889,-814
121000001,535,842,-307
121000002,1645,1017,628
121000003,1909,1558,351
121000004,1915,2408,-493
121000005,1395,2234,-839
121000006,2784,1520,1264
121000007,2038,2401,-363
121000008,3980,3025,955
121000009,4097,4427,-330
121000010,6518,4676,1842
121000011,7026,9404,-2378
121000012,11744,8243,3501
121000013,4193,5814,-1621
121000014,5050,4594,456
121000015,3267,5587,-2320
121000016,3251,2719,532
121000017,1515,3121,-1606
121000018,2172,1390,782
121000019,12688,10019,2669
121000020,10751,12818,-2067
121000021,2492,2264,228
121000022,2024,2421,-397
121000023,3218,2253,965
121000024,3915,3757,158
121000025,487,1386,-899
121000026,336,198,138
121000027,1507,1102,405
121000028,841,492,349
121000029,929,575,354
121000030,591,373,218
121000031,541,577,-36
121000032,181,115,66
121000034,401,201,200
121000035,125,142,-17
121000036,930,749,181
121000037,473,501,-28
121000038,487,745,-258
121000039,258,397,-139
121000041,499,349,150
121000042,270,352,-82
121000043,645,517,128
121000044,1284,850,434
121000045,379,232,147
121000046,631,708,-77
121000047,45,81,-36
121000049,1129,508,621
121000050,213,954,-741
121000051,563,262,301
121000052,408,559,-151
121000053,360,103,257
121000054,43,318,-275
121000055,1037,1062,-25
121000056,692,945,-253
121000057,378,446,-68
121000058,354,215,139
121000059,1941,1049,892
121000060,570,822,-252
121000061,82,275,-193
121000062,176,295,-119
121000063,830,751,79
121000064,664,792,-128
121000065,486,413,73
121000066,687,565,122
121000067,574,555,19
121000068,585,326,259
121000069,596,824,-228
121000070,1724,1153,571
121000071,1104,1152,-48
121000072,952,636,316
121000073,851,860,-9
121000074,154,136,18
121000075,47,386,-339
121000076,788,378,410
121000077,149,167,-18
121000078,111,112,-1
121000080,1855,549,1306
121000081,3058,2427,631
121000082,103,289,-186
121000083,191,138,53
121000084,177,167,10
121000085,311,429,-118
121000086,246,653,-407
121000087,59,307,-248
121000088,427,446,-19
121000089,371,370,1
121000090,400,336,64
121000091,1200,864,336
121000092,179,84,95
121000093,159,171,-12
121000094,466,608,-142
121000095,308,610,-302
121000096,2172,2014,158
121000097,762,1799,-1037
121000098,583,797,-214
121000099,596,568,28
121000100,782,349,433
121000101,375,256,119
121000102,275,238,37
121000103,196,192,4
121000104,194,134,60
121000105,364,211,153
121000106,286,345,-59
121000107,1619,2670,-1051
121000109,1118,942,176
121000110,256,676,-420
121000114,2503,1749,754
121000115,774,649,125
121000116,224,733,-509
121000117,770,254,516
121000118,1255,209,1046
121000119,248,376,-128
121000120,283,335,-52
121000121,494,1119,-625
121000123,1491,685,806
121000127,122,75,47
121000128,709,379,330
121000129,729,453,276
121000130,473,644,-171
121000131,1858,1531,327
121000132,1297,1327,-30
121000135,355,372,-17
121000136,951,776,175
121000137,484,303,181
121000138,674,1307,-633
121000139,412,501,-89
121000141,132,102,30
121000142,590,937,-347
121000143,133,23,110
121000144,884,1460,-576
121000145,513,890,-377
121000146,1119,1037,82
121000147,886,361,525
121000148,912,915,-3
121000149,2004,1098,906
121000152,399,503,-104
121000153,1562,562,1000
121000154,882,523,359
121000155,1239,1060,179
121000156,460,935,-475
121000157,891,1295,-404
121000158,415,435,-20
121000159,226,376,-150
121000160,285,320,-35
121000161,199,228,-29
121000162,83,114,-31
121000165,1390,1688,-298
121000166,18,401,-383
121000168,286,231,55
121000169,55,122,-67
121000170,287,104,183
121000171,109,119,-10
121000172,563,479,84
121000173,996,918,78
121000174,360,394,-34
121000175,858,282,576
121000176,332,256,76
121000177,737,520,217
121000178,122,50,72
121000179,75,72,3
121000181,468,368,100
121000182,105,203,-98
121000183,70,105,-35
121000184,68,76,-8
121000185,25,165,-140
121000186,154,499,-345
121000187,123,158,-35
121000188,171,174,-3
121000192,776,402,374
121000193,592,507,85
121000194,1843,1844,-1
121000195,212,761,-549
121000196,686,216,470
121000197,181,534,-353
121000198,167,83,84
121000199,78,225,-147
121000200,377,64,313
121000201,3,138,-135
121000202,606,134,472
121000203,709,1573,-864
121000204,2207,611,1596
121000205,117,226,-109
121000206,93,31,62
121000207,1632,299,1333
121000208,9,223,-214
121000209,395,256,139
121000210,535,310,225
121000211,167,97,70
121000212,402,432,-30
121000213,6982,2356,4626
121000214,686,1641,-955
121000215,826,823,3
121000216,449,494,-45
121000217,2849,1983,866
121000218,320,1116,-796
121000219,1192,358,834
121000220,139,48,91
121000221,81,182,-101
121000222,1934,1674,260
121000223,548,372,176
121000224,510,185,325
121000225,854,1360,-506
121000226,1908,866,1042
121000227,7,133,-126
121000228,19,397,-378
121000229,270,267,3
121000230,63,1151,-1088
121000231,852,8,844
121000232,439,263,176
121000233,467,329,138
121000234,22,48,-26
121000235,67,59,8
121000236,7,48,-41
121000237,26,10,16
121000238,6,70,-64
121000239,45,4,41
121000240,10,175,-165
121000241,58,19,39
121000242,47,262,-215
121000243,449,137,312
121000244,7,80,-73
121000245,97,32,65
121000246,3,80,-77
121000247,68,10,58
121000248,1169,429,740
121000249,88,180,-92
121000250,389,173,216
121000251,15,310,-295
121000252,77,61,16
121000253,205,286,-81
121000254,468,151,317
121000255,155,145,10
121000256,258,123,135
121000257,58,64,-6
121000258,84,57,27
121000259,51,41,10
121000260,74,73,1
121000261,67,40,27
121000262,878,642,236
121000263,541,370,171
121000271,273,1152,-879
121000273,39,5,34
121000274,3,36,-33
121000275,6,10,-4
121000276,5,11,-6
121000278,55,27,28
121000279,20,22,-2
121000280,22,23,-1
121000289,203,11,192
121000290,1078,846,232
121000294,117,87,30
121000297,764,926,-162
121000299,136,365,-229
121000300,692,370,322
121000302,36,721,-685
121000303,299,259,40
121000304,421,56,365
121000305,170,52,118
121000306,90,129,-39
121000308,141,275,-134
121000309,348,358,-10
121000310,97,276,-179
121000311,68,601,-533
121000312,311,178,133
121000313,264,377,-113
121000314,79,96,-17
121000315,61,124,-63
121000530,1245,1117,128
121000531,1385,1306,79
121000532,4883,6396,-1513
121000533,2665,3039,-374
121000918,52,111,-59
121000919,50,62,-12
121000938,37,52,-15
121000939,42,96,-54
121000956,1123,865,258
121000957,1,14,-13
121000958,23,38,-15
121000959,618,618,0
121000960,1220,1578,-358
121000961,227,114,113
121000962,260,485,-225
121000963,0,0,0
121000973,0,118,-118
121000976,18,168,-150
121000979,409,175,234
121000981,389,239,150
121000982,309,138,171
121000983,348,350,-2
121000984,14,75,-61
121000985,623,355,268
121000986,211,152,59
121000987,204,678,-474
121000988,642,126,516
121001302,196,93,103
121001308,1,11,-10
121001309,53,73,-20
121001313,144,164,-20
121001314,1420,2195,-775
121001315,3555,2197,1358
121001326,481,367,114
121900001,132,163,-31
121900002,22,21,1
121900003,448,11,437
121900004,93,261,-168
121900005,16,10,6
121900006,86,25,61
121900007,1473,1694,-221
121900008,923,587,336
121900009,476,16,460
121900010,200,4,196
121900011,168,241,-73
121900012,2,0,2
121900013,1025,134,891
121900014,965,354,611
121900015,195,177,18
121900016,2,27,-25
121900017,596,364,232
121900018,370,7,363
121900019,435,181,254
121900020,19,1,18
121900021,925,15,910
121900022,255,269,-14
121900023,165,207,-42
121900024,290,131,159
121900025,596,360,236
121900026,256,33,223
121900027,260,109,151
121900028,172,16,156
121900029,93,164,-71
121900030,429,484,-55
121900031,808,4736,-3928
121900032,83,35,48
121900033,196,178,18
121900034,258,78,180
121900035,2260,1722,538
121900036,48,197,-149
121900037,141,913,-772
121900038,29,100,-71
121900039,312,65,247
121900040,95,98,-3
121900041,95,166,-71
121900042,324,145,179
121900043,2,2,0
121900044,143,54,89
121900046,227,252,-25
121900047,166,103,63
121900048,35,78,-43
121900050,40,37,3
121900051,162,178,-16
121900052,145,31,114
121900053,464,246,218
121900054,333,889,-556
121900055,15,14,1
121900058,205,112,93
121900059,397,174,223
121900060,124,310,-186
121900061,146,148,-2
121900062,129,84,45
121900063,950,363,587
121900064,227,407,-180
121900066,44,28,16
121900067,54,55,-1
121900069,194,144,50
121900070,120,115,5
121900071,350,196,154
121900072,45,140,-95
121900073,249,178,71
121900074,632,823,-191
121900075,406,376,30
121900076,356,432,-76
121900078,55,39,16
121900079,4,1,3
121900080,619,294,325
121900082,87,77,10
121900084,25,133,-108
121900086,16,45,-29
121900087,136,98,38
121900088,1482,2471,-989
121900089,188,275,-87
121900090,57,53,4
121900091,66,92,-26
121900092,71,94,-23
121900093,73,37,36
121900094,27,6,21
121900095,227,143,84
121900096,1085,814,271
121900097,462,169,293
121900098,4,0,4
121900099,208,61,147
121900100,230,437,-207
121900101,122,114,8
121900102,8,138,-130
121900103,375,252,123
121900104,1289,323,966
121900105,238,126,112
121900106,11,7,4
121900107,30,30,0
121900108,3,20,-17
121900109,223,147,76
121900110,484,661,-177
121900111,478,172,306
121900112,215,126,89
121900113,52,350,-298
121900114,56,101,-45
121900117,121,60,61
121900118,1530,646,884
121900119,178,81,97
121900120,47,1006,-959
121900121,454,35,419
121900122,29,62,-33
121900123,173,320,-147
121900124,305,154,151
121900125,1376,794,582
121900127,16,66,-50
121900128,82,84,-2
121900129,552,190,362
121900130,123,224,-101
121900131,315,90,225
121900132,66,79,-13
121900133,91,1009,-918
121900134,40,197,-157
121900135,2467,307,2160
121900136,391,271,120
121900137,35,279,-244
121900138,61,105,-44
121900139,359,551,-192
121900140,74,157,-83
121900141,53,27,26
121900142,136,105,31
121900143,7,106,-99
121900144,155,242,-87
121900145,137,195,-58
121900146,525,661,-136
121900147,76,164,-88
121900148,176,246,-70
121900149,341,486,-145
121900150,87,163,-76
121900151,78,218,-140
121900152,66,95,-29
121900153,61,563,-502
121900154,18,248,-230
121900155,1,128,-127
121900156,158,92,66
121900157,9,315,-306
121900158,65,79,-14
121900159,1,169,-168
121900160,20,217,-197
121900161,318,348,-30
121900162,105,138,-33
121900163,161,499,-338
121900164,292,207,85
121900165,211,132,79
121900166,207,102,105
121900167,105,88,17
121900168,139,239,-100
121900169,3,180,-177
121900170,5,133,-128
121900171,746,472,274
121900172,479,201,278
121900173,651,220,431
121900174,35,55,-20
121900175,149,174,-25
121900176,522,1065,-543
121900177,178,72,106
121900178,29,38,-9
121900179,301,173,128
121900180,2566,3125,-559
121900182,534,236,298
121900183,462,1126,-664
121900184,74,536,-462
121900186,9,249,-240
121900187,28,111,-83
121900188,415,296,119
121900189,25,88,-63
121900190,218,339,-121
121900191,129,216,-87
121900192,285,691,-406
121900193,54,132,-78
121900194,2,85,-83
121900195,60,64,-4
121900196,691,703,-12
121900197,396,1116,-720
121900198,1078,941,137
121900199,1,19,-18
121900200,66,211,-145
121900201,738,665,73
121900202,113,504,-391
121900203,162,853,-691
121900204,651,914,-263
121900205,21,78,-57
121900206,18,22,-4
121900207,74,37,37
121900208,149,224,-75
121900209,57,41,16
121900210,1156,899,257
121900211,340,416,-76
121900212,191,88,103
121900213,197,67,130
121900214,5,363,-358
121900215,32,103,-71
121900216,28,131,-103
121900217,267,134,133
121900218,208,365,-157
121900220,107,17,90
121900221,200,465,-265
121900222,137,119,18
121900223,164,50,114
121900224,85,48,37
121900225,86,111,-25
121900226,224,416,-192
121900227,227,495,-268
121900228,156,232,-76
121900230,131,270,-139
121900231,351,1630,-1279
121900232,183,350,-167
121900233,171,200,-29
121900234,244,187,57
121900235,364,151,213
121900236,280,179,101
121900237,192,215,-23
121900238,126,237,-111
121900239,209,25,184
121900240,225,98,127
121900241,35,49,-14
121900242,10,0,10
121900243,8,0,8
121900244,17,2,15
121900245,202,69,133
121900246,2055,225,1830
121900248,1085,922,163
121900250,236,307,-71
121900251,359,49,310
121900252,483,143,340
121900253,184,769,-585
121900254,413,239,174
121900255,382,85,297
121900258,2625,1670,955
121900259,375,580,-205
121900260,69,111,-42
121900261,192,535,-343
121900262,394,685,-291
121900263,257,183,74
121900264,1305,1018,287
121900265,226,198,28
121900266,431,127,304
121900267,77,34,43
121900269,203,547,-344
121900270,26,112,-86
121900271,42,111,-69
121900273,466,1363,-897
121900274,273,215,58
121900277,398,826,-428
121900278,60,707,-647
121900279,96,199,-103
121900280,92,288,-196
121900281,298,442,-144
121900284,48,5,43
121900286,90,64,26
121900287,14,22,-8
121900288,15,2,13
121900290,163,331,-168
121900291,349,601,-252
121900292,167,121,46
121900293,907,2296,-1389
121900294,230,1,229
121900295,111,160,-49
121900296,21,102,-81
121900298,209,611,-402
121900299,0,7,-7
121900300,73,10,63
121900301,56,6,50
121900302,12,25,-13
121900303,293,230,63
121900304,1,21,-20
121900305,0,7,-7
121900306,212,2,210
121900307,86,11,75
121900308,20,283,-263
121900309,7,209,-202
121900310,6,419,-413
121900311,376,20,356
121900312,221,16,205
121900313,307,11,296
121900314,0,40,-40
121900315,28,0,28
121900316,0,25,-25
121900317,14,9,5
121900318,2,24,-22
121900319,40,51,-11
121900320,47,56,-9
121900321,11,2,9
121900322,0,19,-19
121900323,20,9,11
121900324,2,34,-32
121900325,6,1,5
121900326,4,9,-5
121900327,2,28,-26
121900328,0,22,-22
121900329,2,132,-130
121900330,4,34,-30
121900331,127,36,91
121900332,66,25,41
121900333,35,0,35
121900334,87,53,34
122000001,1848,3866,-2018
122000002,3084,1258,1826
122000003,1579,2350,-771
122000004,2448,1267,1181
122000005,2098,1533,565
122000006,1473,949,524
122000007,930,1699,-769
122000008,2786,3856,-1070
122000009,357,401,-44
122000010,1974,2447,-473
122000011,2838,1371,1467
122000012,1238,1662,-424
122000013,1126,790,336
122000014,1327,1030,297
122000015,1225,1029,196
122000016,486,832,-346
122000017,1090,891,199
122000018,1253,1200,53
122000019,659,925,-266
122000020,180,259,-79
122000021,257,395,-138
122000022,1124,886,238
122000023,627,1384,-757
122000024,693,1146,-453
122000025,1058,1442,-384
122000026,1053,1017,36
122000027,513,1716,-1203
122000028,895,414,481
122000029,412,424,-12
122000030,231,107,124
122000031,155,239,-84
122000032,1568,1608,-40
122000033,560,1164,-604
122000034,590,554,36
122000035,306,699,-393
122000036,528,493,35
122000037,357,189,168
122000038,233,257,-24
122000039,612,338,274
122000040,268,225,43
122000041,477,529,-52
122000042,293,480,-187
122000043,101,116,-15
122000044,147,171,-24
122000045,1049,443,606
122000046,679,668,11
122000047,239,203,36
122000048,2779,3514,-735
122000049,4304,2907,1397
122000050,1185,792,393
122000051,295,289,6
122000052,379,346,33
122000053,179,725,-546
122000054,2060,1626,434
122000055,1914,2651,-737
122000056,3811,3031,780
122000057,3044,3042,2
122000058,2335,1291,1044
122000059,2541,1790,751
122000060,558,558,0
122000061,426,474,-48
122000062,750,270,480
122000063,925,628,297
122000064,2748,2503,245
122000065,3027,2035,992
122000066,577,465,112
122000067,1270,1009,261
122000068,954,845,109
122000069,829,729,100
122000070,687,1109,-422
122000071,1231,961,270
122000072,344,482,-138
122000073,399,687,-288
122000074,2526,1452,1074
122000075,643,997,-354
122000076,2371,1086,1285
122000077,938,726,212
122000078,2004,2543,-539
122000079,1014,1179,-165
122000080,755,394,361
122000081,192,267,-75
122000082,659,717,-58
122000083,1179,1496,-317
122000084,1196,675,521
122000085,228,766,-538
122000086,1793,4053,-2260
122000087,295,155,140
122000088,205,409,-204
122000089,4238,1825,2413
122000090,206,410,-204
122000091,202,83,119
122000092,138,19,119
122000093,1495,1689,-194
122000094,4332,2393,1939
122000095,1988,3049,-1061
122000096,1618,1306,312
122000098,2505,1886,619
122000099,1429,696,733
122000100,1031,505,526
122000101,279,705,-426
122000102,1877,1059,818
122000103,1691,1638,53
122000104,307,136,171
122000105,523,235,288
122000106,446,525,-79
122000107,983,380,603
122000108,380,681,-301
122000109,468,263,205
122000110,473,465,8
122000111,2364,1088,1276
122000112,871,1072,-201
122000113,561,594,-33
122000114,2213,1209,1004
122000115,1643,1045,598
122000116,447,469,-22
122000117,1116,436,680
122000118,457,842,-385
122000119,3163,2252,911
122000120,1835,4010,-2175
122000121,1949,2690,-741
122000122,614,1579,-965
122000123,1552,1758,-206
122000124,831,570,261
122000125,629,638,-9
122000126,554,1097,-543
122000127,953,1283,-330
122000128,431,739,-308
122000129,481,1207,-726
122000130,2779,1297,1482
122000131,1380,1178,202
122000132,531,608,-77
122000133,791,1149,-358
122000134,883,821,62
122000135,628,628,0
122000136,728,673,55
122000137,1365,737,628
122000139,1012,2676,-1664
122000140,808,648,160
122000141,2806,778,2028
122000142,318,674,-356
122000143,445,486,-41
122000144,1300,1310,-10
122000145,1191,714,477
122000146,1044,1209,-165
122000147,726,536,190
122000148,1427,1764,-337
122000149,1819,1556,263
122000150,1023,912,111
122000151,172,343,-171
122000152,381,419,-38
122000153,399,335,64
122000154,296,299,-3
122000155,1378,2000,-622
122000156,2139,2269,-130
122000157,1210,1802,-592
122000158,383,632,-249
122000159,780,1539,-759
122000160,3083,2415,668
122000161,1056,1134,-78
122000162,1695,1791,-96
122000163,216,103,113
122000164,50,87,-37
122000165,772,572,200
122000166,834,907,-73
122000167,251,210,41
122000168,188,533,-345
122000169,338,167,171
122000170,327,253,74
122000171,32,85,-53
122000172,1315,1118,197
122000173,1199,1954,-755
122000174,1660,739,921
122000175,797,263,534
122000176,355,670,-315
122000177,1147,1327,-180
122000178,2423,1827,596
122000179,1413,1967,-554
122000180,1548,1262,286
122000181,1466,2523,-1057
122000182,1521,1295,226
122000183,1679,873,806
122000184,2735,2107,628
122000185,1361,1617,-256
122000186,476,679,-203
122000187,1490,779,711
122000188,404,202,202
122000189,253,311,-58
122000190,948,914,34
122000191,645,490,155
122000192,873,326,547
122000193,316,622,-306
122000194,421,175,246
122000195,166,440,-274
122000196,986,603,383
122000197,425,644,-219
122000198,489,850,-361
122000199,317,299,18
122000200,868,526,342
122000201,1130,1470,-340
122000202,1119,1202,-83
122000203,2511,1270,1241
122000204,1389,1678,-289
122000205,1121,1225,-104
122000206,2116,853,1263
122000207,1527,1173,354
122000208,1690,1095,595
122000209,1629,364,1265
122000210,1861,1435,426
122000211,1203,1018,185
122000212,770,493,277
122000213,987,1104,-117
122000214,1931,1466,465
122000215,1768,1441,327
122000217,1853,1200,653
122000218,639,72,567
122000219,1092,757,335
122000220,332,591,-259
122000221,52,374,-322
122000222,528,132,396
122000223,1167,445,722
122000225,614,282,332
122000226,1728,1458,270
122000227,272,1851,-1579
122000228,339,398,-59
122000229,44,463,-419
122000230,90,354,-264
122000231,591,690,-99
122000232,543,814,-271
122000233,0,104,-104
122000234,326,73,253
122000235,445,111,334
122000236,1037,74,963
122000237,100,61,39
122000238,323,292,31
122000239,929,156,773
122000240,1176,632,544
122000241,1445,412,1033
122000242,704,139,565
122000243,311,68,243
122000244,67,316,-249
122000245,121,222,-101
122000246,330,142,188
122000247,697,540,157
122000248,901,1378,-477
122000249,1669,751,918
122000250,1751,1042,709
122000251,186,428,-242
122000252,457,130,327
122000253,44,213,-169
122000254,248,85,163
122000255,664,1284,-620
122000256,326,685,-359
122000257,201,243,-42
122000258,220,212,8
122000259,12,324,-312
122000260,4,40,-36
122000261,13,146,-133
122000262,0,48,-48
122000263,315,137,178
122000264,1137,285,852
122000265,1817,796,1021
122000266,3497,680,2817
122000267,89,103,-14
122000268,139,332,-193
122000269,690,293,397
122000270,543,127,416
122000271,270,792,-522
122000272,404,765,-361
122000273,447,361,86
122000274,248,158,90
122000275,79,166,-87
122000276,700,433,267
122000277,1021,1447,-426
122000278,1446,684,762
122000279,178,390,-212
122000280,663,521,142
122000281,624,571,53
122000282,220,543,-323
122000283,249,171,78
122000284,192,74,118
122000285,324,102,222
122000286,52,162,-110
122000287,1050,1221,-171
122000288,406,262,144
122000291,1570,653,917
122000293,246,242,4
122000294,181,199,-18
122000295,1160,179,981
122000296,33,412,-379
122000297,1800,2554,-754
122000299,507,296,211
122000300,448,441,7
122000301,6703,2731,3972
122000302,431,1114,-683
122000303,2275,1014,1261
122000304,67,163,-96
122000305,842,522,320
122000306,48,517,-469
122000307,104,125,-21
122000309,111,60,51
122000310,31,128,-97
122000311,196,125,71
122000312,137,178,-41
122000313,133,69,64
122000314,102,171,-69
122000315,229,38,191
122000316,623,194,429
122000317,1232,272,960
122000318,275,374,-99
122000319,216,293,-77
122000320,337,918,-581
122000321,80,127,-47
122000322,1889,1759,130
122000323,1416,1968,-552
122000324,1045,1057,-12
122000325,855,1509,-654
122000326,79,74,5
122000327,435,611,-176
122000328,698,630,68
122000330,1741,705,1036
122000332,174,322,-148
122000333,18,106,-88
122000337,959,1135,-176
122000338,411,254,157
122000340,327,428,-101
122000342,1357,786,571
122000343,440,928,-488
122000344,47,12,35
122000345,16,19,-3
122000346,279,343,-64
122000348,575,515,60
122000349,101,520,-419
122000351,141,142,-1
122000352,322,157,165
122000353,83,92,-9
122000355,149,250,-101
122000356,1132,1161,-29
122000357,101,18,83
122000358,1,39,-38
122000359,0,16,-16
122000360,0,37,-37
122000362,3,66,-63
122000364,160,245,-85
122000365,4,39,-35
122000366,7,9,-2
122000368,445,517,-72
122000370,36,47,-11
122000371,24,0,24
122000372,14,2,12
122000381,88,273,-185
122000382,84,203,-119
122000384,2375,1020,1355
122000385,51,1,50
122000386,280,975,-695
122000387,395,570,-175
122000388,1176,539,637
122000389,169,537,-368
122000390,350,223,127
122000391,270,203,67
122000392,151,168,-17
122000393,84,123,-39
122000394,485,216,269
122000395,148,116,32
122000396,325,111,214
122000397,33,54,-21
122000398,57,20,37
122000399,157,78,79
122000400,126,516,-390
122000401,143,88,55
122000402,216,107,109
122000403,382,592,-210
122000404,156,150,6
122000408,618,772,-154
122000503,24,91,-67
122000524,208,149,59
122000544,58,1682,-1624
122000614,366,281,85
122000616,205,1,204
122000640,71,74,-3
122000641,125,269,-144
122000642,984,713,271
122000643,60,129,-69
122000644,91,20,71
122000645,130,149,-19
122000651,1184,794,390
122000664,112,20,92
122000665,1091,516,575
122000666,580,1022,-442
122000673,25,193,-168
122000674,127,55,72
122000675,1424,602,822
122000686,534,716,-182
122000687,1223,289,934
122000688,257,495,-238
122000689,746,337,409
122000690,1584,396,1188
122000691,712,1202,-490
122000692,1087,328,759
122000693,355,1260,-905
122000695,238,333,-95
122000696,363,178,185
122000698,415,560,-145
122000699,181,51,130
122000701,1174,274,900
122000702,495,864,-369
122000703,139,53,86
122000712,0,0,0
122000717,68,51,17
122000718,444,1290,-846
122000719,107,51,56
122000720,506,145,361
122000724,337,305,32
122900001,27,10,17
122900002,890,3441,-2551
122900003,301,36,265
122900004,954,51,903
122900005,94,57,37
122900006,555,499,56
122900007,154,62,92
122900008,350,67,283
122900009,557,352,205
122900010,202,127,75
122900012,228,377,-149
122900014,113,178,-65
122900015,1368,922,446
122900016,102,221,-119
122900017,287,685,-398
122900018,178,17,161
122900019,20,148,-128
122900020,176,281,-105
122900021,45,342,-297
122900022,799,723,76
122900023,274,111,163
122900024,110,76,34
122900025,18,263,-245
122900026,65,238,-173
122900027,40,563,-523
122900028,89,115,-26
122900029,3442,2296,1146
122900030,786,528,258
122900031,77,234,-157
122900032,113,282,-169
122900033,174,144,30
122900034,3606,3778,-172
122900035,51,34,17
122900036,52,105,-53
122900037,284,153,131
122900038,102,2052,-1950
122900039,83,483,-400
122900040,245,286,-41
122900041,218,248,-30
122900042,142,271,-129
122900043,317,211,106
122900044,99,283,-184
122900045,117,108,9
122900046,148,183,-35
122900047,178,183,-5
122900048,68,135,-67
122900049,1216,129,1087
122900051,96,122,-26
122900052,86,134,-48
122900053,23,33,-10
122900055,300,122,178
122900057,213,56,157
122900061,361,185,176
122900062,474,479,-5
122900063,158,228,-70
122900064,658,304,354
122900065,482,258,224
122900066,591,391,200
122900067,927,491,436
122900069,340,968,-628
122900070,301,48,253
122900071,129,284,-155
122900073,46,164,-118
122900074,733,491,242
122900075,4,68,-64
122900076,5,165,-160
122900077,3,92,-89
122900078,168,41,127
122900080,63,34,29
122900081,135,169,-34
122900082,821,252,569
122900083,143,210,-67
122900084,13,168,-155
122900086,4,71,-67
122900087,236,418,-182
122900088,34,184,-150
122900089,16,182,-166
122900090,11,347,-336
122900091,220,2,218
122900092,1,120,-119
122900093,0,145,-145
122900094,5,161,-156
122900095,124,9,115
122900096,372,229,143
122900097,17,21,-4
122900098,67,64,3
122900099,57,23,34
122900100,117,217,-100
122900101,448,257,191
122900102,32,40,-8
122900103,127,12,115
122900104,178,14,164
122900105,11,7,4
122900106,3,51,-48
122900107,7,131,-124
122900108,1,177,-176
122900109,193,84,109
123000001,1078,401,677
123000002,2664,3923,-1259
123000003,3036,3204,-168
123000004,2536,3261,-725
123000005,2188,2328,-140
123000006,1773,1887,-114
123000007,3043,2245,798
123000008,2326,2556,-230
123000009,3414,2271,1143
123000010,2666,2714,-48
123000011,1923,669,1254
123000012,681,1792,-1111
123000013,2634,731,1903
123000014,783,2534,-1751
123000015,2342,911,1431
123000016,3017,2990,27
123000017,2846,1535,1311
123000018,47,86,-39
123000019,267,103,164
123000020,176,76,100
123000021,116,211,-95
123000022,328,1713,-1385
123000023,1303,1317,-14
123000024,1343,580,763
123000025,244,130,114
123000026,54,76,-22
123000027,332,513,-181
123000028,1373,916,457
123000029,1320,1204,116
123000030,172,271,-99
123000031,200,190,10
123000032,403,152,251
123000033,216,90,126
123000034,977,684,293
123000035,360,318,42
123000036,217,795,-578
123000037,228,253,-25
123000038,42,192,-150
123000039,393,1209,-816
123000040,583,271,312
123000041,1087,1080,7
123000042,984,659,325
123000043,2287,5852,-3565
123000044,3778,2174,1604
123000045,4676,2400,2276
123000046,631,1232,-601
123000047,1564,837,727
123000048,64,613,-549
123000049,4646,6977,-2331
123000050,1249,1134,115
123000051,108,146,-38
123000052,620,2769,-2149
123000053,2066,2930,-864
123000054,1222,1265,-43
123000055,1098,1766,-668
123000056,1090,1375,-285
123000057,8898,5639,3259
123000058,560,892,-332
123000059,412,422,-10
123000060,798,339,459
123000061,248,707,-459
123000063,675,697,-22
123000064,928,235,693
123000065,3565,2246,1319
123000066,620,480,140
123000067,675,480,195
123000068,2329,2357,-28
123000069,4978,2622,2356
123000070,280,656,-376
123000071,868,783,85
123000072,950,741,209
123000073,1030,675,355
123000074,877,964,-87
123000075,343,961,-618
123000076,738,601,137
123000077,1888,1942,-54
123000078,1450,1487,-37
123000079,1309,1541,-232
123000080,1921,1389,532
123000081,151,347,-196
123000082,304,982,-678
123000083,843,251,592
123000084,606,593,13
123000085,236,98,138
123000086,457,167,290
123000087,308,246,62
123000088,1119,700,419
123000089,419,969,-550
123000090,984,762,222
123000091,1342,1220,122
123000092,906,995,-89
123000094,512,209,303
123000095,492,512,-20
123000096,588,303,285
123000097,448,539,-91
123000098,712,479,233
123000099,529,602,-73
123000100,479,609,-130
123000101,525,616,-91
123000102,490,557,-67
123000104,358,386,-28
123000105,539,396,143
123000106,491,357,134
123000107,278,527,-249
123000108,743,962,-219
123000111,643,305,338
123000112,1032,513,519
123000113,363,754,-391
123000114,345,538,-193
123000115,283,271,12
123000116,44,91,-47
123000117,1227,1432,-205
123000118,387,657,-270
123000119,247,701,-454
123000120,310,678,-368
123000121,473,669,-196
123000122,298,280,18
123000123,359,491,-132
123000124,420,480,-60
123000125,896,762,134
123000126,1263,4524,-3261
123000127,705,605,100
123000128,235,282,-47
123000129,679,232,447
123000130,520,79,441
123000131,748,597,151
123000132,357,503,-146
123000133,224,308,-84
123000134,244,192,52
123000135,1463,724,739
123000136,200,545,-345
123000137,142,210,-68
123000138,90,338,-248
123000139,474,129,345
123000140,96,568,-472
123000141,690,179,511
123000142,794,849,-55
123000143,1053,1634,-581
123000144,66,16,50
123000145,187,100,87
123000146,27,59,-32
123000147,73,106,-33
123000149,348,285,63
123000150,120,232,-112
123000151,229,355,-126
123000152,118,324,-206
123000153,430,592,-162
123000154,1343,1547,-204
123000155,1752,907,845
123000156,33,111,-78
123000157,556,686,-130
123000158,485,769,-284
123000159,2355,2002,353
123000160,1080,802,278
123000161,1285,877,408
123000162,842,1263,-421
123000163,413,85,328
123000164,1158,304,854
123000165,392,1157,-765
123000166,32,128,-96
123000167,127,246,-119
123000168,294,185,109
123000169,656,146,510
123000170,102,95,7
123000171,629,19,610
123000172,264,400,-136
123000173,449,210,239
123000174,861,392,469
123000175,451,910,-459
123000176,884,209,675
123000177,226,715,-489
123000178,653,138,515
123000179,53,403,-350
123000180,981,373,608
123000181,148,681,-533
123000183,181,562,-381
123000184,86,412,-326
123000186,4,423,-419
123000187,531,5,526
123000188,229,1,228
123000189,213,128,85
123000190,45,50,-5
123000192,19,370,-351
123000193,85,673,-588
123000194,414,323,91
123000195,301,43,258
123000196,257,32,225
123000197,61,106,-45
123000198,22,317,-295
123000199,7,417,-410
123000200,522,10,512
123000201,942,16,926
123000202,13,738,-725
123000203,980,52,928
123000204,78,859,-781
123000205,405,1167,-762
123000206,1924,262,1662
123000207,95,677,-582
123000208,448,175,273
123000209,1773,704,1069
123000210,383,1455,-1072
123000211,545,1765,-1220
123000212,2415,525,1890
123000213,579,102,477
123000215,74,178,-104
123000216,118,463,-345
123000217,194,57,137
123000218,46,571,-525
123000219,621,93,528
123000220,453,61,392
123000221,152,86,66
123000222,253,243,10
123000223,247,206,41
123000224,358,360,-2
123000225,208,60,148
123000226,55,250,-195
123000227,86,286,-200
123000228,238,54,184
123000229,899,1077,-178
123000232,108,386,-278
123000233,616,147,469
123000234,103,494,-391
123000235,780,245,535
123000236,222,496,-274
123000237,243,72,171
123000238,83,366,-283
123000239,403,965,-562
123000240,63,372,-309
123000241,487,53,434
123000242,93,128,-35
123000243,627,655,-28
123000244,683,596,87
123000245,52,155,-103
123000249,236,382,-146
123000252,628,218,410
123000253,956,489,467
123000254,465,699,-234
123000255,952,878,74
123000256,33,185,-152
123000257,1818,1212,606
123000258,881,985,-104
123000259,299,386,-87
123000260,422,374,48
123000261,185,115,70
123000262,131,118,13
123000263,391,100,291
123000264,215,76,139
123000265,35,103,-68
123000266,486,519,-33
123000267,485,332,153
123000268,39,82,-43
123000269,37,54,-17
123000270,49,51,-2
123000271,56,58,-2
123000272,614,258,356
123000273,213,511,-298
123000274,994,409,585
123000275,276,672,-396
123000278,1943,1912,31
123000279,97,88,9
123000280,299,329,-30
123000281,265,92,173
123000282,110,256,-146
123000283,144,62,82
123000284,62,64,-2
123000286,257,278,-21
123000287,512,227,285
123000288,1133,669,464
123000289,460,752,-292
123000291,240,697,-457
123000294,181,251,-70
123000295,777,694,83
123000296,416,352,64
123000297,666,490,176
123000298,571,419,152
123000299,61,203,-142
123000300,957,928,29
123000301,115,238,-123
123000302,94,140,-46
123000303,94,218,-124
123000305,756,795,-39
123000306,121,105,16
123000309,50,71,-21
123000310,54,35,19
123000311,0,57,-57
123000312,598,850,-252
123000313,964,399,565
123000315,153,256,-103
123000316,713,285,428
123000317,179,63,116
123000318,67,151,-84
123000329,5,7,-2
123000337,650,289,361
123000338,381,47,334
123000339,213,154,59
123000340,106,338,-232
123000342,42,121,-79
123000343,44,10,34
123000344,1010,415,595
123000345,268,547,-279
123000346,396,37,359
123000352,924,663,261
123000353,43,125,-82
123000354,184,3,181
123000355,0,226,-226
123000356,354,5,349
123000357,1,82,-81
123000359,4,113,-109
123000360,158,58,100
123000361,192,224,-32
123000362,273,98,175
123000363,73,122,-49
123000364,399,373,26
123000365,13,275,-262
123000366,360,1530,-1170
123000367,577,983,-406
123000370,42,211,-169
123000371,405,21,384
123000372,253,17,236
123000373,9,257,-248
123000374,6,127,-121
123000375,318,45,273
123000376,761,535,226
123000377,259,16,243
123000378,14,153,-139
123000379,7,142,-135
123000380,41,262,-221
123000381,113,66,47
123000382,699,76,623
123000383,129,846,-717
123000384,389,95,294
123000385,138,382,-244
123000436,52,494,-442
123000507,131,179,-48
123000508,163,756,-593
123000517,296,37,259
123000518,46,240,-194
123000519,144,84,60
123000520,68,185,-117
123000521,316,73,243
123000522,176,304,-128
123000541,7,4,3
123000542,0,11,-11
123000565,802,62,740
123000566,297,400,-103
123000567,99,200,-101
123000573,39,527,-488
123000574,471,79,392
123000575,1022,840,182
123000576,585,1075,-490
123000577,63,450,-387
123000578,354,62,292
123000579,1884,3888,-2004
123000580,131,43,88
123000582,284,31,253
123000583,10,225,-215
123000584,149,286,-137
123000585,0,71,-71
123000586,43,0,43
123000596,82,74,8
123000597,34,122,-88
123000602,43,12,31
123000603,545,338,207
123000604,453,523,-70
123000605,684,60,624
123000606,0,266,-266
123000609,19,212,-193
123000610,176,112,64
123000613,24,211,-187
123000614,176,39,137
123000615,55,144,-89
123000616,411,68,343
123000617,128,250,-122
123000618,105,376,-271
123000619,390,60,330
123000620,24,286,-262
123000622,335,18,317
123000624,144,66,78
123000630,905,196,709
123000631,267,935,-668
123000632,822,827,-5
123000633,20,245,-225
123000634,52,110,-58
123000635,72,87,-15
123000636,131,570,-439
123000637,186,31,155
123000638,426,27,399
123000639,709,2979,-2270
123000640,31,531,-500
123000648,310,93,217
123000649,55,401,-346
123000650,419,252,167
123000651,32,320,-288
123900001,912,58,854
123900002,16,860,-844
123900003,255,310,-55
123900005,164,111,53
123900006,260,48,212
124000001,1419,138,1281
124000002,87,1197,-1110
124000003,704,165,539
124000004,81,406,-325
124000005,832,385,447
124000006,202,816,-614
124000007,357,117,240
124000008,10,423,-413
124000009,573,186,387
124000010,201,405,-204
124000011,659,234,425
124000012,280,381,-101
124000017,145,131,14
124000018,72,60,12
124000019,137,124,13
124000020,43,149,-106
124000021,88,68,20
124000022,57,135,-78
124000023,1185,1207,-22
124000024,756,479,277
124000025,886,1449,-563
124000026,895,766,129
124000027,3286,3820,-534
124000028,1699,3190,-1491
124000030,1364,659,705
124000031,1150,2083,-933
124000032,1836,800,1036
124000033,868,506,362
124000034,596,754,-158
124000035,270,239,31
124000036,135,393,-258
124000037,431,1141,-710
124000038,57,98,-41
124000039,850,491,359
124000040,442,1062,-620
124000041,341,101,240
124000042,101,343,-242
124000043,85,81,4
124000044,45,140,-95
124000045,714,501,213
124000046,281,476,-195
124000047,1254,672,582
124000048,932,941,-9
124000049,1443,531,912
124000050,700,1213,-513
124000051,775,463,312
124000052,634,691,-57
124000053,454,1296,-842
124000054,794,451,343
124000055,1133,2156,-1023
124000056,1682,1129,553
124000057,897,446,451
124000058,414,995,-581
124000059,528,966,-438
124000060,875,554,321
124000061,1208,4483,-3275
124000062,2889,1489,1400
124000063,1048,1382,-334
124000064,1759,1144,615
124000065,68,225,-157
124000066,278,100,178
124000067,139,147,-8
124000068,73,179,-106
124000069,613,125,488
124000070,238,320,-82
124000071,303,79,224
124000072,102,192,-90
124000073,858,165,693
124000074,186,505,-319
124000075,256,30,226
124000076,17,156,-139
124000077,1516,759,757
124000078,2341,1536,805
124000079,303,1164,-861
124000080,498,138,360
124000081,248,312,-64
124000082,57,121,-64
124000083,65,110,-45
124000084,94,413,-319
124000085,77,57,20
124000086,33,86,-53
124000087,136,63,73
124000088,136,347,-211
124000089,724,316,408
124000090,144,286,-142
124000091,464,116,348
124000092,156,501,-345
124000093,117,87,30
124000094,161,321,-160
124000095,69,83,-14
124000096,114,224,-110
124000097,129,141,-12
124000098,62,96,-34
124000099,266,94,172
124000100,63,88,-25
124000101,67,94,-27
124000102,68,55,13
124000103,87,98,-11
124000104,77,38,39
124000105,69,128,-59
124000106,141,53,88
124000107,13,174,-161
124000108,52,15,37
124000109,116,84,32
124000110,194,99,95
124000111,201,107,94
124000112,480,510,-30
124000113,93,109,-16
124000114,268,307,-39
124000115,378,540,-162
124000116,104,157,-53
124000117,47,91,-44
124000118,55,77,-22
124000119,797,406,391
124000120,440,382,58
124000121,1102,559,543
124000122,510,1059,-549
124000123,761,463,298
124000124,337,935,-598
124000125,325,428,-103
124000126,232,445,-213
124000127,747,301,446
124000128,584,750,-166
124000129,1616,1247,369
124000130,676,534,142
124000131,756,526,230
124000132,776,637,139
124000133,657,585,72
124000134,749,490,259
124000135,1245,1308,-63
124000136,647,718,-71
124000137,954,690,264
124000138,1040,989,51
124000139,638,87,551
124000140,78,453,-375
124000141,710,35,675
124000142,67,439,-372
124000143,99,18,81
124000144,12,117,-105
124000145,143,51,92
124000146,40,68,-28
124000148,102,89,13
124000149,1166,429,737
124000150,278,628,-350
124000151,827,441,386
124000152,690,1144,-454
124000153,687,637,50
124000154,412,603,-191
124000155,1211,869,342
124000156,1290,848,442
124000169,204,309,-105
124000170,492,332,160
124000171,268,185,83
124000172,314,389,-75
124000173,389,188,201
124000174,341,403,-62
124000175,6,81,-75
124000176,31,9,22
124000177,4,27,-23
124000178,41,55,-14
124000185,27,6,21
124000186,12,33,-21
124000187,10,42,-32
124000188,42,4,38
124000190,84,46,38
124000191,118,177,-59
124000192,1215,253,962
124000193,344,592,-248
124000194,307,367,-60
124000195,232,577,-345
124000196,907,805,102
124000197,54,41,13
124000198,26,42,-16
124000201,321,670,-349
124000202,466,56,410
124000203,423,399,24
124000204,669,130,539
124000205,146,313,-167
124000206,723,65,658
124000207,0,41,-41
124000209,218,251,-33
124000210,432,132,300
124000211,571,4,567
124000212,0,255,-255
124000213,409,214,195
124000214,327,547,-220
124000215,218,28,190
124000216,2,250,-248
124000329,18,554,-536
124000338,266,789,-523
124000339,726,103,623
124000341,1220,97,1123
124000344,93,23,70
124000357,737,1653,-916
124000358,727,1153,-426
124000359,766,610,156
124000360,630,413,217
124000361,1098,626,472
124000362,843,967,-124
124000363,206,281,-75
124000364,417,596,-179
124000365,508,827,-319
124000366,1015,660,355
124000367,96,358,-262
124000368,465,375,90
124000369,109,76,33
124000370,55,325,-270
124000402,38,12,26
124000403,91,16,75
124000404,12,84,-72
124000405,803,710,93
124000406,704,666,38
124000407,5,35,-30
124000411,13,231,-218
124000412,493,12,481
124000413,172,24,148
124000414,56,123,-67
124000415,63,89,-26
124000416,133,214,-81
124000417,120,93,27
124000418,173,83,90
124000419,111,133,-22
124000420,73,65,8
124000421,47,141,-94
124000422,35,16,19
124000423,110,30,80
124000424,4,152,-148
124000425,144,6,138
124000426,10,179,-169
124000427,179,6,173
124000428,15,31,-16
124000429,50,49,1
124000430,302,125,177
124000431,235,320,-85
124000432,245,532,-287
124000439,8,6,2
124000443,0,6,-6
124000445,393,812,-419
124000446,1024,252,772
124000447,31,150,-119
124000448,80,10,70
124000449,128,3,125
124000450,19,144,-125
124000451,10,77,-67
124900001,511,302,209
124900002,153,264,-111
124900003,980,557,423
124900004,597,228,369
124900005,218,108,110
124900006,633,332,301
124900008,872,505,367
124900009,180,309,-129
124900010,239,166,73
124900011,429,206,223
124900012,409,108,301
124900013,520,147,373
124900014,239,36,203
124900015,121,282,-161
124900016,74,70,4
124900017,416,1089,-673
124900018,68,22,46
124900020,59,41,18
124900021,308,38,270
124900022,59,2,57
124900024,214,14,200
124900026,117,30,87
124900027,65,342,-277
124900028,298,76,222
124900029,11,445,-434
124900030,5,75,-70
124900031,48,181,-133
124900032,137,211,-74
124900033,142,202,-60
124900034,9,83,-74
124900035,125,264,-139
124900036,2,49,-47
124900037,175,188,-13
124900039,4,59,-55
124900040,182,53,129
124900042,101,3,98
124900043,516,977,-461
124900044,70,3,67
124900045,505,740,-235
124900047,533,356,177
124900048,199,103,96
124900050,147,169,-22
124900052,91,225,-134
124900053,252,359,-107
124900054,665,386,279
124900055,7,301,-294
124900057,12,36,-24
124900060,544,537,7
124900061,77,8,69
124900062,214,26,188
124900066,0,203,-203
124900067,5,97,-92
124900068,219,414,-195
124900070,50,21,29
124900072,111,48,63
124900075,199,206,-7
124900076,27,949,-922
124900077,16,84,-68
124900078,106,18,88
124900079,389,169,220
124900080,359,590,-231
124900081,901,246,655
124900082,505,1112,-607
124900083,406,812,-406
124900085,1959,944,1015
124900086,41,1078,-1037
124900087,1185,120,1065
124900088,787,262,525
124900089,957,36,921
124900090,254,215,39
124900091,272,256,16
124900092,180,196,-16
124900093,293,142,151
124900094,342,209,133
124900095,95,380,-285
124900096,410,253,157
124900097,262,61,201
124900098,93,231,-138
124900099,428,404,24
124900100,235,44,191
124900101,91,414,-323
124900102,167,18,149
124900103,125,168,-43
124900104,97,135,-38
124900105,128,103,25
124900106,331,36,295
124900107,88,5,83
124900108,143,75,68
124900111,0,119,-119
124900112,215,573,-358
124900113,87,383,-296
124900114,165,165,0
124900115,70,30,40
124900116,188,131,57
124900117,284,139,145
124900118,141,237,-96
124900119,339,190,149
124900120,41,273,-232
124900121,114,342,-228
124900122,300,197,103
124900123,276,154,122
124900124,129,324,-195
204000001,106,8,98
204000002,27,6,21
204000003,14,3,11
204000004,12,1,11
204000005,651,506,145
204000006,1021,1054,-33
204000011,9,26,-17
204000012,48,104,-56
204000019,577,408,169
204000020,510,468,42
204000021,1027,584,443
204000022,548,377,171
204000023,535,607,-72
204000031,105,13,92
204000032,292,20,272
204000034,53,116,-63
204000035,2,0,2
204000036,4,7,-3
204000037,2,20,-18
204000038,0,15,-15
204000039,7,30,-23
204000040,2,18,-16
204000041,6,15,-9
204000042,26,5,21
204000043,34,0,34
204000044,22,2,20
204000045,27,0,27
204000046,4,0,4
204000057,1,4,-3
204000062,26,85,-59
204000068,24,270,-246
204000069,35,233,-198
204000070,61,69,-8
204000080,47,69,-22
204000085,1680,1257,423
204000086,2211,1427,784
204000087,29,6,23
204000088,6,84,-78
204000090,73,238,-165
204000093,322,72,250
204000096,679,996,-317
204000097,363,37,326
204000099,890,1200,-310
204000100,1169,1659,-490
204000105,1934,1153,781
204000110,393,690,-297
204000111,441,377,64
204000112,570,391,179
204000113,445,525,-80
204000114,591,488,103
204000115,484,322,162
204000116,522,454,68
204000119,1542,2338,-796
204000132,663,294,369
204000133,779,189,590
204000134,167,86,81
204000135,499,63,436
204000136,694,179,515
204000138,407,386,21
204000140,255,145,110
204000141,141,78,63
204000144,12,23,-11
204000145,421,39,382
204000146,19,283,-264
204000147,37,140,-103
204000148,244,23,221
204000154,14,1,13
204000155,5,6,-1
204000177,65,41,24
204000179,29,5,24
204000180,1,40,-39
204000222,0,4,-4
204000235,12,17,-5
204000236,64,228,-164
204000238,37,26,11
204000240,288,68,220
204000263,613,907,-294
204000268,954,726,228
204000308,145,25,120
204000317,15,69,-54
204000322,2,29,-27
204000323,8,7,1
204000328,212,82,130
204000329,83,206,-123
204000330,153,60,93
204000331,123,124,-1
205000001,739,1390,-651
205000013,9,49,-40
205000014,10,61,-51
205000015,20,149,-129
205000016,16,124,-108
205000017,10,74,-64
205000022,282,630,-348
205000025,1075,976,99
205000029,178,10,168
205000045,109,400,-291
205000046,104,436,-332
205000047,43,368,-325
205000048,299,788,-489
205000049,194,733,-539
205000050,544,261,283
205000059,1,126,-125
205000060,1,62,-61
205000061,0,50,-50
205000062,7,63,-56
205000063,14,85,-71
205000064,12,78,-66
205000065,61,376,-315
205000066,70,560,-490
205000067,18,687,-669
205000069,194,17,177
205000082,205,138,67
205000110,86,238,-152
205000111,175,191,-16
205000112,123,180,-57
205000113,121,280,-159
205000121,242,43,199
205000123,37,160,-123
205000126,417,80,337
205000127,662,122,540
205000128,399,61,338
205000129,610,73,537
205000130,214,26,188
205000131,157,8,149
205000132,144,1,143
205000133,84,0,84
205000134,229,2,227
205000137,50,114,-64
205000138,110,248,-138
205000139,20,94,-74
205000144,72,81,-9
205000145,259,149,110
205000151,126,29,97
205000152,164,24,140
205000153,271,12,259
205000154,80,34,46
205000155,91,7,84
205000207,11,123,-112
205000233,15,0,15
205000234,0,2,-2
205000243,0,0,0
205000244,0,3,-3
205000245,10,101,-91
205000249,1,18,-17
205000250,3,0,3
205000264,4,72,-68
206000027,0,4,-4
206000028,1,1,0
206000043,4,42,-38
206000053,1,5,-4
206000054,14,25,-11
206000055,1,14,-13
206000075,7,8,-1
206000076,19,14,5
206000077,15,6,9
206000078,18,10,8
206000079,15,3,12
206000082,301,28,273
206000100,35,299,-264
206000103,2,8,-6
206000104,11,23,-12
206000105,9,12,-3
206000106,3,21,-18
206000125,45,0,45
206000157,44,351,-307
206000170,0,128,-128
206000171,2,111,-109
206000172,4,203,-199
206000173,2,118,-116
206000174,7,46,-39
206000175,4,59,-55
206000176,27,148,-121
206000177,0,102,-102
206000178,5,131,-126
206000179,3,81,-78
206000180,3,122,-119
206000181,5,81,-76
206000182,11,87,-76
206000183,19,357,-338
206000184,8,178,-170
206000185,4,91,-87
206000186,68,561,-493
206000223,4,161,-157
206000226,21,0,21
206000227,8,2,6
206000237,33,213,-180
206000238,22,369,-347
206000239,205,1183,-978
206000240,3,56,-53
206000241,1,58,-57
206000242,11,141,-130
206000243,7,116,-109
206000244,38,347,-309
206000245,592,65,527
206000246,160,14,146
206000247,143,8,135
206000248,288,15,273
206000252,47,24,23
206000258,11,28,-17
206000315,23,11,12
206000317,364,108,256
206000318,406,65,341
206000319,1016,79,937
206000320,114,42,72
206000321,139,5,134
206000322,396,19,377
206000323,103,9,94
206000324,118,7,111
206000325,129,13,116
206000326,109,8,101
206000327,142,7,135
206000328,140,0,140
206000329,231,5,226
206000330,36,1,35
206000331,136,2,134
206000332,28,2,26
206000333,412,2,410
206000334,193,1,192
206000335,0,19,-19
206000361,3,129,-126
206000392,2,11,-9
206000405,102,0,102
206000441,38,7,31
206000498,36,5,31
206000515,81,41,40
206000530,210,70,140
206000531,159,154,5
206000532,1223,201,1022
206000535,182,1242,-1060
206000536,10,106,-96
206000537,22,132,-110
206000613,1024,165,859
206000784,377,34,343
207000001,129,487,-358
207000002,106,284,-178
207000003,149,126,23
207000007,708,226,482
207000008,93,6,87
207000009,59,28,31
207000010,293,268,25
207000012,233,178,55
207000015,217,828,-611
207000019,212,69,143
207000021,393,128,265
207000022,145,90,55
207000023,200,36,164
207000024,2,16,-14
207000025,23,55,-32
207000026,69,34,35
207000027,17,38,-21
207000028,64,153,-89
207000029,181,337,-156
207000033,181,338,-157
207000034,190,66,124
207000039,299,99,200
207000040,309,63,246
207000041,47,36,11
207000042,133,72,61
207000043,172,140,32
207000051,98,168,-70
207000052,17,94,-77
207000053,354,385,-31
207000054,46,72,-26
207000055,164,89,75
207000056,325,248,77
207000057,141,211,-70
207000058,182,195,-13
207000059,102,312,-210
207000060,52,129,-77
207000061,204,364,-160
207000062,284,42,242
207000063,257,100,157
207000064,253,96,157
207000065,309,147,162
207000066,158,102,56
207000067,38,75,-37
207000068,92,54,38
207000069,503,295,208
207000082,8,170,-162
207000083,66,201,-135
207000084,247,252,-5
207000085,161,33,128
207000086,199,4,195
207000106,30,22,8
207000107,57,22,35
207000108,36,7,29
207000109,66,12,54
207000110,39,64,-25
207000111,86,71,15
207000112,123,530,-407
207000114,22,28,-6
207000115,10,71,-61
207000116,18,308,-290
207000117,14,64,-50
207000118,7,45,-38
207000119,35,48,-13
207000123,140,18,122
207000124,68,26,42
207000125,46,39,7
207000126,71,52,19
207000134,68,125,-57
207000135,24,158,-134
207000148,53,191,-138
207000149,44,34,10
207000152,120,283,-163
207000153,673,1089,-416
207000154,389,143,246
207000159,81,113,-32
207000160,123,297,-174
207000238,0,193,-193
207000242,10,135,-125
207000248,57,44,13
207000249,105,20,85
207000250,538,69,469
207000251,75,51,24
207000252,91,58,33
207000278,85,73,12
207000279,26,103,-77
207000280,466,56,410
207000281,112,614,-502
207000282,141,79,62
207000283,106,213,-107
207000284,40,165,-125
207000285,59,60,-1
207000291,36,74,-38
207000304,82,60,22
207000306,64,282,-218
207000310,61,62,-1
207000353,214,0,214
207000356,21,18,3
207000357,3,9,-6
207000358,7,16,-9
207000415,21,139,-118
207000417,56,8,48
207000418,93,96,-3
207000438,0,2,-2
207000439,646,526,120
207000446,154,11,143
207000460,29,2,27
207000466,159,105,54
207000467,173,90,83
207000468,42,204,-162
207000476,22,49,-27
207000477,653,70,583
207000478,0,33,-33
207000523,0,23,-23
207000524,68,0,68
207000527,111,99,12
207000530,391,9,382
207000531,274,13,261
207000532,41,16,25
207000534,327,53,274
207000535,35,255,-220
207000537,19,108,-89
207000540,5,132,-127
207000541,7,243,-236
207000548,18,210,-192
207000549,249,14,235
207000561,101,149,-48
207000562,38,148,-110
207000567,147,179,-32
207000568,232,76,156
207000569,387,468,-81
207000584,251,148,103
207000585,57,282,-225
207000587,123,30,93
207000616,0,90,-90
207000617,131,0,131
207000624,52,41,11
207000631,12,56,-44
207900008,225,92,133
208000001,529,976,-447
208000002,628,425,203
208000003,1165,365,800
208000004,994,601,393
208000005,6,14,-8
208000019,459,910,-451
208000020,143,438,-295
208000021,264,258,6
208000022,1000,396,604
208000028,810,777,33
208000033,575,439,136
208000034,992,953,39
208000037,213,17,196
208000040,139,135,4
208000041,765,458,307
208000042,870,477,393
208000047,150,143,7
208000064,1926,1300,626
208000066,1307,2121,-814
208000070,281,315,-34
208000071,320,642,-322
208000072,311,985,-674
208000080,293,282,11
208000081,375,118,257
208000082,256,252,4
208000083,94,303,-209
208000084,23,18,5
208000085,680,452,228
208000086,404,840,-436
208000087,263,636,-373
208000089,1075,255,820
208000090,1021,467,554
208000093,131,137,-6
208000094,466,304,162
208000095,567,439,128
208000104,758,741,17
208000105,608,821,-213
208000114,105,262,-157
208000115,413,289,124
208000116,438,847,-409
208000117,85,152,-67
208000118,97,137,-40
208000155,539,892,-353
208000158,1199,3296,-2097
208000186,2954,3613,-659
208000204,599,881,-282
208000205,1126,810,316
208000282,4354,2764,1590
209000004,244,138,106
209000005,34,39,-5
209000006,312,121,191
209000007,180,256,-76
209000010,308,88,220
209000011,153,217,-64
209000012,96,88,8
209000013,176,226,-50
209000014,389,631,-242
209000025,272,66,206
209000026,551,115,436
209000027,361,481,-120
209000028,273,472,-199
209000029,395,479,-84
209000030,405,803,-398
209000031,1693,1355,338
209000034,156,205,-49
209000035,125,161,-36
209000036,194,120,74
209000037,295,211,84
209000038,134,160,-26
209000039,58,140,-82
209000040,188,445,-257
209000041,117,386,-269
209000042,193,330,-137
209000043,587,799,-212
209000044,158,733,-575
209000045,1163,374,789
209000046,444,453,-9
209000047,309,163,146
209000048,560,301,259
209000049,95,86,9
209000050,190,122,68
209000051,297,241,56
209000052,191,188,3
209000062,41,63,-22
209000063,46,50,-4
209000064,62,60,2
209000065,91,21,70
209000066,55,40,15
209000067,95,44,51
209000080,19,142,-123
209000082,77,52,25
209000091,18,96,-78
209000093,39,19,20
209000094,154,196,-42
209000110,35,109,-74
209000111,389,1064,-675
209000112,640,457,183
209000113,1144,384,760
209000114,455,304,151
209000115,85,93,-8
209000116,487,270,217
209000118,10,33,-23
209000119,22,16,6
209000121,81,309,-228
209000135,64,195,-131
209000142,540,1041,-501
209000143,60,53,7
209000144,53,107,-54
209000229,260,158,102
209000240,21,173,-152
209000259,58,95,-37
209000260,20,596,-576
209000261,5,336,-331
209000262,3,253,-250
209000263,1,130,-129
209000264,1,62,-61
209000265,474,1,473
209000266,123,0,123
209000267,786,7,779
209000268,469,46,423
210000037,55,19,36
210000047,68,22,46
210000048,86,18,68
210000049,32,13,19
210000052,50,43,7
210000053,33,36,-3
210000054,56,46,10
210000070,91,4,87
210000071,80,0,80
210000072,37,0,37
210000073,0,17,-17
210000074,0,93,-93
210000075,5,87,-82
210000076,7,144,-137
210000077,13,41,-28
210000078,31,32,-1
210000079,21,9,12
210000080,55,45,10
210000081,144,19,125
210000082,160,7,153
210000083,59,2,57
210000084,35,0,35
210000085,0,58,-58
210000086,0,62,-62
210000099,39,219,-180
210000100,56,135,-79
210000101,79,145,-66
210000105,32,162,-130
210000159,0,169,-169
210000163,114,204,-90
210000164,243,153,90
210000168,106,36,70
210000187,0,22,-22
210000188,0,11,-11
210000214,22,1,21
210000219,33,49,-16
210000220,58,39,19
210000232,2,13,-11
210000233,38,50,-12
210000234,25,77,-52
210000235,90,42,48
210000245,1,48,-47
210000246,28,16,12
210000258,7,62,-55
210000259,329,55,274
210000282,67,180,-113
210000285,0,115,-115
210000286,14,112,-98
210000290,3,13,-10
210000295,39,110,-71
210000296,46,23,23
210000320,182,72,110
210000321,93,43,50
210000338,54,46,8
210000339,253,985,-732
210000340,116,311,-195
210000341,160,222,-62
210000342,173,129,44
210000343,136,182,-46
210000344,149,96,53
210000345,114,194,-80
210000346,72,85,-13
210000347,64,29,35
210000348,101,22,79
210000349,50,23,27
210000350,117,66,51
210000351,159,101,58
210000352,85,59,26
210000353,61,79,-18
210000354,81,63,18
210000355,45,80,-35
210000356,53,26,27
210000357,43,26,17
210000358,161,96,65
210000359,65,87,-22
210000360,139,90,49
210000361,166,127,39
210000362,228,190,38
210000363,615,261,354
210000364,111,106,5
210000365,73,67,6
210000366,102,42,60
210000367,95,26,69
210000368,129,25,104
210000369,21,18,3
210000370,43,33,10
210000372,24,21,3
210000373,25,20,5
210000374,43,18,25
210000375,53,54,-1
210000376,81,95,-14
210000404,41,72,-31
210000439,19,31,-12
210000472,93,5,88
210000482,54,78,-24
210000564,309,247,62
210000567,0,29,-29
210000568,307,3,304
211000092,27,50,-23
211000094,15,12,3
211000169,172,14,158
211000172,9,206,-197
211000209,1,11,-10
211000226,8,37,-29
211000270,34,14,20
211000275,13,23,-10
211000276,77,17,60
211000279,10,19,-9
211000281,43,25,18
211000302,21,71,-50
211507980,10,38,-28
211977296,34,2,32
212000003,96,44,52
212000004,19,16,3
212000005,14,13,1
212000006,22,52,-30
212000008,162,110,52
212000009,25,87,-62
212000012,73,70,3
212000013,32,48,-16
212000014,245,153,92
212000015,283,229,54
212000016,462,469,-7
212000027,459,415,44
212000028,275,375,-100
212000029,182,198,-16
212000030,54,34,20
212000031,65,45,20
212000048,28,116,-88
212000049,24,98,-74
212000050,9,18,-9
212000051,168,137,31
212000052,194,193,1
212000053,402,364,38
212000054,223,75,148
212000055,196,189,7
212000056,14,23,-9
212000057,16,25,-9
212000058,198,31,167
212000070,121,177,-56
212000077,112,424,-312
212000099,179,239,-60
212000108,116,111,5
212000111,180,90,90
212000120,75,47,28
212000138,133,24,109
212000156,7,83,-76
212000158,12,18,-6
212000159,331,47,284
212000160,460,211,249
212000161,60,4,56
212000310,30,18,12
212000311,25,43,-18
212000374,45,12,33
213000001,29,283,-254
213000005,320,126,194
213000006,874,292,582
213000007,128,20,108
213000009,694,480,214
213000010,156,271,-115
213000011,197,131,66
213000012,157,244,-87
213000014,102,18,84
213000015,343,12,331
213000016,418,5,413
213000017,138,1,137
213000018,1,137,-136
213000019,2,187,-185
213000020,85,338,-253
213000021,3,112,-109
213000023,269,162,107
213000033,272,1274,-1002
213000034,707,285,422
213000035,114,192,-78
213000045,208,207,1
213000046,190,146,44
213000047,615,1111,-496
213000056,106,27,79
213000069,61,1,60
213000073,3,50,-47
213000074,55,304,-249
213000075,478,11,467
213000076,33,2,31
213000085,3,44,-41
213000086,16,176,-160
213000091,167,11,156
213000092,37,6,31
213000099,165,1042,-877
213000100,931,275,656
213000101,303,112,191
213000102,422,209,213
213000103,757,672,85
213000104,49,280,-231
213000105,2,212,-210
213000106,19,94,-75
213000107,136,437,-301
213000108,36,333,-297
213000109,5,180,-175
213000110,31,61,-30
213000111,12,66,-54
213000112,145,112,33
213000115,59,18,41
213000116,33,270,-237
213000117,14,392,-378
213000118,306,228,78
213000119,37,513,-476
213000120,144,423,-279
213000122,121,373,-252
213000123,353,1013,-660
213000124,106,889,-783
213000125,116,20,96
213000126,78,108,-30
213000127,153,175,-22
213000128,437,893,-456
213000129,294,521,-227
213000130,565,254,311
213000132,310,81,229
213000133,478,115,363
213000134,680,24,656
213000136,426,32,394
213000137,571,72,499
213000139,339,18,321
213000147,72,9,63
213000148,24,5,19
213000149,27,7,20
213000150,0,95,-95
213000151,4,100,-96
213000152,2,60,-58
213000153,8,75,-67
213000154,27,153,-126
213000155,17,146,-129
213000156,83,320,-237
213000157,385,289,96
213000158,305,654,-349
213000159,478,506,-28
213000163,716,93,623
213000165,703,266,437
213000171,3,67,-64
213000172,4,234,-230
213000173,3,152,-149
213000174,3,80,-77
213000175,162,159,3
213000176,33,28,5
213000177,48,4,44
213000178,115,4,111
213000179,162,5,157
213000180,127,0,127
213000184,83,313,-230
213000188,251,97,154
213000189,267,46,221
213000190,751,651,100
213000191,286,360,-74
213000192,187,309,-122
213000193,728,285,443
213000194,5,45,-40
213000195,13,263,-250
213000196,175,961,-786
213000197,372,392,-20
213000198,55,7,48
213000200,117,620,-503
213000201,70,38,32
213000202,6,496,-490
213000203,2739,644,2095
213000204,612,91,521
213000205,169,86,83
213000206,357,40,317
213000207,115,14,101
213000208,71,2,69
213000209,155,5,150
213000210,319,4,315
213000211,8,32,-24
213000212,14,25,-11
213000213,28,56,-28
213000218,192,359,-167
213000219,410,24,386
213000220,358,8,350
213000223,141,238,-97
213000224,72,66,6
213000225,107,15,92
213000226,54,27,27
213000227,811,240,571
213000228,325,113,212
213000229,208,28,180
213000230,434,27,407
213000232,75,833,-758
213000233,9,74,-65
213000234,11,29,-18
213000293,16,61,-45
213000294,129,18,111
213000295,13,76,-63
213000296,42,21,21
213000297,4,74,-70
213000298,17,59,-42
213000299,49,47,2
213000300,21,15,6
213000303,7,24,-17
213000304,0,17,-17
213000305,5,9,-4
213000306,26,26,0
213000307,180,51,129
213000308,56,158,-102
213000309,112,58,54
213000310,299,195,104
213000311,245,599,-354
213000315,76,81,-5
213000316,151,41,110
213000322,124,86,38
213000323,115,207,-92
213000324,91,139,-48
213000325,41,117,-76
213000326,38,77,-39
213000327,108,77,31
213000328,173,91,82
213000329,132,177,-45
213000340,210,482,-272
213000341,473,96,377
213000346,197,256,-59
213000347,790,492,298
213000348,15,87,-72
213000349,40,7,33
213000350,234,720,-486
213000366,83,235,-152
213000367,180,32,148
213000379,93,44,49
213000386,10,231,-221
213000406,43,286,-243
213000417,954,401,553
213000425,451,280,171
213000426,384,263,121
213000427,60,136,-76
213000428,29,121,-92
213000429,12,4,8
213000430,109,484,-375
213000431,84,1,83
213000432,4,99,-95
213000433,10,76,-66
213000434,75,80,-5
213000435,175,172,3
213000436,34,34,0
213000437,71,64,7
213000438,97,76,21
213000439,45,16,29
213000440,121,252,-131
213000441,0,3,-3
213000442,204,177,27
213000443,304,297,7
213000444,46,136,-90
213000445,0,59,-59
213000446,1,167,-166
213000447,4,59,-55
213000448,3,156,-153
213000449,295,4,291
213000450,21,26,-5
213000451,203,58,145
213000452,7,10,-3
213000453,48,211,-163
213000455,424,3,421
213000456,0,283,-283
213000481,5,6,-1
213000482,36,6,30
213000489,218,49,169
213000491,0,124,-124
213000492,185,2,183
213000493,0,83,-83
213000494,219,126,93
213000495,0,89,-89
213000496,278,140,138
213000497,46,222,-176
213000498,143,133,10
213000499,174,364,-190
213000500,477,63,414
213000501,128,10,118
213000502,182,128,54
213000503,0,49,-49
213000504,6,65,-59
213000505,69,81,-12
213000506,0,14,-14
213000507,3,81,-78
213900244,59,1,58
213900245,0,24,-24
218000003,17,22,-5
218000004,40,46,-6
218000005,50,36,14
218000006,34,8,26
218000007,7,6,1
218000012,154,120,34
218000013,105,136,-31
218000014,343,307,36
218000019,731,507,224
218000020,254,391,-137
218000040,1,3,-2
218000046,28,67,-39
218000047,11,125,-114
218000048,38,83,-45
218000049,78,81,-3
218000050,224,189,35
218000051,52,146,-94
218000052,3,77,-74
218000053,3,4,-1
218000054,10,29,-19
218000055,5,19,-14
218000056,12,13,-1
218000057,0,17,-17
218000064,0,8,-8
218000065,88,45,43
218000066,13,35,-22
218000067,41,114,-73
218000068,123,78,45
218000069,217,126,91
218000070,191,211,-20
218000071,205,140,65
218000072,240,152,88
218000078,753,552,201
218000079,79,68,11
218000080,103,65,38
218000081,321,160,161
218000082,50,93,-43
218000083,63,39,24
218000084,133,89,44
218000085,140,221,-81
218000086,50,107,-57
218000087,160,124,36
218000090,20,96,-76
218000091,841,371,470
218000092,69,126,-57
218000093,57,43,14
218000094,357,503,-146
218000099,223,552,-329
218000100,175,237,-62
218000101,227,112,115
218000102,371,131,240
218000103,63,69,-6
218000104,74,34,40
218000105,33,19,14
218000106,7,10,-3
218000107,38,43,-5
218000108,9,34,-25
218000112,52,41,11
218000117,54,38,16
218000134,368,395,-27
218000135,45,75,-30
218000136,187,84,103
218000137,195,133,62
218000138,34,89,-55
218000139,152,227,-75
218000140,313,206,107
218000141,85,51,34
218000142,176,113,63
218000143,121,171,-50
218000144,51,72,-21
218000145,306,263,43
218000146,61,169,-108
218000151,1,14,-13
218000152,60,29,31
218000170,5,25,-20
218000171,17,4,13
218000172,6,8,-2
218000173,25,7,18
218000174,15,2,13
218000176,84,32,52
218000177,138,133,5
218000178,35,114,-79
218000179,52,36,16
218000180,36,13,23
218000181,92,28,64
218000187,10,20,-10
218000188,25,26,-1
218000189,20,48,-28
218000190,5,11,-6
218000191,160,51,109
218000192,139,148,-9
218000193,292,241,51
218000194,75,170,-95
218000195,97,62,35
218000196,268,201,67
218000197,237,223,14
218000198,25,115,-90
218000199,42,23,19
218000200,96,27,69
218000201,17,7,10
218000202,54,218,-164
218000207,3,16,-13
218000208,20,22,-2
218000211,40,11,29
218000213,62,68,-6
218000214,3,23,-20
218000215,27,33,-6
218000217,3,51,-48
218000218,106,33,73
218000219,17,15,2
218000220,80,200,-120
218000221,313,127,186
218000222,11,14,-3
218000223,11,193,-182
218000224,4,67,-63
218000225,80,14,66
218000226,53,19,34
218000232,38,37,1
218000239,126,10,116
218000240,16,3,13
218000241,68,0,68
218000242,56,5,51
218000243,131,1,130
218000244,59,4,55
218000245,7,1,6
218000246,4,0,4
218000247,1,0,1
218000248,0,13,-13
218000249,1,3,-2
218000250,1,9,-8
218000251,5,19,-14
218000252,3,42,-39
218000253,4,36,-32
218000254,4,36,-32
218000255,0,28,-28
218000256,3,92,-89
218000267,417,795,-378
218000268,10,47,-37
218000269,11,19,-8
218000270,89,35,54
218000271,26,45,-19
218000273,15,3,12
218000274,16,5,11
218000275,29,37,-8
218000276,7,48,-41
218000278,10,25,-15
218000279,100,53,47
218000280,6,37,-31
218000281,21,13,8
218000282,433,416,17
218000284,69,9,60
218000301,62,101,-39
218000302,96,56,40
218000303,24,38,-14
218000316,511,601,-90
218000317,907,696,211
218000318,508,546,-38
218000319,883,684,199
218000320,614,474,140
218000338,50,25,25
218000345,86,58,28
218000346,71,107,-36
218000459,15,175,-160
218000490,14,28,-14
218000501,67,47,20
218000502,52,79,-27
218000503,86,26,60
218000504,145,19,126
218000505,63,145,-82
218000506,38,278,-240
218000508,2,2,0
218000510,134,10,124
218000520,93,75,18
218000521,9,33,-24
218000522,1,98,-97
218000523,125,5,120
218000524,50,150,-100
218000525,125,10,115
218000526,24,99,-75
218000529,35,107,-72
218000531,21,14,7
218000532,20,15,5
218000534,90,14,76
218000537,23,47,-24
218000538,74,171,-97
218000540,159,60,99
218000543,115,29,86
218000544,40,54,-14
218000545,50,41,9
218000546,28,47,-19
218000547,72,136,-64
218000548,90,106,-16
218000549,289,451,-162
218000550,152,220,-68
218000551,91,773,-682
218000552,294,42,252
218000553,77,107,-30
218000554,21,27,-6
218000555,12,22,-10
218000556,163,123,40
218000557,201,118,83
218000558,44,2,42
218000559,0,25,-25
218000560,0,30,-30
218000561,17,0,17
218000562,20,137,-117
218000563,158,14,144
218000564,7,99,-92
218000565,177,15,162
218000566,327,16,311
218000567,1,75,-74
218000568,25,0,25
218000569,6,86,-80
218000570,189,7,182
218000571,6,100,-94
218000572,107,0,107
218000573,15,115,-100
218000574,178,32,146
218000575,129,0,129
218000576,0,79,-79
218000577,67,0,67
218000578,0,68,-68
218000579,28,4,24
218000581,2,30,-28
218000582,34,2,32
218000583,6,0,6
218000584,1,8,-7
218000585,51,2,49
218000586,7,25,-18
218000587,4,2,2
218000588,5,3,2
218000589,0,3,-3
218000590,2,0,2
218000591,7,1,6
218000592,4,2,2
218000593,4,2,2
218000594,6,2,4
218000597,5,3,2
218000598,0,0,0
218000599,1,0,1
218000600,2,0,2
218000601,0,1,-1
218000602,1,7,-6
218000603,0,5,-5
218000604,21,0,21
218000605,0,57,-57
218000606,123,1,122
218000607,5,27,-22
218000608,76,11,65
218000609,4,35,-31
218000610,37,3,34
218000611,23,0,23
218000612,0,15,-15
218000613,25,1,24
218000614,2,36,-34
218000615,141,1,140
218000616,1,82,-81
218000617,24,0,24
218000618,0,24,-24
218000619,30,18,12
218000620,6,16,-10
218000621,1,2,-1
218000622,0,5,-5
218000623,75,3,72
218000624,4,17,-13
218000625,10,1,9
218000626,0,7,-7
218000628,143,40,103
218000631,39,13,26
218000632,0,81,-81
218000633,77,0,77
218000634,7,12,-5
218000635,13,8,5
218000636,624,852,-228
218000637,741,378,363
218000638,124,30,94
218000639,21,100,-79
218000640,188,32,156
218000641,57,184,-127
218000652,36,41,-5
218000653,62,25,37
218000663,11,164,-153
218000675,84,44,40
218000680,146,297,-151
218000681,295,146,149
218000691,136,138,-2
218000693,181,93,88
218000718,310,988,-678
218000719,581,750,-169
218000720,6,132,-126
218000721,116,22,94
218001147,4,138,-134
218001214,6,22,-16
218001258,226,9,217
218001329,106,101,5
218001330,96,76,20
218001351,19,11,8
218001352,10,20,-10
218001353,11,8,3
218001354,10,20,-10
218001355,13,216,-203
218001356,305,34,271
218001357,34,165,-131
218001358,199,33,166
218001361,264,9,255
218001362,1,109,-108
219000001,51,44,7
219000002,54,39,15
219000003,39,26,13
219000004,47,56,-9
219000017,123,37,86
219000020,121,60,61
219000022,153,6,147
219000023,120,1,119
219000029,0,43,-43
219000034,25,20,5
219000039,75,118,-43
219000040,48,64,-16
219000041,107,13,94
219000051,0,18,-18
219000052,0,19,-19
219000053,1,54,-53
219000054,6,3,3
219000055,208,0,208
219000056,9,0,9
219000057,58,0,58
219000062,20,63,-43
219000063,56,13,43
219000064,2,38,-36
219000110,484,77,407
219000111,88,49,39
219000112,146,76,70
219000113,154,37,117
219000114,200,90,110
219000116,95,36,59
219000117,152,38,114
219000118,203,45,158
219000123,210,77,133
219000124,56,34,22
219000125,17,11,6
219000126,67,111,-44
219000127,0,1,-1
219000128,8,106,-98
219000129,14,89,-75
219000130,345,338,7
219000131,498,733,-235
219000133,42,48,-6
219000134,9,25,-16
219000135,36,39,-3
219000136,82,194,-112
219000138,46,24,22
219000139,20,31,-11
219000140,54,1,53
219000141,19,73,-54
219000142,24,63,-39
219000143,18,86,-68
219000145,27,25,2
219000146,3,16,-13
219000147,3,19,-16
219000148,10,12,-2
219000149,9,42,-33
219000150,0,37,-37
219000151,2,18,-16
219000157,134,126,8
219000158,205,202,3
219000161,92,5,87
219000163,957,472,485
219000166,104,165,-61
219000167,122,159,-37
219000168,234,131,103
219000174,377,124,253
219000175,61,4,57
219000176,90,6,84
219000177,25,0,25
219000178,35,3,32
219000179,15,11,4
219000180,27,28,-1
219000182,147,18,129
219000183,70,28,42
219000184,103,6,97
219000185,0,22,-22
219000186,57,15,42
219000187,25,63,-38
219000189,56,144,-88
219000190,70,153,-83
219000191,742,1052,-310
219000192,179,124,55
219000193,153,117,36
219000195,0,50,-50
219000196,3,84,-81
219000198,21,72,-51
219000199,38,204,-166
219000200,66,157,-91
219000201,82,171,-89
219000203,32,130,-98
219000204,100,186,-86
219000205,51,155,-104
219000207,157,214,-57
219000209,17,70,-53
219000210,37,83,-46
219000213,8,82,-74
219000239,199,194,5
219000240,239,289,-50
219000241,114,143,-29
219000242,54,126,-72
219000243,130,204,-74
219000244,10,79,-69
219000245,42,62,-20
219000246,55,27,28
219000247,127,38,89
219000248,455,304,151
219000249,111,97,14
219000250,91,50,41
219000251,411,218,193
219000252,157,154,3
219000253,387,103,284
219000255,115,90,25
219000256,247,66,181
219000257,74,1,73
219000262,129,114,15
219000263,51,93,-42
219000267,5,46,-41
219000268,1,2,-1
219000269,3,6,-3
219000270,6,0,6
219000271,108,7,101
219000278,0,2,-2
219000279,2,3,-1
219000283,0,7,-7
219000295,21,75,-54
219000296,64,300,-236
219000297,12,80,-68
219000298,19,108,-89
219000299,336,74,262
219000300,18,154,-136
219000301,192,260,-68
219000302,27,179,-152
219000307,44,44,0
219000308,34,50,-16
219000311,178,61,117
219000312,447,126,321
219000313,257,63,194
219000314,47,287,-240
219000315,263,33,230
219000316,414,43,371
219000317,151,21,130
219000320,1,39,-38
219000321,0,15,-15
219000323,3,35,-32
219000325,3,14,-11
219000326,54,43,11
219000327,58,24,34
219000328,18,43,-25
219000329,264,120,144
219000330,37,26,11
219000331,44,56,-12
219000332,78,52,26
219000333,18,7,11
219000335,69,2,67
219000337,9,1,8
219000338,50,3,47
219000344,26,60,-34
219000345,33,65,-32
219000346,33,103,-70
219000348,156,61,95
219000349,46,114,-68
219000350,94,244,-150
219000351,3,5,-2
219000352,306,64,242
219000353,85,67,18
219000354,131,74,57
219000355,119,76,43
219000356,937,1257,-320
219000363,184,71,113
219000364,74,53,21
219000365,107,20,87
219000366,239,302,-63
219000368,228,519,-291
219000370,832,502,330
219000371,23,22,1
219000382,10,18,-8
219000383,446,819,-373
219000385,355,323,32
219000386,580,1085,-505
219000387,0,7,-7
219000390,7,0,7
219000391,6,1,5
219000397,43,46,-3
219000398,63,60,3
219000401,13,79,-66
219000402,16,68,-52
219000403,126,263,-137
219000404,20,85,-65
219000407,5,31,-26
219000409,33,43,-10
219000410,58,46,12
219000411,55,9,46
219000446,92,197,-105
219000447,5,17,-12
219000448,38,10,28
219000452,88,84,4
219000453,51,126,-75
219000454,124,245,-121
219000556,190,91,99
219000558,103,144,-41
219000590,18,111,-93
219000591,108,86,22
219000592,72,238,-166
219000595,1,21,-20
219000635,165,60,105
219000636,28,56,-28
219000657,10,11,-1
219000658,33,101,-68
219000673,0,10,-10
219000676,25,0,25
219000679,25,12,13
219000684,81,2,79
219000685,2,42,-40
219000686,0,10,-10
219000688,0,50,-50
219000689,25,188,-163
219000690,106,39,67
219000691,50,132,-82
219000692,154,22,132
219000693,0,26,-26
219000694,5,0,5
219000695,32,10,22
219000698,24,0,24
219000699,0,22,-22
219000727,0,82,-82
219000728,101,2,99
219000770,36,1,35
219000771,0,24,-24
219000788,318,212,106
219001150,1,21,-20
219001151,0,3,-3
219001166,37,32,5
219001167,3,45,-42
219001178,52,3,49
220000001,31,86,-55
220000002,13,92,-79
220000003,296,219,77
220000004,354,311,43
220000005,895,1206,-311
220000006,176,567,-391
220000007,353,372,-19
220000008,324,581,-257
220000009,231,288,-57
220000010,201,56,145
220000011,370,1867,-1497
220000012,133,203,-70
220000014,87,40,47
220000015,76,266,-190
220000017,58,154,-96
220000018,2742,1078,1664
220000019,76,223,-147
220000020,318,198,120
220000021,601,159,442
220000022,609,368,241
220000023,279,129,150
220000024,1329,370,959
220000025,548,887,-339
220000026,225,263,-38
220000027,38,74,-36
220000028,46,33,13
220000029,60,99,-39
220000030,59,82,-23
220000031,389,260,129
220000064,24,813,-789
221000046,2,0,2
221000047,0,0,0
221000048,0,4,-4
221000049,0,15,-15
221000050,20,0,20
221000055,41,43,-2
221000057,79,12,67
221000068,235,173,62
221000069,295,106,189
221000070,190,30,160
221000071,94,9,85
221000072,202,14,188
221000073,181,48,133
221000074,0,11,-11
221000075,17,26,-9
221000076,11,19,-8
221000077,23,109,-86
221000081,11,4,7
221000082,111,15,96
221000083,46,6,40
221000084,12,3,9
221000085,25,45,-20
221000086,19,88,-69
221000087,9,141,-132
221000088,16,144,-128
221000089,44,203,-159
221000090,136,434,-298
221000098,111,21,90
221000099,161,18,143
221000100,75,12,63
221000101,223,36,187
221000102,141,24,117
221000109,13,69,-56
221000110,12,67,-55
221000111,26,165,-139
221000112,12,141,-129
221000113,14,131,-117
221000114,15,128,-113
221000120,31,29,2
221000121,5,30,-25
221000122,41,27,14
221000123,4,15,-11
221000124,21,98,-77
221000155,64,12,52
221000156,56,28,28
221000175,1,7,-6
221000176,2,2,0
221000182,68,10,58
221000241,527,324,203
221000242,145,390,-245
221000243,500,212,288
221000244,256,397,-141
221000245,79,92,-13
221000246,85,210,-125
221000247,88,123,-35
221000248,140,140,0
221000267,48,391,-343
221000325,61,45,16
221000331,5,33,-28
221000338,18,14,4
221000378,149,19,130
221000381,33,46,-13
222000282,23,0,23
222000296,7,9,-2
222000568,255,27,228
222000569,134,42,92
222000570,102,25,77
222000571,196,20,176
222000577,8,112,-104
222000578,32,139,-107
222000579,23,83,-60
222000580,68,500,-432
222000599,0,82,-82
222000600,0,175,-175
222000601,9,574,-565
222000603,23,18,5
222000604,5,27,-22
222000605,16,28,-12
222000606,1,8,-7
222000607,5,9,-4
222000608,41,9,32
222000609,47,127,-80
222000616,223,19,204
222000617,11,13,-2
222000618,9,4,5
222000620,32,11,21
222000621,34,22,12
222000623,421,4,417
222000624,250,5,245
222000625,392,7,385
222000636,32,2,30
222000686,27,9,18
222000687,28,18,10
222001066,191,1,190
222001067,6,4,2
222001068,38,11,27
222001069,33,25,8
222001082,5,18,-13
222001083,15,24,-9
222001084,0,37,-37
222001085,1,73,-72
222001111,28,106,-78
222001112,100,18,82
222001313,24,4,20
222001314,11,82,-71
222001464,126,36,90
222001465,47,94,-47
222001484,76,34,42
222001485,25,45,-20
222001494,348,80,268
222001495,47,154,-107
222001496,244,74,170
222001497,92,246,-154
222001502,29,92,-63
222001503,73,25,48
222001504,32,244,-212
222001505,263,13,250
222001506,43,379,-336
222001507,254,13,241
222001510,278,33,245
222001511,36,205,-169
222001514,384,165,219
222001515,213,293,-80
222001518,208,48,160
222001519,48,141,-93
222001527,124,51,73
222001528,43,124,-81
222001529,230,44,186
222001530,75,124,-49
222001533,148,193,-45
222001534,171,53,118
222001535,187,180,7
222001536,40,137,-97
222001537,230,34,196
222001538,59,265,-206
222001563,514,63,451
222001564,56,348,-292
222001568,274,114,160
222001576,0,2,-2
222001579,1,6,-5
222001583,13,107,-94
222001584,85,13,72
222001596,353,671,-318
222001597,968,237,731
222001626,0,73,-73
222001650,57,73,-16
222001651,70,123,-53
222001914,168,74,94
222001915,60,169,-109
222001968,404,255,149
222001969,359,497,-138
222001970,128,146,-18
222001971,31,8,23
222001972,4,12,-8
225000001,334,165,169
225000002,443,138,305
225000003,434,61,373
225000004,247,147,100
225000005,73,38,35
225000006,0,109,-109
225000007,1046,983,63
225000010,211,5,206
225000011,259,720,-461
225000012,177,427,-250
225000013,63,70,-7
225000014,542,68,474
225000015,115,139,-24
225000021,505,154,351
225000027,155,343,-188
225000032,595,115,480
225000042,54,396,-342
225000049,33,44,-11
225000050,88,8,80
225000053,5,178,-173
225000058,511,150,361
225000067,104,127,-23
225000068,88,174,-86
225000069,105,366,-261
225000070,73,284,-211
225000071,27,90,-63
225000075,16,412,-396
225000076,65,115,-50
225000078,64,74,-10
225000085,56,118,-62
225000086,164,50,114
225000087,128,28,100
225000088,16,119,-103
225000089,169,729,-560
225000090,41,288,-247
225000091,141,118,23
225000092,66,74,-8
225000093,124,195,-71
225000094,13,164,-151
225000095,228,275,-47
225000096,253,377,-124
225000098,544,253,291
225000099,298,163,135
225000100,233,145,88
225000104,110,281,-171
225000110,10,232,-222
225000111,167,662,-495
225000112,189,726,-537
225000113,163,420,-257
225000114,47,193,-146
225000115,997,463,534
225000116,810,189,621
225000117,669,152,517
225000118,764,177,587
225000119,166,63,103
225000120,591,31,560
225000121,160,23,137
225000123,370,24,346
225000125,321,138,183
225000126,563,119,444
225000127,564,751,-187
225000128,453,524,-71
225000132,232,22,210
225000133,140,30,110
225000134,439,125,314
225000135,55,15,40
225000136,235,7,228
225000137,206,33,173
225000138,279,47,232
225000143,38,164,-126
225000144,2,249,-247
225000145,27,34,-7
225000146,48,65,-17
225000147,35,181,-146
225000148,5,130,-125
225000149,30,263,-233
225000151,40,116,-76
225000155,349,330,19
225000156,142,497,-355
225000157,167,248,-81
225000158,64,128,-64
225000171,5,144,-139
225000180,36,1,35
225000181,0,55,-55
225000182,76,11,65
225000185,3,298,-295
225000187,39,257,-218
225000191,111,4,107
225000194,0,10,-10
225000208,4,29,-25
225000209,76,10,66
225000210,4,130,-126
225000217,0,10,-10
225000218,41,2,39
225000223,0,45,-45
225000224,79,0,79
225000225,0,52,-52
225000226,25,2,23
225000227,22,77,-55
225000228,6,7,-1
225000229,0,55,-55
225000230,6,0,6
225000231,1,36,-35
225000232,147,0,147
225000241,99,3,96
225000242,0,46,-46
225000249,36,23,13
225000250,34,473,-439
225000251,264,18,246
226000042,166,275,-109
226000043,50,222,-172
226000044,105,394,-289
226000045,41,224,-183
226000046,307,91,216
226000047,306,115,191
226000048,258,68,190
226000049,202,120,82
226000070,0,24,-24
226000071,0,38,-38
226000072,1,14,-13
226000073,0,1,-1
226000074,0,6,-6
226000084,0,37,-37
226000085,0,7,-7
226000086,2,4,-2
226000087,3,11,-8
226000088,15,19,-4
226000090,146,77,69
226000091,28,38,-10
226000092,7,6,1
226000093,26,3,23
226000094,17,4,13
226000095,11,3,8
226000105,7,0,7
226000106,7,0,7
226000107,5,0,5
226000108,21,0,21
226000109,56,0,56
226000124,100,75,25
226000134,524,333,191
226000135,966,410,556
226000136,430,311,119
226000137,2,183,-181
226000138,14,124,-110
226000139,4,16,-12
226000156,148,3,145
226000157,145,13,132
226000163,66,56,10
226000202,12,183,-171
226000231,341,6,335
226000232,24,9,15
227000033,269,55,214
227000036,232,33,199
227000037,204,18,186
227000038,198,34,164
227000049,0,19,-19
227000050,0,34,-34
227000055,68,2,66
227000056,20,1,19
227000084,1,40,-39
227000085,1,32,-31
227000088,19,3,16
227000089,85,3,82
227000090,36,2,34
227000091,15,0,15
227000093,66,0,66
227000094,12,2,10
227000130,29,64,-35
227000131,17,138,-121
227000132,16,123,-107
227000133,11,127,-116
227000134,14,147,-133
227000152,0,13,-13
227000153,0,56,-56
227000155,3,15,-12
227000156,0,9,-9
227000165,5,41,-36
227000196,203,159,44
227000199,228,224,4
227000230,6,153,-147
227000232,309,21,288
227000242,64,262,-198
227000243,259,83,176
227000245,24,234,-210
227000246,74,255,-181
227000247,240,44,196
227000248,109,24,85
227000249,39,164,-125
227000250,330,127,203
227000251,76,184,-108
227000252,15,175,-160
227000253,87,11,76
227000262,204,45,159
227000266,833,20,813
227000267,21,828,-807
227000282,8,88,-80
227000284,343,30,313
227000286,2,55,-53
227000287,5,53,-48
227000291,9,280,-271
227000484,173,16,157
227000485,15,482,-467
227000655,98,11,87
227000656,357,37,320
227000657,66,8,58
227000661,161,14,147
227000680,136,23,113
229000265,8,10,-2
229000296,2,10,-8
229000297,0,19,-19
229000298,4,91,-87
229000320,6,7,-1
229000321,13,2,11
229000412,20,36,-16
229000414,7,40,-33
229000415,14,1,13
229000416,3,2,1
229000417,1,34,-33
229000419,84,191,-107
229000440,326,53,273
229000442,10,4,6
229000443,11,3,8
229000444,0,22,-22
229000445,32,13,19
229000446,46,11,35
229000847,42,0,42
229000848,19,0,19
229000849,91,2,89
229000851,34,0,34
229000854,0,12,-12
229000856,1,25,-24
229000857,0,13,-13
229000858,0,20,-20
229000919,11,57,-46
229000930,16,173,-157
229000937,61,27,34
229000966,55,19,36
229000981,18,28,-10
229000985,5,14,-9
229000986,2,6,-4
229000987,0,1,-1
229000988,2,5,-3
229000989,7,2,5
229000990,0,2,-2
229000991,0,2,-2
229000992,11,7,4
229000993,107,10,97
229000998,9,37,-28
229000999,55,9,46
229001034,0,8,-8
229001035,6,1,5
229001037,35,12,23
229001042,14,8,6
229001047,11,31,-20
229001050,27,30,-3
229001200,22,0,22
229001338,4,28,-24
229001394,154,0,154
229001422,85,18,67
229001423,19,111,-92
229001431,33,29,4
229001432,25,71,-46
229001444,117,36,81
229001445,48,105,-57
229001503,163,63,100
229001504,120,118,2
229001505,106,34,72
229001506,54,99,-45
229001509,27,22,5
229001545,59,3,56
229001546,14,109,-95
229001553,72,23,49
229001554,39,50,-11
229001559,2,8,-6
229001560,1,18,-17
229001630,22,11,11
229001631,6,19,-13
229001635,1,10,-9
229001636,8,1,7
229001658,1,87,-86
229001659,59,1,58
229001660,8,0,8
229001661,4,10,-6
229001662,17,1,16
229001663,0,24,-24
229002584,100,94,6
229002831,108,80,28
229002841,6,12,-6
229002842,11,20,-9
229002843,43,11,32
229002844,27,34,-7
229002845,15,40,-25
229002846,28,5,23
229002847,0,3,-3
229002848,8,5,3
229002849,2,46,-44
229002850,8,3,5
229002851,28,90,-62
229002852,123,25,98
229002853,105,15,90
229002854,37,32,5
229002855,5,22,-17
229002856,19,23,-4
229002857,6,44,-38
229002858,20,8,12
229002859,17,21,-4
229002860,107,9,98
229002861,17,14,3
229002862,31,8,23
229002863,15,15,0
229002864,14,21,-7
229002865,14,6,8
229002866,13,8,5
229002867,1,9,-8
229002868,2,11,-9
229002869,17,62,-45
229002870,34,6,28
235000066,262,58,204
235000067,69,138,-69
235000072,24,67,-43
235000073,77,260,-183
235000074,27,63,-36
235000080,14,73,-59
235000081,92,128,-36
235000082,174,63,111
235000083,121,84,37
235000084,18,50,-32
235000085,103,45,58
235000089,27,21,6
235000092,18,136,-118
235000093,11,4,7
235000097,4,12,-8
235000098,77,19,58
235000099,19,10,9
235000116,70,30,40
235000117,591,7,584
235000133,3,305,-302
235000134,7,146,-139
235000206,13,0,13
235000207,6,2,4
235000208,2,0,2
235000209,11,1,10
235000210,6,4,2
235000212,9,13,-4
235000213,1,15,-14
235000220,1,5,-4
235000221,49,11,38
235000238,1,50,-49
235000239,0,18,-18
235000242,248,446,-198
235000245,564,143,421
235000246,7,41,-34
235000284,4,88,-84
235000295,81,5,76
235000305,204,24,180
235000306,159,8,151
235000307,14,2,12
235000308,7,1,6
235000309,46,0,46
235000310,11,0,11
235000311,61,23,38
235000322,1,19,-18
235000323,1,33,-32
235000324,0,16,-16
235000325,0,6,-6
235000326,4,92,-88
235000351,6,41,-35
235000352,11,18,-7
235000353,2,15,-13
235000354,6,20,-14
235000355,6,18,-12
235000356,46,3,43
235000357,19,4,15
235000358,60,7,53
235000359,15,4,11
235000360,20,8,12
235000361,43,8,35
235000381,68,177,-109
235000382,102,18,84
235000390,8,2,6
235000391,93,20,73
235000392,131,255,-124
235000393,71,157,-86
235000395,96,36,60
235000396,389,37,352
235000400,42,98,-56
235000401,21,89,-68
235000405,85,240,-155
235000406,53,192,-139
235000407,59,72,-13
235000409,168,89,79
235000410,36,185,-149
235000411,3,57,-54
235000485,0,5,-5
235000486,8,0,8
235000549,102,91,11
235000550,80,134,-54
235000599,91,42,49
235000600,8,19,-11
235000601,31,27,4
235000602,55,58,-3
235000614,0,8,-8
235000648,1,20,-19
235000649,30,6,24
235000685,0,8,-8
235000815,11,17,-6
235000834,0,15,-15
235000855,73,69,4
235000862,43,115,-72
235000891,0,6,-6
235000892,9,0,9
235000901,109,84,25
235000907,4,20,-16
235001010,75,48,27
235001029,420,276,144
235001030,200,220,-20
235001078,100,105,-5
235001079,79,68,11
235001147,19,24,-5
235001166,34,41,-7
235001167,33,29,4
235001169,25,225,-200
235001188,1,12,-11
235001189,7,2,5
235001197,8,16,-8
235001200,35,39,-4
235001207,276,54,222
235001210,84,193,-109
235001215,25,174,-149
235001239,0,46,-46
235001244,0,4,-4
235016267,0,39,-39
277102712,0,0,0
277103813,0,0,0
277103814,0,0,0
277104249,0,0,0
277104250,0,10,-10
277104251,0,8,-8
277104252,0,0,0
990011530,1,130,-129
990014944,2,290,-288
990015176,31,11,20
990015618,2,35,-33
990016032,0,193,-193
990032570,1,38,-37
990070001,61,2,59
990070103,0,1,-1
990070601,0,19,-19
990070751,641,3,638
990070766,0,381,-381
990071180,387,137,250
990071343,25,7,18
990071387,0,30,-30
990071823,321,1,320
990072600,2,657,-655
990072964,1,242,-241
990073285,0,1,-1
990074393,0,464,-464
990074870,1226,27,1199
990075106,1122,6,1116
990075746,504,7,497
990076437,970,10,960
990076458,1,422,-421
997000007,530,21,509
997000041,1,138,-137
997000058,34,0,34
997000062,18,2,16
997000069,0,0,0
997000070,0,17,-17
997000100,22,0,22
997000141,1,690,-689
997000198,218,739,-521
998000475,1,28,-27
998000736,0,115,-115
998000965,0,14,-14
998001031,0,57,-57
998001700,0,4,-4
998001899,0,2,-2
998001900,13,2,11
998003073,637,13,624
998101900,0,0,0
998102850,1,110,-109
998501927,820,679,141
998501929,109,6,103
998501930,34,1,33
998501931,152,19,133
998501932,7,0,7
998501933,45,1,44
998501937,71,26,45
998501944,1,0,1
998501950,1,5,-4
998501970,32,0,32
998501971,0,71,-71
998501973,0,27,-27
998501974,1,207,-206
998501975,83,1,82
998501976,149,6,143
998501977,1,13,-12
998501978,18,4,14
998501979,0,6,-6
998501980,28,0,28
998501981,61,18,43
998501982,1,62,-61
998501983,0,0,0
998502006,0,1,-1
998502024,0,5,-5
998502032,0,10,-10
998502062,8,3,5
998502063,0,0,0
998502173,21,2,19
998502269,0,5,-5
998502546,1,153,-152
998502578,2,4,-2
998502599,28,307,-279
998502621,0,1,-1
998601159,2,114,-112
998601292,0,15,-15
999033574,0,284,-284
999800001,39,0,39
999800002,0,4,-4
999800003,2,1,1
999800004,0,3,-3
999800005,0,6,-6
