ID,insum,outsum,diff
100000001,499,691,-192
100000002,3079,2289,790
100000003,3386,3918,-532
100000004,512,958,-446
100000005,1821,3991,-2170
100000006,379,206,173
100000007,1536,592,944
100000008,124,493,-369
100000009,317,213,104
100000010,22,50,-28
100000011,634,118,516
100000012,91,1080,-989
100000013,18,272,-254
100000014,174,260,-86
100000015,1213,1861,-648
100000016,553,1003,-450
100000017,425,583,-158
100000018,842,482,360
100000019,2531,1899,632
100000020,1143,4487,-3344
100000021,3792,1935,1857
100000022,674,2314,-1640
100000023,3418,1412,2006
100000025,541,1424,-883
100000028,701,815,-114
100000029,88,336,-248
100000030,76,48,28
100000031,2268,5064,-2796
100000032,1346,3179,-1833
100000033,870,2188,-1318
100000034,187,729,-542
100000035,779,1335,-556
100000036,860,1491,-631
100000037,600,403,197
100000038,1988,852,1136
100000039,302,276,26
100000040,187,153,34
100000041,1282,522,760
100000042,817,529,288
100000043,749,565,184
100000044,279,773,-494
100000045,341,921,-580
100000046,436,590,-154
100000047,206,375,-169
100000048,214,457,-243
100000049,1110,977,133
100000051,398,592,-194
100000053,120,20,100
100000054,302,20,282
100000055,603,321,282
100000056,512,507,5
100000057,1719,548,1171
100000058,687,787,-100
100000059,18,204,-186
100000060,376,241,135
100000061,2037,358,1679
100000062,1586,398,1188
100000063,889,221,668
100000064,1100,342,758
100000065,223,615,-392
100000066,136,523,-387
100000067,296,501,-205
100000068,306,997,-691
100000069,252,821,-569
100000072,200,458,-258
100000073,815,816,-1
100000075,689,237,452
100000076,1224,2854,-1630
100000077,96,277,-181
100000078,22,47,-25
100000079,18,35,-17
100000080,14,37,-23
100000081,69,216,-147
100000102,2421,3167,-746
100000103,1373,1311,62
100000104,2086,2450,-364
100000105,1345,1575,-230
100000106,1331,2613,-1282
100000107,220,1158,-938
100000108,451,671,-220
100000109,1372,1150,222
100000116,794,856,-62
100000117,71,153,-82
100000118,848,1303,-455
100000119,447,960,-513
100000121,221,377,-156
100000122,1550,968,582
100000123,1285,2608,-1323
100000124,3064,4268,-1204
100000125,2828,1456,1372
100000126,422,399,23
100000127,1041,343,698
100000128,1351,1679,-328
100000129,345,515,-170
100000130,396,243,153
100000131,1114,1669,-555
100000132,630,1916,-1286
100000133,2096,1557,539
100000135,576,1098,-522
100000139,273,479,-206
100000140,199,353,-154
100000142,516,490,26
100000143,1037,362,675
100000144,1893,563,1330
100000147,1096,3145,-2049
100000150,64,485,-421
100000151,694,1725,-1031
100000153,200,452,-252
100000154,41,295,-254
100000155,15,55,-40
100000156,346,458,-112
100000157,348,167,181
100000158,284,206,78
100000159,219,453,-234
100000165,867,594,273
100000169,84,996,-912
100000174,286,853,-567
100000179,112,416,-304
100000180,790,1926,-1136
100000181,392,300,92
100000188,58,118,-60
100000189,836,381,455
100000190,658,1389,-731
100000191,592,569,23
100000192,37,80,-43
100000193,256,199,57
100000330,660,883,-223
100000355,148,564,-416
100000362,2882,1614,1268
100000363,4176,4009,167
100000364,143,227,-84
100000365,4904,8747,-3843
100000366,3056,2244,812
100000367,4140,6688,-2548
100000368,2467,963,1504
100000369,487,2095,-1608
100000370,143,945,-802
100000376,56,129,-73
100000379,1324,1178,146
100000380,3829,4295,-466
100000384,4229,5597,-1368
100000385,1878,3160,-1282
100000386,4153,5438,-1285
100000387,2830,5049,-2219
100000388,3304,5886,-2582
100000389,3771,5935,-2164
100000390,4937,6292,-1355
100000391,3396,7713,-4317
100000392,2188,4504,-2316
100000393,1792,4756,-2964
100000394,4689,8594,-3905
100000395,3206,5149,-1943
100000396,5337,3905,1432
100000397,3521,8106,-4585
100000398,7685,6426,1259
100000413,9,12,-3
100900002,4,13,-9
100900003,306,191,115
100900004,10,502,-492
100900005,96,12,84
100900006,18,57,-39
100900007,158,2,156
100900008,1,309,-308
100900009,56,173,-117
100900010,38,32,6
100900011,108,168,-60
100900012,0,161,-161
100900013,619,20,599
100900014,1,6,-5
100900015,58,46,12
100900016,15,21,-6
100900017,638,55,583
100900018,0,6,-6
100900019,26,86,-60
100900020,204,10,194
100900021,343,3,340
100900022,13,13,0
100900023,0,18,-18
100900024,349,5,344
100900025,16,19,-3
100900026,119,70,49
100900027,343,1736,-1393
100900028,108,162,-54
100900029,27,8,19
100900030,36,64,-28
100900031,516,27,489
100900032,260,3,257
100900033,144,203,-59
100900034,558,2,556
100900035,222,4,218
100900036,7,0,7
100900037,109,89,20
100900038,88,45,43
100900039,149,310,-161
100900040,448,341,107
100900041,918,468,450
100900042,1339,1111,228
100900043,0,10,-10
100900044,1037,473,564
100900045,57,0,57
100900046,770,15,755
100900047,523,120,403
100900048,100,108,-8
100900049,57,81,-24
100900050,2,4,-2
100900051,28,78,-50
100900052,257,36,221
100900053,517,19,498
100900054,10,34,-24
100900055,184,533,-349
100900056,58,66,-8
100900057,971,1046,-75
100900058,152,60,92
100900059,81,4,77
100900060,217,7,210
100900061,264,137,127
100900062,5,15,-10
100900063,191,592,-401
100900064,515,19,496
100900065,56,169,-113
100900066,109,192,-83
100900067,4,7,-3
100900068,76,81,-5
100900069,716,12,704
100900070,376,7,369
100900071,461,153,308
100900072,8,26,-18
100900073,127,187,-60
100900074,6,1,5
100900075,962,211,751
100900076,5,14,-9
100900077,33,60,-27
100900078,99,216,-117
100900079,11,16,-5
100900080,57,129,-72
100900081,39,146,-107
100900082,198,315,-117
100900083,7,16,-9
100900085,33,266,-233
100900086,102,523,-421
100900088,99,283,-184
100900089,6,7,-1
100900090,80,326,-246
100900091,4,26,-22
100900092,101,187,-86
100900093,256,210,46
100900094,128,163,-35
100900095,3,12,-9
100900096,28,86,-58
100900097,2,4,-2
100900098,9,42,-33
100900099,18,411,-393
100900100,10,724,-714
100900101,182,52,130
100900102,18,46,-28
100900103,4,5,-1
100900104,4,150,-146
100900105,32,448,-416
100900106,33,10,23
100900107,1197,660,537
100900108,4,21,-17
100900109,12,30,-18
100900110,0,9,-9
100900111,22,228,-206
100900112,3,21,-18
100900113,5,27,-22
100900114,6,8,-2
100900115,12,8,4
100900116,643,399,244
100900117,234,930,-696
100900118,12,31,-19
100900119,4,13,-9
100900120,13,5,8
100900121,212,357,-145
100900122,82,126,-44
100900123,60,128,-68
100900124,3,21,-18
100900125,10,40,-30
100900126,162,72,90
100900127,2,13,-11
100900128,99,138,-39
100900129,1,275,-274
100900131,48,171,-123
100900133,51,21,30
100900134,1,3,-2
100900135,3,216,-213
100900137,280,138,142
100900138,250,358,-108
100900139,9,5,4
100900140,5,339,-334
100900141,5,605,-600
100900142,2,6,-4
100900143,313,312,1
100900144,9,2,7
100900145,52,120,-68
100900146,3,34,-31
100900147,18,373,-355
100900148,38,357,-319
100900149,46,201,-155
100900150,1,27,-26
100900151,104,236,-132
100900152,163,7,156
100900153,4,138,-134
100900154,7,61,-54
100900155,5,7,-2
100900156,19,0,19
100900157,8,309,-301
100900159,1,25,-24
100900160,14,8,6
100900161,37,6,31
100900162,12,263,-251
100900163,140,115,25
100900164,47,23,24
100900165,11,6,5
100900166,9,2,7
100900167,13,27,-14
100900168,25,138,-113
100900169,83,600,-517
100900170,17,6,11
100900171,13,295,-282
100900172,0,35,-35
100900173,0,138,-138
100900174,65,11,54
100900176,1761,168,1593
100900177,538,321,217
100900178,159,151,8
100900179,242,327,-85
100900180,2,9,-7
100900181,56,84,-28
100900182,45,36,9
100900184,12,87,-75
100900186,364,330,34
100900187,10,47,-37
100900188,34,4,30
100900189,1286,217,1069
100900191,642,1102,-460
100900192,227,442,-215
100900195,135,96,39
100900197,9,18,-9
100900198,21,104,-83
100900199,4,5,-1
100900200,545,284,261
100900201,27,341,-314
100900202,62,0,62
100900203,0,321,-321
100900204,74,424,-350
100900205,128,461,-333
100900206,209,67,142
100900207,205,143,62
100900210,25,255,-230
100900211,360,134,226
100900213,111,37,74
100900214,411,105,306
100900215,12,28,-16
100900217,67,97,-30
101000001,1858,1765,93
101000002,4724,5631,-907
101000003,292,697,-405
101000004,4551,4446,105
101000005,2836,3487,-651
101000006,3984,5194,-1210
101000007,2271,3419,-1148
101000008,2006,1679,327
101000009,1634,704,930
101000010,677,552,125
101000011,816,305,511
101000012,610,609,1
101000013,537,836,-299
101000014,317,395,-78
101000015,1204,764,440
101000016,250,363,-113
101000017,398,320,78
101000018,1707,1866,-159
101000020,1418,724,694
101000021,650,292,358
101000022,139,136,3
101000023,931,564,367
101000025,244,351,-107
101000026,201,26,175
101000027,1864,3145,-1281
101000028,686,283,403
101000029,166,1561,-1395
101000030,1133,143,990
101000031,434,1155,-721
101000032,4063,4680,-617
101000033,1581,3257,-1676
101000034,1198,1805,-607
101000035,496,269,227
101000036,1314,987,327
101000037,1597,1762,-165
101000039,1508,2746,-1238
101000040,2058,4038,-1980
101000041,3291,7305,-4014
101000042,213,1141,-928
101000043,3426,7152,-3726
101000045,751,989,-238
101000046,1885,2416,-531
101000047,1438,5066,-3628
101000048,521,443,78
101000049,446,1861,-1415
101000050,899,1711,-812
101000051,789,2436,-1647
101000052,1157,1081,76
101000053,808,1054,-246
101000054,1586,813,773
101000055,749,1124,-375
101000056,43,115,-72
101000057,1128,1168,-40
101000058,630,1079,-449
101000059,1669,1911,-242
101000060,1454,691,763
101000061,529,1242,-713
101000062,407,804,-397
101000063,406,1071,-665
101000064,807,1163,-356
101000065,306,668,-362
101000066,780,1118,-338
101000067,943,1161,-218
101000068,214,650,-436
101000069,179,57,122
101000070,680,956,-276
101000071,1484,901,583
101000072,483,2753,-2270
101000073,737,999,-262
101000074,3331,3510,-179
101000075,2450,5080,-2630
101000077,1262,1061,201
101000078,615,1314,-699
101000079,1615,760,855
101000080,1053,834,219
101000081,1543,1324,219
101000082,2023,2311,-288
101000083,2339,2014,325
101000084,996,680,316
101000085,1125,1028,97
101000086,1007,984,23
101000087,670,696,-26
101000088,1040,1090,-50
101000089,802,1352,-550
101000090,1377,896,481
101000091,389,483,-94
101000092,1060,630,430
101000093,1243,588,655
101000094,908,768,140
101000095,480,480,0
101000096,372,337,35
101000097,331,392,-61
101000098,277,460,-183
101000099,513,779,-266
101000100,678,774,-96
101000101,171,295,-124
101000102,577,473,104
101000103,564,492,72
101000104,285,540,-255
101000105,333,547,-214
101000106,545,1019,-474
101000107,280,317,-37
101000108,477,181,296
101000109,451,62,389
101000110,31,235,-204
101000111,79,140,-61
101000113,230,512,-282
101000114,5350,9798,-4448
101000115,72,65,7
101000116,51,51,0
101000117,1451,196,1255
101000119,62,55,7
101000120,103,50,53
101000121,38,77,-39
101000122,113,140,-27
101000123,62,149,-87
101000124,1406,415,991
101000125,126,367,-241
101000128,225,645,-420
101000130,120,244,-124
101000131,880,323,557
101000132,751,492,259
101000135,23,59,-36
101000136,288,212,76
101000137,36,371,-335
101000141,816,3077,-2261
101000147,790,321,469
101000148,552,17,535
101000149,263,450,-187
101000150,72,339,-267
101000151,248,42,206
101000152,214,247,-33
101000153,274,162,112
101000154,275,426,-151
101000155,328,127,201
101000156,19,252,-233
101000157,57,22,35
101000160,56,28,28
101000163,153,374,-221
101000164,272,219,53
101000165,223,314,-91
101000166,194,223,-29
101000168,698,397,301
101000252,1849,948,901
101000254,105,139,-34
101000258,42,7,35
101000261,208,85,123
101000262,1409,2315,-906
101000263,251,1126,-875
101000265,90,723,-633
101000266,230,230,0
101000269,25,10,15
101000290,610,2050,-1440
101000293,24,27,-3
101000294,528,365,163
101000295,151,271,-120
101000301,379,392,-13
101000304,1957,1996,-39
101000305,2177,971,1206
101000328,69,313,-244
101900001,32,62,-30
101900002,0,7,-7
101900003,35,72,-37
101900004,1,63,-62
101900005,1759,2360,-601
101900006,1276,94,1182
101900007,785,224,561
101900008,66,179,-113
101900009,35,289,-254
101900010,628,598,30
101900011,121,694,-573
101900012,240,73,167
101900013,438,139,299
101900017,13,135,-122
101900018,592,248,344
101900019,257,114,143
101900020,36,28,8
101900021,1,30,-29
101900022,144,549,-405
101900023,105,84,21
101900026,119,37,82
101900027,17,99,-82
102000001,2439,3542,-1103
102000002,1791,665,1126
102000003,2094,5286,-3192
102000004,2943,1862,1081
102000005,1120,1946,-826
102000006,655,1400,-745
102000007,1313,3640,-2327
102000008,2396,1175,1221
102000009,5554,6982,-1428
102000010,3152,2510,642
102000011,3134,2515,619
102000012,2373,2155,218
102000018,1841,1968,-127
102000019,1608,1326,282
102000026,156,415,-259
102000029,173,135,38
102000030,128,265,-137
102000031,70,94,-24
102000032,464,215,249
102000033,209,269,-60
102000034,416,282,134
102000035,812,542,270
102000036,13,180,-167
102000037,131,50,81
102000038,124,294,-170
102000039,144,80,64
102000040,299,264,35
102000041,152,414,-262
102000042,131,368,-237
102000043,132,178,-46
102000044,304,377,-73
102000045,440,602,-162
102000046,899,525,374
102000047,560,579,-19
102000048,374,525,-151
102000049,917,655,262
102000050,721,882,-161
102000051,330,532,-202
102000052,807,518,289
102000053,701,738,-37
102000054,672,963,-291
102000055,1250,313,937
102000056,840,416,424
102000057,1098,371,727
102000058,736,696,40
102000059,1086,799,287
102000060,831,726,105
102000061,1428,1061,367
102000062,1596,760,836
102000063,761,902,-141
102000064,437,542,-105
102000065,35,181,-146
102000066,754,605,149
102000067,1736,2166,-430
102000068,6823,2091,4732
102000069,55,2249,-2194
102000070,1055,33,1022
102000071,5252,6701,-1449
102000072,2306,3000,-694
102000073,704,626,78
102000074,449,710,-261
102000075,114,208,-94
102000076,187,224,-37
102000077,608,449,159
102000078,731,413,318
102000079,162,111,51
102000080,170,125,45
102000081,155,791,-636
102000082,457,306,151
102000083,463,161,302
102000084,382,181,201
102000085,1437,704,733
102000086,1074,640,434
102000087,603,914,-311
102000088,254,190,64
102000089,1132,311,821
102000090,292,698,-406
102000091,1012,369,643
102000092,216,370,-154
102000093,522,587,-65
102000094,607,484,123
102000095,599,896,-297
102000096,366,500,-134
102000097,325,423,-98
102000098,368,348,20
102000099,599,654,-55
102000100,254,787,-533
102000101,372,621,-249
102000102,191,675,-484
102000103,1048,288,760
102000104,417,239,178
102000105,228,385,-157
102000106,671,316,355
102000107,1422,357,1065
102000108,472,151,321
102000109,519,392,127
102000110,1047,653,394
102000111,10,203,-193
102000112,101,96,5
102000113,16,25,-9
102000114,560,271,289
102000115,187,265,-78
102000116,188,374,-186
102000117,102,461,-359
102000118,663,1156,-493
102000119,1080,753,327
102000120,145,354,-209
102000121,791,342,449
102000122,538,723,-185
102000123,883,694,189
102000124,939,851,88
102000125,519,668,-149
102000126,482,490,-8
102000127,971,413,558
102000128,561,587,-26
102000129,1159,470,689
102000130,634,518,116
102000131,941,494,447
102000132,337,627,-290
102000133,2070,1151,919
102000134,696,534,162
102000135,493,625,-132
102000136,760,536,224
102000137,415,711,-296
102000138,203,273,-70
102000139,51,371,-320
102000140,171,641,-470
102000141,152,250,-98
102000142,251,199,52
102000143,132,220,-88
102000144,349,184,165
102000145,313,272,41
102000146,335,198,137
102000147,415,319,96
102000148,179,351,-172
102000149,143,144,-1
102000150,433,100,333
102000151,107,132,-25
102000152,183,107,76
102000153,852,477,375
102000154,194,431,-237
102000155,56,282,-226
102000156,197,138,59
102000157,81,380,-299
102000158,369,434,-65
102000159,528,537,-9
102000161,1570,1514,56
102000162,98,102,-4
102000163,71,399,-328
102000164,501,747,-246
102000165,189,144,45
102000166,48,125,-77
102000167,267,184,83
102000168,321,217,104
102000169,73,385,-312
102000170,347,145,202
102000171,109,102,7
102000172,86,260,-174
102000173,371,231,140
102000174,79,50,29
102000175,83,52,31
102000176,42,26,16
102000178,257,247,10
102000179,455,187,268
102000180,900,281,619
102000181,684,371,313
102000182,436,380,56
102000183,1511,944,567
102000184,1653,408,1245
102000185,2458,796,1662
102000186,1095,931,164
102000187,706,716,-10
102000188,899,909,-10
102000189,1233,340,893
102000190,387,1751,-1364
102000191,885,282,603
102000192,1122,1151,-29
102000193,58,88,-30
102000194,54,115,-61
102000195,386,244,142
102000196,209,192,17
102000197,645,190,455
102000198,178,372,-194
102000199,1093,180,913
102000200,195,514,-319
102000201,991,284,707
102000202,8,67,-59
102000203,289,114,175
102000204,490,404,86
102000205,958,222,736
102000206,476,223,253
102000207,486,337,149
102000208,292,241,51
102000209,30,35,-5
102000210,347,202,145
102000211,449,128,321
102000212,268,8,260
102000213,2,142,-140
102000214,319,24,295
102000215,3,158,-155
102000216,56,76,-20
102000217,5,53,-48
102000218,287,162,125
102000219,246,151,95
102000225,425,419,6
102000226,923,1073,-150
102000227,114,4,110
102000228,0,74,-74
102000229,22,46,-24
102000230,243,197,46
102000231,200,284,-84
102000232,59,139,-80
102000233,300,380,-80
102000234,86,738,-652
102000236,145,53,92
102000237,396,115,281
102000238,114,152,-38
102000240,372,519,-147
102000241,103,99,4
102000243,32,42,-10
102000245,18,73,-55
102000246,3,18,-15
102000247,331,495,-164
102000248,272,738,-466
102000249,90,74,16
102000250,58,182,-124
102000254,135,127,8
102000266,21,314,-293
102000271,45,22,23
102000286,316,268,48
102000297,1396,712,684
102000299,0,0,0
102000301,0,0,0
102000303,0,0,0
102000305,0,0,0
102000307,0,10,-10
102900001,861,504,357
102900002,380,29,351
102900003,61,105,-44
102900005,364,160,204
102900006,524,65,459
102900007,379,16,363
102900008,217,18,199
102900009,420,210,210
102900010,165,663,-498
102900011,1003,271,732
102900012,319,52,267
102900013,34,50,-16
102900015,334,374,-40
102900016,38,68,-30
102900017,146,322,-176
102900018,40,69,-29
102900019,287,268,19
102900020,135,13,122
102900021,33,58,-25
102900022,410,163,247
102900023,9,35,-26
102900024,29,39,-10
102900025,129,84,45
102900026,202,1577,-1375
102900027,49,49,0
102900028,127,624,-497
102900029,151,161,-10
102900030,265,267,-2
102900031,221,79,142
102900032,95,45,50
102900033,71,97,-26
102900034,441,44,397
102900035,121,156,-35
102900036,269,231,38
102900037,267,209,58
102900038,423,267,156
102900039,18,403,-385
102900040,87,187,-100
102900041,56,100,-44
102900042,132,184,-52
102900043,162,144,18
102900044,356,1142,-786
102900045,130,324,-194
102900046,153,134,19
102900047,100,326,-226
102900048,434,330,104
102900049,96,223,-127
102900050,119,205,-86
102900051,144,138,6
102900053,282,386,-104
102900054,396,676,-280
102900055,45,148,-103
102900056,81,229,-148
102900057,2,36,-34
102900058,263,54,209
102900059,30,69,-39
102900060,89,272,-183
102900061,168,267,-99
102900062,259,474,-215
102900063,1087,275,812
102900064,72,266,-194
102900065,733,296,437
102900066,260,7,253
102900068,74,74,0
102900070,178,279,-101
102900072,4,56,-52
102900073,90,4,86
102900075,11,57,-46
102900076,55,97,-42
102900077,42,44,-2
102900078,31,51,-20
102900079,170,8,162
102900080,399,38,361
102900081,60,207,-147
102900082,13,129,-116
102900083,131,16,115
102900084,2,14,-12
102900085,280,102,178
102900086,22,69,-47
102900087,97,77,20
102900088,37,18,19
102900089,157,90,67
102900090,2,123,-121
102900091,138,4,134
102900092,344,421,-77
102900094,3,96,-93
102900095,88,0,88
102900096,73,11,62
102900097,2,66,-64
103000001,1837,1790,47
103000002,1677,1779,-102
103000003,2622,2044,578
103000004,748,592,156
103000005,1535,2317,-782
103000006,727,1219,-492
103000007,288,451,-163
103000008,758,408,350
103000009,1310,774,536
103000010,107,60,47
103000011,1265,905,360
103000012,1312,1214,98
103000013,2147,1147,1000
103000014,1067,2085,-1018
103000015,992,512,480
103000016,503,1169,-666
103000017,192,374,-182
103000018,444,212,232
103000019,326,239,87
103000020,1568,1074,494
103000021,1462,1660,-198
103000022,521,777,-256
103000023,579,1522,-943
103000024,61,80,-19
103000025,96,542,-446
103000026,476,61,415
103000027,206,495,-289
103000028,232,253,-21
103000029,123,218,-95
103000030,1049,797,252
103000031,769,1433,-664
103000032,1706,1140,566
103000033,2374,2069,305
103000034,1065,852,213
103000035,353,1144,-791
103000036,307,329,-22
103000037,406,370,36
103000038,404,759,-355
103000039,471,236,235
103000040,456,461,-5
103000041,1297,1128,169
103000042,1153,290,863
103000043,654,542,112
103000044,259,118,141
103000046,351,331,20
103000047,497,362,135
103000048,204,129,75
103000049,85,94,-9
103000050,639,227,412
103000051,459,350,109
103000052,581,204,377
103000053,167,403,-236
103000054,2276,1061,1215
103000055,1649,1590,59
103000056,726,870,-144
103000057,823,155,668
103000058,460,536,-76
103000059,446,555,-109
103000060,614,323,291
103000061,358,580,-222
103000062,789,339,450
103000063,646,705,-59
103000064,157,95,62
103000065,2,230,-228
103000066,180,9,171
103000069,380,199,181
103000070,716,430,286
103000071,1035,396,639
103000072,113,392,-279
103000073,606,95,511
103000074,559,77,482
103000075,103,340,-237
103000076,247,332,-85
103000077,33,201,-168
103000078,596,610,-14
103000079,366,516,-150
103000080,432,360,72
103000081,266,967,-701
103000082,358,202,156
103000083,86,214,-128
103000084,95,7,88
103000085,3,106,-103
103000086,320,305,15
103000087,98,508,-410
103000088,184,285,-101
103000089,220,374,-154
103000090,1940,828,1112
103000091,403,385,18
103000092,209,208,1
103000093,258,285,-27
103000094,165,65,100
103000095,44,275,-231
103000096,486,37,449
103000097,50,628,-578
103000098,491,165,326
103000099,183,621,-438
103000100,100,416,-316
103000101,731,105,626
103000102,67,321,-254
103000103,538,129,409
103000104,58,84,-26
103000105,148,73,75
103000106,10,123,-113
103000107,141,55,86
103000108,807,437,370
103000109,374,399,-25
103000110,454,384,70
103000111,290,443,-153
103000112,293,180,113
103000113,769,608,161
103000114,1336,562,774
103000115,542,405,137
103000116,636,293,343
103000117,367,268,99
103000118,355,420,-65
103000119,616,357,259
103000120,27,65,-38
103000121,134,369,-235
103000122,303,511,-208
103000125,17,100,-83
103000126,566,2,564
103000127,2,77,-75
103000128,135,2,133
103000129,1,90,-89
103000130,57,31,26
103000131,75,98,-23
103000132,75,105,-30
103000133,15,77,-62
103000134,237,753,-516
103000135,372,209,163
103000136,482,378,104
103000137,345,471,-126
103000138,408,513,-105
103000139,4,59,-55
103000140,127,28,99
103000141,33,113,-80
103000142,89,51,38
103000143,34,115,-81
103000144,124,49,75
103000145,5,55,-50
103000150,75,44,31
103000152,195,207,-12
103000153,194,153,41
103000156,6,176,-170
103000157,373,1,372
103000159,116,44,72
103000162,37,35,2
103000163,9,26,-17
103000164,5,8,-3
103000165,51,137,-86
103000166,170,261,-91
103000167,192,78,114
103000168,139,125,14
103000169,137,371,-234
103000170,841,275,566
103000171,21,48,-27
103000172,516,199,317
103000173,597,208,389
103000174,184,192,-8
103000175,276,145,131
103000176,701,561,140
103000177,362,313,49
103000178,143,260,-117
103000179,126,20,106
103000183,172,9,163
103000185,122,41,81
103000186,129,92,37
103000187,607,156,451
103000188,14,62,-48
103000189,632,471,161
103000191,417,399,18
103000292,684,1307,-623
103000293,612,2026,-1414
103000295,40,82,-42
103000296,135,3,132
103000297,8,26,-18
103000504,57,7,50
103000505,6,28,-22
103000506,0,112,-112
103000507,195,0,195
103000508,63,52,11
103000509,194,453,-259
103900001,25,107,-82
103900002,664,123,541
103900003,821,91,730
103900004,97,0,97
103900005,1,85,-84
103900006,19,6,13
103900007,102,3,99
103900008,10,1,9
103900009,288,447,-159
103900010,127,271,-144
103900011,330,73,257
103900012,11,27,-16
103900013,63,42,21
103900014,70,19,51
103900015,71,4,67
103900016,188,116,72
103900017,31,45,-14
103900018,439,116,323
103900019,36,358,-322
103900020,173,491,-318
103900021,202,57,145
103900022,841,517,324
103900023,141,0,141
103900024,52,212,-160
103900025,16,28,-12
103900026,7,0,7
103900027,719,186,533
103900028,24,202,-178
103900029,883,126,757
103900030,280,130,150
103900031,28,6,22
103900032,87,58,29
103900033,125,30,95
103900034,27,66,-39
103900035,29,38,-9
103900036,38,36,2
103900037,61,36,25
103900038,78,208,-130
103900039,77,154,-77
103900040,14,60,-46
103900041,60,40,20
103900042,84,169,-85
103900043,206,31,175
103900044,61,199,-138
103900045,274,108,166
103900047,108,19,89
103900048,16,24,-8
103900049,129,690,-561
103900050,14,170,-156
103900051,7,19,-12
103900052,152,161,-9
103900053,219,275,-56
103900054,93,195,-102
103900055,396,181,215
103900056,38,23,15
103900057,49,92,-43
103900058,306,294,12
103900059,0,10,-10
103900060,60,135,-75
103900061,176,27,149
103900062,282,89,193
103900063,4,0,4
103900064,129,1,128
103900065,518,284,234
103900066,143,28,115
103900067,171,1,170
103900068,4,0,4
103900069,59,28,31
103900070,112,134,-22
103900071,16,65,-49
103900072,31,99,-68
103900073,31,71,-40
103900074,75,51,24
103900075,305,71,234
103900076,663,230,433
103900077,35,114,-79
103900078,188,100,88
103900079,111,113,-2
103900080,12,34,-22
103900081,58,29,29
103900082,12,90,-78
103900083,692,1030,-338
103900084,31,61,-30
103900085,62,96,-34
103900086,685,258,427
103900088,206,460,-254
103900089,79,101,-22
103900090,71,129,-58
103900091,926,158,768
103900092,539,226,313
103900093,63,194,-131
103900094,13,59,-46
103900095,249,147,102
103900096,37,88,-51
103900097,10,269,-259
103900098,193,97,96
103900099,74,66,8
103900100,256,191,65
103900101,52,761,-709
103900102,1,17,-16
103900104,2,19,-17
103900105,67,117,-50
103900106,0,29,-29
103900107,142,95,47
103900108,49,151,-102
103900109,158,59,99
103900110,176,23,153
103900111,102,302,-200
103900112,18,38,-20
103900113,77,225,-148
103900114,251,185,66
103900115,220,167,53
103900116,2015,2021,-6
103900117,74,25,49
103900119,20,65,-45
103900120,68,65,3
103900122,167,144,23
103900123,752,508,244
103900124,61,223,-162
103900125,122,32,90
103900126,459,235,224
103900127,213,213,0
103900128,147,76,71
103900131,37,63,-26
103900133,854,23,831
103900134,2,2,0
103900135,6,6,0
103900137,0,14,-14
103900138,91,81,10
103900139,171,1948,-1777
103900140,4,172,-168
103900141,198,37,161
103900142,210,96,114
103900143,65,1,64
103900144,0,17,-17
103900145,150,175,-25
103900146,262,152,110
103900147,345,63,282
103900148,201,121,80
103900149,326,284,42
103900150,2912,3567,-655
103900151,25,96,-71
103900152,679,232,447
103900153,5,0,5
103900154,473,1477,-1004
103900155,65,121,-56
103900156,95,87,8
103900157,49,81,-32
103900158,113,47,66
103900159,188,30,158
103900160,42,35,7
103900161,82,142,-60
103900162,67,65,2
103900163,6,341,-335
103900167,12,83,-71
103900168,84,40,44
103900169,31,42,-11
103900170,0,47,-47
103900171,1,19,-18
103900172,2,13,-11
103900173,11,17,-6
103900174,173,36,137
103900175,39,68,-29
103900176,9,34,-25
103900177,18,62,-44
103900178,45,46,-1
103900179,49,67,-18
103900180,5,39,-34
103900181,48,20,28
103900182,41,11,30
103900184,291,90,201
103900185,97,438,-341
103900187,9,78,-69
103900188,43,41,2
103900189,154,20,134
103900190,112,26,86
103900191,27,35,-8
103900192,22,138,-116
103900193,88,104,-16
103900194,56,130,-74
103900195,11,117,-106
103900196,38,34,4
103900197,12,9,3
103900198,13,32,-19
103900199,90,57,33
103900200,117,61,56
103900201,99,116,-17
103900202,5,57,-52
103900203,31,19,12
103900204,0,50,-50
103900207,0,38,-38
103900208,103,2,101
103900209,8,50,-42
103900210,35,19,16
103900211,564,172,392
103900212,140,165,-25
103900213,61,196,-135
103900214,179,163,16
103900215,183,273,-90
103900216,7,193,-186
103900217,291,24,267
103900218,1,198,-197
103900219,136,78,58
103900233,20,0,20
103900235,7,12,-5
103900236,5,7,-2
103900242,2,3,-1
103900243,3,4,-1
103900244,113,103,10
103900245,75,121,-46
103900246,37,29,8
103900247,20,87,-67
103900248,13,70,-57
103900249,2,44,-42
103900250,20,24,-4
103900251,3,19,-16
103900253,5,61,-56
103900254,0,19,-19
103900255,4,11,-7
103900256,14,18,-4
103900257,70,76,-6
103900258,10,1,9
103900259,31,6,25
103900261,18,1,17
103900262,13,2,11
103900263,32,29,3
103900264,18,13,5
103900265,31,6,25
103900266,1,61,-60
103900267,6,66,-60
103900268,21,30,-9
103900269,123,18,105
103900270,48,73,-25
103900271,59,60,-1
103900272,47,30,17
103900273,30,16,14
103900274,65,3,62
103900275,28,4,24
103900276,4,14,-10
103900277,6,22,-16
103900278,11,18,-7
103900279,2,26,-24
103900280,0,35,-35
104000001,2053,1315,738
104000002,1296,1643,-347
104000003,1809,1452,357
104000004,2077,1876,201
104000005,1412,1314,98
104000006,2466,2000,466
104000007,2854,3580,-726
104000008,154,150,4
104000009,197,70,127
104000010,184,247,-63
104000011,287,161,126
104000012,147,195,-48
104000013,212,177,35
104000014,188,388,-200
104000015,252,137,115
104000016,427,255,172
104000018,695,167,528
104000019,634,192,442
104000020,126,310,-184
104000021,210,306,-96
104000022,108,169,-61
104000023,764,275,489
104000024,206,227,-21
104000026,69,225,-156
104000027,207,149,58
104000028,337,177,160
104000029,308,228,80
104000030,281,145,136
104000031,1143,324,819
104000032,208,164,44
104000033,511,392,119
104000034,276,163,113
104000035,907,284,623
104000036,713,346,367
104000037,202,130,72
104000038,510,226,284
104000039,173,100,73
104000040,141,245,-104
104000041,470,242,228
104000042,129,206,-77
104000043,157,189,-32
104000044,199,242,-43
104000045,722,538,184
104000046,635,909,-274
104000047,536,662,-126
104000048,719,721,-2
104000049,443,194,249
104000050,120,451,-331
104000051,108,330,-222
104000052,1229,1279,-50
104000053,667,341,326
104000054,398,204,194
104000055,2760,1514,1246
104000056,634,185,449
104000057,108,234,-126
104000058,603,583,20
104000059,400,763,-363
104000060,789,952,-163
104000061,871,726,145
104000062,306,56,250
104000064,401,221,180
104000065,155,596,-441
104000069,580,1023,-443
104000070,56,336,-280
104000071,80,185,-105
104000072,316,110,206
104000075,47,173,-126
104000076,328,44,284
104000082,1821,2788,-967
104000083,617,123,494
104000084,96,363,-267
104000085,260,239,21
104000086,158,302,-144
104000087,310,1230,-920
104000090,683,687,-4
104000092,1015,1111,-96
104000094,648,837,-189
104000095,1490,899,591
104000096,1242,92,1150
104000097,1428,470,958
104000098,2084,439,1645
104000100,1499,388,1111
104000101,957,1032,-75
104000106,26,471,-445
104000107,554,227,327
104000108,164,282,-118
104000109,213,83,130
104000110,600,604,-4
104000111,1638,1633,5
104000112,945,421,524
104000116,5,557,-552
104000117,164,316,-152
104000118,642,110,532
104000119,448,171,277
104000120,199,295,-96
104000121,139,505,-366
104000122,666,635,31
104000123,572,493,79
104000124,380,989,-609
104000125,1788,3478,-1690
104000126,308,287,21
104000127,897,1213,-316
104000128,518,243,275
104000129,367,24,343
104000130,12,166,-154
104000131,264,267,-3
104000132,265,248,17
104000133,1134,633,501
104000134,712,1138,-426
104000135,296,1404,-1108
104000136,547,2805,-2258
104000137,1174,327,847
104000138,621,244,377
104000139,2819,1776,1043
104000141,638,655,-17
104000142,429,307,122
104000143,478,249,229
104000144,80,145,-65
104000145,393,161,232
104000146,206,401,-195
104000147,100,223,-123
104000148,312,147,165
104000149,175,182,-7
104000150,715,321,394
104000151,260,208,52
104000152,480,303,177
104000153,529,380,149
104000154,642,387,255
104000155,391,468,-77
104000157,639,735,-96
104000158,200,395,-195
104000159,701,357,344
104000160,1327,1417,-90
104000161,129,148,-19
104000162,72,84,-12
104000165,534,697,-163
104000167,609,1001,-392
104000168,411,9,402
104000169,102,32,70
104000170,229,378,-149
104000248,249,365,-116
104000251,49,126,-77
104000272,0,0,0
104000273,0,0,0
104000274,0,0,0
104000275,0,0,0
104000279,520,328,192
104000290,57,168,-111
104000291,442,763,-321
104000293,608,686,-78
104000294,45,0,45
104000295,423,533,-110
104000296,351,447,-96
104000297,408,1377,-969
104000298,1388,647,741
104000299,521,1155,-634
104900001,98,175,-77
104900002,44,135,-91
104900003,48,199,-151
104900004,59,163,-104
104900005,281,163,118
104900006,287,58,229
104900007,223,136,87
104900009,117,166,-49
104900010,39,44,-5
104900011,12,17,-5
104900012,198,31,167
104900013,81,8,73
104900014,1423,220,1203
104900015,66,6,60
104900016,198,103,95
104900017,134,104,30
104900018,10,115,-105
104900019,181,2584,-2403
104900020,33,205,-172
104900021,0,118,-118
104900022,6,99,-93
104900023,0,29,-29
104900024,18,45,-27
104900025,49,108,-59
104900026,2,32,-30
104900027,435,248,187
104900028,18,56,-38
104900029,45,35,10
104900030,411,146,265
104900031,66,117,-51
104900032,34,59,-25
104900033,110,183,-73
104900034,298,127,171
104900035,356,140,216
104900036,200,55,145
104900037,106,104,2
104900038,249,582,-333
104900039,373,322,51
104900040,371,77,294
104900041,266,102,164
104900042,137,127,10
104900043,16,154,-138
104900044,597,139,458
104900045,356,52,304
104900046,122,61,61
104900047,308,76,232
104900048,332,43,289
104900049,44,29,15
104900050,171,37,134
104900051,244,37,207
104900052,65,3,62
104900053,395,110,285
104900054,129,20,109
104900055,128,1,127
104900056,134,22,112
104900057,33,0,33
104900058,371,166,205
104900059,126,150,-24
104900060,2,271,-269
104900061,152,253,-101
104900063,2,80,-78
104900064,1,62,-61
104900065,0,152,-152
104900066,0,70,-70
104900067,3,187,-184
104900068,20,86,-66
104900070,143,171,-28
104900071,1,250,-249
104900072,40,199,-159
104900073,42,81,-39
104900074,33,113,-80
104900075,31,15,16
104900076,77,123,-46
104900077,340,193,147
104900078,158,232,-74
104900079,67,401,-334
104900080,105,483,-378
104900082,11,294,-283
104900085,0,147,-147
104900087,207,1,206
104900089,231,1,230
104900090,744,552,192
104900091,404,299,105
104900093,153,318,-165
104900097,1293,1693,-400
104900098,90,25,65
104900099,120,476,-356
104900100,220,111,109
104900102,26,68,-42
104900103,366,33,333
104900104,1559,1532,27
104900106,100,73,27
104900107,94,65,29
104900108,30,106,-76
104900109,69,92,-23
104900110,4,24,-20
104900111,120,54,66
104900112,242,271,-29
104900113,565,234,331
104900114,318,191,127
104900115,534,209,325
104900116,239,94,145
104900118,16,19,-3
104900119,2,37,-35
104900120,18,243,-225
104900121,0,42,-42
104900122,4,21,-17
104900123,52,18,34
104900124,50,0,50
104900125,345,4,341
104900126,30,31,-1
104900127,27,40,-13
104900128,101,125,-24
104900129,752,1783,-1031
105000001,2325,1199,1126
105000002,1949,1140,809
105000003,2652,2329,323
105000004,563,562,1
105000005,822,877,-55
105000006,1216,1296,-80
105000007,1181,1552,-371
105000008,1153,3298,-2145
105000009,2283,2460,-177
105000010,2340,1201,1139
105000011,3297,2119,1178
105000012,2782,1715,1067
105000013,843,903,-60
105000014,1828,2269,-441
105000015,7445,12713,-5268
105000016,1447,1436,11
105000017,1276,674,602
105000018,829,1202,-373
105000019,766,726,40
105000020,138,406,-268
105000021,205,69,136
105000022,170,118,52
105000023,391,295,96
105000028,75,84,-9
105000029,461,1160,-699
105000030,2729,1549,1180
105000031,4,17,-13
105000033,725,1119,-394
105000034,103,700,-597
105000037,520,172,348
105000038,1066,1388,-322
105000039,1325,840,485
105000040,713,887,-174
105000041,320,649,-329
105000042,1929,1218,711
105000043,1039,1150,-111
105000044,491,321,170
105000045,234,387,-153
105000046,900,254,646
105000047,501,689,-188
105000048,468,195,273
105000049,180,300,-120
105000050,548,299,249
105000051,125,218,-93
105000052,436,524,-88
105000053,82,95,-13
105000054,389,597,-208
105000055,592,179,413
105000056,1017,1196,-179
105000057,906,449,457
105000058,978,731,247
105000059,691,471,220
105000060,386,451,-65
105000061,708,421,287
105000062,431,442,-11
105000063,236,231,5
105000064,1390,577,813
105000065,315,276,39
105000066,706,624,82
105000067,1280,630,650
105000068,251,498,-247
105000069,1038,1622,-584
105000070,331,777,-446
105000071,166,790,-624
105000072,889,2065,-1176
105000073,711,506,205
105000074,703,457,246
105000075,420,536,-116
105000076,864,675,189
105000077,1684,858,826
105000078,811,1013,-202
105000079,940,2860,-1920
105000080,1352,1171,181
105000081,2666,1330,1336
105000082,776,1704,-928
105000083,3446,3655,-209
105000084,428,592,-164
105000085,1498,1989,-491
105000086,527,644,-117
105000087,900,1160,-260
105000088,1047,1355,-308
105000089,1629,1354,275
105000090,777,563,214
105000091,817,999,-182
105000092,441,558,-117
105000093,241,262,-21
105000094,222,155,67
105000095,96,348,-252
105000096,943,950,-7
105000097,670,633,37
105000098,841,544,297
105000099,551,511,40
105000100,1136,731,405
105000101,1500,1151,349
105000102,1137,942,195
105000103,881,1360,-479
105000104,1839,597,1242
105000105,817,1285,-468
105000106,1106,941,165
105000107,1420,631,789
105000108,1413,906,507
105000109,1474,1041,433
105000110,706,324,382
105000111,706,454,252
105000112,946,379,567
105000113,378,554,-176
105000114,1487,983,504
105000115,267,1001,-734
105000116,697,355,342
105000117,703,462,241
105000118,475,276,199
105000119,485,424,61
105000120,887,351,536
105000121,569,481,88
105000122,350,490,-140
105000123,798,702,96
105000124,1588,510,1078
105000125,715,1165,-450
105000126,1663,933,730
105000127,1950,1206,744
105000128,451,612,-161
105000129,614,179,435
105000130,278,2813,-2535
105000131,526,211,315
105000132,801,657,144
105000133,521,592,-71
105000134,714,404,310
105000135,316,344,-28
105000136,117,182,-65
105000137,566,141,425
105000138,210,222,-12
105000139,675,475,200
105000140,463,336,127
105000141,331,321,10
105000142,209,337,-128
105000143,195,323,-128
105000144,227,514,-287
105000145,701,220,481
105000146,355,526,-171
105000147,680,245,435
105000148,930,423,507
105000149,1965,1524,441
105000150,1264,706,558
105000151,342,227,115
105000152,154,318,-164
105000153,448,425,23
105000154,428,315,113
105000155,294,598,-304
105000156,514,388,126
105000157,582,908,-326
105000158,1432,517,915
105000159,177,625,-448
105000160,1778,463,1315
105000161,562,455,107
105000162,472,1266,-794
105000163,697,501,196
105000164,161,180,-19
105000165,466,4168,-3702
105000166,2622,817,1805
105000167,968,1495,-527
105000168,398,352,46
105000169,560,181,379
105000170,314,870,-556
105000171,856,154,702
105000172,106,18,88
105000173,245,18,227
105000174,76,29,47
105000175,71,54,17
105000176,365,49,316
105000177,348,165,183
105000178,232,215,17
105000179,634,71,563
105000180,165,59,106
105000181,126,128,-2
105000182,41,26,15
105000183,1261,1550,-289
105000184,959,643,316
105000185,868,787,81
105000186,362,505,-143
105000187,587,186,401
105000188,147,91,56
105000189,84,321,-237
105000190,271,191,80
105000191,289,223,66
105000192,302,42,260
105000193,44,90,-46
105000194,536,113,423
105000195,171,411,-240
105000196,74,315,-241
105000197,208,382,-174
105000198,378,212,166
105000199,173,636,-463
105000200,77,194,-117
105000201,69,25,44
105000203,23,132,-109
105000204,87,73,14
105000205,62,122,-60
105000207,273,130,143
105000208,105,421,-316
105000209,183,238,-55
105000211,242,12,230
105000212,922,625,297
105000213,86,123,-37
105000214,118,141,-23
105000215,290,98,192
105000216,168,158,10
105000217,142,176,-34
105000218,1389,732,657
105000221,143,125,18
105000222,426,130,296
105000223,237,146,91
105000226,46,97,-51
105000227,75,76,-1
105000228,137,1720,-1583
105000229,107,385,-278
105000231,277,229,48
105000233,763,465,298
105000234,314,702,-388
105000235,297,461,-164
105000237,566,61,505
105000243,43,30,13
105000248,46,58,-12
105000262,292,616,-324
105000269,106,147,-41
105000270,395,18,377
105000271,2,133,-131
105000282,59,28,31
105000287,301,67,234
105000288,471,249,222
105000289,2056,1771,285
105000290,21,6,15
105000402,1920,3247,-1327
105000426,354,412,-58
105000438,3094,1505,1589
105000440,39,11,28
105000446,5609,4101,1508
105000447,3139,1804,1335
105000454,528,340,188
105000455,172,91,81
105000474,74,0,74
105000477,369,436,-67
105000478,1663,4285,-2622
105000479,65,85,-20
105000480,7270,6829,441
105000481,4198,2911,1287
105000482,3251,5881,-2630
105000483,1504,1791,-287
105000484,1372,2391,-1019
105000485,1102,2847,-1745
105000486,1881,1898,-17
105000488,7171,3560,3611
105000489,716,572,144
105000549,70,62,8
105000550,340,1048,-708
105000551,43,73,-30
105000552,1680,1058,622
105000555,818,899,-81
105000556,54,20,34
105000557,25,88,-63
105900001,6,1144,-1138
105900002,672,577,95
105900003,14,52,-38
105900004,127,78,49
105900005,4,99,-95
105900006,21,70,-49
105900007,38,11,27
105900008,71,319,-248
105900009,15,13,2
105900011,89,20,69
105900012,334,49,285
105900013,2,36,-34
105900014,8,48,-40
105900015,89,209,-120
105900016,408,276,132
105900017,1093,32,1061
105900018,153,98,55
105900019,41,143,-102
105900020,44,69,-25
105900021,29,124,-95
105900022,159,150,9
105900023,9,44,-35
105900024,6,105,-99
105900025,181,14,167
105900026,129,7,122
105900027,4936,4639,297
105900028,391,352,39
105900029,1082,243,839
105900030,183,159,24
105900031,232,151,81
105900032,76,88,-12
105900033,74,74,0
105900034,202,121,81
105900035,116,107,9
105900036,113,91,22
105900037,108,48,60
105900038,153,127,26
105900039,125,87,38
105900040,66,83,-17
105900041,126,106,20
105900042,44,130,-86
105900043,817,49,768
105900044,5,162,-157
105900045,1,542,-541
105900046,1,178,-177
105900047,11,34,-23
105900048,53,351,-298
105900050,3833,2598,1235
105900051,36,692,-656
105900052,368,198,170
105900053,1558,2043,-485
105900054,258,115,143
105900056,328,288,40
105900057,12,48,-36
105900058,15,14,1
105900059,0,42,-42
106000001,2567,1889,678
106000002,1182,3325,-2143
106000003,2309,2904,-595
106000004,1201,1855,-654
106000005,3210,3922,-712
106000006,4306,2274,2032
106000007,418,475,-57
106000008,318,228,90
106000009,585,315,270
106000010,459,394,65
106000011,1151,789,362
106000012,688,783,-95
106000013,1593,1410,183
106000014,1243,1006,237
106000015,1601,996,605
106000016,881,1184,-303
106000017,545,534,11
106000018,531,277,254
106000019,334,270,64
106000020,318,225,93
106000021,314,275,39
106000022,300,138,162
106000023,558,197,361
106000024,400,292,108
106000025,85,143,-58
106000026,62,119,-57
106000027,1341,1001,340
106000028,494,270,224
106000029,545,544,1
106000030,313,388,-75
106000034,163,451,-288
106000035,803,1648,-845
106000036,130,332,-202
106000037,1402,994,408
106000038,166,92,74
106000039,60,76,-16
106000040,100,662,-562
106000041,494,390,104
106000043,427,216,211
106000046,306,72,234
106000047,24,305,-281
106000049,983,149,834
106000050,356,413,-57
106000051,642,438,204
106000052,79,323,-244
106000053,374,112,262
106000054,251,258,-7
106000055,892,554,338
106000056,191,219,-28
106000057,339,197,142
106000058,119,70,49
106000059,357,206,151
106000060,190,312,-122
106000061,193,466,-273
106000062,132,294,-162
106000063,668,435,233
106000064,37,184,-147
106000065,308,211,97
106000066,73,164,-91
106000067,329,80,249
106000068,40,370,-330
106000069,297,47,250
106000070,371,468,-97
106000071,855,226,629
106000072,1722,1222,500
106000073,1078,2492,-1414
106000074,436,515,-79
106000075,296,1103,-807
106000076,1489,1376,113
106000077,2354,956,1398
106000078,973,674,299
106000079,667,509,158
106000080,1008,411,597
106000081,565,867,-302
106000082,1822,624,1198
106000083,342,1138,-796
106000084,962,507,455
106000085,964,1213,-249
106000086,512,675,-163
106000087,736,458,278
106000088,329,565,-236
106000089,811,245,566
106000090,276,415,-139
106000091,242,287,-45
106000092,458,179,279
106000093,303,94,209
106000094,62,179,-117
106000095,804,529,275
106000096,728,394,334
106000097,911,488,423
106000098,605,548,57
106000099,193,407,-214
106000100,948,141,807
106000101,562,150,412
106000102,99,303,-204
106000103,211,237,-26
106000104,686,279,407
106000105,414,340,74
106000106,608,295,313
106000107,128,195,-67
106000108,327,173,154
106000109,165,172,-7
106000110,246,173,73
106000111,147,234,-87
106000112,264,456,-192
106000113,372,405,-33
106000114,337,509,-172
106000115,167,223,-56
106000116,243,140,103
106000117,653,425,228
106000118,916,1073,-157
106000119,846,590,256
106000120,727,1092,-365
106000121,183,135,48
106000122,132,92,40
106000123,423,83,340
106000124,54,117,-63
106000125,17,133,-116
106000126,267,59,208
106000127,852,491,361
106000128,706,110,596
106000129,414,308,106
106000130,773,240,533
106000131,134,584,-450
106000132,433,136,297
106000133,917,913,4
106000134,342,1434,-1092
106000135,120,327,-207
106000136,471,854,-383
106000137,59,338,-279
106000138,1023,89,934
106000139,48,61,-13
106000140,61,24,37
106000141,90,32,58
106000142,99,35,64
106000143,19,27,-8
106000144,26,54,-28
106000145,240,135,105
106000146,440,95,345
106000147,233,260,-27
106000148,308,398,-90
106000149,481,205,276
106000150,401,1551,-1150
106000151,2180,613,1567
106000152,800,1539,-739
106000153,78,1244,-1166
106000154,791,121,670
106000155,103,220,-117
106000156,784,248,536
106000157,491,1116,-625
106000158,1278,704,574
106000159,1575,1389,186
106000160,371,2149,-1778
106000161,957,200,757
106000162,295,799,-504
106000163,347,221,126
106000164,430,174,256
106000165,194,265,-71
106000166,646,160,486
106000167,321,487,-166
106000168,531,203,328
106000169,162,358,-196
106000170,772,173,599
106000171,185,845,-660
106000172,2190,953,1237
106000173,952,1578,-626
106000174,903,298,605
106000175,241,453,-212
106000176,1312,652,660
106000177,545,1340,-795
106000178,2601,1164,1437
106000179,733,1163,-430
106000180,541,683,-142
106000181,737,912,-175
106000182,1363,412,951
106000183,1309,261,1048
106000184,1472,324,1148
106000185,851,699,152
106000186,526,66,460
106000187,114,825,-711
106000188,0,0,0
106000189,6,27,-21
106000190,24,0,24
106000191,530,104,426
106000192,0,29,-29
106000193,274,127,147
106000194,97,199,-102
106000195,223,80,143
106000196,66,194,-128
106000197,420,139,281
106000198,88,129,-41
106000199,381,594,-213
106000200,122,163,-41
106000201,312,2232,-1920
106000202,1609,367,1242
106000203,13,107,-94
106000204,75,4,71
106000205,10,80,-70
106000206,62,17,45
106000207,20,307,-287
106000208,1235,127,1108
106000209,1396,349,1047
106000210,232,505,-273
106000211,194,754,-560
106000212,777,388,389
106000213,282,1129,-847
106000214,1325,434,891
106000215,220,302,-82
106000216,375,269,106
106000217,202,202,0
106000218,399,222,177
106000219,111,193,-82
106000220,405,129,276
106000221,192,164,28
106000222,73,49,24
106000223,251,93,158
106000224,219,105,114
106000225,98,140,-42
106000226,128,183,-55
106000228,48,70,-22
106000229,62,419,-357
106000231,772,81,691
106000232,64,200,-136
106000233,408,62,346
106000234,23,111,-88
106000235,193,84,109
106000236,40,47,-7
106000237,1,8,-7
106000238,4,19,-15
106000239,5,72,-67
106000240,26,9,17
106000241,9,358,-349
106000242,216,31,185
106000249,56,44,12
106000250,51,390,-339
106000251,84,20,64
106000252,9,32,-23
106000253,37,49,-12
106000254,33,26,7
106000255,35,121,-86
106000256,28,38,-10
106000257,104,85,19
106000258,88,14,74
106000259,0,52,-52
106000260,24,3,21
106000261,1,46,-45
106000262,49,7,42
106000263,18,24,-6
106000264,198,12,186
106000265,5,85,-80
106000266,90,17,73
106000267,0,52,-52
106000268,319,55,264
106000269,39,19,20
106000270,98,248,-150
106000271,64,91,-27
106000272,130,43,87
106000273,7,213,-206
106000274,99,25,74
106000275,106,184,-78
106000276,107,32,75
106000277,127,225,-98
106000278,104,22,82
106000279,10,16,-6
106000280,50,32,18
106000281,76,42,34
106000282,55,34,21
106000283,117,42,75
106000284,81,63,18
106000285,77,53,24
106000286,71,104,-33
106000287,94,37,57
106000288,82,113,-31
106000289,65,39,26
106000290,61,68,-7
106000291,47,72,-25
106000292,48,58,-10
106000293,128,72,56
106000294,121,79,42
106000295,39,38,1
106000296,49,67,-18
106000297,56,140,-84
106000298,73,52,21
106000299,52,76,-24
106000300,56,71,-15
106000301,58,92,-34
106000303,12,47,-35
106000304,17,18,-1
106000305,30,28,2
106000306,33,28,5
106000307,39,14,25
106000308,17,60,-43
106000309,19,29,-10
106000310,292,319,-27
106000311,293,141,152
106000312,76,91,-15
106000313,253,156,97
106000318,42,305,-263
106000319,868,237,631
106000320,3,61,-58
106000321,176,98,78
106000322,159,96,63
106000324,10,97,-87
106000325,1504,764,740
106000326,759,1079,-320
106000327,177,75,102
106000328,31,58,-27
106000329,35,126,-91
106000330,10,56,-46
106000428,81,175,-94
106000429,166,322,-156
106000430,280,918,-638
106000431,2013,386,1627
106000432,1240,1898,-658
106000433,2404,1202,1202
106000434,2679,1248,1431
106000435,927,1722,-795
106000436,7,96,-89
106000437,141,36,105
106000438,288,150,138
106000439,63,207,-144
106000440,142,294,-152
106000441,0,0,0
106000442,144,10,134
106000443,161,124,37
106000450,0,84,-84
106000451,20,72,-52
106000454,2,36,-34
106000455,2,102,-100
106000456,72,24,48
106000457,18,390,-372
106000458,853,54,799
106000459,152,156,-4
106000460,1325,28,1297
106000461,146,437,-291
106000462,2,37,-35
106000463,4,8,-4
106000464,3,188,-185
106000465,679,1,678
106000466,4,243,-239
106000467,156,264,-108
106000468,92,79,13
106000469,79,0,79
106000470,218,1525,-1307
106000471,16,254,-238
106000472,150,23,127
106000473,27,11,16
106000474,197,247,-50
106000475,267,116,151
106000476,130,180,-50
106000477,43,58,-15
106000480,0,284,-284
106900001,0,9,-9
106900002,0,292,-292
106900003,145,484,-339
106900004,1,12,-11
106900006,0,7,-7
106900007,0,9,-9
106900008,364,77,287
106900009,340,149,191
106900010,194,232,-38
106900012,906,1709,-803
106900013,381,132,249
106900014,25,3,22
106900015,10,4,6
106900016,260,16,244
106900017,8,0,8
106900018,0,0,0
106900019,61,4,57
106900020,1322,1353,-31
106900021,137,157,-20
106900022,759,2,757
106900023,81,237,-156
106900024,408,51,357
106900025,32,333,-301
106900026,0,307,-307
106900027,701,4,697
107000001,2933,3221,-288
107000002,1755,2779,-1024
107000003,5227,4841,386
107000004,3036,2162,874
107000005,5345,4659,686
107000006,2762,1950,812
107000007,4559,7677,-3118
107000008,5401,4196,1205
107000009,7042,6852,190
107000010,5924,4900,1024
107000011,690,778,-88
107000012,2584,1586,998
107000013,90,38,52
107000014,42,114,-72
107000015,396,440,-44
107000016,659,455,204
107000017,1047,1266,-219
107000018,4,969,-965
107000020,773,1256,-483
107000021,947,314,633
107000022,574,1109,-535
107000023,1374,191,1183
107000024,434,928,-494
107000025,204,276,-72
107000026,197,298,-101
107000027,1402,816,586
107000028,1130,822,308
107000029,3017,2390,627
107000030,1840,1729,111
107000031,4003,1968,2035
107000032,368,671,-303
107000033,1925,2326,-401
107000034,2476,897,1579
107000035,317,172,145
107000036,325,871,-546
107000037,71,653,-582
107000038,150,178,-28
107000039,687,627,60
107000040,174,189,-15
107000041,1060,570,490
107000042,526,1478,-952
107000043,1517,897,620
107000044,408,206,202
107000045,87,181,-94
107000046,677,337,340
107000047,403,546,-143
107000048,606,216,390
107000049,518,546,-28
107000050,890,442,448
107000051,186,293,-107
107000052,954,942,12
107000053,306,243,63
107000054,46,267,-221
107000055,319,108,211
107000056,427,547,-120
107000057,1079,215,864
107000058,1769,2020,-251
107000059,1443,2064,-621
107000060,4235,4367,-132
107000061,3551,2208,1343
107000062,4676,2331,2345
107000063,3412,2749,663
107000064,4207,1951,2256
107000065,2329,2779,-450
107000066,1550,2393,-843
107000067,1045,1057,-12
107000068,911,701,210
107000069,870,482,388
107000070,955,3,952
107000071,3349,49,3300
107000072,34,1558,-1524
107000073,857,392,465
107000074,187,598,-411
107000075,1754,524,1230
107000076,492,817,-325
107000077,3488,1402,2086
107000078,2082,1933,149
107000079,2500,1027,1473
107000080,824,1925,-1101
107000081,1932,420,1512
107000082,515,819,-304
107000083,1217,396,821
107000084,288,783,-495
107000085,2457,2554,-97
107000086,2568,2670,-102
107000087,2507,1607,900
107000088,2424,2536,-112
107000089,1547,1298,249
107000090,916,684,232
107000091,1397,700,697
107000092,725,640,85
107000093,1134,667,467
107000094,719,716,3
107000095,836,524,312
107000096,431,439,-8
107000097,726,232,494
107000098,360,324,36
107000099,280,246,34
107000100,178,201,-23
107000101,55,132,-77
107000102,172,192,-20
107000103,267,142,125
107000104,114,182,-68
107000105,357,109,248
107000106,141,157,-16
107000107,444,107,337
107000108,89,337,-248
107000109,580,126,454
107000110,56,306,-250
107000111,390,49,341
107000112,31,185,-154
107000113,618,83,535
107000114,73,345,-272
107000115,646,174,472
107000116,75,486,-411
107000117,137,731,-594
107000118,142,139,3
107000119,1052,1432,-380
107000120,729,492,237
107000121,916,552,364
107000122,1004,539,465
107000123,506,406,100
107000124,527,493,34
107000125,1004,394,610
107000126,902,443,459
107000129,189,381,-192
107000130,536,181,355
107000131,301,410,-109
107000132,468,266,202
107000133,365,148,217
107000134,201,2,199
107000135,1,308,-307
107000136,505,6,499
107000137,10,412,-402
107000138,154,18,136
107000139,23,465,-442
107000140,1143,72,1071
107000141,116,506,-390
107000142,386,100,286
107000143,91,411,-320
107000144,476,396,80
107000145,131,348,-217
107000146,159,188,-29
107000147,3688,967,2721
107000150,365,2141,-1776
107000151,20,84,-64
107000152,369,1212,-843
107000153,97,229,-132
107000154,132,231,-99
107000155,656,21,635
107000156,954,10,944
107000157,75,625,-550
107000158,652,20,632
107000159,30,445,-415
107000160,1213,108,1105
107000161,70,618,-548
107000162,210,436,-226
107000163,222,37,185
107000164,772,3,769
107000165,1136,8,1128
107000166,20,510,-490
107000167,627,135,492
107000168,935,432,503
107000169,494,549,-55
107000170,2275,563,1712
107000171,528,911,-383
107000172,1127,1399,-272
107000173,491,464,27
107000174,994,4759,-3765
107000175,3625,949,2676
107000176,0,0,0
107000177,4,0,4
107000178,16,15,1
107000179,250,1088,-838
107000180,1436,193,1243
107000181,399,636,-237
107000182,2027,665,1362
107000183,135,454,-319
107000184,1137,446,691
107000185,383,774,-391
107000186,1206,281,925
107000187,1070,871,199
107000188,575,451,124
107000189,428,753,-325
107000190,546,498,48
107000191,760,785,-25
107000192,1364,423,941
107000193,311,398,-87
107000194,752,480,272
107000197,900,258,642
107000198,258,465,-207
107000199,588,443,145
107000200,402,520,-118
107000201,329,196,133
107000202,275,319,-44
107000203,762,744,18
107000204,875,987,-112
107000205,1368,719,649
107000206,474,1294,-820
107000207,479,857,-378
107000208,686,409,277
107000209,1129,1154,-25
107000210,342,174,168
107000211,8,46,-38
107000212,17,245,-228
107000213,2,19,-17
107000214,31,117,-86
107000215,382,247,135
107000216,386,249,137
107000217,157,96,61
107000219,78,140,-62
107000220,143,87,56
107000222,231,402,-171
107000224,363,60,303
107000225,122,188,-66
107000226,433,82,351
107000227,79,99,-20
107000228,73,341,-268
107000229,60,69,-9
107000230,756,331,425
107000231,811,1327,-516
107000232,130,26,104
107000233,609,784,-175
107000234,1,55,-54
107000235,64,11,53
107000236,17,247,-230
107000237,41,0,41
107000238,40,1,39
107000239,1846,377,1469
107000240,64,386,-322
107000243,1,38,-37
107000244,2,63,-61
107000246,2,1124,-1122
107000249,1,1194,-1193
107000251,1,441,-440
107000252,3,512,-509
107000255,201,130,71
107000257,2,336,-334
107000258,0,118,-118
107000259,2,112,-110
107000260,1336,22,1314
107000262,6,230,-224
107000263,293,6,287
107000266,9,9,0
107000267,44,97,-53
107000268,62,67,-5
107000269,67,12,55
107000270,256,65,191
107000271,9,59,-50
107000272,125,18,107
107000273,10,179,-169
107000274,1014,296,718
107000275,65,1353,-1288
107000280,807,22,785
107000281,20,328,-308
107000282,32,394,-362
107000290,14,29,-15
107000291,19,6,13
107000292,1,101,-100
107000293,34,5,29
107000294,1,52,-51
107000295,22,3,19
107000296,0,7,-7
107000444,227,5,222
107000496,1,7,-6
107000497,1177,1180,-3
107000500,280,161,119
107000501,80,103,-23
107000502,126,173,-47
107000505,209,531,-322
107000506,0,3,-3
107000508,2,265,-263
107000509,196,442,-246
107000510,30,35,-5
107000514,42,379,-337
107000515,5,87,-82
107000516,452,262,190
107000518,993,1511,-518
107000519,914,599,315
107000520,104,22,82
107000521,574,199,375
107000522,923,332,591
107900001,64,83,-19
107900002,60,10,50
107900003,561,26,535
107900004,42,0,42
107900005,1273,5,1268
107900006,172,2,170
107900007,382,40,342
107900008,44,11,33
107900009,77,12,65
107900010,40,3,37
107900012,276,58,218
107900013,170,16,154
107900014,50,9,41
107900015,1096,10,1086
107900016,262,49,213
107900017,11,1,10
107900018,77,206,-129
107900019,13,10,3
107900020,39,24,15
107900021,96,42,54
107900023,1,1,0
107900024,0,4,-4
107900025,147,180,-33
107900026,52,17,35
107900027,31,20,11
107900028,120,44,76
107900030,169,24,145
107900031,34,50,-16
107900032,5,1,4
107900033,25,11,14
107900034,298,21,277
107900035,813,32,781
107900036,72,23,49
107900037,0,7,-7
107900038,116,205,-89
107900039,42,35,7
107900040,26,135,-109
107900041,1,3,-2
107900043,72,78,-6
107900044,19,3,16
107900045,104,59,45
107900046,125,142,-17
107900047,36,13,23
107900048,191,16,175
107900049,330,631,-301
107900050,115,152,-37
107900051,92,45,47
107900052,13,54,-41
107900053,34,56,-22
107900055,424,223,201
107900056,114,58,56
107900057,0,0,0
107900058,18,356,-338
107900060,9,29,-20
107900061,13,11,2
107900063,65,129,-64
107900064,266,172,94
107900065,186,9,177
107900066,42,2,40
107900067,1,0,1
107900068,74,407,-333
107900069,32,1971,-1939
107900070,139,59,80
107900071,19,482,-463
107900072,106,108,-2
107900073,88,62,26
107900074,498,272,226
107900076,144,29,115
107900077,92,1,91
107900079,9,20,-11
107900080,179,487,-308
107900081,48,59,-11
107900082,16,16,0
107900083,297,142,155
107900084,103,88,15
107900086,43,156,-113
107900087,347,150,197
107900088,46,7,39
107900089,175,624,-449
107900090,460,1803,-1343
107900091,124,188,-64
107900093,61,31,30
107900095,2125,1985,140
107900097,17,47,-30
107900098,79,104,-25
107900100,561,1226,-665
107900101,598,104,494
107900102,26,3,23
107900103,28,105,-77
107900104,133,3,130
107900105,19,138,-119
107900106,0,493,-493
107900107,857,482,375
107900108,113,108,5
107900109,1544,40,1504
107900110,50,38,12
107900111,6,336,-330
107900112,68,345,-277
107900113,235,22,213
107900114,179,87,92
107900115,1,28,-27
107900116,162,60,102
107900117,192,153,39
107900118,31,60,-29
107900119,93,192,-99
107900120,42,34,8
107900121,5,61,-56
107900122,1,63,-62
107900123,5,53,-48
107900124,10,21,-11
107900125,16,156,-140
107900126,16,41,-25
107900127,358,388,-30
107900128,44,80,-36
107900129,65,10,55
107900130,69,9,60
107900131,318,227,91
107900132,70,159,-89
107900133,0,50,-50
107900134,26,91,-65
107900135,9,145,-136
107900136,31,22,9
107900137,97,105,-8
107900138,58,17,41
107900139,51,21,30
107900141,44,26,18
107900142,29,368,-339
107900143,28,16,12
107900144,0,99,-99
107900145,5,61,-56
107900146,63,88,-25
107900147,39,25,14
107900148,132,66,66
107900149,395,123,272
107900150,65,346,-281
107900151,25,105,-80
107900152,9,63,-54
107900153,84,273,-189
107900154,36,24,12
107900155,97,37,60
107900156,2,229,-227
107900157,42,40,2
107900158,710,21,689
107900159,14,415,-401
107900160,169,197,-28
107900161,32,68,-36
107900162,2,38,-36
107900163,18,31,-13
107900164,16,24,-8
107900165,33,115,-82
107900166,20,84,-64
107900167,14,30,-16
107900168,50,42,8
107900169,0,91,-91
107900171,6,458,-452
107900172,1,161,-160
107900173,21,67,-46
107900174,180,5,175
107900175,21,31,-10
107900176,29,19,10
107900177,0,69,-69
107900178,1,136,-135
107900179,11,61,-50
107900180,273,570,-297
107900181,223,169,54
107900182,2,391,-389
107900183,46,130,-84
107900184,64,138,-74
107900185,149,10,139
107900186,37,31,6
107900187,0,81,-81
107900188,315,111,204
107900189,17,89,-72
107900190,32,98,-66
107900191,44,75,-31
107900193,2,38,-36
107900194,244,9,235
107900195,973,224,749
107900196,75,60,15
107900197,344,294,50
107900199,4,416,-412
107900201,87,59,28
107900203,27,49,-22
107900204,123,143,-20
107900206,876,236,640
107900207,6,341,-335
107900208,2,251,-249
107900209,251,96,155
107900210,69,60,9
107900213,392,344,48
107900214,16,43,-27
107900215,99,302,-203
107900216,156,27,129
107900217,15,85,-70
107900218,19,885,-866
107900219,26,26,0
107900220,169,207,-38
107900221,123,115,8
107900223,95,272,-177
107900224,73,284,-211
107900225,2,271,-269
107900226,85,49,36
107900227,73,183,-110
107900228,53,68,-15
107900229,2,131,-129
107900230,17,38,-21
107900231,27,132,-105
107900232,69,64,5
107900233,2,55,-53
107900234,109,75,34
107900235,20,73,-53
107900236,156,35,121
107900237,36,264,-228
107900238,23,61,-38
107900239,406,392,14
107900240,21,43,-22
107900241,15,27,-12
107900242,36,100,-64
107900243,6,58,-52
107900244,339,3,336
107900245,770,35,735
107900246,200,25,175
107900248,108,153,-45
107900249,751,35,716
107900250,2,272,-270
107900251,58,576,-518
107900252,753,32,721
107900253,180,10,170
107900254,64,109,-45
107900255,159,95,64
107900256,478,802,-324
107900257,182,67,115
107900258,74,102,-28
107900259,86,2151,-2065
107900261,6,157,-151
107900262,28,84,-56
107900264,370,15,355
107900265,115,88,27
107900267,269,5,264
107900268,6,0,6
107900269,0,4,-4
107900270,0,0,0
107900271,1,14,-13
107900272,20,18,2
107900273,46,72,-26
107900274,113,0,113
107900275,37,0,37
107900276,1,84,-83
107900277,0,104,-104
107900278,282,223,59
107900279,65,113,-48
107900280,1406,1529,-123
107900281,434,2736,-2302
107900282,32,411,-379
107900283,504,424,80
107900284,602,322,280
107900285,105,39,66
107900286,52,62,-10
107900287,242,138,104
107900290,0,150,-150
107900291,529,36,493
107900292,105,113,-8
107900293,73,160,-87
107900295,56,25,31
107900297,2,215,-213
107900298,463,405,58
107900299,1663,2213,-550
107900301,395,645,-250
107900302,92,26,66
107900303,194,146,48
107900304,320,213,107
107900305,286,12,274
107900306,16,35,-19
107900307,36,187,-151
107900308,174,116,58
107900309,60,0,60
107900310,279,0,279
107900311,22,642,-620
107900312,59,0,59
107900313,1,126,-125
107900314,0,23,-23
107900315,0,27,-27
107900316,35,2,33
107900317,67,11,56
107900318,6,99,-93
107900319,6,74,-68
107900320,0,67,-67
107900321,136,1,135
107900322,3,52,-49
107900323,7,62,-55
107900324,94,3,91
107900325,99,1,98
107900326,371,138,233
107900327,4,52,-48
107900328,62,1,61
107900329,45,94,-49
107900330,7,150,-143
107900331,253,22,231
107900332,346,14,332
107900333,78,6,72
107900334,7,93,-86
107900335,32,36,-4
107900336,20,36,-16
107900337,547,825,-278
107900338,5,99,-94
107900339,0,16,-16
107900340,0,44,-44
107900341,42,3,39
107900342,124,76,48
107900343,27,5,22
107900344,9,26,-17
107900345,72,26,46
107900346,12,1,11
107900347,14,1,13
107900348,4,2,2
107900349,22,5,17
107900350,13,136,-123
107900351,5,105,-100
107900352,1,13,-12
107900353,21,6,15
107900354,12,18,-6
108000001,2658,2962,-304
108000002,1549,1439,110
108000003,2844,3193,-349
108000004,8632,9362,-730
108000005,6765,5910,855
108000006,5803,5144,659
108000007,4569,3552,1017
108000008,3253,4070,-817
108000009,3636,4430,-794
108000010,2965,2908,57
108000011,10478,10154,324
108000012,10254,9683,571
108000014,576,969,-393
108000015,810,216,594
108000016,284,926,-642
108000017,921,306,615
108000018,1485,500,985
108000019,1284,631,653
108000020,1148,454,694
108000021,295,1270,-975
108000022,304,1026,-722
108000023,1100,186,914
108000024,311,300,11
108000025,301,253,48
108000026,894,202,692
108000027,709,449,260
108000028,941,178,763
108000029,541,532,9
108000030,543,110,433
108000031,147,448,-301
108000032,1627,527,1100
108000033,630,655,-25
108000034,1634,312,1322
108000035,513,1264,-751
108000036,316,649,-333
108000037,1593,295,1298
108000038,2418,454,1964
108000039,416,1158,-742
108000040,1671,814,857
108000041,539,1452,-913
108000042,327,174,153
108000043,210,176,34
108000044,567,138,429
108000045,356,272,84
108000046,1229,207,1022
108000047,399,495,-96
108000048,141,252,-111
108000049,780,185,595
108000050,96,480,-384
108000051,346,126,220
108000052,154,345,-191
108000053,442,191,251
108000054,366,705,-339
108000055,815,514,301
108000056,1082,971,111
108000057,510,1149,-639
108000058,1670,3145,-1475
108000059,2228,1496,732
108000060,217,585,-368
108000061,303,357,-54
108000062,823,509,314
108000063,446,302,144
108000064,218,193,25
108000065,384,300,84
108000066,1210,582,628
108000067,1843,657,1186
108000068,741,314,427
108000069,230,569,-339
108000070,1813,566,1247
108000071,523,870,-347
108000072,1750,729,1021
108000073,961,1091,-130
108000074,571,293,278
108000075,277,510,-233
108000076,673,454,219
108000077,490,377,113
108000078,2219,864,1355
108000079,640,865,-225
108000080,1251,342,909
108000081,401,800,-399
108000082,715,1138,-423
108000083,1677,830,847
108000084,336,671,-335
108000085,781,413,368
108000086,564,429,135
108000087,121,1859,-1738
108000088,781,138,643
108000089,250,239,11
108000091,196,302,-106
108000092,150,71,79
108000093,174,236,-62
108000094,572,87,485
108000095,149,139,10
108000096,350,122,228
108000097,134,204,-70
108000098,1647,905,742
108000099,930,232,698
108000100,151,417,-266
108000101,1124,1406,-282
108000102,1461,3115,-1654
108000106,633,3,630
108000107,0,619,-619
108000108,461,32,429
108000109,10,780,-770
108000110,144,239,-95
108000111,119,352,-233
108000112,47,122,-75
108000113,309,143,166
108000115,204,235,-31
108000117,521,330,191
108000118,362,1537,-1175
108000119,416,191,225
108000120,170,613,-443
108000121,120,287,-167
108000122,516,251,265
108000123,521,97,424
108000124,256,269,-13
108000125,388,117,271
108000126,161,236,-75
108000127,486,143,343
108000128,533,219,314
108000129,248,433,-185
108000130,474,124,350
108000131,951,489,462
108000132,1213,828,385
108000133,1001,418,583
108000134,346,315,31
108000135,1038,331,707
108000136,160,475,-315
108000137,522,153,369
108000138,405,502,-97
108000139,531,210,321
108000140,111,19,92
108000141,35,16,19
108000142,56,45,11
108000143,51,225,-174
108000144,465,39,426
108000145,32,6,26
108000146,724,53,671
108000147,26,9,17
108000148,554,77,477
108000149,18,4,14
108000150,27,16,11
108000151,89,80,9
108000152,81,256,-175
108000153,669,93,576
108000154,34,5,29
108000155,42,24,18
108000156,561,238,323
108000157,98,1091,-993
108000158,58,810,-752
108000159,294,158,136
108000160,1511,862,649
108000161,1385,2141,-756
108000165,5,176,-171
108000172,6,200,-194
108000173,811,1802,-991
108000175,601,114,487
108000178,298,194,104
108000179,111,733,-622
108000181,60,34,26
108000182,165,80,85
108000183,19,362,-343
108000184,552,2133,-1581
108000185,169,194,-25
108000186,362,167,195
108000187,112,251,-139
108000188,537,173,364
108000189,999,8044,-7045
108000190,35,83,-48
108000192,178,342,-164
108000193,381,13,368
108000194,22,9,13
108000195,4,655,-651
108000196,141,70,71
108000198,680,169,511
108000199,0,379,-379
108000200,357,210,147
108000203,94,228,-134
108000204,103,53,50
108000205,184,221,-37
108000339,729,316,413
108000364,152,536,-384
108000365,39,243,-204
108000367,154,174,-20
108000368,4,44,-40
108000369,319,122,197
108000371,6,532,-526
108000372,538,13,525
108000373,218,123,95
108000376,111,52,59
108000377,532,157,375
108000378,7381,8542,-1161
108000379,16,158,-142
108000381,95,6,89
108000382,98,13,85
108000383,3,199,-196
108900001,64,537,-473
108900002,112,54,58
108900003,225,382,-157
108900004,750,421,329
108900007,328,184,144
108900008,151,103,48
108900009,102,101,1
108900010,365,118,247
108900011,624,317,307
108900012,358,313,45
108900013,188,228,-40
108900014,21,82,-61
108900015,0,170,-170
108900016,2,187,-185
108900017,235,424,-189
108900018,148,198,-50
108900019,20,291,-271
108900020,49,106,-57
108900021,119,132,-13
108900022,99,4,95
108900023,22,26,-4
108900024,38,54,-16
108900025,194,79,115
108900026,17,88,-71
108900027,0,37,-37
108900028,98,125,-27
108900029,39,126,-87
108900030,0,55,-55
108900031,151,206,-55
108900032,9,86,-77
108900033,0,84,-84
108900034,0,126,-126
108900035,246,631,-385
108900038,1,175,-174
108900039,2,250,-248
108900040,4,56,-52
108900041,3056,2857,199
108900042,14,381,-367
108900043,57,287,-230
108900044,1,255,-254
108900045,58,289,-231
108900046,34,350,-316
108900047,1,130,-129
108900048,83,495,-412
108900049,1338,1259,79
108900050,1,130,-129
108900051,1,106,-105
108900052,20,98,-78
108900053,52,190,-138
108900054,61,145,-84
108900055,42,303,-261
108900056,0,88,-88
108900057,0,95,-95
108900058,15,153,-138
108900059,473,50,423
108900060,78,120,-42
108900061,82,21,61
108900062,8,121,-113
108900063,8,112,-104
108900064,228,33,195
108900065,11,95,-84
108900066,423,129,294
108900067,12,92,-80
108900068,8,58,-50
108900069,68,39,29
108900070,22,52,-30
108900071,84,40,44
108900072,1412,405,1007
108900073,22,129,-107
108900074,232,127,105
108900075,38,29,9
108900076,369,53,316
108900077,87,218,-131
108900078,63,57,6
108900079,411,124,287
108900080,34,622,-588
108900081,38,167,-129
108900082,130,76,54
108900083,10,205,-195
108900085,1140,125,1015
108900086,145,141,4
108900087,54,113,-59
108900088,777,321,456
108900089,19,133,-114
108900090,63,108,-45
108900091,119,40,79
108900092,450,234,216
108900093,99,93,6
108900094,181,63,118
108900095,20,174,-154
108900096,193,10,183
108900097,285,167,118
108900098,1058,628,430
108900099,401,110,291
108900100,77,88,-11
108900101,146,168,-22
108900102,56,881,-825
108900103,111,160,-49
108900105,5,1220,-1215
108900106,520,153,367
108900108,282,62,220
108900109,425,78,347
108900110,258,217,41
108900111,467,291,176
108900113,39,75,-36
108900114,83,5,78
108900115,100,63,37
108900116,35,23,12
108900117,184,13,171
108900118,588,28,560
108900119,278,12,266
108900120,246,184,62
108900121,272,100,172
108900122,143,11,132
108900123,132,77,55
108900124,435,176,259
108900125,440,8,432
108900126,118,35,83
108900127,202,20,182
108900128,114,41,73
108900129,776,146,630
108900130,280,4,276
108900131,328,3,325
108900132,507,56,451
108900133,269,55,214
108900134,500,161,339
108900135,185,16,169
108900136,35,0,35
108900137,142,4,138
108900138,858,55,803
108900140,418,126,292
108900141,322,10,312
108900142,109,4,105
108900143,100,0,100
108900144,83,1,82
108900145,243,21,222
108900146,75,0,75
108900147,189,1,188
108900148,67,19,48
108900150,205,9,196
108900151,89,6,83
108900152,270,33,237
108900153,188,176,12
108900154,4386,728,3658
108900156,71,3,68
108900157,21,206,-185
108900158,363,71,292
108900159,2,122,-120
108900160,7,159,-152
108900161,1,206,-205
108900162,120,2,118
108900163,1,209,-208
108900164,61,74,-13
108900168,3901,2164,1737
108900169,86,91,-5
108900171,2528,2577,-49
108900172,171,41,130
108900173,139,222,-83
108900174,922,479,443
108900176,113,249,-136
108900177,2437,4813,-2376
108900178,2408,3083,-675
108900180,100,257,-157
108900183,144,120,24
108900184,399,151,248
108900185,102,218,-116
108900186,54,197,-143
108900189,339,104,235
108900190,47,1343,-1296
108900192,88,146,-58
108900195,71,116,-45
108900196,24,151,-127
108900199,225,190,35
108900200,492,272,220
108900201,405,954,-549
108900203,472,99,373
108900204,355,11,344
108900205,188,36,152
108900206,384,55,329
108900207,156,85,71
108900208,8,227,-219
108900209,171,354,-183
108900210,152,173,-21
108900211,154,478,-324
108900212,377,1204,-827
108900215,67,227,-160
108900216,319,262,57
108900217,159,1,158
108900218,41,11,30
108900221,16,191,-175
108900224,23,134,-111
108900225,0,120,-120
108900227,86,308,-222
108900230,126,218,-92
108900232,1,170,-169
108900233,327,64,263
108900234,256,95,161
108900235,171,336,-165
108900236,31,137,-106
108900240,138,110,28
108900241,33,51,-18
108900245,12,1211,-1199
108900250,165,76,89
108900258,7,117,-110
108900259,21,33,-12
108900260,2,59,-57
108900261,47,67,-20
108900262,75,104,-29
108900263,26,82,-56
108900264,413,232,181
108900265,525,373,152
108900266,456,668,-212
108900267,5,120,-115
108900268,9,5,4
108900269,81,14,67
108900270,80,5,75
108900271,28,12,16
108900272,173,7,166
108900273,498,760,-262
108900274,68,28,40
109000001,1760,1752,8
109000002,858,2059,-1201
109000003,2349,363,1986
109000004,437,1530,-1093
109000005,2292,513,1779
109000006,608,1668,-1060
109000007,1329,503,826
109000008,560,1212,-652
109000009,2924,1026,1898
109000010,1011,2424,-1413
109000011,3150,1451,1699
109000012,1588,1914,-326
109000013,3512,2541,971
109000014,1805,1745,60
109000015,3159,7191,-4032
109000016,4116,2114,2002
109000017,2272,1038,1234
109000018,921,1669,-748
109000019,2234,1248,986
109000020,919,1254,-335
109000023,205,21,184
109000024,15,116,-101
109000025,313,466,-153
109000026,473,243,230
109000027,100,294,-194
109000028,113,50,63
109000029,79,188,-109
109000030,50,354,-304
109000031,179,131,48
109000032,104,306,-202
109000033,311,141,170
109000034,44,28,16
109000035,16,41,-25
109000036,85,251,-166
109000037,250,1375,-1125
109000038,331,264,67
109000039,772,697,75
109000040,2317,8846,-6529
109000041,1413,1551,-138
109000042,416,996,-580
109000044,361,55,306
109000045,104,271,-167
109000046,386,52,334
109000047,55,313,-258
109000048,600,163,437
109000049,196,345,-149
109000050,329,153,176
109000051,187,132,55
109000052,436,365,71
109000053,185,44,141
109000054,117,192,-75
109000055,130,138,-8
109000056,303,132,171
109000057,650,358,292
109000058,609,139,470
109000059,570,1401,-831
109000060,339,387,-48
109000061,547,699,-152
109000062,95,297,-202
109000063,152,75,77
109000064,243,105,138
109000065,154,94,60
109000066,257,33,224
109000067,42,169,-127
109000068,1173,9,1164
109000069,504,21,483
109000070,30,1982,-1952
109000071,358,75,283
109000072,72,276,-204
109000073,57,66,-9
109000074,31,120,-89
109000075,47,234,-187
109000076,135,219,-84
109000077,231,142,89
109000078,105,129,-24
109000079,108,121,-13
109000080,201,74,127
109000081,160,272,-112
109000082,715,135,580
109000083,262,322,-60
109000088,95,313,-218
109000089,216,44,172
109000090,120,257,-137
109000091,284,145,139
109000092,282,278,4
109000093,237,126,111
109000094,520,3,517
109000095,100,236,-136
109000096,695,217,478
109000097,104,114,-10
109000098,38,124,-86
109000099,656,239,417
109000100,227,595,-368
109000101,1424,375,1049
109000102,348,608,-260
109000103,380,389,-9
109000104,1609,411,1198
109000105,393,651,-258
109000106,1635,583,1052
109000107,438,981,-543
109000108,1753,412,1341
109000109,387,839,-452
109000110,1006,397,609
109000111,620,1110,-490
109000112,228,80,148
109000113,239,60,179
109000114,118,203,-85
109000115,832,82,750
109000116,9,157,-148
109000117,315,56,259
109000118,12,199,-187
109000119,1212,161,1051
109000120,200,342,-142
109000121,506,28,478
109000122,130,316,-186
109000123,44,47,-3
109000124,705,244,461
109000125,703,257,446
109000126,352,431,-79
109000127,975,131,844
109000128,477,608,-131
109000129,2300,644,1656
109000130,441,726,-285
109000131,752,537,215
109000132,549,949,-400
109000133,223,554,-331
109000134,501,857,-356
109000135,663,1183,-520
109000136,244,208,36
109000137,317,251,66
109000138,395,155,240
109000139,429,265,164
109000140,119,147,-28
109000141,441,236,205
109000142,103,301,-198
109000143,91,61,30
109000145,120,293,-173
109000146,54,58,-4
109000148,1575,1064,511
109000149,20,58,-38
109000150,148,250,-102
109000155,861,565,296
109000156,747,310,437
109000158,84,178,-94
109000159,71,242,-171
109000160,939,133,806
109000161,349,541,-192
109000162,1601,441,1160
109000163,938,1023,-85
109000164,1160,1600,-440
109000165,1178,346,832
109000166,729,87,642
109000167,86,267,-181
109000170,35,31,4
109000171,33,44,-11
109000172,27,51,-24
109000173,17,96,-79
109000174,120,26,94
109000175,35,30,5
109000176,263,105,158
109000177,15,61,-46
109000178,674,196,478
109000179,2291,4161,-1870
109000180,2692,2585,107
109000181,25,9,16
109000182,36,15,21
109000183,34,6,28
109000184,22,14,8
109000185,18,17,1
109000188,292,951,-659
109000189,1720,489,1231
109000190,535,277,258
109000191,355,261,94
109000192,365,93,272
109000193,139,149,-10
109000194,235,57,178
109000195,126,182,-56
109000196,246,58,188
109000197,201,179,22
109000198,313,45,268
109000199,94,284,-190
109000206,231,41,190
109000207,89,21,68
109000208,103,77,26
109000209,114,74,40
109000210,146,329,-183
109000211,563,248,315
109000214,411,170,241
109000215,124,43,81
109000216,238,188,50
109000217,119,89,30
109000218,195,154,41
109000221,389,658,-269
109000222,818,229,589
109000223,351,297,54
109000224,35,59,-24
109000225,71,25,46
109000226,49,119,-70
109000227,956,391,565
109000228,5,2710,-2705
109000231,2,123,-121
109000232,388,167,221
109000236,205,514,-309
109000241,1725,1307,418
109000242,1653,841,812
109000293,18,56,-38
109000361,168,187,-19
109000364,123,255,-132
109000396,4,216,-212
109000397,596,11,585
109000399,87,189,-102
109000400,83,160,-77
109000403,73,757,-684
109000406,337,6,331
109000407,222,104,118
109000408,1,284,-283
109000410,740,115,625
109000411,216,19,197
109900001,84,0,84
109900002,809,30,779
109900003,295,1,294
109900004,636,51,585
109900005,34,3,31
109900006,306,83,223
109900007,816,263,553
109900008,0,29,-29
109900009,113,221,-108
109900010,514,13,501
109900011,103,54,49
109900012,270,131,139
109900013,306,101,205
109900014,370,52,318
109900015,308,152,156
109900016,155,19,136
109900017,155,285,-130
109900018,201,29,172
109900019,258,42,216
109900020,21,63,-42
109900021,31,13,18
109900022,107,181,-74
109900023,23,2,21
109900024,16,1,15
109900025,18,31,-13
109900026,1,103,-102
109900027,43,41,2
109900028,525,1029,-504
109900029,7,131,-124
109900030,27,11,16
109900031,2,112,-110
109900032,4,231,-227
109900033,0,354,-354
109900034,41,4,37
109900035,14,15,-1
109900036,11,21,-10
109900037,35,273,-238
109900038,84,187,-103
109900039,14,0,14
109900040,28,332,-304
109900041,40,186,-146
109900042,26,326,-300
109900044,59,136,-77
109900045,210,222,-12
109900046,68,59,9
109900047,191,184,7
109900048,1,70,-69
109900049,17,31,-14
109900050,0,74,-74
109900051,2,37,-35
109900052,50,206,-156
109900053,0,121,-121
109900054,715,144,571
109900055,52,206,-154
109900056,12,176,-164
109900057,5,89,-84
109900058,0,48,-48
109900059,888,85,803
109900060,512,72,440
109900061,29,180,-151
109900062,1,88,-87
109900063,4,294,-290
109900064,502,148,354
109900065,30,104,-74
109900066,307,441,-134
109900067,0,100,-100
109900068,65,5,60
109900069,4,19,-15
109900070,19,201,-182
109900071,2,16,-14
109900072,15,90,-75
109900073,272,234,38
109900074,20,20,0
109900075,23,10,13
109900076,13,144,-131
109900077,34,44,-10
109900078,83,140,-57
109900080,98,143,-45
109900081,45,242,-197
109900082,34,172,-138
109900083,15,41,-26
109900084,52,71,-19
109900085,170,340,-170
109900086,133,373,-240
109900087,232,325,-93
109900089,659,250,409
109900090,410,697,-287
109900091,332,38,294
109900092,267,13,254
109900093,921,116,805
109900094,78,59,19
109900095,87,115,-28
109900096,49,1,48
109900097,95,1,94
109900098,529,37,492
109900099,191,2,189
109900100,28,0,28
109900101,626,3,623
109900102,392,21,371
109900103,27,21,6
109900104,640,285,355
109900105,524,10,514
109900106,257,35,222
109900107,487,40,447
109900108,106,108,-2
109900109,54,64,-10
109900110,46,142,-96
109900111,179,447,-268
109900112,187,266,-79
109900113,660,519,141
109900114,867,705,162
109900115,144,40,104
109900117,954,68,886
109900118,111,195,-84
109900119,531,194,337
109900120,76,46,30
109900121,240,397,-157
109900122,463,6,457
109900123,8,91,-83
109900124,32,194,-162
109900125,0,111,-111
109900126,282,48,234
109900128,315,26,289
109900130,3274,2276,998
109900131,23,124,-101
109900132,33,88,-55
109900133,98,151,-53
109900134,75,67,8
109900135,192,54,138
109900136,40,83,-43
109900137,89,138,-49
109900140,119,80,39
109900142,1078,161,917
109900145,2,493,-491
109900146,395,50,345
109900148,59,66,-7
109900149,52,56,-4
109900150,19,58,-39
109900151,18,27,-9
109900152,1,28,-27
109900153,2,61,-59
109900154,75,0,75
109900155,67,14,53
109900157,66,149,-83
109900158,58,108,-50
109900159,162,24,138
109900160,137,40,97
109900161,201,69,132
109900162,161,133,28
109900163,318,203,115
109900164,53,164,-111
109900165,184,4,180
109900166,0,77,-77
109900167,120,262,-142
109900168,214,280,-66
109900169,187,92,95
109900170,162,878,-716
109900171,137,39,98
109900172,149,166,-17
109900173,1189,1907,-718
109900174,34,86,-52
109900175,56,43,13
109900176,81,76,5
109900177,32,117,-85
109900178,17,120,-103
109900179,32,17,15
109900180,5,17,-12
110000001,591,394,197
110000002,457,626,-169
110000003,535,554,-19
110000004,396,638,-242
110000005,259,1337,-1078
110000006,199,294,-95
110000007,89,54,35
110000008,13,45,-32
110000009,18,15,3
110000010,36,51,-15
110000011,22,51,-29
110000012,405,192,213
110000013,24,478,-454
110000014,411,247,164
110000015,226,485,-259
110000016,214,1330,-1116
110000017,2145,218,1927
110000018,1584,245,1339
110000019,9,46,-37
110000020,271,179,92
110000021,296,287,9
110000022,649,106,543
110000023,2,77,-75
110000024,353,258,95
110000025,405,9,396
110000026,9,151,-142
110000027,789,529,260
110000028,765,440,325
110000029,370,363,7
110000030,214,261,-47
110000031,215,264,-49
110000032,667,267,400
110000033,234,94,140
110000034,401,335,66
110000035,473,335,138
110000036,728,363,365
110000037,159,309,-150
110000038,176,435,-259
110000039,710,2605,-1895
110000040,221,166,55
110000041,226,1291,-1065
110000042,60,332,-272
110000043,567,189,378
110000044,50,547,-497
110000045,246,126,120
110000046,6,68,-62
110000047,23,43,-20
110000048,8,29,-21
110000049,12,9,3
110000050,9,14,-5
110000051,26,6,20
110000052,53,36,17
110000053,25,3,22
110000054,102,371,-269
110000055,229,49,180
110000056,90,61,29
110000057,249,367,-118
110000058,710,292,418
110000059,649,334,315
110000060,890,727,163
110000061,596,491,105
110000062,570,684,-114
110000063,45,131,-86
110000064,55,42,13
110000065,69,62,7
110000066,70,16,54
110000067,56,89,-33
110000068,200,64,136
110000069,308,22,286
110000071,220,31,189
110000073,27,7,20
110000075,5,34,-29
110000076,210,246,-36
110000077,262,652,-390
110000078,40,17,23
110000080,222,375,-153
110000081,44,129,-85
110000082,29,248,-219
110000083,187,385,-198
110000084,1129,755,374
110000085,929,1003,-74
110000086,857,1732,-875
110000087,17,42,-25
110000088,80,145,-65
110000089,217,55,162
110000090,72,119,-47
110000091,589,177,412
110000092,16,49,-33
110000093,31,22,9
110000094,359,167,192
110000095,155,510,-355
110000096,1029,1598,-569
110000097,952,1312,-360
110000098,1540,525,1015
110000099,500,1259,-759
110000100,895,212,683
110000101,38,137,-99
110000102,85,32,53
110000104,318,112,206
110000105,48,182,-134
110000106,488,504,-16
110000107,187,213,-26
110000108,139,135,4
110000109,179,204,-25
110000110,1297,3127,-1830
110000111,2779,2138,641
110000112,574,987,-413
110000113,159,1877,-1718
110000114,166,502,-336
110000115,292,171,121
110000116,41,42,-1
110000117,199,134,65
110000118,414,54,360
110000119,227,169,58
110000120,303,124,179
110000121,44,271,-227
110000122,348,374,-26
110000123,507,521,-14
110000124,4,624,-620
110000125,852,8,844
110000126,229,20,209
110000127,1112,41,1071
110000128,27,642,-615
110000129,3,365,-362
110000130,273,149,124
110000131,82,225,-143
110000132,1,375,-374
110000133,52,316,-264
110000134,21,286,-265
110000135,124,29,95
110000136,60,221,-161
110000137,548,392,156
110000138,573,391,182
110000139,866,509,357
110000140,695,621,74
110000143,369,306,63
110000144,3714,1499,2215
110000145,1732,741,991
110000146,1290,450,840
110000147,330,451,-121
110000148,451,146,305
110000151,611,832,-221
110000152,623,292,331
110000153,83,22,61
110000154,11,21,-10
110000155,820,2993,-2173
110000156,984,2028,-1044
110000157,1386,1582,-196
110000160,275,185,90
110000161,116,124,-8
110000166,452,77,375
110000167,836,455,381
110000168,982,488,494
110000169,711,291,420
110000170,106,44,62
110000171,520,92,428
110000172,132,452,-320
110000173,801,625,176
110000174,115,447,-332
110000175,594,40,554
110000176,33,288,-255
110000177,190,764,-574
110000178,320,1191,-871
110000179,586,246,340
110000180,206,151,55
110000181,483,270,213
110000182,186,88,98
110000183,4535,5420,-885
110000184,221,1810,-1589
110000185,512,486,26
110000186,494,541,-47
110000191,1106,176,930
110000192,552,25,527
110000193,1072,15,1057
110000194,19,566,-547
110000195,459,156,303
110000196,345,133,212
110000197,107,91,16
110000198,90,32,58
110000199,55,93,-38
110000200,732,235,497
110000201,639,875,-236
110000202,1013,562,451
110000203,469,377,92
110000204,8,123,-115
110000205,149,42,107
110000206,382,618,-236
110000207,1132,265,867
110000208,148,158,-10
110000209,112,463,-351
110000210,1304,266,1038
110000211,767,368,399
110000212,363,745,-382
110000213,222,43,179
110000214,225,47,178
110000215,128,146,-18
110000216,133,147,-14
110000217,349,117,232
110000218,152,156,-4
110000219,363,34,329
110000220,76,110,-34
110000221,377,32,345
110000222,69,133,-64
110000223,7,106,-99
110000224,26,11,15
110000225,203,530,-327
110000226,263,58,205
110000227,536,696,-160
110000228,155,97,58
110000229,0,145,-145
110000230,414,332,82
110000231,158,155,3
110000232,142,145,-3
110000233,121,193,-72
110000234,422,497,-75
110000235,651,710,-59
110000236,588,357,231
110000237,1556,840,716
110000238,980,948,32
110000239,1628,762,866
110000240,1,48,-47
110000242,0,3,-3
110000243,110,51,59
110000244,101,244,-143
110000245,39,223,-184
110000246,615,230,385
110000247,662,2074,-1412
110000248,1131,941,190
110000249,60,5,55
110000250,15,85,-70
110000251,319,224,95
110000252,241,148,93
110000253,1140,388,752
110000254,403,549,-146
110000255,136,478,-342
110000256,350,214,136
110000257,461,258,203
110000258,4,171,-167
110000259,142,15,127
110000260,24,100,-76
110000263,299,31,268
110000264,294,185,109
110000265,823,1195,-372
110000266,1086,1919,-833
110000267,30,94,-64
110000268,193,283,-90
110000269,4,55,-51
110000270,64,4,60
110000271,787,145,642
110000272,880,680,200
110000273,1632,1060,572
110000274,115,1246,-1131
110000275,872,374,498
110000276,225,257,-32
110000277,285,227,58
110000278,213,430,-217
110000279,702,628,74
110000280,473,282,191
110000281,43,209,-166
110000282,157,17,140
110000283,47,95,-48
110000284,17,50,-33
110000285,2,411,-409
110000286,21,0,21
110000287,81,3,78
110000288,0,58,-58
110000289,389,1598,-1209
110000290,519,452,67
110000291,2291,1050,1241
110000292,978,3536,-2558
110000293,511,442,69
110000294,1010,746,264
110000295,105,366,-261
110000296,393,199,194
110000297,1576,232,1344
110000298,91,332,-241
110000299,102,55,47
110000301,171,12,159
110000302,266,446,-180
110000303,276,10,266
110000304,133,151,-18
110000305,1013,20,993
110000306,161,651,-490
110000307,1467,6,1461
110000308,367,5,362
110000309,4,401,-397
110000310,594,36,558
110000311,10,346,-336
110000312,271,60,211
110000313,1334,1694,-360
110000314,3,114,-111
110000315,2028,1940,88
110000316,374,898,-524
110000317,143,385,-242
110000318,3,24,-21
110000319,13,13,0
110000320,32,12,20
110000321,16,19,-3
110000322,211,187,24
110000323,365,99,266
110000324,1819,1179,640
110000325,1652,2357,-705
110000327,278,133,145
110000328,95,235,-140
110000333,690,470,220
110000334,520,821,-301
110000335,646,306,340
110000336,513,567,-54
110000337,1240,362,878
110000338,535,128,407
110000339,259,153,106
110000340,17,113,-96
110000341,390,357,33
110000342,149,3,146
110000343,0,21,-21
110000344,126,105,21
110000345,236,95,141
110000346,1497,1335,162
110000347,883,570,313
110000348,18,10,8
110000349,10,6,4
110000350,47,3,44
110000351,901,494,407
110000352,525,1092,-567
110000353,1565,397,1168
110000354,679,2248,-1569
110000355,91,55,36
110000356,523,16,507
110000357,320,9,311
110000361,24,17,7
110000362,99,3,96
110000363,485,108,377
110000364,247,182,65
110000365,126,2,124
110000366,0,85,-85
110000367,277,90,187
110000368,3,22,-19
110000369,40,4,36
110000373,2,184,-182
110000374,67,18,49
110000375,78,651,-573
110000376,21,59,-38
110000377,63,340,-277
110000378,16,284,-268
110000379,1583,1534,49
110000380,52,13,39
110000383,1,1002,-1001
110000384,984,641,343
110000385,0,170,-170
110000387,71,8,63
110000388,26,120,-94
110000389,665,5,660
110000391,630,173,457
110000396,181,70,111
110000397,127,72,55
110000398,0,15,-15
110000399,110,2,108
110000587,109,33,76
110000589,183,98,85
110000640,150,16,134
110000652,7,161,-154
110000653,251,243,8
110000654,105,1033,-928
110000656,0,294,-294
110000674,21,22,-1
110000675,6,13,-7
110000676,0,38,-38
110000679,171,1056,-885
110000682,77,116,-39
110000683,192,296,-104
110000684,2,25,-23
110000685,3,13,-10
110000686,2,30,-28
110000687,14,4,10
110000688,46,958,-912
110000689,36,13,23
110000692,23,73,-50
110000693,23,188,-165
110000694,0,131,-131
110000695,108,356,-248
110000696,26,42,-16
110900001,197,17,180
110900002,311,79,232
110900003,707,233,474
110900004,373,45,328
110900005,1392,2131,-739
110900006,68,13,55
110900007,94,37,57
110900008,10,26,-16
110900009,376,134,242
110900010,15,40,-25
110900011,18,47,-29
110900012,26,43,-17
110900013,740,112,628
110900014,209,15,194
110900015,247,546,-299
110900016,45,87,-42
110900017,393,18,375
110900018,345,27,318
110900019,205,23,182
110900020,90,91,-1
110900021,76,247,-171
110900022,53,150,-97
110900023,52,246,-194
110900024,11,155,-144
110900025,8,28,-20
110900027,33,165,-132
110900028,22,61,-39
110900029,18,155,-137
110900030,45,106,-61
110900031,1,116,-115
110900032,0,63,-63
110900033,42,118,-76
110900035,32,437,-405
110900036,75,9,66
110900037,99,5,94
110900038,480,144,336
110900039,4,238,-234
110900040,242,30,212
110900041,18,41,-23
110900042,138,62,76
110900043,4,33,-29
110900044,130,16,114
110900045,56,182,-126
110900046,14,97,-83
110900047,258,267,-9
110900049,80,59,21
110900050,14,7,7
110900051,27,126,-99
110900052,1,84,-83
110900053,75,18,57
110900054,29,93,-64
110900055,16,2,14
110900056,31,97,-66
110900057,5,73,-68
110900058,254,73,181
110900059,436,231,205
110900060,358,89,269
110900061,14,33,-19
110900062,175,112,63
110900063,36,67,-31
110900064,12,0,12
110900065,153,108,45
110900066,13,38,-25
110900067,140,465,-325
110900068,184,203,-19
110900069,3,19,-16
110900070,110,48,62
110900071,211,552,-341
110900073,2,7,-5
110900074,396,73,323
110900075,398,56,342
110900077,701,442,259
110900078,28,39,-11
110900079,1441,1020,421
110900080,124,36,88
110900081,6,16,-10
110900082,98,48,50
110900083,88,57,31
110900084,57,53,4
110900085,26,185,-159
110900086,34,307,-273
110900087,358,34,324
110900088,12,0,12
110900090,42,56,-14
110900091,1,44,-43
110900093,207,94,113
110900095,53,39,14
110900097,10,11,-1
110900098,22,38,-16
110900099,29,210,-181
110900100,0,13,-13
110900102,62,19,43
110900105,344,162,182
110900108,28,41,-13
110900111,281,90,191
110900112,730,15,715
110900113,302,48,254
110900115,0,35,-35
110900116,737,684,53
110900118,70,2435,-2365
110900119,1453,189,1264
110900120,16,59,-43
110900121,121,2,119
110900122,418,140,278
110900125,348,321,27
110900127,411,1071,-660
110900128,295,445,-150
110900129,283,749,-466
110900130,583,558,25
110900131,149,20,129
110900132,363,54,309
110900133,44,84,-40
110900135,41,125,-84
110900136,300,23,277
110900139,5,0,5
110900140,0,0,0
110900141,149,115,34
110900142,35,87,-52
110900143,160,58,102
110900144,1,379,-378
110900145,147,48,99
110900146,154,167,-13
110900147,58,171,-113
110900148,3,159,-156
110900149,0,27,-27
110900150,86,7,79
110900151,13,23,-10
110900152,29,152,-123
110900153,166,44,122
111000001,536,380,156
111000002,664,426,238
111000003,1195,626,569
111000004,338,594,-256
111000005,973,1009,-36
111000006,686,1301,-615
111000007,3163,2472,691
111000008,1327,2170,-843
111000009,421,596,-175
111000010,777,235,542
111000011,263,777,-514
111000012,652,313,339
111000013,327,645,-318
111000014,1137,392,745
111000017,125,801,-676
111000018,210,270,-60
111000020,758,1531,-773
111000021,44,83,-39
111000023,51,81,-30
111000025,3906,2690,1216
111000029,66,95,-29
111000030,36,105,-69
111000031,1691,823,868
111000032,453,259,194
111000033,196,226,-30
111000034,81,269,-188
111000037,996,491,505
111000038,2262,1409,853
111000039,1714,1447,267
111000040,1525,1419,106
111000041,951,948,3
111000042,1759,1543,216
111000043,1516,2834,-1318
111000044,1497,871,626
111000045,2227,2128,99
111000046,1624,1454,170
111000047,2232,3430,-1198
111000049,433,329,104
111000050,960,893,67
111000051,411,697,-286
111000052,471,1051,-580
111000053,346,613,-267
111000054,285,538,-253
111000055,1093,1108,-15
111000056,176,252,-76
111000057,113,307,-194
111000058,452,55,397
111000059,442,232,210
111000060,3192,777,2415
111000061,559,269,290
111000062,846,341,505
111000063,1484,805,679
111000064,719,413,306
111000065,1103,738,365
111000066,535,356,179
111000067,472,409,63
111000068,542,743,-201
111000069,1248,1345,-97
111000070,780,612,168
111000071,267,389,-122
111000072,1177,461,716
111000073,293,759,-466
111000074,1305,1299,6
111000075,829,382,447
111000076,517,355,162
111000077,1383,1364,19
111000078,2314,1132,1182
111000079,901,429,472
111000080,457,443,14
111000081,1134,2888,-1754
111000082,605,437,168
111000084,675,358,317
111000085,689,721,-32
111000086,1522,683,839
111000087,627,358,269
111000088,2850,1841,1009
111000089,645,552,93
111000090,605,1050,-445
111000091,623,281,342
111000092,1188,611,577
111000093,640,908,-268
111000094,1382,765,617
111000095,537,1921,-1384
111000096,974,5840,-4866
111000097,3249,1216,2033
111000098,707,745,-38
111000099,488,1072,-584
111000100,314,825,-511
111000101,349,527,-178
111000102,239,271,-32
111000104,568,110,458
111000107,70,488,-418
111000109,792,146,646
111000110,1312,576,736
111000111,2463,383,2080
111000112,1739,520,1219
111000113,867,1480,-613
111000114,1705,3053,-1348
111000115,3260,862,2398
111000116,828,612,216
111000117,321,699,-378
111000118,880,560,320
111000119,998,589,409
111000120,471,468,3
111000121,300,563,-263
111000122,514,715,-201
111000123,933,1433,-500
111000124,431,1191,-760
111000125,220,597,-377
111000126,111,503,-392
111000127,918,124,794
111000128,1790,202,1588
111000129,2496,289,2207
111000130,1995,450,1545
111000131,1716,385,1331
111000132,1484,779,705
111000133,166,85,81
111000134,125,65,60
111000135,49,110,-61
111000136,354,259,95
111000138,24,4,20
111000140,1,4,-3
111000141,165,385,-220
111000142,32,354,-322
111000143,8,426,-418
111000144,76,2409,-2333
111000145,409,13,396
111000146,114,12,102
111000147,186,30,156
111000148,127,102,25
111000149,2,15,-13
111000150,40,8,32
111000151,5,15,-10
111000153,441,541,-100
111000154,456,203,253
111000155,84,157,-73
111000156,508,459,49
111000157,200,781,-581
111000158,707,576,131
111000159,2527,771,1756
111000160,479,403,76
111000161,38,378,-340
111000162,22,103,-81
111000163,696,542,154
111000164,458,2045,-1587
111000165,709,351,358
111000166,1017,269,748
111000167,124,258,-134
111000168,140,315,-175
111000169,215,450,-235
111000170,318,252,66
111000171,368,350,18
111000172,150,235,-85
111000173,343,361,-18
111000174,227,124,103
111000175,33,186,-153
111000176,274,69,205
111000177,391,109,282
111000178,1312,142,1170
111000179,276,86,190
111000180,218,388,-170
111000181,1413,182,1231
111000182,192,129,63
111000183,185,203,-18
111000184,266,148,118
111000185,234,226,8
111000186,215,113,102
111000187,135,107,28
111000188,227,274,-47
111000189,646,377,269
111000190,185,221,-36
111000191,128,205,-77
111000192,154,302,-148
111000193,239,180,59
111000194,55,166,-111
111000195,115,178,-63
111000196,63,142,-79
111000197,481,86,395
111000198,549,71,478
111000199,208,72,136
111000200,450,235,215
111000201,640,165,475
111000202,306,174,132
111000203,385,202,183
111000204,347,1126,-779
111000213,172,307,-135
111000214,1153,803,350
111000215,871,760,111
111000217,1688,681,1007
111000218,1195,810,385
111000219,340,189,151
111000220,746,389,357
111000221,387,82,305
111000224,24,208,-184
111000225,337,260,77
111000226,61,0,61
111000227,27,14,13
111000228,14,410,-396
111000229,28,884,-856
111000230,200,169,31
111000231,1007,297,710
111000232,540,480,60
111000233,1087,485,602
111000234,121,430,-309
111000239,84,79,5
111000240,40,174,-134
111000241,23,182,-159
111000242,241,69,172
111000243,134,257,-123
111000244,429,58,371
111000245,885,214,671
111000246,535,159,376
111000247,327,380,-53
111000248,611,271,340
111000249,449,323,126
111000250,36,52,-16
111000251,47,38,9
111000253,11,8,3
111000255,32,6,26
111000257,41,15,26
111000260,46,897,-851
111000261,1252,52,1200
111000271,47,213,-166
111000273,1758,764,994
111000274,1077,1591,-514
111000275,157,39,118
111000276,279,834,-555
111000277,192,238,-46
111000278,541,144,397
111000291,738,5634,-4896
111000298,505,136,369
111000299,609,106,503
111000300,96,420,-324
111000302,341,49,292
111000303,44,129,-85
111000312,30,40,-10
111000315,1,69,-68
111000320,177,456,-279
111000321,320,111,209
111000322,264,299,-35
111000323,217,19,198
111000324,313,151,162
111000325,35,42,-7
111000326,224,180,44
111000327,282,173,109
111000328,226,362,-136
111000329,10,19,-9
111000330,33,17,16
111000331,12,8,4
111000332,439,924,-485
111000334,265,712,-447
111000335,885,170,715
111000337,1304,206,1098
111000338,52,55,-3
111000339,495,99,396
111000340,94,248,-154
111000341,1171,479,692
111000342,107,1710,-1603
111000344,989,462,527
111000345,169,147,22
111000346,38,338,-300
111000347,147,1,146
111000350,132,74,58
111000351,95,210,-115
111000352,189,37,152
111000353,114,127,-13
111000354,417,70,347
111000355,232,265,-33
111000358,120,442,-322
111000360,187,215,-28
111000361,165,135,30
111000546,548,362,186
111000547,323,177,146
111000548,104,233,-129
111000549,320,151,169
111000550,61,712,-651
111000551,522,170,352
111000552,551,208,343
111000907,465,20,445
111000908,32,4,28
111000916,1703,159,1544
111000917,19,298,-279
111000918,203,316,-113
111000920,516,10,506
111000921,12,102,-90
111000922,413,155,258
111000924,39,346,-307
111000925,2509,1566,943
111000926,932,978,-46
111000927,2456,3403,-947
111000928,3330,1931,1399
111000929,1373,992,381
111000930,608,1372,-764
111000931,1837,2261,-424
111000932,3056,1293,1763
111000933,2815,2032,783
111000934,1320,2121,-801
111000935,1520,654,866
111000936,962,1246,-284
111000937,1013,985,28
111000938,1090,860,230
111000939,553,32,521
111000940,449,48,401
111000941,261,211,50
111000943,468,186,282
111000944,169,165,4
111000945,80,739,-659
111001109,479,424,55
111001110,138,309,-171
111001111,67,8,59
111001112,88,14,74
111001113,1,160,-159
111001114,500,151,349
111001115,41,589,-548
111001116,2460,3207,-747
111001117,388,2147,-1759
111001120,145,141,4
111001121,145,136,9
111001122,187,202,-15
111001123,317,51,266
111001124,130,61,69
111001125,0,133,-133
111001126,8,32,-24
111900001,5,93,-88
111900002,4,339,-335
111900003,1,161,-160
111900004,7,50,-43
111900006,17,25,-8
111900007,90,7,83
111900008,196,1,195
111900009,136,7,129
111900010,259,275,-16
111900012,36,63,-27
111900013,19,31,-12
111900014,2505,3957,-1452
111900015,0,22,-22
111900016,1,46,-45
111900017,0,51,-51
111900018,181,4,177
111900019,1,78,-77
111900020,2,33,-31
111900021,30,69,-39
111900022,6,38,-32
111900023,38,39,-1
111900024,41,42,-1
111900025,0,24,-24
111900026,1,43,-42
111900027,4,58,-54
111900028,0,153,-153
111900029,2,40,-38
111900030,23,203,-180
111900031,23,29,-6
111900032,0,171,-171
111900033,8,40,-32
111900034,219,289,-70
111900035,44,81,-37
111900036,0,149,-149
111900038,198,366,-168
111900039,44,188,-144
111900040,0,233,-233
111900042,17,86,-69
111900043,0,206,-206
111900044,178,119,59
111900046,49,122,-73
111900048,211,277,-66
111900049,33,120,-87
111900050,85,28,57
111900051,2,158,-156
111900052,291,278,13
111900053,482,1402,-920
111900054,98,2,96
111900055,5,185,-180
111900056,99,327,-228
111900057,114,32,82
111900058,512,349,163
111900059,831,521,310
111900060,310,3,307
111900061,6,70,-64
111900062,27,51,-24
111900063,250,291,-41
111900064,77,114,-37
111900065,82,19,63
111900066,122,136,-14
111900067,6,223,-217
111900068,27,41,-14
111900069,61,17,44
111900070,116,71,45
111900071,2,174,-172
111900072,33,19,14
111900073,947,179,768
111900074,16,105,-89
111900075,54,6,48
111900076,188,65,123
111900077,27,0,27
111900078,305,32,273
111900079,42,31,11
111900080,167,225,-58
111900082,184,18,166
111900083,184,15,169
111900084,105,2,103
111900085,30,115,-85
111900086,54,4,50
111900087,75,0,75
111900088,636,13,623
111900089,103,3,100
111900090,73,37,36
111900091,222,4,218
111900092,97,0,97
111900093,407,8,399
111900094,110,0,110
111900095,285,33,252
111900096,161,2,159
111900097,48,0,48
111900098,304,4,300
111900099,67,2,65
111900100,111,7,104
111900101,113,21,92
111900102,438,216,222
111900103,61,65,-4
111900104,115,51,64
111900105,229,128,101
111900106,436,27,409
111900110,804,244,560
111900111,120,76,44
111900112,273,2739,-2466
111900113,186,85,101
111900118,299,75,224
111900119,297,145,152
111900122,95,69,26
111900123,20,41,-21
111900124,16,47,-31
111900125,445,41,404
111900126,267,4,263
111900127,2,324,-322
111900128,2,235,-233
111900129,230,7,223
111900130,195,48,147
111900131,462,2,460
111900132,15,385,-370
111900133,10,147,-137
111900134,7,134,-127
111900135,12,40,-28
111900136,68,157,-89
111900137,59,26,33
111900138,11,35,-24
111900139,12,53,-41
111900140,69,31,38
111900141,67,5,62
111900142,91,24,67
111900143,39,93,-54
111900144,0,35,-35
111900145,1,185,-184
111900146,4,106,-102
111900147,79,202,-123
111900148,10,287,-277
111900149,7,137,-130
111900150,8,78,-70
111900151,2,13,-11
111900152,81,79,2
111900153,698,582,116
111900154,17,293,-276
111900155,45,110,-65
111900156,59,64,-5
111900157,160,25,135
111900158,433,63,370
111900159,328,19,309
111900160,360,3,357
111900161,259,1,258
111900162,83,150,-67
111900163,7,142,-135
111900164,88,45,43
111901113,458,94,364
111901114,149,125,24
111901115,51,1,50
111901116,39,0,39
111901117,41,33,8
111901118,33,129,-96
111901119,365,39,326
111901121,111,104,7
111901122,2,302,-300
111901123,225,193,32
111901124,204,3,201
111901125,422,146,276
111901127,183,428,-245
111901128,4,44,-40
111901129,3,50,-47
111901130,6,53,-47
111901131,10,149,-139
111901132,51,14,37
111901133,39,2,37
111901134,81,2,79
111901135,12,15,-3
111901136,6,31,-25
111901138,151,23,128
111901139,17,22,-5
111901140,5,26,-21
111901141,6,81,-75
111901142,1,57,-56
111901143,0,42,-42
111901144,49,61,-12
111901145,119,258,-139
111901146,218,29,189
111901147,160,126,34
111901148,6,29,-23
111901149,8,4,4
112000001,1599,540,1059
112000002,519,1349,-830
112000003,1477,830,647
112000004,511,418,93
112000005,3307,3282,25
112000006,1549,948,601
112000007,3264,1989,1275
112000008,2032,3398,-1366
112000009,2040,1643,397
112000010,2512,3027,-515
112000011,1098,1016,82
112000012,2805,3868,-1063
112000013,2248,2180,68
112000014,1796,1934,-138
112000015,2762,2455,307
112000016,2492,1442,1050
112000017,929,2228,-1299
112000024,1683,631,1052
112000026,1879,2118,-239
112000027,606,613,-7
112000028,670,877,-207
112000029,456,596,-140
112000030,115,37,78
112000031,912,3743,-2831
112000032,175,20,155
112000033,1298,1715,-417
112000034,180,36,144
112000035,41,319,-278
112000036,385,702,-317
112000037,610,576,34
112000038,896,913,-17
112000039,95,57,38
112000040,49,155,-106
112000041,310,307,3
112000042,706,309,397
112000050,1095,1045,50
112000051,828,1180,-352
112000054,1116,1036,80
112000057,402,226,176
112000058,211,388,-177
112000059,357,565,-208
112000061,1570,1039,531
112000062,852,734,118
112000063,523,1618,-1095
112000064,2060,2915,-855
112000065,1159,1421,-262
112000066,2661,1417,1244
112000067,516,490,26
112000068,2620,2339,281
112000069,400,1316,-916
112000070,1588,858,730
112000071,947,1522,-575
112000072,2228,876,1352
112000073,1204,1444,-240
112000074,1389,899,490
112000075,1345,1033,312
112000076,2644,1748,896
112000077,707,302,405
112000078,1584,411,1173
112000079,1273,882,391
112000080,674,511,163
112000081,1278,1611,-333
112000082,1044,602,442
112000083,541,726,-185
112000084,1075,547,528
112000085,1133,452,681
112000086,1253,677,576
112000087,556,261,295
112000088,838,218,620
112000089,272,259,13
112000090,162,179,-17
112000091,591,577,14
112000092,1832,838,994
112000093,1274,554,720
112000094,638,650,-12
112000095,558,616,-58
112000096,581,442,139
112000097,1242,495,747
112000098,652,400,252
112000099,653,1587,-934
112000100,1777,527,1250
112000101,419,460,-41
112000102,1303,330,973
112000103,294,453,-159
112000105,500,733,-233
112000106,1786,316,1470
112000107,94,109,-15
112000108,271,841,-570
112000109,202,67,135
112000110,1647,510,1137
112000111,600,1733,-1133
112000112,2083,411,1672
112000113,538,977,-439
112000114,1876,585,1291
112000115,315,241,74
112000116,502,552,-50
112000117,775,623,152
112000118,813,596,217
112000119,317,422,-105
112000120,57,216,-159
112000121,142,216,-74
112000122,306,130,176
112000123,769,134,635
112000124,398,52,346
112000125,245,165,80
112000126,256,215,41
112000127,1315,1778,-463
112000128,442,457,-15
112000129,109,65,44
112000130,172,74,98
112000131,38,153,-115
112000132,148,175,-27
112000133,372,107,265
112000134,329,217,112
112000135,1086,487,599
112000136,681,793,-112
112000137,1295,1016,279
112000138,840,662,178
112000139,636,717,-81
112000140,514,825,-311
112000141,750,334,416
112000142,142,330,-188
112000143,1141,196,945
112000144,209,656,-447
112000145,2481,475,2006
112000146,444,1078,-634
112000147,2671,1440,1231
112000148,1268,1214,54
112000149,373,299,74
112000150,196,269,-73
112000151,326,172,154
112000152,374,221,153
112000153,128,133,-5
112000154,104,143,-39
112000155,137,114,23
112000157,427,449,-22
112000158,272,186,86
112000159,508,257,251
112000167,267,99,168
112000169,277,342,-65
112000173,756,140,616
112000175,421,221,200
112000176,1163,1288,-125
112000177,663,173,490
112000178,42,127,-85
112000179,240,69,171
112000180,202,250,-48
112000181,1081,1067,14
112000182,1176,662,514
112000183,31,21,10
112000184,438,168,270
112000185,532,277,255
112000187,2989,1876,1113
112000195,108,15,93
112000196,166,0,166
112000197,204,196,8
112000198,44,182,-138
112000199,587,627,-40
112000202,402,1,401
112000216,47,191,-144
112000230,89,3,86
112000231,6,144,-138
112000256,69,203,-134
112000313,52,64,-12
112000314,79,46,33
112000337,147,384,-237
112000352,147,284,-137
112000392,857,922,-65
112000398,1501,643,858
112000399,1263,1978,-715
112000400,1284,1335,-51
112000401,1883,1088,795
112000402,2933,3008,-75
112000403,1288,2907,-1619
112000404,960,846,114
112000405,2086,2294,-208
112000406,2109,1141,968
112000407,7186,6903,283
112000408,5177,3254,1923
112000409,1332,2346,-1014
112000410,273,313,-40
112000411,2174,1409,765
112000412,1007,497,510
112000413,4465,5624,-1159
112000414,87,39,48
112000415,90,31,59
112000416,2530,969,1561
112000417,280,74,206
112000421,40,53,-13
112000422,240,124,116
112000424,1167,2461,-1294
112000425,283,358,-75
112000426,144,221,-77
112000427,0,15,-15
112000428,252,229,23
112000429,1714,1430,284
112000430,2450,2200,250
112000431,89,142,-53
112000432,444,475,-31
112000433,225,419,-194
112000437,44,86,-42
112900001,81,1,80
112900002,479,521,-42
112900003,100,266,-166
112900004,41,134,-93
112900005,230,106,124
112900006,15,234,-219
112900007,54,168,-114
112900008,0,75,-75
112900009,314,94,220
112900010,476,432,44
112900011,82,123,-41
112900012,2,34,-32
112900013,3,67,-64
112900014,0,110,-110
112900015,242,442,-200
112900016,5,143,-138
112900017,31,150,-119
112900018,1,104,-103
112900019,25,86,-61
112900020,255,633,-378
112900021,5,162,-157
112900022,6,73,-67
112900023,2,68,-66
112900024,41,182,-141
112900025,47,166,-119
112900026,4,126,-122
112900027,3,488,-485
112900028,19,78,-59
112900029,16,345,-329
112900030,47,84,-37
112900031,5,209,-204
112900032,112,172,-60
112900034,2,26,-24
112900035,5,222,-217
112900036,34,74,-40
112900037,136,165,-29
112900038,689,81,608
112900039,8,171,-163
112900040,9,385,-376
112900041,312,755,-443
112900042,54,137,-83
112900043,45,26,19
112900044,328,337,-9
112900045,156,221,-65
112900046,95,76,19
112900047,4,29,-25
112900049,269,61,208
112900050,22,277,-255
112900051,162,264,-102
112900052,5,414,-409
112900053,140,105,35
112900054,188,46,142
112900055,85,25,60
112900056,261,198,63
112900057,12,342,-330
112900058,258,334,-76
112900059,128,111,17
112900060,38,134,-96
112900061,116,55,61
112900062,57,59,-2
112900063,76,11,65
112900064,116,169,-53
112900065,21,26,-5
112900066,181,174,7
112900067,180,115,65
112900068,23,45,-22
112900069,1028,791,237
112900071,34,6,28
112900072,78,2078,-2000
112900073,311,108,203
112900074,82,256,-174
112900075,748,820,-72
112900076,57,40,17
112900078,331,375,-44
112900079,157,25,132
112900080,97,7,90
112900081,41,217,-176
112900082,644,31,613
112900083,148,104,44
112900084,243,118,125
112900086,72,2,70
112900087,710,113,597
112900088,136,9,127
112900089,841,43,798
112900090,88,41,47
112900091,240,2,238
112900092,79,380,-301
112900093,925,18,907
112900095,44,1,43
112900096,488,132,356
112900097,54,162,-108
112900098,71,2,69
112900099,770,27,743
112900100,65,0,65
112900101,408,3,405
112900102,84,12,72
112900103,217,5,212
112900104,113,2,111
112900105,14,0,14
112900106,372,92,280
112900107,3,0,3
112900108,11,0,11
112900109,145,2,143
112900110,1409,18,1391
112900111,670,5,665
112900112,329,2,327
112900113,1,15,-14
112900114,216,12,204
112900115,1436,2,1434
112900116,151,31,120
112900117,61,49,12
112900118,16,89,-73
112900119,169,3,166
112900120,460,200,260
112900121,42,95,-53
112900122,10,83,-73
112900123,92,23,69
112900124,19,61,-42
112900125,29,275,-246
112900126,114,115,-1
112900127,299,107,192
112900128,114,415,-301
112900129,0,441,-441
112900130,179,61,118
112900131,19,140,-121
112900132,54,232,-178
112900133,29,564,-535
112900134,2,117,-115
112900135,83,25,58
112900137,1,288,-287
112900138,3,85,-82
112900139,143,671,-528
112900141,770,49,721
112900142,57,137,-80
112900143,10,276,-266
112900144,0,153,-153
112900145,23,338,-315
112900146,6,488,-482
112900147,0,634,-634
112900148,44,2,42
112900149,142,256,-114
112900151,17,49,-32
112900152,2183,477,1706
112900153,1163,2142,-979
112900154,0,52,-52
112900155,245,25,220
112900156,346,596,-250
112900157,393,52,341
112900158,78,11,67
112900159,157,115,42
112900160,59,185,-126
112900161,156,38,118
112900162,28,18,10
112900163,75,41,34
112900164,39,134,-95
112900165,64,14,50
112900166,13,63,-50
112900167,6,67,-61
112900168,1,4,-3
112900169,4,17,-13
112900170,54,40,14
112900172,41,17,24
112900173,138,74,64
112900174,213,54,159
112900175,79,161,-82
112900176,8,18,-10
112900177,168,43,125
112900178,581,2055,-1474
112900179,17,278,-261
112900180,1623,995,628
112900181,680,8,672
112900182,37,520,-483
112900183,81,228,-147
112900184,335,323,12
112900185,123,523,-400
112900186,716,785,-69
112900187,81,473,-392
112900188,549,713,-164
112900189,5,8,-3
112900190,5,9,-4
112900192,527,629,-102
112900193,886,348,538
112900194,66,46,20
112900195,912,34,878
112900196,236,224,12
112900197,103,226,-123
112900199,701,304,397
112900200,461,155,306
112900201,150,70,80
112900202,432,440,-8
112900203,227,178,49
112900204,698,491,207
112900205,20,50,-30
112900206,25,118,-93
112900207,11,0,11
112900208,99,282,-183
112900209,350,228,122
112900210,0,18,-18
112900211,43,12,31
112900212,0,56,-56
112900213,58,9,49
112900214,12,16,-4
112900215,9,89,-80
112900216,20,32,-12
112900217,0,51,-51
112900218,77,20,57
112900219,83,5,78
112900220,6,0,6
112900221,51,89,-38
112900222,0,33,-33
112900223,808,16,792
112900224,265,207,58
112900225,319,174,145
112900226,115,217,-102
112900227,722,558,164
112900228,69,40,29
112900229,227,38,189
112900230,4003,2652,1351
112900232,240,316,-76
112900233,57,85,-28
112900234,8,36,-28
112900235,90,17,73
112900236,256,13,243
112900237,210,93,117
112900238,7,16,-9
112900239,455,364,91
112900240,2,21,-19
112900241,9,35,-26
112900242,4,53,-49
112900243,2,43,-41
112900244,7,26,-19
112900245,10,18,-8
112900246,1,5,-4
112900247,37,15,22
112900248,2,0,2
112900249,9,1,8
112900250,34,3,31
112900251,45,2,43
112900252,51,9,42
112900253,34,7,27
112900254,8,2,6
112900255,2,12,-10
112900256,4,29,-25
112900257,9,32,-23
112900258,10,8,2
113000001,5252,3902,1350
113000002,2790,2524,266
113000003,1423,1246,177
113000004,1071,1845,-774
113000005,1544,860,684
113000006,864,1096,-232
113000007,2112,817,1295
113000008,1377,1255,122
113000009,1108,555,553
113000010,890,831,59
113000011,602,891,-289
113000012,1519,415,1104
113000013,922,567,355
113000014,811,1046,-235
113000015,195,119,76
113000016,240,623,-383
113000017,33,217,-184
113000018,295,37,258
113000019,108,206,-98
113000020,439,47,392
113000021,916,416,500
113000022,590,685,-95
113000025,90,243,-153
113000026,351,343,8
113000027,432,454,-22
113000028,454,453,1
113000029,660,510,150
113000030,174,425,-251
113000031,133,195,-62
113000032,192,236,-44
113000033,201,367,-166
113000034,193,223,-30
113000035,27,20,7
113000036,18,39,-21
113000037,52,16,36
113000038,18,63,-45
113000039,50,284,-234
113000040,60,66,-6
113000042,595,395,200
113000051,669,1737,-1068
113000052,1719,479,1240
113000053,445,213,232
113000054,311,516,-205
113000055,1031,339,692
113000056,1057,611,446
113000058,536,625,-89
113000059,769,383,386
113000060,247,390,-143
113000061,469,668,-199
113000062,477,228,249
113000063,249,46,203
113000064,46,152,-106
113000065,160,409,-249
113000066,644,77,567
113000067,2158,776,1382
113000068,365,573,-208
113000069,482,467,15
113000070,2283,641,1642
113000071,375,347,28
113000072,810,304,506
113000073,228,974,-746
113000074,735,269,466
113000075,1300,562,738
113000076,452,1585,-1133
113000077,629,520,109
113000078,495,1542,-1047
113000079,413,780,-367
113000080,461,554,-93
113000081,487,544,-57
113000082,721,511,210
113000083,489,743,-254
113000084,1080,755,325
113000085,644,601,43
113000086,646,785,-139
113000087,677,769,-92
113000088,1624,925,699
113000089,646,1225,-579
113000090,216,539,-323
113000091,322,278,44
113000094,1109,185,924
113000095,171,468,-297
113000096,87,442,-355
113000097,843,220,623
113000098,79,28,51
113000099,660,326,334
113000100,103,253,-150
113000101,197,359,-162
113000102,491,512,-21
113000103,1334,302,1032
113000104,381,1882,-1501
113000105,689,335,354
113000106,267,222,45
113000107,799,572,227
113000108,455,565,-110
113000109,502,1165,-663
113000110,1441,345,1096
113000111,192,410,-218
113000112,350,210,140
113000113,810,278,532
113000114,211,978,-767
113000116,503,241,262
113000117,561,57,504
113000118,51,321,-270
113000119,260,172,88
113000120,61,206,-145
113000121,342,564,-222
113000124,188,87,101
113000125,29,620,-591
113000127,1303,177,1126
113000128,451,300,151
113000129,352,433,-81
113000133,1226,833,393
113000134,9,902,-893
113000135,3270,3666,-396
113000137,968,2842,-1874
113000139,224,197,27
113000140,68,124,-56
113000141,104,133,-29
113000142,187,596,-409
113000143,143,129,14
113000144,206,346,-140
113000145,75,89,-14
113000146,71,44,27
113000147,125,65,60
113000148,180,89,91
113000149,103,100,3
113000150,396,188,208
113000151,41,26,15
113000152,36,58,-22
113000153,822,319,503
113000154,555,1203,-648
113000155,201,635,-434
113000156,101,223,-122
113000157,189,513,-324
113000158,554,173,381
113000159,655,514,141
113000160,484,514,-30
113000161,220,188,32
113000162,751,226,525
113000163,115,43,72
113000164,13,42,-29
113000166,152,78,74
113000167,35,73,-38
113000168,46,84,-38
113000169,198,46,152
113000170,70,86,-16
113000171,32,52,-20
113000172,257,75,182
113000173,50,13,37
113000174,92,269,-177
113000175,337,84,253
113000176,443,81,362
113000177,135,307,-172
113000178,129,174,-45
113000179,241,136,105
113000180,432,728,-296
113000181,982,547,435
113000182,93,291,-198
113000183,74,404,-330
113000184,10,56,-46
113000189,272,489,-217
113000190,335,316,19
113000192,641,2106,-1465
113000193,1669,1761,-92
113000194,604,777,-173
113000195,849,1048,-199
113000196,200,59,141
113000197,828,964,-136
113000198,58,126,-68
113000199,905,187,718
113000201,201,331,-130
113000202,2851,662,2189
113000203,83,120,-37
113000204,601,1953,-1352
113000205,11,18,-7
113000206,5,29,-24
113000207,61,11,50
113000208,30,28,2
113000209,16,10,6
113000210,7,18,-11
113000211,95,214,-119
113000212,54,19,35
113000213,17,112,-95
113000214,154,222,-68
113000234,120,397,-277
113000410,88,199,-111
113000411,1461,2673,-1212
113000412,3373,1616,1757
113000413,1067,2360,-1293
113000414,2913,9074,-6161
113000415,1469,1556,-87
113000416,3655,2385,1270
113000417,1393,1695,-302
113000418,3711,2838,873
113000419,1151,1440,-289
113000420,2935,4683,-1748
113000421,3067,5292,-2225
113000422,6874,7376,-502
113000423,1235,4230,-2995
113000424,1683,7898,-6215
113000425,4,67,-63
113000428,27,60,-33
113000430,7,156,-149
113000432,1717,173,1544
113000433,38,376,-338
113000434,29,56,-27
113000435,24,200,-176
113000436,19,459,-440
113000437,989,12,977
113000438,266,4,262
113000439,20,47,-27
113000440,141,25,116
113000441,231,149,82
113000442,143,89,54
113000443,297,102,195
113000444,235,77,158
113000445,145,59,86
113000446,31,78,-47
113000448,144,138,6
113000449,84,546,-462
113000450,251,1323,-1072
113000451,962,176,786
113000452,177,405,-228
113000453,66,366,-300
113000454,265,101,164
113000455,18,375,-357
113000456,1896,1666,230
113000468,743,49,694
113000469,33,75,-42
113000470,326,15,311
113000471,13,278,-265
113000472,82,196,-114
113000474,766,516,250
113000475,1001,982,19
113000476,1343,1358,-15
113000477,3154,1510,1644
113000478,2524,2788,-264
113000479,65,93,-28
113000484,0,0,0
113000485,0,0,0
113000486,0,0,0
113000487,0,0,0
113000488,0,0,0
113000489,0,0,0
113000490,0,4,-4
113000491,7,0,7
113000492,1,3,-2
113000493,0,1,-1
113000495,161,113,48
113000496,114,68,46
113000499,0,0,0
113900001,2,202,-200
113900002,0,30,-30
113900003,1,23,-22
113900004,0,43,-43
113900005,0,43,-43
113900006,0,3,-3
113900007,22,18,4
113900008,17,0,17
113900009,44,1,43
113900010,35,0,35
113900011,72,0,72
113900012,30,1,29
113900013,64,5,59
113900014,419,5,414
113900015,0,27,-27
113900016,28,0,28
113900017,0,20,-20
113900018,273,219,54
113900019,155,30,125
113900020,135,0,135
113900022,33,1,32
113900023,26,1,25
113900024,53,16,37
113900025,144,7,137
113900026,39,0,39
113900027,4,24,-20
113900028,28,342,-314
113900029,64,80,-16
113900030,243,0,243
113900031,9,0,9
113900032,38,0,38
113900033,96,45,51
113900035,59,2,57
113900036,13,37,-24
113900037,183,265,-82
113900038,38,113,-75
113900039,160,27,133
113900040,16,27,-11
113900041,7,1,6
113900042,82,22,60
113900043,88,69,19
113900044,211,272,-61
113900045,73,2,71
113900046,140,414,-274
113900047,40,75,-35
113900048,100,102,-2
113900049,278,277,1
113900050,184,184,0
113900051,161,160,1
113900052,97,63,34
113900053,489,493,-4
113900054,7,0,7
113900055,68,169,-101
113900056,38,91,-53
113900057,4,39,-35
113900058,57,59,-2
113900059,255,120,135
113900060,37,87,-50
113900061,337,205,132
113900062,70,12,58
113900063,44,40,4
113900064,30,54,-24
113900065,314,13,301
113900066,343,143,200
113900067,116,74,42
113900068,380,412,-32
113900069,39,28,11
113900070,139,286,-147
113900071,66,28,38
113900072,56,101,-45
113900073,268,207,61
113900074,66,148,-82
113900075,857,1041,-184
113900076,98,14,84
113900077,38,110,-72
113900078,16,37,-21
113900079,1,20,-19
113900080,401,142,259
113900081,55,90,-35
113900082,104,150,-46
113900083,300,164,136
113900084,175,94,81
113900085,47,139,-92
113900086,20,14,6
113900087,60,64,-4
113900088,73,61,12
113900089,267,27,240
113900090,462,256,206
113900091,24,6,18
113900092,13,50,-37
113900093,50,670,-620
113900094,306,146,160
113900095,99,124,-25
113900096,177,44,133
113900097,11,40,-29
113900098,527,86,441
113900099,0,24,-24
113900100,0,5,-5
113900101,5,69,-64
113900102,78,134,-56
113900103,222,177,45
113900104,119,177,-58
113900105,115,72,43
113900106,1,28,-27
113900107,0,7,-7
113900108,124,185,-61
113900109,252,206,46
113900110,53,25,28
113900111,188,136,52
113900112,120,48,72
113900113,628,316,312
113900114,1,34,-33
113900115,0,32,-32
113900116,68,96,-28
113900117,53,12,41
113900118,164,272,-108
113900119,86,292,-206
113900120,74,44,30
113900121,65,70,-5
113900122,215,1844,-1629
113900123,419,142,277
113900124,2,38,-36
113900125,421,103,318
113900126,76,34,42
113900127,295,619,-324
113900128,82,43,39
113900129,8,110,-102
113900130,4,33,-29
113900131,206,50,156
113900132,50,57,-7
113900133,13,50,-37
113900135,286,196,90
113900136,57,57,0
113900137,278,234,44
113900138,41,99,-58
113900139,135,155,-20
113900140,87,203,-116
113900141,440,136,304
113900142,145,55,90
113900143,11,28,-17
113900144,72,130,-58
113900145,287,79,208
113900146,150,28,122
113900148,56,270,-214
113900149,133,73,60
113900150,175,303,-128
113900151,315,117,198
113900152,41,28,13
113900153,124,354,-230
113900154,3,107,-104
113900155,134,168,-34
113900156,131,237,-106
113900157,35,235,-200
113900158,118,304,-186
113900159,8,187,-179
113900160,257,274,-17
113900161,50,236,-186
113900162,187,468,-281
113900163,135,189,-54
113900164,259,43,216
113900165,340,244,96
113900166,76,97,-21
113900167,275,27,248
113900168,44,44,0
113900169,137,202,-65
113900171,156,39,117
113900172,2,80,-78
113900173,25,236,-211
113900174,347,299,48
113900175,269,81,188
113900176,185,297,-112
113900177,226,103,123
113900178,173,92,81
113900179,12,230,-218
113900180,120,52,68
113900181,569,87,482
113900182,533,508,25
113900183,44,54,-10
113900184,6,216,-210
113900185,151,48,103
113900186,41,25,16
113900187,33,60,-27
113900188,44,99,-55
113900189,197,78,119
113900190,167,103,64
113900191,85,89,-4
113900192,1,364,-363
113900193,14,77,-63
113900194,804,618,186
113900195,209,258,-49
113900196,0,84,-84
113900197,0,58,-58
113900198,28,236,-208
113900199,57,405,-348
113900200,17,117,-100
113900201,0,66,-66
113900202,36,152,-116
113900203,0,63,-63
113900204,31,246,-215
113900205,7,94,-87
113900206,2,91,-89
113900207,0,37,-37
113900208,0,39,-39
113900209,0,49,-49
113900210,326,456,-130
113900211,154,60,94
113900212,124,228,-104
113900214,199,258,-59
113900215,61,70,-9
113900216,116,340,-224
113900217,82,108,-26
113900218,144,55,89
113900219,77,219,-142
113900220,117,96,21
113900221,246,200,46
113900222,98,366,-268
113900223,180,412,-232
113900224,56,70,-14
113900225,221,110,111
113900226,311,62,249
113900227,218,152,66
113900228,217,381,-164
113900229,51,583,-532
113900230,1888,2489,-601
113900231,122,95,27
113900232,117,74,43
113900233,78,45,33
113900234,258,268,-10
113900235,76,27,49
113900236,195,196,-1
113900237,171,9,162
113900238,151,485,-334
113900239,28,81,-53
113900240,3,161,-158
113900241,104,29,75
113900242,34,103,-69
113900243,73,309,-236
113900244,107,100,7
113900245,667,214,453
113900246,9,18,-9
113900247,109,430,-321
113900248,1379,1469,-90
113900249,433,424,9
113900250,31,109,-78
113900251,626,84,542
113900252,452,12,440
113900253,511,54,457
113900254,619,107,512
113900255,425,10,415
113900256,290,24,266
113900257,28,248,-220
113900258,19,159,-140
113900259,442,73,369
113900260,180,4,176
113900261,24,42,-18
113900262,111,289,-178
113900263,85,374,-289
113900264,1,219,-218
113900265,67,176,-109
113900266,32,87,-55
113900267,84,240,-156
113900268,230,303,-73
113900269,69,93,-24
113900270,167,442,-275
113900271,557,486,71
113900273,22,10,12
113900274,49,25,24
113900275,10,31,-21
113900276,0,52,-52
113900277,118,9,109
113900278,173,141,32
113900279,46,35,11
113900280,1268,473,795
113900281,454,1075,-621
113900282,313,422,-109
113900283,362,429,-67
113900284,633,103,530
113900285,122,26,96
113900286,26,47,-21
113900287,61,25,36
113900288,1,84,-83
113900289,356,73,283
113900290,102,198,-96
113900291,58,99,-41
113900292,7,0,7
113900293,9,109,-100
113900294,401,14,387
113900295,224,209,15
113900296,1062,410,652
113900297,1921,31,1890
113900298,5,868,-863
113900299,107,49,58
113900300,2331,2663,-332
113900301,416,259,157
113900302,1446,768,678
113900303,221,437,-216
113900304,0,52,-52
113900305,104,0,104
113900306,72,0,72
113900307,9,0,9
113900308,34,57,-23
113900309,1,257,-256
113900310,0,6,-6
113900311,5,1,4
113900312,183,208,-25
113900313,6,3,3
114000001,759,1452,-693
114000002,200,170,30
114000003,24,141,-117
114000004,255,229,26
114000005,193,157,36
114000006,1284,965,319
114000007,406,710,-304
114000008,877,1291,-414
114000009,660,141,519
114000011,2371,1560,811
114000012,2365,1042,1323
114000013,1516,912,604
114000014,307,112,195
114000015,1384,162,1222
114000016,157,130,27
114000017,78,245,-167
114000018,79,19,60
114000026,1857,668,1189
114000027,3095,1393,1702
114000028,1924,2160,-236
114000038,168,79,89
114000039,48,16,32
114000040,135,156,-21
114000042,153,106,47
114000043,31,41,-10
114000044,213,22,191
114000045,33,35,-2
114000046,1686,2560,-874
114000047,6,42,-36
114000048,66,41,25
114000049,1138,922,216
114000050,1281,1148,133
114000051,2041,1250,791
114000052,2877,1269,1608
114000053,81,447,-366
114000054,101,502,-401
114000055,127,13,114
114000056,318,838,-520
114000057,2989,1561,1428
114000058,152,1071,-919
114000059,72,297,-225
114000060,352,594,-242
114000061,1601,2259,-658
114000062,798,1143,-345
114000063,1233,917,316
114000064,2215,2527,-312
114000065,1063,1433,-370
114000066,353,385,-32
114000067,23,618,-595
114000068,370,444,-74
114000069,708,361,347
114000070,1770,1540,230
114000071,532,232,300
114000072,378,100,278
114000073,19,15,4
114000074,39,13,26
114000075,41,22,19
114000076,9,28,-19
114000077,7,10,-3
114000078,235,215,20
114000079,141,16,125
114000080,26,56,-30
114000081,58,45,13
114000082,46,200,-154
114000083,75,77,-2
114000084,247,54,193
114000085,64,267,-203
114000086,154,127,27
114000087,125,66,59
114000088,31,25,6
114000089,292,181,111
114000090,691,718,-27
114000091,884,561,323
114000092,610,285,325
114000093,1077,430,647
114000094,317,223,94
114000095,164,156,8
114000096,71,168,-97
114000097,111,249,-138
114000098,586,63,523
114000099,570,168,402
114000100,1327,309,1018
114000101,383,302,81
114000102,535,238,297
114000103,101,184,-83
114000104,16,110,-94
114000105,128,49,79
114000106,413,935,-522
114000107,333,77,256
114000108,832,666,166
114000109,566,1070,-504
114000110,431,771,-340
114000111,1588,766,822
114000112,456,1318,-862
114000113,1322,454,868
114000114,892,912,-20
114000115,1999,944,1055
114000116,661,1887,-1226
114000117,2819,423,2396
114000118,2407,335,2072
114000119,1632,353,1279
114000120,494,470,24
114000121,420,593,-173
114000122,326,240,86
114000123,1675,279,1396
114000124,855,195,660
114000125,567,682,-115
114000126,1304,167,1137
114000127,213,105,108
114000128,732,177,555
114000130,414,402,12
114000131,238,64,174
114000132,400,254,146
114000133,616,644,-28
114000134,64,28,36
114000138,54,90,-36
114000139,330,238,92
114000144,711,427,284
114000145,56,66,-10
114000146,68,108,-40
114000147,1137,1871,-734
114000148,1402,1509,-107
114000149,201,219,-18
114000150,277,432,-155
114000151,482,1396,-914
114000152,53,34,19
114000153,392,1119,-727
114000154,429,346,83
114000155,1024,1951,-927
114000156,647,458,189
114000157,217,713,-496
114000158,721,473,248
114000159,123,258,-135
114000160,71,246,-175
114000161,907,2278,-1371
114000162,899,2082,-1183
114000163,22,37,-15
114000165,606,282,324
114000166,592,263,329
114000167,1833,1053,780
114000168,415,406,9
114000169,1051,1220,-169
114000170,999,1011,-12
114000171,1021,4046,-3025
114000174,145,310,-165
114000176,343,295,48
114000177,1052,615,437
114000178,35,24,11
114000179,945,591,354
114000180,245,444,-199
114000181,1319,3152,-1833
114000182,1180,1662,-482
114000183,495,585,-90
114000184,1447,589,858
114000185,952,537,415
114000189,1012,115,897
114000190,2774,352,2422
114000191,92,99,-7
114000192,95,726,-631
114000193,330,1198,-868
114000194,1102,562,540
114000195,175,32,143
114000196,4,84,-80
114000197,1238,19,1219
114000198,557,247,310
114000199,1433,1587,-154
114000200,439,823,-384
114000201,123,439,-316
114000202,703,372,331
114000203,478,327,151
114000204,205,346,-141
114000205,119,730,-611
114000206,410,797,-387
114000207,345,782,-437
114000208,282,1189,-907
114000209,315,1074,-759
114000210,151,560,-409
114000211,1048,851,197
114000212,618,648,-30
114000213,1170,352,818
114000214,86,82,4
114000215,134,54,80
114000216,1348,233,1115
114000217,366,169,197
114000218,134,131,3
114000219,1084,116,968
114000220,11,380,-369
114000221,734,93,641
114000222,114,480,-366
114000223,499,112,387
114000224,40,373,-333
114000225,255,345,-90
114000226,169,205,-36
114000227,784,362,422
114000228,734,381,353
114000229,1058,752,306
114000230,1440,691,749
114000231,801,841,-40
114000232,597,159,438
114000233,1829,103,1726
114000234,917,543,374
114000235,890,887,3
114000236,0,265,-265
114000237,71,508,-437
114000238,62,166,-104
114000239,126,608,-482
114000240,657,588,69
114000241,196,551,-355
114000242,595,486,109
114000243,1392,622,770
114000244,349,200,149
114000245,337,510,-173
114000246,107,41,66
114000247,493,447,46
114000248,894,465,429
114000249,474,311,163
114000250,545,395,150
114000251,403,136,267
114000252,59,24,35
114000253,31,41,-10
114000254,41,33,8
114000255,290,132,158
114000256,520,1631,-1111
114000257,230,625,-395
114000258,282,186,96
114000259,81,94,-13
114000260,0,18,-18
114000261,37,26,11
114000262,202,52,150
114000263,4,1,3
114000264,975,237,738
114000265,0,0,0
114000267,1,1058,-1057
114000268,1,657,-656
114000270,146,10,136
114000271,242,22,220
114000283,1092,260,832
114000285,10,100,-90
114000288,71,153,-82
114000289,1197,89,1108
114000293,184,351,-167
114000294,153,226,-73
114000395,958,14,944
114000396,505,487,18
114000402,477,173,304
114000403,221,183,38
114000405,183,221,-38
114000423,344,188,156
114000424,316,62,254
114000425,763,126,637
114000426,263,670,-407
114000427,59,38,21
114000428,138,149,-11
114000429,6,92,-86
114000432,83,48,35
114000434,18,31,-13
114000435,0,111,-111
114900001,472,405,67
114900002,320,98,222
114900003,611,528,83
114900004,255,342,-87
114900005,515,373,142
114900006,49,66,-17
114900007,252,17,235
114900008,129,93,36
114900010,892,1225,-333
114900011,143,93,50
114900013,177,122,55
114900015,66,445,-379
114900018,793,35,758
114900020,139,41,98
114900022,4,383,-379
114900024,297,95,202
114900025,383,91,292
114900026,83,109,-26
114900027,136,112,24
114900029,127,20,107
114900030,254,99,155
114900031,333,17,316
114900032,313,15,298
114900033,370,749,-379
114900034,32,102,-70
114900035,83,151,-68
114900036,101,262,-161
114900037,120,78,42
114900038,136,233,-97
114900039,407,171,236
114900040,74,33,41
114900041,699,178,521
114900042,860,244,616
114900043,372,161,211
114900044,121,34,87
114900046,19,59,-40
114900047,206,1807,-1601
114900048,97,201,-104
114900049,23,139,-116
114900050,29,171,-142
114900051,15,212,-197
114900052,43,176,-133
114900053,45,208,-163
114900054,28,50,-22
114900057,220,9,211
114900058,0,64,-64
114900059,100,65,35
114900060,479,604,-125
114900061,90,85,5
114900062,184,237,-53
114900063,40,74,-34
114900064,1402,145,1257
114900065,381,434,-53
114900067,18,281,-263
114900068,53,181,-128
114900069,141,66,75
114900070,460,193,267
114900072,3,194,-191
114900073,1,83,-82
114900074,637,226,411
114900075,280,6,274
114900076,4,196,-192
114900080,864,201,663
114900082,1838,1874,-36
114900083,624,737,-113
114900090,295,145,150
114900091,103,132,-29
114900095,172,90,82
114900096,227,313,-86
114900097,154,4,150
114900098,3,85,-82
114900099,182,5,177
115000001,3369,1923,1446
115000002,3310,3811,-501
115000003,3252,1509,1743
115000004,3733,4734,-1001
115000005,1295,1352,-57
115000006,1055,1131,-76
115000007,219,167,52
115000008,326,468,-142
115000009,190,187,3
115000010,195,163,32
115000013,55,178,-123
115000015,57,323,-266
115000016,42,193,-151
115000019,37,371,-334
115000020,84,742,-658
115000021,171,325,-154
115000022,427,276,151
115000023,282,499,-217
115000024,749,305,444
115000025,671,554,117
115000026,135,266,-131
115000027,248,255,-7
115000028,171,513,-342
115000029,524,75,449
115000030,572,812,-240
115000031,1024,179,845
115000032,4,197,-193
115000033,136,35,101
115000034,75,894,-819
115000035,881,46,835
115000036,0,293,-293
115000037,414,9,405
115000038,44,140,-96
115000039,2143,2571,-428
115000040,2769,1935,834
115000041,1056,2649,-1593
115000042,479,490,-11
115000043,3719,1989,1730
115000044,3505,2417,1088
115000045,2059,871,1188
115000046,2217,1782,435
115000047,2142,1000,1142
115000048,1360,1261,99
115000049,1344,2077,-733
115000050,2831,1252,1579
115000051,1281,2496,-1215
115000052,1270,1192,78
115000053,1594,1626,-32
115000054,459,704,-245
115000055,167,661,-494
115000056,172,482,-310
115000057,580,802,-222
115000058,469,302,167
115000059,231,150,81
115000061,141,147,-6
115000062,155,159,-4
115000063,356,185,171
115000064,261,40,221
115000065,44,502,-458
115000067,148,8,140
115000069,94,214,-120
115000070,30,674,-644
115000071,77,16,61
115000072,18,63,-45
115000073,1001,55,946
115000075,81,58,23
115000076,2055,1641,414
115000077,1490,1056,434
115000078,1093,701,392
115000079,999,910,89
115000080,1951,1213,738
115000081,415,508,-93
115000082,3518,2909,609
115000083,1579,952,627
115000084,2026,753,1273
115000085,627,478,149
115000086,887,418,469
115000087,286,948,-662
115000088,1446,462,984
115000089,1034,815,219
115000090,354,643,-289
115000091,195,487,-292
115000092,585,331,254
115000093,473,4,469
115000094,4000,4810,-810
115000095,2870,4807,-1937
115000096,625,766,-141
115000097,931,696,235
115000098,1077,417,660
115000099,2413,1562,851
115000100,1030,270,760
115000101,379,885,-506
115000102,429,179,250
115000103,231,414,-183
115000105,60,66,-6
115000106,563,239,324
115000107,149,246,-97
115000108,1760,1610,150
115000109,2618,3790,-1172
115000110,1276,1338,-62
115000111,481,1063,-582
115000112,520,536,-16
115000113,404,569,-165
115000114,1115,421,694
115000116,2395,1717,678
115000117,2315,2040,275
115000118,1497,1452,45
115000119,1231,1580,-349
115000120,433,1278,-845
115000121,855,555,300
115000122,1327,1187,140
115000123,750,1973,-1223
115000124,534,797,-263
115000125,317,514,-197
115000126,105,207,-102
115000127,283,89,194
115000128,262,701,-439
115000129,220,337,-117
115000130,335,358,-23
115000131,831,176,655
115000132,295,148,147
115000133,490,156,334
115000134,212,120,92
115000135,170,76,94
115000136,261,171,90
115000137,116,71,45
115000138,365,251,114
115000139,248,138,110
115000140,402,157,245
115000141,159,136,23
115000142,142,132,10
115000143,860,422,438
115000144,468,48,420
115000145,217,186,31
115000146,420,232,188
115000147,186,295,-109
115000148,164,401,-237
115000149,547,157,390
115000150,483,346,137
115000151,921,319,602
115000152,443,393,50
115000153,811,279,532
115000154,752,167,585
115000155,489,449,40
115000156,699,455,244
115000157,372,541,-169
115000158,277,352,-75
115000159,432,467,-35
115000160,325,304,21
115000161,156,290,-134
115000162,470,565,-95
115000163,396,519,-123
115000164,608,497,111
115000165,230,441,-211
115000167,104,39,65
115000168,288,271,17
115000169,305,276,29
115000170,96,121,-25
115000171,218,224,-6
115000172,555,483,72
115000173,247,529,-282
115000174,72,302,-230
115000175,126,68,58
115000176,68,57,11
115000177,55,77,-22
115000178,15,133,-118
115000179,30,21,9
115000180,77,278,-201
115000181,553,87,466
115000182,911,176,735
115000183,429,459,-30
115000186,535,162,373
115000187,155,440,-285
115000188,312,382,-70
115000189,158,331,-173
115000190,517,321,196
115000191,102,459,-357
115000194,116,92,24
115000195,177,202,-25
115000196,162,57,105
115000197,170,100,70
115000198,302,89,213
115000199,313,85,228
115000200,307,75,232
115000201,102,171,-69
115000206,302,35,267
115000207,169,197,-28
115000208,209,375,-166
115000209,435,228,207
115000210,133,84,49
115000211,202,129,73
115000212,920,217,703
115000224,302,55,247
115000225,39,75,-36
115000229,104,87,17
115000230,118,198,-80
115000231,171,735,-564
115000232,1595,199,1396
115000233,104,86,18
115000234,19,207,-188
115000241,64,151,-87
115000242,83,138,-55
115000243,45,117,-72
115000244,17,53,-36
115000246,40,5,35
115000247,22,11,11
115000248,47,19,28
115000249,11,11,0
115000250,242,22,220
115000251,162,57,105
115000252,104,115,-11
115000253,7,298,-291
115000258,282,56,226
115000259,247,102,145
115000261,21,17,4
115000262,20,21,-1
115000263,10,45,-35
115000264,43,29,14
115000267,70,68,2
115000268,36,89,-53
115000269,117,75,42
115000270,8,28,-20
115000272,47,84,-37
115000273,398,41,357
115000280,1658,151,1507
115000281,197,653,-456
115000282,374,465,-91
115000284,230,113,117
115000296,823,7,816
115000297,121,131,-10
115000298,23,347,-324
115000300,210,140,70
115000302,656,60,596
115000303,581,57,524
115000304,654,41,613
115000305,70,259,-189
115000306,112,113,-1
115000307,70,95,-25
115000308,18,20,-2
115000309,9,43,-34
115000310,969,365,604
115000311,1004,792,212
115000313,85,228,-143
115000314,440,127,313
115000315,572,545,27
115000316,47,101,-54
115000317,122,316,-194
115000318,556,220,336
115000319,46,236,-190
115000320,4,315,-311
115000321,204,9,195
115000322,60,134,-74
115000449,131,120,11
115000557,1,1099,-1098
115000558,320,77,243
115000587,533,159,374
115000588,1517,1639,-122
115000589,3019,1758,1261
115000590,944,1079,-135
115000591,1248,585,663
115000592,377,1568,-1191
115000593,1175,556,619
115000594,481,2374,-1893
115000609,164,172,-8
115000617,678,2517,-1839
115000624,255,49,206
115000633,412,1328,-916
115000634,2431,594,1837
115000635,527,92,435
115000638,313,374,-61
115000641,42,112,-70
115000642,219,121,98
115000643,74,232,-158
115000644,106,209,-103
115000646,695,1291,-596
115000647,181,323,-142
115000648,1729,968,761
115000893,1701,1304,397
115000894,112,747,-635
115000895,256,744,-488
115000896,1005,344,661
115000897,373,94,279
115000898,344,191,153
115000899,235,824,-589
115000900,55,264,-209
115000901,41,112,-71
115000912,298,60,238
115000913,3,12,-9
115000915,22,1,21
115000916,4,0,4
115000917,0,6,-6
115000918,31,331,-300
115000919,1,3,-2
115000920,12,39,-27
115000921,224,81,143
115000922,594,729,-135
115000923,174,1142,-968
115000925,115,80,35
115000927,46,68,-22
115000933,114,269,-155
115000934,189,122,67
115000935,98,47,51
115000936,23,639,-616
115000937,454,114,340
115000938,81,228,-147
115000939,92,195,-103
115000940,15,30,-15
115000941,5,32,-27
115000942,15,121,-106
115000943,11,32,-21
115000944,2,3,-1
115900001,85,16,69
115900002,66,41,25
115900003,212,51,161
115900004,4,31,-27
115900005,165,7,158
115900006,72,113,-41
115900008,84,7,77
115900009,61,71,-10
115900010,330,99,231
115900011,372,176,196
115900012,176,38,138
115900013,199,82,117
115900014,108,94,14
115900015,113,34,79
115900016,87,25,62
115900017,14,10,4
115900018,116,33,83
115900019,36,6,30
115900020,80,1,79
115900021,620,218,402
115900022,643,8,635
115900023,28,9,19
115900025,20,123,-103
115900026,501,99,402
115900027,0,115,-115
115900028,427,47,380
115900029,12,192,-180
115900030,33,18,15
115900031,186,216,-30
115900032,372,412,-40
115900033,2,21,-19
115900034,32,133,-101
115900035,47,16,31
115900036,34,829,-795
115900037,39,175,-136
115900038,64,10,54
115900039,130,93,37
115900041,256,599,-343
115900042,42,7,35
115900043,65,31,34
115900044,126,169,-43
115900046,276,105,171
115900047,132,135,-3
115900049,129,111,18
115900051,1,10,-9
115900052,7,96,-89
115900053,241,103,138
115900054,293,18,275
115900055,21,47,-26
115900056,126,105,21
115900057,28,13,15
115900058,32,22,10
115900060,49,74,-25
115900061,264,0,264
115900062,22,145,-123
115900063,62,5,57
115900064,138,171,-33
115900065,129,18,111
115900066,82,58,24
115900067,8,248,-240
115900068,1579,853,726
115900069,33,111,-78
115900070,172,51,121
115900071,0,141,-141
115900072,29,79,-50
115900073,58,60,-2
115900074,3,163,-160
115900075,12,89,-77
115900076,5,29,-24
115900077,4,121,-117
115900078,35,66,-31
115900079,180,12,168
115900080,256,106,150
115900081,12,35,-23
115900082,63,72,-9
115900084,493,10,483
115900085,23,60,-37
115900086,783,343,440
115900088,6,53,-47
115900089,337,439,-102
115900090,442,3,439
115900091,3,13,-10
115900092,41,81,-40
115900093,9,8,1
115900094,5,121,-116
115900096,3,8,-5
115900097,7,154,-147
115900098,233,153,80
115900099,39,27,12
115900100,7,228,-221
115900101,153,123,30
115900102,65,34,31
115900103,201,105,96
115900104,63,53,10
115900105,220,236,-16
115900106,87,14,73
115900107,82,65,17
115900108,124,18,106
115900109,23,171,-148
115900110,3,12,-9
115900111,1,62,-61
115900112,42,342,-300
115900113,71,16,55
115900114,0,90,-90
115900115,52,130,-78
115900116,64,429,-365
115900117,89,6,83
115900118,2,124,-122
115900119,106,88,18
115900120,27,140,-113
115900121,166,99,67
115900124,185,488,-303
115900125,319,33,286
115900126,576,76,500
115900127,587,45,542
115900128,5,62,-57
115900129,526,49,477
115900130,14,201,-187
115900131,203,13,190
115900132,608,9,599
115900134,271,17,254
115900135,278,979,-701
115900137,30,2,28
115900139,41,95,-54
115900140,236,40,196
115900141,2,27,-25
115900142,6,15,-9
115900143,229,201,28
115900144,127,137,-10
115900146,8,36,-28
115900147,200,244,-44
115900148,42,8,34
115900149,86,4,82
115900150,99,12,87
115900151,12,68,-56
115900152,161,209,-48
115900153,122,85,37
115900154,281,217,64
115900155,0,23,-23
115900156,646,644,2
115900157,165,331,-166
115900158,7,10,-3
115900159,108,118,-10
115900160,3,12,-9
115900161,38,68,-30
115900163,186,71,115
115900164,503,5,498
115900166,131,68,63
115900168,108,72,36
115900171,61,238,-177
115900172,56,100,-44
115900173,182,89,93
115900174,188,168,20
115900175,118,147,-29
115900178,9,255,-246
115900179,258,4,254
115900180,16,80,-64
115900181,175,80,95
115900182,386,72,314
115900183,27,51,-24
115900184,675,7,668
115900187,5,113,-108
115900189,1,173,-172
115900190,119,1175,-1056
115900191,13,123,-110
115900192,6,84,-78
115900193,68,73,-5
115900194,559,56,503
115900195,313,1680,-1367
115900198,138,231,-93
115900199,172,104,68
115900200,138,134,4
115900201,330,320,10
115900202,0,43,-43
115900203,5,15,-10
115900204,0,13,-13
115900205,69,13,56
115900206,213,87,126
115900207,39,7,32
115900208,71,68,3
115900209,5,76,-71
115900210,2,73,-71
115900211,1,83,-82
115900212,146,88,58
115900213,75,95,-20
115900214,539,126,413
115900215,16,133,-117
115900216,4,68,-64
115900217,2,34,-32
115900218,0,22,-22
115900219,122,0,122
115900220,194,7,187
115900221,52,14,38
115900222,65,27,38
115900223,12,441,-429
115900224,450,1031,-581
115900225,50,22,28
115900226,18,27,-9
115900227,7,43,-36
115900228,5,24,-19
115900229,6,28,-22
115900230,24,82,-58
115900231,100,2,98
115900232,45,5,40
115900233,56,13,43
115900234,58,20,38
115900235,31,12,19
115900236,9,30,-21
115900237,17,26,-9
115900238,17,13,4
115900239,12,14,-2
115900240,3,27,-24
115900241,205,43,162
115900242,159,297,-138
115900243,9,12,-3
115900244,23,12,11
115900245,66,3,63
115900246,3,16,-13
115900247,23,11,12
115900248,5,3,2
115900249,7,6,1
115900250,3,18,-15
115900251,1,7,-6
115900252,1,8,-7
115900253,3,10,-7
115900254,3,13,-10
115900255,3,7,-4
115900256,12,12,0
115900257,12,13,-1
115900258,0,0,0
115900259,5,1,4
115900260,12,1,11
115900261,4,2,2
115900262,0,0,0
115900263,8,0,8
115900264,3,5,-2
115900265,1,10,-9
115900266,3,15,-12
115900267,11,14,-3
115900268,6,9,-3
115900269,447,139,308
115900270,270,116,154
115900271,120,2,118
115900272,29,5,24
115900273,12,23,-11
115900274,2,3,-1
115900275,0,6,-6
115900276,0,10,-10
115900277,0,37,-37
115900278,33,42,-9
115900279,30,134,-104
115900280,26,391,-365
115900281,183,291,-108
115900282,6,8,-2
115900283,12,11,1
115900284,37,11,26
116000001,4720,2422,2298
116000002,3597,10000,-6403
116000003,953,1008,-55
116000004,2291,3427,-1136
116000005,1076,2104,-1028
116000006,2140,2188,-48
116000007,1692,1890,-198
116000008,3131,1926,1205
116000009,909,1277,-368
116000010,2157,1370,787
116000011,597,1197,-600
116000012,1364,997,367
116000013,4517,2789,1728
116000014,5866,10268,-4402
116000015,116,1233,-1117
116000016,3292,3059,233
116000017,21,776,-755
116000018,525,174,351
116000019,1012,275,737
116000020,503,514,-11
116000021,497,268,229
116000022,285,205,80
116000023,974,579,395
116000024,490,487,3
116000025,645,646,-1
116000026,1338,2024,-686
116000027,530,520,10
116000028,410,858,-448
116000029,351,582,-231
116000030,641,460,181
116000031,111,250,-139
116000032,273,124,149
116000033,329,362,-33
116000034,629,699,-70
116000035,293,540,-247
116000036,942,1102,-160
116000037,402,394,8
116000038,199,497,-298
116000039,289,353,-64
116000040,357,365,-8
116000041,79,308,-229
116000042,500,253,247
116000043,90,539,-449
116000044,8,58,-50
116000045,1512,1182,330
116000046,882,1464,-582
116000047,1384,1778,-394
116000048,1521,1471,50
116000049,1043,2546,-1503
116000050,1282,1048,234
116000051,5558,2085,3473
116000052,5277,4153,1124
116000053,1854,655,1199
116000054,784,2057,-1273
116000055,706,658,48
116000056,856,904,-48
116000057,2156,957,1199
116000058,2124,1653,471
116000059,1765,3125,-1360
116000060,1222,772,450
116000061,513,779,-266
116000062,371,149,222
116000063,465,919,-454
116000066,179,549,-370
116000067,198,283,-85
116000068,190,259,-69
116000069,203,243,-40
116000078,537,875,-338
116000080,1468,631,837
116000082,7,18,-11
116000083,1502,349,1153
116000084,1241,1933,-692
116000085,1795,1462,333
116000086,1140,724,416
116000087,1988,1246,742
116000088,573,643,-70
116000089,170,71,99
116000090,93,145,-52
116000091,195,312,-117
116000093,595,172,423
116000094,526,405,121
116000095,796,230,566
116000096,588,960,-372
116000097,751,392,359
116000098,54,4812,-4758
116000099,2776,174,2602
116000100,247,15,232
116000101,765,327,438
116000102,174,583,-409
116000103,492,234,258
116000104,171,560,-389
116000105,1064,111,953
116000106,324,456,-132
116000107,1730,192,1538
116000108,295,149,146
116000111,165,21,144
116000113,124,73,51
116000114,40,93,-53
116000115,566,417,149
116000116,259,247,12
116000117,1390,1321,69
116000118,1356,755,601
116000119,2777,1460,1317
116000120,2426,2348,78
116000121,853,414,439
116000122,881,710,171
116000123,1030,368,662
116000124,340,512,-172
116000125,2590,710,1880
116000126,223,802,-579
116000127,717,704,13
116000128,1632,713,919
116000129,1306,209,1097
116000130,628,433,195
116000133,1125,554,571
116000134,1263,981,282
116000135,2334,1143,1191
116000136,696,1254,-558
116000137,1118,574,544
116000138,584,454,130
116000139,1220,1682,-462
116000140,138,122,16
116000141,247,364,-117
116000142,2336,1662,674
116000143,1715,1463,252
116000144,1302,1140,162
116000145,1614,773,841
116000146,655,102,553
116000147,159,125,34
116000148,564,486,78
116000149,511,451,60
116000151,438,335,103
116000153,95,247,-152
116000155,110,177,-67
116000156,348,522,-174
116000157,85,4,81
116000158,313,305,8
116000159,13,9,4
116000160,15,28,-13
116000161,1,40,-39
116000162,60,63,-3
116000163,20,18,2
116000164,7,24,-17
116000177,374,99,275
116000194,58,263,-205
116000195,989,490,499
116000196,9,3,6
116000197,4,15,-11
116000198,1657,705,952
116000200,483,413,70
116000201,424,487,-63
116000202,6,124,-118
116000203,1,43,-42
116000204,4,39,-35
116000205,0,106,-106
116000206,2,82,-80
116000207,12,47,-35
116000233,140,245,-105
116000287,162,215,-53
116000288,320,180,140
116000292,45,39,6
116000296,25,193,-168
116000297,96,29,67
116000304,144,48,96
116000305,20,52,-32
116000346,73,26,47
116000352,75,10,65
116000354,17,6,11
116000357,1,8,-7
116000358,272,65,207
116000361,174,0,174
116000372,2491,3973,-1482
116000381,104,3,101
116000388,1,24,-23
116000389,597,330,267
116000445,419,229,190
116000446,620,267,353
116000447,18,452,-434
116000448,444,116,328
116000563,556,672,-116
116000565,38,221,-183
116000568,32,290,-258
116000579,23,91,-68
116000583,110,57,53
116000584,11,4,7
116000585,38,26,12
116000586,60,53,7
116000587,440,482,-42
116000589,87,50,37
116000590,74,65,9
116000591,275,158,117
116000592,8,54,-46
116000593,0,16,-16
116000594,570,199,371
116000595,483,62,421
116000596,77,9,68
116000597,384,117,267
116000598,11,96,-85
116000605,129,62,67
116000606,83,251,-168
116000607,2,17,-15
116000609,127,790,-663
116000611,132,218,-86
116000612,843,1574,-731
116000613,625,278,347
116000614,306,271,35
116000615,2,348,-346
116000616,41,70,-29
116000617,107,26,81
116000618,1,37,-36
116000619,30,60,-30
116000620,134,67,67
116000621,66,87,-21
116000622,67,104,-37
116000624,236,65,171
116000627,94,25,69
116000628,59,267,-208
116000629,25,167,-142
116000630,443,21,422
116000631,187,24,163
116000632,883,65,818
116000633,149,118,31
116000634,371,56,315
116000635,1824,2344,-520
116000636,510,1151,-641
116000637,462,51,411
116000638,203,122,81
116000640,14,17,-3
116000641,1,3,-2
116000644,31,201,-170
116900001,214,118,96
116900002,145,2,143
116900003,38,25,13
116900004,53,49,4
116900005,219,38,181
116900006,70,119,-49
116900007,91,134,-43
116900008,335,155,180
116900009,11,6,5
116900010,0,560,-560
116900011,5,19,-14
116900012,178,157,21
116900013,3,64,-61
116900014,125,81,44
116900015,464,29,435
116900016,199,5,194
116900017,0,271,-271
116900018,62,39,23
116900019,5,140,-135
116900020,443,868,-425
116900023,74,8,66
116900024,587,26,561
116900025,1004,361,643
116900026,74,363,-289
116900027,21,28,-7
116900028,2,47,-45
116900029,0,44,-44
116900031,2,0,2
116900032,9,149,-140
116900033,11,5,6
116900034,6,34,-28
116900035,100,96,4
116900036,1,79,-78
116900038,15,3,12
116900041,32,6,26
116900042,290,204,86
116900043,12,27,-15
116900047,14,143,-129
116900049,18,179,-161
116900050,113,256,-143
116900051,122,73,49
116900052,85,42,43
116900055,1,4,-3
116900057,14,111,-97
116900058,8,206,-198
116900059,1,60,-59
116900060,124,152,-28
116900062,0,13,-13
116900064,73,256,-183
116900065,26,68,-42
116900067,101,22,79
116900068,137,128,9
116900070,0,4,-4
116900072,25,209,-184
116900073,21,79,-58
116900074,4,25,-21
116900076,6,28,-22
116900077,6,44,-38
116900078,188,70,118
116900079,38,104,-66
116900080,10,22,-12
116900081,261,697,-436
116900082,371,583,-212
116900083,28,23,5
116900084,83,35,48
116900085,29,83,-54
116900086,21,101,-80
116900088,130,50,80
116900090,86,22,64
116900091,244,6,238
116900092,65,470,-405
116900093,1389,1233,156
116900094,2174,3235,-1061
116900095,207,97,110
116900096,68,287,-219
116900097,1552,2940,-1388
116900098,532,279,253
116900099,393,545,-152
116900100,817,41,776
116900101,194,286,-92
116900103,9,0,9
116900104,60,82,-22
116900105,221,109,112
116900106,1898,80,1818
116900107,1591,1946,-355
116900110,24,2,22
116900111,545,274,271
116900112,236,420,-184
116900113,780,1334,-554
116900116,39,550,-511
116900117,112,69,43
116900118,468,690,-222
116900120,387,39,348
116900121,81,8,73
116900122,744,291,453
116900123,218,346,-128
116900124,151,644,-493
116900125,335,125,210
116900126,72,468,-396
116900128,0,18,-18
116900129,1,120,-119
116900130,289,2857,-2568
116900131,8,90,-82
116900132,39,112,-73
116900133,104,102,2
116900134,181,156,25
116900136,214,120,94
116900137,164,87,77
116900138,106,84,22
116900139,115,322,-207
116900140,121,83,38
116900141,530,314,216
116900142,1,67,-66
116900143,215,242,-27
116900144,24,59,-35
116900145,70,108,-38
116900147,248,550,-302
116900148,6,48,-42
116900149,39,216,-177
116900150,7,14,-7
116900151,21,6,15
116900153,138,62,76
116900154,225,486,-261
116900155,61,55,6
116900157,535,120,415
116900158,114,247,-133
116900159,33,276,-243
116900160,649,646,3
116900161,3067,5535,-2468
116900162,15,50,-35
116900163,188,61,127
116900164,61,43,18
116900165,286,221,65
116900166,53,30,23
116900167,368,49,319
116900168,305,56,249
116900169,281,567,-286
116900170,280,566,-286
116900171,33,60,-27
116900172,142,347,-205
116900173,204,20,184
116900174,41,71,-30
116900175,193,179,14
116900178,52,55,-3
116900179,95,330,-235
116900180,82,26,56
116900182,393,162,231
116900183,115,51,64
116900185,58,78,-20
116900186,80,82,-2
116900187,49,41,8
116900188,87,38,49
116900189,42,3,39
116900191,320,409,-89
116900192,276,57,219
116900194,124,1318,-1194
116900195,16,24,-8
116900196,8,45,-37
116900197,83,5,78
116900198,67,203,-136
116900200,52,12,40
116900201,84,15,69
116900202,78,24,54
116900203,137,4,133
116900204,36,76,-40
116900206,21,4,17
116900207,20,22,-2
116900208,9,54,-45
116900209,40,47,-7
116900210,446,225,221
116900211,196,0,196
116900212,81,22,59
116900213,165,52,113
116900214,172,92,80
116900215,11,17,-6
116900216,207,91,116
116900218,4,92,-88
116900219,1024,262,762
116900220,105,158,-53
116900221,86,188,-102
116900222,367,285,82
116900223,91,183,-92
116900226,80,30,50
116900227,212,57,155
116900228,284,100,184
116900230,66,158,-92
116900231,39,143,-104
116900232,10,204,-194
116900233,251,55,196
116900234,36,27,9
116900235,89,148,-59
116900238,1043,200,843
116900239,55,1042,-987
116900240,2866,2219,647
116900241,62,44,18
116900242,438,549,-111
116900243,1,12,-11
116900245,27,23,4
116900246,81,16,65
116900247,753,20,733
116900248,57,20,37
116900249,303,57,246
116900250,301,27,274
116900251,335,396,-61
116900252,129,375,-246
116900254,24,58,-34
116900255,81,64,17
116900256,291,62,229
116900257,10,193,-183
116900258,0,92,-92
116900259,245,3,242
116900260,0,49,-49
116900261,53,3,50
116900262,171,81,90
116900263,1,9,-8
116900264,8,4,4
116900265,43,2,41
116900266,34,8,26
116900267,3,2,1
116900268,140,71,69
116900269,245,457,-212
116900271,439,251,188
116900272,226,204,22
116900273,92,94,-2
116900274,129,47,82
116900275,115,58,57
116900276,281,171,110
116900277,261,24,237
116900278,5,5,0
116900279,1,10,-9
116900280,30,13,17
116900281,2727,3797,-1070
116900282,8,91,-83
116900283,7,28,-21
116900284,17,103,-86
116900285,121,174,-53
116900286,112,24,88
116900287,2,10,-8
116900288,89,69,20
116900289,17,7,10
116900290,7,16,-9
116900291,32,10,22
116900292,1,15,-14
116900293,69,14,55
116900294,7,94,-87
116900295,75,53,22
116900296,32,69,-37
116900297,5,71,-66
116900298,59,45,14
116900299,25,44,-19
116900300,0,55,-55
116900301,26,118,-92
116900302,21,46,-25
116900303,87,56,31
116900304,0,108,-108
116900305,11,32,-21
116900306,200,45,155
116900307,51,3,48
116900308,0,68,-68
116900309,85,70,15
117000001,1836,1528,308
117000002,1864,2970,-1106
117000003,5134,2593,2541
117000004,2516,3442,-926
117000005,2196,1554,642
117000006,1027,2079,-1052
117000007,3868,1069,2799
117000008,810,2344,-1534
117000009,3960,1657,2303
117000010,1844,2525,-681
117000011,1959,1348,611
117000012,1146,810,336
117000013,1680,690,990
117000014,1060,1801,-741
117000015,2038,1135,903
117000016,202,180,22
117000017,136,95,41
117000018,127,594,-467
117000019,55,33,22
117000020,275,1217,-942
117000021,850,604,246
117000022,218,141,77
117000023,65,293,-228
117000024,147,226,-79
117000025,269,910,-641
117000026,1281,1327,-46
117000027,937,3989,-3052
117000028,1197,1578,-381
117000030,268,318,-50
117000031,334,292,42
117000032,1103,888,215
117000033,955,619,336
117000034,343,233,110
117000035,330,306,24
117000036,382,241,141
117000037,255,138,117
117000038,153,477,-324
117000039,374,170,204
117000040,216,540,-324
117000041,1006,139,867
117000044,6,427,-421
117000045,471,70,401
117000046,302,667,-365
117000047,866,494,372
117000048,1357,597,760
117000049,70,426,-356
117000050,181,1057,-876
117000051,2102,60,2042
117000052,61,199,-138
117000053,500,25,475
117000054,1560,13,1547
117000055,30,1485,-1455
117000056,583,18,565
117000057,308,1504,-1196
117000060,400,719,-319
117000061,1696,905,791
117000062,231,446,-215
117000063,1481,919,562
117000064,436,398,38
117000066,517,618,-101
117000067,110,499,-389
117000074,56,139,-83
117000076,48,31,17
117000077,115,170,-55
117000078,62,426,-364
117000079,294,180,114
117000080,2,266,-264
117000081,790,64,726
117000082,15,72,-57
117000083,112,4,108
117000084,145,3,142
117000085,229,656,-427
117000086,568,267,301
117000087,79,409,-330
117000088,225,147,78
117000089,1582,150,1432
117000090,239,841,-602
117000091,793,246,547
117000092,311,806,-495
117000093,1188,658,530
117000094,1017,1654,-637
117000095,3433,674,2759
117000096,553,1306,-753
117000097,1521,718,803
117000098,1765,2538,-773
117000099,3560,1008,2552
117000100,165,242,-77
117000101,135,567,-432
117000102,1749,557,1192
117000103,505,969,-464
117000104,1372,486,886
117000105,666,935,-269
117000106,1196,570,626
117000107,440,1112,-672
117000108,1734,874,860
117000109,983,1722,-739
117000110,1483,1165,318
117000111,2826,3034,-208
117000112,2772,1183,1589
117000113,111,116,-5
117000114,155,84,71
117000115,61,52,9
117000116,135,129,6
117000117,1157,851,306
117000118,249,124,125
117000119,98,152,-54
117000120,78,502,-424
117000121,28,843,-815
117000122,221,628,-407
117000123,1077,32,1045
117000124,205,123,82
117000125,118,145,-27
117000126,41,8,33
117000127,111,197,-86
117000128,192,537,-345
117000129,234,1012,-778
117000130,155,1,154
117000131,0,57,-57
117000132,2397,34,2363
117000133,1939,15,1924
117000134,3,74,-71
117000135,5,85,-80
117000136,2,21,-19
117000137,87,112,-25
117000138,3,445,-442
117000140,347,954,-607
117000141,1606,471,1135
117000181,225,141,84
117000182,483,515,-32
117000195,75,478,-403
117000196,225,132,93
117000225,91,44,47
117000226,3,84,-81
117000276,303,19,284
117000277,1,192,-191
117000310,1159,1880,-721
117000315,71,533,-462
117000320,63,1,62
117000906,386,17,369
117000907,13,169,-156
117000909,24,29,-5
117000910,190,147,43
117000911,98,106,-8
117000915,5,276,-271
117000916,73,3,70
117000917,1207,42,1165
117000918,85,36,49
117000919,4,29,-25
117000920,1,557,-556
117000921,0,486,-486
117000922,20,50,-30
117000924,373,611,-238
117000926,407,92,315
117000927,609,913,-304
117000928,0,73,-73
117000929,236,151,85
117000930,247,20,227
117000931,105,137,-32
117900002,51,340,-289
117900003,364,313,51
117900005,6,63,-57
117900006,1,29,-28
117900007,122,54,68
117900008,0,6,-6
117900010,246,37,209
117900011,36,121,-85
117900012,50,47,3
117900013,0,80,-80
117900014,494,133,361
117900015,17,52,-35
117900016,738,645,93
117900017,528,219,309
117900018,97,139,-42
117900019,457,138,319
117900020,55,383,-328
117900021,28,32,-4
117900023,554,58,496
117900024,49,33,16
117900025,36,9,27
117900026,382,109,273
117900028,24,5,19
117900029,199,312,-113
117900030,447,199,248
117900031,109,84,25
117900032,747,540,207
117900033,285,327,-42
117900034,56,19,37
117900035,131,70,61
117900036,184,159,25
117900037,155,70,85
117900038,22,142,-120
117900039,1,27,-26
117900040,59,188,-129
117900041,2,27,-25
117900042,2309,233,2076
117900043,16,51,-35
117900044,22,2763,-2741
117900045,142,104,38
117900048,310,137,173
117900049,244,275,-31
117900050,5,78,-73
117900051,6,2,4
117900052,29,302,-273
117900053,1363,292,1071
117900054,1,15,-14
117900055,266,166,100
117900056,59,48,11
117900057,964,912,52
117900058,53,22,31
117900059,165,56,109
117900060,2463,2760,-297
117900061,10,223,-213
117900063,292,131,161
117900065,346,666,-320
117900066,6,52,-46
117900067,486,91,395
117900069,641,171,470
117900070,130,69,61
117900071,62,90,-28
117900073,523,125,398
117900074,84,66,18
117900075,49,56,-7
117900076,19,27,-8
117900077,417,89,328
117900078,259,728,-469
117900080,140,38,102
117900081,306,297,9
117900082,354,341,13
117900083,351,238,113
117900086,151,10,141
117900087,93,22,71
117900088,2110,1335,775
117900089,2136,597,1539
117900090,298,198,100
117900091,81,100,-19
117900092,48,16,32
117900093,74,26,48
117900094,50,21,29
117900095,289,266,23
117900096,66,144,-78
117900097,240,27,213
117900098,30,13,17
117900099,130,118,12
117900100,282,4,278
117900101,358,1532,-1174
117900102,103,20,83
117900103,51,5,46
117900104,11,135,-124
117900105,63,149,-86
117900106,83,18,65
117900107,23,2,21
117900109,564,300,264
117900110,128,0,128
117900111,344,18,326
117900112,57,4,53
117900113,1214,1214,0
117900114,27,0,27
117900115,115,55,60
117900116,628,621,7
117900117,495,170,325
117900118,69,0,69
117900119,181,85,96
117900120,208,22,186
117900121,66,6,60
117900122,804,3098,-2294
117900123,508,193,315
117900124,510,409,101
117900125,1280,1653,-373
117900126,161,350,-189
117900127,414,211,203
117900128,321,297,24
117900129,66,3,63
117900130,439,236,203
117900131,3,58,-55
117900132,12,56,-44
117900133,16,64,-48
117900134,47,107,-60
117900135,20,62,-42
117900136,0,19,-19
117900137,12,125,-113
117900138,0,20,-20
117900139,109,52,57
117900140,1958,195,1763
117900141,86,124,-38
117900142,103,44,59
117900144,29,271,-242
117900145,17,41,-24
117900146,124,169,-45
117900147,49,24,25
117900148,1423,1308,115
117900149,85,105,-20
117900150,25,23,2
117900151,36,42,-6
117900152,50,27,23
117900153,11,79,-68
117900154,366,362,4
117900156,663,631,32
117900157,84,411,-327
117900158,217,90,127
117900160,607,696,-89
117900161,1507,1244,263
117900162,411,304,107
117900163,25,159,-134
117900165,2,13,-11
117900166,66,494,-428
117900168,100,95,5
117900169,5,74,-69
117900170,0,17,-17
117900171,5,9,-4
117900172,15,9,6
117900173,97,67,30
117900174,10,52,-42
117900175,18,7,11
117900176,8,10,-2
117900177,18,17,1
117900178,51,38,13
117900180,156,20,136
117900181,40,322,-282
117900182,6,26,-20
117900183,40,124,-84
117900184,15,29,-14
117900185,38,32,6
117900186,43,17,26
117900187,22,5,17
117900188,136,22,114
117900189,52,15,37
117900190,14,0,14
117900191,51,1,50
117900192,240,2,238
117900193,14,40,-26
117900194,13,8,5
117900195,9,35,-26
117900196,8,20,-12
117900207,95,116,-21
117900208,26,20,6
117900209,150,85,65
117900210,81,115,-34
117900211,0,115,-115
117900212,104,118,-14
117900213,15,6,9
117900214,6,16,-10
117900215,36,33,3
117900216,25,18,7
117900217,34,215,-181
117900218,115,99,16
117900219,2,115,-113
117900220,54,92,-38
117900222,162,143,19
117900223,96,229,-133
118000001,487,1189,-702
118000002,332,1067,-735
118000003,1865,3333,-1468
118000004,2436,1593,843
118000005,2359,4072,-1713
118000006,2417,6073,-3656
118000007,3877,3742,135
118000008,2124,2786,-662
118000009,1286,1880,-594
118000010,4739,2607,2132
118000011,1251,1073,178
118000012,632,982,-350
118000013,1442,1575,-133
118000014,1567,1287,280
118000016,190,194,-4
118000017,382,300,82
118000018,253,221,32
118000019,1442,1336,106
118000020,882,2383,-1501
118000021,503,2497,-1994
118000022,1112,669,443
118000023,579,249,330
118000024,721,902,-181
118000027,7139,9225,-2086
118000029,484,645,-161
118000032,442,2826,-2384
118000033,2224,5100,-2876
118000034,3210,2017,1193
118000035,1597,2379,-782
118000036,654,1043,-389
118000037,516,623,-107
118000038,194,78,116
118000039,81,124,-43
118000040,1195,873,322
118000041,1855,880,975
118000045,329,109,220
118000046,823,615,208
118000047,554,902,-348
118000048,1690,1593,97
118000051,1753,1291,462
118000052,1233,655,578
118000053,246,292,-46
118000054,999,697,302
118000055,770,1060,-290
118000056,126,337,-211
118000057,159,317,-158
118000058,2502,1413,1089
118000059,1246,1008,238
118000060,1024,359,665
118000061,950,818,132
118000062,456,255,201
118000063,267,579,-312
118000064,580,828,-248
118000065,1707,1625,82
118000066,657,1293,-636
118000067,468,520,-52
118000068,1055,4051,-2996
118000069,1455,746,709
118000070,3070,1485,1585
118000071,2075,6083,-4008
118000072,1034,1208,-174
118000073,611,634,-23
118000074,353,458,-105
118000075,429,222,207
118000076,1477,2382,-905
118000077,948,1019,-71
118000078,1414,1835,-421
118000079,135,363,-228
118000080,732,686,46
118000081,1408,1089,319
118000082,254,923,-669
118000083,1073,1281,-208
118000084,2081,1304,777
118000086,171,375,-204
118000087,2672,1903,769
118000088,1261,1207,54
118000089,2559,1804,755
118000090,975,2133,-1158
118000091,725,2144,-1419
118000092,723,459,264
118000093,50,577,-527
118000096,342,468,-126
118000097,677,496,181
118000098,217,146,71
118000099,616,443,173
118000101,1041,305,736
118000102,497,680,-183
118000107,827,359,468
118000108,440,1795,-1355
118000110,0,27,-27
118000111,0,123,-123
118000112,528,2,526
118000113,2,231,-229
118000114,376,6,370
118000115,8,11,-3
118000116,16,1,15
118000117,650,564,86
118000118,731,1047,-316
118000119,661,1003,-342
118000120,1076,804,272
118000121,53,520,-467
118000122,971,256,715
118000123,46,237,-191
118000125,871,648,223
118000126,589,1190,-601
118000127,1013,605,408
118000128,369,890,-521
118000129,783,401,382
118000130,1307,1700,-393
118000131,288,408,-120
118000132,2211,1742,469
118000133,971,424,547
118000135,481,407,74
118000136,122,355,-233
118000137,431,90,341
118000138,262,269,-7
118000139,425,61,364
118000140,1848,4110,-2262
118000141,1776,1230,546
118000142,1575,1091,484
118000143,1854,1021,833
118000144,786,474,312
118000145,1256,946,310
118000146,1135,412,723
118000147,772,932,-160
118000148,464,846,-382
118000149,876,613,263
118000150,426,243,183
118000151,470,289,181
118000153,1147,835,312
118000154,1194,1161,33
118000155,1262,1059,203
118000156,1093,1626,-533
118000157,409,299,110
118000158,189,316,-127
118000159,31,89,-58
118000160,495,308,187
118000161,438,462,-24
118000162,1132,648,484
118000163,759,620,139
118000164,1351,1048,303
118000168,508,509,-1
118000169,745,617,128
118000170,2524,2608,-84
118000171,294,371,-77
118000172,84,183,-99
118000173,733,657,76
118000175,240,338,-98
118000176,236,421,-185
118000177,192,532,-340
118000178,36,39,-3
118000179,771,1221,-450
118000180,702,588,114
118000181,637,262,375
118000182,257,208,49
118000183,181,267,-86
118000184,856,539,317
118000185,845,1135,-290
118000186,671,986,-315
118000187,1230,456,774
118000188,444,76,368
118000189,579,247,332
118000190,9,6,3
118000191,10,9,1
118000192,76,198,-122
118000193,52,259,-207
118000194,878,702,176
118000195,275,1048,-773
118000196,184,167,17
118000197,69,116,-47
118000198,364,705,-341
118000199,378,292,86
118000200,42,184,-142
118000201,280,485,-205
118000202,52,35,17
118000203,426,566,-140
118000204,50,350,-300
118000205,83,212,-129
118000206,175,142,33
118000207,0,40,-40
118000208,1080,989,91
118000209,1710,1002,708
118000210,38,19,19
118000211,21,43,-22
118000213,782,1549,-767
118000214,333,469,-136
118000215,325,85,240
118000216,1678,847,831
118000217,12,78,-66
118000218,128,63,65
118000219,445,179,266
118000220,7,42,-35
118000221,209,267,-58
118000222,57,4,53
118000223,19,39,-20
118000224,85,73,12
118000225,102,382,-280
118000226,652,107,545
118000227,384,308,76
118000228,73,216,-143
118000229,66,79,-13
118000230,115,109,6
118000231,68,165,-97
118000232,669,391,278
118000233,858,403,455
118000234,376,71,305
118000236,239,215,24
118000237,81,103,-22
118000238,228,89,139
118000239,230,174,56
118000240,170,104,66
118000241,143,76,67
118000242,288,236,52
118000243,197,134,63
118000244,38,51,-13
118000246,0,21,-21
118000255,74,200,-126
118000256,129,177,-48
118000259,8,39,-31
118000260,150,48,102
118000261,26,7,19
118000263,88,82,6
118000266,85,121,-36
118000267,0,100,-100
118000268,178,0,178
118000270,122,14,108
118000271,168,166,2
118000272,55,57,-2
118000273,125,44,81
118000274,76,169,-93
118000276,398,228,170
118000295,9,81,-72
118000298,73,121,-48
118000299,64,68,-4
118000301,0,55,-55
118000302,95,27,68
118000311,577,73,504
118000312,241,112,129
118000313,37,57,-20
118000314,111,32,79
118000315,29,14,15
118000316,529,339,190
118000325,41,11,30
118000326,27,21,6
118000331,46,13,33
118000332,14,17,-3
118000333,17,39,-22
118000335,296,1,295
118000336,0,103,-103
118000407,150,52,98
118000457,26,48,-22
118000465,1239,2717,-1478
118000480,20,39,-19
118000489,24,367,-343
118000490,18,177,-159
118000492,240,147,93
118000510,31,16,15
118000514,74,229,-155
118000515,572,554,18
118000517,219,147,72
118000524,206,261,-55
118000525,497,489,8
118000530,20,43,-23
118000531,320,184,136
118000532,237,159,78
118000533,300,88,212
118000534,475,258,217
118000535,296,121,175
118000536,182,989,-807
118000537,20,95,-75
118000538,18,48,-30
118000539,3,81,-78
118000540,153,75,78
118000541,117,23,94
118000542,51,114,-63
118000543,112,145,-33
118000546,37,17,20
118000553,0,1,-1
118000557,0,0,0
118000560,1016,1660,-644
118000562,24,80,-56
118000563,1021,800,221
118000576,278,70,208
118000577,169,135,34
118000578,164,80,84
118000579,361,903,-542
118000583,0,0,0
118000595,200,97,103
118000596,0,61,-61
118000597,131,83,48
118000598,3,0,3
118000599,92,46,46
118000600,5,4,1
118000601,5,0,5
118000602,1,1,0
118000603,0,21,-21
118000605,38,117,-79
118900001,308,1027,-719
118900002,480,662,-182
118900003,354,11,343
118900004,24,19,5
118900005,60,3,57
118900006,121,2,119
118900007,23,2,21
118900008,1056,46,1010
118900009,62,49,13
118900010,36,0,36
118900011,118,18,100
118900012,318,178,140
118900013,321,179,142
118900015,182,30,152
118900016,11,4,7
118900017,152,237,-85
118900018,655,33,622
118900019,29,18,11
118900020,119,141,-22
118900021,138,196,-58
118900022,80,69,11
118900023,103,76,27
118900024,98,127,-29
118900025,26,24,2
118900026,49,50,-1
118900027,280,148,132
118900028,213,99,114
118900029,256,272,-16
118900030,323,32,291
118900031,96,64,32
118900032,203,120,83
118900033,331,329,2
118900034,120,8,112
118900035,95,104,-9
118900036,924,454,470
118900037,261,194,67
118900038,362,92,270
118900039,391,87,304
118900040,149,154,-5
118900041,440,130,310
118900042,176,70,106
118900045,190,108,82
118900046,674,352,322
118900047,371,178,193
118900048,124,173,-49
118900049,49,48,1
118900050,36,23,13
118900051,64,78,-14
118900052,214,159,55
118900053,25,75,-50
118900054,97,18,79
118900055,67,38,29
118900056,39,289,-250
118900057,656,361,295
118900058,369,213,156
118900059,12,69,-57
118900060,43,93,-50
118900062,340,123,217
118900064,249,462,-213
118900065,40,89,-49
118900066,73,49,24
118900067,1993,3113,-1120
118900068,4,195,-191
118900069,356,139,217
118900071,6,29,-23
118900072,335,244,91
118900073,137,86,51
118900074,123,83,40
118900075,60,32,28
118900076,191,79,112
118900077,186,127,59
118900078,25,8,17
118900079,34,89,-55
118900080,17,72,-55
118900081,57,29,28
118900082,759,138,621
118900083,23,3,20
118900084,17,8,9
118900085,491,503,-12
118900086,38,62,-24
118900087,20,176,-156
118900088,0,5,-5
118900089,17,20,-3
118900090,450,220,230
118900091,99,172,-73
118900092,122,40,82
118900093,107,25,82
118900096,62,85,-23
118900097,219,263,-44
118900099,58,130,-72
118900100,70,135,-65
118900101,86,164,-78
118900102,54,46,8
118900103,23,46,-23
118900104,184,62,122
118900105,121,63,58
118900107,104,31,73
118900108,90,49,41
118900110,824,659,165
118900111,376,261,115
118900112,60,133,-73
118900113,106,217,-111
118900114,9,53,-44
118900115,56,218,-162
118900116,121,180,-59
118900117,96,127,-31
118900118,240,147,93
118900119,134,131,3
118900120,54,235,-181
118900121,23,82,-59
118900122,12,822,-810
118900123,144,124,20
118900124,93,73,20
118900126,24,299,-275
118900129,214,173,41
118900130,58,166,-108
118900131,158,105,53
118900132,265,226,39
118900133,8,65,-57
118900135,134,152,-18
118900136,178,265,-87
118900137,2,32,-30
118900139,131,156,-25
118900140,319,313,6
118900141,57,43,14
118900144,112,219,-107
118900145,2,49,-47
118900146,319,482,-163
118900147,176,110,66
118900148,59,21,38
118900150,124,372,-248
118900152,487,382,105
118900157,43,128,-85
118900158,68,21,47
118900159,0,77,-77
118900161,40,6,34
118900163,47,48,-1
118900164,3,46,-43
118900165,24,49,-25
118900166,36,6,30
118900167,59,95,-36
118900168,7,147,-140
118900169,87,120,-33
118900170,110,31,79
118900171,22,39,-17
118900174,55,35,20
118900175,365,454,-89
118900176,160,145,15
118900177,39,38,1
118900178,37,100,-63
118900179,7,20,-13
118900181,50,53,-3
118900182,41,28,13
118900183,18,64,-46
118900184,176,61,115
118900185,55,37,18
118900186,61,86,-25
118900187,208,212,-4
118900188,248,163,85
118900189,47,698,-651
118900190,21,117,-96
118900191,161,26,135
118900192,185,6,179
118900193,427,4,423
118900195,164,373,-209
118900196,26,87,-61
118900197,124,35,89
118900198,18,6,12
118900199,83,13,70
118900200,14,12,2
118900201,11,19,-8
118900202,7,17,-10
118900203,12,8,4
118900204,17,20,-3
118900205,3,6,-3
118900206,7,17,-10
119000001,1083,1258,-175
119000002,3337,1986,1351
119000003,2183,621,1562
119000004,1631,969,662
119000005,1627,1469,158
119000006,2923,1119,1804
119000007,2512,2261,251
119000008,1378,948,430
119000009,2485,3840,-1355
119000010,3656,3180,476
119000011,2200,2026,174
119000012,1301,2397,-1096
119000013,2335,1428,907
119000014,1114,1808,-694
119000019,265,116,149
119000020,2295,1086,1209
119000021,3689,2066,1623
119000022,1109,2055,-946
119000023,259,217,42
119000024,1231,9418,-8187
119000025,3278,746,2532
119000026,81,337,-256
119000027,186,307,-121
119000028,1302,544,758
119000029,69,244,-175
119000030,472,603,-131
119000031,632,414,218
119000032,1292,1464,-172
119000033,1803,895,908
119000034,855,513,342
119000035,18,191,-173
119000036,1771,511,1260
119000037,982,742,240
119000038,141,428,-287
119000039,379,253,126
119000040,538,531,7
119000041,546,916,-370
119000048,1916,1421,495
119000049,1739,1043,696
119000050,1340,1133,207
119000051,1417,680,737
119000052,1186,1806,-620
119000053,1386,786,600
119000054,2571,1673,898
119000055,3935,1840,2095
119000056,2479,1320,1159
119000057,1255,1111,144
119000058,1478,1118,360
119000059,940,964,-24
119000060,1328,818,510
119000061,826,479,347
119000062,862,901,-39
119000063,499,331,168
119000064,656,581,75
119000065,1336,2164,-828
119000066,1672,810,862
119000067,1357,1195,162
119000068,1428,651,777
119000069,1226,1259,-33
119000070,2324,622,1702
119000071,334,480,-146
119000072,2872,1900,972
119000073,2972,5317,-2345
119000074,1052,1183,-131
119000075,2322,1562,760
119000076,222,796,-574
119000077,405,408,-3
119000078,291,163,128
119000079,171,471,-300
119000080,535,139,396
119000081,250,379,-129
119000082,732,157,575
119000083,520,308,212
119000084,209,334,-125
119000085,424,121,303
119000086,246,312,-66
119000087,1103,456,647
119000088,318,174,144
119000089,68,149,-81
119000090,93,90,3
119000091,79,291,-212
119000092,300,172,128
119000093,2665,1546,1119
119000094,2988,3601,-613
119000095,1668,1805,-137
119000097,1514,867,647
119000098,764,2334,-1570
119000099,1856,920,936
119000100,3463,2354,1109
119000101,2882,959,1923
119000102,583,826,-243
119000103,1097,416,681
119000104,1502,848,654
119000105,733,1777,-1044
119000106,265,612,-347
119000107,901,395,506
119000108,328,475,-147
119000109,73,406,-333
119000110,251,285,-34
119000111,23,437,-414
119000112,100,67,33
119000113,1081,148,933
119000114,765,722,43
119000115,117,105,12
119000116,104,87,17
119000117,86,270,-184
119000118,6,1,5
119000123,3004,1252,1752
119000124,584,136,448
119000125,3363,455,2908
119000126,1170,476,694
119000127,535,268,267
119000128,17,5,12
119000131,805,335,470
119000132,3,4,-1
119000133,2,2,0
119000134,1281,453,828
119000135,148,144,4
119000136,292,102,190
119000137,209,170,39
119000138,456,111,345
119000139,268,96,172
119000140,258,286,-28
119000284,813,1810,-997
119000285,1365,1279,86
119000286,4037,3205,832
119000287,875,1070,-195
119000288,1480,672,808
119000289,1049,1307,-258
119000290,144,189,-45
119000291,18,165,-147
119000293,104,117,-13
119000294,69,24,45
119000295,756,184,572
119000296,241,101,140
119000297,0,0,0
119000299,0,0,0
119000302,1047,919,128
119000303,49,128,-79
119000314,963,8085,-7122
119000315,3,161,-158
119000316,163,83,80
119000317,79,139,-60
119900001,160,1215,-1055
119900002,116,128,-12
119900003,28,434,-406
119900004,198,1059,-861
119900005,198,64,134
119900006,165,357,-192
119900007,897,210,687
119900008,17,29,-12
119900009,487,392,95
119900010,528,578,-50
119900011,9,89,-80
119900012,18,74,-56
119900013,1440,874,566
119900014,327,102,225
119900015,118,23,95
119900016,18,35,-17
119900017,67,40,27
119900018,1312,832,480
119900019,34,7,27
119900020,190,177,13
119900021,137,38,99
119900022,57,675,-618
119900023,275,1538,-1263
119900025,187,12,175
119900026,360,129,231
119900027,16,10,6
119900028,163,141,22
119900029,0,1,-1
119900030,418,252,166
119900031,32,400,-368
119900033,1377,228,1149
119900034,422,63,359
119900037,209,8,201
119900038,38,306,-268
119900039,37,3,34
119900040,88,12,76
119900041,98,8,90
119900042,70,103,-33
119900043,61,86,-25
119900044,131,744,-613
119900046,135,30,105
119900047,236,90,146
119900048,149,19,130
119900049,130,4,126
119900050,59,87,-28
119900051,879,16,863
119900052,45,11,34
119900053,215,94,121
119900054,155,2,153
119900055,1259,456,803
119900057,230,18,212
119900058,188,3,185
119900059,77,24,53
119900060,215,14,201
119900061,220,6,214
119900062,71,17,54
119900063,7,41,-34
119900065,175,14,161
119900067,48,13,35
119900068,528,4,524
119900069,177,12,165
119900070,971,6,965
119900071,616,26,590
119900073,941,453,488
119900074,17,42,-25
119900075,2089,1904,185
119900076,584,159,425
119900077,898,511,387
119900078,626,652,-26
119900079,505,129,376
119900080,191,155,36
119900081,423,38,385
119900082,1556,212,1344
119900083,279,84,195
119900084,426,242,184
119900085,52,47,5
119900086,487,509,-22
119900087,460,283,177
119900088,24,29,-5
119900089,15,261,-246
119900090,109,34,75
119900091,42,423,-381
119900092,29,201,-172
119900093,869,193,676
119900094,38,118,-80
119900095,189,112,77
119900096,25,75,-50
119900097,395,114,281
119900098,31,71,-40
119900099,36,116,-80
119900100,1125,1892,-767
119900101,91,872,-781
119900102,35,123,-88
119900103,31,135,-104
119900104,41,104,-63
119900105,469,1715,-1246
119900106,8,73,-65
119900107,263,1269,-1006
119900108,1952,450,1502
119900109,18,91,-73
119900110,498,276,222
119900111,113,181,-68
119900112,745,451,294
119900113,37,166,-129
119900114,214,517,-303
119900115,286,572,-286
119900116,109,336,-227
119900117,245,318,-73
119900118,93,479,-386
119900119,197,107,90
119900120,518,230,288
119900121,390,361,29
119900122,364,232,132
119900123,144,200,-56
119900124,220,420,-200
119900125,47,156,-109
119900126,1952,184,1768
119900127,1306,711,595
119900128,358,260,98
119900129,212,198,14
119900130,13,125,-112
119900131,41,113,-72
119900132,0,122,-122
119900133,52,67,-15
119900134,673,134,539
119900135,0,160,-160
119900136,159,192,-33
119900138,223,331,-108
119900139,8,67,-59
119900140,2,66,-64
119900141,66,545,-479
119900142,7,26,-19
119900143,19,128,-109
119900144,841,139,702
119900145,73,72,1
119900146,80,97,-17
119900147,1,125,-124
119900148,189,25,164
119900149,507,3540,-3033
119900150,103,82,21
119900151,957,464,493
119900152,89,149,-60
119900153,171,37,134
119900154,35,242,-207
119900155,35,28,7
119900156,26,3,23
119900157,129,107,22
119900158,198,48,150
119900159,0,645,-645
119900160,17,43,-26
119900161,141,112,29
119900162,694,663,31
119900163,69,125,-56
119900164,0,4,-4
119900165,166,64,102
119900166,77,47,30
119900167,70,43,27
119900168,814,311,503
119900169,64,232,-168
119900170,153,189,-36
119900171,698,170,528
119900172,86,9,77
119900173,6,204,-198
119900174,17,71,-54
119900175,1171,385,786
119900177,22,134,-112
119900178,68,128,-60
119900179,71,447,-376
119900180,887,590,297
119900181,50,122,-72
119900182,3,158,-155
119900183,105,372,-267
119900184,1006,307,699
119900185,42,174,-132
119900186,27,816,-789
119900187,3,172,-169
119900188,68,180,-112
119900189,281,346,-65
119900190,64,251,-187
119900191,223,197,26
119900192,32,97,-65
119900193,357,108,249
119900194,27,87,-60
119900195,20,86,-66
119900196,460,218,242
119900197,167,132,35
119900198,99,134,-35
119900199,128,21,107
119900200,515,442,73
119900201,173,115,58
119900202,43,176,-133
119900203,161,441,-280
119900204,204,143,61
119900205,717,258,459
119900206,227,83,144
119900208,142,122,20
119900209,438,1186,-748
119900210,30,24,6
119900211,67,8,59
119900212,228,177,51
119900213,3,72,-69
119900214,30,61,-31
119900215,43,49,-6
119900216,12,26,-14
119900217,11,39,-28
119900218,11,35,-24
119900219,7,56,-49
119900220,8,57,-49
119900221,11,127,-116
119900222,13,100,-87
119900223,5,41,-36
119900224,7,10,-3
119900225,514,36,478
119900226,285,1524,-1239
119900227,537,162,375
119900228,7,123,-116
119900229,302,274,28
119900230,713,285,428
119900231,273,104,169
119900232,175,117,58
119900233,40,5,35
119900234,34,21,13
119900235,10,31,-21
119900236,21,98,-77
119900237,24,172,-148
119900238,2,48,-46
119900240,93,84,9
119900241,144,155,-11
119900242,616,1065,-449
119900244,423,769,-346
119900245,95,120,-25
119900246,199,521,-322
119900247,24,110,-86
119900248,71,158,-87
119900249,165,102,63
119900253,1172,264,908
119900254,74,618,-544
119900255,67,518,-451
119900256,541,337,204
119900257,96,2,94
119900258,167,8,159
119900259,15,56,-41
119900260,101,6,95
119900261,236,84,152
119900262,0,80,-80
119900263,978,218,760
119900264,108,64,44
119900265,372,189,183
119900266,298,100,198
119900267,303,281,22
119900268,104,79,25
119900269,914,577,337
119900271,26,66,-40
119900272,346,171,175
119900275,162,44,118
119900276,54,7,47
119900277,11,15,-4
119900278,131,118,13
119900279,153,198,-45
119900280,404,104,300
119900281,2,195,-193
119900282,49,94,-45
119900283,18,123,-105
119900284,31,105,-74
119900285,16,48,-32
119900286,0,8,-8
119900288,3,14,-11
119900289,3,13,-10
119900290,11,4,7
119900291,2,64,-62
119900292,93,88,5
119900293,20,42,-22
119900294,32,45,-13
119900295,50,50,0
119900296,48,123,-75
119900297,1,25,-24
119900298,4,11,-7
119900299,47,76,-29
119900300,144,68,76
119900301,43,7,36
119900302,19,33,-14
119900303,179,55,124
119900304,111,6,105
119900305,6,56,-50
119900306,31,4,27
119900307,47,54,-7
119900308,2,27,-25
119900309,24,134,-110
119900310,168,167,1
119900311,107,54,53
119900312,97,53,44
119900313,210,145,65
119900314,152,286,-134
119900315,1804,996,808
119900318,9,32,-23
119900319,16,108,-92
119900320,156,188,-32
119900321,79,2,77
120000001,4227,13735,-9508
120000002,2164,1798,366
120000003,1949,1080,869
120000004,2008,1228,780
120000005,2469,1392,1077
120000006,950,863,87
120000007,2159,2520,-361
120000008,907,985,-78
120000009,1517,765,752
120000010,1472,1496,-24
120000011,824,1021,-197
120000012,1413,1508,-95
120000013,2803,2109,694
120000014,583,927,-344
120000015,2016,1151,865
120000016,3311,1824,1487
120000017,2391,2080,311
120000018,2692,9565,-6873
120000019,951,1221,-270
120000020,2410,2833,-423
120000021,1645,1845,-200
120000022,2139,3323,-1184
120000023,1049,1346,-297
120000024,977,1891,-914
120000025,2240,1416,824
120000026,2115,1493,622
120000027,1970,1843,127
120000028,679,2654,-1975
120000029,1065,1175,-110
120000030,103,655,-552
120000031,1463,3933,-2470
120000032,4604,2697,1907
120000033,4061,1315,2746
120000034,1904,1046,858
120000035,1835,1233,602
120000036,2620,3705,-1085
120000037,550,1319,-769
120000038,3241,2576,665
120000039,579,591,-12
120000040,53,341,-288
120000041,835,1055,-220
120000042,1341,1202,139
120000043,3578,965,2613
120000044,4693,1113,3580
120000045,5701,824,4877
120000046,3556,2239,1317
120000047,533,4818,-4285
120000048,4549,3100,1449
120000049,3136,2112,1024
120000050,3013,2736,277
120000051,2221,2926,-705
120000052,5277,1439,3838
120000053,1458,1392,66
120000054,1175,2242,-1067
120000055,1564,3022,-1458
120000056,3511,2641,870
120000057,2634,1413,1221
120000058,1626,2135,-509
120000059,27,1406,-1379
120000061,111,393,-282
120000062,142,303,-161
120000063,1098,1568,-470
120000064,207,593,-386
120000065,347,841,-494
120000066,163,397,-234
120000067,68,445,-377
120000068,173,473,-300
120000069,554,497,57
120000070,80,381,-301
120000071,592,52,540
120000072,862,386,476
120000073,815,64,751
120000074,121,83,38
120000075,895,219,676
120000076,1879,289,1590
120000077,1675,576,1099
120000078,2510,1178,1332
120000079,411,255,156
120000080,201,233,-32
120000081,367,129,238
120000082,362,260,102
120000083,125,757,-632
120000084,357,224,133
120000085,238,287,-49
120000086,276,325,-49
120000087,218,265,-47
120000088,627,688,-61
120000089,973,488,485
120000090,609,347,262
120000091,844,644,200
120000092,971,437,534
120000093,465,347,118
120000094,200,557,-357
120000095,766,280,486
120000096,250,435,-185
120000098,717,424,293
120000099,305,411,-106
120000100,668,536,132
120000101,437,280,157
120000102,521,825,-304
120000103,1419,725,694
120000104,1717,383,1334
120000105,2890,588,2302
120000106,2401,524,1877
120000107,3912,463,3449
120000108,1208,122,1086
120000109,1145,54,1091
120000110,57,602,-545
120000111,108,639,-531
120000112,639,1469,-830
120000113,507,1107,-600
120000114,861,1504,-643
120000115,190,1283,-1093
120000116,538,1268,-730
120000117,650,871,-221
120000118,63,38,25
120000119,12,59,-47
120000120,85,87,-2
120000121,13,41,-28
120000122,171,453,-282
120000123,2467,5948,-3481
120000124,388,241,147
120000125,579,449,130
120000126,380,830,-450
120000127,1534,914,620
120000128,1986,3044,-1058
120000129,193,239,-46
120000130,649,390,259
120000131,343,474,-131
120000134,324,516,-192
120000135,634,414,220
120000137,164,451,-287
120000138,1016,228,788
120000139,189,281,-92
120000140,827,279,548
120000141,359,235,124
120000142,644,413,231
120000143,0,66,-66
120000144,118,2,116
120000145,392,5,387
120000146,758,714,44
120000149,551,639,-88
120000150,1616,8371,-6755
120000151,370,350,20
120000152,496,127,369
120000153,157,322,-165
120000154,374,348,26
120000155,136,255,-119
120000156,473,1081,-608
120000157,879,398,481
120000158,682,593,89
120000159,1527,1432,95
120000160,2018,1404,614
120000161,2064,1496,568
120000162,88,289,-201
120000163,641,618,23
120000164,629,175,454
120000165,561,389,172
120000166,1210,294,916
120000167,168,112,56
120000168,19,289,-270
120000169,44,1316,-1272
120000170,42,1194,-1152
120000171,11,459,-448
120000172,16,457,-441
120000173,900,1470,-570
120000174,112,66,46
120000175,179,53,126
120000176,208,41,167
120000177,667,81,586
120000178,33,19,14
120000179,85,26,59
120000180,181,54,127
120000181,68,824,-756
120000182,34,516,-482
120000183,2,269,-267
120000184,140,768,-628
120000186,37,817,-780
120000187,17,364,-347
120000188,74,444,-370
120000190,233,65,168
120000191,349,48,301
120000192,352,18,334
120000193,78,2,76
120000195,20,3,17
120000196,85,16,69
120000197,19,41,-22
120000198,171,28,143
120000199,131,0,131
120000200,141,0,141
120000201,15,37,-22
120000202,3,32,-29
120000203,69,122,-53
120000207,0,41,-41
120000208,6,137,-131
120000209,3,55,-52
120000210,92,71,21
120000211,202,2,200
120000212,260,0,260
120000213,155,126,29
120000214,1,171,-170
120000215,1,99,-98
120000216,113,33,80
120000217,401,742,-341
120000218,85,440,-355
120000219,1,263,-262
120000220,3,731,-728
120000225,1630,4,1626
120000226,424,1,423
120000227,793,48,745
120000228,8545,2989,5556
120000230,391,17,374
120000231,1318,1331,-13
120000233,362,4,358
120000235,267,391,-124
120000236,937,3,934
120000237,0,640,-640
120000238,3,870,-867
120000241,1081,2829,-1748
120000412,380,5,375
120000413,276,135,141
120000414,126,0,126
120000415,1,38,-37
120000416,108,1,107
120000417,6,32,-26
120000418,199,8,191
120000419,6,97,-91
120000420,15,8,7
120000421,5583,3771,1812
120000422,65,1152,-1087
120000423,1,60,-59
120000424,113,119,-6
120000436,100,589,-489
120000437,122,90,32
120000438,1325,199,1126
120000439,192,521,-329
120000443,178,1,177
120000444,1302,265,1037
120000445,1477,776,701
120000446,512,145,367
120000447,192,1,191
120000449,169,1,168
120000450,6,88,-82
120000451,103,115,-12
120000452,201,1,200
120000453,1,129,-128
120000454,49,32,17
120000455,74,27,47
120000456,1709,2985,-1276
120000457,518,366,152
120000458,411,444,-33
120000459,65,42,23
120000665,634,200,434
120000668,133,958,-825
120000669,105,116,-11
120000670,111,1351,-1240
120000671,1304,486,818
120000672,73,376,-303
120900001,85,104,-19
120900002,220,509,-289
120900003,129,9,120
120900004,13,89,-76
120900005,41,470,-429
120900006,591,240,351
120900007,160,44,116
120900008,287,666,-379
120900009,569,17,552
120900010,425,120,305
120900011,93,152,-59
120900012,104,922,-818
120900013,284,95,189
120900014,14,209,-195
120900015,750,55,695
120900016,846,52,794
120900017,1303,54,1249
120900018,105,239,-134
120900019,506,398,108
120900020,608,1102,-494
120900021,798,217,581
120900022,75,204,-129
120900023,289,36,253
120900024,1404,367,1037
120900025,1061,865,196
120900026,180,144,36
120900027,811,6,805
120900028,449,106,343
120900029,70,463,-393
120900030,1385,618,767
120900031,281,99,182
120900032,1103,48,1055
120900033,840,57,783
120900034,24,2174,-2150
120900035,27,61,-34
120900037,232,9,223
120900038,68,314,-246
120900039,150,47,103
120900040,324,4,320
120900041,89,31,58
120900042,637,22,615
120900043,78,29,49
120900044,8,213,-205
120900045,117,50,67
120900046,509,7,502
120900047,135,131,4
120900048,174,25,149
120900049,512,4,508
120900050,959,1223,-264
120900051,364,71,293
120900052,755,5,750
120900053,391,36,355
120900054,1287,427,860
120900055,491,2,489
120900056,512,22,490
120900057,163,17,146
120900058,581,1,580
120900059,98,5,93
120900060,61,13,48
120900061,171,142,29
120900062,205,1,204
120900063,605,8,597
120900064,748,1,747
120900065,666,0,666
120900066,352,181,171
120900067,203,83,120
120900068,256,2,254
120900069,332,21,311
120900071,21,0,21
120900072,829,5,824
120900073,562,71,491
120900074,720,24,696
120900076,357,1,356
120900077,1501,180,1321
120900078,786,445,341
120900079,793,84,709
120900080,865,850,15
120900081,715,416,299
120900082,317,330,-13
120900083,104,5,99
120900084,368,480,-112
120900085,53,165,-112
120900086,57,317,-260
120900087,450,387,63
120900088,114,475,-361
120900089,1603,2569,-966
120900090,230,54,176
120900091,605,837,-232
120900092,830,295,535
120900093,915,104,811
120900094,291,109,182
120900095,213,7,206
120900096,49,191,-142
120900097,463,400,63
120900098,203,98,105
120900099,67,46,21
120900100,76,144,-68
120900101,388,147,241
120900102,32,58,-26
120900103,76,185,-109
120900104,15,38,-23
120900105,22,246,-224
120900106,872,306,566
120900107,149,97,52
120900108,14,264,-250
120900109,30,327,-297
120900110,13,393,-380
120900111,118,248,-130
120900112,15,403,-388
120900113,10,406,-396
120900114,32,174,-142
120900115,103,229,-126
120900116,380,205,175
120900117,3,217,-214
120900118,15,409,-394
120900119,4797,2602,2195
120900120,137,490,-353
120900121,33,243,-210
120900122,509,233,276
120900123,5,152,-147
120900124,2,351,-349
120900125,4,301,-297
120900126,1295,713,582
120900127,6,199,-193
120900128,1020,1034,-14
120900129,31,194,-163
120900130,0,324,-324
120900131,96,47,49
120900132,987,128,859
120900133,78,420,-342
120900134,649,279,370
120900135,5,328,-323
120900136,32,86,-54
120900137,186,49,137
120900138,12,169,-157
120900139,2,360,-358
120900140,0,43,-43
120900141,156,167,-11
120900142,10,177,-167
120900143,4,495,-491
120900144,0,77,-77
120900145,120,469,-349
120900146,5,568,-563
120900147,10,335,-325
120900148,100,95,5
120900149,1,117,-116
120900150,64,318,-254
120900151,0,398,-398
120900152,19,19,0
120900153,76,58,18
120900154,0,121,-121
120900155,222,572,-350
120900156,64,232,-168
120900157,72,186,-114
120900158,69,371,-302
120900159,186,213,-27
120900160,29,604,-575
120900161,30,224,-194
120900162,72,415,-343
120900163,178,611,-433
120900164,1,112,-111
120900165,13,726,-713
120900166,69,360,-291
120900167,220,94,126
120900169,80,185,-105
120900170,564,2757,-2193
120900171,613,138,475
120900172,322,975,-653
120900173,1,53,-52
120900174,6,103,-97
120900175,175,101,74
120900176,14,295,-281
120900177,1,942,-941
120900178,1,466,-465
120900179,650,270,380
120900180,48,116,-68
120900181,75,31,44
120900182,29,259,-230
120900183,374,26,348
120900184,216,46,170
120900185,33,198,-165
120900186,1,267,-266
120900187,407,729,-322
120900188,184,4,180
120900189,52,1399,-1347
120900190,103,3,100
120900191,12,19,-7
120900192,4987,7731,-2744
120900194,64,77,-13
120900195,109,159,-50
120900196,577,23,554
120900197,609,104,505
120900198,187,359,-172
120900199,302,431,-129
120900200,38,91,-53
120900201,305,82,223
120900202,0,89,-89
120900203,32,69,-37
120900204,88,160,-72
120900205,27,25,2
120900206,40,23,17
120900207,64,730,-666
121000001,447,869,-422
121000002,1630,1283,347
121000003,1961,1338,623
121000004,1925,2566,-641
121000005,1416,1919,-503
121000006,2256,1880,376
121000007,1495,2380,-885
121000008,3570,3301,269
121000009,3119,4410,-1291
121000010,5738,4849,889
121000011,4503,7968,-3465
121000012,9519,6940,2579
121000013,3863,4974,-1111
121000014,4312,4189,123
121000015,3148,5770,-2622
121000016,3123,2661,462
121000017,1548,2538,-990
121000018,2116,1245,871
121000019,8888,8139,749
121000020,9044,14394,-5350
121000021,1632,1546,86
121000022,1701,2320,-619
121000023,2052,1379,673
121000024,3328,3629,-301
121000025,391,1033,-642
121000026,267,113,154
121000027,1107,1019,88
121000028,698,355,343
121000029,622,417,205
121000030,545,284,261
121000031,501,455,46
121000032,167,84,83
121000034,263,175,88
121000035,132,164,-32
121000036,648,581,67
121000037,439,438,1
121000038,308,697,-389
121000039,136,268,-132
121000041,335,269,66
121000042,210,257,-47
121000043,459,438,21
121000044,948,761,187
121000045,270,164,106
121000046,519,615,-96
121000047,30,58,-28
121000049,921,450,471
121000050,212,1007,-795
121000051,482,193,289
121000052,310,558,-248
121000053,241,111,130
121000054,32,278,-246
121000055,715,1047,-332
121000056,658,840,-182
121000057,356,383,-27
121000058,234,186,48
121000059,1643,911,732
121000060,509,1005,-496
121000061,107,225,-118
121000062,133,349,-216
121000063,656,698,-42
121000064,544,744,-200
121000065,217,341,-124
121000066,498,452,46
121000067,370,380,-10
121000068,501,341,160
121000069,171,595,-424
121000070,1100,821,279
121000071,1083,987,96
121000072,622,381,241
121000073,780,746,34
121000074,78,99,-21
121000075,17,133,-116
121000076,329,201,128
121000077,105,131,-26
121000078,68,132,-64
121000080,1197,440,757
121000081,2040,2511,-471
121000082,79,235,-156
121000083,85,110,-25
121000084,132,147,-15
121000085,194,342,-148
121000086,338,482,-144
121000087,57,202,-145
121000088,343,340,3
121000089,199,255,-56
121000090,219,280,-61
121000091,805,724,81
121000092,140,53,87
121000093,158,158,0
121000094,338,580,-242
121000095,344,444,-100
121000096,1942,1609,333
121000097,404,1661,-1257
121000098,502,507,-5
121000099,625,461,164
121000100,793,217,576
121000101,292,197,95
121000102,261,115,146
121000103,167,124,43
121000104,247,74,173
121000105,410,90,320
121000106,321,148,173
121000107,1396,2113,-717
121000109,779,781,-2
121000110,202,595,-393
121000114,2301,1752,549
121000115,1025,495,530
121000116,251,657,-406
121000117,356,157,199
121000118,1337,155,1182
121000119,231,292,-61
121000120,176,235,-59
121000121,388,852,-464
121000123,910,490,420
121000127,90,56,34
121000128,827,219,608
121000129,781,397,384
121000130,548,429,119
121000131,1179,1270,-91
121000132,885,1381,-496
121000135,214,289,-75
121000136,1016,801,215
121000137,320,293,27
121000138,762,941,-179
121000139,433,311,122
121000141,145,72,73
121000142,433,614,-181
121000143,114,22,92
121000144,479,1501,-1022
121000145,389,503,-114
121000146,1026,823,203
121000147,865,303,562
121000148,715,642,73
121000149,1468,1054,414
121000152,378,248,130
121000153,1210,377,833
121000154,878,439,439
121000155,1087,789,298
121000156,276,723,-447
121000157,619,944,-325
121000158,271,289,-18
121000159,217,263,-46
121000160,243,194,49
121000161,238,184,54
121000162,99,99,0
121000165,811,1656,-845
121000166,5,341,-336
121000168,357,161,196
121000169,83,88,-5
121000170,305,75,230
121000171,29,124,-95
121000172,527,317,210
121000173,795,876,-81
121000174,340,371,-31
121000175,958,241,717
121000176,304,206,98
121000177,661,315,346
121000178,94,30,64
121000179,44,27,17
121000181,375,284,91
121000182,90,226,-136
121000183,61,83,-22
121000184,51,102,-51
121000185,50,169,-119
121000186,182,374,-192
121000187,143,100,43
121000188,110,78,32
121000192,709,254,455
121000193,426,409,17
121000194,1425,1472,-47
121000195,176,705,-529
121000196,455,237,218
121000197,115,445,-330
121000198,151,126,25
121000199,76,180,-104
121000200,458,78,380
121000201,6,117,-111
121000202,760,86,674
121000203,731,1219,-488
121000204,2506,647,1859
121000205,76,181,-105
121000206,108,44,64
121000207,1619,673,946
121000208,2,232,-230
121000209,382,113,269
121000210,634,196,438
121000211,319,75,244
121000212,416,261,155
121000213,7425,1977,5448
121000214,515,1549,-1034
121000215,753,733,20
121000216,404,485,-81
121000217,2823,2682,141
121000218,330,1254,-924
121000219,1160,501,659
121000220,102,47,55
121000221,99,274,-175
121000222,1913,2065,-152
121000223,240,429,-189
121000224,209,313,-104
121000225,889,1747,-858
121000226,2641,1125,1516
121000227,8,160,-152
121000228,19,337,-318
121000229,279,256,23
121000230,50,1078,-1028
121000231,1022,24,998
121000232,301,204,97
121000233,468,223,245
121000234,45,59,-14
121000235,81,80,1
121000236,16,86,-70
121000237,38,27,11
121000238,15,90,-75
121000239,71,11,60
121000240,5,139,-134
121000241,72,22,50
121000242,79,784,-705
121000243,313,74,239
121000244,8,130,-122
121000245,66,16,50
121000246,2,104,-102
121000247,107,8,99
121000248,435,1049,-614
121000249,72,216,-144
121000250,425,256,169
121000251,14,220,-206
121000252,83,74,9
121000253,282,208,74
121000254,692,161,531
121000255,99,123,-24
121000256,240,150,90
121000257,20,77,-57
121000258,97,61,36
121000259,43,53,-10
121000260,47,69,-22
121000261,55,65,-10
121000262,651,363,288
121000263,294,273,21
121000271,255,917,-662
121000273,19,5,14
121000274,3,57,-54
121000275,2,8,-6
121000276,7,20,-13
121000278,40,29,11
121000279,19,11,8
121000280,29,35,-6
121000289,181,20,161
121000290,736,726,10
121000294,154,51,103
121000297,461,903,-442
121000299,108,357,-249
121000300,533,402,131
121000302,30,679,-649
121000303,388,217,171
121000304,336,58,278
121000305,138,33,105
121000306,130,121,9
121000308,133,210,-77
121000309,299,292,7
121000310,72,188,-116
121000311,50,411,-361
121000312,212,168,44
121000313,184,288,-104
121000314,74,95,-21
121000315,34,101,-67
121000530,1282,885,397
121000531,1247,984,263
121000532,4788,5728,-940
121000533,2567,2822,-255
121000918,55,87,-32
121000919,57,87,-30
121000938,66,229,-163
121000939,86,284,-198
121000956,1340,770,570
121000957,3,4,-1
121000958,26,32,-6
121000959,737,392,345
121000960,1037,1240,-203
121000961,288,50,238
121000962,627,488,139
121000973,1,184,-183
121000976,20,142,-122
121000979,354,117,237
121000981,319,107,212
121000982,382,107,275
121000983,414,181,233
121000984,23,44,-21
121000985,617,217,400
121000986,358,97,261
121000987,186,413,-227
121000988,784,78,706
121001302,178,81,97
121001308,0,11,-11
121001309,14,275,-261
121001311,0,0,0
121001313,187,75,112
121001314,1081,1494,-413
121001315,4140,2459,1681
121001326,224,297,-73
121900001,75,127,-52
121900002,34,26,8
121900003,319,3,316
121900004,44,156,-112
121900005,26,15,11
121900006,89,38,51
121900007,1416,1349,67
121900008,149,253,-104
121900009,402,20,382
121900010,155,2,153
121900011,121,115,6
121900012,3,0,3
121900013,718,94,624
121900014,991,277,714
121900015,142,148,-6
121900016,2,25,-23
121900017,380,276,104
121900018,335,9,326
121900019,448,132,316
121900020,18,3,15
121900021,815,22,793
121900022,197,210,-13
121900023,106,212,-106
121900024,222,67,155
121900025,474,308,166
121900026,206,18,188
121900027,253,66,187
121900028,174,17,157
121900029,70,234,-164
121900030,371,451,-80
121900031,660,4826,-4166
121900032,63,41,22
121900033,176,231,-55
121900034,219,53,166
121900035,1599,1539,60
121900036,72,285,-213
121900037,91,721,-630
121900038,50,99,-49
121900039,214,41,173
121900040,55,62,-7
121900041,77,146,-69
121900042,242,114,128
121900043,1,1,0
121900044,62,33,29
121900046,173,158,15
121900047,111,45,66
121900048,42,74,-32
121900050,33,25,8
121900051,116,109,7
121900052,99,26,73
121900053,299,215,84
121900054,231,567,-336
121900055,3,4,-1
121900058,231,108,123
121900059,250,166,84
121900060,80,273,-193
121900061,104,94,10
121900062,97,78,19
121900063,1161,261,900
121900064,222,317,-95
121900066,46,16,30
121900067,40,19,21
121900069,130,71,59
121900070,99,87,12
121900071,348,149,199
121900072,53,52,1
121900073,137,249,-112
121900074,364,737,-373
121900075,334,538,-204
121900076,417,296,121
121900077,9,8,1
121900078,47,24,23
121900079,0,0,0
121900080,550,235,315
121900082,54,54,0
121900084,24,58,-34
121900085,1,5,-4
121900086,17,56,-39
121900087,80,90,-10
121900088,1076,1773,-697
121900089,187,178,9
121900090,23,54,-31
121900091,54,43,11
121900092,49,81,-32
121900093,62,43,19
121900094,34,18,16
121900095,243,122,121
121900096,790,516,274
121900097,561,124,437
121900098,7,4,3
121900099,177,32,145
121900100,96,388,-292
121900101,92,80,12
121900102,1,62,-61
121900103,273,137,136
121900104,1267,229,1038
121900105,291,139,152
121900106,4,13,-9
121900107,52,15,37
121900108,1,6,-5
121900109,163,111,52
121900110,495,320,175
121900111,544,118,426
121900112,166,101,65
121900113,42,347,-305
121900114,34,26,8
121900117,106,52,54
121900118,1038,494,544
121900119,146,30,116
121900120,54,751,-697
121900121,310,24,286
121900122,25,49,-24
121900123,132,310,-178
121900124,80,108,-28
121900125,988,665,323
121900127,4,50,-46
121900128,60,45,15
121900129,271,129,142
121900130,73,145,-72
121900131,177,54,123
121900132,39,44,-5
121900133,76,1038,-962
121900134,33,123,-90
121900135,2117,260,1857
121900136,246,161,85
121900137,26,210,-184
121900138,50,81,-31
121900139,252,717,-465
121900140,66,99,-33
121900141,64,22,42
121900142,111,57,54
121900143,3,89,-86
121900144,69,186,-117
121900145,127,186,-59
121900146,357,409,-52
121900147,57,140,-83
121900148,146,184,-38
121900149,209,281,-72
121900150,33,155,-122
121900151,58,179,-121
121900152,70,59,11
121900153,51,574,-523
121900154,7,246,-239
121900155,2,86,-84
121900156,103,97,6
121900157,4,208,-204
121900158,82,58,24
121900159,2,167,-165
121900160,50,210,-160
121900161,203,321,-118
121900162,78,124,-46
121900163,289,258,31
121900164,271,113,158
121900165,181,66,115
121900166,96,105,-9
121900167,67,104,-37
121900168,104,174,-70
121900169,2,83,-81
121900170,3,112,-109
121900171,551,359,192
121900172,417,115,302
121900173,430,196,234
121900174,39,41,-2
121900175,106,132,-26
121900176,335,878,-543
121900177,122,57,65
121900178,42,32,10
121900179,277,155,122
121900180,1536,3780,-2244
121900182,551,321,230
121900183,543,802,-259
121900184,103,348,-245
121900186,12,293,-281
121900187,20,133,-113
121900188,256,211,45
121900189,26,62,-36
121900190,175,307,-132
121900191,96,217,-121
121900192,230,837,-607
121900193,51,97,-46
121900194,6,211,-205
121900195,30,52,-22
121900196,475,693,-218
121900197,262,791,-529
121900198,1029,755,274
121900199,4,34,-30
121900200,86,172,-86
121900201,437,579,-142
121900202,74,480,-406
121900203,65,748,-683
121900204,482,851,-369
121900205,23,87,-64
121900206,18,18,0
121900207,72,38,34
121900208,90,228,-138
121900209,45,31,14
121900210,1042,757,285
121900211,288,315,-27
121900212,68,84,-16
121900213,170,54,116
121900214,7,382,-375
121900215,46,61,-15
121900216,50,115,-65
121900217,138,132,6
121900218,129,256,-127
121900220,87,11,76
121900221,237,365,-128
121900222,138,63,75
121900223,99,23,76
121900224,63,30,33
121900225,91,130,-39
121900226,172,57,115
121900227,227,330,-103
121900228,114,170,-56
121900230,39,200,-161
121900231,92,803,-711
121900232,114,215,-101
121900233,131,145,-14
121900234,264,91,173
121900235,434,85,349
121900236,185,110,75
121900237,156,199,-43
121900238,117,217,-100
121900239,178,22,156
121900240,254,130,124
121900241,53,21,32
121900242,10,8,2
121900243,4,0,4
121900244,3,1,2
121900245,159,55,104
121900246,2011,115,1896
121900248,698,769,-71
121900250,149,289,-140
121900251,370,36,334
121900252,276,92,184
121900253,106,678,-572
121900254,323,201,122
121900255,331,56,275
121900258,2446,1344,1102
121900259,252,439,-187
121900260,104,81,23
121900261,156,465,-309
121900262,294,699,-405
121900263,221,142,79
121900264,864,792,72
121900265,276,167,109
121900266,395,76,319
121900267,62,35,27
121900269,172,574,-402
121900270,26,154,-128
121900271,28,84,-56
121900273,290,1339,-1049
121900274,295,181,114
121900277,265,594,-329
121900278,93,629,-536
121900279,118,125,-7
121900280,61,304,-243
121900281,135,318,-183
121900284,57,5,52
121900286,152,67,85
121900287,12,42,-30
121900288,2,0,2
121900290,159,342,-183
121900291,222,604,-382
121900292,117,101,16
121900293,721,2100,-1379
121900294,184,2,182
121900295,122,133,-11
121900296,49,114,-65
121900298,176,662,-486
121900299,0,3,-3
121900300,94,23,71
121900301,110,11,99
121900302,1,47,-46
121900303,311,177,134
121900304,4,20,-16
121900305,2,7,-5
121900306,238,2,236
121900307,79,7,72
121900308,21,121,-100
121900309,12,113,-101
121900310,9,200,-191
121900311,391,17,374
121900312,269,9,260
121900313,347,10,337
121900314,1,33,-32
121900315,7,0,7
121900316,1,17,-16
121900317,17,4,13
121900318,5,12,-7
121900319,36,106,-70
121900320,36,45,-9
121900321,11,0,11
121900322,1,11,-10
121900323,9,14,-5
121900324,3,33,-30
121900325,15,2,13
121900326,2,19,-17
121900327,5,28,-23
121900328,0,16,-16
121900329,0,52,-52
121900330,0,77,-77
121900331,12,7,5
121900332,100,18,82
121900333,25,2,23
121900334,57,54,3
122000001,1001,3877,-2876
122000002,1815,888,927
122000003,982,2140,-1158
122000004,1657,903,754
122000005,2105,1696,409
122000006,954,911,43
122000007,682,1296,-614
122000008,1303,2827,-1524
122000009,291,308,-17
122000010,1722,2180,-458
122000011,2568,1408,1160
122000012,656,1769,-1113
122000013,600,871,-271
122000014,1590,857,733
122000015,862,760,102
122000016,421,680,-259
122000017,867,854,13
122000018,1177,1103,74
122000019,717,761,-44
122000020,143,236,-93
122000021,169,308,-139
122000022,874,765,109
122000023,602,1069,-467
122000024,409,1278,-869
122000025,655,1782,-1127
122000026,480,1152,-672
122000027,492,1003,-511
122000028,820,432,388
122000029,355,428,-73
122000030,148,137,11
122000031,141,250,-109
122000032,1687,1377,310
122000033,363,1282,-919
122000034,407,542,-135
122000035,161,612,-451
122000036,356,321,35
122000037,300,187,113
122000038,194,315,-121
122000039,458,331,127
122000040,173,224,-51
122000041,403,486,-83
122000042,243,363,-120
122000043,83,96,-13
122000044,123,118,5
122000045,1003,407,596
122000046,600,511,89
122000047,145,185,-40
122000048,2293,3244,-951
122000049,3934,2582,1352
122000050,863,690,173
122000051,148,367,-219
122000052,335,456,-121
122000053,171,869,-698
122000054,1567,1461,106
122000055,1421,2825,-1404
122000056,2496,2442,54
122000057,1848,3023,-1175
122000058,986,1384,-398
122000059,1211,2078,-867
122000060,388,646,-258
122000061,227,502,-275
122000062,495,192,303
122000063,624,699,-75
122000064,2333,2780,-447
122000065,2021,1584,437
122000066,701,814,-113
122000067,1050,854,196
122000068,890,707,183
122000069,471,468,3
122000070,621,857,-236
122000071,1367,823,544
122000072,382,431,-49
122000073,204,794,-590
122000074,2297,1153,1144
122000075,615,866,-251
122000076,3177,1046,2131
122000077,592,1098,-506
122000078,952,2733,-1781
122000079,444,1320,-876
122000080,429,367,62
122000081,132,167,-35
122000082,299,957,-658
122000083,1397,810,587
122000084,1308,685,623
122000085,222,540,-318
122000086,1470,3590,-2120
122000087,242,198,44
122000088,210,296,-86
122000089,3185,1473,1712
122000090,99,428,-329
122000091,110,109,1
122000092,64,22,42
122000093,1208,1855,-647
122000094,3248,2034,1214
122000095,804,2475,-1671
122000096,566,1209,-643
122000098,1746,2469,-723
122000099,944,694,250
122000100,562,409,153
122000101,262,333,-71
122000102,1334,832,502
122000103,1437,1180,257
122000104,449,112,337
122000105,275,188,87
122000106,321,615,-294
122000107,763,408,355
122000108,357,578,-221
122000109,388,209,179
122000110,367,419,-52
122000111,2162,1155,1007
122000112,974,942,32
122000113,513,508,5
122000114,1805,1451,354
122000115,1435,1038,397
122000116,292,337,-45
122000117,816,262,554
122000118,467,482,-15
122000119,1585,1235,350
122000120,745,1951,-1206
122000121,681,1637,-956
122000122,426,860,-434
122000123,956,1037,-81
122000124,594,389,205
122000125,339,508,-169
122000126,296,578,-282
122000127,539,653,-114
122000128,228,351,-123
122000129,408,1216,-808
122000130,1854,1015,839
122000131,685,561,124
122000132,189,288,-99
122000133,656,643,13
122000134,734,628,106
122000135,542,344,198
122000136,604,494,110
122000137,1417,613,804
122000139,742,2344,-1602
122000140,441,458,-17
122000141,1957,798,1159
122000142,143,672,-529
122000143,249,262,-13
122000144,828,575,253
122000145,555,451,104
122000146,327,784,-457
122000147,358,340,18
122000148,786,1420,-634
122000149,1298,1013,285
122000150,901,643,258
122000151,115,291,-176
122000152,195,235,-40
122000153,218,255,-37
122000154,202,149,53
122000155,982,1775,-793
122000156,1809,2192,-383
122000157,785,1981,-1196
122000158,256,362,-106
122000159,358,784,-426
122000160,1494,1205,289
122000161,772,737,35
122000162,935,1245,-310
122000163,214,77,137
122000164,28,80,-52
122000165,572,612,-40
122000166,568,833,-265
122000167,254,223,31
122000168,136,527,-391
122000169,284,157,127
122000170,308,211,97
122000171,29,84,-55
122000172,1215,994,221
122000173,1008,1836,-828
122000174,1613,778,835
122000175,637,244,393
122000176,253,678,-425
122000177,1010,1241,-231
122000178,2040,1748,292
122000179,1112,1788,-676
122000180,995,1153,-158
122000181,1146,2253,-1107
122000182,1036,1153,-117
122000183,1528,657,871
122000184,2047,2031,16
122000185,983,1567,-584
122000186,343,747,-404
122000187,1390,668,722
122000188,234,166,68
122000189,156,266,-110
122000190,637,985,-348
122000191,633,585,48
122000192,848,278,570
122000193,363,556,-193
122000194,401,152,249
122000195,121,396,-275
122000196,740,435,305
122000197,350,446,-96
122000198,354,825,-471
122000199,258,281,-23
122000200,688,504,184
122000201,1008,1273,-265
122000202,806,1314,-508
122000203,1607,935,672
122000204,756,1149,-393
122000205,677,754,-77
122000206,1825,563,1262
122000207,1573,809,764
122000208,1680,968,712
122000209,1306,366,940
122000210,1408,1020,388
122000211,946,818,128
122000212,693,437,256
122000213,813,1111,-298
122000214,1531,1408,123
122000215,1564,1333,231
122000217,1228,1150,78
122000218,559,84,475
122000219,705,650,55
122000220,261,473,-212
122000221,46,312,-266
122000222,454,123,331
122000223,913,348,565
122000225,637,212,425
122000226,1076,1018,58
122000227,153,1476,-1323
122000228,193,203,-10
122000229,15,303,-288
122000230,43,259,-216
122000231,182,501,-319
122000232,449,496,-47
122000233,0,58,-58
122000234,359,47,312
122000235,370,64,306
122000236,978,48,930
122000237,81,55,26
122000238,232,264,-32
122000239,476,89,387
122000240,1060,423,637
122000241,1445,294,1151
122000242,468,86,382
122000243,247,41,206
122000244,66,225,-159
122000245,111,124,-13
122000246,425,116,309
122000247,347,261,86
122000248,611,772,-161
122000249,936,647,289
122000250,1462,787,675
122000251,141,386,-245
122000252,340,106,234
122000253,27,155,-128
122000254,210,56,154
122000255,552,662,-110
122000256,268,421,-153
122000257,151,152,-1
122000258,229,171,58
122000259,23,254,-231
122000260,5,28,-23
122000261,6,185,-179
122000262,1,33,-32
122000263,259,246,13
122000264,959,271,688
122000265,1823,676,1147
122000266,2886,498,2388
122000267,106,79,27
122000268,144,192,-48
122000269,690,196,494
122000270,420,136,284
122000271,193,672,-479
122000272,260,587,-327
122000273,291,285,6
122000274,176,152,24
122000275,38,108,-70
122000276,539,279,260
122000277,775,994,-219
122000278,1317,376,941
122000279,177,199,-22
122000280,652,355,297
122000281,632,528,104
122000282,181,238,-57
122000283,278,83,195
122000284,212,63,149
122000285,232,53,179
122000286,54,96,-42
122000287,906,939,-33
122000288,384,184,200
122000291,1813,547,1266
122000293,162,116,46
122000294,133,213,-80
122000295,818,131,687
122000296,19,404,-385
122000297,1377,2879,-1502
122000299,344,346,-2
122000300,426,528,-102
122000301,4717,2393,2324
122000302,411,1291,-880
122000303,1988,897,1091
122000304,99,194,-95
122000305,1059,136,923
122000306,41,291,-250
122000307,68,98,-30
122000309,40,42,-2
122000310,21,73,-52
122000311,120,73,47
122000312,85,184,-99
122000313,63,56,7
122000314,128,160,-32
122000315,206,61,145
122000316,764,183,581
122000317,1418,255,1163
122000318,209,641,-432
122000319,149,219,-70
122000320,257,607,-350
122000321,85,118,-33
122000322,1169,1563,-394
122000323,778,1747,-969
122000324,897,1033,-136
122000325,679,1884,-1205
122000326,106,52,54
122000327,236,495,-259
122000328,384,262,122
122000330,1086,660,426
122000332,155,196,-41
122000333,10,58,-48
122000337,833,579,254
122000338,339,215,124
122000340,214,519,-305
122000342,821,527,294
122000343,305,442,-137
122000344,103,10,93
122000345,19,21,-2
122000346,232,208,24
122000348,454,471,-17
122000349,60,328,-268
122000351,149,178,-29
122000352,264,139,125
122000353,90,55,35
122000355,138,190,-52
122000356,679,875,-196
122000357,63,21,42
122000358,1,34,-33
122000359,0,12,-12
122000360,0,20,-20
122000362,8,40,-32
122000364,157,214,-57
122000365,0,38,-38
122000366,13,10,3
122000368,306,434,-128
122000370,14,22,-8
122000371,27,1,26
122000372,5,3,2
122000381,109,229,-120
122000382,95,148,-53
122000384,1165,842,323
122000385,59,3,56
122000386,197,1024,-827
122000387,265,424,-159
122000388,854,498,356
122000389,142,633,-491
122000390,277,192,85
122000391,230,293,-63
122000392,71,109,-38
122000393,39,95,-56
122000394,422,114,308
122000395,79,79,0
122000396,230,70,160
122000397,25,31,-6
122000398,36,28,8
122000399,145,63,82
122000400,59,512,-453
122000401,117,24,93
122000402,269,98,171
122000403,390,406,-16
122000404,136,106,30
122000408,508,726,-218
122000503,9,80,-71
122000524,67,103,-36
122000544,52,1363,-1311
122000616,172,4,168
122000640,69,72,-3
122000641,142,175,-33
122000642,1036,547,489
122000643,42,123,-81
122000644,76,24,52
122000645,69,167,-98
122000651,680,1054,-374
122000664,113,11,102
122000665,786,350,436
122000666,501,833,-332
122000673,25,107,-82
122000674,176,51,125
122000675,1703,471,1232
122000686,294,599,-305
122000687,1150,180,970
122000688,173,239,-66
122000689,712,236,476
122000690,2130,222,1908
122000691,693,788,-95
122000692,953,157,796
122000693,287,759,-472
122000695,326,230,96
122000696,395,116,279
122000698,349,278,71
122000699,167,28,139
122000701,1258,255,1003
122000702,397,518,-121
122000703,200,36,164
122000712,0,0,0
122000717,46,42,4
122000718,407,887,-480
122000719,211,78,133
122000720,538,110,428
122000724,169,167,2
122900001,32,9,23
122900002,695,4480,-3785
122900003,268,18,250
122900004,683,46,637
122900005,75,46,29
122900006,364,296,68
122900007,55,53,2
122900008,237,67,170
122900009,400,297,103
122900010,102,90,12
122900012,127,285,-158
122900014,110,132,-22
122900015,649,721,-72
122900016,123,163,-40
122900017,214,414,-200
122900018,105,13,92
122900019,8,124,-116
122900020,151,197,-46
122900021,41,287,-246
122900022,909,578,331
122900023,441,118,323
122900024,81,111,-30
122900025,6,163,-157
122900026,20,141,-121
122900027,59,369,-310
122900028,106,124,-18
122900029,2936,2076,860
122900030,811,402,409
122900031,28,273,-245
122900032,70,290,-220
122900033,183,113,70
122900034,2569,3538,-969
122900035,26,16,10
122900036,72,50,22
122900037,263,68,195
122900038,56,2077,-2021
122900039,77,415,-338
122900040,194,331,-137
122900041,310,220,90
122900042,116,179,-63
122900043,259,184,75
122900044,61,274,-213
122900045,91,71,20
122900046,110,196,-86
122900047,105,145,-40
122900048,35,151,-116
122900049,940,108,832
122900051,52,118,-66
122900052,94,112,-18
122900053,6,15,-9
122900055,210,29,181
122900057,177,45,132
122900061,308,130,178
122900062,418,475,-57
122900063,104,132,-28
122900064,636,248,388
122900065,447,170,277
122900066,487,291,196
122900067,629,317,312
122900069,190,953,-763
122900070,278,38,240
122900071,65,240,-175
122900072,10,248,-238
122900073,20,111,-91
122900074,623,373,250
122900075,0,52,-52
122900076,6,130,-124
122900077,0,71,-71
122900078,127,42,85
122900080,16,41,-25
122900081,120,100,20
122900082,780,111,669
122900083,105,66,39
122900084,4,92,-88
122900086,9,84,-75
122900087,239,300,-61
122900088,37,199,-162
122900089,7,110,-103
122900090,1,213,-212
122900091,179,1,178
122900092,0,62,-62
122900093,0,103,-103
122900094,3,101,-98
122900095,135,8,127
122900096,288,40,248
122900097,32,22,10
122900098,33,86,-53
122900099,155,8,147
122900100,97,235,-138
122900101,273,190,83
122900102,18,18,0
122900103,136,5,131
122900104,165,3,162
122900105,16,11,5
122900106,2,25,-23
122900107,4,53,-49
122900108,2,51,-49
123000001,857,430,427
123000002,2098,4529,-2431
123000003,3083,3523,-440
123000004,2165,2987,-822
123000005,2143,2362,-219
123000006,1750,1553,197
123000007,3076,2144,932
123000008,1869,2083,-214
123000009,3608,2292,1316
123000010,2476,2833,-357
123000011,1464,843,621
123000012,588,1619,-1031
123000013,2853,758,2095
123000014,568,2494,-1926
123000015,1666,893,773
123000016,1947,2937,-990
123000017,2660,1352,1308
123000018,43,75,-32
123000019,350,51,299
123000020,182,30,152
123000021,88,133,-45
123000022,213,1304,-1091
123000023,1327,1593,-266
123000024,1600,586,1014
123000025,391,107,284
123000026,20,70,-50
123000027,133,524,-391
123000028,1061,670,391
123000029,610,946,-336
123000030,231,129,102
123000031,177,93,84
123000032,345,81,264
123000033,263,63,200
123000034,813,565,248
123000035,348,300,48
123000036,221,778,-557
123000037,144,155,-11
123000038,47,213,-166
123000039,317,1257,-940
123000040,459,193,266
123000041,744,977,-233
123000042,547,540,7
123000043,1705,8280,-6575
123000044,2459,1700,759
123000045,3222,1948,1274
123000046,418,1085,-667
123000047,993,800,193
123000048,64,654,-590
123000049,3804,7002,-3198
123000050,1213,1134,79
123000051,67,118,-51
123000052,617,2510,-1893
123000053,1867,2097,-230
123000054,1138,1048,90
123000055,1108,2118,-1010
123000056,916,1023,-107
123000057,4351,4578,-227
123000058,470,935,-465
123000059,230,365,-135
123000060,665,245,420
123000061,206,449,-243
123000063,573,671,-98
123000064,760,161,599
123000065,2255,1569,686
123000066,376,342,34
123000067,634,317,317
123000068,1592,1676,-84
123000069,3704,1606,2098
123000070,152,433,-281
123000071,962,581,381
123000072,814,410,404
123000073,1309,499,810
123000074,833,556,277
123000075,265,907,-642
123000076,516,322,194
123000077,1570,1327,243
123000078,1598,1176,422
123000079,1416,1231,185
123000080,1740,904,836
123000081,106,222,-116
123000082,210,509,-299
123000083,771,225,546
123000084,550,395,155
123000085,322,35,287
123000086,542,43,499
123000087,283,123,160
123000088,840,352,488
123000089,540,734,-194
123000090,1054,598,456
123000091,1121,1008,113
123000092,706,811,-105
123000094,352,153,199
123000095,449,402,47
123000096,721,243,478
123000097,437,338,99
123000098,676,281,395
123000099,550,359,191
123000100,381,600,-219
123000101,372,444,-72
123000102,411,574,-163
123000104,344,375,-31
123000105,366,368,-2
123000106,333,418,-85
123000107,285,353,-68
123000108,371,749,-378
123000111,799,266,533
123000112,1037,353,684
123000113,407,532,-125
123000114,232,474,-242
123000115,206,180,26
123000116,34,76,-42
123000117,1234,894,340
123000118,328,434,-106
123000119,152,431,-279
123000120,211,388,-177
123000121,368,359,9
123000122,219,233,-14
123000123,371,420,-49
123000124,298,307,-9
123000125,882,1029,-147
123000126,870,2997,-2127
123000127,482,457,25
123000128,195,177,18
123000129,624,126,498
123000130,536,76,460
123000131,820,636,184
123000132,207,331,-124
123000133,112,168,-56
123000134,157,86,71
123000135,1963,665,1298
123000136,150,375,-225
123000137,67,132,-65
123000138,57,229,-172
123000139,439,56,383
123000140,58,362,-304
123000141,555,93,462
123000142,656,637,19
123000143,976,1244,-268
123000144,10,19,-9
123000145,142,90,52
123000146,16,64,-48
123000147,55,65,-10
123000149,254,260,-6
123000150,110,145,-35
123000151,151,411,-260
123000152,22,260,-238
123000153,133,607,-474
123000154,905,1495,-590
123000155,1260,917,343
123000156,27,77,-50
123000157,425,608,-183
123000158,384,510,-126
123000159,2194,2147,47
123000160,774,610,164
123000161,1209,854,355
123000162,881,1222,-341
123000163,472,82,390
123000164,1271,235,1036
123000165,319,754,-435
123000166,45,80,-35
123000167,124,138,-14
123000168,219,118,101
123000169,758,97,661
123000170,91,47,44
123000171,720,15,705
123000172,121,266,-145
123000173,375,241,134
123000174,751,318,433
123000175,360,645,-285
123000176,754,182,572
123000177,202,428,-226
123000178,709,134,575
123000179,34,272,-238
123000180,1376,226,1150
123000181,237,700,-463
123000182,182,126,56
123000183,184,482,-298
123000184,68,229,-161
123000185,600,201,399
123000186,1,239,-238
123000187,531,2,529
123000188,148,1,147
123000189,184,109,75
123000190,58,92,-34
123000192,19,293,-274
123000193,86,533,-447
123000194,294,224,70
123000195,301,52,249
123000196,324,39,285
123000197,62,67,-5
123000198,30,1159,-1129
123000199,8,620,-612
123000200,522,5,517
123000201,1122,22,1100
123000202,14,473,-459
123000203,818,59,759
123000204,57,537,-480
123000205,380,846,-466
123000206,1935,218,1717
123000207,67,514,-447
123000208,466,185,281
123000209,1897,693,1204
123000210,389,1163,-774
123000211,416,1163,-747
123000212,2605,357,2248
123000213,528,69,459
123000215,55,156,-101
123000216,128,559,-431
123000217,150,15,135
123000218,60,442,-382
123000219,378,41,337
123000220,398,65,333
123000221,115,45,70
123000222,284,160,124
123000223,359,107,252
123000224,388,227,161
123000225,176,24,152
123000226,79,156,-77
123000227,67,166,-99
123000228,245,59,186
123000229,680,905,-225
123000232,68,401,-333
123000233,545,89,456
123000234,103,328,-225
123000235,994,210,784
123000236,196,342,-146
123000237,268,77,191
123000238,57,253,-196
123000239,323,539,-216
123000240,30,439,-409
123000241,253,55,198
123000242,109,100,9
123000243,630,678,-48
123000244,757,577,180
123000245,32,128,-96
123000249,178,355,-177
123000252,726,212,514
123000253,1119,393,726
123000254,517,447,70
123000255,916,611,305
123000256,16,101,-85
123000257,1588,1070,518
123000258,683,431,252
123000259,398,318,80
123000260,384,231,153
123000261,232,89,143
123000262,96,111,-15
123000263,406,64,342
123000264,116,51,65
123000265,32,114,-82
123000266,390,383,7
123000267,421,270,151
123000268,65,47,18
123000269,46,73,-27
123000270,41,38,3
123000271,52,48,4
123000272,651,256,395
123000273,228,585,-357
123000274,897,466,431
123000275,187,518,-331
123000278,1524,1693,-169
123000279,115,53,62
123000280,228,226,2
123000281,201,81,120
123000282,84,190,-106
123000283,137,52,85
123000284,62,59,3
123000286,141,281,-140
123000287,410,207,203
123000288,1078,853,225
123000289,277,1014,-737
123000291,181,595,-414
123000294,186,192,-6
123000295,804,795,9
123000296,678,373,305
123000297,650,312,338
123000298,603,218,385
123000299,86,122,-36
123000300,941,726,215
123000301,126,234,-108
123000302,68,79,-11
123000303,76,152,-76
123000305,479,583,-104
123000306,110,46,64
123000309,26,44,-18
123000310,50,32,18
123000311,0,42,-42
123000312,331,321,10
123000313,488,288,200
123000315,91,129,-38
123000316,536,281,255
123000317,171,75,96
123000318,44,118,-74
123000329,11,5,6
123000337,610,688,-78
123000338,240,112,128
123000339,272,64,208
123000340,63,151,-88
123000342,24,68,-44
123000343,32,11,21
123000344,715,226,489
123000345,356,337,19
123000346,356,53,303
123000352,718,604,114
123000353,37,142,-105
123000354,126,25,101
123000355,1,134,-133
123000356,282,5,277
123000357,1,62,-61
123000359,2,79,-77
123000360,167,58,109
123000361,98,157,-59
123000362,375,80,295
123000363,56,104,-48
123000364,345,389,-44
123000365,9,303,-294
123000366,256,1641,-1385
123000367,190,530,-340
123000370,19,79,-60
123000371,316,11,305
123000372,196,6,190
123000373,5,115,-110
123000374,5,66,-61
123000375,265,10,255
123000376,810,576,234
123000377,359,8,351
123000378,3,117,-114
123000379,1,70,-69
123000380,17,299,-282
123000381,84,54,30
123000382,461,67,394
123000383,43,903,-860
123000384,331,72,259
123000385,89,378,-289
123000436,26,827,-801
123000507,116,157,-41
123000508,143,870,-727
123000517,192,23,169
123000518,15,160,-145
123000519,147,58,89
123000520,31,151,-120
123000521,389,76,313
123000522,115,212,-97
123000541,3,0,3
123000542,0,5,-5
123000565,1032,33,999
123000566,232,240,-8
123000567,66,130,-64
123000573,42,355,-313
123000574,663,58,605
123000575,1210,573,637
123000576,756,718,38
123000577,46,421,-375
123000578,282,60,222
123000579,952,4559,-3607
123000580,122,42,80
123000582,361,28,333
123000583,6,191,-185
123000584,121,212,-91
123000585,0,35,-35
123000586,45,0,45
123000596,80,87,-7
123000597,49,155,-106
123000602,51,12,39
123000603,844,278,566
123000604,431,245,186
123000605,530,17,513
123000606,4,299,-295
123000609,14,170,-156
123000610,108,79,29
123000613,48,148,-100
123000614,233,47,186
123000615,73,82,-9
123000616,592,59,533
123000617,75,102,-27
123000618,61,307,-246
123000619,430,39,391
123000620,19,170,-151
123000622,378,19,359
123000624,162,59,103
123000630,1285,384,901
123000631,171,514,-343
123000632,433,437,-4
123000633,0,190,-190
123000634,27,119,-92
123000635,42,78,-36
123000636,27,255,-228
123000637,145,28,117
123000638,455,17,438
123000639,572,3781,-3209
123000640,36,296,-260
123000648,391,79,312
123000649,34,215,-181
123900001,742,31,711
123900002,20,994,-974
123900003,170,235,-65
123900005,212,168,44
123900006,276,43,233
124000001,1564,133,1431
124000002,39,880,-841
124000003,789,110,679
124000004,48,276,-228
124000005,948,506,442
124000006,131,500,-369
124000007,357,74,283
124000008,9,314,-305
124000009,660,145,515
124000010,161,221,-60
124000011,909,193,716
124000012,207,239,-32
124000017,172,108,64
124000018,110,49,61
124000019,106,85,21
124000020,36,67,-31
124000021,101,72,29
124000022,73,123,-50
124000023,1191,1227,-36
124000024,923,272,651
124000025,823,1212,-389
124000026,664,725,-61
124000027,3393,3760,-367
124000028,1039,2727,-1688
124000030,1587,969,618
124000031,1299,3563,-2264
124000032,1359,534,825
124000033,809,427,382
124000034,459,612,-153
124000035,305,122,183
124000036,120,362,-242
124000037,284,882,-598
124000038,25,71,-46
124000039,461,346,115
124000040,320,760,-440
124000041,360,65,295
124000042,58,270,-212
124000043,86,110,-24
124000044,70,91,-21
124000045,833,348,485
124000046,205,387,-182
124000047,1607,472,1135
124000048,659,523,136
124000049,1482,435,1047
124000050,622,830,-208
124000051,935,385,550
124000052,403,519,-116
124000053,456,1446,-990
124000054,636,277,359
124000055,1053,2401,-1348
124000056,1157,831,326
124000057,849,476,373
124000058,320,788,-468
124000059,531,932,-401
124000060,572,402,170
124000061,1126,4891,-3765
124000062,2955,1275,1680
124000063,851,1121,-270
124000064,1222,759,463
124000065,75,383,-308
124000066,184,103,81
124000067,159,88,71
124000068,73,110,-37
124000069,653,84,569
124000070,214,301,-87
124000071,214,167,47
124000072,114,283,-169
124000073,829,141,688
124000074,163,388,-225
124000075,245,23,222
124000076,11,57,-46
124000077,850,485,365
124000078,1921,962,959
124000079,195,677,-482
124000080,522,183,339
124000081,128,263,-135
124000082,61,136,-75
124000083,65,64,1
124000084,76,471,-395
124000085,88,41,47
124000086,35,93,-58
124000087,83,83,0
124000088,97,410,-313
124000089,671,171,500
124000090,90,163,-73
124000091,383,91,292
124000092,108,381,-273
124000093,119,127,-8
124000094,89,333,-244
124000095,101,68,33
124000096,91,119,-28
124000097,72,102,-30
124000098,38,55,-17
124000099,230,72,158
124000100,37,84,-47
124000101,80,78,2
124000102,52,27,25
124000103,115,84,31
124000104,67,27,40
124000105,86,74,12
124000106,105,36,69
124000107,12,148,-136
124000108,35,17,18
124000109,76,92,-16
124000110,109,65,44
124000111,215,107,108
124000112,514,379,135
124000113,72,69,3
124000114,231,247,-16
124000115,288,358,-70
124000116,79,126,-47
124000117,39,63,-24
124000118,55,63,-8
124000119,539,314,225
124000120,320,316,4
124000121,1379,770,609
124000122,398,932,-534
124000123,751,441,310
124000124,309,683,-374
124000125,354,357,-3
124000126,224,400,-176
124000127,721,265,456
124000128,363,483,-120
124000129,1524,1168,356
124000130,522,347,175
124000131,714,480,234
124000132,682,484,198
124000133,807,525,282
124000134,629,328,301
124000135,1295,1449,-154
124000136,464,541,-77
124000137,776,747,29
124000138,716,778,-62
124000139,292,23,269
124000140,13,225,-212
124000141,433,18,415
124000142,65,173,-108
124000143,90,5,85
124000144,4,68,-64
124000145,87,25,62
124000146,9,34,-25
124000148,8,79,-71
124000149,913,323,590
124000150,173,393,-220
124000151,765,392,373
124000152,473,788,-315
124000153,741,855,-114
124000154,342,458,-116
124000155,1126,748,378
124000156,975,814,161
124000169,142,317,-175
124000170,313,272,41
124000171,190,169,21
124000172,172,259,-87
124000173,406,122,284
124000174,297,303,-6
124000175,6,46,-40
124000176,54,15,39
124000177,4,19,-15
124000178,37,45,-8
124000190,49,60,-11
124000191,57,136,-79
124000192,811,356,455
124000193,145,571,-426
124000194,250,285,-35
124000195,289,534,-245
124000196,710,560,150
124000197,31,26,5
124000198,34,38,-4
124000201,261,388,-127
124000202,529,206,323
124000203,371,208,163
124000204,936,194,742
124000205,103,205,-102
124000206,725,231,494
124000207,0,31,-31
124000209,168,220,-52
124000210,475,141,334
124000211,637,4,633
124000212,0,155,-155
124000213,506,131,375
124000214,354,254,100
124000215,370,40,330
124000216,2,174,-172
124000329,98,744,-646
124000338,62,317,-255
124000339,989,84,905
124000341,1376,46,1330
124000344,24,4,20
124000357,1039,2018,-979
124000358,816,1261,-445
124000359,1079,574,505
124000360,856,351,505
124000361,1779,928,851
124000362,768,1159,-391
124000363,181,236,-55
124000364,395,519,-124
124000365,594,699,-105
124000366,1154,608,546
124000367,53,254,-201
124000368,389,461,-72
124000369,172,79,93
124000370,75,498,-423
124000402,14,26,-12
124000403,124,9,115
124000404,5,42,-37
124000405,659,543,116
124000406,457,399,58
124000407,2,25,-23
124000411,10,128,-118
124000412,367,9,358
124000413,77,24,53
124000414,57,51,6
124000415,54,34,20
124000416,67,83,-16
124000417,154,76,78
124000418,193,68,125
124000419,73,61,12
124000420,88,35,53
124000421,47,64,-17
124000422,15,12,3
124000423,97,24,73
124000424,4,67,-63
124000425,124,10,114
124000426,6,93,-87
124000427,136,5,131
124000428,13,33,-20
124000429,66,45,21
124000430,571,272,299
124000431,292,269,23
124000432,262,441,-179
124000439,8,3,5
124000443,0,5,-5
124000445,300,1132,-832
124000446,705,159,546
124000447,7,114,-107
124900001,648,446,202
124900002,132,141,-9
124900003,1073,416,657
124900004,655,229,426
124900005,125,89,36
124900006,734,205,529
124900008,840,398,442
124900009,160,322,-162
124900010,169,261,-92
124900011,417,187,230
124900012,390,94,296
124900013,461,102,359
124900014,241,34,207
124900015,106,259,-153
124900016,76,72,4
124900017,342,1531,-1189
124900018,67,14,53
124900020,49,56,-7
124900021,306,21,285
124900022,57,8,49
124900024,266,7,259
124900026,132,11,121
124900027,113,381,-268
124900028,162,62,100
124900029,6,437,-431
124900030,1,60,-59
124900031,13,144,-131
124900032,128,205,-77
124900033,66,132,-66
124900034,2,82,-80
124900035,124,204,-80
124900036,1,40,-39
124900037,130,104,26
124900038,176,196,-20
124900039,1,64,-63
124900040,126,72,54
124900041,203,589,-386
124900042,95,2,93
124900043,410,514,-104
124900044,58,3,55
124900045,369,780,-411
124900047,133,99,34
124900048,108,59,49
124900050,128,114,14
124900052,108,228,-120
124900053,112,204,-92
124900054,850,353,497
124900055,3,121,-118
124900057,7,52,-45
124900060,50,116,-66
124900061,104,6,98
124900062,196,28,168
124900066,0,7,-7
124900067,0,100,-100
124900068,229,409,-180
124900070,23,18,5
124900072,90,39,51
124900075,205,139,66
124900076,14,1096,-1082
124900077,25,98,-73
124900078,56,14,42
124900079,265,123,142
124900080,236,327,-91
124900081,1018,239,779
124900082,315,462,-147
124900083,303,233,70
124900085,493,514,-21
124900086,50,1056,-1006
124900087,381,53,328
124900088,310,77,233
124900089,775,24,751
124900090,380,157,223
124900091,233,142,91
124900092,155,116,39
124900093,304,121,183
124900094,404,178,226
124900095,89,366,-277
124900096,361,177,184
124900097,278,46,232
124900098,125,161,-36
124900099,314,318,-4
124900100,257,33,224
124900101,61,192,-131
124900102,224,4,220
124900103,130,109,21
124900104,61,96,-35
124900105,84,47,37
124900106,331,31,300
124900107,80,19,61
124900108,111,84,27
124900111,1,152,-151
124900112,38,173,-135
124900113,55,227,-172
124900114,86,116,-30
124900115,17,14,3
124900116,199,173,26
124900117,156,82,74
124900118,152,366,-214
124900119,322,175,147
124900120,70,181,-111
124900121,74,326,-252
124900122,121,120,1
124900123,264,67,197
124900124,122,260,-138
204000001,133,7,126
204000002,9,2,7
204000003,13,11,2
204000004,5,3,2
204000005,649,483,166
204000006,1115,1220,-105
204000011,8,27,-19
204000012,35,96,-61
204000019,719,348,371
204000020,624,337,287
204000021,895,516,379
204000022,572,309,263
204000023,449,495,-46
204000031,74,9,65
204000032,297,17,280
204000034,50,83,-33
204000035,0,5,-5
204000036,3,12,-9
204000037,2,17,-15
204000038,1,12,-11
204000039,4,12,-8
204000040,4,18,-14
204000041,7,6,1
204000042,27,11,16
204000043,54,3,51
204000044,29,3,26
204000045,32,2,30
204000046,16,3,13
204000057,4,3,1
204000062,30,22,8
204000068,18,210,-192
204000069,51,324,-273
204000070,72,57,15
204000080,65,50,15
204000085,1728,1127,601
204000086,1809,1292,517
204000087,49,28,21
204000088,5,80,-75
204000090,80,176,-96
204000093,430,65,365
204000096,826,1099,-273
204000097,424,10,414
204000099,875,1345,-470
204000100,1323,1652,-329
204000105,1683,775,908
204000110,410,671,-261
204000111,498,384,114
204000112,474,355,119
204000113,278,464,-186
204000114,660,592,68
204000115,579,223,356
204000116,423,322,101
204000119,1756,2046,-290
204000132,732,364,368
204000133,954,173,781
204000134,216,67,149
204000135,579,38,541
204000136,523,214,309
204000138,386,460,-74
204000140,243,166,77
204000141,161,62,99
204000144,5,27,-22
204000145,403,24,379
204000146,15,180,-165
204000147,17,108,-91
204000148,191,31,160
204000154,7,1,6
204000155,0,4,-4
204000177,57,25,32
204000179,52,5,47
204000180,0,26,-26
204000222,10,4,6
204000235,19,4,15
204000236,62,151,-89
204000238,10,19,-9
204000240,320,70,250
204000263,609,576,33
204000268,746,540,206
204000308,102,29,73
204000317,11,57,-46
204000322,8,29,-21
204000323,13,3,10
204000328,154,67,87
204000329,67,123,-56
204000330,197,33,164
204000331,88,116,-28
205000001,751,1149,-398
205000013,2,58,-56
205000014,18,66,-48
205000015,39,98,-59
205000016,14,124,-110
205000017,31,61,-30
205000022,292,592,-300
205000025,1209,761,448
205000029,216,7,209
205000045,127,881,-754
205000046,106,593,-487
205000047,24,413,-389
205000048,361,633,-272
205000049,175,622,-447
205000050,635,234,401
205000059,0,193,-193
205000060,0,100,-100
205000061,1,101,-100
205000062,0,141,-141
205000063,20,135,-115
205000064,32,67,-35
205000065,71,471,-400
205000066,139,469,-330
205000067,50,715,-665
205000069,261,16,245
205000082,141,133,8
205000110,95,166,-71
205000111,231,168,63
205000112,142,182,-40
205000113,174,288,-114
205000121,226,26,200
205000123,41,175,-134
205000126,514,93,421
205000127,898,150,748
205000128,431,67,364
205000129,770,65,705
205000130,116,16,100
205000131,51,9,42
205000132,108,4,104
205000133,47,2,45
205000134,290,1,289
205000137,76,122,-46
205000138,109,169,-60
205000139,25,83,-58
205000144,62,74,-12
205000145,270,116,154
205000151,120,51,69
205000152,186,13,173
205000153,200,17,183
205000154,78,37,41
205000155,126,2,124
205000207,3,139,-136
205000233,36,1,35
205000234,0,1,-1
205000243,0,0,0
205000244,0,0,0
205000245,10,93,-83
205000249,0,13,-13
205000250,5,0,5
205000264,8,57,-49
206000027,3,1,2
206000028,3,3,0
206000043,3,32,-29
206000053,1,3,-2
206000054,1,16,-15
206000055,0,6,-6
206000075,12,15,-3
206000076,12,13,-1
206000077,21,2,19
206000078,27,9,18
206000079,15,9,6
206000082,329,58,271
206000100,26,212,-186
206000103,3,10,-7
206000104,19,12,7
206000105,6,3,3
206000106,5,16,-11
206000125,71,0,71
206000157,24,366,-342
206000170,0,70,-70
206000171,2,91,-89
206000172,5,140,-135
206000173,3,108,-105
206000174,4,39,-35
206000175,1,43,-42
206000176,5,52,-47
206000177,1,50,-49
206000178,3,77,-74
206000179,2,28,-26
206000180,5,44,-39
206000181,6,31,-25
206000182,2,55,-53
206000183,11,122,-111
206000184,6,122,-116
206000185,4,47,-43
206000186,61,388,-327
206000223,7,97,-90
206000226,5,2,3
206000227,18,1,17
206000237,34,157,-123
206000238,17,257,-240
206000239,175,880,-705
206000240,0,73,-73
206000241,1,39,-38
206000242,5,67,-62
206000243,5,57,-52
206000244,35,167,-132
206000245,804,66,738
206000246,301,14,287
206000247,277,10,267
206000248,436,27,409
206000252,57,27,30
206000258,21,19,2
206000315,45,5,40
206000317,559,98,461
206000318,744,61,683
206000319,1799,84,1715
206000320,248,33,215
206000321,306,9,297
206000322,532,14,518
206000323,235,9,226
206000324,202,7,195
206000325,177,33,144
206000326,147,13,134
206000327,138,8,130
206000328,189,2,187
206000329,270,9,261
206000330,56,3,53
206000331,229,2,227
206000332,57,3,54
206000333,732,1,731
206000334,316,0,316
206000335,1,6,-5
206000361,4,133,-129
206000392,1,8,-7
206000405,123,1,122
206000441,44,19,25
206000498,28,4,24
206000515,51,47,4
206000530,318,39,279
206000531,221,237,-16
206000532,1342,314,1028
206000535,91,1185,-1094
206000536,11,51,-40
206000537,12,86,-74
206000613,1553,204,1349
206000784,493,25,468
207000001,114,528,-414
207000002,91,295,-204
207000003,118,106,12
207000007,1191,241,950
207000008,129,9,120
207000009,65,48,17
207000010,256,226,30
207000012,416,175,241
207000015,154,578,-424
207000019,187,43,144
207000021,507,194,313
207000022,193,155,38
207000023,213,62,151
207000024,4,22,-18
207000025,26,50,-24
207000026,100,45,55
207000027,13,47,-34
207000028,46,111,-65
207000029,176,274,-98
207000033,146,452,-306
207000034,274,148,126
207000039,522,94,428
207000040,567,42,525
207000041,49,16,33
207000042,209,49,160
207000043,191,125,66
207000051,109,130,-21
207000052,13,105,-92
207000053,326,354,-28
207000054,53,72,-19
207000055,172,60,112
207000056,265,221,44
207000057,112,176,-64
207000058,144,163,-19
207000059,90,259,-169
207000060,81,112,-31
207000061,147,771,-624
207000062,412,30,382
207000063,437,68,369
207000064,344,80,264
207000065,372,160,212
207000066,234,122,112
207000067,48,54,-6
207000068,115,42,73
207000069,698,265,433
207000082,11,120,-109
207000083,72,145,-73
207000084,260,231,29
207000085,209,15,194
207000086,262,6,256
207000106,56,24,32
207000107,95,15,80
207000108,87,13,74
207000109,60,14,46
207000110,49,57,-8
207000111,83,76,7
207000112,110,551,-441
207000114,23,34,-11
207000115,28,34,-6
207000116,26,288,-262
207000117,6,74,-68
207000118,2,54,-52
207000119,37,63,-26
207000123,181,16,165
207000124,80,17,63
207000125,72,35,37
207000126,66,42,24
207000134,106,91,15
207000135,28,114,-86
207000148,73,264,-191
207000149,70,23,47
207000152,108,319,-211
207000153,520,947,-427
207000154,345,134,211
207000159,73,83,-10
207000160,101,193,-92
207000238,0,128,-128
207000242,10,97,-87
207000248,11,13,-2
207000249,74,17,57
207000250,334,52,282
207000251,58,62,-4
207000252,36,47,-11
207000278,134,111,23
207000279,34,88,-54
207000280,738,59,679
207000281,98,424,-326
207000282,69,131,-62
207000283,55,209,-154
207000284,47,268,-221
207000285,66,95,-29
207000291,17,70,-53
207000304,85,43,42
207000306,53,266,-213
207000310,100,87,13
207000353,216,1,215
207000356,7,31,-24
207000357,10,16,-6
207000358,2,8,-6
207000415,1,78,-77
207000417,43,5,38
207000418,94,120,-26
207000438,0,2,-2
207000439,626,711,-85
207000446,159,6,153
207000460,45,10,35
207000466,135,98,37
207000467,246,76,170
207000468,41,150,-109
207000476,10,33,-23
207000477,560,54,506
207000478,2,42,-40
207000523,1,25,-24
207000524,59,0,59
207000527,148,141,7
207000530,464,6,458
207000531,309,7,302
207000532,64,25,39
207000534,270,37,233
207000535,35,259,-224
207000537,14,60,-46
207000540,4,84,-80
207000541,3,167,-164
207000548,8,104,-96
207000549,266,18,248
207000561,155,173,-18
207000562,31,76,-45
207000567,116,165,-49
207000568,200,25,175
207000569,454,270,184
207000584,133,121,12
207000585,36,241,-205
207000587,147,11,136
207000616,0,85,-85
207000617,132,0,132
207000624,40,31,9
207000631,8,37,-29
207900008,274,68,206
208000001,548,962,-414
208000002,709,426,283
208000003,1068,334,734
208000004,882,642,240
208000005,3,8,-5
208000019,599,800,-201
208000020,163,425,-262
208000021,232,241,-9
208000022,946,306,640
208000028,628,1219,-591
208000033,527,428,99
208000034,815,1211,-396
208000037,208,12,196
208000040,139,106,33
208000041,668,470,198
208000042,715,607,108
208000047,147,197,-50
208000064,1766,1268,498
208000066,1525,2375,-850
208000070,419,295,124
208000071,608,478,130
208000072,430,843,-413
208000080,299,317,-18
208000081,409,107,302
208000082,327,171,156
208000083,136,215,-79
208000084,6,9,-3
208000085,680,516,164
208000086,452,844,-392
208000087,455,531,-76
208000089,985,252,733
208000090,1127,369,758
208000093,111,132,-21
208000094,524,292,232
208000095,668,345,323
208000104,996,643,353
208000105,693,784,-91
208000114,118,327,-209
208000115,430,245,185
208000116,586,954,-368
208000117,159,122,37
208000118,106,143,-37
208000155,657,739,-82
208000158,1143,3087,-1944
208000186,2366,3438,-1072
208000204,709,869,-160
208000205,1088,726,362
208000282,3247,2420,827
209000004,386,146,240
209000005,46,33,13
209000006,406,169,237
209000007,232,273,-41
209000010,224,89,135
209000011,118,211,-93
209000012,112,114,-2
209000013,140,134,6
209000014,310,455,-145
209000025,325,59,266
209000026,649,100,549
209000027,311,462,-151
209000028,232,299,-67
209000029,276,405,-129
209000030,349,623,-274
209000031,1454,987,467
209000034,146,251,-105
209000035,127,204,-77
209000036,161,110,51
209000037,310,142,168
209000038,172,138,34
209000039,63,130,-67
209000040,285,412,-127
209000041,147,329,-182
209000042,246,306,-60
209000043,567,622,-55
209000044,190,712,-522
209000045,988,283,705
209000046,473,303,170
209000047,349,156,193
209000048,529,213,316
209000049,82,68,14
209000050,181,58,123
209000051,221,148,73
209000052,138,165,-27
209000062,62,56,6
209000063,43,25,18
209000064,39,43,-4
209000065,95,29,66
209000066,83,13,70
209000067,104,25,79
209000080,5,127,-122
209000082,71,22,49
209000091,15,67,-52
209000093,59,18,41
209000094,86,150,-64
209000110,33,109,-76
209000111,473,1204,-731
209000112,954,423,531
209000113,1355,474,881
209000114,643,357,286
209000115,45,77,-32
209000116,363,164,199
209000118,14,35,-21
209000119,15,10,5
209000121,111,318,-207
209000135,44,186,-142
209000142,540,1321,-781
209000143,36,39,-3
209000144,41,121,-80
209000229,232,103,129
209000240,20,128,-108
209000259,78,56,22
209000260,41,720,-679
209000261,7,281,-274
209000262,4,186,-182
209000263,0,189,-189
209000264,2,272,-270
209000265,313,28,285
209000266,96,5,91
209000267,883,5,878
209000268,518,37,481
210000037,90,19,71
210000047,55,9,46
210000048,116,17,99
210000049,53,2,51
210000052,57,36,21
210000053,24,20,4
210000054,43,43,0
210000070,133,3,130
210000071,76,1,75
210000072,31,0,31
210000073,1,25,-24
210000074,1,95,-94
210000075,6,85,-79
210000076,1,121,-120
210000077,8,43,-35
210000078,15,30,-15
210000079,14,14,0
210000080,47,53,-6
210000081,138,24,114
210000082,96,2,94
210000083,46,2,44
210000084,36,0,36
210000085,0,23,-23
210000086,4,53,-49
210000099,33,175,-142
210000100,26,109,-83
210000101,60,160,-100
210000105,32,114,-82
210000159,0,177,-177
210000163,81,147,-66
210000164,173,168,5
210000168,114,53,61
210000187,1,19,-18
210000188,0,14,-14
210000214,16,0,16
210000219,37,41,-4
210000220,101,25,76
210000232,3,15,-12
210000233,42,34,8
210000234,40,83,-43
210000235,52,45,7
210000245,1,19,-18
210000246,18,1,17
210000258,14,54,-40
210000259,219,61,158
210000282,77,184,-107
210000285,2,92,-90
210000286,11,113,-102
210000290,0,4,-4
210000295,47,89,-42
210000296,34,28,6
210000320,163,35,128
210000321,124,34,90
210000338,38,52,-14
210000339,176,977,-801
210000340,113,323,-210
210000341,228,264,-36
210000342,179,182,-3
210000343,150,149,1
210000344,132,92,40
210000345,116,210,-94
210000346,60,94,-34
210000347,21,41,-20
210000348,113,22,91
210000349,33,21,12
210000350,166,52,114
210000351,173,60,113
210000352,71,35,36
210000353,50,53,-3
210000354,57,57,0
210000355,39,58,-19
210000356,17,42,-25
210000357,45,37,8
210000358,152,104,48
210000359,69,68,1
210000360,111,103,8
210000361,121,124,-3
210000362,210,161,49
210000363,472,186,286
210000364,77,92,-15
210000365,105,50,55
210000366,121,38,83
210000367,86,30,56
210000368,137,32,105
210000369,19,17,2
210000370,35,35,0
210000372,9,23,-14
210000373,16,13,3
210000374,43,17,26
210000375,39,36,3
210000376,67,76,-9
210000404,47,81,-34
210000439,30,25,5
210000472,53,3,50
210000482,74,100,-26
210000564,145,215,-70
210000567,0,37,-37
210000568,213,1,212
211000092,64,34,30
211000094,26,8,18
211000169,176,20,156
211000172,10,162,-152
211000209,0,20,-20
211000226,22,5,17
211000270,25,14,11
211000275,14,7,7
211000276,69,10,59
211000279,6,14,-8
211000281,64,23,41
211000302,37,41,-4
211507980,0,42,-42
211977296,63,7,56
212000003,127,22,105
212000004,26,25,1
212000005,20,18,2
212000006,39,43,-4
212000008,127,110,17
212000009,30,99,-69
212000012,98,61,37
212000013,24,45,-21
212000014,244,104,140
212000015,290,217,73
212000016,428,430,-2
212000027,524,240,284
212000028,292,241,51
212000029,205,171,34
212000030,42,25,17
212000031,62,25,37
212000048,19,166,-147
212000049,16,141,-125
212000050,20,11,9
212000051,149,105,44
212000052,173,136,37
212000053,392,292,100
212000054,353,87,266
212000055,311,121,190
212000056,20,18,2
212000057,13,32,-19
212000058,139,16,123
212000070,96,115,-19
212000077,112,378,-266
212000099,252,220,32
212000108,159,139,20
212000111,157,60,97
212000120,104,62,42
212000138,144,33,111
212000156,2,96,-94
212000158,7,9,-2
212000159,455,58,397
212000160,802,178,624
212000161,48,3,45
212000310,41,11,30
212000311,21,37,-16
212000374,48,10,38
213000001,42,255,-213
213000005,310,96,214
213000006,679,277,402
213000007,76,4,72
213000009,469,447,22
213000010,181,266,-85
213000011,183,98,85
213000012,127,201,-74
213000014,83,11,72
213000015,270,4,266
213000016,352,0,352
213000017,80,0,80
213000018,0,74,-74
213000019,1,96,-95
213000020,88,272,-184
213000021,0,80,-80
213000023,393,152,241
213000033,296,1356,-1060
213000034,518,165,353
213000035,81,148,-67
213000045,127,207,-80
213000046,177,145,32
213000047,463,1179,-716
213000056,104,30,74
213000069,86,5,81
213000073,1,81,-80
213000074,79,325,-246
213000075,425,4,421
213000076,31,3,28
213000085,14,47,-33
213000086,9,126,-117
213000091,228,11,217
213000092,38,8,30
213000099,139,961,-822
213000100,942,222,720
213000101,411,105,306
213000102,411,159,252
213000103,707,506,201
213000104,82,237,-155
213000105,5,182,-177
213000106,20,69,-49
213000107,192,295,-103
213000108,31,247,-216
213000109,11,148,-137
213000110,14,90,-76
213000111,12,85,-73
213000112,161,120,41
213000115,50,10,40
213000116,74,255,-181
213000117,10,367,-357
213000118,554,175,379
213000119,36,397,-361
213000120,103,263,-160
213000122,110,299,-189
213000123,268,581,-313
213000124,139,691,-552
213000125,128,22,106
213000126,29,77,-48
213000127,66,153,-87
213000128,227,810,-583
213000129,223,760,-537
213000130,608,291,317
213000132,347,90,257
213000133,569,72,497
213000134,805,26,779
213000136,463,18,445
213000137,648,58,590
213000139,239,34,205
213000147,47,18,29
213000148,13,15,-2
213000149,31,12,19
213000150,0,142,-142
213000151,2,162,-160
213000152,2,105,-103
213000153,6,143,-137
213000154,62,108,-46
213000155,39,135,-96
213000156,112,318,-206
213000157,503,276,227
213000158,301,646,-345
213000159,525,331,194
213000163,883,83,800
213000165,747,231,516
213000171,1,26,-25
213000172,1,97,-96
213000173,1,96,-95
213000174,2,70,-68
213000175,4,32,-28
213000176,49,64,-15
213000177,84,4,80
213000178,184,4,180
213000179,238,0,238
213000180,203,0,203
213000184,58,305,-247
213000188,285,87,198
213000189,371,39,332
213000190,668,545,123
213000191,284,248,36
213000192,237,193,44
213000193,475,171,304
213000194,3,102,-99
213000195,20,307,-287
213000196,180,999,-819
213000197,366,420,-54
213000198,20,2,18
213000200,104,549,-445
213000201,39,55,-16
213000202,16,412,-396
213000203,2015,544,1471
213000204,708,67,641
213000205,263,58,205
213000206,392,29,363
213000207,107,6,101
213000208,48,2,46
213000209,129,4,125
213000210,252,3,249
213000211,8,24,-16
213000212,12,43,-31
213000213,21,91,-70
213000218,199,327,-128
213000219,452,21,431
213000220,355,5,350
213000223,174,219,-45
213000224,30,77,-47
213000225,51,16,35
213000226,53,20,33
213000227,845,175,670
213000228,435,81,354
213000229,87,22,65
213000230,523,16,507
213000232,35,695,-660
213000233,10,99,-89
213000234,2,59,-57
213000293,18,90,-72
213000294,94,26,68
213000295,12,123,-111
213000296,48,10,38
213000297,4,58,-54
213000298,7,51,-44
213000299,35,29,6
213000300,4,5,-1
213000303,5,25,-20
213000304,1,11,-10
213000305,3,19,-16
213000306,40,25,15
213000307,67,67,0
213000308,81,87,-6
213000309,133,60,73
213000310,361,129,232
213000311,187,709,-522
213000315,70,68,2
213000316,140,52,88
213000322,85,81,4
213000323,99,59,40
213000324,52,22,30
213000325,29,52,-23
213000326,12,19,-7
213000327,23,18,5
213000328,31,140,-109
213000329,76,7,69
213000340,145,300,-155
213000341,583,56,527
213000346,156,199,-43
213000347,479,418,61
213000348,3,231,-228
213000349,24,14,10
213000350,284,566,-282
213000366,79,148,-69
213000367,280,22,258
213000379,32,88,-56
213000386,15,236,-221
213000406,89,243,-154
213000417,1133,370,763
213000425,191,31,160
213000426,137,38,99
213000427,37,109,-72
213000428,37,67,-30
213000429,7,2,5
213000430,81,284,-203
213000431,41,1,40
213000432,1,23,-22
213000433,9,114,-105
213000434,67,84,-17
213000435,117,70,47
213000436,75,27,48
213000437,0,5,-5
213000438,141,36,105
213000439,44,11,33
213000440,6,242,-236
213000441,3,0,3
213000442,0,23,-23
213000443,321,241,80
213000444,30,32,-2
213000445,0,60,-60
213000446,0,11,-11
213000447,6,34,-28
213000448,12,151,-139
213000449,398,8,390
213000450,14,26,-12
213000451,224,47,177
213000452,18,9,9
213000453,42,198,-156
213000455,210,1,209
213000456,3,365,-362
213000481,17,10,7
213000482,35,1,34
213000489,245,50,195
213000491,1,208,-207
213000492,140,3,137
213000493,1,126,-125
213000494,221,71,150
213000495,1,35,-34
213000496,341,104,237
213000497,55,191,-136
213000498,120,79,41
213000499,149,179,-30
213000500,493,58,435
213000501,142,21,121
213000502,128,111,17
213000503,2,47,-45
213000504,7,45,-38
213000505,12,7,5
213000506,0,16,-16
213000507,4,85,-81
213900244,39,0,39
213900245,0,19,-19
218000003,57,31,26
218000004,19,18,1
218000005,16,32,-16
218000006,45,39,6
218000007,13,8,5
218000012,68,90,-22
218000013,113,118,-5
218000014,290,264,26
218000019,510,355,155
218000020,183,280,-97
218000021,1,2,-1
218000022,1,2,-1
218000023,0,4,-4
218000024,2,0,2
218000025,0,0,0
218000026,1,3,-2
218000027,0,2,-2
218000028,0,1,-1
218000029,0,3,-3
218000030,5,6,-1
218000031,0,1,-1
218000032,0,5,-5
218000040,3,3,0
218000046,38,47,-9
218000047,5,86,-81
218000048,42,70,-28
218000049,85,58,27
218000050,307,145,162
218000051,65,144,-79
218000052,1,83,-82
218000053,4,11,-7
218000054,3,73,-70
218000055,7,33,-26
218000056,20,34,-14
218000057,1,16,-15
218000064,2,5,-3
218000065,92,17,75
218000066,9,29,-20
218000067,71,44,27
218000068,72,36,36
218000069,242,58,184
218000070,219,142,77
218000071,133,114,19
218000072,172,156,16
218000078,720,388,332
218000079,120,51,69
218000080,94,50,44
218000081,461,180,281
218000082,55,85,-30
218000083,74,37,37
218000084,113,47,66
218000085,108,164,-56
218000086,53,69,-16
218000087,142,96,46
218000090,12,77,-65
218000091,965,411,554
218000092,82,143,-61
218000093,91,49,42
218000094,359,475,-116
218000099,252,471,-219
218000100,259,199,60
218000101,268,96,172
218000102,345,104,241
218000103,56,58,-2
218000104,54,29,25
218000105,23,21,2
218000106,24,4,20
218000107,52,25,27
218000108,1,35,-34
218000112,30,21,9
218000117,65,58,7
218000134,475,360,115
218000135,19,76,-57
218000136,154,126,28
218000137,169,141,28
218000138,51,104,-53
218000139,187,242,-55
218000140,419,241,178
218000141,99,47,52
218000142,245,152,93
218000143,83,263,-180
218000144,44,87,-43
218000145,424,249,175
218000146,88,127,-39
218000151,5,7,-2
218000152,68,32,36
218000153,0,0,0
218000154,0,1,-1
218000155,7,0,7
218000156,13,3,10
218000157,13,1,12
218000158,3,1,2
218000159,2,1,1
218000160,0,2,-2
218000161,5,2,3
218000162,8,1,7
218000163,3,0,3
218000164,14,0,14
218000165,0,0,0
218000170,6,24,-18
218000171,27,10,17
218000172,9,11,-2
218000173,17,10,7
218000174,14,18,-4
218000176,188,23,165
218000177,315,218,97
218000178,71,163,-92
218000179,103,65,38
218000180,89,25,64
218000181,147,36,111
218000187,11,26,-15
218000188,24,58,-34
218000189,15,73,-58
218000190,24,26,-2
218000191,163,32,131
218000192,193,112,81
218000193,332,231,101
218000194,81,207,-126
218000195,101,48,53
218000196,368,216,152
218000197,445,187,258
218000198,46,93,-47
218000199,53,13,40
218000200,65,28,37
218000201,29,16,13
218000202,62,263,-201
218000207,4,11,-7
218000208,23,29,-6
218000211,24,25,-1
218000212,0,4,-4
218000213,93,82,11
218000214,8,42,-34
218000215,17,26,-9
218000217,4,59,-55
218000218,161,52,109
218000219,11,20,-9
218000220,47,242,-195
218000221,349,147,202
218000222,3,41,-38
218000223,24,249,-225
218000224,5,104,-99
218000225,136,15,121
218000226,129,29,100
218000230,0,2,-2
218000232,36,23,13
218000239,116,15,101
218000240,7,7,0
218000241,17,1,16
218000242,19,5,14
218000243,18,1,17
218000244,28,7,21
218000245,13,5,8
218000246,4,3,1
218000247,0,1,-1
218000248,0,19,-19
218000249,0,9,-9
218000250,0,19,-19
218000251,2,56,-54
218000252,5,286,-281
218000253,1,279,-278
218000254,0,104,-104
218000255,0,52,-52
218000256,15,152,-137
218000267,277,823,-546
218000268,16,50,-34
218000269,3,16,-13
218000270,104,44,60
218000271,18,32,-14
218000273,17,6,11
218000274,17,3,14
218000275,28,43,-15
218000276,11,22,-11
218000278,11,29,-18
218000279,77,24,53
218000280,2,17,-15
218000281,30,15,15
218000282,462,553,-91
218000284,62,4,58
218000301,94,150,-56
218000302,148,50,98
218000303,23,72,-49
218000316,603,510,93
218000317,1324,580,744
218000318,797,407,390
218000319,959,502,457
218000320,792,373,419
218000338,36,31,5
218000345,44,47,-3
218000346,26,135,-109
218000459,25,105,-80
218000490,36,39,-3
218000501,86,20,66
218000502,74,39,35
218000503,75,15,60
218000504,179,29,150
218000505,32,85,-53
218000506,41,247,-206
218000508,0,8,-8
218000510,135,16,119
218000520,77,97,-20
218000521,7,22,-15
218000522,1,127,-126
218000523,171,5,166
218000524,8,339,-331
218000525,110,37,73
218000526,28,242,-214
218000529,55,70,-15
218000530,0,2,-2
218000531,10,4,6
218000532,17,5,12
218000534,171,16,155
218000537,24,43,-19
218000538,73,208,-135
218000540,75,80,-5
218000543,145,42,103
218000544,19,52,-33
218000545,70,61,9
218000546,23,42,-19
218000547,96,166,-70
218000548,64,72,-8
218000549,379,395,-16
218000550,110,186,-76
218000551,82,590,-508
218000552,202,43,159
218000553,70,244,-174
218000554,22,45,-23
218000555,31,38,-7
218000556,219,133,86
218000557,292,159,133
218000558,83,1,82
218000559,0,43,-43
218000560,0,43,-43
218000561,12,0,12
218000562,30,208,-178
218000563,206,39,167
218000564,3,137,-134
218000565,78,54,24
218000566,114,46,68
218000567,3,86,-83
218000568,39,3,36
218000569,5,244,-239
218000570,84,18,66
218000571,3,112,-109
218000572,127,3,124
218000573,12,395,-383
218000574,65,25,40
218000575,102,0,102
218000576,1,74,-73
218000577,55,0,55
218000578,0,102,-102
218000579,28,6,22
218000581,8,34,-26
218000582,51,2,49
218000583,18,0,18
218000584,0,25,-25
218000585,55,4,51
218000586,14,27,-13
218000587,1,0,1
218000588,2,8,-6
218000589,2,5,-3
218000590,2,5,-3
218000591,1,7,-6
218000592,8,3,5
218000593,1,0,1
218000594,1,3,-2
218000597,1,1,0
218000598,0,0,0
218000599,2,1,1
218000600,1,0,1
218000601,0,6,-6
218000602,0,4,-4
218000603,1,4,-3
218000604,3,0,3
218000605,0,61,-61
218000606,69,4,65
218000607,14,19,-5
218000608,65,21,44
218000609,10,39,-29
218000610,72,14,58
218000611,16,1,15
218000612,0,18,-18
218000613,47,1,46
218000614,0,37,-37
218000615,115,1,114
218000616,16,97,-81
218000617,14,0,14
218000618,1,15,-14
218000619,20,19,1
218000620,5,17,-12
218000621,0,1,-1
218000622,0,34,-34
218000623,15,0,15
218000624,3,35,-32
218000625,12,0,12
218000626,1,23,-22
218000628,162,45,117
218000631,44,13,31
218000632,1,100,-99
218000633,64,1,63
218000634,6,7,-1
218000635,12,12,0
218000636,657,634,23
218000637,932,315,617
218000638,191,21,170
218000639,10,63,-53
218000640,295,27,268
218000641,64,159,-95
218000652,48,43,5
218000653,133,46,87
218000663,4,115,-111
218000675,149,58,91
218000676,0,1,-1
218000677,1,0,1
218000680,188,213,-25
218000681,335,112,223
218000691,241,106,135
218000693,269,90,179
218000703,0,11,-11
218000718,92,667,-575
218000719,155,337,-182
218000720,35,513,-478
218000721,152,30,122
218000725,4,0,4
218001147,3,55,-52
218001214,4,38,-34
218001258,202,11,191
218001329,112,121,-9
218001330,126,51,75
218001351,28,20,8
218001352,7,39,-32
218001353,15,7,8
218001354,17,28,-11
218001355,6,77,-71
218001356,410,23,387
218001357,42,60,-18
218001358,282,20,262
218001361,296,6,290
218001362,0,67,-67
219000001,41,31,10
219000002,33,48,-15
219000003,64,29,35
219000004,65,47,18
219000017,46,18,28
219000020,138,27,111
219000022,107,5,102
219000023,80,1,79
219000029,1,38,-37
219000034,38,42,-4
219000039,61,64,-3
219000040,34,29,5
219000041,136,21,115
219000051,0,24,-24
219000052,0,17,-17
219000053,0,54,-54
219000054,13,46,-33
219000055,250,5,245
219000056,2,0,2
219000057,62,0,62
219000062,30,36,-6
219000063,84,4,80
219000064,1,42,-41
219000110,367,53,314
219000111,80,67,13
219000112,153,32,121
219000113,125,53,72
219000114,115,37,78
219000116,79,24,55
219000117,106,49,57
219000118,75,37,38
219000123,135,55,80
219000124,63,37,26
219000125,16,10,6
219000126,67,120,-53
219000127,0,7,-7
219000128,7,106,-99
219000129,24,97,-73
219000130,237,403,-166
219000131,563,808,-245
219000133,37,55,-18
219000134,21,40,-19
219000135,15,52,-37
219000136,90,170,-80
219000138,51,13,38
219000139,36,38,-2
219000140,82,5,77
219000141,33,56,-23
219000142,17,46,-29
219000143,13,58,-45
219000145,4,31,-27
219000146,3,10,-7
219000147,10,9,1
219000148,5,6,-1
219000149,7,37,-30
219000150,1,26,-25
219000151,4,11,-7
219000157,195,66,129
219000158,88,143,-55
219000161,118,7,111
219000163,791,333,458
219000166,94,161,-67
219000167,88,96,-8
219000168,228,76,152
219000174,455,115,340
219000175,92,8,84
219000176,127,6,121
219000177,55,0,55
219000178,59,1,58
219000179,32,3,29
219000180,33,11,22
219000182,143,14,129
219000183,49,32,17
219000184,106,12,94
219000185,2,21,-19
219000186,60,12,48
219000187,26,41,-15
219000189,42,177,-135
219000190,54,178,-124
219000191,377,1104,-727
219000192,156,113,43
219000193,112,128,-16
219000195,1,28,-27
219000196,7,76,-69
219000198,10,32,-22
219000199,35,92,-57
219000200,28,47,-19
219000201,44,74,-30
219000203,24,88,-64
219000204,54,180,-126
219000205,29,119,-90
219000207,78,154,-76
219000209,32,32,0
219000210,28,62,-34
219000213,4,91,-87
219000239,140,180,-40
219000240,206,276,-70
219000241,131,120,11
219000242,29,95,-66
219000243,62,157,-95
219000244,8,61,-53
219000245,33,45,-12
219000246,24,36,-12
219000247,214,24,190
219000248,421,368,53
219000249,176,99,77
219000250,141,83,58
219000251,504,217,287
219000252,240,153,87
219000253,399,106,293
219000255,147,78,69
219000256,226,41,185
219000257,96,0,96
219000262,63,52,11
219000263,47,86,-39
219000267,9,39,-30
219000268,2,5,-3
219000269,4,7,-3
219000270,15,0,15
219000271,125,5,120
219000278,1,2,-1
219000279,0,1,-1
219000283,0,9,-9
219000295,8,74,-66
219000296,39,208,-169
219000297,10,81,-71
219000298,7,76,-69
219000299,342,39,303
219000300,19,78,-59
219000301,180,283,-103
219000302,34,232,-198
219000307,35,17,18
219000308,29,28,1
219000311,148,62,86
219000312,512,148,364
219000313,418,44,374
219000314,36,206,-170
219000315,259,29,230
219000316,454,39,415
219000317,110,10,100
219000320,0,91,-91
219000321,0,24,-24
219000323,11,36,-25
219000325,1,7,-6
219000326,66,46,20
219000327,51,25,26
219000328,26,58,-32
219000329,260,82,178
219000330,25,13,12
219000331,24,23,1
219000332,145,72,73
219000333,17,3,14
219000335,80,1,79
219000337,25,0,25
219000338,44,1,43
219000344,12,68,-56
219000345,34,51,-17
219000346,29,57,-28
219000348,184,64,120
219000349,54,110,-56
219000350,109,194,-85
219000351,6,12,-6
219000352,388,62,326
219000353,90,39,51
219000354,191,61,130
219000355,132,41,91
219000356,607,1274,-667
219000363,174,57,117
219000364,81,27,54
219000365,140,22,118
219000366,180,323,-143
219000368,305,530,-225
219000370,764,586,178
219000371,6,27,-21
219000382,8,28,-20
219000383,324,1011,-687
219000385,299,453,-154
219000386,460,1168,-708
219000387,3,17,-14
219000390,9,0,9
219000391,4,0,4
219000397,32,41,-9
219000398,51,24,27
219000401,6,60,-54
219000402,30,47,-17
219000403,116,275,-159
219000404,14,91,-77
219000407,6,17,-11
219000409,46,28,18
219000410,68,40,28
219000411,66,3,63
219000446,68,214,-146
219000447,1,16,-15
219000448,17,4,13
219000452,79,82,-3
219000453,48,150,-102
219000454,164,222,-58
219000556,212,69,143
219000558,79,82,-3
219000590,14,73,-59
219000591,99,68,31
219000592,66,206,-140
219000595,3,10,-7
219000635,178,29,149
219000636,16,37,-21
219000657,13,11,2
219000658,21,63,-42
219000673,0,13,-13
219000676,2,2,0
219000679,38,4,34
219000684,85,1,84
219000685,0,30,-30
219000686,1,2,-1
219000688,0,40,-40
219000689,21,124,-103
219000690,152,20,132
219000691,49,119,-70
219000692,155,32,123
219000693,0,18,-18
219000694,12,0,12
219000695,46,0,46
219000698,13,0,13
219000699,0,27,-27
219000727,0,31,-31
219000728,40,0,40
219000770,26,1,25
219000771,0,10,-10
219000788,298,216,82
219001150,1,41,-40
219001151,0,0,0
219001166,35,28,7
219001167,1,38,-37
219001178,47,2,45
220000001,33,73,-40
220000002,11,85,-74
220000003,218,93,125
220000004,240,189,51
220000005,545,942,-397
220000006,178,426,-248
220000007,353,225,128
220000008,264,414,-150
220000009,193,263,-70
220000010,137,71,66
220000011,259,2063,-1804
220000012,51,180,-129
220000014,127,54,73
220000015,49,248,-199
220000017,27,145,-118
220000018,2820,1448,1372
220000019,72,297,-225
220000020,310,148,162
220000021,716,104,612
220000022,808,236,572
220000023,337,114,223
220000024,1085,317,768
220000025,576,915,-339
220000026,222,321,-99
220000027,16,69,-53
220000028,46,65,-19
220000029,52,70,-18
220000030,40,73,-33
220000031,420,240,180
220000064,16,659,-643
221000046,1,0,1
221000047,0,1,-1
221000048,0,3,-3
221000049,0,6,-6
221000050,14,1,13
221000055,22,45,-23
221000057,70,8,62
221000068,260,137,123
221000069,234,53,181
221000070,201,27,174
221000071,86,6,80
221000072,196,22,174
221000073,155,32,123
221000074,0,10,-10
221000075,7,27,-20
221000076,9,20,-11
221000077,12,72,-60
221000081,14,8,6
221000082,64,5,59
221000083,21,1,20
221000084,11,1,10
221000085,6,41,-35
221000086,22,77,-55
221000087,9,78,-69
221000088,15,113,-98
221000089,31,202,-171
221000090,108,370,-262
221000098,94,15,79
221000099,169,7,162
221000100,110,5,105
221000101,241,19,222
221000102,144,16,128
221000109,15,82,-67
221000110,8,45,-37
221000111,25,119,-94
221000112,2,106,-104
221000113,16,80,-64
221000114,14,103,-89
221000120,58,40,18
221000121,2,59,-57
221000122,34,39,-5
221000123,6,21,-15
221000124,22,51,-29
221000155,84,19,65
221000156,81,37,44
221000175,0,7,-7
221000176,0,2,-2
221000182,50,4,46
221000241,522,233,289
221000242,125,322,-197
221000243,582,121,461
221000244,249,347,-98
221000245,86,82,4
221000246,52,163,-111
221000247,109,87,22
221000248,145,141,4
221000267,46,403,-357
221000325,47,52,-5
221000331,2,28,-26
221000338,15,28,-13
221000378,192,43,149
221000381,52,29,23
222000282,8,4,4
222000296,5,17,-12
222000568,305,22,283
222000569,201,42,159
222000570,123,21,102
222000571,390,18,372
222000577,19,90,-71
222000578,28,131,-103
222000579,34,91,-57
222000580,62,482,-420
222000599,0,83,-83
222000600,2,176,-174
222000601,3,489,-486
222000603,2,43,-41
222000604,4,64,-60
222000605,19,27,-8
222000606,1,12,-11
222000607,11,6,5
222000608,17,16,1
222000609,35,81,-46
222000616,454,27,427
222000617,13,17,-4
222000618,5,10,-5
222000620,14,18,-4
222000621,25,14,11
222000623,577,10,567
222000624,393,5,388
222000625,527,14,513
222000636,50,6,44
222000686,28,25,3
222000687,57,36,21
222001066,176,0,176
222001067,16,2,14
222001068,71,8,63
222001069,57,12,45
222001082,23,9,14
222001083,29,30,-1
222001084,0,46,-46
222001085,0,106,-106
222001111,41,79,-38
222001112,145,16,129
222001313,34,11,23
222001314,10,97,-87
222001464,222,37,185
222001465,23,68,-45
222001484,136,35,101
222001485,31,42,-11
222001494,574,134,440
222001495,77,120,-43
222001496,347,72,275
222001497,100,212,-112
222001502,15,60,-45
222001503,109,35,74
222001504,34,200,-166
222001505,276,8,268
222001506,42,245,-203
222001507,247,19,228
222001510,546,21,525
222001511,42,134,-92
222001514,535,110,425
222001515,140,244,-104
222001518,334,33,301
222001519,46,78,-32
222001527,179,27,152
222001528,18,73,-55
222001529,312,37,275
222001530,61,104,-43
222001533,77,127,-50
222001534,323,43,280
222001535,258,262,-4
222001536,45,110,-65
222001537,317,44,273
222001538,90,232,-142
222001563,860,81,779
222001564,50,233,-183
222001568,210,207,3
222001576,1,4,-3
222001579,0,21,-21
222001583,13,68,-55
222001584,80,6,74
222001596,348,829,-481
222001597,1239,279,960
222001626,0,65,-65
222001650,29,120,-91
222001651,34,376,-342
222001914,149,42,107
222001915,43,89,-46
222001968,442,290,152
222001969,348,314,34
222001970,135,246,-111
222001971,30,10,20
222001972,2,5,-3
225000001,402,134,268
225000002,550,135,415
225000003,662,48,614
225000004,373,124,249
225000005,52,39,13
225000006,0,152,-152
225000007,772,966,-194
225000010,284,14,270
225000011,233,903,-670
225000012,184,505,-321
225000013,57,99,-42
225000014,581,62,519
225000015,106,95,11
225000021,608,129,479
225000027,179,259,-80
225000032,585,69,516
225000042,56,357,-301
225000049,61,51,10
225000050,77,18,59
225000053,4,209,-205
225000058,568,149,419
225000067,116,107,9
225000068,51,152,-101
225000069,66,286,-220
225000070,82,210,-128
225000071,34,83,-49
225000075,10,366,-356
225000076,37,109,-72
225000078,28,29,-1
225000085,98,121,-23
225000086,189,48,141
225000087,140,13,127
225000088,10,110,-100
225000089,153,770,-617
225000090,37,315,-278
225000091,157,101,56
225000092,28,57,-29
225000093,133,173,-40
225000094,13,119,-106
225000095,351,226,125
225000096,277,307,-30
225000098,667,300,367
225000099,386,144,242
225000100,328,110,218
225000104,98,262,-164
225000110,5,234,-229
225000111,182,547,-365
225000112,193,703,-510
225000113,166,372,-206
225000114,79,180,-101
225000115,745,431,314
225000116,632,151,481
225000117,689,181,508
225000118,901,173,728
225000119,197,72,125
225000120,561,18,543
225000121,127,9,118
225000123,420,10,410
225000125,474,120,354
225000126,562,134,428
225000127,479,1153,-674
225000128,456,714,-258
225000132,315,32,283
225000133,210,30,180
225000134,527,107,420
225000135,30,9,21
225000136,286,11,275
225000137,242,50,192
225000138,358,76,282
225000143,54,144,-90
225000144,6,228,-222
225000145,20,13,7
225000146,45,45,0
225000147,26,115,-89
225000148,12,99,-87
225000149,41,220,-179
225000151,33,72,-39
225000155,367,263,104
225000156,129,654,-525
225000157,202,250,-48
225000158,30,96,-66
225000171,8,103,-95
225000180,24,5,19
225000181,0,63,-63
225000182,62,3,59
225000185,3,279,-276
225000187,19,221,-202
225000191,55,5,50
225000194,0,12,-12
225000208,2,36,-34
225000209,73,10,63
225000210,9,125,-116
225000217,0,8,-8
225000218,11,2,9
225000223,0,58,-58
225000224,18,0,18
225000225,0,20,-20
225000226,20,1,19
225000227,23,54,-31
225000228,8,2,6
225000229,0,35,-35
225000230,12,0,12
225000231,2,38,-36
225000232,131,0,131
225000241,47,0,47
225000242,0,37,-37
225000249,7,0,7
225000250,39,312,-273
225000251,268,23,245
226000042,197,237,-40
226000043,34,210,-176
226000044,77,196,-119
226000045,51,154,-103
226000046,414,54,360
226000047,389,85,304
226000048,346,94,252
226000049,298,161,137
226000070,1,24,-23
226000071,0,65,-65
226000072,0,14,-14
226000073,0,6,-6
226000074,0,13,-13
226000084,4,16,-12
226000085,0,10,-10
226000086,3,15,-12
226000087,6,15,-9
226000088,18,13,5
226000090,91,70,21
226000091,10,20,-10
226000092,6,6,0
226000093,21,3,18
226000094,4,7,-3
226000095,22,7,15
226000105,8,1,7
226000106,2,0,2
226000107,13,0,13
226000108,19,1,18
226000109,101,0,101
226000124,92,52,40
226000134,766,318,448
226000135,1213,461,752
226000136,493,313,180
226000137,19,161,-142
226000138,9,95,-86
226000139,1,20,-19
226000156,148,9,139
226000157,173,7,166
226000163,55,46,9
226000202,4,151,-147
226000231,443,11,432
226000232,27,4,23
227000033,358,44,314
227000036,408,40,368
227000037,320,15,305
227000038,139,22,117
227000049,0,28,-28
227000050,1,46,-45
227000055,81,0,81
227000056,18,0,18
227000084,1,61,-60
227000085,0,50,-50
227000088,29,0,29
227000089,94,2,92
227000090,39,0,39
227000091,16,2,14
227000093,116,0,116
227000094,45,37,8
227000130,12,130,-118
227000131,17,92,-75
227000132,9,88,-79
227000133,17,93,-76
227000134,20,165,-145
227000152,0,4,-4
227000153,0,62,-62
227000155,1,16,-15
227000156,0,13,-13
227000165,6,114,-108
227000196,293,85,208
227000199,356,262,94
227000230,20,194,-174
227000232,421,18,403
227000242,53,320,-267
227000243,341,93,248
227000245,11,199,-188
227000246,88,242,-154
227000247,370,60,310
227000248,142,63,79
227000249,22,110,-88
227000250,351,193,158
227000251,77,189,-112
227000252,18,143,-125
227000253,168,34,134
227000262,423,43,380
227000266,1155,17,1138
227000267,10,663,-653
227000282,2,48,-46
227000284,540,17,523
227000286,0,25,-25
227000287,14,38,-24
227000291,7,241,-234
227000484,280,14,266
227000485,17,486,-469
227000655,139,4,135
227000656,614,25,589
227000657,103,7,96
227000661,275,14,261
227000680,78,42,36
229000265,8,17,-9
229000296,0,14,-14
229000297,2,29,-27
229000298,5,67,-62
229000320,8,6,2
229000321,7,1,6
229000412,25,43,-18
229000414,17,39,-22
229000415,19,1,18
229000416,0,8,-8
229000417,0,5,-5
229000419,64,245,-181
229000440,312,61,251
229000442,7,3,4
229000443,7,2,5
229000444,1,27,-26
229000445,58,4,54
229000446,51,6,45
229000491,0,0,0
229000492,0,0,0
229000493,0,0,0
229000494,8,1,7
229000495,35,1,34
229000496,17,0,17
229000507,0,0,0
229000508,0,0,0
229000509,0,0,0
229000510,0,0,0
229000511,0,0,0
229000512,0,0,0
229000513,0,0,0
229000514,0,0,0
229000517,0,0,0
229000518,0,0,0
229000519,0,0,0
229000520,0,4,-4
229000521,1,1,0
229000522,0,1,-1
229000523,3,0,3
229000524,1,0,1
229000527,1,0,1
229000528,0,0,0
229000529,2,0,2
229000530,16,0,16
229000531,6,1,5
229000532,2,0,2
229000533,12,0,12
229000534,4,0,4
229000564,9,0,9
229000565,4,0,4
229000566,0,0,0
229000567,0,0,0
229000582,14,0,14
229000583,0,0,0
229000584,0,0,0
229000585,0,0,0
229000718,0,0,0
229000719,0,0,0
229000720,0,0,0
229000721,0,0,0
229000722,0,0,0
229000723,0,0,0
229000724,0,0,0
229000725,0,0,0
229000738,1,0,1
229000739,0,0,0
229000740,0,0,0
229000741,10,0,10
229000742,16,0,16
229000743,4,0,4
229000744,2,0,2
229000745,1,0,1
229000746,8,0,8
229000847,51,2,49
229000848,23,0,23
229000849,86,0,86
229000851,27,2,25
229000854,0,8,-8
229000856,0,22,-22
229000857,1,13,-12
229000858,0,19,-19
229000919,5,47,-42
229000930,1,131,-130
229000937,90,15,75
229000966,71,21,50
229000981,17,13,4
229000985,8,16,-8
229000986,2,5,-3
229000987,0,5,-5
229000988,2,8,-6
229000989,11,4,7
229000990,0,1,-1
229000991,0,1,-1
229000992,10,8,2
229000993,105,14,91
229000998,7,40,-33
229000999,64,9,55
229001034,1,6,-5
229001035,3,2,1
229001037,37,7,30
229001042,13,8,5
229001047,6,20,-14
229001050,23,36,-13
229001168,0,0,0
229001200,15,5,10
229001338,0,8,-8
229001394,151,2,149
229001422,121,19,102
229001423,39,92,-53
229001431,34,35,-1
229001432,24,49,-25
229001444,202,49,153
229001445,16,99,-83
229001479,4,0,4
229001503,223,57,166
229001504,101,77,24
229001505,105,27,78
229001506,52,65,-13
229001509,47,13,34
229001545,104,3,101
229001546,14,37,-23
229001553,66,21,45
229001554,6,48,-42
229001559,1,5,-4
229001560,12,21,-9
229001630,38,7,31
229001631,6,9,-3
229001635,1,12,-11
229001636,3,1,2
229001658,1,54,-53
229001659,53,2,51
229001660,17,8,9
229001661,4,21,-17
229001662,22,0,22
229001663,0,18,-18
229002584,157,120,37
229002831,92,66,26
229002841,8,8,0
229002842,11,14,-3
229002843,45,18,27
229002844,19,48,-29
229002845,6,74,-68
229002846,32,11,21
229002847,2,12,-10
229002848,5,6,-1
229002849,3,75,-72
229002850,9,2,7
229002851,35,175,-140
229002852,115,24,91
229002853,94,27,67
229002854,48,52,-4
229002855,12,24,-12
229002856,18,18,0
229002857,12,165,-153
229002858,15,10,5
229002859,14,164,-150
229002860,156,24,132
229002861,40,19,21
229002862,13,23,-10
229002863,23,31,-8
229002864,23,22,1
229002865,7,10,-3
229002866,9,19,-10
229002867,1,27,-26
229002868,5,13,-8
229002869,46,136,-90
229002870,53,35,18
235000066,268,38,230
235000067,91,83,8
235000072,30,39,-9
235000073,103,231,-128
235000074,32,28,4
235000080,25,74,-49
235000081,111,61,50
235000082,209,28,181
235000083,173,36,137
235000084,61,27,34
235000085,117,52,65
235000089,20,23,-3
235000092,23,81,-58
235000093,2,1,1
235000097,6,9,-3
235000098,38,6,32
235000099,17,19,-2
235000116,45,19,26
235000117,477,13,464
235000133,6,526,-520
235000134,8,197,-189
235000206,7,4,3
235000207,3,3,0
235000208,4,1,3
235000209,6,1,5
235000210,5,3,2
235000212,4,15,-11
235000213,7,14,-7
235000220,0,2,-2
235000221,82,19,63
235000238,9,107,-98
235000239,0,23,-23
235000242,312,708,-396
235000245,518,153,365
235000246,15,63,-48
235000284,8,175,-167
235000295,60,7,53
235000305,177,22,155
235000306,216,19,197
235000307,16,1,15
235000308,25,0,25
235000309,56,3,53
235000310,36,0,36
235000311,55,17,38
235000322,0,20,-20
235000323,0,44,-44
235000324,1,16,-15
235000325,2,9,-7
235000326,5,93,-88
235000351,1,83,-82
235000352,12,30,-18
235000353,8,23,-15
235000354,9,69,-60
235000355,22,82,-60
235000356,60,5,55
235000357,37,7,30
235000358,66,3,63
235000359,23,12,11
235000360,27,9,18
235000361,62,7,55
235000381,79,81,-2
235000382,131,29,102
235000390,14,3,11
235000391,151,22,129
235000392,199,249,-50
235000393,146,156,-10
235000395,145,34,111
235000396,522,70,452
235000400,60,71,-11
235000401,17,104,-87
235000405,84,144,-60
235000406,52,128,-76
235000407,34,36,-2
235000409,80,79,1
235000410,30,159,-129
235000411,0,52,-52
235000485,0,12,-12
235000486,10,0,10
235000549,94,55,39
235000550,95,89,6
235000599,155,39,116
235000600,17,12,5
235000601,11,16,-5
235000602,88,42,46
235000614,0,5,-5
235000648,1,12,-11
235000649,29,3,26
235000685,1,6,-5
235000815,45,265,-220
235000834,0,12,-12
235000855,40,41,-1
235000862,27,58,-31
235000891,1,8,-7
235000892,11,2,9
235000901,51,40,11
235000907,4,9,-5
235001010,74,27,47
235001029,322,241,81
235001030,445,170,275
235001078,65,81,-16
235001079,42,63,-21
235001147,44,52,-8
235001166,57,45,12
235001167,52,17,35
235001169,29,337,-308
235001188,1,8,-7
235001189,4,0,4
235001197,6,43,-37
235001200,37,30,7
235001207,382,26,356
235001210,81,90,-9
235001215,21,118,-97
235001239,0,17,-17
235001244,1,18,-17
235016267,0,40,-40
277101746,0,0,0
277102712,4,0,4
277103813,0,0,0
277103814,0,0,0
277103898,0,0,0
277104249,0,1,-1
277104250,0,3,-3
277104251,0,2,-2
277104252,0,2,-2
990011530,0,148,-148
990014944,1,246,-245
990015176,20,4,16
990015618,1,74,-73
990016032,0,112,-112
990032570,0,15,-15
990070001,67,6,61
990070103,0,3,-3
990070601,0,40,-40
990070751,1093,5,1088
990070766,2,196,-194
990071180,369,137,232
990071343,19,1,18
990071387,0,9,-9
990071823,294,1,293
990072600,2,1171,-1169
990072964,2,290,-288
990073285,0,4,-4
990074393,1,435,-434
990074870,1307,8,1299
990075106,803,6,797
990075746,500,3,497
990076437,1409,2,1407
990076458,1,260,-259
997000007,492,26,466
997000041,0,111,-111
997000058,72,0,72
997000062,41,9,32
997000069,0,2,-2
997000070,0,18,-18
997000100,39,0,39
997000141,2,504,-502
997000198,99,874,-775
998000475,0,2,-2
998000736,0,57,-57
998000965,0,5,-5
998001031,0,44,-44
998001700,0,4,-4
998001899,0,3,-3
998001900,4,0,4
998003073,703,7,696
998101900,0,0,0
998102850,2,286,-284
998501927,576,935,-359
998501929,69,3,66
998501930,19,0,19
998501931,85,1,84
998501932,5,1,4
998501933,59,2,57
998501937,19,2,17
998501944,1,0,1
998501950,1,21,-20
998501970,46,2,44
998501971,0,53,-53
998501973,0,9,-9
998501974,0,170,-170
998501975,81,1,80
998501976,199,2,197
998501977,0,16,-16
998501978,9,1,8
998501979,0,10,-10
998501980,84,15,69
998501981,15,1,14
998501982,0,69,-69
998501983,0,3,-3
998502006,0,0,0
998502024,0,3,-3
998502032,0,5,-5
998502062,6,1,5
998502063,0,0,0
998502173,19,0,19
998502269,0,0,0
998502546,1,125,-124
998502578,3,5,-2
998502599,41,221,-180
998601159,0,54,-54
998601292,0,8,-8
999033574,1,178,-177
999800001,33,1,32
999800002,0,3,-3
999800003,6,0,6
999800004,0,0,0
999800005,0,4,-4
