ID,insum,outsum,diff
100000001,29,47,-18
100000002,1508,2375,-867
100000003,950,2050,-1100
100000004,49,585,-536
100000005,809,1309,-500
100000006,1,13,-12
100000007,91,96,-5
100000008,0,0,0
100000009,1,33,-32
100000010,0,21,-21
100000011,4,17,-13
100000012,0,0,0
100000013,0,0,0
100000014,0,0,0
100000015,123,147,-24
100000016,1,0,1
100000017,0,0,0
100000018,41,29,12
100000019,77,295,-218
100000020,36,255,-219
100000021,1,0,1
100000022,77,146,-69
100000023,5,0,5
100000025,5,38,-33
100000028,16,8,8
100000029,0,0,0
100000030,0,0,0
100000031,90,342,-252
100000032,52,197,-145
100000033,84,123,-39
100000034,0,0,0
100000035,18,84,-66
100000036,56,51,5
100000037,13,18,-5
100000038,288,56,232
100000039,74,2,72
100000040,2,5,-3
100000041,21,23,-2
100000042,89,46,43
100000043,22,34,-12
100000044,0,0,0
100000045,0,0,0
100000046,0,0,0
100000047,0,0,0
100000048,0,0,0
100000049,0,0,0
100000051,0,0,0
100000053,0,0,0
100000054,4,8,-4
100000055,0,0,0
100000056,5,49,-44
100000057,58,21,37
100000058,0,0,0
100000059,1,2,-1
100000060,104,61,43
100000061,38,32,6
100000062,66,42,24
100000063,73,47,26
100000064,172,20,152
100000065,13,2,11
100000066,11,1,10
100000067,4,5,-1
100000068,2,3,-1
100000069,4,17,-13
100000072,0,0,0
100000073,0,0,0
100000075,0,0,0
100000076,124,913,-789
100000077,25,68,-43
100000078,11,204,-193
100000079,0,127,-127
100000080,4,77,-73
100000081,0,50,-50
100000102,305,1261,-956
100000103,86,74,12
100000104,75,84,-9
100000105,0,0,0
100000106,144,1566,-1422
100000107,22,369,-347
100000108,0,7,-7
100000109,60,26,34
100000116,61,155,-94
100000117,3,119,-116
100000118,305,21,284
100000119,112,33,79
100000121,22,13,9
100000122,97,80,17
100000123,190,65,125
100000124,36,35,1
100000125,9,59,-50
100000126,5,22,-17
100000127,1,11,-10
100000128,0,5,-5
100000129,31,22,9
100000130,0,0,0
100000131,0,2,-2
100000132,3,122,-119
100000133,106,58,48
100000135,112,55,57
100000139,97,113,-16
100000140,0,0,0
100000142,95,18,77
100000143,0,0,0
100000144,0,0,0
100000147,301,857,-556
100000150,0,25,-25
100000151,91,496,-405
100000153,0,0,0
100000154,0,0,0
100000155,1,60,-59
100000156,11,151,-140
100000157,346,96,250
100000158,10,69,-59
100000159,1,71,-70
100000165,69,6,63
100000169,0,0,0
100000174,0,0,0
100000179,17,7,10
100000180,0,0,0
100000181,5,2,3
100000188,0,0,0
100000189,133,21,112
100000190,59,151,-92
100000191,6,219,-213
100000192,1,218,-217
100000193,32,42,-10
100000330,0,0,0
100000355,4,2,2
100000362,88,32,56
100000363,1909,2652,-743
100000364,0,0,0
100000365,2635,1156,1479
100000366,285,213,72
100000367,2078,1715,363
100000368,39,34,5
100000369,26,752,-726
100000370,0,39,-39
100000376,0,0,0
100000379,112,584,-472
100000380,911,1696,-785
100000384,1155,2217,-1062
100000385,102,793,-691
100000386,261,1175,-914
100000387,229,1331,-1102
100000388,845,829,16
100000389,979,2098,-1119
100000390,235,265,-30
100000391,242,1769,-1527
100000392,88,166,-78
100000393,84,662,-578
100000394,66,232,-166
100000395,53,163,-110
100000396,211,188,23
100000397,298,555,-257
100000398,1984,585,1399
100000413,0,0,0
100000414,4,32,-28
100900002,0,0,0
100900003,0,0,0
100900004,0,0,0
100900005,0,0,0
100900006,0,0,0
100900007,0,0,0
100900008,0,0,0
100900009,0,0,0
100900010,0,0,0
100900011,0,0,0
100900012,0,0,0
100900013,0,0,0
100900014,0,0,0
100900015,0,0,0
100900016,0,0,0
100900017,0,0,0
100900018,0,0,0
100900019,0,0,0
100900020,0,0,0
100900021,0,0,0
100900022,0,0,0
100900023,0,0,0
100900024,0,0,0
100900025,0,0,0
100900026,0,0,0
100900027,0,0,0
100900028,0,0,0
100900029,0,0,0
100900030,0,0,0
100900031,0,0,0
100900032,0,0,0
100900033,0,0,0
100900034,0,0,0
100900035,0,0,0
100900036,0,0,0
100900037,0,0,0
100900038,0,0,0
100900039,0,0,0
100900040,0,0,0
100900041,0,0,0
100900042,3,5,-2
100900043,0,0,0
100900044,0,0,0
100900045,0,0,0
100900046,0,0,0
100900047,0,0,0
100900048,0,0,0
100900049,0,0,0
100900050,0,0,0
100900051,0,0,0
100900052,0,0,0
100900053,0,0,0
100900054,0,0,0
100900055,0,0,0
100900056,0,0,0
100900057,0,0,0
100900058,0,0,0
100900059,0,0,0
100900060,0,0,0
100900061,0,0,0
100900062,0,0,0
100900063,0,0,0
100900064,0,0,0
100900065,0,0,0
100900066,0,0,0
100900067,0,0,0
100900068,0,0,0
100900069,0,0,0
100900070,0,0,0
100900071,0,0,0
100900072,0,0,0
100900073,0,0,0
100900074,0,0,0
100900075,0,0,0
100900076,0,0,0
100900077,0,0,0
100900078,0,0,0
100900079,0,0,0
100900080,0,0,0
100900081,0,0,0
100900082,0,0,0
100900083,0,0,0
100900085,0,0,0
100900086,0,0,0
100900088,0,0,0
100900089,0,0,0
100900090,0,0,0
100900091,0,0,0
100900092,0,0,0
100900093,0,0,0
100900094,0,0,0
100900095,0,0,0
100900096,0,0,0
100900097,0,0,0
100900098,0,0,0
100900099,0,0,0
100900100,0,0,0
100900101,0,0,0
100900102,0,0,0
100900103,0,0,0
100900104,0,0,0
100900105,0,0,0
100900106,0,0,0
100900107,0,0,0
100900108,0,0,0
100900109,0,0,0
100900110,0,0,0
100900111,0,0,0
100900112,0,0,0
100900113,0,0,0
100900114,0,0,0
100900115,0,0,0
100900116,0,0,0
100900117,0,0,0
100900118,0,0,0
100900119,0,0,0
100900120,0,0,0
100900121,0,0,0
100900122,0,0,0
100900123,0,0,0
100900124,0,0,0
100900125,0,0,0
100900126,0,0,0
100900127,0,0,0
100900128,0,0,0
100900129,0,0,0
100900131,0,0,0
100900133,0,0,0
100900134,0,0,0
100900135,0,0,0
100900137,0,0,0
100900138,0,0,0
100900139,0,0,0
100900140,0,0,0
100900141,0,0,0
100900142,0,0,0
100900143,0,0,0
100900144,0,0,0
100900145,0,0,0
100900146,0,0,0
100900147,0,0,0
100900148,0,0,0
100900149,0,0,0
100900150,0,0,0
100900151,0,0,0
100900152,0,0,0
100900153,0,0,0
100900154,0,0,0
100900155,0,0,0
100900156,0,0,0
100900157,0,0,0
100900159,0,0,0
100900160,0,0,0
100900161,0,0,0
100900162,0,0,0
100900163,0,0,0
100900164,0,0,0
100900165,0,0,0
100900166,0,0,0
100900167,0,0,0
100900168,0,0,0
100900169,0,0,0
100900170,0,0,0
100900171,0,0,0
100900172,0,0,0
100900173,0,0,0
100900174,0,0,0
100900176,0,0,0
100900177,0,0,0
100900178,0,0,0
100900179,0,0,0
100900180,0,0,0
100900181,0,0,0
100900182,0,0,0
100900184,0,0,0
100900186,0,0,0
100900187,0,0,0
100900188,0,0,0
100900189,0,0,0
100900191,0,0,0
100900192,0,0,0
100900195,0,0,0
100900197,0,0,0
100900198,0,0,0
100900199,0,0,0
100900200,0,0,0
100900201,0,0,0
100900202,0,0,0
100900203,0,0,0
100900204,0,0,0
100900205,0,0,0
100900206,0,0,0
100900207,0,0,0
100900210,0,0,0
100900211,0,0,0
100900213,0,0,0
100900214,0,0,0
100900215,0,0,0
100900217,0,0,0
101000001,75,289,-214
101000002,17,91,-74
101000003,0,78,-78
101000004,849,1382,-533
101000005,549,1042,-493
101000006,325,167,158
101000007,36,409,-373
101000009,199,53,146
101000010,45,38,7
101000011,18,43,-25
101000012,0,0,0
101000013,25,127,-102
101000014,5,102,-97
101000015,16,14,2
101000016,0,0,0
101000017,0,0,0
101000018,75,27,48
101000020,58,27,31
101000021,9,92,-83
101000022,0,0,0
101000023,27,170,-143
101000025,0,0,0
101000026,0,0,0
101000027,81,197,-116
101000028,0,0,0
101000029,0,0,0
101000030,0,0,0
101000031,1,19,-18
101000032,530,1013,-483
101000033,5,10,-5
101000034,92,68,24
101000035,0,0,0
101000036,10,40,-30
101000037,21,322,-301
101000039,0,0,0
101000040,10,134,-124
101000041,776,1692,-916
101000042,6,262,-256
101000043,25,114,-89
101000045,40,244,-204
101000046,270,414,-144
101000047,336,233,103
101000048,42,100,-58
101000049,0,2,-2
101000050,68,161,-93
101000051,10,480,-470
101000052,108,540,-432
101000053,132,109,23
101000054,125,52,73
101000055,146,569,-423
101000056,0,0,0
101000057,9,0,9
101000058,64,381,-317
101000059,174,1206,-1032
101000060,8,0,8
101000061,25,1204,-1179
101000062,4,0,4
101000063,57,590,-533
101000064,2,1,1
101000065,54,267,-213
101000066,80,248,-168
101000067,11,3,8
101000068,97,167,-70
101000069,62,3,59
101000070,105,6,99
101000071,51,68,-17
101000072,603,243,360
101000073,238,273,-35
101000074,925,330,595
101000075,1156,165,991
101000077,392,79,313
101000078,133,71,62
101000079,282,233,49
101000080,67,8,59
101000081,358,79,279
101000082,31,17,14
101000083,336,165,171
101000084,8,6,2
101000085,373,212,161
101000086,0,0,0
101000087,0,0,0
101000088,365,179,186
101000089,197,112,85
101000090,0,0,0
101000091,25,5,20
101000092,258,33,225
101000093,134,61,73
101000094,15,7,8
101000095,1,1,0
101000096,75,55,20
101000097,2,2,0
101000098,1,2,-1
101000099,8,82,-74
101000100,0,3,-3
101000101,140,45,95
101000102,14,106,-92
101000103,87,46,41
101000104,28,159,-131
101000105,1,18,-17
101000106,0,0,0
101000107,0,0,0
101000108,0,0,0
101000109,0,0,0
101000110,0,0,0
101000111,0,0,0
101000113,0,0,0
101000114,78,98,-20
101000115,0,0,0
101000116,0,0,0
101000117,0,0,0
101000119,0,0,0
101000120,0,0,0
101000121,0,0,0
101000122,0,0,0
101000123,0,0,0
101000124,0,0,0
101000125,4,6,-2
101000128,0,0,0
101000130,18,3,15
101000131,79,28,51
101000132,8,7,1
101000135,0,0,0
101000136,0,0,0
101000137,0,0,0
101000141,142,1590,-1448
101000147,1,2,-1
101000148,0,0,0
101000149,0,0,0
101000150,0,0,0
101000151,0,0,0
101000152,9,1,8
101000153,18,13,5
101000154,33,14,19
101000155,0,0,0
101000156,0,0,0
101000157,0,0,0
101000160,0,0,0
101000163,28,153,-125
101000164,0,0,0
101000165,108,58,50
101000166,52,6,46
101000168,0,0,0
101000252,378,89,289
101000254,0,0,0
101000258,0,0,0
101000261,0,0,0
101000262,226,2157,-1931
101000263,58,150,-92
101000265,0,0,0
101000266,0,0,0
101000269,0,0,0
101000290,82,78,4
101000293,0,0,0
101000294,5,7,-2
101000295,2,4,-2
101000301,6,5,1
101000304,119,534,-415
101000305,343,240,103
101000328,43,169,-126
101900001,0,0,0
101900002,0,0,0
101900003,0,0,0
101900004,0,0,0
101900005,0,0,0
101900006,0,0,0
101900007,0,0,0
101900008,0,0,0
101900009,0,0,0
101900010,0,0,0
101900011,0,0,0
101900012,0,0,0
101900013,0,0,0
101900017,0,0,0
101900018,0,0,0
101900019,0,0,0
101900020,0,0,0
101900021,0,0,0
101900022,0,0,0
101900023,0,0,0
101900026,0,0,0
101900027,0,0,0
102000001,278,491,-213
102000002,107,46,61
102000003,66,241,-175
102000004,116,263,-147
102000005,40,268,-228
102000006,11,240,-229
102000007,38,406,-368
102000008,182,172,10
102000009,294,456,-162
102000010,177,244,-67
102000011,227,532,-305
102000012,375,205,170
102000018,70,120,-50
102000019,0,0,0
102000026,0,0,0
102000029,0,0,0
102000030,0,0,0
102000031,0,0,0
102000032,0,0,0
102000033,0,0,0
102000034,0,0,0
102000035,0,0,0
102000036,0,0,0
102000037,0,0,0
102000038,0,0,0
102000039,0,0,0
102000040,0,0,0
102000041,0,0,0
102000042,0,0,0
102000043,0,0,0
102000044,0,0,0
102000045,80,94,-14
102000046,0,0,0
102000047,17,28,-11
102000048,0,0,0
102000049,0,0,0
102000050,137,49,88
102000051,0,0,0
102000052,138,91,47
102000053,0,0,0
102000054,104,31,73
102000055,44,18,26
102000056,340,39,301
102000057,65,107,-42
102000058,43,10,33
102000059,24,7,17
102000060,479,382,97
102000061,21,7,14
102000062,197,190,7
102000063,0,5,-5
102000064,8,50,-42
102000065,2,0,2
102000066,15,16,-1
102000067,8,60,-52
102000068,283,225,58
102000069,0,0,0
102000070,0,0,0
102000071,616,395,221
102000072,139,137,2
102000073,0,0,0
102000074,0,0,0
102000075,0,0,0
102000076,0,0,0
102000077,0,0,0
102000078,0,0,0
102000079,1,0,1
102000080,0,0,0
102000081,56,2,54
102000082,0,0,0
102000083,0,0,0
102000084,164,14,150
102000085,0,0,0
102000086,128,29,99
102000087,3,4,-1
102000088,12,36,-24
102000089,111,60,51
102000090,59,78,-19
102000091,337,114,223
102000092,86,52,34
102000093,136,101,35
102000094,37,37,0
102000095,0,0,0
102000096,75,61,14
102000097,0,0,0
102000098,19,5,14
102000099,22,11,11
102000100,1,23,-22
102000101,1,26,-25
102000102,25,66,-41
102000103,17,16,1
102000104,0,0,0
102000105,0,0,0
102000106,0,0,0
102000107,0,0,0
102000108,0,0,0
102000109,0,0,0
102000110,0,0,0
102000111,0,0,0
102000112,0,0,0
102000113,0,0,0
102000114,0,0,0
102000115,0,0,0
102000116,0,112,-112
102000117,0,0,0
102000118,15,336,-321
102000119,0,0,0
102000120,0,0,0
102000121,0,0,0
102000122,0,0,0
102000123,0,0,0
102000124,0,0,0
102000125,0,0,0
102000126,0,0,0
102000127,0,0,0
102000128,0,0,0
102000129,0,0,0
102000130,0,0,0
102000131,0,0,0
102000132,0,0,0
102000133,202,35,167
102000134,11,73,-62
102000135,0,0,0
102000136,0,0,0
102000137,0,0,0
102000138,0,0,0
102000139,0,0,0
102000140,0,0,0
102000141,0,0,0
102000142,0,0,0
102000143,0,0,0
102000144,0,0,0
102000145,0,0,0
102000146,0,0,0
102000147,0,0,0
102000148,0,0,0
102000149,0,0,0
102000150,0,0,0
102000151,0,0,0
102000152,0,0,0
102000153,0,0,0
102000154,0,0,0
102000155,0,0,0
102000156,0,0,0
102000157,0,0,0
102000158,0,0,0
102000159,0,0,0
102000161,0,0,0
102000162,0,0,0
102000163,0,2,-2
102000164,1,2,-1
102000165,0,0,0
102000166,0,3,-3
102000167,0,0,0
102000168,2,3,-1
102000169,1,1,0
102000170,0,0,0
102000171,0,0,0
102000172,0,1,-1
102000173,0,6,-6
102000174,0,0,0
102000175,2,2,0
102000176,0,0,0
102000178,1,0,1
102000179,7,19,-12
102000180,44,2,42
102000181,46,3,43
102000182,20,2,18
102000183,132,58,74
102000184,40,1,39
102000185,220,36,184
102000186,4,3,1
102000187,26,4,22
102000188,175,30,145
102000189,8,1,7
102000190,17,63,-46
102000191,47,8,39
102000192,0,0,0
102000193,0,0,0
102000194,0,0,0
102000195,0,0,0
102000196,0,0,0
102000197,0,0,0
102000198,0,0,0
102000199,0,0,0
102000200,0,0,0
102000201,0,0,0
102000202,0,0,0
102000203,0,0,0
102000204,0,0,0
102000205,0,0,0
102000206,0,0,0
102000207,0,0,0
102000208,0,0,0
102000209,0,0,0
102000210,0,0,0
102000211,0,0,0
102000212,0,0,0
102000213,0,0,0
102000214,0,0,0
102000215,0,0,0
102000216,0,0,0
102000217,0,0,0
102000218,0,0,0
102000219,0,0,0
102000225,84,57,27
102000226,0,0,0
102000227,0,0,0
102000228,0,0,0
102000229,0,0,0
102000230,15,11,4
102000231,0,0,0
102000232,0,0,0
102000233,45,85,-40
102000234,2,92,-90
102000236,0,0,0
102000237,0,0,0
102000238,0,0,0
102000240,0,0,0
102000241,0,0,0
102000243,0,1,-1
102000245,0,0,0
102000246,0,0,0
102000247,2,39,-37
102000248,28,189,-161
102000249,0,0,0
102000250,0,0,0
102000254,28,24,4
102000266,0,0,0
102000271,0,0,0
102000286,0,0,0
102000297,0,0,0
102000305,0,0,0
102000307,0,0,0
102000316,0,0,0
102900001,0,0,0
102900002,0,0,0
102900003,0,0,0
102900005,0,0,0
102900006,0,0,0
102900007,0,0,0
102900008,0,0,0
102900009,0,0,0
102900010,0,0,0
102900011,0,0,0
102900012,0,0,0
102900013,0,0,0
102900015,0,0,0
102900016,0,0,0
102900017,0,0,0
102900018,0,0,0
102900019,0,0,0
102900020,0,0,0
102900021,0,0,0
102900022,0,0,0
102900023,0,0,0
102900024,0,0,0
102900025,0,0,0
102900026,0,0,0
102900027,0,0,0
102900028,0,0,0
102900029,0,0,0
102900030,0,0,0
102900031,0,0,0
102900032,0,0,0
102900033,0,0,0
102900034,0,0,0
102900035,0,0,0
102900036,0,0,0
102900037,0,0,0
102900038,0,0,0
102900039,0,0,0
102900040,0,0,0
102900041,0,0,0
102900042,0,0,0
102900043,0,0,0
102900044,0,0,0
102900045,0,0,0
102900046,0,0,0
102900047,0,0,0
102900048,0,0,0
102900049,0,0,0
102900050,0,0,0
102900051,0,0,0
102900053,0,0,0
102900054,0,0,0
102900055,0,0,0
102900056,0,0,0
102900057,0,0,0
102900058,0,0,0
102900059,0,0,0
102900060,0,0,0
102900061,0,0,0
102900062,0,0,0
102900063,0,0,0
102900064,0,0,0
102900065,0,0,0
102900066,0,0,0
102900068,0,0,0
102900070,0,0,0
102900072,0,0,0
102900073,0,0,0
102900075,0,0,0
102900076,0,0,0
102900077,0,0,0
102900078,0,0,0
102900079,0,0,0
102900080,0,0,0
102900081,0,0,0
102900082,0,0,0
102900083,0,0,0
102900084,0,0,0
102900085,0,0,0
102900086,0,0,0
102900087,0,0,0
102900088,0,0,0
102900089,0,0,0
102900090,0,0,0
102900091,0,0,0
102900092,0,0,0
102900094,0,0,0
102900095,0,0,0
102900096,0,0,0
102900097,0,0,0
103000001,230,84,146
103000002,36,59,-23
103000003,105,114,-9
103000004,0,8,-8
103000005,510,236,274
103000006,148,109,39
103000007,13,9,4
103000008,0,0,0
103000009,86,109,-23
103000010,0,0,0
103000011,5,5,0
103000012,404,306,98
103000013,146,38,108
103000014,327,578,-251
103000015,0,0,0
103000016,47,78,-31
103000017,66,29,37
103000018,0,0,0
103000019,81,106,-25
103000020,1,93,-92
103000021,878,692,186
103000022,13,55,-42
103000023,283,714,-431
103000024,0,0,0
103000025,19,88,-69
103000026,0,0,0
103000027,25,58,-33
103000028,7,32,-25
103000029,46,60,-14
103000030,13,22,-9
103000031,122,275,-153
103000032,170,150,20
103000033,1406,627,779
103000034,2,17,-15
103000035,35,203,-168
103000036,11,168,-157
103000037,1,1,0
103000038,166,169,-3
103000039,1,20,-19
103000040,12,68,-56
103000041,128,146,-18
103000042,21,4,17
103000043,102,47,55
103000044,0,0,0
103000046,0,0,0
103000047,0,0,0
103000048,0,0,0
103000049,0,0,0
103000050,0,0,0
103000051,0,0,0
103000052,0,0,0
103000053,0,0,0
103000054,278,8,270
103000055,400,51,349
103000056,31,15,16
103000057,227,213,14
103000058,94,16,78
103000059,36,35,1
103000060,136,5,131
103000061,48,58,-10
103000062,0,0,0
103000063,122,60,62
103000064,0,0,0
103000065,0,0,0
103000066,0,0,0
103000069,0,0,0
103000070,0,0,0
103000071,49,33,16
103000072,0,0,0
103000073,95,9,86
103000074,62,1,61
103000075,0,0,0
103000076,9,43,-34
103000077,0,0,0
103000078,79,44,35
103000079,8,33,-25
103000080,223,18,205
103000081,1,133,-132
103000082,98,14,84
103000083,0,0,0
103000084,2,0,2
103000085,0,0,0
103000086,179,137,42
103000087,42,131,-89
103000088,0,0,0
103000089,72,111,-39
103000090,598,225,373
103000091,31,44,-13
103000092,255,8,247
103000093,0,0,0
103000094,87,7,80
103000095,0,0,0
103000096,129,21,108
103000097,0,0,0
103000098,192,22,170
103000099,0,0,0
103000100,0,0,0
103000101,87,2,85
103000102,0,0,0
103000103,91,2,89
103000104,6,0,6
103000105,11,1,10
103000106,1,2,-1
103000107,15,49,-34
103000108,69,18,51
103000109,17,44,-27
103000110,43,69,-26
103000111,0,0,0
103000112,46,29,17
103000113,0,0,0
103000114,292,83,209
103000115,42,28,14
103000116,55,15,40
103000117,64,9,55
103000118,0,0,0
103000119,0,0,0
103000120,0,0,0
103000121,4,1,3
103000122,276,1057,-781
103000125,0,2,-2
103000126,71,0,71
103000127,0,1,-1
103000128,1,0,1
103000129,0,4,-4
103000130,37,0,37
103000131,2,26,-24
103000132,0,2,-2
103000133,0,32,-32
103000134,181,34,147
103000135,78,23,55
103000136,287,44,243
103000137,29,119,-90
103000138,57,231,-174
103000139,0,0,0
103000140,21,19,2
103000141,0,0,0
103000142,37,7,30
103000143,0,0,0
103000144,34,8,26
103000145,0,1,-1
103000150,0,0,0
103000152,0,0,0
103000153,58,50,8
103000156,0,9,-9
103000157,23,0,23
103000159,0,0,0
103000162,0,6,-6
103000163,0,58,-58
103000164,0,0,0
103000165,0,0,0
103000166,50,46,4
103000167,6,10,-4
103000168,0,0,0
103000169,52,8,44
103000170,374,349,25
103000171,1,2,-1
103000172,105,8,97
103000173,0,0,0
103000174,156,15,141
103000175,0,0,0
103000176,4,9,-5
103000177,0,0,0
103000178,0,0,0
103000179,0,0,0
103000183,54,0,54
103000185,27,1,26
103000186,47,3,44
103000187,0,0,0
103000188,1,0,1
103000189,0,0,0
103000191,3,2,1
103000292,1,47,-46
103000293,28,147,-119
103000295,86,11,75
103000296,13,0,13
103000297,1,0,1
103000504,0,0,0
103000505,0,0,0
103000506,0,0,0
103000507,0,0,0
103000508,0,0,0
103000509,0,0,0
103900001,0,0,0
103900002,0,0,0
103900003,0,0,0
103900004,0,0,0
103900005,0,0,0
103900006,0,0,0
103900007,0,0,0
103900008,0,0,0
103900009,0,0,0
103900010,0,0,0
103900011,0,0,0
103900012,0,0,0
103900013,0,0,0
103900014,0,0,0
103900015,0,0,0
103900016,0,0,0
103900017,0,0,0
103900018,0,0,0
103900019,0,0,0
103900020,0,0,0
103900021,0,0,0
103900022,0,0,0
103900023,0,0,0
103900024,0,0,0
103900025,0,0,0
103900026,0,0,0
103900027,0,0,0
103900028,0,0,0
103900029,0,0,0
103900030,0,0,0
103900031,0,0,0
103900032,0,0,0
103900033,0,0,0
103900034,0,0,0
103900035,0,0,0
103900036,0,0,0
103900037,0,0,0
103900038,0,0,0
103900039,0,0,0
103900040,0,0,0
103900041,0,0,0
103900042,0,0,0
103900043,0,0,0
103900044,0,0,0
103900045,0,0,0
103900047,0,0,0
103900048,0,0,0
103900049,0,0,0
103900050,0,0,0
103900051,0,0,0
103900052,0,0,0
103900053,0,0,0
103900054,0,0,0
103900055,0,0,0
103900056,0,0,0
103900057,0,0,0
103900058,0,0,0
103900059,0,0,0
103900060,0,0,0
103900061,0,0,0
103900062,0,0,0
103900063,0,0,0
103900064,0,0,0
103900065,0,0,0
103900066,0,0,0
103900067,0,0,0
103900068,0,0,0
103900069,0,0,0
103900070,0,0,0
103900071,0,0,0
103900072,0,0,0
103900073,0,0,0
103900074,0,0,0
103900075,0,0,0
103900076,0,0,0
103900077,0,0,0
103900078,0,0,0
103900079,0,0,0
103900080,0,0,0
103900081,0,0,0
103900082,0,0,0
103900083,0,0,0
103900084,0,0,0
103900085,0,0,0
103900086,0,0,0
103900088,0,0,0
103900089,0,0,0
103900090,0,0,0
103900091,0,0,0
103900092,0,0,0
103900093,0,0,0
103900094,0,0,0
103900095,0,0,0
103900096,0,0,0
103900097,0,0,0
103900098,0,0,0
103900099,0,0,0
103900100,0,0,0
103900101,0,0,0
103900102,0,0,0
103900104,0,0,0
103900105,0,0,0
103900106,0,0,0
103900107,0,0,0
103900108,0,0,0
103900109,0,0,0
103900110,0,0,0
103900111,0,0,0
103900112,0,0,0
103900113,0,0,0
103900114,0,0,0
103900115,0,0,0
103900116,0,0,0
103900117,0,0,0
103900119,0,0,0
103900120,0,0,0
103900122,0,0,0
103900123,0,0,0
103900124,0,0,0
103900125,0,0,0
103900126,0,0,0
103900127,0,0,0
103900128,0,0,0
103900131,0,0,0
103900133,0,0,0
103900134,0,0,0
103900135,0,0,0
103900137,0,0,0
103900138,0,0,0
103900139,0,0,0
103900140,0,0,0
103900141,0,0,0
103900142,0,0,0
103900143,0,0,0
103900144,0,0,0
103900145,0,0,0
103900146,0,0,0
103900147,0,0,0
103900148,0,0,0
103900149,0,0,0
103900150,0,0,0
103900151,0,0,0
103900152,0,0,0
103900153,0,0,0
103900154,0,0,0
103900155,0,0,0
103900156,0,0,0
103900157,0,0,0
103900158,0,0,0
103900159,0,0,0
103900160,0,0,0
103900161,0,0,0
103900162,0,0,0
103900163,0,0,0
103900167,0,0,0
103900168,0,0,0
103900169,0,0,0
103900170,0,0,0
103900171,0,0,0
103900172,0,0,0
103900173,0,0,0
103900174,0,0,0
103900175,0,0,0
103900176,0,0,0
103900177,0,0,0
103900178,0,0,0
103900179,0,0,0
103900180,0,0,0
103900181,0,0,0
103900182,0,0,0
103900184,0,0,0
103900185,0,0,0
103900187,0,0,0
103900188,0,0,0
103900189,0,0,0
103900190,0,0,0
103900191,0,0,0
103900192,0,0,0
103900193,0,0,0
103900194,0,0,0
103900195,0,0,0
103900196,0,0,0
103900197,0,0,0
103900198,0,0,0
103900199,0,0,0
103900200,0,0,0
103900201,0,0,0
103900202,0,0,0
103900203,0,0,0
103900204,0,0,0
103900207,0,0,0
103900208,0,0,0
103900209,0,0,0
103900210,0,0,0
103900211,0,0,0
103900212,0,0,0
103900213,1,45,-44
103900214,18,87,-69
103900215,2,37,-35
103900216,0,0,0
103900217,0,0,0
103900218,0,0,0
103900219,0,0,0
103900233,0,0,0
103900235,0,0,0
103900236,0,0,0
103900242,0,0,0
103900243,0,0,0
103900244,0,0,0
103900245,0,0,0
103900246,0,0,0
103900247,0,0,0
103900248,0,0,0
103900249,0,0,0
103900250,0,0,0
103900251,0,0,0
103900253,0,0,0
103900254,0,0,0
103900255,0,0,0
103900256,0,0,0
103900257,0,0,0
103900258,0,0,0
103900259,0,0,0
103900261,0,0,0
103900262,0,0,0
103900263,0,0,0
103900264,0,0,0
103900265,0,0,0
103900266,0,0,0
103900267,0,0,0
103900268,0,0,0
103900269,0,0,0
103900270,0,0,0
103900271,0,0,0
103900272,0,0,0
103900273,0,0,0
103900274,0,0,0
103900275,0,0,0
103900277,0,0,0
103900278,0,0,0
103900279,0,0,0
103900280,0,0,0
103900281,0,0,0
103900282,0,0,0
103900283,0,0,0
103900284,0,0,0
103900285,0,0,0
103900286,0,0,0
103900287,0,0,0
103900288,0,0,0
103900289,0,0,0
103900290,0,0,0
103900291,0,0,0
103900292,0,0,0
103900293,0,0,0
103900294,0,0,0
104000001,600,211,389
104000002,56,109,-53
104000003,738,283,455
104000004,528,267,261
104000005,400,438,-38
104000006,827,186,641
104000007,954,186,768
104000008,65,36,29
104000009,179,29,150
104000010,79,52,27
104000011,0,0,0
104000012,0,0,0
104000013,151,92,59
104000014,0,0,0
104000015,152,20,132
104000016,0,0,0
104000018,211,28,183
104000019,146,92,54
104000020,104,32,72
104000021,50,38,12
104000022,19,6,13
104000023,217,14,203
104000024,0,0,0
104000026,0,0,0
104000027,29,13,16
104000028,150,22,128
104000029,3,8,-5
104000030,239,91,148
104000031,224,21,203
104000032,0,0,0
104000033,306,16,290
104000034,0,0,0
104000035,379,54,325
104000036,379,126,253
104000037,0,0,0
104000038,198,22,176
104000039,63,37,26
104000040,13,42,-29
104000041,63,16,47
104000042,38,13,25
104000043,55,12,43
104000044,118,4,114
104000045,94,9,85
104000046,105,46,59
104000047,16,102,-86
104000048,51,164,-113
104000049,5,4,1
104000050,1,1,0
104000051,0,0,0
104000052,315,148,167
104000053,73,30,43
104000054,1,7,-6
104000055,284,96,188
104000056,70,16,54
104000057,0,0,0
104000058,255,64,191
104000059,64,149,-85
104000060,183,60,123
104000061,74,19,55
104000062,46,1,45
104000064,0,0,0
104000065,0,6,-6
104000069,0,0,0
104000070,0,0,0
104000071,0,0,0
104000072,20,15,5
104000075,0,0,0
104000076,0,0,0
104000082,164,256,-92
104000083,27,5,22
104000084,0,19,-19
104000085,21,8,13
104000086,0,22,-22
104000087,2,2,0
104000090,0,0,0
104000092,0,0,0
104000094,0,0,0
104000095,32,297,-265
104000096,227,0,227
104000097,557,39,518
104000098,807,15,792
104000100,1174,104,1070
104000101,137,161,-24
104000106,11,14,-3
104000107,143,28,115
104000108,22,3,19
104000109,73,10,63
104000110,25,17,8
104000111,72,32,40
104000112,4,12,-8
104000116,0,0,0
104000117,68,20,48
104000118,41,0,41
104000119,26,11,15
104000120,40,18,22
104000121,0,29,-29
104000122,208,40,168
104000123,29,58,-29
104000124,57,182,-125
104000125,79,31,48
104000126,207,86,121
104000127,48,153,-105
104000128,134,20,114
104000129,132,0,132
104000130,3,1,2
104000131,0,0,0
104000132,0,0,0
104000133,14,18,-4
104000134,88,93,-5
104000135,27,229,-202
104000136,248,161,87
104000137,183,51,132
104000138,0,0,0
104000139,184,197,-13
104000141,49,79,-30
104000142,0,0,0
104000143,0,0,0
104000144,0,0,0
104000145,221,14,207
104000146,0,0,0
104000147,0,0,0
104000148,40,40,0
104000149,0,0,0
104000150,328,75,253
104000151,0,0,0
104000152,0,0,0
104000153,112,55,57
104000154,0,0,0
104000155,111,91,20
104000157,49,5,44
104000158,24,6,18
104000159,6,2,4
104000160,106,26,80
104000161,18,16,2
104000162,22,78,-56
104000165,121,288,-167
104000167,175,164,11
104000168,54,0,54
104000169,48,0,48
104000170,0,0,0
104000248,0,0,0
104000251,0,0,0
104000272,0,0,0
104000273,0,0,0
104000274,0,0,0
104000275,0,0,0
104000279,26,96,-70
104000290,0,0,0
104000291,112,129,-17
104000293,92,147,-55
104000294,0,0,0
104000295,48,36,12
104000296,222,117,105
104000297,36,118,-82
104000298,250,38,212
104000299,145,96,49
104000302,0,0,0
104000303,0,0,0
104900001,0,0,0
104900002,0,0,0
104900003,0,0,0
104900004,0,0,0
104900005,0,0,0
104900006,0,0,0
104900007,0,0,0
104900009,0,0,0
104900010,0,0,0
104900011,0,0,0
104900012,0,0,0
104900013,0,0,0
104900014,0,0,0
104900015,0,0,0
104900016,0,0,0
104900017,0,0,0
104900018,0,0,0
104900019,0,0,0
104900020,0,0,0
104900021,0,0,0
104900022,0,0,0
104900023,0,0,0
104900024,0,0,0
104900025,0,0,0
104900026,0,0,0
104900027,0,0,0
104900028,0,0,0
104900029,0,0,0
104900030,0,0,0
104900031,0,0,0
104900032,0,0,0
104900033,0,0,0
104900034,0,0,0
104900035,0,0,0
104900036,0,0,0
104900037,0,0,0
104900038,0,0,0
104900039,0,0,0
104900040,0,0,0
104900041,0,0,0
104900042,0,0,0
104900043,0,0,0
104900044,0,0,0
104900045,0,0,0
104900046,0,0,0
104900047,0,0,0
104900048,0,0,0
104900049,0,0,0
104900050,0,0,0
104900051,0,0,0
104900052,0,0,0
104900053,0,0,0
104900054,0,0,0
104900055,0,0,0
104900056,0,0,0
104900057,0,0,0
104900058,0,0,0
104900059,0,0,0
104900061,0,0,0
104900063,0,0,0
104900064,0,0,0
104900065,0,0,0
104900066,0,0,0
104900067,0,0,0
104900068,0,0,0
104900070,0,0,0
104900071,0,0,0
104900072,0,0,0
104900073,0,0,0
104900074,0,0,0
104900075,0,0,0
104900076,0,0,0
104900077,0,0,0
104900078,0,0,0
104900079,0,0,0
104900080,0,0,0
104900082,0,0,0
104900085,0,0,0
104900089,0,0,0
104900091,0,0,0
104900093,0,0,0
104900097,0,0,0
104900098,0,0,0
104900099,0,0,0
104900100,0,0,0
104900102,0,0,0
104900103,0,0,0
104900106,0,0,0
104900107,0,0,0
104900108,0,0,0
104900109,0,0,0
104900110,0,0,0
104900111,0,0,0
104900112,0,0,0
104900113,0,0,0
104900114,0,0,0
104900115,0,0,0
104900116,0,0,0
104900118,0,0,0
104900119,0,0,0
104900120,0,0,0
104900121,0,0,0
104900122,0,0,0
104900123,0,0,0
104900124,0,0,0
104900125,0,0,0
104900126,0,0,0
104900127,0,0,0
104900128,0,0,0
104900129,0,0,0
105000001,800,131,669
105000002,274,143,131
105000003,396,236,160
105000004,28,23,5
105000005,77,247,-170
105000006,63,283,-220
105000007,59,143,-84
105000008,3,283,-280
105000009,1555,778,777
105000010,36,93,-57
105000011,757,849,-92
105000012,9,36,-27
105000013,263,492,-229
105000014,2132,951,1181
105000015,1363,2205,-842
105000016,143,114,29
105000017,43,27,16
105000018,45,100,-55
105000019,2,5,-3
105000020,0,0,0
105000021,0,0,0
105000022,0,5,-5
105000023,0,2,-2
105000028,0,0,0
105000029,1,3,-2
105000030,115,85,30
105000031,0,0,0
105000033,32,51,-19
105000034,0,0,0
105000037,0,0,0
105000038,253,336,-83
105000039,49,93,-44
105000040,175,247,-72
105000041,7,45,-38
105000042,863,205,658
105000043,34,29,5
105000044,161,86,75
105000045,1,27,-26
105000046,272,30,242
105000047,8,26,-18
105000048,447,211,236
105000049,0,0,0
105000050,419,208,211
105000051,0,0,0
105000052,37,66,-29
105000053,0,0,0
105000054,89,61,28
105000055,0,0,0
105000056,389,222,167
105000057,21,2,19
105000058,20,12,8
105000059,371,159,212
105000060,1,0,1
105000061,393,75,318
105000062,1,0,1
105000063,0,0,0
105000064,420,85,335
105000065,0,0,0
105000066,20,5,15
105000067,297,152,145
105000068,5,51,-46
105000069,45,63,-18
105000070,62,26,36
105000071,173,158,15
105000072,307,84,223
105000073,189,99,90
105000074,0,0,0
105000075,18,19,-1
105000076,12,9,3
105000077,79,8,71
105000078,10,89,-79
105000079,18,20,-2
105000080,421,580,-159
105000081,23,1,22
105000082,283,493,-210
105000083,852,658,194
105000084,0,0,0
105000085,667,743,-76
105000086,0,0,0
105000087,0,0,0
105000088,303,399,-96
105000089,84,75,9
105000090,10,18,-8
105000091,0,0,0
105000092,0,0,0
105000093,0,1,-1
105000094,17,3,14
105000095,0,1,-1
105000096,126,139,-13
105000097,0,0,0
105000098,173,96,77
105000099,0,0,0
105000100,0,0,0
105000101,125,56,69
105000102,0,0,0
105000103,177,74,103
105000104,3,1,2
105000105,238,14,224
105000106,30,0,30
105000107,3,2,1
105000108,13,3,10
105000109,36,1,35
105000110,1,3,-2
105000111,16,3,13
105000112,59,26,33
105000113,13,1,12
105000114,24,59,-35
105000115,0,0,0
105000116,108,11,97
105000117,0,0,0
105000118,44,30,14
105000119,0,0,0
105000120,194,30,164
105000121,0,0,0
105000122,38,7,31
105000123,158,4,154
105000124,87,70,17
105000125,122,21,101
105000126,81,39,42
105000127,107,18,89
105000128,25,9,16
105000129,28,32,-4
105000130,21,406,-385
105000131,0,0,0
105000132,103,79,24
105000133,0,0,0
105000134,194,19,175
105000135,0,0,0
105000136,0,0,0
105000137,199,10,189
105000138,0,0,0
105000139,0,0,0
105000140,381,23,358
105000141,0,0,0
105000142,129,30,99
105000143,0,0,0
105000144,0,0,0
105000145,187,31,156
105000146,0,0,0
105000147,276,56,220
105000148,239,43,196
105000149,535,204,331
105000150,0,0,0
105000151,0,0,0
105000152,0,0,0
105000153,0,0,0
105000154,0,1,-1
105000155,0,0,0
105000156,2,7,-5
105000157,15,3,12
105000158,32,10,22
105000159,2,9,-7
105000160,45,68,-23
105000161,65,11,54
105000162,8,12,-4
105000163,29,9,20
105000164,1,11,-10
105000165,15,57,-42
105000166,11,64,-53
105000167,37,103,-66
105000168,130,62,68
105000169,42,8,34
105000170,0,0,0
105000171,0,0,0
105000172,0,1,-1
105000173,23,0,23
105000174,6,0,6
105000175,0,0,0
105000176,0,0,0
105000177,40,48,-8
105000178,2,1,1
105000179,19,0,19
105000180,0,0,0
105000181,1,0,1
105000182,0,0,0
105000183,0,0,0
105000184,0,0,0
105000185,48,233,-185
105000186,0,0,0
105000187,68,27,41
105000188,0,46,-46
105000189,0,0,0
105000190,153,63,90
105000191,15,11,4
105000192,180,11,169
105000193,0,17,-17
105000194,64,8,56
105000195,0,22,-22
105000196,12,72,-60
105000197,0,0,0
105000198,0,0,0
105000199,18,64,-46
105000200,12,101,-89
105000201,18,0,18
105000203,0,0,0
105000204,1,15,-14
105000205,0,0,0
105000207,0,0,0
105000208,10,106,-96
105000209,0,0,0
105000211,0,0,0
105000212,75,4,71
105000213,101,14,87
105000214,49,9,40
105000215,74,123,-49
105000216,5,0,5
105000217,0,0,0
105000218,156,16,140
105000221,32,10,22
105000222,100,0,100
105000223,53,1,52
105000226,0,3,-3
105000227,0,3,-3
105000228,0,15,-15
105000229,38,299,-261
105000231,147,23,124
105000233,313,307,6
105000234,58,153,-95
105000235,166,77,89
105000237,84,0,84
105000243,0,0,0
105000248,0,0,0
105000262,0,0,0
105000269,0,0,0
105000270,105,0,105
105000271,0,0,0
105000282,8,0,8
105000287,0,0,0
105000288,0,18,-18
105000289,232,377,-145
105000290,0,0,0
105000402,20,90,-70
105000426,0,2,-2
105000438,18,158,-140
105000440,0,0,0
105000446,302,294,8
105000447,111,21,90
105000454,0,0,0
105000455,0,0,0
105000474,0,10,-10
105000477,0,0,0
105000478,349,1093,-744
105000479,0,0,0
105000480,1581,1373,208
105000481,734,356,378
105000482,85,201,-116
105000483,256,738,-482
105000484,80,225,-145
105000485,220,908,-688
105000486,180,178,2
105000488,48,128,-80
105000489,268,52,216
105000549,3,36,-33
105000550,0,0,0
105000551,9,1,8
105000552,110,53,57
105000555,409,237,172
105000556,0,0,0
105000557,0,0,0
105900001,0,0,0
105900002,0,0,0
105900003,0,0,0
105900004,0,0,0
105900005,0,0,0
105900006,0,0,0
105900007,0,0,0
105900008,0,0,0
105900009,0,0,0
105900011,0,0,0
105900012,0,0,0
105900013,0,0,0
105900014,0,0,0
105900015,0,0,0
105900016,0,0,0
105900017,0,0,0
105900018,0,0,0
105900019,0,0,0
105900020,0,0,0
105900021,0,0,0
105900022,0,0,0
105900023,0,0,0
105900024,0,0,0
105900025,0,0,0
105900026,0,0,0
105900027,0,0,0
105900028,0,0,0
105900029,0,0,0
105900030,0,0,0
105900031,0,0,0
105900032,0,0,0
105900033,0,0,0
105900034,0,0,0
105900035,0,0,0
105900036,0,0,0
105900037,0,0,0
105900038,0,0,0
105900039,0,0,0
105900040,0,0,0
105900041,0,0,0
105900042,0,0,0
105900043,0,0,0
105900044,0,0,0
105900045,0,0,0
105900046,0,0,0
105900047,0,0,0
105900048,41,8,33
105900050,0,0,0
105900051,0,0,0
105900052,0,0,0
105900053,0,0,0
105900054,0,0,0
105900056,0,0,0
105900057,0,0,0
105900058,0,0,0
105900059,0,0,0
106000001,446,295,151
106000002,1,76,-75
106000003,915,677,238
106000004,31,197,-166
106000005,1858,1220,638
106000006,53,151,-98
106000007,586,38,548
106000008,20,50,-30
106000009,567,123,444
106000010,5,50,-45
106000011,524,347,177
106000012,31,24,7
106000013,1079,313,766
106000014,37,49,-12
106000015,1176,379,797
106000016,54,48,6
106000017,542,80,462
106000018,60,61,-1
106000019,239,151,88
106000020,2,14,-12
106000021,241,39,202
106000022,81,7,74
106000023,484,33,451
106000024,8,11,-3
106000025,186,138,48
106000026,30,36,-6
106000027,882,465,417
106000028,1,6,-5
106000029,17,21,-4
106000030,0,0,0
106000034,0,0,0
106000035,220,275,-55
106000036,0,0,0
106000037,0,0,0
106000038,0,0,0
106000039,0,0,0
106000040,0,0,0
106000041,212,35,177
106000043,79,23,56
106000046,0,0,0
106000047,0,0,0
106000049,259,10,249
106000050,0,0,0
106000051,103,58,45
106000052,0,0,0
106000053,262,25,237
106000054,0,0,0
106000055,155,6,149
106000056,0,0,0
106000057,182,55,127
106000058,0,0,0
106000059,235,56,179
106000060,0,0,0
106000061,4,142,-138
106000062,0,0,0
106000063,484,120,364
106000064,0,0,0
106000065,139,19,120
106000066,9,0,9
106000067,115,10,105
106000068,0,0,0
106000069,58,1,57
106000070,18,2,16
106000071,236,14,222
106000072,200,127,73
106000073,295,70,225
106000074,165,153,12
106000075,201,166,35
106000076,724,103,621
106000077,538,53,485
106000078,202,64,138
106000079,474,19,455
106000080,295,45,250
106000081,470,43,427
106000082,446,4,442
106000083,281,106,175
106000084,305,14,291
106000085,539,147,392
106000086,530,69,461
106000087,206,9,197
106000088,178,44,134
106000089,427,22,405
106000090,326,56,270
106000091,1,0,1
106000092,154,49,105
106000093,234,12,222
106000094,0,0,0
106000095,186,26,160
106000096,351,34,317
106000097,263,13,250
106000098,320,7,313
106000099,4,2,2
106000100,402,3,399
106000101,311,0,311
106000102,0,16,-16
106000103,4,40,-36
106000104,93,14,79
106000105,21,34,-13
106000106,134,16,118
106000107,4,80,-76
106000108,32,3,29
106000109,0,58,-58
106000110,86,3,83
106000111,4,17,-13
106000112,63,5,58
106000113,7,28,-21
106000114,43,7,36
106000115,16,35,-19
106000116,66,50,16
106000117,0,0,0
106000118,232,25,207
106000119,0,0,0
106000120,325,154,171
106000121,12,5,7
106000122,0,0,0
106000123,54,3,51
106000124,0,0,0
106000125,0,0,0
106000126,37,1,36
106000127,0,0,0
106000128,92,9,83
106000129,0,0,0
106000130,211,23,188
106000131,0,0,0
106000132,260,24,236
106000133,0,0,0
106000134,211,58,153
106000135,0,0,0
106000136,443,81,362
106000137,0,0,0
106000138,231,4,227
106000139,82,26,56
106000140,0,0,0
106000141,0,0,0
106000142,30,4,26
106000143,0,0,0
106000144,111,14,97
106000145,0,0,0
106000146,325,111,214
106000147,59,0,59
106000148,38,71,-33
106000149,232,21,211
106000150,58,55,3
106000151,204,54,150
106000152,97,103,-6
106000153,0,8,-8
106000154,44,4,40
106000155,15,33,-18
106000156,238,14,224
106000157,79,97,-18
106000158,495,127,368
106000159,100,68,32
106000160,208,163,45
106000161,56,6,50
106000162,155,12,143
106000163,48,2,46
106000164,215,11,204
106000165,58,12,46
106000166,284,6,278
106000167,63,18,45
106000168,216,17,199
106000169,23,33,-10
106000170,131,20,111
106000171,16,100,-84
106000172,317,37,280
106000173,89,105,-16
106000174,207,0,207
106000175,90,3,87
106000176,279,45,234
106000177,0,0,0
106000178,215,23,192
106000179,0,0,0
106000180,101,18,83
106000181,31,40,-9
106000182,467,11,456
106000183,436,25,411
106000184,214,47,167
106000185,26,24,2
106000186,72,3,69
106000187,0,11,-11
106000188,0,0,0
106000189,0,3,-3
106000190,0,0,0
106000191,87,9,78
106000192,0,0,0
106000193,51,41,10
106000194,0,14,-14
106000195,33,1,32
106000196,0,18,-18
106000197,129,0,129
106000198,0,23,-23
106000199,91,10,81
106000200,0,57,-57
106000201,25,14,11
106000202,20,23,-3
106000203,0,0,0
106000204,29,3,26
106000205,0,0,0
106000206,11,0,11
106000207,0,4,-4
106000208,241,7,234
106000209,619,54,565
106000210,2,12,-10
106000211,3,45,-42
106000212,738,56,682
106000213,0,0,0
106000214,215,25,190
106000215,3,32,-29
106000216,112,6,106
106000217,1,40,-39
106000218,29,16,13
106000219,1,64,-63
106000220,89,16,73
106000221,0,0,0
106000222,52,18,34
106000223,147,43,104
106000224,0,0,0
106000225,27,137,-110
106000226,0,0,0
106000228,0,0,0
106000229,0,0,0
106000231,201,0,201
106000232,0,0,0
106000233,27,5,22
106000234,0,0,0
106000235,37,27,10
106000236,0,0,0
106000237,0,0,0
106000238,2,0,2
106000239,0,0,0
106000240,1,0,1
106000241,0,39,-39
106000242,65,17,48
106000249,70,41,29
106000250,0,28,-28
106000251,0,0,0
106000252,0,0,0
106000253,0,0,0
106000254,0,0,0
106000255,0,0,0
106000256,0,0,0
106000257,11,4,7
106000258,0,0,0
106000259,0,0,0
106000260,0,0,0
106000261,0,0,0
106000262,0,0,0
106000263,0,0,0
106000264,0,0,0
106000265,0,0,0
106000266,0,0,0
106000267,0,0,0
106000268,0,0,0
106000269,0,0,0
106000270,29,0,29
106000271,0,0,0
106000272,0,0,0
106000273,0,0,0
106000274,0,0,0
106000275,0,0,0
106000276,0,0,0
106000277,0,0,0
106000278,0,0,0
106000279,0,0,0
106000280,0,0,0
106000281,0,0,0
106000282,0,0,0
106000283,0,0,0
106000284,0,0,0
106000285,0,0,0
106000286,0,0,0
106000287,0,0,0
106000288,0,0,0
106000289,0,0,0
106000290,0,0,0
106000291,0,0,0
106000292,0,0,0
106000293,0,0,0
106000294,0,0,0
106000295,0,0,0
106000296,0,0,0
106000297,0,0,0
106000298,0,0,0
106000299,0,0,0
106000300,0,0,0
106000301,0,0,0
106000303,0,0,0
106000304,0,0,0
106000305,0,0,0
106000306,0,0,0
106000307,0,0,0
106000308,0,0,0
106000309,0,0,0
106000310,44,2,42
106000311,126,16,110
106000312,0,16,-16
106000313,57,4,53
106000318,0,0,0
106000319,393,15,378
106000320,0,0,0
106000321,0,0,0
106000322,0,0,0
106000324,0,0,0
106000325,1218,203,1015
106000326,59,25,34
106000327,99,11,88
106000328,0,0,0
106000329,1,1,0
106000330,0,14,-14
106000428,34,56,-22
106000429,0,0,0
106000430,0,0,0
106000431,264,217,47
106000432,3,97,-94
106000433,676,426,250
106000434,1045,314,731
106000435,2,54,-52
106000436,0,0,0
106000437,71,1,70
106000438,0,2,-2
106000439,0,0,0
106000440,2,31,-29
106000441,1,0,1
106000442,24,0,24
106000443,3,2,1
106000450,0,0,0
106000451,11,39,-28
106000454,0,0,0
106000455,0,7,-7
106000456,15,0,15
106000457,0,0,0
106000458,132,10,122
106000459,0,0,0
106000460,259,1,258
106000461,0,0,0
106000462,0,0,0
106000463,0,2,-2
106000464,0,0,0
106000465,82,0,82
106000466,0,0,0
106000467,0,15,-15
106000468,53,2,51
106000469,15,0,15
106000470,0,0,0
106000471,0,0,0
106000472,16,0,16
106000473,0,0,0
106000474,2,27,-25
106000475,147,86,61
106000476,3,12,-9
106000477,0,0,0
106000480,0,0,0
106900001,0,0,0
106900002,0,0,0
106900003,0,0,0
106900004,0,0,0
106900006,0,0,0
106900007,0,0,0
106900008,0,0,0
106900009,0,0,0
106900010,0,0,0
106900012,0,0,0
106900013,0,0,0
106900014,0,0,0
106900015,0,0,0
106900016,0,0,0
106900017,0,0,0
106900018,0,0,0
106900019,0,0,0
106900020,0,0,0
106900021,0,0,0
106900022,0,0,0
106900023,0,0,0
106900024,0,0,0
106900025,0,0,0
106900026,0,0,0
106900027,121,1,120
106900028,0,0,0
106900029,0,0,0
106900030,0,0,0
107000001,1537,2149,-612
107000002,126,204,-78
107000003,4154,3959,195
107000004,260,248,12
107000005,4745,2885,1860
107000006,202,91,111
107000007,1573,2357,-784
107000008,197,155,42
107000009,3860,2973,887
107000010,345,267,78
107000011,0,0,0
107000012,0,0,0
107000013,0,0,0
107000014,0,0,0
107000015,0,0,0
107000016,0,0,0
107000017,7,3,4
107000018,0,0,0
107000020,62,354,-292
107000021,38,21,17
107000022,51,344,-293
107000023,195,0,195
107000024,81,131,-50
107000025,17,38,-21
107000026,17,53,-36
107000027,148,47,101
107000028,27,105,-78
107000029,705,58,647
107000030,63,67,-4
107000031,859,237,622
107000032,68,103,-35
107000033,180,18,162
107000034,0,0,0
107000035,23,36,-13
107000036,0,0,0
107000037,34,89,-55
107000038,1,14,-13
107000039,129,320,-191
107000040,27,8,19
107000041,341,65,276
107000042,45,47,-2
107000043,251,76,175
107000044,63,19,44
107000045,7,14,-7
107000046,380,45,335
107000047,23,19,4
107000048,257,28,229
107000049,9,69,-60
107000050,320,87,233
107000051,40,129,-89
107000052,256,51,205
107000053,217,43,174
107000054,4,86,-82
107000055,145,25,120
107000056,15,44,-29
107000057,55,99,-44
107000058,793,949,-156
107000059,0,0,0
107000060,2194,1790,404
107000061,2,3,-1
107000062,1783,1138,645
107000063,4,32,-28
107000064,1227,921,306
107000065,6,26,-20
107000066,773,675,98
107000067,157,143,14
107000068,41,102,-61
107000069,166,211,-45
107000070,203,1,202
107000071,558,1,557
107000072,0,0,0
107000073,212,9,203
107000074,0,0,0
107000075,1269,37,1232
107000076,0,0,0
107000077,1036,25,1011
107000078,0,0,0
107000079,815,46,769
107000080,0,0,0
107000081,948,176,772
107000082,0,0,0
107000083,417,441,-24
107000084,0,0,0
107000085,633,569,64
107000086,79,317,-238
107000087,325,193,132
107000088,66,79,-13
107000089,335,202,133
107000090,42,48,-6
107000091,399,156,243
107000092,32,48,-16
107000093,178,316,-138
107000094,45,39,6
107000095,1114,550,564
107000096,0,0,0
107000097,279,147,132
107000098,0,0,0
107000099,206,96,110
107000100,0,0,0
107000101,61,115,-54
107000102,0,0,0
107000103,184,66,118
107000104,0,0,0
107000105,353,45,308
107000106,0,0,0
107000107,306,175,131
107000108,0,0,0
107000109,162,3,159
107000110,0,0,0
107000111,79,0,79
107000112,0,0,0
107000113,341,18,323
107000114,0,0,0
107000115,383,40,343
107000116,0,0,0
107000117,155,59,96
107000118,0,0,0
107000119,709,196,513
107000120,0,0,0
107000121,425,16,409
107000122,2,76,-74
107000123,360,25,335
107000124,22,16,6
107000125,447,25,422
107000126,59,9,50
107000129,0,0,0
107000130,122,32,90
107000131,0,0,0
107000132,241,67,174
107000133,0,0,0
107000134,56,1,55
107000135,0,0,0
107000136,107,2,105
107000137,0,1,-1
107000138,0,0,0
107000139,0,4,-4
107000140,60,0,60
107000141,0,5,-5
107000142,33,0,33
107000143,0,6,-6
107000144,32,0,32
107000145,0,6,-6
107000146,0,0,0
107000147,0,6,-6
107000150,0,0,0
107000151,0,0,0
107000152,27,97,-70
107000153,0,0,0
107000154,0,0,0
107000155,41,0,41
107000156,129,0,129
107000157,0,0,0
107000158,14,0,14
107000159,0,0,0
107000160,40,18,22
107000161,0,0,0
107000162,14,46,-32
107000163,37,0,37
107000164,0,0,0
107000165,0,0,0
107000166,0,0,0
107000167,0,0,0
107000168,519,52,467
107000169,12,3,9
107000170,455,30,425
107000171,9,1,8
107000172,278,47,231
107000173,8,1,7
107000174,137,169,-32
107000175,4,11,-7
107000176,21,0,21
107000177,0,0,0
107000178,0,0,0
107000179,0,0,0
107000180,481,20,461
107000181,0,0,0
107000182,473,14,459
107000183,0,0,0
107000184,322,19,303
107000185,0,0,0
107000186,335,22,313
107000187,94,44,50
107000188,0,0,0
107000189,22,15,7
107000190,0,0,0
107000191,43,70,-27
107000192,0,0,0
107000193,52,48,4
107000194,0,0,0
107000197,228,6,222
107000198,0,0,0
107000199,121,29,92
107000200,19,18,1
107000201,17,77,-60
107000202,73,70,3
107000203,33,216,-183
107000204,71,507,-436
107000205,47,25,22
107000206,19,359,-340
107000207,6,46,-40
107000208,0,22,-22
107000209,0,0,0
107000210,0,0,0
107000211,0,0,0
107000212,0,0,0
107000213,0,0,0
107000214,0,0,0
107000215,0,0,0
107000216,0,0,0
107000217,0,0,0
107000219,0,0,0
107000220,0,0,0
107000222,16,20,-4
107000224,18,0,18
107000225,0,0,0
107000226,103,6,97
107000227,0,0,0
107000228,0,0,0
107000229,0,0,0
107000230,30,3,27
107000231,33,84,-51
107000232,0,0,0
107000233,0,0,0
107000234,0,0,0
107000235,115,0,115
107000236,0,0,0
107000237,1,0,1
107000238,19,0,19
107000239,0,0,0
107000240,0,0,0
107000243,0,0,0
107000244,25,0,25
107000246,0,0,0
107000249,0,0,0
107000251,0,0,0
107000252,0,0,0
107000255,0,0,0
107000257,0,0,0
107000258,0,0,0
107000259,0,0,0
107000260,0,0,0
107000262,0,0,0
107000263,0,0,0
107000266,0,0,0
107000267,0,0,0
107000268,0,0,0
107000269,1,0,1
107000270,0,0,0
107000271,0,0,0
107000272,0,0,0
107000273,0,0,0
107000274,1,0,1
107000275,0,0,0
107000280,131,0,131
107000281,0,0,0
107000282,0,0,0
107000290,0,0,0
107000291,0,0,0
107000292,0,0,0
107000293,0,0,0
107000294,0,0,0
107000295,0,0,0
107000296,0,0,0
107000444,17,0,17
107000496,0,0,0
107000497,0,0,0
107000500,0,0,0
107000501,0,0,0
107000502,0,0,0
107000505,2,13,-11
107000506,0,0,0
107000508,0,0,0
107000509,32,75,-43
107000510,0,0,0
107000514,0,0,0
107000515,0,0,0
107000516,156,57,99
107000518,356,37,319
107000519,0,0,0
107000520,0,0,0
107000521,0,0,0
107000522,443,210,233
107900001,0,0,0
107900002,0,0,0
107900003,0,0,0
107900004,0,0,0
107900005,0,0,0
107900006,0,0,0
107900007,0,0,0
107900008,0,0,0
107900009,0,0,0
107900010,0,0,0
107900012,0,0,0
107900013,0,0,0
107900014,0,0,0
107900015,0,0,0
107900016,0,0,0
107900017,0,0,0
107900018,0,0,0
107900019,0,0,0
107900020,0,0,0
107900021,0,0,0
107900023,0,0,0
107900024,0,0,0
107900025,0,0,0
107900026,0,0,0
107900027,0,0,0
107900028,0,0,0
107900030,0,0,0
107900031,0,0,0
107900032,0,0,0
107900033,0,0,0
107900034,0,0,0
107900035,0,0,0
107900036,0,0,0
107900037,0,0,0
107900038,0,0,0
107900039,0,0,0
107900040,0,0,0
107900041,0,0,0
107900043,0,0,0
107900044,0,0,0
107900045,0,0,0
107900046,0,0,0
107900047,0,0,0
107900048,0,0,0
107900049,0,0,0
107900050,0,0,0
107900051,0,0,0
107900052,0,0,0
107900053,0,0,0
107900055,0,0,0
107900056,0,0,0
107900057,0,0,0
107900058,0,0,0
107900060,0,0,0
107900061,0,0,0
107900063,0,0,0
107900064,0,0,0
107900065,0,0,0
107900066,0,0,0
107900067,0,0,0
107900068,0,0,0
107900069,0,0,0
107900070,0,0,0
107900071,0,0,0
107900072,0,0,0
107900073,0,0,0
107900074,0,0,0
107900076,0,0,0
107900077,0,0,0
107900079,0,0,0
107900080,0,0,0
107900081,0,0,0
107900082,0,0,0
107900083,0,0,0
107900084,0,0,0
107900086,0,0,0
107900087,0,0,0
107900088,0,0,0
107900089,0,0,0
107900090,0,0,0
107900091,0,0,0
107900093,0,0,0
107900095,0,0,0
107900097,0,0,0
107900098,0,0,0
107900100,0,0,0
107900101,0,0,0
107900102,0,0,0
107900103,0,0,0
107900104,0,0,0
107900105,0,0,0
107900106,0,0,0
107900107,0,0,0
107900108,0,0,0
107900109,0,0,0
107900110,0,0,0
107900111,0,0,0
107900112,0,0,0
107900113,0,0,0
107900114,0,0,0
107900115,0,0,0
107900116,0,0,0
107900117,0,0,0
107900118,0,0,0
107900119,0,0,0
107900120,0,0,0
107900121,0,0,0
107900122,0,0,0
107900123,0,0,0
107900124,0,0,0
107900125,0,0,0
107900126,0,0,0
107900127,0,0,0
107900128,0,0,0
107900129,0,0,0
107900130,0,0,0
107900131,0,0,0
107900132,0,0,0
107900133,0,0,0
107900134,0,0,0
107900135,0,0,0
107900136,0,0,0
107900137,0,0,0
107900138,0,0,0
107900139,0,0,0
107900141,0,0,0
107900142,0,0,0
107900143,0,0,0
107900144,0,0,0
107900145,0,0,0
107900146,0,0,0
107900147,0,0,0
107900148,0,0,0
107900149,0,0,0
107900150,0,0,0
107900151,0,0,0
107900152,0,0,0
107900153,0,0,0
107900154,0,0,0
107900155,0,0,0
107900156,0,0,0
107900157,0,0,0
107900158,0,0,0
107900159,0,0,0
107900160,0,0,0
107900161,0,0,0
107900162,0,0,0
107900163,0,0,0
107900164,0,0,0
107900165,0,0,0
107900166,0,0,0
107900167,0,0,0
107900168,0,0,0
107900169,0,0,0
107900171,0,0,0
107900172,0,0,0
107900173,0,0,0
107900174,0,0,0
107900175,0,0,0
107900176,0,0,0
107900177,0,0,0
107900178,0,0,0
107900179,0,0,0
107900180,0,0,0
107900181,0,0,0
107900182,0,0,0
107900183,0,0,0
107900184,0,0,0
107900185,0,0,0
107900186,0,0,0
107900187,0,0,0
107900188,0,0,0
107900189,0,0,0
107900190,0,0,0
107900191,0,0,0
107900193,0,0,0
107900194,0,0,0
107900195,0,0,0
107900196,0,0,0
107900197,0,0,0
107900199,0,0,0
107900201,0,0,0
107900203,0,0,0
107900204,0,0,0
107900206,0,0,0
107900207,0,0,0
107900208,0,0,0
107900209,0,0,0
107900210,0,0,0
107900213,0,0,0
107900214,0,0,0
107900215,0,0,0
107900216,0,0,0
107900217,0,0,0
107900218,0,0,0
107900219,0,0,0
107900220,0,0,0
107900221,0,0,0
107900223,0,0,0
107900224,0,0,0
107900225,0,0,0
107900226,0,0,0
107900227,0,0,0
107900228,0,0,0
107900229,0,0,0
107900230,0,0,0
107900231,0,0,0
107900232,0,0,0
107900233,0,0,0
107900234,0,0,0
107900235,0,0,0
107900236,0,0,0
107900237,0,0,0
107900238,0,0,0
107900239,0,0,0
107900240,0,0,0
107900241,0,0,0
107900242,0,0,0
107900243,0,0,0
107900244,0,0,0
107900245,0,0,0
107900246,0,0,0
107900248,0,0,0
107900249,0,0,0
107900250,0,0,0
107900251,0,0,0
107900252,0,0,0
107900253,0,0,0
107900254,0,0,0
107900255,0,0,0
107900256,0,0,0
107900257,0,0,0
107900258,0,0,0
107900259,0,0,0
107900261,0,0,0
107900262,0,0,0
107900264,0,0,0
107900265,0,0,0
107900267,0,0,0
107900268,0,0,0
107900269,0,0,0
107900270,0,0,0
107900271,0,0,0
107900272,0,0,0
107900273,0,0,0
107900274,0,0,0
107900275,0,0,0
107900276,0,0,0
107900277,0,0,0
107900278,0,0,0
107900279,0,0,0
107900280,1,0,1
107900281,0,0,0
107900282,0,0,0
107900283,0,0,0
107900284,0,0,0
107900285,0,0,0
107900286,0,0,0
107900287,0,0,0
107900290,0,0,0
107900291,0,0,0
107900292,0,0,0
107900293,0,0,0
107900295,0,0,0
107900297,0,0,0
107900298,0,0,0
107900299,0,0,0
107900301,1,52,-51
107900302,0,0,0
107900303,0,0,0
107900304,0,0,0
107900305,0,0,0
107900306,0,0,0
107900307,0,0,0
107900308,0,0,0
107900309,0,0,0
107900310,0,0,0
107900311,0,0,0
107900312,0,0,0
107900313,0,0,0
107900314,0,0,0
107900315,0,0,0
107900316,0,0,0
107900317,0,0,0
107900318,0,0,0
107900319,0,0,0
107900320,0,0,0
107900321,0,0,0
107900322,0,0,0
107900323,0,0,0
107900324,0,0,0
107900325,0,0,0
107900326,0,0,0
107900327,0,0,0
107900328,0,0,0
107900329,0,0,0
107900330,0,0,0
107900331,0,0,0
107900332,0,0,0
107900333,0,0,0
107900334,0,0,0
107900335,0,0,0
107900336,0,0,0
107900337,0,0,0
107900338,0,0,0
107900339,0,0,0
107900340,0,0,0
107900341,0,0,0
107900342,0,0,0
107900343,0,0,0
107900344,0,0,0
107900345,0,0,0
107900346,0,0,0
107900347,0,0,0
107900348,0,0,0
107900349,0,0,0
107900350,0,0,0
107900351,0,0,0
107900352,0,0,0
107900353,0,0,0
107900354,0,0,0
108000001,1890,1022,868
108000002,36,144,-108
108000003,1113,518,595
108000004,250,916,-666
108000005,4150,1342,2808
108000006,99,315,-216
108000007,3816,740,3076
108000008,296,130,166
108000009,2273,1047,1226
108000010,124,150,-26
108000011,4062,1468,2594
108000012,359,372,-13
108000014,238,2,236
108000015,682,11,671
108000016,0,0,0
108000017,728,36,692
108000018,1036,54,982
108000019,148,18,130
108000020,491,84,407
108000021,0,0,0
108000022,34,103,-69
108000023,587,39,548
108000024,276,10,266
108000025,14,0,14
108000026,377,11,366
108000027,16,0,16
108000028,258,10,248
108000029,45,1,44
108000030,370,5,365
108000031,16,0,16
108000032,1075,79,996
108000033,0,0,0
108000034,1054,59,995
108000035,0,0,0
108000036,5,33,-28
108000037,586,46,540
108000038,798,74,724
108000039,0,9,-9
108000040,907,142,765
108000041,28,6,22
108000042,284,2,282
108000043,32,0,32
108000044,615,7,608
108000045,2,0,2
108000046,1024,194,830
108000047,6,0,6
108000048,0,0,0
108000049,287,83,204
108000050,0,0,0
108000051,216,29,187
108000052,3,6,-3
108000053,235,21,214
108000054,24,7,17
108000055,286,106,180
108000056,18,3,15
108000057,259,400,-141
108000058,410,604,-194
108000059,0,61,-61
108000060,149,83,66
108000061,0,0,0
108000062,251,49,202
108000063,0,0,0
108000064,123,46,77
108000065,0,0,0
108000066,471,45,426
108000067,780,34,746
108000068,644,116,528
108000069,0,0,0
108000070,1435,104,1331
108000071,0,0,0
108000072,1540,123,1417
108000073,0,0,0
108000074,543,143,400
108000075,0,0,0
108000076,741,289,452
108000077,0,0,0
108000078,1914,617,1297
108000079,0,0,0
108000080,1082,200,882
108000081,0,0,0
108000082,0,0,0
108000083,90,35,55
108000084,0,0,0
108000085,64,71,-7
108000086,0,0,0
108000087,31,214,-183
108000088,493,52,441
108000089,0,0,0
108000091,0,0,0
108000092,515,39,476
108000093,0,0,0
108000094,697,71,626
108000095,0,0,0
108000096,374,344,30
108000097,0,0,0
108000098,1158,136,1022
108000099,82,21,61
108000100,144,86,58
108000101,838,208,630
108000102,369,601,-232
108000106,179,0,179
108000107,0,0,0
108000108,126,5,121
108000109,0,0,0
108000110,9,0,9
108000111,0,0,0
108000112,0,28,-28
108000113,99,30,69
108000115,51,7,44
108000117,136,17,119
108000118,4,124,-120
108000119,43,1,42
108000120,602,164,438
108000121,72,14,58
108000122,682,42,640
108000123,528,60,468
108000124,0,0,0
108000125,338,45,293
108000126,0,0,0
108000127,525,35,490
108000128,0,0,0
108000129,0,0,0
108000130,357,43,314
108000131,311,82,229
108000132,0,0,0
108000133,768,67,701
108000134,0,0,0
108000135,1227,39,1188
108000136,0,0,0
108000137,55,0,55
108000138,0,28,-28
108000139,7,23,-16
108000140,0,0,0
108000141,0,0,0
108000142,0,0,0
108000143,0,0,0
108000144,0,0,0
108000145,0,0,0
108000146,0,0,0
108000147,0,0,0
108000148,0,0,0
108000149,0,0,0
108000150,0,0,0
108000151,0,0,0
108000152,0,0,0
108000153,0,0,0
108000154,0,0,0
108000155,0,0,0
108000156,0,0,0
108000157,0,0,0
108000158,0,0,0
108000159,13,13,0
108000160,82,16,66
108000161,182,46,136
108000165,0,0,0
108000172,0,0,0
108000173,0,0,0
108000175,253,42,211
108000178,0,0,0
108000179,35,364,-329
108000181,0,0,0
108000182,0,0,0
108000183,0,0,0
108000184,0,134,-134
108000185,0,0,0
108000186,0,0,0
108000187,0,0,0
108000188,0,0,0
108000189,62,22,40
108000190,0,0,0
108000192,0,0,0
108000193,0,121,-121
108000194,11,0,11
108000195,0,0,0
108000196,32,0,32
108000198,0,0,0
108000199,0,0,0
108000200,0,0,0
108000203,0,0,0
108000204,0,0,0
108000205,0,0,0
108000339,128,6,122
108000364,12,27,-15
108000365,1,3,-2
108000367,0,0,0
108000368,0,0,0
108000369,0,0,0
108000371,0,0,0
108000372,152,0,152
108000373,72,20,52
108000376,0,0,0
108000377,51,33,18
108000378,4635,2155,2480
108000379,0,0,0
108000381,0,0,0
108000382,30,0,30
108000383,0,0,0
108900001,0,0,0
108900002,0,0,0
108900003,0,0,0
108900004,98,40,58
108900007,57,7,50
108900008,2,2,0
108900009,10,0,10
108900010,0,0,0
108900011,79,14,65
108900012,8,2,6
108900013,72,15,57
108900014,0,0,0
108900015,0,0,0
108900016,0,0,0
108900017,0,0,0
108900018,0,0,0
108900019,0,0,0
108900020,0,0,0
108900021,0,0,0
108900022,0,0,0
108900023,0,0,0
108900024,0,0,0
108900025,0,0,0
108900026,0,0,0
108900027,0,0,0
108900028,0,0,0
108900029,0,0,0
108900030,0,0,0
108900031,0,0,0
108900032,0,0,0
108900033,0,0,0
108900034,0,0,0
108900035,0,0,0
108900038,0,0,0
108900039,0,0,0
108900040,0,0,0
108900041,155,57,98
108900042,0,0,0
108900043,0,0,0
108900044,0,0,0
108900045,0,0,0
108900046,0,0,0
108900047,0,0,0
108900048,0,0,0
108900049,0,0,0
108900050,0,0,0
108900051,0,0,0
108900052,0,0,0
108900053,0,0,0
108900054,0,0,0
108900055,0,0,0
108900056,0,0,0
108900057,0,0,0
108900058,0,0,0
108900059,0,0,0
108900060,0,3,-3
108900061,0,0,0
108900062,0,0,0
108900063,0,0,0
108900064,0,0,0
108900065,0,0,0
108900066,42,1,41
108900067,0,0,0
108900068,0,0,0
108900069,0,0,0
108900070,0,0,0
108900071,0,1,-1
108900072,0,0,0
108900073,0,0,0
108900074,0,0,0
108900075,0,0,0
108900076,0,0,0
108900077,0,0,0
108900078,0,0,0
108900079,0,0,0
108900080,0,0,0
108900081,0,0,0
108900082,0,0,0
108900083,0,0,0
108900085,0,0,0
108900086,0,0,0
108900087,0,0,0
108900088,33,8,25
108900089,0,0,0
108900090,0,0,0
108900091,0,0,0
108900092,121,18,103
108900093,0,0,0
108900094,0,0,0
108900095,0,0,0
108900096,0,0,0
108900097,13,0,13
108900098,0,0,0
108900099,48,0,48
108900100,0,0,0
108900101,0,0,0
108900102,0,0,0
108900103,0,0,0
108900105,0,0,0
108900106,3,2,1
108900108,0,0,0
108900109,0,0,0
108900110,17,5,12
108900111,22,2,20
108900113,0,0,0
108900114,0,0,0
108900115,0,0,0
108900116,0,0,0
108900117,0,0,0
108900118,0,0,0
108900119,0,0,0
108900120,0,0,0
108900121,0,0,0
108900122,0,0,0
108900123,0,0,0
108900124,0,0,0
108900125,0,0,0
108900126,0,0,0
108900127,0,0,0
108900128,0,0,0
108900129,0,0,0
108900130,0,0,0
108900131,0,0,0
108900132,0,0,0
108900133,0,0,0
108900134,0,0,0
108900135,0,0,0
108900136,0,0,0
108900137,0,0,0
108900138,0,0,0
108900140,0,0,0
108900141,0,0,0
108900142,0,0,0
108900143,0,0,0
108900144,0,0,0
108900145,0,0,0
108900146,0,0,0
108900147,0,0,0
108900148,0,0,0
108900150,0,0,0
108900151,0,0,0
108900152,0,0,0
108900153,0,0,0
108900154,4,0,4
108900156,0,0,0
108900157,0,0,0
108900158,0,0,0
108900159,0,0,0
108900160,0,0,0
108900161,0,0,0
108900162,0,0,0
108900163,0,0,0
108900164,0,0,0
108900168,0,0,0
108900169,0,0,0
108900171,56,63,-7
108900172,0,0,0
108900173,0,0,0
108900174,0,0,0
108900176,0,0,0
108900177,0,0,0
108900178,0,0,0
108900180,1,28,-27
108900183,0,0,0
108900184,18,2,16
108900185,0,0,0
108900186,0,0,0
108900189,34,2,32
108900190,0,0,0
108900192,0,0,0
108900195,10,0,10
108900196,0,0,0
108900199,1,0,1
108900200,0,0,0
108900201,0,0,0
108900203,0,0,0
108900204,0,0,0
108900205,0,0,0
108900206,0,0,0
108900207,0,0,0
108900208,0,0,0
108900209,0,0,0
108900210,0,0,0
108900211,0,0,0
108900212,0,0,0
108900215,0,0,0
108900216,0,0,0
108900217,0,0,0
108900218,0,0,0
108900221,0,0,0
108900224,0,0,0
108900225,0,0,0
108900227,0,0,0
108900230,0,0,0
108900232,0,0,0
108900233,0,0,0
108900234,0,0,0
108900235,0,0,0
108900236,0,0,0
108900240,0,0,0
108900241,0,0,0
108900245,0,0,0
108900250,0,0,0
108900258,0,0,0
108900259,0,0,0
108900260,0,0,0
108900261,0,0,0
108900262,0,0,0
108900263,0,0,0
108900264,0,0,0
108900265,0,0,0
108900266,0,0,0
108900267,0,0,0
108900268,0,0,0
108900269,0,0,0
108900270,0,0,0
108900271,0,0,0
108900272,0,0,0
108900273,0,0,0
108900274,0,0,0
109000001,628,432,196
109000002,0,258,-258
109000003,1645,134,1511
109000004,0,144,-144
109000005,1377,98,1279
109000006,0,56,-56
109000007,1408,122,1286
109000008,0,52,-52
109000009,1523,180,1343
109000010,38,122,-84
109000011,1972,387,1585
109000012,37,111,-74
109000013,2572,752,1820
109000014,23,119,-96
109000015,3663,382,3281
109000016,31,123,-92
109000017,1873,383,1490
109000018,67,101,-34
109000019,1522,226,1296
109000020,1,64,-63
109000023,12,0,12
109000024,0,0,0
109000025,0,0,0
109000026,34,0,34
109000027,0,0,0
109000028,6,1,5
109000029,0,0,0
109000030,0,0,0
109000031,242,32,210
109000032,0,0,0
109000033,151,20,131
109000034,0,0,0
109000035,0,0,0
109000036,7,3,4
109000037,0,0,0
109000038,19,27,-8
109000039,0,0,0
109000040,0,0,0
109000041,59,33,26
109000042,10,56,-46
109000044,136,19,117
109000045,0,0,0
109000046,115,6,109
109000047,0,0,0
109000048,172,15,157
109000049,0,0,0
109000050,200,22,178
109000051,0,0,0
109000052,0,0,0
109000053,0,0,0
109000054,0,0,0
109000055,0,0,0
109000056,0,0,0
109000057,0,0,0
109000058,0,0,0
109000059,0,0,0
109000060,1,1,0
109000061,0,0,0
109000062,1,9,-8
109000063,0,0,0
109000064,2,25,-23
109000065,0,0,0
109000066,0,1,-1
109000067,0,0,0
109000068,196,2,194
109000069,274,19,255
109000070,0,0,0
109000071,0,0,0
109000072,0,0,0
109000073,0,0,0
109000074,0,0,0
109000075,0,0,0
109000076,5,43,-38
109000077,21,12,9
109000078,1,0,1
109000079,3,1,2
109000080,12,0,12
109000081,1,6,-5
109000082,83,5,78
109000083,46,7,39
109000088,0,26,-26
109000089,0,0,0
109000090,0,6,-6
109000091,0,0,0
109000092,0,30,-30
109000093,0,0,0
109000094,2,0,2
109000095,0,8,-8
109000096,46,16,30
109000097,0,0,0
109000098,21,30,-9
109000099,158,15,143
109000100,17,34,-17
109000101,314,65,249
109000102,12,31,-19
109000103,24,8,16
109000104,451,6,445
109000105,4,22,-18
109000106,291,10,281
109000107,10,9,1
109000108,349,41,308
109000109,10,15,-5
109000110,67,60,7
109000111,6,88,-82
109000112,0,0,0
109000113,9,0,9
109000114,168,22,146
109000115,182,8,174
109000116,1,1,0
109000117,66,0,66
109000118,0,4,-4
109000119,285,0,285
109000120,0,0,0
109000121,257,14,243
109000122,4,0,4
109000123,0,0,0
109000124,27,2,25
109000125,547,1,546
109000126,0,1,-1
109000127,534,14,520
109000128,20,6,14
109000129,409,16,393
109000130,0,3,-3
109000131,115,304,-189
109000132,20,34,-14
109000133,0,0,0
109000134,0,0,0
109000135,0,0,0
109000136,59,16,43
109000137,28,0,28
109000138,23,4,19
109000139,73,12,61
109000140,11,11,0
109000141,122,12,110
109000142,0,0,0
109000143,0,0,0
109000145,0,0,0
109000146,31,29,2
109000148,0,0,0
109000149,0,0,0
109000150,1,91,-90
109000155,0,0,0
109000156,270,22,248
109000158,0,0,0
109000159,55,8,47
109000160,0,0,0
109000161,513,32,481
109000162,67,4,63
109000163,422,14,408
109000164,18,15,3
109000165,448,87,361
109000166,33,10,23
109000167,17,0,17
109000170,0,0,0
109000171,0,0,0
109000172,0,0,0
109000173,0,0,0
109000174,0,0,0
109000175,0,0,0
109000176,26,1,25
109000177,0,0,0
109000178,25,1,24
109000179,0,0,0
109000180,0,0,0
109000181,0,0,0
109000182,0,0,0
109000183,1,0,1
109000184,0,0,0
109000185,1,0,1
109000188,54,11,43
109000189,25,0,25
109000190,0,0,0
109000191,391,30,361
109000192,0,0,0
109000193,0,0,0
109000194,0,0,0
109000195,0,0,0
109000196,0,0,0
109000197,0,0,0
109000198,0,0,0
109000199,0,0,0
109000206,0,0,0
109000207,0,0,0
109000208,0,0,0
109000209,0,0,0
109000210,0,0,0
109000211,0,0,0
109000214,21,49,-28
109000215,200,8,192
109000216,19,172,-153
109000217,0,0,0
109000218,0,0,0
109000221,0,29,-29
109000222,6,16,-10
109000223,2,35,-33
109000224,0,0,0
109000225,5,1,4
109000226,12,3,9
109000227,42,3,39
109000228,0,0,0
109000231,1,2,-1
109000232,75,6,69
109000236,0,0,0
109000241,91,5,86
109000242,294,29,265
109000293,0,0,0
109000361,31,9,22
109000364,0,0,0
109000396,0,0,0
109000397,0,0,0
109000399,1,3,-2
109000400,0,0,0
109000403,0,0,0
109000406,106,2,104
109000407,0,0,0
109000408,0,84,-84
109000410,0,0,0
109000411,22,0,22
109000412,0,0,0
109900001,0,0,0
109900002,0,0,0
109900003,0,0,0
109900005,0,0,0
109900006,0,0,0
109900007,0,0,0
109900008,0,0,0
109900009,0,0,0
109900010,0,0,0
109900011,0,0,0
109900012,0,0,0
109900013,0,0,0
109900014,0,0,0
109900015,0,0,0
109900016,0,0,0
109900017,0,0,0
109900018,0,0,0
109900019,0,0,0
109900020,0,0,0
109900021,0,0,0
109900022,10,0,10
109900023,0,0,0
109900024,0,0,0
109900025,0,0,0
109900027,0,0,0
109900028,0,0,0
109900029,0,0,0
109900030,0,0,0
109900031,0,0,0
109900032,0,0,0
109900033,0,0,0
109900034,0,0,0
109900035,0,0,0
109900036,0,0,0
109900037,0,0,0
109900038,0,0,0
109900039,0,0,0
109900040,0,0,0
109900041,0,0,0
109900042,0,0,0
109900044,0,0,0
109900045,0,0,0
109900046,145,0,145
109900047,0,0,0
109900048,0,0,0
109900049,0,0,0
109900050,0,0,0
109900051,0,0,0
109900052,0,0,0
109900053,0,0,0
109900054,0,0,0
109900055,0,0,0
109900056,0,0,0
109900057,0,0,0
109900058,0,0,0
109900060,0,0,0
109900061,0,0,0
109900062,0,0,0
109900064,15,0,15
109900065,0,0,0
109900066,0,0,0
109900067,0,0,0
109900068,0,0,0
109900069,0,0,0
109900071,0,0,0
109900072,0,0,0
109900073,0,0,0
109900074,0,0,0
109900075,0,0,0
109900076,0,0,0
109900077,0,0,0
109900078,0,0,0
109900080,0,0,0
109900081,0,0,0
109900082,0,0,0
109900083,0,0,0
109900084,0,0,0
109900085,0,0,0
109900086,0,0,0
109900087,0,0,0
109900089,0,0,0
109900092,0,0,0
109900093,0,0,0
109900094,0,0,0
109900095,0,0,0
109900096,0,0,0
109900097,0,0,0
109900098,0,0,0
109900099,0,0,0
109900100,0,0,0
109900101,0,0,0
109900102,0,0,0
109900103,0,0,0
109900104,0,0,0
109900105,0,0,0
109900106,0,0,0
109900107,0,0,0
109900108,0,0,0
109900109,0,0,0
109900111,0,0,0
109900114,0,0,0
109900115,0,0,0
109900117,0,0,0
109900121,0,0,0
109900123,0,0,0
109900125,0,0,0
109900126,0,0,0
109900130,0,0,0
109900131,0,0,0
109900132,0,0,0
109900134,0,0,0
109900135,0,0,0
109900137,0,0,0
109900140,0,0,0
109900149,0,0,0
109900150,0,0,0
109900151,0,0,0
109900152,0,0,0
109900153,0,0,0
109900154,0,0,0
109900155,0,0,0
109900157,0,0,0
109900159,0,0,0
109900161,0,0,0
109900162,0,0,0
109900163,0,0,0
109900164,0,0,0
109900165,0,0,0
109900166,0,0,0
109900167,0,0,0
109900168,0,0,0
109900169,0,0,0
109900170,0,0,0
109900171,0,0,0
109900172,0,0,0
109900173,0,0,0
109900174,0,0,0
109900175,0,0,0
109900176,0,0,0
109900177,0,0,0
109900178,0,0,0
109900179,0,0,0
109900180,0,0,0
110000001,27,36,-9
110000002,566,264,302
110000003,40,179,-139
110000004,437,190,247
110000005,42,58,-16
110000006,1,32,-31
110000007,17,1,16
110000008,0,0,0
110000009,0,0,0
110000010,0,0,0
110000011,0,0,0
110000012,0,0,0
110000013,10,5,5
110000014,9,4,5
110000015,6,3,3
110000016,25,26,-1
110000017,40,55,-15
110000018,8,22,-14
110000019,0,0,0
110000020,0,0,0
110000021,11,7,4
110000022,0,0,0
110000023,0,0,0
110000024,0,0,0
110000025,0,0,0
110000026,0,0,0
110000027,11,39,-28
110000028,103,3,100
110000029,0,0,0
110000030,89,5,84
110000031,0,0,0
110000032,40,9,31
110000033,1,1,0
110000034,5,0,5
110000035,15,35,-20
110000036,45,0,45
110000037,9,24,-15
110000038,18,1,17
110000039,154,46,108
110000040,0,0,0
110000041,222,113,109
110000042,0,0,0
110000043,76,47,29
110000044,0,0,0
110000045,1,4,-3
110000046,0,0,0
110000047,0,7,-7
110000048,0,0,0
110000049,1,1,0
110000050,0,0,0
110000051,1,0,1
110000052,1,6,-5
110000053,0,0,0
110000054,0,0,0
110000055,22,3,19
110000056,134,33,101
110000057,0,0,0
110000058,60,85,-25
110000059,22,42,-20
110000060,756,154,602
110000061,9,40,-31
110000062,700,156,544
110000063,0,0,0
110000064,3,0,3
110000065,0,0,0
110000066,0,0,0
110000067,0,0,0
110000068,2,0,2
110000069,0,0,0
110000071,0,0,0
110000073,0,0,0
110000075,0,0,0
110000076,0,0,0
110000077,0,0,0
110000078,0,0,0
110000080,42,8,34
110000081,1,0,1
110000082,0,0,0
110000083,21,54,-33
110000084,353,113,240
110000085,78,145,-67
110000086,226,158,68
110000087,0,6,-6
110000088,0,55,-55
110000089,219,2,217
110000090,0,0,0
110000091,0,0,0
110000092,0,0,0
110000093,58,1,57
110000094,4,0,4
110000095,385,22,363
110000096,81,17,64
110000097,585,96,489
110000098,362,41,321
110000099,31,47,-16
110000100,54,0,54
110000101,0,0,0
110000102,0,0,0
110000104,0,0,0
110000105,15,4,11
110000106,0,0,0
110000107,1,42,-41
110000108,403,13,390
110000109,0,0,0
110000110,365,95,270
110000111,0,0,0
110000112,0,0,0
110000113,0,0,0
110000114,0,5,-5
110000115,5,20,-15
110000116,2,5,-3
110000117,0,0,0
110000118,99,9,90
110000119,0,0,0
110000120,61,6,55
110000121,0,0,0
110000122,21,1,20
110000123,76,8,68
110000124,0,0,0
110000125,281,13,268
110000126,99,12,87
110000127,281,13,268
110000128,0,0,0
110000129,0,0,0
110000130,31,12,19
110000131,0,0,0
110000132,0,0,0
110000133,0,0,0
110000134,0,0,0
110000135,8,0,8
110000136,0,0,0
110000137,93,4,89
110000138,0,0,0
110000139,152,3,149
110000140,727,16,711
110000143,92,3,89
110000144,884,226,658
110000145,313,84,229
110000146,553,95,458
110000147,0,0,0
110000148,52,22,30
110000151,22,110,-88
110000152,1,29,-28
110000153,0,0,0
110000154,0,0,0
110000155,22,128,-106
110000156,20,37,-17
110000157,20,237,-217
110000160,0,0,0
110000161,0,0,0
110000166,0,0,0
110000167,368,34,334
110000168,427,21,406
110000169,216,73,143
110000170,2,4,-2
110000171,90,0,90
110000172,4,19,-15
110000173,35,7,28
110000174,0,0,0
110000175,20,2,18
110000176,19,32,-13
110000177,5,48,-43
110000178,121,23,98
110000179,47,52,-5
110000180,88,55,33
110000181,104,3,101
110000182,58,1,57
110000183,158,48,110
110000184,80,98,-18
110000185,0,0,0
110000186,0,0,0
110000191,169,0,169
110000192,0,0,0
110000193,0,0,0
110000194,0,0,0
110000195,0,0,0
110000196,0,0,0
110000197,0,0,0
110000198,0,0,0
110000199,0,0,0
110000200,5,0,5
110000201,0,0,0
110000202,0,0,0
110000203,0,0,0
110000204,0,0,0
110000205,0,0,0
110000206,0,0,0
110000207,0,0,0
110000208,0,0,0
110000209,0,0,0
110000210,829,136,693
110000211,478,95,383
110000212,118,71,47
110000213,4,0,4
110000214,5,0,5
110000215,0,0,0
110000216,0,0,0
110000217,125,0,125
110000218,0,0,0
110000219,76,0,76
110000220,0,0,0
110000221,54,0,54
110000222,0,0,0
110000223,0,0,0
110000224,0,0,0
110000225,0,0,0
110000226,270,13,257
110000227,0,0,0
110000228,91,15,76
110000229,0,0,0
110000230,239,47,192
110000231,64,104,-40
110000232,0,0,0
110000233,61,6,55
110000234,98,3,95
110000235,141,69,72
110000236,0,0,0
110000237,0,0,0
110000238,371,58,313
110000239,0,0,0
110000240,0,0,0
110000242,0,0,0
110000243,0,0,0
110000244,0,0,0
110000245,0,0,0
110000246,3,7,-4
110000247,61,70,-9
110000248,64,43,21
110000249,0,0,0
110000250,0,3,-3
110000251,2,3,-1
110000252,45,25,20
110000253,67,22,45
110000254,0,0,0
110000255,0,0,0
110000256,28,28,0
110000257,18,0,18
110000258,0,16,-16
110000259,0,0,0
110000260,1,5,-4
110000263,0,0,0
110000264,17,2,15
110000265,883,81,802
110000266,378,272,106
110000267,0,0,0
110000268,0,0,0
110000269,0,0,0
110000270,0,0,0
110000271,103,6,97
110000272,174,110,64
110000273,68,136,-68
110000274,3,227,-224
110000275,101,41,60
110000276,3,62,-59
110000277,346,32,314
110000278,0,123,-123
110000279,446,76,370
110000280,285,44,241
110000281,0,0,0
110000282,15,0,15
110000283,0,0,0
110000284,0,0,0
110000285,0,0,0
110000286,15,35,-20
110000287,41,0,41
110000288,0,0,0
110000289,0,0,0
110000290,0,0,0
110000291,162,13,149
110000292,0,0,0
110000293,142,8,134
110000294,0,0,0
110000295,89,0,89
110000296,0,0,0
110000297,0,0,0
110000298,0,0,0
110000299,0,0,0
110000301,0,0,0
110000302,0,0,0
110000303,0,0,0
110000304,0,0,0
110000305,50,0,50
110000306,0,0,0
110000307,104,0,104
110000308,66,0,66
110000309,0,0,0
110000310,127,0,127
110000311,0,0,0
110000312,4,0,4
110000313,0,0,0
110000314,0,0,0
110000315,12,107,-95
110000316,0,70,-70
110000317,0,0,0
110000318,0,0,0
110000319,0,0,0
110000320,0,0,0
110000321,0,0,0
110000322,2,9,-7
110000323,0,0,0
110000324,0,0,0
110000325,348,211,137
110000327,124,3,121
110000328,0,0,0
110000333,84,131,-47
110000334,3,13,-10
110000335,13,25,-12
110000336,4,2,2
110000337,547,142,405
110000338,18,1,17
110000339,15,14,1
110000340,2,0,2
110000341,113,0,113
110000342,10,0,10
110000343,0,0,0
110000344,0,0,0
110000345,0,1,-1
110000346,310,170,140
110000347,516,191,325
110000348,0,0,0
110000349,0,0,0
110000350,0,0,0
110000351,359,77,282
110000352,0,0,0
110000353,576,45,531
110000354,3,9,-6
110000355,0,0,0
110000356,108,0,108
110000357,0,0,0
110000361,0,0,0
110000362,0,0,0
110000363,79,1,78
110000364,56,52,4
110000365,33,0,33
110000366,0,0,0
110000367,0,0,0
110000368,0,0,0
110000369,27,0,27
110000373,0,0,0
110000374,0,0,0
110000375,63,10,53
110000376,0,0,0
110000377,81,53,28
110000378,0,0,0
110000379,408,107,301
110000380,130,2,128
110000383,0,0,0
110000384,129,0,129
110000385,0,0,0
110000387,14,0,14
110000388,0,0,0
110000389,531,1,530
110000391,202,47,155
110000396,0,0,0
110000397,0,0,0
110000398,0,0,0
110000399,403,6,397
110000587,1,0,1
110000589,8,0,8
110000640,0,0,0
110000652,0,0,0
110000653,0,0,0
110000654,0,0,0
110000656,0,0,0
110000674,0,0,0
110000675,0,0,0
110000676,0,0,0
110000679,4,1,3
110000682,14,24,-10
110000683,77,4,73
110000684,0,0,0
110000685,0,0,0
110000686,0,0,0
110000687,0,0,0
110000688,33,0,33
110000689,0,0,0
110000692,1,1,0
110000693,0,0,0
110000694,0,0,0
110000695,0,0,0
110000696,24,19,5
110000698,5,77,-72
110000699,0,0,0
110900001,0,0,0
110900002,0,0,0
110900003,0,0,0
110900004,0,0,0
110900005,0,0,0
110900006,0,0,0
110900007,0,0,0
110900008,0,0,0
110900009,0,0,0
110900010,0,0,0
110900011,0,0,0
110900012,0,0,0
110900013,0,0,0
110900014,0,0,0
110900015,0,0,0
110900016,0,0,0
110900017,0,0,0
110900018,0,0,0
110900019,0,0,0
110900020,0,0,0
110900021,0,0,0
110900022,0,0,0
110900023,0,0,0
110900024,0,0,0
110900025,0,0,0
110900027,0,0,0
110900028,0,0,0
110900029,0,0,0
110900030,0,0,0
110900031,0,0,0
110900032,0,0,0
110900033,0,0,0
110900035,0,0,0
110900036,0,0,0
110900037,0,0,0
110900038,0,0,0
110900039,0,0,0
110900040,0,0,0
110900041,0,0,0
110900042,0,0,0
110900043,0,0,0
110900044,0,0,0
110900045,0,0,0
110900046,0,0,0
110900047,0,0,0
110900049,0,0,0
110900050,0,0,0
110900052,0,0,0
110900053,0,0,0
110900054,0,0,0
110900055,0,0,0
110900056,0,0,0
110900057,0,0,0
110900058,0,0,0
110900059,0,0,0
110900060,0,0,0
110900061,0,0,0
110900062,0,0,0
110900063,0,0,0
110900064,0,0,0
110900065,0,0,0
110900066,0,0,0
110900067,0,0,0
110900068,0,0,0
110900069,0,0,0
110900070,0,0,0
110900071,0,0,0
110900073,0,0,0
110900074,0,0,0
110900075,0,0,0
110900077,0,0,0
110900078,0,0,0
110900079,30,11,19
110900080,0,0,0
110900081,0,0,0
110900082,0,0,0
110900083,0,0,0
110900084,0,0,0
110900085,0,0,0
110900086,0,0,0
110900087,0,0,0
110900088,0,0,0
110900090,0,0,0
110900091,0,0,0
110900093,0,0,0
110900095,0,0,0
110900097,0,0,0
110900098,0,0,0
110900099,0,0,0
110900100,0,0,0
110900102,0,0,0
110900105,0,0,0
110900108,0,0,0
110900111,0,0,0
110900112,0,0,0
110900113,0,0,0
110900115,0,0,0
110900116,0,0,0
110900118,0,0,0
110900119,0,0,0
110900120,0,0,0
110900121,0,0,0
110900122,0,0,0
110900125,0,0,0
110900127,0,0,0
110900128,0,0,0
110900129,0,0,0
110900130,0,0,0
110900131,0,0,0
110900132,0,0,0
110900133,0,0,0
110900135,0,0,0
110900136,0,0,0
110900139,0,0,0
110900140,0,0,0
110900141,0,0,0
110900142,0,0,0
110900143,0,0,0
110900144,0,0,0
110900145,0,0,0
110900146,0,0,0
110900147,0,0,0
110900148,0,0,0
110900149,0,0,0
110900150,0,0,0
110900151,0,0,0
110900152,0,0,0
110900153,0,0,0
111000001,38,38,0
111000002,0,0,0
111000003,453,69,384
111000004,0,0,0
111000005,623,71,552
111000006,0,0,0
111000007,625,119,506
111000008,0,0,0
111000009,10,122,-112
111000010,495,166,329
111000011,31,27,4
111000012,371,27,344
111000013,8,67,-59
111000014,678,140,538
111000017,0,0,0
111000018,0,0,0
111000020,0,0,0
111000021,26,2,24
111000023,74,1,73
111000025,76,92,-16
111000029,0,0,0
111000030,0,0,0
111000031,384,81,303
111000032,25,17,8
111000033,78,12,66
111000034,2,19,-17
111000037,0,0,0
111000038,47,2,45
111000039,0,1,-1
111000040,14,28,-14
111000041,0,0,0
111000042,0,0,0
111000043,795,95,700
111000044,836,70,766
111000045,1247,340,907
111000046,571,105,466
111000047,638,146,492
111000049,92,15,77
111000050,0,0,0
111000051,0,0,0
111000052,0,0,0
111000053,0,0,0
111000054,0,0,0
111000055,2,0,2
111000056,0,0,0
111000057,0,0,0
111000058,110,1,109
111000059,371,141,230
111000060,1571,128,1443
111000061,117,10,107
111000062,496,12,484
111000063,700,23,677
111000064,619,40,579
111000065,633,32,601
111000066,219,46,173
111000067,0,0,0
111000068,0,0,0
111000069,0,0,0
111000070,0,0,0
111000071,0,0,0
111000072,885,100,785
111000073,347,112,235
111000074,1079,196,883
111000075,153,16,137
111000076,328,22,306
111000077,734,187,547
111000078,179,18,161
111000079,238,37,201
111000080,96,40,56
111000081,107,48,59
111000082,176,22,154
111000084,66,162,-96
111000085,30,33,-3
111000086,134,25,109
111000087,145,7,138
111000088,75,26,49
111000089,108,4,104
111000090,70,44,26
111000091,0,0,0
111000092,0,0,0
111000093,0,0,0
111000094,19,0,19
111000095,11,2,9
111000096,40,40,0
111000097,0,0,0
111000098,0,0,0
111000099,0,0,0
111000100,0,0,0
111000101,0,0,0
111000102,0,0,0
111000104,109,23,86
111000107,0,0,0
111000109,70,28,42
111000110,335,50,285
111000111,1048,29,1019
111000112,852,14,838
111000113,437,139,298
111000114,236,78,158
111000115,912,155,757
111000116,295,10,285
111000117,51,19,32
111000118,173,23,150
111000119,257,46,211
111000120,317,40,277
111000121,116,33,83
111000122,2,4,-2
111000123,5,3,2
111000124,0,0,0
111000125,0,0,0
111000126,0,0,0
111000127,298,15,283
111000128,691,18,673
111000129,1064,31,1033
111000130,1381,20,1361
111000131,872,28,844
111000132,445,51,394
111000133,23,26,-3
111000134,10,3,7
111000135,0,0,0
111000136,305,1,304
111000138,3,2,1
111000140,0,0,0
111000141,1,0,1
111000142,0,0,0
111000143,0,0,0
111000144,0,0,0
111000145,2,0,2
111000146,3,0,3
111000147,25,1,24
111000148,55,16,39
111000149,0,0,0
111000150,28,0,28
111000151,0,0,0
111000153,93,1,92
111000154,24,1,23
111000155,48,7,41
111000156,145,46,99
111000157,74,84,-10
111000158,180,148,32
111000159,248,76,172
111000160,26,15,11
111000161,0,86,-86
111000162,0,0,0
111000163,0,0,0
111000164,0,0,0
111000165,106,8,98
111000166,0,0,0
111000167,0,0,0
111000168,3,26,-23
111000169,89,23,66
111000170,43,1,42
111000171,42,2,40
111000172,5,4,1
111000173,51,33,18
111000174,16,2,14
111000175,0,8,-8
111000176,0,0,0
111000177,0,0,0
111000178,0,0,0
111000179,0,0,0
111000180,0,0,0
111000181,103,0,103
111000182,68,0,68
111000183,35,19,16
111000184,118,16,102
111000185,9,1,8
111000186,21,0,21
111000187,24,1,23
111000188,2,3,-1
111000189,0,0,0
111000190,0,0,0
111000191,0,0,0
111000192,0,0,0
111000193,0,0,0
111000194,0,0,0
111000195,0,0,0
111000196,0,0,0
111000197,57,3,54
111000198,113,1,112
111000199,121,0,121
111000200,304,2,302
111000201,135,3,132
111000202,98,6,92
111000203,161,4,157
111000204,48,197,-149
111000213,82,44,38
111000214,286,45,241
111000215,140,63,77
111000217,250,11,239
111000218,72,168,-96
111000219,0,0,0
111000220,159,76,83
111000221,20,16,4
111000224,0,0,0
111000225,43,7,36
111000226,0,2,-2
111000227,3,0,3
111000228,0,0,0
111000229,0,0,0
111000230,15,2,13
111000231,163,7,156
111000232,0,0,0
111000233,0,0,0
111000234,0,0,0
111000239,0,0,0
111000240,15,18,-3
111000241,0,0,0
111000242,47,5,42
111000243,0,0,0
111000244,21,1,20
111000245,131,16,115
111000246,154,34,120
111000247,0,0,0
111000248,95,49,46
111000249,0,0,0
111000250,0,0,0
111000251,0,0,0
111000253,0,0,0
111000255,0,0,0
111000257,0,0,0
111000260,0,0,0
111000261,72,0,72
111000271,0,0,0
111000273,78,1,77
111000274,224,212,12
111000275,27,1,26
111000276,0,0,0
111000277,0,0,0
111000278,150,4,146
111000291,257,473,-216
111000298,0,0,0
111000299,74,0,74
111000300,0,0,0
111000302,0,0,0
111000303,0,0,0
111000312,0,0,0
111000315,0,0,0
111000320,2,9,-7
111000321,0,20,-20
111000322,40,4,36
111000323,7,0,7
111000324,1,2,-1
111000325,0,0,0
111000326,2,0,2
111000327,70,17,53
111000328,38,45,-7
111000329,0,0,0
111000330,9,2,7
111000331,44,0,44
111000332,72,106,-34
111000334,3,5,-2
111000335,50,1,49
111000337,99,0,99
111000338,3,1,2
111000339,2,7,-5
111000340,0,1,-1
111000341,148,4,144
111000342,0,0,0
111000344,249,10,239
111000345,8,14,-6
111000346,0,0,0
111000347,0,0,0
111000350,11,2,9
111000351,0,0,0
111000352,24,1,23
111000353,0,0,0
111000354,0,1,-1
111000355,0,0,0
111000358,31,4,27
111000360,16,0,16
111000361,28,5,23
111000546,5,3,2
111000547,115,1,114
111000548,0,0,0
111000549,107,1,106
111000550,0,0,0
111000551,75,0,75
111000552,6,6,0
111000907,267,14,253
111000908,5,0,5
111000916,118,0,118
111000917,0,0,0
111000918,12,4,8
111000920,39,0,39
111000921,0,0,0
111000922,0,1,-1
111000924,0,0,0
111000925,1787,229,1558
111000926,92,27,65
111000927,1452,306,1146
111000928,244,230,14
111000929,1236,147,1089
111000930,31,83,-52
111000931,1466,329,1137
111000932,132,74,58
111000933,1568,493,1075
111000934,13,63,-50
111000935,870,75,795
111000936,3,28,-25
111000937,546,134,412
111000938,5,55,-50
111000939,141,1,140
111000940,0,0,0
111000941,26,11,15
111000943,0,0,0
111000944,4,8,-4
111000945,26,0,26
111001109,173,15,158
111001110,0,0,0
111001111,2,0,2
111001112,189,4,185
111001113,1,72,-71
111001114,2,2,0
111001115,0,0,0
111001116,346,45,301
111001117,0,0,0
111001120,3,10,-7
111001121,0,0,0
111001122,0,0,0
111001123,6,22,-16
111001124,0,0,0
111001125,3,98,-95
111001126,0,0,0
111001127,0,0,0
111001128,74,10,64
111900001,0,0,0
111900002,0,0,0
111900003,0,0,0
111900004,0,0,0
111900006,0,0,0
111900007,0,0,0
111900008,0,0,0
111900009,0,0,0
111900010,0,0,0
111900012,0,0,0
111900013,0,0,0
111900014,1,0,1
111900015,0,0,0
111900016,0,0,0
111900017,0,0,0
111900018,0,0,0
111900019,0,0,0
111900020,0,0,0
111900021,0,0,0
111900022,0,0,0
111900023,0,0,0
111900024,4,0,4
111900025,0,0,0
111900026,0,0,0
111900027,0,0,0
111900028,0,0,0
111900029,0,0,0
111900030,0,0,0
111900032,0,0,0
111900033,0,0,0
111900034,0,0,0
111900035,0,0,0
111900036,0,0,0
111900038,0,0,0
111900039,0,0,0
111900040,0,0,0
111900042,0,0,0
111900043,0,0,0
111900044,0,0,0
111900046,0,0,0
111900048,0,0,0
111900049,0,0,0
111900050,0,0,0
111900051,0,0,0
111900052,0,0,0
111900053,0,0,0
111900054,0,0,0
111900055,0,0,0
111900056,0,0,0
111900057,10,0,10
111900058,0,0,0
111900059,59,22,37
111900060,0,0,0
111900061,0,0,0
111900062,0,0,0
111900063,0,0,0
111900064,0,0,0
111900065,0,0,0
111900066,0,0,0
111900067,0,0,0
111900068,0,0,0
111900069,0,0,0
111900070,0,0,0
111900071,0,0,0
111900072,0,0,0
111900073,0,0,0
111900074,0,0,0
111900075,0,0,0
111900076,0,0,0
111900077,0,0,0
111900078,0,0,0
111900079,0,0,0
111900080,0,0,0
111900082,0,0,0
111900083,0,0,0
111900084,0,0,0
111900085,0,0,0
111900086,0,0,0
111900087,0,0,0
111900088,0,0,0
111900089,0,0,0
111900090,0,0,0
111900091,0,0,0
111900092,0,0,0
111900093,0,0,0
111900094,0,0,0
111900095,0,0,0
111900096,0,0,0
111900097,0,0,0
111900098,0,0,0
111900099,0,0,0
111900100,0,0,0
111900101,0,0,0
111900102,0,0,0
111900103,0,0,0
111900104,0,0,0
111900105,0,0,0
111900106,0,0,0
111900110,0,0,0
111900111,29,0,29
111900112,0,0,0
111900113,0,0,0
111900118,0,0,0
111900119,0,0,0
111900122,0,0,0
111900123,0,0,0
111900124,0,0,0
111900125,0,0,0
111900126,0,0,0
111900127,0,0,0
111900128,0,0,0
111900129,0,0,0
111900130,0,0,0
111900131,0,0,0
111900132,0,0,0
111900133,0,0,0
111900134,0,0,0
111900135,0,0,0
111900136,0,0,0
111900137,0,0,0
111900138,0,0,0
111900139,0,0,0
111900140,0,0,0
111900141,0,0,0
111900142,0,0,0
111900143,0,0,0
111900144,0,0,0
111900145,0,0,0
111900146,0,0,0
111900147,0,0,0
111900148,0,0,0
111900149,0,0,0
111900150,0,0,0
111900151,0,0,0
111900152,0,0,0
111900153,0,0,0
111900154,0,0,0
111900155,0,0,0
111900156,0,0,0
111900157,0,0,0
111900158,0,0,0
111900159,0,0,0
111900160,0,0,0
111900161,0,0,0
111900162,0,0,0
111900163,0,0,0
111900164,0,0,0
111901113,0,0,0
111901114,0,0,0
111901115,0,0,0
111901116,0,0,0
111901117,0,0,0
111901118,0,0,0
111901119,0,0,0
111901121,0,0,0
111901122,0,0,0
111901123,0,0,0
111901124,0,0,0
111901125,7,34,-27
111901127,0,0,0
111901128,0,0,0
111901129,0,0,0
111901130,0,0,0
111901131,0,0,0
111901132,0,0,0
111901133,0,0,0
111901134,0,0,0
111901135,0,0,0
111901138,0,0,0
111901139,0,0,0
111901140,0,0,0
111901141,0,0,0
111901142,0,0,0
111901143,0,0,0
111901144,0,0,0
111901145,0,0,0
111901146,0,0,0
111901147,0,0,0
111901148,0,0,0
111901149,0,0,0
111901150,0,0,0
111901151,0,0,0
111901152,0,0,0
112000001,1034,254,780
112000002,0,0,0
112000003,523,206,317
112000004,0,0,0
112000005,2860,1278,1582
112000006,0,0,0
112000007,840,853,-13
112000008,1777,1727,50
112000009,783,73,710
112000010,195,817,-622
112000011,118,8,110
112000012,333,1237,-904
112000013,126,59,67
112000014,92,628,-536
112000015,0,0,0
112000016,61,252,-191
112000017,0,0,0
112000024,0,0,0
112000026,0,0,0
112000027,459,378,81
112000028,0,0,0
112000029,0,0,0
112000030,0,0,0
112000031,0,35,-35
112000032,0,0,0
112000033,0,41,-41
112000034,0,0,0
112000035,0,0,0
112000036,0,0,0
112000037,0,0,0
112000038,0,0,0
112000039,31,8,23
112000040,0,0,0
112000041,0,0,0
112000042,0,0,0
112000050,738,392,346
112000051,727,1044,-317
112000054,22,153,-131
112000057,0,0,0
112000058,0,0,0
112000059,0,0,0
112000061,0,0,0
112000062,1,77,-76
112000063,0,0,0
112000064,0,0,0
112000065,0,0,0
112000066,62,246,-184
112000067,0,0,0
112000068,79,181,-102
112000069,0,0,0
112000070,31,27,4
112000071,0,0,0
112000072,138,9,129
112000073,0,0,0
112000074,36,11,25
112000075,225,75,150
112000076,83,39,44
112000077,118,2,116
112000078,250,7,243
112000079,61,15,46
112000080,43,28,15
112000081,6,172,-166
112000082,146,97,49
112000083,77,2,75
112000084,157,53,104
112000085,280,4,276
112000086,346,67,279
112000087,42,20,22
112000088,51,30,21
112000089,1,6,-5
112000090,36,4,32
112000091,16,18,-2
112000092,1082,66,1016
112000093,113,15,98
112000094,289,95,194
112000095,208,15,193
112000096,548,108,440
112000097,511,227,284
112000098,0,0,0
112000099,32,1078,-1046
112000100,703,110,593
112000101,0,0,0
112000102,317,65,252
112000103,0,0,0
112000105,0,0,0
112000106,413,137,276
112000107,3,0,3
112000108,0,0,0
112000109,62,0,62
112000110,280,5,275
112000111,0,26,-26
112000112,200,4,196
112000113,3,8,-5
112000114,251,35,216
112000115,0,0,0
112000116,0,0,0
112000117,0,0,0
112000118,0,0,0
112000119,0,0,0
112000120,0,0,0
112000121,0,0,0
112000122,20,6,14
112000123,135,8,127
112000124,5,3,2
112000125,34,13,21
112000126,0,0,0
112000127,40,53,-13
112000128,0,0,0
112000129,58,4,54
112000130,0,0,0
112000131,0,0,0
112000132,0,0,0
112000133,50,0,50
112000134,82,8,74
112000135,168,23,145
112000136,1,20,-19
112000137,247,78,169
112000138,4,1,3
112000139,2,32,-30
112000140,0,0,0
112000141,12,10,2
112000142,0,0,0
112000143,180,4,176
112000144,0,0,0
112000145,367,5,362
112000146,0,0,0
112000147,121,7,114
112000148,0,0,0
112000149,9,7,2
112000150,0,0,0
112000151,27,3,24
112000152,0,0,0
112000153,7,0,7
112000154,13,0,13
112000155,0,0,0
112000157,45,343,-298
112000158,2,2,0
112000159,0,0,0
112000167,0,0,0
112000169,0,0,0
112000173,0,0,0
112000175,13,1,12
112000176,0,0,0
112000177,0,0,0
112000178,0,0,0
112000179,0,0,0
112000180,0,0,0
112000181,36,10,26
112000182,185,2,183
112000183,30,0,30
112000184,3,6,-3
112000185,0,0,0
112000187,0,0,0
112000195,0,0,0
112000196,0,0,0
112000197,0,0,0
112000198,0,0,0
112000199,0,0,0
112000202,420,2,418
112000216,0,0,0
112000230,0,0,0
112000231,0,0,0
112000256,20,51,-31
112000313,0,0,0
112000314,0,0,0
112000337,0,0,0
112000352,0,0,0
112000392,32,109,-77
112000398,248,47,201
112000399,208,1818,-1610
112000400,2,6,-4
112000401,12,24,-12
112000402,566,1764,-1198
112000403,85,1086,-1001
112000404,110,302,-192
112000405,907,554,353
112000406,15,31,-16
112000407,2604,315,2289
112000408,18,67,-49
112000409,0,36,-36
112000410,0,0,0
112000411,0,0,0
112000412,0,0,0
112000413,0,0,0
112000414,0,0,0
112000415,0,0,0
112000416,687,155,532
112000417,10,3,7
112000421,0,0,0
112000422,1,1,0
112000424,0,0,0
112000425,0,0,0
112000426,0,0,0
112000427,0,0,0
112000428,0,0,0
112000429,351,260,91
112000430,356,696,-340
112000431,60,8,52
112000432,0,0,0
112000433,4,78,-74
112000437,3,5,-2
112900001,0,0,0
112900002,0,0,0
112900003,0,0,0
112900004,0,0,0
112900005,0,0,0
112900007,0,0,0
112900008,0,0,0
112900009,0,0,0
112900010,0,0,0
112900011,0,0,0
112900012,0,0,0
112900013,0,0,0
112900014,0,0,0
112900015,0,0,0
112900016,0,0,0
112900017,0,0,0
112900018,0,0,0
112900019,0,0,0
112900020,0,0,0
112900021,0,0,0
112900022,0,0,0
112900023,0,0,0
112900024,0,0,0
112900025,0,0,0
112900026,0,0,0
112900027,0,0,0
112900028,0,0,0
112900029,0,0,0
112900030,0,0,0
112900031,0,0,0
112900032,0,0,0
112900034,0,0,0
112900035,0,0,0
112900036,0,0,0
112900037,0,0,0
112900038,0,0,0
112900039,0,0,0
112900040,0,0,0
112900041,0,0,0
112900042,0,0,0
112900043,0,0,0
112900044,0,0,0
112900045,0,0,0
112900046,0,0,0
112900047,0,0,0
112900049,0,0,0
112900050,0,0,0
112900051,0,0,0
112900052,0,0,0
112900053,0,0,0
112900054,0,0,0
112900055,0,0,0
112900056,0,0,0
112900057,0,0,0
112900058,0,0,0
112900059,0,0,0
112900060,0,0,0
112900061,0,0,0
112900062,0,0,0
112900063,0,0,0
112900064,0,0,0
112900065,0,0,0
112900066,0,0,0
112900067,0,0,0
112900068,0,0,0
112900069,0,0,0
112900071,0,0,0
112900072,0,0,0
112900073,0,0,0
112900074,0,0,0
112900075,0,0,0
112900076,0,0,0
112900078,0,0,0
112900079,0,0,0
112900080,0,0,0
112900081,0,0,0
112900082,0,0,0
112900083,0,0,0
112900084,0,0,0
112900086,0,0,0
112900087,0,0,0
112900088,0,0,0
112900089,0,0,0
112900090,0,0,0
112900091,0,0,0
112900092,0,0,0
112900093,0,0,0
112900095,0,0,0
112900096,0,0,0
112900097,0,0,0
112900098,0,0,0
112900099,0,0,0
112900100,0,0,0
112900101,0,0,0
112900102,0,0,0
112900103,0,0,0
112900104,0,0,0
112900105,0,0,0
112900106,0,0,0
112900107,0,0,0
112900108,0,0,0
112900109,0,0,0
112900110,0,0,0
112900111,0,0,0
112900112,0,0,0
112900113,0,0,0
112900114,0,0,0
112900115,0,0,0
112900116,0,0,0
112900117,0,0,0
112900118,0,0,0
112900119,0,0,0
112900120,0,0,0
112900121,0,0,0
112900122,0,0,0
112900123,0,0,0
112900124,0,0,0
112900125,0,0,0
112900126,0,0,0
112900127,0,0,0
112900128,0,0,0
112900129,0,0,0
112900130,0,0,0
112900131,0,0,0
112900132,0,0,0
112900133,0,0,0
112900134,0,0,0
112900135,0,0,0
112900137,0,0,0
112900138,0,0,0
112900139,0,0,0
112900141,0,0,0
112900142,0,0,0
112900143,0,0,0
112900144,0,0,0
112900145,0,0,0
112900146,0,0,0
112900147,0,0,0
112900148,0,0,0
112900149,0,0,0
112900151,0,0,0
112900152,0,0,0
112900153,0,0,0
112900154,0,0,0
112900155,0,0,0
112900156,0,0,0
112900157,0,0,0
112900158,0,0,0
112900159,0,0,0
112900160,0,0,0
112900161,0,0,0
112900162,0,0,0
112900163,0,0,0
112900164,0,0,0
112900165,0,0,0
112900166,0,0,0
112900167,0,0,0
112900168,0,0,0
112900169,0,0,0
112900170,0,0,0
112900172,0,0,0
112900173,0,0,0
112900174,0,0,0
112900175,0,0,0
112900176,0,0,0
112900177,0,0,0
112900178,0,0,0
112900179,0,0,0
112900180,0,0,0
112900181,0,0,0
112900182,0,0,0
112900183,0,0,0
112900184,0,0,0
112900185,0,0,0
112900186,0,0,0
112900187,0,0,0
112900188,0,0,0
112900189,0,0,0
112900190,0,0,0
112900192,0,0,0
112900193,0,0,0
112900194,0,0,0
112900195,0,0,0
112900196,0,0,0
112900197,0,0,0
112900199,0,0,0
112900200,0,0,0
112900201,0,0,0
112900202,0,0,0
112900203,0,0,0
112900204,0,0,0
112900205,0,0,0
112900206,0,0,0
112900207,0,0,0
112900208,0,0,0
112900209,0,0,0
112900210,0,0,0
112900211,0,0,0
112900212,0,0,0
112900213,0,0,0
112900214,0,0,0
112900215,0,0,0
112900216,0,0,0
112900217,0,0,0
112900218,0,0,0
112900219,0,0,0
112900220,0,0,0
112900221,0,0,0
112900222,0,0,0
112900223,0,0,0
112900224,0,0,0
112900225,0,0,0
112900226,0,0,0
112900227,0,0,0
112900228,0,0,0
112900229,0,0,0
112900230,0,0,0
112900232,0,0,0
112900233,0,0,0
112900234,0,0,0
112900235,0,0,0
112900236,0,0,0
112900237,0,0,0
112900238,0,0,0
112900239,0,0,0
112900240,0,0,0
112900241,0,0,0
112900242,0,0,0
112900243,0,0,0
112900244,0,0,0
112900245,0,0,0
112900246,0,0,0
112900247,0,0,0
112900248,0,0,0
112900249,0,0,0
112900250,0,0,0
112900251,0,0,0
112900252,0,0,0
112900253,0,0,0
112900254,0,0,0
112900255,0,0,0
112900256,0,0,0
112900257,0,0,0
112900258,0,0,0
113000001,236,295,-59
113000002,254,271,-17
113000003,138,80,58
113000004,78,146,-68
113000005,53,85,-32
113000006,26,162,-136
113000007,87,39,48
113000008,97,80,17
113000009,88,22,66
113000010,236,46,190
113000011,0,0,0
113000012,614,110,504
113000013,21,84,-63
113000014,45,10,35
113000015,3,0,3
113000016,0,1,-1
113000017,0,0,0
113000018,28,25,3
113000019,0,0,0
113000020,170,0,170
113000021,294,9,285
113000022,14,0,14
113000025,0,0,0
113000026,10,1,9
113000027,96,1,95
113000028,3,0,3
113000029,39,26,13
113000030,0,0,0
113000031,0,0,0
113000032,48,27,21
113000033,36,55,-19
113000034,0,0,0
113000035,0,0,0
113000036,0,0,0
113000037,0,0,0
113000038,0,0,0
113000039,0,0,0
113000040,0,0,0
113000042,0,0,0
113000051,103,75,28
113000052,106,33,73
113000053,26,19,7
113000054,25,40,-15
113000055,119,10,109
113000056,92,14,78
113000058,0,0,0
113000059,132,48,84
113000060,0,0,0
113000061,60,47,13
113000062,0,0,0
113000063,0,0,0
113000064,0,0,0
113000065,20,5,15
113000066,129,7,122
113000067,28,0,28
113000068,1,14,-13
113000069,5,29,-24
113000070,97,9,88
113000071,18,61,-43
113000072,95,3,92
113000073,2,81,-79
113000074,97,1,96
113000075,204,1,203
113000076,0,103,-103
113000077,40,69,-29
113000078,0,0,0
113000079,0,0,0
113000080,63,50,13
113000081,97,74,23
113000082,0,0,0
113000083,122,121,1
113000084,12,3,9
113000085,193,150,43
113000086,13,12,1
113000087,126,469,-343
113000088,12,3,9
113000089,239,406,-167
113000090,2,20,-18
113000091,14,0,14
113000094,142,27,115
113000095,0,0,0
113000096,0,0,0
113000097,53,9,44
113000098,0,0,0
113000099,24,3,21
113000100,0,0,0
113000101,0,0,0
113000102,22,44,-22
113000103,0,0,0
113000104,233,161,72
113000105,688,84,604
113000106,0,0,0
113000107,239,354,-115
113000108,49,18,31
113000109,0,0,0
113000110,62,64,-2
113000111,0,0,0
113000112,11,26,-15
113000113,4,34,-30
113000114,0,0,0
113000116,0,0,0
113000117,0,0,0
113000118,0,1,-1
113000119,0,0,0
113000120,0,0,0
113000121,0,0,0
113000124,60,3,57
113000125,0,0,0
113000127,0,0,0
113000128,0,0,0
113000129,0,0,0
113000133,4,0,4
113000134,4,84,-80
113000135,758,729,29
113000137,161,180,-19
113000139,4,34,-30
113000140,0,0,0
113000141,2,32,-30
113000142,0,0,0
113000143,3,44,-41
113000144,0,0,0
113000145,0,0,0
113000146,0,0,0
113000147,0,0,0
113000148,0,0,0
113000149,0,0,0
113000150,0,0,0
113000151,0,0,0
113000152,0,0,0
113000153,0,0,0
113000154,7,45,-38
113000155,66,62,4
113000156,0,0,0
113000157,0,0,0
113000158,1,0,1
113000159,4,0,4
113000160,0,0,0
113000161,0,0,0
113000162,0,0,0
113000163,0,1,-1
113000164,0,0,0
113000166,61,0,61
113000167,0,0,0
113000168,0,0,0
113000169,104,2,102
113000170,211,5,206
113000171,0,0,0
113000172,83,7,76
113000173,17,23,-6
113000174,0,0,0
113000175,60,3,57
113000176,285,2,283
113000177,0,0,0
113000178,0,0,0
113000179,123,4,119
113000180,89,0,89
113000181,57,11,46
113000182,12,0,12
113000183,1,41,-40
113000184,0,0,0
113000189,0,0,0
113000190,0,0,0
113000192,82,203,-121
113000193,80,27,53
113000194,11,44,-33
113000195,36,37,-1
113000196,124,7,117
113000197,38,9,29
113000198,0,0,0
113000199,3,0,3
113000201,0,0,0
113000202,0,0,0
113000203,1,1,0
113000204,15,96,-81
113000205,0,0,0
113000206,0,0,0
113000207,0,0,0
113000208,0,0,0
113000209,0,0,0
113000210,0,0,0
113000211,0,0,0
113000212,0,0,0
113000213,6,0,6
113000214,0,0,0
113000234,0,0,0
113000410,1,2,-1
113000411,21,92,-71
113000412,287,205,82
113000413,69,226,-157
113000414,114,315,-201
113000415,8,39,-31
113000416,12,31,-19
113000417,4,30,-26
113000418,406,150,256
113000419,32,69,-37
113000420,229,115,114
113000421,1332,1046,286
113000422,150,363,-213
113000423,152,272,-120
113000424,666,272,394
113000425,0,0,0
113000428,0,0,0
113000430,0,0,0
113000432,218,5,213
113000433,0,0,0
113000434,0,0,0
113000435,0,0,0
113000436,0,0,0
113000437,63,0,63
113000438,0,0,0
113000439,0,0,0
113000440,0,4,-4
113000441,1,0,1
113000442,0,0,0
113000443,2,0,2
113000444,0,0,0
113000445,0,0,0
113000446,0,0,0
113000448,0,0,0
113000449,0,0,0
113000450,0,11,-11
113000451,0,0,0
113000452,2,1,1
113000453,0,0,0
113000454,2,10,-8
113000455,0,0,0
113000456,0,0,0
113000468,0,0,0
113000469,0,0,0
113000470,0,0,0
113000471,0,0,0
113000472,0,0,0
113000474,27,46,-19
113000475,50,67,-17
113000476,258,186,72
113000477,778,346,432
113000478,306,62,244
113000479,0,0,0
113000485,0,0,0
113000486,0,0,0
113000487,0,0,0
113000488,0,0,0
113000489,0,0,0
113000490,0,0,0
113000491,0,0,0
113000492,0,0,0
113000493,0,0,0
113000495,0,0,0
113000496,0,0,0
113900001,0,0,0
113900002,0,0,0
113900003,0,0,0
113900004,0,0,0
113900005,0,0,0
113900006,0,0,0
113900007,0,0,0
113900008,0,0,0
113900009,0,0,0
113900010,0,0,0
113900011,0,0,0
113900012,0,0,0
113900013,0,0,0
113900014,0,0,0
113900015,0,0,0
113900016,0,0,0
113900017,0,0,0
113900018,0,0,0
113900019,0,0,0
113900020,0,0,0
113900022,0,0,0
113900023,0,0,0
113900024,0,0,0
113900025,0,0,0
113900026,0,0,0
113900027,0,0,0
113900028,0,0,0
113900029,0,0,0
113900030,0,0,0
113900031,0,0,0
113900032,0,0,0
113900033,0,0,0
113900035,0,0,0
113900036,0,0,0
113900037,0,0,0
113900038,0,0,0
113900039,0,0,0
113900040,0,0,0
113900041,0,0,0
113900042,0,0,0
113900043,0,0,0
113900044,0,0,0
113900045,0,0,0
113900046,0,0,0
113900047,0,0,0
113900048,0,0,0
113900049,0,0,0
113900050,0,0,0
113900051,0,0,0
113900052,0,0,0
113900053,0,0,0
113900054,0,0,0
113900055,0,0,0
113900056,0,0,0
113900057,0,0,0
113900058,0,0,0
113900059,0,0,0
113900060,0,0,0
113900061,0,0,0
113900062,0,0,0
113900063,0,0,0
113900064,0,0,0
113900065,0,0,0
113900066,0,0,0
113900067,0,0,0
113900068,0,0,0
113900069,0,0,0
113900070,0,0,0
113900071,0,0,0
113900072,0,0,0
113900073,0,0,0
113900074,0,0,0
113900075,0,0,0
113900076,0,0,0
113900077,0,0,0
113900078,0,0,0
113900079,0,0,0
113900080,0,0,0
113900081,0,0,0
113900082,0,0,0
113900083,0,0,0
113900084,0,0,0
113900085,0,0,0
113900086,0,0,0
113900087,0,0,0
113900088,0,0,0
113900089,0,0,0
113900090,0,0,0
113900091,0,0,0
113900092,0,0,0
113900093,0,0,0
113900094,0,0,0
113900095,0,0,0
113900096,0,0,0
113900097,0,0,0
113900098,0,0,0
113900099,0,0,0
113900100,0,0,0
113900101,0,0,0
113900102,0,0,0
113900103,0,0,0
113900104,0,0,0
113900105,0,0,0
113900106,0,0,0
113900107,0,0,0
113900108,0,0,0
113900109,0,0,0
113900110,0,0,0
113900111,0,0,0
113900112,0,0,0
113900113,0,0,0
113900114,0,0,0
113900115,0,0,0
113900116,0,0,0
113900117,0,0,0
113900118,0,0,0
113900119,0,0,0
113900120,0,0,0
113900121,0,0,0
113900122,0,0,0
113900123,0,0,0
113900124,0,0,0
113900125,0,0,0
113900126,0,0,0
113900127,0,0,0
113900128,0,0,0
113900129,0,0,0
113900130,0,0,0
113900131,0,0,0
113900132,0,0,0
113900133,0,0,0
113900135,0,0,0
113900136,0,0,0
113900137,0,0,0
113900138,0,0,0
113900139,0,0,0
113900140,0,0,0
113900141,0,0,0
113900142,0,0,0
113900143,0,0,0
113900144,0,0,0
113900145,0,0,0
113900146,0,0,0
113900148,0,0,0
113900149,0,0,0
113900150,0,0,0
113900151,0,0,0
113900152,0,0,0
113900153,0,0,0
113900154,0,0,0
113900155,0,0,0
113900156,0,0,0
113900157,0,0,0
113900158,0,0,0
113900159,0,0,0
113900160,0,0,0
113900161,0,0,0
113900162,0,0,0
113900163,0,0,0
113900164,0,0,0
113900165,0,0,0
113900166,0,0,0
113900167,0,0,0
113900168,0,0,0
113900169,0,0,0
113900171,0,0,0
113900172,0,0,0
113900173,0,0,0
113900174,0,0,0
113900175,0,0,0
113900176,0,0,0
113900177,0,0,0
113900178,0,0,0
113900179,0,0,0
113900180,0,0,0
113900181,0,0,0
113900182,0,0,0
113900183,0,0,0
113900184,0,0,0
113900185,0,0,0
113900186,0,0,0
113900187,0,0,0
113900188,0,0,0
113900189,0,0,0
113900190,0,0,0
113900191,0,0,0
113900192,0,0,0
113900193,0,0,0
113900194,0,0,0
113900195,0,0,0
113900196,0,0,0
113900197,0,0,0
113900198,0,0,0
113900199,0,0,0
113900200,0,0,0
113900201,0,0,0
113900202,0,0,0
113900203,0,0,0
113900204,0,0,0
113900205,0,0,0
113900206,0,0,0
113900207,0,0,0
113900208,0,0,0
113900209,0,0,0
113900210,0,0,0
113900211,0,0,0
113900212,0,0,0
113900214,0,0,0
113900215,0,0,0
113900216,0,0,0
113900217,0,0,0
113900218,0,0,0
113900219,0,0,0
113900220,0,0,0
113900221,0,0,0
113900222,0,0,0
113900223,0,0,0
113900224,0,0,0
113900225,0,0,0
113900226,0,0,0
113900227,0,0,0
113900228,0,0,0
113900229,0,0,0
113900230,0,0,0
113900231,0,0,0
113900232,0,0,0
113900233,0,0,0
113900234,0,0,0
113900235,0,0,0
113900236,0,0,0
113900237,0,0,0
113900238,0,0,0
113900239,0,0,0
113900240,0,0,0
113900241,0,0,0
113900242,0,0,0
113900243,0,0,0
113900244,0,0,0
113900245,0,0,0
113900246,0,0,0
113900247,0,0,0
113900248,0,0,0
113900249,0,0,0
113900250,0,0,0
113900251,0,0,0
113900252,0,0,0
113900253,0,0,0
113900254,0,0,0
113900255,0,0,0
113900256,0,0,0
113900257,0,0,0
113900258,0,0,0
113900259,0,0,0
113900260,0,0,0
113900261,0,0,0
113900262,0,0,0
113900263,0,0,0
113900264,0,0,0
113900265,0,0,0
113900266,0,0,0
113900267,0,0,0
113900268,0,0,0
113900269,0,0,0
113900270,0,0,0
113900271,0,0,0
113900273,0,0,0
113900274,0,0,0
113900275,0,0,0
113900276,0,0,0
113900277,0,0,0
113900278,0,0,0
113900279,0,0,0
113900280,0,0,0
113900281,0,0,0
113900282,0,0,0
113900283,0,0,0
113900284,0,0,0
113900285,0,0,0
113900286,0,0,0
113900287,0,0,0
113900288,0,0,0
113900289,0,0,0
113900290,0,0,0
113900291,0,0,0
113900292,0,0,0
113900293,0,0,0
113900294,0,0,0
113900295,9,32,-23
113900296,0,0,0
113900297,0,0,0
113900298,0,0,0
113900299,0,0,0
113900300,0,0,0
113900301,0,0,0
113900302,0,0,0
113900303,0,0,0
113900304,0,0,0
113900305,0,0,0
113900306,0,0,0
113900307,0,0,0
113900308,0,0,0
113900309,0,0,0
113900310,0,0,0
113900311,0,0,0
113900312,0,0,0
113900313,0,0,0
113900314,0,0,0
113900315,0,0,0
114000001,205,67,138
114000002,32,23,9
114000003,0,0,0
114000004,0,0,0
114000005,0,0,0
114000006,0,0,0
114000007,0,0,0
114000008,2,93,-91
114000009,26,43,-17
114000011,612,116,496
114000012,492,59,433
114000013,365,60,305
114000014,0,0,0
114000015,0,0,0
114000016,0,0,0
114000017,24,3,21
114000018,0,0,0
114000026,231,69,162
114000027,180,121,59
114000028,257,146,111
114000038,0,0,0
114000039,0,0,0
114000040,28,5,23
114000042,0,0,0
114000043,0,0,0
114000044,10,24,-14
114000045,0,0,0
114000046,0,0,0
114000047,0,0,0
114000048,0,36,-36
114000049,51,76,-25
114000050,10,148,-138
114000051,32,285,-253
114000052,54,114,-60
114000053,0,0,0
114000054,0,0,0
114000055,0,0,0
114000056,0,0,0
114000057,287,86,201
114000058,0,0,0
114000059,0,0,0
114000060,0,0,0
114000061,47,134,-87
114000062,5,144,-139
114000063,3,3,0
114000064,11,2,9
114000065,5,20,-15
114000066,80,35,45
114000067,0,20,-20
114000068,42,0,42
114000069,62,9,53
114000070,694,351,343
114000071,0,0,0
114000072,0,0,0
114000073,1,0,1
114000074,0,0,0
114000075,59,0,59
114000076,12,2,10
114000077,8,0,8
114000078,0,1,-1
114000079,0,0,0
114000080,0,0,0
114000081,15,3,12
114000082,0,0,0
114000083,0,0,0
114000084,0,0,0
114000085,0,0,0
114000086,0,0,0
114000087,0,0,0
114000088,0,0,0
114000089,4,9,-5
114000090,56,72,-16
114000091,22,17,5
114000092,51,21,30
114000093,44,25,19
114000094,59,53,6
114000095,2,28,-26
114000096,0,0,0
114000097,0,0,0
114000098,55,5,50
114000099,0,0,0
114000100,932,0,932
114000101,0,0,0
114000102,128,12,116
114000103,0,0,0
114000104,0,0,0
114000105,0,0,0
114000106,0,0,0
114000107,0,0,0
114000108,0,0,0
114000109,392,184,208
114000110,0,0,0
114000111,477,94,383
114000112,0,0,0
114000113,373,14,359
114000114,0,0,0
114000115,693,74,619
114000116,341,115,226
114000117,995,56,939
114000118,573,68,505
114000119,705,53,652
114000120,110,8,102
114000121,0,0,0
114000122,99,7,92
114000123,312,37,275
114000124,41,46,-5
114000125,54,101,-47
114000126,302,29,273
114000127,2,2,0
114000128,25,4,21
114000130,2,5,-3
114000131,1,3,-2
114000132,0,0,0
114000133,0,0,0
114000134,0,0,0
114000138,0,0,0
114000139,1,56,-55
114000144,99,61,38
114000145,0,0,0
114000146,0,0,0
114000147,215,13,202
114000148,20,20,0
114000149,28,61,-33
114000150,0,0,0
114000151,77,63,14
114000152,6,0,6
114000153,0,0,0
114000154,11,18,-7
114000155,160,129,31
114000156,33,68,-35
114000157,57,46,11
114000158,0,0,0
114000159,0,0,0
114000160,0,0,0
114000161,201,434,-233
114000162,739,653,86
114000163,0,0,0
114000165,50,37,13
114000166,27,7,20
114000167,280,67,213
114000168,0,0,0
114000169,236,412,-176
114000170,412,181,231
114000171,851,124,727
114000174,0,0,0
114000176,0,0,0
114000177,0,0,0
114000178,0,3,-3
114000179,116,46,70
114000180,0,0,0
114000181,165,545,-380
114000182,64,76,-12
114000183,48,30,18
114000184,71,42,29
114000185,171,54,117
114000189,253,20,233
114000190,796,12,784
114000191,0,0,0
114000192,0,20,-20
114000193,0,0,0
114000194,106,13,93
114000195,0,0,0
114000196,0,0,0
114000197,397,0,397
114000198,0,0,0
114000199,0,0,0
114000200,48,1,47
114000201,1,10,-9
114000202,244,81,163
114000203,88,34,54
114000204,0,0,0
114000205,0,31,-31
114000206,0,0,0
114000207,12,35,-23
114000208,0,7,-7
114000209,6,18,-12
114000210,2,41,-39
114000211,560,162,398
114000212,117,242,-125
114000213,542,254,288
114000214,2,0,2
114000215,0,0,0
114000216,299,85,214
114000217,70,18,52
114000218,2,2,0
114000219,304,1,303
114000220,0,26,-26
114000221,185,8,177
114000222,52,13,39
114000223,322,62,260
114000224,62,21,41
114000225,71,2,69
114000226,140,26,114
114000227,304,112,192
114000228,274,38,236
114000229,108,23,85
114000230,479,41,438
114000231,62,55,7
114000232,287,150,137
114000233,765,67,698
114000234,584,78,506
114000235,126,6,120
114000236,0,0,0
114000237,2,0,2
114000238,2,106,-104
114000239,0,0,0
114000240,78,85,-7
114000241,22,24,-2
114000242,45,19,26
114000243,497,149,348
114000244,424,99,325
114000245,0,0,0
114000246,0,0,0
114000247,206,86,120
114000248,265,150,115
114000249,247,183,64
114000250,75,4,71
114000251,69,44,25
114000252,0,0,0
114000253,27,18,9
114000254,0,0,0
114000255,0,0,0
114000256,8,82,-74
114000257,0,105,-105
114000258,76,0,76
114000259,0,9,-9
114000260,0,0,0
114000261,52,17,35
114000262,0,0,0
114000263,14,2,12
114000264,0,0,0
114000265,0,0,0
114000267,4,148,-144
114000268,0,0,0
114000270,71,0,71
114000271,101,0,101
114000283,199,5,194
114000285,0,0,0
114000288,0,0,0
114000289,0,0,0
114000293,35,1,34
114000294,5,19,-14
114000395,303,4,299
114000396,114,26,88
114000402,0,0,0
114000403,75,1,74
114000405,60,11,49
114000423,110,8,102
114000424,42,4,38
114000425,166,0,166
114000426,103,27,76
114000427,0,0,0
114000428,0,0,0
114000429,5,25,-20
114000432,0,0,0
114000434,0,0,0
114000435,0,0,0
114900001,0,0,0
114900002,0,0,0
114900003,0,0,0
114900004,0,0,0
114900005,0,0,0
114900006,0,0,0
114900007,0,0,0
114900008,0,0,0
114900010,0,0,0
114900011,0,0,0
114900013,0,0,0
114900018,0,0,0
114900020,0,0,0
114900022,0,0,0
114900025,0,0,0
114900026,0,0,0
114900029,0,0,0
114900030,0,0,0
114900031,0,0,0
114900032,0,0,0
114900034,0,0,0
114900035,0,0,0
114900036,0,0,0
114900039,0,0,0
114900040,0,0,0
114900041,0,0,0
114900042,0,0,0
114900044,0,0,0
114900047,0,0,0
114900048,0,0,0
114900049,0,0,0
114900050,0,0,0
114900051,0,0,0
114900052,0,0,0
114900053,0,0,0
114900054,0,0,0
114900057,0,0,0
114900058,0,0,0
114900059,0,0,0
114900063,0,0,0
114900064,0,0,0
114900065,0,0,0
114900067,0,0,0
114900068,0,0,0
114900069,0,0,0
114900070,0,0,0
114900072,0,0,0
114900073,0,0,0
114900074,0,0,0
114900075,0,0,0
114900076,0,0,0
114900080,0,0,0
114900082,0,0,0
114900083,0,0,0
114900090,0,0,0
114900091,0,0,0
114900097,0,0,0
114900098,0,0,0
114900099,0,0,0
115000001,48,57,-9
115000002,1227,342,885
115000003,131,41,90
115000004,1045,867,178
115000005,12,57,-45
115000006,449,408,41
115000007,0,0,0
115000008,162,83,79
115000009,0,0,0
115000010,120,199,-79
115000013,0,0,0
115000015,0,0,0
115000016,0,0,0
115000019,43,144,-101
115000020,0,0,0
115000021,2,159,-157
115000022,5,8,-3
115000023,415,208,207
115000024,4,11,-7
115000025,440,60,380
115000026,0,0,0
115000027,234,52,182
115000028,0,0,0
115000029,738,8,730
115000030,4,31,-27
115000031,501,10,491
115000032,0,0,0
115000033,132,4,128
115000034,0,0,0
115000035,462,1,461
115000036,0,0,0
115000037,159,0,159
115000038,31,50,-19
115000039,21,44,-23
115000040,186,26,160
115000041,30,103,-73
115000042,74,17,57
115000043,578,564,14
115000044,330,61,269
115000045,158,5,153
115000046,671,195,476
115000047,1002,161,841
115000048,82,87,-5
115000049,126,214,-88
115000050,1174,270,904
115000051,398,233,165
115000052,121,122,-1
115000053,330,233,97
115000054,48,35,13
115000055,0,0,0
115000056,26,78,-52
115000057,0,0,0
115000058,26,34,-8
115000059,0,0,0
115000061,44,4,40
115000062,0,0,0
115000063,0,0,0
115000064,119,1,118
115000065,0,0,0
115000067,13,19,-6
115000069,0,0,0
115000070,0,22,-22
115000071,27,0,27
115000072,0,0,0
115000073,224,7,217
115000075,0,0,0
115000076,418,240,178
115000077,296,134,162
115000078,115,62,53
115000079,305,65,240
115000080,407,187,220
115000081,0,0,0
115000082,1088,542,546
115000083,0,0,0
115000084,761,168,593
115000085,0,0,0
115000086,618,51,567
115000087,0,0,0
115000088,706,131,575
115000089,0,0,0
115000090,56,39,17
115000091,53,13,40
115000092,323,7,316
115000093,463,0,463
115000094,1108,198,910
115000095,1095,186,909
115000096,155,12,143
115000097,258,49,209
115000098,318,13,305
115000099,724,217,507
115000100,552,75,477
115000101,3,13,-10
115000102,425,106,319
115000103,0,0,0
115000105,9,1,8
115000106,326,41,285
115000107,1,13,-12
115000108,102,59,43
115000109,804,729,75
115000110,251,59,192
115000111,46,75,-29
115000112,64,18,46
115000113,9,85,-76
115000114,77,46,31
115000116,69,68,1
115000117,73,19,54
115000118,82,215,-133
115000119,61,74,-13
115000120,5,262,-257
115000121,53,77,-24
115000122,31,24,7
115000123,91,296,-205
115000124,45,33,12
115000125,81,82,-1
115000126,10,60,-50
115000127,27,1,26
115000128,39,44,-5
115000129,49,25,24
115000130,71,1,70
115000131,107,27,80
115000132,122,2,120
115000133,81,2,79
115000134,70,0,70
115000135,33,1,32
115000136,87,5,82
115000137,0,0,0
115000138,127,2,125
115000139,0,0,0
115000140,124,22,102
115000141,0,0,0
115000142,0,0,0
115000143,233,64,169
115000144,0,0,0
115000145,0,0,0
115000146,102,59,43
115000147,0,0,0
115000148,0,0,0
115000149,2,13,-11
115000150,0,0,0
115000151,35,35,0
115000152,0,0,0
115000153,8,23,-15
115000154,5,10,-5
115000155,0,0,0
115000156,21,40,-19
115000157,0,0,0
115000158,0,0,0
115000159,0,0,0
115000160,0,0,0
115000161,0,0,0
115000162,241,58,183
115000163,0,0,0
115000164,0,0,0
115000165,55,31,24
115000167,2,8,-6
115000168,49,21,28
115000169,0,0,0
115000170,0,0,0
115000171,44,50,-6
115000172,0,0,0
115000173,7,12,-5
115000174,1,58,-57
115000175,0,0,0
115000176,0,3,-3
115000177,0,0,0
115000178,0,0,0
115000179,9,0,9
115000180,0,0,0
115000181,120,5,115
115000182,169,10,159
115000183,0,0,0
115000186,137,0,137
115000187,25,37,-12
115000188,55,5,50
115000189,4,36,-32
115000190,442,12,430
115000191,1,19,-18
115000194,0,0,0
115000195,34,3,31
115000196,6,0,6
115000197,0,0,0
115000198,98,6,92
115000199,0,0,0
115000200,36,1,35
115000201,0,0,0
115000206,145,0,145
115000207,0,0,0
115000208,9,26,-17
115000209,363,1,362
115000210,14,26,-12
115000211,21,1,20
115000212,20,1,19
115000224,0,0,0
115000225,0,0,0
115000229,8,2,6
115000230,3,0,3
115000231,77,1,76
115000232,277,1,276
115000233,0,0,0
115000234,0,0,0
115000241,0,0,0
115000242,0,0,0
115000243,0,0,0
115000244,0,0,0
115000246,0,0,0
115000247,0,0,0
115000248,0,0,0
115000249,0,0,0
115000250,0,0,0
115000251,0,0,0
115000252,0,0,0
115000253,0,0,0
115000258,0,0,0
115000259,0,0,0
115000261,0,0,0
115000262,0,0,0
115000263,0,0,0
115000264,0,0,0
115000267,0,0,0
115000268,0,0,0
115000269,0,0,0
115000270,0,0,0
115000272,2,0,2
115000273,0,0,0
115000280,44,314,-270
115000281,0,0,0
115000282,252,101,151
115000284,0,0,0
115000296,201,0,201
115000297,0,200,-200
115000298,0,0,0
115000300,0,0,0
115000302,40,18,22
115000303,107,4,103
115000304,84,18,66
115000305,0,0,0
115000306,0,0,0
115000307,0,0,0
115000308,0,0,0
115000310,0,0,0
115000311,399,70,329
115000313,0,0,0
115000314,31,47,-16
115000315,7,13,-6
115000316,0,0,0
115000317,49,1,48
115000318,290,11,279
115000319,0,15,-15
115000320,0,34,-34
115000321,68,3,65
115000322,1,9,-8
115000449,0,0,0
115000557,0,0,0
115000558,131,6,125
115000587,2,2,0
115000588,23,94,-71
115000589,1568,901,667
115000590,11,15,-4
115000591,439,357,82
115000592,16,56,-40
115000593,552,167,385
115000594,25,87,-62
115000609,2,2,0
115000617,121,28,93
115000624,0,0,0
115000633,133,106,27
115000634,1048,170,878
115000635,242,26,216
115000638,0,0,0
115000641,0,0,0
115000642,89,5,84
115000643,0,5,-5
115000644,0,0,0
115000646,50,65,-15
115000647,32,25,7
115000648,309,24,285
115000893,960,351,609
115000894,0,49,-49
115000895,9,27,-18
115000896,786,173,613
115000897,37,27,10
115000898,30,14,16
115000899,1,10,-9
115000900,0,75,-75
115000901,2,2,0
115000912,83,9,74
115000913,0,0,0
115000915,0,0,0
115000916,3,3,0
115000917,0,0,0
115000918,0,0,0
115000919,0,0,0
115000920,0,0,0
115000921,0,0,0
115000922,110,291,-181
115000923,9,43,-34
115000925,0,0,0
115000927,0,0,0
115000933,2,23,-21
115000934,0,0,0
115000935,0,0,0
115000936,0,1,-1
115000937,4,36,-32
115000938,5,6,-1
115000939,2,27,-25
115000940,0,0,0
115000941,0,0,0
115000942,0,0,0
115000943,0,0,0
115000944,0,0,0
115900001,0,0,0
115900002,0,0,0
115900003,0,0,0
115900004,0,0,0
115900005,0,0,0
115900006,0,0,0
115900008,0,0,0
115900009,0,0,0
115900010,0,0,0
115900011,0,0,0
115900012,0,0,0
115900013,0,0,0
115900014,0,0,0
115900015,0,0,0
115900016,0,0,0
115900017,0,0,0
115900018,0,0,0
115900019,0,0,0
115900020,0,0,0
115900021,0,0,0
115900022,0,0,0
115900023,0,0,0
115900025,0,0,0
115900026,0,0,0
115900027,0,0,0
115900028,0,0,0
115900029,0,0,0
115900030,0,0,0
115900031,0,0,0
115900032,0,0,0
115900033,0,0,0
115900034,0,0,0
115900035,0,0,0
115900036,0,0,0
115900037,0,0,0
115900038,0,0,0
115900039,0,0,0
115900041,0,0,0
115900042,0,0,0
115900043,0,0,0
115900044,0,0,0
115900046,0,0,0
115900047,0,0,0
115900049,0,0,0
115900051,0,0,0
115900052,0,0,0
115900053,0,0,0
115900054,0,0,0
115900055,0,0,0
115900056,0,0,0
115900057,0,0,0
115900058,0,0,0
115900060,0,0,0
115900061,0,0,0
115900062,0,0,0
115900063,0,0,0
115900064,0,0,0
115900065,0,0,0
115900066,0,0,0
115900067,0,0,0
115900068,0,0,0
115900069,0,0,0
115900070,0,0,0
115900071,0,0,0
115900072,0,0,0
115900073,0,0,0
115900074,0,0,0
115900075,0,0,0
115900076,0,0,0
115900077,0,0,0
115900078,0,0,0
115900079,0,0,0
115900080,0,0,0
115900081,0,0,0
115900082,0,0,0
115900084,0,0,0
115900085,0,0,0
115900086,0,0,0
115900088,0,0,0
115900089,0,0,0
115900090,0,0,0
115900091,0,0,0
115900092,0,0,0
115900093,0,0,0
115900094,0,0,0
115900096,0,0,0
115900097,0,0,0
115900098,0,0,0
115900099,0,0,0
115900100,0,0,0
115900101,0,0,0
115900102,0,0,0
115900103,0,0,0
115900104,0,0,0
115900105,0,0,0
115900106,0,0,0
115900107,0,0,0
115900108,0,0,0
115900109,0,0,0
115900110,0,0,0
115900111,0,0,0
115900112,0,0,0
115900113,0,0,0
115900114,0,0,0
115900115,0,0,0
115900116,0,0,0
115900117,0,0,0
115900118,0,0,0
115900119,0,0,0
115900120,0,0,0
115900121,0,0,0
115900124,0,0,0
115900125,0,0,0
115900126,0,0,0
115900127,0,0,0
115900128,0,0,0
115900129,0,0,0
115900130,0,0,0
115900131,0,0,0
115900132,0,0,0
115900134,0,0,0
115900135,0,0,0
115900137,0,0,0
115900139,0,0,0
115900140,0,0,0
115900141,0,0,0
115900142,0,0,0
115900143,0,0,0
115900144,0,0,0
115900146,0,0,0
115900147,0,0,0
115900148,0,0,0
115900149,0,0,0
115900150,0,0,0
115900151,0,0,0
115900152,0,0,0
115900153,0,0,0
115900154,0,0,0
115900155,0,0,0
115900156,0,0,0
115900157,0,0,0
115900158,0,0,0
115900159,0,0,0
115900160,0,0,0
115900161,0,0,0
115900163,0,0,0
115900164,0,0,0
115900166,0,0,0
115900168,0,0,0
115900171,0,0,0
115900172,0,0,0
115900173,0,0,0
115900174,0,0,0
115900175,0,0,0
115900178,0,0,0
115900179,0,0,0
115900180,0,0,0
115900181,0,0,0
115900182,0,0,0
115900183,0,0,0
115900184,0,0,0
115900187,0,0,0
115900189,0,0,0
115900190,0,0,0
115900191,0,0,0
115900192,0,0,0
115900193,0,0,0
115900194,0,0,0
115900195,0,0,0
115900198,0,0,0
115900199,0,0,0
115900200,0,0,0
115900201,0,0,0
115900202,0,0,0
115900203,0,0,0
115900204,0,0,0
115900205,0,0,0
115900206,0,0,0
115900207,0,0,0
115900208,0,0,0
115900209,0,0,0
115900210,0,0,0
115900211,0,0,0
115900212,0,0,0
115900213,0,0,0
115900214,0,0,0
115900215,0,0,0
115900216,0,0,0
115900217,0,0,0
115900218,0,0,0
115900219,0,0,0
115900220,0,0,0
115900221,0,0,0
115900222,0,0,0
115900223,0,0,0
115900224,0,0,0
115900225,0,0,0
115900226,0,0,0
115900227,0,0,0
115900228,0,0,0
115900229,0,0,0
115900230,0,0,0
115900231,0,0,0
115900232,0,0,0
115900233,0,0,0
115900234,0,0,0
115900235,0,0,0
115900236,0,0,0
115900237,0,0,0
115900238,0,0,0
115900239,0,0,0
115900240,0,0,0
115900241,0,0,0
115900242,1,2,-1
115900243,0,0,0
115900244,0,0,0
115900245,0,0,0
115900246,0,0,0
115900247,0,0,0
115900248,0,0,0
115900249,0,0,0
115900250,0,0,0
115900251,0,0,0
115900252,0,0,0
115900253,0,0,0
115900254,0,0,0
115900255,0,0,0
115900256,0,0,0
115900257,0,0,0
115900258,0,0,0
115900259,0,0,0
115900260,0,0,0
115900261,0,0,0
115900262,0,0,0
115900263,0,0,0
115900264,0,0,0
115900265,0,0,0
115900266,0,0,0
115900267,0,0,0
115900268,0,0,0
115900269,0,0,0
115900270,0,0,0
115900271,0,0,0
115900272,0,0,0
115900273,0,0,0
115900274,0,0,0
115900275,0,0,0
115900276,0,0,0
115900277,0,0,0
115900278,0,0,0
115900279,0,0,0
115900280,0,0,0
115900281,0,0,0
115900282,0,0,0
115900283,0,0,0
115900284,0,0,0
116000001,36,160,-124
116000002,1393,2048,-655
116000003,10,53,-43
116000004,474,1991,-1517
116000005,19,110,-91
116000006,273,535,-262
116000007,53,113,-60
116000008,574,451,123
116000009,5,37,-32
116000010,589,296,293
116000011,36,113,-77
116000012,675,143,532
116000013,70,379,-309
116000014,0,0,0
116000015,4,0,4
116000016,768,43,725
116000017,47,11,36
116000018,74,29,45
116000019,25,0,25
116000020,472,45,427
116000021,110,6,104
116000022,100,38,62
116000023,2,8,-6
116000024,269,13,256
116000025,32,15,17
116000026,301,43,258
116000027,104,73,31
116000028,536,518,18
116000029,0,0,0
116000030,470,257,213
116000031,0,0,0
116000032,207,3,204
116000033,380,206,174
116000034,1071,1136,-65
116000035,299,92,207
116000036,0,0,0
116000037,7,38,-31
116000038,1,94,-93
116000039,0,0,0
116000040,41,114,-73
116000041,0,0,0
116000042,244,285,-41
116000043,0,0,0
116000044,0,0,0
116000045,1341,1669,-328
116000046,107,86,21
116000047,152,49,103
116000048,1383,739,644
116000049,1102,537,565
116000050,449,216,233
116000051,1586,323,1263
116000052,587,186,401
116000053,612,234,378
116000054,0,0,0
116000055,0,0,0
116000056,379,844,-465
116000057,0,0,0
116000058,73,105,-32
116000059,427,1965,-1538
116000060,97,80,17
116000061,50,236,-186
116000062,51,24,27
116000063,146,420,-274
116000066,66,278,-212
116000067,0,0,0
116000068,21,79,-58
116000069,0,0,0
116000078,161,275,-114
116000080,0,0,0
116000082,0,0,0
116000083,140,72,68
116000084,40,170,-130
116000085,240,61,179
116000086,2,52,-50
116000087,655,184,471
116000088,38,16,22
116000089,0,0,0
116000090,3,1,2
116000091,0,0,0
116000093,199,157,42
116000094,0,31,-31
116000095,295,6,289
116000096,17,92,-75
116000097,384,1,383
116000098,2,184,-182
116000099,437,5,432
116000100,43,1,42
116000101,14,0,14
116000102,91,25,66
116000103,61,25,36
116000104,6,14,-8
116000105,100,1,99
116000106,25,6,19
116000107,160,1,159
116000108,0,6,-6
116000111,3,1,2
116000113,39,0,39
116000114,0,0,0
116000115,44,2,42
116000116,0,0,0
116000117,161,408,-247
116000118,0,0,0
116000119,1092,320,772
116000120,0,0,0
116000121,181,136,45
116000122,0,0,0
116000123,818,83,735
116000124,0,0,0
116000125,757,44,713
116000126,0,0,0
116000127,0,0,0
116000128,667,99,568
116000129,0,0,0
116000130,0,0,0
116000133,295,12,283
116000134,151,6,145
116000135,737,158,579
116000136,90,77,13
116000137,323,147,176
116000138,0,0,0
116000139,303,699,-396
116000140,0,1,-1
116000141,25,2,23
116000142,246,413,-167
116000143,408,179,229
116000144,189,118,71
116000145,1350,220,1130
116000146,133,12,121
116000147,126,222,-96
116000148,0,2,-2
116000149,0,0,0
116000151,7,56,-49
116000153,85,569,-484
116000155,161,404,-243
116000156,1,25,-24
116000157,84,2,82
116000158,484,34,450
116000159,78,5,73
116000160,0,0,0
116000161,0,0,0
116000162,0,0,0
116000163,0,0,0
116000164,0,0,0
116000177,9,0,9
116000194,0,0,0
116000195,635,105,530
116000196,0,0,0
116000197,0,0,0
116000198,496,343,153
116000200,0,17,-17
116000201,0,0,0
116000202,0,0,0
116000203,0,0,0
116000204,0,0,0
116000205,0,0,0
116000206,0,0,0
116000207,0,0,0
116000233,0,0,0
116000287,0,0,0
116000288,111,78,33
116000292,0,0,0
116000296,1,4,-3
116000297,0,0,0
116000304,0,0,0
116000305,0,0,0
116000346,0,0,0
116000352,0,0,0
116000354,0,0,0
116000357,0,0,0
116000358,0,0,0
116000361,0,0,0
116000372,0,0,0
116000381,0,0,0
116000388,0,0,0
116000389,70,6,64
116000445,0,0,0
116000446,379,36,343
116000447,0,0,0
116000448,518,238,280
116000563,185,849,-664
116000565,0,0,0
116000568,0,0,0
116000579,0,0,0
116000583,0,0,0
116000584,0,0,0
116000585,0,0,0
116000586,0,0,0
116000587,485,0,485
116000589,0,0,0
116000590,2,0,2
116000591,153,19,134
116000592,1,0,1
116000593,0,0,0
116000594,0,0,0
116000595,0,0,0
116000596,0,0,0
116000597,103,2,101
116000598,0,0,0
116000605,0,0,0
116000606,4,15,-11
116000607,0,0,0
116000609,0,0,0
116000611,0,0,0
116000612,1041,296,745
116000613,341,128,213
116000614,0,0,0
116000615,0,0,0
116000616,0,0,0
116000617,0,0,0
116000618,0,0,0
116000619,0,0,0
116000620,684,2,682
116000621,2,40,-38
116000622,40,26,14
116000624,0,1,-1
116000627,0,0,0
116000628,0,0,0
116000629,0,0,0
116000630,4,0,4
116000631,1,0,1
116000632,267,2,265
116000633,80,2,78
116000634,0,0,0
116000635,1027,1181,-154
116000636,94,211,-117
116000637,0,0,0
116000638,115,4,111
116000639,8,2,6
116000640,37,0,37
116000641,0,0,0
116000643,0,0,0
116000644,0,0,0
116000645,0,0,0
116900001,0,0,0
116900002,0,0,0
116900003,0,0,0
116900004,0,0,0
116900005,0,0,0
116900006,1,4,-3
116900007,0,0,0
116900008,0,0,0
116900009,0,0,0
116900010,0,0,0
116900011,0,0,0
116900012,0,0,0
116900013,0,0,0
116900014,0,0,0
116900015,0,0,0
116900016,0,0,0
116900017,0,0,0
116900018,0,0,0
116900019,0,0,0
116900020,0,0,0
116900023,0,0,0
116900024,0,0,0
116900025,0,0,0
116900026,0,0,0
116900027,0,0,0
116900028,0,0,0
116900029,0,0,0
116900031,0,0,0
116900032,0,0,0
116900033,0,0,0
116900034,0,0,0
116900035,0,0,0
116900036,0,0,0
116900038,0,0,0
116900041,0,0,0
116900042,0,0,0
116900043,0,0,0
116900047,0,0,0
116900049,0,0,0
116900050,0,0,0
116900051,0,0,0
116900052,0,0,0
116900055,0,0,0
116900057,0,0,0
116900058,0,0,0
116900059,0,0,0
116900060,0,0,0
116900062,0,0,0
116900064,0,0,0
116900065,0,0,0
116900067,0,0,0
116900068,0,0,0
116900070,0,0,0
116900072,0,0,0
116900073,0,0,0
116900074,0,0,0
116900076,0,0,0
116900077,0,0,0
116900078,0,0,0
116900079,0,0,0
116900080,0,0,0
116900081,0,0,0
116900082,0,0,0
116900083,0,0,0
116900084,0,0,0
116900085,0,0,0
116900086,0,0,0
116900088,0,0,0
116900090,0,0,0
116900091,0,0,0
116900092,0,0,0
116900093,0,0,0
116900094,0,0,0
116900095,0,0,0
116900096,0,0,0
116900097,0,0,0
116900098,0,0,0
116900099,0,0,0
116900100,0,0,0
116900101,0,0,0
116900103,0,0,0
116900104,0,0,0
116900105,0,0,0
116900106,0,0,0
116900107,0,0,0
116900110,0,0,0
116900111,218,2,216
116900112,60,0,60
116900113,32,12,20
116900116,0,0,0
116900117,0,0,0
116900118,0,0,0
116900120,0,0,0
116900121,0,0,0
116900122,0,0,0
116900123,0,0,0
116900124,0,0,0
116900125,0,0,0
116900126,0,0,0
116900128,0,0,0
116900129,0,0,0
116900130,0,0,0
116900131,0,0,0
116900132,0,0,0
116900133,0,0,0
116900134,0,0,0
116900136,0,0,0
116900137,0,0,0
116900138,0,0,0
116900139,0,0,0
116900140,0,0,0
116900141,0,0,0
116900142,0,0,0
116900143,0,0,0
116900144,0,0,0
116900145,0,0,0
116900147,0,0,0
116900148,0,0,0
116900149,0,0,0
116900150,0,0,0
116900151,0,0,0
116900153,0,0,0
116900154,0,0,0
116900155,0,0,0
116900157,0,0,0
116900158,0,0,0
116900159,0,0,0
116900160,0,0,0
116900161,0,0,0
116900162,0,0,0
116900163,0,0,0
116900164,0,0,0
116900165,0,0,0
116900166,0,0,0
116900167,0,0,0
116900168,0,0,0
116900169,0,0,0
116900170,0,0,0
116900171,0,0,0
116900172,0,0,0
116900173,0,0,0
116900174,0,0,0
116900175,0,0,0
116900178,0,0,0
116900179,0,0,0
116900180,0,0,0
116900182,0,0,0
116900183,0,0,0
116900185,0,0,0
116900186,0,0,0
116900187,0,0,0
116900188,0,0,0
116900189,0,0,0
116900191,0,0,0
116900192,0,0,0
116900194,0,0,0
116900195,0,0,0
116900196,0,0,0
116900197,0,0,0
116900198,0,0,0
116900200,0,0,0
116900201,0,0,0
116900202,0,0,0
116900203,0,0,0
116900204,0,0,0
116900206,0,0,0
116900207,0,0,0
116900208,16,0,16
116900209,0,0,0
116900210,0,0,0
116900211,0,0,0
116900212,0,0,0
116900213,0,0,0
116900214,0,0,0
116900215,0,0,0
116900216,0,0,0
116900218,0,0,0
116900219,0,0,0
116900220,0,0,0
116900221,0,0,0
116900222,94,58,36
116900223,0,0,0
116900226,0,0,0
116900227,0,0,0
116900228,0,0,0
116900230,0,0,0
116900231,0,0,0
116900232,0,0,0
116900233,0,0,0
116900234,0,0,0
116900235,0,0,0
116900238,0,0,0
116900239,0,0,0
116900240,0,0,0
116900241,0,0,0
116900242,0,0,0
116900243,0,0,0
116900245,0,0,0
116900246,0,0,0
116900247,0,0,0
116900248,0,0,0
116900249,0,0,0
116900250,0,0,0
116900251,0,0,0
116900252,124,0,124
116900254,0,0,0
116900255,0,0,0
116900256,0,0,0
116900257,0,0,0
116900258,0,0,0
116900259,0,0,0
116900260,0,0,0
116900261,0,0,0
116900262,0,0,0
116900263,0,0,0
116900264,98,2,96
116900265,0,0,0
116900266,0,0,0
116900267,0,0,0
116900268,0,0,0
116900269,190,116,74
116900271,0,0,0
116900272,0,0,0
116900273,0,0,0
116900274,0,0,0
116900275,0,0,0
116900276,72,1,71
116900277,0,0,0
116900278,0,0,0
116900279,0,0,0
116900280,0,0,0
116900281,0,0,0
116900282,0,0,0
116900283,0,0,0
116900284,0,0,0
116900285,0,0,0
116900286,0,0,0
116900287,0,0,0
116900288,0,0,0
116900289,0,0,0
116900290,0,0,0
116900291,0,0,0
116900292,0,0,0
116900293,0,0,0
116900294,0,0,0
116900295,0,0,0
116900296,0,0,0
116900297,0,0,0
116900298,0,0,0
116900299,0,0,0
116900300,0,0,0
116900301,0,0,0
116900302,0,0,0
116900303,0,0,0
116900304,0,0,0
116900305,0,0,0
116900306,20,0,20
116900307,0,0,0
116900308,0,0,0
116900309,0,0,0
116900310,0,0,0
117000001,854,479,375
117000002,1,38,-37
117000003,2024,1059,965
117000004,274,153,121
117000005,1407,633,774
117000006,58,107,-49
117000007,2864,713,2151
117000008,120,97,23
117000009,1610,293,1317
117000010,131,121,10
117000011,990,242,748
117000012,194,91,103
117000013,1025,197,828
117000014,34,224,-190
117000015,566,176,390
117000016,36,7,29
117000017,36,28,8
117000018,1,24,-23
117000019,4,9,-5
117000020,48,15,33
117000021,43,0,43
117000022,76,35,41
117000023,7,17,-10
117000024,0,0,0
117000025,0,0,0
117000026,731,1154,-423
117000027,0,0,0
117000028,339,209,130
117000030,129,24,105
117000031,158,257,-99
117000032,487,263,224
117000033,312,291,21
117000034,110,72,38
117000035,519,118,401
117000036,36,84,-48
117000037,521,70,451
117000038,66,76,-10
117000039,447,41,406
117000040,0,0,0
117000041,507,9,498
117000044,0,0,0
117000045,81,35,46
117000046,0,0,0
117000047,638,314,324
117000048,0,0,0
117000049,0,23,-23
117000050,5,0,5
117000051,551,225,326
117000052,0,0,0
117000053,0,0,0
117000054,1199,88,1111
117000055,0,8,-8
117000056,345,89,256
117000057,0,4,-4
117000060,0,0,0
117000061,414,328,86
117000062,0,0,0
117000063,194,102,92
117000064,0,0,0
117000066,0,1,-1
117000067,40,91,-51
117000074,0,41,-41
117000076,0,8,-8
117000077,103,78,25
117000078,0,0,0
117000079,48,7,41
117000080,0,0,0
117000081,140,2,138
117000082,0,0,0
117000083,52,0,52
117000084,40,0,40
117000085,16,28,-12
117000086,171,19,152
117000087,32,168,-136
117000088,204,151,53
117000089,1398,302,1096
117000090,0,0,0
117000091,773,101,672
117000092,16,29,-13
117000093,1207,143,1064
117000094,20,46,-26
117000095,1946,139,1807
117000096,2,13,-11
117000097,1254,199,1055
117000098,51,45,6
117000099,1584,232,1352
117000100,0,0,0
117000101,0,0,0
117000102,798,223,575
117000103,19,54,-35
117000104,620,193,427
117000105,40,51,-11
117000106,923,279,644
117000107,28,32,-4
117000108,730,589,141
117000109,0,0,0
117000110,770,927,-157
117000111,2064,1381,683
117000112,678,445,233
117000113,0,0,0
117000114,1,0,1
117000115,0,0,0
117000116,4,5,-1
117000117,101,67,34
117000118,15,39,-24
117000119,5,80,-75
117000120,0,58,-58
117000121,0,61,-61
117000122,1,106,-105
117000123,47,99,-52
117000124,0,5,-5
117000125,2,0,2
117000126,16,0,16
117000127,5,0,5
117000128,0,0,0
117000129,146,543,-397
117000130,22,1,21
117000131,0,0,0
117000132,1589,39,1550
117000133,0,0,0
117000134,0,0,0
117000135,0,0,0
117000136,0,0,0
117000137,0,0,0
117000138,0,0,0
117000140,35,80,-45
117000141,913,229,684
117000181,0,0,0
117000182,0,0,0
117000195,0,0,0
117000196,0,0,0
117000225,0,0,0
117000226,0,0,0
117000276,0,0,0
117000277,0,0,0
117000310,1,388,-387
117000315,0,0,0
117000320,122,0,122
117000906,96,4,92
117000907,0,0,0
117000909,0,11,-11
117000910,0,0,0
117000911,0,17,-17
117000915,0,0,0
117000916,8,29,-21
117000917,350,9,341
117000918,56,80,-24
117000919,0,0,0
117000920,0,14,-14
117000921,0,0,0
117000922,1,2,-1
117000924,77,165,-88
117000926,39,2,37
117000927,46,465,-419
117000928,0,0,0
117000929,0,0,0
117000930,0,0,0
117000931,0,0,0
117900002,0,0,0
117900003,0,0,0
117900005,0,0,0
117900006,0,0,0
117900007,0,0,0
117900008,0,0,0
117900010,0,0,0
117900011,0,0,0
117900012,0,0,0
117900013,0,0,0
117900014,0,0,0
117900015,0,0,0
117900016,0,0,0
117900017,0,0,0
117900018,0,0,0
117900019,0,0,0
117900020,0,0,0
117900021,0,0,0
117900023,0,0,0
117900024,0,0,0
117900025,0,0,0
117900026,0,0,0
117900028,0,0,0
117900029,0,0,0
117900031,0,0,0
117900032,0,0,0
117900033,0,0,0
117900034,0,0,0
117900035,0,0,0
117900036,0,0,0
117900037,0,0,0
117900038,0,0,0
117900039,0,0,0
117900040,0,0,0
117900041,0,0,0
117900042,0,0,0
117900043,0,0,0
117900044,0,0,0
117900045,0,0,0
117900048,0,0,0
117900049,0,0,0
117900050,0,0,0
117900051,0,0,0
117900052,0,0,0
117900053,0,0,0
117900054,0,0,0
117900055,0,0,0
117900056,0,0,0
117900057,0,0,0
117900058,0,0,0
117900059,0,0,0
117900060,0,0,0
117900061,0,0,0
117900063,0,0,0
117900065,0,0,0
117900066,0,0,0
117900067,0,0,0
117900069,0,0,0
117900070,0,0,0
117900071,0,0,0
117900073,0,0,0
117900074,0,0,0
117900075,0,0,0
117900076,0,0,0
117900077,0,0,0
117900078,0,0,0
117900080,0,0,0
117900081,0,0,0
117900082,0,0,0
117900083,0,0,0
117900086,0,0,0
117900087,0,0,0
117900088,0,0,0
117900089,0,0,0
117900090,0,0,0
117900091,0,0,0
117900092,0,0,0
117900093,0,0,0
117900094,0,0,0
117900095,0,0,0
117900096,0,0,0
117900097,0,0,0
117900098,0,0,0
117900099,0,0,0
117900100,0,0,0
117900101,0,0,0
117900102,0,0,0
117900103,0,0,0
117900104,0,0,0
117900105,0,0,0
117900106,0,0,0
117900107,0,0,0
117900109,0,0,0
117900110,0,0,0
117900111,0,0,0
117900112,0,0,0
117900113,0,0,0
117900114,0,0,0
117900115,0,0,0
117900116,0,0,0
117900117,0,0,0
117900118,0,0,0
117900119,0,0,0
117900120,2,0,2
117900121,0,0,0
117900122,0,0,0
117900123,0,0,0
117900124,0,0,0
117900125,0,0,0
117900126,0,0,0
117900127,0,0,0
117900128,0,0,0
117900129,0,0,0
117900130,0,0,0
117900131,0,0,0
117900132,0,0,0
117900133,0,0,0
117900134,0,0,0
117900135,0,0,0
117900136,0,0,0
117900137,0,0,0
117900138,0,0,0
117900139,0,0,0
117900140,0,0,0
117900141,0,0,0
117900142,0,0,0
117900144,0,0,0
117900145,0,0,0
117900146,0,0,0
117900147,0,0,0
117900148,0,0,0
117900149,0,0,0
117900150,0,0,0
117900151,0,0,0
117900152,0,0,0
117900153,0,0,0
117900154,0,0,0
117900156,0,0,0
117900157,0,0,0
117900158,0,0,0
117900160,0,0,0
117900161,0,0,0
117900162,0,0,0
117900163,0,0,0
117900165,0,0,0
117900166,0,0,0
117900168,0,0,0
117900169,0,0,0
117900170,0,0,0
117900171,0,0,0
117900172,0,0,0
117900173,0,0,0
117900174,0,0,0
117900175,0,0,0
117900176,0,0,0
117900177,0,0,0
117900178,0,0,0
117900180,0,0,0
117900181,0,0,0
117900182,0,0,0
117900183,0,0,0
117900184,0,0,0
117900185,0,0,0
117900186,0,0,0
117900187,0,0,0
117900188,0,0,0
117900189,0,0,0
117900190,0,0,0
117900191,0,0,0
117900192,0,0,0
117900193,0,0,0
117900194,0,0,0
117900195,0,0,0
117900196,0,0,0
117900207,0,0,0
117900208,0,0,0
117900209,0,0,0
117900210,0,0,0
117900211,0,0,0
117900212,0,0,0
117900213,0,0,0
117900214,0,0,0
117900215,0,0,0
117900216,0,0,0
117900217,0,0,0
117900218,0,0,0
117900219,0,0,0
117900220,0,0,0
117900222,0,0,0
117900223,0,0,0
118000001,190,560,-370
118000002,9,63,-54
118000003,1079,1634,-555
118000004,20,77,-57
118000005,1434,1648,-214
118000006,79,126,-47
118000007,147,884,-737
118000008,127,362,-235
118000009,52,239,-187
118000010,133,341,-208
118000011,0,0,0
118000012,0,0,0
118000013,0,0,0
118000014,0,0,0
118000016,0,0,0
118000017,28,50,-22
118000018,0,0,0
118000019,0,0,0
118000020,0,0,0
118000021,0,0,0
118000022,13,44,-31
118000023,110,115,-5
118000024,176,271,-95
118000027,39,93,-54
118000029,49,360,-311
118000032,300,822,-522
118000033,611,1318,-707
118000034,42,102,-60
118000035,50,289,-239
118000036,55,147,-92
118000037,0,0,0
118000038,33,96,-63
118000039,0,0,0
118000040,198,207,-9
118000041,0,0,0
118000045,0,80,-80
118000046,1,418,-417
118000047,0,0,0
118000048,83,139,-56
118000051,2,232,-230
118000052,5,73,-68
118000053,23,74,-51
118000054,25,91,-66
118000055,0,36,-36
118000056,0,0,0
118000057,0,0,0
118000058,0,0,0
118000059,2,34,-32
118000060,11,2,9
118000061,24,100,-76
118000062,0,0,0
118000063,0,23,-23
118000064,2,74,-72
118000065,64,70,-6
118000066,0,175,-175
118000067,2,28,-26
118000068,24,151,-127
118000069,3,48,-45
118000070,1,88,-87
118000071,55,100,-45
118000072,214,678,-464
118000073,3,187,-184
118000074,0,8,-8
118000075,0,63,-63
118000076,804,2336,-1532
118000077,0,0,0
118000078,550,907,-357
118000079,24,64,-40
118000080,0,0,0
118000081,338,617,-279
118000082,0,0,0
118000083,0,0,0
118000084,0,0,0
118000086,0,0,0
118000087,36,74,-38
118000088,198,348,-150
118000089,328,242,86
118000090,0,94,-94
118000091,29,129,-100
118000092,0,0,0
118000093,0,0,0
118000096,0,0,0
118000097,0,0,0
118000098,0,0,0
118000099,0,0,0
118000101,207,188,19
118000102,104,4,100
118000107,23,13,10
118000108,4,5,-1
118000110,0,0,0
118000111,0,0,0
118000112,151,0,151
118000113,0,0,0
118000114,124,0,124
118000115,1,0,1
118000116,0,0,0
118000117,13,5,8
118000118,258,421,-163
118000119,187,300,-113
118000120,41,0,41
118000121,0,0,0
118000122,0,0,0
118000123,0,0,0
118000125,0,0,0
118000126,18,18,0
118000127,79,255,-176
118000128,0,0,0
118000129,65,51,14
118000130,12,6,6
118000131,7,14,-7
118000132,238,388,-150
118000133,76,151,-75
118000135,103,189,-86
118000136,0,11,-11
118000137,0,0,0
118000138,2,1,1
118000139,0,0,0
118000140,3,17,-14
118000141,928,776,152
118000142,0,0,0
118000143,354,438,-84
118000144,85,91,-6
118000145,345,100,245
118000146,371,20,351
118000147,323,27,296
118000148,48,84,-36
118000149,0,6,-6
118000150,280,314,-34
118000151,41,41,0
118000153,501,532,-31
118000154,424,302,122
118000155,440,695,-255
118000156,152,117,35
118000157,425,121,304
118000158,12,15,-3
118000159,39,108,-69
118000160,510,290,220
118000161,0,0,0
118000162,171,54,117
118000163,136,119,17
118000164,675,159,516
118000168,0,0,0
118000169,0,0,0
118000170,21,12,9
118000171,0,3,-3
118000172,0,0,0
118000173,263,125,138
118000175,235,411,-176
118000176,335,394,-59
118000177,163,442,-279
118000178,0,0,0
118000179,609,566,43
118000180,595,385,210
118000181,24,19,5
118000182,58,39,19
118000183,68,36,32
118000184,1035,226,809
118000185,0,0,0
118000186,0,0,0
118000187,69,0,69
118000188,0,0,0
118000189,0,0,0
118000190,0,0,0
118000191,0,0,0
118000192,0,11,-11
118000193,0,0,0
118000194,477,656,-179
118000195,8,33,-25
118000196,0,0,0
118000197,2,11,-9
118000198,1,73,-72
118000199,180,223,-43
118000200,0,0,0
118000201,0,0,0
118000202,0,0,0
118000203,0,0,0
118000204,0,37,-37
118000205,45,64,-19
118000206,46,19,27
118000207,0,0,0
118000208,151,352,-201
118000209,252,25,227
118000210,25,16,9
118000211,42,14,28
118000213,0,22,-22
118000214,40,27,13
118000215,0,0,0
118000216,0,0,0
118000217,0,0,0
118000218,0,0,0
118000219,0,0,0
118000220,25,13,12
118000221,0,0,0
118000222,0,0,0
118000223,2,2,0
118000224,0,0,0
118000225,0,0,0
118000226,7,9,-2
118000227,28,89,-61
118000228,0,0,0
118000229,0,0,0
118000230,0,0,0
118000231,0,0,0
118000232,0,0,0
118000233,122,2,120
118000234,0,0,0
118000236,2,0,2
118000237,0,0,0
118000238,0,0,0
118000239,126,14,112
118000240,0,0,0
118000241,0,0,0
118000242,0,0,0
118000243,0,0,0
118000244,0,0,0
118000246,0,0,0
118000255,0,0,0
118000256,2,1,1
118000259,0,0,0
118000260,0,0,0
118000261,0,0,0
118000263,0,0,0
118000266,0,0,0
118000267,0,0,0
118000268,3,0,3
118000270,0,0,0
118000271,1,11,-10
118000272,0,0,0
118000273,0,0,0
118000274,0,0,0
118000276,0,0,0
118000295,0,0,0
118000298,0,0,0
118000299,0,0,0
118000301,0,0,0
118000302,0,0,0
118000311,0,0,0
118000312,0,0,0
118000313,0,0,0
118000314,0,0,0
118000315,0,0,0
118000316,0,0,0
118000325,55,0,55
118000326,0,0,0
118000331,7,1,6
118000332,21,0,21
118000333,40,1,39
118000335,60,0,60
118000336,0,0,0
118000407,0,0,0
118000457,0,0,0
118000465,24,91,-67
118000480,0,0,0
118000489,32,23,9
118000490,0,0,0
118000492,151,29,122
118000510,0,0,0
118000514,16,14,2
118000515,83,7,76
118000517,0,0,0
118000524,0,0,0
118000525,0,0,0
118000530,0,38,-38
118000531,102,14,88
118000532,0,0,0
118000533,0,0,0
118000534,0,0,0
118000535,101,25,76
118000536,0,0,0
118000537,0,0,0
118000538,0,0,0
118000539,0,40,-40
118000540,0,0,0
118000541,0,0,0
118000542,13,28,-15
118000543,2,14,-12
118000546,0,0,0
118000553,0,0,0
118000560,0,0,0
118000562,0,0,0
118000563,226,635,-409
118000576,1,0,1
118000577,20,28,-8
118000578,0,0,0
118000579,12,25,-13
118000583,0,0,0
118000595,41,62,-21
118000596,0,0,0
118000597,72,56,16
118000598,0,0,0
118000599,0,0,0
118000600,0,0,0
118000601,0,0,0
118000602,0,0,0
118000603,0,0,0
118000605,0,0,0
118000606,0,0,0
118900001,0,0,0
118900002,0,0,0
118900003,0,0,0
118900004,0,0,0
118900005,0,0,0
118900006,0,0,0
118900007,0,0,0
118900008,0,0,0
118900009,0,0,0
118900010,0,0,0
118900011,0,0,0
118900012,7,1,6
118900013,0,0,0
118900015,0,0,0
118900016,0,0,0
118900017,0,0,0
118900018,0,0,0
118900019,0,0,0
118900020,0,0,0
118900021,0,0,0
118900022,0,0,0
118900023,0,0,0
118900024,0,0,0
118900025,0,0,0
118900026,0,0,0
118900027,0,0,0
118900028,0,0,0
118900029,0,0,0
118900030,0,0,0
118900031,0,0,0
118900032,0,0,0
118900033,0,0,0
118900034,0,0,0
118900035,0,0,0
118900036,0,0,0
118900037,0,0,0
118900038,0,0,0
118900039,0,0,0
118900040,0,0,0
118900041,0,0,0
118900042,0,0,0
118900045,0,0,0
118900046,0,0,0
118900047,0,0,0
118900048,0,0,0
118900049,0,0,0
118900050,0,0,0
118900051,1,3,-2
118900052,0,0,0
118900053,0,0,0
118900054,0,0,0
118900055,0,0,0
118900056,36,2,34
118900057,0,0,0
118900058,0,0,0
118900059,0,0,0
118900060,0,0,0
118900062,0,0,0
118900064,0,0,0
118900065,0,0,0
118900066,0,0,0
118900067,0,0,0
118900068,0,0,0
118900069,0,0,0
118900071,0,0,0
118900072,0,0,0
118900073,0,0,0
118900074,0,0,0
118900075,0,0,0
118900076,0,0,0
118900077,0,0,0
118900078,0,0,0
118900079,0,0,0
118900080,0,0,0
118900081,0,0,0
118900082,0,0,0
118900083,0,0,0
118900084,0,0,0
118900085,0,0,0
118900086,0,0,0
118900087,0,0,0
118900088,0,0,0
118900089,0,0,0
118900090,0,0,0
118900091,0,0,0
118900092,0,0,0
118900093,0,0,0
118900096,17,105,-88
118900097,0,0,0
118900099,0,0,0
118900100,0,0,0
118900101,0,0,0
118900102,0,0,0
118900103,0,0,0
118900104,0,0,0
118900105,0,0,0
118900107,0,0,0
118900108,0,0,0
118900110,0,0,0
118900111,0,0,0
118900112,0,0,0
118900113,0,0,0
118900114,0,0,0
118900115,0,0,0
118900116,0,0,0
118900117,0,0,0
118900118,0,0,0
118900119,0,0,0
118900120,0,0,0
118900121,0,0,0
118900122,0,0,0
118900123,0,0,0
118900124,0,0,0
118900126,0,0,0
118900129,0,0,0
118900130,0,0,0
118900131,0,0,0
118900132,0,0,0
118900133,0,0,0
118900135,0,0,0
118900136,0,0,0
118900137,0,0,0
118900139,0,0,0
118900140,0,0,0
118900141,0,0,0
118900144,0,0,0
118900145,0,0,0
118900146,0,0,0
118900147,0,0,0
118900148,0,0,0
118900150,0,0,0
118900152,0,0,0
118900157,0,0,0
118900158,0,0,0
118900159,0,0,0
118900161,0,0,0
118900163,0,0,0
118900164,0,0,0
118900165,0,0,0
118900166,0,0,0
118900167,0,0,0
118900168,0,0,0
118900169,0,0,0
118900170,0,0,0
118900171,0,0,0
118900174,0,0,0
118900175,0,0,0
118900176,0,0,0
118900177,0,0,0
118900178,0,0,0
118900179,0,0,0
118900181,5,0,5
118900182,0,0,0
118900183,0,0,0
118900184,0,0,0
118900185,0,0,0
118900186,0,0,0
118900187,0,0,0
118900188,0,0,0
118900189,0,0,0
118900190,0,0,0
118900191,0,0,0
118900192,0,0,0
118900193,0,0,0
118900195,0,0,0
118900196,0,0,0
118900197,0,0,0
118900198,0,0,0
118900199,0,0,0
118900200,0,0,0
118900201,0,0,0
118900202,0,0,0
118900203,0,0,0
118900204,0,0,0
118900205,0,0,0
118900206,0,0,0
119000001,551,378,173
119000002,678,135,543
119000003,53,116,-63
119000004,18,89,-71
119000005,186,63,123
119000006,147,42,105
119000007,621,505,116
119000008,0,0,0
119000009,267,322,-55
119000010,0,0,0
119000011,465,319,146
119000012,1,31,-30
119000013,1290,479,811
119000014,7,101,-94
119000019,0,0,0
119000020,59,40,19
119000021,107,94,13
119000022,0,0,0
119000023,117,143,-26
119000024,186,1118,-932
119000025,6,65,-59
119000026,0,0,0
119000027,0,21,-21
119000028,41,14,27
119000029,0,0,0
119000030,14,163,-149
119000031,0,1,-1
119000032,0,63,-63
119000033,327,90,237
119000034,12,0,12
119000035,0,8,-8
119000036,157,24,133
119000037,0,38,-38
119000038,0,23,-23
119000039,20,48,-28
119000040,3,289,-286
119000041,2,14,-12
119000048,269,61,208
119000049,12,22,-10
119000050,9,3,6
119000051,32,22,10
119000052,0,2,-2
119000053,39,19,20
119000054,200,40,160
119000055,1158,114,1044
119000056,595,302,293
119000057,33,63,-30
119000058,72,22,50
119000059,740,159,581
119000060,0,0,0
119000061,42,54,-12
119000062,0,0,0
119000063,27,46,-19
119000064,23,79,-56
119000065,29,6,23
119000066,118,125,-7
119000067,191,55,136
119000068,92,10,82
119000069,284,118,166
119000070,144,16,128
119000071,0,0,0
119000072,217,66,151
119000073,132,52,80
119000074,415,55,360
119000075,197,54,143
119000076,0,0,0
119000077,0,0,0
119000078,0,0,0
119000079,0,0,0
119000080,0,0,0
119000081,0,0,0
119000082,0,0,0
119000083,0,0,0
119000084,0,0,0
119000085,0,0,0
119000086,0,0,0
119000087,0,0,0
119000088,0,0,0
119000089,0,0,0
119000090,0,0,0
119000091,0,0,0
119000092,0,0,0
119000093,310,81,229
119000094,815,219,596
119000095,42,80,-38
119000097,150,39,111
119000098,215,568,-353
119000099,392,50,342
119000100,450,254,196
119000101,0,0,0
119000102,0,0,0
119000103,15,12,3
119000104,0,0,0
119000105,69,122,-53
119000106,0,0,0
119000107,98,134,-36
119000108,0,0,0
119000109,0,0,0
119000110,0,0,0
119000111,0,0,0
119000112,0,0,0
119000113,0,0,0
119000114,14,16,-2
119000115,0,0,0
119000116,16,29,-13
119000117,0,0,0
119000118,0,0,0
119000123,0,0,0
119000124,120,7,113
119000125,381,7,374
119000126,322,32,290
119000127,0,0,0
119000128,0,0,0
119000131,0,0,0
119000132,0,0,0
119000133,0,0,0
119000134,111,158,-47
119000135,0,0,0
119000136,0,0,0
119000137,0,0,0
119000138,0,0,0
119000139,0,0,0
119000140,0,0,0
119000284,0,0,0
119000285,0,0,0
119000286,0,0,0
119000287,0,0,0
119000288,0,0,0
119000289,0,0,0
119000290,68,6,62
119000291,0,0,0
119000293,0,9,-9
119000294,142,77,65
119000295,0,0,0
119000296,0,0,0
119000302,0,0,0
119000303,3,0,3
119000314,0,0,0
119000315,0,0,0
119000316,0,0,0
119000317,0,0,0
119000319,0,0,0
119900001,0,0,0
119900002,0,0,0
119900003,0,0,0
119900004,0,0,0
119900005,0,0,0
119900006,0,0,0
119900007,0,0,0
119900008,0,0,0
119900009,0,0,0
119900010,0,0,0
119900011,0,0,0
119900012,0,0,0
119900013,0,0,0
119900014,0,0,0
119900015,0,0,0
119900016,0,0,0
119900017,0,0,0
119900018,0,0,0
119900019,0,0,0
119900020,0,0,0
119900021,0,0,0
119900022,0,0,0
119900023,0,0,0
119900025,0,0,0
119900026,0,0,0
119900027,0,0,0
119900028,0,0,0
119900029,0,0,0
119900030,0,0,0
119900031,0,0,0
119900033,0,0,0
119900034,0,0,0
119900037,0,0,0
119900038,0,0,0
119900039,0,0,0
119900040,0,0,0
119900041,0,0,0
119900042,0,0,0
119900043,0,0,0
119900044,0,0,0
119900046,0,0,0
119900047,0,0,0
119900049,0,0,0
119900050,0,0,0
119900051,0,0,0
119900052,0,0,0
119900053,0,0,0
119900054,0,0,0
119900055,0,0,0
119900057,0,0,0
119900058,0,0,0
119900059,0,0,0
119900060,0,0,0
119900061,0,0,0
119900062,0,0,0
119900063,0,0,0
119900065,0,0,0
119900067,0,0,0
119900068,0,0,0
119900069,0,0,0
119900070,0,0,0
119900071,0,0,0
119900073,0,0,0
119900074,0,0,0
119900075,0,0,0
119900076,0,0,0
119900077,0,0,0
119900078,0,0,0
119900079,0,0,0
119900080,0,0,0
119900081,0,0,0
119900082,0,0,0
119900083,0,0,0
119900084,0,0,0
119900085,0,0,0
119900086,0,0,0
119900087,0,0,0
119900088,0,0,0
119900089,0,0,0
119900090,0,0,0
119900091,0,0,0
119900092,0,0,0
119900093,0,0,0
119900094,0,0,0
119900095,0,0,0
119900096,0,0,0
119900097,0,0,0
119900098,0,0,0
119900099,0,0,0
119900100,0,0,0
119900101,0,0,0
119900102,0,0,0
119900103,0,0,0
119900104,0,0,0
119900105,0,0,0
119900106,0,0,0
119900107,0,0,0
119900108,0,0,0
119900109,0,0,0
119900110,0,0,0
119900111,0,0,0
119900112,0,0,0
119900113,0,0,0
119900114,0,0,0
119900115,0,0,0
119900116,0,0,0
119900117,0,0,0
119900118,0,0,0
119900119,0,0,0
119900120,0,0,0
119900121,0,0,0
119900122,0,0,0
119900123,0,0,0
119900124,0,0,0
119900125,0,0,0
119900126,0,0,0
119900127,0,0,0
119900128,0,0,0
119900129,0,0,0
119900130,0,0,0
119900131,0,0,0
119900132,0,0,0
119900133,0,0,0
119900134,0,0,0
119900135,0,0,0
119900136,0,0,0
119900138,0,0,0
119900139,0,0,0
119900140,0,0,0
119900141,0,0,0
119900142,0,0,0
119900143,0,0,0
119900144,0,0,0
119900145,0,0,0
119900146,0,0,0
119900147,0,0,0
119900148,0,0,0
119900149,0,0,0
119900150,0,0,0
119900151,0,0,0
119900152,0,0,0
119900153,0,0,0
119900154,0,0,0
119900155,0,0,0
119900156,0,0,0
119900157,0,0,0
119900158,0,0,0
119900159,0,0,0
119900160,0,0,0
119900161,0,0,0
119900162,0,0,0
119900163,0,0,0
119900164,0,0,0
119900165,0,0,0
119900166,0,0,0
119900167,0,0,0
119900168,0,0,0
119900169,0,0,0
119900170,0,0,0
119900171,0,0,0
119900172,0,0,0
119900173,0,0,0
119900174,0,0,0
119900175,0,0,0
119900177,0,0,0
119900178,0,0,0
119900179,0,0,0
119900180,0,0,0
119900181,0,0,0
119900182,0,0,0
119900183,0,0,0
119900184,0,0,0
119900185,0,0,0
119900186,0,0,0
119900187,0,0,0
119900188,0,0,0
119900189,0,0,0
119900190,0,0,0
119900191,0,0,0
119900192,0,0,0
119900193,0,0,0
119900194,0,0,0
119900195,0,0,0
119900196,0,0,0
119900197,0,0,0
119900198,0,0,0
119900199,0,0,0
119900200,0,0,0
119900201,0,0,0
119900202,0,0,0
119900203,0,0,0
119900204,0,0,0
119900205,0,0,0
119900206,0,0,0
119900208,0,0,0
119900209,0,0,0
119900210,0,0,0
119900211,0,0,0
119900212,0,0,0
119900213,0,0,0
119900214,0,0,0
119900215,0,0,0
119900216,0,0,0
119900217,0,0,0
119900218,0,0,0
119900219,0,0,0
119900220,0,0,0
119900221,0,0,0
119900222,0,0,0
119900223,0,0,0
119900224,0,0,0
119900225,0,0,0
119900226,0,0,0
119900227,0,0,0
119900228,0,0,0
119900229,0,0,0
119900230,0,0,0
119900231,0,0,0
119900232,0,0,0
119900233,0,0,0
119900234,0,0,0
119900235,0,0,0
119900236,0,0,0
119900237,0,0,0
119900238,0,0,0
119900240,0,0,0
119900241,0,0,0
119900242,0,0,0
119900244,0,0,0
119900245,0,0,0
119900246,0,0,0
119900247,0,0,0
119900248,0,0,0
119900249,0,0,0
119900253,0,0,0
119900254,0,0,0
119900255,0,0,0
119900256,0,0,0
119900257,0,0,0
119900258,0,0,0
119900259,0,0,0
119900260,0,0,0
119900261,0,0,0
119900262,0,0,0
119900263,0,0,0
119900264,0,0,0
119900265,0,0,0
119900266,0,0,0
119900267,0,0,0
119900268,0,0,0
119900269,0,0,0
119900271,0,0,0
119900272,0,0,0
119900275,0,0,0
119900276,0,0,0
119900277,0,0,0
119900278,0,0,0
119900279,0,0,0
119900280,0,0,0
119900281,0,0,0
119900282,0,0,0
119900283,0,0,0
119900284,0,0,0
119900285,0,0,0
119900286,0,0,0
119900288,0,0,0
119900289,0,0,0
119900290,0,0,0
119900291,0,0,0
119900292,0,0,0
119900293,0,0,0
119900294,0,0,0
119900295,0,0,0
119900296,0,0,0
119900297,0,0,0
119900298,0,0,0
119900299,0,0,0
119900300,0,0,0
119900301,0,0,0
119900302,0,0,0
119900303,0,0,0
119900304,0,0,0
119900305,0,0,0
119900306,0,0,0
119900307,0,0,0
119900308,0,0,0
119900309,0,0,0
119900310,0,0,0
119900311,0,0,0
119900312,0,0,0
119900313,0,0,0
119900314,0,0,0
119900315,0,0,0
119900318,0,0,0
119900319,0,0,0
119900320,0,0,0
119900321,0,0,0
120000001,1666,2000,-334
120000002,97,67,30
120000003,36,44,-8
120000004,30,54,-24
120000005,115,53,62
120000006,32,45,-13
120000007,121,26,95
120000008,9,47,-38
120000009,18,13,5
120000010,123,25,98
120000011,12,38,-26
120000012,31,145,-114
120000013,614,148,466
120000014,195,275,-80
120000015,938,283,655
120000016,1918,736,1182
120000017,558,384,174
120000018,1153,597,556
120000019,293,111,182
120000020,751,313,438
120000021,262,940,-678
120000022,1877,1156,721
120000023,515,313,202
120000024,326,204,122
120000025,907,209,698
120000026,417,521,-104
120000027,569,644,-75
120000028,0,0,0
120000029,12,205,-193
120000030,39,135,-96
120000031,780,449,331
120000032,363,115,248
120000033,225,50,175
120000034,258,71,187
120000035,446,97,349
120000036,1242,923,319
120000037,351,662,-311
120000038,137,641,-504
120000039,6,38,-32
120000040,0,18,-18
120000041,5,14,-9
120000042,31,45,-14
120000043,61,15,46
120000044,36,2,34
120000045,8,0,8
120000046,35,12,23
120000047,3,15,-12
120000048,404,191,213
120000049,606,178,428
120000050,91,96,-5
120000051,40,92,-52
120000052,0,0,0
120000053,162,5,157
120000054,50,11,39
120000055,42,4,38
120000056,477,280,197
120000057,329,87,242
120000058,59,70,-11
120000059,1,205,-204
120000061,0,2,-2
120000062,0,0,0
120000063,63,0,63
120000064,67,1,66
120000065,141,4,137
120000066,45,8,37
120000067,1,15,-14
120000068,4,68,-64
120000069,113,12,101
120000070,13,0,13
120000071,323,148,175
120000072,462,182,280
120000073,186,171,15
120000074,71,92,-21
120000075,480,165,315
120000076,898,131,767
120000077,361,236,125
120000078,595,350,245
120000079,0,0,0
120000080,0,0,0
120000081,0,0,0
120000082,0,0,0
120000083,0,0,0
120000084,37,0,37
120000085,58,0,58
120000086,37,19,18
120000087,6,3,3
120000088,422,70,352
120000089,714,62,652
120000090,244,46,198
120000091,512,88,424
120000092,592,135,457
120000093,117,144,-27
120000094,98,390,-292
120000095,0,0,0
120000096,0,0,0
120000098,0,0,0
120000099,0,0,0
120000100,112,0,112
120000101,134,36,98
120000102,63,662,-599
120000103,585,652,-67
120000104,990,89,901
120000105,1655,40,1615
120000106,1597,21,1576
120000107,1613,44,1569
120000108,771,13,758
120000109,331,14,317
120000110,0,42,-42
120000111,0,7,-7
120000112,2,6,-4
120000113,2,1,1
120000114,3,5,-2
120000115,1,8,-7
120000116,16,28,-12
120000117,0,0,0
120000118,0,0,0
120000119,57,41,16
120000120,0,0,0
120000121,50,40,10
120000122,119,56,63
120000123,218,170,48
120000124,171,118,53
120000125,5,80,-75
120000126,152,167,-15
120000127,190,93,97
120000128,109,52,57
120000129,119,45,74
120000130,602,137,465
120000131,98,40,58
120000134,0,0,0
120000135,0,0,0
120000137,0,0,0
120000138,0,0,0
120000139,0,0,0
120000140,0,0,0
120000141,0,0,0
120000142,0,0,0
120000143,0,0,0
120000144,0,0,0
120000145,0,0,0
120000146,272,823,-551
120000149,0,0,0
120000150,0,0,0
120000151,237,16,221
120000152,152,18,134
120000153,0,0,0
120000154,72,3,69
120000155,110,24,86
120000156,271,22,249
120000157,145,25,120
120000158,0,0,0
120000159,60,124,-64
120000160,546,207,339
120000161,311,208,103
120000162,5,120,-115
120000163,0,0,0
120000164,0,0,0
120000165,94,19,75
120000166,68,77,-9
120000167,0,0,0
120000168,0,0,0
120000169,0,0,0
120000170,0,0,0
120000171,0,0,0
120000172,0,0,0
120000173,0,0,0
120000174,0,0,0
120000175,0,0,0
120000176,0,0,0
120000177,0,0,0
120000178,0,0,0
120000179,0,0,0
120000180,0,0,0
120000181,0,0,0
120000182,0,0,0
120000183,0,0,0
120000184,0,0,0
120000186,0,0,0
120000187,0,0,0
120000188,0,0,0
120000190,0,0,0
120000191,0,0,0
120000192,0,0,0
120000193,0,0,0
120000195,0,0,0
120000196,0,0,0
120000197,0,0,0
120000198,0,0,0
120000199,0,0,0
120000200,0,0,0
120000201,0,0,0
120000202,0,0,0
120000203,0,0,0
120000207,0,0,0
120000208,0,0,0
120000209,0,0,0
120000210,0,0,0
120000211,0,0,0
120000212,0,0,0
120000213,0,0,0
120000214,0,0,0
120000215,0,0,0
120000216,0,0,0
120000217,0,0,0
120000218,0,0,0
120000219,0,0,0
120000220,0,0,0
120000225,0,0,0
120000226,0,0,0
120000227,0,0,0
120000228,0,0,0
120000230,0,0,0
120000231,0,0,0
120000233,268,13,255
120000235,0,7,-7
120000236,852,25,827
120000237,0,0,0
120000238,0,0,0
120000241,486,401,85
120000412,0,0,0
120000413,0,0,0
120000414,0,0,0
120000415,0,0,0
120000416,0,0,0
120000417,0,0,0
120000418,0,0,0
120000419,0,0,0
120000420,135,9,126
120000421,434,164,270
120000422,0,0,0
120000423,0,0,0
120000424,0,0,0
120000436,147,37,110
120000437,0,0,0
120000438,0,0,0
120000439,407,155,252
120000443,2,0,2
120000444,644,125,519
120000445,284,300,-16
120000446,229,28,201
120000447,489,0,489
120000449,0,0,0
120000450,0,0,0
120000451,46,52,-6
120000452,8,0,8
120000453,0,0,0
120000454,118,54,64
120000455,20,84,-64
120000456,3,97,-94
120000457,45,27,18
120000458,0,0,0
120000459,35,37,-2
120000665,6,89,-83
120000668,0,49,-49
120000669,3,2,1
120000670,0,48,-48
120000671,122,85,37
120000672,0,5,-5
120900001,0,0,0
120900002,0,0,0
120900003,0,0,0
120900004,0,0,0
120900005,0,0,0
120900006,0,0,0
120900007,0,0,0
120900008,0,0,0
120900009,0,0,0
120900010,0,0,0
120900011,0,0,0
120900012,0,0,0
120900013,0,0,0
120900014,0,0,0
120900015,0,0,0
120900016,0,0,0
120900017,0,0,0
120900018,0,0,0
120900019,0,0,0
120900020,0,0,0
120900021,0,0,0
120900022,0,0,0
120900023,0,0,0
120900024,0,0,0
120900025,0,0,0
120900026,0,0,0
120900027,0,0,0
120900028,0,0,0
120900029,0,0,0
120900030,0,0,0
120900031,0,0,0
120900032,0,0,0
120900033,0,0,0
120900034,0,0,0
120900035,0,0,0
120900037,0,0,0
120900038,0,0,0
120900039,0,0,0
120900040,0,0,0
120900041,0,0,0
120900042,0,0,0
120900043,0,0,0
120900044,0,0,0
120900045,0,0,0
120900046,0,0,0
120900047,0,0,0
120900048,0,0,0
120900049,0,0,0
120900050,0,0,0
120900051,0,0,0
120900052,0,0,0
120900053,0,0,0
120900054,0,0,0
120900055,0,0,0
120900056,0,0,0
120900057,0,0,0
120900058,0,0,0
120900059,0,0,0
120900060,0,0,0
120900061,0,0,0
120900062,0,0,0
120900063,0,0,0
120900064,0,0,0
120900065,0,0,0
120900066,0,0,0
120900067,0,0,0
120900068,0,0,0
120900069,0,0,0
120900071,0,0,0
120900072,0,0,0
120900073,0,0,0
120900074,0,0,0
120900076,0,0,0
120900077,0,0,0
120900078,0,0,0
120900079,0,0,0
120900080,0,0,0
120900081,0,0,0
120900082,0,1,-1
120900083,0,0,0
120900084,0,0,0
120900085,0,0,0
120900086,0,0,0
120900087,0,0,0
120900088,0,0,0
120900089,0,0,0
120900090,0,0,0
120900091,1,0,1
120900092,0,0,0
120900093,0,0,0
120900094,0,0,0
120900095,0,0,0
120900096,0,0,0
120900097,0,0,0
120900098,0,0,0
120900099,0,0,0
120900100,0,0,0
120900101,0,0,0
120900102,0,0,0
120900103,0,0,0
120900104,0,0,0
120900105,0,0,0
120900106,0,0,0
120900107,0,0,0
120900108,0,0,0
120900109,0,0,0
120900110,0,0,0
120900111,0,0,0
120900112,0,0,0
120900113,0,0,0
120900114,0,0,0
120900115,15,22,-7
120900116,0,0,0
120900117,0,0,0
120900118,0,0,0
120900119,0,0,0
120900120,0,0,0
120900121,0,0,0
120900122,0,0,0
120900123,0,0,0
120900124,0,0,0
120900125,0,0,0
120900126,0,0,0
120900127,0,0,0
120900128,0,0,0
120900129,0,0,0
120900130,0,0,0
120900131,0,0,0
120900132,0,0,0
120900133,0,0,0
120900134,0,0,0
120900135,0,0,0
120900136,0,0,0
120900137,0,0,0
120900138,0,0,0
120900139,0,0,0
120900140,0,0,0
120900141,0,0,0
120900142,0,0,0
120900143,0,0,0
120900144,0,0,0
120900145,0,0,0
120900146,0,0,0
120900147,0,0,0
120900148,0,0,0
120900149,0,0,0
120900150,0,0,0
120900151,0,0,0
120900152,0,0,0
120900153,0,0,0
120900154,0,0,0
120900155,0,0,0
120900156,0,0,0
120900157,0,0,0
120900158,0,0,0
120900159,0,0,0
120900160,0,0,0
120900161,0,0,0
120900162,0,0,0
120900163,0,0,0
120900164,0,0,0
120900165,0,0,0
120900166,0,0,0
120900167,0,0,0
120900169,0,0,0
120900170,0,0,0
120900171,0,0,0
120900172,0,0,0
120900173,0,0,0
120900174,0,0,0
120900175,0,0,0
120900176,0,0,0
120900177,0,0,0
120900178,0,0,0
120900179,0,0,0
120900180,0,0,0
120900181,0,0,0
120900182,0,0,0
120900183,0,0,0
120900184,0,0,0
120900185,0,0,0
120900186,0,0,0
120900187,0,0,0
120900188,0,0,0
120900189,0,0,0
120900190,0,0,0
120900191,0,0,0
120900192,0,0,0
120900194,0,0,0
120900195,0,0,0
120900196,0,0,0
120900197,0,0,0
120900198,0,0,0
120900199,0,0,0
120900200,0,0,0
120900201,0,0,0
120900202,0,0,0
120900203,0,0,0
120900204,0,0,0
120900205,0,0,0
120900206,0,0,0
120900207,0,0,0
121000001,0,0,0
121000002,186,99,87
121000003,0,0,0
121000004,94,178,-84
121000005,2,29,-27
121000006,67,268,-201
121000007,8,19,-11
121000008,310,281,29
121000009,31,83,-52
121000010,277,252,25
121000011,116,180,-64
121000012,470,336,134
121000013,168,316,-148
121000014,763,389,374
121000015,389,759,-370
121000016,482,299,183
121000017,22,123,-101
121000018,121,238,-117
121000019,142,148,-6
121000020,704,984,-280
121000021,20,10,10
121000022,46,360,-314
121000023,20,10,10
121000024,647,556,91
121000025,14,84,-70
121000026,16,90,-74
121000027,28,82,-54
121000028,6,74,-68
121000029,10,3,7
121000030,0,0,0
121000031,0,4,-4
121000032,0,0,0
121000034,9,4,5
121000035,0,0,0
121000036,11,62,-51
121000037,32,34,-2
121000038,57,149,-92
121000039,0,0,0
121000041,0,0,0
121000042,1,17,-16
121000043,14,48,-34
121000044,0,63,-63
121000045,6,6,0
121000046,0,0,0
121000047,0,0,0
121000049,83,57,26
121000050,56,216,-160
121000051,2,41,-39
121000052,24,62,-38
121000053,2,10,-8
121000054,0,0,0
121000055,0,0,0
121000056,247,292,-45
121000057,0,0,0
121000058,0,0,0
121000059,0,21,-21
121000060,33,28,5
121000061,2,3,-1
121000062,0,31,-31
121000063,5,14,-9
121000064,3,7,-4
121000065,19,7,12
121000066,0,0,0
121000067,0,0,0
121000068,5,6,-1
121000069,1,22,-21
121000070,39,66,-27
121000071,53,165,-112
121000072,23,16,7
121000073,8,113,-105
121000074,0,0,0
121000075,0,0,0
121000076,0,1,-1
121000077,3,23,-20
121000078,0,0,0
121000080,52,57,-5
121000081,140,189,-49
121000082,4,39,-35
121000083,1,2,-1
121000084,0,0,0
121000085,13,21,-8
121000086,1,98,-97
121000087,1,78,-77
121000088,0,0,0
121000089,1,181,-180
121000090,0,0,0
121000091,151,66,85
121000092,8,29,-21
121000093,2,47,-45
121000094,49,23,26
121000095,0,23,-23
121000096,0,0,0
121000097,0,0,0
121000098,19,19,0
121000099,10,42,-32
121000100,0,0,0
121000101,4,13,-9
121000102,0,0,0
121000103,1,0,1
121000104,0,0,0
121000105,0,0,0
121000106,1,2,-1
121000107,71,139,-68
121000109,31,248,-217
121000110,0,6,-6
121000114,100,293,-193
121000115,0,0,0
121000116,0,0,0
121000117,0,0,0
121000118,0,0,0
121000119,0,0,0
121000120,0,71,-71
121000121,3,11,-8
121000123,1,2,-1
121000127,0,0,0
121000128,0,0,0
121000129,0,0,0
121000130,4,10,-6
121000131,0,0,0
121000132,13,13,0
121000135,0,0,0
121000136,26,55,-29
121000137,0,0,0
121000138,5,12,-7
121000139,0,0,0
121000141,0,0,0
121000142,0,0,0
121000143,0,0,0
121000144,0,0,0
121000145,0,1,-1
121000146,36,3,33
121000147,3,97,-94
121000148,0,1,-1
121000149,317,386,-69
121000152,5,4,1
121000153,68,9,59
121000154,124,11,113
121000155,73,37,36
121000156,85,27,58
121000157,42,33,9
121000158,3,19,-16
121000159,3,26,-23
121000160,9,0,9
121000161,0,0,0
121000162,0,0,0
121000165,44,714,-670
121000166,40,12,28
121000168,5,64,-59
121000169,2,4,-2
121000170,51,32,19
121000171,9,31,-22
121000172,7,35,-28
121000173,1,4,-3
121000174,3,4,-1
121000175,13,2,11
121000176,2,6,-4
121000177,2,0,2
121000178,0,0,0
121000179,15,2,13
121000181,19,35,-16
121000182,74,119,-45
121000183,19,54,-35
121000184,1,49,-48
121000185,0,81,-81
121000186,0,42,-42
121000187,0,0,0
121000188,0,0,0
121000192,17,1,16
121000193,0,0,0
121000194,78,136,-58
121000195,0,0,0
121000196,0,0,0
121000197,2,0,2
121000198,0,0,0
121000199,0,0,0
121000200,0,0,0
121000201,0,0,0
121000202,0,0,0
121000203,0,0,0
121000204,0,0,0
121000205,39,21,18
121000206,0,0,0
121000207,0,0,0
121000208,0,0,0
121000209,95,3,92
121000210,0,0,0
121000211,1,0,1
121000212,0,0,0
121000213,20,122,-102
121000214,11,145,-134
121000215,84,38,46
121000216,48,25,23
121000217,502,134,368
121000218,2,34,-32
121000219,148,76,72
121000220,0,0,0
121000221,3,62,-59
121000222,6,40,-34
121000223,0,0,0
121000224,0,0,0
121000225,2,47,-45
121000226,9,146,-137
121000227,0,0,0
121000228,0,0,0
121000229,0,0,0
121000230,0,0,0
121000231,142,0,142
121000232,0,0,0
121000233,103,30,73
121000234,0,12,-12
121000235,0,11,-11
121000236,0,0,0
121000237,24,0,24
121000238,0,0,0
121000239,1,0,1
121000240,0,3,-3
121000241,53,0,53
121000242,0,0,0
121000243,5,0,5
121000244,0,0,0
121000245,0,0,0
121000246,0,0,0
121000247,20,0,20
121000248,36,3,33
121000249,0,0,0
121000250,24,99,-75
121000251,0,0,0
121000252,0,28,-28
121000253,0,0,0
121000254,56,7,49
121000255,0,0,0
121000256,3,46,-43
121000257,0,0,0
121000258,13,47,-34
121000259,0,0,0
121000260,0,0,0
121000261,0,27,-27
121000262,0,0,0
121000263,10,21,-11
121000271,0,0,0
121000273,0,0,0
121000274,1,5,-4
121000275,0,0,0
121000276,0,1,-1
121000278,58,0,58
121000279,0,0,0
121000280,0,24,-24
121000289,25,13,12
121000290,63,23,40
121000294,0,0,0
121000297,81,32,49
121000299,0,0,0
121000300,0,0,0
121000302,0,74,-74
121000303,3,0,3
121000304,152,209,-57
121000305,71,155,-84
121000306,71,73,-2
121000308,0,0,0
121000309,0,0,0
121000310,0,0,0
121000311,0,0,0
121000312,33,45,-12
121000313,0,0,0
121000314,0,0,0
121000315,0,0,0
121000530,132,127,5
121000531,299,160,139
121000532,844,302,542
121000533,3648,1130,2518
121000918,0,0,0
121000919,0,0,0
121000938,0,0,0
121000939,19,28,-9
121000956,0,0,0
121000957,0,0,0
121000958,0,2,-2
121000959,51,1,50
121000960,40,35,5
121000961,90,0,90
121000962,0,12,-12
121000973,0,0,0
121000976,0,0,0
121000979,0,0,0
121000981,12,1,11
121000982,0,0,0
121000983,21,0,21
121000984,0,0,0
121000985,0,0,0
121000986,0,0,0
121000987,0,0,0
121000988,145,24,121
121001302,0,0,0
121001308,0,0,0
121001309,0,0,0
121001313,0,0,0
121001314,0,0,0
121001315,1195,120,1075
121001326,0,0,0
121900001,2,56,-54
121900002,0,0,0
121900003,0,0,0
121900004,0,0,0
121900005,0,0,0
121900006,0,0,0
121900007,0,0,0
121900008,0,0,0
121900009,0,0,0
121900010,0,0,0
121900011,0,0,0
121900012,0,0,0
121900013,0,0,0
121900014,0,0,0
121900015,0,0,0
121900016,0,0,0
121900017,0,0,0
121900018,0,0,0
121900019,0,0,0
121900020,0,0,0
121900021,0,0,0
121900022,0,0,0
121900023,0,0,0
121900024,0,0,0
121900025,0,0,0
121900026,0,0,0
121900027,0,0,0
121900028,0,0,0
121900029,0,0,0
121900030,0,0,0
121900031,0,0,0
121900032,0,0,0
121900033,0,0,0
121900034,0,0,0
121900035,0,0,0
121900036,0,0,0
121900037,0,0,0
121900038,0,0,0
121900039,0,0,0
121900040,0,0,0
121900041,0,0,0
121900042,0,0,0
121900043,0,0,0
121900044,0,0,0
121900046,0,0,0
121900047,0,0,0
121900048,0,0,0
121900050,0,0,0
121900051,0,0,0
121900052,0,0,0
121900053,0,0,0
121900054,0,0,0
121900055,0,0,0
121900058,0,0,0
121900059,0,0,0
121900060,0,0,0
121900062,0,0,0
121900063,0,0,0
121900064,0,0,0
121900066,0,0,0
121900067,0,0,0
121900069,0,0,0
121900070,0,0,0
121900071,0,0,0
121900072,0,0,0
121900073,0,0,0
121900074,0,0,0
121900075,0,0,0
121900076,0,0,0
121900078,0,0,0
121900079,0,0,0
121900080,0,0,0
121900082,0,0,0
121900084,0,0,0
121900086,0,0,0
121900087,0,0,0
121900088,0,0,0
121900089,0,0,0
121900090,0,0,0
121900091,0,0,0
121900092,0,0,0
121900093,0,0,0
121900094,0,0,0
121900095,0,0,0
121900096,0,0,0
121900097,0,0,0
121900098,0,0,0
121900099,0,0,0
121900100,0,0,0
121900101,0,0,0
121900102,0,0,0
121900103,0,0,0
121900104,0,0,0
121900105,0,0,0
121900106,0,0,0
121900107,0,0,0
121900108,0,0,0
121900109,0,0,0
121900110,0,0,0
121900111,0,0,0
121900112,0,0,0
121900113,0,0,0
121900114,0,0,0
121900117,0,0,0
121900118,0,0,0
121900119,0,0,0
121900120,0,0,0
121900121,0,0,0
121900122,0,0,0
121900123,0,0,0
121900124,0,0,0
121900125,0,0,0
121900127,0,0,0
121900128,0,0,0
121900129,0,0,0
121900130,0,0,0
121900131,0,0,0
121900132,0,0,0
121900133,0,0,0
121900134,0,0,0
121900135,0,0,0
121900136,0,0,0
121900137,0,0,0
121900138,0,0,0
121900139,0,0,0
121900140,0,0,0
121900141,0,0,0
121900142,0,0,0
121900143,0,0,0
121900144,0,0,0
121900145,0,0,0
121900146,0,0,0
121900147,0,0,0
121900148,0,0,0
121900149,0,0,0
121900150,0,0,0
121900151,0,0,0
121900152,0,0,0
121900153,0,0,0
121900154,0,0,0
121900155,0,0,0
121900156,0,0,0
121900157,0,0,0
121900158,0,0,0
121900159,0,0,0
121900160,0,0,0
121900161,0,0,0
121900162,0,0,0
121900163,0,0,0
121900164,0,0,0
121900165,0,0,0
121900166,0,0,0
121900167,0,0,0
121900168,0,0,0
121900169,0,0,0
121900170,0,0,0
121900171,0,0,0
121900172,0,0,0
121900173,0,0,0
121900174,0,0,0
121900175,0,0,0
121900176,0,0,0
121900177,0,0,0
121900178,0,0,0
121900179,0,0,0
121900180,0,0,0
121900182,0,0,0
121900183,0,0,0
121900184,0,0,0
121900186,0,0,0
121900187,0,0,0
121900188,0,0,0
121900189,0,0,0
121900190,0,0,0
121900191,0,0,0
121900192,0,0,0
121900193,0,0,0
121900194,0,0,0
121900195,0,0,0
121900196,0,0,0
121900197,0,0,0
121900198,0,0,0
121900199,0,0,0
121900200,0,0,0
121900201,0,0,0
121900202,0,0,0
121900203,0,0,0
121900204,0,0,0
121900205,0,0,0
121900206,0,0,0
121900207,0,0,0
121900208,0,0,0
121900209,0,0,0
121900210,0,0,0
121900211,0,0,0
121900212,0,0,0
121900213,0,0,0
121900214,0,0,0
121900215,0,0,0
121900216,0,0,0
121900217,0,0,0
121900218,0,0,0
121900220,0,0,0
121900221,0,0,0
121900222,0,0,0
121900223,0,0,0
121900224,0,0,0
121900225,0,0,0
121900226,0,0,0
121900227,0,0,0
121900228,0,0,0
121900230,0,0,0
121900231,0,0,0
121900232,0,0,0
121900233,0,0,0
121900234,0,0,0
121900235,0,0,0
121900236,0,0,0
121900237,0,0,0
121900238,0,0,0
121900239,0,0,0
121900240,0,0,0
121900241,0,0,0
121900242,0,0,0
121900243,0,0,0
121900244,0,0,0
121900245,0,0,0
121900246,0,0,0
121900248,0,0,0
121900250,0,0,0
121900251,0,0,0
121900252,0,0,0
121900253,0,0,0
121900254,0,0,0
121900255,0,0,0
121900258,0,0,0
121900259,0,0,0
121900260,0,0,0
121900261,0,0,0
121900262,0,0,0
121900263,0,0,0
121900264,0,0,0
121900265,0,0,0
121900266,0,0,0
121900267,0,0,0
121900269,0,0,0
121900270,0,0,0
121900271,0,0,0
121900273,0,0,0
121900274,0,0,0
121900277,0,0,0
121900278,0,0,0
121900279,0,0,0
121900280,0,0,0
121900281,0,0,0
121900284,0,0,0
121900286,0,0,0
121900287,0,0,0
121900288,0,0,0
121900290,0,0,0
121900291,0,0,0
121900292,0,0,0
121900293,0,0,0
121900294,0,0,0
121900295,0,0,0
121900296,0,0,0
121900298,0,0,0
121900299,0,0,0
121900300,0,0,0
121900301,0,0,0
121900302,0,0,0
121900303,0,0,0
121900304,0,0,0
121900305,0,0,0
121900306,0,0,0
121900307,0,0,0
121900308,0,0,0
121900309,0,0,0
121900310,0,0,0
121900311,0,0,0
121900312,0,0,0
121900313,0,0,0
121900314,0,0,0
121900315,0,0,0
121900316,0,0,0
121900317,0,0,0
121900318,0,0,0
121900319,0,0,0
121900320,0,0,0
121900321,0,0,0
121900322,0,0,0
121900323,0,0,0
121900324,0,0,0
121900325,0,0,0
121900326,0,0,0
121900327,0,0,0
121900328,0,0,0
121900329,0,0,0
121900330,0,0,0
121900331,0,0,0
121900332,0,0,0
121900333,0,0,0
121900334,0,0,0
122000001,33,138,-105
122000002,65,30,35
122000003,31,113,-82
122000004,31,54,-23
122000005,325,613,-288
122000006,63,241,-178
122000007,26,187,-161
122000008,29,229,-200
122000009,3,36,-33
122000010,351,215,136
122000011,50,108,-58
122000012,55,46,9
122000013,9,49,-40
122000014,1,11,-10
122000015,5,24,-19
122000016,4,57,-53
122000017,7,0,7
122000018,0,0,0
122000019,0,14,-14
122000020,0,0,0
122000021,0,0,0
122000022,42,19,23
122000023,3,34,-31
122000024,77,101,-24
122000025,18,95,-77
122000026,178,116,62
122000027,0,0,0
122000028,56,2,54
122000029,24,4,20
122000030,0,0,0
122000031,0,1,-1
122000032,40,75,-35
122000033,24,84,-60
122000034,0,0,0
122000035,0,0,0
122000036,0,0,0
122000037,0,19,-19
122000038,4,8,-4
122000039,0,0,0
122000040,0,0,0
122000041,0,1,-1
122000042,0,1,-1
122000043,1,1,0
122000044,1,0,1
122000045,34,30,4
122000046,30,9,21
122000047,0,0,0
122000048,240,527,-287
122000049,515,145,370
122000050,1,4,-3
122000051,0,3,-3
122000052,3,6,-3
122000053,4,487,-483
122000054,34,107,-73
122000055,452,562,-110
122000056,80,106,-26
122000057,63,172,-109
122000058,42,58,-16
122000059,16,29,-13
122000060,0,0,0
122000061,0,0,0
122000062,9,22,-13
122000063,2,12,-10
122000064,44,91,-47
122000065,93,141,-48
122000066,18,18,0
122000067,83,363,-280
122000068,9,286,-277
122000069,9,44,-35
122000070,198,50,148
122000071,2,75,-73
122000072,0,0,0
122000073,0,0,0
122000074,15,47,-32
122000075,22,34,-12
122000076,42,73,-31
122000077,0,0,0
122000078,117,93,24
122000079,0,29,-29
122000080,0,0,0
122000081,0,0,0
122000082,28,56,-28
122000083,0,0,0
122000084,0,0,0
122000085,1,20,-19
122000086,12,172,-160
122000087,25,21,4
122000088,0,0,0
122000089,60,194,-134
122000090,0,0,0
122000091,0,0,0
122000092,0,0,0
122000093,169,621,-452
122000094,230,369,-139
122000095,1,40,-39
122000096,29,256,-227
122000098,242,469,-227
122000099,2,23,-21
122000100,21,5,16
122000101,0,0,0
122000102,0,0,0
122000103,0,0,0
122000104,1,5,-4
122000105,4,14,-10
122000106,0,12,-12
122000107,5,21,-16
122000108,0,0,0
122000109,8,11,-3
122000110,0,0,0
122000111,242,85,157
122000112,44,30,14
122000113,25,9,16
122000114,224,627,-403
122000115,131,236,-105
122000116,7,32,-25
122000117,113,0,113
122000118,34,11,23
122000119,0,0,0
122000120,0,0,0
122000121,42,25,17
122000122,9,13,-4
122000123,54,45,9
122000124,2,45,-43
122000125,8,67,-59
122000126,0,29,-29
122000127,1,33,-32
122000128,0,0,0
122000129,24,2,22
122000130,88,66,22
122000131,12,23,-11
122000132,0,0,0
122000133,0,0,0
122000134,27,14,13
122000135,5,16,-11
122000136,43,11,32
122000137,24,32,-8
122000139,0,78,-78
122000140,0,0,0
122000141,5,5,0
122000142,0,0,0
122000143,0,0,0
122000144,28,29,-1
122000145,3,0,3
122000146,10,53,-43
122000147,15,103,-88
122000148,87,99,-12
122000149,97,29,68
122000150,45,15,30
122000151,0,0,0
122000152,0,0,0
122000153,77,79,-2
122000154,30,23,7
122000155,37,30,7
122000156,117,236,-119
122000157,142,153,-11
122000158,0,0,0
122000159,67,32,35
122000160,116,18,98
122000161,57,44,13
122000162,25,43,-18
122000163,0,0,0
122000164,0,0,0
122000165,0,1,-1
122000166,18,53,-35
122000167,0,0,0
122000168,0,1,-1
122000169,0,0,0
122000170,0,0,0
122000171,0,0,0
122000172,0,0,0
122000173,0,0,0
122000174,204,279,-75
122000175,0,0,0
122000176,0,0,0
122000177,114,352,-238
122000178,240,62,178
122000179,0,1,-1
122000180,187,231,-44
122000181,120,296,-176
122000182,43,20,23
122000183,22,4,18
122000184,120,277,-157
122000185,73,130,-57
122000186,0,0,0
122000187,107,45,62
122000188,0,0,0
122000189,6,24,-18
122000190,118,66,52
122000191,1,7,-6
122000192,0,0,0
122000193,0,0,0
122000194,0,0,0
122000195,0,0,0
122000196,0,0,0
122000197,0,15,-15
122000198,0,0,0
122000199,7,24,-17
122000200,77,28,49
122000201,148,212,-64
122000202,36,182,-146
122000203,0,0,0
122000204,0,0,0
122000205,0,0,0
122000206,124,55,69
122000207,84,60,24
122000208,60,60,0
122000209,83,16,67
122000210,4,2,2
122000211,1,7,-6
122000212,20,58,-38
122000213,18,90,-72
122000214,119,248,-129
122000215,97,120,-23
122000217,3,16,-13
122000218,67,34,33
122000219,30,48,-18
122000220,1,50,-49
122000221,0,0,0
122000222,1,0,1
122000223,15,47,-32
122000225,57,13,44
122000226,0,25,-25
122000227,0,19,-19
122000228,0,6,-6
122000229,0,0,0
122000230,0,17,-17
122000231,0,28,-28
122000232,0,35,-35
122000233,0,0,0
122000234,23,0,23
122000235,12,1,11
122000236,6,0,6
122000237,0,0,0
122000238,2,9,-7
122000239,43,0,43
122000240,33,1,32
122000241,13,40,-27
122000242,0,0,0
122000243,0,0,0
122000244,0,0,0
122000245,0,1,-1
122000246,12,71,-59
122000247,24,1,23
122000248,6,1,5
122000249,114,113,1
122000250,151,34,117
122000251,0,0,0
122000252,3,4,-1
122000253,0,0,0
122000254,1,1,0
122000255,0,0,0
122000256,0,16,-16
122000257,1,4,-3
122000258,7,20,-13
122000259,0,0,0
122000260,0,0,0
122000261,1,0,1
122000262,0,0,0
122000263,0,0,0
122000264,151,27,124
122000265,213,30,183
122000266,116,13,103
122000267,0,0,0
122000268,0,0,0
122000269,0,0,0
122000270,0,0,0
122000271,0,0,0
122000272,0,0,0
122000273,0,0,0
122000274,0,0,0
122000275,0,0,0
122000276,24,97,-73
122000277,91,89,2
122000278,91,38,53
122000279,13,17,-4
122000280,3,4,-1
122000281,0,0,0
122000282,23,3,20
122000283,0,0,0
122000284,0,0,0
122000285,0,0,0
122000286,0,0,0
122000287,490,88,402
122000288,40,10,30
122000291,645,45,600
122000293,0,0,0
122000294,52,8,44
122000295,179,8,171
122000296,17,70,-53
122000297,859,341,518
122000299,72,13,59
122000300,2,5,-3
122000301,34,35,-1
122000302,12,21,-9
122000303,13,43,-30
122000304,0,0,0
122000305,263,36,227
122000306,12,31,-19
122000307,0,0,0
122000309,0,0,0
122000310,0,0,0
122000311,0,0,0
122000312,3,58,-55
122000313,1,66,-65
122000314,33,29,4
122000315,0,0,0
122000316,15,25,-10
122000317,65,10,55
122000318,31,44,-13
122000319,2,20,-18
122000320,0,0,0
122000321,0,0,0
122000322,62,44,18
122000323,29,37,-8
122000324,1,6,-5
122000325,16,96,-80
122000326,0,0,0
122000327,0,14,-14
122000328,0,0,0
122000330,55,173,-118
122000333,0,0,0
122000337,14,20,-6
122000338,6,2,4
122000340,0,0,0
122000342,40,13,27
122000343,22,11,11
122000344,18,0,18
122000345,7,3,4
122000346,0,0,0
122000348,14,17,-3
122000349,0,0,0
122000351,2,0,2
122000352,0,0,0
122000353,0,0,0
122000355,0,0,0
122000356,8,6,2
122000357,0,1,-1
122000358,0,0,0
122000359,0,0,0
122000360,0,0,0
122000362,0,0,0
122000364,0,0,0
122000365,0,1,-1
122000366,0,0,0
122000368,0,0,0
122000370,0,0,0
122000371,0,0,0
122000372,0,0,0
122000381,0,0,0
122000382,0,0,0
122000384,0,0,0
122000385,0,0,0
122000386,1,142,-141
122000387,0,0,0
122000388,26,83,-57
122000389,0,0,0
122000390,1,19,-18
122000391,0,0,0
122000392,0,0,0
122000393,0,0,0
122000394,0,0,0
122000395,0,0,0
122000396,0,0,0
122000397,0,0,0
122000398,21,50,-29
122000399,0,0,0
122000400,18,39,-21
122000401,0,0,0
122000402,25,19,6
122000403,0,0,0
122000404,82,13,69
122000408,163,161,2
122000503,0,0,0
122000524,0,0,0
122000544,0,0,0
122000614,2,3,-1
122000616,0,0,0
122000640,0,0,0
122000641,0,0,0
122000642,0,0,0
122000643,36,22,14
122000644,0,0,0
122000645,0,0,0
122000651,0,7,-7
122000664,7,6,1
122000665,0,0,0
122000666,34,23,11
122000673,0,0,0
122000674,32,22,10
122000675,10,13,-3
122000686,61,21,40
122000687,28,2,26
122000688,43,5,38
122000689,102,4,98
122000690,307,2,305
122000691,329,47,282
122000692,4,2,2
122000693,5,12,-7
122000695,0,0,0
122000696,96,7,89
122000698,0,0,0
122000699,19,1,18
122000701,66,8,58
122000702,40,53,-13
122000703,21,9,12
122000717,0,2,-2
122000718,46,149,-103
122000719,1,14,-13
122000720,101,0,101
122000724,0,0,0
122900001,0,0,0
122900002,0,0,0
122900003,0,0,0
122900004,0,0,0
122900005,0,0,0
122900006,0,0,0
122900007,0,0,0
122900008,0,0,0
122900009,0,0,0
122900010,0,0,0
122900012,0,0,0
122900014,0,0,0
122900015,0,0,0
122900016,0,0,0
122900017,0,0,0
122900018,0,0,0
122900020,0,0,0
122900021,0,0,0
122900022,0,0,0
122900023,0,0,0
122900024,0,0,0
122900025,0,0,0
122900026,0,0,0
122900027,0,0,0
122900028,0,0,0
122900029,0,0,0
122900030,0,0,0
122900031,0,0,0
122900032,0,0,0
122900033,0,0,0
122900034,0,0,0
122900035,0,0,0
122900036,0,0,0
122900037,0,0,0
122900038,0,0,0
122900039,0,0,0
122900040,0,0,0
122900041,0,0,0
122900042,0,0,0
122900043,0,0,0
122900044,0,0,0
122900045,0,0,0
122900046,0,0,0
122900047,0,0,0
122900048,0,0,0
122900049,0,0,0
122900051,0,0,0
122900052,0,0,0
122900053,0,0,0
122900055,0,0,0
122900057,0,0,0
122900061,0,0,0
122900062,0,0,0
122900063,0,0,0
122900064,0,0,0
122900065,0,0,0
122900066,0,0,0
122900067,0,0,0
122900069,0,0,0
122900070,0,0,0
122900071,0,0,0
122900073,0,0,0
122900074,0,0,0
122900075,0,0,0
122900076,0,0,0
122900077,0,0,0
122900078,0,0,0
122900080,0,0,0
122900081,0,0,0
122900082,0,0,0
122900083,0,0,0
122900084,0,0,0
122900086,0,0,0
122900087,0,0,0
122900088,0,0,0
122900089,0,0,0
122900090,0,0,0
122900091,0,0,0
122900092,0,0,0
122900093,0,0,0
122900094,0,0,0
122900095,0,0,0
122900096,0,0,0
122900097,0,0,0
122900098,0,0,0
122900099,0,0,0
122900100,0,0,0
122900101,0,0,0
122900102,0,0,0
122900103,0,0,0
122900104,0,0,0
122900105,0,0,0
122900106,0,0,0
122900107,0,0,0
122900108,0,0,0
122900109,0,0,0
123000001,64,21,43
123000002,160,1020,-860
123000003,596,277,319
123000004,52,235,-183
123000005,616,223,393
123000006,193,234,-41
123000007,599,267,332
123000008,29,65,-36
123000009,1674,1344,330
123000010,91,137,-46
123000011,527,640,-113
123000012,28,72,-44
123000013,649,215,434
123000014,3,66,-63
123000015,1093,273,820
123000016,10,64,-54
123000017,684,162,522
123000018,96,0,96
123000019,113,0,113
123000020,20,2,18
123000021,133,0,133
123000022,250,4,246
123000023,191,42,149
123000024,80,71,9
123000025,2,0,2
123000026,0,0,0
123000027,0,0,0
123000028,5,143,-138
123000029,0,0,0
123000030,0,0,0
123000031,32,12,20
123000032,54,34,20
123000033,2,17,-15
123000034,86,25,61
123000035,19,121,-102
123000036,5,357,-352
123000037,0,0,0
123000038,0,0,0
123000039,0,0,0
123000040,0,0,0
123000041,15,392,-377
123000042,0,0,0
123000043,164,147,17
123000044,43,34,9
123000045,0,0,0
123000046,0,0,0
123000047,0,0,0
123000048,0,113,-113
123000049,2677,1073,1604
123000050,101,96,5
123000051,0,2,-2
123000052,189,244,-55
123000053,587,337,250
123000054,81,286,-205
123000055,640,891,-251
123000056,4,22,-18
123000057,36,42,-6
123000058,0,0,0
123000059,0,6,-6
123000060,1,1,0
123000061,0,6,-6
123000063,13,15,-2
123000064,2,2,0
123000065,1,6,-5
123000066,0,13,-13
123000067,0,4,-4
123000068,19,27,-8
123000069,17,47,-30
123000070,0,0,0
123000071,30,22,8
123000072,0,0,0
123000073,177,52,125
123000074,0,0,0
123000075,13,112,-99
123000076,0,0,0
123000077,0,0,0
123000078,322,99,223
123000079,435,164,271
123000080,0,0,0
123000081,0,0,0
123000082,0,0,0
123000083,0,1,-1
123000084,0,0,0
123000085,0,0,0
123000086,0,0,0
123000087,0,0,0
123000088,0,0,0
123000089,211,113,98
123000090,0,0,0
123000091,124,61,63
123000092,0,0,0
123000094,0,8,-8
123000095,52,21,31
123000096,36,6,30
123000097,0,0,0
123000098,68,9,59
123000099,0,0,0
123000100,0,0,0
123000101,64,11,53
123000102,105,64,41
123000104,0,0,0
123000105,0,0,0
123000106,0,0,0
123000107,0,0,0
123000108,0,0,0
123000111,8,1,7
123000112,32,1,31
123000113,0,0,0
123000114,6,33,-27
123000115,18,1,17
123000116,0,0,0
123000117,18,10,8
123000118,0,7,-7
123000119,3,6,-3
123000120,2,14,-12
123000121,0,0,0
123000122,0,0,0
123000123,0,0,0
123000124,0,0,0
123000125,37,133,-96
123000126,114,248,-134
123000127,0,0,0
123000128,0,0,0
123000129,173,22,151
123000130,48,4,44
123000131,112,39,73
123000132,0,0,0
123000133,0,0,0
123000134,0,0,0
123000135,46,23,23
123000136,0,0,0
123000137,0,0,0
123000138,0,0,0
123000139,62,5,57
123000140,0,0,0
123000141,33,5,28
123000142,0,0,0
123000143,0,0,0
123000144,0,0,0
123000145,0,0,0
123000146,0,0,0
123000147,0,0,0
123000149,14,22,-8
123000150,24,20,4
123000151,26,27,-1
123000152,0,1,-1
123000153,0,41,-41
123000154,27,87,-60
123000155,31,25,6
123000156,0,0,0
123000157,15,16,-1
123000158,58,24,34
123000159,112,195,-83
123000160,20,98,-78
123000161,87,17,70
123000162,190,42,148
123000163,22,2,20
123000164,233,10,223
123000165,0,0,0
123000166,0,0,0
123000167,1,1,0
123000168,51,0,51
123000169,124,13,111
123000170,0,0,0
123000171,283,3,280
123000172,0,0,0
123000173,84,39,45
123000174,63,0,63
123000175,0,0,0
123000176,83,2,81
123000177,0,0,0
123000178,172,3,169
123000179,0,0,0
123000180,519,75,444
123000181,0,0,0
123000182,0,0,0
123000183,67,51,16
123000185,206,8,198
123000186,0,0,0
123000187,305,12,293
123000188,405,1,404
123000189,0,0,0
123000190,27,2,25
123000192,0,0,0
123000193,0,0,0
123000194,0,0,0
123000195,309,3,306
123000196,295,0,295
123000197,102,1,101
123000198,0,0,0
123000199,0,0,0
123000200,134,0,134
123000201,388,20,368
123000202,0,0,0
123000203,362,60,302
123000204,0,0,0
123000205,0,0,0
123000206,442,65,377
123000207,0,0,0
123000208,154,18,136
123000209,241,10,231
123000210,0,0,0
123000211,0,0,0
123000212,471,14,457
123000213,254,9,245
123000215,143,139,4
123000216,12,50,-38
123000217,14,4,10
123000218,0,0,0
123000219,48,16,32
123000220,105,9,96
123000221,8,18,-10
123000222,2,6,-4
123000223,42,10,32
123000224,67,32,35
123000225,9,20,-11
123000226,30,0,30
123000227,0,1,-1
123000228,22,6,16
123000229,0,0,0
123000232,0,0,0
123000233,228,13,215
123000234,0,0,0
123000235,139,27,112
123000236,0,1,-1
123000237,77,19,58
123000238,0,0,0
123000239,0,0,0
123000240,0,0,0
123000241,10,13,-3
123000242,0,0,0
123000243,4,43,-39
123000244,8,26,-18
123000245,0,0,0
123000249,0,0,0
123000252,202,108,94
123000253,379,179,200
123000254,8,6,2
123000255,62,80,-18
123000256,0,0,0
123000257,0,0,0
123000258,0,0,0
123000259,3,4,-1
123000260,1,0,1
123000261,0,0,0
123000262,0,0,0
123000263,53,2,51
123000264,2,8,-6
123000265,0,0,0
123000266,3,15,-12
123000267,24,154,-130
123000268,0,0,0
123000269,0,17,-17
123000270,19,2,17
123000271,0,0,0
123000272,195,33,162
123000273,54,495,-441
123000274,162,116,46
123000275,0,0,0
123000278,1,11,-10
123000279,0,22,-22
123000280,14,1,13
123000281,60,9,51
123000282,0,0,0
123000283,4,10,-6
123000284,0,0,0
123000286,0,4,-4
123000287,4,46,-42
123000288,140,107,33
123000289,69,88,-19
123000291,0,0,0
123000294,0,0,0
123000295,262,199,63
123000296,102,289,-187
123000297,0,1,-1
123000298,12,28,-16
123000299,4,46,-42
123000300,66,78,-12
123000301,0,0,0
123000302,94,6,88
123000303,20,68,-48
123000305,0,0,0
123000306,0,0,0
123000309,0,0,0
123000310,12,0,12
123000311,19,17,2
123000312,0,0,0
123000313,71,17,54
123000315,61,17,44
123000316,567,7,560
123000317,0,0,0
123000318,0,0,0
123000329,0,0,0
123000337,196,6,190
123000338,1,8,-7
123000339,0,0,0
123000340,2,12,-10
123000342,0,0,0
123000343,4,1,3
123000344,43,1,42
123000345,3,0,3
123000346,64,19,45
123000352,0,0,0
123000353,0,0,0
123000354,364,1,363
123000355,0,0,0
123000356,59,3,56
123000357,0,0,0
123000359,0,0,0
123000360,131,16,115
123000361,0,0,0
123000362,108,4,104
123000363,37,0,37
123000364,2,8,-6
123000365,0,0,0
123000366,0,72,-72
123000367,0,5,-5
123000370,0,0,0
123000371,109,5,104
123000372,87,4,83
123000373,0,0,0
123000374,0,0,0
123000375,89,3,86
123000376,56,48,8
123000377,136,2,134
123000378,0,0,0
123000379,0,0,0
123000380,0,0,0
123000381,42,20,22
123000382,69,8,61
123000383,0,0,0
123000384,39,2,37
123000385,0,0,0
123000436,1,190,-189
123000507,2,32,-30
123000508,271,796,-525
123000517,0,0,0
123000518,0,0,0
123000519,0,0,0
123000520,0,0,0
123000521,0,0,0
123000522,0,0,0
123000541,2,0,2
123000542,0,0,0
123000565,78,0,78
123000566,4,0,4
123000567,0,0,0
123000573,0,0,0
123000574,20,2,18
123000575,96,16,80
123000576,42,1,41
123000577,0,0,0
123000578,23,5,18
123000579,442,197,245
123000580,8,5,3
123000582,60,0,60
123000583,0,0,0
123000584,29,46,-17
123000585,0,0,0
123000586,36,0,36
123000596,0,0,0
123000597,23,3,20
123000602,0,1,-1
123000603,144,1,143
123000604,29,5,24
123000605,727,4,723
123000606,0,0,0
123000609,0,0,0
123000610,38,21,17
123000613,0,0,0
123000614,37,10,27
123000615,0,0,0
123000616,30,10,20
123000617,0,0,0
123000618,0,0,0
123000619,6,12,-6
123000620,0,0,0
123000622,29,5,24
123000624,34,13,21
123000630,415,36,379
123000631,48,10,38
123000632,0,0,0
123000633,1,412,-411
123000634,0,3,-3
123000635,0,0,0
123000636,0,0,0
123000637,1,0,1
123000638,23,7,16
123000639,189,197,-8
123000640,1,0,1
123000648,94,0,94
123000649,0,0,0
123000650,0,14,-14
123000651,0,0,0
123000652,61,1,60
123000653,0,0,0
123000654,0,0,0
123900001,0,0,0
123900002,0,0,0
123900003,0,0,0
123900005,0,0,0
123900006,0,0,0
124000001,219,25,194
124000002,0,155,-155
124000003,218,20,198
124000004,0,16,-16
124000005,243,13,230
124000006,24,14,10
124000007,133,21,112
124000008,0,0,0
124000009,183,33,150
124000010,0,0,0
124000011,134,50,84
124000012,0,0,0
124000017,169,36,133
124000018,0,0,0
124000019,177,14,163
124000020,0,0,0
124000021,81,6,75
124000022,0,0,0
124000023,30,5,25
124000024,0,0,0
124000025,38,22,16
124000026,0,0,0
124000027,0,0,0
124000028,0,0,0
124000031,290,107,183
124000032,0,22,-22
124000033,205,5,200
124000034,0,28,-28
124000035,27,1,26
124000036,0,9,-9
124000037,6,43,-37
124000038,0,0,0
124000039,54,15,39
124000040,4,94,-90
124000041,89,8,81
124000042,0,6,-6
124000043,45,2,43
124000044,5,12,-7
124000045,156,45,111
124000046,0,0,0
124000047,211,20,191
124000048,0,0,0
124000049,246,23,223
124000050,0,0,0
124000051,143,12,131
124000052,0,0,0
124000053,181,56,125
124000054,0,0,0
124000055,362,86,276
124000056,0,0,0
124000057,154,64,90
124000058,0,0,0
124000059,70,112,-42
124000060,0,0,0
124000061,128,99,29
124000062,0,0,0
124000063,0,0,0
124000064,0,0,0
124000065,0,0,0
124000066,25,1,24
124000067,47,18,29
124000068,0,0,0
124000069,111,30,81
124000070,0,0,0
124000071,65,14,51
124000072,0,0,0
124000073,210,5,205
124000074,0,0,0
124000075,94,40,54
124000076,0,0,0
124000077,0,0,0
124000078,92,156,-64
124000079,0,0,0
124000080,146,54,92
124000081,0,0,0
124000082,1,55,-54
124000083,0,0,0
124000084,27,81,-54
124000085,0,0,0
124000086,0,0,0
124000087,0,0,0
124000088,0,7,-7
124000089,68,6,62
124000090,0,0,0
124000091,52,30,22
124000092,0,0,0
124000093,5,18,-13
124000094,0,0,0
124000095,71,8,63
124000096,0,0,0
124000097,57,19,38
124000098,0,0,0
124000099,37,1,36
124000100,0,0,0
124000101,4,30,-26
124000102,0,0,0
124000103,5,15,-10
124000104,0,0,0
124000105,17,5,12
124000106,0,0,0
124000107,2,7,-5
124000108,0,0,0
124000109,35,27,8
124000110,0,0,0
124000111,111,8,103
124000112,0,0,0
124000113,0,8,-8
124000114,0,0,0
124000115,0,0,0
124000116,29,41,-12
124000117,0,0,0
124000118,0,33,-33
124000119,0,0,0
124000120,89,4,85
124000121,90,49,41
124000122,5,1,4
124000123,273,23,250
124000124,5,12,-7
124000125,158,4,154
124000126,3,18,-15
124000127,156,8,148
124000128,28,6,22
124000129,171,77,94
124000130,45,9,36
124000131,42,92,-50
124000132,64,16,48
124000133,336,46,290
124000134,0,0,0
124000135,291,40,251
124000136,0,0,0
124000137,11,18,-7
124000138,0,0,0
124000139,37,2,35
124000140,0,0,0
124000141,6,0,6
124000142,0,0,0
124000143,1,0,1
124000144,0,0,0
124000145,3,0,3
124000146,0,0,0
124000148,0,0,0
124000149,39,25,14
124000150,0,0,0
124000151,31,15,16
124000152,0,0,0
124000153,100,22,78
124000154,0,0,0
124000155,203,28,175
124000156,0,0,0
124000169,1,36,-35
124000170,0,0,0
124000171,26,9,17
124000172,0,0,0
124000173,4,18,-14
124000174,0,0,0
124000175,0,0,0
124000176,78,58,20
124000177,0,0,0
124000178,36,22,14
124000185,0,0,0
124000186,0,0,0
124000187,0,0,0
124000188,2,0,2
124000190,0,48,-48
124000191,0,0,0
124000192,131,68,63
124000193,0,0,0
124000194,22,9,13
124000195,110,9,101
124000196,0,0,0
124000197,0,0,0
124000198,20,15,5
124000201,0,0,0
124000202,146,4,142
124000203,0,0,0
124000204,205,7,198
124000205,28,0,28
124000206,342,0,342
124000207,0,0,0
124000209,32,2,30
124000210,60,1,59
124000211,350,0,350
124000212,0,0,0
124000213,0,0,0
124000214,160,2,158
124000215,72,17,55
124000216,0,0,0
124000329,0,0,0
124000338,0,0,0
124000339,162,0,162
124000341,196,1,195
124000344,13,2,11
124000357,679,207,472
124000358,974,333,641
124000359,326,95,231
124000360,153,83,70
124000361,566,85,481
124000362,0,0,0
124000363,0,0,0
124000364,0,0,0
124000365,3,79,-76
124000366,3,78,-75
124000367,0,0,0
124000368,33,100,-67
124000369,3,28,-25
124000370,0,0,0
124000402,1,0,1
124000403,20,2,18
124000404,0,0,0
124000405,273,37,236
124000406,4,15,-11
124000407,0,0,0
124000411,0,0,0
124000412,20,16,4
124000413,4,9,-5
124000414,75,12,63
124000415,0,0,0
124000416,0,0,0
124000417,30,5,25
124000418,14,6,8
124000419,0,0,0
124000420,64,5,59
124000421,0,0,0
124000422,0,0,0
124000423,0,0,0
124000424,0,0,0
124000425,1,0,1
124000426,0,0,0
124000427,0,0,0
124000428,0,0,0
124000429,1,0,1
124000430,0,0,0
124000431,0,0,0
124000432,0,3,-3
124000439,33,0,33
124000443,0,0,0
124000445,4,112,-108
124000446,0,0,0
124000447,0,1,-1
124000448,1,0,1
124000449,2,0,2
124000450,0,0,0
124000451,0,0,0
124000452,0,0,0
124000453,969,189,780
124000454,16,399,-383
124000455,0,0,0
124000456,38,0,38
124000457,0,0,0
124000458,0,0,0
124000459,28,0,28
124000460,0,0,0
124900001,0,0,0
124900002,0,0,0
124900003,0,0,0
124900004,0,0,0
124900005,0,0,0
124900006,0,0,0
124900008,0,0,0
124900009,0,0,0
124900010,0,0,0
124900011,0,0,0
124900012,0,0,0
124900013,0,0,0
124900014,0,0,0
124900015,0,0,0
124900016,0,0,0
124900017,0,0,0
124900018,0,0,0
124900020,0,0,0
124900021,0,0,0
124900022,0,0,0
124900024,0,0,0
124900026,0,0,0
124900027,0,0,0
124900028,0,0,0
124900029,0,0,0
124900030,0,0,0
124900031,0,0,0
124900032,0,0,0
124900033,0,0,0
124900034,0,0,0
124900035,0,0,0
124900036,0,0,0
124900037,0,0,0
124900038,0,0,0
124900039,0,0,0
124900040,0,0,0
124900041,0,0,0
124900042,0,0,0
124900043,0,0,0
124900044,0,0,0
124900045,0,0,0
124900047,0,0,0
124900048,0,0,0
124900050,0,0,0
124900052,0,0,0
124900053,0,0,0
124900054,0,0,0
124900055,0,0,0
124900057,0,0,0
124900060,0,0,0
124900061,0,0,0
124900062,0,0,0
124900066,0,0,0
124900067,0,0,0
124900068,0,0,0
124900070,0,0,0
124900072,0,0,0
124900075,0,0,0
124900076,0,0,0
124900077,0,0,0
124900078,0,0,0
124900079,0,0,0
124900080,0,0,0
124900081,0,0,0
124900082,0,0,0
124900083,0,0,0
124900085,0,0,0
124900086,0,0,0
124900087,0,0,0
124900088,0,0,0
124900089,0,0,0
124900090,0,0,0
124900091,0,0,0
124900092,0,0,0
124900093,0,0,0
124900094,0,0,0
124900095,0,0,0
124900096,0,0,0
124900097,0,0,0
124900098,0,0,0
124900099,0,0,0
124900100,0,0,0
124900101,0,0,0
124900102,0,0,0
124900103,0,0,0
124900104,0,0,0
124900105,0,0,0
124900106,0,0,0
124900107,0,0,0
124900108,0,0,0
124900111,0,0,0
124900112,0,0,0
124900113,0,0,0
124900114,0,0,0
124900115,0,0,0
124900116,0,0,0
124900117,0,0,0
124900118,0,0,0
124900119,0,0,0
124900120,0,0,0
124900121,0,0,0
124900122,0,0,0
124900123,0,0,0
124900124,0,0,0
124900125,0,0,0
124900126,0,0,0
204000001,37,1,36
204000002,7,1,6
204000003,2,19,-17
204000004,2,0,2
204000005,500,257,243
204000006,1636,900,736
204000011,0,0,0
204000012,0,0,0
204000019,552,166,386
204000020,101,108,-7
204000021,129,49,80
204000022,493,75,418
204000023,0,0,0
204000031,2,36,-34
204000032,234,8,226
204000034,0,0,0
204000035,0,0,0
204000036,0,0,0
204000037,0,0,0
204000038,0,0,0
204000039,0,0,0
204000040,0,0,0
204000041,0,0,0
204000042,2,6,-4
204000043,4,0,4
204000044,14,0,14
204000045,0,0,0
204000046,0,0,0
204000057,0,0,0
204000062,0,0,0
204000068,0,0,0
204000069,0,0,0
204000070,280,279,1
204000080,0,0,0
204000085,0,0,0
204000086,0,0,0
204000087,0,0,0
204000088,0,0,0
204000090,0,0,0
204000093,335,2,333
204000096,434,157,277
204000097,109,4,105
204000099,580,499,81
204000100,611,331,280
204000105,0,0,0
204000110,0,0,0
204000111,0,0,0
204000112,0,0,0
204000113,0,0,0
204000114,112,179,-67
204000115,39,51,-12
204000116,65,69,-4
204000119,932,418,514
204000132,621,40,581
204000133,628,33,595
204000134,95,39,56
204000135,395,32,363
204000136,357,249,108
204000138,465,70,395
204000140,198,153,45
204000141,222,52,170
204000144,0,7,-7
204000145,34,1,33
204000146,0,0,0
204000147,0,0,0
204000148,167,4,163
204000154,0,2,-2
204000155,0,0,0
204000177,135,41,94
204000179,4,0,4
204000180,0,0,0
204000222,0,0,0
204000235,0,0,0
204000236,2,19,-17
204000238,5,29,-24
204000240,10,1,9
204000263,0,0,0
204000268,544,231,313
204000308,7,3,4
204000317,0,0,0
204000322,0,0,0
204000323,3,1,2
204000328,138,31,107
204000329,0,0,0
204000330,77,1,76
204000331,0,0,0
205000001,0,0,0
205000013,0,0,0
205000014,0,0,0
205000015,0,0,0
205000016,0,0,0
205000017,0,0,0
205000022,0,0,0
205000025,0,0,0
205000029,40,3,37
205000045,0,0,0
205000046,0,0,0
205000047,0,0,0
205000048,0,0,0
205000049,0,0,0
205000050,0,0,0
205000059,0,0,0
205000060,0,0,0
205000061,0,0,0
205000062,0,0,0
205000063,0,0,0
205000064,0,0,0
205000065,0,0,0
205000066,0,0,0
205000067,0,0,0
205000069,0,0,0
205000082,93,32,61
205000110,0,0,0
205000111,0,0,0
205000112,124,39,85
205000113,0,0,0
205000121,174,77,97
205000123,0,0,0
205000126,623,132,491
205000127,805,100,705
205000128,368,13,355
205000129,412,29,383
205000130,169,5,164
205000131,7,1,6
205000132,122,16,106
205000133,3,0,3
205000134,182,1,181
205000137,0,0,0
205000138,0,0,0
205000139,0,0,0
205000144,69,44,25
205000145,86,21,65
205000151,49,51,-2
205000152,99,21,78
205000153,155,23,132
205000154,55,90,-35
205000155,58,4,54
205000207,0,0,0
205000233,15,1,14
205000234,0,0,0
205000243,0,3,-3
205000244,0,0,0
205000245,0,0,0
205000249,0,0,0
205000250,3,4,-1
205000264,0,0,0
206000027,17,5,12
206000028,4,1,3
206000043,0,0,0
206000053,0,0,0
206000054,0,0,0
206000055,0,0,0
206000075,0,0,0
206000076,0,0,0
206000077,0,0,0
206000078,0,0,0
206000079,0,0,0
206000082,139,5,134
206000100,0,0,0
206000103,0,0,0
206000104,0,0,0
206000105,0,0,0
206000106,0,0,0
206000125,85,0,85
206000157,0,0,0
206000170,0,0,0
206000171,0,0,0
206000172,0,0,0
206000173,0,0,0
206000174,0,0,0
206000175,0,0,0
206000176,0,0,0
206000177,0,0,0
206000178,0,0,0
206000179,0,0,0
206000180,0,0,0
206000181,0,0,0
206000182,0,0,0
206000183,0,0,0
206000184,0,0,0
206000185,0,0,0
206000186,0,0,0
206000223,0,0,0
206000226,0,1,-1
206000227,3,1,2
206000237,0,0,0
206000238,0,0,0
206000239,0,0,0
206000240,0,0,0
206000241,0,0,0
206000242,0,0,0
206000243,0,0,0
206000244,0,0,0
206000245,107,1,106
206000246,46,1,45
206000247,22,0,22
206000248,41,3,38
206000252,0,0,0
206000258,0,0,0
206000315,0,0,0
206000317,41,3,38
206000318,31,1,30
206000319,69,2,67
206000320,70,4,66
206000321,8,1,7
206000322,23,1,22
206000323,22,0,22
206000324,17,1,16
206000325,21,0,21
206000326,44,19,25
206000327,16,9,7
206000328,90,1,89
206000329,53,1,52
206000330,4,0,4
206000331,53,0,53
206000332,0,0,0
206000333,80,1,79
206000334,42,1,41
206000335,0,0,0
206000361,0,0,0
206000392,0,0,0
206000405,123,0,123
206000441,53,43,10
206000498,39,0,39
206000515,0,0,0
206000530,9,9,0
206000531,0,25,-25
206000532,45,6,39
206000535,0,0,0
206000536,0,0,0
206000537,0,0,0
206000613,46,2,44
206000784,117,37,80
207000001,0,0,0
207000002,0,0,0
207000003,0,0,0
207000007,244,58,186
207000008,0,0,0
207000009,0,0,0
207000010,0,8,-8
207000012,84,81,3
207000015,6,7,-1
207000019,118,13,105
207000021,259,48,211
207000022,115,8,107
207000023,178,2,176
207000024,0,15,-15
207000025,0,17,-17
207000026,0,0,0
207000027,0,0,0
207000028,0,0,0
207000029,0,0,0
207000033,162,188,-26
207000034,51,34,17
207000039,120,23,97
207000040,247,3,244
207000041,1,3,-2
207000042,143,25,118
207000043,151,33,118
207000051,0,0,0
207000052,0,0,0
207000053,0,0,0
207000054,0,0,0
207000055,0,0,0
207000056,0,0,0
207000057,0,0,0
207000058,0,0,0
207000059,0,0,0
207000060,0,0,0
207000061,21,321,-300
207000062,115,94,21
207000063,115,171,-56
207000064,265,58,207
207000065,252,56,196
207000066,241,52,189
207000067,61,6,55
207000068,118,17,101
207000069,514,40,474
207000082,0,0,0
207000083,4,3,1
207000084,93,33,60
207000085,0,0,0
207000086,0,0,0
207000106,8,0,8
207000107,47,0,47
207000108,24,0,24
207000109,36,0,36
207000110,66,19,47
207000111,180,0,180
207000112,53,30,23
207000114,0,0,0
207000115,0,0,0
207000116,0,0,0
207000117,0,0,0
207000118,0,0,0
207000119,0,0,0
207000123,120,0,120
207000124,85,2,83
207000125,58,2,56
207000126,47,9,38
207000134,0,0,0
207000135,0,0,0
207000148,193,27,166
207000149,0,0,0
207000152,0,0,0
207000153,0,0,0
207000154,209,4,205
207000159,0,0,0
207000160,0,0,0
207000238,0,0,0
207000242,0,0,0
207000248,0,0,0
207000249,0,0,0
207000250,0,0,0
207000251,0,0,0
207000252,0,0,0
207000278,20,32,-12
207000279,0,0,0
207000280,190,7,183
207000281,20,9,11
207000282,0,16,-16
207000283,0,3,-3
207000284,0,0,0
207000285,1,4,-3
207000291,0,0,0
207000304,7,26,-19
207000306,0,0,0
207000310,122,78,44
207000353,3,0,3
207000356,0,0,0
207000357,0,34,-34
207000358,0,6,-6
207000415,0,0,0
207000417,29,0,29
207000418,57,36,21
207000438,0,0,0
207000439,241,46,195
207000446,35,0,35
207000460,0,0,0
207000466,0,0,0
207000467,85,25,60
207000468,0,0,0
207000476,0,0,0
207000477,0,0,0
207000478,0,0,0
207000523,0,0,0
207000524,14,0,14
207000527,210,42,168
207000530,168,0,168
207000531,32,1,31
207000532,26,2,24
207000534,104,5,99
207000535,0,0,0
207000537,0,0,0
207000540,0,0,0
207000541,0,0,0
207000548,0,0,0
207000549,46,3,43
207000561,100,7,93
207000562,0,0,0
207000567,0,0,0
207000568,0,0,0
207000569,0,0,0
207000584,0,0,0
207000585,20,14,6
207000587,128,8,120
207000616,0,0,0
207000617,150,1,149
207000624,15,8,7
207000631,0,4,-4
207900008,0,0,0
208000001,64,140,-76
208000002,138,97,41
208000003,102,150,-48
208000004,222,136,86
208000005,0,0,0
208000019,235,109,126
208000020,281,119,162
208000021,0,0,0
208000022,0,0,0
208000028,0,0,0
208000033,0,0,0
208000034,0,0,0
208000037,147,1,146
208000040,3,49,-46
208000041,197,18,179
208000042,261,25,236
208000047,0,0,0
208000064,474,279,195
208000066,286,202,84
208000070,97,15,82
208000071,158,27,131
208000072,79,79,0
208000080,89,140,-51
208000081,66,20,46
208000082,0,0,0
208000083,0,0,0
208000084,23,8,15
208000085,0,0,0
208000086,0,0,0
208000087,0,0,0
208000089,0,0,0
208000090,0,0,0
208000093,0,0,0
208000094,0,0,0
208000095,1,0,1
208000104,727,98,629
208000105,405,115,290
208000114,102,177,-75
208000115,161,89,72
208000116,181,211,-30
208000117,0,21,-21
208000118,25,18,7
208000155,0,0,0
208000158,0,0,0
208000186,335,268,67
208000204,0,0,0
208000205,0,0,0
208000282,0,0,0
209000004,17,22,-5
209000005,37,1,36
209000006,161,28,133
209000007,0,0,0
209000010,0,0,0
209000011,0,0,0
209000012,0,0,0
209000013,0,0,0
209000014,0,0,0
209000025,174,54,120
209000026,215,22,193
209000027,0,0,0
209000028,0,0,0
209000029,0,0,0
209000030,0,0,0
209000031,0,0,0
209000034,0,0,0
209000035,0,0,0
209000036,0,0,0
209000037,0,0,0
209000038,0,0,0
209000039,0,0,0
209000040,0,0,0
209000041,0,0,0
209000042,0,0,0
209000043,0,0,0
209000044,0,0,0
209000045,258,29,229
209000046,121,17,104
209000047,237,6,231
209000048,282,40,242
209000049,0,0,0
209000050,0,0,0
209000051,0,0,0
209000052,0,0,0
209000062,0,0,0
209000063,0,0,0
209000064,0,0,0
209000065,8,0,8
209000066,15,5,10
209000067,48,11,37
209000080,0,0,0
209000082,1,0,1
209000091,0,0,0
209000093,0,0,0
209000094,0,0,0
209000110,30,38,-8
209000111,121,19,102
209000112,40,21,19
209000113,149,34,115
209000114,42,20,22
209000115,0,0,0
209000116,0,0,0
209000118,2,21,-19
209000119,0,0,0
209000121,0,0,0
209000135,36,31,5
209000142,87,7,80
209000143,0,0,0
209000144,0,0,0
209000229,71,5,66
209000240,0,0,0
209000259,0,0,0
209000260,0,0,0
209000261,0,0,0
209000262,0,0,0
209000263,0,0,0
209000264,0,0,0
209000265,31,0,31
209000266,3,0,3
209000267,309,2,307
209000268,269,5,264
210000037,29,0,29
210000047,45,2,43
210000048,52,0,52
210000049,0,0,0
210000052,0,0,0
210000053,0,0,0
210000054,0,0,0
210000070,52,0,52
210000071,29,0,29
210000072,27,0,27
210000073,0,0,0
210000074,0,0,0
210000075,0,0,0
210000076,0,0,0
210000077,0,0,0
210000078,0,0,0
210000079,29,0,29
210000080,88,11,77
210000081,26,12,14
210000082,1,0,1
210000083,24,0,24
210000084,71,0,71
210000085,0,0,0
210000086,0,0,0
210000099,0,0,0
210000100,0,0,0
210000101,0,0,0
210000105,0,0,0
210000159,0,0,0
210000163,0,0,0
210000164,68,26,42
210000168,13,14,-1
210000187,0,0,0
210000188,0,0,0
210000214,18,0,18
210000219,22,0,22
210000220,20,1,19
210000232,0,0,0
210000233,0,0,0
210000234,0,0,0
210000235,0,0,0
210000245,0,0,0
210000246,15,1,14
210000258,0,0,0
210000259,85,7,78
210000282,0,0,0
210000285,0,0,0
210000286,0,0,0
210000290,0,2,-2
210000295,0,0,0
210000296,0,0,0
210000320,95,0,95
210000321,0,0,0
210000338,0,0,0
210000339,0,0,0
210000340,0,0,0
210000341,0,0,0
210000342,0,0,0
210000343,0,0,0
210000344,0,0,0
210000345,0,0,0
210000346,0,0,0
210000347,0,0,0
210000348,0,0,0
210000349,0,0,0
210000350,0,0,0
210000351,0,0,0
210000352,37,1,36
210000353,99,6,93
210000354,47,19,28
210000355,33,30,3
210000356,2,27,-25
210000357,15,12,3
210000358,7,14,-7
210000359,14,8,6
210000360,145,46,99
210000361,57,83,-26
210000362,99,8,91
210000363,194,37,157
210000364,40,55,-15
210000365,130,6,124
210000366,71,1,70
210000367,48,0,48
210000368,76,0,76
210000369,17,2,15
210000370,60,3,57
210000372,8,13,-5
210000373,2,0,2
210000374,90,1,89
210000375,30,3,27
210000376,95,20,75
210000404,0,0,0
210000439,47,0,47
210000472,8,0,8
210000482,54,1,53
210000564,88,27,61
210000567,0,0,0
210000568,44,1,43
211000092,0,0,0
211000094,0,0,0
211000169,0,0,0
211000172,0,0,0
211000209,0,0,0
211000226,1,0,1
211000270,0,0,0
211000275,0,0,0
211000276,0,0,0
211000279,0,0,0
211000281,0,0,0
211000302,0,0,0
211507980,0,0,0
211977296,0,0,0
212000003,48,7,41
212000004,0,0,0
212000005,0,0,0
212000006,0,0,0
212000008,0,0,0
212000009,0,0,0
212000012,0,0,0
212000013,0,0,0
212000014,0,0,0
212000015,0,0,0
212000016,0,0,0
212000027,532,49,483
212000028,286,106,180
212000029,187,151,36
212000030,19,29,-10
212000031,30,8,22
212000048,0,0,0
212000049,0,0,0
212000050,0,0,0
212000051,0,0,0
212000052,0,0,0
212000053,0,0,0
212000054,155,13,142
212000055,176,36,140
212000056,4,5,-1
212000057,0,24,-24
212000058,6,5,1
212000070,0,0,0
212000077,0,0,0
212000099,194,29,165
212000108,110,31,79
212000111,87,2,85
212000120,0,0,0
212000138,0,0,0
212000156,0,0,0
212000158,2,19,-17
212000159,412,16,396
212000160,348,31,317
212000161,9,18,-9
212000310,0,0,0
212000311,8,12,-4
212000374,0,0,0
213000001,0,0,0
213000005,221,2,219
213000006,157,47,110
213000007,0,0,0
213000009,270,12,258
213000010,306,12,294
213000011,114,0,114
213000012,0,0,0
213000014,42,11,31
213000015,105,0,105
213000016,54,0,54
213000017,23,0,23
213000018,0,0,0
213000019,0,0,0
213000020,0,0,0
213000021,0,0,0
213000023,1047,8,1039
213000033,0,0,0
213000034,136,5,131
213000035,229,19,210
213000045,0,0,0
213000046,0,0,0
213000047,0,0,0
213000056,135,5,130
213000069,1,0,1
213000073,0,0,0
213000074,0,0,0
213000075,386,9,377
213000076,0,0,0
213000085,0,0,0
213000086,0,0,0
213000091,244,0,244
213000092,46,1,45
213000099,0,0,0
213000100,218,43,175
213000101,386,7,379
213000102,490,5,485
213000103,192,2,190
213000104,0,0,0
213000105,0,0,0
213000106,0,0,0
213000107,0,0,0
213000108,0,0,0
213000109,0,0,0
213000110,0,0,0
213000111,0,0,0
213000112,0,0,0
213000115,31,2,29
213000116,0,0,0
213000117,0,0,0
213000118,85,179,-94
213000119,0,0,0
213000120,0,0,0
213000122,0,0,0
213000123,0,0,0
213000124,0,0,0
213000125,69,62,7
213000126,0,0,0
213000127,0,0,0
213000128,0,0,0
213000129,80,37,43
213000130,388,51,337
213000132,260,41,219
213000133,409,128,281
213000134,230,3,227
213000136,153,3,150
213000137,375,4,371
213000139,60,0,60
213000147,0,0,0
213000148,0,0,0
213000149,0,0,0
213000150,0,0,0
213000151,0,0,0
213000152,0,0,0
213000153,0,0,0
213000154,0,0,0
213000155,0,0,0
213000156,0,0,0
213000157,0,0,0
213000158,0,0,0
213000159,234,85,149
213000163,267,139,128
213000165,338,63,275
213000171,0,0,0
213000172,0,0,0
213000173,0,0,0
213000174,0,0,0
213000175,0,0,0
213000176,252,0,252
213000177,0,0,0
213000178,20,0,20
213000179,40,1,39
213000180,162,1,161
213000184,0,0,0
213000188,116,5,111
213000189,174,4,170
213000190,122,1,121
213000191,167,0,167
213000192,99,6,93
213000193,0,0,0
213000194,0,0,0
213000195,0,0,0
213000196,0,0,0
213000197,439,10,429
213000198,0,0,0
213000200,0,0,0
213000201,0,0,0
213000202,0,0,0
213000203,668,61,607
213000204,502,4,498
213000205,170,1,169
213000206,503,2,501
213000207,7,0,7
213000208,2,0,2
213000209,4,0,4
213000210,45,0,45
213000211,0,0,0
213000212,0,0,0
213000213,0,0,0
213000218,12,58,-46
213000219,203,21,182
213000220,48,24,24
213000223,22,59,-37
213000224,2,9,-7
213000225,23,0,23
213000226,35,0,35
213000227,454,16,438
213000228,251,5,246
213000229,5,0,5
213000230,136,0,136
213000232,0,0,0
213000233,0,0,0
213000234,0,0,0
213000293,0,0,0
213000294,6,0,6
213000295,0,0,0
213000296,13,5,8
213000297,0,0,0
213000298,0,0,0
213000299,22,2,20
213000300,0,2,-2
213000303,0,0,0
213000304,0,0,0
213000305,0,16,-16
213000306,0,0,0
213000307,7,3,4
213000308,0,0,0
213000309,63,1,62
213000310,100,35,65
213000311,0,0,0
213000315,0,0,0
213000316,27,0,27
213000322,0,0,0
213000323,0,0,0
213000340,0,0,0
213000341,216,8,208
213000346,12,23,-11
213000347,97,5,92
213000348,0,0,0
213000349,0,0,0
213000350,0,0,0
213000366,0,0,0
213000367,63,1,62
213000379,0,0,0
213000386,0,0,0
213000406,0,0,0
213000417,469,43,426
213000425,0,0,0
213000426,0,0,0
213000427,0,0,0
213000428,0,0,0
213000429,0,0,0
213000430,0,0,0
213000431,0,0,0
213000432,0,0,0
213000433,0,0,0
213000434,0,0,0
213000435,0,0,0
213000439,0,0,0
213000441,0,0,0
213000443,0,0,0
213000445,0,0,0
213000446,0,0,0
213000447,0,0,0
213000448,0,0,0
213000449,0,0,0
213000450,0,0,0
213000451,0,0,0
213000452,0,0,0
213000453,0,0,0
213000455,34,1,33
213000456,0,0,0
213000481,4,0,4
213000482,2,0,2
213000489,23,1,22
213000491,0,0,0
213000492,31,0,31
213000493,0,0,0
213000494,37,20,17
213000495,0,0,0
213000496,513,86,427
213000497,0,0,0
213000498,0,0,0
213000499,0,0,0
213000500,164,15,149
213000501,37,9,28
213000502,3,8,-5
213000503,0,0,0
213000504,0,0,0
213000505,170,31,139
213000506,0,0,0
213000507,0,0,0
213900244,60,0,60
213900245,0,0,0
218000003,0,0,0
218000004,0,0,0
218000005,0,0,0
218000006,0,0,0
218000007,0,0,0
218000012,0,0,0
218000013,0,16,-16
218000014,46,47,-1
218000019,0,0,0
218000020,0,0,0
218000040,1,2,-1
218000046,1,5,-4
218000047,0,5,-5
218000048,10,5,5
218000049,13,21,-8
218000050,5,14,-9
218000051,0,20,-20
218000052,0,27,-27
218000053,0,0,0
218000054,1,5,-4
218000055,10,1,9
218000056,5,29,-24
218000057,0,0,0
218000064,0,0,0
218000065,76,0,76
218000066,3,2,1
218000067,0,0,0
218000068,0,0,0
218000069,0,0,0
218000070,0,0,0
218000071,0,0,0
218000072,0,0,0
218000078,0,0,0
218000079,0,0,0
218000080,0,0,0
218000081,0,0,0
218000082,0,0,0
218000083,0,0,0
218000084,0,0,0
218000085,0,0,0
218000086,0,0,0
218000087,0,0,0
218000090,0,0,0
218000091,167,26,141
218000092,0,0,0
218000093,6,3,3
218000094,0,0,0
218000099,48,48,0
218000100,14,13,1
218000101,17,7,10
218000102,151,35,116
218000103,30,2,28
218000104,14,1,13
218000105,0,0,0
218000106,0,0,0
218000107,0,0,0
218000108,0,0,0
218000112,0,0,0
218000117,16,5,11
218000134,0,0,0
218000135,0,0,0
218000136,0,0,0
218000137,0,0,0
218000138,0,0,0
218000139,0,0,0
218000140,0,0,0
218000141,0,0,0
218000142,0,0,0
218000143,0,0,0
218000144,0,0,0
218000145,0,0,0
218000146,0,0,0
218000151,0,3,-3
218000152,42,3,39
218000170,0,9,-9
218000171,52,0,52
218000172,23,9,14
218000173,0,28,-28
218000174,17,0,17
218000176,96,3,93
218000177,205,6,199
218000178,89,2,87
218000179,236,0,236
218000180,6,0,6
218000181,126,0,126
218000187,0,0,0
218000188,0,0,0
218000189,0,0,0
218000190,0,0,0
218000191,0,0,0
218000192,0,0,0
218000193,0,0,0
218000194,0,0,0
218000195,0,0,0
218000196,0,0,0
218000197,0,0,0
218000198,2,0,2
218000199,0,0,0
218000200,0,0,0
218000201,0,1,-1
218000202,0,0,0
218000207,0,0,0
218000208,0,0,0
218000211,0,0,0
218000213,18,30,-12
218000214,0,10,-10
218000215,12,3,9
218000217,0,20,-20
218000218,14,57,-43
218000219,1,36,-35
218000220,34,63,-29
218000221,173,86,87
218000222,1,23,-22
218000223,42,91,-49
218000224,0,109,-109
218000225,105,89,16
218000226,134,11,123
218000232,0,0,0
218000239,11,0,11
218000240,0,0,0
218000241,0,0,0
218000242,0,0,0
218000243,0,0,0
218000244,0,0,0
218000245,0,0,0
218000246,0,0,0
218000247,0,0,0
218000248,0,0,0
218000249,0,0,0
218000250,0,0,0
218000251,0,0,0
218000252,0,0,0
218000253,0,0,0
218000254,0,0,0
218000255,0,0,0
218000256,0,0,0
218000267,0,0,0
218000268,0,0,0
218000269,0,0,0
218000270,0,0,0
218000271,0,0,0
218000273,13,12,1
218000274,8,0,8
218000275,0,0,0
218000276,0,0,0
218000278,0,0,0
218000279,0,0,0
218000280,0,0,0
218000281,0,0,0
218000282,65,8,57
218000284,140,23,117
218000301,0,0,0
218000302,0,0,0
218000303,0,0,0
218000316,6,10,-4
218000317,0,0,0
218000318,0,0,0
218000319,0,0,0
218000320,0,0,0
218000338,0,2,-2
218000345,0,0,0
218000346,69,7,62
218000459,3,10,-7
218000490,0,0,0
218000501,22,2,20
218000502,0,0,0
218000503,15,3,12
218000504,37,1,36
218000505,0,0,0
218000506,0,0,0
218000508,0,0,0
218000510,12,0,12
218000520,0,0,0
218000521,0,0,0
218000522,0,0,0
218000523,9,0,9
218000524,0,0,0
218000525,31,1,30
218000526,0,0,0
218000529,0,0,0
218000531,52,0,52
218000532,0,0,0
218000534,1,1,0
218000537,16,5,11
218000538,0,0,0
218000540,0,0,0
218000543,0,0,0
218000544,0,0,0
218000545,0,0,0
218000546,0,0,0
218000547,0,0,0
218000548,0,0,0
218000549,115,0,115
218000550,0,0,0
218000551,0,0,0
218000552,60,3,57
218000553,0,0,0
218000554,0,0,0
218000555,19,1,18
218000556,0,0,0
218000557,25,12,13
218000558,24,0,24
218000559,0,0,0
218000560,0,0,0
218000561,0,0,0
218000562,0,0,0
218000563,86,0,86
218000564,0,0,0
218000565,11,0,11
218000566,0,0,0
218000567,0,0,0
218000568,0,0,0
218000569,0,0,0
218000570,0,0,0
218000571,0,0,0
218000572,7,0,7
218000573,0,0,0
218000574,2,0,2
218000575,22,0,22
218000576,0,0,0
218000577,30,0,30
218000578,0,0,0
218000579,0,0,0
218000581,0,0,0
218000582,0,0,0
218000583,0,0,0
218000584,0,0,0
218000585,0,0,0
218000586,0,0,0
218000587,0,0,0
218000588,0,0,0
218000589,0,0,0
218000590,0,0,0
218000591,0,0,0
218000592,0,0,0
218000593,0,0,0
218000594,0,0,0
218000597,0,0,0
218000598,0,0,0
218000599,0,0,0
218000600,0,0,0
218000601,0,0,0
218000602,0,0,0
218000603,0,0,0
218000604,0,0,0
218000605,0,0,0
218000606,0,0,0
218000607,0,0,0
218000608,0,0,0
218000609,0,0,0
218000610,0,0,0
218000611,0,0,0
218000612,0,0,0
218000613,0,0,0
218000614,0,0,0
218000615,0,0,0
218000616,0,0,0
218000617,0,0,0
218000618,0,0,0
218000619,0,0,0
218000620,0,0,0
218000621,0,0,0
218000622,0,0,0
218000623,0,0,0
218000624,0,0,0
218000625,0,0,0
218000626,0,0,0
218000628,58,2,56
218000631,11,0,11
218000632,0,0,0
218000633,1,0,1
218000634,0,0,0
218000635,0,0,0
218000636,0,0,0
218000637,0,0,0
218000638,186,51,135
218000639,0,0,0
218000640,101,14,87
218000641,0,0,0
218000652,8,2,6
218000653,176,12,164
218000663,0,0,0
218000675,0,4,-4
218000680,0,0,0
218000681,88,2,86
218000691,0,0,0
218000693,111,4,107
218000718,0,0,0
218000719,1,17,-16
218000720,0,0,0
218000721,0,0,0
218001147,0,0,0
218001214,0,0,0
218001258,90,0,90
218001329,45,12,33
218001330,0,0,0
218001351,1,4,-3
218001352,0,0,0
218001353,0,1,-1
218001354,0,0,0
218001355,0,0,0
218001356,50,16,34
218001357,0,0,0
218001358,7,0,7
218001361,143,2,141
218001362,0,0,0
219000001,0,0,0
219000002,0,0,0
219000003,25,1,24
219000004,2,29,-27
219000017,0,0,0
219000020,47,0,47
219000022,50,0,50
219000023,40,0,40
219000029,0,0,0
219000034,5,13,-8
219000039,0,0,0
219000040,0,0,0
219000041,0,0,0
219000051,0,0,0
219000052,0,0,0
219000053,0,0,0
219000055,0,0,0
219000056,0,0,0
219000057,0,0,0
219000062,0,0,0
219000063,0,0,0
219000064,0,0,0
219000110,23,8,15
219000111,44,22,22
219000112,42,1,41
219000113,56,0,56
219000114,48,0,48
219000116,0,0,0
219000117,0,0,0
219000118,9,4,5
219000123,43,0,43
219000124,1,0,1
219000125,0,0,0
219000126,0,0,0
219000127,0,0,0
219000128,0,0,0
219000129,0,0,0
219000130,0,0,0
219000131,36,42,-6
219000133,0,1,-1
219000134,1,7,-6
219000135,24,2,22
219000136,13,13,0
219000138,13,0,13
219000139,0,0,0
219000140,6,0,6
219000141,0,0,0
219000142,0,0,0
219000143,0,0,0
219000145,9,0,9
219000146,0,0,0
219000147,0,0,0
219000148,0,0,0
219000149,0,0,0
219000150,0,0,0
219000151,0,0,0
219000157,7,3,4
219000158,2,3,-1
219000161,0,0,0
219000163,8,4,4
219000166,1,22,-21
219000167,0,0,0
219000168,29,5,24
219000174,42,0,42
219000175,0,0,0
219000176,0,0,0
219000177,0,0,0
219000178,0,0,0
219000179,0,0,0
219000180,0,0,0
219000182,23,1,22
219000183,14,0,14
219000184,34,0,34
219000185,0,0,0
219000186,7,0,7
219000187,0,0,0
219000189,0,0,0
219000190,0,0,0
219000191,0,0,0
219000192,42,10,32
219000193,0,0,0
219000195,0,0,0
219000196,0,0,0
219000198,0,0,0
219000199,0,0,0
219000200,0,0,0
219000201,0,0,0
219000203,0,0,0
219000204,0,0,0
219000205,0,0,0
219000207,0,0,0
219000209,0,0,0
219000210,0,0,0
219000213,0,0,0
219000239,0,0,0
219000240,0,0,0
219000241,0,0,0
219000242,0,0,0
219000243,0,0,0
219000244,0,0,0
219000245,0,0,0
219000246,28,15,13
219000247,45,1,44
219000248,88,6,82
219000249,39,5,34
219000250,15,8,7
219000251,32,89,-57
219000252,75,54,21
219000253,44,12,32
219000255,2,24,-22
219000256,18,4,14
219000257,41,0,41
219000262,0,0,0
219000263,0,0,0
219000267,0,0,0
219000268,0,0,0
219000269,0,0,0
219000270,0,0,0
219000271,0,0,0
219000278,0,0,0
219000279,0,0,0
219000283,0,0,0
219000295,0,0,0
219000296,0,0,0
219000297,0,0,0
219000298,0,0,0
219000299,93,1,92
219000300,0,0,0
219000301,0,0,0
219000302,0,0,0
219000307,0,0,0
219000308,0,0,0
219000311,93,1,92
219000312,89,3,86
219000313,85,3,82
219000314,0,0,0
219000315,150,0,150
219000316,115,0,115
219000317,11,0,11
219000320,0,0,0
219000321,0,0,0
219000323,0,0,0
219000325,0,0,0
219000326,0,0,0
219000327,0,0,0
219000328,0,0,0
219000329,0,0,0
219000330,0,0,0
219000331,0,0,0
219000332,0,1,-1
219000333,0,0,0
219000335,0,0,0
219000337,2,0,2
219000338,1,0,1
219000344,0,0,0
219000345,0,0,0
219000346,0,0,0
219000348,0,0,0
219000349,0,0,0
219000350,0,0,0
219000351,0,0,0
219000352,4,17,-13
219000353,1,4,-3
219000354,13,1,12
219000355,3,18,-15
219000356,15,26,-11
219000363,76,1,75
219000364,84,0,84
219000365,6,1,5
219000366,52,4,48
219000368,23,18,5
219000370,17,34,-17
219000371,0,0,0
219000382,0,0,0
219000383,0,0,0
219000385,0,0,0
219000386,0,0,0
219000387,0,0,0
219000390,0,0,0
219000391,0,0,0
219000397,0,0,0
219000398,0,0,0
219000401,0,0,0
219000402,0,0,0
219000403,0,0,0
219000404,0,0,0
219000407,0,0,0
219000409,0,3,-3
219000410,18,0,18
219000411,22,0,22
219000446,0,0,0
219000447,0,0,0
219000448,25,1,24
219000452,0,0,0
219000453,0,0,0
219000454,34,16,18
219000556,37,0,37
219000558,0,0,0
219000590,0,0,0
219000591,23,1,22
219000592,0,0,0
219000595,0,0,0
219000635,34,0,34
219000636,0,0,0
219000657,0,1,-1
219000658,0,0,0
219000673,0,0,0
219000676,2,0,2
219000679,1,0,1
219000684,0,0,0
219000685,0,0,0
219000686,0,0,0
219000688,0,0,0
219000689,0,0,0
219000690,108,1,107
219000691,0,0,0
219000692,47,0,47
219000693,0,0,0
219000694,0,0,0
219000695,0,0,0
219000698,6,0,6
219000699,0,0,0
219000727,0,0,0
219000728,0,0,0
219000770,2,1,1
219000771,0,0,0
219000788,0,0,0
219001150,0,0,0
219001151,0,0,0
219001166,2,1,1
219001167,0,0,0
219001178,34,0,34
220000001,0,7,-7
220000002,0,0,0
220000003,0,0,0
220000004,0,0,0
220000005,0,0,0
220000006,0,0,0
220000007,0,0,0
220000008,0,0,0
220000009,0,0,0
220000010,1,2,-1
220000011,0,6,-6
220000012,0,0,0
220000014,0,0,0
220000015,0,0,0
220000017,0,0,0
220000018,0,0,0
220000019,0,0,0
220000020,1,5,-4
220000021,0,0,0
220000022,1,1,0
220000023,0,1,-1
220000024,1,1,0
220000025,2,8,-6
220000026,3,9,-6
220000027,0,1,-1
220000028,1,25,-24
220000029,0,0,0
220000030,0,0,0
220000031,16,15,1
220000064,0,0,0
221000046,0,0,0
221000047,0,0,0
221000048,0,0,0
221000049,0,0,0
221000050,12,0,12
221000055,34,0,34
221000068,136,13,123
221000069,134,21,113
221000070,136,5,131
221000071,78,0,78
221000072,168,1,167
221000073,63,2,61
221000074,0,0,0
221000075,0,0,0
221000076,0,0,0
221000077,0,0,0
221000081,47,2,45
221000082,45,0,45
221000083,20,1,19
221000084,12,2,10
221000085,0,0,0
221000086,0,0,0
221000087,0,0,0
221000088,0,0,0
221000089,0,0,0
221000090,0,0,0
221000098,101,6,95
221000099,93,5,88
221000100,113,0,113
221000101,124,0,124
221000107,14,0,14
221000108,22,0,22
221000109,0,0,0
221000110,0,0,0
221000111,0,0,0
221000112,0,0,0
221000113,0,0,0
221000114,0,0,0
221000120,0,0,0
221000121,0,16,-16
221000122,0,3,-3
221000123,0,0,0
221000124,0,0,0
221000155,14,13,1
221000156,2,0,2
221000175,0,0,0
221000176,0,0,0
221000182,7,0,7
221000241,382,17,365
221000242,0,0,0
221000243,255,19,236
221000244,0,0,0
221000245,85,17,68
221000246,0,0,0
221000247,146,15,131
221000248,0,0,0
221000267,0,0,0
221000325,0,0,0
221000331,0,0,0
221000338,0,3,-3
221000378,110,5,105
221000381,0,0,0
222000282,0,0,0
222000296,0,0,0
222000568,78,0,78
222000569,67,2,65
222000570,13,0,13
222000571,235,1,234
222000577,0,0,0
222000578,0,0,0
222000579,0,0,0
222000580,1,0,1
222000599,0,0,0
222000600,0,0,0
222000601,0,0,0
222000603,0,0,0
222000604,0,0,0
222000605,0,0,0
222000606,0,0,0
222000607,0,0,0
222000608,0,0,0
222000609,0,0,0
222000616,48,1,47
222000617,1,0,1
222000618,0,0,0
222000620,0,0,0
222000621,29,0,29
222000623,166,0,166
222000624,169,0,169
222000625,219,2,217
222000636,4,1,3
222000686,18,0,18
222000687,2,0,2
222001066,143,0,143
222001067,24,0,24
222001068,6,0,6
222001069,0,0,0
222001082,0,0,0
222001083,0,0,0
222001084,0,0,0
222001085,0,0,0
222001111,0,0,0
222001112,9,2,7
222001313,0,0,0
222001314,0,0,0
222001464,10,1,9
222001465,0,0,0
222001484,6,0,6
222001485,0,0,0
222001494,88,0,88
222001495,1,0,1
222001496,42,0,42
222001497,1,0,1
222001502,0,0,0
222001503,12,2,10
222001504,0,0,0
222001505,116,0,116
222001506,0,0,0
222001507,70,0,70
222001510,113,1,112
222001511,0,0,0
222001514,103,4,99
222001515,0,0,0
222001518,96,9,87
222001519,0,0,0
222001527,10,3,7
222001528,0,0,0
222001529,188,27,161
222001530,0,0,0
222001533,0,0,0
222001534,248,0,248
222001535,9,10,-1
222001536,0,0,0
222001537,17,1,16
222001538,0,0,0
222001563,213,1,212
222001564,0,0,0
222001568,3,0,3
222001576,0,0,0
222001579,0,0,0
222001583,0,0,0
222001584,1,0,1
222001596,0,0,0
222001597,109,33,76
222001626,0,0,0
222001650,0,6,-6
222001651,0,0,0
222001914,42,3,39
222001915,0,0,0
222001968,36,3,33
222001969,0,0,0
222001970,2,0,2
222001971,3,0,3
222001972,0,0,0
225000001,95,53,42
225000002,127,17,110
225000003,110,6,104
225000004,126,31,95
225000005,46,26,20
225000006,0,0,0
225000007,0,0,0
225000010,14,0,14
225000011,39,187,-148
225000012,63,86,-23
225000013,93,14,79
225000014,41,9,32
225000015,0,0,0
225000021,169,35,134
225000027,0,0,0
225000032,130,41,89
225000042,0,0,0
225000049,0,0,0
225000050,9,1,8
225000053,0,0,0
225000058,145,23,122
225000067,0,0,0
225000068,0,0,0
225000069,0,0,0
225000070,0,0,0
225000071,0,0,0
225000075,0,0,0
225000076,0,0,0
225000078,1,24,-23
225000085,20,0,20
225000086,7,0,7
225000087,134,1,133
225000088,0,0,0
225000089,0,0,0
225000090,0,0,0
225000091,0,0,0
225000092,0,0,0
225000093,0,0,0
225000094,0,0,0
225000095,0,0,0
225000096,0,0,0
225000098,121,38,83
225000099,212,15,197
225000100,35,48,-13
225000104,0,0,0
225000110,0,0,0
225000111,0,0,0
225000112,0,0,0
225000113,0,0,0
225000114,0,0,0
225000115,0,0,0
225000116,67,40,27
225000117,181,111,70
225000118,305,35,270
225000119,36,4,32
225000120,158,7,151
225000121,100,2,98
225000123,628,20,608
225000125,81,35,46
225000126,185,41,144
225000127,211,78,133
225000128,283,95,188
225000132,0,0,0
225000133,0,0,0
225000134,78,57,21
225000135,23,0,23
225000136,23,0,23
225000137,8,2,6
225000138,149,0,149
225000143,0,0,0
225000144,0,0,0
225000145,55,3,52
225000146,0,0,0
225000147,0,0,0
225000148,0,0,0
225000149,0,0,0
225000151,0,0,0
225000155,0,0,0
225000156,0,0,0
225000157,0,0,0
225000158,0,0,0
225000171,0,0,0
225000180,20,0,20
225000181,0,0,0
225000182,38,6,32
225000185,0,0,0
225000187,0,0,0
225000191,37,0,37
225000194,0,0,0
225000208,0,0,0
225000209,68,27,41
225000210,0,0,0
225000217,0,0,0
225000218,3,0,3
225000223,0,0,0
225000224,5,1,4
225000225,0,0,0
225000226,409,6,403
225000227,0,0,0
225000228,4,6,-2
225000229,0,0,0
225000230,2,0,2
225000231,0,0,0
225000232,66,0,66
225000241,122,0,122
225000242,0,0,0
225000249,16,0,16
225000250,0,0,0
225000251,0,0,0
226000042,0,0,0
226000043,0,0,0
226000044,0,0,0
226000045,0,0,0
226000046,220,0,220
226000047,77,5,72
226000048,93,1,92
226000049,53,75,-22
226000070,0,0,0
226000071,0,0,0
226000072,0,0,0
226000073,0,0,0
226000074,0,0,0
226000084,0,0,0
226000085,0,0,0
226000086,0,0,0
226000087,0,0,0
226000088,0,0,0
226000090,2,2,0
226000091,0,2,-2
226000092,0,0,0
226000093,1,0,1
226000094,0,22,-22
226000095,1,48,-47
226000105,0,0,0
226000106,1,0,1
226000107,0,0,0
226000108,0,0,0
226000109,16,0,16
226000124,47,1,46
226000134,61,77,-16
226000135,89,22,67
226000136,5,6,-1
226000137,0,0,0
226000138,0,0,0
226000139,0,0,0
226000156,86,0,86
226000157,82,0,82
226000163,0,0,0
226000202,0,0,0
226000231,198,0,198
226000232,0,0,0
227000033,8,0,8
227000037,81,0,81
227000038,17,0,17
227000049,0,0,0
227000050,0,0,0
227000055,2,0,2
227000056,0,0,0
227000084,0,0,0
227000085,0,0,0
227000088,2,0,2
227000089,1,0,1
227000090,2,0,2
227000091,13,0,13
227000093,1,0,1
227000094,1,0,1
227000130,0,0,0
227000131,0,0,0
227000132,0,0,0
227000133,0,0,0
227000134,0,0,0
227000152,0,0,0
227000153,0,0,0
227000155,0,0,0
227000156,0,0,0
227000165,0,0,0
227000196,0,0,0
227000199,112,2,110
227000230,0,0,0
227000232,36,8,28
227000241,172,0,172
227000242,0,0,0
227000243,135,2,133
227000244,35,0,35
227000245,0,0,0
227000246,0,0,0
227000247,140,7,133
227000248,16,8,8
227000249,0,0,0
227000250,0,2,-2
227000251,0,0,0
227000252,0,0,0
227000253,104,0,104
227000262,255,5,250
227000266,90,1,89
227000267,0,0,0
227000486,5,27,-22
227000655,87,1,86
227000661,91,6,85
227000680,0,0,0
229000265,2,0,2
229000296,0,0,0
229000297,0,0,0
229000298,0,0,0
229000320,1,0,1
229000321,0,0,0
229000412,0,0,0
229000414,0,1,-1
229000415,0,0,0
229000416,0,0,0
229000417,0,0,0
229000419,0,1,-1
229000440,80,0,80
229000442,0,0,0
229000443,0,0,0
229000444,0,0,0
229000445,5,0,5
229000446,24,0,24
229000847,0,0,0
229000848,0,0,0
229000849,0,0,0
229000851,0,0,0
229000854,0,0,0
229000856,0,0,0
229000857,0,0,0
229000858,0,0,0
229000919,0,0,0
229000930,0,0,0
229000937,63,0,63
229000966,7,1,6
229000981,0,0,0
229000985,0,0,0
229000986,0,0,0
229000987,0,0,0
229000988,0,0,0
229000989,0,0,0
229000990,0,0,0
229000991,0,0,0
229000992,0,0,0
229000993,9,0,9
229000998,0,0,0
229000999,10,0,10
229001034,0,0,0
229001035,0,0,0
229001037,0,0,0
229001042,0,0,0
229001047,0,0,0
229001050,22,0,22
229001200,1,0,1
229001338,0,0,0
229001394,134,0,134
229001422,97,13,84
229001423,0,0,0
229001431,65,1,64
229001432,0,0,0
229001444,49,0,49
229001445,0,0,0
229001503,57,1,56
229001504,0,0,0
229001505,89,15,74
229001506,0,0,0
229001509,0,0,0
229001545,26,0,26
229001546,0,0,0
229001553,10,0,10
229001554,0,0,0
229001559,0,0,0
229001560,0,0,0
229001630,0,0,0
229001631,0,0,0
229001635,0,0,0
229001636,0,0,0
229001658,0,0,0
229001659,16,0,16
229001660,0,0,0
229001661,0,0,0
229001662,2,0,2
229001663,0,0,0
229002584,70,1,69
229002831,1,1,0
229002841,0,0,0
229002842,0,1,-1
229002843,0,0,0
229002844,0,0,0
229002845,0,0,0
229002846,0,0,0
229002847,0,0,0
229002848,0,0,0
229002849,0,0,0
229002850,24,0,24
229002851,0,10,-10
229002852,3,0,3
229002853,5,3,2
229002854,2,0,2
229002855,0,0,0
229002856,1,0,1
229002857,0,0,0
229002858,0,1,-1
229002859,0,0,0
229002860,2,0,2
229002861,2,17,-15
229002862,0,0,0
229002863,0,0,0
229002864,1,2,-1
229002865,0,0,0
229002866,0,11,-11
229002867,0,0,0
229002868,3,0,3
229002869,0,0,0
229002870,1,0,1
235000066,154,0,154
235000067,39,0,39
235000072,0,0,0
235000073,0,0,0
235000074,0,0,0
235000080,0,0,0
235000081,0,0,0
235000082,88,1,87
235000083,66,2,64
235000084,5,0,5
235000085,114,3,111
235000089,14,0,14
235000092,0,0,0
235000093,0,0,0
235000097,0,2,-2
235000098,53,0,53
235000099,4,1,3
235000116,17,0,17
235000117,77,0,77
235000133,0,0,0
235000134,0,0,0
235000206,0,1,-1
235000207,0,0,0
235000208,0,0,0
235000209,0,0,0
235000210,0,0,0
235000212,0,0,0
235000213,0,0,0
235000220,0,0,0
235000221,0,0,0
235000238,2,107,-105
235000239,0,1,-1
235000242,7,286,-279
235000245,0,0,0
235000246,0,0,0
235000284,0,0,0
235000295,5,1,4
235000305,35,18,17
235000306,87,0,87
235000307,38,0,38
235000308,0,0,0
235000309,0,0,0
235000310,0,0,0
235000311,6,0,6
235000322,0,0,0
235000323,0,0,0
235000324,0,0,0
235000325,0,0,0
235000326,0,0,0
235000351,0,0,0
235000352,0,0,0
235000353,0,0,0
235000354,0,0,0
235000355,0,0,0
235000356,16,0,16
235000357,0,2,-2
235000358,0,0,0
235000359,1,2,-1
235000360,0,0,0
235000361,9,1,8
235000381,0,0,0
235000382,66,2,64
235000390,0,0,0
235000391,80,0,80
235000392,105,7,98
235000393,50,22,28
235000395,61,5,56
235000396,296,13,283
235000400,10,8,2
235000401,0,0,0
235000405,0,0,0
235000406,0,0,0
235000407,0,0,0
235000409,0,0,0
235000410,0,0,0
235000411,0,0,0
235000485,0,0,0
235000486,16,0,16
235000549,8,30,-22
235000550,0,0,0
235000599,0,0,0
235000600,0,0,0
235000601,0,0,0
235000602,15,1,14
235000614,0,0,0
235000648,0,0,0
235000649,64,0,64
235000685,0,0,0
235000815,0,0,0
235000834,0,0,0
235000855,48,4,44
235000862,0,0,0
235000891,0,0,0
235000892,5,0,5
235000901,0,0,0
235000907,0,0,0
235001010,30,0,30
235001029,0,0,0
235001030,213,2,211
235001078,51,20,31
235001079,0,0,0
235001147,19,4,15
235001166,2,1,1
235001167,0,0,0
235001169,0,0,0
235001188,0,0,0
235001189,4,0,4
235001197,0,0,0
235001200,0,0,0
235001207,170,19,151
235001210,0,0,0
235001215,0,0,0
235001239,0,0,0
235001244,0,0,0
235016267,0,0,0
277102712,0,0,0
277103813,0,0,0
277104249,0,0,0
277104250,0,0,0
277104251,0,0,0
277104252,0,0,0
990011530,0,0,0
990014944,0,0,0
990015176,17,0,17
990016032,0,0,0
990032570,0,0,0
990070001,39,0,39
990070103,0,0,0
990070601,0,0,0
990070751,0,0,0
990070766,0,0,0
990071180,288,0,288
990071343,5,0,5
990071387,0,0,0
990071823,22,8,14
990072600,0,0,0
990072964,0,0,0
990073285,0,0,0
990074393,0,0,0
990074870,441,4,437
990075106,135,3,132
990075746,159,2,157
990076437,1163,15,1148
990076458,0,0,0
997000007,187,1,186
997000041,0,0,0
997000058,40,1,39
997000062,9,0,9
997000069,0,0,0
997000070,0,0,0
997000100,0,0,0
997000141,0,0,0
997000198,0,0,0
998000475,0,0,0
998000736,0,0,0
998000965,0,0,0
998001031,0,0,0
998001700,0,0,0
998001899,0,0,0
998001900,20,62,-42
998003073,332,41,291
998101900,0,27,-27
998102850,0,0,0
998501927,158,1,157
998501929,466,15,451
998501930,59,1,58
998501931,182,2,180
998501932,1,0,1
998501933,346,3,343
998501937,30,13,17
998501944,3,0,3
998501950,0,0,0
998501970,37,0,37
998501971,0,49,-49
998501973,0,0,0
998501974,0,0,0
998501975,83,1,82
998501976,15,0,15
998501977,0,1,-1
998501978,1,0,1
998501979,0,0,0
998501980,68,1,67
998501981,62,2,60
998501982,0,0,0
998501983,0,0,0
998502006,0,0,0
998502024,0,0,0
998502032,0,0,0
998502062,1,4,-3
998502063,0,0,0
998502173,0,0,0
998502269,0,0,0
998502546,0,0,0
998502578,0,0,0
998502599,0,0,0
998502621,0,0,0
998601159,0,0,0
998601292,0,0,0
999033574,0,0,0
999800001,21,1,20
999800002,0,0,0
999800003,6,0,6
999800004,0,0,0
999800005,0,0,0
