ID,insum,outsum,diff
100000001,91,55,36
100000002,1443,2114,-671
100000003,1043,2115,-1072
100000004,88,573,-485
100000005,759,1282,-523
100000006,4,20,-16
100000007,101,112,-11
100000008,0,0,0
100000009,4,24,-20
100000010,0,17,-17
100000011,3,9,-6
100000012,0,0,0
100000013,0,0,0
100000014,0,0,0
100000015,141,189,-48
100000016,0,0,0
100000017,0,0,0
100000018,38,44,-6
100000019,123,302,-179
100000020,41,236,-195
100000021,0,0,0
100000022,50,146,-96
100000023,15,0,15
100000025,3,13,-10
100000028,15,15,0
100000029,0,0,0
100000030,0,0,0
100000031,107,382,-275
100000032,100,174,-74
100000033,93,172,-79
100000034,0,0,0
100000035,26,110,-84
100000036,51,51,0
100000037,43,28,15
100000038,200,43,157
100000039,85,1,84
100000040,2,18,-16
100000041,51,36,15
100000042,104,53,51
100000043,38,43,-5
100000044,0,0,0
100000045,0,0,0
100000046,0,0,0
100000047,0,0,0
100000048,0,0,0
100000049,0,0,0
100000051,0,0,0
100000053,2,0,2
100000054,7,3,4
100000055,0,0,0
100000056,6,34,-28
100000057,89,34,55
100000058,0,0,0
100000059,2,3,-1
100000060,103,39,64
100000061,114,50,64
100000062,73,78,-5
100000063,110,45,65
100000064,165,22,143
100000065,32,0,32
100000066,14,0,14
100000067,5,10,-5
100000068,2,20,-18
100000069,8,8,0
100000072,0,0,0
100000073,0,0,0
100000075,0,0,0
100000076,201,798,-597
100000077,28,90,-62
100000078,6,228,-222
100000079,1,99,-98
100000080,0,62,-62
100000081,1,28,-27
100000102,356,1244,-888
100000103,103,92,11
100000104,90,109,-19
100000105,0,1,-1
100000106,143,1326,-1183
100000107,9,361,-352
100000108,3,14,-11
100000109,95,20,75
100000116,77,189,-112
100000117,0,70,-70
100000118,340,56,284
100000119,119,30,89
100000121,33,17,16
100000122,90,119,-29
100000123,255,87,168
100000124,76,77,-1
100000125,19,53,-34
100000126,6,22,-16
100000127,0,3,-3
100000128,0,11,-11
100000129,27,19,8
100000130,0,0,0
100000131,2,3,-1
100000132,5,121,-116
100000133,267,116,151
100000135,73,109,-36
100000139,50,84,-34
100000140,0,0,0
100000142,91,59,32
100000143,0,0,0
100000144,0,0,0
100000147,294,876,-582
100000150,0,14,-14
100000151,109,500,-391
100000153,0,0,0
100000154,0,0,0
100000155,1,74,-73
100000156,5,147,-142
100000157,213,71,142
100000158,35,58,-23
100000159,9,64,-55
100000165,61,12,49
100000169,0,0,0
100000174,0,0,0
100000179,0,8,-8
100000180,0,0,0
100000181,1,1,0
100000188,0,0,0
100000189,117,33,84
100000190,26,213,-187
100000191,28,172,-144
100000192,6,218,-212
100000193,39,36,3
100000330,0,0,0
100000355,14,5,9
100000362,108,72,36
100000363,1772,2351,-579
100000364,0,0,0
100000365,2477,1180,1297
100000366,371,231,140
100000367,2240,1697,543
100000368,79,48,31
100000369,19,782,-763
100000370,0,21,-21
100000376,0,0,0
100000379,103,603,-500
100000380,900,1768,-868
100000384,1195,2177,-982
100000385,101,737,-636
100000386,379,1130,-751
100000387,285,1201,-916
100000388,1196,1001,195
100000389,1211,1950,-739
100000390,510,292,218
100000391,523,1904,-1381
100000392,148,220,-72
100000393,130,663,-533
100000394,124,318,-194
100000395,72,219,-147
100000396,218,290,-72
100000397,327,639,-312
100000398,1847,850,997
100000413,0,0,0
100900002,0,0,0
100900003,0,0,0
100900004,0,0,0
100900005,0,0,0
100900006,0,0,0
100900007,0,0,0
100900008,0,0,0
100900009,0,1,-1
100900010,0,0,0
100900011,0,0,0
100900012,0,0,0
100900013,0,0,0
100900014,0,0,0
100900015,0,0,0
100900016,0,0,0
100900017,0,0,0
100900018,0,0,0
100900019,0,0,0
100900020,0,0,0
100900021,0,0,0
100900022,0,0,0
100900023,0,0,0
100900024,0,0,0
100900025,0,0,0
100900026,0,0,0
100900027,0,0,0
100900028,0,0,0
100900029,0,0,0
100900030,0,0,0
100900031,0,0,0
100900032,0,0,0
100900033,0,0,0
100900034,0,0,0
100900035,0,0,0
100900036,0,0,0
100900037,0,0,0
100900038,0,0,0
100900039,0,0,0
100900040,0,0,0
100900041,0,0,0
100900042,2,1,1
100900043,0,0,0
100900044,0,0,0
100900045,0,0,0
100900046,0,0,0
100900047,0,0,0
100900048,0,0,0
100900049,0,0,0
100900050,0,0,0
100900051,0,0,0
100900052,0,0,0
100900053,0,0,0
100900054,0,0,0
100900055,0,0,0
100900056,0,0,0
100900057,0,0,0
100900058,0,0,0
100900059,0,0,0
100900060,0,0,0
100900061,0,0,0
100900062,0,0,0
100900063,0,0,0
100900064,0,0,0
100900065,0,0,0
100900066,0,0,0
100900067,0,0,0
100900068,0,0,0
100900069,0,0,0
100900070,0,0,0
100900071,0,0,0
100900072,0,0,0
100900073,0,0,0
100900074,0,0,0
100900075,0,0,0
100900076,0,0,0
100900077,0,0,0
100900078,0,0,0
100900079,0,0,0
100900080,0,0,0
100900081,0,0,0
100900082,0,0,0
100900083,0,0,0
100900085,0,0,0
100900086,0,0,0
100900088,0,0,0
100900089,0,0,0
100900090,0,0,0
100900091,0,0,0
100900092,0,0,0
100900093,0,0,0
100900094,0,0,0
100900095,0,0,0
100900096,0,0,0
100900097,0,0,0
100900098,0,0,0
100900099,0,0,0
100900100,0,0,0
100900101,0,0,0
100900102,0,0,0
100900103,0,0,0
100900104,0,0,0
100900105,0,0,0
100900106,0,0,0
100900107,0,0,0
100900108,0,0,0
100900109,0,0,0
100900110,0,0,0
100900111,0,0,0
100900112,0,0,0
100900113,0,0,0
100900114,0,0,0
100900115,0,0,0
100900116,0,0,0
100900117,0,0,0
100900118,0,0,0
100900119,0,0,0
100900120,0,0,0
100900121,0,0,0
100900122,0,0,0
100900123,0,0,0
100900124,0,0,0
100900125,0,0,0
100900126,0,0,0
100900127,0,0,0
100900128,0,0,0
100900129,0,0,0
100900131,0,0,0
100900133,0,0,0
100900134,0,0,0
100900135,0,0,0
100900137,0,0,0
100900138,0,0,0
100900139,0,0,0
100900140,0,0,0
100900141,0,0,0
100900142,0,0,0
100900143,0,0,0
100900144,0,0,0
100900145,0,0,0
100900146,0,0,0
100900147,0,0,0
100900148,0,0,0
100900149,0,0,0
100900150,0,0,0
100900151,0,0,0
100900152,0,0,0
100900153,0,0,0
100900154,0,0,0
100900155,0,0,0
100900156,0,0,0
100900157,0,0,0
100900159,0,0,0
100900160,0,0,0
100900161,0,0,0
100900162,0,0,0
100900163,0,0,0
100900164,0,0,0
100900165,0,0,0
100900166,0,0,0
100900167,0,0,0
100900168,0,0,0
100900169,0,0,0
100900170,0,0,0
100900171,0,0,0
100900172,0,0,0
100900173,0,0,0
100900174,0,0,0
100900176,0,0,0
100900177,0,0,0
100900178,0,0,0
100900179,0,0,0
100900180,0,0,0
100900181,0,0,0
100900182,0,0,0
100900184,0,0,0
100900186,0,0,0
100900187,0,0,0
100900188,0,0,0
100900189,0,0,0
100900191,0,0,0
100900192,0,0,0
100900195,0,0,0
100900197,0,0,0
100900198,0,0,0
100900199,0,0,0
100900200,0,0,0
100900201,0,0,0
100900202,0,0,0
100900203,0,0,0
100900204,0,0,0
100900205,0,0,0
100900206,0,0,0
100900207,0,0,0
100900210,0,0,0
100900211,0,0,0
100900213,0,0,0
100900214,0,0,0
100900215,0,0,0
100900217,0,0,0
101000001,88,244,-156
101000002,39,104,-65
101000003,1,43,-42
101000004,1639,2456,-817
101000006,305,201,104
101000007,16,300,-284
101000008,223,679,-456
101000009,150,42,108
101000010,74,33,41
101000011,24,65,-41
101000012,0,0,0
101000013,20,120,-100
101000014,40,117,-77
101000015,16,7,9
101000016,0,0,0
101000017,0,0,0
101000018,80,13,67
101000020,105,34,71
101000021,12,95,-83
101000022,0,0,0
101000023,57,230,-173
101000025,0,0,0
101000026,0,0,0
101000027,59,180,-121
101000028,0,0,0
101000029,0,0,0
101000030,0,0,0
101000031,0,7,-7
101000032,433,956,-523
101000033,5,12,-7
101000034,31,97,-66
101000035,0,0,0
101000036,5,33,-28
101000037,56,304,-248
101000039,0,0,0
101000040,41,159,-118
101000041,755,1735,-980
101000042,16,185,-169
101000043,15,143,-128
101000045,53,212,-159
101000046,214,384,-170
101000047,340,288,52
101000048,61,68,-7
101000049,0,7,-7
101000050,39,178,-139
101000051,43,385,-342
101000052,148,554,-406
101000053,134,161,-27
101000054,181,61,120
101000055,247,520,-273
101000056,0,0,0
101000057,12,0,12
101000058,69,367,-298
101000059,250,1131,-881
101000060,10,1,9
101000061,75,1069,-994
101000062,9,1,8
101000063,67,567,-500
101000064,14,0,14
101000065,57,270,-213
101000066,69,252,-183
101000067,10,1,9
101000068,53,113,-60
101000069,77,6,71
101000070,100,3,97
101000071,51,58,-7
101000072,521,434,87
101000073,193,179,14
101000074,1005,354,651
101000075,1138,255,883
101000077,275,101,174
101000078,132,54,78
101000079,228,174,54
101000080,64,4,60
101000081,291,85,206
101000082,36,17,19
101000083,291,163,128
101000084,20,9,11
101000085,395,259,136
101000086,0,0,0
101000087,0,0,0
101000088,334,143,191
101000089,142,92,50
101000090,0,0,0
101000091,4,3,1
101000092,282,38,244
101000093,166,43,123
101000094,19,11,8
101000095,3,13,-10
101000096,93,24,69
101000097,5,4,1
101000098,1,5,-4
101000099,18,128,-110
101000100,8,4,4
101000101,75,39,36
101000102,26,101,-75
101000103,74,75,-1
101000104,18,126,-108
101000105,5,47,-42
101000106,0,0,0
101000107,0,0,0
101000108,0,0,0
101000109,0,0,0
101000110,0,0,0
101000111,0,0,0
101000113,0,0,0
101000114,65,89,-24
101000115,0,0,0
101000116,0,0,0
101000117,0,0,0
101000119,0,0,0
101000120,0,0,0
101000121,0,0,0
101000122,0,0,0
101000123,0,0,0
101000124,0,0,0
101000125,2,4,-2
101000128,0,0,0
101000130,27,12,15
101000131,52,21,31
101000132,5,9,-4
101000135,0,0,0
101000136,0,0,0
101000137,0,0,0
101000141,232,1638,-1406
101000147,3,10,-7
101000148,0,0,0
101000149,0,0,0
101000150,0,0,0
101000151,0,0,0
101000152,4,1,3
101000153,15,16,-1
101000154,26,12,14
101000155,0,0,0
101000156,0,0,0
101000157,0,0,0
101000160,0,0,0
101000163,24,154,-130
101000164,1,0,1
101000165,75,69,6
101000166,25,17,8
101000168,0,0,0
101000252,322,95,227
101000254,0,0,0
101000258,0,0,0
101000261,0,0,0
101000262,223,1938,-1715
101000263,38,258,-220
101000265,0,0,0
101000266,0,0,0
101000269,0,0,0
101000290,68,104,-36
101000293,0,0,0
101000294,20,9,11
101000295,16,15,1
101000301,7,8,-1
101000304,103,546,-443
101000305,378,319,59
101000328,22,151,-129
101900001,0,0,0
101900002,0,0,0
101900003,0,0,0
101900004,0,0,0
101900005,0,0,0
101900006,0,0,0
101900007,0,0,0
101900008,0,0,0
101900009,0,0,0
101900010,0,0,0
101900011,0,0,0
101900012,0,0,0
101900013,0,0,0
101900017,0,0,0
101900018,0,0,0
101900019,0,0,0
101900020,0,0,0
101900021,0,0,0
101900022,0,0,0
101900023,0,0,0
101900026,0,0,0
101900027,0,0,0
102000001,240,510,-270
102000002,68,74,-6
102000003,75,297,-222
102000004,118,352,-234
102000005,70,287,-217
102000006,18,321,-303
102000007,28,415,-387
102000008,316,245,71
102000009,358,528,-170
102000010,312,312,0
102000011,174,542,-368
102000012,372,334,38
102000018,89,127,-38
102000019,0,0,0
102000026,0,0,0
102000029,0,0,0
102000030,0,0,0
102000031,0,1,-1
102000032,0,0,0
102000033,0,0,0
102000034,0,0,0
102000035,0,0,0
102000036,0,0,0
102000037,0,0,0
102000038,0,0,0
102000039,0,0,0
102000040,0,0,0
102000041,0,0,0
102000042,0,0,0
102000043,0,0,0
102000044,0,0,0
102000045,64,39,25
102000046,0,0,0
102000047,31,42,-11
102000048,0,0,0
102000049,0,0,0
102000050,128,88,40
102000051,0,0,0
102000052,113,90,23
102000053,0,0,0
102000054,80,13,67
102000055,84,1,83
102000056,354,43,311
102000057,32,115,-83
102000058,43,1,42
102000059,44,35,9
102000060,453,383,70
102000061,2,3,-1
102000062,205,191,14
102000063,11,2,9
102000064,8,39,-31
102000065,0,3,-3
102000066,14,21,-7
102000067,16,119,-103
102000068,303,294,9
102000069,0,0,0
102000070,0,0,0
102000071,696,469,227
102000072,333,348,-15
102000073,0,0,0
102000074,0,0,0
102000075,0,0,0
102000076,0,0,0
102000077,0,0,0
102000078,0,0,0
102000079,1,1,0
102000080,0,0,0
102000081,31,3,28
102000082,0,0,0
102000083,0,0,0
102000084,181,20,161
102000085,0,0,0
102000086,141,41,100
102000087,9,3,6
102000088,7,24,-17
102000089,61,41,20
102000090,77,117,-40
102000091,250,169,81
102000092,100,71,29
102000093,112,130,-18
102000094,57,33,24
102000095,0,0,0
102000096,258,78,180
102000097,0,0,0
102000098,33,33,0
102000099,28,7,21
102000100,6,25,-19
102000101,6,33,-27
102000102,12,44,-32
102000103,18,56,-38
102000104,0,0,0
102000105,0,0,0
102000106,0,0,0
102000107,0,0,0
102000108,0,0,0
102000109,0,0,0
102000110,0,0,0
102000111,0,0,0
102000112,0,0,0
102000113,0,0,0
102000114,0,0,0
102000115,0,0,0
102000116,4,110,-106
102000117,0,0,0
102000118,34,275,-241
102000119,0,0,0
102000120,0,0,0
102000121,0,0,0
102000122,0,0,0
102000123,0,0,0
102000124,1,0,1
102000125,0,0,0
102000126,0,0,0
102000127,0,0,0
102000128,0,0,0
102000129,0,0,0
102000130,0,0,0
102000131,0,0,0
102000132,0,0,0
102000133,200,38,162
102000134,17,73,-56
102000135,0,0,0
102000136,0,0,0
102000137,0,0,0
102000138,0,0,0
102000139,0,0,0
102000140,0,0,0
102000141,0,0,0
102000142,0,0,0
102000143,0,0,0
102000144,0,0,0
102000145,0,0,0
102000146,0,0,0
102000147,0,0,0
102000148,0,0,0
102000149,0,0,0
102000150,0,0,0
102000151,0,0,0
102000152,0,0,0
102000153,0,0,0
102000154,0,0,0
102000155,0,0,0
102000156,0,0,0
102000157,0,1,-1
102000158,0,0,0
102000159,0,0,0
102000161,0,0,0
102000162,0,0,0
102000163,0,2,-2
102000164,2,4,-2
102000165,0,0,0
102000166,0,3,-3
102000167,0,0,0
102000168,1,3,-2
102000169,1,0,1
102000170,0,0,0
102000171,0,0,0
102000172,0,0,0
102000173,4,10,-6
102000174,0,0,0
102000175,6,4,2
102000176,0,1,-1
102000178,3,0,3
102000179,6,14,-8
102000180,44,3,41
102000181,41,8,33
102000182,18,2,16
102000183,192,88,104
102000184,63,2,61
102000185,294,61,233
102000186,21,4,17
102000187,23,9,14
102000188,171,86,85
102000189,22,16,6
102000190,101,109,-8
102000191,42,26,16
102000192,0,0,0
102000193,0,0,0
102000194,0,0,0
102000195,0,0,0
102000196,0,0,0
102000197,0,0,0
102000198,0,0,0
102000199,0,0,0
102000200,0,0,0
102000201,0,0,0
102000202,0,0,0
102000203,0,0,0
102000204,0,0,0
102000205,0,0,0
102000206,0,0,0
102000207,0,0,0
102000208,0,0,0
102000209,0,0,0
102000210,0,0,0
102000211,0,0,0
102000212,0,0,0
102000213,0,0,0
102000214,0,0,0
102000215,0,0,0
102000216,0,0,0
102000217,0,0,0
102000218,0,0,0
102000219,0,0,0
102000225,165,131,34
102000226,0,0,0
102000227,0,0,0
102000228,0,0,0
102000229,0,0,0
102000230,32,26,6
102000231,0,0,0
102000232,0,0,0
102000233,52,61,-9
102000234,19,226,-207
102000236,0,0,0
102000237,0,0,0
102000238,0,0,0
102000240,0,0,0
102000241,0,0,0
102000243,0,2,-2
102000245,0,0,0
102000246,0,0,0
102000247,3,46,-43
102000248,34,192,-158
102000249,0,0,0
102000250,0,0,0
102000254,24,28,-4
102000266,0,0,0
102000271,0,0,0
102000286,0,0,0
102000297,0,0,0
102000299,0,0,0
102000301,0,0,0
102000305,0,0,0
102000307,0,0,0
102900001,0,0,0
102900002,0,0,0
102900003,0,0,0
102900005,0,0,0
102900006,0,0,0
102900007,0,0,0
102900008,0,0,0
102900009,0,0,0
102900010,0,0,0
102900011,0,0,0
102900012,0,0,0
102900013,0,0,0
102900015,0,0,0
102900016,0,0,0
102900017,0,0,0
102900018,0,0,0
102900019,0,0,0
102900020,0,0,0
102900021,0,0,0
102900022,0,0,0
102900023,0,0,0
102900024,0,0,0
102900025,0,0,0
102900026,0,0,0
102900027,0,0,0
102900028,0,0,0
102900029,0,0,0
102900030,0,0,0
102900031,0,0,0
102900032,0,0,0
102900033,0,0,0
102900034,0,0,0
102900035,0,0,0
102900036,0,0,0
102900037,0,0,0
102900038,0,0,0
102900039,0,0,0
102900040,0,0,0
102900041,0,0,0
102900042,0,0,0
102900043,0,0,0
102900044,0,0,0
102900045,0,0,0
102900046,0,0,0
102900047,0,0,0
102900048,0,0,0
102900049,0,0,0
102900050,0,0,0
102900051,0,0,0
102900053,0,0,0
102900054,0,0,0
102900055,0,0,0
102900056,0,0,0
102900057,0,0,0
102900058,0,0,0
102900059,0,0,0
102900060,0,0,0
102900061,0,0,0
102900062,0,0,0
102900063,0,0,0
102900064,0,0,0
102900065,0,0,0
102900066,0,0,0
102900068,0,0,0
102900070,0,0,0
102900072,0,0,0
102900073,0,0,0
102900075,0,0,0
102900076,0,0,0
102900077,0,0,0
102900078,0,0,0
102900079,0,0,0
102900080,0,0,0
102900081,0,0,0
102900082,0,0,0
102900083,0,0,0
102900084,0,0,0
102900085,0,0,0
102900086,0,0,0
102900087,0,0,0
102900088,0,0,0
102900089,0,0,0
102900090,0,0,0
102900091,0,0,0
102900092,0,0,0
102900094,0,0,0
102900095,0,0,0
102900096,0,0,0
102900097,0,0,0
103000001,142,124,18
103000002,45,81,-36
103000003,106,114,-8
103000004,5,21,-16
103000005,503,327,176
103000006,151,201,-50
103000007,14,10,4
103000008,0,0,0
103000009,88,113,-25
103000010,0,0,0
103000011,16,31,-15
103000012,418,455,-37
103000013,133,17,116
103000014,400,639,-239
103000015,0,0,0
103000016,70,78,-8
103000017,87,49,38
103000018,0,0,0
103000019,90,110,-20
103000020,4,59,-55
103000021,873,635,238
103000022,32,42,-10
103000023,358,761,-403
103000024,0,0,0
103000025,2,158,-156
103000026,0,0,0
103000027,66,74,-8
103000028,14,66,-52
103000029,34,63,-29
103000030,10,45,-35
103000031,146,314,-168
103000032,126,184,-58
103000033,1574,710,864
103000034,11,33,-22
103000035,61,199,-138
103000036,5,183,-178
103000037,6,10,-4
103000038,221,249,-28
103000039,8,45,-37
103000040,16,55,-39
103000041,173,195,-22
103000042,13,9,4
103000043,64,101,-37
103000044,0,0,0
103000046,0,0,0
103000047,0,0,0
103000048,0,0,0
103000049,0,0,0
103000050,0,0,0
103000051,0,0,0
103000052,0,0,0
103000053,0,0,0
103000054,369,7,362
103000055,509,85,424
103000056,31,30,1
103000057,244,185,59
103000058,186,20,166
103000059,49,47,2
103000060,148,15,133
103000061,92,64,28
103000062,0,0,0
103000063,127,66,61
103000064,0,0,0
103000065,0,0,0
103000066,0,0,0
103000069,0,0,0
103000070,0,0,0
103000071,59,41,18
103000072,0,0,0
103000073,81,4,77
103000074,95,3,92
103000075,0,0,0
103000076,10,49,-39
103000077,0,0,0
103000078,96,36,60
103000079,13,36,-23
103000080,209,28,181
103000081,6,128,-122
103000082,120,16,104
103000083,0,0,0
103000084,9,0,9
103000085,0,0,0
103000086,171,134,37
103000087,59,179,-120
103000088,0,0,0
103000089,52,127,-75
103000090,624,380,244
103000091,59,82,-23
103000092,320,22,298
103000093,0,0,0
103000094,99,7,92
103000095,0,0,0
103000096,164,13,151
103000097,0,0,0
103000098,183,31,152
103000099,0,0,0
103000100,0,0,0
103000101,134,14,120
103000102,0,0,0
103000103,95,9,86
103000104,2,0,2
103000105,11,1,10
103000106,0,0,0
103000107,58,3,55
103000108,100,41,59
103000109,27,15,12
103000110,79,55,24
103000111,0,0,0
103000112,34,19,15
103000113,0,0,0
103000114,276,100,176
103000115,48,36,12
103000116,67,11,56
103000117,67,9,58
103000118,0,0,0
103000119,0,0,0
103000120,0,0,0
103000121,12,13,-1
103000122,270,999,-729
103000125,1,17,-16
103000126,106,0,106
103000127,0,18,-18
103000128,9,0,9
103000129,0,4,-4
103000130,36,2,34
103000131,0,39,-39
103000132,0,21,-21
103000133,3,19,-16
103000134,137,45,92
103000135,73,45,28
103000136,314,63,251
103000137,6,129,-123
103000138,102,191,-89
103000139,0,0,0
103000140,41,36,5
103000141,0,0,0
103000142,10,15,-5
103000143,0,0,0
103000144,39,29,10
103000145,0,1,-1
103000150,0,0,0
103000152,0,0,0
103000153,39,34,5
103000156,0,20,-20
103000157,19,0,19
103000159,0,0,0
103000162,2,1,1
103000163,0,28,-28
103000164,0,0,0
103000165,0,0,0
103000166,59,45,14
103000167,24,14,10
103000168,0,0,0
103000169,41,23,18
103000170,387,338,49
103000171,2,1,1
103000172,144,20,124
103000173,0,0,0
103000174,151,17,134
103000175,0,0,0
103000176,5,11,-6
103000177,0,0,0
103000178,0,0,0
103000179,0,0,0
103000183,82,0,82
103000185,22,1,21
103000186,52,5,47
103000187,0,0,0
103000188,1,0,1
103000189,0,0,0
103000191,0,0,0
103000292,0,35,-35
103000293,35,188,-153
103000295,50,4,46
103000296,17,1,16
103000297,1,0,1
103000504,0,0,0
103000505,0,1,-1
103000506,0,0,0
103000507,0,0,0
103000508,0,0,0
103000509,0,0,0
103900001,0,0,0
103900002,0,0,0
103900003,0,0,0
103900004,0,0,0
103900005,0,0,0
103900006,0,0,0
103900007,0,0,0
103900008,0,0,0
103900009,0,0,0
103900010,0,0,0
103900011,0,0,0
103900012,0,0,0
103900013,0,0,0
103900014,0,0,0
103900015,0,0,0
103900016,0,0,0
103900017,0,0,0
103900018,0,0,0
103900019,0,0,0
103900020,0,0,0
103900021,0,0,0
103900022,0,0,0
103900023,0,0,0
103900024,0,0,0
103900025,0,0,0
103900026,0,0,0
103900027,0,0,0
103900028,0,0,0
103900029,0,0,0
103900030,0,0,0
103900031,0,0,0
103900032,0,0,0
103900033,0,0,0
103900034,0,0,0
103900035,0,0,0
103900036,0,0,0
103900037,0,0,0
103900038,0,0,0
103900039,0,0,0
103900040,0,0,0
103900041,0,0,0
103900042,0,0,0
103900043,0,0,0
103900044,0,0,0
103900045,0,0,0
103900047,0,0,0
103900048,0,0,0
103900049,0,0,0
103900050,0,0,0
103900051,0,0,0
103900052,0,0,0
103900053,0,0,0
103900054,0,0,0
103900055,0,0,0
103900056,0,0,0
103900057,0,0,0
103900058,0,0,0
103900059,0,0,0
103900060,0,0,0
103900061,0,0,0
103900062,0,0,0
103900063,0,0,0
103900064,0,0,0
103900065,0,0,0
103900066,0,0,0
103900067,0,0,0
103900068,0,0,0
103900069,0,0,0
103900070,0,0,0
103900071,0,0,0
103900072,0,0,0
103900073,0,0,0
103900074,0,0,0
103900075,0,0,0
103900076,0,0,0
103900077,0,0,0
103900078,0,0,0
103900079,0,0,0
103900080,0,0,0
103900081,0,0,0
103900082,0,0,0
103900083,0,0,0
103900084,0,0,0
103900085,0,0,0
103900086,0,0,0
103900088,0,0,0
103900089,0,0,0
103900090,0,0,0
103900091,0,0,0
103900092,0,0,0
103900093,0,0,0
103900094,0,0,0
103900095,0,0,0
103900096,0,0,0
103900097,0,0,0
103900098,0,0,0
103900099,0,0,0
103900100,0,0,0
103900101,0,0,0
103900102,0,0,0
103900104,0,0,0
103900105,0,0,0
103900106,0,0,0
103900107,0,0,0
103900108,0,0,0
103900109,0,0,0
103900110,0,0,0
103900111,0,0,0
103900112,0,0,0
103900113,0,0,0
103900114,0,0,0
103900115,0,0,0
103900116,0,0,0
103900117,0,0,0
103900119,0,0,0
103900120,0,0,0
103900122,0,0,0
103900123,0,0,0
103900124,0,0,0
103900125,0,0,0
103900126,0,0,0
103900127,0,0,0
103900128,0,0,0
103900131,0,0,0
103900133,0,0,0
103900134,0,0,0
103900135,0,0,0
103900137,0,0,0
103900138,0,0,0
103900139,0,0,0
103900140,0,0,0
103900141,0,0,0
103900142,0,0,0
103900143,0,0,0
103900144,0,0,0
103900145,0,0,0
103900146,0,0,0
103900147,0,0,0
103900148,0,0,0
103900149,0,0,0
103900150,0,0,0
103900151,0,0,0
103900152,0,0,0
103900153,0,0,0
103900154,0,0,0
103900155,0,0,0
103900156,0,0,0
103900157,0,0,0
103900158,0,0,0
103900159,0,0,0
103900160,0,0,0
103900161,0,0,0
103900162,0,0,0
103900163,0,0,0
103900167,0,0,0
103900168,0,0,0
103900169,0,0,0
103900170,0,0,0
103900171,0,0,0
103900172,0,0,0
103900173,0,0,0
103900174,0,0,0
103900175,0,0,0
103900176,0,0,0
103900177,0,0,0
103900178,0,0,0
103900179,0,0,0
103900180,0,0,0
103900181,0,0,0
103900182,0,0,0
103900184,0,0,0
103900185,0,0,0
103900187,0,0,0
103900188,0,0,0
103900189,0,0,0
103900190,0,0,0
103900191,0,0,0
103900192,0,0,0
103900193,0,0,0
103900194,0,0,0
103900195,0,0,0
103900196,0,0,0
103900197,0,0,0
103900198,0,0,0
103900199,0,0,0
103900200,0,0,0
103900201,0,0,0
103900202,0,0,0
103900203,0,0,0
103900204,0,0,0
103900207,0,0,0
103900208,0,0,0
103900209,0,0,0
103900210,0,0,0
103900211,0,0,0
103900212,0,0,0
103900213,5,72,-67
103900214,10,87,-77
103900215,27,43,-16
103900216,0,0,0
103900217,0,0,0
103900218,0,0,0
103900219,0,0,0
103900233,0,0,0
103900235,0,0,0
103900236,0,0,0
103900242,0,0,0
103900243,0,0,0
103900244,0,0,0
103900245,0,0,0
103900246,0,0,0
103900247,0,0,0
103900248,0,0,0
103900249,0,0,0
103900250,0,0,0
103900251,0,0,0
103900253,0,0,0
103900254,0,0,0
103900255,0,0,0
103900256,0,0,0
103900257,0,0,0
103900258,0,0,0
103900259,0,0,0
103900261,0,0,0
103900262,0,0,0
103900263,0,0,0
103900264,0,0,0
103900265,0,0,0
103900266,0,0,0
103900267,0,0,0
103900268,0,0,0
103900269,0,0,0
103900270,0,0,0
103900271,0,0,0
103900272,0,0,0
103900273,0,0,0
103900274,0,0,0
103900275,0,0,0
103900276,0,0,0
103900277,0,0,0
103900278,0,0,0
103900279,0,0,0
103900280,0,0,0
104000001,503,276,227
104000002,58,117,-59
104000003,820,382,438
104000004,608,318,290
104000005,448,539,-91
104000006,979,229,750
104000007,928,138,790
104000008,99,77,22
104000009,183,77,106
104000010,76,76,0
104000011,0,0,0
104000012,0,0,0
104000013,179,48,131
104000014,0,0,0
104000015,128,26,102
104000016,0,0,0
104000018,171,103,68
104000019,210,139,71
104000020,48,71,-23
104000021,64,59,5
104000022,13,18,-5
104000023,187,10,177
104000024,0,0,0
104000026,0,0,0
104000027,21,19,2
104000028,201,77,124
104000029,11,33,-22
104000030,282,111,171
104000031,103,22,81
104000032,0,0,0
104000033,258,19,239
104000034,0,0,0
104000035,331,39,292
104000036,366,116,250
104000037,0,0,0
104000038,181,71,110
104000039,86,33,53
104000040,50,63,-13
104000041,89,30,59
104000042,48,25,23
104000043,49,14,35
104000044,95,17,78
104000045,77,27,50
104000046,87,69,18
104000047,37,268,-231
104000048,147,343,-196
104000049,6,3,3
104000050,4,10,-6
104000051,0,0,0
104000052,233,122,111
104000053,112,57,55
104000054,2,1,1
104000055,334,115,219
104000056,69,0,69
104000057,0,0,0
104000058,274,65,209
104000059,93,161,-68
104000060,223,89,134
104000061,60,39,21
104000062,41,3,38
104000064,0,0,0
104000065,0,9,-9
104000069,0,0,0
104000070,0,0,0
104000071,0,0,0
104000072,39,11,28
104000075,0,0,0
104000076,0,0,0
104000082,170,310,-140
104000083,22,10,12
104000084,0,21,-21
104000085,5,6,-1
104000086,1,14,-13
104000087,2,2,0
104000090,0,0,0
104000092,0,0,0
104000094,0,0,0
104000095,35,340,-305
104000096,249,1,248
104000097,603,59,544
104000098,849,47,802
104000100,1077,105,972
104000101,154,188,-34
104000106,11,24,-13
104000107,192,17,175
104000108,55,16,39
104000109,56,5,51
104000110,24,8,16
104000111,88,12,76
104000112,5,8,-3
104000116,0,0,0
104000117,82,19,63
104000118,52,0,52
104000119,26,21,5
104000120,8,24,-16
104000121,5,28,-23
104000122,258,29,229
104000123,69,110,-41
104000124,169,417,-248
104000125,90,27,63
104000126,184,97,87
104000127,126,356,-230
104000128,208,33,175
104000129,88,0,88
104000130,7,3,4
104000131,0,0,0
104000132,0,0,0
104000133,21,18,3
104000134,101,76,25
104000135,50,199,-149
104000136,310,225,85
104000137,320,67,253
104000138,0,0,0
104000139,469,381,88
104000141,105,175,-70
104000142,0,0,0
104000143,0,0,0
104000144,0,0,0
104000145,256,28,228
104000146,0,0,0
104000147,0,0,0
104000148,41,36,5
104000149,0,0,0
104000150,253,82,171
104000151,0,0,0
104000152,0,0,0
104000153,127,82,45
104000154,0,0,0
104000155,131,71,60
104000157,76,4,72
104000158,7,24,-17
104000159,9,3,6
104000160,134,59,75
104000161,15,15,0
104000162,41,75,-34
104000165,134,364,-230
104000167,128,167,-39
104000168,68,0,68
104000169,77,4,73
104000170,0,0,0
104000248,0,0,0
104000251,0,0,0
104000272,0,0,0
104000273,0,0,0
104000274,0,0,0
104000275,0,0,0
104000279,23,112,-89
104000290,0,0,0
104000291,101,167,-66
104000293,90,102,-12
104000294,0,0,0
104000295,66,28,38
104000296,220,113,107
104000297,33,81,-48
104000298,290,77,213
104000299,152,113,39
104000302,0,0,0
104000303,0,0,0
104900001,0,0,0
104900002,0,0,0
104900003,0,0,0
104900004,0,0,0
104900005,0,0,0
104900006,0,0,0
104900007,0,0,0
104900009,0,0,0
104900010,0,0,0
104900011,0,0,0
104900012,0,0,0
104900013,0,0,0
104900014,0,0,0
104900015,0,0,0
104900016,0,0,0
104900017,0,0,0
104900018,0,0,0
104900019,0,0,0
104900020,0,0,0
104900021,0,0,0
104900022,0,0,0
104900023,0,0,0
104900024,0,0,0
104900025,0,0,0
104900026,0,0,0
104900027,0,0,0
104900028,0,0,0
104900029,0,0,0
104900030,0,0,0
104900031,0,0,0
104900032,0,0,0
104900033,0,0,0
104900034,0,0,0
104900035,0,0,0
104900036,0,0,0
104900037,0,0,0
104900038,0,0,0
104900039,0,0,0
104900040,0,0,0
104900041,0,0,0
104900042,0,0,0
104900043,0,0,0
104900044,0,0,0
104900045,0,0,0
104900046,0,0,0
104900047,0,0,0
104900048,0,0,0
104900049,0,0,0
104900050,0,0,0
104900051,0,0,0
104900052,0,0,0
104900053,0,0,0
104900054,0,0,0
104900055,0,0,0
104900056,0,0,0
104900057,0,0,0
104900058,0,0,0
104900059,0,0,0
104900060,0,0,0
104900061,0,0,0
104900063,0,0,0
104900064,0,0,0
104900065,0,0,0
104900066,0,0,0
104900067,0,0,0
104900068,0,0,0
104900070,0,0,0
104900071,0,0,0
104900072,0,0,0
104900073,0,0,0
104900074,0,0,0
104900075,0,0,0
104900076,0,0,0
104900077,0,0,0
104900078,0,0,0
104900079,0,0,0
104900080,0,0,0
104900082,0,0,0
104900085,0,0,0
104900087,0,0,0
104900089,0,0,0
104900090,0,0,0
104900091,0,0,0
104900093,0,0,0
104900097,0,0,0
104900098,0,0,0
104900099,0,0,0
104900100,0,0,0
104900102,0,0,0
104900103,0,0,0
104900104,0,0,0
104900106,0,0,0
104900107,0,0,0
104900108,0,0,0
104900109,0,0,0
104900110,0,0,0
104900111,0,0,0
104900112,0,0,0
104900113,0,0,0
104900114,0,0,0
104900115,0,0,0
104900116,0,0,0
104900118,0,0,0
104900119,0,0,0
104900120,0,0,0
104900121,0,0,0
104900122,0,0,0
104900123,0,0,0
104900124,0,0,0
104900125,0,0,0
104900126,0,0,0
104900127,0,0,0
104900128,0,0,0
104900129,0,0,0
105000001,731,155,576
105000002,253,235,18
105000003,418,240,178
105000004,23,52,-29
105000005,70,202,-132
105000006,120,331,-211
105000007,59,150,-91
105000008,8,370,-362
105000009,1710,913,797
105000010,40,95,-55
105000011,703,728,-25
105000012,44,56,-12
105000013,334,597,-263
105000014,2084,1039,1045
105000015,1466,2436,-970
105000016,134,161,-27
105000017,20,16,4
105000018,48,137,-89
105000019,1,5,-4
105000020,0,0,0
105000021,0,0,0
105000022,2,4,-2
105000023,0,1,-1
105000028,0,0,0
105000029,4,12,-8
105000030,208,181,27
105000031,0,0,0
105000033,48,59,-11
105000034,0,0,0
105000037,0,0,0
105000038,195,352,-157
105000039,59,64,-5
105000040,170,252,-82
105000041,6,35,-29
105000042,840,257,583
105000043,38,44,-6
105000044,167,78,89
105000045,1,44,-43
105000046,273,42,231
105000047,6,43,-37
105000048,403,183,220
105000049,0,0,0
105000050,409,195,214
105000051,0,0,0
105000052,44,54,-10
105000053,0,10,-10
105000054,70,87,-17
105000055,0,0,0
105000056,373,164,209
105000057,13,1,12
105000058,13,23,-10
105000059,380,158,222
105000060,6,0,6
105000061,414,58,356
105000062,1,1,0
105000063,0,0,0
105000064,426,101,325
105000065,0,0,0
105000066,42,3,39
105000067,427,187,240
105000068,4,29,-25
105000069,42,84,-42
105000070,48,66,-18
105000071,182,171,11
105000072,373,103,270
105000073,182,95,87
105000074,0,0,0
105000075,7,13,-6
105000076,42,9,33
105000077,107,17,90
105000078,40,84,-44
105000079,1,19,-18
105000080,439,527,-88
105000081,20,11,9
105000082,242,541,-299
105000083,827,575,252
105000084,0,0,0
105000085,689,746,-57
105000086,0,0,0
105000087,0,0,0
105000088,289,435,-146
105000089,78,99,-21
105000090,36,50,-14
105000091,0,0,0
105000092,0,0,0
105000093,0,1,-1
105000094,26,5,21
105000095,0,4,-4
105000096,145,135,10
105000097,0,0,0
105000098,166,63,103
105000099,0,0,0
105000100,0,0,0
105000101,154,59,95
105000102,0,0,0
105000103,138,57,81
105000104,0,0,0
105000105,221,50,171
105000106,31,2,29
105000107,27,4,23
105000108,10,14,-4
105000109,28,0,28
105000110,9,6,3
105000111,9,2,7
105000112,72,24,48
105000113,3,0,3
105000114,45,79,-34
105000115,0,1,-1
105000116,129,16,113
105000117,0,0,0
105000118,36,16,20
105000119,0,0,0
105000120,248,44,204
105000121,0,0,0
105000122,41,12,29
105000123,137,9,128
105000124,84,72,12
105000125,138,26,112
105000126,61,52,9
105000127,144,25,119
105000128,29,15,14
105000129,41,38,3
105000130,15,454,-439
105000131,0,0,0
105000132,154,94,60
105000133,0,0,0
105000134,201,31,170
105000135,0,0,0
105000136,0,0,0
105000137,243,12,231
105000138,0,0,0
105000139,0,0,0
105000140,341,29,312
105000141,0,0,0
105000142,104,27,77
105000143,0,0,0
105000144,0,0,0
105000145,172,62,110
105000146,0,0,0
105000147,280,46,234
105000148,265,59,206
105000149,531,147,384
105000150,0,0,0
105000151,0,0,0
105000152,0,0,0
105000153,0,0,0
105000154,2,0,2
105000155,0,0,0
105000156,6,5,1
105000157,12,3,9
105000158,43,18,25
105000159,32,8,24
105000160,39,55,-16
105000161,55,3,52
105000162,20,21,-1
105000163,46,17,29
105000164,1,3,-2
105000165,26,63,-37
105000166,12,60,-48
105000167,45,118,-73
105000168,157,101,56
105000169,20,9,11
105000170,0,0,0
105000171,0,0,0
105000172,2,0,2
105000173,2,1,1
105000174,1,1,0
105000175,0,0,0
105000176,2,4,-2
105000177,43,22,21
105000178,17,1,16
105000179,19,1,18
105000180,0,0,0
105000181,4,2,2
105000182,0,0,0
105000183,0,0,0
105000184,0,0,0
105000185,59,239,-180
105000186,0,0,0
105000187,91,27,64
105000188,2,61,-59
105000189,0,0,0
105000190,119,69,50
105000191,5,3,2
105000192,155,42,113
105000193,0,18,-18
105000194,112,14,98
105000195,0,20,-20
105000196,4,72,-68
105000197,1,0,1
105000198,0,0,0
105000199,8,58,-50
105000200,36,102,-66
105000201,17,0,17
105000203,0,0,0
105000204,3,4,-1
105000205,0,0,0
105000207,0,0,0
105000208,7,127,-120
105000209,0,0,0
105000211,0,0,0
105000212,70,5,65
105000213,111,31,80
105000214,22,17,5
105000215,98,100,-2
105000216,15,3,12
105000217,0,0,0
105000218,147,36,111
105000221,2,1,1
105000222,106,1,105
105000223,41,1,40
105000226,2,0,2
105000227,15,1,14
105000228,0,5,-5
105000229,40,294,-254
105000231,130,40,90
105000233,278,377,-99
105000234,71,253,-182
105000235,207,83,124
105000237,49,0,49
105000243,0,0,0
105000248,0,0,0
105000262,0,0,0
105000269,0,0,0
105000270,97,0,97
105000271,0,0,0
105000282,4,2,2
105000287,0,0,0
105000288,0,22,-22
105000289,230,429,-199
105000290,3,0,3
105000402,43,103,-60
105000426,0,1,-1
105000438,88,185,-97
105000440,0,0,0
105000446,383,380,3
105000447,106,35,71
105000454,0,0,0
105000455,0,0,0
105000474,10,16,-6
105000477,0,0,0
105000478,383,1286,-903
105000479,0,0,0
105000480,1597,1468,129
105000481,744,390,354
105000482,120,244,-124
105000483,283,777,-494
105000484,98,300,-202
105000485,225,1062,-837
105000486,226,270,-44
105000488,96,165,-69
105000489,287,70,217
105000549,2,47,-45
105000550,0,0,0
105000551,11,24,-13
105000552,173,83,90
105000555,293,238,55
105000556,0,0,0
105000557,0,0,0
105900001,0,0,0
105900002,0,0,0
105900003,0,0,0
105900004,0,0,0
105900005,0,0,0
105900006,0,0,0
105900007,0,0,0
105900008,0,0,0
105900009,0,0,0
105900011,0,0,0
105900012,0,0,0
105900013,0,0,0
105900014,0,0,0
105900015,0,0,0
105900016,0,0,0
105900017,0,0,0
105900018,0,0,0
105900019,0,0,0
105900020,0,0,0
105900021,0,0,0
105900022,0,0,0
105900023,0,0,0
105900024,0,0,0
105900025,0,0,0
105900026,0,0,0
105900027,0,0,0
105900028,0,0,0
105900029,0,0,0
105900030,0,0,0
105900031,0,0,0
105900032,0,0,0
105900033,0,0,0
105900034,0,0,0
105900035,0,0,0
105900036,0,0,0
105900037,0,0,0
105900038,0,0,0
105900039,0,0,0
105900040,0,0,0
105900041,0,0,0
105900042,0,0,0
105900043,0,0,0
105900044,0,0,0
105900045,0,0,0
105900046,0,0,0
105900047,0,0,0
105900048,20,7,13
105900050,0,0,0
105900051,0,0,0
105900052,0,0,0
105900053,0,0,0
105900054,0,0,0
105900056,0,0,0
105900057,0,0,0
105900058,0,0,0
105900059,0,0,0
106000001,613,383,230
106000002,6,159,-153
106000003,1122,821,301
106000004,41,262,-221
106000005,1927,1188,739
106000006,66,302,-236
106000007,616,52,564
106000008,47,77,-30
106000009,477,142,335
106000010,13,98,-85
106000011,614,388,226
106000012,33,21,12
106000013,1027,422,605
106000014,48,56,-8
106000015,1309,479,830
106000016,122,97,25
106000017,606,177,429
106000018,85,124,-39
106000019,260,129,131
106000020,10,36,-26
106000021,257,106,151
106000022,41,30,11
106000023,444,54,390
106000024,11,63,-52
106000025,215,108,107
106000026,23,46,-23
106000027,957,572,385
106000028,12,37,-25
106000029,33,35,-2
106000030,0,0,0
106000034,0,0,0
106000035,204,275,-71
106000036,0,0,0
106000037,0,0,0
106000038,0,0,0
106000039,0,0,0
106000040,0,0,0
106000041,222,42,180
106000043,89,25,64
106000046,0,0,0
106000047,0,0,0
106000049,185,1,184
106000050,0,0,0
106000051,109,87,22
106000052,0,0,0
106000053,278,13,265
106000054,0,0,0
106000055,134,1,133
106000056,0,0,0
106000057,185,53,132
106000058,0,0,0
106000059,228,89,139
106000060,0,0,0
106000061,20,115,-95
106000062,0,0,0
106000063,509,107,402
106000064,0,0,0
106000065,175,13,162
106000066,7,13,-6
106000067,155,2,153
106000068,0,2,-2
106000069,35,0,35
106000070,7,7,0
106000071,206,14,192
106000072,201,152,49
106000073,397,85,312
106000074,152,178,-26
106000075,112,124,-12
106000076,635,158,477
106000077,566,39,527
106000078,214,49,165
106000079,360,38,322
106000080,390,64,326
106000081,644,54,590
106000082,463,24,439
106000083,397,163,234
106000084,341,30,311
106000085,635,230,405
106000086,516,94,422
106000087,233,18,215
106000088,230,46,184
106000089,355,13,342
106000090,427,79,348
106000091,3,0,3
106000092,138,73,65
106000093,188,5,183
106000094,0,0,0
106000095,226,12,214
106000096,272,22,250
106000097,203,27,176
106000098,279,4,275
106000099,12,6,6
106000100,501,7,494
106000101,264,1,263
106000102,1,7,-6
106000103,1,73,-72
106000104,86,23,63
106000105,9,53,-44
106000106,150,6,144
106000107,19,60,-41
106000108,55,1,54
106000109,0,62,-62
106000110,85,22,63
106000111,3,33,-30
106000112,77,18,59
106000113,4,49,-45
106000114,17,14,3
106000115,12,53,-41
106000116,64,73,-9
106000117,0,0,0
106000118,222,65,157
106000119,0,0,0
106000120,295,143,152
106000121,9,8,1
106000122,0,0,0
106000123,38,16,22
106000124,0,0,0
106000125,0,0,0
106000126,34,3,31
106000127,0,0,0
106000128,124,10,114
106000129,0,0,0
106000130,212,27,185
106000131,0,0,0
106000132,258,8,250
106000133,0,0,0
106000134,227,76,151
106000135,0,0,0
106000136,407,86,321
106000137,0,0,0
106000138,284,4,280
106000139,101,27,74
106000140,0,0,0
106000141,0,0,0
106000142,44,18,26
106000143,0,0,0
106000144,116,26,90
106000145,0,0,0
106000146,347,108,239
106000147,21,2,19
106000148,42,45,-3
106000149,229,25,204
106000150,83,72,11
106000151,216,86,130
106000152,126,134,-8
106000153,3,11,-8
106000154,53,6,47
106000155,4,32,-28
106000156,343,24,319
106000157,126,76,50
106000158,585,102,483
106000159,161,66,95
106000160,168,173,-5
106000161,71,3,68
106000162,194,43,151
106000163,54,0,54
106000164,179,13,166
106000165,49,17,32
106000166,255,7,248
106000167,49,29,20
106000168,210,18,192
106000169,24,52,-28
106000170,150,38,112
106000171,13,119,-106
106000172,341,37,304
106000173,116,174,-58
106000174,235,5,230
106000175,54,0,54
106000176,273,49,224
106000177,0,0,0
106000178,290,20,270
106000179,0,0,0
106000180,101,30,71
106000181,44,53,-9
106000182,509,15,494
106000183,505,79,426
106000184,261,42,219
106000185,65,44,21
106000186,56,1,55
106000187,2,15,-13
106000188,0,0,0
106000189,0,1,-1
106000190,0,0,0
106000191,127,12,115
106000192,0,0,0
106000193,56,31,25
106000194,2,11,-9
106000195,43,1,42
106000196,12,34,-22
106000197,125,1,124
106000198,2,24,-22
106000199,117,12,105
106000200,1,78,-77
106000201,42,22,20
106000202,34,21,13
106000203,0,0,0
106000204,31,2,29
106000205,0,0,0
106000206,19,0,19
106000207,0,16,-16
106000208,326,19,307
106000209,550,55,495
106000210,1,14,-13
106000211,14,44,-30
106000212,774,80,694
106000213,0,0,0
106000214,268,41,227
106000215,14,45,-31
106000216,179,14,165
106000217,3,58,-55
106000218,53,19,34
106000219,2,73,-71
106000220,137,14,123
106000221,0,0,0
106000222,50,24,26
106000223,146,18,128
106000224,0,0,0
106000225,3,159,-156
106000226,0,0,0
106000228,0,0,0
106000229,0,0,0
106000231,218,1,217
106000232,0,0,0
106000233,44,0,44
106000234,0,0,0
106000235,26,23,3
106000236,0,0,0
106000237,0,0,0
106000238,0,3,-3
106000239,0,0,0
106000240,0,0,0
106000241,0,47,-47
106000242,69,34,35
106000249,99,20,79
106000250,11,30,-19
106000251,0,0,0
106000252,0,0,0
106000253,0,0,0
106000254,0,0,0
106000255,0,0,0
106000256,0,0,0
106000257,35,7,28
106000258,0,0,0
106000259,0,0,0
106000260,0,0,0
106000261,0,0,0
106000262,0,0,0
106000263,0,0,0
106000264,0,0,0
106000265,0,0,0
106000266,0,0,0
106000267,0,0,0
106000268,0,0,0
106000269,0,0,0
106000270,20,0,20
106000271,0,0,0
106000272,0,0,0
106000273,0,0,0
106000274,0,0,0
106000275,0,0,0
106000276,0,0,0
106000277,0,0,0
106000278,0,0,0
106000279,0,0,0
106000280,0,0,0
106000281,0,0,0
106000282,0,0,0
106000283,0,0,0
106000284,0,0,0
106000285,0,0,0
106000286,0,0,0
106000287,0,0,0
106000288,0,0,0
106000289,0,0,0
106000290,0,0,0
106000291,0,0,0
106000292,0,0,0
106000293,0,0,0
106000294,0,0,0
106000295,0,0,0
106000296,0,0,0
106000297,0,0,0
106000298,0,0,0
106000299,0,0,0
106000300,0,0,0
106000301,0,0,0
106000303,0,0,0
106000304,0,0,0
106000305,0,0,0
106000306,0,0,0
106000307,0,0,0
106000308,0,0,0
106000309,0,0,0
106000310,25,5,20
106000311,115,19,96
106000312,1,13,-12
106000313,35,0,35
106000318,0,0,0
106000319,292,11,281
106000320,0,0,0
106000321,0,0,0
106000322,0,0,0
106000324,0,0,0
106000325,1185,270,915
106000326,86,68,18
106000327,132,2,130
106000328,0,0,0
106000329,0,0,0
106000330,0,1,-1
106000428,43,108,-65
106000429,0,0,0
106000430,0,0,0
106000431,270,242,28
106000432,3,127,-124
106000433,748,478,270
106000434,1165,410,755
106000435,2,106,-104
106000436,0,0,0
106000437,58,3,55
106000438,5,10,-5
106000439,0,0,0
106000440,14,28,-14
106000441,0,0,0
106000442,20,0,20
106000443,0,6,-6
106000450,0,0,0
106000451,10,16,-6
106000454,0,0,0
106000455,0,16,-16
106000456,44,2,42
106000457,0,0,0
106000458,173,2,171
106000459,0,0,0
106000460,236,0,236
106000461,0,0,0
106000462,0,0,0
106000463,0,2,-2
106000464,0,0,0
106000465,93,1,92
106000466,0,0,0
106000467,0,35,-35
106000468,62,12,50
106000469,5,0,5
106000470,0,0,0
106000471,0,0,0
106000472,20,0,20
106000473,0,0,0
106000474,18,51,-33
106000475,109,75,34
106000476,4,5,-1
106000477,0,0,0
106000480,0,0,0
106900001,0,0,0
106900002,0,0,0
106900003,0,0,0
106900004,0,0,0
106900006,0,0,0
106900007,0,0,0
106900008,0,0,0
106900009,0,0,0
106900010,0,0,0
106900012,0,0,0
106900013,0,0,0
106900014,0,0,0
106900015,0,0,0
106900016,0,0,0
106900017,0,0,0
106900018,0,0,0
106900019,0,0,0
106900020,0,0,0
106900021,0,0,0
106900022,0,0,0
106900023,0,0,0
106900024,0,0,0
106900025,0,0,0
106900026,0,0,0
106900027,182,0,182
107000001,1326,2106,-780
107000002,177,274,-97
107000003,4173,3974,199
107000004,370,302,68
107000005,4068,2595,1473
107000006,303,178,125
107000007,1475,2248,-773
107000008,327,279,48
107000009,3789,2870,919
107000010,386,288,98
107000011,0,0,0
107000012,0,0,0
107000013,0,0,0
107000014,0,0,0
107000015,0,0,0
107000016,0,0,0
107000017,20,4,16
107000018,0,0,0
107000020,58,296,-238
107000021,24,14,10
107000022,73,309,-236
107000023,202,3,199
107000024,75,130,-55
107000025,39,24,15
107000026,5,33,-28
107000027,175,29,146
107000028,18,99,-81
107000029,775,96,679
107000030,53,133,-80
107000031,866,240,626
107000032,52,110,-58
107000033,212,48,164
107000034,0,0,0
107000035,11,32,-21
107000036,0,0,0
107000037,31,99,-68
107000038,4,26,-22
107000039,86,339,-253
107000040,11,0,11
107000041,394,66,328
107000042,47,61,-14
107000043,279,77,202
107000044,11,9,2
107000045,8,20,-12
107000046,299,41,258
107000047,21,56,-35
107000048,263,11,252
107000049,4,82,-78
107000050,323,40,283
107000051,40,142,-102
107000052,236,63,173
107000053,236,66,170
107000054,10,150,-140
107000055,138,35,103
107000056,70,80,-10
107000057,84,142,-58
107000058,820,1095,-275
107000059,0,0,0
107000060,2037,1690,347
107000061,15,21,-6
107000062,1585,1106,479
107000063,1,26,-25
107000064,1230,908,322
107000065,10,15,-5
107000066,724,641,83
107000067,156,99,57
107000068,55,126,-71
107000069,149,203,-54
107000070,208,1,207
107000071,563,6,557
107000072,0,0,0
107000073,196,26,170
107000074,0,0,0
107000075,1190,38,1152
107000076,0,0,0
107000077,1061,33,1028
107000078,0,0,0
107000079,846,64,782
107000080,0,0,0
107000081,935,152,783
107000082,0,0,0
107000083,304,426,-122
107000084,0,0,0
107000085,609,570,39
107000086,88,238,-150
107000087,434,225,209
107000088,45,75,-30
107000089,318,220,98
107000090,91,63,28
107000091,315,163,152
107000092,71,85,-14
107000093,175,273,-98
107000094,67,67,0
107000095,968,441,527
107000096,0,0,0
107000097,329,103,226
107000098,0,0,0
107000099,154,108,46
107000100,0,0,0
107000101,81,103,-22
107000102,0,0,0
107000103,138,77,61
107000104,0,0,0
107000105,213,63,150
107000106,0,0,0
107000107,268,112,156
107000108,2,0,2
107000109,166,9,157
107000110,0,0,0
107000111,66,3,63
107000112,0,0,0
107000113,304,20,284
107000114,0,0,0
107000115,387,13,374
107000116,0,0,0
107000117,179,40,139
107000118,0,0,0
107000119,720,181,539
107000120,0,0,0
107000121,514,25,489
107000122,3,84,-81
107000123,386,32,354
107000124,37,28,9
107000125,421,28,393
107000126,60,56,4
107000129,0,0,0
107000130,172,95,77
107000131,0,0,0
107000132,261,95,166
107000133,1,0,1
107000134,41,0,41
107000135,0,0,0
107000136,60,0,60
107000137,0,0,0
107000138,3,0,3
107000139,0,11,-11
107000140,150,0,150
107000141,0,2,-2
107000142,37,1,36
107000143,0,2,-2
107000144,25,2,23
107000145,0,11,-11
107000146,0,0,0
107000147,2,7,-5
107000150,0,0,0
107000151,0,0,0
107000152,22,126,-104
107000153,0,0,0
107000154,0,0,0
107000155,56,0,56
107000156,164,0,164
107000157,0,0,0
107000158,19,0,19
107000159,0,0,0
107000160,87,35,52
107000161,3,1,2
107000162,21,30,-9
107000163,33,0,33
107000164,0,0,0
107000165,0,0,0
107000166,0,0,0
107000167,0,0,0
107000168,522,60,462
107000169,12,11,1
107000170,494,51,443
107000171,6,10,-4
107000172,329,47,282
107000173,3,3,0
107000174,183,247,-64
107000175,25,6,19
107000176,18,0,18
107000177,0,0,0
107000178,0,0,0
107000179,0,0,0
107000180,515,24,491
107000181,0,0,0
107000182,574,16,558
107000183,0,0,0
107000184,349,28,321
107000185,0,0,0
107000186,410,57,353
107000187,84,53,31
107000188,0,0,0
107000189,49,39,10
107000190,0,0,0
107000191,61,66,-5
107000192,0,0,0
107000193,59,53,6
107000194,0,0,0
107000197,234,36,198
107000198,0,0,0
107000199,129,69,60
107000200,4,20,-16
107000201,71,98,-27
107000202,92,77,15
107000203,50,187,-137
107000204,52,566,-514
107000205,67,22,45
107000206,31,345,-314
107000207,18,27,-9
107000208,11,27,-16
107000209,0,0,0
107000210,0,0,0
107000211,0,0,0
107000212,0,0,0
107000213,0,0,0
107000214,0,0,0
107000215,0,0,0
107000216,0,0,0
107000217,0,0,0
107000219,0,0,0
107000220,0,0,0
107000222,13,11,2
107000224,9,4,5
107000225,0,0,0
107000226,108,8,100
107000227,0,0,0
107000228,0,0,0
107000229,0,0,0
107000230,38,3,35
107000231,57,83,-26
107000232,0,0,0
107000233,0,0,0
107000234,0,0,0
107000235,191,1,190
107000236,0,0,0
107000237,11,0,11
107000238,23,0,23
107000239,0,0,0
107000240,0,0,0
107000243,0,0,0
107000244,5,0,5
107000246,0,0,0
107000249,0,0,0
107000251,0,0,0
107000252,0,0,0
107000255,0,0,0
107000257,0,0,0
107000258,0,0,0
107000259,0,0,0
107000260,0,0,0
107000262,0,0,0
107000263,0,0,0
107000266,0,0,0
107000267,0,0,0
107000268,0,0,0
107000269,3,0,3
107000270,0,0,0
107000271,0,0,0
107000272,0,0,0
107000273,0,0,0
107000274,0,0,0
107000275,5,0,5
107000280,60,0,60
107000281,0,0,0
107000282,0,0,0
107000290,0,0,0
107000291,0,0,0
107000292,0,0,0
107000293,0,0,0
107000294,0,0,0
107000295,0,0,0
107000296,0,1,-1
107000444,49,0,49
107000496,0,1,-1
107000497,0,0,0
107000500,0,0,0
107000501,0,0,0
107000502,0,0,0
107000505,4,31,-27
107000506,0,0,0
107000508,0,0,0
107000509,28,58,-30
107000510,0,0,0
107000514,1,0,1
107000515,0,0,0
107000516,124,48,76
107000518,364,31,333
107000519,0,0,0
107000520,0,0,0
107000521,0,0,0
107000522,464,197,267
107900001,0,0,0
107900002,0,0,0
107900003,0,0,0
107900004,0,0,0
107900005,0,0,0
107900006,0,0,0
107900007,0,0,0
107900008,0,0,0
107900009,0,0,0
107900010,0,0,0
107900012,0,0,0
107900013,0,0,0
107900014,0,0,0
107900015,0,0,0
107900016,0,0,0
107900017,0,0,0
107900018,0,0,0
107900019,0,0,0
107900020,0,0,0
107900021,0,0,0
107900023,0,0,0
107900024,0,0,0
107900025,0,0,0
107900026,0,0,0
107900027,0,0,0
107900028,0,0,0
107900030,0,0,0
107900031,0,0,0
107900032,0,0,0
107900033,0,0,0
107900034,0,0,0
107900035,0,0,0
107900036,0,0,0
107900037,0,0,0
107900038,0,0,0
107900039,0,0,0
107900040,0,0,0
107900041,0,0,0
107900043,0,0,0
107900044,0,0,0
107900045,0,0,0
107900046,0,0,0
107900047,0,0,0
107900048,0,0,0
107900049,0,0,0
107900050,0,0,0
107900051,0,0,0
107900052,0,0,0
107900053,0,0,0
107900055,0,0,0
107900056,0,0,0
107900057,0,0,0
107900058,0,0,0
107900060,0,0,0
107900061,0,0,0
107900063,0,0,0
107900064,0,0,0
107900065,0,0,0
107900066,0,0,0
107900067,0,0,0
107900068,0,0,0
107900069,0,0,0
107900070,0,0,0
107900071,0,0,0
107900072,0,0,0
107900073,0,0,0
107900074,0,0,0
107900076,0,0,0
107900077,0,0,0
107900079,0,0,0
107900080,0,0,0
107900081,0,0,0
107900082,0,0,0
107900083,0,0,0
107900084,0,0,0
107900086,0,0,0
107900087,0,0,0
107900088,0,0,0
107900089,0,0,0
107900090,0,0,0
107900091,0,0,0
107900093,0,0,0
107900095,0,0,0
107900097,0,0,0
107900098,0,0,0
107900100,0,0,0
107900101,0,0,0
107900102,0,0,0
107900103,0,0,0
107900104,0,0,0
107900105,0,0,0
107900106,0,0,0
107900107,0,0,0
107900108,0,0,0
107900109,0,0,0
107900110,0,0,0
107900111,0,0,0
107900112,0,0,0
107900113,0,0,0
107900114,0,0,0
107900115,0,0,0
107900116,0,0,0
107900117,0,0,0
107900118,0,0,0
107900119,0,0,0
107900120,0,0,0
107900121,0,0,0
107900122,0,0,0
107900123,0,0,0
107900124,0,0,0
107900125,0,0,0
107900126,0,0,0
107900127,0,0,0
107900128,0,0,0
107900129,0,0,0
107900130,0,0,0
107900131,0,0,0
107900132,0,0,0
107900133,0,0,0
107900134,0,0,0
107900135,0,0,0
107900136,0,0,0
107900137,0,0,0
107900138,0,0,0
107900139,0,0,0
107900141,0,0,0
107900142,0,0,0
107900143,0,0,0
107900144,0,0,0
107900145,0,0,0
107900146,0,0,0
107900147,0,0,0
107900148,0,0,0
107900149,0,0,0
107900150,0,0,0
107900151,0,0,0
107900152,0,0,0
107900153,0,0,0
107900154,0,0,0
107900155,0,0,0
107900156,0,0,0
107900157,0,0,0
107900158,0,0,0
107900159,0,0,0
107900160,0,0,0
107900161,0,0,0
107900162,0,0,0
107900163,0,0,0
107900164,0,0,0
107900165,0,0,0
107900166,0,0,0
107900167,0,0,0
107900168,0,0,0
107900169,0,0,0
107900171,0,0,0
107900172,0,0,0
107900173,0,0,0
107900174,0,0,0
107900175,0,0,0
107900176,0,0,0
107900177,0,0,0
107900178,0,0,0
107900179,0,0,0
107900180,0,0,0
107900181,0,0,0
107900182,0,0,0
107900183,0,0,0
107900184,0,0,0
107900185,0,0,0
107900186,0,0,0
107900187,0,0,0
107900188,0,0,0
107900189,0,0,0
107900190,0,0,0
107900191,0,0,0
107900193,0,0,0
107900194,0,0,0
107900195,0,0,0
107900196,0,0,0
107900197,0,0,0
107900199,0,0,0
107900201,0,0,0
107900203,0,0,0
107900204,0,0,0
107900206,0,0,0
107900207,0,0,0
107900208,0,0,0
107900209,0,0,0
107900210,0,0,0
107900213,0,0,0
107900214,0,0,0
107900215,0,0,0
107900216,0,0,0
107900217,0,0,0
107900218,0,0,0
107900219,0,0,0
107900220,0,0,0
107900221,0,0,0
107900223,0,0,0
107900224,0,0,0
107900225,0,0,0
107900226,0,0,0
107900227,0,0,0
107900228,0,0,0
107900229,0,0,0
107900230,0,0,0
107900231,0,0,0
107900232,0,0,0
107900233,0,0,0
107900234,0,0,0
107900235,0,0,0
107900236,0,0,0
107900237,0,0,0
107900238,0,0,0
107900239,0,0,0
107900240,0,0,0
107900241,0,0,0
107900242,0,0,0
107900243,0,0,0
107900244,0,0,0
107900245,0,0,0
107900246,0,0,0
107900248,0,0,0
107900249,0,0,0
107900250,0,0,0
107900251,0,0,0
107900252,0,0,0
107900253,0,0,0
107900254,0,0,0
107900255,0,0,0
107900256,0,0,0
107900257,0,0,0
107900258,0,0,0
107900259,0,0,0
107900261,0,0,0
107900262,0,0,0
107900264,0,0,0
107900265,0,0,0
107900267,0,0,0
107900268,0,0,0
107900269,0,0,0
107900270,0,0,0
107900271,0,0,0
107900272,0,0,0
107900273,0,0,0
107900274,0,0,0
107900275,0,0,0
107900276,0,0,0
107900277,0,0,0
107900278,0,0,0
107900279,0,0,0
107900280,0,0,0
107900281,0,0,0
107900282,0,0,0
107900283,0,0,0
107900284,0,0,0
107900285,0,0,0
107900286,0,0,0
107900287,0,0,0
107900290,0,0,0
107900291,0,0,0
107900292,0,0,0
107900293,0,0,0
107900295,0,0,0
107900297,0,0,0
107900298,0,0,0
107900299,0,0,0
107900301,1,50,-49
107900302,0,0,0
107900303,0,0,0
107900304,0,0,0
107900305,0,0,0
107900306,0,0,0
107900307,0,0,0
107900308,0,0,0
107900309,0,0,0
107900310,0,0,0
107900311,0,0,0
107900312,0,0,0
107900313,0,0,0
107900314,0,0,0
107900315,0,0,0
107900316,0,0,0
107900317,0,0,0
107900318,0,0,0
107900319,0,0,0
107900320,0,0,0
107900321,0,0,0
107900322,0,0,0
107900323,0,0,0
107900324,0,0,0
107900325,0,0,0
107900326,0,0,0
107900327,0,0,0
107900328,0,0,0
107900329,0,0,0
107900330,0,0,0
107900331,0,0,0
107900332,0,0,0
107900333,0,0,0
107900334,0,0,0
107900335,0,0,0
107900336,0,0,0
107900337,0,0,0
107900338,0,0,0
107900339,0,0,0
107900340,0,0,0
107900341,0,0,0
107900342,0,0,0
107900343,0,0,0
107900344,0,0,0
107900345,0,0,0
107900346,0,0,0
107900347,0,0,0
107900348,0,0,0
107900349,0,0,0
107900350,0,0,0
107900351,0,0,0
107900352,0,0,0
107900353,0,0,0
107900354,0,0,0
108000001,1945,1089,856
108000002,70,161,-91
108000003,1454,716,738
108000004,415,1298,-883
108000005,4322,1517,2805
108000006,134,528,-394
108000007,3771,936,2835
108000008,376,217,159
108000009,2382,1054,1328
108000010,154,281,-127
108000011,4329,1435,2894
108000012,601,540,61
108000014,202,2,200
108000015,560,5,555
108000016,0,1,-1
108000017,725,56,669
108000018,1171,62,1109
108000019,170,51,119
108000020,487,105,382
108000021,0,0,0
108000022,33,50,-17
108000023,646,42,604
108000024,204,32,172
108000025,29,2,27
108000026,361,34,327
108000027,39,0,39
108000028,238,9,229
108000029,44,0,44
108000030,280,8,272
108000031,1,0,1
108000032,1085,89,996
108000033,0,0,0
108000034,1072,54,1018
108000035,0,0,0
108000036,0,24,-24
108000037,495,48,447
108000038,814,66,748
108000039,2,25,-23
108000040,980,135,845
108000041,13,9,4
108000042,203,2,201
108000043,28,0,28
108000044,557,6,551
108000045,5,0,5
108000046,954,196,758
108000047,0,0,0
108000048,0,0,0
108000049,278,58,220
108000050,1,1,0
108000051,180,23,157
108000052,2,12,-10
108000053,253,17,236
108000054,26,6,20
108000055,321,78,243
108000056,27,19,8
108000057,245,388,-143
108000058,453,631,-178
108000059,2,123,-121
108000060,190,126,64
108000061,0,0,0
108000062,205,91,114
108000063,0,0,0
108000064,90,98,-8
108000065,0,0,0
108000066,404,37,367
108000067,814,29,785
108000068,653,90,563
108000069,0,0,0
108000070,1355,116,1239
108000071,0,0,0
108000072,1520,114,1406
108000073,0,0,0
108000074,534,123,411
108000075,0,0,0
108000076,748,236,512
108000077,0,0,0
108000078,1995,696,1299
108000079,0,0,0
108000080,961,230,731
108000081,0,0,0
108000082,0,0,0
108000083,97,39,58
108000084,0,0,0
108000085,81,65,16
108000086,0,0,0
108000087,64,228,-164
108000088,507,35,472
108000089,0,0,0
108000091,0,0,0
108000092,501,19,482
108000093,0,0,0
108000094,653,76,577
108000095,0,0,0
108000096,362,319,43
108000097,0,0,0
108000098,1122,106,1016
108000099,65,20,45
108000100,127,65,62
108000101,908,232,676
108000102,284,537,-253
108000106,199,0,199
108000107,0,0,0
108000108,95,2,93
108000109,0,0,0
108000110,33,0,33
108000111,0,0,0
108000112,3,48,-45
108000113,91,46,45
108000115,52,11,41
108000117,143,13,130
108000118,2,105,-103
108000119,67,2,65
108000120,529,145,384
108000121,84,21,63
108000122,457,60,397
108000123,509,65,444
108000124,0,0,0
108000125,443,41,402
108000126,0,0,0
108000127,457,50,407
108000128,0,0,0
108000129,0,0,0
108000130,310,31,279
108000131,262,101,161
108000132,0,0,0
108000133,742,43,699
108000134,0,0,0
108000135,1207,22,1185
108000136,0,0,0
108000137,39,19,20
108000138,10,34,-24
108000139,63,64,-1
108000140,0,0,0
108000141,0,0,0
108000142,0,0,0
108000143,0,0,0
108000144,0,0,0
108000145,0,0,0
108000146,0,0,0
108000147,0,0,0
108000148,0,0,0
108000149,0,0,0
108000150,0,0,0
108000151,0,0,0
108000152,0,0,0
108000153,0,0,0
108000154,0,0,0
108000155,0,0,0
108000156,0,0,0
108000157,0,0,0
108000158,0,0,0
108000159,12,2,10
108000160,126,10,116
108000161,228,110,118
108000165,0,0,0
108000172,0,0,0
108000173,0,0,0
108000175,266,24,242
108000178,0,0,0
108000179,69,500,-431
108000181,0,0,0
108000182,0,0,0
108000183,0,0,0
108000184,3,148,-145
108000185,0,0,0
108000186,0,0,0
108000187,0,0,0
108000188,0,0,0
108000189,63,14,49
108000190,0,0,0
108000192,0,0,0
108000193,1,119,-118
108000194,24,3,21
108000195,0,0,0
108000196,7,0,7
108000198,0,0,0
108000199,0,0,0
108000200,0,0,0
108000203,0,0,0
108000204,0,0,0
108000205,0,0,0
108000339,125,16,109
108000364,14,32,-18
108000365,4,10,-6
108000367,0,0,0
108000368,0,0,0
108000369,0,0,0
108000371,0,0,0
108000372,164,0,164
108000373,36,11,25
108000376,0,0,0
108000377,50,77,-27
108000378,5137,2595,2542
108000379,0,0,0
108000381,0,0,0
108000382,41,0,41
108000383,0,0,0
108900001,0,0,0
108900002,0,0,0
108900003,0,0,0
108900004,129,55,74
108900007,53,7,46
108900008,1,4,-3
108900009,12,0,12
108900010,0,0,0
108900011,81,15,66
108900012,15,3,12
108900013,58,11,47
108900014,0,0,0
108900015,0,0,0
108900016,0,0,0
108900017,0,0,0
108900018,0,0,0
108900019,0,0,0
108900020,0,0,0
108900021,0,0,0
108900022,0,0,0
108900023,0,0,0
108900024,0,0,0
108900025,0,0,0
108900026,0,0,0
108900027,0,0,0
108900028,0,0,0
108900029,0,0,0
108900030,0,0,0
108900031,0,0,0
108900032,0,0,0
108900033,0,0,0
108900034,0,0,0
108900035,0,0,0
108900038,0,0,0
108900039,0,0,0
108900040,0,0,0
108900041,187,119,68
108900042,0,0,0
108900043,0,0,0
108900044,0,0,0
108900045,0,0,0
108900046,0,0,0
108900047,0,0,0
108900048,0,0,0
108900049,0,0,0
108900050,0,0,0
108900051,0,0,0
108900052,0,0,0
108900053,0,0,0
108900054,0,0,0
108900055,0,0,0
108900056,0,0,0
108900057,0,0,0
108900058,0,0,0
108900059,0,0,0
108900060,2,7,-5
108900061,0,0,0
108900062,0,0,0
108900063,0,0,0
108900064,0,0,0
108900065,0,0,0
108900066,30,1,29
108900067,0,0,0
108900068,0,0,0
108900069,0,0,0
108900070,0,0,0
108900071,0,1,-1
108900072,0,0,0
108900073,0,0,0
108900074,0,0,0
108900075,0,0,0
108900076,6,1,5
108900077,0,0,0
108900078,0,0,0
108900079,0,0,0
108900080,0,0,0
108900081,0,0,0
108900082,0,0,0
108900083,0,0,0
108900085,0,0,0
108900086,0,0,0
108900087,0,0,0
108900088,15,2,13
108900089,0,0,0
108900090,0,0,0
108900091,0,0,0
108900092,119,13,106
108900093,0,0,0
108900094,0,0,0
108900095,0,0,0
108900096,0,0,0
108900097,34,2,32
108900098,0,0,0
108900099,50,2,48
108900100,0,0,0
108900101,0,0,0
108900102,0,0,0
108900103,0,0,0
108900105,0,0,0
108900106,28,0,28
108900108,0,0,0
108900109,0,0,0
108900110,12,4,8
108900111,20,1,19
108900113,0,0,0
108900114,0,0,0
108900115,0,0,0
108900116,0,0,0
108900117,0,0,0
108900118,0,0,0
108900119,0,0,0
108900120,0,0,0
108900121,0,0,0
108900122,0,0,0
108900123,0,0,0
108900124,0,0,0
108900125,0,0,0
108900126,0,0,0
108900127,0,0,0
108900128,0,0,0
108900129,0,0,0
108900130,0,0,0
108900131,0,0,0
108900132,0,0,0
108900133,0,0,0
108900134,0,0,0
108900135,0,0,0
108900136,0,0,0
108900137,0,0,0
108900138,0,0,0
108900140,0,0,0
108900141,0,0,0
108900142,0,0,0
108900143,0,0,0
108900144,0,0,0
108900145,0,0,0
108900146,0,0,0
108900147,0,0,0
108900148,0,0,0
108900150,0,0,0
108900151,0,0,0
108900152,0,0,0
108900153,0,0,0
108900154,4,0,4
108900156,0,0,0
108900157,0,0,0
108900158,0,0,0
108900159,0,0,0
108900160,0,0,0
108900161,0,0,0
108900162,0,0,0
108900163,0,0,0
108900164,0,0,0
108900168,0,0,0
108900169,0,0,0
108900171,55,70,-15
108900172,0,0,0
108900173,0,0,0
108900174,0,0,0
108900176,0,0,0
108900177,0,0,0
108900178,0,0,0
108900180,3,23,-20
108900183,0,0,0
108900184,56,1,55
108900185,0,0,0
108900186,0,0,0
108900189,26,0,26
108900190,0,0,0
108900192,0,0,0
108900195,0,0,0
108900196,0,0,0
108900199,0,0,0
108900200,0,0,0
108900201,0,0,0
108900203,0,0,0
108900204,0,0,0
108900205,0,0,0
108900206,0,0,0
108900207,0,0,0
108900208,0,0,0
108900209,0,0,0
108900210,0,0,0
108900211,0,0,0
108900212,0,0,0
108900215,0,0,0
108900216,0,0,0
108900217,0,0,0
108900218,0,0,0
108900221,0,0,0
108900224,0,0,0
108900225,0,0,0
108900227,0,0,0
108900230,0,0,0
108900232,0,0,0
108900233,0,0,0
108900234,0,0,0
108900235,0,0,0
108900236,0,0,0
108900240,0,0,0
108900241,0,0,0
108900245,0,0,0
108900250,0,0,0
108900258,0,0,0
108900259,0,0,0
108900260,0,0,0
108900261,0,0,0
108900262,0,0,0
108900263,0,0,0
108900264,0,0,0
108900265,0,0,0
108900266,0,0,0
108900267,0,0,0
108900268,0,0,0
108900269,0,0,0
108900270,0,0,0
108900271,0,0,0
108900272,0,0,0
108900273,0,0,0
108900274,0,0,0
109000001,684,463,221
109000002,0,366,-366
109000003,1725,183,1542
109000004,0,194,-194
109000005,1417,99,1318
109000006,0,103,-103
109000007,1347,174,1173
109000008,1,91,-90
109000009,1819,216,1603
109000010,10,212,-202
109000011,2179,398,1781
109000012,36,190,-154
109000013,2713,849,1864
109000014,60,198,-138
109000015,3437,542,2895
109000016,110,257,-147
109000017,1788,422,1366
109000018,104,222,-118
109000019,1571,217,1354
109000020,10,126,-116
109000023,8,0,8
109000024,0,0,0
109000025,0,0,0
109000026,62,0,62
109000027,0,0,0
109000028,13,0,13
109000029,0,0,0
109000030,0,0,0
109000031,217,36,181
109000032,0,0,0
109000033,184,24,160
109000034,0,0,0
109000035,0,0,0
109000036,3,3,0
109000037,0,0,0
109000038,58,34,24
109000039,0,0,0
109000040,0,0,0
109000041,73,81,-8
109000042,16,56,-40
109000044,93,33,60
109000045,0,0,0
109000046,148,17,131
109000047,0,0,0
109000048,209,31,178
109000049,0,0,0
109000050,212,73,139
109000051,0,0,0
109000052,0,0,0
109000053,0,0,0
109000054,0,0,0
109000055,0,0,0
109000056,0,0,0
109000057,0,0,0
109000058,0,0,0
109000059,0,0,0
109000060,3,2,1
109000061,0,0,0
109000062,1,2,-1
109000063,0,0,0
109000064,3,2,1
109000065,0,0,0
109000066,2,0,2
109000067,0,0,0
109000068,112,0,112
109000069,277,23,254
109000070,0,0,0
109000071,0,0,0
109000072,0,0,0
109000073,0,0,0
109000074,0,1,-1
109000075,0,0,0
109000076,14,36,-22
109000077,23,2,21
109000078,0,12,-12
109000079,1,1,0
109000080,8,0,8
109000081,14,12,2
109000082,50,1,49
109000083,21,7,14
109000088,0,23,-23
109000089,0,0,0
109000090,0,19,-19
109000091,0,0,0
109000092,4,26,-22
109000093,0,0,0
109000094,1,0,1
109000095,0,7,-7
109000096,63,17,46
109000097,0,0,0
109000098,18,22,-4
109000099,220,17,203
109000100,6,30,-24
109000101,263,32,231
109000102,10,42,-32
109000103,19,19,0
109000104,451,21,430
109000105,6,48,-42
109000106,294,9,285
109000107,11,34,-23
109000108,391,32,359
109000109,8,26,-18
109000110,99,98,1
109000111,7,130,-123
109000112,0,0,0
109000113,17,2,15
109000114,147,73,74
109000115,218,9,209
109000116,0,2,-2
109000117,86,1,85
109000118,0,1,-1
109000119,259,1,258
109000120,0,1,-1
109000121,311,15,296
109000122,1,4,-3
109000123,0,0,0
109000124,35,1,34
109000125,494,5,489
109000126,4,5,-1
109000127,570,16,554
109000128,15,11,4
109000129,592,28,564
109000130,1,2,-1
109000131,108,292,-184
109000132,16,66,-50
109000133,0,0,0
109000134,0,0,0
109000135,0,0,0
109000136,39,21,18
109000137,74,6,68
109000138,56,10,46
109000139,78,14,64
109000140,11,5,6
109000141,112,15,97
109000142,0,2,-2
109000143,0,0,0
109000145,0,0,0
109000146,44,42,2
109000148,0,0,0
109000149,0,0,0
109000150,12,65,-53
109000155,0,0,0
109000156,310,13,297
109000158,0,0,0
109000159,46,18,28
109000160,0,0,0
109000161,434,41,393
109000162,53,2,51
109000163,442,31,411
109000164,32,4,28
109000165,430,113,317
109000166,60,4,56
109000167,3,1,2
109000170,0,0,0
109000171,0,0,0
109000172,0,0,0
109000173,0,0,0
109000174,0,0,0
109000175,0,0,0
109000176,16,2,14
109000177,0,0,0
109000178,20,0,20
109000179,0,0,0
109000180,0,0,0
109000181,0,0,0
109000182,0,0,0
109000183,1,2,-1
109000184,0,0,0
109000185,0,2,-2
109000188,30,11,19
109000189,44,0,44
109000190,0,0,0
109000191,422,30,392
109000192,0,0,0
109000193,0,0,0
109000194,0,0,0
109000195,0,0,0
109000196,0,0,0
109000197,0,0,0
109000198,0,0,0
109000199,0,0,0
109000206,0,0,0
109000207,0,0,0
109000208,0,0,0
109000209,0,0,0
109000210,2,2,0
109000211,0,1,-1
109000214,54,31,23
109000215,261,29,232
109000216,17,210,-193
109000217,0,0,0
109000218,0,0,0
109000221,0,27,-27
109000222,10,18,-8
109000223,3,46,-43
109000224,0,0,0
109000225,1,1,0
109000226,40,0,40
109000227,47,6,41
109000228,0,0,0
109000231,0,8,-8
109000232,55,1,54
109000236,0,0,0
109000241,58,19,39
109000242,295,34,261
109000293,0,0,0
109000361,31,20,11
109000364,0,0,0
109000396,0,6,-6
109000397,2,0,2
109000399,1,5,-4
109000400,0,0,0
109000403,0,0,0
109000406,194,14,180
109000407,0,0,0
109000408,0,69,-69
109000410,0,0,0
109000411,28,1,27
109900001,0,0,0
109900002,0,0,0
109900003,0,0,0
109900004,0,0,0
109900005,0,0,0
109900006,0,0,0
109900007,0,0,0
109900008,0,0,0
109900009,0,0,0
109900010,0,0,0
109900011,0,0,0
109900012,0,0,0
109900013,0,0,0
109900014,0,0,0
109900015,0,0,0
109900016,0,0,0
109900017,0,0,0
109900018,0,0,0
109900019,0,0,0
109900020,0,0,0
109900021,0,0,0
109900022,15,0,15
109900023,0,0,0
109900024,0,0,0
109900025,0,0,0
109900026,0,0,0
109900027,0,0,0
109900028,0,0,0
109900029,0,0,0
109900030,0,0,0
109900031,0,0,0
109900032,0,0,0
109900033,0,0,0
109900034,0,0,0
109900035,0,0,0
109900036,0,0,0
109900037,0,0,0
109900038,0,0,0
109900039,0,0,0
109900040,0,0,0
109900041,0,0,0
109900042,0,0,0
109900044,0,0,0
109900045,0,0,0
109900046,46,5,41
109900047,0,0,0
109900048,0,0,0
109900049,0,0,0
109900050,0,0,0
109900051,0,0,0
109900052,0,0,0
109900053,0,0,0
109900054,0,0,0
109900055,0,0,0
109900056,0,0,0
109900057,0,0,0
109900058,0,0,0
109900059,0,0,0
109900060,0,0,0
109900061,0,0,0
109900062,0,0,0
109900063,0,0,0
109900064,16,0,16
109900065,0,0,0
109900066,0,0,0
109900067,0,0,0
109900068,0,0,0
109900069,0,0,0
109900070,0,0,0
109900071,0,0,0
109900072,0,0,0
109900073,0,0,0
109900074,0,0,0
109900075,0,0,0
109900076,0,0,0
109900077,0,0,0
109900078,0,0,0
109900080,0,0,0
109900081,0,0,0
109900082,0,0,0
109900083,0,0,0
109900084,0,0,0
109900085,0,0,0
109900086,0,0,0
109900087,0,0,0
109900089,0,0,0
109900090,0,0,0
109900091,0,0,0
109900092,0,0,0
109900093,0,0,0
109900094,0,0,0
109900095,0,0,0
109900096,0,0,0
109900097,0,0,0
109900098,0,0,0
109900099,0,0,0
109900100,0,0,0
109900101,0,0,0
109900102,0,0,0
109900103,0,0,0
109900104,0,0,0
109900105,0,0,0
109900106,0,0,0
109900107,0,0,0
109900108,0,0,0
109900109,0,0,0
109900110,0,0,0
109900111,0,0,0
109900112,0,0,0
109900113,0,0,0
109900114,0,0,0
109900115,0,0,0
109900117,0,0,0
109900118,0,0,0
109900119,0,0,0
109900120,0,0,0
109900121,0,0,0
109900122,0,0,0
109900123,0,0,0
109900124,0,0,0
109900125,0,0,0
109900126,0,0,0
109900128,0,0,0
109900130,0,0,0
109900131,0,0,0
109900132,0,0,0
109900133,0,0,0
109900134,0,0,0
109900135,0,0,0
109900136,0,0,0
109900137,0,0,0
109900140,0,0,0
109900142,0,0,0
109900145,0,0,0
109900146,0,0,0
109900148,0,0,0
109900149,0,0,0
109900150,0,0,0
109900151,0,0,0
109900152,0,0,0
109900153,0,0,0
109900154,0,0,0
109900155,0,0,0
109900157,0,0,0
109900158,0,0,0
109900159,0,0,0
109900160,0,0,0
109900161,0,0,0
109900162,0,0,0
109900163,0,0,0
109900164,0,0,0
109900165,0,0,0
109900166,0,0,0
109900167,0,0,0
109900168,0,0,0
109900169,0,0,0
109900170,0,0,0
109900171,0,0,0
109900172,0,0,0
109900173,0,0,0
109900174,0,0,0
109900175,0,0,0
109900176,0,0,0
109900177,0,0,0
109900178,0,0,0
109900179,0,0,0
109900180,0,0,0
110000001,63,67,-4
110000002,637,301,336
110000003,101,271,-170
110000004,569,176,393
110000005,51,55,-4
110000006,1,41,-40
110000007,5,4,1
110000008,0,0,0
110000009,0,0,0
110000010,0,0,0
110000011,12,0,12
110000012,0,0,0
110000013,1,16,-15
110000014,5,15,-10
110000015,5,4,1
110000016,38,34,4
110000017,61,107,-46
110000018,7,24,-17
110000019,0,0,0
110000020,0,0,0
110000021,19,7,12
110000022,0,0,0
110000023,0,0,0
110000024,0,0,0
110000025,0,0,0
110000026,0,0,0
110000027,14,45,-31
110000028,141,6,135
110000029,0,0,0
110000030,75,8,67
110000031,0,0,0
110000032,95,8,87
110000033,2,17,-15
110000034,5,0,5
110000035,47,55,-8
110000036,48,0,48
110000037,5,33,-28
110000038,20,4,16
110000039,144,82,62
110000040,0,0,0
110000041,196,148,48
110000042,0,0,0
110000043,102,68,34
110000044,0,0,0
110000045,2,20,-18
110000046,0,0,0
110000047,0,10,-10
110000048,0,0,0
110000049,0,1,-1
110000050,0,0,0
110000051,0,0,0
110000052,2,11,-9
110000053,0,0,0
110000054,0,0,0
110000055,32,3,29
110000056,90,23,67
110000057,0,0,0
110000058,100,63,37
110000059,22,47,-25
110000060,775,185,590
110000061,70,132,-62
110000062,651,161,490
110000063,0,0,0
110000064,26,5,21
110000065,0,0,0
110000066,0,0,0
110000067,7,2,5
110000068,1,29,-28
110000069,0,0,0
110000071,0,0,0
110000073,0,0,0
110000075,0,0,0
110000076,0,0,0
110000077,0,0,0
110000078,0,0,0
110000080,35,5,30
110000081,0,0,0
110000082,0,0,0
110000083,46,87,-41
110000084,356,142,214
110000085,233,323,-90
110000086,344,153,191
110000087,1,22,-21
110000088,0,107,-107
110000089,275,1,274
110000090,0,0,0
110000091,0,0,0
110000092,0,0,0
110000093,51,2,49
110000094,1,0,1
110000095,375,56,319
110000096,99,50,49
110000097,541,92,449
110000098,381,53,328
110000099,35,79,-44
110000100,59,0,59
110000101,0,0,0
110000102,0,0,0
110000104,0,0,0
110000105,17,11,6
110000106,0,0,0
110000107,2,48,-46
110000108,335,14,321
110000109,0,0,0
110000110,791,159,632
110000111,0,0,0
110000112,0,0,0
110000113,0,0,0
110000114,1,1,0
110000115,22,15,7
110000116,3,10,-7
110000117,0,0,0
110000118,109,13,96
110000119,0,0,0
110000120,32,1,31
110000121,0,0,0
110000122,19,7,12
110000123,57,45,12
110000124,0,0,0
110000125,248,18,230
110000126,115,3,112
110000127,271,5,266
110000128,0,0,0
110000129,0,0,0
110000130,74,8,66
110000131,0,0,0
110000132,0,0,0
110000133,0,0,0
110000134,0,0,0
110000135,10,0,10
110000136,0,0,0
110000137,154,2,152
110000138,0,0,0
110000139,116,5,111
110000140,561,13,548
110000143,76,11,65
110000144,965,244,721
110000145,302,93,209
110000146,603,78,525
110000147,0,0,0
110000148,59,4,55
110000151,13,59,-46
110000152,1,15,-14
110000153,0,0,0
110000154,0,0,0
110000155,30,330,-300
110000156,25,118,-93
110000157,40,250,-210
110000160,0,0,0
110000161,0,0,0
110000166,0,0,0
110000167,428,49,379
110000168,386,73,313
110000169,184,103,81
110000170,7,27,-20
110000171,197,5,192
110000172,17,38,-21
110000173,66,8,58
110000174,0,0,0
110000175,32,0,32
110000176,50,25,25
110000177,11,74,-63
110000178,139,56,83
110000179,54,86,-32
110000180,95,47,48
110000181,115,19,96
110000182,71,0,71
110000183,260,194,66
110000184,72,94,-22
110000185,0,0,0
110000186,0,0,0
110000191,116,0,116
110000192,0,0,0
110000193,0,0,0
110000194,0,0,0
110000195,0,0,0
110000196,0,0,0
110000197,0,0,0
110000198,0,0,0
110000199,0,0,0
110000200,3,0,3
110000201,0,0,0
110000202,0,0,0
110000203,0,0,0
110000204,0,0,0
110000205,0,0,0
110000206,0,0,0
110000207,0,0,0
110000208,0,0,0
110000209,0,0,0
110000210,768,161,607
110000211,503,158,345
110000212,102,85,17
110000213,13,0,13
110000214,17,0,17
110000215,0,0,0
110000216,0,0,0
110000217,181,0,181
110000218,0,0,0
110000219,56,0,56
110000220,0,0,0
110000221,31,0,31
110000222,0,0,0
110000223,0,0,0
110000224,0,0,0
110000225,0,0,0
110000226,278,18,260
110000227,0,0,0
110000228,38,1,37
110000229,0,0,0
110000230,238,73,165
110000231,61,82,-21
110000232,0,0,0
110000233,62,12,50
110000234,121,11,110
110000235,148,44,104
110000236,0,0,0
110000237,0,0,0
110000238,340,87,253
110000239,0,0,0
110000240,0,0,0
110000242,0,0,0
110000243,0,0,0
110000244,0,0,0
110000245,0,0,0
110000246,12,9,3
110000247,68,83,-15
110000248,97,36,61
110000249,0,0,0
110000250,0,2,-2
110000251,6,3,3
110000252,53,6,47
110000253,65,21,44
110000254,0,0,0
110000255,0,0,0
110000256,32,69,-37
110000257,26,0,26
110000258,0,8,-8
110000259,0,0,0
110000260,0,2,-2
110000263,0,0,0
110000264,10,5,5
110000265,926,122,804
110000266,384,327,57
110000267,0,0,0
110000268,0,0,0
110000269,0,0,0
110000270,0,0,0
110000271,198,10,188
110000272,136,163,-27
110000273,112,175,-63
110000274,22,208,-186
110000275,138,40,98
110000276,36,74,-38
110000277,423,40,383
110000278,3,124,-121
110000279,502,76,426
110000280,257,51,206
110000281,0,0,0
110000282,44,0,44
110000283,0,0,0
110000284,0,0,0
110000285,0,0,0
110000286,10,22,-12
110000287,26,1,25
110000288,0,0,0
110000289,0,0,0
110000290,0,0,0
110000291,237,12,225
110000292,0,0,0
110000293,95,8,87
110000294,0,0,0
110000295,65,7,58
110000296,0,0,0
110000297,0,0,0
110000298,0,0,0
110000299,0,0,0
110000301,0,0,0
110000302,0,0,0
110000303,0,0,0
110000304,0,0,0
110000305,67,0,67
110000306,0,0,0
110000307,76,0,76
110000308,75,0,75
110000309,0,0,0
110000310,103,0,103
110000311,0,0,0
110000312,18,2,16
110000313,0,0,0
110000314,0,0,0
110000315,28,160,-132
110000316,6,100,-94
110000317,0,0,0
110000318,0,0,0
110000319,0,0,0
110000320,0,0,0
110000321,0,0,0
110000322,3,23,-20
110000323,0,0,0
110000324,0,0,0
110000325,383,242,141
110000327,154,9,145
110000328,0,0,0
110000333,90,140,-50
110000334,3,12,-9
110000335,50,17,33
110000336,2,23,-21
110000337,585,165,420
110000338,28,1,27
110000339,37,14,23
110000340,0,1,-1
110000341,70,0,70
110000342,11,0,11
110000343,0,0,0
110000344,0,0,0
110000345,3,5,-2
110000346,347,188,159
110000347,546,155,391
110000348,0,0,0
110000349,0,0,0
110000350,0,0,0
110000351,355,61,294
110000352,0,0,0
110000353,574,42,532
110000354,0,12,-12
110000355,0,0,0
110000356,99,0,99
110000357,0,0,0
110000361,0,0,0
110000362,0,0,0
110000363,60,0,60
110000364,53,66,-13
110000365,29,0,29
110000366,0,0,0
110000367,0,0,0
110000368,0,0,0
110000369,27,0,27
110000373,0,0,0
110000374,0,0,0
110000375,70,24,46
110000376,0,0,0
110000377,46,133,-87
110000378,0,0,0
110000379,512,140,372
110000380,126,0,126
110000383,0,0,0
110000384,108,0,108
110000385,0,0,0
110000387,13,0,13
110000388,0,0,0
110000389,554,8,546
110000391,184,37,147
110000396,0,0,0
110000397,0,0,0
110000398,0,0,0
110000399,485,1,484
110000587,3,0,3
110000589,4,1,3
110000640,0,0,0
110000652,0,0,0
110000653,0,0,0
110000654,0,0,0
110000656,0,0,0
110000674,0,0,0
110000675,0,0,0
110000676,0,0,0
110000679,6,9,-3
110000682,14,25,-11
110000683,87,25,62
110000684,0,0,0
110000685,0,0,0
110000686,0,0,0
110000687,0,0,0
110000688,28,0,28
110000689,0,0,0
110000692,0,4,-4
110000693,0,0,0
110000694,0,0,0
110000695,0,0,0
110000696,59,4,55
110900001,0,0,0
110900002,0,0,0
110900003,0,0,0
110900004,0,0,0
110900005,0,0,0
110900006,0,0,0
110900007,0,0,0
110900008,0,0,0
110900009,0,0,0
110900010,0,0,0
110900011,0,0,0
110900012,0,0,0
110900013,0,0,0
110900014,0,0,0
110900015,0,0,0
110900016,0,0,0
110900017,0,0,0
110900018,0,0,0
110900019,0,0,0
110900020,0,0,0
110900021,0,0,0
110900022,0,0,0
110900023,0,0,0
110900024,0,0,0
110900025,0,0,0
110900027,0,0,0
110900028,0,0,0
110900029,0,0,0
110900030,0,0,0
110900031,0,0,0
110900032,0,0,0
110900033,0,0,0
110900035,0,0,0
110900036,0,0,0
110900037,0,0,0
110900038,0,0,0
110900039,0,0,0
110900040,0,0,0
110900041,0,0,0
110900042,0,0,0
110900043,0,0,0
110900044,0,0,0
110900045,0,0,0
110900046,0,0,0
110900047,0,0,0
110900049,0,0,0
110900050,0,0,0
110900051,0,0,0
110900052,0,0,0
110900053,0,0,0
110900054,0,0,0
110900055,0,0,0
110900056,0,0,0
110900057,0,0,0
110900058,0,0,0
110900059,0,0,0
110900060,0,0,0
110900061,0,0,0
110900062,0,0,0
110900063,0,0,0
110900064,0,0,0
110900065,0,0,0
110900066,0,0,0
110900067,0,0,0
110900068,0,0,0
110900069,0,0,0
110900070,0,0,0
110900071,0,0,0
110900073,0,0,0
110900074,0,0,0
110900075,0,0,0
110900077,0,0,0
110900078,0,0,0
110900079,66,13,53
110900080,0,0,0
110900081,0,0,0
110900082,0,0,0
110900083,0,0,0
110900084,0,0,0
110900085,0,0,0
110900086,0,0,0
110900087,0,0,0
110900088,0,0,0
110900090,0,0,0
110900091,0,0,0
110900093,0,0,0
110900095,0,0,0
110900097,0,0,0
110900098,0,0,0
110900099,0,0,0
110900100,0,0,0
110900102,0,0,0
110900105,0,0,0
110900108,0,0,0
110900111,0,0,0
110900112,0,0,0
110900113,0,0,0
110900115,0,0,0
110900116,0,0,0
110900118,0,0,0
110900119,0,0,0
110900120,0,0,0
110900121,0,0,0
110900122,0,0,0
110900125,0,0,0
110900127,0,0,0
110900128,0,0,0
110900129,0,0,0
110900130,0,0,0
110900131,0,0,0
110900132,0,0,0
110900133,0,0,0
110900135,0,0,0
110900136,0,0,0
110900138,0,0,0
110900139,0,0,0
110900140,0,0,0
110900141,0,0,0
110900142,0,0,0
110900143,0,0,0
110900144,0,0,0
110900145,0,0,0
110900146,0,0,0
110900147,0,0,0
110900148,0,0,0
110900149,0,0,0
110900150,0,0,0
110900151,0,0,0
110900152,0,0,0
110900153,0,0,0
111000001,57,47,10
111000002,0,0,0
111000003,446,90,356
111000004,0,0,0
111000005,573,60,513
111000006,0,0,0
111000007,720,132,588
111000008,0,0,0
111000009,28,130,-102
111000010,468,135,333
111000011,30,40,-10
111000012,265,71,194
111000013,8,53,-45
111000014,722,107,615
111000017,0,0,0
111000018,0,0,0
111000020,0,0,0
111000021,41,2,39
111000023,36,6,30
111000025,94,150,-56
111000029,0,0,0
111000030,0,0,0
111000031,474,93,381
111000032,41,17,24
111000033,58,8,50
111000034,4,40,-36
111000037,0,0,0
111000038,33,15,18
111000039,2,6,-4
111000040,0,16,-16
111000041,0,0,0
111000042,0,0,0
111000043,821,101,720
111000044,800,90,710
111000045,1032,112,920
111000046,492,128,364
111000047,624,172,452
111000049,70,11,59
111000050,0,0,0
111000051,0,0,0
111000052,0,0,0
111000053,0,0,0
111000054,0,0,0
111000055,3,0,3
111000056,0,0,0
111000057,0,0,0
111000058,107,0,107
111000059,362,135,227
111000060,1649,136,1513
111000061,112,21,91
111000062,448,2,446
111000063,664,36,628
111000064,619,44,575
111000065,597,54,543
111000066,239,18,221
111000067,0,0,0
111000068,0,0,0
111000069,0,0,0
111000070,0,0,0
111000071,0,0,0
111000072,804,121,683
111000073,396,156,240
111000074,958,150,808
111000075,188,25,163
111000076,293,33,260
111000077,719,203,516
111000078,196,18,178
111000079,231,26,205
111000080,118,39,79
111000081,73,69,4
111000082,155,36,119
111000084,90,161,-71
111000085,49,30,19
111000086,114,16,98
111000087,123,11,112
111000088,118,29,89
111000089,146,10,136
111000090,39,50,-11
111000091,0,0,0
111000092,0,0,0
111000093,0,0,0
111000094,34,0,34
111000095,9,14,-5
111000096,43,34,9
111000097,0,0,0
111000098,0,0,0
111000099,0,0,0
111000100,0,0,0
111000101,0,0,0
111000102,0,0,0
111000104,98,16,82
111000107,0,0,0
111000109,99,40,59
111000110,286,87,199
111000111,1031,24,1007
111000112,831,24,807
111000113,384,149,235
111000114,266,125,141
111000115,1239,133,1106
111000116,251,38,213
111000117,46,19,27
111000118,142,28,114
111000119,314,54,260
111000120,261,50,211
111000121,68,37,31
111000122,3,0,3
111000123,1,1,0
111000124,0,0,0
111000125,0,0,0
111000126,0,0,0
111000127,186,8,178
111000128,755,14,741
111000129,899,16,883
111000130,1253,43,1210
111000131,880,19,861
111000132,362,79,283
111000133,11,26,-15
111000134,33,15,18
111000135,0,0,0
111000136,309,4,305
111000138,7,0,7
111000140,0,0,0
111000141,1,2,-1
111000142,0,0,0
111000143,0,0,0
111000144,0,0,0
111000145,3,0,3
111000146,7,1,6
111000147,13,2,11
111000148,54,4,50
111000149,0,0,0
111000150,15,1,14
111000151,0,0,0
111000153,116,3,113
111000154,1,6,-5
111000155,42,3,39
111000156,154,25,129
111000157,71,135,-64
111000158,215,194,21
111000159,270,141,129
111000160,80,31,49
111000161,0,73,-73
111000162,0,0,0
111000163,0,0,0
111000164,0,0,0
111000165,208,10,198
111000166,0,0,0
111000167,0,0,0
111000168,23,32,-9
111000169,30,33,-3
111000170,70,3,67
111000171,45,14,31
111000172,10,11,-1
111000173,69,11,58
111000174,2,4,-2
111000175,2,8,-6
111000176,0,0,0
111000177,0,0,0
111000178,0,0,0
111000179,0,0,0
111000180,0,0,0
111000181,102,1,101
111000182,63,0,63
111000183,52,7,45
111000184,72,20,52
111000185,14,4,10
111000186,16,0,16
111000187,20,0,20
111000188,1,5,-4
111000189,0,0,0
111000190,0,0,0
111000191,0,0,0
111000192,0,0,0
111000193,0,0,0
111000194,0,0,0
111000195,0,0,0
111000196,0,0,0
111000197,77,6,71
111000198,110,1,109
111000199,125,4,121
111000200,291,12,279
111000201,98,6,92
111000202,116,4,112
111000203,178,19,159
111000204,38,214,-176
111000213,121,47,74
111000214,237,58,179
111000215,166,54,112
111000217,265,14,251
111000218,50,154,-104
111000219,0,0,0
111000220,169,67,102
111000221,28,17,11
111000224,0,0,0
111000225,60,20,40
111000226,1,8,-7
111000227,4,0,4
111000228,0,0,0
111000229,0,0,0
111000230,13,8,5
111000231,155,22,133
111000232,0,0,0
111000233,0,0,0
111000234,0,0,0
111000239,0,0,0
111000240,36,11,25
111000241,0,0,0
111000242,30,2,28
111000243,0,0,0
111000244,30,3,27
111000245,156,30,126
111000246,157,25,132
111000247,0,0,0
111000248,109,35,74
111000249,0,0,0
111000250,0,0,0
111000251,0,0,0
111000253,0,0,0
111000255,0,0,0
111000257,0,0,0
111000260,0,0,0
111000261,87,10,77
111000271,0,0,0
111000273,52,15,37
111000274,206,199,7
111000275,58,3,55
111000276,0,0,0
111000277,0,0,0
111000278,161,5,156
111000291,331,373,-42
111000298,0,0,0
111000299,57,0,57
111000300,0,0,0
111000302,0,0,0
111000303,0,0,0
111000312,0,0,0
111000315,0,0,0
111000320,3,2,1
111000321,13,26,-13
111000322,38,9,29
111000323,4,6,-2
111000324,7,1,6
111000325,0,0,0
111000326,86,5,81
111000327,66,22,44
111000328,18,39,-21
111000329,0,0,0
111000330,6,0,6
111000331,35,1,34
111000332,76,113,-37
111000334,5,17,-12
111000335,49,4,45
111000337,165,1,164
111000338,3,0,3
111000339,0,0,0
111000340,2,2,0
111000341,144,4,140
111000342,0,0,0
111000344,167,28,139
111000345,7,8,-1
111000346,0,0,0
111000347,3,0,3
111000350,14,3,11
111000351,0,0,0
111000352,36,2,34
111000353,0,0,0
111000354,26,3,23
111000355,0,0,0
111000358,43,16,27
111000360,30,6,24
111000361,39,4,35
111000546,3,0,3
111000547,140,7,133
111000548,0,0,0
111000549,93,9,84
111000550,0,3,-3
111000551,92,13,79
111000552,6,8,-2
111000907,276,0,276
111000908,4,0,4
111000916,137,8,129
111000917,0,0,0
111000918,10,8,2
111000920,47,1,46
111000921,0,0,0
111000922,0,0,0
111000924,0,0,0
111000925,1871,183,1688
111000926,117,67,50
111000927,1743,427,1316
111000928,364,329,35
111000929,1202,135,1067
111000930,28,133,-105
111000931,1348,345,1003
111000932,188,121,67
111000933,1722,527,1195
111000934,19,99,-80
111000935,767,126,641
111000936,0,54,-54
111000937,670,221,449
111000938,8,136,-128
111000939,155,2,153
111000940,0,0,0
111000941,24,14,10
111000943,0,0,0
111000944,17,10,7
111000945,7,0,7
111001109,223,3,220
111001110,0,0,0
111001111,1,0,1
111001112,198,0,198
111001113,0,101,-101
111001114,1,3,-2
111001115,0,0,0
111001116,409,55,354
111001117,0,0,0
111001120,9,7,2
111001121,0,0,0
111001122,0,0,0
111001123,2,6,-4
111001124,0,0,0
111001125,0,79,-79
111001126,0,0,0
111001127,0,0,0
111001128,47,108,-61
111900001,0,0,0
111900002,0,0,0
111900003,0,0,0
111900004,0,0,0
111900006,0,0,0
111900007,0,0,0
111900008,0,0,0
111900009,0,0,0
111900010,0,0,0
111900012,0,0,0
111900013,0,0,0
111900014,7,0,7
111900015,0,0,0
111900016,0,0,0
111900017,0,0,0
111900018,0,0,0
111900019,0,0,0
111900020,0,0,0
111900021,0,0,0
111900022,0,0,0
111900023,0,0,0
111900024,0,0,0
111900025,0,0,0
111900026,0,0,0
111900027,0,0,0
111900028,0,0,0
111900029,0,0,0
111900030,0,0,0
111900031,0,0,0
111900032,0,0,0
111900033,0,0,0
111900034,0,0,0
111900035,0,0,0
111900036,0,0,0
111900038,0,0,0
111900039,0,0,0
111900040,0,0,0
111900042,0,0,0
111900043,0,0,0
111900044,0,0,0
111900046,0,0,0
111900048,0,0,0
111900049,0,0,0
111900050,0,0,0
111900051,0,0,0
111900052,0,0,0
111900053,0,0,0
111900054,0,0,0
111900055,0,0,0
111900056,0,0,0
111900057,11,0,11
111900058,0,0,0
111900059,27,15,12
111900060,0,0,0
111900061,0,0,0
111900062,0,0,0
111900063,0,0,0
111900064,1,0,1
111900065,0,0,0
111900066,0,0,0
111900067,0,0,0
111900068,0,0,0
111900069,0,0,0
111900070,0,0,0
111900071,0,0,0
111900072,0,0,0
111900073,0,0,0
111900074,0,0,0
111900075,0,0,0
111900076,0,0,0
111900077,0,0,0
111900078,0,0,0
111900079,0,0,0
111900080,0,0,0
111900082,0,0,0
111900083,0,0,0
111900084,0,0,0
111900085,0,0,0
111900086,0,0,0
111900087,0,0,0
111900088,0,0,0
111900089,0,0,0
111900090,0,0,0
111900091,0,0,0
111900092,0,0,0
111900093,0,0,0
111900094,0,0,0
111900095,0,0,0
111900096,0,0,0
111900097,0,0,0
111900098,0,0,0
111900099,0,0,0
111900100,0,0,0
111900101,0,0,0
111900102,0,0,0
111900103,0,0,0
111900104,0,0,0
111900105,0,0,0
111900106,0,0,0
111900110,0,0,0
111900111,18,0,18
111900112,0,0,0
111900113,0,0,0
111900118,0,0,0
111900119,0,0,0
111900122,0,0,0
111900123,0,0,0
111900124,0,0,0
111900125,0,0,0
111900126,0,0,0
111900127,0,0,0
111900128,0,0,0
111900129,0,0,0
111900130,0,0,0
111900131,0,0,0
111900132,0,0,0
111900133,0,0,0
111900134,0,0,0
111900135,0,0,0
111900136,0,0,0
111900137,0,0,0
111900138,0,0,0
111900139,0,0,0
111900140,0,0,0
111900141,0,0,0
111900142,0,0,0
111900143,0,0,0
111900144,0,0,0
111900145,0,0,0
111900146,0,0,0
111900147,0,0,0
111900148,0,0,0
111900149,0,0,0
111900150,0,0,0
111900151,0,0,0
111900152,0,0,0
111900153,0,0,0
111900154,0,0,0
111900155,0,0,0
111900156,0,0,0
111900157,0,0,0
111900158,0,0,0
111900159,0,0,0
111900160,0,0,0
111900161,0,0,0
111900162,0,0,0
111900163,0,0,0
111900164,0,0,0
111901113,0,0,0
111901114,0,0,0
111901115,0,0,0
111901116,0,0,0
111901117,0,0,0
111901118,0,0,0
111901119,0,0,0
111901121,0,0,0
111901122,0,0,0
111901123,0,0,0
111901124,0,0,0
111901125,9,34,-25
111901127,0,0,0
111901128,0,0,0
111901129,0,0,0
111901130,0,0,0
111901131,0,0,0
111901132,0,0,0
111901133,0,0,0
111901134,0,0,0
111901135,0,0,0
111901136,0,0,0
111901138,0,0,0
111901139,0,0,0
111901140,0,0,0
111901141,0,0,0
111901142,0,0,0
111901143,0,0,0
111901144,0,0,0
111901145,0,0,0
111901146,0,0,0
111901147,0,0,0
111901148,0,0,0
111901149,0,0,0
111901150,0,0,0
111901151,0,0,0
112000001,1189,321,868
112000002,0,0,0
112000003,539,105,434
112000004,0,0,0
112000005,2655,1107,1548
112000006,0,0,0
112000007,955,848,107
112000008,1705,1620,85
112000009,582,61,521
112000010,289,821,-532
112000011,145,29,116
112000012,539,1328,-789
112000013,87,75,12
112000014,151,596,-445
112000015,0,0,0
112000016,62,250,-188
112000017,0,0,0
112000024,0,0,0
112000026,0,0,0
112000027,467,430,37
112000028,0,0,0
112000029,0,0,0
112000030,0,0,0
112000031,2,40,-38
112000032,0,0,0
112000033,0,44,-44
112000034,0,0,0
112000035,0,0,0
112000036,0,0,0
112000037,0,0,0
112000038,0,0,0
112000039,38,7,31
112000040,0,0,0
112000041,0,0,0
112000042,0,0,0
112000050,652,382,270
112000051,608,895,-287
112000054,13,144,-131
112000057,0,0,0
112000058,0,2,-2
112000059,0,0,0
112000061,0,0,0
112000062,7,83,-76
112000063,0,0,0
112000064,0,0,0
112000065,0,0,0
112000066,65,266,-201
112000067,0,0,0
112000068,63,165,-102
112000069,0,0,0
112000070,30,45,-15
112000071,0,0,0
112000072,99,4,95
112000073,0,0,0
112000074,75,18,57
112000075,287,74,213
112000076,72,57,15
112000077,56,8,48
112000078,179,37,142
112000079,82,20,62
112000080,76,28,48
112000081,22,153,-131
112000082,193,132,61
112000083,80,16,64
112000084,171,56,115
112000085,278,12,266
112000086,311,71,240
112000087,55,9,46
112000088,62,41,21
112000089,2,7,-5
112000090,29,5,24
112000091,18,24,-6
112000092,1040,82,958
112000093,125,21,104
112000094,380,95,285
112000095,199,7,192
112000096,445,106,339
112000097,497,271,226
112000098,0,0,0
112000099,36,1095,-1059
112000100,626,116,510
112000101,0,0,0
112000102,324,60,264
112000103,0,0,0
112000105,0,0,0
112000106,429,117,312
112000107,3,2,1
112000108,0,0,0
112000109,57,2,55
112000110,294,13,281
112000111,1,28,-27
112000112,235,6,229
112000113,7,3,4
112000114,288,19,269
112000115,0,0,0
112000116,0,0,0
112000117,0,0,0
112000118,0,0,0
112000119,0,0,0
112000120,0,0,0
112000121,0,0,0
112000122,78,10,68
112000123,102,13,89
112000124,3,3,0
112000125,18,6,12
112000126,0,0,0
112000127,51,67,-16
112000128,0,0,0
112000129,91,2,89
112000130,0,0,0
112000131,0,0,0
112000132,0,0,0
112000133,75,1,74
112000134,88,15,73
112000135,149,26,123
112000136,4,10,-6
112000137,253,97,156
112000138,9,0,9
112000139,1,25,-24
112000140,0,0,0
112000141,12,3,9
112000142,0,0,0
112000143,151,0,151
112000144,0,0,0
112000145,321,5,316
112000146,0,0,0
112000147,99,13,86
112000148,0,0,0
112000149,8,12,-4
112000150,0,0,0
112000151,40,1,39
112000152,0,0,0
112000153,5,0,5
112000154,35,0,35
112000155,0,0,0
112000157,28,309,-281
112000158,3,5,-2
112000159,0,0,0
112000167,0,0,0
112000169,0,0,0
112000173,0,0,0
112000175,12,2,10
112000176,0,0,0
112000177,0,0,0
112000178,0,0,0
112000179,0,0,0
112000180,0,0,0
112000181,52,19,33
112000182,188,12,176
112000183,35,0,35
112000184,1,2,-1
112000185,0,0,0
112000187,0,0,0
112000195,0,0,0
112000196,0,0,0
112000197,0,0,0
112000198,0,0,0
112000199,0,0,0
112000202,377,0,377
112000216,0,0,0
112000230,0,0,0
112000231,0,0,0
112000256,14,15,-1
112000313,0,0,0
112000314,0,0,0
112000337,0,0,0
112000352,0,0,0
112000392,110,144,-34
112000398,274,69,205
112000399,257,1747,-1490
112000400,4,44,-40
112000401,30,45,-15
112000402,493,1606,-1113
112000403,103,961,-858
112000404,130,348,-218
112000405,927,521,406
112000406,16,96,-80
112000407,2560,346,2214
112000408,47,76,-29
112000409,4,70,-66
112000410,0,0,0
112000411,0,0,0
112000412,0,0,0
112000413,0,0,0
112000414,0,0,0
112000415,0,0,0
112000416,697,194,503
112000417,11,10,1
112000421,0,0,0
112000422,9,2,7
112000424,0,0,0
112000425,0,0,0
112000426,0,0,0
112000427,0,0,0
112000428,0,0,0
112000429,291,331,-40
112000430,403,588,-185
112000431,30,8,22
112000432,0,0,0
112000433,15,115,-100
112000437,5,6,-1
112900001,0,0,0
112900002,0,0,0
112900003,0,0,0
112900004,0,0,0
112900005,0,0,0
112900006,0,0,0
112900007,0,0,0
112900008,0,0,0
112900009,0,0,0
112900010,0,0,0
112900011,0,0,0
112900012,0,0,0
112900013,0,0,0
112900014,0,0,0
112900015,0,0,0
112900016,0,0,0
112900017,0,0,0
112900018,0,0,0
112900019,0,0,0
112900020,0,0,0
112900021,0,0,0
112900022,0,0,0
112900023,0,0,0
112900024,0,0,0
112900025,0,0,0
112900026,0,0,0
112900027,0,0,0
112900028,0,0,0
112900029,0,0,0
112900030,0,0,0
112900031,0,0,0
112900032,0,0,0
112900034,0,0,0
112900035,0,0,0
112900036,0,0,0
112900037,0,0,0
112900038,0,0,0
112900039,0,0,0
112900040,0,0,0
112900041,0,0,0
112900042,0,0,0
112900043,0,0,0
112900044,0,0,0
112900045,0,0,0
112900046,0,0,0
112900047,0,0,0
112900049,0,0,0
112900050,0,0,0
112900051,0,0,0
112900052,0,0,0
112900053,0,0,0
112900054,0,0,0
112900055,0,0,0
112900056,0,0,0
112900057,0,0,0
112900058,0,0,0
112900059,0,0,0
112900060,0,0,0
112900061,0,0,0
112900062,0,0,0
112900063,0,0,0
112900064,0,0,0
112900065,0,0,0
112900066,0,0,0
112900067,0,0,0
112900068,0,0,0
112900069,0,0,0
112900071,0,0,0
112900072,0,0,0
112900073,0,0,0
112900074,0,0,0
112900075,0,0,0
112900076,0,0,0
112900078,0,0,0
112900079,0,0,0
112900080,0,0,0
112900081,0,0,0
112900082,0,0,0
112900083,0,0,0
112900084,0,0,0
112900086,0,0,0
112900087,0,0,0
112900088,0,0,0
112900089,0,0,0
112900090,0,0,0
112900091,0,0,0
112900092,0,0,0
112900093,0,0,0
112900095,0,0,0
112900096,0,0,0
112900097,0,0,0
112900098,0,0,0
112900099,0,0,0
112900100,0,0,0
112900101,0,0,0
112900102,0,0,0
112900103,0,0,0
112900104,0,0,0
112900105,0,0,0
112900106,0,0,0
112900107,0,0,0
112900108,0,0,0
112900109,0,0,0
112900110,0,0,0
112900111,0,0,0
112900112,0,0,0
112900113,0,0,0
112900114,0,0,0
112900115,0,0,0
112900116,0,0,0
112900117,0,0,0
112900118,0,0,0
112900119,0,0,0
112900120,0,0,0
112900121,0,0,0
112900122,0,0,0
112900123,0,0,0
112900124,0,0,0
112900125,0,0,0
112900126,0,0,0
112900127,0,0,0
112900128,0,0,0
112900129,0,0,0
112900130,0,0,0
112900131,0,0,0
112900132,0,0,0
112900133,0,0,0
112900134,0,0,0
112900135,0,0,0
112900137,0,0,0
112900138,0,0,0
112900139,0,0,0
112900141,0,0,0
112900142,0,0,0
112900143,0,0,0
112900144,0,0,0
112900145,0,0,0
112900146,0,0,0
112900147,0,0,0
112900148,0,0,0
112900149,0,0,0
112900151,0,0,0
112900152,0,0,0
112900153,0,0,0
112900154,0,0,0
112900155,0,0,0
112900156,0,0,0
112900157,0,0,0
112900158,0,0,0
112900159,0,0,0
112900160,0,0,0
112900161,0,0,0
112900162,0,0,0
112900163,0,0,0
112900164,0,0,0
112900165,0,0,0
112900166,0,0,0
112900167,0,0,0
112900168,0,0,0
112900169,0,0,0
112900170,0,0,0
112900172,0,0,0
112900173,0,0,0
112900174,0,0,0
112900175,0,0,0
112900176,0,0,0
112900177,0,0,0
112900178,0,0,0
112900179,0,0,0
112900180,0,0,0
112900181,0,0,0
112900182,0,0,0
112900183,0,0,0
112900184,0,0,0
112900185,0,0,0
112900186,0,0,0
112900187,0,0,0
112900188,0,0,0
112900189,0,0,0
112900190,0,0,0
112900192,0,0,0
112900193,0,0,0
112900194,0,0,0
112900195,0,0,0
112900196,0,0,0
112900197,0,0,0
112900199,0,0,0
112900200,0,0,0
112900201,0,0,0
112900202,0,0,0
112900203,0,0,0
112900204,0,0,0
112900205,0,0,0
112900206,0,0,0
112900207,0,0,0
112900208,0,0,0
112900209,0,0,0
112900210,0,0,0
112900211,0,0,0
112900212,0,0,0
112900213,0,0,0
112900214,0,0,0
112900215,0,0,0
112900216,0,0,0
112900217,0,0,0
112900218,0,0,0
112900219,0,0,0
112900220,0,0,0
112900221,0,0,0
112900222,0,0,0
112900223,0,0,0
112900224,0,0,0
112900225,0,0,0
112900226,0,0,0
112900227,3,3,0
112900228,0,0,0
112900229,0,0,0
112900230,0,0,0
112900232,0,0,0
112900233,0,0,0
112900234,0,0,0
112900235,0,0,0
112900236,0,0,0
112900237,0,0,0
112900238,0,0,0
112900239,0,0,0
112900240,0,0,0
112900241,0,0,0
112900242,0,0,0
112900243,0,0,0
112900244,0,0,0
112900245,0,0,0
112900246,0,0,0
112900247,0,0,0
112900248,0,0,0
112900249,0,0,0
112900250,0,0,0
112900251,0,0,0
112900252,0,0,0
112900253,0,0,0
112900254,0,0,0
112900255,0,0,0
112900256,0,0,0
112900257,0,0,0
112900258,0,0,0
113000001,309,294,15
113000002,290,283,7
113000003,126,114,12
113000004,89,149,-60
113000005,69,72,-3
113000006,34,148,-114
113000007,47,38,9
113000008,100,65,35
113000009,68,25,43
113000010,262,38,224
113000011,0,0,0
113000012,691,96,595
113000013,15,52,-37
113000014,55,12,43
113000015,9,0,9
113000016,1,4,-3
113000017,0,0,0
113000018,25,18,7
113000019,0,0,0
113000020,125,0,125
113000021,282,21,261
113000022,25,2,23
113000025,0,0,0
113000026,27,8,19
113000027,109,1,108
113000028,0,1,-1
113000029,31,24,7
113000030,0,0,0
113000031,0,0,0
113000032,63,52,11
113000033,57,17,40
113000034,0,0,0
113000035,0,0,0
113000036,0,0,0
113000037,0,0,0
113000038,0,0,0
113000039,0,0,0
113000040,0,0,0
113000042,0,0,0
113000051,148,95,53
113000052,115,63,52
113000053,23,18,5
113000054,27,35,-8
113000055,134,17,117
113000056,87,39,48
113000058,0,0,0
113000059,170,45,125
113000060,0,0,0
113000061,67,71,-4
113000062,0,0,0
113000063,0,0,0
113000064,0,0,0
113000065,5,9,-4
113000066,119,1,118
113000067,39,3,36
113000068,5,16,-11
113000069,1,18,-17
113000070,65,14,51
113000071,11,34,-23
113000072,112,9,103
113000073,0,81,-81
113000074,90,1,89
113000075,179,8,171
113000076,2,96,-94
113000077,76,65,11
113000078,0,0,0
113000079,0,0,0
113000080,79,51,28
113000081,125,66,59
113000082,0,0,0
113000083,136,161,-25
113000084,10,1,9
113000085,213,148,65
113000086,7,6,1
113000087,125,438,-313
113000088,9,0,9
113000089,204,389,-185
113000090,3,17,-14
113000091,19,0,19
113000094,91,12,79
113000095,0,0,0
113000096,0,0,0
113000097,39,9,30
113000098,0,0,0
113000099,63,2,61
113000100,0,0,0
113000101,0,0,0
113000102,26,48,-22
113000103,0,0,0
113000104,261,123,138
113000105,616,139,477
113000106,0,0,0
113000107,307,380,-73
113000108,73,23,50
113000109,0,0,0
113000110,61,84,-23
113000111,0,0,0
113000112,9,54,-45
113000113,43,26,17
113000114,0,0,0
113000116,0,0,0
113000117,0,0,0
113000118,0,0,0
113000119,0,0,0
113000120,0,1,-1
113000121,0,0,0
113000124,21,9,12
113000125,0,0,0
113000127,0,0,0
113000128,0,0,0
113000129,0,0,0
113000133,19,1,18
113000134,1,64,-63
113000135,849,814,35
113000137,275,237,38
113000139,41,41,0
113000140,0,0,0
113000141,21,22,-1
113000142,0,0,0
113000143,6,18,-12
113000144,0,0,0
113000145,0,0,0
113000146,0,0,0
113000147,0,0,0
113000148,0,0,0
113000149,0,0,0
113000150,0,0,0
113000151,0,0,0
113000152,0,0,0
113000153,0,0,0
113000154,17,60,-43
113000155,31,46,-15
113000156,0,0,0
113000157,0,0,0
113000158,0,0,0
113000159,0,0,0
113000160,0,0,0
113000161,0,0,0
113000162,0,0,0
113000163,0,0,0
113000164,0,0,0
113000166,58,2,56
113000167,0,0,0
113000168,0,0,0
113000169,95,4,91
113000170,181,13,168
113000171,0,0,0
113000172,41,8,33
113000173,37,12,25
113000174,0,0,0
113000175,51,7,44
113000176,277,8,269
113000177,0,0,0
113000178,0,0,0
113000179,123,14,109
113000180,118,3,115
113000181,50,5,45
113000182,15,1,14
113000183,0,52,-52
113000184,0,0,0
113000189,0,0,0
113000190,0,0,0
113000192,94,176,-82
113000193,99,26,73
113000194,23,19,4
113000195,63,29,34
113000196,135,36,99
113000197,30,10,20
113000198,0,0,0
113000199,6,1,5
113000201,0,0,0
113000202,0,0,0
113000203,8,1,7
113000204,33,71,-38
113000205,0,0,0
113000206,0,0,0
113000207,0,0,0
113000208,0,0,0
113000209,0,0,0
113000210,0,0,0
113000211,1,0,1
113000212,0,0,0
113000213,11,1,10
113000214,0,0,0
113000234,0,0,0
113000410,1,4,-3
113000411,26,112,-86
113000412,422,298,124
113000413,175,344,-169
113000414,245,387,-142
113000415,16,52,-36
113000416,31,36,-5
113000417,6,52,-46
113000418,387,117,270
113000419,54,71,-17
113000420,368,178,190
113000421,1491,1080,411
113000422,258,451,-193
113000423,270,343,-73
113000424,718,364,354
113000425,0,0,0
113000428,0,0,0
113000430,0,0,0
113000432,196,1,195
113000433,0,0,0
113000434,0,0,0
113000435,0,0,0
113000436,0,0,0
113000437,32,0,32
113000438,0,0,0
113000439,0,0,0
113000440,0,1,-1
113000441,3,0,3
113000442,0,0,0
113000443,4,0,4
113000444,0,0,0
113000445,1,1,0
113000446,0,0,0
113000448,0,0,0
113000449,1,0,1
113000450,1,21,-20
113000451,0,0,0
113000452,2,6,-4
113000453,0,0,0
113000454,3,10,-7
113000455,0,0,0
113000456,0,0,0
113000468,0,0,0
113000469,0,0,0
113000470,0,0,0
113000471,0,0,0
113000472,0,0,0
113000474,9,57,-48
113000475,68,43,25
113000476,248,236,12
113000477,846,348,498
113000478,431,110,321
113000479,0,0,0
113000485,0,0,0
113000486,0,0,0
113000487,0,0,0
113000488,0,0,0
113000489,0,0,0
113000490,0,0,0
113000491,0,0,0
113000492,0,0,0
113000495,0,0,0
113000496,0,0,0
113000497,0,0,0
113000499,0,0,0
113900001,0,0,0
113900002,0,0,0
113900003,0,0,0
113900004,0,0,0
113900005,0,0,0
113900006,0,0,0
113900007,0,0,0
113900008,0,0,0
113900009,0,0,0
113900010,0,0,0
113900011,0,0,0
113900012,0,0,0
113900013,0,0,0
113900014,0,0,0
113900015,0,0,0
113900016,0,0,0
113900017,0,0,0
113900018,0,0,0
113900019,0,0,0
113900020,0,0,0
113900022,0,0,0
113900023,0,0,0
113900024,0,0,0
113900025,0,0,0
113900026,0,0,0
113900027,0,0,0
113900028,0,0,0
113900029,0,0,0
113900030,0,0,0
113900031,0,0,0
113900032,0,0,0
113900033,0,0,0
113900035,0,0,0
113900036,0,0,0
113900037,0,0,0
113900038,0,0,0
113900039,0,0,0
113900040,0,0,0
113900041,0,0,0
113900042,0,0,0
113900043,0,0,0
113900044,0,0,0
113900045,0,0,0
113900046,0,0,0
113900047,0,0,0
113900048,0,0,0
113900049,0,0,0
113900050,0,0,0
113900051,0,0,0
113900052,0,0,0
113900053,0,0,0
113900054,0,0,0
113900055,0,0,0
113900056,0,0,0
113900057,0,0,0
113900058,0,0,0
113900059,0,0,0
113900060,0,0,0
113900061,0,0,0
113900062,0,0,0
113900063,0,0,0
113900064,0,0,0
113900065,0,0,0
113900066,0,0,0
113900067,0,0,0
113900068,0,0,0
113900069,0,0,0
113900070,0,0,0
113900071,0,0,0
113900072,0,0,0
113900073,0,0,0
113900074,0,0,0
113900075,0,0,0
113900076,0,0,0
113900077,0,0,0
113900078,0,0,0
113900079,0,0,0
113900080,0,0,0
113900081,0,0,0
113900082,0,0,0
113900083,0,0,0
113900084,0,0,0
113900085,0,0,0
113900086,0,0,0
113900087,0,0,0
113900088,0,0,0
113900089,0,0,0
113900090,0,0,0
113900091,0,0,0
113900092,0,0,0
113900093,0,0,0
113900094,0,0,0
113900095,0,0,0
113900096,0,0,0
113900097,0,0,0
113900098,0,0,0
113900099,0,0,0
113900100,0,0,0
113900101,0,0,0
113900102,0,0,0
113900103,0,0,0
113900104,0,0,0
113900105,0,0,0
113900106,0,0,0
113900107,0,0,0
113900108,0,0,0
113900109,0,0,0
113900110,0,0,0
113900111,0,0,0
113900112,0,0,0
113900113,0,0,0
113900114,0,0,0
113900115,0,0,0
113900116,0,0,0
113900117,0,0,0
113900118,0,0,0
113900119,0,0,0
113900120,0,0,0
113900121,0,0,0
113900122,0,0,0
113900123,0,0,0
113900124,0,0,0
113900125,0,0,0
113900126,0,0,0
113900127,0,0,0
113900128,0,0,0
113900129,0,0,0
113900130,0,0,0
113900131,0,0,0
113900132,0,0,0
113900133,0,0,0
113900135,0,0,0
113900136,0,0,0
113900137,0,0,0
113900138,0,0,0
113900139,0,0,0
113900140,0,0,0
113900141,0,0,0
113900142,0,0,0
113900143,0,0,0
113900144,0,0,0
113900145,0,0,0
113900146,0,0,0
113900148,0,0,0
113900149,0,0,0
113900150,0,0,0
113900151,0,0,0
113900152,0,0,0
113900153,0,0,0
113900154,0,0,0
113900155,0,0,0
113900156,0,0,0
113900157,0,0,0
113900158,0,0,0
113900159,0,0,0
113900160,0,0,0
113900161,0,0,0
113900162,0,0,0
113900163,0,0,0
113900164,0,0,0
113900165,0,0,0
113900166,0,0,0
113900167,0,0,0
113900168,0,0,0
113900169,0,0,0
113900171,0,0,0
113900172,0,0,0
113900173,0,0,0
113900174,0,0,0
113900175,0,0,0
113900176,0,0,0
113900177,0,0,0
113900178,0,0,0
113900179,0,0,0
113900180,0,0,0
113900181,0,0,0
113900182,0,0,0
113900183,0,0,0
113900184,0,0,0
113900185,0,0,0
113900186,0,0,0
113900187,0,0,0
113900188,0,0,0
113900189,0,0,0
113900190,0,0,0
113900191,0,0,0
113900192,0,0,0
113900193,0,0,0
113900194,0,0,0
113900195,0,0,0
113900196,0,0,0
113900197,0,0,0
113900198,0,0,0
113900199,0,0,0
113900200,0,0,0
113900201,0,0,0
113900202,0,0,0
113900203,0,0,0
113900204,0,0,0
113900205,0,0,0
113900206,0,0,0
113900207,0,0,0
113900208,0,0,0
113900209,0,0,0
113900210,0,0,0
113900211,0,0,0
113900212,0,0,0
113900214,0,0,0
113900215,0,0,0
113900216,0,0,0
113900217,0,0,0
113900218,0,0,0
113900219,0,0,0
113900220,0,0,0
113900221,0,0,0
113900222,0,0,0
113900223,0,0,0
113900224,0,0,0
113900225,0,0,0
113900226,0,0,0
113900227,0,0,0
113900228,0,0,0
113900229,0,0,0
113900230,0,0,0
113900231,0,0,0
113900232,0,0,0
113900233,0,0,0
113900234,0,0,0
113900235,0,0,0
113900236,0,0,0
113900237,0,0,0
113900238,0,0,0
113900239,0,0,0
113900240,0,0,0
113900241,0,0,0
113900242,0,0,0
113900243,0,0,0
113900244,0,0,0
113900245,0,0,0
113900246,0,0,0
113900247,0,0,0
113900248,0,0,0
113900249,0,0,0
113900250,0,0,0
113900251,0,0,0
113900252,0,0,0
113900253,0,0,0
113900254,0,0,0
113900255,0,0,0
113900256,0,0,0
113900257,0,0,0
113900258,0,0,0
113900259,0,0,0
113900260,0,0,0
113900261,0,0,0
113900262,0,0,0
113900263,0,0,0
113900264,0,0,0
113900265,0,0,0
113900266,0,0,0
113900267,0,0,0
113900268,0,0,0
113900269,0,0,0
113900270,0,0,0
113900271,0,0,0
113900273,0,0,0
113900274,0,0,0
113900275,0,0,0
113900276,0,0,0
113900277,0,0,0
113900278,0,0,0
113900279,0,0,0
113900280,0,0,0
113900281,0,0,0
113900282,0,0,0
113900283,0,0,0
113900284,0,0,0
113900285,0,0,0
113900286,0,0,0
113900287,0,0,0
113900288,0,0,0
113900289,0,0,0
113900290,0,0,0
113900291,0,0,0
113900292,0,0,0
113900293,0,0,0
113900294,0,0,0
113900295,1,12,-11
113900296,0,0,0
113900297,0,0,0
113900298,0,0,0
113900299,0,0,0
113900300,0,0,0
113900301,0,0,0
113900302,0,0,0
113900303,0,0,0
113900304,0,0,0
113900305,0,0,0
113900306,0,0,0
113900307,0,0,0
113900308,0,0,0
113900309,0,0,0
113900310,0,0,0
113900311,0,0,0
113900312,0,0,0
113900313,0,0,0
113900314,0,0,0
113900315,0,0,0
114000001,196,76,120
114000002,53,12,41
114000003,0,0,0
114000004,0,0,0
114000005,0,0,0
114000006,0,0,0
114000007,0,0,0
114000008,1,53,-52
114000009,22,41,-19
114000011,709,169,540
114000012,476,37,439
114000013,325,94,231
114000014,0,0,0
114000015,0,0,0
114000016,0,0,0
114000017,23,2,21
114000018,0,0,0
114000026,264,87,177
114000027,244,142,102
114000028,286,167,119
114000038,0,0,0
114000039,0,0,0
114000040,7,1,6
114000042,0,0,0
114000043,0,0,0
114000044,8,17,-9
114000045,0,0,0
114000046,0,0,0
114000047,0,0,0
114000048,0,37,-37
114000049,47,69,-22
114000050,14,129,-115
114000051,29,288,-259
114000052,43,147,-104
114000053,0,0,0
114000054,0,0,0
114000055,0,0,0
114000056,0,0,0
114000057,304,92,212
114000058,0,0,0
114000059,0,0,0
114000060,0,0,0
114000061,69,130,-61
114000062,40,147,-107
114000063,5,4,1
114000064,8,0,8
114000065,13,27,-14
114000066,118,68,50
114000067,4,13,-9
114000068,42,9,33
114000069,55,5,50
114000070,705,348,357
114000071,0,0,0
114000072,0,0,0
114000073,3,0,3
114000074,0,0,0
114000075,59,0,59
114000076,7,1,6
114000077,13,0,13
114000078,0,1,-1
114000079,0,0,0
114000080,1,7,-6
114000081,8,23,-15
114000082,0,0,0
114000083,0,0,0
114000084,0,0,0
114000085,0,0,0
114000086,0,0,0
114000087,0,0,0
114000088,1,2,-1
114000089,2,3,-1
114000090,119,91,28
114000091,36,28,8
114000092,44,34,10
114000093,70,22,48
114000094,66,33,33
114000095,11,27,-16
114000096,0,0,0
114000097,0,0,0
114000098,70,18,52
114000099,0,0,0
114000100,871,1,870
114000101,0,0,0
114000102,83,8,75
114000103,0,0,0
114000104,0,0,0
114000105,0,0,0
114000106,0,0,0
114000107,0,0,0
114000108,0,0,0
114000109,412,158,254
114000110,0,0,0
114000111,506,132,374
114000112,0,0,0
114000113,354,21,333
114000114,0,0,0
114000115,747,118,629
114000116,433,112,321
114000117,1027,29,998
114000118,545,64,481
114000119,686,60,626
114000120,95,16,79
114000121,0,0,0
114000122,121,7,114
114000123,409,41,368
114000124,63,70,-7
114000125,50,97,-47
114000126,229,37,192
114000127,8,6,2
114000128,26,2,24
114000130,5,2,3
114000131,29,12,17
114000132,0,0,0
114000133,0,0,0
114000134,0,0,0
114000138,0,0,0
114000139,9,57,-48
114000144,179,49,130
114000145,0,0,0
114000146,0,0,0
114000147,322,55,267
114000148,11,8,3
114000149,25,61,-36
114000150,0,0,0
114000151,79,67,12
114000152,0,0,0
114000153,0,0,0
114000154,27,7,20
114000155,245,152,93
114000156,59,55,4
114000157,15,55,-40
114000158,0,0,0
114000159,0,0,0
114000160,0,0,0
114000161,225,456,-231
114000162,750,620,130
114000163,0,0,0
114000165,24,47,-23
114000166,38,17,21
114000167,283,97,186
114000168,0,0,0
114000169,245,386,-141
114000170,415,223,192
114000171,885,126,759
114000174,0,0,0
114000176,0,0,0
114000177,0,0,0
114000178,5,1,4
114000179,179,48,131
114000180,0,0,0
114000181,212,539,-327
114000182,120,152,-32
114000183,64,52,12
114000184,44,96,-52
114000185,197,100,97
114000189,257,4,253
114000190,834,3,831
114000191,0,0,0
114000192,0,39,-39
114000193,0,0,0
114000194,96,19,77
114000195,0,0,0
114000196,0,0,0
114000197,339,1,338
114000198,0,0,0
114000199,0,0,0
114000200,31,1,30
114000201,0,4,-4
114000202,212,97,115
114000203,110,46,64
114000204,0,0,0
114000205,1,10,-9
114000206,0,0,0
114000207,4,83,-79
114000208,3,19,-16
114000209,3,54,-51
114000210,3,63,-60
114000211,563,180,383
114000212,83,338,-255
114000213,538,204,334
114000214,1,0,1
114000215,0,0,0
114000216,341,106,235
114000217,98,17,81
114000218,3,1,2
114000219,288,2,286
114000220,0,16,-16
114000221,219,11,208
114000222,46,38,8
114000223,237,79,158
114000224,57,38,19
114000225,61,8,53
114000226,154,37,117
114000227,410,113,297
114000228,234,73,161
114000229,149,24,125
114000230,474,65,409
114000231,101,59,42
114000232,343,140,203
114000233,723,28,695
114000234,737,115,622
114000235,168,14,154
114000236,0,0,0
114000237,0,0,0
114000238,1,100,-99
114000239,0,0,0
114000240,102,90,12
114000241,26,28,-2
114000242,82,28,54
114000243,525,259,266
114000244,478,71,407
114000245,0,0,0
114000246,0,0,0
114000247,244,73,171
114000248,302,122,180
114000249,232,208,24
114000250,111,5,106
114000251,107,28,79
114000252,0,0,0
114000253,17,10,7
114000254,0,0,0
114000255,0,0,0
114000256,4,108,-104
114000257,1,106,-105
114000258,68,0,68
114000259,0,7,-7
114000260,0,0,0
114000261,49,19,30
114000262,0,0,0
114000263,27,2,25
114000264,0,0,0
114000265,0,0,0
114000267,1,225,-224
114000268,0,0,0
114000270,52,0,52
114000271,112,0,112
114000283,197,12,185
114000285,0,0,0
114000288,0,5,-5
114000289,0,0,0
114000293,35,1,34
114000294,0,18,-18
114000395,392,7,385
114000396,76,30,46
114000402,0,0,0
114000403,60,2,58
114000405,53,18,35
114000423,118,11,107
114000424,37,14,23
114000425,133,19,114
114000426,61,10,51
114000427,0,0,0
114000428,0,0,0
114000429,5,18,-13
114000432,0,0,0
114000434,0,0,0
114000435,0,0,0
114900001,0,0,0
114900002,0,0,0
114900003,0,0,0
114900004,0,0,0
114900005,0,0,0
114900006,0,0,0
114900007,0,0,0
114900008,0,0,0
114900010,0,0,0
114900011,0,0,0
114900013,0,0,0
114900018,0,0,0
114900020,0,0,0
114900022,0,0,0
114900025,0,0,0
114900026,0,0,0
114900029,0,0,0
114900030,0,0,0
114900031,0,0,0
114900032,0,0,0
114900034,0,0,0
114900035,0,0,0
114900036,0,0,0
114900039,0,0,0
114900040,0,0,0
114900041,0,0,0
114900042,0,0,0
114900044,0,0,0
114900047,0,0,0
114900048,0,0,0
114900049,0,0,0
114900050,0,0,0
114900051,0,0,0
114900052,0,0,0
114900053,0,0,0
114900054,0,0,0
114900057,0,0,0
114900058,0,0,0
114900059,0,0,0
114900063,0,0,0
114900064,0,0,0
114900065,0,0,0
114900067,0,0,0
114900068,0,0,0
114900069,0,0,0
114900070,0,0,0
114900072,0,0,0
114900073,0,0,0
114900074,0,0,0
114900075,0,0,0
114900076,0,0,0
114900080,0,0,0
114900082,0,0,0
114900083,0,0,0
114900090,0,0,0
114900091,0,0,0
114900097,0,0,0
114900098,0,0,0
114900099,0,0,0
115000001,110,110,0
115000002,1300,456,844
115000003,150,94,56
115000004,1137,926,211
115000005,26,84,-58
115000006,435,374,61
115000007,0,0,0
115000008,147,116,31
115000009,0,0,0
115000010,147,174,-27
115000013,0,0,0
115000015,0,0,0
115000016,0,0,0
115000019,46,166,-120
115000020,0,0,0
115000021,4,249,-245
115000022,7,34,-27
115000023,454,242,212
115000024,1,43,-42
115000025,392,87,305
115000026,0,0,0
115000027,161,54,107
115000028,0,0,0
115000029,609,7,602
115000030,2,66,-64
115000031,554,37,517
115000032,0,0,0
115000033,117,5,112
115000034,0,0,0
115000035,501,0,501
115000036,0,0,0
115000037,236,0,236
115000038,14,28,-14
115000039,0,40,-40
115000040,168,52,116
115000041,9,55,-46
115000042,87,25,62
115000043,640,493,147
115000044,458,70,388
115000045,143,13,130
115000046,666,266,400
115000047,995,185,810
115000048,97,64,33
115000049,121,210,-89
115000050,1307,339,968
115000051,431,236,195
115000052,122,123,-1
115000053,404,216,188
115000054,57,38,19
115000055,0,0,0
115000056,42,59,-17
115000057,0,0,0
115000058,37,12,25
115000059,0,0,0
115000061,33,2,31
115000062,0,0,0
115000063,0,0,0
115000064,80,25,55
115000065,0,0,0
115000067,16,0,16
115000069,0,0,0
115000070,0,39,-39
115000071,25,1,24
115000072,0,0,0
115000073,277,3,274
115000075,0,0,0
115000076,509,234,275
115000077,219,130,89
115000078,111,88,23
115000079,239,123,116
115000080,392,202,190
115000081,0,0,0
115000082,952,480,472
115000083,0,0,0
115000084,692,135,557
115000085,0,0,0
115000086,554,47,507
115000087,0,0,0
115000088,628,132,496
115000089,0,0,0
115000090,65,69,-4
115000091,103,20,83
115000092,307,18,289
115000093,462,1,461
115000094,1319,308,1011
115000095,841,206,635
115000096,168,38,130
115000097,222,56,166
115000098,318,25,293
115000099,687,173,514
115000100,486,90,396
115000101,24,22,2
115000102,343,127,216
115000103,0,0,0
115000105,1,0,1
115000106,236,40,196
115000107,1,11,-10
115000108,85,42,43
115000109,1019,676,343
115000110,216,84,132
115000111,20,72,-52
115000112,55,36,19
115000113,7,92,-85
115000114,57,49,8
115000116,94,86,8
115000117,87,21,66
115000118,72,247,-175
115000119,56,46,10
115000120,11,341,-330
115000121,51,81,-30
115000122,64,24,40
115000123,106,395,-289
115000124,50,30,20
115000125,93,60,33
115000126,13,41,-28
115000127,17,5,12
115000128,19,23,-4
115000129,46,3,43
115000130,75,0,75
115000131,81,26,55
115000132,100,0,100
115000133,71,0,71
115000134,69,9,60
115000135,17,1,16
115000136,112,10,102
115000137,0,0,0
115000138,148,11,137
115000139,0,0,0
115000140,127,26,101
115000141,0,0,0
115000142,0,0,0
115000143,184,58,126
115000144,0,0,0
115000145,0,0,0
115000146,135,56,79
115000147,0,0,0
115000148,0,0,0
115000149,3,16,-13
115000150,0,0,0
115000151,24,14,10
115000152,0,0,0
115000153,14,10,4
115000154,7,5,2
115000155,0,0,0
115000156,13,46,-33
115000157,0,0,0
115000158,0,0,0
115000159,0,1,-1
115000160,1,0,1
115000161,0,0,0
115000162,280,59,221
115000163,0,0,0
115000164,0,0,0
115000165,37,57,-20
115000167,7,5,2
115000168,60,33,27
115000169,0,0,0
115000170,0,0,0
115000171,87,62,25
115000172,0,0,0
115000173,8,15,-7
115000174,13,49,-36
115000175,0,0,0
115000176,2,3,-1
115000177,0,0,0
115000178,0,0,0
115000179,7,1,6
115000180,0,0,0
115000181,145,4,141
115000182,214,13,201
115000183,0,0,0
115000186,175,4,171
115000187,45,41,4
115000188,102,29,73
115000189,13,39,-26
115000190,451,34,417
115000191,6,14,-8
115000194,0,0,0
115000195,29,1,28
115000196,2,0,2
115000197,0,0,0
115000198,52,1,51
115000199,0,0,0
115000200,23,3,20
115000201,0,0,0
115000206,164,1,163
115000207,0,0,0
115000208,11,29,-18
115000209,428,4,424
115000210,44,39,5
115000211,22,4,18
115000212,18,1,17
115000224,0,0,0
115000225,0,0,0
115000229,3,9,-6
115000230,1,1,0
115000231,83,8,75
115000232,420,0,420
115000233,0,0,0
115000234,0,0,0
115000241,0,0,0
115000242,0,0,0
115000243,0,0,0
115000244,0,0,0
115000246,0,0,0
115000247,0,0,0
115000248,0,0,0
115000249,0,0,0
115000250,0,0,0
115000251,0,0,0
115000252,0,0,0
115000253,0,0,0
115000258,0,0,0
115000259,0,0,0
115000261,0,0,0
115000262,0,0,0
115000263,0,0,0
115000264,0,0,0
115000267,0,0,0
115000268,0,0,0
115000269,0,0,0
115000270,0,0,0
115000272,1,1,0
115000273,0,0,0
115000280,54,336,-282
115000281,0,0,0
115000282,225,144,81
115000284,0,5,-5
115000296,168,0,168
115000297,2,218,-216
115000298,0,0,0
115000300,0,0,0
115000302,93,11,82
115000303,127,3,124
115000304,85,24,61
115000305,0,0,0
115000306,0,0,0
115000307,0,0,0
115000308,0,0,0
115000309,0,0,0
115000310,0,0,0
115000311,362,74,288
115000313,0,0,0
115000314,39,60,-21
115000315,10,27,-17
115000316,0,0,0
115000317,83,5,78
115000318,308,18,290
115000319,0,31,-31
115000320,1,66,-65
115000321,92,3,89
115000322,0,22,-22
115000449,0,0,0
115000557,0,0,0
115000558,78,1,77
115000587,5,5,0
115000588,68,129,-61
115000589,1684,892,792
115000590,28,16,12
115000591,390,347,43
115000592,10,52,-42
115000593,616,138,478
115000594,79,87,-8
115000609,1,9,-8
115000617,105,34,71
115000624,0,0,0
115000633,200,77,123
115000634,1131,118,1013
115000635,274,58,216
115000638,0,0,0
115000641,0,0,0
115000642,120,13,107
115000643,0,10,-10
115000644,0,6,-6
115000646,35,110,-75
115000647,56,23,33
115000648,279,36,243
115000893,1396,406,990
115000894,0,116,-116
115000895,14,96,-82
115000896,845,150,695
115000897,26,27,-1
115000898,48,2,46
115000899,10,16,-6
115000900,0,43,-43
115000901,0,23,-23
115000912,68,5,63
115000913,0,0,0
115000915,2,0,2
115000916,0,0,0
115000917,0,0,0
115000918,0,0,0
115000919,0,0,0
115000920,0,0,0
115000921,0,0,0
115000922,160,300,-140
115000923,3,61,-58
115000925,0,0,0
115000927,0,0,0
115000933,0,13,-13
115000934,0,0,0
115000935,0,0,0
115000936,0,1,-1
115000937,15,39,-24
115000938,3,2,1
115000939,2,37,-35
115000940,1,0,1
115000941,0,5,-5
115000942,0,20,-20
115000943,0,0,0
115000944,0,0,0
115900001,0,0,0
115900002,0,0,0
115900003,0,0,0
115900004,0,0,0
115900005,0,0,0
115900006,0,0,0
115900008,0,0,0
115900009,0,0,0
115900010,0,0,0
115900011,0,0,0
115900012,0,0,0
115900013,0,0,0
115900014,0,0,0
115900015,0,0,0
115900016,0,0,0
115900017,0,0,0
115900018,0,0,0
115900019,0,0,0
115900020,0,0,0
115900021,0,0,0
115900022,0,0,0
115900023,0,0,0
115900025,0,0,0
115900026,0,0,0
115900027,0,0,0
115900028,0,0,0
115900029,0,0,0
115900030,0,0,0
115900031,0,0,0
115900032,0,0,0
115900033,0,0,0
115900034,0,0,0
115900035,0,0,0
115900036,0,0,0
115900037,0,0,0
115900038,0,0,0
115900039,0,0,0
115900041,0,0,0
115900042,0,0,0
115900043,0,0,0
115900044,0,0,0
115900046,0,0,0
115900047,0,0,0
115900049,0,0,0
115900051,0,0,0
115900052,0,0,0
115900053,0,0,0
115900054,0,0,0
115900055,0,0,0
115900056,0,0,0
115900057,0,0,0
115900058,0,0,0
115900060,0,0,0
115900061,0,0,0
115900062,0,0,0
115900063,0,0,0
115900064,0,0,0
115900065,0,0,0
115900066,0,0,0
115900067,0,0,0
115900068,0,0,0
115900069,0,0,0
115900070,0,0,0
115900071,0,0,0
115900072,0,0,0
115900073,0,0,0
115900074,0,0,0
115900075,0,0,0
115900076,0,0,0
115900077,0,0,0
115900078,0,0,0
115900079,0,0,0
115900080,0,0,0
115900081,0,0,0
115900082,0,0,0
115900084,0,0,0
115900085,0,0,0
115900086,0,0,0
115900088,0,0,0
115900089,0,0,0
115900090,0,0,0
115900091,0,0,0
115900092,0,0,0
115900093,0,0,0
115900094,0,0,0
115900096,0,0,0
115900097,0,0,0
115900098,0,0,0
115900099,0,0,0
115900100,0,0,0
115900101,0,0,0
115900102,0,0,0
115900103,0,0,0
115900104,0,0,0
115900105,0,0,0
115900106,0,0,0
115900107,0,0,0
115900108,0,0,0
115900109,0,0,0
115900110,0,0,0
115900111,0,0,0
115900112,0,0,0
115900113,0,0,0
115900114,0,0,0
115900115,0,0,0
115900116,0,0,0
115900117,0,0,0
115900118,0,0,0
115900119,0,0,0
115900120,0,0,0
115900121,0,0,0
115900124,0,0,0
115900125,0,0,0
115900126,0,0,0
115900127,0,0,0
115900128,0,0,0
115900129,0,0,0
115900130,0,0,0
115900131,0,0,0
115900132,0,0,0
115900134,0,0,0
115900135,0,0,0
115900137,0,0,0
115900139,0,0,0
115900140,0,0,0
115900141,0,0,0
115900142,0,0,0
115900143,0,0,0
115900144,0,0,0
115900146,0,0,0
115900147,0,0,0
115900148,0,0,0
115900149,0,0,0
115900150,0,0,0
115900151,0,0,0
115900152,0,0,0
115900153,0,0,0
115900154,0,0,0
115900155,0,0,0
115900156,0,0,0
115900157,0,0,0
115900158,0,0,0
115900159,0,0,0
115900160,0,0,0
115900161,0,0,0
115900163,0,0,0
115900164,0,0,0
115900166,0,0,0
115900168,0,0,0
115900171,0,0,0
115900172,0,0,0
115900173,0,0,0
115900174,0,0,0
115900175,0,0,0
115900178,0,0,0
115900179,0,0,0
115900180,0,0,0
115900181,0,0,0
115900182,0,0,0
115900183,0,0,0
115900184,0,0,0
115900187,0,0,0
115900189,0,0,0
115900190,0,0,0
115900191,0,0,0
115900192,0,0,0
115900193,0,0,0
115900194,0,0,0
115900195,0,0,0
115900198,0,0,0
115900199,0,0,0
115900200,0,0,0
115900201,0,0,0
115900202,0,0,0
115900203,0,0,0
115900204,0,0,0
115900205,0,0,0
115900206,0,0,0
115900207,0,0,0
115900208,0,0,0
115900209,0,0,0
115900210,0,0,0
115900211,0,0,0
115900212,0,0,0
115900213,0,0,0
115900214,0,0,0
115900215,0,0,0
115900216,0,0,0
115900217,0,0,0
115900218,0,0,0
115900219,0,0,0
115900220,0,0,0
115900221,0,0,0
115900222,0,0,0
115900223,0,0,0
115900224,0,0,0
115900225,0,0,0
115900226,0,0,0
115900227,0,0,0
115900228,0,0,0
115900229,0,0,0
115900230,0,0,0
115900231,0,0,0
115900232,0,0,0
115900233,0,0,0
115900234,0,0,0
115900235,0,0,0
115900236,0,0,0
115900237,0,0,0
115900238,0,0,0
115900239,0,0,0
115900240,0,0,0
115900241,0,0,0
115900242,0,2,-2
115900243,0,0,0
115900244,0,0,0
115900245,0,0,0
115900246,0,0,0
115900247,0,0,0
115900248,0,0,0
115900249,0,0,0
115900250,0,0,0
115900251,0,0,0
115900252,0,0,0
115900253,0,0,0
115900254,0,0,0
115900255,0,0,0
115900256,0,0,0
115900257,0,0,0
115900258,0,0,0
115900259,0,0,0
115900260,0,0,0
115900261,0,0,0
115900262,0,0,0
115900263,0,0,0
115900264,0,0,0
115900265,0,0,0
115900266,0,0,0
115900267,0,0,0
115900268,0,0,0
115900269,0,0,0
115900270,0,0,0
115900271,0,0,0
115900272,0,0,0
115900273,0,0,0
115900274,0,0,0
115900275,0,0,0
115900276,0,0,0
115900277,0,0,0
115900278,0,0,0
115900279,0,0,0
115900280,0,0,0
115900281,0,0,0
115900282,0,0,0
115900283,0,0,0
115900284,0,0,0
116000001,105,201,-96
116000002,1355,2094,-739
116000003,37,103,-66
116000004,477,1866,-1389
116000005,13,114,-101
116000006,230,584,-354
116000007,108,153,-45
116000008,600,466,134
116000009,20,115,-95
116000010,629,456,173
116000011,45,187,-142
116000012,602,149,453
116000013,157,446,-289
116000014,0,0,0
116000015,8,2,6
116000016,744,48,696
116000017,45,2,43
116000018,92,29,63
116000019,36,2,34
116000020,399,68,331
116000021,90,3,87
116000022,165,71,94
116000023,4,9,-5
116000024,196,20,176
116000025,14,23,-9
116000026,378,52,326
116000027,262,61,201
116000028,440,605,-165
116000029,0,0,0
116000030,422,323,99
116000031,0,0,0
116000032,112,1,111
116000033,409,191,218
116000034,1334,1268,66
116000035,422,119,303
116000036,0,0,0
116000037,10,20,-10
116000038,7,94,-87
116000039,0,0,0
116000040,51,176,-125
116000041,0,0,0
116000042,216,246,-30
116000043,0,0,0
116000044,0,0,0
116000045,1226,1554,-328
116000046,168,85,83
116000047,131,29,102
116000048,1574,810,764
116000049,1174,560,614
116000050,470,254,216
116000051,1531,373,1158
116000052,658,182,476
116000053,821,201,620
116000054,0,0,0
116000055,0,0,0
116000056,405,941,-536
116000057,0,0,0
116000058,75,130,-55
116000059,473,2035,-1562
116000060,98,102,-4
116000061,70,292,-222
116000062,54,25,29
116000063,131,451,-320
116000066,67,306,-239
116000067,0,0,0
116000068,47,130,-83
116000069,0,0,0
116000078,163,293,-130
116000080,0,0,0
116000082,0,0,0
116000083,194,79,115
116000084,36,256,-220
116000085,289,65,224
116000086,17,97,-80
116000087,680,164,516
116000088,30,39,-9
116000089,0,0,0
116000090,6,3,3
116000091,0,0,0
116000093,157,185,-28
116000094,0,43,-43
116000095,218,14,204
116000096,15,119,-104
116000097,341,16,325
116000098,8,281,-273
116000099,403,4,399
116000100,48,0,48
116000101,7,0,7
116000102,91,9,82
116000103,97,27,70
116000104,6,3,3
116000105,140,2,138
116000106,40,3,37
116000107,195,5,190
116000108,0,9,-9
116000111,9,2,7
116000113,22,8,14
116000114,0,0,0
116000115,23,27,-4
116000116,0,0,0
116000117,254,417,-163
116000118,0,0,0
116000119,911,353,558
116000120,0,0,0
116000121,183,143,40
116000122,0,0,0
116000123,757,97,660
116000124,0,0,0
116000125,832,41,791
116000126,0,0,0
116000127,0,0,0
116000128,766,88,678
116000129,0,0,0
116000130,0,0,0
116000133,383,9,374
116000134,171,17,154
116000135,774,156,618
116000136,78,76,2
116000137,317,111,206
116000138,0,0,0
116000139,383,944,-561
116000140,0,0,0
116000141,29,0,29
116000142,232,632,-400
116000143,431,134,297
116000144,147,145,2
116000145,1469,264,1205
116000146,116,4,112
116000147,133,320,-187
116000148,0,0,0
116000149,0,0,0
116000151,51,108,-57
116000153,111,574,-463
116000155,156,351,-195
116000156,1,18,-17
116000157,113,1,112
116000158,437,34,403
116000159,73,2,71
116000160,0,0,0
116000161,0,0,0
116000162,0,0,0
116000163,0,0,0
116000164,0,0,0
116000177,19,2,17
116000194,0,0,0
116000195,544,148,396
116000196,0,0,0
116000197,0,0,0
116000198,455,405,50
116000200,0,20,-20
116000201,0,0,0
116000202,0,0,0
116000203,0,0,0
116000204,0,0,0
116000205,0,0,0
116000206,0,0,0
116000207,0,0,0
116000233,0,0,0
116000287,0,0,0
116000288,171,75,96
116000292,0,0,0
116000296,1,3,-2
116000297,0,0,0
116000304,0,0,0
116000305,0,0,0
116000346,0,0,0
116000352,0,0,0
116000354,0,0,0
116000357,0,0,0
116000358,0,0,0
116000361,0,0,0
116000372,0,0,0
116000381,0,0,0
116000388,0,0,0
116000389,74,14,60
116000445,0,0,0
116000446,371,22,349
116000447,0,0,0
116000448,544,265,279
116000563,171,879,-708
116000565,0,0,0
116000568,0,0,0
116000579,0,0,0
116000583,0,0,0
116000584,0,0,0
116000585,0,0,0
116000586,0,0,0
116000587,485,0,485
116000589,0,0,0
116000590,16,2,14
116000591,139,11,128
116000592,0,2,-2
116000593,0,0,0
116000594,0,0,0
116000595,0,0,0
116000596,0,0,0
116000597,126,11,115
116000598,0,0,0
116000605,0,0,0
116000606,23,6,17
116000607,0,0,0
116000609,0,0,0
116000611,0,0,0
116000612,974,287,687
116000613,345,122,223
116000614,0,0,0
116000615,0,0,0
116000616,0,0,0
116000617,0,0,0
116000618,0,0,0
116000619,0,2,-2
116000620,608,16,592
116000621,2,41,-39
116000622,42,32,10
116000624,3,0,3
116000627,0,0,0
116000628,0,0,0
116000629,0,0,0
116000630,2,0,2
116000631,1,2,-1
116000632,182,1,181
116000633,77,1,76
116000634,0,0,0
116000635,1092,1147,-55
116000636,140,209,-69
116000637,0,0,0
116000638,98,3,95
116000639,4,0,4
116000640,38,1,37
116000641,0,0,0
116000643,0,0,0
116000644,0,0,0
116000645,0,0,0
116900001,0,0,0
116900002,0,0,0
116900003,0,0,0
116900004,0,0,0
116900005,0,0,0
116900006,2,0,2
116900007,0,0,0
116900008,0,0,0
116900009,0,0,0
116900010,0,0,0
116900011,0,0,0
116900012,0,0,0
116900013,0,0,0
116900014,0,0,0
116900016,0,0,0
116900017,0,0,0
116900018,0,0,0
116900019,0,0,0
116900020,0,0,0
116900023,0,0,0
116900025,0,0,0
116900026,0,0,0
116900027,0,0,0
116900028,0,0,0
116900029,0,0,0
116900031,0,0,0
116900032,0,0,0
116900033,0,0,0
116900034,0,0,0
116900035,0,0,0
116900036,0,0,0
116900038,0,0,0
116900041,0,0,0
116900042,0,0,0
116900043,0,0,0
116900047,0,0,0
116900049,0,0,0
116900050,0,0,0
116900051,0,0,0
116900052,0,0,0
116900055,0,0,0
116900057,0,0,0
116900058,0,0,0
116900059,0,0,0
116900060,0,0,0
116900062,0,0,0
116900064,0,0,0
116900065,0,0,0
116900067,0,0,0
116900068,0,0,0
116900070,0,0,0
116900072,0,0,0
116900073,0,0,0
116900074,0,0,0
116900076,0,0,0
116900077,0,0,0
116900078,0,0,0
116900079,0,0,0
116900080,0,0,0
116900081,0,0,0
116900082,0,0,0
116900083,0,0,0
116900084,0,0,0
116900085,0,0,0
116900086,0,0,0
116900088,0,0,0
116900090,0,0,0
116900091,0,0,0
116900092,0,0,0
116900093,0,0,0
116900094,0,0,0
116900095,0,0,0
116900096,0,0,0
116900097,0,0,0
116900098,0,0,0
116900099,0,0,0
116900100,0,0,0
116900101,0,0,0
116900103,0,0,0
116900104,0,0,0
116900105,0,0,0
116900106,0,0,0
116900107,0,0,0
116900110,0,0,0
116900111,221,6,215
116900112,110,6,104
116900113,56,22,34
116900116,0,0,0
116900117,0,0,0
116900118,0,0,0
116900120,0,0,0
116900121,0,0,0
116900122,0,0,0
116900123,0,0,0
116900124,0,0,0
116900125,0,0,0
116900126,0,0,0
116900128,0,0,0
116900129,0,0,0
116900130,0,0,0
116900131,0,0,0
116900132,0,0,0
116900133,0,0,0
116900134,0,0,0
116900136,0,0,0
116900137,0,0,0
116900138,0,0,0
116900139,0,0,0
116900140,0,0,0
116900141,0,0,0
116900142,0,0,0
116900143,0,0,0
116900144,0,0,0
116900145,0,0,0
116900147,0,0,0
116900148,0,0,0
116900149,0,0,0
116900150,0,0,0
116900151,0,0,0
116900153,0,0,0
116900154,0,0,0
116900155,0,0,0
116900157,0,0,0
116900158,0,0,0
116900159,0,0,0
116900160,0,0,0
116900161,0,0,0
116900162,0,0,0
116900163,0,0,0
116900164,0,0,0
116900165,0,0,0
116900166,0,0,0
116900167,0,0,0
116900168,0,0,0
116900169,0,0,0
116900170,0,0,0
116900171,0,0,0
116900172,0,0,0
116900173,0,0,0
116900174,0,0,0
116900175,0,0,0
116900178,0,0,0
116900179,0,0,0
116900180,0,0,0
116900182,0,0,0
116900183,0,0,0
116900185,0,0,0
116900186,0,0,0
116900187,0,0,0
116900188,0,0,0
116900189,0,0,0
116900191,0,0,0
116900192,0,0,0
116900194,0,0,0
116900195,0,0,0
116900196,0,0,0
116900197,0,0,0
116900198,0,0,0
116900200,0,0,0
116900201,0,0,0
116900202,0,0,0
116900203,0,0,0
116900204,0,0,0
116900206,0,0,0
116900207,0,0,0
116900208,8,0,8
116900209,0,0,0
116900210,0,0,0
116900211,0,0,0
116900212,0,0,0
116900213,0,0,0
116900214,0,0,0
116900215,0,0,0
116900216,0,0,0
116900218,0,0,0
116900219,0,0,0
116900220,0,0,0
116900221,0,0,0
116900222,117,80,37
116900223,0,0,0
116900226,0,0,0
116900227,0,0,0
116900228,0,0,0
116900230,0,0,0
116900233,0,0,0
116900234,0,0,0
116900235,0,0,0
116900238,0,0,0
116900239,0,0,0
116900240,0,0,0
116900241,0,0,0
116900242,0,0,0
116900243,0,0,0
116900245,0,0,0
116900246,0,0,0
116900247,0,0,0
116900248,0,0,0
116900249,0,0,0
116900250,0,0,0
116900251,0,0,0
116900252,149,4,145
116900254,0,0,0
116900255,0,0,0
116900256,0,0,0
116900257,0,0,0
116900258,0,0,0
116900259,0,0,0
116900260,0,0,0
116900261,0,0,0
116900262,0,0,0
116900263,0,0,0
116900264,98,0,98
116900265,0,0,0
116900266,0,0,0
116900267,0,0,0
116900268,0,0,0
116900269,207,104,103
116900271,0,0,0
116900272,0,0,0
116900273,0,0,0
116900274,0,0,0
116900275,0,0,0
116900276,67,2,65
116900277,0,0,0
116900278,0,0,0
116900279,0,0,0
116900280,0,0,0
116900281,0,0,0
116900282,0,0,0
116900283,0,0,0
116900284,0,0,0
116900285,0,0,0
116900286,0,0,0
116900287,0,0,0
116900288,0,0,0
116900289,0,0,0
116900290,0,0,0
116900291,0,0,0
116900292,0,0,0
116900293,0,0,0
116900294,0,0,0
116900295,0,0,0
116900296,0,0,0
116900297,0,0,0
116900298,0,0,0
116900299,0,0,0
116900300,0,0,0
116900301,0,0,0
116900302,0,0,0
116900303,0,0,0
116900304,0,0,0
116900305,0,0,0
116900306,5,3,2
116900307,0,0,0
116900308,0,0,0
116900309,0,0,0
116900310,0,0,0
117000001,783,476,307
117000002,5,30,-25
117000003,2147,1037,1110
117000004,178,183,-5
117000005,1415,652,763
117000006,62,134,-72
117000007,2670,628,2042
117000008,47,152,-105
117000009,1708,348,1360
117000010,129,115,14
117000011,1045,231,814
117000012,177,90,87
117000013,918,179,739
117000014,37,241,-204
117000015,437,240,197
117000016,41,16,25
117000017,29,18,11
117000018,9,23,-14
117000019,19,11,8
117000020,40,15,25
117000021,55,1,54
117000022,98,34,64
117000023,13,27,-14
117000024,0,0,0
117000025,0,0,0
117000026,720,994,-274
117000027,0,0,0
117000028,298,260,38
117000030,170,52,118
117000031,175,225,-50
117000032,439,299,140
117000033,336,274,62
117000034,131,60,71
117000035,512,88,424
117000036,46,71,-25
117000037,514,73,441
117000038,78,114,-36
117000039,434,55,379
117000040,0,0,0
117000041,437,37,400
117000044,0,0,0
117000045,42,49,-7
117000046,0,0,0
117000047,573,354,219
117000048,0,0,0
117000049,2,23,-21
117000050,4,1,3
117000051,518,199,319
117000052,0,0,0
117000053,0,0,0
117000054,1041,52,989
117000055,0,32,-32
117000056,331,54,277
117000057,0,14,-14
117000060,0,0,0
117000061,393,277,116
117000062,0,0,0
117000063,298,99,199
117000064,0,0,0
117000066,7,3,4
117000067,29,72,-43
117000074,1,57,-56
117000076,0,7,-7
117000077,90,74,16
117000078,0,0,0
117000079,27,2,25
117000080,0,0,0
117000081,159,3,156
117000082,0,0,0
117000083,86,0,86
117000084,40,0,40
117000085,20,19,1
117000086,161,13,148
117000087,22,84,-62
117000088,218,138,80
117000089,1280,308,972
117000090,0,0,0
117000091,722,70,652
117000092,9,41,-32
117000093,1149,98,1051
117000094,20,49,-29
117000095,1915,133,1782
117000096,14,65,-51
117000097,1117,225,892
117000098,51,98,-47
117000099,1480,214,1266
117000100,0,0,0
117000101,0,0,0
117000102,820,237,583
117000103,21,63,-42
117000104,679,165,514
117000105,44,49,-5
117000106,822,248,574
117000107,34,26,8
117000108,763,515,248
117000109,0,0,0
117000110,828,897,-69
117000111,1784,1351,433
117000112,782,447,335
117000113,0,0,0
117000114,2,5,-3
117000115,0,0,0
117000116,1,0,1
117000117,107,81,26
117000118,12,19,-7
117000119,1,69,-68
117000120,0,44,-44
117000121,0,53,-53
117000122,1,96,-95
117000123,69,73,-4
117000124,3,0,3
117000125,1,0,1
117000126,15,1,14
117000127,11,1,10
117000128,1,2,-1
117000129,186,582,-396
117000130,10,0,10
117000131,0,0,0
117000132,1652,23,1629
117000133,0,0,0
117000134,0,0,0
117000135,0,0,0
117000136,0,0,0
117000137,0,0,0
117000138,0,0,0
117000140,127,71,56
117000141,971,191,780
117000181,0,0,0
117000182,0,0,0
117000195,0,0,0
117000196,0,0,0
117000225,0,0,0
117000226,0,0,0
117000276,0,0,0
117000277,0,0,0
117000310,0,252,-252
117000315,0,0,0
117000320,147,0,147
117000906,157,2,155
117000907,0,0,0
117000909,1,16,-15
117000910,0,0,0
117000911,0,34,-34
117000915,0,0,0
117000916,11,22,-11
117000917,277,4,273
117000918,47,86,-39
117000919,0,0,0
117000920,0,24,-24
117000921,0,0,0
117000922,4,5,-1
117000924,78,266,-188
117000926,42,4,38
117000927,189,511,-322
117000928,0,0,0
117000929,0,0,0
117000930,0,0,0
117000931,0,0,0
117900002,0,0,0
117900003,0,0,0
117900005,0,0,0
117900006,0,0,0
117900007,0,0,0
117900008,0,0,0
117900010,0,0,0
117900011,0,0,0
117900012,0,0,0
117900013,0,0,0
117900014,0,0,0
117900015,0,0,0
117900016,0,0,0
117900017,0,0,0
117900018,0,0,0
117900019,0,0,0
117900020,0,0,0
117900021,0,0,0
117900023,0,0,0
117900024,0,0,0
117900025,0,0,0
117900026,0,0,0
117900028,0,0,0
117900029,0,0,0
117900030,0,0,0
117900031,0,0,0
117900032,0,0,0
117900033,0,0,0
117900034,0,0,0
117900035,0,0,0
117900036,0,0,0
117900037,0,0,0
117900038,0,0,0
117900039,0,0,0
117900040,0,0,0
117900041,0,0,0
117900042,0,0,0
117900043,0,0,0
117900044,0,0,0
117900045,0,0,0
117900048,0,0,0
117900049,0,0,0
117900050,0,0,0
117900051,0,0,0
117900052,0,0,0
117900053,0,0,0
117900054,0,0,0
117900055,0,0,0
117900056,0,0,0
117900057,0,0,0
117900058,0,0,0
117900059,0,0,0
117900060,0,0,0
117900061,0,0,0
117900063,0,0,0
117900065,0,0,0
117900066,0,0,0
117900067,0,0,0
117900069,0,0,0
117900070,0,0,0
117900071,0,0,0
117900073,0,0,0
117900074,0,0,0
117900075,0,0,0
117900076,0,0,0
117900077,0,0,0
117900078,0,0,0
117900080,0,0,0
117900081,0,0,0
117900082,0,0,0
117900083,0,0,0
117900086,0,0,0
117900087,0,0,0
117900088,0,0,0
117900089,0,0,0
117900090,0,0,0
117900091,0,0,0
117900092,0,0,0
117900093,0,0,0
117900094,0,0,0
117900095,0,0,0
117900096,0,0,0
117900097,0,0,0
117900098,0,0,0
117900099,0,0,0
117900100,0,0,0
117900101,0,0,0
117900102,0,0,0
117900103,0,0,0
117900104,0,0,0
117900105,0,0,0
117900106,0,0,0
117900107,0,0,0
117900109,0,0,0
117900110,0,0,0
117900111,0,0,0
117900112,0,0,0
117900113,0,0,0
117900114,0,0,0
117900115,0,0,0
117900116,0,0,0
117900117,0,0,0
117900118,0,0,0
117900119,0,0,0
117900120,0,0,0
117900121,1,0,1
117900122,0,0,0
117900123,0,0,0
117900124,0,0,0
117900125,0,0,0
117900126,0,0,0
117900127,0,0,0
117900128,0,0,0
117900129,0,0,0
117900130,0,0,0
117900131,0,0,0
117900132,0,0,0
117900133,0,0,0
117900134,0,0,0
117900135,0,0,0
117900136,0,0,0
117900137,0,0,0
117900138,0,0,0
117900139,0,0,0
117900140,0,0,0
117900141,0,0,0
117900142,0,0,0
117900144,0,0,0
117900145,0,0,0
117900146,0,0,0
117900147,0,0,0
117900148,0,0,0
117900149,0,0,0
117900150,0,0,0
117900151,0,0,0
117900152,0,0,0
117900153,0,0,0
117900154,0,0,0
117900156,0,0,0
117900157,0,0,0
117900158,0,0,0
117900160,0,0,0
117900161,0,0,0
117900162,0,0,0
117900163,0,0,0
117900165,0,0,0
117900166,0,0,0
117900168,0,0,0
117900169,0,0,0
117900170,0,0,0
117900171,0,0,0
117900172,0,0,0
117900173,0,0,0
117900174,0,0,0
117900175,0,0,0
117900176,0,0,0
117900177,0,0,0
117900178,0,0,0
117900180,0,0,0
117900181,0,0,0
117900182,0,0,0
117900183,0,0,0
117900184,0,0,0
117900185,0,0,0
117900186,0,0,0
117900187,0,0,0
117900188,0,0,0
117900189,0,0,0
117900190,0,0,0
117900191,0,0,0
117900192,0,0,0
117900193,0,0,0
117900194,0,0,0
117900195,0,0,0
117900196,0,0,0
117900207,0,0,0
117900208,0,0,0
117900209,0,0,0
117900210,0,0,0
117900211,0,0,0
117900212,0,0,0
117900213,0,0,0
117900214,0,0,0
117900215,0,0,0
117900216,0,0,0
117900217,0,0,0
117900218,0,0,0
117900219,0,0,0
117900220,0,0,0
117900222,0,0,0
117900223,0,0,0
118000001,221,626,-405
118000002,15,78,-63
118000003,895,1807,-912
118000004,38,68,-30
118000005,1483,1673,-190
118000006,115,150,-35
118000007,140,762,-622
118000008,127,340,-213
118000009,30,189,-159
118000010,147,309,-162
118000011,0,0,0
118000012,0,0,0
118000013,0,0,0
118000014,0,0,0
118000016,0,0,0
118000017,45,86,-41
118000018,0,0,0
118000019,2,3,-1
118000020,0,0,0
118000021,0,9,-9
118000022,40,21,19
118000023,208,114,94
118000024,249,249,0
118000027,96,114,-18
118000029,35,320,-285
118000032,248,675,-427
118000033,671,1332,-661
118000034,33,80,-47
118000035,57,370,-313
118000036,54,157,-103
118000037,1,1,0
118000038,32,136,-104
118000039,0,0,0
118000040,134,217,-83
118000041,0,0,0
118000045,0,53,-53
118000046,3,270,-267
118000047,0,0,0
118000048,77,195,-118
118000051,12,274,-262
118000052,17,67,-50
118000053,2,25,-23
118000054,40,83,-43
118000055,13,36,-23
118000056,0,0,0
118000057,1,1,0
118000058,0,0,0
118000059,8,18,-10
118000060,12,0,12
118000061,25,89,-64
118000062,0,0,0
118000063,0,27,-27
118000064,0,66,-66
118000065,31,78,-47
118000066,1,315,-314
118000067,2,27,-25
118000068,22,125,-103
118000069,2,33,-31
118000070,3,78,-75
118000071,114,88,26
118000072,237,459,-222
118000073,14,140,-126
118000074,0,17,-17
118000075,2,93,-91
118000076,819,2081,-1262
118000077,0,0,0
118000078,651,961,-310
118000079,25,100,-75
118000080,0,0,0
118000081,422,680,-258
118000082,0,0,0
118000083,0,0,0
118000084,0,0,0
118000086,0,0,0
118000087,27,22,5
118000088,201,415,-214
118000089,378,184,194
118000090,0,63,-63
118000091,63,178,-115
118000092,0,0,0
118000093,0,0,0
118000096,0,0,0
118000097,0,0,0
118000098,0,0,0
118000099,0,0,0
118000101,289,208,81
118000102,113,42,71
118000107,28,3,25
118000108,27,11,16
118000110,0,0,0
118000111,0,0,0
118000112,140,0,140
118000113,0,0,0
118000114,142,0,142
118000115,0,0,0
118000116,4,0,4
118000117,21,10,11
118000118,286,381,-95
118000119,175,267,-92
118000120,62,3,59
118000121,0,0,0
118000122,0,0,0
118000123,0,0,0
118000125,0,0,0
118000126,4,23,-19
118000127,48,286,-238
118000128,0,0,0
118000129,105,66,39
118000130,9,21,-12
118000131,24,22,2
118000132,227,322,-95
118000133,111,195,-84
118000135,149,185,-36
118000136,1,15,-14
118000137,0,0,0
118000138,1,0,1
118000139,0,0,0
118000140,0,21,-21
118000141,899,906,-7
118000142,0,0,0
118000143,298,475,-177
118000144,119,78,41
118000145,306,120,186
118000146,375,30,345
118000147,277,21,256
118000148,33,74,-41
118000149,13,4,9
118000150,291,204,87
118000151,50,41,9
118000153,712,511,201
118000154,360,260,100
118000155,621,595,26
118000156,140,110,30
118000157,349,34,315
118000158,7,7,0
118000159,65,122,-57
118000160,525,234,291
118000161,0,0,0
118000162,198,47,151
118000163,215,141,74
118000164,640,229,411
118000168,0,0,0
118000169,0,0,0
118000170,21,11,10
118000171,0,5,-5
118000172,1,0,1
118000173,240,162,78
118000175,276,380,-104
118000176,251,370,-119
118000177,145,262,-117
118000178,0,0,0
118000179,470,751,-281
118000180,505,381,124
118000181,17,28,-11
118000182,46,66,-20
118000183,69,77,-8
118000184,852,230,622
118000185,0,0,0
118000186,0,0,0
118000187,80,3,77
118000188,0,0,0
118000189,0,0,0
118000190,0,0,0
118000191,2,0,2
118000192,0,17,-17
118000193,0,0,0
118000194,552,776,-224
118000195,15,19,-4
118000196,0,0,0
118000197,13,1,12
118000198,1,70,-69
118000199,157,167,-10
118000200,0,0,0
118000201,0,0,0
118000202,0,0,0
118000203,0,0,0
118000204,2,31,-29
118000205,58,34,24
118000206,98,38,60
118000207,0,0,0
118000208,187,335,-148
118000209,209,30,179
118000210,52,21,31
118000211,64,24,40
118000213,0,14,-14
118000214,27,42,-15
118000215,0,0,0
118000216,0,0,0
118000217,0,0,0
118000218,0,0,0
118000219,0,0,0
118000220,47,29,18
118000221,0,0,0
118000222,0,0,0
118000223,5,3,2
118000224,0,0,0
118000225,0,0,0
118000226,9,1,8
118000227,29,167,-138
118000228,0,0,0
118000229,0,0,0
118000230,0,0,0
118000231,0,0,0
118000232,0,0,0
118000233,154,30,124
118000234,0,0,0
118000236,3,0,3
118000237,0,0,0
118000238,0,0,0
118000239,125,17,108
118000240,0,0,0
118000241,0,0,0
118000242,0,0,0
118000243,0,0,0
118000244,0,0,0
118000246,0,0,0
118000255,0,0,0
118000256,0,0,0
118000259,0,0,0
118000260,0,0,0
118000261,0,0,0
118000263,0,0,0
118000266,0,0,0
118000267,0,0,0
118000268,5,0,5
118000270,0,0,0
118000271,2,5,-3
118000272,0,0,0
118000273,0,0,0
118000274,0,0,0
118000276,0,0,0
118000295,0,0,0
118000298,0,0,0
118000299,0,0,0
118000301,0,0,0
118000302,0,0,0
118000311,0,0,0
118000312,0,0,0
118000313,0,0,0
118000314,0,0,0
118000315,0,0,0
118000316,0,0,0
118000325,51,0,51
118000326,0,0,0
118000331,25,0,25
118000332,28,1,27
118000333,65,1,64
118000335,71,0,71
118000336,0,0,0
118000407,0,0,0
118000457,0,0,0
118000465,88,138,-50
118000480,0,0,0
118000489,25,55,-30
118000490,0,0,0
118000492,148,22,126
118000510,0,0,0
118000514,9,1,8
118000515,60,0,60
118000517,0,0,0
118000524,0,0,0
118000525,0,0,0
118000530,3,35,-32
118000531,142,22,120
118000532,0,0,0
118000533,0,0,0
118000534,0,0,0
118000535,90,33,57
118000536,0,0,0
118000537,0,0,0
118000538,0,0,0
118000539,1,54,-53
118000540,0,0,0
118000541,0,0,0
118000542,46,16,30
118000543,24,17,7
118000546,0,0,0
118000553,0,0,0
118000560,0,0,0
118000562,0,0,0
118000563,285,630,-345
118000576,2,0,2
118000577,28,8,20
118000578,0,0,0
118000579,16,14,2
118000583,0,0,0
118000595,54,85,-31
118000596,0,0,0
118000597,36,14,22
118000598,0,0,0
118000599,0,0,0
118000600,0,0,0
118000601,0,0,0
118000602,0,0,0
118000603,0,0,0
118000605,0,0,0
118000606,0,0,0
118900001,0,0,0
118900002,0,0,0
118900003,0,0,0
118900004,0,0,0
118900005,0,0,0
118900006,0,0,0
118900007,0,0,0
118900008,0,0,0
118900009,0,0,0
118900010,0,0,0
118900011,0,0,0
118900012,37,3,34
118900013,0,0,0
118900015,0,0,0
118900016,0,0,0
118900017,0,0,0
118900018,0,0,0
118900019,0,0,0
118900020,0,0,0
118900021,0,0,0
118900022,0,0,0
118900023,0,0,0
118900024,0,0,0
118900025,0,0,0
118900026,0,0,0
118900027,0,0,0
118900028,0,0,0
118900029,0,0,0
118900030,0,0,0
118900031,0,0,0
118900032,0,0,0
118900033,0,0,0
118900034,0,0,0
118900035,0,0,0
118900036,0,0,0
118900037,0,0,0
118900038,0,0,0
118900039,0,0,0
118900040,0,0,0
118900041,0,0,0
118900042,0,0,0
118900045,0,0,0
118900046,0,0,0
118900047,0,0,0
118900048,0,0,0
118900049,0,0,0
118900050,0,0,0
118900051,4,0,4
118900052,0,0,0
118900053,0,0,0
118900054,0,0,0
118900055,0,0,0
118900056,11,1,10
118900057,0,0,0
118900058,0,0,0
118900059,0,0,0
118900060,0,0,0
118900062,0,0,0
118900064,0,0,0
118900065,0,0,0
118900066,0,0,0
118900067,0,0,0
118900068,0,0,0
118900069,0,0,0
118900071,0,0,0
118900072,0,0,0
118900073,0,0,0
118900074,0,0,0
118900075,0,0,0
118900076,0,0,0
118900077,0,0,0
118900078,0,0,0
118900079,0,0,0
118900080,0,0,0
118900081,0,0,0
118900082,0,0,0
118900083,0,0,0
118900084,0,0,0
118900085,0,0,0
118900086,0,0,0
118900087,0,0,0
118900088,0,0,0
118900089,0,0,0
118900090,0,0,0
118900091,0,0,0
118900092,0,0,0
118900093,0,0,0
118900096,46,94,-48
118900097,0,0,0
118900099,0,0,0
118900100,0,0,0
118900101,0,0,0
118900102,0,0,0
118900103,0,0,0
118900104,0,0,0
118900105,0,0,0
118900107,0,0,0
118900108,0,0,0
118900110,0,0,0
118900111,0,0,0
118900112,0,0,0
118900113,0,0,0
118900114,0,0,0
118900115,0,0,0
118900116,0,0,0
118900117,0,0,0
118900118,0,0,0
118900119,0,0,0
118900120,0,0,0
118900121,0,0,0
118900122,0,0,0
118900123,0,0,0
118900124,0,0,0
118900126,0,0,0
118900129,0,0,0
118900130,0,0,0
118900131,0,0,0
118900132,0,0,0
118900133,0,0,0
118900135,0,0,0
118900136,0,0,0
118900137,0,0,0
118900139,0,0,0
118900140,0,0,0
118900141,0,0,0
118900144,0,0,0
118900145,0,0,0
118900146,0,0,0
118900147,0,0,0
118900148,0,0,0
118900150,0,0,0
118900152,0,0,0
118900157,0,0,0
118900158,0,0,0
118900159,0,0,0
118900161,0,0,0
118900163,0,0,0
118900164,0,0,0
118900165,0,0,0
118900166,0,0,0
118900167,0,0,0
118900168,0,0,0
118900169,0,0,0
118900170,0,0,0
118900171,0,0,0
118900174,0,0,0
118900175,0,0,0
118900176,0,0,0
118900177,0,0,0
118900178,0,0,0
118900179,0,0,0
118900181,0,0,0
118900182,0,0,0
118900183,0,0,0
118900184,0,0,0
118900185,0,0,0
118900186,0,0,0
118900187,0,0,0
118900188,0,0,0
118900189,0,0,0
118900190,0,0,0
118900191,0,0,0
118900192,0,0,0
118900193,0,0,0
118900195,0,0,0
118900196,0,0,0
118900197,0,0,0
118900198,0,0,0
118900199,0,0,0
118900200,0,0,0
118900201,0,0,0
118900202,0,0,0
118900203,0,0,0
118900204,0,0,0
118900205,0,0,0
118900206,0,0,0
119000001,498,347,151
119000002,581,173,408
119000003,47,64,-17
119000004,60,106,-46
119000005,186,64,122
119000006,193,47,146
119000007,656,571,85
119000008,0,0,0
119000009,305,363,-58
119000010,0,0,0
119000011,478,373,105
119000012,31,58,-27
119000013,1250,447,803
119000014,14,88,-74
119000019,0,0,0
119000020,40,22,18
119000021,109,66,43
119000022,0,0,0
119000023,93,117,-24
119000024,190,1209,-1019
119000025,20,44,-24
119000026,0,0,0
119000027,4,24,-20
119000028,56,35,21
119000029,0,0,0
119000030,14,94,-80
119000031,0,0,0
119000032,0,17,-17
119000033,334,80,254
119000034,0,0,0
119000035,2,4,-2
119000036,148,28,120
119000037,1,14,-13
119000038,0,18,-18
119000039,13,39,-26
119000040,5,251,-246
119000041,9,47,-38
119000048,321,91,230
119000049,37,40,-3
119000050,1,4,-3
119000051,41,84,-43
119000052,2,4,-2
119000053,38,71,-33
119000054,219,62,157
119000055,1244,128,1116
119000056,544,243,301
119000057,57,49,8
119000058,120,51,69
119000059,673,177,496
119000060,0,0,0
119000061,66,62,4
119000062,0,0,0
119000063,36,34,2
119000064,26,92,-66
119000065,25,4,21
119000066,130,134,-4
119000067,198,57,141
119000068,102,22,80
119000069,258,69,189
119000070,121,26,95
119000071,0,0,0
119000072,325,88,237
119000073,105,77,28
119000074,340,122,218
119000075,236,64,172
119000076,0,0,0
119000077,0,0,0
119000078,0,0,0
119000079,0,0,0
119000080,0,0,0
119000081,0,0,0
119000082,0,0,0
119000083,0,0,0
119000084,0,0,0
119000085,0,0,0
119000086,0,0,0
119000087,0,0,0
119000088,0,0,0
119000089,0,0,0
119000090,0,0,0
119000091,0,0,0
119000092,0,0,0
119000093,294,122,172
119000094,768,193,575
119000095,60,94,-34
119000097,164,85,79
119000098,232,559,-327
119000099,455,66,389
119000100,424,240,184
119000101,0,0,0
119000102,0,0,0
119000103,7,18,-11
119000104,0,0,0
119000105,78,96,-18
119000106,0,0,0
119000107,102,144,-42
119000108,0,0,0
119000109,0,0,0
119000110,0,0,0
119000111,0,0,0
119000112,0,0,0
119000113,0,0,0
119000114,3,23,-20
119000115,0,0,0
119000116,4,34,-30
119000117,0,0,0
119000118,0,0,0
119000123,0,0,0
119000124,138,14,124
119000125,346,26,320
119000126,235,27,208
119000127,0,0,0
119000128,0,0,0
119000131,0,0,0
119000132,0,0,0
119000133,0,0,0
119000134,197,189,8
119000135,0,0,0
119000136,0,0,0
119000137,0,0,0
119000138,0,0,0
119000139,0,0,0
119000140,0,0,0
119000284,0,0,0
119000285,0,0,0
119000286,0,0,0
119000287,0,0,0
119000288,0,0,0
119000289,0,0,0
119000290,49,2,47
119000291,0,0,0
119000293,2,17,-15
119000294,127,77,50
119000295,0,0,0
119000296,0,0,0
119000302,0,0,0
119000303,16,4,12
119000304,0,0,0
119000314,0,0,0
119000315,0,0,0
119000316,0,0,0
119000317,0,0,0
119900001,0,0,0
119900002,0,0,0
119900003,0,0,0
119900004,0,0,0
119900005,0,0,0
119900006,0,0,0
119900007,0,0,0
119900008,0,0,0
119900009,0,0,0
119900010,0,0,0
119900011,0,0,0
119900012,0,0,0
119900013,0,0,0
119900014,0,0,0
119900015,0,0,0
119900016,0,0,0
119900017,0,0,0
119900018,0,0,0
119900019,0,0,0
119900020,0,0,0
119900021,0,0,0
119900022,0,0,0
119900023,0,0,0
119900025,0,0,0
119900026,0,0,0
119900027,0,0,0
119900028,0,0,0
119900029,0,0,0
119900030,0,0,0
119900031,0,0,0
119900033,0,0,0
119900034,0,0,0
119900037,0,0,0
119900038,0,0,0
119900039,0,0,0
119900040,0,0,0
119900041,0,0,0
119900042,0,0,0
119900043,0,0,0
119900044,0,0,0
119900046,0,0,0
119900047,0,0,0
119900048,0,0,0
119900049,0,0,0
119900050,0,0,0
119900051,0,0,0
119900052,0,0,0
119900053,0,0,0
119900054,0,0,0
119900055,0,0,0
119900057,0,0,0
119900058,0,0,0
119900059,0,0,0
119900060,0,0,0
119900061,0,0,0
119900062,0,0,0
119900063,0,0,0
119900065,0,0,0
119900067,0,0,0
119900068,0,0,0
119900069,0,0,0
119900070,0,0,0
119900071,0,0,0
119900073,0,0,0
119900074,0,0,0
119900075,0,0,0
119900076,0,0,0
119900077,0,0,0
119900078,0,0,0
119900079,0,0,0
119900080,0,0,0
119900081,0,0,0
119900082,0,0,0
119900083,0,0,0
119900084,0,0,0
119900085,0,0,0
119900086,0,0,0
119900087,0,0,0
119900088,0,0,0
119900089,0,0,0
119900090,0,0,0
119900091,0,0,0
119900092,0,0,0
119900093,0,0,0
119900094,0,0,0
119900095,0,0,0
119900096,0,0,0
119900097,0,0,0
119900098,0,0,0
119900099,0,0,0
119900100,0,0,0
119900101,0,0,0
119900102,0,0,0
119900103,0,0,0
119900104,0,0,0
119900105,0,0,0
119900106,0,0,0
119900107,0,0,0
119900108,0,0,0
119900109,0,0,0
119900110,0,0,0
119900111,0,0,0
119900112,0,0,0
119900113,0,0,0
119900114,0,0,0
119900115,0,0,0
119900116,0,0,0
119900117,0,0,0
119900118,0,0,0
119900119,0,0,0
119900120,0,0,0
119900121,0,0,0
119900122,0,0,0
119900123,0,0,0
119900124,0,0,0
119900125,0,0,0
119900126,0,0,0
119900127,0,0,0
119900128,0,0,0
119900129,0,0,0
119900130,0,0,0
119900131,0,0,0
119900132,0,0,0
119900133,0,0,0
119900134,0,0,0
119900135,0,0,0
119900136,0,0,0
119900138,0,0,0
119900139,0,0,0
119900140,0,0,0
119900141,0,0,0
119900142,0,0,0
119900143,0,0,0
119900144,0,0,0
119900145,0,0,0
119900146,0,0,0
119900147,0,0,0
119900148,0,0,0
119900149,0,0,0
119900150,0,0,0
119900151,0,0,0
119900152,0,0,0
119900153,0,0,0
119900154,0,0,0
119900155,0,0,0
119900156,0,0,0
119900157,0,0,0
119900158,0,0,0
119900159,0,0,0
119900160,0,0,0
119900161,0,0,0
119900162,0,0,0
119900163,0,0,0
119900164,0,0,0
119900165,0,0,0
119900166,0,0,0
119900167,0,0,0
119900168,0,0,0
119900169,0,0,0
119900170,0,0,0
119900171,0,0,0
119900172,0,0,0
119900173,0,0,0
119900174,0,0,0
119900175,0,0,0
119900177,0,0,0
119900178,0,0,0
119900179,0,0,0
119900180,0,0,0
119900181,0,0,0
119900182,0,0,0
119900183,0,0,0
119900184,0,0,0
119900185,0,0,0
119900186,0,0,0
119900187,0,0,0
119900188,0,0,0
119900189,0,0,0
119900190,0,0,0
119900191,0,0,0
119900192,0,0,0
119900193,0,0,0
119900194,0,0,0
119900195,0,0,0
119900196,0,0,0
119900197,0,0,0
119900198,0,0,0
119900199,0,0,0
119900200,0,0,0
119900201,0,0,0
119900202,0,0,0
119900203,0,0,0
119900204,0,0,0
119900205,0,0,0
119900206,0,0,0
119900208,0,0,0
119900209,0,0,0
119900210,0,0,0
119900211,0,0,0
119900212,0,0,0
119900213,0,0,0
119900214,0,0,0
119900215,0,0,0
119900216,0,0,0
119900217,0,0,0
119900218,0,0,0
119900219,0,0,0
119900220,0,0,0
119900221,0,0,0
119900222,0,0,0
119900223,0,0,0
119900224,0,0,0
119900225,0,0,0
119900226,0,0,0
119900227,0,0,0
119900228,0,0,0
119900229,0,0,0
119900230,0,0,0
119900231,0,0,0
119900232,0,0,0
119900233,0,0,0
119900234,0,0,0
119900235,0,0,0
119900236,0,0,0
119900237,0,0,0
119900238,0,0,0
119900240,0,0,0
119900241,0,0,0
119900242,0,0,0
119900244,0,0,0
119900245,0,0,0
119900246,0,0,0
119900247,0,0,0
119900248,0,0,0
119900249,0,0,0
119900253,0,0,0
119900254,0,0,0
119900255,0,0,0
119900256,0,0,0
119900257,0,0,0
119900258,0,0,0
119900259,0,0,0
119900260,0,0,0
119900261,0,0,0
119900262,0,0,0
119900263,0,0,0
119900264,0,0,0
119900265,0,0,0
119900266,0,0,0
119900267,0,0,0
119900268,0,0,0
119900269,0,0,0
119900271,0,0,0
119900272,0,0,0
119900275,0,0,0
119900276,0,0,0
119900277,0,0,0
119900278,0,0,0
119900279,0,0,0
119900280,0,0,0
119900281,0,0,0
119900282,0,0,0
119900283,0,0,0
119900284,0,0,0
119900285,0,0,0
119900286,0,0,0
119900288,0,0,0
119900289,0,0,0
119900290,0,0,0
119900291,0,0,0
119900292,0,0,0
119900293,0,0,0
119900294,0,0,0
119900295,0,0,0
119900296,0,0,0
119900297,0,0,0
119900298,0,0,0
119900299,0,0,0
119900300,0,0,0
119900301,0,0,0
119900302,0,0,0
119900303,0,0,0
119900304,0,0,0
119900305,0,0,0
119900306,0,0,0
119900307,0,0,0
119900308,0,0,0
119900309,0,0,0
119900310,0,0,0
119900311,0,0,0
119900312,0,0,0
119900313,0,0,0
119900314,0,0,0
119900315,0,0,0
119900318,0,0,0
119900319,0,0,0
119900320,0,0,0
119900321,0,0,0
120000001,2029,2088,-59
120000002,157,84,73
120000003,52,85,-33
120000004,36,116,-80
120000005,154,170,-16
120000006,55,70,-15
120000007,167,62,105
120000008,13,66,-53
120000009,12,17,-5
120000010,90,60,30
120000011,14,111,-97
120000012,45,261,-216
120000013,571,228,343
120000014,184,256,-72
120000015,874,440,434
120000016,2130,819,1311
120000017,637,386,251
120000018,1337,556,781
120000019,317,170,147
120000020,848,450,398
120000021,346,786,-440
120000022,2045,1088,957
120000023,543,409,134
120000024,322,295,27
120000025,851,328,523
120000026,492,493,-1
120000027,559,721,-162
120000028,0,0,0
120000029,26,187,-161
120000030,9,156,-147
120000031,806,469,337
120000032,386,152,234
120000033,277,65,212
120000034,252,100,152
120000035,552,143,409
120000036,1190,892,298
120000037,321,662,-341
120000038,232,721,-489
120000039,2,61,-59
120000040,0,40,-40
120000041,8,19,-11
120000042,30,42,-12
120000043,111,42,69
120000044,52,10,42
120000045,11,1,10
120000046,59,7,52
120000047,9,13,-4
120000048,508,227,281
120000049,577,218,359
120000050,85,198,-113
120000051,58,235,-177
120000052,0,0,0
120000053,174,16,158
120000054,101,12,89
120000055,94,15,79
120000056,367,215,152
120000057,345,69,276
120000058,47,44,3
120000059,4,286,-282
120000061,0,3,-3
120000062,0,0,0
120000063,56,5,51
120000064,65,2,63
120000065,129,2,127
120000066,58,1,57
120000067,1,2,-1
120000068,6,34,-28
120000069,89,25,64
120000070,13,5,8
120000071,309,151,158
120000072,463,184,279
120000073,202,139,63
120000074,79,68,11
120000075,611,125,486
120000076,927,147,780
120000077,366,232,134
120000078,583,363,220
120000079,0,0,0
120000080,0,0,0
120000081,0,0,0
120000082,0,0,0
120000083,0,0,0
120000084,34,3,31
120000085,23,0,23
120000086,39,18,21
120000087,5,2,3
120000088,381,78,303
120000089,743,34,709
120000090,249,51,198
120000091,490,184,306
120000092,621,142,479
120000093,125,150,-25
120000094,128,387,-259
120000095,0,0,0
120000096,0,0,0
120000098,0,0,0
120000099,0,0,0
120000100,130,0,130
120000101,116,21,95
120000102,58,603,-545
120000103,595,645,-50
120000104,1010,100,910
120000105,1547,60,1487
120000106,1481,28,1453
120000107,1658,39,1619
120000108,905,6,899
120000109,348,26,322
120000110,0,41,-41
120000111,2,8,-6
120000112,2,7,-5
120000113,0,4,-4
120000114,17,3,14
120000115,6,20,-14
120000116,31,28,3
120000117,0,0,0
120000118,0,0,0
120000119,26,38,-12
120000120,0,0,0
120000121,44,31,13
120000122,188,115,73
120000123,210,171,39
120000124,188,109,79
120000125,19,18,1
120000126,118,144,-26
120000127,161,102,59
120000128,100,24,76
120000129,181,61,120
120000130,615,142,473
120000131,130,57,73
120000134,0,0,0
120000135,0,0,0
120000137,0,0,0
120000138,0,0,0
120000139,0,0,0
120000140,0,0,0
120000141,0,0,0
120000142,0,0,0
120000143,0,0,0
120000144,0,0,0
120000145,0,0,0
120000146,369,658,-289
120000149,0,0,0
120000150,0,0,0
120000151,198,51,147
120000152,136,19,117
120000153,0,0,0
120000154,39,2,37
120000155,101,62,39
120000156,186,29,157
120000157,213,97,116
120000158,0,0,0
120000159,85,232,-147
120000160,497,252,245
120000161,315,218,97
120000162,11,219,-208
120000163,0,0,0
120000164,0,0,0
120000165,88,5,83
120000166,114,57,57
120000167,0,0,0
120000168,0,0,0
120000169,0,0,0
120000170,0,0,0
120000171,0,0,0
120000172,0,0,0
120000173,0,0,0
120000174,0,0,0
120000175,0,0,0
120000176,0,0,0
120000177,0,0,0
120000178,0,0,0
120000179,0,0,0
120000180,0,0,0
120000181,0,0,0
120000182,0,0,0
120000183,0,0,0
120000184,0,0,0
120000186,0,0,0
120000187,0,0,0
120000188,0,0,0
120000190,0,0,0
120000191,0,0,0
120000192,0,0,0
120000193,0,0,0
120000195,0,0,0
120000196,0,0,0
120000197,0,0,0
120000198,0,0,0
120000199,0,0,0
120000200,0,0,0
120000201,0,0,0
120000202,0,0,0
120000203,0,0,0
120000207,0,0,0
120000208,0,0,0
120000209,0,0,0
120000210,0,0,0
120000211,0,0,0
120000212,0,0,0
120000213,0,0,0
120000214,0,0,0
120000215,0,0,0
120000216,0,0,0
120000217,0,0,0
120000218,0,0,0
120000219,0,0,0
120000220,0,0,0
120000225,0,0,0
120000226,0,0,0
120000227,0,0,0
120000228,0,0,0
120000230,0,0,0
120000231,0,0,0
120000233,252,0,252
120000235,0,17,-17
120000236,873,19,854
120000237,0,0,0
120000238,0,0,0
120000241,523,456,67
120000412,0,0,0
120000413,0,0,0
120000414,0,0,0
120000415,0,0,0
120000416,0,0,0
120000417,0,0,0
120000418,0,0,0
120000419,0,0,0
120000420,129,10,119
120000421,484,351,133
120000422,0,0,0
120000423,0,0,0
120000424,0,0,0
120000436,156,34,122
120000437,0,0,0
120000438,0,0,0
120000439,307,152,155
120000443,0,0,0
120000444,581,125,456
120000445,304,303,1
120000446,253,32,221
120000447,466,0,466
120000449,0,0,0
120000450,0,0,0
120000451,59,50,9
120000452,12,0,12
120000453,0,0,0
120000454,125,32,93
120000455,25,90,-65
120000456,8,132,-124
120000457,40,34,6
120000458,0,0,0
120000459,37,50,-13
120000665,3,121,-118
120000668,0,44,-44
120000669,2,9,-7
120000670,1,33,-32
120000671,105,76,29
120000672,0,8,-8
120900001,0,0,0
120900002,0,0,0
120900003,0,0,0
120900004,0,0,0
120900005,0,0,0
120900006,0,0,0
120900007,0,0,0
120900008,0,0,0
120900009,0,0,0
120900010,0,0,0
120900011,0,0,0
120900012,0,0,0
120900013,0,0,0
120900014,0,0,0
120900015,0,0,0
120900016,0,0,0
120900017,0,0,0
120900018,0,0,0
120900019,0,0,0
120900020,0,0,0
120900021,0,0,0
120900022,0,0,0
120900023,0,0,0
120900024,0,0,0
120900025,0,0,0
120900026,0,0,0
120900027,0,0,0
120900028,0,0,0
120900029,0,0,0
120900030,0,0,0
120900031,0,0,0
120900032,0,0,0
120900033,0,0,0
120900034,0,0,0
120900035,0,0,0
120900037,0,0,0
120900038,0,0,0
120900039,0,0,0
120900040,0,0,0
120900041,0,0,0
120900042,0,0,0
120900043,0,0,0
120900044,0,0,0
120900045,0,0,0
120900046,0,0,0
120900047,0,0,0
120900048,0,0,0
120900049,0,0,0
120900050,0,0,0
120900051,0,0,0
120900052,0,0,0
120900053,0,0,0
120900054,0,0,0
120900055,0,0,0
120900056,0,0,0
120900057,0,0,0
120900058,0,0,0
120900059,0,0,0
120900060,0,0,0
120900061,0,0,0
120900062,0,0,0
120900063,0,0,0
120900064,0,0,0
120900065,0,0,0
120900066,0,0,0
120900067,0,0,0
120900068,0,0,0
120900069,0,0,0
120900071,0,0,0
120900072,0,0,0
120900073,0,0,0
120900074,0,0,0
120900076,0,0,0
120900077,0,0,0
120900078,0,0,0
120900079,0,0,0
120900080,0,0,0
120900081,0,0,0
120900082,0,0,0
120900083,0,0,0
120900084,0,0,0
120900085,0,0,0
120900086,0,0,0
120900087,0,0,0
120900088,0,0,0
120900089,0,0,0
120900090,0,0,0
120900091,0,0,0
120900092,0,0,0
120900093,0,0,0
120900094,0,0,0
120900095,0,0,0
120900096,0,0,0
120900097,0,0,0
120900098,0,0,0
120900099,0,0,0
120900100,0,0,0
120900101,0,0,0
120900102,0,0,0
120900103,0,0,0
120900104,0,0,0
120900105,0,0,0
120900106,0,0,0
120900107,0,0,0
120900108,0,0,0
120900109,0,0,0
120900110,0,0,0
120900111,0,0,0
120900112,0,0,0
120900113,0,0,0
120900114,0,0,0
120900115,67,18,49
120900116,0,0,0
120900117,0,0,0
120900118,0,0,0
120900119,0,0,0
120900120,0,0,0
120900121,0,0,0
120900122,0,0,0
120900123,0,0,0
120900124,0,0,0
120900125,0,0,0
120900126,0,0,0
120900127,0,0,0
120900128,0,0,0
120900129,0,0,0
120900130,0,0,0
120900131,0,0,0
120900132,0,0,0
120900133,0,0,0
120900134,0,0,0
120900135,0,0,0
120900136,0,0,0
120900137,0,0,0
120900138,0,0,0
120900139,0,0,0
120900140,0,0,0
120900141,0,0,0
120900142,0,0,0
120900143,0,0,0
120900144,0,0,0
120900145,0,0,0
120900146,0,0,0
120900147,0,0,0
120900148,0,0,0
120900149,0,0,0
120900150,0,0,0
120900151,0,0,0
120900152,0,0,0
120900153,0,0,0
120900154,0,0,0
120900155,0,0,0
120900156,0,0,0
120900157,0,0,0
120900158,0,0,0
120900159,0,0,0
120900160,0,0,0
120900161,0,0,0
120900162,0,0,0
120900163,0,0,0
120900164,0,0,0
120900165,0,0,0
120900166,0,0,0
120900167,0,0,0
120900169,0,0,0
120900170,0,0,0
120900171,0,0,0
120900172,0,0,0
120900173,0,0,0
120900174,0,0,0
120900175,0,0,0
120900176,0,0,0
120900177,0,0,0
120900178,0,0,0
120900179,0,0,0
120900180,0,0,0
120900181,0,0,0
120900182,0,0,0
120900183,0,0,0
120900184,0,0,0
120900185,0,0,0
120900186,0,0,0
120900187,0,0,0
120900188,0,0,0
120900189,0,0,0
120900190,0,0,0
120900191,0,0,0
120900192,0,0,0
120900194,0,0,0
120900195,0,0,0
120900196,0,0,0
120900197,0,0,0
120900198,0,0,0
120900199,0,0,0
120900200,0,0,0
120900201,0,0,0
120900202,0,0,0
120900203,0,0,0
120900204,0,0,0
120900205,0,0,0
120900206,0,0,0
120900207,0,0,0
121000001,0,0,0
121000002,174,128,46
121000003,0,0,0
121000004,180,212,-32
121000005,4,49,-45
121000006,108,304,-196
121000007,13,13,0
121000008,469,328,141
121000009,28,47,-19
121000010,591,289,302
121000011,238,162,76
121000012,1173,523,650
121000013,267,316,-49
121000014,1619,611,1008
121000015,520,979,-459
121000016,774,574,200
121000017,65,196,-131
121000018,139,218,-79
121000019,179,167,12
121000020,611,864,-253
121000021,42,20,22
121000022,80,371,-291
121000023,19,9,10
121000024,703,660,43
121000025,54,75,-21
121000026,26,53,-27
121000027,52,134,-82
121000028,10,74,-64
121000029,94,11,83
121000030,0,0,0
121000031,4,7,-3
121000032,0,0,0
121000034,18,17,1
121000035,0,0,0
121000036,24,44,-20
121000037,54,38,16
121000038,62,192,-130
121000039,0,0,0
121000041,0,0,0
121000042,0,17,-17
121000043,33,31,2
121000044,5,46,-41
121000045,4,10,-6
121000046,0,0,0
121000047,0,0,0
121000049,105,47,58
121000050,54,243,-189
121000051,5,41,-36
121000052,18,43,-25
121000053,0,2,-2
121000054,0,0,0
121000055,0,0,0
121000056,282,355,-73
121000057,0,0,0
121000058,0,0,0
121000059,7,19,-12
121000060,35,41,-6
121000061,0,9,-9
121000062,1,21,-20
121000063,10,18,-8
121000064,37,13,24
121000065,14,13,1
121000066,0,0,0
121000067,0,0,0
121000068,20,5,15
121000069,2,4,-2
121000070,62,122,-60
121000071,38,230,-192
121000072,33,29,4
121000073,24,144,-120
121000074,0,0,0
121000075,0,0,0
121000076,0,0,0
121000077,6,6,0
121000078,0,0,0
121000080,63,64,-1
121000081,223,184,39
121000082,13,27,-14
121000083,5,4,1
121000084,0,0,0
121000085,64,36,28
121000086,0,63,-63
121000087,2,92,-90
121000088,0,0,0
121000089,2,161,-159
121000090,0,0,0
121000091,399,113,286
121000092,23,19,4
121000093,4,55,-51
121000094,48,30,18
121000095,0,7,-7
121000096,0,0,0
121000097,0,0,0
121000098,24,28,-4
121000099,9,16,-7
121000100,0,0,0
121000101,8,17,-9
121000102,0,0,0
121000103,0,7,-7
121000104,0,0,0
121000105,0,0,0
121000106,6,7,-1
121000107,181,234,-53
121000109,84,253,-169
121000110,0,4,-4
121000114,294,334,-40
121000115,0,0,0
121000116,0,0,0
121000117,18,4,14
121000118,1,0,1
121000119,0,0,0
121000120,2,65,-63
121000121,0,2,-2
121000123,0,1,-1
121000127,0,0,0
121000128,0,0,0
121000129,0,0,0
121000130,19,13,6
121000131,0,0,0
121000132,10,23,-13
121000135,0,0,0
121000136,32,81,-49
121000137,0,0,0
121000138,9,22,-13
121000139,0,0,0
121000141,0,0,0
121000142,0,0,0
121000143,0,0,0
121000144,0,0,0
121000145,0,1,-1
121000146,24,8,16
121000147,23,67,-44
121000148,0,0,0
121000149,236,345,-109
121000152,10,20,-10
121000153,84,7,77
121000154,104,12,92
121000155,98,43,55
121000156,89,37,52
121000157,37,17,20
121000158,18,21,-3
121000159,24,31,-7
121000160,4,1,3
121000161,0,0,0
121000162,0,0,0
121000165,73,699,-626
121000166,19,21,-2
121000168,6,75,-69
121000169,3,11,-8
121000170,49,57,-8
121000171,27,46,-19
121000172,28,55,-27
121000173,2,12,-10
121000174,3,5,-2
121000175,7,4,3
121000176,2,11,-9
121000177,1,2,-1
121000178,0,0,0
121000179,10,4,6
121000181,32,67,-35
121000182,75,65,10
121000183,16,33,-17
121000184,2,29,-27
121000185,0,21,-21
121000186,0,0,0
121000187,0,0,0
121000188,0,0,0
121000192,9,4,5
121000193,0,0,0
121000194,49,196,-147
121000195,0,0,0
121000196,0,0,0
121000197,2,4,-2
121000198,0,0,0
121000199,0,2,-2
121000200,0,0,0
121000201,0,0,0
121000202,0,0,0
121000203,0,0,0
121000204,0,0,0
121000205,19,13,6
121000206,0,0,0
121000207,0,0,0
121000208,0,0,0
121000209,57,1,56
121000210,0,0,0
121000211,2,0,2
121000212,0,0,0
121000213,65,129,-64
121000214,15,93,-78
121000215,81,38,43
121000216,47,31,16
121000217,467,134,333
121000218,2,21,-19
121000219,176,131,45
121000220,0,0,0
121000221,2,69,-67
121000222,12,70,-58
121000223,0,0,0
121000224,0,0,0
121000225,1,32,-31
121000226,7,181,-174
121000227,0,0,0
121000228,0,0,0
121000229,0,0,0
121000230,0,0,0
121000231,176,3,173
121000232,0,0,0
121000233,139,22,117
121000234,6,20,-14
121000235,1,15,-14
121000236,0,6,-6
121000237,22,1,21
121000238,0,0,0
121000239,0,0,0
121000240,1,8,-7
121000241,17,0,17
121000242,1,15,-14
121000243,23,2,21
121000244,0,0,0
121000245,0,0,0
121000246,0,3,-3
121000247,18,0,18
121000248,22,5,17
121000249,0,0,0
121000250,29,72,-43
121000251,0,0,0
121000252,2,17,-15
121000253,0,0,0
121000254,65,24,41
121000255,0,0,0
121000256,5,18,-13
121000257,0,0,0
121000258,15,23,-8
121000259,0,0,0
121000260,0,0,0
121000261,0,21,-21
121000262,0,0,0
121000263,7,51,-44
121000271,0,0,0
121000273,0,0,0
121000274,1,11,-10
121000275,0,0,0
121000276,2,1,1
121000278,51,1,50
121000279,0,0,0
121000280,3,27,-24
121000289,9,16,-7
121000290,62,18,44
121000294,0,0,0
121000297,73,37,36
121000299,0,0,0
121000300,0,0,0
121000302,1,109,-108
121000303,17,4,13
121000304,162,160,2
121000305,52,122,-70
121000306,51,101,-50
121000308,0,0,0
121000309,0,0,0
121000310,0,0,0
121000311,0,0,0
121000312,69,21,48
121000313,0,0,0
121000314,0,0,0
121000315,0,0,0
121000530,185,139,46
121000531,354,209,145
121000532,1026,336,690
121000533,3701,1187,2514
121000918,0,0,0
121000919,0,0,0
121000938,0,0,0
121000939,11,16,-5
121000956,0,0,0
121000957,0,0,0
121000958,2,5,-3
121000959,48,5,43
121000960,31,46,-15
121000961,101,0,101
121000962,1,25,-24
121000963,0,0,0
121000973,0,0,0
121000976,0,0,0
121000979,0,0,0
121000981,45,0,45
121000982,0,0,0
121000983,4,0,4
121000984,0,0,0
121000985,0,0,0
121000986,0,0,0
121000987,0,0,0
121000988,203,26,177
121001302,0,0,0
121001308,0,0,0
121001309,0,0,0
121001313,0,0,0
121001314,0,0,0
121001315,1238,84,1154
121001326,0,0,0
121900001,1,77,-76
121900002,0,0,0
121900003,0,0,0
121900004,0,0,0
121900005,0,0,0
121900006,0,0,0
121900007,0,0,0
121900008,0,0,0
121900009,0,0,0
121900010,0,0,0
121900011,0,0,0
121900012,0,0,0
121900013,0,0,0
121900014,0,0,0
121900015,0,0,0
121900016,0,0,0
121900017,0,0,0
121900018,0,0,0
121900019,0,0,0
121900020,0,0,0
121900021,0,0,0
121900022,0,0,0
121900023,0,0,0
121900024,0,0,0
121900025,0,0,0
121900026,0,0,0
121900027,0,0,0
121900028,0,0,0
121900029,0,0,0
121900030,0,0,0
121900031,0,0,0
121900032,0,0,0
121900033,0,0,0
121900034,0,0,0
121900035,0,0,0
121900036,0,0,0
121900037,0,0,0
121900038,0,0,0
121900039,0,0,0
121900040,0,0,0
121900041,0,0,0
121900042,0,0,0
121900043,0,0,0
121900044,0,0,0
121900046,0,0,0
121900047,0,0,0
121900048,0,0,0
121900050,0,0,0
121900051,0,0,0
121900052,0,0,0
121900053,0,0,0
121900054,0,0,0
121900055,0,0,0
121900058,0,0,0
121900059,0,0,0
121900060,0,0,0
121900061,0,0,0
121900062,0,0,0
121900063,0,0,0
121900064,0,0,0
121900066,0,0,0
121900067,0,0,0
121900069,0,0,0
121900070,0,0,0
121900071,0,0,0
121900072,0,0,0
121900073,0,0,0
121900074,0,0,0
121900075,0,0,0
121900076,0,0,0
121900078,0,0,0
121900079,0,0,0
121900080,0,0,0
121900082,0,0,0
121900084,0,0,0
121900086,0,0,0
121900087,0,0,0
121900088,0,0,0
121900089,0,0,0
121900090,0,0,0
121900091,0,0,0
121900092,0,0,0
121900093,0,0,0
121900094,0,0,0
121900095,0,0,0
121900096,0,0,0
121900097,0,0,0
121900098,0,0,0
121900099,0,0,0
121900100,0,0,0
121900101,0,0,0
121900102,0,0,0
121900103,0,0,0
121900104,0,0,0
121900105,0,0,0
121900106,0,0,0
121900107,0,0,0
121900108,0,0,0
121900109,0,0,0
121900110,0,0,0
121900111,0,0,0
121900112,0,0,0
121900113,0,0,0
121900114,0,0,0
121900117,0,0,0
121900118,0,0,0
121900119,0,0,0
121900120,0,0,0
121900121,0,0,0
121900122,0,0,0
121900123,0,0,0
121900124,0,0,0
121900125,0,0,0
121900127,0,0,0
121900128,0,0,0
121900129,0,0,0
121900130,0,0,0
121900131,0,0,0
121900132,0,0,0
121900133,0,0,0
121900134,0,0,0
121900135,0,0,0
121900136,0,0,0
121900137,0,0,0
121900138,0,0,0
121900139,0,0,0
121900140,0,0,0
121900141,0,0,0
121900142,0,0,0
121900143,0,0,0
121900144,0,0,0
121900145,0,0,0
121900146,0,0,0
121900147,0,0,0
121900148,0,0,0
121900149,0,0,0
121900150,0,0,0
121900151,0,0,0
121900152,0,0,0
121900153,0,0,0
121900154,0,0,0
121900155,0,0,0
121900156,0,0,0
121900157,0,0,0
121900158,0,0,0
121900159,0,0,0
121900160,0,0,0
121900161,0,0,0
121900162,0,0,0
121900163,0,0,0
121900164,0,0,0
121900165,0,0,0
121900166,0,0,0
121900167,0,0,0
121900168,0,0,0
121900169,0,0,0
121900170,0,0,0
121900171,0,0,0
121900172,0,0,0
121900173,0,0,0
121900174,0,0,0
121900175,0,0,0
121900176,0,0,0
121900177,0,0,0
121900178,0,0,0
121900179,0,0,0
121900180,0,0,0
121900182,0,0,0
121900183,0,0,0
121900184,0,0,0
121900186,0,0,0
121900187,0,0,0
121900188,0,0,0
121900189,0,0,0
121900190,0,0,0
121900191,0,0,0
121900192,0,0,0
121900193,0,0,0
121900194,0,0,0
121900195,0,0,0
121900196,0,0,0
121900197,0,0,0
121900198,0,0,0
121900199,0,0,0
121900200,0,0,0
121900201,0,0,0
121900202,0,0,0
121900203,0,0,0
121900204,0,0,0
121900205,0,0,0
121900206,0,0,0
121900207,0,0,0
121900208,0,0,0
121900209,0,0,0
121900210,0,0,0
121900211,0,0,0
121900212,0,0,0
121900213,0,0,0
121900214,0,0,0
121900215,0,0,0
121900216,0,0,0
121900217,0,0,0
121900218,0,0,0
121900220,0,0,0
121900221,0,0,0
121900222,0,0,0
121900223,0,0,0
121900224,0,0,0
121900225,0,0,0
121900226,0,0,0
121900227,0,0,0
121900228,0,0,0
121900230,0,0,0
121900231,0,0,0
121900232,0,0,0
121900233,0,0,0
121900234,0,0,0
121900235,0,0,0
121900236,0,0,0
121900237,0,0,0
121900238,0,0,0
121900239,0,0,0
121900240,0,0,0
121900241,0,0,0
121900242,0,0,0
121900243,0,0,0
121900244,0,0,0
121900245,0,0,0
121900246,0,0,0
121900248,0,0,0
121900250,0,0,0
121900251,0,0,0
121900252,0,0,0
121900253,0,0,0
121900254,0,0,0
121900255,0,0,0
121900258,0,0,0
121900259,0,0,0
121900260,0,0,0
121900261,0,0,0
121900262,0,0,0
121900263,0,0,0
121900264,0,0,0
121900265,0,0,0
121900266,0,0,0
121900267,0,0,0
121900269,0,0,0
121900270,0,0,0
121900271,0,0,0
121900273,0,0,0
121900274,0,0,0
121900277,0,0,0
121900278,0,0,0
121900279,0,0,0
121900280,0,0,0
121900281,0,0,0
121900284,0,0,0
121900286,0,0,0
121900287,0,0,0
121900288,0,0,0
121900290,0,0,0
121900291,0,0,0
121900292,0,0,0
121900293,0,0,0
121900294,0,0,0
121900295,0,0,0
121900296,0,0,0
121900298,0,0,0
121900299,0,0,0
121900300,0,0,0
121900301,0,0,0
121900302,0,0,0
121900303,0,0,0
121900304,0,0,0
121900305,0,0,0
121900306,0,0,0
121900307,0,0,0
121900308,0,0,0
121900309,0,0,0
121900310,0,0,0
121900311,0,0,0
121900312,0,0,0
121900313,0,0,0
121900314,0,0,0
121900315,0,0,0
121900316,0,0,0
121900317,0,0,0
121900318,0,0,0
121900319,0,0,0
121900320,0,0,0
121900321,0,0,0
121900322,0,0,0
121900323,0,0,0
121900324,0,0,0
121900325,0,0,0
121900326,0,0,0
121900327,0,0,0
121900328,0,0,0
121900329,0,0,0
121900330,0,0,0
121900331,0,0,0
121900332,0,0,0
121900333,0,0,0
121900334,0,0,0
122000001,37,97,-60
122000002,64,33,31
122000003,50,105,-55
122000004,98,44,54
122000005,308,635,-327
122000006,108,233,-125
122000007,47,187,-140
122000008,74,191,-117
122000009,22,50,-28
122000010,538,253,285
122000011,202,134,68
122000012,92,83,9
122000013,19,33,-14
122000014,1,15,-14
122000015,21,43,-22
122000016,2,69,-67
122000017,0,0,0
122000018,0,0,0
122000019,0,14,-14
122000020,0,0,0
122000021,0,0,0
122000022,85,19,66
122000023,14,23,-9
122000024,235,173,62
122000025,22,151,-129
122000026,364,322,42
122000027,0,0,0
122000028,95,6,89
122000029,32,15,17
122000030,0,0,0
122000031,0,5,-5
122000032,44,49,-5
122000033,91,207,-116
122000034,0,0,0
122000035,0,0,0
122000036,0,0,0
122000037,3,11,-8
122000038,26,4,22
122000039,0,0,0
122000040,0,0,0
122000041,0,0,0
122000042,0,1,-1
122000043,3,2,1
122000044,1,3,-2
122000045,112,25,87
122000046,61,17,44
122000047,0,0,0
122000048,286,504,-218
122000049,355,132,223
122000050,46,15,31
122000051,1,16,-15
122000052,2,13,-11
122000053,19,577,-558
122000054,56,121,-65
122000055,351,483,-132
122000056,203,83,120
122000057,40,200,-160
122000058,73,72,1
122000059,87,45,42
122000060,0,0,0
122000061,0,0,0
122000062,106,20,86
122000063,0,19,-19
122000064,40,129,-89
122000065,182,245,-63
122000066,73,86,-13
122000067,124,448,-324
122000068,16,343,-327
122000069,22,52,-30
122000070,244,72,172
122000071,8,79,-71
122000072,0,0,0
122000073,0,0,0
122000074,54,44,10
122000075,34,77,-43
122000076,101,106,-5
122000077,0,0,0
122000078,370,262,108
122000079,0,48,-48
122000080,0,0,0
122000081,0,0,0
122000082,94,90,4
122000083,0,0,0
122000084,0,0,0
122000085,3,18,-15
122000086,22,224,-202
122000087,3,42,-39
122000088,0,0,0
122000089,76,235,-159
122000090,0,0,0
122000091,0,0,0
122000092,0,0,0
122000093,182,520,-338
122000094,302,400,-98
122000095,9,67,-58
122000096,23,207,-184
122000098,301,483,-182
122000099,5,24,-19
122000100,1,7,-6
122000101,1,0,1
122000102,0,0,0
122000103,0,0,0
122000104,2,0,2
122000105,14,3,11
122000106,0,23,-23
122000107,16,17,-1
122000108,0,0,0
122000109,7,11,-4
122000110,0,0,0
122000111,361,98,263
122000112,42,42,0
122000113,33,23,10
122000114,299,608,-309
122000115,349,316,33
122000116,4,103,-99
122000117,110,0,110
122000118,42,2,40
122000119,0,0,0
122000120,0,0,0
122000121,39,11,28
122000122,22,10,12
122000123,60,40,20
122000124,9,44,-35
122000125,6,62,-56
122000126,4,30,-26
122000127,8,51,-43
122000128,1,7,-6
122000129,31,1,30
122000130,120,57,63
122000131,4,6,-2
122000132,0,0,0
122000133,0,0,0
122000134,43,32,11
122000135,27,25,2
122000136,24,27,-3
122000137,13,15,-2
122000139,1,90,-89
122000140,0,0,0
122000141,11,4,7
122000142,0,0,0
122000143,0,0,0
122000144,25,20,5
122000145,1,0,1
122000146,28,62,-34
122000147,19,105,-86
122000148,169,159,10
122000149,107,26,81
122000150,130,32,98
122000151,0,0,0
122000152,0,0,0
122000153,91,79,12
122000154,65,27,38
122000155,115,76,39
122000156,253,324,-71
122000157,190,258,-68
122000158,0,0,0
122000159,36,6,30
122000160,134,55,79
122000161,102,31,71
122000162,57,43,14
122000163,0,0,0
122000164,0,0,0
122000165,0,1,-1
122000166,60,23,37
122000167,0,0,0
122000168,0,0,0
122000169,0,0,0
122000170,0,0,0
122000171,0,0,0
122000172,0,0,0
122000173,0,0,0
122000174,295,314,-19
122000175,0,0,0
122000176,0,0,0
122000177,261,382,-121
122000178,398,77,321
122000179,0,0,0
122000180,183,257,-74
122000181,348,336,12
122000182,90,32,58
122000183,21,5,16
122000184,341,430,-89
122000185,92,152,-60
122000186,0,0,0
122000187,81,41,40
122000188,0,0,0
122000189,26,17,9
122000190,170,55,115
122000191,26,9,17
122000192,0,0,0
122000193,0,0,0
122000194,0,0,0
122000195,0,0,0
122000196,0,0,0
122000197,2,9,-7
122000198,0,0,0
122000199,18,51,-33
122000200,27,47,-20
122000201,226,210,16
122000202,118,152,-34
122000203,0,0,0
122000204,0,0,0
122000205,0,0,0
122000206,144,55,89
122000207,92,59,33
122000208,91,32,59
122000209,194,38,156
122000210,13,2,11
122000211,2,15,-13
122000212,40,56,-16
122000213,66,82,-16
122000214,135,188,-53
122000215,89,104,-15
122000217,8,8,0
122000218,68,31,37
122000219,61,39,22
122000220,8,32,-24
122000221,0,0,0
122000222,20,1,19
122000223,32,36,-4
122000225,84,23,61
122000226,8,39,-31
122000227,0,13,-13
122000228,3,1,2
122000229,0,0,0
122000230,0,18,-18
122000231,1,27,-26
122000232,0,11,-11
122000233,0,0,0
122000234,23,0,23
122000235,31,1,30
122000236,6,0,6
122000237,0,0,0
122000238,4,7,-3
122000239,11,0,11
122000240,26,2,24
122000241,28,47,-19
122000242,0,0,0
122000243,0,0,0
122000244,0,0,0
122000245,2,0,2
122000246,34,90,-56
122000247,16,1,15
122000248,19,10,9
122000249,139,119,20
122000250,176,65,111
122000251,0,0,0
122000252,12,2,10
122000253,0,0,0
122000254,23,0,23
122000255,0,0,0
122000256,13,31,-18
122000257,0,19,-19
122000258,13,25,-12
122000259,0,0,0
122000260,0,0,0
122000261,0,0,0
122000262,0,0,0
122000263,0,0,0
122000264,151,48,103
122000265,183,30,153
122000266,188,4,184
122000267,0,0,0
122000268,0,0,0
122000269,0,0,0
122000270,0,0,0
122000271,0,0,0
122000272,0,0,0
122000273,0,0,0
122000274,0,0,0
122000275,0,0,0
122000276,46,69,-23
122000277,114,107,7
122000278,131,54,77
122000279,3,13,-10
122000280,8,10,-2
122000281,2,1,1
122000282,23,4,19
122000283,0,0,0
122000284,0,0,0
122000285,0,0,0
122000286,0,0,0
122000287,441,80,361
122000288,53,7,46
122000291,755,49,706
122000293,0,0,0
122000294,59,5,54
122000295,116,4,112
122000296,38,67,-29
122000297,682,364,318
122000299,81,19,62
122000300,1,11,-10
122000301,51,49,2
122000302,0,0,0
122000303,19,79,-60
122000304,0,0,0
122000305,300,115,185
122000306,20,38,-18
122000307,0,0,0
122000309,0,0,0
122000310,0,0,0
122000311,0,0,0
122000312,4,72,-68
122000313,4,66,-62
122000314,32,41,-9
122000315,0,0,0
122000316,13,20,-7
122000317,45,2,43
122000318,23,65,-42
122000319,8,6,2
122000320,0,0,0
122000321,0,0,0
122000322,58,50,8
122000323,56,76,-20
122000324,0,5,-5
122000325,56,143,-87
122000326,12,0,12
122000327,0,9,-9
122000328,0,0,0
122000330,70,148,-78
122000332,0,0,0
122000333,0,0,0
122000337,16,26,-10
122000338,1,2,-1
122000340,0,0,0
122000342,24,30,-6
122000343,3,8,-5
122000344,22,0,22
122000345,0,2,-2
122000346,0,0,0
122000348,24,20,4
122000349,0,0,0
122000351,6,0,6
122000352,0,0,0
122000353,0,0,0
122000355,0,0,0
122000356,7,14,-7
122000357,0,7,-7
122000358,0,0,0
122000359,0,0,0
122000360,0,0,0
122000362,0,0,0
122000364,0,0,0
122000365,0,0,0
122000366,0,0,0
122000368,0,0,0
122000370,0,0,0
122000371,0,0,0
122000372,0,0,0
122000381,0,0,0
122000382,0,0,0
122000384,0,0,0
122000385,0,0,0
122000386,2,129,-127
122000387,0,0,0
122000388,28,40,-12
122000389,0,0,0
122000390,12,56,-44
122000391,0,0,0
122000392,0,0,0
122000393,0,0,0
122000394,0,0,0
122000395,0,0,0
122000396,0,0,0
122000397,0,0,0
122000398,20,26,-6
122000399,0,0,0
122000400,5,36,-31
122000401,0,0,0
122000402,16,9,7
122000403,0,0,0
122000404,105,8,97
122000408,257,269,-12
122000503,0,0,0
122000524,0,0,0
122000544,0,0,0
122000614,10,0,10
122000616,0,0,0
122000640,0,0,0
122000641,0,0,0
122000642,0,0,0
122000643,23,10,13
122000644,0,0,0
122000645,0,0,0
122000651,7,12,-5
122000664,16,15,1
122000665,0,0,0
122000666,31,68,-37
122000673,0,0,0
122000674,41,29,12
122000675,26,20,6
122000686,86,27,59
122000687,44,15,29
122000688,57,16,41
122000689,94,10,84
122000690,320,6,314
122000691,331,72,259
122000692,17,2,15
122000693,20,21,-1
122000695,0,0,0
122000696,54,12,42
122000698,0,0,0
122000699,16,2,14
122000701,102,29,73
122000702,65,59,6
122000703,21,3,18
122000712,0,0,0
122000717,0,0,0
122000718,58,124,-66
122000719,1,8,-7
122000720,69,7,62
122000724,0,0,0
122900001,0,0,0
122900002,0,0,0
122900003,0,0,0
122900004,0,0,0
122900005,0,0,0
122900006,0,0,0
122900007,0,0,0
122900008,0,0,0
122900009,0,0,0
122900010,0,0,0
122900012,0,0,0
122900014,0,0,0
122900015,0,0,0
122900016,0,0,0
122900017,0,0,0
122900018,0,0,0
122900019,0,0,0
122900020,0,0,0
122900021,0,0,0
122900022,0,0,0
122900023,0,0,0
122900024,0,0,0
122900025,0,0,0
122900026,0,0,0
122900027,0,0,0
122900028,0,0,0
122900029,0,0,0
122900030,0,0,0
122900031,0,0,0
122900032,0,0,0
122900033,0,0,0
122900034,0,0,0
122900035,0,0,0
122900036,0,0,0
122900037,0,0,0
122900038,0,0,0
122900039,0,0,0
122900040,0,0,0
122900041,0,0,0
122900042,0,0,0
122900043,0,0,0
122900044,0,0,0
122900045,0,0,0
122900046,0,0,0
122900047,0,0,0
122900048,0,0,0
122900049,0,0,0
122900051,0,0,0
122900052,0,0,0
122900053,0,0,0
122900055,0,0,0
122900057,0,0,0
122900061,0,0,0
122900062,0,0,0
122900063,0,0,0
122900064,0,0,0
122900065,0,0,0
122900066,0,0,0
122900067,0,0,0
122900069,0,0,0
122900070,0,0,0
122900071,0,0,0
122900073,0,0,0
122900074,0,0,0
122900075,0,0,0
122900076,0,0,0
122900077,0,0,0
122900078,0,0,0
122900080,0,0,0
122900081,0,0,0
122900082,0,0,0
122900083,0,0,0
122900084,0,0,0
122900086,0,0,0
122900087,0,0,0
122900088,0,0,0
122900089,0,0,0
122900090,0,0,0
122900091,0,0,0
122900092,0,0,0
122900093,0,0,0
122900094,0,0,0
122900095,0,0,0
122900096,0,0,0
122900097,0,0,0
122900098,0,0,0
122900099,0,0,0
122900100,0,0,0
122900101,0,0,0
122900102,0,0,0
122900103,0,0,0
122900104,0,0,0
122900105,0,0,0
122900106,0,0,0
122900107,0,0,0
122900108,0,0,0
122900109,0,0,0
123000001,82,39,43
123000002,172,1045,-873
123000003,815,288,527
123000004,80,370,-290
123000005,804,254,550
123000006,207,265,-58
123000007,737,329,408
123000008,50,102,-52
123000009,1949,1433,516
123000010,97,184,-87
123000011,658,711,-53
123000012,43,143,-100
123000013,757,251,506
123000014,4,103,-99
123000015,1067,277,790
123000016,40,124,-84
123000017,718,260,458
123000018,100,3,97
123000019,131,0,131
123000020,49,2,47
123000021,126,5,121
123000022,311,7,304
123000023,170,55,115
123000024,68,53,15
123000025,8,2,6
123000026,0,0,0
123000027,0,0,0
123000028,3,186,-183
123000029,0,0,0
123000030,0,0,0
123000031,34,6,28
123000032,21,15,6
123000033,2,19,-17
123000034,95,18,77
123000035,24,96,-72
123000036,11,334,-323
123000037,0,0,0
123000038,0,0,0
123000039,0,0,0
123000040,0,0,0
123000041,15,436,-421
123000042,0,0,0
123000043,88,105,-17
123000044,59,43,16
123000045,0,0,0
123000046,0,0,0
123000047,0,0,0
123000048,1,127,-126
123000049,2656,970,1686
123000050,113,107,6
123000051,3,7,-4
123000052,107,225,-118
123000053,663,317,346
123000054,108,298,-190
123000055,507,704,-197
123000056,4,52,-48
123000057,62,58,4
123000058,0,0,0
123000059,3,5,-2
123000060,1,2,-1
123000061,0,9,-9
123000063,38,16,22
123000064,5,3,2
123000065,10,27,-17
123000066,4,15,-11
123000067,3,3,0
123000068,36,75,-39
123000069,57,84,-27
123000070,0,0,0
123000071,65,25,40
123000072,0,0,0
123000073,134,38,96
123000074,0,0,0
123000075,32,98,-66
123000076,0,0,0
123000077,0,0,0
123000078,286,108,178
123000079,434,216,218
123000080,0,0,0
123000081,0,0,0
123000082,0,0,0
123000083,14,5,9
123000084,0,0,0
123000085,0,0,0
123000086,0,0,0
123000087,0,0,0
123000088,0,0,0
123000089,208,117,91
123000090,0,0,0
123000091,191,112,79
123000092,0,0,0
123000094,1,1,0
123000095,16,27,-11
123000096,28,7,21
123000097,0,0,0
123000098,65,10,55
123000099,0,0,0
123000100,0,0,0
123000101,58,12,46
123000102,91,49,42
123000104,0,0,0
123000105,0,0,0
123000106,0,0,0
123000107,0,0,0
123000108,0,0,0
123000111,6,7,-1
123000112,30,1,29
123000113,0,0,0
123000114,6,18,-12
123000115,13,8,5
123000116,0,0,0
123000117,8,5,3
123000118,2,6,-4
123000119,1,9,-8
123000120,0,11,-11
123000121,0,0,0
123000122,0,0,0
123000123,0,0,0
123000124,0,0,0
123000125,37,36,1
123000126,210,251,-41
123000127,0,0,0
123000128,0,0,0
123000129,266,22,244
123000130,91,5,86
123000131,89,65,24
123000132,0,0,0
123000133,0,0,0
123000134,0,0,0
123000135,8,38,-30
123000136,0,0,0
123000137,0,0,0
123000138,0,0,0
123000139,86,3,83
123000140,0,0,0
123000141,58,1,57
123000142,0,0,0
123000143,0,0,0
123000144,0,0,0
123000145,0,0,0
123000146,0,0,0
123000147,0,0,0
123000149,14,42,-28
123000150,39,20,19
123000151,38,46,-8
123000152,0,0,0
123000153,10,29,-19
123000154,35,69,-34
123000155,14,22,-8
123000156,0,0,0
123000157,19,17,2
123000158,67,40,27
123000159,92,155,-63
123000160,43,91,-48
123000161,117,77,40
123000162,200,88,112
123000163,80,14,66
123000164,235,12,223
123000165,0,0,0
123000166,0,0,0
123000167,6,5,1
123000168,36,0,36
123000169,121,10,111
123000170,0,0,0
123000171,204,0,204
123000172,0,0,0
123000173,56,43,13
123000174,93,25,68
123000175,0,0,0
123000176,73,12,61
123000177,0,0,0
123000178,141,20,121
123000179,0,0,0
123000180,378,64,314
123000181,0,0,0
123000183,58,46,12
123000184,0,0,0
123000186,0,0,0
123000187,353,7,346
123000188,367,1,366
123000189,202,0,202
123000190,57,9,48
123000192,0,0,0
123000193,0,0,0
123000194,0,0,0
123000195,290,2,288
123000196,328,1,327
123000197,75,0,75
123000198,0,0,0
123000199,0,0,0
123000200,292,16,276
123000201,371,13,358
123000202,0,0,0
123000203,412,18,394
123000204,0,0,0
123000205,0,0,0
123000206,573,29,544
123000207,0,0,0
123000208,75,3,72
123000209,279,15,264
123000210,0,0,0
123000211,0,0,0
123000212,557,33,524
123000213,234,2,232
123000215,131,115,16
123000216,17,101,-84
123000217,47,4,43
123000218,0,0,0
123000219,58,8,50
123000220,167,5,162
123000221,7,15,-8
123000222,2,23,-21
123000223,46,20,26
123000224,42,42,0
123000225,25,6,19
123000226,61,4,57
123000227,1,0,1
123000228,39,7,32
123000229,0,0,0
123000232,0,0,0
123000233,245,20,225
123000234,0,0,0
123000235,146,24,122
123000236,0,1,-1
123000237,65,16,49
123000238,0,0,0
123000239,0,0,0
123000240,0,0,0
123000241,22,5,17
123000242,0,0,0
123000243,7,60,-53
123000244,18,55,-37
123000245,0,0,0
123000249,0,0,0
123000252,210,139,71
123000253,358,166,192
123000254,7,15,-8
123000255,75,86,-11
123000256,0,0,0
123000257,0,0,0
123000258,0,0,0
123000259,21,6,15
123000260,4,12,-8
123000261,0,0,0
123000262,0,0,0
123000263,97,5,92
123000264,22,2,20
123000265,0,0,0
123000266,28,13,15
123000267,23,152,-129
123000268,0,0,0
123000269,3,22,-19
123000270,4,2,2
123000271,0,0,0
123000272,268,53,215
123000273,90,449,-359
123000274,171,103,68
123000275,0,0,0
123000278,0,27,-27
123000279,3,27,-24
123000280,4,3,1
123000281,62,5,57
123000282,0,0,0
123000283,1,4,-3
123000284,0,0,0
123000286,0,1,-1
123000287,22,54,-32
123000288,232,84,148
123000289,76,73,3
123000291,0,0,0
123000294,0,0,0
123000295,293,179,114
123000296,111,196,-85
123000297,0,0,0
123000298,10,32,-22
123000299,7,62,-55
123000300,109,57,52
123000301,0,0,0
123000302,104,13,91
123000303,11,125,-114
123000305,0,0,0
123000306,0,0,0
123000309,0,0,0
123000310,9,0,9
123000311,0,0,0
123000312,0,0,0
123000313,288,27,261
123000315,116,27,89
123000316,576,9,567
123000317,0,0,0
123000318,0,0,0
123000329,0,0,0
123000337,60,1,59
123000338,5,11,-6
123000339,0,0,0
123000340,3,23,-20
123000342,0,0,0
123000343,1,0,1
123000344,21,0,21
123000345,1,0,1
123000346,98,27,71
123000352,0,0,0
123000353,0,0,0
123000354,294,0,294
123000355,0,0,0
123000356,51,0,51
123000357,0,0,0
123000359,0,0,0
123000360,166,17,149
123000361,0,0,0
123000362,121,1,120
123000363,41,0,41
123000364,8,10,-2
123000365,0,0,0
123000366,8,59,-51
123000367,0,7,-7
123000370,0,0,0
123000371,94,0,94
123000372,86,0,86
123000373,0,0,0
123000374,0,0,0
123000375,137,6,131
123000376,83,26,57
123000377,93,0,93
123000378,0,0,0
123000379,0,0,0
123000380,0,0,0
123000381,39,20,19
123000382,88,8,80
123000383,0,0,0
123000384,17,11,6
123000385,0,0,0
123000436,9,298,-289
123000507,2,27,-25
123000508,267,741,-474
123000517,0,0,0
123000518,0,0,0
123000519,0,0,0
123000520,0,0,0
123000521,0,0,0
123000522,0,0,0
123000541,0,1,-1
123000542,0,0,0
123000565,57,0,57
123000566,2,0,2
123000567,0,0,0
123000573,0,0,0
123000574,32,3,29
123000575,133,40,93
123000576,57,1,56
123000577,0,0,0
123000578,31,11,20
123000579,536,254,282
123000580,4,3,1
123000582,59,1,58
123000583,0,0,0
123000584,26,69,-43
123000585,0,0,0
123000586,18,0,18
123000596,0,0,0
123000597,4,5,-1
123000602,0,0,0
123000603,169,7,162
123000604,18,4,14
123000605,803,4,799
123000606,0,0,0
123000609,0,0,0
123000610,37,61,-24
123000613,0,0,0
123000614,37,14,23
123000615,0,0,0
123000616,33,16,17
123000617,0,0,0
123000618,0,0,0
123000619,16,25,-9
123000620,0,0,0
123000622,41,10,31
123000624,55,30,25
123000630,399,51,348
123000631,29,38,-9
123000632,0,0,0
123000633,3,549,-546
123000634,3,2,1
123000635,0,0,0
123000636,0,0,0
123000637,5,1,4
123000638,11,3,8
123000639,235,223,12
123000640,1,0,1
123000648,8,8,0
123000649,0,0,0
123000650,161,17,144
123000651,0,0,0
123900001,0,0,0
123900002,0,0,0
123900003,0,0,0
123900005,0,0,0
123900006,0,0,0
124000001,433,132,301
124000002,0,199,-199
124000003,212,5,207
124000004,0,51,-51
124000005,220,18,202
124000006,2,30,-28
124000007,91,35,56
124000008,0,0,0
124000009,197,40,157
124000010,0,0,0
124000011,194,99,95
124000012,0,0,0
124000017,174,55,119
124000018,0,0,0
124000019,153,19,134
124000020,0,0,0
124000021,131,12,119
124000022,0,0,0
124000023,496,82,414
124000024,0,0,0
124000025,347,64,283
124000026,0,0,0
124000027,1209,207,1002
124000028,28,226,-198
124000030,0,0,0
124000031,374,115,259
124000032,2,41,-39
124000033,262,18,244
124000034,0,57,-57
124000035,67,7,60
124000036,0,26,-26
124000037,15,57,-42
124000038,0,7,-7
124000039,37,2,35
124000040,14,74,-60
124000041,104,2,102
124000042,1,11,-10
124000043,34,2,32
124000044,3,20,-17
124000045,145,34,111
124000046,0,0,0
124000047,211,23,188
124000048,0,0,0
124000049,204,37,167
124000050,0,0,0
124000051,158,9,149
124000052,0,0,0
124000053,177,52,125
124000054,0,0,0
124000055,455,63,392
124000056,0,0,0
124000057,246,56,190
124000058,0,0,0
124000059,83,87,-4
124000060,0,0,0
124000061,74,164,-90
124000062,0,0,0
124000063,0,0,0
124000064,0,0,0
124000065,0,0,0
124000066,39,7,32
124000067,46,11,35
124000068,0,0,0
124000069,161,17,144
124000070,0,0,0
124000071,61,35,26
124000072,0,0,0
124000073,196,13,183
124000074,0,0,0
124000075,67,25,42
124000076,0,0,0
124000077,0,0,0
124000078,105,163,-58
124000079,0,0,0
124000080,128,81,47
124000081,0,0,0
124000082,2,76,-74
124000083,0,0,0
124000084,22,89,-67
124000085,0,0,0
124000086,0,0,0
124000087,0,0,0
124000088,0,6,-6
124000089,127,4,123
124000090,0,0,0
124000091,49,32,17
124000092,0,0,0
124000093,3,17,-14
124000094,0,0,0
124000095,49,0,49
124000096,0,0,0
124000097,33,14,19
124000098,0,0,0
124000099,32,1,31
124000100,0,0,0
124000101,13,24,-11
124000102,0,0,0
124000103,20,10,10
124000104,0,0,0
124000105,32,6,26
124000106,0,0,0
124000107,2,24,-22
124000108,0,0,0
124000109,35,10,25
124000110,0,0,0
124000111,141,15,126
124000112,0,0,0
124000113,4,14,-10
124000114,0,0,0
124000115,0,0,0
124000116,26,48,-22
124000117,0,0,0
124000118,1,21,-20
124000119,0,0,0
124000120,55,15,40
124000121,113,61,52
124000122,13,0,13
124000123,213,43,170
124000124,7,37,-30
124000125,151,9,142
124000126,5,20,-15
124000127,192,15,177
124000128,4,31,-27
124000129,135,90,45
124000130,7,22,-15
124000131,75,67,8
124000132,43,20,23
124000133,344,64,280
124000134,0,0,0
124000135,309,83,226
124000136,0,0,0
124000137,59,35,24
124000138,0,0,0
124000139,42,5,37
124000140,0,0,0
124000141,16,3,13
124000142,0,0,0
124000143,2,0,2
124000144,0,0,0
124000145,21,0,21
124000146,0,0,0
124000148,1,2,-1
124000149,58,20,38
124000150,0,0,0
124000151,45,33,12
124000152,0,0,0
124000153,96,53,43
124000154,0,0,0
124000155,189,20,169
124000156,0,0,0
124000169,7,35,-28
124000170,0,0,0
124000171,25,19,6
124000172,0,0,0
124000173,10,5,5
124000174,0,0,0
124000175,0,0,0
124000176,93,61,32
124000177,0,0,0
124000178,67,21,46
124000185,0,0,0
124000186,0,0,0
124000187,0,0,0
124000188,1,0,1
124000190,1,54,-53
124000191,0,0,0
124000192,118,101,17
124000193,0,0,0
124000194,13,36,-23
124000195,135,20,115
124000196,0,0,0
124000197,0,0,0
124000198,5,13,-8
124000201,0,0,0
124000202,130,0,130
124000203,0,0,0
124000204,190,4,186
124000205,15,0,15
124000206,344,0,344
124000207,0,0,0
124000209,88,11,77
124000210,90,30,60
124000211,304,1,303
124000212,0,0,0
124000213,0,0,0
124000214,156,0,156
124000215,16,5,11
124000216,0,0,0
124000329,0,0,0
124000338,0,0,0
124000339,152,1,151
124000341,139,1,138
124000344,9,0,9
124000357,387,193,194
124000358,615,261,354
124000359,299,97,202
124000360,164,85,79
124000361,580,99,481
124000362,0,0,0
124000363,0,0,0
124000364,0,0,0
124000365,12,125,-113
124000366,3,53,-50
124000367,0,0,0
124000368,31,48,-17
124000369,3,39,-36
124000370,0,0,0
124000402,1,0,1
124000403,23,2,21
124000404,0,0,0
124000405,295,44,251
124000406,5,18,-13
124000407,0,0,0
124000411,0,0,0
124000412,37,0,37
124000413,2,11,-9
124000414,41,3,38
124000415,0,0,0
124000416,0,0,0
124000417,42,2,40
124000418,7,7,0
124000419,0,0,0
124000420,50,7,43
124000421,0,0,0
124000422,0,0,0
124000423,0,0,0
124000424,0,0,0
124000425,22,0,22
124000426,0,0,0
124000427,1,0,1
124000428,0,0,0
124000429,16,0,16
124000430,0,0,0
124000431,0,0,0
124000432,0,1,-1
124000439,0,0,0
124000443,0,0,0
124000445,5,103,-98
124000446,0,0,0
124000447,1,19,-18
124000448,3,0,3
124000449,23,0,23
124000450,0,0,0
124000451,0,0,0
124900001,0,0,0
124900002,0,0,0
124900003,0,0,0
124900004,0,0,0
124900005,0,0,0
124900006,0,0,0
124900008,0,0,0
124900009,0,0,0
124900010,0,0,0
124900011,0,0,0
124900012,0,0,0
124900013,0,0,0
124900014,0,0,0
124900015,0,0,0
124900016,0,0,0
124900017,0,0,0
124900018,0,0,0
124900020,0,0,0
124900021,0,0,0
124900022,0,0,0
124900024,0,0,0
124900026,0,0,0
124900027,0,0,0
124900028,0,0,0
124900029,0,0,0
124900030,0,0,0
124900031,0,0,0
124900032,0,0,0
124900033,0,0,0
124900034,0,0,0
124900035,0,0,0
124900036,0,0,0
124900037,0,0,0
124900039,0,0,0
124900040,0,0,0
124900042,0,0,0
124900043,0,0,0
124900044,0,0,0
124900045,0,0,0
124900047,0,0,0
124900048,0,0,0
124900050,0,0,0
124900052,0,0,0
124900053,0,0,0
124900054,0,0,0
124900055,0,0,0
124900057,0,0,0
124900060,0,0,0
124900061,0,0,0
124900062,0,0,0
124900066,0,0,0
124900067,0,0,0
124900068,0,0,0
124900070,0,0,0
124900072,0,0,0
124900075,0,0,0
124900076,0,0,0
124900077,0,0,0
124900078,0,0,0
124900079,0,0,0
124900080,0,0,0
124900081,0,0,0
124900082,0,0,0
124900083,0,0,0
124900085,0,0,0
124900086,0,0,0
124900087,0,0,0
124900088,0,0,0
124900089,0,0,0
124900090,0,0,0
124900091,0,0,0
124900092,0,0,0
124900093,0,0,0
124900094,0,0,0
124900095,0,0,0
124900096,0,0,0
124900097,0,0,0
124900098,0,0,0
124900099,0,0,0
124900100,0,0,0
124900101,0,0,0
124900102,0,0,0
124900103,0,0,0
124900104,0,0,0
124900105,0,0,0
124900106,0,0,0
124900107,0,0,0
124900108,0,0,0
124900111,0,0,0
124900112,0,0,0
124900113,0,0,0
124900114,0,0,0
124900115,0,0,0
124900116,0,0,0
124900117,0,0,0
124900118,0,0,0
124900119,0,0,0
124900120,0,0,0
124900121,0,0,0
124900122,0,0,0
124900123,0,0,0
124900124,0,0,0
204000001,42,0,42
204000002,7,0,7
204000003,3,19,-16
204000004,2,0,2
204000005,424,246,178
204000006,1619,1016,603
204000011,0,0,0
204000012,0,0,0
204000019,486,227,259
204000020,138,71,67
204000021,115,43,72
204000022,591,120,471
204000023,0,0,0
204000031,6,53,-47
204000032,248,22,226
204000034,0,0,0
204000035,0,0,0
204000036,0,0,0
204000037,0,0,0
204000038,0,0,0
204000039,0,0,0
204000040,0,0,0
204000041,0,0,0
204000042,0,26,-26
204000043,10,1,9
204000044,13,0,13
204000045,1,5,-4
204000046,1,1,0
204000057,0,0,0
204000062,0,0,0
204000068,0,0,0
204000069,0,0,0
204000070,287,260,27
204000080,0,0,0
204000085,0,0,0
204000086,0,0,0
204000087,0,0,0
204000088,0,0,0
204000090,0,0,0
204000093,311,9,302
204000096,492,187,305
204000097,97,5,92
204000099,702,479,223
204000100,620,349,271
204000105,0,0,0
204000110,0,0,0
204000111,0,0,0
204000112,0,0,0
204000113,0,0,0
204000114,107,151,-44
204000115,64,45,19
204000116,72,34,38
204000119,1064,595,469
204000132,530,56,474
204000133,609,75,534
204000134,78,41,37
204000135,493,21,472
204000136,334,217,117
204000138,435,95,340
204000140,192,155,37
204000141,303,61,242
204000144,2,12,-10
204000145,60,3,57
204000146,0,0,0
204000147,0,0,0
204000148,168,1,167
204000154,0,0,0
204000155,0,0,0
204000177,102,12,90
204000179,0,1,-1
204000180,0,0,0
204000222,0,0,0
204000235,0,0,0
204000236,9,27,-18
204000238,12,10,2
204000240,24,0,24
204000263,0,0,0
204000268,562,139,423
204000308,23,9,14
204000317,0,0,0
204000322,0,0,0
204000323,4,15,-11
204000328,188,30,158
204000329,0,0,0
204000330,125,6,119
204000331,0,0,0
205000001,0,0,0
205000013,0,0,0
205000014,0,0,0
205000015,0,0,0
205000016,0,0,0
205000017,0,0,0
205000022,0,0,0
205000025,0,0,0
205000029,38,3,35
205000045,0,0,0
205000046,0,0,0
205000047,0,0,0
205000048,0,0,0
205000049,0,0,0
205000050,0,0,0
205000059,0,0,0
205000060,0,0,0
205000061,0,0,0
205000062,0,0,0
205000063,0,0,0
205000064,0,0,0
205000065,0,0,0
205000066,0,0,0
205000067,0,0,0
205000069,0,0,0
205000082,130,77,53
205000110,0,0,0
205000111,0,0,0
205000112,98,41,57
205000113,0,0,0
205000121,140,79,61
205000123,0,0,0
205000126,728,95,633
205000127,772,68,704
205000128,465,27,438
205000129,462,30,432
205000130,273,8,265
205000131,6,1,5
205000132,61,17,44
205000133,11,0,11
205000134,204,0,204
205000137,0,0,0
205000138,0,0,0
205000139,0,0,0
205000144,57,30,27
205000145,83,60,23
205000151,60,56,4
205000152,87,14,73
205000153,209,22,187
205000154,65,93,-28
205000155,50,9,41
205000207,0,0,0
205000233,37,1,36
205000234,0,0,0
205000243,0,0,0
205000244,0,0,0
205000245,0,0,0
205000249,0,0,0
205000250,10,1,9
205000264,0,0,0
206000027,19,7,12
206000028,7,0,7
206000043,0,0,0
206000053,0,0,0
206000054,0,0,0
206000055,0,0,0
206000075,0,0,0
206000076,0,0,0
206000077,0,0,0
206000078,0,0,0
206000079,0,0,0
206000082,225,5,220
206000100,0,0,0
206000103,0,0,0
206000104,0,0,0
206000105,0,0,0
206000106,0,0,0
206000125,160,1,159
206000157,0,0,0
206000170,0,0,0
206000171,0,0,0
206000172,0,0,0
206000173,0,0,0
206000174,0,0,0
206000175,0,0,0
206000176,0,0,0
206000177,0,0,0
206000178,0,0,0
206000179,0,0,0
206000180,0,0,0
206000181,0,0,0
206000182,0,0,0
206000183,0,0,0
206000184,0,0,0
206000185,0,0,0
206000186,0,0,0
206000223,0,0,0
206000226,2,0,2
206000227,2,0,2
206000237,0,0,0
206000238,0,0,0
206000239,0,0,0
206000240,0,0,0
206000241,0,0,0
206000242,0,0,0
206000243,0,0,0
206000244,0,0,0
206000245,138,4,134
206000246,23,0,23
206000247,33,1,32
206000248,31,0,31
206000252,0,0,0
206000258,0,0,0
206000315,0,0,0
206000317,86,2,84
206000318,48,1,47
206000319,135,35,100
206000320,56,20,36
206000321,19,0,19
206000322,31,2,29
206000323,28,1,27
206000324,29,0,29
206000325,25,0,25
206000326,33,16,17
206000327,7,2,5
206000328,98,2,96
206000329,51,22,29
206000330,5,0,5
206000331,78,0,78
206000332,2,1,1
206000333,237,1,236
206000334,56,2,54
206000335,0,0,0
206000361,0,0,0
206000392,0,0,0
206000405,115,1,114
206000441,78,34,44
206000498,28,0,28
206000515,0,0,0
206000530,38,4,34
206000531,16,26,-10
206000532,68,17,51
206000535,0,0,0
206000536,0,0,0
206000537,0,0,0
206000613,82,3,79
206000784,249,55,194
207000001,0,0,0
207000002,0,0,0
207000003,0,0,0
207000007,303,75,228
207000008,0,0,0
207000009,0,0,0
207000010,0,5,-5
207000012,83,86,-3
207000015,6,21,-15
207000019,211,19,192
207000021,303,44,259
207000022,148,18,130
207000023,198,7,191
207000024,1,14,-13
207000025,2,22,-20
207000026,0,0,0
207000027,0,0,0
207000028,0,0,0
207000029,0,0,0
207000033,207,196,11
207000034,46,38,8
207000039,137,20,117
207000040,212,2,210
207000041,9,1,8
207000042,160,49,111
207000043,170,40,130
207000051,0,0,0
207000052,0,0,0
207000053,0,0,0
207000054,0,0,0
207000055,0,0,0
207000056,0,0,0
207000057,0,0,0
207000058,0,0,0
207000059,0,0,0
207000060,0,0,0
207000061,22,344,-322
207000062,141,63,78
207000063,94,167,-73
207000064,314,97,217
207000065,227,42,185
207000066,265,90,175
207000067,63,20,43
207000068,100,8,92
207000069,503,69,434
207000082,0,9,-9
207000083,5,7,-2
207000084,82,36,46
207000085,0,0,0
207000086,0,0,0
207000106,12,4,8
207000107,69,3,66
207000108,50,1,49
207000109,48,0,48
207000110,55,13,42
207000111,194,5,189
207000112,68,42,26
207000114,0,0,0
207000115,0,0,0
207000116,0,0,0
207000117,0,0,0
207000118,0,0,0
207000119,0,0,0
207000123,96,2,94
207000124,86,3,83
207000125,16,0,16
207000126,20,25,-5
207000134,0,0,0
207000135,0,0,0
207000148,206,67,139
207000149,0,0,0
207000152,0,0,0
207000153,0,0,0
207000154,234,13,221
207000159,0,0,0
207000160,0,0,0
207000238,0,0,0
207000242,0,0,0
207000248,0,0,0
207000249,0,0,0
207000250,0,0,0
207000251,0,0,0
207000252,0,0,0
207000278,17,40,-23
207000279,0,0,0
207000280,150,4,146
207000281,31,40,-9
207000282,0,35,-35
207000283,0,4,-4
207000284,0,0,0
207000285,0,12,-12
207000291,0,0,0
207000304,13,17,-4
207000306,0,0,0
207000310,100,98,2
207000353,43,0,43
207000356,0,0,0
207000357,0,22,-22
207000358,0,9,-9
207000415,0,0,0
207000417,21,0,21
207000418,81,32,49
207000438,0,0,0
207000439,465,73,392
207000446,68,0,68
207000460,0,0,0
207000466,0,0,0
207000467,130,6,124
207000468,0,0,0
207000476,0,0,0
207000477,0,0,0
207000478,0,0,0
207000523,0,0,0
207000524,15,0,15
207000527,279,68,211
207000530,263,0,263
207000531,85,1,84
207000532,50,1,49
207000534,134,14,120
207000535,0,0,0
207000537,0,0,0
207000540,0,0,0
207000541,0,0,0
207000548,0,0,0
207000549,80,1,79
207000561,128,10,118
207000562,0,0,0
207000567,0,0,0
207000568,0,0,0
207000569,0,0,0
207000584,0,0,0
207000585,34,50,-16
207000587,171,7,164
207000616,0,0,0
207000617,135,0,135
207000624,3,7,-4
207000631,2,5,-3
207900008,0,0,0
208000001,79,177,-98
208000002,105,71,34
208000003,113,116,-3
208000004,239,129,110
208000005,0,0,0
208000019,285,157,128
208000020,325,125,200
208000021,0,0,0
208000022,0,0,0
208000028,0,0,0
208000033,0,0,0
208000034,0,0,0
208000037,76,1,75
208000040,13,72,-59
208000041,275,63,212
208000042,193,76,117
208000047,0,0,0
208000064,563,277,286
208000066,252,263,-11
208000070,86,31,55
208000071,108,22,86
208000072,57,71,-14
208000080,91,148,-57
208000081,97,24,73
208000082,0,0,0
208000083,0,0,0
208000084,2,5,-3
208000085,0,0,0
208000086,0,0,0
208000087,0,0,0
208000089,0,0,0
208000090,0,0,0
208000093,0,0,0
208000094,0,0,0
208000095,0,0,0
208000104,523,132,391
208000105,320,118,202
208000114,142,138,4
208000115,136,77,59
208000116,117,230,-113
208000117,1,23,-22
208000118,9,14,-5
208000155,0,0,0
208000158,0,0,0
208000186,461,348,113
208000204,0,0,0
208000205,0,0,0
208000282,0,0,0
209000004,27,14,13
209000005,42,7,35
209000006,184,14,170
209000007,0,0,0
209000010,0,0,0
209000011,0,0,0
209000012,0,0,0
209000013,0,0,0
209000014,0,0,0
209000025,152,35,117
209000026,176,33,143
209000027,0,0,0
209000028,0,0,0
209000029,0,0,0
209000030,0,0,0
209000031,0,0,0
209000034,0,0,0
209000035,0,0,0
209000036,0,0,0
209000037,0,0,0
209000038,0,0,0
209000039,0,0,0
209000040,0,0,0
209000041,0,0,0
209000042,0,0,0
209000043,0,0,0
209000044,0,0,0
209000045,246,15,231
209000046,164,13,151
209000047,248,16,232
209000048,247,34,213
209000049,0,0,0
209000050,0,0,0
209000051,0,0,0
209000052,0,0,0
209000062,0,0,0
209000063,0,0,0
209000064,0,0,0
209000065,0,0,0
209000066,8,2,6
209000067,26,4,22
209000080,0,0,0
209000082,23,1,22
209000091,0,0,0
209000093,0,0,0
209000094,0,0,0
209000110,24,57,-33
209000111,130,43,87
209000112,80,49,31
209000113,134,52,82
209000114,37,15,22
209000115,0,0,0
209000116,0,0,0
209000118,0,9,-9
209000119,0,0,0
209000121,0,0,0
209000135,13,36,-23
209000142,99,9,90
209000143,0,0,0
209000144,0,0,0
209000229,99,21,78
209000240,0,0,0
209000259,0,0,0
209000260,0,0,0
209000261,0,0,0
209000262,0,0,0
209000263,0,0,0
209000264,0,0,0
209000265,38,3,35
209000266,7,0,7
209000267,251,0,251
209000268,394,9,385
210000037,39,1,38
210000047,40,1,39
210000048,53,2,51
210000049,3,0,3
210000052,0,0,0
210000053,0,0,0
210000054,0,0,0
210000070,52,3,49
210000071,50,0,50
210000072,23,0,23
210000073,0,0,0
210000074,0,0,0
210000075,0,0,0
210000076,0,0,0
210000077,0,0,0
210000078,0,0,0
210000079,1,4,-3
210000080,63,19,44
210000081,46,7,39
210000082,7,0,7
210000083,29,0,29
210000084,103,0,103
210000085,0,0,0
210000086,0,0,0
210000099,0,0,0
210000100,0,0,0
210000101,0,0,0
210000105,0,0,0
210000159,0,0,0
210000163,0,0,0
210000164,95,24,71
210000168,20,0,20
210000187,0,0,0
210000188,0,0,0
210000214,31,0,31
210000219,6,0,6
210000220,9,1,8
210000232,0,0,0
210000233,0,0,0
210000234,0,0,0
210000235,0,0,0
210000245,0,0,0
210000246,3,0,3
210000258,0,0,0
210000259,60,4,56
210000282,0,0,0
210000285,0,0,0
210000286,0,0,0
210000290,0,0,0
210000295,0,0,0
210000296,0,0,0
210000320,68,0,68
210000321,3,0,3
210000338,0,0,0
210000339,0,0,0
210000340,0,0,0
210000341,0,0,0
210000342,0,0,0
210000343,0,0,0
210000344,0,0,0
210000345,0,0,0
210000346,0,0,0
210000347,0,0,0
210000348,0,0,0
210000349,0,0,0
210000350,0,0,0
210000351,0,0,0
210000352,8,6,2
210000353,62,4,58
210000354,27,17,10
210000355,15,7,8
210000356,1,7,-6
210000357,7,14,-7
210000358,4,27,-23
210000359,29,9,20
210000360,183,41,142
210000361,33,82,-49
210000362,69,24,45
210000363,225,95,130
210000364,80,42,38
210000365,63,6,57
210000366,94,2,92
210000367,60,0,60
210000368,69,4,65
210000369,15,4,11
210000370,45,1,44
210000372,0,10,-10
210000373,1,3,-2
210000374,44,0,44
210000375,12,3,9
210000376,80,13,67
210000404,0,0,0
210000439,30,0,30
210000472,11,0,11
210000482,20,4,16
210000564,199,56,143
210000567,0,0,0
210000568,15,0,15
211000092,0,0,0
211000094,0,0,0
211000169,0,0,0
211000172,0,0,0
211000209,0,0,0
211000226,1,2,-1
211000270,0,0,0
211000275,0,0,0
211000276,0,0,0
211000279,0,0,0
211000281,0,0,0
211000302,0,0,0
211507980,0,0,0
211977296,0,0,0
212000003,25,5,20
212000004,0,0,0
212000005,0,0,0
212000006,0,0,0
212000008,0,0,0
212000009,0,0,0
212000012,0,0,0
212000013,0,0,0
212000014,0,0,0
212000015,0,0,0
212000016,0,0,0
212000027,412,47,365
212000028,214,107,107
212000029,139,127,12
212000030,20,24,-4
212000031,28,7,21
212000048,0,0,0
212000049,0,0,0
212000050,0,0,0
212000051,0,0,0
212000052,0,0,0
212000053,0,0,0
212000054,192,4,188
212000055,202,34,168
212000056,2,21,-19
212000057,2,13,-11
212000058,6,5,1
212000070,0,0,0
212000077,0,0,0
212000099,163,31,132
212000108,141,37,104
212000111,115,10,105
212000120,0,0,0
212000138,0,0,0
212000156,0,0,0
212000158,0,30,-30
212000159,432,40,392
212000160,398,28,370
212000161,3,19,-16
212000310,0,0,0
212000311,6,45,-39
212000374,0,0,0
213000001,0,0,0
213000005,174,13,161
213000006,133,38,95
213000007,1,0,1
213000009,302,45,257
213000010,226,26,200
213000011,134,1,133
213000012,0,0,0
213000014,38,15,23
213000015,83,0,83
213000016,70,0,70
213000017,14,0,14
213000018,0,0,0
213000019,0,0,0
213000020,0,0,0
213000021,0,0,0
213000023,894,21,873
213000033,0,0,0
213000034,153,29,124
213000035,287,18,269
213000045,0,0,0
213000046,0,0,0
213000047,0,0,0
213000056,170,1,169
213000069,5,0,5
213000073,0,0,0
213000074,0,0,0
213000075,383,24,359
213000076,1,0,1
213000085,0,0,0
213000086,0,0,0
213000091,223,0,223
213000092,29,0,29
213000099,0,0,0
213000100,312,111,201
213000101,383,5,378
213000102,436,4,432
213000103,271,1,270
213000104,0,0,0
213000105,0,0,0
213000106,0,0,0
213000107,0,0,0
213000108,0,0,0
213000109,0,0,0
213000110,0,0,0
213000111,0,0,0
213000112,0,0,0
213000115,33,0,33
213000116,0,0,0
213000117,0,0,0
213000118,132,202,-70
213000119,0,0,0
213000120,0,0,0
213000122,0,0,0
213000123,0,0,0
213000124,0,0,0
213000125,100,57,43
213000126,0,0,0
213000127,0,0,0
213000128,0,0,0
213000129,205,111,94
213000130,399,75,324
213000132,260,53,207
213000133,447,112,335
213000134,357,2,355
213000136,187,2,185
213000137,340,11,329
213000139,81,1,80
213000147,1,0,1
213000148,1,0,1
213000149,1,0,1
213000150,0,0,0
213000151,0,0,0
213000152,0,0,0
213000153,0,0,0
213000154,0,0,0
213000155,0,0,0
213000156,0,0,0
213000157,0,0,0
213000158,0,0,0
213000159,313,59,254
213000163,253,104,149
213000165,489,72,417
213000171,0,0,0
213000172,0,0,0
213000173,0,0,0
213000174,0,0,0
213000175,0,0,0
213000176,249,10,239
213000177,120,5,115
213000178,209,2,207
213000179,113,2,111
213000180,159,1,158
213000184,0,0,0
213000188,91,6,85
213000189,166,8,158
213000190,126,4,122
213000191,189,1,188
213000192,62,0,62
213000193,0,0,0
213000194,0,0,0
213000195,0,0,0
213000196,0,0,0
213000197,409,36,373
213000198,3,0,3
213000200,0,0,0
213000201,0,0,0
213000202,0,0,0
213000203,746,137,609
213000204,582,21,561
213000205,190,4,186
213000206,515,5,510
213000207,11,2,9
213000208,0,0,0
213000209,12,0,12
213000210,52,0,52
213000211,0,0,0
213000212,0,0,0
213000213,0,0,0
213000218,37,129,-92
213000219,246,8,238
213000220,132,19,113
213000223,23,43,-20
213000224,0,2,-2
213000225,57,1,56
213000226,22,1,21
213000227,462,12,450
213000228,259,1,258
213000229,9,0,9
213000230,92,0,92
213000232,0,0,0
213000233,0,0,0
213000234,0,0,0
213000293,0,0,0
213000294,7,0,7
213000295,0,0,0
213000296,7,5,2
213000297,0,0,0
213000298,0,0,0
213000299,22,2,20
213000300,1,0,1
213000303,0,0,0
213000304,0,0,0
213000305,1,13,-12
213000306,0,0,0
213000307,3,2,1
213000308,0,0,0
213000309,94,13,81
213000310,80,16,64
213000311,0,0,0
213000315,0,0,0
213000316,71,0,71
213000322,0,0,0
213000323,0,0,0
213000324,0,0,0
213000325,0,0,0
213000326,0,0,0
213000327,0,0,0
213000328,0,0,0
213000329,0,0,0
213000340,0,0,0
213000341,256,20,236
213000346,19,27,-8
213000347,132,9,123
213000348,0,0,0
213000349,0,0,0
213000350,0,0,0
213000366,0,0,0
213000367,60,1,59
213000379,0,0,0
213000386,0,0,0
213000406,0,0,0
213000417,471,133,338
213000425,0,0,0
213000426,0,0,0
213000427,0,0,0
213000428,0,0,0
213000429,0,0,0
213000430,0,0,0
213000431,0,0,0
213000432,0,0,0
213000433,0,0,0
213000434,0,0,0
213000435,0,0,0
213000436,0,0,0
213000437,0,0,0
213000438,0,0,0
213000439,0,0,0
213000440,0,0,0
213000441,0,0,0
213000442,0,0,0
213000443,0,0,0
213000444,0,0,0
213000445,0,0,0
213000446,0,0,0
213000447,0,0,0
213000448,0,0,0
213000449,0,0,0
213000450,0,0,0
213000451,0,0,0
213000452,0,0,0
213000453,0,0,0
213000455,47,4,43
213000456,0,0,0
213000481,7,0,7
213000482,1,0,1
213000489,37,1,36
213000491,0,0,0
213000492,60,1,59
213000493,0,0,0
213000494,106,11,95
213000495,0,0,0
213000496,371,70,301
213000497,0,0,0
213000498,0,0,0
213000499,0,0,0
213000500,228,7,221
213000501,15,8,7
213000502,27,25,2
213000503,0,0,0
213000504,0,0,0
213000505,35,0,35
213000506,0,0,0
213000507,0,0,0
213900244,66,1,65
213900245,0,0,0
218000003,0,0,0
218000004,0,0,0
218000005,2,8,-6
218000006,0,0,0
218000007,0,0,0
218000012,0,0,0
218000013,18,25,-7
218000014,62,34,28
218000019,0,0,0
218000020,0,0,0
218000040,2,1,1
218000046,1,5,-4
218000047,0,7,-7
218000048,6,12,-6
218000049,2,12,-10
218000050,29,24,5
218000051,3,34,-31
218000052,0,28,-28
218000053,0,1,-1
218000054,0,37,-37
218000055,0,1,-1
218000056,2,33,-31
218000057,1,5,-4
218000064,0,0,0
218000065,38,3,35
218000066,9,12,-3
218000067,0,0,0
218000068,0,0,0
218000069,0,0,0
218000070,0,0,0
218000071,0,0,0
218000072,0,0,0
218000078,0,0,0
218000079,0,0,0
218000080,0,0,0
218000081,0,0,0
218000082,0,0,0
218000083,0,0,0
218000084,0,0,0
218000085,0,0,0
218000086,0,0,0
218000087,0,0,0
218000090,0,0,0
218000091,110,43,67
218000092,0,0,0
218000093,7,0,7
218000094,0,0,0
218000099,26,36,-10
218000100,11,19,-8
218000101,1,8,-7
218000102,107,25,82
218000103,31,8,23
218000104,22,0,22
218000105,0,0,0
218000106,0,0,0
218000107,0,0,0
218000108,0,0,0
218000112,0,0,0
218000117,29,3,26
218000134,0,0,0
218000135,0,0,0
218000136,0,0,0
218000137,0,0,0
218000138,0,0,0
218000139,0,0,0
218000140,0,0,0
218000141,0,0,0
218000142,0,0,0
218000143,0,0,0
218000144,0,0,0
218000145,0,0,0
218000146,0,0,0
218000151,0,3,-3
218000152,40,1,39
218000170,0,1,-1
218000171,42,3,39
218000172,28,3,25
218000173,1,15,-14
218000174,16,5,11
218000176,147,5,142
218000177,264,4,260
218000178,99,5,94
218000179,210,2,208
218000180,11,0,11
218000181,97,1,96
218000187,0,0,0
218000188,0,0,0
218000189,0,0,0
218000190,0,0,0
218000191,0,0,0
218000192,0,0,0
218000193,0,0,0
218000194,0,0,0
218000195,0,0,0
218000196,0,0,0
218000197,2,0,2
218000198,0,0,0
218000199,0,0,0
218000200,3,1,2
218000201,0,0,0
218000202,0,0,0
218000207,0,0,0
218000208,0,0,0
218000211,0,0,0
218000213,28,25,3
218000214,0,4,-4
218000215,4,7,-3
218000217,1,2,-1
218000218,19,119,-100
218000219,1,19,-18
218000220,58,93,-35
218000221,125,82,43
218000222,0,10,-10
218000223,47,121,-74
218000224,3,157,-154
218000225,143,76,67
218000226,128,26,102
218000232,0,0,0
218000239,11,0,11
218000240,0,1,-1
218000241,0,0,0
218000242,0,0,0
218000243,0,0,0
218000244,0,0,0
218000245,0,0,0
218000246,0,0,0
218000247,0,0,0
218000248,0,0,0
218000249,0,0,0
218000250,0,0,0
218000251,0,0,0
218000252,0,0,0
218000253,0,0,0
218000254,0,0,0
218000255,0,0,0
218000256,0,0,0
218000267,0,0,0
218000268,0,0,0
218000269,0,0,0
218000270,0,0,0
218000271,0,0,0
218000273,19,19,0
218000274,37,1,36
218000275,0,0,0
218000276,0,0,0
218000278,0,0,0
218000279,0,0,0
218000280,0,0,0
218000281,0,0,0
218000282,20,9,11
218000284,98,37,61
218000301,0,0,0
218000302,0,0,0
218000303,0,0,0
218000316,21,19,2
218000317,0,2,-2
218000318,0,0,0
218000319,0,0,0
218000320,0,0,0
218000338,0,0,0
218000345,0,0,0
218000346,28,26,2
218000459,21,25,-4
218000490,0,0,0
218000501,6,2,4
218000502,0,0,0
218000503,15,0,15
218000504,52,1,51
218000505,0,0,0
218000506,0,0,0
218000508,0,0,0
218000510,79,5,74
218000520,0,0,0
218000521,0,0,0
218000522,0,0,0
218000523,6,1,5
218000524,0,0,0
218000525,31,0,31
218000526,0,0,0
218000529,0,0,0
218000531,43,1,42
218000532,0,0,0
218000534,21,1,20
218000537,3,9,-6
218000538,0,0,0
218000540,0,0,0
218000543,0,0,0
218000544,0,0,0
218000545,0,0,0
218000546,0,0,0
218000547,0,0,0
218000548,0,0,0
218000549,120,5,115
218000550,0,0,0
218000551,0,0,0
218000552,69,9,60
218000553,0,0,0
218000554,0,0,0
218000555,11,2,9
218000556,0,0,0
218000557,15,14,1
218000558,26,0,26
218000559,0,0,0
218000560,0,0,0
218000561,0,0,0
218000562,0,0,0
218000563,158,0,158
218000564,0,0,0
218000565,12,0,12
218000566,1,1,0
218000567,0,0,0
218000568,0,0,0
218000569,0,0,0
218000570,4,0,4
218000571,0,0,0
218000572,0,0,0
218000573,0,0,0
218000574,0,0,0
218000575,27,0,27
218000576,0,0,0
218000577,24,0,24
218000578,0,0,0
218000579,0,0,0
218000581,0,0,0
218000582,0,0,0
218000583,0,0,0
218000584,0,0,0
218000585,0,0,0
218000586,0,0,0
218000587,0,0,0
218000588,0,0,0
218000589,0,0,0
218000590,0,0,0
218000591,0,0,0
218000592,0,0,0
218000593,0,0,0
218000594,0,0,0
218000597,0,0,0
218000598,0,0,0
218000599,0,0,0
218000600,0,0,0
218000601,0,0,0
218000602,0,0,0
218000603,0,0,0
218000604,4,0,4
218000605,0,0,0
218000606,4,0,4
218000607,0,0,0
218000608,0,0,0
218000609,0,0,0
218000610,0,0,0
218000611,0,0,0
218000612,0,0,0
218000613,0,0,0
218000614,0,0,0
218000615,0,0,0
218000616,0,0,0
218000617,0,0,0
218000618,0,0,0
218000619,0,0,0
218000620,0,0,0
218000621,0,0,0
218000622,0,0,0
218000623,0,0,0
218000624,0,1,-1
218000625,0,0,0
218000626,0,1,-1
218000628,36,18,18
218000631,2,0,2
218000632,0,0,0
218000633,2,0,2
218000634,0,0,0
218000635,0,0,0
218000636,0,0,0
218000637,0,0,0
218000638,142,33,109
218000639,0,0,0
218000640,116,11,105
218000641,0,0,0
218000652,15,12,3
218000653,212,17,195
218000663,0,0,0
218000675,0,1,-1
218000680,0,0,0
218000681,78,1,77
218000691,0,0,0
218000693,169,10,159
218000718,0,0,0
218000719,2,24,-22
218000720,0,0,0
218000721,1,1,0
218001147,0,0,0
218001214,0,0,0
218001258,107,1,106
218001329,28,10,18
218001330,0,0,0
218001351,1,6,-5
218001352,0,0,0
218001353,1,0,1
218001354,0,0,0
218001355,0,0,0
218001356,52,18,34
218001357,0,0,0
218001358,24,1,23
218001361,150,4,146
218001362,0,0,0
219000001,0,0,0
219000002,0,0,0
219000003,30,4,26
219000004,19,22,-3
219000017,0,0,0
219000020,66,0,66
219000022,60,0,60
219000023,42,0,42
219000029,0,0,0
219000034,1,19,-18
219000039,0,0,0
219000040,0,0,0
219000041,0,0,0
219000051,0,0,0
219000052,0,0,0
219000053,0,0,0
219000054,0,0,0
219000055,0,0,0
219000056,0,0,0
219000057,0,0,0
219000062,0,0,0
219000063,0,0,0
219000064,0,0,0
219000110,28,6,22
219000111,48,21,27
219000112,45,0,45
219000113,59,1,58
219000114,79,2,77
219000116,0,0,0
219000117,1,0,1
219000118,12,9,3
219000123,51,0,51
219000124,5,0,5
219000125,0,0,0
219000126,0,0,0
219000127,0,0,0
219000128,0,0,0
219000129,0,0,0
219000130,0,0,0
219000131,204,91,113
219000133,0,3,-3
219000134,3,12,-9
219000135,10,1,9
219000136,26,25,1
219000138,0,0,0
219000139,0,0,0
219000140,1,0,1
219000141,0,0,0
219000142,0,0,0
219000143,0,0,0
219000145,7,1,6
219000146,0,0,0
219000147,0,0,0
219000148,0,0,0
219000149,0,0,0
219000150,0,0,0
219000151,0,0,0
219000157,9,3,6
219000158,2,5,-3
219000161,0,0,0
219000163,21,1,20
219000166,3,22,-19
219000167,0,0,0
219000168,39,16,23
219000174,49,2,47
219000175,0,0,0
219000176,0,0,0
219000177,0,0,0
219000178,0,0,0
219000179,0,0,0
219000180,0,0,0
219000182,24,1,23
219000183,14,0,14
219000184,33,0,33
219000185,0,0,0
219000186,15,0,15
219000187,2,0,2
219000189,0,0,0
219000190,0,0,0
219000191,0,0,0
219000192,10,16,-6
219000193,0,0,0
219000195,0,0,0
219000196,0,0,0
219000198,0,0,0
219000199,0,0,0
219000200,0,0,0
219000201,0,0,0
219000203,0,0,0
219000204,0,0,0
219000205,0,0,0
219000207,0,0,0
219000209,0,0,0
219000210,0,0,0
219000213,0,0,0
219000239,0,0,0
219000240,0,0,0
219000241,0,0,0
219000242,0,0,0
219000243,0,0,0
219000244,0,0,0
219000245,0,0,0
219000246,7,12,-5
219000247,40,6,34
219000248,115,18,97
219000249,37,12,25
219000250,14,12,2
219000251,52,69,-17
219000252,104,122,-18
219000253,95,1,94
219000255,3,21,-18
219000256,10,3,7
219000257,68,0,68
219000262,0,0,0
219000263,0,0,0
219000267,0,0,0
219000268,0,0,0
219000269,0,0,0
219000270,0,0,0
219000271,0,0,0
219000278,0,0,0
219000279,0,0,0
219000283,0,0,0
219000295,0,0,0
219000296,0,0,0
219000297,0,0,0
219000298,0,0,0
219000299,123,2,121
219000300,0,0,0
219000301,0,0,0
219000302,0,0,0
219000307,0,0,0
219000308,0,0,0
219000311,72,2,70
219000312,85,3,82
219000313,95,4,91
219000314,0,0,0
219000315,167,2,165
219000316,139,7,132
219000317,22,0,22
219000320,0,0,0
219000321,0,0,0
219000323,0,0,0
219000325,0,0,0
219000326,0,0,0
219000327,0,0,0
219000328,0,0,0
219000329,0,0,0
219000330,0,0,0
219000331,0,0,0
219000332,4,2,2
219000333,0,0,0
219000335,0,0,0
219000337,0,0,0
219000338,2,0,2
219000344,0,0,0
219000345,0,0,0
219000346,0,0,0
219000348,0,0,0
219000349,0,0,0
219000350,0,0,0
219000351,0,0,0
219000352,6,8,-2
219000353,7,2,5
219000354,15,8,7
219000355,24,18,6
219000356,9,37,-28
219000363,85,4,81
219000364,49,5,44
219000365,33,0,33
219000366,57,0,57
219000368,58,23,35
219000370,30,30,0
219000371,0,0,0
219000382,0,0,0
219000383,0,0,0
219000385,0,0,0
219000386,0,0,0
219000387,0,1,-1
219000390,0,0,0
219000391,0,0,0
219000397,0,0,0
219000398,0,0,0
219000401,0,0,0
219000402,0,0,0
219000403,0,0,0
219000404,0,0,0
219000407,0,0,0
219000409,5,7,-2
219000410,77,2,75
219000411,15,3,12
219000446,0,0,0
219000447,0,0,0
219000448,13,2,11
219000452,0,0,0
219000453,0,0,0
219000454,38,26,12
219000556,19,3,16
219000558,0,0,0
219000590,0,0,0
219000591,18,3,15
219000592,0,0,0
219000595,0,0,0
219000635,57,3,54
219000636,0,0,0
219000657,2,0,2
219000658,0,0,0
219000673,0,0,0
219000676,2,0,2
219000679,2,0,2
219000684,0,0,0
219000685,0,0,0
219000686,0,0,0
219000688,0,0,0
219000689,0,0,0
219000690,205,3,202
219000691,0,0,0
219000692,41,3,38
219000693,0,0,0
219000694,0,0,0
219000695,0,0,0
219000698,4,0,4
219000699,0,0,0
219000727,0,0,0
219000728,0,0,0
219000770,6,1,5
219000771,0,0,0
219000788,0,0,0
219001150,0,0,0
219001151,0,0,0
219001166,12,1,11
219001167,0,0,0
219001178,28,0,28
220000001,1,6,-5
220000002,0,0,0
220000003,0,0,0
220000004,0,0,0
220000005,0,0,0
220000006,0,0,0
220000007,0,0,0
220000008,0,0,0
220000009,0,0,0
220000010,2,0,2
220000011,9,1,8
220000012,0,2,-2
220000014,0,0,0
220000015,0,0,0
220000017,0,0,0
220000018,0,0,0
220000019,0,0,0
220000020,3,3,0
220000021,1,0,1
220000022,0,0,0
220000023,1,0,1
220000024,4,0,4
220000025,0,5,-5
220000026,0,3,-3
220000027,0,1,-1
220000028,1,11,-10
220000029,0,0,0
220000030,0,0,0
220000031,9,2,7
220000064,0,0,0
221000046,1,0,1
221000047,0,0,0
221000048,0,0,0
221000049,0,0,0
221000050,29,0,29
221000055,34,0,34
221000057,115,3,112
221000068,243,16,227
221000069,175,14,161
221000070,117,4,113
221000071,75,0,75
221000072,205,0,205
221000073,62,4,58
221000074,0,0,0
221000075,0,0,0
221000076,0,0,0
221000077,0,0,0
221000081,14,0,14
221000082,44,0,44
221000083,13,8,5
221000084,15,0,15
221000085,0,0,0
221000086,0,0,0
221000087,0,0,0
221000088,0,0,0
221000089,0,0,0
221000090,0,0,0
221000098,85,5,80
221000099,120,1,119
221000100,126,0,126
221000101,88,0,88
221000102,55,1,54
221000109,0,0,0
221000110,0,0,0
221000111,0,0,0
221000112,0,0,0
221000113,0,0,0
221000114,0,0,0
221000120,0,0,0
221000121,0,11,-11
221000122,0,1,-1
221000123,0,0,0
221000124,0,0,0
221000155,21,4,17
221000156,0,1,-1
221000175,0,0,0
221000176,0,0,0
221000182,14,0,14
221000241,579,62,517
221000242,0,0,0
221000243,266,29,237
221000244,0,0,0
221000245,93,14,79
221000246,0,0,0
221000247,222,13,209
221000248,0,0,0
221000267,0,0,0
221000325,0,0,0
221000331,0,0,0
221000338,0,2,-2
221000378,107,9,98
221000381,0,0,0
222000282,0,0,0
222000296,0,0,0
222000568,82,1,81
222000569,54,0,54
222000570,50,2,48
222000571,237,4,233
222000577,0,0,0
222000578,0,0,0
222000579,2,0,2
222000580,0,0,0
222000599,0,0,0
222000600,0,0,0
222000601,0,0,0
222000603,0,0,0
222000604,0,0,0
222000605,0,0,0
222000606,0,0,0
222000607,0,0,0
222000608,0,0,0
222000609,0,0,0
222000616,80,2,78
222000617,0,0,0
222000618,0,0,0
222000620,0,0,0
222000621,27,1,26
222000623,186,2,184
222000624,129,0,129
222000625,239,0,239
222000636,2,0,2
222000686,17,0,17
222000687,2,0,2
222001066,162,0,162
222001067,51,0,51
222001068,31,0,31
222001069,2,2,0
222001082,0,0,0
222001083,0,0,0
222001084,0,0,0
222001085,0,0,0
222001111,0,0,0
222001112,53,15,38
222001313,0,0,0
222001314,0,0,0
222001464,15,2,13
222001465,0,0,0
222001484,9,2,7
222001485,0,0,0
222001494,72,6,66
222001495,0,0,0
222001496,126,0,126
222001497,0,0,0
222001502,0,0,0
222001503,38,3,35
222001504,0,0,0
222001505,151,0,151
222001506,0,0,0
222001507,122,0,122
222001510,129,3,126
222001511,0,0,0
222001514,205,19,186
222001515,0,0,0
222001518,121,15,106
222001519,0,0,0
222001527,19,0,19
222001528,0,0,0
222001529,139,0,139
222001530,0,0,0
222001533,0,0,0
222001534,222,5,217
222001535,10,16,-6
222001536,0,0,0
222001537,54,1,53
222001538,0,0,0
222001563,303,2,301
222001564,0,0,0
222001568,13,2,11
222001576,0,0,0
222001579,0,0,0
222001583,0,0,0
222001584,7,1,6
222001596,0,0,0
222001597,136,28,108
222001626,0,0,0
222001650,0,13,-13
222001651,2,0,2
222001914,42,1,41
222001915,0,0,0
222001968,43,17,26
222001969,0,0,0
222001970,21,0,21
222001971,0,0,0
222001972,0,0,0
225000001,113,28,85
225000002,158,24,134
225000003,139,3,136
225000004,108,26,82
225000005,45,13,32
225000006,0,0,0
225000007,0,0,0
225000010,11,0,11
225000011,66,202,-136
225000012,49,86,-37
225000013,61,11,50
225000014,67,13,54
225000015,0,0,0
225000021,168,20,148
225000027,0,0,0
225000032,201,28,173
225000042,0,0,0
225000049,0,0,0
225000050,8,0,8
225000053,0,0,0
225000058,160,49,111
225000067,0,0,0
225000068,0,0,0
225000069,0,0,0
225000070,0,0,0
225000071,0,0,0
225000075,0,0,0
225000076,0,0,0
225000078,3,23,-20
225000085,7,2,5
225000086,9,1,8
225000087,102,6,96
225000088,0,0,0
225000089,0,0,0
225000090,0,0,0
225000091,0,0,0
225000092,0,0,0
225000093,0,0,0
225000094,0,0,0
225000095,0,0,0
225000096,0,0,0
225000098,173,81,92
225000099,196,27,169
225000100,61,43,18
225000104,0,0,0
225000110,0,0,0
225000111,0,0,0
225000112,0,0,0
225000113,0,0,0
225000114,0,0,0
225000115,0,0,0
225000116,110,56,54
225000117,226,57,169
225000118,261,37,224
225000119,26,4,22
225000120,159,5,154
225000121,120,2,118
225000123,515,9,506
225000125,87,24,63
225000126,164,48,116
225000127,395,92,303
225000128,275,122,153
225000132,0,0,0
225000133,0,0,0
225000134,99,61,38
225000135,15,0,15
225000136,15,1,14
225000137,4,5,-1
225000138,142,2,140
225000143,0,0,0
225000144,0,0,0
225000145,45,8,37
225000146,0,0,0
225000147,0,0,0
225000148,0,0,0
225000149,0,0,0
225000151,0,0,0
225000155,0,0,0
225000156,0,0,0
225000157,0,0,0
225000158,0,0,0
225000171,0,0,0
225000180,8,0,8
225000181,0,0,0
225000182,39,3,36
225000185,0,0,0
225000187,0,0,0
225000191,41,0,41
225000194,0,0,0
225000208,0,0,0
225000209,54,9,45
225000210,0,0,0
225000217,0,0,0
225000218,30,0,30
225000223,0,0,0
225000224,6,0,6
225000225,0,0,0
225000226,239,11,228
225000227,0,0,0
225000228,2,5,-3
225000229,0,0,0
225000230,4,0,4
225000231,0,0,0
225000232,81,0,81
225000241,100,0,100
225000242,0,0,0
225000249,20,0,20
225000250,0,0,0
225000251,0,0,0
226000042,0,0,0
226000043,0,0,0
226000044,0,0,0
226000045,0,0,0
226000046,175,5,170
226000047,71,8,63
226000048,113,10,103
226000049,115,72,43
226000070,0,0,0
226000071,0,0,0
226000072,0,0,0
226000073,0,0,0
226000074,0,0,0
226000084,0,0,0
226000085,0,0,0
226000086,0,0,0
226000087,0,0,0
226000088,0,0,0
226000090,2,2,0
226000091,3,0,3
226000092,0,0,0
226000093,1,0,1
226000094,1,10,-9
226000095,0,49,-49
226000105,0,0,0
226000106,1,0,1
226000107,0,0,0
226000108,0,0,0
226000109,7,0,7
226000124,39,6,33
226000134,46,76,-30
226000135,110,46,64
226000136,13,30,-17
226000137,0,0,0
226000138,0,0,0
226000139,0,0,0
226000156,70,0,70
226000157,110,0,110
226000163,0,0,0
226000202,0,0,0
226000231,176,0,176
226000232,3,0,3
227000033,82,3,79
227000036,143,3,140
227000037,80,0,80
227000038,25,0,25
227000049,0,0,0
227000050,0,0,0
227000055,7,0,7
227000056,0,0,0
227000084,0,0,0
227000085,0,0,0
227000088,11,0,11
227000089,5,0,5
227000090,4,0,4
227000091,8,0,8
227000093,2,0,2
227000094,1,0,1
227000130,0,0,0
227000131,0,0,0
227000132,0,0,0
227000133,0,0,0
227000134,0,0,0
227000152,0,0,0
227000153,0,0,0
227000155,0,0,0
227000156,0,0,0
227000165,0,0,0
227000196,55,2,53
227000199,128,7,121
227000230,0,0,0
227000232,53,11,42
227000242,0,0,0
227000243,111,2,109
227000245,0,0,0
227000246,0,0,0
227000247,145,4,141
227000248,22,21,1
227000249,0,0,0
227000250,19,15,4
227000251,0,0,0
227000252,0,0,0
227000253,83,0,83
227000262,259,2,257
227000266,123,1,122
227000267,0,0,0
227000282,0,0,0
227000284,125,2,123
227000286,0,0,0
227000287,0,0,0
227000291,0,0,0
227000484,109,0,109
227000485,0,0,0
227000655,50,0,50
227000656,66,1,65
227000657,6,0,6
227000661,52,2,50
227000680,0,0,0
229000265,1,0,1
229000296,0,0,0
229000297,0,0,0
229000298,0,0,0
229000320,1,0,1
229000321,1,0,1
229000412,0,0,0
229000414,0,0,0
229000415,0,0,0
229000416,0,0,0
229000417,0,0,0
229000419,2,4,-2
229000440,77,1,76
229000442,1,0,1
229000443,0,0,0
229000444,0,0,0
229000445,11,0,11
229000446,24,0,24
229000847,0,0,0
229000848,0,0,0
229000849,0,0,0
229000851,0,0,0
229000854,0,0,0
229000856,0,0,0
229000857,0,0,0
229000858,0,0,0
229000919,0,0,0
229000930,0,0,0
229000937,95,1,94
229000966,23,1,22
229000981,0,0,0
229000985,0,0,0
229000986,0,0,0
229000987,0,0,0
229000988,0,0,0
229000989,1,0,1
229000990,0,0,0
229000991,0,0,0
229000992,5,0,5
229000993,1,0,1
229000998,0,0,0
229000999,10,0,10
229001034,0,0,0
229001035,1,0,1
229001037,10,0,10
229001042,0,0,0
229001047,0,0,0
229001050,28,0,28
229001200,1,0,1
229001338,0,0,0
229001394,172,0,172
229001422,59,4,55
229001423,0,0,0
229001431,95,1,94
229001432,0,1,-1
229001444,63,0,63
229001445,0,1,-1
229001503,54,15,39
229001504,0,0,0
229001505,134,3,131
229001506,0,0,0
229001509,4,0,4
229001545,37,0,37
229001546,0,0,0
229001553,19,0,19
229001554,0,0,0
229001559,0,0,0
229001560,0,0,0
229001630,1,1,0
229001631,0,0,0
229001635,0,0,0
229001636,0,0,0
229001658,0,0,0
229001659,21,0,21
229001660,0,0,0
229001661,0,8,-8
229001662,9,0,9
229001663,0,0,0
229002584,27,5,22
229002831,0,0,0
229002841,0,1,-1
229002842,0,0,0
229002843,0,0,0
229002844,1,0,1
229002845,0,7,-7
229002846,0,0,0
229002847,0,0,0
229002848,0,0,0
229002849,0,12,-12
229002850,20,0,20
229002851,2,20,-18
229002852,4,0,4
229002853,7,1,6
229002854,0,0,0
229002855,0,0,0
229002856,0,1,-1
229002857,0,0,0
229002858,0,1,-1
229002859,0,0,0
229002860,1,0,1
229002861,1,6,-5
229002862,0,0,0
229002863,0,0,0
229002864,0,1,-1
229002865,0,0,0
229002866,1,7,-6
229002867,0,1,-1
229002868,4,0,4
229002869,0,4,-4
229002870,2,0,2
235000066,155,0,155
235000067,122,0,122
235000072,0,0,0
235000073,0,0,0
235000074,0,0,0
235000080,0,0,0
235000081,0,0,0
235000082,145,2,143
235000083,92,4,88
235000084,13,1,12
235000085,184,6,178
235000089,27,0,27
235000092,0,0,0
235000093,0,0,0
235000097,0,0,0
235000098,84,2,82
235000099,4,1,3
235000116,29,0,29
235000117,56,1,55
235000133,0,0,0
235000134,0,0,0
235000206,1,4,-3
235000207,0,3,-3
235000208,0,7,-7
235000209,0,1,-1
235000210,0,0,0
235000212,0,0,0
235000213,0,0,0
235000220,0,0,0
235000221,0,0,0
235000238,2,182,-180
235000239,0,7,-7
235000242,20,366,-346
235000245,0,0,0
235000246,0,0,0
235000284,0,0,0
235000295,15,1,14
235000305,47,16,31
235000306,66,0,66
235000307,50,0,50
235000308,1,0,1
235000309,0,0,0
235000310,0,0,0
235000311,0,0,0
235000322,0,0,0
235000323,0,0,0
235000324,0,0,0
235000325,0,0,0
235000326,0,0,0
235000351,0,0,0
235000352,0,0,0
235000353,0,0,0
235000354,0,0,0
235000355,0,0,0
235000356,29,0,29
235000357,2,1,1
235000358,0,0,0
235000359,0,0,0
235000360,2,0,2
235000361,24,0,24
235000381,0,0,0
235000382,77,0,77
235000390,6,0,6
235000391,75,1,74
235000392,163,21,142
235000393,84,18,66
235000395,57,5,52
235000396,244,3,241
235000400,4,3,1
235000401,0,0,0
235000405,0,0,0
235000406,0,0,0
235000407,0,0,0
235000409,0,0,0
235000410,0,0,0
235000411,0,0,0
235000485,0,0,0
235000486,35,0,35
235000549,20,10,10
235000550,0,0,0
235000599,0,0,0
235000600,0,0,0
235000601,8,6,2
235000602,28,0,28
235000614,0,0,0
235000648,0,0,0
235000649,28,1,27
235000685,0,0,0
235000815,0,0,0
235000834,0,0,0
235000855,59,6,53
235000862,0,0,0
235000891,0,0,0
235000892,2,0,2
235000901,0,0,0
235000907,0,0,0
235001010,36,3,33
235001029,0,0,0
235001030,226,9,217
235001078,75,6,69
235001079,0,0,0
235001147,7,2,5
235001166,3,7,-4
235001167,0,0,0
235001169,0,0,0
235001188,0,0,0
235001189,6,0,6
235001197,0,0,0
235001200,0,0,0
235001207,143,4,139
235001210,0,0,0
235001215,0,0,0
235001239,0,0,0
235001244,0,4,-4
235016267,0,0,0
277102712,2,0,2
277103813,1,0,1
277103814,0,0,0
277104249,0,0,0
277104250,0,0,0
277104251,0,0,0
277104252,0,0,0
990011530,0,0,0
990014944,0,0,0
990015176,6,0,6
990015618,4,0,4
990016032,0,0,0
990032570,0,0,0
990070001,34,1,33
990070103,0,0,0
990070601,0,0,0
990070751,0,0,0
990070766,0,0,0
990071180,326,0,326
990071343,1,0,1
990071387,0,0,0
990071823,39,1,38
990072600,0,0,0
990072964,0,0,0
990073285,0,0,0
990074393,0,0,0
990074870,477,2,475
990075106,133,0,133
990075746,196,1,195
990076437,1154,14,1140
990076458,0,0,0
997000007,170,0,170
997000041,0,0,0
997000058,60,0,60
997000062,13,0,13
997000069,0,0,0
997000070,0,0,0
997000100,0,0,0
997000141,0,0,0
997000198,0,0,0
998000475,0,0,0
998000736,0,0,0
998000965,0,0,0
998001031,0,0,0
998001700,0,0,0
998001899,0,0,0
998001900,10,141,-131
998003073,300,14,286
998101900,0,21,-21
998102850,0,0,0
998501927,193,0,193
998501929,463,3,460
998501930,46,0,46
998501931,160,3,157
998501932,1,0,1
998501933,383,1,382
998501937,9,0,9
998501944,0,0,0
998501950,0,0,0
998501970,50,2,48
998501971,0,101,-101
998501973,0,0,0
998501974,0,0,0
998501975,88,0,88
998501976,20,0,20
998501977,0,2,-2
998501978,1,0,1
998501979,0,0,0
998501980,111,16,95
998501981,92,0,92
998501982,0,0,0
998501983,0,0,0
998502006,0,0,0
998502024,0,0,0
998502032,1,3,-2
998502062,5,0,5
998502063,0,0,0
998502173,1,0,1
998502269,0,0,0
998502546,0,0,0
998502578,0,0,0
998502599,0,0,0
998502621,0,1,-1
998601159,0,0,0
998601292,0,0,0
999033574,0,0,0
999800001,17,2,15
999800002,0,0,0
999800003,8,0,8
999800004,0,0,0
999800005,0,0,0
