ID,insum,outsum,diff
100000001,488,618,-130
100000002,2027,2194,-167
100000003,4073,3724,349
100000004,914,731,183
100000005,2014,3715,-1701
100000006,521,181,340
100000007,1409,607,802
100000008,197,460,-263
100000009,543,227,316
100000010,55,58,-3
100000011,878,101,777
100000012,90,676,-586
100000013,19,177,-158
100000014,340,313,27
100000015,1296,1767,-471
100000016,748,1117,-369
100000017,539,732,-193
100000018,1076,526,550
100000019,2981,1812,1169
100000020,1432,4419,-2987
100000021,3643,1910,1733
100000022,986,1853,-867
100000023,3645,1266,2379
100000025,786,1062,-276
100000028,893,1060,-167
100000029,152,309,-157
100000030,104,54,50
100000031,2629,4763,-2134
100000032,1625,2829,-1204
100000033,850,1898,-1048
100000034,244,501,-257
100000035,1073,1214,-141
100000036,1251,1061,190
100000037,654,403,251
100000038,1806,853,953
100000039,376,248,128
100000040,167,135,32
100000041,955,421,534
100000042,866,455,411
100000043,809,463,346
100000044,300,767,-467
100000045,519,984,-465
100000046,521,657,-136
100000047,182,411,-229
100000048,278,429,-151
100000049,1187,1216,-29
100000051,429,657,-228
100000053,161,9,152
100000054,484,29,455
100000055,987,275,712
100000056,495,389,106
100000057,1572,584,988
100000058,741,822,-81
100000059,7,124,-117
100000060,366,275,91
100000061,1821,364,1457
100000062,1584,544,1040
100000063,782,286,496
100000064,1200,331,869
100000065,391,609,-218
100000066,181,530,-349
100000067,308,496,-188
100000068,376,1139,-763
100000069,262,988,-726
100000072,262,556,-294
100000073,859,735,124
100000075,590,254,336
100000076,1486,2246,-760
100000077,204,214,-10
100000078,35,42,-7
100000079,26,58,-32
100000080,23,41,-18
100000081,105,151,-46
100000102,2074,2072,2
100000103,2054,1327,727
100000104,2737,2164,573
100000105,1756,1375,381
100000106,1594,1880,-286
100000107,314,932,-618
100000108,417,720,-303
100000109,1529,978,551
100000116,1074,767,307
100000117,56,111,-55
100000118,1025,1210,-185
100000119,507,764,-257
100000121,272,395,-123
100000122,572,1001,-429
100000123,1599,3087,-1488
100000124,2848,4435,-1587
100000125,2696,1366,1330
100000126,539,412,127
100000127,993,342,651
100000128,918,2030,-1112
100000129,290,459,-169
100000130,410,374,36
100000131,1439,1794,-355
100000132,851,2208,-1357
100000133,3085,1713,1372
100000135,605,1012,-407
100000139,327,433,-106
100000140,263,271,-8
100000142,459,528,-69
100000143,1153,464,689
100000144,2714,813,1901
100000147,1073,2604,-1531
100000150,43,365,-322
100000151,928,1135,-207
100000153,131,324,-193
100000154,30,139,-109
100000155,30,47,-17
100000156,397,465,-68
100000157,146,134,12
100000158,305,115,190
100000159,200,500,-300
100000165,1428,837,591
100000169,162,601,-439
100000174,394,571,-177
100000179,100,478,-378
100000180,959,1702,-743
100000181,579,203,376
100000188,96,139,-43
100000189,757,294,463
100000190,686,934,-248
100000191,676,517,159
100000192,58,113,-55
100000193,317,183,134
100000330,994,751,243
100000355,208,557,-349
100000362,2957,2035,922
100000363,3620,3825,-205
100000364,232,267,-35
100000365,4969,6267,-1298
100000366,5019,2491,2528
100000367,4753,5676,-923
100000368,1395,1093,302
100000369,650,1396,-746
100000370,149,823,-674
100000376,54,204,-150
100000379,1314,1556,-242
100000380,2825,3746,-921
100000384,3696,4129,-433
100000385,2720,3285,-565
100000386,5241,4033,1208
100000387,3719,4573,-854
100000388,4144,4670,-526
100000389,4713,4850,-137
100000390,5175,4983,192
100000391,4199,5991,-1792
100000392,2735,3397,-662
100000393,2135,4004,-1869
100000394,6051,6767,-716
100000395,4200,3916,284
100000396,6418,3538,2880
100000397,4307,6452,-2145
100000398,7646,6265,1381
100000413,18,13,5
100900002,8,18,-10
100900003,305,182,123
100900004,14,590,-576
100900005,88,22,66
100900006,14,69,-55
100900007,270,8,262
100900008,3,313,-310
100900009,47,99,-52
100900010,48,44,4
100900011,140,164,-24
100900012,2,152,-150
100900013,680,11,669
100900014,3,5,-2
100900015,57,49,8
100900016,2,40,-38
100900017,628,45,583
100900018,0,10,-10
100900019,8,67,-59
100900020,294,12,282
100900021,379,1,378
100900022,12,26,-14
100900023,0,40,-40
100900024,366,5,361
100900025,6,9,-3
100900026,111,109,2
100900027,391,1838,-1447
100900028,84,163,-79
100900029,63,8,55
100900030,7,95,-88
100900031,531,43,488
100900032,221,0,221
100900033,193,183,10
100900034,657,3,654
100900035,268,0,268
100900036,7,4,3
100900037,119,159,-40
100900038,61,24,37
100900039,226,510,-284
100900040,567,418,149
100900041,519,532,-13
100900042,883,1504,-621
100900043,0,7,-7
100900044,1151,430,721
100900045,5,1,4
100900046,792,15,777
100900047,585,139,446
100900048,100,58,42
100900049,60,126,-66
100900050,6,16,-10
100900051,28,53,-25
100900052,227,30,197
100900053,417,19,398
100900054,12,45,-33
100900055,149,568,-419
100900056,66,117,-51
100900057,1145,699,446
100900058,176,22,154
100900059,80,7,73
100900060,158,9,149
100900061,287,144,143
100900062,5,24,-19
100900063,229,602,-373
100900064,492,12,480
100900065,75,105,-30
100900066,138,140,-2
100900067,0,9,-9
100900068,116,72,44
100900069,185,6,179
100900070,267,10,257
100900071,535,138,397
100900072,5,32,-27
100900073,102,231,-129
100900074,4,4,0
100900075,1237,258,979
100900076,7,29,-22
100900077,32,42,-10
100900078,59,168,-109
100900079,9,17,-8
100900080,35,159,-124
100900081,24,103,-79
100900082,102,318,-216
100900083,13,14,-1
100900085,18,319,-301
100900086,92,415,-323
100900088,134,412,-278
100900089,2,10,-8
100900090,66,365,-299
100900091,1,17,-16
100900092,189,104,85
100900093,197,244,-47
100900094,169,265,-96
100900095,5,23,-18
100900096,34,91,-57
100900097,0,4,-4
100900098,23,17,6
100900099,26,367,-341
100900100,16,366,-350
100900101,233,50,183
100900102,11,43,-32
100900103,3,22,-19
100900104,11,153,-142
100900105,32,513,-481
100900106,43,3,40
100900107,1236,623,613
100900108,4,6,-2
100900109,22,15,7
100900110,0,14,-14
100900111,49,154,-105
100900112,3,16,-13
100900113,10,32,-22
100900114,23,12,11
100900115,3,23,-20
100900116,609,433,176
100900117,218,731,-513
100900118,10,20,-10
100900119,23,17,6
100900120,8,11,-3
100900121,237,351,-114
100900122,147,118,29
100900123,179,136,43
100900124,25,38,-13
100900125,18,76,-58
100900126,186,92,94
100900127,6,15,-9
100900128,62,128,-66
100900129,1,171,-170
100900131,71,178,-107
100900133,43,32,11
100900134,3,2,1
100900135,0,173,-173
100900137,248,155,93
100900138,402,397,5
100900139,6,3,3
100900140,5,307,-302
100900141,2,398,-396
100900142,0,14,-14
100900143,470,330,140
100900144,23,4,19
100900145,73,145,-72
100900146,4,51,-47
100900147,6,466,-460
100900148,30,433,-403
100900149,30,366,-336
100900150,2,40,-38
100900151,120,330,-210
100900152,117,7,110
100900153,1,181,-180
100900154,8,54,-46
100900155,27,20,7
100900156,29,4,25
100900157,5,153,-148
100900159,1,37,-36
100900160,23,14,9
100900161,43,9,34
100900162,24,225,-201
100900163,152,131,21
100900164,28,53,-25
100900165,13,13,0
100900166,23,2,21
100900167,19,67,-48
100900168,32,98,-66
100900169,93,727,-634
100900170,35,8,27
100900171,14,371,-357
100900172,0,30,-30
100900173,6,192,-186
100900174,180,24,156
100900176,1365,134,1231
100900177,482,172,310
100900178,184,112,72
100900179,120,205,-85
100900180,12,4,8
100900181,75,53,22
100900182,45,22,23
100900184,12,139,-127
100900186,432,291,141
100900187,14,57,-43
100900188,21,2,19
100900189,1097,157,940
100900191,746,830,-84
100900192,247,359,-112
100900195,110,143,-33
100900197,12,39,-27
100900198,40,118,-78
100900199,4,9,-5
100900200,511,296,215
100900201,57,402,-345
100900202,82,1,81
100900203,2,130,-128
100900204,176,672,-496
100900205,139,496,-357
100900206,161,63,98
100900207,228,118,110
100900210,79,403,-324
100900211,417,149,268
100900213,125,32,93
100900214,349,103,246
100900215,21,29,-8
100900217,111,77,34
101000001,2453,1803,650
101000002,4009,4023,-14
101000003,379,838,-459
101000004,5109,4708,401
101000005,1557,2659,-1102
101000006,4637,4617,20
101000007,2145,2841,-696
101000008,1966,1985,-19
101000009,1572,1020,552
101000010,801,848,-47
101000011,1194,458,736
101000012,1034,596,438
101000013,604,787,-183
101000014,453,518,-65
101000015,1089,791,298
101000016,261,407,-146
101000017,482,431,51
101000018,1829,1608,221
101000020,1805,1222,583
101000021,664,336,328
101000022,91,43,48
101000023,1064,545,519
101000025,286,373,-87
101000026,215,16,199
101000027,1538,2118,-580
101000028,855,200,655
101000029,196,1299,-1103
101000030,1290,127,1163
101000031,596,684,-88
101000032,5279,3593,1686
101000033,1741,2732,-991
101000034,1437,1372,65
101000035,666,360,306
101000036,1290,890,400
101000037,2114,1606,508
101000039,1678,2199,-521
101000040,2437,3280,-843
101000041,6413,6231,182
101000042,358,866,-508
101000043,4919,5849,-930
101000045,1200,872,328
101000046,2359,1428,931
101000047,1713,2908,-1195
101000048,534,448,86
101000049,480,1475,-995
101000050,1254,1350,-96
101000051,1355,2090,-735
101000052,1269,891,378
101000053,797,1110,-313
101000054,1381,737,644
101000055,1095,1033,62
101000056,35,87,-52
101000057,1584,1044,540
101000058,912,964,-52
101000059,1547,1866,-319
101000060,1413,631,782
101000061,685,1266,-581
101000062,601,677,-76
101000063,502,874,-372
101000064,936,1048,-112
101000065,351,447,-96
101000066,1042,965,77
101000067,1145,998,147
101000068,201,467,-266
101000069,258,78,180
101000070,713,792,-79
101000071,1549,770,779
101000072,680,2222,-1542
101000073,614,1031,-417
101000074,3769,2794,975
101000075,3064,4372,-1308
101000077,1392,1147,245
101000078,809,1447,-638
101000079,602,383,219
101000080,459,507,-48
101000081,1604,1460,144
101000082,2686,2441,245
101000083,2370,2039,331
101000084,1184,654,530
101000085,1182,1022,160
101000086,908,967,-59
101000087,815,758,57
101000088,1107,933,174
101000089,1067,1207,-140
101000090,1474,909,565
101000091,436,502,-66
101000092,1028,767,261
101000093,1255,648,607
101000094,847,693,154
101000095,499,434,65
101000096,341,400,-59
101000097,370,400,-30
101000098,296,366,-70
101000099,693,742,-49
101000100,695,690,5
101000101,208,272,-64
101000102,581,467,114
101000103,675,397,278
101000104,282,520,-238
101000105,253,334,-81
101000106,537,744,-207
101000107,249,395,-146
101000108,556,207,349
101000109,388,55,333
101000110,35,319,-284
101000111,105,191,-86
101000113,197,566,-369
101000114,5921,5588,333
101000115,158,121,37
101000116,132,108,24
101000117,1094,249,845
101000119,102,43,59
101000120,145,44,101
101000121,94,43,51
101000122,161,112,49
101000123,50,132,-82
101000124,582,263,319
101000125,241,429,-188
101000128,241,332,-91
101000130,156,260,-104
101000131,819,428,391
101000132,606,616,-10
101000135,41,32,9
101000136,410,162,248
101000137,34,303,-269
101000141,988,2396,-1408
101000147,830,424,406
101000148,790,23,767
101000149,312,353,-41
101000150,85,471,-386
101000151,274,40,234
101000152,283,246,37
101000153,322,246,76
101000154,248,683,-435
101000155,245,137,108
101000156,20,263,-243
101000157,33,17,16
101000160,47,28,19
101000163,190,313,-123
101000164,388,265,123
101000165,222,329,-107
101000166,214,214,0
101000168,788,384,404
101000252,1842,859,983
101000254,246,76,170
101000258,19,12,7
101000261,93,43,50
101000262,847,2432,-1585
101000263,216,816,-600
101000265,78,699,-621
101000266,304,222,82
101000269,22,9,13
101000290,778,1733,-955
101000293,24,37,-13
101000294,500,334,166
101000295,157,303,-146
101000301,517,408,109
101000304,1351,2148,-797
101000305,2043,1093,950
101000328,90,391,-301
101900001,24,95,-71
101900002,0,14,-14
101900003,37,102,-65
101900004,3,70,-67
101900005,2268,1885,383
101900006,866,46,820
101900007,535,156,379
101900008,72,228,-156
101900009,19,297,-278
101900010,668,533,135
101900011,143,662,-519
101900012,187,123,64
101900013,712,197,515
101900017,16,112,-96
101900018,839,224,615
101900019,220,131,89
101900020,78,47,31
101900021,1,34,-33
101900022,125,809,-684
101900023,140,141,-1
101900026,102,48,54
101900027,10,86,-76
102000001,1683,3367,-1684
102000002,1918,779,1139
102000003,2335,5236,-2901
102000004,3964,2018,1946
102000005,1153,1692,-539
102000006,812,1357,-545
102000007,1194,3212,-2018
102000008,2923,1145,1778
102000009,4681,5964,-1283
102000010,3671,2285,1386
102000011,3282,2480,802
102000012,2597,2303,294
102000018,2027,2093,-66
102000019,1679,1040,639
102000026,192,488,-296
102000029,204,163,41
102000030,117,247,-130
102000031,86,136,-50
102000032,438,329,109
102000033,246,306,-60
102000034,362,284,78
102000035,813,543,270
102000036,7,211,-204
102000037,109,62,47
102000038,193,272,-79
102000039,228,95,133
102000040,328,188,140
102000041,142,374,-232
102000042,150,296,-146
102000043,183,200,-17
102000044,275,346,-71
102000045,714,715,-1
102000046,976,466,510
102000047,618,673,-55
102000048,240,544,-304
102000049,829,688,141
102000050,905,917,-12
102000051,326,536,-210
102000052,1009,573,436
102000053,784,713,71
102000054,590,781,-191
102000055,1060,500,560
102000056,887,736,151
102000057,1283,473,810
102000058,880,1030,-150
102000059,1321,1025,296
102000060,918,893,25
102000061,1457,1404,53
102000062,1549,892,657
102000063,997,1166,-169
102000064,605,686,-81
102000065,49,126,-77
102000066,758,732,26
102000067,1633,2424,-791
102000068,6360,2290,4070
102000069,62,1875,-1813
102000070,1260,54,1206
102000071,5526,7711,-2185
102000072,2126,3245,-1119
102000073,673,609,64
102000074,480,611,-131
102000075,128,232,-104
102000076,139,343,-204
102000077,496,613,-117
102000078,824,525,299
102000079,115,194,-79
102000080,262,178,84
102000081,244,681,-437
102000082,617,284,333
102000083,482,219,263
102000084,314,181,133
102000085,1484,764,720
102000086,1034,720,314
102000087,614,1238,-624
102000088,329,236,93
102000089,1047,294,753
102000090,352,822,-470
102000091,1046,438,608
102000092,286,461,-175
102000093,692,728,-36
102000094,624,584,40
102000095,925,892,33
102000096,549,672,-123
102000097,591,600,-9
102000098,514,549,-35
102000099,697,799,-102
102000100,573,1010,-437
102000101,769,704,65
102000102,247,1108,-861
102000103,1174,373,801
102000104,539,278,261
102000105,274,469,-195
102000106,716,398,318
102000107,1142,452,690
102000108,713,152,561
102000109,508,486,22
102000110,1022,803,219
102000111,17,258,-241
102000112,161,119,42
102000113,25,45,-20
102000114,698,266,432
102000115,253,269,-16
102000116,349,407,-58
102000117,162,550,-388
102000118,802,1226,-424
102000119,1151,806,345
102000120,175,312,-137
102000121,877,336,541
102000122,502,740,-238
102000123,974,818,156
102000124,815,920,-105
102000125,653,683,-30
102000126,557,654,-97
102000127,942,508,434
102000128,617,688,-71
102000129,981,587,394
102000130,606,606,0
102000131,888,418,470
102000132,315,427,-112
102000133,1785,1264,521
102000134,657,618,39
102000135,509,576,-67
102000136,681,383,298
102000137,651,668,-17
102000138,237,317,-80
102000139,71,403,-332
102000140,244,540,-296
102000141,139,312,-173
102000142,267,315,-48
102000143,146,320,-174
102000144,348,351,-3
102000145,292,362,-70
102000146,356,260,96
102000147,417,350,67
102000148,193,429,-236
102000149,176,264,-88
102000150,352,86,266
102000151,91,191,-100
102000152,148,110,38
102000153,1135,547,588
102000154,213,514,-301
102000155,86,293,-207
102000156,245,131,114
102000157,114,365,-251
102000158,438,450,-12
102000159,658,364,294
102000161,2462,1650,812
102000162,137,143,-6
102000163,104,491,-387
102000164,719,860,-141
102000165,213,127,86
102000166,78,132,-54
102000167,214,201,13
102000168,188,151,37
102000169,118,398,-280
102000170,472,143,329
102000171,103,106,-3
102000172,73,249,-176
102000173,419,244,175
102000174,69,46,23
102000175,84,69,15
102000176,41,23,18
102000178,186,251,-65
102000179,339,220,119
102000180,751,300,451
102000181,734,453,281
102000182,525,444,81
102000183,1432,1201,231
102000184,1574,599,975
102000185,2422,1010,1412
102000186,1195,1225,-30
102000187,776,1054,-278
102000188,931,1096,-165
102000189,1621,593,1028
102000190,521,1951,-1430
102000191,885,460,425
102000192,987,1270,-283
102000193,65,115,-50
102000194,51,94,-43
102000195,354,342,12
102000196,213,228,-15
102000197,684,263,421
102000198,265,519,-254
102000199,893,275,618
102000200,247,715,-468
102000201,1000,320,680
102000202,4,65,-61
102000203,328,159,169
102000204,435,469,-34
102000205,894,317,577
102000206,465,378,87
102000207,523,343,180
102000208,312,297,15
102000209,80,54,26
102000210,276,302,-26
102000211,499,184,315
102000212,357,14,343
102000213,9,228,-219
102000214,294,4,290
102000215,13,271,-258
102000216,73,83,-10
102000217,9,99,-90
102000218,285,196,89
102000219,361,218,143
102000225,442,681,-239
102000226,1394,789,605
102000227,140,1,139
102000228,0,85,-85
102000229,46,46,0
102000230,299,324,-25
102000231,247,277,-30
102000232,20,129,-109
102000233,331,455,-124
102000234,125,839,-714
102000236,209,73,136
102000237,311,104,207
102000238,165,199,-34
102000240,399,590,-191
102000241,145,127,18
102000243,47,51,-4
102000245,19,119,-100
102000246,13,33,-20
102000247,594,673,-79
102000248,564,1023,-459
102000249,131,136,-5
102000250,61,261,-200
102000254,122,200,-78
102000266,20,318,-298
102000271,23,1,22
102000286,300,332,-32
102000297,1349,736,613
102000301,0,0,0
102000303,0,0,0
102000305,0,0,0
102000307,0,2,-2
102900001,847,505,342
102900002,285,27,258
102900003,64,164,-100
102900005,330,192,138
102900006,457,103,354
102900007,337,18,319
102900008,168,34,134
102900009,308,325,-17
102900010,280,607,-327
102900011,1200,235,965
102900012,359,83,276
102900013,30,65,-35
102900015,510,435,75
102900016,69,77,-8
102900017,199,362,-163
102900018,28,97,-69
102900019,247,314,-67
102900020,152,36,116
102900021,39,97,-58
102900022,524,198,326
102900023,31,33,-2
102900024,57,34,23
102900025,178,81,97
102900026,246,1345,-1099
102900027,70,62,8
102900028,166,517,-351
102900029,111,154,-43
102900030,359,222,137
102900031,144,124,20
102900032,77,60,17
102900033,130,176,-46
102900034,326,84,242
102900035,132,246,-114
102900036,256,300,-44
102900037,276,306,-30
102900038,381,380,1
102900039,29,443,-414
102900040,124,223,-99
102900041,72,143,-71
102900042,208,266,-58
102900043,140,161,-21
102900044,412,1391,-979
102900045,106,422,-316
102900046,146,200,-54
102900047,143,448,-305
102900048,580,418,162
102900049,137,285,-148
102900050,202,191,11
102900051,203,130,73
102900053,358,430,-72
102900054,379,881,-502
102900055,86,218,-132
102900056,100,279,-179
102900057,20,56,-36
102900058,256,81,175
102900059,21,44,-23
102900060,102,318,-216
102900061,140,313,-173
102900062,210,664,-454
102900063,984,340,644
102900064,96,261,-165
102900065,1075,396,679
102900066,322,22,300
102900068,89,74,15
102900070,150,365,-215
102900072,16,39,-23
102900073,106,7,99
102900075,71,80,-9
102900076,100,121,-21
102900077,47,31,16
102900078,42,68,-26
102900079,184,18,166
102900080,261,28,233
102900081,75,257,-182
102900082,11,183,-172
102900083,169,13,156
102900084,3,33,-30
102900085,334,112,222
102900086,32,40,-8
102900087,102,112,-10
102900088,43,31,12
102900089,185,92,93
102900090,4,269,-265
102900091,128,3,125
102900092,354,555,-201
102900094,2,104,-102
102900095,130,1,129
102900096,44,31,13
102900097,71,126,-55
103000001,1735,2006,-271
103000002,1729,1826,-97
103000003,2505,2186,319
103000004,796,591,205
103000005,1519,2329,-810
103000006,696,1265,-569
103000007,379,547,-168
103000008,852,524,328
103000009,1120,885,235
103000010,283,126,157
103000011,1324,1038,286
103000012,1064,1167,-103
103000013,2209,1190,1019
103000014,1286,1984,-698
103000015,1290,535,755
103000016,478,1135,-657
103000017,171,348,-177
103000018,516,256,260
103000019,251,245,6
103000020,1634,1110,524
103000021,1727,1889,-162
103000022,1053,934,119
103000023,614,1672,-1058
103000024,85,160,-75
103000025,114,533,-419
103000026,573,137,436
103000027,269,545,-276
103000028,226,308,-82
103000029,191,262,-71
103000030,1135,908,227
103000031,978,1510,-532
103000032,2042,1143,899
103000033,2429,2225,204
103000034,1093,813,280
103000035,366,1114,-748
103000036,311,453,-142
103000037,454,417,37
103000038,367,697,-330
103000039,409,268,141
103000040,340,599,-259
103000041,1516,1370,146
103000042,1023,349,674
103000043,542,642,-100
103000044,256,157,99
103000046,356,391,-35
103000047,533,527,6
103000048,192,184,8
103000049,120,135,-15
103000050,647,363,284
103000051,408,380,28
103000052,661,285,376
103000053,189,436,-247
103000054,2338,1063,1275
103000055,1855,1674,181
103000056,667,984,-317
103000057,755,199,556
103000058,621,610,11
103000059,463,630,-167
103000060,671,427,244
103000061,405,760,-355
103000062,894,402,492
103000063,692,729,-37
103000064,163,140,23
103000065,5,400,-395
103000066,212,13,199
103000069,432,371,61
103000070,841,575,266
103000071,1068,472,596
103000072,107,454,-347
103000073,518,100,418
103000074,492,67,425
103000075,72,504,-432
103000076,250,336,-86
103000077,30,278,-248
103000078,744,480,264
103000079,484,548,-64
103000080,696,282,414
103000081,338,1014,-676
103000082,421,144,277
103000083,89,239,-150
103000084,100,15,85
103000085,4,148,-144
103000086,465,428,37
103000087,82,443,-361
103000088,237,276,-39
103000089,242,410,-168
103000090,1891,776,1115
103000091,519,389,130
103000092,201,187,14
103000093,244,330,-86
103000094,154,70,84
103000095,88,264,-176
103000096,526,71,455
103000097,55,612,-557
103000098,569,126,443
103000099,230,505,-275
103000100,93,511,-418
103000101,740,85,655
103000102,111,354,-243
103000103,598,111,487
103000104,77,68,9
103000105,149,59,90
103000106,11,118,-107
103000107,177,42,135
103000108,902,619,283
103000109,375,420,-45
103000110,476,405,71
103000111,331,379,-48
103000112,269,147,122
103000113,414,564,-150
103000114,1066,377,689
103000115,468,383,85
103000116,574,415,159
103000117,369,405,-36
103000118,416,396,20
103000119,741,366,375
103000120,27,83,-56
103000121,341,626,-285
103000122,376,649,-273
103000125,14,203,-189
103000126,677,6,671
103000127,3,118,-115
103000128,181,2,179
103000129,4,83,-79
103000130,74,60,14
103000131,119,81,38
103000132,54,148,-94
103000133,20,123,-103
103000134,297,658,-361
103000135,446,293,153
103000136,437,361,76
103000137,416,570,-154
103000138,578,618,-40
103000139,2,50,-48
103000140,99,34,65
103000141,55,133,-78
103000142,152,58,94
103000143,52,144,-92
103000144,135,56,79
103000145,28,151,-123
103000150,136,63,73
103000152,220,230,-10
103000153,236,154,82
103000156,4,268,-264
103000157,475,1,474
103000159,89,13,76
103000162,63,26,37
103000163,16,55,-39
103000164,26,15,11
103000165,78,152,-74
103000166,241,297,-56
103000167,226,99,127
103000168,108,143,-35
103000169,181,365,-184
103000170,839,323,516
103000171,101,87,14
103000172,465,313,152
103000173,582,329,253
103000174,172,305,-133
103000175,375,193,182
103000176,683,564,119
103000177,424,321,103
103000178,168,234,-66
103000179,163,41,122
103000183,115,24,91
103000185,105,33,72
103000186,115,152,-37
103000187,495,230,265
103000188,13,66,-53
103000189,559,644,-85
103000191,395,347,48
103000292,926,1526,-600
103000293,795,1698,-903
103000295,76,84,-8
103000296,284,3,281
103000297,10,16,-6
103000504,5,14,-9
103000505,12,27,-15
103000506,2,209,-207
103000507,174,0,174
103000508,64,42,22
103000509,225,496,-271
103900001,9,134,-125
103900002,726,116,610
103900003,865,293,572
103900004,110,1,109
103900005,2,130,-128
103900006,32,13,19
103900007,46,0,46
103900008,8,0,8
103900009,221,408,-187
103900010,122,202,-80
103900011,287,115,172
103900012,6,21,-15
103900013,66,53,13
103900014,87,16,71
103900015,63,8,55
103900016,211,129,82
103900017,43,70,-27
103900018,473,156,317
103900019,61,293,-232
103900020,190,395,-205
103900021,309,95,214
103900022,1023,580,443
103900023,146,0,146
103900024,75,282,-207
103900025,13,36,-23
103900026,27,0,27
103900027,599,172,427
103900028,29,218,-189
103900029,938,184,754
103900030,226,114,112
103900031,31,3,28
103900032,74,65,9
103900033,79,22,57
103900034,22,126,-104
103900035,50,29,21
103900036,27,24,3
103900037,62,35,27
103900038,86,157,-71
103900039,91,240,-149
103900040,18,120,-102
103900041,43,51,-8
103900042,58,306,-248
103900043,175,46,129
103900044,51,202,-151
103900045,274,106,168
103900047,105,27,78
103900048,30,20,10
103900049,163,923,-760
103900050,11,97,-86
103900051,3,47,-44
103900052,197,240,-43
103900053,222,395,-173
103900054,103,225,-122
103900055,372,206,166
103900056,66,49,17
103900057,27,91,-64
103900058,234,433,-199
103900059,1,47,-46
103900060,44,156,-112
103900061,178,36,142
103900062,229,76,153
103900063,9,0,9
103900064,101,1,100
103900065,691,293,398
103900066,136,16,120
103900067,189,17,172
103900068,1,0,1
103900069,72,13,59
103900070,129,162,-33
103900071,15,87,-72
103900072,11,147,-136
103900073,28,12,16
103900074,92,65,27
103900075,210,37,173
103900076,485,353,132
103900077,29,55,-26
103900078,283,72,211
103900079,130,169,-39
103900080,8,13,-5
103900081,101,39,62
103900082,5,103,-98
103900083,968,780,188
103900084,41,133,-92
103900085,79,115,-36
103900086,541,312,229
103900088,285,466,-181
103900089,57,161,-104
103900090,2,106,-104
103900091,1084,185,899
103900092,516,329,187
103900093,62,185,-123
103900094,25,79,-54
103900095,221,169,52
103900096,17,117,-100
103900097,8,290,-282
103900098,206,76,130
103900099,29,70,-41
103900100,204,245,-41
103900101,147,818,-671
103900102,0,32,-32
103900104,2,12,-10
103900105,91,162,-71
103900106,1,105,-104
103900107,160,134,26
103900108,85,241,-156
103900109,129,71,58
103900110,171,67,104
103900111,81,367,-286
103900112,30,48,-18
103900113,114,175,-61
103900114,290,256,34
103900115,221,113,108
103900116,3399,2396,1003
103900117,100,45,55
103900119,35,86,-51
103900120,57,94,-37
103900122,96,134,-38
103900123,993,530,463
103900124,52,332,-280
103900125,96,56,40
103900126,420,226,194
103900127,165,314,-149
103900128,166,87,79
103900131,39,79,-40
103900133,755,22,733
103900134,0,7,-7
103900135,5,2,3
103900137,1,31,-30
103900138,117,136,-19
103900139,119,1532,-1413
103900140,5,152,-147
103900141,224,30,194
103900142,140,79,61
103900143,43,2,41
103900144,1,19,-18
103900145,134,141,-7
103900146,240,170,70
103900147,264,110,154
103900148,215,184,31
103900149,334,398,-64
103900150,4200,3246,954
103900151,40,161,-121
103900152,442,291,151
103900153,9,5,4
103900154,491,1298,-807
103900155,52,169,-117
103900156,83,112,-29
103900157,55,135,-80
103900158,75,98,-23
103900159,149,63,86
103900160,46,26,20
103900161,95,110,-15
103900162,58,123,-65
103900163,11,348,-337
103900167,16,67,-51
103900168,96,59,37
103900169,28,35,-7
103900170,0,78,-78
103900171,3,26,-23
103900172,8,10,-2
103900173,14,17,-3
103900174,150,52,98
103900175,35,89,-54
103900176,12,27,-15
103900177,16,64,-48
103900178,69,38,31
103900179,54,63,-9
103900180,17,71,-54
103900181,40,24,16
103900182,39,14,25
103900184,325,95,230
103900185,67,316,-249
103900187,13,76,-63
103900188,47,15,32
103900189,85,6,79
103900190,58,43,15
103900191,16,35,-19
103900192,24,48,-24
103900193,89,123,-34
103900194,44,214,-170
103900195,7,88,-81
103900196,55,32,23
103900197,9,21,-12
103900198,17,13,4
103900199,128,50,78
103900200,160,87,73
103900201,89,125,-36
103900202,14,41,-27
103900203,42,35,7
103900204,1,84,-83
103900207,0,67,-67
103900208,83,3,80
103900209,1,68,-67
103900210,51,24,27
103900211,529,254,275
103900212,77,204,-127
103900213,44,188,-144
103900214,225,235,-10
103900215,232,349,-117
103900216,10,245,-235
103900217,348,47,301
103900218,4,243,-239
103900219,155,181,-26
103900233,39,5,34
103900235,36,34,2
103900236,18,5,13
103900242,4,12,-8
103900243,6,6,0
103900244,121,126,-5
103900245,99,139,-40
103900246,39,46,-7
103900247,37,113,-76
103900248,11,75,-64
103900249,13,52,-39
103900250,19,35,-16
103900251,2,12,-10
103900253,14,76,-62
103900254,10,18,-8
103900255,12,29,-17
103900256,11,29,-18
103900257,82,73,9
103900258,26,9,17
103900259,82,8,74
103900261,7,4,3
103900262,28,5,23
103900263,42,37,5
103900264,43,36,7
103900265,64,7,57
103900266,2,118,-116
103900267,10,51,-41
103900268,14,56,-42
103900269,134,29,105
103900270,58,104,-46
103900271,103,72,31
103900272,52,44,8
103900273,34,35,-1
103900274,88,10,78
103900275,62,11,51
103900276,6,59,-53
103900277,2,32,-30
103900278,1,27,-26
103900279,4,26,-22
103900280,0,49,-49
104000001,1457,1101,356
104000002,1352,1701,-349
104000003,1866,1558,308
104000004,2105,1967,138
104000005,1364,1352,12
104000006,2670,2107,563
104000007,3190,3356,-166
104000008,156,120,36
104000009,162,110,52
104000010,152,309,-157
104000011,324,169,155
104000012,157,207,-50
104000013,238,227,11
104000014,239,438,-199
104000015,291,115,176
104000016,531,340,191
104000018,834,167,667
104000019,544,168,376
104000020,117,349,-232
104000021,283,365,-82
104000022,145,234,-89
104000023,701,314,387
104000024,222,233,-11
104000026,43,278,-235
104000027,206,152,54
104000028,331,180,151
104000029,314,229,85
104000030,224,186,38
104000031,1054,297,757
104000032,253,190,63
104000033,637,451,186
104000034,273,189,84
104000035,691,329,362
104000036,744,381,363
104000037,242,183,59
104000038,426,254,172
104000039,219,162,57
104000040,210,309,-99
104000041,459,256,203
104000042,178,259,-81
104000043,191,258,-67
104000044,191,407,-216
104000045,745,698,47
104000046,734,906,-172
104000047,554,782,-228
104000048,888,953,-65
104000049,456,278,178
104000050,154,431,-277
104000051,102,393,-291
104000052,1137,1146,-9
104000053,802,353,449
104000054,274,266,8
104000055,2621,1541,1080
104000056,1228,253,975
104000057,251,415,-164
104000058,710,579,131
104000059,464,740,-276
104000060,722,939,-217
104000061,996,702,294
104000062,426,185,241
104000064,347,236,111
104000065,186,503,-317
104000069,278,463,-185
104000070,57,319,-262
104000071,232,411,-179
104000072,577,264,313
104000075,41,184,-143
104000076,344,53,291
104000082,1768,2395,-627
104000083,645,173,472
104000084,76,406,-330
104000085,264,273,-9
104000086,201,361,-160
104000087,374,1336,-962
104000090,683,856,-173
104000092,958,1231,-273
104000094,624,932,-308
104000095,1374,1136,238
104000096,1168,47,1121
104000097,1342,548,794
104000098,1850,520,1330
104000100,1317,412,905
104000101,873,1125,-252
104000106,100,587,-487
104000107,527,354,173
104000108,182,364,-182
104000109,280,54,226
104000110,712,754,-42
104000111,2209,1664,545
104000112,1358,410,948
104000116,2,638,-636
104000117,175,370,-195
104000118,492,150,342
104000119,574,216,358
104000120,231,481,-250
104000121,180,567,-387
104000122,600,657,-57
104000123,490,627,-137
104000124,560,1178,-618
104000125,2079,3237,-1158
104000126,342,324,18
104000127,959,1686,-727
104000128,469,333,136
104000129,295,24,271
104000130,2,168,-166
104000131,420,383,37
104000132,284,394,-110
104000133,1203,669,534
104000134,767,1297,-530
104000135,424,1516,-1092
104000136,645,3053,-2408
104000137,1470,336,1134
104000138,640,281,359
104000139,3490,2048,1442
104000141,814,926,-112
104000142,541,446,95
104000143,529,348,181
104000144,91,154,-63
104000145,416,190,226
104000146,186,367,-181
104000147,98,197,-99
104000148,351,166,185
104000149,191,125,66
104000150,849,339,510
104000151,302,257,45
104000152,356,339,17
104000153,453,387,66
104000154,679,352,327
104000155,412,528,-116
104000157,781,894,-113
104000158,250,428,-178
104000159,708,469,239
104000160,1447,1506,-59
104000161,141,125,16
104000162,55,118,-63
104000165,830,742,88
104000167,564,819,-255
104000168,441,12,429
104000169,143,31,112
104000170,339,396,-57
104000248,267,448,-181
104000251,69,161,-92
104000272,0,0,0
104000273,0,0,0
104000274,0,0,0
104000275,0,0,0
104000279,511,323,188
104000290,73,183,-110
104000291,441,895,-454
104000293,663,582,81
104000294,17,1,16
104000295,475,549,-74
104000296,465,546,-81
104000297,664,1509,-845
104000298,1473,653,820
104000299,506,977,-471
104000302,105,123,-18
104000303,144,131,13
104900001,161,229,-68
104900002,38,134,-96
104900003,43,236,-193
104900004,71,178,-107
104900005,251,176,75
104900006,228,71,157
104900007,180,136,44
104900009,122,245,-123
104900010,63,27,36
104900011,5,9,-4
104900012,162,25,137
104900013,89,14,75
104900014,966,202,764
104900015,73,13,60
104900016,190,133,57
104900017,147,119,28
104900018,6,165,-159
104900019,178,2319,-2141
104900020,33,194,-161
104900021,1,93,-92
104900022,3,111,-108
104900023,0,40,-40
104900024,6,87,-81
104900025,58,150,-92
104900026,0,60,-60
104900027,358,199,159
104900028,26,92,-66
104900029,42,44,-2
104900030,376,148,228
104900031,60,138,-78
104900032,43,76,-33
104900033,180,220,-40
104900034,291,102,189
104900035,295,149,146
104900036,201,68,133
104900037,107,158,-51
104900038,251,601,-350
104900039,482,354,128
104900040,316,88,228
104900041,238,152,86
104900042,105,178,-73
104900043,20,229,-209
104900044,552,137,415
104900045,384,61,323
104900046,206,105,101
104900047,240,91,149
104900048,211,53,158
104900049,24,28,-4
104900050,267,56,211
104900051,244,33,211
104900052,41,1,40
104900053,329,90,239
104900054,156,23,133
104900055,85,5,80
104900056,149,23,126
104900057,36,0,36
104900058,355,118,237
104900059,213,97,116
104900060,89,250,-161
104900061,190,334,-144
104900063,3,89,-86
104900064,0,69,-69
104900065,0,127,-127
104900066,0,95,-95
104900067,7,178,-171
104900068,7,123,-116
104900070,149,154,-5
104900071,1,293,-292
104900072,34,158,-124
104900073,37,97,-60
104900074,24,120,-96
104900075,30,23,7
104900076,51,197,-146
104900077,471,169,302
104900078,115,317,-202
104900079,91,354,-263
104900080,52,380,-328
104900082,12,309,-297
104900085,52,245,-193
104900087,213,1,212
104900089,159,0,159
104900090,641,539,102
104900091,686,304,382
104900093,181,347,-166
104900097,1477,1513,-36
104900098,93,33,60
104900099,234,537,-303
104900100,326,139,187
104900102,41,82,-41
104900103,332,41,291
104900104,1742,1339,403
104900106,103,93,10
104900107,121,164,-43
104900108,28,148,-120
104900109,78,117,-39
104900110,12,29,-17
104900111,104,66,38
104900112,188,367,-179
104900113,506,192,314
104900114,313,226,87
104900115,514,279,235
104900116,210,139,71
104900118,11,34,-23
104900119,5,39,-34
104900120,54,278,-224
104900121,1,50,-49
104900122,4,33,-29
104900123,72,9,63
104900124,44,0,44
104900125,272,1,271
104900126,39,28,11
104900127,21,38,-17
104900128,66,58,8
104900129,921,1332,-411
105000001,1460,827,633
105000002,2092,1160,932
105000003,2967,2718,249
105000004,446,638,-192
105000005,1154,871,283
105000006,1166,1359,-193
105000007,1004,1401,-397
105000008,1308,2568,-1260
105000009,1979,2610,-631
105000010,2359,1474,885
105000011,2628,2471,157
105000012,2389,2167,222
105000013,830,935,-105
105000014,1885,2182,-297
105000015,7514,12024,-4510
105000016,2057,1634,423
105000017,1435,713,722
105000018,1023,1105,-82
105000019,978,776,202
105000020,160,343,-183
105000021,254,145,109
105000022,286,102,184
105000023,567,343,224
105000028,64,96,-32
105000029,348,1156,-808
105000030,2827,1933,894
105000031,8,24,-16
105000033,885,1456,-571
105000034,112,763,-651
105000037,497,215,282
105000038,1299,1527,-228
105000039,1569,1216,353
105000040,682,993,-311
105000041,228,908,-680
105000042,2377,1396,981
105000043,1198,1585,-387
105000044,564,429,135
105000045,240,417,-177
105000046,1094,301,793
105000047,460,874,-414
105000048,591,206,385
105000049,160,367,-207
105000050,571,301,270
105000051,100,277,-177
105000052,506,658,-152
105000053,115,83,32
105000054,356,614,-258
105000055,655,243,412
105000056,1217,1392,-175
105000057,1030,569,461
105000058,921,797,124
105000059,509,488,21
105000060,491,403,88
105000061,601,430,171
105000062,419,541,-122
105000063,255,322,-67
105000064,1289,669,620
105000065,346,393,-47
105000066,815,907,-92
105000067,1192,675,517
105000068,293,638,-345
105000069,1302,1303,-1
105000070,458,842,-384
105000071,217,666,-449
105000072,960,1731,-771
105000073,692,421,271
105000074,795,581,214
105000075,378,636,-258
105000076,911,810,101
105000077,1926,800,1126
105000078,943,1188,-245
105000079,836,2148,-1312
105000080,1346,1208,138
105000081,2766,1996,770
105000082,974,1996,-1022
105000083,5004,4106,898
105000084,1640,870,770
105000085,1434,2245,-811
105000086,574,775,-201
105000087,1062,1384,-322
105000088,1326,1331,-5
105000089,2034,1471,563
105000090,710,611,99
105000091,918,1079,-161
105000092,475,579,-104
105000093,272,230,42
105000094,272,231,41
105000095,107,477,-370
105000096,971,1091,-120
105000097,709,804,-95
105000098,756,585,171
105000099,633,616,17
105000100,1126,926,200
105000101,1729,1400,329
105000102,1177,1272,-95
105000103,1056,1706,-650
105000104,2049,777,1272
105000105,1029,1255,-226
105000106,1006,1057,-51
105000107,1209,586,623
105000108,1288,964,324
105000109,1169,1133,36
105000110,733,386,347
105000111,764,584,180
105000112,983,507,476
105000113,358,575,-217
105000114,1698,952,746
105000115,277,966,-689
105000116,674,422,252
105000117,838,716,122
105000118,461,338,123
105000119,465,540,-75
105000120,834,444,390
105000121,619,554,65
105000122,481,507,-26
105000123,748,826,-78
105000124,1564,598,966
105000125,646,1230,-584
105000126,1790,1242,548
105000127,1886,1295,591
105000128,519,708,-189
105000129,571,368,203
105000130,375,2751,-2376
105000131,588,260,328
105000132,791,593,198
105000133,384,647,-263
105000134,577,509,68
105000135,306,397,-91
105000136,96,279,-183
105000137,460,149,311
105000138,171,203,-32
105000139,805,702,103
105000140,391,343,48
105000141,333,386,-53
105000142,225,325,-100
105000143,128,432,-304
105000144,224,619,-395
105000145,547,296,251
105000146,351,628,-277
105000147,583,281,302
105000148,862,489,373
105000149,2040,1742,298
105000150,1408,1030,378
105000151,317,297,20
105000152,125,362,-237
105000153,424,482,-58
105000154,547,344,203
105000155,246,572,-326
105000156,471,444,27
105000157,566,962,-396
105000158,1275,576,699
105000159,263,694,-431
105000160,1478,462,1016
105000161,574,601,-27
105000162,520,1106,-586
105000163,798,560,238
105000164,168,173,-5
105000165,573,3733,-3160
105000166,3141,583,2558
105000167,1065,1091,-26
105000168,422,432,-10
105000169,475,210,265
105000170,167,874,-707
105000171,755,193,562
105000172,145,36,109
105000173,154,19,135
105000174,63,41,22
105000175,53,113,-60
105000176,344,84,260
105000177,259,160,99
105000178,142,294,-152
105000179,443,138,305
105000180,107,101,6
105000181,95,167,-72
105000182,45,54,-9
105000183,1413,1579,-166
105000184,906,1026,-120
105000185,771,1059,-288
105000186,450,715,-265
105000187,691,195,496
105000188,159,154,5
105000189,111,514,-403
105000190,270,221,49
105000191,334,316,18
105000192,284,47,237
105000193,88,118,-30
105000194,567,84,483
105000195,252,568,-316
105000196,111,281,-170
105000197,282,443,-161
105000198,551,272,279
105000199,323,740,-417
105000200,99,238,-139
105000201,84,23,61
105000203,21,172,-151
105000204,88,76,12
105000205,116,201,-85
105000207,292,160,132
105000208,184,403,-219
105000209,165,255,-90
105000211,311,14,297
105000212,955,822,133
105000213,152,202,-50
105000214,161,215,-54
105000215,298,136,162
105000216,160,206,-46
105000217,99,159,-60
105000218,1130,883,247
105000221,160,146,14
105000222,337,183,154
105000223,270,188,82
105000226,107,144,-37
105000227,49,117,-68
105000228,187,1390,-1203
105000229,129,434,-305
105000231,360,218,142
105000233,775,530,245
105000234,453,1043,-590
105000235,287,451,-164
105000237,641,64,577
105000243,28,41,-13
105000248,51,66,-15
105000262,247,877,-630
105000269,97,153,-56
105000270,319,27,292
105000271,0,161,-161
105000282,68,52,16
105000287,245,82,163
105000288,502,336,166
105000289,2756,1824,932
105000290,31,7,24
105000402,2570,2857,-287
105000426,364,498,-134
105000438,4536,1949,2587
105000440,34,26,8
105000446,7271,4113,3158
105000447,4388,1962,2426
105000454,498,501,-3
105000455,208,137,71
105000474,48,0,48
105000477,330,461,-131
105000478,1446,3588,-2142
105000479,134,122,12
105000480,9845,6915,2930
105000481,4550,2995,1555
105000482,3949,7182,-3233
105000483,1502,1721,-219
105000484,1871,2943,-1072
105000485,1289,2727,-1438
105000486,2571,1987,584
105000488,9440,4432,5008
105000489,775,707,68
105000549,91,121,-30
105000550,367,1168,-801
105000551,33,114,-81
105000552,1854,1159,695
105000555,1243,897,346
105000556,52,34,18
105000557,61,167,-106
105900001,5,1601,-1596
105900002,808,559,249
105900003,19,91,-72
105900004,146,111,35
105900005,24,181,-157
105900006,14,88,-74
105900007,46,25,21
105900008,57,388,-331
105900009,27,14,13
105900011,91,27,64
105900012,421,94,327
105900013,1,32,-31
105900014,6,47,-41
105900015,124,244,-120
105900016,390,395,-5
105900017,929,32,897
105900018,157,127,30
105900019,63,227,-164
105900020,46,64,-18
105900021,23,164,-141
105900022,209,110,99
105900023,2,52,-50
105900024,6,157,-151
105900025,143,24,119
105900026,172,10,162
105900027,7364,3287,4077
105900028,297,333,-36
105900029,1263,230,1033
105900030,147,180,-33
105900031,265,171,94
105900032,59,93,-34
105900033,72,104,-32
105900034,181,126,55
105900035,139,112,27
105900036,109,79,30
105900037,67,65,2
105900038,130,180,-50
105900039,128,66,62
105900040,64,92,-28
105900041,149,103,46
105900042,40,129,-89
105900043,846,26,820
105900044,5,172,-167
105900045,2,552,-550
105900046,1,234,-233
105900047,8,24,-16
105900048,61,306,-245
105900050,2254,3906,-1652
105900051,49,881,-832
105900052,331,110,221
105900053,1715,1907,-192
105900054,220,126,94
105900056,458,304,154
105900057,22,65,-43
105900058,14,19,-5
105900059,3,42,-39
106000001,3279,1897,1382
106000002,1752,4216,-2464
106000003,2298,2819,-521
106000004,1299,2175,-876
106000005,2797,3957,-1160
106000006,4427,2512,1915
106000007,429,463,-34
106000008,538,261,277
106000009,522,336,186
106000010,522,412,110
106000011,995,726,269
106000012,671,1080,-409
106000013,1449,1503,-54
106000014,1284,1140,144
106000015,1531,986,545
106000016,1006,1368,-362
106000017,488,598,-110
106000018,471,369,102
106000019,368,359,9
106000020,273,256,17
106000021,300,333,-33
106000022,293,163,130
106000023,509,278,231
106000024,392,305,87
106000025,105,164,-59
106000026,71,164,-93
106000027,1434,1146,288
106000028,436,326,110
106000029,653,809,-156
106000030,432,404,28
106000034,195,409,-214
106000035,876,1596,-720
106000036,164,360,-196
106000037,1657,959,698
106000038,239,93,146
106000039,128,96,32
106000040,123,644,-521
106000041,596,425,171
106000043,517,244,273
106000046,287,52,235
106000047,40,301,-261
106000049,769,148,621
106000050,255,455,-200
106000051,545,376,169
106000052,86,403,-317
106000053,308,102,206
106000054,267,302,-35
106000055,921,630,291
106000056,209,223,-14
106000057,341,213,128
106000058,149,107,42
106000059,317,227,90
106000060,223,346,-123
106000061,207,394,-187
106000062,132,396,-264
106000063,701,485,216
106000064,20,252,-232
106000065,284,279,5
106000066,64,206,-142
106000067,324,70,254
106000068,59,420,-361
106000069,260,36,224
106000070,399,504,-105
106000071,836,248,588
106000072,1929,1214,715
106000073,1351,2314,-963
106000074,546,549,-3
106000075,277,1117,-840
106000076,1563,1571,-8
106000077,2750,1148,1602
106000078,857,772,85
106000079,557,656,-99
106000080,995,468,527
106000081,579,857,-278
106000082,1704,674,1030
106000083,425,1095,-670
106000084,1049,505,544
106000085,1074,1075,-1
106000086,487,743,-256
106000087,920,493,427
106000088,413,586,-173
106000089,854,293,561
106000090,268,442,-174
106000091,230,348,-118
106000092,518,226,292
106000093,264,95,169
106000094,52,101,-49
106000095,669,414,255
106000096,784,494,290
106000097,991,474,517
106000098,624,671,-47
106000099,207,544,-337
106000100,862,153,709
106000101,627,276,351
106000102,155,477,-322
106000103,253,392,-139
106000104,640,360,280
106000105,358,464,-106
106000106,527,372,155
106000107,173,230,-57
106000108,323,251,72
106000109,217,176,41
106000110,220,262,-42
106000111,189,292,-103
106000112,201,428,-227
106000113,516,402,114
106000114,404,414,-10
106000115,177,376,-199
106000116,305,180,125
106000117,775,508,267
106000118,1054,872,182
106000119,920,670,250
106000120,654,950,-296
106000121,187,137,50
106000122,123,125,-2
106000123,406,115,291
106000124,71,134,-63
106000125,25,181,-156
106000126,242,98,144
106000127,731,571,160
106000128,725,133,592
106000129,406,331,75
106000130,695,224,471
106000131,139,512,-373
106000132,466,143,323
106000133,1096,937,159
106000134,523,1173,-650
106000135,213,444,-231
106000136,601,766,-165
106000137,92,728,-636
106000138,863,87,776
106000139,61,112,-51
106000140,29,44,-15
106000141,81,31,50
106000142,105,54,51
106000143,34,45,-11
106000144,56,63,-7
106000145,182,158,24
106000146,379,124,255
106000147,527,482,45
106000148,746,766,-20
106000149,516,462,54
106000150,448,1431,-983
106000151,2711,652,2059
106000152,882,1331,-449
106000153,110,1292,-1182
106000154,961,155,806
106000155,100,264,-164
106000156,576,198,378
106000157,572,1017,-445
106000158,1525,610,915
106000159,1937,1298,639
106000160,354,1818,-1464
106000161,1023,273,750
106000162,288,774,-486
106000163,357,287,70
106000164,402,250,152
106000165,185,364,-179
106000166,580,245,335
106000167,281,648,-367
106000168,491,213,278
106000169,284,363,-79
106000170,631,203,428
106000171,208,844,-636
106000172,2087,968,1119
106000173,837,1840,-1003
106000174,829,296,533
106000175,224,566,-342
106000176,1240,624,616
106000177,646,1589,-943
106000178,2235,1209,1026
106000179,708,1352,-644
106000180,507,824,-317
106000181,638,1320,-682
106000182,1163,466,697
106000183,1135,405,730
106000184,946,522,424
106000185,615,999,-384
106000186,677,102,575
106000187,165,753,-588
106000188,0,2,-2
106000189,14,22,-8
106000190,26,1,25
106000191,510,139,371
106000192,3,18,-15
106000193,348,179,169
106000194,122,236,-114
106000195,211,88,123
106000196,61,234,-173
106000197,544,175,369
106000198,135,152,-17
106000199,744,442,302
106000200,176,158,18
106000201,364,1686,-1322
106000202,2232,404,1828
106000203,29,159,-130
106000204,134,14,120
106000205,35,105,-70
106000206,93,27,66
106000207,26,419,-393
106000208,1162,142,1020
106000209,1127,351,776
106000210,265,622,-357
106000211,211,772,-561
106000212,636,379,257
106000213,526,1463,-937
106000214,1784,539,1245
106000215,245,414,-169
106000216,275,262,13
106000217,280,310,-30
106000218,490,314,176
106000219,147,257,-110
106000220,343,193,150
106000221,201,187,14
106000222,61,84,-23
106000223,283,69,214
106000224,249,131,118
106000225,110,72,38
106000226,97,199,-102
106000228,40,58,-18
106000229,102,550,-448
106000231,804,107,697
106000232,66,264,-198
106000233,370,88,282
106000234,25,168,-143
106000235,344,79,265
106000236,95,62,33
106000237,2,13,-11
106000238,44,22,22
106000239,3,80,-77
106000240,33,1,32
106000241,27,488,-461
106000242,220,25,195
106000249,72,62,10
106000250,58,356,-298
106000251,68,22,46
106000252,13,60,-47
106000253,50,51,-1
106000254,98,30,68
106000255,10,108,-98
106000256,57,34,23
106000257,98,158,-60
106000258,108,20,88
106000259,9,59,-50
106000260,37,4,33
106000261,1,53,-52
106000262,82,5,77
106000263,14,40,-26
106000264,162,2,160
106000265,7,133,-126
106000266,71,42,29
106000267,6,61,-55
106000268,366,75,291
106000269,82,43,39
106000270,110,340,-230
106000271,65,144,-79
106000272,158,36,122
106000273,10,140,-130
106000274,139,50,89
106000275,113,205,-92
106000276,118,45,73
106000277,88,206,-118
106000278,141,23,118
106000279,19,43,-24
106000280,77,54,23
106000281,75,38,37
106000282,48,65,-17
106000283,106,45,61
106000284,66,95,-29
106000285,110,71,39
106000286,92,105,-13
106000287,88,61,27
106000288,90,127,-37
106000289,100,52,48
106000290,51,67,-16
106000291,91,71,20
106000292,71,81,-10
106000293,114,76,38
106000294,122,104,18
106000295,41,47,-6
106000296,25,70,-45
106000297,41,167,-126
106000298,82,74,8
106000299,69,144,-75
106000300,48,85,-37
106000301,54,90,-36
106000303,19,45,-26
106000304,23,20,3
106000305,46,19,27
106000306,42,27,15
106000307,51,21,30
106000308,32,64,-32
106000309,20,62,-42
106000310,223,372,-149
106000311,315,114,201
106000312,118,124,-6
106000313,165,171,-6
106000318,88,337,-249
106000319,746,245,501
106000320,1,74,-73
106000321,247,111,136
106000322,134,102,32
106000324,26,121,-95
106000325,1439,706,733
106000326,894,1231,-337
106000327,191,94,97
106000328,30,118,-88
106000329,230,191,39
106000330,65,60,5
106000428,89,145,-56
106000429,131,402,-271
106000430,284,924,-640
106000431,1730,330,1400
106000432,1568,2120,-552
106000433,2015,1259,756
106000434,2640,1199,1441
106000435,1071,1852,-781
106000436,14,149,-135
106000437,210,56,154
106000438,217,151,66
106000439,33,520,-487
106000440,160,314,-154
106000441,0,0,0
106000442,158,8,150
106000443,130,201,-71
106000450,2,125,-123
106000451,36,43,-7
106000454,6,119,-113
106000455,8,156,-148
106000456,111,26,85
106000457,7,561,-554
106000458,865,67,798
106000459,142,261,-119
106000460,1130,20,1110
106000461,82,598,-516
106000462,0,31,-31
106000463,3,12,-9
106000464,3,351,-348
106000465,673,1,672
106000466,0,343,-343
106000467,283,319,-36
106000468,81,99,-18
106000469,107,0,107
106000470,236,1307,-1071
106000471,17,336,-319
106000472,103,13,90
106000473,36,21,15
106000474,439,378,61
106000475,423,201,222
106000476,174,222,-48
106000477,20,93,-73
106000480,0,222,-222
106900001,0,5,-5
106900002,5,247,-242
106900003,147,621,-474
106900004,5,11,-6
106900006,0,7,-7
106900007,0,4,-4
106900008,237,167,70
106900009,275,184,91
106900010,149,128,21
106900012,947,1438,-491
106900013,345,173,172
106900014,30,1,29
106900015,11,3,8
106900016,273,8,265
106900017,4,0,4
106900018,1,0,1
106900019,23,0,23
106900020,1423,1164,259
106900021,122,99,23
106900022,709,2,707
106900023,43,220,-177
106900024,361,48,313
106900025,46,390,-344
106900026,3,335,-332
106900027,668,2,666
107000001,2946,2960,-14
107000002,1817,2957,-1140
107000003,4480,4782,-302
107000004,3205,2765,440
107000005,3824,4377,-553
107000006,2981,2539,442
107000007,4448,7847,-3399
107000008,7188,5128,2060
107000009,6206,6331,-125
107000010,6765,5849,916
107000011,853,855,-2
107000012,3009,2088,921
107000013,107,73,34
107000014,49,219,-170
107000015,443,616,-173
107000016,573,562,11
107000017,1496,1321,175
107000018,7,858,-851
107000020,1044,1435,-391
107000021,920,352,568
107000022,689,1318,-629
107000023,1569,181,1388
107000024,510,1011,-501
107000025,188,326,-138
107000026,252,353,-101
107000027,1090,786,304
107000028,972,1013,-41
107000029,2801,2398,403
107000030,2255,2153,102
107000031,3687,2026,1661
107000032,391,758,-367
107000033,2281,2706,-425
107000034,2522,1121,1401
107000035,367,151,216
107000036,299,990,-691
107000037,91,631,-540
107000038,181,222,-41
107000039,710,605,105
107000040,154,257,-103
107000041,1114,600,514
107000042,556,1575,-1019
107000043,1951,789,1162
107000044,405,265,140
107000045,78,254,-176
107000046,682,313,369
107000047,376,603,-227
107000048,585,239,346
107000049,646,602,44
107000050,893,467,426
107000051,251,277,-26
107000052,924,780,144
107000053,284,209,75
107000054,70,227,-157
107000055,345,143,202
107000056,470,646,-176
107000057,1299,247,1052
107000058,1870,1934,-64
107000059,908,1368,-460
107000060,3979,4357,-378
107000061,3518,2725,793
107000062,4260,2574,1686
107000063,3026,3288,-262
107000064,4233,2103,2130
107000065,3322,3759,-437
107000066,1932,2443,-511
107000067,1003,1058,-55
107000068,1032,681,351
107000069,765,509,256
107000070,1193,14,1179
107000071,3133,45,3088
107000072,28,1845,-1817
107000073,691,359,332
107000074,113,682,-569
107000075,1687,523,1164
107000076,537,911,-374
107000077,3228,1310,1918
107000078,2144,2134,10
107000079,2486,1086,1400
107000080,961,2075,-1114
107000081,1619,513,1106
107000082,470,1217,-747
107000083,1215,324,891
107000084,289,1166,-877
107000085,2713,2751,-38
107000086,3070,2757,313
107000087,2543,1665,878
107000088,2476,2823,-347
107000089,1344,1353,-9
107000090,814,854,-40
107000091,1257,706,551
107000092,813,844,-31
107000093,1139,624,515
107000094,711,979,-268
107000095,763,538,225
107000096,444,590,-146
107000097,645,282,363
107000098,431,519,-88
107000099,404,202,202
107000100,159,236,-77
107000101,86,123,-37
107000102,168,248,-80
107000103,237,132,105
107000104,153,215,-62
107000105,379,138,241
107000106,381,152,229
107000107,440,147,293
107000108,140,360,-220
107000109,489,149,340
107000110,74,477,-403
107000111,359,47,312
107000112,37,233,-196
107000113,599,124,475
107000114,99,423,-324
107000115,610,136,474
107000116,102,532,-430
107000117,123,475,-352
107000118,118,99,19
107000119,1139,1217,-78
107000120,890,371,519
107000121,870,570,300
107000122,1025,648,377
107000123,479,461,18
107000124,466,598,-132
107000125,944,510,434
107000126,840,517,323
107000129,211,540,-329
107000130,530,204,326
107000131,310,423,-113
107000132,442,253,189
107000133,420,94,326
107000134,260,1,259
107000135,0,210,-210
107000136,642,6,636
107000137,6,364,-358
107000138,272,29,243
107000139,21,421,-400
107000140,1127,99,1028
107000141,102,640,-538
107000142,494,97,397
107000143,56,567,-511
107000144,537,446,91
107000145,149,373,-224
107000146,217,236,-19
107000147,3862,986,2876
107000150,498,2280,-1782
107000151,31,60,-29
107000152,333,1245,-912
107000153,106,255,-149
107000154,194,246,-52
107000155,731,16,715
107000156,906,16,890
107000157,74,960,-886
107000158,670,29,641
107000159,45,640,-595
107000160,1004,132,872
107000161,85,942,-857
107000162,238,440,-202
107000163,203,1,202
107000164,692,7,685
107000165,994,7,987
107000166,33,655,-622
107000167,534,197,337
107000168,851,441,410
107000169,618,666,-48
107000170,1787,600,1187
107000171,511,1162,-651
107000172,1071,1201,-130
107000173,579,680,-101
107000174,915,3921,-3006
107000175,4392,1143,3249
107000176,0,0,0
107000177,7,5,2
107000178,28,40,-12
107000179,284,1392,-1108
107000180,1168,188,980
107000181,406,861,-455
107000182,1627,559,1068
107000183,140,512,-372
107000184,979,510,469
107000185,411,834,-423
107000186,899,296,603
107000187,1073,945,128
107000188,637,507,130
107000189,368,780,-412
107000190,533,580,-47
107000191,803,905,-102
107000192,1394,587,807
107000193,345,364,-19
107000194,799,550,249
107000197,835,208,627
107000198,252,571,-319
107000199,611,531,80
107000200,561,472,89
107000201,525,272,253
107000202,318,360,-42
107000203,537,976,-439
107000204,614,1402,-788
107000205,1361,703,658
107000206,675,1296,-621
107000207,661,822,-161
107000208,649,547,102
107000209,1423,1202,221
107000210,429,267,162
107000211,4,36,-32
107000212,10,214,-204
107000213,5,23,-18
107000214,21,93,-72
107000215,300,209,91
107000216,367,268,99
107000217,196,94,102
107000219,85,128,-43
107000220,160,172,-12
107000222,236,434,-198
107000224,403,78,325
107000225,167,261,-94
107000226,396,72,324
107000227,94,190,-96
107000228,104,193,-89
107000229,117,92,25
107000230,786,359,427
107000231,1202,1632,-430
107000232,101,16,85
107000233,843,801,42
107000234,0,43,-43
107000235,67,12,55
107000236,10,324,-314
107000237,26,0,26
107000238,64,2,62
107000239,2510,400,2110
107000240,102,582,-480
107000243,0,11,-11
107000244,3,53,-50
107000246,8,803,-795
107000249,1,896,-895
107000251,0,358,-358
107000252,0,608,-608
107000255,245,111,134
107000257,0,318,-318
107000258,0,80,-80
107000259,2,126,-124
107000260,808,4,804
107000262,10,398,-388
107000263,273,6,267
107000266,9,4,5
107000267,47,96,-49
107000268,118,104,14
107000269,492,63,429
107000270,2,15,-13
107000271,16,451,-435
107000272,23,114,-91
107000273,12,322,-310
107000274,723,3,720
107000275,426,1972,-1546
107000280,868,23,845
107000281,35,571,-536
107000282,66,590,-524
107000290,6,24,-18
107000291,14,9,5
107000292,3,114,-111
107000293,28,5,23
107000294,1,22,-21
107000295,28,1,27
107000296,1,25,-24
107000444,209,3,206
107000496,4,9,-5
107000497,1177,1473,-296
107000500,290,207,83
107000501,98,145,-47
107000502,151,205,-54
107000505,292,594,-302
107000506,0,105,-105
107000508,8,360,-352
107000509,232,503,-271
107000510,27,31,-4
107000514,28,267,-239
107000515,6,136,-130
107000516,336,185,151
107000518,986,1193,-207
107000519,1112,645,467
107000520,52,38,14
107000521,606,271,335
107000522,831,393,438
107900001,79,106,-27
107900002,45,14,31
107900003,180,61,119
107900004,2,0,2
107900005,1134,1,1133
107900006,174,1,173
107900007,220,18,202
107900008,116,24,92
107900009,141,15,126
107900010,40,3,37
107900012,252,29,223
107900013,188,19,169
107900014,28,4,24
107900015,672,12,660
107900016,322,64,258
107900017,14,0,14
107900018,45,98,-53
107900019,24,31,-7
107900020,85,39,46
107900021,66,98,-32
107900023,4,1,3
107900024,0,18,-18
107900025,202,175,27
107900026,54,36,18
107900027,40,50,-10
107900028,91,50,41
107900030,159,33,126
107900031,63,65,-2
107900032,19,1,18
107900033,14,7,7
107900034,325,18,307
107900035,648,40,608
107900036,50,33,17
107900037,0,28,-28
107900038,97,155,-58
107900039,31,27,4
107900040,24,152,-128
107900041,2,1,1
107900043,24,62,-38
107900044,7,7,0
107900045,93,46,47
107900046,130,126,4
107900047,25,39,-14
107900048,176,7,169
107900049,314,764,-450
107900050,103,218,-115
107900051,76,56,20
107900052,51,47,4
107900053,34,59,-25
107900055,357,177,180
107900056,98,44,54
107900057,5,0,5
107900058,10,392,-382
107900060,31,65,-34
107900061,5,5,0
107900063,62,125,-63
107900064,180,120,60
107900065,220,8,212
107900066,23,12,11
107900067,1,0,1
107900068,68,460,-392
107900069,17,1793,-1776
107900070,126,42,84
107900071,22,466,-444
107900072,88,115,-27
107900073,160,62,98
107900074,568,299,269
107900076,77,30,47
107900077,75,0,75
107900079,5,24,-19
107900080,134,875,-741
107900081,40,87,-47
107900082,9,16,-7
107900083,228,133,95
107900084,110,103,7
107900086,53,113,-60
107900087,498,136,362
107900088,15,12,3
107900089,142,619,-477
107900090,378,1748,-1370
107900091,140,248,-108
107900093,73,80,-7
107900095,2451,1720,731
107900097,18,35,-17
107900098,38,158,-120
107900100,655,1015,-360
107900101,675,162,513
107900102,20,8,12
107900103,34,121,-87
107900104,219,9,210
107900105,0,217,-217
107900106,4,609,-605
107900107,957,382,575
107900108,168,113,55
107900109,1268,14,1254
107900110,74,76,-2
107900111,6,434,-428
107900112,78,260,-182
107900113,175,64,111
107900114,141,101,40
107900115,2,38,-36
107900116,190,116,74
107900117,223,178,45
107900118,63,105,-42
107900119,57,159,-102
107900120,20,29,-9
107900121,6,100,-94
107900122,0,107,-107
107900123,3,41,-38
107900124,19,49,-30
107900125,23,136,-113
107900126,10,36,-26
107900127,382,253,129
107900128,70,68,2
107900129,49,26,23
107900130,85,9,76
107900131,415,232,183
107900132,89,222,-133
107900133,1,58,-57
107900134,15,43,-28
107900135,10,123,-113
107900136,30,43,-13
107900137,75,103,-28
107900138,36,39,-3
107900139,21,38,-17
107900141,36,43,-7
107900142,66,501,-435
107900143,88,13,75
107900144,2,103,-101
107900145,12,63,-51
107900146,38,76,-38
107900147,20,30,-10
107900148,99,57,42
107900149,649,163,486
107900150,52,432,-380
107900151,55,73,-18
107900152,6,130,-124
107900153,116,224,-108
107900154,30,25,5
107900155,67,65,2
107900156,0,195,-195
107900157,25,51,-26
107900158,588,31,557
107900159,24,503,-479
107900160,113,148,-35
107900161,16,146,-130
107900162,0,33,-33
107900163,51,48,3
107900164,15,33,-18
107900165,12,79,-67
107900166,27,145,-118
107900167,7,45,-38
107900168,38,30,8
107900169,12,207,-195
107900171,2,655,-653
107900172,1,187,-186
107900173,17,85,-68
107900174,124,3,121
107900175,29,38,-9
107900176,44,25,19
107900177,0,62,-62
107900178,0,128,-128
107900179,20,94,-74
107900180,357,493,-136
107900181,227,170,57
107900182,4,667,-663
107900183,40,169,-129
107900184,86,164,-78
107900185,114,3,111
107900186,27,22,5
107900187,0,95,-95
107900188,452,111,341
107900189,29,98,-69
107900190,42,107,-65
107900191,39,85,-46
107900193,16,64,-48
107900194,116,14,102
107900195,1394,246,1148
107900196,70,93,-23
107900197,343,293,50
107900199,8,770,-762
107900201,85,51,34
107900203,31,72,-41
107900204,129,136,-7
107900206,500,434,66
107900207,3,380,-377
107900208,7,439,-432
107900209,282,105,177
107900210,58,59,-1
107900213,364,270,94
107900214,11,75,-64
107900215,124,201,-77
107900216,118,40,78
107900217,23,80,-57
107900218,18,1026,-1008
107900219,22,53,-31
107900220,180,200,-20
107900221,104,152,-48
107900223,107,395,-288
107900224,66,256,-190
107900225,13,301,-288
107900226,96,58,38
107900227,85,286,-201
107900228,23,84,-61
107900229,0,145,-145
107900230,16,54,-38
107900231,45,126,-81
107900232,62,94,-32
107900233,14,108,-94
107900234,94,76,18
107900235,16,76,-60
107900236,132,46,86
107900237,34,245,-211
107900238,41,72,-31
107900239,580,369,211
107900240,36,63,-27
107900241,15,48,-33
107900242,28,130,-102
107900243,3,45,-42
107900244,322,3,319
107900245,503,30,473
107900246,211,14,197
107900248,257,188,69
107900249,671,34,637
107900250,5,373,-368
107900251,61,916,-855
107900252,622,21,601
107900253,175,3,172
107900254,48,169,-121
107900255,180,76,104
107900256,704,980,-276
107900257,136,58,78
107900258,82,149,-67
107900259,66,1488,-1422
107900261,1,200,-199
107900262,35,76,-41
107900264,223,8,215
107900265,124,124,0
107900267,199,7,192
107900268,18,9,9
107900269,0,6,-6
107900270,0,0,0
107900271,1,7,-6
107900272,85,27,58
107900273,50,68,-18
107900274,97,1,96
107900275,20,1,19
107900276,2,72,-70
107900277,2,128,-126
107900278,293,291,2
107900279,69,183,-114
107900280,2047,1183,864
107900281,696,2048,-1352
107900282,28,279,-251
107900283,654,458,196
107900284,491,579,-88
107900285,77,56,21
107900286,106,53,53
107900287,186,122,64
107900290,2,144,-142
107900291,467,27,440
107900292,125,117,8
107900293,58,296,-238
107900295,43,45,-2
107900297,0,209,-209
107900298,569,594,-25
107900299,1860,1785,75
107900301,676,639,37
107900302,68,30,38
107900303,188,232,-44
107900304,261,296,-35
107900305,254,17,237
107900306,11,17,-6
107900307,39,171,-132
107900308,178,95,83
107900309,90,1,89
107900310,447,3,444
107900311,3,574,-571
107900312,81,2,79
107900313,5,150,-145
107900314,2,37,-35
107900315,2,21,-19
107900316,37,2,35
107900317,68,14,54
107900318,7,87,-80
107900319,2,64,-62
107900320,0,77,-77
107900321,104,5,99
107900322,3,106,-103
107900323,12,93,-81
107900324,102,2,100
107900325,106,12,94
107900326,296,207,89
107900327,3,39,-36
107900328,90,2,88
107900329,98,100,-2
107900330,5,185,-180
107900331,202,20,182
107900332,231,35,196
107900333,59,10,49
107900334,10,98,-88
107900335,47,18,29
107900336,35,31,4
107900337,647,657,-10
107900338,6,134,-128
107900339,2,13,-11
107900340,0,36,-36
107900341,59,1,58
107900342,107,85,22
107900343,34,1,33
107900344,13,68,-55
107900345,74,26,48
107900346,18,1,17
107900347,24,4,20
107900348,2,2,0
107900349,13,4,9
107900350,38,145,-107
107900351,3,111,-108
107900352,7,24,-17
107900353,5,8,-3
107900354,4,29,-25
108000001,2592,2986,-394
108000002,1149,1395,-246
108000003,2865,3111,-246
108000004,8565,9888,-1323
108000005,7224,6133,1091
108000006,7501,6301,1200
108000007,4457,3419,1038
108000008,3516,4652,-1136
108000009,3283,3661,-378
108000010,2573,3337,-764
108000011,9900,9530,370
108000012,12904,11305,1599
108000014,823,704,119
108000015,842,220,622
108000016,266,728,-462
108000017,958,331,627
108000018,1655,518,1137
108000019,1572,748,824
108000020,1044,465,579
108000021,270,1437,-1167
108000022,364,1011,-647
108000023,1109,157,952
108000024,347,388,-41
108000025,284,283,1
108000026,891,326,565
108000027,602,481,121
108000028,728,175,553
108000029,502,581,-79
108000030,470,193,277
108000031,183,482,-299
108000032,1536,575,961
108000033,626,738,-112
108000034,1489,335,1154
108000035,570,1424,-854
108000036,330,716,-386
108000037,1516,333,1183
108000038,2075,426,1649
108000039,466,1381,-915
108000040,1477,761,716
108000041,532,1528,-996
108000042,273,148,125
108000043,210,213,-3
108000044,513,149,364
108000045,287,322,-35
108000046,1237,277,960
108000047,343,661,-318
108000048,166,276,-110
108000049,894,287,607
108000050,136,459,-323
108000051,400,139,261
108000052,165,478,-313
108000053,410,193,217
108000054,423,760,-337
108000055,868,473,395
108000056,998,969,29
108000057,502,1052,-550
108000058,1787,3102,-1315
108000059,2557,1656,901
108000060,204,601,-397
108000061,303,376,-73
108000062,791,512,279
108000063,399,321,78
108000064,220,194,26
108000065,528,389,139
108000066,1234,701,533
108000067,1635,541,1094
108000068,717,405,312
108000069,222,680,-458
108000070,1690,714,976
108000071,575,984,-409
108000072,1627,1113,514
108000073,1136,1271,-135
108000074,636,327,309
108000075,316,591,-275
108000076,725,527,198
108000077,484,456,28
108000078,1938,1083,855
108000079,783,1059,-276
108000080,1154,441,713
108000081,510,1103,-593
108000082,724,1257,-533
108000083,1398,802,596
108000084,360,789,-429
108000085,691,345,346
108000086,660,455,205
108000087,140,1605,-1465
108000088,656,147,509
108000089,288,261,27
108000091,197,343,-146
108000092,151,63,88
108000093,157,370,-213
108000094,475,69,406
108000095,169,204,-35
108000096,284,147,137
108000097,116,250,-134
108000098,1421,1044,377
108000099,929,271,658
108000100,170,299,-129
108000101,1145,1095,50
108000102,1551,2836,-1285
108000106,969,0,969
108000107,1,706,-705
108000108,751,34,717
108000109,29,628,-599
108000110,247,211,36
108000111,120,383,-263
108000112,44,116,-72
108000113,326,159,167
108000115,285,239,46
108000117,517,258,259
108000118,428,1493,-1065
108000119,519,251,268
108000120,187,632,-445
108000121,197,377,-180
108000122,464,282,182
108000123,534,167,367
108000124,311,403,-92
108000125,348,195,153
108000126,158,292,-134
108000127,518,241,277
108000128,484,365,119
108000129,328,754,-426
108000130,407,184,223
108000131,828,456,372
108000132,1497,960,537
108000133,790,401,389
108000134,447,376,71
108000135,939,362,577
108000136,272,571,-299
108000137,453,263,190
108000138,359,676,-317
108000139,410,256,154
108000140,124,30,94
108000141,42,50,-8
108000142,60,53,7
108000143,44,244,-200
108000144,445,54,391
108000145,41,12,29
108000146,559,39,520
108000147,26,23,3
108000148,465,58,407
108000149,10,12,-2
108000150,25,12,13
108000151,155,86,69
108000152,100,394,-294
108000153,466,136,330
108000154,44,5,39
108000155,36,17,19
108000156,750,341,409
108000157,131,839,-708
108000158,85,640,-555
108000159,381,176,205
108000160,1927,938,989
108000161,1518,1828,-310
108000165,5,153,-148
108000172,4,206,-202
108000173,1164,1479,-315
108000175,554,118,436
108000178,376,209,167
108000179,193,742,-549
108000181,47,25,22
108000182,207,94,113
108000183,36,418,-382
108000184,727,1619,-892
108000185,148,326,-178
108000186,324,332,-8
108000187,103,362,-259
108000188,634,155,479
108000189,1294,6753,-5459
108000190,39,87,-48
108000192,167,444,-277
108000193,542,16,526
108000194,24,11,13
108000195,3,682,-679
108000196,165,114,51
108000198,728,246,482
108000199,0,187,-187
108000200,369,345,24
108000203,87,397,-310
108000204,131,62,69
108000205,213,293,-80
108000339,867,307,560
108000364,300,562,-262
108000365,80,259,-179
108000367,220,244,-24
108000368,13,39,-26
108000369,524,206,318
108000371,20,655,-635
108000372,600,11,589
108000373,175,166,9
108000376,91,32,59
108000377,460,189,271
108000378,7332,8123,-791
108000379,16,216,-200
108000381,42,13,29
108000382,174,1,173
108000383,1,186,-185
108900001,76,827,-751
108900002,179,61,118
108900003,257,429,-172
108900004,450,392,58
108900007,316,155,161
108900008,145,142,3
108900009,75,103,-28
108900010,220,139,81
108900011,548,280,268
108900012,283,290,-7
108900013,181,198,-17
108900014,20,93,-73
108900015,0,132,-132
108900016,0,214,-214
108900017,181,350,-169
108900018,127,262,-135
108900019,14,408,-394
108900020,29,114,-85
108900021,121,162,-41
108900022,127,8,119
108900023,8,35,-27
108900024,43,87,-44
108900025,139,83,56
108900026,25,88,-63
108900027,0,69,-69
108900028,72,278,-206
108900029,62,176,-114
108900030,0,59,-59
108900031,120,218,-98
108900032,6,120,-114
108900033,0,97,-97
108900034,1,176,-175
108900035,318,890,-572
108900038,0,173,-173
108900039,2,277,-275
108900040,9,81,-72
108900041,3294,2529,765
108900042,13,312,-299
108900043,59,330,-271
108900044,0,315,-315
108900045,72,336,-264
108900046,28,452,-424
108900047,0,127,-127
108900048,103,613,-510
108900049,1724,1138,586
108900050,0,139,-139
108900051,2,97,-95
108900052,31,130,-99
108900053,64,185,-121
108900054,52,145,-93
108900055,40,240,-200
108900056,0,105,-105
108900057,1,110,-109
108900058,40,191,-151
108900059,362,40,322
108900060,81,138,-57
108900061,72,19,53
108900062,7,180,-173
108900063,22,150,-128
108900064,247,51,196
108900065,19,154,-135
108900066,385,131,254
108900067,8,118,-110
108900068,5,105,-100
108900069,45,60,-15
108900070,28,79,-51
108900071,99,76,23
108900072,1127,454,673
108900073,34,210,-176
108900074,218,246,-28
108900075,44,33,11
108900076,276,58,218
108900077,104,331,-227
108900078,12,94,-82
108900079,610,114,496
108900080,31,529,-498
108900081,39,155,-116
108900082,84,95,-11
108900083,15,188,-173
108900085,1441,128,1313
108900086,124,150,-26
108900087,108,115,-7
108900088,722,258,464
108900089,16,108,-92
108900090,69,217,-148
108900091,65,52,13
108900092,401,240,161
108900093,107,76,31
108900094,220,61,159
108900095,21,223,-202
108900096,231,11,220
108900097,262,169,93
108900098,1391,583,808
108900099,429,167,262
108900100,82,106,-24
108900101,168,175,-7
108900102,68,761,-693
108900103,120,124,-4
108900105,8,974,-966
108900106,432,234,198
108900108,247,52,195
108900109,302,42,260
108900110,200,260,-60
108900111,387,348,39
108900113,39,63,-24
108900114,61,5,56
108900115,28,60,-32
108900116,45,12,33
108900117,187,16,171
108900118,550,20,530
108900119,233,23,210
108900120,245,152,93
108900121,248,98,150
108900122,134,14,120
108900123,135,88,47
108900124,411,151,260
108900125,376,4,372
108900126,80,25,55
108900127,122,21,101
108900128,125,19,106
108900129,615,138,477
108900130,339,0,339
108900131,349,8,341
108900132,498,65,433
108900133,220,52,168
108900134,367,159,208
108900135,139,15,124
108900136,38,2,36
108900137,133,6,127
108900138,764,92,672
108900140,359,160,199
108900141,309,20,289
108900142,98,6,92
108900143,68,0,68
108900144,119,0,119
108900145,205,18,187
108900146,76,0,76
108900147,239,0,239
108900148,63,21,42
108900150,228,6,222
108900151,139,7,132
108900152,204,26,178
108900153,240,195,45
108900154,3677,342,3335
108900156,67,5,62
108900157,22,320,-298
108900158,350,80,270
108900159,3,150,-147
108900160,16,189,-173
108900161,1,280,-279
108900162,176,1,175
108900163,4,190,-186
108900164,65,64,1
108900168,4714,1927,2787
108900169,41,101,-60
108900171,3888,2184,1704
108900172,171,41,130
108900173,110,243,-133
108900174,861,554,307
108900176,87,286,-199
108900177,3072,4035,-963
108900178,2401,2774,-373
108900180,119,220,-101
108900183,169,152,17
108900184,376,169,207
108900185,80,213,-133
108900186,61,285,-224
108900189,258,106,152
108900190,42,1635,-1593
108900192,60,158,-98
108900195,107,181,-74
108900196,33,186,-153
108900199,253,297,-44
108900200,429,383,46
108900201,371,988,-617
108900203,368,126,242
108900204,290,10,280
108900205,160,33,127
108900206,419,93,326
108900207,156,74,82
108900208,29,274,-245
108900209,169,357,-188
108900210,124,127,-3
108900211,159,427,-268
108900212,498,1136,-638
108900215,55,313,-258
108900216,414,265,149
108900217,89,0,89
108900218,79,18,61
108900221,39,143,-104
108900224,51,149,-98
108900225,1,175,-174
108900227,95,254,-159
108900230,151,174,-23
108900232,0,152,-152
108900233,260,56,204
108900234,293,97,196
108900235,147,321,-174
108900236,40,201,-161
108900240,97,62,35
108900241,37,34,3
108900245,12,896,-884
108900250,271,99,172
108900258,10,154,-144
108900259,106,58,48
108900260,17,55,-38
108900261,81,85,-4
108900262,124,148,-24
108900263,19,127,-108
108900264,546,276,270
108900265,504,347,157
108900266,580,599,-19
108900267,4,99,-95
108900268,13,11,2
108900269,116,9,107
108900270,113,7,106
108900271,27,42,-15
108900272,220,9,211
108900273,650,759,-109
108900274,127,56,71
109000001,2237,1473,764
109000002,1112,1609,-497
109000003,2153,391,1762
109000004,439,1451,-1012
109000005,2134,598,1536
109000006,614,1589,-975
109000007,1338,513,825
109000008,485,1313,-828
109000009,2936,1058,1878
109000010,1054,2450,-1396
109000011,2796,1668,1128
109000012,1033,1748,-715
109000013,3027,2209,818
109000014,1529,2004,-475
109000015,3360,5860,-2500
109000016,3742,2323,1419
109000017,2240,1054,1186
109000018,1633,2905,-1272
109000019,2240,1192,1048
109000020,825,1315,-490
109000023,305,46,259
109000024,9,189,-180
109000025,293,387,-94
109000026,597,261,336
109000027,88,322,-234
109000028,135,53,82
109000029,85,146,-61
109000030,105,250,-145
109000031,148,164,-16
109000032,183,804,-621
109000033,269,208,61
109000034,73,67,6
109000035,31,59,-28
109000036,70,225,-155
109000037,218,1078,-860
109000038,341,233,108
109000039,728,573,155
109000040,2484,6509,-4025
109000041,1585,1359,226
109000042,433,917,-484
109000044,393,179,214
109000045,198,299,-101
109000046,300,78,222
109000047,60,302,-242
109000048,971,406,565
109000049,180,373,-193
109000050,410,484,-74
109000051,287,209,78
109000052,435,578,-143
109000053,1077,200,877
109000054,343,275,68
109000055,186,169,17
109000056,368,238,130
109000057,550,488,62
109000058,1419,274,1145
109000059,700,1481,-781
109000060,649,358,291
109000061,699,673,26
109000062,100,298,-198
109000063,186,111,75
109000064,238,120,118
109000065,159,148,11
109000066,368,57,311
109000067,60,206,-146
109000068,2460,15,2445
109000069,822,28,794
109000070,7,1362,-1355
109000071,321,108,213
109000072,118,429,-311
109000073,47,86,-39
109000074,34,135,-101
109000075,58,282,-224
109000076,200,235,-35
109000077,299,279,20
109000078,124,157,-33
109000079,143,105,38
109000080,200,91,109
109000081,130,377,-247
109000082,666,167,499
109000083,229,422,-193
109000088,87,317,-230
109000089,229,49,180
109000090,137,276,-139
109000091,248,175,73
109000092,283,316,-33
109000093,195,181,14
109000094,455,1,454
109000095,86,250,-164
109000096,576,281,295
109000097,94,130,-36
109000098,59,138,-79
109000099,815,223,592
109000100,212,475,-263
109000101,1303,456,847
109000102,291,563,-272
109000103,734,480,254
109000104,1439,450,989
109000105,419,792,-373
109000106,1458,619,839
109000107,588,1215,-627
109000108,1504,453,1051
109000109,405,1102,-697
109000110,961,426,535
109000111,862,1684,-822
109000112,362,87,275
109000113,290,122,168
109000114,125,233,-108
109000115,1010,68,942
109000116,24,469,-445
109000117,197,57,140
109000118,13,268,-255
109000119,1080,195,885
109000120,177,430,-253
109000121,694,73,621
109000122,115,387,-272
109000123,57,152,-95
109000124,535,373,162
109000125,544,260,284
109000126,364,475,-111
109000127,1510,237,1273
109000128,414,820,-406
109000129,1655,588,1067
109000130,666,1365,-699
109000131,1301,986,315
109000132,850,1622,-772
109000133,261,666,-405
109000134,660,984,-324
109000135,803,1259,-456
109000136,240,206,34
109000137,203,353,-150
109000138,379,265,114
109000139,339,348,-9
109000140,209,463,-254
109000141,648,387,261
109000142,156,344,-188
109000143,80,76,4
109000145,122,311,-189
109000146,90,80,10
109000148,2108,1030,1078
109000149,27,39,-12
109000150,144,221,-77
109000155,687,512,175
109000156,857,478,379
109000158,68,213,-145
109000159,76,287,-211
109000160,847,154,693
109000161,290,632,-342
109000162,1452,409,1043
109000163,845,1119,-274
109000164,1176,1922,-746
109000165,1093,395,698
109000166,625,111,514
109000167,117,315,-198
109000170,50,38,12
109000171,105,52,53
109000172,45,47,-2
109000173,31,97,-66
109000174,83,49,34
109000175,114,237,-123
109000176,268,209,59
109000177,23,68,-45
109000178,589,240,349
109000179,2776,3569,-793
109000180,3347,2586,761
109000181,11,10,1
109000182,51,19,32
109000183,48,21,27
109000184,28,9,19
109000185,39,20,19
109000188,315,1019,-704
109000189,1488,745,743
109000190,432,373,59
109000191,298,282,16
109000192,446,143,303
109000193,160,203,-43
109000194,251,80,171
109000195,122,216,-94
109000196,332,82,250
109000197,163,273,-110
109000198,343,52,291
109000199,128,280,-152
109000206,206,24,182
109000207,118,24,94
109000208,79,40,39
109000209,109,109,0
109000210,161,363,-202
109000211,444,337,107
109000214,418,395,23
109000215,129,61,68
109000216,264,235,29
109000217,172,99,73
109000218,241,109,132
109000221,525,757,-232
109000222,915,261,654
109000223,292,258,34
109000224,59,94,-35
109000225,78,24,54
109000226,77,126,-49
109000227,847,649,198
109000228,3,1479,-1476
109000231,1,217,-216
109000232,319,228,91
109000236,231,619,-388
109000241,1935,1491,444
109000242,1714,1090,624
109000293,108,138,-30
109000361,92,176,-84
109000364,128,364,-236
109000396,4,306,-302
109000397,604,21,583
109000399,119,312,-193
109000400,79,197,-118
109000403,111,1209,-1098
109000406,260,6,254
109000407,234,175,59
109000408,1,362,-361
109000410,907,250,657
109000411,235,23,212
109900001,85,0,85
109900002,589,21,568
109900003,190,0,190
109900004,70,8,62
109900005,34,3,31
109900006,289,85,204
109900007,801,377,424
109900008,0,39,-39
109900009,106,316,-210
109900010,493,24,469
109900011,88,26,62
109900012,209,156,53
109900013,261,145,116
109900014,372,76,296
109900015,386,201,185
109900016,158,9,149
109900017,129,167,-38
109900018,200,57,143
109900019,232,42,190
109900020,71,65,6
109900021,50,16,34
109900022,171,138,33
109900023,15,4,11
109900024,32,1,31
109900025,20,47,-27
109900026,2,12,-10
109900027,33,63,-30
109900028,856,942,-86
109900029,2,120,-118
109900030,52,2,50
109900031,0,98,-98
109900032,12,205,-193
109900033,2,368,-366
109900034,60,1,59
109900035,18,22,-4
109900036,18,52,-34
109900037,19,260,-241
109900038,121,214,-93
109900039,12,0,12
109900040,20,394,-374
109900041,35,240,-205
109900042,46,390,-344
109900044,54,173,-119
109900045,236,206,30
109900046,119,62,57
109900047,175,274,-99
109900048,7,77,-70
109900049,15,48,-33
109900050,0,73,-73
109900051,0,40,-40
109900052,61,195,-134
109900053,5,166,-161
109900054,580,178,402
109900055,47,180,-133
109900056,27,136,-109
109900057,7,104,-97
109900058,1,69,-68
109900059,58,11,47
109900060,423,86,337
109900061,55,162,-107
109900062,0,117,-117
109900063,1,33,-32
109900064,463,195,268
109900065,73,124,-51
109900066,293,557,-264
109900067,2,158,-156
109900068,57,3,54
109900069,4,26,-22
109900070,7,16,-9
109900071,1,16,-15
109900072,14,105,-91
109900073,327,223,104
109900074,7,30,-23
109900075,14,30,-16
109900076,26,220,-194
109900077,43,46,-3
109900078,89,185,-96
109900080,127,166,-39
109900081,16,223,-207
109900082,44,208,-164
109900083,18,56,-38
109900084,56,98,-42
109900085,162,363,-201
109900086,112,384,-272
109900087,291,349,-58
109900089,558,153,405
109900090,32,62,-30
109900091,33,4,29
109900092,385,20,365
109900093,716,124,592
109900094,70,76,-6
109900095,104,108,-4
109900096,33,4,29
109900097,74,3,71
109900098,367,32,335
109900099,189,2,187
109900100,58,1,57
109900101,340,10,330
109900102,387,19,368
109900103,18,21,-3
109900104,521,447,74
109900105,451,18,433
109900106,302,56,246
109900107,493,67,426
109900108,103,188,-85
109900109,36,93,-57
109900110,8,14,-6
109900111,183,444,-261
109900112,14,38,-24
109900113,44,43,1
109900114,503,1098,-595
109900115,169,101,68
109900117,707,130,577
109900118,21,28,-7
109900119,46,28,18
109900120,12,3,9
109900121,299,435,-136
109900122,34,1,33
109900123,21,101,-80
109900124,1,21,-20
109900125,0,101,-101
109900126,238,82,156
109900128,24,2,22
109900130,3550,1617,1933
109900131,56,98,-42
109900132,47,119,-72
109900133,6,21,-15
109900134,70,47,23
109900135,279,81,198
109900136,2,11,-9
109900137,126,174,-48
109900140,181,105,76
109900142,85,23,62
109900145,1,47,-46
109900146,22,3,19
109900148,1,9,-8
109900149,58,56,2
109900150,14,70,-56
109900151,4,41,-37
109900152,0,35,-35
109900153,1,70,-69
109900154,62,0,62
109900155,61,34,27
109900157,40,137,-97
109900158,8,19,-11
109900159,108,28,80
109900160,14,12,2
109900161,210,55,155
109900162,152,128,24
109900163,454,163,291
109900164,59,223,-164
109900165,169,3,166
109900166,1,100,-99
109900167,199,285,-86
109900168,185,426,-241
109900169,209,193,16
109900170,155,754,-599
109900171,122,71,51
109900172,149,194,-45
109900173,1663,1855,-192
109900174,52,89,-37
109900175,42,70,-28
109900176,85,109,-24
109900177,32,118,-86
109900178,17,141,-124
109900179,48,15,33
109900180,7,13,-6
110000001,751,434,317
110000002,504,666,-162
110000003,639,607,32
110000004,342,518,-176
110000005,327,1264,-937
110000006,249,284,-35
110000007,92,86,6
110000008,21,64,-43
110000009,38,29,9
110000010,37,37,0
110000011,28,56,-28
110000012,448,255,193
110000013,53,419,-366
110000014,451,344,107
110000015,232,529,-297
110000016,167,1133,-966
110000017,1724,232,1492
110000018,1624,305,1319
110000019,24,81,-57
110000020,546,198,348
110000021,391,362,29
110000022,578,86,492
110000023,6,105,-99
110000024,521,309,212
110000025,291,2,289
110000026,9,198,-189
110000027,495,922,-427
110000028,708,537,171
110000029,483,564,-81
110000030,220,285,-65
110000031,267,332,-65
110000032,520,311,209
110000033,240,92,148
110000034,315,465,-150
110000035,530,380,150
110000036,627,393,234
110000037,167,274,-107
110000038,183,377,-194
110000039,626,2063,-1437
110000040,211,236,-25
110000041,285,1001,-716
110000042,73,317,-244
110000043,563,257,306
110000044,56,294,-238
110000045,357,94,263
110000046,6,42,-36
110000047,49,31,18
110000048,9,29,-20
110000049,26,9,17
110000050,12,32,-20
110000051,15,7,8
110000052,32,47,-15
110000053,31,10,21
110000054,90,272,-182
110000055,202,44,158
110000056,132,77,55
110000057,355,463,-108
110000058,870,318,552
110000059,874,424,450
110000060,763,642,121
110000061,539,541,-2
110000062,540,722,-182
110000063,25,116,-91
110000064,58,42,16
110000065,75,68,7
110000066,63,30,33
110000067,53,93,-40
110000068,185,84,101
110000069,282,73,209
110000071,158,69,89
110000073,16,13,3
110000075,12,67,-55
110000076,231,232,-1
110000077,265,544,-279
110000078,30,23,7
110000080,240,418,-178
110000081,72,191,-119
110000082,41,271,-230
110000083,170,509,-339
110000084,1085,660,425
110000085,1214,1240,-26
110000086,1006,1545,-539
110000087,17,45,-28
110000088,76,176,-100
110000089,192,79,113
110000090,111,145,-34
110000091,739,181,558
110000092,13,50,-37
110000093,50,3,47
110000094,408,165,243
110000095,158,422,-264
110000096,1364,1354,10
110000097,876,1040,-164
110000098,1724,570,1154
110000099,665,1239,-574
110000100,748,312,436
110000101,24,180,-156
110000102,80,44,36
110000104,347,118,229
110000105,85,213,-128
110000106,568,400,168
110000107,219,304,-85
110000108,165,87,78
110000109,188,203,-15
110000110,1840,2936,-1096
110000111,3671,2196,1475
110000112,797,1067,-270
110000113,196,1636,-1440
110000114,157,426,-269
110000115,342,181,161
110000116,39,36,3
110000117,181,221,-40
110000118,320,75,245
110000119,199,223,-24
110000120,310,119,191
110000121,38,249,-211
110000122,367,420,-53
110000123,443,505,-62
110000124,2,623,-621
110000125,857,7,850
110000126,202,20,182
110000127,969,51,918
110000128,29,738,-709
110000129,3,414,-411
110000130,340,144,196
110000131,96,296,-200
110000132,0,461,-461
110000133,22,316,-294
110000134,19,275,-256
110000135,147,30,117
110000136,51,177,-126
110000137,458,376,82
110000138,583,455,128
110000139,746,664,82
110000140,920,570,350
110000143,407,256,151
110000144,4047,1578,2469
110000145,1340,1052,288
110000146,980,532,448
110000147,376,505,-129
110000148,460,141,319
110000151,659,772,-113
110000152,571,345,226
110000153,86,31,55
110000154,13,10,3
110000155,937,3202,-2265
110000156,827,1895,-1068
110000157,872,1896,-1024
110000160,346,194,152
110000161,156,179,-23
110000166,459,120,339
110000167,681,410,271
110000168,791,353,438
110000169,774,309,465
110000170,133,51,82
110000171,496,143,353
110000172,131,517,-386
110000173,828,754,74
110000174,109,575,-466
110000175,616,43,573
110000176,116,240,-124
110000177,153,616,-463
110000178,354,1079,-725
110000179,746,222,524
110000180,155,146,9
110000181,388,317,71
110000182,246,86,160
110000183,5483,4877,606
110000184,255,1722,-1467
110000185,533,463,70
110000186,594,512,82
110000191,947,208,739
110000192,565,12,553
110000193,1011,8,1003
110000194,13,696,-683
110000195,420,181,239
110000196,327,240,87
110000197,91,86,5
110000198,121,45,76
110000199,113,98,15
110000200,762,345,417
110000201,663,771,-108
110000202,1028,504,524
110000203,572,443,129
110000204,2,171,-169
110000205,105,33,72
110000206,516,781,-265
110000207,899,294,605
110000208,134,166,-32
110000209,76,577,-501
110000210,1142,369,773
110000211,596,485,111
110000212,319,799,-480
110000213,183,64,119
110000214,286,138,148
110000215,172,189,-17
110000216,94,190,-96
110000217,278,126,152
110000218,165,200,-35
110000219,296,65,231
110000220,79,149,-70
110000221,314,37,277
110000222,84,132,-48
110000223,3,198,-195
110000224,35,9,26
110000225,225,488,-263
110000226,218,64,154
110000227,674,544,130
110000228,241,136,105
110000229,0,175,-175
110000230,368,387,-19
110000231,138,150,-12
110000232,192,153,39
110000233,186,200,-14
110000234,439,520,-81
110000235,716,730,-14
110000236,402,447,-45
110000237,1519,818,701
110000238,1083,1139,-56
110000239,1484,964,520
110000240,0,48,-48
110000242,0,3,-3
110000243,93,99,-6
110000244,120,278,-158
110000245,42,276,-234
110000246,548,319,229
110000247,783,3151,-2368
110000248,1399,1198,201
110000249,69,12,57
110000250,15,109,-94
110000251,183,265,-82
110000252,167,135,32
110000253,1008,457,551
110000254,420,742,-322
110000255,167,635,-468
110000256,350,244,106
110000257,538,351,187
110000258,10,321,-311
110000259,119,6,113
110000260,23,146,-123
110000263,317,54,263
110000264,179,213,-34
110000265,975,1338,-363
110000266,1280,1931,-651
110000267,30,139,-109
110000268,255,325,-70
110000269,1,42,-41
110000270,84,0,84
110000271,950,174,776
110000272,874,788,86
110000273,1865,1114,751
110000274,170,1131,-961
110000275,1133,402,731
110000276,212,240,-28
110000277,298,226,72
110000278,215,547,-332
110000279,687,610,77
110000280,381,310,71
110000281,42,269,-227
110000282,266,23,243
110000283,50,90,-40
110000284,49,34,15
110000285,3,410,-407
110000286,17,0,17
110000287,41,3,38
110000288,18,65,-47
110000289,367,1479,-1112
110000290,595,470,125
110000291,3017,964,2053
110000292,912,3148,-2236
110000293,478,480,-2
110000294,817,824,-7
110000295,136,512,-376
110000296,357,252,105
110000297,1627,251,1376
110000298,155,389,-234
110000299,223,50,173
110000301,243,19,224
110000302,390,596,-206
110000303,320,6,314
110000304,198,169,29
110000305,949,19,930
110000306,183,733,-550
110000307,1105,4,1101
110000308,379,6,373
110000309,8,446,-438
110000310,637,60,577
110000311,14,392,-378
110000312,351,66,285
110000313,1699,2522,-823
110000314,0,180,-180
110000315,1972,2087,-115
110000316,497,1129,-632
110000317,260,546,-286
110000318,3,52,-49
110000319,15,15,0
110000320,36,25,11
110000321,5,45,-40
110000322,252,219,33
110000323,344,130,214
110000324,2184,1433,751
110000325,1583,2255,-672
110000327,339,272,67
110000328,106,282,-176
110000333,625,526,99
110000334,483,883,-400
110000335,586,289,297
110000336,606,773,-167
110000337,1271,456,815
110000338,380,154,226
110000339,292,146,146
110000340,37,120,-83
110000341,388,365,23
110000342,283,4,279
110000343,0,10,-10
110000344,456,160,296
110000345,508,134,374
110000346,1577,1466,111
110000347,1049,582,467
110000348,20,23,-3
110000349,10,18,-8
110000350,34,6,28
110000351,893,600,293
110000352,663,1202,-539
110000353,1843,560,1283
110000354,949,2369,-1420
110000355,69,49,20
110000356,530,11,519
110000357,306,13,293
110000361,19,49,-30
110000362,62,3,59
110000363,430,118,312
110000364,199,221,-22
110000365,121,2,119
110000366,1,114,-113
110000367,226,134,92
110000368,7,55,-48
110000369,77,6,71
110000373,11,191,-180
110000374,104,17,87
110000375,118,771,-653
110000376,35,68,-33
110000377,87,322,-235
110000378,14,232,-218
110000379,1863,1476,387
110000380,57,8,49
110000383,0,1143,-1143
110000384,1539,1149,390
110000385,0,101,-101
110000387,64,12,52
110000388,37,192,-155
110000389,796,21,775
110000391,551,190,361
110000396,143,130,13
110000397,168,91,77
110000398,7,34,-27
110000399,131,1,130
110000587,85,71,14
110000589,205,145,60
110000640,118,38,80
110000652,9,148,-139
110000653,353,402,-49
110000654,96,473,-377
110000656,2,397,-395
110000674,13,15,-2
110000675,5,12,-7
110000676,7,32,-25
110000679,293,1032,-739
110000682,73,168,-95
110000683,255,367,-112
110000684,1,20,-19
110000685,6,7,-1
110000686,3,17,-14
110000687,15,1,14
110000688,41,648,-607
110000689,50,27,23
110000692,32,96,-64
110000693,68,235,-167
110000694,1,128,-127
110000695,107,380,-273
110000696,48,45,3
110900001,227,23,204
110900002,267,145,122
110900003,611,297,314
110900004,335,118,217
110900005,1530,1742,-212
110900006,60,12,48
110900007,102,29,73
110900008,14,49,-35
110900009,332,105,227
110900010,15,54,-39
110900011,21,74,-53
110900012,15,51,-36
110900013,735,94,641
110900014,234,7,227
110900015,391,486,-95
110900016,48,93,-45
110900017,312,20,292
110900018,340,44,296
110900019,177,12,165
110900020,84,152,-68
110900021,53,279,-226
110900022,100,186,-86
110900023,76,368,-292
110900024,23,202,-179
110900025,1,47,-46
110900027,41,145,-104
110900028,45,99,-54
110900029,10,196,-186
110900030,39,125,-86
110900031,70,118,-48
110900032,0,49,-49
110900033,20,129,-109
110900035,24,314,-290
110900036,72,33,39
110900037,62,10,52
110900038,489,127,362
110900039,14,196,-182
110900040,135,12,123
110900041,33,84,-51
110900042,138,45,93
110900043,5,63,-58
110900044,198,17,181
110900045,44,212,-168
110900046,14,119,-105
110900047,292,267,25
110900049,60,62,-2
110900050,16,4,12
110900051,28,144,-116
110900052,3,88,-85
110900053,95,24,71
110900054,35,113,-78
110900055,19,1,18
110900056,29,71,-42
110900057,4,99,-95
110900058,227,101,126
110900059,423,340,83
110900060,295,84,211
110900061,13,28,-15
110900062,131,143,-12
110900063,39,126,-87
110900064,12,0,12
110900065,262,110,152
110900066,0,55,-55
110900067,200,397,-197
110900068,169,162,7
110900069,6,15,-9
110900070,73,49,24
110900071,155,508,-353
110900073,2,21,-19
110900074,290,94,196
110900075,313,44,269
110900077,624,449,175
110900078,27,38,-11
110900079,1570,1045,525
110900080,110,75,35
110900081,16,39,-23
110900082,116,78,38
110900083,97,39,58
110900084,42,54,-12
110900085,31,152,-121
110900086,52,244,-192
110900087,259,66,193
110900088,15,1,14
110900090,22,35,-13
110900091,0,38,-38
110900093,167,53,114
110900095,30,32,-2
110900097,6,23,-17
110900098,39,56,-17
110900099,33,300,-267
110900100,0,23,-23
110900102,24,14,10
110900105,635,143,492
110900108,16,30,-14
110900111,232,109,123
110900112,679,11,668
110900113,345,41,304
110900115,10,54,-44
110900116,561,1154,-593
110900118,80,2399,-2319
110900119,1968,194,1774
110900120,17,69,-52
110900121,142,1,141
110900122,411,152,259
110900125,331,319,12
110900127,377,1023,-646
110900128,309,399,-90
110900129,282,790,-508
110900130,718,591,127
110900131,167,36,131
110900132,276,41,235
110900133,62,118,-56
110900135,26,172,-146
110900136,267,7,260
110900138,0,0,0
110900139,17,1,16
110900140,2,0,2
110900141,286,315,-29
110900142,56,113,-57
110900143,137,55,82
110900144,4,463,-459
110900145,163,46,117
110900146,212,162,50
110900147,83,234,-151
110900148,5,212,-207
110900149,1,55,-54
110900150,14,16,-2
110900151,5,31,-26
110900152,41,122,-81
110900153,150,37,113
111000001,531,525,6
111000002,634,453,181
111000003,1138,595,543
111000004,346,792,-446
111000005,1125,823,302
111000006,713,1271,-558
111000007,2959,2187,772
111000008,1478,2218,-740
111000009,470,679,-209
111000010,685,223,462
111000011,298,1277,-979
111000012,492,307,185
111000013,401,1005,-604
111000014,974,482,492
111000017,114,792,-678
111000018,205,305,-100
111000020,566,1736,-1170
111000021,82,128,-46
111000023,71,89,-18
111000025,3155,2916,239
111000029,43,95,-52
111000030,22,80,-58
111000031,1526,890,636
111000032,416,254,162
111000033,282,248,34
111000034,135,265,-130
111000037,830,468,362
111000038,2498,1508,990
111000039,1470,1457,13
111000040,1324,1652,-328
111000041,1536,1274,262
111000042,1995,1626,369
111000043,1570,2372,-802
111000044,1668,1104,564
111000045,1903,1974,-71
111000046,1127,1557,-430
111000047,2175,3119,-944
111000049,481,370,111
111000050,1147,939,208
111000051,515,756,-241
111000052,445,1034,-589
111000053,301,666,-365
111000054,309,628,-319
111000055,850,1194,-344
111000056,126,331,-205
111000057,117,403,-286
111000058,423,51,372
111000059,397,270,127
111000060,3138,803,2335
111000061,490,303,187
111000062,782,246,536
111000063,1356,750,606
111000064,644,394,250
111000065,919,655,264
111000066,440,325,115
111000067,456,502,-46
111000068,592,880,-288
111000069,1364,1318,46
111000070,941,818,123
111000071,232,442,-210
111000072,1127,403,724
111000073,328,811,-483
111000074,1247,1285,-38
111000075,925,524,401
111000076,471,415,56
111000077,1640,1548,92
111000078,2629,1093,1536
111000079,1144,571,573
111000080,533,543,-10
111000081,1288,2995,-1707
111000082,692,482,210
111000084,697,483,214
111000085,749,876,-127
111000086,1865,728,1137
111000087,587,493,94
111000088,3401,1790,1611
111000089,658,642,16
111000090,656,1147,-491
111000091,657,366,291
111000092,1176,702,474
111000093,558,832,-274
111000094,1374,790,584
111000095,568,1665,-1097
111000096,1279,5637,-4358
111000097,3395,1432,1963
111000098,732,867,-135
111000099,549,1276,-727
111000100,408,1020,-612
111000101,430,670,-240
111000102,213,395,-182
111000104,468,160,308
111000107,111,551,-440
111000109,523,197,326
111000110,1207,600,607
111000111,2009,384,1625
111000112,1552,558,994
111000113,814,1265,-451
111000114,1945,2700,-755
111000115,3913,897,3016
111000116,782,644,138
111000117,352,640,-288
111000118,1075,580,495
111000119,921,733,188
111000120,402,535,-133
111000121,337,554,-217
111000122,399,790,-391
111000123,902,1660,-758
111000124,392,1649,-1257
111000125,264,944,-680
111000126,125,614,-489
111000127,905,149,756
111000128,1649,238,1411
111000129,2255,360,1895
111000130,1907,481,1426
111000131,1576,475,1101
111000132,1325,612,713
111000133,137,120,17
111000134,137,108,29
111000135,54,97,-43
111000136,330,266,64
111000138,15,8,7
111000140,3,8,-5
111000141,103,363,-260
111000142,7,141,-134
111000143,4,193,-189
111000144,33,812,-779
111000145,1031,16,1015
111000146,161,5,156
111000147,256,20,236
111000148,132,66,66
111000149,4,30,-26
111000150,38,7,31
111000151,0,11,-11
111000153,554,648,-94
111000154,739,152,587
111000155,97,148,-51
111000156,423,544,-121
111000157,262,936,-674
111000158,752,683,69
111000159,2080,759,1321
111000160,431,322,109
111000161,12,242,-230
111000162,99,116,-17
111000163,675,608,67
111000164,474,2346,-1872
111000165,776,350,426
111000166,1542,299,1243
111000167,185,302,-117
111000168,187,360,-173
111000169,284,582,-298
111000170,438,355,83
111000171,379,503,-124
111000172,140,312,-172
111000173,342,706,-364
111000174,206,214,-8
111000175,40,204,-164
111000176,221,91,130
111000177,301,224,77
111000178,1043,281,762
111000179,197,127,70
111000180,212,383,-171
111000181,1089,188,901
111000182,241,154,87
111000183,232,235,-3
111000184,295,188,107
111000185,374,357,17
111000186,234,177,57
111000187,124,155,-31
111000188,231,264,-33
111000189,790,459,331
111000190,233,230,3
111000191,136,192,-56
111000192,151,333,-182
111000193,326,222,104
111000194,49,251,-202
111000195,153,257,-104
111000196,92,105,-13
111000197,401,132,269
111000198,569,73,496
111000199,194,109,85
111000200,376,268,108
111000201,591,221,370
111000202,365,153,212
111000203,370,250,120
111000204,412,1139,-727
111000213,168,387,-219
111000214,1349,987,362
111000215,998,945,53
111000217,1209,677,532
111000218,1055,767,288
111000219,348,192,156
111000220,899,419,480
111000221,519,83,436
111000224,38,224,-186
111000225,366,248,118
111000226,67,4,63
111000227,34,15,19
111000228,16,326,-310
111000229,40,692,-652
111000230,243,231,12
111000231,888,481,407
111000232,444,678,-234
111000233,804,581,223
111000234,123,363,-240
111000239,79,108,-29
111000240,26,218,-192
111000241,19,248,-229
111000242,197,40,157
111000243,175,388,-213
111000244,453,73,380
111000245,933,323,610
111000246,527,265,262
111000247,286,534,-248
111000248,640,299,341
111000249,325,503,-178
111000250,44,59,-15
111000251,47,73,-26
111000253,20,6,14
111000255,43,8,35
111000257,33,22,11
111000260,53,762,-709
111000261,981,85,896
111000271,50,224,-174
111000273,2110,920,1190
111000274,1176,1750,-574
111000275,152,63,89
111000276,220,1141,-921
111000277,144,259,-115
111000278,551,161,390
111000291,777,4301,-3524
111000298,386,167,219
111000299,612,132,480
111000300,113,460,-347
111000302,219,79,140
111000303,102,140,-38
111000312,69,52,17
111000315,10,84,-74
111000320,220,477,-257
111000321,370,141,229
111000322,348,332,16
111000323,241,28,213
111000324,311,171,140
111000325,42,54,-12
111000326,204,238,-34
111000327,508,296,212
111000328,255,356,-101
111000329,0,26,-26
111000330,56,3,53
111000331,20,6,14
111000332,460,1004,-544
111000334,278,876,-598
111000335,1061,185,876
111000337,1067,294,773
111000338,48,78,-30
111000339,545,218,327
111000340,221,352,-131
111000341,1221,566,655
111000342,196,945,-749
111000344,885,574,311
111000345,180,95,85
111000346,24,147,-123
111000347,154,7,147
111000350,201,98,103
111000351,95,310,-215
111000352,169,71,98
111000353,90,216,-126
111000354,452,87,365
111000355,198,481,-283
111000358,132,678,-546
111000360,151,329,-178
111000361,151,195,-44
111000546,588,431,157
111000547,351,269,82
111000548,134,228,-94
111000549,276,206,70
111000550,84,755,-671
111000551,583,202,381
111000552,1192,206,986
111000907,372,22,350
111000908,26,0,26
111000916,1382,267,1115
111000917,34,291,-257
111000918,227,510,-283
111000920,566,21,545
111000921,13,126,-113
111000922,379,244,135
111000924,24,481,-457
111000925,2286,1432,854
111000926,935,1257,-322
111000927,2408,3146,-738
111000928,3243,2100,1143
111000929,1194,934,260
111000930,626,1503,-877
111000931,1689,2214,-525
111000932,3081,1583,1498
111000933,3205,2182,1023
111000934,1604,2393,-789
111000935,1459,865,594
111000936,958,1482,-524
111000937,932,1091,-159
111000938,1185,1152,33
111000939,464,29,435
111000940,393,112,281
111000941,315,257,58
111000943,395,218,177
111000944,160,287,-127
111000945,71,1027,-956
111001109,408,329,79
111001110,143,369,-226
111001111,70,12,58
111001112,77,0,77
111001113,6,156,-150
111001114,569,114,455
111001115,57,543,-486
111001116,3131,2987,144
111001117,472,2035,-1563
111001120,115,220,-105
111001121,153,170,-17
111001122,244,370,-126
111001123,274,77,197
111001124,86,144,-58
111001125,2,115,-113
111001126,8,1,7
111001127,0,25,-25
111001128,367,424,-57
111900001,10,168,-158
111900002,0,437,-437
111900003,2,186,-184
111900004,21,81,-60
111900006,19,31,-12
111900007,117,1,116
111900008,165,3,162
111900009,100,1,99
111900010,276,330,-54
111900012,49,44,5
111900013,7,23,-16
111900014,3296,3486,-190
111900015,0,41,-41
111900016,1,108,-107
111900017,0,63,-63
111900018,149,2,147
111900019,5,86,-81
111900020,4,38,-34
111900021,31,85,-54
111900022,11,57,-46
111900023,97,72,25
111900024,4,68,-64
111900025,0,31,-31
111900026,2,53,-51
111900027,4,96,-92
111900028,2,231,-229
111900029,6,45,-39
111900030,27,259,-232
111900031,0,2,-2
111900032,0,212,-212
111900033,7,38,-31
111900034,256,377,-121
111900035,59,162,-103
111900036,1,183,-182
111900038,228,404,-176
111900039,54,312,-258
111900040,3,342,-339
111900042,24,126,-102
111900043,1,243,-242
111900044,273,114,159
111900046,31,92,-61
111900048,238,417,-179
111900049,29,192,-163
111900050,112,41,71
111900051,3,150,-147
111900052,296,345,-49
111900053,727,1358,-631
111900054,119,6,113
111900055,11,213,-202
111900056,198,290,-92
111900057,141,39,102
111900058,384,388,-4
111900059,1113,457,656
111900060,250,4,246
111900061,7,94,-87
111900062,30,47,-17
111900063,347,232,115
111900064,100,132,-32
111900065,114,27,87
111900066,116,154,-38
111900067,0,223,-223
111900068,55,35,20
111900069,78,34,44
111900070,141,101,40
111900071,0,137,-137
111900072,61,14,47
111900073,726,134,592
111900074,9,104,-95
111900075,80,9,71
111900076,132,44,88
111900077,44,2,42
111900078,261,21,240
111900079,62,33,29
111900080,198,219,-21
111900082,102,42,60
111900083,140,8,132
111900084,61,2,59
111900085,47,109,-62
111900086,49,3,46
111900087,34,0,34
111900088,436,22,414
111900089,94,0,94
111900090,50,31,19
111900091,265,4,261
111900092,86,0,86
111900093,391,6,385
111900094,90,0,90
111900095,229,20,209
111900096,207,2,205
111900097,56,0,56
111900098,258,4,254
111900099,99,0,99
111900100,89,4,85
111900101,88,30,58
111900102,453,357,96
111900103,44,63,-19
111900104,125,39,86
111900105,254,133,121
111900106,535,35,500
111900110,1067,310,757
111900111,183,92,91
111900112,328,2020,-1692
111900113,201,81,120
111900118,258,84,174
111900119,292,128,164
111900122,123,89,34
111900123,16,21,-5
111900124,47,105,-58
111900125,474,37,437
111900126,236,1,235
111900127,2,467,-465
111900128,3,389,-386
111900129,261,8,253
111900130,115,7,108
111900131,477,0,477
111900132,8,549,-541
111900133,7,209,-202
111900134,8,154,-146
111900135,8,26,-18
111900136,67,167,-100
111900137,62,74,-12
111900138,40,54,-14
111900139,17,97,-80
111900140,109,23,86
111900141,59,1,58
111900142,107,25,82
111900143,21,111,-90
111900144,1,83,-82
111900145,0,256,-256
111900146,1,142,-141
111900147,125,249,-124
111900148,34,433,-399
111900149,4,207,-203
111900150,10,111,-101
111900151,6,13,-7
111900152,56,66,-10
111900153,982,587,395
111900154,12,198,-186
111900155,59,70,-11
111900156,48,40,8
111900157,168,11,157
111900158,421,57,364
111900159,265,28,237
111900160,234,2,232
111900161,151,0,151
111900162,88,162,-74
111900163,29,115,-86
111900164,97,61,36
111901113,368,127,241
111901114,134,223,-89
111901115,74,2,72
111901116,17,0,17
111901117,21,24,-3
111901118,52,178,-126
111901119,401,29,372
111901121,101,84,17
111901122,4,251,-247
111901123,159,201,-42
111901124,154,1,153
111901125,354,188,166
111901127,372,301,71
111901128,7,43,-36
111901129,3,74,-71
111901130,11,86,-75
111901131,2,203,-201
111901132,153,43,110
111901133,38,1,37
111901134,91,5,86
111901135,27,5,22
111901136,4,36,-32
111901138,205,36,169
111901139,17,34,-17
111901140,9,53,-44
111901141,8,105,-97
111901142,3,99,-96
111901143,0,78,-78
111901144,33,44,-11
111901145,174,362,-188
111901146,321,21,300
111901147,330,217,113
111901148,8,38,-30
111901149,10,4,6
111901150,17,0,17
111901151,0,0,0
112000001,1435,574,861
112000002,512,1376,-864
112000003,1267,816,451
112000004,576,542,34
112000005,2738,3078,-340
112000006,1545,1086,459
112000007,2942,1997,945
112000008,2122,3329,-1207
112000009,2323,1936,387
112000010,2530,2839,-309
112000011,1258,1236,22
112000012,2694,4112,-1418
112000013,2188,2146,42
112000014,1428,2521,-1093
112000015,1567,2563,-996
112000016,2235,1610,625
112000017,928,2499,-1571
112000024,1554,635,919
112000026,2078,2574,-496
112000027,622,480,142
112000028,881,984,-103
112000029,415,556,-141
112000030,127,64,63
112000031,915,3518,-2603
112000032,168,32,136
112000033,1155,2153,-998
112000034,122,43,79
112000035,57,391,-334
112000036,406,883,-477
112000037,808,587,221
112000038,1189,895,294
112000039,73,73,0
112000040,66,222,-156
112000041,427,350,77
112000042,769,309,460
112000050,1066,1016,50
112000051,912,1294,-382
112000054,1279,1293,-14
112000057,439,263,176
112000058,251,362,-111
112000059,365,635,-270
112000061,2083,1515,568
112000062,1225,754,471
112000063,801,1527,-726
112000064,2840,3674,-834
112000065,1307,1780,-473
112000066,2958,1328,1630
112000067,579,507,72
112000068,2609,2246,363
112000069,482,1179,-697
112000070,1390,737,653
112000071,736,1805,-1069
112000072,1985,643,1342
112000073,1190,1661,-471
112000074,1283,954,329
112000075,1096,1017,79
112000076,2444,1872,572
112000077,537,385,152
112000078,1613,417,1196
112000079,1189,1018,171
112000080,596,508,88
112000081,1227,1709,-482
112000082,1181,746,435
112000083,523,761,-238
112000084,1114,737,377
112000085,978,577,401
112000086,1334,882,452
112000087,432,549,-117
112000088,713,350,363
112000089,211,246,-35
112000090,188,234,-46
112000091,531,621,-90
112000092,1794,817,977
112000093,1356,590,766
112000094,656,696,-40
112000095,561,611,-50
112000096,569,482,87
112000097,1012,554,458
112000098,744,666,78
112000099,574,1400,-826
112000100,1554,717,837
112000101,386,524,-138
112000102,1149,458,691
112000103,302,559,-257
112000105,586,938,-352
112000106,1767,366,1401
112000107,78,120,-42
112000108,266,1065,-799
112000109,192,88,104
112000110,1543,530,1013
112000111,698,2150,-1452
112000112,2606,541,2065
112000113,655,1046,-391
112000114,1702,707,995
112000115,303,335,-32
112000116,448,601,-153
112000117,851,564,287
112000118,691,569,122
112000119,429,500,-71
112000120,80,273,-193
112000121,149,291,-142
112000122,306,152,154
112000123,774,143,631
112000124,379,79,300
112000125,263,184,79
112000126,256,323,-67
112000127,1618,1793,-175
112000128,573,463,110
112000129,145,67,78
112000130,231,65,166
112000131,44,202,-158
112000132,162,197,-35
112000133,285,115,170
112000134,398,320,78
112000135,1231,540,691
112000136,995,921,74
112000137,1202,1261,-59
112000138,948,846,102
112000139,747,537,210
112000140,725,914,-189
112000141,720,328,392
112000142,152,462,-310
112000143,826,189,637
112000144,289,773,-484
112000145,2129,463,1666
112000146,442,1229,-787
112000147,2453,1435,1018
112000148,1356,1311,45
112000149,352,464,-112
112000150,282,383,-101
112000151,296,226,70
112000152,386,273,113
112000153,113,203,-90
112000154,112,170,-58
112000155,124,143,-19
112000157,458,452,6
112000158,243,261,-18
112000159,407,267,140
112000167,280,108,172
112000169,230,407,-177
112000173,650,160,490
112000175,250,214,36
112000176,1823,1431,392
112000177,615,209,406
112000178,69,256,-187
112000179,231,75,156
112000180,209,261,-52
112000181,1028,1068,-40
112000182,1183,940,243
112000183,42,29,13
112000184,402,221,181
112000185,499,413,86
112000187,3228,1914,1314
112000195,93,13,80
112000196,111,1,110
112000197,149,112,37
112000198,35,187,-152
112000199,811,647,164
112000202,444,1,443
112000216,70,180,-110
112000230,91,5,86
112000231,1,156,-155
112000256,67,190,-123
112000313,44,83,-39
112000314,43,28,15
112000337,249,428,-179
112000352,253,272,-19
112000392,1065,1097,-32
112000398,1271,675,596
112000399,1113,1533,-420
112000400,1154,1541,-387
112000401,1818,1639,179
112000402,2258,3017,-759
112000403,953,2500,-1547
112000404,786,770,16
112000405,1659,2414,-755
112000406,2199,1563,636
112000407,6156,6565,-409
112000408,5469,3635,1834
112000409,1614,2891,-1277
112000410,345,324,21
112000411,2404,1331,1073
112000412,1264,523,741
112000413,4977,4553,424
112000414,45,43,2
112000415,75,29,46
112000416,2396,1027,1369
112000417,254,69,185
112000421,42,72,-30
112000422,280,211,69
112000424,1570,1983,-413
112000425,347,565,-218
112000426,112,220,-108
112000427,1,24,-23
112000428,222,234,-12
112000429,1673,1740,-67
112000430,2000,2100,-100
112000431,95,116,-21
112000432,500,804,-304
112000433,252,524,-272
112000437,61,119,-58
112900001,67,1,66
112900002,551,718,-167
112900003,101,303,-202
112900004,33,183,-150
112900005,228,166,62
112900007,57,152,-95
112900008,0,29,-29
112900009,277,85,192
112900010,378,604,-226
112900011,135,161,-26
112900012,0,36,-36
112900013,4,123,-119
112900014,2,134,-132
112900015,309,485,-176
112900016,15,205,-190
112900017,25,120,-95
112900018,231,421,-190
112900019,30,105,-75
112900020,304,858,-554
112900021,5,180,-175
112900022,12,51,-39
112900023,0,131,-131
112900024,17,159,-142
112900025,55,176,-121
112900026,7,141,-134
112900027,7,770,-763
112900028,11,108,-97
112900029,16,400,-384
112900030,80,67,13
112900031,5,311,-306
112900032,142,160,-18
112900034,1,37,-36
112900035,3,303,-300
112900036,27,96,-69
112900037,129,224,-95
112900038,473,122,351
112900039,10,185,-175
112900040,5,293,-288
112900041,419,748,-329
112900042,61,241,-180
112900043,21,80,-59
112900044,334,336,-2
112900045,234,194,40
112900046,122,48,74
112900047,8,13,-5
112900049,226,73,153
112900050,17,327,-310
112900051,165,370,-205
112900052,1,566,-565
112900053,172,73,99
112900054,123,42,81
112900055,117,30,87
112900056,328,145,183
112900057,26,399,-373
112900058,258,335,-77
112900059,104,94,10
112900060,15,105,-90
112900061,68,93,-25
112900062,91,74,17
112900063,126,19,107
112900064,127,197,-70
112900065,25,20,5
112900066,184,188,-4
112900067,245,122,123
112900068,22,29,-7
112900069,1130,633,497
112900071,45,10,35
112900072,149,1695,-1546
112900073,336,117,219
112900074,99,250,-151
112900075,825,725,100
112900076,69,39,30
112900078,288,349,-61
112900079,183,35,148
112900080,102,5,97
112900081,53,211,-158
112900082,495,29,466
112900083,91,126,-35
112900084,214,113,101
112900086,96,3,93
112900087,601,106,495
112900088,158,8,150
112900089,649,50,599
112900090,52,19,33
112900091,241,6,235
112900092,97,300,-203
112900093,1017,26,991
112900095,63,2,61
112900096,492,148,344
112900097,83,260,-177
112900098,68,2,66
112900099,741,22,719
112900100,82,2,80
112900101,314,3,311
112900102,100,13,87
112900103,159,4,155
112900104,493,5,488
112900105,23,0,23
112900106,341,99,242
112900107,9,0,9
112900108,13,0,13
112900109,113,0,113
112900110,1174,26,1148
112900111,598,4,594
112900112,300,0,300
112900113,0,9,-9
112900114,151,20,131
112900115,1265,2,1263
112900116,123,24,99
112900117,104,58,46
112900118,32,97,-65
112900119,148,2,146
112900120,610,233,377
112900121,94,156,-62
112900122,13,74,-61
112900123,117,14,103
112900124,10,63,-53
112900125,37,266,-229
112900126,201,151,50
112900127,323,116,207
112900128,222,475,-253
112900129,1,461,-460
112900130,167,66,101
112900131,34,163,-129
112900132,76,365,-289
112900133,16,853,-837
112900134,0,154,-154
112900135,75,45,30
112900137,0,334,-334
112900138,7,127,-120
112900139,166,720,-554
112900141,578,34,544
112900142,66,158,-92
112900143,25,313,-288
112900144,2,548,-546
112900145,18,274,-256
112900146,12,815,-803
112900147,2,1013,-1011
112900148,43,4,39
112900149,199,340,-141
112900151,30,35,-5
112900152,3300,578,2722
112900153,1503,2039,-536
112900154,3,84,-81
112900155,137,26,111
112900156,243,683,-440
112900157,498,131,367
112900158,63,16,47
112900159,175,101,74
112900160,79,240,-161
112900161,91,66,25
112900162,24,21,3
112900163,68,26,42
112900164,24,190,-166
112900165,55,16,39
112900166,24,46,-22
112900167,9,58,-49
112900168,7,6,1
112900169,11,25,-14
112900170,87,69,18
112900172,45,14,31
112900173,133,78,55
112900174,185,47,138
112900175,99,99,0
112900176,10,56,-46
112900177,226,59,167
112900178,622,2087,-1465
112900179,55,356,-301
112900180,1529,1201,328
112900181,507,4,503
112900182,95,598,-503
112900183,106,224,-118
112900184,347,306,41
112900185,173,464,-291
112900186,810,747,63
112900187,95,442,-347
112900188,478,615,-137
112900189,11,17,-6
112900190,8,53,-45
112900192,484,490,-6
112900193,931,251,680
112900194,66,56,10
112900195,605,46,559
112900196,268,255,13
112900197,123,274,-151
112900199,611,392,219
112900200,427,177,250
112900201,117,62,55
112900202,314,560,-246
112900203,220,154,66
112900204,686,507,179
112900205,12,5,7
112900206,59,101,-42
112900207,16,0,16
112900208,98,313,-215
112900209,438,248,190
112900210,0,8,-8
112900211,68,15,53
112900212,0,112,-112
112900213,63,9,54
112900214,9,7,2
112900215,16,91,-75
112900216,34,43,-9
112900217,0,47,-47
112900218,55,2,53
112900219,98,33,65
112900220,4,0,4
112900221,58,77,-19
112900222,0,23,-23
112900223,742,17,725
112900224,294,262,32
112900225,384,243,141
112900226,145,217,-72
112900227,397,415,-18
112900228,62,22,40
112900229,254,64,190
112900230,4494,2607,1887
112900232,239,208,31
112900233,49,94,-45
112900234,8,57,-49
112900235,116,39,77
112900236,262,8,254
112900237,211,187,24
112900238,4,21,-17
112900239,577,444,133
112900240,4,51,-47
112900241,15,56,-41
112900242,10,77,-67
112900243,8,88,-80
112900244,8,37,-29
112900245,0,25,-25
112900246,1,12,-11
112900247,129,34,95
112900248,4,0,4
112900249,32,4,28
112900250,62,19,43
112900251,61,5,56
112900252,54,20,34
112900253,43,9,34
112900254,12,4,8
112900255,23,34,-11
112900256,4,51,-47
112900257,11,42,-31
112900258,39,23,16
113000001,4559,3236,1323
113000002,3099,2510,589
113000003,1594,1073,521
113000004,1222,1689,-467
113000005,1520,726,794
113000006,910,1060,-150
113000007,1704,879,825
113000008,1136,1373,-237
113000009,983,578,405
113000010,951,1005,-54
113000011,646,1085,-439
113000012,1616,418,1198
113000013,1167,703,464
113000014,1267,1420,-153
113000015,269,132,137
113000016,277,738,-461
113000017,24,284,-260
113000018,339,61,278
113000019,112,223,-111
113000020,409,75,334
113000021,886,422,464
113000022,641,971,-330
113000025,156,431,-275
113000026,371,384,-13
113000027,314,564,-250
113000028,430,545,-115
113000029,717,676,41
113000030,251,435,-184
113000031,204,228,-24
113000032,214,287,-73
113000033,224,429,-205
113000034,269,263,6
113000035,25,22,3
113000036,17,54,-37
113000037,44,37,7
113000038,22,43,-21
113000039,69,224,-155
113000040,47,100,-53
113000042,607,432,175
113000051,644,1857,-1213
113000052,1642,540,1102
113000053,354,298,56
113000054,262,515,-253
113000055,961,529,432
113000056,924,760,164
113000058,575,702,-127
113000059,978,450,528
113000060,231,450,-219
113000061,480,705,-225
113000062,544,256,288
113000063,157,55,102
113000064,48,171,-123
113000065,113,475,-362
113000066,605,84,521
113000067,1800,889,911
113000068,278,691,-413
113000069,425,707,-282
113000070,1928,752,1176
113000071,361,504,-143
113000072,544,340,204
113000073,303,967,-664
113000074,761,291,470
113000075,1572,579,993
113000076,412,1797,-1385
113000077,844,634,210
113000078,560,1499,-939
113000079,472,677,-205
113000080,552,642,-90
113000081,592,613,-21
113000082,791,577,214
113000083,408,739,-331
113000084,1209,930,279
113000085,698,722,-24
113000086,863,805,58
113000087,699,908,-209
113000088,1564,981,583
113000089,793,1261,-468
113000090,231,421,-190
113000091,375,293,82
113000094,994,190,804
113000095,181,616,-435
113000096,140,585,-445
113000097,841,302,539
113000098,126,35,91
113000099,729,287,442
113000100,119,327,-208
113000101,274,467,-193
113000102,497,397,100
113000103,1507,324,1183
113000104,489,1553,-1064
113000105,689,302,387
113000106,256,256,0
113000107,826,692,134
113000108,587,719,-132
113000109,489,1172,-683
113000110,1313,304,1009
113000111,169,470,-301
113000112,325,314,11
113000113,990,312,678
113000114,281,990,-709
113000116,510,250,260
113000117,802,91,711
113000118,105,322,-217
113000119,304,248,56
113000120,67,213,-146
113000121,380,700,-320
113000124,182,111,71
113000125,50,582,-532
113000127,1741,238,1503
113000128,515,387,128
113000129,405,506,-101
113000133,1670,975,695
113000134,5,763,-758
113000135,3316,3532,-216
113000137,1218,2892,-1674
113000139,279,205,74
113000140,105,166,-61
113000141,142,207,-65
113000142,337,814,-477
113000143,219,192,27
113000144,303,473,-170
113000145,45,108,-63
113000146,106,37,69
113000147,133,93,40
113000148,186,109,77
113000149,93,95,-2
113000150,411,256,155
113000151,58,46,12
113000152,30,68,-38
113000153,1064,368,696
113000154,620,1250,-630
113000155,301,470,-169
113000156,120,265,-145
113000157,253,594,-341
113000158,601,159,442
113000159,816,635,181
113000160,604,762,-158
113000161,242,321,-79
113000162,617,257,360
113000163,123,95,28
113000164,35,47,-12
113000166,177,121,56
113000167,42,72,-30
113000168,80,92,-12
113000169,236,51,185
113000170,108,82,26
113000171,41,81,-40
113000172,277,71,206
113000173,87,35,52
113000174,122,369,-247
113000175,418,117,301
113000176,467,194,273
113000177,191,358,-167
113000178,191,240,-49
113000179,250,193,57
113000180,383,835,-452
113000181,1044,654,390
113000182,113,231,-118
113000183,109,494,-385
113000184,14,84,-70
113000189,354,704,-350
113000190,560,410,150
113000192,883,2364,-1481
113000193,2122,2012,110
113000194,962,1035,-73
113000195,1192,1126,66
113000196,146,72,74
113000197,903,980,-77
113000198,53,235,-182
113000199,1017,267,750
113000201,168,337,-169
113000202,2988,605,2383
113000203,135,151,-16
113000204,721,1800,-1079
113000205,10,9,1
113000206,6,30,-24
113000207,39,14,25
113000208,46,54,-8
113000209,6,13,-7
113000210,4,15,-11
113000211,172,240,-68
113000212,98,25,73
113000213,28,112,-84
113000214,149,217,-68
113000234,177,615,-438
113000410,161,191,-30
113000411,1816,3112,-1296
113000412,4576,2082,2494
113000413,1671,2354,-683
113000414,4044,9359,-5315
113000415,1560,2043,-483
113000416,5296,2993,2303
113000417,1488,1861,-373
113000418,3654,2983,671
113000419,1272,1492,-220
113000420,3243,4517,-1274
113000421,3322,5119,-1797
113000422,8415,8153,262
113000423,1473,4202,-2729
113000424,2153,7709,-5556
113000425,4,53,-49
113000428,38,20,18
113000430,3,143,-140
113000432,1699,153,1546
113000433,56,442,-386
113000434,18,141,-123
113000435,20,331,-311
113000436,11,705,-694
113000437,872,25,847
113000438,255,5,250
113000439,16,66,-50
113000440,121,25,96
113000441,208,152,56
113000442,126,111,15
113000443,270,155,115
113000444,152,108,44
113000445,142,92,50
113000446,71,69,2
113000448,179,127,52
113000449,155,528,-373
113000450,378,1339,-961
113000451,1077,155,922
113000452,217,290,-73
113000453,72,344,-272
113000454,359,70,289
113000455,40,311,-271
113000456,2472,2168,304
113000468,1039,106,933
113000469,48,51,-3
113000470,259,14,245
113000471,11,347,-336
113000472,93,251,-158
113000474,659,504,155
113000475,1209,1142,67
113000476,1211,1459,-248
113000477,2985,1630,1355
113000478,2864,3588,-724
113000479,55,125,-70
113000485,0,0,0
113000486,1,0,1
113000487,3,0,3
113000488,0,1,-1
113000489,0,2,-2
113000490,0,11,-11
113000491,3,1,2
113000492,4,3,1
113000493,0,0,0
113000495,169,131,38
113000496,128,83,45
113000499,0,0,0
113900001,4,184,-180
113900002,2,44,-42
113900003,0,37,-37
113900004,0,52,-52
113900005,0,58,-58
113900006,0,24,-24
113900007,8,0,8
113900008,16,0,16
113900009,50,3,47
113900010,60,2,58
113900011,33,1,32
113900012,23,0,23
113900013,165,3,162
113900014,411,0,411
113900015,0,53,-53
113900016,35,0,35
113900017,1,40,-39
113900018,303,217,86
113900019,123,29,94
113900020,111,1,110
113900022,23,1,22
113900023,22,0,22
113900024,71,34,37
113900025,190,9,181
113900026,52,0,52
113900027,5,42,-37
113900028,50,340,-290
113900029,63,135,-72
113900030,227,2,225
113900031,15,1,14
113900032,14,1,13
113900033,99,38,61
113900035,43,1,42
113900036,26,65,-39
113900037,159,385,-226
113900038,53,101,-48
113900039,126,21,105
113900040,5,9,-4
113900041,7,2,5
113900042,50,26,24
113900043,107,67,40
113900044,308,292,16
113900045,57,0,57
113900046,207,459,-252
113900047,49,96,-47
113900048,132,91,41
113900049,460,258,202
113900050,198,272,-74
113900051,140,235,-95
113900052,101,98,3
113900053,529,391,138
113900054,35,9,26
113900055,81,315,-234
113900056,54,113,-59
113900057,33,193,-160
113900058,49,84,-35
113900059,149,219,-70
113900060,99,182,-83
113900061,547,178,369
113900062,84,4,80
113900063,67,56,11
113900064,8,75,-67
113900065,295,11,284
113900066,298,165,133
113900067,138,217,-79
113900068,392,348,44
113900069,34,26,8
113900070,114,286,-172
113900071,61,59,2
113900072,56,106,-50
113900073,221,245,-24
113900074,131,347,-216
113900075,1038,922,116
113900076,141,9,132
113900077,33,122,-89
113900078,35,55,-20
113900079,2,20,-18
113900080,396,140,256
113900081,63,129,-66
113900082,104,154,-50
113900083,258,223,35
113900084,210,93,117
113900085,50,194,-144
113900086,37,18,19
113900087,73,106,-33
113900088,58,102,-44
113900089,269,37,232
113900090,484,238,246
113900091,16,8,8
113900092,30,71,-41
113900093,65,572,-507
113900094,332,263,69
113900095,97,86,11
113900096,223,66,157
113900097,48,46,2
113900098,574,59,515
113900099,0,37,-37
113900100,0,6,-6
113900101,4,63,-59
113900102,98,122,-24
113900103,206,170,36
113900104,88,166,-78
113900105,107,161,-54
113900106,1,29,-28
113900107,4,26,-22
113900108,143,203,-60
113900109,297,138,159
113900110,38,16,22
113900111,165,100,65
113900112,119,68,51
113900113,664,359,305
113900114,1,41,-40
113900115,0,69,-69
113900116,77,108,-31
113900117,73,33,40
113900118,154,264,-110
113900119,128,358,-230
113900120,50,28,22
113900121,85,42,43
113900122,298,1759,-1461
113900123,388,157,231
113900124,1,51,-50
113900125,549,117,432
113900126,88,45,43
113900127,216,522,-306
113900128,121,44,77
113900129,12,131,-119
113900130,0,43,-43
113900131,164,65,99
113900132,44,54,-10
113900133,16,51,-35
113900135,278,192,86
113900136,73,70,3
113900137,304,184,120
113900138,34,128,-94
113900139,203,143,60
113900140,155,221,-66
113900141,460,145,315
113900142,135,46,89
113900143,14,22,-8
113900144,135,198,-63
113900145,332,119,213
113900146,136,38,98
113900148,126,258,-132
113900149,101,64,37
113900150,306,342,-36
113900151,296,153,143
113900152,38,43,-5
113900153,168,356,-188
113900154,6,98,-92
113900155,111,134,-23
113900156,174,278,-104
113900157,35,252,-217
113900158,172,294,-122
113900159,18,247,-229
113900160,447,357,90
113900161,50,250,-200
113900162,289,511,-222
113900163,207,207,0
113900164,193,37,156
113900165,640,271,369
113900166,92,121,-29
113900167,265,48,217
113900168,91,83,8
113900169,159,255,-96
113900171,151,58,93
113900172,4,121,-117
113900173,25,365,-340
113900174,470,405,65
113900175,309,101,208
113900176,216,325,-109
113900177,323,129,194
113900178,336,97,239
113900179,9,267,-258
113900180,117,50,67
113900181,513,115,398
113900182,411,594,-183
113900183,45,75,-30
113900184,7,285,-278
113900185,131,74,57
113900186,26,12,14
113900187,45,106,-61
113900188,43,97,-54
113900189,216,85,131
113900190,221,91,130
113900191,74,144,-70
113900192,4,256,-252
113900193,15,122,-107
113900194,907,727,180
113900195,178,305,-127
113900196,9,120,-111
113900197,1,128,-127
113900198,15,183,-168
113900199,110,440,-330
113900200,2,149,-147
113900201,0,99,-99
113900202,18,246,-228
113900203,0,65,-65
113900204,24,344,-320
113900205,3,101,-98
113900206,4,114,-110
113900207,2,45,-43
113900208,0,45,-45
113900209,1,49,-48
113900210,475,549,-74
113900211,199,67,132
113900212,179,263,-84
113900214,286,325,-39
113900215,170,70,100
113900216,88,471,-383
113900217,46,125,-79
113900218,134,97,37
113900219,92,395,-303
113900220,94,98,-4
113900221,276,172,104
113900222,224,346,-122
113900223,156,564,-408
113900224,69,60,9
113900225,449,149,300
113900226,245,85,160
113900227,272,146,126
113900228,269,391,-122
113900229,41,559,-518
113900230,2441,2264,177
113900231,126,103,23
113900232,52,77,-25
113900233,63,46,17
113900234,206,318,-112
113900235,115,30,85
113900236,155,225,-70
113900237,152,11,141
113900238,151,401,-250
113900239,27,58,-31
113900240,2,143,-141
113900241,83,47,36
113900242,52,114,-62
113900243,67,280,-213
113900244,248,126,122
113900245,806,211,595
113900246,15,16,-1
113900247,92,342,-250
113900248,1633,1103,530
113900249,611,373,238
113900250,42,151,-109
113900251,552,138,414
113900252,469,25,444
113900253,501,44,457
113900254,760,106,654
113900255,345,19,326
113900256,286,24,262
113900257,32,391,-359
113900258,11,197,-186
113900259,405,118,287
113900260,147,7,140
113900261,13,47,-34
113900262,110,322,-212
113900263,147,469,-322
113900264,3,287,-284
113900265,168,210,-42
113900266,60,123,-63
113900267,89,365,-276
113900268,228,298,-70
113900269,70,97,-27
113900270,185,546,-361
113900271,490,630,-140
113900273,9,10,-1
113900274,76,23,53
113900275,23,51,-28
113900276,3,108,-105
113900277,146,5,141
113900278,197,148,49
113900279,104,90,14
113900280,1082,437,645
113900281,487,1040,-553
113900282,554,476,78
113900283,373,448,-75
113900284,581,160,421
113900285,93,32,61
113900286,14,66,-52
113900287,41,28,13
113900288,1,114,-113
113900289,607,93,514
113900290,202,171,31
113900291,91,91,0
113900292,2,5,-3
113900293,9,147,-138
113900294,408,16,392
113900295,362,358,4
113900296,1391,339,1052
113900297,1708,25,1683
113900298,16,1272,-1256
113900299,91,111,-20
113900300,2996,2609,387
113900301,563,337,226
113900302,1709,752,957
113900303,278,333,-55
113900304,1,89,-88
113900305,125,1,124
113900306,53,5,48
113900307,8,0,8
113900308,51,73,-22
113900309,13,454,-441
113900310,13,6,7
113900311,2,5,-3
113900312,162,208,-46
113900313,32,6,26
113900314,0,3,-3
113900315,25,4,21
114000001,716,1629,-913
114000002,313,276,37
114000003,218,629,-411
114000004,236,266,-30
114000005,221,172,49
114000006,1483,1325,158
114000007,491,695,-204
114000008,973,1330,-357
114000009,568,198,370
114000011,2452,1680,772
114000012,2094,1157,937
114000013,1448,1104,344
114000014,454,321,133
114000015,1332,219,1113
114000016,187,213,-26
114000017,73,216,-143
114000018,139,24,115
114000026,1599,917,682
114000027,2569,1642,927
114000028,2027,2088,-61
114000038,171,121,50
114000039,177,126,51
114000040,110,199,-89
114000042,194,106,88
114000043,257,143,114
114000044,279,118,161
114000045,37,55,-18
114000046,1938,3584,-1646
114000047,3,57,-54
114000048,76,98,-22
114000049,1062,1258,-196
114000050,1139,1373,-234
114000051,2011,1457,554
114000052,2494,1743,751
114000053,41,633,-592
114000054,142,638,-496
114000055,143,39,104
114000056,565,755,-190
114000057,3267,1662,1605
114000058,291,1070,-779
114000059,154,225,-71
114000060,394,576,-182
114000061,2169,2264,-95
114000062,1218,1004,214
114000063,1623,1061,562
114000064,3263,2627,636
114000065,1141,1718,-577
114000066,388,591,-203
114000067,27,557,-530
114000068,547,517,30
114000069,685,412,273
114000070,1668,1441,227
114000071,459,341,118
114000072,397,166,231
114000073,10,43,-33
114000074,51,9,42
114000075,68,40,28
114000076,22,57,-35
114000077,15,19,-4
114000078,330,424,-94
114000079,101,22,79
114000080,65,97,-32
114000081,68,83,-15
114000082,52,245,-193
114000083,72,142,-70
114000084,244,83,161
114000085,50,344,-294
114000086,213,200,13
114000087,88,105,-17
114000088,51,32,19
114000089,536,270,266
114000090,663,689,-26
114000091,979,704,275
114000092,671,335,336
114000093,914,458,456
114000094,335,305,30
114000095,271,170,101
114000096,66,166,-100
114000097,83,227,-144
114000098,477,69,408
114000099,607,344,263
114000100,1254,405,849
114000101,375,454,-79
114000102,431,265,166
114000103,176,377,-201
114000104,50,154,-104
114000105,94,50,44
114000106,513,857,-344
114000107,420,117,303
114000108,1364,872,492
114000109,564,1241,-677
114000110,481,877,-396
114000111,1498,581,917
114000112,487,1598,-1111
114000113,1391,472,919
114000114,1031,996,35
114000115,2114,924,1190
114000116,871,1404,-533
114000117,2557,389,2168
114000118,2098,382,1716
114000119,1574,421,1153
114000120,483,510,-27
114000121,401,543,-142
114000122,250,270,-20
114000123,1564,310,1254
114000124,793,206,587
114000125,744,841,-97
114000126,1235,217,1018
114000127,184,108,76
114000128,738,250,488
114000130,400,397,3
114000131,290,74,216
114000132,465,331,134
114000133,554,806,-252
114000134,43,84,-41
114000138,27,121,-94
114000139,354,248,106
114000144,607,453,154
114000145,54,91,-37
114000146,92,146,-54
114000147,1169,1785,-616
114000148,1597,1475,122
114000149,279,228,51
114000150,1015,1095,-80
114000151,1059,1799,-740
114000152,88,29,59
114000153,764,2039,-1275
114000154,703,732,-29
114000155,977,1767,-790
114000156,682,597,85
114000157,266,843,-577
114000158,1140,506,634
114000159,162,374,-212
114000160,70,389,-319
114000161,1113,2344,-1231
114000162,873,1943,-1070
114000163,7,95,-88
114000165,454,303,151
114000166,550,284,266
114000167,2329,1237,1092
114000168,538,412,126
114000169,1231,1139,92
114000170,1114,1084,30
114000171,1084,3017,-1933
114000174,178,302,-124
114000176,311,380,-69
114000177,1261,604,657
114000178,59,38,21
114000179,955,629,326
114000180,373,483,-110
114000181,1210,2930,-1720
114000182,1582,1664,-82
114000183,725,789,-64
114000184,1954,784,1170
114000185,1165,622,543
114000189,885,119,766
114000190,2491,342,2149
114000191,70,75,-5
114000192,117,542,-425
114000193,492,1399,-907
114000194,1162,559,603
114000195,169,24,145
114000196,3,174,-171
114000197,1124,51,1073
114000198,586,257,329
114000199,1522,1374,148
114000200,423,1092,-669
114000201,141,503,-362
114000202,692,410,282
114000203,566,532,34
114000204,150,357,-207
114000205,178,928,-750
114000206,573,1031,-458
114000207,633,896,-263
114000208,328,1373,-1045
114000209,435,1369,-934
114000210,209,936,-727
114000211,844,1413,-569
114000212,504,671,-167
114000213,1074,415,659
114000214,95,160,-65
114000215,172,36,136
114000216,1089,327,762
114000217,324,198,126
114000218,98,195,-97
114000219,995,132,863
114000220,26,711,-685
114000221,663,103,560
114000222,134,718,-584
114000223,480,136,344
114000224,77,390,-313
114000225,255,396,-141
114000226,194,192,2
114000227,856,434,422
114000228,709,567,142
114000229,985,869,116
114000230,1474,898,576
114000231,806,939,-133
114000232,692,143,549
114000233,1954,109,1845
114000234,923,745,178
114000235,879,1048,-169
114000236,1,301,-300
114000237,162,572,-410
114000238,277,192,85
114000239,171,798,-627
114000240,695,636,59
114000241,234,661,-427
114000242,690,624,66
114000243,1491,669,822
114000244,1273,250,1023
114000245,311,658,-347
114000246,113,45,68
114000247,908,501,407
114000248,1243,439,804
114000249,363,511,-148
114000250,417,445,-28
114000251,353,192,161
114000252,60,34,26
114000253,37,112,-75
114000254,24,49,-25
114000255,421,170,251
114000256,813,1561,-748
114000257,496,992,-496
114000258,324,301,23
114000259,164,184,-20
114000260,0,24,-24
114000261,45,43,2
114000262,167,77,90
114000263,11,0,11
114000264,774,331,443
114000265,0,0,0
114000267,5,1542,-1537
114000268,1,884,-883
114000270,138,4,134
114000271,320,33,287
114000283,1137,309,828
114000285,21,147,-126
114000288,75,366,-291
114000289,976,153,823
114000293,149,338,-189
114000294,161,167,-6
114000395,1189,43,1146
114000396,559,478,81
114000402,513,270,243
114000403,252,218,34
114000405,151,301,-150
114000423,364,276,88
114000424,306,162,144
114000425,727,208,519
114000426,288,627,-339
114000427,58,50,8
114000428,144,144,0
114000429,12,118,-106
114000432,81,66,15
114000434,36,53,-17
114000435,0,87,-87
114900001,528,551,-23
114900002,310,57,253
114900003,606,807,-201
114900004,188,322,-134
114900005,602,539,63
114900006,73,43,30
114900007,245,27,218
114900008,130,80,50
114900010,1138,1388,-250
114900011,160,88,72
114900013,222,155,67
114900020,119,73,46
114900025,361,143,218
114900026,83,100,-17
114900029,121,22,99
114900030,197,168,29
114900031,369,38,331
114900032,214,12,202
114900034,38,99,-61
114900035,102,198,-96
114900036,207,335,-128
114900039,331,335,-4
114900040,73,69,4
114900041,592,246,346
114900042,683,310,373
114900044,148,36,112
114900047,174,1482,-1308
114900048,114,197,-83
114900049,23,145,-122
114900050,38,262,-224
114900051,34,251,-217
114900052,27,162,-135
114900053,73,219,-146
114900054,24,94,-70
114900057,203,5,198
114900058,0,40,-40
114900059,51,57,-6
114900063,62,118,-56
114900064,1291,271,1020
114900065,453,564,-111
114900067,81,354,-273
114900068,70,142,-72
114900069,128,78,50
114900070,484,308,176
114900072,4,209,-205
114900073,3,118,-115
114900074,633,420,213
114900075,192,8,184
114900076,6,268,-262
114900080,1168,297,871
114900082,2629,1926,703
114900083,838,823,15
114900090,310,141,169
114900091,140,96,44
114900097,137,6,131
114900098,3,147,-144
114900099,183,16,167
115000001,3933,2399,1534
115000002,3293,3462,-169
115000003,3354,2011,1343
115000004,3527,4651,-1124
115000005,1290,1491,-201
115000006,918,1132,-214
115000007,240,167,73
115000008,331,447,-116
115000009,197,197,0
115000010,242,156,86
115000013,50,173,-123
115000015,55,294,-239
115000016,59,164,-105
115000019,58,416,-358
115000020,101,523,-422
115000021,234,381,-147
115000022,421,297,124
115000023,381,493,-112
115000024,775,397,378
115000025,637,550,87
115000026,110,320,-210
115000027,280,222,58
115000028,153,559,-406
115000029,517,84,433
115000030,581,860,-279
115000031,1120,190,930
115000032,4,247,-243
115000033,183,36,147
115000034,66,797,-731
115000035,832,61,771
115000036,0,296,-296
115000037,447,17,430
115000038,42,185,-143
115000039,2572,2385,187
115000040,3611,2233,1378
115000041,1448,3088,-1640
115000042,575,528,47
115000043,3605,2129,1476
115000044,3068,2791,277
115000045,2217,1063,1154
115000046,2145,2084,61
115000047,2032,1328,704
115000048,1584,1494,90
115000049,1294,2120,-826
115000050,2699,1526,1173
115000051,1403,2486,-1083
115000052,1570,1352,218
115000053,1734,1425,309
115000054,553,877,-324
115000055,149,762,-613
115000056,167,454,-287
115000057,467,1207,-740
115000058,368,279,89
115000059,210,145,65
115000061,101,142,-41
115000062,168,220,-52
115000063,294,204,90
115000064,200,81,119
115000065,53,352,-299
115000067,214,9,205
115000069,71,232,-161
115000070,29,642,-613
115000071,64,7,57
115000072,26,47,-21
115000073,1045,33,1012
115000075,111,47,64
115000076,2430,1921,509
115000077,1685,1374,311
115000078,1039,933,106
115000079,1002,1086,-84
115000080,1942,1423,519
115000081,456,517,-61
115000082,3319,2805,514
115000083,1608,1206,402
115000084,1876,927,949
115000085,663,617,46
115000086,1010,687,323
115000087,382,1057,-675
115000088,1607,649,958
115000089,1202,922,280
115000090,398,750,-352
115000091,198,697,-499
115000092,728,351,377
115000093,480,3,477
115000094,4721,4546,175
115000095,3192,4623,-1431
115000096,778,951,-173
115000097,1006,767,239
115000098,962,551,411
115000099,2238,1779,459
115000100,897,283,614
115000101,363,955,-592
115000102,449,249,200
115000103,242,462,-220
115000105,65,105,-40
115000106,573,232,341
115000107,179,260,-81
115000108,2091,1768,323
115000109,2961,3603,-642
115000110,1096,1325,-229
115000111,533,1121,-588
115000112,519,666,-147
115000113,437,586,-149
115000114,1493,563,930
115000116,3301,1890,1411
115000117,2938,2633,305
115000118,1558,1421,137
115000119,1264,1830,-566
115000120,468,1201,-733
115000121,947,644,303
115000122,2018,1121,897
115000123,1054,1634,-580
115000124,803,788,15
115000125,336,619,-283
115000126,134,305,-171
115000127,333,85,248
115000128,365,662,-297
115000129,212,314,-102
115000130,345,543,-198
115000131,780,216,564
115000132,219,293,-74
115000133,501,256,245
115000134,182,215,-33
115000135,188,119,69
115000136,210,220,-10
115000137,134,120,14
115000138,332,192,140
115000139,235,182,53
115000140,392,165,227
115000141,213,179,34
115000142,152,172,-20
115000143,713,502,211
115000144,527,55,472
115000145,248,202,46
115000146,455,262,193
115000147,337,371,-34
115000148,244,622,-378
115000149,516,199,317
115000150,560,434,126
115000151,943,388,555
115000152,544,630,-86
115000153,815,412,403
115000154,733,240,493
115000155,402,592,-190
115000156,899,627,272
115000157,455,588,-133
115000158,463,368,95
115000159,558,493,65
115000160,347,355,-8
115000161,131,314,-183
115000162,594,683,-89
115000163,412,522,-110
115000164,583,516,67
115000165,280,417,-137
115000167,152,65,87
115000168,470,229,241
115000169,411,264,147
115000170,106,113,-7
115000171,320,265,55
115000172,800,506,294
115000173,257,408,-151
115000174,64,212,-148
115000175,110,99,11
115000176,58,51,7
115000177,38,70,-32
115000178,16,196,-180
115000179,18,22,-4
115000180,97,355,-258
115000181,568,103,465
115000182,630,178,452
115000183,297,576,-279
115000186,560,198,362
115000187,170,532,-362
115000188,375,389,-14
115000189,145,377,-232
115000190,627,283,344
115000191,126,367,-241
115000194,113,113,0
115000195,191,231,-40
115000196,206,68,138
115000197,258,165,93
115000198,304,144,160
115000199,279,101,178
115000200,385,83,302
115000201,168,192,-24
115000206,272,39,233
115000207,116,232,-116
115000208,206,442,-236
115000209,646,216,430
115000210,119,99,20
115000211,166,214,-48
115000212,1046,248,798
115000224,460,42,418
115000225,39,61,-22
115000229,146,112,34
115000230,130,254,-124
115000231,297,960,-663
115000232,1631,193,1438
115000233,105,115,-10
115000234,35,316,-281
115000241,83,174,-91
115000242,106,243,-137
115000243,59,162,-103
115000244,12,108,-96
115000246,56,17,39
115000247,31,22,9
115000248,58,13,45
115000249,19,10,9
115000250,313,32,281
115000251,231,91,140
115000252,51,166,-115
115000253,18,367,-349
115000258,335,115,220
115000259,315,132,183
115000261,42,15,27
115000262,7,18,-11
115000263,12,49,-37
115000264,22,33,-11
115000267,57,54,3
115000268,47,98,-51
115000269,140,49,91
115000270,9,10,-1
115000272,46,133,-87
115000273,320,26,294
115000280,2270,292,1978
115000281,607,1043,-436
115000282,441,533,-92
115000284,224,136,88
115000296,749,4,745
115000297,85,270,-185
115000298,29,531,-502
115000300,160,172,-12
115000302,468,107,361
115000303,579,116,463
115000304,565,59,506
115000305,63,406,-343
115000306,128,222,-94
115000307,85,138,-53
115000308,23,24,-1
115000310,827,503,324
115000311,950,943,7
115000313,114,370,-256
115000314,365,102,263
115000315,652,538,114
115000316,56,77,-21
115000317,133,331,-198
115000318,654,202,452
115000319,45,248,-203
115000320,15,237,-222
115000321,219,8,211
115000322,40,186,-146
115000449,126,148,-22
115000557,2,942,-940
115000558,354,123,231
115000587,389,235,154
115000588,1595,1907,-312
115000589,2879,1905,974
115000590,872,1020,-148
115000591,1156,602,554
115000592,545,1247,-702
115000593,1119,509,610
115000594,635,1920,-1285
115000609,142,191,-49
115000617,979,2207,-1228
115000624,197,66,131
115000633,329,1493,-1164
115000634,2229,649,1580
115000635,607,170,437
115000638,467,468,-1
115000641,30,101,-71
115000642,265,174,91
115000643,76,346,-270
115000644,112,337,-225
115000646,722,1473,-751
115000647,136,423,-287
115000648,1622,1170,452
115000893,2088,1116,972
115000894,131,831,-700
115000895,346,810,-464
115000896,1044,380,664
115000897,440,128,312
115000898,411,169,242
115000899,325,837,-512
115000900,53,319,-266
115000901,45,92,-47
115000912,379,71,308
115000913,5,16,-11
115000915,17,1,16
115000916,5,0,5
115000917,0,3,-3
115000918,61,328,-267
115000919,3,8,-5
115000920,9,50,-41
115000921,402,72,330
115000922,745,653,92
115000923,244,1086,-842
115000925,123,62,61
115000927,32,62,-30
115000933,185,284,-99
115000934,122,152,-30
115000935,111,60,51
115000936,30,507,-477
115000937,747,142,605
115000938,139,226,-87
115000939,157,177,-20
115000940,3,10,-7
115000941,4,17,-13
115000942,12,100,-88
115000943,16,31,-15
115000944,4,6,-2
115900001,108,20,88
115900002,64,69,-5
115900003,209,64,145
115900004,0,42,-42
115900005,209,7,202
115900006,138,163,-25
115900008,91,3,88
115900009,58,121,-63
115900010,309,104,205
115900011,341,156,185
115900012,165,41,124
115900013,251,105,146
115900014,119,110,9
115900015,136,49,87
115900016,131,15,116
115900017,16,14,2
115900018,154,35,119
115900019,61,9,52
115900020,71,2,69
115900021,700,173,527
115900022,936,14,922
115900023,100,4,96
115900025,38,140,-102
115900026,593,145,448
115900027,0,199,-199
115900028,526,43,483
115900029,21,237,-216
115900030,19,35,-16
115900031,248,202,46
115900032,430,511,-81
115900033,0,35,-35
115900034,48,267,-219
115900035,39,11,28
115900036,63,612,-549
115900037,33,246,-213
115900038,39,15,24
115900039,124,163,-39
115900041,353,528,-175
115900042,24,7,17
115900043,74,54,20
115900044,210,209,1
115900046,231,146,85
115900047,143,153,-10
115900049,151,117,34
115900051,1,26,-25
115900052,21,182,-161
115900053,213,133,80
115900054,177,29,148
115900055,26,116,-90
115900056,150,171,-21
115900057,22,11,11
115900058,33,46,-13
115900060,47,66,-19
115900061,164,1,163
115900062,12,193,-181
115900063,60,2,58
115900064,152,210,-58
115900065,111,40,71
115900066,132,128,4
115900067,12,433,-421
115900068,2036,843,1193
115900069,55,97,-42
115900070,148,78,70
115900071,0,237,-237
115900072,37,84,-47
115900073,77,56,21
115900074,3,186,-183
115900075,17,149,-132
115900076,3,37,-34
115900077,5,149,-144
115900078,61,74,-13
115900079,217,11,206
115900080,373,145,228
115900081,15,70,-55
115900082,91,125,-34
115900084,452,9,443
115900085,23,70,-47
115900086,1121,457,664
115900088,2,49,-47
115900089,345,544,-199
115900090,370,4,366
115900091,5,26,-21
115900092,35,121,-86
115900093,13,20,-7
115900094,6,239,-233
115900096,3,17,-14
115900097,14,272,-258
115900098,143,156,-13
115900099,58,46,12
115900100,14,338,-324
115900101,139,137,2
115900102,90,73,17
115900103,268,107,161
115900104,71,76,-5
115900105,231,346,-115
115900106,75,23,52
115900107,71,53,18
115900108,135,29,106
115900109,36,245,-209
115900110,3,20,-17
115900111,2,48,-46
115900112,22,495,-473
115900113,45,22,23
115900114,1,64,-63
115900115,50,138,-88
115900116,76,541,-465
115900117,103,8,95
115900118,0,185,-185
115900119,87,93,-6
115900120,43,233,-190
115900121,132,141,-9
115900124,232,529,-297
115900125,329,56,273
115900126,548,76,472
115900127,592,47,545
115900128,6,67,-61
115900129,501,37,464
115900130,15,208,-193
115900131,177,29,148
115900132,471,5,466
115900134,267,14,253
115900135,318,783,-465
115900137,23,5,18
115900139,34,52,-18
115900140,239,19,220
115900141,4,34,-30
115900142,1,20,-19
115900143,223,262,-39
115900144,118,183,-65
115900146,9,40,-31
115900147,229,184,45
115900148,52,11,41
115900149,71,14,57
115900150,88,20,68
115900151,17,102,-85
115900152,68,197,-129
115900153,93,143,-50
115900154,237,326,-89
115900155,1,26,-25
115900156,557,665,-108
115900157,153,324,-171
115900158,17,7,10
115900159,93,168,-75
115900160,19,11,8
115900161,43,116,-73
115900163,131,83,48
115900164,398,13,385
115900166,104,98,6
115900168,68,101,-33
115900171,57,245,-188
115900172,62,116,-54
115900173,216,102,114
115900174,168,221,-53
115900175,82,164,-82
115900178,5,368,-363
115900179,236,11,225
115900180,37,67,-30
115900181,169,107,62
115900182,401,115,286
115900183,34,31,3
115900184,1040,8,1032
115900187,15,112,-97
115900189,1,171,-170
115900190,86,862,-776
115900191,42,213,-171
115900192,6,97,-91
115900193,300,80,220
115900194,582,60,522
115900195,445,1595,-1150
115900198,149,271,-122
115900199,192,150,42
115900200,186,220,-34
115900201,501,350,151
115900202,1,91,-90
115900203,7,13,-6
115900204,2,13,-11
115900205,43,17,26
115900206,185,130,55
115900207,58,16,42
115900208,86,124,-38
115900209,6,151,-145
115900210,2,117,-115
115900211,2,125,-123
115900212,114,174,-60
115900213,79,62,17
115900214,473,139,334
115900215,19,158,-139
115900216,4,79,-75
115900217,4,25,-21
115900218,13,23,-10
115900219,109,6,103
115900220,182,8,174
115900221,96,7,89
115900222,47,31,16
115900223,7,391,-384
115900224,555,935,-380
115900225,58,44,14
115900226,18,27,-9
115900227,5,27,-22
115900228,16,38,-22
115900229,7,36,-29
115900230,42,81,-39
115900231,112,1,111
115900232,49,2,47
115900233,74,24,50
115900234,41,15,26
115900235,20,31,-11
115900236,25,30,-5
115900237,22,19,3
115900238,15,19,-4
115900239,19,23,-4
115900240,11,29,-18
115900241,172,69,103
115900242,174,266,-92
115900243,12,6,6
115900244,14,11,3
115900245,61,11,50
115900246,7,15,-8
115900247,42,16,26
115900248,11,5,6
115900249,9,9,0
115900250,3,22,-19
115900251,2,12,-10
115900252,3,2,1
115900253,13,13,0
115900254,2,25,-23
115900255,1,14,-13
115900256,27,53,-26
115900257,9,9,0
115900258,0,3,-3
115900259,6,0,6
115900260,11,1,10
115900261,7,3,4
115900262,0,3,-3
115900263,20,4,16
115900264,12,2,10
115900265,1,9,-8
115900266,3,17,-14
115900267,13,12,1
115900268,7,11,-4
115900269,372,290,82
115900270,293,178,115
115900271,104,0,104
115900272,24,12,12
115900273,6,24,-18
115900274,5,7,-2
115900275,2,10,-8
115900276,1,12,-11
115900277,0,35,-35
115900278,38,77,-39
115900279,20,165,-145
115900280,12,391,-379
115900281,313,234,79
115900282,12,11,1
115900283,13,14,-1
115900284,15,5,10
116000001,6277,2843,3434
116000002,3850,8261,-4411
116000003,1214,1097,117
116000004,2122,2917,-795
116000005,1625,2334,-709
116000006,2098,2365,-267
116000007,1660,2250,-590
116000008,2962,1902,1060
116000009,1232,1448,-216
116000010,1850,1313,537
116000011,701,1332,-631
116000012,1330,928,402
116000013,5369,2647,2722
116000014,7094,9107,-2013
116000015,168,1066,-898
116000016,4113,2666,1447
116000017,25,633,-608
116000018,549,215,334
116000019,549,260,289
116000020,493,520,-27
116000021,347,271,76
116000022,383,304,79
116000023,953,517,436
116000024,611,688,-77
116000025,676,638,38
116000026,1420,2035,-615
116000027,414,518,-104
116000028,430,695,-265
116000029,465,534,-69
116000030,765,364,401
116000031,140,295,-155
116000032,332,140,192
116000033,324,375,-51
116000034,547,684,-137
116000035,337,533,-196
116000036,1311,1129,182
116000037,494,422,72
116000038,316,499,-183
116000039,532,410,122
116000040,593,318,275
116000041,145,386,-241
116000042,604,277,327
116000043,75,504,-429
116000044,17,82,-65
116000045,1554,1041,513
116000046,824,1269,-445
116000047,1288,1564,-276
116000048,1641,1549,92
116000049,1109,2946,-1837
116000050,1239,1008,231
116000051,4678,2638,2040
116000052,4245,4269,-24
116000053,1448,687,761
116000054,686,2227,-1541
116000055,629,671,-42
116000056,863,953,-90
116000057,2201,1478,723
116000058,2841,2651,190
116000059,2943,3828,-885
116000060,1843,914,929
116000061,496,826,-330
116000062,576,264,312
116000063,541,969,-428
116000066,189,475,-286
116000067,153,299,-146
116000068,201,220,-19
116000069,236,300,-64
116000078,521,918,-397
116000080,1480,674,806
116000082,11,67,-56
116000083,1519,372,1147
116000084,1509,2750,-1241
116000085,1951,1593,358
116000086,1436,972,464
116000087,1965,1399,566
116000088,598,658,-60
116000089,186,66,120
116000090,103,142,-39
116000091,331,253,78
116000093,461,187,274
116000094,412,423,-11
116000095,595,360,235
116000096,587,1032,-445
116000097,799,527,272
116000098,111,4610,-4499
116000099,3881,246,3635
116000100,193,16,177
116000101,744,617,127
116000102,231,779,-548
116000103,417,242,175
116000104,196,764,-568
116000105,930,123,807
116000106,712,830,-118
116000107,2948,258,2690
116000108,210,145,65
116000111,115,54,61
116000113,97,121,-24
116000114,26,118,-92
116000115,302,90,212
116000116,222,309,-87
116000117,1067,1176,-109
116000118,979,787,192
116000119,2684,1672,1012
116000120,2395,2301,94
116000121,706,524,182
116000122,911,1077,-166
116000123,928,374,554
116000124,312,522,-210
116000125,1812,484,1328
116000126,231,1039,-808
116000127,803,823,-20
116000128,1735,701,1034
116000129,763,153,610
116000130,440,303,137
116000133,916,604,312
116000134,1438,1260,178
116000135,2136,1218,918
116000136,860,1348,-488
116000137,999,523,476
116000138,701,468,233
116000139,1234,1924,-690
116000140,124,175,-51
116000141,234,402,-168
116000142,2425,1851,574
116000143,1650,1414,236
116000144,1228,1446,-218
116000145,1438,885,553
116000146,440,139,301
116000147,148,92,56
116000148,443,407,36
116000149,581,465,116
116000151,495,333,162
116000153,89,236,-147
116000155,184,201,-17
116000156,297,634,-337
116000157,99,8,91
116000158,327,238,89
116000159,19,8,11
116000160,13,53,-40
116000161,3,53,-50
116000162,85,90,-5
116000163,38,8,30
116000164,8,20,-12
116000177,305,93,212
116000194,100,317,-217
116000195,1274,497,777
116000196,11,7,4
116000197,11,14,-3
116000198,2030,819,1211
116000200,569,428,141
116000201,582,493,89
116000202,7,241,-234
116000203,5,79,-74
116000204,4,53,-49
116000205,0,124,-124
116000206,14,110,-96
116000207,17,40,-23
116000233,152,242,-90
116000287,146,288,-142
116000288,238,173,65
116000292,38,77,-39
116000296,13,150,-137
116000297,110,22,88
116000304,137,23,114
116000305,26,46,-20
116000346,129,54,75
116000352,60,15,45
116000354,27,10,17
116000357,5,21,-16
116000358,345,43,302
116000361,283,3,280
116000372,3246,3150,96
116000381,85,0,85
116000388,2,36,-34
116000389,681,441,240
116000445,431,374,57
116000446,615,419,196
116000447,15,500,-485
116000448,432,148,284
116000563,855,675,180
116000565,45,261,-216
116000568,55,142,-87
116000579,30,109,-79
116000584,12,9,3
116000585,40,35,5
116000586,62,75,-13
116000587,404,443,-39
116000589,17,60,-43
116000590,69,97,-28
116000591,267,196,71
116000592,10,86,-76
116000593,0,37,-37
116000594,520,294,226
116000595,484,86,398
116000596,85,4,81
116000597,307,146,161
116000598,16,137,-121
116000605,220,125,95
116000606,63,272,-209
116000607,2,26,-24
116000609,144,709,-565
116000611,114,377,-263
116000612,696,1420,-724
116000613,494,337,157
116000614,360,360,0
116000615,3,280,-277
116000616,55,37,18
116000617,83,40,43
116000618,5,36,-31
116000619,32,47,-15
116000620,142,415,-273
116000621,53,106,-53
116000622,46,135,-89
116000624,184,75,109
116000627,78,25,53
116000628,59,201,-142
116000629,33,152,-119
116000630,303,38,265
116000631,149,69,80
116000632,636,49,587
116000633,139,167,-28
116000634,242,100,142
116000635,2193,1793,400
116000636,663,1195,-532
116000637,355,64,291
116000638,108,231,-123
116000639,77,1,76
116000640,15,23,-8
116000641,24,89,-65
116000643,1,121,-120
116000644,22,292,-270
116000645,24,6,18
116900001,184,139,45
116900002,213,4,209
116900003,32,35,-3
116900004,47,60,-13
116900005,245,65,180
116900006,100,152,-52
116900007,106,125,-19
116900008,358,165,193
116900009,28,4,24
116900010,8,717,-709
116900011,22,21,1
116900012,204,149,55
116900013,4,75,-71
116900014,113,116,-3
116900015,504,74,430
116900016,224,3,221
116900017,2,325,-323
116900019,2,166,-164
116900020,614,786,-172
116900023,232,12,220
116900024,633,119,514
116900025,912,480,432
116900026,57,358,-301
116900027,66,62,4
116900028,8,80,-72
116900029,4,31,-27
116900031,4,0,4
116900032,12,209,-197
116900033,22,27,-5
116900034,12,46,-34
116900035,100,148,-48
116900036,5,106,-101
116900038,26,2,24
116900041,18,7,11
116900042,379,166,213
116900043,19,38,-19
116900047,16,105,-89
116900049,20,210,-190
116900050,96,321,-225
116900051,136,102,34
116900052,133,72,61
116900055,1,10,-9
116900057,23,129,-106
116900058,28,229,-201
116900059,0,94,-94
116900060,144,150,-6
116900062,0,12,-12
116900064,63,386,-323
116900065,26,55,-29
116900067,81,50,31
116900068,104,144,-40
116900070,2,3,-1
116900072,28,256,-228
116900073,12,80,-68
116900074,5,20,-15
116900076,25,69,-44
116900077,12,95,-83
116900078,201,78,123
116900079,33,132,-99
116900080,2,25,-23
116900081,264,672,-408
116900082,186,751,-565
116900083,50,25,25
116900084,98,60,38
116900085,32,107,-75
116900086,48,130,-82
116900088,216,53,163
116900090,127,72,55
116900091,289,21,268
116900092,85,508,-423
116900093,1373,1420,-47
116900094,2520,2683,-163
116900095,181,69,112
116900096,84,240,-156
116900097,1880,2102,-222
116900098,675,365,310
116900099,518,382,136
116900100,739,26,713
116900101,255,339,-84
116900103,4,0,4
116900104,74,59,15
116900105,150,106,44
116900106,1429,100,1329
116900107,2027,1871,156
116900110,10,1,9
116900111,560,288,272
116900112,294,613,-319
116900113,757,952,-195
116900116,69,528,-459
116900117,169,88,81
116900118,495,627,-132
116900120,274,42,232
116900121,190,11,179
116900122,712,406,306
116900123,157,478,-321
116900124,144,610,-466
116900125,306,162,144
116900126,98,377,-279
116900128,0,29,-29
116900129,0,246,-246
116900130,364,2578,-2214
116900131,90,251,-161
116900132,37,79,-42
116900133,127,129,-2
116900134,164,209,-45
116900136,202,137,65
116900137,218,129,89
116900138,151,102,49
116900139,101,282,-181
116900140,167,131,36
116900141,649,308,341
116900142,2,71,-69
116900143,276,269,7
116900144,20,58,-38
116900145,70,129,-59
116900147,351,396,-45
116900148,5,29,-24
116900149,49,206,-157
116900150,9,8,1
116900151,45,11,34
116900153,102,51,51
116900154,306,497,-191
116900155,47,51,-4
116900157,477,169,308
116900158,111,204,-93
116900159,94,204,-110
116900160,566,675,-109
116900161,3475,4767,-1292
116900163,151,110,41
116900164,88,60,28
116900165,216,263,-47
116900166,18,77,-59
116900167,374,36,338
116900168,320,46,274
116900169,430,545,-115
116900170,280,551,-271
116900171,43,34,9
116900172,119,275,-156
116900173,137,30,107
116900174,46,41,5
116900175,124,164,-40
116900178,37,81,-44
116900179,88,247,-159
116900180,59,19,40
116900182,356,179,177
116900183,152,89,63
116900185,38,73,-35
116900186,34,96,-62
116900187,56,36,20
116900188,111,23,88
116900189,41,0,41
116900191,335,557,-222
116900192,243,111,132
116900194,220,1284,-1064
116900195,43,36,7
116900196,58,135,-77
116900197,142,4,138
116900198,115,173,-58
116900200,76,38,38
116900201,74,6,68
116900202,87,98,-11
116900203,96,1,95
116900204,58,80,-22
116900206,17,15,2
116900207,22,22,0
116900208,12,80,-68
116900209,14,64,-50
116900210,422,204,218
116900211,156,1,155
116900212,31,66,-35
116900213,217,104,113
116900214,176,96,80
116900215,41,53,-12
116900216,214,170,44
116900218,6,147,-141
116900219,878,289,589
116900220,105,184,-79
116900221,111,281,-170
116900222,350,255,95
116900223,96,225,-129
116900226,84,31,53
116900227,126,70,56
116900228,365,113,252
116900230,54,489,-435
116900231,62,398,-336
116900232,626,99,527
116900233,600,418,182
116900234,12,1,11
116900235,469,316,153
116900238,1160,231,929
116900239,19,614,-595
116900240,3135,2731,404
116900241,59,72,-13
116900242,555,521,34
116900243,0,30,-30
116900245,39,20,19
116900246,119,18,101
116900247,681,17,664
116900248,79,25,54
116900249,279,68,211
116900250,316,46,270
116900251,438,467,-29
116900252,195,835,-640
116900254,310,333,-23
116900255,108,42,66
116900256,366,77,289
116900257,38,279,-241
116900258,3,137,-134
116900259,233,9,224
116900260,1,63,-62
116900261,56,3,53
116900262,177,133,44
116900263,0,8,-8
116900264,84,32,52
116900265,60,0,60
116900266,8,21,-13
116900267,2,1,1
116900268,142,136,6
116900269,244,468,-224
116900271,779,190,589
116900272,299,175,124
116900273,140,85,55
116900274,77,51,26
116900275,174,134,40
116900276,264,154,110
116900277,285,40,245
116900278,7,5,2
116900279,2,18,-16
116900280,36,14,22
116900281,3556,3224,332
116900282,12,64,-52
116900283,9,79,-70
116900284,14,148,-134
116900285,166,186,-20
116900286,190,12,178
116900287,20,39,-19
116900288,71,83,-12
116900289,14,5,9
116900290,6,6,0
116900291,19,15,4
116900292,0,9,-9
116900293,39,27,12
116900294,15,82,-67
116900295,120,72,48
116900296,49,89,-40
116900297,5,120,-115
116900298,75,64,11
116900299,14,62,-48
116900300,4,66,-62
116900301,51,103,-52
116900302,34,66,-32
116900303,153,36,117
116900304,0,131,-131
116900305,24,31,-7
116900306,154,108,46
116900307,71,2,69
116900308,0,71,-71
116900309,93,77,16
116900310,34,54,-20
117000001,1545,1183,362
117000002,1574,2845,-1271
117000003,5330,2512,2818
117000004,2593,3684,-1091
117000005,1946,1628,318
117000006,1016,2382,-1366
117000007,3197,1004,2193
117000008,922,2497,-1575
117000009,3801,1639,2162
117000010,2005,2669,-664
117000011,1667,1351,316
117000012,980,836,144
117000013,1511,684,827
117000014,849,1561,-712
117000015,1984,937,1047
117000016,257,103,154
117000017,193,118,75
117000018,134,444,-310
117000019,80,14,66
117000020,363,932,-569
117000021,1039,523,516
117000022,237,158,79
117000023,253,203,50
117000024,168,243,-75
117000025,395,1056,-661
117000026,1666,1144,522
117000027,1224,3347,-2123
117000028,2291,1307,984
117000030,371,325,46
117000031,389,233,156
117000032,1062,1024,38
117000033,965,556,409
117000034,384,207,177
117000035,354,303,51
117000036,384,246,138
117000037,280,240,40
117000038,183,530,-347
117000039,375,191,184
117000040,225,641,-416
117000041,936,148,788
117000044,16,581,-565
117000045,454,63,391
117000046,365,811,-446
117000047,1107,536,571
117000048,1319,715,604
117000049,93,448,-355
117000050,122,1252,-1130
117000051,1869,136,1733
117000052,46,235,-189
117000053,507,55,452
117000054,1446,7,1439
117000055,85,1956,-1871
117000056,552,30,522
117000057,567,1653,-1086
117000060,403,791,-388
117000061,1298,669,629
117000062,208,467,-259
117000063,1440,851,589
117000064,524,499,25
117000066,623,709,-86
117000067,139,453,-314
117000074,110,166,-56
117000076,73,37,36
117000077,127,164,-37
117000078,160,570,-410
117000079,408,188,220
117000080,2,246,-244
117000081,1031,86,945
117000082,9,87,-78
117000083,613,202,411
117000084,124,0,124
117000085,205,620,-415
117000086,614,434,180
117000087,106,366,-260
117000088,215,144,71
117000089,1475,189,1286
117000090,268,819,-551
117000091,752,204,548
117000092,326,821,-495
117000093,1052,681,371
117000094,1159,2038,-879
117000095,3031,744,2287
117000096,553,1578,-1025
117000097,1308,1018,290
117000098,1936,2714,-778
117000099,3135,1070,2065
117000100,186,276,-90
117000101,195,666,-471
117000102,1529,553,976
117000103,604,988,-384
117000104,1204,529,675
117000105,780,1056,-276
117000106,1083,654,429
117000107,439,1141,-702
117000108,1526,697,829
117000109,1047,1503,-456
117000110,1388,842,546
117000111,2634,3081,-447
117000112,2697,1280,1417
117000113,90,129,-39
117000114,191,103,88
117000115,81,52,29
117000116,135,183,-48
117000117,1061,893,168
117000118,212,121,91
117000119,106,165,-59
117000120,177,428,-251
117000121,64,871,-807
117000122,345,621,-276
117000123,1090,24,1066
117000124,400,63,337
117000125,215,142,73
117000126,56,25,31
117000127,125,239,-114
117000128,338,602,-264
117000129,330,660,-330
117000130,112,1,111
117000131,1,70,-69
117000132,2369,55,2314
117000133,1396,24,1372
117000134,2,54,-52
117000135,0,58,-58
117000136,1,24,-23
117000137,102,131,-29
117000138,2,544,-542
117000140,449,1124,-675
117000141,1591,516,1075
117000181,365,202,163
117000182,389,514,-125
117000195,163,675,-512
117000196,192,144,48
117000225,86,19,67
117000226,13,114,-101
117000276,232,15,217
117000277,0,216,-216
117000310,1089,1632,-543
117000315,40,508,-468
117000320,75,1,74
117000906,288,9,279
117000907,14,228,-214
117000909,66,46,20
117000910,214,175,39
117000911,107,167,-60
117000915,9,402,-393
117000916,33,5,28
117000917,1049,37,1012
117000918,98,56,42
117000919,9,66,-57
117000920,4,793,-789
117000921,3,749,-746
117000922,25,91,-66
117000924,377,641,-264
117000926,495,96,399
117000927,938,766,172
117000928,0,109,-109
117000929,239,212,27
117000930,283,19,264
117000931,250,144,106
117900002,60,340,-280
117900003,491,270,221
117900005,1,49,-48
117900006,0,33,-33
117900007,104,96,8
117900008,0,22,-22
117900010,201,73,128
117900011,25,100,-75
117900012,57,57,0
117900013,1,115,-114
117900014,482,85,397
117900015,16,84,-68
117900016,786,742,44
117900017,519,272,247
117900018,147,142,5
117900019,325,199,126
117900020,52,396,-344
117900021,36,56,-20
117900023,662,74,588
117900024,56,62,-6
117900025,55,16,39
117900026,325,186,139
117900028,40,4,36
117900029,186,452,-266
117900031,97,89,8
117900032,608,440,168
117900033,197,359,-162
117900034,48,30,18
117900035,108,127,-19
117900036,245,248,-3
117900037,157,52,105
117900038,38,207,-169
117900039,1,37,-36
117900040,144,271,-127
117900041,5,26,-21
117900042,2405,232,2173
117900043,33,29,4
117900044,5,2344,-2339
117900045,173,127,46
117900048,283,274,9
117900049,164,327,-163
117900050,29,75,-46
117900051,27,1,26
117900052,54,248,-194
117900053,1362,526,836
117900054,3,25,-22
117900055,208,127,81
117900056,137,48,89
117900057,908,1029,-121
117900058,51,24,27
117900059,256,74,182
117900060,2252,4016,-1764
117900061,21,132,-111
117900063,330,115,215
117900065,726,1015,-289
117900066,5,93,-88
117900067,444,116,328
117900069,624,203,421
117900070,124,32,92
117900071,83,120,-37
117900073,396,184,212
117900074,73,37,36
117900075,68,79,-11
117900076,28,70,-42
117900077,379,105,274
117900078,254,718,-464
117900080,117,38,79
117900081,444,281,163
117900082,368,319,49
117900083,262,246,16
117900086,134,19,115
117900087,151,33,118
117900088,2790,1550,1240
117900089,1675,571,1104
117900090,408,351,57
117900091,91,142,-51
117900092,50,24,26
117900093,71,35,36
117900094,31,21,10
117900095,297,406,-109
117900096,90,164,-74
117900097,184,64,120
117900098,23,12,11
117900099,125,170,-45
117900100,178,1,177
117900101,410,1408,-998
117900102,51,28,23
117900103,54,0,54
117900104,17,105,-88
117900105,132,160,-28
117900106,164,33,131
117900107,26,0,26
117900109,435,319,116
117900110,130,2,128
117900111,287,20,267
117900112,51,4,47
117900113,1742,1323,419
117900114,13,0,13
117900115,185,64,121
117900116,624,626,-2
117900117,434,219,215
117900118,73,0,73
117900119,156,114,42
117900120,193,63,130
117900121,68,14,54
117900122,993,2597,-1604
117900123,546,277,269
117900124,706,541,165
117900125,1524,1744,-220
117900126,228,383,-155
117900127,421,291,130
117900128,318,408,-90
117900129,53,0,53
117900130,635,313,322
117900131,1,123,-122
117900132,22,92,-70
117900133,9,76,-67
117900134,43,180,-137
117900135,20,122,-102
117900136,0,18,-18
117900137,21,214,-193
117900138,0,38,-38
117900139,130,93,37
117900140,2451,243,2208
117900141,138,113,25
117900142,106,57,49
117900144,54,126,-72
117900145,15,54,-39
117900146,151,138,13
117900147,73,35,38
117900148,1613,1111,502
117900149,176,168,8
117900150,37,27,10
117900151,30,53,-23
117900152,78,64,14
117900153,25,70,-45
117900154,300,378,-78
117900156,779,563,216
117900157,49,471,-422
117900158,205,105,100
117900160,503,593,-90
117900161,2044,1552,492
117900162,319,350,-31
117900163,33,141,-108
117900165,0,13,-13
117900166,116,469,-353
117900168,42,137,-95
117900169,14,99,-85
117900170,1,36,-35
117900171,2,27,-25
117900172,20,48,-28
117900173,124,56,68
117900174,42,66,-24
117900175,10,21,-11
117900176,15,25,-10
117900177,19,21,-2
117900178,158,26,132
117900180,181,37,144
117900181,63,269,-206
117900182,1,27,-26
117900183,37,123,-86
117900184,29,50,-21
117900185,35,35,0
117900186,42,27,15
117900187,18,3,15
117900188,114,26,88
117900189,66,30,36
117900190,25,2,23
117900191,70,2,68
117900192,154,3,151
117900193,23,74,-51
117900194,13,7,6
117900195,12,47,-35
117900196,11,18,-7
117900207,136,93,43
117900208,16,16,0
117900209,178,156,22
117900210,135,164,-29
117900211,5,132,-127
117900212,102,110,-8
117900213,28,15,13
117900214,10,49,-39
117900215,44,37,7
117900216,24,25,-1
117900217,73,186,-113
117900218,108,116,-8
117900219,12,93,-81
117900220,69,93,-24
117900222,212,257,-45
117900223,140,245,-105
118000001,498,789,-291
118000002,537,1276,-739
118000003,1752,2431,-679
118000004,1753,1795,-42
118000005,3218,4097,-879
118000006,3176,6649,-3473
118000007,3712,3049,663
118000008,2640,2996,-356
118000009,1382,1802,-420
118000010,3148,2965,183
118000011,1078,1400,-322
118000012,733,1204,-471
118000013,1748,1513,235
118000014,1433,1891,-458
118000016,184,230,-46
118000017,366,309,57
118000018,283,255,28
118000019,1647,1342,305
118000020,892,2170,-1278
118000021,677,2430,-1753
118000022,1390,659,731
118000023,705,280,425
118000024,989,840,149
118000027,9170,9216,-46
118000029,672,607,65
118000032,823,2936,-2113
118000033,2011,4510,-2499
118000034,3544,2370,1174
118000035,1516,2136,-620
118000036,924,1002,-78
118000037,561,686,-125
118000038,206,70,136
118000039,73,142,-69
118000040,1304,1149,155
118000041,2021,1032,989
118000045,297,136,161
118000046,1053,448,605
118000047,567,811,-244
118000048,1633,1710,-77
118000051,906,763,143
118000052,520,420,100
118000053,188,298,-110
118000054,1084,689,395
118000055,845,967,-122
118000056,197,273,-76
118000057,172,238,-66
118000058,1412,1242,170
118000059,1002,1052,-50
118000060,838,487,351
118000061,1110,963,147
118000062,411,226,185
118000063,253,643,-390
118000064,607,977,-370
118000065,2320,1092,1228
118000066,646,1331,-685
118000067,598,612,-14
118000068,1151,3492,-2341
118000069,2328,877,1451
118000070,3948,1260,2688
118000071,2193,4737,-2544
118000072,930,1166,-236
118000073,983,520,463
118000074,351,494,-143
118000075,610,256,354
118000076,1022,2305,-1283
118000077,1192,1215,-23
118000078,1397,1820,-423
118000079,194,347,-153
118000080,741,826,-85
118000081,1580,1181,399
118000082,240,943,-703
118000083,1224,1336,-112
118000084,2308,1169,1139
118000086,211,386,-175
118000087,3490,2042,1448
118000088,1332,1300,32
118000089,2554,1759,795
118000090,1142,2057,-915
118000091,823,1824,-1001
118000092,747,387,360
118000093,104,539,-435
118000096,443,524,-81
118000097,715,608,107
118000098,233,127,106
118000099,540,527,13
118000101,881,254,627
118000102,387,766,-379
118000107,1123,347,776
118000108,540,1625,-1085
118000110,2,21,-19
118000111,1,224,-223
118000112,465,4,461
118000113,5,323,-318
118000114,336,10,326
118000115,5,6,-1
118000116,36,0,36
118000117,761,566,195
118000118,771,884,-113
118000119,746,1008,-262
118000120,1326,1056,270
118000121,96,683,-587
118000122,1279,398,881
118000123,46,263,-217
118000125,1189,626,563
118000126,587,1092,-505
118000127,1352,461,891
118000128,433,899,-466
118000129,753,478,275
118000130,1490,2075,-585
118000131,351,737,-386
118000132,2341,1693,648
118000133,904,470,434
118000135,448,391,57
118000136,118,345,-227
118000137,502,74,428
118000138,367,402,-35
118000139,395,116,279
118000140,1928,3679,-1751
118000141,1596,1328,268
118000142,1564,1158,406
118000143,1772,1003,769
118000144,1065,527,538
118000145,1278,1175,103
118000146,1042,536,506
118000147,636,993,-357
118000148,406,856,-450
118000149,744,662,82
118000150,337,310,27
118000151,375,402,-27
118000153,1004,852,152
118000154,1260,1117,143
118000155,1210,1038,172
118000156,1428,2018,-590
118000157,456,283,173
118000158,227,316,-89
118000159,19,64,-45
118000160,488,275,213
118000161,405,406,-1
118000162,1165,877,288
118000163,737,575,162
118000164,1425,986,439
118000168,511,379,132
118000169,810,890,-80
118000170,2325,3356,-1031
118000171,201,655,-454
118000172,88,205,-117
118000173,792,1056,-264
118000175,234,333,-99
118000176,247,418,-171
118000177,200,548,-348
118000178,40,41,-1
118000179,1015,1192,-177
118000180,695,648,47
118000181,654,227,427
118000182,294,212,82
118000183,223,251,-28
118000184,719,526,193
118000185,964,1028,-64
118000186,584,895,-311
118000187,1064,455,609
118000188,447,100,347
118000189,528,344,184
118000190,9,9,0
118000191,34,13,21
118000192,151,220,-69
118000193,82,346,-264
118000194,1051,699,352
118000195,397,878,-481
118000196,234,169,65
118000197,101,189,-88
118000198,330,573,-243
118000199,299,239,60
118000200,54,177,-123
118000201,323,402,-79
118000202,35,58,-23
118000203,523,549,-26
118000204,80,373,-293
118000205,250,307,-57
118000206,217,121,96
118000207,0,26,-26
118000208,995,1259,-264
118000209,1711,1090,621
118000210,76,44,32
118000211,38,37,1
118000213,433,1009,-576
118000214,390,405,-15
118000215,271,127,144
118000216,1362,1084,278
118000217,24,48,-24
118000218,82,70,12
118000219,322,169,153
118000220,4,19,-15
118000221,225,248,-23
118000222,61,14,47
118000223,50,56,-6
118000224,128,69,59
118000225,123,492,-369
118000226,740,127,613
118000227,550,499,51
118000228,127,194,-67
118000229,96,79,17
118000230,114,122,-8
118000231,49,171,-122
118000232,699,489,210
118000233,906,633,273
118000234,386,134,252
118000236,257,244,13
118000237,98,269,-171
118000238,193,109,84
118000239,208,214,-6
118000240,227,148,79
118000241,127,97,30
118000242,220,287,-67
118000243,182,147,35
118000244,31,76,-45
118000246,1,17,-16
118000255,55,215,-160
118000256,92,157,-65
118000259,8,32,-24
118000260,127,72,55
118000261,20,29,-9
118000263,68,74,-6
118000266,78,189,-111
118000267,0,97,-97
118000268,184,3,181
118000270,67,25,42
118000271,284,210,74
118000272,61,26,35
118000273,96,43,53
118000274,99,170,-71
118000276,436,267,169
118000295,8,86,-78
118000298,125,186,-61
118000299,53,103,-50
118000301,0,44,-44
118000302,65,48,17
118000311,402,75,327
118000312,246,125,121
118000313,31,56,-25
118000314,102,56,46
118000315,19,28,-9
118000316,543,290,253
118000325,45,31,14
118000326,20,24,-4
118000331,17,33,-16
118000332,13,12,1
118000333,18,51,-33
118000335,317,1,316
118000336,0,148,-148
118000407,140,43,97
118000457,3,25,-22
118000465,2175,2756,-581
118000480,41,40,1
118000489,36,283,-247
118000490,50,201,-151
118000492,319,142,177
118000510,41,7,34
118000514,165,189,-24
118000515,555,450,105
118000517,292,191,101
118000524,195,227,-32
118000525,477,600,-123
118000530,13,62,-49
118000531,284,230,54
118000532,234,213,21
118000533,259,93,166
118000534,446,316,130
118000535,296,147,149
118000536,388,1078,-690
118000537,15,114,-99
118000538,55,50,5
118000539,16,92,-76
118000540,201,88,113
118000541,120,41,79
118000542,109,146,-37
118000543,113,162,-49
118000546,39,22,17
118000553,0,1,-1
118000560,1366,1718,-352
118000562,31,64,-33
118000563,1264,1107,157
118000576,189,81,108
118000577,242,191,51
118000578,122,43,79
118000579,595,938,-343
118000583,0,0,0
118000595,220,76,144
118000596,0,48,-48
118000597,219,160,59
118000598,5,1,4
118000599,63,56,7
118000600,1,10,-9
118000601,7,0,7
118000602,1,9,-8
118000603,1,24,-23
118000605,72,189,-117
118000606,26,26,0
118900001,405,891,-486
118900002,545,679,-134
118900003,342,8,334
118900004,63,21,42
118900005,71,3,68
118900006,122,0,122
118900007,6,4,2
118900008,1202,49,1153
118900009,63,46,17
118900010,67,2,65
118900011,130,14,116
118900012,359,141,218
118900013,368,108,260
118900015,159,46,113
118900016,7,10,-3
118900017,221,276,-55
118900018,694,23,671
118900019,31,15,16
118900020,154,113,41
118900021,153,241,-88
118900022,118,109,9
118900023,106,107,-1
118900024,73,120,-47
118900025,47,20,27
118900026,69,60,9
118900027,308,156,152
118900028,120,106,14
118900029,265,346,-81
118900030,323,50,273
118900031,157,67,90
118900032,155,118,37
118900033,281,359,-78
118900034,135,24,111
118900035,114,91,23
118900036,965,483,482
118900037,272,279,-7
118900038,375,126,249
118900039,399,134,265
118900040,157,140,17
118900041,427,128,299
118900042,143,72,71
118900045,239,144,95
118900046,722,342,380
118900047,294,249,45
118900048,95,192,-97
118900049,52,40,12
118900050,37,62,-25
118900051,100,105,-5
118900052,202,240,-38
118900053,26,107,-81
118900054,98,48,50
118900055,79,65,14
118900056,33,293,-260
118900057,593,430,163
118900058,285,287,-2
118900059,9,73,-64
118900060,68,112,-44
118900062,321,174,147
118900064,379,421,-42
118900065,59,112,-53
118900066,56,70,-14
118900067,2619,2378,241
118900068,6,162,-156
118900069,277,136,141
118900071,11,41,-30
118900072,367,240,127
118900073,109,84,25
118900074,106,111,-5
118900075,46,51,-5
118900076,180,119,61
118900077,140,148,-8
118900078,35,1,34
118900079,51,125,-74
118900080,17,76,-59
118900081,67,25,42
118900082,653,164,489
118900083,43,1,42
118900084,23,27,-4
118900085,461,607,-146
118900086,30,59,-29
118900087,19,158,-139
118900088,0,3,-3
118900089,43,7,36
118900090,464,256,208
118900091,128,133,-5
118900092,83,46,37
118900093,117,27,90
118900096,116,163,-47
118900097,213,287,-74
118900099,45,126,-81
118900100,92,157,-65
118900101,43,161,-118
118900102,20,72,-52
118900103,28,58,-30
118900104,136,42,94
118900105,110,75,35
118900107,82,40,42
118900108,42,84,-42
118900110,946,608,338
118900111,418,313,105
118900112,98,158,-60
118900113,100,273,-173
118900114,8,50,-42
118900115,66,249,-183
118900116,115,162,-47
118900117,90,178,-88
118900118,237,225,12
118900119,162,212,-50
118900120,74,221,-147
118900121,12,127,-115
118900122,13,669,-656
118900123,130,136,-6
118900124,52,142,-90
118900126,25,339,-314
118900129,229,196,33
118900130,58,231,-173
118900131,191,160,31
118900132,239,165,74
118900133,14,92,-78
118900135,134,140,-6
118900136,148,324,-176
118900137,10,26,-16
118900139,196,207,-11
118900140,363,414,-51
118900141,55,81,-26
118900144,120,201,-81
118900145,48,81,-33
118900146,252,427,-175
118900147,115,118,-3
118900148,73,54,19
118900150,135,507,-372
118900152,394,467,-73
118900157,59,113,-54
118900158,64,56,8
118900159,0,126,-126
118900161,57,12,45
118900163,88,53,35
118900164,3,79,-76
118900165,57,83,-26
118900166,18,2,16
118900167,56,46,10
118900168,7,122,-115
118900169,96,125,-29
118900170,133,63,70
118900171,20,20,0
118900174,47,32,15
118900175,325,368,-43
118900176,135,213,-78
118900177,62,25,37
118900178,37,78,-41
118900179,0,6,-6
118900181,65,73,-8
118900182,48,39,9
118900183,35,79,-44
118900184,214,63,151
118900185,177,92,85
118900186,82,69,13
118900187,178,188,-10
118900188,264,167,97
118900189,15,634,-619
118900190,8,195,-187
118900191,138,31,107
118900192,146,29,117
118900193,399,6,393
118900195,218,390,-172
118900196,30,105,-75
118900197,99,32,67
118900198,18,6,12
118900199,77,19,58
118900200,32,12,20
118900201,23,35,-12
118900202,10,34,-24
118900203,8,12,-4
118900204,3,14,-11
118900205,6,6,0
118900206,3,14,-11
119000001,1121,1620,-499
119000002,2521,3019,-498
119000003,1931,778,1153
119000004,1967,935,1032
119000005,1327,1360,-33
119000006,2267,1480,787
119000007,2579,2237,342
119000008,1496,1303,193
119000009,2750,3328,-578
119000010,4182,3525,657
119000011,2653,2090,563
119000012,2094,2312,-218
119000013,2246,1552,694
119000014,1377,1884,-507
119000019,223,121,102
119000020,1422,1297,125
119000021,3448,1880,1568
119000022,1443,1668,-225
119000023,302,254,48
119000024,1391,8050,-6659
119000025,4047,834,3213
119000026,128,343,-215
119000027,172,229,-57
119000028,1283,603,680
119000029,95,275,-180
119000030,458,707,-249
119000031,648,657,-9
119000032,1345,1945,-600
119000033,1670,991,679
119000034,728,655,73
119000035,25,194,-169
119000036,1562,586,976
119000037,1117,1041,76
119000038,311,615,-304
119000039,387,233,154
119000040,598,430,168
119000041,466,797,-331
119000048,2263,1933,330
119000049,1591,1416,175
119000050,1142,1312,-170
119000051,1445,824,621
119000052,1380,2047,-667
119000053,1619,942,677
119000054,2680,2125,555
119000055,3794,2272,1522
119000056,2189,1446,743
119000057,1268,1179,89
119000058,1534,1241,293
119000059,1112,1145,-33
119000060,1272,899,373
119000061,792,642,150
119000062,1027,1044,-17
119000063,456,343,113
119000064,685,732,-47
119000065,1302,2132,-830
119000066,1666,948,718
119000067,1608,1537,71
119000068,1461,830,631
119000069,1354,1619,-265
119000070,2055,714,1341
119000071,501,512,-11
119000072,3343,2004,1339
119000073,3369,5142,-1773
119000074,1140,1335,-195
119000075,1887,1605,282
119000076,294,975,-681
119000077,516,468,48
119000078,388,242,146
119000079,214,574,-360
119000080,164,33,131
119000081,305,399,-94
119000082,633,222,411
119000083,489,301,188
119000084,293,354,-61
119000085,530,196,334
119000086,267,355,-88
119000087,1204,669,535
119000088,345,312,33
119000090,119,91,28
119000091,93,256,-163
119000092,338,137,201
119000093,2582,1876,706
119000094,2598,3567,-969
119000095,1432,2075,-643
119000097,1722,903,819
119000098,802,2087,-1285
119000099,1849,1050,799
119000100,3083,2414,669
119000101,2713,1641,1072
119000102,504,1254,-750
119000103,963,593,370
119000104,1669,885,784
119000105,798,1573,-775
119000106,351,881,-530
119000107,828,397,431
119000108,268,599,-331
119000109,91,466,-375
119000110,269,347,-78
119000111,33,602,-569
119000112,149,86,63
119000113,1378,264,1114
119000114,804,726,78
119000115,142,111,31
119000116,81,79,2
119000117,134,314,-180
119000118,3,1,2
119000123,2080,1781,299
119000124,564,141,423
119000125,3197,487,2710
119000126,1092,529,563
119000127,438,340,98
119000128,19,2,17
119000131,684,440,244
119000132,0,1,-1
119000133,3,2,1
119000134,1546,469,1077
119000135,140,157,-17
119000136,201,140,61
119000137,197,240,-43
119000138,386,154,232
119000139,206,144,62
119000140,205,219,-14
119000284,959,1906,-947
119000285,1573,1436,137
119000286,5383,3727,1656
119000287,1090,1427,-337
119000288,1509,896,613
119000289,1197,1747,-550
119000290,151,290,-139
119000291,14,220,-206
119000293,296,229,67
119000294,39,24,15
119000295,945,228,717
119000296,484,387,97
119000302,1706,924,782
119000303,124,80,44
119000310,0,1,-1
119000314,1178,7956,-6778
119000315,5,221,-216
119000316,131,65,66
119000317,83,201,-118
119000319,221,116,105
119900001,204,971,-767
119900002,100,184,-84
119900003,39,558,-519
119900004,293,927,-634
119900005,179,61,118
119900006,159,258,-99
119900007,1164,202,962
119900008,34,32,2
119900009,426,410,16
119900010,554,835,-281
119900011,43,94,-51
119900012,18,89,-71
119900013,1715,1013,702
119900014,409,170,239
119900015,92,39,53
119900016,21,52,-31
119900017,57,25,32
119900018,1255,680,575
119900019,41,8,33
119900020,121,161,-40
119900021,157,125,32
119900022,60,546,-486
119900023,349,1380,-1031
119900025,200,22,178
119900026,495,106,389
119900027,34,14,20
119900028,210,132,78
119900029,3,4,-1
119900030,371,329,42
119900031,44,352,-308
119900033,1192,226,966
119900034,374,103,271
119900037,190,24,166
119900038,35,223,-188
119900039,40,6,34
119900040,148,35,113
119900041,88,27,61
119900042,84,205,-121
119900043,125,125,0
119900044,142,630,-488
119900046,131,37,94
119900047,192,63,129
119900048,164,44,120
119900049,107,4,103
119900050,53,85,-32
119900051,817,24,793
119900052,61,46,15
119900053,199,147,52
119900054,129,7,122
119900055,961,374,587
119900057,192,56,136
119900058,180,9,171
119900059,92,41,51
119900060,219,14,205
119900061,210,8,202
119900062,75,16,59
119900063,5,38,-33
119900065,177,10,167
119900067,71,30,41
119900068,385,6,379
119900069,96,7,89
119900070,693,9,684
119900071,464,15,449
119900073,1283,514,769
119900074,14,27,-13
119900075,2896,1659,1237
119900076,749,310,439
119900077,591,613,-22
119900078,411,712,-301
119900079,379,146,233
119900080,280,229,51
119900081,489,60,429
119900082,1135,170,965
119900083,264,107,157
119900084,471,234,237
119900085,40,29,11
119900086,432,701,-269
119900087,286,326,-40
119900088,24,27,-3
119900089,31,303,-272
119900090,111,40,71
119900091,54,611,-557
119900092,67,277,-210
119900093,879,188,691
119900094,73,151,-78
119900095,181,106,75
119900096,21,63,-42
119900097,410,160,250
119900098,34,42,-8
119900099,36,91,-55
119900100,1384,2458,-1074
119900101,144,1069,-925
119900102,27,161,-134
119900103,55,212,-157
119900104,34,133,-99
119900105,495,1933,-1438
119900106,18,99,-81
119900107,206,1613,-1407
119900108,2508,458,2050
119900109,19,99,-80
119900110,686,404,282
119900111,94,250,-156
119900112,989,390,599
119900113,64,212,-148
119900114,217,693,-476
119900115,301,777,-476
119900116,157,366,-209
119900117,300,512,-212
119900118,86,588,-502
119900119,192,149,43
119900120,491,330,161
119900121,351,598,-247
119900122,486,312,174
119900123,127,238,-111
119900124,148,490,-342
119900125,64,211,-147
119900126,2483,183,2300
119900127,1575,807,768
119900128,398,476,-78
119900129,168,322,-154
119900130,25,207,-182
119900131,39,164,-125
119900132,0,192,-192
119900133,30,70,-40
119900134,1017,148,869
119900135,0,277,-277
119900136,159,230,-71
119900138,278,303,-25
119900139,10,103,-93
119900140,1,103,-102
119900141,55,504,-449
119900142,3,26,-23
119900143,14,180,-166
119900144,1069,180,889
119900145,87,95,-8
119900146,108,150,-42
119900147,2,85,-83
119900148,191,54,137
119900149,634,2932,-2298
119900150,95,115,-20
119900151,918,501,417
119900152,72,159,-87
119900153,123,60,63
119900154,27,418,-391
119900155,27,38,-11
119900156,12,5,7
119900157,90,132,-42
119900158,191,58,133
119900159,3,792,-789
119900160,36,89,-53
119900161,126,120,6
119900162,703,677,26
119900163,89,148,-59
119900164,0,3,-3
119900165,193,108,85
119900166,56,29,27
119900167,71,88,-17
119900168,762,412,350
119900169,96,212,-116
119900170,201,248,-47
119900171,1263,280,983
119900172,94,21,73
119900173,2,263,-261
119900174,6,100,-94
119900175,973,555,418
119900177,16,141,-125
119900178,6,89,-83
119900179,66,391,-325
119900180,768,753,15
119900181,41,101,-60
119900182,6,189,-183
119900183,125,483,-358
119900184,1347,395,952
119900185,49,189,-140
119900186,28,737,-709
119900187,11,247,-236
119900188,74,205,-131
119900189,402,363,39
119900190,52,198,-146
119900191,193,233,-40
119900192,39,121,-82
119900193,319,121,198
119900194,28,87,-59
119900195,46,136,-90
119900196,753,291,462
119900197,209,135,74
119900198,157,199,-42
119900199,132,14,118
119900200,663,478,185
119900201,213,138,75
119900202,71,176,-105
119900203,161,342,-181
119900204,207,179,28
119900205,571,396,175
119900206,173,94,79
119900208,129,192,-63
119900209,416,1009,-593
119900210,39,17,22
119900211,64,4,60
119900212,139,173,-34
119900213,13,64,-51
119900214,40,65,-25
119900215,38,82,-44
119900216,15,53,-38
119900217,17,61,-44
119900218,20,43,-23
119900219,17,77,-60
119900220,6,60,-54
119900221,17,155,-138
119900222,7,134,-127
119900223,25,54,-29
119900224,11,28,-17
119900225,556,43,513
119900226,392,1319,-927
119900227,712,190,522
119900228,33,215,-182
119900229,308,278,30
119900230,940,316,624
119900231,246,121,125
119900232,169,109,60
119900233,54,5,49
119900234,11,23,-12
119900235,7,31,-24
119900236,43,134,-91
119900237,38,307,-269
119900238,2,68,-66
119900240,67,107,-40
119900241,157,193,-36
119900242,882,863,19
119900244,494,856,-362
119900245,160,128,32
119900246,242,563,-321
119900247,23,112,-89
119900248,75,164,-89
119900249,181,85,96
119900253,1452,285,1167
119900254,52,542,-490
119900255,63,549,-486
119900256,451,508,-57
119900257,79,0,79
119900258,109,4,105
119900259,10,68,-58
119900260,89,3,86
119900261,205,110,95
119900262,2,138,-136
119900263,874,256,618
119900264,83,118,-35
119900265,381,260,121
119900266,216,193,23
119900267,187,322,-135
119900268,156,111,45
119900269,1012,663,349
119900271,24,79,-55
119900272,185,223,-38
119900275,118,43,75
119900276,41,1,40
119900277,9,6,3
119900278,149,90,59
119900279,72,191,-119
119900280,559,109,450
119900281,2,202,-200
119900282,42,110,-68
119900283,14,161,-147
119900284,32,103,-71
119900285,14,81,-67
119900286,9,14,-5
119900288,4,27,-23
119900289,3,41,-38
119900290,2,30,-28
119900291,2,40,-38
119900292,41,62,-21
119900293,19,59,-40
119900294,25,55,-30
119900295,37,55,-18
119900296,46,134,-88
119900297,2,23,-21
119900298,10,14,-4
119900299,115,95,20
119900300,331,128,203
119900301,15,28,-13
119900302,26,43,-17
119900303,285,131,154
119900304,206,27,179
119900305,10,56,-46
119900306,16,2,14
119900307,38,33,5
119900308,3,19,-16
119900309,32,108,-76
119900310,231,197,34
119900311,71,83,-12
119900312,81,75,6
119900313,270,149,121
119900314,161,323,-162
119900315,1354,1320,34
119900318,17,46,-29
119900319,41,178,-137
119900320,122,329,-207
119900321,85,6,79
120000001,4771,11463,-6692
120000002,2239,1998,241
120000003,2569,1311,1258
120000004,2125,1434,691
120000005,2742,1672,1070
120000006,1035,1043,-8
120000007,2950,2424,526
120000008,800,1118,-318
120000009,1648,820,828
120000010,1598,1785,-187
120000011,841,1085,-244
120000012,1189,1742,-553
120000013,2752,2226,526
120000014,697,1113,-416
120000015,1944,1245,699
120000016,2904,1828,1076
120000017,2493,1890,603
120000018,2867,8391,-5524
120000019,973,1194,-221
120000020,2753,2618,135
120000021,1805,1719,86
120000022,2220,3115,-895
120000023,961,1307,-346
120000024,1305,2087,-782
120000025,2323,1677,646
120000026,2031,1463,568
120000027,1993,1717,276
120000028,703,1929,-1226
120000029,1737,931,806
120000030,223,692,-469
120000031,1545,4101,-2556
120000032,5667,3205,2462
120000033,4045,1487,2558
120000034,1668,1269,399
120000035,1785,1504,281
120000036,2535,3764,-1229
120000037,553,1181,-628
120000038,4059,2838,1221
120000039,605,805,-200
120000040,91,389,-298
120000041,1187,1318,-131
120000042,1604,1625,-21
120000043,3712,1129,2583
120000044,4449,1248,3201
120000045,4941,896,4045
120000046,2927,2144,783
120000047,703,3514,-2811
120000048,5046,3346,1700
120000049,2743,2338,405
120000050,2493,2612,-119
120000051,2165,2851,-686
120000052,5879,1732,4147
120000053,1325,1759,-434
120000054,1265,2826,-1561
120000055,1621,3108,-1487
120000056,3395,2726,669
120000057,2820,1054,1766
120000058,3032,1319,1713
120000059,4,1261,-1257
120000061,106,534,-428
120000062,207,284,-77
120000063,1295,1697,-402
120000064,232,812,-580
120000065,412,991,-579
120000066,264,408,-144
120000067,45,435,-390
120000068,171,551,-380
120000069,546,674,-128
120000070,72,506,-434
120000071,465,103,362
120000072,700,401,299
120000073,726,85,641
120000074,194,83,111
120000075,795,293,502
120000076,1676,335,1341
120000077,1809,542,1267
120000078,2768,953,1815
120000079,493,392,101
120000080,243,291,-48
120000081,384,190,194
120000082,313,250,63
120000083,151,622,-471
120000084,325,332,-7
120000085,316,348,-32
120000086,290,403,-113
120000087,239,440,-201
120000088,712,849,-137
120000089,1001,442,559
120000090,688,438,250
120000091,738,677,61
120000092,1001,537,464
120000093,426,395,31
120000094,182,639,-457
120000095,865,407,458
120000096,290,499,-209
120000098,542,501,41
120000099,308,607,-299
120000100,729,727,2
120000101,608,427,181
120000102,509,791,-282
120000103,1282,753,529
120000104,1578,397,1181
120000105,2544,583,1961
120000106,1982,639,1343
120000107,3503,530,2973
120000108,1253,110,1143
120000109,1011,86,925
120000110,100,700,-600
120000111,87,789,-702
120000112,701,1827,-1126
120000113,510,1325,-815
120000114,885,1635,-750
120000115,288,1429,-1141
120000116,600,1218,-618
120000117,686,860,-174
120000118,50,33,17
120000119,31,55,-24
120000120,69,45,24
120000121,52,67,-15
120000122,188,165,23
120000123,2546,4650,-2104
120000124,441,463,-22
120000125,490,449,41
120000126,211,639,-428
120000127,1605,814,791
120000128,2332,3198,-866
120000129,275,308,-33
120000130,865,530,335
120000131,335,593,-258
120000134,278,670,-392
120000135,457,368,89
120000137,223,778,-555
120000138,864,356,508
120000139,262,382,-120
120000140,723,381,342
120000141,352,407,-55
120000142,610,442,168
120000143,1,66,-65
120000144,97,0,97
120000145,278,0,278
120000146,828,623,205
120000149,570,782,-212
120000150,2101,8034,-5933
120000151,437,324,113
120000152,340,136,204
120000153,142,335,-193
120000154,409,353,56
120000155,154,236,-82
120000156,707,1104,-397
120000157,666,548,118
120000158,744,628,116
120000159,1601,1855,-254
120000160,1826,1337,489
120000161,1809,1596,213
120000162,83,216,-133
120000163,716,854,-138
120000164,507,236,271
120000165,519,553,-34
120000166,1386,428,958
120000167,99,130,-31
120000168,19,405,-386
120000169,37,1041,-1004
120000170,37,895,-858
120000171,28,331,-303
120000172,36,333,-297
120000173,1672,1429,243
120000174,218,48,170
120000175,142,42,100
120000176,137,33,104
120000177,814,120,694
120000178,47,13,34
120000179,123,40,83
120000180,229,71,158
120000181,109,916,-807
120000182,43,497,-454
120000183,9,324,-315
120000184,117,751,-634
120000186,48,627,-579
120000187,36,270,-234
120000188,69,464,-395
120000190,416,65,351
120000191,380,72,308
120000192,335,37,298
120000193,104,10,94
120000195,26,3,23
120000196,146,28,118
120000197,35,73,-38
120000198,115,51,64
120000199,113,2,111
120000200,108,0,108
120000201,29,26,3
120000202,1,26,-25
120000203,35,72,-37
120000207,0,46,-46
120000208,11,157,-146
120000209,2,88,-86
120000210,150,233,-83
120000211,74,4,70
120000212,101,0,101
120000213,99,106,-7
120000214,1,78,-77
120000215,3,69,-66
120000216,50,17,33
120000217,514,772,-258
120000218,170,517,-347
120000219,3,292,-289
120000220,5,1135,-1130
120000225,1441,0,1441
120000226,298,1,297
120000227,746,59,687
120000228,7741,2551,5190
120000230,311,14,297
120000231,1152,1384,-232
120000233,273,3,270
120000235,194,445,-251
120000236,747,3,744
120000237,1,785,-784
120000238,0,656,-656
120000241,1021,2434,-1413
120000412,659,6,653
120000413,303,168,135
120000414,131,1,130
120000415,2,51,-49
120000416,129,9,120
120000417,12,80,-68
120000418,155,18,137
120000419,6,238,-232
120000420,187,93,94
120000421,6357,3897,2460
120000422,113,1055,-942
120000423,1,47,-46
120000424,72,60,12
120000436,116,575,-459
120000437,87,66,21
120000438,1637,211,1426
120000439,204,464,-260
120000443,174,2,172
120000444,1217,355,862
120000445,1423,910,513
120000446,606,276,330
120000447,257,1,256
120000449,142,9,133
120000450,22,175,-153
120000451,118,179,-61
120000452,60,1,59
120000453,0,127,-127
120000454,122,136,-14
120000455,74,49,25
120000456,1776,2468,-692
120000457,711,421,290
120000458,388,479,-91
120000459,68,51,17
120000665,396,263,133
120000668,94,816,-722
120000669,94,183,-89
120000670,130,800,-670
120000671,1061,447,614
120000672,99,492,-393
120900001,43,107,-64
120900002,180,337,-157
120900003,125,13,112
120900004,7,60,-53
120900005,20,878,-858
120900006,416,182,234
120900007,154,58,96
120900008,363,1007,-644
120900009,556,44,512
120900010,369,106,263
120900011,194,192,2
120900012,167,849,-682
120900013,243,91,152
120900014,3,299,-296
120900015,860,83,777
120900016,777,56,721
120900017,1603,60,1543
120900018,87,246,-159
120900019,541,347,194
120900020,665,1217,-552
120900021,620,237,383
120900022,20,247,-227
120900023,305,34,271
120900024,1447,349,1098
120900025,1265,902,363
120900026,122,103,19
120900027,791,25,766
120900028,346,114,232
120900029,125,499,-374
120900030,1197,680,517
120900031,172,103,69
120900032,1063,66,997
120900033,819,78,741
120900034,24,2125,-2101
120900035,29,45,-16
120900037,188,13,175
120900038,57,292,-235
120900039,98,46,52
120900040,223,8,215
120900041,133,22,111
120900042,446,36,410
120900043,52,26,26
120900044,15,280,-265
120900045,148,62,86
120900046,390,9,381
120900047,126,108,18
120900048,89,25,64
120900049,437,3,434
120900050,1372,1035,337
120900051,279,76,203
120900052,523,8,515
120900053,245,50,195
120900054,1320,330,990
120900055,417,3,414
120900056,452,18,434
120900057,137,11,126
120900058,443,2,441
120900059,93,1,92
120900060,76,20,56
120900061,251,169,82
120900062,268,1,267
120900063,613,8,605
120900064,585,0,585
120900065,516,2,514
120900066,337,252,85
120900067,170,49,121
120900068,255,1,254
120900069,193,30,163
120900071,20,1,19
120900072,666,6,660
120900073,547,143,404
120900074,418,9,409
120900076,221,0,221
120900077,1608,170,1438
120900078,727,594,133
120900079,756,94,662
120900080,788,1271,-483
120900081,954,373,581
120900082,296,362,-66
120900083,94,4,90
120900084,280,402,-122
120900085,56,95,-39
120900086,82,299,-217
120900087,385,404,-19
120900088,173,359,-186
120900089,1930,2178,-248
120900090,258,69,189
120900091,640,773,-133
120900092,1069,357,712
120900093,1457,103,1354
120900094,361,155,206
120900095,221,23,198
120900096,44,130,-86
120900097,549,548,1
120900098,213,151,62
120900099,44,37,7
120900100,60,180,-120
120900101,568,188,380
120900102,22,74,-52
120900103,46,180,-134
120900104,18,28,-10
120900105,28,353,-325
120900106,1003,421,582
120900107,178,123,55
120900108,14,405,-391
120900109,55,482,-427
120900110,1,502,-501
120900111,153,263,-110
120900112,9,591,-582
120900113,11,581,-570
120900114,21,108,-87
120900115,137,256,-119
120900116,340,215,125
120900117,2,388,-386
120900118,15,513,-498
120900119,4412,2974,1438
120900120,59,324,-265
120900121,196,316,-120
120900122,442,266,176
120900123,13,250,-237
120900124,1,469,-468
120900125,4,366,-362
120900126,1310,687,623
120900127,12,315,-303
120900128,1141,989,152
120900129,34,160,-126
120900130,4,327,-323
120900131,90,43,47
120900132,1028,178,850
120900133,104,497,-393
120900134,825,300,525
120900135,10,406,-396
120900136,45,51,-6
120900137,182,54,128
120900138,24,197,-173
120900139,0,481,-481
120900140,4,65,-61
120900141,74,149,-75
120900142,16,257,-241
120900143,3,555,-552
120900144,1,88,-87
120900145,163,685,-522
120900146,1,597,-596
120900147,3,366,-363
120900148,96,107,-11
120900149,1,175,-174
120900150,56,372,-316
120900151,1,404,-403
120900152,0,24,-24
120900153,53,87,-34
120900154,0,159,-159
120900155,190,793,-603
120900156,38,190,-152
120900157,128,238,-110
120900158,79,477,-398
120900159,288,406,-118
120900160,18,595,-577
120900161,96,383,-287
120900162,142,607,-465
120900163,125,733,-608
120900164,3,56,-53
120900165,41,171,-130
120900166,37,439,-402
120900167,203,133,70
120900169,93,231,-138
120900170,743,2351,-1608
120900171,625,202,423
120900172,405,1320,-915
120900173,0,47,-47
120900174,10,65,-55
120900175,243,122,121
120900176,17,291,-274
120900177,0,964,-964
120900178,0,342,-342
120900179,851,286,565
120900180,52,124,-72
120900181,56,27,29
120900182,28,300,-272
120900183,615,76,539
120900184,349,37,312
120900185,9,222,-213
120900186,0,301,-301
120900187,347,886,-539
120900188,212,2,210
120900189,90,1217,-1127
120900190,106,9,97
120900191,17,16,1
120900192,5904,6080,-176
120900194,62,64,-2
120900195,76,172,-96
120900196,705,32,673
120900197,577,101,476
120900198,200,444,-244
120900199,369,352,17
120900200,55,93,-38
120900201,344,87,257
120900202,1,97,-96
120900203,39,92,-53
120900204,117,134,-17
120900205,77,40,37
120900206,29,58,-29
120900207,54,722,-668
121000001,484,757,-273
121000002,1633,943,690
121000003,1909,1397,512
121000004,1939,2223,-284
121000005,1315,2107,-792
121000006,2286,1451,835
121000007,2028,2457,-429
121000008,3836,2781,1055
121000009,3781,4090,-309
121000010,5697,4103,1594
121000011,5641,7938,-2297
121000012,10327,6967,3360
121000013,3828,5235,-1407
121000014,4765,4032,733
121000015,2941,5693,-2752
121000016,3423,2596,827
121000017,1547,2742,-1195
121000018,1878,1275,603
121000019,10056,8613,1443
121000020,10273,12123,-1850
121000021,2452,2251,201
121000022,1958,2435,-477
121000023,2644,1900,744
121000024,3764,3910,-146
121000025,501,1146,-645
121000026,318,159,159
121000027,1279,986,293
121000028,751,424,327
121000029,679,435,244
121000030,551,330,221
121000031,534,523,11
121000032,190,115,75
121000034,330,213,117
121000035,137,143,-6
121000036,753,632,121
121000037,488,509,-21
121000038,429,690,-261
121000039,255,298,-43
121000041,393,340,53
121000042,269,328,-59
121000043,549,444,105
121000044,995,718,277
121000045,354,163,191
121000046,513,636,-123
121000047,145,191,-46
121000049,918,457,461
121000050,255,961,-706
121000051,541,220,321
121000052,316,511,-195
121000053,336,105,231
121000054,27,343,-316
121000055,914,1003,-89
121000056,643,800,-157
121000057,219,382,-163
121000058,322,226,96
121000059,1763,1018,745
121000060,529,843,-314
121000061,52,273,-221
121000062,123,339,-216
121000063,757,737,20
121000064,634,683,-49
121000065,275,423,-148
121000066,690,533,157
121000067,446,385,61
121000068,520,349,171
121000069,209,464,-255
121000070,1464,1056,408
121000071,1194,1192,2
121000072,1287,498,789
121000073,887,828,59
121000074,120,147,-27
121000075,34,88,-54
121000076,597,263,334
121000077,122,149,-27
121000078,108,142,-34
121000080,1483,492,991
121000081,1791,2394,-603
121000082,72,215,-143
121000083,256,97,159
121000084,155,104,51
121000085,258,341,-83
121000086,277,629,-352
121000087,71,276,-205
121000088,249,386,-137
121000089,291,325,-34
121000090,284,339,-55
121000091,938,742,196
121000092,172,82,90
121000093,156,191,-35
121000094,455,627,-172
121000095,275,689,-414
121000096,2022,1726,296
121000097,784,1778,-994
121000098,516,785,-269
121000099,639,581,58
121000100,791,358,433
121000101,394,298,96
121000102,249,178,71
121000103,167,200,-33
121000104,218,78,140
121000105,301,148,153
121000106,242,259,-17
121000107,1621,2263,-642
121000109,873,844,29
121000110,199,581,-382
121000114,2398,1841,557
121000115,714,496,218
121000116,219,604,-385
121000117,643,204,439
121000118,1056,196,860
121000119,844,544,300
121000120,252,419,-167
121000121,414,1047,-633
121000123,1017,635,382
121000127,109,88,21
121000128,789,295,494
121000129,813,411,402
121000130,528,682,-154
121000131,1859,1449,410
121000132,1277,1384,-107
121000135,239,359,-120
121000136,649,878,-229
121000137,341,275,66
121000138,525,1122,-597
121000139,257,419,-162
121000141,172,110,62
121000142,517,795,-278
121000143,110,37,73
121000144,658,1288,-630
121000145,466,713,-247
121000146,1079,958,121
121000147,822,425,397
121000148,807,781,26
121000149,1627,1192,435
121000152,330,359,-29
121000153,1504,452,1052
121000154,994,509,485
121000155,1080,913,167
121000156,390,746,-356
121000157,736,1188,-452
121000158,318,343,-25
121000159,173,283,-110
121000160,299,312,-13
121000161,204,259,-55
121000162,75,134,-59
121000165,1180,1734,-554
121000166,22,334,-312
121000168,336,210,126
121000169,81,105,-24
121000170,286,64,222
121000171,53,102,-49
121000172,494,454,40
121000173,1065,989,76
121000174,320,415,-95
121000175,944,286,658
121000176,354,250,104
121000177,644,538,106
121000178,117,57,60
121000179,53,71,-18
121000181,315,364,-49
121000182,91,232,-141
121000183,74,92,-18
121000184,35,120,-85
121000185,34,153,-119
121000186,162,337,-175
121000187,201,116,85
121000188,180,132,48
121000192,722,391,331
121000193,522,424,98
121000194,1618,1649,-31
121000195,171,699,-528
121000196,499,215,284
121000197,125,594,-469
121000198,151,82,69
121000199,86,243,-157
121000200,372,84,288
121000201,1,161,-160
121000202,575,100,475
121000203,635,1351,-716
121000204,2364,533,1831
121000205,69,152,-83
121000206,81,31,50
121000207,1429,287,1142
121000208,3,209,-206
121000209,384,165,219
121000210,460,266,194
121000211,224,84,140
121000212,420,370,50
121000213,6956,2044,4912
121000214,619,1486,-867
121000215,860,675,185
121000216,445,430,15
121000217,2992,1917,1075
121000218,332,1131,-799
121000219,1169,310,859
121000220,112,52,60
121000221,88,178,-90
121000222,1908,1649,259
121000223,361,437,-76
121000224,288,275,13
121000225,862,1687,-825
121000226,1643,1080,563
121000227,4,42,-38
121000228,21,377,-356
121000229,259,232,27
121000230,46,1097,-1051
121000231,759,30,729
121000232,335,205,130
121000233,474,301,173
121000234,29,64,-35
121000235,87,68,19
121000236,11,64,-53
121000237,44,24,20
121000238,6,74,-68
121000239,53,4,49
121000240,4,134,-130
121000241,64,7,57
121000242,95,442,-347
121000243,511,169,342
121000244,13,77,-64
121000245,116,21,95
121000246,1,93,-92
121000247,157,7,150
121000248,1054,648,406
121000249,100,181,-81
121000250,446,211,235
121000251,20,273,-253
121000252,106,52,54
121000253,286,314,-28
121000254,487,160,327
121000255,78,153,-75
121000256,220,144,76
121000257,43,62,-19
121000258,87,55,32
121000259,34,45,-11
121000260,49,59,-10
121000261,34,47,-13
121000262,794,455,339
121000263,381,371,10
121000271,259,1048,-789
121000273,40,8,32
121000274,4,61,-57
121000275,4,8,-4
121000276,6,25,-19
121000278,36,42,-6
121000279,19,12,7
121000280,25,28,-3
121000289,86,3,83
121000290,994,702,292
121000294,124,70,54
121000297,652,825,-173
121000299,212,523,-311
121000300,585,388,197
121000302,48,729,-681
121000303,337,231,106
121000304,400,68,332
121000305,175,33,142
121000306,115,124,-9
121000308,128,190,-62
121000309,250,375,-125
121000310,66,266,-200
121000311,58,556,-498
121000312,231,210,21
121000313,228,315,-87
121000314,72,88,-16
121000315,38,85,-47
121000530,1429,1071,358
121000531,1347,1285,62
121000532,5248,6339,-1091
121000533,2548,2819,-271
121000918,49,91,-42
121000919,45,64,-19
121000938,92,142,-50
121000939,94,139,-45
121000956,1133,849,284
121000957,8,11,-3
121000958,24,35,-11
121000959,692,474,218
121000960,1056,1181,-125
121000961,226,100,126
121000962,306,454,-148
121000963,0,0,0
121000973,1,116,-115
121000976,8,133,-125
121000979,376,113,263
121000981,361,209,152
121000982,371,211,160
121000983,356,229,127
121000984,19,70,-51
121000985,547,302,245
121000986,247,162,85
121000987,220,614,-394
121000988,694,111,583
121001302,199,107,92
121001308,1,10,-9
121001309,43,120,-77
121001313,116,161,-45
121001314,1371,1854,-483
121001315,3826,2206,1620
121001326,333,364,-31
121900001,83,161,-78
121900002,27,33,-6
121900003,341,18,323
121900004,72,270,-198
121900005,16,10,6
121900006,65,8,57
121900007,1340,1264,76
121900008,202,136,66
121900009,408,17,391
121900010,204,8,196
121900011,128,230,-102
121900012,3,0,3
121900013,1002,123,879
121900014,880,266,614
121900015,159,135,24
121900016,4,32,-28
121900017,421,291,130
121900018,272,4,268
121900019,472,179,293
121900020,18,1,17
121900021,693,15,678
121900022,221,155,66
121900023,92,228,-136
121900024,232,90,142
121900025,461,339,122
121900026,263,28,235
121900027,274,94,180
121900028,173,11,162
121900029,59,132,-73
121900030,437,396,41
121900031,672,4382,-3710
121900032,60,42,18
121900033,167,231,-64
121900034,197,74,123
121900035,1776,1501,275
121900036,51,241,-190
121900037,136,767,-631
121900038,24,94,-70
121900039,254,47,207
121900040,47,102,-55
121900041,62,171,-109
121900042,292,125,167
121900043,3,7,-4
121900044,136,68,68
121900046,148,241,-93
121900047,178,41,137
121900048,29,65,-36
121900050,15,42,-27
121900051,158,135,23
121900052,112,22,90
121900053,405,230,175
121900054,318,684,-366
121900055,2,10,-8
121900058,205,100,105
121900059,307,130,177
121900060,115,248,-133
121900062,88,87,1
121900063,1070,439,631
121900064,209,396,-187
121900066,39,29,10
121900067,48,41,7
121900069,153,102,51
121900070,99,79,20
121900071,283,202,81
121900072,82,141,-59
121900073,186,199,-13
121900074,586,660,-74
121900075,348,390,-42
121900076,315,481,-166
121900078,71,41,30
121900079,0,1,-1
121900080,571,239,332
121900082,62,105,-43
121900084,24,111,-87
121900086,17,63,-46
121900087,97,99,-2
121900088,1255,1780,-525
121900089,188,227,-39
121900090,39,64,-25
121900091,91,108,-17
121900092,58,100,-42
121900093,60,49,11
121900094,20,8,12
121900095,233,131,102
121900096,716,697,19
121900097,426,117,309
121900098,8,0,8
121900099,246,53,193
121900100,153,363,-210
121900101,90,106,-16
121900102,4,92,-88
121900103,349,243,106
121900104,1134,297,837
121900105,216,136,80
121900106,3,7,-4
121900107,40,13,27
121900108,2,10,-8
121900109,273,150,123
121900110,419,587,-168
121900111,376,158,218
121900112,92,164,-72
121900113,70,305,-235
121900114,50,45,5
121900117,76,50,26
121900118,1241,435,806
121900119,137,127,10
121900120,52,883,-831
121900121,330,21,309
121900122,31,52,-21
121900123,163,315,-152
121900124,154,125,29
121900125,858,682,176
121900127,29,67,-38
121900128,78,79,-1
121900129,371,112,259
121900130,103,152,-49
121900131,211,58,153
121900132,59,71,-12
121900133,94,1036,-942
121900134,40,163,-123
121900135,2737,302,2435
121900136,317,227,90
121900137,49,307,-258
121900138,49,127,-78
121900139,289,551,-262
121900140,49,122,-73
121900141,51,36,15
121900142,132,83,49
121900143,5,104,-99
121900144,114,217,-103
121900145,132,198,-66
121900146,499,561,-62
121900147,60,146,-86
121900148,126,205,-79
121900149,194,386,-192
121900150,77,138,-61
121900151,56,175,-119
121900152,93,92,1
121900153,65,513,-448
121900154,16,210,-194
121900155,1,74,-73
121900156,112,111,1
121900157,2,258,-256
121900158,94,77,17
121900159,1,136,-135
121900160,64,172,-108
121900161,253,291,-38
121900162,88,131,-43
121900163,216,351,-135
121900164,351,196,155
121900165,198,107,91
121900166,154,130,24
121900167,80,83,-3
121900168,116,179,-63
121900169,5,127,-122
121900170,2,129,-127
121900171,548,421,127
121900172,405,142,263
121900173,565,167,398
121900174,34,56,-22
121900175,105,151,-46
121900176,439,1028,-589
121900177,156,83,73
121900178,28,38,-10
121900179,389,130,259
121900180,2065,3021,-956
121900182,520,256,264
121900183,320,1102,-782
121900184,61,610,-549
121900186,3,200,-197
121900187,18,102,-84
121900188,345,229,116
121900189,17,73,-56
121900190,169,302,-133
121900191,71,265,-194
121900192,244,696,-452
121900193,34,125,-91
121900194,2,98,-96
121900195,52,49,3
121900196,666,619,47
121900197,258,918,-660
121900198,936,814,122
121900199,2,33,-31
121900200,72,161,-89
121900201,589,551,38
121900202,103,438,-335
121900203,113,540,-427
121900204,584,789,-205
121900205,16,81,-65
121900206,30,26,4
121900207,112,37,75
121900208,100,198,-98
121900209,49,37,12
121900210,1067,691,376
121900211,363,443,-80
121900212,126,99,27
121900213,163,62,101
121900214,5,313,-308
121900215,33,57,-24
121900216,39,157,-118
121900217,218,151,67
121900218,132,283,-151
121900220,116,12,104
121900221,189,325,-136
121900222,123,95,28
121900223,140,23,117
121900224,51,30,21
121900225,98,101,-3
121900226,185,82,103
121900227,230,392,-162
121900228,121,186,-65
121900230,110,120,-10
121900231,166,433,-267
121900232,136,294,-158
121900233,155,183,-28
121900234,217,163,54
121900235,373,109,264
121900236,304,110,194
121900237,168,181,-13
121900238,133,214,-81
121900239,177,31,146
121900240,170,111,59
121900241,43,60,-17
121900242,8,1,7
121900243,7,0,7
121900244,6,1,5
121900245,168,48,120
121900246,1781,245,1536
121900248,919,902,17
121900250,172,245,-73
121900251,439,24,415
121900252,351,108,243
121900253,106,723,-617
121900254,335,203,132
121900255,326,69,257
121900258,2735,1510,1225
121900259,236,411,-175
121900260,63,123,-60
121900261,168,376,-208
121900262,263,655,-392
121900263,223,201,22
121900264,1098,875,223
121900265,279,181,98
121900266,366,88,278
121900267,48,33,15
121900269,156,542,-386
121900270,32,178,-146
121900271,36,84,-48
121900273,338,1306,-968
121900274,215,148,67
121900277,402,1028,-626
121900278,86,629,-543
121900279,145,117,28
121900280,58,232,-174
121900281,159,170,-11
121900284,64,5,59
121900286,134,88,46
121900287,11,18,-7
121900288,7,2,5
121900290,152,334,-182
121900291,285,483,-198
121900292,129,121,8
121900293,737,1914,-1177
121900294,204,6,198
121900295,123,157,-34
121900296,23,70,-47
121900298,171,569,-398
121900299,0,18,-18
121900300,91,0,91
121900301,81,3,78
121900302,2,45,-43
121900303,201,304,-103
121900304,10,4,6
121900305,2,9,-7
121900306,208,1,207
121900307,64,31,33
121900308,15,214,-199
121900309,14,177,-163
121900310,11,312,-301
121900311,455,38,417
121900312,306,13,293
121900313,291,15,276
121900314,2,53,-51
121900315,23,0,23
121900316,0,15,-15
121900317,25,7,18
121900318,0,24,-24
121900319,46,108,-62
121900320,39,67,-28
121900321,21,2,19
121900322,1,16,-15
121900323,30,19,11
121900324,3,27,-24
121900325,16,1,15
121900326,1,16,-15
121900327,11,44,-33
121900328,0,23,-23
121900329,1,109,-108
121900330,0,29,-29
121900331,7,4,3
121900332,70,18,52
121900333,23,1,22
121900334,72,66,6
122000001,1453,3836,-2383
122000002,2862,1130,1732
122000003,1304,2521,-1217
122000004,2043,1154,889
122000005,1985,1597,388
122000006,1123,908,215
122000007,741,1389,-648
122000008,2020,3238,-1218
122000009,346,383,-37
122000010,1749,2238,-489
122000011,2511,1151,1360
122000012,771,1417,-646
122000013,774,798,-24
122000014,1473,891,582
122000015,1054,816,238
122000016,408,618,-210
122000017,958,898,60
122000018,1217,1070,147
122000019,662,858,-196
122000020,146,199,-53
122000021,208,400,-192
122000022,862,745,117
122000023,531,1198,-667
122000024,624,1054,-430
122000025,686,1436,-750
122000026,709,1072,-363
122000027,490,1436,-946
122000028,810,411,399
122000029,343,360,-17
122000031,142,247,-105
122000032,1530,1524,6
122000033,483,1187,-704
122000034,386,475,-89
122000035,214,573,-359
122000036,465,416,49
122000037,310,196,114
122000038,198,290,-92
122000039,158,172,-14
122000040,476,424,52
122000041,473,490,-17
122000042,369,374,-5
122000043,118,100,18
122000044,101,137,-36
122000045,1082,370,712
122000046,600,537,63
122000047,186,235,-49
122000048,2520,3244,-724
122000049,4025,2718,1307
122000050,980,689,291
122000051,232,330,-98
122000052,380,410,-30
122000053,202,801,-599
122000054,1702,1487,215
122000055,1787,2810,-1023
122000056,3300,2548,752
122000057,2495,2877,-382
122000058,1771,1254,517
122000059,1757,1776,-19
122000060,467,657,-190
122000061,350,534,-184
122000062,797,386,411
122000063,702,726,-24
122000064,2296,2585,-289
122000065,2415,1960,455
122000066,330,450,-120
122000067,981,1045,-64
122000068,896,772,124
122000069,841,705,136
122000070,627,1035,-408
122000071,1463,901,562
122000072,260,345,-85
122000073,409,824,-415
122000074,2194,1243,951
122000075,674,928,-254
122000076,2260,1013,1247
122000077,758,827,-69
122000078,1296,2440,-1144
122000079,706,1111,-405
122000080,525,405,120
122000081,148,195,-47
122000082,435,850,-415
122000083,1123,1185,-62
122000084,1007,588,419
122000085,220,643,-423
122000086,1587,3454,-1867
122000087,253,191,62
122000088,216,275,-59
122000089,3724,1709,2015
122000090,191,347,-156
122000091,94,72,22
122000092,83,20,63
122000093,1202,1827,-625
122000094,3757,1755,2002
122000095,1380,2202,-822
122000096,1183,1187,-4
122000098,2235,1923,312
122000099,1333,660,673
122000100,800,401,399
122000101,323,473,-150
122000102,1559,894,665
122000103,1525,1342,183
122000104,369,152,217
122000105,323,243,80
122000106,377,553,-176
122000107,811,361,450
122000108,317,590,-273
122000109,417,262,155
122000110,313,430,-117
122000111,2156,1054,1102
122000112,858,1010,-152
122000113,578,565,13
122000114,2047,1311,736
122000115,1553,986,567
122000116,432,432,0
122000117,994,369,625
122000118,491,681,-190
122000119,2694,1939,755
122000120,1412,3388,-1976
122000121,1412,2424,-1012
122000122,620,1153,-533
122000123,1213,1395,-182
122000124,727,417,310
122000125,489,614,-125
122000126,448,788,-340
122000127,694,881,-187
122000128,367,513,-146
122000129,463,970,-507
122000130,2336,1238,1098
122000131,1049,942,107
122000132,412,456,-44
122000133,864,840,24
122000134,793,699,94
122000135,591,482,109
122000136,651,472,179
122000137,1244,600,644
122000139,879,2365,-1486
122000140,578,536,42
122000141,2672,772,1900
122000142,215,679,-464
122000143,285,489,-204
122000144,1101,1035,66
122000145,823,707,116
122000146,476,1105,-629
122000147,490,454,36
122000148,1242,1488,-246
122000149,1772,1235,537
122000150,888,811,77
122000151,119,275,-156
122000152,312,304,8
122000153,303,295,8
122000154,231,178,53
122000155,1195,1966,-771
122000156,1912,2151,-239
122000157,983,1795,-812
122000158,321,604,-283
122000159,541,1339,-798
122000160,2551,2103,448
122000161,952,1064,-112
122000162,1421,1484,-63
122000163,236,87,149
122000164,34,88,-54
122000165,589,602,-13
122000166,679,981,-302
122000167,228,233,-5
122000168,184,481,-297
122000169,369,166,203
122000170,273,223,50
122000171,49,96,-47
122000172,1288,998,290
122000173,1134,1737,-603
122000174,1811,763,1048
122000175,453,199,254
122000176,311,743,-432
122000177,1121,1186,-65
122000178,2229,1800,429
122000179,1228,1794,-566
122000180,1301,1120,181
122000181,1237,2254,-1017
122000182,1334,965,369
122000183,1403,753,650
122000184,2240,1974,266
122000185,1146,1569,-423
122000186,375,599,-224
122000187,1509,765,744
122000188,314,175,139
122000189,206,246,-40
122000190,662,861,-199
122000191,644,456,188
122000192,441,206,235
122000193,340,586,-246
122000194,904,276,628
122000195,166,456,-290
122000196,870,538,332
122000197,401,556,-155
122000198,403,756,-353
122000199,193,227,-34
122000200,803,426,377
122000201,1185,1384,-199
122000202,973,1202,-229
122000203,2117,1292,825
122000204,1085,1452,-367
122000205,993,1110,-117
122000206,2195,919,1276
122000207,1280,1293,-13
122000208,1675,1133,542
122000209,1459,272,1187
122000210,1846,1374,472
122000211,1140,1163,-23
122000212,633,413,220
122000213,765,1020,-255
122000214,1594,1352,242
122000215,1812,1413,399
122000217,1435,1128,307
122000218,628,63,565
122000219,861,653,208
122000220,324,544,-220
122000221,100,357,-257
122000222,126,61,65
122000223,1024,470,554
122000225,534,268,266
122000226,1182,1508,-326
122000227,226,1875,-1649
122000228,277,349,-72
122000229,25,437,-412
122000230,77,338,-261
122000231,278,596,-318
122000232,372,585,-213
122000233,1,71,-70
122000234,298,52,246
122000235,284,95,189
122000236,1367,144,1223
122000237,71,54,17
122000238,397,411,-14
122000239,484,101,383
122000240,966,350,616
122000241,1495,457,1038
122000242,482,109,373
122000243,283,45,238
122000244,71,181,-110
122000245,90,206,-116
122000246,401,133,268
122000247,553,488,65
122000248,737,1018,-281
122000249,1201,718,483
122000250,1898,895,1003
122000251,185,250,-65
122000252,414,116,298
122000253,114,304,-190
122000254,204,69,135
122000255,533,985,-452
122000256,298,556,-258
122000257,160,226,-66
122000258,245,209,36
122000259,23,353,-330
122000261,16,185,-169
122000262,0,19,-19
122000263,251,121,130
122000264,906,274,632
122000265,1714,683,1031
122000266,3051,562,2489
122000267,92,93,-1
122000268,97,230,-133
122000269,780,262,518
122000270,470,135,335
122000271,293,671,-378
122000272,291,613,-322
122000273,279,250,29
122000274,197,154,43
122000275,46,151,-105
122000276,675,361,314
122000277,970,1271,-301
122000278,1330,489,841
122000279,190,343,-153
122000280,619,422,197
122000281,612,490,122
122000282,185,410,-225
122000283,170,163,7
122000284,144,92,52
122000285,294,69,225
122000286,59,121,-62
122000287,934,1057,-123
122000288,417,213,204
122000291,1613,569,1044
122000293,202,190,12
122000294,88,233,-145
122000295,945,159,786
122000296,18,491,-473
122000297,1715,2447,-732
122000299,457,192,265
122000300,481,456,25
122000301,5620,2161,3459
122000302,306,882,-576
122000303,1859,942,917
122000304,53,123,-70
122000305,874,388,486
122000306,60,390,-330
122000307,75,114,-39
122000309,50,50,0
122000310,24,101,-77
122000311,134,122,12
122000312,111,155,-44
122000313,96,91,5
122000314,101,198,-97
122000315,162,38,124
122000316,612,153,459
122000317,1002,194,808
122000318,315,382,-67
122000319,169,178,-9
122000320,470,1074,-604
122000321,72,106,-34
122000322,1571,1760,-189
122000323,909,1811,-902
122000324,880,1053,-173
122000325,658,1434,-776
122000326,67,58,9
122000327,374,708,-334
122000328,592,416,176
122000330,1561,700,861
122000332,129,154,-25
122000333,12,112,-100
122000337,887,843,44
122000338,354,235,119
122000340,323,507,-184
122000342,1099,764,335
122000343,390,784,-394
122000344,75,15,60
122000345,123,31,92
122000346,189,339,-150
122000348,472,435,37
122000349,103,495,-392
122000351,145,225,-80
122000352,560,207,353
122000353,149,63,86
122000355,136,420,-284
122000356,858,975,-117
122000357,73,31,42
122000358,0,36,-36
122000359,0,17,-17
122000360,0,14,-14
122000362,9,51,-42
122000364,196,199,-3
122000365,2,39,-37
122000366,9,2,7
122000368,326,506,-180
122000370,14,18,-4
122000371,27,0,27
122000372,10,2,8
122000381,107,215,-108
122000382,62,206,-144
122000384,1680,951,729
122000385,53,1,52
122000386,192,928,-736
122000387,354,502,-148
122000388,982,597,385
122000389,126,523,-397
122000390,367,257,110
122000391,267,246,21
122000392,149,277,-128
122000393,8,29,-21
122000394,423,134,289
122000395,114,91,23
122000396,196,64,132
122000397,34,34,0
122000398,14,27,-13
122000399,234,77,157
122000400,82,392,-310
122000401,229,96,133
122000402,255,89,166
122000403,388,490,-102
122000404,112,146,-34
122000408,716,953,-237
122000503,11,102,-91
122000524,228,106,122
122000544,71,1490,-1419
122000614,336,248,88
122000616,169,3,166
122000640,93,108,-15
122000641,127,215,-88
122000642,943,613,330
122000643,57,132,-75
122000644,92,44,48
122000645,93,145,-52
122000651,879,901,-22
122000664,129,30,99
122000665,1046,448,598
122000666,566,944,-378
122000673,38,150,-112
122000674,129,81,48
122000675,1421,626,795
122000686,358,749,-391
122000687,1203,210,993
122000688,205,387,-182
122000689,769,290,479
122000690,1827,249,1578
122000691,532,1086,-554
122000692,1041,205,836
122000693,236,1038,-802
122000695,253,246,7
122000696,346,143,203
122000698,317,375,-58
122000699,147,38,109
122000701,1112,238,874
122000702,369,747,-378
122000703,155,43,112
122000712,0,0,0
122000717,66,56,10
122000718,765,1487,-722
122000719,117,68,49
122000720,449,155,294
122000724,198,223,-25
122900001,39,12,27
122900002,821,3843,-3022
122900003,235,23,212
122900004,1046,45,1001
122900005,67,85,-18
122900006,320,542,-222
122900007,66,38,28
122900008,263,214,49
122900009,481,280,201
122900010,224,113,111
122900012,175,313,-138
122900014,107,119,-12
122900015,874,614,260
122900016,100,170,-70
122900017,290,593,-303
122900018,160,12,148
122900019,29,85,-56
122900020,97,278,-181
122900021,37,292,-255
122900024,150,83,67
122900025,7,243,-236
122900026,44,194,-150
122900027,42,418,-376
122900028,98,105,-7
122900029,2893,1974,919
122900030,705,365,340
122900031,33,172,-139
122900032,98,259,-161
122900033,142,98,44
122900034,2951,3294,-343
122900035,10,7,3
122900036,62,50,12
122900037,229,119,110
122900038,56,1852,-1796
122900039,83,343,-260
122900040,192,331,-139
122900041,157,315,-158
122900042,126,233,-107
122900043,199,172,27
122900044,108,254,-146
122900045,105,106,-1
122900046,85,296,-211
122900047,89,134,-45
122900048,67,162,-95
122900049,924,82,842
122900051,72,108,-36
122900052,142,170,-28
122900053,35,34,1
122900055,191,57,134
122900057,191,44,147
122900061,331,102,229
122900062,394,362,32
122900063,154,163,-9
122900064,587,312,275
122900065,266,67,199
122900066,542,347,195
122900067,775,420,355
122900069,373,994,-621
122900070,292,157,135
122900071,92,271,-179
122900073,32,158,-126
122900074,614,367,247
122900075,0,35,-35
122900076,3,163,-160
122900077,26,105,-79
122900078,156,2,154
122900080,45,37,8
122900081,120,116,4
122900082,832,139,693
122900083,91,106,-15
122900084,4,170,-166
122900086,10,55,-45
122900087,222,329,-107
122900088,38,167,-129
122900089,103,215,-112
122900090,13,295,-282
122900091,258,11,247
122900092,116,202,-86
122900093,0,138,-138
122900094,38,138,-100
122900095,126,9,117
122900096,162,57,105
122900097,15,47,-32
122900098,57,97,-40
122900099,80,6,74
122900100,80,225,-145
122900101,331,166,165
122900102,27,29,-2
122900103,153,7,146
122900104,233,12,221
122900105,15,14,1
122900106,2,54,-52
122900107,1,88,-87
122900108,7,126,-119
122900109,551,374,177
123000001,843,370,473
123000002,2251,3971,-1720
123000003,3175,3305,-130
123000004,2383,3114,-731
123000005,1985,2221,-236
123000006,1781,1672,109
123000007,3549,2275,1274
123000008,2407,2571,-164
123000009,3697,2373,1324
123000010,2658,2841,-183
123000011,1621,708,913
123000012,593,1728,-1135
123000013,2712,740,1972
123000014,674,2350,-1676
123000015,2245,749,1496
123000016,2881,2611,270
123000017,3179,1506,1673
123000018,119,72,47
123000019,277,126,151
123000020,166,34,132
123000021,137,145,-8
123000022,320,1189,-869
123000023,1314,1523,-209
123000024,1605,638,967
123000025,223,76,147
123000026,40,102,-62
123000027,93,475,-382
123000028,721,1368,-647
123000029,600,1386,-786
123000030,217,224,-7
123000031,265,185,80
123000032,411,112,299
123000033,283,150,133
123000034,860,649,211
123000035,285,289,-4
123000036,217,646,-429
123000037,253,225,28
123000038,36,213,-177
123000039,412,1153,-741
123000040,559,261,298
123000041,849,903,-54
123000042,692,561,131
123000043,1991,7337,-5346
123000044,3175,1836,1339
123000045,4242,1980,2262
123000046,541,1155,-614
123000047,1150,867,283
123000048,57,686,-629
123000049,4526,6674,-2148
123000050,1120,1152,-32
123000051,123,155,-32
123000052,665,2712,-2047
123000053,2148,2397,-249
123000054,1234,1065,169
123000055,1127,1775,-648
123000056,1025,1276,-251
123000057,6475,4805,1670
123000058,664,783,-119
123000059,339,384,-45
123000060,695,289,406
123000061,188,565,-377
123000063,599,719,-120
123000064,745,272,473
123000065,3636,1899,1737
123000066,526,421,105
123000067,789,516,273
123000068,1878,1925,-47
123000069,4402,2222,2180
123000070,216,557,-341
123000071,866,693,173
123000072,955,657,298
123000073,1136,570,566
123000074,972,775,197
123000075,326,873,-547
123000076,610,494,116
123000077,1930,1677,253
123000078,1500,1259,241
123000079,1479,1369,110
123000080,1878,1155,723
123000081,117,284,-167
123000082,290,899,-609
123000083,776,175,601
123000084,593,444,149
123000085,265,62,203
123000086,476,121,355
123000087,241,184,57
123000088,879,521,358
123000089,545,843,-298
123000090,858,655,203
123000091,1180,1025,155
123000092,913,882,31
123000094,396,217,179
123000095,425,489,-64
123000096,598,257,341
123000097,445,551,-106
123000098,662,413,249
123000099,543,540,3
123000100,401,579,-178
123000101,384,476,-92
123000102,418,560,-142
123000104,311,390,-79
123000105,387,401,-14
123000106,393,385,8
123000107,334,447,-113
123000108,525,874,-349
123000111,676,260,416
123000112,975,431,544
123000113,426,706,-280
123000114,331,499,-168
123000115,276,288,-12
123000116,51,130,-79
123000117,1175,1150,25
123000118,370,496,-126
123000119,191,624,-433
123000120,229,540,-311
123000121,455,414,41
123000122,316,151,165
123000123,406,460,-54
123000124,349,320,29
123000125,986,1028,-42
123000126,915,2806,-1891
123000127,666,542,124
123000128,220,205,15
123000129,656,204,452
123000130,493,89,404
123000131,676,499,177
123000132,325,501,-176
123000133,212,339,-127
123000134,273,96,177
123000135,1795,878,917
123000136,182,490,-308
123000137,89,187,-98
123000138,81,265,-184
123000139,461,82,379
123000140,91,461,-370
123000141,552,93,459
123000142,986,848,138
123000143,1237,1913,-676
123000144,31,11,20
123000147,100,95,5
123000149,331,301,30
123000150,130,236,-106
123000151,185,467,-282
123000152,28,208,-180
123000153,162,533,-371
123000154,920,1259,-339
123000155,1308,581,727
123000156,40,76,-36
123000157,504,708,-204
123000158,428,651,-223
123000159,2504,2200,304
123000160,790,676,114
123000161,1215,863,352
123000162,871,1344,-473
123000163,431,85,346
123000164,659,144,515
123000165,289,623,-334
123000167,2,77,-75
123000168,218,174,44
123000169,563,89,474
123000170,102,108,-6
123000171,630,12,618
123000172,377,517,-140
123000173,502,367,135
123000174,963,385,578
123000175,508,843,-335
123000176,696,208,488
123000177,231,481,-250
123000178,664,143,521
123000179,40,349,-309
123000180,1050,188,862
123000181,181,674,-493
123000182,163,165,-2
123000183,63,227,-164
123000184,85,304,-219
123000185,604,242,362
123000186,2,385,-383
123000187,472,12,460
123000188,236,2,234
123000189,72,136,-64
123000190,42,45,-3
123000192,22,341,-319
123000193,77,657,-580
123000194,177,111,66
123000195,300,42,258
123000196,328,27,301
123000197,61,93,-32
123000198,31,633,-602
123000199,4,587,-583
123000200,347,15,332
123000201,566,12,554
123000202,8,715,-707
123000203,650,48,602
123000204,71,748,-677
123000205,433,1047,-614
123000206,1381,138,1243
123000207,260,785,-525
123000208,538,156,382
123000209,2858,713,2145
123000210,698,2047,-1349
123000211,537,1546,-1009
123000212,2272,438,1834
123000213,638,75,563
123000215,81,139,-58
123000216,123,489,-366
123000217,160,27,133
123000218,27,418,-391
123000219,531,46,485
123000220,481,62,419
123000221,206,105,101
123000222,287,182,105
123000223,239,187,52
123000224,330,346,-16
123000225,201,38,163
123000226,55,216,-161
123000227,86,230,-144
123000228,226,41,185
123000229,620,942,-322
123000232,76,392,-316
123000233,639,122,517
123000234,112,406,-294
123000235,892,197,695
123000236,204,467,-263
123000237,300,64,236
123000238,41,312,-271
123000239,346,785,-439
123000240,35,306,-271
123000241,375,62,313
123000242,68,115,-47
123000243,534,896,-362
123000244,951,579,372
123000245,37,110,-73
123000249,301,368,-67
123000252,681,195,486
123000253,928,447,481
123000254,513,691,-178
123000255,870,640,230
123000256,41,167,-126
123000257,1798,1234,564
123000258,686,529,157
123000259,308,366,-58
123000260,480,265,215
123000261,136,83,53
123000263,238,190,48
123000264,137,140,-3
123000265,56,125,-69
123000266,445,472,-27
123000267,461,322,139
123000268,75,82,-7
123000269,149,51,98
123000270,96,65,31
123000271,67,52,15
123000272,622,258,364
123000273,253,491,-238
123000274,950,416,534
123000275,192,552,-360
123000278,1798,1928,-130
123000279,92,48,44
123000280,275,229,46
123000281,230,63,167
123000282,73,250,-177
123000283,55,64,-9
123000284,63,53,10
123000286,258,261,-3
123000287,628,317,311
123000288,1167,534,633
123000289,336,731,-395
123000291,216,693,-477
123000294,243,308,-65
123000295,1021,984,37
123000296,671,578,93
123000297,615,449,166
123000298,910,672,238
123000299,328,351,-23
123000300,757,683,74
123000301,123,170,-47
123000302,92,136,-44
123000303,105,200,-95
123000305,644,754,-110
123000306,98,121,-23
123000309,71,42,29
123000310,58,48,10
123000311,1,109,-108
123000312,348,408,-60
123000313,427,243,184
123000315,215,233,-18
123000316,689,265,424
123000317,346,92,254
123000318,76,248,-172
123000329,7,6,1
123000337,1151,475,676
123000338,229,57,172
123000339,185,70,115
123000340,274,458,-184
123000342,7,80,-73
123000343,37,6,31
123000344,1081,355,726
123000345,342,498,-156
123000346,415,41,374
123000352,801,694,107
123000353,36,104,-68
123000354,159,5,154
123000355,1,232,-231
123000356,264,2,262
123000357,0,67,-67
123000359,5,93,-88
123000360,159,59,100
123000361,149,230,-81
123000362,247,68,179
123000363,71,120,-49
123000364,349,380,-31
123000365,11,239,-228
123000366,339,1511,-1172
123000367,207,511,-304
123000370,26,222,-196
123000371,364,31,333
123000372,225,18,207
123000373,13,257,-244
123000374,44,136,-92
123000375,413,13,400
123000376,1029,764,265
123000377,209,13,196
123000378,3,117,-114
123000379,3,119,-116
123000380,42,305,-263
123000381,112,61,51
123000382,641,83,558
123000383,125,923,-798
123000384,367,83,284
123000385,114,369,-255
123000436,40,739,-699
123000507,123,178,-55
123000508,191,743,-552
123000517,240,39,201
123000518,24,199,-175
123000519,132,46,86
123000520,37,180,-143
123000521,310,84,226
123000522,123,281,-158
123000541,4,0,4
123000542,0,8,-8
123000565,679,63,616
123000566,247,377,-130
123000567,162,158,4
123000573,43,506,-463
123000574,484,44,440
123000575,923,742,181
123000576,652,824,-172
123000577,45,449,-404
123000578,354,68,286
123000579,1589,3731,-2142
123000580,251,67,184
123000582,307,32,275
123000583,8,178,-170
123000584,165,191,-26
123000585,1,67,-66
123000586,62,10,52
123000596,305,145,160
123000597,111,187,-76
123000602,88,11,77
123000603,652,402,250
123000604,428,518,-90
123000605,598,21,577
123000606,0,310,-310
123000609,16,273,-257
123000610,126,94,32
123000613,51,171,-120
123000614,201,31,170
123000615,51,111,-60
123000616,502,45,457
123000617,103,245,-142
123000618,72,398,-326
123000619,426,27,399
123000620,16,243,-227
123000622,314,13,301
123000624,122,72,50
123000630,1161,375,786
123000631,211,735,-524
123000632,547,558,-11
123000633,1,188,-187
123000634,50,107,-57
123000635,86,71,15
123000636,70,279,-209
123000637,144,25,119
123000638,436,20,416
123000639,652,2902,-2250
123000640,48,450,-402
123000648,406,80,326
123000649,52,291,-239
123000650,44,38,6
123000651,10,103,-93
123900001,910,48,862
123900002,20,912,-892
123900003,127,268,-141
123900005,175,187,-12
123900006,225,45,180
124000001,1190,108,1082
124000002,48,799,-751
124000003,744,145,599
124000004,72,349,-277
124000005,789,223,566
124000006,166,623,-457
124000007,317,91,226
124000008,6,295,-289
124000009,621,132,489
124000010,126,297,-171
124000011,608,181,427
124000012,165,313,-148
124000017,183,104,79
124000018,99,43,56
124000019,93,131,-38
124000020,42,155,-113
124000021,119,80,39
124000022,93,149,-56
124000023,566,284,282
124000024,160,162,-2
124000025,607,530,77
124000026,294,200,94
124000027,1506,882,624
124000028,1691,884,807
124000031,1153,2153,-1000
124000032,1441,612,829
124000033,814,439,375
124000034,485,787,-302
124000035,313,149,164
124000036,125,405,-280
124000037,272,943,-671
124000038,30,63,-33
124000039,544,431,113
124000040,326,863,-537
124000041,288,46,242
124000042,64,316,-252
124000043,58,86,-28
124000044,44,167,-123
124000045,687,432,255
124000046,243,532,-289
124000047,1210,628,582
124000048,636,835,-199
124000049,1318,522,796
124000050,641,969,-328
124000051,728,390,338
124000052,522,535,-13
124000053,470,1241,-771
124000054,774,326,448
124000055,1213,2052,-839
124000056,1519,1014,505
124000057,926,441,485
124000058,404,951,-547
124000059,649,944,-295
124000060,750,485,265
124000061,1244,4530,-3286
124000062,2350,1244,1106
124000063,1042,1215,-173
124000064,1506,1052,454
124000065,9,62,-53
124000066,148,32,116
124000067,188,83,105
124000068,65,160,-95
124000069,460,113,347
124000070,190,269,-79
124000071,265,24,241
124000072,25,23,2
124000073,440,92,348
124000074,189,478,-289
124000075,238,25,213
124000076,9,141,-132
124000077,945,709,236
124000078,1579,1004,575
124000079,235,1148,-913
124000080,463,152,311
124000081,148,373,-225
124000082,95,121,-26
124000083,106,102,4
124000084,63,416,-353
124000085,63,56,7
124000086,161,76,85
124000088,91,260,-169
124000089,655,219,436
124000090,176,317,-141
124000091,475,102,373
124000092,168,463,-295
124000093,122,67,55
124000094,93,332,-239
124000095,100,82,18
124000096,132,150,-18
124000097,120,181,-61
124000098,61,99,-38
124000099,203,67,136
124000100,61,98,-37
124000101,61,68,-7
124000102,90,44,46
124000103,111,90,21
124000104,73,32,41
124000105,75,87,-12
124000106,93,41,52
124000107,13,159,-146
124000108,42,16,26
124000109,127,116,11
124000110,215,97,118
124000111,197,120,77
124000112,556,482,74
124000113,72,119,-47
124000114,286,324,-38
124000115,287,562,-275
124000116,86,155,-69
124000117,67,96,-29
124000118,21,106,-85
124000119,634,355,279
124000120,422,361,61
124000121,1087,487,600
124000122,430,918,-488
124000123,728,355,373
124000124,322,694,-372
124000125,280,349,-69
124000126,266,423,-157
124000127,798,273,525
124000128,454,619,-165
124000129,1826,1210,616
124000130,604,437,167
124000131,692,495,197
124000132,621,629,-8
124000133,884,538,346
124000134,427,249,178
124000135,1717,1394,323
124000136,638,548,90
124000137,970,734,236
124000138,1019,1165,-146
124000139,618,57,561
124000140,62,333,-271
124000141,654,38,616
124000142,31,407,-376
124000143,98,17,81
124000144,7,131,-124
124000145,95,33,62
124000146,13,71,-58
124000148,23,78,-55
124000149,1033,333,700
124000150,234,524,-290
124000151,587,139,448
124000152,477,725,-248
124000153,696,529,167
124000154,312,492,-180
124000155,1019,648,371
124000156,1088,731,357
124000169,173,310,-137
124000170,389,291,98
124000171,216,158,58
124000172,225,351,-126
124000173,396,163,233
124000174,334,442,-108
124000175,0,83,-83
124000176,27,14,13
124000177,12,31,-19
124000178,42,46,-4
124000185,36,12,24
124000186,4,48,-44
124000187,4,40,-36
124000188,60,11,49
124000190,67,49,18
124000191,70,202,-132
124000192,812,261,551
124000193,163,616,-453
124000194,384,319,65
124000195,271,510,-239
124000196,954,799,155
124000197,44,31,13
124000198,34,52,-18
124000201,197,525,-328
124000202,377,46,331
124000203,183,337,-154
124000204,647,4,643
124000205,87,279,-192
124000206,642,47,595
124000207,0,20,-20
124000209,153,242,-89
124000210,463,123,340
124000211,585,3,582
124000212,0,236,-236
124000213,382,153,229
124000214,360,450,-90
124000215,316,19,297
124000216,2,285,-283
124000329,14,481,-467
124000338,143,776,-633
124000339,825,76,749
124000341,1131,65,1066
124000344,40,4,36
124000357,1620,2663,-1043
124000358,1149,1794,-645
124000359,1043,652,391
124000360,779,418,361
124000361,1154,606,548
124000362,835,1093,-258
124000363,227,339,-112
124000364,481,621,-140
124000365,483,865,-382
124000366,1243,1046,197
124000367,80,326,-246
124000368,321,327,-6
124000369,132,93,39
124000370,42,331,-289
124000402,18,12,6
124000403,185,10,175
124000404,11,79,-68
124000405,856,549,307
124000406,596,584,12
124000407,4,28,-24
124000411,7,189,-182
124000412,369,11,358
124000413,133,16,117
124000414,69,79,-10
124000415,58,80,-22
124000416,176,174,2
124000417,173,82,91
124000418,185,51,134
124000419,96,106,-10
124000420,73,47,26
124000421,43,120,-77
124000422,31,21,10
124000423,107,32,75
124000424,5,84,-79
124000425,142,11,131
124000426,3,143,-140
124000427,164,9,155
124000428,8,48,-40
124000429,66,27,39
124000430,442,158,284
124000431,266,301,-35
124000432,186,477,-291
124000439,4,3,1
124000443,0,2,-2
124000445,200,953,-753
124000446,912,366,546
124000447,30,116,-86
124000448,80,5,75
124000449,120,9,111
124000450,40,127,-87
124000451,2,86,-84
124000452,238,107,131
124000453,2196,3191,-995
124000454,1280,2839,-1559
124900001,501,324,177
124900002,96,183,-87
124900003,659,199,460
124900004,601,251,350
124900005,184,83,101
124900006,603,265,338
124900008,978,612,366
124900009,134,242,-108
124900010,143,118,25
124900011,456,249,207
124900012,312,90,222
124900013,628,157,471
124900014,415,102,313
124900015,116,228,-112
124900016,53,60,-7
124900017,493,1201,-708
124900018,304,16,288
124900020,72,41,31
124900021,293,49,244
124900024,231,2,229
124900026,150,2,148
124900027,95,316,-221
124900028,245,60,185
124900030,3,57,-54
124900031,34,144,-110
124900033,114,168,-54
124900035,111,260,-149
124900036,6,88,-82
124900037,165,151,14
124900039,1,89,-88
124900040,19,96,-77
124900042,99,36,63
124900043,162,593,-431
124900044,101,4,97
124900045,397,775,-378
124900047,480,296,184
124900050,350,213,137
124900052,55,246,-191
124900053,280,511,-231
124900054,515,461,54
124900055,14,230,-216
124900057,11,115,-104
124900060,548,365,183
124900061,148,8,140
124900062,176,5,171
124900066,1,154,-153
124900067,12,269,-257
124900068,167,386,-219
124900070,77,291,-214
124900072,277,52,225
124900075,433,397,36
124900076,84,1484,-1400
124900077,173,263,-90
124900078,71,8,63
124900080,401,561,-160
124900081,943,238,705
124900082,526,888,-362
124900083,459,838,-379
124900085,1317,952,365
124900086,48,1064,-1016
124900087,1154,116,1038
124900088,831,159,672
124900089,1246,135,1111
124900090,221,192,29
124900091,255,177,78
124900092,144,140,4
124900093,268,111,157
124900094,374,169,205
124900095,59,352,-293
124900096,347,202,145
124900097,356,49,307
124900098,125,208,-83
124900099,353,342,11
124900100,269,26,243
124900101,28,5,23
124900102,206,14,192
124900103,126,136,-10
124900104,74,122,-48
124900105,125,63,62
124900106,282,14,268
124900107,102,11,91
124900108,228,108,120
124900111,17,150,-133
124900112,199,410,-211
124900113,88,262,-174
124900114,86,178,-92
124900115,28,28,0
124900116,142,168,-26
124900117,192,143,49
124900118,76,317,-241
124900119,292,90,202
124900120,43,258,-215
124900121,252,173,79
124900122,203,181,22
124900123,299,414,-115
124900124,260,392,-132
124900125,53,3,50
124900126,0,47,-47
204000001,138,5,133
204000002,21,10,11
204000003,22,2,20
204000004,5,3,2
204000005,626,524,102
204000006,1102,1015,87
204000011,20,34,-14
204000012,72,116,-44
204000019,558,391,167
204000020,535,510,25
204000021,1139,597,542
204000022,503,381,122
204000023,571,577,-6
204000031,74,18,56
204000032,276,18,258
204000034,28,117,-89
204000035,1,0,1
204000036,0,13,-13
204000037,1,14,-13
204000038,2,16,-14
204000039,1,14,-13
204000040,3,10,-7
204000041,6,17,-11
204000042,30,6,24
204000043,38,3,35
204000044,26,0,26
204000045,39,3,36
204000046,4,3,1
204000057,8,7,1
204000062,29,62,-33
204000068,30,258,-228
204000069,52,295,-243
204000070,56,68,-12
204000080,70,63,7
204000085,1939,1088,851
204000086,1839,1296,543
204000087,42,7,35
204000088,3,81,-78
204000090,58,209,-151
204000093,356,79,277
204000096,741,1007,-266
204000097,300,20,280
204000099,866,1281,-415
204000100,1026,1617,-591
204000105,1798,974,824
204000110,388,771,-383
204000111,430,428,2
204000112,456,470,-14
204000113,356,482,-126
204000114,540,459,81
204000115,453,278,175
204000116,492,476,16
204000119,1686,2181,-495
204000132,738,342,396
204000133,903,173,730
204000134,196,72,124
204000135,620,65,555
204000136,666,139,527
204000138,404,445,-41
204000140,307,137,170
204000141,182,56,126
204000144,9,18,-9
204000145,376,25,351
204000146,19,238,-219
204000147,40,131,-91
204000148,233,34,199
204000154,7,4,3
204000155,1,3,-2
204000177,52,30,22
204000179,18,6,12
204000180,0,34,-34
204000222,0,3,-3
204000235,9,7,2
204000236,49,165,-116
204000238,19,24,-5
204000240,259,73,186
204000263,620,820,-200
204000268,824,562,262
204000308,100,17,83
204000317,14,72,-58
204000322,8,19,-11
204000323,5,4,1
204000328,183,67,116
204000329,56,171,-115
204000330,169,58,111
204000331,81,111,-30
205000001,708,1380,-672
205000013,1,61,-60
205000014,10,86,-76
205000015,30,160,-130
205000016,14,95,-81
205000017,20,57,-37
205000022,327,669,-342
205000025,1107,948,159
205000029,168,5,163
205000045,124,516,-392
205000046,117,615,-498
205000047,41,399,-358
205000048,323,751,-428
205000049,147,638,-491
205000050,634,286,348
205000059,0,171,-171
205000060,0,85,-85
205000061,5,81,-76
205000062,2,66,-64
205000063,23,131,-108
205000064,25,59,-34
205000065,50,410,-360
205000066,115,486,-371
205000067,38,585,-547
205000069,223,15,208
205000082,155,107,48
205000110,108,219,-111
205000111,224,259,-35
205000112,140,147,-7
205000113,175,300,-125
205000121,160,32,128
205000123,31,171,-140
205000126,348,67,281
205000127,752,134,618
205000128,351,57,294
205000129,627,58,569
205000130,104,26,78
205000131,82,7,75
205000132,92,3,89
205000133,89,0,89
205000134,266,1,265
205000137,58,98,-40
205000138,83,220,-137
205000139,20,120,-100
205000144,90,66,24
205000145,247,130,117
205000151,101,18,83
205000152,163,12,151
205000153,204,13,191
205000154,54,22,32
205000155,64,7,57
205000207,16,133,-117
205000233,25,0,25
205000234,0,0,0
205000243,1,0,1
205000244,1,4,-3
205000245,13,123,-110
205000249,0,9,-9
205000250,6,1,5
205000264,5,60,-55
206000027,6,1,5
206000028,4,0,4
206000043,11,46,-35
206000053,2,7,-5
206000054,0,27,-27
206000055,0,8,-8
206000075,5,25,-20
206000076,10,18,-8
206000077,22,4,18
206000078,19,8,11
206000079,16,22,-6
206000082,340,30,310
206000100,43,347,-304
206000103,5,11,-6
206000104,13,26,-13
206000105,9,8,1
206000106,7,27,-20
206000125,55,0,55
206000157,43,345,-302
206000170,2,80,-78
206000171,3,127,-124
206000172,23,201,-178
206000173,4,105,-101
206000174,8,33,-25
206000175,2,59,-57
206000176,12,110,-98
206000177,1,85,-84
206000178,1,191,-190
206000179,3,64,-61
206000180,4,80,-76
206000181,3,58,-55
206000182,2,64,-62
206000183,7,267,-260
206000184,7,185,-178
206000185,5,57,-52
206000186,62,492,-430
206000223,6,125,-119
206000226,11,2,9
206000227,11,3,8
206000237,34,175,-141
206000238,10,352,-342
206000239,204,1062,-858
206000240,1,41,-40
206000241,0,68,-68
206000242,12,134,-122
206000243,8,99,-91
206000244,24,283,-259
206000245,567,32,535
206000246,189,13,176
206000247,192,2,190
206000248,290,26,264
206000252,35,45,-10
206000258,17,45,-28
206000315,40,9,31
206000317,408,91,317
206000318,432,45,387
206000319,1176,65,1111
206000320,186,27,159
206000321,151,16,135
206000322,362,20,342
206000323,158,8,150
206000324,150,11,139
206000325,158,9,149
206000326,164,9,155
206000327,93,7,86
206000328,132,7,125
206000329,202,6,196
206000330,47,3,44
206000331,184,1,183
206000332,32,4,28
206000333,508,1,507
206000334,207,15,192
206000335,1,6,-5
206000361,4,109,-105
206000392,2,10,-8
206000405,126,0,126
206000441,23,21,2
206000498,29,0,29
206000515,58,30,28
206000530,281,48,233
206000531,204,163,41
206000532,1409,185,1224
206000535,133,1221,-1088
206000536,17,119,-102
206000537,4,88,-84
206000613,1196,244,952
206000784,397,35,362
207000001,129,483,-354
207000002,102,333,-231
207000003,130,139,-9
207000007,1021,254,767
207000008,151,10,141
207000009,68,50,18
207000010,321,247,74
207000012,351,189,162
207000015,240,808,-568
207000019,212,64,148
207000021,397,144,253
207000022,114,92,22
207000023,166,49,117
207000024,2,13,-11
207000025,13,88,-75
207000026,58,43,15
207000027,15,87,-72
207000028,39,136,-97
207000029,153,314,-161
207000033,197,340,-143
207000034,233,77,156
207000039,402,104,298
207000040,315,63,252
207000041,69,41,28
207000042,157,45,112
207000043,209,148,61
207000051,90,147,-57
207000052,31,93,-62
207000053,353,327,26
207000054,52,50,2
207000055,178,94,84
207000056,288,291,-3
207000057,109,235,-126
207000058,178,230,-52
207000059,110,366,-256
207000060,40,149,-109
207000061,199,474,-275
207000062,332,37,295
207000063,320,105,215
207000064,329,121,208
207000065,290,191,99
207000066,189,165,24
207000067,49,76,-27
207000068,140,41,99
207000069,674,278,396
207000082,9,216,-207
207000083,79,198,-119
207000084,221,235,-14
207000085,182,16,166
207000086,178,12,166
207000106,62,31,31
207000107,82,20,62
207000108,94,8,86
207000109,70,13,57
207000110,56,74,-18
207000111,94,103,-9
207000112,117,575,-458
207000114,18,36,-18
207000115,13,61,-48
207000116,24,303,-279
207000117,8,67,-59
207000118,7,43,-36
207000119,34,38,-4
207000123,164,23,141
207000124,77,23,54
207000125,51,43,8
207000126,42,59,-17
207000134,97,159,-62
207000135,30,141,-111
207000148,66,286,-220
207000149,47,60,-13
207000152,134,337,-203
207000153,613,931,-318
207000154,322,123,199
207000159,128,103,25
207000160,122,232,-110
207000238,0,180,-180
207000242,5,123,-118
207000248,42,19,23
207000249,106,28,78
207000250,499,56,443
207000251,114,65,49
207000252,74,49,25
207000278,109,51,58
207000279,10,75,-65
207000280,554,72,482
207000281,132,554,-422
207000282,150,98,52
207000283,70,207,-137
207000284,40,193,-153
207000285,99,89,10
207000291,19,81,-62
207000304,77,64,13
207000306,84,260,-176
207000310,105,71,34
207000353,305,7,298
207000356,16,17,-1
207000357,15,35,-20
207000358,2,29,-27
207000415,4,160,-156
207000417,35,7,28
207000418,101,104,-3
207000438,0,0,0
207000439,711,542,169
207000446,172,16,156
207000460,22,5,17
207000466,155,98,57
207000467,190,86,104
207000468,50,209,-159
207000476,10,39,-29
207000477,511,57,454
207000478,2,44,-42
207000523,0,17,-17
207000524,94,0,94
207000527,148,120,28
207000530,461,9,452
207000531,327,16,311
207000532,57,33,24
207000534,266,56,210
207000535,33,238,-205
207000537,23,83,-60
207000540,18,150,-132
207000541,5,235,-230
207000548,7,166,-159
207000549,403,20,383
207000561,157,180,-23
207000562,37,137,-100
207000567,140,193,-53
207000568,216,58,158
207000569,454,481,-27
207000584,229,126,103
207000585,29,313,-284
207000587,165,19,146
207000616,0,89,-89
207000617,103,0,103
207000624,47,65,-18
207000631,12,96,-84
207900008,208,78,130
208000001,467,971,-504
208000002,674,448,226
208000003,1171,359,812
208000004,1052,613,439
208000005,5,15,-10
208000019,516,764,-248
208000020,178,409,-231
208000021,303,243,60
208000022,1066,425,641
208000028,743,916,-173
208000033,524,390,134
208000034,1003,1044,-41
208000037,202,14,188
208000040,118,176,-58
208000041,665,445,220
208000042,972,476,496
208000047,116,158,-42
208000064,1710,1237,473
208000066,1271,2128,-857
208000070,376,285,91
208000071,291,545,-254
208000072,282,850,-568
208000080,298,334,-36
208000081,383,135,248
208000082,282,189,93
208000083,105,271,-166
208000084,12,14,-2
208000085,819,519,300
208000086,391,941,-550
208000087,268,576,-308
208000089,1011,255,756
208000090,869,409,460
208000093,113,158,-45
208000094,485,304,181
208000095,557,373,184
208000104,769,701,68
208000105,561,752,-191
208000114,85,279,-194
208000115,483,249,234
208000116,576,858,-282
208000117,122,166,-44
208000118,82,119,-37
208000155,539,836,-297
208000158,1276,2966,-1690
208000186,2893,3803,-910
208000204,673,763,-90
208000205,1138,680,458
208000282,4332,2820,1512
209000004,349,182,167
209000005,56,34,22
209000006,302,153,149
209000007,223,259,-36
209000010,317,107,210
209000011,96,177,-81
209000012,179,93,86
209000013,151,178,-27
209000014,340,565,-225
209000025,331,37,294
209000026,556,107,449
209000027,410,478,-68
209000028,226,403,-177
209000029,333,392,-59
209000030,337,663,-326
209000031,1617,1266,351
209000034,161,199,-38
209000035,135,252,-117
209000036,232,132,100
209000037,306,221,85
209000038,141,164,-23
209000039,57,177,-120
209000040,225,419,-194
209000041,171,373,-202
209000042,255,345,-90
209000043,490,852,-362
209000044,159,871,-712
209000045,1127,330,797
209000046,496,360,136
209000047,346,158,188
209000048,451,218,233
209000049,94,58,36
209000050,170,124,46
209000051,241,189,52
209000052,179,175,4
209000062,78,55,23
209000063,49,37,12
209000064,37,52,-15
209000065,108,23,85
209000066,83,30,53
209000067,98,39,59
209000080,20,160,-140
209000082,60,36,24
209000091,43,62,-19
209000093,37,27,10
209000094,127,119,8
209000110,29,121,-92
209000111,398,1120,-722
209000112,730,439,291
209000113,1199,450,749
209000114,522,393,129
209000115,61,80,-19
209000116,410,211,199
209000118,10,37,-27
209000119,19,17,2
209000121,116,308,-192
209000135,63,201,-138
209000142,541,1116,-575
209000143,50,46,4
209000144,39,98,-59
209000229,239,137,102
209000240,29,179,-150
209000259,63,68,-5
209000260,36,570,-534
209000261,2,297,-295
209000262,0,242,-242
209000263,0,122,-122
209000264,0,96,-96
209000265,322,7,315
209000266,81,0,81
209000267,769,9,760
209000268,490,49,441
210000037,60,16,44
210000047,76,22,54
210000048,91,11,80
210000049,45,11,34
210000052,55,47,8
210000053,30,26,4
210000054,51,54,-3
210000070,134,4,130
210000071,128,0,128
210000072,26,0,26
210000073,0,24,-24
210000074,1,114,-113
210000075,0,116,-116
210000076,18,136,-118
210000077,6,47,-41
210000078,21,40,-19
210000079,29,17,12
210000080,86,94,-8
210000081,123,19,104
210000082,109,1,108
210000083,83,0,83
210000084,60,0,60
210000085,0,46,-46
210000086,2,55,-53
210000099,21,213,-192
210000100,37,118,-81
210000101,84,108,-24
210000105,15,125,-110
210000159,0,126,-126
210000163,79,177,-98
210000164,281,190,91
210000168,149,30,119
210000187,0,10,-10
210000188,0,14,-14
210000214,17,0,17
210000219,35,43,-8
210000220,108,67,41
210000232,2,15,-13
210000233,41,43,-2
210000234,25,86,-61
210000235,36,41,-5
210000245,0,29,-29
210000246,12,0,12
210000258,10,48,-38
210000259,342,69,273
210000282,95,209,-114
210000285,3,77,-74
210000286,16,99,-83
210000290,1,22,-21
210000295,32,89,-57
210000296,39,30,9
210000320,189,38,151
210000321,102,38,64
210000338,45,41,4
210000339,260,932,-672
210000340,96,299,-203
210000341,161,233,-72
210000342,197,164,33
210000343,149,169,-20
210000344,140,119,21
210000345,155,157,-2
210000346,66,104,-38
210000347,39,44,-5
210000348,109,27,82
210000349,54,32,22
210000350,118,56,62
210000351,177,77,100
210000352,50,59,-9
210000353,43,81,-38
210000354,60,74,-14
210000355,43,64,-21
210000356,34,81,-47
210000357,68,85,-17
210000358,238,149,89
210000359,81,104,-23
210000360,144,145,-1
210000361,158,173,-15
210000362,248,169,79
210000363,736,327,409
210000364,119,126,-7
210000365,108,83,25
210000366,132,66,66
210000367,102,33,69
210000368,172,20,152
210000369,25,58,-33
210000370,39,39,0
210000372,18,33,-15
210000373,29,18,11
210000374,65,86,-21
210000375,20,55,-35
210000376,47,90,-43
210000404,54,93,-39
210000439,31,26,5
210000472,83,4,79
210000482,72,60,12
210000564,293,249,44
210000567,2,42,-40
210000568,298,0,298
211000092,55,40,15
211000094,11,6,5
211000169,169,4,165
211000172,1,172,-171
211000209,1,17,-16
211000226,7,24,-17
211000270,21,11,10
211000275,11,11,0
211000276,53,15,38
211000279,8,15,-7
211000281,46,21,25
211000302,30,37,-7
211507980,6,47,-41
211977296,44,2,42
212000003,114,43,71
212000004,31,48,-17
212000005,19,27,-8
212000006,29,39,-10
212000008,165,118,47
212000009,31,84,-53
212000012,89,78,11
212000013,29,32,-3
212000014,202,137,65
212000015,274,211,63
212000016,400,422,-22
212000027,486,313,173
212000028,327,325,2
212000029,246,214,32
212000030,65,18,47
212000031,72,46,26
212000048,35,115,-80
212000049,16,78,-62
212000050,24,4,20
212000051,228,135,93
212000052,156,157,-1
212000053,313,303,10
212000054,244,90,154
212000055,254,155,99
212000056,16,44,-28
212000057,13,25,-12
212000058,179,43,136
212000070,87,131,-44
212000077,143,401,-258
212000099,245,250,-5
212000108,138,199,-61
212000111,176,66,110
212000120,99,61,38
212000138,109,28,81
212000156,7,87,-80
212000158,14,17,-3
212000159,477,33,444
212000160,566,224,342
212000161,72,14,58
212000310,26,11,15
212000311,12,60,-48
212000374,27,6,21
213000001,38,236,-198
213000005,266,86,180
213000006,733,220,513
213000007,111,13,98
213000009,706,404,302
213000010,192,313,-121
213000011,170,93,77
213000012,123,178,-55
213000014,98,26,72
213000015,283,12,271
213000016,343,2,341
213000017,80,2,78
213000018,1,131,-130
213000019,1,152,-151
213000020,100,247,-147
213000021,0,119,-119
213000023,347,201,146
213000033,244,1500,-1256
213000034,842,232,610
213000035,127,182,-55
213000045,163,235,-72
213000046,179,134,45
213000047,625,1187,-562
213000056,91,18,73
213000069,87,2,85
213000073,0,53,-53
213000074,59,308,-249
213000075,483,7,476
213000076,31,0,31
213000085,4,17,-13
213000086,13,112,-99
213000091,221,9,212
213000092,81,12,69
213000099,169,993,-824
213000100,914,252,662
213000101,419,90,329
213000102,490,207,283
213000103,715,613,102
213000104,48,262,-214
213000105,2,153,-151
213000106,33,84,-51
213000107,145,352,-207
213000108,40,277,-237
213000109,9,176,-167
213000110,10,62,-52
213000111,4,74,-70
213000112,134,88,46
213000115,65,14,51
213000116,33,289,-256
213000117,8,501,-493
213000118,286,196,90
213000119,36,434,-398
213000120,83,280,-197
213000122,132,360,-228
213000123,233,723,-490
213000124,83,717,-634
213000125,139,19,120
213000126,45,107,-62
213000127,151,198,-47
213000128,353,819,-466
213000129,220,592,-372
213000130,536,252,284
213000132,312,94,218
213000133,507,89,418
213000134,834,26,808
213000136,534,28,506
213000137,452,63,389
213000139,311,24,287
213000147,81,13,68
213000148,33,13,20
213000149,31,9,22
213000150,0,135,-135
213000151,6,122,-116
213000152,3,93,-90
213000153,4,112,-108
213000154,25,124,-99
213000155,32,146,-114
213000156,80,308,-228
213000157,446,266,180
213000158,308,746,-438
213000159,424,379,45
213000163,802,103,699
213000165,798,239,559
213000171,62,72,-10
213000172,60,179,-119
213000173,41,186,-145
213000174,5,103,-98
213000175,48,59,-11
213000176,22,106,-84
213000177,79,21,58
213000178,180,21,159
213000179,240,44,196
213000180,181,65,116
213000184,56,296,-240
213000188,245,82,163
213000189,326,39,287
213000190,582,481,101
213000191,240,294,-54
213000192,187,203,-16
213000193,573,219,354
213000194,2,68,-66
213000195,21,260,-239
213000196,214,891,-677
213000197,388,410,-22
213000198,56,5,51
213000200,92,580,-488
213000201,51,42,9
213000202,8,457,-449
213000203,2663,575,2088
213000204,699,71,628
213000205,266,69,197
213000206,348,42,306
213000207,146,10,136
213000208,78,2,76
213000209,136,10,126
213000210,287,12,275
213000211,6,23,-17
213000212,32,52,-20
213000213,17,58,-41
213000218,197,322,-125
213000219,445,10,435
213000220,293,7,286
213000223,123,235,-112
213000224,36,57,-21
213000225,79,14,65
213000226,59,11,48
213000227,767,187,580
213000228,336,104,232
213000229,143,36,107
213000230,456,26,430
213000232,44,776,-732
213000233,6,60,-54
213000234,6,40,-34
213000293,28,109,-81
213000294,152,22,130
213000295,12,92,-80
213000296,39,14,25
213000297,11,55,-44
213000298,8,59,-51
213000299,21,27,-6
213000300,38,5,33
213000303,4,38,-34
213000304,2,16,-14
213000305,5,9,-4
213000306,45,24,21
213000307,106,52,54
213000308,64,133,-69
213000309,127,45,82
213000310,261,169,92
213000311,186,590,-404
213000315,84,66,18
213000316,140,46,94
213000322,44,39,5
213000323,34,45,-11
213000340,143,353,-210
213000341,487,95,392
213000346,150,192,-42
213000347,462,330,132
213000348,24,86,-62
213000349,39,7,32
213000350,274,684,-410
213000366,59,205,-146
213000367,244,12,232
213000379,59,47,12
213000386,10,233,-223
213000406,62,266,-204
213000417,1103,388,715
213000425,173,18,155
213000426,155,49,106
213000427,38,141,-103
213000428,44,115,-71
213000429,10,5,5
213000430,127,410,-283
213000431,37,2,35
213000432,12,47,-35
213000433,13,92,-79
213000435,162,81,81
213000439,40,12,28
213000441,7,1,6
213000443,333,276,57
213000445,0,72,-72
213000446,3,30,-27
213000447,3,44,-41
213000448,106,176,-70
213000449,300,3,297
213000450,62,97,-35
213000451,47,38,9
213000452,166,66,100
213000453,46,202,-156
213000455,362,25,337
213000456,1,300,-299
213000481,5,4,1
213000482,19,3,16
213000489,164,50,114
213000491,2,182,-180
213000492,242,30,212
213000493,0,98,-98
213000494,235,90,145
213000495,0,65,-65
213000496,306,116,190
213000497,27,189,-162
213000498,118,130,-12
213000499,174,307,-133
213000500,456,76,380
213000501,94,25,69
213000502,135,78,57
213000503,0,34,-34
213000504,8,46,-38
213000505,21,14,7
213000506,0,7,-7
213000507,10,87,-77
213900244,47,1,46
213900245,0,13,-13
218000003,23,21,2
218000004,22,32,-10
218000005,30,30,0
218000006,27,26,1
218000007,10,8,2
218000012,114,122,-8
218000013,117,127,-10
218000014,315,336,-21
218000019,569,407,162
218000020,204,298,-94
218000040,9,3,6
218000046,30,105,-75
218000047,15,141,-126
218000048,48,108,-60
218000049,87,104,-17
218000050,262,208,54
218000051,71,227,-156
218000052,2,74,-72
218000053,8,16,-8
218000054,8,61,-53
218000055,10,21,-11
218000056,16,40,-24
218000057,2,19,-17
218000064,1,10,-9
218000065,58,31,27
218000066,16,64,-48
218000067,41,50,-9
218000068,87,48,39
218000069,192,114,78
218000070,135,218,-83
218000071,181,209,-28
218000072,201,169,32
218000078,821,512,309
218000079,119,40,79
218000080,106,43,63
218000081,351,138,213
218000082,52,80,-28
218000083,76,35,41
218000084,122,60,62
218000085,173,194,-21
218000086,92,80,12
218000087,151,117,34
218000090,20,98,-78
218000091,901,443,458
218000092,59,129,-70
218000093,90,42,48
218000094,452,508,-56
218000099,270,553,-283
218000100,265,234,31
218000101,196,148,48
218000102,421,194,227
218000103,82,68,14
218000104,68,25,43
218000105,17,11,6
218000106,11,8,3
218000107,62,62,0
218000108,9,33,-24
218000112,37,31,6
218000117,53,34,19
218000134,463,407,56
218000135,35,82,-47
218000136,108,81,27
218000137,174,110,64
218000138,18,70,-52
218000139,169,229,-60
218000140,414,252,162
218000141,61,65,-4
218000142,184,113,71
218000143,104,206,-102
218000144,49,61,-12
218000145,345,209,136
218000146,76,120,-44
218000151,11,18,-7
218000152,125,46,79
218000170,9,31,-22
218000171,41,12,29
218000172,8,12,-4
218000173,20,25,-5
218000174,15,6,9
218000176,120,21,99
218000177,197,151,46
218000178,64,160,-96
218000179,87,37,50
218000180,67,20,47
218000181,125,26,99
218000187,4,21,-17
218000188,37,37,0
218000189,29,55,-26
218000190,0,15,-15
218000191,163,42,121
218000192,140,169,-29
218000193,419,257,162
218000194,116,183,-67
218000195,85,50,35
218000196,269,160,109
218000197,315,202,113
218000198,32,77,-45
218000199,38,24,14
218000200,61,34,27
218000201,18,14,4
218000202,77,202,-125
218000207,4,20,-16
218000208,20,43,-23
218000211,30,20,10
218000213,86,108,-22
218000214,4,25,-21
218000215,42,54,-12
218000217,5,104,-99
218000218,97,46,51
218000219,11,14,-3
218000220,48,257,-209
218000221,431,168,263
218000222,4,32,-28
218000223,23,218,-195
218000224,4,128,-124
218000225,139,12,127
218000226,94,46,48
218000232,47,52,-5
218000239,146,14,132
218000240,34,3,31
218000241,36,3,33
218000242,52,4,48
218000243,78,7,71
218000244,52,14,38
218000245,19,2,17
218000246,7,1,6
218000247,3,0,3
218000248,0,8,-8
218000249,1,0,1
218000250,3,5,-2
218000251,4,42,-38
218000252,0,117,-117
218000253,5,62,-57
218000254,2,36,-34
218000255,13,36,-23
218000256,18,93,-75
218000267,421,882,-461
218000268,25,39,-14
218000269,3,21,-18
218000270,121,65,56
218000271,23,74,-51
218000273,13,5,8
218000274,22,1,21
218000275,25,37,-12
218000276,17,35,-18
218000278,21,34,-13
218000279,85,41,44
218000280,9,46,-37
218000281,18,13,5
218000282,386,408,-22
218000284,45,5,40
218000301,61,91,-30
218000302,101,57,44
218000303,35,76,-41
218000316,609,802,-193
218000317,929,753,176
218000318,634,510,124
218000319,1010,550,460
218000320,768,468,300
218000338,43,18,25
218000345,65,80,-15
218000346,25,166,-141
218000459,18,188,-170
218000490,30,33,-3
218000501,100,29,71
218000502,29,52,-23
218000503,100,17,83
218000504,220,32,188
218000505,71,122,-51
218000506,32,240,-208
218000508,1,7,-6
218000510,135,9,126
218000520,111,76,35
218000521,13,34,-21
218000522,0,78,-78
218000523,99,2,97
218000524,24,178,-154
218000525,103,12,91
218000526,25,160,-135
218000529,37,142,-105
218000531,43,16,27
218000532,27,7,20
218000534,120,17,103
218000537,32,63,-31
218000538,94,215,-121
218000540,97,60,37
218000543,142,37,105
218000544,26,47,-21
218000545,36,39,-3
218000546,23,51,-28
218000547,74,125,-51
218000548,91,91,0
218000549,300,365,-65
218000550,165,222,-57
218000551,110,795,-685
218000552,260,53,207
218000553,44,97,-53
218000554,33,32,1
218000555,15,32,-17
218000556,171,167,4
218000557,221,141,80
218000558,67,0,67
218000559,0,28,-28
218000560,1,33,-32
218000561,17,0,17
218000562,31,141,-110
218000563,162,10,152
218000564,6,91,-85
218000565,122,27,95
218000566,274,12,262
218000567,2,69,-67
218000568,46,2,44
218000569,12,183,-171
218000570,152,9,143
218000571,7,97,-90
218000572,111,4,107
218000573,11,213,-202
218000574,140,24,116
218000575,115,0,115
218000576,3,69,-66
218000577,109,0,109
218000578,0,81,-81
218000579,19,5,14
218000581,7,30,-23
218000582,35,1,34
218000583,8,0,8
218000584,1,13,-12
218000585,68,3,65
218000586,15,37,-22
218000587,2,1,1
218000588,3,5,-2
218000589,0,8,-8
218000590,9,0,9
218000591,1,6,-5
218000592,8,1,7
218000593,4,2,2
218000594,1,2,-1
218000597,0,0,0
218000598,0,0,0
218000599,0,0,0
218000600,1,0,1
218000601,1,1,0
218000602,0,3,-3
218000603,0,4,-4
218000604,3,1,2
218000605,0,42,-42
218000606,66,0,66
218000607,11,20,-9
218000608,54,10,44
218000609,1,35,-34
218000610,61,7,54
218000611,20,2,18
218000612,0,18,-18
218000613,26,1,25
218000614,0,27,-27
218000615,186,0,186
218000616,5,59,-54
218000617,13,3,10
218000618,0,11,-11
218000619,16,19,-3
218000620,5,19,-14
218000621,0,0,0
218000622,0,9,-9
218000623,167,7,160
218000624,11,17,-6
218000625,9,2,7
218000626,0,9,-9
218000628,191,41,150
218000631,41,14,27
218000632,1,77,-76
218000633,87,1,86
218000634,7,14,-7
218000635,9,10,-1
218000636,610,664,-54
218000637,882,302,580
218000638,175,23,152
218000639,14,98,-84
218000640,175,21,154
218000641,63,199,-136
218000652,29,56,-27
218000653,126,16,110
218000663,15,219,-204
218000675,61,36,25
218000680,202,275,-73
218000681,391,157,234
218000691,192,142,50
218000693,186,124,62
218000718,244,798,-554
218000719,471,475,-4
218000720,19,290,-271
218000721,152,17,135
218001147,4,138,-134
218001214,7,44,-37
218001258,293,8,285
218001329,122,94,28
218001330,119,73,46
218001351,34,8,26
218001352,8,14,-6
218001353,16,8,8
218001354,12,27,-15
218001355,23,184,-161
218001356,334,26,308
218001357,56,122,-66
218001358,215,17,198
218001361,270,12,258
218001362,1,120,-119
219000001,30,26,4
219000002,37,45,-8
219000003,54,29,25
219000004,55,64,-9
219000017,70,47,23
219000020,115,37,78
219000022,144,4,140
219000023,100,1,99
219000029,0,76,-76
219000034,47,17,30
219000039,35,128,-93
219000040,55,86,-31
219000041,136,29,107
219000051,0,49,-49
219000052,0,22,-22
219000053,0,64,-64
219000055,201,2,199
219000056,14,0,14
219000057,46,0,46
219000062,20,67,-47
219000063,66,3,63
219000064,1,58,-57
219000110,289,125,164
219000111,102,75,27
219000112,131,65,66
219000113,159,45,114
219000114,177,67,110
219000116,119,46,73
219000117,182,38,144
219000118,165,48,117
219000123,166,62,104
219000124,81,57,24
219000125,27,13,14
219000126,56,96,-40
219000127,0,2,-2
219000128,11,95,-84
219000129,21,116,-95
219000130,381,448,-67
219000131,631,767,-136
219000133,41,53,-12
219000134,18,22,-4
219000135,23,59,-36
219000136,92,188,-96
219000138,60,18,42
219000139,41,42,-1
219000140,60,0,60
219000141,24,75,-51
219000142,10,59,-49
219000143,15,83,-68
219000145,25,38,-13
219000146,7,17,-10
219000147,2,20,-18
219000148,2,15,-13
219000149,9,65,-56
219000150,1,55,-54
219000151,6,28,-22
219000157,267,106,161
219000158,178,216,-38
219000161,82,4,78
219000163,1043,448,595
219000166,83,153,-70
219000167,115,190,-75
219000168,197,87,110
219000174,378,150,228
219000175,56,9,47
219000176,96,10,86
219000177,35,1,34
219000178,33,3,30
219000179,17,3,14
219000180,32,25,7
219000182,127,16,111
219000183,65,19,46
219000184,124,3,121
219000185,5,31,-26
219000186,63,27,36
219000187,20,68,-48
219000189,66,166,-100
219000190,58,191,-133
219000191,515,1089,-574
219000192,183,165,18
219000193,164,146,18
219000195,0,52,-52
219000196,5,66,-61
219000198,23,60,-37
219000199,52,207,-155
219000200,32,152,-120
219000201,60,155,-95
219000203,25,112,-87
219000204,72,325,-253
219000205,45,169,-124
219000207,123,163,-40
219000209,26,69,-43
219000210,20,90,-70
219000213,10,106,-96
219000239,173,172,1
219000240,176,261,-85
219000241,116,131,-15
219000242,37,119,-82
219000243,67,210,-143
219000244,18,73,-55
219000245,29,31,-2
219000246,29,21,8
219000247,133,32,101
219000248,373,395,-22
219000249,87,112,-25
219000250,137,72,65
219000251,429,263,166
219000252,204,113,91
219000253,411,102,309
219000255,104,103,1
219000256,146,98,48
219000257,81,0,81
219000262,84,79,5
219000263,52,125,-73
219000267,2,56,-54
219000268,3,1,2
219000269,0,1,-1
219000270,15,0,15
219000271,116,1,115
219000278,0,6,-6
219000279,1,3,-2
219000283,0,6,-6
219000295,15,78,-63
219000296,50,274,-224
219000297,12,79,-67
219000298,10,86,-76
219000299,396,63,333
219000300,17,122,-105
219000301,220,265,-45
219000302,27,245,-218
219000307,31,53,-22
219000308,55,43,12
219000311,188,52,136
219000312,597,154,443
219000313,358,47,311
219000314,43,264,-221
219000315,251,50,201
219000316,459,40,419
219000317,141,17,124
219000320,2,56,-54
219000321,0,7,-7
219000323,3,44,-41
219000325,2,15,-13
219000326,61,61,0
219000327,66,20,46
219000328,39,39,0
219000329,188,126,62
219000330,33,27,6
219000331,63,36,27
219000332,111,78,33
219000333,18,4,14
219000335,49,3,46
219000337,15,0,15
219000338,74,0,74
219000344,16,53,-37
219000345,48,40,8
219000346,58,113,-55
219000348,146,42,104
219000349,59,96,-37
219000350,69,367,-298
219000351,4,8,-4
219000352,179,115,64
219000353,86,61,25
219000354,165,90,75
219000355,122,66,56
219000356,776,1052,-276
219000363,169,61,108
219000364,104,55,49
219000365,93,30,63
219000366,226,345,-119
219000368,270,475,-205
219000370,771,473,298
219000371,13,26,-13
219000382,10,11,-1
219000383,446,867,-421
219000385,338,385,-47
219000386,561,1254,-693
219000387,3,12,-9
219000390,1,2,-1
219000391,2,1,1
219000397,53,49,4
219000398,63,61,2
219000401,8,81,-73
219000402,38,100,-62
219000403,173,359,-186
219000404,32,141,-109
219000407,1,30,-29
219000409,49,47,2
219000410,117,30,87
219000411,64,14,50
219000446,95,283,-188
219000447,4,18,-14
219000448,10,8,2
219000452,132,99,33
219000453,66,160,-94
219000454,162,236,-74
219000556,262,72,190
219000558,252,109,143
219000590,27,120,-93
219000591,80,75,5
219000592,77,231,-154
219000595,1,21,-20
219000635,167,33,134
219000636,31,47,-16
219000657,10,17,-7
219000658,21,105,-84
219000673,1,15,-14
219000676,8,2,6
219000679,29,10,19
219000684,104,1,103
219000685,0,26,-26
219000686,2,5,-3
219000688,1,36,-35
219000689,9,165,-156
219000690,121,18,103
219000691,44,182,-138
219000692,159,29,130
219000693,0,17,-17
219000694,7,0,7
219000695,22,4,18
219000698,12,0,12
219000699,0,16,-16
219000727,0,83,-83
219000728,95,3,92
219000770,51,0,51
219000771,23,38,-15
219000788,309,248,61
219001150,0,22,-22
219001151,1,1,0
219001166,45,36,9
219001167,1,75,-74
219001178,37,2,35
220000001,23,61,-38
220000002,12,86,-74
220000003,241,135,106
220000004,273,294,-21
220000005,762,1066,-304
220000006,188,573,-385
220000007,330,310,20
220000008,274,522,-248
220000009,196,278,-82
220000010,121,70,51
220000011,373,2481,-2108
220000012,119,188,-69
220000014,131,49,82
220000015,61,252,-191
220000017,59,142,-83
220000018,2686,504,2182
220000019,70,293,-223
220000020,355,181,174
220000021,718,158,560
220000022,722,349,373
220000023,366,146,220
220000024,1192,349,843
220000025,559,888,-329
220000026,255,286,-31
220000027,27,82,-55
220000028,42,40,2
220000029,35,63,-28
220000030,61,85,-24
220000031,403,315,88
220000064,8,634,-626
221000046,4,0,4
221000047,0,2,-2
221000048,0,5,-5
221000049,0,16,-16
221000050,12,0,12
221000055,33,40,-7
221000068,240,152,88
221000069,259,56,203
221000070,196,24,172
221000071,87,8,79
221000072,234,10,224
221000073,150,39,111
221000074,0,27,-27
221000075,12,25,-13
221000076,37,21,16
221000077,25,70,-45
221000081,97,24,73
221000082,69,10,59
221000083,33,1,32
221000084,14,2,12
221000085,10,39,-29
221000086,17,68,-51
221000087,5,81,-76
221000088,7,159,-152
221000089,23,192,-169
221000090,74,400,-326
221000098,104,14,90
221000099,196,16,180
221000100,93,5,88
221000101,276,13,263
221000102,3,0,3
221000107,23,4,19
221000108,21,13,8
221000109,1,7,-6
221000110,6,103,-97
221000111,29,210,-181
221000112,7,126,-119
221000113,18,114,-96
221000114,4,102,-98
221000120,36,25,11
221000121,6,35,-29
221000122,30,20,10
221000123,13,25,-12
221000124,22,92,-70
221000155,67,11,56
221000156,51,44,7
221000175,1,13,-12
221000176,1,3,-2
221000182,44,6,38
221000241,621,306,315
221000242,123,401,-278
221000243,555,226,329
221000244,190,483,-293
221000245,104,129,-25
221000246,56,272,-216
221000247,138,137,1
221000248,227,135,92
221000267,50,408,-358
221000325,74,43,31
221000331,11,31,-20
221000338,13,15,-2
221000378,134,40,94
221000381,42,47,-5
222000282,16,3,13
222000296,2,13,-11
222000568,257,24,233
222000569,136,36,100
222000570,87,29,58
222000571,291,17,274
222000577,6,86,-80
222000578,30,102,-72
222000579,41,86,-45
222000580,86,501,-415
222000599,0,83,-83
222000600,0,195,-195
222000601,6,644,-638
222000603,24,52,-28
222000604,4,31,-27
222000605,24,32,-8
222000606,2,14,-12
222000607,4,11,-7
222000608,28,9,19
222000609,46,78,-32
222000616,277,23,254
222000617,38,20,18
222000618,28,6,22
222000620,37,16,21
222000621,48,13,35
222000623,406,9,397
222000624,264,3,261
222000625,428,10,418
222000636,28,2,26
222000686,160,21,139
222000687,44,23,21
222001066,183,2,181
222001067,15,2,13
222001068,63,25,38
222001069,49,20,29
222001082,6,26,-20
222001083,18,35,-17
222001084,0,33,-33
222001085,1,50,-49
222001111,29,102,-73
222001112,122,26,96
222001313,29,7,22
222001314,3,112,-109
222001464,106,23,83
222001465,36,100,-64
222001484,103,29,74
222001485,47,35,12
222001494,341,110,231
222001495,63,138,-75
222001496,232,46,186
222001497,96,193,-97
222001502,14,69,-55
222001503,78,30,48
222001504,16,201,-185
222001505,271,14,257
222001506,36,212,-176
222001507,182,25,157
222001510,391,23,368
222001511,43,179,-136
222001514,445,116,329
222001515,157,353,-196
222001518,247,41,206
222001519,44,127,-83
222001527,102,46,56
222001528,27,132,-105
222001529,227,29,198
222001530,67,167,-100
222001533,70,170,-100
222001534,221,48,173
222001535,190,177,13
222001536,56,146,-90
222001537,235,43,192
222001538,65,277,-212
222001563,631,106,525
222001564,67,333,-266
222001568,293,144,149
222001576,0,3,-3
222001579,0,7,-7
222001583,14,95,-81
222001584,91,12,79
222001596,379,758,-379
222001597,1152,277,875
222001626,0,91,-91
222001650,63,82,-19
222001651,49,148,-99
222001914,100,47,53
222001915,40,148,-108
222001968,384,246,138
222001969,344,432,-88
222001970,170,176,-6
222001971,21,9,12
222001972,4,30,-26
225000001,324,128,196
225000002,458,118,340
225000003,520,69,451
225000004,343,181,162
225000005,64,46,18
225000006,0,130,-130
225000007,994,991,3
225000010,226,6,220
225000011,208,678,-470
225000012,244,411,-167
225000013,95,92,3
225000014,558,72,486
225000015,71,123,-52
225000021,638,109,529
225000027,155,314,-159
225000032,547,73,474
225000042,42,419,-377
225000049,22,50,-28
225000050,89,8,81
225000053,8,207,-199
225000058,581,159,422
225000067,86,103,-17
225000068,76,219,-143
225000069,104,323,-219
225000070,78,277,-199
225000071,27,107,-80
225000075,26,392,-366
225000076,67,123,-56
225000078,56,30,26
225000085,66,137,-71
225000086,265,62,203
225000087,146,12,134
225000088,9,139,-130
225000089,179,739,-560
225000090,23,290,-267
225000091,166,96,70
225000092,42,71,-29
225000093,180,214,-34
225000094,10,218,-208
225000095,246,276,-30
225000096,295,310,-15
225000098,610,285,325
225000099,307,147,160
225000100,452,218,234
225000104,142,516,-374
225000110,8,502,-494
225000111,310,1244,-934
225000112,416,1540,-1124
225000113,252,1056,-804
225000114,134,442,-308
225000115,1900,1022,878
225000116,1708,330,1378
225000117,1208,418,790
225000118,1624,336,1288
225000119,358,116,242
225000120,1028,60,968
225000121,316,58,258
225000123,1054,12,1042
225000125,668,288,380
225000126,1092,212,880
225000127,1258,1736,-478
225000128,1022,1328,-306
225000132,696,32,664
225000133,242,44,198
225000134,1220,292,928
225000135,104,10,94
225000136,568,30,538
225000137,414,104,310
225000138,786,104,682
225000143,58,300,-242
225000144,4,476,-472
225000145,54,44,10
225000146,102,172,-70
225000147,78,416,-338
225000148,4,290,-286
225000149,132,628,-496
225000151,98,212,-114
225000155,834,664,170
225000156,298,1102,-804
225000157,440,554,-114
225000158,102,302,-200
225000171,26,298,-272
225000180,98,2,96
225000181,0,86,-86
225000182,110,14,96
225000185,4,570,-566
225000187,38,582,-544
225000191,148,4,144
225000194,0,26,-26
225000208,0,56,-56
225000209,128,28,100
225000210,6,368,-362
225000217,0,22,-22
225000218,12,0,12
225000223,0,136,-136
225000224,86,0,86
225000225,0,68,-68
225000226,180,2,178
225000227,42,148,-106
225000228,18,10,8
225000229,0,110,-110
225000230,42,0,42
225000231,0,100,-100
225000232,186,0,186
225000241,114,4,110
225000242,2,58,-56
225000249,36,0,36
225000250,76,828,-752
225000251,584,24,560
226000042,404,566,-162
226000043,86,350,-264
226000044,180,656,-476
226000045,122,450,-328
226000046,728,150,578
226000047,640,166,474
226000048,654,206,448
226000049,570,312,258
226000070,0,64,-64
226000071,0,110,-110
226000072,0,26,-26
226000073,0,10,-10
226000074,0,10,-10
226000084,20,82,-62
226000085,0,4,-4
226000086,0,30,-30
226000087,6,16,-10
226000088,20,34,-14
226000090,486,202,284
226000091,28,66,-38
226000092,20,22,-2
226000093,34,2,32
226000094,4,2,2
226000095,38,4,34
226000105,32,2,30
226000106,14,0,14
226000107,18,0,18
226000108,36,0,36
226000109,164,2,162
226000124,134,108,26
226000134,1292,820,472
226000135,2074,1006,1068
226000136,786,630,156
226000137,14,404,-390
226000138,14,288,-274
226000139,2,30,-28
226000156,310,4,306
226000157,364,24,340
226000163,198,264,-66
226000202,30,390,-360
226000231,874,28,846
226000232,36,14,22
227000033,784,226,558
227000036,598,78,520
227000037,564,64,500
227000038,608,106,502
227000049,0,32,-32
227000050,0,98,-98
227000055,200,2,198
227000056,106,4,102
227000084,4,142,-138
227000085,4,90,-86
227000088,92,8,84
227000089,236,2,234
227000090,82,6,76
227000091,32,4,28
227000093,300,4,296
227000094,38,2,36
227000130,126,134,-8
227000131,36,260,-224
227000132,28,234,-206
227000133,10,222,-212
227000134,42,442,-400
227000152,0,12,-12
227000153,0,134,-134
227000155,4,42,-38
227000156,2,32,-30
227000165,14,82,-68
227000196,408,208,200
227000199,546,426,120
227000230,16,294,-278
227000232,518,40,478
227000242,92,548,-456
227000243,754,170,584
227000245,58,482,-424
227000246,180,646,-466
227000247,714,184,530
227000248,282,84,198
227000249,48,268,-220
227000250,664,376,288
227000251,164,420,-256
227000252,28,406,-378
227000253,278,42,236
227000262,898,122,776
227000266,1560,22,1538
227000267,34,1394,-1360
227000282,6,124,-118
227000284,664,24,640
227000286,2,78,-76
227000287,26,104,-78
227000291,14,422,-408
227000484,240,18,222
227000485,10,948,-938
227000655,242,22,220
227000656,680,42,638
227000657,122,10,112
227000661,202,18,184
227000680,680,246,434
229000265,6,58,-52
229000296,0,30,-30
229000297,8,26,-18
229000298,12,182,-170
229000320,12,10,2
229000321,16,4,12
229000412,32,64,-32
229000414,10,128,-118
229000415,46,0,46
229000416,0,22,-22
229000417,0,14,-14
229000419,90,484,-394
229000440,512,106,406
229000442,32,4,28
229000443,14,8,6
229000444,0,42,-42
229000445,82,18,64
229000446,112,30,82
229000847,62,2,60
229000848,52,0,52
229000849,168,2,166
229000851,52,4,48
229000854,0,26,-26
229000856,0,136,-136
229000857,0,46,-46
229000858,2,66,-64
229000919,18,122,-104
229000930,8,364,-356
229000937,196,14,182
229000966,98,44,54
229000981,74,62,12
229000985,22,40,-18
229000986,0,2,-2
229000987,0,6,-6
229000988,8,10,-2
229000989,12,6,6
229000990,0,0,0
229000991,0,0,0
229000992,10,8,2
229000993,184,18,166
229000998,18,74,-56
229000999,102,6,96
229001034,0,14,-14
229001035,12,0,12
229001037,38,12,26
229001042,28,18,10
229001047,20,54,-34
229001050,34,58,-24
229001200,20,2,18
229001338,0,20,-20
229001394,442,4,438
229001422,186,44,142
229001423,48,182,-134
229001431,122,108,14
229001432,76,100,-24
229001444,238,62,176
229001445,80,208,-128
229001503,446,154,292
229001504,250,270,-20
229001505,286,66,220
229001506,128,202,-74
229001509,48,26,22
229001545,166,10,156
229001546,18,130,-112
229001553,176,26,150
229001554,24,116,-92
229001559,2,30,-28
229001560,8,46,-38
229001630,90,14,76
229001631,14,40,-26
229001635,0,16,-16
229001636,40,2,38
229001658,0,148,-148
229001659,76,0,76
229001660,44,8,36
229001661,2,24,-22
229001662,28,0,28
229001663,0,26,-26
229002584,228,190,38
229002831,206,218,-12
229002841,42,34,8
229002842,12,12,0
229002843,78,18,60
229002844,80,34,46
229002845,36,88,-52
229002846,92,22,70
229002847,8,4,4
229002848,4,10,-6
229002849,6,182,-176
229002850,28,2,26
229002851,72,292,-220
229002852,378,62,316
229002853,300,8,292
229002854,68,64,4
229002855,22,62,-40
229002856,82,28,54
229002857,18,296,-278
229002858,50,4,46
229002859,48,158,-110
229002860,678,30,648
229002861,38,12,26
229002862,54,22,32
229002863,28,16,12
229002864,48,30,18
229002865,10,14,-4
229002866,26,12,14
229002867,2,24,-22
229002868,6,38,-32
229002869,26,162,-136
229002870,110,16,94
235000066,480,106,374
235000067,148,170,-22
235000072,36,100,-64
235000073,156,488,-332
235000074,54,76,-22
235000080,24,194,-170
235000081,190,196,-6
235000082,416,54,362
235000083,296,96,200
235000084,94,126,-32
235000085,244,118,126
235000089,34,82,-48
235000092,56,202,-146
235000093,12,8,4
235000097,4,18,-14
235000098,160,28,132
235000099,68,46,22
235000116,128,60,68
235000117,1004,22,982
235000133,12,732,-720
235000134,20,266,-246
235000206,16,14,2
235000207,2,4,-2
235000208,14,4,10
235000209,40,2,38
235000210,10,4,6
235000212,34,44,-10
235000213,0,12,-12
235000220,20,4,16
235000221,86,30,56
235000238,34,168,-134
235000239,4,34,-30
235000242,494,1270,-776
235000245,1118,288,830
235000246,40,140,-100
235000284,8,196,-188
235000295,244,18,226
235000305,478,44,434
235000306,398,18,380
235000307,44,0,44
235000308,30,4,26
235000309,120,0,120
235000310,56,2,54
235000311,104,22,82
235000322,0,38,-38
235000323,2,90,-88
235000324,2,40,-38
235000325,0,10,-10
235000326,4,200,-196
235000351,6,92,-86
235000352,4,30,-26
235000353,10,42,-32
235000354,4,52,-48
235000355,24,68,-44
235000356,134,18,116
235000357,70,14,56
235000358,250,10,240
235000359,54,6,48
235000360,58,26,32
235000361,112,6,106
235000381,166,258,-92
235000382,258,34,224
235000390,32,2,30
235000391,268,30,238
235000392,280,584,-304
235000393,176,276,-100
235000395,256,58,198
235000396,888,124,764
235000400,94,158,-64
235000401,34,170,-136
235000405,148,440,-292
235000406,112,412,-300
235000407,114,130,-16
235000409,278,170,108
235000410,84,294,-210
235000411,4,102,-98
235000485,0,8,-8
235000486,18,0,18
235000549,128,122,6
235000550,100,244,-144
235000599,196,78,118
235000600,26,26,0
235000601,22,40,-18
235000602,144,116,28
235000614,2,10,-8
235000648,2,24,-22
235000649,88,2,86
235000685,0,10,-10
235000815,38,110,-72
235000834,0,12,-12
235000855,74,96,-22
235000862,64,196,-132
235000891,0,22,-22
235000892,16,4,12
235000901,166,116,50
235000907,10,54,-44
235001010,158,96,62
235001029,774,538,236
235001030,594,438,156
235001078,156,204,-48
235001079,152,148,4
235001147,54,94,-40
235001166,68,112,-44
235001167,76,62,14
235001169,78,472,-394
235001188,10,26,-16
235001189,22,4,18
235001197,18,64,-46
235001200,48,44,4
235001207,678,88,590
235001210,142,220,-78
235001215,78,282,-204
235001239,0,62,-62
235001244,0,14,-14
235016267,0,52,-52
277102712,0,0,0
277103813,0,0,0
277103814,0,0,0
277104249,0,2,-2
277104250,0,8,-8
277104251,0,8,-8
277104252,0,2,-2
990011530,0,256,-256
990014944,4,492,-488
990015176,134,0,134
990015618,0,64,-64
990016032,0,322,-322
990032570,0,68,-68
990070001,84,0,84
990070103,0,0,0
990070601,0,54,-54
990070751,1648,2,1646
990070766,0,698,-698
990071180,750,290,460
990071343,32,4,28
990071387,0,28,-28
990071823,50,0,50
990072600,12,1558,-1546
990072964,4,526,-522
990073285,0,4,-4
990074393,2,898,-896
990074870,2674,44,2630
990075106,2236,22,2214
990075746,1160,24,1136
990076437,2026,6,2020
990076458,0,996,-996
997000007,1202,50,1152
997000041,0,364,-364
997000058,112,0,112
997000062,102,54,48
997000069,0,4,-4
997000070,0,10,-10
997000100,24,6,18
997000141,10,1696,-1686
997000198,294,1482,-1188
998000475,4,54,-50
998000736,0,258,-258
998000965,0,16,-16
998001031,0,96,-96
998001700,0,0,0
998001899,0,2,-2
998001900,26,4,22
998003073,1338,12,1326
998101900,0,0,0
998102850,2,280,-278
998501927,1564,1342,222
998501929,248,14,234
998501930,68,0,68
998501931,154,8,146
998501932,6,0,6
998501933,160,66,94
998501937,6,6,0
998501944,12,0,12
998501950,0,6,-6
998501970,152,12,140
998501971,0,134,-134
998501973,0,50,-50
998501974,0,292,-292
998501975,154,6,148
998501976,270,10,260
998501977,2,38,-36
998501978,28,2,26
998501979,0,14,-14
998501980,126,0,126
998501981,120,2,118
998501982,0,140,-140
998501983,0,2,-2
998502006,0,0,0
998502024,0,24,-24
998502032,0,10,-10
998502062,20,0,20
998502063,0,0,0
998502173,56,0,56
998502269,2,8,-6
998502546,0,222,-222
998502578,4,4,0
998502599,78,442,-364
998502621,6,10,-4
998601159,0,176,-176
998601292,0,24,-24
999033574,2,432,-430
999800001,70,12,58
999800002,0,0,0
999800003,2,0,2
999800004,0,2,-2
999800005,0,22,-22
