ID,insum,outsum,diff
100000001,404,226,178
100000002,739,309,430
100000003,4712,959,3753
100000004,928,271,657
100000005,1254,1247,7
100000006,118,54,64
100000007,316,186,130
100000008,46,283,-237
100000009,100,62,38
100000010,7,26,-19
100000011,213,52,161
100000012,74,347,-273
100000013,9,102,-93
100000014,155,226,-71
100000015,378,387,-9
100000016,468,640,-172
100000017,253,559,-306
100000018,724,297,427
100000019,2660,792,1868
100000020,740,977,-237
100000021,3423,794,2629
100000022,558,347,211
100000023,2967,345,2622
100000025,1144,146,998
100000028,704,387,317
100000029,103,72,31
100000030,231,12,219
100000031,1975,1594,381
100000032,1286,1285,1
100000033,306,955,-649
100000034,455,130,325
100000035,768,385,383
100000036,1115,503,612
100000037,188,265,-77
100000038,383,352,31
100000039,247,99,148
100000040,41,55,-14
100000041,183,147,36
100000042,213,185,28
100000043,144,137,7
100000044,152,376,-224
100000045,228,739,-511
100000046,235,660,-425
100000047,119,470,-351
100000048,171,445,-274
100000049,749,1489,-740
100000051,202,733,-531
100000053,7,1,6
100000054,35,12,23
100000055,172,159,13
100000056,105,240,-135
100000057,661,341,320
100000058,271,727,-456
100000059,0,45,-45
100000060,114,142,-28
100000061,662,270,392
100000062,748,287,461
100000063,186,127,59
100000064,271,166,105
100000065,266,688,-422
100000066,68,529,-461
100000067,273,445,-172
100000068,197,763,-566
100000069,113,943,-830
100000072,234,699,-465
100000073,502,712,-210
100000075,272,219,53
100000076,1011,834,177
100000077,273,17,256
100000078,61,8,53
100000079,47,30,17
100000080,6,7,-1
100000081,18,15,3
100000102,962,571,391
100000103,1528,371,1157
100000104,1922,427,1495
100000105,1800,256,1544
100000106,863,425,438
100000107,133,124,9
100000108,372,690,-318
100000109,1472,605,867
100000116,483,217,266
100000117,19,8,11
100000118,598,335,263
100000119,314,302,12
100000121,59,397,-338
100000122,400,414,-14
100000123,2675,2239,436
100000124,5295,2488,2807
100000125,2115,468,1647
100000126,421,125,296
100000127,1265,242,1023
100000128,544,450,94
100000129,329,211,118
100000130,215,321,-106
100000131,2868,1284,1584
100000132,1461,667,794
100000133,5622,1496,4126
100000135,193,366,-173
100000139,94,324,-230
100000140,54,107,-53
100000142,125,342,-217
100000143,1146,732,414
100000144,2432,739,1693
100000147,448,933,-485
100000150,7,261,-254
100000151,173,198,-25
100000153,117,128,-11
100000154,22,35,-13
100000155,4,14,-10
100000156,9,57,-48
100000157,54,132,-78
100000158,51,76,-25
100000159,248,231,17
100000165,621,368,253
100000169,261,134,127
100000174,724,159,565
100000179,56,403,-347
100000180,413,555,-142
100000181,51,114,-63
100000188,15,164,-149
100000189,212,147,65
100000190,203,149,54
100000191,290,261,29
100000192,37,46,-9
100000193,82,73,9
100000330,849,224,625
100000355,281,315,-34
100000362,2238,1577,661
100000363,1107,1653,-546
100000364,230,139,91
100000365,1971,3058,-1087
100000366,2461,1380,1081
100000367,1247,1950,-703
100000368,1182,887,295
100000369,254,594,-340
100000370,24,172,-148
100000376,36,49,-13
100000379,1132,425,707
100000380,1745,828,917
100000384,2633,989,1644
100000385,2277,1173,1104
100000386,3664,1158,2506
100000387,3248,1185,2063
100000388,6039,1383,4656
100000389,5038,1286,3752
100000390,5599,1060,4539
100000391,3919,1373,2546
100000392,1713,442,1271
100000393,567,472,95
100000394,2741,1027,1714
100000395,1199,468,731
100000396,2102,635,1467
100000397,1004,534,470
100000398,6415,4089,2326
100000413,14,1,13
100900002,0,35,-35
100900003,74,65,9
100900004,20,579,-559
100900005,45,2,43
100900006,1,123,-122
100900007,53,2,51
100900008,1,356,-355
100900009,2,10,-8
100900010,8,77,-69
100900011,11,151,-140
100900012,0,178,-178
100900013,136,2,134
100900014,0,0,0
100900015,65,26,39
100900016,1,16,-15
100900017,163,23,140
100900018,0,5,-5
100900019,1,23,-22
100900020,92,0,92
100900021,477,1,476
100900022,0,10,-10
100900023,0,3,-3
100900024,197,1,196
100900025,1,2,-1
100900026,13,64,-51
100900027,220,1018,-798
100900028,34,63,-29
100900029,46,1,45
100900030,0,6,-6
100900031,99,19,80
100900032,38,0,38
100900033,96,44,52
100900034,109,1,108
100900035,105,0,105
100900036,12,0,12
100900037,15,176,-161
100900038,16,9,7
100900039,167,496,-329
100900040,166,620,-454
100900041,67,596,-529
100900042,138,184,-46
100900043,0,0,0
100900044,1439,129,1310
100900045,12,0,12
100900046,412,2,410
100900047,328,12,316
100900048,13,2,11
100900049,5,130,-125
100900050,0,3,-3
100900051,10,17,-7
100900052,34,20,14
100900053,45,13,32
100900054,0,88,-88
100900055,35,96,-61
100900056,19,39,-20
100900057,176,134,42
100900058,58,15,43
100900059,13,0,13
100900060,29,9,20
100900061,189,137,52
100900062,1,30,-29
100900063,28,273,-245
100900064,266,2,264
100900065,20,10,10
100900066,15,18,-3
100900067,2,2,0
100900068,8,81,-73
100900069,107,2,105
100900070,34,0,34
100900071,329,78,251
100900072,0,34,-34
100900073,33,381,-348
100900074,0,9,-9
100900075,1320,93,1227
100900076,15,6,9
100900077,0,89,-89
100900078,52,87,-35
100900079,0,19,-19
100900080,1,78,-77
100900081,8,25,-17
100900082,18,565,-547
100900083,1,30,-29
100900085,0,31,-31
100900086,35,165,-130
100900088,6,374,-368
100900089,0,18,-18
100900090,60,207,-147
100900091,1,12,-11
100900092,45,59,-14
100900093,31,56,-25
100900094,19,342,-323
100900095,0,18,-18
100900096,4,47,-43
100900097,1,3,-2
100900098,5,61,-56
100900099,15,270,-255
100900100,3,117,-114
100900101,163,11,152
100900102,0,8,-8
100900103,2,16,-14
100900104,6,60,-54
100900105,1,31,-30
100900106,31,0,31
100900107,792,194,598
100900108,0,2,-2
100900109,2,37,-35
100900110,0,9,-9
100900111,39,78,-39
100900112,0,2,-2
100900113,3,17,-14
100900114,0,8,-8
100900115,0,8,-8
100900116,271,141,130
100900117,105,154,-49
100900118,3,32,-29
100900119,0,6,-6
100900120,0,3,-3
100900121,75,114,-39
100900122,81,118,-37
100900123,11,24,-13
100900124,4,3,1
100900125,1,36,-35
100900126,12,72,-60
100900127,0,1,-1
100900128,53,46,7
100900129,0,27,-27
100900131,22,38,-16
100900133,9,17,-8
100900134,1,2,-1
100900135,0,42,-42
100900137,227,72,155
100900138,187,75,112
100900139,0,7,-7
100900140,1,537,-536
100900141,1,108,-107
100900142,0,2,-2
100900143,585,97,488
100900144,0,1,-1
100900145,8,48,-40
100900146,1,3,-2
100900147,3,81,-78
100900148,21,656,-635
100900149,3,26,-23
100900150,0,0,0
100900151,47,271,-224
100900152,55,1,54
100900153,0,69,-69
100900154,0,8,-8
100900155,0,1,-1
100900156,11,0,11
100900157,0,40,-40
100900159,0,3,-3
100900160,1,12,-11
100900161,72,1,71
100900162,0,67,-67
100900163,41,126,-85
100900164,2,22,-20
100900165,12,42,-30
100900166,12,0,12
100900167,0,45,-45
100900168,1,48,-47
100900169,104,779,-675
100900170,2,0,2
100900171,7,482,-475
100900172,0,0,0
100900173,0,393,-393
100900174,30,15,15
100900176,600,14,586
100900177,464,63,401
100900178,38,77,-39
100900179,32,22,10
100900180,1,1,0
100900181,24,3,21
100900182,20,3,17
100900184,2,43,-41
100900186,504,227,277
100900187,7,108,-101
100900188,26,5,21
100900189,306,40,266
100900191,592,268,324
100900192,91,31,60
100900195,28,79,-51
100900197,0,28,-28
100900198,1,70,-69
100900199,3,1,2
100900200,336,173,163
100900201,13,407,-394
100900202,0,0,0
100900203,0,19,-19
100900204,170,28,142
100900205,36,114,-78
100900206,18,8,10
100900207,81,40,41
100900210,30,459,-429
100900211,70,17,53
100900213,12,7,5
100900214,462,33,429
100900215,0,20,-20
100900217,24,9,15
101000001,2296,1270,1026
101000002,1946,1306,640
101000003,339,575,-236
101000004,5235,2901,2334
101000005,1022,1766,-744
101000006,5480,2855,2625
101000007,1182,1437,-255
101000008,1835,1220,615
101000009,692,1356,-664
101000010,358,851,-493
101000011,1142,276,866
101000012,1068,212,856
101000013,263,326,-63
101000014,243,230,13
101000015,461,467,-6
101000016,118,157,-39
101000017,228,210,18
101000018,1683,1006,677
101000020,2535,564,1971
101000021,479,106,373
101000022,120,33,87
101000023,830,427,403
101000025,67,151,-84
101000026,273,14,259
101000027,705,753,-48
101000028,511,66,445
101000029,5,342,-337
101000030,216,25,191
101000031,101,53,48
101000032,1925,1058,867
101000033,1215,877,338
101000034,1150,465,685
101000035,513,104,409
101000036,748,135,613
101000037,2121,482,1639
101000039,1716,410,1306
101000040,2034,1109,925
101000041,3484,1128,2356
101000042,226,242,-16
101000043,2550,1022,1528
101000045,401,145,256
101000046,923,387,536
101000047,508,506,2
101000048,255,321,-66
101000049,321,322,-1
101000050,742,247,495
101000051,919,441,478
101000052,818,225,593
101000053,426,652,-226
101000054,821,658,163
101000055,932,412,520
101000056,33,15,18
101000057,1138,272,866
101000058,884,236,648
101000059,1581,805,776
101000060,1191,106,1085
101000061,836,338,498
101000062,867,118,749
101000063,291,139,152
101000064,699,141,558
101000065,124,152,-28
101000066,167,78,89
101000067,373,144,229
101000068,164,94,70
101000069,246,24,222
101000070,1063,304,759
101000071,891,365,526
101000072,526,1323,-797
101000073,318,151,167
101000074,2038,946,1092
101000075,3670,1441,2229
101000077,737,709,28
101000078,628,764,-136
101000079,298,737,-439
101000080,429,433,-4
101000081,574,593,-19
101000082,1917,1319,598
101000083,962,744,218
101000084,589,733,-144
101000085,832,571,261
101000086,845,686,159
101000087,525,871,-346
101000088,462,458,4
101000089,394,618,-224
101000090,1347,888,459
101000091,194,902,-708
101000092,404,601,-197
101000093,689,422,267
101000094,199,649,-450
101000095,116,452,-336
101000096,195,337,-142
101000097,142,183,-41
101000098,244,262,-18
101000099,652,588,64
101000100,409,320,89
101000101,151,115,36
101000102,516,165,351
101000103,400,234,166
101000104,105,176,-71
101000105,648,93,555
101000106,309,203,106
101000107,80,145,-65
101000108,925,212,713
101000109,50,53,-3
101000110,10,432,-422
101000111,79,100,-21
101000113,81,154,-73
101000114,970,660,310
101000115,34,39,-5
101000116,10,52,-42
101000117,33,134,-101
101000119,66,7,59
101000120,148,5,143
101000121,40,7,33
101000122,33,9,24
101000123,25,16,9
101000124,227,173,54
101000125,81,264,-183
101000128,289,186,103
101000130,207,145,62
101000131,243,388,-145
101000132,163,1018,-855
101000135,39,0,39
101000136,81,40,41
101000137,22,75,-53
101000141,1065,563,502
101000147,604,399,205
101000148,1603,18,1585
101000149,81,17,64
101000150,12,825,-813
101000151,28,54,-26
101000152,255,214,41
101000153,405,229,176
101000154,66,1043,-977
101000155,50,55,-5
101000156,4,167,-163
101000157,50,5,45
101000160,23,40,-17
101000163,45,43,2
101000164,388,178,210
101000165,141,204,-63
101000166,138,207,-69
101000168,389,159,230
101000252,453,392,61
101000254,142,13,129
101000258,53,11,42
101000261,86,125,-39
101000262,272,535,-263
101000263,87,288,-201
101000265,22,275,-253
101000266,156,124,32
101000269,64,1,63
101000290,731,660,71
101000293,8,45,-37
101000294,271,328,-57
101000295,90,252,-162
101000301,458,50,408
101000304,915,1409,-494
101000305,1147,852,295
101000328,35,181,-146
101900001,25,63,-38
101900002,0,23,-23
101900003,72,51,21
101900004,2,19,-17
101900005,2757,402,2355
101900006,407,5,402
101900007,218,14,204
101900008,38,51,-13
101900009,9,91,-82
101900010,491,136,355
101900011,117,254,-137
101900012,50,61,-11
101900013,680,37,643
101900017,5,61,-56
101900018,1069,62,1007
101900019,83,33,50
101900020,46,36,10
101900021,0,14,-14
101900022,14,1049,-1035
101900023,26,160,-134
101900026,45,13,32
101900027,17,69,-52
102000001,880,1821,-941
102000002,1536,723,813
102000003,1964,2075,-111
102000004,4733,1081,3652
102000005,958,1108,-150
102000006,1067,550,517
102000007,785,2113,-1328
102000008,4455,802,3653
102000009,2737,3712,-975
102000010,3607,1484,2123
102000011,1592,1424,168
102000012,1717,1740,-23
102000018,1668,1107,561
102000019,1589,520,1069
102000026,119,165,-46
102000029,308,91,217
102000030,30,108,-78
102000031,7,113,-106
102000032,132,204,-72
102000033,83,252,-169
102000034,196,166,30
102000035,476,271,205
102000036,6,102,-96
102000037,99,46,53
102000038,38,48,-10
102000039,43,21,22
102000040,291,29,262
102000041,56,54,2
102000042,31,28,3
102000043,79,86,-7
102000044,134,279,-145
102000045,279,462,-183
102000046,416,240,176
102000047,389,558,-169
102000048,87,336,-249
102000049,302,242,60
102000050,390,544,-154
102000051,96,221,-125
102000052,455,406,49
102000053,274,381,-107
102000054,142,414,-272
102000055,378,683,-305
102000056,247,509,-262
102000057,629,272,357
102000058,675,1103,-428
102000059,853,653,200
102000060,618,415,203
102000061,600,1701,-1101
102000062,379,678,-299
102000063,659,850,-191
102000064,406,425,-19
102000065,11,81,-70
102000066,792,561,231
102000067,1549,1397,152
102000068,5063,1614,3449
102000069,20,959,-939
102000070,2061,67,1994
102000071,4058,5605,-1547
102000072,1991,2933,-942
102000073,235,674,-439
102000074,187,554,-367
102000075,132,209,-77
102000076,128,253,-125
102000077,164,918,-754
102000078,310,605,-295
102000079,39,211,-172
102000080,107,132,-25
102000081,143,511,-368
102000082,443,103,340
102000083,103,511,-408
102000084,78,291,-213
102000085,882,803,79
102000086,564,726,-162
102000087,316,1478,-1162
102000088,111,186,-75
102000089,348,372,-24
102000090,221,837,-616
102000091,663,308,355
102000092,295,494,-199
102000093,378,336,42
102000094,629,256,373
102000095,520,363,157
102000096,676,271,405
102000097,783,437,346
102000098,307,450,-143
102000099,418,235,183
102000100,489,348,141
102000101,582,143,439
102000102,280,781,-501
102000103,891,137,754
102000104,587,210,377
102000105,47,564,-517
102000106,221,535,-314
102000107,324,271,53
102000108,181,151,30
102000109,86,347,-261
102000110,303,1051,-748
102000111,3,166,-163
102000112,63,50,13
102000113,4,26,-22
102000114,499,175,324
102000115,147,82,65
102000116,150,137,13
102000117,125,289,-164
102000118,1201,545,656
102000119,1672,288,1384
102000120,40,252,-212
102000121,328,262,66
102000122,116,349,-233
102000123,694,419,275
102000124,458,457,1
102000125,345,330,15
102000126,241,324,-83
102000127,516,390,126
102000128,267,467,-200
102000129,346,566,-220
102000130,171,320,-149
102000131,262,330,-68
102000132,115,192,-77
102000133,498,1665,-1167
102000134,207,358,-151
102000135,632,293,339
102000136,569,135,434
102000137,309,341,-32
102000138,120,186,-66
102000139,47,179,-132
102000140,121,128,-7
102000141,81,319,-238
102000142,94,165,-71
102000143,19,237,-218
102000144,40,244,-204
102000145,100,251,-151
102000146,121,164,-43
102000147,159,124,35
102000148,92,91,1
102000149,71,408,-337
102000150,94,109,-15
102000151,37,175,-138
102000152,48,58,-10
102000153,243,98,145
102000154,174,243,-69
102000155,71,153,-82
102000156,173,26,147
102000157,49,79,-30
102000158,182,109,73
102000159,806,67,739
102000161,2425,490,1935
102000162,125,41,84
102000163,47,203,-156
102000164,515,288,227
102000165,152,39,113
102000166,27,93,-66
102000167,110,80,30
102000168,104,53,51
102000169,41,206,-165
102000170,488,62,426
102000171,80,34,46
102000172,26,94,-68
102000173,178,166,12
102000174,20,24,-4
102000175,62,111,-49
102000176,15,33,-18
102000178,135,384,-249
102000179,115,121,-6
102000180,189,353,-164
102000181,109,501,-392
102000182,173,477,-304
102000183,478,1258,-780
102000184,460,599,-139
102000185,676,1201,-525
102000186,312,1339,-1027
102000187,196,1219,-1023
102000188,235,945,-710
102000189,1878,581,1297
102000190,352,859,-507
102000191,682,275,407
102000192,361,630,-269
102000193,16,152,-136
102000194,35,103,-68
102000195,119,346,-227
102000196,35,365,-330
102000197,119,305,-186
102000198,65,602,-537
102000199,140,227,-87
102000200,119,725,-606
102000201,159,236,-77
102000202,2,79,-77
102000203,76,215,-139
102000204,118,583,-465
102000205,245,497,-252
102000206,187,383,-196
102000207,238,276,-38
102000208,92,333,-241
102000209,14,23,-9
102000210,57,367,-310
102000211,90,264,-174
102000212,37,9,28
102000213,1,234,-233
102000214,53,8,45
102000215,1,366,-365
102000216,11,19,-8
102000217,8,151,-143
102000218,53,34,19
102000219,182,190,-8
102000225,607,406,201
102000226,1594,127,1467
102000227,26,0,26
102000228,0,50,-50
102000229,9,9,0
102000230,125,387,-262
102000231,130,242,-112
102000232,7,70,-63
102000233,240,308,-68
102000234,46,941,-895
102000236,206,38,168
102000237,239,85,154
102000238,95,135,-40
102000240,526,301,225
102000241,128,37,91
102000243,4,20,-16
102000245,21,100,-79
102000246,22,11,11
102000247,1450,516,934
102000248,600,406,194
102000249,53,83,-30
102000250,31,315,-284
102000254,20,290,-270
102000266,20,95,-75
102000271,24,13,11
102000286,197,193,4
102000297,735,386,349
102000301,0,0,0
102000303,0,0,0
102000305,0,2,-2
102000307,0,2,-2
102900001,578,443,135
102900002,158,26,132
102900003,11,182,-171
102900005,109,187,-78
102900006,170,90,80
102900007,227,19,208
102900008,65,29,36
102900009,162,44,118
102900010,264,209,55
102900011,1168,115,1053
102900012,210,39,171
102900013,9,36,-27
102900015,369,76,293
102900016,19,72,-53
102900017,35,359,-324
102900018,6,98,-92
102900019,77,152,-75
102900020,25,12,13
102900021,3,50,-47
102900022,158,22,136
102900023,10,36,-26
102900024,7,45,-38
102900025,133,37,96
102900026,181,649,-468
102900027,35,43,-8
102900028,53,236,-183
102900029,37,55,-18
102900030,130,82,48
102900031,38,95,-57
102900032,4,92,-88
102900033,16,83,-67
102900034,83,86,-3
102900035,37,288,-251
102900036,31,432,-401
102900037,54,483,-429
102900038,178,255,-77
102900039,14,133,-119
102900040,45,83,-38
102900041,12,86,-74
102900042,65,186,-121
102900043,64,145,-81
102900044,212,1093,-881
102900045,26,320,-294
102900046,52,193,-141
102900047,30,504,-474
102900048,201,434,-233
102900049,19,188,-169
102900050,93,177,-84
102900051,58,91,-33
102900053,119,459,-340
102900054,446,337,109
102900055,9,39,-30
102900056,43,269,-226
102900057,0,15,-15
102900058,136,37,99
102900059,1,25,-24
102900060,31,211,-180
102900061,42,237,-195
102900062,39,949,-910
102900063,291,248,43
102900064,119,181,-62
102900065,940,445,495
102900066,126,6,120
102900068,24,37,-13
102900070,52,362,-310
102900072,11,10,1
102900073,53,2,51
102900075,12,8,4
102900076,64,19,45
102900077,6,13,-7
102900078,7,34,-27
102900079,92,3,89
102900080,88,9,79
102900081,42,126,-84
102900082,7,170,-163
102900083,155,1,154
102900084,2,3,-1
102900085,46,22,24
102900086,1,6,-5
102900087,6,59,-53
102900088,9,25,-16
102900089,122,73,49
102900090,3,255,-252
102900091,47,3,44
102900092,65,566,-501
102900094,0,29,-29
102900095,52,0,52
102900096,14,8,6
102900097,2,53,-51
103000001,1103,1804,-701
103000002,960,1107,-147
103000003,1558,1444,114
103000004,584,343,241
103000005,965,1388,-423
103000006,426,817,-391
103000007,302,533,-231
103000008,510,682,-172
103000009,319,400,-81
103000010,168,150,18
103000011,1019,482,537
103000012,467,644,-177
103000013,3554,1030,2524
103000014,702,748,-46
103000015,1387,498,889
103000016,360,453,-93
103000017,107,150,-43
103000018,578,215,363
103000019,84,85,-1
103000020,898,752,146
103000021,627,654,-27
103000022,748,994,-246
103000023,259,536,-277
103000024,83,113,-30
103000025,33,112,-79
103000026,1155,89,1066
103000027,165,143,22
103000028,356,170,186
103000029,197,57,140
103000030,1197,346,851
103000031,995,690,305
103000032,1845,1172,673
103000033,1737,1404,333
103000034,1017,403,614
103000035,235,464,-229
103000036,270,239,31
103000037,432,221,211
103000038,371,419,-48
103000039,75,292,-217
103000040,112,856,-744
103000041,1072,1944,-872
103000042,354,402,-48
103000043,156,852,-696
103000044,90,169,-79
103000046,106,195,-89
103000047,220,420,-200
103000048,87,66,21
103000049,46,112,-66
103000050,227,353,-126
103000051,135,248,-113
103000052,451,305,146
103000053,70,196,-126
103000054,724,599,125
103000055,722,874,-152
103000056,293,1557,-1264
103000057,287,179,108
103000058,159,647,-488
103000059,182,582,-400
103000060,528,475,53
103000061,271,469,-198
103000062,460,479,-19
103000063,347,437,-90
103000064,66,219,-153
103000065,6,278,-272
103000066,25,9,16
103000069,65,275,-210
103000070,334,806,-472
103000071,401,223,178
103000072,46,592,-546
103000073,139,47,92
103000074,183,31,152
103000075,73,483,-410
103000076,89,61,28
103000077,23,219,-196
103000078,805,98,707
103000079,845,235,610
103000080,512,57,455
103000081,197,277,-80
103000082,196,86,110
103000083,32,225,-193
103000084,103,3,100
103000085,0,59,-59
103000086,380,104,276
103000087,48,221,-173
103000088,217,169,48
103000089,103,175,-72
103000090,740,556,184
103000091,282,226,56
103000092,144,163,-19
103000093,208,369,-161
103000094,79,67,12
103000095,12,269,-257
103000096,386,33,353
103000097,22,435,-413
103000098,541,43,498
103000099,207,368,-161
103000100,26,470,-444
103000101,167,91,76
103000102,47,442,-395
103000103,195,109,86
103000104,25,106,-81
103000105,29,71,-42
103000106,0,63,-63
103000107,159,33,126
103000108,417,400,17
103000109,212,226,-14
103000110,256,189,67
103000111,263,230,33
103000112,105,167,-62
103000113,192,388,-196
103000114,427,139,288
103000115,173,306,-133
103000116,196,336,-140
103000117,108,317,-209
103000118,700,717,-17
103000119,1243,558,685
103000120,25,46,-21
103000121,255,543,-288
103000122,168,128,40
103000125,1,396,-395
103000126,128,2,126
103000127,1,240,-239
103000128,63,0,63
103000129,1,124,-123
103000130,3,13,-10
103000131,166,53,113
103000132,73,32,41
103000133,2,116,-114
103000134,369,273,96
103000135,405,118,287
103000136,365,189,176
103000137,294,321,-27
103000138,480,297,183
103000139,0,26,-26
103000140,67,9,58
103000141,1,59,-58
103000142,101,20,81
103000143,22,103,-81
103000144,77,38,39
103000145,6,29,-23
103000150,56,49,7
103000152,169,132,37
103000153,141,89,52
103000156,3,400,-397
103000157,118,5,113
103000159,29,26,3
103000162,27,8,19
103000163,6,14,-8
103000164,12,4,8
103000165,105,292,-187
103000166,39,74,-35
103000167,64,73,-9
103000168,40,91,-51
103000169,70,139,-69
103000170,388,350,38
103000171,14,36,-22
103000172,110,229,-119
103000173,87,464,-377
103000174,101,217,-116
103000175,91,384,-293
103000176,376,149,227
103000177,437,321,116
103000178,245,138,107
103000179,24,16,8
103000183,38,18,20
103000185,21,36,-15
103000186,41,118,-77
103000187,108,433,-325
103000188,3,43,-40
103000189,377,623,-246
103000191,297,260,37
103000292,1561,318,1243
103000293,920,467,453
103000295,43,34,9
103000296,43,6,37
103000297,21,3,18
103000504,37,12,25
103000505,12,6,6
103000506,1,166,-165
103000507,70,0,70
103000508,49,11,38
103000509,118,320,-202
103900001,0,179,-179
103900002,1157,71,1086
103900003,962,145,817
103900004,6,0,6
103900005,1,132,-131
103900006,1,27,-26
103900007,0,4,-4
103900008,2,0,2
103900009,76,128,-52
103900010,64,137,-73
103900011,38,175,-137
103900012,1,7,-6
103900013,2,64,-62
103900014,11,19,-8
103900015,19,16,3
103900016,102,220,-118
103900017,16,40,-24
103900018,499,75,424
103900019,26,79,-53
103900020,52,114,-62
103900021,437,99,338
103900022,292,401,-109
103900023,17,0,17
103900024,39,327,-288
103900025,1,17,-16
103900026,7,0,7
103900027,121,133,-12
103900028,5,114,-109
103900029,361,55,306
103900030,32,4,28
103900031,2,0,2
103900032,22,23,-1
103900033,18,3,15
103900034,15,148,-133
103900035,16,31,-15
103900036,21,8,13
103900037,5,14,-9
103900038,41,40,1
103900039,8,301,-293
103900040,5,120,-115
103900041,7,11,-4
103900042,39,456,-417
103900043,29,88,-59
103900044,85,45,40
103900045,82,65,17
103900047,12,21,-9
103900048,26,8,18
103900049,104,596,-492
103900050,0,70,-70
103900051,0,21,-21
103900052,41,449,-408
103900053,45,573,-528
103900054,11,495,-484
103900055,85,102,-17
103900056,8,37,-29
103900057,3,196,-193
103900058,40,450,-410
103900059,0,1,-1
103900060,4,115,-111
103900061,9,44,-35
103900062,39,24,15
103900063,1,0,1
103900064,7,0,7
103900065,563,145,418
103900066,32,2,30
103900067,12,6,6
103900068,0,0,0
103900069,7,5,2
103900070,61,163,-102
103900071,8,122,-114
103900072,4,257,-253
103900073,6,3,3
103900074,8,106,-98
103900075,46,55,-9
103900076,105,388,-283
103900077,32,27,5
103900078,26,46,-20
103900079,25,138,-113
103900080,3,17,-14
103900081,71,2,69
103900082,4,72,-68
103900083,1259,106,1153
103900084,5,38,-33
103900085,49,58,-9
103900086,98,135,-37
103900088,259,73,186
103900089,67,105,-38
103900090,1,103,-102
103900091,439,126,313
103900092,122,323,-201
103900093,50,310,-260
103900094,1,149,-148
103900095,91,86,5
103900096,4,235,-231
103900097,3,307,-304
103900098,62,28,34
103900099,3,145,-142
103900100,36,206,-170
103900101,30,404,-374
103900102,0,21,-21
103900104,0,12,-12
103900105,61,84,-23
103900106,1,9,-8
103900107,7,114,-107
103900108,19,280,-261
103900109,29,35,-6
103900110,43,29,14
103900111,13,453,-440
103900112,7,21,-14
103900113,50,86,-36
103900114,293,256,37
103900115,96,28,68
103900116,3918,463,3455
103900117,159,63,96
103900119,8,16,-8
103900120,15,44,-29
103900122,5,189,-184
103900123,805,227,578
103900124,15,420,-405
103900125,46,59,-13
103900126,125,284,-159
103900127,52,470,-418
103900128,12,149,-137
103900131,18,83,-65
103900133,327,7,320
103900134,0,0,0
103900135,8,6,2
103900137,0,21,-21
103900138,8,178,-170
103900139,107,392,-285
103900140,1,3,-2
103900141,84,39,45
103900142,35,102,-67
103900143,4,0,4
103900144,0,39,-39
103900145,57,210,-153
103900146,103,215,-112
103900147,108,59,49
103900148,76,130,-54
103900149,37,414,-377
103900150,3973,689,3284
103900151,9,69,-60
103900152,60,404,-344
103900153,0,2,-2
103900154,664,367,297
103900155,11,153,-142
103900156,3,97,-94
103900157,4,116,-112
103900158,9,108,-99
103900159,18,44,-26
103900160,20,4,16
103900161,15,79,-64
103900162,54,123,-69
103900163,3,197,-194
103900167,1,15,-14
103900168,10,67,-57
103900169,1,14,-13
103900170,0,61,-61
103900171,0,28,-28
103900172,3,13,-10
103900173,2,1,1
103900174,16,27,-11
103900175,29,23,6
103900176,1,8,-7
103900177,1,18,-17
103900178,1,39,-38
103900179,15,84,-69
103900180,1,68,-67
103900181,29,9,20
103900182,34,0,34
103900184,259,12,247
103900185,111,44,67
103900187,16,11,5
103900188,9,7,2
103900189,32,7,25
103900190,2,21,-19
103900191,4,23,-19
103900192,14,35,-21
103900193,58,45,13
103900194,17,206,-189
103900195,1,26,-25
103900196,5,12,-7
103900197,1,19,-18
103900198,3,31,-28
103900199,40,65,-25
103900200,45,116,-71
103900201,14,141,-127
103900202,2,38,-36
103900203,10,4,6
103900204,2,83,-81
103900207,1,96,-95
103900208,6,2,4
103900209,1,79,-78
103900210,4,28,-24
103900211,102,380,-278
103900212,20,297,-277
103900213,62,131,-69
103900214,164,55,109
103900215,569,190,379
103900216,11,333,-322
103900217,163,9,154
103900218,5,161,-156
103900219,22,159,-137
103900233,32,0,32
103900235,9,9,0
103900236,19,1,18
103900242,2,5,-3
103900243,0,2,-2
103900244,18,201,-183
103900245,22,172,-150
103900246,14,9,5
103900247,19,56,-37
103900248,0,16,-16
103900249,1,9,-8
103900250,10,17,-7
103900251,0,16,-16
103900253,17,7,10
103900254,2,1,1
103900255,2,4,-2
103900256,22,14,8
103900257,36,57,-21
103900258,6,0,6
103900259,35,0,35
103900261,1,0,1
103900262,5,1,4
103900263,16,20,-4
103900264,35,1,34
103900265,34,0,34
103900266,0,23,-23
103900267,1,35,-34
103900268,5,93,-88
103900269,48,24,24
103900270,3,116,-113
103900271,24,173,-149
103900272,3,14,-11
103900273,1,6,-5
103900274,3,0,3
103900275,6,1,5
103900276,0,15,-15
103900277,0,13,-13
103900278,1,9,-8
103900279,0,1,-1
103900280,0,28,-28
104000001,580,1224,-644
104000002,950,1628,-678
104000003,1167,1378,-211
104000004,2067,1559,508
104000005,629,1053,-424
104000006,1450,1877,-427
104000007,2084,2085,-1
104000008,126,274,-148
104000009,58,107,-49
104000010,53,147,-94
104000011,435,386,49
104000012,64,323,-259
104000013,41,67,-26
104000014,111,509,-398
104000015,96,95,1
104000016,220,280,-60
104000018,281,76,205
104000019,162,74,88
104000020,100,662,-562
104000021,126,522,-396
104000022,70,225,-155
104000023,272,207,65
104000024,93,242,-149
104000026,36,158,-122
104000027,116,298,-182
104000028,162,183,-21
104000029,287,506,-219
104000030,107,209,-102
104000031,296,139,157
104000032,110,258,-148
104000033,184,181,3
104000034,141,352,-211
104000035,290,262,28
104000036,187,405,-218
104000037,101,253,-152
104000038,181,201,-20
104000039,70,372,-302
104000040,252,322,-70
104000041,266,176,90
104000042,133,348,-215
104000043,137,297,-160
104000044,159,641,-482
104000045,423,932,-509
104000046,779,1151,-372
104000047,353,954,-601
104000048,684,1470,-786
104000049,207,272,-65
104000050,108,360,-252
104000051,53,463,-410
104000052,449,774,-325
104000053,381,485,-104
104000054,175,263,-88
104000055,2489,1633,856
104000056,1921,229,1692
104000057,95,465,-370
104000058,310,474,-164
104000059,172,779,-607
104000060,246,646,-400
104000061,700,714,-14
104000062,136,229,-93
104000064,377,137,240
104000065,57,184,-127
104000069,387,160,227
104000070,48,175,-127
104000071,186,299,-113
104000072,696,309,387
104000075,27,125,-98
104000076,248,14,234
104000082,1046,1304,-258
104000083,458,130,328
104000084,55,287,-232
104000085,131,143,-12
104000086,93,289,-196
104000087,295,479,-184
104000090,286,1007,-721
104000092,322,1690,-1368
104000094,351,1429,-1078
104000095,786,948,-162
104000096,407,87,320
104000097,558,702,-144
104000098,591,940,-349
104000100,520,412,108
104000101,680,1534,-854
104000106,152,434,-282
104000107,238,347,-109
104000108,158,341,-183
104000109,137,11,126
104000110,555,559,-4
104000111,2856,856,2000
104000112,1343,312,1031
104000116,4,1120,-1116
104000117,51,613,-562
104000118,134,167,-33
104000119,287,97,190
104000120,70,584,-514
104000121,103,423,-320
104000122,223,414,-191
104000123,361,844,-483
104000124,906,1796,-890
104000125,2727,1462,1265
104000126,94,331,-237
104000127,869,2820,-1951
104000128,462,287,175
104000129,245,23,222
104000130,9,163,-154
104000131,673,581,92
104000132,452,819,-367
104000133,743,489,254
104000134,441,729,-288
104000135,220,428,-208
104000136,476,853,-377
104000137,1010,132,878
104000138,900,211,689
104000139,5444,2105,3339
104000141,923,1387,-464
104000142,411,759,-348
104000143,311,790,-479
104000144,20,136,-116
104000145,205,93,112
104000146,274,365,-91
104000147,46,236,-190
104000148,78,61,17
104000149,113,280,-167
104000150,230,266,-36
104000151,150,449,-299
104000152,204,599,-395
104000153,76,245,-169
104000154,835,495,340
104000155,163,217,-54
104000157,802,1383,-581
104000158,94,120,-26
104000159,233,168,65
104000160,838,726,112
104000161,98,83,15
104000162,19,97,-78
104000165,822,579,243
104000167,236,311,-75
104000168,255,3,252
104000169,9,24,-15
104000170,497,132,365
104000248,89,476,-387
104000251,23,264,-241
104000272,0,0,0
104000273,0,0,0
104000274,0,0,0
104000275,0,0,0
104000279,396,277,119
104000290,18,268,-250
104000291,609,714,-105
104000293,379,455,-76
104000294,2,0,2
104000295,219,465,-246
104000296,252,485,-233
104000297,502,866,-364
104000298,1242,572,670
104000299,322,814,-492
104000302,139,104,35
104000303,161,103,58
104900001,56,238,-182
104900002,13,47,-34
104900003,13,281,-268
104900004,31,183,-152
104900005,51,115,-64
104900006,56,21,35
104900007,86,140,-54
104900009,45,240,-195
104900010,13,1,12
104900011,0,1,-1
104900012,46,4,42
104900013,27,7,20
104900014,1088,119,969
104900015,35,1,34
104900016,51,208,-157
104900017,8,112,-104
104900018,1,148,-147
104900019,161,501,-340
104900020,22,192,-170
104900021,2,124,-122
104900022,3,73,-70
104900023,0,65,-65
104900024,1,71,-70
104900025,29,241,-212
104900026,0,78,-78
104900027,94,85,9
104900028,8,61,-53
104900029,10,38,-28
104900030,119,110,9
104900031,70,89,-19
104900032,36,81,-45
104900033,25,63,-38
104900034,78,36,42
104900035,27,28,-1
104900036,38,18,20
104900037,36,165,-129
104900038,275,108,167
104900039,333,47,286
104900040,40,40,0
104900041,83,43,40
104900042,66,220,-154
104900043,7,14,-7
104900044,89,87,2
104900045,91,16,75
104900046,32,54,-22
104900047,77,81,-4
104900048,62,43,19
104900049,0,2,-2
104900050,38,23,15
104900051,29,26,3
104900052,2,0,2
104900053,83,13,70
104900054,44,12,32
104900055,12,1,11
104900056,50,2,48
104900057,4,1,3
104900058,91,49,42
104900059,4,7,-3
104900060,45,210,-165
104900061,137,287,-150
104900063,5,91,-86
104900064,0,74,-74
104900065,0,56,-56
104900066,0,110,-110
104900067,0,115,-115
104900068,0,153,-153
104900070,27,164,-137
104900071,0,439,-439
104900072,9,111,-102
104900073,9,146,-137
104900074,6,111,-105
104900075,13,38,-25
104900076,42,267,-225
104900077,613,22,591
104900078,42,521,-479
104900079,49,79,-30
104900080,13,379,-366
104900082,4,203,-199
104900085,8,220,-212
104900087,112,2,110
104900089,25,0,25
104900090,155,221,-66
104900091,204,356,-152
104900093,60,239,-179
104900097,1708,575,1133
104900098,14,23,-9
104900099,72,224,-152
104900100,460,87,373
104900102,11,144,-133
104900103,215,54,161
104900104,1475,470,1005
104900106,16,95,-79
104900107,22,218,-196
104900108,3,138,-135
104900109,20,61,-41
104900110,4,29,-25
104900111,62,44,18
104900112,74,623,-549
104900113,218,225,-7
104900114,113,426,-313
104900115,141,301,-160
104900116,37,159,-122
104900118,6,38,-32
104900119,0,21,-21
104900120,66,14,52
104900121,0,47,-47
104900122,0,38,-38
104900123,11,0,11
104900124,1,0,1
104900125,118,1,117
104900126,55,36,19
104900127,15,9,6
104900128,26,30,-4
104900129,1323,367,956
105000001,621,963,-342
105000002,1110,1175,-65
105000003,1801,2680,-879
105000004,266,614,-348
105000005,621,871,-250
105000006,619,896,-277
105000007,418,743,-325
105000008,351,1051,-700
105000009,563,1313,-750
105000010,1661,1501,160
105000011,876,1028,-152
105000012,2017,2018,-1
105000013,343,502,-159
105000014,652,942,-290
105000015,3404,2424,980
105000016,1538,896,642
105000017,971,623,348
105000018,659,533,126
105000019,859,627,232
105000020,61,161,-100
105000021,190,97,93
105000022,48,17,31
105000023,176,129,47
105000028,30,95,-65
105000029,203,397,-194
105000030,2630,2283,347
105000031,4,13,-9
105000033,642,1519,-877
105000034,49,301,-252
105000037,262,278,-16
105000038,822,591,231
105000039,1815,1300,515
105000040,331,429,-98
105000041,248,821,-573
105000042,1172,503,669
105000043,1130,1415,-285
105000044,143,184,-41
105000045,144,618,-474
105000046,266,178,88
105000047,227,1031,-804
105000048,200,119,81
105000049,139,557,-418
105000050,224,180,44
105000051,103,446,-343
105000052,146,542,-396
105000053,62,131,-69
105000054,109,564,-455
105000055,166,285,-119
105000056,319,1325,-1006
105000057,470,624,-154
105000058,1002,980,22
105000059,237,244,-7
105000060,346,447,-101
105000061,158,192,-34
105000062,601,755,-154
105000063,132,538,-406
105000064,323,343,-20
105000065,200,779,-579
105000066,403,1398,-995
105000067,254,243,11
105000068,267,620,-353
105000069,1634,328,1306
105000070,455,474,-19
105000071,81,235,-154
105000072,453,467,-14
105000073,360,247,113
105000074,538,694,-156
105000075,234,499,-265
105000076,782,663,119
105000077,1078,506,572
105000078,814,656,158
105000079,838,951,-113
105000080,803,457,346
105000081,675,561,114
105000082,277,186,91
105000083,336,309,27
105000084,272,581,-309
105000085,607,495,112
105000086,332,712,-380
105000087,1202,1223,-21
105000088,841,619,222
105000089,2223,1674,549
105000090,582,576,6
105000091,1346,1025,321
105000092,342,820,-478
105000093,214,151,63
105000094,155,109,46
105000095,66,283,-217
105000096,541,360,181
105000097,709,441,268
105000098,301,307,-6
105000099,388,594,-206
105000100,384,954,-570
105000101,733,1249,-516
105000102,654,1047,-393
105000103,578,1119,-541
105000104,468,653,-185
105000105,364,902,-538
105000106,351,754,-403
105000107,310,495,-185
105000108,531,991,-460
105000109,486,754,-268
105000110,251,452,-201
105000111,286,290,-4
105000112,375,483,-108
105000113,134,217,-83
105000114,1960,499,1461
105000115,180,368,-188
105000116,225,298,-73
105000117,423,1050,-627
105000118,88,276,-188
105000119,175,745,-570
105000120,177,388,-211
105000121,392,700,-308
105000122,107,246,-139
105000123,543,912,-369
105000124,681,654,27
105000125,303,1086,-783
105000126,867,1298,-431
105000127,981,1041,-60
105000128,168,779,-611
105000129,298,208,90
105000130,36,457,-421
105000131,170,222,-52
105000132,238,213,25
105000133,126,685,-559
105000134,163,306,-143
105000135,224,432,-208
105000136,49,209,-160
105000137,191,137,54
105000138,124,239,-115
105000139,441,714,-273
105000140,152,240,-88
105000141,76,368,-292
105000142,32,294,-262
105000143,67,360,-293
105000144,173,428,-255
105000145,208,307,-99
105000146,288,469,-181
105000147,269,208,61
105000148,499,334,165
105000149,733,549,184
105000150,1162,800,362
105000151,125,165,-40
105000152,78,367,-289
105000153,321,206,115
105000154,453,481,-28
105000155,153,213,-60
105000156,364,564,-200
105000157,572,1065,-493
105000158,922,476,446
105000159,229,751,-522
105000160,667,311,356
105000161,415,1120,-705
105000162,197,683,-486
105000163,676,700,-24
105000164,120,190,-70
105000165,821,1838,-1017
105000166,4483,160,4323
105000167,1492,647,845
105000168,73,607,-534
105000169,132,260,-128
105000170,29,705,-676
105000171,493,182,311
105000172,24,22,2
105000173,21,12,9
105000174,19,23,-4
105000175,48,100,-52
105000176,28,40,-12
105000177,58,52,6
105000178,44,391,-347
105000179,45,93,-48
105000180,34,62,-28
105000181,24,274,-250
105000182,28,53,-25
105000183,1483,747,736
105000184,762,398,364
105000185,654,258,396
105000186,286,743,-457
105000187,360,190,170
105000188,105,64,41
105000189,53,403,-350
105000190,65,212,-147
105000191,134,306,-172
105000192,41,41,0
105000193,28,79,-51
105000194,89,52,37
105000195,73,720,-647
105000196,27,53,-26
105000197,61,431,-370
105000198,239,126,113
105000199,74,84,-10
105000200,42,126,-84
105000201,28,12,16
105000203,6,227,-221
105000204,44,66,-22
105000205,67,201,-134
105000207,344,143,201
105000208,158,154,4
105000209,71,205,-134
105000211,47,16,31
105000212,536,897,-361
105000213,108,91,17
105000214,34,137,-103
105000215,52,185,-133
105000216,34,203,-169
105000217,48,183,-135
105000218,350,574,-224
105000221,72,156,-84
105000222,36,25,11
105000223,49,121,-72
105000226,12,273,-261
105000227,29,125,-96
105000228,90,345,-255
105000229,36,146,-110
105000231,79,159,-80
105000233,315,358,-43
105000234,295,804,-509
105000235,76,268,-192
105000237,230,26,204
105000243,7,48,-41
105000248,19,20,-1
105000262,96,1231,-1135
105000269,32,88,-56
105000270,95,71,24
105000271,1,203,-202
105000282,43,13,30
105000287,151,64,87
105000288,101,227,-126
105000289,312,421,-109
105000290,1,0,1
105000402,2663,681,1982
105000426,167,337,-170
105000438,275,514,-239
105000440,3,11,-8
105000446,5933,2493,3440
105000447,3556,1413,2143
105000454,87,610,-523
105000455,208,112,96
105000474,0,0,0
105000477,68,249,-181
105000478,535,988,-453
105000479,39,80,-41
105000480,700,1022,-322
105000481,1230,1062,168
105000482,2630,1635,995
105000483,643,672,-29
105000484,1287,1699,-412
105000485,557,829,-272
105000486,1652,1310,342
105000488,1293,1374,-81
105000489,287,450,-163
105000549,23,55,-32
105000550,305,667,-362
105000551,7,82,-75
105000552,2064,1172,892
105000555,521,389,132
105000556,15,28,-13
105000557,25,182,-157
105900001,1,374,-373
105900002,1077,199,878
105900003,14,47,-33
105900004,205,45,160
105900005,0,117,-117
105900006,4,20,-16
105900007,14,12,2
105900008,18,479,-461
105900009,6,6,0
105900011,47,19,28
105900012,144,111,33
105900013,0,6,-6
105900014,2,51,-49
105900015,48,173,-125
105900016,59,392,-333
105900017,284,28,256
105900018,96,124,-28
105900019,16,362,-346
105900020,8,35,-27
105900021,9,178,-169
105900022,51,173,-122
105900023,2,101,-99
105900024,9,99,-90
105900025,20,17,3
105900026,83,4,79
105900027,2199,1367,832
105900028,19,94,-75
105900029,955,164,791
105900030,73,173,-100
105900031,184,98,86
105900032,15,73,-58
105900033,11,86,-75
105900034,55,100,-45
105900035,56,59,-3
105900036,16,68,-52
105900037,28,36,-8
105900038,64,193,-129
105900039,21,113,-92
105900040,12,46,-34
105900041,105,177,-72
105900042,18,80,-62
105900043,848,13,835
105900044,1,71,-70
105900045,0,256,-256
105900046,1,91,-90
105900047,4,11,-7
105900048,29,194,-165
105900050,993,215,778
105900051,2,618,-616
105900052,138,25,113
105900053,1751,538,1213
105900054,127,97,30
105900056,612,79,533
105900057,1,103,-102
105900058,4,13,-9
105900059,0,15,-15
106000001,1527,568,959
106000002,1310,1980,-670
106000003,1519,1143,376
106000004,1333,1177,156
106000005,959,2472,-1513
106000006,3090,2479,611
106000007,311,373,-62
106000008,275,227,48
106000009,287,227,60
106000010,246,344,-98
106000011,274,572,-298
106000012,368,960,-592
106000013,689,971,-282
106000014,1092,1137,-45
106000015,517,593,-76
106000016,610,1532,-922
106000017,356,412,-56
106000018,260,471,-211
106000019,135,297,-162
106000020,103,296,-193
106000021,148,396,-248
106000022,132,267,-135
106000023,236,265,-29
106000024,175,482,-307
106000025,88,120,-32
106000026,103,229,-126
106000027,373,568,-195
106000028,291,684,-393
106000029,571,1295,-724
106000030,437,113,324
106000034,89,297,-208
106000035,389,490,-101
106000036,158,143,15
106000037,698,865,-167
106000038,197,54,143
106000039,66,27,39
106000040,79,393,-314
106000041,393,141,252
106000043,277,35,242
106000046,185,26,159
106000047,9,254,-245
106000049,204,71,133
106000050,129,488,-359
106000051,132,183,-51
106000052,30,419,-389
106000053,76,52,24
106000054,166,242,-76
106000055,188,351,-163
106000056,114,370,-256
106000057,132,69,63
106000058,97,137,-40
106000059,80,135,-55
106000060,282,401,-119
106000061,88,159,-71
106000062,105,427,-322
106000063,282,266,16
106000064,11,235,-224
106000065,92,78,14
106000066,31,241,-210
106000067,63,44,19
106000068,35,445,-410
106000069,48,62,-14
106000070,115,503,-388
106000071,239,167,72
106000072,2576,722,1854
106000073,855,918,-63
106000074,130,384,-254
106000075,116,521,-405
106000076,443,796,-353
106000077,1136,610,526
106000078,209,496,-287
106000079,203,524,-321
106000080,357,637,-280
106000081,183,468,-285
106000082,955,601,354
106000083,117,521,-404
106000084,344,378,-34
106000085,589,548,41
106000086,278,334,-56
106000087,234,353,-119
106000088,154,462,-308
106000089,289,277,12
106000090,100,411,-311
106000091,154,398,-244
106000092,201,131,70
106000093,87,53,34
106000094,28,95,-67
106000095,161,643,-482
106000096,248,415,-167
106000097,310,981,-671
106000098,149,655,-506
106000099,80,633,-553
106000100,242,195,47
106000101,307,187,120
106000102,52,395,-343
106000103,115,474,-359
106000104,275,241,34
106000105,159,689,-530
106000106,211,303,-92
106000107,64,407,-343
106000108,109,236,-127
106000109,51,319,-268
106000110,55,154,-99
106000111,81,472,-391
106000112,46,211,-165
106000113,681,486,195
106000114,280,231,49
106000115,120,387,-267
106000116,117,183,-66
106000117,473,623,-150
106000118,401,539,-138
106000119,1585,671,914
106000120,277,390,-113
106000121,76,137,-61
106000122,39,191,-152
106000123,140,184,-44
106000124,17,178,-161
106000125,17,259,-242
106000126,73,168,-95
106000127,196,655,-459
106000128,216,244,-28
106000129,134,491,-357
106000130,258,227,31
106000131,70,382,-312
106000132,577,73,504
106000133,2667,511,2156
106000134,408,329,79
106000135,124,610,-486
106000136,263,199,64
106000137,82,1578,-1496
106000138,251,29,222
106000139,24,57,-33
106000140,23,79,-56
106000141,23,104,-81
106000142,20,27,-7
106000143,5,123,-118
106000144,36,38,-2
106000145,51,307,-256
106000146,72,78,-6
106000147,333,599,-266
106000148,512,679,-167
106000149,189,467,-278
106000150,273,979,-706
106000151,2741,418,2323
106000152,836,588,248
106000153,38,703,-665
106000154,920,118,802
106000155,36,72,-36
106000156,230,139,91
106000157,160,930,-770
106000158,2055,396,1659
106000159,2749,655,2094
106000160,84,801,-717
106000161,608,275,333
106000162,38,281,-243
106000163,92,347,-255
106000164,88,159,-71
106000165,52,474,-422
106000166,164,145,19
106000167,81,1021,-940
106000168,61,130,-69
106000169,46,544,-498
106000170,136,148,-12
106000171,18,466,-448
106000172,1026,404,622
106000173,396,1353,-957
106000174,306,159,147
106000175,147,616,-469
106000176,443,331,112
106000177,279,1226,-947
106000178,1255,688,567
106000179,446,1093,-647
106000180,427,1104,-677
106000181,158,1175,-1017
106000182,224,355,-131
106000183,250,630,-380
106000184,521,654,-133
106000185,386,466,-80
106000186,504,88,416
106000187,76,388,-312
106000188,0,0,0
106000189,1,26,-25
106000190,0,0,0
106000191,314,91,223
106000192,0,14,-14
106000193,128,82,46
106000194,84,271,-187
106000195,47,43,4
106000196,13,161,-148
106000197,101,166,-65
106000198,56,154,-98
106000199,510,403,107
106000200,250,91,159
106000201,314,559,-245
106000202,3753,284,3469
106000203,78,114,-36
106000204,5,2,3
106000205,14,71,-57
106000206,27,8,19
106000207,32,549,-517
106000208,223,32,191
106000209,313,126,187
106000210,82,786,-704
106000211,189,1256,-1067
106000212,233,78,155
106000213,485,681,-196
106000214,1403,274,1129
106000215,99,334,-235
106000216,141,188,-47
106000217,105,351,-246
106000218,207,171,36
106000219,18,200,-182
106000220,195,145,50
106000221,42,150,-108
106000222,22,141,-119
106000223,27,101,-74
106000224,59,245,-186
106000225,13,25,-12
106000226,73,247,-174
106000228,15,91,-76
106000229,32,538,-506
106000231,142,31,111
106000232,15,290,-275
106000233,162,51,111
106000234,90,149,-59
106000235,130,19,111
106000236,24,25,-1
106000237,2,13,-11
106000238,4,2,2
106000239,0,50,-50
106000240,10,0,10
106000241,4,388,-384
106000242,102,16,86
106000249,14,29,-15
106000250,28,255,-227
106000251,11,18,-7
106000252,12,73,-61
106000253,7,35,-28
106000254,13,70,-57
106000255,5,55,-50
106000256,23,85,-62
106000257,63,172,-109
106000258,50,13,37
106000259,2,27,-25
106000260,6,12,-6
106000261,1,35,-34
106000262,11,18,-7
106000263,0,51,-51
106000264,35,10,25
106000265,2,86,-84
106000266,41,8,33
106000267,10,37,-27
106000268,175,7,168
106000269,33,29,4
106000270,104,222,-118
106000271,15,127,-112
106000272,71,37,34
106000273,7,92,-85
106000274,100,38,62
106000275,51,89,-38
106000276,35,31,4
106000277,76,97,-21
106000278,140,25,115
106000279,3,50,-47
106000280,34,88,-54
106000281,23,48,-25
106000282,49,46,3
106000283,23,78,-55
106000284,9,75,-66
106000285,44,78,-34
106000286,43,55,-12
106000287,30,76,-46
106000288,29,68,-39
106000289,20,53,-33
106000290,35,88,-53
106000291,13,53,-40
106000292,27,114,-87
106000293,29,41,-12
106000294,63,87,-24
106000295,12,26,-14
106000296,16,71,-55
106000297,47,112,-65
106000298,84,21,63
106000299,35,54,-19
106000300,25,63,-38
106000301,25,64,-39
106000303,8,20,-12
106000304,19,25,-6
106000305,15,9,6
106000306,21,51,-30
106000307,2,0,2
106000308,24,103,-79
106000309,8,45,-37
106000310,55,331,-276
106000311,105,52,53
106000312,28,93,-65
106000313,39,120,-81
106000318,73,107,-34
106000319,194,14,180
106000320,0,22,-22
106000321,114,20,94
106000322,34,135,-101
106000324,3,114,-111
106000325,434,605,-171
106000326,395,1276,-881
106000327,55,142,-87
106000328,1,31,-30
106000329,28,170,-142
106000330,16,29,-13
106000428,23,92,-69
106000429,76,397,-321
106000430,193,1078,-885
106000431,378,162,216
106000432,718,1702,-984
106000433,419,391,28
106000434,1079,402,677
106000435,1234,1552,-318
106000436,13,173,-160
106000437,76,8,68
106000438,226,41,185
106000439,47,249,-202
106000440,90,338,-248
106000441,0,0,0
106000442,74,1,73
106000443,36,456,-420
106000450,0,97,-97
106000451,14,1,13
106000454,6,55,-49
106000455,3,134,-131
106000456,41,9,32
106000457,5,688,-683
106000458,131,86,45
106000459,10,242,-232
106000460,167,25,142
106000461,13,1230,-1217
106000462,0,1,-1
106000463,3,21,-18
106000464,2,401,-399
106000465,89,3,86
106000466,0,381,-381
106000467,314,308,6
106000468,21,158,-137
106000469,136,0,136
106000470,88,703,-615
106000471,10,310,-300
106000472,23,5,18
106000473,12,10,2
106000474,224,777,-553
106000475,173,157,16
106000476,133,117,16
106000477,31,159,-128
106000480,0,40,-40
106900001,0,14,-14
106900002,2,379,-377
106900003,116,366,-250
106900004,0,33,-33
106900006,0,14,-14
106900007,1,9,-8
106900008,43,130,-87
106900009,90,225,-135
106900010,51,224,-173
106900012,986,474,512
106900013,99,21,78
106900014,7,1,6
106900015,6,0,6
106900016,23,0,23
106900017,0,0,0
106900018,1,0,1
106900019,2,0,2
106900020,1479,206,1273
106900021,9,18,-9
106900022,54,0,54
106900023,3,187,-184
106900024,95,1,94
106900025,14,336,-322
106900026,1,598,-597
106900027,118,1,117
107000001,926,844,82
107000002,1545,2143,-598
107000003,2069,2590,-521
107000004,3510,3660,-150
107000005,811,1714,-903
107000006,1938,4233,-2295
107000007,2638,2541,97
107000008,11333,7294,4039
107000009,2295,2477,-182
107000010,6527,7004,-477
107000011,568,841,-273
107000012,2177,2250,-73
107000013,53,150,-97
107000014,15,229,-214
107000015,281,660,-379
107000016,169,980,-811
107000017,1249,458,791
107000018,2,178,-176
107000020,834,219,615
107000021,447,706,-259
107000022,410,969,-559
107000023,791,319,472
107000024,304,1534,-1230
107000025,82,239,-157
107000026,94,513,-419
107000027,535,445,90
107000028,645,1099,-454
107000029,785,797,-12
107000030,2074,2127,-53
107000031,1165,937,228
107000032,125,505,-380
107000033,2587,2454,133
107000034,3150,1198,1952
107000035,187,103,84
107000036,278,527,-249
107000037,31,417,-386
107000038,197,167,30
107000039,240,281,-41
107000040,87,219,-132
107000041,605,294,311
107000042,440,946,-506
107000043,1631,384,1247
107000044,331,240,91
107000045,99,214,-115
107000046,254,163,91
107000047,181,580,-399
107000048,190,186,4
107000049,190,419,-229
107000050,256,252,4
107000051,289,194,95
107000052,426,317,109
107000053,121,83,38
107000054,25,158,-133
107000055,162,122,40
107000056,353,514,-161
107000057,1250,177,1073
107000058,921,974,-53
107000059,581,996,-415
107000060,1479,2404,-925
107000061,2837,2507,330
107000062,1047,1395,-348
107000063,2013,3553,-1540
107000064,1200,1051,149
107000065,2363,4642,-2279
107000066,782,1150,-368
107000067,442,525,-83
107000068,839,333,506
107000069,206,250,-44
107000070,117,8,109
107000071,498,9,489
107000072,17,2243,-2226
107000073,103,71,32
107000074,37,491,-454
107000075,386,73,313
107000076,368,1275,-907
107000077,897,153,744
107000078,709,2070,-1361
107000079,671,213,458
107000080,562,2025,-1463
107000081,405,307,98
107000082,231,1965,-1734
107000083,361,125,236
107000084,257,1698,-1441
107000085,1592,1797,-205
107000086,2125,1528,597
107000087,1359,1116,243
107000088,1534,1869,-335
107000089,757,980,-223
107000090,515,711,-196
107000091,505,649,-144
107000092,343,745,-402
107000093,394,461,-67
107000094,448,828,-380
107000095,216,362,-146
107000096,412,630,-218
107000097,236,223,13
107000098,218,601,-383
107000099,175,130,45
107000100,156,274,-118
107000101,14,92,-78
107000102,252,269,-17
107000103,157,109,48
107000104,118,201,-83
107000105,129,86,43
107000106,67,233,-166
107000107,183,106,77
107000108,78,706,-628
107000109,143,59,84
107000110,31,347,-316
107000111,60,21,39
107000112,5,236,-231
107000113,144,45,99
107000114,23,539,-516
107000115,116,43,73
107000116,20,666,-646
107000117,28,106,-78
107000118,54,152,-98
107000119,881,489,392
107000120,1574,204,1370
107000121,158,285,-127
107000122,384,453,-69
107000123,86,497,-411
107000124,132,539,-407
107000125,196,530,-334
107000126,260,765,-505
107000129,46,739,-693
107000130,119,119,0
107000131,101,475,-374
107000132,128,144,-16
107000133,170,55,115
107000134,46,1,45
107000135,0,130,-130
107000136,141,4,137
107000137,8,167,-159
107000138,138,4,134
107000139,6,184,-178
107000140,287,14,273
107000141,82,487,-405
107000142,150,17,133
107000143,19,618,-599
107000144,118,96,22
107000145,83,371,-288
107000146,83,72,11
107000147,2484,592,1892
107000150,599,852,-253
107000151,18,19,-1
107000152,307,216,91
107000153,236,162,74
107000154,135,22,113
107000155,280,8,272
107000156,391,11,380
107000157,12,1833,-1821
107000158,198,17,181
107000159,21,1072,-1051
107000160,165,46,119
107000161,33,1307,-1274
107000162,59,127,-68
107000163,18,1,17
107000164,62,0,62
107000165,208,3,205
107000166,17,921,-904
107000167,171,173,-2
107000168,309,115,194
107000169,618,748,-130
107000170,362,284,78
107000171,217,2002,-1785
107000172,414,394,20
107000173,638,666,-28
107000174,596,986,-390
107000175,6780,993,5787
107000176,0,0,0
107000177,0,0,0
107000178,0,25,-25
107000179,91,2166,-2075
107000180,278,215,63
107000181,99,1013,-914
107000182,440,396,44
107000183,50,677,-627
107000184,221,428,-207
107000185,67,833,-766
107000186,128,173,-45
107000187,560,600,-40
107000188,227,223,4
107000189,155,453,-298
107000190,148,355,-207
107000191,304,671,-367
107000192,581,561,20
107000193,181,182,-1
107000194,378,436,-58
107000197,129,128,1
107000198,97,504,-407
107000199,275,558,-283
107000200,609,252,357
107000201,237,151,86
107000202,102,347,-245
107000203,388,281,107
107000204,436,386,50
107000205,1325,818,507
107000206,373,421,-48
107000207,440,419,21
107000208,742,120,622
107000209,831,223,608
107000210,736,117,619
107000211,4,20,-16
107000212,3,130,-127
107000213,8,15,-7
107000214,7,53,-46
107000215,82,278,-196
107000216,84,352,-268
107000217,33,71,-38
107000219,25,65,-40
107000220,35,192,-157
107000222,222,456,-234
107000224,154,16,138
107000225,87,423,-336
107000226,94,45,49
107000227,48,308,-260
107000228,69,83,-14
107000229,106,44,62
107000230,573,424,149
107000231,380,187,193
107000232,24,58,-34
107000233,255,174,81
107000234,0,4,-4
107000235,9,2,7
107000236,4,262,-258
107000237,1,0,1
107000238,4,0,4
107000239,3588,140,3448
107000240,30,825,-795
107000243,0,24,-24
107000244,5,43,-38
107000246,2,832,-830
107000249,7,513,-506
107000251,0,181,-181
107000252,1,1055,-1054
107000255,423,44,379
107000257,0,551,-551
107000258,0,106,-106
107000259,0,144,-144
107000260,128,4,124
107000262,5,651,-646
107000263,53,1,52
107000266,4,1,3
107000267,29,132,-103
107000268,66,121,-55
107000269,90,35,55
107000270,0,2,-2
107000271,6,731,-725
107000272,4,156,-152
107000273,1,218,-217
107000274,218,5,213
107000275,146,556,-410
107000280,147,14,133
107000281,11,820,-809
107000282,9,1249,-1240
107000290,3,45,-42
107000291,3,3,0
107000292,3,27,-24
107000293,34,3,31
107000294,0,27,-27
107000295,21,4,17
107000296,0,1,-1
107000444,217,2,215
107000496,0,25,-25
107000497,621,2236,-1615
107000500,112,251,-139
107000501,25,121,-96
107000502,49,271,-222
107000505,323,468,-145
107000506,0,8,-8
107000508,2,565,-563
107000509,108,186,-78
107000510,26,11,15
107000514,6,125,-119
107000515,9,230,-221
107000516,62,89,-27
107000518,200,131,69
107000519,2168,729,1439
107000520,52,6,46
107000521,166,346,-180
107000522,224,507,-283
107900001,10,136,-126
107900002,18,1,17
107900003,10,20,-10
107900004,6,0,6
107900005,139,2,137
107900006,9,0,9
107900007,58,7,51
107900008,15,37,-22
107900009,23,3,20
107900010,3,0,3
107900012,64,2,62
107900013,67,43,24
107900014,4,1,3
107900015,127,0,127
107900016,137,49,88
107900017,5,1,4
107900018,9,12,-3
107900019,1,69,-68
107900020,59,7,52
107900021,7,87,-80
107900023,0,0,0
107900024,4,29,-25
107900025,98,141,-43
107900026,5,107,-102
107900027,12,54,-42
107900028,9,67,-58
107900030,45,2,43
107900031,13,149,-136
107900032,1,1,0
107900033,5,1,4
107900034,64,1,63
107900035,176,2,174
107900036,18,0,18
107900037,0,37,-37
107900038,76,22,54
107900039,1,57,-56
107900040,35,62,-27
107900041,0,0,0
107900043,10,70,-60
107900044,0,2,-2
107900045,12,8,4
107900046,77,16,61
107900047,30,55,-25
107900048,30,1,29
107900049,96,159,-63
107900050,53,168,-115
107900051,13,49,-36
107900052,1,6,-5
107900053,25,35,-10
107900055,86,60,26
107900056,24,8,16
107900057,0,0,0
107900058,9,390,-381
107900060,1,23,-22
107900061,24,0,24
107900063,29,72,-43
107900064,63,12,51
107900065,16,3,13
107900066,0,8,-8
107900067,0,0,0
107900068,64,96,-32
107900069,15,236,-221
107900070,9,7,2
107900071,6,481,-475
107900072,30,123,-93
107900073,16,83,-67
107900074,521,60,461
107900076,27,27,0
107900077,25,2,23
107900079,7,5,2
107900080,116,142,-26
107900081,8,53,-45
107900082,15,15,0
107900083,87,42,45
107900084,10,36,-26
107900086,17,45,-28
107900087,103,23,80
107900088,2,4,-2
107900089,132,398,-266
107900090,168,280,-112
107900091,57,217,-160
107900093,18,32,-14
107900095,1757,487,1270
107900097,2,16,-14
107900098,13,75,-62
107900100,465,196,269
107900101,537,39,498
107900102,2,0,2
107900103,35,103,-68
107900104,43,1,42
107900105,0,434,-434
107900106,2,996,-994
107900107,597,45,552
107900108,167,32,135
107900109,136,0,136
107900110,7,71,-64
107900111,4,785,-781
107900112,54,123,-69
107900113,23,89,-66
107900114,32,186,-154
107900115,0,19,-19
107900116,17,144,-127
107900117,147,188,-41
107900118,29,79,-50
107900119,11,29,-18
107900120,8,3,5
107900121,0,103,-103
107900122,0,28,-28
107900123,0,10,-10
107900124,3,62,-59
107900125,13,113,-100
107900126,0,12,-12
107900127,246,23,223
107900128,17,19,-2
107900129,6,28,-22
107900130,10,3,7
107900131,89,22,67
107900132,34,246,-212
107900133,2,41,-39
107900134,8,6,2
107900135,2,116,-114
107900136,19,7,12
107900137,47,40,7
107900138,6,18,-12
107900139,2,7,-5
107900141,14,3,11
107900142,24,630,-606
107900143,36,20,16
107900144,1,88,-87
107900145,2,59,-57
107900146,25,74,-49
107900147,9,10,-1
107900148,51,69,-18
107900149,1029,47,982
107900150,39,386,-347
107900151,1,54,-53
107900152,2,128,-126
107900153,32,91,-59
107900154,7,3,4
107900155,11,19,-8
107900156,0,316,-316
107900157,23,70,-47
107900158,105,6,99
107900159,17,667,-650
107900160,13,83,-70
107900161,2,148,-146
107900162,0,23,-23
107900163,16,40,-24
107900164,0,3,-3
107900165,3,25,-22
107900166,7,155,-148
107900167,4,4,0
107900168,7,35,-28
107900169,2,150,-148
107900171,5,1108,-1103
107900172,3,210,-207
107900173,0,98,-98
107900174,8,0,8
107900175,0,4,-4
107900176,4,26,-22
107900177,0,18,-18
107900178,0,183,-183
107900179,1,73,-72
107900180,584,93,491
107900181,102,244,-142
107900182,3,929,-926
107900183,1,210,-209
107900184,17,130,-113
107900185,5,0,5
107900186,22,6,16
107900187,0,79,-79
107900188,445,33,412
107900189,3,76,-73
107900190,70,11,59
107900191,9,85,-76
107900193,7,16,-9
107900194,21,0,21
107900195,2323,183,2140
107900196,48,30,18
107900197,145,23,122
107900199,4,769,-765
107900201,24,78,-54
107900203,25,44,-19
107900204,112,94,18
107900206,150,109,41
107900207,0,414,-414
107900208,3,500,-497
107900209,160,43,117
107900210,35,64,-29
107900213,63,172,-109
107900214,5,106,-101
107900215,52,184,-132
107900216,17,23,-6
107900217,9,26,-17
107900218,11,1036,-1025
107900219,8,76,-68
107900220,59,28,31
107900221,86,141,-55
107900223,23,360,-337
107900224,54,189,-135
107900225,2,585,-583
107900226,16,63,-47
107900227,37,253,-216
107900228,7,76,-69
107900229,1,193,-192
107900230,1,79,-78
107900231,2,118,-116
107900232,12,140,-128
107900233,2,75,-73
107900234,19,136,-117
107900235,18,42,-24
107900236,27,58,-31
107900237,48,248,-200
107900238,11,68,-57
107900239,702,197,505
107900240,0,98,-98
107900241,1,50,-49
107900242,9,271,-262
107900243,2,29,-27
107900244,93,1,92
107900245,79,13,66
107900246,11,1,10
107900248,68,223,-155
107900249,76,1,75
107900250,2,307,-305
107900251,5,689,-684
107900252,127,1,126
107900253,27,1,26
107900254,24,48,-24
107900255,228,24,204
107900256,144,276,-132
107900257,21,5,16
107900258,16,160,-144
107900259,70,315,-245
107900261,1,306,-305
107900262,37,84,-47
107900264,31,0,31
107900265,21,139,-118
107900267,12,10,2
107900268,44,3,41
107900269,0,8,-8
107900270,0,0,0
107900271,0,5,-5
107900272,89,24,65
107900273,7,32,-25
107900274,12,0,12
107900275,4,0,4
107900276,0,35,-35
107900277,0,180,-180
107900278,45,260,-215
107900279,106,19,87
107900280,1121,539,582
107900281,2129,450,1679
107900282,15,100,-85
107900283,868,178,690
107900284,62,546,-484
107900285,12,84,-72
107900286,62,43,19
107900287,28,36,-8
107900290,1,28,-27
107900291,109,1,108
107900292,29,175,-146
107900293,18,321,-303
107900295,10,97,-87
107900297,0,123,-123
107900298,373,441,-68
107900299,2215,441,1774
107900301,212,105,107
107900302,37,5,32
107900303,23,171,-148
107900304,58,281,-223
107900305,64,2,62
107900306,2,5,-3
107900307,20,205,-185
107900308,67,10,57
107900309,3,0,3
107900310,2,0,2
107900311,68,32,36
107900312,0,0,0
107900313,1,47,-46
107900314,0,18,-18
107900315,0,31,-31
107900316,2,0,2
107900317,14,0,14
107900318,0,47,-47
107900319,1,118,-117
107900320,1,84,-83
107900321,19,1,18
107900322,0,120,-120
107900323,2,81,-79
107900324,45,0,45
107900325,13,1,12
107900326,85,248,-163
107900327,0,2,-2
107900328,0,0,0
107900329,0,0,0
107900330,3,295,-292
107900331,32,19,13
107900332,41,29,12
107900333,15,0,15
107900334,3,139,-136
107900335,18,42,-24
107900336,5,19,-14
107900337,811,213,598
107900338,0,51,-51
107900339,0,6,-6
107900340,0,28,-28
107900341,6,2,4
107900342,27,35,-8
107900343,2,0,2
107900344,0,51,-51
107900345,13,7,6
107900346,3,1,2
107900347,2,0,2
107900348,0,3,-3
107900349,3,2,1
107900350,38,161,-123
107900351,2,146,-144
107900352,0,30,-30
107900353,13,9,4
107900354,1,33,-32
108000001,1258,1249,9
108000002,1063,1673,-610
108000003,1357,826,531
108000004,9642,9031,611
108000005,2154,1368,786
108000006,2841,4226,-1385
108000007,1850,1752,98
108000008,2671,3778,-1107
108000009,1032,1495,-463
108000010,1348,3477,-2129
108000011,4351,3507,844
108000012,10274,10904,-630
108000014,171,227,-56
108000015,222,178,44
108000016,99,503,-404
108000017,221,220,1
108000018,408,207,201
108000019,522,295,227
108000020,431,194,237
108000021,152,977,-825
108000022,207,812,-605
108000023,315,60,255
108000024,61,452,-391
108000025,64,132,-68
108000026,175,321,-146
108000027,125,485,-360
108000028,88,182,-94
108000029,94,626,-532
108000030,101,111,-10
108000031,34,436,-402
108000032,399,219,180
108000033,239,844,-605
108000034,556,161,395
108000035,359,1824,-1465
108000036,110,795,-685
108000037,409,96,313
108000038,675,142,533
108000039,209,1665,-1456
108000040,533,244,289
108000041,433,1731,-1298
108000042,61,161,-100
108000043,81,207,-126
108000044,100,106,-6
108000045,67,533,-466
108000046,478,122,356
108000047,143,756,-613
108000048,64,306,-242
108000049,123,81,42
108000050,78,490,-412
108000051,92,63,29
108000052,142,449,-307
108000053,86,53,33
108000054,222,617,-395
108000055,408,164,244
108000056,846,660,186
108000057,309,353,-44
108000058,872,837,35
108000059,1641,948,693
108000060,45,277,-232
108000061,144,399,-255
108000062,158,211,-53
108000063,137,479,-342
108000064,47,203,-156
108000065,271,422,-151
108000066,698,334,364
108000067,503,170,333
108000068,212,189,23
108000069,101,770,-669
108000070,483,316,167
108000071,250,1282,-1032
108000072,383,472,-89
108000073,634,1161,-527
108000074,123,164,-41
108000075,158,572,-414
108000076,233,227,6
108000077,416,539,-123
108000078,734,468,266
108000079,651,1235,-584
108000080,408,256,152
108000081,221,2192,-1971
108000082,635,910,-275
108000083,804,337,467
108000084,164,639,-475
108000085,167,123,44
108000086,403,455,-52
108000087,89,681,-592
108000088,175,57,118
108000089,125,121,4
108000091,49,387,-338
108000092,44,47,-3
108000093,78,581,-503
108000094,141,61,80
108000095,54,337,-283
108000096,79,88,-9
108000097,50,397,-347
108000098,286,699,-413
108000099,361,201,160
108000100,47,208,-161
108000101,318,443,-125
108000102,519,910,-391
108000106,358,0,358
108000107,1,394,-393
108000108,140,10,130
108000109,6,460,-454
108000110,68,157,-89
108000111,73,467,-394
108000112,33,50,-17
108000113,352,177,175
108000115,293,184,109
108000117,387,97,290
108000118,185,375,-190
108000119,413,342,71
108000120,63,268,-205
108000121,61,373,-312
108000122,106,194,-88
108000123,165,186,-21
108000124,110,430,-320
108000125,45,256,-211
108000126,57,598,-541
108000127,89,370,-281
108000128,133,597,-464
108000129,98,1217,-1119
108000130,65,332,-267
108000131,300,63,237
108000132,706,730,-24
108000133,256,143,113
108000134,473,679,-206
108000135,236,116,120
108000136,555,951,-396
108000137,95,209,-114
108000138,121,692,-571
108000139,36,224,-188
108000140,10,27,-17
108000141,7,99,-92
108000142,18,77,-59
108000143,28,393,-365
108000144,57,27,30
108000145,12,16,-4
108000146,83,12,71
108000147,6,22,-16
108000148,91,7,84
108000149,8,10,-2
108000150,7,3,4
108000151,152,22,130
108000152,66,439,-373
108000153,42,47,-5
108000154,19,13,6
108000155,15,8,7
108000156,422,262,160
108000157,32,157,-125
108000158,22,175,-153
108000159,426,50,376
108000160,2948,260,2688
108000161,2515,440,2075
108000165,1,46,-45
108000172,2,75,-73
108000173,1531,475,1056
108000175,120,56,64
108000178,273,236,37
108000179,120,278,-158
108000181,43,27,16
108000182,120,30,90
108000183,30,212,-182
108000184,644,595,49
108000185,35,507,-472
108000186,62,347,-285
108000187,23,634,-611
108000188,98,170,-72
108000189,918,1112,-194
108000190,6,59,-53
108000192,17,432,-415
108000193,356,12,344
108000194,14,4,10
108000195,1,663,-662
108000196,16,33,-17
108000198,217,249,-32
108000199,0,77,-77
108000200,101,409,-308
108000203,28,730,-702
108000204,32,15,17
108000205,396,297,99
108000339,744,152,592
108000364,210,233,-23
108000365,20,241,-221
108000367,60,157,-97
108000368,9,23,-14
108000369,832,59,773
108000371,2,438,-436
108000372,110,0,110
108000373,84,110,-26
108000376,32,6,26
108000377,101,219,-118
108000378,4570,3416,1154
108000379,1,68,-67
108000381,14,6,8
108000382,49,4,45
108000383,0,77,-77
108900001,119,793,-674
108900002,88,30,58
108900003,149,616,-467
108900004,648,105,543
108900007,26,70,-44
108900008,10,83,-73
108900009,6,48,-42
108900010,22,100,-78
108900011,59,172,-113
108900012,39,275,-236
108900013,16,120,-104
108900014,0,40,-40
108900015,0,4,-4
108900016,1,87,-86
108900017,59,131,-72
108900018,28,308,-280
108900019,5,716,-711
108900020,6,158,-152
108900021,25,163,-138
108900022,0,10,-10
108900023,0,13,-13
108900024,5,132,-127
108900025,16,53,-37
108900026,6,34,-28
108900027,0,87,-87
108900028,10,368,-358
108900029,5,117,-112
108900030,1,123,-122
108900031,8,416,-408
108900032,3,149,-146
108900033,0,35,-35
108900034,0,186,-186
108900035,69,1528,-1459
108900038,0,249,-249
108900039,1,447,-446
108900040,1,60,-59
108900041,3181,822,2359
108900042,1,94,-93
108900043,7,237,-230
108900044,1,509,-508
108900045,11,444,-433
108900046,20,713,-693
108900047,0,68,-68
108900048,17,619,-602
108900049,3028,357,2671
108900050,1,224,-223
108900051,0,115,-115
108900052,10,161,-151
108900053,23,56,-33
108900054,8,157,-149
108900055,20,346,-326
108900056,1,112,-111
108900057,0,101,-101
108900058,14,318,-304
108900059,96,6,90
108900060,8,26,-18
108900061,6,6,0
108900062,3,281,-278
108900063,3,277,-274
108900064,14,48,-34
108900065,2,230,-228
108900066,79,51,28
108900067,8,174,-166
108900068,1,153,-152
108900069,8,76,-68
108900070,6,124,-118
108900071,11,25,-14
108900072,1235,72,1163
108900073,14,391,-377
108900074,19,290,-271
108900075,34,67,-33
108900076,51,24,27
108900077,101,432,-331
108900078,2,134,-132
108900079,459,99,360
108900080,5,126,-121
108900081,33,148,-115
108900082,17,80,-63
108900083,3,46,-43
108900085,1308,60,1248
108900086,25,234,-209
108900087,50,80,-30
108900088,237,78,159
108900089,3,22,-19
108900090,3,284,-281
108900091,62,36,26
108900092,110,114,-4
108900093,10,14,-4
108900094,74,25,49
108900095,23,518,-495
108900096,363,7,356
108900097,67,116,-49
108900098,1832,92,1740
108900099,100,225,-125
108900100,12,49,-37
108900101,32,24,8
108900102,73,202,-129
108900103,13,14,-1
108900105,3,177,-174
108900106,76,388,-312
108900108,37,9,28
108900109,47,19,28
108900110,27,289,-262
108900111,80,455,-375
108900113,16,6,10
108900114,9,3,6
108900115,11,25,-14
108900116,7,0,7
108900117,19,14,5
108900118,78,5,73
108900119,35,11,24
108900120,62,52,10
108900121,74,13,61
108900122,15,18,-3
108900123,25,15,10
108900124,127,32,95
108900125,43,0,43
108900126,11,3,8
108900127,25,16,9
108900128,14,1,13
108900129,172,29,143
108900130,66,0,66
108900131,62,0,62
108900132,95,31,64
108900133,38,12,26
108900134,33,120,-87
108900135,30,1,29
108900136,1,0,1
108900137,23,0,23
108900138,129,3,126
108900140,28,131,-103
108900141,39,6,33
108900142,8,0,8
108900143,4,0,4
108900144,10,0,10
108900145,23,2,21
108900146,3,0,3
108900147,23,0,23
108900148,29,8,21
108900150,90,0,90
108900151,5,0,5
108900152,10,13,-3
108900153,25,315,-290
108900154,1047,121,926
108900156,20,5,15
108900157,3,486,-483
108900158,62,55,7
108900159,2,238,-236
108900160,3,169,-166
108900161,2,298,-296
108900162,15,0,15
108900163,1,67,-66
108900164,21,59,-38
108900168,6679,745,5934
108900169,24,43,-19
108900171,3748,517,3231
108900172,50,9,41
108900173,93,139,-46
108900174,130,239,-109
108900176,52,408,-356
108900177,5142,812,4330
108900178,3165,515,2650
108900180,34,67,-33
108900183,106,118,-12
108900184,65,61,4
108900185,8,174,-166
108900186,4,173,-169
108900189,36,64,-28
108900190,8,1702,-1694
108900192,17,201,-184
108900195,28,224,-196
108900196,4,323,-319
108900199,55,142,-87
108900200,125,164,-39
108900201,56,528,-472
108900203,55,5,50
108900204,73,1,72
108900205,57,3,54
108900206,46,5,41
108900207,47,19,28
108900208,10,224,-214
108900209,131,399,-268
108900210,38,82,-44
108900211,50,94,-44
108900212,268,311,-43
108900215,35,481,-446
108900216,119,39,80
108900217,12,0,12
108900218,25,1,24
108900221,17,22,-5
108900224,10,21,-11
108900225,1,76,-75
108900227,15,55,-40
108900230,276,167,109
108900232,1,286,-285
108900233,59,7,52
108900234,52,17,35
108900235,83,334,-251
108900236,12,234,-222
108900240,16,24,-8
108900241,4,3,1
108900245,0,229,-229
108900250,60,47,13
108900258,3,127,-124
108900259,16,35,-19
108900260,0,65,-65
108900261,91,71,20
108900262,166,60,106
108900263,18,198,-180
108900264,184,84,100
108900265,839,110,729
108900266,599,101,498
108900267,0,36,-36
108900268,9,5,4
108900269,13,3,10
108900270,16,4,12
108900271,3,1,2
108900272,21,1,20
108900273,568,135,433
108900274,12,25,-13
109000001,1481,541,940
109000002,2383,874,1509
109000003,853,281,572
109000004,278,1538,-1260
109000005,621,386,235
109000006,362,1516,-1154
109000007,390,305,85
109000008,203,1368,-1165
109000009,1397,430,967
109000010,770,2322,-1552
109000011,988,776,212
109000012,638,1884,-1246
109000013,1077,770,307
109000014,768,2662,-1894
109000015,1586,1745,-159
109000016,4906,2799,2107
109000017,936,588,348
109000018,1632,3297,-1665
109000019,1132,560,572
109000020,678,1553,-875
109000023,133,9,124
109000024,1,159,-158
109000025,245,213,32
109000026,303,195,108
109000027,43,188,-145
109000028,41,38,3
109000029,81,60,21
109000030,75,265,-190
109000031,21,34,-13
109000032,61,609,-548
109000033,69,42,27
109000034,21,14,7
109000035,4,22,-18
109000036,40,264,-224
109000037,71,369,-298
109000038,274,166,108
109000039,277,184,93
109000040,2389,1177,1212
109000041,3338,530,2808
109000042,441,558,-117
109000044,141,81,60
109000045,28,337,-309
109000046,60,26,34
109000047,38,277,-239
109000048,517,271,246
109000049,128,329,-201
109000050,278,283,-5
109000051,178,175,3
109000052,159,1111,-952
109000053,193,132,61
109000054,37,405,-368
109000055,30,97,-67
109000056,76,436,-360
109000057,92,95,-3
109000058,1033,264,769
109000059,358,649,-291
109000060,270,84,186
109000061,944,232,712
109000062,75,116,-41
109000063,90,121,-31
109000064,37,116,-79
109000065,33,201,-168
109000066,65,85,-20
109000067,29,296,-267
109000068,118,4,114
109000069,205,5,200
109000070,4,560,-556
109000071,155,48,107
109000072,44,378,-334
109000073,21,52,-31
109000074,10,142,-132
109000075,18,277,-259
109000076,60,99,-39
109000077,213,191,22
109000078,27,58,-31
109000079,76,131,-55
109000080,53,88,-35
109000081,36,384,-348
109000082,167,210,-43
109000083,91,646,-555
109000088,47,238,-191
109000089,40,9,31
109000090,136,318,-182
109000091,96,27,69
109000092,197,427,-230
109000093,77,33,44
109000094,55,1,54
109000095,51,564,-513
109000096,206,48,158
109000097,51,81,-30
109000098,23,26,-3
109000099,221,141,80
109000100,88,431,-343
109000101,336,449,-113
109000102,138,593,-455
109000103,197,397,-200
109000104,452,271,181
109000105,161,982,-821
109000106,573,265,308
109000107,170,1217,-1047
109000108,435,211,224
109000109,212,1150,-938
109000110,395,208,187
109000111,635,2046,-1411
109000112,125,92,33
109000113,62,103,-41
109000114,40,280,-240
109000115,506,74,432
109000116,5,269,-264
109000117,28,61,-33
109000118,17,228,-211
109000119,203,153,50
109000120,47,844,-797
109000121,115,49,66
109000122,53,785,-732
109000123,23,179,-156
109000124,203,251,-48
109000125,229,244,-15
109000126,169,639,-470
109000127,339,199,140
109000128,217,1764,-1547
109000129,468,161,307
109000130,361,2214,-1853
109000131,355,220,135
109000132,427,1427,-1000
109000133,199,513,-314
109000134,335,880,-545
109000135,428,672,-244
109000136,113,274,-161
109000137,48,168,-120
109000138,88,304,-216
109000139,129,216,-87
109000140,54,557,-503
109000141,131,360,-229
109000142,76,324,-248
109000143,56,36,20
109000145,46,70,-24
109000146,64,51,13
109000148,2332,293,2039
109000149,17,14,3
109000150,95,95,0
109000155,140,250,-110
109000156,576,577,-1
109000158,13,144,-131
109000159,21,458,-437
109000160,200,154,46
109000161,126,1019,-893
109000162,586,687,-101
109000163,288,1088,-800
109000164,406,1329,-923
109000165,299,409,-110
109000166,147,70,77
109000167,56,600,-544
109000170,22,39,-17
109000171,56,15,41
109000172,34,37,-3
109000173,23,19,4
109000174,16,53,-37
109000175,45,312,-267
109000176,96,203,-107
109000177,13,56,-43
109000178,124,230,-106
109000179,4138,1019,3119
109000180,2855,1751,1104
109000181,5,23,-18
109000182,6,37,-31
109000183,12,29,-17
109000184,12,17,-5
109000185,5,74,-69
109000188,219,1684,-1465
109000189,629,482,147
109000190,141,368,-227
109000191,147,414,-267
109000192,66,128,-62
109000193,58,310,-252
109000194,49,99,-50
109000195,64,291,-227
109000196,74,39,35
109000197,53,358,-305
109000198,33,23,10
109000199,40,312,-272
109000206,53,25,28
109000207,30,29,1
109000208,43,32,11
109000209,68,68,0
109000210,122,313,-191
109000211,76,188,-112
109000214,167,1016,-849
109000215,36,44,-8
109000216,56,54,2
109000217,68,35,33
109000218,51,49,2
109000221,53,668,-615
109000222,224,38,186
109000223,101,89,12
109000224,13,193,-180
109000225,41,23,18
109000226,14,191,-177
109000227,292,932,-640
109000228,0,194,-194
109000231,2,363,-361
109000232,98,289,-191
109000236,58,483,-425
109000241,424,988,-564
109000242,376,656,-280
109000293,51,103,-52
109000361,80,132,-52
109000364,105,413,-308
109000396,2,711,-709
109000397,92,1,91
109000399,94,296,-202
109000400,27,272,-245
109000403,29,175,-146
109000406,43,5,38
109000407,75,133,-58
109000408,2,414,-412
109000410,298,91,207
109000411,34,17,17
109900001,29,0,29
109900002,134,5,129
109900003,26,0,26
109900004,28,16,12
109900005,7,1,6
109900006,82,125,-43
109900007,162,581,-419
109900008,0,6,-6
109900009,40,666,-626
109900010,112,6,106
109900011,13,9,4
109900012,105,54,51
109900013,84,25,59
109900014,51,14,37
109900015,143,40,103
109900016,21,34,-13
109900017,8,30,-22
109900018,20,82,-62
109900019,20,44,-24
109900020,7,12,-5
109900021,1,1,0
109900022,50,215,-165
109900023,10,1,9
109900024,3,0,3
109900025,5,40,-35
109900026,0,9,-9
109900027,14,6,8
109900028,1662,189,1473
109900029,2,350,-348
109900030,2,0,2
109900031,0,34,-34
109900032,3,149,-146
109900033,1,207,-206
109900034,2,0,2
109900035,3,15,-12
109900036,17,49,-32
109900037,5,297,-292
109900038,15,115,-100
109900039,4,0,4
109900040,9,430,-421
109900041,11,314,-303
109900042,5,294,-289
109900044,20,181,-161
109900045,19,26,-7
109900046,54,49,5
109900047,131,205,-74
109900048,0,55,-55
109900049,0,14,-14
109900050,0,189,-189
109900051,0,24,-24
109900052,17,169,-152
109900053,0,296,-296
109900054,146,55,91
109900055,20,136,-116
109900056,8,39,-31
109900057,0,148,-148
109900058,0,95,-95
109900059,11,5,6
109900060,105,104,1
109900061,53,215,-162
109900062,0,166,-166
109900063,0,15,-15
109900064,94,123,-29
109900065,53,74,-21
109900066,139,569,-430
109900067,1,244,-243
109900068,9,1,8
109900069,4,18,-14
109900070,8,15,-7
109900071,1,23,-22
109900072,3,79,-76
109900073,29,366,-337
109900074,2,42,-40
109900075,1,8,-7
109900076,18,386,-368
109900077,7,28,-21
109900078,53,133,-80
109900080,51,177,-126
109900081,2,56,-54
109900082,14,278,-264
109900083,6,14,-8
109900084,13,54,-41
109900085,85,742,-657
109900086,28,98,-70
109900087,59,171,-112
109900089,70,32,38
109900090,13,43,-30
109900091,11,3,8
109900092,77,2,75
109900093,142,46,96
109900094,9,39,-30
109900095,28,118,-90
109900096,8,0,8
109900097,6,0,6
109900098,80,9,71
109900099,21,0,21
109900100,17,0,17
109900101,83,3,80
109900102,112,8,104
109900103,0,8,-8
109900104,70,816,-746
109900105,89,22,67
109900106,34,39,-5
109900107,56,28,28
109900108,27,380,-353
109900109,23,111,-88
109900110,2,26,-24
109900111,75,587,-512
109900112,12,50,-38
109900113,9,7,2
109900114,491,67,424
109900115,44,39,5
109900117,140,60,80
109900118,8,14,-6
109900119,20,14,6
109900120,1,1,0
109900121,99,29,70
109900122,9,0,9
109900123,2,105,-103
109900124,0,64,-64
109900125,1,174,-173
109900126,16,118,-102
109900128,1,4,-3
109900130,7026,629,6397
109900131,37,81,-44
109900132,18,89,-71
109900133,1,30,-29
109900134,15,27,-12
109900135,248,45,203
109900136,0,9,-9
109900137,28,292,-264
109900140,48,187,-139
109900142,12,14,-2
109900145,0,8,-8
109900146,16,2,14
109900148,0,3,-3
109900149,21,11,10
109900150,5,39,-34
109900151,2,30,-28
109900152,1,10,-9
109900153,1,16,-15
109900154,3,0,3
109900155,7,2,5
109900157,10,78,-68
109900158,6,9,-3
109900159,26,12,14
109900160,3,1,2
109900161,42,18,24
109900162,30,18,12
109900163,410,109,301
109900164,11,186,-175
109900165,31,2,29
109900166,0,82,-82
109900167,65,415,-350
109900168,39,421,-382
109900169,34,111,-77
109900170,101,157,-56
109900171,16,28,-12
109900172,46,67,-21
109900173,2438,399,2039
109900174,18,72,-54
109900175,7,49,-42
109900176,41,116,-75
109900177,5,146,-141
109900178,0,67,-67
109900179,1,10,-9
109900180,2,3,-1
110000001,400,372,28
110000002,340,270,70
110000003,648,411,237
110000004,372,381,-9
110000005,545,623,-78
110000006,318,218,100
110000007,47,88,-41
110000008,6,44,-38
110000009,8,24,-16
110000010,7,52,-45
110000011,10,66,-56
110000012,399,236,163
110000013,13,189,-176
110000014,429,265,164
110000015,263,309,-46
110000016,191,445,-254
110000017,2686,178,2508
110000018,2296,318,1978
110000019,6,131,-125
110000020,257,124,133
110000021,323,222,101
110000022,254,52,202
110000023,3,116,-113
110000024,308,220,88
110000025,44,1,43
110000026,3,363,-360
110000027,249,167,82
110000028,363,509,-146
110000029,192,541,-349
110000030,117,223,-106
110000031,84,360,-276
110000032,351,347,4
110000033,48,32,16
110000034,112,695,-583
110000035,138,622,-484
110000036,130,656,-526
110000037,53,463,-410
110000038,87,440,-353
110000039,228,673,-445
110000040,155,314,-159
110000041,68,249,-181
110000042,51,231,-180
110000043,168,77,91
110000044,34,35,-1
110000045,88,24,64
110000046,3,3,0
110000047,1,4,-3
110000048,2,1,1
110000049,9,2,7
110000050,7,7,0
110000051,52,1,51
110000052,16,20,-4
110000053,10,0,10
110000054,81,121,-40
110000055,123,15,108
110000056,32,19,13
110000057,166,537,-371
110000058,325,365,-40
110000059,228,426,-198
110000060,269,519,-250
110000061,523,590,-67
110000062,430,483,-53
110000063,10,52,-42
110000064,37,78,-41
110000065,15,74,-59
110000066,16,44,-28
110000067,36,174,-138
110000068,35,304,-269
110000069,40,99,-59
110000071,20,145,-125
110000073,4,13,-9
110000075,3,94,-91
110000076,177,88,89
110000077,261,183,78
110000078,1,52,-51
110000080,151,389,-238
110000081,14,177,-163
110000082,10,121,-111
110000083,83,432,-349
110000084,353,299,54
110000085,1912,904,1008
110000086,840,310,530
110000087,1,27,-26
110000088,26,145,-119
110000089,96,86,10
110000090,24,168,-144
110000091,1143,187,956
110000092,12,70,-58
110000093,23,3,20
110000094,178,172,6
110000095,46,273,-227
110000096,2545,1119,1426
110000097,490,525,-35
110000098,597,241,356
110000099,567,1066,-499
110000100,73,494,-421
110000101,11,449,-438
110000102,29,19,10
110000104,46,42,4
110000105,22,180,-158
110000106,107,108,-1
110000107,216,325,-109
110000108,80,10,70
110000109,155,214,-59
110000110,2561,1580,981
110000111,4501,853,3648
110000112,639,251,388
110000113,399,348,51
110000114,42,168,-126
110000115,109,226,-117
110000116,23,30,-7
110000117,51,365,-314
110000118,93,149,-56
110000119,99,261,-162
110000120,131,109,22
110000121,64,164,-100
110000122,87,355,-268
110000123,131,210,-79
110000124,3,521,-518
110000125,355,0,355
110000126,69,13,56
110000127,247,9,238
110000128,6,948,-942
110000129,2,476,-474
110000130,60,37,23
110000131,49,415,-366
110000132,0,391,-391
110000133,36,159,-123
110000134,29,198,-169
110000135,110,23,87
110000136,17,230,-213
110000137,154,399,-245
110000138,230,660,-430
110000139,374,1004,-630
110000140,307,140,167
110000143,476,165,311
110000144,2204,506,1698
110000145,772,379,393
110000146,919,312,607
110000147,89,309,-220
110000148,177,186,-9
110000151,521,353,168
110000152,401,128,273
110000153,30,51,-21
110000154,1,4,-3
110000155,529,845,-316
110000156,453,622,-169
110000157,660,933,-273
110000160,146,283,-137
110000161,95,312,-217
110000166,118,82,36
110000167,324,306,18
110000168,381,134,247
110000169,129,194,-65
110000170,60,40,20
110000171,241,176,65
110000172,76,523,-447
110000173,731,964,-233
110000174,19,1020,-1001
110000175,129,99,30
110000176,10,200,-190
110000177,100,434,-334
110000178,206,285,-79
110000179,638,198,440
110000180,45,260,-215
110000181,112,220,-108
110000182,176,169,7
110000183,6187,2402,3785
110000184,261,999,-738
110000185,343,315,28
110000186,285,316,-31
110000191,102,275,-173
110000192,134,3,131
110000193,154,0,154
110000194,5,792,-787
110000195,62,256,-194
110000196,114,385,-271
110000197,8,170,-162
110000198,26,39,-13
110000199,13,74,-61
110000200,725,406,319
110000201,207,289,-82
110000202,404,165,239
110000203,348,411,-63
110000204,0,203,-203
110000205,14,36,-22
110000206,214,935,-721
110000207,124,159,-35
110000208,28,66,-38
110000209,34,430,-396
110000210,151,359,-208
110000211,202,459,-257
110000212,136,512,-376
110000213,34,45,-11
110000214,39,104,-65
110000215,33,414,-381
110000216,15,407,-392
110000217,57,194,-137
110000218,45,309,-264
110000219,79,58,21
110000220,7,323,-316
110000221,93,73,20
110000222,7,240,-233
110000223,3,41,-38
110000224,75,2,73
110000225,58,300,-242
110000226,74,29,45
110000227,223,162,61
110000228,125,167,-42
110000229,0,170,-170
110000230,152,362,-210
110000231,50,75,-25
110000232,66,104,-38
110000233,60,119,-59
110000234,266,205,61
110000235,505,404,101
110000236,119,689,-570
110000237,476,657,-181
110000238,444,845,-401
110000239,613,765,-152
110000240,2,46,-44
110000242,0,4,-4
110000243,34,90,-56
110000244,52,200,-148
110000245,14,301,-287
110000246,224,399,-175
110000247,1915,2040,-125
110000248,2368,732,1636
110000249,60,1,59
110000250,3,153,-150
110000251,57,279,-222
110000252,121,161,-40
110000253,632,233,399
110000254,801,751,50
110000255,146,757,-611
110000256,281,118,163
110000257,510,216,294
110000258,0,327,-327
110000259,58,7,51
110000260,19,315,-296
110000263,605,49,556
110000264,132,461,-329
110000265,571,1010,-439
110000266,965,1354,-389
110000267,4,83,-79
110000268,123,237,-114
110000269,1,39,-38
110000270,10,0,10
110000271,1523,154,1369
110000272,342,621,-279
110000273,1215,741,474
110000274,97,633,-536
110000275,1837,245,1592
110000276,55,177,-122
110000277,63,185,-122
110000278,156,499,-343
110000279,408,368,40
110000280,62,280,-218
110000281,3,105,-102
110000282,116,33,83
110000283,20,56,-36
110000284,8,11,-3
110000285,1,85,-84
110000286,5,0,5
110000287,15,1,14
110000288,1,37,-36
110000289,183,579,-396
110000290,812,435,377
110000291,3572,641,2931
110000292,647,3493,-2846
110000293,196,614,-418
110000294,277,709,-432
110000295,54,490,-436
110000296,82,232,-150
110000297,2794,206,2588
110000298,564,284,280
110000299,857,8,849
110000301,151,3,148
110000302,116,866,-750
110000303,114,1,113
110000304,63,177,-114
110000305,235,3,232
110000306,58,1429,-1371
110000307,357,0,357
110000308,68,9,59
110000309,3,1024,-1021
110000310,213,37,176
110000311,10,568,-558
110000312,595,21,574
110000313,3451,975,2476
110000314,0,182,-182
110000315,1666,953,713
110000316,369,701,-332
110000317,226,187,39
110000318,2,53,-51
110000319,7,11,-4
110000320,16,37,-21
110000321,9,31,-22
110000322,43,420,-377
110000323,151,185,-34
110000324,3507,611,2896
110000325,1131,1595,-464
110000327,239,93,146
110000328,67,296,-229
110000333,346,355,-9
110000334,318,909,-591
110000335,567,358,209
110000336,238,867,-629
110000337,298,285,13
110000338,49,194,-145
110000339,60,115,-55
110000340,14,108,-94
110000341,155,410,-255
110000342,159,6,153
110000343,0,11,-11
110000344,14,145,-131
110000345,50,66,-16
110000346,1459,746,713
110000347,739,539,200
110000348,1,20,-19
110000349,5,22,-17
110000350,16,1,15
110000351,235,608,-373
110000352,160,898,-738
110000353,2007,517,1490
110000354,356,932,-576
110000355,16,51,-35
110000356,167,2,165
110000357,117,6,111
110000361,2,60,-58
110000362,17,40,-23
110000363,71,69,2
110000364,25,244,-219
110000365,52,0,52
110000366,0,37,-37
110000367,143,119,24
110000368,0,48,-48
110000369,11,0,11
110000373,0,218,-218
110000374,13,1,12
110000375,88,382,-294
110000376,20,69,-49
110000377,22,99,-77
110000378,10,214,-204
110000379,2526,562,1964
110000380,10,5,5
110000383,0,282,-282
110000384,1478,159,1319
110000385,1,96,-95
110000387,25,11,14
110000388,9,181,-172
110000389,104,1,103
110000391,163,233,-70
110000396,12,65,-53
110000397,13,134,-121
110000398,1,45,-44
110000399,70,0,70
110000587,29,30,-1
110000589,60,128,-68
110000640,79,119,-40
110000652,4,76,-72
110000653,73,335,-262
110000654,7,21,-14
110000656,0,390,-390
110000674,4,3,1
110000675,19,6,13
110000676,0,24,-24
110000679,567,225,342
110000682,43,68,-25
110000683,156,338,-182
110000684,0,20,-20
110000685,1,5,-4
110000686,0,19,-19
110000687,2,0,2
110000688,14,253,-239
110000689,16,44,-28
110000692,36,194,-158
110000693,56,173,-117
110000694,2,88,-86
110000695,75,497,-422
110000696,66,113,-47
110900001,59,3,56
110900002,51,119,-68
110900003,142,668,-526
110900004,47,198,-151
110900005,2758,510,2248
110900006,38,0,38
110900007,3,10,-7
110900008,2,27,-25
110900009,97,18,79
110900010,0,33,-33
110900011,0,33,-33
110900012,3,80,-77
110900013,221,79,142
110900014,28,3,25
110900015,588,119,469
110900016,9,151,-142
110900017,70,13,57
110900018,130,12,118
110900019,44,15,29
110900020,6,338,-332
110900021,21,492,-471
110900022,43,304,-261
110900023,20,275,-255
110900024,14,402,-388
110900025,0,22,-22
110900027,9,139,-130
110900028,11,94,-83
110900029,10,249,-239
110900030,10,202,-192
110900031,87,153,-66
110900032,0,87,-87
110900033,16,184,-168
110900035,18,271,-253
110900036,12,6,6
110900037,15,15,0
110900038,544,87,457
110900039,5,160,-155
110900040,53,16,37
110900041,2,129,-127
110900042,18,26,-8
110900043,0,110,-110
110900044,103,17,86
110900045,18,489,-471
110900046,65,173,-108
110900047,442,40,402
110900049,9,21,-12
110900050,2,1,1
110900051,24,122,-98
110900052,1,160,-159
110900053,18,26,-8
110900054,8,151,-143
110900055,8,2,6
110900056,25,71,-46
110900057,0,166,-166
110900058,37,157,-120
110900059,282,557,-275
110900060,141,45,96
110900061,21,35,-14
110900062,9,258,-249
110900063,5,44,-39
110900064,16,0,16
110900065,224,66,158
110900066,0,38,-38
110900067,363,174,189
110900068,161,117,44
110900069,0,15,-15
110900070,63,41,22
110900071,104,123,-19
110900073,0,14,-14
110900074,82,41,41
110900075,64,32,32
110900077,94,199,-105
110900078,7,95,-88
110900079,1295,284,1011
110900080,12,20,-8
110900081,2,77,-75
110900082,19,168,-149
110900083,47,10,37
110900084,4,129,-125
110900085,19,178,-159
110900086,13,54,-41
110900087,48,46,2
110900088,6,0,6
110900090,4,6,-2
110900091,0,32,-32
110900093,58,31,27
110900095,13,13,0
110900097,5,15,-10
110900098,3,49,-46
110900099,19,282,-263
110900100,0,15,-15
110900102,11,10,1
110900105,351,182,169
110900108,1,49,-48
110900111,115,28,87
110900112,172,5,167
110900113,222,6,216
110900115,1,88,-87
110900116,89,1619,-1530
110900118,71,489,-418
110900119,3612,150,3462
110900120,0,108,-108
110900121,37,1,36
110900122,92,79,13
110900125,70,97,-27
110900127,278,288,-10
110900128,196,127,69
110900129,89,81,8
110900130,566,106,460
110900131,34,17,17
110900132,64,12,52
110900133,21,216,-195
110900135,32,321,-289
110900136,109,4,105
110900138,0,2,-2
110900139,28,1,27
110900140,10,0,10
110900141,97,100,-3
110900142,11,117,-106
110900143,27,26,1
110900144,1,385,-384
110900145,33,8,25
110900146,112,15,97
110900147,73,126,-53
110900148,1,175,-174
110900149,0,37,-37
110900150,5,11,-6
110900151,0,29,-29
110900152,9,269,-260
110900153,12,15,-3
111000001,164,306,-142
111000002,452,527,-75
111000003,233,296,-63
111000004,261,896,-635
111000005,421,331,90
111000006,386,1065,-679
111000007,2129,779,1350
111000008,2433,1905,528
111000009,233,648,-415
111000010,283,203,80
111000011,345,704,-359
111000012,539,173,366
111000013,175,850,-675
111000014,637,398,239
111000017,39,259,-220
111000018,93,243,-150
111000020,1431,1157,274
111000021,32,91,-59
111000023,34,129,-95
111000025,3813,870,2943
111000029,21,67,-46
111000030,42,44,-2
111000031,1281,351,930
111000032,340,131,209
111000033,151,63,88
111000034,186,142,44
111000037,1445,582,863
111000038,1831,1437,394
111000039,809,1282,-473
111000040,681,1321,-640
111000041,1024,783,241
111000042,4097,1744,2353
111000043,995,783,212
111000044,503,256,247
111000045,512,778,-266
111000046,469,738,-269
111000047,785,1175,-390
111000049,181,335,-154
111000050,916,969,-53
111000051,277,805,-528
111000052,359,786,-427
111000053,286,638,-352
111000054,251,588,-337
111000055,674,1437,-763
111000056,65,534,-469
111000057,37,605,-568
111000058,48,107,-59
111000059,125,187,-62
111000060,1016,305,711
111000061,309,183,126
111000062,240,125,115
111000063,1212,474,738
111000064,158,390,-232
111000065,369,399,-30
111000066,77,147,-70
111000067,174,394,-220
111000068,114,361,-247
111000069,871,1174,-303
111000070,1684,853,831
111000071,139,517,-378
111000072,217,133,84
111000073,81,296,-215
111000074,660,612,48
111000075,183,376,-193
111000076,144,460,-316
111000077,506,757,-251
111000078,985,656,329
111000079,788,479,309
111000080,203,400,-197
111000081,1372,1688,-316
111000082,275,492,-217
111000084,336,359,-23
111000085,499,1349,-850
111000086,1886,987,899
111000087,493,613,-120
111000088,3634,1075,2559
111000089,222,548,-326
111000090,744,856,-112
111000091,292,608,-316
111000092,412,1008,-596
111000093,340,571,-231
111000094,1010,574,436
111000095,503,904,-401
111000096,1607,3141,-1534
111000097,3586,714,2872
111000098,168,908,-740
111000099,181,1691,-1510
111000100,89,1740,-1651
111000101,223,608,-385
111000102,31,498,-467
111000104,120,124,-4
111000107,20,448,-428
111000109,99,86,13
111000110,234,282,-48
111000111,407,263,144
111000112,482,123,359
111000113,264,227,37
111000114,607,413,194
111000115,4473,429,4044
111000116,563,333,230
111000117,393,355,38
111000118,1119,451,668
111000119,429,941,-512
111000120,186,277,-91
111000121,156,310,-154
111000122,167,644,-477
111000123,339,2305,-1966
111000124,206,2671,-2465
111000125,81,1576,-1495
111000126,27,782,-755
111000127,295,70,225
111000128,322,101,221
111000129,667,142,525
111000130,448,507,-59
111000131,358,366,-8
111000132,248,208,40
111000133,66,101,-35
111000134,37,93,-56
111000135,4,66,-62
111000136,65,152,-87
111000138,7,6,1
111000140,0,5,-5
111000141,29,118,-89
111000142,0,83,-83
111000143,1,59,-58
111000144,1,70,-69
111000145,24,4,20
111000146,4,3,1
111000147,31,1,30
111000148,36,31,5
111000149,1,18,-17
111000150,3,2,1
111000151,4,18,-14
111000153,361,246,115
111000154,488,127,361
111000155,49,121,-72
111000156,236,102,134
111000157,61,199,-138
111000158,338,279,59
111000159,1503,377,1126
111000160,87,289,-202
111000161,3,124,-121
111000162,8,120,-112
111000163,201,440,-239
111000164,517,1144,-627
111000165,805,254,551
111000166,558,128,430
111000167,101,306,-205
111000168,126,263,-137
111000169,153,264,-111
111000170,319,230,89
111000171,253,636,-383
111000172,57,516,-459
111000173,135,877,-742
111000174,30,342,-312
111000175,13,193,-180
111000176,66,121,-55
111000177,50,226,-176
111000178,275,285,-10
111000179,36,173,-137
111000180,114,217,-103
111000181,194,214,-20
111000182,72,125,-53
111000183,112,163,-51
111000184,134,138,-4
111000185,124,370,-246
111000186,91,292,-201
111000187,41,251,-210
111000188,107,323,-216
111000189,973,348,625
111000190,131,385,-254
111000191,53,330,-277
111000192,98,449,-351
111000193,279,262,17
111000194,14,375,-361
111000195,59,332,-273
111000196,16,235,-219
111000197,85,145,-60
111000198,125,90,35
111000199,29,131,-102
111000200,88,216,-128
111000201,152,151,1
111000202,86,107,-21
111000203,124,89,35
111000204,171,167,4
111000213,58,274,-216
111000214,649,957,-308
111000215,393,854,-461
111000217,400,469,-69
111000218,369,501,-132
111000219,222,201,21
111000220,1683,274,1409
111000221,339,43,296
111000224,128,274,-146
111000225,189,158,31
111000226,81,0,81
111000227,19,5,14
111000228,3,102,-99
111000229,4,192,-188
111000230,67,267,-200
111000231,132,856,-724
111000232,93,608,-515
111000233,123,495,-372
111000234,26,94,-68
111000239,92,122,-30
111000240,9,49,-40
111000241,15,300,-285
111000242,19,24,-5
111000243,31,609,-578
111000244,50,65,-15
111000245,121,379,-258
111000246,80,421,-341
111000247,54,913,-859
111000248,99,272,-173
111000249,165,714,-549
111000250,20,102,-82
111000251,27,74,-47
111000253,0,0,0
111000255,0,0,0
111000257,0,0,0
111000260,19,732,-713
111000261,145,39,106
111000271,38,248,-210
111000273,3765,833,2932
111000274,587,965,-378
111000275,28,41,-13
111000276,131,1757,-1626
111000277,88,336,-248
111000278,187,188,-1
111000291,372,1324,-952
111000298,124,179,-55
111000299,275,43,232
111000300,28,362,-334
111000302,78,36,42
111000303,40,154,-114
111000312,22,25,-3
111000315,18,157,-139
111000320,126,407,-281
111000321,86,18,68
111000322,47,360,-313
111000323,32,11,21
111000324,162,195,-33
111000325,4,46,-42
111000326,45,295,-250
111000327,147,389,-242
111000328,66,235,-169
111000329,2,22,-20
111000330,14,19,-5
111000331,11,5,6
111000332,127,629,-502
111000334,213,1134,-921
111000335,139,74,65
111000337,174,318,-144
111000338,4,94,-90
111000339,62,461,-399
111000340,51,547,-496
111000341,320,84,236
111000342,40,128,-88
111000344,272,421,-149
111000345,27,24,3
111000346,10,54,-44
111000347,14,2,12
111000350,118,98,20
111000351,37,220,-183
111000352,75,83,-8
111000353,19,209,-190
111000354,119,133,-14
111000355,95,439,-344
111000358,47,1201,-1154
111000360,43,700,-657
111000361,63,321,-258
111000546,79,469,-390
111000547,94,370,-276
111000548,48,105,-57
111000549,78,220,-142
111000550,41,119,-78
111000551,285,43,242
111000552,143,39,104
111000907,92,10,82
111000908,6,1,5
111000916,296,117,179
111000917,12,251,-239
111000918,45,708,-663
111000920,123,16,107
111000921,0,262,-262
111000922,73,261,-188
111000924,14,687,-673
111000925,755,889,-134
111000926,466,1830,-1364
111000927,1503,1620,-117
111000928,3882,2118,1764
111000929,351,573,-222
111000930,362,1618,-1256
111000931,604,796,-192
111000932,1841,1345,496
111000933,1454,906,548
111000934,1334,1567,-233
111000935,407,525,-118
111000936,356,1516,-1160
111000937,369,586,-217
111000938,874,1755,-881
111000939,117,33,84
111000940,171,203,-32
111000941,65,351,-286
111000943,91,155,-64
111000944,46,399,-353
111000945,45,1606,-1561
111001109,78,69,9
111001110,92,495,-403
111001111,4,1,3
111001112,36,2,34
111001113,27,72,-45
111001114,570,46,524
111001115,66,194,-128
111001116,2997,598,2399
111001117,296,300,-4
111001120,64,194,-130
111001121,75,268,-193
111001122,83,558,-475
111001123,47,76,-29
111001124,18,404,-386
111001125,1,15,-14
111001126,0,0,0
111001127,0,24,-24
111001128,101,354,-253
111900001,1,123,-122
111900002,1,452,-451
111900003,0,234,-234
111900004,14,88,-74
111900006,1,3,-2
111900007,11,1,10
111900008,4,0,4
111900009,13,0,13
111900010,91,344,-253
111900012,46,43,3
111900013,1,25,-24
111900014,5078,659,4419
111900015,0,54,-54
111900016,1,127,-126
111900017,1,77,-76
111900018,43,3,40
111900019,0,52,-52
111900020,0,26,-26
111900021,16,32,-16
111900022,9,29,-20
111900023,98,22,76
111900024,1,53,-52
111900025,0,39,-39
111900026,0,49,-49
111900027,3,126,-123
111900028,1,302,-301
111900029,1,70,-69
111900030,27,203,-176
111900031,2,9,-7
111900032,5,316,-311
111900033,6,91,-85
111900034,81,376,-295
111900035,6,167,-161
111900036,0,257,-257
111900038,128,331,-203
111900039,26,255,-229
111900040,7,612,-605
111900042,25,40,-15
111900043,3,350,-347
111900044,131,126,5
111900046,45,137,-92
111900048,29,580,-551
111900049,11,246,-235
111900050,8,6,2
111900051,0,190,-190
111900052,205,425,-220
111900053,918,114,804
111900054,14,0,14
111900055,7,539,-532
111900056,62,93,-31
111900057,20,35,-15
111900058,55,639,-584
111900059,1224,127,1097
111900060,74,0,74
111900061,5,227,-222
111900062,0,8,-8
111900063,35,124,-89
111900064,107,171,-64
111900065,8,4,4
111900066,27,65,-38
111900067,1,145,-144
111900068,10,20,-10
111900069,12,10,2
111900070,20,74,-54
111900071,0,140,-140
111900072,4,5,-1
111900073,119,15,104
111900074,2,98,-96
111900075,11,0,11
111900076,15,3,12
111900077,3,0,3
111900078,30,2,28
111900079,5,4,1
111900080,126,21,105
111900082,12,4,8
111900083,23,2,21
111900084,5,0,5
111900085,5,16,-11
111900086,12,1,11
111900087,17,0,17
111900088,57,3,54
111900089,8,1,7
111900090,18,7,11
111900091,23,0,23
111900092,9,0,9
111900093,36,2,34
111900094,17,0,17
111900095,35,3,32
111900096,16,0,16
111900097,5,0,5
111900098,16,0,16
111900099,6,0,6
111900100,18,0,18
111900101,43,0,43
111900102,54,573,-519
111900103,24,26,-2
111900104,26,52,-26
111900105,32,55,-23
111900106,785,18,767
111900110,2268,70,2198
111900111,11,132,-121
111900112,364,346,18
111900113,191,13,178
111900118,56,4,52
111900119,63,21,42
111900122,48,8,40
111900123,1,25,-24
111900124,7,89,-82
111900125,47,0,47
111900126,23,0,23
111900127,2,463,-461
111900128,1,380,-379
111900129,31,2,29
111900130,23,1,22
111900131,72,1,71
111900132,24,706,-682
111900133,0,166,-166
111900134,9,237,-228
111900135,0,3,-3
111900136,15,17,-2
111900137,18,10,8
111900138,4,33,-29
111900139,6,90,-84
111900140,8,12,-4
111900141,8,2,6
111900142,54,11,43
111900143,5,204,-199
111900144,0,128,-128
111900145,1,502,-501
111900146,1,284,-283
111900147,62,411,-349
111900148,26,585,-559
111900149,6,337,-331
111900150,7,158,-151
111900151,0,8,-8
111900152,47,14,33
111900153,934,63,871
111900154,3,52,-49
111900155,4,16,-12
111900156,4,8,-4
111900157,17,2,15
111900158,66,5,61
111900159,21,1,20
111900160,29,0,29
111900161,18,1,17
111900162,46,63,-17
111900163,12,143,-131
111900164,31,7,24
111901113,27,152,-125
111901114,19,241,-222
111901115,2,0,2
111901116,20,0,20
111901117,1,2,-1
111901118,52,18,34
111901119,740,29,711
111901121,93,215,-122
111901122,3,394,-391
111901123,8,346,-338
111901124,23,0,23
111901125,48,114,-66
111901127,400,47,353
111901128,3,31,-28
111901129,5,57,-52
111901130,3,110,-107
111901131,0,209,-209
111901132,31,5,26
111901133,7,0,7
111901134,5,0,5
111901135,5,1,4
111901136,0,2,-2
111901138,14,25,-11
111901139,2,34,-32
111901140,5,105,-100
111901141,2,158,-156
111901142,6,94,-88
111901143,1,57,-56
111901144,34,6,28
111901145,73,83,-10
111901146,60,2,58
111901147,843,51,792
111901148,9,17,-8
111901149,2,1,1
111901150,3,0,3
111901151,0,0,0
112000001,490,408,82
112000002,438,1495,-1057
112000003,288,381,-93
112000004,277,1018,-741
112000005,618,650,-32
112000006,700,1169,-469
112000007,734,608,126
112000008,1073,1785,-712
112000009,2326,2158,168
112000010,1180,1286,-106
112000011,1116,1605,-489
112000012,3374,697,2677
112000013,3963,1914,2049
112000014,1749,269,1480
112000015,2497,1135,1362
112000016,1938,459,1479
112000017,806,557,249
112000024,1047,334,713
112000026,3294,3559,-265
112000027,313,196,117
112000028,1172,1124,48
112000029,129,261,-132
112000030,117,55,62
112000031,771,858,-87
112000032,368,30,338
112000033,1407,349,1058
112000034,341,20,321
112000035,28,126,-98
112000036,334,273,61
112000037,381,571,-190
112000038,410,495,-85
112000039,17,51,-34
112000040,59,200,-141
112000041,210,352,-142
112000042,410,167,243
112000050,301,828,-527
112000051,243,339,-96
112000054,909,1415,-506
112000057,322,215,107
112000058,209,257,-48
112000059,443,236,207
112000061,4291,751,3540
112000062,1785,251,1534
112000063,1241,426,815
112000064,3504,3826,-322
112000065,1831,1949,-118
112000066,1811,470,1341
112000067,332,453,-121
112000068,838,512,326
112000069,371,1354,-983
112000070,694,254,440
112000071,325,1980,-1655
112000072,383,393,-10
112000073,597,1129,-532
112000074,365,393,-28
112000075,369,453,-84
112000076,1889,1782,107
112000077,176,440,-264
112000078,472,479,-7
112000079,631,916,-285
112000080,226,641,-415
112000081,535,1214,-679
112000082,420,308,112
112000083,323,1111,-788
112000084,409,321,88
112000085,558,916,-358
112000086,695,905,-210
112000087,135,618,-483
112000088,104,427,-323
112000089,127,198,-71
112000090,140,294,-154
112000091,312,798,-486
112000092,471,447,24
112000093,712,979,-267
112000094,150,533,-383
112000095,222,495,-273
112000096,112,428,-316
112000097,312,232,80
112000098,317,1018,-701
112000099,223,201,22
112000100,344,503,-159
112000101,167,665,-498
112000102,255,306,-51
112000103,146,907,-761
112000105,367,1701,-1334
112000106,424,276,148
112000107,17,92,-75
112000108,114,1202,-1088
112000109,53,67,-14
112000110,550,272,278
112000111,614,2973,-2359
112000112,1134,204,930
112000113,588,1583,-995
112000114,764,426,338
112000115,99,321,-222
112000116,71,528,-457
112000117,148,288,-140
112000118,331,527,-196
112000119,205,602,-397
112000120,36,217,-181
112000121,33,500,-467
112000122,55,88,-33
112000123,123,85,38
112000124,64,45,19
112000125,47,92,-45
112000126,47,535,-488
112000127,1097,566,531
112000128,732,238,494
112000129,32,62,-30
112000130,18,29,-11
112000131,8,222,-214
112000132,20,202,-182
112000133,86,132,-46
112000134,170,255,-85
112000135,281,361,-80
112000136,353,889,-536
112000137,418,649,-231
112000138,654,918,-264
112000139,363,156,207
112000140,467,735,-268
112000141,152,135,17
112000142,63,587,-524
112000143,269,131,138
112000144,122,1255,-1133
112000145,631,390,241
112000146,290,1662,-1372
112000147,579,764,-185
112000148,748,1507,-759
112000149,93,503,-410
112000150,62,406,-344
112000151,152,424,-272
112000152,97,222,-125
112000153,74,197,-123
112000154,45,65,-20
112000155,46,64,-18
112000157,228,193,35
112000158,103,450,-347
112000159,113,200,-87
112000167,61,11,50
112000169,176,170,6
112000173,179,147,32
112000175,66,177,-111
112000176,2620,994,1626
112000177,90,24,66
112000178,21,340,-319
112000179,38,85,-47
112000180,165,149,16
112000181,386,1124,-738
112000182,213,1301,-1088
112000183,18,46,-28
112000184,94,417,-323
112000185,103,368,-265
112000187,1099,1184,-85
112000195,59,5,54
112000196,33,1,32
112000197,10,87,-77
112000198,15,289,-274
112000199,350,647,-297
112000202,40,0,40
112000216,33,77,-44
112000230,26,2,24
112000231,0,262,-262
112000256,6,54,-48
112000313,89,137,-48
112000314,4,3,1
112000337,69,265,-196
112000352,74,73,1
112000392,1066,686,380
112000398,301,379,-78
112000399,925,634,291
112000400,819,2268,-1449
112000401,1646,1716,-70
112000402,722,964,-242
112000403,784,784,0
112000404,170,269,-99
112000405,653,1319,-666
112000406,1854,2059,-205
112000407,1505,2634,-1129
112000408,4486,3910,576
112000409,1164,3385,-2221
112000410,47,52,-5
112000411,2600,264,2336
112000412,412,102,310
112000413,5354,783,4571
112000414,27,76,-49
112000415,36,41,-5
112000416,617,738,-121
112000417,60,37,23
112000421,17,89,-72
112000422,146,304,-158
112000424,1087,592,495
112000425,138,842,-704
112000426,44,116,-72
112000427,0,13,-13
112000428,29,307,-278
112000429,868,1824,-956
112000430,788,2044,-1256
112000431,34,61,-27
112000432,220,1555,-1335
112000433,327,289,38
112000437,12,262,-250
112900001,10,0,10
112900002,53,829,-776
112900003,4,196,-192
112900004,12,224,-212
112900005,28,133,-105
112900007,6,100,-94
112900008,0,4,-4
112900009,99,48,51
112900010,49,463,-414
112900011,205,157,48
112900012,0,36,-36
112900013,0,83,-83
112900014,0,169,-169
112900015,138,553,-415
112900016,0,167,-167
112900017,20,120,-100
112900018,29,542,-513
112900019,26,78,-52
112900020,234,937,-703
112900021,2,187,-185
112900022,3,28,-25
112900023,0,243,-243
112900024,6,126,-120
112900025,40,86,-46
112900026,2,204,-202
112900027,3,871,-868
112900028,18,91,-73
112900029,10,428,-418
112900030,257,98,159
112900031,2,377,-375
112900032,39,138,-99
112900034,0,24,-24
112900035,2,312,-310
112900036,7,89,-82
112900037,73,42,31
112900038,101,69,32
112900039,11,170,-159
112900040,2,156,-154
112900041,588,249,339
112900042,25,204,-179
112900043,5,16,-11
112900044,299,134,165
112900045,354,129,225
112900046,139,36,103
112900047,4,9,-5
112900049,20,40,-20
112900050,12,403,-391
112900051,181,433,-252
112900052,1,810,-809
112900053,141,42,99
112900054,158,13,145
112900055,66,8,58
112900056,109,59,50
112900057,2,439,-437
112900058,151,47,104
112900059,28,87,-59
112900060,3,112,-109
112900061,9,59,-50
112900062,12,73,-61
112900063,31,2,29
112900064,54,48,6
112900065,7,2,5
112900066,58,25,33
112900067,388,50,338
112900068,10,7,3
112900069,1709,165,1544
112900071,16,0,16
112900072,80,204,-124
112900073,90,12,78
112900074,19,35,-16
112900075,1316,127,1189
112900076,24,1,23
112900078,46,86,-40
112900079,50,4,46
112900080,5,0,5
112900081,19,32,-13
112900082,61,7,54
112900083,12,11,1
112900084,45,12,33
112900086,4,0,4
112900087,109,17,92
112900088,6,1,5
112900089,137,2,135
112900090,3,3,0
112900091,45,0,45
112900092,50,33,17
112900093,152,2,150
112900095,2,0,2
112900096,88,21,67
112900097,15,193,-178
112900098,2,0,2
112900099,129,1,128
112900100,5,0,5
112900101,44,2,42
112900102,30,2,28
112900103,45,1,44
112900104,68,2,66
112900105,0,0,0
112900106,162,15,147
112900107,0,0,0
112900108,1,0,1
112900109,10,0,10
112900110,146,4,142
112900111,91,0,91
112900112,48,0,48
112900113,0,5,-5
112900114,3,7,-4
112900115,136,0,136
112900116,20,26,-6
112900117,63,81,-18
112900118,6,35,-29
112900119,26,4,22
112900120,404,93,311
112900121,141,69,72
112900122,2,83,-81
112900123,82,6,76
112900124,0,77,-77
112900125,23,119,-96
112900126,50,196,-146
112900127,85,22,63
112900128,271,469,-198
112900129,1,548,-547
112900130,44,18,26
112900131,10,162,-152
112900132,43,322,-279
112900133,13,819,-806
112900134,1,181,-180
112900135,25,10,15
112900137,2,485,-483
112900138,1,245,-244
112900139,74,667,-593
112900141,88,9,79
112900142,17,24,-7
112900143,36,362,-326
112900144,3,665,-662
112900145,44,271,-227
112900146,6,911,-905
112900147,1,1597,-1596
112900148,0,0,0
112900149,61,275,-214
112900151,10,22,-12
112900152,3586,549,3037
112900153,554,312,242
112900154,0,65,-65
112900155,31,1,30
112900156,29,1071,-1042
112900157,39,194,-155
112900158,6,3,3
112900159,78,22,56
112900160,10,173,-163
112900161,21,14,7
112900162,9,7,2
112900163,40,15,25
112900164,11,39,-28
112900165,37,17,20
112900166,8,17,-9
112900167,0,17,-17
112900168,0,0,0
112900169,1,2,-1
112900170,22,30,-8
112900172,73,0,73
112900173,112,59,53
112900174,79,13,66
112900175,35,35,0
112900176,17,3,14
112900177,64,8,56
112900178,193,340,-147
112900179,19,445,-426
112900180,308,1662,-1354
112900181,63,17,46
112900182,17,1034,-1017
112900183,62,80,-18
112900184,237,128,109
112900185,76,218,-142
112900186,696,221,475
112900187,14,69,-55
112900188,495,120,375
112900189,2,18,-16
112900190,0,31,-31
112900192,127,77,50
112900193,322,64,258
112900194,5,64,-59
112900195,96,5,91
112900196,152,362,-210
112900197,25,250,-225
112900199,94,366,-272
112900200,84,137,-53
112900201,25,43,-18
112900202,51,493,-442
112900203,11,113,-102
112900204,310,132,178
112900205,0,3,-3
112900206,3,30,-27
112900207,4,0,4
112900208,14,35,-21
112900209,131,252,-121
112900210,0,8,-8
112900211,25,21,4
112900212,1,17,-16
112900213,0,4,-4
112900214,1,0,1
112900215,5,127,-122
112900216,12,10,2
112900217,0,44,-44
112900218,2,2,0
112900219,3,40,-37
112900220,0,0,0
112900221,1,70,-69
112900222,0,8,-8
112900223,123,1,122
112900224,34,458,-424
112900225,62,402,-340
112900226,95,70,25
112900227,57,774,-717
112900228,7,13,-6
112900229,19,43,-24
112900230,4031,904,3127
112900232,56,68,-12
112900233,9,104,-95
112900234,0,81,-81
112900235,21,3,18
112900236,34,11,23
112900237,42,184,-142
112900238,0,17,-17
112900239,279,187,92
112900240,0,110,-110
112900241,3,149,-146
112900242,2,225,-223
112900243,4,200,-196
112900244,0,163,-163
112900245,0,35,-35
112900246,0,4,-4
112900247,69,6,63
112900248,10,1,9
112900249,21,3,18
112900250,39,17,22
112900251,6,8,-2
112900252,5,10,-5
112900253,0,11,-11
112900254,0,5,-5
112900255,0,22,-22
112900256,0,16,-16
112900257,4,8,-4
112900258,8,9,-1
113000001,2601,2491,110
113000002,2094,1860,234
113000003,1200,886,314
113000004,1245,1174,71
113000005,598,514,84
113000006,514,711,-197
113000007,785,647,138
113000008,606,802,-196
113000009,363,644,-281
113000010,422,786,-364
113000011,346,1117,-771
113000012,445,414,31
113000013,712,326,386
113000014,1246,908,338
113000015,418,173,245
113000016,135,154,-19
113000017,15,152,-137
113000018,82,19,63
113000019,22,133,-111
113000020,18,12,6
113000021,405,488,-83
113000022,247,757,-510
113000025,34,167,-133
113000026,77,183,-106
113000027,449,137,312
113000028,485,223,262
113000029,421,356,65
113000030,369,385,-16
113000031,200,102,98
113000032,172,74,98
113000033,157,195,-38
113000034,314,142,172
113000035,16,22,-6
113000036,12,32,-20
113000037,23,19,4
113000038,10,24,-14
113000039,52,239,-187
113000040,49,73,-24
113000042,466,336,130
113000051,281,895,-614
113000052,1375,581,794
113000053,139,367,-228
113000054,102,357,-255
113000055,358,494,-136
113000056,318,1177,-859
113000058,434,734,-300
113000059,694,455,239
113000060,38,468,-430
113000061,307,524,-217
113000062,713,73,640
113000063,21,124,-103
113000064,7,259,-252
113000065,115,816,-701
113000066,188,47,141
113000067,462,580,-118
113000068,296,1367,-1071
113000069,216,922,-706
113000070,449,374,75
113000071,141,448,-307
113000072,184,206,-22
113000073,241,936,-695
113000074,517,183,334
113000075,1046,252,794
113000076,659,1010,-351
113000077,951,243,708
113000078,717,777,-60
113000079,563,349,214
113000080,485,306,179
113000081,667,460,207
113000082,790,493,297
113000083,353,367,-14
113000084,1049,656,393
113000085,473,328,145
113000086,615,668,-53
113000087,687,483,204
113000088,1038,608,430
113000089,513,794,-281
113000090,119,138,-19
113000091,300,124,176
113000094,292,89,203
113000095,134,614,-480
113000096,86,469,-383
113000097,208,178,30
113000098,34,11,23
113000099,559,87,472
113000100,65,195,-130
113000101,173,256,-83
113000102,187,94,93
113000103,1403,316,1087
113000104,194,1366,-1172
113000105,204,307,-103
113000106,136,370,-234
113000107,293,604,-311
113000108,484,1043,-559
113000109,254,1321,-1067
113000110,895,249,646
113000111,90,305,-215
113000112,283,240,43
113000113,1188,201,987
113000114,386,449,-63
113000116,397,154,243
113000117,377,105,272
113000118,75,169,-94
113000119,69,200,-131
113000120,15,179,-164
113000121,209,411,-202
113000124,78,80,-2
113000125,16,340,-324
113000127,2222,280,1942
113000128,224,219,5
113000129,325,746,-421
113000133,2217,309,1908
113000134,3,274,-271
113000135,1446,1174,272
113000137,1260,781,479
113000139,228,76,152
113000140,110,129,-19
113000141,172,23,149
113000142,394,289,105
113000143,220,78,142
113000144,186,322,-136
113000145,44,97,-53
113000146,29,30,-1
113000147,54,48,6
113000148,43,82,-39
113000149,67,56,11
113000150,281,175,106
113000151,91,49,42
113000152,13,69,-56
113000153,925,214,711
113000154,270,593,-323
113000155,112,182,-70
113000156,124,183,-59
113000157,144,391,-247
113000158,235,106,129
113000159,434,309,125
113000160,282,632,-350
113000161,108,418,-310
113000162,256,187,69
113000163,48,40,8
113000164,32,55,-23
113000166,49,41,8
113000167,16,180,-164
113000168,24,172,-148
113000169,34,16,18
113000170,26,43,-17
113000171,24,75,-51
113000172,112,48,64
113000173,19,4,15
113000174,57,386,-329
113000175,131,61,70
113000176,175,50,125
113000177,50,303,-253
113000178,81,313,-232
113000179,144,49,95
113000180,278,861,-583
113000181,496,717,-221
113000182,69,121,-52
113000183,100,372,-272
113000184,15,68,-53
113000189,553,287,266
113000190,713,182,531
113000192,1647,688,959
113000193,2771,484,2287
113000194,1058,584,474
113000195,1282,269,1013
113000196,51,38,13
113000197,725,474,251
113000198,19,182,-163
113000199,344,203,141
113000201,155,83,72
113000202,1696,649,1047
113000203,304,53,251
113000204,825,600,225
113000205,7,14,-7
113000206,6,20,-14
113000207,28,8,20
113000208,22,31,-9
113000209,14,13,1
113000210,8,20,-12
113000211,242,70,172
113000212,221,21,200
113000213,14,72,-58
113000214,46,125,-79
113000234,86,920,-834
113000410,21,37,-16
113000411,1453,2482,-1029
113000412,7579,1021,6558
113000413,2765,980,1785
113000414,6954,3872,3082
113000415,1726,1211,515
113000416,4928,1619,3309
113000417,1999,1133,866
113000418,1915,1472,443
113000419,1016,932,84
113000420,2008,1307,701
113000421,2713,2340,373
113000422,10696,3399,7297
113000423,1854,1560,294
113000424,3005,3930,-925
113000425,12,45,-33
113000428,8,5,3
113000430,7,8,-1
113000432,573,48,525
113000433,111,616,-505
113000434,16,251,-235
113000435,8,564,-556
113000436,53,886,-833
113000437,127,9,118
113000438,71,5,66
113000439,13,117,-104
113000440,30,22,8
113000441,61,132,-71
113000442,59,181,-122
113000443,48,172,-124
113000444,38,214,-176
113000445,31,80,-49
113000446,22,54,-32
113000448,132,77,55
113000449,135,473,-338
113000450,365,1017,-652
113000451,888,77,811
113000452,252,178,74
113000453,85,141,-56
113000454,479,29,450
113000455,32,73,-41
113000456,1687,900,787
113000468,1599,135,1464
113000469,98,29,69
113000470,290,47,243
113000471,5,177,-172
113000472,17,161,-144
113000474,142,437,-295
113000475,745,1063,-318
113000476,559,1321,-762
113000477,1077,1490,-413
113000478,1784,3586,-1802
113000479,19,227,-208
113000485,0,0,0
113000486,0,0,0
113000487,0,0,0
113000488,0,0,0
113000489,0,0,0
113000490,0,0,0
113000491,0,0,0
113000492,0,0,0
113000493,0,0,0
113000495,126,136,-10
113000496,41,41,0
113000499,0,0,0
113900001,2,34,-32
113900002,0,58,-58
113900003,0,29,-29
113900004,0,8,-8
113900005,0,11,-11
113900006,0,12,-12
113900007,27,0,27
113900008,5,1,4
113900009,77,0,77
113900010,38,0,38
113900011,2,0,2
113900012,0,1,-1
113900013,122,3,119
113900014,502,2,500
113900015,0,43,-43
113900016,7,0,7
113900017,0,31,-31
113900018,189,17,172
113900019,12,24,-12
113900020,19,0,19
113900022,1,0,1
113900023,2,0,2
113900024,9,34,-25
113900025,143,5,138
113900026,4,0,4
113900027,2,26,-24
113900028,9,309,-300
113900029,29,245,-216
113900030,48,1,47
113900031,0,0,0
113900032,1,0,1
113900033,29,28,1
113900035,10,0,10
113900036,5,51,-46
113900037,18,438,-420
113900038,40,16,24
113900039,26,2,24
113900040,1,0,1
113900041,0,1,-1
113900042,27,16,11
113900043,120,30,90
113900044,96,18,78
113900045,17,0,17
113900046,169,437,-268
113900047,10,91,-81
113900048,192,12,180
113900049,587,75,512
113900050,73,177,-104
113900051,74,157,-83
113900052,93,56,37
113900053,190,84,106
113900054,11,1,10
113900055,53,304,-251
113900056,21,77,-56
113900057,19,71,-52
113900058,11,70,-59
113900059,71,251,-180
113900060,90,145,-55
113900061,577,21,556
113900062,32,3,29
113900063,24,79,-55
113900064,12,92,-80
113900065,372,8,364
113900066,75,342,-267
113900067,16,179,-163
113900068,165,184,-19
113900069,51,6,45
113900070,86,212,-126
113900071,18,26,-8
113900072,7,61,-54
113900073,95,192,-97
113900074,5,302,-297
113900075,408,613,-205
113900076,82,3,79
113900077,13,113,-100
113900078,13,22,-9
113900079,0,27,-27
113900080,155,80,75
113900081,33,101,-68
113900082,48,84,-36
113900083,26,441,-415
113900084,62,46,16
113900085,18,199,-181
113900086,3,11,-8
113900087,17,126,-109
113900088,15,24,-9
113900089,149,6,143
113900090,167,135,32
113900091,7,5,2
113900092,23,29,-6
113900093,22,273,-251
113900094,81,344,-263
113900095,29,39,-10
113900096,43,25,18
113900097,0,78,-78
113900098,150,32,118
113900099,2,33,-31
113900100,0,1,-1
113900101,10,18,-8
113900102,47,41,6
113900103,76,112,-36
113900104,21,59,-38
113900105,4,233,-229
113900106,0,39,-39
113900107,0,19,-19
113900108,77,82,-5
113900109,102,48,54
113900110,5,13,-8
113900111,26,46,-20
113900112,44,62,-18
113900113,269,178,91
113900114,0,44,-44
113900115,1,61,-60
113900116,27,49,-22
113900117,20,1,19
113900118,58,98,-40
113900119,133,82,51
113900120,14,14,0
113900121,26,33,-7
113900122,88,790,-702
113900123,115,83,32
113900124,0,61,-61
113900125,746,111,635
113900126,46,19,27
113900127,88,185,-97
113900128,44,25,19
113900129,1,40,-39
113900130,1,8,-7
113900131,38,29,9
113900132,7,31,-24
113900133,6,24,-18
113900135,81,283,-202
113900136,61,27,34
113900137,95,107,-12
113900138,22,71,-49
113900139,328,25,303
113900140,206,70,136
113900141,121,247,-126
113900142,24,31,-7
113900143,8,8,0
113900144,175,36,139
113900145,53,90,-37
113900146,16,27,-11
113900148,81,75,6
113900149,38,15,23
113900150,565,203,362
113900151,48,118,-70
113900152,13,25,-12
113900153,165,200,-35
113900154,1,47,-46
113900155,97,30,67
113900156,80,335,-255
113900157,11,161,-150
113900158,124,53,71
113900159,11,85,-74
113900160,190,408,-218
113900161,17,86,-69
113900162,271,118,153
113900163,204,92,112
113900164,69,16,53
113900165,342,207,135
113900166,66,20,46
113900167,77,11,66
113900168,56,84,-28
113900169,59,218,-159
113900171,23,16,7
113900172,3,161,-158
113900173,11,389,-378
113900174,199,393,-194
113900175,91,37,54
113900176,63,449,-386
113900177,94,90,4
113900178,56,45,11
113900179,8,498,-490
113900180,39,65,-26
113900181,118,20,98
113900182,146,530,-384
113900183,13,28,-15
113900184,10,319,-309
113900185,71,67,4
113900186,10,10,0
113900187,18,92,-74
113900188,26,79,-53
113900189,113,21,92
113900190,165,51,114
113900191,32,118,-86
113900192,0,99,-99
113900193,6,195,-189
113900194,1113,443,670
113900195,211,255,-44
113900196,0,96,-96
113900197,3,197,-194
113900198,7,83,-76
113900199,86,299,-213
113900200,5,111,-106
113900201,1,169,-168
113900202,11,109,-98
113900203,1,150,-149
113900204,13,404,-391
113900205,1,33,-32
113900206,3,66,-63
113900207,0,41,-41
113900208,0,43,-43
113900209,4,73,-69
113900210,244,170,74
113900211,59,5,54
113900212,46,296,-250
113900214,221,151,70
113900215,16,71,-55
113900216,18,894,-876
113900217,7,212,-205
113900218,20,19,1
113900219,50,269,-219
113900220,24,32,-8
113900221,118,50,68
113900222,117,119,-2
113900223,29,797,-768
113900224,65,34,31
113900225,411,94,317
113900226,129,64,65
113900227,172,56,116
113900228,190,160,30
113900229,5,271,-266
113900230,2058,529,1529
113900231,43,97,-54
113900232,12,42,-30
113900233,17,32,-15
113900234,45,199,-154
113900235,10,32,-22
113900236,21,162,-141
113900237,31,5,26
113900238,67,173,-106
113900239,35,20,15
113900240,3,32,-29
113900241,80,17,63
113900242,35,69,-34
113900243,70,206,-136
113900244,244,79,165
113900245,636,82,554
113900246,15,25,-10
113900247,49,60,-11
113900248,1949,402,1547
113900249,515,100,415
113900250,15,63,-48
113900251,172,135,37
113900252,157,7,150
113900253,268,7,261
113900254,141,27,114
113900255,159,6,153
113900256,142,15,127
113900257,20,457,-437
113900258,3,348,-345
113900259,117,179,-62
113900260,49,14,35
113900261,8,116,-108
113900262,49,543,-494
113900263,15,245,-230
113900264,3,463,-460
113900265,46,167,-121
113900266,14,200,-186
113900267,65,237,-172
113900268,102,136,-34
113900269,21,57,-36
113900270,122,138,-16
113900271,206,815,-609
113900273,2,6,-4
113900274,8,1,7
113900275,12,42,-30
113900276,0,173,-173
113900277,14,0,14
113900278,137,85,52
113900279,78,67,11
113900280,539,208,331
113900281,67,405,-338
113900282,321,126,195
113900283,132,216,-84
113900284,446,50,396
113900285,64,15,49
113900286,1,85,-84
113900287,2,27,-25
113900288,1,31,-30
113900289,948,31,917
113900290,286,34,252
113900291,87,99,-12
113900292,2,0,2
113900293,0,132,-132
113900294,107,10,97
113900295,394,128,266
113900296,1479,147,1332
113900297,273,7,266
113900298,5,863,-858
113900299,6,108,-102
113900300,3496,964,2532
113900301,378,106,272
113900302,1680,324,1356
113900303,299,83,216
113900304,0,96,-96
113900305,18,0,18
113900306,1,0,1
113900307,38,0,38
113900308,37,32,5
113900309,1,490,-489
113900310,0,6,-6
113900311,1,0,1
113900312,61,44,17
113900313,19,8,11
113900314,0,6,-6
113900315,14,1,13
114000001,554,1956,-1402
114000002,69,302,-233
114000003,99,939,-840
114000004,191,282,-91
114000005,140,188,-48
114000006,3511,1120,2391
114000007,264,752,-488
114000008,1348,504,844
114000009,126,123,3
114000011,1215,1903,-688
114000012,723,1822,-1099
114000013,455,1520,-1065
114000014,370,387,-17
114000015,394,368,26
114000016,199,282,-83
114000017,46,157,-111
114000018,204,42,162
114000026,380,1245,-865
114000027,786,1277,-491
114000028,721,1045,-324
114000038,47,75,-28
114000039,75,205,-130
114000040,50,116,-66
114000042,40,207,-167
114000043,53,182,-129
114000044,63,208,-145
114000045,28,88,-60
114000046,1955,2615,-660
114000047,1,40,-39
114000048,50,159,-109
114000049,1071,647,424
114000050,1585,591,994
114000051,3675,727,2948
114000052,2596,594,2002
114000053,16,235,-219
114000054,27,826,-799
114000055,94,5,89
114000056,622,305,317
114000057,5067,1351,3716
114000058,209,230,-21
114000059,86,91,-5
114000060,236,650,-414
114000061,2256,673,1583
114000062,857,297,560
114000063,2397,936,1461
114000064,4745,1192,3553
114000065,1479,1158,321
114000066,135,370,-235
114000067,16,176,-160
114000068,280,211,69
114000069,334,199,135
114000070,1661,709,952
114000071,226,304,-78
114000072,54,215,-161
114000073,7,98,-91
114000074,5,21,-16
114000075,23,151,-128
114000076,9,130,-121
114000077,2,42,-40
114000078,66,782,-716
114000079,28,33,-5
114000080,45,53,-8
114000081,17,70,-53
114000082,43,413,-370
114000083,16,199,-183
114000084,34,60,-26
114000085,85,578,-493
114000086,42,406,-364
114000087,18,173,-155
114000088,12,33,-21
114000089,911,334,577
114000090,506,214,292
114000091,1144,219,925
114000092,702,179,523
114000093,478,405,73
114000094,224,241,-17
114000095,51,37,14
114000096,45,254,-209
114000097,32,403,-371
114000098,86,20,66
114000099,68,768,-700
114000100,231,391,-160
114000101,110,900,-790
114000102,95,137,-42
114000103,113,485,-372
114000104,0,228,-228
114000105,32,39,-7
114000106,387,188,199
114000107,50,60,-10
114000108,1902,932,970
114000109,108,369,-261
114000110,196,1194,-998
114000111,275,214,61
114000112,154,1806,-1652
114000113,386,138,248
114000114,633,1402,-769
114000115,579,209,370
114000116,124,392,-268
114000117,450,190,260
114000118,458,166,292
114000119,316,123,193
114000120,307,722,-415
114000121,289,360,-71
114000122,150,139,11
114000123,269,138,131
114000124,120,158,-38
114000125,405,1182,-777
114000126,280,90,190
114000127,42,89,-47
114000128,348,431,-83
114000130,179,204,-25
114000131,59,14,45
114000132,442,561,-119
114000133,868,923,-55
114000134,39,147,-108
114000138,45,145,-100
114000139,504,61,443
114000144,270,97,173
114000145,76,134,-58
114000146,51,255,-204
114000147,423,421,2
114000148,1215,490,725
114000149,271,98,173
114000150,1681,619,1062
114000151,1075,495,580
114000152,194,8,186
114000153,1189,1035,154
114000154,897,624,273
114000155,976,837,139
114000156,652,228,424
114000157,190,427,-237
114000158,1560,383,1177
114000159,202,290,-88
114000160,75,126,-51
114000161,1105,455,650
114000162,570,322,248
114000163,7,113,-106
114000165,232,48,184
114000166,414,81,333
114000167,3213,767,2446
114000168,558,406,152
114000169,1168,200,968
114000170,540,228,312
114000171,325,490,-165
114000174,81,224,-143
114000176,432,226,206
114000177,1118,399,719
114000178,20,52,-32
114000179,640,338,302
114000180,158,301,-143
114000181,689,959,-270
114000182,3108,1288,1820
114000183,721,735,-14
114000184,4121,1188,2933
114000185,480,442,38
114000189,112,23,89
114000190,481,40,441
114000191,13,10,3
114000192,213,768,-555
114000193,518,2045,-1527
114000194,629,830,-201
114000195,14,2,12
114000196,4,183,-179
114000197,291,8,283
114000198,585,233,352
114000199,933,521,412
114000200,423,1715,-1292
114000201,49,700,-651
114000202,353,515,-162
114000203,304,806,-502
114000204,41,196,-155
114000205,160,1308,-1148
114000206,156,935,-779
114000207,684,1495,-811
114000208,252,2056,-1804
114000209,395,2481,-2086
114000210,221,1759,-1538
114000211,498,939,-441
114000212,284,485,-201
114000213,563,398,165
114000214,24,161,-137
114000215,34,39,-5
114000216,236,84,152
114000217,40,187,-147
114000218,86,274,-188
114000219,217,148,69
114000220,8,1028,-1020
114000221,153,41,112
114000222,111,902,-791
114000223,149,14,135
114000224,86,485,-399
114000225,47,329,-282
114000226,11,200,-189
114000227,388,334,54
114000228,268,695,-427
114000229,234,958,-724
114000230,536,1054,-518
114000231,276,859,-583
114000232,139,67,72
114000233,511,83,428
114000234,493,752,-259
114000235,312,1102,-790
114000236,0,417,-417
114000237,31,884,-853
114000238,10,109,-99
114000239,77,1129,-1052
114000240,267,392,-125
114000241,181,785,-604
114000242,616,616,0
114000243,392,506,-114
114000244,265,185,80
114000245,153,378,-225
114000246,68,33,35
114000247,252,473,-221
114000248,276,352,-76
114000249,173,342,-169
114000250,77,328,-251
114000251,44,248,-204
114000252,32,54,-22
114000253,15,141,-126
114000254,5,62,-57
114000255,243,74,169
114000256,880,211,669
114000257,633,1630,-997
114000258,41,313,-272
114000259,32,180,-148
114000260,0,21,-21
114000261,13,13,0
114000262,16,135,-119
114000263,0,0,0
114000264,130,371,-241
114000265,0,0,0
114000267,6,750,-744
114000268,2,1487,-1485
114000270,42,4,38
114000271,143,43,100
114000283,335,268,67
114000285,18,202,-184
114000288,22,314,-292
114000289,618,144,474
114000293,62,239,-177
114000294,153,246,-93
114000395,394,19,375
114000396,87,122,-35
114000402,131,236,-105
114000403,93,363,-270
114000405,58,494,-436
114000423,36,403,-367
114000424,163,119,44
114000425,98,468,-370
114000426,137,230,-93
114000427,41,103,-62
114000428,211,46,165
114000429,8,131,-123
114000432,27,101,-74
114000434,25,66,-41
114000435,0,129,-129
114900001,114,1056,-942
114900002,123,34,89
114900003,79,1516,-1437
114900004,58,46,12
114900005,101,657,-556
114900006,10,12,-2
114900007,24,4,20
114900008,28,9,19
114900010,1868,1206,662
114900011,10,41,-31
114900013,33,37,-4
114900020,24,33,-9
114900025,196,143,53
114900026,31,21,10
114900029,27,12,15
114900030,57,104,-47
114900031,48,27,21
114900032,47,13,34
114900034,23,218,-195
114900035,138,140,-2
114900036,183,788,-605
114900039,310,648,-338
114900040,17,129,-112
114900041,140,561,-421
114900042,209,768,-559
114900044,18,4,14
114900047,66,683,-617
114900048,13,142,-129
114900049,22,302,-280
114900050,20,449,-429
114900051,16,302,-286
114900052,39,76,-37
114900053,23,100,-77
114900054,21,78,-57
114900057,71,2,69
114900058,0,62,-62
114900059,11,26,-15
114900063,27,225,-198
114900064,253,518,-265
114900065,102,376,-274
114900067,4,276,-272
114900068,25,211,-186
114900069,163,111,52
114900070,88,412,-324
114900072,6,182,-176
114900073,1,107,-106
114900074,59,689,-630
114900075,49,0,49
114900076,4,263,-259
114900080,1880,227,1653
114900082,2501,1039,1462
114900083,183,484,-301
114900090,60,37,23
114900091,63,91,-28
114900097,23,1,22
114900098,1,165,-164
114900099,33,1,32
115000001,6042,4460,1582
115000002,1625,1772,-147
115000003,2338,3273,-935
115000004,1042,2548,-1506
115000005,574,2039,-1465
115000006,256,819,-563
115000007,45,76,-31
115000008,234,297,-63
115000009,71,211,-140
115000010,132,80,52
115000013,53,72,-19
115000015,60,103,-43
115000016,34,108,-74
115000019,9,211,-202
115000020,64,78,-14
115000021,145,261,-116
115000022,229,183,46
115000023,160,154,6
115000024,445,346,99
115000025,287,162,125
115000026,86,218,-132
115000027,82,101,-19
115000028,54,304,-250
115000029,110,71,39
115000030,60,478,-418
115000031,346,86,260
115000032,10,172,-162
115000033,43,7,36
115000034,58,538,-480
115000035,367,10,357
115000036,3,227,-224
115000037,71,1,70
115000038,27,134,-107
115000039,1721,991,730
115000040,4251,1586,2665
115000041,518,1173,-655
115000042,377,311,66
115000043,1626,1242,384
115000044,1948,2843,-895
115000045,904,2033,-1129
115000046,700,1317,-617
115000047,801,1238,-437
115000048,891,2206,-1315
115000049,774,1975,-1201
115000050,1053,1029,24
115000051,1128,655,473
115000052,2097,1365,732
115000053,702,587,115
115000054,593,956,-363
115000055,24,238,-214
115000056,71,124,-53
115000057,139,418,-279
115000058,147,78,69
115000059,53,291,-238
115000061,88,37,51
115000062,48,208,-160
115000063,45,250,-205
115000064,63,113,-50
115000065,10,138,-128
115000067,101,15,86
115000069,15,166,-151
115000070,16,323,-307
115000071,110,3,107
115000072,20,37,-17
115000073,631,17,614
115000075,8,21,-13
115000076,1961,2139,-178
115000077,581,2731,-2150
115000078,274,1474,-1200
115000079,377,1760,-1383
115000080,745,2253,-1508
115000081,229,659,-430
115000082,1284,1488,-204
115000083,861,2524,-1663
115000084,426,675,-249
115000085,162,923,-761
115000086,233,813,-580
115000087,335,958,-623
115000088,679,372,307
115000089,1061,1057,4
115000090,562,339,223
115000091,250,1111,-861
115000092,242,234,8
115000093,231,1,230
115000094,4574,2424,2150
115000095,4030,2284,1746
115000096,338,1633,-1295
115000097,153,496,-343
115000098,237,648,-411
115000099,580,2219,-1639
115000100,233,274,-41
115000101,218,1203,-985
115000102,152,105,47
115000103,296,691,-395
115000105,32,176,-144
115000106,98,96,2
115000107,107,487,-380
115000108,2360,2056,304
115000109,2979,988,1991
115000110,612,359,253
115000111,396,842,-446
115000112,297,203,94
115000113,451,484,-33
115000114,895,500,395
115000116,1573,589,984
115000117,1940,750,1190
115000118,1112,704,408
115000119,1300,785,515
115000120,414,321,93
115000121,1116,338,778
115000122,1885,320,1565
115000123,806,584,222
115000124,465,319,146
115000125,180,307,-127
115000126,66,123,-57
115000127,161,50,111
115000128,561,357,204
115000129,137,92,45
115000130,99,667,-568
115000131,152,202,-50
115000132,36,277,-241
115000133,80,244,-164
115000134,43,121,-78
115000135,35,149,-114
115000136,86,148,-62
115000137,42,115,-73
115000138,68,156,-88
115000139,82,184,-102
115000140,51,127,-76
115000141,85,216,-131
115000142,28,229,-201
115000143,151,316,-165
115000144,163,37,126
115000145,48,436,-388
115000146,84,134,-50
115000147,106,369,-263
115000148,127,1024,-897
115000149,166,101,65
115000150,260,1021,-761
115000151,240,244,-4
115000152,266,1370,-1104
115000153,202,218,-16
115000154,164,155,9
115000155,261,912,-651
115000156,445,289,156
115000157,401,561,-160
115000158,414,171,243
115000159,413,148,265
115000160,239,116,123
115000161,95,328,-233
115000162,284,221,63
115000163,400,341,59
115000164,288,310,-22
115000165,202,187,15
115000167,41,58,-17
115000168,329,199,130
115000169,244,237,7
115000170,44,105,-61
115000171,155,113,42
115000172,1010,269,741
115000173,143,104,39
115000174,39,101,-62
115000175,72,93,-21
115000176,63,9,54
115000177,19,43,-24
115000178,9,230,-221
115000179,12,9,3
115000180,23,429,-406
115000181,126,51,75
115000182,143,183,-40
115000183,55,608,-553
115000186,259,138,121
115000187,43,478,-435
115000188,247,230,17
115000189,113,233,-120
115000190,353,129,224
115000191,85,204,-119
115000194,90,44,46
115000195,240,131,109
115000196,40,86,-46
115000197,41,325,-284
115000198,74,129,-55
115000199,46,250,-204
115000200,131,88,43
115000201,33,285,-252
115000206,66,11,55
115000207,12,192,-180
115000208,272,372,-100
115000209,131,84,47
115000210,65,59,6
115000211,80,106,-26
115000212,789,193,596
115000224,34,25,9
115000225,37,24,13
115000229,115,73,42
115000230,23,224,-201
115000231,176,1990,-1814
115000232,409,282,127
115000233,23,154,-131
115000234,4,164,-160
115000241,18,177,-159
115000242,19,180,-161
115000243,19,142,-123
115000244,2,81,-79
115000246,14,7,7
115000247,6,1,5
115000248,5,2,3
115000249,20,5,15
115000250,54,22,32
115000251,32,79,-47
115000252,10,97,-87
115000253,5,83,-78
115000258,68,102,-34
115000259,145,72,73
115000261,3,38,-35
115000262,0,14,-14
115000263,4,23,-19
115000264,3,23,-20
115000267,11,43,-32
115000268,22,45,-23
115000269,25,25,0
115000270,1,16,-15
115000272,26,82,-56
115000273,54,14,40
115000280,2027,34,1993
115000281,530,58,472
115000282,471,159,312
115000284,203,56,147
115000296,137,3,134
115000297,93,8,85
115000298,110,39,71
115000300,35,117,-82
115000302,77,93,-16
115000303,151,78,73
115000304,149,68,81
115000305,25,806,-781
115000306,40,387,-347
115000307,18,192,-174
115000308,16,12,4
115000310,293,940,-647
115000311,172,923,-751
115000313,70,498,-428
115000314,75,33,42
115000315,673,160,513
115000316,8,21,-13
115000317,56,321,-265
115000318,266,113,153
115000319,21,160,-139
115000320,2,71,-69
115000321,70,3,67
115000322,10,180,-170
115000449,131,41,90
115000557,0,234,-234
115000558,70,30,40
115000587,110,163,-53
115000588,1313,2922,-1609
115000589,1458,1704,-246
115000590,324,952,-628
115000591,595,392,203
115000592,385,912,-527
115000593,661,232,429
115000594,488,765,-277
115000609,122,78,44
115000617,980,548,432
115000624,33,55,-22
115000633,212,1105,-893
115000634,1209,375,834
115000635,110,57,53
115000638,798,469,329
115000641,38,38,0
115000642,280,124,156
115000643,48,288,-240
115000644,72,260,-188
115000646,430,474,-44
115000647,54,235,-181
115000648,373,1055,-682
115000893,2304,441,1863
115000894,35,883,-848
115000895,174,596,-422
115000896,675,182,493
115000897,224,32,192
115000898,394,109,285
115000899,640,534,106
115000900,61,176,-115
115000901,40,55,-15
115000912,91,31,60
115000913,1,27,-26
115000915,16,0,16
115000916,1,0,1
115000917,0,1,-1
115000918,50,67,-17
115000919,10,5,5
115000920,10,13,-3
115000921,769,27,742
115000922,699,181,518
115000923,294,492,-198
115000925,16,38,-22
115000927,7,14,-7
115000933,164,47,117
115000934,17,135,-118
115000935,15,32,-17
115000936,17,126,-109
115000937,1010,82,928
115000938,180,36,144
115000939,186,77,109
115000940,4,2,2
115000941,2,3,-1
115000942,47,18,29
115000943,25,5,20
115000944,2,2,0
115900001,5,73,-68
115900002,63,81,-18
115900003,50,101,-51
115900004,0,34,-34
115900005,15,3,12
115900006,48,206,-158
115900008,9,7,2
115900009,15,137,-122
115900010,48,111,-63
115900011,71,190,-119
115900012,13,82,-69
115900013,221,89,132
115900014,50,121,-71
115900015,5,136,-131
115900016,26,23,3
115900017,0,4,-4
115900018,107,43,64
115900019,26,4,22
115900020,2,0,2
115900021,1284,43,1241
115900022,1538,0,1538
115900023,11,3,8
115900025,29,76,-47
115900026,526,305,221
115900027,0,283,-283
115900028,364,19,345
115900029,4,409,-405
115900030,17,3,14
115900031,314,73,241
115900032,96,365,-269
115900033,1,35,-34
115900034,6,376,-370
115900035,3,24,-21
115900036,98,117,-19
115900037,8,369,-361
115900038,6,3,3
115900039,45,183,-138
115900041,146,129,17
115900042,1,9,-8
115900043,12,93,-81
115900044,84,58,26
115900046,69,179,-110
115900047,14,6,8
115900049,43,119,-76
115900051,0,39,-39
115900052,4,326,-322
115900053,40,203,-163
115900054,41,34,7
115900055,22,145,-123
115900056,33,239,-206
115900057,2,0,2
115900058,19,57,-38
115900060,15,73,-58
115900061,13,0,13
115900062,5,206,-201
115900063,39,6,33
115900064,66,193,-127
115900065,27,103,-76
115900066,100,118,-18
115900067,6,580,-574
115900068,3107,81,3026
115900069,24,135,-111
115900070,27,171,-144
115900071,0,422,-422
115900072,52,143,-91
115900073,4,6,-2
115900074,0,344,-344
115900075,28,228,-200
115900076,1,75,-74
115900077,4,255,-251
115900078,40,97,-57
115900079,20,3,17
115900080,218,72,146
115900081,3,62,-59
115900082,137,93,44
115900084,44,4,40
115900085,18,12,6
115900086,830,224,606
115900088,1,11,-10
115900089,50,681,-631
115900090,33,8,25
115900091,0,7,-7
115900092,1,125,-124
115900093,2,37,-35
115900094,1,340,-339
115900096,0,26,-26
115900097,3,510,-507
115900098,14,308,-294
115900099,19,92,-73
115900100,6,340,-334
115900101,33,230,-197
115900102,5,65,-60
115900103,57,139,-82
115900104,14,133,-119
115900105,41,523,-482
115900106,14,4,10
115900107,15,184,-169
115900108,14,19,-5
115900109,13,305,-292
115900110,0,10,-10
115900111,1,47,-46
115900112,6,481,-475
115900113,3,4,-1
115900114,6,136,-130
115900115,20,55,-35
115900116,18,555,-537
115900117,7,11,-4
115900118,5,382,-377
115900119,25,35,-10
115900120,7,216,-209
115900121,44,116,-72
115900124,74,135,-61
115900125,112,11,101
115900126,129,30,99
115900127,147,17,130
115900128,2,68,-66
115900129,251,7,244
115900130,10,121,-111
115900131,22,23,-1
115900132,83,4,79
115900134,54,5,49
115900135,323,240,83
115900137,2,2,0
115900139,26,7,19
115900140,29,2,27
115900141,2,10,-8
115900142,2,4,-2
115900143,36,113,-77
115900144,7,105,-98
115900146,8,126,-118
115900147,61,96,-35
115900148,1,27,-26
115900149,6,37,-31
115900150,3,83,-80
115900151,3,34,-31
115900152,3,214,-211
115900153,8,160,-152
115900154,226,165,61
115900155,1,24,-23
115900156,175,364,-189
115900157,44,275,-231
115900158,11,8,3
115900159,5,150,-145
115900160,0,0,0
115900161,5,82,-77
115900163,61,56,5
115900164,52,28,24
115900166,90,92,-2
115900168,15,118,-103
115900171,29,124,-95
115900172,11,77,-66
115900173,57,122,-65
115900174,111,149,-38
115900175,33,115,-82
115900178,2,556,-554
115900179,40,10,30
115900180,15,263,-248
115900181,28,266,-238
115900182,59,230,-171
115900183,31,6,25
115900184,620,19,601
115900187,1,65,-64
115900189,0,32,-32
115900190,251,151,100
115900191,13,360,-347
115900192,2,31,-29
115900193,22,25,-3
115900194,124,12,112
115900195,214,276,-62
115900198,116,127,-11
115900199,79,150,-71
115900200,222,192,30
115900201,79,106,-27
115900202,0,1,-1
115900203,0,0,0
115900204,0,2,-2
115900205,14,4,10
115900206,25,77,-52
115900207,5,8,-3
115900208,23,232,-209
115900209,8,110,-102
115900210,0,150,-150
115900211,1,115,-114
115900212,33,144,-111
115900213,22,9,13
115900214,78,221,-143
115900215,5,10,-5
115900216,0,49,-49
115900217,2,33,-31
115900218,2,32,-30
115900219,14,1,13
115900220,6,4,2
115900221,5,6,-1
115900222,13,3,10
115900223,1,24,-23
115900224,1055,116,939
115900225,53,7,46
115900226,4,12,-8
115900227,5,14,-9
115900228,0,21,-21
115900229,4,30,-26
115900230,32,31,1
115900231,31,0,31
115900232,14,0,14
115900233,15,3,12
115900234,15,4,11
115900235,3,4,-1
115900236,13,10,3
115900237,0,77,-77
115900238,3,17,-14
115900239,0,27,-27
115900240,1,30,-29
115900241,26,44,-18
115900242,81,81,0
115900243,3,3,0
115900244,0,15,-15
115900245,8,9,-1
115900246,3,0,3
115900247,7,3,4
115900248,9,1,8
115900249,0,1,-1
115900250,0,7,-7
115900251,0,3,-3
115900252,0,1,-1
115900253,5,3,2
115900254,0,22,-22
115900255,0,7,-7
115900256,22,10,12
115900257,0,1,-1
115900258,0,0,0
115900259,1,2,-1
115900260,4,1,3
115900261,4,2,2
115900262,2,1,1
115900263,0,2,-2
115900264,0,2,-2
115900265,0,8,-8
115900266,0,1,-1
115900267,1,3,-2
115900268,3,0,3
115900269,60,228,-168
115900270,75,449,-374
115900271,14,0,14
115900272,4,0,4
115900273,1,3,-2
115900274,0,9,-9
115900275,0,22,-22
115900276,0,58,-58
115900277,0,95,-95
115900278,8,36,-28
115900279,9,56,-47
115900280,5,53,-48
115900281,296,57,239
115900282,11,4,7
115900283,0,2,-2
115900284,1,7,-6
116000001,11140,3057,8083
116000002,1659,1802,-143
116000003,851,1278,-427
116000004,705,760,-55
116000005,1460,1822,-362
116000006,859,611,248
116000007,2036,2653,-617
116000008,1391,685,706
116000009,989,1868,-879
116000010,502,402,100
116000011,438,1298,-860
116000012,346,305,41
116000013,9697,2689,7008
116000014,13073,2645,10428
116000015,208,250,-42
116000016,5049,696,4353
116000017,22,181,-159
116000018,335,210,125
116000019,180,123,57
116000020,215,757,-542
116000021,85,155,-70
116000022,146,317,-171
116000023,262,251,11
116000024,394,733,-339
116000025,258,263,-5
116000026,638,1237,-599
116000027,187,234,-47
116000028,165,261,-96
116000029,597,365,232
116000030,166,135,31
116000031,72,111,-39
116000032,59,136,-77
116000033,96,237,-141
116000034,190,532,-342
116000035,81,311,-230
116000036,1285,206,1079
116000037,326,195,131
116000038,311,153,158
116000039,402,186,216
116000040,575,92,483
116000041,188,356,-168
116000042,187,96,91
116000043,34,311,-277
116000044,7,73,-66
116000045,500,448,52
116000046,465,497,-32
116000047,956,938,18
116000048,1008,706,302
116000049,323,836,-513
116000050,598,907,-309
116000051,967,723,244
116000052,1193,1857,-664
116000053,490,630,-140
116000054,257,1430,-1173
116000055,189,986,-797
116000056,216,521,-305
116000057,1369,1374,-5
116000058,1719,1093,626
116000059,1438,1488,-50
116000060,2216,512,1704
116000061,341,635,-294
116000062,380,265,115
116000063,197,800,-603
116000066,65,95,-30
116000067,126,437,-311
116000068,60,113,-53
116000069,122,331,-209
116000078,89,550,-461
116000080,530,698,-168
116000082,6,78,-72
116000083,536,197,339
116000084,1216,2755,-1539
116000085,895,403,492
116000086,1268,1169,99
116000087,573,450,123
116000088,377,753,-376
116000089,45,49,-4
116000090,66,80,-14
116000091,88,66,22
116000093,199,215,-16
116000094,108,441,-333
116000095,270,289,-19
116000096,223,598,-375
116000097,170,413,-243
116000098,108,1624,-1516
116000099,4873,188,4685
116000100,17,4,13
116000101,169,978,-809
116000102,82,899,-817
116000103,189,138,51
116000104,56,1047,-991
116000105,229,129,100
116000106,112,806,-694
116000107,588,355,233
116000108,9,125,-116
116000111,23,9,14
116000113,73,25,48
116000114,33,103,-70
116000115,40,33,7
116000116,66,368,-302
116000117,364,836,-472
116000118,353,920,-567
116000119,671,800,-129
116000120,1000,3031,-2031
116000121,278,226,52
116000122,760,1818,-1058
116000123,156,205,-49
116000124,133,858,-725
116000125,332,230,102
116000126,109,1091,-982
116000127,434,982,-548
116000128,595,284,311
116000129,135,103,32
116000130,48,83,-35
116000133,146,608,-462
116000134,546,2005,-1459
116000135,455,847,-392
116000136,391,1594,-1203
116000137,207,342,-135
116000138,742,219,523
116000139,872,1423,-551
116000140,40,149,-109
116000141,149,693,-544
116000142,2441,2778,-337
116000143,1261,832,429
116000144,688,2023,-1335
116000145,755,906,-151
116000146,147,247,-100
116000147,78,78,0
116000148,108,209,-101
116000149,142,371,-229
116000151,260,715,-455
116000153,18,209,-191
116000155,87,100,-13
116000156,227,457,-230
116000157,31,13,18
116000158,63,294,-231
116000159,11,1,10
116000160,20,71,-51
116000161,3,32,-29
116000162,20,23,-3
116000163,8,4,4
116000164,2,9,-7
116000177,11,52,-41
116000194,20,177,-157
116000195,519,406,113
116000196,0,2,-2
116000197,1,6,-5
116000198,914,481,433
116000200,403,125,278
116000201,241,434,-193
116000202,1,230,-229
116000203,1,76,-75
116000204,12,32,-20
116000205,0,116,-116
116000206,0,68,-68
116000207,0,41,-41
116000233,59,454,-395
116000287,39,432,-393
116000288,45,169,-124
116000292,5,163,-158
116000296,4,131,-127
116000297,25,27,-2
116000304,16,20,-4
116000305,23,72,-49
116000346,34,150,-116
116000352,26,57,-31
116000354,11,7,4
116000357,0,5,-5
116000358,64,7,57
116000361,417,5,412
116000372,6052,1009,5043
116000381,12,0,12
116000388,1,27,-26
116000389,203,366,-163
116000445,61,708,-647
116000446,84,695,-611
116000447,3,243,-240
116000448,337,161,176
116000563,513,222,291
116000565,46,249,-203
116000568,21,29,-8
116000579,17,85,-68
116000584,8,3,5
116000585,6,7,-1
116000586,104,35,69
116000587,57,233,-176
116000589,24,61,-37
116000590,54,30,24
116000591,27,169,-142
116000592,4,116,-112
116000593,0,29,-29
116000594,88,433,-345
116000595,166,109,57
116000596,10,2,8
116000597,71,23,48
116000598,9,171,-162
116000605,67,55,12
116000606,5,76,-71
116000607,0,35,-35
116000609,113,299,-186
116000611,17,403,-386
116000612,271,1065,-794
116000613,94,170,-76
116000614,238,602,-364
116000615,0,65,-65
116000616,8,80,-72
116000617,16,79,-63
116000618,0,120,-120
116000619,3,30,-27
116000620,10,176,-166
116000621,16,36,-20
116000622,19,95,-76
116000624,8,47,-39
116000627,20,61,-41
116000628,17,421,-404
116000629,16,269,-253
116000630,64,19,45
116000631,18,25,-7
116000632,118,66,52
116000633,40,310,-270
116000634,120,234,-114
116000635,1677,713,964
116000636,734,535,199
116000637,67,76,-9
116000638,65,368,-303
116000639,18,2,16
116000640,4,6,-2
116000641,25,148,-123
116000643,1,95,-94
116000644,11,867,-856
116000645,10,11,-1
116900001,56,103,-47
116900002,127,2,125
116900003,0,44,-44
116900004,9,20,-11
116900005,44,26,18
116900006,94,95,-1
116900007,23,115,-92
116900008,63,327,-264
116900009,3,0,3
116900010,1,1316,-1315
116900011,5,10,-5
116900012,48,126,-78
116900013,2,72,-70
116900014,10,270,-260
116900015,67,35,32
116900016,24,2,22
116900017,0,498,-498
116900019,0,289,-289
116900020,931,112,819
116900023,29,3,26
116900024,113,62,51
116900025,216,655,-439
116900026,61,388,-327
116900027,14,28,-14
116900028,4,82,-78
116900029,16,18,-2
116900031,0,9,-9
116900032,7,228,-221
116900033,2,16,-14
116900034,3,56,-53
116900035,25,98,-73
116900036,1,59,-58
116900038,12,1,11
116900041,2,1,1
116900042,625,88,537
116900043,3,31,-28
116900047,53,20,33
116900049,16,136,-120
116900050,20,229,-209
116900051,7,121,-114
116900052,81,31,50
116900055,0,2,-2
116900057,11,180,-169
116900058,9,226,-217
116900059,2,70,-68
116900060,58,145,-87
116900062,0,0,0
116900064,15,722,-707
116900065,0,40,-40
116900067,18,60,-42
116900068,54,336,-282
116900070,3,0,3
116900072,13,357,-344
116900073,11,96,-85
116900074,1,15,-14
116900076,0,13,-13
116900077,5,120,-115
116900078,112,80,32
116900079,3,196,-193
116900080,1,10,-9
116900081,61,744,-683
116900082,78,763,-685
116900083,17,43,-26
116900084,85,39,46
116900085,5,75,-70
116900086,7,148,-141
116900088,221,22,199
116900090,84,26,58
116900091,41,67,-26
116900092,42,446,-404
116900093,816,866,-50
116900094,3896,959,2937
116900095,48,102,-54
116900096,36,31,5
116900097,1781,520,1261
116900098,492,58,434
116900099,262,122,140
116900100,134,5,129
116900101,155,417,-262
116900103,0,1,-1
116900104,14,39,-25
116900105,93,10,83
116900106,305,99,206
116900107,2448,539,1909
116900110,5,1,4
116900111,110,390,-280
116900112,44,550,-506
116900113,847,201,646
116900116,37,79,-42
116900117,4,48,-44
116900118,638,315,323
116900120,52,50,2
116900121,14,15,-1
116900122,107,632,-525
116900123,35,557,-522
116900124,40,503,-463
116900125,29,136,-107
116900126,78,275,-197
116900128,0,28,-28
116900129,1,247,-246
116900130,668,1234,-566
116900131,10,95,-85
116900132,9,52,-43
116900133,23,50,-27
116900134,67,132,-65
116900136,38,121,-83
116900137,101,77,24
116900138,72,124,-52
116900139,21,210,-189
116900140,73,143,-70
116900141,203,144,59
116900142,0,11,-11
116900143,73,284,-211
116900144,4,5,-1
116900145,43,205,-162
116900147,377,133,244
116900148,0,6,-6
116900149,7,54,-47
116900150,2,2,0
116900151,58,12,46
116900153,17,37,-20
116900154,131,53,78
116900155,10,23,-13
116900157,71,232,-161
116900158,17,29,-12
116900159,28,104,-76
116900160,233,107,126
116900161,5539,1438,4101
116900163,23,120,-97
116900164,10,14,-4
116900165,46,38,8
116900166,3,79,-76
116900167,76,43,33
116900168,24,26,-2
116900169,333,60,273
116900170,64,93,-29
116900171,14,86,-72
116900172,136,31,105
116900173,15,30,-15
116900174,6,17,-11
116900175,58,46,12
116900178,13,178,-165
116900179,37,26,11
116900180,11,11,0
116900182,119,109,10
116900183,36,35,1
116900185,9,15,-6
116900186,8,155,-147
116900187,1,3,-2
116900188,21,7,14
116900189,4,0,4
116900191,98,167,-69
116900192,80,72,8
116900194,74,248,-174
116900195,15,2,13
116900196,42,227,-185
116900197,8,2,6
116900198,145,45,100
116900200,5,19,-14
116900201,13,1,12
116900202,68,88,-20
116900203,29,0,29
116900204,8,26,-18
116900206,7,42,-35
116900207,2,11,-9
116900208,1,71,-70
116900209,6,90,-84
116900210,76,117,-41
116900211,100,10,90
116900212,5,41,-36
116900213,79,124,-45
116900214,47,70,-23
116900215,5,51,-46
116900216,48,219,-171
116900218,2,267,-265
116900219,322,268,54
116900220,67,139,-72
116900221,24,153,-129
116900222,197,244,-47
116900223,46,74,-28
116900226,1,69,-68
116900227,26,35,-9
116900228,55,220,-165
116900230,16,611,-595
116900231,27,348,-321
116900232,203,116,87
116900233,80,233,-153
116900234,7,1,6
116900235,112,281,-169
116900238,820,145,675
116900239,11,229,-218
116900240,3434,834,2600
116900241,12,117,-105
116900242,891,89,802
116900243,0,23,-23
116900245,6,12,-6
116900246,14,7,7
116900247,63,10,53
116900248,12,13,-1
116900249,33,104,-71
116900250,43,29,14
116900251,287,138,149
116900252,110,817,-707
116900254,463,213,250
116900255,60,9,51
116900256,62,32,30
116900257,10,389,-379
116900258,0,281,-281
116900259,14,1,13
116900260,0,102,-102
116900261,3,1,2
116900262,49,75,-26
116900263,0,6,-6
116900264,8,19,-11
116900265,14,0,14
116900266,1,28,-27
116900267,1,2,-1
116900268,2,9,-7
116900269,144,321,-177
116900271,1113,45,1068
116900272,240,282,-42
116900273,138,21,117
116900274,74,56,18
116900275,35,143,-108
116900276,145,28,117
116900277,283,6,277
116900278,4,2,2
116900279,0,8,-8
116900280,2,6,-4
116900281,4562,797,3765
116900282,3,103,-100
116900283,2,75,-73
116900284,11,130,-119
116900285,195,46,149
116900286,80,6,74
116900287,3,53,-50
116900288,16,110,-94
116900289,3,11,-8
116900290,0,16,-16
116900291,4,7,-3
116900292,0,1,-1
116900293,12,61,-49
116900294,6,40,-34
116900295,46,19,27
116900296,16,45,-29
116900297,1,25,-24
116900298,63,16,47
116900299,6,21,-15
116900300,2,69,-67
116900301,36,58,-22
116900302,8,22,-14
116900303,211,15,196
116900304,0,66,-66
116900305,3,17,-14
116900306,28,117,-89
116900307,9,1,8
116900308,0,173,-173
116900309,12,66,-54
116900310,3,39,-36
117000001,470,553,-83
117000002,718,2649,-1931
117000003,3026,1246,1780
117000004,2221,2867,-646
117000005,623,747,-124
117000006,469,2827,-2358
117000007,1226,642,584
117000008,673,2820,-2147
117000009,2061,575,1486
117000010,1645,2270,-625
117000011,566,827,-261
117000012,540,1274,-734
117000013,428,675,-247
117000014,384,1518,-1134
117000015,1519,657,862
117000016,286,56,230
117000017,281,102,179
117000018,75,178,-103
117000019,46,13,33
117000020,457,465,-8
117000021,1966,301,1665
117000022,255,36,219
117000023,345,87,258
117000024,289,37,252
117000025,490,379,111
117000026,1511,390,1121
117000027,1208,721,487
117000028,625,228,397
117000030,292,413,-121
117000031,228,121,107
117000032,1198,914,284
117000033,629,484,145
117000034,123,225,-102
117000035,125,139,-14
117000036,139,161,-22
117000037,111,143,-32
117000038,62,221,-159
117000039,131,204,-73
117000040,90,970,-880
117000041,353,77,276
117000044,17,750,-733
117000045,146,45,101
117000046,252,583,-331
117000047,227,331,-104
117000048,1058,913,145
117000049,59,194,-135
117000050,49,1825,-1776
117000051,691,84,607
117000052,5,515,-510
117000053,58,61,-3
117000054,525,3,522
117000055,95,2483,-2388
117000056,167,1,166
117000057,339,1299,-960
117000060,154,1354,-1200
117000061,376,345,31
117000062,144,372,-228
117000063,408,309,99
117000064,559,489,70
117000066,689,294,395
117000067,79,171,-92
117000074,74,56,18
117000076,35,19,16
117000077,63,28,35
117000078,35,300,-265
117000079,73,87,-14
117000080,4,301,-297
117000081,201,63,138
117000082,31,46,-15
117000083,116,83,33
117000084,130,0,130
117000085,68,201,-133
117000086,417,448,-31
117000087,93,285,-192
117000088,113,59,54
117000089,622,194,428
117000090,82,1063,-981
117000091,209,161,48
117000092,137,1360,-1223
117000093,244,339,-95
117000094,273,1760,-1487
117000095,740,392,348
117000096,180,1923,-1743
117000097,338,619,-281
117000098,1555,4143,-2588
117000099,826,418,408
117000100,54,69,-15
117000101,141,922,-781
117000102,316,243,73
117000103,394,1357,-963
117000104,391,283,108
117000105,328,1475,-1147
117000106,317,261,56
117000107,243,1887,-1644
117000108,369,360,9
117000109,805,2213,-1408
117000110,457,267,190
117000111,1567,2643,-1076
117000112,1004,1143,-139
117000113,30,276,-246
117000114,59,46,13
117000115,52,148,-96
117000116,20,119,-99
117000117,726,196,530
117000118,120,180,-60
117000119,173,25,148
117000120,96,42,54
117000121,9,203,-194
117000122,325,338,-13
117000123,677,9,668
117000124,125,19,106
117000125,196,23,173
117000126,36,39,-3
117000127,105,174,-69
117000128,261,265,-4
117000129,288,261,27
117000130,100,57,43
117000131,0,182,-182
117000132,463,27,436
117000133,298,43,255
117000134,1,48,-47
117000135,7,16,-9
117000136,1,58,-57
117000137,27,18,9
117000138,0,307,-307
117000140,207,1434,-1227
117000141,477,250,227
117000181,529,195,334
117000182,139,105,34
117000195,83,985,-902
117000196,28,43,-15
117000225,68,1,67
117000226,2,48,-46
117000276,41,7,34
117000277,1,425,-424
117000310,1271,1486,-215
117000315,14,257,-243
117000320,49,0,49
117000906,33,5,28
117000907,5,350,-345
117000909,49,35,14
117000910,87,56,31
117000911,32,196,-164
117000915,4,432,-428
117000916,5,0,5
117000917,203,11,192
117000918,33,54,-21
117000919,10,98,-88
117000920,4,1224,-1220
117000921,0,1811,-1811
117000922,15,32,-17
117000924,129,318,-189
117000926,786,37,749
117000927,445,146,299
117000928,0,189,-189
117000929,109,422,-313
117000930,46,17,29
117000931,215,21,194
117900002,85,223,-138
117900003,547,150,397
117900005,1,8,-7
117900006,0,19,-19
117900007,25,125,-100
117900008,0,30,-30
117900010,88,74,14
117900011,22,1,21
117900012,13,130,-117
117900013,0,201,-201
117900014,271,250,21
117900015,11,202,-191
117900016,699,182,517
117900017,245,415,-170
117900018,141,34,107
117900019,101,455,-354
117900020,36,64,-28
117900021,3,75,-72
117900023,427,51,376
117900024,37,130,-93
117900025,39,0,39
117900026,128,320,-192
117900028,16,0,16
117900029,68,811,-743
117900031,69,35,34
117900032,213,93,120
117900033,78,664,-586
117900034,38,24,14
117900035,22,10,12
117900036,68,511,-443
117900037,18,77,-59
117900038,14,359,-345
117900039,1,43,-42
117900040,51,438,-387
117900041,5,46,-41
117900042,3120,223,2897
117900043,6,28,-22
117900044,2,1155,-1153
117900045,41,44,-3
117900048,60,228,-168
117900049,57,489,-432
117900050,0,23,-23
117900051,16,2,14
117900052,36,137,-101
117900053,292,395,-103
117900054,1,16,-15
117900055,70,87,-17
117900056,107,20,87
117900057,375,877,-502
117900058,20,2,18
117900059,415,29,386
117900060,257,3379,-3122
117900061,6,59,-53
117900063,60,137,-77
117900065,435,641,-206
117900066,2,22,-20
117900067,168,203,-35
117900069,156,337,-181
117900070,74,1,73
117900071,52,99,-47
117900073,61,227,-166
117900074,59,4,55
117900075,9,72,-63
117900076,14,33,-19
117900077,67,72,-5
117900078,112,168,-56
117900080,65,23,42
117900081,360,240,120
117900082,72,91,-19
117900083,85,486,-401
117900086,27,34,-7
117900087,14,34,-20
117900088,1313,891,422
117900089,431,121,310
117900090,112,612,-500
117900091,58,69,-11
117900092,9,29,-20
117900093,33,47,-14
117900094,8,6,2
117900095,139,588,-449
117900096,29,129,-100
117900097,43,74,-31
117900098,0,1,-1
117900099,38,264,-226
117900100,30,1,29
117900101,188,431,-243
117900102,9,30,-21
117900103,5,0,5
117900104,5,70,-65
117900105,60,100,-40
117900106,22,23,-1
117900107,4,0,4
117900109,149,159,-10
117900110,10,1,9
117900111,71,4,67
117900112,13,14,-1
117900113,2115,988,1127
117900114,2,0,2
117900115,42,12,30
117900116,554,396,158
117900117,109,160,-51
117900118,8,0,8
117900119,26,220,-194
117900120,68,77,-9
117900121,6,13,-7
117900122,534,558,-24
117900123,208,564,-356
117900124,315,268,47
117900125,419,321,98
117900126,195,334,-139
117900127,107,431,-324
117900128,80,626,-546
117900129,9,0,9
117900130,406,177,229
117900131,1,90,-89
117900132,2,92,-90
117900133,1,123,-122
117900134,13,163,-150
117900135,11,208,-197
117900136,0,59,-59
117900137,7,258,-251
117900138,0,31,-31
117900139,15,84,-69
117900140,3222,67,3155
117900141,46,132,-86
117900142,14,0,14
117900144,18,64,-46
117900145,24,3,21
117900146,66,55,11
117900147,6,24,-18
117900148,1705,540,1165
117900149,5,96,-91
117900150,13,72,-59
117900151,26,118,-92
117900152,80,72,8
117900153,17,54,-37
117900154,130,395,-265
117900156,256,334,-78
117900157,32,185,-153
117900158,50,37,13
117900160,142,102,40
117900161,1161,1443,-282
117900162,85,193,-108
117900163,31,14,17
117900165,0,5,-5
117900166,46,60,-14
117900168,126,94,32
117900169,4,69,-65
117900170,0,27,-27
117900171,3,5,-2
117900172,6,36,-30
117900173,79,17,62
117900174,16,18,-2
117900175,0,17,-17
117900176,2,23,-21
117900177,7,27,-20
117900178,41,7,34
117900180,130,11,119
117900181,35,70,-35
117900182,2,20,-18
117900183,14,81,-67
117900184,3,33,-30
117900185,3,26,-23
117900186,6,6,0
117900187,5,1,4
117900188,80,9,71
117900189,30,1,29
117900190,10,1,9
117900191,19,0,19
117900192,13,0,13
117900193,23,52,-29
117900194,3,7,-4
117900195,7,12,-5
117900196,4,18,-14
117900207,36,44,-8
117900208,12,23,-11
117900209,81,78,3
117900210,129,79,50
117900211,6,113,-107
117900212,39,98,-59
117900213,6,4,2
117900214,2,19,-17
117900215,10,62,-52
117900216,22,32,-10
117900217,36,22,14
117900218,96,94,2
117900219,4,34,-30
117900220,41,47,-6
117900222,70,160,-90
117900223,76,87,-11
118000001,347,219,128
118000002,807,987,-180
118000003,730,556,174
118000004,1715,1299,416
118000005,3032,796,2236
118000006,4518,3393,1125
118000007,3238,994,2244
118000008,3131,1588,1543
118000009,1209,1559,-350
118000010,1515,2417,-902
118000011,396,1892,-1496
118000012,467,1753,-1286
118000013,1888,1748,140
118000014,1298,2555,-1257
118000016,162,397,-235
118000017,93,180,-87
118000018,121,491,-370
118000019,981,840,141
118000020,393,529,-136
118000021,345,813,-468
118000022,1092,340,752
118000023,629,165,464
118000024,940,324,616
118000027,9475,2320,7155
118000029,567,285,282
118000032,752,765,-13
118000033,1473,1217,256
118000034,2174,856,1318
118000035,943,735,208
118000036,650,575,75
118000037,319,538,-219
118000038,70,100,-30
118000039,55,244,-189
118000040,797,1517,-720
118000041,951,886,65
118000045,451,52,399
118000046,1049,323,726
118000047,950,241,709
118000048,1932,671,1261
118000051,844,280,564
118000052,465,174,291
118000053,211,164,47
118000054,1726,564,1162
118000055,1330,713,617
118000056,155,109,46
118000057,126,204,-78
118000058,1308,437,871
118000059,944,319,625
118000060,318,442,-124
118000061,235,686,-451
118000062,326,96,230
118000063,196,220,-24
118000064,382,526,-144
118000065,2890,685,2205
118000066,294,425,-131
118000067,916,576,340
118000068,897,1440,-543
118000069,1853,649,1204
118000070,4769,822,3947
118000071,2019,2060,-41
118000072,1045,551,494
118000073,1405,203,1202
118000074,122,291,-169
118000075,419,183,236
118000076,564,589,-25
118000077,945,580,365
118000078,1046,1241,-195
118000079,153,185,-32
118000080,576,508,68
118000081,889,766,123
118000082,225,381,-156
118000083,1263,563,700
118000084,1390,939,451
118000086,92,479,-387
118000087,3762,1414,2348
118000088,1106,1068,38
118000089,2481,1447,1034
118000090,1537,1112,425
118000091,674,921,-247
118000092,908,255,653
118000093,71,304,-233
118000096,287,247,40
118000097,319,277,42
118000098,129,97,32
118000099,132,667,-535
118000101,295,228,67
118000102,138,1016,-878
118000107,2016,189,1827
118000108,186,332,-146
118000110,0,10,-10
118000111,5,547,-542
118000112,77,0,77
118000113,4,742,-738
118000114,44,3,41
118000115,25,6,19
118000116,21,0,21
118000117,638,494,144
118000118,365,483,-118
118000119,320,772,-452
118000120,802,1027,-225
118000121,27,254,-227
118000122,503,48,455
118000123,40,189,-149
118000125,923,661,262
118000126,306,1318,-1012
118000127,965,405,560
118000128,437,615,-178
118000129,545,177,368
118000130,2234,3083,-849
118000131,616,752,-136
118000132,1502,1071,431
118000133,229,333,-104
118000135,170,170,0
118000136,54,369,-315
118000137,317,38,279
118000138,151,501,-350
118000139,95,113,-18
118000140,1123,1421,-298
118000141,677,1144,-467
118000142,587,1317,-730
118000143,469,565,-96
118000144,773,549,224
118000145,633,1975,-1342
118000146,417,1092,-675
118000147,284,1186,-902
118000148,139,953,-814
118000149,247,712,-465
118000150,91,187,-96
118000151,89,268,-179
118000153,325,630,-305
118000154,271,980,-709
118000155,327,812,-485
118000156,1158,1196,-38
118000157,169,260,-91
118000158,68,340,-272
118000159,6,26,-20
118000160,121,265,-144
118000161,149,569,-420
118000162,474,458,16
118000163,198,339,-141
118000164,1129,707,422
118000168,1004,90,914
118000169,511,1185,-674
118000170,2012,4334,-2322
118000171,168,457,-289
118000172,48,173,-125
118000173,475,727,-252
118000175,87,202,-115
118000176,96,227,-131
118000177,111,366,-255
118000178,14,24,-10
118000179,932,304,628
118000180,405,491,-86
118000181,399,230,169
118000182,168,228,-60
118000183,101,123,-22
118000184,184,849,-665
118000185,534,346,188
118000186,273,456,-183
118000187,330,706,-376
118000188,113,160,-47
118000189,93,564,-471
118000190,3,5,-2
118000191,11,8,3
118000192,144,61,83
118000193,71,139,-68
118000194,1063,536,527
118000195,441,257,184
118000196,137,45,92
118000197,88,48,40
118000198,353,130,223
118000199,299,122,177
118000200,24,64,-40
118000201,152,175,-23
118000202,6,11,-5
118000203,762,123,639
118000204,116,77,39
118000205,528,178,350
118000206,61,109,-48
118000207,0,47,-47
118000208,442,948,-506
118000209,672,1295,-623
118000210,13,24,-11
118000211,5,14,-9
118000213,255,292,-37
118000214,346,133,213
118000215,98,189,-91
118000216,374,1206,-832
118000217,11,69,-58
118000218,24,64,-40
118000219,165,264,-99
118000220,0,10,-10
118000221,33,133,-100
118000222,65,23,42
118000223,12,17,-5
118000224,147,72,75
118000225,34,458,-424
118000226,215,41,174
118000227,654,257,397
118000228,107,35,72
118000229,38,6,32
118000230,18,163,-145
118000231,8,119,-111
118000232,255,631,-376
118000233,277,486,-209
118000234,62,188,-126
118000236,106,285,-179
118000237,18,373,-355
118000238,46,136,-90
118000239,88,162,-74
118000240,232,43,189
118000241,30,184,-154
118000242,120,444,-324
118000243,32,91,-59
118000244,23,102,-79
118000246,0,3,-3
118000255,19,154,-135
118000256,46,131,-85
118000259,0,28,-28
118000260,23,42,-19
118000261,2,49,-47
118000263,30,141,-111
118000266,74,280,-206
118000267,0,47,-47
118000268,95,5,90
118000270,19,20,-1
118000271,75,202,-127
118000272,20,11,9
118000273,31,74,-43
118000274,48,222,-174
118000276,45,104,-59
118000295,5,63,-58
118000298,50,294,-244
118000299,29,151,-122
118000301,0,43,-43
118000302,28,67,-39
118000311,33,74,-41
118000312,79,211,-132
118000313,13,85,-72
118000314,24,61,-37
118000315,0,32,-32
118000316,199,295,-96
118000325,9,15,-6
118000326,3,28,-25
118000331,9,28,-19
118000332,10,19,-9
118000333,8,23,-15
118000335,40,0,40
118000336,0,222,-222
118000407,17,39,-22
118000457,0,15,-15
118000465,1918,1254,664
118000480,17,87,-70
118000489,80,96,-16
118000490,116,278,-162
118000492,113,142,-29
118000510,40,16,24
118000514,75,169,-94
118000515,224,201,23
118000517,229,126,103
118000524,415,106,309
118000525,415,537,-122
118000530,8,68,-60
118000531,40,148,-108
118000532,63,210,-147
118000533,156,82,74
118000534,177,239,-62
118000535,49,58,-9
118000536,256,114,142
118000537,7,24,-17
118000538,25,60,-35
118000539,13,38,-25
118000540,123,101,22
118000541,79,54,25
118000542,29,68,-39
118000543,52,86,-34
118000546,19,5,14
118000553,0,1,-1
118000560,1922,319,1603
118000562,4,256,-252
118000563,1201,978,223
118000576,43,91,-48
118000577,164,166,-2
118000578,84,81,3
118000579,566,525,41
118000583,0,0,0
118000595,86,51,35
118000596,0,49,-49
118000597,90,149,-59
118000598,0,0,0
118000599,10,36,-26
118000600,0,6,-6
118000601,0,0,0
118000602,0,5,-5
118000603,0,16,-16
118000605,25,336,-311
118000606,1,32,-31
118900001,640,216,424
118900002,674,258,416
118900003,45,1,44
118900004,12,49,-37
118900005,33,2,31
118900006,18,1,17
118900007,3,0,3
118900008,477,10,467
118900009,5,8,-3
118900010,6,0,6
118900011,35,3,32
118900012,91,117,-26
118900013,319,15,304
118900015,51,7,44
118900016,6,22,-16
118900017,53,27,26
118900018,601,4,597
118900019,17,6,11
118900020,45,36,9
118900021,34,172,-138
118900022,52,58,-6
118900023,13,48,-35
118900024,24,74,-50
118900025,18,13,5
118900026,16,54,-38
118900027,146,113,33
118900028,15,137,-122
118900029,40,175,-135
118900030,33,20,13
118900031,28,119,-91
118900032,12,113,-101
118900033,114,376,-262
118900034,7,1,6
118900035,60,237,-177
118900036,238,390,-152
118900037,83,141,-58
118900038,110,229,-119
118900039,54,141,-87
118900040,42,67,-25
118900041,58,165,-107
118900042,34,67,-33
118900045,66,79,-13
118900046,398,82,316
118900047,402,130,272
118900048,37,58,-21
118900049,17,21,-4
118900050,3,61,-58
118900051,48,28,20
118900052,56,70,-14
118900053,6,24,-18
118900054,30,44,-14
118900055,5,90,-85
118900056,3,34,-31
118900057,63,104,-41
118900058,62,186,-124
118900059,3,39,-36
118900060,6,53,-47
118900062,26,97,-71
118900064,235,133,102
118900065,13,46,-33
118900066,15,61,-46
118900067,4285,1736,2549
118900068,0,52,-52
118900069,72,152,-80
118900071,0,22,-22
118900072,115,163,-48
118900073,26,57,-31
118900074,16,45,-29
118900075,2,29,-27
118900076,30,27,3
118900077,24,75,-51
118900078,3,2,1
118900079,18,72,-54
118900080,0,23,-23
118900081,21,6,15
118900082,126,46,80
118900083,1,5,-4
118900084,1,3,-2
118900085,237,446,-209
118900086,6,25,-19
118900087,15,52,-37
118900088,0,12,-12
118900089,6,1,5
118900090,184,278,-94
118900091,54,52,2
118900092,26,33,-7
118900093,29,2,27
118900096,47,81,-34
118900097,64,532,-468
118900099,9,148,-139
118900100,33,67,-34
118900101,10,366,-356
118900102,3,31,-28
118900103,18,23,-5
118900104,20,51,-31
118900105,54,65,-11
118900107,105,85,20
118900108,37,73,-36
118900110,812,138,674
118900111,104,311,-207
118900112,7,41,-34
118900113,80,336,-256
118900114,4,44,-40
118900115,28,115,-87
118900116,24,78,-54
118900117,19,113,-94
118900118,60,339,-279
118900119,52,228,-176
118900120,66,243,-177
118900121,2,149,-147
118900122,2,189,-187
118900123,55,143,-88
118900124,14,111,-97
118900126,2,96,-94
118900129,38,81,-43
118900130,9,19,-10
118900131,32,181,-149
118900132,74,44,30
118900133,9,39,-30
118900135,46,127,-81
118900136,98,492,-394
118900137,0,9,-9
118900139,56,240,-184
118900140,284,682,-398
118900141,21,178,-157
118900144,113,488,-375
118900145,11,105,-94
118900146,54,443,-389
118900147,22,64,-42
118900148,13,48,-35
118900150,30,118,-88
118900152,113,601,-488
118900157,30,72,-42
118900158,6,45,-39
118900159,1,143,-142
118900161,29,1,28
118900163,95,28,67
118900164,1,50,-49
118900165,10,161,-151
118900166,7,0,7
118900167,13,102,-89
118900168,0,39,-39
118900169,29,310,-281
118900170,16,66,-50
118900171,3,28,-25
118900174,22,31,-9
118900175,50,127,-77
118900176,8,72,-64
118900177,1,15,-14
118900178,5,57,-52
118900179,0,11,-11
118900181,23,48,-25
118900182,33,17,16
118900183,11,32,-21
118900184,77,11,66
118900185,33,72,-39
118900186,30,93,-63
118900187,40,204,-164
118900188,50,169,-119
118900189,9,161,-152
118900190,5,434,-429
118900191,36,9,27
118900192,25,6,19
118900193,40,5,35
118900195,114,500,-386
118900196,9,95,-86
118900197,20,54,-34
118900198,0,15,-15
118900199,3,30,-27
118900200,1,0,1
118900201,6,3,3
118900202,3,23,-20
118900203,2,14,-12
118900204,0,16,-16
118900205,0,10,-10
118900206,0,13,-13
119000001,393,464,-71
119000002,970,919,51
119000003,472,942,-470
119000004,827,724,103
119000005,598,907,-309
119000006,755,927,-172
119000007,1249,1628,-379
119000008,837,1514,-677
119000009,2018,1404,614
119000010,5572,2438,3134
119000011,3232,961,2271
119000012,2710,1607,1103
119000013,1549,791,758
119000014,1290,2081,-791
119000019,195,99,96
119000020,502,783,-281
119000021,1226,1198,28
119000022,1858,696,1162
119000023,174,123,51
119000024,1346,2645,-1299
119000025,6914,808,6106
119000026,168,160,8
119000027,365,170,195
119000028,1164,681,483
119000029,124,174,-50
119000030,196,753,-557
119000031,372,565,-193
119000032,1414,1129,285
119000033,842,954,-112
119000034,514,648,-134
119000035,10,266,-256
119000036,402,922,-520
119000037,447,1483,-1036
119000038,76,895,-819
119000039,84,215,-131
119000040,702,266,436
119000041,459,558,-99
119000048,2415,2906,-491
119000049,637,2853,-2216
119000050,855,1527,-672
119000051,807,599,208
119000052,1480,1712,-232
119000053,1040,790,250
119000054,1316,2352,-1036
119000055,1024,2340,-1316
119000056,750,1329,-579
119000057,629,1693,-1064
119000058,783,1329,-546
119000059,417,918,-501
119000060,600,467,133
119000061,483,591,-108
119000062,571,856,-285
119000063,165,227,-62
119000064,888,1006,-118
119000065,1060,2134,-1074
119000066,889,593,296
119000067,1028,1898,-870
119000068,630,693,-63
119000069,588,1646,-1058
119000070,753,868,-115
119000071,309,579,-270
119000072,4016,2273,1743
119000073,2795,2909,-114
119000074,337,2686,-2349
119000075,325,1730,-1405
119000076,250,521,-271
119000077,436,320,116
119000078,187,293,-106
119000079,66,687,-621
119000080,36,12,24
119000081,91,324,-233
119000082,148,147,1
119000083,134,168,-34
119000084,117,456,-339
119000085,385,242,143
119000086,101,210,-109
119000087,939,573,366
119000088,143,213,-70
119000090,101,112,-11
119000091,92,128,-36
119000092,509,124,385
119000093,2383,2410,-27
119000094,948,2700,-1752
119000095,532,2105,-1573
119000097,1637,979,658
119000098,258,818,-560
119000099,1007,976,31
119000100,898,1228,-330
119000101,1507,1566,-59
119000102,497,385,112
119000103,911,339,572
119000104,1976,847,1129
119000105,289,472,-183
119000106,93,1385,-1292
119000107,157,323,-166
119000108,99,1153,-1054
119000109,46,169,-123
119000110,357,208,149
119000111,49,284,-235
119000112,201,85,116
119000113,1677,164,1513
119000114,352,235,117
119000115,105,57,48
119000116,81,57,24
119000117,43,210,-167
119000118,0,5,-5
119000123,1366,396,970
119000124,125,141,-16
119000125,614,722,-108
119000126,319,829,-510
119000127,124,702,-578
119000128,19,6,13
119000131,215,819,-604
119000132,0,3,-3
119000133,0,4,-4
119000134,1413,296,1117
119000135,33,139,-106
119000136,34,239,-205
119000137,33,401,-368
119000138,86,354,-268
119000139,63,214,-151
119000140,54,154,-100
119000284,1158,1740,-582
119000285,1878,1582,296
119000286,3578,3206,372
119000287,941,1615,-674
119000288,988,1321,-333
119000289,1504,2839,-1335
119000290,134,364,-230
119000291,2,308,-306
119000293,94,138,-44
119000294,49,13,36
119000295,1023,305,718
119000296,134,245,-111
119000302,3502,958,2544
119000303,105,44,61
119000310,0,0,0
119000314,674,2597,-1923
119000315,2,514,-512
119000316,24,91,-67
119000317,19,462,-443
119000319,53,157,-104
119900001,29,276,-247
119900002,19,193,-174
119900003,12,890,-878
119900004,141,131,10
119900005,25,98,-73
119900006,48,190,-142
119900007,212,27,185
119900008,4,9,-5
119900009,186,383,-197
119900010,720,660,60
119900011,3,21,-18
119900012,4,19,-15
119900013,696,247,449
119900014,555,155,400
119900015,25,5,20
119900016,9,79,-70
119900017,0,17,-17
119900018,763,88,675
119900019,9,2,7
119900020,35,126,-91
119900021,43,23,20
119900022,44,154,-110
119900023,523,198,325
119900025,20,22,-2
119900026,544,33,511
119900027,3,19,-16
119900028,45,8,37
119900029,0,5,-5
119900030,297,247,50
119900031,5,73,-68
119900033,1498,47,1451
119900034,98,84,14
119900037,15,15,0
119900038,25,47,-22
119900039,35,1,34
119900040,21,1,20
119900041,36,17,19
119900042,7,80,-73
119900043,9,147,-138
119900044,67,113,-46
119900046,17,60,-43
119900047,62,20,42
119900048,45,32,13
119900049,10,4,6
119900050,17,21,-4
119900051,132,4,128
119900052,3,35,-32
119900053,36,145,-109
119900054,16,0,16
119900055,264,91,173
119900057,23,46,-23
119900058,21,0,21
119900059,65,41,24
119900060,81,2,79
119900061,54,1,53
119900062,13,20,-7
119900063,6,18,-12
119900065,33,0,33
119900067,36,9,27
119900068,96,4,92
119900069,21,3,18
119900070,119,2,117
119900071,78,2,76
119900073,1187,277,910
119900074,10,7,3
119900075,3433,866,2567
119900076,106,460,-354
119900077,129,972,-843
119900078,83,621,-538
119900079,292,199,93
119900080,81,181,-100
119900081,66,114,-48
119900082,148,156,-8
119900083,110,39,71
119900084,139,33,106
119900085,117,23,94
119900086,62,775,-713
119900087,97,79,18
119900088,27,29,-2
119900089,1,381,-380
119900090,108,33,75
119900091,11,871,-860
119900092,2,278,-276
119900093,312,33,279
119900094,16,208,-192
119900095,90,47,43
119900096,19,82,-63
119900097,152,92,60
119900098,8,17,-9
119900099,9,217,-208
119900100,1929,858,1071
119900101,172,417,-245
119900102,19,331,-312
119900103,11,412,-401
119900104,6,201,-195
119900105,354,780,-426
119900106,5,182,-177
119900107,163,2647,-2484
119900108,1040,469,571
119900109,6,125,-119
119900110,164,461,-297
119900111,13,262,-249
119900112,2170,213,1957
119900113,32,436,-404
119900114,78,1108,-1030
119900115,33,1039,-1006
119900116,92,132,-40
119900117,61,853,-792
119900118,6,951,-945
119900119,22,161,-139
119900120,338,489,-151
119900121,61,1088,-1027
119900122,127,324,-197
119900123,70,108,-38
119900124,47,787,-740
119900125,20,300,-280
119900126,3885,77,3808
119900127,1876,559,1317
119900128,142,518,-376
119900129,40,534,-494
119900130,17,172,-155
119900131,9,277,-268
119900132,0,231,-231
119900133,1,16,-15
119900134,1556,155,1401
119900135,1,340,-339
119900136,100,402,-302
119900138,261,376,-115
119900139,3,73,-70
119900140,1,102,-101
119900141,46,108,-62
119900142,0,7,-7
119900143,0,181,-181
119900144,1671,99,1572
119900145,22,190,-168
119900146,94,76,18
119900147,3,64,-61
119900148,33,41,-8
119900149,1097,1173,-76
119900150,98,124,-26
119900151,659,348,311
119900152,15,323,-308
119900153,31,32,-1
119900154,11,603,-592
119900155,10,14,-4
119900156,1,2,-1
119900157,11,206,-195
119900158,16,45,-29
119900159,5,1074,-1069
119900160,5,156,-151
119900161,88,142,-54
119900162,187,226,-39
119900163,85,36,49
119900164,1,0,1
119900165,18,198,-180
119900166,6,13,-7
119900167,25,86,-61
119900168,202,262,-60
119900169,77,82,-5
119900170,59,76,-17
119900171,206,377,-171
119900172,31,9,22
119900173,2,435,-433
119900174,4,205,-201
119900175,214,406,-192
119900177,10,183,-173
119900178,6,128,-122
119900179,19,111,-92
119900180,286,366,-80
119900181,11,3,8
119900182,1,254,-253
119900183,45,771,-726
119900184,1695,256,1439
119900185,5,43,-38
119900186,7,93,-86
119900187,5,377,-372
119900188,4,186,-182
119900189,152,65,87
119900190,41,50,-9
119900191,75,49,26
119900192,4,173,-169
119900193,34,109,-75
119900194,3,20,-17
119900195,11,148,-137
119900196,987,202,785
119900197,38,63,-25
119900198,14,365,-351
119900199,99,10,89
119900200,67,335,-268
119900201,261,96,165
119900202,106,23,83
119900203,48,137,-89
119900204,55,144,-89
119900205,131,438,-307
119900206,10,82,-72
119900208,38,65,-27
119900209,132,243,-111
119900210,5,23,-18
119900211,36,4,32
119900212,25,189,-164
119900213,0,36,-36
119900214,3,68,-65
119900215,7,71,-64
119900216,7,62,-55
119900217,1,45,-44
119900218,7,62,-55
119900219,2,96,-94
119900220,23,85,-62
119900221,6,378,-372
119900222,7,261,-254
119900223,10,137,-127
119900224,7,40,-33
119900225,1121,24,1097
119900226,513,437,76
119900227,838,177,661
119900228,5,190,-185
119900229,137,242,-105
119900230,673,294,379
119900231,21,112,-91
119900232,34,23,11
119900233,7,3,4
119900234,5,8,-3
119900235,1,5,-4
119900236,8,135,-127
119900237,12,252,-240
119900238,1,51,-50
119900240,8,133,-125
119900241,81,203,-122
119900242,806,335,471
119900244,353,929,-576
119900245,16,61,-45
119900246,69,101,-32
119900247,3,32,-29
119900248,13,15,-2
119900249,77,16,61
119900253,2669,142,2527
119900254,20,112,-92
119900255,50,405,-355
119900256,88,1018,-930
119900257,13,29,-16
119900258,18,0,18
119900259,3,143,-140
119900260,16,0,16
119900261,37,163,-126
119900262,2,231,-229
119900263,507,250,257
119900264,9,226,-217
119900265,69,310,-241
119900266,54,197,-143
119900267,66,231,-165
119900268,30,155,-125
119900269,96,1065,-969
119900271,5,43,-38
119900272,47,22,25
119900275,21,3,18
119900276,8,0,8
119900277,1,2,-1
119900278,96,13,83
119900279,58,67,-9
119900280,737,86,651
119900281,1,35,-34
119900282,9,2,7
119900283,3,237,-234
119900284,12,133,-121
119900285,4,25,-21
119900286,2,7,-5
119900288,1,11,-10
119900289,0,13,-13
119900290,0,18,-18
119900291,0,14,-14
119900292,12,4,8
119900293,7,18,-11
119900294,3,41,-38
119900295,2,56,-54
119900296,3,115,-112
119900297,0,15,-15
119900298,0,2,-2
119900299,14,140,-126
119900300,42,112,-70
119900301,9,10,-1
119900302,8,17,-9
119900303,41,109,-68
119900304,21,3,18
119900305,14,45,-31
119900306,6,1,5
119900307,5,62,-57
119900308,1,2,-1
119900309,6,17,-11
119900310,154,168,-14
119900311,14,134,-120
119900312,38,75,-37
119900313,38,251,-213
119900314,21,145,-124
119900315,178,1706,-1528
119900318,11,8,3
119900319,2,233,-231
119900320,15,529,-514
119900321,12,2,10
120000001,4186,3882,304
120000002,1488,2720,-1232
120000003,2542,1653,889
120000004,2221,1947,274
120000005,3719,1674,2045
120000006,1131,1109,22
120000007,2097,1481,616
120000008,712,1133,-421
120000009,3608,864,2744
120000010,893,2709,-1816
120000011,580,1599,-1019
120000012,1015,1986,-971
120000013,1170,2154,-984
120000014,271,1153,-882
120000015,1175,1135,40
120000016,1486,1274,212
120000017,1145,978,167
120000018,3349,3438,-89
120000019,448,570,-122
120000020,1583,1204,379
120000021,1556,1070,486
120000022,2007,1941,66
120000023,445,1107,-662
120000024,998,1552,-554
120000025,983,1556,-573
120000026,478,1441,-963
120000027,642,1183,-541
120000028,387,298,89
120000029,1937,322,1615
120000030,76,452,-376
120000031,1060,2941,-1881
120000032,6931,2287,4644
120000033,1303,1120,183
120000034,558,1618,-1060
120000035,739,1658,-919
120000036,1311,2435,-1124
120000037,299,457,-158
120000038,7344,2177,5167
120000039,208,711,-503
120000040,24,78,-54
120000041,172,1389,-1217
120000042,892,3916,-3024
120000043,2076,1945,131
120000044,1469,806,663
120000045,1501,671,830
120000046,870,924,-54
120000047,965,1259,-294
120000048,5337,1937,3400
120000049,1349,1877,-528
120000050,1239,3093,-1854
120000051,2381,2407,-26
120000052,10609,1660,8949
120000053,659,3697,-3038
120000054,1099,5271,-4172
120000055,466,2947,-2481
120000056,1831,3639,-1808
120000057,974,740,234
120000058,179,101,78
120000059,49,787,-738
120000061,58,325,-267
120000062,162,142,20
120000063,1267,2246,-979
120000064,212,1439,-1227
120000065,191,1428,-1237
120000066,65,335,-270
120000067,26,338,-312
120000068,55,785,-730
120000069,286,1221,-935
120000070,29,923,-894
120000071,60,100,-40
120000072,121,343,-222
120000073,108,50,58
120000074,25,28,-3
120000075,118,135,-17
120000076,383,196,187
120000077,568,287,281
120000078,2041,280,1761
120000079,96,544,-448
120000080,87,200,-113
120000081,165,118,47
120000082,107,193,-86
120000083,75,185,-110
120000084,253,435,-182
120000085,229,426,-197
120000086,164,654,-490
120000087,68,1090,-1022
120000088,349,798,-449
120000089,315,197,118
120000090,202,309,-107
120000091,344,496,-152
120000092,485,304,181
120000093,135,374,-239
120000094,75,206,-131
120000095,332,649,-317
120000096,141,1090,-949
120000098,205,738,-533
120000099,76,573,-497
120000100,210,747,-537
120000101,323,417,-94
120000102,131,244,-113
120000103,404,253,151
120000104,448,129,319
120000105,644,151,493
120000106,606,150,456
120000107,783,234,549
120000108,223,91,132
120000109,241,26,215
120000110,48,737,-689
120000111,55,1140,-1085
120000112,347,3586,-3239
120000113,271,2434,-2163
120000114,181,1740,-1559
120000115,197,1623,-1426
120000116,303,1558,-1255
120000117,721,1303,-582
120000118,20,21,-1
120000119,17,32,-15
120000120,20,25,-5
120000121,19,39,-20
120000122,129,97,32
120000123,4621,1221,3400
120000124,189,354,-165
120000125,158,442,-284
120000126,180,258,-78
120000127,572,271,301
120000128,1435,1057,378
120000129,174,160,14
120000130,482,508,-26
120000131,131,271,-140
120000134,168,1111,-943
120000135,60,243,-183
120000137,33,1764,-1731
120000138,121,377,-256
120000139,41,754,-713
120000140,121,468,-347
120000141,61,473,-412
120000142,105,376,-271
120000143,0,72,-72
120000144,16,2,14
120000145,94,3,91
120000146,1076,349,727
120000149,251,678,-427
120000150,3748,5061,-1313
120000151,322,255,67
120000152,103,226,-123
120000153,35,406,-371
120000154,229,278,-49
120000155,91,110,-19
120000156,1047,298,749
120000157,564,376,188
120000158,365,564,-199
120000159,1416,1694,-278
120000160,1091,768,323
120000161,528,1831,-1303
120000162,35,122,-87
120000163,103,1163,-1060
120000164,101,395,-294
120000165,110,689,-579
120000166,255,410,-155
120000167,6,7,-1
120000168,0,32,-32
120000169,84,70,14
120000170,143,58,85
120000171,18,11,7
120000172,9,18,-9
120000173,2250,97,2153
120000174,503,0,503
120000175,479,6,473
120000176,130,50,80
120000177,845,362,483
120000178,114,5,109
120000179,279,7,272
120000180,320,28,292
120000181,57,33,24
120000182,61,32,29
120000183,4,126,-122
120000184,55,921,-866
120000186,18,33,-15
120000187,33,24,9
120000188,147,16,131
120000190,700,3,697
120000191,1446,12,1434
120000192,1387,7,1380
120000193,465,2,463
120000195,72,2,70
120000196,175,23,152
120000197,45,87,-42
120000198,49,100,-51
120000199,19,0,19
120000200,21,0,21
120000201,5,2,3
120000202,0,44,-44
120000203,6,314,-308
120000207,1,67,-66
120000208,6,366,-360
120000209,4,128,-124
120000210,112,95,17
120000211,17,0,17
120000212,29,0,29
120000213,19,352,-333
120000214,2,352,-350
120000215,0,73,-73
120000216,11,0,11
120000217,609,989,-380
120000218,179,1350,-1171
120000219,13,809,-796
120000220,10,2698,-2688
120000225,352,1,351
120000226,82,0,82
120000227,413,3,410
120000228,6376,1061,5315
120000230,30,1,29
120000231,207,1725,-1518
120000233,28,3,25
120000235,54,626,-572
120000236,183,1,182
120000237,3,2038,-2035
120000238,0,42,-42
120000241,682,1414,-732
120000412,1295,11,1284
120000413,57,306,-249
120000414,26,1,25
120000415,0,172,-172
120000416,9,7,2
120000417,3,110,-107
120000418,27,5,22
120000419,3,444,-441
120000420,110,34,76
120000421,10307,4296,6011
120000422,195,254,-59
120000423,0,31,-31
120000424,45,122,-77
120000436,44,235,-191
120000437,155,125,30
120000438,3718,228,3490
120000439,43,168,-125
120000443,49,0,49
120000444,236,336,-100
120000445,843,780,63
120000446,655,187,468
120000447,39,1,38
120000449,19,11,8
120000450,2,398,-396
120000451,20,160,-140
120000452,13,0,13
120000453,1,285,-284
120000454,38,119,-81
120000455,22,43,-21
120000456,2218,1425,793
120000457,712,650,62
120000458,263,566,-303
120000459,41,36,5
120000665,494,107,387
120000668,116,127,-11
120000669,36,352,-316
120000670,182,213,-31
120000671,219,112,107
120000672,58,294,-236
120900001,28,9,19
120900002,42,100,-58
120900003,154,28,126
120900004,3,16,-13
120900005,2,1390,-1388
120900006,68,106,-38
120900007,40,124,-84
120900008,55,786,-731
120900009,198,54,144
120900010,60,19,41
120900011,149,39,110
120900012,437,242,195
120900013,83,20,63
120900014,1,549,-548
120900015,85,46,39
120900016,105,21,84
120900017,2539,53,2486
120900018,20,297,-277
120900019,135,28,107
120900020,202,168,34
120900021,104,23,81
120900022,2,265,-263
120900023,27,20,7
120900024,615,334,281
120900025,1460,404,1056
120900026,26,111,-85
120900027,359,116,243
120900028,53,15,38
120900029,20,101,-81
120900030,290,200,90
120900031,25,14,11
120900032,123,89,34
120900033,162,5,157
120900034,28,925,-897
120900035,17,27,-10
120900037,19,3,16
120900038,10,44,-34
120900039,23,23,0
120900040,39,1,38
120900041,75,15,60
120900042,63,44,19
120900043,1,1,0
120900044,3,269,-266
120900045,73,32,41
120900046,79,0,79
120900047,52,17,35
120900048,35,4,31
120900049,51,1,50
120900050,2708,395,2313
120900051,64,86,-22
120900052,57,0,57
120900053,44,46,-2
120900054,708,350,358
120900055,41,0,41
120900056,86,3,83
120900057,31,3,28
120900058,76,0,76
120900059,14,3,11
120900060,3,21,-18
120900061,119,193,-74
120900062,29,0,29
120900063,100,3,97
120900064,77,1,76
120900065,52,0,52
120900066,39,188,-149
120900067,76,17,59
120900068,61,0,61
120900069,49,76,-27
120900071,5,1,4
120900072,161,0,161
120900073,73,172,-99
120900074,95,4,91
120900076,33,0,33
120900077,2019,132,1887
120900078,114,436,-322
120900079,96,71,25
120900080,109,2305,-2196
120900081,136,813,-677
120900082,286,126,160
120900083,23,3,20
120900084,47,92,-45
120900085,63,76,-13
120900086,130,63,67
120900087,68,24,44
120900088,51,74,-23
120900089,3634,487,3147
120900090,16,146,-130
120900091,157,84,73
120900092,313,630,-317
120900093,3576,167,3409
120900094,334,122,212
120900095,65,10,55
120900096,17,73,-56
120900097,311,1239,-928
120900098,139,124,15
120900099,35,63,-28
120900100,31,419,-388
120900101,137,215,-78
120900102,6,116,-110
120900103,35,98,-63
120900104,22,16,6
120900105,17,785,-768
120900106,728,394,334
120900107,329,126,203
120900108,2,932,-930
120900109,27,665,-638
120900110,6,506,-500
120900111,65,325,-260
120900112,3,1110,-1107
120900113,8,745,-737
120900114,23,205,-182
120900115,85,79,6
120900116,51,434,-383
120900117,1,484,-483
120900118,4,682,-678
120900119,3320,2632,688
120900120,14,571,-557
120900121,36,271,-235
120900122,49,506,-457
120900123,1,485,-484
120900124,4,589,-585
120900125,4,747,-743
120900126,521,475,46
120900127,5,497,-492
120900128,464,601,-137
120900129,15,379,-364
120900130,0,449,-449
120900131,7,24,-17
120900132,115,272,-157
120900133,130,815,-685
120900134,117,374,-257
120900135,1,598,-597
120900136,22,23,-1
120900137,15,57,-42
120900138,4,216,-212
120900139,7,756,-749
120900140,0,14,-14
120900141,12,60,-48
120900142,5,682,-677
120900143,2,922,-920
120900144,0,189,-189
120900145,23,760,-737
120900146,4,875,-871
120900147,0,177,-177
120900148,25,67,-42
120900149,1,318,-317
120900150,6,417,-411
120900151,3,600,-597
120900152,1,37,-36
120900153,4,41,-37
120900154,0,224,-224
120900155,65,907,-842
120900156,4,423,-419
120900157,19,197,-178
120900158,14,441,-427
120900159,40,673,-633
120900160,7,232,-225
120900161,10,1103,-1093
120900162,11,1171,-1160
120900163,4,73,-69
120900164,0,0,0
120900165,0,3,-3
120900166,16,39,-23
120900167,48,28,20
120900169,12,380,-368
120900170,1911,661,1250
120900171,721,246,475
120900172,1096,80,1016
120900173,0,25,-25
120900174,1,81,-80
120900175,263,87,176
120900176,4,92,-88
120900177,1,133,-132
120900178,0,75,-75
120900179,295,217,78
120900180,48,51,-3
120900181,16,89,-73
120900182,5,256,-251
120900183,322,48,274
120900184,88,41,47
120900185,0,214,-214
120900186,1,456,-455
120900187,72,278,-206
120900188,13,5,8
120900189,41,187,-146
120900190,0,4,-4
120900191,1,15,-14
120900192,11025,891,10134
120900194,16,46,-30
120900195,61,231,-170
120900196,229,51,178
120900197,106,15,91
120900198,78,449,-371
120900199,92,64,28
120900200,48,45,3
120900201,509,95,414
120900202,0,135,-135
120900203,12,20,-8
120900204,237,305,-68
120900205,42,58,-16
120900206,22,12,10
120900207,41,771,-730
121000001,560,683,-123
121000002,959,724,235
121000003,2496,1165,1331
121000004,1362,1460,-98
121000005,1362,1621,-259
121000006,1640,780,860
121000007,1954,1823,131
121000008,2476,1830,646
121000009,4734,2713,2021
121000010,6010,1982,4028
121000011,6818,4665,2153
121000012,10493,3328,7165
121000013,3483,3392,91
121000014,4794,3552,1242
121000015,2757,3612,-855
121000016,3480,2130,1350
121000017,924,2255,-1331
121000018,1321,1048,273
121000019,10865,5284,5581
121000020,6987,3992,2995
121000021,2127,2119,8
121000022,950,960,-10
121000023,3132,2231,901
121000024,1611,1874,-263
121000025,483,397,86
121000026,185,58,127
121000027,1019,547,472
121000028,307,293,14
121000029,398,384,14
121000030,185,169,16
121000031,257,342,-85
121000032,100,59,41
121000034,179,74,105
121000035,42,51,-9
121000036,406,520,-114
121000037,327,332,-5
121000038,271,326,-55
121000039,153,264,-111
121000041,163,344,-181
121000042,79,222,-143
121000043,493,379,114
121000044,931,383,548
121000045,130,221,-91
121000046,119,330,-211
121000047,114,154,-40
121000049,1141,685,456
121000050,157,714,-557
121000051,260,319,-59
121000052,145,334,-189
121000053,143,23,120
121000054,21,140,-119
121000055,1041,616,425
121000056,494,697,-203
121000057,118,248,-130
121000058,228,43,185
121000059,975,401,574
121000060,327,616,-289
121000061,64,76,-12
121000062,86,131,-45
121000063,372,308,64
121000064,261,382,-121
121000065,239,229,10
121000066,407,312,95
121000067,552,179,373
121000068,244,103,141
121000069,140,148,-8
121000070,1176,837,339
121000071,573,462,111
121000072,643,489,154
121000073,387,438,-51
121000074,75,121,-46
121000075,19,22,-3
121000076,458,169,289
121000077,45,36,9
121000078,39,59,-20
121000080,1765,372,1393
121000081,1399,942,457
121000082,146,205,-59
121000083,195,88,107
121000084,158,63,95
121000085,284,455,-171
121000086,107,518,-411
121000087,57,161,-104
121000088,122,265,-143
121000089,247,140,107
121000090,186,206,-20
121000091,1109,340,769
121000092,85,65,20
121000093,75,131,-56
121000094,288,207,81
121000095,130,305,-175
121000096,1575,1137,438
121000097,859,885,-26
121000098,241,845,-604
121000099,240,503,-263
121000100,305,411,-106
121000101,79,132,-53
121000102,44,372,-328
121000103,43,170,-127
121000104,74,137,-63
121000105,113,228,-115
121000106,91,190,-99
121000107,1486,2551,-1065
121000109,977,739,238
121000110,170,285,-115
121000114,1694,1465,229
121000115,502,525,-23
121000116,306,409,-103
121000117,843,193,650
121000118,715,175,540
121000119,448,262,186
121000120,150,338,-188
121000121,437,497,-60
121000123,1337,404,933
121000127,39,104,-65
121000128,336,470,-134
121000129,156,341,-185
121000130,204,603,-399
121000131,1481,695,786
121000132,605,532,73
121000135,293,97,196
121000136,1054,351,703
121000137,267,58,209
121000138,484,186,298
121000139,326,25,301
121000141,69,56,13
121000142,974,279,695
121000143,106,8,98
121000144,536,381,155
121000145,180,793,-613
121000146,489,344,145
121000147,344,277,67
121000148,372,749,-377
121000149,908,638,270
121000152,201,450,-249
121000153,969,284,685
121000154,407,217,190
121000155,544,519,25
121000156,232,463,-231
121000157,949,1152,-203
121000158,314,463,-149
121000159,101,450,-349
121000160,158,525,-367
121000161,27,227,-200
121000162,11,195,-184
121000165,964,1030,-66
121000166,23,305,-282
121000168,86,165,-79
121000169,11,121,-110
121000170,83,29,54
121000171,8,103,-95
121000172,262,309,-47
121000173,669,395,274
121000174,96,298,-202
121000175,223,314,-91
121000176,189,131,58
121000177,397,347,50
121000178,39,30,9
121000179,71,49,22
121000181,309,230,79
121000182,35,86,-51
121000183,21,35,-14
121000184,29,33,-4
121000185,8,106,-98
121000186,98,205,-107
121000187,49,246,-197
121000188,30,203,-173
121000192,373,204,169
121000193,307,250,57
121000194,1549,1246,303
121000195,318,697,-379
121000196,424,139,285
121000197,94,411,-317
121000198,65,45,20
121000199,52,344,-292
121000200,132,43,89
121000201,0,131,-131
121000202,80,38,42
121000203,264,1407,-1143
121000204,460,301,159
121000205,70,222,-152
121000206,34,22,12
121000207,698,247,451
121000208,0,257,-257
121000209,100,338,-238
121000210,103,323,-220
121000211,61,98,-37
121000212,139,485,-346
121000213,5043,1344,3699
121000214,445,644,-199
121000215,765,404,361
121000216,196,274,-78
121000217,2330,1205,1125
121000218,301,1173,-872
121000219,592,193,399
121000220,203,51,152
121000221,68,146,-78
121000222,1518,1322,196
121000223,370,161,209
121000224,231,60,171
121000225,896,418,478
121000226,1151,337,814
121000227,4,103,-99
121000228,10,637,-627
121000229,41,323,-282
121000230,36,1362,-1326
121000231,106,3,103
121000232,178,104,74
121000233,192,178,14
121000234,3,20,-17
121000235,7,13,-6
121000236,1,21,-20
121000237,4,2,2
121000238,1,45,-44
121000239,3,3,0
121000240,4,91,-87
121000241,21,5,16
121000242,6,83,-77
121000243,56,14,42
121000244,2,61,-59
121000245,2,27,-25
121000246,0,63,-63
121000247,9,1,8
121000248,178,283,-105
121000249,13,169,-156
121000250,62,65,-3
121000251,18,388,-370
121000252,26,30,-4
121000253,95,368,-273
121000254,187,171,16
121000255,99,108,-9
121000256,123,110,13
121000257,11,33,-22
121000258,18,34,-16
121000259,7,15,-8
121000260,24,85,-61
121000261,10,33,-23
121000262,629,348,281
121000263,213,341,-128
121000271,113,1205,-1092
121000273,79,8,71
121000274,3,20,-17
121000275,5,11,-6
121000276,1,4,-3
121000278,8,48,-40
121000279,12,10,2
121000280,15,31,-16
121000289,17,0,17
121000290,611,496,115
121000294,28,157,-129
121000297,551,332,219
121000299,142,153,-11
121000300,403,289,114
121000302,100,298,-198
121000303,371,190,181
121000304,205,30,175
121000305,58,33,25
121000306,21,82,-61
121000308,67,153,-86
121000309,202,330,-128
121000310,29,248,-219
121000311,73,492,-419
121000312,168,82,86
121000313,246,255,-9
121000314,95,48,47
121000315,32,49,-17
121000530,542,850,-308
121000531,640,913,-273
121000532,2560,2477,83
121000533,1449,1445,4
121000918,7,151,-144
121000919,7,30,-23
121000938,492,116,376
121000939,709,91,618
121000956,200,831,-631
121000957,1,8,-7
121000958,10,26,-16
121000959,137,820,-683
121000960,882,1540,-658
121000961,129,9,120
121000962,173,403,-230
121000963,0,0,0
121000973,0,146,-146
121000976,10,93,-83
121000979,70,15,55
121000981,164,33,131
121000982,156,165,-9
121000983,110,307,-197
121000984,8,15,-7
121000985,151,404,-253
121000986,30,228,-198
121000987,119,1009,-890
121000988,226,92,134
121001302,227,65,162
121001308,0,3,-3
121001309,56,13,43
121001313,92,271,-179
121001314,3014,2655,359
121001315,2713,819,1894
121001326,149,263,-114
121900001,31,126,-95
121900002,13,17,-4
121900003,106,3,103
121900004,38,168,-130
121900005,4,1,3
121900006,38,15,23
121900007,751,1522,-771
121900008,72,24,48
121900009,148,8,140
121900010,154,2,152
121900011,49,212,-163
121900012,1,0,1
121900013,322,3,319
121900014,478,179,299
121900015,46,117,-71
121900016,1,23,-22
121900017,118,210,-92
121900018,99,3,96
121900019,80,148,-68
121900020,26,1,25
121900021,232,1,231
121900022,78,55,23
121900023,18,163,-145
121900024,196,30,166
121900025,126,77,49
121900026,60,19,41
121900027,61,31,30
121900028,58,2,56
121900029,26,53,-27
121900030,258,249,9
121900031,400,1499,-1099
121900032,13,21,-8
121900033,50,51,-1
121900034,89,24,65
121900035,1006,761,245
121900036,28,157,-129
121900037,68,261,-193
121900038,2,38,-36
121900039,156,16,140
121900040,4,26,-22
121900041,26,45,-19
121900042,85,38,47
121900043,0,1,-1
121900044,170,8,162
121900046,82,35,47
121900047,45,21,24
121900048,3,36,-33
121900050,1,26,-25
121900051,28,56,-28
121900052,30,10,20
121900053,126,133,-7
121900054,350,353,-3
121900055,1,2,-1
121900058,30,85,-55
121900059,133,41,92
121900060,34,107,-73
121900062,45,14,31
121900063,222,91,131
121900064,85,351,-266
121900066,10,7,3
121900067,0,1,-1
121900069,140,40,100
121900070,55,38,17
121900071,29,109,-80
121900072,10,53,-43
121900073,118,62,56
121900074,267,150,117
121900075,135,97,38
121900076,110,305,-195
121900078,4,9,-5
121900079,0,0,0
121900080,160,173,-13
121900082,28,46,-18
121900084,2,130,-128
121900086,1,11,-10
121900087,95,41,54
121900088,975,770,205
121900089,19,201,-182
121900090,0,50,-50
121900091,7,41,-34
121900092,55,33,22
121900093,29,37,-8
121900094,6,1,5
121900095,91,71,20
121900096,1266,172,1094
121900097,53,62,-9
121900098,0,0,0
121900099,40,40,0
121900100,28,76,-48
121900101,30,49,-19
121900102,2,47,-45
121900103,345,84,261
121900104,476,119,357
121900105,23,20,3
121900106,0,1,-1
121900107,4,18,-14
121900108,0,0,0
121900109,173,79,94
121900110,74,599,-525
121900111,503,48,455
121900112,70,41,29
121900113,14,82,-68
121900114,2,0,2
121900117,18,7,11
121900118,1166,112,1054
121900119,28,98,-70
121900120,34,800,-766
121900121,205,34,171
121900122,3,7,-4
121900123,82,156,-74
121900124,33,123,-90
121900125,325,589,-264
121900127,2,31,-29
121900128,27,72,-45
121900129,586,43,543
121900130,48,94,-46
121900131,58,69,-11
121900132,7,49,-42
121900133,34,23,11
121900134,7,36,-29
121900135,1069,132,937
121900136,44,259,-215
121900137,15,85,-70
121900138,18,103,-85
121900139,158,163,-5
121900140,15,59,-44
121900141,5,5,0
121900142,16,49,-33
121900143,4,70,-66
121900144,151,150,1
121900145,39,51,-12
121900146,191,292,-101
121900147,32,108,-76
121900148,36,120,-84
121900149,95,373,-278
121900150,43,92,-49
121900151,33,119,-86
121900152,36,63,-27
121900153,20,275,-255
121900154,8,57,-49
121900155,0,25,-25
121900156,38,69,-31
121900157,1,211,-210
121900158,22,38,-16
121900159,0,120,-120
121900160,15,155,-140
121900161,180,126,54
121900162,50,38,12
121900163,25,467,-442
121900164,127,68,59
121900165,50,104,-54
121900166,59,90,-31
121900167,37,33,4
121900168,86,50,36
121900169,1,189,-188
121900170,1,117,-116
121900171,139,159,-20
121900172,103,104,-1
121900173,322,87,235
121900174,5,28,-23
121900175,14,86,-72
121900176,252,922,-670
121900177,36,26,10
121900178,17,62,-45
121900179,129,23,106
121900180,3204,1099,2105
121900182,171,133,38
121900183,250,156,94
121900184,28,301,-273
121900186,2,138,-136
121900187,1,36,-35
121900188,254,108,146
121900189,17,92,-75
121900190,74,217,-143
121900191,26,75,-49
121900192,235,201,34
121900193,19,92,-73
121900194,1,55,-54
121900195,67,57,10
121900196,263,285,-22
121900197,152,1050,-898
121900198,398,400,-2
121900199,3,8,-5
121900200,48,69,-21
121900201,403,461,-58
121900202,43,125,-82
121900203,57,230,-173
121900204,421,357,64
121900205,0,52,-52
121900206,3,3,0
121900207,46,8,38
121900208,50,116,-66
121900209,20,6,14
121900210,271,360,-89
121900211,114,231,-117
121900212,35,49,-14
121900213,15,41,-26
121900214,2,131,-129
121900215,23,15,8
121900216,3,30,-27
121900217,86,36,50
121900218,101,184,-83
121900220,55,3,52
121900221,77,333,-256
121900222,11,79,-68
121900223,27,20,7
121900224,5,14,-9
121900225,35,16,19
121900226,63,59,4
121900227,42,116,-74
121900228,66,80,-14
121900230,32,26,6
121900231,57,89,-32
121900232,31,178,-147
121900233,110,113,-3
121900234,78,193,-115
121900235,111,145,-34
121900236,117,72,45
121900237,90,183,-93
121900238,56,99,-43
121900239,41,18,23
121900240,120,50,70
121900241,5,38,-33
121900242,0,0,0
121900243,1,0,1
121900244,0,0,0
121900245,65,92,-27
121900246,527,161,366
121900248,514,309,205
121900250,109,104,5
121900251,108,4,104
121900252,408,63,345
121900253,98,461,-363
121900254,257,112,145
121900255,56,18,38
121900258,787,444,343
121900259,128,173,-45
121900260,8,82,-74
121900261,60,140,-80
121900262,161,246,-85
121900263,45,110,-65
121900264,1100,440,660
121900265,41,160,-119
121900266,56,110,-54
121900267,5,8,-3
121900269,39,99,-60
121900270,4,55,-51
121900271,5,58,-53
121900273,166,456,-290
121900274,30,118,-88
121900277,72,814,-742
121900278,12,386,-374
121900279,45,173,-128
121900280,33,134,-101
121900281,92,19,73
121900284,28,5,23
121900286,13,165,-152
121900287,3,6,-3
121900288,0,0,0
121900290,77,124,-47
121900291,227,291,-64
121900292,46,32,14
121900293,488,1690,-1202
121900294,96,1,95
121900295,8,108,-100
121900296,13,9,4
121900298,98,146,-48
121900299,0,0,0
121900300,7,0,7
121900301,2,0,2
121900302,0,32,-32
121900303,124,248,-124
121900304,0,0,0
121900305,0,0,0
121900306,13,1,12
121900307,6,13,-7
121900308,13,194,-181
121900309,14,116,-102
121900310,34,367,-333
121900311,118,5,113
121900312,37,10,27
121900313,89,12,77
121900314,1,18,-17
121900315,0,0,0
121900316,0,8,-8
121900317,2,0,2
121900318,1,6,-5
121900319,4,1,3
121900320,24,53,-29
121900321,4,0,4
121900322,0,21,-21
121900323,6,4,2
121900324,0,8,-8
121900325,0,0,0
121900326,0,13,-13
121900327,2,30,-28
121900328,0,14,-14
121900329,3,136,-133
121900330,0,17,-17
121900331,0,0,0
121900332,34,5,29
121900333,10,0,10
121900334,46,20,26
122000001,1490,1445,45
122000002,3463,710,2753
122000003,1288,734,554
122000004,2032,536,1496
122000005,1480,544,936
122000006,1302,212,1090
122000007,636,495,141
122000008,3261,1599,1662
122000009,334,94,240
122000010,1500,1242,258
122000011,2021,383,1638
122000012,786,499,287
122000013,1144,642,502
122000014,803,1016,-213
122000015,838,534,304
122000016,258,429,-171
122000017,579,657,-78
122000018,777,647,130
122000019,358,922,-564
122000020,124,104,20
122000021,334,185,149
122000022,578,704,-126
122000023,227,1218,-991
122000024,706,409,297
122000025,791,516,275
122000026,1417,459,958
122000027,307,2131,-1824
122000028,409,181,228
122000029,187,119,68
122000031,81,100,-19
122000032,720,1334,-614
122000033,550,403,147
122000034,216,190,26
122000035,184,344,-160
122000036,305,385,-80
122000037,190,174,16
122000038,199,234,-35
122000039,126,180,-54
122000040,574,313,261
122000041,215,313,-98
122000042,105,314,-209
122000043,54,68,-14
122000044,79,84,-5
122000045,719,316,403
122000046,269,478,-209
122000047,147,118,29
122000048,1820,1557,263
122000049,2360,1274,1086
122000050,821,321,500
122000051,256,161,95
122000052,245,127,118
122000053,116,267,-151
122000054,1410,1041,369
122000055,1421,1182,239
122000056,2572,1679,893
122000057,2135,1251,884
122000058,2716,756,1960
122000059,1973,804,1169
122000060,844,386,458
122000061,500,146,354
122000062,981,240,741
122000063,518,219,299
122000064,2102,1730,372
122000065,3413,1845,1568
122000066,438,231,207
122000067,894,590,304
122000068,411,658,-247
122000069,453,339,114
122000070,252,1193,-941
122000071,454,701,-247
122000072,51,121,-70
122000073,729,303,426
122000074,724,648,76
122000075,264,558,-294
122000076,810,595,215
122000077,804,309,495
122000078,2042,1193,849
122000079,686,335,351
122000080,438,143,295
122000081,88,103,-15
122000082,1012,382,630
122000083,576,2070,-1494
122000084,418,321,97
122000085,156,754,-598
122000086,1294,1996,-702
122000087,213,100,113
122000088,187,105,82
122000089,2654,1635,1019
122000090,87,196,-109
122000091,94,54,40
122000092,52,8,44
122000093,698,666,32
122000094,3633,924,2709
122000095,1466,763,703
122000096,1017,739,278
122000098,1507,902,605
122000099,1012,416,596
122000100,820,356,464
122000101,160,672,-512
122000102,730,542,188
122000103,729,710,19
122000104,139,78,61
122000105,127,135,-8
122000106,309,265,44
122000107,461,230,231
122000108,242,567,-325
122000109,119,137,-18
122000110,196,284,-88
122000111,1423,787,636
122000112,355,913,-558
122000113,246,401,-155
122000114,1338,816,522
122000115,1105,581,524
122000116,339,349,-10
122000117,458,177,281
122000118,270,322,-52
122000119,1920,813,1107
122000120,3564,1066,2498
122000121,4322,1128,3194
122000122,575,721,-146
122000123,2660,657,2003
122000124,895,289,606
122000125,290,372,-82
122000126,537,334,203
122000127,1529,465,1064
122000128,582,615,-33
122000129,272,240,32
122000130,1632,221,1411
122000131,1881,219,1662
122000132,1146,238,908
122000133,655,1209,-554
122000134,292,291,1
122000135,472,751,-279
122000136,218,131,87
122000137,527,395,132
122000139,744,1927,-1183
122000140,574,271,303
122000141,2602,530,2072
122000142,266,300,-34
122000143,596,111,485
122000144,2203,386,1817
122000145,919,423,496
122000146,337,445,-108
122000147,544,244,300
122000148,1271,677,594
122000149,1701,611,1090
122000150,1044,493,551
122000151,291,212,79
122000152,475,172,303
122000153,402,167,235
122000154,295,89,206
122000155,1499,1354,145
122000156,1478,1064,414
122000157,1204,669,535
122000158,154,263,-109
122000159,1164,808,356
122000160,5906,341,5565
122000161,1289,363,926
122000162,1484,961,523
122000163,178,45,133
122000164,24,52,-28
122000165,540,454,86
122000166,618,517,101
122000167,108,165,-57
122000168,141,243,-102
122000169,402,191,211
122000170,151,163,-12
122000171,23,36,-13
122000172,876,903,-27
122000173,687,1418,-731
122000174,1094,452,642
122000175,598,194,404
122000176,197,358,-161
122000177,986,945,41
122000178,1474,1116,358
122000179,1047,1688,-641
122000180,1046,496,550
122000181,1227,1273,-46
122000182,1548,411,1137
122000183,713,426,287
122000184,2369,972,1397
122000185,999,696,303
122000186,290,431,-141
122000187,890,1171,-281
122000188,318,111,207
122000189,174,198,-24
122000190,614,918,-304
122000191,422,216,206
122000192,282,139,143
122000193,175,372,-197
122000194,799,245,554
122000195,59,258,-199
122000196,533,272,261
122000197,335,281,54
122000198,230,582,-352
122000199,161,186,-25
122000200,635,280,355
122000201,1058,1131,-73
122000202,615,527,88
122000203,1715,868,847
122000204,1142,1050,92
122000205,1027,531,496
122000206,1359,652,707
122000207,958,822,136
122000208,938,1005,-67
122000209,1322,174,1148
122000210,787,1053,-266
122000211,470,715,-245
122000212,308,337,-29
122000213,538,771,-233
122000214,896,1236,-340
122000215,789,1044,-255
122000217,920,745,175
122000218,289,28,261
122000219,885,655,230
122000220,175,454,-279
122000221,56,285,-229
122000222,84,23,61
122000223,479,256,223
122000225,406,284,122
122000226,790,1118,-328
122000227,170,920,-750
122000228,224,313,-89
122000229,37,247,-210
122000230,55,604,-549
122000231,137,455,-318
122000232,256,549,-293
122000233,0,89,-89
122000234,43,109,-66
122000235,125,121,4
122000236,538,129,409
122000237,19,23,-4
122000238,142,137,5
122000239,170,38,132
122000240,441,146,295
122000241,368,238,130
122000242,154,63,91
122000243,63,36,27
122000244,16,345,-329
122000245,68,282,-214
122000246,134,90,44
122000247,267,728,-461
122000248,923,1764,-841
122000249,156,259,-103
122000250,693,223,470
122000251,224,180,44
122000252,309,30,279
122000253,58,213,-155
122000254,76,44,32
122000255,318,1527,-1209
122000256,256,990,-734
122000257,48,343,-295
122000258,20,151,-131
122000259,12,494,-482
122000261,7,178,-171
122000262,0,22,-22
122000263,47,84,-37
122000264,183,320,-137
122000265,978,437,541
122000266,2010,310,1700
122000267,29,88,-59
122000268,41,316,-275
122000269,274,162,112
122000270,200,65,135
122000271,163,589,-426
122000272,174,646,-472
122000273,83,264,-181
122000274,34,130,-96
122000275,10,109,-99
122000276,93,338,-245
122000277,319,772,-453
122000278,342,559,-217
122000279,57,530,-473
122000280,344,723,-379
122000281,270,565,-295
122000282,72,274,-202
122000283,241,34,207
122000284,50,79,-29
122000285,177,81,96
122000286,45,154,-109
122000287,313,717,-404
122000288,96,170,-74
122000291,331,271,60
122000293,224,444,-220
122000294,50,56,-6
122000295,728,93,635
122000296,69,371,-302
122000297,1784,1065,719
122000299,115,226,-111
122000300,192,299,-107
122000301,8164,1187,6977
122000302,391,258,133
122000303,2159,670,1489
122000304,6,75,-69
122000305,473,455,18
122000306,11,547,-536
122000307,44,75,-31
122000309,11,26,-15
122000310,6,8,-2
122000311,21,22,-1
122000312,52,13,39
122000313,4,17,-13
122000314,45,108,-63
122000315,30,8,22
122000316,138,136,2
122000317,349,115,234
122000318,124,148,-24
122000319,138,200,-62
122000320,426,1507,-1081
122000321,39,126,-87
122000322,1621,1129,492
122000323,1156,748,408
122000324,1093,750,343
122000325,504,555,-51
122000326,9,111,-102
122000327,90,265,-175
122000328,1231,808,423
122000330,927,392,535
122000332,104,108,-4
122000333,2,168,-166
122000337,291,2022,-1731
122000338,98,351,-253
122000340,153,133,20
122000342,1429,725,704
122000343,237,1084,-847
122000344,8,10,-2
122000345,84,25,59
122000346,145,347,-202
122000348,173,486,-313
122000349,61,549,-488
122000351,51,238,-187
122000352,800,59,741
122000353,48,70,-22
122000355,102,93,9
122000356,727,459,268
122000357,9,15,-6
122000358,0,67,-67
122000359,0,40,-40
122000360,0,49,-49
122000362,14,83,-69
122000364,31,297,-266
122000365,2,16,-14
122000366,2,6,-4
122000368,239,454,-215
122000370,6,104,-98
122000371,2,0,2
122000372,5,0,5
122000381,5,173,-168
122000382,29,215,-186
122000384,2417,1167,1250
122000385,4,0,4
122000386,161,446,-285
122000387,219,340,-121
122000388,1014,195,819
122000389,88,493,-405
122000390,233,224,9
122000391,75,25,50
122000392,114,204,-90
122000393,1,43,-42
122000394,115,152,-37
122000395,66,136,-70
122000396,127,93,34
122000397,15,93,-78
122000398,33,33,0
122000399,53,80,-27
122000400,64,211,-147
122000401,91,176,-85
122000402,55,41,14
122000403,171,840,-669
122000404,57,160,-103
122000408,766,713,53
122000503,5,32,-27
122000524,89,40,49
122000544,16,694,-678
122000614,268,102,166
122000616,389,0,389
122000640,27,195,-168
122000641,10,417,-407
122000642,713,817,-104
122000643,7,59,-52
122000644,83,29,54
122000645,67,106,-39
122000651,893,393,500
122000664,111,13,98
122000665,619,394,225
122000666,326,765,-439
122000673,24,204,-180
122000674,57,35,22
122000675,753,765,-12
122000686,129,836,-707
122000687,259,281,-22
122000688,86,532,-446
122000689,147,401,-254
122000690,255,501,-246
122000691,159,1760,-1601
122000692,394,220,174
122000693,197,1195,-998
122000695,63,368,-305
122000696,65,187,-122
122000698,33,736,-703
122000699,66,26,40
122000701,581,215,366
122000702,251,1368,-1117
122000703,90,24,66
122000712,0,0,0
122000717,179,39,140
122000718,903,413,490
122000719,41,35,6
122000720,98,152,-54
122000724,199,231,-32
122900001,4,0,4
122900002,510,737,-227
122900003,92,17,75
122900004,438,6,432
122900005,24,44,-20
122900006,392,289,103
122900007,38,13,25
122900008,382,49,333
122900009,273,67,206
122900010,95,36,59
122900012,333,124,209
122900014,52,187,-135
122900015,984,99,885
122900016,14,192,-178
122900017,435,337,98
122900018,103,10,93
122900019,10,127,-117
122900020,157,170,-13
122900021,38,268,-230
122900024,53,84,-31
122900025,4,80,-76
122900026,67,228,-161
122900027,23,412,-389
122900028,26,78,-52
122900029,1962,608,1354
122900030,749,164,585
122900031,30,102,-72
122900032,46,153,-107
122900033,151,90,61
122900034,1693,1880,-187
122900035,2,2,0
122900036,0,45,-45
122900037,197,78,119
122900038,73,1067,-994
122900039,59,219,-160
122900040,85,242,-157
122900041,134,70,64
122900042,39,138,-99
122900043,133,110,23
122900044,38,160,-122
122900045,44,72,-28
122900046,57,34,23
122900047,90,70,20
122900048,41,79,-38
122900049,1015,34,981
122900051,72,62,10
122900052,18,102,-84
122900053,8,7,1
122900055,71,35,36
122900057,136,4,132
122900061,280,46,234
122900062,149,245,-96
122900063,51,276,-225
122900064,414,349,65
122900065,75,31,44
122900066,192,187,5
122900067,996,462,534
122900069,98,543,-445
122900070,60,87,-27
122900071,48,322,-274
122900073,30,191,-161
122900074,94,421,-327
122900075,1,52,-51
122900076,0,118,-118
122900077,3,216,-213
122900078,15,4,11
122900080,27,8,19
122900081,45,44,1
122900082,234,86,148
122900083,79,58,21
122900084,1,107,-106
122900086,0,11,-11
122900087,54,397,-343
122900088,13,23,-10
122900089,26,116,-90
122900090,7,418,-411
122900091,26,1,25
122900092,9,332,-323
122900093,0,266,-266
122900094,2,145,-143
122900095,30,1,29
122900096,4,41,-37
122900097,7,2,5
122900098,73,51,22
122900099,0,1,-1
122900100,93,74,19
122900101,334,67,267
122900102,7,5,2
122900103,11,1,10
122900104,10,2,8
122900105,5,0,5
122900106,0,50,-50
122900107,1,165,-164
122900108,1,187,-186
122900109,116,405,-289
123000001,1034,229,805
123000002,3104,1376,1728
123000003,2489,1583,906
123000004,2570,2821,-251
123000005,1449,1430,19
123000006,2141,1890,251
123000007,1770,1308,462
123000008,1618,2941,-1323
123000009,2663,2149,514
123000010,2828,2646,182
123000011,1768,777,991
123000012,654,1769,-1115
123000013,2218,871,1347
123000014,1009,2559,-1550
123000015,2426,415,2011
123000016,3892,1428,2464
123000017,1518,821,697
123000018,17,64,-47
123000019,61,197,-136
123000020,45,67,-22
123000021,22,74,-52
123000022,191,396,-205
123000023,706,724,-18
123000024,673,390,283
123000025,24,39,-15
123000026,3,110,-107
123000027,103,154,-51
123000028,169,188,-19
123000029,361,173,188
123000030,41,469,-428
123000031,69,253,-184
123000032,68,172,-104
123000033,135,67,68
123000034,384,279,105
123000035,128,135,-7
123000036,96,275,-179
123000037,87,203,-116
123000038,50,148,-98
123000039,466,511,-45
123000040,661,262,399
123000041,449,282,167
123000042,443,363,80
123000043,1874,2128,-254
123000044,3320,1245,2075
123000045,6792,791,6001
123000046,490,377,113
123000047,1567,516,1051
123000048,29,187,-158
123000049,3682,1823,1859
123000050,397,578,-181
123000051,75,78,-3
123000052,358,987,-629
123000053,1469,1176,293
123000054,724,619,105
123000055,447,547,-100
123000056,744,1187,-443
123000057,9403,2754,6649
123000058,207,436,-229
123000059,181,237,-56
123000060,466,247,219
123000061,82,369,-287
123000063,587,298,289
123000064,564,125,439
123000065,4745,2196,2549
123000066,693,394,299
123000067,181,327,-146
123000068,1976,2364,-388
123000069,5039,2668,2371
123000070,148,415,-267
123000071,270,831,-561
123000072,488,1132,-644
123000073,376,597,-221
123000074,608,1544,-936
123000075,203,414,-211
123000076,249,989,-740
123000077,1428,2526,-1098
123000078,557,1308,-751
123000079,435,1341,-906
123000080,1137,1609,-472
123000081,118,371,-253
123000082,271,735,-464
123000083,389,58,331
123000084,149,576,-427
123000085,31,92,-61
123000086,81,391,-310
123000087,65,354,-289
123000088,419,821,-402
123000089,270,847,-577
123000090,718,915,-197
123000091,1050,867,183
123000092,849,874,-25
123000094,181,181,0
123000095,108,353,-245
123000096,161,269,-108
123000097,149,799,-650
123000098,287,295,-8
123000099,396,543,-147
123000100,228,293,-65
123000101,236,204,32
123000102,372,422,-50
123000104,178,180,-2
123000105,400,394,6
123000106,280,153,127
123000107,322,412,-90
123000108,690,694,-4
123000111,243,124,119
123000112,287,286,1
123000113,427,1025,-598
123000114,213,356,-143
123000115,135,209,-74
123000116,24,136,-112
123000117,879,1609,-730
123000118,195,688,-493
123000119,122,661,-539
123000120,221,627,-406
123000121,269,385,-116
123000122,293,254,39
123000123,281,340,-59
123000124,474,408,66
123000125,688,354,334
123000126,1226,836,390
123000127,1258,556,702
123000128,199,336,-137
123000129,165,95,70
123000130,136,31,105
123000131,285,243,42
123000132,268,394,-126
123000133,436,228,208
123000134,490,123,367
123000135,617,625,-8
123000136,92,905,-813
123000137,97,288,-191
123000138,28,342,-314
123000139,146,69,77
123000140,120,479,-359
123000141,494,55,439
123000142,643,651,-8
123000143,1146,1948,-802
123000144,11,10,1
123000147,101,68,33
123000149,245,219,26
123000150,178,108,70
123000151,189,287,-98
123000152,24,175,-151
123000153,84,232,-148
123000154,800,806,-6
123000155,1474,438,1036
123000156,21,52,-31
123000157,432,606,-174
123000158,477,260,217
123000159,1490,889,601
123000160,248,228,20
123000161,574,324,250
123000162,170,519,-349
123000163,95,16,79
123000164,128,23,105
123000165,72,1011,-939
123000167,1,153,-152
123000168,78,231,-153
123000169,148,30,118
123000170,31,247,-216
123000171,71,41,30
123000172,564,595,-31
123000173,250,82,168
123000174,351,110,241
123000175,578,1110,-532
123000176,176,50,126
123000177,153,820,-667
123000178,203,31,172
123000179,23,571,-548
123000180,472,134,338
123000181,112,926,-814
123000182,60,316,-256
123000183,31,53,-22
123000184,39,712,-673
123000185,119,238,-119
123000186,3,478,-475
123000187,134,1,133
123000188,64,0,64
123000189,39,170,-131
123000190,2,39,-37
123000192,5,402,-397
123000193,9,372,-363
123000194,161,128,33
123000195,214,2,212
123000196,74,2,72
123000197,28,72,-44
123000198,2,118,-116
123000199,5,350,-345
123000200,64,2,62
123000201,82,1,81
123000202,10,857,-847
123000203,173,19,154
123000204,23,959,-936
123000205,154,1564,-1410
123000206,282,47,235
123000207,168,971,-803
123000208,164,32,132
123000209,742,173,569
123000210,297,1840,-1543
123000211,338,2033,-1695
123000212,578,131,447
123000213,78,27,51
123000215,111,48,63
123000216,137,179,-42
123000217,61,18,43
123000218,32,171,-139
123000219,460,9,451
123000220,277,29,248
123000221,62,74,-12
123000222,134,303,-169
123000223,42,367,-325
123000224,238,571,-333
123000225,54,57,-3
123000226,46,266,-220
123000227,43,244,-201
123000228,69,33,36
123000229,678,1463,-785
123000232,42,427,-385
123000233,219,46,173
123000234,128,494,-366
123000235,130,177,-47
123000236,73,689,-616
123000237,137,27,110
123000238,24,427,-403
123000239,213,1420,-1207
123000240,12,135,-123
123000241,543,41,502
123000242,55,86,-31
123000243,384,704,-320
123000244,787,334,453
123000245,44,161,-117
123000249,436,432,4
123000252,255,59,196
123000253,199,117,82
123000254,223,661,-438
123000255,346,339,7
123000256,23,151,-128
123000257,1938,1584,354
123000258,456,866,-410
123000259,92,209,-117
123000260,232,377,-145
123000261,38,111,-73
123000263,72,68,4
123000264,67,47,20
123000265,46,118,-72
123000266,257,415,-158
123000267,106,133,-27
123000268,8,80,-72
123000269,52,11,41
123000270,46,14,32
123000271,33,67,-34
123000272,495,176,319
123000273,71,327,-256
123000274,427,175,252
123000275,101,739,-638
123000278,2010,1718,292
123000279,32,62,-30
123000280,161,286,-125
123000281,95,27,68
123000282,34,197,-163
123000283,19,14,5
123000284,23,94,-71
123000286,185,112,73
123000287,405,206,199
123000288,299,121,178
123000289,247,176,71
123000291,115,573,-458
123000294,145,241,-96
123000295,581,660,-79
123000296,179,390,-211
123000297,193,785,-592
123000298,213,771,-558
123000299,112,414,-302
123000300,358,350,8
123000301,34,97,-63
123000302,21,77,-56
123000303,17,72,-55
123000305,670,605,65
123000306,18,202,-184
123000309,26,56,-30
123000310,21,13,8
123000311,0,142,-142
123000312,461,766,-305
123000313,74,161,-87
123000315,42,185,-143
123000316,1087,157,930
123000317,139,28,111
123000318,38,332,-294
123000329,17,14,3
123000337,71,157,-86
123000338,218,33,185
123000339,50,304,-254
123000340,175,423,-248
123000342,4,153,-149
123000343,13,0,13
123000344,435,262,173
123000345,299,399,-100
123000346,113,53,60
123000352,1011,530,481
123000353,10,71,-61
123000354,47,0,47
123000355,1,240,-239
123000356,42,0,42
123000357,1,177,-176
123000359,1,153,-152
123000360,26,9,17
123000361,265,154,111
123000362,70,50,20
123000363,14,139,-125
123000364,246,178,68
123000365,10,126,-116
123000366,186,654,-468
123000367,118,715,-597
123000370,6,179,-173
123000371,46,4,42
123000372,67,2,65
123000373,0,237,-237
123000374,3,99,-96
123000375,77,17,60
123000376,484,469,15
123000377,77,3,74
123000378,0,262,-262
123000379,4,177,-173
123000380,29,83,-54
123000381,70,13,57
123000382,384,24,360
123000383,137,350,-213
123000384,216,32,184
123000385,207,342,-135
123000436,19,422,-403
123000507,210,257,-47
123000508,192,277,-85
123000517,176,13,163
123000518,21,150,-129
123000519,100,62,38
123000520,28,101,-73
123000521,148,55,93
123000522,131,301,-170
123000541,0,0,0
123000542,0,29,-29
123000565,135,7,128
123000566,48,664,-616
123000567,71,222,-151
123000573,22,656,-634
123000574,300,31,269
123000575,752,735,17
123000576,305,1131,-826
123000577,74,268,-194
123000578,322,73,249
123000579,3388,1399,1989
123000580,64,21,43
123000582,82,19,63
123000583,5,278,-273
123000584,71,118,-47
123000585,1,58,-57
123000586,7,0,7
123000596,378,170,208
123000597,79,102,-23
123000602,5,0,5
123000603,147,525,-378
123000604,205,795,-590
123000605,469,6,463
123000606,0,240,-240
123000609,7,268,-261
123000610,30,48,-18
123000613,33,94,-61
123000614,138,22,116
123000615,55,144,-89
123000616,349,37,312
123000617,36,339,-303
123000618,19,350,-331
123000619,428,15,413
123000620,11,331,-320
123000622,196,9,187
123000624,138,42,96
123000630,365,318,47
123000631,139,1510,-1371
123000632,864,751,113
123000633,2,154,-152
123000634,50,8,42
123000635,164,54,110
123000636,18,413,-395
123000637,210,12,198
123000638,199,53,146
123000639,530,1520,-990
123000640,13,799,-786
123000648,88,39,49
123000649,20,535,-515
123000650,16,47,-31
123000651,1,72,-71
123900001,925,39,886
123900002,11,602,-591
123900003,179,367,-188
123900005,62,38,24
123900006,46,12,34
124000001,765,85,680
124000002,50,916,-866
124000003,142,86,56
124000004,32,526,-494
124000005,266,61,205
124000006,127,1000,-873
124000007,298,41,257
124000008,7,196,-189
124000009,211,115,96
124000010,63,473,-410
124000011,229,103,126
124000012,54,615,-561
124000017,17,70,-53
124000018,46,78,-32
124000019,36,86,-50
124000020,27,147,-120
124000021,32,55,-23
124000022,78,167,-89
124000023,447,151,296
124000024,89,241,-152
124000025,516,145,371
124000026,221,303,-82
124000027,1327,334,993
124000028,1619,944,675
124000031,364,459,-95
124000032,2527,836,1691
124000033,445,196,249
124000034,825,897,-72
124000035,116,35,81
124000036,52,524,-472
124000037,149,134,15
124000038,43,62,-19
124000039,1005,123,882
124000040,465,244,221
124000041,135,58,77
124000042,51,229,-178
124000043,26,49,-23
124000044,39,214,-175
124000045,231,338,-107
124000046,103,561,-458
124000047,362,573,-211
124000048,224,1234,-1010
124000049,464,482,-18
124000050,214,1868,-1654
124000051,157,402,-245
124000052,250,1184,-934
124000053,205,567,-362
124000054,316,489,-173
124000055,578,728,-150
124000056,2411,954,1457
124000057,364,256,108
124000058,286,1129,-843
124000059,301,250,51
124000060,566,648,-82
124000061,682,1505,-823
124000062,3303,1281,2022
124000063,926,1173,-247
124000064,1774,1562,212
124000065,15,31,-16
124000066,142,29,113
124000067,90,73,17
124000068,27,69,-42
124000069,131,122,9
124000070,73,408,-335
124000071,16,30,-14
124000072,10,69,-59
124000073,144,29,115
124000074,86,601,-515
124000075,64,22,42
124000076,3,155,-152
124000077,1397,344,1053
124000078,2094,137,1957
124000079,488,434,54
124000080,140,49,91
124000081,70,625,-555
124000082,10,116,-106
124000083,33,131,-98
124000084,21,119,-98
124000085,32,25,7
124000086,101,29,72
124000088,59,142,-83
124000089,177,184,-7
124000090,69,333,-264
124000091,176,107,69
124000092,56,633,-577
124000093,52,20,32
124000094,47,207,-160
124000095,29,34,-5
124000096,26,207,-181
124000097,57,37,20
124000098,30,121,-91
124000099,39,76,-37
124000100,15,71,-56
124000101,13,92,-79
124000102,54,83,-29
124000103,13,61,-48
124000104,33,62,-29
124000105,15,27,-12
124000106,73,79,-6
124000107,5,41,-36
124000108,36,21,15
124000109,94,21,73
124000110,56,103,-47
124000111,112,89,23
124000112,275,460,-185
124000113,40,57,-17
124000114,97,444,-347
124000115,250,590,-340
124000116,56,60,-4
124000117,58,50,8
124000118,22,41,-19
124000119,511,305,206
124000120,210,417,-207
124000121,1112,328,784
124000122,367,772,-405
124000123,401,222,179
124000124,348,534,-186
124000125,241,250,-9
124000126,245,356,-111
124000127,248,233,15
124000128,386,729,-343
124000129,878,789,89
124000130,424,443,-19
124000131,531,357,174
124000132,533,543,-10
124000133,493,411,82
124000134,202,474,-272
124000135,1354,898,456
124000136,473,695,-222
124000137,803,509,294
124000138,1025,708,317
124000139,245,21,224
124000140,38,345,-307
124000141,141,12,129
124000142,23,506,-483
124000143,29,4,25
124000144,4,131,-127
124000145,31,19,12
124000146,9,101,-92
124000148,4,20,-16
124000149,371,149,222
124000150,161,347,-186
124000151,232,80,152
124000152,249,624,-375
124000153,206,230,-24
124000154,152,627,-475
124000155,469,274,195
124000156,617,623,-6
124000169,191,173,18
124000170,381,283,98
124000171,86,145,-59
124000172,206,439,-233
124000173,110,232,-122
124000174,147,476,-329
124000175,6,109,-103
124000176,2,11,-9
124000177,21,46,-25
124000178,14,6,8
124000185,6,3,3
124000186,3,33,-30
124000187,0,79,-79
124000188,7,2,5
124000190,174,27,147
124000191,288,44,244
124000192,625,166,459
124000193,171,662,-491
124000194,165,481,-316
124000195,114,313,-199
124000196,762,977,-215
124000197,33,38,-5
124000198,7,34,-27
124000201,61,738,-677
124000202,185,1,184
124000203,39,638,-599
124000204,132,4,128
124000205,26,456,-430
124000206,85,35,50
124000207,2,33,-31
124000209,76,338,-262
124000210,81,107,-26
124000211,92,0,92
124000212,0,476,-476
124000213,65,226,-161
124000214,120,638,-518
124000215,60,3,57
124000216,1,432,-431
124000329,3,756,-753
124000338,44,1509,-1465
124000339,111,26,85
124000341,174,17,157
124000344,53,56,-3
124000357,823,1289,-466
124000358,834,1062,-228
124000359,381,265,116
124000360,217,188,29
124000361,478,474,4
124000362,900,1164,-264
124000363,155,428,-273
124000364,333,774,-441
124000365,532,974,-442
124000366,1714,981,733
124000367,44,337,-293
124000368,181,115,66
124000369,37,41,-4
124000370,30,313,-283
124000402,11,10,1
124000403,12,4,8
124000404,2,70,-68
124000405,613,462,151
124000406,579,617,-38
124000407,2,20,-18
124000411,1,313,-312
124000412,80,4,76
124000413,88,22,66
124000414,16,63,-47
124000415,35,204,-169
124000416,50,329,-279
124000417,72,103,-31
124000418,26,89,-63
124000419,43,179,-136
124000420,26,63,-37
124000421,13,288,-275
124000422,20,6,14
124000423,22,17,5
124000424,5,133,-128
124000425,22,2,20
124000426,5,227,-222
124000427,21,11,10
124000428,2,16,-14
124000429,15,42,-27
124000430,139,151,-12
124000431,224,389,-165
124000432,66,624,-558
124000439,6,4,2
124000443,2,2,0
124000445,344,243,101
124000446,1935,57,1878
124000447,14,27,-13
124000448,23,6,17
124000449,16,2,14
124000450,9,324,-315
124000451,0,155,-155
124000452,249,71,178
124000453,1787,1529,258
124000454,1466,1954,-488
124900001,107,140,-33
124900002,43,311,-268
124900003,173,204,-31
124900004,106,264,-158
124900005,75,109,-34
124900006,131,238,-107
124900008,637,353,284
124900009,44,53,-9
124900010,35,15,20
124900011,85,94,-9
124900012,137,45,92
124900013,157,76,81
124900014,85,92,-7
124900015,40,55,-15
124900016,6,8,-2
124900017,378,156,222
124900018,32,2,30
124900020,5,12,-7
124900021,46,7,39
124900024,39,12,27
124900026,68,6,62
124900027,31,70,-39
124900028,296,60,236
124900030,2,69,-67
124900031,2,196,-194
124900033,49,213,-164
124900035,58,245,-187
124900036,3,71,-68
124900037,55,217,-162
124900039,0,22,-22
124900040,1,11,-10
124900042,19,31,-12
124900043,126,839,-713
124900044,19,0,19
124900045,375,360,15
124900047,611,289,322
124900050,130,285,-155
124900052,30,201,-171
124900053,69,547,-478
124900054,1166,217,949
124900055,3,131,-128
124900057,3,160,-157
124900060,1228,389,839
124900061,30,11,19
124900062,8,4,4
124900066,3,43,-40
124900067,5,310,-305
124900068,141,95,46
124900070,19,408,-389
124900072,104,16,88
124900075,56,308,-252
124900076,18,291,-273
124900077,80,132,-52
124900078,23,1,22
124900080,160,779,-619
124900081,265,150,115
124900082,345,1059,-714
124900083,179,833,-654
124900085,1677,311,1366
124900086,33,184,-151
124900087,1759,41,1718
124900088,555,77,478
124900089,1117,66,1051
124900090,59,80,-21
124900091,102,357,-255
124900092,42,303,-261
124900093,73,94,-21
124900094,47,81,-34
124900095,20,138,-118
124900096,205,41,164
124900097,95,24,71
124900098,48,194,-146
124900099,212,134,78
124900100,53,21,32
124900101,5,16,-11
124900102,48,21,27
124900103,16,197,-181
124900104,10,175,-165
124900105,40,122,-82
124900106,97,9,88
124900107,19,3,16
124900108,137,20,117
124900111,4,84,-80
124900112,154,532,-378
124900113,90,66,24
124900114,261,14,247
124900115,27,25,2
124900116,41,49,-8
124900117,468,50,418
124900118,98,69,29
124900119,93,40,53
124900120,17,194,-177
124900121,98,55,43
124900122,284,125,159
124900123,412,92,320
124900124,292,219,73
124900125,13,0,13
124900126,0,48,-48
204000001,31,29,2
204000002,7,23,-16
204000003,5,0,5
204000004,0,0,0
204000005,271,175,96
204000006,346,366,-20
204000011,10,53,-43
204000012,10,82,-72
204000019,289,303,-14
204000020,198,470,-272
204000021,1195,487,708
204000022,176,311,-135
204000023,185,1140,-955
204000031,94,20,74
204000032,471,14,457
204000034,20,263,-243
204000035,0,5,-5
204000036,3,28,-25
204000037,1,21,-20
204000038,1,32,-31
204000039,1,47,-46
204000040,2,18,-16
204000041,4,24,-20
204000042,7,16,-9
204000043,4,10,-6
204000044,2,1,1
204000045,7,5,2
204000046,7,2,5
204000057,8,38,-30
204000062,10,243,-233
204000068,32,104,-72
204000069,14,98,-84
204000070,28,107,-79
204000080,5,34,-29
204000085,466,1108,-642
204000086,1942,1372,570
204000087,32,20,12
204000088,5,94,-89
204000090,29,332,-303
204000093,149,59,90
204000096,287,417,-130
204000097,117,47,70
204000099,442,628,-186
204000100,331,459,-128
204000105,1259,874,385
204000110,510,1039,-529
204000111,276,614,-338
204000112,353,676,-323
204000113,203,568,-365
204000114,193,212,-19
204000115,150,208,-58
204000116,312,302,10
204000119,810,671,139
204000132,221,189,32
204000133,269,227,42
204000134,80,105,-25
204000135,235,70,165
204000136,101,161,-60
204000138,132,203,-71
204000140,90,71,19
204000141,56,40,16
204000144,0,8,-8
204000145,449,11,438
204000146,25,242,-217
204000147,59,110,-51
204000148,293,13,280
204000154,2,1,1
204000155,0,8,-8
204000177,24,56,-32
204000179,6,2,4
204000180,1,48,-47
204000222,7,5,2
204000235,7,8,-1
204000236,58,228,-170
204000238,15,9,6
204000240,334,30,304
204000263,324,995,-671
204000268,387,198,189
204000308,99,10,89
204000317,14,55,-41
204000322,4,32,-28
204000323,4,8,-4
204000328,178,40,138
204000329,100,72,28
204000330,160,103,57
204000331,63,138,-75
205000001,619,821,-202
205000013,6,76,-70
205000014,13,91,-78
205000015,27,182,-155
205000016,6,155,-149
205000017,20,74,-54
205000022,188,461,-273
205000025,1309,703,606
205000029,72,10,62
205000045,16,105,-89
205000046,18,423,-405
205000047,20,358,-338
205000048,65,684,-619
205000049,60,564,-504
205000050,732,208,524
205000059,3,197,-194
205000060,0,45,-45
205000061,1,14,-13
205000062,2,22,-20
205000063,9,15,-6
205000064,10,70,-60
205000065,27,489,-462
205000066,33,612,-579
205000067,12,828,-816
205000069,152,26,126
205000082,75,124,-49
205000110,45,135,-90
205000111,81,201,-120
205000112,46,40,6
205000113,151,128,23
205000121,55,24,31
205000123,30,148,-118
205000126,78,29,49
205000127,157,32,125
205000128,136,23,113
205000129,128,35,93
205000130,52,7,45
205000131,42,1,41
205000132,128,1,127
205000133,36,0,36
205000134,46,0,46
205000137,75,128,-53
205000138,209,217,-8
205000139,24,70,-46
205000144,30,25,5
205000145,140,52,88
205000151,51,9,42
205000152,52,10,42
205000153,78,10,68
205000154,13,28,-15
205000155,45,6,39
205000207,39,138,-99
205000233,5,1,4
205000234,0,0,0
205000243,0,0,0
205000244,0,4,-4
205000245,11,204,-193
205000249,0,12,-12
205000250,0,2,-2
205000264,3,83,-80
206000027,10,0,10
206000028,32,2,30
206000043,6,126,-120
206000053,9,13,-4
206000054,10,23,-13
206000055,0,42,-42
206000075,5,3,2
206000076,21,11,10
206000077,17,3,14
206000078,4,6,-2
206000079,20,1,19
206000082,272,16,256
206000100,35,420,-385
206000103,6,24,-18
206000104,14,23,-9
206000105,13,18,-5
206000106,16,27,-11
206000125,21,0,21
206000157,129,546,-417
206000170,3,249,-246
206000171,1,242,-241
206000172,6,962,-956
206000173,0,258,-258
206000174,3,144,-141
206000175,2,221,-219
206000176,9,445,-436
206000177,4,247,-243
206000178,3,175,-172
206000179,1,92,-91
206000180,22,190,-168
206000181,4,247,-243
206000182,33,291,-258
206000183,32,869,-837
206000184,4,351,-347
206000185,10,306,-296
206000186,140,1587,-1447
206000223,1,245,-244
206000226,3,3,0
206000227,24,1,23
206000237,19,339,-320
206000238,35,728,-693
206000239,503,2229,-1726
206000240,2,46,-44
206000241,1,153,-152
206000242,7,460,-453
206000243,11,465,-454
206000244,88,897,-809
206000245,263,24,239
206000246,36,11,25
206000247,66,16,50
206000248,95,10,85
206000252,71,9,62
206000258,10,25,-15
206000315,28,2,26
206000317,182,65,117
206000318,85,30,55
206000319,427,66,361
206000320,33,30,3
206000321,51,13,38
206000322,137,12,125
206000323,58,10,48
206000324,31,5,26
206000325,78,14,64
206000326,47,5,42
206000327,104,11,93
206000328,38,2,36
206000329,59,8,51
206000330,29,6,23
206000331,36,3,33
206000332,14,6,8
206000333,136,2,134
206000334,91,0,91
206000335,1,23,-22
206000361,12,185,-173
206000392,6,48,-42
206000405,83,0,83
206000441,6,6,0
206000498,22,2,20
206000515,116,13,103
206000530,50,40,10
206000531,69,49,20
206000532,887,98,789
206000535,173,2066,-1893
206000536,15,267,-252
206000537,2,144,-142
206000613,750,92,658
206000784,401,23,378
207000001,104,284,-180
207000002,40,289,-249
207000003,75,223,-148
207000007,400,268,132
207000008,42,17,25
207000009,34,31,3
207000010,323,473,-150
207000012,179,188,-9
207000015,233,1273,-1040
207000019,74,52,22
207000021,376,119,257
207000022,50,84,-34
207000023,55,33,22
207000024,5,1,4
207000025,1,53,-52
207000026,85,45,40
207000027,7,56,-49
207000028,20,174,-154
207000029,181,297,-116
207000033,158,126,32
207000034,135,44,91
207000039,146,81,65
207000040,75,136,-61
207000041,61,53,8
207000042,103,62,41
207000043,103,133,-30
207000051,47,215,-168
207000052,38,176,-138
207000053,325,526,-201
207000054,20,124,-104
207000055,64,187,-123
207000056,135,388,-253
207000057,80,209,-129
207000058,75,448,-373
207000059,42,924,-882
207000060,28,256,-228
207000061,46,90,-44
207000062,94,54,40
207000063,88,144,-56
207000064,151,139,12
207000065,164,159,5
207000066,65,98,-33
207000067,66,88,-22
207000068,56,28,28
207000069,468,242,226
207000082,28,383,-355
207000083,48,333,-285
207000084,64,126,-62
207000085,78,10,68
207000086,39,7,32
207000106,15,26,-11
207000107,21,15,6
207000108,29,3,26
207000109,31,9,22
207000110,23,28,-5
207000111,45,29,16
207000112,66,101,-35
207000114,13,12,1
207000115,12,53,-41
207000116,16,146,-130
207000117,3,97,-94
207000118,0,58,-58
207000119,9,43,-34
207000123,151,15,136
207000124,21,7,14
207000125,44,20,24
207000126,59,13,46
207000134,20,246,-226
207000135,20,242,-222
207000148,14,80,-66
207000149,64,25,39
207000152,109,332,-223
207000153,793,746,47
207000154,171,120,51
207000159,23,223,-200
207000160,45,577,-532
207000238,0,46,-46
207000242,0,94,-94
207000248,17,10,7
207000249,103,58,45
207000250,397,58,339
207000251,40,36,4
207000252,33,48,-15
207000278,47,52,-5
207000279,11,182,-171
207000280,139,57,82
207000281,54,1150,-1096
207000282,55,13,42
207000283,79,118,-39
207000284,21,30,-9
207000285,153,28,125
207000291,9,94,-85
207000304,53,49,4
207000306,24,324,-300
207000310,25,66,-41
207000353,98,2,96
207000356,2,22,-20
207000357,3,5,-2
207000358,3,9,-6
207000415,12,111,-99
207000417,7,1,6
207000418,54,98,-44
207000438,0,3,-3
207000439,792,166,626
207000446,36,3,33
207000460,8,9,-1
207000466,118,99,19
207000467,74,54,20
207000468,16,389,-373
207000476,1,71,-70
207000477,95,101,-6
207000478,1,7,-6
207000523,0,27,-27
207000524,28,0,28
207000527,98,113,-15
207000530,28,5,23
207000531,70,0,70
207000532,30,11,19
207000534,426,19,407
207000535,29,96,-67
207000537,16,80,-64
207000540,0,142,-142
207000541,1,192,-191
207000548,5,213,-208
207000549,46,5,41
207000561,50,26,24
207000562,8,151,-143
207000567,111,204,-93
207000568,30,98,-68
207000569,77,849,-772
207000584,194,72,122
207000585,30,71,-41
207000587,32,38,-6
207000616,1,201,-200
207000617,32,0,32
207000624,22,18,4
207000631,3,21,-18
207900008,75,240,-165
208000001,191,377,-186
208000002,194,356,-162
208000003,370,358,12
208000004,450,478,-28
208000005,3,2,1
208000019,173,424,-251
208000020,39,206,-167
208000021,59,303,-244
208000022,267,482,-215
208000028,646,448,198
208000033,220,418,-198
208000034,528,933,-405
208000037,205,26,179
208000040,24,90,-66
208000041,284,273,11
208000042,324,282,42
208000047,76,325,-249
208000064,1405,741,664
208000066,641,401,240
208000070,85,291,-206
208000071,94,441,-347
208000072,111,610,-499
208000080,85,223,-138
208000081,97,130,-33
208000082,135,208,-73
208000083,51,259,-208
208000084,0,7,-7
208000085,476,430,46
208000086,225,673,-448
208000087,156,511,-355
208000089,217,434,-217
208000090,307,789,-482
208000093,26,85,-59
208000094,163,357,-194
208000095,295,175,120
208000104,433,454,-21
208000105,288,559,-271
208000114,26,61,-35
208000115,246,190,56
208000116,87,517,-430
208000117,20,53,-33
208000118,53,66,-13
208000155,347,571,-224
208000158,1093,1254,-161
208000186,1249,820,429
208000204,220,569,-349
208000205,435,823,-388
208000282,1465,594,871
209000004,53,110,-57
209000005,7,13,-6
209000006,173,72,101
209000007,140,134,6
209000010,277,76,201
209000011,88,120,-32
209000012,181,236,-55
209000013,125,476,-351
209000014,493,1246,-753
209000025,88,18,70
209000026,293,51,242
209000027,189,752,-563
209000028,168,860,-692
209000029,363,753,-390
209000030,298,1251,-953
209000031,2736,1805,931
209000034,101,177,-76
209000035,85,100,-15
209000036,61,117,-56
209000037,83,171,-88
209000038,49,121,-72
209000039,34,123,-89
209000040,171,320,-149
209000041,125,232,-107
209000042,151,221,-70
209000043,412,362,50
209000044,148,297,-149
209000045,528,213,315
209000046,121,262,-141
209000047,89,110,-21
209000048,94,142,-48
209000049,43,132,-89
209000050,134,167,-33
209000051,120,287,-167
209000052,61,297,-236
209000062,18,149,-131
209000063,11,121,-110
209000064,7,107,-100
209000065,11,37,-26
209000066,20,27,-7
209000067,28,50,-22
209000080,13,119,-106
209000082,37,23,14
209000091,29,41,-12
209000093,44,23,21
209000094,96,66,30
209000110,29,25,4
209000111,294,489,-195
209000112,284,291,-7
209000113,496,232,264
209000114,142,143,-1
209000115,66,115,-49
209000116,602,362,240
209000118,1,19,-18
209000119,10,5,5
209000121,103,553,-450
209000135,27,53,-26
209000142,558,411,147
209000143,19,39,-20
209000144,14,53,-39
209000229,68,120,-52
209000240,26,368,-342
209000259,90,98,-8
209000260,23,496,-473
209000261,4,359,-355
209000262,1,321,-320
209000263,0,79,-79
209000264,1,25,-24
209000265,88,1,87
209000266,13,0,13
209000267,116,3,113
209000268,167,15,152
210000037,36,21,15
210000047,14,20,-6
210000048,15,13,2
210000049,55,15,40
210000052,24,116,-92
210000053,11,71,-60
210000054,37,88,-51
210000070,28,0,28
210000071,12,0,12
210000072,18,0,18
210000073,0,19,-19
210000074,0,73,-73
210000075,1,51,-50
210000076,1,84,-83
210000077,21,19,2
210000078,28,14,14
210000079,10,8,2
210000080,49,25,24
210000081,57,4,53
210000082,26,1,25
210000083,60,1,59
210000084,5,0,5
210000085,0,58,-58
210000086,4,83,-79
210000099,31,143,-112
210000100,34,185,-151
210000101,64,141,-77
210000105,30,103,-73
210000159,0,94,-94
210000163,131,180,-49
210000164,217,46,171
210000168,107,17,90
210000187,0,13,-13
210000188,0,14,-14
210000214,9,0,9
210000219,8,35,-27
210000220,50,44,6
210000232,3,16,-13
210000233,9,45,-36
210000234,36,101,-65
210000235,18,91,-73
210000245,0,21,-21
210000246,5,0,5
210000258,8,117,-109
210000259,84,8,76
210000282,22,99,-77
210000285,0,113,-113
210000286,4,140,-136
210000290,2,14,-12
210000295,30,98,-68
210000296,20,47,-27
210000320,79,91,-12
210000321,33,85,-52
210000338,51,82,-31
210000339,347,401,-54
210000340,76,119,-43
210000341,47,147,-100
210000342,72,152,-80
210000343,76,120,-44
210000344,100,69,31
210000345,115,56,59
210000346,41,51,-10
210000347,37,12,25
210000348,59,14,45
210000349,60,10,50
210000350,29,38,-9
210000351,42,56,-14
210000352,19,67,-48
210000353,19,88,-69
210000354,37,109,-72
210000355,33,77,-44
210000356,24,23,1
210000357,23,24,-1
210000358,227,83,144
210000359,49,36,13
210000360,76,68,8
210000361,57,98,-41
210000362,109,117,-8
210000363,608,87,521
210000364,78,33,45
210000365,49,30,19
210000366,44,25,19
210000367,23,21,2
210000368,86,6,80
210000369,8,38,-30
210000370,16,39,-23
210000372,28,19,9
210000373,18,3,15
210000374,46,11,35
210000375,8,66,-58
210000376,15,112,-97
210000404,66,85,-19
210000439,10,21,-11
210000472,67,3,64
210000482,53,32,21
210000564,453,51,402
210000567,1,19,-18
210000568,292,5,287
211000092,34,69,-35
211000094,21,5,16
211000169,157,4,153
211000172,11,152,-141
211000209,2,14,-12
211000226,10,12,-2
211000270,7,12,-5
211000275,15,25,-10
211000276,18,30,-12
211000279,4,56,-52
211000281,10,61,-51
211000302,6,56,-50
211507980,0,9,-9
211977296,0,3,-3
212000003,52,23,29
212000004,33,11,22
212000005,16,11,5
212000006,10,70,-60
212000008,57,172,-115
212000009,9,128,-119
212000012,12,42,-30
212000013,2,32,-30
212000014,103,152,-49
212000015,70,168,-98
212000016,214,404,-190
212000027,229,277,-48
212000028,122,244,-122
212000029,68,176,-108
212000030,13,17,-4
212000031,25,46,-21
212000048,9,64,-55
212000049,4,39,-35
212000050,7,5,2
212000051,75,189,-114
212000052,70,338,-268
212000053,187,477,-290
212000054,59,91,-32
212000055,58,206,-148
212000056,5,44,-39
212000057,6,13,-7
212000058,209,18,191
212000070,52,277,-225
212000077,50,587,-537
212000099,89,110,-21
212000108,66,102,-36
212000111,102,148,-46
212000120,71,101,-30
212000138,11,14,-3
212000156,1,96,-95
212000158,4,9,-5
212000159,94,44,50
212000160,175,122,53
212000161,10,4,6
212000310,5,18,-13
212000311,2,55,-53
212000374,7,9,-2
213000001,16,483,-467
213000005,176,37,139
213000006,707,71,636
213000007,38,3,35
213000009,205,96,109
213000010,73,94,-21
213000011,100,61,39
213000012,82,246,-164
213000014,15,5,10
213000015,38,1,37
213000016,59,0,59
213000017,9,0,9
213000018,1,133,-132
213000019,0,122,-122
213000020,62,155,-93
213000021,2,84,-82
213000023,89,55,34
213000033,150,364,-214
213000034,176,194,-18
213000035,51,48,3
213000045,39,165,-126
213000046,50,102,-52
213000047,240,479,-239
213000056,21,12,9
213000069,21,6,15
213000073,1,4,-3
213000074,74,361,-287
213000075,201,3,198
213000076,11,0,11
213000085,2,27,-25
213000086,5,154,-149
213000091,7,3,4
213000092,14,2,12
213000099,110,602,-492
213000100,747,100,647
213000101,56,111,-55
213000102,80,283,-203
213000103,287,550,-263
213000104,23,328,-305
213000105,1,53,-52
213000106,8,147,-139
213000107,47,527,-480
213000108,1,345,-344
213000109,1,201,-200
213000110,2,48,-46
213000111,2,22,-20
213000112,79,99,-20
213000115,12,0,12
213000116,41,394,-353
213000117,6,476,-470
213000118,168,201,-33
213000119,28,625,-597
213000120,44,512,-468
213000122,146,688,-542
213000123,454,859,-405
213000124,54,984,-930
213000125,74,12,62
213000126,24,73,-49
213000127,102,70,32
213000128,507,291,216
213000129,242,158,84
213000130,156,61,95
213000132,57,52,5
213000133,65,41,24
213000134,367,5,362
213000136,131,10,121
213000137,196,46,150
213000139,179,2,177
213000147,9,2,7
213000148,1,6,-5
213000149,6,0,6
213000150,0,33,-33
213000151,1,47,-46
213000152,0,35,-35
213000153,1,16,-15
213000154,8,197,-189
213000155,6,230,-224
213000156,21,442,-421
213000157,382,471,-89
213000158,199,337,-138
213000159,211,349,-138
213000163,207,53,154
213000165,326,59,267
213000171,4,147,-143
213000172,16,252,-236
213000173,3,190,-187
213000174,0,165,-165
213000175,6,117,-111
213000176,0,55,-55
213000177,2,15,-13
213000178,25,31,-6
213000179,61,41,20
213000180,39,34,5
213000184,32,245,-213
213000188,106,42,64
213000189,60,9,51
213000190,492,402,90
213000191,82,336,-254
213000192,60,415,-355
213000193,1093,97,996
213000194,0,9,-9
213000195,15,413,-398
213000196,63,586,-523
213000197,109,105,4
213000198,6,0,6
213000200,27,626,-599
213000201,90,76,14
213000202,4,532,-528
213000203,1583,180,1403
213000204,349,12,337
213000205,60,10,50
213000206,68,37,31
213000207,50,5,45
213000208,12,2,10
213000209,28,1,27
213000210,96,3,93
213000211,0,5,-5
213000212,0,14,-14
213000213,0,6,-6
213000218,92,708,-616
213000219,320,7,313
213000220,248,1,247
213000223,101,45,56
213000224,6,22,-16
213000225,17,3,14
213000226,10,0,10
213000227,298,99,199
213000228,59,73,-14
213000229,250,31,219
213000230,170,9,161
213000232,38,284,-246
213000233,1,18,-17
213000234,1,16,-15
213000293,4,30,-26
213000294,34,2,32
213000295,1,53,-52
213000296,41,27,14
213000297,1,52,-51
213000298,6,49,-43
213000299,33,33,0
213000300,8,2,6
213000303,0,38,-38
213000304,1,3,-2
213000305,2,10,-8
213000306,23,4,19
213000307,58,89,-31
213000308,49,158,-109
213000309,33,30,3
213000310,137,59,78
213000311,199,313,-114
213000315,23,87,-64
213000316,17,48,-31
213000322,6,45,-39
213000323,22,47,-25
213000340,59,750,-691
213000341,115,58,57
213000346,88,22,66
213000347,482,51,431
213000348,2,94,-92
213000349,30,11,19
213000350,98,859,-761
213000366,11,159,-148
213000367,65,19,46
213000379,55,128,-73
213000386,2,97,-95
213000406,60,197,-137
213000417,357,137,220
213000425,41,37,4
213000426,59,50,9
213000427,8,227,-219
213000428,10,156,-146
213000429,2,2,0
213000430,45,591,-546
213000431,33,0,33
213000432,0,0,0
213000433,5,68,-63
213000435,45,84,-39
213000439,20,9,11
213000441,0,0,0
213000443,148,155,-7
213000445,0,64,-64
213000446,1,7,-6
213000447,2,14,-12
213000448,33,76,-43
213000449,55,13,42
213000450,12,43,-31
213000451,13,36,-23
213000452,34,58,-24
213000453,16,167,-151
213000455,122,6,116
213000456,0,104,-104
213000481,16,4,12
213000482,43,1,42
213000489,235,8,227
213000491,1,51,-50
213000492,43,20,23
213000493,0,19,-19
213000494,47,82,-35
213000495,0,76,-76
213000496,82,105,-23
213000497,15,202,-187
213000498,41,162,-121
213000499,57,571,-514
213000500,80,84,-4
213000501,29,23,6
213000502,73,9,64
213000503,0,41,-41
213000504,3,137,-134
213000505,2,2,0
213000506,0,0,0
213000507,0,137,-137
213900244,5,0,5
213900245,0,23,-23
218000003,12,19,-7
218000004,4,8,-4
218000005,28,9,19
218000006,18,21,-3
218000007,4,8,-4
218000012,192,87,105
218000013,59,123,-64
218000014,399,261,138
218000019,642,318,324
218000020,272,282,-10
218000040,1,3,-2
218000046,15,175,-160
218000047,3,172,-169
218000048,41,240,-199
218000049,44,151,-107
218000050,127,238,-111
218000051,31,284,-253
218000052,1,80,-79
218000053,0,19,-19
218000054,17,20,-3
218000055,0,10,-10
218000056,5,26,-21
218000057,1,19,-18
218000064,0,3,-3
218000065,17,43,-26
218000066,4,35,-31
218000067,16,84,-68
218000068,37,96,-59
218000069,68,159,-91
218000070,124,272,-148
218000071,118,244,-126
218000072,219,174,45
218000078,331,978,-647
218000079,15,41,-26
218000080,37,89,-52
218000081,125,188,-63
218000082,26,95,-69
218000083,12,66,-54
218000084,42,187,-145
218000085,93,278,-185
218000086,28,125,-97
218000087,76,176,-100
218000090,11,31,-20
218000091,389,272,117
218000092,29,133,-104
218000093,44,65,-21
218000094,261,701,-440
218000099,167,299,-132
218000100,168,297,-129
218000101,140,131,9
218000102,128,287,-159
218000103,24,182,-158
218000104,13,35,-22
218000105,20,7,13
218000106,14,10,4
218000107,21,103,-82
218000108,2,57,-55
218000112,38,18,20
218000117,24,36,-12
218000134,168,622,-454
218000135,15,61,-46
218000136,82,20,62
218000137,43,94,-51
218000138,0,68,-68
218000139,32,270,-238
218000140,76,132,-56
218000141,15,27,-12
218000142,36,83,-47
218000143,6,92,-86
218000144,6,34,-28
218000145,113,291,-178
218000146,19,77,-58
218000151,13,9,4
218000152,25,35,-10
218000170,4,17,-13
218000171,10,5,5
218000172,8,5,3
218000173,17,10,7
218000174,10,6,4
218000176,70,10,60
218000177,149,33,116
218000178,54,49,5
218000179,50,34,16
218000180,23,13,10
218000181,53,13,40
218000187,0,8,-8
218000188,20,25,-5
218000189,9,28,-19
218000190,0,6,-6
218000191,39,123,-84
218000192,70,325,-255
218000193,173,385,-212
218000194,30,331,-301
218000195,61,61,0
218000196,145,222,-77
218000197,94,262,-168
218000198,5,129,-124
218000199,8,29,-21
218000200,26,22,4
218000201,13,9,4
218000202,94,124,-30
218000207,4,41,-37
218000208,8,24,-16
218000211,20,16,4
218000213,55,39,16
218000214,2,9,-7
218000215,15,73,-58
218000217,0,83,-83
218000218,106,36,70
218000219,18,11,7
218000220,47,174,-127
218000221,278,123,155
218000222,28,8,20
218000223,42,53,-11
218000224,1,29,-28
218000225,140,13,127
218000226,33,20,13
218000232,45,44,1
218000239,27,1,26
218000240,3,1,2
218000241,6,0,6
218000242,0,0,0
218000243,1,0,1
218000244,1,2,-1
218000245,0,0,0
218000246,0,0,0
218000247,1,0,1
218000248,0,10,-10
218000249,0,1,-1
218000250,0,10,-10
218000251,0,3,-3
218000252,0,13,-13
218000253,0,10,-10
218000254,0,28,-28
218000255,1,4,-3
218000256,0,36,-36
218000267,732,952,-220
218000268,2,43,-41
218000269,11,10,1
218000270,28,77,-49
218000271,42,61,-19
218000273,4,6,-2
218000274,10,3,7
218000275,3,15,-12
218000276,5,22,-17
218000278,6,29,-23
218000279,15,76,-61
218000280,8,51,-43
218000281,5,12,-7
218000282,289,150,139
218000284,59,8,51
218000301,12,69,-57
218000302,22,26,-4
218000303,11,45,-34
218000316,528,990,-462
218000317,379,1039,-660
218000318,183,762,-579
218000319,507,1227,-720
218000320,448,654,-206
218000338,1,19,-18
218000345,126,71,55
218000346,52,95,-43
218000459,34,229,-195
218000490,5,43,-38
218000501,16,15,1
218000502,16,126,-110
218000503,32,4,28
218000504,59,12,47
218000505,18,173,-155
218000506,24,115,-91
218000508,0,1,-1
218000510,107,9,98
218000520,41,95,-54
218000521,6,61,-55
218000522,0,105,-105
218000523,31,9,22
218000524,41,64,-23
218000525,6,6,0
218000526,41,50,-9
218000529,9,154,-145
218000531,3,27,-24
218000532,16,20,-4
218000534,45,14,31
218000537,37,48,-11
218000538,46,93,-47
218000540,149,63,86
218000543,55,36,19
218000544,30,134,-104
218000545,10,32,-22
218000546,30,77,-47
218000547,51,50,1
218000548,64,148,-84
218000549,394,85,309
218000550,376,375,1
218000551,285,174,111
218000552,527,22,505
218000553,8,61,-53
218000554,31,15,16
218000555,10,39,-29
218000556,40,273,-233
218000557,94,116,-22
218000558,14,0,14
218000559,0,16,-16
218000560,0,7,-7
218000561,18,0,18
218000562,9,90,-81
218000563,71,19,52
218000564,1,41,-40
218000565,128,6,122
218000566,181,12,169
218000567,3,37,-34
218000568,1,1,0
218000569,6,23,-17
218000570,55,5,50
218000571,1,52,-51
218000572,7,0,7
218000573,22,37,-15
218000574,128,53,75
218000575,26,0,26
218000576,0,66,-66
218000577,17,1,16
218000578,0,59,-59
218000579,33,0,33
218000581,1,21,-20
218000582,7,0,7
218000583,1,0,1
218000584,0,11,-11
218000585,3,3,0
218000586,1,34,-33
218000587,0,1,-1
218000588,0,0,0
218000589,0,0,0
218000590,1,0,1
218000591,1,1,0
218000592,0,0,0
218000593,0,0,0
218000594,0,0,0
218000597,0,0,0
218000598,0,0,0
218000599,0,0,0
218000600,0,0,0
218000601,0,0,0
218000602,0,1,-1
218000603,0,0,0
218000604,6,0,6
218000605,0,13,-13
218000606,10,0,10
218000607,6,10,-4
218000608,7,2,5
218000609,0,38,-38
218000610,38,1,37
218000611,2,1,1
218000612,0,47,-47
218000613,4,0,4
218000614,0,28,-28
218000615,23,3,20
218000616,0,99,-99
218000617,4,1,3
218000618,0,13,-13
218000619,2,5,-3
218000620,2,14,-12
218000621,0,1,-1
218000622,0,1,-1
218000623,0,0,0
218000624,0,4,-4
218000625,4,2,2
218000626,0,13,-13
218000628,43,36,7
218000631,14,24,-10
218000632,0,52,-52
218000633,10,0,10
218000634,0,7,-7
218000635,4,12,-8
218000636,365,1221,-856
218000637,290,515,-225
218000638,37,26,11
218000639,5,130,-125
218000640,70,7,63
218000641,13,215,-202
218000652,74,86,-12
218000653,111,35,76
218000663,0,63,-63
218000675,9,55,-46
218000680,138,461,-323
218000681,266,84,182
218000691,78,360,-282
218000693,74,77,-3
218000718,664,157,507
218000719,843,35,808
218000720,6,32,-26
218000721,12,6,6
218001147,2,257,-255
218001214,5,4,1
218001258,61,1,60
218001329,94,69,25
218001330,71,75,-4
218001351,8,17,-9
218001352,2,14,-12
218001353,9,9,0
218001354,5,19,-14
218001355,17,327,-310
218001356,95,10,85
218001357,16,250,-234
218001358,121,5,116
218001361,50,8,42
218001362,0,220,-220
219000001,7,72,-65
219000002,12,75,-63
219000003,23,19,4
219000004,68,30,38
219000017,43,8,35
219000020,35,5,30
219000022,66,2,64
219000023,17,0,17
219000029,1,50,-49
219000034,9,7,2
219000039,14,49,-35
219000040,20,6,14
219000041,92,26,66
219000051,1,42,-41
219000052,0,14,-14
219000053,5,235,-230
219000055,35,0,35
219000056,0,0,0
219000057,24,2,22
219000062,10,162,-152
219000063,29,10,19
219000064,0,32,-32
219000110,160,17,143
219000111,100,12,88
219000112,104,33,71
219000113,69,34,35
219000114,328,10,318
219000116,59,33,26
219000117,81,101,-20
219000118,26,58,-32
219000123,208,73,135
219000124,45,34,11
219000125,4,21,-17
219000126,38,59,-21
219000127,1,6,-5
219000128,29,75,-46
219000129,40,109,-69
219000130,878,594,284
219000131,764,678,86
219000133,19,26,-7
219000134,9,16,-7
219000135,19,36,-17
219000136,69,109,-40
219000138,36,15,21
219000139,12,46,-34
219000140,7,3,4
219000141,18,109,-91
219000142,4,106,-102
219000143,9,114,-105
219000145,4,31,-27
219000146,5,64,-59
219000147,1,58,-57
219000148,4,79,-75
219000149,27,207,-180
219000150,8,157,-149
219000151,2,88,-86
219000157,170,124,46
219000158,89,182,-93
219000161,85,10,75
219000163,1324,318,1006
219000166,55,158,-103
219000167,61,178,-117
219000168,400,77,323
219000174,175,65,110
219000175,23,1,22
219000176,19,1,18
219000177,7,3,4
219000178,6,5,1
219000179,6,1,5
219000180,42,21,21
219000182,52,6,46
219000183,13,25,-12
219000184,26,1,25
219000185,1,116,-115
219000186,7,52,-45
219000187,15,140,-125
219000189,93,112,-19
219000190,104,157,-53
219000191,1106,565,541
219000192,123,87,36
219000193,524,121,403
219000195,1,70,-69
219000196,3,130,-127
219000198,17,166,-149
219000199,83,131,-48
219000200,24,211,-187
219000201,54,181,-127
219000203,17,76,-59
219000204,137,139,-2
219000205,55,182,-127
219000207,221,140,81
219000209,17,90,-73
219000210,51,104,-53
219000213,12,180,-168
219000239,90,170,-80
219000240,116,231,-115
219000241,38,196,-158
219000242,62,157,-95
219000243,50,251,-201
219000244,7,106,-99
219000245,41,24,17
219000246,19,7,12
219000247,41,26,15
219000248,277,114,163
219000249,92,32,60
219000250,23,25,-2
219000251,216,68,148
219000252,51,50,1
219000253,61,19,42
219000255,54,48,6
219000256,64,62,2
219000257,32,1,31
219000262,61,223,-162
219000263,56,182,-126
219000267,1,166,-165
219000268,0,14,-14
219000269,1,0,1
219000270,3,0,3
219000271,32,3,29
219000278,0,16,-16
219000279,1,1,0
219000283,0,22,-22
219000295,6,93,-87
219000296,52,490,-438
219000297,24,176,-152
219000298,15,220,-205
219000299,281,23,258
219000300,17,307,-290
219000301,138,237,-99
219000302,13,185,-172
219000307,38,52,-14
219000308,61,23,38
219000311,64,44,20
219000312,157,30,127
219000313,99,17,82
219000314,83,468,-385
219000315,59,21,38
219000316,87,5,82
219000317,16,0,16
219000320,1,60,-59
219000321,1,29,-28
219000323,6,115,-109
219000325,2,26,-24
219000326,65,105,-40
219000327,44,32,12
219000328,23,31,-8
219000329,206,77,129
219000330,30,20,10
219000331,15,33,-18
219000332,31,45,-14
219000333,5,1,4
219000335,16,1,15
219000337,8,2,6
219000338,17,0,17
219000344,22,82,-60
219000345,71,139,-68
219000346,46,164,-118
219000348,35,139,-104
219000349,17,223,-206
219000350,26,64,-38
219000351,0,0,0
219000352,139,39,100
219000353,91,43,48
219000354,82,94,-12
219000355,39,44,-5
219000356,1091,238,853
219000363,198,9,189
219000364,44,6,38
219000365,63,12,51
219000366,244,76,168
219000368,260,242,18
219000370,646,140,506
219000371,10,13,-3
219000382,1,14,-13
219000383,586,460,126
219000385,487,409,78
219000386,830,904,-74
219000387,0,2,-2
219000390,4,0,4
219000391,1,0,1
219000397,66,75,-9
219000398,55,38,17
219000401,3,56,-53
219000402,6,72,-66
219000403,18,140,-122
219000404,12,48,-36
219000407,2,17,-15
219000409,11,14,-3
219000410,15,22,-7
219000411,11,15,-4
219000446,161,318,-157
219000447,0,19,-19
219000448,11,1,10
219000452,81,30,51
219000453,60,107,-47
219000454,190,111,79
219000556,69,21,48
219000558,70,255,-185
219000590,13,124,-111
219000591,9,18,-9
219000592,43,319,-276
219000595,0,20,-20
219000635,25,19,6
219000636,5,81,-76
219000657,14,12,2
219000658,14,38,-24
219000673,0,16,-16
219000676,3,2,1
219000679,6,5,1
219000684,15,1,14
219000685,1,63,-62
219000686,0,1,-1
219000688,0,87,-87
219000689,47,100,-53
219000690,103,7,96
219000691,62,65,-3
219000692,58,19,39
219000693,0,27,-27
219000694,5,0,5
219000695,4,1,3
219000698,9,1,8
219000699,0,6,-6
219000727,1,212,-211
219000728,60,2,58
219000770,9,2,7
219000771,0,20,-20
219000788,205,253,-48
219001150,0,5,-5
219001151,0,1,-1
219001166,23,2,21
219001167,0,46,-46
219001178,13,0,13
220000001,6,21,-15
220000002,10,82,-72
220000003,281,242,39
220000004,386,383,3
220000005,840,999,-159
220000006,105,691,-586
220000007,176,670,-494
220000008,129,887,-758
220000009,105,370,-265
220000010,75,88,-13
220000011,363,1372,-1009
220000012,42,95,-53
220000014,26,46,-20
220000015,21,109,-88
220000017,25,162,-137
220000018,2576,278,2298
220000019,44,183,-139
220000020,77,151,-74
220000021,229,97,132
220000022,288,342,-54
220000023,104,104,0
220000024,872,220,652
220000025,265,248,17
220000026,156,86,70
220000027,8,51,-43
220000028,18,25,-7
220000029,38,65,-27
220000030,30,65,-35
220000031,54,177,-123
220000064,6,429,-423
221000046,3,0,3
221000047,0,2,-2
221000048,0,1,-1
221000049,0,5,-5
221000050,6,0,6
221000055,30,44,-14
221000068,168,53,115
221000069,80,37,43
221000070,43,11,32
221000071,26,3,23
221000072,83,18,65
221000073,71,40,31
221000074,0,14,-14
221000075,8,16,-8
221000076,7,36,-29
221000077,35,44,-9
221000081,53,8,45
221000082,24,1,23
221000083,33,3,30
221000084,2,2,0
221000085,8,45,-37
221000086,9,70,-61
221000087,0,159,-159
221000088,12,146,-134
221000089,24,161,-137
221000090,70,322,-252
221000098,88,7,81
221000099,89,9,80
221000100,59,1,58
221000101,267,8,259
221000102,0,0,0
221000107,1,1,0
221000108,4,1,3
221000109,4,13,-9
221000110,7,105,-98
221000111,13,135,-122
221000112,4,113,-109
221000113,2,132,-130
221000114,5,162,-157
221000120,6,16,-10
221000121,1,17,-16
221000122,3,17,-14
221000123,10,21,-11
221000124,18,253,-235
221000155,47,2,45
221000156,29,12,17
221000175,0,2,-2
221000176,4,3,1
221000182,24,6,18
221000241,367,91,276
221000242,180,264,-84
221000243,245,63,182
221000244,124,285,-161
221000245,37,50,-13
221000246,19,204,-185
221000247,19,94,-75
221000248,30,154,-124
221000267,24,501,-477
221000325,33,21,12
221000331,0,29,-29
221000338,0,7,-7
221000378,112,14,98
221000381,65,94,-29
222000282,1,0,1
222000296,0,12,-12
222000568,88,11,77
222000569,72,19,53
222000570,52,8,44
222000571,60,1,59
222000577,0,184,-184
222000578,5,111,-106
222000579,12,70,-58
222000580,69,589,-520
222000599,2,96,-94
222000600,1,228,-227
222000601,7,588,-581
222000603,4,24,-20
222000604,5,15,-10
222000605,0,5,-5
222000606,1,4,-3
222000607,2,4,-2
222000608,2,10,-8
222000609,16,261,-245
222000616,36,38,-2
222000617,2,8,-6
222000618,0,1,-1
222000620,3,8,-5
222000621,4,4,0
222000623,272,1,271
222000624,106,2,104
222000625,155,37,118
222000636,13,1,12
222000686,1,6,-5
222000687,13,25,-12
222001066,44,1,43
222001067,3,0,3
222001068,4,9,-5
222001069,0,6,-6
222001082,2,32,-30
222001083,3,43,-40
222001084,0,48,-48
222001085,0,41,-41
222001111,3,169,-166
222001112,17,4,13
222001313,4,0,4
222001314,3,67,-64
222001464,38,37,1
222001465,7,162,-155
222001484,38,41,-3
222001485,20,61,-41
222001494,63,83,-20
222001495,72,323,-251
222001496,87,38,49
222001497,82,461,-379
222001502,28,76,-48
222001503,9,6,3
222001504,17,191,-174
222001505,13,0,13
222001506,22,209,-187
222001507,30,3,27
222001510,29,5,24
222001511,23,292,-269
222001514,79,16,63
222001515,132,485,-353
222001518,13,2,11
222001519,12,263,-251
222001527,25,2,23
222001528,45,110,-65
222001529,6,3,3
222001530,22,152,-130
222001533,116,264,-148
222001534,6,10,-4
222001535,46,69,-23
222001536,50,307,-257
222001537,30,1,29
222001538,23,346,-323
222001563,37,26,11
222001564,21,666,-645
222001568,41,69,-28
222001576,0,0,0
222001579,0,1,-1
222001583,5,153,-148
222001584,39,14,25
222001596,245,961,-716
222001597,382,58,324
222001626,0,137,-137
222001650,15,29,-14
222001651,21,78,-57
222001914,33,7,26
222001915,42,160,-118
222001968,232,91,141
222001969,275,577,-302
222001970,23,99,-76
222001971,3,5,-2
222001972,1,15,-14
225000001,372,50,322
225000002,187,42,145
225000003,158,69,89
225000004,98,139,-41
225000005,15,27,-12
225000006,0,70,-70
225000007,2197,747,1450
225000010,43,2,41
225000011,273,326,-53
225000012,72,206,-134
225000013,40,66,-26
225000014,357,31,326
225000015,81,174,-93
225000021,241,69,172
225000027,127,315,-188
225000032,290,41,249
225000042,28,414,-386
225000049,12,45,-33
225000050,40,1,39
225000053,3,104,-101
225000058,206,67,139
225000067,68,164,-96
225000068,73,371,-298
225000069,188,317,-129
225000070,46,355,-309
225000071,12,245,-233
225000075,16,517,-501
225000076,91,75,16
225000078,26,7,19
225000085,14,34,-20
225000086,49,10,39
225000087,106,6,100
225000088,6,123,-117
225000089,273,295,-22
225000090,15,200,-185
225000091,26,162,-136
225000092,28,66,-38
225000093,83,280,-197
225000094,7,321,-314
225000095,158,374,-216
225000096,54,252,-198
225000098,187,97,90
225000099,80,67,13
225000100,133,89,44
225000104,68,600,-532
225000110,4,560,-556
225000111,186,1304,-1118
225000112,246,1372,-1126
225000113,82,876,-794
225000114,66,448,-382
225000115,3550,580,2970
225000116,1474,76,1398
225000117,840,346,494
225000118,558,224,334
225000119,110,54,56
225000120,368,38,330
225000121,308,16,292
225000123,914,8,906
225000125,206,302,-96
225000126,1068,250,818
225000127,1278,584,694
225000128,338,408,-70
225000132,234,38,196
225000133,284,24,260
225000134,600,72,528
225000135,16,4,12
225000136,116,20,96
225000137,84,54,30
225000138,224,16,208
225000143,94,272,-178
225000144,2,588,-586
225000145,44,58,-14
225000146,42,182,-140
225000147,38,608,-570
225000148,4,324,-320
225000149,66,638,-572
225000151,52,430,-378
225000155,166,402,-236
225000156,152,768,-616
225000157,142,426,-284
225000158,60,542,-482
225000171,2,232,-230
225000180,36,0,36
225000181,2,52,-50
225000182,38,6,32
225000185,24,374,-350
225000187,80,496,-416
225000191,14,0,14
225000194,0,22,-22
225000208,0,96,-96
225000209,42,32,10
225000210,16,238,-222
225000217,2,30,-28
225000218,4,0,4
225000223,2,92,-90
225000224,82,2,80
225000225,2,8,-6
225000226,22,0,22
225000227,44,138,-94
225000228,14,8,6
225000229,0,104,-104
225000230,6,0,6
225000231,0,130,-130
225000232,44,0,44
225000241,58,0,58
225000242,0,104,-104
225000249,6,0,6
225000250,38,1256,-1218
225000251,322,22,300
226000042,488,558,-70
226000043,72,380,-308
226000044,132,1026,-894
226000045,78,742,-664
226000046,260,70,190
226000047,284,60,224
226000048,358,58,300
226000049,248,72,176
226000070,2,70,-68
226000071,0,66,-66
226000072,0,12,-12
226000073,0,4,-4
226000074,0,6,-6
226000084,2,70,-68
226000085,2,8,-6
226000086,6,8,-2
226000087,0,10,-10
226000088,12,10,2
226000090,76,28,48
226000091,8,6,2
226000092,0,2,-2
226000093,20,4,16
226000094,14,8,6
226000095,6,2,4
226000105,4,0,4
226000106,0,2,-2
226000107,2,0,2
226000108,14,0,14
226000109,82,0,82
226000124,132,44,88
226000134,430,386,44
226000135,854,614,240
226000136,202,346,-144
226000137,12,668,-656
226000138,22,418,-396
226000139,0,46,-46
226000156,68,4,64
226000157,114,16,98
226000163,64,250,-186
226000202,0,642,-642
226000231,222,24,198
226000232,30,16,14
227000033,384,80,304
227000036,280,48,232
227000037,132,18,114
227000038,222,20,202
227000049,0,14,-14
227000050,0,92,-92
227000055,16,0,16
227000056,2,0,2
227000084,0,56,-56
227000085,0,46,-46
227000088,58,2,56
227000089,84,0,84
227000090,34,4,30
227000091,20,0,20
227000093,50,0,50
227000094,6,0,6
227000130,54,100,-46
227000131,14,468,-454
227000132,16,468,-452
227000133,6,454,-448
227000134,18,748,-730
227000152,0,2,-2
227000153,4,98,-94
227000155,2,22,-20
227000156,0,14,-14
227000165,2,28,-26
227000196,128,470,-342
227000199,104,526,-422
227000230,36,456,-420
227000232,208,8,200
227000242,66,684,-618
227000243,486,54,432
227000245,48,664,-616
227000246,92,690,-598
227000247,342,90,252
227000248,122,70,52
227000249,50,476,-426
227000250,650,298,352
227000251,242,712,-470
227000252,16,688,-672
227000253,98,50,48
227000262,344,26,318
227000266,488,28,460
227000267,114,2164,-2050
227000282,14,254,-240
227000284,144,18,126
227000286,6,84,-78
227000287,8,154,-146
227000291,2,580,-578
227000484,534,22,512
227000485,26,448,-422
227000655,58,6,52
227000656,586,18,568
227000657,38,26,12
227000661,228,4,224
227000680,196,148,48
229000265,6,20,-14
229000296,2,22,-20
229000297,8,32,-24
229000298,2,108,-106
229000320,6,6,0
229000321,6,0,6
229000412,12,46,-34
229000414,2,30,-28
229000415,0,0,0
229000416,0,8,-8
229000417,0,34,-34
229000419,88,212,-124
229000440,184,64,120
229000442,6,0,6
229000443,4,0,4
229000444,0,10,-10
229000445,8,4,4
229000446,22,14,8
229000847,22,2,20
229000848,10,0,10
229000849,74,0,74
229000851,20,2,18
229000854,0,78,-78
229000856,2,178,-176
229000857,0,40,-40
229000858,0,184,-184
229000919,6,162,-156
229000930,18,294,-276
229000937,132,34,98
229000966,52,40,12
229000981,16,82,-66
229000985,0,18,-18
229000986,0,4,-4
229000987,0,2,-2
229000988,0,6,-6
229000989,0,8,-8
229000990,0,0,0
229000991,0,2,-2
229000992,8,0,8
229000993,118,8,110
229000998,52,54,-2
229000999,94,10,84
229001034,2,12,-10
229001035,4,0,4
229001037,20,8,12
229001042,4,6,-2
229001047,2,34,-32
229001050,44,66,-22
229001200,2,0,2
229001338,0,22,-22
229001394,386,6,380
229001422,236,32,204
229001423,62,272,-210
229001431,74,64,10
229001432,64,100,-36
229001444,60,70,-10
229001445,24,160,-136
229001503,158,124,34
229001504,90,404,-314
229001505,168,94,74
229001506,46,390,-344
229001509,16,40,-24
229001545,106,6,100
229001546,8,130,-122
229001553,58,6,52
229001554,6,208,-202
229001559,0,26,-26
229001560,6,10,-4
229001630,46,4,42
229001631,16,54,-38
229001635,0,4,-4
229001636,0,0,0
229001658,10,156,-146
229001659,170,8,162
229001660,0,4,-4
229001661,0,6,-6
229001662,46,4,42
229001663,0,36,-36
229002584,76,80,-4
229002831,84,58,26
229002841,2,42,-40
229002842,20,22,-2
229002843,16,20,-4
229002844,6,34,-28
229002845,2,82,-80
229002846,8,26,-18
229002847,2,12,-10
229002848,0,4,-4
229002849,2,38,-36
229002850,2,2,0
229002851,20,116,-96
229002852,24,40,-16
229002853,32,18,14
229002854,28,40,-12
229002855,20,96,-76
229002856,10,26,-16
229002857,0,54,-54
229002858,4,2,2
229002859,4,36,-32
229002860,22,4,18
229002861,92,12,80
229002862,0,18,-18
229002863,0,14,-14
229002864,2,10,-8
229002865,0,2,-2
229002866,2,12,-10
229002867,0,2,-2
229002868,0,10,-10
229002869,6,138,-132
229002870,10,14,-4
235000066,304,94,210
235000067,82,146,-64
235000072,34,52,-18
235000073,92,248,-156
235000074,20,128,-108
235000080,4,88,-84
235000081,56,244,-188
235000082,172,150,22
235000083,122,100,22
235000084,6,34,-28
235000085,84,28,56
235000089,22,110,-88
235000092,4,154,-150
235000093,0,4,-4
235000097,40,8,32
235000098,74,28,46
235000099,72,36,36
235000116,42,24,18
235000117,942,26,916
235000133,6,230,-224
235000134,16,90,-74
235000206,0,0,0
235000207,0,4,-4
235000208,0,2,-2
235000209,2,0,2
235000210,4,2,2
235000212,8,18,-10
235000213,2,4,-2
235000220,2,2,0
235000221,28,12,16
235000238,8,18,-10
235000239,0,2,-2
235000242,158,298,-140
235000245,1750,306,1444
235000246,22,82,-60
235000284,2,94,-92
235000295,8,2,6
235000305,32,2,30
235000306,36,0,36
235000307,0,0,0
235000308,0,0,0
235000309,18,0,18
235000310,10,0,10
235000311,42,8,34
235000322,2,62,-60
235000323,2,56,-54
235000324,0,6,-6
235000325,0,14,-14
235000326,8,412,-404
235000351,2,72,-70
235000352,16,62,-46
235000353,0,28,-28
235000354,0,64,-64
235000355,0,94,-94
235000356,14,6,8
235000357,44,6,38
235000358,10,2,8
235000359,4,2,2
235000360,12,6,6
235000361,8,2,6
235000381,56,668,-612
235000382,166,52,114
235000390,12,6,6
235000391,56,50,6
235000392,118,208,-90
235000393,90,74,16
235000395,48,32,16
235000396,234,74,160
235000400,38,116,-78
235000401,12,292,-280
235000405,108,748,-640
235000406,50,436,-386
235000407,82,182,-100
235000409,478,296,182
235000410,30,296,-266
235000411,0,108,-108
235000485,0,4,-4
235000486,2,0,2
235000549,34,82,-48
235000550,64,246,-182
235000599,46,76,-30
235000600,8,12,-4
235000601,28,24,4
235000602,76,106,-30
235000614,0,0,0
235000648,0,30,-30
235000649,26,0,26
235000685,0,4,-4
235000815,6,26,-20
235000834,0,2,-2
235000855,90,44,46
235000862,18,310,-292
235000891,2,10,-8
235000892,10,0,10
235000901,92,80,12
235000907,12,24,-12
235001010,6,54,-48
235001029,826,484,342
235001030,526,202,324
235001078,64,100,-36
235001079,86,196,-110
235001147,22,26,-4
235001166,16,96,-80
235001167,4,66,-62
235001169,32,288,-256
235001188,0,22,-22
235001189,0,0,0
235001197,8,42,-34
235001200,28,18,10
235001207,242,84,158
235001210,58,612,-554
235001215,42,412,-370
235001239,0,32,-32
235001244,0,2,-2
235016267,0,42,-42
277102712,0,0,0
277103813,0,0,0
277103814,0,0,0
277104249,0,12,-12
277104250,0,10,-10
277104251,0,10,-10
277104252,0,2,-2
990011530,0,336,-336
990014944,0,638,-638
990015176,12,14,-2
990015618,0,42,-42
990016032,4,426,-422
990032570,0,60,-60
990070001,92,30,62
990070103,0,6,-6
990070601,0,62,-62
990070751,226,2,224
990070766,2,1290,-1288
990071180,252,178,74
990071343,16,0,16
990071387,0,4,-4
990071823,8,2,6
990072600,0,624,-624
990072964,2,906,-904
990073285,0,8,-8
990074393,4,1322,-1318
990074870,272,10,262
990075106,170,4,166
990075746,80,4,76
990076437,232,14,218
990076458,12,2552,-2540
997000007,96,8,88
997000041,0,200,-200
997000058,16,6,10
997000062,40,8,32
997000069,0,4,-4
997000070,0,108,-108
997000100,0,0,0
997000141,0,200,-200
997000198,594,218,376
998000475,0,20,-20
998000736,0,386,-386
998000965,0,0,0
998001031,0,66,-66
998001700,0,32,-32
998001899,0,0,0
998001900,2,0,2
998003073,480,10,470
998101900,0,0,0
998102850,0,62,-62
998501927,240,344,-104
998501929,132,6,126
998501930,44,2,42
998501931,38,0,38
998501932,8,0,8
998501933,18,8,10
998501937,2,0,2
998501944,0,0,0
998501950,0,6,-6
998501970,14,0,14
998501971,0,60,-60
998501973,0,72,-72
998501974,2,258,-256
998501975,66,0,66
998501976,44,0,44
998501977,0,32,-32
998501978,4,0,4
998501979,0,4,-4
998501980,134,2,132
998501981,34,2,32
998501982,0,40,-40
998501983,0,2,-2
998502006,0,0,0
998502024,0,0,0
998502032,0,2,-2
998502062,50,66,-16
998502063,0,0,0
998502173,58,0,58
998502269,0,2,-2
998502546,0,128,-128
998502578,0,0,0
998502599,78,152,-74
998502621,0,0,0
998601159,2,412,-410
998601292,2,16,-14
999033574,4,1070,-1066
999800001,20,2,18
999800002,0,2,-2
999800003,0,4,-4
999800004,0,12,-12
999800005,0,2,-2
